Number: 2641
Error: 4.073058045014549e-06
A1: [-1.0892872029812452e-05, -1.0541888837158636e-05, -8.951804961544052e-06, -1.0670119201400183e-05] - [0.20830230539400582, 0.333302126392263, -0.04169250951330524, -3.0046484344150687e-05] - [0.16665332842432162, 0.6666538441351677, 0.16665588913622478, -1.3063398484837121e-05] - [-5.016911206718525e-06, -4.478865410337371e-06, -3.940609382077188e-06, -5.012635507181085e-06]
A2: [0.1666896098559572, -0.16664299370873983, 2.4007666506304855e-05, 2.2896041781642808e-05] - [0.16669458823282854, 0.3333621965666686, 2.8433031400948008e-05, 2.7736711169703944e-05] - [0.16665178985763915, 0.8333180142057444, -1.6035329364742312e-05, -1.4922089068388563e-05] - [1.4181753031331639e-05, 1.4615202604976463e-05, 1.5008036869689221e-05, 1.4181750664541256e-05]
B1: 0.1666271544367164 - 0.6665737414958127 - 0.1666727592744114 - -1.3197431034914429e-05
B2: 0.16661817794797296 - 0.6665955561034786 - 0.16658234370315914 - -4.734012962905466e-05
