Number: 529
Error: 2.896696091090297e-06
A1: [-3.5626437898833943e-06, -2.8570962963131094e-06, -1.9041638565427547e-06, -3.517188421814796e-06] - [0.20832118793481846, 0.3333237605895053, -0.04167255981352402, -1.1945168017049663e-05] - [0.16666242085196065, 0.6666631909698708, 0.16666426659711644, -4.189777528633309e-06] - [-9.981706539556145e-07, -8.908906990253043e-07, -7.835436237802404e-07, -9.973158526079103e-07]
A2: [0.16667746325903313, -0.16665563455154572, 1.1171530479297329e-05, 1.0787202255433068e-05] - [0.16669445431108518, 0.33336165410935287, 2.8517954641353406e-05, 2.7750851155335405e-05] - [0.16666859222099603, 0.8333352534517611, 1.8461957020169687e-06, 1.9165484355695787e-06] - [2.845869635189501e-06, 2.9328199169974367e-06, 3.0116124232637372e-06, 2.8458680247425537e-06]
B1: 0.1666482469115776 - 0.6666524832979676 - 0.16668724018006464 - -1.3068774197595522e-05
B2: 0.16664296789075 - 0.6666346997085446 - 0.16663033676251576 - -2.346513825955541e-05
