Number: 3046
Error: 6.507650464845521e-06
A1: [-6.5820902218304845e-06, -6.984411680498346e-06, -5.957686478547138e-06, -6.330382090863098e-06] - [0.2083251722350316, 0.33332139918342335, -0.04167598105313766, -7.0529268190071335e-06] - [0.1666590925206583, 0.6666587137141956, 0.16666009856975872, -7.263838444384024e-06] - [-5.788097929362985e-06, -5.167370669041642e-06, -4.5464273904236256e-06, -5.78316950480967e-06]
A2: [0.16666310397991635, -0.16667027798427256, -4.030259242438172e-06, -3.617100051824782e-06] - [0.16658228549312726, 0.3332465487083166, -9.043809186487881e-05, -8.459452564289676e-05] - [0.16662123872416187, 0.8332865407397974, -4.839234407545672e-05, -4.548020597462686e-05] - [1.6352064268045176e-05, 1.6851850374517898e-05, 1.7304814816644264e-05, 1.6352062896626216e-05]
B1: 0.16668828815877454 - 0.6665393994401065 - 0.1665662919544874 - 5.111400767069581e-05
B2: 0.16667790098951749 - 0.6666737834018992 - 0.1666775963781542 - 1.2558997523606547e-05
