Number: 37
Error: 2.598068615602703e-06
A1: [-2.038058387184492e-06, -1.2623689108181195e-06, -4.703508703849668e-07, -2.0337336169914077e-06] - [0.2083248437599694, 0.33332800782441624, -0.04166875466437263, -8.470627742189564e-06] - [0.16666435119163692, 0.6666651682867322, 0.16666600573942617, -2.310240273367134e-06] - [-6.189538309231838e-08, -5.4956594115478996e-08, -4.801284742674999e-08, -6.184257407084496e-08]
A2: [0.16667464929295298, -0.16665856078319488, 8.202646041436155e-06, 7.982033344101178e-06] - [0.16669453991579614, 0.33336165395739037, 2.867307453001527e-05, 2.787094696277835e-05] - [0.16667254870459963, 0.8333393135301813, 6.057596624905316e-06, 5.881479868045809e-06] - [2.04436280412469e-07, 2.1064588826058186e-07, 2.1627004392633613e-07, 2.0443620169951465e-07]
B1: 0.16665219817480928 - 0.6666699978265777 - 0.1666899153286513 - -1.399983120725858e-05
B2: 0.1666506423547524 - 0.6666451358294303 - 0.16664221524413725 - -1.6003833993010085e-05
