Number: 1866
Error: 7.15629970649516e-06
A1: [-2.4760735777962924e-06, -2.679409363595001e-06, -2.0077446384081384e-06, -2.3234278851239352e-06] - [0.20833576466300754, 0.33333353271651756, -0.04166478488183904, 3.1029897051476107e-06] - [0.1666641843465101, 0.6666639484768372, 0.16666479261896106, -2.294258643795696e-06] - [-3.542390244166987e-06, -3.162401535871104e-06, -2.782233205376678e-06, -3.5393658988378195e-06]
A2: [0.16665632547566445, -0.16667733299326956, -1.1194675043828735e-05, -1.0374495340871516e-05] - [0.16658223538132944, 0.3332462689184131, -9.036842267241231e-05, -8.456185064940579e-05] - [0.1666306316863575, 0.8332961774731081, -3.83969676893436e-05, -3.6066957886411476e-05] - [1.0019513631063554e-05, 1.0325737684116763e-05, 1.0603256180679438e-05, 1.0019510387502434e-05]
B1: 0.16670027254589956 - 0.6665836059912379 - 0.16657461111832264 - 5.138592771992331e-05
B2: 0.1666914535877307 - 0.6666953903767049 - 0.1667041830587125 - 2.5600038322229178e-05
