Number: 321
Error: 2.7741059119413033e-06
A1: [-2.8605669387514287e-06, -2.121754399817347e-06, -1.2332385202437433e-06, -2.832555315174253e-06] - [0.20832296617628082, 0.3333258032940001, -0.04167068957120521, -1.0243790815411372e-05] - [0.16666329556520343, 0.66666408913823, 0.16666506767083153, -3.3365975977512623e-06] - [-6.023453495112281e-07, -5.374881566412882e-07, -4.7258855906970757e-07, -6.018293310774369e-07]
A2: [0.16667627379532868, -0.1666568721963082, 9.915131379388924e-06, 9.601457269151521e-06] - [0.1666944760312425, 0.333361637364969, 2.8564670205124125e-05, 2.7787151545295474e-05] - [0.16667025747449435, 0.8333369621160701, 3.618464807911078e-06, 3.5853731367628383e-06] - [1.7291890422288016e-06, 1.7820057963198501e-06, 1.8298656717613608e-06, 1.7291880291911152e-06]
B1: 0.16665000392291243 - 0.6666599509783235 - 0.1666884110338673 - -1.3376198496595952e-05
B2: 0.16664579947067196 - 0.6666388801311957 - 0.16663531913096846 - -2.0723663797172947e-05
