Number: 1437
Error: 3.4094059808815233e-06
A1: [-6.6863335281839666e-06, -6.131318503809544e-06, -4.902528192810627e-06, -6.564675806943922e-06] - [0.2083131828041116, 0.33331458009043025, -0.0416810084013786, -1.9614528716359836e-05] - [0.1666585403016196, 0.6666592029372722, 0.16666069727335334, -7.976275109227685e-06] - [-2.726027344778313e-06, -2.4335510273727244e-06, -2.140922711039724e-06, -2.72369767975368e-06]
A2: [0.16668269047034592, -0.16665019528646988, 1.669430608690983e-05, 1.5998180434629005e-05] - [0.16669452224291723, 0.33336189620409284, 2.8488843917790226e-05, 2.7755131840099596e-05] - [0.16666136892354705, 0.8333278420355854, -5.841626417307579e-06, -5.322341168216041e-06] - [7.720004172548116e-06, 7.95594112329642e-06, 8.169756138584487e-06, 7.720001019826998e-06]
B1: 0.16663932146076338 - 0.6666187723905327 - 0.16668115864709235 - -1.2981208017783598e-05
B2: 0.1666319812440571 - 0.6666176307171725 - 0.16660955751012144 - -3.405843609367554e-05
