Number: 1490
Error: 7.365123767574206e-06
A1: [-1.1512754544912787e-06, -1.2902919071551872e-06, -7.308667600748055e-07, -1.0302137285949955e-06] - [0.20833920591793118, 0.3333374686797652, -0.041661143999153924, 6.40508313422508e-06] - [0.16666582342177363, 0.666665634011282, 0.16666630673979854, -6.941576006393299e-07] - [-2.8267546360249726e-06, -2.523476841705852e-06, -2.220043338926327e-06, -2.824339195510208e-06]
A2: [0.16665416352509366, -0.16667958318982415, -1.3479866637583278e-05, -1.2529719610248826e-05] - [0.16658220859781908, 0.3332461686152564, -9.035769579770395e-05, -8.456225732253923e-05] - [0.1666336211230607, 0.8332992445524865, -3.521564456125517e-05, -3.307105890628349e-05] - [8.00138472795741e-06, 8.24592172143031e-06, 8.467531060594678e-06, 8.001381543979078e-06]
B1: 0.16670403920159094 - 0.666597629792824 - 0.16657718791199339 - 5.142019384254158e-05
B2: 0.1666957424892144 - 0.6667022967713302 - 0.16671272998966846 - 2.972594626205045e-05
