Number: 1039
Error: 3.187095960721587e-06
A1: [-5.311205780259449e-06, -4.6896921688808005e-06, -3.581295927600531e-06, -5.222954486614652e-06] - [0.20831671607574545, 0.333318630594937, -0.041677276660972574, -1.622845558383412e-05] - [0.16666024748315766, 0.6666609577293676, 0.16666226904368273, -6.3103235794084025e-06] - [-1.9686801763245974e-06, -1.7573805601205193e-06, -1.5459617086837749e-06, -1.966996197587189e-06]
A2: [0.16668039715957086, -0.16665258170650352, 1.427112533413187e-05, 1.371198500234336e-05] - [0.16669448159995726, 0.33336177863793925, 2.8489602940939558e-05, 2.7742389578746276e-05] - [0.16666453181434415, 0.8333310872551645, -2.4753677282218276e-06, -2.1526153800414147e-06] - [5.583655694613836e-06, 5.754291494860304e-06, 5.9089243872857075e-06, 5.583652996060391e-06]
B1: 0.1666433442944239 - 0.6666336489326776 - 0.16668391461390872 - -1.2909057531335959e-05
B2: 0.1666366659554789 - 0.6666250009808473 - 0.16661857507729214 - -2.9546141775413747e-05
