Number: 2043
Error: 3.744759902017802e-06
A1: [-8.806427072256845e-06, -8.354258062785484e-06, -6.943763607839749e-06, -8.633881630673272e-06] - [0.20830769660078968, 0.3333082999144415, -0.04168680968744923, -2.4876510046870035e-05] - [0.16665591418405226, 0.6666565027211749, 0.1666582740905745, -1.0539595204544497e-05] - [-3.879115149861276e-06, -3.4630377752897726e-06, -3.046771455970242e-06, -3.875804648679004e-06]
A2: [0.16668617561285995, -0.16664656808712677, 2.0377784586283988e-05, 1.9472489290534446e-05] - [0.16669456524513712, 0.3333620572102832, 2.84706036802719e-05, 2.7755650069922054e-05] - [0.16665655011886868, 0.8333228980225034, -1.0969791084411065e-05, -1.0151554480695752e-05] - [1.0972532851257829e-05, 1.1307888335954156e-05, 1.1611810464271945e-05, 1.0972529687653588e-05]
B1: 0.1666332069598231 - 0.6665961240678475 - 0.16667695596826984 - -1.3080452934978996e-05
B2: 0.1666250260198075 - 0.6666065036340263 - 0.16659583457692095 - -4.0751132749449864e-05
