Number: 3094
Error: 6.4814341166676e-06
A1: [-6.757792521733336e-06, -7.168694782078976e-06, -6.128014228963591e-06, -6.502046680162849e-06] - [0.2083247063879546, 0.3333208686843135, -0.041676475388405854, -7.500984689220742e-06] - [0.1666588766260273, 0.6666584915124625, 0.16665989786746854, -7.4747525046561054e-06] - [-5.879440200874898e-06, -5.248920112354405e-06, -4.618183759862763e-06, -5.8744345439379235e-06]
A2: [0.16666337769742423, -0.16666999294704388, -3.74069421073887e-06, -3.3442412039204103e-06] - [0.16658228163165123, 0.3332465543815315, -9.044642822811831e-05, -8.460175497635124e-05] - [0.1666208556870599, 0.8332861478098305, -4.879983817829132e-05, -4.586406843551913e-05] - [1.660962954605368e-05, 1.7117288376245442e-05, 1.7577389149747096e-05, 1.6609628316775788e-05]
B1: 0.16668783081905786 - 0.6665376286459329 - 0.1665659781184253 - 5.1133105652849276e-05
B2: 0.16667738083820566 - 0.6666729085411991 - 0.16667649039358567 - 1.2059654895133526e-05
