Number: 702
Error: 7.808805845289509e-06
A1: [1.5667918890443698e-06, 1.5589729076441397e-06, 1.879550525617773e-06, 1.621713858628558e-06] - [0.2083461817152678, 0.3333454668034148, -0.041653778800649514, 1.308945059048427e-05] - [0.16666919908151395, 0.6666691034309591, 0.1666694132656197, 2.59987080893881e-06] - [-1.3268583671752105e-06, -1.1843477803830867e-06, -1.0417512412652553e-06, -1.3257225327809126e-06]
A2: [0.16664962314624418, -0.1666843078291219, -1.8277140020544897e-05, -1.705600174329814e-05] - [0.16658213133278346, 0.3332459393679257, -9.035212467387792e-05, -8.45842473755409e-05] - [0.16663988486347522, 0.8333056713709799, -2.854905411708317e-05, -2.6793777867535615e-05] - [3.771451539692042e-06, 3.886693557313872e-06, 3.991125153034021e-06, 3.7714495017186968e-06]
B1: 0.16671190761478896 - 0.6666269924148243 - 0.16658255613353168 - 5.146644549577014e-05
B2: 0.1667051431447857 - 0.6667169990439565 - 0.16673067560195412 - 3.8785018809727066e-05
