Number: 1297
Error: 3.331478862052349e-06
A1: [-6.211516397018952e-06, -5.633596457125551e-06, -4.447641210917534e-06, -6.101601008101216e-06] - [0.20831438987904619, 0.3333159671453919, -0.041679735432407626, -1.8459197520997497e-05] - [0.16665913184613051, 0.6666598107361074, 0.1666612402017325, -7.399224703374398e-06] - [-2.4596267417744702e-06, -2.1957047729829033e-06, -1.9316415559039505e-06, -2.4575240660284747e-06]
A2: [0.1666818822317039, -0.16665103620965568, 1.584052373070581e-05, 1.5192444738420055e-05] - [0.16669450373953312, 0.333361850807349, 2.848524771717282e-05, 2.774644318866154e-05] - [0.1666624809605686, 0.8333289830481486, -4.658019033695327e-06, -4.207899712398627e-06] - [6.968548705461644e-06, 7.181516156861962e-06, 7.374513753083529e-06, 6.968545672297892e-06]
B1: 0.16664077472352465 - 0.6666240419253717 - 0.16668216314072049 - -1.2917601060217994e-05
B2: 0.16663365075042763 - 0.6666202172391776 - 0.16661269434031292 - -3.244958184328918e-05
