Number: 913
Error: 3.1161460482326807e-06
A1: [-4.876310319766836e-06, -4.23380561966905e-06, -3.163587040429722e-06, -4.798634760095463e-06] - [0.20831783274174687, 0.33331991076781686, -0.0416760976479445, -1.5158388888171444e-05] - [0.16666078744871718, 0.6666615127098718, 0.16666276602131994, -5.783410837684297e-06] - [-1.7289110952832008e-06, -1.5433106206984156e-06, -1.3576027097592034e-06, -1.7274317821351065e-06]
A2: [0.16667967144471113, -0.16665333687286027, 1.35043458180692e-05, 1.2988522748216914e-05] - [0.16669447034121426, 0.3333617431260408, 2.849164441518454e-05, 2.7739963433709818e-05] - [0.16666553360329336, 0.8333321151316464, -1.409151093390901e-06, -1.1486627774451832e-06] - [4.9072886443964685e-06, 5.057250069618474e-06, 5.19314636457343e-06, 4.907286162626147e-06]
B1: 0.16664459403677917 - 0.666638336328214 - 0.1666847662344987 - -1.2910038039064584e-05
B2: 0.16663817340033205 - 0.6666273570262757 - 0.16662145085972174 - -2.8093280210174376e-05
