Number: 2212
Error: 6.965164631136702e-06
A1: [-3.66989046517288e-06, -3.9310050017987995e-06, -3.1546542317407e-06, -3.4882061010393658e-06] - [0.20833269970414403, 0.3333300181803282, -0.04166802224021587, 1.659889174249413e-07] - [0.1666627015798209, 0.666662424377856, 0.1666634276630695, -3.741187470560876e-06] - [-4.2009083929816754e-06, -3.7503299955113356e-06, -3.2995552438384814e-06, -4.197324655496452e-06]
A2: [0.16665831737028713, -0.16667526010299044, -9.089797143883248e-06, -8.38879032806984e-06] - [0.16658226430748932, 0.3332463649660927, -9.03750972226884e-05, -8.455719795131888e-05] - [0.16662788038839707, 0.8332933546682044, -4.132496452674481e-05, -3.882420324592814e-05] - [1.1876493898455989e-05, 1.2239479073244727e-05, 1.2568444061283323e-05, 1.1876490880419318e-05]
B1: 0.16669671896296442 - 0.6665706125725178 - 0.16657214968368622 - 5.12667722144623e-05
B2: 0.16668743604756953 - 0.6666890428655453 - 0.16669640887076395 - 2.1732493674048338e-05
