Number: 781
Error: 3.041335278243156e-06
A1: [-4.410173247406938e-06, -3.7451218481292212e-06, -2.714344047785959e-06, -4.343587239391369e-06] - [0.20831904489812098, 0.3333212964649273, -0.04167481568335068, -1.3995091615631904e-05] - [0.1666613637232081, 0.6666621052811107, 0.16666329839233807, -5.220821160977383e-06] - [-1.477721643420636e-06, -1.3190443227545361e-06, -1.1602726744246599e-06, -1.4764568737415294e-06]
A2: [0.1666789136124115, -0.1666541256265589, 1.2703351869129838e-05, 1.2233050248030474e-05] - [0.16669446602704782, 0.33336171325727, 2.8500948553834398e-05, 2.774490201545641e-05] - [0.16666658437465617, 0.8333331932263134, -2.909015656878404e-07, -9.562490050241219e-08] - [4.198688640672248e-06, 4.32699041118846e-06, 4.44325742803379e-06, 4.198686423131508e-06]
B1: 0.16664584337169813 - 0.6666431908810387 - 0.16668560613396946 - -1.2971006158090241e-05
B2: 0.1666397380266813 - 0.6666298432989026 - 0.16662451597084207 - -2.6585833340055657e-05
