Number: 185
Error: 2.6913333588245684e-06
A1: [-2.409813295266484e-06, -1.649977769747552e-06, -8.043090282396809e-07, -2.393199224239008e-06] - [0.2083240947808029, 0.33332710196241333, -0.04166950652389628, -9.16541066003842e-06] - [0.16666385877058446, 0.6666646669830526, 0.16666558133151096, -2.7874635842070572e-06] - [-3.435353129783561e-07, -3.064153723042483e-07, -2.692703772392743e-07, -3.4324101406554174e-07]
A2: [0.16667550121561575, -0.1666576760485908, 9.099234387859377e-06, 8.831309085606004e-06] - [0.16669451389557247, 0.33336165090427866, 2.8620467735358292e-05, 2.7834549142261508e-05] - [0.16667135294774757, 0.8333380861543669, 4.784254635535473e-06, 4.683181336446139e-06] - [9.990166985329892e-07, 1.02951428181586e-06, 1.0571482724945836e-06, 9.99016118729899e-07]
B1: 0.16665099056984128 - 0.6666646920903807 - 0.1666890554390209 - -1.3739213367425045e-05
B2: 0.1666478284617722 - 0.6666417638392292 - 0.16663869786899657 - -1.8753588821188342e-05
