Number: 836
Error: 7.732329120409416e-06
A1: [1.0981253688226158e-06, 1.0677086782183815e-06, 1.4286174521163217e-06, 1.1643009486540929e-06] - [0.20834496968850483, 0.3333440797546383, -0.04165505938840104, 1.1927007050998887e-05] - [0.16666861861996163, 0.6666685067254401, 0.1666688779753021, 2.0332976171855153e-06] - [-1.581925316504276e-06, -1.412075917520339e-06, -1.2421267905137737e-06, -1.5805715452354652e-06]
A2: [0.16665039290426872, -0.1666835067283126, -1.7463672750724956e-05, -1.6288640882839074e-05] - [0.16658213622072643, 0.33324597005959594, -9.036138138558263e-05, -8.458875858628653e-05] - [0.1666388179437547, 0.8333045766907775, -2.968453039223914e-05, -2.7862999927989213e-05] - [4.490795431408692e-06, 4.6280254638685105e-06, 4.75238376153321e-06, 4.490793102564625e-06]
B1: 0.16671064390748713 - 0.6666220681487113 - 0.16658170689255683 - 5.153291010864935e-05
B2: 0.16670352111691022 - 0.6667144557596106 - 0.1667275601665215 - 3.722107547633948e-05
