Number: 1851
Error: 3.6388125182751693e-06
A1: [-8.127422828029885e-06, -7.64225423673333e-06, -6.2889128550356006e-06, -7.971006875117705e-06] - [0.20830946420295157, 0.33331032074633815, -0.04168493890456931, -2.3179975822828496e-05] - [0.16665675359644488, 0.6666573660303069, 0.16665905005080764, -9.720085380847468e-06] - [-3.513788682768236e-06, -3.136872190247984e-06, -2.759776779101924e-06, -3.5107886431464854e-06]
A2: [0.16668507320511664, -0.1666477155668713, 1.9212404866362886e-05, 1.8373513931026406e-05] - [0.16669455690833962, 0.3333620113102101, 2.8481305791870043e-05, 2.776077370051531e-05] - [0.16665807773763777, 0.8333244652878826, -9.344205186944926e-06, -8.62063774559872e-06] - [9.942065681695794e-06, 1.0245923436221793e-05, 1.0521297275898154e-05, 9.942062432310946e-06]
B1: 0.16663512283175855 - 0.6666032808460622 - 0.1666782712407979 - -1.3070395558768813e-05
B2: 0.1666271989912859 - 0.6666100211641722 - 0.16660019860657235 - -3.866133754343014e-05
