Number: 2333
Error: 3.904254865395352e-06
A1: [-9.815226224210405e-06, -9.41195862338125e-06, -7.914201478404136e-06, -9.618335225549632e-06] - [0.2083050943270878, 0.3333053189424158, -0.04168956024963625, -2.7371507785032697e-05] - [0.16665466327351153, 0.6666552166659045, 0.1666571209099621, -1.176046208359798e-05] - [-4.430898184081629e-06, -3.9556722389506644e-06, -3.4802451491090973e-06, -4.4271192769274075e-06]
A2: [0.166687842366506, -0.16664483339876698, 2.2139361841024685e-05, 2.1134058497356347e-05] - [0.1666945807833029, 0.33336212911563917, 2.8456632296920646e-05, 2.7750856263079995e-05] - [0.1666542425346648, 0.833320530511885, -1.342543651424916e-05, -1.2464120509587984e-05] - [1.2528887469990594e-05, 1.29118150918754e-05, 1.3258855765903086e-05, 1.2528884592721245e-05]
B1: 0.16663025970378803 - 0.6665852601603742 - 0.16667491411919935 - -1.314923858260653e-05
B2: 0.16662169215322323 - 0.6666011911797712 - 0.16658929869300587 - -4.395936151181635e-05
