Number: 134
Error: 8.146388893964987e-06
A1: [3.464234050273935e-06, 3.545893735641836e-06, 3.6891975483933826e-06, 3.4715390555694336e-06] - [0.20835095669128068, 0.3333509586318441, -0.041648763290080465, 1.7654600724351133e-05] - [0.16667156775532702, 0.666671534773104, 0.1666715780743214, 4.909759828217464e-06] - [-2.4561030322251606e-07, -2.1898428155378748e-07, -1.9234014560556533e-07, -2.453999594706027e-07]
A2: [0.16664637620441344, -0.1666876860760616, -2.1706295008438646e-05, -2.0292782434038687e-05] - [0.166582200846188, 0.3332459046714847, -9.021255714609491e-05, -8.447489449910812e-05] - [0.16664443649918656, 0.8333103417095984, -2.370483716866123e-05, -2.223238410290416e-05] - [7.221665016673491e-07, 7.442014325715236e-07, 7.641665309422592e-07, 7.221660961606767e-07]
B1: 0.16671662241431792 - 0.6666473143294264 - 0.16658569465200568 - 5.054378327093182e-05
B2: 0.166713067693631 - 0.6667285437706307 - 0.16674434214449452 - 4.646336061467082e-05
