Number: 1714
Error: 7.2405753290624004e-06
A1: [-1.93952993697226e-06, -2.1168058815053325e-06, -1.4904553383672523e-06, -1.7996530292358585e-06] - [0.2083371598009297, 0.33333512807942944, -0.04166330856813378, 4.441867400277669e-06] - [0.16666484795313946, 0.6666646309240668, 0.16666540583236225, -1.6464081981810723e-06] - [-3.253094453337061e-06, -2.9041165105580615e-06, -2.554967892490766e-06, -3.2503161329372298e-06]
A2: [0.16665545188274208, -0.16667824226989209, -1.2118109442111022e-05, -1.1245369124150057e-05] - [0.1665822257909776, 0.3332462295776209, -9.036291099660537e-05, -8.456077787024157e-05] - [0.16663184042417473, 0.8332974175936549, -3.711066823079499e-05, -3.485560756037768e-05] - [9.20369153080082e-06, 9.484978821986466e-06, 9.739895995546396e-06, 9.203688273113321e-06]
B1: 0.1667017936092003 - 0.6665892742395426 - 0.16657565261609691 - 5.1398162340610855e-05
B2: 0.1666931811374611 - 0.6666981791663393 - 0.16670763832598265 - 2.7261696649559094e-05
