Number: 2792
Error: 6.646532301591293e-06
A1: [-5.687264655565661e-06, -6.046139635540667e-06, -5.095222941781751e-06, -5.4568896217942405e-06] - [0.20832749661405958, 0.3333240577802786, -0.041673521724364164, -4.822548501086902e-06] - [0.16666019966183687, 0.666659852248414, 0.1666611213507487, -6.1830197110456415e-06] - [-5.3047261923237e-06, -4.7358187834333265e-06, -4.166698259967615e-06, -5.300206751133724e-06]
A2: [0.1666616488781428, -0.16667179269310264, -5.568617256190312e-06, -5.067658059644334e-06] - [0.16658228764984545, 0.3332465011855121, -9.041065960595508e-05, -8.457454765480098e-05] - [0.16662326314637183, 0.8332886176052391, -4.623831101804637e-05, -4.3451416458589214e-05] - [1.4989076173910995e-05, 1.544720113781353e-05, 1.586240187287671e-05, 1.4989074136044505e-05]
B1: 0.16669082572341748 - 0.6665488802818944 - 0.16656805578572864 - 5.113048413688745e-05
B2: 0.16668077420841326 - 0.6666784246840137 - 0.16668334576692506 - 1.532209926050513e-05
