Number: 1847
Error: 3.6366261133473185e-06
A1: [-8.122762095759013e-06, -7.637438875344105e-06, -6.285820830965125e-06, -7.966673086100444e-06] - [0.20830946282720444, 0.3333103224999411, -0.041684942422352156, -2.318279556687094e-05] - [0.16665676150004388, 0.6666573738931156, 0.16665905555541013, -9.712587247313607e-06] - [-3.50617689408909e-06, -3.130075961198209e-06, -2.7537963349190945e-06, -3.5031833261693054e-06]
A2: [0.16668504862114503, -0.16664774100966773, 1.9186673886174363e-05, 1.8349001537442123e-05] - [0.16669455250745507, 0.33336200633785285, 2.847773650957336e-05, 2.7756653508694774e-05] - [0.16665810907335069, 0.8333244974751399, -9.310775541142977e-06, -8.58923326196669e-06] - [9.920602229531051e-06, 1.022380391117826e-05, 1.0498583117531419e-05, 9.920598979261129e-06]
B1: 0.1666351938110183 - 0.666603459605945 - 0.16667832690041345 - -1.3039094544798445e-05
B2: 0.1666272767084948 - 0.6666100973253446 - 0.16660026120335175 - -3.85853558039287e-05
