Number: 1683
Error: 3.5459142938288106e-06
A1: [-7.548232427576805e-06, -7.035030902375448e-06, -5.732541334492214e-06, -7.405915720821974e-06] - [0.20831095067035182, 0.3333120253963921, -0.041683368943200856, -2.1755635871354913e-05] - [0.1666574729840821, 0.6666581054759835, 0.16665971221174675, -9.018098582976422e-06] - [-3.194120984921398e-06, -2.85146986343023e-06, -2.508649872140144e-06, -3.191392826730781e-06]
A2: [0.16668410560140706, -0.16664872248143026, 1.8189963415066282e-05, 1.7408913673893786e-05] - [0.1666945412802828, 0.33336196315370853, 2.8483038404279314e-05, 2.7756923669107464e-05] - [0.1666594132255978, 0.8333258355088916, -7.92290869474092e-06, -7.282264138331801e-06] - [9.040383830629413e-06, 9.3166802936172e-06, 9.567074130335447e-06, 9.040380574121899e-06]
B1: 0.16663684724497319 - 0.6666095876823767 - 0.166679463249035 - -1.301355157865522e-05
B2: 0.16662915498648026 - 0.666613107049298 - 0.16660397600111235 - -3.677812479233798e-05
