Number: 2217
Error: 3.840538851399285e-06
A1: [-9.416506892902814e-06, -8.99394829461283e-06, -7.531365157936898e-06, -9.229349428146736e-06] - [0.20830611590889134, 0.3333064909190815, -0.04168848151956901, -2.6392817629828206e-05] - [0.16665515878786907, 0.6666557259660576, 0.16665757678935564, -1.1276960361669304e-05] - [-4.2101864177746245e-06, -3.75861972235153e-06, -3.306856337967498e-06, -4.206594798342706e-06]
A2: [0.16668717502259822, -0.16664552787582437, 2.1434171782860948e-05, 2.0468788398693574e-05] - [0.16669457309237143, 0.3333620989841057, 2.8460963061900215e-05, 2.775129835043237e-05] - [0.16665516548307377, 0.8333214774435721, -1.2443237305314599e-05, -1.1539179278804481e-05] - [1.1906358454738938e-05, 1.227025762648392e-05, 1.2600051096415325e-05, 1.1906355440284918e-05]
B1: 0.1666314540874247 - 0.6665896209602368 - 0.16667574590302128 - -1.3106221455457684e-05
B2: 0.16662304132312572 - 0.6666033168281744 - 0.16659189793101678 - -4.2660448487725935e-05
