Number: 1614
Error: 7.296131971739822e-06
A1: [-1.5833653232075473e-06, -1.7433201307827396e-06, -1.1466057594504347e-06, -1.4518920816821292e-06] - [0.20833809043319748, 0.33333619114829416, -0.04166232311341421, 5.335473857781832e-06] - [0.16666528774311537, 0.666665083287291, 0.16666581282371423, -1.2169874306651105e-06] - [-3.0627663885405457e-06, -2.7341903349563534e-06, -2.4054500248205323e-06, -3.0601500205319044e-06]
A2: [0.16665487752278682, -0.1666788401319265, -1.272531267392924e-05, -1.1817940170115824e-05] - [0.1665822202715733, 0.3332462044197169, -9.035862937098808e-05, -8.455928217358947e-05] - [0.1666326356612175, 0.8332982334700204, -3.626441878389377e-05, -3.4058651835626685e-05] - [8.6669536248187e-06, 8.931834739599148e-06, 9.171882438560946e-06, 8.666950386135827e-06]
B1: 0.1667027829005735 - 0.6665929919886181 - 0.16657632643439313 - 5.139478537493913e-05
B2: 0.16669430881752015 - 0.6667000149132789 - 0.16670992296464635 - 2.8346027769516073e-05
