Number: 2784
Error: 6.6508662391256465e-06
A1: [-5.677949241314514e-06, -6.0365156875923e-06, -5.08904615851926e-06, -5.448228053480504e-06] - [0.20832749381996515, 0.33332406124476516, -0.04167352880245812, -4.8282305227395e-06] - [0.16666021546387158, 0.6666598679684541, 0.16666113235457658, -6.168028503340782e-06] - [-5.289496041344574e-06, -4.722220440000041e-06, -4.154731859594676e-06, -5.284989494707134e-06]
A2: [0.16666159980687922, -0.16667184348234018, -5.619983599840707e-06, -5.116586204705098e-06] - [0.1665822792403077, 0.33324649163179615, -9.041740957453166e-05, -8.458239588225962e-05] - [0.1666233259099581, 0.8332886820713928, -4.61713607055461e-05, -4.3388515322981524e-05] - [1.4946146749692448e-05, 1.540295949644186e-05, 1.5816970786153104e-05, 1.494614469317125e-05]
B1: 0.16669096773912637 - 0.666549238147701 - 0.16656816775618885 - 5.119314557291834e-05
B2: 0.1666809291131587 - 0.6666785764418932 - 0.1666834703606528 - 1.5473532979502823e-05
