Number: 2917
Error: 4.223742099100859e-06
A1: [-1.1837351589060354e-05, -1.1532027520667427e-05, -9.85802079872493e-06, -1.1591444901532703e-05] - [0.20829989158036766, 0.3332993556905615, -0.04169505742296987, -3.235826465715153e-05] - [0.166652153683947, 0.6666526368307601, 0.16665480915812428, -1.4209563675182548e-05] - [-5.542027180233074e-06, -4.947689197058293e-06, -4.353136214665438e-06, -5.53730689854702e-06]
A2: [0.16669119586257247, -0.16664134318515136, 2.5683643364686166e-05, 2.4477114156729245e-05] - [0.16669459881446605, 0.3333622604414498, 2.8414820912854474e-05, 2.7727940438159327e-05] - [0.16664959173703572, 0.8333157590097725, -1.837444944592377e-05, -1.712495205076897e-05] - [1.5662799095398504e-05, 1.6141518621915104e-05, 1.6575387229691996e-05, 1.5662797366614918e-05]
B1: 0.16662430632297656 - 0.666563353319528 - 0.16667076086528546 - -1.3306214890002478e-05
B2: 0.1666149609955905 - 0.6665905046831109 - 0.1665761792109012 - -5.0437499054584406e-05
