Number: 3092
Error: 6.482574424131865e-06
A1: [-6.731500654574107e-06, -7.140979808774199e-06, -6.09981557960701e-06, -6.4759412215553195e-06] - [0.20832480221580477, 0.33332097149691237, -0.04167636979343027, -7.405971203179108e-06] - [0.1666589047936668, 0.6666585210193693, 0.16665992755461065, -7.446810733390735e-06] - [-5.875640337769089e-06, -5.245528623908299e-06, -4.615200653984835e-06, -5.870637892667442e-06]
A2: [0.16666336953549088, -0.16667000174090157, -3.7498453377093517e-06, -3.3523673680900714e-06] - [0.16658229025636748, 0.33324656218631105, -9.043848483591107e-05, -8.459298995421626e-05] - [0.1666208726355043, 0.8332861651194399, -4.878197565588195e-05, -4.584708560359887e-05] - [1.6598897274535257e-05, 1.7106228098262234e-05, 1.7566031548678465e-05, 1.6598896039253903e-05]
B1: 0.16668778743744136 - 0.6665376428012229 - 0.16656593437589098 - 5.106982130746042e-05
B2: 0.16667733785043742 - 0.6666729394870591 - 0.16667659337398907 - 1.2015803168213834e-05
