Number: 397
Error: 2.8193034354227047e-06
A1: [-3.0948278815472843e-06, -2.366874201539177e-06, -1.4535260176425155e-06, -3.0604639149770457e-06] - [0.2083224062239251, 0.3333251519165727, -0.0416712727292563, -1.077574419105025e-05] - [0.16666299851799138, 0.666663784824133, 0.16666480013692636, -3.6257984086573876e-06] - [-7.469737390841879e-07, -6.666165655440179e-07, -5.862077100217833e-07, -7.463338916013522e-07]
A2: [0.16667671108399296, -0.1666564175186853, 1.0376438057338159e-05, 1.003738701035341e-05] - [0.1666944733493058, 0.33336164813222946, 2.8551627208861364e-05, 2.7779141633016018e-05] - [0.16666964895743264, 0.8333363376501615, 2.970670476572039e-06, 2.9755510877772333e-06] - [2.137203110356673e-06, 2.202491630228279e-06, 2.261653658541087e-06, 2.1372018694283708e-06]
B1: 0.1666493213985601 - 0.666657181440782 - 0.16668794185227398 - -1.330449495922853e-05
B2: 0.16664466314926787 - 0.6666373206054825 - 0.16663354016689882 - -2.1827057404393853e-05
