Number: 546
Error: 7.898830418765959e-06
A1: [2.1098245795127785e-06, 2.12807916112088e-06, 2.4014687102738525e-06, 2.151647690779863e-06] - [0.20834758209650797, 0.3333470700227128, -0.041652300442673755, 1.4432118114134047e-05] - [0.16666987212003329, 0.666669795156244, 0.16667003326611288, 3.2567430556383203e-06] - [-1.0299085658475453e-06, -9.192253353982497e-07, -8.084732183472557e-07, -1.029026632689833e-06]
A2: [0.16664872855065524, -0.16668523883695954, -1.9222472120579695e-05, -1.7947806600499282e-05] - [0.16658213282315532, 0.3332459110942878, -9.033363447403435e-05, -8.457181490510431e-05] - [0.16664112899088468, 0.8333069478780144, -2.7224997682734847e-05, -2.554697025080594e-05] - [2.933988578373034e-06, 3.0236320276658034e-06, 3.104865167216108e-06, 2.9339869265876172e-06]
B1: 0.16671332334116964 - 0.6666326760214323 - 0.1665835019107656 - 5.133365688740266e-05
B2: 0.16670709209924883 - 0.6667200119842768 - 0.16673434543471155 - 4.06663529636437e-05
