Number: 2981
Error: 4.258674364732687e-06
A1: [-1.2079626535526906e-05, -1.1786196204297738e-05, -1.0094035177941943e-05, -1.1828328630522276e-05] - [0.20829923814973256, 0.3332986142407281, -0.041695752472387965, -3.298794585602279e-05] - [0.166651857774909, 0.666652332049956, 0.16665453258104407, -1.4498824268155445e-05] - [-5.663787587325536e-06, -5.056395558328794e-06, -4.448787879902434e-06, -5.658964298559897e-06]
A2: [0.1666915594727124, -0.1666409644186447, 2.6068519711693503e-05, 2.4839580301703832e-05] - [0.1666945901626765, 0.3333622646634785, 2.840055737092548e-05, 2.771480171521628e-05] - [0.16664908064512746, 0.8333152347453652, -1.891810762456779e-05, -1.7637143542830197e-05] - [1.600623146216237e-05, 1.6495448356368925e-05, 1.6938832322851306e-05, 1.600622990568476e-05]
B1: 0.16662372299297695 - 0.6665610175959488 - 0.16667036657994563 - -1.3254282250674146e-05
B2: 0.16661429486222912 - 0.6665893406386757 - 0.1665746805269542 - -5.107591025405381e-05
