Number: 1134
Error: 7.564127475117375e-06
A1: [7.874963607843762e-08, -7.81744686804712e-10, 4.509547632386472e-07, 1.6992956808797491e-07] - [0.2083423660355881, 0.33334109149927466, -0.041657806271803065, 9.4335326582008e-06] - [0.1666673506816634, 0.6666672038335335, 0.1666677128271192, 7.962223725059408e-07] - [-2.149153120269703e-06, -1.9185059462783843e-06, -1.6877312470957839e-06, -2.1473151842432884e-06]
A2: [0.16665211140728253, -0.1666817186277877, -1.5648192595306887e-05, -1.4575468868714069e-05] - [0.16658216903322032, 0.33324606010347446, -9.036039130234694e-05, -8.457684927839434e-05] - [0.16663644952879914, 0.8333021465674497, -3.220536545067804e-05, -3.0236535384738018e-05] - [6.090472753281064e-06, 6.276599662646351e-06, 6.445271838316837e-06, 6.090469917348614e-06]
B1: 0.16670765500480755 - 0.6666109516333601 - 0.1665796654714856 - 5.1502125552224646e-05
B2: 0.1666999223364834 - 0.6667088787628951 - 0.1667207848502142 - 3.3751471788745735e-05
