Number: 26
Error: 8.215072455452953e-06
A1: [3.691876007394248e-06, 3.782585101698039e-06, 3.884218140564499e-06, 3.6902547097339473e-06] - [0.20835132708448229, 0.33335143340429524, -0.04164841100289943, 1.798561293257559e-05] - [0.16667188293251223, 0.666671853890258, 0.16667183853545597, 5.213888703371909e-06] - [-3.999362366374297e-08, -3.540161235370609e-08, -3.080637900676065e-08, -3.9959624292325504e-08]
A2: [0.1666457483400327, -0.16668833748366946, -2.2365932110823063e-05, -2.0918714764469744e-05] - [0.1665822056156934, 0.3332458937780309, -9.018613912416913e-05, -8.446255015897807e-05] - [0.16664530822621423, 0.833311236659767, -2.2776187467043137e-05, -2.1358801855090727e-05] - [1.4236471437081002e-07, 1.46676831642862e-07, 1.5058148542155777e-07, 1.4236467723090037e-07]
B1: 0.16671760727684506 - 0.6666512875170695 - 0.16658642121629183 - 5.045736259257083e-05
B2: 0.16671530332246737 - 0.6667310500801562 - 0.16674681028410737 - 4.8652172319087094e-05
