Number: 407
Error: 2.8252182713405707e-06
A1: [-3.130666918113567e-06, -2.4044280757535473e-06, -1.4880984364487191e-06, -3.095462311010174e-06] - [0.20832231233784887, 0.3333250448500833, -0.04167137196990782, -1.0865926831680555e-05] - [0.166662954359236, 0.6666637394206766, 0.16666475928450675, -3.668919889836879e-06] - [-7.660038919910755e-07, -6.836071139165404e-07, -6.011574545993799e-07, -7.653477549061985e-07]
A2: [0.16667676787702754, -0.1666563583926041, 1.043648353250042e-05, 1.0094001275379635e-05] - [0.16669447121944794, 0.3333616478941125, 2.8548383832541433e-05, 2.7776310862938865e-05] - [0.16666956874888694, 0.833336255359206, 2.8853267570705592e-06, 2.895170865202272e-06] - [2.1908910934612436e-06, 2.257820690828194e-06, 2.318469900194757e-06, 2.1908898233577123e-06]
B1: 0.166649244912514 - 0.6666568299689439 - 0.16668789268025747 - -1.3281724234178607e-05
B2: 0.16664453322105832 - 0.6666371193372215 - 0.16663329349793862 - -2.1952654070523636e-05
