Number: 2261
Error: 3.864707342491685e-06
A1: [-9.563614741380337e-06, -9.148141394875122e-06, -7.671984392839209e-06, -9.372769191860465e-06] - [0.20830574504858962, 0.3333060639472026, -0.041688872187515505, -2.6747424587990295e-05] - [0.16665497500767473, 0.6666555371913584, 0.1666574085123549, -1.1456188007274295e-05] - [-4.2939054078460965e-06, -3.833364643905187e-06, -3.372625434415558e-06, -4.290242735987301e-06]
A2: [0.16668742888228327, -0.16664526375912508, 2.170231510942458e-05, 2.072186143557184e-05] - [0.16669457794514003, 0.33336211225690937, 2.8461066313799135e-05, 2.77530660768792e-05] - [0.16665481563566611, 0.8333211184879121, -1.2815582240131466e-05, -1.1889782603715655e-05] - [1.2142489571382506e-05, 1.251360642150886e-05, 1.2849941902247126e-05, 1.214248660539958e-05]
B1: 0.16663098746010255 - 0.6665879539572055 - 0.16667541817673182 - -1.3136133800390585e-05
B2: 0.16662251534859446 - 0.6666025092040899 - 0.16659092425748004 - -4.31673588975323e-05
