Number: 1062
Error: 7.604605004022915e-06
A1: [3.3057735493776846e-07, 2.6323622594893936e-07, 6.933517081313356e-07, 4.1571072546177435e-07] - [0.2083430174397504, 0.3333418371277737, -0.041657117660487714, 1.0058295264868478e-05] - [0.16666766264083271, 0.6666675245632631, 0.16666800060264164, 1.100719467348709e-06] - [-2.0121075165241198e-06, -1.7961497626354853e-06, -1.580070845389597e-06, -2.0103864960613574e-06]
A2: [0.16665169695046655, -0.16668214995450725, -1.6086190883081952e-05, -1.4988637660474207e-05] - [0.16658216272113713, 0.33324603980919365, -9.035932763040294e-05, -8.457811085640094e-05] - [0.1666370218234807, 0.833302733748832, -3.1596289799718396e-05, -2.9663003488380002e-05] - [5.7039810567818705e-06, 5.8782942049328525e-06, 6.036259778084632e-06, 5.7039783254853355e-06]
B1: 0.16670836784419987 - 0.6666136282895316 - 0.1665801496247071 - 5.150023585289557e-05
B2: 0.1667007652720917 - 0.6667102169881403 - 0.16672243091180192 - 3.4563197015230736e-05
