Number: 1456
Error: 7.3840493085364654e-06
A1: [-1.039749743075968e-06, -1.1734162402807187e-06, -6.246067592454951e-07, -9.215361545395253e-07] - [0.2083394837773492, 0.3333377893960126, -0.04166085184338643, 6.670390536289253e-06] - [0.16666596327533628, 0.6666657775949378, 0.16666643435171066, -5.57820430984679e-07] - [-2.7620397380412445e-06, -2.4656984887497597e-06, -2.169203989135058e-06, -2.759679412215548e-06]
A2: [0.16665396653727013, -0.16667978808662132, -1.3687853310554838e-05, -1.2726099200833359e-05] - [0.16658220220476846, 0.33324615576257055, -9.036031000662826e-05, -8.456626529166673e-05] - [0.1666338909469074, 0.8332995214205637, -3.492842141752004e-05, -3.2800650744632575e-05] - [7.818887422805998e-06, 8.05784609650615e-06, 8.274399711689629e-06, 7.818884259830994e-06]
B1: 0.16670440606749518 - 0.6665989227588454 - 0.1665774443344974 - 5.144957395017854e-05
B2: 0.16669615991200123 - 0.666702925083409 - 0.16671347943142262 - 3.0128629728498602e-05
