Number: 2202
Error: 6.9706792394877374e-06
A1: [-3.634280667449868e-06, -3.893663062279023e-06, -3.120275602115508e-06, -3.453436616224799e-06] - [0.20833279274450317, 0.33333012446504623, -0.0416679237154957, 2.553268370885994e-07] - [0.16666274555273197, 0.6666624696082705, 0.16666346835705756, -3.69825137509639e-06] - [-4.181876687607264e-06, -3.7333384655928536e-06, -3.2846043023159306e-06, -4.178309104728441e-06]
A2: [0.1666582600170746, -0.16667531980648223, -9.150435058073208e-06, -8.445964650859617e-06] - [0.16658226406570667, 0.333246362759469, -9.0374361382496e-05, -8.455673817442586e-05] - [0.16662795998785537, 0.8332934363312798, -4.124026444703793e-05, -3.874443188777417e-05] - [1.1822825642598128e-05, 1.2184170379054073e-05, 1.2511648500292103e-05, 1.182282261426612e-05]
B1: 0.1666968180371756 - 0.66657098470824 - 0.166572217668946 - 5.126658387389854e-05
B2: 0.16668754822120707 - 0.6666892258308704 - 0.16669663671057725 - 2.184033225725114e-05
