Number: 2889
Error: 4.208513083412385e-06
A1: [-1.1756814686200255e-05, -1.1447717233678913e-05, -9.783082554252016e-06, -1.151324226306871e-05] - [0.2083000749202013, 0.333299571778226, -0.041694867393540856, -3.218521699332237e-05] - [0.16665225742199272, 0.6666527430046658, 0.1666549015479081, -1.4108709710397955e-05] - [-5.488752933852678e-06, -4.900125210345407e-06, -4.3112828253759035e-06, -5.484077731237318e-06]
A2: [0.16669103243840966, -0.1666415130250705, 2.5511357807746817e-05, 2.4314190683053197e-05] - [0.16669459123726282, 0.3333622477984359, 2.8410866170637094e-05, 2.7722326991615984e-05] - [0.16664981402153564, 0.8333159871258544, -1.813777512549787e-05, -1.6902186313938353e-05] - [1.551255972219347e-05, 1.5986686984504564e-05, 1.641639294179749e-05, 1.5512557920982027e-05]
B1: 0.16662464493230858 - 0.6665644548182993 - 0.1666710092082369 - -1.3245462771720236e-05
B2: 0.1666153395226101 - 0.6665910216844698 - 0.16657675886700973 - -5.007110872391128e-05
