Number: 357
Error: 2.7956018517936068e-06
A1: [-2.975370841031817e-06, -2.241909939630861e-06, -1.3418392205555155e-06, -2.9443465355518054e-06] - [0.20832268549870764, 0.3333254784700444, -0.04167098292000668, -1.0511190939878429e-05] - [0.16666315098997694, 0.6666639409094284, 0.16666493665303767, -3.477452395902022e-06] - [-6.708536516173248e-07, -5.986542795360029e-07, -5.264080720255896e-07, -6.702789709829208e-07]
A2: [0.16667648008846303, -0.16665665763855556, 1.013285927264571e-05, 9.80710673073454e-06] - [0.16669447225989623, 0.3333616400309165, 2.8556131443709123e-05, 2.778085653502133e-05] - [0.16666996882661364, 0.8333366659191604, 3.3112245629909774e-06, 3.296107134398155e-06] - [1.9224620537401083e-06, 1.9811865824054404e-06, 2.0344001869790333e-06, 1.9224609314211906e-06]
B1: 0.16664969874699853 - 0.6666586560178864 - 0.16668820452196387 - -1.3324101862572559e-05
B2: 0.1666452699462871 - 0.6666381382173784 - 0.1666344607093669 - -2.1237591665613937e-05
