Number: 3068
Error: 6.495651904800627e-06
A1: [-6.655630266320762e-06, -7.061492116286333e-06, -6.02797837763149e-06, -6.402078210701466e-06] - [0.20832498687891507, 0.3333211857756534, -0.0416761763058793, -7.230156494591517e-06] - [0.1666590006330394, 0.6666586193323459, 0.16666001443821649, -7.35345005580059e-06] - [-5.829965419962012e-06, -5.204749904627236e-06, -4.5793182460729395e-06, -5.825001592926264e-06]
A2: [0.16666323063746308, -0.16667014619747436, -3.896459251851552e-06, -3.490836060638664e-06] - [0.16658228687646473, 0.33324655430635014, -9.043907860844646e-05, -8.459468591217113e-05] - [0.166621063538439, 0.8332863610011272, -4.857877776827066e-05, -4.5655769986354335e-05] - [1.6470115166330096e-05, 1.697350962241855e-05, 1.742974489633096e-05, 1.647011385944555e-05]
B1: 0.1666880554195727 - 0.6665385657619801 - 0.16656612711088903 - 5.109961721563466e-05
B2: 0.16667763882799613 - 0.6666733804609872 - 0.16667711049845163 - 1.2306374434796943e-05
