Number: 1913
Error: 3.673046545014067e-06
A1: [-8.343444125154511e-06, -7.86874936697294e-06, -6.49676989861634e-06, -8.181822762583856e-06] - [0.20830890646826428, 0.33330968197419186, -0.041685528488548965, -2.3714773905523223e-05] - [0.16665648581087175, 0.6666570907124505, 0.16665880312408476, -9.981447145475135e-06] - [-3.6317597604295696e-06, -3.2421976601530136e-06, -2.852453233836781e-06, -3.6286594371618005e-06]
A2: [0.16668542980494924, -0.1666473444399896, 1.9589282768686184e-05, 1.8729005364912558e-05] - [0.16669456127468724, 0.3333620277335525, 2.847937379345193e-05, 2.7760793395652228e-05] - [0.16665758466742864, 0.8333239594061785, -9.868929114678207e-06, -9.114772921785912e-06] - [1.0274823110702971e-05, 1.0588852092027253e-05, 1.0873444666294626e-05, 1.0274819879958116e-05]
B1: 0.16663449360477017 - 0.6666009598829424 - 0.1666778372552134 - -1.3084209169780142e-05
B2: 0.1666264858023959 - 0.6666088839001285 - 0.16659879865758434 - -3.934766663007112e-05
