Number: 803
Error: 3.0538322235752057e-06
A1: [-4.483891300332855e-06, -3.822371442392511e-06, -2.784793964248226e-06, -4.415460831752202e-06] - [0.20831885887462603, 0.3333210824284069, -0.041675011520902784, -1.4172987238244346e-05] - [0.1666612716946959, 0.666662010764753, 0.16666321413766497, -5.310572697511924e-06] - [-1.519586790304164e-06, -1.3564223888676327e-06, -1.1931614213718934e-06, -1.5182862538175189e-06]
A2: [0.16667904053004445, -0.16665399359083152, 1.2837390422631446e-05, 1.2359574552022778e-05] - [0.16669446824025574, 0.3333617196335065, 2.850069531983768e-05, 2.7745572997424234e-05] - [0.16666640937906757, 0.8333330136642207, -4.771692876206942e-07, -2.709982617726482e-07] - [4.316787982506432e-06, 4.448699680114658e-06, 4.56823821206402e-06, 4.3167857183082675e-06]
B1: 0.16664562438255598 - 0.6666423713861096 - 0.16668545611588678 - -1.2971623463166871e-05
B2: 0.1666394618297592 - 0.6666294258907702 - 0.16662401517651687 - -2.685249945514004e-05
