Number: 1065
Error: 3.20166898440785e-06
A1: [-5.389513594289527e-06, -4.771691972277531e-06, -3.6547786731297876e-06, -5.299090977711091e-06] - [0.20831653168621012, 0.333318415042109, -0.041677468764701575, -1.640327351539049e-05] - [0.16666014761044368, 0.6666608554051251, 0.1666621793345817, -6.407513947835116e-06] - [-2.018156272449639e-06, -1.8015539756423852e-06, -1.5848300957098035e-06, -2.0164300760340424e-06]
A2: [0.1666805488903616, -0.16665242399340596, 1.4431134254895e-05, 1.3863250886755526e-05] - [0.16669448916246055, 0.3333617909574798, 2.8493909921286362e-05, 2.7748129141086787e-05] - [0.16666432572558135, 0.8333308757541525, -2.6948116714157192e-06, -2.3591507008255324e-06] - [5.723215311752113e-06, 5.898117008468012e-06, 6.056615991137227e-06, 5.7232125727429e-06]
B1: 0.16664304702423283 - 0.6666326441270864 - 0.16668370312375066 - -1.2948273995372112e-05
B2: 0.16663631753421992 - 0.6666245130730424 - 0.1666180175010445 - -2.9883296955383567e-05
