Number: 2682
Error: 6.70675510820066e-06
A1: [-5.3195467829192714e-06, -5.66071788924457e-06, -4.74374377089425e-06, -5.098391699619004e-06] - [0.20832842345057057, 0.33332512487804505, -0.041672545403433646, -3.936345043174609e-06] - [0.16666065911762568, 0.6666603241757869, 0.16666154202324637, -5.734944623136921e-06] - [-5.0953821582838994e-06, -4.548916142087447e-06, -4.002239106746446e-06, -5.091039990131054e-06]
A2: [0.16666101496152919, -0.16667245225747596, -6.238247365454655e-06, -5.699606888934988e-06] - [0.1665822783467325, 0.33324647080726505, -9.040811144860388e-05, -8.457613305692145e-05] - [0.16662413848798927, 0.8332895157115562, -4.530672944816008e-05, -4.2574183601751874e-05] - [1.4398785635922796e-05, 1.4838867687457106e-05, 1.5237713737726056e-05, 1.439878335421232e-05]
B1: 0.16669199112091382 - 0.6665530486822637 - 0.16656887814747695 - 5.120410806301456e-05
B2: 0.16668208693170494 - 0.6666804413408076 - 0.16668577715918573 - 1.658713175537985e-05
