Number: 2130
Error: 7.010396252178153e-06
A1: [-3.3826782020421756e-06, -3.6298585279399446e-06, -2.8780762990246276e-06, -3.207879843536571e-06] - [0.20833344334616025, 0.3333308693412286, -0.04166723579613193, 8.792893270397904e-07] - [0.16666305731797457, 0.6666627901553627, 0.1666637559694916, -3.3939466281968674e-06] - [-4.044846577732938e-06, -3.610997557583398e-06, -3.176955692921231e-06, -4.041395331131648e-06]
A2: [0.16665784621517313, -0.1666757504897585, -9.587803324078988e-06, -8.858478543915874e-06] - [0.16658226004042145, 0.33324634469507536, -9.037112640708435e-05, -8.455571225360689e-05] - [0.16662853281872037, 0.8332940240333642, -4.063068204796289e-05, -3.8170363360818846e-05] - [1.1436411299737314e-05, 1.1785944778648276e-05, 1.2102717410956378e-05, 1.1436408203949577e-05]
B1: 0.166697546930076 - 0.6665736788343333 - 0.16657272108770854 - 5.128079711901921e-05
B2: 0.1666883726267674 - 0.6666905450028756 - 0.16669826322482392 - 2.263352492919638e-05
