Number: 2208
Error: 6.96734755718638e-06
A1: [-3.6652314480016778e-06, -3.926191664943258e-06, -3.1515645487211386e-06, -3.4838740290782035e-06] - [0.20833269831203266, 0.33333001991747585, -0.041668025774719064, 1.6315278315221003e-07] - [0.16666270948172138, 0.6666624322387044, 0.16666343316550342, -3.7336910275883644e-06] - [-4.193293221686445e-06, -3.7435307546143405e-06, -3.2935720979516928e-06, -4.189715948316897e-06]
A2: [0.1666582927950497, -0.16667528553726826, -9.115519922614496e-06, -8.41329400640154e-06] - [0.16658225995302314, 0.3332463600396057, -9.037862152129737e-05, -8.456127178512845e-05] - [0.1666279117334267, 0.8332933868645606, -4.1291526042941806e-05, -3.879278945528706e-05] - [1.1855026795936634e-05, 1.2217355786969048e-05, 1.2545726019220802e-05, 1.1855023773763226e-05]
B1: 0.16669679003170065 - 0.6665707914607868 - 0.1665722055073069 - 5.12981618944508e-05
B2: 0.16668751366489684 - 0.6666891189122508 - 0.1666964713397973 - 2.1808375798506848e-05
