Number: 1707
Error: 3.559184510174606e-06
A1: [-7.6241310122684474e-06, -7.114549392647029e-06, -5.804410559935863e-06, -7.479806671303604e-06] - [0.20831076587857233, 0.3333118109856284, -0.04168356256321588, -2.1931578664932422e-05] - [0.1666573771293207, 0.666658007144763, 0.16665962531018824, -9.111474100916445e-06] - [-3.2397885887569916e-06, -2.892242618082345e-06, -2.544526269437041e-06, -3.237021576949546e-06]
A2: [0.16668424501236956, -0.16664857751267204, 1.8337088929799015e-05, 1.7547895521026386e-05] - [0.16669454661625746, 0.33336197298335385, 2.8485578515624304e-05, 2.7760576889447106e-05] - [0.16665922280751985, 0.8333256401102493, -8.12562381380365e-06, -7.47309448856847e-06] - [9.169193692511567e-06, 9.4494274372645e-06, 9.703389778949887e-06, 9.169190433104366e-06]
B1: 0.16663657871626777 - 0.6666086655696506 - 0.1666792728790211 - -1.3043874066573748e-05
B2: 0.1666288518352631 - 0.6666126638190469 - 0.16660345649581226 - -3.707087671577902e-05
