Number: 1882
Error: 7.147471503641265e-06
A1: [-2.518677178781212e-06, -2.723976610139913e-06, -2.04676283868937e-06, -2.3647007029772564e-06] - [0.20833567369229647, 0.33333342380803194, -0.04166487812165003, 3.0178876065858348e-06] - [0.16666412851620882, 0.6666638914507721, 0.166664743667684, -2.3484438402697284e-06] - [-3.5728454602093743e-06, -3.189592649138587e-06, -2.8061593310362495e-06, -3.569795224482584e-06]
A2: [0.16665641977693987, -0.1666772350531555, -1.1095367990864307e-05, -1.0280480294465911e-05] - [0.16658224247514888, 0.33324627883442093, -9.036355361399728e-05, -8.455587928786491e-05] - [0.1666305051477636, 0.8332960475936725, -3.853174755310038e-05, -3.619377149032185e-05] - [1.0105388020003171e-05, 1.041423696256276e-05, 1.0694134537899604e-05, 1.010538478092713e-05]
B1: 0.16670006690965683 - 0.6665829657881689 - 0.16657445991315006 - 5.133907690992472e-05
B2: 0.16669122447544316 - 0.666695092816889 - 0.16670386097794668 - 2.5377863522210874e-05
