Number: 2179
Error: 3.819621371768774e-06
A1: [-9.276386468645672e-06, -8.846974551371129e-06, -7.395380467089488e-06, -9.092426711711207e-06] - [0.20830648884597974, 0.333306915273359, -0.04168808556303757, -2.6033967990000885e-05] - [0.16665533071568314, 0.6666559029494291, 0.16665773681178522, -1.1108976972888205e-05] - [-4.137884698446226e-06, -3.694068759910389e-06, -3.2500577149394304e-06, -4.13435445260384e-06]
A2: [0.16668695797665287, -0.1666457538905466, 2.1204562878294287e-05, 2.02524217347489e-05] - [0.16669457460700407, 0.3333620929364042, 2.8465981166651106e-05, 2.7755476948778643e-05] - [0.16665546826959293, 0.8333217880611942, -1.2121093824836272e-05, -1.1235740021383717e-05] - [1.1702418509053653e-05, 1.2060083984061077e-05, 1.2384227336461361e-05, 1.1702415456222423e-05]
B1: 0.16663181421983467 - 0.6665910196337567 - 0.16667598976746043 - -1.3123289750801182e-05
B2: 0.16662345109278665 - 0.666604010589671 - 0.16659277809815956 - -4.2267139393094934e-05
