Number: 1895
Error: 3.6631583497435348e-06
A1: [-8.298510568861926e-06, -7.821773587128006e-06, -6.456203283630257e-06, -8.13838340754928e-06] - [0.20830899677601647, 0.33330979178692355, -0.04168543697642961, -2.3631056557359725e-05] - [0.16665654558784265, 0.666657151666805, 0.16665885482694365, -9.923517937253466e-06] - [-3.5975087117142497e-06, -3.2116173642765094e-06, -2.8255446636050786e-06, -3.5944375017932186e-06]
A2: [0.16668532325283222, -0.16664745505955791, 1.9477152146040815e-05, 1.8622775172125994e-05] - [0.16669455211053633, 0.3333620154636923, 2.8472851536777663e-05, 2.7752891687437254e-05] - [0.1666577269051973, 0.8333241054110889, -9.717402797155475e-06, -8.972225844093286e-06] - [1.017822593798292e-05, 1.0489302263700195e-05, 1.0771218678111019e-05, 1.017822270093357e-05]
B1: 0.16663473478773844 - 0.6666016895972934 - 0.16667801653014314 - -1.3021644759099053e-05
B2: 0.16662675337379415 - 0.6666092191610983 - 0.1665991516939871 - -3.908789824266078e-05
