Number: 2484
Error: 6.815415808765775e-06
A1: [-4.6336759702544505e-06, -4.941632325466877e-06, -4.0844091608458916e-06, -4.4291400333035465e-06] - [0.2083301883309674, 0.33332714765176735, -0.04167068061113269, -2.244697268294468e-06] - [0.16666151037156757, 0.6666611992388536, 0.16666232618400845, -4.9041996905971395e-06] - [-4.718564158785853e-06, -4.212493141520468e-06, -3.7062161533119523e-06, -4.714541301627419e-06]
A2: [0.1666598774579289, -0.16667363613086433, -7.440451917160865e-06, -6.833568481010784e-06] - [0.16658227020370894, 0.33324642419341016, -9.039601805286847e-05, -8.457038450481362e-05] - [0.16662571483777594, 0.8332911329732337, -4.362928036796104e-05, -4.099442976457088e-05] - [1.3336230918084675e-05, 1.3743834743375945e-05, 1.4113241931861755e-05, 1.3336228265811313e-05]
B1: 0.1666940115216848 - 0.6665604765554649 - 0.16657028506604868 - 5.125922581948428e-05
B2: 0.1666843697694033 - 0.666684066011472 - 0.16669022721366625 - 1.8784130634282297e-05
