Number: 1772
Error: 7.208378816186462e-06
A1: [-2.1508901487524933e-06, -2.3384818457651357e-06, -1.6952119508131802e-06, -2.0061345720031795e-06] - [0.20833660075726645, 0.33333449113700686, -0.041663901580082284, 3.904317056635986e-06] - [0.16666458803805248, 0.6666643634441545, 0.1666651643954058, -1.9003046005548108e-06] - [-3.363482666699224e-06, -3.0026715761256657e-06, -2.641686281344507e-06, -3.3606104494123566e-06]
A2: [0.16665578413306034, -0.16667789634759478, -1.1766726206443476e-05, -1.0914156370872747e-05] - [0.16658222663580657, 0.33324624192129804, -9.036752775500929e-05, -8.456400183785003e-05] - [0.16663137888410223, 0.8332969440961665, -3.7601768023476706e-05, -3.531814449481656e-05] - [9.514994945020878e-06, 9.805797663729742e-06, 1.0069339060677925e-05, 9.514991686589635e-06]
B1: 0.16670123518339988 - 0.6665871324503722 - 0.16657527542648384 - 5.1415493726802804e-05
B2: 0.1666925441294609 - 0.6666971165535484 - 0.16670629960965758 - 2.66498306529172e-05
