Number: 2814
Error: 6.634436084596518e-06
A1: [-5.784771563960517e-06, -6.14853324759647e-06, -5.192173511387086e-06, -5.5525296009330665e-06] - [0.20832721471979132, 0.33332374241375395, -0.041673824353580566, -5.096223797938684e-06] - [0.16666008355291312, 0.6666597322853866, 0.16666101027929062, -6.296829348734632e-06] - [-5.346587538812374e-06, -4.773191452165554e-06, -4.1995818931659124e-06, -5.342032660724864e-06]
A2: [0.166661771538929, -0.1666716647003918, -5.438398422141061e-06, -4.9453908204331255e-06] - [0.1665822787198652, 0.3332464970043105, -9.042086379872545e-05, -8.458502116501218e-05] - [0.16662308680481533, 0.8332884367751922, -4.642576800882325e-05, -4.362813626818266e-05] - [1.5107133301600956e-05, 1.55688667735396e-05, 1.5987338396022742e-05, 1.5107131315723818e-05]
B1: 0.16669067161055406 - 0.6665481219487291 - 0.16656796303473903 - 5.1194789401797874e-05
B2: 0.16668059339652191 - 0.666678028364244 - 0.16668278767533923 - 1.5150822005882946e-05
