Number: 931
Error: 3.1263233470095403e-06
A1: [-4.9452992877301225e-06, -4.306176873133343e-06, -3.2308876865075035e-06, -4.866106326948602e-06] - [0.20831764559232643, 0.33331969871502837, -0.04167629679377229, -1.5338854790017778e-05] - [0.1666607033802144, 0.6666614261083987, 0.16666268731826775, -5.865607999230837e-06] - [-1.7631638750553333e-06, -1.5738919084552387e-06, -1.3845107776182393e-06, -1.7616553166956496e-06]
A2: [0.1666797739198349, -0.166653230133522, 1.3612804396953307e-05, 1.3090676120855614e-05] - [0.16669446876489585, 0.33336174516248146, 2.848847372426094e-05, 2.7737125518173907e-05] - [0.16666539010248604, 0.8333319679213799, -1.561819756277671e-06, -1.29247262543265e-06] - [5.003917204144042e-06, 5.156832251707267e-06, 5.295405315643348e-06, 5.003914689268044e-06]
B1: 0.1666444393152321 - 0.6666376893893966 - 0.16668466614769392 - -1.28860660385591e-05
B2: 0.16663798035790614 - 0.6666270213786173 - 0.16662101841349708 - -2.8278526694305902e-05
