Number: 2487
Error: 3.988736479929515e-06
A1: [-1.0354056854550615e-05, -9.976931975957661e-06, -8.433011381764945e-06, -1.0144234830476086e-05] - [0.208303699835357, 0.3333037226416298, -0.04169103490615972, -2.870902096942039e-05] - [0.16665399584131887, 0.6666545303928847, 0.16665650501664916, -1.2411937658301887e-05] - [-4.723907009236437e-06, -4.217271111302635e-06, -3.7104290279515103e-06, -4.719879617719034e-06]
A2: [0.16668872631739834, -0.16664391334721015, 2.3073720524763545e-05, 2.2015256303660992e-05] - [0.16669458528908826, 0.33336216362220705, 2.8445611583026426e-05, 2.7744564847277225e-05] - [0.16665301638815683, 0.8333192725506997, -1.4730191218494953e-05, -1.3692912715177248e-05] - [1.3355332317541019e-05, 1.3763521306047892e-05, 1.4133458951010481e-05, 1.335532966891112e-05]
B1: 0.16662870667162558 - 0.6665795009818298 - 0.16667383746083728 - -1.317372364749058e-05
B2: 0.16661993427549876 - 0.6665983728498817 - 0.16658582038889572 - -4.5650521043397716e-05
