Number: 1343
Error: 3.3570929801683583e-06
A1: [-6.361032515442592e-06, -5.790272458654887e-06, -4.589876860530345e-06, -6.247265138621347e-06] - [0.20831401943088723, 0.3333155390350717, -0.0416801245835507, -1.881266918152713e-05] - [0.16665894404625084, 0.6666596179654265, 0.16666106911560538, -7.582268481875464e-06] - [-2.5471590342933976e-06, -2.2738551066357384e-06, -2.0004063062380694e-06, -2.5449817596981125e-06]
A2: [0.16668214890660502, -0.16665075885109884, 1.6122048758432756e-05, 1.5458297195113178e-05] - [0.16669451271573152, 0.3333618684725828, 2.8489022494265203e-05, 2.7752194381796278e-05] - [0.16666211591116334, 0.8333286084599855, -5.046622021515782e-06, -4.573739178148701e-06] - [7.215454359247574e-06, 7.435968906559161e-06, 7.635806457003049e-06, 7.2154512819531556e-06]
B1: 0.16664027670547268 - 0.6666222909419566 - 0.16668181448806088 - -1.2959034995661204e-05
B2: 0.16663307921047776 - 0.6666193646480767 - 0.16661168230725673 - -3.300119166020167e-05
