Number: 2544
Error: 6.782506770612934e-06
A1: [-4.823363267736334e-06, -5.1403651551928295e-06, -4.264016281752753e-06, -4.613808575034418e-06] - [0.20832972663913812, 0.33332661191646096, -0.0416711643683173, -2.684267287855108e-06] - [0.1666612707612952, 0.6666609534438738, 0.16666210896540223, -5.137612588757196e-06] - [-4.832757362508748e-06, -4.314445712566863e-06, -3.795926388092305e-06, -4.8286377087324885e-06]
A2: [0.1666602253318938, -0.1666732743586734, -7.07328622842172e-06, -6.486767859393479e-06] - [0.166582281045697, 0.3332464462888458, -9.039213902868373e-05, -8.456375206517115e-05] - [0.16662523816966066, 0.8332906438587112, -4.4136685142154374e-05, -4.147212938846246e-05] - [1.3658221072106282e-05, 1.4075666939996966e-05, 1.445399507740751e-05, 1.3658218522862432e-05]
B1: 0.16669333935688596 - 0.6665581686458915 - 0.16656980459088938 - 5.118255582649587e-05
B2: 0.16668361587901823 - 0.6666829621083747 - 0.1666889329048352 - 1.805625437327558e-05
