Number: 1780
Error: 7.203929236572395e-06
A1: [-2.184175157269318e-06, -2.373421798227001e-06, -1.7280502077006283e-06, -2.038742706064279e-06] - [0.20833650700482112, 0.33333438570535767, -0.041664001886587296, 3.8135451292263074e-06] - [0.16666454801167147, 0.6666643221398617, 0.16666512644881729, -1.939496827784057e-06] - [-3.378707614335944e-06, -3.016264312098434e-06, -2.653646330226807e-06, -3.375822448676892e-06]
A2: [0.16665582924955347, -0.1666778493104145, -1.1718899070228255e-05, -1.0869182988894078e-05] - [0.1665822248906122, 0.3332462418541933, -9.036983727367819e-05, -8.456630824481656e-05] - [0.16663131500355755, 0.8332968785774387, -3.7669702909660824e-05, -3.538216253883083e-05] - [9.557933141634843e-06, 9.850048320802379e-06, 1.0114779258073722e-05, 9.557929883682741e-06]
B1: 0.16670117177510177 - 0.666586850022197 - 0.166575235765335 - 5.1431511134235756e-05
B2: 0.16669247036029963 - 0.666696971196728 - 0.1667061025796402 - 2.6579528926142147e-05
