Number: 2786
Error: 6.649783694076595e-06
A1: [-5.680277359408481e-06, -6.038921003705844e-06, -5.090589747559104e-06, -5.450392710590964e-06] - [0.2083274945211745, 0.33332406038110274, -0.04167352703070104, -4.82680733357645e-06] - [0.16666021151397056, 0.666659864039003, 0.16666112960413046, -6.17177569799474e-06] - [-5.293303578451864e-06, -4.725620025302515e-06, -4.157723458780563e-06, -5.288793808101425e-06]
A2: [0.16666161207778848, -0.16667183078187833, -5.607138810132265e-06, -5.104351075057779e-06] - [0.16658228135523476, 0.3332464940330093, -9.041570908817523e-05, -8.45804212827025e-05] - [0.1666233102222546, 0.8332886659581097, -4.618809497431325e-05, -4.3404237413786553e-05] - [1.495687912088572e-05, 1.5414019922331798e-05, 1.5828328573735075e-05, 1.4956877069028728e-05]
B1: 0.16669093215593814 - 0.6665491486117094 - 0.1665681397037966 - 5.117740102173218e-05
B2: 0.16668089044329656 - 0.6666785385604944 - 0.16668343927188883 - 1.543573087325786e-05
