Number: 361
Error: 2.7979608724033335e-06
A1: [-2.980131285074026e-06, -2.246816789690255e-06, -1.345014168793794e-06, -2.9487798987974046e-06] - [0.20832268650884836, 0.3333254763805006, -0.041670979707609614, -1.0508736361113346e-05] - [0.16666314300454227, 0.6666639329712977, 0.16666493108029615, -3.4850321854380887e-06] - [-6.78465471292297e-07, -6.054504995623245e-07, -5.323882041709223e-07, -6.778842734255283e-07]
A2: [0.16667650439223425, -0.16665663248348872, 1.0158295701862763e-05, 9.831338925192715e-06] - [0.16669447548613778, 0.3333616437968675, 2.8558465911435646e-05, 2.7783802144273288e-05] - [0.1666699371889768, 0.8333366334217811, 3.277477596564621e-06, 3.264400762256603e-06] - [1.9439325269586157e-06, 2.003313347530289e-06, 2.0571216967712274e-06, 1.9439313926397285e-06]
B1: 0.1666496379493349 - 0.6666584864956229 - 0.16668815718561739 - -1.3345224421459784e-05
B2: 0.1666451843449991 - 0.6666380539351495 - 0.1666343897696389 - -2.132145828803192e-05
