Number: 324
Error: 8.029792970233929e-06
A1: [2.852322274358398e-06, 2.9057007938174637e-06, 3.1099556272350906e-06, 2.875533606635089e-06] - [0.20834945223221044, 0.3333492209167983, -0.041650335134562455, 1.6220240383776805e-05] - [0.16667079893735234, 0.6666707466052981, 0.16667088068039704, 4.1605836201137175e-06] - [-6.073099450755285e-07, -5.419195368152795e-07, -4.764865185490836e-07, -6.067896925238156e-07]
A2: [0.1666474570126822, -0.16668656176494104, -2.0565360970565966e-05, -1.9215373139885806e-05] - [0.1665821494578999, 0.3332458867313393, -9.029012800615558e-05, -8.453960906929288e-05] - [0.1666429051899864, 0.8333087704075665, -2.5334565433364218e-05, -2.3766957243070853e-05] - [1.7421883754690518e-06, 1.795402223344401e-06, 1.8436219527161984e-06, 1.7421873572569155e-06]
B1: 0.16671523652226378 - 0.6666406806343045 - 0.1665847819555526 - 5.104340179165621e-05
B2: 0.16671012902452217 - 0.6667244671488979 - 0.1667396336242311 - 4.360704919764858e-05
