Number: 3082
Error: 6.488033496058423e-06
A1: [-6.695893820958995e-06, -7.1036414644121016e-06, -6.06544072494102e-06, -6.441174620258486e-06] - [0.20832489524774073, 0.3333210777719438, -0.04167627127849708, -7.316641500097304e-06] - [0.1666589487631971, 0.6666585662461727, 0.16665996824569765, -7.403877853769971e-06] - [-5.85661040562133e-06, -5.228538845721788e-06, -4.60025107368997e-06, -5.851624049623354e-06]
A2: [0.1666633123463984, -0.16667006127976763, -3.8103185714479105e-06, -3.4093775726173814e-06] - [0.1665822906392181, 0.33324656060526275, -9.043712359599245e-05, -8.459190546392323e-05] - [0.1666209523888433, 0.8332862469365411, -4.8697121467840775e-05, -4.576716031366343e-05] - [1.6545238047754097e-05, 1.7050928725350992e-05, 1.7509245441617217e-05, 1.654523678249227e-05]
B1: 0.1666878859151639 - 0.6665380147851458 - 0.1665660026976407 - 5.106904407862898e-05
B2: 0.16667744966596595 - 0.6666731220885993 - 0.16667682084328855 - 1.2123283381374443e-05
