Number: 405
Error: 2.8240470693119427e-06
A1: [-3.128292551995455e-06, -2.4019800052471763e-06, -1.4865158089293737e-06, -3.0932514795604634e-06] - [0.20832231181132582, 0.3333250458751857, -0.04167137359397631, -1.086717555391818e-05] - [0.16666295834712522, 0.6666637433853, 0.16666476206683295, -3.665134817420249e-06] - [-7.621979741316234e-07, -6.802089964230465e-07, -5.981673767449232e-07, -7.615450948308916e-07]
A2: [0.1666767557036937, -0.16665637099204553, 1.0423743004824822e-05, 1.0081863730006382e-05] - [0.166694469518282, 0.33336164592118583, 2.854712497187162e-05, 2.7774750014162425e-05] - [0.16666958454527034, 0.8333362715849716, 2.9021768880532673e-06, 2.911001616793345e-06] - [2.180156008135864e-06, 2.246757464140901e-06, 2.307109304196635e-06, 2.1801547438681e-06]
B1: 0.16664927593175433 - 0.6666569152814213 - 0.16668791683120074 - -1.3270542952877265e-05
B2: 0.16664457556575415 - 0.6666371610084391 - 0.16663332848504958 - -2.1911176720109548e-05
