Number: 2035
Error: 3.7403390788318305e-06
A1: [-8.773144229059635e-06, -8.319319743333348e-06, -6.910926259448616e-06, -8.601275627025294e-06] - [0.20830779035241867, 0.33330840534713063, -0.04168670937739234, -2.4785738822592743e-05] - [0.16665595420273413, 0.6666565440190887, 0.16665831203243492, -1.0500410612881107e-05] - [-3.863893811525832e-06, -3.4494482966725956e-06, -3.034814224061888e-06, -3.8605962402781926e-06]
A2: [0.16668613053637812, -0.16664661508385117, 2.0329997370414618e-05, 1.9427555787604682e-05] - [0.16669456714461411, 0.33336205743326536, 2.8473066979623992e-05, 2.7758110262027374e-05] - [0.16665661403267348, 0.8333229635747191, -1.090182332123437e-05, -1.0087503290782392e-05] - [1.0929594830508195e-05, 1.1263637859366766e-05, 1.1566370419307668e-05, 1.0929591661653043e-05]
B1: 0.1666332705052517 - 0.6665964067384555 - 0.16667699599806315 - -1.3096329877668961e-05
B2: 0.16662509938700568 - 0.6666066485836478 - 0.16659603121590336 - -4.068122981839489e-05
