Number: 1747
Error: 3.581325116680562e-06
A1: [-7.76659928205862e-06, -7.263948644229237e-06, -5.941958516740183e-06, -7.618913587686171e-06] - [0.20831039357051995, 0.3333113856965316, -0.0416839568157061, -2.22890768191816e-05] - [0.16665720123315858, 0.6666578262136876, 0.16665946252133795, -9.283222758822885e-06] - [-3.315899941688257e-06, -2.9601954074356058e-06, -2.6043180346279015e-06, -3.3130681845186496e-06]
A2: [0.16668447464635483, -0.1666483384803442, 1.8579858862007026e-05, 1.777681443189983e-05] - [0.16669454841769143, 0.3333619826311524, 2.84834553977002e-05, 2.775957417642566e-05] - [0.16665890462670593, 0.8333253136719272, -8.464209836105749e-06, -7.791962320735936e-06] - [9.383883895011453e-06, 9.670679973795798e-06, 9.930590021195873e-06, 9.38388063374247e-06]
B1: 0.16663618305930672 - 0.6666071782643017 - 0.16667900280466147 - -1.3042476658593551e-05
B2: 0.1666284015962712 - 0.666611930327309 - 0.1666025433423533 - -3.750378785127395e-05
