Number: 349
Error: 2.790816003398637e-06
A1: [-2.9418775001845726e-06, -2.206777912207955e-06, -1.308825677657117e-06, -2.9115303276441148e-06] - [0.2083227800161378, 0.33332558460756384, -0.04167088196791788, -1.0419654840824798e-05] - [0.1666631911845679, 0.6666639823701129, 0.16666497474306285, -3.438092289286931e-06] - [-6.556293726688511e-07, -5.850617969064426e-07, -5.144483644787565e-07, -6.550677271480993e-07]
A2: [0.16667643557524092, -0.16665670405646862, 1.0085665029066984e-05, 9.762736489604165e-06] - [0.16669447652748737, 0.3333616426878392, 2.8561087735284153e-05, 2.7785684717219778e-05] - [0.16667003334997768, 0.8333367320979416, 3.379833832874576e-06, 3.3607678048144296e-06] - [1.8795085153047733e-06, 1.9369200876882085e-06, 1.988943867295642e-06, 1.8795074170749091e-06]
B1: 0.16664974117805853 - 0.6666589194834739 - 0.16668822718924525 - -1.3361087561702378e-05
B2: 0.16664535975191258 - 0.6666383001047725 - 0.16663467474415608 - -2.1151250228648553e-05
