Number: 800
Error: 7.752843623795771e-06
A1: [1.2361602713863102e-06, 1.2125009342578369e-06, 1.5632606510363932e-06, 1.299300894046379e-06] - [0.20834534415681866, 0.33334450400590687, -0.04165466097723411, 1.2288107772518637e-05] - [0.16666878682655928, 0.6666686799888221, 0.16666903543175546, 2.197761312146467e-06] - [-1.5134022858848402e-06, -1.3508977472873697e-06, -1.1882971022545402e-06, -1.5121070487989033e-06]
A2: [0.1666501880671629, -0.16668372009151286, -1.7680468966695227e-05, -1.6492833976735944e-05] - [0.1665821398551104, 0.3332459664786032, -9.035452604266147e-05, -8.458259904610082e-05] - [0.16663910508981777, 0.8333048712590374, -2.9379039304392983e-05, -2.757523531643038e-05] - [4.297540225983793e-06, 4.428863086466391e-06, 4.547867968267298e-06, 4.297537971539648e-06]
B1: 0.1667109472495223 - 0.6666233563449955 - 0.1665819017341872 - 5.1478858039898245e-05
B2: 0.1667039124884813 - 0.6667151324655288 - 0.16672843050042319 - 3.7596842945359114e-05
