Number: 2832
Error: 6.6246316484881126e-06
A1: [-5.829692091797127e-06, -6.19549421485837e-06, -5.232724098450045e-06, -5.595956030909329e-06] - [0.20832712448896315, 0.33332363268011894, -0.04167391578535766, -5.179864418222368e-06] - [0.16666002378247502, 0.6666596713394336, 0.16666095858528077, -6.354752266673007e-06] - [-5.380848133740212e-06, -4.803780082446222e-06, -4.226498280067461e-06, -5.3762642543362075e-06]
A2: [0.16666187785344885, -0.16667155431778466, -5.326504148240085e-06, -4.8393983074923715e-06] - [0.16658228695535032, 0.3332465083489614, -9.041526450041177e-05, -8.457804860856073e-05] - [0.16662294433968178, 0.8332882905439833, -4.657752025340647e-05, -4.377091088838437e-05] - [1.5203724399512775e-05, 1.566841031389941e-05, 1.6089558152492088e-05, 1.5203722457043808e-05]
B1: 0.1666904306845314 - 0.6665473918177887 - 0.1665677826244227 - 5.1132474860566095e-05
B2: 0.1666803267768646 - 0.666677694109906 - 0.1666824357212166 - 1.4892008644197221e-05
