Number: 1336
Error: 7.450970977108193e-06
A1: [-6.362274250266678e-07, -7.504594335293223e-07, -2.385654021030299e-07, -5.280756463573861e-07] - [0.20834050432746976, 0.3333389634293943, -0.041659776389892905, 7.646601076116554e-06] - [0.16666646687886746, 0.6666662949217224, 0.16666689586464922, -6.663743488282472e-08] - [-2.5336345908524752e-06, -2.2617754183128966e-06, -1.98977206444305e-06, -2.5314688550843493e-06]
A2: [0.16665327292118232, -0.16668050969818177, -1.4420455926942868e-05, -1.3417568584986738e-05] - [0.16658218387821697, 0.33324611442652313, -9.03657327730737e-05, -8.45761739999228e-05] - [0.1666348437441145, 0.8333004990556456, -3.391426491230463e-05, -3.184579130392392e-05] - [7.174769893557708e-06, 7.39404008892688e-06, 7.592749848831719e-06, 7.174766825402313e-06]
B1: 0.16670566574398363 - 0.6666034524003934 - 0.16657831691754063 - 5.151809212105261e-05
B2: 0.16669760229684003 - 0.6667051426322552 - 0.16671615702762718 - 3.151899473738779e-05
