Number: 2739
Error: 4.126602823649193e-06
A1: [-1.1222677421717722e-05, -1.0887594980701571e-05, -9.267400565860308e-06, -1.0991708542437708e-05] - [0.20830147068459592, 0.3333011662178376, -0.041693389323748414, -3.084498576709563e-05] - [0.16665291691703987, 0.6666534213805932, 0.16665551190779535, -1.3464764720084676e-05] - [-5.203367814711508e-06, -4.645334377256644e-06, -4.0870886502004575e-06, -5.198934190821487e-06]
A2: [0.16669017410776368, -0.16664240659522603, 2.4603768178210174e-05, 2.345854153215431e-05] - [0.16669459506482423, 0.33336222219878897, 2.842938594637601e-05, 2.7736671591826646e-05] - [0.16665100979984182, 0.8333172138672027, -1.686548301461719e-05, -1.5703830741713923e-05] - [1.4707637602598714e-05, 1.5157161493744463e-05, 1.5564565978024232e-05, 1.4707635442810971e-05]
B1: 0.16662612439731878 - 0.6665700354369991 - 0.16667203347993595 - -1.3254817967521467e-05
B2: 0.16661701633098458 - 0.6665937604321088 - 0.16658017108131903 - -4.8459284570115374e-05
