Number: 2215
Error: 3.839452576110109e-06
A1: [-9.414178298234296e-06, -8.991542284444463e-06, -7.5298206763545785e-06, -9.227184297022435e-06] - [0.20830611521447834, 0.3333064917897705, -0.04168848328404237, -2.6394234018629424e-05] - [0.16665516273826927, 0.6666557298961695, 0.16665757954055177, -1.1273212679341917e-05] - [-4.206380548330138e-06, -3.75522162486821e-06, -3.3038660944528025e-06, -4.202792159432825e-06]
A2: [0.1666871627377807, -0.16664554059014527, 2.142131325926418e-05, 2.0456539370197416e-05] - [0.1666945709174145, 0.33336209652294635, 2.845920295211759e-05, 2.774926374713738e-05] - [0.16665518115700428, 0.8333214935431476, -1.2426516650262336e-05, -1.1523470958527705e-05] - [1.189562749362096e-05, 1.2259198653072556e-05, 1.2588694816983793e-05, 1.1895624477053915e-05]
B1: 0.16663148970332528 - 0.6665897104827992 - 0.16667577389539623 - -1.3090444189376522e-05
B2: 0.16662308002445483 - 0.6666033547473543 - 0.1665919290636314 - -4.262261499226733e-05
