Number: 1590
Error: 7.309454180791547e-06
A1: [-1.5074692778822058e-06, -1.6638055911953221e-06, -1.0747423564681314e-06, -1.3780037516130078e-06] - [0.20833827518234976, 0.3333364055134667, -0.04166212954378996, 5.511373726905636e-06] - [0.16666538360632954, 0.6666651816239244, 0.1666658997269803, -1.1236035867839398e-06] - [-3.0170852450293565e-06, -2.6934055302469608e-06, -2.369563162706148e-06, -3.0145077588326585e-06]
A2: [0.1666547380192711, -0.16667898519484362, -1.2872532124056012e-05, -1.1957014344715514e-05] - [0.16658221460240205, 0.3332461942515114, -9.036150646768353e-05, -8.456326772755764e-05] - [0.1666328260021431, 0.8332984287903533, -3.606178149820014e-05, -3.386789843409021e-05] - [8.538135162823894e-06, 8.799078738679508e-06, 9.035557733675012e-06, 8.538131932023197e-06]
B1: 0.16670305173221525 - 0.6665939141847352 - 0.16657651661490835 - 5.1425401393395426e-05
B2: 0.16669461237353703 - 0.6667004585212912 - 0.16671044278393768 - 2.8639179159303463e-05
