Number: 1512
Error: 7.352818446938204e-06
A1: [-1.2488144557538054e-06, -1.3927180269209308e-06, -8.278488076362781e-07, -1.1258855229609397e-06] - [0.20833892391775946, 0.33333715320918667, -0.041661446726899004, 6.131302655896573e-06] - [0.16666570728126798, 0.6666655140170479, 0.16666619564055066, -8.079982688254868e-07] - [-2.868623463755618e-06, -2.560857014862744e-06, -2.2529332940003044e-06, -2.866172370729983e-06]
A2: [0.16665428663987839, -0.16667945474308254, -1.3349195022875538e-05, -1.2406998381554193e-05] - [0.16658220137505186, 0.33324616613767166, -9.03662028259094e-05, -8.457102336665522e-05] - [0.16663344519921866, 0.8332990641389096, -3.540268632091e-05, -3.324736083596634e-05] - [8.119470955336024e-06, 8.367617409628422e-06, 8.592498069312212e-06, 8.119467759088819e-06]
B1: 0.16670388535551045 - 0.6665968729204451 - 0.16657709795749434 - 5.1484788872589794e-05
B2: 0.1666955589151558 - 0.6667018976178097 - 0.16671216900024122 - 2.9551907088590847e-05
