Number: 1587
Error: 3.49273433422549e-06
A1: [-7.220668867055182e-06, -6.69164140238757e-06, -5.418403460462831e-06, -7.086405720688497e-06] - [0.20831178636690142, 0.333312984990742, -0.04168248709313378, -2.0955427858098846e-05] - [0.16665788062212486, 0.6666585243805536, 0.16666008675713226, -8.620400812895302e-06] - [-3.011451148170248e-06, -2.688380164791961e-06, -2.365146590211847e-06, -3.0088784460614815e-06]
A2: [0.1666835519322299, -0.16664929858439584, 1.7605019612987505e-05, 1.685696078289521e-05] - [0.16669453019823177, 0.33336193356431515, 2.848204293665414e-05, 2.775257189914248e-05] - [0.16666017603262456, 0.8333266181738028, -7.111046796841742e-06, -6.517808220686319e-06] - [8.525125816279675e-06, 8.78567260007275e-06, 9.021792004778552e-06, 8.525122584118573e-06]
B1: 0.16663784289121855 - 0.6666132009209326 - 0.1666801527331184 - -1.2970801868673369e-05
B2: 0.1666302862232044 - 0.6666148733142152 - 0.16660612620092216 - -3.5688478491796046e-05
