Number: 632
Error: 7.849061432072578e-06
A1: [1.816810898713984e-06, 1.8210626565132023e-06, 2.120837241642864e-06, 1.8658491070319318e-06] - [0.20834683570878518, 0.33334621330411823, -0.04165308683747419, 1.371752242316806e-05] - [0.1666695075234092, 0.6666694206308272, 0.1666696986543678, 2.9010524925660485e-06] - [-1.1936134295110213e-06, -1.0653843876016456e-06, -9.370769121116078e-07, -1.1925914994513589e-06]
A2: [0.16664922248186032, -0.16668472489476305, -1.870069759387573e-05, -1.745541387707938e-05] - [0.16658213345669698, 0.3332459279596252, -9.03427295891442e-05, -8.457721352188226e-05] - [0.1666404430975049, 0.8333062441085021, -2.795500609028282e-05, -2.6234341163998883e-05] - [3.3956690435565485e-06, 3.4994246001071774e-06, 3.5934466595849996e-06, 3.395667172654765e-06]
B1: 0.16671253225129581 - 0.6666295319595923 - 0.1665829695763968 - 5.1396212047903495e-05
B2: 0.16670598776442871 - 0.6667183409704678 - 0.16673233328601955 - 3.959929626700737e-05
