Number: 958
Error: 7.66324839197027e-06
A1: [6.917602481283582e-07, 6.418703668355108e-07, 1.0405981588481715e-06, 7.68162087798647e-07] - [0.20834394797444292, 0.3333429031351848, -0.041656134641322694, 1.0950357492291316e-05] - [0.16666811063614317, 0.6666679850701759, 0.16666841335111654, 1.5379385674931747e-06] - [-1.8141503052019078e-06, -1.6194106071882213e-06, -1.4245593318176393e-06, -1.8125982336886038e-06]
A2: [0.16665109802714262, -0.16668277321618943, -1.6719059284437945e-05, -1.5585700502621838e-05] - [0.16658215324055825, 0.3332460102204101, -9.035797718848299e-05, -8.458029634277324e-05] - [0.16663784854832703, 0.8333035819914043, -3.07164079488369e-05, -2.8834491606827324e-05] - [5.1457066791429325e-06, 5.302955224193967e-06, 5.4454555853544205e-06, 5.1457041191970655e-06]
B1: 0.16670939710318056 - 0.6666174944634037 - 0.16658084909633972 - 5.149711548465497e-05
B2: 0.16670199935536154 - 0.6667121584100718 - 0.16672480843485077 - 3.575219872383606e-05
