Number: 2611
Error: 4.056639599537277e-06
A1: [-1.0786042050593325e-05, -1.0429861513500261e-05, -8.848665629882417e-06, -1.0565809982527835e-05] - [0.20830258455463374, 0.3333024452885379, -0.041692213891122196, -2.9778430481929676e-05] - [0.1666534603260038, 0.6666539798131299, 0.16665601121048318, -1.2934606919485875e-05] - [-4.959833071063993e-06, -4.427906144752115e-06, -3.8957696969731835e-06, -4.955605729150812e-06]
A2: [0.16668943808743175, -0.16664317252543795, 2.382604592444174e-05, 2.2724809556331983e-05] - [0.16669458860912814, 0.3333621910571347, 2.8436346047343568e-05, 2.7739190825615522e-05] - [0.1666520289174635, 0.8333182594581376, -1.5780966826150838e-05, -1.4682513823618622e-05] - [1.4020762880900637e-05, 1.444929159485006e-05, 1.4837665481682871e-05, 1.4020760455029152e-05]
B1: 0.16662745064236506 - 0.6665748576556229 - 0.16667296386070604 - -1.3198994177068325e-05
B2: 0.1666185135882715 - 0.6665961041367985 - 0.16658302643555947 - -4.7017486002459536e-05
