Number: 2949
Error: 4.2412407675741404e-06
A1: [-1.1970469830437863e-05, -1.167176571152794e-05, -9.98935458317273e-06, -1.1721856044885482e-05] - [0.20829951661178397, 0.33329893400136085, -0.041695458621651874, -3.2721312281185313e-05] - [0.16665199362448632, 0.6666524716551343, 0.1666546574044536, -1.4366287309657235e-05] - [-5.602905684169351e-06, -5.002040258505124e-06, -4.400959486832094e-06, -5.598133896991975e-06]
A2: [0.16669137564389613, -0.16664115572433053, 2.587426613336923e-05, 2.4656323572751027e-05] - [0.16669458922090724, 0.3333622575515052, 2.8402970910858198e-05, 2.7716103763291067e-05] - [0.16664933559029957, 0.8333154963090952, -1.86468124258249e-05, -1.7381648492822696e-05] - [1.5834522195540604e-05, 1.6318490599837297e-05, 1.6757117053524963e-05, 1.5834520551802196e-05]
B1: 0.16662405382896775 - 0.6665622229051347 - 0.1666705994547746 - -1.3241043595144683e-05
B2: 0.1666146688700931 - 0.6665899262547055 - 0.16657539405011887 - -5.0715767389500514e-05
