Number: 76
Error: 8.183194457268717e-06
A1: [3.630740111027318e-06, 3.7197644454941243e-06, 3.843193556560258e-06, 3.633208990516631e-06] - [0.20835133389283675, 0.3333514019685164, -0.041648375656195086, 1.8010482596556154e-05] - [0.1666717817733512, 0.6666717534352204, 0.16667176776344575, 5.117801700244971e-06] - [-1.3519160070414406e-07, -1.2039890711598777e-07, -1.0559598341256322e-07, -1.3507593587447087e-07]
A2: [0.166646046112236, -0.16668802919734202, -2.205423949651834e-05, -2.0621837029749123e-05] - [0.16658222119493402, 0.33324591557651784, -9.018269368394095e-05, -8.445047778456066e-05] - [0.16664490644830385, 0.8333108239998694, -2.3204584931004705e-05, -2.1761438662036935e-05] - [4.107918386827767e-07, 4.2330899541334996e-07, 4.346490703909988e-07, 4.107916310905742e-07]
B1: 0.16671701923040239 - 0.6666493209844089 - 0.16658596275139304 - 5.0365150859491115e-05
B2: 0.16671410679943513 - 0.6667298663202703 - 0.16674578986710445 - 4.7477325244818755e-05
