Number: 1097
Error: 3.2196147744829787e-06
A1: [-5.498784532606816e-06, -4.8862327940406034e-06, -3.7595626012338816e-06, -5.405677170023481e-06] - [0.20831625282092572, 0.3333180948987607, -0.04167776296973676, -1.6670308645279427e-05] - [0.16666001166075706, 0.6666607157045967, 0.16666205442702275, -6.5401498253115075e-06] - [-2.0790494827091936e-06, -1.8559204512167787e-06, -1.6326669860144325e-06, -2.0772713334587303e-06]
A2: [0.16668073347419374, -0.16665223193676892, 1.4626132582312688e-05, 1.4047262620550916e-05] - [0.16669449287746396, 0.33336180081820344, 2.849421686024591e-05, 2.774960088116497e-05] - [0.16666407145204398, 0.8333306148551372, -2.96544851709614e-06, -2.613973765015718e-06] - [5.894986723775397e-06, 6.075138917826633e-06, 6.23839632659011e-06, 5.894983937113491e-06]
B1: 0.16664272221258197 - 0.6666314467163962 - 0.16668348031670738 - -1.2955444768323286e-05
B2: 0.16663593374949667 - 0.6666239174168823 - 0.16661729368384637 - -3.0253218837128834e-05
