Number: 1406
Error: 7.411939513308377e-06
A1: [-8.616357577315903e-07, -9.8664325376626e-07, -4.526540273816147e-07, -7.476241318235462e-07] - [0.20833994920602025, 0.3333383210361585, -0.041660359018675305, 7.1173059479441e-06] - [0.1666661831977479, 0.6666660038024375, 0.1666666378704865, -3.430828610821255e-07] - [-2.6668733104173134e-06, -2.3807330355537232e-06, -2.0944432141914117e-06, -2.6645940485574843e-06]
A2: [0.1666536792479344, -0.1666800871254598, -1.3991560889016119e-05, -1.3012494079323288e-05] - [0.16658219905737004, 0.3332461428037214, -9.035854093175126e-05, -8.456590524561657e-05] - [0.16663428847369258, 0.8332999292691446, -3.4505384366415834e-05, -3.240226468603005e-05] - [7.550506733008305e-06, 7.78126193821584e-06, 7.990380646734118e-06, 7.550503605650898e-06]
B1: 0.1667048985490882 - 0.6666007792226217 - 0.16657777852873007 - 5.144571366772479e-05
B2: 0.16669672636687627 - 0.6667038456451787 - 0.16671462450837984 - 3.0673410478769406e-05
