Number: 2497
Error: 3.994218701367659e-06
A1: [-1.0389668004587404e-05, -1.0014275608606583e-05, -8.467392316980321e-06, -1.0179005714365283e-05] - [0.20830360677793702, 0.3333036163390203, -0.0416911334505383, -2.8798376101194226e-05] - [0.1666539518729933, 0.6666544851658107, 0.16665646432429734, -1.245486925282608e-05] - [-4.742933319240172e-06, -4.234257795129004e-06, -3.7253757927450343e-06, -4.7388897985695205e-06]
A2: [0.16668878359571151, -0.16664385371948573, 2.3134282835983362e-05, 2.207235584985566e-05] - [0.16669458524719014, 0.3333621655421652, 2.8444589918714234e-05, 2.77438218425922e-05] - [0.16665293672204504, 0.8333191908203613, -1.481495831112467e-05, -1.3772750625948984e-05] - [1.340899706532529e-05, 1.381882638463011e-05, 1.4190250842102953e-05, 1.340899443337713e-05]
B1: 0.16662860792156362 - 0.6665791289724607 - 0.16667376937459916 - -1.3173216363552499e-05
B2: 0.1666198222862824 - 0.6665981900604333 - 0.16658559269718076 - -4.575817807486196e-05
