Number: 2621
Error: 4.06211361180407e-06
A1: [-1.082165250079724e-05, -1.0467204382078253e-05, -8.883045799658021e-06, -1.060058017804573e-05] - [0.20830249149944266, 0.3333023389882472, -0.04169231243325325, -2.9867783414166394e-05] - [0.16665341635838793, 0.6666539345867794, 0.1666559705187365, -1.2977537827597394e-05] - [-4.978859134887776e-06, -4.444892585051976e-06, -3.91071627285877e-06, -4.974615673042305e-06]
A2: [0.16668949534375466, -0.1666431129197522, 2.388658620928405e-05, 2.2781887112490408e-05] - [0.1666945884837948, 0.33336219289361746, 2.8435241013473456e-05, 2.7738364374409793e-05] - [0.16665194923082516, 0.8333181777072757, -1.5865754433381565e-05, -1.4762372268166961e-05] - [1.4074426368158113e-05, 1.4504595372066862e-05, 1.4894456053056681e-05, 1.4074423961748401e-05]
B1: 0.16662735194595857 - 0.6665744856407716 - 0.16667289570379107 - -1.3198434270424313e-05
B2: 0.1666184016713898 - 0.6665959214211664 - 0.166582798819232 - -4.712507066278367e-05
