Number: 617
Error: 2.9475676682636216e-06
A1: [-3.858082134338523e-06, -3.1666135839311536e-06, -2.1864340944593715e-06, -3.805248280266574e-06] - [0.20832044177257758, 0.33332290254435354, -0.04167334489077652, -1.265881663392323e-05] - [0.16666205226880504, 0.6666628124718955, 0.1666639291846066, -4.5492520339741656e-06] - [-1.1656338385508578e-06, -1.0404056623067886e-06, -9.151005334149637e-07, -1.1646358153974624e-06]
A2: [0.16667796906500046, -0.16665510831665203, 1.1705737944618824e-05, 1.1291434908778178e-05] - [0.16669445545391667, 0.3333616717227996, 2.8508889481042957e-05, 2.7745825269742287e-05] - [0.16666789026780773, 0.8333345331858638, 1.099066357474956e-06, 1.2130842700524908e-06] - [3.31829167947807e-06, 3.4196824509986876e-06, 3.5115614534858016e-06, 3.3182898420214844e-06]
B1: 0.16664742972396868 - 0.666649257987506 - 0.16668668677403065 - -1.3012504695146288e-05
B2: 0.16664181898912878 - 0.6666329846160282 - 0.1666282868865649 - -2.4575917534169805e-05
