Number: 1095
Error: 3.2185024926076194e-06
A1: [-5.496448086417787e-06, -4.883819451599189e-06, -3.7580114274134972e-06, -5.403504214227748e-06] - [0.20831625215542887, 0.33331809579631283, -0.041677764709717874, -1.667169619446495e-05] - [0.16666001561744911, 0.6666607196405121, 0.1666620571832878, -6.536395898201802e-06] - [-2.075243542189992e-06, -1.852522305725228e-06, -1.629676812145541e-06, -2.0734686398970833e-06]
A2: [0.16668072117695118, -0.16665224466304304, 1.4613262613300613e-05, 1.4035001166895716e-05] - [0.16669449066335812, 0.3333617983201177, 2.8492422014341046e-05, 2.774752710672287e-05] - [0.16666408711725925, 0.8333306309465907, -2.9487354545762775e-06, -2.598274173333357e-06] - [5.8842533980679205e-06, 6.0640775054033056e-06, 6.227037574727176e-06, 5.884250614341462e-06]
B1: 0.16664275718162103 - 0.6666315355723408 - 0.16668350761171147 - -1.2940315652762739e-05
B2: 0.16663597312073178 - 0.6666239560244098 - 0.16661732552348563 - -3.0214715133864174e-05
