Number: 3060
Error: 6.500029803573028e-06
A1: [-6.6223540982870515e-06, -7.02656135011391e-06, -5.995149131054262e-06, -6.369478819229348e-06] - [0.20832508060272698, 0.3333212911786158, -0.0416760760267791, -7.139412946852464e-06] - [0.16665904065053722, 0.6666586606277536, 0.16666005237701453, -7.3142665151561575e-06] - [-5.814742959145117e-06, -5.19115965241267e-06, -4.567360245687278e-06, -5.809792003376951e-06]
A2: [0.16666318569360747, -0.16667019306181163, -3.944113822542315e-06, -3.5356368080354646e-06] - [0.16658228927372437, 0.3332465550250275, -9.043611912832515e-05, -8.459172734798005e-05] - [0.16662112757892872, 0.8332864266795583, -4.8510683442286036e-05, -4.559159193759996e-05] - [1.6427187463238235e-05, 1.6929269801303623e-05, 1.7384315690260586e-05, 1.642718613274766e-05]
B1: 0.16668811865890928 - 0.6665388484802564 - 0.1665661675721851 - 5.108343932253171e-05
B2: 0.1666777117967992 - 0.6666735249980993 - 0.1666773066908018 - 1.2375875762625588e-05
