Number: 1546
Error: 7.333915137556178e-06
A1: [-1.3603320392670705e-06, -1.509586080413841e-06, -9.341018075255369e-07, -1.2345549925637532e-06] - [0.2083386460875237, 0.33333683252009794, -0.04166173885778305, 5.866024369576901e-06] - [0.166665567434616, 0.6666653704398549, 0.166666068034449, -9.4432856859192e-07] - [-2.9333379729420294e-06, -2.6186349848124885e-06, -2.3037723468964896e-06, -2.930831779482636e-06]
A2: [0.16665448362174257, -0.1666792498517575, -1.3141213312184565e-05, -1.2210624749816987e-05] - [0.16658220775317037, 0.3332461789776676, -9.036359912897128e-05, -8.456703034687624e-05] - [0.16663317537272213, 0.8332987872687807, -3.568991098402677e-05, -3.3517771658636964e-05] - [8.301966375293592e-06, 8.555691088069313e-06, 8.785627445062634e-06, 8.30196316235342e-06]
B1: 0.16670351781953252 - 0.6665955792816913 - 0.1665768408502483 - 5.145473768693294e-05
B2: 0.1666951421470118 - 0.6667012699793855 - 0.1667114202499186 - 2.914987832555255e-05
