Number: 541
Error: 2.9036564035240527e-06
A1: [-3.6007712170151945e-06, -2.8970195687015248e-06, -1.9402476345496247e-06, -3.5543117596118915e-06] - [0.20832109488964742, 0.3333236527862863, -0.041672657167999214, -1.2033787847711344e-05] - [0.16666237277644477, 0.6666631416673089, 0.1666642230220926, -4.236613042237937e-06] - [-1.0210065669848642e-06, -9.112791873923659e-07, -8.014833255090829e-07, -1.0201322316639124e-06]
A2: [0.16667753253573347, -0.1666555625089814, 1.1244639442853854e-05, 1.085626439733987e-05] - [0.16669445515727324, 0.33336165714689103, 2.8517297355356306e-05, 2.775085609791105e-05] - [0.16666849654105956, 0.8333351552671817, 1.7443402531010974e-06, 1.8206624445200688e-06] - [2.9102903186854633e-06, 2.999209744670812e-06, 3.0797867547083416e-06, 2.910288676343137e-06]
B1: 0.1666481303432056 - 0.6666520384515126 - 0.16668715978777945 - -1.3066242066682562e-05
B2: 0.1666428022941443 - 0.6666344636499645 - 0.1666300621752792 - -2.3625535900376136e-05
