Number: 19
Error: 2.5865814002474003e-06
A1: [-2.0160241186660706e-06, -1.2397285273640107e-06, -4.5555725047234206e-07, -2.0131717840692727e-06] - [0.20832484145703206, 0.33332801928298006, -0.04166876725278986, -8.479432636769991e-06] - [0.16666438763125271, 0.6666652044730368, 0.1666660312402936, -2.2756265915329695e-06] - [-2.7643170402398956e-08, -2.4374476545086695e-08, -2.1103382719202397e-08, -2.761975064780194e-08]
A2: [0.16667454224196385, -0.16665867161667694, 8.090588818021748e-06, 7.87530444119773e-06] - [0.16669453488385194, 0.3333616466966429, 2.8672430741090202e-05, 2.7867177795617282e-05] - [0.16667269348878602, 0.8333394622344399, 6.2119688951035645e-06, 6.02657333251634e-06] - [1.0780712616475557e-07, 1.110630649967226e-07, 1.1401060015864048e-07, 1.078071085568017e-07]
B1: 0.16665240656119762 - 0.6666707028950255 - 0.1666900779496862 - -1.396993693222755e-05
B2: 0.16665107513327543 - 0.6666455641310621 - 0.16664258484599387 - -1.5578860677231232e-05
