Number: 1588
Error: 7.310554858142078e-06
A1: [-1.5051386395120656e-06, -1.6613978008714169e-06, -1.0731964681422368e-06, -1.3758365982047537e-06] - [0.20833827449050446, 0.33333640638610423, -0.041662131307301654, 5.50995983702089e-06] - [0.16666538755810742, 0.6666651855551182, 0.1666659024787726, -1.1198545616201813e-06] - [-3.013277607366928e-06, -2.690005872013081e-06, -2.3665716186753085e-06, -3.010703362349856e-06]
A2: [0.16665472571187975, -0.16667899793175034, -1.2885413223569003e-05, -1.1969285956602937e-05] - [0.16658221235089185, 0.33324619171416514, -9.036334242881419e-05, -8.456537893382975e-05] - [0.16663284165647607, 0.8332984448704077, -3.604508032258926e-05, -3.385220972795334e-05] - [8.527400327629531e-06, 8.788015771264689e-06, 9.024197370595553e-06, 8.527397097543534e-06]
B1: 0.1667030872545489 - 0.6665940035649555 - 0.16657654440476535 - 5.1441083202296016e-05
B2: 0.16669465130399377 - 0.6667004966689626 - 0.1667104741460687 - 2.867724218134629e-05
