Number: 267
Error: 2.7415394472299144e-06
A1: [-2.6761728518813824e-06, -1.928677203718065e-06, -1.0568383772704563e-06, -2.652691926776739e-06] - [0.20832343620037483, 0.3333263421866194, -0.04167019524392561, -9.793729783855785e-06] - [0.1666635247069414, 0.666664324427446, 0.16666527781006715, -3.113048283247051e-06] - [-4.995824086465321e-07, -4.457387306483258e-07, -3.9185941940538094e-07, -4.991544055384499e-07]
A2: [0.16667596715864985, -0.16665719131509224, 9.591164523394376e-06, 9.295786011643659e-06] - [0.16669449014595963, 0.33336164162382503, 2.858551197755437e-05, 2.7805051396200944e-05] - [0.16667069185920116, 0.8333374078091389, 4.080703285780356e-06, 4.020684929533458e-06] - [1.4392689672890808e-06, 1.4832237412591161e-06, 1.5230527647121568e-06, 1.439268122498534e-06]
B1: 0.16665040067666909 - 0.6666618366266394 - 0.16668866820864273 - -1.3515372107385644e-05
B2: 0.16664656872031527 - 0.6666400058057997 - 0.166636659424745 - -1.997780624803901e-05
