Number: 900
Error: 7.696025456890299e-06
A1: [8.794201893633219e-07, 8.384814416033141e-07, 1.2189232969547045e-06, 9.509656721427452e-07] - [0.2083444114451379, 0.33334343901386837, -0.04165564818815126, 1.1392425407794466e-05] - [0.16666834655246154, 0.6666682271757107, 0.16666862803350463, 1.7678583190904823e-06] - [-1.7037476983942868e-06, -1.5208410308460433e-06, -1.3378283377255472e-06, -1.7022898872135491e-06]
A2: [0.16665076178500085, -0.16668312291057474, -1.7073984465848106e-05, -1.592090506476295e-05] - [0.166582142362557, 0.33324598845430103, -9.036214805818267e-05, -8.45871059629109e-05] - [0.16663830903587337, 0.8333040545211079, -3.0226189834101074e-05, -2.8373007470939284e-05] - [4.8343571591459115e-06, 4.982088756670651e-06, 5.1159642202162645e-06, 4.834354705017526e-06]
B1: 0.1667100109031301 - 0.6666196888131662 - 0.1665812758028915 - 5.153520349392652e-05
B2: 0.16670273926485246 - 0.6667132498212262 - 0.16672609770954602 - 3.6466965814860934e-05
