Number: 534
Error: 7.9058055612402e-06
A1: [2.1479485083793102e-06, 2.1679982823509644e-06, 2.437547531181146e-06, 2.188767504676997e-06] - [0.20834767511069685, 0.33334717779395917, -0.04165220312185338, 1.4520706859681986e-05] - [0.16666992019792587, 0.6666698444597207, 0.1666700768404025, 3.303580908758373e-06] - [-1.007065471107417e-06, -8.988304752052157e-07, -7.90527951959161e-07, -1.006203077618018e-06]
A2: [0.16664865924239025, -0.16668531091194289, -1.929561347862027e-05, -1.8016900193208798e-05] - [0.16658213185537976, 0.3332459079318382, -9.033310198049512e-05, -8.457194098826146e-05] - [0.16664122464478018, 0.8333070460358507, -2.7123168845348907e-05, -2.5451110191083736e-05] - [2.869567690586896e-06, 2.9572419944783867e-06, 3.0366906287746137e-06, 2.869566070602206e-06]
B1: 0.16671344026254342 - 0.6666331211376789 - 0.16658358247066285 - 5.133147415872006e-05
B2: 0.16670725764220673 - 0.6667202479689561 - 0.1667346199094814 - 4.082669420282026e-05
