Number: 2691
Error: 4.1004117407890285e-06
A1: [-1.107092297653155e-05, -1.0728601734969177e-05, -9.12370435102232e-06, -1.084396889767457e-05] - [0.2083018401221279, 0.3333015948951066, -0.04169300221976635, -3.0493244986937577e-05] - [0.16665310858760074, 0.6666536180048108, 0.16665568567865963, -1.3278051713815812e-05] - [-5.11204101702223e-06, -4.563797107751663e-06, -4.015341866803109e-06, -5.107684736406059e-06]
A2: [0.16668989609282034, -0.16664269572516965, 2.4310323088400583e-05, 2.3181384811567184e-05] - [0.16669458743623558, 0.3333622055790363, 2.8427336363955112e-05, 2.7732408964599434e-05] - [0.16665139138262816, 0.8333176054096115, -1.6459309215011163e-05, -1.532142312502605e-05] - [1.4450067929141235e-05, 1.4891718870250328e-05, 1.529198706874393e-05, 1.4450065665265274e-05]
B1: 0.16662666107537552 - 0.6665718814216748 - 0.16667241835717428 - -1.3194512901466791e-05
B2: 0.1666176185000532 - 0.6665946426645392 - 0.16658120576362548 - -4.787791637706589e-05
