Number: 2021
Error: 3.7326470359009183e-06
A1: [-8.732871928198751e-06, -8.277159948581375e-06, -6.873452314793852e-06, -8.56217057026858e-06] - [0.20830788203431516, 0.33330851340446754, -0.04168661434927148, -2.469920329784087e-05] - [0.16665600607556413, 0.6666565971100638, 0.16665835823025385, -1.0449980051794918e-05] - [-3.8372548094612174e-06, -3.4256644822426938e-06, -3.0138862807171314e-06, -3.833979868525031e-06]
A2: [0.16668604859653227, -0.16664670023224165, 2.0243626113989955e-05, 1.934586628780139e-05] - [0.16669456248907558, 0.33336205024363347, 2.8470221828187103e-05, 2.7754436487549357e-05] - [0.16665672496127804, 0.8333230774189413, -1.0783700070313712e-05, -9.976334139142923e-06] - [1.0854462657269237e-05, 1.1186209153177229e-05, 1.148686020892537e-05, 1.0854459479608747e-05]
B1: 0.1666334406112797 - 0.6665969576719529 - 0.16667711967653234 - -1.3065162872444628e-05
B2: 0.16662528917441813 - 0.6666069076156397 - 0.16659632158634768 - -4.049751002082996e-05
