Number: 1391
Error: 3.3838428879169034e-06
A1: [-6.536835944081019e-06, -5.974659851080411e-06, -4.760308481195829e-06, -6.4190301570142275e-06] - [0.2083135531853562, 0.3333150081385098, -0.04168061930722625, -1.926112381812018e-05] - [0.16665872808584287, 0.6666593956933337, 0.1666608683463641, -7.793246894393891e-06] - [-2.6384957883499455e-06, -2.355401420379929e-06, -2.0721584935501656e-06, -2.636240689589124e-06]
A2: [0.16668242380874623, -0.1666504726328437, 1.6412792075480195e-05, 1.5732341278704716e-05] - [0.16669451329880372, 0.3333618785657811, 2.848509105697203e-05, 2.774941277210459e-05] - [0.1666617339787042, 0.8333282166281317, -5.4530202665085405e-06, -4.956495925278316e-06] - [7.473103076865751e-06, 7.701493078427053e-06, 7.90846820751635e-06, 7.4730999586062746e-06]
B1: 0.16663982102436867 - 0.6666205249238516 - 0.16668150887524286 - -1.293822626842967e-05
B2: 0.16663255127734486 - 0.6666184817580622 - 0.16661056795193266 - -3.350833313093998e-05
