Number: 2746
Error: 6.671696298124614e-06
A1: [-5.537849068048856e-06, -5.889565463286095e-06, -4.9530876184657375e-06, -5.311325463409248e-06] - [0.20832786664895064, 0.33332448548411825, -0.04167313296692049, -4.469488780829674e-06] - [0.1666603873941978, 0.6666600449488753, 0.1666612923703196, -6.000042311582885e-06] - [-5.217181294635023e-06, -4.6576583900868975e-06, -4.097923185643405e-06, -5.212735976135022e-06]
A2: [0.1666613830692966, -0.16667206919046612, -5.849285180604369e-06, -5.3326440127544704e-06] - [0.16658228192372004, 0.33324648674344154, -9.041123019909388e-05, -8.457704635577505e-05] - [0.16662362899793903, 0.8332889929883524, -4.5848916749682994e-05, -4.30847740003306e-05] - [1.4742229009450592e-05, 1.5192808799524807e-05, 1.5601170319891622e-05, 1.474222686631705e-05]
B1: 0.166691327291031 - 0.6665506370826129 - 0.16656841277338044 - 5.1175504939095904e-05
B2: 0.16668133796999413 - 0.6666792692314978 - 0.16668434941652713 - 1.5865916712342793e-05
