Number: 785
Error: 3.0436490972885092e-06
A1: [-4.438829992465496e-06, -3.7752772208673067e-06, -2.7441192847098625e-06, -4.371894010528368e-06] - [0.20831894964784026, 0.3333211926715453, -0.04167491961618254, -1.408880526733383e-05] - [0.16666133157760266, 0.666662071817255, 0.16666326592870598, -5.252538011814589e-06] - [-1.4853334020974618e-06, -1.3258398403966746e-06, -1.1662515426103528e-06, -1.484062129424129e-06]
A2: [0.1666789340879574, -0.1666541040917515, 1.2725386838996116e-05, 1.2253454390119555e-05] - [0.16669445962819357, 0.3333617079537793, 2.8494798698539288e-05, 2.7738223187036667e-05] - [0.16666655176828063, 0.833333159830533, -3.2547275575650975e-07, -1.2829985718554586e-07] - [4.220169284258036e-06, 4.349127640589369e-06, 4.46598969014198e-06, 4.220167058152355e-06]
B1: 0.16664585379884092 - 0.6666430898596502 - 0.16668562457752975 - -1.2920832587228468e-05
B2: 0.16663973970115503 - 0.6666297717534774 - 0.16662437910017489 - -2.658242953737672e-05
