Number: 1635
Error: 3.51930598760347e-06
A1: [-7.372471485324266e-06, -6.850683749186361e-06, -5.562146986424397e-06, -7.234193030141952e-06] - [0.2083114167642333, 0.3333125561508449, -0.04168287435026262, -2.1307332448175703e-05] - [0.16665768890780644, 0.6666583277135073, 0.1666599129500334, -8.807156566186006e-06] - [-3.102787040554338e-06, -2.7699263456090295e-06, -2.4368998717019446e-06, -3.100136600917829e-06]
A2: [0.16668383081357524, -0.1666490085875632, 1.7899329689958313e-05, 1.7134983896852394e-05] - [0.16669454109198203, 0.3333619534444625, 2.848734272784605e-05, 2.776010017833605e-05] - [0.16665979525062155, 0.8333262274303869, -7.51642343809792e-06, -6.8994147449167375e-06] - [8.782749694863833e-06, 9.051171175761496e-06, 9.294427650962568e-06, 8.782746447909476e-06]
B1: 0.16663730600765403 - 0.6666113570228829 - 0.16667977249380328 - -1.3031269905008992e-05
B2: 0.1666296794292393 - 0.6666139863497839 - 0.16660508667388405 - -3.627447406497247e-05
