Number: 1420
Error: 7.404094008382117e-06
A1: [-9.258863553592077e-07, -1.0541262232488775e-06, -5.167948665719061e-07, -8.106844082313957e-07] - [0.20833976097043466, 0.3333381110085699, -0.041660561429502065, 6.934309506139984e-06] - [0.16666610708654303, 0.6666659251152393, 0.16666656472028965, -4.17728402543113e-07] - [-2.693516990326878e-06, -2.4045202754026375e-06, -2.1153729659759338e-06, -2.691215031446599e-06]
A2: [0.16665375724042236, -0.16668000572151345, -1.3908721817946004e-05, -1.2934752035913522e-05] - [0.16658219356088588, 0.33324614037522815, -9.036475556000079e-05, -8.457238380283296e-05] - [0.16663417642616343, 0.8332998143703058, -3.462449501357146e-05, -3.25145528091741e-05] - [7.625653806324382e-06, 7.85870598053515e-06, 8.069906455725307e-06, 7.625650668450074e-06]
B1: 0.16670480784924244 - 0.6666003045061659 - 0.16657772794818548 - 5.149402865452682e-05
B2: 0.16669661683724973 - 0.6667035921316867 - 0.16671426083957375 - 3.056994832348972e-05
