Number: 2823
Error: 4.172466686663693e-06
A1: [-1.1512210869921687e-05, -1.1191141764729643e-05, -9.545522650196873e-06, -1.1274193168537068e-05] - [0.20830072765552513, 0.3333003140990737, -0.04169417410763264, -3.155695318274964e-05] - [0.16665255728250686, 0.6666530517169296, 0.16665518087731426, -1.3815700444896636e-05] - [-5.363185422484493e-06, -4.788019510571469e-06, -4.2126398651120635e-06, -5.3586164925057955e-06]
A2: [0.16669065645035436, -0.16664190459939482, 2.5113529298838037e-05, 2.3939382413213453e-05] - [0.16669459735780306, 0.3333622407579182, 2.8423011901270925e-05, 2.7733074777646816e-05] - [0.1666503406993733, 0.8333165274016207, -1.757748467288342e-05, -1.637437452949062e-05] - [1.515839168789917e-05, 1.5621693416119878e-05, 1.6041586638795214e-05, 1.5158389722678087e-05]
B1: 0.16662526436424374 - 0.666566880294871 - 0.1666714314379892 - -1.3281136220511688e-05
B2: 0.1666160444223659 - 0.6665922237130302 - 0.16657828874807787 - -4.9394799018628234e-05
