Number: 106
Error: 8.164136592156026e-06
A1: [3.570177541334954e-06, 3.656837075251651e-06, 3.7919902393609217e-06, 3.5751233871404687e-06] - [0.20835124176189684, 0.3333512814432295, -0.04164846155816348, 1.7929280526252202e-05] - [0.1666716969227451, 0.6666716676407854, 0.16667169841287394, 5.0360174837232346e-06] - [-1.9230764977806356e-07, -1.713944166628134e-07, -1.5046684891013145e-07, -1.9214300571684967e-07]
A2: [0.16664622099726556, -0.16668784779440046, -2.187057368905973e-05, -2.0447488682483635e-05] - [0.16658222115421017, 0.3332459198298903, -9.018886473750351e-05, -8.445262263279708e-05] - [0.16664466446536202, 0.8333105755595531, -2.346239319672835e-05, -2.200393694248911e-05] - [5.718474249296916e-07, 5.892875776331753e-07, 6.050888783626958e-07, 5.718471145112112e-07]
B1: 0.16671673605360973 - 0.6666482081885216 - 0.16658575226467712 - 5.037954593037857e-05
B2: 0.16671347736652317 - 0.6667291700211868 - 0.16674511294642475 - 4.686089723389656e-05
