Number: 2127
Error: 3.791012523304209e-06
A1: [-9.095993925519433e-06, -8.657841164658174e-06, -7.221921948380699e-06, -8.91639911981354e-06] - [0.20830695346408454, 0.3333074476841966, -0.041687594579046826, -2.5588583703117677e-05] - [0.16665555451629957, 0.666656133023781, 0.16665794303207826, -1.0890563049628896e-05] - [-4.038943878486039e-06, -3.6057338785154042e-06, -3.1723310363870467e-06, -4.035497636345033e-06]
A2: [0.16668665899055685, -0.16664606505398577, 2.088858237093112e-05, 1.9954365266305347e-05] - [0.16669457146461236, 0.33336207969749343, 2.8468152460177308e-05, 2.775598028766778e-05] - [0.16665588198431866, 0.8333222125226165, -1.1680827535986578e-05, -1.0821132009995573e-05] - [1.1423346441001546e-05, 1.1772481687329531e-05, 1.208889341824213e-05, 1.1423343340894451e-05]
B1: 0.16663234448477324 - 0.6665929692658942 - 0.16667635733431108 - -1.3109164528959615e-05
B2: 0.16662405062656474 - 0.6666049633594187 - 0.16659394861118285 - -4.1690133866788926e-05
