Number: 191
Error: 2.6950117681536348e-06
A1: [-2.4170522159319015e-06, -1.657427841320736e-06, -8.09152712094264e-07, -2.3999474323324196e-06] - [0.20832409593611712, 0.3333270984982103, -0.0416695020049817, -9.16208836846362e-06] - [0.16666384671138193, 0.6666646550012901, 0.1666655729044457, -2.79891423213187e-06] - [-3.5495288721155635e-07, -3.166095611655645e-07, -2.782403942424619e-07, -3.546488032072067e-07]
A2: [0.1666755372998397, -0.16665763869517564, 9.137003045172612e-06, 8.867285945385376e-06] - [0.16669451721350026, 0.33336165499970255, 2.8622387817288454e-05, 2.7837446133359975e-05] - [0.16667130510393707, 0.8333380370127189, 4.733231411659363e-06, 4.6352344292374584e-06] - [1.031224344397382e-06, 1.0627064246268694e-06, 1.0912325737416762e-06, 1.0312237448291124e-06]
B1: 0.16665090983326633 - 0.666664447076505 - 0.16668899251905275 - -1.3760444594974094e-05
B2: 0.16664769242780367 - 0.6666416295497578 - 0.16663858337794102 - -1.8887020930373263e-05
