Number: 2745
Error: 4.129907367160806e-06
A1: [-1.1253628833286517e-05, -1.092012416599044e-05, -9.298690247451886e-06, -1.1022146619805636e-05] - [0.20830137624687106, 0.3333010616646225, -0.04169349138959329, -3.093716516861512e-05] - [0.16665288085206117, 0.6666533840162133, 0.16665547672019215, -1.3500198412262805e-05] - [-5.214781977336773e-06, -4.655524439431696e-06, -4.096054499039019e-06, -5.210338688510331e-06]
A2: [0.16669020681761454, -0.16664237239483418, 2.463861489027606e-05, 2.3491144194826336e-05] - [0.16669459067966358, 0.3333622192037018, 2.8424851929292585e-05, 2.7731866029829104e-05] - [0.16665096148350977, 0.833317164338098, -1.691680656865659e-05, -1.5752250095469647e-05] - [1.4739840041207401e-05, 1.5190348223820756e-05, 1.559864490119969e-05, 1.4739837894802541e-05]
B1: 0.1666260966813142 - 0.6665698422819416 - 0.16667202119264551 - -1.3222954056744471e-05
B2: 0.16661698191978808 - 0.6665936536623439 - 0.16658000584040428 - -4.849109945533224e-05
