Number: 1096
Error: 7.585497250430644e-06
A1: [2.1897606569051549e-07, 1.462902292707581e-07, 5.870273257153773e-07, 3.069577549776171e-07] - [0.2083427393074385, 0.33334151615861324, -0.04165741004740378, 9.792715492537607e-06] - [0.16666752272368832, 0.6666673809204436, 0.16666787293742868, 9.643190156144151e-07] - [-2.0768249887983965e-06, -1.8539306383736852e-06, -1.630912092333628e-06, -2.075048751935399e-06]
A2: [0.1666518939078854, -0.16668194509302833, -1.5878244410246405e-05, -1.4792288476947137e-05] - [0.1665821689246079, 0.3332460524504413, -9.035694550556177e-05, -8.457429234443373e-05] - [0.16663675194320246, 0.8333024568185566, -3.188358025961601e-05, -2.9933468003697546e-05] - [5.88649154885675e-06, 6.066383442536976e-06, 6.229404925086611e-06, 5.886488766727832e-06]
B1: 0.1667080076735999 - 0.6666123418079726 - 0.1665798995414849 - 5.1477556538202454e-05
B2: 0.16670034180675514 - 0.6667095824560675 - 0.16672167508417118 - 3.4154470439725666e-05
