Number: 372
Error: 8.00110875291494e-06
A1: [2.6992873168388827e-06, 2.745531051706678e-06, 2.9651936009937853e-06, 2.7265156295865685e-06] - [0.20834907820848378, 0.33334878802800705, -0.041650726057272304, 1.5863920207995612e-05] - [0.16667060617960885, 0.6666705489805985, 0.16667070600882597, 3.972786563921767e-06] - [-6.98684891281946e-07, -6.235014586080361e-07, -5.482695289499994e-07, -6.980863998170308e-07]
A2: [0.16664773228399762, -0.16668627546901502, -2.027483682565015e-05, -1.8940960513683068e-05] - [0.16658214530337453, 0.3332458911811184, -9.030061143715662e-05, -8.454713028321114e-05] - [0.1666425205237326, 0.8333083756806282, -2.5744015727511615e-05, -2.415244810223696e-05] - [1.9998768454256157e-06, 2.0609674329616863e-06, 2.116325206018802e-06, 1.9998756822469683e-06]
B1: 0.16671482551693864 - 0.6666389505621381 - 0.16658450386057308 - 5.1108774845541895e-05
B2: 0.16670942517589768 - 0.666723480254759 - 0.1667384915955698 - 4.292400703181873e-05
