Number: 1975
Error: 3.7072520992359885e-06
A1: [-8.559461188917328e-06, -8.09524024496953e-06, -6.704622867253963e-06, -8.392634454064808e-06] - [0.20830834874808973, 0.33330904321619526, -0.04168611805924296, -2.4249557572983943e-05] - [0.16665621802918304, 0.6666568153983798, 0.1666585562006392, -1.0242805099482725e-05] - [-3.749730096893284e-06, -3.3475223972208778e-06, -2.945129126242325e-06, -3.746529518723626e-06]
A2: [0.1666857863443417, -0.1666469733735334, 1.996610042802089e-05, 1.9084436359351514e-05] - [0.1666945654140091, 0.3333620439304233, 2.8477216247669462e-05, 2.776058602986792e-05] - [0.1666570915416349, 0.8333234534690735, -1.0393708263373216e-05, -9.608963705000807e-06] - [1.0607576605509267e-05, 1.0931776686340552e-05, 1.1225587937762977e-05, 1.060757340203348e-05]
B1: 0.16663386432311644 - 0.6665986387065497 - 0.166677402878942 - -1.3098080478928577e-05
B2: 0.16662577299980544 - 0.6666077470319054 - 0.16659739911388227 - -4.003360929039883e-05
