Number: 27
Error: 2.591691104384963e-06
A1: [-2.0258200195152366e-06, -1.2497935652626435e-06, -4.621345864574775e-07, -2.0223132660911134e-06] - [0.2083248424699619, 0.33332801418056923, -0.04166876166676415, -8.475529938469849e-06] - [0.16666437143348056, 0.6666651883880392, 0.1666660199045755, -2.2910128347991827e-06] - [-4.2866372070804246e-08, -3.796652550696941e-08, -3.306313874820712e-08, -4.2829889822645547e-08]
A2: [0.16667458980968963, -0.16665862236807072, 8.140381109248272e-06, 7.92272901769413e-06] - [0.16669453707717474, 0.3333616498796029, 2.867267200092443e-05, 2.7868809884614326e-05] - [0.16667262912928335, 0.8333393961324421, 6.143347568603305e-06, 5.962076372994173e-06] - [1.5075349794517826e-07, 1.5532218066223247e-07, 1.5945932689222582e-07, 1.5075345320543892e-07]
B1: 0.16665231425153587 - 0.666670389803963 - 0.16669000591276684 - -1.3982916970040524e-05
B2: 0.16665088256138325 - 0.6666453735420056 - 0.16664242033938254 - -1.5767963593167823e-05
