Number: 2678
Error: 6.708984109833656e-06
A1: [-5.29092608803591e-06, -5.630596757783705e-06, -4.714000603360591e-06, -5.070120883170054e-06] - [0.2083285185784731, 0.33332522855587543, -0.04167244157844431, -3.842753505405821e-06] - [0.16666069123645813, 0.6666603576135477, 0.16666157446224586, -5.703254384615241e-06] - [-5.087774052054395e-06, -4.542124336931873e-06, -3.9962636882783915e-06, -5.083438327626894e-06]
A2: [0.1666609945089427, -0.16667247377161984, -6.260263127431598e-06, -5.719987925514267e-06] - [0.16658228478109618, 0.33324647613522207, -9.040194418518795e-05, -8.456941806698245e-05] - [0.16662417110555103, 0.8332895491158275, -4.5272151303101974e-05, -4.2541497270863767e-05] - [1.4377319966926242e-05, 1.481674592105395e-05, 1.5214997268976123e-05, 1.437731767686241e-05]
B1: 0.16669198340654587 - 0.6665531524036384 - 0.1665688624283488 - 5.115665142329459e-05
B2: 0.1666820826434616 - 0.6666805101991786 - 0.16668591125905902 - 1.6581111503537614e-05
