Number: 146
Error: 8.13884885642647e-06
A1: [3.425713176278583e-06, 3.5056117178030016e-06, 3.652790166195923e-06, 3.434022662341055e-06] - [0.20835086222873314, 0.33335084953282107, -0.04164886181746904, 1.7564564883805506e-05] - [0.16667151934916105, 0.6666714851674853, 0.16667153422454317, 4.862594054553024e-06] - [-2.684549314160935e-07, -2.3938061786324593e-07, -2.102865838864177e-07, -2.6822500384762486e-07]
A2: [0.1666464440281947, -0.16668761551683797, -2.1634696906353603e-05, -2.0225173324618598e-05] - [0.16658219575156327, 0.333245901642736, -9.021939392194357e-05, -8.448083077492102e-05] - [0.16664433929757605, 0.8333102419708925, -2.3808275908081833e-05, -2.2329791851354187e-05] - [7.865889616488938e-07, 8.105930881721327e-07, 8.323426786842155e-07, 7.865885157523568e-07]
B1: 0.16671654742180295 - 0.6666469064029669 - 0.16658564656175165 - 5.0587865085969367e-05
B2: 0.16671287150597455 - 0.6667282761997452 - 0.16674403521945896 - 4.6272374460081575e-05
