Number: 1914
Error: 7.129706812751919e-06
A1: [-2.651809176089117e-06, -2.8637286609366147e-06, -2.1781085828907673e-06, -2.4951252433250263e-06] - [0.20833529871051476, 0.3333330021080121, -0.04166527932302178, 2.6548277867959325e-06] - [0.16666396841790576, 0.6666637262405093, 0.1666645918875079, -2.505205606013884e-06] - [-3.6337443148919478e-06, -3.2439626595177798e-06, -2.85399875957073e-06, -3.6306423149504264e-06]
A2: [0.16665660019586537, -0.16667704695118532, -1.0904105764589824e-05, -1.010063381253219e-05] - [0.1665822353220333, 0.3332462783953838, -9.037296035410499e-05, -8.456527728871426e-05] - [0.1666302495840347, 0.8332957854776976, -3.880352771675755e-05, -3.644988523925568e-05] - [1.0277136872073344e-05, 1.0591235527899005e-05, 1.0875891207038382e-05, 1.0277133643730399e-05]
B1: 0.16669981283999727 - 0.6665818355232421 - 0.16657430058129802 - 5.1402707261176335e-05
B2: 0.1666909300643745 - 0.6666945120736477 - 0.16670307355898853 - 2.509732221811655e-05
