Number: 1877
Error: 3.6532026175049626e-06
A1: [-8.229609266942658e-06, -7.749484216638607e-06, -6.388977841451201e-06, -8.070999281275337e-06] - [0.20830918360978692, 0.33331000354651463, -0.041685238099074325, -2.3450905661952043e-05] - [0.16665662958171348, 0.6666572381985341, 0.16665893346699995, -9.841395026897543e-06] - [-3.5632595805339846e-06, -3.1810397310740293e-06, -2.798639514346243e-06, -3.5602174840476512e-06]
A2: [0.16668522078085085, -0.16664756180122875, 1.9368685687455652e-05, 1.8520624938301993e-05] - [0.16669455361077645, 0.3333620133263718, 2.8475897678165133e-05, 2.7755653682887124e-05] - [0.16665787037700125, 0.8333242525858118, -9.564775489892291e-06, -8.828444898483452e-06] - [1.0081615736654105e-05, 1.0389739034615131e-05, 1.0668978959441406e-05, 1.0081612494044292e-05]
B1: 0.1666348970624258 - 0.6666023439473056 - 0.16667812397143728 - -1.3038055597344456e-05
B2: 0.16662693939985404 - 0.6666095475861391 - 0.1665995767267158 - -3.890966844676424e-05
