Number: 218
Error: 8.094154563578352e-06
A1: [3.194978741440417e-06, 3.2642767327926103e-06, 3.434669113420605e-06, 3.2093147668381894e-06] - [0.2083502968797274, 0.3333501962458518, -0.041649451794130855, 1.7025774914757186e-05] - [0.16667122923524205, 0.66667118783105, 0.16667127139702348, 4.579922173563637e-06] - [-4.055214688544107e-07, -3.617574535260782e-07, -3.179642525895532e-07, -4.0517406924843917e-07]
A2: [0.1666468524668294, -0.16668719063461684, -2.1203554299104876e-05, -1.9818022722015583e-05] - [0.1665821712841278, 0.3332458896977192, -9.025407565580938e-05, -8.451034814186733e-05] - [0.16664375764419864, 0.8333096451276575, -2.4427290707115554e-05, -2.2912682072034297e-05] - [1.173123920181143e-06, 1.20894322758751e-06, 1.241399808930425e-06, 1.1731232364847483e-06]
B1: 0.16671605601274533 - 0.6666444221503964 - 0.1665853260764002 - 5.08109328413559e-05
B2: 0.16671172451996105 - 0.6667267018415185 - 0.16674222558673307 - 4.515659758722512e-05
