Number: 2235
Error: 3.850389023606115e-06
A1: [-9.461437115381536e-06, -9.040920517702451e-06, -7.571928294900789e-06, -9.272785503943132e-06] - [0.20830602561267525, 0.3333063811180638, -0.04168857302057535, -2.6476523583689858e-05] - [0.1666550990137731, 0.6666556650145469, 0.16665752508868584, -1.133488680439787e-05] - [-4.244436732192127e-06, -3.7891993190594776e-06, -3.333764488486946e-06, -4.240816042362346e-06]
A2: [0.16668728147304301, -0.1666454173581097, 2.1546200646542882e-05, 2.0574916919644347e-05] - [0.16669458187131547, 0.33336211086874595, 2.846710074226403e-05, 2.775881479686389e-05] - [0.16665502315057526, 0.8333213313439906, -1.259485821354018e-05, -1.1681821120216159e-05] - [1.2002949688187738e-05, 1.2369801325795368e-05, 1.2702270871032174e-05, 1.20029466930248e-05]
B1: 0.16663121310745888 - 0.6665888911764123 - 0.16667556625778301 - -1.3168587657743614e-05
B2: 0.16662277412972848 - 0.6666029819523563 - 0.1665915452889207 - -4.291983843156799e-05
