Number: 3031
Error: 4.285855297080336e-06
A1: [-1.2233705314863334e-05, -1.1947590120216691e-05, -1.0239270252422008e-05, -1.1978229286995728e-05] - [0.2082988694193631, 0.3332981847076808, -0.04169613779688004, -3.33382578591699e-05] - [0.1666516621583488, 0.6666521315003592, 0.16665435606238765, -1.4689280845022359e-05] - [-5.758917797402912e-06, -5.141328538622144e-06, -4.5235232412134674e-06, -5.754014049708493e-06]
A2: [0.16669184948200472, -0.1666406628657477, 2.6374531848950997e-05, 2.512869558437811e-05] - [0.16669459886003865, 0.3333622826364797, 2.8403259388131287e-05, 2.7719992617708633e-05] - [0.16664868311574335, 0.8333148268304376, -1.9341275188945294e-05, -1.8035532237569416e-05] - [1.6274516279087387e-05, 1.6771933627279788e-05, 1.7222750958597758e-05, 1.627451486357509e-05]
B1: 0.16662315178480944 - 0.6665590823863105 - 0.1666699531438147 - -1.3329292059254867e-05
B2: 0.16661365460030866 - 0.6665884211034396 - 0.166573615340776 - -5.1694502592477005e-05
