Number: 633
Error: 2.956740532811387e-06
A1: [-3.900871863582835e-06, -3.2113539039319603e-06, -2.2256114919608943e-06, -3.846706940461788e-06] - [0.20832035009679586, 0.3333227929811232, -0.04167343873338337, -1.274462298225698e-05] - [0.1666619962888788, 0.6666627553057974, 0.1666638801047555, -4.603586420417208e-06] - [-1.196081534903469e-06, -1.0675903242622495e-06, -9.390204117284903e-07, -1.195057478063794e-06]
A2: [0.16667806299386415, -0.1666550107629774, 1.1804646144709292e-05, 1.1385077636510394e-05] - [0.16669446095947377, 0.33336167999121175, 2.8512059594574244e-05, 2.775020892698129e-05] - [0.16666776331576674, 0.8333344028776043, 9.638447915626767e-07, 1.085857426339338e-06] - [3.404179768812757e-06, 3.5081958807948443e-06, 3.6024540744178696e-06, 3.404177891798855e-06]
B1: 0.16664724202483405 - 0.6666486344126322 - 0.16668655095527918 - -1.3041421906967383e-05
B2: 0.16664157543398528 - 0.6666326721516024 - 0.1666279494512799 - -2.4812538843357567e-05
