Number: 689
Error: 2.988904863988752e-06
A1: [-4.11049365302555e-06, -3.4311733711699863e-06, -2.429330061184386e-06, -4.051612638320352e-06] - [0.20831978815255278, 0.33332215485768046, -0.04167403540235124, -1.3285793328994317e-05] - [0.16666173986196284, 0.6666624913210378, 0.16666364101685105, -4.85419605143849e-06] - [-1.3026484656471033e-06, -1.162735053235396e-06, -1.0227369097449809e-06, -1.301533307938671e-06]
A2: [0.1666783817529361, -0.1666546788062845, 1.2141882617557882e-05, 1.1702835665562073e-05] - [0.166694454434739, 0.3333616844876956, 2.8500141470429502e-05, 2.7739759210475506e-05] - [0.16666731612035687, 0.8333339441015398, 4.88049078194836e-07, 6.37700605693622e-07] - [3.7048168138023956e-06, 3.818022455824127e-06, 3.920608602619697e-06, 3.704814802510332e-06]
B1: 0.16664677547402987 - 0.6666466341271858 - 0.16668624966548368 - -1.2952065479718673e-05
B2: 0.1666409320889944 - 0.666631600998217 - 0.1666265939745877 - -2.543162887839567e-05
