Number: 314
Error: 8.03581143125835e-06
A1: [2.8882221280920873e-06, 2.9433094985950904e-06, 3.144576733684483e-06, 2.910592743488788e-06] - [0.20834954632653335, 0.3333493281712435, -0.04165023572683531, 1.631063099881484e-05] - [0.16667084315191005, 0.6666707920590349, 0.16667092157735164, 4.2037608185410265e-06] - [-5.882739164877659e-07, -5.249237536457865e-07, -4.615322219965538e-07, -5.87769965860429e-07]
A2: [0.1666474004326076, -0.16668662067376133, -2.0625184586840343e-05, -1.9271774321344584e-05] - [0.16658215245386093, 0.3332458878531468, -9.028598231590129e-05, -8.453591171849194e-05] - [0.16664298562593038, 0.8333088529306453, -2.5248984673302557e-05, -2.368634950803112e-05] - [1.6885031372078533e-06, 1.7400759963333808e-06, 1.7868086359586338e-06, 1.688502149725879e-06]
B1: 0.16671530658372938 - 0.6666410263652564 - 0.16658482605379338 - 5.101420869121944e-05
B2: 0.16671026381413478 - 0.6667246734158182 - 0.16673988539718462 - 4.3737504312347245e-05
