Number: 2700
Error: 6.696872799926404e-06
A1: [-5.388433493738736e-06, -5.732991103469514e-06, -4.810952016610266e-06, -5.165761337184575e-06] - [0.2083282366833829, 0.33332491318798324, -0.04167274420925166, -4.1164295676096014e-06] - [0.16666057512668372, 0.666660237649549, 0.166661463389962, -5.8170648263610485e-06] - [-5.129636049810285e-06, -4.579497659084581e-06, -4.029147871904531e-06, -5.1252648696811985e-06]
A2: [0.16666111721841192, -0.16667234573003958, -6.129995372492541e-06, -5.597672003999197e-06] - [0.1665822760369515, 0.3332464721402942, -9.041196200913774e-05, -8.457970571945704e-05] - [0.16662399480983975, 0.8332893683317109, -4.545956230266548e-05, -4.271817122083598e-05] - [1.4495379661556702e-05, 1.4938414207651344e-05, 1.5339936481508287e-05, 1.4495377417879224e-05]
B1: 0.16669182907124486 - 0.6665523939808966 - 0.16656876973306867 - 5.1220736458580684e-05
B2: 0.1666819017681413 - 0.6666801138152126 - 0.16668535310269822 - 1.640977084045482e-05
