Number: 1740
Error: 7.226120606026227e-06
A1: [-2.0417156939010003e-06, -2.2240337245025677e-06, -1.59051624992072e-06, -1.8996446698574435e-06] - [0.20833687923555663, 0.33333481091171174, -0.04166360772440709, 4.1709656452133025e-06] - [0.16666472392191894, 0.666664503079636, 0.16666528924048046, -1.7677341880294674e-06] - [-3.302577217623109e-06, -2.9482946642318587e-06, -2.593839836115062e-06, -3.299756804019202e-06]
A2: [0.16665559955787948, -0.16667808840309853, -1.1961728559624132e-05, -1.1098159100116624e-05] - [0.1665822228768125, 0.33324623198376735, -9.036793340316266e-05, -8.45655159693587e-05] - [0.16663163314547585, 0.8332972049747285, -3.7331156721284705e-05, -3.50633331253691e-05] - [9.343241880365057e-06, 9.628794715586489e-06, 9.887577920004657e-06, 9.3432386214066e-06]
B1: 0.1667015677666845 - 0.6665883375296683 - 0.16657550585229555 - 5.1430438272697336e-05
B2: 0.16669292088683044 - 0.6666977049354414 - 0.16670701586121492 - 2.701271579925627e-05
