Number: 168
Error: 8.125145915145788e-06
A1: [3.3751160726124166e-06, 3.4529034893625113e-06, 3.6083026643903994e-06, 3.385247938252637e-06] - [0.2083507696792255, 0.3333507346519226, -0.04164895281649651, 1.7480053875709248e-05] - [0.16667145083581125, 0.6666714155854977, 0.16667147632485724, 4.796335405565891e-06] - [-3.10338865743722e-07, -2.767761513990162e-07, -2.431907931379205e-07, -3.1007303614578424e-07]
A2: [0.16664657198068047, -0.16668748271412603, -2.1500163572066473e-05, -2.0097614405954794e-05] - [0.16658219611571903, 0.3332459053657857, -9.022310638439703e-05, -8.448200965441812e-05] - [0.16664416233814072, 0.8333100603106062, -2.399677265860614e-05, -2.25071292088517e-05] - [9.046966825844193e-07, 9.323110121687745e-07, 9.57332186950435e-07, 9.046961632135702e-07]
B1: 0.16671633880181977 - 0.6666460909809826 - 0.16658549441415316 - 5.059749819062839e-05
B2: 0.1667124476822096 - 0.6667277839037131 - 0.1667435365669796 - 4.585808751921442e-05
