Number: 2642
Error: 6.728697272910314e-06
A1: [-5.177114589688329e-06, -5.511358368656989e-06, -4.606237796052655e-06, -4.959320590551058e-06] - [0.2083287955914835, 0.33332554999402286, -0.04167215132741506, -3.5790134586914646e-06] - [0.16666083500151124, 0.66666050508926, 0.1666617047925334, -5.563207658020243e-06] - [-5.019259042344811e-06, -4.480953685994359e-06, -3.942438197611239e-06, -5.014981356860276e-06]
A2: [0.16666078588569228, -0.166672690733447, -6.480460970279545e-06, -5.9279671706553e-06] - [0.16658227866154074, 0.333246463264397, -9.040388506025456e-05, -8.457301184472922e-05] - [0.16662445720153246, 0.8332898426798009, -4.496761307615152e-05, -4.2254782353646106e-05] - [1.418413128790092e-05, 1.4617652190703164e-05, 1.501055104820274e-05, 1.4184128924270931e-05]
B1: 0.1666923862689652 - 0.6665545369882382 - 0.16656915085367646 - 5.120222156352926e-05
B2: 0.16668253482034037 - 0.6666811723823841 - 0.16668668768304254 - 1.701767965710759e-05
