Number: 2418
Error: 6.851735761651879e-06
A1: [-4.3890700226824976e-06, -4.685057061390737e-06, -3.846853943404258e-06, -4.190089184748615e-06] - [0.2083308409972032, 0.33332788989626944, -0.041669987415835136, -1.6165037147405383e-06] - [0.16666181027509205, 0.6666615079853698, 0.16666260553508838, -4.611148116789599e-06] - [-4.592960848495586e-06, -4.100355102694472e-06, -3.6075454333016904e-06, -4.589044488823135e-06]
A2: [0.16665950087066334, -0.16667402830994926, -7.838883214946781e-06, -7.208975081055639e-06] - [0.16658227404784046, 0.33324641485808515, -9.03861580582573e-05, -8.456190994278434e-05] - [0.16662624098048068, 0.8332916727103737, -4.306952602425617e-05, -4.046715242899881e-05] - [1.2982036794185983e-05, 1.337881427187657e-05, 1.3738408393377802e-05, 1.2982034037963763e-05]
B1: 0.1666946326585795 - 0.6665629021473878 - 0.16657070559328965 - 5.1225218013891755e-05
B2: 0.1666850768654062 - 0.6666852702138336 - 0.1666917591075382 - 1.9462616114357108e-05
