Number: 1832
Error: 7.17511181274972e-06
A1: [-2.364575541156481e-06, -2.562560229154909e-06, -1.9015093655371412e-06, -2.214777849192933e-06] - [0.20833604242438133, 0.33333385334014887, -0.041664492811557374, 3.3681994330282707e-06] - [0.16666432417608604, 0.6666640920377667, 0.16666492021078255, -2.1579452048030577e-06] - [-3.477677755043345e-06, -3.1046255477818202e-06, -2.7313956353928956e-06, -3.4747084285605275e-06]
A2: [0.1666561286349176, -0.1666775377441325, -1.1402517345739243e-05, -1.0570727857277737e-05] - [0.16658222952382323, 0.33324625659494783, -9.037051465446278e-05, -8.456532295675911e-05] - [0.16663090163893834, 0.8332964544681517, -3.810961919249759e-05, -3.579642091608585e-05] - [9.837029273042817e-06, 1.0137675424640735e-05, 1.0410138383607047e-05, 9.837026021781112e-06]
B1: 0.16670064105260787 - 0.6665849009543953 - 0.1665748699574539 - 5.141695767441939e-05
B2: 0.16669186867076016 - 0.6666960162852221 - 0.16670493003542355 - 2.6000381517098697e-05
