Number: 110
Error: 8.161556269719585e-06
A1: [3.541338536254852e-06, 3.626515095807442e-06, 3.7620641955930812e-06, 3.5466345251144873e-06] - [0.2083511458453552, 0.3333511770397351, -0.04164856604464748, 1.783490119241683e-05] - [0.16667166461952024, 0.6666716340320596, 0.16667166581740475, 5.004143187179651e-06] - [-1.999208592441617e-07, -1.781914292500147e-07, -1.5644712225933186e-07, -1.9974968762562656e-07]
A2: [0.16664624079814483, -0.16668782694824474, -2.184924059393458e-05, -2.0427759359020186e-05] - [0.16658221201912143, 0.33324591173309165, -9.01978615904722e-05, -8.446203826699373e-05] - [0.16664463115332723, 0.8333105414431841, -2.3497698917049072e-05, -2.2037317688714754e-05] - [5.933216714644898e-07, 6.114182140647825e-07, 6.278143351667958e-07, 5.933213473655401e-07]
B1: 0.16671676573886446 - 0.6666481242891694 - 0.16658578570528307 - 5.0448964155644566e-05
B2: 0.16671346490633723 - 0.6667290838986478 - 0.1667449611173203 - 4.685017033477268e-05
