Number: 390
Error: 7.990386998749688e-06
A1: [2.629960459698179e-06, 2.67285158167163e-06, 2.897615155395683e-06, 2.6587065727694517e-06] - [0.20834888984713182, 0.3333485748679855, -0.04165092620341725, 1.5682243727809917e-05] - [0.1666705218196832, 0.666670462112388, 0.16667062706503438, 3.890298441363971e-06] - [-7.329487278437574e-07, -6.540928286329915e-07, -5.75186254579543e-07, -7.323209036148268e-07]
A2: [0.1666478336307111, -0.16668616988325016, -2.0167555838041496e-05, -1.8839935807307815e-05] - [0.1665821390873885, 0.33324588847345654, -9.030862499970466e-05, -8.455460877878996e-05] - [0.16664237582502048, 0.8333082272451926, -2.5897935040620875e-05, -2.4297456044244192e-05] - [2.0965099108850354e-06, 2.1605542623423356e-06, 2.218588796266349e-06, 2.0965086944561367e-06]
B1: 0.1667147060606846 - 0.6666383352194617 - 0.16658443177120302 - 5.116799616177326e-05
B2: 0.1667092055640375 - 0.6667231172426185 - 0.16673803109684335 - 4.271219708773542e-05
