Number: 746
Error: 7.783637872687399e-06
A1: [1.4192956238347662e-06, 1.404421885873187e-06, 1.73860793496484e-06, 1.4779066974177184e-06] - [0.20834580950801565, 0.3333450385958433, -0.041654170581530994, 1.2733499754649591e-05] - [0.16666901495326825, 0.6666689143372024, 0.16666924470646075, 2.4202967613890845e-06] - [-1.4106132053479207e-06, -1.259125744796109e-06, -1.1075477193334785e-06, -1.4094057927260606e-06]
A2: [0.16664987686531715, -0.16668404387619473, -1.8009186745290963e-05, -1.6803069800074224e-05] - [0.1665821352394023, 0.33324595158974324, -9.035318393619734e-05, -8.458342703108081e-05] - [0.16663953472052542, 0.8333053120916493, -2.8921750701988314e-05, -2.7144676798594527e-05] - [4.007655605528064e-06, 4.130117625995818e-06, 4.241092342399701e-06, 4.007653467849202e-06]
B1: 0.16671147604440373 - 0.666625359369848 - 0.16658226166542223 - 5.147162854526668e-05
B2: 0.16670458512109362 - 0.666716158488893 - 0.16672966825457905 - 3.824606797831318e-05
