Number: 458
Error: 7.950245823087512e-06
A1: [2.4055298548165408e-06, 2.4378339331001455e-06, 2.683945528244871e-06, 2.439974003594286e-06] - [0.2083483291087217, 0.33334792882177167, -0.04165151471335704, 1.5146614979819016e-05] - [0.16667024096713584, 0.6666701738879823, 0.16667037088015346, 3.6164809245515716e-06] - [-8.623939383679722e-07, -7.696645809570053e-07, -6.76876465378873e-07, -8.616553225391929e-07]
A2: [0.16664822355572337, -0.1666857642443783, -1.975583119128312e-05, -1.845122727076845e-05] - [0.16658213504478075, 0.33324589691435474, -9.032105004521876e-05, -8.456342090424162e-05] - [0.16664183184573886, 0.8333076690646624, -2.6476924773683956e-05, -2.48426035452482e-05] - [2.4615663909089978e-06, 2.5367693795266093e-06, 2.604916137611295e-06, 2.4615649788801584e-06]
B1: 0.16671411234890635 - 0.6666358758776039 - 0.1665840324241494 - 5.1249201424988596e-05
B2: 0.16670826333773994 - 0.6667217499744204 - 0.16673641856142613 - 4.179944645909521e-05
