Number: 2655
Error: 4.080691231625042e-06
A1: [-1.0933139022435025e-05, -1.0584042979236946e-05, -8.989273356113178e-06, -1.0709219031293691e-05] - [0.20830221373005564, 0.3333020183531616, -0.04169260452405329, -3.013300213363222e-05] - [0.16665327655632306, 0.6666537910490065, 0.16665584294227226, -1.3113824378245726e-05] - [-5.043548883902256e-06, -4.502647940267694e-06, -3.961536445796528e-06, -5.039250618345813e-06]
A2: [0.1666896916445865, -0.1666429087118334, 2.4093886424545796e-05, 2.297758006599728e-05] - [0.1666945923155902, 0.3333622031835261, 2.8435304760557944e-05, 2.7739812086260203e-05] - [0.1666516787882105, 0.833317900220792, -1.6153593220918097e-05, -1.5033399094830151e-05] - [1.4256876338524918e-05, 1.469262216033714e-05, 1.508753780203142e-05, 1.425687400000978e-05]
B1: 0.16662698462209957 - 0.6665731904487123 - 0.16667263503489144 - -1.3228313794944147e-05
B2: 0.16661798873150394 - 0.6665952976538432 - 0.16658205392856174 - -4.752327796730762e-05
