Number: 2438
Error: 6.840733538875377e-06
A1: [-4.460288890199799e-06, -4.759739826278421e-06, -3.915609929461557e-06, -4.259627466416988e-06] - [0.20833065491792224, 0.33332767732914426, -0.041670184462674745, -1.7951782182408434e-06] - [0.16666172233034854, 0.6666614175257864, 0.16666252414805266, -4.697019311500391e-06] - [-4.631023361061819e-06, -4.134337274289479e-06, -3.6374466242489437e-06, -4.627074725231852e-06]
A2: [0.16665961549117714, -0.16667390898919343, -7.717693695474263e-06, -7.094712345829676e-06] - [0.1665822742035732, 0.33324641894277124, -9.038795843133777e-05, -8.456315736946194e-05] - [0.16662608170068696, 0.8332915093032068, -4.323900729741294e-05, -4.062677604788669e-05] - [1.3089368756151182e-05, 1.348942696335448e-05, 1.3851994751418048e-05, 1.3089366030393445e-05]
B1: 0.16669443489366398 - 0.6665621580251835 - 0.1665705695158173 - 5.122597431442292e-05
B2: 0.16668485263952726 - 0.666684904405621 - 0.16669130355205275 - 1.924706047228121e-05
