Number: 2123
Error: 3.7888361562787673e-06
A1: [-9.091335561392271e-06, -8.65302804545256e-06, -7.218831981605832e-06, -8.912067687006779e-06] - [0.20830695207958638, 0.3333074494295996, -0.041687598104322786, -2.5591412165051898e-05] - [0.16665556241803825, 0.6666561408848707, 0.16665794853522392, -1.0883066754251933e-05] - [-4.031332127884889e-06, -3.5989376756922728e-06, -3.1663505604211694e-06, -4.02789234942872e-06]
A2: [0.16668663441858228, -0.1666460904848983, 2.0862863128512186e-05, 1.9929864869832006e-05] - [0.16669456710701358, 0.3333620747678182, 2.8464625210793053e-05, 2.7751903392536124e-05] - [0.16665591333042695, 0.8333222447201027, -1.1647387811924049e-05, -1.0789717124353892e-05] - [1.1401884138178261e-05, 1.1750363347876164e-05, 1.2066180461445557e-05, 1.1401881034680486e-05]
B1: 0.16663241562203354 - 0.6665931482122239 - 0.16667641321422863 - -1.3077704754817137e-05
B2: 0.16662412813004776 - 0.6666050393013575 - 0.1665940109828052 - -4.161436600192703e-05
