Number: 1243
Error: 3.30135965042521e-06
A1: [-6.028692078183812e-06, -5.441958088161545e-06, -4.272545906434353e-06, -5.9233056120383055e-06] - [0.20831485416904763, 0.3333165007730109, -0.04167924589329805, -1.8014864683633913e-05] - [0.16665935968674755, 0.6666600448255265, 0.16666144924841184, -7.1769744511997615e-06] - [-2.356871288080917e-06, -2.103963138980483e-06, -1.8509181125267026e-06, -2.3548562050195855e-06]
A2: [0.16668157040981885, -0.1666513606341535, 1.5511143767896847e-05, 1.488158827857467e-05] - [0.1666944964183219, 0.33336183312699685, 2.8483704697432452e-05, 2.7742907621104135e-05] - [0.16666290986632473, 0.8333294231328011, -4.201502452541178e-06, -3.7780665598914825e-06] - [6.678696244964385e-06, 6.882803859541841e-06, 7.067771801575857e-06, 6.678693269574121e-06]
B1: 0.16664133447043847 - 0.6666260736125671 - 0.1666825496646466 - -1.289386598830491e-05
B2: 0.16663429773193209 - 0.6666212169133975 - 0.16661390520086086 - -3.18259945983043e-05
