Number: 1031
Error: 3.1825881108931845e-06
A1: [-5.277893506700424e-06, -4.654726097200692e-06, -3.548432914107533e-06, -5.190319147273848e-06] - [0.20831680993228613, 0.3333187361256626, -0.041677176260788124, -1.6137579710386884e-05] - [0.16666028752739384, 0.6666609990513488, 0.166662307007268, -6.271113601739909e-06] - [-1.9534569519309005e-06, -1.7437891860097552e-06, -1.534002913664914e-06, -1.9517859640337704e-06]
A2: [0.16668035203676243, -0.1666526287479247, 1.4223295201583267e-05, 1.3667005174922e-05] - [0.1666944833514036, 0.33336177872064876, 2.8491933675335284e-05, 2.7744701667971593e-05] - [0.16666459569498895, 0.8333311527762945, -2.407429193933173e-06, -2.0885973967581886e-06] - [5.54070929388703e-06, 5.7100323654568395e-06, 5.86347556260948e-06, 5.540706608038898e-06]
B1: 0.16664340555828583 - 0.6666339292445622 - 0.16668395216842974 - -1.2927220696795467e-05
B2: 0.16663674169312653 - 0.6666251483697954 - 0.16661877421888532 - -2.9473868364576934e-05
