Number: 1188
Error: 7.533839923823155e-06
A1: [-1.0410339695439736e-07, -1.924428249580133e-07, 2.758437935265461e-07, -8.394332991045465e-09] - [0.20834190171014627, 0.333340557853608, -0.041658295807495575, 8.989165136069602e-06] - [0.16666712279013807, 0.6666669697025692, 0.16666750374980221, 5.739215290207212e-07] - [-2.2519377427808427e-06, -2.0102735783007205e-06, -1.7684772643495677e-06, -2.2500121451136913e-06]
A2: [0.16665242330890623, -0.1666813941225667, -1.5318735231365357e-05, -1.4264533263861618e-05] - [0.16658217659867433, 0.33324607802986606, -9.035861674593127e-05, -8.457307173730419e-05] - [0.16663602066247465, 0.8333017065220157, -3.266184681599649e-05, -3.066632964038322e-05] - [6.380338155243362e-06, 6.575325283246736e-06, 6.752027369212194e-06, 6.380335248346489e-06]
B1: 0.1667070982202343 - 0.6666089230128015 - 0.16657928223782575 - 5.148137082751322e-05
B2: 0.16669927177997768 - 0.6667078754826892 - 0.16671957045508384 - 3.312432364688093e-05
