Number: 2617
Error: 4.059888480296518e-06
A1: [-1.0793030637934365e-05, -1.043708193083565e-05, -8.853301172629199e-06, -1.0572308198781772e-05] - [0.20830258662777482, 0.33330244266761344, -0.04169220860565168, -2.9774191461190567e-05] - [0.16665344847228533, 0.666653968020493, 0.16665600295455144, -1.2945852526588175e-05] - [-4.971250580279011e-06, -4.438100365283744e-06, -3.904740483966466e-06, -4.9670135643528685e-06]
A2: [0.16668947488413557, -0.16664313444060955, 2.3864563126864042e-05, 2.276149889276198e-05] - [0.16669459491066144, 0.33336219821598306, 2.8441400884534574e-05, 2.7745071274521956e-05] - [0.1666519818402008, 0.8333182111036339, -1.583118482407604e-05, -1.4729694269510037e-05] - [1.4052953327016768e-05, 1.4482466001524152e-05, 1.4871731772990575e-05, 1.4052950912764605e-05]
B1: 0.16662734430398016 - 0.6665745894347059 - 0.1666728800561251 - -1.324581896496335e-05
B2: 0.16661839733443015 - 0.666595990222427 - 0.16658293287636997 - -4.713113602322245e-05
