Number: 682
Error: 7.820284681445695e-06
A1: [1.638211246710472e-06, 1.6338422688382432e-06, 1.9484774111787692e-06, 1.6914521580334859e-06] - [0.20834636851723407, 0.33334568004036796, -0.041653581141419864, 1.326884641492574e-05] - [0.16666928719561128, 0.6666691940482805, 0.1666694947950495, 2.685910579085256e-06] - [-1.2887885182913255e-06, -1.150358370804504e-06, -1.011844396327153e-06, -1.2876852239102164e-06]
A2: [0.166649508622583, -0.16668442703998174, -1.839820672200607e-05, -1.7170167618876163e-05] - [0.16658213174139352, 0.33324593590551305, -9.034964740577965e-05, -8.45824359210749e-05] - [0.16664004430809737, 0.83330583495825, -2.8379379190700815e-05, -2.6633989621501863e-05] - [3.664085503576609e-06, 3.776045687866687e-06, 3.8775031348430615e-06, 3.664083512295714e-06]
B1: 0.16671208759390155 - 0.6666277193540041 - 0.16658267546075237 - 5.144788952788955e-05
B2: 0.16670538332998905 - 0.6667173812821536 - 0.16673114802474626 - 3.9016534805619787e-05
