Number: 968
Error: 7.657596950064192e-06
A1: [6.561037331655495e-07, 6.044845048259092e-07, 1.0061790448389874e-06, 7.333460345248828e-07] - [0.20834385476685258, 0.33334279669447436, -0.04165623330915439, 1.0860852757225237e-05] - [0.16666806662330114, 0.666667939802326, 0.16666837262352427, 1.494962803250809e-06] - [-1.8331845920281752e-06, -1.6364046854899531e-06, -1.439512259404671e-06, -1.8316162719440894e-06]
A2: [0.16665115544565098, -0.16668271345007152, -1.6658361626056288e-05, -1.552846088667952e-05] - [0.1665821536869328, 0.33324601261908166, -9.035853337599667e-05, -8.458055141473883e-05] - [0.16663776899347, 0.8333035003695678, -3.080106979786858e-05, -2.8914218291449805e-05] - [5.199387355953626e-06, 5.358276741784946e-06, 5.502264147817504e-06, 5.199384778498027e-06]
B1: 0.16670930171782647 - 0.6666171261170469 - 0.16658078506217425 - 5.150099980385836e-05
B2: 0.16670188339736486 - 0.6667119715513609 - 0.16672457659959117 - 3.56405754135177e-05
