Number: 1472
Error: 7.375106967294507e-06
A1: [-1.1063300753142872e-06, -1.2433061103701898e-06, -6.902926338282354e-07, -9.86762685347589e-07] - [0.20833929623658393, 0.33333757849865026, -0.04166105248800421, 6.488810947253474e-06] - [0.16666588321326073, 0.6666656949774357, 0.1666663584505455, -6.362140995121123e-07] - [-2.792490866269119e-06, -2.4928851932100606e-06, -2.193125107095838e-06, -2.7901046058903878e-06]
A2: [0.1666540568309229, -0.16667969395197155, -1.3592139301789445e-05, -1.2636091771843087e-05] - [0.1665821989367292, 0.3332461558485153, -9.03647113886205e-05, -8.457065571171164e-05] - [0.16663376323945062, 0.8332993904361211, -3.5064238746711584e-05, -3.292863317118655e-05] - [7.904768862997828e-06, 8.146352622293508e-06, 8.365285392458349e-06, 7.904765689808508e-06]
B1: 0.16670427980760896 - 0.6665983586086949 - 0.1665773658925577 - 5.148216907475698e-05
B2: 0.16669601152112318 - 0.6667026334935067 - 0.16671308447335784 - 2.99871737104488e-05
