Number: 2139
Error: 3.79760734736315e-06
A1: [-9.133936796851792e-06, -8.697594038178655e-06, -7.257850508959771e-06, -8.953338225859874e-06] - [0.20830686109059285, 0.33330734050046146, -0.04168769136885174, -2.567653283835679e-05] - [0.1666555065946184, 0.6666560838636695, 0.1666578995860346, -1.0937245210509284e-05] - [-4.061776780727207e-06, -3.6261193737468126e-06, -3.190268592134147e-06, -4.058311150955024e-06]
A2: [0.16668672861637984, -0.16664599264918334, 2.0962065854132674e-05, 2.0023776532476916e-05] - [0.16669457383438802, 0.33336208431511277, 2.846912679283818e-05, 2.77575086375187e-05] - [0.1666557867023783, 0.833322114750709, -1.1782257379691294e-05, -1.0916620117210083e-05] - [1.1487745979246025e-05, 1.1838849692630945e-05, 1.2157045597791379e-05, 1.1487742889495148e-05]
B1: 0.16663221006574433 - 0.6665925078475242 - 0.16667626155424425 - -1.312448453340204e-05
B2: 0.16662389963711113 - 0.6666047423449929 - 0.16659368947400496 - -4.183592342741297e-05
