Number: 1034
Error: 7.620330107259054e-06
A1: [4.112149057380475e-07, 3.4764104667900775e-07, 7.683752457063569e-07, 4.94013386631557e-07] - [0.2083432010955511, 0.33334205350740825, -0.041656927371939614, 1.023165710496698e-05] - [0.16666776647469095, 0.6666676308246433, 0.16666809306544894, 1.2016681084962764e-06] - [-1.958808579911308e-06, -1.7485632074391852e-06, -1.5381992064314125e-06, -1.9571330403806543e-06]
A2: [0.16665153284126888, -0.16668232047698028, -1.6259153091983506e-05, -1.5152245956171547e-05] - [0.16658215266213683, 0.333246024702597, -9.036571837997228e-05, -8.45862057751332e-05] - [0.16663724351127732, 0.8333029612735898, -3.136020041775194e-05, -2.944083455962134e-05] - [5.55367762065517e-06, 5.723396473899342e-06, 5.877198338070884e-06, 5.5536749331355485e-06]
B1: 0.1667087006935665 - 0.6666147223804185 - 0.1665803886046693 - 5.155518165172349e-05
B2: 0.16670115315943224 - 0.6667107435501901 - 0.1667230202920019 - 3.4938945781000564e-05
