Number: 1845
Error: 3.6355338599733885e-06
A1: [-8.120432454856136e-06, -7.635031856294343e-06, -6.284275417382825e-06, -7.96450691631526e-06] - [0.20830946213667567, 0.333310323374311, -0.04168494418345198, -2.3184208092066335e-05] - [0.16665676545124444, 0.6666573778239689, 0.1666590583072077, -9.708838779085823e-06] - [-3.5023709979975747e-06, -3.126677845111428e-06, -2.7508061118916235e-06, -3.499380666006147e-06]
A2: [0.16668503632610557, -0.16664775373417773, 1.9173805233835764e-05, 1.8336742286976316e-05] - [0.16669455029459132, 0.3333620038390139, 2.8475939000525163e-05, 2.7754580991251913e-05] - [0.16665812473805192, 0.833324513565552, -9.294063987986967e-06, -8.573534175363411e-06] - [9.909870501209806e-06, 1.0212744146405483e-05, 1.048722603610242e-05, 9.909867250496844e-06]
B1: 0.16663522937915606 - 0.6666035490547529 - 0.16667835478941775 - -1.302336559608322e-05
B2: 0.16662731551130835 - 0.666610135348411 - 0.1666002924426408 - -3.8547420724467996e-05
