Number: 201
Error: 2.7011899541052284e-06
A1: [-2.4530755934436633e-06, -1.6951502716622883e-06, -8.43877755150779e-07, -2.435129997386962e-06] - [0.20832400137576312, 0.3333269908135096, -0.04166960180740749, -9.252944685852316e-06] - [0.16666380240019937, 0.6666646094574884, 0.16666553192401604, -2.842187975169603e-06] - [-3.7398317562494143e-07, -3.3360029357312814e-07, -2.9319026410834753e-07, -3.736627832842417e-07]
A2: [0.1666755934003215, -0.16665758027614222, 9.196328746030806e-06, 8.923207658959966e-06] - [0.16669451224619578, 0.33336165186415356, 2.8616194390690934e-05, 2.783177793868561e-05] - [0.16667122417289645, 0.8333379539838834, 4.6471363502203614e-06, 4.554131724097254e-06] - [1.084916075656795e-06, 1.1180393494166013e-06, 1.1480527600610544e-06, 1.0849154432920934e-06]
B1: 0.16665085291478637 - 0.6666641129515425 - 0.16668895848406443 - -1.371811986466006e-05
B2: 0.1666475482107449 - 0.6666414135538116 - 0.1666383215786375 - -1.902690653391886e-05
