Number: 716
Error: 7.80080465498945e-06
A1: [1.5263917019294405e-06, 1.5166957176191564e-06, 1.8419708645530766e-06, 1.5824812253015747e-06] - [0.20834608959091128, 0.333345358341039, -0.04165387419294663, 1.3002473559877396e-05] - [0.16666914709707256, 0.6666690502379741, 0.16666936697765342, 2.549329118663576e-06] - [-1.353508713651252e-06, -1.208141905490266e-06, -1.0626876679307016e-06, -1.352350101707606e-06]
A2: [0.16664970497217288, -0.16668422280266756, -1.819089924065275e-05, -1.6974426266033688e-05] - [0.16658213540866687, 0.3332459459419507, -9.034993153675948e-05, -8.458115348938146e-05] - [0.16663977377369515, 0.8333055573560727, -2.866735717748293e-05, -2.690510818619182e-05] - [3.846607470733897e-06, 3.964146771146449e-06, 4.070660274717985e-06, 3.846605400585719e-06]
B1: 0.16671174941329225 - 0.666626452828172 - 0.166582443360547 - 5.144719303168075e-05
B2: 0.16670494284298626 - 0.6667167292122114 - 0.16673037418301806 - 3.859078602016144e-05
