Number: 1542
Error: 7.336115823069191e-06
A1: [-1.3556721173951002e-06, -1.5047717231769236e-06, -9.3101113301465e-07, -1.2302220412740053e-06] - [0.20833864469889754, 0.333336834260882, -0.041661742388878674, 5.863191653859891e-06] - [0.16666557533703813, 0.6666653783012008, 0.1666660735370643, -9.368316542868383e-07] - [-2.9257226920002587e-06, -2.6118356644431794e-06, -2.29778926472859e-06, -2.9232229823038633e-06]
A2: [0.16665445899791861, -0.16667927533473276, -1.3166984770440478e-05, -1.2235177014917817e-05] - [0.16658220321429149, 0.33324617386664473, -9.036730777252197e-05, -8.457128861967615e-05] - [0.1666332066723577, 0.8332988194197398, -3.565651788588604e-05, -3.348640327768524e-05] - [8.28049649948169e-06, 8.533564941523007e-06, 8.762906504025465e-06, 8.280493288340465e-06]
B1: 0.16670358902512414 - 0.6665957581760369 - 0.16657689653592914 - 5.148626195301095e-05
B2: 0.1666952199090225 - 0.6667013461725867 - 0.1667114828692119 - 2.9225905490882665e-05
