Number: 1593
Error: 3.4960265752808342e-06
A1: [-7.227661932739191e-06, -6.698866354046007e-06, -5.423043264873444e-06, -7.092908355673902e-06] - [0.20831178842320466, 0.3333129823533759, -0.041682481822846666, -2.095120551692135e-05] - [0.16665786876523386, 0.6666585125849572, 0.16666007849912426, -8.631649475491453e-06] - [-3.022868887683816e-06, -2.6985745480965265e-06, -2.3741172136079832e-06, -3.0202864665828835e-06]
A2: [0.1666835888307675, -0.16664926039767142, 1.7643638502305377e-05, 1.6893751953541032e-05] - [0.16669453688367472, 0.33336194110656664, 2.848748005207864e-05, 2.7758836318381044e-05] - [0.16666012904958324, 0.8333265699133259, -7.161170968456662e-06, -6.564894408939276e-06] - [8.557322609812404e-06, 8.818853553654212e-06, 9.055864930836663e-06, 8.557319375501265e-06]
B1: 0.16663773649726263 - 0.6666129329141096 - 0.1666800694423828 - -1.3017677270447448e-05
B2: 0.16663016945156386 - 0.6666147588721293 - 0.16660603210007238 - -3.58026471370626e-05
