Number: 1958
Error: 7.105379813059384e-06
A1: [-2.7989184210292694e-06, -3.017921002683333e-06, -2.318723624469566e-06, -2.6385461759256187e-06] - [0.2083349279036325, 0.333332575194989, -0.04166566992225679, 2.3002749881615768e-06] - [0.16666378461423456, 0.6666635374480777, 0.16666442360068126, -2.6844563284434788e-06] - [-3.717488494908993e-06, -3.3187301650683858e-06, -2.9197872719741134e-06, -3.714315323488953e-06]
A2: [0.1666568543790678, -0.16667678250771797, -1.0635636538895272e-05, -9.847237730402495e-06] - [0.1665822413788414, 0.33324629288248836, -9.037164760705551e-05, -8.456230724135865e-05] - [0.1666299000213197, 0.8332954268087753, -3.917558720540327e-05, -3.680020424489736e-05] - [1.0513289205658842e-05, 1.0834606192681958e-05, 1.1125804271937653e-05, 1.0513285995821224e-05]
B1: 0.1666993454330976 - 0.6665801685665534 - 0.1665739738660064 - 5.1372039324457e-05
B2: 0.1666904027062306 - 0.6666937030949353 - 0.1667020986346822 - 2.4589038997098104e-05
