Number: 525
Error: 2.894332167379433e-06
A1: [-3.533954309687782e-06, -2.826910875826305e-06, -1.8743613149867157e-06, -3.4888489514811932e-06] - [0.20832128330407, 0.3333238644922082, -0.04167245578115646, -1.1851335513369809e-05] - [0.16666245302499716, 0.6666632244591002, 0.16666429908395322, -4.158033288063768e-06] - [-9.905584668342095e-07, -8.840947303337337e-07, -7.775643289624803e-07, -9.897101770288711e-07]
A2: [0.16667744289198913, -0.16665565597536014, 1.1149608721401645e-05, 1.0766906615585545e-05] - [0.16669446115801104, 0.3333616598713171, 2.85245721775209e-05, 2.7757978046532474e-05] - [0.16666862494185905, 0.8333352869647044, 1.8808864003763764e-06, 1.9493378738073602e-06] - [2.824387677077454e-06, 2.910681330030464e-06, 2.9888787788213325e-06, 2.8243860773242525e-06]
B1: 0.16664823310822433 - 0.6666525812971005 - 0.16668721906306352 - -1.3122322175472851e-05
B2: 0.16664296874177592 - 0.6666347738571855 - 0.16663047630690814 - -2.3466016682410467e-05
