Number: 3044
Error: 6.508730112031645e-06
A1: [-6.579761890860027e-06, -6.982006207453745e-06, -5.956142760520729e-06, -6.328217216271491e-06] - [0.20832517153456648, 0.3333214000476817, -0.041675982824373195, -7.054349252118359e-06] - [0.16665909647078, 0.6666587176438462, 0.16666010132043987, -7.260091019510418e-06] - [-5.784290413188804e-06, -5.163971098759511e-06, -4.543435778523639e-06, -5.7793652085544975e-06]
A2: [0.16666309171991742, -0.1666702906737717, -4.043093045812041e-06, -3.629324271079879e-06] - [0.16658228342001322, 0.33324654634906664, -9.04397503139635e-05, -8.459645842430575e-05] - [0.16662125442221049, 0.8332865568634586, -4.837559940217366e-05, -4.546447353565609e-05] - [1.6341332439875766e-05, 1.6840790508686852e-05, 1.7293457596741496e-05, 1.6341331062635752e-05]
B1: 0.16668832367415906 - 0.6665394889383632 - 0.1665663200017971 - 5.112968489332878e-05
B2: 0.1666779396613486 - 0.6666738212858405 - 0.16667762746957596 - 1.2596801529100578e-05
