Number: 556
Error: 7.89301658489737e-06
A1: [2.0740660238866066e-06, 2.0905997075235433e-06, 2.3669646754611004e-06, 2.116729716639744e-06] - [0.20834748851746038, 0.33334696324080193, -0.041652399420908745, 1.4342242311278972e-05] - [0.16666982802244895, 0.6666697498102203, 0.16666999246735956, 3.2136826936122905e-06] - [-1.048943869529511e-06, -9.362204121614224e-07, -8.234269404201645e-07, -1.048045654748296e-06]
A2: [0.16664878564650634, -0.16668517940128752, -1.916211188680741e-05, -1.7890889642434878e-05] - [0.16658213193672433, 0.33324591212770077, -9.033558475434592e-05, -8.457340274587752e-05] - [0.16664104909389732, 0.8333068659056607, -2.7310017409134025e-05, -2.562703904216881e-05] - [2.9876726333621057e-06, 3.0789570329614185e-06, 3.1616772577149777e-06, 2.9876709553171495e-06]
B1: 0.16671323842510624 - 0.6666323170879906 - 0.1665834462523659 - 5.1348005435074235e-05
B2: 0.16670696822275421 - 0.6667198169654903 - 0.16673410521729348 - 4.0546811034809205e-05
