Number: 2509
Error: 4.000782882667376e-06
A1: [-1.0427607651090199e-05, -1.0054025109528552e-05, -8.503317584431214e-06, -1.0215941637450793e-05] - [0.20830351441530517, 0.33330350916618423, -0.04169123022998865, -2.8886314485231413e-05] - [0.16665390395430982, 0.6666544360086734, 0.16665642088072982, -1.2501548500077896e-05] - [-4.765765456530164e-06, -4.254642541034878e-06, -3.743312801173235e-06, -4.7617025811869245e-06]
A2: [0.16668885314588244, -0.16664378139044045, 2.3207690664992395e-05, 2.214169146472202e-05] - [0.16669458733087716, 0.3333621698738302, 2.844527891751722e-05, 2.7745064062748798e-05] - [0.1666528413698269, 0.8333190929782579, -1.4916458256490156e-05, -1.3868309036909453e-05] - [1.3473392072427016e-05, 1.3885189712677952e-05, 1.4258398278930802e-05, 1.3473389460802893e-05]
B1: 0.16662847360627284 - 0.6665786674560041 - 0.16667367327291796 - -1.3188436260218878e-05
B2: 0.1666196716210984 - 0.6665979693773152 - 0.16658533389897348 - -4.590364315948709e-05
