Number: 974
Error: 7.654183695796838e-06
A1: [6.251240155162841e-07, 5.71928583495541e-07, 9.748647677512983e-07, 7.02879772508282e-07] - [0.20834376023240492, 0.33334269205153255, -0.04165633545621829, 1.0768576969234687e-05] - [0.1666680305266417, 0.6666679024084988, 0.16666833740987919, 1.4594976580845355e-06] - [-1.8446034632077779e-06, -1.6465993367603927e-06, -1.4484821276466273e-06, -1.843025395980818e-06]
A2: [0.166651188260994, -0.1666826791450888, -1.6623412452267388e-05, -1.5495752877297994e-05] - [0.16658214969021407, 0.3332460100076542, -9.036269252711658e-05, -8.458496899706512e-05] - [0.1666377207640889, 0.8333034509258772, -3.085231017138374e-05, -2.8962550768756426e-05] - [5.231595837094858e-06, 5.391469719823266e-06, 5.536349345715791e-06, 5.231593249233597e-06]
B1: 0.16670927594438978 - 0.666616935157169 - 0.16658077528004392 - 5.153481407165309e-05
B2: 0.16670184656632445 - 0.6667118622905772 - 0.16672440882660913 - 3.560634452051033e-05
