Number: 1642
Error: 7.280554712115722e-06
A1: [-1.6878870858483467e-06, -1.8529609353681334e-06, -1.2482174075355496e-06, -1.554056216665017e-06] - [0.20833781054093478, 0.3333358730901809, -0.041662620522633864, 5.065967328531627e-06] - [0.16666515975529775, 0.6666649515070614, 0.16666569347591623, -1.3420672149396891e-06] - [-3.116057393277217e-06, -2.7817687484983018e-06, -2.4473140074565338e-06, -3.1133956720704165e-06]
A2: [0.16665503753465313, -0.1666786734990955, -1.2556021853297996e-05, -1.1658429197350602e-05] - [0.1665822197160609, 0.33324620946918043, -9.036171115895744e-05, -8.456180190171775e-05] - [0.16663241275397425, 0.8332980047964995, -3.650158329158472e-05, -3.428204030348216e-05] - [8.81724132736784e-06, 9.086716200618928e-06, 9.330927363009833e-06, 8.817238081086874e-06]
B1: 0.1667025218382932 - 0.6665919662727151 - 0.16657615233887482 - 5.141168384692608e-05
B2: 0.16669400919319058 - 0.6666995020791018 - 0.1667092686707566 - 2.805854064569795e-05
