Number: 335
Error: 2.7824725327482904e-06
A1: [-2.9012303066659584e-06, -2.164273549626427e-06, -1.2710387921276837e-06, -2.8720509009889916e-06] - [0.20832287306660607, 0.3333256939236417, -0.04167078579422127, -1.0331752404725028e-05] - [0.1666632433682055, 0.6666640357480229, 0.16666502120134202, -3.3873516162807455e-06] - [-6.289873582040398e-07, -5.612749753991632e-07, -4.935184569904485e-07, -6.284485253765371e-07]
A2: [0.16667635465499853, -0.16665678815731094, 1.0000366722852998e-05, 9.6820665931333e-06] - [0.16669447615524152, 0.33336163989964696, 2.8562749902284518e-05, 2.778629400895418e-05] - [0.16667014538062597, 0.8333368470747201, 3.4991164436200676e-06, 3.473038861373113e-06] - [1.8043489503337635e-06, 1.8594631188913234e-06, 1.9094049499935797e-06, 1.804347894516246e-06]
B1: 0.1666498734092661 - 0.6666594359924994 - 0.16668831977648937 - -1.3367784837791906e-05
B2: 0.16664557898354804 - 0.6666385894709773 - 0.16663499627285797 - -2.0938084764934297e-05
