Number: 2600
Error: 6.751734045889955e-06
A1: [-5.032353944268989e-06, -5.3595930369613486e-06, -4.467187677982076e-06, -4.818084508127645e-06] - [0.2083291670319727, 0.3333259759748055, -0.041671759021917755, -3.223104323500816e-06] - [0.16666101483572257, 0.6666606899326717, 0.16666187031260546, -5.3877231102827145e-06] - [-4.9393280421709416e-06, -4.40959130499126e-06, -3.8796454397392966e-06, -4.9351180776717325e-06]
A2: [0.166660544501114, -0.1666729419478466, -6.735557362614347e-06, -6.16860041390263e-06] - [0.16658227671715714, 0.33324645317575186, -9.040150376157909e-05, -8.45720095150991e-05] - [0.16662479156719898, 0.8332901857256934, -4.4611798109481915e-05, -4.191969460646206e-05] - [1.3958742542862883e-05, 1.4385374176993296e-05, 1.4772028450477744e-05, 1.3958740097049737e-05]
B1: 0.1666928171635749 - 0.6665561148905818 - 0.16656945155989794 - 5.121624126159423e-05
B2: 0.16668302143759095 - 0.6666819413646062 - 0.16668762935589698 - 1.7486088509171836e-05
