Number: 1819
Error: 3.621138368049322e-06
A1: [-8.018245678513623e-06, -7.527801480332319e-06, -6.184210018464732e-06, -7.864514180327183e-06] - [0.20830974273081193, 0.3333106405752175, -0.041684644987859426, -2.2913277300497295e-05] - [0.16665688946636303, 0.6666575056561506, 0.16665917489135743, -9.58752876131163e-06] - [-3.4528999156217974e-06, -3.082510120290132e-06, -2.7119432285487024e-06, -3.4499516467719182e-06]
A2: [0.1666848887348412, -0.16664790751539577, 1.9017508834886963e-05, 1.818961574971616e-05] - [0.16669455353302767, 0.33336200176364655, 2.8481287935924534e-05, 2.775964187458246e-05] - [0.16665833208411823, 0.8333247262530414, -9.07350827187068e-06, -8.365741597502251e-06] - [9.770319599255721e-06, 1.0068927673533742e-05, 1.0339543465635982e-05, 9.770316343623265e-06]
B1: 0.16663545520140072 - 0.6666044859643125 - 0.16667850202340193 - -1.3055653352657257e-05
B2: 0.16662757513986046 - 0.6666106089642349 - 0.16660091436098745 - -3.829905268632573e-05
