Number: 2828
Error: 6.626797956317399e-06
A1: [-5.825034107608346e-06, -6.190682000081588e-06, -5.229635493178189e-06, -5.59162496835858e-06] - [0.20832712309291707, 0.33332363441325147, -0.041673919323603245, -5.182704424715677e-06] - [0.1666600316837356, 0.6666596791996763, 0.166660964087415, -6.347256416659466e-06] - [-5.3732330647659145e-06, -4.796980915378058e-06, -4.220515075558592e-06, -5.368655631403193e-06]
A2: [0.16666185332218858, -0.16667157970799834, -5.352182892856407e-06, -4.863858008486624e-06] - [0.16658228276753084, 0.3332465035891695, -9.041862233523337e-05, -8.45819557712445e-05] - [0.16662297572569398, 0.8332883227813075, -4.654404082603601e-05, -4.373945610052753e-05] - [1.5182259865379095e-05, 1.564628967675451e-05, 1.6066842795207743e-05, 1.5182257913212562e-05]
B1: 0.16669050164816335 - 0.6665475707188578 - 0.1665678385910453 - 5.11637615276029e-05
B2: 0.16668040424586786 - 0.6666777700061559 - 0.16668249803588125 - 1.4967742111714305e-05
