Number: 2856
Error: 6.611458179875415e-06
A1: [-5.92952757824879e-06, -6.300293453642888e-06, -5.3312184702240175e-06, -5.693761135779861e-06] - [0.20832684329387227, 0.33332331644831165, -0.0416742166441582, -5.452118579106462e-06] - [0.16665990372342115, 0.6666595474468134, 0.16666084476321413, -6.472309346681723e-06] - [-5.426516777975401e-06, -4.8445520975222716e-06, -4.262373316753657e-06, -5.421894245601231e-06]
A2: [0.1666620127627845, -0.16667141364709784, -5.183463075459327e-06, -4.704918298150345e-06] - [0.1665822800543169, 0.3332465064826077, -9.042385479218017e-05, -8.45866335086093e-05] - [0.16662275228912501, 0.8332880935792688, -4.678173296914241e-05, -4.396337409155853e-05] - [1.5332512845468866e-05, 1.580113528836583e-05, 1.6225851360283773e-05, 1.5332510961921823e-05]
B1: 0.16669024114712955 - 0.666546544045166 - 0.16656766185039584 - 5.11811932712044e-05
B2: 0.16668010727198757 - 0.66667725988436 - 0.16668184651537893 - 1.4682906166657694e-05
