Number: 2106
Error: 7.02362681103666e-06
A1: [-3.3067953576447024e-06, -3.550357243301414e-06, -2.806225561791167e-06, -3.134004592679004e-06] - [0.208333628049784, 0.3333310836620266, -0.04166704226807074, 1.055143987674986e-06] - [0.16666315316934596, 0.666662888480499, 0.166663842862939, -3.300574388203525e-06] - [-3.999167625568704e-06, -3.570214896321895e-06, -3.1410704027437643e-06, -3.995755168154844e-06]
A2: [0.16665770690764983, -0.1666758953567181, -9.734827393095564e-06, -8.997356728175552e-06] - [0.16658225510768296, 0.3332463352615749, -9.037327172592594e-05, -8.455896126046954e-05] - [0.1666287233398293, 0.8332942195332999, -4.0427865733059484e-05, -3.79794297038526e-05] - [1.1307605515660487e-05, 1.1653201863989537e-05, 1.1966405975986708e-05, 1.1307602400017178e-05]
B1: 0.1666978159112418 - 0.6665746016944588 - 0.1665729125080658 - 5.131157257652803e-05
B2: 0.1666886749541246 - 0.6666909873527281 - 0.16669878175551867 - 2.292544707871143e-05
