Number: 1627
Error: 3.514919325605461e-06
A1: [-7.363148418669404e-06, -6.8410514363815155e-06, -5.555961454125985e-06, -7.225523867264417e-06] - [0.20831141401873304, 0.3333125596638315, -0.041682881380506125, -2.131296598820374e-05] - [0.1666577047161795, 0.6666583434402172, 0.1666599239600578, -8.792159157546602e-06] - [-3.0875633985341164e-06, -2.7563338417845787e-06, -2.4249390305233077e-06, -3.0849259151548753e-06]
A2: [0.16668378161785702, -0.16664905950092274, 1.7847840045167857e-05, 1.708593133455261e-05] - [0.16669453218588323, 0.33336194339566916, 2.848010049879662e-05, 2.7751755447755756e-05] - [0.16665985789648471, 0.8333262917794215, -7.449589545340754e-06, -6.836631350570582e-06] - [8.739820981704659e-06, 9.006930260068353e-06, 9.248997443481675e-06, 8.739817736875105e-06]
B1: 0.16663744794714758 - 0.6666117144507231 - 0.16667988363966005 - -1.2968688284170274e-05
B2: 0.16662983503664167 - 0.66661413884872 - 0.16660521204871825 - -3.6122337367158546e-05
