Number: 2203
Error: 3.8328032467305525e-06
A1: [-9.35227215229559e-06, -8.926480110641336e-06, -7.4672373431978295e-06, -9.166304877193957e-06] - [0.20830630409892295, 0.3333067009061181, -0.04168827914229819, -2.6209866365168553e-05] - [0.16665523487246975, 0.6666558046294095, 0.16665764991980694, -1.1202341171392273e-05] - [-4.1835502647956766e-06, -3.7348395174759774e-06, -3.285932657545297e-06, -4.17998125408137e-06]
A2: [0.16668709720068606, -0.16664560910866316, 2.13515020898846e-05, 2.039121665449549e-05] - [0.1666945792409887, 0.3333621020658072, 2.8467823919529577e-05, 2.7758428068935226e-05] - [0.1666552776796433, 0.833321592491256, -1.2323979675380472e-05, -1.1426742312846481e-05] - [1.1831216168921348e-05, 1.2192818532468659e-05, 1.2520530212958584e-05, 1.1831213139909379e-05]
B1: 0.1666315455165092 - 0.6665900968561248 - 0.1666757981840059 - -1.3153796245692591e-05
B2: 0.16662314914247836 - 0.6666035685893549 - 0.16659225985267934 - -4.2558689847787924e-05
