Number: 1550
Error: 7.331711989739772e-06
A1: [-1.3649938930104687e-06, -1.5144021997968542e-06, -9.371940757883038e-07, -1.2388898744134516e-06] - [0.20833864746909564, 0.3333368307728547, -0.04166173533255392, 5.868850036269609e-06] - [0.1666655595305976, 0.6666653625770406, 0.16666606253049177, -9.518270781409007e-07] - [-2.9409532556798734e-06, -2.6254343067506525e-06, -2.3097554315705132e-06, -2.9384405786586585e-06]
A2: [0.16665450823742944, -0.16667922437707464, -1.3115450281139187e-05, -1.2186080621861266e-05] - [0.1665822122590581, 0.33324618405506456, -9.035992466287801e-05, -8.456280506542351e-05] - [0.16663314406468802, 0.8332987551092599, -3.5723312786092434e-05, -3.3549148438104446e-05] - [8.323436210925047e-06, 8.577817193352673e-06, 8.808348343899064e-06, 8.323432996184573e-06]
B1: 0.16670344682217203 - 0.6665954005700094 - 0.16657678532155246 - 5.14234214708474e-05
B2: 0.1666950642370916 - 0.6667011936336865 - 0.16671135747393384 - 2.9073703252716123e-05
