Number: 430
Error: 7.966695469935535e-06
A1: [2.4866281468884015e-06, 2.522661022017924e-06, 2.759351934321252e-06, 2.518736878753646e-06] - [0.2083485144440227, 0.3333481467434227, -0.04165132302254177, 1.5321654592069664e-05] - [0.1666703451825235, 0.6666702805009761, 0.16667046366282134, 3.7178104737094735e-06] - [-8.09091591880445e-07, -7.220747427617157e-07, -6.350024369435335e-07, -8.083985927740691e-07]
A2: [0.1666480609410888, -0.1666859332368922, -1.992723181316761e-05, -1.8613341002160085e-05] - [0.16658213114897108, 0.3332458881181797, -9.032099978359214e-05, -8.456535278623028e-05] - [0.1666420551143025, 0.8333078982082138, -2.6239183235392443e-05, -2.4618853946450448e-05] - [2.3112493960344086e-06, 2.3818576546574288e-06, 2.4458405500928796e-06, 2.31124806343701e-06]
B1: 0.16671439765883792 - 0.666636927304065 - 0.1665842335362746 - 5.1256632233987086e-05
B2: 0.16670868702134994 - 0.666722313424092 - 0.1667370458351376 - 4.2210992480690274e-05
