Number: 899
Error: 3.1081987570218905e-06
A1: [-4.8119969971292655e-06, -4.166263588247711e-06, -3.099391035889467e-06, -4.73551185096362e-06] - [0.20831802121190593, 0.3333201210160511, -0.04167589503072772, -1.4975158122944292e-05] - [0.16666086360168167, 0.6666615914375503, 0.1666628392101215, -5.708723673814541e-06] - [-1.7022701439695391e-06, -1.5195255633573741e-06, -1.336674900197338e-06, -1.700813578554917e-06]
A2: [0.16667959356225168, -0.16665341816166424, 1.342162497482435e-05, 1.2910890462333085e-05] - [0.1666944763358128, 0.3333617460749869, 2.8498393215504778e-05, 2.7746938971610942e-05] - [0.1666656457708867, 0.8333322301559993, -1.2899117600939931e-06, -1.0362548935152149e-06] - [4.832127257408222e-06, 4.979791249520863e-06, 5.113605461802238e-06, 4.832124801864463e-06]
B1: 0.16664467908088335 - 0.6666388058057247 - 0.16668481197415885 - -1.2964007459098274e-05
B2: 0.16663828746825934 - 0.666627615220337 - 0.16662181938152507 - -2.7985273268218814e-05
