Number: 2896
Error: 6.5896335337576345e-06
A1: [-6.047991160740034e-06, -6.4243379112681855e-06, -5.442063900975315e-06, -5.8088866665833195e-06] - [0.20832656769678382, 0.33332299329693404, -0.04167450333807913, -5.712998941753059e-06] - [0.16665975206254469, 0.6666593921162408, 0.16666070893526513, -6.619846637514276e-06] - [-5.502645486187117e-06, -4.912520578713475e-06, -4.322181041169764e-06, -5.4979585276143595e-06]
A2: [0.16666224578305602, -0.16667117142947213, -4.9377207097019606e-06, -4.472613589934803e-06] - [0.1665822898545, 0.3332465236063275, -9.041906182757032e-05, -8.457963983342648e-05] - [0.16662243468266563, 0.8332877676536695, -4.711987474377208e-05, -4.428166830875128e-05] - [1.5547157920420734e-05, 1.6022341255294757e-05, 1.6453004420043832e-05, 1.55471561380138e-05]
B1: 0.16668976748976577 - 0.6665449803709149 - 0.16656731687321172 - 5.110449857740006e-05
B2: 0.16667957821594356 - 0.6666765224075671 - 0.1666810083934134 - 1.4171194769340545e-05
