Number: 1189
Error: 3.2711351514532584e-06
A1: [-5.821882019097259e-06, -5.224989232534867e-06, -4.07077609486514e-06, -5.721047485875205e-06] - [0.20831541504791343, 0.333317136406049, -0.04167864893495143, -1.747403555349388e-05] - [0.16665961176071942, 0.6666603045079493, 0.16666168524683045, -6.930514101397615e-06] - [-2.254116153598097e-06, -2.012222507817661e-06, -1.7701964801537762e-06, -2.2521886840931747e-06]
A2: [0.16668126268294223, -0.16665168116477988, 1.5185445027707503e-05, 1.4574826652734908e-05] - [0.16669449983514686, 0.3333618256577314, 2.8491813226563613e-05, 2.7750109383576412e-05] - [0.16666334002630942, 0.8333298644087448, -3.7438622639761435e-06, -3.346979360597077e-06] - [6.388828057423686e-06, 6.584075369295649e-06, 6.761013280632262e-06, 6.388825146320946e-06]
B1: 0.16664181376799297 - 0.6666280284637949 - 0.16668286294004842 - -1.2950648121933729e-05
B2: 0.16663486450936948 - 0.6666222111352554 - 0.166615189476303 - -3.1282605310074176e-05
