Number: 0
Error: 7.34208144159307e-06
A1: [-1.7060329423991093e-05, -1.5442200836090687e-05, -1.3824072248190285e-05, -1.7045392281588584e-05] - [0.20826659615705012, 0.33327292627055066, -0.0417207436159487, -6.667863383563536e-05] - [0.16665040431270267, 0.6666519472450292, 0.1666534901773557, -1.624805650449106e-05] - [0.0, 0.0, 0.0, 0.0]
A2: [0.16665503735906906, -0.16667863225609322, -1.2268268960729644e-05, -1.1629307597607797e-05] - [0.1666139949501184, 0.33327914086212646, -5.556283334272125e-05, -5.2671716548269996e-05] - [0.16665196011599012, 0.8333182026871565, -1.551314771063098e-05, -1.4706550676527196e-05] - [0.0, 0.0, 0.0, 0.0]
B1: 0.1667585235297834 - 0.6667131711873014 - 0.16666781884481946 - 9.143310576879558e-05
B2: 0.16675421324795156 - 0.6667077405845493 - 0.1666658967181267 - 8.754658128490948e-05
