Number: 1565
Error: 3.480539887531157e-06
A1: [-7.1470974840511205e-06, -6.614527468312044e-06, -5.34807728112129e-06, -7.014678523353879e-06] - [0.20831197185753034, 0.33331319853527647, -0.04168229170435958, -2.077806427710355e-05] - [0.1666579725279428, 0.666658618783127, 0.1666601709088009, -8.530771550404754e-06] - [-2.9695889853603364e-06, -2.6510050754530216e-06, -2.3322600682513885e-06, -2.9670519184571867e-06]
A2: [0.16668342477910783, -0.16664943086584444, 1.747072565181993e-05, 1.6730200987530134e-05] - [0.1666945269351943, 0.3333619260938746, 2.8481161223778428e-05, 2.7750851248370577e-05] - [0.16666035075171262, 0.8333267974478437, -6.925077319866407e-06, -6.342711258951998e-06] - [8.407045303460029e-06, 8.663982765170555e-06, 8.896830946594357e-06, 8.407042079786562e-06]
B1: 0.16663807583271542 - 0.6666140334678163 - 0.16668031498778507 - -1.2956229240349999e-05
B2: 0.16663055079588393 - 0.6666152787511429 - 0.16660661470211155 - -3.5433437299025697e-05
