Number: 2508
Error: 6.802250394792497e-06
A1: [-4.709550306895516e-06, -5.021124965901248e-06, -4.156251586005059e-06, -4.50300686420143e-06] - [0.20833000365643742, 0.33332693335957203, -0.0416708741122953, -2.4205230661810672e-06] - [0.16666141452791675, 0.6666611009212646, 0.16666223929696034, -4.9975643840814725e-06] - [-4.764241506276201e-06, -4.253274233901302e-06, -3.7421002908484095e-06, -4.760179927242826e-06]
A2: [0.16666001661845117, -0.1666734914109707, -7.293574572649092e-06, -6.694837296097934e-06] - [0.16658227458286307, 0.33324643307422014, -9.039442361477317e-05, -8.456768916602278e-05] - [0.16662552418106485, 0.8332909373380262, -4.383223162028825e-05, -4.1185499076613484e-05] - [1.3465027433051884e-05, 1.3876568089864742e-05, 1.4249543664610632e-05, 1.3465024821036128e-05]
B1: 0.16669374255064065 - 0.6665595533174244 - 0.16657009283484064 - 5.122845313203315e-05
B2: 0.1666840682499312 - 0.6666836244883592 - 0.16668970952943496 - 1.8493016786474555e-05
