Number: 860
Error: 7.718717480999735e-06
A1: [1.0220954254490593e-06, 9.880701250486763e-07, 1.3566408718122745e-06, 1.0902789918208165e-06] - [0.20834478445422283, 0.3333438649411679, -0.04165525336707164, 1.175062285367857e-05] - [0.16666852264477885, 0.6666684082849527, 0.16666879097825066, 1.9398022306914367e-06] - [-1.6276098234720492e-06, -1.452864003603182e-06, -1.2780160725675808e-06, -1.6262170324465966e-06]
A2: [0.16665053223950532, -0.1666833618428659, -1.7316639592899745e-05, -1.6149734990132704e-05] - [0.16658214111626657, 0.3332459794141796, -9.035935494028641e-05, -8.458554649725384e-05] - [0.16663862739472088, 0.8333043811518576, -2.9887395531136273e-05, -2.8053961332534455e-05] - [4.6196314473820636e-06, 4.760799584503584e-06, 4.8887268291368756e-06, 4.619629070541738e-06]
B1: 0.1667103875362744 - 0.6666211577255152 - 0.1665815278857694 - 5.151475919215026e-05
B2: 0.1667032069356661 - 0.6667140012111307 - 0.16672702911284354 - 3.691729799988502e-05
