Number: 1950
Error: 7.109818275784436e-06
A1: [-2.7656354867668253e-06, -2.9829830986047836e-06, -2.2858873177705925e-06, -2.605940101875657e-06] - [0.20833502164900386, 0.33333268061981813, -0.041665569622133435, 2.391039879086986e-06] - [0.16666382463868507, 0.6666635787504968, 0.16666446154560452, -2.6452660039227377e-06] - [-3.702263891415543e-06, -3.3051377727646396e-06, -2.9078275062371146e-06, -3.6991036576572204e-06]
A2: [0.1666568092832063, -0.1666768295243058, -1.0683443180363795e-05, -9.892190481082428e-06] - [0.166582243201007, 0.33324629302621883, -9.036926192905694e-05, -8.455992385043017e-05] - [0.16662996392061616, 0.8332954923461501, -3.9107633771289684e-05, -3.673616744085675e-05] - [1.0470352453865818e-05, 1.0790357027583989e-05, 1.1080365587799914e-05, 1.047034924034779e-05]
B1: 0.16669940890847254 - 0.6665804511149998 - 0.16657401370766303 - 5.135609009357571e-05
B2: 0.1666904762987987 - 0.666693848270464 - 0.16670229547906196 - 2.4659164123488707e-05
