Number: 2221
Error: 3.842713287435367e-06
A1: [-9.421165549530036e-06, -8.998761653609004e-06, -7.5344553319181095e-06, -9.233681156653286e-06] - [0.2083061172923452, 0.33330648917278377, -0.04168847799509048, -2.6389990220236195e-05] - [0.16665515088585695, 0.6666557181047188, 0.16665757128594427, -1.1284456937259135e-05] - [-4.217798153094424e-06, -3.765415914136362e-06, -3.3128368230712267e-06, -4.214200072747617e-06]
A2: [0.16668719958606004, -0.1666455024534735, 2.1459882437082084e-05, 2.0493280282357797e-05] - [0.16669457741717283, 0.33336210388082865, 2.8464457265866086e-05, 2.7755342444481362e-05] - [0.16665513412883376, 0.8333214452379184, -1.2476685226120464e-05, -1.1570602298347816e-05] - [1.1927820372655834e-05, 1.2292375568968024e-05, 1.262276365095495e-05, 1.1927817362426878e-05]
B1: 0.1666313830144442 - 0.6665894420544398 - 0.16667569003804922 - -1.3137617300642738e-05
B2: 0.16662296380757813 - 0.6666032408734274 - 0.1665918355462015 - -4.273622836679923e-05
