Number: 687
Error: 2.9877106936319238e-06
A1: [-4.084177428879164e-06, -3.4034350639804408e-06, -2.401109342836989e-06, -4.0254828900328854e-06] - [0.2083198840530113, 0.33332225773946095, -0.041673929742244646, -1.3190707423040934e-05] - [0.1666617680477297, 0.66666252084613, 0.166663670721719, -4.826236263203432e-06] - [-1.2988424883504086e-06, -1.1593375088186795e-06, -1.0197480111720035e-06, -1.297730583567992e-06]
A2: [0.1666783735663276, -0.16665468762343383, 1.2132708711890689e-05, 1.169468467230749e-05] - [0.16669446301148738, 0.333361692251729, 2.850804742004042e-05, 2.774847560667357e-05] - [0.16666733305207249, 0.8333339613960766, 5.058971117010433e-07, 6.546665287018544e-07] - [3.6940699926900662e-06, 3.8069471503028927e-06, 3.909235610559634e-06, 3.6940679860635224e-06]
B1: 0.16664673049472511 - 0.6666466466791462 - 0.16668620428523623 - -1.3016951263983612e-05
B2: 0.16664089070212454 - 0.6666316335852247 - 0.1666266986448934 - -2.547387770087802e-05
