Number: 119
Error: 2.6500722423624477e-06
A1: [-2.1860683601663934e-06, -1.415858824132104e-06, -5.908124815920279e-07, -2.174990207352863e-06] - [0.20832466232590036, 0.33332775276152893, -0.041668911113705555, -8.622257925365344e-06] - [0.1666641369991202, 0.6666649525058176, 0.16666583589493272, -2.5160685453614917e-06] - [-2.1793604633333315e-07, -1.9427673204583504e-07, -1.7060115024297804e-07, -2.1774941047700595e-07]
A2: [0.16667512992790054, -0.16665806248793727, 8.706965084177732e-06, 8.461201340668414e-06] - [0.16669454610825424, 0.3333616714682453, 2.8661658820454208e-05, 2.7871388069263943e-05] - [0.1666718878352681, 0.8333386349570825, 5.35336304045485e-06, 5.219201923759565e-06] - [6.446524643478059e-07, 6.643181998204056e-07, 6.821363210130387e-07, 6.446521054391661e-07]
B1: 0.166651373856553 - 0.6666669073690737 - 0.1666892925442636 - -1.4010863265038605e-05
B2: 0.16664885813467512 - 0.6666432233118682 - 0.16664041316243017 - -1.7752506341456572e-05
