Number: 2172
Error: 6.987230444531935e-06
A1: [-3.527448384863776e-06, -3.781634545772444e-06, -3.0171372370183956e-06, -3.349125279917355e-06] - [0.2083330718759785, 0.3333304433288597, -0.04166762813249341, 5.233509720720448e-07] - [0.1666628774739188, 0.6666626053018058, 0.16666359044108697, -3.5694406481476854e-06] - [-4.124781449475364e-06, -3.6823637559325795e-06, -3.2397513845715437e-06, -4.121262334787942e-06]
A2: [0.16665808795706658, -0.1666754989171479, -9.332348807472833e-06, -8.617487989434267e-06] - [0.16658226334174964, 0.33324635614180353, -9.03721508764041e-05, -8.455535745823993e-05] - [0.16662819878694848, 0.8332936813214411, -4.098616308144759e-05, -3.850511709879376e-05] - [1.1661820290968217e-05, 1.2018243693246805e-05, 1.2341261205986388e-05, 1.1661817233143195e-05]
B1: 0.16669711501282625 - 0.666572100872298 - 0.16657242138255715 - 5.1265771582989075e-05
B2: 0.16668788497323925 - 0.6666897749647481 - 0.1666973204742238 - 2.2164079141367708e-05
