Number: 245
Error: 2.72816067311657e-06
A1: [-2.6018573010469337e-06, -1.8508807880294908e-06, -9.858930548269733e-07, -2.580221439366095e-06] - [0.20832362440851993, 0.33332655822722085, -0.04166999758473482, -9.61365157350846e-06] - [0.16666361722986103, 0.6666644193992554, 0.16666536247986716, -3.0228029700013617e-06] - [-4.5771601750509565e-07, -4.0835928481935666e-07, -3.589697212520833e-07, -4.573238800793579e-07]
A2: [0.16667584238240807, -0.16665732116286205, 9.459355043247703e-06, 9.171403095537148e-06] - [0.16669449673412215, 0.33336164424233145, 2.859493017607659e-05, 2.781318166614369e-05] - [0.1666708690988966, 0.8333375896649908, 4.269308241779414e-06, 4.198302327647705e-06] - [1.3211522826386015e-06, 1.3614965856100202e-06, 1.398053759037929e-06, 1.3211515078659863e-06]
B1: 0.1666505567598089 - 0.6666626001297395 - 0.1666887690888587 - -1.3577621353311531e-05
B2: 0.1666468913266768 - 0.66664047104517 - 0.16663720935641388 - -1.9664730148445414e-05
