Number: 2788
Error: 6.648700519887587e-06
A1: [-5.6826059699706925e-06, -6.041326769036471e-06, -5.092133742896439e-06, -5.452557859834036e-06] - [0.20832749522058547, 0.33332405951579364, -0.04167352526043957, -4.825385941447656e-06] - [0.16666020756366268, 0.6666598601091777, 0.16666112685334225, -6.175523299275953e-06] - [-5.297111115986854e-06, -4.72901961097799e-06, -4.160715058573375e-06, -5.2925981219732995e-06]
A2: [0.16666162434662687, -0.1666718180835269, -5.59429616522259e-06, -5.092118016277897e-06] - [0.16658228346176504, 0.33324649642566395, -9.041401730097874e-05, -8.457845507997083e-05] - [0.16662329453241348, 0.8332886498426472, -4.6204831458585874e-05, -4.3419961642249865e-05] - [1.4967611481966816e-05, 1.5425080337836697e-05, 1.583968635069547e-05, 1.4967609434773684e-05]
B1: 0.16669089662582112 - 0.6665490591222811 - 0.16656811169143185 - 5.1161709495685625e-05
B2: 0.16668085173571895 - 0.6666785006402104 - 0.16668340814317043 - 1.539789105200982e-05
