Number: 504
Error: 7.923308998016442e-06
A1: [2.2552657806000494e-06, 2.2804747309492504e-06, 2.5410941521754147e-06, 2.293562989952763e-06] - [0.20834795599947362, 0.33334749827881255, -0.04165190606066605, 1.4790485759565685e-05] - [0.1666700525251553, 0.6666699805295561, 0.1666701992656103, 3.432796425924438e-06] - [-9.499592844263087e-07, -8.478449747896242e-07, -7.456665667849795e-07, -9.4914574396536e-07]
A2: [0.16664848810094054, -0.16668548906961875, -1.9476541973225113e-05, -1.8187504963770973e-05] - [0.16658213511374945, 0.33324590544406557, -9.032662686270212e-05, -8.45665783976117e-05] - [0.16664146448898137, 0.8333072921096022, -2.6867949949942143e-05, -2.521075058337862e-05] - [2.7085148865655757e-06, 2.7912663189300717e-06, 2.8662536918647425e-06, 2.7085133472666886e-06]
B1: 0.1667136906669548 - 0.6666341940648429 - 0.16658374603905632 - 5.1284087444770655e-05
B2: 0.1667076324891461 - 0.6667208363413657 - 0.16673534396829479 - 4.1188537471915226e-05
