Number: 1715
Error: 3.563624638298035e-06
A1: [-7.657417254838155e-06, -7.149491102089636e-06, -5.837251156920021e-06, -7.512416048614431e-06] - [0.20831067211542675, 0.33331170554176104, -0.04168366288377854, -2.202236133877233e-05] - [0.16665733710741845, 0.6666579658437032, 0.16665958736553443, -9.150661862282698e-06] - [-3.255010554134291e-06, -2.9058327249831705e-06, -2.556484020143848e-06, -3.2522305926483266e-06]
A2: [0.16668429012856084, -0.16664853047627642, 1.8384915666526843e-05, 1.759286873267524e-05] - [0.16669454486547344, 0.3333619729085665, 2.8483262672803178e-05, 2.7758265413782655e-05] - [0.1666591589300584, 0.8333255745942207, -8.193555539986264e-06, -7.537109319920689e-06] - [9.212134392962539e-06, 9.493680681006321e-06, 9.748832630839924e-06, 9.212131132914195e-06]
B1: 0.16663651524984655 - 0.6666083830814584 - 0.1666792331478873 - -1.3027916078553695e-05
B2: 0.16662877817481098 - 0.6666125185684733 - 0.16660325954879274 - -3.7141072906560416e-05
