Number: 2374
Error: 6.87592367092382e-06
A1: [-4.241975086130513e-06, -4.530879776473631e-06, -3.7062536621905073e-06, -4.046682368297428e-06] - [0.20833121175662403, 0.3333283167613905, -0.04166959686224673, -1.261997877442959e-06] - [0.16666199406517337, 0.6666616967642497, 0.16666277381057495, -4.431910599153357e-06] - [-4.509220428130679e-06, -4.025591288871557e-06, -3.541759693047832e-06, -4.505375089092123e-06]
A2: [0.1666592470358403, -0.16667429240449852, -8.10700394424014e-06, -7.462022787431366e-06] - [0.16658226930903283, 0.33324640168859365, -9.038615583899785e-05, -8.456356180368232e-05] - [0.16662659086685075, 0.8332920317026276, -4.2697143591115155e-05, -4.011650965042696e-05] - [1.2745905200270564e-05, 1.3135465016343027e-05, 1.3488517039622763e-05, 1.2745902380138866e-05]
B1: 0.166695099519812 - 0.6665645694885427 - 0.16657103372345783 - 5.125535711221585e-05
B2: 0.16668560279347427 - 0.6666860777315221 - 0.1666927325377061 - 1.996946844830712e-05
