Number: 990
Error: 7.64518520719369e-06
A1: [5.824582363123312e-07, 5.273032636002775e-07, 9.357933532995281e-07, 6.615449559514112e-07] - [0.2083436690366739, 0.33334258293401436, -0.04165642888713412, 1.0683250361043087e-05] - [0.16666797464446412, 0.666667845334177, 0.16666828841551204, 1.405260892610161e-06] - [-1.875060793727953e-06, -1.6737924776959387e-06, -1.4724095843198599e-06, -1.8734567286500265e-06]
A2: [0.1666512826003395, -0.16668258117073723, -1.6524075133928907e-05, -1.5401699762230105e-05] - [0.16658215686850886, 0.3332460199906134, -9.03577734627346e-05, -8.457891302649482e-05] - [0.16663759423839147, 0.8333033210546772, -3.098708595429608e-05, -2.9089351392865965e-05] - [5.317484474406669e-06, 5.479983702836939e-06, 5.627242606902554e-06, 5.317481859226771e-06]
B1: 0.1667090755460343 - 0.6666163001900767 - 0.1665806293791241 - 5.149320851616651e-05
B2: 0.1667016123805445 - 0.6667115595116625 - 0.1667240813875506 - 3.5379095246927087e-05
