Number: 1745
Error: 3.5802301961770327e-06
A1: [-7.764268575217745e-06, -7.261540637466555e-06, -5.940412204319499e-06, -7.61674635462691e-06] - [0.20831039288390896, 0.33331138657452397, -0.041683958573507415, -2.2290485434511505e-05] - [0.1666572051852218, 0.666657830145336, 0.16665946527384096, -9.279473432376587e-06] - [-3.3120940400268636e-06, -2.956797287805318e-06, -2.6013278183288795e-06, -3.309265520216306e-06]
A2: [0.16668446235170672, -0.16664835120439167, 1.856699074288682e-05, 1.7764555572790262e-05] - [0.16669454620744678, 0.33336198013525076, 2.8481661125766424e-05, 2.7757504276098118e-05] - [0.16665892029218396, 0.8333253297632001, -8.447497348410853e-06, -7.77626245856226e-06] - [9.373151954622492e-06, 9.659619990224606e-06, 9.91923271798076e-06, 9.373148693374845e-06]
B1: 0.16663621853038527 - 0.6666072676190427 - 0.16667903060160996 - -1.30268448533002e-05
B2: 0.16662844048698175 - 0.6666119684407882 - 0.16660257467452022 - -3.746576484772637e-05
