Number: 263
Error: 2.7390752192345855e-06
A1: [-2.6474127566141027e-06, -1.8984271335771763e-06, -1.0269772176194406e-06, -2.6242819091540786e-06] - [0.2083235318271598, 0.3333264463256026, -0.0416700909966915, -9.699639980280802e-06] - [0.16666355693869706, 0.6666643579708403, 0.16666531034639367, -3.0812453915052546e-06] - [-4.919698067830729e-07, -4.389423116431095e-07, -3.858796911110979e-07, -4.915483246965308e-07]
A2: [0.1666759470503493, -0.1666572124746628, 9.569511852594207e-06, 9.275749115218454e-06] - [0.16669449805434702, 0.33336164847005423, 2.8593233818028892e-05, 2.7813239739303726e-05] - [0.16667072485050086, 0.8333374415983706, 4.115675395155883e-06, 4.0537447984205086e-06] - [1.4177853264903583e-06, 1.4610834179254487e-06, 1.5003173484133602e-06, 1.4177844943453615e-06]
B1: 0.16665037943824942 - 0.6666619280227118 - 0.16668864131517142 - -1.3576350212675124e-05
B2: 0.1666465750241024 - 0.6666400855750684 - 0.1666368047429151 - -1.9973232024666915e-05
