Number: 602
Error: 7.866386151166709e-06
A1: [1.9240088249126623e-06, 1.933429834864152e-06, 2.2242848308190964e-06, 1.970525369637372e-06] - [0.2083471161625929, 0.3333465333898617, -0.041652790139153704, 1.398686676738914e-05] - [0.16666963975173663, 0.6666695566095354, 0.16666982099654137, 3.0301692417588178e-06] - [-1.1365080481480768e-06, -1.014399674672125e-06, -8.922161591245556e-07, -1.1355349465836568e-06]
A2: [0.1666490509247697, -0.16668490347735068, -1.8882059218908084e-05, -1.762643428892451e-05] - [0.1665821350098179, 0.3332459237282285, -9.033803196542011e-05, -8.457355615411943e-05] - [0.16664068250538844, 0.8333064897360399, -2.770024208177139e-05, -2.5994417857277834e-05] - [3.234618251632159e-06, 3.3334510019032107e-06, 3.423011818704701e-06, 3.2346164554268415e-06]
B1: 0.1667127950992556 - 0.6666306159897661 - 0.16658314292040202 - 5.13612612771448e-05
B2: 0.16670635337822853 - 0.6667189198269141 - 0.16673304756916946 - 3.995190630716121e-05
