Number: 1698
Error: 7.249421194483206e-06
A1: [-1.896925289806328e-06, -2.0722374351417084e-06, -1.451435926328722e-06, -1.7583791904406664e-06] - [0.20833725077507909, 0.33333523699160994, -0.04166321532473756, 4.526972872001696e-06] - [0.16666490378439625, 0.666664687951112, 0.16666545478435357, -1.5922220968670148e-06] - [-3.222638858439871e-06, -2.876925033735239e-06, -2.531041532817185e-06, -3.2198864485532966e-06]
A2: [0.16665535753186841, -0.16667834025973277, -1.2217466215708856e-05, -1.1339433768648409e-05] - [0.16658221850867103, 0.33324621947294164, -9.036796858019986e-05, -8.456693774418819e-05] - [0.16663196691635787, 0.8332975474266615, -3.697593479714363e-05, -3.4728840382885524e-05] - [9.117814360508645e-06, 9.396476673384173e-06, 9.649014727999128e-06, 9.117811104318676e-06]
B1: 0.16670199939795186 - 0.6665899144612225 - 0.1665758036926314 - 5.144516335761638e-05
B2: 0.16669341038448532 - 0.6666984768629912 - 0.1667079605466099 - 2.7484006373865286e-05
