Number: 2115
Error: 3.784416566803779e-06
A1: [-9.058050852686107e-06, -8.61808809389901e-06, -7.1859932022600205e-06, -8.879459813710103e-06] - [0.20830704583829177, 0.3333075548686168, -0.041687497788606344, -2.5500633856214135e-05] - [0.16665560243815464, 0.6666561821840585, 0.16665798647826463, -1.0843880717624851e-05] - [-4.016110955325912e-06, -3.5853483630547116e-06, -3.1543934671404105e-06, -4.012684101880429e-06]
A2: [0.16668658936267877, -0.16664613746083864, 2.0815096847670023e-05, 1.9884951945093453e-05] - [0.1666945690871855, 0.33336207507226023, 2.846717056278801e-05, 2.775444428525994e-05] - [0.16665597726439352, 0.8333223102926696, -1.1579399536134664e-05, -1.0725645769093642e-05] - [1.13589467548433e-05, 1.1706113529358882e-05, 1.2020741083894369e-05, 1.1358943644704659e-05]
B1: 0.16663247889638602 - 0.6665934306715716 - 0.16667645309570384 - -1.3093852049941363e-05
B2: 0.16662420163432884 - 0.6666051843926174 - 0.16659420776760653 - -4.154432598720626e-05
