Number: 2831
Error: 4.176845098869461e-06
A1: [-1.1545489599663009e-05, -1.1226075646555823e-05, -9.578355552680582e-06, -1.1306795117032833e-05] - [0.20830063391673342, 0.33330020867964355, -0.04169427440481043, -3.1647711718717256e-05] - [0.16665251726819139, 0.6666530104234688, 0.16665514293932737, -1.38548807888414e-05] - [-5.37840525885834e-06, -4.8016074864332575e-06, -4.224595857993513e-06, -5.373823446119534e-06]
A2: [0.16669070141611084, -0.16664185771362305, 2.5161205643182843e-05, 2.3984205192579327e-05] - [0.16669459503846015, 0.3333622401149502, 2.8420129233375943e-05, 2.773019466331106e-05] - [0.166650276682318, 0.8333164617461918, -1.764555558421977e-05, -1.6438529006440874e-05] - [1.5201323313913174e-05, 1.56659372892857e-05, 1.608701998595857e-05, 1.5201321368079603e-05]
B1: 0.1666252010593907 - 0.6665665975675008 - 0.16667139102330575 - -1.3265023928671072e-05
B2: 0.16661597144583123 - 0.6665920791628855 - 0.16657809251678052 - -4.9464311262644294e-05
