Number: 2546
Error: 6.78135963826863e-06
A1: [-4.849656350069538e-06, -5.1680814750437395e-06, -4.292216363922321e-06, -4.639915239352105e-06] - [0.20832963080862638, 0.3333265091009224, -0.04167126996641027, -2.779283413758521e-06] - [0.1666612425916929, 0.6666609239348792, 0.16666207927615337, -5.16555630218106e-06] - [-4.836558148901192e-06, -4.317838160990354e-06, -3.7989104447766686e-06, -4.8324352744789695e-06]
A2: [0.16666023351352982, -0.16667326554504727, -7.064115329179592e-06, -6.478621994055648e-06] - [0.16658227249601773, 0.33324643855921354, -9.040000731564542e-05, -8.457244204364091e-05] - [0.16662522123966195, 0.8332906265675627, -4.415452919664741e-05, -4.1489093768713574e-05] - [1.366895441270601e-05, 1.4086728325976296e-05, 1.4465353805641283e-05, 1.366895186701211e-05]
B1: 0.1666933826806137 - 0.6665581544861561 - 0.16656984838781852 - 5.124578321648849e-05
B2: 0.16668365881390412 - 0.6666829311070194 - 0.1666888298690597 - 1.8100053644603536e-05
