Number: 212
Error: 8.097877495814825e-06
A1: [3.2261684561937686e-06, 3.297024955426471e-06, 3.466157750804729e-06, 3.2399908157246694e-06] - [0.20835039217847168, 0.333350301590128, -0.04164934900925632, 1.7118814291030212e-05] - [0.16667126550643874, 0.6666712253858177, 0.1666713067575293, 4.615561632335899e-06] - [-3.941007479924323e-07, -3.515609513861177e-07, -3.08992746339517e-07, -3.937631342964863e-07]
A2: [0.16664682039385226, -0.16668722418092108, -2.1237730357779328e-05, -1.9849988364265426e-05] - [0.1665821783228387, 0.33324589541859245, -9.024674758920085e-05, -8.45028886049167e-05] - [0.16664380665150066, 0.8333096953666567, -2.4375239787779964e-05, -2.286357169917747e-05] - [1.1409125904636911e-06, 1.1757473057161484e-06, 1.2073116423971373e-06, 1.1409119263166815e-06]
B1: 0.16671605988250687 - 0.6666445935944562 - 0.16658531871064436 - 5.075522880567551e-05
B2: 0.16671177754172253 - 0.6667268277904864 - 0.16674241050276037 - 4.5207019031191054e-05
