Number: 642
Error: 7.843295675152421e-06
A1: [1.7810841361213136e-06, 1.783612320250383e-06, 2.0863596010480415e-06, 1.8309628923557382e-06] - [0.2083467422455843, 0.3333461066285217, -0.04165318571903949, 1.362776235520728e-05] - [0.1666694634521817, 0.6666693753090931, 0.16666965787774402, 2.858018450217203e-06] - [-1.2126485007229058e-06, -1.0823792366210167e-06, -9.520304512210502e-07, -1.211610296186346e-06]
A2: [0.16664927968682905, -0.1666846653475105, -1.864022359269477e-05, -1.7398387801309025e-05] - [0.16658213301838373, 0.33324592945136067, -9.034421253047639e-05, -8.45783532525674e-05] - [0.16664036331522916, 0.8333061622534924, -2.8039906164889995e-05, -2.6314295248552416e-05] - [3.4493524815700602e-06, 3.5547489684656117e-06, 3.6502581069272485e-06, 3.4493505861656903e-06]
B1: 0.16671244402879273 - 0.6666291700724067 - 0.16658291131306424 - 5.140725611249565e-05
B2: 0.16670586634867954 - 0.6667181484877546 - 0.16673209567385328 - 3.948221510914019e-05
