Number: 812
Error: 7.746021764343855e-06
A1: [1.1981356537452544e-06, 1.172672799299913e-06, 1.5272643169885157e-06, 1.2622802820238228e-06] - [0.20834525150458827, 0.33334439656691595, -0.041654757995925135, 1.2199880623855172e-05] - [0.16666873883095076, 0.6666686307611774, 0.16666899192649934, 2.15100561753813e-06] - [-1.5362446551862972e-06, -1.3712919039701298e-06, -1.2062418323635179e-06, -1.5349299042420811e-06]
A2: [0.1666502577065964, -0.16668364767770108, -1.760698195593825e-05, -1.6423409215226712e-05] - [0.16658214218574724, 0.3332459710357181, -9.035363571500746e-05, -8.458111013026848e-05] - [0.16663900978514665, 0.8333047734586352, -2.9480503508125743e-05, -2.7670746170060822e-05] - [4.361958671721976e-06, 4.495250598702489e-06, 4.616039959513471e-06, 4.361956392193035e-06]
B1: 0.16671082004186533 - 0.6666229020178348 - 0.16658181302410655 - 5.1470760154910474e-05
B2: 0.16670375464730544 - 0.6667149044179191 - 0.1667281641791993 - 3.7444203635009994e-05
