Number: 2350
Error: 6.8891121041688125e-06
A1: [-4.166097771856293e-06, -4.451384108001158e-06, -3.634408324659286e-06, -3.972812590849669e-06] - [0.2083313964413383, 0.33332853106360466, -0.04166940335166102, -1.086161977091319e-06] - [0.16666208991152417, 0.6666617950844786, 0.1666628606998579, -4.338543267383248e-06] - [-4.463542517152415e-06, -3.984809646037425e-06, -3.5058751527948225e-06, -4.459735923817667e-06]
A2: [0.16665910782316923, -0.16667443717656621, -8.253933344062092e-06, -7.600806120563539e-06] - [0.16658226473347346, 0.33324639261168576, -9.038794574293338e-05, -8.456645357747028e-05] - [0.16662678147544857, 0.8332922272898364, -4.249424022125217e-05, -3.992548847041769e-05] - [1.2617105400207198e-05, 1.3002728278786537e-05, 1.3352211868316304e-05, 1.2617102547048897e-05]
B1: 0.16669536849756939 - 0.6665654925956015 - 0.1665712256700766 - 5.128613390472903e-05
B2: 0.16668590459665505 - 0.666686519544939 - 0.1666932505191664 - 2.0260866154784464e-05
