Number: 1410
Error: 7.409672684620767e-06
A1: [-8.90263815050569e-07, -1.016771845058195e-06, -4.824045102529794e-07, -7.759022617235026e-07] - [0.20833985405520059, 0.3333382173357454, -0.041660462865320456, 7.023691617287136e-06] - [0.16666615107082003, 0.6666659703565568, 0.16666660542386824, -3.747810966503115e-07] - [-2.6744836794570977e-06, -2.387527160042269e-06, -2.1004207939123766e-06, -2.6721979346089323e-06]
A2: [0.16665369977826414, -0.1666800655336057, -1.396946768029264e-05, -1.2992035302721606e-05] - [0.1665821929147516, 0.3332461377666871, -9.03644185994178e-05, -8.457232844969789e-05] - [0.16663425592737277, 0.8332998959358459, -3.4539891803121316e-05, -3.2434879746070685e-05] - [7.5719774976391496e-06, 7.803388972757752e-06, 8.013102464048506e-06, 7.57197436723032e-06]
B1: 0.16670490638923968 - 0.66660067583041 - 0.16657779480552956 - 5.149330011148462e-05
B2: 0.16669673011158562 - 0.6667037762267631 - 0.16671448983716636 - 3.067888784534106e-05
