Number: 2494
Error: 6.8099187290063175e-06
A1: [-4.669285056862299e-06, -4.978973327562433e-06, -4.118786771465416e-06, -4.4639088326713714e-06] - [0.20833009529240937, 0.3333270413693365, -0.04167077913345131, -2.334033452268914e-06] - [0.1666614663995595, 0.666661154009434, 0.16666228549080644, -4.947134935857579e-06] - [-4.737595282599348e-06, -4.229484095821186e-06, -3.7211666438606264e-06, -4.733556291915011e-06]
A2: [0.16665993475731772, -0.16667357648137923, -7.379868044951445e-06, -6.776447981331248e-06] - [0.16658227024034314, 0.33324642619449835, -9.039695944476878e-05, -8.457104945582823e-05] - [0.16662563518773968, 0.8332910512595119, -4.3714031139177264e-05, -4.107425171696588e-05] - [1.3389896275079799e-05, 1.3799140444863157e-05, 1.4170034457436548e-05, 1.3389893639405839e-05]
B1: 0.16669391266652153 - 0.6665601044924391 - 0.16657021699315006 - 5.125963074852843e-05
B2: 0.16668425769146378 - 0.6666838831430963 - 0.16668999947239038 - 1.867638782466043e-05
