Number: 2513
Error: 4.002951594069852e-06
A1: [-1.0432267036207487e-05, -1.0058839049192376e-05, -8.506408253669443e-06, -1.0220274104512315e-05] - [0.20830351579617354, 0.3333035074177104, -0.041691226707439695, -2.888348968642556e-05] - [0.16665389605159656, 0.6666544281466971, 0.16665641537661788, -1.250904579792538e-05] - [-4.773377144727319e-06, -4.261438698880194e-06, -3.7492933148751654e-06, -4.76930781704938e-06]
A2: [0.16668887768368465, -0.16664375599388656, 2.3233375452350253e-05, 2.2166157688716472e-05] - [0.1666945915569891, 0.33336217467144247, 2.8448673772624766e-05, 2.7749009455822418e-05] - [0.16665280999113752, 0.8333190607480588, -1.4949930800184157e-05, -1.3899756512662454e-05] - [1.3494852794483593e-05, 1.3907306421805085e-05, 1.4281109583677034e-05, 1.3494850189679078e-05]
B1: 0.16662840271336646 - 0.6665784886589912 - 0.16667361743972559 - -1.321965310555672e-05
B2: 0.16661959408187474 - 0.6665978933970108 - 0.166585271487798 - -4.5979446558079754e-05
