Number: 1418
Error: 7.405196628196125e-06
A1: [-9.23555862897451e-07, -1.0517185410226512e-06, -5.152490672586254e-07, -8.08517403809105e-07] - [0.20833976027808035, 0.33333811188079804, -0.041660563193372184, 6.932895099483043e-06] - [0.16666611103817214, 0.6666659290462984, 0.16666656747192407, -4.1397953236877406e-07] - [-2.6897093389984655e-06, -2.4011206072333433e-06, -2.1123814304626795e-06, -2.6874106238571097e-06]
A2: [0.16665374492570983, -0.16668001846577646, -1.3921610289672342e-05, -1.2947030969040114e-05] - [0.16658219128129795, 0.3332461378097026, -9.036661975035331e-05, -8.457452309016543e-05] - [0.1666341920735456, 0.8332998304433868, -3.460780082899498e-05, -3.2498871055788465e-05] - [7.614918611785412e-06, 7.847642642581309e-06, 8.058545716989589e-06, 7.6149154753663e-06]
B1: 0.16670484341722516 - 0.6666003939118239 - 0.1665777557415717 - 5.1509755799656866e-05
B2: 0.16669665576626932 - 0.6667036302775328 - 0.16671429219979136 - 3.060800995392312e-05
