Number: 1643
Error: 3.52375114389958e-06
A1: [-7.405759179403959e-06, -6.885626846732473e-06, -5.594988879042605e-06, -7.266803852743654e-06] - [0.20831132299597485, 0.33331245070215576, -0.04168297467528218, -2.139812021800803e-05] - [0.16665764888461537, 0.6666582864112217, 0.16665987500427806, -8.846345604786076e-06] - [-3.118009141460171e-06, -2.7835165884429226e-06, -2.4488577344473407e-06, -3.1153457478145176e-06]
A2: [0.1666838759356741, -0.1666489615453245, 1.7947162187751432e-05, 1.7179963015942265e-05] - [0.16669453936237408, 0.3333619533905106, 2.8485047356238786e-05, 2.775780988388932e-05] - [0.16665973137822274, 0.8333261619193276, -7.584350279961534e-06, -6.96342451022739e-06] - [8.825690989003997e-06, 9.095425032578374e-06, 9.339871124800277e-06, 8.825687740109636e-06]
B1: 0.16663724263431698 - 0.6666110746415421 - 0.16667973288610877 - -1.3015218444396005e-05
B2: 0.16662960564981327 - 0.6666138409768639 - 0.1666048896014196 - -3.6344789231288195e-05
