Number: 370
Error: 8.002289602194299e-06
A1: [2.701666065057794e-06, 2.7479829443474154e-06, 2.9667794480537935e-06, 2.7287308312663033e-06] - [0.2083490776925302, 0.3333487890621726, -0.041650727673965, 1.5862682011326495e-05] - [0.1666706101709283, 0.6666705529481737, 0.16667070879357063, 3.976575053079959e-06] - [-6.948770901971036e-07, -6.201016702282606e-07, -5.452779962123526e-07, -6.94281858767016e-07]
A2: [0.16664772012040635, -0.16668628805845015, -2.0287567144939472e-05, -1.8953088325776617e-05] - [0.16658214364892623, 0.33324588925618576, -9.030182129699809e-05, -8.45486444511841e-05] - [0.1666425363316799, 0.8333083919182692, -2.572715347750453e-05, -2.4136605795973248e-05] - [1.9891398855414763e-06, 2.049902274235755e-06, 2.104962626727664e-06, 1.989138728321516e-06]
B1: 0.16671485611077008 - 0.6666390354899732 - 0.1665845276626373 - 5.1119530133503525e-05
B2: 0.16670946788058408 - 0.6667235222906162 - 0.1667385269522064 - 4.2965844604943404e-05
