Number: 2635
Error: 4.069750084972833e-06
A1: [-1.0861920709433048e-05, -1.0509359660092592e-05, -8.920515235811213e-06, -1.0639681220520034e-05] - [0.2083023998310851, 0.3333022309450501, -0.0416924074477473, -2.9954305601045424e-05] - [0.1666533644893703, 0.6666538814996682, 0.1666559243239339, -1.3027964734026686e-05] - [-5.005496851747532e-06, -4.4686751534724174e-06, -3.931643362445784e-06, -5.001230821868046e-06]
A2: [0.16668957713300414, -0.16664302792230015, 2.3972806595838227e-05, 2.2863426017047097e-05] - [0.1666945925676748, 0.33336219951125, 2.8437514817460295e-05, 2.774146641194138e-05] - [0.16665183816152548, 0.833318063722361, -1.5984018332401794e-05, -1.4873682163959074e-05] - [1.4149549966468199e-05, 1.4582015227986343e-05, 1.4973957290179203e-05, 1.4149547587684248e-05]
B1: 0.16662718223447373 - 0.6665739346963588 - 0.16667277156788265 - -1.3229213755333927e-05
B2: 0.16661821235586355 - 0.6665956628696114 - 0.16658250893999788 - -4.730831807419425e-05
