Number: 1050
Error: 7.611351793933005e-06
A1: [3.685597593877899e-07, 3.0302552427246694e-07, 7.293127421092205e-07, 4.5268918561505685e-07] - [0.20834310993849206, 0.3333419444255132, -0.04165702077041095, 1.0146369115766971e-05] - [0.16666771060133712, 0.6666675737584752, 0.16666804407846122, 1.147440141740284e-06] - [-1.989265749348302e-06, -1.7757561932750498e-06, -1.5621265558124582e-06, -1.987564219350921e-06]
A2: [0.1666516272036486, -0.1666822224788229, -1.6159791252442398e-05, -1.505816980683217e-05] - [0.16658215993887243, 0.3332460347872814, -9.03606946101366e-05, -8.45800513727104e-05] - [0.16663711701124675, 0.8333028314289113, -3.1494948926073156e-05, -2.9567609522521773e-05] - [5.639565354524682e-06, 5.811909524518471e-06, 5.9680906548176975e-06, 5.639562641793842e-06]
B1: 0.16670849925469275 - 0.6666140864539484 - 0.1665802418208678 - 5.151253563440515e-05
B2: 0.1667009198110544 - 0.6667104416337749 - 0.16672269373881485 - 3.471253397305714e-05
