Number: 1489
Error: 3.438304909050795e-06
A1: [-6.866783273207725e-06, -6.320507733958663e-06, -5.076039360697017e-06, -6.740760237001362e-06] - [0.20831271798574214, 0.3333140474881513, -0.04168149956330102, -2.006011230299334e-05] - [0.1666583164501546, 0.6666589728141634, 0.16666049101022826, -8.19473917964513e-06] - [-2.8249750387781644e-06, -2.5218927093438815e-06, -2.2186546005170815e-06, -2.822561101329031e-06]
A2: [0.16668298995082523, -0.16664988363019034, 1.7010776501667238e-05, 1.6296731279133068e-05] - [0.16669452721951428, 0.3333619112662405, 2.8488482165606326e-05, 2.7756463035589143e-05] - [0.1666609556552167, 0.8333274180173617, -6.281452489728364e-06, -5.7365025751273215e-06] - [7.999113127208589e-06, 8.243581499652923e-06, 8.465128677177759e-06, 7.99910994125311e-06]
B1: 0.16663879360270561 - 0.6666168264236647 - 0.1666807961795522 - -1.2992899521101106e-05
B2: 0.16663137673398956 - 0.6666166728401112 - 0.16660838176271978 - -3.4640419104358836e-05
