Number: 189
Error: 2.6937857446267615e-06
A1: [-2.414639299413116e-06, -1.6549445366051947e-06, -8.075381983589863e-07, -2.3976980865626433e-06] - [0.20832409555080297, 0.33332709965275215, -0.041669503511461564, -9.163196008117404e-06] - [0.16666385073106912, 0.6666646589951678, 0.16666557571342852, -2.7950973963682273e-06] - [-3.5114702918821134e-07, -3.1321149827735884e-07, -2.7525038832217895e-07, -3.508462068236875e-07]
A2: [0.1666755252716434, -0.16665765114643993, 9.12441336293303e-06, 8.855293537155634e-06] - [0.16669451610700012, 0.33336165363401904, 2.8621747231262403e-05, 2.783647994547137e-05] - [0.16667132105173874, 0.8333380533931285, 4.750239009026228e-06, 4.651216596477678e-06] - [1.0204884685503058e-06, 1.0516423832801103e-06, 1.0798711463850542e-06, 1.0204878755723389e-06]
B1: 0.1666509367511687 - 0.6666645287530749 - 0.16668901349724222 - -1.3753361809411128e-05
B2: 0.16664773776783423 - 0.6666416743081535 - 0.16663862153673764 - -1.88425481867107e-05
