Number: 1708
Error: 7.243868978833089e-06
A1: [-1.9325408923888138e-06, -2.1095851843601183e-06, -1.4858201112044696e-06, -1.7931544305482557e-06] - [0.20833715771485972, 0.3333351306875704, -0.041663313867573756, 4.4376152225018645e-06] - [0.1666648598061646, 0.66666464271552, 0.16666541408587152, -1.6351634155154399e-06] - [-3.241671573788753e-06, -2.8939175605193706e-06, -2.5459932456546233e-06, -3.238902971601201e-06]
A2: [0.16665541496337075, -0.16667828047798824, -1.2156750304149787e-05, -1.1282181157090862e-05] - [0.1665822190442413, 0.33324622197255277, -9.036841271013912e-05, -8.456710368751348e-05] - [0.1666318873887185, 0.8332974658351433, -3.70605635746746e-05, -3.4808539892695854e-05] - [9.171487757619985e-06, 9.451790675307514e-06, 9.705815671630864e-06, 9.171484500406098e-06]
B1: 0.16670190041906185 - 0.666589542625661 - 0.1665757362373204 - 5.144545102542906e-05
B2: 0.16669329768754082 - 0.666698293361339 - 0.16670773215762022 - 2.7375644326793147e-05
