Number: 1662
Error: 7.269442770886019e-06
A1: [-1.7591193879264075e-06, -1.927657543009625e-06, -1.3169868463270701e-06, -1.623607783806632e-06] - [0.2083376244168087, 0.3333356604784873, -0.04166281761171465, 4.887248368125236e-06] - [0.16666507179779536, 0.6666648610348578, 0.16666561207806077, -1.427950871632526e-06] - [-3.1541230511155487e-06, -2.815754027965411e-06, -2.4772176143907646e-06, -3.1514289375863084e-06]
A2: [0.16665515241402043, -0.16667855391924272, -1.2434573710899402e-05, -1.154390761192336e-05] - [0.16658222084875302, 0.3332462145298273, -9.03625382236954e-05, -8.456207222755471e-05] - [0.16663225371376306, 0.8332978416284867, -3.6670825867160506e-05, -3.444142424974877e-05] - [8.924589165250174e-06, 9.197345281961494e-06, 9.444530343173194e-06, 8.924585914649497e-06]
B1: 0.16670232388864994 - 0.6665912226528017 - 0.16657601752759088 - 5.1412268139840804e-05
B2: 0.16669378370093055 - 0.6666991349749815 - 0.1667088117896171 - 2.784171816258076e-05
