Number: 589
Error: 2.9314031380094547e-06
A1: [-3.753217713578582e-06, -3.0566547980890075e-06, -2.0845303261121787e-06, -3.7027419643291904e-06] - [0.20832072294016238, 0.33332322178552565, -0.0416730463930934, -1.2388036194269574e-05] - [0.1666621805266608, 0.6666629445052197, 0.16666404876586682, -4.423902887617961e-06] - [-1.1123501044214802e-06, -9.928330155072222e-07, -8.732420633488089e-07, -1.111397644909295e-06]
A2: [0.1666778098655186, -0.16665527411082545, 1.1537307544181187e-05, 1.113273594829256e-05] - [0.16669445945957892, 0.3333616702350327, 2.8515624209735774e-05, 2.7751793407268066e-05] - [0.1666681140553843, 0.8333347627681852, 1.3371623748588835e-06, 1.4373525424018096e-06] - [3.167971028254148e-06, 3.2647669672225492e-06, 3.35248195459188e-06, 3.1679692612988965e-06]
B1: 0.1666476574287772 - 0.6666502531465563 - 0.16668683301400045 - -1.3062750473874686e-05
B2: 0.1666421448244464 - 0.666633524482809 - 0.16662896903186825 - -2.426220965232494e-05
