Number: 141
Error: 2.6639178057213787e-06
A1: [-2.2607155521499857e-06, -1.493958381410529e-06, -6.620322278277586e-07, -2.247792034199669e-06] - [0.208324472904384, 0.3333275356086704, -0.04166910978349239, -8.80354844582381e-06] - [0.16666404420210207, 0.6666648572816981, 0.16666575099496556, -2.6065876769491694e-06] - [-2.598024686773769e-07, -2.316562967243011e-07, -2.0349090047296622e-07, -2.5957994030347247e-07]
A2: [0.16667525343918208, -0.16665793393128708, 8.837460521435172e-06, 8.584319299340634e-06] - [0.16669453434248022, 0.3333616635639921, 2.864686013309185e-05, 2.7858080219062597e-05] - [0.16667170927776406, 0.8333384517556982, 5.16338829782255e-06, 5.0402667337430564e-06] - [7.627749595614975e-07, 7.860513440747576e-07, 8.071414468555447e-07, 7.62774526313274e-07]
B1: 0.16665125307815895 - 0.666666175123219 - 0.1666892188887314 - -1.3913334497250862e-05
B2: 0.16664850983345347 - 0.6666427315879965 - 0.16663983602180088 - -1.8091277445744967e-05
