Number: 1477
Error: 3.4316484918741314e-06
A1: [-6.828829270701403e-06, -6.280743940083698e-06, -5.040100492356107e-06, -6.703810078124287e-06] - [0.2083128103983339, 0.3333141547093817, -0.04168140273863457, -1.997212427499498e-05] - [0.16665836438161782, 0.666659021983653, 0.16666053446441093, -8.148047388352317e-06] - [-2.8021408010031267e-06, -2.501505903804896e-06, -2.200716089524867e-06, -2.7997463094921043e-06]
A2: [0.16668292021288406, -0.16664995614686315, 1.6937181707947453e-05, 1.622720789605756e-05] - [0.1666945244321153, 0.3333619062330165, 2.848709488361812e-05, 2.775451699011442e-05] - [0.1666610508353092, 0.8333275156880222, -6.180123326830944e-06, -5.641116361299948e-06] - [7.934705564634344e-06, 8.177205211556171e-06, 8.396968098067086e-06, 7.934702385806068e-06]
B1: 0.16663892762155447 - 0.666617287153636 - 0.16668089094481073 - -1.2977985627079296e-05
B2: 0.16663152871764084 - 0.6666168948741313 - 0.16660864194491398 - -3.4493634979655834e-05
