Number: 3027
Error: 4.283698693903421e-06
A1: [-1.2229046035682515e-05, -1.1942776426098482e-05, -1.0236179858124974e-05, -1.1973896906990113e-05] - [0.20829886803796424, 0.33329818645532816, -0.04169614132026196, -3.334108313941167e-05] - [0.1666516700611535, 0.6666521393624057, 0.16665436156677402, -1.4681783417399851e-05] - [-5.751306189903968e-06, -5.134532438198672e-06, -4.517542674845073e-06, -5.746408879454093e-06]
A2: [0.16669182498385005, -0.16664068822252212, 2.6348886867985835e-05, 2.510426900812734e-05] - [0.16669459478508192, 0.33336227799030943, 2.8400015997575998e-05, 2.77161984002924e-05] - [0.16664871453172633, 0.8333148590979816, -1.9307765264667133e-05, -1.8004047456039833e-05] - [1.6253057682758552e-05, 1.6749819110671863e-05, 1.7200041875642874e-05, 1.6253056255797416e-05]
B1: 0.16662322250951236 - 0.6665592611229961 - 0.16667000903468518 - -1.3298241631065912e-05
B2: 0.16661373207401897 - 0.6665884970182404 - 0.1665736776848198 - -5.1618764985138704e-05
