Number: 2033
Error: 3.7392489517183012e-06
A1: [-8.77081443439917e-06, -8.31691261126784e-06, -6.909380753411815e-06, -8.599109300162876e-06] - [0.2083077896624258, 0.3333084062219293, -0.04168671113811806, -2.4787150803459945e-05] - [0.16665595815409345, 0.6666565479500857, 0.1666583147844019, -1.0496661979013519e-05] - [-3.860087930417756e-06, -3.4460501913731927e-06, -3.0318239916507917e-06, -3.856793592321645e-06]
A2: [0.1666861182493179, -0.16664662780034403, 2.0317136752119976e-05, 1.9415304516410446e-05] - [0.1666945649623677, 0.33336205496515325, 2.8471300250930542e-05, 2.7756068365651244e-05] - [0.16665662970495188, 0.8333229796727327, -1.088510414767458e-05, -1.0071796624825674e-05] - [1.0918863488538604e-05, 1.1252578493052425e-05, 1.1555013741663268e-05, 1.0918860318405833e-05]
B1: 0.16663330602392198 - 0.666596496159842 - 0.1666770238835333 - -1.3080650056969493e-05
B2: 0.16662513819111516 - 0.6666066866084226 - 0.1665960624569819 - -4.064329349341766e-05
