Number: 975
Error: 3.1511091736574038e-06
A1: [-5.092613725854464e-06, -4.460564239115868e-06, -3.3716859302776013e-06, -5.009732008027706e-06] - [0.20831727398900746, 0.33331927105003506, -0.0416766880974404, -1.5694202887811558e-05] - [0.16666051942434554, 0.6666612371691281, 0.16666251889387623, -6.045010131953817e-06] - [-1.846893004302056e-06, -1.6486468595664508e-06, -1.4502873860321048e-06, -1.8453129674522318e-06]
A2: [0.16668002809616844, -0.16665296571191338, 1.388123989432593e-05, 1.3344065796917661e-05] - [0.16669447461986756, 0.33336175938185925, 2.848946846920988e-05, 2.7739895971039765e-05] - [0.16666504047843989, 0.8333316091742246, -1.9339694773608815e-06, -1.6428522585356783e-06] - [5.240107610744046e-06, 5.400242247722544e-06, 5.545358205465699e-06, 5.240105017957003e-06]
B1: 0.16664398901844416 - 0.6666360392279816 - 0.16668435605173265 - -1.2899615251981414e-05
B2: 0.16663743748705565 - 0.6666261963741945 - 0.1666200269029375 - -2.8802335665539024e-05
