Number: 1057
Error: 3.19722473711855e-06
A1: [-5.3801689582496266e-06, -4.762039630091874e-06, -3.64857490021862e-06, -5.290400305050575e-06] - [0.20831652902003872, 0.3333184186285311, -0.04167747572805363, -1.6408827899233052e-05] - [0.1666601634362417, 0.6666608711478952, 0.16666219035879926, -6.392499213894636e-06] - [-2.0029324970891514e-06, -1.7879613834457581e-06, -1.5728694060947773e-06, -2.001219290773072e-06]
A2: [0.16668049969106905, -0.16665247490893556, 1.4379643861368297e-05, 1.3814194749662425e-05] - [0.16669448026541672, 0.33336178092409474, 2.8486689161182058e-05, 2.773979342009521e-05] - [0.16666438837626765, 0.8333309401096859, -2.6279697914210883e-06, -2.296362510323954e-06] - [5.680281718389351e-06, 5.853871059439332e-06, 6.011180680175077e-06, 5.680278991670039e-06]
B1: 0.16664318704897293 - 0.6666329996691914 - 0.16668381239045507 - -1.2887609290880296e-05
B2: 0.16663647493900807 - 0.6666246674202317 - 0.16661814477436046 - -2.9729362257742398e-05
