Number: 398
Error: 7.985623222833562e-06
A1: [2.596490918556724e-06, 2.637741926783236e-06, 2.8646226047147526e-06, 2.6259141539214657e-06] - [0.20834879542489584, 0.3333484688201222, -0.04165102707113528, 1.5590802791044935e-05] - [0.1666704816391329, 0.666670420665531, 0.16667058898866943, 3.85095237278154e-06] - [-7.481767020096291e-07, -6.676885754173677e-07, -5.871488116714895e-07, -7.475358423495176e-07]
A2: [0.166647878238158, -0.166686123368849, -2.0120263957580318e-05, -1.879547147439229e-05] - [0.1665821352172812, 0.3332458862237179, -9.031316887428963e-05, -8.455904000146183e-05] - [0.16664231139628533, 0.8333081611633155, -2.5966446224271582e-05, -2.4362022215288123e-05] - [2.1394578991890453e-06, 2.2048150312315043e-06, 2.264039234536763e-06, 2.1394566592549235e-06]
B1: 0.16671466115910027 - 0.6666380695927839 - 0.16658440725899054 - 5.1202514391176005e-05
B2: 0.1667091174584672 - 0.6667229571131773 - 0.16673781889426434 - 4.26275589146892e-05
