Number: 1063
Error: 3.200556456664263e-06
A1: [-5.387176767931703e-06, -4.769278277948759e-06, -3.653227179277988e-06, -5.296917642659214e-06] - [0.2083165310221104, 0.3333184159409518, -0.041677470503507695, -1.640465967008587e-05] - [0.16666015156744435, 0.6666608593413248, 0.16666218209109968, -6.403759713540174e-06] - [-2.0143503302116047e-06, -1.7981558290229808e-06, -1.5818399241220094e-06, -2.0126273812426628e-06]
A2: [0.1666805365933622, -0.16665243671941107, 1.4418264580222023e-05, 1.3850989676241903e-05] - [0.16669448694968253, 0.3333617884608364, 2.8492116625072824e-05, 2.774605669383584e-05] - [0.16666434139116948, 0.8333308918460088, -2.678098179451335e-06, -2.343450736653633e-06] - [5.712481916157276e-06, 5.88705552398421e-06, 6.04525716617963e-06, 5.712479180221184e-06]
B1: 0.16664308195812458 - 0.6666327329492292 - 0.16668373038598241 - -1.2933180051174985e-05
B2: 0.16663635693672368 - 0.6666245517127373 - 0.1666180493737253 - -2.9844761974884997e-05
