Number: 1834
Error: 7.1740165440560364e-06
A1: [-2.3669043973283887e-06, -2.5649663569974553e-06, -1.903053737288921e-06, -2.216943226288378e-06] - [0.20833604312276902, 0.33333385247358566, -0.041664491042508835, 3.369619848365602e-06] - [0.16666432022573846, 0.6666640881078918, 0.16666491746014414, -2.1616928099934473e-06] - [-3.4814853705889913e-06, -3.108025189736092e-06, -2.7343871893817197e-06, -3.4785128064740436e-06]
A2: [0.16665614093992226, -0.16667752500950384, -1.1389638408418065e-05, -1.0558458632098563e-05] - [0.16658223176802864, 0.3332462591254955, -9.03686849956936e-05, -8.456321906011596e-05] - [0.16663088598303802, 0.8332964383866655, -3.8126321679116206e-05, -3.5812111192510815e-05] - [9.847763618876223e-06, 1.0148737887218658e-05, 1.0421498235315414e-05, 9.847760368013664e-06]
B1: 0.16670060538239678 - 0.6665848114229252 - 0.16657484201057454 - 5.140112771185065e-05
B2: 0.1666918298910284 - 0.6666959782924459 - 0.1667048988323956 - 2.5962469285654587e-05
