Number: 2590
Error: 6.757225133470421e-06
A1: [-4.996744679959492e-06, -5.322251979429195e-06, -4.432810079651403e-06, -4.78331552174921e-06] - [0.2083292600714641, 0.3333260822578549, -0.041671660499154994, -3.1337671828262715e-06] - [0.16666105880776952, 0.6666607351620676, 0.16666191100583486, -5.34478780669186e-06] - [-4.920297128691286e-06, -4.392600558408111e-06, -3.864695109683506e-06, -4.916103289803144e-06]
A2: [0.16666048722367266, -0.1666730015752808, -6.796119140279064e-06, -6.22569896624481e-06] - [0.16658227676461335, 0.33324645125904184, -9.040047786103873e-05, -8.457126046403395e-05] - [0.16662487123802613, 0.8332902674602685, -4.45270264360053e-05, -4.18398518569894e-05] - [1.3905078280388983e-05, 1.4330069605375325e-05, 1.4715237070928847e-05, 1.390507581561367e-05]
B1: 0.1666929158898046 - 0.666556486885114 - 0.16656951963000496 - 5.121570836061298e-05
B2: 0.16668313351322211 - 0.6666821242312618 - 0.1666878570957922 - 1.75938289762507e-05
