Number: 2662
Error: 6.7177254313549116e-06
A1: [-5.248330376936725e-06, -5.586037867133533e-06, -4.674990558883781e-06, -5.028855834174262e-06] - [0.20832860952221613, 0.3333253374370779, -0.041672348364499394, -3.7576780582737927e-06] - [0.16666074705980127, 0.6666604146327257, 0.16666162340808305, -5.649075904277364e-06] - [-5.057320642105966e-06, -4.51493495553277e-06, -3.9723386848839104e-06, -5.053010713779468e-06]
A2: [0.1666609004288741, -0.16667257149015638, -6.3593488350953594e-06, -5.813781766435553e-06] - [0.16658227852456492, 0.33324646705640465, -9.040597757661398e-05, -8.457455202068975e-05] - [0.1666242978498465, 0.8332896792007994, -4.513716611159407e-05, -4.241447789091196e-05] - [1.4291458671668066e-05, 1.4728260155591692e-05, 1.5124132612636729e-05, 1.42914563485582e-05]
B1: 0.16669218864084245 - 0.6665537927961047 - 0.16656901447737849 - 5.120311092169092e-05
B2: 0.16668231089697333 - 0.6666808068833142 - 0.1666862324435055 - 1.6802426651626903e-05
