Number: 302
Error: 8.04303640570791e-06
A1: [2.926518645835202e-06, 2.9833864749708285e-06, 3.180798514802976e-06, 2.947884981080007e-06] - [0.2083496399702986, 0.3333494365198052, -0.04165013788132621, 1.6399848755615547e-05] - [0.1666708913725906, 0.6666708414939685, 0.16667096527146516, 4.250741293286377e-06] - [-5.654300276197092e-07, -5.045281261942727e-07, -4.4358635250766075e-07, -5.649456411547448e-07]
A2: [0.16664733175552307, -0.16668669210402393, -2.0697669287957096e-05, -1.9340236733585237e-05] - [0.16658215406740653, 0.3332458873278686, -9.028276353065649e-05, -8.45334565048537e-05] - [0.1666430819392827, 0.8333089517623226, -2.5146469394609003e-05, -2.3589830006980667e-05] - [1.6240808431449416e-06, 1.6736845117957563e-06, 1.718632641270645e-06, 1.6240798927525538e-06]
B1: 0.16671540534734633 - 0.6666414553451309 - 0.166584892486998 - 5.099388052540857e-05
B2: 0.16671044269326762 - 0.6667249231459264 - 0.16674017399315816 - 4.3911181852655324e-05
