Number: 1852
Error: 7.164031120183284e-06
A1: [-2.435801327439328e-06, -2.6372504975371625e-06, -1.9702728369219993e-06, -2.2843229396153955e-06] - [0.20833585632298354, 0.33333364075013794, -0.04166468988050188, 3.1895030966393294e-06] - [0.16666423622439971, 0.6666640015711354, 0.16666483881784872, -2.243823120350119e-06] - [-3.5157426191807714e-06, -3.138610041947343e-06, -2.761298626011078e-06, -3.5127409288967835e-06]
A2: [0.1666562434635057, -0.1666774182148637, -1.1281119448189135e-05, -1.0456257050192407e-05] - [0.1665822304685698, 0.333246261468939, -9.037152680997472e-05, -8.456578126272736e-05] - [0.1666307425531341, 0.83329629125492, -3.827890664010388e-05, -3.595585047751956e-05] - [9.944373253581766e-06, 1.0248300523525428e-05, 1.0523737325190892e-05, 9.944370006535746e-06]
B1: 0.1667004428062703 - 0.6665841569094665 - 0.1665747345740438 - 5.141724243210098e-05
B2: 0.16669164373568637 - 0.6666956497531856 - 0.16670447374059436 - 2.5784116318664345e-05
