Number: 1038
Error: 7.618101737008966e-06
A1: [4.06543857062835e-07, 3.428163819128427e-07, 7.652751938752826e-07, 4.896693363279901e-07] - [0.20834320244339474, 0.3333420517289264, -0.04165692387516738, 1.023444911941307e-05] - [0.16666775856324811, 0.6666676229549873, 0.16666808755545817, 1.194162218945101e-06] - [-1.9664239579933205e-06, -1.7553626006730996e-06, -1.5441822501297715e-06, -1.964741919555771e-06]
A2: [0.16665155746069402, -0.16668229499915158, -1.623338752066303e-05, -1.5127698089770776e-05] - [0.16658215717303057, 0.3332460297823169, -9.03620441671692e-05, -8.458197546752356e-05] - [0.1666372122032852, 0.8333029291133994, -3.1393603523384706e-05, -2.9472211285142548e-05] - [5.5751495185285965e-06, 5.745524706048656e-06, 5.89992139174047e-06, 5.5751468246848e-06]
B1: 0.1667086304985477 - 0.6666145444651838 - 0.16658033387660987 - 5.15246687950259e-05
B2: 0.16670107448315225 - 0.666710666416547 - 0.16672295670668133 - 3.486200407429771e-05
