Number: 2591
Error: 4.045687887851296e-06
A1: [-1.0714819708421006e-05, -1.0355174430001532e-05, -8.779904054518093e-06, -1.0496268153497356e-05] - [0.2083027706702187, 0.333302657893953, -0.041692016802435575, -2.959971942550547e-05] - [0.1666535482624592, 0.6666540702669742, 0.16665609259500677, -1.2848743886215091e-05] - [-4.921780887721206e-06, -4.393933208939366e-06, -3.86587650273679e-06, -4.917585787846245e-06]
A2: [0.1666893235746225, -0.16664329173688325, 2.3704965372383204e-05, 2.2610654280661227e-05] - [0.16669458886063737, 0.33336218738542, 2.8438557755643173e-05, 2.7740844567866965e-05] - [0.16665218829112124, 0.8333184229603505, -1.5611391027123594e-05, -1.4522796555256316e-05] - [1.3913435594428573e-05, 1.4338683718258066e-05, 1.4724084012167603e-05, 1.3913433130329146e-05]
B1: 0.16662764791119836 - 0.6665756015634081 - 0.1666731000532151 - -1.3200238113018325e-05
B2: 0.16661873753782608 - 0.6665964696872517 - 0.16658348179056254 - -4.680220088300197e-05
