Number: 2081
Error: 3.76571632037258e-06
A1: [-8.946553845656842e-06, -8.501238131853414e-06, -7.07975433918557e-06, -8.770810645721655e-06] - [0.20830732364189888, 0.3333078755390224, -0.0416872056637908, -2.523538135628254e-05] - [0.16665574225040433, 0.6666563257321321, 0.16665811406318723, -1.0707584327627514e-05] - [-3.951417919155877e-06, -3.5275897793418665e-06, -3.1035708953798322e-06, -3.948046005882814e-06]
A2: [0.16668639273725314, -0.16664634199402384, 2.0607471584602373e-05, 1.968893440106849e-05] - [0.16669456402434157, 0.33336206355087983, 2.8465877057920044e-05, 2.775176535573285e-05] - [0.16665624740418583, 0.8333225874764197, -1.1291863311991821e-05, -1.0454921871709776e-05] - [1.1176478076302681e-05, 1.151806742912037e-05, 1.1827639752221136e-05, 1.1176474939431886e-05]
B1: 0.16663284696717512 - 0.6665947257385318 - 0.16667671267774573 - -1.3063240854249475e-05
B2: 0.16662461568527087 - 0.6666058092932906 - 0.16659495381660874 - -4.114500685069517e-05
