Number: 965
Error: 3.145474287592881e-06
A1: [-5.056956467507959e-06, -4.423176952971858e-06, -3.337264579156838e-06, -4.974915188286908e-06] - [0.2083173672111609, 0.33331937750697915, -0.04167658941112031, -1.5604683496895954e-05] - [0.16666056343237964, 0.6666612824335983, 0.1666625596196835, -6.0020391414464565e-06] - [-1.8278637238814188e-06, -1.6316572250210154e-06, -1.4353383363904555e-06, -1.8262999307554252e-06]
A2: [0.16667997069454404, -0.16665302546056568, 1.3820559407417629e-05, 1.3286842942462452e-05] - [0.1666944742363973, 0.33336175704831117, 2.8490088579190715e-05, 2.7740213467825693e-05] - [0.166665120044862, 0.8333316908080544, -1.8492960320025634e-06, -1.56311412605956e-06] - [5.186427021984914e-06, 5.344920816009748e-06, 5.488549725467372e-06, 5.186424446533692e-06]
B1: 0.16664408441354844 - 0.6666364076234133 - 0.16668442019044288 - -1.2903487065919804e-05
B2: 0.166637553270188 - 0.6666263830651594 - 0.16662025859743518 - -2.8690884262877125e-05
