Number: 2426
Error: 6.847322535368451e-06
A1: [-4.422350405544751e-06, -4.719992229660608e-06, -3.879687519840847e-06, -4.222692742503041e-06] - [0.20833074725981968, 0.3333277844796518, -0.04167008770800853, -1.7072607080909382e-06] - [0.16666177025332413, 0.6666614666856777, 0.16666256759253786, -4.650335829730405e-06] - [-4.608184547237495e-06, -4.113946590993145e-06, -3.619504453349478e-06, -4.604255278011536e-06]
A2: [0.16665954590090187, -0.16667398135911254, -7.79114226990785e-06, -7.164087952245633e-06] - [0.16658227197700443, 0.33324641446564435, -9.03887920502786e-05, -8.456454203760981e-05] - [0.16662617702007881, 0.833291607111925, -4.313754048527724e-05, -4.0531250360101054e-05] - [1.3024969721961582e-05, 1.3423059488256025e-05, 1.378384307205239e-05, 1.3024966977813584e-05]
B1: 0.1666945693164656 - 0.6665626195563021 - 0.16657066551454894 - 5.124129736681178e-05
B2: 0.16668500351310084 - 0.6666851252840261 - 0.16669156251396905 - 1.939273126649894e-05
