Number: 1305
Error: 3.3359542648454304e-06
A1: [-6.244814009950622e-06, -5.668548905932601e-06, -4.48049174961279e-06, -6.134221717703873e-06] - [0.20831429607541016, 0.33331586166364796, -0.041679835787810704, -1.8550020579995916e-05] - [0.16665909181434074, 0.6666597694257261, 0.1666612022486733, -7.4384222839432765e-06] - [-2.4748494684234143e-06, -2.2092956441770295e-06, -1.9435999347857703e-06, -2.4727338182142148e-06]
A2: [0.16668192736931134, -0.1666509891524588, 1.5888370585921336e-05, 1.5237439365354967e-05] - [0.16669450205940833, 0.3333618508002616, 2.8482996609739412e-05, 2.7744202401747256e-05] - [0.16666241709924273, 0.8333289175474619, -4.725936129422037e-06, -4.2718983890939085e-06] - [7.011492819256261e-06, 7.225772925161608e-06, 7.419960180971622e-06, 7.011489778085246e-06]
B1: 0.166640712120362 - 0.6666237603399076 - 0.16668212436786495 - -1.2900777859504593e-05
B2: 0.1666335761715115 - 0.6666200710435567 - 0.1666124964237764 - -3.252069651757592e-05
