Number: 487
Error: 2.8722284720459106e-06
A1: [-3.417163234811834e-06, -2.7046614551745864e-06, -1.7644987662004586e-06, -3.3752337155942926e-06] - [0.2083215620387878, 0.3333241890423552, -0.04167216523687931, -1.1586599137922933e-05] - [0.166662601267977, 0.6666633763577233, 0.16666443261534084, -4.013713171007352e-06] - [-9.182446586037206e-07, -8.195309860690152e-07, -7.207550144131036e-07, -9.174582356698205e-07]
A2: [0.16667722300821064, -0.1666558845801733, 1.0917665984650556e-05, 1.054770230086839e-05] - [0.16669445741107364, 0.33336164928965645, 2.8525798837274598e-05, 2.7756895154568725e-05] - [0.16666892790380158, 0.8333355978728056, 2.203433972052107e-06, 2.25295234329528e-06] - [2.6203893671586984e-06, 2.700447409337737e-06, 2.772993955260243e-06, 2.6203878705723607e-06]
B1: 0.16664861023079794 - 0.6666539979351933 - 0.1666874815608599 - -1.3122336947684314e-05
B2: 0.1666435105498231 - 0.6666355264595317 - 0.16663133788623047 - -2.294067285703721e-05
