Number: 2826
Error: 6.62788017073707e-06
A1: [-5.8227058510255265e-06, -6.18827656360613e-06, -5.228091797354018e-06, -5.589460172093896e-06] - [0.2083271223922081, 0.33332363527735837, -0.04167392109495977, -5.1841271118734865e-06] - [0.1666600356337582, 0.6666596831292386, 0.16666096683797124, -6.343509098958987e-06] - [-5.3694255309146404e-06, -4.793581332398369e-06, -4.2175234742101125e-06, -5.364851320647411e-06]
A2: [0.166661841053465, -0.16667159240625776, -5.3650254690693485e-06, -4.87609095246869e-06] - [0.16658228066107805, 0.33324650119648896, -9.042031424730987e-05, -8.458392189570684e-05] - [0.16662299141550688, 0.8332883388967142, -4.652730442182745e-05, -4.372373189980815e-05] - [1.5171527583174169e-05, 1.5635229342635596e-05, 1.6055485100665056e-05, 1.5171525626158326e-05]
B1: 0.16669053720924476 - 0.6665476602389364 - 0.16656786663413756 - 5.117948405774467e-05
B2: 0.16668044292404163 - 0.6666778078962061 - 0.1666825291335418 - 1.5005552518349143e-05
