Number: 490
Error: 7.931477371441814e-06
A1: [2.2957764830617466e-06, 2.32285310594985e-06, 2.5787655027784836e-06, 2.3329060220139246e-06] - [0.20834804852685987, 0.3333476071109988, -0.04165181033217359, 1.4877865430381499e-05] - [0.1666701046010574, 0.6666700338067851, 0.16667024563028085, 3.4834294481354267e-06] - [-9.233082852596686e-07, -8.240502221000968e-07, -7.24729675167656e-07, -9.22517546744896e-07]
A2: [0.16664840665548045, -0.1666855737070267, -1.9562386092162927e-05, -1.8268699972265312e-05] - [0.16658213260020815, 0.33324590046791813, -9.03271907324452e-05, -8.456810996840134e-05] - [0.166641575978679, 0.833307406533593, -2.6749229770768913e-05, -2.5099020364030274e-05] - [2.6333568332178205e-06, 2.713810914628031e-06, 2.7867163592436305e-06, 2.6333553322074107e-06]
B1: 0.16671383735635317 - 0.6666347233689222 - 0.16658384974560242 - 5.129183464546709e-05
B2: 0.16670784135603184 - 0.6667211150001242 - 0.166735654455267 - 4.139133551738037e-05
