Number: 516
Error: 7.916311695707114e-06
A1: [2.217127064831763e-06, 2.2405420713453267e-06, 2.505003061936526e-06, 2.2564284044942516e-06] - [0.20834786293139296, 0.3333473904581189, -0.04165200342644177, 1.4701843173375735e-05] - [0.16667000443501442, 0.6666699312147956, 0.1666701556810399, 3.385946340922414e-06] - [-9.728024780151724e-07, -8.682399317823106e-07, -7.636119104547964e-07, -9.719693947702197e-07]
A2: [0.1666485573577292, -0.16668541704726086, -1.940345425909101e-05, -1.8118462847444363e-05] - [0.1665821358703254, 0.3332459083905599, -9.032737950924944e-05, -8.456666351083372e-05] - [0.16664136878105046, 0.8333071938965048, -2.6969835123742108e-05, -2.5306664676471795e-05] - [2.7729360256152283e-06, 2.8576566113292214e-06, 2.934428492010092e-06, 2.772934453825825e-06]
B1: 0.1667135752875452 - 0.6666337503245303 - 0.16658366669067662 - 5.128781119259267e-05
B2: 0.16670746580186674 - 0.6667205991773332 - 0.16673506828198437 - 4.102705189667534e-05
