Number: 1054
Error: 7.609121096396651e-06
A1: [3.6388664258734414e-07, 2.981989766759692e-07, 7.262109885781377e-07, 4.483430681223204e-07] - [0.2083431112787877, 0.3333419426401279, -0.04165701727990676, 1.0149153586689432e-05] - [0.1666677026881818, 0.6666675658872441, 0.1666680385670261, 1.1399325399071675e-06] - [-1.9968811274906135e-06, -1.782555586791067e-06, -1.568109603467789e-06, -1.99517309918543e-06]
A2: [0.1666516518133981, -0.16668219701083925, -1.613403567133776e-05, -1.5033631616088594e-05] - [0.16658216441076718, 0.3332460398273152, -9.035706067476957e-05, -8.457586006479802e-05] - [0.1666370856933538, 0.8333027992586437, -3.152836226188584e-05, -2.959899614911028e-05] - [5.661037158327904e-06, 5.834037659893184e-06, 5.990813609938409e-06, 5.661034439362215e-06]
B1: 0.16670842928682209 - 0.6666139087358584 - 0.16658018725959492 - 5.1482249690058186e-05
B2: 0.16670084097790933 - 0.6667103643383497 - 0.16672262998725448 - 3.463543540964829e-05
