Number: 983
Error: 3.1556283335839497e-06
A1: [-5.12593239704645e-06, -4.495536200802822e-06, -3.4045543025299225e-06, -5.042373735802867e-06] - [0.20831718010918887, 0.33331916549787804, -0.041676788517149, -1.578510201010642e-05] - [0.1666604793747648, 0.6666611958422005, 0.16666248092579197, -6.084225441424895e-06] - [-1.862116319703722e-06, -1.6622383261100447e-06, -1.4622462557208724e-06, -1.8605232886086603e-06]
A2: [0.16668007320255304, -0.16665291868738594, 1.3929052703454944e-05, 1.3389029200462154e-05] - [0.16669447279910593, 0.3333617592278401, 2.8487064632212424e-05, 2.7737514570657157e-05] - [0.16666497657992202, 0.8333315436347056, -2.0019268536039406e-06, -1.7068881121496925e-06] - [5.283054517973714e-06, 5.444501900071125e-06, 5.590807561248578e-06, 5.283051911472422e-06]
B1: 0.16664392839300393 - 0.6666357594983876 - 0.1666843190255856 - -1.288081380277907e-05
B2: 0.16663736124898543 - 0.6666260484696492 - 0.1666198272318028 - -2.887510950551106e-05
