Number: 918
Error: 7.685875429699205e-06
A1: [8.343976160265145e-07, 7.914242449548442e-07, 1.1782841139286781e-06, 9.074375907178259e-07] - [0.20834432084579388, 0.33334332893580476, -0.041655739935560814, 1.130841736691384e-05] - [0.16666828669697095, 0.6666681661503355, 0.16666857626943826, 1.7098510579853773e-06] - [-1.7380129230640817e-06, -1.5514340614568363e-06, -1.3647474355880008e-06, -1.736525853724094e-06]
A2: [0.1666508683776332, -0.16668301225532176, -1.6961823822351732e-05, -1.5814634442330287e-05] - [0.16658215155977024, 0.3332460007339054, -9.035564110601879e-05, -8.457917135374598e-05] - [0.1666381667950443, 0.8333039085069425, -3.0377731564569686e-05, -2.851555758513333e-05] - [4.930983029518243e-06, 5.081668181082101e-06, 5.218220349701897e-06, 4.930980541755433e-06]
B1: 0.1667097775433048 - 0.6666189668337523 - 0.16658110429929676 - 5.148047698721717e-05
B2: 0.16670246407262657 - 0.6667129067568704 - 0.166725736712437 - 3.619957726890379e-05
