Number: 1672
Error: 7.263888860689438e-06
A1: [-1.7947346612671891e-06, -1.9650050304322287e-06, -1.3513708182172404e-06, -1.65838269169634e-06] - [0.2083375313579125, 0.3333355541755751, -0.041662916153572274, 4.797892048824001e-06] - [0.166665027819786, 0.6666648157994467, 0.16666557137975713, -1.4708919614635656e-06] - [-3.173155849208998e-06, -2.832746637404123e-06, -2.492169394290431e-06, -3.1704455406187823e-06]
A2: [0.16665520985421267, -0.16667849412875044, -1.2373849017105794e-05, -1.148664631060423e-05] - [0.16658222141789397, 0.3332462170631999, -9.036294846754036e-05, -8.456220459691155e-05] - [0.16663217419446086, 0.8332977600453508, -3.6755446225003165e-05, -3.452111542034341e-05] - [8.978262939324547e-06, 9.252659673006792e-06, 9.501331681637626e-06, 8.978259686912368e-06]
B1: 0.16670222483556643 - 0.6665908507674575 - 0.16657595004870399 - 5.141248196599617e-05
B2: 0.16669367102456287 - 0.6666989514947481 - 0.16670858342278855 - 2.7733376687078448e-05
