Number: 738
Error: 7.788224756548927e-06
A1: [1.4526463040973551e-06, 1.4394227077068037e-06, 1.771501832852164e-06, 1.5105803766824497e-06] - [0.20834590349728577, 0.3333451442464245, -0.04165407007505501, 1.282450813298457e-05] - [0.166669055035203, 0.6666689556931684, 0.16666928269995832, 2.4595443451517563e-06] - [-1.3953861292496911e-06, -1.2455308855288396e-06, -1.0955859088651407e-06, -1.3941917286699376e-06]
A2: [0.16664983184137908, -0.16668409081632027, -1.805691252980424e-05, -1.6847950624682535e-05] - [0.16658213740162525, 0.3332459520933937, -9.03504198534073e-05, -8.458070366883416e-05] - [0.16663959871236417, 0.8333053777267796, -2.8853694897797158e-05, -2.708054750825925e-05] - [3.964709461708562e-06, 4.085858762148536e-06, 4.195643825840436e-06, 3.96470734186545e-06]
B1: 0.16671153334112065 - 0.6666256360498553 - 0.1665822959015228 - 5.1449497754814527e-05
B2: 0.1667046640436556 - 0.6667163091536886 - 0.16672987073433912 - 3.8321523128085434e-05
