Number: 561
Error: 2.9152556839446977e-06
A1: [-3.6722915074274765e-06, -2.9719829153563625e-06, -2.0092616386753973e-06, -3.6241509270238647e-06] - [0.20832090769424683, 0.33332343918238794, -0.04167285516836623, -1.2213576918250995e-05] - [0.16666228458956917, 0.6666630509807553, 0.16666414142699046, -4.322725533445622e-06] - [-1.059066484349887e-06, -9.452598547250363e-07, -8.313824876956811e-07, -1.0581595950377675e-06]
A2: [0.1666776466896326, -0.16665544367668939, 1.1365321376861159e-05, 1.0970060756688463e-05] - [0.1666944532306337, 0.33336165905479365, 2.8513239672193756e-05, 2.7747527604167417e-05] - [0.16666833671875872, 0.8333349912931703, 1.5742721921856055e-06, 1.660496772150042e-06] - [3.0176618459458807e-06, 3.1098632874800695e-06, 3.1934145728692177e-06, 3.0176601511113542e-06]
B1: 0.1666479607546112 - 0.6666513207234379 - 0.16668704847620777 - -1.3037306590140351e-05
B2: 0.16664255468427575 - 0.666634073735428 - 0.16662958180392537 - -2.3864482589875763e-05
