Number: 560
Error: 7.890656481155448e-06
A1: [2.045382805696385e-06, 2.060420250772917e-06, 2.3371677888636347e-06, 2.088396499457864e-06] - [0.20834739316798018, 0.3333468593573381, -0.04165250343460129, 1.4248429549102623e-05] - [0.16666979584861236, 0.6666697163207436, 0.1666699599808106, 3.181937648618589e-06] - [-1.0565558776859213e-06, -9.43016211152423e-07, -8.294060808084958e-07, -1.0556511525577671e-06]
A2: [0.1666488060293727, -0.16668515796092212, -1.9140173836687534e-05, -1.7870578331261756e-05] - [0.16658212517781595, 0.3332459064574184, -9.03421108972715e-05, -8.458044221310028e-05] - [0.1666410163884504, 0.8333068324088371, -2.7344692237750687e-05, -2.5659813210145296e-05] - [3.0091463761675853e-06, 3.1010871471936147e-06, 3.1844021972756133e-06, 3.0091446876512838e-06]
B1: 0.16671325171126578 - 0.6666322186465037 - 0.16658346700079937 - 5.14010362721625e-05
B2: 0.16670696773845894 - 0.666719743187893 - 0.16673396607011282 - 4.054805982098957e-05
