Number: 2449
Error: 3.967886696164349e-06
A1: [-1.0213942009125486e-05, -9.829964378702538e-06, -8.297032884373759e-06, -1.0007317598219612e-05] - [0.20830407275494944, 0.3333041469775574, -0.04169063896750703, -2.8350188583529057e-05] - [0.16665416776333733, 0.6666547073703173, 0.16665666503408508, -1.224395987234319e-05] - [-4.651607411074333e-06, -4.152722253080519e-06, -3.653632061041e-06, -4.647641316567311e-06]
A2: [0.16668850945516728, -0.1666441391777912, 2.2844295681094067e-05, 2.1799073351780368e-05] - [0.16669458750121952, 0.33336215827244225, 2.8451326836549567e-05, 2.774944103751248e-05] - [0.16665331934632327, 0.8333195833399707, -1.4407876139849923e-05, -1.3389301750970263e-05] - [1.3151402803437152e-05, 1.3553358433545252e-05, 1.3917646113290953e-05, 1.315140009343572e-05]
B1: 0.1666290663259765 - 0.6665808996721109 - 0.1666740818869919 - -1.3191261426824839e-05
B2: 0.16662034346870633 - 0.6665990660231882 - 0.16658669995562186 - -4.5257788653807086e-05
