Number: 2846
Error: 6.616932088934691e-06
A1: [-5.893919963139972e-06, -6.262954160446649e-06, -5.296842620400296e-06, -5.658993774578788e-06] - [0.20832693632804294, 0.3333234227259129, -0.04167411812663281, -5.362786696800657e-06] - [0.1666599476938299, 0.6666595926745551, 0.16666088545504743, -6.429375632760532e-06] - [-5.407486383369532e-06, -4.827561863478674e-06, -4.247423385864776e-06, -5.402879957602261e-06]
A2: [0.16666195552985605, -0.16667147322993475, -5.2439802945732626e-06, -4.761972338180269e-06] - [0.16658228027036068, 0.33324650473450235, -9.042266056194199e-05, -8.458571584666423e-05] - [0.16662283200137326, 0.8332881753552409, -4.6696919932195593e-05, -4.388348990613598e-05] - [1.5278851198805863e-05, 1.5745833417330478e-05, 1.616906271961091e-05, 1.5278849290553518e-05]
B1: 0.16669033978408296 - 0.6665469160695934 - 0.1665677300822378 - 5.118057323661122e-05
B2: 0.16668021918327142 - 0.666677442583144 - 0.166682074083747 - 1.4790482213721711e-05
