Number: 3079
Error: 4.312001846074864e-06
A1: [-1.2409415512558286e-05, -1.21318840848806e-05, -1.0409612364588536e-05, -1.2149901863059474e-05] - [0.2082984034923295, 0.3332976541212134, -0.041696632229363526, -3.378639605984498e-05] - [0.1666514462842015, 0.666651909312391, 0.16665415536651496, -1.4900174553114533e-05] - [-5.850238001586496e-06, -5.222858428463697e-06, -4.595262540832267e-06, -5.845257035213425e-06]
A2: [0.16669212312805876, -0.16664037790303138, 2.666402368110534e-05, 2.5401483598441006e-05] - [0.16669459472986273, 0.3333622880291162, 2.83946477247746e-05, 2.7712497022344026e-05] - [0.1666483000299133, 0.8333144338493366, -1.9748818662218187e-05, -1.8419442826715226e-05] - [1.65320821748747e-05, 1.703737229218988e-05, 1.7495325987454015e-05, 1.6532080900021606e-05]
B1: 0.16662269459647164 - 0.6665573115729662 - 0.16666963905156384 - -1.3310054186056527e-05
B2: 0.16661313503475483 - 0.6665875467909573 - 0.16657250976742022 - -5.219327442619998e-05
