Number: 2370
Error: 6.8780999909817125e-06
A1: [-4.237318035206875e-06, -4.5260682813083795e-06, -3.703165661774284e-06, -4.0423522551306664e-06] - [0.20833121035728863, 0.3333283184918132, -0.04166960040288358, -1.2648412144720497e-06] - [0.16666200196550598, 0.6666617046236513, 0.16666277931175455, -4.424415710595536e-06] - [-4.501605285643215e-06, -4.018792069011026e-06, -3.5357765336088566e-06, -4.4977664060569975e-06]
A2: [0.1666592224652645, -0.1666743178342273, -8.132722299895611e-06, -7.486521804131204e-06] - [0.16658226497035078, 0.33324639677734874, -9.038966543998681e-05, -8.456761984695824e-05] - [0.16662662221551341, 0.8332920639024699, -4.266370175188493e-05, -4.008509222289766e-05] - [1.2724438748956983e-05, 1.311334240189558e-05, 1.346579967809996e-05, 1.2724435923203648e-05]
B1: 0.16669517074253648 - 0.6665647485400255 - 0.16657108972270562 - 5.128690118063226e-05
B2: 0.16668568024168856 - 0.6666861536045297 - 0.16669279482832622 - 2.0045181372573348e-05
