Number: 1345
Error: 3.3581968157222975e-06
A1: [-6.36336563225186e-06, -5.792682724623108e-06, -4.591425237995291e-06, -6.249434772329209e-06] - [0.20831402010861372, 0.3333155381488063, -0.04168012283329707, -1.8811269424440538e-05] - [0.166658940092266, 0.6666596140320049, 0.16666106636156586, -7.586019713313099e-06] - [-2.550964962310777e-06, -2.2772532442766554e-06, -2.0033964981479703e-06, -2.5487844444429342e-06]
A2: [0.16668216120738108, -0.1666507461210602, 1.6134922714798924e-05, 1.5470562182245742e-05] - [0.1666945149468296, 0.3333618709886742, 2.849083628661436e-05, 2.7754285143514288e-05] - [0.16666210025054262, 0.8333285923733914, -5.0633299905253316e-06, -4.5894341782325475e-06] - [7.226187146101509e-06, 7.447029763212369e-06, 7.647164645234163e-06, 7.226184066978727e-06]
B1: 0.16664024142260186 - 0.6666222017878077 - 0.166681786908036 - -1.2974478096141874e-05
B2: 0.1666330401107981 - 0.6666193263199814 - 0.1666116507546616 - -3.303942374112188e-05
