Number: 962
Error: 7.66095067278358e-06
A1: [6.631166304462924e-07, 6.117273069104835e-07, 1.0108343850195777e-06, 7.398684252548125e-07] - [0.208343852768216, 0.33334279938345507, -0.041656238534986297, 1.0856687835770558e-05] - [0.16666807849565357, 0.6666679516115847, 0.1666683808928243, 1.506226813564222e-06] - [-1.8217614992843753e-06, -1.626205575705622e-06, -1.4305376978131353e-06, -1.8202029307307184e-06]
A2: [0.1666511185334142, -0.16668275164943835, -1.669699217367405e-05, -1.5565265785382206e-05] - [0.16658214699143845, 0.3332460050723495, -9.036397005173358e-05, -8.458682603398902e-05] - [0.16663781597376953, 0.8333035486286839, -3.075094585272511e-05, -2.8867134894358907e-05] - [5.167179124425119e-06, 5.325083996632392e-06, 5.468179165788121e-06, 5.167176557418783e-06]
B1: 0.16670940637163761 - 0.6666173924083161 - 0.1665808666277777 - 5.154613053980718e-05
B2: 0.16670200191061127 - 0.6667120877656177 - 0.16672467250541367 - 3.575648685677331e-05
