Number: 1894
Error: 7.1407781571517465e-06
A1: [-2.5805848858012496e-06, -2.789039884534179e-06, -2.109346535677148e-06, -2.425581636645406e-06] - [0.20833548480678515, 0.3333332146930473, -0.041665082258737836, 2.8335190280508593e-06] - [0.16666405636822298, 0.6666638167058105, 0.16666467327928366, -2.419329035509837e-06] - [-3.5956797026006133e-06, -3.2099784141689966e-06, -2.824095962404832e-06, -3.59261005717137e-06]
A2: [0.16665648538630926, -0.16667716646143638, -1.1025484711674654e-05, -1.0215085587986157e-05] - [0.16658223444863024, 0.3332462735925185, -9.037187740536678e-05, -8.45647476280611e-05] - [0.16663040868726928, 0.8332959487082905, -3.863422297597377e-05, -3.6290438240246114e-05] - [1.0169794156194946e-05, 1.0480611734638198e-05, 1.0762293589519796e-05, 1.016979092085267e-05]
B1: 0.16670001111657742 - 0.6665825796480783 - 0.1665744361004185 - 5.1402453726500985e-05
B2: 0.16669115486568456 - 0.6666948784685565 - 0.1667035297133933 - 2.531345361626233e-05
