Number: 1084
Error: 7.592235127215151e-06
A1: [2.5695367791840885e-07, 1.8607511394697822e-07, 6.229843460439004e-07, 3.4393143042983966e-07] - [0.20834283178874874, 0.33334162344029916, -0.041657313171947874, 9.88077193533767e-06] - [0.16666757068020854, 0.6666674301119735, 0.16666791640991177, 1.0110357166099862e-06] - [-2.0539832926955594e-06, -1.833537137539707e-06, -1.6129678513114335e-06, -2.052226543218523e-06]
A2: [0.16665182415012703, -0.1666820176286337, -1.5951856392362123e-05, -1.4861831563778295e-05] - [0.16658216609584275, 0.33324604738054425, -9.035836181360579e-05, -8.457627935749903e-05] - [0.16663684711887106, 0.8333025544861522, -3.178225220939461e-05, -2.9838086132880912e-05] - [5.822076224054186e-06, 5.999999151814447e-06, 6.1612361964400175e-06, 5.822073459571233e-06]
B1: 0.1667081395554584 - 0.6666128004056566 - 0.16657999213478009 - 5.149032763737453e-05
B2: 0.16670049596920358 - 0.6667098067138609 - 0.16672193751283595 - 3.430343086179882e-05
