Number: 2932
Error: 6.569919761073463e-06
A1: [-6.1857615154495775e-06, -6.568880709735512e-06, -5.5764766087646265e-06, -5.943622948301829e-06] - [0.20832619417117304, 0.3333225699266755, -0.04167490093980337, -6.073159414640062e-06] - [0.1666595840841705, 0.6666592190674853, 0.16666055167177124, -6.784083684738594e-06] - [-5.5711515386048996e-06, -4.973681895604736e-06, -4.37599720388198e-06, -5.566406615828687e-06]
A2: [0.16666245014844824, -0.16667095852341549, -4.7213655734751285e-06, -4.268892191577196e-06] - [0.16658228467051034, 0.33324652570717717, -9.042732792910749e-05, -8.458734965865517e-05] - [0.16662214718736157, 0.8332874727548618, -4.742567962776286e-05, -4.456978259847832e-05] - [1.574033775130094e-05, 1.622142580852348e-05, 1.6657441299215222e-05, 1.5740336062924537e-05]
B1: 0.1666894439063361 - 0.6665436710825419 - 0.16656709971745703 - 5.113826436804755e-05
B2: 0.16667920823370988 - 0.6666758677072729 - 0.16668016063782223 - 1.381681800232525e-05
