Number: 2357
Error: 3.917410679566436e-06
A1: [-9.891109257872945e-06, -9.491461406397015e-06, -7.986055641163333e-06, -9.692210775872824e-06] - [0.20830490958894404, 0.33330510458413165, -0.04168975382038216, -2.7547397337449197e-05] - [0.16665456743276605, 0.6666551183483358, 0.1666570340200223, -1.1853823884224466e-05] - [-4.476563112956497e-06, -3.996442372006596e-06, -3.516119635364625e-06, -4.4727454683742875e-06]
A2: [0.1666879815273842, -0.1666446886801288, 2.228623789043806e-05, 2.127279026270296e-05] - [0.16669458517840824, 0.3333621380062625, 2.8458236776771737e-05, 2.77535684697903e-05] - [0.16665405188602878, 0.8333203348833258, -1.3628380910224704e-05, -1.2655181509047884e-05] - [1.265768135799386e-05, 1.3044545746782054e-05, 1.3395154694411397e-05, 1.265767851284421e-05]
B1: 0.1666299910907694 - 0.6665843373044802 - 0.16667472227084576 - -1.3179657795926741e-05
B2: 0.16662139047018615 - 0.666600749452504 - 0.16658878072687605 - -4.4250644523674847e-05
