Number: 2018
Error: 7.072196267605038e-06
A1: [-3.012590836293905e-06, -3.2419864029745335e-06, -2.5250086241913146e-06, -2.84717658584248e-06] - [0.2083343696151155, 0.3333319374412845, -0.04166626111326722, 1.7642014439009197e-06] - [0.16666352076418703, 0.6666632660532902, 0.1666641794261423, -2.9420852294918626e-06] - [-3.831681317528906e-06, -3.420681898256198e-06, -3.0094948857017153e-06, -3.828411120490945e-06]
A2: [0.166657198707753, -0.1666764240773391, -1.0271600189868776e-05, -9.503982386446168e-06] - [0.16658224361709423, 0.33324630690817386, -9.037527961645925e-05, -8.45642782257495e-05] - [0.16662942261732624, 0.8332949370225178, -3.968359604597525e-05, -3.727863956077156e-05] - [1.0835312148128341e-05, 1.116647219925821e-05, 1.1466591674456039e-05, 1.0835308970512822e-05]
B1: 0.16669875108189716 - 0.6665779363972104 - 0.16657356721540212 - 5.137327399914924e-05
B2: 0.16668972841383953 - 0.6666926040220396 - 0.16670073028448734 - 2.394075649991717e-05
