Number: 2763
Error: 4.139756571136408e-06
A1: [-1.1322518890298097e-05, -1.0992401639036132e-05, -9.365903928603919e-06, -1.1089519647232584e-05] - [0.20830118944948933, 0.33330084994196063, -0.041693690231488376, -3.111728005083999e-05] - [0.16665279686947704, 0.6666532974958427, 0.16665539808990834, -1.358231033117219e-05] - [-5.249027729274856e-06, -4.686098709980402e-06, -4.122956958505248e-06, -5.2445554437197535e-06]
A2: [0.16669030902026835, -0.16664226592293752, 2.4746811875384236e-05, 2.3593025104925465e-05] - [0.1666945881597801, 0.33336222032155344, 2.8420788256924376e-05, 2.7728084249752617e-05] - [0.16665081776113444, 0.8333170169130171, -1.7069683967837684e-05, -1.5896281703231747e-05] - [1.4836434351726615e-05, 1.528989504561241e-05, 1.5700867979577822e-05, 1.4836432245930544e-05]
B1: 0.16662593485573113 - 0.6665691876605842 - 0.16667191268321133 - -1.3206106954951482e-05
B2: 0.16661679697145657 - 0.6665933263394465 - 0.16657958193381672 - -4.8668251244215186e-05
