Number: 851
Error: 3.0810779748939276e-06
A1: [-4.659946505847149e-06, -4.006991445500637e-06, -2.955437657502346e-06, -4.587477188555619e-06] - [0.20831839171466077, 0.3333205506881741, -0.041675507014004895, -1.4622354980945527e-05] - [0.1666610555233678, 0.6666617882970852, 0.16666301319100243, -5.521761377385946e-06] - [-1.610928531700453e-06, -1.4379737192657656e-06, -1.264917531075094e-06, -1.609549971965298e-06]
A2: [0.16667931495604382, -0.1666537078665347, 1.3127623093056011e-05, 1.2633142489803359e-05] - [0.16669446674674446, 0.33336172757336946, 2.8494540512888342e-05, 2.7740715043831452e-05] - [0.1666660269042319, 0.8333326212700525, -8.841474218665474e-07, -6.54297234004805e-07] - [4.574465244827897e-06, 4.714253316051188e-06, 4.840929875924823e-06, 4.574462882506996e-06]
B1: 0.16664519297428074 - 0.6666406278990537 - 0.16668517142025077 - -1.2926540011200149e-05
B2: 0.16663891404536585 - 0.6666285225534921 - 0.166622879823788 - -2.7379492867983483e-05
