Number: 1808
Error: 7.188452587398805e-06
A1: [-2.2647218291566367e-06, -2.457741684840301e-06, -1.8029958536148295e-06, -2.11695475015047e-06] - [0.20833632367728386, 0.33333416963078566, -0.04166419189609346, 3.6405108089629777e-06] - [0.16666444425399474, 0.6666642159494391, 0.1666650340494841, -2.040369736899534e-06] - [-3.4320031619549948e-06, -3.0638475891180967e-06, -2.695515692756389e-06, -3.429072672625801e-06]
A2: [0.1666559933016561, -0.16667767883946716, -1.1545982605347161e-05, -1.070563178551968e-05] - [0.16658223482020992, 0.33324625685688086, -9.036352576302435e-05, -8.455834292278847e-05] - [0.16663109329542744, 0.8332966510391306, -3.7905799795636305e-05, -3.560435192294964e-05] - [9.708215758823311e-06, 1.0004924564053599e-05, 1.0273818917910009e-05, 9.708212503758445e-06]
B1: 0.16670083130363228 - 0.6665857483073866 - 0.16657498905692916 - 5.136893241697337e-05
B2: 0.1666920898640623 - 0.6666964522385617 - 0.16670552100558814 - 2.621117250310411e-05
