Number: 247
Error: 2.7293684404586704e-06
A1: [-2.6042572838080118e-06, -1.8533522741771944e-06, -9.874968739239785e-07, -2.5824578631708444e-06] - [0.20832362484120698, 0.33332655711609793, -0.04166999603881268, -9.612496602545194e-06] - [0.16666361322084466, 0.6666644154151948, 0.16666535967983312, -3.026609145958313e-06] - [-4.615218968191513e-07, -4.117573669340272e-07, -3.619597503248268e-07, -4.611264987726972e-07]
A2: [0.1666758544599821, -0.16665730866119796, 9.471996020966213e-06, 9.183444881381991e-06] - [0.16669449804274575, 0.33336164581436345, 2.8595780812121915e-05, 2.7814349976147023e-05] - [0.16667085320254207, 0.8333375733371117, 4.2523541224013475e-06, 4.182371606807224e-06] - [1.331887928805213e-06, 1.3725603902484541e-06, 1.4094149446201e-06, 1.3318871476333202e-06]
B1: 0.1666505284629073 - 0.6666625172321932 - 0.16668874704711537 - -1.3586082155501913e-05
B2: 0.16664684699052806 - 0.6666404273214731 - 0.16663717226064595 - -1.9708198994984575e-05
