Number: 1486
Error: 7.367330602925573e-06
A1: [-1.1466119565597794e-06, -1.285474269341951e-06, -7.277731119321043e-07, -1.0258772060483583e-06] - [0.20833920454238072, 0.33333747043256434, -0.041661147519326855, 6.4022634784855815e-06] - [0.16666583132712945, 0.6666656418753282, 0.16666631224485556, -6.866577592559898e-07] - [-2.819139341418962e-06, -2.5166775109043817e-06, -2.2140602583386295e-06, -2.816730386195911e-06]
A2: [0.16665413891131567, -0.1666796086624834, -1.3505627534607967e-05, -1.2554261829297567e-05] - [0.1665822041008718, 0.3332461635472999, -9.036136036007083e-05, -8.456647366588415e-05] - [0.16663365243351816, 0.8332992767145619, -3.518224008874133e-05, -3.303967970491279e-05] - [7.979914659979209e-06, 8.223795376403553e-06, 8.444809919042895e-06, 7.979911478357965e-06]
B1: 0.16670411004411814 - 0.6665978083577597 - 0.1665772433008607 - 5.145135515562909e-05
B2: 0.16669582053229073 - 0.6667023732540591 - 0.16671279290642346 - 2.9802254523303838e-05
