Number: 115
Error: 2.6475658032191007e-06
A1: [-2.1812038297972094e-06, -1.4108568567291282e-06, -5.875514599660583e-07, -2.1704528534794297e-06] - [0.20832466169700714, 0.3333277552005104, -0.041668914008666506, -8.624331593122217e-06] - [0.16666414507042596, 0.6666649605229489, 0.16666584153968036, -2.5084029745628326e-06] - [-2.103243953618943e-07, -1.874806645301201e-07, -1.6462120663329123e-07, -2.1014428563794274e-07]
A2: [0.16667510601997973, -0.16665808723893313, 8.681939932995023e-06, 8.437364995599981e-06] - [0.1666945445028094, 0.3333616693570816, 2.8661008928823977e-05, 2.78700632454556e-05] - [0.1666719198854877, 0.83333866787576, 5.387538929928189e-06, 5.251320872749897e-06] - [6.23180062731444e-07, 6.421894475451707e-07, 6.594127818722458e-07, 6.231797174290358e-07]
B1: 0.16665142356288298 - 0.6666670670675401 - 0.16668933131917865 - -1.4000824192463994e-05
B2: 0.16664895181750666 - 0.6666433159236391 - 0.16664049265973374 - -1.7660558044241707e-05
