Number: 771
Error: 3.035642802796578e-06
A1: [-4.37448208716193e-06, -3.707703402698623e-06, -2.679894385927739e-06, -4.3087365631104485e-06] - [0.20831913824386, 0.3333214030355353, -0.04167471689355794, -1.3905448784059861e-05] - [0.16666140775945468, 0.6666621505716485, 0.16666333914185474, -5.177822017400697e-06] - [-1.4586920216305168e-06, -1.302054340866091e-06, -1.1453233568807985e-06, -1.4574435107769614e-06]
A2: [0.16667885630644882, -0.16665418527701706, 1.2642771870500992e-05, 1.2175923055527793e-05] - [0.16669446604399946, 0.33336171133482767, 2.8501989324445666e-05, 2.7745619915908035e-05] - [0.16666666404395997, 0.8333332749657824, -2.061200597616669e-07, -1.5783897779650895e-08] - [4.1450057834211825e-06, 4.271666638248154e-06, 4.386446569274993e-06, 4.145003587442157e-06]
B1: 0.16664593533320513 - 0.6666435561641304 - 0.16668566747196176 - -1.2978310454277706e-05
B2: 0.16663985646080703 - 0.6666300327213509 - 0.16662475047091246 - -2.6471730887601565e-05
