Number: 2748
Error: 6.670612171784436e-06
A1: [-5.5401780268097385e-06, -5.891971552197357e-06, -4.954631908546993e-06, -5.313490959854441e-06] - [0.20832786734708475, 0.33332448461762626, -0.04167313119773652, -4.468068662638111e-06] - [0.16666038344360934, 0.6666600410187913, 0.1666612896193035, -6.003790191679886e-06] - [-5.220988835848143e-06, -4.66105797845355e-06, -4.100914783876121e-06, -5.216540293117274e-06]
A2: [0.16666139533827362, -0.1666720564919984, -5.8364424422991705e-06, -5.32041081534405e-06] - [0.16658228403042466, 0.33324648913616906, -9.040953843636825e-05, -8.457507997791516e-05] - [0.16662361330809436, 0.8332889768728593, -4.5865653288434324e-05, -4.310049823186591e-05] - [1.4752961449470164e-05, 1.5203869296479911e-05, 1.5612528179335405e-05, 1.475295931081499e-05]
B1: 0.16669129179125675 - 0.6665505476232886 - 0.16656838479127214 - 5.115984379601928e-05
B2: 0.16668129923345681 - 0.6666792312814379 - 0.16668431825722127 - 1.5828047920630664e-05
