Number: 1926
Error: 7.123076084979033e-06
A1: [-2.6897515418270205e-06, -2.903480392819575e-06, -2.214035063484813e-06, -2.532063790182645e-06] - [0.20833520635574304, 0.3333328949443947, -0.041665376090210225, 2.5668975535651004e-06] - [0.16666392049127468, 0.6666636770769595, 0.16666454844002201, -2.5518926266380125e-06] - [-3.656584195627727e-06, -3.2643543850369667e-06, -2.871941689383693e-06, -3.6534627833461917e-06]
A2: [0.1666566698934674, -0.1666769744737466, -1.0830549772169792e-05, -1.0031150880379201e-05] - [0.16658223795506188, 0.3332462832789757, -9.037172096505344e-05, -8.456348610395595e-05] - [0.16663015436451661, 0.8332956877687868, -3.890489481141698e-05, -3.654531101753377e-05] - [1.034154221223705e-05, 1.0657609512063855e-05, 1.0944049486977401e-05, 1.0341538988511029e-05]
B1: 0.16669967820993614 - 0.6665813740721451 - 0.1665742049803185 - 5.138718209129312e-05
B2: 0.16669077878625307 - 0.6666942907823863 - 0.1667028141748765 - 2.495124658204688e-05
