Number: 1646
Error: 7.278294876325917e-06
A1: [-1.7165138442851488e-06, -1.883088202194018e-06, -1.2779665857043033e-06, -1.5823330568028514e-06] - [0.20833771539411125, 0.3333357693937255, -0.04166272436546946, 4.972356971253646e-06] - [0.16666512762982197, 0.6666649180626425, 0.16666566103067165, -1.3737640165771532e-06] - [-3.1236673369686397e-06, -2.7885624366324172e-06, -2.453291180322657e-06, -3.1209991401832244e-06]
A2: [0.1666550580500655, -0.16667865192215878, -1.2533943518253361e-05, -1.1637985337546541e-05] - [0.16658221351734057, 0.33324620437617164, -9.036764457513044e-05, -8.456828121522874e-05] - [0.1666323801939348, 0.8332979714495243, -3.6536104360817626e-05, -3.4314669088430776e-05] - [8.838711139552955e-06, 9.108842250616456e-06, 9.353648180598782e-06, 8.838707892304485e-06]
B1: 0.16670252966357413 - 0.6665918628263942 - 0.16657616851765278 - 5.145925466594573e-05
B2: 0.16669401303365303 - 0.6666994327593403 - 0.1667091341001305 - 2.8064113642839938e-05
