Number: 971
Error: 3.148820088250271e-06
A1: [-5.063971662227688e-06, -4.430422384674314e-06, -3.3419230100765476e-06, -4.981439899801467e-06] - [0.20831736918614627, 0.3333193747944928, -0.04167658420922077, -1.560054231875315e-05] - [0.16666055155753132, 0.6666612706214574, 0.1666625513469559, -6.013305676689401e-06] - [-1.839281563429876e-06, -1.6418516727250364e-06, -1.4443088285486829e-06, -1.837708023546848e-06]
A2: [0.16668000757819318, -0.16665298729023517, 1.3859160428898641e-05, 1.332361922507568e-05] - [0.16669448084171778, 0.3333617645037725, 2.8495432662418036e-05, 2.774639780176378e-05] - [0.1666650730393868, 0.8333316425233961, -1.8994459317351177e-06, -1.610222726044476e-06] - [5.218627848898565e-06, 5.378105929488889e-06, 5.5226268700099955e-06, 5.218625262992529e-06]
B1: 0.16664398006715714 - 0.6666361415837484 - 0.16668433880484018 - -1.2948313506228097e-05
B2: 0.1666374346811315 - 0.6666262667533555 - 0.16662016257597928 - -2.8806870826891725e-05
