Number: 138
Error: 8.14389384911934e-06
A1: [3.4593822091308298e-06, 3.540903745594748e-06, 3.6859478493945564e-06, 3.467014392898374e-06] - [0.20835095737853407, 0.33335095624764816, -0.04164876034364289, 1.7656732760735344e-05] - [0.1666715596948196, 0.6666715267663361, 0.16667157243956934, 4.902105061489671e-06] - [-2.532260728927185e-07, -2.2578400391563382e-07, -1.9832328392067853e-07, -2.5300920011521974e-07]
A2: [0.16664640017417245, -0.16668766126208073, -2.1681205812819107e-05, -2.0268884233010417e-05] - [0.1665822026964201, 0.3332459070319699, -9.021165374983195e-05, -8.447332481924327e-05] - [0.16664440451103216, 0.8333103088541529, -2.3738948752605754e-05, -2.2264440970189165e-05] - [7.436406001239461e-07, 7.663319335995675e-07, 7.868918668794677e-07, 7.436401811626441e-07]
B1: 0.16671657122985037 - 0.6666471533376548 - 0.16658565477598677 - 5.053226862149241e-05
B2: 0.1667129749908097 - 0.6667284521815234 - 0.16674426370794787 - 4.6372391907535974e-05
