Number: 410
Error: 7.97852306691198e-06
A1: [2.558281731780631e-06, 2.5977448020789462e-06, 2.8284731283451397e-06, 2.5887091662703177e-06] - [0.20834870209974024, 0.33334836076366936, -0.0416511246511864, 1.5501903363975515e-05] - [0.16667043349069258, 0.6666703712970948, 0.16667054535518563, 3.8040440588643707e-06] - [-7.71020227372336e-07, -6.8808385184198e-07, -6.050944006244806e-07, -7.703598139257739e-07]
A2: [0.16664794723991336, -0.16668605160704328, -2.0047441666306968e-05, -1.8726684391326614e-05] - [0.16658213493012491, 0.3332458881036984, -9.03150080862312e-05, -8.456016883566868e-05] - [0.16664221542162025, 0.833308062677615, -2.6068609143209904e-05, -2.4458203035463634e-05] - [2.2038797528815292e-06, 2.271206061142505e-06, 2.332214776181493e-06, 2.2038784779917802e-06]
B1: 0.16671455318157932 - 0.6666376324363337 - 0.16658433368190062 - 5.1213635116992444e-05
B2: 0.16670894532211988 - 0.6667227143329767 - 0.1667375374382771 - 4.246062420666365e-05
