Number: 2404
Error: 6.8594161242639545e-06
A1: [-4.348801364412112e-06, -4.642902194543308e-06, -3.8093861449552906e-06, -4.15098775889424e-06] - [0.208330932645399, 0.3333279979174938, -0.04166989242646491, -1.5300019157447478e-06] - [0.16666186214961953, 0.6666615610762476, 0.16666265173133094, -4.56071580953316e-06] - [-4.566314423017434e-06, -4.076564769607409e-06, -3.586611650312145e-06, -4.562420660912623e-06]
A2: [0.1666594189982643, -0.166674113391452, -7.925187577156827e-06, -7.2905970315133655e-06] - [0.16658226966562853, 0.33324640793953353, -9.038873182385548e-05, -8.456530993626773e-05] - [0.16662635197780026, 0.8332917866227401, -4.295133445057115e-05, -4.03559144320517e-05] - [1.2906904375035582e-05, 1.330138532490935e-05, 1.3658897866529791e-05, 1.290690159803026e-05]
B1: 0.16669480253476568 - 0.6665634530577255 - 0.16657082945574023 - 5.1256155109525754e-05
B2: 0.16668526659200883 - 0.6666855291615547 - 0.16669204935115173 - 1.9646272294139515e-05
