Number: 1476
Error: 7.372901949150323e-06
A1: [-1.1109919379230244e-06, -1.2481222596691936e-06, -6.933849368002492e-07, -9.910975732828202e-07] - [0.20833929761810274, 0.3333375767513089, -0.04166104896287594, 6.491636567987544e-06] - [0.16666587530925966, 0.6666656871146354, 0.16666635294663154, -6.437125862062695e-07] - [-2.800106161080035e-06, -2.499684523940788e-06, -2.19910818451274e-06, -2.7977134149196564e-06]
A2: [0.16665408145243052, -0.16667966847144822, -1.3566370425900757e-05, -1.2611541823113541e-05] - [0.16658220346481425, 0.33324616094815357, -9.036101467655671e-05, -8.456640823004946e-05] - [0.16663373193689518, 0.8332993582820871, -3.509763505653363e-05, -3.29600044703023e-05] - [7.926239009684045e-06, 8.16847904833747e-06, 8.388006616455285e-06, 7.926235834046244e-06]
B1: 0.16670420878506192 - 0.6665981798876761 - 0.16657731037185017 - 5.145082793271126e-05
B2: 0.16669593360202795 - 0.666702557138648 - 0.16671302168799437 - 2.9910989422921296e-05
