Number: 379
Error: 2.80867847756201e-06
A1: [-3.049474693109273e-06, -2.3195127815792724e-06, -1.4126092680703029e-06, -3.016605522355695e-06] - [0.2083224980649875, 0.3333252631394832, -0.041671179933981874, -1.0690495417804268e-05] - [0.1666630586420816, 0.6666638460987652, 0.16666485213020388, -3.56752287657911e-06] - [-7.127199125399843e-07, -6.360335422285151e-07, -5.592976609183227e-07, -7.121093883343265e-07]
A2: [0.1666766056583035, -0.166656526980545, 1.0265493610068199e-05, 9.932283244121628e-06] - [0.16669446892368875, 0.33336164073324814, 2.855009451690769e-05, 2.777597819392965e-05] - [0.16666979241501825, 0.8333364849090767, 3.123480835048119e-06, 3.119317821447845e-06] - [2.0405743382041954e-06, 2.102909201472756e-06, 2.159394562534902e-06, 2.040573150288709e-06]
B1: 0.16664952019770576 - 0.6666578725942187 - 0.166688086253835 - -1.3284303278362618e-05
B2: 0.16664496375413923 - 0.6666376898962177 - 0.1666339281584721 - -2.1534253430426683e-05
