Number: 2837
Error: 4.180145133413528e-06
A1: [-1.1576439976991898e-05, -1.1258603821619424e-05, -9.609644275021851e-06, -1.133723216571933e-05] - [0.20830053948252672, 0.333300104129796, -0.041694376467506504, -3.173988761681806e-05] - [0.1666524812041975, 0.6666529730600449, 0.16665510775259365, -1.3890313507034478e-05] - [-5.3898192556399526e-06, -4.811797380614495e-06, -4.2335615595882055e-06, -5.385227782082691e-06]
A2: [0.16669073411890784, -0.16664182352025483, 2.519604538268826e-05, 2.4016800801602915e-05] - [0.16669459062728717, 0.33336223709404794, 2.8415569636654718e-05, 2.772536308420605e-05] - [0.16665022835967955, 0.8333164122108375, -1.7696885335889115e-05, -1.648695466979421e-05] - [1.5233525192847654e-05, 1.569912344113345e-05, 1.6121098322435226e-05, 1.5233523261647966e-05]
B1: 0.16662517329555054 - 0.666566404346925 - 0.16667137865012108 - -1.3233208257029975e-05
B2: 0.16661593711787298 - 0.6665919724787385 - 0.16657792736352464 - -4.9496042933172454e-05
