Number: 1710
Error: 7.2427717178686705e-06
A1: [-1.934870085949909e-06, -2.111991638307327e-06, -1.487364784357284e-06, -1.7953201424759842e-06] - [0.2083371584119982, 0.3333351298198216, -0.04166331209961193, 4.439034395607706e-06] - [0.1666648558555594, 0.6666646387854065, 0.1666654113350407, -1.6389112734704135e-06] - [-3.245479199853794e-06, -2.8973172101382093e-06, -2.548984793972411e-06, -3.242707358211957e-06]
A2: [0.16665542727188193, -0.1666782677398629, -1.2143867889467926e-05, -1.1269908425371127e-05] - [0.1665822213014817, 0.3332462245160641, -9.036657017769646e-05, -8.456498675341404e-05] - [0.16663187173599073, 0.8332974497568086, -3.707726292942224e-05, -3.4824226995103945e-05] - [9.182222358768325e-06, 9.462853401227195e-06, 9.717175790198333e-06, 9.182219101396896e-06]
B1: 0.16670186476318263 - 0.6665894531174841 - 0.1665757083239241 - 5.1429635584192385e-05
B2: 0.1666932588748774 - 0.6666982553348613 - 0.16670770091998913 - 2.733769913038054e-05
