Number: 2570
Error: 6.768204121770066e-06
A1: [-4.925529865904894e-06, -5.247573222886542e-06, -4.364057901602905e-06, -4.7137812633918925e-06] - [0.20832944613677307, 0.33332629481149784, -0.04167146346490698, -2.9551065711997762e-06] - [0.16666114674883067, 0.6666608256180878, 0.1666619923897525, -5.258920235219789e-06] - [-4.882235236111261e-06, -4.35861899902006e-06, -3.834794396267532e-06, -4.878073650848428e-06]
A2: [0.16666037264770786, -0.16667312085155409, -6.917264368859566e-06, -6.339917153166833e-06] - [0.16658227677528784, 0.3332464473400997, -9.039851266782525e-05, -8.456984660257344e-05] - [0.16662503055839256, 0.8332904309078034, -4.435750498814648e-05, -4.1680187647632995e-05] - [1.3797749401710914e-05, 1.4219460097326073e-05, 1.4601653941095818e-05, 1.379774689961097e-05]
B1: 0.16669311377216245 - 0.6665572312399908 - 0.1665696560703975 - 5.121507186747435e-05
B2: 0.1666833573828292 - 0.6666824896740309 - 0.16668831227694464 - 1.7809028263802667e-05
