Number: 2779
Error: 4.1484574149155e-06
A1: [-1.136511329217965e-05, -1.1036960469432409e-05, -9.4049154940375e-06, -1.113078344913416e-05] - [0.20830109848406986, 0.33330074103648105, -0.04169378347364261, -3.120237740215979e-05] - [0.16665274105205136, 0.666653240480546, 0.16665534914543423, -1.3636482986902127e-05] - [-5.279470968812621e-06, -4.713279050757491e-06, -4.146874118170623e-06, -5.274972907508801e-06]
A2: [0.16669040304286567, -0.16664216826267728, 2.4845839369771737e-05, 2.368676156841451e-05] - [0.16669459422446795, 0.3333622292064116, 2.842462877155827e-05, 2.7733026711907968e-05] - [0.16665069097025892, 0.8333168867809704, -1.7204715986666785e-05, -1.6023347582861756e-05] - [1.4922285723630503e-05, 1.537837058570655e-05, 1.579172216177659e-05, 1.492228365456857e-05]
B1: 0.16662572956476895 - 0.6665685470935515 - 0.16667176030317993 - -1.3252629797504568e-05
B2: 0.16661656920759318 - 0.666593030127004 - 0.16657926118668467 - -4.888907889295234e-05
