Number: 2098
Error: 7.0280545396094834e-06
A1: [-3.2735152837312822e-06, -3.515422077828266e-06, -2.7733918121892694e-06, -3.101401366295736e-06] - [0.20833372178511403, 0.3333311890773766, -0.04166694197671086, 1.145898871845151e-06] - [0.16666319319125703, 0.6666629297805015, 0.16666388080569522, -3.261386579257284e-06] - [-3.98394330441955e-06, -3.5566227853786097e-06, -3.129110867952387e-06, -3.980543775852757e-06]
A2: [0.16665766182425437, -0.16667594236096372, -9.782621853176387e-06, -9.042297013199628e-06] - [0.16658225697480264, 0.3332463354495982, -9.037084246835684e-05, -8.45565329048787e-05] - [0.16662878724986396, 0.8332942850812294, -4.035990191038452e-05, -3.7915382154715755e-05] - [1.1264669949569368e-05, 1.1608953923436393e-05, 1.1920968533597096e-05, 1.1264666827553642e-05]
B1: 0.16669787956478127 - 0.6665748844505051 - 0.16657295259259144 - 5.1295802325280015e-05
B2: 0.16668874831238514 - 0.6666911322873397 - 0.16669897835288236 - 2.2995337890255996e-05
