Number: 1816
Error: 7.184005487901465e-06
A1: [-2.2980062513670657e-06, -2.492681071633907e-06, -1.8358335801591318e-06, -2.1495623009212167e-06] - [0.20833622992688675, 0.33333406420107936, -0.04166429220079842, 3.5497409216664504e-06] - [0.1666644042281332, 0.6666641746456422, 0.16666499610333674, -2.0795614504115675e-06] - [-3.4472280444551463e-06, -3.077440260341567e-06, -2.7074756894046477e-06, -3.444284608912645e-06]
A2: [0.1666560384146618, -0.1666776318057526, -1.1498158903104888e-05, -1.0660661890935723e-05] - [0.16658223306223657, 0.3332462567771235, -9.036584779095093e-05, -8.456066211133773e-05] - [0.1666310294118007, 0.8332965855173566, -3.797373769545458e-05, -3.566837305066727e-05] - [9.75115366456682e-06, 1.0049174920789973e-05, 1.0319258810744073e-05, 9.75115041063068e-06]
B1: 0.16670076786344618 - 0.6665854658387351 - 0.16657494934529368 - 5.1384917728752335e-05
B2: 0.16669201614382193 - 0.6666963069320029 - 0.16670532402709903 - 2.6140919703842344e-05
