Number: 1828
Error: 7.177365632893137e-06
A1: [-2.3359502068449477e-06, -2.5324343706898487e-06, -1.8717615445740663e-06, -2.186502425736292e-06] - [0.20833613756658462, 0.33333395703213925, -0.041664388972945186, 3.4618051892467556e-06] - [0.16666435630009016, 0.6666641254807335, 0.16666495265467138, -2.1262498601369586e-06] - [-3.4700681431407402e-06, -3.0978321997055774e-06, -2.725418779387454e-06, -3.46710528647992e-06]
A2: [0.16665610812953685, -0.16667755931106998, -1.1424585744237637e-05, -1.0591161685943592e-05] - [0.16658223575976353, 0.3332462617249433, -9.036454454480114e-05, -8.455880641734558e-05] - [0.16663093420800779, 0.8332964878240885, -3.8075089225820726e-05, -3.5763783096872615e-05] - [9.815560203323383e-06, 1.0115550142258792e-05, 1.0387418345313656e-05, 9.81555695135935e-06]
B1: 0.16670063328260964 - 0.6665850044814999 - 0.16657485388863244 - 5.1369442696623895e-05
B2: 0.16669186472401876 - 0.6666960854954647 - 0.1667050644941233 - 2.5994702336067107e-05
