Number: 648
Error: 7.839815348589015e-06
A1: [1.7500631170881053e-06, 1.7510184481528046e-06, 2.0550108249464044e-06, 1.800455379617393e-06] - [0.20834664756134263, 0.33334600184784263, -0.041653287991540715, 1.3535336935396194e-05] - [0.16666942732094167, 0.6666693378832832, 0.16666962263492133, 2.822518788206675e-06] - [-1.224068063944078e-06, -1.0925745843845664e-06, -9.610009331641195e-07, -1.223020096522485e-06]
A2: [0.16664931237828778, -0.1666846311695178, -1.860540420734031e-05, -1.7365803676884994e-05] - [0.1665821285081653, 0.33324592631344696, -9.034890974634051e-05, -8.458328431805066e-05] - [0.16664031495380432, 0.8333061126743984, -2.8091284892625654e-05, -2.6362759758477217e-05] - [3.4815626139215944e-06, 3.5879436524838866e-06, 3.6843450322901976e-06, 3.481560703912798e-06]
B1: 0.16671242243889306 - 0.666628982887385 - 0.16658290490631916 - 5.14452521457044e-05
B2: 0.16670582632619196 - 0.6667180359378575 - 0.1667319245227133 - 3.94447928456272e-05
