Number: 912
Error: 7.68923870171971e-06
A1: [8.41416225084522e-07, 7.986722834849848e-07, 1.1829441989908648e-06, 9.139656859031141e-07] - [0.20834431886804, 0.33334333164396474, -0.041655745143959394, 1.1304273304375329e-05] - [0.16666829857401613, 0.6666681779639123, 0.16666858454264846, 1.721119751579344e-06] - [-1.7265898106103453e-06, -1.5412349361742593e-06, -1.3557728754507708e-06, -1.7251124950209244e-06]
A2: [0.1666508314823489, -0.16668305043730094, -1.700043658967323e-05, -1.5851422388505413e-05] - [0.16658214493470322, 0.33324599325942156, -9.036100390954508e-05, -8.458537554862009e-05] - [0.1666382137934725, 0.833303956784659, -3.0327588605618686e-05, -2.8468456061242816e-05] - [4.8987745400065755e-06, 5.048475169701371e-06, 5.18413509856802e-06, 4.898772063379343e-06]
B1: 0.16670988161273806 - 0.6666192325968477 - 0.16658118539151492 - 5.152502357192133e-05
B2: 0.16670258303392294 - 0.6667130234327042 - 0.16672583309246758 - 3.631593680209958e-05
