Number: 2782
Error: 6.652010473660568e-06
A1: [-5.6516566331392515e-06, -6.008799903746256e-06, -5.0608466546206125e-06, -5.4221218592550195e-06] - [0.20832758964951786, 0.33332416405920734, -0.04167342320555548, -4.733215346612575e-06] - [0.1666602436326659, 0.6666598974765828, 0.16666116204294779, -6.140085588988736e-06] - [-5.285695656334106e-06, -4.718828408939118e-06, -4.15174821629731e-06, -5.2811923265091895e-06]
A2: [0.16666159163403588, -0.16667185228714068, -5.629145668028824e-06, -5.124723278000623e-06] - [0.16658228782353227, 0.3332464993950394, -9.040950767936274e-05, -8.457367235561658e-05] - [0.16662334284821131, 0.8332886993708071, -4.6153508378314384e-05, -4.337154268562061e-05] - [1.493541387425804e-05, 1.5391898592551658e-05, 1.5805612548355374e-05, 1.4935411813121652e-05]
B1: 0.16669092438439517 - 0.6665492523003849 - 0.16656812397850557 - 5.112988758964594e-05
B2: 0.1666808861594324 - 0.6666786074234022 - 0.16668357337675205 - 1.5429715052840592e-05
