Number: 1665
Error: 3.535930375276542e-06
A1: [-7.479326854470939e-06, -6.962737228262177e-06, -5.665311749897767e-06, -7.338527360429864e-06] - [0.20831113751856056, 0.33331223717009695, -0.04168317005254687, -2.157547063383836e-05] - [0.1666575569819923, 0.6666581920116718, 0.16665979085527655, -8.93597170657022e-06] - [-3.1598710126803296e-06, -2.8208913913701044e-06, -2.4817440478983734e-06, -3.157171996681998e-06]
A2: [0.1666840030690879, -0.16664882928342975, 1.8081436805543452e-05, 1.730670310322145e-05] - [0.16669454255377478, 0.3333619607901706, 2.8485859233048463e-05, 2.775945888194388e-05] - [0.16665955664187518, 0.8333259826282651, -7.770336561624112e-06, -7.138538741396761e-06] - [8.943769725326304e-06, 9.217113033759376e-06, 9.464830323254615e-06, 8.943766471792575e-06]
B1: 0.16663700946991086 - 0.6666102418241184 - 0.166679570304862 - -1.3030015182121662e-05
B2: 0.16662934139333455 - 0.6666134358647321 - 0.16660440143336477 - -3.659951414440464e-05
