Number: 1429
Error: 3.4049445727693047e-06
A1: [-6.653040423714004e-06, -6.096370286087079e-06, -4.869681553750794e-06, -6.532059592809572e-06] - [0.20831327659160095, 0.3333146855571321, -0.0416809080597765, -1.9523721767545365e-05] - [0.1666585803295366, 0.6666592442440203, 0.16666073522313213, -7.937081378829848e-06] - [-2.7108048574918137e-06, -2.4199603965635205e-06, -2.128964528505223e-06, -2.7084881589103843e-06]
A2: [0.16668264533629323, -0.16665024234037784, 1.664646224164442e-05, 1.595318936221042e-05] - [0.16669452393214504, 0.333361896219051, 2.8491101697332137e-05, 2.7757381739615625e-05] - [0.16666143278659873, 0.833327907537671, -5.773708214545819e-06, -5.2583407595987535e-06] - [7.67706116748805e-06, 7.911685499746372e-06, 8.124310872262967e-06, 7.677058020414803e-06]
B1: 0.1666393844331172 - 0.6666190543472527 - 0.16668119779845192 - -1.2997661468825715e-05
B2: 0.16663205546121126 - 0.6666177765404635 - 0.16660975504456954 - -3.398768319430744e-05
