Number: 2180
Error: 6.982804640465465e-06
A1: [-3.560729611172241e-06, -3.816570698373698e-06, -3.04997183886328e-06, -3.381729663063102e-06] - [0.20833297813622217, 0.3333303379095968, -0.04166772842732951, 4.3259165189075445e-07] - [0.1666628374511452, 0.666662564001051, 0.16666355249762538, -3.608629329791258e-06] - [-4.140005627224097e-06, -3.6959557231377816e-06, -3.2517108006029256e-06, -4.136473588204916e-06]
A2: [0.16665813302377022, -0.16667545192973865, -9.28457128369874e-06, -8.57256439606737e-06] - [0.1665822614096444, 0.33324635588827856, -9.037464601764963e-05, -8.455785080467565e-05] - [0.16662813486071065, 0.833293615757182, -4.105414334063026e-05, -3.856918085451133e-05] - [1.1704755233348223e-05, 1.206249098992054e-05, 1.2386697994957839e-05, 1.1704752183193183e-05]
B1: 0.16669705154719916 - 0.6665718182564024 - 0.1665723813874626 - 5.128172911552787e-05
B2: 0.16668781153330567 - 0.6666896299456222 - 0.16669712378976514 - 2.209410666105569e-05
