Number: 653
Error: 2.9682362288606036e-06
A1: [-3.972324000713921e-06, -3.2862548263603096e-06, -2.29456891039823e-06, -3.91647802779098e-06] - [0.20832016315044544, 0.3333225796058028, -0.041673636525922, -1.2924163248779963e-05] - [0.16666190815845197, 0.6666626646712736, 0.16666379855705504, -4.689642544015905e-06] - [-1.2341412075109337e-06, -1.101570732081559e-06, -9.689193850237862e-07, -1.2330846116951973e-06]
A2: [0.16667817738189872, -0.166654891691281, 1.1925572157787445e-05, 1.1499108131001433e-05] - [0.16669445999799332, 0.3333616828862187, 2.8509008392325783e-05, 2.7747845574250746e-05] - [0.16666760373986103, 0.8333342391556284, 7.940337078506514e-07, 9.259381383286403e-07] - [3.5115488153259937e-06, 3.618846864522511e-06, 3.716079288022567e-06, 3.511546889601078e-06]
B1: 0.16664706531370083 - 0.666647910322848 - 0.16668643403353334 - -1.3019604907252034e-05
B2: 0.16664133312509335 - 0.6666322877001386 - 0.16662747469199304 - -2.504618447900372e-05
