Number: 1002
Error: 7.638422071977373e-06
A1: [5.444669092397982e-07, 4.875057480751014e-07, 8.998248453305221e-07, 6.245575868268177e-07] - [0.2083435765055091, 0.33334247560641733, -0.04165652580440705, 1.059514412932104e-05] - [0.1666679266765294, 0.6666677961320945, 0.1666682449334604, 1.3585328072897572e-06] - [-1.897902704265332e-06, -1.6941861869031894e-06, -1.4903539792013499e-06, -1.8962791432221668e-06]
A2: [0.1666513523261056, -0.1666825086681256, -1.6450497069493622e-05, -1.533218866786584e-05] - [0.16658215956160874, 0.3332460249205955, -9.035650091186929e-05, -8.45770616684638e-05] - [0.1666374990274665, 0.8333032233507199, -3.108845133828421e-05, -2.9184768513410523e-05] - [5.3819008401740515e-06, 5.54636906828947e-06, 5.695412423949895e-06, 5.381898204822885e-06]
B1: 0.16670894501520894 - 0.6666158428325633 - 0.16658053792056857 - 5.148178827947444e-05
B2: 0.16670145714251985 - 0.6667113341458865 - 0.1667238178208981 - 3.522905919621161e-05
