Number: 521
Error: 2.8920295757929103e-06
A1: [-3.5292323785215203e-06, -2.8220392423302337e-06, -1.8712182432744143e-06, -3.484454063080004e-06] - [0.20832128215283952, 0.33332386645238404, -0.04167245911108697, -1.1853931050413914e-05] - [0.16666246097868398, 0.666663232368021, 0.1666643046301016, -4.150485207624818e-06] - [-9.82946595635205e-07, -8.772984615431197e-07, -7.715841188499738e-07, -9.821048175733194e-07]
A2: [0.16667741844764675, -0.1666556812740193, 1.112402603761296e-05, 1.0742533850356262e-05] - [0.16669445735458305, 0.33336165551565045, 2.8521636978829878e-05, 2.7754455257927052e-05] - [0.16666865643239603, 0.8333353193117681, 1.9144802362591717e-06, 1.9808971500473957e-06] - [2.802918223093074e-06, 2.888555615509071e-06, 2.966158339424096e-06, 2.802916634070964e-06]
B1: 0.16664829798338435 - 0.666652754443969 - 0.1666872695744989 - -1.3097124764334687e-05
B2: 0.16664305134428964 - 0.6666348550489118 - 0.1666305440715527 - -2.3385148923202458e-05
