Number: 2483
Error: 3.986507973185774e-06
A1: [-1.0325434389917324e-05, -9.946808898051549e-06, -8.403266128303447e-06, -1.0115962254403681e-05] - [0.20830379496547746, 0.333303826322801, -0.041690931076798034, -2.861542724052573e-05] - [0.16665402795592552, 0.6666545638273218, 0.16665653745314649, -1.238025165824402e-05] - [-4.7162982200247875e-06, -4.210478650832057e-06, -3.704453014684504e-06, -4.71227727852854e-06]
A2: [0.16668870584898432, -0.16664393487687243, 2.30516886532987e-05, 2.1994859289325414e-05] - [0.16669459168274356, 0.3333621689113925, 2.845173836470052e-05, 2.7751238531747603e-05] - [0.16665304898938865, 0.833319305938928, -1.4695629724010747e-05, -1.3660242863397824e-05] - [1.3333858740288227e-05, 1.3741391381221695e-05, 1.4110734108207742e-05, 1.3333856085020994e-05]
B1: 0.16662869903433486 - 0.6665796047570748 - 0.16667382176849202 - -1.3221104086357129e-05
B2: 0.16661992998249395 - 0.666598441696433 - 0.16658595449214156 - -4.5656542517962925e-05
