Number: 922
Error: 7.683576014201903e-06
A1: [8.057534239457107e-07, 7.612806358536787e-07, 1.148519824294045e-06, 8.791433556854466e-07] - [0.20834422563760782, 0.33334322518222864, -0.04165584383093957, 1.1214745756125583e-05] - [0.16666825455593923, 0.6666681326912235, 0.16666854381066312, 1.6781387652401872e-06] - [-1.7456241950264891e-06, -1.5582291101159864e-06, -1.370725876562669e-06, -1.7441306272870624e-06]
A2: [0.166650888885147, -0.16668299068735612, -1.693975552870125e-05, -1.579419848287431e-05] - [0.16658214531490498, 0.33324599558996415, -9.036162998862943e-05, -8.458569678918075e-05] - [0.16663813422147383, 0.8333038751451728, -3.0412268551037984e-05, -2.854819988482064e-05] - [4.95245563822607e-06, 5.103797122317422e-06, 5.240944101640603e-06, 4.952453143084882e-06]
B1: 0.16670978685131518 - 0.6666188648207636 - 0.16658112187617338 - 5.152953169467856e-05
B2: 0.16670246658443288 - 0.6667128360676475 - 0.16672560073714657 - 3.62038219803878e-05
