Number: 3023
Error: 4.281545802526448e-06
A1: [-1.2224388697999962e-05, -1.1937964503282825e-05, -1.02330910659861e-05, -1.1969566467118479e-05] - [0.20829886664945677, 0.33329818819646556, -0.0416961448495564, -3.3343915522795266e-05] - [0.16665167796235483, 0.666652147222977, 0.16665436706981196, -1.4674287592011478e-05] - [-5.743694577589058e-06, -5.127736333480564e-06, -4.511562105857902e-06, -5.738803704588887e-06]
A2: [0.16669180047752735, -0.1666407135876202, 2.6323233428310405e-05, 2.5079834263794103e-05] - [0.16669459067689862, 0.3333622733102731, 2.8396738185388498e-05, 2.7712370956132804e-05] - [0.16664874593926907, 0.8333148913569215, -1.9274264087205394e-05, -1.7972571114729974e-05] - [1.6231599080594432e-05, 1.672770458819977e-05, 1.7177332786840614e-05, 1.623159764218303e-05]
B1: 0.16662329344437055 - 0.6665594400440463 - 0.16667006508405285 - -1.3266981224553125e-05
B2: 0.1666138093983449 - 0.6665885727790282 - 0.16657373987061785 - -5.1543176760562436e-05
