Number: 1535
Error: 3.4638843605703513e-06
A1: [-7.0402329145191165e-06, -6.50246528938915e-06, -5.244904472522471e-06, -6.91033502671222e-06] - [0.2083122511361675, 0.3333135175468854, -0.04168199597371342, -2.0509893221129375e-05] - [0.16665810446163587, 0.6666587544923714, 0.16666029301017407, -8.401948592764025e-06] - [-2.9125044662480713e-06, -2.6000394888629607e-06, -2.287415484007234e-06, -2.9100159981220467e-06]
A2: [0.16668325249994384, -0.166649610193147, 1.7288595920378952e-05, 1.655845813046809e-05] - [0.16669452539221122, 0.33336191866934833, 2.848256831541772e-05, 2.7751411326732548e-05] - [0.16666058934148664, 0.833327042231634, -6.671181953306789e-06, -6.1036062523429295e-06] - [8.246022154406604e-06, 8.49803768770694e-06, 8.726425008813625e-06, 8.246018944082492e-06]
B1: 0.16663837169315135 - 0.6666151479402876 - 0.16668051638674364 - -1.2958163144146948e-05
B2: 0.16663088959094682 - 0.6666158300168471 - 0.16660730074363242 - -3.5107637950442704e-05
