Number: 741
Error: 3.0185493267807793e-06
A1: [-4.267398560630656e-06, -3.5954388274812797e-06, -2.5765370021136777e-06, -4.204174502333283e-06] - [0.2083194183176572, 0.33332172278101196, -0.04167442049353747, -1.3636483752502513e-05] - [0.16666153987656201, 0.6666622864509959, 0.16666346139744043, -5.04881623685038e-06] - [-1.4016030360799055e-06, -1.251084272143328e-06, -1.1004753061324513e-06, -1.4004033066328756e-06]
A2: [0.16667868441608227, -0.1666543642001233, 1.2461060820830887e-05, 1.2004568999242294e-05] - [0.1666944662103323, 0.3333617056861337, 2.8505233096117534e-05, 2.7747889089503738e-05] - [0.16666690308156087, 0.8333335202146924, 4.825567761582183e-08, 2.2376879659735492e-07] - [3.983956500274782e-06, 4.105694585594782e-06, 4.2160132470729315e-06, 3.983954370191546e-06]
B1: 0.16664621020502401 - 0.6666446510935895 - 0.16668585065601685 - -1.30012357404462e-05
B2: 0.16664021254891973 - 0.6666306017982516 - 0.1666254548026035 - -2.612863777790146e-05
