Number: 979
Error: 3.1533375404003605e-06
A1: [-5.097289389702057e-06, -4.465393490171032e-06, -3.3747906119875076e-06, -5.014080684306857e-06] - [0.20831727530981461, 0.333319269245519, -0.04167668462604678, -1.5691437956378516e-05] - [0.1666605115087118, 0.6666612292952251, 0.16666251337950372, -6.05252022504679e-06] - [-1.8545048982450508e-06, -1.6554431591141523e-06, -1.4562677167824913e-06, -1.8529183637979767e-06]
A2: [0.1666800526891165, -0.16665294026109004, 1.3906977923025699e-05, 1.336858716733613e-05] - [0.1666944790392996, 0.3333617643684178, 2.8493047765451547e-05, 2.7744034745031827e-05] - [0.16666500914551535, 0.8333315769886055, -1.9673985083831427e-06, -1.6742539331759134e-06] - [5.261574783958994e-06, 5.422365610526702e-06, 5.56807625493108e-06, 5.261572184294192e-06]
B1: 0.16664391933564177 - 0.6666358617622065 - 0.16668430170102969 - -1.292961802339148e-05
B2: 0.16663735851619044 - 0.6666261189241927 - 0.16661996298233372 - -2.8879571530740817e-05
