Number: 604
Error: 7.86518181940036e-06
A1: [1.8976871981270507e-06, 1.9056866002221563e-06, 2.1960596250114244e-06, 1.9443902140158427e-06] - [0.2083470202342969, 0.33334643048296003, -0.04165289582183945, 1.3891753003740344e-05] - [0.16666961155514987, 0.6666695270747156, 0.16666979128300266, 3.0021986330845985e-06] - [-1.1403122094752118e-06, -1.0177956297208485e-06, -8.952036875311615e-07, -1.1393358552455159e-06]
A2: [0.1666490590809424, -0.1666848946908805, -1.8872917144311856e-05, -1.761831389206477e-05] - [0.16658212633833533, 0.33324591586928953, -9.034603661386491e-05, -8.458236791222816e-05] - [0.1666406655419428, 0.8333064724094694, -2.7718123310883448e-05, -2.601141566338232e-05] - [3.245355186924417e-06, 3.3445161141147142e-06, 3.434374335837948e-06, 3.245353385657792e-06]
B1: 0.16671284079694235 - 0.6666306040916222 - 0.1665831888854213 - 5.1426863868790404e-05
B2: 0.1667063942626772 - 0.6667188867084755 - 0.16673294236411682 - 3.9993656645679354e-05
