Number: 713
Error: 3.0026102773412825e-06
A1: [-4.186607704003421e-06, -3.510890944633339e-06, -2.5013807141280295e-06, -4.125718663545162e-06] - [0.2083196025768773, 0.3333219397236169, -0.04167422968182023, -1.3462518837051363e-05] - [0.16666164382749463, 0.666662392823341, 0.1666635539646412, -4.947750686195709e-06] - [-1.3483198313752935e-06, -1.2035115441806327e-06, -1.0586159857032988e-06, -1.3471656379694618e-06]
A2: [0.1666785207867233, -0.16665453422989157, 1.228860146800983e-05, 1.184144033527098e-05] - [0.16669445810845504, 0.3333616925894411, 2.8500893610203373e-05, 2.774175039641367e-05] - [0.16666712526641483, 0.8333337482499649, 2.84865973478719e-07, 4.4643453107835106e-07] - [3.833652868642901e-06, 3.95079663138871e-06, 4.056951689470951e-06, 3.833650801810398e-06]
B1: 0.16664652763268842 - 0.6666457312925531 - 0.16668607728197143 - -1.2961697577287113e-05
B2: 0.1666406118566363 - 0.6666311401768258 - 0.16662605640399825 - -2.5741463101472693e-05
