Number: 2702
Error: 6.695789589532658e-06
A1: [-5.3907613372573015e-06, -5.735396181062896e-06, -4.81249539408274e-06, -5.1679257183863356e-06] - [0.20832823738558423, 0.3333249123252017, -0.04167274243670083, -4.115005383245923e-06] - [0.16666057117702385, 0.6666602337203185, 0.16666146063973444, -5.82081177691735e-06] - [-5.13344359343005e-06, -4.5828972490342695e-06, -4.032139466764012e-06, -5.1290691883522575e-06]
A2: [0.1666611294936854, -0.16667233302518014, -6.117146163246656e-06, -5.585432510123221e-06] - [0.16658227816879795, 0.33324647455854267, -9.041024440483122e-05, -8.457771419887232e-05] - [0.16662397912634763, 0.8332893522226671, -4.5476292308398504e-05, -4.273388909928916e-05] - [1.450611221073859e-05, 1.4949474817095573e-05, 1.535129445518089e-05, 1.4506109971355035e-05]
B1: 0.16669179344408924 - 0.6665523044133026 - 0.16656874166227673 - 5.1204948111353905e-05
B2: 0.16668186311471303 - 0.6666800759509216 - 0.16668532203152694 - 1.63719851455782e-05
