Number: 1729
Error: 3.571412231031006e-06
A1: [-7.721660782652666e-06, -7.216968086485941e-06, -5.901387444972799e-06, -7.575469320305809e-06] - [0.20831048389603649, 0.33331149552612904, -0.04168386528802328, -2.2205341789547157e-05] - [0.16665726101427458, 0.6666578871719581, 0.1666595142275612, -9.225289464164732e-06] - [-3.281648523511167e-06, -2.9296147595600494e-06, -2.5774092557854434e-06, -3.278845901814205e-06]
A2: [0.16668436805462805, -0.16664844913935928, 1.8467689065343296e-05, 1.7670544629641955e-05] - [0.16669453910721493, 0.3333619702160167, 2.847678912093898e-05, 2.7751526114285573e-05] - [0.16665904682892868, 0.8333254596415928, -8.312718485057952e-06, -7.649450806529958e-06] - [9.28728363575669e-06, 9.571126960228633e-06, 9.828360803549785e-06, 9.287280374909919e-06]
B1: 0.1666364240009071 - 0.6666079076375372 - 0.1666791816240935 - -1.2980155818443612e-05
B2: 0.1666286696121416 - 0.6666122660441325 - 0.1666028968463816 - -3.724357476362802e-05
