Number: 2559
Error: 4.028178876095984e-06
A1: [-1.060566132171878e-05, -1.0240741163503502e-05, -8.675220228013598e-06, -1.0389793997461942e-05] - [0.2083030491352715, 0.333302977660077, -0.04169172294534114, -2.9333083130369103e-05] - [0.16665368411461554, 0.6666542098751996, 0.1666562174206061, -1.2716204579224436e-05] - [-4.860896598701852e-06, -4.339575557054547e-06, -3.818046314550477e-06, -4.85675309316151e-06]
A2: [0.1666891395038403, -0.16664348328543646, 2.351046868640294e-05, 2.242715558808171e-05] - [0.16669458699490514, 0.3333621793473675, 2.8440044779636263e-05, 2.7741222538728402e-05] - [0.16665244300827398, 0.8333186842956528, -1.5340324551291684e-05, -1.426752959703467e-05] - [1.3741713671228904e-05, 1.4161712896096514e-05, 1.4542355493735292e-05, 1.3741711147740984e-05]
B1: 0.16662797984997452 - 0.666576807314559 - 0.16667333264825623 - -1.3185907502337671e-05
B2: 0.16661911186712883 - 0.6665970556268325 - 0.1665841956417979 - -4.64417361391014e-05
