Number: 964
Error: 7.659833320038137e-06
A1: [6.60779436105254e-07, 6.093134391071179e-07, 1.0092829663251608e-06, 7.376947328057372e-07] - [0.20834385343602776, 0.3333427984885927, -0.04165623679171215, 1.0858077741330683e-05] - [0.16666807453856478, 0.6666679476754981, 0.16666837813669533, 1.5024725052365603e-06] - [-1.8255691964604854e-06, -1.6296052786144313e-06, -1.4335292177485267e-06, -1.8240073773456811e-06]
A2: [0.16665113083934874, -0.1666827389144252, -1.6684113403022373e-05, -1.555299563017967e-05] - [0.16658214923079095, 0.333246007595592, -9.036215003635469e-05, -8.458472697313176e-05] - [0.1666378003155841, 0.8333035325442634, -3.076765185075279e-05, -2.88828274456472e-05] - [5.177915211246939e-06, 5.336148254920491e-06, 5.479540836592566e-06, 5.177912640757971e-06]
B1: 0.16670937143977435 - 0.6666173036031267 - 0.1665808394036639 - 5.1531039743063934e-05
B2: 0.16670196243971433 - 0.6667120490620911 - 0.16672464057231584 - 3.571788322704929e-05
