Number: 1019
Error: 3.1758532318719935e-06
A1: [-5.239906001430017e-06, -4.614931174604534e-06, -3.5124655803912427e-06, -5.153335562325316e-06] - [0.20831690246639437, 0.3333188434594025, -0.041677079333358534, -1.6049470389523846e-05] - [0.16666033548693585, 0.666661048246936, 0.16666235048497205, -6.224393856492033e-06] - [-1.930621820920518e-06, -1.7234014977380744e-06, -1.5160637662229033e-06, -1.928970320586936e-06]
A2: [0.16668028232148663, -0.16665270123971682, 1.4149727463346224e-05, 1.359750445787538e-05] - [0.16669448068477813, 0.33336177381802984, 2.849068621717326e-05, 2.774287634462487e-05] - [0.1666646909088432, 0.8333312504832942, -2.306061408955745e-06, -1.993177453335466e-06] - [5.476295843584205e-06, 5.64365000058256e-06, 5.795308817577022e-06, 5.476293177091459e-06]
B1: 0.1666435365430431 - 0.6666343870608191 - 0.16668404411331006 - -1.2915342937277189e-05
B2: 0.16663689636351636 - 0.6666253731696036 - 0.16661903724085456 - -2.932439723742288e-05
