Number: 2944
Error: 6.563371405637893e-06
A1: [-6.223696400701688e-06, -6.608624436909975e-06, -5.612395192327503e-06, -5.980554129864148e-06] - [0.20832610184111067, 0.3333224627883094, -0.041674997682834364, -6.161065238285857e-06] - [0.1666595361646182, 0.6666591699110387, 0.16666050823009995, -6.830763858149919e-06] - [-5.593989290981873e-06, -4.994071541896197e-06, -4.393938616262226e-06, -5.589225046543775e-06]
A2: [0.16666251963247597, -0.16667088625995213, -4.648023371299735e-06, -4.199622831672794e-06] - [0.1665822864945578, 0.3332465297817048, -9.042689629314163e-05, -8.458636756779915e-05] - [0.16662205176904485, 0.833287374847266, -4.7527245246938664e-05, -4.466540724658824e-05] - [1.5804730565367835e-05, 1.628778686299213e-05, 1.6725586467701337e-05, 1.5804728908999528e-05]
B1: 0.16668930971107165 - 0.6665432094942952 - 0.16656700334687188 - 5.112316375760331e-05
B2: 0.16667905773971217 - 0.6666756472160834 - 0.16667990207179137 - 1.3671527068227535e-05
