Number: 1373
Error: 3.3738045741783475e-06
A1: [-6.467913171797655e-06, -5.902349921052083e-06, -4.6930638525149534e-06, -6.351624657796318e-06] - [0.20831374009495712, 0.3333152199696701, -0.04168042036373711, -1.908089735520777e-05] - [0.16665881209862404, 0.6666594822430287, 0.1666609470024748, -7.71110525581253e-06] - [-2.6042447099811804e-06, -2.3248218441303925e-06, -2.045251789743411e-06, -2.6020187929717647e-06]
A2: [0.1666823212385315, -0.16665057947182324, 1.6304229518357887e-05, 1.5630092813676362e-05] - [0.16669451444449396, 0.3333618760788931, 2.8487793030051973e-05, 2.7751820135427682e-05] - [0.16666187736541746, 0.8333283637191385, -5.300475425556311e-06, -4.812800123150248e-06] - [7.376483503414351e-06, 7.601920172860264e-06, 7.806218673023687e-06, 7.376480399945851e-06]
B1: 0.16663998196318983 - 0.6666211777048968 - 0.16668161447002627 - -1.295597919504471e-05
B2: 0.16663273908621185 - 0.6666188120157088 - 0.1666109948638227 - -3.332832036973289e-05
