Number: 564
Error: 7.88835931123122e-06
A1: [2.040669593475979e-06, 2.055556951870709e-06, 2.334032738752261e-06, 2.0840103373954267e-06] - [0.20834739436168687, 0.333346857437346, -0.041652500066444005, 1.425106759484334e-05] - [0.1666697879024948, 0.6666697084191858, 0.16666995444190036, 3.174397147845107e-06] - [-1.06417138900871e-06, -9.498157112353718e-07, -8.353891201055335e-07, -1.0632601501762285e-06]
A2: [0.16664883051814675, -0.16668513261697854, -1.9114545054242595e-05, -1.784616111571831e-05] - [0.16658212914780943, 0.33324591098274653, -9.033900307842215e-05, -8.457675278745927e-05] - [0.16664098494147944, 0.8333068001061796, -2.737824087216096e-05, -2.569132890345976e-05] - [3.030619888269457e-06, 3.1232170441468607e-06, 3.2071269341430828e-06, 3.030618189374989e-06]
B1: 0.16671318585636732 - 0.6666320446415298 - 0.1665834157620569 - 5.137486158960999e-05
B2: 0.1667068857609872 - 0.6667196626531553 - 0.16673389899067842 - 4.046781667285619e-05
