Number: 3020
Error: 6.521874979580928e-06
A1: [-6.479928322184214e-06, -6.877209205582341e-06, -5.857650716529958e-06, -6.2304139879110844e-06] - [0.20832545272425795, 0.3333217162734708, -0.04167568197162443, -6.782100385107789e-06] - [0.166659216527567, 0.6666588415340697, 0.16666021514045903, -7.142536121860781e-06] - [-5.738622853020845e-06, -5.1232001663205735e-06, -4.507561634382195e-06, -5.733736267696875e-06]
A2: [0.16666295689349073, -0.16667043126130554, -4.1860509513162864e-06, -3.7637213727221575e-06] - [0.1665822906363646, 0.3332465485311553, -9.043084443597523e-05, -8.458755816607064e-05] - [0.166621446550406, 0.8332867539058691, -4.817130896300197e-05, -4.527193266769609e-05] - [1.621254860348782e-05, 1.670807029405534e-05, 1.7157169217334554e-05, 1.6212547157237592e-05]
B1: 0.1666885129311913 - 0.6665403366548623 - 0.16656644096627762 - 5.1080689987780526e-05
B2: 0.1666781589666344 - 0.666674255307977 - 0.1666782164683843 - 1.2805704394133324e-05
