Number: 401
Error: 2.8217058633390806e-06
A1: [-3.123544412378033e-06, -2.3970844041841205e-06, -1.4833510421243048e-06, -3.0888304089723e-06] - [0.20832231075611113, 0.3333250479234057, -0.041671376843915565, -1.0869675165486352e-05] - [0.166662966322414, 0.666663751314096, 0.1666647676310726, -3.657565162030428e-06] - [-7.545861367373901e-07, -6.734127599162539e-07, -5.921872206074113e-07, -7.539397731692414e-07]
A2: [0.16667673135434075, -0.16665639619366174, 1.0398259174838594e-05, 1.0057585953941826e-05] - [0.16669446610507394, 0.33336164196425994, 2.8544596008570598e-05, 2.7771617440335123e-05] - [0.16666961613527775, 0.833336304033693, 2.9358742966381505e-06, 2.9426603605762628e-06] - [2.1586858256798345e-06, 2.2246309987127755e-06, 2.284388099937118e-06, 2.158684573080144e-06]
B1: 0.16664933803512585 - 0.6666570859628665 - 0.16668796518111564 - -1.3248115560149631e-05
B2: 0.1666446602099451 - 0.6666372443042609 - 0.16663339841137087 - -2.1828267218665484e-05
