Number: 1245
Error: 3.3024632336943244e-06
A1: [-6.031024547209004e-06, -5.444367777606517e-06, -4.274093767550597e-06, -5.925474596585206e-06] - [0.2083148548491308, 0.33331649988887124, -0.04167924414112185, -1.8013462567099514e-05] - [0.1666593557333136, 0.6666600408926108, 0.1666614464948546, -7.180725128483761e-06] - [-2.3606772252314784e-06, -2.107361283519498e-06, -1.8539083001335447e-06, -2.3586588973376255e-06]
A2: [0.16668158271720923, -0.16665134789743524, 1.5524024452146948e-05, 1.489385988004997e-05] - [0.1666944986753542, 0.3333618356692669, 2.8485544858222257e-05, 2.7745024319027314e-05] - [0.16666289421218794, 0.8333294070527518, -4.218203825351778e-06, -3.7937550749370263e-06] - [6.68942923735643e-06, 6.893864928051291e-06, 7.0791302045459225e-06, 6.689426259723255e-06]
B1: 0.16664129910015957 - 0.6666259843902349 - 0.1666825220366464 - -1.2909396267971434e-05
B2: 0.16663425867638068 - 0.6666211786309971 - 0.16661387369524056 - -3.186418257754357e-05
