Number: 640
Error: 7.844436788593636e-06
A1: [1.783435960100679e-06, 1.7860395918320672e-06, 2.087923161800803e-06, 1.8331511966592585e-06] - [0.20834674163125252, 0.33334610757248073, -0.041653187417691466, 1.362642587161278e-05] - [0.16666946742130234, 0.6666693792562495, 0.16666966064390948, 2.861784768586688e-06] - [-1.2088407579245152e-06, -1.0789794971835241e-06, -9.490389323503565e-07, -1.2078058089188366e-06]
A2: [0.1666492674265625, -0.16668467803573256, -1.865305456448664e-05, -1.7410612288559753e-05] - [0.1665821309679899, 0.33324592712176043, -9.034583473938162e-05, -8.458026336093815e-05] - [0.1666403790219552, 0.8333061783876645, -2.802314935289929e-05, -2.6298554160497805e-05] - [3.4386158526158263e-06, 3.5436841509638713e-06, 3.638895870876732e-06, 3.438613962094114e-06]
B1: 0.16671247745338372 - 0.6666292575203925 - 0.16658293732702248 - 5.1420840325121085e-05
B2: 0.16670590696438312 - 0.6667181883707524 - 0.16673212881868865 - 3.952196363045396e-05
