Number: 309
Error: 2.766907847191504e-06
A1: [-2.8222761370140042e-06, -2.0816816727600676e-06, -1.1970193803694378e-06, -2.7952687623771238e-06] - [0.20832305981901217, 0.3333259116452494, -0.041670591718667445, -1.0154573975559476e-05] - [0.1666633437758192, 0.6666641385652067, 0.16666511135927328, -3.289627145857051e-06] - [-5.795092371091919e-07, -5.170994319622469e-07, -4.546487138651611e-07, -5.790127753270837e-07]
A2: [0.16667620511608344, -0.16665694362863243, 9.84264391797211e-06, 9.532992581333789e-06] - [0.16669447763734335, 0.3333616368327327, 2.856787939084591e-05, 2.7789598864452048e-05] - [0.16667035377933526, 0.8333370609391593, 3.720970676266814e-06, 3.681884016545917e-06] - [1.6647642053090012e-06, 1.7156116857762238e-06, 1.7616869743526719e-06, 1.664763229210189e-06]
B1: 0.16665010322668677 - 0.666660380483575 - 0.16668847799473754 - -1.3395983920114955e-05
B2: 0.16664597775030596 - 0.6666391292616688 - 0.16663560714728984 - -2.0550582984150997e-05
