Number: 2378
Error: 6.873744850940326e-06
A1: [-4.246634095327725e-06, -4.535693057907986e-06, -3.7093432781992e-06, -4.0510144384047216e-06] - [0.20833121314880845, 0.33332831502442006, -0.04166959332755692, -1.2591616860767885e-06] - [0.16666198616322275, 0.6666616889033596, 0.16666276830803517, -4.4394071046804365e-06] - [-4.5168355723589365e-06, -4.032390510251137e-06, -3.5477428549418343e-06, -4.512983774068103e-06]
A2: [0.16665927159817723, -0.16667426698316604, -8.081294121529018e-06, -7.4375320096776584e-06] - [0.1665822736143091, 0.3332464065657895, -9.038268084620433e-05, -8.455953716635217e-05] - [0.1666265595096838, 0.8332919994941153, -4.273059424424403e-05, -4.014793558229099e-05] - [1.2767371611216144e-05, 1.3157587589333726e-05, 1.3511234358745228e-05, 1.2767368796704714e-05]
B1: 0.16669502850813525 - 0.6665643906222168 - 0.1665709778833655 - 5.122402390818237e-05
B2: 0.16668552519529997 - 0.6666860017039034 - 0.16669267008822322 - 1.9893605565977863e-05
