Number: 1483
Error: 3.4350075582772036e-06
A1: [-6.859789029145512e-06, -6.313281660668616e-06, -5.071398525150422e-06, -6.734256430332129e-06] - [0.20831271593380027, 0.33331405012961673, -0.04168150482983893, -2.0064330301090034e-05] - [0.16665832830796593, 0.6666589846106105, 0.16666049926894907, -8.183489609130358e-06] - [-2.81355727738397e-06, -2.511698310752582e-06, -2.209683995027896e-06, -2.8111530635475792e-06]
A2: [0.16668295304472955, -0.16664992182442182, 1.6972150176762715e-05, 1.6259932550344e-05] - [0.16669452050646036, 0.333361903696666, 2.848301804884099e-05, 2.775017099922446e-05] - [0.1666610026315828, 0.8333274662712437, -6.231334839557755e-06, -5.689423065805617e-06] - [7.966915680514623e-06, 8.210399872425464e-06, 8.431055068300026e-06, 7.966912498098798e-06]
B1: 0.16663889992500394 - 0.6666170943403233 - 0.16668087935855364 - -1.294609622091754e-05
B2: 0.16663149361441762 - 0.6666167873937183 - 0.16660847597808942 - -3.4526141587671655e-05
