Number: 2686
Error: 6.704585848804954e-06
A1: [-5.32420429477766e-06, -5.665529714953333e-06, -4.746832038836085e-06, -5.1027222848406245e-06] - [0.20832842484830405, 0.33332512314636176, -0.04167254186389395, -3.933503336628058e-06] - [0.1666606512168054, 0.6666603163159452, 0.16666153652153773, -5.742440022315612e-06] - [-5.102997250491467e-06, -4.555715325803879e-06, -4.008222296731286e-06, -5.098648632022808e-06]
A2: [0.1666610395060064, -0.16667242685396783, -6.212555283630347e-06, -5.675133970941395e-06] - [0.1665822825854264, 0.3332464756181765, -9.04047023444201e-05, -8.457217501406833e-05] - [0.16662410711459286, 0.8332894834869047, -4.534019615616456e-05, -4.2605625770375e-05] - [1.4420250782909581e-05, 1.4860988956662386e-05, 1.5260429735712025e-05, 1.4420248509600387e-05]
B1: 0.16669192005606975 - 0.666552869716793 - 0.16656882215616906 - 5.117272073778276e-05
B2: 0.1666820094828017 - 0.6666803654658553 - 0.1666857148664554 - 1.65114183095982e-05
