Number: 523
Error: 2.8931806965605604e-06
A1: [-3.5315932019462853e-06, -2.824474929467467e-06, -1.872789661916575e-06, -3.4866513652094235e-06] - [0.20832128272897507, 0.3333238654727725, -0.041672457445689114, -1.1852632761946892e-05] - [0.166662457001958, 0.6666632284136688, 0.16666430185712627, -4.154259130475538e-06] - [-9.867525316012237e-07, -8.806965962681592e-07, -7.745742240462288e-07, -9.859074976406753e-07]
A2: [0.16667743067043875, -0.16665566862405745, 1.1136818021673948e-05, 1.0754720853785594e-05] - [0.16669445925881687, 0.3333616576960506, 2.8523107185624537e-05, 2.775621917207163e-05] - [0.1666686406877672, 0.8333353031388879, 1.8976839804910152e-06, 1.965118151604415e-06] - [2.8136529516838313e-06, 2.8996184743984177e-06, 2.9775185607751697e-06, 2.813651357296624e-06]
B1: 0.16664826553032935 - 0.6666526678570107 - 0.16668724430721832 - -1.3109738931128253e-05
B2: 0.16664301005392274 - 0.6666348144642775 - 0.16663051020076855 - -2.3425571913071914e-05
