Number: 3080
Error: 6.4891143099060165e-06
A1: [-6.693564279954191e-06, -7.101234892059771e-06, -6.063896014181297e-06, -6.439008535888161e-06] - [0.20832489455169043, 0.33332107864023436, -0.04167627304607264, -7.3180595201433645e-06] - [0.16665895271432393, 0.6666585701767473, 0.1666599709972297, -7.400129423249264e-06] - [-5.852802890949914e-06, -5.225139276361376e-06, -4.59725945882394e-06, -5.84781975429671e-06]
A2: [0.16666330009268612, -0.16667007396287864, -3.823145901221925e-06, -3.4215955051952823e-06] - [0.1665822885913041, 0.3332465582716199, -9.04387560908402e-05, -8.459381304453546e-05] - [0.16662096809327145, 0.8332862630666861, -4.868037022062848e-05, -4.575142149475563e-05] - [1.6534506308999383e-05, 1.7039868951633326e-05, 1.7497888315310127e-05, 1.6534505037778584e-05]
B1: 0.1666879212947773 - 0.666538104166883 - 0.1665660306480585 - 5.108458569791583e-05
B2: 0.16667748842875543 - 0.6666731600663812 - 0.16667685203113672 - 1.216117833571823e-05
