Number: 1291
Error: 3.3281067841553437e-06
A1: [-6.180551780785195e-06, -5.601054165031635e-06, -4.416338948598343e-06, -6.071149811747234e-06] - [0.20831448436081204, 0.3333160717412385, -0.041679633326411, -1.8366974300769413e-05] - [0.16665916792405813, 0.6666598481131845, 0.16666127540086995, -7.363778230806629e-06] - [-2.44820992917728e-06, -2.185512024085038e-06, -1.92267335025057e-06, -2.4461169842965415e-06]
A2: [0.16668184939617398, -0.1666510705355015, 1.5805552152073885e-05, 1.5159716400086157e-05] - [0.16669450765582947, 0.33336185333564156, 2.848931776106024e-05, 2.775077981130701e-05] - [0.16666252916254, 0.8333290324635174, -4.60680862254226e-06, -4.159594769378732e-06] - [6.936337425124801e-06, 7.1483202931587616e-06, 7.340425561944649e-06, 6.936334398047815e-06]
B1: 0.1666408020286891 - 0.6666242343452927 - 0.16668217432610685 - -1.29498824416822e-05
B2: 0.16663368623636185 - 0.6666203251136915 - 0.16661286071141007 - -3.241669256900377e-05
