Number: 533
Error: 2.89899478050744e-06
A1: [-3.567362973265978e-06, -2.8619654186172426e-06, -1.9073046555630745e-06, -3.5215805649446286e-06] - [0.20832118909611344, 0.3333237586385554, -0.04167255647521221, -1.1942562424500383e-05] - [0.16666241290053949, 0.6666631830630346, 0.16666426105286775, -4.19732334592943e-06] - [-1.0057825294442408e-06, -8.976869718678631e-07, -7.895238388953167e-07, -1.0049212165542416e-06]
A2: [0.16667748771377833, -0.16665560924226713, 1.1197123972659444e-05, 1.0811585423509815e-05] - [0.16669445815712033, 0.33336165850852306, 2.8520934129144782e-05, 2.7754416550724678e-05] - [0.1666685607413097, 0.8333352211157782, 1.8126131478540317e-06, 1.8850000097050288e-06] - [2.8673390362138138e-06, 2.954945576815284e-06, 3.03433280694663e-06, 2.8673374151249267e-06]
B1: 0.16664818174400767 - 0.6666523098920266 - 0.16668718944273098 - -1.3094263816326918e-05
B2: 0.16664288550147238 - 0.6666346187365995 - 0.16663026922367757 - -2.354579277808468e-05
