Number: 663
Error: 2.973975227672754e-06
A1: [-4.008044194650381e-06, -3.3236999078384455e-06, -2.329042743391662e-06, -3.951357702997588e-06] - [0.20832006969874095, 0.333322472937847, -0.041673735404275915, -1.3013911932332442e-05] - [0.16666186409810677, 0.6666626193584989, 0.1666637577872944, -4.73266574447208e-06] - [-1.2531710243174672e-06, -1.1185609153030332e-06, -9.83868856380578e-07, -1.2520981601722125e-06]
A2: [0.16667823459634423, -0.16665483213454976, 1.198605645057385e-05, 1.1556143806469471e-05] - [0.16669445960138934, 0.33336168441975195, 2.850757049118125e-05, 2.77467480327133e-05] - [0.16666752397338253, 0.8333341573166018, 7.0915055314625e-07, 8.459999677290832e-07] - [3.565233137656543e-06, 3.674172148994854e-06, 3.772891683797673e-06, 3.565231187910609e-06]
B1: 0.16664697634313355 - 0.6666475477292161 - 0.16668637508942635 - -1.300931104961854e-05
B2: 0.16664121242717303 - 0.6666320959449129 - 0.16662723779569083 - -2.516255076721916e-05
