Number: 366
Error: 8.004650721620325e-06
A1: [2.706423052233712e-06, 2.752886265883651e-06, 2.9699507228977695e-06, 2.7331607255895943e-06] - [0.20834907665876454, 0.33334879112880317, -0.04165073090889447, 1.5860203760681756e-05] - [0.16667061815314616, 0.6666705608829366, 0.16667071436270495, 3.984151610502624e-06] - [-6.872614881899711e-07, -6.13302093576238e-07, -5.392949317311589e-07, -6.866727769932777e-07]
A2: [0.16664769579087094, -0.1666863132397147, -2.0313030213521135e-05, -1.897734630283982e-05] - [0.16658214033053922, 0.33324588539666145, -9.030425082086139e-05, -8.455168227761197e-05] - [0.16664256794516266, 0.8333084243910958, -2.569343147029305e-05, -2.4104923595313925e-05] - [1.9676659441176355e-06, 2.0277719345777323e-06, 2.082237445453605e-06, 1.9676647988113333e-06]
B1: 0.16671491735413488 - 0.6666392053940349 - 0.1665845753077756 - 5.114109635606457e-05
B2: 0.16670955325138845 - 0.6667236063225526 - 0.16673859762460097 - 4.3049481184229805e-05
