Number: 2427
Error: 3.955831022682604e-06
A1: [-1.014039009337818e-05, -9.752870092307457e-06, -8.226725562400174e-06, -9.935609684559514e-06] - [0.20830425817877163, 0.33330436045674705, -0.041690443640132344, -2.817289132986938e-05] - [0.1666542596513955, 0.6666548017555649, 0.16665674917088705, -1.2154348006560038e-05] - [-4.609748715280482e-06, -4.115350578300511e-06, -3.6207481015062447e-06, -4.605818114395849e-06]
A2: [0.1666883826048086, -0.1666442711564559, 2.2710303685896157e-05, 2.1672616316441657e-05] - [0.1666945853768781, 0.33336215193835156, 2.8451577257908374e-05, 2.774885925741436e-05] - [0.16665349434439572, 0.8333197628921908, -1.4221629285535558e-05, -1.3213925694529612e-05] - [1.3033341703102891e-05, 1.3431688637933045e-05, 1.379270537684013e-05, 1.3033338959061859e-05]
B1: 0.16662929940697596 - 0.6665817331555154 - 0.16667424596797267 - -1.3176534234597082e-05
B2: 0.16662060623007366 - 0.6665994696051922 - 0.16658718655752422 - -4.500455952343566e-05
