Number: 2396
Error: 6.86382883189101e-06
A1: [-4.3155221419343885e-06, -4.607968066090407e-06, -3.7765534969727185e-06, -4.118385362198743e-06] - [0.2083310263784764, 0.33332810333020907, -0.04166979213781313, -1.4392492290345872e-06] - [0.1666619021704542, 0.6666616023750933, 0.16666268967310327, -4.521529032300361e-06] - [-4.551090681710539e-06, -4.0629732384289676e-06, -3.5746525947822684e-06, -4.54720983053445e-06]
A2: [0.16665937395976, -0.16667416035066282, -7.97293698300458e-06, -7.335492426095485e-06] - [0.16658227170371837, 0.3332464082988069, -9.038613134647256e-05, -8.456271058928427e-05] - [0.16662641592996283, 0.8332918522128429, -4.288332842726202e-05, -4.0291824741216006e-05] - [1.286397125200385e-05, 1.3257139907048276e-05, 1.3613462983244236e-05, 1.2863968463294106e-05]
B1: 0.16669486602034927 - 0.6665637357676439 - 0.1665708696277851 - 5.124021896797856e-05
B2: 0.16668533985712825 - 0.6666856740013837 - 0.1666922458521969 - 1.9716069958423832e-05
