Number: 720
Error: 7.79847694365984e-06
A1: [1.497729848825315e-06, 1.486535864307139e-06, 1.8121917871892748e-06, 1.5541693503843559e-06] - [0.2083459943188953, 0.3333452545287385, -0.04165397814185089, 1.2908738186868107e-05] - [0.16666911494113687, 0.6666690167650473, 0.1666693345062368, 2.5176019485870846e-06] - [-1.361120383333921e-06, -1.214937359770165e-06, -1.0686664868206902e-06, -1.3599552664573815e-06]
A2: [0.16664972542646186, -0.1666842012892466, -1.8168886680612355e-05, -1.695404353193329e-05] - [0.16658212894339858, 0.33324594057208784, -9.035615125955339e-05, -8.45878993214946e-05] - [0.16663974114346541, 0.8333055239362158, -2.8701953504592755e-05, -2.6937807140548415e-05] - [3.86808074493377e-06, 3.986276400715991e-06, 4.093384723945776e-06, 3.868078665641826e-06]
B1: 0.16671176050203065 - 0.6666263524206922 - 0.16658246237150168 - 5.1498027692453664e-05
B2: 0.16670494399952654 - 0.6667166571259902 - 0.16673023677306653 - 3.859367556382514e-05
