Number: 1968
Error: 7.099848321629975e-06
A1: [-2.8345300563371813e-06, -3.0552648659458623e-06, -2.353104138454025e-06, -2.6733174751059277e-06] - [0.2083348348572054, 0.3333324689041676, -0.04166576845279255, 2.2109310608375393e-06] - [0.1666637406395563, 0.6666634922159015, 0.16666438290519867, -2.727394144597057e-06] - [-3.7365206845502154e-06, -3.33572217282166e-06, -2.934738582132588e-06, -3.733331340292791e-06]
A2: [0.16665691177399716, -0.1666767227624502, -1.0574956904924467e-05, -9.790021691273285e-06] - [0.1665822417783728, 0.33324629524678956, -9.037222611128747e-05, -8.456260924721596e-05] - [0.16662982046058694, 0.8332953451843801, -3.926024865724952e-05, -3.68799368633011e-05] - [1.0566959959550498e-05, 1.0889917465733201e-05, 1.1182602448295275e-05, 1.0566956754534673e-05]
B1: 0.1666992463016691 - 0.6665797964848591 - 0.16657390605810835 - 5.1372172469873014e-05
B2: 0.166690290353928 - 0.6666935199469538 - 0.16670187060809466 - 2.4481021670176787e-05
