Number: 733
Error: 3.0140317006339077e-06
A1: [-4.258012149471529e-06, -3.58574814812485e-06, -2.5702984779852214e-06, -4.195442113067802e-06] - [0.20831941580466976, 0.33332172650820524, -0.04167442732891736, -1.3641885139557014e-05] - [0.16666155573663777, 0.6666623022253164, 0.16666347245018956, -5.033767302341772e-06] - [-1.3863792446256711e-06, -1.2374916816461703e-06, -1.088514750089567e-06, -1.385192525028599e-06]
A2: [0.1666786353322373, -0.1666544149970579, 1.2409691878449612e-05, 1.1955628309201159e-05] - [0.1666944577979707, 0.333361696150722, 2.8498522208009024e-05, 2.7740038024523934e-05] - [0.16666696585690424, 0.8333335846983143, 1.1522866006365661e-07, 2.8668162866651837e-07] - [3.941019869565054e-06, 4.061445504351451e-06, 4.170574756034958e-06, 3.941017757411084e-06]
B1: 0.16664634597289094 - 0.6666450027689735 - 0.16668595643327144 - -1.294482667665869e-05
B2: 0.1666403732595587 - 0.6666307595505666 - 0.1666255855740787 - -2.5971396879365092e-05
