Number: 1527
Error: 3.4594296419349653e-06
A1: [-7.0069425828266265e-06, -6.46751969019256e-06, -5.21206025800325e-06, -6.8777215762169935e-06] - [0.20831234491378953, 0.33331362300435735, -0.041681895640603275, -2.0419096114357828e-05] - [0.1666581444871305, 0.6666587957968343, 0.16666033095788815, -8.362757268359824e-06] - [-2.8972821678695996e-06, -2.58644904809509e-06, -2.2754574593751784e-06, -2.894806660253536e-06]
A2: [0.16668320737082218, -0.1666496572422745, 1.724075668909905e-05, 1.6513471988839166e-05] - [0.1666945270975637, 0.33336191869970877, 2.8484840775015236e-05, 2.7753677357904687e-05] - [0.16666065320820034, 0.8333271077371878, -6.603260455587976e-06, -6.0396021771332556e-06] - [8.20307996496864e-06, 8.453782906412758e-06, 8.680980597096041e-06, 8.203076758531954e-06]
B1: 0.16663843487698543 - 0.6666154301173283 - 0.166680555771108 - -1.297440465176365e-05
B2: 0.16663096358487087 - 0.666615975610413 - 0.16660749804242464 - -3.503710827786081e-05
