Number: 826
Error: 7.738016273422488e-06
A1: [1.1338024800638567e-06, 1.1051134793974178e-06, 1.463053778115206e-06, 1.1991375696465702e-06] - [0.20834506297096134, 0.333344186264224, -0.041654960657859424, 1.201658656253285e-05] - [0.16666866264994923, 0.6666685520091314, 0.1666689187172891, 2.076290488711369e-06] - [-1.5628907360534679e-06, -1.395081550917452e-06, -1.227173638110546e-06, -1.5615532236903986e-06]
A2: [0.1666503355409891, -0.1666835664376705, -1.752431225418846e-05, -1.6345825269869857e-05] - [0.16658213600551444, 0.3332459678985332, -9.036058180346135e-05, -8.458827236363238e-05] - [0.1666388975583189, 0.8333046583739928, -2.959980569496481e-05, -2.778321354386678e-05] - [4.437113567706525e-06, 4.572702720984741e-06, 4.695573958265651e-06, 4.437111259239419e-06]
B1: 0.16671073723009686 - 0.6666224346184102 - 0.16658176922984066 - 5.152696362997492e-05
B2: 0.1667036386814803 - 0.6667146442735845 - 0.1667277937019288 - 3.733430540566371e-05
