Number: 954
Error: 7.66548599282588e-06
A1: [6.964366813404719e-07, 6.466999707352727e-07, 1.0437026871365942e-06, 7.725115154009373e-07] - [0.20834394664628816, 0.33334290493175567, -0.04165613812165113, 1.0947585143361508e-05] - [0.16666811855200664, 0.6666679929438999, 0.16666841886478723, 1.5454488680803515e-06] - [-1.8065349070484e-06, -1.6126111982844245e-06, -1.418576290387132e-06, -1.8049893367999412e-06]
A2: [0.1666510734229759, -0.16668279867835212, -1.6744808820208886e-05, -1.5610233110618886e-05] - [0.16658214879329894, 0.3332460052060355, -9.036158452616473e-05, -8.458446301901953e-05] - [0.1666378798727289, 0.8333036141684479, -3.068298760087459e-05, -2.8803098473512468e-05] - [5.124234499758861e-06, 5.280826701544171e-06, 5.422732237953433e-06, 5.124231946871221e-06]
B1: 0.16670946675055737 - 0.666617671882011 - 0.1665809033772669 - 5.1527080880311234e-05
B2: 0.16670207845504093 - 0.6667122359798614 - 0.1667248724682507 - 3.582956387262963e-05
