Number: 2953
Error: 4.243394541567648e-06
A1: [-1.197512647545355e-05, -1.1676577023190732e-05, -9.992442829873718e-06, -1.1726185789946498e-05] - [0.2082995180028078, 0.33329893226248025, -0.04169545509031919, -3.2718477376577295e-05] - [0.16665198572388212, 0.6666524637951105, 0.16665465190194548, -1.4373782532908795e-05] - [-5.610517309533556e-06, -5.008836372816572e-06, -4.406940049398358e-06, -5.605739082721794e-06]
A2: [0.16669140015873363, -0.1666411303506425, 2.589992821594827e-05, 2.468076683190464e-05] - [0.16669459336231096, 0.33336226226503496, 2.840628242208504e-05, 2.771996443074998e-05] - [0.1666493041910412, 0.8333154640585068, -1.868030519502481e-05, -1.7413116548033114e-05] - [1.5855981097372776e-05, 1.6340605431336195e-05, 1.677982645544672e-05, 1.5855979464437538e-05]
B1: 0.16662398279403517 - 0.6665620439084742 - 0.16667054335570636 - -1.3272403761544778e-05
B2: 0.16661459159105052 - 0.6665898505408893 - 0.1665753319126072 - -5.079131037022195e-05
