Number: 237
Error: 2.723263152960294e-06
A1: [-2.5682855987244615e-06, -1.815677097613287e-06, -9.52814610894016e-07, -2.547326943324253e-06] - [0.20832371921245196, 0.3333266646274406, -0.0416698963939053, -9.521829228116229e-06] - [0.1666636574892951, 0.6666644609196576, 0.1666654006243759, -2.9833780908299365e-06] - [-4.4249162355277725e-07, -3.9476666347584373e-07, -3.470098982805719e-07, -4.421125295020193e-07]
A2: [0.16667579816286682, -0.16665736728093947, 9.41246604019858e-06, 9.127326534680303e-06] - [0.1666945022050758, 0.33336164812809116, 2.8601137654235632e-05, 2.781921320147786e-05] - [0.16667093392868285, 0.8333376561567276, 4.338236185375956e-06, 4.263269414943808e-06] - [1.2781971278901928e-06, 1.3172284244726203e-06, 1.3525957381041594e-06, 1.2781963787551046e-06]
B1: 0.1666505908809383 - 0.6666628562273055 - 0.16668878532531445 - -1.3622911241851045e-05
B2: 0.16664698720271853 - 0.6666406391894751 - 0.16663742981910304 - -1.9572318279840724e-05
