Number: 460
Error: 7.949081041394918e-06
A1: [2.4031621884782236e-06, 2.4353921709698533e-06, 2.682368849807762e-06, 2.437769873160457e-06] - [0.20834832966516384, 0.33334792782472383, -0.04165151306294212, 1.5147893628607533e-05] - [0.16667023698495728, 0.6666701699288148, 0.16667036810306365, 3.6127015656135337e-06] - [-8.662017172803701e-07, -7.730643504851502e-07, -6.798679912507146e-07, -8.65459842935995e-07]
A2: [0.16664823576001453, -0.16668575161337093, -1.974305853112237e-05, -1.843905875885403e-05] - [0.16658213686566653, 0.3332458990093222, -9.031966698765235e-05, -8.456174030044763e-05] - [0.1666418160803094, 0.8333076528704656, -2.649374276792018e-05, -2.485840333466957e-05] - [2.472303262456299e-06, 2.547834447194911e-06, 2.6162786256687877e-06, 2.4723018448044644e-06]
B1: 0.16671408058586565 - 0.6666357899108826 - 0.16658400771278398 - 5.123727772378082e-05
B2: 0.16670822149157363 - 0.6667217088233801 - 0.16673638411383496 - 4.175846742816864e-05
