Number: 586
Error: 7.875612097046233e-06
A1: [1.966815125903493e-06, 1.9781840248952135e-06, 2.2634731253789323e-06, 2.0120005376244794e-06] - [0.20834720787057606, 0.3333466429778873, -0.04165269628031369, 1.4072705075748932e-05] - [0.16666969575023088, 0.6666696137910716, 0.16666987008834497, 3.084522114726875e-06] - [-1.1060496073846522e-06, -9.872054724954236e-07, -8.682879679689388e-07, -1.1051025527473077e-06]
A2: [0.16664895702050536, -0.16668500100590156, -1.898094111028138e-05, -1.7720052322405756e-05] - [0.166582129632031, 0.3332459155905027, -9.034106600467687e-05, -8.457781167381329e-05] - [0.16664080949365895, 0.8333066200813769, -2.7564982011315258e-05, -2.5867154695828472e-05] - [3.1487243921959433e-06, 3.2449316294854912e-06, 3.3321131061143475e-06, 3.1487226365957725e-06]
B1: 0.16671298109416802 - 0.6666312379836198 - 0.16658327724914687 - 5.138846991693218e-05
B2: 0.1667065985086627 - 0.6667192338832211 - 0.16673338659299347 - 4.019010065331197e-05
