Number: 2533
Error: 4.013908145052839e-06
A1: [-1.0503486548731769e-05, -1.0133523710801718e-05, -8.575167735776296e-06, -1.0289813092408567e-05] - [0.2083033296914219, 0.33330329482186527, -0.04169142378762068, -2.9062189883855764e-05] - [0.1666538081172918, 0.6666543376947376, 0.16665633399387778, -1.2594906654004998e-05] - [-4.8114296680405685e-06, -4.295411971928044e-06, -3.779186777306338e-06, -4.807328086532504e-06]
A2: [0.1666889922392635, -0.16664363673931332, 2.335449937619214e-05, 2.2280355733726903e-05] - [0.16669459147204577, 0.3333621785109993, 2.8446630841092084e-05, 2.774752229358226e-05] - [0.16665265065896684, 0.8333188972876439, -1.5119464538878158e-05, -1.4059432285062749e-05] - [1.3602181645167647e-05, 1.4017915913113802e-05, 1.4394692690598008e-05, 1.3602179075165078e-05]
B1: 0.1666282049757208 - 0.6665777444047516 - 0.1666734810307363 - -1.3218876369161208e-05
B2: 0.16661937032942725 - 0.6665975280506639 - 0.1665848163431051 - -4.6194534606695e-05
