Number: 1580
Error: 7.315016405355605e-06
A1: [-1.4718514328283815e-06, -1.6264556724819234e-06, -1.0403561358039681e-06, -1.3432262813598883e-06] - [0.20833836825041852, 0.33333651182496604, -0.041662030994038896, 5.600739192835154e-06] - [0.16666542758655264, 0.6666652268614185, 0.16666594042714847, -1.0806603000797787e-06] - [-2.9980522787305245e-06, -2.676412754869131e-06, -2.354611253666643e-06, -2.99549099372502e-06]
A2: [0.16665468057281213, -0.16667904499146707, -1.2933262794350916e-05, -1.2014281912601347e-05] - [0.1665822140117778, 0.3332461916973167, -9.036111637395248e-05, -8.456315684891917e-05] - [0.1666329055164679, 0.833298510368691, -3.597716577756602e-05, -3.378821224563276e-05] - [8.484460568644412e-06, 8.743763500868957e-06, 8.978755536715261e-06, 8.484457341510691e-06]
B1: 0.1667031505961508 - 0.6665942858680745 - 0.16657658387489535 - 5.142499790693138e-05
B2: 0.16669472526015564 - 0.6667006422177622 - 0.16671067137262613 - 2.8747730908918473e-05
