Number: 1631
Error: 3.5171109650323563e-06
A1: [-7.367808993079041e-06, -6.845866717952096e-06, -5.559053428999849e-06, -7.229857490457504e-06] - [0.2083114153949939, 0.3333125579105532, -0.04168287786246443, -2.131014571015053e-05] - [0.16665769681278492, 0.666658335577591, 0.16665991845571163, -8.799657070453574e-06] - [-3.0951752218517406e-06, -2.763130095754123e-06, -2.430919452337505e-06, -3.0925312602405196e-06]
A2: [0.16668380621975595, -0.16664903404012624, 1.787358905097849e-05, 1.7110461655556286e-05] - [0.1666945366553651, 0.3333619484368142, 2.8483738636078752e-05, 2.775594424559306e-05] - [0.16665982657772713, 0.8333262596091592, -7.4830021662710105e-06, -6.868018873736818e-06] - [8.761285341344136e-06, 9.029050720993226e-06, 9.271712550295358e-06, 8.761282095452862e-06]
B1: 0.1666373768735883 - 0.6666115356457445 - 0.1666798279884658 - -1.3000082819532419e-05
B2: 0.16662975730670262 - 0.6666140626753 - 0.16660514943943938 - -3.619833195477757e-05
