Number: 1073
Error: 3.2061708874805653e-06
A1: [-5.422823277744934e-06, -4.806655649217334e-06, -3.687639501573831e-06, -5.331723731499899e-06] - [0.20831643783905904, 0.3333183095200498, -0.04167756915697876, -1.6494140012974777e-05] - [0.16666010756838343, 0.6666608140851635, 0.1666621413728303, -6.4467217563617044e-06] - [-2.0333794374782714e-06, -1.815145289691284e-06, -1.59678884181318e-06, -2.031640252327418e-06]
A2: [0.16668059401792024, -0.1666523769470524, 1.4478969490772709e-05, 1.3908235464427791e-05] - [0.1666944874318011, 0.33336179089634277, 2.849160147735796e-05, 2.7745837836162834e-05] - [0.16666426185037272, 0.8333308102386628, -2.7627443852391125e-06, -2.4231632494513584e-06] - [5.7661614132747695e-06, 5.942375829013775e-06, 6.102064502214884e-06, 5.7661586621567055e-06]
B1: 0.16664298551200943 - 0.6666323635843363 - 0.16668366535451742 - -1.2930359216296018e-05
B2: 0.1666362420003427 - 0.6666243658939881 - 0.16661781857498262 - -2.9955366591321583e-05
