Number: 2163
Error: 3.8108546091247567e-06
A1: [-9.233785677778792e-06, -8.802409023151472e-06, -7.356362391091228e-06, -9.051156611397853e-06] - [0.2083065798334451, 0.3333070242009669, -0.041687992299955776, -2.5948848829107676e-05] - [0.1666553865387111, 0.6666559599702442, 0.16665778576066367, -1.1054798896364677e-05] - [-4.1074401380210195e-06, -3.666887151029763e-06, -3.2261397422596023e-06, -4.103935738755507e-06]
A2: [0.16668686378979666, -0.16664585171530513, 2.110537109420718e-05, 2.0158521013396583e-05] - [0.16669456792100776, 0.3333620834304682, 2.846152085406429e-05, 2.7749913087953996e-05] - [0.16665559490780743, 0.8333219180407421, -1.1986214116573362e-05, -1.1108826858893698e-05] - [1.1616557322794865e-05, 1.1971598315114451e-05, 1.2293362885286704e-05, 1.1616554254778734e-05]
B1: 0.16663201976078235 - 0.6665916600123077 - 0.16667614147361845 - -1.3076524790028011e-05
B2: 0.16662367953906382 - 0.6666043074984116 - 0.16659309955819912 - -4.204562866995817e-05
