Number: 2101
Error: 3.776731692922411e-06
A1: [-9.017778908127086e-06, -8.575928730224299e-06, -7.148519705744898e-06, -8.84035510300818e-06] - [0.20830713751909447, 0.33330766292471736, -0.04168740276171642, -2.54140993991339e-05] - [0.16665565431062676, 0.666656235274655, 0.166658032675804, -1.079345049354474e-05] - [-3.9894721330687885e-06, -3.5615647236727012e-06, -3.133465646808041e-06, -3.986067901588322e-06]
A2: [0.16668650744378677, -0.1666462225882136, 2.072874661139239e-05, 1.980328339901669e-05] - [0.16669456451142559, 0.333362067962518, 2.846440527085365e-05, 2.775085029981932e-05] - [0.16665608821266104, 0.8333224241565711, -1.1461256597088908e-05, -1.0614456947969426e-05] - [1.1283815724743017e-05, 1.1628686003018474e-05, 1.194123206978415e-05, 1.1283812603294448e-05]
B1: 0.16663264892827478 - 0.6665939815877518 - 0.1666765768191556 - -1.3062758230324953e-05
B2: 0.16662439137394328 - 0.6666054433761314 - 0.16659449808857266 - -4.1360654051923214e-05
