Number: 740
Error: 7.787091527373564e-06
A1: [1.4502993986808494e-06, 1.4369999412677806e-06, 1.7699423525634134e-06, 1.508396985097342e-06] - [0.20834590412959686, 0.3333451433189677, -0.04165406836140561, 1.2825862576853833e-05] - [0.16666905107012978, 0.6666689517497355, 0.16666927993717073, 2.4557820673041345e-06] - [-1.3991938574904583e-06, -1.2489306131450843e-06, -1.0985774277111768e-06, -1.3979962029605406e-06]
A2: [0.1666498441173419, -0.16668407811202293, -1.8044065143565694e-05, -1.6835710441184537e-05] - [0.16658213951685408, 0.33324595448940675, -9.03487298306237e-05, -8.457872872732478e-05] - [0.1666395830222776, 0.8333053616096545, -2.887043430500394e-05, -2.7096271957969595e-05] - [3.975445926392341e-06, 4.09692341029712e-06, 4.207005890663174e-06, 3.975443802067217e-06]
B1: 0.1667114994081096 - 0.6666255481448325 - 0.16658226948099353 - 5.1435405370905935e-05
B2: 0.16670462381248483 - 0.6667162696668815 - 0.16672983799652796 - 3.8282159165175015e-05
