Number: 1278
Error: 7.48342034837734e-06
A1: [-4.2479089948271885e-07, -5.287111899603977e-07, -3.374184883496989e-08, -3.2151807686482164e-07] - [0.20834106364270455, 0.33333960062633305, -0.04165918314381347, 8.184422201549646e-06] - [0.16666672685987677, 0.6666665624637494, 0.16666713735719957, 1.873243689739932e-07] - [-2.4232410327483935e-06, -2.163215065975204e-06, -1.9030495209310757e-06, -2.421169384670381e-06]
A2: [0.1666529404629645, -0.1666808558244542, -1.4772038587989432e-05, -1.3748989232138805e-05] - [0.16658218231171268, 0.3332461013805168, -9.036179851776834e-05, -8.457367193701835e-05] - [0.16663530511561328, 0.8333009723898137, -3.342332370720824e-05, -3.1383423090311843e-05] - [6.86344107638208e-06, 7.0731950202856056e-06, 7.263280190314172e-06, 6.8634380656307885e-06]
B1: 0.16670621867985935 - 0.6666055882574441 - 0.1665786876081513 - 5.149525471876609e-05
B2: 0.1666982455515146 - 0.6667062116690649 - 0.16671750233435434 - 3.213710807181779e-05
