Number: 681
Error: 2.9843097748010416e-06
A1: [-4.077129284782447e-06, -3.396159419291885e-06, -2.396423534050641e-06, -4.018925272223688e-06] - [0.2083198821988218, 0.33332226056289826, -0.04167393484329517, -1.3194727944841774e-05] - [0.16666177994964318, 0.66666253268318, 0.1666636790170073, -4.814942717335416e-06] - [-1.2874246492178735e-06, -1.1491430717339193e-06, -1.010777615661654e-06, -1.2863225043115042e-06]
A2: [0.16667833678038926, -0.1666547256935477, 1.2094210165423892e-05, 1.1658006100057812e-05] - [0.16669445681385428, 0.33336168521449194, 2.8503130955212733e-05, 2.7742698942746473e-05] - [0.1666673801621378, 0.8333340097880416, 5.561567026295061e-07, 7.018797086745504e-07] - [3.661867117785346e-06, 3.7737599250108805e-06, 3.8751563211495835e-06, 3.661865125276589e-06]
B1: 0.16664683145367243 - 0.6666469096572525 - 0.1666862829266723 - -1.2975511000016e-05
B2: 0.16664101188916844 - 0.6666317525733585 - 0.166626797415825 - -2.535529291936963e-05
