Number: 876
Error: 7.709669880542931e-06
A1: [9.794014498745073e-07, 9.434188945896309e-07, 1.3175459303109103e-06, 1.0489160182115225e-06] - [0.2083446931557809, 0.3333437557291909, -0.04165534688394697, 1.166519365866592e-05] - [0.16666846673924055, 0.666668351189076, 0.1666687419643326, 1.8855421572961824e-06] - [-1.6580674556110386e-06, -1.4800574327907182e-06, -1.3019437245437528e-06, -1.6566486526904602e-06]
A2: [0.16665062650304766, -0.1666832639464227, -1.72173821003233e-05, -1.605575767842665e-05] - [0.16658214797722473, 0.33324598907094105, -9.035477002466896e-05, -8.457980784652345e-05] - [0.16663850078705195, 0.8333042511963881, -3.0022257603217337e-05, -2.818084391751873e-05] - [4.7055217255540485e-06, 4.849315261119273e-06, 4.979621804725698e-06, 4.705519317380319e-06]
B1: 0.16671018997136347 - 0.6666205253363514 - 0.16658138431597996 - 5.147598628526256e-05
B2: 0.1667029705423414 - 0.666713696157978 - 0.1667266993377075 - 3.668784105848014e-05
