Number: 1771
Error: 3.594643836979001e-06
A1: [-7.866460426687998e-06, -7.3687758494512395e-06, -6.040482102782391e-06, -7.716744144776695e-06] - [0.20831011227178087, 0.3333110693566893, -0.04168425778471547, -2.256143416054896e-05] - [0.16665708116565936, 0.6666577023089442, 0.1666593486859205, -9.400787854921413e-06] - [-3.3615655345530196e-06, -3.000965423821778e-06, -2.6401910311927795e-06, -3.3586949372517935e-06]
A2: [0.166684609961526, -0.16664819740485648, 1.8723305166125358e-05, 1.791170066442506e-05] - [0.1666945430349461, 0.33336198227532515, 2.8476375604330763e-05, 2.775250934589295e-05] - [0.16665871296180942, 0.8333251170910665, -8.668038011682051e-06, -7.984039333383329e-06] - [9.512704840521602e-06, 9.803438511687918e-06, 1.006691736642882e-05, 9.512701579831124e-06]
B1: 0.16663599304804327 - 0.6666063310916422 - 0.16667888380145968 - -1.2994215919805965e-05
B2: 0.16662818044057603 - 0.6666114943953015 - 0.16660195231550565 - -3.7714550770751826e-05
