Number: 2351
Error: 3.9141539020381245e-06
A1: [-9.884121185568185e-06, -9.484241346732912e-06, -7.98142038195361e-06, -9.685713088440333e-06] - [0.208304907514026, 0.3333051072036852, -0.04168975910703544, -2.755163817032644e-05] - [0.16665457928592564, 0.6666551301404687, 0.16665704227533554, -1.184257886452163e-05] - [-4.465145541760656e-06, -3.9862481070519e-06, -3.507148887222667e-06, -4.461337582615341e-06]
A2: [0.16668794469830991, -0.16664472679747463, 2.2247688109049743e-05, 2.1236068555678168e-05] - [0.1666945787528091, 0.33336213072293625, 2.8453057274622863e-05, 2.774756393964195e-05] - [0.16665409893260538, 0.8333203832070543, -1.3578193757870785e-05, -1.2608031758388161e-05] - [1.2625489312915846e-05, 1.301136969096727e-05, 1.3361086731966694e-05, 1.2625486459620963e-05]
B1: 0.16663009762022407 - 0.6665846056272741 - 0.16667480608048013 - -1.3132643334187093e-05
B2: 0.16662150672765774 - 0.6666008633690833 - 0.16658887428820107 - -4.413699066358305e-05
