Number: 2489
Error: 3.989820138206737e-06
A1: [-1.0356385998628216e-05, -9.979338448383945e-06, -8.434556267545272e-06, -1.0146400515534052e-05] - [0.20830370052779643, 0.33330372176922246, -0.04169103314322527, -2.8707606565322267e-05] - [0.16665399189041877, 0.6666545264623163, 0.16665650226498108, -1.2415685850246203e-05] - [-4.727712856298287e-06, -4.22066919257824e-06, -3.7134192844745883e-06, -4.723682238252392e-06]
A2: [0.1666887385894127, -0.1666439006457732, 2.308656611730313e-05, 2.202749252891346e-05] - [0.16669458741460547, 0.33336216603366153, 2.8447321816942432e-05, 2.774655000549742e-05] - [0.16665300070195538, 0.8333192564387911, -1.4746924258371515e-05, -1.3708633309538792e-05] - [1.336606272281249e-05, 1.3774579706200597e-05, 1.414481464955451e-05, 1.3366060077500136e-05]
B1: 0.16662867116219435 - 0.6665794115298282 - 0.16667380950045346 - -1.3189394962237827e-05
B2: 0.16661989554693263 - 0.6665983349020879 - 0.1665857892268341 - -4.5688381703038873e-05
