Number: 2956
Error: 6.556824057986147e-06
A1: [-6.261631169320404e-06, -6.648368044452636e-06, -5.648313660720368e-06, -6.017485196173427e-06] - [0.2083260095114512, 0.333322355650342, -0.04167509442549042, -6.2489706626971025e-06] - [0.16665948824516968, 0.6666591207546935, 0.16666046478851235, -6.87744393060085e-06] - [-5.616827021750299e-06, -5.014461167375919e-06, -4.41188001461868e-06, -5.61204345670692e-06]
A2: [0.16666258911413537, -0.16667081399885922, -4.574683535081987e-06, -4.130355840082317e-06] - [0.16658228830967417, 0.3332465338473111, -9.042647355384184e-05, -8.458539440943236e-05] - [0.16662195634853855, 0.8332872769374847, -4.762881304725895e-05, -4.476103408508154e-05] - [1.5869123232347802e-05, 1.6354147765643572e-05, 1.679373148226005e-05, 1.5869121608311715e-05]
B1: 0.16668917551743023 - 0.6665427479013978 - 0.16656690696465035 - 5.110806465238327e-05
B2: 0.16667890725738788 - 0.6666754267368253 - 0.16667964351797773 - 1.3526247815896295e-05
