Number: 1997
Error: 3.7193768445478395e-06
A1: [-8.633019897447368e-06, -8.172341716103326e-06, -6.774937258440197e-06, -8.464349067212698e-06] - [0.20830816330178067, 0.33330882971423037, -0.0416863134083817, -2.4426877072625898e-05] - [0.16665612613461675, 0.6666567210066225, 0.1666584720583857, -1.0332423285496045e-05] - [-3.7915906321654824e-06, -3.3848958836066064e-06, -2.978014451308035e-06, -3.7883544863040356e-06]
A2: [0.16668591336664998, -0.16664684122263634, 2.0100264464774567e-05, 1.9211065342433165e-05] - [0.1666945681893486, 0.33336205091540305, 2.8477615487526185e-05, 2.776181889944845e-05] - [0.1666569167035632, 0.8333232740767191, -1.0579795420606847e-05, -9.784179702908658e-06] - [1.0725647847198449e-05, 1.1053456950960034e-05, 1.1350539290384616e-05, 1.0725644655457672e-05]
B1: 0.16663363094909295 - 0.6665978053901193 - 0.16667723947354754 - -1.3113092515658134e-05
B2: 0.16662550955491118 - 0.6666073427516555 - 0.16659691179800162 - -4.028752233040052e-05
