Number: 1101
Error: 3.221893495966465e-06
A1: [-5.527421660667285e-06, -4.9163700669618725e-06, -3.7893213188291664e-06, -5.43396435103819e-06] - [0.2083161576414491, 0.33331799117064254, -0.041677866842999234, -1.6763951576902817e-05] - [0.16665997953184472, 0.6666606822562656, 0.1666620219776136, -6.571850019731414e-06] - [-2.086660703187143e-06, -1.8627154101472024e-06, -1.6386453300934046e-06, -2.084876060989333e-06]
A2: [0.16668075400107654, -0.16665221034920222, 1.4648221610148908e-05, 1.4067718100200505e-05] - [0.16669448669452935, 0.333361795736664, 2.848829437534516e-05, 2.7743137961919566e-05] - [0.1666640389012738, 0.8333305815165214, -2.999961172534589e-06, -2.6465931236390753e-06] - [5.916465938194946e-06, 6.097274670349766e-06, 6.26112708711013e-06, 5.916463145752621e-06]
B1: 0.16664273070080715 - 0.6666313439302692 - 0.16668349716345737 - -1.2907209620025483e-05
B2: 0.16663593693463272 - 0.6666238474285797 - 0.1666171584119714 - -3.024830452541065e-05
