Number: 479
Error: 2.8675361974563326e-06
A1: [-3.3837342923358212e-06, -2.669588354733062e-06, -1.731538611648767e-06, -3.3424818432687323e-06] - [0.2083216563208689, 0.3333242949640042, -0.041672064481014265, -1.1495298171381795e-05] - [0.1666626414092297, 0.6666634177692642, 0.16666447066053877, -3.974406338955598e-06] - [-9.03020545902489e-07, -8.05938689203225e-07, -7.087954608034131e-07, -9.022471490262586e-07]
A2: [0.16667717825985184, -0.16665593123825415, 1.0870227140740203e-05, 1.0503096923369495e-05] - [0.16669446071354022, 0.3333616509605911, 2.852975080001863e-05, 2.7760758222640847e-05] - [0.16666899218122683, 0.8333356638002934, 2.2717872612205956e-06, 2.3173670809675395e-06] - [2.5774374620335936e-06, 2.6561825991433884e-06, 2.7275393531450418e-06, 2.5774359875641962e-06]
B1: 0.16664865945779592 - 0.6666542674397552 - 0.16668750951551126 - -1.3152531157818384e-05
B2: 0.1666435953630356 - 0.666635683201288 - 0.16663154663489746 - -2.28593238454606e-05
