Number: 2764
Error: 6.661822369993532e-06
A1: [-5.606734530334804e-06, -5.961837419039308e-06, -5.020294654382225e-06, -5.378693863611129e-06] - [0.20832767988597964, 0.333324273798182, -0.04167333176885536, -4.649569118081728e-06] - [0.16666030340442595, 0.666659958423784, 0.166661213738035, -6.082161366852552e-06] - [-5.251434939254109e-06, -4.688239662408674e-06, -4.124831756399148e-06, -5.246960617320307e-06]
A2: [0.16666148530814923, -0.16667196268105866, -5.7410511648899126e-06, -5.2307271576059e-06] - [0.16658227954620133, 0.33324648800888607, -9.041514808000462e-05, -8.458068676637235e-05] - [0.16662348530322163, 0.8332888455919911, -4.600176606867014e-05, -4.322877819405196e-05] - [1.4838821864935046e-05, 1.529235411151893e-05, 1.5703391838374348e-05, 1.4838819762428584e-05]
B1: 0.16669116522867747 - 0.6665499823212474 - 0.1665683042459674 - 5.119211972865526e-05
B2: 0.1666811529182455 - 0.6666789418205031 - 0.16668392547733699 - 1.568866763714273e-05
