Number: 2624
Error: 6.7385846809673104e-06
A1: [-5.108228607470235e-06, -5.439085708316097e-06, -4.53902998279345e-06, -4.891951690275181e-06] - [0.20832898235565983, 0.3333257616815715, -0.04167195252374818, -3.3989319666401798e-06] - [0.16666091899200064, 0.6666605916151509, 0.16666178342546537, -5.481087926232796e-06] - [-4.985004910634078e-06, -4.450371929391373e-06, -3.9155292374596535e-06, -4.980756244970291e-06]
A2: [0.1666606836048508, -0.16667279728499146, -6.588737155498659e-06, -6.029926014063165e-06] - [0.16658228087896584, 0.33324646183853474, -9.040012763009759e-05, -8.45695315475093e-05] - [0.16662460085677513, 0.8332899900366285, -4.4814803331472464e-05, -4.211081764740162e-05] - [1.4087536180207271e-05, 1.4518104553348095e-05, 1.4908327171003378e-05, 1.4087533780859425e-05]
B1: 0.16669254850833043 - 0.6665551918123486 - 0.16656925931868646 - 5.1185781866482845e-05
B2: 0.16668271994089057 - 0.6666814998630711 - 0.16668711169294342 - 1.7194997568530018e-05
