Number: 495
Error: 2.876853298885322e-06
A1: [-3.426619768691986e-06, -2.7144163119260715e-06, -1.770795401185146e-06, -3.3840361510525284e-06] - [0.20832156429482426, 0.3333241850794295, -0.04167215861569943, -1.1581454444037526e-05] - [0.16666258535016132, 0.6666633605302739, 0.16666442151430125, -4.0288197604528755e-06] - [-9.334683855378755e-07, -8.331235086174672e-07, -7.32715407961234e-07, -9.326689370405477e-07]
A2: [0.16667727185141357, -0.16665583402932796, 1.0968784004104188e-05, 1.0596402349665563e-05] - [0.16669446483096026, 0.33336165780990434, 2.8531474526518612e-05, 2.7763753765061664e-05] - [0.1666688648750527, 0.8333355331299463, 2.136196643117789e-06, 2.189786117407551e-06] - [2.663328650348457e-06, 2.744699225217573e-06, 2.8184352279081485e-06, 2.663327131781542e-06]
B1: 0.1666484818185574 - 0.6666536528326236 - 0.16668738158355104 - -1.3171394525730281e-05
B2: 0.16664334435708605 - 0.6666353630581938 - 0.16663120131119943 - -2.3103396119839484e-05
