Number: 2640
Error: 6.729781934236312e-06
A1: [-5.174786207675141e-06, -5.508952790894624e-06, -4.604693963069635e-06, -4.9571556723632305e-06] - [0.2083287948912567, 0.33332555085863297, -0.04167215309830035, -3.580435672995872e-06] - [0.1666608389516053, 0.6666605090188906, 0.1666617075431141, -5.5594602758568686e-06] - [-5.015451493188246e-06, -4.477554091988844e-06, -3.939446605078727e-06, -5.011177033504974e-06]
A2: [0.16666077361027284, -0.1666727034384176, -6.493310255208738e-06, -5.940206810479851e-06] - [0.16658227652968527, 0.333246460846297, -9.040560236549181e-05, -8.457500337554395e-05] - [0.1666244728850943, 0.8332898587889562, -4.495088292177212e-05, -4.223906440620238e-05] - [1.4173398620421976e-05, 1.4606591459197728e-05, 1.4999192950922499e-05, 1.4173396252776332e-05]
B1: 0.16669242184888636 - 0.6665546265091529 - 0.16656917887775693 - 5.1217962617351886e-05
B2: 0.16668257351845994 - 0.6666812102926293 - 0.16668671880142055 - 1.705551005943725e-05
