Number: 973
Error: 3.1499958260899598e-06
A1: [-5.090276549533967e-06, -4.458150211645733e-06, -3.370134130343626e-06, -5.007558325040068e-06] - [0.20831727332620378, 0.33331927195009525, -0.0416766898351333, -1.5695587751807884e-05] - [0.1666605233816209, 0.6666612411055813, 0.16666252165060705, -6.041255626530438e-06] - [-1.843087055755653e-06, -1.6452487083867468e-06, -1.4472972198625524e-06, -1.8415102677828252e-06]
A2: [0.16668001579691744, -0.16665297844015464, 1.3868368004787288e-05, 1.333180233471897e-05] - [0.16669447239885948, 0.33336175687707187, 2.8487667125393637e-05, 2.773781529194906e-05] - [0.16666505614203414, 0.8333316252641106, -1.917257933426271e-06, -1.6271542892221013e-06] - [5.229374021289291e-06, 5.389180563442579e-06, 5.533999177842525e-06, 5.22937143194045e-06]
B1: 0.16664402393087752 - 0.6666361280231404 - 0.1666843832805648 - -1.2884542894491915e-05
B2: 0.16663747692209072 - 0.6666262350472351 - 0.16662005880985048 - -2.8763768129817818e-05
