Number: 2825
Error: 4.173608589971325e-06
A1: [-1.1538503632121328e-05, -1.1218857713190743e-05, -9.573722290030786e-06, -1.130029950689085e-05] - [0.20830063183391023, 0.3333002112914868, -0.041694279698580805, -3.1651960383459e-05] - [0.16665252911985895, 0.66665302221421, 0.16665515119365873, -1.3843637207025073e-05] - [-5.366987794156876e-06, -4.791413296442432e-06, -4.215625034399462e-06, -5.362415646194891e-06]
A2: [0.1666906646336491, -0.1666418957843309, 2.5122702400666816e-05, 2.3947530098269e-05] - [0.166694588788483, 0.33336223300699774, 2.8415124575825545e-05, 2.772436578322376e-05] - [0.16665032377198213, 0.833316510112914, -1.7595325533167483e-05, -1.6391336151399494e-05] - [1.5169134199051872e-05, 1.5632764255901476e-05, 1.605295508639643e-05, 1.516913223868014e-05]
B1: 0.16662530756813212 - 0.6665668659928381 - 0.16667147507265054 - -1.3218027891796004e-05
B2: 0.16661608746195722 - 0.6665921928334609 - 0.1665781858255822 - -4.935089913021079e-05
