Number: 1794
Error: 7.19619264771212e-06
A1: [-2.224446738941065e-06, -2.415580149358139e-06, -1.765521595003129e-06, -2.077846974275037e-06] - [0.20833641534747638, 0.3333342776739362, -0.0416640968860217, 3.727034390149572e-06] - [0.16666449613427972, 0.6666642690459776, 0.1666650802503689, -1.9899318351010296e-06] - [-3.405355400555354e-06, -3.040055962881532e-06, -2.6745810190223304e-06, -3.4024475722515544e-06]
A2: [0.16665591128467255, -0.16667776406572524, -1.1632431497505068e-05, -1.078739831936148e-05] - [0.16658222989178634, 0.3332462493925059, -9.036664404322189e-05, -8.456228920755995e-05] - [0.16663120415870392, 0.8332967648176479, -3.778774185779733e-05, -3.549324801899596e-05] - [9.63307457337926e-06, 9.92748656933099e-06, 1.0194299217006623e-05, 9.633071316686476e-06]
B1: 0.1667010013418242 - 0.6665862989950629 - 0.166575112269733 - 5.1400024471702485e-05
B2: 0.1666922802449993 - 0.6666967118546478 - 0.16670581193340592 - 2.6395483525029552e-05
