Number: 2518
Error: 6.796756206419126e-06
A1: [-4.745158286390134e-06, -5.058464934447772e-06, -4.190628248821508e-06, -4.5377745594458245e-06] - [0.20832991062187375, 0.3333268270808516, -0.041670972631219605, -2.5098552644562304e-06] - [0.16666137055684183, 0.6666610556927155, 0.16666219860453965, -5.0404987013774435e-06] - [-4.783272587691087e-06, -4.270265147003234e-06, -3.757050751217588e-06, -4.779194876869455e-06]
A2: [0.16666007391753893, -0.16667343176171787, -7.2329908621321525e-06, -6.637717097395317e-06] - [0.16658227461943212, 0.33324643507555585, -9.039536445917797e-05, -8.456835418436723e-05] - [0.16662544453115707, 0.8332908556245158, -4.391698210620039e-05, -4.1265320902018966e-05] - [1.3518692555778132e-05, 1.393187354943071e-05, 1.430633594504367e-05, 1.3518689960918594e-05]
B1: 0.16669364360114047 - 0.6665591811611276 - 0.16657002466856322 - 5.1228763606171274e-05
B2: 0.16668395626117835 - 0.6666834417117675 - 0.16668948188238486 - 1.8385363173892456e-05
