Number: 1364
Error: 7.435376881354279e-06
A1: [-7.16805736118074e-07, -8.348093732824068e-07, -3.135388639603385e-07, -6.063191920882597e-07] - [0.20834032088655663, 0.3333387472483701, -0.041659966497248714, 7.473453757174922e-06] - [0.16666636309439373, 0.6666661887061216, 0.16666680344310025, -1.6753688854664845e-07] - [-2.586932124761446e-06, -2.3093606181532002e-06, -2.0316427586461346e-06, -2.5847209721977062e-06]
A2: [0.1666534370964316, -0.16668033910561184, -1.4247419717342605e-05, -1.3253894236553533e-05] - [0.16658219424756895, 0.3332461298611319, -9.03589976085129e-05, -8.456776880786769e-05] - [0.16663462214052743, 0.8333002716197301, -3.415026135329286e-05, -3.2067876072417074e-05] - [7.325065093972573e-06, 7.548929319575833e-06, 7.751802675093405e-06, 7.3250620008513755e-06]
B1: 0.16670532741052532 - 0.6666023531069124 - 0.16657807297517144 - 5.145765977573358e-05
B2: 0.16669721913108432 - 0.6667046209312398 - 0.1667155726392008 - 3.114796805894059e-05
