Number: 2805
Error: 4.16268794885099e-06
A1: [-1.1467285800459916e-05, -1.1144175179623791e-05, -9.504965087507237e-06, -1.123076214721754e-05] - [0.2083008179341365, 0.3333004238818749, -0.04169408262403351, -3.147326457791311e-05] - [0.1666526170521257, 0.6666531126639547, 0.1666552325746275, -1.3757778280550482e-05] - [-5.328936459659717e-06, -4.757441200782526e-06, -4.185732493083612e-06, -5.324396522052421e-06]
A2: [0.1666905501881097, -0.16664201492850608, 2.5001688931123544e-05, 2.3833442091522224e-05] - [0.16669458929280126, 0.3333622295875431, 2.8417587581442658e-05, 2.7726272373496043e-05] - [0.16665048320754655, 0.8333166736768464, -1.742568819848241e-05, -1.6231556951405094e-05] - [1.506181127170065e-05, 1.5522160879881165e-05, 1.59393781810469e-05, 1.5061809263465898e-05]
B1: 0.16662550487736158 - 0.6665676101177798 - 0.16667161167997652 - -1.3219228043965815e-05
B2: 0.16661631100075738 - 0.6665925579630431 - 0.16657864074974243 - -4.9136024884494474e-05
