Number: 1473
Error: 3.4294502509963823e-06
A1: [-6.824166642955548e-06, -6.275926738724266e-06, -5.03700676444167e-06, -6.699474408891425e-06] - [0.20831280902963764, 0.3333141564696926, -0.04168140625026304, -1.99749370091843e-05] - [0.1666583722866553, 0.6666590298477949, 0.1666605399700777, -8.140547845392705e-06] - [-2.7945289579403688e-06, -2.494709636456296e-06, -2.1947356867061044e-06, -2.792140949177132e-06]
A2: [0.1666828956071337, -0.1666499816113898, 1.69114291043003e-05, 1.6202673723604864e-05] - [0.16669451995009496, 0.3333619011799093, 2.848344535620163e-05, 2.7750315647714967e-05] - [0.16666108215121972, 0.8333275478555918, -6.146713260898344e-06, -5.609731688844025e-06] - [7.913240555637444e-06, 8.155084080830244e-06, 8.374252312295578e-06, 7.913237379261369e-06]
B1: 0.16663899852865174 - 0.6666174657853401 - 0.16668094641289385 - -1.2946757917156994e-05
B2: 0.16663160662363075 - 0.6666169712284217 - 0.1666087047399685 - -3.441746425815836e-05
