Number: 2440
Error: 6.839644663185528e-06
A1: [-4.462618577054569e-06, -4.762146624229878e-06, -3.917154876521066e-06, -4.2617936847483654e-06] - [0.20833065561335712, 0.33332767646007777, -0.041670182695852966, -1.7937607824056516e-06] - [0.16666171837921198, 0.6666614135951939, 0.1666625213966353, -4.70076772773759e-06] - [-4.63483092826292e-06, -4.1377368814628515e-06, -3.640438208424661e-06, -4.6308790637365536e-06]
A2: [0.16665962776915708, -0.16667389628173887, -7.704842010621769e-06, -7.082470145483665e-06] - [0.16658227634386713, 0.33324642136894567, -9.038623341363857e-05, -8.456115739621621e-05] - [0.16662606601903313, 0.8332914931958613, -4.325573572937088e-05, -4.064249208490502e-05] - [1.3100101828213521e-05, 1.3500488112267762e-05, 1.3863353271498908e-05, 1.3100099105543855e-05]
B1: 0.1666943994183127 - 0.666562068613504 - 0.16657054160762225 - 5.121033807296077e-05
B2: 0.16668481382995426 - 0.6666848663808769 - 0.16669127231606448 - 1.920911856216006e-05
