Number: 2922
Error: 6.5753878625199825e-06
A1: [-6.150154919851803e-06, -6.5315424225222255e-06, -5.542101712537073e-06, -5.908856599067665e-06] - [0.20832628720181254, 0.33332267620087463, -0.041674802425450456, -5.983831043374599e-06] - [0.16665962805366402, 0.666659264294344, 0.16666059236283462, -6.741150871274403e-06] - [-5.552121290984532e-06, -4.9566918061143855e-06, -4.361047383497514e-06, -5.547392469208045e-06]
A2: [0.1666623929265332, -0.16667101809525708, -4.781871846287212e-06, -4.325935218372417e-06] - [0.16658228492765684, 0.3332465240000029, -9.042609300299265e-05, -8.45863908870746e-05] - [0.16662222690962716, 0.8332875545407985, -4.7340856675584e-05, -4.4489888391260676e-05] - [1.5686676875040882e-05, 1.616612473286441e-05, 1.660065346506721e-05, 1.5686675160246218e-05]
B1: 0.1666895425744567 - 0.6665440431665625 - 0.1665671680410697 - 5.1137676090109294e-05
B2: 0.16667932005491642 - 0.666676050313673 - 0.1666803881115391 - 1.3924303945980808e-05
