Number: 603
Error: 2.93946178627241e-06
A1: [-3.7936701481752227e-06, -3.0989809711666817e-06, -2.1221558196941313e-06, -3.7420268260886492e-06] - [0.2083206306021576, 0.3333231131229167, -0.041673141972895664, -1.247522683368936e-05] - [0.1666621285040223, 0.6666628912755712, 0.1666640024426947, -4.4744827617795944e-06] - [-1.1389918985693195e-06, -1.0166195789774163e-06, -8.94171847043422e-07, -1.138016656365634e-06]
A2: [0.16667789149004653, -0.16665518929048204, 1.162333877269235e-05, 1.1214110128868327e-05] - [0.16669446272491145, 0.3333616759794548, 2.8516973821562434e-05, 2.775407716576196e-05] - [0.1666680027622129, 0.8333346485450932, 1.218647642173842e-06, 1.3258189416355526e-06] - [3.243125221519599e-06, 3.3422183967980408e-06, 3.4320152279288786e-06, 3.243123419095289e-06]
B1: 0.16664750464912134 - 0.6666497183603414 - 0.16668672440260024 - -1.307658852247146e-05
B2: 0.1666419407264605 - 0.6666332507138198 - 0.16662866352656427 - -2.4460241231732865e-05
