Number: 1965
Error: 3.7017362642223977e-06
A1: [-8.52384768720649e-06, -8.05789393463077e-06, -6.670239193519837e-06, -8.35786126637661e-06] - [0.2083084418126945, 0.33330914952655727, -0.041686019507219965, -2.416019537849897e-05] - [0.16665626200001868, 0.6666568606280622, 0.166658596895143, -1.019987109265269e-05] - [-3.730702737070279e-06, -3.3305346738724406e-06, -2.9301815520294805e-06, -3.7275183270642788e-06]
A2: [0.16668572897055858, -0.1666470330969809, 1.9905442403145734e-05, 1.9027241344328382e-05] - [0.1666945650929101, 0.333362041647096, 2.847787481426906e-05, 2.7760965989840274e-05] - [0.16665717111835096, 0.8333235351099769, -1.030903061299102e-05, -9.529215220208408e-06] - [1.0553906547642097e-05, 1.0876466125715978e-05, 1.116879048723884e-05, 1.0553903339168921e-05]
B1: 0.16663396336610953 - 0.6665990107508 - 0.16667747071649777 - -1.3098299234127578e-05
B2: 0.1666258852475014 - 0.6666079300846488 - 0.1665976270741757 - -3.9925693630585174e-05
