Number: 300
Error: 8.044232284136466e-06
A1: [2.9289078624368826e-06, 2.9858479356457595e-06, 3.1823930208341063e-06, 2.9501106413553217e-06] - [0.2083496394925905, 0.33334943758902763, -0.04165013946616983, 1.6398648770656014e-05] - [0.16667089537254745, 0.6666708454694878, 0.16667096806344536, 4.254538410302655e-06] - [-5.616222065741547e-07, -5.011283206412806e-07, -4.4059481268182456e-07, -5.611410814252774e-07]
A2: [0.1666473196308594, -0.16668670465370547, -2.071035912692789e-05, -1.9352325618120487e-05] - [0.166582152572017, 0.33324588556539714, -9.028380794005575e-05, -8.453481161533026e-05] - [0.16664309778784536, 0.8333089680414547, -2.5129564886244066e-05, -2.3573947086114326e-05] - [1.613343824945691e-06, 1.6626192930378858e-06, 1.7072700020659298e-06, 1.6133428807539146e-06]
B1: 0.1667154348344531 - 0.6666415392906588 - 0.166584915430604 - 5.100352986344796e-05
B2: 0.16671048620834222 - 0.6667249660170166 - 0.1667402102078966 - 4.395382983123834e-05
