Number: 308
Error: 8.039390548886566e-06
A1: [2.8953837332579364e-06, 2.9506883577678663e-06, 3.149355254217355e-06, 2.917263685094426e-06] - [0.2083495448713276, 0.3333493313586739, -0.04165024049975046, 1.630700898150363e-05] - [0.1666708551467921, 0.6666708039810048, 0.166670929949111, 4.215147186242752e-06] - [-5.76850464003872e-07, -5.147243461480017e-07, -4.525576072981783e-07, -5.763562968155831e-07]
A2: [0.1666473640356501, -0.1666866583462508, -2.0663277968436953e-05, -1.930806394142304e-05] - [0.1665821478739824, 0.3332458824700546, -9.028921294773612e-05, -8.454007075928286e-05] - [0.1666430331477026, 0.8333089017436194, -2.519829601378406e-05, -2.363872466080703e-05] - [1.6562920902738576e-06, 1.7068803480165453e-06, 1.7527207257488727e-06, 1.6562911212707988e-06]
B1: 0.16671539568611024 - 0.6666412787697215 - 0.16658489537953283 - 5.1043797299268144e-05
B2: 0.16671039389230274 - 0.666724801547686 - 0.16673999354680547 - 4.386498118483169e-05
