Number: 96
Error: 8.170509965609014e-06
A1: [3.606330627223538e-06, 3.6946772205693115e-06, 3.826820858432139e-06, 3.6104355305982883e-06] - [0.20835133678015966, 0.3333513895445305, -0.041648361380942744, 1.802059429554206e-05] - [0.16667174134673882, 0.6666717132872686, 0.1666717394856477, 5.079403909573776e-06] - [-1.7327069751673317e-07, -1.543977378419023e-07, -1.3551180481908817e-07, -1.7312237702504155e-07]
A2: [0.166646165381774, -0.16668790571862127, -2.1929395148774737e-05, -2.0502925281283767e-05] - [0.16658222808473164, 0.33324592496857575, -9.018062999892932e-05, -8.444499073951128e-05] - [0.16664474590521658, 0.8333106591077224, -2.3375768804283702e-05, -2.1922325308545283e-05] - [5.181620959638479e-07, 5.339612570519092e-07, 5.48275489375629e-07, 5.181618197531367e-07]
B1: 0.16671677928605563 - 0.6666485301616984 - 0.1665857756687076 - 5.032354358465927e-05
B2: 0.16671363168246978 - 0.6667293964151075 - 0.16674538539715067 - 4.7010878738591155e-05
