Number: 2720
Error: 6.685970393324106e-06
A1: [-5.435683914344357e-06, -5.78235919699189e-06, -4.8530479240939586e-06, -5.211354177888676e-06] - [0.2083281471475272, 0.3333248025845449, -0.04167283387501737, -4.198653179909462e-06] - [0.16666051140484914, 0.6666601727726968, 0.16666140894434206, -5.878736392689882e-06] - [-5.167704455781277e-06, -4.613486133572589e-06, -4.059056010720628e-06, -5.163301034600543e-06]
A2: [0.16666123583964718, -0.16667222261113887, -6.005220549342845e-06, -5.479408555502434e-06] - [0.16658228652232038, 0.3332464860209439, -9.040452783184024e-05, -8.45706235861328e-05] - [0.16662383669008404, 0.8332892060202318, -4.562801587260551e-05, -4.287663483770083e-05] - [1.4602705368362715e-05, 1.5049020483131883e-05, 1.545351636660223e-05, 1.460270316784835e-05]
B1: 0.16669155254326654 - 0.6665515743899262 - 0.16656856145185547 - 5.114266038020605e-05
B2: 0.16668159629655102 - 0.6666797414935055 - 0.16668496986924292 - 1.611297312755167e-05
