Number: 856
Error: 7.721024269013302e-06
A1: [1.0507440652773423e-06, 1.0182178315591932e-06, 1.3864088964317184e-06, 1.1185776689003338e-06] - [0.20834487967845125, 0.33334396870951766, -0.04165514945821677, 1.1844310488901795e-05] - [0.1666685547895844, 0.6666684417475688, 0.1666688234402345, 1.9715182897334122e-06] - [-1.619998431912244e-06, -1.4460688328675636e-06, -1.2720375178706466e-06, -1.6186121412727469e-06]
A2: [0.1666505117444541, -0.1666833833980414, -1.7338694799186283e-05, -1.617015848681895e-05] - [0.1665821474130222, 0.33324598461138716, -9.035331155952912e-05, -8.457896917340314e-05] - [0.16663865998166644, 0.8333044145273588, -2.9852844499809202e-05, -2.802130565918473e-05] - [4.598158626139086e-06, 4.738670423444797e-06, 4.866002854402252e-06, 4.598156257223415e-06]
B1: 0.16671037778559344 - 0.6666212593373542 - 0.16658150994808885 - 5.146526196846966e-05
B2: 0.16670320476499115 - 0.666714072251993 - 0.16672716544921223 - 3.69133943875023e-05
