Number: 1908
Error: 7.133053090722513e-06
A1: [-2.620855025264351e-06, -2.831196769540184e-06, -2.146816516388481e-06, -2.4646844781932185e-06] - [0.2083353931544282, 0.3333331066665274, -0.041665177253572584, 2.7470132359332465e-06] - [0.16666400449210605, 0.6666637636131673, 0.16666462708186944, -2.469762798696562e-06] - [-3.622327238183457e-06, -3.2337698222073895e-06, -2.8450304838761235e-06, -3.61923494202461e-06]
A2: [0.1666565673952401, -0.16667708124294836, -1.093904328146775e-05, -1.0133327106465273e-05] - [0.1665822393511287, 0.33324628103230525, -9.036878238742499e-05, -8.456082728134135e-05] - [0.16663029781823366, 0.8332958349243736, -3.87522859925339e-05, -3.6401547911714296e-05] - [1.0244933949028558e-05, 1.0558048291678005e-05, 1.0841811833339762e-05, 1.0244930718517415e-05]
B1: 0.16669984068845164 - 0.6665820285568725 - 0.1665743124636092 - 5.137097091816732e-05
B2: 0.16669096489136964 - 0.6666946192706533 - 0.16670323921482053 - 2.5129549295828355e-05
