Number: 1945
Error: 3.6907008490492656e-06
A1: [-8.452619208161155e-06, -7.983199936494748e-06, -6.601470581918627e-06, -8.288313419182376e-06] - [0.20830862794723104, 0.3333093621522289, -0.04168582239864559, -2.3981465673524253e-05] - [0.16665634994294184, 0.6666569510885962, 0.16665867828520464, -1.0114001833657461e-05] - [-3.6926479616043494e-06, -3.2965591717993057e-06, -2.90028636101114e-06, -3.6894958901120427e-06]
A2: [0.16668561422291808, -0.16664715254385792, 1.978412646511932e-05, 1.891285124013516e-05] - [0.16669456445192418, 0.3333620370820721, 2.847919397772735e-05, 2.776172711906199e-05] - [0.16665733027225874, 0.8333236983923703, -1.0139674627957944e-05, -9.36971777683314e-06] - [1.0446566119094504e-05, 1.0765844681425814e-05, 1.1055195258525006e-05, 1.044656290132341e-05]
B1: 0.16663416132469944 - 0.6665997547142609 - 0.16667760626745776 - -1.3098864281292627e-05
B2: 0.16662610986136073 - 0.6666082963120817 - 0.16659808311994234 - -3.970974383580749e-05
