Number: 2220
Error: 6.960742755258099e-06
A1: [-3.703170140213366e-06, -3.965939703871415e-06, -3.187487499730482e-06, -3.520808936931714e-06] - [0.20833260596994482, 0.33332991276623225, -0.04166812253031665, 7.523514266339232e-08] - [0.1666626615583803, 0.6666623830783499, 0.16666338972073805, -3.7803748261889284e-06] - [-4.2161324931170525e-06, -3.7639218855204663e-06, -3.3115145962240906e-06, -4.212535833643872e-06]
A2: [0.16665836243678614, -0.1666752131156903, -9.042019631587743e-06, -8.343866939221408e-06] - [0.16658226237609272, 0.33324636471370944, -9.037759080742209e-05, -8.455969059198854e-05] - [0.16662781646253408, 0.8332932891044353, -4.139294419395021e-05, -3.8888266628700195e-05] - [1.1919428530305957e-05, 1.2283726049111036e-05, 1.261388052507818e-05, 1.1919425520682206e-05]
B1: 0.16669665536584358 - 0.6665703298271649 - 0.16657210955960725 - 5.128259810030191e-05
B2: 0.16668736273067533 - 0.6666888979731003 - 0.16669621231631937 - 2.1662644232318137e-05
