Number: 255
Error: 2.7342559354109814e-06
A1: [-2.637821961686193e-06, -1.8885495395741384e-06, -1.0205694982482968e-06, -2.6153453414003046e-06] - [0.20832353006294557, 0.3333264507394174, -0.04167009720824836, -9.704293300166791e-06] - [0.16666357296722614, 0.6666643739001492, 0.1666653215402125, -3.066028215853847e-06] - [-4.767462754655694e-07, -4.2534997046660174e-07, -3.7391955756461155e-07, -4.7633783485450835e-07]
A2: [0.16667589870576963, -0.166657262516323, 9.51891230562546e-06, 9.227547688379978e-06] - [0.16669449267935277, 0.3333616420384461, 2.858968517878195e-05, 2.780842600064023e-05] - [0.16667078840014393, 0.833337506873348, 4.183454664279449e-06, 4.117431907188743e-06] - [1.3748429353673151e-06, 1.416828398702745e-06, 1.4548728095896194e-06, 1.3748421286692785e-06]
B1: 0.1666504935975131 - 0.6666622604745646 - 0.1666887302343744 - -1.3541536017891109e-05
B2: 0.16664675165848575 - 0.6666402597378777 - 0.16663695237398038 - -1.9800066863910127e-05
