Number: 2266
Error: 6.935358056743898e-06
A1: [-3.876563356166619e-06, -4.147838844604332e-06, -3.356293365867887e-06, -3.6903275458606714e-06] - [0.20833213936359066, 0.33332938306878646, -0.041668618698196394, -3.74303064529903e-07] - [0.16666244959330256, 0.6666621647850115, 0.16666319175125066, -3.987561312169824e-06] - [-4.303675449509679e-06, -3.842079894399738e-06, -3.38028582869024e-06, -4.3000044938133935e-06]
A2: [0.16665862458066036, -0.16667494007986705, -8.764600478035428e-06, -8.082545954152273e-06] - [0.1665822590477535, 0.33324637063610346, -9.038497961915783e-05, -8.456624611160384e-05] - [0.1666274497646983, 0.8332929129394845, -4.178305233846371e-05, -3.925575521204695e-05] - [1.2166300951257176e-05, 1.2538144421156635e-05, 1.2875138448500117e-05, 1.2166297992634312e-05]
B1: 0.16669623159201039 - 0.6665686484309739 - 0.166571825708415 - 5.1315456192429135e-05
B2: 0.16668687925016692 - 0.6666880589555563 - 0.1666951353413932 - 2.1199103800419714e-05
