Number: 2439
Error: 3.962402024636271e-06
A1: [-1.0178331127139884e-05, -9.792620941050907e-06, -8.262652095402893e-06, -9.972546986388889e-06] - [0.20830416581124378, 0.333304253279245, -0.04169054042390792, -2.8260834587085836e-05] - [0.16665421173150008, 0.6666547525972707, 0.16665670572630767, -1.2201028449297487e-05] - [-4.632580997777914e-06, -4.135735466692066e-06, -3.6386852146905745e-06, -4.6286310360288935e-06]
A2: [0.1666884521661222, -0.16664419881630982, 2.278372254246649e-05, 2.1741963073802033e-05] - [0.16669458750176877, 0.33336215631094035, 2.8452306841627673e-05, 2.775014268898771e-05] - [0.16665339900218798, 0.8333196650600171, -1.4323119375845199e-05, -1.3309474090071966e-05] - [1.3097737570945785e-05, 1.349805285455753e-05, 1.3860853714728657e-05, 1.3097734845328129e-05]
B1: 0.16662916515553494 - 0.6665812717310377 - 0.16667414999050487 - -1.319168966006723e-05
B2: 0.16662045544380097 - 0.6665992487978005 - 0.16658692763190627 - -4.5150145733855186e-05
