Number: 1282
Error: 7.481204564067983e-06
A1: [-4.294571818339991e-07, -5.335314309295864e-07, -3.683787346988546e-08, -3.258573738692828e-07] - [0.20834106500802693, 0.33333959886402564, -0.04165917963231036, 8.187231657395508e-06] - [0.1666667189522907, 0.6666665545976466, 0.16666713185035095, 1.7982231478348325e-07] - [-2.430856364840209e-06, -2.170014424565468e-06, -1.9090325840120087e-06, -2.4287782252797814e-06]
A2: [0.16665296508201635, -0.1666808303466858, -1.4746272761659329e-05, -1.3724441739119417e-05] - [0.16658218682597611, 0.33324610646501035, -9.03581181929221e-05, -8.456943826933358e-05] - [0.16663527380906729, 0.8333009402314405, -3.3456724665019404e-05, -3.141479837533111e-05] - [6.884911989022266e-06, 7.095322236480403e-06, 7.286002214550122e-06, 6.884908974063326e-06]
B1: 0.1667061480617183 - 0.6666054099263947 - 0.16657863246677693 - 5.146431828652139e-05
B2: 0.16669816727045933 - 0.6667061349418476 - 0.16671743916648996 - 3.206056172014487e-05
