Number: 1566
Error: 7.322782016933717e-06
A1: [-1.4315716271966722e-06, -1.584289532556642e-06, -1.002877550858347e-06, -1.3041138226604675e-06] - [0.2083384599372742, 0.3333366198840464, -0.041661935969201834, 5.687279350258544e-06] - [0.16666547947090057, 0.6666652799618301, 0.16666598663137164, -1.0302183978175e-06] - [-2.971404012976807e-06, -2.6526206401945475e-06, -2.3336762427778805e-06, -2.968865412882806e-06]
A2: [0.16665459851064504, -0.16667913026278916, -1.3019756505585296e-05, -1.2096093629706368e-05] - [0.16658220891527173, 0.3332461840657566, -9.03644006897325e-05, -8.456727124597008e-05] - [0.16663301633884076, 0.8332986241065702, -3.585914822791886e-05, -3.367714926383596e-05] - [8.409316120297606e-06, 8.666322138550352e-06, 8.899232421373298e-06, 8.40931289867768e-06]
B1: 0.16670332044943753 - 0.666594836255181 - 0.1665767066556602 - 5.145590261758472e-05
B2: 0.16669491606419085 - 0.6667009022676793 - 0.1667109627452277 - 2.893246521948403e-05
