Number: 2835
Error: 4.179067158372232e-06
A1: [-1.1574111892766531e-05, -1.1256198366828103e-05, -9.60810032771979e-06, -1.133506753337116e-05] - [0.20830053878615798, 0.33330010499848906, -0.04169437823384248, -3.174130593064123e-05] - [0.1666524851542831, 0.666652976989859, 0.16665511050364393, -1.3886566115994525e-05] - [-5.386013433469587e-06, -4.808399316600732e-06, -4.230571283766519e-06, -5.381425181414375e-06]
A2: [0.1666907218560823, -0.16664183621254017, 2.5183208879740476e-05, 2.400457376521599e-05] - [0.16669458853570454, 0.3333622347162885, 2.841389281243546e-05, 2.7723411867410923e-05] - [0.16665024405412582, 0.8333164283309221, -1.768014418320448e-05, -1.647122582642379e-05] - [1.5222795507403368e-05, 1.5688065783506815e-05, 1.6109743376379656e-05, 1.5222793571310918e-05]
B1: 0.16662520885854581 - 0.6665664938756155 - 0.16667140671372258 - -1.3217482864108295e-05
B2: 0.16661597574536174 - 0.666592010323017 - 0.16657795841928502 - -4.945828344458218e-05
