Number: 2598
Error: 6.752819045043577e-06
A1: [-5.030025696221171e-06, -5.357187575415816e-06, -4.465643948022322e-06, -4.815919724575129e-06] - [0.20832916633126208, 0.3333259768389863, -0.041671760793189766, -3.2245270232433734e-06] - [0.16666101878569883, 0.6666606938621945, 0.16666187306307917, -5.383975847412184e-06] - [-4.935520489754774e-06, -4.406191708657852e-06, -3.876653849368831e-06, -4.931313751675372e-06]
A2: [0.1666605322235233, -0.16667295465500487, -6.748408845979038e-06, -6.180842224997709e-06] - [0.16658227457688635, 0.33324645074917963, -9.040322957940724e-05, -8.457400946205594e-05] - [0.16662480724866646, 0.8332902018327406, -4.459507007475282e-05, -4.190397875384448e-05] - [1.3948009786387129e-05, 1.4374313353708173e-05, 1.4760670260150041e-05, 1.3948007336743532e-05]
B1: 0.16669285276513504 - 0.6665562044269877 - 0.16656947959290316 - 5.1232003868972864e-05
B2: 0.1666830601277535 - 0.6666819792665655 - 0.16668766046575376 - 1.7523910965740655e-05
