Number: 2472
Error: 6.82206230023362e-06
A1: [-4.571773046885975e-06, -4.876574273649997e-06, -4.021830773681263e-06, -4.3682638177788685e-06] - [0.20833037720253458, 0.3333273567521128, -0.04167047648849281, -2.060342467913444e-06] - [0.16666158251393903, 0.6666612739780106, 0.16666239656715962, -4.833319975806129e-06] - [-4.695732107083983e-06, -4.192109592864829e-06, -3.688281465825855e-06, -4.691728605980749e-06]
A2: [0.16665981197470828, -0.1666737045961409, -7.510208815984206e-06, -6.898837041562647e-06] - [0.16658227870897524, 0.333246429914334, -9.038721582651776e-05, -8.456103735589028e-05] - [0.16662581141597815, 0.8332912319763148, -4.352668729193467e-05, -4.0897645266014976e-05] - [1.3271831983974751e-05, 1.3677467411114592e-05, 1.4045090429426756e-05, 1.3271829312108376e-05]
B1: 0.1666940670074304 - 0.6665608627275972 - 0.16657030928525413 - 5.1195547649882325e-05
B2: 0.16668443896665391 - 0.6666842799371451 - 0.16669055804793956 - 1.884812831552542e-05
