Number: 2313
Error: 3.89326941765129e-06
A1: [-9.744003068148585e-06, -9.337270233518778e-06, -7.845438386399153e-06, -9.548792632226527e-06] - [0.20830528044413568, 0.3333055315504145, -0.04168936315796483, -2.7192795390575933e-05] - [0.16665475121123627, 0.6666553071212338, 0.16665720229559605, -1.1674597883780277e-05] - [-4.392844882779589e-06, -3.9216981968778335e-06, -3.4503510941736395e-06, -4.38909825917149e-06]
A2: [0.16668772774551555, -0.1666449527187965, 2.2018172597740443e-05, 2.101979504160546e-05] - [0.16669458062165182, 0.33336212502981727, 2.8458429704956436e-05, 2.7752096794360072e-05] - [0.1666544018063565, 0.8333206939119491, -1.3255962995576884e-05, -1.2304505239447464e-05] - [1.2421554542198021e-05, 1.2801201391365544e-05, 1.314526839039711e-05, 1.2421551639119168e-05]
B1: 0.16663045746464944 - 0.6665860042646405 - 0.16667505018548115 - -1.314999531833382e-05
B2: 0.16662191624728548 - 0.6666015568758223 - 0.1665897541955526 - -4.3743931722910526e-05
