Number: 47
Error: 2.6044357345551935e-06
A1: [-2.0502897414920444e-06, -1.2749378424722794e-06, -4.785613500411105e-07, -2.045146961866111e-06] - [0.20832484507567253, 0.33332800149182074, -0.04166874764057996, -8.465699873755946e-06] - [0.16666433095558145, 0.6666651481907482, 0.16666599157912373, -2.3294619302575718e-06] - [-8.0924403625797e-08, -7.194667058898275e-08, -6.296257093706671e-08, -8.085526932167432e-08]
A2: [0.16667470880157403, -0.1666584991724099, 8.264937367756604e-06, 8.041363027856552e-06] - [0.1666945428586035, 0.3333616581416475, 2.8673585540419118e-05, 2.787318822589324e-05] - [0.16667246830645024, 0.8333392309550386, 5.971873314383528e-06, 5.800909897328126e-06] - [2.581188622446981e-07, 2.6596939003072776e-07, 2.7308055030051e-07, 2.581187494941923e-07]
B1: 0.166652081355237 - 0.6666696051881231 - 0.16668982416468664 - -1.4017487797946348e-05
B2: 0.16665040269595038 - 0.6666448986813981 - 0.16664201072881815 - -1.6239156552111462e-05
