Number: 1989
Error: 3.7150123913657676e-06
A1: [-8.623700158197357e-06, -8.162712652222002e-06, -6.768754741172209e-06, -8.455683202586884e-06] - [0.2083081605438856, 0.3333088332153816, -0.04168632044949407, -2.443252292914595e-05] - [0.16665614194048875, 0.6666567367310123, 0.16665848306658743, -1.0317428321805928e-05] - [-3.776367096119276e-06, -3.3713034543445953e-06, -2.9660535308843236e-06, -3.7731438852499634e-06]
A2: [0.16668586421426973, -0.16664689209272482, 2.0048817908046004e-05, 1.9162056118353285e-05] - [0.16669455944515754, 0.33336204102788153, 2.8470533651734527e-05, 2.775363610524071e-05] - [0.16665697938899193, 0.8333233384651257, -1.0512922339492024e-05, -9.7213567258751e-06] - [1.0682722138754905e-05, 1.1009219134404854e-05, 1.1305112223784093e-05, 1.0682718942646024e-05]
B1: 0.1666337729921922 - 0.6665981630338051 - 0.1666773509616842 - -1.3050405052373836e-05
B2: 0.16662566482380511 - 0.666607494904506 - 0.16659703681751487 - -4.0135724530326246e-05
