Number: 2791
Error: 4.15500189951572e-06
A1: [-1.1403053153836824e-05, -1.107670984222814e-05, -9.440840463205353e-06, -1.1167719617139027e-05] - [0.20830100611993252, 0.33330063386298586, -0.04169388025334924, -3.12903173665304e-05] - [0.1666526931334363, 0.6666531913236342, 0.1666553057018888, -1.3683162227878159e-05] - [-5.302302522630195e-06, -4.7336632260427585e-06, -4.164810710984219e-06, -5.297785131793812e-06]
A2: [0.16669047252486266, -0.16664209600209767, 2.4919178626558226e-05, 2.3756029009815743e-05] - [0.1666945960471966, 0.33336223327634834, 2.8425055752105447e-05, 2.7734007942462703e-05] - [0.1666505955535621, 0.8333167888742271, -1.730628069569981e-05, -1.6118970492111337e-05] - [1.4986677296070855e-05, 1.544473036852944e-05, 1.585986600394238e-05, 1.4986675254882204e-05]
B1: 0.16662559561421844 - 0.6665680857545687 - 0.16667166417517826 - -1.3267487942353643e-05
B2: 0.1666164185831836 - 0.6665928094836457 - 0.16657900242825655 - -4.9034503041443805e-05
