Number: 359
Error: 2.7967812728615586e-06
A1: [-2.9777509840336668e-06, -2.2443632927036297e-06, -1.3434266296175299e-06, -2.9465631381902485e-06] - [0.2083226860040671, 0.33332547742553703, -0.04167098131356795, -1.0509963361582022e-05] - [0.1666631469973249, 0.6666639369404231, 0.16666493386672201, -3.4812422253902145e-06] - [-6.746595616945719e-07, -6.020523897679247e-07, -5.293981381387105e-07, -6.740816224164014e-07]
A2: [0.16667649224071732, -0.16665664506064704, 1.0145577867876165e-05, 9.819223196642648e-06] - [0.16669447387450778, 0.33336164191540907, 2.855730021719032e-05, 2.7782330830452876e-05] - [0.16666995300817328, 0.8333366496708556, 3.294351470391483e-06, 3.280254326387738e-06] - [1.9331972924850944e-06, 1.9922499671501216e-06, 2.0457609440974238e-06, 1.9331961641668274e-06]
B1: 0.16664966833947273 - 0.6666585712492099 - 0.16668818084740555 - -1.3334671827522506e-05
B2: 0.1666452271516487 - 0.6666380960824579 - 0.16663442524586827 - -2.1279518971435403e-05
