Number: 326
Error: 8.028602437526829e-06
A1: [2.8499367876378016e-06, 2.9032427420604407e-06, 3.108364206122179e-06, 2.8733116727467977e-06] - [0.20834945272354524, 0.33334921986006616, -0.04165033353837159, 1.6221453983450695e-05] - [0.1666707949404732, 0.6666707426326095, 0.16667087789099516, 4.156789577441583e-06] - [-6.111177590754212e-07, -5.453193362854102e-07, -4.79478055812295e-07, -6.105942456567732e-07]
A2: [0.16664746915124656, -0.16668654920106438, -2.055265667761791e-05, -1.92032703546857e-05] - [0.1665821510100795, 0.33324588855181336, -9.028902452910688e-05, -8.453819716917371e-05] - [0.1666428893559237, 0.8333087541432463, -2.5351454856257113e-05, -2.3782825664223634e-05] - [1.7529253744853032e-06, 1.8064674223679996e-06, 1.8549845722404229e-06, 1.7529243501519065e-06]
B1: 0.16671520664068032 - 0.6666405963387133 - 0.1665847587061033 - 5.10333582545647e-05
B2: 0.1667100857981574 - 0.6667244245753698 - 0.16673959771520178 - 4.3564689934775914e-05
