Number: 400
Error: 7.984449500391817e-06
A1: [2.5941172095423716e-06, 2.6352946386875767e-06, 2.8630409244455793e-06, 2.623703986899908e-06] - [0.2083487959592582, 0.3333484678028288, -0.04165102543911482, 1.5592059380520756e-05] - [0.16667047765197143, 0.6666704167017803, 0.16667058620740952, 3.8471680371811e-06] - [-7.519844940146611e-07, -6.710883560695702e-07, -5.901403405300356e-07, -7.513403747589987e-07]
A2: [0.16664789042080613, -0.16668611075995868, -2.0107513833157794e-05, -1.878332460544844e-05] - [0.16658213694951063, 0.33324588822807144, -9.031187815533973e-05, -8.455744805291257e-05] - [0.16664229560819263, 0.8333081449459515, -2.598328782809456e-05, -2.437784466728735e-05] - [2.1501948481147134e-06, 2.2158801785646857e-06, 2.2754018028795423e-06, 2.150193602349533e-06]
B1: 0.16671463003130418 - 0.6666379841917489 - 0.1665843830442799 - 5.119122552252728e-05
B2: 0.16670907514321456 - 0.6667229154787135 - 0.16673778395002276 - 4.258611078234092e-05
