Number: 2019
Error: 3.731557914444889e-06
A1: [-8.730543016354378e-06, -8.274753620428441e-06, -6.871907535352848e-06, -8.560005125790955e-06] - [0.2083078813410916, 0.33330851427631103, -0.0416866161126803, -2.4700618507419344e-05] - [0.16665601002619262, 0.6666566010403884, 0.16665836098160425, -1.0446232148664016e-05] - [-3.833448925404825e-06, -3.4222663744581856e-06, -3.010896047685984e-06, -3.830177217865803e-06]
A2: [0.1666860363053515, -0.16664671295292727, 2.023076124122864e-05, 1.9333610896053717e-05] - [0.16669456029016927, 0.33336204775856737, 2.8468437892386616e-05, 2.7752377930991503e-05] - [0.16665674062933564, 0.8333230935126588, -1.0766985258007844e-05, -9.960631694098488e-06] - [1.0843731291317411e-05, 1.1175149762197761e-05, 1.1475503506330196e-05, 1.0843728112425098e-05]
B1: 0.16663347622732513 - 0.6665970471778782 - 0.16667714763356858 - -1.3049385775067385e-05
B2: 0.16662532791119034 - 0.66660694557097 - 0.16659635275607146 - -4.0459641029586875e-05
