Number: 2876
Error: 6.60051399172606e-06
A1: [-6.000741396943812e-06, -6.374970721562797e-06, -5.399968959526395e-06, -5.7632944504008706e-06] - [0.20832665723060842, 0.3333231038978272, -0.04167441367488962, -5.630777276986266e-06] - [0.16665981578380265, 0.66665945699245, 0.16666076338055677, -6.558175582000425e-06] - [-5.464577506429149e-06, -4.878532505929666e-06, -4.2922731321658735e-06, -5.4599227630141375e-06]
A2: [0.16666212722837084, -0.16667129448160709, -5.062428730804425e-06, -4.590810488552562e-06] - [0.1665822796225726, 0.33324650997955907, -9.042624213184508e-05, -8.45884684919083e-05] - [0.16662259286489708, 0.8332879300276989, -4.695135857535579e-05, -4.412314219562498e-05] - [1.5439835847084972e-05, 1.5911738729147126e-05, 1.63394283362918e-05, 1.5439834013643746e-05]
B1: 0.1666900437530546 - 0.6665457998777999 - 0.1665675252683927 - 5.1182313026565835e-05
B2: 0.16667988356236585 - 0.66667689460305 - 0.1666813914979806 - 1.4467867026038322e-05
