Number: 1803
Error: 3.612328934706405e-06
A1: [-7.975638905247336e-06, -7.4832299671513315e-06, -6.145186253659299e-06, -7.82323815385286e-06] - [0.20830983373936482, 0.3333107495233092, -0.04168455170566844, -2.2828137200252718e-05] - [0.16665694529453515, 0.6666575626819186, 0.16665922384437742, -9.53334565119666e-06] - [-3.4224545590879795e-06, -3.0553277456196765e-06, -2.688024762953241e-06, -3.4195321795151896e-06]
A2: [0.16668479445733023, -0.16664800543078415, 1.8918226694590065e-05, 1.8095624374263333e-05] - [0.16669454650656768, 0.3333619919180811, 2.847648937439408e-05, 2.77537374957987e-05] - [0.16665845863896292, 0.8333248561494948, -8.93871138809508e-06, -8.238911838639017e-06] - [9.684452498211231e-06, 9.98043590028081e-06, 1.024867282542297e-05, 9.68444924033632e-06]
B1: 0.16663566066523827 - 0.6666051260279396 - 0.16667865314863375 - -1.3008970049173009e-05
B2: 0.16662780416226028 - 0.6666109064625504 - 0.16660123642525346 - -3.8076965445319914e-05
