Number: 2258
Error: 6.939780144558599e-06
A1: [-3.843281917268849e-06, -4.112902574372017e-06, -3.3234587064381028e-06, -3.6577229442040485e-06] - [0.20833223310438453, 0.3333294884888316, -0.041668518402744444, -2.8354269224373054e-07] - [0.16666248961613125, 0.6666622060857662, 0.16666322969472946, -3.948372562868221e-06] - [-4.288451446009676e-06, -3.828488101940238e-06, -3.3683265587924438e-06, -4.2847934094451744e-06]
A2: [0.16665857952880173, -0.1666749870523524, -8.812363039815569e-06, -8.12745470270205e-06] - [0.16658226103688215, 0.3332463709468857, -9.038242709632946e-05, -8.456369573566539e-05] - [0.1666275137050516, 0.8332929785179116, -4.17150578691299e-05, -3.919167733688297e-05] - [1.212336671893792e-05, 1.2493897857696791e-05, 1.2829702403459032e-05, 1.2123363751115236e-05]
B1: 0.1666962949592874 - 0.6665689309896516 - 0.16657186569084198 - 5.129940094622545e-05
B2: 0.16668695269901174 - 0.6666882039842011 - 0.16669533203596196 - 2.1269085197533547e-05
