Number: 574
Error: 7.882555306750773e-06
A1: [2.0049175136448144e-06, 2.018083431176437e-06, 2.2995340838658505e-06, 2.0490988321336775e-06] - [0.20834730080621597, 0.3333467506770754, -0.0416525990249981, 1.416121534589059e-05] - [0.16666974381028668, 0.6666696630781187, 0.1666699136476649, 3.1313421543485856e-06] - [-1.0832066361804496e-06, -9.668107319221375e-07, -8.503427952061333e-07, -1.0822791172780449e-06]
A2: [0.16664888763603938, -0.16668507315876455, -1.9054161833841068e-05, -1.7789222116128813e-05] - [0.1665821283519395, 0.33324591210879495, -9.034085888923898e-05, -8.457825006872875e-05] - [0.16664090506767765, 0.8333067181575465, -2.746323640854745e-05, -2.5771374510157286e-05] - [3.0843038098997904e-06, 3.1785419118244665e-06, 3.2639388855345317e-06, 3.0843020850933927e-06]
B1: 0.16671310026832797 - 0.6666316851074268 - 0.16658335957349157 - 5.138853855427716e-05
B2: 0.16670676238532658 - 0.6667194681505383 - 0.16673365930349357 - 4.0348775579889944e-05
