Number: 2698
Error: 6.698017648779127e-06
A1: [-5.362141023072763e-06, -5.705275408527673e-06, -4.782752559975013e-06, -5.139655281666522e-06] - [0.20832833251215582, 0.33332501600178804, -0.041672638612859365, -4.0214151736620046e-06] - [0.1666606032955091, 0.6666602671577494, 0.16666149307842928, -5.789121883853843e-06] - [-5.1258355221634266e-06, -4.576105479611394e-06, -4.026164081531006e-06, -5.121467560212884e-06]
A2: [0.166661109041229, -0.16667235453921572, -6.139161839565146e-06, -5.605813416671755e-06] - [0.16658228460331193, 0.33324647988655, -9.040407718785071e-05, -8.457099905798871e-05] - [0.16662401174389888, 0.8332893856269011, -4.5441714224218275e-05, -4.270120277846689e-05] - [1.448464661822567e-05, 1.4927353129807808e-05, 1.5328578066705238e-05, 1.4484644370303239e-05]
B1: 0.166691785760226 - 0.6665524081649332 - 0.16656872597354616 - 5.115752201644503e-05
B2: 0.16668185879753214 - 0.6666801447794615 - 0.16668545610081603 - 1.6365935967382994e-05
