Number: 978
Error: 7.651948525511392e-06
A1: [6.204490195290806e-07, 5.671002975426107e-07, 9.71761433808021e-07, 6.985317802477756e-07] - [0.20834376156581458, 0.33334269025978863, -0.04165633197150207, 1.0771354566986085e-05] - [0.16666802261195862, 0.666667894535861, 0.16666833189719163, 1.4519885354505659e-06] - [-1.852218856220734e-06, -1.6533987416357297e-06, -1.4544651695517966e-06, -1.8506342883197344e-06]
A2: [0.16665121286933865, -0.16668265367863905, -1.659765853065952e-05, -1.5471216091363067e-05] - [0.16658215415485986, 0.33324601503987283, -9.035906693693091e-05, -8.458078493508154e-05] - [0.16663768944416607, 0.8333034187534311, -3.088572581779534e-05, -2.8993939423513106e-05] - [5.2530679469150574e-06, 5.413598170686826e-06, 5.559072620543758e-06, 5.2530653521788275e-06]
B1: 0.16670920615036414 - 0.6666167576058161 - 0.16658072087989592 - 5.15047020802358e-05
B2: 0.16670176757950922 - 0.6667117848370551 - 0.16672434491265786 - 3.552909224656373e-05
