Number: 2547
Error: 4.021618574422957e-06
A1: [-1.0567721927500726e-05, -1.0200991951227976e-05, -8.639295254939024e-06, -1.0352858321160532e-05] - [0.2083031414971152, 0.3333030848320619, -0.041691626166726524, -2.9245145520353995e-05] - [0.16665373203304285, 0.6666542590320715, 0.16665626086396235, -1.2669525576880293e-05] - [-4.838064568252307e-06, -4.319190915997254e-06, -3.8001093838084422e-06, -4.83394041292996e-06]
A2: [0.16668906996461516, -0.16664355560350688, 2.343707183128267e-05, 2.235783091891267e-05] - [0.1666945849528302, 0.3333621750573574, 2.8439397405423392e-05, 2.7740021936163567e-05] - [0.16665253837074004, 0.8333187821480084, -1.5238814352518608e-05, -1.4171960934730737e-05] - [1.3677319274711908e-05, 1.4095350198328718e-05, 1.4474208696009964e-05, 1.3677316729556273e-05]
B1: 0.16662811413132328 - 0.66657726882665 - 0.1666734287780793 - -1.3170721041733777e-05
B2: 0.16661926250296114 - 0.6665972762800879 - 0.16658445440951913 - -4.62963004327495e-05
