Number: 301
Error: 2.762077979961154e-06
A1: [-2.788752045516733e-06, -2.04652152061973e-06, -1.163980365177655e-06, -2.762421832838441e-06] - [0.20832315444887078, 0.3333260178858631, -0.041670490672884745, -1.0062925549016466e-05] - [0.16666338399585426, 0.6666641800493247, 0.1666651494706754, -3.250241623410284e-06] - [-5.642849103856235e-07, -5.035068925469012e-07, -4.426889602421507e-07, -5.638014871821086e-07]
A2: [0.1666761607174776, -0.16665698992951627, 9.795568824045724e-06, 9.488736956257918e-06] - [0.1666944823747497, 0.33336163996946166, 2.8573324257931404e-05, 2.7794896857912668e-05] - [0.16667041842235172, 0.8333371272401555, 3.7897044043220595e-06, 3.746664337044341e-06] - [1.6218100005302565e-06, 1.671344503998887e-06, 1.7162299535177346e-06, 1.6218090492083557e-06]
B1: 0.16665014239974804 - 0.6666606410590644 - 0.16668849813781406 - -1.3436225393120344e-05
B2: 0.16664606993882963 - 0.6666392936051403 - 0.16663582370527405 - -2.0461858639019592e-05
