Number: 1988
Error: 7.088785676360592e-06
A1: [-2.9057544055310963e-06, -3.1299535456634166e-06, -2.421866009891039e-06, -2.742861153900676e-06] - [0.2083346487603198, 0.3333322563189007, -0.04166596551712053, 2.032239171268338e-06] - [0.16666365268934358, 0.6666634017507796, 0.16666430151351835, -2.813270637958578e-06] - [-3.7745850003905826e-06, -3.369706125091677e-06, -2.964641152384477e-06, -3.7713633127617654e-06]
A2: [0.1666570265534168, -0.1666766032824658, -1.0453608272425792e-05, -9.675600052108436e-06] - [0.16658224253645915, 0.33324629993399535, -9.037342484838036e-05, -8.45632542381268e-05] - [0.16662966132886006, 0.8332951819252231, -3.942958201698467e-05, -3.7039412363168726e-05] - [1.0674301144561846e-05, 1.1000539678731081e-05, 1.1296198462929028e-05, 1.067429794983842e-05]
B1: 0.16669904818612769 - 0.6665790524383332 - 0.16657377052721523 - 5.1372585714278736e-05
B2: 0.16669006557066204 - 0.6666931535697161 - 0.16670141447129655 - 2.4264908363622232e-05
