Number: 2136
Error: 7.0070613002856195e-06
A1: [-3.41362958323403e-06, -3.6623877310138095e-06, -2.9093658244240494e-06, -3.2383178527983573e-06] - [0.20833334891170932, 0.33333076479173024, -0.041667337857176696, 7.87113303771958e-07] - [0.1666630212463656, 0.6666627527852067, 0.16666372077740227, -3.4293868706508387e-06] - [-4.056263245326981e-06, -3.6211899815922502e-06, -3.1859236069055275e-06, -4.052802304976264e-06]
A2: [0.1666578789995933, -0.16667571621410623, -9.552881775625857e-06, -8.825801454558e-06] - [0.16658225595186113, 0.3332463419992508, -9.0375362631182e-05, -8.456022173738166e-05] - [0.16662848457017687, 0.8332939745725034, -4.06819378107444e-05, -3.8218715040608306e-05] - [1.1468612888688542e-05, 1.181913063659398e-05, 1.213679538647517e-05, 1.146860979808524e-05]
B1: 0.16669751893895846 - 0.66657348561799 - 0.16657270897606602 - 5.131238983517213e-05
B2: 0.1666883380215323 - 0.6666904380339755 - 0.1666980978026272 - 2.2601519563513302e-05
