Number: 1042
Error: 7.615871092369798e-06
A1: [4.018710152480044e-07, 3.379900816675525e-07, 7.621736628864382e-07, 4.853234940842714e-07] - [0.208343203784691, 0.3333420499444497, -0.04165692038383984, 1.0237234591314514e-05] - [0.16666775065032358, 0.6666676150839684, 0.16666808204422162, 1.1866548486187564e-06] - [-1.9740393377426365e-06, -1.7621619953596717e-06, -1.5501652962429982e-06, -1.9723508006016185e-06]
A2: [0.166651582072534, -0.16668226952905227, -1.620762980387272e-05, -1.5103157808560962e-05] - [0.16658216165317846, 0.3332460348307015, -9.0358401801504e-05, -8.457777590594658e-05] - [0.16663718088746682, 0.8333028969452311, -3.1427014738804465e-05, -2.9503595836907495e-05] - [5.596621377452671e-06, 5.767652898204249e-06, 5.922644404510604e-06, 5.596618677282987e-06]
B1: 0.16670856049692898 - 0.6666143667195286 - 0.16658027929419975 - 5.149434916909418e-05
B2: 0.16670099566965546 - 0.6667105891414284 - 0.1667228929759937 - 3.4784925152823285e-05
