Number: 1701
Error: 3.555897722169525e-06
A1: [-7.617139012036621e-06, -7.107325463761004e-06, -5.799771698773671e-06, -7.473305094638419e-06] - [0.2083107638183173, 0.3333118136192606, -0.04168356783692274, -2.193580493855901e-05] - [0.16665738898538987, 0.6666580189395989, 0.1666596335675719, -9.100226246657438e-06] - [-3.228370873694802e-06, -2.8820482519095934e-06, -2.5355556268308513e-06, -3.225613575837763e-06]
A2: [0.16668420812298704, -0.16664861569027944, 1.8298479094898827e-05, 1.7511113505470148e-05] - [0.16669453996463818, 0.33336196547468444, 2.8480174694606205e-05, 2.775434630066015e-05] - [0.1666592697987829, 0.833325688378879, -8.075491553535458e-06, -7.426000074588508e-06] - [9.136997611894195e-06, 9.41624721898437e-06, 9.669317598149785e-06, 9.136994353107223e-06]
B1: 0.16663668516458405 - 0.6666089336538973 - 0.16667935627359878 - -1.2996943799174185e-05
B2: 0.16662896850524633 - 0.6666127781570189 - 0.16660355048975556 - -3.695680981975676e-05
