Number: 3095
Error: 4.320739791468357e-06
A1: [-1.2475976329344965e-05, -1.220175446188919e-05, -1.0475280247175503e-05, -1.2215109150969138e-05] - [0.20829821600093157, 0.33329744327068933, -0.041696832833757407, -3.396792702616676e-05] - [0.16665136625345506, 0.6666518267238153, 0.16665407948891126, -1.4978537430393423e-05] - [-5.8806766509581045e-06, -5.2500333566000365e-06, -4.619173677950138e-06, -5.875669950334082e-06]
A2: [0.16669221296238199, -0.16664028422931132, 2.675927817683908e-05, 2.549103196845821e-05] - [0.16669458971567175, 0.3333622863656018, 2.838850347535109e-05, 2.770636125140418e-05] - [0.16664817190263012, 0.8333143024448193, -1.988505454825334e-05, -1.8547844977037508e-05] - [1.6617941248934253e-05, 1.7125855724510683e-05, 1.7586188306313807e-05, 1.661794002206174e-05]
B1: 0.16662256879817447 - 0.6665567466567163 - 0.16666955846747677 - -1.3277022149402851e-05
B2: 0.1666129888684556 - 0.666587257468759 - 0.1665721170749897 - -5.2332512138579375e-05
