Number: 2731
Error: 4.122219271546466e-06
A1: [-1.1189397339629366e-05, -1.0852659785018363e-05, -9.234566424727194e-06, -1.0959105249070372e-05] - [0.20830156442808337, 0.33330127164174433, -0.04169328902240715, -3.0754222555477706e-05] - [0.16665295693258675, 0.6666534626752383, 0.16665554984684133, -1.3425583159180814e-05] - [-5.188147805975135e-06, -4.631746228892812e-06, -4.075132515212621e-06, -5.183727070289667e-06]
A2: [0.16669012913268122, -0.16664245349028067, 2.4556082621114994e-05, 2.3413709427046687e-05] - [0.166694597349824, 0.33336222280768685, 2.843223486594554e-05, 2.7739517356481725e-05] - [0.16665107380857389, 0.8333172795143863, -1.679742027690781e-05, -1.563968459234729e-05] - [1.4664705226430683e-05, 1.5112916845861466e-05, 1.5519131845034387e-05, 1.4664703048923256e-05]
B1: 0.16662618763608303 - 0.6665703180749823 - 0.16667207377834153 - -1.3270996884393353e-05
B2: 0.16661708942039863 - 0.6665939050982472 - 0.16658036743147037 - -4.8389659445605964e-05
