Number: 438
Error: 7.962023472461279e-06
A1: [2.477148930662072e-06, 2.5128861513020396e-06, 2.753038139590858e-06, 2.5099118151087053e-06] - [0.2083485166385438, 0.33334814272657454, -0.04165131644691988, 1.532673796943291e-05] - [0.16667032924675992, 0.666670264657822, 0.16667045254856605, 3.7026859980145e-06] - [-8.243227273065756e-07, -7.356738376409479e-07, -6.469685437434349e-07, -8.236166923109402e-07]
A2: [0.1666481097283, -0.1666858827434849, -1.9876172386640564e-05, -1.8564696907868088e-05] - [0.16658213830962762, 0.3332458963723978, -9.031559564548663e-05, -8.45587532557444e-05] - [0.16664199202115149, 0.8333078333992818, -2.6306487983066422e-05, -2.4682084536237153e-05] - [2.3541970274577715e-06, 2.4261180748059507e-06, 2.4912906532938476e-06, 2.354195672035677e-06]
B1: 0.16671427150275148 - 0.666636584236666 - 0.16658413539460998 - 5.120983294996007e-05
B2: 0.16670851897175204 - 0.6667221481347129 - 0.16673690734081753 - 4.2046411399115224e-05
