Number: 1177
Error: 3.264433176625141e-06
A1: [-5.783910516884839e-06, -5.185209108247363e-06, -4.03482225365033e-06, -5.684079873774882e-06] - [0.20831550752382233, 0.3333172436860619, -0.04167855205651867, -1.7385984341427636e-05] - [0.16665965970690666, 0.6666603536911596, 0.1666617287133415, -6.883807664773094e-06] - [-2.2312813219152276e-06, -1.991835116504484e-06, -1.7522575452227036e-06, -2.229373325492999e-06]
A2: [0.1666811929422166, -0.16665175368313992, 1.5111849662834293e-05, 1.4505300485642449e-05] - [0.1666944970548769, 0.33336182063661873, 2.8490442820870853e-05, 2.7748170433589977e-05] - [0.16666343521021676, 0.8333299620845355, -3.6425268023832103e-06, -3.2515893529569057e-06] - [6.324416680547541e-06, 6.517695144246087e-06, 6.69284870745568e-06, 6.3244137846163545e-06]
B1: 0.16664194627645065 - 0.6666284877061265 - 0.16668295622272888 - -1.2937246327371954e-05
B2: 0.1666350179086914 - 0.6666224346261341 - 0.16661545115410095 - -3.1134405344020885e-05
