Number: 2964
Error: 6.552438210389236e-06
A1: [-6.2949097047432105e-06, -6.683301060470537e-06, -5.681144997947049e-06, -6.050086945894239e-06] - [0.20832591577927767, 0.3333222502395233, -0.04167519471183366, -6.3397225466889214e-06] - [0.16665944822559065, 0.6666590794573141, 0.16666042684794105, -6.9166295354494e-06] - [-5.632049680830473e-06, -5.028051616944472e-06, -4.423838177187356e-06, -5.627253238406935e-06]
A2: [0.16666263406509585, -0.16667076712753318, -4.527022113587697e-06, -4.085547988126971e-06] - [0.16658228593730148, 0.33324653315293723, -9.042940933380326e-05, -8.458832807925872e-05] - [0.16662189231388927, 0.8332872112647346, -4.769690183538175e-05, -4.482520628846486e-05] - [1.5912051760814957e-05, 1.6398388439250903e-05, 1.6839161552723062e-05, 1.591205015848646e-05]
B1: 0.1666891124424899 - 0.6665424653630194 - 0.16656686670283938 - 5.1124407481731876e-05
B2: 0.16667883409680287 - 0.6666752820024341 - 0.16667944712329263 - 1.345655470308666e-05
