Number: 765
Error: 3.0322632097805413e-06
A1: [-4.36744709377613e-06, -3.7004398035523864e-06, -2.6752194876969466e-06, -4.302192080452549e-06] - [0.20831913634147217, 0.33332140581473185, -0.04167472203481385, -1.3909517452662823e-05] - [0.16666141965055134, 0.6666621623987444, 0.16666334742810932, -5.166539269872798e-06] - [-1.447274175535916e-06, -1.291859894647865e-06, -1.1363529274246696e-06, -1.446035420647015e-06]
A2: [0.16667881947801402, -0.1666542233906396, 1.260422891106748e-05, 1.2139201986990068e-05] - [0.16669445967029367, 0.3333617041172845, 2.8496888799769873e-05, 2.7739667184508473e-05] - [0.16666671110898293, 0.8333333233116152, -1.5590755617802044e-07, 3.138424282690452e-08] - [4.112803543142759e-06, 4.2384800673510926e-06, 4.352367944901665e-06, 4.112801360205577e-06]
B1: 0.16664603765975494 - 0.6666438203702201 - 0.1666857472042865 - -1.2935503247170116e-05
B2: 0.16663997661602845 - 0.666630150646374 - 0.16662484814965944 - -2.63541779967247e-05
