Number: 910
Error: 7.690358711080765e-06
A1: [8.437549062686983e-07, 8.010875163875428e-07, 1.1844968552933347e-06, 9.161408630293888e-07] - [0.20834431820566626, 0.33334333254382587, -0.04165574688268876, 1.1302888830038573e-05] - [0.16666830253232454, 0.6666681819011212, 0.166668587299791, 1.7248752765580243e-06] - [-1.7227821072439976e-06, -1.5378352284290696e-06, -1.3527813565763779e-06, -1.7213080430070668e-06]
A2: [0.16665081918029337, -0.16668306316832363, -1.7013311268073085e-05, -1.586368866470689e-05] - [0.16658214271164623, 0.3332459907529445, -9.036280673728272e-05, -8.458745831496026e-05] - [0.16663822945587325, 0.8333039728734167, -3.0310878163172794e-05, -2.8452759295238325e-05] - [4.888038357734432e-06, 5.0374108129621906e-06, 5.172773328134527e-06, 4.888035884818087e-06]
B1: 0.16670991639482247 - 0.6666193212654318 - 0.16658121249169777 - 5.153996462572684e-05
B2: 0.166702622622269 - 0.6667130622571984 - 0.16672586514983836 - 3.635465789479287e-05
