Number: 2170
Error: 6.988323213491361e-06
A1: [-3.5251182552400265e-06, -3.7792273048234296e-06, -3.0155918755747566e-06, -3.3469586240872157e-06] - [0.20833307118219613, 0.3333304441995289, -0.04166762989783865, 5.219351745946408e-07] - [0.16666288142537508, 0.6666626092326959, 0.1666635931927214, -3.5656919224912322e-06] - [-4.120973859884152e-06, -3.678964132554032e-06, -3.2367598128501043e-06, -4.117457977800559e-06]
A2: [0.16665807567044047, -0.16667551163324998, -9.345209118065711e-06, -8.629738835974326e-06] - [0.16658226116893146, 0.3332463536831659, -9.037390824458674e-05, -8.455738996099531e-05] - [0.16662821446063544, 0.8332936974208414, -4.096944257338879e-05, -3.8489409031810616e-05] - [1.1651086665925827e-05, 1.2007181973954098e-05, 1.2329902107889821e-05, 1.1651083606218334e-05]
B1: 0.16669715048751851 - 0.6665721902605549 - 0.16657244924191053 - 5.1281406732160145e-05
B2: 0.1666879238317839 - 0.6666898130394463 - 0.16669735176149006 - 2.220207009512041e-05
