Number: 2393
Error: 3.9371987235940936e-06
A1: [-1.0028896896740843e-05, -9.636024646375761e-06, -8.120491378737836e-06, -9.826964230051828e-06] - [0.20830453597084655, 0.33330468111429185, -0.041690151528118065, -2.79076501149353e-05] - [0.1666543994596159, 0.6666549452993941, 0.16665687675248142, -1.2018055447789104e-05] - [-4.545057587268065e-06, -4.057593868888645e-06, -3.5699269235650627e-06, -4.541181847504336e-06]
A2: [0.166688186176351, -0.16664447549210423, 2.250287598966295e-05, 2.1476795738649393e-05] - [0.16669458106370066, 0.3333621411676239, 2.8451034059321284e-05, 2.7746930092109628e-05] - [0.16665376466891127, 0.8333200402608032, -1.3933908132251615e-05, -1.2943017012262294e-05] - [1.2850883826449634e-05, 1.3243653687988505e-05, 1.3599615351696954e-05, 1.2850881031937917e-05]
B1: 0.16662966680275226 - 0.6665830280811496 - 0.16667450599422906 - -1.3146589043542823e-05
B2: 0.1666210198123085 - 0.6666000940296444 - 0.16658793212078135 - -4.4605709544117604e-05
