Number: 340
Error: 8.020220691728628e-06
A1: [2.8092783288727714e-06, 2.8607292432806295e-06, 3.0705704973849527e-06, 2.8338210248219963e-06] - [0.2083493596570224, 0.3333491105335334, -0.0416504297161168, 1.6133535658244245e-05] - [0.16667074274238308, 0.6666706892429066, 0.16667083142381517, 4.106034508069701e-06] - [-6.377693667362343e-07, -5.691146713392207e-07, -5.004153909343997e-07, -6.372230313028472e-07]
A2: [0.16664755005415763, -0.1666864651178102, -2.0467376938469047e-05, -1.9122617895167433e-05] - [0.1665821513052865, 0.33324589126177223, -9.029076892331459e-05, -8.453888391243125e-05] - [0.16664277729955973, 0.8333086391402647, -2.5470764820195564e-05, -2.3895122537000025e-05] - [1.8280845326810991e-06, 1.8839239670118497e-06, 1.934523047477671e-06, 1.828083465653108e-06]
B1: 0.1667150755118309 - 0.6666400808585276 - 0.1665846670963694 - 5.1041160970706614e-05
B2: 0.16670986551167077 - 0.6667241341465799 - 0.1667392751363168 - 4.33504721606524e-05
