Number: 1634
Error: 7.285012049293301e-06
A1: [-1.6546011238085448e-06, -1.8180199899510026e-06, -1.2153781745156568e-06, -1.5214471396479094e-06] - [0.2083379042964518, 0.3333359785249122, -0.04166252021317872, 5.156742300445018e-06] - [0.166665199782652, 0.6666649928123292, 0.16666573142336416, -1.3028740355519434e-06] - [-3.1008321681347183e-06, -2.7681757345305186e-06, -2.4353537270605357e-06, -3.098183403686473e-06]
A2: [0.16665499239939677, -0.16667872055506217, -1.2603867746597977e-05, -1.1703421342224056e-05] - [0.16658222139034012, 0.33324620946541866, -9.035947233523628e-05, -8.45595664196829e-05] - [0.16663247661711697, 0.8332980702978496, -3.6433665754845304e-05, -3.421803966782721e-05] - [8.774302001140227e-06, 9.042464377113385e-06, 9.285485982305568e-06, 8.774298756837677e-06]
B1: 0.1667025852661371 - 0.6665922486704661 - 0.16657619191415507 - 5.1395685074402404e-05
B2: 0.16669408304824818 - 0.6666996475239121 - 0.1667094657906578 - 2.812892826502382e-05
