Number: 2747
Error: 4.130987489736843e-06
A1: [-1.1255957700632966e-05, -1.0922530348637817e-05, -9.300234857855571e-06, -1.1024312033033917e-05] - [0.2083013769403597, 0.3333010607932612, -0.041693489625688036, -3.093574972831405e-05] - [0.16665287690134498, 0.6666533800858176, 0.16665547396862931, -1.3503946430031641e-05] - [-5.2185878048517735e-06, -4.658922506901977e-06, -4.099044769086489e-06, -5.21414129324872e-06]
A2: [0.1666902190807498, -0.1666423597022893, 2.465145160141262e-05, 2.3503371540936206e-05] - [0.16669459277159562, 0.3333622215815817, 2.8426528654552916e-05, 2.7733817597792e-05] - [0.16665094578905307, 0.8333171482179422, -1.6933547846121108e-05, -1.5767978948180623e-05] - [1.475056991547783e-05, 1.520140607626926e-05, 1.5610000044714965e-05, 1.475056777354852e-05]
B1: 0.1666260611869324 - 0.6665697528212859 - 0.16667199319738057 - -1.3238610746037861e-05
B2: 0.1666169432268894 - 0.6665936157508121 - 0.1665799747155577 - -4.852892437820284e-05
