Number: 915
Error: 3.1172631960178657e-06
A1: [-4.8786497522944865e-06, -4.236221716056496e-06, -3.16514071526747e-06, -4.800810696347428e-06] - [0.20831783339627918, 0.3333199098601589, -0.04167609591715779, -1.5157012285924276e-05] - [0.16666078348958918, 0.6666615087717135, 0.16666276326304494, -5.787167191922964e-06] - [-1.7327170439038947e-06, -1.5467087711542598e-06, -1.360592869312554e-06, -1.731234480997843e-06]
A2: [0.16667968373729375, -0.16665332415145875, 1.3517210713257694e-05, 1.3000779542035064e-05] - [0.16669447253439082, 0.3333617456022756, 2.8493416563590086e-05, 2.77420162825111e-05] - [0.16666551793255655, 0.8333320990344317, -1.425870129055543e-06, -1.1643678885863185e-06] - [4.918022375181427e-06, 5.068311899697642e-06, 5.204505540208027e-06, 4.918019889698392e-06]
B1: 0.16664455935610936 - 0.6666382477425619 - 0.16668473919351137 - -1.292487871732155e-05
B2: 0.16663813378745976 - 0.6666273181700344 - 0.16662141876459682 - -2.813202559945148e-05
