Number: 1670
Error: 7.264987873869535e-06
A1: [-1.792404504463694e-06, -1.9625976917047524e-06, -1.3498253426694178e-06, -1.656216017962323e-06] - [0.2083375306642971, 0.3333355550465638, -0.04166291791858814, 4.796476394203731e-06] - [0.16666503177118006, 0.6666648197302865, 0.166665574131243, -1.46714331673351e-06] - [-3.1693482188359585e-06, -2.829346984527963e-06, -2.489177846780322e-06, -3.1666411502246538e-06]
A2: [0.16665519754810434, -0.16667850686440125, -1.2386728891484238e-05, -1.1498916639452185e-05] - [0.1665822191707923, 0.3332462145301305, -9.036478028513485e-05, -8.456431139304317e-05] - [0.16663218984981845, 0.8332977761263943, -3.67387440924102e-05, -3.4505425688612875e-05] - [8.967528270202592e-06, 9.241596876900988e-06, 9.489971492112672e-06, 8.967525018133998e-06]
B1: 0.16670226039501151 - 0.6665909401874401 - 0.16657597788178316 - 5.1428200989360934e-05
B2: 0.16669370991336543 - 0.6666989895996425 - 0.1667086147409838 - 2.7771398032933818e-05
