Number: 77
Error: 2.623477757676539e-06
A1: [-2.086943953532456e-06, -1.3126081896385416e-06, -5.031598048976906e-07, -2.0793471877775838e-06] - [0.20832484916879296, 0.3333279826279, -0.04166872644758802, -8.450770392077841e-06] - [0.16666427028030326, 0.6666650879330404, 0.16666594912575214, -2.387094050056658e-06] - [-1.3801151803345272e-07, -1.2291694347547863e-07, -1.0781182712054383e-07, -1.3789341680219518e-07]
A2: [0.16667488747068085, -0.16665831419367994, 8.451960477004189e-06, 8.21949532090956e-06] - [0.16669455227580843, 0.3333616712961722, 2.867573175659002e-05, 2.788050079177347e-05] - [0.16667222726197123, 0.8333389833828949, 5.714859593916731e-06, 5.559349953648564e-06] - [4.19165423078072e-07, 4.319386801033304e-07, 4.4351082577117035e-07, 4.191652078354781e-07]
B1: 0.16665172667885333 - 0.6666684235174449 - 0.1666895473765005 - -1.4074672469559585e-05
B2: 0.1666496868340877 - 0.6666441904468179 - 0.16664140047980514 - -1.6942009614939163e-05
