Number: 662
Error: 7.83178206139471e-06
A1: [1.7096425780659887e-06, 1.7087226041768381e-06, 2.0174142497856627e-06, 1.761202417840166e-06] - [0.20834655536280489, 0.33334589331735603, -0.04165338344577687, 1.3448285800117256e-05] - [0.16666937531964784, 0.666669284674767, 0.16666957633282736, 2.771960273080763e-06] - [-1.2507185640720363e-06, -1.1163688577421243e-06, -9.819374678696512e-07, -1.249647812935575e-06]
A2: [0.16664939413849186, -0.16668454621035067, -1.851923211139773e-05, -1.7284293924241624e-05] - [0.16658213231293198, 0.3332459326098543, -9.034699999500358e-05, -8.458046154172272e-05] - [0.16664020379448033, 0.8333059985882684, -2.8209660649411967e-05, -2.6474159616822293e-05] - [3.5567191587253097e-06, 3.665397499612857e-06, 3.7638807944177165e-06, 3.5567172149842105e-06]
B1: 0.1667122663359787 - 0.6666284451847895 - 0.1665827938063799 - 5.142809719342248e-05
B2: 0.1667056244427821 - 0.6667177644763025 - 0.16673162142953282 - 3.924897840036633e-05
