Number: 557
Error: 2.9129002326723986e-06
A1: [-3.6436077504162486e-06, -2.9418027406374547e-06, -1.9794638581688148e-06, -3.5958171740255094e-06] - [0.20832100304265674, 0.33332354306595585, -0.04167275115340915, -1.2119765236367156e-05] - [0.16666231675782947, 0.6666630844655732, 0.16666417390979493, -4.290986062798691e-06] - [-1.0514543489477623e-06, -9.384639410643339e-07, -8.254032452278641e-07, -1.0505539700910267e-06]
A2: [0.16667762630251856, -0.16665546512101503, 1.1343378717269696e-05, 1.0949745046736857e-05] - [0.16669445999499177, 0.3333616647323553, 2.851977118807861e-05, 2.775457192874753e-05] - [0.16666836941855875, 0.8333350247845792, 1.6089409433603532e-06, 1.6932651482015402e-06] - [2.9961800662142037e-06, 3.0877248846956586e-06, 3.1706811161212084e-06, 2.996178381812079e-06]
B1: 0.16664794754832202 - 0.6666514192546987 - 0.16668702782704733 - -1.3090257865518474e-05
B2: 0.16664255509353076 - 0.6666341474286983 - 0.1666297208805729 - -2.386580276859085e-05
