Number: 337
Error: 2.7836568964883895e-06
A1: [-2.9036138866401547e-06, -2.1667300443872864e-06, -1.2726290444923737e-06, -2.874270937333209e-06] - [0.2083228735593756, 0.33332569286759284, -0.04167078419826759, -1.0330537404968905e-05] - [0.16666323937271904, 0.66666403177641, 0.1666650184126507, -3.391144277018755e-06] - [-6.327932631393582e-07, -5.646730808880512e-07, -4.965085165470393e-07, -6.322511712894654e-07]
A2: [0.16667636679441622, -0.16665677559250963, 1.0013071973101589e-05, 9.694170222487665e-06] - [0.16669447771722967, 0.33336164173039556, 2.8563863948573968e-05, 2.7787715681435674e-05] - [0.16667012954878294, 0.8333368308127251, 3.4822294093937455e-06, 3.457172650952699e-06] - [1.815084264869364e-06, 1.8705265817547981e-06, 1.920765786783104e-06, 1.8150832029705905e-06]
B1: 0.16664984336692176 - 0.6666593515477904 - 0.16668829638491414 - -1.3377989869970718e-05
B2: 0.1666455359217226 - 0.6666385470606822 - 0.1666349605264465 - -2.0980279263767485e-05
