Number: 95
Error: 2.6348626367584845e-06
A1: [-2.108909549026729e-06, -1.3351857634468553e-06, -5.17896583858316e-07, -2.099840420497612e-06] - [0.20832485172334492, 0.3333279714000236, -0.04166871364959651, -8.441714114913405e-06] - [0.16666423389736193, 0.6666650517988539, 0.16666592367233404, -2.421651122080068e-06] - [-1.7226382132645775e-07, -1.5349913555752188e-07, -1.3472143986005646e-07, -1.7211634634355782e-07]
A2: [0.16667499476824882, -0.16665820310822382, 8.564274422217682e-06, 8.32647079909459e-06] - [0.16669455832135613, 0.33336167959287305, 2.8677431198720674e-05, 2.7885283551623013e-05] - [0.16667208273596568, 0.8333388349425296, 5.56075626029547e-06, 5.414514668700703e-06] - [5.157925217439165e-07, 5.315193947606042e-07, 5.457681116644158e-07, 5.157922447380747e-07]
B1: 0.16665151102540968 - 0.6666677119779593 - 0.1666893790746539 - -1.4111829040780566e-05
B2: 0.16664925942323888 - 0.6666437676765227 - 0.1666410365599513 - -1.7361615132676443e-05
