Number: 1249
Error: 3.3046721943204648e-06
A1: [-6.035690886235889e-06, -5.449188434586681e-06, -4.277190645788759e-06, -5.929813965678396e-06] - [0.2083148562041681, 0.3333164981158949, -0.04167924064103526, -1.80106634591371e-05] - [0.1666593478252887, 0.6666600330257145, 0.16666144098676697, -7.188227639339853e-06] - [-2.3682890961792166e-06, -2.114157569606907e-06, -1.859888673597002e-06, -2.366264278775982e-06]
A2: [0.1666816073260783, -0.16665132243002276, 1.554977969920211e-05, 1.4918397171328928e-05] - [0.1666945031653748, 0.33336184072930125, 2.8489200273301786e-05, 2.774923367072331e-05] - [0.16666286289780713, 0.8333293748864276, -4.251612899474093e-06, -3.825138212254153e-06] - [6.710895217216396e-06, 6.915987060108374e-06, 7.101847005522116e-06, 6.710892235096294e-06]
B1: 0.16664122851130597 - 0.666625806078615 - 0.16668246689497263 - -1.2940305251349474e-05
B2: 0.1666341804575341 - 0.666621101955113 - 0.1666138105698631 - -3.1940666278506796e-05
