Number: 3042
Error: 6.509809128449073e-06
A1: [-6.577434053334655e-06, -6.979601184519523e-06, -5.954599449601361e-06, -6.326052834788526e-06] - [0.20832517083229937, 0.33332140091029, -0.041675984597107335, -7.055773485850923e-06] - [0.16665910042049403, 0.6666587215731218, 0.16666010407077833, -7.256344002065007e-06] - [-5.780482897436542e-06, -5.16057152884517e-06, -4.540444167225484e-06, -5.775560912771055e-06]
A2: [0.16666307945784403, -0.16667030336538496, -4.0559289977490054e-06, -3.641550564821765e-06] - [0.16658228133848763, 0.3332465439812431, -9.044141747756556e-05, -8.459839961730234e-05] - [0.16662127011811764, 0.8332865729849368, -4.835885694832425e-05, -4.544874323811839e-05] - [1.633060060158914e-05, 1.6829730632465537e-05, 1.728210036621172e-05, 1.6330599218527724e-05]
B1: 0.16668835924271871 - 0.6665395784832755 - 0.16656634808921522 - 5.1145415244975204e-05
B2: 0.16667797829538766 - 0.6666738591308178 - 0.16667765852096214 - 1.263456774300078e-05
