Number: 1099
Error: 3.2207849250556645e-06
A1: [-5.5250868370290255e-06, -4.9139582063840025e-06, -3.787771485896057e-06, -5.4317930164537355e-06] - [0.20831615697001032, 0.3333179920627497, -0.04167786858792644, -1.6765345062918827e-05] - [0.16665998348719846, 0.6666606861909495, 0.16666202473275524, -6.568097429621637e-06] - [-2.0828547596508414e-06, -1.8593172618280632e-06, -1.6356551536272263e-06, -2.081073364421254e-06]
A2: [0.16668074169742672, -0.16665222308201225, 1.4635344992764165e-05, 1.4055450239259619e-05] - [0.1666944844542542, 0.33336179321187787, 2.8486472365259698e-05, 2.7741038018271166e-05] - [0.1666640545598304, 0.8333305976011798, -2.98325502381346e-06, -2.630900190484634e-06] - [5.9057326297902484e-06, 6.086213275895768e-06, 6.249768353543268e-06, 5.905729840236082e-06]
B1: 0.1666427658435922 - 0.6666314329395489 - 0.16668352459142585 - -1.289190688789049e-05
B2: 0.1666359761804367 - 0.6666238859068107 - 0.16661719011876308 - -3.020992625469993e-05
