Number: 722
Error: 7.797344648586183e-06
A1: [1.49538383408684e-06, 1.484113907975923e-06, 1.810633038887571e-06, 1.5519868491868476e-06] - [0.20834599495445608, 0.33334525360425243, -0.04165397642550449, 1.291009587872209e-05] - [0.16666911097680157, 0.6666690128222933, 0.1666693317440726, 2.5138404087050156e-06] - [-1.3649281118915014e-06, -1.2183370875721826e-06, -1.0716580036568504e-06, -1.363759740706132e-06]
A2: [0.16664973770679795, -0.1666841885805024, -1.8156034784882704e-05, -1.694179897513826e-05] - [0.1665821310762107, 0.3332459429859815, -9.035444310160936e-05, -8.458590679634955e-05] - [0.16663972545783873, 0.8333055078236269, -2.8718688309618474e-05, -2.695352713025236e-05] - [3.87881726107181e-06, 3.9973411017682036e-06, 4.104746842649037e-06, 3.878815177255302e-06]
B1: 0.1667117264703563 - 0.666626264430493 - 0.16658243587948002 - 5.14838367546968e-05
B2: 0.16670490383552858 - 0.6667166177084739 - 0.16673020410646053 - 3.855437876909863e-05
