Number: 1640
Error: 7.281654556814485e-06
A1: [-1.6855565846940813e-06, -1.8505532779315553e-06, -1.2466716421121884e-06, -1.5518891993987634e-06] - [0.20833780984858113, 0.33333587396233544, -0.041662622286588416, 5.064552933210775e-06] - [0.16666516370697104, 0.6666649554381583, 0.16666569622763078, -1.33831829231608e-06] - [-3.1122497600255543e-06, -2.7783690934870973e-06, -2.4443224610335888e-06, -3.1095912792287604e-06]
A2: [0.16665502522875755, -0.1666786862345102, -1.256890146861761e-05, -1.1670699313455652e-05] - [0.16658221747011837, 0.33324620693737333, -9.036354161745492e-05, -8.4563907539296e-05] - [0.16663242840966347, 0.8332980208779017, -3.648488077610594e-05, -3.4266350240493075e-05] - [8.806506599583348e-06, 9.075653343983648e-06, 9.319567112197303e-06, 8.806503353785304e-06]
B1: 0.16670255736615364 - 0.6665920556622977 - 0.16657618014244532 - 5.142737126250546e-05
B2: 0.1666940481101436 - 0.6666995402129565 - 0.16670930001870227 - 2.809659015007865e-05
