Number: 1655
Error: 3.530390303235401e-06
A1: [-7.443708993412151e-06, -6.925386622221605e-06, -5.630924002305297e-06, -7.303749844301679e-06] - [0.20831123059829693, 0.33331234349501665, -0.041683071486943564, -2.1486093389104495e-05] - [0.1666576009567609, 0.6666582372451486, 0.16665983155310568, -8.893033826959272e-06] - [-3.1408430404275245e-06, -2.803903061124006e-06, -2.4667960032603884e-06, -3.138160215817961e-06]
A2: [0.16668394565020273, -0.16664888905189412, 1.80207339753763e-05, 1.724946298680303e-05] - [0.16669454206444995, 0.33336195833936727, 2.848635133455101e-05, 2.7759670587761186e-05] - [0.16665963617754415, 0.833326064228347, -7.685699519383612e-06, -7.058831321751e-06] - [8.890096487084865e-06, 9.161799189778389e-06, 9.40802954274464e-06, 8.890093235512062e-06]
B1: 0.1666371083693631 - 0.6666106136085005 - 0.16667963775104958 - -1.3030379847012e-05
B2: 0.16662945402447044 - 0.6666136193108442 - 0.1666046297966621 - -3.649121495288778e-05
