Number: 1218
Error: 7.517019613575079e-06
A1: [-2.110054888067656e-07, -3.045380860447679e-07, 1.7264327149075627e-07, -1.1277515888819525e-07] - [0.208341622331732, 0.3333402387569421, -0.04165859160536456, 8.720894929254683e-06] - [0.16666699080811126, 0.6666668339513934, 0.16666738161449904, 4.4505055686659516e-07] - [-2.3090390350132155e-06, -2.061254267295123e-06, -1.8133348353852097e-06, -2.3070647470418024e-06]
A2: [0.1666525956868905, -0.16668121469698643, -1.5136510549295835e-05, -1.409269195526759e-05] - [0.1665821784713487, 0.3332460857798982, -9.035971257208098e-05, -8.457330346756781e-05] - [0.16663578213823668, 0.8333014618021796, -3.291568197737814e-05, -3.090536940263354e-05] - [6.541373334213656e-06, 6.741282762541359e-06, 6.922445888712597e-06, 6.541370390682953e-06]
B1: 0.1667068056139199 - 0.6666078119726101 - 0.16657908454837278 - 5.148657287077122e-05
B2: 0.1666989292088212 - 0.6667073203684224 - 0.16671888055815634 - 3.279475676361667e-05
