Number: 893
Error: 3.104839988991346e-06
A1: [-4.804974936844747e-06, -4.159011855728978e-06, -3.094726893307552e-06, -4.728980283513657e-06] - [0.20831801926209575, 0.33332012375167375, -0.04167590021159436, -1.4979274156805781e-05] - [0.1666608754821625, 0.6666616032548758, 0.166662847487537, -5.69745151890824e-06] - [-1.6908523015691295e-06, -1.5093311158628583e-06, -1.3277044300454922e-06, -1.689405486154785e-06]
A2: [0.16667955669750537, -0.16665345631257505, 1.3383043842326915e-05, 1.2874133082477698e-05] - [0.1666944698098791, 0.33336173870109576, 2.8493132657477342e-05, 2.7740834020084022e-05] - [0.16666569279678434, 0.833332278461644, -1.239740378910496e-06, -9.89125873696083e-07] - [4.799925927734528e-06, 4.946605617505331e-06, 5.079527790882835e-06, 4.799923483604219e-06]
B1: 0.16664478272809452 - 0.6666390712101402 - 0.16668489278629933 - -1.291988000110793e-05
B2: 0.16663840660061574 - 0.6666277320917549 - 0.16662191597788903 - -2.7868743345835527e-05
