Number: 2079
Error: 3.7645650970385928e-06
A1: [-8.920259201120183e-06, -8.473520142529515e-06, -7.051552560274811e-06, -8.744702437912618e-06] - [0.20830741946798867, 0.3333079783513888, -0.04168710006789026, -2.5140369710158473e-05] - [0.16665577041591106, 0.6666563552378648, 0.16665814374986704, -1.0679644734653477e-05] - [-3.94761429712773e-06, -3.5241946926482723e-06, -3.1005844372557317e-06, -3.944245613829351e-06]
A2: [0.16668638452803264, -0.1666463508350843, 2.059827249751561e-05, 1.9680760792251878e-05] - [0.16669457249511038, 0.33336207120317435, 2.8473665881095865e-05, 2.7760375789774697e-05] - [0.16665626430736835, 0.8333226047409159, -1.1274046654923896e-05, -1.043798446656215e-05] - [1.116573412314172e-05, 1.1506995094767572e-05, 1.1816269784321458e-05, 1.1165730984760873e-05]
B1: 0.16663280381732318 - 0.6665947400245962 - 0.1666766689498804 - -1.3126296378283402e-05
B2: 0.16662457273567607 - 0.66660584026697 - 0.1665950568335612 - -4.118881732271626e-05
