Number: 2612
Error: 6.745158821086476e-06
A1: [-5.0702913612817755e-06, -5.399339457216559e-06, -4.5031089103932855e-06, -4.855018183900433e-06] - [0.20832907469351586, 0.33332586882789844, -0.04167185577310289, -3.3110184436161947e-06] - [0.16666096691378732, 0.66666064077384, 0.16666182686897477, -5.434405591138757e-06] - [-4.962166487257444e-06, -4.429981627648499e-06, -3.8975873456527015e-06, -4.957937171645784e-06]
A2: [0.166660614054064, -0.16667286961533853, -6.662146182674464e-06, -6.099262132392439e-06] - [0.1665822788021093, 0.3332464575111773, -9.040081168183607e-05, -8.457076648284928e-05] - [0.16662469621297524, 0.8332900878821449, -4.471329974071904e-05, -4.201525513830122e-05] - [1.4023139434908834e-05, 1.4451739440904303e-05, 1.484017788752388e-05, 1.4023137012166186e-05]
B1: 0.1666926828380125 - 0.6665556533563363 - 0.1665693554473302 - 5.12010136804733e-05
B2: 0.16668287068130963 - 0.6666817206057141 - 0.1666873705160937 - 1.7340535103534664e-05
