Number: 279
Error: 2.748800841286882e-06
A1: [-2.7145080651096475e-06, -1.9687905388502075e-06, -1.093094285693865e-06, -2.6900228494710857e-06] - [0.20832334239518235, 0.33332623368641856, -0.04167029323181459, -9.883108939798473e-06] - [0.1666634764596102, 0.6666642749666661, 0.1666652340907961, -3.160055410615567e-06] - [-5.224185478984843e-07, -4.6612749351018247e-07, -4.0979928771392197e-07, -5.219709835322306e-07]
A2: [0.1666760356712161, -0.16665712005293906, 9.663478747598611e-06, 9.364084020883208e-06] - [0.16669448785690633, 0.3333616414586563, 2.8581592708404658e-05, 2.7801921130028102e-05] - [0.16667059538045706, 0.8333373088084401, 3.9780165636849955e-06, 3.924000149545078e-06] - [1.5036947177727072e-06, 1.5496187935643006e-06, 1.5912324234632356e-06, 1.5036938351700064e-06]
B1: 0.166650306086985 - 0.6666614113009257 - 0.1666886048954105 - -1.3490875854055103e-05
B2: 0.16664638699734616 - 0.6666397531262658 - 0.16663636776232535 - -2.0154330422163477e-05
