Number: 399
Error: 2.8205356120797544e-06
A1: [-3.1211706415021944e-06, -2.3946368760229515e-06, -1.4817689050056642e-06, -3.0866201724551516e-06] - [0.2083223102274099, 0.3333250489465146, -0.041671378469794323, -1.0870926064415879e-05] - [0.1666629703098114, 0.6666637552782667, 0.16666477041298425, -3.65378058122155e-06] - [-7.507802171974833e-07, -6.700146408984696e-07, -5.891971423203431e-07, -7.501371115777477e-07]
A2: [0.16667671917831114, -0.16665640879584717, 1.0385515861651277e-05, 1.0045445712764815e-05] - [0.16669446439298902, 0.333361639980217, 2.8543325861533816e-05, 2.7770045672490705e-05] - [0.1666696319288909, 0.8333363202566376, 2.9527215629477466e-06, 2.9584883418886973e-06] - [2.147950728571291e-06, 2.2135677599947283e-06, 2.27302749169918e-06, 2.1479494818039143e-06]
B1: 0.16664936911953884 - 0.6666571713320828 - 0.16668798938030238 - -1.3236869167161021e-05
B2: 0.16664470250923727 - 0.6666372859286558 - 0.1666334333503663 - -2.178683527055117e-05
