Number: 2410
Error: 6.856149116899164e-06
A1: [-4.3557898197940285e-06, -4.650122049916394e-06, -3.814020503839954e-06, -4.157485807395259e-06] - [0.2083309347339012, 0.33332799531227564, -0.04166988712420733, -1.5257474077658586e-06] - [0.16666185029672587, 0.6666615492849438, 0.16666264347753057, -4.57196053904785e-06] - [-4.577737131708276e-06, -4.086763596156948e-06, -3.5955863975695357e-06, -4.573833682081891e-06]
A2: [0.16665945583838968, -0.1666740752628414, -7.886626230260351e-06, -7.253864244929843e-06] - [0.16658227611071252, 0.33324641524248705, -9.038353216307614e-05, -8.455928581249672e-05] - [0.16662630493889166, 0.833291738306813, -4.3001513588533156e-05, -4.040305648911956e-05] - [1.2939103798577832e-05, 1.333456898545585e-05, 1.3692973643595105e-05, 1.2939101030420203e-05]
B1: 0.16669469602719644 - 0.6665631847590823 - 0.1665707456864243 - 5.120916509082472e-05
B2: 0.166685150204413 - 0.6666854151299069 - 0.16669195568695985 - 1.9532487661233988e-05
