Number: 2072
Error: 7.042378999474871e-06
A1: [-3.1953058145326336e-06, -3.433516662339982e-06, -2.6999984801989756e-06, -3.025362970477548e-06] - [0.20833390578199504, 0.33333140425716956, -0.04166675022451405, 1.3203247626356285e-06] - [0.16666329299122856, 0.666663032033939, 0.16666397044835152, -3.164268485279987e-06] - [-3.934456622673769e-06, -3.5124403650225313e-06, -3.0902339162165748e-06, -3.931099123228818e-06]
A2: [0.16665751019668334, -0.16667609997780328, -9.942540279503066e-06, -9.193459465604637e-06] - [0.16658224973809121, 0.3332463234249672, -9.037487870608741e-05, -8.456194557832441e-05] - [0.16662899341181628, 0.8332944966473879, -4.0140398551099165e-05, -3.770877327984903e-05] - [1.1125129499386772e-05, 1.1465148215464962e-05, 1.1773296910770776e-05, 1.1125126357717639e-05]
B1: 0.16669818449128088 - 0.666575897072089 - 0.16657317214321934 - 5.134268241281679e-05
B2: 0.16668908924762751 - 0.6666916124527573 - 0.16669952790432485 - 2.332500039893918e-05
