Number: 715
Error: 3.0037406395464416e-06
A1: [-4.188955018594099e-06, -3.5133142679385964e-06, -2.5029409375238127e-06, -4.127902471622808e-06] - [0.20831960320251366, 0.33332193878941935, -0.04167422797515645, -1.3461171097535539e-05] - [0.16666163986189156, 0.6666623888792234, 0.16666355120096799, -4.95151350263629e-06] - [-1.3521257795957758e-06, -1.2069096918820507e-06, -1.0616061223257082e-06, -1.350968333348671e-06]
A2: [0.16667853305578315, -0.16665452153261281, 1.2301441700080021e-05, 1.1853673606407134e-05] - [0.16669446020353818, 0.33336169496506063, 2.850256289591615e-05, 2.7743705155856743e-05] - [0.16666710957051817, 0.8333337321269402, 2.6812055732120416e-07, 4.307042624759643e-07] - [3.8443870815544864e-06, 3.961858958615278e-06, 4.068311370054974e-06, 3.84438501015061e-06]
B1: 0.16664649376302304 - 0.6666456434395421 - 0.16668605089725677 - -1.2975727560982913e-05
B2: 0.16664057162249032 - 0.666631100680569 - 0.1666260236513652 - -2.578082981848461e-05
