Number: 412
Error: 7.97735128181756e-06
A1: [2.5559093419579624e-06, 2.5952987202004503e-06, 2.8268925398283636e-06, 2.5865003171335364e-06] - [0.20834870263892272, 0.3333483597507953, -0.041651123015150775, 1.550316476914752e-05] - [0.1666704295046191, 0.6666703673343448, 0.1666705425748365, 3.8002608099389787e-06] - [-7.748280166071453e-07, -6.914836301323823e-07, -6.080859287710268e-07, -7.741643437824775e-07]
A2: [0.16664795942733204, -0.16668603899327877, -2.0034686576257122e-05, -1.8714532751847e-05] - [0.16658213668188315, 0.3332458901280085, -9.031369703416272e-05, -8.455855735849914e-05] - [0.16664219963851828, 0.8333080464653518, -2.6085445549612255e-05, -2.4474020496888136e-05] - [2.214616687324848e-06, 2.2822711935666864e-06, 2.3435773295166703e-06, 2.214615406645327e-06]
B1: 0.16671452191490188 - 0.6666375469117273 - 0.16658430935882465 - 5.12022074589469e-05
B2: 0.16670890310920428 - 0.6667226728039801 - 0.16673750260238887 - 4.24192784143419e-05
