Number: 2900
Error: 6.587409475493228e-06
A1: [-6.076611704310895e-06, -6.454458778647265e-06, -5.471806733105863e-06, -5.8371573392254185e-06] - [0.20832647256875172, 0.3333228896192566, -0.04167460716273499, -5.806590627200293e-06] - [0.1666597199441796, 0.666659358679025, 0.16666067649679858, -6.651536424773935e-06] - [-5.510253206748714e-06, -4.919311988468702e-06, -4.3281560910969975e-06, -5.505559811146316e-06]
A2: [0.1666622662180168, -0.16667114993303642, -4.915722688000707e-06, -4.452250178523305e-06] - [0.16658228335262792, 0.33324651821064155, -9.042529690943167e-05, -8.458642233871087e-05] - [0.16662240204842976, 0.8332877342326773, -4.715446964598695e-05, -4.431437131866247e-05] - [1.5568622706807106e-05, 1.6044462109275386e-05, 1.647571996230512e-05, 1.5568620934697933e-05]
B1: 0.16668977530063336 - 0.6665448766975492 - 0.16656733258754236 - 5.1152050933568656e-05
B2: 0.16667958251171042 - 0.6666764535569075 - 0.16668087430077347 - 1.4177222434651193e-05
