Number: 1712
Error: 7.241673833278751e-06
A1: [-1.9371997685497048e-06, -2.1143985383343942e-06, -1.488909860963505e-06, -1.7974863431096326e-06] - [0.20833715910735096, 0.3333351289504377, -0.041663310333135195, 4.440451784287415e-06] - [0.16666485190455013, 0.6666646348549212, 0.16666540858387022, -1.642659535243715e-06] - [-3.2492868263713056e-06, -2.9007168601523763e-06, -2.551976342918853e-06, -3.246511745325362e-06]
A2: [0.16665543957833476, -0.16667825500383524, -1.2130987606565122e-05, -1.1257637752007428e-05] - [0.16658222355037638, 0.33324622705106904, -9.036473629126337e-05, -8.456287816507787e-05] - [0.16663185608113837, 0.8332974336763079, -3.70939644860708e-05, -3.4839916222104e-05] - [9.192956949818775e-06, 9.473916116776717e-06, 9.7285358981598e-06, 9.19295369228948e-06]
B1: 0.16670182916001008 - 0.6665893636555457 - 0.16657568045027046 - 5.141387280379776e-05
B2: 0.1666932200247683 - 0.6666982172697763 - 0.16670766964268918 - 2.7299716488763336e-05
