Number: 377
Error: 2.807503883332443e-06
A1: [-3.0470979277743743e-06, -2.3170625157980845e-06, -1.4110246531891891e-06, -3.0143922942795265e-06] - [0.20832249754725574, 0.33332526417264896, -0.041671181550724044, -1.0691735357345454e-05] - [0.16666306263194805, 0.6666638500652075, 0.16666485491418437, -3.5637358296111187e-06] - [-7.089139972693958e-07, -6.326354271904533e-07, -5.56307588503396e-07, -7.083067313862513e-07]
A2: [0.16667659349334316, -0.1666565395714258, 1.0252761808614475e-05, 9.920154072194954e-06] - [0.16669446725701434, 0.33336163879559094, 2.8548871612217702e-05, 2.777445183609463e-05] - [0.1666698082202003, 0.8333365011438406, 3.140340139569563e-06, 3.135157371440633e-06] - [2.029839169108881e-06, 2.091845888555837e-06, 2.148033878660262e-06, 2.029837987108924e-06]
B1: 0.16664955096446238 - 0.666657957681373 - 0.16668811020632637 - -1.3273374330074363e-05
B2: 0.16664500628638879 - 0.666637731760703 - 0.16663396334412928 - -2.149258851896448e-05
