Number: 1225
Error: 3.291289622537328e-06
A1: [-5.959757586290882e-06, -5.369637175642138e-06, -4.2052911701101526e-06, -5.855888426460406e-06] - [0.20831504112074722, 0.33331671264335433, -0.041679046913889614, -1.7834596215639456e-05] - [0.16665944370954036, 0.6666601313845962, 0.16666152791297453, -7.094822858298214e-06] - [-2.3226196505288195e-06, -2.0733830031756312e-06, -1.824010963076587e-06, -2.3206337695151306e-06]
A2: [0.16668146783206036, -0.1666514674799744, 1.540257510069777e-05, 1.4779332270325405e-05] - [0.166694497546901, 0.3333618306262359, 2.848639593531494e-05, 2.7745297848887386e-05] - [0.1666630532501709, 0.8333295702217988, -4.048958855583897e-06, -3.634373640339991e-06] - [6.58207386255392e-06, 6.783228054175489e-06, 6.965519324688692e-06, 6.582070907869922e-06]
B1: 0.1666414944364208 - 0.6666267254201582 - 0.16668265427227355 - -1.2912593131449284e-05
B2: 0.16663448648415782 - 0.6666215481419129 - 0.1666143331091538 - -3.164503842233454e-05
