Number: 976
Error: 7.653066388287885e-06
A1: [6.227867367500074e-07, 5.695146404665245e-07, 9.733132816148865e-07, 7.007059954593838e-07] - [0.20834376089991022, 0.3333426911563935, -0.04165633371319453, 1.076996656798808e-05] - [0.16666802656948132, 0.6666678984723465, 0.16666833465368772, 1.455743277808064e-06] - [-1.8484111595115822e-06, -1.6499990390216577e-06, -1.4514736483015957e-06, -1.8468298419221042e-06]
A2: [0.16665120056609486, -0.16668266641091775, -1.6610534529982873e-05, -1.548348355578288e-05] - [0.16658215192630046, 0.33324601252759906, -9.036087583387334e-05, -8.458287320254887e-05] - [0.16663770510508544, 0.8333034348406306, -3.086901700195978e-05, -2.8978244138173127e-05] - [5.242331896829343e-06, 5.402533950208612e-06, 5.547710988195417e-06, 5.242329305530826e-06]
B1: 0.16670924102372747 - 0.6666168463607586 - 0.1665807480621652 - 5.1519734447208866e-05
B2: 0.16670180708969032 - 0.6667118235811104 - 0.1667243768874034 - 3.55677351567775e-05
