Number: 1981
Error: 3.710584785238958e-06
A1: [-8.590414137437913e-06, -8.127771386311369e-06, -6.735914698983061e-06, -8.423074027657912e-06] - [0.208308254307018, 0.3333089386587103, -0.041686220129718524, -2.4341740220423327e-05] - [0.1666561819618555, 0.6666567780314249, 0.1666585210107138, -1.0278241055462858e-05] - [-3.7611456689371767e-06, -3.357713886742363e-06, -2.9540962273650553e-06, -3.7579353911140663e-06]
A2: [0.16668581914190453, -0.16664693908511702, 2.0001035231509117e-05, 1.9117126732178967e-05] - [0.16669456136359848, 0.333362041270772, 2.8473017732261944e-05, 2.775611525740225e-05] - [0.16665704330786013, 0.8333234040226523, -1.0444949048531338e-05, -9.657300475184755e-06] - [1.0639783662680945e-05, 1.0964968187464819e-05, 1.1259671701630888e-05, 1.0639780462343659e-05]
B1: 0.16663383624209427 - 0.6665984454256808 - 0.16667739072742502 - -1.3066577636172916e-05
B2: 0.16662573844195924 - 0.6666076401126014 - 0.1665972337218837 - -4.006557063940711e-05
