Number: 2877
Error: 4.2019799689909175e-06
A1: [-1.1718878158293653e-05, -1.140797101799408e-05, -9.747160505891205e-06, -1.1476309415834608e-05] - [0.20830016727238956, 0.33329967894052115, -0.04169477062412937, -3.209728894189168e-05] - [0.16665230533775965, 0.6666527921588976, 0.16665494498906797, -1.406203329356982e-05] - [-5.465921580958243e-06, -4.879741232388653e-06, -4.2933463778298255e-06, -5.46126569930357e-06]
A2: [0.16669096296627386, -0.1666415852759585, 2.5438028043525655e-05, 2.4244933102599196e-05] - [0.1666945894488329, 0.3333622437619488, 2.841047176769775e-05, 2.772138007064355e-05] - [0.16664990944630165, 0.8333160850404361, -1.803620278425492e-05, -1.6806555328578157e-05] - [1.5448169360526815e-05, 1.592032845174293e-05, 1.634825036732428e-05, 1.5448167528754915e-05]
B1: 0.16662477912228052 - 0.6665649164178933 - 0.16667110562378418 - -1.3230364453195047e-05
B2: 0.16661548987034586 - 0.6665912420433745 - 0.16657701733356142 - -4.992596129893727e-05
