Number: 16
Error: 8.221430219647311e-06
A1: [3.680147479619217e-06, 3.76984540312421e-06, 3.865769577089418e-06, 3.677730744435767e-06] - [0.2083512292430439, 0.3333513377876285, -0.04164852540623336, 1.7884250186402557e-05] - [0.16667187893363533, 0.6666718483892327, 0.16667182573493838, 5.208898223864455e-06] - [-2.0957435641492012e-08, -1.840639129469e-08, -1.5853553262349692e-08, -2.0939770407195526e-08]
A2: [0.166645684750217, -0.16668840297179977, -2.2431887744008275e-05, -2.098212586332146e-05] - [0.16658219210211964, 0.33324587956369306, -9.019611646513767e-05, -8.447536304406797e-05] - [0.16664538740050935, 0.8333113180769502, -2.2691553820632173e-05, -2.1279455945932564e-05] - [8.866614964905033e-08, 9.133690302820936e-08, 9.375415346813853e-08, 8.866614636731103e-08]
B1: 0.16671780161556998 - 0.6666517542536509 - 0.1665865830245212 - 5.055259764344172e-05
B2: 0.16671562600414527 - 0.6667312954996337 - 0.1667469442814394 - 4.8970525222696254e-05
