Number: 350
Error: 8.0142333737466e-06
A1: [2.773400399916387e-06, 2.8231405819701236e-06, 3.035967537879125e-06, 2.79878379263124e-06] - [0.20834926564269823, 0.3333490033524259, -0.04165052905720102, 1.604322497225482e-05] - [0.16667069854595834, 0.6666706438058597, 0.16667079054207906, 4.062875423176749e-06] - [-6.568053111160995e-07, -5.861103735160402e-07, -5.153696227425699e-07, -6.562426760911311e-07]
A2: [0.16664760671639411, -0.16668640612510024, -2.0407467913708095e-05, -1.9066134551799905e-05] - [0.16658214864481669, 0.33324589048257097, -9.029456576192281e-05, -8.454224577426192e-05] - [0.16664269694926317, 0.833308556704665, -2.5556256497662534e-05, -2.3975644626072007e-05] - [1.8817696933944247e-06, 1.93925011388134e-06, 1.9913362850526885e-06, 1.88176859612603e-06]
B1: 0.16671500313385568 - 0.6666397330732855 - 0.16658462120504214 - 5.106803921125606e-05
B2: 0.16670973241430947 - 0.6667239296239171 - 0.16673902515534106 - 4.322170930789181e-05
