Number: 235
Error: 2.72205199443155e-06
A1: [-2.565883205288045e-06, -1.813203408767181e-06, -9.512087985779969e-07, -2.545088111020217e-06] - [0.2083237187885944, 0.3333266657466559, -0.04166989793247625, -9.52297537733118e-06] - [0.16666366150030032, 0.6666644649055479, 0.16666540342607797, -2.979569928075605e-06] - [-4.3868574825234186e-07, -3.9136858500345504e-07, -3.4401987346958146e-07, -4.383099149902717e-07]
A2: [0.16667578609452874, -0.16665737977317704, 9.399834655963267e-06, 9.115293984784775e-06] - [0.1666945009342499, 0.33336164659464446, 2.8600326293338693e-05, 2.781808268892241e-05] - [0.16667094983465786, 0.8333376724944291, 4.355200303773793e-06, 4.279209756082513e-06] - [1.2674614406790293e-06, 1.306164577510939e-06, 1.3412345093036648e-06, 1.26746069798299e-06]
B1: 0.16665061892070157 - 0.6666629388972568 - 0.16668880716889947 - -1.361470739392036e-05
B2: 0.16664703172589584 - 0.6666406831059444 - 0.16663746711292315 - -1.9528662401941803e-05
