Number: 1879
Error: 3.6542947033443645e-06
A1: [-8.231939080128041e-06, -7.751891388305444e-06, -6.390523391440852e-06, -8.073165623795456e-06] - [0.20830918429968948, 0.3333100026715816, -0.041685236338483374, -2.3449493763970634e-05] - [0.16665662563036535, 0.6666572342675454, 0.1666589307150723, -9.845143643767065e-06] - [-3.5670654737698218e-06, -3.1844378450423448e-06, -2.8016297387545845e-06, -3.564020141835581e-06]
A2: [0.16668523307393865, -0.1666475490786885, 1.9381552357013904e-05, 1.8532882237084516e-05] - [0.1666945558160089, 0.33336201581751285, 2.847768743843745e-05, 2.77577185683926e-05] - [0.166657854710395, 0.8333242364934781, -9.58148897846582e-06, -8.844145890492194e-06] - [1.0092347399947458e-05, 1.0400798732335308e-05, 1.0680335972927418e-05, 1.0092344157919659e-05]
B1: 0.16663486151842566 - 0.6666022545169993 - 0.1666780960949852 - -1.3053760478491159e-05
B2: 0.1666269005855508 - 0.6666095095511647 - 0.16659954547518563 - -3.894761500737808e-05
