Number: 2096
Error: 7.029147792369142e-06
A1: [-3.271185479007651e-06, -3.5130151226781834e-06, -2.771846705524175e-06, -3.0992350364847836e-06] - [0.20833372109015494, 0.33333118994699246, -0.04166694374300709, 1.1444818950415723e-06] - [0.16666319714243247, 0.6666629337111344, 0.1666638835570796, -3.2576381369721467e-06] - [-3.980135709197952e-06, -3.553223157981026e-06, -3.1261193001513095e-06, -3.9767394143348664e-06]
A2: [0.16665764953342427, -0.16667595508130587, -9.795486428978958e-06, -9.054552063758615e-06] - [0.16658225478562166, 0.3332463329744683, -9.037261642531728e-05, -8.455858177189112e-05] - [0.16662880291946974, 0.8332943011765167, -4.034318554215102e-05, -3.789967816975448e-05] - [1.1253936166321312e-05, 1.1597892041002108e-05, 1.1909609270086169e-05, 1.1253933042747538e-05]
B1: 0.1666979150871911 - 0.6665749738744567 - 0.16657298047487626 - 5.131148503364629e-05
B2: 0.16668878715011984 - 0.6666911703404377 - 0.16669900961794087 - 2.3033308053880793e-05
