Number: 1515
Error: 3.4527776930504832e-06
A1: [-6.968989870093983e-06, -6.427757119671627e-06, -5.176122523036433e-06, -6.840772702007954e-06] - [0.20831243732177124, 0.3333137302212638, -0.04168179881991446, -2.033111268248461e-05] - [0.16665819241748767, 0.6666588449652824, 0.16666037441114256, -8.316066573875132e-06] - [-2.874448014139212e-06, -2.5660623257213476e-06, -2.2575190112593742e-06, -2.8719919490248876e-06]
A2: [0.16668313763694984, -0.1666497297549431, 1.716716582310713e-05, 1.644395267448746e-05] - [0.1666945243244309, 0.33336191368042656, 2.8483467098668302e-05, 2.775174558286407e-05] - [0.16666074839166634, 0.8333272054111337, -6.501928086639869e-06, -5.944212587125505e-06] - [8.138672877203492e-06, 8.387407108434198e-06, 8.612820515131958e-06, 8.138669676875034e-06]
B1: 0.16663856898693427 - 0.6666158909473389 - 0.16668065064758172 - -1.2959399363440303e-05
B2: 0.16663111546147763 - 0.6666161975343861 - 0.1666077581117134 - -3.4890431215901826e-05
