Number: 607
Error: 2.9418038869496784e-06
A1: [-3.822345707687165e-06, -3.129153632851451e-06, -2.151946781862873e-06, -3.770352389919607e-06] - [0.2083205352836034, 0.33332300926675856, -0.04167324596291456, -1.256900868818212e-05] - [0.1666620963425964, 0.6666628577970646, 0.16666396996565785, -4.506215407071026e-06] - [-1.146603962537918e-06, -1.023415416694647e-06, -9.001510173683216e-07, -1.1456222113854018e-06]
A2: [0.16667791190595715, -0.1666551678167277, 1.1645311420469495e-05, 1.123445463545767e-05] - [0.166694456079011, 0.3333616704229801, 2.8510565709944692e-05, 2.77471512971848e-05] - [0.16666797009263204, 0.8333346150845792, 1.1840103772243086e-06, 1.2930807836547758e-06] - [3.264606747756571e-06, 3.3643565377759293e-06, 3.4547484179662235e-06, 3.2646049352964106e-06]
B1: 0.16664751699987754 - 0.6666496190667025 - 0.16668674438160846 - -1.3024492261981817e-05
B2: 0.1666419409500014 - 0.6666331776728182 - 0.16662852511992687 - -2.4458288274519858e-05
