Number: 89
Error: 2.6310709005111497e-06
A1: [-2.1015898263849456e-06, -1.3276618654402437e-06, -5.12986097951638e-07, -2.093011483122987e-06] - [0.208324850863977, 0.33332797513545087, -0.04166871792213321, -8.444740717223976e-06] - [0.16666424602324093, 0.6666650638419569, 0.16666593215532688, -2.4101338640837775e-06] - [-1.6084638420323812e-07, -1.4330506933808606e-07, -1.2575156418055466e-07, -1.6070869993822807e-07]
A2: [0.16667495899479065, -0.16665824014447947, 8.526828522132912e-06, 8.290804704293672e-06] - [0.16669455627489707, 0.3333616767953328, 2.867683213006614e-05, 2.7883658022195967e-05] - [0.16667213090333244, 0.8333388844145049, 5.612115734377993e-06, 5.462785128646754e-06] - [4.83583557800638e-07, 4.983258939228456e-07, 5.116824220552589e-07, 4.835833014045782e-07]
B1: 0.16665158313626088 - 0.6666679493595723 - 0.1666894353526673 - -1.4099217292327267e-05
B2: 0.16664940172587253 - 0.6666439084271991 - 0.16664115768911114 - -1.7221914280308258e-05
