Number: 1308
Error: 7.46664001712141e-06
A1: [-5.316752370792096e-07, -6.407899629927197e-07, -1.3692728868766984e-07, -4.258811868923608e-07] - [0.20834078432837116, 0.33333928158898235, -0.04165947888748898, 7.91621596347365e-06] - [0.16666659489282726, 0.6666664267265073, 0.1666670152344967, 5.846831214182443e-08] - [-2.4803417400054176e-06, -2.2141951773130817e-06, -1.94790663690306e-06, -2.4782214221082362e-06]
A2: [0.16665311285699874, -0.16668067638163883, -1.4589795516268248e-05, -1.3577131872958912e-05] - [0.16658218426290627, 0.3332461092142742, -9.036280575752364e-05, -8.45738251723791e-05] - [0.16663506661302402, 0.8333007276929948, -3.367713463998408e-05, -3.162244121956306e-05] - [7.024473630580301e-06, 7.2391497894558875e-06, 7.4336959629013295e-06, 7.024470589244896e-06]
B1: 0.16670592446095756 - 0.6666044756784807 - 0.16657848844054748 - 5.1498843280578505e-05
B2: 0.16669790438693236 - 0.6667056580031234 - 0.16671681392441318 - 3.1808947831212284e-05
