Number: 794
Error: 7.75622552763558e-06
A1: [1.2431893635205448e-06, 1.219758596210496e-06, 1.5679294599547536e-06, 1.3058394571371301e-06] - [0.20834534221740555, 0.3333445067493065, -0.04165466615359484, 1.2284002003205818e-05] - [0.16666879871220672, 0.6666686918103144, 0.1666690437121166, 2.209038587800888e-06] - [-1.5019791307016966e-06, -1.3406985883173827e-06, -1.1793225492771143e-06, -1.500693652907102e-06]
A2: [0.1666501511995729, -0.16668375824501014, -1.7719052534112793e-05, -1.652959422873282e-05] - [0.16658213334625072, 0.3332459591236432, -9.035976634334934e-05, -8.458868704048526e-05] - [0.16663915211828487, 0.8333049195676524, -2.932886469016215e-05, -2.7528103757701352e-05] - [4.2653310816184425e-06, 4.3956693998711714e-06, 4.513782033633576e-06, 4.265328839805261e-06]
B1: 0.16671105026106453 - 0.6666236211440097 - 0.1665819819527316 - 5.152234700740087e-05
B2: 0.16670403227768832 - 0.6667152499940846 - 0.16672852775646296 - 3.771403048282698e-05
