Number: 2724
Error: 6.683742019708073e-06
A1: [-5.464304824304168e-06, -5.812480500406434e-06, -4.882791228491754e-06, -5.239625210672579e-06] - [0.2083280520187058, 0.33332469890592514, -0.04167293770068618, -4.292245639327068e-06] - [0.16666047928590422, 0.6666601393348546, 0.1666613765052751, -5.910426746628353e-06] - [-5.175312487443446e-06, -4.6202778622033015e-06, -4.065031357818411e-06, -5.170902623838553e-06]
A2: [0.16666125628784403, -0.16667220110142003, -5.9832092356512424e-06, -5.4590319084447176e-06] - [0.1665822800709117, 0.33324648067581925, -9.041071234997473e-05, -8.457735562241986e-05] - [0.1666238040682805, 0.8332891726116891, -4.5662598314026786e-05, -4.290932541128524e-05] - [1.4624170864314668e-05, 1.5071142070676014e-05, 1.5476232653696566e-05, 1.4624168672523994e-05]
B1: 0.16669156030244797 - 0.6665514707008838 - 0.1665685771899993 - 5.11901616613616e-05
B2: 0.16668160056744266 - 0.6666796726172357 - 0.16668483575084814 - 1.6118976007135514e-05
