Number: 2252
Error: 6.943111538687224e-06
A1: [-3.812330065994599e-06, -4.080373031277962e-06, -3.2921689345577125e-06, -3.6272844588240336e-06] - [0.20833232754092268, 0.33332959304004783, -0.04166841634025961, -1.9136456735273531e-07] - [0.1666625256879519, 0.6666622434560496, 0.1666632648869392, -3.912932095520021e-06] - [-4.277035006647173e-06, -3.818295909178443e-06, -3.3593588480232225e-06, -4.2733866582452755e-06]
A2: [0.16665854676133582, -0.16667502131094278, -8.847267465367808e-06, -8.160114838091391e-06] - [0.1665822651908399, 0.3332463737084526, -9.037812491415912e-05, -8.455912084815843e-05] - [0.16662756196981707, 0.8332930279950751, -4.166378573738998e-05, -3.914330943094189e-05] - [1.209116588587081e-05, 1.2460712780504905e-05, 1.2795625220358718e-05, 1.2091162911241197e-05]
B1: 0.1666963228150583 - 0.6665691241180968 - 0.16657187776567417 - 5.12676735854299e-05
B2: 0.16668698733593776 - 0.6666883109860319 - 0.1666954974924141 - 2.130112228594327e-05
