Number: 2406
Error: 6.8583277431919415e-06
A1: [-4.351130362639502e-06, -4.645308368869742e-06, -3.810930529555504e-06, -4.153153288492445e-06] - [0.2083309333433444, 0.33332799705071575, -0.041669890657567064, -1.5285819697390788e-06] - [0.16666185819905727, 0.666661557146183, 0.16666264898040234, -4.564463650665363e-06] - [-4.57012199215009e-06, -4.0799643780813135e-06, -3.589603232120791e-06, -4.5662250008213785e-06]
A2: [0.16665943128035512, -0.16667410067982696, -7.912331672716731e-06, -7.2783507202781915e-06] - [0.16658227182229782, 0.3332464103823193, -9.038698999668118e-05, -8.456329358702268e-05] - [0.16662633630027907, 0.8332917705195872, -4.296805863792123e-05, -4.037162633607396e-05] - [1.2917637526283392e-05, 1.3312446555430004e-05, 1.3670256469458655e-05, 1.2917634752227654e-05]
B1: 0.16669476697976612 - 0.6665633635788067 - 0.16657080149306377 - 5.1240439339069794e-05
B2: 0.16668522783342823 - 0.6666854911894465 - 0.1666920181692527 - 1.960838136737097e-05
