Number: 2716
Error: 6.688140737357296e-06
A1: [-5.431024956971924e-06, -5.7775460616767694e-06, -4.849958474795968e-06, -5.207022146998537e-06] - [0.20832814575506425, 0.33332480432103373, -0.041672837410197186, -4.201489616793187e-06] - [0.16666051930687445, 0.6666601806336462, 0.1666614144470756, -5.8712397869332185e-06] - [-5.160089367376672e-06, -4.606686952398846e-06, -4.053072815963665e-06, -5.155692395459988e-06]
A2: [0.1666612113036553, -0.16667224800603703, -6.030903918200379e-06, -5.503872988100623e-06] - [0.16658228231745037, 0.33324648124435047, -9.040790220206196e-05, -8.457454780372231e-05] - [0.16662386807201937, 0.8332892382535482, -4.5594540390964755e-05, -4.284518412940129e-05] - [1.4581240380241524e-05, 1.5026899377651492e-05, 1.5430800534836875e-05, 1.4581238171048962e-05]
B1: 0.16669162344155125 - 0.6665517532144918 - 0.16656861732861047 - 5.117388139047477e-05
B2: 0.16668167385271354 - 0.6666798174791667 - 0.1666850322757373 - 1.618879381452472e-05
