Number: 571
Error: 2.920985609288417e-06
A1: [-3.6840778075872e-06, -2.984145048854021e-06, -2.017103972388224e-06, -3.635119639661287e-06] - [0.20832091064020727, 0.3333234343442119, -0.041672846786967574, -1.2207020257307767e-05] - [0.1666622647206157, 0.6666630312224973, 0.16666412757439383, -4.341580491805429e-06] - [-1.0780961828316763e-06, -9.62250547113869e-07, -8.463330535334478e-07, -1.07717301764224e-06]
A2: [0.16667770786585484, -0.1666553803632297, 1.1429346176724261e-05, 1.1031058035849763e-05] - [0.16669446300824708, 0.3333616702190128, 2.8520858017373898e-05, 2.7756603614529043e-05] - [0.1666682580610529, 0.8333349104956912, 1.4903591345507598e-06, 1.5816672156315679e-06] - [3.071334873070777e-06, 3.165176947154162e-06, 3.2502150336076136e-06, 3.0713331522786862e-06]
B1: 0.16664779661523973 - 0.666650886116501 - 0.16668692066737426 - -1.310225041705013e-05
B2: 0.16664234962388563 - 0.6666338722461215 - 0.16662941392309205 - -2.4065206035550255e-05
