Number: 2386
Error: 6.869331101810502e-06
A1: [-4.27991347475893e-06, -4.570627345719419e-06, -3.7421760807128104e-06, -4.083616990664403e-06] - [0.20833111941521315, 0.3333282096111948, -0.041669693616692295, -1.3499148870886783e-06] - [0.16666194614223104, 0.6666616476043585, 0.16666273036612403, -4.478594036184431e-06] - [-4.532059351011023e-06, -4.04598207886664e-06, -3.5597019419779988e-06, -4.528194640714516e-06]
A2: [0.16665931663896769, -0.16667422002166857, -8.033542435055737e-06, -7.392634329010901e-06] - [0.16658227158481953, 0.3332464062150996, -9.038527277135017e-05, -8.456212791185004e-05] - [0.16662649555962575, 0.8332919339061109, -4.279859817491584e-05, -4.021202316781399e-05] - [1.2810304880127923e-05, 1.3201833157865803e-05, 1.3556669394872237e-05, 1.2810302076996307e-05]
B1: 0.1666949650234983 - 0.6665641079192632 - 0.16657093772501574 - 5.123996111208517e-05
B2: 0.1666854519166402 - 0.6666858568501799 - 0.1666924735729745 - 1.9823794363930933e-05
