Number: 87
Error: 2.6298062792192297e-06
A1: [-2.0991494479309225e-06, -1.3251534686550222e-06, -5.113488794534189e-07, -2.0907347002702012e-06] - [0.20832485057924655, 0.33332797638217543, -0.041668719344874754, -8.445747860775625e-06] - [0.16666425006558921, 0.6666650678566818, 0.16666593498331642, -2.4062943899358884e-06] - [-1.5704057241710715e-07, -1.3990704774334256e-07, -1.2276160667207938e-07, -1.5690615184304097e-07]
A2: [0.16667494707197317, -0.16665825248819252, 8.514348293492371e-06, 8.2789176745742e-06] - [0.16669455559960947, 0.33336167586983795, 2.867663959417956e-05, 2.7883123044408203e-05] - [0.16667214696087054, 0.8333389009069516, 5.629237381954886e-06, 5.4788770311270714e-06] - [4.728472212097657e-07, 4.872613779753278e-07, 5.003205094873788e-07, 4.7284697167875246e-07]
B1: 0.1666516071234663 - 0.666668028442429 - 0.16668945407301056 - -1.4095063089320165e-05
B2: 0.16664944919693622 - 0.6666439553820659 - 0.16664119810450614 - -1.7175310476119583e-05
