Number: 1517
Error: 3.453875858393709e-06
A1: [-6.971320854366751e-06, -6.430165413415665e-06, -5.1776691071493415e-06, -6.84294020804154e-06] - [0.2083124380073324, 0.3333137293422333, -0.04168179706307503, -2.0329705105276437e-05] - [0.16665818846523406, 0.666658841033456, 0.166660371658524, -8.31981608195048e-06] - [-2.8782539331579735e-06, -2.5694604577170292e-06, -2.260509215286625e-06, -2.875794627270829e-06]
A2: [0.16668314993953687, -0.1666497170229473, 1.71800418789208e-05, 1.645621947256219e-05] - [0.1666945265646883, 0.3333619162063225, 2.84852912970269e-05, 2.775384550048449e-05] - [0.16666073273356505, 0.8333271893272282, -6.51863321787504e-06, -5.959905069845663e-06] - [8.149405294818483e-06, 8.398467584177398e-06, 8.624178317166557e-06, 8.149402093449246e-06]
B1: 0.16663853350518626 - 0.6666158016030945 - 0.166680622884552 - -1.2975041461482214e-05
B2: 0.16663107653626935 - 0.6666161593858032 - 0.16660772674352445 - -3.492848877892471e-05
