Number: 2643
Error: 4.074139328289473e-06
A1: [-1.0895200811548921e-05, -1.0544294956607064e-05, -8.953349520080471e-06, -1.0672284527197029e-05] - [0.20830230608779354, 0.3333021255211416, -0.04169250774919043, -3.0045068600098503e-05] - [0.166653324473694, 0.6666538402048522, 0.16665588638475617, -1.3067146410251187e-05] - [-5.020717042534472e-06, -4.482263483757719e-06, -3.943599646978948e-06, -5.016438118700142e-06]
A2: [0.16668962212346594, -0.16664298101180056, 2.40205076212042e-05, 2.290827350123791e-05] - [0.16669459034153822, 0.33336219896138647, 2.8434724994032845e-05, 2.773867951735521e-05] - [0.16665177416733393, 0.8333179980897534, -1.605206646679768e-05, -1.4937813768374225e-05] - [1.419248311852248e-05, 1.4626260677027605e-05, 1.5019392235734233e-05, 1.4192480755744688e-05]
B1: 0.16662711891508425 - 0.6665736520199839 - 0.16667273127706753 - -1.3213114787135238e-05
B2: 0.1666181392559176 - 0.6665955181930205 - 0.1665823125794329 - -4.737795373649034e-05
