Number: 1969
Error: 3.703979004264696e-06
A1: [-8.55247152347894e-06, -8.088018564794704e-06, -6.699986082543897e-06, -8.386135195638315e-06] - [0.20830834667916853, 0.33330904584162147, -0.04168612334046919, -2.4253792467857394e-05] - [0.16665622988346165, 0.6666568271915576, 0.16665856445667307, -1.023155900434969e-05] - [-3.7383124396523913e-06, -3.3373280714906143e-06, -2.936158438934162e-06, -3.7351215636606277e-06]
A2: [0.16668574947703013, -0.16664701152914577, 1.9927512452710987e-05, 1.9047676414913e-05] - [0.1666945588441682, 0.3333620365030192, 2.847189306487206e-05, 2.7754437235340672e-05] - [0.16665713855280173, 0.8333235017574584, -1.034355638551518e-05, -9.561849377669641e-06] - [1.057538219522202e-05, 1.0898598190934993e-05, 1.1191517503050644e-05, 1.0575378988748277e-05]
B1: 0.16663397088141726 - 0.6665989069567835 - 0.1666774865033898 - -1.3051039026157625e-05
B2: 0.16662588944428816 - 0.6666078611390089 - 0.16659749287076445 - -3.9919768111165976e-05
