Number: 1802
Error: 7.191742668801903e-06
A1: [-2.257732826028883e-06, -2.4505210668219037e-06, -1.7983607125548483e-06, -2.110456187651391e-06] - [0.20833632159102383, 0.33333417223865847, -0.04166419719579922, 3.6362584548269545e-06] - [0.16666445610703318, 0.6666642277409008, 0.16666504230305898, -2.0291249303616367e-06] - [-3.4205803054287003e-06, -3.0536486557616858e-06, -2.686541032241676e-06, -3.4176595301360172e-06]
A2: [0.16665595639320002, -0.1666777170366125, -1.1584612509909034e-05, -1.0742432903093116e-05] - [0.16658222811506912, 0.3332462492934835, -9.036898580336029e-05, -8.456462713899719e-05] - [0.16663114027023215, 0.8332966992908932, -3.785568485664872e-05, -3.5557273991035926e-05] - [9.676012575125354e-06, 9.971737025322535e-06, 1.0239739210206762e-05, 9.676009319282042e-06]
B1: 0.16670093806837155 - 0.6665860166780515 - 0.1665750726951741 - 5.1416176473078335e-05
B2: 0.1666922063949898 - 0.6666965664143814 - 0.1667056148175752 - 2.6325100952458933e-05
