Number: 73
Error: 2.620943782055913e-06
A1: [-2.082060045073662e-06, -1.3075885131977163e-06, -4.998827589062325e-07, -2.074790473925583e-06] - [0.20832484861087971, 0.333327985131937, -0.041668729283452055, -8.452773142229457e-06] - [0.16666427836760062, 0.6666650959648819, 0.1666659547839081, -2.3794125039983526e-06] - [-1.303998984588974e-07, -1.1612090354748633e-07, -1.0183191907359585e-07, -1.302883253795152e-07]
A2: [0.16667486363625364, -0.16665833886965095, 8.42701169259036e-06, 8.195732469033555e-06] - [0.16669455097133604, 0.33336166949231033, 2.867539471679891e-05, 2.7879476938460183e-05] - [0.1666722593887927, 0.8333390163797956, 5.74911512769556e-06, 5.59154550379321e-06] - [3.976926498208502e-07, 4.0980954556223234e-07, 4.2078689560492204e-07, 3.9769244827635683e-07]
B1: 0.166651774320186 - 0.6666685813863136 - 0.16668958455628832 - -1.4066696927156688e-05
B2: 0.16664978202276812 - 0.6666442846106155 - 0.166641481571576 - -1.6848555447296853e-05
