Number: 2802
Error: 6.641055351914388e-06
A1: [-5.722872198687355e-06, -6.0834789198049165e-06, -5.129598818215221e-06, -5.491656906283287e-06] - [0.20832740358032592, 0.3333239515029521, -0.04167362024170631, -4.911879934554611e-06] - [0.16666015569141482, 0.6666598070206252, 0.1666610806588921, -6.22595342832031e-06] - [-5.323756708036485e-06, -4.752809138009793e-06, -4.1816482881610055e-06, -5.319221156206313e-06]
A2: [0.16666170612219303, -0.16667173309909142, -5.508088840709009e-06, -5.010592897916629e-06] - [0.16658228747640963, 0.3332465029763709, -9.041181101704417e-05, -8.457542270392439e-05] - [0.16662318344465663, 0.8332885358398314, -4.6323113465687594e-05, -4.3531290107814684e-05] - [1.5042738376385526e-05, 1.5502503582705624e-05, 1.591919109568065e-05, 1.5042736362020693e-05]
B1: 0.16669072702145118 - 0.6665485082230743 - 0.1665679875527923 - 5.11310396477406e-05
B2: 0.16668066229572165 - 0.6666782419840778 - 0.16668311819759632 - 1.5214521798266793e-05
