Number: 1221
Error: 3.289018697176916e-06
A1: [-5.931124569292902e-06, -5.339503729370958e-06, -4.175535970695571e-06, -5.827605348947717e-06] - [0.20831513628556303, 0.33331681635788546, -0.041678943053081854, -1.774096792268662e-05] - [0.16665947583486024, 0.6666601648295564, 0.16666156035928598, -7.06312624440823e-06] - [-2.315008644598984e-06, -2.0665882657010302e-06, -1.8180328260645425e-06, -2.3130292526452527e-06]
A2: [0.16668144729930953, -0.16665148907368207, 1.5380479670926726e-05, 1.4758870922345072e-05] - [0.16669450370338165, 0.3333618356801297, 2.8492289674152393e-05, 2.7751734318187283e-05] - [0.1666630857939363, 0.8333296035530988, -4.014453790230615e-06, -3.601761283649352e-06] - [6.56059517717999e-06, 6.761092848494137e-06, 6.942789119779988e-06, 6.560592227170293e-06]
B1: 0.1666414863243594 - 0.6666268285595054 - 0.16668263775823836 - -1.296045201121246e-05
B2: 0.16663448298346148 - 0.6666216178049558 - 0.1666144680472543 - -3.1650268231092296e-05
