Number: 1384
Error: 7.424208970047232e-06
A1: [-7.880550635243315e-07, -9.095220933600685e-07, -3.823232152267471e-07, -6.758877212118891e-07] - [0.20834013470176796, 0.33333853457985246, -0.041660163638581146, 7.2946743087853785e-06] - [0.16666627512222174, 0.6666660982201069, 0.1666667220328895, -2.534351002229067e-07] - [-2.6249989334153126e-06, -2.3433470342617313e-06, -2.0615472519189224e-06, -2.6227553466080626e-06]
A2: [0.16665355202043194, -0.1666802194820109, -1.4125928846273084e-05, -1.313932801927721e-05] - [0.16658219553454603, 0.33324613507172013, -9.035967916896939e-05, -8.456788479821287e-05] - [0.16663446313626207, 0.8333001084864848, -3.431947022195315e-05, -3.222722404051325e-05] - [7.43241851587758e-06, 7.659564165939975e-06, 7.865411500671052e-06, 7.432415405973547e-06]
B1: 0.1667051306968605 - 0.6666016108167819 - 0.16657793961488765 - 5.1459483561817565e-05
B2: 0.16669699224444126 - 0.6667042523931522 - 0.1667151142868797 - 3.0929751031956164e-05
