Number: 2458
Error: 6.829736162902495e-06
A1: [-4.531505880417414e-06, -4.83442083735071e-06, -3.984364305331878e-06, -4.329163875777608e-06] - [0.2083304688453943, 0.33332746476829467, -0.04167038150376897, -1.973845983218116e-06] - [0.16666163438720016, 0.6666613270676932, 0.16666244276235942, -4.782888919778716e-06] - [-4.6690857924593e-06, -4.1683193661276035e-06, -3.6673477532280064e-06, -4.665104883379774e-06]
A2: [0.1666597301112715, -0.16667378966874094, -7.5965043603393305e-06, -6.980450029951775e-06] - [0.16658227435952894, 0.3332464230282081, -9.038975754806003e-05, -8.456440457671113e-05] - [0.16662592242119215, 0.8332913458964797, -4.340848800705595e-05, -4.078639937025219e-05] - [1.3196700328606125e-05, 1.3600039252531867e-05, 1.3965580701752371e-05, 1.319669763424101e-05]
B1: 0.16669423696921976 - 0.6665614137454823 - 0.166570433280925 - 5.1226570891410196e-05
B2: 0.16668462856392846 - 0.666684538752094 - 0.16669084815534913 - 1.903165512045528e-05
