Number: 404
Error: 7.982101350457196e-06
A1: [2.589369189106101e-06, 2.6303995137134445e-06, 2.859877067706446e-06, 2.619283050750072e-06] - [0.20834879702578427, 0.33334846576623, -0.041651022176901045, 1.5594570362234313e-05] - [0.16667046967715052, 0.6666704087738208, 0.16667058064447013, 3.839598868201904e-06] - [-7.596000783135898e-07, -6.778879175955331e-07, -5.96123399336603e-07, -7.589494400293499e-07]
A2: [0.16664791478337754, -0.16668608554495182, -2.0082016400262145e-05, -1.8759033592462302e-05] - [0.16658214040296593, 0.33324589222557577, -9.030930809188517e-05, -8.455427515947041e-05] - [0.1666422640292098, 0.8333081125083747, -2.6016973928821566e-05, -2.440949236874853e-05] - [2.1716687234683745e-06, 2.238010450156841e-06, 2.298126915983713e-06, 2.1716674660376335e-06]
B1: 0.16671456784137392 - 0.6666378134468535 - 0.16658433466347328 - 5.1168713383964323e-05
B2: 0.16670899046696913 - 0.6667228321626151 - 0.1667377140130654 - 4.250316877896481e-05
