Number: 729
Error: 3.0117130049649607e-06
A1: [-4.229352659994233e-06, -3.5555902367763498e-06, -2.5405209192893437e-06, -4.1671326016566296e-06] - [0.2083195110648115, 0.3333218303106886, -0.041674323387768934, -1.354816163914123e-05] - [0.16666158788459384, 0.666662335691363, 0.16666350491583112, -5.002048106559295e-06] - [-1.378767388571923e-06, -1.2306960627140367e-06, -1.0825357865805844e-06, -1.3775871737725268e-06]
A2: [0.16667861486302538, -0.16665443652533649, 1.238766361692738e-05, 1.193523050113024e-05] - [0.1666944642237663, 0.33336170148198474, 2.850470058748509e-05, 2.7746743792554567e-05] - [0.16666699847024435, 0.8333336181012738, 1.498072191499196e-07, 3.1936354883538897e-07] - [3.91953898685792e-06, 4.039308028074601e-06, 4.147842242762098e-06, 3.919536883671066e-06]
B1: 0.16664633527981915 - 0.6666451035464298 - 0.16668593776674032 - -1.2995266137649807e-05
B2: 0.1666403717961792 - 0.6666308313135636 - 0.16662572266810022 - -2.5974589613572707e-05
