Number: 1906
Error: 7.1341477874017205e-06
A1: [-2.618525907183638e-06, -2.828790413445993e-06, -2.145271941944984e-06, -2.462518838016864e-06] - [0.20833539245698698, 0.33333310753393286, -0.041665179021861815, 2.745593769859874e-06] - [0.16666400844268237, 0.6666637675432515, 0.16666462983271416, -2.4660149621711604e-06] - [-3.618519628336144e-06, -3.230370184338005e-06, -2.84203892601188e-06, -3.61543056870628e-06]
A2: [0.16665655509419713, -0.16667709397358427, -1.0951918205278698e-05, -1.0145592369938114e-05] - [0.1665822371222995, 0.3332462785172428, -9.03705964825558e-05, -8.456291580035007e-05] - [0.16663031347796356, 0.8332958510097159, -3.8735579627587424e-05, -3.6385853804860205e-05] - [1.0234199760958365e-05, 1.054698599178536e-05, 1.0830452146576305e-05, 1.023419652972357e-05]
B1: 0.1666998763176419 - 0.6665821180585757 - 0.16657434039271612 - 5.138676001298366e-05
B2: 0.16669100368704393 - 0.6666946572800125 - 0.16670327043490174 - 2.5167477449984887e-05
