Number: 117
Error: 2.6488191652637524e-06
A1: [-2.183636186940767e-06, -1.4133579245973786e-06, -5.891820469592442e-07, -2.1727216222684055e-06] - [0.20832466201111674, 0.3333277539807106, -0.04166891256146685, -8.623295095933531e-06] - [0.1666641410346972, 0.6666649565143135, 0.1666658387172431, -2.512235835740643e-06] - [-2.1413022075070535e-07, -1.9087869821223214e-07, -1.6761117821459375e-07, -2.1394684793124806e-07]
A2: [0.1666751179736259, -0.1666580748637566, 8.694452180835573e-06, 8.449282853920133e-06] - [0.16669454530423553, 0.3333616704113373, 2.8661332522115937e-05, 2.7870724361081183e-05] - [0.1666719038600474, 0.8333386514160832, 5.3704506403194375e-06, 5.235261067754291e-06] - [6.339162671373499e-07, 6.532538273717133e-07, 6.707745552157081e-07, 6.339159150329695e-07]
B1: 0.1666513987193868 - 0.6666669872269537 - 0.16668931193935677 - -1.4005834065732034e-05
B2: 0.1666489049688709 - 0.6666432696103145 - 0.16664045290344068 - -1.7706539413076214e-05
