Number: 1962
Error: 7.103191127964638e-06
A1: [-2.8035771148689765e-06, -3.0227341171559352e-06, -2.3218131318563772e-06, -2.6428779155717017e-06] - [0.20833492929685776, 0.33333257345869527, -0.041665666387016805, 2.303112259385366e-06] - [0.16666377671268612, 0.6666635295875465, 0.16666441809863905, -2.6919524009511544e-06] - [-3.725103706540455e-06, -3.3255294350410967e-06, -2.9257703933360926e-06, -3.721924063644511e-06]
A2: [0.1666568789751488, -0.16667675705250218, -1.0609892782755628e-05, -9.822713208412442e-06] - [0.1665822458131325, 0.33324629788906285, -9.036804310316736e-05, -8.455815357276201e-05] - [0.16662986869603222, 0.8332953946322181, -3.920900584581684e-05, -3.683159828751069e-05] - [1.0534757354901486e-05, 1.0856730558496574e-05, 1.114852340822949e-05, 1.0534754146974657e-05]
B1: 0.16669927424229478 - 0.6665799896135606 - 0.16657391803998015 - 5.134052848626451e-05
B2: 0.16669032508569973 - 0.6666936270459212 - 0.16670203616337081 - 2.4513153534922474e-05
