Number: 1492
Error: 7.363961219665081e-06
A1: [-1.1775724829298248e-06, -1.3180122880094974e-06, -7.590709316586492e-07, -1.056324319571849e-06] - [0.20833911007643682, 0.3333373658531995, -0.041661249608128226, 6.310056071786827e-06] - [0.16666579524706163, 0.6666656044970436, 0.16666627704537565, -7.221063830451835e-07] - [-2.8305572078089117e-06, -2.526871146518061e-06, -2.223029234105335e-06, -2.8281385295770983e-06]
A2: [0.1666541717386167, -0.1666795743443111, -1.3470663955439871e-05, -1.2521541860710304e-05] - [0.1665822001679853, 0.333246161005162, -9.036544508509924e-05, -8.457082744260746e-05] - [0.16663360422229567, 0.8332992272904673, -3.523345959066223e-05, -3.308799404137158e-05] - [8.012120114916622e-06, 8.256985228341436e-06, 8.478891946313172e-06, 8.012116929758657e-06]
B1: 0.16670408258351638 - 0.666597615774988 - 0.1665772319448979 - 5.14834810911555e-05
B2: 0.16669578519846137 - 0.6667022655354965 - 0.1667126267161644 - 2.9769520716147114e-05
