Number: 1049
Error: 3.1927166825662493e-06
A1: [-5.34685587963349e-06, -4.727072841072881e-06, -3.615711249435334e-06, -5.257764159953483e-06] - [0.2083166228795984, 0.3333185241619856, -0.04167737532541315, -1.63179490061942e-05] - [0.16666020348111354, 0.6666609124704498, 0.1666622283229102, -6.353288598515322e-06] - [-1.987709317889117e-06, -1.774370055057077e-06, -1.5609106504984349e-06, -1.986009101188187e-06]
A2: [0.1666804545745958, -0.16665252194394392, 1.4331820202975524e-05, 1.3769221257400998e-05] - [0.16669448204194828, 0.3333617810321911, 2.8489045527552924e-05, 2.7742130595869425e-05] - [0.16666445226321122, 0.8333310056371909, -2.560024817377153e-06, -2.2323382275745743e-06] - [5.637335463746467e-06, 5.809612080710036e-06, 5.9657320084422575e-06, 5.6373327494592565e-06]
B1: 0.16664324820932327 - 0.6666332798963986 - 0.16668384987984244 - -1.2905875770924218e-05
B2: 0.16663655073743364 - 0.6666248148719092 - 0.1666183439804856 - -2.9657028066757432e-05
