Number: 1351
Error: 3.361563008440787e-06
A1: [-6.394327760115154e-06, -5.82522270576264e-06, -4.622725382970208e-06, -6.279883485131214e-06] - [0.20831392563580348, 0.33331543356124876, -0.041680224931712306, -1.890348370334615e-05] - [0.166658904016465, 0.6666595766569128, 0.166661031164237, -7.621464066972049e-06] - [-2.5623816822123165e-06, -2.2874458987580273e-06, -2.0123646212871826e-06, -2.5601914359229098e-06]
A2: [0.1666821940461967, -0.16665071179176136, 1.6169897907057115e-05, 1.5503293806363923e-05] - [0.16669451104558178, 0.33336186847616256, 2.8486782700683303e-05, 2.774996356658108e-05] - [0.16666205205257892, 0.8333285429622215, -5.114536034049415e-06, -4.637735115529704e-06] - [7.25839808133247e-06, 7.480225270405606e-06, 7.681252474458625e-06, 7.258394996863361e-06]
B1: 0.16664021388766243 - 0.6666220091513636 - 0.16668177551778768 - -1.2942426570117376e-05
B2: 0.16663300481943313 - 0.6666192186459106 - 0.1666114845893294 - -3.307211845632652e-05
