Number: 2589
Error: 4.0446060147631456e-06
A1: [-1.0712490962924551e-05, -1.0352768336149986e-05, -8.778359516479048e-06, -1.0494102864857154e-05] - [0.20830276997630548, 0.3333026587649766, -0.04169201856663512, -2.9601135297379437e-05] - [0.16665355221304798, 0.6666540741972546, 0.16665609534643283, -1.2844996001552268e-05] - [-4.917975047769835e-06, -4.390535132556246e-06, -3.8628862404208025e-06, -4.913783172952476e-06]
A2: [0.16668931130495135, -0.1666433044359949, 2.3692122080890996e-05, 2.2598420398639233e-05] - [0.16669458674363835, 0.3333621849823847, 2.8436855832131546e-05, 2.77388679298419e-05] - [0.16665220397937602, 0.8333184390742849, -1.55946559864263e-05, -1.4507073906315328e-05] - [1.390270540069733e-05, 1.4327625536322981e-05, 1.471272853477315e-05, 1.3902702932816826e-05]
B1: 0.1666276834457588 - 0.6665756910462043 - 0.16667312805105694 - -1.318454152569351e-05
B2: 0.16661877622997096 - 0.6665965075977001 - 0.16658351291426984 - -4.676437667210063e-05
