Number: 2594
Error: 6.755052751530752e-06
A1: [-5.001402842441984e-06, -5.327064425552472e-06, -4.435898918131099e-06, -4.787646753723571e-06] - [0.20832926146679748, 0.3333260805239121, -0.04167165696168177, -3.1309278657043872e-06] - [0.1666610509064438, 0.6666607273017583, 0.16666190550373697, -5.352283704028071e-06] - [-4.92791223668022e-06, -4.399399753571397e-06, -3.870678291491808e-06, -4.923711944817749e-06]
A2: [0.16666051177265231, -0.16667297616729704, -6.7704226219448435e-06, -6.201221545816476e-06] - [0.16658228101981384, 0.3332464560863043, -9.039705258213726e-05, -8.456728591095852e-05] - [0.1666248398686158, 0.8332902352395589, -4.456048924219103e-05, -4.187129003736416e-05] - [1.3926543802351999e-05, 1.4352191261390673e-05, 1.4737953460833105e-05, 1.3926541345143822e-05]
B1: 0.16669284486265504 - 0.6665563079684441 - 0.16656946370042036 - 5.118435899716678e-05
B2: 0.1666830560041251 - 0.6666820482946189 - 0.16668779473970818 - 1.7518055287252523e-05
