Number: 84
Error: 8.178116345630638e-06
A1: [3.6209734327520466e-06, 3.709726917146287e-06, 3.836642089746867e-06, 3.6240967248614445e-06] - [0.20835133503722406, 0.3333513969892576, -0.04164836995487442, 1.8014516743870605e-05] - [0.16667176560032443, 0.6666717373738501, 0.16667175645033377, 5.102440204900427e-06] - [-1.5042324559903076e-07, -1.3399844513477039e-07, -1.175623131613141e-07, -1.50294517785645e-07]
A2: [0.16664609380980297, -0.16668797981632885, -2.2004312432563394e-05, -2.0574282578430575e-05] - [0.16658222390885094, 0.3332459192904032, -9.018191197355506e-05, -8.444832496827348e-05] - [0.16664484222033993, 0.8333107580320416, -2.327306966143114e-05, -2.1825804049609003e-05] - [4.5373998394384567e-07, 4.675699432541379e-07, 4.800996819779099e-07, 4.537397489336804e-07]
B1: 0.1667169235561474 - 0.6666490049258478 - 0.1665858881561035 - 5.034881123117997e-05
B2: 0.16671391652799059 - 0.6667296781266977 - 0.16674562784131008 - 4.729052197868597e-05
