Number: 636
Error: 7.84671771926276e-06
A1: [1.7881385666219282e-06, 1.7908931853973146e-06, 2.091049424527349e-06, 1.8375267644837141e-06] - [0.20834674039878673, 0.33334610945691784, -0.041653190818156785, 1.3623749104927321e-05] - [0.166669475358683, 0.6666693871497703, 0.1666696661755164, 2.8693165451685722e-06] - [-1.2012252732003874e-06, -1.0721800190570635e-06, -9.430558961381268e-07, -1.2001968354132034e-06]
A2: [0.16664924290155134, -0.16668470341673866, -1.8678721142801764e-05, -1.7435065741131345e-05] - [0.1665821268490679, 0.33324592244408274, -9.034909793157566e-05, -8.458410171219039e-05] - [0.1666404104307926, 0.8333062106513058, -2.798964050834954e-05, -2.626707659899254e-05] - [3.4171425682372278e-06, 3.5215544887914303e-06, 3.616171370997827e-06, 3.4171406874786763e-06]
B1: 0.16671254441517278 - 0.6666294325149369 - 0.16658298943939912 - 5.144812125650249e-05
B2: 0.16670598811624515 - 0.6667182680547293 - 0.16673219502408243 - 3.9601381129466667e-05
