Number: 1741
Error: 3.5780422117810167e-06
A1: [-7.759608607888707e-06, -7.25672594347398e-06, -5.9373207729835216e-06, -7.612413333846295e-06] - [0.20831039150539163, 0.3333113883256593, -0.04168396209351428, -2.2293307956444957e-05] - [0.16665721308815376, 0.6666578380075336, 0.1666594707778424, -9.271975973175993e-06] - [-3.3044822332171366e-06, -2.950001045436025e-06, -2.5953473838726603e-06, -3.301660188279539e-06]
A2: [0.16668443775631928, -0.1666483766586938, 1.854124819685282e-05, 1.774003176330724e-05] - [0.1666945417621802, 0.3333619751181937, 2.8478046914316677e-05, 2.7753339698072734e-05] - [0.16665895161684632, 0.8333253619393298, -8.414078895147259e-06, -7.744869027923562e-06] - [9.351688069327286e-06, 9.6375000185395e-06, 9.896518107017487e-06, 9.351684808121304e-06]
B1: 0.16663628962911706 - 0.666607446465868 - 0.16667908631356132 - -1.2995424799985573e-05
B2: 0.1666285181571408 - 0.6666120445530366 - 0.16660263722099133 - -3.73898301014135e-05
