Number: 666
Error: 7.829503210118278e-06
A1: [1.7049409885098956e-06, 1.7038699472677694e-06, 2.0142888369508462e-06, 1.7568278650656845e-06] - [0.20834655659899376, 0.33334589143634674, -0.04165338004219379, 1.3450966284384316e-05] - [0.16666936738309984, 0.6666692767820122, 0.1666695708019085, 2.7644293265799737e-06] - [-1.2583340431528156e-06, -1.1231683313055052e-06, -9.879205059202584e-07, -1.2572567817249866e-06]
A2: [0.16664941866536112, -0.16668452082741247, -1.849356353197654e-05, -1.7259838613613914e-05] - [0.16658213643996464, 0.3332459372959585, -9.034372808711764e-05, -8.457661508081831e-05] - [0.16664017238777123, 0.8333059663268372, -2.8243167210711488e-05, -2.6505635050503365e-05] - [3.5781923355041686e-06, 3.6875270510251842e-06, 3.7866051819147138e-06, 3.5781903821740796e-06]
B1: 0.16671219927498868 - 0.6666282700978767 - 0.16658274160795333 - 5.1400717055079324e-05
B2: 0.16670554337271348 - 0.6667176848765235 - 0.16673155531061892 - 3.91696427081726e-05
