Number: 476
Error: 7.939660272538721e-06
A1: [2.33629705388842e-06, 2.3652405081903535e-06, 2.6164450282054e-06, 2.372258912625854e-06] - [0.2083481410902663, 0.33334771597621926, -0.04165171457365956, 1.4965281088096961e-05] - [0.1666701566851165, 0.6666700870915224, 0.1666702920017896, 3.5340706171380276e-06] - [-8.966572471268879e-07, -8.00255432835827e-07, -7.037927587723005e-07, -8.958893122215451e-07]
A2: [0.16664832524541362, -0.166685658308269, -1.9648193363062872e-05, -1.834985958749847e-05] - [0.16658213023161314, 0.3332458956399073, -9.032760365548398e-05, -8.456949659463605e-05] - [0.16664168750543065, 0.8333075209954599, -2.6630470995221243e-05, -2.498725309184669e-05] - [2.5581986609931886e-06, 2.636355387678596e-06, 2.7071789031802007e-06, 2.558197198657478e-06]
B1: 0.16671398300994023 - 0.6666352517508857 - 0.1665839526428758 - 5.1298546707372796e-05
B2: 0.16670805098713945 - 0.6667213944465128 - 0.1667359657514022 - 4.159489779867329e-05
