Number: 995
Error: 3.162373463685167e-06
A1: [-5.16392553538675e-06, -4.5353363074803915e-06, -3.4405263479510303e-06, -5.079362945299893e-06] - [0.2083170875545207, 0.33331905814521245, -0.04167688546180951, -1.587323186421233e-05] - [0.16666043141054798, 0.6666611466422945, 0.16666243744417247, -6.1309498495873605e-06] - [-1.8849515046453362e-06, -1.6826260676502051e-06, -1.480185437129853e-06, -1.8833389827117832e-06]
A2: [0.1666801429040278, -0.1666528462098087, 1.4002605846886117e-05, 1.3458516116476453e-05] - [0.16669447540718374, 0.33336176407015095, 2.8488250195562282e-05, 2.77392813504556e-05] - [0.1666648813509422, 0.8333314459121248, -2.1033106202697536e-06, -1.80232317853231e-06] - [5.347468456390862e-06, 5.5108847686762515e-06, 5.658974817705972e-06, 5.347465829571789e-06]
B1: 0.1666437979699342 - 0.6666353021961376 - 0.16668422754916795 - -1.2892129965639296e-05
B2: 0.16663720613457836 - 0.6666258232124516 - 0.16661956374004036 - -2.90250246753137e-05
