Number: 2659
Error: 4.082858002857445e-06
A1: [-1.0937798848723078e-05, -1.0588857279603213e-05, -8.99236433673395e-06, -1.07135519444874e-05] - [0.20830221510934904, 0.3333020166033411, -0.04169260100270431, -3.0130178922201993e-05] - [0.16665326865319552, 0.6666537831866529, 0.16665583743775655, -1.3121322100844525e-05] - [-5.051160548354465e-06, -4.5094440809969665e-06, -3.967516973635981e-06, -5.046855834744622e-06]
A2: [0.16668971616928183, -0.16664288332846117, 2.41195579899995e-05, 2.300203318306072e-05] - [0.16669459649122284, 0.3333622079304234, 2.843864875969759e-05, 2.7743706994277556e-05] - [0.16665164739700752, 0.8333178679780252, -1.618707837699506e-05, -1.5064859087597006e-05] - [1.4278336463691521e-05, 1.4714738253857347e-05, 1.5110248482976363e-05, 1.4278334133292604e-05]
B1: 0.16662691382736244 - 0.6665730117133355 - 0.16667257922394674 - -1.32594330142693e-05
B2: 0.16661791117443878 - 0.6665952216545726 - 0.16658199149784989 - -4.75990991291928e-05
