Number: 2687
Error: 4.098185567805912e-06
A1: [-1.1042299949128473e-05, -1.069847826147824e-05, -9.093958830814526e-06, -1.081569575243412e-05] - [0.20830193525494745, 0.3333016985784959, -0.041692898388575, -3.039964854449831e-05] - [0.16665314070234383, 0.6666536514392648, 0.16665571811513752, -1.324636556286673e-05] - [-5.104432591097958e-06, -4.557005019757236e-06, -4.009366200703788e-06, -5.1000827541905125e-06]
A2: [0.16668987564378648, -0.16664271723531857, 2.428831080899266e-05, 2.3161007176873395e-05] - [0.1666945939048829, 0.33336221094365254, 2.8433538862112934e-05, 2.7739157647598087e-05] - [0.16665142400247057, 0.833317638816554, -1.6424728920643585e-05, -1.52887346580936e-05] - [1.4428595159610761e-05, 1.4869589780449575e-05, 1.526926307365985e-05, 1.4428592887290952e-05]
B1: 0.1666266532716391 - 0.6665719850850842 - 0.16667240261158006 - -1.3242059003871904e-05
B2: 0.166617614254509 - 0.6665947115600408 - 0.1665813399178231 - -4.7883890283300574e-05
