Number: 2952
Error: 6.558987095021408e-06
A1: [-6.256973363251334e-06, -6.643556027913681e-06, -5.645225247184993e-06, -6.013154307061931e-06] - [0.20832600811472282, 0.3333223573827676, -0.041675097964396925, -6.2518113390798385e-06] - [0.16665949614632608, 0.6666591286148368, 0.16666047029060654, -6.869948175415822e-06] - [-5.609211973206924e-06, -5.007662015020942e-06, -4.405896798383757e-06, -5.604434850601904e-06]
A2: [0.16666256459174097, -0.16667083938018748, -4.600353398297425e-06, -4.1548066751607865e-06] - [0.16658228415547527, 0.33324652912115843, -9.04297977876137e-05, -8.458926794662814e-05] - [0.16662198774282225, 0.8332873091830798, -4.759532535184036e-05, -4.472957102281471e-05] - [1.5847659211567484e-05, 1.633202765799169e-05, 1.6771016661598095e-05, 1.5847657576722863e-05]
B1: 0.16668924645718572 - 0.6665429268024036 - 0.1665669629574807 - 5.113932786327941e-05
B2: 0.16667898469899048 - 0.6666755026053169 - 0.1666797058041641 - 1.3601953816243199e-05
