Number: 992
Error: 7.644066822408187e-06
A1: [5.801199875029041e-07, 5.248884376048308e-07, 9.3424106918739e-07, 6.593702092756929e-07] - [0.20834366970063908, 0.3333425820356379, -0.04165642714704981, 1.0684636421691756e-05] - [0.16666797068650038, 0.6666678413972859, 0.16666828565864278, 1.4015057090346736e-06] - [-1.8788684899804572e-06, -1.677192180024602e-06, -1.4754011068924823e-06, -1.877261174840499e-06]
A2: [0.16665129490085784, -0.16668256844122833, -1.6511201941923404e-05, -1.538943502328126e-05] - [0.16658215908613402, 0.3332460224917745, -9.035597583067103e-05, -8.457683569352294e-05] - [0.1666375785747022, 0.833303304964662, -3.1003797625271815e-05, -2.910504944821724e-05] - [5.328220487679721e-06, 5.491047885426336e-06, 5.6386042007138706e-06, 5.328217869107053e-06]
B1: 0.16670904073210188 - 0.6666162114862022 - 0.16658060223941065 - 5.147823550917611e-05
B2: 0.16670157283040837 - 0.6667115207263871 - 0.16672404937044688 - 3.534041238537091e-05
