Number: 1836
Error: 7.172920649080635e-06
A1: [-2.3692337443335926e-06, -2.5673729325589603e-06, -1.90459851397755e-06, -2.219109093882888e-06] - [0.20833604381936438, 0.33333385160538137, -0.041664489274950846, 3.371038472716629e-06] - [0.16666431627498535, 0.6666640841776439, 0.1666649147091648, -2.165440820480868e-06] - [-3.4852929865860575e-06, -3.1114248320847455e-06, -2.7373787439980482e-06, -3.482317184889106e-06]
A2: [0.16665615324286154, -0.16667751227697997, -1.1376761610174904e-05, -1.0546191472306679e-05] - [0.16658223400385969, 0.33324626164750754, -9.036686401265113e-05, -8.456112353785484e-05] - [0.16663087032500581, 0.8332964223030058, -3.8143026375217606e-05, -3.582780360082697e-05] - [9.858497954597379e-06, 1.01598003394116e-05, 1.0432858076402548e-05, 9.858494704133638e-06]
B1: 0.166700569765084 - 0.6665847219378631 - 0.1665748141035849 - 5.138535060162863e-05
B2: 0.16669179107371213 - 0.6666959402609193 - 0.16670486758955172 - 2.5924519470157527e-05
