Number: 2803
Error: 4.161546163634991e-06
A1: [-1.1440992833936367e-05, -1.1116459036092544e-05, -9.47676526347378e-06, -1.1204655605009256e-05] - [0.20830091375643744, 0.33330052669010857, -0.04169397703248151, -3.1378256692409296e-05] - [0.16665264521497855, 0.6666531421668732, 0.1666552622584721, -1.3729841314332972e-05] - [-5.325134055537276e-06, -4.754047381127048e-06, -4.1827472903096075e-06, -5.320597336226412e-06]
A2: [0.1666905420047476, -0.16664202374362697, 2.4992515783388687e-05, 2.3825294339179413e-05] - [0.16669459786203877, 0.3333622373384297, 2.8425474920614526e-05, 2.7734981285153004e-05] - [0.16665050013493962, 0.8333166909655679, -1.740784731179894e-05, -1.621459532781748e-05] - [1.5051068721050225e-05, 1.5511089999149708e-05, 1.5928009691784583e-05, 1.505106670805892e-05]
B1: 0.16662546165828993 - 0.6665676244047449 - 0.16667156803016894 - -1.3282351576056529e-05
B2: 0.16661626797550894 - 0.6665925888574369 - 0.16657874368740683 - -4.9179910446601e-05
