Number: 1722
Error: 7.23612352155742e-06
A1: [-1.9728145737453977e-06, -2.1517455466284094e-06, -1.523293368563808e-06, -1.832260787706552e-06] - [0.20833706605002075, 0.33333502264907394, -0.04166340887352799, 4.35109701841175e-06] - [0.16666480792698496, 0.6666645896199483, 0.16666536788594477, -1.685600190591338e-06] - [-3.2683195192855262e-06, -2.9177093653505497e-06, -2.5669280407985763e-06, -3.265528246958801e-06]
A2: [0.1666554970102506, -0.1666781952216248, -1.2070271177216104e-05, -1.12003847269488e-05] - [0.16658222408830833, 0.33324622955327454, -9.036517760769577e-05, -8.456304174797865e-05] - [0.16663177655418585, 0.833297352085538, -3.7178592461033435e-05, -3.4919615045979054e-05] - [9.24663021111114e-06, 9.529229978459544e-06, 9.785336699714374e-06, 9.246626952883056e-06]
B1: 0.16670173010973163 - 0.6665889917510879 - 0.16657561292787224 - 5.1414089027268026e-05
B2: 0.16669310739176418 - 0.66669803383394 - 0.1667074413212803 - 2.71914183899404e-05
