Number: 1536
Error: 7.339480589494347e-06
A1: [-1.3247137523180678e-06, -1.4722357136376078e-06, -8.997151555519615e-07, -1.1997770847369384e-06] - [0.20833873915709106, 0.333336938833068, -0.04166164030664723, 5.955391322893428e-06] - [0.1666656114152469, 0.6666654156777478, 0.16666610873496013, -9.013848825531087e-07] - [-2.914304919522818e-06, -2.6016421234205627e-06, -2.2888203717964874e-06, -2.9118149305967766e-06]
A2: [0.166654426168111, -0.16667930965555552, -1.3201951139161502e-05, -1.2267899490238887e-05] - [0.16658220713553973, 0.33324617639651516, -9.036323589941333e-05, -8.456694647869951e-05] - [0.16663325488043107, 0.83329886884052, -3.560530184431137e-05, -3.343809208859161e-05] - [8.248291328581899e-06, 8.500375383160584e-06, 8.72882477435369e-06, 8.248288120281502e-06]
B1: 0.16670361668225142 - 0.6665959509448883 - 0.16657690806898354 - 5.1454332627793255e-05
B2: 0.16669525507462207 - 0.6667014537178269 - 0.1667116488815673 - 2.9258471082757137e-05
