Number: 624
Error: 7.85362823962399e-06
A1: [1.826219414873595e-06, 1.8307728650793166e-06, 2.127092502424413e-06, 1.8746035424090197e-06] - [0.20834683325592357, 0.33334621708406215, -0.04165309362834657, 1.3712180948238093e-05] - [0.16666952340089242, 0.6666694364203728, 0.16666970971985862, 2.9161187639190565e-06] - [-1.178382452401957e-06, -1.0517854250428533e-06, -9.251108382621271e-07, -1.1773735453956527e-06]
A2: [0.16664917344346392, -0.16668477564489134, -1.8752018637885803e-05, -1.750430915635484e-05] - [0.16658212526653385, 0.33324591865301856, -9.034920628304675e-05, -8.458484254427777e-05] - [0.16664050592737853, 0.8333063086482588, -2.7887975685737325e-05, -2.6171373842668506e-05] - [3.352722421967599e-06, 3.4551652212241917e-06, 3.547997604932004e-06, 3.3527205707700253e-06]
B1: 0.16671266582872288 - 0.6666298816399991 - 0.16658307352958274 - 5.145042797301436e-05
B2: 0.16670615032468827 - 0.6667185006027916 - 0.1667324659684179 - 3.975838781102377e-05
