Number: 788
Error: 7.759670843705169e-06
A1: [1.274188218609119e-06, 1.2523321225412948e-06, 1.5992597544329639e-06, 1.3363248316629077e-06] - [0.20834543682118578, 0.3333446114560453, -0.041654563948404014, 1.2376347044872618e-05] - [0.16666883482492642, 0.6666687292190101, 0.16666907893932373, 2.2445197604317936e-06] - [-1.4905598898019308e-06, -1.3305035649478756e-06, -1.17035235393492e-06, -1.4892841676923276e-06]
A2: [0.16665011843811967, -0.16668379249468024, -1.775394510490186e-05, -1.656224834789208e-05] - [0.16658213756744497, 0.3332459619655198, -9.035537139639488e-05, -8.458404499184444e-05] - [0.1666392004055266, 0.8333049690707511, -2.92775635484405e-05, -2.747971342597825e-05] - [4.2331216611248585e-06, 4.362475451245841e-06, 4.479695852659764e-06, 4.233119432082239e-06]
B1: 0.16671107411563757 - 0.6666238103647237 - 0.1665819901702712 - 5.1486614540816796e-05
B2: 0.16670407058876546 - 0.6667153607801344 - 0.16672869709591828 - 3.774974137201145e-05
