Number: 2368
Error: 6.879249292468434e-06
A1: [-4.211024586835692e-06, -4.498351550909267e-06, -3.6749651390172357e-06, -4.016245227792344e-06] - [0.20833130618856494, 0.3333284213082134, -0.04166949480386403, -1.169824330891709e-06] - [0.16666203013571854, 0.6666617341332979, 0.16666280900166314, -4.396471393532732e-06] - [-4.497804202000463e-06, -4.015399311487026e-06, -3.5327921707659046e-06, -4.4939685459013475e-06]
A2: [0.16665921427716796, -0.16667432665433715, -8.141899685870666e-06, -7.49467412953972e-06] - [0.16658227349539484, 0.33324640448230186, -9.03818218257973e-05, -8.455895450588342e-05] - [0.16662663913945186, 0.8332920811875509, -4.264586376881076e-05, -4.006813390482133e-05] - [1.2713705064216402e-05, 1.3102280659257007e-05, 1.345444058703204e-05, 1.2713702235700858e-05]
B1: 0.16669512744020976 - 0.6665647627035852 - 0.16657104591028918 - 5.122369488947664e-05
B2: 0.16668563732192096 - 0.666686184621783 - 0.166692897879907 - 2.0001397082873175e-05
