Number: 2239
Error: 3.852624080621516e-06
A1: [-9.490060479104196e-06, -9.071044559792256e-06, -7.601674531092907e-06, -9.301058970085011e-06] - [0.20830593048003387, 0.33330627743427466, -0.04168867685253879, -2.6570119811188126e-05] - [0.1666550668980317, 0.6666556315789349, 0.1666574926510751, -1.1366573920474963e-05] - [-4.252045957160808e-06, -3.795992226631905e-06, -3.3397409185427156e-06, -4.2484188096908864e-06]
A2: [0.16668730195865683, -0.1666453958112119, 2.1568249739162372e-05, 2.059533113315557e-05] - [0.16669457554288167, 0.3333621056447953, 2.8461039089233827e-05, 2.7752206341816153e-05] - [0.16665499056537006, 0.8333212979717812, -1.2629403700962193e-05, -1.171447493972525e-05] - [1.2024424257323402e-05, 1.2391932276099014e-05, 1.2724996754946354e-05, 1.202442126657212e-05]
B1: 0.16663122071266953 - 0.6665887874152693 - 0.16667558201524976 - -1.3121238480842006e-05
B2: 0.1666227783579462 - 0.6666029130390614 - 0.166591411117887 - -4.2913881617386436e-05
