Number: 1916
Error: 7.128612994371713e-06
A1: [-2.6541377069770524e-06, -2.8661344799002806e-06, -2.1796526709950487e-06, -2.497290296900524e-06] - [0.20833529941010154, 0.3333330012425747, -0.04166527755294423, 2.656249396373507e-06] - [0.16666396446781287, 0.6666637223108699, 0.16666458913706755, -2.5089529598284933e-06] - [-3.6375519233554543e-06, -3.2473622963062363e-06, -2.856990317189949e-06, -3.6344466869779805e-06]
A2: [0.16665661249897215, -0.16667703421843982, -1.0891228690582176e-05, -1.0088366485241577e-05] - [0.1665822375593283, 0.3332462809191017, -9.037113743643573e-05, -8.456318030407761e-05] - [0.16663023392647203, 0.8332957693945715, -3.88202318226671e-05, -3.646557717897224e-05] - [1.0287871050550395e-05, 1.0602297817844263e-05, 1.0887250883833925e-05, 1.0287867822977894e-05]
B1: 0.1666997771493455 - 0.6665817459667331 - 0.16657427260397084 - 5.138685674153648e-05
B2: 0.16669089131424816 - 0.6666944741112285 - 0.16670304238713604 - 2.5059439614118524e-05
