Number: 1835
Error: 3.630007766397595e-06
A1: [-8.084817265728981e-06, -7.597683874930794e-06, -6.249890155389731e-06, -7.929732054056562e-06] - [0.20830955520713113, 0.33331042969032076, -0.04168484562615377, -2.3094840080664212e-05] - [0.16665680942360128, 0.6666574230551217, 0.16665909900299236, -9.665903276164438e-06] - [-3.483343390952398e-06, -3.109689877483785e-06, -2.7358583511230105e-06, -3.4803692368324877e-06]
A2: [0.16668497893292553, -0.1666478134769966, 1.911312791737288e-05, 1.827952787530128e-05] - [0.16669454990097055, 0.33336200148343714, 2.8476525704390016e-05, 2.7754888417558167e-05] - [0.16665820429705203, 0.8333245951888234, -9.20940388978711e-06, -8.493803414128023e-06] - [9.856199111135122e-06, 1.0157432210469655e-05, 1.04304271908193e-05, 9.856195858347705e-06]
B1: 0.1666353283758674 - 0.6666039210023966 - 0.16667842247368125 - -1.302363163699622e-05
B2: 0.16662742790962212 - 0.6666103185556018 - 0.1666005205611535 - -3.843935440203714e-05
