Number: 392
Error: 7.989210799445139e-06
A1: [2.627584978275308e-06, 2.6704026743846013e-06, 2.896032009950025e-06, 2.656494634888467e-06] - [0.20834889037501977, 0.3333485738447588, -0.041650924576786895, 1.5683493848410884e-05] - [0.1666705178310591, 0.666670458147292, 0.16667062428254822, 3.886512644632339e-06] - [-7.367565228825186e-07, -6.574926118587448e-07, -5.781777849300443e-07, -7.361254389482691e-07]
A2: [0.16664784580656594, -0.1666861572812935, -2.015481277041004e-05, -1.8827795731651284e-05] - [0.16658214079191486, 0.3332458904495297, -9.03073630669771e-05, -8.455304453313762e-05] - [0.16664236002985847, 0.8333082110206105, -2.5914783992388925e-05, -2.4313285565460804e-05] - [2.1072468588322254e-06, 2.1716194087250566e-06, 2.229951363407285e-06, 2.107245636528839e-06]
B1: 0.16671467512106333 - 0.6666382499849811 - 0.1665844077014812 - 5.1156895329479565e-05
B2: 0.16670916311198075 - 0.6667230754671438 - 0.16673799600772377 - 4.267061214924324e-05
