Number: 537
Error: 2.901294908005333e-06
A1: [-3.5720833222838182e-06, -2.8668356037116507e-06, -1.9104464157294045e-06, -3.525973872988689e-06] - [0.20832119025314194, 0.3333237566836994, -0.04167255314044766, -1.1939961095313813e-05] - [0.16666240494815546, 0.6666631751553123, 0.16666425550780842, -4.2048701255787405e-06] - [-1.013394401943427e-06, -9.044832420223742e-07, -7.955040528453513e-07, -1.0125265777263314e-06]
A2: [0.1666775121634438, -0.1666555839381622, 1.1222712211179947e-05, 1.0835963511788123e-05] - [0.16669446198253457, 0.33336166288668717, 2.852389227758191e-05, 2.775796132504821e-05] - [0.1666685292563884, 0.8333351887744616, 1.7790251742966524e-06, 1.8534463488829445e-06] - [2.888808424690451e-06, 2.9770712238521687e-06, 3.057053177665402e-06, 2.8888067929561184e-06]
B1: 0.16664811670328428 - 0.666652136596964 - 0.1666871388002268 - -1.3119626700930172e-05
B2: 0.1666428030228805 - 0.6666345376725613 - 0.16663020159021003 - -2.362653660907271e-05
