Number: 2757
Error: 4.136451951937999e-06
A1: [-1.1291566967379916e-05, -1.095987200034688e-05, -9.3346138462557e-06, -1.1059081057985831e-05] - [0.20830128388914418, 0.33330095449691455, -0.0416935881640832, -3.1025098718591416e-05] - [0.16665283293484714, 0.666653334860572, 0.16665543327782992, -1.3546876245956821e-05] - [-5.237613603298806e-06, -4.675908684899869e-06, -4.113991142547101e-06, -5.233150981839159e-06]
A2: [0.1666902763146977, -0.16664230011899797, 2.471196953447146e-05, 2.356042672242283e-05] - [0.1666945925618573, 0.33336222333375376, 2.8425339546052827e-05, 2.7732906729196986e-05] - [0.16665086608170768, 0.8333170664464121, -1.7018356080969617e-05, -1.5847858107690596e-05] - [1.4804232018447558e-05, 1.525670842433e-05, 1.5666789166777105e-05, 1.480422989903738e-05]
B1: 0.1666259625040645 - 0.6665693807606382 - 0.16667192492869232 - -1.323803839778293e-05
B2: 0.1666168314216569 - 0.6665934331494472 - 0.16657974721614183 - -4.863639734756579e-05
