Number: 2306
Error: 6.9133798279715e-06
A1: [-3.995037068748647e-06, -4.271894764183754e-06, -3.46715036555682e-06, -3.8054629872439175e-06] - [0.2083318637339342, 0.3333290598826348, -0.04166890542591858, -6.35215426078404e-07] - [0.16666229792268966, 0.6666620094444348, 0.16666305591556752, -4.1351078949041235e-06] - [-4.379807964572311e-06, -3.9100520708924035e-06, -3.440096147459823e-06, -4.376072407956789e-06]
A2: [0.1666588580289021, -0.16667469743318364, -8.518429135334055e-06, -7.849813278913319e-06] - [0.16658227047327367, 0.33324638938661083, -9.037856126023496e-05, -8.455762687992691e-05] - [0.16662713255823935, 0.8332925874139986, -4.212079401770506e-05, -3.95736492911779e-05] - [1.2380970278969337e-05, 1.2759375420243747e-05, 1.3102316891432771e-05, 1.2380967368624468e-05]
B1: 0.16669575666772887 - 0.6665670846433474 - 0.1665714818883291 - 5.1237514697055034e-05
B2: 0.16668634898883394 - 0.6666873202529074 - 0.16669429596699342 - 2.068618579820939e-05
