Number: 425
Error: 2.83585367248779e-06
A1: [-3.1999535730294563e-06, -2.4770721528694846e-06, -1.55564651388104e-06, -3.1632312360302474e-06] - [0.20832212410150588, 0.33332483179937605, -0.041671572023316325, -1.1047478559696985e-05] - [0.16666287004373528, 0.6666636525913958, 0.16666468037386006, -3.7513636756026536e-06] - [-8.002582430644648e-07, -7.141900513785489e-07, -6.280668319031318e-07, -7.995727867956586e-07]
A2: [0.16667686935239648, -0.16665625267591577, 1.0543899096850973e-05, 1.0195154893588759e-05] - [0.16669446551554942, 0.3333616457074644, 2.8540905589967362e-05, 2.7769345454570763e-05] - [0.16666942419365613, 0.8333361070699566, 2.7315575871422954e-06, 2.7503066472028583e-06] - [2.2875315597280955e-06, 2.3574151576801902e-06, 2.4207413514220707e-06, 2.2875302376139888e-06]
B1: 0.16664912115801012 - 0.6666562107375614 - 0.1666878170871105 - -1.3226801962345908e-05
B2: 0.16664431703121502 - 0.6666367598343801 - 0.16663283654679936 - -2.2161048169593484e-05
