Number: 1083
Error: 3.2117828059524272e-06
A1: [-5.458468368756701e-06, -4.844031714796337e-06, -3.7220506365448272e-06, -5.3665284035800024e-06] - [0.20831634466117724, 0.33331820310390636, -0.04167766780611587, -1.6583615192817455e-05] - [0.16666006357050536, 0.6666607688300963, 0.16666210065555523, -6.48968261913521e-06] - [-2.0524085276328316e-06, -1.83213473313064e-06, -1.6117377463673365e-06, -2.0506531070440592e-06]
A2: [0.1666806514461336, -0.16665231717093393, 1.4539678256654533e-05, 1.3965484907971902e-05] - [0.16669448792934555, 0.3333617933477185, 2.8491102597416926e-05, 2.774563440350061e-05] - [0.16666418231355387, 0.8333307286354094, -2.847386397748858e-06, -2.502871784982417e-06] - [5.819840797939038e-06, 5.997696017932286e-06, 6.158871720357103e-06, 5.81983803186915e-06]
B1: 0.16664288892400633 - 0.6666319940900469 - 0.16668360020565376 - -1.2927680238988381e-05
B2: 0.16663612717516066 - 0.6666241801898066 - 0.1666175878939099 - -3.006586000620322e-05
