Number: 1792
Error: 7.197288996370794e-06
A1: [-2.2221174440812453e-06, -2.4131736152487835e-06, -1.763976853655895e-06, -2.075681159565791e-06] - [0.20833641465069633, 0.33333427854198533, -0.04166409865371735, 3.725615579227172e-06] - [0.1666645000849827, 0.66666427297618, 0.16666508300129804, -1.986183876285629e-06] - [-3.4015477812031333e-06, -3.0366563181106693e-06, -2.671589466505657e-06, -3.3986431911051943e-06]
A2: [0.16665589897987282, -0.16667777680011947, -1.1645310171182627e-05, -1.0799667339604224e-05] - [0.16658222764880598, 0.3332462468633142, -9.036847222287163e-05, -8.456439187997134e-05] - [0.16663121981496468, 0.8332967808995292, -3.777103894559686e-05, -3.547755738261063e-05] - [9.622340149184771e-06, 9.916424025898254e-06, 1.0182939283428395e-05, 9.6223368922786e-06]
B1: 0.16670103697209546 - 0.666586388487923 - 0.16657514017894098 - 5.141581446185975e-05
B2: 0.1666923190606864 - 0.6666967498844109 - 0.16670584317442938 - 2.6433431722590846e-05
