Number: 1757
Error: 3.5868595273695517e-06
A1: [-7.802216789989678e-06, -7.301298833189189e-06, -5.976345830402146e-06, -7.653690759138639e-06] - [0.208310300491819, 0.333311279372768, -0.04168405538015146, -2.2378453049727143e-05] - [0.16665715725878327, 0.6666577809806253, 0.1666594218238473, -9.326160262316535e-06] - [-3.3349277256477347e-06, -2.9771835508918815e-06, -2.619265933225267e-06, -3.332079784055539e-06]
A2: [0.16668453204798564, -0.1666482787291842, 1.864054438490339e-05, 1.7834037294165808e-05] - [0.16669454884132032, 0.33336198501617176, 2.8482897542013574e-05, 2.7759296766254586e-05] - [0.1666588250748451, 0.8333252320556405, -8.548863088930017e-06, -7.871685937511574e-06] - [9.437556193317165e-06, 9.725992847494202e-06, 9.987389817643835e-06, 9.437552932127105e-06]
B1: 0.16663608421902995 - 0.6666068064923003 - 0.16667893531955663 - -1.3042053601039746e-05
B2: 0.16662828900609292 - 0.6666117469228526 - 0.16660231502150416 - -3.761204605887647e-05
