Number: 1295
Error: 3.330376612452448e-06
A1: [-6.2091844319824716e-06, -5.63118723551584e-06, -4.4460937757921e-06, -6.099432526171051e-06] - [0.20831438919710957, 0.33331596802781616, -0.041679737186146225, -1.846060148701846e-05] - [0.16665913579915706, 0.6666598146686477, 0.16666124295495768, -7.395474431204288e-06] - [-2.4558208076374796e-06, -2.1923066304399196e-06, -1.9286513648111937e-06, -2.453721375949092e-06]
A2: [0.16668186992435122, -0.16665104894636926, 1.5827643017879807e-05, 1.518017317461469e-05] - [0.16669450148211443, 0.33336184826454374, 2.8483406879463666e-05, 2.7744326105385816e-05] - [0.16666249661454968, 0.833328999128003, -4.64131789067106e-06, -4.192211352470332e-06] - [6.957815824635286e-06, 7.170455203414952e-06, 7.363155466784902e-06, 6.957812793483566e-06]
B1: 0.16664081013875498 - 0.6666241311918526 - 0.16668219081257876 - -1.2902025780753312e-05
B2: 0.16663368976404086 - 0.6666202554784508 - 0.16661272580163417 - -3.241143581622431e-05
