Number: 507
Error: 2.88390128186815e-06
A1: [-3.4887329199375857e-06, -2.7796700210519437e-06, -1.8335537477990669e-06, -3.4451222269246985e-06] - [0.20832137466285092, 0.33332397527281277, -0.04167236338783073, -1.176656857203879e-05] - [0.1666625130401998, 0.6666632856334797, 0.1666643509858848, -4.0998665098095685e-06] - [-9.563047177484156e-07, -8.5351180721684e-07, -7.506542912967176e-07, -9.554857318289736e-07]
A2: [0.16667733698731493, -0.16665576592651496, 1.1038165890638559e-05, 1.0661323865548527e-05] - [0.16669445476540407, 0.33336165046257354, 2.8520992110391688e-05, 2.7752847641453204e-05] - [0.1666687678981021, 0.8333354337112975, 2.0331748254341136e-06, 2.0926032786958616e-06] - [2.727762434122715e-06, 2.811102540322487e-06, 2.886623390894531e-06, 2.7277608828788095e-06]
B1: 0.16664844582950572 - 0.6666532848290084 - 0.16668737431125938 - -1.3088217335718792e-05
B2: 0.16664325910309827 - 0.6666351325906252 - 0.1666308534525917 - -2.3183456441691665e-05
