Number: 1889
Error: 3.659818424779419e-06
A1: [-8.267554451724168e-06, -7.789239491913618e-06, -6.424908738006258e-06, -8.107940672285019e-06] - [0.20830909122845195, 0.3333098963549527, -0.041685334896294675, -2.353886256662508e-05] - [0.16665658165790037, 0.6666571890363169, 0.16665889001919765, -9.88807926279871e-06] - [-3.5860929947120397e-06, -3.2014257276368466e-06, -2.816577434315173e-06, -3.5830314882317555e-06]
A2: [0.16668529045749148, -0.16664748934554832, 1.9442219969457665e-05, 1.859008702160311e-05] - [0.16669455617259862, 0.3333620181359032, 2.8477063463329364e-05, 2.7757374107046664e-05] - [0.1666577751422239, 0.8333241548610006, -9.666158311002154e-06, -8.923885825188601e-06] - [1.0146018342945026e-05, 1.0456110206793592e-05, 1.0737134350238477e-05, 1.0146015103965383e-05]
B1: 0.1666347625871997 - 0.6666018826080896 - 0.166678028420552 - -1.3053429355491724e-05
B2: 0.16662678818001672 - 0.6666093263362493 - 0.16659931734857908 - -3.905568853423344e-05
