Number: 2668
Error: 6.714469143949768e-06
A1: [-5.255317924852062e-06, -5.593256782365383e-06, -4.679624028170823e-06, -5.035352990120109e-06] - [0.20832861161413369, 0.3333253348352445, -0.0416723430591077, -3.753420174740239e-06] - [0.16666073520752386, 0.6666604028419993, 0.16666161515465183, -5.66032004701794e-06] - [-5.068743286605987e-06, -4.525133735732035e-06, -3.981313468453056e-06, -5.064423682028059e-06]
A2: [0.1666609372426176, -0.1666725333879609, -6.320813866316138e-06, -5.777075361801068e-06] - [0.1665822848699709, 0.3332464742597359, -9.04008773187325e-05, -8.456862759020318e-05] - [0.16662425078646328, 0.833289630860429, -4.51873696583858e-05, -4.246164443174236e-05] - [1.4323656495248024e-05, 1.4761442165853375e-05, 1.5158206717260398e-05, 1.4323654184461313e-05]
B1: 0.16669208217073164 - 0.6665535244646988 - 0.16656893059740746 - 5.1156157078748835e-05
B2: 0.16668219462212963 - 0.6666806929663726 - 0.16668613889703393 - 1.6688754978668585e-05
