Number: 1578
Error: 7.316117374712997e-06
A1: [-1.4695206685579788e-06, -1.6240477657712646e-06, -1.038810141669856e-06, -1.34105900233326e-06] - [0.2083383675590344, 0.3333365126980294, -0.04166203275716303, 5.599325763292774e-06] - [0.16666543153843277, 0.6666652307927066, 0.1666659431790247, -1.0769111731068206e-06] - [-2.994244640093912e-06, -2.673013095910184e-06, -2.3516197099873472e-06, -2.991686596411965e-06]
A2: [0.16665466826553577, -0.16667905772825015, -1.2946143761781831e-05, -1.2026553409505796e-05] - [0.16658221176083324, 0.3332461891605741, -9.036295169595857e-05, -8.456526748972492e-05] - [0.1666329211709571, 0.8332985264489117, -3.5960464426883725e-05, -3.37725233833851e-05] - [8.473725713991681e-06, 8.732700513376415e-06, 8.967395153307894e-06, 8.473722487619083e-06]
B1: 0.16670318610676893 - 0.6665943752371136 - 0.16657661165400792 - 5.1440667993563427e-05
B2: 0.16669476420085236 - 0.66670068037597 - 0.16671070274558109 - 2.87858041736502e-05
