Number: 2530
Error: 6.790176484164412e-06
A1: [-4.783094711459361e-06, -5.098210544887844e-06, -4.226548802405379e-06, -4.574707235225132e-06] - [0.20832981828726432, 0.3333267199372567, -0.0416710693794961, -2.597765517690574e-06] - [0.16666132263565095, 0.6666610065345197, 0.16666215516154212, -5.087180420384667e-06] - [-4.806111207759399e-06, -4.290655641299529e-06, -3.774992783806214e-06, -4.802014138460087e-06]
A2: [0.16666014349413397, -0.16667335940540476, -7.159555780588893e-06, -6.568355170960434e-06] - [0.1665822767957325, 0.33324643950285987, -9.039458014998608e-05, -8.456701979476855e-05] - [0.16662534919962066, 0.8332907578037804, -4.4018460819914424e-05, -4.136085874086214e-05] - [1.35830904753398e-05, 1.3998239873826818e-05, 1.4374486457794155e-05, 1.3583087901374273e-05]
B1: 0.1666935090694079 - 0.6665587194871408 - 0.16656992848758118 - 5.1213330817467115e-05
B2: 0.1666838055647133 - 0.6666832210152034 - 0.16668922310694323 - 1.8239869538717396e-05
