Number: 2789
Error: 4.153921478704231e-06
A1: [-1.140072365999156e-05, -1.1074303093952603e-05, -9.439295343300684e-06, -1.116555357710107e-05] - [0.20830100542873203, 0.33330063473642896, -0.04169388201536702, -3.129173051850842e-05] - [0.16665269708467703, 0.6666531952545119, 0.16665530845390067, -1.3679413684395248e-05] - [-5.298496699894434e-06, -4.730265162252365e-06, -4.161820439675437e-06, -5.293982531165412e-06]
A2: [0.16669046026596526, -0.16664210869034887, 2.4906346254052613e-05, 2.3743805901579282e-05] - [0.16669459397209904, 0.33336223091552214, 2.842339626191447e-05, 2.773207320983362e-05] - [0.166650611252251, 0.8333168049986704, -1.7289535082959545e-05, -1.610323740671798e-05] - [1.4975947508621801e-05, 1.543367260558087e-05, 1.5848510951090162e-05, 1.4975945462772852e-05]
B1: 0.1666256310336059 - 0.6665681751529194 - 0.16667169212125724 - -1.3251906118548777e-05
B2: 0.16661645732199448 - 0.6665928474425937 - 0.1665790336018294 - -4.899663221798473e-05
