Number: 569
Error: 2.9198378121168566e-06
A1: [-3.6817199324434206e-06, -2.9817120612705578e-06, -2.015534998395305e-06, -3.6329252824092317e-06] - [0.2083209100532667, 0.3333234353139085, -0.04167284846137526, -1.2208329339644849e-05] - [0.16666226869491452, 0.6666630351746164, 0.16666413034534086, -4.337808992315106e-06] - [-1.0742902446958649e-06, -9.588524100377861e-07, -8.433429410001804e-07, -1.0733703345746303e-06]
A2: [0.16667769563327922, -0.16665539302320329, 1.1416543977915613e-05, 1.1018861248847465e-05] - [0.16669446106356106, 0.3333616679972088, 2.8519345564063478e-05, 2.775479924919568e-05] - [0.16666827379534532, 0.8333349266579905, 1.507144594641925e-06, 1.5974358781955012e-06] - [3.0606002736448894e-06, 3.154114221326669e-06, 3.238854947650542e-06, 3.0605985580459694e-06]
B1: 0.16664782937622252 - 0.6666509729793909 - 0.16668694617907776 - -1.3089328484305426e-05
B2: 0.16664239068311917 - 0.6666339125926046 - 0.16662944754921935 - -2.4025014191780293e-05
