Number: 2173
Error: 3.816296764250932e-06
A1: [-9.245433422219752e-06, -8.814443464424407e-06, -7.364088783588198e-06, -9.061987030030218e-06] - [0.20830658328800486, 0.33330701983140526, -0.04168798349224744, -2.594178436455744e-05] - [0.16665536678281428, 0.6666559403160967, 0.1666577720014562, -1.1073541191597481e-05] - [-4.126469493883118e-06, -3.6838776425578224e-06, -3.241090940347157e-06, -4.122948938640996e-06]
A2: [0.16668692520392553, -0.16664578815400669, 2.11696530829565e-05, 2.0219756196951666e-05] - [0.16669457875273586, 0.3333620956917182, 2.8470275504123885e-05, 2.7760043052683738e-05] - [0.16665551652694086, 0.8333218375312635, -1.2069829333138418e-05, -1.118737967126366e-05] - [1.1670212647872506e-05, 1.2026893718347025e-05, 1.2350144826021014e-05, 1.1670209589259295e-05]
B1: 0.16663184215240173 - 0.6665912128348199 - 0.16667600191362433 - -1.3154939982489445e-05
B2: 0.16662348565084203 - 0.6666041175096266 - 0.16659294349148784 - -4.223517778910542e-05
