Number: 2521
Error: 4.007346021733814e-06
A1: [-1.0465547159290855e-05, -1.0093774470977885e-05, -8.539242718647292e-06, -1.0252877423623181e-05] - [0.20830342205315736, 0.3333034019938211, -0.04169132700899626, -2.8974252388949618e-05] - [0.16665385603574806, 0.6666543868516539, 0.16665637743726117, -1.2548227628429573e-05] - [-4.788597572809269e-06, -4.275027266644994e-06, -3.7612497960362177e-06, -4.78451534385366e-06]
A2: [0.16668892269375898, -0.16664370906368994, 2.3281096205241842e-05, 2.221102478522221e-05] - [0.16669458940593468, 0.33336217419688274, 2.844595933460335e-05, 2.7746297652038774e-05] - [0.16665274601549435, 0.8333189951340461, -1.5017960304526239e-05, -1.3963869563090866e-05] - [1.3537786932317076e-05, 1.3951552888780051e-05, 1.4326545561701661e-05, 1.353778434134147e-05]
B1: 0.16662833929029294 - 0.6665782059328177 - 0.16667357715776265 - -1.3203656960487762e-05
B2: 0.16661952096931745 - 0.6665977487079117 - 0.16658507511481546 - -4.6049094832648345e-05
