Number: 2040
Error: 7.0600509075192366e-06
A1: [-3.0861409690604805e-06, -3.3190782737656733e-06, -2.5953121396665942e-06, -2.9188825842198292e-06] - [0.2083341842275945, 0.33333172399980415, -0.04166645639901468, 1.5869409052836464e-06] - [0.16666342886624266, 0.6666631716607606, 0.1666640952859897, -3.031706740486044e-06] - [-3.873553025218092e-06, -3.458065276214434e-06, -3.0423888601973707e-06, -3.87024725760552e-06]
A2: [0.16665732577635323, -0.1666762918784181, -1.0137388135040118e-05, -9.377307345928684e-06] - [0.16658224656192555, 0.33324631406918787, -9.03747046446248e-05, -8.456287679356358e-05] - [0.16662924781590935, 0.8332947576682862, -3.986964529805263e-05, -3.7453819135016844e-05] - [1.0953386252960473e-05, 1.1288155402835695e-05, 1.1591546048603562e-05, 1.0953383089238646e-05]
B1: 0.16669851710806632 - 0.6665771025930753 - 0.16657340346646318 - 5.135766821066908e-05
B2: 0.16668946511342153 - 0.6666921999217057 - 0.16670024322132326 - 2.3686993622538784e-05
