Number: 739
Error: 3.0174182750534114e-06
A1: [-4.265051391802063e-06, -3.5930156413697973e-06, -2.574976904149453e-06, -4.201990839355278e-06] - [0.20831941769148243, 0.33332172371470764, -0.04167442220065932, -1.3637832028738402e-05] - [0.16666154384204848, 0.6666622903950062, 0.16666346416102107, -5.045053535982687e-06] - [-1.397797089602021e-06, -1.2476861257589247e-06, -1.0974851677668396e-06, -1.3966006125381357e-06]
A2: [0.16667867214754062, -0.1666543768968919, 1.2448221089693852e-05, 1.1992336246337e-05] - [0.16669446411707534, 0.3333617033123009, 2.8503565556136436e-05, 2.7745936156732198e-05] - [0.16666691877789389, 0.833333536338143, 6.500150985182766e-08, 2.3949950177246926e-07] - [3.973222346206663e-06, 4.094632318947189e-06, 4.204653628012259e-06, 3.97322022060668e-06]
B1: 0.1666462440855772 - 0.6666447389586466 - 0.16668587705419596 - -1.2987194835111738e-05
B2: 0.1666402527700468 - 0.666630641281147 - 0.1666254875415218 - -2.6089284086609543e-05
