Number: 1673
Error: 3.5403730658538177e-06
A1: [-7.5126131199833465e-06, -6.997678995531056e-06, -5.698152422565675e-06, -7.371136757700346e-06] - [0.2083110437554525, 0.3333121317261835, -0.04168327037319635, -2.1666253262840945e-05] - [0.16665751696001965, 0.6666581507105239, 0.16665975291055285, -8.975159532138952e-06] - [-3.1750930598216717e-06, -2.8344815801872424e-06, -2.4937018662906087e-06, -3.1723810915795374e-06]
A2: [0.16668404819206414, -0.16664878224022123, 1.8129270364607745e-05, 1.7351683099710325e-05] - [0.16669454082895815, 0.3333619607414225, 2.848356945289027e-05, 2.775717337668722e-05] - [0.16665949277082892, 0.8333259171186665, -7.838261846703864e-06, -7.2025471555775224e-06] - [8.986710767697411e-06, 9.261366630520256e-06, 9.510273533235401e-06, 8.986707512781e-06]
B1: 0.16663694596910827 - 0.6666099593201745 - 0.1666795305782506 - -1.3014091279538501e-05
B2: 0.16662926772712341 - 0.6666132906084012 - 0.1666042044805792 - -3.6669716096219144e-05
