Number: 2712
Error: 6.690308586076038e-06
A1: [-5.426367953911957e-06, -5.772734709022296e-06, -4.846870637833984e-06, -5.202692069090883e-06] - [0.2083281443554647, 0.3333248060509879, -0.04167284095131214, -4.2043331849983315e-06] - [0.16666052720728508, 0.6666601884931102, 0.16666141994845174, -5.863744794849365e-06] - [-5.152474280671112e-06, -4.599887772706531e-06, -4.047089623626445e-06, -5.1480837582182715e-06]
A2: [0.16666118675944186, -0.1666722734093138, -6.056595802077035e-06, -5.528345642317121e-06] - [0.16658227807924486, 0.33324647643377947, -9.041131110777443e-05, -8.45785053569983e-05] - [0.16662389944546824, 0.8332892704782128, -4.5561073704758544e-05, -4.281374190759997e-05] - [1.4559775351809785e-05, 1.5004778230773375e-05, 1.5408084660731268e-05, 1.45597731339376e-05]
B1: 0.1666916945504573 - 0.6665519322238423 - 0.1665686733642036 - 5.1205312839113144e-05
B2: 0.1666817512592139 - 0.6666798933105239 - 0.16668509452368452 - 1.6264464841251095e-05
