Number: 79
Error: 2.624744191095608e-06
A1: [-2.0893855379743634e-06, -1.31511768960708e-06, -5.047980217777441e-07, -2.0816251753139935e-06] - [0.2083248494491045, 0.33332798137712377, -0.04166872502852738, -8.449767663324421e-06] - [0.16666426623695973, 0.6666650839174001, 0.16666594629692957, -2.3909345182725984e-06] - [-1.4181732829379235e-07, -1.2631496382609575e-07, -1.1080178195747837e-07, -1.4169596307550605e-07]
A2: [0.16667489938921223, -0.16665830185434763, 8.464436241542434e-06, 8.23137806457392e-06] - [0.16669455293346436, 0.33336167220364316, 2.8675905922594596e-05, 2.78810181381022e-05] - [0.1666722111999412, 0.833338966885856, 5.697733265613e-06, 5.54325355925845e-06] - [4.2990179810672056e-07, 4.4300323547569997e-07, 4.5487277867939995e-07, 4.299015760113668e-07]
B1: 0.16665170281909478 - 0.6666683445481771 - 0.16668952875599882 - -1.4078699307724422e-05
B2: 0.16664963926867138 - 0.6666441433947242 - 0.1666413599645364 - -1.698870777415231e-05
