Number: 2135
Error: 3.795430229268026e-06
A1: [-9.129277648068928e-06, -8.692780206121362e-06, -7.2547598984903275e-06, -8.949006008569847e-06] - [0.20830685970896454, 0.3333073422484858, -0.04168769489174868, -2.5679358431663753e-05] - [0.16665551449700863, 0.6666560917253583, 0.16665790508973216, -1.0929748263249843e-05] - [-4.054165033652685e-06, -3.6193231737808097e-06, -3.1842881161336565e-06, -4.050705867177323e-06]
A2: [0.16668670404851807, -0.16664601807591736, 2.0936350845499386e-05, 1.999928024881216e-05] - [0.16669456949331563, 0.33336207940222895, 2.8465616560405995e-05, 2.7753448269254483e-05] - [0.16665581805266239, 0.8333221469524386, -1.1748813353826523e-05, -1.0885201055532715e-05] - [1.1466283721510231e-05, 1.1816731399617974e-05, 1.2134332688017139e-05, 1.1466280628276483e-05]
B1: 0.16663228111443926 - 0.666592686717926 - 0.16667631737110578 - -1.309311321703772e-05
B2: 0.1666239771997984 - 0.6666048183480116 - 0.16659375190838963 - -4.176009636454577e-05
