Number: 2117
Error: 3.7855053179535974e-06
A1: [-9.060380376446364e-06, -8.620494966751591e-06, -7.187538469520749e-06, -8.881625871379935e-06] - [0.20830704652928833, 0.33330755399476486, -0.04168749602701409, -2.5499220876316417e-05] - [0.1666555984870049, 0.6666561782532555, 0.16665798372645796, -1.0847629145155735e-05] - [-4.019916830608051e-06, -3.5887464643065387e-06, -3.157383704145678e-06, -4.0164867452033185e-06]
A2: [0.16668660164763419, -0.16664612474644022, 2.0827955387613808e-05, 1.989720111145496e-05] - [0.1666945712616853, 0.3333620775326889, 2.846892968134585e-05, 2.775647843341277e-05] - [0.16665596159023607, 0.833322294192795, -1.1596120554341478e-05, -1.0741354315057621e-05] - [1.1369677926641257e-05, 1.1717172720138632e-05, 1.2032097583644378e-05, 1.1369674818151373e-05]
B1: 0.16663244336292432 - 0.6665933412301426 - 0.16667642518413656 - -1.3109546781627014e-05
B2: 0.16662416285571605 - 0.6666051463939646 - 0.16659417655335304 - -4.158223679343655e-05
