Number: 2077
Error: 3.763474142411287e-06
A1: [-8.917928825243538e-06, -8.471112486247358e-06, -7.050006582248371e-06, -8.742535529482168e-06] - [0.20830741878011783, 0.333307979228117, -0.04168710182686693, -2.514177956868952e-05] - [0.16665577436775747, 0.6666563591693093, 0.1666581465022516, -1.0675895612490876e-05] - [-3.94380842067601e-06, -3.520796590927478e-06, -3.0975942034773353e-06, -3.940442969855536e-06]
A2: [0.1666863722450443, -0.16664636354745305, 2.0585416045163368e-05, 1.9668513592947087e-05] - [0.1666945703290192, 0.33336206875142194, 2.847191568053688e-05, 2.7758350049473566e-05] - [0.166656279983706, 0.8333226208430403, -1.125732332611782e-05, -1.0422273740862571e-05] - [1.1155002868569308e-05, 1.149593581854629e-05, 1.180491319794685e-05, 1.1154999728725799e-05]
B1: 0.16663283926580033 - 0.6665948293879477 - 0.1666766967899042 - -1.3110686625478942e-05
B2: 0.16662461158216657 - 0.6666058783355215 - 0.16659508811962725 - -4.115083862839104e-05
