Number: 2210
Error: 6.966256404784845e-06
A1: [-3.667560713147856e-06, -3.928598111315581e-06, -3.1531091893933516e-06, -3.486039821784901e-06] - [0.2083326990089773, 0.333330019049716, -0.04166802400672818, 1.6457173858153116e-07] - [0.1666627055309723, 0.6666624283084652, 0.16666343041445555, -3.737439048061683e-06] - [-4.197100807115958e-06, -3.7469303748725036e-06, -3.2965636705875923e-06, -4.193520301663528e-06]
A2: [0.166658305083693, -0.1666752728190852, -9.102657472113084e-06, -8.401041142649027e-06] - [0.16658226213441046, 0.33324636250708345, -9.037685506828686e-05, -8.455923071397569e-05] - [0.16662789606196945, 0.8332933707674606, -4.130824418879963e-05, -3.880849529304759e-05] - [1.1865760352231293e-05, 1.2228417435277614e-05, 1.2557085045540433e-05, 1.1865757332126428e-05]
B1: 0.16669675447109522 - 0.6665707019936346 - 0.16657217757571227 - 5.128244083993807e-05
B2: 0.1666874748748742 - 0.6666890809081173 - 0.16669644012502835 - 2.1770453377048445e-05
