Number: 2234
Error: 6.953047072915642e-06
A1: [-3.7434387651006194e-06, -4.008094781698607e-06, -3.2249556192070204e-06, -3.5599103062565065e-06] - [0.20833251432234398, 0.3333298047450152, -0.04166821751991914, -1.1266002539900836e-08] - [0.1666626096837426, 0.6666623299872587, 0.16666334352445697, -3.830807195958822e-06] - [-4.242779327322813e-06, -3.787712615193444e-06, -3.332448655054885e-06, -4.239160051111957e-06]
A2: [0.16665844436066202, -0.16667512798250114, -8.955663512916253e-06, -8.262193512143697e-06] - [0.16658226695504827, 0.33324637182953504, -9.037481959677207e-05, -8.455609383089592e-05] - [0.1666277055138008, 0.8332931752407635, -4.1511086991940875e-05, -3.8999456024357054e-05] - [1.199456361401984e-05, 1.2361157746074677e-05, 1.2693393840669741e-05, 1.1994560619431304e-05]
B1: 0.16669648522926084 - 0.6665697787973459 - 0.16657198573137924 - 5.1251402903370214e-05
B2: 0.16668717295925703 - 0.6666886389810329 - 0.16669592202790062 - 2.147894308535631e-05
