Number: 2053
Error: 3.750272978059413e-06
A1: [-8.842041738519184e-06, -8.391605355078688e-06, -6.9781481206365e-06, -8.668655988879752e-06] - [0.20830760353168543, 0.33330819360013525, -0.04168690824296055, -2.4965876754449426e-05] - [0.1666558702123487, 0.6666564574907408, 0.16665823339535293, -1.0582530092853267e-05] - [-3.898142339876951e-06, -3.480025330051456e-06, -3.061718896146532e-06, -3.894815676456989e-06]
A2: [0.16668623296615429, -0.1666465083843276, 2.0438421858245232e-05, 1.9529663816931615e-05] - [0.16669456548662245, 0.33336205941343994, 2.846986454708739e-05, 2.7755190489234298e-05] - [0.1666564705223435, 0.8333228163616562, -1.1054488791502227e-05, -1.0231322779072812e-05] - [1.102620212360438e-05, 1.1363198085701563e-05, 1.1668607092495642e-05, 1.1026198966712783e-05]
B1: 0.1666331081248394 - 0.6665957521732996 - 0.166676888218297 - -1.3080026956766304e-05
B2: 0.16662491369306343 - 0.6666063204993327 - 0.16659560653212355 - -4.0859127439123635e-05
