Number: 74
Error: 8.184464903785565e-06
A1: [3.6331823961891716e-06, 3.7222743905746928e-06, 3.844831932732035e-06, 3.6354876718729496e-06] - [0.20835133360898947, 0.3333514032153934, -0.041648377079651654, 1.8009476307241275e-05] - [0.16667178581711617, 0.6666717574510302, 0.16667177059214902, 5.121642581775675e-06] - [-1.3138368817410284e-07, -1.1699902139894991e-07, -1.026044007123675e-07, -1.3127128924032387e-07]
A2: [0.16664603419003762, -0.16668804154035352, -2.2066718978021133e-05, -2.063372344924911e-05] - [0.16658222052544244, 0.3332459146572338, -9.018287974797117e-05, -8.445100700107594e-05] - [0.1666449225075905, 0.8333108404941733, -2.3187461356255086e-05, -2.174534501949994e-05] - [4.0005479367573886e-07, 4.122437495911057e-07, 4.232864084673134e-07, 4.000545929318506e-07]
B1: 0.166717043084179 - 0.6666493999413133 - 0.16658598134948482 - 5.0369171022783614e-05
B2: 0.1667141544152243 - 0.6667299134180531 - 0.16674583042428803 - 4.752407399048746e-05
