Number: 1647
Error: 3.526006493322115e-06
A1: [-7.434386885143605e-06, -6.915755196069588e-06, -5.624739276378526e-06, -7.295081637590406e-06] - [0.20831122784927553, 0.3333123470047508, -0.041683078520147916, -2.14917304436421e-05] - [0.1666576167643565, 0.666658252971142, 0.16665984256249247, -8.878037192081004e-06] - [-3.1256194026498204e-06, -2.790310559950515e-06, -2.4548351565283193e-06, -3.1229495331503486e-06]
A2: [0.1666838964537553, -0.16664893996604818, 1.7969243472182872e-05, 1.7200409695315618e-05] - [0.16669453315455696, 0.33336194828649046, 2.8479104752029773e-05, 2.7751322064559604e-05] - [0.16665969882235387, 0.8333261285762524, -7.618866822883255e-06, -6.996048979867886e-06] - [8.847167944554483e-06, 9.117558450128344e-06, 9.362599513724991e-06, 8.847164694735126e-06]
B1: 0.16663725039782393 - 0.66661097112159 - 0.16667974897922283 - -1.296770920030055e-05
B2: 0.16662960955337391 - 0.6666137717290168 - 0.16660475508853 - -3.633915677561131e-05
