Number: 1207
Error: 3.28121367490206e-06
A1: [-5.8908201248205515e-06, -5.297313516477272e-06, -4.13803392671486e-06, -5.788468276569816e-06] - [0.20831522808321248, 0.33331692452363815, -0.04167884792540892, -1.7654316997980827e-05] - [0.1666595277348372, 0.666660217945992, 0.1666616065796508, -7.012668769326297e-06] - [-2.288367942520094e-06, -2.0428027962547906e-06, -1.7971037555190022e-06, -2.2864112659843598e-06]
A2: [0.16668136525958446, -0.16665157432030503, 1.529401211939291e-05, 1.467708154466436e-05] - [0.16669449869868527, 0.33336182814957843, 2.848911209817783e-05, 2.774771127900247e-05] - [0.1666631966400981, 0.8333297173171109, -3.896408738009308e-06, -3.490674641634775e-06] - [6.4854511293118784e-06, 6.683651886506181e-06, 6.863266480033281e-06, 6.485448196073277e-06]
B1: 0.16664165411871795 - 0.6666273769636769 - 0.16668275863384716 - -1.2931603998360362e-05
B2: 0.16663467546991495 - 0.6666218796109954 - 0.1666147612644614 - -3.1463848715044146e-05
