Number: 1759
Error: 3.5879556773316903e-06
A1: [-7.804547861995743e-06, -7.303707171565407e-06, -5.977892442216036e-06, -7.655858357299843e-06] - [0.2083103011770946, 0.3333112784935562, -0.041684053623456806, -2.2377045769262975e-05] - [0.1666571533064167, 0.6666577770486979, 0.16665941907108717, -9.329909892291295e-06] - [-3.3387336256106203e-06, -2.980581669149685e-06, -2.6222561495941694e-06, -3.33588244685422e-06]
A2: [0.16668454434068367, -0.16664826600711755, 1.8653410497471046e-05, 1.7846294203170044e-05] - [0.1666945510437359, 0.33336198750412066, 2.8484683756251184e-05, 2.776135883726033e-05] - [0.16665880940738959, 0.8333252159623586, -8.565577612845419e-06, -7.887387777294126e-06] - [9.448288110903251e-06, 9.737052807578204e-06, 9.998747097073526e-06, 9.448284849737934e-06]
B1: 0.16663604878932542 - 0.6666067171729532 - 0.1666789075519043 - -1.3057644083897348e-05
B2: 0.16662825008788634 - 0.6666117087810044 - 0.16660228366018642 - -3.765009655532468e-05
