Number: 2224
Error: 6.958500431991688e-06
A1: [-3.7317933204662975e-06, -3.996063368571198e-06, -3.2172331616313807e-06, -3.549082221312966e-06] - [0.20833251083438958, 0.3333298090808215, -0.04166822636260007, -1.836400352035148e-08] - [0.16666262943677773, 0.6666623496377997, 0.1666633572791191, -3.8120677995578907e-06] - [-4.2237414094073835e-06, -3.7707145206776563e-06, -3.3174907879911236e-06, -4.220138292184501e-06]
A2: [0.1666583829177754, -0.1666751915731432, -9.01997555015575e-06, -8.323457501041145e-06] - [0.1665822560484768, 0.33324635949225473, -9.038365199997271e-05, -8.456629881956302e-05] - [0.16662778387105978, 0.8332932557261673, -4.1427496418883324e-05, -3.89209268616708e-05] - [1.1940896030138644e-05, 1.2305849708410614e-05, 1.2636598915534866e-05, 1.1940893024742936e-05]
B1: 0.16669666310916356 - 0.6665702262093272 - 0.16657212546589634 - 5.133008515131758e-05
B2: 0.16668736683611585 - 0.66668882892638 - 0.16669607802437236 - 2.166848191120167e-05
