Number: 2883
Error: 4.2052147516853105e-06
A1: [-1.172586426221904e-05, -1.141518905348267e-05, -9.751793853004856e-06, -1.1482805165082993e-05] - [0.2083001693547347, 0.3332996763282912, -0.041694765330697915, -3.209304076211383e-05] - [0.16665229348595256, 0.6666527803680303, 0.16665493673458967, -1.4073277020560046e-05] - [-5.477339033187547e-06, -4.8899354134421605e-06, -4.302317209119751e-06, -5.472673489033267e-06]
A2: [0.1666909997421553, -0.16664154721186292, 2.5476524659114698e-05, 2.4281601616552634e-05] - [0.16669459567356004, 0.3333622508445582, 2.841545103516743e-05, 2.7727183697635866e-05] - [0.16664986235038876, 0.8333160366674447, -1.8086439121060168e-05, -1.685375443412478e-05] - [1.5480358156224033e-05, 1.5953501155946225e-05, 1.6382314933318465e-05, 1.548035633968441e-05]
B1: 0.16662467265521952 - 0.666564648016054 - 0.16667102157822983 - -1.3277319091377373e-05
B2: 0.16661537385231887 - 0.6665911283705332 - 0.16657692402240623 - -5.0039375290601194e-05
