Number: 276
Error: 8.058745438422488e-06
A1: [3.0055455844608474e-06, 3.0660427323381817e-06, 3.2548735557778175e-06, 3.0247397624975108e-06] - [0.20834982694322715, 0.3333496544356598, -0.041649943639303355, 1.657724724933814e-05] - [0.1666709918508489, 0.6666709443733487, 0.16667105548266636, 4.348536261442504e-06] - [-5.15934284799067e-07, -4.6033692914264287e-07, -4.0470296902441386e-07, -5.154922923418539e-07]
A2: [0.16664718244523585, -0.16668684734215775, -2.0855153357861616e-05, -1.94890818972328e-05] - [0.16658215648707092, 0.3332458852173224, -9.027665514894726e-05, -8.45292132295296e-05] - [0.1666432905901471, 0.8333091658841434, -2.492435172321569e-05, -2.3380732489626195e-05] - [1.4844991294205284e-06, 1.529836212980574e-06, 1.5709179044409774e-06, 1.4844982602910422e-06]
B1: 0.166715627633085 - 0.6666423930592689 - 0.16658504464151488 - 5.095814833839487e-05
B2: 0.166710847416367 - 0.6667254690330177 - 0.1667407910529422 - 4.430463469668303e-05
