Number: 2271
Error: 3.870203619287694e-06
A1: [-9.599226466989209e-06, -9.18548578225982e-06, -7.706366147213735e-06, -9.407540630960328e-06] - [0.2083056519896791, 0.3333059576427218, -0.041688970733853845, -2.6836781158780675e-05] - [0.1666549310386299, 0.6666554919634936, 0.16665736781938056, -1.1499120279086519e-05] - [-4.31293217232839e-06, -3.8503517775615976e-06, -3.387572549297301e-06, -4.309253354438714e-06]
A2: [0.16668748620362944, -0.1666452040882232, 2.1762920624664656e-05, 2.0779004014250458e-05] - [0.16669457806734198, 0.3333621143412727, 2.8460209063515545e-05, 2.775248719291508e-05] - [0.16665473601002412, 0.8333210367980972, -1.2900308773529537e-05, -1.1969580031613655e-05] - [1.2196156614301038e-05, 1.2568913869528184e-05, 1.2906736196187584e-05, 1.2196153659947886e-05]
B1: 0.16663088853609645 - 0.6665875818910298 - 0.1666753501618669 - -1.313579851819089e-05
B2: 0.16662240328170994 - 0.6666023263359458 - 0.1665906964857455 - -4.327509366238028e-05
