Number: 378
Error: 7.997510752668484e-06
A1: [2.6681860640969814e-06, 2.712863720424457e-06, 2.9337782284010777e-06, 2.6959279625563527e-06] - [0.20834898323217393, 0.3333486829793496, -0.04165082857346164, 1.5771202988228702e-05] - [0.16667056998170826, 0.6666705114933307, 0.1666706707099207, 3.937220324645502e-06] - [-7.101051278577827e-07, -6.336974799045108e-07, -5.572406074727246e-07, -7.094968595315648e-07]
A2: [0.1666477646895185, -0.16668624158320336, -2.0240315141084685e-05, -1.8908662327570494e-05] - [0.16658213962208424, 0.3332458868463322, -9.03065282588107e-05, -8.45532324071596e-05] - [0.16664247186290904, 0.833308325795486, -2.5795706329980805e-05, -2.420121200192598e-05] - [2.0320879510134445e-06, 2.094163122786481e-06, 2.1504131449448187e-06, 2.032086769999264e-06]
B1: 0.16671481230868126 - 0.6666387708400965 - 0.16658450400519884 - 5.1155147105751294e-05
B2: 0.16670937896817015 - 0.6667233613295375 - 0.1667383138952776 - 4.288039958971895e-05
