Number: 2500
Error: 6.806658355828878e-06
A1: [-4.6762710177865444e-06, -4.986190867030757e-06, -4.123419021541639e-06, -4.4704043935678625e-06] - [0.2083300973900573, 0.33332703877258546, -0.041670773823481756, -2.329769818740537e-06] - [0.1666614545486788, 0.6666611422199856, 0.16666227723864463, -4.958377664146128e-06] - [-4.749017966251123e-06, -4.239682903993096e-06, -3.730141401508618e-06, -4.744969291890088e-06]
A2: [0.1666599715970432, -0.16667353835300622, -7.341306771088878e-06, -6.739715594541706e-06] - [0.16658227668643458, 0.33324643349919125, -9.03917573466004e-05, -8.456502432990739e-05] - [0.16662558814941233, 0.8332910029443605, -4.376420932954043e-05, -4.1121393196037403e-05] - [1.3422095166556528e-05, 1.3832323556414082e-05, 1.4204109678559407e-05, 1.3422092540983082e-05]
B1: 0.16669380593890398 - 0.6665598359770641 - 0.166570133007777 - 5.1212420422156e-05
B2: 0.16668414151050479 - 0.6666837693239377 - 0.16668990602647987 - 1.8562809901347515e-05
