Number: 1036
Error: 7.619216208442973e-06
A1: [4.0887960702423684e-07, 3.452289200832002e-07, 7.668254059089e-07, 4.918415869524436e-07] - [0.20834320177029675, 0.33334205261892164, -0.04165692562286841, 1.0233053935414181e-05] - [0.16666776251915597, 0.6666676268899868, 0.1666680903106103, 1.1979153500402629e-06] - [-1.9626162687418973e-06, -1.7519629038727524e-06, -1.541190727977219e-06, -1.960937479732386e-06]
A2: [0.1666515451519355, -0.16668230773709372, -1.6246269318366287e-05, -1.5139971068902991e-05] - [0.166582154921451, 0.3332460272463984, -9.036387726769513e-05, -8.45840867539989e-05] - [0.16663722785826568, 0.8333029451944981, -3.137690095047634e-05, -2.9456521937966395e-05] - [5.564413574474125e-06, 5.734460594987203e-06, 5.888559870032443e-06, 5.564410883792626e-06]
B1: 0.16670866557172367 - 0.6666146334014641 - 0.16658036122231248 - 5.1539900911245516e-05
B2: 0.1667011138385584 - 0.6667107050011706 - 0.16672298851763329 - 3.4900492193547225e-05
