Number: 153
Error: 2.6714243975805507e-06
A1: [-2.299224708996914e-06, -1.5342307122601476e-06, -6.984320669407013e-07, -2.285296741820685e-06] - [0.20832437846272403, 0.33332742652503744, -0.04166920830148254, -8.893563511227123e-06] - [0.16666399581102626, 0.6666648076886038, 0.1666657071550036, -2.6537384009396984e-06] - [-2.826386026358906e-07, -2.520450981587463e-07, -2.2143076840860112e-07, -2.823964986365266e-07]
A2: [0.1666753212892323, -0.16665786334536858, 8.909086487015448e-06, 8.651954793913365e-06] - [0.1666945293413949, 0.33336166063007583, 2.864012241977878e-05, 2.785223793785909e-05] - [0.1666716121087166, 0.8333383520501542, 5.059984009075245e-06, 4.94289165956366e-06] - [8.272038113055143e-07, 8.524495928632703e-07, 8.753243716206824e-07, 8.272033378016904e-07]
B1: 0.166651177003197 - 0.6666657661918738 - 0.16668916985762908 - -1.387033670401962e-05
B2: 0.16664831463054414 - 0.6666424650143312 - 0.16663953008517018 - -1.828128164908972e-05
