Number: 1549
Error: 3.4716306023409208e-06
A1: [-7.080515097136237e-06, -6.5446347430990575e-06, -5.282387500697061e-06, -6.949449896500215e-06] - [0.20831215941924913, 0.3333134094560514, -0.04168209103290031, -2.05964635850771e-05] - [0.16665805258028932, 0.6666587013932723, 0.16666024680535446, -8.452387537859254e-06] - [-2.9391444986353575e-06, -2.6238243041609446e-06, -2.308344111084081e-06, -2.936633349471446e-06]
A2: [0.16668333453640793, -0.16664952494838134, 1.737506304104123e-05, 1.6640244247687115e-05] - [0.16669453040717244, 0.33336192621653427, 2.848576861336151e-05, 2.7755444587616946e-05] - [0.16666047850048812, 0.8333269284744662, -6.789218667455446e-06, -6.214687758153232e-06] - [8.321161339273125e-06, 8.575473630587819e-06, 8.805942557270897e-06, 8.321158122495802e-06]
B1: 0.1666382019687908 - 0.6666145976360378 - 0.16668039361842305 - -1.2988943334002036e-05
B2: 0.16663069891211707 - 0.6666155700708482 - 0.16660700943609716 - -3.529224957095319e-05
