Number: 2456
Error: 6.8308239377527995e-06
A1: [-4.529176856396567e-06, -4.832014647008271e-06, -3.982819908874539e-06, -4.326998319448499e-06] - [0.20833046814753628, 0.33332746563513554, -0.0416703832726138, -1.9752658394356433e-06] - [0.1666616383377926, 0.6666613309977849, 0.16666244551332335, -4.779141046523219e-06] - [-4.6652782275323695e-06, -4.1649197606811215e-06, -3.664356168884383e-06, -4.661300546914571e-06]
A2: [0.16665971783130754, -0.16667380237822996, -7.6093581252056596e-06, -6.9926942143280656e-06] - [0.16658227221099636, 0.3332464205935838, -9.039149120384086e-05, -8.456641278821743e-05] - [0.1666259381007246, 0.833291362001649, -4.339176179918358e-05, -4.077068545436516e-05] - [1.3185967285970012e-05, 1.3588978134029958e-05, 1.3954222212364253e-05, 1.3185964588423646e-05]
B1: 0.16669427251240163 - 0.6665615032184198 - 0.16657046124397373 - 5.124227493785911e-05
B2: 0.16668466732159096 - 0.6666845767233587 - 0.16669087933639098 - 1.9069545115143796e-05
