Number: 2441
Error: 3.963488328248389e-06
A1: [-1.0180661204242055e-05, -9.795028272184876e-06, -8.264197760551523e-06, -9.97471360287305e-06] - [0.20830416650025987, 0.33330425240368555, -0.04169053866384045, -2.8259423601258913e-05] - [0.16665420777983833, 0.6666547486660008, 0.16665670297400895, -1.2204777400429328e-05] - [-4.636386846601909e-06, -4.13913354881632e-06, -3.6416754673460954e-06, -4.632433657665543e-06]
A2: [0.16668846443622334, -0.1666441861168538, 2.2796566090873572e-05, 2.1754197385842455e-05] - [0.16669458961899605, 0.3333621587138137, 2.8454008230130738e-05, 2.7752119558252243e-05] - [0.1666533833138255, 0.8333196489458716, -1.4339854718875184e-05, -1.3325196844843724e-05] - [1.3108468079857915e-05, 1.3509111361680654e-05, 1.3872209521717003e-05, 1.3108465357325485e-05]
B1: 0.16662912973807942 - 0.6665811823641035 - 0.16667412210875054 - -1.3207268994237662e-05
B2: 0.16662041664056798 - 0.6665992107731287 - 0.16658689639086244 - -4.518808107345234e-05
