Number: 772
Error: 7.768821414742693e-06
A1: [1.3408750534551093e-06, 1.3223204371225152e-06, 1.665035449892972e-06, 1.4016576816928913e-06] - [0.20834562474690338, 0.33334482270867455, -0.04165436297961701, 1.2558311034495581e-05] - [0.16666891497670577, 0.6666688119197809, 0.16666915491615217, 2.323002858707501e-06] - [-1.4601059093286945e-06, -1.3033140167113356e-06, -1.1464288747000834e-06, -1.4588562064426614e-06]
A2: [0.16665002834481185, -0.1666838864214676, -1.7849444201189708e-05, -1.665205542887893e-05] - [0.16658214170410207, 0.3332459627804258, -9.035003972149224e-05, -8.457878605077482e-05] - [0.1666393283409813, 0.8333051002915985, -2.914150239863454e-05, -2.7351503064566288e-05] - [4.147229873705539e-06, 4.27395824015674e-06, 4.388799342230124e-06, 4.147227679029111e-06]
B1: 0.1667111901947779 - 0.6666243650614853 - 0.16658205983310068 - 5.14438379667959e-05
B2: 0.16670422730827614 - 0.6667156609497351 - 0.16672910086391904 - 3.7899526053667746e-05
