Number: 72
Error: 8.18573572210623e-06
A1: [3.6356249308376503e-06, 3.7247845638192675e-06, 3.846470515374718e-06, 3.637766602453072e-06] - [0.20835133332605388, 0.33335140446310624, -0.04164837850234891, 1.8008470928789797e-05] - [0.1666717898610871, 0.6666717614670294, 0.16667177342102465, 5.125483669066423e-06] - [-1.275757751168729e-07, -1.1359913519276218e-07, -9.961281790342924e-08, -1.2746664213901773e-07]
A2: [0.16664602226872954, -0.16668805388245506, -2.2079197532267307e-05, -2.064560897844063e-05] - [0.1665822198595987, 0.33324591374167856, -9.018306201180166e-05, -8.44515325697869e-05] - [0.16664493856780885, 0.8333108569894295, -2.3170336810686227e-05, -2.172925044525553e-05] - [3.893177452211126e-07, 4.0117850025406156e-07, 4.119237429636116e-07, 3.893175513230586e-07]
B1: 0.16671706691169333 - 0.6666494788748171 - 0.16658599992701906 - 5.0373164941402144e-05
B2: 0.16671420205043486 - 0.6667299605358495 - 0.16674587100203056 - 4.757084215797089e-05
