Number: 2674
Error: 6.71115510026204e-06
A1: [-5.2862674196653674e-06, -5.625783874152363e-06, -4.710911377532933e-06, -5.065789142603987e-06] - [0.20832851718496553, 0.33332523029143507, -0.0416724451144617, -3.8455909901341105e-06] - [0.1666606991382304, 0.6666603654742653, 0.16666157996475084, -5.695758034846614e-06] - [-5.080158957149065e-06, -4.5353251511204336e-06, -3.9902804978570225e-06, -5.075829683221628e-06]
A2: [0.16666096996852722, -0.16667249917097612, -6.285950977394147e-06, -5.7444567817475934e-06] - [0.16658228055906535, 0.33324647134134705, -9.040533592366776e-05, -8.457335944704833e-05] - [0.1666242024832135, 0.8332895813448418, -4.523868014827932e-05, -4.2510050836420534e-05] - [1.4355854800663111e-05, 1.4794624631861201e-05, 1.5192281250958454e-05, 1.4355852502291459e-05]
B1: 0.16669205435034926 - 0.6665533312611702 - 0.16656891832467932 - 5.11879177796295e-05
B2: 0.16668216018208143 - 0.666680586166589 - 0.1666859736467863 - 1.6656914670325738e-05
