Number: 2780
Error: 6.653095140933991e-06
A1: [-5.649326952931309e-06, -6.006393161223375e-06, -5.059301774935787e-06, -5.419955641284718e-06] - [0.2083275889540143, 0.3333241649280977, -0.04167342497256347, -4.73463283473135e-06] - [0.16666024758385578, 0.6666599014072195, 0.16666116479447543, -6.1363371066806364e-06] - [-5.281888117027166e-06, -4.715428821847575e-06, -4.148756615682865e-06, -5.277388010907486e-06]
A2: [0.16666157936929527, -0.16667186498130976, -5.641984056304625e-06, -5.136952238968493e-06] - [0.16658228573371425, 0.3332464970194452, -9.041118210124607e-05, -8.457562184617031e-05] - [0.16662335854231905, 0.833288715490626, -4.613676745938716e-05, -4.335581419068006e-05] - [1.4924681513645383e-05, 1.538083817743235e-05, 1.579425477199479e-05, 1.4924679447892204e-05]
B1: 0.166690959801034 - 0.6665493416893813 - 0.16656815190344249 - 5.114546571937402e-05
B2: 0.16668092494950057 - 0.6666786454287146 - 0.1666836045928352 - 1.5467637366342924e-05
