Number: 1171
Error: 3.261113660526357e-06
A1: [-5.776908551518637e-06, -5.177975847199068e-06, -4.030174866042918e-06, -5.677568369372882e-06] - [0.20831550550029657, 0.33331724635387217, -0.041678557299049644, -1.7390173990948325e-05] - [0.1666596715709359, 0.6666603654933392, 0.16666173697710324, -6.872551916459859e-06] - [-2.2198635034726414e-06, -1.981640679538752e-06, -1.7432870002595277e-06, -2.2179652445911124e-06]
A2: [0.1666811560300755, -0.1666517918829306, 1.5073218283565176e-05, 1.4468495711242268e-05] - [0.1666944903268682, 0.3333618130543257, 2.8484968149360926e-05, 2.7741863423825375e-05] - [0.16666348218381538, 0.8333300103362423, -3.5924107993036406e-06, -3.2045126221678673e-06] - [6.292217237518011e-06, 6.484511458103256e-06, 6.658773011051696e-06, 6.292214349285541e-06]
B1: 0.16664205193456016 - 0.6666287549559711 - 0.16668303872308204 - -1.2891108199129556e-05
B2: 0.16663513543948222 - 0.6666225498482855 - 0.1666155460561582 - -3.101947721269228e-05
