Number: 852
Error: 7.723274469227684e-06
A1: [1.0554279620446536e-06, 1.0230542792807985e-06, 1.3895196264539654e-06, 1.1229345502940374e-06] - [0.20834487837758545, 0.3333439705311543, -0.04165515291576078, 1.1841565397415376e-05] - [0.16666856271157898, 0.6666684496269344, 0.16666882895901208, 1.979034708802813e-06] - [-1.6123830073167174e-06, -1.4392694031255644e-06, -1.2660544788374694e-06, -1.6110032210144362e-06]
A2: [0.16665048716206854, -0.16668340883785546, -1.7364421473558418e-05, -1.619466931368807e-05] - [0.16658214305637503, 0.33324597969000147, -9.035682378626144e-05, -8.458304524150645e-05] - [0.16663869132940554, 0.8333044467283552, -2.9819399658825488e-05, -2.798988919109983e-05] - [4.576686089969953e-06, 4.7165415326999905e-06, 4.8432791347897e-06, 4.576683729024627e-06]
B1: 0.16671044667090978 - 0.6666214360663287 - 0.16658156360987714 - 5.149446558515602e-05
B2: 0.16670328445078467 - 0.6667141504255707 - 0.1667272301029162 - 3.6991345704648704e-05
