Number: 3041
Error: 4.29130229211952e-06
A1: [-1.226931414884729e-05, -1.1984931092153813e-05, -1.0273648457981577e-05, -1.2012997904487456e-05] - [0.2082987763689757, 0.3332980784127226, -0.0416962363336945, -3.342760608527024e-05] - [0.16665161819249963, 0.6666520862758695, 0.16665431537214992, -1.4732210064696612e-05] - [-5.7779430354349045e-06, -5.158314162951802e-06, -4.5384691866688414e-06, -5.77302319898381e-06]
A2: [0.16669190666110598, -0.16664060333750563, 2.6434994680116493e-05, 2.5185695919787597e-05] - [0.1666945984409056, 0.33336228417878605, 2.8401860323212804e-05, 2.771887232846636e-05] - [0.16664860335672838, 0.8333147450071475, -1.942613524853977e-05, -1.8115463083137817e-05] - [1.632817550400161e-05, 1.6827233004158245e-05, 1.7279537067663046e-05, 1.6328174117349035e-05]
B1: 0.16662305334901595 - 0.666558710423017 - 0.16666988480889794 - -1.3328475097743446e-05
B2: 0.16661354287053587 - 0.6665882385781302 - 0.16657338791848203 - -5.1801900013335276e-05
