Number: 2307
Error: 3.8899502595526925e-06
A1: [-9.71305089231936e-06, -9.304740038247036e-06, -7.814147576213182e-06, -9.51835381352505e-06] - [0.20830537488336934, 0.33330563610569236, -0.04168926108982111, -2.7100614537050186e-05] - [0.16665478727745897, 0.6666553444869929, 0.16665723748444278, -1.163916299564017e-05] - [-4.381429923037266e-06, -3.911507327544589e-06, -3.4413845370649957e-06, -4.377692983962837e-06]
A2: [0.16668769498575683, -0.16664498696928104, 2.1983275747896755e-05, 2.098714247209829e-05] - [0.16669458481624408, 0.33336212783391483, 2.8462772665174246e-05, 2.7756711765671694e-05] - [0.16665445007567878, 0.8333207433939641, -1.3204686587194899e-05, -1.225613291032966e-05] - [1.2389349494641977e-05, 1.2768011966180504e-05, 1.3111186732779408e-05, 1.2389346583972235e-05]
B1: 0.1666304853978443 - 0.666586197500614 - 0.16667506240476385 - -1.3181644279883182e-05
B2: 0.1666219507331142 - 0.6666016637216079 - 0.1665899195131251 - -4.371204231267415e-05
