Number: 1306
Error: 7.467745896705646e-06
A1: [-5.29343354928745e-07, -6.383809957048927e-07, -1.3538032102900462e-07, -4.237127959503606e-07] - [0.20834078364110806, 0.3333392824659116, -0.04165948064707995, 7.914806638600274e-06] - [0.16666659884558527, 0.6666664306586063, 0.1666670179870572, 6.221830607208603e-08] - [-2.4765340777742705e-06, -2.210795500980891e-06, -1.944915105411449e-06, -2.474417005258917e-06]
A2: [0.16665310054345348, -0.16668068912463913, -1.4602682632288356e-05, -1.3589409638816626e-05] - [0.16658218198917166, 0.33324610665502113, -9.03646632842403e-05, -8.457595860863203e-05] - [0.16663508226203305, 0.8333007437678129, -3.366043862082323e-05, -3.160675784066802e-05] - [7.013738216202327e-06, 7.228086224710636e-06, 7.422334994498747e-06, 7.013735176831325e-06]
B1: 0.16670595990001932 - 0.666604564960834 - 0.16657851611514976 - 5.151444142685432e-05
B2: 0.1666979434291906 - 0.6667056962654802 - 0.16671684540431703 - 3.1847122730339125e-05
