Number: 1726
Error: 7.23392643503909e-06
A1: [-1.977475176227043e-06, -2.156560472208256e-06, -1.5263845386698285e-06, -1.8365944258033251e-06] - [0.20833706743621114, 0.3333350209061788, -0.041663405344321454, 4.353927282990495e-06] - [0.1666648000239406, 0.6666645817580347, 0.16666536238273735, -1.693097740114694e-06] - [-3.2759347717584637e-06, -2.9245086651414487e-06, -2.572911141301556e-06, -3.273137021061298e-06]
A2: [0.16665552161712474, -0.16667816975570332, -1.2044516832325911e-05, -1.117584941178668e-05] - [0.16658222856184007, 0.33324623459861374, -9.036153485988563e-05, -8.455884882948824e-05] - [0.16663174523833016, 0.8332973199182798, -3.7212001923024296e-05, -3.49509996512079e-05] - [9.26809932382214e-06, 9.551355338107599e-06, 9.808056842973562e-06, 9.26809606537022e-06]
B1: 0.16670165904041886 - 0.6665888129456341 - 0.16657555728009965 - 5.138270034599867e-05
B2: 0.16669302959799537 - 0.6666979576072755 - 0.1667073786675282 - 2.711535956299121e-05
