Number: 2997
Error: 4.267354815552885e-06
A1: [-1.2122221190058474e-05, -1.1830754952024781e-05, -1.0133046505416765e-05, -1.1869592715895236e-05] - [0.20829914718288542, 0.33329850533464045, -0.04169584571479506, -3.30730447130473e-05] - [0.1666518019573912, 0.6666522750347064, 0.16665448363638374, -1.4552997080088564e-05] - [-5.694230339147521e-06, -5.083575431089757e-06, -4.472704737479174e-06, -5.689381300387463e-06]
A2: [0.16669165342554443, -0.16664086682844093, 2.616747704666406e-05, 2.4933247000257832e-05] - [0.16669459596045796, 0.33336227328067214, 2.8404129949204535e-05, 2.77194772382051e-05] - [0.16664895378831288, 0.8333151045472224, -1.9053205859996037e-05, -1.7764275381827166e-05] - [1.6092079286980506e-05, 1.6583920235885442e-05, 1.7029682793954666e-05, 1.6092077775011503e-05]
B1: 0.16662351806837694 - 0.6665603772038777 - 0.16667021416644082 - -1.3300441802864622e-05
B2: 0.16661406714690719 - 0.6665890444736702 - 0.16657435982766097 - -5.1296689120875074e-05
