Number: 1325
Error: 3.3470482757415284e-06
A1: [-6.29210788081014e-06, -5.717960734066043e-06, -4.522630549497361e-06, -6.179857786267553e-06] - [0.20831420634701217, 0.3333157508724137, -0.041679925634333266, -1.863243621898198e-05] - [0.16665902806069716, 0.6666597045167112, 0.1666611477731383, -7.500125195305837e-06] - [-2.5129077559224633e-06, -2.2432753298322043e-06, -1.9734994386534657e-06, -2.510759669724893e-06]
A2: [0.16668204632608413, -0.16665086570031248, 1.601347606860991e-05, 1.5356038424086985e-05] - [0.16669451382380723, 0.3333618659484891, 2.849168771989661e-05, 2.7754564122805332e-05] - [0.166662259288794, 0.8333287555420235, -4.894086044676403e-06, -4.430052463541991e-06] - [7.118833888711629e-06, 7.336395074889974e-06, 7.533555982868117e-06, 7.118830828103657e-06]
B1: 0.16664043753865732 - 0.6666229435921921 - 0.166681919922621 - -1.29768941694016e-05
B2: 0.16663326717438617 - 0.6666196950650665 - 0.16661210938247475 - -3.282102384973015e-05
