Number: 2191
Error: 3.8262125746241455e-06
A1: [-9.314329406261246e-06, -8.886727425091773e-06, -7.4313089938088955e-06, -9.129365889525577e-06] - [0.20830639647211177, 0.3333068080894126, -0.04168818235297053, -2.6121917515259135e-05] - [0.16665528279399358, 0.6666558537893401, 0.1666576933657282, -1.1155659153603249e-05] - [-4.160717492087892e-06, -3.714454148813236e-06, -3.267995192997539e-06, -4.157167863277714e-06]
A2: [0.1666870275897157, -0.16664568149856057, 2.1278033523565073e-05, 2.032182024085272e-05] - [0.1666945769278985, 0.33336209750499063, 2.8466906404982993e-05, 2.7756956411628995e-05] - [0.16665537297557034, 0.8333216902771722, -1.2222535807941217e-05, -1.1331240214495556e-05] - [1.1766817412888221e-05, 1.2126451334541615e-05, 1.2452378852049933e-05, 1.1766814371804305e-05]
B1: 0.1666316798713523 - 0.6665905582508191 - 0.16667589398466193 - -1.313853976277836e-05
B2: 0.16662330010886253 - 0.6666037895805237 - 0.16659251896620456 - -4.24129233946314e-05
