Number: 2056
Error: 7.051243923895536e-06
A1: [-3.128741224620503e-06, -3.363642212755093e-06, -2.6343272158839827e-06, -2.960152084401254e-06] - [0.20833409326869176, 0.33333161510270143, -0.04166654962824626, 1.5018505411841492e-06] - [0.16666337303880555, 0.6666631146374374, 0.16666404633703114, -3.0858891268740593e-06] - [-3.904007840399089e-06, -3.4852560047848188e-06, -3.0663147345080335e-06, -3.900676203032114e-06]
A2: [0.16665742003557582, -0.16667619398030942, -1.0038122924194025e-05, -9.283334351980248e-06] - [0.16658225349835976, 0.3332463238283587, -9.03699916287504e-05, -8.455706284335567e-05] - [0.16662912123888846, 0.8332946277505954, -4.000446325288059e-05, -3.7580671182273526e-05] - [1.1039257794514414e-05, 1.1376651742605333e-05, 1.1682421426520382e-05, 1.1039254641541445e-05]
B1: 0.16669831138758168 - 0.6665764621964627 - 0.1665732519446638 - 5.1310730971561595e-05
B2: 0.16668923631349486 - 0.6666919026817946 - 0.1666999214684911 - 2.34651313733984e-05
