Number: 1026
Error: 7.624851482979444e-06
A1: [4.445271289537522e-07, 3.826065005642559e-07, 8.012369853141915e-07, 5.266486605121831e-07] - [0.20834329494524373, 0.33334215902957354, -0.041656826982421354, 1.0322526068547475e-05] - [0.166667806524486, 0.6666676721508866, 0.1666681310318876, 1.2408836209351309e-06] - [-1.943582140118792e-06, -1.7349689816377156e-06, -1.5262379249278183e-06, -1.94191959444865e-06]
A2: [0.16665148771138039, -0.16668236752591722, -1.6306990287570055e-05, -1.5197232731750796e-05] - [0.1665821543820665, 0.3332460247519286, -9.036341939331836e-05, -8.458392468594548e-05] - [0.1666373073890078, 0.8333030267914955, -3.129226457796579e-05, -2.937681936430979e-05] - [5.5107335182889495e-06, 5.6791397182838414e-06, 5.831751956689154e-06, 5.510730843605385e-06]
B1: 0.16670876184604003 - 0.6666150025612213 - 0.16658042599758266 - 5.153690539175289e-05
B2: 0.16670122909448548 - 0.6667108911365617 - 0.1667232196100153 - 3.501141341988056e-05
