Number: 2728
Error: 6.6815734183019304e-06
A1: [-5.468962616538111e-06, -5.817292569924644e-06, -4.8858797127814355e-06, -5.2439560775987895e-06] - [0.2083280534154262, 0.33332469717334157, -0.041672934161957845, -4.28940494913785e-06] - [0.16666047138483797, 0.6666601314747879, 0.16666137100334383, -5.917922394679853e-06] - [-5.182927573142439e-06, -4.627077041275187e-06, -4.07101455213307e-06, -5.178511260457768e-06]
A2: [0.16666128082793238, -0.16667217570233456, -5.957521598883213e-06, -5.434563379327523e-06] - [0.16658228429258612, 0.33324648546959346, -9.040732046740823e-05, -8.457341460069216e-05] - [0.1666237726906472, 0.8332891403827722, -4.5696069311470115e-05, -4.2940771817746276e-05] - [1.46456358332411e-05, 1.5093263156253058e-05, 1.5498948465516385e-05, 1.4645633650222055e-05]
B1: 0.16669148928219837 - 0.6665512917675652 - 0.1665685212175627 - 5.115881875878695e-05
B2: 0.16668152310166087 - 0.6666795967247172 - 0.16668477344005408 - 1.6043245705333868e-05
