Number: 1300
Error: 7.47112476666388e-06
A1: [-4.983805941272445e-07, -6.058407997001003e-07, -1.040804373330513e-07, -3.932634596476268e-07] - [0.20834087811463933, 0.3333393870525235, -0.041659378551511105, 8.007021602252745e-06] - [0.16666663492776468, 0.6666664680389347, 0.16666705318839548, 9.766901934342643e-08] - [-2.4651158557962173e-06, -2.2006015051463275e-06, -1.935945812943618e-06, -2.4630085149553546e-06]
A2: [0.1666530677018162, -0.16668072345707716, -1.4637660364939898e-05, -1.3622143943254393e-05] - [0.1665821858692144, 0.3332461091447513, -9.036063045298583e-05, -8.457165768531823e-05] - [0.1666351304604678, 0.833300793179244, -3.360923166665741e-05, -3.155845629825578e-05] - [6.98153162946924e-06, 7.194895203803753e-06, 7.388251781021087e-06, 6.9815285960860195e-06]
B1: 0.1667059872528243 - 0.6666047573999585 - 0.1665785272860912 - 5.148220687504698e-05
B2: 0.16669797894217933 - 0.6667058041683042 - 0.16671701178324555 - 3.188003565209583e-05
