Number: 1396
Error: 7.417520502342753e-06
A1: [-8.260120989258136e-07, -9.492878385805484e-07, -4.1826272252563134e-07, -7.128408689270968e-07] - [0.20834004229481523, 0.3333384273670598, -0.04166026045108898, 7.2066920817915425e-06] - [0.16666622718297663, 0.6666660490446416, 0.16666667857487152, -3.001346067964789e-07] - [-2.6478399607632817e-06, -2.363739881397086e-06, -2.0794910091357333e-06, -2.645576913977603e-06]
A2: [0.16665362178740128, -0.16668014693585056, -1.4052304976852119e-05, -1.3069775720966652e-05] - [0.16658219841852134, 0.3332461402027974, -9.035819604828071e-05, -8.45658426081378e-05] - [0.16663436797684392, 0.8333000108367136, -3.44207790504204e-05, -3.2322589681702685e-05] - [7.496830292351003e-06, 7.725944794066134e-06, 7.933576516854782e-06, 7.49682717278359e-06]
B1: 0.16670499698508842 - 0.666601150449188 - 0.16657784529403621 - 5.144488109788102e-05
B2: 0.16669683972860633 - 0.6667040298302868 - 0.16671485359840268 - 3.0782437391650735e-05
