Number: 1242
Error: 7.5035372476965545e-06
A1: [-3.109025494982143e-07, -4.0939775749480284e-07, 7.40915765739798e-08, -2.1064144624322884e-07] - [0.20834134092558057, 0.33333992232252374, -0.04165889265331096, 8.448430743582476e-06] - [0.16666687069218297, 0.6666667100037661, 0.1666672677434184, 3.274373610445962e-07] - [-2.3547171275541095e-06, -2.1020357215325303e-06, -1.8492176675805024e-06, -2.3527038949885564e-06]
A2: [0.16665273113615783, -0.166681073487842, -1.4992934030250592e-05, -1.3957672025250002e-05] - [0.16658217357754557, 0.3332460859097085, -9.036632083925217e-05, -8.457988079182885e-05] - [0.16663559057574315, 0.8333012653222521, -3.311941297603928e-05, -3.109734431829965e-05] - [6.670201040783468e-06, 6.874048278658616e-06, 7.058780217316136e-06, 6.6701980693749745e-06]
B1: 0.16670661844911622 - 0.6666069679523857 - 0.16657896909801378 - 5.153769335048951e-05
B2: 0.16669870451069785 - 0.6667068808095916 - 0.16671828588999094 - 3.258046090860362e-05
