Number: 2412
Error: 6.855000136815445e-06
A1: [-4.382083327912502e-06, -4.677838816506556e-06, -3.842221042708249e-06, -4.183592895086234e-06] - [0.20833083890226767, 0.3333278924955867, -0.04166999272345473, -1.6207646497486482e-06] - [0.16666182212653638, 0.66666151977534, 0.16666261378767633, -4.599904834531627e-06] - [-4.581538143907986e-06, -4.090156279340471e-06, -3.598570686742055e-06, -4.577631471479581e-06]
A2: [0.16665946402434503, -0.16667406644489008, -7.877451013840264e-06, -7.245714060629316e-06] - [0.1665822675773534, 0.33324640752916, -9.039138419184897e-05, -8.456795946917881e-05] - [0.1666262880128861, 0.8332917210196507, -4.3019353664691726e-05, -4.0420016874766025e-05] - [1.2949837399362886e-05, 1.334563064110995e-05, 1.3704332646153249e-05, 1.2949834634152767e-05]
B1: 0.16669473935045842 - 0.6665631706103698 - 0.16657078950718385 - 5.127239223234844e-05
B2: 0.16668519311643543 - 0.6666853841047411 - 0.1666918526271254 - 1.9576264174029376e-05
