Number: 2528
Error: 6.791263190980165e-06
A1: [-4.780765825003707e-06, -5.095804490518164e-06, -4.225004532599279e-06, -4.572541815033869e-06] - [0.20832981758889443, 0.33332672080360487, -0.041671071148794016, -2.599185881895288e-06] - [0.1666613265861422, 0.6666610104645173, 0.16666215791243486, -5.0834326455580355e-06] - [-4.802303648866712e-06, -4.287256040217164e-06, -3.7720011961393697e-06, -4.798209806982932e-06]
A2: [0.16666013121641013, -0.16667337211265482, -7.172407313630037e-06, -6.5805971152171055e-06] - [0.16658227465560246, 0.33324643707661544, -9.039630546138003e-05, -8.456901960233631e-05] - [0.1666253648812081, 0.8332907739109974, -4.40017325715556e-05, -4.1345142769139086e-05] - [1.3572357580895529e-05, 1.398717890818308e-05, 1.4363128123305459e-05, 1.3572355003424272e-05]
B1: 0.16669354461478994 - 0.6665588089681345 - 0.16656995646525477 - 5.122903717881762e-05
B2: 0.16668384430780356 - 0.6666832589715879 - 0.16668925427270878 - 1.8277744941858214e-05
