Number: 286
Error: 8.052678775220325e-06
A1: [2.9696117098122905e-06, 3.028402927138815e-06, 3.2202242920906305e-06, 2.989646635783598e-06] - [0.2083497327247763, 0.33334954706742587, -0.04165004315043086, 1.6486732613886875e-05] - [0.1666709476081534, 0.6666708988937139, 0.1666710145620948, 4.3053309549033415e-06] - [-5.349704449150726e-07, -4.773328393039529e-07, -4.1965736841776467e-07, -5.345121470172254e-07]
A2: [0.16664723889742808, -0.1666867885639024, -2.0795462663416794e-05, -1.9432808598053996e-05] - [0.16658215296903447, 0.3332458835623962, -9.028134364991743e-05, -8.453343265248248e-05] - [0.1666432100209384, 0.8333090832249576, -2.501007107919882e-05, -2.3461473487229043e-05] - [1.5381844675692773e-06, 1.5851625431429873e-06, 1.6277313226792897e-06, 1.5381835670296084e-06]
B1: 0.16671556116791864 - 0.6666420505166684 - 0.16658500332514084 - 5.099093515836791e-05
B2: 0.16671071000143214 - 0.6667252600600816 - 0.16674053649994083 - 4.4171554245241087e-05
