Number: 2954
Error: 6.557905888306169e-06
A1: [-6.259302022108012e-06, -6.645961813451418e-06, -5.646769252501226e-06, -6.0153195076059915e-06] - [0.2083260088139787, 0.3333223565173713, -0.0416750961942021, -6.2503901098691345e-06] - [0.1666594921959496, 0.6666591246849507, 0.16666046753972905, -6.873695851393385e-06] - [-5.613019497269561e-06, -5.011061591016253e-06, -4.408888406201593e-06, -5.608239153420414e-06]
A2: [0.1666625768539653, -0.1666708266884766, -4.587517402903981e-06, -4.142580230493845e-06] - [0.16658228623673935, 0.3332465314884796, -9.042813135617921e-05, -8.458732701338758e-05] - [0.16662197204674062, 0.8332872930613632, -4.7612068100722995e-05, -4.474530149372071e-05] - [1.5858391226993638e-05, 1.6343087716989453e-05, 1.6782374077218674e-05, 1.5858389597553464e-05]
B1: 0.16668921096099246 - 0.6665428373288129 - 0.16656693494121932 - 5.112366996515549e-05
B2: 0.166678945996889 - 0.6666754646903509 - 0.1666796746808809 - 1.35641195156627e-05
