Number: 1799
Error: 3.6100780007620846e-06
A1: [-7.947011918613317e-06, -7.453102365306056e-06, -6.115436602734013e-06, -7.794961082285049e-06] - [0.20830992888392175, 0.33331085321855675, -0.04168444786290396, -2.273452910252929e-05] - [0.16665697741395424, 0.6666575961211435, 0.16665925628535716, -9.501654891748516e-06] - [-3.4148445740793005e-06, -3.048534057693657e-06, -2.6820476053374292e-06, -3.411928665511741e-06]
A2: [0.16668477394958497, -0.1666480269997138, 1.8896155737308127e-05, 1.807518803047426e-05] - [0.1666945527534206, 0.3333619970610968, 2.8482470863889955e-05, 2.7760264355931316e-05] - [0.16665849120440607, 0.8333248895021272, -8.90418530670127e-06, -8.206277791161106e-06] - [9.662976170629876e-06, 9.958303131909419e-06, 1.022594509562469e-05, 9.662972912288371e-06]
B1: 0.16663565289731785 - 0.6666052295709602 - 0.16667863710911834 - -1.3056483203721452e-05
B2: 0.16662780020600565 - 0.6666109756561148 - 0.16660137088286733 - -3.808265051667199e-05
