Number: 2118
Error: 7.017010950792354e-06
A1: [-3.3447368916835255e-06, -3.5901079943627797e-06, -2.842151032302898e-06, -3.170942329211744e-06] - [0.20833353569757507, 0.333330976501249, -0.04166713903245173, 9.672162623003746e-07] - [0.1666631052435641, 0.6666628393178393, 0.1666637994161363, -3.34726060295117e-06] - [-4.022007112563539e-06, -3.590606237469971e-06, -3.159013054933242e-06, -4.0185752600232015e-06]
A2: [0.16665777656239597, -0.16667582292225702, -9.661314383233731e-06, -8.927916651562178e-06] - [0.1665822575777041, 0.3332463399819548, -9.037219546448463e-05, -8.455733310446378e-05] - [0.16662862808016202, 0.8332941217842127, -4.0529273015915056e-05, -3.8074895644728076e-05] - [1.1372008480945767e-05, 1.1719573396921658e-05, 1.2034561770119233e-05, 1.1372005375067925e-05]
B1: 0.1666976814255057 - 0.6665741402717449 - 0.16657281680809402 - 5.1296189748971355e-05
B2: 0.16668852378046803 - 0.6666907661675675 - 0.16669852247967742 - 2.2779476021776e-05
