Number: 2703
Error: 4.106959373942423e-06
A1: [-1.110886052774167e-05, -1.0768349098846543e-05, -9.159627558519732e-06, -1.0880902747691581e-05] - [0.20830174776666813, 0.33330148772933865, -0.04169309899255832, -3.058117625709442e-05] - [0.16665306067082403, 0.6666535688495415, 0.16665564223667323, -1.3324729098666654e-05] - [-5.134872753410315e-06, -4.584181460946407e-06, -4.0332785880029805e-06, -5.130497135328057e-06]
A2: [0.1666899656051292, -0.1666426234340091, 2.4383693114699082e-05, 2.3250682564683494e-05] - [0.1666945893772536, 0.3333622097682367, 2.842788333869809e-05, 2.7733508494220106e-05] - [0.16665129599542455, 0.8333175075326006, -1.6560843989386307e-05, -1.5417016534985713e-05] - [1.4514460561189684e-05, 1.4958079746589833e-05, 1.5360132019538224e-05, 1.4514458322873393e-05]
B1: 0.16662652677034942 - 0.6665714198153475 - 0.16667232205411406 - -1.320972440153362e-05
B2: 0.16661746803573646 - 0.666594422186943 - 0.1665809471758331 - -4.802318048754041e-05
