Number: 2576
Error: 6.764884381424943e-06
A1: [-4.95648112875759e-06, -5.280101998247307e-06, -4.395346821188123e-06, -4.744219177446433e-06] - [0.2083293517014304, 0.3333261902618801, -0.04167156552562909, -3.0472835432724216e-06] - [0.1666611106779492, 0.6666607882488419, 0.16666195719847787, -5.294359799005614e-06] - [-4.8936510844233075e-06, -4.368810593657163e-06, -3.8437615821158505e-06, -4.889479825443318e-06]
A2: [0.16666040537845447, -0.16667308662981806, -6.882396829794688e-06, -6.307293736339213e-06] - [0.16658227248122803, 0.3332464444381279, -9.040295529728758e-05, -8.457456160856236e-05] - [0.1666249822590795, 0.8332903813960357, -4.440881176322078e-05, -4.172859011210665e-05] - [1.3829948287910332e-05, 1.4252643163411982e-05, 1.463572908339986e-05, 1.3829945796881002e-05]
B1: 0.16669308607390843 - 0.6665570381689718 - 0.16656964394344712 - 5.124695507375796e-05
B2: 0.16668332280289805 - 0.6666823827302724 - 0.1666881468790785 - 1.7777048090499915e-05
