Number: 572
Error: 7.883702635421812e-06
A1: [2.0072732925584e-06, 2.0205143237765953e-06, 2.301100923701921e-06, 2.0512910868475202e-06] - [0.2083473002063397, 0.3333467516342988, -0.0416526007115962, 1.4159893303034789e-05] - [0.16666974778266386, 0.6666696670282707, 0.1666699164165501, 3.1351117241001325e-06] - [-1.0793988825261772e-06, -9.63410983546752e-07, -8.473512758381436e-07, -1.078474620293391e-06]
A2: [0.16664887538879347, -0.1666850858336597, -1.9066979205661786e-05, -1.7801433582768282e-05] - [0.1665821263552028, 0.3332459098341239, -9.034242504159033e-05, -8.458010652127298e-05] - [0.16664092078815831, 0.8333067343058015, -2.7446465225454136e-05, -2.5755619668216025e-05] - [3.0735670698965915e-06, 3.16747697989016e-06, 3.2525765337935436e-06, 3.0735653502356763e-06]
B1: 0.16671313328225823 - 0.6666317721871556 - 0.16658338526096514 - 5.140171232501045e-05
B2: 0.16670680330971258 - 0.6667195083515954 - 0.16673369277508443 - 4.038883280123854e-05
