Number: 562
Error: 7.889508090044384e-06
A1: [2.043026356588644e-06, 2.057988744459989e-06, 2.3356003932527277e-06, 2.0862035753333206e-06] - [0.2083473937654067, 0.33334685839786676, -0.04165250175004612, 1.424974914474648e-05] - [0.16666979187568332, 0.6666697123700841, 0.16666995721146463, 3.1781675279142297e-06] - [-1.0603636332234748e-06, -9.46415961088641e-07, -8.323976002183806e-07, -1.0594556512168135e-06]
A2: [0.16664881827443992, -0.16668514528825748, -1.9127358741642964e-05, -1.785836904330172e-05] - [0.166582127165566, 0.3332459087228875, -9.034055413802687e-05, -8.457859474694928e-05] - [0.16664100066566548, 0.8333068162582222, -2.7361465829567968e-05, -2.567557035627378e-05] - [3.0198831364803137e-06, 3.1121521000438872e-06, 3.195764570180641e-06, 3.0198814427753366e-06]
B1: 0.16671321876682055 - 0.6666321316291505 - 0.16658344136870443 - 5.138793195028371e-05
B2: 0.1667069267617046 - 0.6667197029328785 - 0.16673393254309038 - 4.050795022820451e-05
