Number: 2984
Error: 6.541506548666777e-06
A1: [-6.366123609130501e-06, -6.7579781910009535e-06, -5.749895237778387e-06, -6.119620365367561e-06] - [0.20832572971513338, 0.33332203768871055, -0.04167539174262755, -6.518382173532083e-06] - [0.1666593602861124, 0.6666589890031985, 0.1666603454654085, -7.002495670352232e-06] - [-5.670109987140865e-06, -5.062031609076983e-06, -4.453737672749859e-06, -5.665281349740101e-06]
A2: [0.16666274848729115, -0.16667064800562081, -4.406031416427417e-06, -3.971483569153524e-06] - [0.1665822853396009, 0.3332465364834408, -9.04319633061015e-05, -8.459032903859764e-05] - [0.166621732848667, 0.8332870476720677, -4.7866568617364035e-05, -4.498501539932222e-05] - [1.6019372537291296e-05, 1.6508989583044942e-05, 1.6952736198967463e-05, 1.6019370989880974e-05]
B1: 0.16668891528000415 - 0.6665417213082546 - 0.16656673010374073 - 5.1125756892765514e-05
B2: 0.16667861041336637 - 0.6666749167467654 - 0.1666789921314683 - 1.3241541821289716e-05
