Number: 1942
Error: 7.114256876722821e-06
A1: [-2.7323527273310116e-06, -2.9480453465903476e-06, -2.253051143633644e-06, -2.5733342030846644e-06] - [0.20833511539370853, 0.3333327860440531, -0.04166546932253991, 2.4818041024475794e-06] - [0.16666386466300576, 0.6666636200528017, 0.16666449949042303, -2.606075810306247e-06] - [-3.687039269839954e-06, -3.291545362179739e-06, -2.89586772477938e-06, -3.683891974237893e-06]
A2: [0.1666567641853231, -0.16667687654293534, -1.0731251878051845e-05, -9.937145253513976e-06] - [0.16658224501526356, 0.33324629316196686, -9.036688428991325e-05, -8.455754836911636e-05] - [0.1666300278179359, 0.8332955578815299, -3.9039682347566406e-05, -3.667213261391737e-05] - [1.0427415634191937e-05, 1.0746107792394953e-05, 1.1034926832504245e-05, 1.0427412417132519e-05]
B1: 0.1666994724098344 - 0.6665807336835823 - 0.16657405356328456 - 5.134016677682089e-05
B2: 0.16669054987847426 - 0.6666939934326769 - 0.16670249230972373 - 2.472927635483989e-05
