Number: 1959
Error: 3.6984621412922065e-06
A1: [-8.516857741018214e-06, -8.050671993792567e-06, -6.665602171417008e-06, -8.35136172796649e-06] - [0.20830843974480562, 0.3333091521529392, -0.04168602478757566, -2.4164429243270103e-05] - [0.16665627385452386, 0.6666568724214489, 0.16665860515136144, -1.0188624772269386e-05] - [-3.719285078078742e-06, -3.320340347010559e-06, -2.9212108666759542e-06, -3.7161103706788084e-06]
A2: [0.16668569210321096, -0.16664707125261113, 1.986685442850213e-05, 1.8990481363807233e-05] - [0.16669455852322823, 0.3333620342199336, 2.8472551951923573e-05, 2.7754817353724585e-05] - [0.16665721812959144, 0.8333235833984575, -1.0258878620280243e-05, -9.482100819575207e-06] - [1.0521712074097801e-05, 1.0843287565045246e-05, 1.1134719986375397e-05, 1.0521708862766027e-05]
B1: 0.16663406989947419 - 0.6665992789765066 - 0.16667755431653347 - -1.3051282746066151e-05
B2: 0.16662600171532982 - 0.6666080442157597 - 0.1665977208557194 - -3.981182909755243e-05
