Number: 222
Error: 8.091718000423432e-06
A1: [3.190168637984182e-06, 3.2593248732126665e-06, 3.431453915617254e-06, 3.204831804792732e-06] - [0.20835029771944738, 0.33335019400137345, -0.04164944872077014, 1.7028059288342963e-05] - [0.16667122120918984, 0.6666711798559708, 0.16667126579115668, 4.572301828101711e-06] - [-4.1313716744143683e-07, -3.6855711365350304e-07, -3.2394735648363334e-07, -4.1278324215718224e-07]
A2: [0.16664687659632033, -0.1666871656575957, -2.1178299162795867e-05, -1.9793964789243896e-05] - [0.1665821737858098, 0.33324589272325555, -9.025249528734289e-05, -8.450812701507576e-05] - [0.16664372582224715, 0.8333096124419141, -2.446122952584408e-05, -2.2944572738137467e-05] - [1.1945980240237461e-06, 1.2310737344595772e-06, 1.26412515467424e-06, 1.1945973273819012e-06]
B1: 0.1667160003957662 - 0.6666442572345251 - 0.16658528278354143 - 5.079498896689953e-05
B2: 0.16671163504133568 - 0.6667266135756879 - 0.16674215056448877 - 4.5068853114979033e-05
