Number: 1378
Error: 7.427522706698387e-06
A1: [-7.810602398661059e-07, -9.022959754740472e-07, -3.7768303296131216e-07, -6.693833663525579e-07] - [0.20834013263694198, 0.3333385372077843, -0.04166016891996589, 7.290443310605269e-06] - [0.16666628697985292, 0.6666661100158099, 0.1666667302900745, -2.4218575240603114e-07] - [-2.613575965872962e-06, -2.3331480194020975e-06, -2.0525726473310934e-06, -2.611342111866423e-06]
A2: [0.16665351508531118, -0.1666802577055317, -1.4164584764048736e-05, -1.3176155801737994e-05] - [0.16658218873355515, 0.33324612741397514, -9.036523195906232e-05, -8.457426488956808e-05] - [0.16663451008817293, 0.8333001567157674, -3.426937738785383e-05, -3.2180169017483704e-05] - [7.400212732252786e-06, 7.6263739455537505e-06, 7.831329075728156e-06, 7.400209627271579e-06]
B1: 0.16670523706275592 - 0.6666018787261474 - 0.16657802271679892 - 5.150632703224149e-05
B2: 0.1666971092950919 - 0.6667043671021987 - 0.16671520864647724 - 3.104419954584062e-05
