Number: 2242
Error: 6.948624637894696e-06
A1: [-3.776719632594107e-06, -4.043030552833629e-06, -3.2577898420776888e-06, -3.5925143352514493e-06] - [0.20833242058372156, 0.3333296993269097, -0.04166831781363881, -1.020242008670523e-07] - [0.1666625696613423, 0.6666622886868815, 0.1666633055813251, -3.869995513725845e-06] - [-4.258003384934859e-06, -3.801304462354795e-06, -3.3444079719906435e-06, -4.254371188112899e-06]
A2: [0.16665848941875935, -0.16667508100371356, -8.907894602105954e-06, -8.217278524926202e-06] - [0.16658226499035367, 0.333246371543422, -9.037734726762829e-05, -8.45586197711529e-05] - [0.16662764157955803, 0.8332931096685054, -4.157907524239169e-05, -3.906352778785071e-05] - [1.203749805022262e-05, 1.2405404520056179e-05, 1.2738830099441691e-05, 1.203749506441713e-05]
B1: 0.16669642177907273 - 0.666569496173861 - 0.1665719457032105 - 5.1267375460888666e-05
B2: 0.1666870995527208 - 0.6666884939960778 - 0.1666957253783303 - 2.140900400399909e-05
