Number: 1568
Error: 7.32168136339541e-06
A1: [-1.4339020398897584e-06, -1.5866971201299426e-06, -1.0044232568969534e-06, -1.3062807501513169e-06] - [0.20833846062994063, 0.33333661901215367, -0.04166193420501532, 5.6886940616785155e-06] - [0.1666654755193127, 0.6666652760308107, 0.16666598387974313, -1.0339672323209843e-06] - [-2.9752116521463146e-06, -2.65602029949334e-06, -2.3366677854849517e-06, -2.972669810534453e-06]
A2: [0.16665461081981878, -0.16667911752407902, -1.3006873586164877e-05, -1.2083820235409161e-05] - [0.16658221117380928, 0.33324618661021105, -9.036255755497151e-05, -8.456515301191374e-05] - [0.16663300068627226, 0.8332986080283006, -3.587584760126673e-05, -3.369283620527538e-05] - [8.420051004404306e-06, 8.677385156385321e-06, 8.910592835606453e-06, 8.42004778197719e-06]
B1: 0.16670328489906405 - 0.6665947468521748 - 0.16657667884849398 - 5.144019282721502e-05
B2: 0.1666948771498088 - 0.6667008641366239 - 0.166710931400174 - 2.889441826622867e-05
