Number: 1296
Error: 7.473337856325688e-06
A1: [-4.937159988542182e-07, -6.010221039755914e-07, -1.0098581249594727e-07, -3.8892584776137933e-07] - [0.20834087674315047, 0.33333938880917025, -0.04165938206815889, 8.00420598656356e-06] - [0.16666664283396382, 0.6666664759037614, 0.16666705869408652, 1.0516968906413894e-07] - [-2.4575005288022456e-06, -2.193802150517069e-06, -1.9299627499364826e-06, -2.455399678964498e-06]
A2: [0.16665304307737186, -0.16668074894036772, -1.4663431829725046e-05, -1.3646696828800812e-05] - [0.16658218133267788, 0.3332461040374441, -9.03643340712024e-05, -8.457591362539488e-05] - [0.16663516176129387, 0.8333008253317573, -3.357583669110998e-05, -3.152708673267283e-05] - [6.9600607726775705e-06, 7.172768045335217e-06, 7.365529814993809e-06, 6.960057743316126e-06]
B1: 0.16670605804518257 - 0.6666049358875691 - 0.1665785825667032 - 5.15133174423403e-05
B2: 0.16669805709156355 - 0.6667058807598539 - 0.16671707481172218 - 3.195645032301411e-05
