Number: 1533
Error: 3.462787418783649e-06
A1: [-7.0379026776046946e-06, -6.500057680572128e-06, -5.243358509026281e-06, -6.908168267122212e-06] - [0.208312250447867, 0.3333135184234003, -0.0416819977328393, -2.05113035345559e-05] - [0.16665810841327575, 0.666658758423633, 0.16666029576228059, -8.398199697193359e-06] - [-2.9086985470813064e-06, -2.5966413564539126e-06, -2.2844252779356904e-06, -2.9062133194924306e-06]
A2: [0.16668324019504252, -0.16664962292751412, 1.7275717441969243e-05, 1.654618901809703e-05] - [0.16669452314233152, 0.33336191613359056, 2.8480734042420257e-05, 2.7749301787172327e-05] - [0.1666606049971212, 0.8333270583130109, -6.65447940464019e-06, -6.087916236067859e-06] - [8.235289778171944e-06, 8.486977254696191e-06, 8.715067250125958e-06, 8.235286568795486e-06]
B1: 0.16663840725208273 - 0.6666152373540524 - 0.16668054421180767 - -1.2942443894258006e-05
B2: 0.1666309284574586 - 0.6666158681049568 - 0.16660733204969064 - -3.506963908894603e-05
