Number: 1224
Error: 7.5136332503030934e-06
A1: [-2.4197170901373225e-07, -3.370815002151336e-07, 1.4134043541168433e-07, -1.4322794753044973e-07] - [0.20834152784581086, 0.33334013415885033, -0.04165869371144189, 8.6286675963795e-06] - [0.16666695472295617, 0.6666667965682834, 0.16666734641062508, 4.095968793299986e-07] - [-2.320457414304148e-06, -2.071448421894063e-06, -1.822304267156091e-06, -2.3184733908933434e-06]
A2: [0.16665262852488208, -0.16668118036842286, -1.5101536913086816e-05, -1.4059961296719684e-05] - [0.1665821745740869, 0.33324608327194627, -9.036376455881941e-05, -8.457762160577612e-05] - [0.16663573393511386, 0.8333014123857971, -3.296689411593491e-05, -3.095367563027551e-05] - [6.57358039283077e-06, 6.7744742710183565e-06, 6.956529596575217e-06, 6.57357744220329e-06]
B1: 0.16670677857364297 - 0.6666076198303161 - 0.16657907366096297 - 5.151912009843466e-05
B2: 0.16669889342640734 - 0.666707212188039 - 0.16671871389433873 - 3.2761574437855254e-05
