Number: 2880
Error: 6.598351345446638e-06
A1: [-6.0053975077117166e-06, -6.379781212547631e-06, -5.403056000513438e-06, -5.767623642706821e-06] - [0.20832665863350908, 0.33332310217100536, -0.04167441013090444, -5.62793042596221e-06] - [0.166659807884072, 0.6666594491336161, 0.16666075787968887, -6.565669906906638e-06] - [-5.4721925653396584e-06, -4.885331665514358e-06, -4.298256339350116e-06, -5.467531377202144e-06]
A2: [0.166662151763502, -0.16667126908738608, -5.03674585163103e-06, -4.566346916650836e-06] - [0.1665822838270575, 0.3332465147565996, -9.04228665187713e-05, -8.45845446657015e-05] - [0.1666225614832474, 0.8332878977948897, -4.69848333543181e-05, -4.4154592622131785e-05] - [1.5461300204311354e-05, 1.5933859183657737e-05, 1.636214350883676e-05, 1.5461298381031945e-05]
B1: 0.1666899726054816 - 0.6665456208066418 - 0.1665674691446103 - 5.1150842411670555e-05
B2: 0.16667980624257278 - 0.6666768188604327 - 0.16668132934115523 - 1.4392282794680218e-05
