Number: 799
Error: 3.051582695504291e-06
A1: [-4.479203459932608e-06, -3.8175310208326314e-06, -2.7816791582059814e-06, -4.4110999954606005e-06] - [0.2083188575984644, 0.33332108427394225, -0.04167501495500874, -1.417570757745061e-05] - [0.1666612796203247, 0.6666620186478556, 0.16666321966036235, -5.303052630834168e-06] - [-1.5119748936894467e-06, -1.349626091339712e-06, -1.1871811281195909e-06, -1.5106808601281597e-06]
A2: [0.16667901597181103, -0.16665401900601928, 1.2811688862909115e-05, 1.2335087896136875e-05] - [0.16669446396616153, 0.3333617147961681, 2.8497268712900545e-05, 2.774157955415108e-05] - [0.16666644074933207, 0.8333330458881817, -4.437010352481613e-07, -2.3955925138896504e-07] - [4.295319979729961e-06, 4.426575461773403e-06, 4.545519293955061e-06, 4.29531772395667e-06]
B1: 0.16664569281991237 - 0.6666425477230683 - 0.1666855094509035 - -1.2942865733230153e-05
B2: 0.16663954176257284 - 0.6666295043316625 - 0.16662408011509358 - -2.6774301546235883e-05
