Number: 2975
Error: 4.255377289983096e-06
A1: [-1.204867472101837e-05, -1.175366682153783e-05, -1.0062745434951673e-05, -1.1797890138349532e-05] - [0.20829933258964223, 0.3332987187955733, -0.04169565040529466, -3.28957642411213e-05] - [0.16665189383988488, 0.666652369414205, 0.16665456776853543, -1.4463390553204601e-05] - [-5.652373863200362e-06, -5.0462059399939895e-06, -4.439822420737599e-06, -5.647560228661641e-06]
A2: [0.16669152679333582, -0.1666409985883961, 2.603370372172832e-05, 2.480700811281975e-05] - [0.16669459466504774, 0.3333622677762749, 2.8405209369093348e-05, 2.7719724500009163e-05] - [0.16664912899047443, 0.8333152843035971, -1.8866754852255174e-05, -1.758869516608746e-05] - [1.5974030442568334e-05, 1.646226309213093e-05, 1.6904754886873913e-05, 1.597402886956049e-05]
B1: 0.16662375050247022 - 0.6665612106291581 - 0.16667037883695585 - -1.328635138041063e-05
B2: 0.16661432929627576 - 0.6665894474324907 - 0.16657484579337017 - -5.104407245939758e-05
