Number: 1401
Error: 3.389410227760142e-06
A1: [-6.572462148078768e-06, -6.012018342639224e-06, -4.794703521123652e-06, -6.45381598590332e-06] - [0.20831346007575624, 0.33331490178564127, -0.04168071789851704, -1.9350530842942187e-05] - [0.1666586841039114, 0.6666593504531196, 0.16666082764250664, -7.836191882375597e-06] - [-2.6575242643595226e-06, -2.3723902504285355e-06, -2.087106922137361e-06, -2.6552529543811407e-06]
A2: [0.1666824812476581, -0.16665041284479418, 1.6473513988611455e-05, 1.5789601421290706e-05] - [0.16669451385635092, 0.3333618810826478, 2.84846628294674e-05, 2.7749269312909994e-05] - [0.16666165445891065, 0.8333281350433435, -5.537642537344096e-06, -5.036187454059281e-06] - [7.5267790641246e-06, 7.756809760358778e-06, 7.965271866780315e-06, 7.526775937972605e-06]
B1: 0.166639722744663 - 0.6666201537997989 - 0.16668144214291225 - -1.2937240225832907e-05
B2: 0.1666324379606057 - 0.666618297606851 - 0.16661033886517662 - -3.36173180100859e-05
