Number: 1457
Error: 3.4205304477542105e-06
A1: [-6.757582903459696e-06, -6.20603261545054e-06, -4.9713156153435275e-06, -6.634244443578391e-06] - [0.20831299659576638, 0.33331436739486214, -0.041681205574611066, -1.9793331943104597e-05] - [0.1666584523403543, 0.6666591124592878, 0.16666061586781858, -8.062162508441022e-06] - [-2.764084109298151e-06, -2.4675285018574252e-06, -2.1708194281128364e-06, -2.7617220295609437e-06]
A2: [0.16668280533961116, -0.1666500757187733, 1.6815741692152618e-05, 1.61126921614069e-05] - [0.166694523328325, 0.3333619012089139, 2.8487959344701484e-05, 2.7754815225713194e-05] - [0.1666612098769795, 0.8333276788592379, -6.010877541686417e-06, -5.4817312122315455e-06] - [7.827355081875119e-06, 8.066573387672873e-06, 8.283362341792093e-06, 7.827351915636692e-06]
B1: 0.1666391246818374 - 0.6666180299046573 - 0.16668102492140102 - -1.297945609359384e-05
B2: 0.16663175486160411 - 0.6666172626728478 - 0.16660909960142142 - -3.427615478665591e-05
