Number: 1947
Error: 3.691853748854488e-06
A1: [-8.478914355309294e-06, -8.010918442861843e-06, -6.629672881452656e-06, -8.314422127153313e-06] - [0.20830853211973588, 0.33330925933845235, -0.04168592799593734, -2.4076478719251256e-05] - [0.16665632177678424, 0.6666569215821957, 0.16665864859786575, -1.0141942072349621e-05] - [-3.696451808650492e-06, -3.2999544926599897e-06, -2.9032730511743753e-06, -3.6932965050190983e-06]
A2: [0.16668562243617846, -0.16664714369875774, 1.9793329578547998e-05, 1.8921028888480818e-05] - [0.1666945559963339, 0.3333620294449163, 2.8471420224139332e-05, 2.7753131865167077e-05] - [0.1666573133727822, 0.8333236811315667, -1.015748760567653e-05, -9.386651474530865e-06] - [1.0457310333428616e-05, 1.0776917286472879e-05, 1.1066565501789605e-05, 1.0457307116564e-05]
B1: 0.1666342044822617 - 0.6665997404465094 - 0.1666776500255419 - -1.3035800838537791e-05
B2: 0.1666261527820725 - 0.6666082653083869 - 0.16659798007255594 - -3.966596214186955e-05
