Number: 1289
Error: 3.327002960316157e-06
A1: [-6.17821869357765e-06, -5.598643918075954e-06, -4.414790585501099e-06, -6.0689802086319595e-06] - [0.2083144836829854, 0.3333160726274301, -0.041679635076727166, -1.836837416046508e-05] - [0.16665917187800972, 0.6666598520465761, 0.166661278154871, -7.360027034629189e-06] - [-2.444403996886864e-06, -2.1821138833274395e-06, -1.9196831611308706e-06, -2.4423142961044994e-06]
A2: [0.16668183709312492, -0.16665108326782288, 1.5792675909121713e-05, 1.5147449139967255e-05] - [0.1666945054160224, 0.33336185081081426, 2.8487495221839434e-05, 2.774868033950925e-05] - [0.16666254482100595, 0.8333290485479508, -4.590102818510425e-06, -4.143901924698779e-06] - [6.925604525647587e-06, 7.137259320390764e-06, 7.329067256006345e-06, 6.925601500629638e-06]
B1: 0.16664083732432464 - 0.6666243235059468 - 0.16668220190584662 - -1.2934426673171494e-05
B2: 0.16663372533691023 - 0.6666203634425725 - 0.16661289226479944 - -3.2378459604928735e-05
