Number: 998
Error: 7.640657118882926e-06
A1: [5.491422853667292e-07, 4.923343736770991e-07, 9.029284840932616e-07, 6.28905959891089e-07] - [0.20834357517348034, 0.33334247739941003, -0.04165652928799274, 1.0592367913692333e-05] - [0.16666793459153378, 0.6666678040050276, 0.16666825044642739, 1.3660422527495916e-06] - [-1.890287314688054e-06, -1.687386784569548e-06, -1.4843709343779969e-06, -1.8886702535250725e-06]
A2: [0.1666513277212647, -0.1666825341310346, -1.64762474222112e-05, -1.535672194997091e-05] - [0.16658215511071509, 0.33324601990226893, -9.03601124997333e-05, -8.458123197731157e-05] - [0.1666375303508366, 0.8333032555266485, -3.1055032179718925e-05, -2.915337641086922e-05] - [5.3604288390795005e-06, 5.524240729424855e-06, 5.672689262818878e-06, 5.3604262104216915e-06]
B1: 0.16670901475989414 - 0.6666160203447986 - 0.16658059229231048 - 5.151185104879203e-05
B2: 0.1667015361555525 - 0.6667114116265394 - 0.1667238817627428 - 3.530633767492614e-05
