Number: 2972
Error: 6.54805247897295e-06
A1: [-6.328188427641809e-06, -6.718234240170388e-06, -5.713976478310631e-06, -6.082688883511057e-06] - [0.2083258220463912, 0.33332214482806793, -0.04167529499874543, -6.430475144470767e-06] - [0.16665940820587122, 0.6666590381598112, 0.16666038890725612, -6.9558152817407e-06] - [-5.647272321907843e-06, -5.041642048323117e-06, -4.435796324113524e-06, -5.6424630025943825e-06]
A2: [0.1666626790139997, -0.16667072025828472, -4.479362785024439e-06, -4.040742192801973e-06] - [0.16658228355687624, 0.33324653245043334, -9.043235330370998e-05, -8.459126980223774e-05] - [0.1666218282772264, 0.8332871455899515, -4.776499267268564e-05, -4.488938050580091e-05] - [1.595498022149009e-05, 1.64426290428588e-05, 1.6884591552119426e-05, 1.595497864100777e-05]
B1: 0.16668904939481533 - 0.6665421828459425 - 0.16656682645604529 - 5.114077750300705e-05
B2: 0.16667876092233025 - 0.6666751372537019 - 0.16667925071383674 - 1.3386847700275803e-05
