Number: 2505
Error: 3.998617168573166e-06
A1: [-1.0422950213063638e-05, -1.0049212946262072e-05, -8.500228521948482e-06, -1.0211611116111269e-05] - [0.2083035130273079, 0.3333035109081295, -0.041691233758466964, -2.8889146407467212e-05] - [0.16665391185541512, 0.66665444386917, 0.16665642638348954, -1.2494052809118965e-05] - [-4.7581537635616384e-06, -4.247846378935427e-06, -3.7373322848916555e-06, -4.754097340758682e-06]
A2: [0.16668882859988757, -0.1666438067953431, 2.3181997393476987e-05, 2.211721704803921e-05] - [0.16669458307143853, 0.3333621650422501, 2.8441849537249827e-05, 2.774108534286646e-05] - [0.16665287274005072, 0.8333191251998269, -1.4882994485843106e-05, -1.3836870026721322e-05] - [1.3451931344551431e-05, 1.3863072997703708e-05, 1.4235686968355463e-05, 1.3451928726106335e-05]
B1: 0.16662854470993932 - 0.6665788464379088 - 0.16667372926505697 - -1.3157008832263638e-05
B2: 0.1666197490105159 - 0.6665980452031718 - 0.16658539615145632 - -4.58279895654044e-05
