Number: 610
Error: 7.861749704043337e-06
A1: [1.8906262001998188e-06, 1.898399724986018e-06, 2.1913643597678556e-06, 1.9378197815741553e-06] - [0.20834702205709335, 0.33334642763254624, -0.04165289074272927, 1.3895742276615646e-05] - [0.16666959964323885, 0.6666695152290619, 0.16666978298070848, 2.9908951363784176e-06] - [-1.1517354536043435e-06, -1.0279948609435648e-06, -9.041782444743447e-07, -1.1507493310793174e-06]
A2: [0.16664909584383386, -0.16668485664454943, -1.8834442945357872e-05, -1.758165833843326e-05] - [0.1665821324156317, 0.3332459227824302, -9.034124722223907e-05, -8.457671147021061e-05] - [0.1666406184028148, 0.8333064239875451, -2.7768413557441936e-05, -2.605865787637564e-05] - [3.277565244012625e-06, 3.3777107420334693e-06, 3.468461221383576e-06, 3.277563427702604e-06]
B1: 0.1667127410957043 - 0.6666303422617286 - 0.16658311130009176 - 5.138668347245451e-05
B2: 0.16670627198383514 - 0.6667187666146506 - 0.16673284247261905 - 3.9873979323896584e-05
