Number: 1270
Error: 7.4879095884681e-06
A1: [-3.9149395911871525e-07, -4.937599032207293e-07, -8.930600626102264e-10, -2.888980561430584e-07] - [0.20834115743728118, 0.3333397060975428, -0.04165908280083808, 8.275236136793958e-06] - [0.16666676689675122, 0.6666666037779753, 0.1666671753127327, 2.2652700718124102e-07] - [-2.4080150881404022e-06, -2.1496213338064087e-06, -1.8910886473733446e-06, -2.4059564189054964e-06]
A2: [0.16665289531210434, -0.16668090289540813, -1.48198988001828e-05, -1.3793996979958735e-05] - [0.1665821839367629, 0.3332461013304312, -9.035960314105242e-05, -8.457148570994132e-05] - [0.16663536896797956, 0.833301037881167, -3.335541547004168e-05, -3.1319433247951244e-05] - [6.8204988518960545e-06, 7.028940203846219e-06, 7.217835774624881e-06, 6.82049584965231e-06]
B1: 0.16670628125214285 - 0.6666058697750382 - 0.1665787262643507 - 5.1478398712160805e-05
B2: 0.16669832028638262 - 0.6667063580192902 - 0.16671770038319764 - 3.220837551302084e-05
