Number: 2296
Error: 6.918889750909623e-06
A1: [-3.959426626827636e-06, -4.234552332222014e-06, -3.432771346728104e-06, -3.770692850336002e-06] - [0.20833195677690544, 0.33332916616953456, -0.04166880689932287, -5.458748750542437e-07] - [0.16666234189603377, 0.6666620546751942, 0.166663096609913, -4.09217134940404e-06] - [-4.360776448633696e-06, -3.893060728431163e-06, -3.4251453516090657e-06, -4.357057039559898e-06]
A2: [0.16665880069720468, -0.16667475711502924, -8.579045330473875e-06, -7.90696608671709e-06] - [0.16658227031439526, 0.33324638726330763, -9.037774184376316e-05, -8.455708419017486e-05] - [0.16662721217825777, 0.8332926690977309, -4.2036073201679366e-05, -3.949385736753643e-05] - [1.2327303000577276e-05, 1.2704067735043037e-05, 1.3045522353968415e-05, 1.2327300077851045e-05]
B1: 0.16669585557484284 - 0.6665674566720398 - 0.16657154983130282 - 5.1237160155118006e-05
B2: 0.16668646119795935 - 0.6666875032554 - 0.1666945238453441 - 2.0794059840178688e-05
