Number: 1617
Error: 3.509373571822877e-06
A1: [-7.327528232020753e-06, -6.803698670878535e-06, -5.521571732726599e-06, -7.190744030773562e-06] - [0.20831150710691473, 0.3333126659965689, -0.041682782807763934, -2.122358031366732e-05] - [0.16665774869289504, 0.6666583886755033, 0.16665996465951702, -8.749219339645924e-06] - [-3.0685353689027155e-06, -2.7393454552839386e-06, -2.4099909464619923e-06, -3.0659140796821585e-06]
A2: [0.16668372420071983, -0.1666491192674848, 1.7787139268682274e-05, 1.702869296617731e-05] - [0.16669453170561913, 0.33336194095461125, 2.8480602986334812e-05, 2.7751976210721254e-05] - [0.16665993743466945, 0.833326373382199, -7.364949649012875e-06, -6.7569214175078595e-06] - [8.68614734188551e-06, 8.951616001469758e-06, 9.192196242422207e-06, 8.686144099898998e-06]
B1: 0.16663754663501723 - 0.6666120860323781 - 0.1666799508901124 - -1.2969264670596668e-05
B2: 0.16662994785419905 - 0.6666143224867482 - 0.16660544060907695 - -3.601385173562991e-05
