Number: 2929
Error: 4.230336355795175e-06
A1: [-1.1899253304730065e-05, -1.1597084619714025e-05, -9.920598832664369e-06, -1.165231996835192e-05] - [0.20829970270789666, 0.3332991465874283, -0.041695261551310744, -3.254262053053942e-05] - [0.1666520815554123, 0.6666525621035045, 0.16665473878427772, -1.4280429677424844e-05] - [-5.564854841661468e-06, -4.968068649369309e-06, -4.371067322947316e-06, -5.560115246448581e-06]
A2: [0.16669126124252176, -0.16664127482423716, 2.5753296914281412e-05, 2.4542279730448057e-05] - [0.16669458989287084, 0.33336225429980454, 2.8405601485813193e-05, 2.7718178021460686e-05] - [0.16664949506711677, 0.8333156599142817, -1.8477133848120175e-05, -1.7221828025592892e-05] - [1.572720178609992e-05, 1.6207889823307735e-05, 1.6643542784321493e-05, 1.57272000889437e-05]
B1: 0.16662425102170558 - 0.6665629670324883 - 0.1666707361955232 - -1.3242358167288559e-05
B2: 0.1666148922717363 - 0.6665902912443933 - 0.166575848831449 - -5.0501030373694414e-05
