Number: 3070
Error: 6.494571480486523e-06
A1: [-6.657959403564441e-06, -7.0638983218223356e-06, -6.029522757135714e-06, -6.4042438913962264e-06] - [0.20832498757643847, 0.3333211849087083, -0.041676174537082486, -7.228737002001554e-06] - [0.16665899668224796, 0.6666586154020796, 0.16666001168696834, -7.357198150762012e-06] - [-5.833772935134452e-06, -5.208149474294955e-06, -4.582309859950457e-06, -5.828805888562542e-06]
A2: [0.1666632428932725, -0.16667013351223234, -3.883629762556265e-06, -3.4786160309090535e-06] - [0.16658228893278523, 0.3332465566485353, -9.043743745544462e-05, -8.459276992480606e-05] - [0.166621047836139, 0.8332863448731452, -4.859552682245293e-05, -4.567150667696163e-05] - [1.6480846934892252e-05, 1.6984569426843302e-05, 1.744110205383932e-05, 1.6480845633920704e-05]
B1: 0.166688019994658 - 0.666538476341364 - 0.16656609912813977 - 5.108403035098335e-05
B2: 0.16667760009555838 - 0.6666733425145187 - 0.16667707934277975 - 1.2268509828990967e-05
