Number: 2699
Error: 4.1047361723044425e-06
A1: [-1.1080239233955433e-05, -1.07382272143049e-05, -9.129883480464534e-06, -1.085263133431092e-05] - [0.20830184289316847, 0.3333015914069249, -0.041692995166647324, -3.0487586127655655e-05] - [0.1666530927841209, 0.6666536022826595, 0.16665567467193046, -1.3293044391818815e-05] - [-5.1272643413199635e-06, -4.577389387423243e-06, -4.027302935429388e-06, -5.122895166660313e-06]
A2: [0.16668994515006694, -0.16664264495031958, 2.4361674555455966e-05, 2.3230298901572028e-05] - [0.16669459582108015, 0.33336221510747693, 2.8434059971287125e-05, 2.774023235688654e-05] - [0.16665132860892853, 0.8333175409330615, -1.6526270301241907e-05, -1.5384334406112993e-05] - [1.4492987849006557e-05, 1.4935950716173815e-05, 1.5337408084793736e-05, 1.4492985602106217e-05]
B1: 0.16662651914720333 - 0.6665715236398023 - 0.16667230645025582 - -1.3257090016364234e-05
B2: 0.1666174636563498 - 0.6665944909444771 - 0.16658108118830653 - -4.8029288232177895e-05
