Number: 1094
Error: 7.586611437667101e-06
A1: [2.213121676234354e-07, 1.4870307992548154e-07, 5.885778174686998e-07, 3.0913035844094284e-07] - [0.2083427386356172, 0.33334151704975845, -0.04165741179406483, 9.791321587002468e-06] - [0.16666752667989593, 0.6666673848557183, 0.16666787569284405, 9.68072448385728e-07] - [-2.0730173038334187e-06, -1.8505309447292426e-06, -1.6279205668185178e-06, -2.071244315461732e-06]
A2: [0.16665188160290678, -0.16668195782715448, -1.5891122365461365e-05, -1.480455767616075e-05] - [0.16658216668780543, 0.3332460499294337, -9.035876359240596e-05, -8.457638885266339e-05] - [0.16663676760187932, 0.8333024729033851, -3.1866873928901396e-05, -2.9917774959532674e-05] - [5.875755733879254e-06, 6.055319464472675e-06, 6.218043538346671e-06, 5.875752954684287e-06]
B1: 0.16670804269869635 - 0.6666124307070991 - 0.16657992686154682 - 5.149274070839889e-05
B2: 0.16670038118566352 - 0.6667096210650422 - 0.1667217069201622 - 3.419298204583331e-05
