Number: 612
Error: 7.860604843714286e-06
A1: [1.888271871439641e-06, 1.895970162273352e-06, 2.189798724854779e-06, 1.9356289750536726e-06] - [0.20834702266227242, 0.33334642668019315, -0.04165288905170436, 1.38970696162317e-05] - [0.1666695956720541, 0.6666695112800068, 0.16666978021281628, 2.9871267567107418e-06] - [-1.1555432021878495e-06, -1.0313946051462057e-06, -9.071697644437889e-07, -1.1545538236692856e-06]
A2: [0.16664910809527145, -0.1666848439653521, -1.8821621171679623e-05, -1.7569442680130373e-05] - [0.16658213442981926, 0.3332459250750143, -9.033966274360482e-05, -8.457483756750796e-05] - [0.16664060268682612, 0.8333064078439014, -2.7785180023884667e-05, -2.6074408226711703e-05] - [3.2883019123474234e-06, 3.3887756001880147e-06, 3.479823498348449e-06, 3.2883000910214087e-06]
B1: 0.1667127079336606 - 0.6666302550478416 - 0.1665830854920495 - 5.1373361644766255e-05
B2: 0.1667062311736172 - 0.6667187265311975 - 0.166732809121838 - 3.983403628034822e-05
