Number: 1088
Error: 7.589950567910673e-06
A1: [2.2831776915146175e-07, 1.5593916537534502e-07, 5.932270619630073e-07, 3.156454663711702e-07] - [0.20834273661027902, 0.33334151971415327, -0.04165741704225934, 9.787130003410323e-06] - [0.16666753854628422, 0.666667396659487, 0.16666788395721144, 9.793305135234233e-07] - [-2.0615942514500734e-06, -1.8403318659845069e-06, -1.618945993902583e-06, -2.059831008857194e-06]
A2: [0.16665184467653535, -0.1666819960411859, -1.5929768072877658e-05, -1.4841376709389166e-05] - [0.16658215993104408, 0.33324604231916805, -9.036426586771893e-05, -8.458272473155415e-05] - [0.16663681456611057, 0.8333025211458425, -3.181676716367172e-05, -2.9870707626342536e-05] - [5.843548230396403e-06, 6.0221274701589155e-06, 6.183959316644064e-06, 5.843545460000757e-06]
B1: 0.16670814806564224 - 0.6666126976602212 - 0.16658000904139691 - 5.153858462028794e-05
B2: 0.16670049911544066 - 0.6667097366785955 - 0.1667218022088954 - 3.430830991911054e-05
