Number: 2733
Error: 4.123361734062422e-06
A1: [-1.1215690554536561e-05, -1.0880376186392781e-05, -9.262766510222665e-06, -1.0985212038361628e-05] - [0.20830146860510515, 0.33330116883282446, -0.04169339461464141, -3.0849231115141594e-05] - [0.16665292876940205, 0.6666534331719773, 0.16665552016265764, -1.3453520454479767e-05] - [-5.191950330392783e-06, -4.635140173700086e-06, -4.078117841989273e-06, -5.187526375257676e-06]
A2: [0.16669013731827037, -0.1666424446729312, 2.4565257991698273e-05, 2.3421859406268567e-05] - [0.16669458878897575, 0.3333622150651747, 2.84243558701935e-05, 2.773081683498059e-05] - [0.16665105688323179, 0.8333172622277103, -1.681525912368147e-05, -1.5656644164162502e-05] - [1.4675447916801068e-05, 1.5123987871412665e-05, 1.5530500481611685e-05, 1.4675445743725756e-05]
B1: 0.16662623085715558 - 0.6665703037959005 - 0.1666721174426145 - -1.320787123790857e-05
B2: 0.16661713243180226 - 0.66659387418945 - 0.16658026447922475 - -4.8345787671729136e-05
