Number: 157
Error: 2.6739019586314263e-06
A1: [-2.304068544900544e-06, -1.5392137712110058e-06, -7.016759791385498e-07, -2.289813419933659e-06] - [0.2083243791674138, 0.3333274241555216, -0.041669205343419474, -8.89141411287065e-06] - [0.1666639877567973, 0.6666647996871826, 0.1666657015245791, -2.6613869120346093e-06] - [-2.9025028851917337e-07, -2.588411968536482e-07, -2.274107484367499e-07, -2.9000165991257875e-07]
A2: [0.1666753452766052, -0.1666578385132834, 8.934194161100703e-06, 8.67587059087748e-06] - [0.1666945312719483, 0.33336166307311255, 2.86411101085094e-05, 2.7853887868381646e-05] - [0.1666715801412308, 0.8333383192159441, 5.025894104231781e-06, 4.910855443485852e-06] - [8.486758679146581e-07, 8.74577989746174e-07, 8.980475474158827e-07, 8.486753810108058e-07]
B1: 0.16665112508821386 - 0.6666656045388097 - 0.16668912938133926 - -1.3882582834824254e-05
B2: 0.16664822255351536 - 0.6666423740576753 - 0.16663945228829055 - -1.837162412302666e-05
