Number: 2930
Error: 6.571000809397366e-06
A1: [-6.183433178461529e-06, -6.566475214827227e-06, -5.57493286527683e-06, -5.941458069785788e-06] - [0.2083261934707444, 0.33332257079100486, -0.04167490271096574, -6.074581816722421e-06] - [0.16665958803427744, 0.6666592229971238, 0.16666055442241823, -6.780336278877089e-06] - [-5.567344013132414e-06, -4.9702823186390865e-06, -4.3730055974510435e-06, -5.562602311933569e-06]
A2: [0.1666624378840716, -0.1666709712173074, -4.734203773062513e-06, -4.281120788606536e-06] - [0.1665822825807126, 0.3332465233312102, -9.042900309933437e-05, -8.458929912602605e-05] - [0.1666221628812946, 0.8332874888744014, -4.7408939080402406e-05, -4.455405427640391e-05] - [1.5729605686286155e-05, 1.6210365698408092e-05, 1.6646083831723355e-05, 1.5729603992597657e-05]
B1: 0.16668947944079587 - 0.6665437605879715 - 0.1665671277589065 - 5.1153960466212276e-05
B2: 0.1666792469123029 - 0.6666759055979605 - 0.1666801917361559 - 1.3854628800316293e-05
