Number: 2809
Error: 4.164845938511651e-06
A1: [-1.1471942964910134e-05, -1.1148987006804194e-05, -9.508053815247419e-06, -1.1235092406088027e-05] - [0.2083008193232187, 0.333300422141121, -0.04169407909442522, -3.147043159978396e-05] - [0.16665260915114272, 0.6666531048035785, 0.1666552270718561, -1.376527387155623e-05] - [-5.33654810638898e-06, -4.764237330066252e-06, -4.1917130402468245e-06, -5.332001724979556e-06]
A2: [0.1666905747119699, -0.1666419895457977, 2.5027360007520427e-05, 2.3857894373439805e-05] - [0.16669459346807536, 0.333362234334862, 2.8420932748029776e-05, 2.7730166917013354e-05] - [0.16665045181658336, 0.8333166414345261, -1.7459172725521586e-05, -1.6263016708008342e-05] - [1.508327076690239e-05, 1.5544276323434148e-05, 1.596208820321741e-05, 1.5083268768174658e-05]
B1: 0.16662543384842585 - 0.6665674311507626 - 0.16667155563701377 - -1.3250581758175687e-05
B2: 0.16661623366571593 - 0.6665924821920634 - 0.1665785785535439 - -4.921162394147679e-05
