Number: 2255
Error: 3.861386158528647e-06
A1: [-9.532662587132468e-06, -9.115611181652417e-06, -7.640693540495058e-06, -9.342330397412825e-06] - [0.2083058394875885, 0.33330616850234723, -0.04168877011944164, -2.6655243975745302e-05] - [0.16665501107395245, 0.6666555745571963, 0.16665744370127142, -1.1420753069798185e-05] - [-4.282490351833492e-06, -3.823173677097626e-06, -3.3636587917977405e-06, -4.278837366877479e-06]
A2: [0.16668739611603897, -0.16664529801612657, 2.1667411729321645e-05, 2.0689202380577528e-05] - [0.1666945821148459, 0.33336211503603225, 2.8465384258867543e-05, 2.775765615908716e-05] - [0.16665486389883477, 0.8333211679637542, -1.2764312019651803e-05, -1.1841416429986432e-05] - [1.2110284210124892e-05, 1.2480416672274792e-05, 1.28158599158594e-05, 1.211028123724655e-05]
B1: 0.16663101543174116 - 0.6665881472137056 - 0.16667543039710087 - -1.316774459765448e-05
B2: 0.16662254983466565 - 0.6666026160500123 - 0.16659108957502008 - -4.313546925702248e-05
