Number: 241
Error: 2.725745147321156e-06
A1: [-2.59705742080737e-06, -1.8459378924238716e-06, -9.826854857775404e-07, -2.5757486771518358e-06] - [0.2083236235428351, 0.333326560449184, -0.04167000067683538, -9.61596182617586e-06] - [0.16666362524782302, 0.666664427367311, 0.1666653680798742, -3.0151906889788224e-06] - [-4.501042582093049e-07, -4.015631199519928e-07, -3.5298966346867586e-07, -4.4971864219446185e-07]
A2: [0.1666758182266009, -0.16665734616685698, 9.434072414953589e-06, 9.147318864702968e-06] - [0.1666944941142682, 0.33336164109563066, 2.859322624313542e-05, 2.7810842439244903e-05] - [0.1666709008909487, 0.8333376223200841, 4.303215809391536e-06, 4.230163112272738e-06] - [1.2996809741743577e-06, 1.3393689598215533e-06, 1.3753313710216287e-06, 1.2996802121953311e-06]
B1: 0.16665061336401601 - 0.6666627659332782 - 0.16668881317876996 - -1.3560689363361248e-05
B2: 0.16664697999301853 - 0.6666405584864046 - 0.16663728354161175 - -1.957779840966647e-05
