Number: 2387
Error: 3.933880914614898e-06
A1: [-9.99794453815548e-06, -9.603494342553264e-06, -8.08920051063815e-06, -9.796525224597081e-06] - [0.2083046304109911, 0.3333047856702772, -0.041690049459411835, -2.781546834101244e-05] - [0.16665443552587117, 0.6666549826651388, 0.16665691194131696, -1.1982620518385998e-05] - [-4.533642777800098e-06, -4.047403151758692e-06, -3.5609605002888943e-06, -4.529776718916219e-06]
A2: [0.16668815342717713, -0.16664450973194353, 2.2467989816049338e-05, 2.1444153753844868e-05] - [0.16669458529905665, 0.33336214401267056, 2.8455418074464233e-05, 2.7751585831253082e-05] - [0.16665381294833045, 0.8333200897529575, -1.3882621550285334e-05, -1.2894634583502054e-05] - [1.2818679260410568e-05, 1.321046476021428e-05, 1.356553419875435e-05, 1.2818676457242031e-05]
B1: 0.1666296946605564 - 0.6665832212712268 - 0.16667451819945325 - -1.3178312953185313e-05
B2: 0.16662105430945565 - 0.6666002008872595 - 0.16658809745078587 - -4.457380879283336e-05
