Number: 863
Error: 3.0878646593326234e-06
A1: [-4.6979632424518345e-06, -4.0468132578511056e-06, -2.991429429693281e-06, -4.624489962604401e-06] - [0.2083182990739422, 0.33332044325632876, -0.04167560403075378, -1.4710570779051962e-05] - [0.16666100753953758, 0.6666617390790566, 0.1666629696929249, -5.568505353312267e-06] - [-1.633763959453046e-06, -1.4583617049889358e-06, -1.2828568886534242e-06, -1.6323658966454889e-06]
A2: [0.1666793845955216, -0.16665363545270145, 1.320111089916094e-05, 1.2702567408737757e-05] - [0.1666944690936216, 0.3333617321470782, 2.849545082825563e-05, 2.7742220637941612e-05] - [0.1666659316079644, 0.8333325234782711, -9.856020699298356e-07, -7.497995788068132e-07] - [4.638881003200721e-06, 4.780638062794405e-06, 4.909099039950945e-06, 4.638878617096575e-06]
B1: 0.1666450649210384 - 0.6666401727555361 - 0.1666850818993236 - -1.293548691990084e-05
B2: 0.1666387570787442 - 0.6666282953880807 - 0.16662261437206427 - -2.7531260325852147e-05
