Number: 502
Error: 7.924467214414415e-06
A1: [2.2576289956570897e-06, 2.282912422630923e-06, 2.542667146198847e-06, 2.2957626735438186e-06] - [0.20834795542676698, 0.33334749926094714, -0.04165190772463073, 1.4789190861355156e-05] - [0.16667005650366362, 0.6666699844853478, 0.16667020203962823, 3.436572119229398e-06] - [-9.461515151046552e-07, -8.444452133367657e-07, -7.426750432155556e-07, -9.453412324140102e-07]
A2: [0.16664847588065135, -0.16668550171697333, -1.948933128907186e-05, -1.8199689473699918e-05] - [0.16658213322734602, 0.33324590328213827, -9.03280781501503e-05, -8.45683245182152e-05] - [0.16664148023766254, 0.833307308286679, -2.6851149401210645e-05, -2.5194967541773967e-05] - [2.697778068958883e-06, 2.7802013068644e-06, 2.8548912597486104e-06, 2.6977765351119375e-06]
B1: 0.16671372289808398 - 0.6666342804482605 - 0.1665837711161089 - 5.129647893007284e-05
B2: 0.16670767398994804 - 0.6667208771364808 - 0.16673537805021713 - 4.122917112724778e-05
