Number: 938
Error: 7.674557254082083e-06
A1: [7.630763684108095e-07, 7.166449442530795e-07, 1.1094389873373529e-06, 8.377972794688715e-07] - [0.2083441344008159, 0.33334311602692746, -0.04165593729624759, 1.1129378139011922e-05] - [0.16666819866441568, 0.6666680756082743, 0.1666684948084776, 1.6238926768205004e-06] - [-1.7760816609557342e-06, -1.5854223805931255e-06, -1.394653420613128e-06, -1.7745620889615584e-06]
A2: [0.16665098319626112, -0.16668289274206965, -1.6840448039764128e-05, -1.5700173599306858e-05] - [0.1665821523742551, 0.33324600545045535, -9.035683656624862e-05, -8.4579759755613e-05] - [0.166638007664962, 0.8333037452422435, -3.054707686794064e-05, -2.8675031318503708e-05] - [5.038345039312747e-06, 5.192311893606131e-06, 5.331838161002726e-06, 5.038342515024901e-06]
B1: 0.16670958757588747 - 0.6666182308801185 - 0.166580976909218 - 5.148904884025704e-05
B2: 0.16670223151368765 - 0.6667125323771111 - 0.16672527236170687 - 3.59756876849935e-05
