Number: 1788
Error: 7.1995415712703e-06
A1: [-2.1934937109857673e-06, -2.383049194304062e-06, -1.734230314507337e-06, -2.0474073374728662e-06] - [0.20833650978691742, 0.33333438222854717, -0.04166399481999865, 3.819215354700715e-06] - [0.16666453220773106, 0.6666643064180137, 0.1666651154441601, -1.954489789240613e-06] - [-3.393938096399637e-06, -3.0298628947383077e-06, -2.6656125400355564e-06, -3.3910399774441424e-06]
A2: [0.1666558784646011, -0.16667779837709357, -1.166738872599594e-05, -1.0820111059199799e-05] - [0.1665822338453101, 0.3332462519532981, -9.036254260727575e-05, -8.45579147780355e-05] - [0.16663125237408138, 0.8332968142453667, -3.773651920459053e-05, -3.544492951696044e-05] - [9.600870896972134e-06, 9.894298555053955e-06, 1.0160219053460576e-05, 9.600867639687028e-06]
B1: 0.1667010293948236 - 0.666586492177837 - 0.16657512424219192 - 5.136849192509635e-05
B2: 0.16669231498997486 - 0.6666968189668461 - 0.1667059775016768 - 2.6427628549704658e-05
