Number: 391
Error: 2.8157835515992885e-06
A1: [-3.087700728346561e-06, -2.3595262818885756e-06, -1.448774778645912e-06, -3.053827369861418e-06] - [0.20832240465921123, 0.33332515500550136, -0.04167127758908626, -1.077947551643966e-05] - [0.16666301048500173, 0.6666637967210784, 0.16666480848670442, -3.614439852832423e-06] - [-7.355559907932965e-07, -6.564222180292344e-07, -5.772374848335153e-07, -7.349259173047503e-07]
A2: [0.16667667457869148, -0.16665645530199166, 1.0338231772433268e-05, 1.0000989074231705e-05] - [0.16669446830619508, 0.3333616422751552, 2.8547913492539258e-05, 2.7774519473061052e-05] - [0.16666969636197423, 0.8333363863431882, 3.021236895700607e-06, 3.0230587335547948e-06] - [2.1049977416996513e-06, 2.169301834079966e-06, 2.227571752234924e-06, 2.10499651840216e-06]
B1: 0.16664941402733474 - 0.6666574369966749 - 0.16668801397059932 - -1.327137978623988e-05
B2: 0.16664479049932018 - 0.6666374459447582 - 0.16663364546276108 - -2.1702309378752343e-05
