Number: 730
Error: 7.792752894184876e-06
A1: [1.4620301150901173e-06, 1.449110298444579e-06, 1.7777366112606768e-06, 1.51931013480616e-06] - [0.20834590095412836, 0.33334514794351366, -0.041654076941221405, 1.2819076454491593e-05] - [0.16666907089234684, 0.6666689714640032, 0.16666929374846018, 2.4745903093717393e-06] - [-1.3801552196307609e-06, -1.2319319779518133e-06, -1.0836198389044601e-06, -1.3789738353695367e-06]
A2: [0.16664978272124686, -0.1666841416500975, -1.8108318928657026e-05, -1.689692763967441e-05] - [0.16658212887475427, 0.33324594244213224, -9.035724824145455e-05, -8.458866939097422e-05] - [0.16663966145592485, 0.8333054421781717, -2.8786754657435838e-05, -2.7017666494984476e-05] - [3.9217635116712115e-06, 4.04160007582805e-06, 4.150195470714965e-06, 3.921761409749947e-06]
B1: 0.16671166948479318 - 0.6666259880305091 - 0.166582401892872 - 5.150627855303127e-05
B2: 0.1667048246770662 - 0.6667164668005942 - 0.16673000137699473 - 3.847868771228865e-05
