Number: 126
Error: 8.151452915644598e-06
A1: [3.497916759553842e-06, 3.5811982615442357e-06, 3.722366545208689e-06, 3.504544450575625e-06] - [0.20835105189097544, 0.3333510653923988, -0.041648661774704644, 1.774681845316459e-05] - [0.16667160811229817, 0.6666715763823661, 0.16667161629884686, 4.949282136944578e-06] - [-2.3038139418946312e-07, -2.0538761829897026e-07, -1.8037680307090066e-07, -2.3018410623382618e-07]
A2: [0.16664633240291604, -0.1666877317676971, -2.1752749359155644e-05, -2.0336440817611495e-05] - [0.16658220800518134, 0.33324591027930395, -9.020459449085087e-05, -8.446717440765758e-05] - [0.16664450176726614, 0.8333104086486268, -2.3635453243579895e-05, -2.2166978598796813e-05] - [6.792181579530665e-07, 6.99940296370947e-07, 7.187157389895704e-07, 6.792177795219978e-07]
B1: 0.16671664477161163 - 0.666647559980402 - 0.16658570174926438 - 5.048673713983877e-05
B2: 0.16671317223227744 - 0.666728720838659 - 0.166744571748962 - 4.656443187390217e-05
