Number: 2985
Error: 4.260827913812728e-06
A1: [-1.2084283597828135e-05, -1.1791007887737365e-05, -1.0097123757761343e-05, -1.1832658793705377e-05] - [0.208299239539237, 0.33329861250047654, -0.041695748942295496, -3.298511247250797e-05] - [0.16665184987394943, 0.666652324189606, 0.1666545270782252, -1.4506319848854247e-05] - [-5.671399206794033e-06, -5.063191668257676e-06, -4.454768445066086e-06, -5.666569479345302e-06]
A2: [0.16669158398338949, -0.16664093904915894, 2.6094177560943726e-05, 2.4864019400462808e-05] - [0.1666945942877645, 0.33336226936053587, 2.840385228717575e-05, 2.7718646065729216e-05] - [0.16664904924179075, 0.8333152024906595, -1.8951604544209352e-05, -1.766861567709951e-05] - [1.602769023498464e-05, 1.651756305483997e-05, 1.696154158998762e-05, 1.6027688689587394e-05]
B1: 0.1666236520139868 - 0.6665608386431338 - 0.16667031051200082 - -1.3285586620539748e-05
B2: 0.1666142175545224 - 0.6665892648951849 - 0.16657461835894186 - -5.115148188185183e-05
