Number: 2923
Error: 4.227037567050996e-06
A1: [-1.186830152694954e-05, -1.1564555233053917e-05, -9.88930906043646e-06, -1.1621881515561592e-05] - [0.20829979714751595, 0.33329925114208914, -0.041695159484334186, -3.245043921247471e-05] - [0.1666521176204303, 0.6666525994678205, 0.16665477397182812, -1.4244995925973858e-05] - [-5.553441021461399e-06, -4.9578789338011815e-06, -4.362101778481764e-06, -5.548711082831087e-06]
A2: [0.16669122855664906, -0.16664130900051707, 2.5718474381435284e-05, 2.45097010455303e-05] - [0.1666945943703068, 0.3333622573875731, 2.8410228411282653e-05, 2.7723075868267606e-05] - [0.16664954340629698, 0.8333157094663266, -1.8425787279059202e-05, -1.7173385817379624e-05] - [1.569500045353942e-05, 1.6174704235778977e-05, 1.6609465020343612e-05, 1.569499874054703e-05]
B1: 0.16662427857103027 - 0.6665631600875673 - 0.16667074845492016 - -1.3274387745914446e-05
B2: 0.16661492670479053 - 0.6665903980370738 - 0.16657601409652772 - -5.046919358366423e-05
