Number: 2751
Error: 4.133150241306269e-06
A1: [-1.1260616891940255e-05, -1.0927344042852772e-05, -9.30332528067785e-06, -1.1028644315081323e-05] - [0.20830137832200374, 0.3333010590456547, -0.041693486102313326, -3.093292417679264e-05] - [0.16665286899870965, 0.6666533722239194, 0.16665546846449197, -1.3511443667666418e-05] - [-5.2261994562915375e-06, -4.665718638641194e-06, -4.105025307236083e-06, -5.221746499289321e-06]
A2: [0.16669024360089138, -0.1666423343234452, 2.467711867670105e-05, 2.352782010421842e-05] - [0.16669459693052815, 0.3333622263119301, 2.842985627694469e-05, 2.7737695802067678e-05] - [0.16665091439380655, 0.8333171159711746, -1.6967036964150252e-05, -1.5799442986675996e-05] - [1.4772029659634036e-05, 1.5223521776759816e-05, 1.5632710327351692e-05, 1.4772027526654775e-05]
B1: 0.16662599035583964 - 0.6665695740382934 - 0.16667193732576016 - -1.3269766586573121e-05
B2: 0.16661686572902024 - 0.6665935398122043 - 0.16657991234714453 - -4.860468629456253e-05
