Number: 1827
Error: 3.6255731499097743e-06
A1: [-8.051531395195779e-06, -7.562742611158921e-06, -6.2170500293070935e-06, -7.897123040046717e-06] - [0.20830964896926724, 0.3333105351330318, -0.04168474530677299, -2.300405839441652e-05] - [0.1666568494450384, 0.6666574643556851, 0.16665913694722, -9.626715961989275e-06] - [-3.4681216625770263e-06, -3.09610000825021e-06, -2.723900797890602e-06, -3.465160450844282e-06]
A2: [0.16668493383485278, -0.16664786049521765, 1.9065319361153504e-05, 1.8234572781923954e-05] - [0.16669455172079128, 0.33336200162736734, 2.8478910670951836e-05, 2.775726893853507e-05] - [0.16665826819153146, 0.8333246607218869, -9.141455119315318e-06, -8.42977155929104e-06] - [9.813259387109802e-06, 1.011317997495897e-05, 1.0384985361661885e-05, 9.81325613283035e-06]
B1: 0.16663539177671882 - 0.6666042034742413 - 0.16667846224238667 - -1.3039654375128989e-05
B2: 0.16662750153041073 - 0.6666104637657752 - 0.16660071746710609 - -3.8369197873564916e-05
