Number: 1299
Error: 3.332581715473843e-06
A1: [-6.213848833206257e-06, -5.636006108562987e-06, -4.449189034814041e-06, -6.103769960853054e-06] - [0.2083143905592579, 0.33331596626138804, -0.041679733680103644, -1.8457795278566816e-05] - [0.16665912789271484, 0.6666598068032089, 0.16666123744818007, -7.402975364403567e-06] - [-2.463432674783808e-06, -2.1991029145203387e-06, -1.9346317464054508e-06, -2.4613267550320392e-06]
A2: [0.1666818945370695, -0.166651023474967, 1.585340238587562e-05, 1.5204714315113233e-05] - [0.16669450598886956, 0.3333618533419167, 2.8487080182587458e-05, 2.7748552189647203e-05] - [0.16666246530453463, 0.8333289669662015, -4.674722304056833e-06, -4.223590125251044e-06] - [6.979281584682499e-06, 7.192577108691997e-06, 7.385872037765543e-06, 6.979278549506357e-06]
B1: 0.16664073935930893 - 0.6666239527036328 - 0.16668213550731234 - -1.293312536816044e-05
B2: 0.16663361170057783 - 0.6666201789625447 - 0.16661266284060508 - -3.2487764106501084e-05
