Number: 1332
Error: 7.453243571292408e-06
A1: [-6.07596282269302e-07, -7.203279830844916e-07, -2.088123001599255e-07, -4.997944359371853e-07] - [0.20834059948933326, 0.3333390671400154, -0.04165967253390985, 7.740226435651713e-06] - [0.1666664990084579, 0.6666663283700903, 0.16666692831354898, -3.493654428337644e-08] - [-2.5260240893381386e-06, -2.254981158665856e-06, -1.9837943590672184e-06, -2.523864838790255e-06]
A2: [0.16665325239700107, -0.16668053128367324, -1.4442542572448689e-05, -1.3438021212861528e-05] - [0.16658219004724992, 0.3332461194908898, -9.035982693651371e-05, -8.456972438367191e-05] - [0.16663487629734758, 0.8333005323960974, -3.38797501120032e-05, -3.181316933236962e-05] - [7.1532988610053505e-06, 7.371912777179614e-06, 7.570027750483972e-06, 7.153295796596703e-06]
B1: 0.16670565761209372 - 0.6666035555227742 - 0.16657830039139404 - 5.147021393399501e-05
B2: 0.16669759878828702 - 0.6667052122940983 - 0.16671629194871795 - 3.151375349096428e-05
