Number: 2326
Error: 6.902363690404027e-06
A1: [-4.066256492207464e-06, -4.346578264856961e-06, -3.5359071522173156e-06, -3.8750018044644124e-06] - [0.2083316776532479, 0.33332884731371737, -0.041669102474641596, -8.138912829710761e-07] - [0.1666622099772411, 0.6666619189840732, 0.16666297452792, -4.2209797527501766e-06] - [-4.4178709354516835e-06, -3.944034695875556e-06, -3.4699976925809777e-06, -4.4141030859368285e-06]
A2: [0.16665897269218236, -0.16667457806951566, -8.397196675387779e-06, -7.735507777695782e-06] - [0.1665822707920127, 0.3332463936346123, -9.038019830396156e-05, -8.455871127991444e-05] - [0.16662697331863455, 0.8332924240470754, -4.2290235011076846e-05, -3.973323270825358e-05] - [1.2488304543972729e-05, 1.2869990489282642e-05, 1.3215905660955586e-05, 1.24883016590868e-05]
B1: 0.1666955587282954 - 0.6665663404629156 - 0.1665713458800279 - 5.123809843352324e-05
B2: 0.16668612468733923 - 0.666686954368107 - 0.166693840333663 - 2.047055447782852e-05
