Number: 3093
Error: 4.319601718119647e-06
A1: [-1.2449683887084406e-05, -1.2174038922393241e-05, -1.0447081083380843e-05, -1.2189003128161514e-05] - [0.20829831182225622, 0.33329754607776385, -0.041696727243495706, -3.387292010604849e-05] - [0.1666513944153684, 0.6666518562257204, 0.1666541091717242, -1.4950601392939477e-05] - [-5.87687473435701e-06, -5.246640044041425e-06, -4.616188977574276e-06, -5.871871247366734e-06]
A2: [0.1666922047899021, -0.166640293033506, 2.6750115965437665e-05, 2.548289509753043e-05] - [0.1666945983264985, 0.3333622941581746, 2.8396432512400193e-05, 2.7715111755848107e-05] - [0.16664818884026775, 0.8333143197438035, -1.9867203386373794e-05, -1.8530873105725658e-05] - [1.6607199258317473e-05, 1.711478542421759e-05, 1.7574820407471255e-05, 1.6607198025391788e-05]
B1: 0.16662252553584975 - 0.6665567609301962 - 0.16666951483676753 - -1.3340188437429822e-05
B2: 0.16661294582439035 - 0.6665872883432352 - 0.1665722199930565 - -5.2376416292291574e-05
