Number: 3057
Error: 4.300038415670203e-06
A1: [-1.2335871688937775e-05, -1.2054798545727915e-05, -1.0339313739884377e-05, -1.2078201912982165e-05] - [0.208298588889825, 0.3332978675732699, -0.04169643692811795, -3.360912480123729e-05] - [0.16665153816435038, 0.6666520036896376, 0.1666542394967, -1.4810570335942565e-05] - [-5.808381851839442e-06, -5.185489258285303e-06, -4.562380464895666e-06, -5.803436276436362e-06]
A2: [0.16669199652093727, -0.166640509637962, 2.6530275247654498e-05, 2.5275269797733045e-05] - [0.16669459352769542, 0.3333622826174736, 2.8395819271206745e-05, 2.7712837543643253e-05] - [0.166648475254785, 0.8333146136282769, -1.956234522369726e-05, -1.8243839890235734e-05] - [1.6414035172324562e-05, 1.6915717049954132e-05, 1.7370400008656682e-05, 1.641403383235957e-05]
B1: 0.16662292713140361 - 0.666558145163233 - 0.16666980396001982 - -1.3295861563308815e-05
B2: 0.16661339695136534 - 0.6665879495109761 - 0.1665729954883842 - -5.1940890591463255e-05
