Number: 2055
Error: 3.7513626026874027e-06
A1: [-8.844371342215937e-06, -8.394012309904335e-06, -6.979693465279615e-06, -8.670822125292255e-06] - [0.20830760422238043, 0.33330819272598644, -0.0416869064816429, -2.496446407296053e-05] - [0.16665586626114356, 0.666656453559886, 0.16665823064351162, -1.0586278573426998e-05] - [-3.901948219826791e-06, -3.4834234346046452e-06, -3.0647091298673584e-06, -3.898618323540589e-06]
A2: [0.16668624525320636, -0.1666464956678304, 2.0451282493443152e-05, 1.9541915079961934e-05] - [0.16669456766903962, 0.33336206188177925, 2.847163155652628e-05, 2.775723255598883e-05] - [0.16665645485013067, 0.8333228002637231, -1.1071207871435711e-05, -1.0247029379703699e-05] - [1.1036933423379498e-05, 1.1374257408481969e-05, 1.1679963726014604e-05, 1.1036930267858389e-05]
B1: 0.16663307258913385 - 0.666595662735201 - 0.16667686031624168 - -1.3095723831410699e-05
B2: 0.16662487490481045 - 0.6666062824908645 - 0.16659557530779603 - -4.089704790219348e-05
