Number: 2468
Error: 6.824239245802769e-06
A1: [-4.567113705898829e-06, -4.871760716579569e-06, -4.01874091783144e-06, -4.3639314126746565e-06] - [0.2083303758115372, 0.3333273584901083, -0.04167048002226599, -2.063177464139189e-06] - [0.1666615904161958, 0.6666612818391795, 0.16666240206999247, -4.825823157371697e-06] - [-4.688116977776079e-06, -4.185310382190968e-06, -3.6822982945261996e-06, -4.684119933161653e-06]
A2: [0.16665978742102475, -0.16667373000876778, -7.535909903648421e-06, -6.923319165886897e-06] - [0.1665822744370347, 0.33324642507064106, -9.039065721208228e-05, -8.456502865379996e-05] - [0.1666258427814152, 0.8332912641931361, -4.349322829760371e-05, -4.086621106186995e-05] - [1.3250365968465603e-05, 1.365534524594685e-05, 1.4022373523710902e-05, 1.3250363290144936e-05]
B1: 0.16669413795084506 - 0.6665610415498083 - 0.16657036510725168 - 5.1226812951199767e-05
B2: 0.16668451657983835 - 0.6666843559806102 - 0.16669062051373837 - 1.8924006157532828e-05
