Number: 1575
Error: 3.486089824051347e-06
A1: [-7.1827184756966245e-06, -6.651881022005579e-06, -5.38246774721421e-06, -7.0494591595722374e-06] - [0.20831187876654167, 0.3333130921998507, -0.041682390279603736, -2.086745274467709e-05] - [0.1666579285505069, 0.6666585735471487, 0.16666013020873313, -8.573712078549456e-06] - [-2.9886171181967087e-06, -2.6679935643325825e-06, -2.3472082317251822e-06, -2.9860638532079522e-06]
A2: [0.1666834822035674, -0.16664937109198, 1.75314336901405e-05, 1.678744667823888e-05] - [0.16669452744267577, 0.33336192856200036, 2.848068561347181e-05, 2.775065770756412e-05] - [0.16666027122015872, 0.8333267158516532, -7.009710670517518e-06, -6.422414558266459e-06] - [8.460719479007949e-06, 8.719297576804368e-06, 8.953632708585625e-06, 8.460716251332638e-06]
B1: 0.16663797717661166 - 0.6666136619366526 - 0.16668024780909693 - -1.2955620696351088e-05
B2: 0.16663043790822532 - 0.666615095041174 - 0.16660638606803466 - -3.554199304765796e-05
