Number: 1162
Error: 7.5483923607858634e-06
A1: [-2.5830056053953886e-08, -1.1047683957680529e-07, 3.492931580226515e-07, 6.770767024455057e-08] - [0.20834208593572642, 0.33334077324790967, -0.041658103858162314, 9.163818999508667e-06] - [0.16666722264437336, 0.6666670720069917, 0.16666759343761076, 6.710934040459918e-07] - [-2.202447073172005e-06, -1.9660872801579167e-06, -1.7295975487155177e-06, -2.200563681981603e-06]
A2: [0.16665227146115388, -0.1666815519564146, -1.5478866853415644e-05, -1.4415915894048812e-05] - [0.16658216858263158, 0.3332460652419329, -9.036339957078763e-05, -8.457926396135663e-05] - [0.1666362266401399, 0.8333019179082688, -3.244251940388033e-05, -3.0459905190666415e-05] - [6.240773809662614e-06, 6.431494911031114e-06, 6.604330741562429e-06, 6.240770936112382e-06]
B1: 0.16670739870664564 - 0.6666099306997914 - 0.1665794962425887 - 5.1523795215302395e-05
B2: 0.16669961806028416 - 0.6667083611413841 - 0.1667201256430643 - 3.345933248782054e-05
