Number: 930
Error: 7.679035300564711e-06
A1: [7.724305073102667e-07, 7.263053269965226e-07, 1.115649111329538e-06, 8.464974044275794e-07] - [0.20834413174916708, 0.33334311962436824, -0.0416559442529926, 1.1123838093950818e-05] - [0.16666821449717967, 0.6666680913566772, 0.16666850583667206, 1.638914310917685e-06] - [-1.7608508557886485e-06, -1.5718235559586532e-06, -1.3826873409319708e-06, -1.7593442877119495e-06]
A2: [0.16665093398946085, -0.16668294366477243, -1.68919454031173e-05, -1.5749237282138184e-05] - [0.16658214348686512, 0.3332459954292229, -9.036404336515227e-05, -8.458808598123211e-05] - [0.166638070315688, 0.8333038095983544, -3.0480234058217692e-05, -2.8612243130650866e-05] - [4.995400504180167e-06, 5.148054666505818e-06, 5.286391281964812e-06, 4.995397994373047e-06]
B1: 0.16670972675030554 - 0.6666185856033965 - 0.16658108536266966 - 5.154885924922616e-05
B2: 0.16670238981628 - 0.6667126876229249 - 0.16672540053762908 - 3.613052123945403e-05
