Number: 1173
Error: 3.262219576902622e-06
A1: [-5.779242079676088e-06, -5.180386514298129e-06, -4.03172361544075e-06, -5.679738410862421e-06] - [0.2083155061764903, 0.3333172454661453, -0.04167855555013779, -1.7388775757240408e-05] - [0.16665966761663964, 0.6666603615596292, 0.16666173422283573, -6.876303452655958e-06] - [-2.2236694440557522e-06, -1.9850388261771972e-06, -1.7462771824849716e-06, -2.2217679392753525e-06]
A2: [0.16668116833606642, -0.16665177914768622, 1.5086097422812087e-05, 1.4480765913272373e-05] - [0.16669449257744362, 0.33336181558981426, 2.8486801229098962e-05, 2.7743973666310713e-05] - [0.16666346652795724, 0.833329994254387, -3.609114052886556e-06, -3.2202028576915954e-06] - [6.302950386893484e-06, 6.495572688530818e-06, 6.670131578235404e-06, 6.302947496095163e-06]
B1: 0.1666420166653411 - 0.6666286658289754 - 0.16668301118540477 - -1.290653738225305e-05
B2: 0.16663509629794832 - 0.6666225114773954 - 0.16661551445963588 - -3.10577511938807e-05
