Number: 748
Error: 7.782506080553059e-06
A1: [1.4169497194373083e-06, 1.4020000343829489e-06, 1.737049282797508e-06, 1.4757243059248334e-06] - [0.20834581014398376, 0.3333450376717391, -0.04165416886483565, 1.2734857852263157e-05] - [0.16666901098902037, 0.6666689103945288, 0.16666924194436455, 2.416535307902372e-06] - [-1.4144209316179863e-06, -1.2625254707990482e-06, -1.110539237491323e-06, -1.4132102651454952e-06]
A2: [0.16664988914499276, -0.16668403116810582, -1.799633549803911e-05, -1.679082590377991e-05] - [0.16658213736980437, 0.3332459540012545, -9.035147812977831e-05, -8.458143691645718e-05] - [0.16663951903431537, 0.8333052959784845, -2.893848607568769e-05, -2.7160397371922406e-05] - [4.0183920642864025e-06, 4.141182267977782e-06, 4.252454401129965e-06, 4.018389922171219e-06]
B1: 0.1667114420057 - 0.6666252713710064 - 0.16658223516288298 - 5.145743054094574e-05
B2: 0.16670454496733594 - 0.6667161190818738 - 0.16672963559874482 - 3.8206781430613827e-05
