Number: 896
Error: 7.698329879689708e-06
A1: [9.080677587463741e-07, 8.686281459905605e-07, 1.2486903959558127e-06, 9.792632810889895e-07] - [0.2083445066655966, 0.3333435427787131, -0.041655544282518234, 1.1486109279581876e-05] - [0.16666837869631504, 0.6666682606374292, 0.16666866049466142, 1.7995734297428087e-06] - [-1.6961363858337647e-06, -1.5140459413342448e-06, -1.3318498590156909e-06, -1.6946850736724944e-06]
A2: [0.16665074128921448, -0.16668314446655266, -1.709604054071022e-05, -1.594132929663651e-05] - [0.16658214865552395, 0.3332459936474225, -9.035610904369733e-05, -8.458053242647375e-05] - [0.16663834162175634, 0.8333040878954687, -3.019164001308539e-05, -2.8340352859357984e-05] - [4.812884496914834e-06, 4.959959759856571e-06, 5.093240412318694e-06, 4.812882050394602e-06]
B1: 0.16671000124498805 - 0.666619790513833 - 0.16658125795111522 - 5.148579886559973e-05
B2: 0.16670273701257193 - 0.6667133207779803 - 0.16672623395964392 - 3.646298061894151e-05
