Number: 1006
Error: 7.63613021278144e-06
A1: [5.158269308876205e-07, 4.57366035972408e-07, 8.700641195393392e-07, 5.962675592397885e-07] - [0.20834348131243619, 0.3333423718667913, -0.04165662968703771, 1.0501487612667512e-05] - [0.16666789453911096, 0.6666677626763504, 0.16666821247777305, 1.3268241188125877e-06] - [-1.9055138160890254e-06, -1.700981071749138e-06, -1.4963322674410844e-06, -1.9038837593496895e-06]
A2: [0.16665137284323286, -0.16668248709024747, -1.6428418586844002e-05, -1.5311743094751598e-05] - [0.16658215335747933, 0.3332460198186611, -9.036244663625042e-05, -8.458354637070137e-05] - [0.16663746646448213, 0.8333031899998669, -3.1122977116908535e-05, -2.921740022882496e-05] - [5.403373142613179e-06, 5.568497692873388e-06, 5.718135854706245e-06, 5.403370500614607e-06]
B1: 0.16670895391737423 - 0.66661574044699 - 0.1665805551565037 - 5.153043719492637e-05
B2: 0.1667014599770447 - 0.6667112637893079 - 0.166723682187102 - 3.523362658457496e-05
