Number: 2377
Error: 3.928392060166948e-06
A1: [-9.962333253519002e-06, -9.566150474620853e-06, -8.054819295220979e-06, -9.761754215893388e-06] - [0.2083047234685932, 0.3333048919733014, -0.041689950914527894, -2.772611305172478e-05] - [0.16665447949443246, 0.666655027892494, 0.1666569526338788, -1.1939688708491565e-05] - [-4.514616241449571e-06, -4.030416243613423e-06, -3.5460135594974474e-06, -4.510766319940264e-06]
A2: [0.16668809612732666, -0.16664456938128758, 2.240740586177997e-05, 2.1387032670609057e-05] - [0.1666945852586652, 0.33336214201022496, 2.8456357203842392e-05, 2.7752246536397987e-05] - [0.16665389259412963, 0.8333201714629445, -1.3797874837524197e-05, -1.2814816991669171e-05] - [1.276501339694846e-05, 1.3155158529814893e-05, 1.3508741139587288e-05, 1.276501057955417e-05]
B1: 0.16662979351137663 - 0.6665835933224546 - 0.1666745862632769 - -1.3178720436773404e-05
B2: 0.1666211663248254 - 0.6666003837030133 - 0.1665883251691132 - -4.4466125579435066e-05
