Number: 3010
Error: 6.527276888473808e-06
A1: [-6.4682852806628655e-06, -6.865180553127077e-06, -5.849930954397983e-06, -6.219588232081421e-06] - [0.2083254492270159, 0.3333217205994684, -0.0416756908235159, -6.789207478247499e-06] - [0.16665923627929424, 0.6666588611833536, 0.16666022889477564, -7.123797885275816e-06] - [-5.719585258279352e-06, -5.106202304758193e-06, -4.492603580666864e-06, -5.714714774675564e-06]
A2: [0.1666628955933179, -0.16667049470888926, -4.250219964684083e-06, -3.8248426472746255e-06] - [0.16658228027152802, 0.3332465367360464, -9.043913515243082e-05, -8.459722134242254e-05] - [0.16662152504101563, 0.8332868345246506, -4.808758502621256e-05, -4.5193270108052955e-05] - [1.615888916759628e-05, 1.6652770660466553e-05, 1.7100382809534325e-05, 1.615888769293559e-05]
B1: 0.1666886903855913 - 0.6665407840255959 - 0.16656658108278277 - 5.1158953434763297e-05
B2: 0.16667835244059345 - 0.6666744448457399 - 0.16667837204676822 - 1.2994839265467213e-05
