Number: 1709
Error: 3.560341144750575e-06
A1: [-7.650427035541165e-06, -7.142268802569631e-06, -5.832613771148206e-06, -7.505916251057544e-06] - [0.20831067004864687, 0.3333117081694075, -0.041683668162924306, -2.202659413079721e-05] - [0.16665734896202214, 0.6666579776371903, 0.16665959562169155, -9.139415471402113e-06] - [-3.2435928372295505e-06, -2.895638356742225e-06, -2.5475133736396584e-06, -3.2408225894191895e-06]
A2: [0.16668425323291167, -0.166648568660289, 1.8346299303670078e-05, 1.755608045045332e-05] - [0.16669453818805438, 0.33336196537352053, 2.8477831967162133e-05, 2.775200902566791e-05] - [0.16665920591473446, 0.8333256228561149, -8.1434301447538e-06, -7.490021492540892e-06] - [9.179938371588501e-06, 9.46050052396759e-06, 9.714760512191173e-06, 9.179935112020078e-06]
B1: 0.16663662188543965 - 0.6666086513326686 - 0.1666793166893513 - -1.2980798642271742e-05
B2: 0.16662889470601674 - 0.6666126327634297 - 0.16660335339579593 - -3.702714479490202e-05
