Number: 509
Error: 2.885053359411295e-06
A1: [-3.491094305081834e-06, -2.7821062233555915e-06, -1.8351256331883307e-06, -3.447320090006816e-06] - [0.20832137523692681, 0.3333239742913096, -0.0416723617241522, -1.1765272340863972e-05] - [0.16666250906301194, 0.6666632816787024, 0.1666643482125246, -4.103640893662032e-06] - [-9.601106536871435e-07, -8.569099418229045e-07, -7.53644394767636e-07, -9.592884116064185e-07]
A2: [0.16667734920846755, -0.16665575327823529, 1.105095615401122e-05, 1.0673509229617496e-05] - [0.16669445666278873, 0.33336165263594475, 2.8522455127732345e-05, 2.7754604706714314e-05] - [0.16666875215171706, 0.833335417536615, 2.01637672647668e-06, 2.0768225241801158e-06] - [2.7384971991348635e-06, 2.8221654366961487e-06, 2.897983650388686e-06, 2.7384956424840977e-06]
B1: 0.16664841343418524 - 0.6666531982943041 - 0.1666873490908947 - -1.310077379007953e-05
B2: 0.1666432177682986 - 0.6666350919602217 - 0.16663081953479253 - -2.3223923867971726e-05
