Number: 1999
Error: 3.7205288433897854e-06
A1: [-8.659314957337625e-06, -8.200060120143757e-06, -6.803139444793855e-06, -8.490457688790152e-06] - [0.20830806747443423, 0.3333087269006377, -0.041686419005463576, -2.452188997152052e-05] - [0.16665609796862188, 0.6666566915003984, 0.16665844237122698, -1.036036336336315e-05] - [-3.7953943911088194e-06, -3.3882911128005768e-06, -2.9810010506468737e-06, -3.7921550139541962e-06]
A2: [0.16668592157790274, -0.16664683237955236, 2.0109465559672804e-05, 1.921924098327372e-05] - [0.1666945597260745, 0.3333620432705433, 2.8469834025852776e-05, 2.7753215961096516e-05] - [0.16665689980219242, 0.8333232568140174, -1.0597610299307975e-05, -9.801115295424026e-06] - [1.0736391960715846e-05, 1.1064529451523653e-05, 1.1361909427367445e-05, 1.0736388770113628e-05]
B1: 0.16663367411531818 - 0.6665977911255201 - 0.1666772832287679 - -1.3050020499916603e-05
B2: 0.16662555247847124 - 0.6666073117509881 - 0.16659680875357047 - -4.024373782825059e-05
