Number: 1993
Error: 3.7171927930127053e-06
A1: [-8.62835906039839e-06, -8.167526301559491e-06, -6.77184520149635e-06, -8.460015168155035e-06] - [0.20830816192637508, 0.33330883146804957, -0.041686316925991965, -2.4429696461658947e-05] - [0.16665613403835172, 0.6666567288695526, 0.16665847756315846, -1.0324925005235594e-05] - [-3.7839788664871565e-06, -3.3780996710660873e-06, -2.9720339923517924e-06, -3.780749188018685e-06]
A2: [0.16668588879453286, -0.16664686665353, 2.0074545404266297e-05, 1.9186564803422845e-05] - [0.16669456383382109, 0.333362045988529, 2.8474091733130503e-05, 2.775774407041719e-05] - [0.16665694805048603, 0.8333233062752127, -1.0546354518773266e-05, -9.752764005895093e-06] - [1.070418499595347e-05, 1.1031338045675206e-05, 1.1327825760069793e-05, 1.0704181802029317e-05]
B1: 0.16663370186591794 - 0.6665979841200973 - 0.1666772951386492 - -1.3081853420401885e-05
B2: 0.16662558726378215 - 0.666607418904811 - 0.16659697438659737 - -4.0211549007168176e-05
