Number: 238
Error: 8.081932284327245e-06
A1: [3.1469739928296503e-06, 3.2142155785011445e-06, 3.391944097162122e-06, 3.1629686607389976e-06] - [0.2083502045942202, 0.3333500831139235, -0.04164954376044051, 1.6940804999530987e-05] - [0.16667116488966288, 0.6666711223789626, 0.16667121643007726, 4.517628288810317e-06] - [-4.4359707917970293e-07, -3.9575271397173486e-07, -3.478765842138513e-07, -4.4321705564721293e-07]
A2: [0.1666469690702073, -0.16668706958994856, -2.1080905062677403e-05, -1.970177713263034e-05] - [0.16658217331622058, 0.3332458948877525, -9.025554510416554e-05, -8.450971881996903e-05] - [0.16664359734042733, 0.8333094805706188, -2.4598043939897437e-05, -2.3073329416370508e-05] - [1.280494588605054e-06, 1.3195958980746886e-06, 1.3550266615961018e-06, 1.280493840352526e-06]
B1: 0.16671585532920755 - 0.6666436715923387 - 0.1665851802539093 - 5.0808680542606405e-05
B2: 0.16671135989255906 - 0.6667262685799363 - 0.1667417797549212 - 4.480064005003717e-05
