Number: 631
Error: 2.9556016215089435e-06
A1: [-3.898519000442855e-06, -3.2089255020660824e-06, -2.2240466697971995e-06, -3.844517589925468e-06] - [0.20832034949149134, 0.3333227939339751, -0.041673440423096446, -1.2745950410516255e-05] - [0.16666200025904954, 0.6666627592541182, 0.16666388287224826, -4.599819043222948e-06] - [-1.1922755915018023e-06, -1.0641921818093364e-06, -9.36030288088007e-07, -1.1912547887626782e-06]
A2: [0.1666780507437271, -0.16665502344090294, 1.179182564821733e-05, 1.1372863288120418e-05] - [0.16669445894246993, 0.3333616776954655, 2.8510471766888897e-05, 2.7748332245117343e-05] - [0.16666777903160482, 0.8333344190210317, 9.80611014448785e-07, 1.1016076353380437e-06] - [3.393445340011578e-06, 3.4971333309186936e-06, 3.591094167457351e-06, 3.393443467926029e-06]
B1: 0.16664727531310564 - 0.6666487217458702 - 0.16668657688101698 - -1.3027972996189244e-05
B2: 0.16664161610197964 - 0.666632712094914 - 0.16662798266320153 - -2.4772738255661166e-05
