Number: 62
Error: 8.19209546942907e-06
A1: [3.647841404283906e-06, 3.7373389053661806e-06, 3.8546665734722e-06, 3.6491650515684227e-06] - [0.2083513319252627, 0.33335141071440066, -0.04164838560426953, 1.8003457910790635e-05] - [0.16667181008407955, 0.6666717815499102, 0.16667178756802845, 5.1446922397177905e-06] - [-1.0853620183979098e-07, -9.659969674946113e-08, -8.465490216449076e-08, -1.0844339954276753e-07]
A2: [0.16664596267577528, -0.16668811557907753, -2.2141576154751015e-05, -2.070502303852698e-05] - [0.16658221658603814, 0.33324590922079356, -9.018391535189389e-05, -8.445410475570402e-05] - [0.16664501888311592, 0.8333109394802427, -2.308469927174843e-05, -2.164876335874547e-05] - [3.356324517530676e-07, 3.4585220138177763e-07, 3.551103622931112e-07, 3.356322920468127e-07]
B1: 0.16671718564913912 - 0.6666498731858651 - 0.16658609250159992 - 5.0392734678004334e-05
B2: 0.16671444052226628 - 0.6667301964296333 - 0.16674607420384865 - 4.780497878046314e-05
