Number: 457
Error: 2.8546589973205022e-06
A1: [-3.309767579823649e-06, -2.5921109708109154e-06, -1.660882196707922e-06, -3.2703598621347404e-06] - [0.20832184325304673, 0.3333245098345886, -0.0416718678850862, -1.131649477368461e-05] - [0.16666273364369347, 0.66666351247546, 0.16666455508812916, -3.884449154495901e-06] - [-8.611544781023161e-07, -7.685596522862327e-07, -6.759060221216429e-07, -8.604169058604025e-07]
A2: [0.16667705218827755, -0.16665606240872885, 1.0737070887935027e-05, 1.0377418677116287e-05] - [0.16669446199044952, 0.33336164815446906, 2.8533644830006238e-05, 2.7763577288257045e-05] - [0.1666691680680707, 0.8333358442742067, 2.4589848235968543e-06, 2.4936316554057367e-06] - [2.4593286455197254e-06, 2.5344635562205403e-06, 2.6025486232997547e-06, 2.4593272324466684e-06]
B1: 0.1666488524979102 - 0.6666550637391726 - 0.1666876390556579 - -1.3177848421870125e-05
B2: 0.16664389091142617 - 0.6666361205522878 - 0.16663206791590232 - -2.257330594354333e-05
