Number: 2145
Error: 3.8009351963050603e-06
A1: [-9.164890313651086e-06, -8.730125578737228e-06, -7.289142619297149e-06, -8.983778375787604e-06] - [0.20830676664694356, 0.33330723594087475, -0.041687793441073116, -2.5768718082262487e-05] - [0.16665547052705684, 0.6666560464965886, 0.16665786439598898, -1.0972681418147076e-05] - [-4.073192044924347e-06, -3.636310551479597e-06, -3.1992354193535575e-06, -4.069716723025535e-06]
A2: [0.1666867613913839, -0.16664595838346485, 2.0996977882765828e-05, 2.005644434691654e-05] - [0.16669456969691793, 0.33336208156795816, 2.8464840502124717e-05, 2.775295079710011e-05] - [0.1666557384470171, 0.8333220652825981, -1.183351993898314e-05, -1.0964978479425026e-05] - [1.1519952048560858e-05, 1.1872040173354602e-05, 1.219112832637566e-05, 1.1519948964127823e-05]
B1: 0.1666321821603507 - 0.6665923146791118 - 0.16667624944720538 - -1.3092806986430685e-05
B2: 0.16662386504131854 - 0.6666046353862198 - 0.1665935240408966 - -4.186792276399202e-05
