Number: 1552
Error: 7.3306095031135e-06
A1: [-1.3673255364069798e-06, -1.51681091305623e-06, -9.387408010301663e-07, -1.2410580313776943e-06] - [0.20833864815726522, 0.3333368298968374, -0.04166173357211521, 5.870260255161436e-06] - [0.16666555557799637, 0.6666653586450888, 0.16666605977801544, -9.555769245892626e-07] - [-2.9447608977118313e-06, -2.6288339682985953e-06, -2.3127469748394124e-06, -2.942244978985246e-06]
A2: [0.16665452054225316, -0.16667921164281055, -1.3102571892961973e-05, -1.217381157763909e-05] - [0.16658221449975907, 0.3332461865812848, -9.035810011269338e-05, -8.456070466762638e-05] - [0.16663312840755437, 0.8332987390263222, -3.574001691701872e-05, -3.3564839944452864e-05] - [8.334171113745767e-06, 8.588880230595637e-06, 8.819708777568742e-06, 8.334167898104608e-06]
B1: 0.1667034114007308 - 0.6665953112819198 - 0.16657675761542673 - 5.140784053453239e-05
B2: 0.16669502522727578 - 0.6667011554042795 - 0.16671132602782857 - 2.903556086132877e-05
