Number: 1648
Error: 7.2771965538363545e-06
A1: [-1.7188432545831474e-06, -1.8854948630652373e-06, -1.279511449252302e-06, -1.5844989841496186e-06] - [0.20833771609044963, 0.33333576852522306, -0.04166272259819707, 4.973775347867254e-06] - [0.16666512367904826, 0.6666649141323732, 0.1666656582797113, -1.3775120405846115e-06] - [-3.127474968355135e-06, -2.7919620901406427e-06, -2.456282725849841e-06, -3.124803531203014e-06]
A2: [0.16665507036014074, -0.1666786391824781, -1.2521059561242132e-05, -1.1625711041735302e-05] - [0.1665822157803287, 0.3332462069253794, -9.036579640503649e-05, -8.456615853216705e-05] - [0.1666323645425971, 0.8332979553725651, -3.6552802353400135e-05, -3.433035480003472e-05] - [8.849445867961666e-06, 9.119905107797637e-06, 9.365008432175733e-06, 8.849442620277374e-06]
B1: 0.1667024940199865 - 0.6665917733343903 - 0.1665761406249249 - 5.1443451606911184e-05
B2: 0.16669397420081997 - 0.6666993947121937 - 0.16670910284127527 - 2.8026148260108392e-05
