Number: 845
Error: 3.077655112436057e-06
A1: [-4.62895570889967e-06, -3.974424917235881e-06, -2.9241132411328408e-06, -4.556999856460151e-06] - [0.20831848629091956, 0.3333206553713005, -0.04167540482828316, -1.4530037402778647e-05] - [0.16666109162354953, 0.666661825694879, 0.16666304840903395, -5.486292717960673e-06] - [-1.5995109233476403e-06, -1.4277801557294561e-06, -1.2559486083545124e-06, -1.5981421153784948e-06]
A2: [0.16667928216924915, -0.16665374214181888, 1.3092703789714433e-05, 1.2600462887621785e-05] - [0.16669447087563757, 0.333361730322136, 2.8498838226861074e-05, 2.7745264239772396e-05] - [0.16666607516174858, 0.8333326707430132, -8.328776138117296e-07, -6.059367611016467e-07] - [4.542251033873404e-06, 4.681054425843681e-06, 4.806838610723482e-06, 4.542248683512033e-06]
B1: 0.1666452177834685 - 0.6666408180013643 - 0.166685180453194 - -1.2961317573623282e-05
B2: 0.1666389515727849 - 0.6666286325313975 - 0.16662304835438496 - -2.7344562213415865e-05
