Number: 2128
Error: 7.011489374207817e-06
A1: [-3.3803481974207525e-06, -3.6274513949862005e-06, -2.8765310331384667e-06, -3.2057133133882756e-06] - [0.20833344265192694, 0.33333087021149865, -0.04166723756183643, 8.778730769729569e-07] - [0.16666306126932048, 0.6666627940861519, 0.1666637587210253, -3.390198014380836e-06] - [-4.041038984872346e-06, -3.6075979318633114e-06, -3.173964123359602e-06, -4.037590971496032e-06]
A2: [0.16665783392640227, -0.16667576320802108, -9.600665805299582e-06, -8.870731535231064e-06] - [0.16658225785929676, 0.3332463422280772, -9.037289217367193e-05, -8.455775306372067e-05] - [0.1666285484903409, 0.833294040130685, -4.061396363028455e-05, -3.8154657360778917e-05] - [1.1425677585654341e-05, 1.1774882967530903e-05, 1.2091358219768012e-05, 1.1425674488169586e-05]
B1: 0.1666975824254894 - 0.6665737682372496 - 0.16657274895524019 - 5.129645290459323e-05
B2: 0.1666884114780607 - 0.6666905830700149 - 0.16669829450431578 - 2.267150864286295e-05
