Number: 170
Error: 8.123850707483963e-06
A1: [3.3487301786625295e-06, 3.4251013659507752e-06, 3.5800239911241724e-06, 3.359048574576885e-06] - [0.20835067351805653, 0.3333506315312823, -0.04164905869370576, 1.7384707440492663e-05] - [0.166671422585396, 0.6666713860009351, 0.16667144656574787, 4.768311026922665e-06] - [-3.1414400693121013e-07, -2.8017311703641885e-07, -2.461793191527129e-07, -3.138749161771376e-07]
A2: [0.16664657990112677, -0.16668747416836918, -2.1491266603778613e-05, -2.008972973639413e-05] - [0.1665821864812253, 0.33324589652327147, -9.023211268571788e-05, -8.44917844186361e-05] - [0.16664414512876954, 0.8333100427328144, -2.4014909747604622e-05, -2.252437293597998e-05] - [9.154339359570981e-07, 9.433764555504524e-07, 9.686950364429473e-07, 9.154334099206504e-07]
B1: 0.16671639120257226 - 0.6666460850327702 - 0.16658554557947422 - 5.066979917091026e-05
B2: 0.16671248366114516 - 0.6667277457278425 - 0.16674342616709367 - 4.589493265243704e-05
