Number: 1663
Error: 3.5348337974998406e-06
A1: [-7.476995720718131e-06, -6.960328819769554e-06, -5.663765069728426e-06, -7.336359702299011e-06] - [0.20831113683352484, 0.3333122380495597, -0.04168317180900588, -2.1576877679055947e-05] - [0.16665756093439402, 0.6666581959436326, 0.1666597936080481, -8.932222044993158e-06] - [-3.1560651055131344e-06, -2.817493267965362e-06, -2.478753836452767e-06, -3.1533693280715204e-06]
A2: [0.1666839907729438, -0.16664884200895044, 1.806856724011403e-05, 1.7294442748112387e-05] - [0.16669454033827005, 0.33336195828912313, 2.8484059933242228e-05, 2.7757383719934718e-05] - [0.16665957230610656, 0.8333259987183222, -7.753625261676644e-06, -7.122840126859103e-06] - [8.93303761325362e-06, 9.206052873095433e-06, 9.453472840544853e-06, 8.933034360112324e-06]
B1: 0.1666370449095044 - 0.6666103311440621 - 0.16667959806289687 - -1.3014414968507643e-05
B2: 0.16662938032163443 - 0.666613474016798 - 0.16660443280516274 - -3.656145352942016e-05
