Number: 2192
Error: 6.97619506474971e-06
A1: [-3.598670397840616e-06, -3.856320681942944e-06, -3.085896567785918e-06, -3.4186666607750315e-06] - [0.20833288578655992, 0.3333302307513417, -0.04166782518933133, 3.4466645075088064e-07] - [0.166662789526044, 0.6666625148390597, 0.16666350905138314, -3.6553148808668206e-06] - [-4.162844961914079e-06, -3.7163469157053243e-06, -3.2696533452772075e-06, -4.159293534370188e-06]
A2: [0.16665820266376183, -0.166675379510045, -9.211073013358164e-06, -8.503139073860833e-06] - [0.16658226382399918, 0.333246360553053, -9.037362520730473e-05, -8.455627832327085e-05] - [0.1666280395873935, 0.8332935179944704, -4.115556422103447e-05, -3.866466045045662e-05] - [1.1769157289312424e-05, 1.212886158423644e-05, 1.2454852837322221e-05, 1.176915425091727e-05]
B1: 0.1666969170712574 - 0.6665713568043568 - 0.16657228561463497 - 5.126635535542859e-05
B2: 0.16668766043261893 - 0.6666894088350773 - 0.166696864590302 - 2.194820861725326e-05
