Number: 1252
Error: 7.497938319003182e-06
A1: [-3.465326807315984e-07, -4.467592377707728e-07, 3.969469422809013e-08, -2.454311625066142e-07] - [0.2083412478135445, 0.3333398159699896, -0.04165899124071759, 8.359021422178592e-06] - [0.16666682670145755, 0.6666666647564229, 0.16666722703441744, 2.844836430515975e-07] - [-2.3737507871519746e-06, -2.1190291809963724e-06, -1.8641701072722205e-06, -2.3717213277996843e-06]
A2: [0.16665278860213179, -0.16668101367239682, -1.4932185293529972e-05, -1.3900384943087157e-05] - [0.1665821742309452, 0.33324608852340193, -9.036665468846278e-05, -8.457992886432028e-05] - [0.1666355110753663, 0.8333011837569829, -3.320401641640031e-05, -3.1177016539142705e-05] - [6.723879018198368e-06, 6.929367009190639e-06, 7.115585955556503e-06, 6.723876035579315e-06]
B1: 0.16670652054404142 - 0.6666065972607784 - 0.1665789028792782 - 5.1539057668705907e-05
B2: 0.16669859062620757 - 0.6667066960865946 - 0.16671805624789382 - 3.24709111803673e-05
