Number: 1012
Error: 7.632780194803242e-06
A1: [5.088155255575133e-07, 4.50124615809795e-07, 8.654100362805422e-07, 5.897466567154204e-07] - [0.20834348331654162, 0.33334236918286436, -0.04165662445660461, 1.050565799229039e-05] - [0.1666678826679698, 0.6666677508682072, 0.16666820420946368, 1.3155613138610949e-06] - [-1.916936896095144e-06, -1.7111801717928268e-06, -1.5053068342172451e-06, -1.9152970899010224e-06]
A2: [0.16665140975610718, -0.16668244889014228, -1.6389787201483274e-05, -1.5274937558564723e-05] - [0.16658216005690518, 0.33324602736977066, -9.035700516260532e-05, -8.457726782250163e-05] - [0.16663741948534286, 0.833303141742028, -3.1173099680049453e-05, -2.9264482467082293e-05] - [5.435581105869243e-06, 5.60169016148417e-06, 5.752220556445118e-06, 5.435578453968975e-06]
B1: 0.16670884912761538 - 0.6666154740241117 - 0.16658047346232702 - 5.148517040532016e-05
B2: 0.16670134158655497 - 0.6667111477013198 - 0.16672358641097268 - 3.51178379330433e-05
