Number: 936
Error: 7.675677583237969e-06
A1: [7.654155493601837e-07, 7.19060629320844e-07, 1.1109920513782698e-06, 8.39972956504393e-07] - [0.20834413374026323, 0.33334311692844804, -0.04165593903347172, 1.1127995485560538e-05] - [0.16666820262314067, 0.6666680795458663, 0.1666684975659752, 1.6276486190104267e-06] - [-1.7722739590696365e-06, -1.5820226739176541e-06, -1.3916618998101494e-06, -1.7707576379781738e-06]
A2: [0.16665097089730097, -0.16668290546995343, -1.6853319543576098e-05, -1.5712436780075e-05] - [0.16658215016351222, 0.3332460029564643, -9.035862676444539e-05, -8.458183020734484e-05] - [0.16663802333047, 0.8333037613341524, -3.0530363236802176e-05, -2.8659331445031066e-05] - [5.027608919899384e-06, 5.181247601585192e-06, 5.320476456330957e-06, 5.027606399232435e-06]
B1: 0.1667096222997686 - 0.6666183194998166 - 0.16658100397010236 - 5.150393178037443e-05
B2: 0.16670227113877373 - 0.6667125712395373 - 0.1667253044580625 - 3.6014445510836783e-05
