Number: 1979
Error: 3.709494632911672e-06
A1: [-8.588084824864861e-06, -8.125364686507339e-06, -6.734369581217818e-06, -8.420908183494961e-06] - [0.20830825361526756, 0.33330893953191665, -0.04168622189188618, -2.4343153959944776e-05] - [0.16665618591280784, 0.6666567819620479, 0.16665852376232856, -1.0274492830230405e-05] - [-3.7573397826045855e-06, -3.3543157775003747e-06, -2.951105996985559e-06, -3.754132738749625e-06]
A2: [0.1666858068507817, -0.16664695180571823, 1.9988170469617405e-05, 1.9104871398367098e-05] - [0.1666945591653369, 0.3333620387864696, 2.847123467268884e-05, 2.775405734479362e-05] - [0.16665705897612598, 0.8333234201166094, -1.042823396891796e-05, -9.64159782239232e-06] - [1.0629052212169685e-05, 1.0953908709241792e-05, 1.1248314910604209e-05, 1.0629049010786289e-05]
B1: 0.16663387182205333 - 0.6665985348964021 - 0.16667741864974764 - -1.3050836660989979e-05
B2: 0.1666257772119005 - 0.666607678102046 - 0.1665972649266516 - -4.002766846827318e-05
