Number: 1320
Error: 7.459940789808041e-06
A1: [-5.696361826173157e-07, -6.805593658724327e-07, -1.7287015336666374e-07, -4.628382333679716e-07] - [0.20834069190731894, 0.33333917436307936, -0.041659575711995384, 7.828219669170732e-06] - [0.1666665469502893, 0.6666663775479709, 0.16666697177372805, 1.1765532284804185e-08] - [-2.5031829260908643e-06, -2.2345881789861503e-06, -1.9658505054959137e-06, -2.5010431413278597e-06]
A2: [0.16665318262675566, -0.16668060383292826, -1.4516169344200949e-05, -1.3507576787182162e-05] - [0.16658218715373063, 0.33324611435111073, -9.036131793481371e-05, -8.457177612478193e-05] - [0.1666349714547988, 0.8333006300441265, -3.377844282457353e-05, -3.171780566254465e-05] - [7.088886316417727e-06, 7.305531356217247e-06, 7.501861930567103e-06, 7.088883263383901e-06]
B1: 0.16670579107457076 - 0.6666040156372841 - 0.16657839445159134 - 5.1484566680217816e-05
B2: 0.1666977515536624 - 0.6667054351136684 - 0.16671655290068665 - 3.1661316709618906e-05
