Number: 960
Error: 7.662128771780749e-06
A1: [6.894213836896355e-07, 6.394549740353644e-07, 1.0390453603326315e-06, 7.659867265948046e-07] - [0.20834394863615488, 0.33334290223473356, -0.04165613290312549, 1.0951741303070456e-05] - [0.16666810667767612, 0.6666679811328214, 0.16666841059383108, 1.53418288220707e-06] - [-1.8179580048742413e-06, -1.6228103121581053e-06, -1.4275508534164328e-06, -1.8164026828051417e-06]
A2: [0.1666511103264797, -0.16668276048790653, -1.670618736020486e-05, -1.5573436944948862e-05] - [0.1665821554530573, 0.33324601271625387, -9.035618504813594e-05, -8.457822413530237e-05] - [0.16663783288329298, 0.8333035658999945, -3.0733121058400994e-05, -2.8850191006615963e-05] - [5.156442754451251e-06, 5.314019470750357e-06, 5.456817243952467e-06, 5.156440190975559e-06]
B1: 0.16670936234938744 - 0.666617405815373 - 0.16658082200848612 - 5.148220262070527e-05
B2: 0.16670195975595983 - 0.6667121195740764 - 0.1667247763656444 - 3.571346658821322e-05
