Number: 2679
Error: 4.093799501056985e-06
A1: [-1.1009019971691936e-05, -1.0663543116355059e-05, -9.061124706985834e-06, -1.0783092567264765e-05] - [0.20830202899790304, 0.3333018040020141, -0.04169279808753153, -3.0308885873427933e-05] - [0.16665318071786797, 0.6666536927339176, 0.166655756054178, -1.3207184032243879e-05] - [-5.0892124820165185e-06, -4.543416771057644e-06, -3.997409982878709e-06, -5.084875536433891e-06]
A2: [0.16668983065990312, -0.16664276413921902, 2.4240616385296602e-05, 2.3116166270956893e-05] - [0.1666945961560789, 0.3333622115186155, 2.8436353779764907e-05, 2.774196960476939e-05] - [0.1666514880028384, 0.8333177044553443, -1.6356674599598683e-05, -1.522459687531091e-05] - [1.4385662364015953e-05, 1.482534469947404e-05, 1.5223828501407953e-05, 1.4385660074902597e-05]
B1: 0.16662671656664152 - 0.666572267754934 - 0.16667244291545008 - -1.3258182058844468e-05
B2: 0.16661768734058907 - 0.6665948562225281 - 0.16658153626404254 - -4.781426849103069e-05
