Number: 1280
Error: 7.48231275257066e-06
A1: [-4.2712380760012387e-07, -5.311210978697424e-07, -3.5289668893284024e-08, -3.2368749246594935e-07] - [0.20834106432621674, 0.33333959974595856, -0.04165918138735422, 8.1858277798393e-06] - [0.16666672290627632, 0.6666665585308752, 0.16666713460393714, 1.8357353433246906e-07] - [-2.4270486985772865e-06, -2.1666147450809905e-06, -1.9060410521635408e-06, -2.424973804732781e-06]
A2: [0.16665295277347406, -0.16668084308456763, -1.4759154656193572e-05, -1.3736714501997747e-05] - [0.16658218457283197, 0.33324610392682774, -9.035995422465072e-05, -8.457155111558272e-05] - [0.16663528946335535, 0.8333009563116619, -3.344002313419758e-05, -3.139910971775341e-05] - [6.874176537650002e-06, 7.084258633463831e-06, 7.274641207628249e-06, 6.874173524795078e-06]
B1: 0.16670618334566065 - 0.6666054990698811 - 0.1665786600185295 - 5.1479761396408744e-05
B2: 0.16669820642882618 - 0.666706173323849 - 0.16671747076932075 - 3.209885273495038e-05
