Number: 986
Error: 7.647420321160137e-06
A1: [5.871334263614889e-07, 5.321317230220156e-07, 9.388968429489045e-07, 6.658931426026908e-07] - [0.20834366770396923, 0.33334258472639605, -0.04165643237127294, 1.0680473468921183e-05] - [0.16666798255931112, 0.6666678532069654, 0.16666829392834207, 1.4127701799518175e-06] - [-1.867445402427497e-06, -1.666993074086671e-06, -1.4664265409515324e-06, -1.865847837626714e-06]
A2: [0.16665125799376274, -0.16668260663540027, -1.6549827254473443e-05, -1.5426234780228788e-05] - [0.16658215241080432, 0.3332460149654072, -9.036139198415508e-05, -8.458309014675383e-05] - [0.16663762556005457, 0.8333033532288814, -3.0953668534575856e-05, -2.9057960997614744e-05] - [5.296012418986407e-06, 5.457855308011105e-06, 5.6045193889622505e-06, 5.296009810590658e-06]
B1: 0.16670914531496248 - 0.6666164777214941 - 0.16658068376474325 - 5.152329546966051e-05
B2: 0.1667016913807757 - 0.6667116369790668 - 0.166724145315774 - 3.545636093050667e-05
