Number: 421
Error: 2.833521031071187e-06
A1: [-3.1952113852727535e-06, -2.4721819924196334e-06, -1.5524866711207916e-06, -3.1588161116556313e-06] - [0.20832212302448908, 0.3333248338276089, -0.04167157529141345, -1.1049999953579817e-05] - [0.16666287801411636, 0.6666636605156765, 0.1666646859339865, -3.7437989222991413e-06] - [-7.926463968691691e-07, -7.073938066466145e-07, -6.220866644059165e-07, -7.91967455698705e-07]
A2: [0.16667684498084057, -0.16665627790020326, 1.0518392183831156e-05, 1.0170854914603485e-05] - [0.1666944620113131, 0.33336164165757043, 2.8538281956370758e-05, 2.7766121853387032e-05] - [0.1666694557604767, 0.8333361394949933, 2.76523087576398e-06, 2.781942204688642e-06] - [2.2660615096657656e-06, 2.335288828791197e-06, 2.3980202863257984e-06, 2.2660601990497157e-06]
B1: 0.16664918389354466 - 0.6666563819798677 - 0.16668786592699802 - -1.3203742834416973e-05
B2: 0.16664440121278473 - 0.6666368426534032 - 0.16663290598326483 - -2.207860130035624e-05
