Number: 319
Error: 2.7728570131923976e-06
A1: [-2.8342125050507227e-06, -2.093981026815803e-06, -1.2049859187847788e-06, -2.806387394868151e-06] - [0.20832306221521066, 0.33332590630299214, -0.041670583795234875, -1.0148566565068253e-05] - [0.1666633237831549, 0.6666641186931282, 0.1666650974030487, -3.3086056645709546e-06] - [-5.985387335480254e-07, -5.340899334801108e-07, -4.6959897688285594e-07, -5.980259747477593e-07]
A2: [0.16667626574386363, -0.16665688087538932, 9.906098127708463e-06, 9.593441419982199e-06] - [0.1666944851632485, 0.3333616456964171, 2.857315427955762e-05, 2.779642319386495e-05] - [0.1666702745477887, 0.8333369795553079, 3.6364602769182e-06, 3.6024806344011722e-06] - [1.7184411679754796e-06, 1.7709294020596686e-06, 1.8184915683602337e-06, 1.7184401610646543e-06]
B1: 0.166649954978697 - 0.6666599600013948 - 0.166688362557012 - -1.3445046699630265e-05
B2: 0.1666457610059769 - 0.6666389157309944 - 0.16663542689553953 - -2.0762990710141476e-05
