Number: 2649
Error: 4.077448083306729e-06
A1: [-1.0926152927165014e-05, -1.0576824853381997e-05, -8.984639892381037e-06, -1.070272330310423e-05] - [0.20830221164777302, 0.3333020209656736, -0.04169260981717418, -3.013725028302939e-05] - [0.16665328840800492, 0.6666538028397678, 0.1666558511965149, -1.3102580801770411e-05] - [-5.032131378261871e-06, -4.492453721182742e-06, -3.952565649185985e-06, -5.02784278517081e-06]
A2: [0.16668965484220993, -0.16664294680251746, 2.405536319725305e-05, 2.2940885056802004e-05] - [0.16669458598976655, 0.33336219599960515, 2.8430224144085464e-05, 2.77339073492902e-05] - [0.1666517258591707, 0.83331794856879, -1.610338190658484e-05, -1.4986224949980188e-05] - [1.4224686139824998e-05, 1.4659448009052767e-05, 1.5053471769642125e-05, 1.4224683789132922e-05]
B1: 0.16662709120866573 - 0.6665734588978226 - 0.16667271904879433 - -1.318124083760105e-05
B2: 0.16661810478672262 - 0.6665954113636824 - 0.16658214727761825 - -4.740982660050958e-05
