Number: 1215
Error: 3.285699783663205e-06
A1: [-5.924122518758672e-06, -5.332270410295704e-06, -4.170888537503945e-06, -5.821093756936459e-06] - [0.20831513426232853, 0.33331681902591864, -0.04167894829542132, -1.7745157274920135e-05] - [0.1666594876989811, 0.6666601766318188, 0.16666156862315054, -7.051870399650896e-06] - [-2.303590836626603e-06, -2.0563938364276987e-06, -1.8090622742151046e-06, -2.3016211801619322e-06]
A2: [0.1666814103928138, -0.16665152726780252, 1.5341853972182205e-05, 1.4722071793306294e-05] - [0.16669449699701663, 0.33336182811955045, 2.8486836746602695e-05, 2.7745448954723346e-05] - [0.1666631327728927, 0.833329651810179, -3.964332402396642e-06, -3.554679193587697e-06] - [6.528396011166567e-06, 6.727909447907238e-06, 6.90871371289615e-06, 6.528393068303828e-06]
B1: 0.16664159194979203 - 0.6666270957922437 - 0.16668272025835607 - -1.2914346322112635e-05
B2: 0.16663460051299178 - 0.6666217330260794 - 0.16661456294829102 - -3.153534139548419e-05
