Number: 2520
Error: 6.795669266253418e-06
A1: [-4.747487256256392e-06, -5.060871066394973e-06, -4.192172589315809e-06, -4.539940062801192e-06] - [0.2083299113199377, 0.3333268262142199, -0.04167097086218002, -2.5084352054674285e-06] - [0.16666136660628345, 0.666661051762656, 0.16666219585359243, -5.044246542912487e-06] - [-4.787080147499888e-06, -4.273664748755933e-06, -3.7600423384913457e-06, -4.782999209120527e-06]
A2: [0.1666600861953131, -0.1666734190544228, -7.220139289523619e-06, -6.625475102809652e-06] - [0.16658227675966938, 0.33324643750188326, -9.039363908804008e-05, -8.456635426939734e-05] - [0.16662542884958492, 0.8332908395173076, -4.39337103514078e-05, -4.128103685831585e-05] - [1.3529425470005094e-05, 1.3942934535486545e-05, 1.431769430020378e-05, 1.3529422878604869e-05]
B1: 0.16669360806294986 - 0.666559091687315 - 0.16656999669815825 - 5.121306444661573e-05
B2: 0.16668391751112668 - 0.6666834037482262 - 0.16668945070926747 - 1.8347480806650698e-05
