Number: 2345
Error: 3.9108316422087285e-06
A1: [-9.853166575847595e-06, -9.45170895823e-06, -7.950127607861107e-06, -9.655271835789003e-06] - [0.2083050019623014, 0.33330521176718453, -0.041689657031464385, -2.7459448277672658e-05] - [0.1666546153540965, 0.6666551675079981, 0.1666570774657976, -1.1807142025741098e-05] - [-4.453730664413775e-06, -3.976057320960766e-06, -3.4981824039783684e-06, -4.4499323879543285e-06]
A2: [0.1666879119531044, -0.16664476103318987, 2.2212806206624097e-05, 2.1203430539341564e-05] - [0.1666945830056084, 0.3333621335861012, 2.8457460025551088e-05, 2.7752237119908996e-05] - [0.16665414721660102, 0.833320432703961, -1.3526902268972778e-05, -1.2559644754732697e-05] - [1.2593284480913315e-05, 1.297818048831121e-05, 1.3327005300047076e-05, 1.2593281619565625e-05]
B1: 0.1666301252645842 - 0.6665847986186635 - 0.16667481810054036 - -1.3164580722539309e-05
B2: 0.16662154140046803 - 0.666600970407694 - 0.1665890398040321 - -4.4104914258693176e-05
