Number: 3055
Error: 4.298962382606858e-06
A1: [-1.233354304578287e-05, -1.2052392612207816e-05, -1.033776937061337e-05, -1.2076036718151087e-05] - [0.20829858819547298, 0.33329786844373843, -0.04169643869285862, -3.3610541089669054e-05] - [0.16665154211493524, 0.6666520076199083, 0.1666542422482116, -1.4806822437904276e-05] - [-5.804576048047465e-06, -5.182091207597437e-06, -4.5593901787921694e-06, -5.799633690919607e-06]
A2: [0.1666919842688674, -0.16664052231941745, 2.6517449620668924e-05, 2.5263053517037602e-05] - [0.16669459147774016, 0.333362280281593, 2.839418449691899e-05, 2.7710927958590466e-05] - [0.16664849095957404, 0.8333146297587641, -1.954559361823326e-05, -1.822810070152769e-05] - [1.640330593493259e-05, 1.6904659854410952e-05, 1.7359045530827014e-05, 1.6403304589103704e-05]
B1: 0.16662296259623777 - 0.6665582346240906 - 0.1666698319882667 - -1.3280233903469518e-05
B2: 0.16661343560983602 - 0.6665879873876244 - 0.16657302657743978 - -5.1903100179779193e-05
