Number: 1087
Error: 3.2140650646818642e-06
A1: [-5.487106784684277e-06, -4.874170171464213e-06, -3.751810431078479e-06, -5.3948168709652195e-06] - [0.2083162494770292, 0.3333180993714921, -0.041677771683292016, -1.6677262790880097e-05] - [0.16666003144051475, 0.6666607353807669, 0.1666620682052338, -6.521383889902133e-06] - [-2.0600197693553767e-06, -1.8389297141594733e-06, -1.6177161111689497e-06, -2.0582578554137705e-06]
A2: [0.1666806719690204, -0.1666522955874598, 1.456176310517469e-05, 1.3985936391595403e-05] - [0.16669448172982826, 0.33336178824919094, 2.84851627641994e-05, 2.773915490211227e-05] - [0.16666414975853594, 0.8333306952924412, -2.8819034970359707e-06, -2.535495390988822e-06] - [5.841320077224679e-06, 6.019831837522152e-06, 6.181602549032536e-06, 5.841317305235799e-06]
B1: 0.1666428975433875 - 0.6666318914218995 - 0.16668361715748284 - -1.2879313992179462e-05
B2: 0.1666361302609927 - 0.6666241100991535 - 0.16661745251690704 - -3.0061044996075695e-05
