Number: 1210
Error: 7.521515002012205e-06
A1: [-1.7770608887090495e-07, -2.695845003264482e-07, 2.0549417397978325e-07, -8.015268485460498e-08] - [0.20834171613511224, 0.3333403442363328, -0.04165849125489253, 8.811717650316757e-06] - [0.16666703084709708, 0.6666668752675955, 0.16666741957182232, 4.842552959142017e-07] - [-2.2938129665828296e-06, -2.0476604112871903e-06, -1.8013738586484309e-06, -2.291851661147544e-06]
A2: [0.16665255053598066, -0.16668126176783707, -1.5184370503107871e-05, -1.4137699752665907e-05] - [0.16658218009855327, 0.33324608573265646, -9.03575136925595e-05, -8.457111509037603e-05] - [0.16663584599144357, 0.8333015272945558, -3.2847772554576185e-05, -3.0841378722426045e-05] - [6.498430635860411e-06, 6.697027456780336e-06, 6.877000976822029e-06, 6.49842770189882e-06]
B1: 0.16670686797631296 - 0.6666080932842555 - 0.16657912300020883 - 5.14695067527106e-05
B2: 0.1666990041385719 - 0.6667074669192938 - 0.16671907881292133 - 3.286621908664506e-05
