Number: 2304
Error: 6.914470650245837e-06
A1: [-3.992707159513646e-06, -4.269487743841982e-06, -3.465605210511603e-06, -3.8032965491671405e-06] - [0.20833186303932916, 0.3333290607525059, -0.04166890719199916, -6.366320391586864e-07] - [0.16666230187398687, 0.6666620133751767, 0.16666305866709408, -4.131359323161822e-06] - [-4.3760003861756785e-06, -3.906652455618246e-06, -3.437104569508704e-06, -4.372268060209149e-06]
A2: [0.16665884574660728, -0.16667471014495366, -8.531285124687126e-06, -7.862059794147871e-06] - [0.16658226831675052, 0.33324638694423814, -9.038030241959692e-05, -8.455964308500021e-05] - [0.1666271482359181, 0.8332926035173799, -4.210406953920864e-05, -3.955793723085798e-05] - [1.237023693048282e-05, 1.274831398620857e-05, 1.3090958082412762e-05, 1.2370234017652551e-05]
B1: 0.1666957921426255 - 0.6665671740432154 - 0.1665715097720285 - 5.1253150267366305e-05
B2: 0.16668638782296263 - 0.6666873583027007 - 0.1666943272286949 - 2.072415229997763e-05
