Number: 1165
Error: 3.2577289979571114e-06
A1: [-5.745937857026152e-06, -5.145427913470093e-06, -3.998867436754929e-06, -5.647111106270845e-06] - [0.20831560000394805, 0.3333173509699679, -0.04167845517453635, -1.7297928919295695e-05] - [0.16665970765405755, 0.6666604028752626, 0.1666617721806584, -6.837100267955206e-06] - [-2.2084464709741126e-06, -1.971447706347673e-06, -1.7343185980180335e-06, -2.2065579487173574e-06]
A2: [0.16668112320322154, -0.16665182619968866, 1.5038256185920084e-05, 1.4435776049178343e-05] - [0.16669449428241004, 0.3333618156236599, 2.848908089171473e-05, 2.7746239285314343e-05] - [0.16666353039618817, 0.8333300597624811, -3.541189104756494e-06, -3.1561972821781374e-06] - [6.260005147188159e-06, 6.451314757697088e-06, 6.624683970400555e-06, 6.2600022667513036e-06]
B1: 0.16664207867497063 - 0.6666289468452878 - 0.16668304940829762 - -1.2923954500353456e-05
B2: 0.16663517140032202 - 0.666622658212063 - 0.16661571292951077 - -3.098611306082148e-05
