Number: 1706
Error: 7.24502732872417e-06
A1: [-1.9062454360895489e-06, -2.0818663328801034e-06, -1.457617408541254e-06, -1.7670454071198224e-06] - [0.20833725355131416, 0.333335233509321, -0.04166320826315105, 4.532637256649254e-06] - [0.16666488797919635, 0.666664672228101, 0.16666544377870202, -1.6072163045109873e-06] - [-3.2378693692236422e-06, -2.8905236374022697e-06, -2.543007728388987e-06, -3.2351040012467358e-06]
A2: [0.1666554067533636, -0.1666782893200462, -1.216594960563519e-05, -1.1290355391315344e-05] - [0.16658222748635557, 0.33324622959461536, -9.036065178278717e-05, -8.455852128434192e-05] - [0.1666319042923444, 0.8332974830999378, -3.704274584733325e-05, -3.4791601894386314e-05] - [9.160752782912662e-06, 9.440727595734765e-06, 9.69445522054141e-06, 9.160749525904757e-06]
B1: 0.1667018571305114 - 0.6665895567444702 - 0.16657569231510438 - 5.1382257426865784e-05
B2: 0.16669325487326714 - 0.6666983244885171 - 0.16670783532014588 - 2.733196501587343e-05
