Number: 2511
Error: 4.001866680267816e-06
A1: [-1.042993710186579e-05, -1.0056431858774795e-05, -8.504862719530307e-06, -1.0218107629368267e-05] - [0.2083035151066246, 0.333303508292758, -0.04169122846797789, -2.8884901201266566e-05] - [0.16665390000315286, 0.6666544320778689, 0.16665641812884177, -1.2505296949463086e-05] - [-4.769571301221823e-06, -4.2580406204863715e-06, -3.7463030583440287e-06, -4.765505199685519e-06]
A2: [0.16668886541580122, -0.16664376869112646, 2.3220534112546852e-05, 2.2153925594400048e-05] - [0.16669458944807283, 0.33336217227685566, 2.8446980633589934e-05, 2.7747040898995755e-05] - [0.16665282568153375, 0.8333190768642303, -1.4933193438604931e-05, -1.3884031723236496e-05] - [1.3484122434196128e-05, 1.3896248067986268e-05, 1.4269753932046827e-05, 1.3484119825981985e-05]
B1: 0.16662843813364683 - 0.666578578034538 - 0.1666736453365849 - -1.3204070833638127e-05
B2: 0.1666196328700883 - 0.6665979314063412 - 0.16658530271309097 - -4.594152625725853e-05
