Number: 454
Error: 7.952574511550278e-06
A1: [2.4102644589525572e-06, 2.4427167934241413e-06, 2.6870982847502774e-06, 2.4443815363238857e-06] - [0.208348327993178, 0.3333479308134334, -0.04165151801639734, 1.514405502468149e-05] - [0.1666702489308908, 0.6666701818057635, 0.16667037643382604, 3.6240390405366992e-06] - [-8.547783810016506e-07, -7.628650422753889e-07, -6.708934148525862e-07, -8.540462823649302e-07]
A2: [0.16664819914391246, -0.1666857895096806, -1.9781379850130336e-05, -1.847556752322433e-05] - [0.16658213138995678, 0.333245892711127, -9.032382966096076e-05, -8.456679516434168e-05] - [0.16664186337327824, 0.8333077014496743, -2.6443292220278493e-05, -2.48110072859703e-05] - [2.4400926241764235e-06, 2.5146392199403867e-06, 2.5821911367103083e-06, 2.4400912233905035e-06]
B1: 0.16671417595413707 - 0.6666360478801148 - 0.1665840819057931 - 5.127312790264188e-05
B2: 0.16670834697462059 - 0.6667218322193184 - 0.1667364873978485 - 4.188134907043541e-05
