Number: 294
Error: 8.047883707641051e-06
A1: [2.9600466903840704e-06, 3.0185496344828175e-06, 3.213839526467836e-06, 2.9807358490847296e-06] - [0.20834973460582426, 0.33334954276323847, -0.04165003683585527, 1.6491502795118466e-05] - [0.16667093160159765, 0.666670882985448, 0.1666710033885353, 4.2901357655396284e-06] - [-5.502017437884589e-07, -4.909320741971644e-07, -4.3162353388121295e-07, -5.497303998325164e-07]
A2: [0.16664728736529982, -0.16668673839660383, -2.074473530139156e-05, -1.938448384285807e-05] - [0.16658215882493813, 0.333245890483974, -9.027729664801959e-05, -8.452813786430247e-05] - [0.16664314659461538, 0.8333090180756737, -2.507772246578687e-05, -2.3525037242582806e-05] - [1.5811325611376412e-06, 1.629423439583681e-06, 1.6731819003949527e-06, 1.5811316356353932e-06]
B1: 0.16671544408340655 - 0.6666417155003 - 0.1665849122186243 - 5.09532010987629e-05
B2: 0.16671053531076654 - 0.6667250879260017 - 0.1667403909734719 - 4.400033195312289e-05
