Number: 1912
Error: 7.130861830497909e-06
A1: [-2.625514724803747e-06, -2.836010816558846e-06, -2.1499068725550555e-06, -2.469017220928529e-06] - [0.20833539454396696, 0.3333331049268235, -0.04166517372143809, 2.7498468283934565e-06] - [0.1666639965897443, 0.6666637557518864, 0.16666462157916354, -2.4772596801054288e-06] - [-3.6299424592145197e-06, -3.2405690991132404e-06, -2.8510136014730853e-06, -3.6268436901481474e-06]
A2: [0.16665659199116656, -0.16667705578795358, -1.0913299813025814e-05, -1.0108802738991512e-05] - [0.1665822437838133, 0.33324628603697565, -9.036518006955706e-05, -8.455667521727753e-05] - [0.1666302664924162, 0.8332958027472076, -3.878570531142866e-05, -3.6432942483088026e-05] - [1.0266402294919389e-05, 1.0580172860398196e-05, 1.086453117509498e-05, 1.0266399065854546e-05]
B1: 0.16669976958779 - 0.6665818496918299 - 0.1665742567243208 - 5.13395503104176e-05
B2: 0.16669088718796862 - 0.6666945431364067 - 0.16670317665595305 - 2.5053580936571315e-05
