Number: 2329
Error: 3.90208457172405e-06
A1: [-9.810568601269236e-06, -9.407146240472131e-06, -7.911112199092254e-06, -9.614004525845085e-06] - [0.20830509293981708, 0.3333053206851427, -0.041689563777376266, -2.737433899784274e-05] - [0.16665467117470906, 0.6666552245264907, 0.16665712641273198, -1.1752966313592578e-05] - [-4.423286464046864e-06, -3.948876057626626e-06, -3.4742646510235718e-06, -4.41951401457381e-06]
A2: [0.16668781780757996, -0.1666448588166339, 2.211365560642595e-05, 2.1109571149470936e-05] - [0.16669457647471597, 0.33336212423486156, 2.8453153754176973e-05, 2.7746828387969645e-05] - [0.16665427389278012, 0.8333205627213401, -1.33919848583965e-05, -1.2432693612070417e-05] - [1.2507426018030737e-05, 1.2889697630063198e-05, 1.3236143698505626e-05, 1.2507423135515842e-05]
B1: 0.16663033084885395 - 0.666585439148754 - 0.1666749700794448 - -1.311777035021251e-05
B2: 0.16662176957650948 - 0.6666012670398492 - 0.16658936098059005 - -4.3883673954493e-05
