Number: 343
Error: 2.7872706837651025e-06
A1: [-2.9347322188291485e-06, -2.1994134166406805e-06, -1.3040594352499555e-06, -2.904875672119356e-06] - [0.20832277851783515, 0.3333255877573831, -0.04167088677242834, -1.0423319816322224e-05] - [0.16666320316652525, 0.6666639942808097, 0.16666498310536224, -3.4267188042826284e-06] - [-6.442116493014419e-07, -5.748674725559046e-07, -5.054781757514849e-07, -6.436597803620011e-07]
A2: [0.16667639913636315, -0.16665674177192774, 1.0047527845344508e-05, 9.726404976878402e-06] - [0.1666944717570388, 0.3333616371093279, 2.8557657769552413e-05, 2.778133521629676e-05] - [0.16667008082399487, 0.8333367808619575, 3.4304725671619626e-06, 3.4083449245707155e-06] - [1.8473026795460253e-06, 1.903729810315894e-06, 1.9548614703707043e-06, 1.8473015994353593e-06]
B1: 0.1666498318860394 - 0.6666591733324412 - 0.16668829781301708 - -1.33298919213242e-05
B2: 0.16664548851348243 - 0.6666384268987473 - 0.16663478153451433 - -2.102509064692307e-05
