Number: 829
Error: 3.068618292834601e-06
A1: [-4.5862511000959795e-06, -3.929762640083244e-06, -2.885006613244766e-06, -4.5156262152356746e-06] - [0.20831857765551662, 0.33332076464874694, -0.04167531124555972, -1.4444541905832717e-05] - [0.16666114753306768, 0.6666618827960764, 0.16666309742987165, -5.4320286179750296e-06] - [-1.5690635567043497e-06, -1.4005958289620824e-06, -1.232028917362579e-06, -1.5677207555689008e-06]
A2: [0.16667918796953038, -0.1666538399728553, 1.299351240603988e-05, 1.2506549305271023e-05] - [0.16669446424698295, 0.33336172090338595, 2.8494493596922926e-05, 2.7739757518369782e-05] - [0.1666662018263801, 0.8333328007568508, -6.979566207868509e-07, -4.789973069404761e-07] - [4.456367171366487e-06, 4.592545356156249e-06, 4.7159504222883344e-06, 4.456364853393858e-06]
B1: 0.16664541428344404 - 0.6666414494857011 - 0.16668532330700814 - -1.2923603643211735e-05
B2: 0.16663918847461265 - 0.6666289381401403 - 0.16662337874711672 - -2.711459446275803e-05
