Number: 1485
Error: 3.4361060645933944e-06
A1: [-6.862119967623902e-06, -6.315689917317749e-06, -5.072945077381129e-06, -6.736423890012879e-06] - [0.20831271661952433, 0.33331404925072483, -0.04168150307287624, -2.006292255960922e-05] - [0.16665832435575542, 0.6666589806788233, 0.1666604965163729, -8.187239072940377e-06] - [-2.817363198991834e-06, -2.5150964446355946e-06, -2.2126741974614236e-06, -2.8149557438994565e-06]
A2: [0.16668296534876853, -0.16664990909096603, 1.6985027696801386e-05, 1.6272200800380463e-05] - [0.1666945227523089, 0.3333619062281783, 2.8484847878132295e-05, 2.775227650860543e-05] - [0.16666098697486778, 0.8333274501887302, -6.248038574050843e-06, -5.705114161891675e-06] - [7.977648164305634e-06, 8.221460416404404e-06, 8.44241293949404e-06, 7.977644980710272e-06]
B1: 0.16663886443268033 - 0.6666170049895491 - 0.16668085159335405 - -1.2961748834963832e-05
B2: 0.16663145469090382 - 0.6666167492469467 - 0.16660844461176824 - -3.456419746477889e-05
