Number: 513
Error: 2.8873585466863684e-06
A1: [-3.49581791554284e-06, -2.7869793939599525e-06, -1.8382700966953842e-06, -3.451716655830992e-06] - [0.20832137638200346, 0.333323972325488, -0.041672358399351794, -1.1762682951427379e-05] - [0.16666250110794217, 0.666663273768509, 0.16666434266521987, -4.111190355038215e-06] - [-9.67722523391794e-07, -8.637062090796726e-07, -7.596246008901605e-07, -9.668937691502583e-07]
A2: [0.16667737364709892, -0.1666557279854175, 1.1076532880657938e-05, 1.0697876283864548e-05] - [0.16669446044264727, 0.3333616569674987, 2.8525365733708132e-05, 2.7758103926323724e-05] - [0.16666872065516186, 0.8333353851833936, 1.982776610451385e-06, 2.0452572300032837e-06] - [2.7599667194585675e-06, 2.844291219559042e-06, 2.9207041593464456e-06, 2.759965151991351e-06]
B1: 0.16664834873502193 - 0.6666530253048293 - 0.16668729871849466 - -1.3125795302615275e-05
B2: 0.1666431350343481 - 0.6666350106330607 - 0.16663075163101224 - -2.3304923070351295e-05
