Number: 1126
Error: 7.568632183147405e-06
A1: [1.1205299320909962e-07, 3.4175528290080604e-08, 4.838090482714005e-07, 2.0255599010800877e-07] - [0.20834245985317323, 0.3333411969918393, -0.04165770590927476, 9.524369557849667e-06] - [0.166667390724022, 0.6666672451528843, 0.1666677507872953, 8.354304692429637e-07] - [-2.1339268803524548e-06, -1.904911918922145e-06, -1.675770128309055e-06, -2.1321019320675967e-06]
A2: [0.16665206625832604, -0.1666817656964295, -1.5696050087165244e-05, -1.4620474712601563e-05] - [0.16658217067167894, 0.33324606006862134, -9.035817896395458e-05, -8.457464965307628e-05] - [0.1666365133852818, 0.8333022120634007, -3.213745218757881e-05, -3.017254143258561e-05] - [6.047529394009259e-06, 6.232343674486014e-06, 6.399826234468836e-06, 6.047526569119774e-06]
B1: 0.16670771701825415 - 0.6666112326079936 - 0.16657970359494942 - 5.148471022233271e-05
B2: 0.16669999757895826 - 0.6667090256357705 - 0.1667209834355065 - 3.382324683954592e-05
