Number: 1608
Error: 7.299434133855093e-06
A1: [-1.5763726874348315e-06, -1.7360961117230495e-06, -1.1419675115727245e-06, -1.4453899001093561e-06] - [0.20833808836028433, 0.3333361937685872, -0.04166232840179222, 5.331234811989416e-06] - [0.16666529959905496, 0.6666650950814292, 0.16666582107961278, -1.2057397471786118e-06] - [-3.0513434800214135e-06, -2.723991363401295e-06, -2.3964753887174843e-06, -3.0487368345376827e-06]
A2: [0.16665484060613353, -0.16667887833705922, -1.2763950332635386e-05, -1.1854749484956978e-05] - [0.16658221353883085, 0.33324619682972295, -9.036411500060164e-05, -8.456559400290135e-05] - [0.16663268262968967, 0.8332982817157218, -3.62143096634341e-05, -3.401158024316216e-05] - [8.634749266356415e-06, 8.898645989010797e-06, 9.137801503189289e-06, 8.63474602954006e-06]
B1: 0.16670288937879185 - 0.6665932600568074 - 0.1665764097484724 - 5.144174219782563e-05
B2: 0.16669442566047554 - 0.6667001294096053 - 0.16671001710583125 - 2.846026840320867e-05
