Number: 1213
Error: 3.2845949852292653e-06
A1: [-5.921789425902158e-06, -5.329860146869451e-06, -4.169340155519196e-06, -5.818924149611134e-06] - [0.2083151335845343, 0.3333168199121653, -0.04167895004568122, -1.774655710582031e-05] - [0.16665949165292493, 0.666660180565204, 0.16666157137713025, -7.048119214012084e-06] - [-2.299784898422104e-06, -2.0529956913620594e-06, -1.8060720891157833e-06, -2.2978184872243414e-06]
A2: [0.16668139808674734, -0.16665154000315133, 1.5328974699659203e-05, 1.4709801515711397e-05] - [0.16669449474569498, 0.3333618255831862, 2.848500266860421e-05, 2.7743337966845436e-05] - [0.16666314842851473, 0.8333296678917642, -3.947629449175448e-06, -3.538989193681257e-06] - [6.517662952460958e-06, 6.716848310982737e-06, 6.897355240535361e-06, 6.517660011979772e-06]
B1: 0.16664162725833223 - 0.6666271849575728 - 0.166682747833793 - -1.2898877781108024e-05
B2: 0.1666346396184463 - 0.6666217713598624 - 0.166614594506698 - -3.14971035050036e-05
