Number: 892
Error: 7.700574284184122e-06
A1: [9.127480881720075e-07, 8.734613252296116e-07, 1.2517981650414195e-06, 9.836165994667227e-07] - [0.2083445053516902, 0.3333435445883774, -0.04165554775094354, 1.1483351161700692e-05] - [0.1666683866153764, 0.666668268514096, 0.16666866601099228, 1.8070869209389945e-06] - [-1.6885209724519919e-06, -1.5072465204924998e-06, -1.3258668197353035e-06, -1.687076163436528e-06]
A2: [0.1666507166957084, -0.16668316991776086, -1.712177885490523e-05, -1.596585124398264e-05] - [0.16658214425285864, 0.33324598867887706, -9.035966944520522e-05, -8.458465451115556e-05] - [0.16663837295767178, 0.8333041200843462, -3.015820754998237e-05, -2.830894821394646e-05] - [4.791412093672395e-06, 4.937831006291962e-06, 5.0705168313004635e-06, 4.791409654757952e-06]
B1: 0.16671007049768152 - 0.6666199675736303 - 0.16658131190792053 - 5.1515369693753526e-05
B2: 0.16670281641928306 - 0.6667133986640239 - 0.16672629831794336 - 3.654065283240235e-05
