Number: 1984
Error: 7.0910355895403805e-06
A1: [-2.8771294208590468e-06, -3.0998280972490625e-06, -2.3921186296386485e-06, -2.714586074504294e-06] - [0.20833474390173667, 0.3333323600099756, -0.041665861679480276, 2.1258441547130475e-06] - [0.1666636848128133, 0.6666634351931724, 0.16666433395685795, -2.7815758160187755e-06] - [-3.7669756663648113e-06, -3.3629130619983315e-06, -2.958664562018919e-06, -3.7637604437196723e-06]
A2: [0.16665700605982822, -0.16667662483757084, -1.0475664832205551e-05, -9.696022088982888e-06] - [0.16658224881735417, 0.33324630510902625, -9.036740970780314e-05, -8.455669273899229e-05] - [0.16662969390900464, 0.8332952152922488, -3.939504095314277e-05, -3.700676346527763e-05] - [1.0652832706416935e-05, 1.0978415049245073e-05, 1.1273479087581529e-05, 1.0652829509599695e-05]
B1: 0.16669904037213346 - 0.6665791559535145 - 0.16657375448163417 - 5.1325027281590656e-05
B2: 0.16669006159983465 - 0.6666932227551675 - 0.16670154890502215 - 2.4259205174934144e-05
