Number: 38
Error: 8.207398728977769e-06
A1: [3.677187826812732e-06, 3.7674939112000145e-06, 3.874359361026645e-06, 3.676548187734248e-06] - [0.2083513286616101, 0.33335142580757, -0.041648402567057465, 1.799152482553319e-05] - [0.16667185864146114, 0.6666718297692329, 0.16667182153941631, 5.190814984309603e-06] - [-6.284117013551305e-08, -5.580099272479115e-08, -4.8755891730168326e-08, -6.278756761459396e-08]
A2: [0.16664581974924297, -0.16668826355229596, -2.2291184308270747e-05, -2.0847520226005685e-05] - [0.16658220912494096, 0.3332458987748441, -9.018555149743789e-05, -8.445988255731087e-05] - [0.16664521174084215, 0.8333111375614216, -2.2879063973183663e-05, -2.1455493362195356e-05] - [2.0678740866784372e-07, 2.1306873886889602e-07, 2.1875789714335813e-07, 2.0678733076470536e-07]
B1: 0.16671746778643193 - 0.6666508170098626 - 0.16658631246627734 - 5.043687138977337e-05
B2: 0.16671501494639657 - 0.666730764730284 - 0.16674656410252406 - 4.836899845352969e-05
