Number: 2808
Error: 6.637746853791559e-06
A1: [-5.753820952669046e-06, -6.116005238776629e-06, -5.160885402540289e-06, -5.52209232550298e-06] - [0.2083273091534653, 0.3333238469614677, -0.04167372229481856, -5.004048461885863e-06] - [0.16666011962292218, 0.6666597696537008, 0.16666104546972457, -6.261390630605156e-06] - [-5.335172130853229e-06, -4.763000302940577e-06, -4.190615097954877e-06, -5.330626915716143e-06]
A2: [0.1666617388346989, -0.16667169889552758, -5.473239351801349e-06, -4.977987721280833e-06] - [0.16658228311486947, 0.33324650000738243, -9.041632009826594e-05, -8.458020520227715e-05] - [0.1666231351289894, 0.8332884863118448, -4.637443633507671e-05, -4.357970893450508e-05] - [1.5074935868422407e-05, 1.5535685208439965e-05, 1.595326477680152e-05, 1.5074933868278948e-05]
B1: 0.16669069921419133 - 0.6665483149970142 - 0.16656797521790562 - 5.116281281022143e-05
B2: 0.1666806279175823 - 0.6666781352478285 - 0.16668295301217695 - 1.5182743365800398e-05
