Number: 2107
Error: 3.7799968397882246e-06
A1: [-9.024766317260272e-06, -8.58314829305321e-06, -7.153154554243449e-06, -8.846852114116392e-06] - [0.2083071395963346, 0.33330766030704345, -0.04168739747341636, -2.5409856210800044e-05] - [0.16665564245814254, 0.6666562234831336, 0.16665802442120162, -1.0804694810552795e-05] - [-4.0008897641719255e-06, -3.571759031684815e-06, -3.142436357745466e-06, -3.997475836231446e-06]
A2: [0.16668654430476332, -0.1666461844388106, 2.076732852080114e-05, 1.9840037008422734e-05] - [0.1666945710594742, 0.33336207536874596, 2.846970790244092e-05, 2.7756977294177005e-05] - [0.1666560411963913, 0.8333223758632498, -1.1511413262467973e-05, -1.066157638293438e-05] - [1.131600930789981e-05, 1.1661863645154011e-05, 1.1975301639707242e-05, 1.1316006191259258e-05]
B1: 0.16663254219663384 - 0.6665937131509774 - 0.16667649299108717 - -1.310997352114041e-05
B2: 0.16662427512576256 - 0.666605329470609 - 0.16659440453873922 - -4.1474298822292936e-05
