Number: 2146
Error: 7.0015419567956315e-06
A1: [-3.449240004492568e-06, -3.699730305556636e-06, -2.9437450666068416e-06, -3.2730879547713804e-06] - [0.20833325586923856, 0.33333065850493193, -0.04166743638385804, 6.977732892154169e-07] - [0.16666297727287668, 0.666662707554225, 0.16666368008292845, -3.4723235313390475e-06] - [-4.075295077864253e-06, -3.638181636669023e-06, -3.2008746438628536e-06, -4.071817977993136e-06]
A2: [0.16665793636354423, -0.16667565649987057, -9.492233141899798e-06, -8.768616393503477e-06] - [0.16658225623409714, 0.33324634424626565, -9.037605821005604e-05, -8.456064105489628e-05] - [0.1666284049806289, 0.833293892919315, -4.0766628027235e-05, -3.8298476484566516e-05] - [1.1522281818522277e-05, 1.1874440026565629e-05, 1.2193591653047657e-05, 1.1522278736729996e-05]
B1: 0.16669741986330422 - 0.6665731135091942 - 0.16657264104936945 - 5.13125772681662e-05
B2: 0.16668822578957002 - 0.6666902550089449 - 0.16669786990170418 - 2.249362263198955e-05
