Number: 2391
Error: 3.936114742967256e-06
A1: [-1.0026568395778244e-05, -9.633618747208601e-06, -8.118947006667179e-06, -9.82479918935526e-06] - [0.20830453527606557, 0.3333046819845856, -0.04169015329296461, -2.79090668631663e-05] - [0.1666544034099689, 0.6666549492294601, 0.16665687950367158, -1.2014307806069313e-05] - [-4.541251731349528e-06, -4.05419578101615e-06, -3.566936670941435e-06, -4.5373792195474e-06]
A2: [0.16668817389800358, -0.1666444881999385, 2.2490023952015325e-05, 2.1464553180320507e-05] - [0.16669457891333536, 0.33336213873108045, 2.8449298547583856e-05, 2.774492008390911e-05] - [0.16665378034890035, 0.8333200563664397, -1.3917181415670303e-05, -1.292730263134861e-05] - [1.284015322750621e-05, 1.3232595088132464e-05, 1.358825945081443e-05, 1.284015043009348e-05]
B1: 0.1666297023980457 - 0.6665831176005794 - 0.16667453400266843 - -1.3130832087134334e-05
B2: 0.1666210584965905 - 0.6666001319315975 - 0.1665879632357265 - -4.456789314303004e-05
