Number: 346
Error: 8.016604390614783e-06
A1: [2.778164363730862e-06, 2.8280502789949557e-06, 3.039144582445339e-06, 2.8032206573445548e-06] - [0.20834926463441972, 0.3333490054424167, -0.041650532270908196, 1.604077218660064e-05] - [0.16667070653393293, 0.6666706517459177, 0.16667079611603763, 4.070457731231207e-06] - [-6.4918969640528e-07, -5.793107860038419e-07, -5.093865530246803e-07, -6.486335822785533e-07]
A2: [0.16664758241315566, -0.16668643127951638, -2.0432903648969465e-05, -1.9090366231876817e-05] - [0.16658214543378458, 0.33324588673267147, -9.029688366866613e-05, -8.454517624651408e-05] - [0.16664272859015092, 0.8333085892054809, -2.552250598980584e-05, -2.394393502092137e-05] - [1.8602957320648704e-06, 1.9171197536276415e-06, 1.9686110836708464e-06, 1.8602946468772244e-06]
B1: 0.1667150636382584 - 0.6666399023222737 - 0.16658466827868815 - 5.108886700080983e-05
B2: 0.16670981832448908 - 0.666724014211787 - 0.16673909639890191 - 4.330588527235326e-05
