Number: 2168
Error: 6.989415364310252e-06
A1: [-3.522788610136597e-06, -3.776820505831855e-06, -3.014046913858001e-06, -3.3447924524482192e-06] - [0.20833307048664448, 0.33333044506857806, -0.041667631664655286, 5.205176091425304e-07] - [0.166662885376431, 0.6666626131632178, 0.16666359594401925, -3.56194359691492e-06] - [-4.117166270727217e-06, -3.6755645095544173e-06, -3.233768241742326e-06, -4.113653621297581e-06]
A2: [0.16665806338177458, -0.16667552435143076, -9.35807154120014e-06, -8.641991722310027e-06] - [0.16658225898784296, 0.33324635121609886, -9.037567418058789e-05, -8.455943073409808e-05] - [0.166628230132217, 0.8332937135180952, -4.0952724247322064e-05, -3.8473703070223916e-05] - [1.1640353030834423e-05, 1.1996120244341541e-05, 1.2318542999238663e-05, 1.1640349969244106e-05]
B1: 0.16669718601443329 - 0.6665722796946248 - 0.1665724771406397 - 5.1297094058430986e-05
B2: 0.16668796265322836 - 0.6666898510758935 - 0.16669738300945344 - 2.224002394915824e-05
