Number: 1276
Error: 7.484527347347681e-06
A1: [-4.224584605673082e-07, -5.263017100184746e-07, -3.2194415843114626e-08, -3.193491301489378e-07] - [0.2083410629574791, 0.3333396015051389, -0.04165918490169748, 8.183014911266015e-06] - [0.16666673081308955, 0.6666665663962671, 0.16666714011013603, 1.910748161613461e-07] - [-2.419433367357661e-06, -2.1598153872518336e-06, -1.900057990317731e-06, -2.4173649650966738e-06]
A2: [0.16665292815047536, -0.16668086856635805, -1.478492456983717e-05, -1.376126594187169e-05] - [0.1665821800425681, 0.33324609882602646, -9.036365112431213e-05, -8.457580078378643e-05] - [0.1666353207658283, 0.833300988465883, -3.3406626397316434e-05, -3.136773850578505e-05] - [6.852705605190221e-06, 7.062131396916581e-06, 7.2519191625780236e-06, 6.852702596542189e-06]
B1: 0.16670625406464432 - 0.6666056774893746 - 0.1665787152358943 - 5.1510798583287836e-05
B2: 0.166698284638287 - 0.6667062499772504 - 0.1667175338613391 - 3.2175327493180086e-05
