Number: 1331
Error: 3.3504160073256527e-06
A1: [-6.323071089071172e-06, -5.7505017161444845e-06, -4.55393160998595e-06, -6.210307577558689e-06] - [0.2083141118703029, 0.3333156462812524, -0.04168002773604171, -1.8724654391122686e-05] - [0.16665899198397455, 0.66665966714076, 0.16666111257502608, -7.535570467608365e-06] - [-2.5243245101080605e-06, -2.2534680192748167e-06, -1.982467592434703e-06, -2.5221666945925058e-06]
A2: [0.16668207916303882, -0.16665083137294912, 1.6048449254894228e-05, 1.5388768187227953e-05] - [0.16669450991436077, 0.33336186342745555, 2.8487625316075545e-05, 2.7750234348241357e-05] - [0.16666221108867837, 0.8333287061286174, -4.945294398382592e-06, -4.478355552040457e-06] - [7.151044952388521e-06, 7.369590714798815e-06, 7.567643946832803e-06, 7.151041886156338e-06]
B1: 0.16664041010587008 - 0.6666227510509491 - 0.16668190862121218 - -1.294474047468579e-05
B2: 0.16663323179873538 - 0.6666195873041503 - 0.16661194312798563 - -3.28538028451149e-05
