Number: 129
Error: 2.6563830923972014e-06
A1: [-2.2221863138168687e-06, -1.4536676978479073e-06, -6.256157767464495e-07, -2.2102672631447395e-06] - [0.20832456741952998, 0.3333276447596591, -0.041669011204306765, -8.713459958171495e-06] - [0.16666409260977025, 0.6666649068900634, 0.16666579484885885, -2.5594203771864905e-06] - [-2.3696634093641718e-07, -2.1126749636635235e-07, -1.855510367510495e-07, -2.3676338961968774e-07]
A2: [0.16667518566623907, -0.1666580044385121, 8.7659146384048e-06, 8.516760911783978e-06] - [0.16669453965904277, 0.3333616668199402, 2.8653925617648783e-05, 2.786423797583213e-05] - [0.16667180652709307, 0.8333385515432042, 5.266876017959714e-06, 5.1377220885472456e-06] - [6.98345780503821e-07, 7.196527579798556e-07, 7.389581771924256e-07, 6.983453877228773e-07]
B1: 0.16665132701243973 - 0.6666665821603808 - 0.16668926627136105 - -1.3958471422770982e-05
B2: 0.16664870659209335 - 0.6666429997652142 - 0.1666401436058602 - -1.789971750275854e-05
