Number: 496
Error: 7.927939871921202e-06
A1: [2.264717004153534e-06, 2.290224005841939e-06, 2.547384779212499e-06, 2.302360088592261e-06] - [0.20834795370267234, 0.33334750220188203, -0.04165191272149144, 1.4785300196172528e-05] - [0.16667006843783594, 0.6666699963514784, 0.16667021036054347, 3.447897847123678e-06] - [-9.347282082967297e-07, -8.3424592994426e-07, -7.337004751230264e-07, -9.339276992363693e-07]
A2: [0.16664843921260933, -0.16668553966634383, -1.952770665770933e-05, -1.823625017794599e-05] - [0.16658212753911383, 0.33324589676679484, -9.033246204095068e-05, -8.4573591902213e-05] - [0.16664152747632355, 0.8333073568103879, -2.6800755396834078e-05, -2.5147625799462108e-05] - [2.665567567237891e-06, 2.747006220493148e-06, 2.8208039121116054e-06, 2.6655660497411576e-06]
B1: 0.16671381976897393 - 0.6666345397535843 - 0.1665838464797555 - 5.1333830724866464e-05
B2: 0.1667077983676215 - 0.6667209993932061 - 0.16673548016381864 - 4.135094736389957e-05
