Number: 657
Error: 2.9705705454856893e-06
A1: [-4.000993750538599e-06, -3.3164221518447795e-06, -2.324355020877177e-06, -3.944797788520379e-06] - [0.20832006785298657, 0.3333224757690361, -0.04167374049827942, -1.301792402937582e-05] - [0.16666187600190846, 0.6666626311972864, 0.1666637660841536, -4.72137031460359e-06] - [-1.241753184198731e-06, -1.1083664780338188e-06, -9.748984685453843e-07, -1.2406900811529671e-06]
A2: [0.1666781978166073, -0.16665487019828898, 1.1947564435931153e-05, 1.151947143556357e-05] - [0.16669445342984918, 0.33336167740933925, 2.8502681506764507e-05, 2.7740997460296463e-05] - [0.16666757109015976, 0.833334205715467, 7.594172106881239e-07, 8.932198588421947e-07] - [3.533030087183389e-06, 3.6409847428444926e-06, 3.7388122105788176e-06, 3.5330281518193477e-06]
B1: 0.1666470770681235 - 0.6666478104944141 - 0.1666864535382801 - -1.2968104677553696e-05
B2: 0.16664133379673193 - 0.6666322151210295 - 0.16662733675972705 - -2.5043783451608287e-05
