Number: 1604
Error: 7.301632492755541e-06
A1: [-1.5717133482722782e-06, -1.7312823046041835e-06, -1.138877341140395e-06, -1.4410575287714917e-06] - [0.2083380869695128, 0.33333619550736465, -0.04166233193472038, 5.328399958548411e-06] - [0.16666530750101677, 0.66666510294235, 0.16666582658186554, -1.1982432881944145e-06] - [-3.0437282099160898e-06, -2.7171920509884288e-06, -2.390492301110618e-06, -3.041128046366987e-06]
A2: [0.16665481598484763, -0.16667890381752581, -1.2789719318614034e-05, -1.1879299211969806e-05] - [0.16658220900904663, 0.3332461917276433, -9.036781486107748e-05, -8.456984317859331e-05] - [0.16663271393149354, 0.8332983138688074, -3.618091447636805e-05, -3.398020969249745e-05] - [8.613279643798967e-06, 8.87652010368207e-06, 9.115080826832083e-06, 8.613276408225261e-06]
B1: 0.16670296062489914 - 0.6665934389975634 - 0.1665764654876843 - 5.147330714804608e-05
B2: 0.16669450337064576 - 0.6667002055496133 - 0.16671007967049575 - 2.853624369476513e-05
