Number: 2861
Error: 4.193221834463884e-06
A1: [-1.1652317277164812e-05, -1.133810020615946e-05, -9.68149199247927e-06, -1.1411102094029331e-05] - [0.20830035476277886, 0.3332998897909482, -0.04169457001936367, -3.1915759060071764e-05] - [0.1666523853690928, 0.6666528747482544, 0.16665502086727949, -1.3983669893561875e-05] - [-5.435482093806967e-06, -4.852565466588815e-06, -4.269434549276317e-06, -5.430851972471442e-06]
A2: [0.16669087306218835, -0.16664167901974153, 2.5342703376068255e-05, 2.4155314971278898e-05] - [0.16669459419600285, 0.33336224515765395, 2.8416347916287475e-05, 2.7727248789435614e-05] - [0.166650037507624, 0.8333162163788278, -1.7900033149874872e-05, -1.6678219159251723e-05] - [1.5362306766866266e-05, 1.5831841385084687e-05, 1.6257384362288322e-05, 1.5362304894886858e-05]
B1: 0.16662490528972618 - 0.6665654815116928 - 0.16667118617680582 - -1.3263030415035492e-05
B2: 0.16661563608116625 - 0.6665915314096839 - 0.16657741006980217 - -4.978667905197962e-05
