Number: 3073
Error: 4.30877515022668e-06
A1: [-1.2402430085911313e-05, -1.2124666751936527e-05, -1.0404979682878879e-05, -1.214340677990789e-05] - [0.2082984014074241, 0.33329765673090495, -0.04169663752514714, -3.3790646770232315e-05] - [0.1666514581355516, 0.6666519211028301, 0.16665416362072139, -1.4888931260877237e-05] - [-5.838820593810355e-06, -5.212664278732441e-06, -4.586291678705056e-06, -5.8338492814155005e-06]
A2: [0.16669208637212485, -0.16664041594715387, 2.662554701105093e-05, 2.5364835032097833e-05] - [0.1666945885805135, 0.3333622810218445, 2.8389743631291394e-05, 2.7706768784889124e-05] - [0.16664834714434576, 0.8333144822408247, -1.9698563853795428e-05, -1.8372225194612462e-05] - [1.649989458832129e-05, 1.700420083517205e-05, 1.7461262685329266e-05, 1.6499893295598532e-05]
B1: 0.16662280103468152 - 0.6665575799990826 - 0.16666972318027085 - -1.326312743743979e-05
B2: 0.1666132509680626 - 0.6665876603776151 - 0.1665726029901201 - -5.207994531166116e-05
