Number: 2229
Error: 3.847123841075114e-06
A1: [-9.454447203998985e-06, -9.033698726154433e-06, -7.5672914499038716e-06, -9.266285985529804e-06] - [0.20830602354454333, 0.33330638374395527, -0.041688578301442264, -2.648075765322105e-05] - [0.16665511086838755, 0.6666556768080236, 0.1666575333451512, -1.1323640344674404e-05] - [-4.233019136328611e-06, -3.779005037294898e-06, -3.3247937617763633e-06, -4.229408137212559e-06]
A2: [0.16668724463716766, -0.16664545548215998, 2.1507644276227596e-05, 2.0538188411525082e-05] - [0.1666945754217104, 0.33336210356190277, 2.8461898230460616e-05, 2.7752786253579917e-05] - [0.1666550701914524, 0.8333213796621528, -1.2544676507890313e-05, -1.1634677073451529e-05] - [1.1970756880945231e-05, 1.2336624483736437e-05, 1.2668202111750963e-05, 1.1970753879306902e-05]
B1: 0.1666313195029791 - 0.6665891593500559 - 0.1666756498994678 - -1.3121707610902963e-05
B2: 0.1666228905495282 - 0.6666030960355552 - 0.1665916390213796 - -4.28060221446722e-05
