Number: 782
Error: 7.763115020064013e-06
A1: [1.3051860509056898e-06, 1.2849047211166719e-06, 1.6305892140008828e-06, 1.366809183820787e-06] - [0.20834553142119908, 0.3333447161593455, -0.04165446174632762, 1.2468688321803543e-05] - [0.16666887093681917, 0.6666687666269502, 0.16666911416584337, 2.2800001061711044e-06] - [-1.4791406322187915e-06, -1.3203085240772025e-06, -1.1613821423279803e-06, -1.4778746661666557e-06]
A2: [0.16665008567170228, -0.1666838267494003, -1.778884279883069e-05, -1.6594907431250747e-05] - [0.16658214176864697, 0.3332459647870573, -9.035099708612572e-05, -8.45794229357302e-05] - [0.16663924868769492, 0.8333050185686874, -2.922626764623731e-05, -2.7431328167767007e-05] - [4.200912189025294e-06, 4.329281449466287e-06, 4.445609617460013e-06, 4.2009099727962136e-06]
B1: 0.16671109808475187 - 0.6666239996846136 - 0.16658199847142285 - 5.145099649337484e-05
B2: 0.16670410882116196 - 0.6667154714850697 - 0.16672886635199077 - 3.778537357418891e-05
