Number: 2692
Error: 6.701271757571945e-06
A1: [-5.355154284662097e-06, -5.698057245156718e-06, -4.778119775406271e-06, -5.1331589329611596e-06] - [0.2083283304172701, 0.3333250186008728, -0.04167264392075471, -4.025676018702317e-06] - [0.16666061514713373, 0.666660278947874, 0.16666150133132962, -5.777878389980868e-06] - [-5.114412885974791e-06, -4.5659067055013154e-06, -4.0171892944766015e-06, -5.110054598996918e-06]
A2: [0.16666107222769697, -0.16667239264125208, -6.177696702531125e-06, -5.642519609830316e-06] - [0.1665822782578893, 0.3332464726829652, -9.040917792566405e-05, -8.457692350337326e-05] - [0.16662405880716985, 0.8332894339670963, -4.539151090836936e-05, -4.265403634881662e-05] - [1.445244897207098e-05, 1.4894171302617004e-05, 1.529450414747166e-05, 1.4452446711408007e-05]
B1: 0.16669189230137837 - 0.6665526765665246 - 0.1665688099237273 - 5.1204546989227926e-05
B2: 0.16668197500520437 - 0.6666802586273334 - 0.16668554957633497 - 1.6479540444609288e-05
