Number: 727
Error: 3.010582659701099e-06
A1: [-4.227005245322755e-06, -3.5531668243295823e-06, -2.538960615949377e-06, -4.164948693279661e-06] - [0.20831951043953906, 0.333321831245215, -0.04167432509413528, -1.3549509014355576e-05] - [0.16666159185028148, 0.6666623396355584, 0.16666350767957827, -4.9982852051253936e-06] - [-1.3749614416525779e-06, -1.2272979160563511e-06, -1.0795456492763971e-06, -1.3737844794387745e-06]
A2: [0.16667860259496842, -0.16665444922160244, 1.2374824405061853e-05, 1.1922998232905375e-05] - [0.166694462132618, 0.33336169911033736, 2.850303530293505e-05, 2.774479296821065e-05] - [0.16666701416712648, 0.8333336342252934, 1.6655363797956192e-07, 3.3509480301005965e-07] - [3.9088048047056875e-06, 4.028245732497227e-06, 4.1364825943153685e-06, 3.908802706046504e-06]
B1: 0.16664636913614522 - 0.6666451913890227 - 0.16668596414409806 - -1.298124946000333e-05
B2: 0.16664041203708882 - 0.6666308708168251 - 0.16662575542793792 - -2.5935216136537543e-05
