Number: 1032
Error: 7.621504773744306e-06
A1: [4.375176295245124e-07, 3.753668291363703e-07, 7.965844871531405e-07, 5.201296612658534e-07] - [0.2083432969563187, 0.333342156352051, -0.04165682174616617, 1.032670340923367e-05] - [0.16666779465490897, 0.6666676603441828, 0.16666812276487963, 1.22962237659779e-06] - [-1.95500521274785e-06, -1.745168075940609e-06, -1.535212492666876e-06, -1.9533329185055323e-06]
A2: [0.16665152462952468, -0.16668232932039828, -1.626835335777475e-05, -1.5160421925627443e-05] - [0.1665821611035169, 0.3332460323256672, -9.03579547493322e-05, -8.457762411437518e-05] - [0.16663726041555374, 0.8333029785394986, -3.134238116157094e-05, -2.9423895918122672e-05] - [5.542941374963908e-06, 5.71233207691105e-06, 5.865836547206756e-06, 5.542938690654237e-06]
B1: 0.16670865686302858 - 0.6666147359627906 - 0.1665803441449829 - 5.149144540768315e-05
B2: 0.1667011108540457 - 0.6667107752031347 - 0.16672312399267525 - 3.489577483425933e-05
