Number: 2738
Error: 6.676092190310342e-06
A1: [-5.504570556372548e-06, -5.854632280305888e-06, -4.92025601194101e-06, -5.27872375280185e-06] - [0.20832796038041124, 0.3333245908946994, -0.041673032680565415, -4.378737648319621e-06] - [0.1666604274140243, 0.6666600862466032, 0.16666133031115582, -5.960856491486853e-06] - [-5.2019582146278705e-06, -4.6440675198182785e-06, -4.085964675738287e-06, -5.197525786557561e-06]
A2: [0.16666133808315176, -0.16667211609713228, -5.896982001255054e-06, -5.377487048606103e-06] - [0.16658228416146287, 0.33324648730277273, -9.040842962362626e-05, -8.457424733136259e-05] - [0.16662369299932972, 0.8332890586277573, -4.578086137408125e-05, -4.3020635065543953e-05] - [1.469929868999773e-05, 1.5148566276605903e-05, 1.5555738373340388e-05, 1.4699296529044708e-05]
B1: 0.1666913905566893 - 0.6665509197151237 - 0.16656845302409357 - 5.1159351263469594e-05
B2: 0.16668141114877552 - 0.6666794139837436 - 0.16668454582879155 - 1.593562802843941e-05
