Number: 1371
Error: 3.3727030299198754e-06
A1: [-6.465581014711403e-06, -5.8999405353776965e-06, -4.691516272945909e-06, -6.349455982541834e-06] - [0.20831373941371215, 0.33331522085270276, -0.04168042211692943, -1.9082300626561874e-05] - [0.16665881605182153, 0.6666594861757255, 0.1666609497558584, -7.707354809990602e-06] - [-2.6004387821647924e-06, -2.321423706250343e-06, -2.0422615949514896e-06, -2.5982161080472e-06]
A2: [0.16668230893498298, -0.1666505922047069, 1.6291352651282383e-05, 1.5617825054073235e-05] - [0.16669451220180106, 0.33336187355090086, 2.8485967063773606e-05, 2.7749717779437864e-05] - [0.16666189302305887, 0.8333283798026742, -5.283770584152487e-06, -4.797108102004919e-06] - [7.365750780094426e-06, 7.5908593817951864e-06, 7.794860551321697e-06, 7.365747678314938e-06]
B1: 0.1666400173442943 - 0.6666212669479838 - 0.16668164212996964 - -1.2940437892788092e-05
B2: 0.1666327781102182 - 0.6666188502658504 - 0.1666110263363289 - -3.329016396981428e-05
