Number: 1191
Error: 3.2723030885881587e-06
A1: [-5.848182414840727e-06, -5.252712861732686e-06, -4.098983329631759e-06, -5.747161426601493e-06] - [0.20831531920368518, 0.33331703357624914, -0.041678754547422966, -1.7569065292687937e-05] - [0.16665958358890107, 0.666660274995951, 0.16666165555410248, -6.958459970096836e-06] - [-2.257921277224971e-06, -2.0156191583202204e-06, -1.773184488711274e-06, -2.255990563244023e-06]
A2: [0.16668127090961146, -0.16665167230646263, 1.5194661116285913e-05, 1.4583017707943953e-05] - [0.16669449142686227, 0.33336181806687026, 2.848408469047316e-05, 2.7741561444715972e-05] - [0.16666332313799587, 0.8333298471588277, -3.761664606575821e-06, -3.3639018870503814e-06] - [6.399573770842354e-06, 6.595149527816312e-06, 6.7723851044524205e-06, 6.399570857262395e-06]
B1: 0.1666418572261301 - 0.6666280145265446 - 0.16668290706593256 - -1.2887283127463721e-05
B2: 0.16663490708097237 - 0.6666221797703509 - 0.1666150860600828 - -3.123917213797941e-05
