Number: 2011
Error: 3.727133383671508e-06
A1: [-8.697258245627975e-06, -8.239813521672568e-06, -6.839068565455265e-06, -8.527397197810063e-06] - [0.20830797509972737, 0.33330861971546283, -0.04168651579673062, -2.460984028639818e-05] - [0.16665605004648848, 0.6666566423397987, 0.1666583989248229, -1.040704594789573e-05] - [-3.818227552181191e-06, -3.408676861003044e-06, -2.9989387886295897e-06, -3.814968775930225e-06]
A2: [0.16668599123280187, -0.16664675994558228, 2.0182978222845494e-05, 1.9288681325380834e-05] - [0.16669456220664913, 0.3333620479991426, 2.8470919321115602e-05, 2.7754855124207384e-05] - [0.1666568045475711, 0.8333231590694589, -1.069901277599057e-05, -9.896576074731962e-06] - [1.0800793065242985e-05, 1.1130899073490333e-05, 1.1430063246162016e-05, 1.0800789881564991e-05]
B1: 0.1666335395856214 - 0.6665973296754935 - 0.16667718750356872 - -1.3065449857345532e-05
B2: 0.16662540142995924 - 0.6666070906767312 - 0.16659654955540662 - -4.038958652350458e-05
