Number: 536
Error: 7.904651875217252e-06
A1: [2.1455883529717157e-06, 2.165563388766169e-06, 2.435977069993789e-06, 2.1865708776622236e-06] - [0.2083476756945833, 0.33334717682207615, -0.04165220144857426, 1.452201292724812e-05] - [0.16666991622193994, 0.6666698405062491, 0.16667007406849546, 3.2998077346131913e-06] - [-1.0108732337067274e-06, -9.022302310332547e-07, -7.935194740122574e-07, -1.0100075829739082e-06]
A2: [0.16664867147361767, -0.16668529825341027, -1.9282812772809036e-05, -1.80047047450689e-05] - [0.1665821337865954, 0.3332459101395685, -9.033160401727188e-05, -8.457015005605635e-05] - [0.16664120890755682, 0.8333070298704871, -2.7139957457234958e-05, -2.5466881775265465e-05] - [2.8803044680867903e-06, 2.968306965181869e-06, 3.048053019271778e-06, 2.8803028427801365e-06]
B1: 0.16671340770995294 - 0.6666330344679671 - 0.16658355714220283 - 5.13187614183318e-05
B2: 0.16670721637885463 - 0.6667202074185494 - 0.16673458607896738 - 4.078629800552133e-05
