Number: 2962
Error: 6.553519165983493e-06
A1: [-6.292581142847188e-06, -6.680895364872614e-06, -5.679601074496038e-06, -6.047921842053949e-06] - [0.20832591507966638, 0.3333222511045908, -0.04167519648232796, -6.341144130547472e-06] - [0.1666594521758888, 0.6666590833871281, 0.1666604295987547, -6.912881937349099e-06] - [-5.6282421576983415e-06, -5.024652041631346e-06, -4.420846568988056e-06, -5.623448936377109e-06]
A2: [0.1666626218028657, -0.16667077981925627, -4.539858127594345e-06, -4.097774438614581e-06] - [0.16658228385591647, 0.33324653078546645, -9.043107594198632e-05, -8.459026913326486e-05] - [0.1666219080099281, 0.8332872273864008, -4.768015914360189e-05, -4.480947586024499e-05] - [1.5901319765021996e-05, 1.6387328400511145e-05, 1.6827804157616348e-05, 1.5901318157242734e-05]
B1: 0.16668914794733283 - 0.6665425548450722 - 0.1665668947274729 - 5.114007403869221e-05
B2: 0.1666788727909025 - 0.6666753199091706 - 0.16667947823812196 - 1.3494380999117878e-05
