Number: 1366
Error: 7.434212253048063e-06
A1: [-7.431034005933171e-07, -8.625303903868096e-07, -3.4174366155999247e-07, -6.324304166316031e-07] - [0.2083402250431609, 0.33333864441994676, -0.04166007210801447, 7.378424799306292e-06] - [0.16666633491893826, 0.6666661591911346, 0.16666677374794775, -1.954864094704601e-07] - [-2.5907349141199727e-06, -2.312755149287379e-06, -2.0346288780473973e-06, -2.5885205217561544e-06]
A2: [0.16665344531318796, -0.1666803302568782, -1.4238213838196714e-05, -1.3245713254028105e-05] - [0.1665821858296978, 0.3332461222629113, -9.036673513250028e-05, -8.457632696375932e-05] - [0.16663460524265453, 0.8333002543605773, -3.416807354067465e-05, -3.208480831401398e-05] - [7.335800726267902e-06, 7.559993080704594e-06, 7.76316381942415e-06, 7.335797631411874e-06]
B1: 0.16670537081634423 - 0.6666023391211273 - 0.1665781170495256 - 5.152097110317225e-05
B2: 0.16669726180086328 - 0.6667045896545083 - 0.16671546932405226 - 3.119150314048482e-05
