Number: 761
Error: 3.0299494978853687e-06
A1: [-4.338790540351083e-06, -3.670284592587121e-06, -2.645444386987062e-06, -4.2738855015622246e-06] - [0.20831923159097276, 0.33332150960742574, -0.04167461810258696, -1.3815804582029466e-05] - [0.16666145179603314, 0.6666621958624978, 0.16666337989165214, -5.134822543963318e-06] - [-1.4396623743543188e-06, -1.2850643330695567e-06, -1.1303740179553156e-06, -1.438430123207748e-06]
A2: [0.16667879899984972, -0.16665424492808997, 1.2582191280522623e-05, 1.2118795226523921e-05] - [0.16669446605889704, 0.3333617094104337, 2.8503028245382102e-05, 2.774633576139475e-05] - [0.16666674371279588, 0.8333333567048102, -1.213389700271039e-07, 6.405663654924558e-08] - [4.091322814785368e-06, 4.21634275050465e-06, 4.329635593860538e-06, 4.091320640545842e-06]
B1: 0.16664602726468797 - 0.6666439214160967 - 0.16668572877722954 - -1.2985644832348242e-05
B2: 0.1666399749262988 - 0.6666302221760594 - 0.1666249850040784 - -2.6357597066101765e-05
