Number: 1880
Error: 7.148568211396908e-06
A1: [-2.5163467880788933e-06, -2.721569088659642e-06, -2.0452172086151196e-06, -2.3625337916224e-06] - [0.20833567299950656, 0.3333334246797068, -0.04166487988605917, 3.0164727868791347e-06] - [0.16666413246783135, 0.6666638953818192, 0.16666474641940224, -2.344694959354328e-06] - [-3.569037846655575e-06, -3.1861930084148074e-06, -2.803167773059278e-06, -3.5659908477870505e-06]
A2: [0.16665640748003036, -0.16667724777955997, -1.1108238595496306e-05, -1.0292741424486217e-05] - [0.16658224026337273, 0.33324627633681975, -9.036534988603427e-05, -8.455795075431636e-05] - [0.16663052081187105, 0.8332960636834981, -3.851503661257619e-05, -3.61780730062921e-05] - [1.0094653793054968e-05, 1.0403174622457052e-05, 1.0682774810625627e-05, 1.009465055339532e-05]
B1: 0.16670010240716113 - 0.6665830551716861 - 0.16657448773733294 - 5.135473438297656e-05
B2: 0.16669126337032092 - 0.6666951309284664 - 0.16670389230305097 - 2.5415890886928573e-05
