Number: 879
Error: 3.096948256194291e-06
A1: [-4.764626439429035e-06, -4.116780982059587e-06, -3.057187828982519e-06, -4.689799236095197e-06] - [0.2083181112202694, 0.33332023206544664, -0.041675804949038026, -1.489246294406892e-05] - [0.16666092741875146, 0.6666616564051858, 0.1666628937385372, -5.646957547181584e-06] - [-1.6642109702029443e-06, -1.485545025957979e-06, -1.306774948225163e-06, -1.6627869054615197e-06]
A2: [0.16667947474064332, -0.1666535414731972, 1.3296665229964561e-05, 1.2792426568030751e-05] - [0.16669446516713424, 0.33336173154600957, 2.8490342878191748e-05, 2.773717288881368e-05] - [0.1666658037375166, 0.8333323923237363, -1.1215941515581583e-06, -8.779446879995172e-07] - [4.724776794049223e-06, 4.869159407753421e-06, 4.999999824275274e-06, 4.72477437673068e-06]
B1: 0.1666449462551532 - 0.6666396156510782 - 0.1666850099800557 - -1.2895299651509949e-05
B2: 0.16663860258278512 - 0.6666279974978376 - 0.1666222128924062 - -2.767882783029169e-05
