Number: 1309
Error: 3.338158636693156e-06
A1: [-6.249478053340343e-06, -5.673367449338221e-06, -4.483586709349191e-06, -6.138558795205511e-06] - [0.20831429743887186, 0.33331585989842966, -0.04167983228066751, -1.8547213060224215e-05] - [0.16665908390819056, 0.6666597615605564, 0.1666611967421371, -7.445922926137134e-06] - [-2.482461334749025e-06, -2.2160919278032374e-06, -1.9495803179585546e-06, -2.4803391967652745e-06]
A2: [0.16668195198268101, -0.1666509636803794, 1.591413065521411e-05, 1.526198115723545e-05] - [0.16669450656902685, 0.333361855880609, 2.848667298869976e-05, 2.7748431349012274e-05] - [0.1666623857899779, 0.8333288853864395, -4.759339738269065e-06, -4.303276411895308e-06] - [7.032958535597931e-06, 7.2478947853475085e-06, 7.44267670622571e-06, 7.032955490495075e-06]
B1: 0.16664064130598902 - 0.6666235818191825 - 0.16668206903231825 - -1.2931912378648437e-05
B2: 0.16663349813682507 - 0.6666199945572753 - 0.16661243349318106 - -3.259699602579041e-05
