Number: 174
Error: 8.121382637119288e-06
A1: [3.3438976430018316e-06, 3.4201290120039204e-06, 3.57679024932054e-06, 3.354543200361461e-06] - [0.2083506742758313, 0.3333506292117088, -0.04164905568856383, 1.7386909938656433e-05] - [0.1666714145408265, 0.6666713780088254, 0.16667144094435837, 4.760672182604251e-06] - [-3.2175974414996116e-07, -2.8697281093159956e-07, -2.521624412098077e-07, -3.2148412582326936e-07]
A2: [0.16664660394500622, -0.1666874492787368, -2.146610041491682e-05, -2.006575741501299e-05] - [0.16658218863368787, 0.3332458991922802, -9.023089525173495e-05, -8.448991250953721e-05] - [0.16664411321771536, 0.8333100099560882, -2.404894119540585e-05, -2.2556352703801236e-05] - [9.369080493649379e-07, 9.655069721171135e-07, 9.914203899418398e-07, 9.369075100878768e-07]
B1: 0.16671633796683855 - 0.6666459222255436 - 0.16658550412333642 - 5.065623478570127e-05
B2: 0.16671239244928343 - 0.6667276556755252 - 0.16674334930943235 - 4.580545492140304e-05
