Number: 2317
Error: 3.895444035397787e-06
A1: [-9.748662995288961e-06, -9.342084724616432e-06, -7.848529574708575e-06, -9.553125633755889e-06] - [0.20830528182296423, 0.3333055297999427, -0.0416893596372622, -2.7189972611491468e-05] - [0.16665474330814295, 0.6666552992589027, 0.16665719679123975, -1.1682095546766602e-05] - [-4.4004566004275904e-06, -3.9284943754975075e-06, -3.456331587117693e-06, -4.3967035187751605e-06]
A2: [0.16668775229635835, -0.16664492730919192, 2.2043870411135016e-05, 2.1044274306209556e-05] - [0.16669458489695116, 0.3333621298765613, 2.84618735568742e-05, 2.775609138254019e-05] - [0.16665437043974135, 0.8333206616938019, -1.3289423510959816e-05, -1.2335940636304158e-05] - [1.2443016072438777e-05, 1.2823318934100777e-05, 1.3167980539911425e-05, 1.2443013174418466e-05]
B1: 0.16663038656177329 - 0.6665858254922334 - 0.16667499441530614 - -1.3181221499061112e-05
B2: 0.16662183864441218 - 0.6666014808306746 - 0.16658969171781943 - -4.3819798876445405e-05
