Number: 726
Error: 7.795078624442054e-06
A1: [1.49069066123073e-06, 1.479268952646473e-06, 1.8075145993143104e-06, 1.5476207041497638e-06] - [0.20834599622140307, 0.3333452517514584, -0.04165397299628284, 1.2912807090882087e-05] - [0.16666910304718613, 0.666669004935916, 0.16666932621894961, 2.506316384643155e-06] - [-1.3725435700111646e-06, -1.2251365440437377e-06, -1.077641038957271e-06, -1.3713686903635055e-06]
A2: [0.1666497622625851, -0.16668416316799112, -1.8130336050374398e-05, -1.6917314746602968e-05] - [0.16658213532204516, 0.3332459477936029, -9.03510472779664e-05, -8.45819415359524e-05] - [0.1666396940815489, 0.8333054755933158, -2.8752163137016505e-05, -2.698497214610906e-05] - [3.900290265954539e-06, 4.019470475752033e-06, 4.127471051302396e-06, 3.900288173087045e-06]
B1: 0.1667116585305151 - 0.6666260885582801 - 0.16658238298822067 - 5.145557827698919e-05
B2: 0.16670482342013754 - 0.6667165387833307 - 0.16673013868065764 - 3.847569778597688e-05
