Number: 880
Error: 7.70736602681292e-06
A1: [9.507546614519285e-07, 9.132728900431317e-07, 1.2877794543745952e-06, 1.020619190375418e-06] - [0.20834459793825158, 0.33334365196700305, -0.04165545078718655, 1.157151271555248e-05] - [0.16666843459599773, 0.666668317727908, 0.16666870950367396, 1.8538276582671484e-06] - [-1.6656788087301996e-06, -1.4868525644057906e-06, -1.3079222428604307e-06, -1.6642535060512103e-06]
A2: [0.1666506470038036, -0.1666832423854035, -1.7195320925384233e-05, -1.603532847693111e-05] - [0.1665821417040552, 0.33324598389789994, -9.036078872244889e-05, -8.45863615849039e-05] - [0.16663846820616596, 0.8333042178270966, -3.0056802293078118e-05, -2.8213493531726116e-05] - [4.726994483043646e-06, 4.8714443561912906e-06, 5.0023457126524984e-06, 4.726992067127435e-06]
B1: 0.16671019953458147 - 0.6666204235557665 - 0.16658140210325872 - 5.152529613181153e-05
B2: 0.16670297285513028 - 0.666713625263613 - 0.16672656315178624 - 3.669188677339906e-05
