Number: 2198
Error: 6.972862652201919e-06
A1: [-3.629621469636069e-06, -3.888849557637847e-06, -3.1171857662849874e-06, -3.449104364125957e-06] - [0.2083327913530542, 0.3333301262028073, -0.04166792724944015, 2.524913637278569e-07] - [0.16666275345477813, 0.6666624774692531, 0.16666347385961003, -3.6907547872786813e-06] - [-4.174261514459845e-06, -3.7265392233355884e-06, -3.278621157201732e-06, -4.170700395982077e-06]
A2: [0.16665823544178873, -0.1666753452407968, -9.176157861659293e-06, -8.470468377626382e-06] - [0.16658225971123883, 0.33324635783303314, -9.037788557941562e-05, -8.456081201030507e-05] - [0.16662799133290868, 0.8332934685276736, -4.1206825913108085e-05, -3.871301807372621e-05] - [1.180135850059807e-05, 1.2162047052041525e-05, 1.2488930416976807e-05, 1.1801355468222206e-05]
B1: 0.16669688909006428 - 0.6665711635808481 - 0.16657227347689652 - 5.129795768674492e-05
B2: 0.16668762585352612 - 0.6666893018929912 - 0.1666966991954461 - 2.1916229378801297e-05
