Number: 295
Error: 2.7584349331152318e-06
A1: [-2.7576132296866465e-06, -2.013819409703708e-06, -1.132532998017101e-06, -2.7317966337351626e-06] - [0.20832324956524612, 0.3333261230647027, -0.04167038803634161, -9.970068369835178e-06] - [0.1666634202190251, 0.6666642175605679, 0.16666518479224268, -3.2146501378635066e-06] - [-5.52866466825789e-07, -4.933124359752678e-07, -4.337192417142371e-07, -5.523928230359088e-07]
A2: [0.16667612845183497, -0.1666570236721888, 9.761192271541275e-06, 9.45657850608801e-06] - [0.16669448864769362, 0.33336164490992826, 2.85798556692703e-05, 2.7801590073559784e-05] - [0.16667046722678963, 0.8333371772722776, 3.84154409326193e-06, 3.795571711780534e-06] - [1.5895911463503882e-06, 1.6381408221949943e-06, 1.6821338072460509e-06, 1.5895902136823885e-06]
B1: 0.16665015171285233 - 0.6666608173515244 - 0.1666884950303918 - -1.3486489636954313e-05
B2: 0.16664611893226633 - 0.6666394154010079 - 0.1666360043757473 - -2.041546206822869e-05
