Number: 2596
Error: 6.7539656296182525e-06
A1: [-5.003732653073345e-06, -5.329471313936397e-06, -4.437443939123374e-06, -4.789813098604948e-06] - [0.20832926216180067, 0.33332607965450184, -0.04167165519516025, -3.129510868683206e-06] - [0.16666104695517825, 0.6666607233710493, 0.1666619027521814, -5.356032254957576e-06] - [-4.931719791312426e-06, -4.402799351709114e-06, -3.873669883304352e-06, -4.9275162730378004e-06]
A2: [0.16666052404407275, -0.16667296346643318, -6.7575775417032365e-06, -6.188985905021426e-06] - [0.16658228313496898, 0.3332464584872508, -9.039535283566495e-05, -8.45653110796013e-05] - [0.1666248241807424, 0.8332902191259742, -4.457722392882009e-05, -4.1887012295784346e-05] - [1.3937276548246052e-05, 1.4363252073904116e-05, 1.474931163993835e-05, 1.3937274094820905e-05]
B1: 0.16669280942769177 - 0.6665562185790753 - 0.16656943579490763 - 5.1168762858656665e-05
B2: 0.166683017193722 - 0.6666820102687103 - 0.1666877635024956 - 1.748011258888803e-05
