Number: 7
Error: 2.57781395539452e-06
A1: [-2.23341249571258e-06, -1.46909672605821e-06, -7.025451497598765e-07, -2.2313214212129346e-06] - [0.2083239042432043, 0.3333270413155955, -0.041669811197649655, -9.420093252310216e-06] - [0.16666417676096568, 0.6666649808826672, 0.16666578797056775, -2.487491115643583e-06] - [-4.852767849541984e-09, -4.030259169014522e-09, -3.2070868858728972e-09, -4.848905815867039e-09]
A2: [0.16667442685307893, -0.16665878726882835, 7.976496676565852e-06, 7.760131055530947e-06] - [0.16669440787308284, 0.3333615245557246, 2.856140088851886e-05, 2.774101194657431e-05] - [0.16667277228589134, 0.8333395445669791, 6.29905651242556e-06, 6.105577383459593e-06] - [4.34460476587491e-08, 4.473482207502397e-08, 4.5899717457839135e-08, 4.3446069683911676e-08]
B1: 0.16665332781701395 - 0.6666719047521875 - 0.1666908677138587 - -1.3166742531774554e-05
B2: 0.16665216718509096 - 0.6666459290023632 - 0.16664214867617752 - -1.449202468006368e-05
