Number: 2752
Error: 6.6683831246704805e-06
A1: [-5.568799901673468e-06, -5.922093719751167e-06, -4.984375981850539e-06, -5.341762957763691e-06] - [0.2083277722146495, 0.33332438093573225, -0.041673235026353145, -4.561664735372001e-06] - [0.16666035132391793, 0.6666600075802783, 0.16666125717963007, -6.035481293502816e-06] - [-5.228596817228108e-06, -4.667849655239794e-06, -4.106890082518001e-06, -5.224141832977949e-06]
A2: [0.1666614157802125, -0.1666720349886269, -5.814437548791604e-06, -5.300040426188066e-06] - [0.16658227755411176, 0.33324648376578886, -9.04157485029838e-05, -8.458183691932533e-05] - [0.166623580680012, 0.8332889434579486, -4.590024217493834e-05, -4.313319508485331e-05] - [1.4774426820367784e-05, 1.5225990754839993e-05, 1.5635244335062957e-05, 1.4774424690667048e-05]
B1: 0.16669129966842733 - 0.6665504440333885 - 0.16656840060914122 - 5.1207462880451944e-05
B2: 0.16668130342956097 - 0.6666791623280756 - 0.16668418405951485 - 1.5833975994765674e-05
