Number: 1532
Error: 7.341681865177384e-06
A1: [-1.320053574420323e-06, -1.4674211197679368e-06, -8.966242659322125e-07, -1.1954438779887046e-06] - [0.2083387377694027, 0.33333694057471785, -0.04166164383695488, 5.952559543288476e-06] - [0.16666561931787707, 0.6666654235392855, 0.16666611423774622, -8.938877611399197e-07] - [-2.9066896366274805e-06, -2.5948428015962132e-06, -2.282837290328021e-06, -2.9042061317524693e-06]
A2: [0.16665440154453343, -0.16667933513826672, -1.3227722316176439e-05, -1.2292451508927184e-05] - [0.1665822025978591, 0.3332461712867681, -9.03669431951875e-05, -8.457120355362492e-05] - [0.16663328618039616, 0.8332989009918288, -3.557190837829636e-05, -3.340672337835178e-05] - [8.226821413885839e-06, 8.478249196492421e-06, 8.706103792695212e-06, 8.226818207477234e-06]
B1: 0.16670368786396209 - 0.6665961298164738 - 0.16657696373282996 - 5.148583299971853e-05
B2: 0.1666953328574389 - 0.6667015299324369 - 0.16671171152285377 - 2.933451905956047e-05
