Number: 3049
Error: 4.295669939485346e-06
A1: [-1.2302592816858945e-05, -1.2019864729497957e-05, -1.0306481020491552e-05, -1.2045599806503511e-05] - [0.208298682629788, 0.33329797299334324, -0.04169633663059597, -3.351836505519827e-05] - [0.166651578178502, 0.6666520449828216, 0.16665427743448752, -1.4771390122796797e-05] - [-5.793162452932782e-06, -5.171901719972279e-06, -4.550424833828459e-06, -5.7882297467606e-06]
A2: [0.1666919515920819, -0.16664055648666248, 2.6482636043441804e-05, 2.523048391900245e-05] - [0.16669459598846448, 0.33336228340233526, 2.8398844035109296e-05, 2.771585910032407e-05] - [0.16664853930679768, 0.8333146793187635, -1.9494239176019027e-05, -1.8179650445496126e-05] - [1.6371105369747737e-05, 1.6871475059673635e-05, 1.73249685712465e-05, 1.6371104006369634e-05]
B1: 0.1666229902256433 - 0.6665584277816514 - 0.16666984437623406 - -1.331218286007826e-05
B2: 0.16661346991857437 - 0.6665880940524241 - 0.16657319171153795 - -5.187138767739139e-05
