Number: 282
Error: 8.055140201388483e-06
A1: [2.998365504094008e-06, 3.0586469918491443e-06, 3.250079759417214e-06, 3.0180503624077092e-06] - [0.20834982833094057, 0.3333496511863734, -0.041649938922581724, 1.658080183267527e-05] - [0.16667097984071974, 0.6666709324373552, 0.16667104709812836, 4.337134662500976e-06] - [-5.273577702523575e-07, -4.705363650762503e-07, -4.1367759795401946e-07, -5.269059926536398e-07]
A2: [0.16664721877224947, -0.16668680974107358, -2.08171326647529e-05, -1.945286222101658e-05] - [0.16658216078149168, 0.3332458903089431, -9.027372126356945e-05, -8.452533964474276e-05] - [0.16664324299551828, 0.833309116996765, -2.497511614194233e-05, -2.3428430192306375e-05] - [1.5167102133786446e-06, 1.5630318995158006e-06, 1.605005851501993e-06, 1.516709325407719e-06]
B1: 0.1667155404891334 - 0.6666421423902561 - 0.16658497682897044 - 5.093051674198712e-05
B2: 0.16671071591011538 - 0.6667253394292144 - 0.16674068139106218 - 4.4175729717142075e-05
