Number: 735
Error: 3.015160079216643e-06
A1: [-4.260358183726547e-06, -3.5881702994124946e-06, -2.5718576400234573e-06, -4.197624642228653e-06] - [0.20831941643499785, 0.33332172557831263, -0.04167442561834166, -1.3640532713133071e-05] - [0.16666155177208844, 0.6666622982821684, 0.16666346968739737, -5.037529066669305e-06] - [-1.3901851938798457e-06, -1.2408898305146723e-06, -1.0915048897492717e-06, -1.3889952217409635e-06]
A2: [0.16667864760562812, -0.166654402295349, 1.2422536628848533e-05, 1.1967865911289787e-05] - [0.16669445991093523, 0.33336169854463654, 2.8500210154318496e-05, 2.774201066494498e-05] - [0.16666695016557592, 0.8333335685799644, 9.848801181682078e-08, 2.7095592815506276e-07] - [3.95175403083083e-06, 4.072507778303911e-06, 4.181934382471022e-06, 3.951751914195473e-06]
B1: 0.1666463119692426 - 0.6666449147961022 - 0.16668592994261858 - -1.2958990571085952e-05
B2: 0.16664033312555931 - 0.6666307201575036 - 0.16662555292746387 - -2.6010663444276638e-05
