Number: 2071
Error: 3.760206797557929e-06
A1: [-8.910940603101342e-06, -8.46389216814969e-06, -7.045371045760473e-06, -8.736037707638202e-06] - [0.2083074167058676, 0.33330798184855975, -0.04168710711264456, -2.5146019773773435e-05] - [0.16665578622089716, 0.666656370961435, 0.16665815475738738, -1.0664650643892147e-05] - [-3.9323907842663295e-06, -3.5106022794755944e-06, -3.0886234983584494e-06, -3.9290350311887025e-06]
A2: [0.16668633538384786, -0.1666464016970235, 2.054683402176373e-05, 1.9631759763646293e-05] - [0.16669456378099134, 0.33336206134545326, 2.8466613536113687e-05, 2.7752223074076085e-05] - [0.16665632700008062, 0.8333226691365297, -1.120716643683889e-05, -1.0375154202059638e-05] - [1.112280909595648e-05, 1.1462757980939934e-05, 1.1770843429903372e-05, 1.1122805951722953e-05]
B1: 0.16663294592575012 - 0.6665950977539018 - 0.16667678054714163 - -1.306354311376927e-05
B2: 0.16662472789811456 - 0.6666059923107263 - 0.1665951817410418 - -4.1037126066422337e-05
