Number: 65
Error: 2.6158713334831987e-06
A1: [-2.0722892241083824e-06, -1.2975464125277516e-06, -4.933261802076523e-07, -2.065674045394986e-06] - [0.20832484750606023, 0.333327990150103, -0.041668734946011754, -8.456767645728727e-06] - [0.16666429454467444, 0.666665112030845, 0.1666659661022953, -2.3640469356334462e-06] - [-1.1517666318197007e-07, -1.0252882686104616e-07, -8.987210955603552e-08, -1.1507814711808699e-07]
A2: [0.16667481597812384, -0.16665838821063247, 8.37712529191042e-06, 8.148217489772184e-06] - [0.16669454840649472, 0.33336166592966726, 2.86747665797732e-05, 2.7877473334786152e-05] - [0.16667232365367068, 0.8333390823850818, 5.817637900689182e-06, 5.655947839086741e-06] - [3.547470101138157e-07, 3.6555118088971767e-07, 3.7533893745655953e-07, 3.5474683593571214e-07]
B1: 0.16665186928520048 - 0.6666688968410515 - 0.16668965866725052 - -1.4051063287156607e-05
B2: 0.1666499726350587 - 0.6666444731802997 - 0.16664164400379886 - -1.666141217663891e-05
