Number: 202
Error: 8.104052017462202e-06
A1: [3.262178954153826e-06, 3.334734800141853e-06, 3.5008704248902978e-06, 3.275160496787923e-06] - [0.20835048667644882, 0.3333504092145888, -0.04164924926529573, 1.7209608213290547e-05] - [0.16667130981252418, 0.6666712709237982, 0.16667134773132206, 4.658830264217887e-06] - [-3.750642832700417e-07, -3.345647447135601e-07, -2.940380983165469e-07, -3.747429821844535e-07]
A2: [0.16664676423183739, -0.16668728266295024, -2.129711951672828e-05, -1.9905971486164558e-05] - [0.1665821830249293, 0.33324589828245915, -9.024082831931553e-05, -8.449748513387895e-05] - [0.16664388752287473, 0.8333097783344122, -2.4289206255380123e-05, -2.278252854011984e-05] - [1.0872271424127385e-06, 1.1204208620767022e-06, 1.1504981158910563e-06, 1.087226510908072e-06]
B1: 0.1667161182392175 - 0.6666449289532487 - 0.1665853537651341 - 5.0714339440308844e-05
B2: 0.1667119208655201 - 0.6667270428540203 - 0.16674267131298262 - 4.534600835951071e-05
