Number: 2522
Error: 6.794581703365691e-06
A1: [-4.749816713894635e-06, -5.063277643270248e-06, -4.1937173322262255e-06, -4.542106053596717e-06] - [0.20832991201622045, 0.33332682534595726, -0.04167096909462176, -2.5070169263503206e-06] - [0.16666136265532205, 0.6666610478322258, 0.16666219310230643, -5.047994787204355e-06] - [-4.790887707737703e-06, -4.277064350882821e-06, -3.763033926373799e-06, -4.786803541850617e-06]
A2: [0.16666009847103488, -0.1666734063492193, -7.207289842545185e-06, -6.613235160623585e-06] - [0.166582278891585, 0.33324643991972885, -9.039192233802992e-05, -8.456436267609553e-05] - [0.16662541316589427, 0.8332908234079399, -4.3950440792214846e-05, -4.129675493310493e-05] - [1.3540158374158781e-05, 1.3953995511197469e-05, 1.4329052644783518e-05, 1.3540155786217516e-05]
B1: 0.16669357257732875 - 0.6665590022596224 - 0.16656996876739613 - 5.11974178109064e-05
B2: 0.1666838787237226 - 0.6666833657461739 - 0.16668941949658012 - 1.8309561087456855e-05
