Number: 315
Error: 2.7704764624578157e-06
A1: [-2.8294376229764815e-06, -2.0890609806096735e-06, -1.2017990281094336e-06, -2.801939607106243e-06] - [0.20832306125795594, 0.333325908441015, -0.0416705869635911, -1.0150968305322696e-05] - [0.16666333178049747, 0.6666641266422145, 0.16666510298577256, -3.3010139802922117e-06] - [-5.909269361340763e-07, -5.272937339431311e-07, -4.636188717011424e-07, -5.904206959741493e-07]
A2: [0.16667624149440743, -0.1666569059750032, 9.88071815064211e-06, 9.569263540445834e-06] - [0.16669448215956137, 0.3333616421577302, 2.857105120640863e-05, 2.77937001371261e-05] - [0.16667030624209864, 0.8333370121105685, 3.6702661813513783e-06, 3.6342436785623436e-06] - [1.6969703969099474e-06, 1.7488023298627998e-06, 1.7957697453497775e-06, 1.696969402328153e-06]
B1: 0.16665001424068482 - 0.6666601281621862 - 0.1666884087052114 - -1.342545875666288e-05
B2: 0.16664584772896998 - 0.6666390011693241 - 0.16663549902302352 - -2.0678002359645134e-05
