Number: 904
Error: 7.693783526152341e-06
A1: [8.747415650604927e-07, 8.336498211893738e-07, 1.21581693889906e-06, 9.466140572738822e-07] - [0.20834441276527396, 0.33334343720991594, -0.041655644714536394, 1.1395189749583967e-05] - [0.16666833863480557, 0.6666682193003369, 0.1666686225183506, 1.7603462315095102e-06] - [-1.7113631082443737e-06, -1.5276404488316442e-06, -1.3438113759390313e-06, -1.7098987941127752e-06]
A2: [0.16665078638474742, -0.16668309745299217, -1.7048239659051234e-05, -1.589637687687562e-05] - [0.16658214679074865, 0.3332459934489257, -9.035856109159118e-05, -8.458295835220698e-05] - [0.16663827770648265, 0.833304022338898, -3.0259615505287877e-05, -2.8404405591880185e-05] - [4.855829547884132e-06, 5.00421749516681e-06, 5.138687786246149e-06, 4.855827086242187e-06]
B1: 0.16670994147079643 - 0.6666195115937265 - 0.1665812217063082 - 5.150545314448487e-05
B2: 0.16670265999010636 - 0.6667131720711921 - 0.16672603349098825 - 3.6389425570721356e-05
