Number: 1416
Error: 7.4063601852054765e-06
A1: [-8.97258619627907e-07, -1.0239979313067183e-06, -4.870446589364048e-07, -7.824065993273471e-07] - [0.20833985612010988, 0.3333382147079221, -0.04166045758382958, 7.027922694102986e-06] - [0.16666613921318874, 0.6666659585608549, 0.16666659716666446, -3.8603044815894373e-07] - [-2.6859066391486602e-06, -2.397726169160748e-06, -2.1093954032251943e-06, -2.6836111629525733e-06]
A2: [0.16665373670964623, -0.1666800273138353, -1.3930815514837959e-05, -1.2955211258949957e-05] - [0.1665821997014979, 0.3332461454101633, -9.03588800773023e-05, -8.456596260483688e-05] - [0.16663420897194733, 0.8332998477030444, -3.45899881585466e-05, -3.248193828478483e-05] - [7.604183078915003e-06, 7.836578984498868e-06, 8.047184677467483e-06, 7.604179943999387e-06]
B1: 0.16670480003830276 - 0.6666004079258444 - 0.16657771169730168 - 5.144647143151104e-05
B2: 0.1666966130679633 - 0.666703661524767 - 0.16671439548479014 - 3.056444638544574e-05
