Number: 20
Error: 8.218915078987994e-06
A1: [3.6992240152071924e-06, 3.790134278784956e-06, 3.889150771456729e-06, 3.6971118842645784e-06] - [0.20835132631023284, 0.33335143721577914, -0.041648415208900044, 1.798267128783289e-05] - [0.16667189508127261, 0.6666718659537445, 0.1666718470361837, 5.225428794206691e-06] - [-2.856984252067129e-08, -2.5201914850445675e-08, -2.1831620576824068e-08, -2.8545645541685814e-08]
A2: [0.16664571264964123, -0.16668837443483364, -2.2403291217690762e-05, -2.0954297820208995e-05] - [0.16658220391924075, 0.33324589133906785, -9.018637237276251e-05, -8.446382578914302e-05] - [0.16664535648375275, 0.8333112862241185, -2.2724733746954693e-05, -2.131044124914433e-05] - [1.1015332560352454e-07, 1.1348083565575968e-07, 1.1649323643253464e-07, 1.1015330881013102e-07]
B1: 0.1667176766087609 - 0.6666515224029563 - 0.1665864752689154 - 5.046719518838187e-05
B2: 0.16671544781499154 - 0.6667311930688823 - 0.16674693369724486 - 4.8794063746428445e-05
