Number: 2666
Error: 6.715555194761468e-06
A1: [-5.2529882552638726e-06, -5.5908500331098615e-06, -4.67807913666984e-06, -5.0331867848529265e-06] - [0.20832861091860602, 0.3333253357041505, -0.041672344826092764, -3.754837692368449e-06] - [0.16666073915868532, 0.6666604067726116, 0.1666616179061338, -5.656571597362406e-06] - [-5.064935738015221e-06, -4.5217341419625245e-06, -3.978321873325422e-06, -5.060619358804455e-06]
A2: [0.1666609249734187, -0.16667254608660464, -6.333656733846814e-06, -5.789308781057206e-06] - [0.1665822827631432, 0.3332464718670931, -9.040256879805684e-05, -8.457059409268292e-05] - [0.16662426647637263, 0.8332896469760419, -4.517063295087573e-05, -4.244592013653023e-05] - [1.4312923897451544e-05, 1.4750381506101007e-05, 1.5146848692955958e-05, 1.4312921582557474e-05]
B1: 0.16669211760828728 - 0.6665536138624581 - 0.16656895851782147 - 5.117175592403753e-05
B2: 0.16668223341770075 - 0.6666807309771329 - 0.16668617011869483 - 1.6726682825719228e-05
