Number: 2704
Error: 6.694705747276789e-06
A1: [-5.393089675328225e-06, -5.737801709775581e-06, -4.814039179572989e-06, -5.17009059380315e-06] - [0.20832823808597958, 0.33332491146076654, -0.041672740665651936, -4.113583003515831e-06] - [0.16666056722695538, 0.6666602297907122, 0.1666614578891634, -5.824559135822593e-06] - [-5.1372511374823785e-06, -4.586296839361342e-06, -4.035131062234307e-06, -5.132873507505756e-06]
A2: [0.1666611417668796, -0.16667232032243973, -6.10429910752886e-06, -5.5731950955322e-06] - [0.1665822802922134, 0.33324647696819776, -9.040853553518661e-05, -8.457573110933659e-05] - [0.16662396344070915, 0.8332893361114352, -4.549302453868298e-05, -4.2749609124117865e-05] - [1.4516844749787936e-05, 1.4960535416133783e-05, 1.5362652418210442e-05, 1.4516842514697969e-05]
B1: 0.16669175787022789 - 0.6665522148924682 - 0.16656871363168205 - 5.118921301213392e-05
B2: 0.1666818244234092 - 0.6666800380475804 - 0.16668529092023168 - 1.6334161575649747e-05
