Number: 381
Error: 2.809853280195915e-06
A1: [-3.0518516385874017e-06, -2.3219632114586247e-06, -1.4141940313254495e-06, -3.0188189304869885e-06] - [0.20832249858206014, 0.3333252621057142, -0.04167117831778745, -1.0689256136972718e-05] - [0.16666305465206632, 0.6666638421321858, 0.16666484934609788, -3.5713100723430307e-06] - [-7.165258272870042e-07, -6.394316567905028e-07, -5.622877332177711e-07, -7.159120448137768e-07]
A2: [0.1666766178224382, -0.16665651439050447, 1.027822455870184e-05, 9.94441159040813e-06] - [0.16669447058702128, 0.3333616426675036, 2.8551313968476724e-05, 2.77775012098504e-05] - [0.16666977660898846, 0.8333364686734498, 3.1066206542173755e-06, 3.1034774237333704e-06] - [2.0513095032161654e-06, 2.113972510219039e-06, 2.170755242164519e-06, 2.0513083093839445e-06]
B1: 0.16664948945071115 - 0.666657787524247 - 0.16668806231592645 - -1.3295212483468633e-05
B2: 0.1666449212081685 - 0.666637648017582 - 0.1666338929582733 - -2.1575932062593497e-05
