Number: 1986
Error: 7.089940191685105e-06
A1: [-2.8794597967643036e-06, -3.1022355900543205e-06, -2.3936642284368046e-06, -2.71675297299668e-06] - [0.20833474459459467, 0.3333323591383978, -0.041665859914974866, 2.1272590374728497e-06] - [0.16666368086118535, 0.6666634312621218, 0.16666433120511515, -2.785324706241361e-06] - [-3.770783271423097e-06, -3.3663126965787143e-06, -2.9616561250158615e-06, -3.7675648134514303e-06]
A2: [0.16665701835272478, -0.16667661211519247, -1.0462798256154675e-05, -9.683764971963997e-06] - [0.16658225101383867, 0.3332463075913079, -9.036562875634342e-05, -8.455463656625734e-05] - [0.16662967824112532, 0.8332951991986464, -3.941175567371422e-05, -3.702246572243628e-05] - [1.0663566716412497e-05, 1.0989477165592767e-05, 1.1284838588065063e-05, 1.0663563520642727e-05]
B1: 0.1666990048912727 - 0.6665790665757346 - 0.1665737266512484 - 5.1309386270151084e-05
B2: 0.16669002271194516 - 0.6666931846505871 - 0.1667015175870873 - 2.4221184826393147e-05
