Number: 1868
Error: 7.155203970331331e-06
A1: [-2.4784031048104937e-06, -2.681816098785822e-06, -2.009289557864661e-06, -2.325593933184001e-06] - [0.20833576535894982, 0.3333335318477257, -0.04166478311481224, 3.10440767541943e-06] - [0.16666418039560296, 0.666663944546448, 0.16666478986784622, -2.2980068093788587e-06] - [-3.5461978577827476e-06, -3.165801176521981e-06, -2.785224761740898e-06, -3.5431702753516204e-06]
A2: [0.16665633777661995, -0.16667732026274826, -1.1181800261758258e-05, -1.0362230164874796e-05] - [0.16658223760941154, 0.3332462714326072, -9.036660956026622e-05, -8.455976287671768e-05] - [0.16663061602638896, 0.8332961613874951, -3.8413674353375996e-05, -3.6082652231416775e-05] - [1.0030247897744977e-05, 1.03368000651221e-05, 1.0614615949577306e-05, 1.0030244654721706e-05]
B1: 0.1667002369534733 - 0.666583516525341 - 0.1665745832244555 - 5.137017542426004e-05
B2: 0.1666914147583945 - 0.666695352332723 - 0.16670415180306472 - 2.5562076495411077e-05
