Number: 2297
Error: 3.8844552431580845e-06
A1: [-9.677438301195985e-06, -9.26739489615731e-06, -7.77976515947544e-06, -9.483581506404536e-06] - [0.2083054679455365, 0.33330574241307864, -0.04168916254088202, -2.7011254704256593e-05] - [0.16665483124718913, 0.66665538971547, 0.1666572781779946, -1.1596230032534435e-05] - [-4.362403227064955e-06, -3.894520261163698e-06, -3.4264374728385367e-06, -4.358682431295069e-06]
A2: [0.1666876376751239, -0.16664504662937107, 2.1922681114721127e-05, 2.0930010606619977e-05] - [0.1666945847359129, 0.3333621257917827, 2.846367241993313e-05, 2.775733252379272e-05] - [0.16665452971176747, 0.8333208250943142, -1.3119949443151294e-05, -1.217632503367705e-05] - [1.2335682812707081e-05, 1.2712704890717012e-05, 1.3054392816564797e-05, 1.2335679889619967e-05]
B1: 0.16663058419181048 - 0.6665865694676522 - 0.16667513035315265 - -1.3182109212617232e-05
B2: 0.1666220628610072 - 0.6666018466528829 - 0.16659014734984212 - -4.3604246555378176e-05
