Number: 1293
Error: 3.329211689193053e-06
A1: [-6.1828853318003e-06, -5.603464835109721e-06, -4.417887694400633e-06, -6.073319878346995e-06] - [0.2083144850369407, 0.3333160708534919, -0.04167963157750708, -1.836557613779365e-05] - [0.16665916396972352, 0.6666598441794405, 0.16666127264654673, -7.367529809785572e-06] - [-2.4520158603551308e-06, -2.1889101638503152e-06, -1.9256635387908778e-06, -2.449919671427927e-06]
A2: [0.16668186169726523, -0.16665105780517508, 1.581842636779177e-05, 1.5171981702420494e-05] - [0.16669450988767398, 0.33336185585235345, 2.849113205219059e-05, 2.7752871320507012e-05] - [0.16666251350205158, 0.8333290163770224, -4.623516522324179e-06, -4.1752896365520365e-06] - [6.9470703229347335e-06, 7.159381264246109e-06, 7.351783866200793e-06, 6.947067293798332e-06]
B1: 0.16664076678327952 - 0.6666241452286852 - 0.16668214678421497 - -1.2965288026744418e-05
B2: 0.166633647100145 - 0.6666202867480365 - 0.16661282912023573 - -3.245496120112207e-05
