Number: 331
Error: 2.7800426064279492e-06
A1: [-2.8724942341553383e-06, -2.1340454601847307e-06, -1.2411975526440539e-06, -2.8436648837494016e-06] - [0.20832296860571395, 0.3333257979822105, -0.04167068162009372, -1.02377502004362e-05] - [0.16666327558002153, 0.6666640692730353, 0.16666505372087745, -3.3555686425882763e-06] - [-6.213748593310451e-07, -5.544786704318253e-07, -4.875388396292548e-07, -6.208425449725061e-07]
A2: [0.1666763344568528, -0.16665680940860714, 9.978620674723367e-06, 9.66193985160233e-06] - [0.16669448369551984, 0.33336164636998256, 2.8570089019094605e-05, 2.779411424559432e-05] - [0.16667017827819136, 0.8333368807682208, 3.5339910746062985e-06, 3.5060049975477044e-06] - [1.7828657972190624e-06, 1.8373232986444792e-06, 1.8866700475026236e-06, 1.7828647535683598e-06]
B1: 0.1666498547114335 - 0.6666595296410582 - 0.16668829484883196 - -1.342622411285485e-05
B2: 0.166645583431989 - 0.6666386673277809 - 0.16663513962637835 - -2.0935365860919795e-05
