Number: 3069
Error: 4.306559037805178e-06
A1: [-1.2373808380046086e-05, -1.2094544704777102e-05, -1.037523562220059e-05, -1.2115134942379997e-05] - [0.20829849653659008, 0.3332977604104728, -0.041696533697769836, -3.369705394709923e-05] - [0.16665149024860007, 0.6666519545355233, 0.16665419605552895, -1.4857246775787574e-05] - [-5.8312128373151725e-06, -5.205872877399074e-06, -4.5803166526810025e-06, -5.826247956954571e-06]
A2: [0.16669206594963462, -0.1666404374306997, 2.6603561316795717e-05, 2.5344483940104244e-05] - [0.16669459514985313, 0.33336228648719196, 2.8396046714667837e-05, 2.771361817241366e-05] - [0.16664837978893537, 0.8333145156725074, -1.966395883323285e-05, -1.833951197179043e-05] - [1.647842334327659e-05, 1.6982073321512532e-05, 1.7438540290402175e-05, 1.6478422038683468e-05]
B1: 0.1666227931757664 - 0.6665576836786538 - 0.16666970752962293 - -1.3310727454985457e-05
B2: 0.16661324662781393 - 0.6665877291755471 - 0.16657273704527856 - -5.2086013726568794e-05
