Number: 2142
Error: 7.0037240927551046e-06
A1: [-3.444582812056952e-06, -3.6949186150668303e-06, -2.940656866285472e-06, -3.26875770859946e-06] - [0.2083332544704805, 0.333330660236035, -0.04166743992384159, 6.949305072316412e-07] - [0.16666298517324818, 0.6666627154136685, 0.1666636855840532, -3.4648286209797405e-06] - [-4.067679898065338e-06, -3.6313823898866415e-06, -3.19489150629741e-06, -4.064209264323329e-06]
A2: [0.16665791177577005, -0.1666756819468489, -9.517968752659394e-06, -8.793132608645312e-06] - [0.16658225182996905, 0.3332463392694783, -9.03796333363789e-05, -8.456476455323161e-05] - [0.16662843631316046, 0.8332939251030114, -4.0733202342483797e-05, -3.826707519348747e-05] - [1.1500814418787309e-05, 1.1852316433911234e-05, 1.2170873300101912e-05, 1.1500811333413527e-05]
B1: 0.16669749115045385 - 0.666573292578516 - 0.1665726970153412 - 5.134418497146732e-05
B2: 0.16668830327413603 - 0.6666903309185231 - 0.16669793222981638 - 2.2569372030351262e-05
