Number: 178
Error: 8.118915125068588e-06
A1: [3.3390654158441458e-06, 3.415156941286288e-06, 3.573556764025484e-06, 3.3500381341537006e-06] - [0.20835067503473476, 0.333350626893172, -0.04164905268247971, 1.7389113564267513e-05] - [0.1666714064965114, 0.6666713700169492, 0.16667143532318032, 4.753033592227599e-06] - [-3.293754802265182e-07, -2.9377250374314027e-07, -2.581455635645287e-07, -3.290933345583738e-07]
A2: [0.16664662798969299, -0.16668742438827364, -2.1440933374054307e-05, -2.0041784286383708e-05] - [0.16658219078954017, 0.3332459018647768, -9.022967424117407e-05, -8.448803721086577e-05] - [0.1666440813075336, 0.8333099771802595, -2.4082971723012667e-05, -2.2588331599190253e-05] - [9.583821427980906e-07, 9.876374682493017e-07, 1.014145722586764e-06, 9.583815902725391e-07]
B1: 0.16671628469977814 - 0.6666457593897234 - 0.16658546264125507 - 5.064263908502403e-05
B2: 0.1667123012620281 - 0.6667275656485464 - 0.16674327247779067 - 4.571600179856993e-05
