Number: 1030
Error: 7.622620906851658e-06
A1: [4.39854573692746e-07, 3.7778045823077334e-07, 7.981356864202064e-07, 5.22303105076414e-07] - [0.20834329628758289, 0.3333421572460441, -0.04165682349023532, 1.0325312583644258e-05] - [0.16666779861180184, 0.6666676642800885, 0.1666681255208577, 1.2333764916633923e-06] - [-1.951197521459682e-06, -1.7417683774810003e-06, -1.532220969487228e-06, -1.9495284766905145e-06]
A2: [0.1666515123253572, -0.1666823420536549, -1.6281230387004113e-05, -1.5172690313714174e-05] - [0.16658215887065614, 0.3332460298088564, -9.035976840171297e-05, -8.457971668215384e-05] - [0.16663727607531206, 0.8333029946254755, -3.1325673623123945e-05, -2.940820179320661e-05] - [5.532205432440527e-06, 5.701267967330247e-06, 5.85447502722134e-06, 5.532202751339998e-06]
B1: 0.16670869180943557 - 0.6666148247869096 - 0.1665803713930911 - 5.150655084753149e-05
B2: 0.16670115030152746 - 0.6667108138826675 - 0.16672315590114348 - 3.4934355030796335e-05
