Number: 466
Error: 7.94553062529414e-06
A1: [2.3720939217373007e-06, 2.4027550238666944e-06, 2.650980830083431e-06, 2.407215160668311e-06] - [0.20834823480899547, 0.3333478228862619, -0.0416516154789471, 1.5055296443024903e-05] - [0.16667020081442893, 0.6666701324667703, 0.16667033282717658, 3.57716266693501e-06] - [-8.776217186726548e-07, -7.832601369985426e-07, -6.888388613597011e-07, -8.768700721809236e-07]
A2: [0.1666482682859412, -0.16668571760457346, -1.9708411586245983e-05, -1.8406640166805453e-05] - [0.1665821316767555, 0.33324589517755854, -9.032507142539769e-05, -8.456735004948342e-05] - [0.1666417675452745, 0.8333076031138535, -2.654530243891618e-05, -2.4907041448567333e-05] - [2.5045141082035804e-06, 2.5810298684617205e-06, 2.650366294952543e-06, 2.504512673724545e-06]
B1: 0.1667140639157 - 0.6666356071124684 - 0.16658400516435865 - 5.1280190426854864e-05
B2: 0.16670817782581615 - 0.6667215925182953 - 0.16673620910519787 - 4.171740193705415e-05
