Number: 1508
Error: 7.355083453716379e-06
A1: [-1.2201860528677908e-06, -1.3625891807712883e-06, -7.980981407694317e-07, -1.0976070442315458e-06] - [0.2083390190701707, 0.3333372569109284, -0.04166134287914063, 6.224918585286693e-06] - [0.16666573940831564, 0.6666655474629838, 0.16666622808720177, -7.762999062403362e-07] - [-2.8610132800882305e-06, -2.5540630808682754e-06, -2.2469558920806358e-06, -2.8585686667928915e-06]
A2: [0.16665426611969741, -0.1666794763247152, -1.3371277965668421e-05, -1.242744700959473e-05] - [0.16658220755695746, 0.3332461712142359, -9.036028546647378e-05, -8.456456087214549e-05] - [0.16663347775530116, 0.8332990974820292, -3.536816901563258e-05, -3.3214736010969426e-05] - [8.098000614075149e-06, 8.345490812601958e-06, 8.569776696441041e-06, 8.097997420000802e-06]
B1: 0.16670387742434936 - 0.6665969762502937 - 0.16657708164901402 - 5.143711182403387e-05
B2: 0.1666955551988731 - 0.6667019670655556 - 0.16671230370193008 - 2.9546458202165247e-05
