Number: 2637
Error: 4.070833279965543e-06
A1: [-1.0864250546768218e-05, -1.0511766744087745e-05, -8.922060667313438e-06, -1.0641847600986113e-05] - [0.2083024005210065, 0.3333022300703846, -0.04169240568685216, -2.9952893719867332e-05] - [0.1666533605378727, 0.666653877568552, 0.16665592157173564, -1.3031713528430247e-05] - [-5.009302685776066e-06, -4.4720732251538895e-06, -3.9346336254188e-06, -5.00503343156066e-06]
A2: [0.16668958939647177, -0.1666430152294852, 2.398564351333656e-05, 2.287565369551519e-05] - [0.16669459465984474, 0.33336220188908366, 2.8439191224803614e-05, 2.7743418219983027e-05] - [0.16665182246700785, 0.833318047602069, -1.6000759812528673e-05, -1.4889411076232356e-05] - [1.4160280071701167e-05, 1.4593073318730824e-05, 1.4985312675218507e-05, 1.4160277696882726e-05]
B1: 0.16662714682530883 - 0.6665738453200647 - 0.1666727436572004 - -1.3244785118587978e-05
B2: 0.16661817358201872 - 0.6665956248748498 - 0.166582477729653 - -4.7346223972989234e-05
