Number: 819
Error: 3.06294273955109e-06
A1: [-4.5505703049381084e-06, -3.892353710439376e-06, -2.8505655913407983e-06, -4.480785891185208e-06] - [0.2083186709634502, 0.33332087118460846, -0.041675212487387, -1.4354936837954945e-05] - [0.1666611915606952, 0.6666619280786554, 0.16666313817214276, -5.389038077393454e-06] - [-1.5500340211391305e-06, -1.3836059355965738e-06, -1.2170796693524424e-06, -1.5487074750639944e-06]
A2: [0.1666791306320334, -0.16665389965563118, 1.2932899385318957e-05, 1.2449390578402224e-05] - [0.16669446413276037, 0.3333617188464797, 2.8495396975085973e-05, 2.7740344249110814e-05] - [0.16666628146206747, 0.8333328824618554, -6.132103229585688e-07, -3.991899178248518e-07] - [4.402684892086086e-06, 4.537222179715638e-06, 4.659140169843813e-06, 4.402682594635786e-06]
B1: 0.16664550730618757 - 0.666641815725534 - 0.16668538549963804 - -1.2929847143309573e-05
B2: 0.16663930610033212 - 0.6666291267295571 - 0.16662361239152684 - -2.7001300427231183e-05
