Number: 145
Error: 2.66640442837077e-06
A1: [-2.2655658985463953e-06, -1.4989473889340865e-06, -6.652815226498258e-07, -2.2523152169321654e-06] - [0.20832447358522824, 0.3333275332173006, -0.04166910684528129, -8.801422872285588e-06] - [0.1666640361425009, 0.6666648492753345, 0.16666574536003506, -2.6142415548962253e-06] - [-2.6741414356833833e-07, -2.3845238557804137e-07, -2.0947086906374136e-07, -2.67185090120593e-07]
A2: [0.16667527740154858, -0.16665790912472334, 8.862542223075932e-06, 8.608210089981415e-06] - [0.16669453617071336, 0.3333616659025805, 2.864774150990304e-05, 2.7859627829938447e-05] - [0.16667167728423948, 0.833338418894904, 5.1292713314791365e-06, 5.008204479169725e-06] - [7.842471240833615e-07, 8.081798521406772e-07, 8.298647363038015e-07, 7.842466773640629e-07]
B1: 0.1666512018580354 - 0.6666660140850584 - 0.16668917894765098 - -1.3924886270198206e-05
B2: 0.16664841725128512 - 0.6666426401106876 - 0.16663975769001374 - -1.8182125065756277e-05
