Number: 1725
Error: 3.5691600414135777e-06
A1: [-7.693034080390158e-06, -7.186840700914798e-06, -5.8716379562319785e-06, -7.547192535378047e-06] - [0.20831057903931444, 0.33331159922029724, -0.04168376144617197, -2.2111734975721724e-05] - [0.1666572931335735, 0.6666579206111112, 0.1666595466684873, -9.193598830087912e-06] - [-3.2740384048725603e-06, -2.922820934531844e-06, -2.5714319703113314e-06, -3.2712422565073673e-06]
A2: [0.16668434753944741, -0.1666484707157793, 1.8445610583454182e-05, 1.7650100850623302e-05] - [0.16669454532522338, 0.3333619753300015, 2.84827414525071e-05, 2.7758024127587367e-05] - [0.166659079387204, 0.8333254929870126, -8.27819965318248e-06, -7.6168239285085154e-06] - [9.265807013804161e-06, 9.54899388758718e-06, 9.805632764850894e-06, 9.26580375313984e-06]
B1: 0.1666364163024611 - 0.6666080112289556 - 0.1666791656104539 - -1.302759978982452e-05
B2: 0.1666286656324975 - 0.666612335213562 - 0.16660303127896717 - -3.724928325997457e-05
