Number: 2754
Error: 6.667300494328323e-06
A1: [-5.571127788677636e-06, -5.924498829542652e-06, -4.985919385840545e-06, -5.343927383372407e-06] - [0.2083277729166987, 0.3333243800728286, -0.04167323325390927, -4.5602407054696795e-06] - [0.16666034737421323, 0.6666600036510073, 0.1666612544293549, -6.039228290828919e-06] - [-5.23240435666477e-06, -4.671249242186232e-06, -4.109881679925589e-06, -5.227946148225916e-06]
A2: [0.16666142805329567, -0.16667202228596834, -5.801590545190041e-06, -5.287803122618416e-06] - [0.16658227967756262, 0.33324648617561137, -9.041403933969756e-05, -8.457985379533301e-05] - [0.16662356499444256, 0.8332889273468208, -4.591697427004951e-05, -4.314891504125829e-05] - [1.4785159260875018e-05, 1.5237051252200482e-05, 1.5646602195126842e-05, 1.4785157135699714e-05]
B1: 0.1666912640549497 - 0.6665503544734336 - 0.16656837253943274 - 5.11916881160679e-05
B2: 0.16668126477567666 - 0.6666791244632115 - 0.1666841529877458 - 1.5796189857775425e-05
