Number: 2850
Error: 6.614767992348465e-06
A1: [-5.8985766132588926e-06, -6.26776515236019e-06, -5.29993011756911e-06, -5.6633235047279056e-06] - [0.20832693772896604, 0.33332342099725976, -0.04167411458431567, -5.359941818896212e-06] - [0.16665993979366442, 0.6666595848153203, 0.16666087995382584, -6.4368703899438854e-06] - [-5.41510144781357e-06, -4.834361027113338e-06, -4.253406590722079e-06, -5.410488576472676e-06]
A2: [0.16666198006512437, -0.16667144783561147, -5.218297348654193e-06, -4.737508629124047e-06] - [0.16658228447481943, 0.33324650951135876, -9.041928528370572e-05, -8.458179204541841e-05] - [0.166622800619645, 0.8332881431223111, -4.673039486883509e-05, -4.391494041051389e-05] - [1.530031567424973e-05, 1.5767953993820325e-05, 1.6191778015680504e-05, 1.5300313775881094e-05]
B1: 0.16669026868386003 - 0.6665467370452036 - 0.1665676740052289 - 5.114915003061813e-05
B2: 0.16668014181872934 - 0.666677366794513 - 0.16668201187965345 - 1.4714853217214838e-05
