Number: 2005
Error: 3.723799603059877e-06
A1: [-8.666303734613786e-06, -8.207280976408008e-06, -6.8077754794043455e-06, -8.496956061390962e-06] - [0.20830806954662068, 0.3333087242782327, -0.04168641372148578, -2.4517651818338e-05] - [0.1666560861150609, 0.6666566797078821, 0.16665843411577863, -1.0371608744878225e-05] - [-3.806812043196332e-06, -3.3984854352230335e-06, -2.9899717438962086e-06, -3.8035629651485494e-06]
A2: [0.16668595844529024, -0.16664679422380554, 2.0148053728062463e-05, 1.925600100370082e-05] - [0.16669456629714424, 0.3333620506994394, 2.8475158950049047e-05, 2.775936598268264e-05] - [0.16665685279143774, 0.8333232085261142, -1.0647761634242123e-05, -9.848229211716157e-06] - [1.0768586180851735e-05, 1.1097707750741855e-05, 1.1395979663222916e-05, 1.0768582993665382e-05]
B1: 0.16663356747727323 - 0.6665975227973548 - 0.16667719952731938 - -1.309714177842861e-05
B2: 0.16662543610757657 - 0.666607197719567 - 0.16659671507443372 - -4.035750539503891e-05
