Number: 1067
Error: 3.2028407085170356e-06
A1: [-5.415816331497854e-06, -4.799417794138072e-06, -3.682987941324293e-06, -5.325207256074407e-06] - [0.20831643583382095, 0.3333183122047183, -0.04167757438417121, -1.649831140452401e-05] - [0.16666011943647305, 0.6666608258910823, 0.16666214963994133, -6.435461962759973e-06] - [-2.021961604926377e-06, -1.8049508442184742e-06, -1.5878183208976078e-06, -2.0202321619909958e-06]
A2: [0.1666805571133484, -0.1666524151389202, 1.4440346369704878e-05, 1.387143825918142e-05] - [0.16669448073792753, 0.3333617833497198, 2.8486163886452977e-05, 2.7739564955357588e-05] - [0.16666430883299493, 0.8333308584997932, -2.712618606124523e-06, -2.376077498761327e-06] - [5.733961283893101e-06, 5.909191435019993e-06, 6.067988087799129e-06, 5.733958541853819e-06]
B1: 0.1666430906903207 - 0.6666326303839893 - 0.16668374743120568 - -1.2884701013182474e-05
B2: 0.16663635993418513 - 0.6666244815309899 - 0.16661791390319763 - -2.984003532424193e-05
