Number: 2124
Error: 7.013673756048852e-06
A1: [-3.375689647858494e-06, -3.6226384605372374e-06, -2.873441705599359e-06, -3.201381711779818e-06] - [0.20833344125813016, 0.33333087194715827, -0.041667241097678206, 8.750352505913771e-07] - [0.16666306917080626, 0.6666628019466211, 0.16666376422307874, -3.3827019920423434e-06] - [-4.033423800465212e-06, -3.600798681570044e-06, -3.167980986086111e-06, -4.029982253689185e-06]
A2: [0.1666578093427166, -0.1666757886508075, -9.626397130868591e-06, -8.89524366183645e-06] - [0.16658225347213643, 0.3332463372686904, -9.037644951404199e-05, -8.45618595949776e-05] - [0.16662857982724025, 0.8332940723188614, -4.058053336734287e-05, -3.8123251702362174e-05] - [1.1404210127283303e-05, 1.175275931427678e-05, 1.2068639805666247e-05, 1.1404207026403473e-05]
B1: 0.16669765357363844 - 0.6665739471810981 - 0.16657280480892991 - 5.132792166120682e-05
B2: 0.16668848906887618 - 0.6666906590890554 - 0.16669835694489243 - 2.274736430049238e-05
