Number: 946
Error: 7.670022635745847e-06
A1: [7.297574327826177e-07, 6.816732818110355e-07, 1.0765715798825367e-06, 8.051553049533635e-07] - [0.20834404052688982, 0.33334301048239007, -0.041656037706186116, 1.1038484976989552e-05] - [0.1666681586089532, 0.6666680342767667, 0.16666845683725265, 1.584671514450237e-06] - [-1.791308295058578e-06, -1.599016800984593e-06, -1.4066148657995915e-06, -1.7897757236255816e-06]
A2: [0.16665102831399545, -0.1666828457057582, -1.6792623912650535e-05, -1.5655198977996787e-05] - [0.16658215060140508, 0.3332460053461798, -9.03591923487247e-05, -8.458209375898554e-05] - [0.16663794377331878, 0.8333036797098977, -3.061502761433698e-05, -2.8739060422561872e-05] - [5.0812898148791775e-06, 5.236569344271126e-06, 5.377285247068451e-06, 5.081287276247095e-06]
B1: 0.16670952706197625 - 0.6666179512933671 - 0.16658094006926874 - 5.150796372211668e-05
B2: 0.16670215505396527 - 0.6667123842502544 - 0.16672507248873877 - 3.590269538070661e-05
