Number: 2336
Error: 6.8968574371393815e-06
A1: [-4.101865502432153e-06, -4.38391935976183e-06, -3.570284943746954e-06, -3.9097705134406345e-06] - [0.20833158461542808, 0.3333287410316037, -0.04166920099685608, -9.032266935163295e-07] - [0.16666216600511302, 0.6666618737544497, 0.16666293383459804, -4.263915088778768e-06] - [-4.436902390439678e-06, -3.961025978442014e-06, -3.484948441890585e-06, -4.433118395566713e-06]
A2: [0.16665903002365118, -0.16667451838780964, -8.336580528947768e-06, -7.678355198364225e-06] - [0.16658227095140926, 0.3332463957588371, -9.038101641285933e-05, -8.455925345422197e-05] - [0.16662689369892988, 0.8332923423637639, -4.237495531120875e-05, -3.981302431995433e-05] - [1.254197153033196e-05, 1.2925297872860904e-05, 1.3272699892747529e-05, 1.2541968658523678e-05]
B1: 0.16669545969904043 - 0.6665659683138799 - 0.16657127781704256 - 5.123833069019474e-05
B2: 0.166686012592761 - 0.666686771483522 - 0.16669361257634369 - 2.0362794990475664e-05
