Number: 376
Error: 7.998688824494592e-06
A1: [2.670562790284988e-06, 2.715313766376182e-06, 2.935362404566674e-06, 2.69814114389393e-06] - [0.20834898270883476, 0.3333486840067478, -0.041650830196301836, 1.5769957412111092e-05] - [0.16667057397135873, 0.6666705154593707, 0.1666706734932654, 3.941007146444442e-06] - [-7.062973299715714e-07, -6.302976942341241e-07, -5.542490766421955e-07, -7.056923216239466e-07]
A2: [0.16664775251803063, -0.1666862541806956, -2.025305365810532e-05, -1.892079803624588e-05] - [0.1665821379354719, 0.3332458848885758, -9.030777151941993e-05, -8.455477873905468e-05] - [0.1666424876626524, 0.8333083420247531, -2.5778852602077565e-05, -2.4185377899469556e-05] - [2.0213509822189535e-06, 2.083097954972636e-06, 2.13905055613419e-06, 2.0213498071190284e-06]
B1: 0.1667148431177952 - 0.6666388559581475 - 0.1665845279724425 - 5.1166117512395706e-05
B2: 0.1667094215170472 - 0.6667234032047857 - 0.1667383490868975 - 4.29220813519693e-05
