Number: 1793
Error: 3.606797246250584e-06
A1: [-7.940021400971942e-06, -7.445879830223473e-06, -6.110799017024003e-06, -7.788460981988883e-06] - [0.20830992681819754, 0.33331085584708686, -0.041684453141267806, -2.2738760827875187e-05] - [0.16665698926884664, 0.6666576079148929, 0.16665926454180527, -9.490408203030641e-06] - [-3.4034268774455807e-06, -3.0383397041153356e-06, -2.6730769463435323e-06, -3.4005206788086125e-06]
A2: [0.16668473706503945, -0.16664806517256445, 1.8857550565415116e-05, 1.803841085199371e-05] - [0.16669454611870016, 0.33336198956892676, 2.8477083132168553e-05, 2.7754050671452432e-05] - [0.16665853819966026, 0.8333249377746398, -8.854049260767202e-06, -8.159179382717194e-06] - [9.630780667620828e-06, 9.925123509451443e-06, 1.0191873518717767e-05, 9.630777408646725e-06]
B1: 0.16663575945656103 - 0.666605497776657 - 0.1666787206383758 - -1.3009441654284173e-05
B2: 0.16662791674598196 - 0.6666110898606139 - 0.1666014647397232 - -3.796871370199304e-05
