Number: 1577
Error: 3.487186173253339e-06
A1: [-7.185048663031399e-06, -6.654288579389981e-06, -5.384013661974938e-06, -7.051625870398233e-06] - [0.20831187945502996, 0.3333130913235218, -0.04168238852030545, -2.0866042245588958e-05] - [0.16665792459890091, 0.666658569615919, 0.16666012745664696, -8.577460941817151e-06] - [-2.992423034193825e-06, -2.6713916944791086e-06, -2.350198440044906e-06, -2.9898665292941288e-06]
A2: [0.16668349450701078, -0.16664935835907263, 1.7544310710851477e-05, 1.6799714332661148e-05] - [0.16669452968704213, 0.3333619310922478, 2.8482514388229022e-05, 2.7752761732953286e-05] - [0.16666025556316874, 0.8333266997689225, -7.026414571046536e-06, -6.438105930425054e-06] - [8.471451767951437e-06, 8.730357919793961e-06, 8.964990376032532e-06, 8.471448539513712e-06]
B1: 0.16663794161975642 - 0.6666135725210741 - 0.16668021997791688 - -1.2971337939039418e-05
B2: 0.16663039904794122 - 0.6666150569594002 - 0.16660635476847763 - -3.557998567021192e-05
