Number: 1262
Error: 7.492399405905358e-06
A1: [-3.581968701000508e-07, -4.588084731485995e-07, 3.1955863432502174e-08, -2.5627788746163923e-07] - [0.20834125123237224, 0.33333981156924036, -0.04165898245740957, 8.366050584656598e-06] - [0.16666680693376315, 0.6666666450923332, 0.16666721326838552, 2.6572978159260054e-07] - [-2.392789124819721e-06, -2.136027582748693e-06, -1.8791277575478272e-06, -2.390743434929554e-06]
A2: [0.16665285016050335, -0.16668094996709706, -1.4867759739356799e-05, -1.383900546857239e-05] - [0.1665821855591154, 0.33324610127768023, -9.035741039384097e-05, -8.456930218115362e-05] - [0.16663543281969725, 0.8333011033718807, -3.3287507864174795e-05, -3.1255444054532977e-05] - [6.777556562301166e-06, 6.984685320174089e-06, 7.172391290709649e-06, 6.777553568703327e-06]
B1: 0.16670634381588875 - 0.666606151282299 - 0.16657876490810433 - 5.1461534122770997e-05
B2: 0.16669839503326733 - 0.6667065043818771 - 0.16671789844470378 - 3.2279654968491586e-05
