Number: 3054
Error: 6.503269905167829e-06
A1: [-6.615367899944736e-06, -7.019343835876017e-06, -5.990516988045146e-06, -6.362982990275462e-06] - [0.2083250785057296, 0.3333212937754076, -0.041676081336839726, -7.143675849930104e-06] - [0.1666590525019037, 0.6666586724176259, 0.16666006062990574, -7.303023238687285e-06] - [-5.803320412129188e-06, -5.1809609424915315e-06, -4.558385407023875e-06, -5.798379115543704e-06]
A2: [0.16666314891987918, -0.16667023112393947, -3.982608777930654e-06, -3.5723031973028144e-06] - [0.16658228307950834, 0.3332465479728092, -9.044106859813105e-05, -8.459750056537973e-05] - [0.1666211746794352, 0.8332864750570067, -4.8460442868087824e-05, -4.554438825960566e-05] - [1.6394992068106358e-05, 1.6896090295884328e-05, 1.735024412410739e-05, 1.6394990720014706e-05]
B1: 0.16668822506978329 - 0.6665391168589408 - 0.16656625161759875 - 5.1130335878276764e-05
B2: 0.1666778279028958 - 0.666673638743398 - 0.16667740006111742 - 1.2489378372882581e-05
