Number: 2138
Error: 7.0059690467235144e-06
A1: [-3.41595900766971e-06, -3.664794333237181e-06, -2.9109106097624866e-06, -3.24048380334694e-06] - [0.20833334960806263, 0.33333076392340477, -0.04166733608970518, 7.885316717749855e-07] - [0.1666630172954973, 0.666662748854857, 0.16666371802626812, -3.43313500755029e-06] - [-4.060070836819195e-06, -3.6245896062458727e-06, -3.1889151762338405e-06, -4.056606663336214e-06]
A2: [0.1666578912904008, -0.16667570349376182, -9.540017172442156e-06, -8.81354642661359e-06] - [0.16658225814134098, 0.33324634447479146, -9.0373588157005e-05, -8.455817257230166e-05] - [0.1666284689006954, 0.8332939584773702, -4.069865399869485e-05, -3.823441890171758e-05] - [1.147934659312464e-05, 1.1830192437708604e-05, 1.2148154567638763e-05, 1.1479343504265144e-05]
B1: 0.1666974833828287 - 0.6665733961609269 - 0.16657268106088682 - 5.129667336930849e-05
B2: 0.16668829921524686 - 0.6666904000132196 - 0.16669806657079217 - 2.2563580859954273e-05
