Number: 1412
Error: 7.4085691247197035e-06
A1: [-8.925949402521909e-07, -1.0191801060039895e-06, -4.839508335310039e-07, -7.78069898256463e-07] - [0.20833985474524297, 0.3333382164613969, -0.04166046110337708, 7.025103714223876e-06] - [0.16666614711866984, 0.6666659664250183, 0.16666660267179786, -3.785304871564326e-07] - [-2.678291332243702e-06, -2.390926829360818e-06, -2.1034123297269103e-06, -2.6760023435624862e-06]
A2: [0.1666537120907327, -0.16668005279163606, -1.3956581545723212e-05, -1.2979758613570473e-05] - [0.16658219518514078, 0.3332461403228094, -9.036256399245352e-05, -8.457019836094235e-05] - [0.16663424027763654, 0.8332998798603579, -3.455658844069629e-05, -3.245056385338052e-05] - [7.582712701384415e-06, 7.814452320260248e-06, 8.024463212343204e-06, 7.582709569473678e-06]
B1: 0.16670487088757976 - 0.6666005864838489 - 0.1665777670640837 - 5.147763924860478e-05
B2: 0.16669669113350993 - 0.6667037380303609 - 0.16671445842500462 - 3.0640777156653394e-05
