Number: 2189
Error: 3.825124313103422e-06
A1: [-9.311999564571644e-06, -8.884320272720684e-06, -7.429763477493861e-06, -9.127199512823894e-06] - [0.20830639578226887, 0.33330680896429704, -0.041688184113630955, -2.6123329338952354e-05] - [0.1666552867454183, 0.6666558577203952, 0.16665769611778, -1.1151910448593926e-05] - [-4.156911623250001e-06, -3.711056052301905e-06, -3.2650049527021436e-06, -4.153365225298696e-06]
A2: [0.16668701530893335, -0.16664569420875053, 2.1265179216583513e-05, 2.0309575247560427e-05] - [0.16669457476966115, 0.3333620950609519, 2.846516377103263e-05, 2.7754938527379963e-05] - [0.1666553886537811, 0.8333217063811313, -1.2205810678847452e-05, -1.1315527614334336e-05] - [1.1756086391536649e-05, 1.2115392298905954e-05, 1.2441022509501567e-05, 1.1756083348479657e-05]
B1: 0.16663171535770177 - 0.6665906476570932 - 0.16667592187375554 - -1.3122891988163996e-05
B2: 0.1666233389078694 - 0.6666038276003463 - 0.16659255020222266 - -4.237499221410924e-05
