Number: 2339
Error: 3.907575975526481e-06
A1: [-9.846179667764099e-06, -9.444489956206093e-06, -7.945493303678235e-06, -9.648775312328842e-06] - [0.20830499988312523, 0.33330521438284877, -0.041689662321647426, -2.74636933668803e-05] - [0.16665462720628926, 0.6666551792992418, 0.1666570857202918, -1.1795897973342916e-05] - [-4.442313087940296e-06, -3.965863051732507e-06, -3.4892116558953096e-06, -4.438524497498917e-06]
A2: [0.16668787511791566, -0.16664479915674776, 2.2174250131217088e-05, 2.1166702717850635e-05] - [0.1666945765554426, 0.33336212627781503, 2.8452255228816426e-05, 2.7746208022422098e-05] - [0.16665419425697056, 0.833320481021382, -1.3476721510687392e-05, -1.2512501211511718e-05] - [1.2561092368143886e-05, 1.2945004362773701e-05, 1.3292937267003942e-05, 1.2561089498789104e-05]
B1: 0.16663023192550105 - 0.6665850670541363 - 0.16667490200371943 - -1.3117434958912803e-05
B2: 0.16662165757011266 - 0.666601084233663 - 0.1665891332722512 - -4.399134821622859e-05
