Number: 1761
Error: 3.5891113207823587e-06
A1: [-7.83084372536954e-06, -7.33142641278167e-06, -6.006095480140294e-06, -7.681967778078988e-06] - [0.20831020534758343, 0.3333111756777625, -0.041684159222734246, -2.24720608229367e-05] - [0.16665712513934097, 0.6666577475413569, 0.16665938938282118, -9.357851041941748e-06] - [-3.3425377859224586e-06, -2.983977316051326e-06, -2.6252431628613334e-06, -3.3396833720115343e-06]
A2: [0.16668455255950157, -0.16664825715646148, 1.8662619147031755e-05, 1.7854477408537025e-05] - [0.16669454260900649, 0.33336197988776467, 2.8476930701663283e-05, 2.775278444654345e-05] - [0.1666587925130043, 0.8333251987066265, -8.58338553903052e-06, -7.904316381726038e-06] - [9.459032688468825e-06, 9.748125789082254e-06, 1.0010117723298163e-05, 9.45902942737432e-06]
B1: 0.16663609195940604 - 0.666606702932272 - 0.16667895135342106 - -1.2994567834841232e-05
B2: 0.16662829296710158 - 0.6666116777342009 - 0.16660218056906978 - -3.760635621292849e-05
