Number: 494
Error: 7.929157827989876e-06
A1: [2.291047954879801e-06, 2.317975803830117e-06, 2.5756177778812454e-06, 2.3285045588803015e-06] - [0.20834804966460682, 0.33334760513969985, -0.04165180701063143, 1.488044756766209e-05] - [0.16667009664231103, 0.6666700258936107, 0.16667024008079756, 3.475876334015538e-06] - [-9.309238285240429e-07, -8.308497488860545e-07, -7.307127233260183e-07, -9.301265740976956e-07]
A2: [0.16664843108856928, -0.16668554841997146, -1.9536815259755654e-05, -1.8244338441924127e-05] - [0.16658213634232852, 0.3332459047604069, -9.032432012197344e-05, -8.45646484132751e-05] - [0.16664154447347063, 0.8333073741714183, -2.6782839042801134e-05, -2.513059429307564e-05] - [2.6548304965465705e-06, 2.735940967741083e-06, 2.8094412526563416e-06, 2.654828984546375e-06]
B1: 0.1667137731144978 - 0.6666345507984058 - 0.1665837997639253 - 5.1267271936647864e-05
B2: 0.16670775819156808 - 0.6667210332420568 - 0.16673558611899067 - 4.130990534117202e-05
