Number: 156
Error: 8.132636043965315e-06
A1: [3.413601185307866e-06, 3.493152833721198e-06, 3.6446804781871034e-06, 3.4227286016702455e-06] - [0.2083508640112041, 0.3333508436312903, -0.04164885439781489, 1.7569959257481435e-05] - [0.16667149921243232, 0.6666714651639372, 0.16667152014985057, 4.843471663058867e-06] - [-2.874943250825092e-07, -2.563798968175321e-07, -2.2524441567999416e-07, -2.872480766065836e-07]
A2: [0.16664650401965006, -0.1666875534134326, -2.157190424040665e-05, -2.016536076445108e-05] - [0.16658220065072096, 0.3332459078232642, -9.021685108458243e-05, -8.447663299914805e-05] - [0.1666442593969908, 0.8333101599035553, -2.389348229864968e-05, -2.240986421945135e-05] - [8.402741912433855e-07, 8.659193240837426e-07, 8.891560029849599e-07, 8.402737118710479e-07]
B1: 0.16671641759139993 - 0.6666465022678877 - 0.1665855454290997 - 5.055721060586521e-05
B2: 0.16671264111032003 - 0.6667280486301858 - 0.1667438405697147 - 4.6046314108034693e-05
