Number: 2540
Error: 6.784681547666811e-06
A1: [-4.8187042260212444e-06, -5.1355518921041994e-06, -4.26092669913637e-06, -4.609476466328316e-06] - [0.20832972524702892, 0.3333266136533903, -0.04167116790307001, -2.6871033881427294e-06] - [0.16666127866332958, 0.6666609613048362, 0.166662114468076, -5.130115987104679e-06] - [-4.825142245303634e-06, -4.307646510651751e-06, -3.789943210172727e-06, -4.821029045923715e-06]
A2: [0.16666020078259317, -0.16667329976692163, -7.09898295339326e-06, -6.511245600825368e-06] - [0.16658227679016566, 0.33324644146150906, -9.039556413612658e-05, -8.456772695104968e-05] - [0.16662526953910684, 0.8332906760795249, -4.410322217151172e-05, -4.144069117349827e-05] - [1.3636755352750613e-05, 1.4053545080308297e-05, 1.4431278481247514e-05, 1.363675279640361e-05]
B1: 0.1666934103072863 - 0.6665583474864923 - 0.16656986044410604 - 5.121382834088418e-05
B2: 0.1666836934612012 - 0.666683038120165 - 0.16668899533811454 - 1.8132101175158904e-05
