Number: 347
Error: 2.7896340654477244e-06
A1: [-2.9394955919486483e-06, -2.2043229458018716e-06, -1.3072368085445664e-06, -2.9093119614130488e-06] - [0.20832277951724423, 0.33332558565799825, -0.04167088356897223, -1.0420875959017515e-05] - [0.1666631951786758, 0.6666639863404575, 0.16666497753059908, -3.4343010055189953e-06] - [-6.51823465338776e-07, -5.816636892092112e-07, -5.114583016345129e-07, -6.512650786231874e-07]
A2: [0.16667642342964473, -0.1666567166275799, 1.0072953353258792e-05, 9.75062668177053e-06] - [0.1666944749401523, 0.33336164083119907, 2.8559947319180926e-05, 2.7784237698062124e-05] - [0.1666700491753637, 0.8333367483533398, 3.396714148093498e-06, 3.3766275583644793e-06] - [1.8687732410774074e-06, 1.9258566663520436e-06, 1.9775830728579816e-06, 1.8687721488885771e-06]
B1: 0.16664977139776546 - 0.666659004085678 - 0.1666882507185733 - -1.3350705285486493e-05
B2: 0.16664540268365385 - 0.6666383423810011 - 0.1666347103528328 - -2.1109185817213644e-05
