Number: 956
Error: 7.664367466941554e-06
A1: [6.940986816296077e-07, 6.442853666036638e-07, 1.0421506019015122e-06, 7.703370183508964e-07] - [0.2083439473111575, 0.3333429040341953, -0.04165613638082835, 1.0948972109192155e-05] - [0.16666811459425412, 0.6666679890072028, 0.16666841610810257, 1.541693896902522e-06] - [-1.8103426059253362e-06, -1.6160109025624962e-06, -1.421567810806896e-06, -1.8087937850189242e-06]
A2: [0.1666510857259785, -0.1666827859463341, -1.6731933100497124e-05, -1.559796588737848e-05] - [0.16658215102065424, 0.33324600771701973, -9.035977699845393e-05, -8.458237595522317e-05] - [0.16663786421147628, 0.8333035980808928, -3.069969679223963e-05, -2.881879409185428e-05] - [5.134970594254179e-06, 5.291890967800883e-06, 5.434093916697275e-06, 5.1349680378376605e-06]
B1: 0.16670943190346885 - 0.6666175831521933 - 0.16658087621918902 - 5.1512074802911536e-05
B2: 0.1667020389217951 - 0.6667121972120756 - 0.16672484046913041 - 3.57908978918583e-05
