Number: 187
Error: 2.692559608274055e-06
A1: [-2.4122263259816875e-06, -1.6524611795270982e-06, -8.059236371763229e-07, -2.3954486839884464e-06] - [0.2083240951656978, 0.33332710080748607, -0.041669505017766804, -9.164303439094986e-06] - [0.1666638547508032, 0.6666646629890886, 0.1666655785224502, -2.7912805138286885e-06] - [-3.473411711102388e-07, -3.098134353233782e-07, -2.72260382654262e-07, -3.470436104428919e-07]
A2: [0.16667551324356825, -0.16665766359757883, 9.111823809983556e-06, 8.843301250069218e-06] - [0.16669451500102217, 0.33336165226887565, 2.8621107201862942e-05, 2.783551427975849e-05] - [0.16667133699967507, 0.8333380697736773, 4.767246749786917e-06, 4.667198898368707e-06] - [1.0097525865965763e-06, 1.0405783356775411e-06, 1.068509712637156e-06, 1.0097520002070028e-06]
B1: 0.16665096366337365 - 0.6666646104243785 - 0.1666890344705751 - -1.3746284720289161e-05
B2: 0.16664778311248085 - 0.6666417190713008 - 0.1666386597004127 - -1.8798070826552785e-05
