Number: 2742
Error: 6.673862667936179e-06
A1: [-5.533192624682209e-06, -5.8847546301473515e-06, -4.950000254510621e-06, -5.306995943669707e-06] - [0.2083278652472992, 0.333324487212173, -0.04167313650976538, -4.4723343964449085e-06] - [0.16666039529415672, 0.6666600528079228, 0.1666612978713279, -5.992547768591261e-06] - [-5.209566213491149e-06, -4.6508592144719425e-06, -4.0919399909985665e-06, -5.205127343602605e-06]
A2: [0.1666613585251428, -0.16667209459371976, -5.874977078278625e-06, -5.357116607330403e-06] - [0.1665822776851727, 0.3332464819323643, -9.04146397677614e-05, -8.458100424969788e-05] - [0.16662366037122878, 0.8332890252128142, -4.581545030485743e-05, -4.3053331936907515e-05] - [1.4720764099102809e-05, 1.517068777448824e-05, 1.5578454569168835e-05, 1.4720761947011488e-05]
B1: 0.16669139844944586 - 0.6665508161406446 - 0.16656846885741358 - 5.120698595366535e-05
B2: 0.16668141533017322 - 0.6666793450152206 - 0.16668441161554118 - 1.5941541401651187e-05
