Number: 2228
Error: 6.9563209651716965e-06
A1: [-3.736450027998673e-06, -4.0008745926473545e-06, -3.2203209316373086e-06, -3.5534119859700784e-06] - [0.20833251223494043, 0.33332980735141515, -0.041668222821062535, -1.5519438019404356e-08] - [0.16666262153677855, 0.6666623417787009, 0.1666633517782755, -3.8195623440487734e-06] - [-4.23135657525415e-06, -3.777513757332238e-06, -3.3234739329637273e-06, -4.22774699428595e-06]
A2: [0.16665840750111616, -0.1666751661305821, -8.994244328371041e-06, -8.298945719335167e-06] - [0.16658226043618785, 0.3332463644527323, -9.03800930534034e-05, -8.456219174149063e-05] - [0.1666277525345416, 0.8332932235385155, -4.146092603027572e-05, -3.8952332141343375e-05] - [1.1962363093988808e-05, 1.232797295459109e-05, 1.2659316917411781e-05, 1.196236009291698e-05]
B1: 0.16669659179874297 - 0.666570047105515 - 0.1665720694525929 - 5.1298453930278087e-05
B2: 0.16668728939796448 - 0.6666887530643255 - 0.16669601574506018 - 2.1592778971556197e-05
