Number: 297
Error: 2.759631678814572e-06
A1: [-2.760004628016819e-06, -2.0162830494129484e-06, -1.1341297162530516e-06, -2.734024481242169e-06] - [0.2083232500293784, 0.33332612198240474, -0.0416703864642335, -9.96888198187092e-06] - [0.1666634162170897, 0.6666642135830216, 0.16666518199814404, -3.2184492406266674e-06] - [-5.566723592841259e-07, -4.967105300237313e-07, -4.367092870283601e-07, -5.561954558185332e-07]
A2: [0.1666761405615953, -0.16665701113766182, 9.773866706193735e-06, 9.468652478110907e-06] - [0.16669449008822954, 0.3333616466166726, 2.858084347446726e-05, 2.7802890294766717e-05] - [0.16667045136402517, 0.8333371609787066, 3.824624910556383e-06, 3.779674580475703e-06] - [1.6003266093402699e-06, 1.6492044381481423e-06, 1.69349480023266e-06, 1.600325670426519e-06]
B1: 0.16665012250312886 - 0.6666607336444316 - 0.1666884722818483 - -1.349586263201399e-05
B2: 0.1666460752634417 - 0.6666393723650872 - 0.16663596798657582 - -2.045826357729512e-05
