Number: 3091
Error: 4.3185233873782295e-06
A1: [-1.2447354050010651e-05, -1.2171631904061116e-05, -1.0445535734458748e-05, -1.2186836739687857e-05] - [0.20829831113227143, 0.3332975469522216, -0.041696729004615685, -3.3874332029161673e-05] - [0.1666513983669446, 0.6666518601569029, 0.16665411192407545, -1.4946852503072721e-05] - [-5.873068935958282e-06, -5.243241997724405e-06, -4.613198691512183e-06, -5.868068666665591e-06]
A2: [0.16669219254405274, -0.166640305708641, 2.673729674293526e-05, 2.5470685037377445e-05] - [0.1666945963015444, 0.33336229184769794, 2.8394823485336358e-05, 2.7713227172650832e-05] - [0.16664820455137458, 0.8333143358807112, -1.9850445271488173e-05, -1.8515127598868793e-05] - [1.6596470088201857e-05, 1.7103728297969762e-05, 1.756346599980337e-05, 1.65964688492744e-05]
B1: 0.16662256086608154 - 0.6665568502755749 - 0.16666954276900928 - -1.3324695217323647e-05
B2: 0.16661298457301285 - 0.6665873263128896 - 0.16657225117767935 - -5.233853573809111e-05
