Number: 1284
Error: 7.480037674728782e-06
A1: [-4.557559368522373e-07, -5.612534794728269e-07, -6.50436366731893e-08, -3.5196968681546966e-07] - [0.20834096916091563, 0.33333949603212326, -0.041659285246304016, 8.092198989771136e-06] - [0.1666666907757887, 0.6666665250816544, 0.1666671021542506, 1.5187175103071415e-07] - [-2.4346592947939787e-06, -2.1734091017578113e-06, -1.912018847975367e-06, -2.432577914096549e-06]
A2: [0.1666529732981443, -0.166680821498643, -1.4737067635945603e-05, -1.3716261385241473e-05] - [0.1665821784047818, 0.3332460988631868, -9.036585958533636e-05, -8.457799974738682e-05] - [0.16663525691024544, 0.8333009229712649, -3.3474537940920614e-05, -3.143173156498353e-05] - [6.89564777331448e-06, 7.106386155198475e-06, 7.297363519115035e-06, 6.895644756250684e-06]
B1: 0.166706191555685 - 0.66660539602543 - 0.16657867662342135 - 5.152771782386949e-05
B2: 0.16669820986238865 - 0.666706103584716 - 0.16671733576898773 - 3.210401901705535e-05
