Number: 31
Error: 2.5942433759907117e-06
A1: [-2.0307162229996917e-06, -1.2548244866793818e-06, -4.654218087776814e-07, -2.026882261975378e-06] - [0.2083248429828272, 0.33332801163523146, -0.04166875886842082, -8.473572194815308e-06] - [0.16666436333603632, 0.6666651803468664, 0.16666601423792388, -2.298704516248869e-06] - [-5.047797530966064e-08, -4.4762551981850206e-08, -3.904302041765064e-08, -5.0434962173142365e-08]
A2: [0.1666746135998929, -0.1666585977372898, 8.165283853464453e-06, 7.946447646219573e-06] - [0.16669453819987956, 0.3333616514976952, 2.867281974426841e-05, 2.786965197225281e-05] - [0.16667259695616438, 0.833339363088221, 6.1090438114312915e-06, 5.929834525528136e-06] - [1.7222663513553832e-07, 1.7745168853207595e-07, 1.8218363912001176e-07, 1.7222657681427712e-07]
B1: 0.16665226791157758 - 0.66667023309374 - 0.1666899697499172 - -1.3989591992912215e-05
B2: 0.16665078641184566 - 0.6666452783880492 - 0.16664233823047983 - -1.5862378639765922e-05
