Number: 275
Error: 2.746404568071376e-06
A1: [-2.7097217349999808e-06, -1.9638600264931498e-06, -1.0898979227494262e-06, -2.685563624843004e-06] - [0.20832334147986528, 0.3333262358628889, -0.04167029636524217, -9.8854687807046e-06] - [0.16666348446639426, 0.6666642829244382, 0.16666523968143096, -3.1524542956407328e-06] - [-5.148067669760624e-07, -4.5933130900817875e-07, -4.038192051037253e-07, -5.143657227950674e-07]
A2: [0.16667601146406807, -0.16665714510934432, 9.638142770891326e-06, 9.339948449305052e-06] - [0.16669448502678633, 0.3333616380972661, 2.8579670208438252e-05, 2.7799371638663633e-05] - [0.1666706271189788, 0.8333373414088687, 4.011868474256299e-06, 3.955807404659995e-06] - [1.4822236701722548e-06, 1.5274914366086557e-06, 1.5685103098963319e-06, 1.4822228001287616e-06]
B1: 0.16665036413420822 - 0.6666615783829937 - 0.16668865010008613 - -1.3472501860928488e-05
B2: 0.16664647461135398 - 0.6666398394828827 - 0.16663644083321275 - -2.006845103578573e-05
