Number: 169
Error: 2.6813728057142027e-06
A1: [-2.3425521373437045e-06, -1.5794627391078683e-06, -7.380546725532782e-07, -2.3272925862245227e-06] - [0.20832428481932314, 0.33332731515765157, -0.041669303783493, -8.981335690428835e-06] - [0.16666393938683746, 0.6666647501135213, 0.16666565770234176, -2.7085165412462166e-06] - [-3.130864379100589e-07, -2.7923000769221287e-07, -2.453506307041191e-07, -3.1281823556572136e-07]
A2: [0.16667541322466545, -0.16665776782733513, 9.005921925074862e-06, 8.743604095287473e-06] - [0.1666945266719126, 0.3333616605485913, 2.8634789099243275e-05, 2.784844663453274e-05] - [0.1666714830742459, 0.8333382196146021, 4.922595888886016e-06, 4.813582430721104e-06] - [9.131042933289561e-07, 9.409757992116624e-07, 9.662300230623534e-07, 9.131037664552806e-07]
B1: 0.16665104628804825 - 0.6666651931956669 - 0.16668907825079965 - -1.3842308280557854e-05
B2: 0.16664802933201134 - 0.6666421095263019 - 0.16663914844983818 - -1.8559646905525997e-05
