Number: 1854
Error: 7.16293636481221e-06
A1: [-2.4381299840296723e-06, -2.6396564402895826e-06, -1.9718170401988616e-06, -2.286488117650336e-06] - [0.2083358570221028, 0.33333363988425163, -0.04166468811083695, 3.1909242420541956e-06] - [0.16666423227421354, 0.6666639976414093, 0.16666483606734198, -2.247570565041376e-06] - [-3.5195502328484827e-06, -3.142009682516318e-06, -2.7642901807548596e-06, -3.5165453052189026e-06]
A2: [0.16665625576853416, -0.16667740548019805, -1.1268240460663952e-05, -1.0443987801210048e-05] - [0.16658223271306768, 0.33324626399983814, -9.036969674374941e-05, -8.456367707396183e-05] - [0.16663072689733244, 0.8332962751735481, -3.829560899859413e-05, -3.59715406555122e-05] - [9.955107560059933e-06, 1.0259362945495857e-05, 1.053509713577971e-05, 9.955104313505984e-06]
B1: 0.16670040711820147 - 0.6665840673605546 - 0.16657470660994272 - 5.1401394593796065e-05
B2: 0.1666916049724101 - 0.6666956117773336 - 0.16670444255495198 - 2.5746220548076527e-05
