Number: 623
Error: 2.950986991479373e-06
A1: [-3.865142191307657e-06, -3.173900135137666e-06, -2.1911297801256075e-06, -3.811817797488077e-06] - [0.20832044358311078, 0.33332289968085665, -0.04167333982612848, -1.2654839723436301e-05] - [0.1666620403570865, 0.6666628006258232, 0.16666392088112272, -4.560555369538187e-06] - [-1.1770516686141941e-06, -1.0506000892023682e-06, -9.240709000002628e-07, -1.1760438825440556e-06]
A2: [0.16667800581104325, -0.16665507028735577, 1.1744194853182835e-05, 1.1328073585596103e-05] - [0.16669446148670786, 0.3333616785913482, 2.851363385494622e-05, 2.775143709574019e-05] - [0.16666784311562216, 0.8333344847507894, 1.0487627901483408e-06, 1.1658289721287545e-06] - [3.350495056386623e-06, 3.4528701938602693e-06, 3.5456412691576727e-06, 3.35049320401385e-06]
B1: 0.16664733001023407 - 0.6666489961243167 - 0.16668660911914926 - -1.3052700406565479e-05
B2: 0.1666416968693235 - 0.6666328646667804 - 0.16662818712823246 - -2.4695435128962897e-05
