Number: 1859
Error: 3.6432433018027327e-06
A1: [-8.160706707369175e-06, -7.677193663028384e-06, -6.3217513069511015e-06, -8.003613901184205e-06] - [0.2083093704480553, 0.3333102153103034, -0.04168503921786323, -2.327075027942719e-05] - [0.16665671357667444, 0.6666573247312886, 0.16665901210798242, -9.759271033317096e-06] - [-3.5290103763180053e-06, -3.150462024683882e-06, -2.7717343052217294e-06, -3.525997395665439e-06]
A2: [0.16668511830736737, -0.16664766854433005, 1.926021787535489e-05, 1.841847320249117e-05] - [0.166694555106526, 0.333362011184898, 2.847893999796104e-05, 2.7758411184919746e-05] - [0.1666580138478444, 0.8333243997596642, -9.41214897316426e-06, -8.684664915564306e-06] - [9.985005199748659e-06, 1.0290175458945016e-05, 1.0566738889166713e-05, 9.985001952321134e-06]
B1: 0.1666350592369803 - 0.6666029981952142 - 0.16667823130707124 - -1.3054566749465962e-05
B2: 0.1666271255270006 - 0.6666098761152232 - 0.16660000186619592 - -3.873133756426992e-05
