Number: 576
Error: 7.881407584858476e-06
A1: [2.002561416366002e-06, 2.015652248319132e-06, 2.2979669815391537e-06, 2.046906259249695e-06] - [0.20834730140492996, 0.3333467497187881, -0.04165259733936632, 1.4162536227285812e-05] - [0.16666973983764635, 0.6666696591277248, 0.16666991087855834, 3.1275723216332946e-06] - [-1.087014390088058e-06, -9.702104805131403e-07, -8.533343150556343e-07, -1.086083614568663e-06]
A2: [0.1666488998819075, -0.16668506048527285, -1.904134588772221e-05, -1.7777012027272003e-05] - [0.16658213034309877, 0.3332459143777838, -9.033929850999827e-05, -8.457639919364373e-05] - [0.1666408893457779, 0.8333067020078455, -2.7480009061145458e-05, -2.578713077119766e-05] - [3.0950405413400414e-06, 3.1896068349708996e-06, 3.275301228291349e-06, 3.09503881138736e-06]
B1: 0.16671306728885596 - 0.6666315980578416 - 0.16658333391182148 - 5.1375399210605954e-05
B2: 0.16670672143664175 - 0.6667194279244262 - 0.16673362580615758 - 4.030869406021159e-05
