Number: 1479
Error: 3.4327487058366286e-06
A1: [-6.831161296024404e-06, -6.283153189819981e-06, -5.041647943375029e-06, -6.705978623693131e-06] - [0.20831281108007735, 0.33331415382684093, -0.04168140098498668, -1.9970720510594198e-05] - [0.1666583604285115, 0.6666590180510414, 0.16666053171108336, -8.151797747012626e-06] - [-2.8059467208260377e-06, -2.5049040359557986e-06, -2.2037062900334742e-06, -2.8035489880187632e-06]
A2: [0.16668293251276, -0.1666499434176561, 1.695005490401487e-05, 1.6239471983046672e-05] - [0.16669452666092624, 0.33336190874713645, 2.8488907010152872e-05, 2.7756605462046584e-05] - [0.16666103517425523, 0.8333274996010787, -6.196831570838305e-06, -5.656811796205963e-06] - [7.945438066768977e-06, 8.188265774539431e-06, 8.408325988574926e-06, 7.945434886714072e-06]
B1: 0.16663889224503456 - 0.6666171979053447 - 0.1666808632688329 - -1.299352251834458e-05
B2: 0.16663148970992414 - 0.6666168566405685 - 0.16660861048941833 - -3.453177506149437e-05
