Number: 225
Error: 2.715929450597071e-06
A1: [-2.5298993432170174e-06, -1.7755170993430124e-06, -9.165164558709003e-07, -2.5099450254451095e-06] - [0.2083238132043814, 0.33332677329883337, -0.04166979825046373, -9.43226350024533e-06] - [0.1666637057788175, 0.6666645104192784, 0.16666544437907477, -2.9363288167927768e-06] - [-4.1965546819339807e-07, -3.7437787141444353e-07, -3.29070014544697e-07, -4.192959400768588e-07]
A2: [0.16667572984345372, -0.16665743834591948, 9.340352515235205e-06, 9.059221678255744e-06] - [0.16669450528513202, 0.33336164910088983, 2.860587913004093e-05, 2.782313446505279e-05] - [0.16667103060879945, 0.8333377553630629, 4.4411322742104145e-06, 4.360155564312472e-06] - [1.2137704066296163e-06, 1.250832371460198e-06, 1.2844150573564052e-06, 1.2137696961603265e-06]
B1: 0.16665068004463907 - 0.6666632767457682 - 0.16668884444735144 - -1.3652829664073673e-05
B2: 0.16664717288174846 - 0.6666408959465956 - 0.16663772567062593 - -1.93918380188547e-05
