Number: 2946
Error: 6.562289343559626e-06
A1: [-6.22602563043494e-06, -6.611030744668217e-06, -5.613939670486659e-06, -5.982719900707171e-06] - [0.20832610253828052, 0.33332246192099957, -0.04167499591437827, -6.159646093057527e-06] - [0.1666595322137719, 0.6666591659807202, 0.16666050547882943, -6.834512003318095e-06] - [-5.597796816376272e-06, -4.997471118922914e-06, -4.39693022428533e-06, -5.593029350602291e-06]
A2: [0.16666253189269795, -0.1666708735702881, -4.635189462218055e-06, -4.187398389367196e-06] - [0.16658228856760643, 0.3332465321406262, -9.042523842395413e-05, -8.458443484986146e-05] - [0.1666220360708598, 0.8332873587233982, -4.754399018847916e-05, -4.468113982081347e-05] - [1.581546259048615e-05, 1.6298846932039256e-05, 1.6736943893394933e-05, 1.581546093947557e-05]
B1: 0.1666892742746146 - 0.6665431200739802 - 0.16656697537749596 - 5.110756556040425e-05
B2: 0.16667901899332122 - 0.6666756092554748 - 0.16667987090161213 - 1.3633648475964682e-05
