Number: 369
Error: 2.8027341978179566e-06
A1: [-3.0136157945248773e-06, -2.281940742477534e-06, -1.3780204001637667e-06, -2.981587283335951e-06] - [0.20832259202372627, 0.3333253702726025, -0.04167108063278102, -1.0600240180819576e-05] - [0.1666631028172558, 0.6666638915173393, 0.16666489299640658, -3.5243849954905993e-06] - [-6.936897455026389e-07, -6.190429753467535e-07, -5.443479071731481e-07, -6.930955132901602e-07]
A2: [0.16667654893880193, -0.16665658603153527, 1.0205524596177531e-05, 9.875742511961275e-06] - [0.16669447135512167, 0.3333616412793948, 2.855365159103976e-05, 2.7779110536064683e-05] - [0.1666698727003884, 0.8333365672785134, 3.208904484732436e-06, 3.1997748668596524e-06] - [1.9868858947744522e-06, 2.047579666169586e-06, 2.1025778368093604e-06, 1.986884736576787e-06]
B1: 0.1666495945801792 - 0.6666582221987931 - 0.16668813379344716 - -1.3309176164819797e-05
B2: 0.16664509522358534 - 0.6666378927529993 - 0.16663417645938136 - -2.1407115511062812e-05
