Number: 621
Error: 2.9498467193794427e-06
A1: [-3.862788505219532e-06, -3.171470980361169e-06, -2.18956427629436e-06, -3.8096276248645023e-06] - [0.20832044298082145, 0.33332290063647424, -0.041673341513328604, -1.2656164139435427e-05] - [0.16666204432793505, 0.6666628045747677, 0.1666639236491827, -4.556787315486045e-06] - [-1.1732457260935153e-06, -1.047201947651545e-06, -9.210807781643747e-07, -1.1722411942756003e-06]
A2: [0.16667799356380136, -0.16665508296232195, 1.1731377372788637e-05, 1.1315862132377952e-05] - [0.16669445948162287, 0.33336167630778757, 2.8512058448010118e-05, 2.774957233250903e-05] - [0.16666785883450155, 0.8333345008973266, 1.0655321829096052e-06, 1.1815822223098107e-06] - [3.339760600193936e-06, 3.4418076157305367e-06, 3.534281333459422e-06, 3.339758752793977e-06]
B1: 0.16664736321188506 - 0.6666490833803157 - 0.16668663497692868 - -1.3039338064996944e-05
B2: 0.16664173760153067 - 0.666632904676264 - 0.16662822040813763 - -2.4655570325732062e-05
