Number: 1287
Error: 3.325899734363084e-06
A1: [-6.1758860732479e-06, -5.59623409704616e-06, -4.413242607645077e-06, -6.0668110720688685e-06] - [0.2083144830034495, 0.3333160735120565, -0.04167963682846493, -1.836977572811482e-05] - [0.1666591758315757, 0.6666598559796129, 0.16666128090854773, -7.35627622378601e-06] - [-2.4405980634776993e-06, -2.178715741572101e-06, -1.9166929714269256e-06, -2.4385116068455858e-06]
A2: [0.16668182478810584, -0.16665109600215175, 1.5779797626210688e-05, 1.513517990979676e-05] - [0.1666945031682027, 0.3333618482778205, 2.848566438257826e-05, 2.774657285505021e-05] - [0.16666256047743666, 0.8333290646303094, -4.5733991234402085e-06, -4.128211115240187e-06] - [6.914871624528842e-06, 7.126198345968658e-06, 7.317708948413203e-06, 6.914868601569559e-06]
B1: 0.16664087267051586 - 0.6666244127109383 - 0.16668222952368603 - -1.2918920391706914e-05
B2: 0.16663376440155264 - 0.6666204017344345 - 0.16661292378015236 - -3.2340262546398256e-05
