Number: 1453
Error: 3.418330938080142e-06
A1: [-6.752919701916881e-06, -6.201214884366296e-06, -4.968221406072629e-06, -6.6299082017377575e-06] - [0.2083129952291772, 0.33331436915711676, -0.04168120908447074, -1.9796142573824642e-05] - [0.16665846024585865, 0.6666591203238597, 0.16666062137386975, -8.054662500532121e-06] - [-2.7564722643056594e-06, -2.460732233349392e-06, -2.1648390282229866e-06, -2.75411666789166e-06]
A2: [0.16668278073459994, -0.16665010118252055, 1.6789989906357505e-05, 1.6088158728109733e-05] - [0.16669451884973088, 0.33336189615940853, 2.8484313581205348e-05, 2.775061730871147e-05] - [0.16666124119380551, 0.8333277110277687, -5.97746647394507e-06, -5.450345624752597e-06] - [7.805889986715242e-06, 8.044452168050897e-06, 8.260646465890656e-06, 7.805886823114511e-06]
B1: 0.1666391955343048 - 0.6666182084847824 - 0.16668108034056273 - -1.2948283034917428e-05
B2: 0.16663183281416727 - 0.666617339075069 - 0.16660916244571522 - -3.4199937481097095e-05
