Number: 46
Error: 8.202291225761046e-06
A1: [3.667401347388162e-06, 3.7574382753569294e-06, 3.867791508572376e-06, 3.6674161415823324e-06] - [0.20835132973364073, 0.3333514207619808, -0.04164839692599765, 1.7995486681265434e-05] - [0.16667184245208494, 0.6666718136928319, 0.16667181021262206, 5.175437157690782e-06] - [-7.80728563034939e-08, -6.940056900973074e-08, -6.072223065988564e-08, -7.800618622546621e-08]
A2: [0.16664586737579035, -0.16668821424386174, -2.224133119666407e-05, -2.0800036793413813e-05] - [0.16658221154797465, 0.3332459021914201, -9.018507276461298e-05, -8.445802062158324e-05] - [0.16664514743859057, 0.8333110715176578, -2.2947626095950115e-05, -2.151993303716624e-05] - [2.4973580841657287e-07, 2.573299460729318e-07, 2.642087728567078e-07, 2.497357032864307e-07]
B1: 0.1667173741979451 - 0.6666505028089736 - 0.16658623950195095 - 5.042261611823103e-05
B2: 0.1667148231342459 - 0.6667305749489923 - 0.16674640044574612 - 4.818065444837332e-05
