Number: 1411
Error: 3.394975888420628e-06
A1: [-6.608087546020397e-06, -6.049376088085991e-06, -4.829097880010523e-06, -6.488601010267699e-06] - [0.20831336696908243, 0.3333147954354759, -0.04168081648734087, -1.943993494631371e-05] - [0.1666586401226568, 0.6666593052135341, 0.16666078693921849, -7.87913619592985e-06] - [-2.676552722255993e-06, -2.3893790624181327e-06, -2.1020553368750006e-06, -2.6742652017956505e-06]
A2: [0.16668253868778635, -0.16665035305547254, 1.653423722691885e-05, 1.584686278033531e-05] - [0.16669451441936928, 0.3333618836052281, 2.8484240538702123e-05, 2.7749131323965653e-05] - [0.16666157494056405, 0.8333280534600656, -5.622263242254314e-06, -5.115877536491373e-06] - [7.580454944263393e-06, 7.812126331674562e-06, 8.02207541380443e-06, 7.580451810450624e-06]
B1: 0.16663962438882093 - 0.6666197826043448 - 0.16668137534342417 - -1.293633034024161e-05
B2: 0.16663232470767073 - 0.6666181135213526 - 0.16661010984589733 - -3.372623908251093e-05
