Number: 1562
Error: 7.325043102861955e-06
A1: [-1.4029452670552618e-06, -1.5541625820255087e-06, -9.731286224709392e-07, -1.2758373832650564e-06] - [0.20833855508238877, 0.3333367235790378, -0.04166183212762244, 5.780887993315316e-06] - [0.16666551159618012, 0.666665313406112, 0.1666660190765054, -9.985217979656752e-07] - [-2.963793925132982e-06, -2.6458268039626217e-06, -2.327698931736608e-06, -2.961261803153628e-06]
A2: [0.16665457798679356, -0.16667915184823207, -1.304184339048342e-05, -1.2116545928450833e-05] - [0.1665822150812241, 0.3332461891257658, -9.035850043625119e-05, -8.456082470298704e-05] - [0.1666330488907251, 0.8332986574453343, -3.58246354166281e-05, -3.364452863569502e-05] - [8.387845975976403e-06, 8.644195745287311e-06, 8.876511255083463e-06, 8.387842756018559e-06]
B1: 0.16670331270895142 - 0.6665949397623044 - 0.16657669051209528 - 5.1408416265273315e-05
B2: 0.16669491219165167 - 0.666700971554362 - 0.16671109728159575 - 2.8926860101501198e-05
