Number: 1544
Error: 7.335015790278799e-06
A1: [-1.358001835251293e-06, -1.5071786800701795e-06, -9.32556269733167e-07, -1.232388274004307e-06] - [0.20833864539409822, 0.3333368333913027, -0.0416617406225927, 5.864608898670566e-06] - [0.16666557138602792, 0.6666653743707126, 0.1666660707859255, -9.40579910716734e-07] - [-2.9295303322445227e-06, -2.6152353244298224e-06, -2.300780805497682e-06, -2.927027380641501e-06]
A2: [0.16665447131085412, -0.1666792625922021, -1.3154097981296114e-05, -1.2222899858847693e-05] - [0.16658220548788075, 0.3332461764263859, -9.036544915165094e-05, -8.456915533342247e-05] - [0.16663319102359633, 0.8332988033453372, -3.5673213340105106e-05, -3.350208641173753e-05] - [8.291231442424827e-06, 8.544628019969106e-06, 8.774266979834591e-06, 8.291228230384293e-06]
B1: 0.16670355339612877 - 0.6665956687058806 - 0.1665768686733353 - 5.1470473643200405e-05
B2: 0.16669518104662873 - 0.666701308095175 - 0.16671145157928183 - 2.9187910519531236e-05
