Number: 1558
Error: 7.327246852030463e-06
A1: [-1.398282732888625e-06, -1.549345845121384e-06, -9.70035796791569e-07, -1.2715018210568344e-06] - [0.20833855370329846, 0.33333672532854625, -0.04166183565079591, 5.778064807412086e-06] - [0.16666551950076425, 0.6666653212694466, 0.16666602458094235, -9.910227222406069e-07] - [-2.956178643489714e-06, -2.6390274827302034e-06, -2.321715845139599e-06, -2.9536530046832307e-06]
A2: [0.16665455337481086, -0.16667917731915313, -1.3067602611536204e-05, -1.214108635221078e-05] - [0.16658221059015388, 0.3332461840634166, -9.036215965925317e-05, -8.456503516642678e-05] - [0.16663308020250664, 0.8332986896086613, -3.5791229757382e-05, -3.361314810851657e-05] - [8.36637619904993e-06, 8.622069700479595e-06, 8.853790417684165e-06, 8.366372980800316e-06]
B1: 0.1667033836292312 - 0.6665951184081956 - 0.1665767459865402 - 5.143965550191835e-05
B2: 0.16669499015245043 - 0.6667010479525608 - 0.1667111601115288 - 2.900308604652107e-05
