Number: 2013
Error: 3.728223383649244e-06
A1: [-8.69958774116846e-06, -8.242220383858844e-06, -6.840613828468385e-06, -8.529563225383537e-06] - [0.2083079757908124, 0.33330861884165747, -0.04168651403510445, -2.4608427213223082e-05] - [0.1666560460953797, 0.6666566384090321, 0.1666583961730706, -1.0410794330595301e-05] - [-3.822033435634208e-06, -3.4120749681066e-06, -3.001929020369994e-06, -3.818771425894894e-06]
A2: [0.16668600352193239, -0.1666467472269923, 2.0195840959731067e-05, 1.9300934666870052e-05] - [0.16669456439711328, 0.3333620504755775, 2.8472694459258743e-05, 2.7756905238769872e-05] - [0.16665678887735796, 0.833323142973537, -1.0715729834960741e-05, -9.91228067519215e-06] - [1.081152445084342e-05, 1.1141958484781373e-05, 1.1441419969369342e-05, 1.0811521268350484e-05]
B1: 0.16663350403093888 - 0.666597240224283 - 0.16667715959467796 - -1.3081165626973622e-05
B2: 0.1666253626476981 - 0.666607052674523 - 0.16659651833751848 - -4.042750100597568e-05
