Number: 864
Error: 7.71646983352033e-06
A1: [1.0174132924707861e-06, 9.832352897124756e-07, 1.3535316012709061e-06, 1.0859238725548238e-06] - [0.20834478576153254, 0.3333438631254394, -0.0416552499041598, 1.1753374383172654e-05] - [0.1666685147242381, 0.6666684004069245, 0.16666878546069056, 1.932287263668409e-06] - [-1.635225244454224e-06, -1.4596634304151458e-06, -1.2839991104721472e-06, -1.633825949287335e-06]
A2: [0.16665055682836552, -0.16668333639643867, -1.7290906183077048e-05, -1.6125217688641065e-05] - [0.1665821454993922, 0.33324598436261577, -9.035581516037788e-05, -8.458144395099222e-05] - [0.16663859605374912, 0.833304348957776, -2.9920833328331363e-05, -2.808537103352398e-05] - [4.641103969569561e-06, 4.782928460718655e-06, 4.911450534313239e-06, 4.641101584850952e-06]
B1: 0.16671031846504583 - 0.666620980831367 - 0.16658147407941318 - 5.1485369787211105e-05
B2: 0.16670312738635462 - 0.6667139231782189 - 0.16672696460366526 - 3.683948316909964e-05
