Number: 2355
Error: 3.916324462993812e-06
A1: [-9.88877941467354e-06, -9.489054276664472e-06, -7.984510153905736e-06, -9.690044394638844e-06] - [0.2083049088990832, 0.33330510545894493, -0.04168975558112067, -2.7548809171253302e-05] - [0.1666545713842204, 0.6666551222794159, 0.16665703677213076, -1.1850075143429924e-05] - [-4.472757257077725e-06, -3.993044284746235e-06, -3.5131293866235966e-06, -4.468942840923038e-06]
A2: [0.16668796925307042, -0.1666447013838275, 2.2273390080341277e-05, 2.1260551738009687e-05] - [0.16669458304485776, 0.33336213558696304, 2.845651889095943e-05, 2.775157527567455e-05] - [0.16665406757033335, 0.8333203509933887, -1.3611649670353002e-05, -1.2639462813119682e-05] - [1.2646950677766756e-05, 1.3033487062983363e-05, 1.3383798708398506e-05, 1.264694782990237e-05]
B1: 0.16663002654800557 - 0.6665844266992842 - 0.16667475016773725 - -1.31640388464351e-05
B2: 0.1666214292600494 - 0.6666007874632278 - 0.1665888119535741 - -4.4212722531338473e-05
