Number: 874
Error: 7.710793754877721e-06
A1: [9.817426851853206e-07, 9.45836464334321e-07, 1.3191007025041769e-06, 1.0510937468036352e-06] - [0.20834469250274051, 0.3333437566376136, -0.04165534861489662, 1.1663818508519873e-05] - [0.16666847069965227, 0.66666835512822, 0.16666874472323398, 1.8892997825026176e-06] - [-1.654259745966891e-06, -1.4766577200161103e-06, -1.2989522047074265e-06, -1.6528441948910159e-06]
A2: [0.16665061420984179, -0.1666832766683968, -1.7230247553537652e-05, -1.6068015104938685e-05] - [0.16658214579050318, 0.3332459866016237, -9.035653496530296e-05, -8.458185427811915e-05] - [0.16663851645875613, 0.8333042672946623, -3.0005537458348448e-05, -2.8165137848586782e-05] - [4.6947854951616824e-06, 4.838250854620411e-06, 4.968259984249228e-06, 4.694783090882331e-06]
B1: 0.16671022448654305 - 0.6666206137666261 - 0.16658141120612768 - 5.149066059087079e-05
B2: 0.16670301032912507 - 0.6667137351869654 - 0.16672673160517815 - 3.6726760598384135e-05
