Number: 1977
Error: 3.7084051094744673e-06
A1: [-8.58575600176449e-06, -8.122958433265037e-06, -6.732824867366048e-06, -8.418742828460311e-06] - [0.20830825292172508, 0.33330894040348186, -0.041686223655544356, -2.4344569490158118e-05] - [0.16665618986335595, 0.666656785892299, 0.16665852651360338, -1.0270745008957868e-05] - [-3.753533895088059e-06, -3.350917667203024e-06, -2.948115765969201e-06, -3.750330085252741e-06]
A2: [0.1666857945575993, -0.16664696452841823, 1.9975303574912425e-05, 1.9092614005013682e-05] - [0.16669455695869737, 0.333362036293628, 2.8469442933851883e-05, 2.7751991054174543e-05] - [0.16665707464226368, 0.8333234362083971, -1.041152109474145e-05, -9.625897297739823e-06] - [1.061832076021817e-05, 1.0942849229572006e-05, 1.1236958118135901e-05, 1.0618317557788343e-05]
B1: 0.16663390745499349 - 0.6665986244136014 - 0.16667744661202596 - -1.3035042749327285e-05
B2: 0.16662581594418413 - 0.6666077160526661 - 0.16659729609152804 - -3.998980395433618e-05
