Number: 2408
Error: 6.8572387392805206e-06
A1: [-4.353459848836539e-06, -4.647714988304049e-06, -3.8124753167338356e-06, -4.155319305728322e-06] - [0.2083309340395079, 0.33332799618230613, -0.04166988889015112, -1.5271638043169097e-06] - [0.16666185424809185, 0.6666615532157476, 0.16666264622913482, -4.56821189471979e-06] - [-4.573929561715069e-06, -4.0833639869323895e-06, -3.592594814540946e-06, -4.570029341212487e-06]
A2: [0.16665944356039264, -0.16667408797029445, -7.899477894851814e-06, -7.2661064623577195e-06] - [0.16658227397064176, 0.3332464128166194, -9.03852567944608e-05, -8.456128556314948e-05] - [0.16662632062063842, 0.8332917544142737, -4.298478502184052e-05, -4.038734035952655e-05] - [1.292837066745434e-05, 1.3323507775602067e-05, 1.3681615061803406e-05, 1.2928367896347835e-05]
B1: 0.16669473147735744 - 0.6665632741460266 - 0.16657077357004582 - 5.122477611381038e-05
B2: 0.16668518903748059 - 0.6666854531788123 - 0.16669198694776816 - 1.957045307403065e-05
