Number: 634
Error: 7.847918670384576e-06
A1: [1.8144579171435592e-06, 1.8186343270392197e-06, 2.119272723462134e-06, 1.8636596461905087e-06] - [0.20834683631888806, 0.3333462123562828, -0.041653085142343955, 1.3718854681616028e-05] - [0.16666950355333385, 0.6666694166827927, 0.1666696958874024, 2.8972852205868104e-06] - [-1.1974211744952518e-06, -1.0687841288468422e-06, -9.400684318330378e-07, -1.1963959888030617e-06]
A2: [0.16664923473778895, -0.16668471221097017, -1.868787113162233e-05, -1.7443193727750234e-05] - [0.16658213548937484, 0.3332459302711333, -9.034112580252189e-05, -8.457532112930764e-05] - [0.16664042738625445, 0.8333062279697085, -2.797176760839172e-05, -2.625008677636489e-05] - [3.4064056770344957e-06, 3.510489422330555e-06, 3.604808900247014e-06, 3.406403801204819e-06]
B1: 0.1667124989491386 - 0.6666294446201887 - 0.16658294365723184 - 5.138275018337911e-05
B2: 0.16670594705925695 - 0.6667183009952551 - 0.16673230004643966 - 3.9559458275380757e-05
