Number: 2435
Error: 3.960232900099761e-06
A1: [-1.0173672424730296e-05, -9.78780760329693e-06, -8.25956196312912e-06, -9.968215204195844e-06] - [0.20830416442789612, 0.3333042550254961, -0.04169054394846389, -2.826366187010482e-05] - [0.16665421963362465, 0.6666547604587072, 0.1666567112298968, -1.2193531745173875e-05] - [-4.624969296575051e-06, -4.128939299273862e-06, -3.632704707463831e-06, -4.621025789355044e-06]
A2: [0.1666884276198092, -0.1666442242214489, 2.2758029117615926e-05, 2.1717488339017375e-05] - [0.1666945832424572, 0.3333621514798584, 2.844887831401834e-05, 2.7746164093384634e-05] - [0.1666534303725988, 0.8333196972818712, -1.4289655233124792e-05, -1.3278034894598208e-05] - [1.3076276548682486e-05, 1.3475935835848904e-05, 1.3838142096300892e-05, 1.3076273816893338e-05]
B1: 0.16662923614760097 - 0.6665814506027673 - 0.16667420587252352 - -1.3160373969113275e-05
B2: 0.16662053293857285 - 0.6665993247319892 - 0.16658698999567392 - -4.507438674749019e-05
