Number: 2290
Error: 6.922161113684586e-06
A1: [-3.9524380663311216e-06, -4.22733233134917e-06, -3.4281368388608704e-06, -3.764194703096019e-06] - [0.20833195468883225, 0.3333291687752593, -0.041668812201093974, -5.50128970734208e-07] - [0.1666623537489557, 0.6666620664665286, 0.1666631048636715, -4.080926604450187e-06] - [-4.349353711940297e-06, -3.882861881680536e-06, -3.4161706207328768e-06, -4.345643995391674e-06]
A2: [0.16665876384419148, -0.1666747952565662, -8.617619607912662e-06, -7.943711761238152e-06] - [0.1665822638202694, 0.33324637991123984, -9.038299060637219e-05, -8.456315736259294e-05] - [0.16662725920507868, 0.833292717401559, -4.198590616910807e-05, -3.9446727402218376e-05] - [1.229510286591178e-05, 1.2670883341039743e-05, 1.3011445833536343e-05, 1.229509993586753e-05]
B1: 0.16669596213077642 - 0.6665677249841387 - 0.16657163357577023 - 5.128419794550461e-05
B2: 0.1666865776127133 - 0.6666876173143675 - 0.1666946175375441 - 2.0907871722974954e-05
