Number: 1564
Error: 7.323882052427993e-06
A1: [-1.4292416992099434e-06, -1.5818823871071418e-06, -1.0013322446936807e-06, -1.3019473795466981e-06] - [0.20833845924283786, 0.3333366207543185, -0.04166193773486025, 5.685862870236007e-06] - [0.16666548342208795, 0.666665283892481, 0.16666598938266347, -1.026469963559476e-06] - [-2.967596374258045e-06, -2.649220981289526e-06, -2.3306847006985823e-06, -2.9650610157321714e-06]
A2: [0.1666545861994301, -0.1666791430035795, -1.3032641538991005e-05, -1.2108369065212764e-05] - [0.16658220664845821, 0.333246181512867, -9.036625239808408e-05, -8.456939775602417e-05] - [0.16663303198930246, 0.8332986401826921, -3.584245103800358e-05, -3.366146442920278e-05] - [8.398581226130227e-06, 8.655259110383597e-06, 8.887871996573506e-06, 8.398578005317157e-06]
B1: 0.16670335605205466 - 0.6665949257040171 - 0.16657673450221472 - 5.14716646061728e-05
B2: 0.16669495494146155 - 0.6667009403604722 - 0.16671099405096662 - 2.8970475061892347e-05
