Number: 1166
Error: 7.546171091636932e-06
A1: [-3.0498241222038504e-08, -1.1529885203794543e-07, 3.461955188052092e-07, 6.336647630439997e-08] - [0.2083420872940659, 0.333340771479128, -0.04165810035255854, 9.166621489105727e-06] - [0.16666721473525395, 0.6666670641394756, 0.16666758792952016, 6.635898264327627e-07] - [-2.210062426644941e-06, -1.9728866547504583e-06, -1.7355806022696657e-06, -2.208172540467325e-06]
A2: [0.16665229608180887, -0.16668152647716292, -1.5453099668396382e-05, -1.4391366797856101e-05] - [0.16658217310109705, 0.33324607033007975, -9.03597161249987e-05, -8.457502608705649e-05] - [0.16663619533438534, 0.8333018857505411, -3.24759198466198e-05, -3.0491279681551854e-05] - [6.262245192850797e-06, 6.453622612473929e-06, 6.6270532574935456e-06, 6.2622423140785216e-06]
B1: 0.16670732825089765 - 0.6666097525321799 - 0.1665794412679861 - 5.149302142255782e-05
B2: 0.16669953961937548 - 0.6667082842498511 - 0.16672006230643033 - 3.338262622069944e-05
