Number: 1620
Error: 7.292772738262439e-06
A1: [-1.6143215708089097e-06, -1.775854151365629e-06, -1.1778998996631302e-06, -1.482334926489469e-06] - [0.20833799598251074, 0.33333608658310604, -0.041662425189215466, 5.243281679320084e-06] - [0.1666652516667551, 0.6666650459124844, 0.16666577762740123, -1.2524323639961097e-06] - [-3.0741840178364993e-06, -2.7443837315951147e-06, -2.4144187917891143e-06, -3.071557932585855e-06]
A2: [0.16665491035145238, -0.16667880581212113, -1.269034719277152e-05, -1.178521883665265e-05] - [0.16658221634794682, 0.3332462018880406, -9.036270249573767e-05, -8.456362669688554e-05] - [0.16663258745282306, 0.8332981840490719, -3.6315634858311165e-05, -3.410696334850433e-05] - [8.699158337533718e-06, 8.965023824576858e-06, 9.205963688186883e-06, 8.699155097076857e-06]
B1: 0.1667027550709005 - 0.6665927990475553 - 0.1665763147271676 - 5.142654191409311e-05
B2: 0.16669427381811472 - 0.6666999075391704 - 0.16670975712787434 - 2.831362835957345e-05
