Number: 1951
Error: 3.6940349249068917e-06
A1: [-8.483573057938535e-06, -8.015731922217469e-06, -6.632763192363196e-06, -8.318753891769676e-06] - [0.20830853350294404, 0.333309257591751, -0.041685924471869244, -2.407365152969362e-05] - [0.16665631387482613, 0.6666569137208995, 0.16665864309460324, -1.0149438573854026e-05] - [-3.7040635859871455e-06, -3.3067507144504415e-06, -2.9092535086499603e-06, -3.7009018135115415e-06]
A2: [0.16668564702053415, -0.166647118255443, 1.9819061211304645e-05, 1.8945541666116653e-05] - [0.16669456040082845, 0.3333620344214866, 2.847499428973819e-05, 2.775725566301551e-05] - [0.1666572820382088, 0.833323648945608, -1.0190915812549835e-05, -9.418054821098856e-06] - [1.0478773362452732e-05, 1.0799036374944719e-05, 1.1089279217636898e-05, 1.0478770147401958e-05]
B1: 0.16663413331982077 - 0.6665995615081599 - 0.1666775941902131 - -1.3067285210583248e-05
B2: 0.16662607523273365 - 0.6666081893198722 - 0.16659791765314097 - -3.9741775957121404e-05
