Number: 804
Error: 7.75052865292768e-06
A1: [1.2075064774306065e-06, 1.1823484892044726e-06, 1.533488314344365e-06, 1.2709970688802063e-06] - [0.20834524891395242, 0.3333444002204147, -0.04165476490171004, 1.2194401518981216e-05] - [0.1666687546774145, 0.6666686465221862, 0.16666900296609466, 2.166040921400594e-06] - [-1.521013786923526e-06, -1.3576930295566054e-06, -1.194275760802589e-06, -1.5197120476646024e-06]
A2: [0.16665020854639784, -0.16668369855254025, -1.765843031100176e-05, -1.6472426296479888e-05] - [0.1665821334929434, 0.3332459612143695, -9.03606378870926e-05, -8.458924177952519e-05] - [0.1666390724860664, 0.8333048378663125, -2.9413607925825048e-05, -2.760790779430908e-05] - [4.319013228140251e-06, 4.4509924346825e-06, 4.5705921325070066e-06, 4.319010965272347e-06]
B1: 0.16671095752163353 - 0.666623255202663 - 0.16658192009049555 - 5.152887645657581e-05
B2: 0.16670391426358447 - 0.6667150610169215 - 0.16672829374529433 - 3.760035100970536e-05
