Number: 1360
Error: 7.437588029682098e-06
A1: [-7.121413816834213e-07, -8.299909164053486e-07, -3.1044446181382317e-07, -6.019818184319049e-07] - [0.20834031951416987, 0.33333874900415156, -0.04165997001469272, 7.4706372504621745e-06] - [0.166666371000415, 0.6666661965707831, 0.16666680894866695, -1.6003639171703852e-07] - [-2.579316808514497e-06, -2.3025612714327762e-06, -2.025659689546769e-06, -2.5771121450129805e-06]
A2: [0.16665341247611573, -0.16668036458477542, -1.4273187067586546e-05, -1.3278442993554065e-05] - [0.1665821897265416, 0.33324612476929566, -9.03626858184036e-05, -8.457200923627971e-05] - [0.16663465344515183, 0.8333003037760294, -3.411686260438819e-05, -3.203650270705333e-05] - [7.303594505089093e-06, 7.526802437352035e-06, 7.729080989100085e-06, 7.303591415435471e-06]
B1: 0.16670539820595537 - 0.6666025316084295 - 0.16657812828179866 - 5.148877362041437e-05
B2: 0.16669729725450513 - 0.6667046974962851 - 0.16671563564047628 - 3.122435673217773e-05
