Number: 2287
Error: 3.8790215794854186e-06
A1: [-9.665791174506128e-06, -9.255361108602918e-06, -7.772039390487042e-06, -9.472751693745816e-06] - [0.20830546448862677, 0.33330574678028263, -0.041689171350781956, -2.7018321487684613e-05] - [0.16665485100268218, 0.6666554093692377, 0.1666572919369815, -1.157748811765895e-05] - [-4.3433739182699175e-06, -3.8775298029696656e-06, -3.4114862422364926e-06, -4.339669269419893e-06]
A2: [0.1666875762826446, -0.16664511016898476, 2.185842078842179e-05, 2.086879707271929e-05] - [0.16669457398615115, 0.33336211361249035, 2.8454999582363668e-05, 2.7747284537582925e-05] - [0.16665460811279068, 0.8333209056239339, -1.3036314104789503e-05, -1.2097752057394055e-05] - [1.2282028765312718e-05, 1.2657410805339347e-05, 1.2997612211315932e-05, 1.2282025830040713e-05]
B1: 0.1666307617584309 - 0.6665870166613045 - 0.16667526999330534 - -1.3103734756425312e-05
B2: 0.1666222566669485 - 0.666602036558069 - 0.16659030333076566 - -4.3414779883262544e-05
