Number: 582
Error: 7.877904341259751e-06
A1: [1.9715251033443915e-06, 1.983044363958613e-06, 2.2666054957309917e-06, 2.0163834683646863e-06] - [0.208347206665048, 0.3333466448870361, -0.0416526996583239, 1.4070055220154091e-05] - [0.16666970369368322, 0.6666696216901777, 0.1666698756250269, 3.092059954048999e-06] - [-1.0984341039902252e-06, -9.804059789864218e-07, -8.623049297184587e-07, -1.0974935623280038e-06]
A2: [0.16664893252059135, -0.16668502636123714, -1.90065815085135e-05, -1.7744480677874895e-05] - [0.1665821256162799, 0.33324591101837275, -9.034422154775902e-05, -8.45815468562356e-05] - [0.16664084092891687, 0.8333066523720519, -2.753144559535965e-05, -2.58356507150519e-05] - [3.1272509449500292e-06, 3.2228017993870324e-06, 3.3093884367204426e-06, 3.127249199553403e-06]
B1: 0.16671304728707703 - 0.6666314122905831 - 0.16658332875425627 - 5.1414982410196466e-05
B2: 0.16670668023443314 - 0.6667193141585857 - 0.16673345340595755 - 4.027009208876685e-05
