Number: 1686
Error: 7.256133694951629e-06
A1: [-1.8350133705577231e-06, -2.0071700303263634e-06, -1.388848297596835e-06, -1.697494068408e-06] - [0.2083374396748068, 0.33333544612023847, -0.041663011174872706, 4.711355604127026e-06] - [0.166664975936418, 0.6666647626999987, 0.16666552517632047, -1.5213329120599108e-06] - [-3.199803884524529e-06, -2.856538528915241e-06, -2.5131042526609338e-06, -3.197070902200448e-06]
A2: [0.1666552918909027, -0.1666784088829371, -1.2287380776860237e-05, -1.140486007048309e-05] - [0.16658222641809617, 0.33324622459851555, -9.035976017344505e-05, -8.455818651762689e-05] - [0.16663206334844308, 0.8332976462838579, -3.6873487352312285e-05, -3.4632202055614376e-05] - [9.053405855614623e-06, 9.330099454279853e-06, 9.580853193714385e-06, 9.053402600979596e-06]
B1: 0.16670205501350244 - 0.6665903003436918 - 0.1665758271560305 - 5.1381607249230367e-05
B2: 0.16669348033340067 - 0.6666986915600905 - 0.16670829216816674 - 2.7548755340511046e-05
