Number: 1163
Error: 3.256622050770239e-06
A1: [-5.743603633548839e-06, -5.1430166104001685e-06, -3.997318111559721e-06, -5.644940370155053e-06] - [0.20831559933030158, 0.33331735186003114, -0.04167845692132538, -1.729932460817237e-05] - [0.1666597116089263, 0.6666604068094996, 0.16666177493540524, -6.833348160057731e-06] - [-2.204640531196472e-06, -1.9680495605645058e-06, -1.7313284172424502e-06, -2.2027552549317566e-06]
A2: [0.1666811108997237, -0.1666518389323857, 1.502537964199083e-05, 1.4423508340221958e-05] - [0.16669449204208436, 0.3333618130986467, 2.848725848577933e-05, 2.7744139292409716e-05] - [0.1666635460546614, 0.8333300758470096, -3.524483127378529e-06, -3.1405044316770626e-06] - [6.249271977172722e-06, 6.440253505936223e-06, 6.613325381553735e-06, 6.249269099348247e-06]
B1: 0.16664211387085384 - 0.6666290359070044 - 0.16668307688867326 - -1.2908598608615319e-05
B2: 0.1666352105959818 - 0.6666226966387341 - 0.16661574458334424 - -3.094778495149977e-05
