Number: 2196
Error: 6.973953423472747e-06
A1: [-3.6272926034256005e-06, -3.8864434736546635e-06, -3.115641452846276e-06, -3.4469389702744333e-06] - [0.20833279065465415, 0.3333301270692379, -0.041667929018637466, 2.510709534905549e-07] - [0.16666275740519584, 0.6666624813991875, 0.16666347661037734, -3.687007098371703e-06] - [-4.170453928543919e-06, -3.7231396027810934e-06, -3.2756295855697754e-06, -4.166896042341783e-06]
A2: [0.16665822315106255, -0.16667535796109625, -9.189022456734209e-06, -8.482723324288782e-06] - [0.16658225752150352, 0.33324635535707314, -9.037966062916568e-05, -8.456286142970291e-05] - [0.16662800700225278, 0.833293484622626, -4.1190109944514054e-05, -3.869731434924715e-05] - [1.1790624914471048e-05, 1.2150985373000355e-05, 1.2477571359430779e-05, 1.1790621880072746e-05]
B1: 0.16669692469547495 - 0.6665712530864296 - 0.16657230144041868 - 5.131372349087386e-05
B2: 0.16668766461357956 - 0.6666893398662054 - 0.1666967303784435 - 2.1954121834225217e-05
