Number: 2677
Error: 4.092716107234909e-06
A1: [-1.1006690003628168e-05, -1.0661135919057488e-05, -9.059579175121788e-06, -1.0780926055409034e-05] - [0.20830202830845454, 0.33330180487709904, -0.04169279984804903, -3.0310297280119324e-05] - [0.16665318466948068, 0.6666536966651391, 0.16665575880648098, -1.3203435121278627e-05] - [-5.085406651548127e-06, -4.540018701970447e-06, -3.9944197179771276e-06, -5.081072929682832e-06]
A2: [0.16668981839859173, -0.16664277682986164, 2.4227781650584485e-05, 2.310394074871831e-05] - [0.16669459407227485, 0.33336220914920367, 2.843468583378182e-05, 2.774002616344408e-05] - [0.166651503699437, 0.8333177205777306, -1.633993101372089e-05, -1.520886588159936e-05] - [1.4374932344257764e-05, 1.481428669687912e-05, 1.5212473205688468e-05, 1.4374930050993764e-05]
B1: 0.16662675195445842 - 0.6665723571159954 - 0.16667247081742548 - -1.3242631959810023e-05
B2: 0.16661772612219353 - 0.6665948942253713 - 0.16658156748269817 - -4.777635484385445e-05
