Number: 327
Error: 2.777666621110609e-06
A1: [-2.8677229454397492e-06, -2.129128698860522e-06, -1.2380136348890034e-06, -2.839220685888942e-06] - [0.20832296763529606, 0.33332580010816604, -0.041670684799412744, -1.0240165091877408e-05] - [0.16666328357440058, 0.6666640772193952, 0.16666505930111786, -3.3479799184123544e-06] - [-6.137630566356334e-07, -5.476824660478472e-07, -4.815587274864616e-07, -6.132372604804339e-07]
A2: [0.16667631019404158, -0.16665683452185878, 9.953226811288905e-06, 9.637748617096867e-06] - [0.16669448063706563, 0.33336164277535746, 2.8567928979568644e-05, 2.779133642229553e-05] - [0.16667020995855178, 0.8333369133092315, 3.5677824661539106e-06, 3.5377540924479772e-06] - [1.76139510891964e-06, 1.8151963117174499e-06, 1.8639483114758096e-06, 1.7613940775182637e-06]
B1: 0.1666499143549835 - 0.6666596981405034 - 0.16668834129302823 - -1.3406254865715826e-05
B2: 0.16664566987548482 - 0.6666387524780528 - 0.16663521145792248 - -2.0850657014159527e-05
