Number: 813
Error: 3.0595107409183757e-06
A1: [-4.519573736431286e-06, -3.859781889414111e-06, -2.8192363711236303e-06, -4.450302793896542e-06] - [0.20831876556075501, 0.33332097588706594, -0.041675110284075945, -1.4262598235255421e-05] - [0.16666122766568583, 0.6666619654808904, 0.16666317339422607, -5.353564616635843e-06] - [-1.538616367545231e-06, -1.373412324878228e-06, -1.2081107054917235e-06, -1.5372995746593756e-06]
A2: [0.16667909786440283, -0.16665393391130998, 1.2898000080835594e-05, 1.2416730140362383e-05] - [0.16669446834082288, 0.3333617216762595, 2.8499777333795354e-05, 2.7744972612677785e-05] - [0.16666632973982043, 0.8333329319555273, -5.619193884437607e-07, -3.5080920981791274e-07] - [4.370470443592928e-06, 4.5040230441017885e-06, 4.62504865510305e-06, 4.370468158557645e-06]
B1: 0.1666455315175377 - 0.6666420052925816 - 0.166685394058937 - -1.296522223138234e-05
B2: 0.16663934407531186 - 0.6666292371687507 - 0.1666237813959533 - -2.6965922218633013e-05
