Number: 1776
Error: 7.20618445352224e-06
A1: [-2.1555496375167667e-06, -2.3432957401478753e-06, -1.6983021828736027e-06, -2.0104670990823738e-06] - [0.20833660214753796, 0.3333344893978835, -0.041663898047441805, 3.907151394310606e-06] - [0.1666645801359107, 0.6666643555830724, 0.166665158892937, -1.9078012519596055e-06] - [-3.3710979096261985e-06, -3.009470868846738e-06, -2.647669385506632e-06, -3.3682192154042517e-06]
A2: [0.1666558087405117, -0.1666778708810209, -1.1740971135008485e-05, -1.0889620478465672e-05] - [0.1665822311126651, 0.333246246970297, -9.036388103470105e-05, -8.455980559447058e-05] - [0.16663134756921505, 0.8332969119299647, -3.763517635144732e-05, -3.5349528132749884e-05] - [9.536463861941262e-06, 9.827922821356334e-06, 1.0092058999381451e-05, 9.536460603750612e-06]
B1: 0.16670116401243376 - 0.6665869535467953 - 0.16657521968314107 - 5.1384003312138644e-05
B2: 0.16669246642689325 - 0.666697040420704 - 0.16670623705228435 - 2.6573863054030075e-05
