Number: 1459
Error: 3.4216318781007713e-06
A1: [-6.759915212961249e-06, -6.208442127565434e-06, -4.972863304793531e-06, -6.636413272733448e-06] - [0.20831299727646624, 0.3333143665113587, -0.04168120382183929, -1.979192922048327e-05] - [0.16665844838701682, 0.6666591085264633, 0.16666061311430072, -8.065913097332807e-06] - [-2.7678900300922993e-06, -2.470926634593649e-06, -2.173809627162053e-06, -2.7655247087711624e-06]
A2: [0.16668281763912837, -0.1666500629899449, 1.682861449053097e-05, 1.6124955889649993e-05] - [0.16669452555546704, 0.33336190372127805, 2.8489769635158614e-05, 2.7756902029158246e-05] - [0.16666119421547904, 0.833327662771825, -6.0275862749281055e-06, -5.49742709340728e-06] - [7.838087627067884e-06, 8.077633995080087e-06, 8.294720277340129e-06, 7.838084459510071e-06]
B1: 0.16663908933234034 - 0.6666179406818981 - 0.16668099726966076 - -1.2994965951081483e-05
B2: 0.1666317158308114 - 0.6666172244155365 - 0.16660906812152915 - -3.4314317949950084e-05
