Number: 362
Error: 8.007072080366503e-06
A1: [2.7351484446015275e-06, 2.783104349524394e-06, 2.999782647518174e-06, 2.7615360759948455e-06] - [0.20834917216152357, 0.33334889515292576, -0.041650626767252855, 1.5954169663355573e-05] - [0.16667065036213, 0.6666705944048453, 0.1666707468788897, 4.015931760419949e-06] - [-6.796490220636085e-07, -6.065058294936057e-07, -5.333153570737067e-07, -6.790668282115704e-07]
A2: [0.1666476755592769, -0.16668633452553114, -2.0334810820210813e-05, -1.8997506341368886e-05] - [0.16658214770858748, 0.33324589169961727, -9.029708008521524e-05, -8.454402367642656e-05] - [0.16664260080885138, 0.8333084580496483, -2.5658591857259058e-05, -2.4071991189728998e-05] - [1.946191766909593e-06, 2.0056413709915934e-06, 2.059512053005158e-06, 1.946190633560305e-06]
B1: 0.16671489966714836 - 0.6666392999199972 - 0.16658455112578371 - 5.1083667594812885e-05
B2: 0.16670955697654866 - 0.6667236834408666 - 0.16673874020344237 - 4.3051473168418514e-05
