Number: 2166
Error: 6.9905068929352635e-06
A1: [-3.5204594527610027e-06, -3.774414151726024e-06, -3.0125023545170673e-06, -3.3426267682052976e-06] - [0.20833306978931185, 0.3333304459359965, -0.04166763343295307, 5.190982640095116e-07] - [0.16666288932708395, 0.6666626170933692, 0.16666359869497835, -3.5581956740659985e-06] - [-4.113358682008693e-06, -3.6721648869374614e-06, -3.2307766712513158e-06, -4.109849265283102e-06]
A2: [0.1666580510910561, -0.16667553707170335, -9.370936090171127e-06, -8.654246661256987e-06] - [0.16658225679843205, 0.3332463487405492, -9.037744873849839e-05, -8.456147982967326e-05] - [0.1666282458016799, 0.8332937296131891, -4.093600811703622e-05, -3.8457999227316817e-05] - [1.162961938566461e-05, 1.1985058504378836e-05, 1.2307183880001868e-05, 1.162961632219113e-05]
B1: 0.1666972215939136 - 0.6665723691748102 - 0.1665725050790065 - 5.131283390454145e-05
B2: 0.16668800143732565 - 0.6666898890738351 - 0.16669741421785234 - 2.22779404565009e-05
