Number: 2614
Error: 6.744072815352323e-06
A1: [-5.072620497370137e-06, -5.401745727306703e-06, -4.50465337112135e-06, -4.857183855079517e-06] - [0.20832907539098497, 0.33332586796075303, -0.04167185400452275, -3.309598983481018e-06] - [0.16666096296307556, 0.6666606368436407, 0.16666182411788077, -5.438153589435814e-06] - [-4.965974039606631e-06, -4.433381224052158e-06, -3.900578937626355e-06, -4.9617414978172804e-06]
A2: [0.16666062632751646, -0.16667285691239123, -6.649298972603581e-06, -6.0870244595052435e-06] - [0.1665822809256984, 0.3332464599207729, -9.039910309473639e-05, -8.456878321787468e-05] - [0.16662468052727297, 0.8332900717707872, -4.47300321516457e-05, -4.203097522582298e-05] - [1.4033872151499364e-05, 1.4462800223132871e-05, 1.4851536036065797e-05, 1.4033869732632852e-05]
B1: 0.16669264733396016 - 0.6665555639046028 - 0.16656932748600914 - 5.118534847952847e-05
B2: 0.16668283192371736 - 0.6666816826342132 - 0.16668733933478108 - 1.730264522090503e-05
