Number: 472
Error: 7.942041920466836e-06
A1: [2.364994832363993e-06, 2.3954333111799845e-06, 2.6462540291445127e-06, 2.4006066753114287e-06] - [0.2083482364926057, 0.3333478199082126, -0.04165161051580601, 1.5059146660346745e-05] - [0.1666701888711179, 0.6666701205922339, 0.16667032449860808, 3.565827811087502e-06] - [-8.890450477050323e-07, -7.934594390840565e-07, -6.978134364262719e-07, -8.882836261477708e-07]
A2: [0.16664830491325386, -0.1666856796968043, -1.9670078587466924e-05, -1.8370120191891808e-05] - [0.1665821371984384, 0.3332459015227561, -9.032086084204876e-05, -8.45622492131246e-05] - [0.16664172026406354, 0.833307554546668, -2.659574073086093e-05, -2.495442573970243e-05] - [2.536724696066786e-06, 2.6142250438045553e-06, 2.684453731524746e-06, 2.536723244847981e-06]
B1: 0.16671396821381215 - 0.6666353488457379 - 0.16658393070964764 - 5.1244006840585714e-05
B2: 0.16670805258999724 - 0.666721469377132 - 0.16673610608292827 - 4.159476753197115e-05
