Number: 261
Error: 2.7378693832929617e-06
A1: [-2.645014993124723e-06, -1.8959576765368117e-06, -1.025375234935183e-06, -2.6220477024202284e-06] - [0.20832353138634258, 0.3333264474292718, -0.04167009254938518, -9.70080307395925e-06] - [0.16666356094588297, 0.666664361953217, 0.16666531314489422, -3.0774410439007614e-06] - [-4.881639243312214e-07, -4.3554422670620893e-07, -3.828896575777039e-07, -4.877457025290451e-07]
A2: [0.16667593496462227, -0.1666572249846544, 9.55686239389916e-06, 9.263699176403896e-06] - [0.16669449671226233, 0.3333616468638383, 2.8592348362703078e-05, 2.7812037968555502e-05] - [0.1666707407383318, 0.8333374579175409, 4.132620643134573e-06, 4.069666995783611e-06] - [1.4070497365860727e-06, 1.4500196711807596e-06, 1.488956221932889e-06, 1.4070489108052336e-06]
B1: 0.16665040797048816 - 0.6666620111293576 - 0.16668866353994627 - -1.3567654230117794e-05
B2: 0.16664661918738685 - 0.6666401291206138 - 0.1666368416556622 - -1.9929936046556175e-05
