Number: 1569
Error: 3.4827338027005633e-06
A1: [-7.151758601014804e-06, -6.6193432633820875e-06, -5.351169727073717e-06, -7.019012686389539e-06] - [0.2083119732317861, 0.33331319678012006, -0.04168228818803401, -2.0775245996614063e-05] - [0.1666579646241213, 0.6666586109201063, 0.16666016540412001, -8.53826988526274e-06] - [-2.9772008172150565e-06, -2.6578013353398593e-06, -2.3382404828533247e-06, -2.974657270254514e-06]
A2: [0.1666834493837001, -0.1666494054023808, 1.749647729124035e-05, 1.6754734001919235e-05] - [0.1666945314143857, 0.33336193114459034, 2.8484808782782073e-05, 2.7755049758229093e-05] - [0.1666603194352866, 0.8333267652798747, -6.958487682095221e-06, -6.374096449112809e-06] - [8.428509922679268e-06, 8.68610349383265e-06, 8.919546324784205e-06, 8.428506697387845e-06]
B1: 0.16663800479564625 - 0.6666138547057008 - 0.16668025938704356 - -1.2987587115489502e-05
B2: 0.16663047301701142 - 0.6666152025275262 - 0.16660655204128202 - -3.550948085349553e-05
