Number: 2498
Error: 6.807745773734253e-06
A1: [-4.673941873149721e-06, -4.983784572670532e-06, -4.121874533104919e-06, -4.468238715941384e-06] - [0.2083300966926343, 0.33332703963981086, -0.0416707755919805, -2.3311892382823236e-06] - [0.16666145849937805, 0.666661146150175, 0.16666227998970626, -4.954629682632393e-06] - [-4.7452104046002e-06, -4.236283300890746e-06, -3.7271498150137086e-06, -4.741164958081428e-06]
A2: [0.1666599593192, -0.16667355106035914, -7.354158390029548e-06, -6.751957658170375e-06] - [0.16658227454611152, 0.333246431072829, -9.039348270374819e-05, -8.456702433107485e-05] - [0.16662560383098662, 0.8332910190515844, -4.374748105660772e-05, -4.110567723781758e-05] - [1.3411362212834087e-05, 1.3821262529606122e-05, 1.4192751282130354e-05, 1.3411359583894145e-05]
B1: 0.1666938414618622 - 0.6665599254357651 - 0.1665701609629954 - 5.122810432928191e-05
B2: 0.16668418027509166 - 0.6666838073024239 - 0.16668993721494946 - 1.860070680917494e-05
