Number: 1174
Error: 7.5416702383516635e-06
A1: [-6.380015238264528e-08, -1.502547686924184e-07, 3.1334248378608647e-07, 3.0741496198491315e-08] - [0.20834199348163676, 0.3333406659913647, -0.0416582007106813, 9.07578973423596e-06] - [0.1666671746941434, 0.6666670228212956, 0.16666754997040395, 6.243829708566325e-07] - [-2.225288582079255e-06, -1.9864805973917906e-06, -1.7475416501582604e-06, -2.223385710670212e-06]
A2: [0.16665234122989694, -0.16668147940930325, -1.5405242868939995e-05, -1.4346361822358785e-05] - [0.166582171460689, 0.3332460703633789, -9.036192963373949e-05, -8.457722766458841e-05] - [0.16663613147759992, 0.8333018202543924, -3.2543833213376987e-05, -3.0555273938232525e-05] - [6.305188231760251e-06, 6.497878269901721e-06, 6.672498525863572e-06, 6.305185342634951e-06]
B1: 0.16670726611860556 - 0.6666094714387043 - 0.16657940302410668 - 5.151031774226132e-05
B2: 0.1666994644919118 - 0.6667081374953642 - 0.16671986384261797 - 3.331096618063991e-05
