Number: 2647
Error: 4.076303911279144e-06
A1: [-1.0899859834359822e-05, -1.0549108526909302e-05, -8.956439841414698e-06, -1.0676616637102908e-05] - [0.20830230747002587, 0.33330212377400564, -0.04169250422540487, -3.0042242451014687e-05] - [0.16665331657123358, 0.6666538323431122, 0.16665588088080546, -1.3074643465429208e-05] - [-5.02832871057888e-06, -4.489059627399687e-06, -3.949580174839891e-06, -5.024043338304873e-06]
A2: [0.16668964665234326, -0.16664295562417913, 2.404618349239046e-05, 2.2932730800269973e-05] - [0.1666945945339803, 0.3333622037253643, 2.8438086304656294e-05, 2.774259123526762e-05] - [0.1666517427803788, 0.8333179658513036, -1.6085547246052858e-05, -1.4969269513033691e-05] - [1.4213943288537735e-05, 1.4648376816742266e-05, 1.5042102963449933e-05, 1.4213940933784092e-05]
B1: 0.1666270480297839 - 0.6665734732069025 - 0.16667267540151118 - -1.324432446059935e-05
B2: 0.16661806175952595 - 0.6665954422563443 - 0.16658225021303905 - -4.7453714231054583e-05
