Number: 714
Error: 7.801938906293145e-06
A1: [1.5287391293611844e-06, 1.5191189643437566e-06, 1.8435307805278333e-06, 1.584665137995176e-06] - [0.20834608896051066, 0.3333453592702538, -0.041653875904997216, 1.3001121023766786e-05] - [0.16666915106257338, 0.6666690541818003, 0.16666936974079502, 2.553091822888969e-06] - [-1.3497009827462298e-06, -1.2047421757478978e-06, -1.0596961498320001e-06, -1.3485456251595724e-06]
A2: [0.16664969269729987, -0.16668423550583675, -1.8203745463202223e-05, -1.6986665359729633e-05] - [0.16658213329812066, 0.33324594355078335, -9.035161656556517e-05, -8.458312374874966e-05] - [0.16663978946500355, 0.833305573474462, -2.8650616468618197e-05, -2.6889382514888555e-05] - [3.835870958076008e-06, 3.95308207358408e-06, 4.0592981597966125e-06, 3.835868892498614e-06]
B1: 0.16671178329483863 - 0.6666265406856101 - 0.16658246973713658 - 5.146123395285316e-05
B2: 0.16670498311588106 - 0.666716768741977 - 0.16673040696495567 - 3.8630191713358866e-05
