Number: 934
Error: 7.676797369872235e-06
A1: [7.677543013893936e-07, 7.214759231984461e-07, 1.1125447616232163e-06, 8.42148204904e-07] - [0.20834413307814445, 0.3333431178285347, -0.04165594077199817, 1.1126611267153165e-05] - [0.1666682065815112, 0.6666680834831321, 0.16666850032317482, 1.631404206988348e-06] - [-1.768466257577179e-06, -1.5786229675844267e-06, -1.3886703795936815e-06, -1.766953187439557e-06]
A2: [0.16665095859652176, -0.16668291819969075, -1.68661929308785e-05, -1.5724701779892554e-05] - [0.16658214794539708, 0.33324600045495995, -9.036042459834811e-05, -8.458390803137406e-05] - [0.16663803899410154, 0.8333037774241485, -3.0513651549983366e-05, -2.8643633448044805e-05] - [5.0168727909235335e-06, 5.17018329974606e-06, 5.309114741619058e-06, 5.016870273876999e-06]
B1: 0.16670965706992924 - 0.6666184081600836 - 0.16658103106581762 - 5.1518860959300466e-05
B2: 0.16670231073104713 - 0.6667126100681322 - 0.16672533651965604 - 3.605317052451683e-05
