Number: 909
Error: 3.113851036618279e-06
A1: [-4.8476644788015594e-06, -4.203660279391959e-06, -3.1338209382807396e-06, -4.770338879743121e-06] - [0.20831792795251763, 0.3333200145248416, -0.041675993748253114, -1.5064714703417718e-05] - [0.16666081958512133, 0.6666615461651952, 0.16666279847714302, -5.751703171210674e-06] - [-1.7212995490448086e-06, -1.5365153245107163e-06, -1.3516240497335606e-06, -1.719826734829231e-06]
A2: [0.16667965093652845, -0.16665335844111612, 1.3482276668471957e-05, 1.2968085969091497e-05] - [0.16669447660428482, 0.33336174829033427, 2.849765203156403e-05, 2.7746506482725865e-05] - [0.1666655661748596, 0.8333321484917371, -1.3746163649641209e-06, -1.1160226270889749e-06] - [4.885808603105607e-06, 5.035113462592837e-06, 5.170414735501367e-06, 4.885806128764606e-06]
B1: 0.16664458471270688 - 0.6666384383444778 - 0.16668474868015978 - -1.2959108987338207e-05
B2: 0.16663817088528265 - 0.6666274277052623 - 0.16662158684060455 - -2.8097524528377193e-05
