Number: 1339
Error: 3.3548884185393126e-06
A1: [-6.356367684411714e-06, -5.785453206281512e-06, -4.5867812629401895e-06, -6.242927272814811e-06] - [0.20831401807029923, 0.3333155408029001, -0.041680128088328716, -1.8815473826727347e-05] - [0.16665895195306213, 0.6666596258312039, 0.16666107462271018, -7.574767176612287e-06] - [-2.5395471748940558e-06, -2.2670588283532716e-06, -1.99442592065866e-06, -2.537376386999463e-06]
A2: [0.1666821242991351, -0.16665078431720637, 1.609629471790604e-05, 1.5433761303066065e-05] - [0.16669450822946635, 0.33336186341586876, 2.848536997708938e-05, 2.774798878921891e-05] - [0.16666214722629116, 0.8333286406269415, -5.013212418617585e-06, -4.542355291573754e-06] - [7.193988780634427e-06, 7.4138471883103035e-06, 7.6130900755967175e-06, 7.193985706995628e-06]
B1: 0.16664034742309097 - 0.6666224693834517 - 0.16668186976257063 - -1.2927997046438297e-05
B2: 0.16663315730196712 - 0.6666194411930537 - 0.16661174529817657 - -3.292483536702695e-05
