Number: 1495
Error: 3.441664864882682e-06
A1: [-6.897744009697391e-06, -6.353046338358672e-06, -5.107338186749795e-06, -6.7712075671174425e-06] - [0.20831262351758453, 0.33331394290508537, -0.04168160165749177, -2.0152321951596384e-05] - [0.1666582803757095, 0.6666589354403971, 0.16666045581410516, -8.230182194192414e-06] - [-2.836391488922036e-06, -2.5320850898054787e-06, -2.227622482648251e-06, -2.8339678297547017e-06]
A2: [0.16668302277720234, -0.1666498493133023, 1.7045739346482407e-05, 1.632945046506614e-05] - [0.16669452327192533, 0.3333619087076155, 2.8484382768236168e-05, 2.7752095109993382e-05] - [0.16666090744595322, 0.8333273685949594, -6.332669701128703e-06, -5.784814817135816e-06] - [8.031323175142546e-06, 8.276776090430142e-06, 8.499215576329465e-06, 8.031319985737617e-06]
B1: 0.1666387660199542 - 0.666616633707416 - 0.16668078467327185 - -1.2960896462475146e-05
B2: 0.16663134155563897 - 0.6666165652822164 - 0.1666082157162506 - -3.467300084054138e-05
