Number: 2924
Error: 6.574305948006761e-06
A1: [-6.152483835719049e-06, -6.53394844695738e-06, -5.543645935477399e-06, -5.911022055878834e-06] - [0.20832628790012592, 0.333322675334605, -0.041674800656051135, -5.982410754482935e-06] - [0.1666596241030806, 0.6666592603642669, 0.16666058961178906, -6.7448987529319846e-06] - [-5.5559288177989e-06, -4.960091384120603e-06, -4.364038990141261e-06, -5.551196774353166e-06]
A2: [0.16666240518887565, -0.1666710054034445, -4.7690357660946635e-06, -4.3137086555916775e-06] - [0.16658228700910943, 0.3332465263674378, -9.042442652962351e-05, -8.458444976471327e-05] - [0.16662221121355764, 0.8332875384190741, -4.7357599449918314e-05, -4.4505618849708974e-05] - [1.5697408949676307e-05, 1.6177184852955433e-05, 1.6612010942556522e-05, 1.569740724014703e-05]
B1: 0.1666895071005886 - 0.6665439537151631 - 0.16656714004715922 - 5.1122040547639034e-05
B2: 0.16667928133141754 - 0.6666760123767074 - 0.1666803569656566 - 1.3886448239937648e-05
