Number: 2931
Error: 4.231413397525361e-06
A1: [-1.1901581551204857e-05, -1.1599490209140738e-05, -9.922142897001766e-06, -1.1654484764528365e-05] - [0.20829970340368414, 0.3332991457182336, -0.041695259785423, -3.254120280191018e-05] - [0.16665207760517659, 0.6666525581735535, 0.16665473603308342, -1.4284177221952404e-05] - [-5.568660656146735e-06, -4.971466707841003e-06, -4.37405760328585e-06, -5.5639178408082114e-06]
A2: [0.16669127350105845, -0.16664126213626632, 2.576612908837315e-05, 2.455450247796687e-05] - [0.16669459196791853, 0.3333622566609467, 2.8407261641516505e-05, 2.7720112701430056e-05] - [0.1666494793685695, 0.833315643790077, -1.8493879136720718e-05, -1.7237560971027274e-05] - [1.5737931279627272e-05, 1.6218947283002015e-05, 1.6654897529809212e-05, 1.573792958778012e-05]
B1: 0.16662421549243153 - 0.6665628775255352 - 0.1666707081407563 - -1.3258050015477709e-05
B2: 0.16661485363692485 - 0.6665902533923816 - 0.16657581776772742 - -5.053879715982416e-05
