Number: 3085
Error: 4.315295557132888e-06
A1: [-1.244036744512377e-05, -1.2164413500621385e-05, -1.0440902086049182e-05, -1.2180340478559702e-05] - [0.2082983090516758, 0.3332975495658496, -0.04169673429682638, -3.3878578431607994e-05] - [0.1666514102192731, 0.6666518719482419, 0.16665412017911066, -1.4935608231938897e-05] - [-5.861651533540546e-06, -5.233047852333259e-06, -4.604227829398911e-06, -5.85666091764832e-06]
A2: [0.16669215579427657, -0.16664034374650702, 2.6698826412273064e-05, 2.5434042628822612e-05] - [0.16669459017694024, 0.33336228486556896, 2.8389944873333223e-05, 2.7707523680942832e-05] - [0.16664825167205966, 0.8333143842785534, -1.9800184021225308e-05, -1.846790371372919e-05] - [1.6564282569057883e-05, 1.7070556910384407e-05, 1.7529402767981575e-05, 1.656428131212294e-05]
B1: 0.16662266717137394 - 0.6665571185876975 - 0.16666962680299707 - -1.3277901224889599e-05
B2: 0.16661310059525938 - 0.6665874399913031 - 0.16657234449466182 - -5.222511769410619e-05
