Number: 2262
Error: 6.937599672446538e-06
A1: [-3.847940015275536e-06, -4.117715057742095e-06, -3.3265476122382684e-06, -3.662054099537765e-06] - [0.20833223449986615, 0.33332948675480445, -0.041668514865399055, -2.807031952044928e-07] - [0.16666248171497253, 0.6666621982256016, 0.1666632241928992, -3.9558682684606286e-06] - [-4.296066608026986e-06, -3.835287336021387e-06, -3.374309708528996e-06, -4.292402108773523e-06]
A2: [0.1666586041038621, -0.16667496161819195, -8.78664031784868e-06, -8.102951201423858e-06] - [0.16658226539160467, 0.3332463758738985, -9.03789020147554e-05, -8.45596216474758e-05] - [0.16662748236020766, 0.8332929463218128, -4.174849603233953e-05, -3.922309094304935e-05] - [1.214483362421693e-05, 1.2516020940456324e-05, 1.2852420239429792e-05, 1.2144830660995311e-05]
B1: 0.166696223809601 - 0.6665687520215713 - 0.16657180978756986 - 5.126793021954733e-05
B2: 0.16668687515786934 - 0.6666881280158372 - 0.1666952696474053 - 2.1193279284981628e-05
