Number: 1413
Error: 3.3960760590578185e-06
A1: [-6.610419052438557e-06, -6.051784873837224e-06, -4.830644914713737e-06, -6.490769036107253e-06] - [0.20831336765271602, 0.33331479455464486, -0.041680814732145466, -1.943852929018624e-05] - [0.1666586361699896, 0.6666593012813258, 0.16666078418627261, -7.882886113376628e-06] - [-2.6803586482996363e-06, -2.392777199275628e-06, -2.105045534719946e-06, -2.6780678855240242e-06]
A2: [0.16668255099237972, -0.16665034032149773, 1.6547115228976825e-05, 1.5859131584772665e-05] - [0.1666945166667361, 0.33336188613809514, 2.8486071563845546e-05, 2.7751238353077617e-05] - [0.16666155928415538, 0.833328037377815, -5.6389667525140535e-06, -5.131568325380147e-06] - [7.591187580747767e-06, 7.82318703315047e-06, 8.033433444663393e-06, 7.5911844454312936e-06]
B1: 0.1666395889448363 - 0.6666196933024007 - 0.1666813476282532 - -1.2951934537671362e-05
B2: 0.16663228573618658 - 0.6666180753252743 - 0.16661007842893064 - -3.376434294934314e-05
