Number: 2771
Error: 4.1440764702327175e-06
A1: [-1.1331834645377288e-05, -1.1002026618377327e-05, -9.372082590989628e-06, -1.1098181587140182e-05] - [0.20830119222240917, 0.33330084645559543, -0.04169368317669659, -3.1111619327352275e-05] - [0.16665278106636197, 0.6666532817740308, 0.1666553870834307, -1.3597302655388714e-05] - [-5.2642510321639855e-06, -4.699690974630651e-06, -4.134918042510381e-06, -5.259765856738328e-06]
A2: [0.16669035806840404, -0.16664221515719738, 2.479815425786268e-05, 2.3641930084011008e-05] - [0.1666945965103969, 0.3333622298158416, 2.8427477840789497e-05, 2.7735873408569594e-05] - [0.16665075497904905, 0.8333169524281067, -1.713665338956805e-05, -1.5959201373516926e-05] - [1.4879353678115352e-05, 1.5334126279371687e-05, 1.5746288375270445e-05, 1.4879351590591704e-05]
B1: 0.166625792923486 - 0.6665688298507166 - 0.16667180072155902 - -1.3268688599685311e-05
B2: 0.16661664218246125 - 0.6665931746752167 - 0.16657945741581648 - -4.881956831388023e-05
