Number: 2149
Error: 3.8031118233618324e-06
A1: [-9.169549279621258e-06, -8.734939241001328e-06, -7.292233075112361e-06, -8.988110410771748e-06] - [0.20830676802924417, 0.33330723419347297, -0.04168778991760911, -2.576589181817215e-05] - [0.16665546262481404, 0.6666560386350358, 0.16665785889241141, -1.09801782188431e-05] - [-4.0808037908242905e-06, -3.643106750685561e-06, -3.205215896650465e-06, -4.077322005913617e-06]
A2: [0.16668678595920586, -0.1666459329567588, 2.1022692875453033e-05, 2.0080940590780072e-05] - [0.16669457403803184, 0.33336208648093724, 2.846835088107227e-05, 2.775701120651213e-05] - [0.16665570709676567, 0.8333220330809156, -1.186696390537029e-05, -1.0996397508644264e-05] - [1.1541414264183335e-05, 1.1894158422917266e-05, 1.2213841192110314e-05, 1.1541411183326039e-05]
B1: 0.16663211109549186 - 0.6665921357927684 - 0.16667619361442856 - -1.312419448603198e-05
B2: 0.16662378749385573 - 0.6666045593988562 - 0.1665934616225937 - -4.194373459697791e-05
