Number: 1230
Error: 7.510306357321645e-06
A1: [-2.4897203153891576e-07, -3.4431270595604276e-07, 1.3669562645029448e-07, -1.4973778832210364e-07] - [0.2083415298904883, 0.33334013151230735, -0.04165868844699923, 8.632878484215024e-06] - [0.16666694286086073, 0.6666667847684682, 0.16666733814978185, 3.98343088254993e-07] - [-2.3318804265707325e-06, -2.0816474702890146e-06, -1.831278854826856e-06, -2.329886663529262e-06]
A2: [0.16665266545618507, -0.1666811421490949, -1.5062885555419077e-05, -1.4023137331994278e-05] - [0.16658218135497493, 0.33324609090793594, -9.03582350713406e-05, -8.45712616081687e-05] - [0.1666356869775226, 0.8333013641503991, -3.301699345045318e-05, -3.1000736328220396e-05] - [6.605787088511423e-06, 6.807665432219364e-06, 6.9906129743757196e-06, 6.605784130880447e-06]
B1: 0.16670667271439463 - 0.666607352407564 - 0.16657899103015636 - 5.147278361703485e-05
B2: 0.16669877592642518 - 0.6667070970167175 - 0.16671861905987573 - 3.264667646857877e-05
