Number: 1990
Error: 7.087692405783092e-06
A1: [-2.908083215528718e-06, -3.1323596085943265e-06, -2.4234103149122675e-06, -2.7450264877433773e-06] - [0.20833464945889726, 0.3333322554525633, -0.04166596374785464, 2.0336597687607926e-06] - [0.1666636487390077, 0.6666633978209177, 0.1666642987628597, -2.8170182373218525e-06] - [-3.7783926031767013e-06, -3.3731057578156122e-06, -2.9676327138932083e-06, -3.7751676802140913e-06]
A2: [0.16665703885249605, -0.16667659055378028, -1.044073528031957e-05, -9.663336752353015e-06] - [0.1665822447581099, 0.33324630244195436, -9.037161777293286e-05, -8.456117289919353e-05] - [0.16662964566739946, 0.8332951658381712, -3.944629007228794e-05, -3.7055108201676667e-05] - [1.0685035165159045e-05, 1.1011601805870777e-05, 1.1307557974655841e-05, 1.068503197153054e-05]
B1: 0.16669901253832364 - 0.666578962913209 - 0.1665737425690695 - 5.135677788787171e-05
B2: 0.16669002680326375 - 0.6666931155893435 - 0.16670138328098302 - 2.42270085075256e-05
