Number: 622
Error: 7.854830000143057e-06
A1: [1.852539275978627e-06, 1.8585144787073838e-06, 2.155316233623404e-06, 1.9007369340860838e-06] - [0.20834692917784003, 0.33334631998510117, -0.04165298795100292, 1.3807288338200523e-05] - [0.16666955159598346, 0.6666694659538062, 0.16666973943212407, 2.944087878787937e-06] - [-1.1745783292293837e-06, -1.0483895093818134e-06, -9.221233487070268e-07, -1.1735726745463717e-06]
A2: [0.16664916528115437, -0.16668478443763315, -1.87611671036599e-05, -1.751243569013581e-05] - [0.16658213391286902, 0.3332459264862519, -9.034122783288904e-05, -8.45760559333598e-05] - [0.16664052288439107, 0.8333063259682522, -2.7870101159878694e-05, -2.6154382469453214e-05] - [3.3419855100726992e-06, 3.444100133352774e-06, 3.536635112416107e-06, 3.3419836638477263e-06]
B1: 0.16671262031269232 - 0.6666298937000573 - 0.1665830277069107 - 5.138500692403212e-05
B2: 0.16670610930593766 - 0.6667185335827465 - 0.16673257103125383 - 3.97165031874151e-05
