Number: 1671
Error: 3.539277438930465e-06
A1: [-7.51028257511952e-06, -6.995271125818193e-06, -5.696606230265194e-06, -7.368969687853519e-06] - [0.20831104306825923, 0.333312132603667, -0.041683272131453834, -2.166766246345298e-05] - [0.16665752091193678, 0.6666581546420388, 0.16665975566291888, -8.971410354433812e-06] - [-3.171287152051668e-06, -2.831083456103226e-06, -2.490711653554619e-06, -3.168578422274655e-06]
A2: [0.16668403589385028, -0.16664879496785742, 1.8116398643043645e-05, 1.733942067485443e-05] - [0.1666945386049316, 0.3333619582316625, 2.84817612725733e-05, 2.775508969300882e-05] - [0.16665950843288452, 0.8333259332064988, -7.821552814494693e-06, -7.186850716715729e-06] - [8.975978675334143e-06, 9.25030649023058e-06, 9.498916071202027e-06, 8.975975420763378e-06]
B1: 0.1666369814706158 - 0.6666100486953219 - 0.1666795583848576 - -1.299842918751814e-05
B2: 0.16662930660953204 - 0.6666133287131747 - 0.16660423580378678 - -3.663170137478576e-05
