Number: 2919
Error: 4.224882372318394e-06
A1: [-1.1863644366915857e-05, -1.1559743442619568e-05, -9.886220377529295e-06, -1.1617551256969692e-05] - [0.2082997957583863, 0.3332992528827247, -0.041695163014068, -3.24532722272973e-05] - [0.166652125521449, 0.6666526073282266, 0.16665477947467305, -1.4237500290756728e-05] - [-5.545829392521836e-06, -4.951082817176871e-06, -4.356121219753315e-06, -5.541105894374457e-06]
A2: [0.16669120404158091, -0.16664133437440284, 2.5692812134862108e-05, 2.4485257555734044e-05] - [0.16669459022857105, 0.3333622526738617, 2.8406916862639493e-05, 2.771921486760805e-05] - [0.16664957480553705, 0.8333157417169367, -1.8392294453020868e-05, -1.714191778118962e-05] - [1.5673541425934584e-05, 1.6152589274513642e-05, 1.6586755486899226e-05, 1.5673539702417062e-05]
B1: 0.1666243495609611 - 0.6665633390395341 - 0.16667080450901592 - -1.324307264196385e-05
B2: 0.1666150040268871 - 0.6665904737951558 - 0.16657607627951176 - -5.0393607532775556e-05
