Number: 3006
Error: 6.529499066602812e-06
A1: [-6.4396643546579545e-06, -6.835059400394775e-06, -5.8201879129816425e-06, -6.1913171735579735e-06] - [0.2083255443567868, 0.3333218242786005, -0.04167558699763804, -6.695614046149678e-06] - [0.16665926839779427, 0.6666588946206341, 0.16666026133328193, -7.092107955283282e-06] - [-5.711977732387269e-06, -5.099411094703931e-06, -4.486628716911869e-06, -5.707113682417373e-06]
A2: [0.16666287516909437, -0.16667051619450943, -4.272207122640859e-06, -3.845195321739161e-06] - [0.16658228681495904, 0.333246542173553, -9.043285807367217e-05, -8.459039727469932e-05] - [0.16662155768557538, 0.833286867956029, -4.8052979685731573e-05, -4.516055677180275e-05] - [1.613742483162082e-05, 1.663065027208346e-05, 1.707766774015455e-05, 1.6137423345691116e-05]
B1: 0.166688682476924 - 0.6665408876314584 - 0.16656656533342995 - 5.111130371364025e-05
B2: 0.16667834817633756 - 0.6666745137288898 - 0.1666785061731554 - 1.2988843171986392e-05
