Number: 180
Error: 8.117681576768549e-06
A1: [3.3366494167026486e-06, 3.4126710109960515e-06, 3.5719401165352697e-06, 3.347785715302426e-06] - [0.2083506754146052, 0.33335062573428814, -0.041649051179088147, 1.7390215795299454e-05] - [0.16667140247444823, 0.6666713660210978, 0.1666714325126697, 4.749214391234546e-06] - [-3.331833478382522e-07, -2.9717234974415503e-07, -2.6113712485484536e-07, -3.3289793858605115e-07]
A2: [0.16664664001233412, -0.1666874119427356, -2.1428349539302063e-05, -2.0029797424343328e-05] - [0.16658219186871717, 0.3332459032023124, -9.022906241575015e-05, -8.448709831074668e-05] - [0.16664406535276471, 0.8333099607926764, -2.409998664711497e-05, -2.2604320724897238e-05] - [9.69119182012975e-07, 9.987027086409385e-07, 1.0255083810771704e-06, 9.69118622860228e-07]
B1: 0.1667162580546342 - 0.6666456779612084 - 0.16658544189058774 - 5.063582962504933e-05
B2: 0.16671225567753148 - 0.6667275206444596 - 0.1667432340716251 - 4.567128436888638e-05
