Number: 981
Error: 3.1544528183563944e-06
A1: [-5.099627871486651e-06, -4.467808708512487e-06, -3.376343489019855e-06, -5.016255671860618e-06] - [0.2083172759678391, 0.33331926834108244, -0.041676682892328565, -1.5690057867929927e-05] - [0.16666050755035822, 0.6666612253577797, 0.166662510621866, -6.056275807979073e-06] - [-1.8583108436531025e-06, -1.6588413074921866e-06, -1.4592578813723148e-06, -1.8567210604858305e-06]
A2: [0.16668006498283652, -0.16665292753848454, 1.391984408598742e-05, 1.3380845098500728e-05] - [0.16669448123781722, 0.33336176685028446, 2.8494825815046475e-05, 2.7746092933574222e-05] - [0.16666499347620886, 0.833331560892897, -1.9841159707595458e-06, -1.6899576146956568e-06] - [5.272308367671003e-06, 5.433427289001231e-06, 5.579435276722156e-06, 5.2723057645666266e-06]
B1: 0.16664388456465595 - 0.6666357730910462 - 0.16668427457868798 - -1.2944549053604533e-05
B2: 0.1666373189808045 - 0.6666260801476893 - 0.16661993096911334 - -2.8918239416018284e-05
