Number: 1684
Error: 7.257233647294637e-06
A1: [-1.8326823738904347e-06, -2.004761927065963e-06, -1.3873021311172205e-06, -1.695326555184047e-06] - [0.20833743898425675, 0.3333354469940304, -0.04166301293734337, 4.70994301307759e-06] - [0.16666497988850776, 0.6666647666314782, 0.16666552792839326, -1.5175835716604632e-06] - [-3.195996254234454e-06, -2.8531388759856185e-06, -2.5101127035522984e-06, -3.193266511644946e-06]
A2: [0.1666552795887465, -0.16667842161456684, -1.2300256571169872e-05, -1.1417126447167877e-05] - [0.1665822241869187, 0.3332462220816496, -9.036157554725724e-05, -8.456027738926025e-05] - [0.16663207900784224, 0.8332976623690146, -3.6856781044292116e-05, -3.461650828217169e-05] - [9.042671226028863e-06, 9.319036698870515e-06, 9.56949304560483e-06, 9.042667971691695e-06]
B1: 0.16670209048056836 - 0.6665903896835405 - 0.16657585492137372 - 5.1397233990758745e-05
B2: 0.16669351928590684 - 0.6666987297306858 - 0.16670832355387197 - 2.758684038627655e-05
