Number: 2726
Error: 6.682658031374805e-06
A1: [-5.466633475836811e-06, -5.814886312063358e-06, -4.884335268850687e-06, -5.241790399717841e-06] - [0.20832805271795915, 0.3333246980404512, -0.041672935930579226, -4.2908244017391976e-06] - [0.16666047533557318, 0.6666601354050071, 0.16666137375447934, -5.914174368701418e-06] - [-5.179120030080329e-06, -4.623677451553857e-06, -4.068022954673114e-06, -5.1747069419105785e-06]
A2: [0.16666126855891708, -0.16667218840082876, -5.970364351671713e-06, -5.446796615009822e-06] - [0.1665822821859206, 0.3332464830769584, -9.040901208679833e-05, -8.457538093981934e-05] - [0.16662378838052588, 0.8332891564983134, -4.5679332712055275e-05, -4.2925047552486166e-05] - [1.4634903353819327e-05, 1.5082202618641958e-05, 1.5487590564901783e-05, 1.4634901166414646e-05]
B1: 0.16669152476596394 - 0.6665513812110986 - 0.1665685491839021 - 5.117446387373636e-05
B2: 0.1666815618532823 - 0.6666796346902879 - 0.1666848046152936 - 1.608112958653021e-05
