Number: 154
Error: 8.133878218319274e-06
A1: [3.4160233484118956e-06, 3.4956443951214216e-06, 3.646302220774229e-06, 3.424987179027157e-06] - [0.20835086365385028, 0.3333508448108077, -0.04164885588246246, 1.7568879524013958e-05] - [0.16667150323958407, 0.6666714691644685, 0.16667152296462734, 4.847295947659106e-06] - [-2.8368644703294725e-07, -2.5298004167019785e-07, -2.2225284925777508e-07, -2.834434626218824e-07]
A2: [0.16664649202063242, -0.16668756583485844, -2.1584463534593754e-05, -2.0177324003024324e-05] - [0.16658219966788113, 0.3332459065840747, -9.021736280332527e-05, -8.447747556252264e-05] - [0.16664427537633694, 0.8333101763162325, -2.3876441828066334e-05, -2.2393850516737453e-05] - [8.295371545856057e-07, 8.548540863700211e-07, 8.777933477845401e-07, 8.295366819126065e-07]
B1: 0.16671644358178803 - 0.6666465831168229 - 0.1665855656752016 - 5.056336579683325e-05
B2: 0.16671268717092405 - 0.6667280941250127 - 0.16674387948006222 - 4.609150765064726e-05
