Number: 1615
Error: 3.508215939449546e-06
A1: [-7.301231470656177e-06, -6.775978547130192e-06, -5.493367839429988e-06, -7.16463371492874e-06] - [0.20831160293924622, 0.3333127688150784, -0.04168267720590084, -2.1128562446951523e-05] - [0.16665777686096658, 0.6666584181838349, 0.16665999434874043, -8.721277199965988e-06] - [-3.064730967067889e-06, -2.735949556905232e-06, -2.4070036839173196e-06, -3.0621129153334902e-06]
A2: [0.16668371597897017, -0.16664912812104404, 1.777792775511563e-05, 1.7020506829444776e-05] - [0.16669454012979187, 0.33336194856057044, 2.8488345820636114e-05, 2.776054004300385e-05] - [0.16665995432653558, 0.8333263906354563, -7.347144157171175e-06, -6.739995333842023e-06] - [8.67540248056881e-06, 8.940542725881844e-06, 9.180825317009169e-06, 8.675399239161363e-06]
B1: 0.16663750341834896 - 0.6666121002195633 - 0.16667990702678848 - -1.3032387701534295e-05
B2: 0.16662990503369582 - 0.6666143535943344 - 0.1666055437622059 - -3.605753347922496e-05
