Number: 1463
Error: 3.4238913877936793e-06
A1: [-6.788543541396538e-06, -6.238571153488351e-06, -5.002614397626733e-06, -6.664691673537586e-06] - [0.20831290212806913, 0.3333142628121673, -0.04168130766849655, -1.9885541127596525e-05] - [0.1666584162659467, 0.666659075085539, 0.16666058067171274, -8.097605482062617e-06] - [-2.7755006202349687e-06, -2.477720943978034e-06, -2.1797873644287395e-06, -2.7731288172790986e-06]
A2: [0.16668283817039392, -0.16665004139745326, 1.685070898310771e-05, 1.6145415752922183e-05] - [0.16669451939772956, 0.3333618986673655, 2.8483877073512035e-05, 2.7750464295349356e-05] - [0.16666116167192957, 0.8333276294410685, -6.062090504610961e-06, -5.53003923956004e-06] - [7.859565324436176e-06, 8.09976817943923e-06, 8.317449444894897e-06, 7.859562154331823e-06]
B1: 0.1666390970658921 - 0.6666178371675379 - 0.16668101340751326 - -1.2947486049028387e-05
B2: 0.1666317196896325 - 0.6666171551216058 - 0.16660893356189468 - -3.4308730137419204e-05
