Number: 439
Error: 2.844072584455707e-06
A1: [-3.240514663287926e-06, -2.519497766584345e-06, -1.593362089614203e-06, -3.2026246422101276e-06] - [0.2083220313660725, 0.333324722772182, -0.04167166793449537, -1.1135066248572574e-05] - [0.16666281793125884, 0.6666635992790035, 0.16666463397530462, -3.802033270201538e-06] - [-8.269002086374932e-07, -7.379768059760218e-07, -6.489967171839799e-07, -8.261919505928318e-07]
A2: [0.16667695059032975, -0.1666561682506303, 1.062952778867884e-05, 1.0276142480242127e-05] - [0.16669446719103792, 0.33336164982687944, 2.854059922514957e-05, 2.7770039392298925e-05] - [0.16666931249502648, 0.8333359924323763, 2.6126204579474455e-06, 2.638367601761118e-06] - [2.362689068325154e-06, 2.4348700062699155e-06, 2.5002781067560087e-06, 2.3626877061665207e-06]
B1: 0.16664897981071422 - 0.6666556861339331 - 0.16668771742022245 - -1.3229214697675415e-05
B2: 0.16664410448425 - 0.6666364773578328 - 0.16663252209610166 - -2.236752887782417e-05
