Number: 690
Error: 7.815679695028023e-06
A1: [1.6048491282260085e-06, 1.5988309541400367e-06, 1.9155739898125624e-06, 1.6587670538438828e-06] - [0.20834627448636103, 0.33334557435157003, -0.04165368168266866, 1.3177796476846434e-05] - [0.1666692471041632, 0.666669152683535, 0.16666945679355402, 2.646653497942804e-06] - [-1.3040157230070908e-06, -1.1639533576806518e-06, -1.0238063130239532e-06, -1.3028994129390566e-06]
A2: [0.16664955361016834, -0.1666843801370814, -1.8350518944035993e-05, -1.7125323147024824e-05] - [0.1665821294290854, 0.33324593524814317, -9.03525684359826e-05, -8.45853093645736e-05] - [0.16663998027774155, 0.8333057692836635, -2.8447475275132246e-05, -2.6698157426392645e-05] - [3.707032012488051e-06, 3.8203049286790085e-06, 3.922952032795665e-06, 3.707030002432159e-06]
B1: 0.16671203147027394 - 0.6666274437282036 - 0.16658264216206395 - 5.147119282961363e-05
B2: 0.1667053035213199 - 0.6667172297041831 - 0.16673094460697643 - 3.894019354344904e-05
