Number: 2026
Error: 7.067822499822165e-06
A1: [-3.0219078261530453e-06, -3.2516122326680725e-06, -2.5311872650685854e-06, -2.855839672198508e-06] - [0.20833437240305233, 0.3333319339701412, -0.041666254041456165, 1.7698774596090068e-06] - [0.1666635049613765, 0.6666632503324944, 0.1666641684222505, -2.957077097720721e-06] - [-3.846911720095919e-06, -3.434280423194858e-06, -3.0214611400102693e-06, -3.843628583740015e-06]
A2: [0.16665724789182151, -0.16667637317500325, -1.0220120754064348e-05, -9.454941435983801e-06] - [0.16658225245520897, 0.3332463168909078, -9.036810092295692e-05, -8.455600136089587e-05] - [0.16662935995928513, 0.8332948726619562, -3.975044075517801e-05, -3.734143511507615e-05] - [1.0878247933832051e-05, 1.1210720401985412e-05, 1.1512029411042914e-05, 1.0878244761151537e-05]
B1: 0.1666986087011333 - 0.6665775784707196 - 0.1665734555190385 - 5.1310252762043116e-05
B2: 0.1666895732172706 - 0.6666924519693859 - 0.16670060538843895 - 2.3789030134978563e-05
