Number: 1447
Error: 3.4149690332054624e-06
A1: [-6.721958603615732e-06, -6.168675918772551e-06, -4.936922232008149e-06, -6.5994605123020824e-06] - [0.2083130896985317, 0.3333144737413457, -0.041681106989181885, -1.970393173471973e-05] - [0.1666584963206611, 0.6666591576979772, 0.16666065657031187, -8.019219133475075e-06] - [-2.74505573612033e-06, -2.450539773665757e-06, -2.155871076519757e-06, -2.742709863371913e-06]
A2: [0.1666827479044306, -0.16665013550319616, 1.6755023289497722e-05, 1.6055435750075266e-05] - [0.16669452278313165, 0.3333618987038976, 2.8488398918339458e-05, 2.77549710438923e-05] - [0.16666128939960234, 0.8333277604467203, -5.926252697486255e-06, -5.402036850821551e-06] - [7.773679680634779e-06, 8.01125731065158e-06, 8.226559296163193e-06, 7.773676521039103e-06]
B1: 0.16663922310773532 - 0.6666184011818542 - 0.16668109181657573 - -1.298029560916524e-05
B2: 0.16663186802210747 - 0.6666174466633691 - 0.1666093285232816 - -3.416732616457545e-05
