Number: 2708
Error: 6.692536184788868e-06
A1: [-5.397747822138406e-06, -5.742614108700749e-06, -4.817127963879931e-06, -5.1744218143036525e-06] - [0.2083282394813998, 0.3333249097269787, -0.0416727371280205, -4.110743610551586e-06] - [0.16666055932560334, 0.6666602219303819, 0.1666614523869998, -5.832055067960319e-06] - [-5.144866226868363e-06, -4.593096021132902e-06, -4.041114254995072e-06, -5.140482147243872e-06]
A2: [0.16666116630708205, -0.16667229492326302, -6.078611402841937e-06, -5.548726452310692e-06] - [0.16658228451396231, 0.3332464817619428, -9.040514378085155e-05, -8.457179001234158e-05] - [0.16662393206304688, 0.8332893038824616, -4.552649561707044e-05, -4.278105555911362e-05] - [1.4538309797608035e-05, 1.4982656583114833e-05, 1.5385368312466123e-05, 1.4538307571104194e-05]
B1: 0.1666916868809989 - 0.6665520359898534 - 0.16656865769002405 - 5.11579011697667e-05
B2: 0.1666817469281752 - 0.6666799621247782 - 0.16668522857832857 - 1.625840181083102e-05
