Number: 2488
Error: 6.813242362342193e-06
A1: [-4.6383329713349765e-06, -4.946443742138872e-06, -4.0874970787063425e-06, -4.433470100859104e-06] - [0.2083301897305148, 0.33332714592161444, -0.04167067707023318, -2.241853730339154e-06] - [0.16666150247123704, 0.6666611913794569, 0.16666232068278689, -4.911694585622932e-06] - [-4.726179282640514e-06, -4.219292347950279e-06, -3.7121993236947673e-06, -4.722149969362936e-06]
A2: [0.16665990201984038, -0.16667361070982709, -7.4147422572679045e-06, -6.809078128670619e-06] - [0.16658227450940097, 0.3332464290716103, -9.039254149414123e-05, -8.456635945602478e-05] - [0.1666256834809794, 0.8332911007652483, -4.366273035602418e-05, -4.102585532867334e-05] - [1.3357696895246066e-05, 1.3765956868779937e-05, 1.4135958797731105e-05, 1.3357694249613933e-05]
B1: 0.16669394033332902 - 0.6665602975148476 - 0.16657022905189933 - 5.122771572297744e-05
B2: 0.16668429233772378 - 0.6666839901550587 - 0.1666901649400553 - 1.870843430602182e-05
