Number: 548
Error: 7.89767792175542e-06
A1: [2.1074651880152518e-06, 2.125644966807137e-06, 2.3998988822570936e-06, 2.1494518268161085e-06] - [0.20834758268318643, 0.33334706905339134, -0.041652298767066914, 1.4433426970924073e-05] - [0.1666698681446766, 0.6666697912033513, 0.16667003049473156, 3.2529705098052553e-06] - [-1.033716326435523e-06, -9.226250895498108e-07, -8.11464740261719e-07, -1.0328311362445183e-06]
A2: [0.1666487407844356, -0.1666852261758147, -1.9209668749730223e-05, -1.793560859942402e-05] - [0.16658213476487982, 0.333245913312773, -9.033212553799867e-05, -8.457001346424076e-05] - [0.16664111325635353, 0.8333069317154065, -2.724178348321736e-05, -2.5562739142894392e-05] - [2.9447253364048004e-06, 3.034696978320679e-06, 3.1162275374381745e-06, 2.9447236793403395e-06]
B1: 0.16671329070907331 - 0.6666325892805081 - 0.16658347651927563 - 5.13208646853739e-05
B2: 0.16670705089548063 - 0.6667199714952655 - 0.16673431166727104 - 4.0626016353308776e-05
