Number: 1157
Error: 3.253237674916388e-06
A1: [-5.71263336364488e-06, -5.110469057810991e-06, -3.9660110224294e-06, -5.6144835317407785e-06] - [0.20831569383236873, 0.3333174564746893, -0.04167835479810846, -1.7207081120600447e-05] - [0.1666597476917137, 0.6666604441911206, 0.1666618101386854, -6.797896846362585e-06] - [-2.1932234799171602e-06, -1.957856568267625e-06, -1.722359997833365e-06, -2.1913479406868962e-06]
A2: [0.16668107807012258, -0.16665187325192965, 1.4990414726944132e-05, 1.4390785931015895e-05] - [0.1666944959866693, 0.33336181565687073, 2.8491359990572747e-05, 2.774850419661181e-05] - [0.16666359426427493, 0.8333301252704504, -3.4732642642962797e-06, -3.092191851146779e-06] - [6.217059839897793e-06, 6.40705675707884e-06, 6.579236291717353e-06, 6.217056969960463e-06]
B1: 0.16664214066290076 - 0.6666292278396562 - 0.1666830876086868 - -1.2941393352413816e-05
B2: 0.1666352465241995 - 0.6666228049688715 - 0.16661591142209586 - -3.091445342640582e-05
