Number: 972
Error: 7.655300444074449e-06
A1: [6.274608529253109e-07, 5.743421239797437e-07, 9.764158898201625e-07, 7.050531084942081e-07] - [0.20834375956328807, 0.3333426929451961, -0.041656337200582164, 1.07671857601331e-05] - [0.16666803448343737, 0.6666679063443156, 0.166668340165764, 1.463251673884207e-06] - [-1.840795767313259e-06, -1.6431996348554873e-06, -1.4454906075898683e-06, -1.8392209504997781e-06]
A2: [0.16665117595402446, -0.16668269188116408, -1.663629230954549e-05, -1.5508024067507025e-05] - [0.16658214744655347, 0.3332460074799901, -9.036451706561436e-05, -8.458707236580484e-05] - [0.1666377364211644, 0.8333034670091585, -3.0835605338546194e-05, -2.8946859327284393e-05] - [5.2208597676850105e-06, 5.380405479503379e-06, 5.524987693076795e-06, 5.22085718326056e-06]
B1: 0.16670931091266142 - 0.666617023995321 - 0.1665808025337691 - 5.1549941263714734e-05
B2: 0.16670188600918812 - 0.6667119009652255 - 0.16672444073003836 - 3.5644920114285707e-05
