Number: 1303
Error: 3.3347893983496502e-06
A1: [-6.2185151066605385e-06, -5.640826689623217e-06, -4.452285838699711e-06, -6.108109266459182e-06] - [0.20831439191455192, 0.33331596448868295, -0.041679730179761815, -1.8454995919203443e-05] - [0.16665911998472638, 0.6666597989363474, 0.166661231940102, -7.410477842832276e-06] - [-2.4710445374444558e-06, -2.205899194600409e-06, -1.9406121256542516e-06, -2.4689321298367624e-06]
A2: [0.16668191914188885, -0.16665099801161387, 1.5879153574525467e-05, 1.5229247556597979e-05] - [0.16669451046349743, 0.33336185838654553, 2.849072020588669e-05, 2.775274614649969e-05] - [0.16666243398635922, 0.8333289347960814, -4.708135173550362e-06, -4.25497705843539e-06] - [7.000747338203944e-06, 7.214699007394199e-06, 7.408588602169636e-06, 7.000744299001913e-06]
B1: 0.16664066878259243 - 0.6666237743932095 - 0.16668208035483179 - -1.2964022397356532e-05
B2: 0.16663353349312562 - 0.6666201022981862 - 0.1666125997270432 - -3.2564236384252974e-05
