Number: 505
Error: 2.882686427618364e-06
A1: [-3.4624028351355866e-06, -2.7519189724292014e-06, -1.8053214252582235e-06, -3.4189786323503678e-06] - [0.20832147061338124, 0.33332407820063836, -0.041672257685745964, -1.1671432641830673e-05] - [0.1666625412377265, 0.666663315169487, 0.16666438070078557, -4.071894977842425e-06] - [-9.524984263442549e-07, -8.501139308151922e-07, -7.47665059776912e-07, -9.516826965789439e-07]
A2: [0.16667732884750555, -0.16665577469581877, 1.102904076056291e-05, 1.0653219671775783e-05] - [0.16669446353497314, 0.33336165842379184, 2.852909910261794e-05, 2.7761756855831243e-05] - [0.16666878487904505, 0.8333354510561836, 2.051074191653297e-06, 2.109618427020961e-06] - [2.7170151374645173e-06, 2.8000267429337603e-06, 2.8752498971088434e-06, 2.71701359163386e-06]
B1: 0.1666483994288667 - 0.6666532961115492 - 0.16668732781167775 - -1.3154523641301222e-05
B2: 0.1666432187726579 - 0.6666351662669072 - 0.16663095924148189 - -2.3224648968245848e-05
