Number: 100
Error: 8.167923083341692e-06
A1: [3.5774869482977775e-06, 3.6643509658051996e-06, 3.7968909407666e-06, 3.581941998965795e-06] - [0.20835124084661022, 0.33335128512544154, -0.04164846588160332, 1.792619796833892e-05] - [0.1666717090396334, 0.6666716796749672, 0.16667170688691194, 5.047525736321217e-06] - [-1.8088394360796396e-07, -1.6119478778015628e-07, -1.4149211347562006e-07, -1.807290950438585e-07]
A2: [0.16664618516501956, -0.16668788489046693, -2.190808037753415e-05, -2.0483213591518757e-05] - [0.1665822188776928, 0.333245916798315, -9.018970164077831e-05, -8.445447832353376e-05] - [0.16664471257482452, 0.8333106249726073, -2.3411093611522827e-05, -2.1955724411862326e-05] - [5.396363491076956e-07, 5.560919001873508e-07, 5.710009527530505e-07, 5.396360591920432e-07]
B1: 0.16671680946421313 - 0.6666484466990714 - 0.16658580949000773 - 5.039345435028719e-05
B2: 0.16671361886309752 - 0.6667293099223169 - 0.166745233187691 - 4.699979265926306e-05
