Number: 1133
Error: 3.2398193264727027e-06
A1: [-5.6366834473542965e-06, -5.030902409853164e-06, -3.8940975014733015e-06, -5.540541409536278e-06] - [0.20831587880931796, 0.3333176710579337, -0.04167816102006162, -1.703095360628783e-05] - [0.16665984358985841, 0.666660542562892, 0.16666189707653972, -6.7044782245394555e-06] - [-2.1475536773317684e-06, -1.9170816481668627e-06, -1.68648203146817e-06, -2.1457170911832394e-06]
A2: [0.16668093859784275, -0.1666520182790024, 1.4843234099723717e-05, 1.4251742768371595e-05] - [0.16669449046825505, 0.3333618056588485, 2.848866530107057e-05, 2.774466841365225e-05] - [0.16666378464330692, 0.8333303206337903, -3.270581103320554e-06, -2.901400623983567e-06] - [6.088236097092498e-06, 6.274295286216379e-06, 6.442906109486672e-06, 6.088233259525376e-06]
B1: 0.16664240503049657 - 0.666630145712184 - 0.1666832735946037 - -1.2915239308562205e-05
B2: 0.16663555387382983 - 0.6666232525179615 - 0.16661643536027823 - -3.0617502460945215e-05
