Number: 1078
Error: 7.595575719175605e-06
A1: [2.639600896806866e-07, 1.9331194346766143e-07, 6.276342652186275e-07, 3.504473473981868e-07] - [0.208342829766374, 0.3333416261074187, -0.04165731841766506, 9.876583311417656e-06] - [0.166667582547261, 0.6666674419163533, 0.16666792467483088, 1.0222944442459471e-06] - [-2.0425602368140125e-06, -1.8233380560967707e-06, -1.6039932790199551e-06, -2.0408132335550103e-06]
A2: [0.1666517872258214, -0.16668205584053886, -1.5990499918078337e-05, -1.4898648531228485e-05] - [0.16658215934777845, 0.33324603977923123, -9.03638549064385e-05, -8.458260653992841e-05] - [0.16663689408535493, 0.8333026027309287, -3.1732143066881706e-05, -2.9791016547457137e-05] - [5.789868666005724e-06, 5.966807101194524e-06, 6.127151917779572e-06, 5.789865910460281e-06]
B1: 0.16670824484103539 - 0.6666130672844587 - 0.16658007424707205 - 5.153609019715312e-05
B2: 0.16670061396301558 - 0.6667099223933656 - 0.1667220328693243 - 3.441882277799718e-05
