Number: 2680
Error: 6.707838794404697e-06
A1: [-5.3172187655855334e-06, -5.658312650117313e-06, -4.742200246279585e-06, -5.096227145100296e-06] - [0.20832842274900668, 0.33332512574141704, -0.04167254717544657, -3.937768591595909e-06] - [0.16666066306742558, 0.6666603281051464, 0.1666615447735877, -5.731197533403359e-06] - [-5.0915746128257245e-06, -4.545516550792394e-06, -3.999247512667911e-06, -5.087235669905648e-06]
A2: [0.16666100268618456, -0.1666724649623954, -6.251096623292651e-06, -5.7118464539760335e-06] - [0.16658227621479146, 0.33324646838897254, -9.040982904830246e-05, -8.457812467251656e-05] - [0.16662415417148127, 0.8332895318206134, -4.528999941711923e-05, -4.255846572364741e-05] - [1.4388053047259748e-05, 1.4827807037275494e-05, 1.5226355722799307e-05, 1.4388050761348116e-05]
B1: 0.16669202673293157 - 0.6665531382348336 - 0.16656890620316273 - 5.121988125222244e-05
B2: 0.1666821255995924 - 0.6666804792199654 - 0.16668580824562879 - 1.6624931914818882e-05
