Number: 1146
Error: 7.557400455727622e-06
A1: [4.0777405519576556e-08, -4.0561656649714835e-08, 4.150022751965567e-07, 1.3296126457038047e-07] - [0.20834227357379437, 0.3333409842355974, -0.04165790313083798, 9.345495702641165e-06] - [0.1666673027296384, 0.6666671546461683, 0.16666766935840538, 7.495101519780929e-07] - [-2.1719946991987902e-06, -1.9388993325480116e-06, -1.7056754019949063e-06, -2.170137280363704e-06]
A2: [0.16665218117436745, -0.16668164608247626, -1.557457054939479e-05, -1.4505916455203542e-05] - [0.1665821719028733, 0.3332460652158916, -9.035893097863276e-05, -8.457482138294871e-05] - [0.16663635436391394, 0.8333020489110639, -3.230668191511334e-05, -3.0331906475629227e-05] - [6.154887505532647e-06, 6.342983362304555e-06, 6.513439968082688e-06, 6.154884653288668e-06]
B1: 0.16670752260956367 - 0.6666104925569366 - 0.16657957243118082 - 5.148884099330006e-05
B2: 0.16669976859847604 - 0.6667086549422301 - 0.16672052287045716 - 3.3602935833858955e-05
