Number: 3056
Error: 6.502190496775756e-06
A1: [-6.617696143058525e-06, -7.021749227294109e-06, -5.992060631727892e-06, -6.3651477772598445e-06] - [0.20832507920651688, 0.3333212929114477, -0.04167607956533239, -7.1422530954044235e-06] - [0.16665904855185276, 0.6666586684880406, 0.1666600578792821, -7.3067705932002475e-06] - [-5.807127927384212e-06, -5.184360512101927e-06, -4.561377019313589e-06, -5.8021834110213115e-06]
A2: [0.16666316117984797, -0.1666702184344648, -3.969774993241831e-06, -3.5600790081659254e-06] - [0.16658228515259713, 0.3332465503320596, -9.043941012409883e-05, -8.459556780943035e-05] - [0.16662115898139215, 0.8332864589333577, -4.8477187522972035e-05, -4.5560120693160196e-05] - [1.6405723876566097e-05, 1.6907150141378523e-05, 1.7361601323415407e-05, 1.640572253434183e-05]
B1: 0.16668818954672085 - 0.66653902735308 - 0.1665662235626609 - 5.111465096776053e-05
B2: 0.16667778923836477 - 0.6666736008669627 - 0.16667736897740634 - 1.2451581670170736e-05
