Number: 2750
Error: 6.669527423668953e-06
A1: [-5.542507472649042e-06, -5.894378085404809e-06, -4.956176600474052e-06, -5.315656943046765e-06] - [0.20832786804344017, 0.3333244837495057, -0.04167312943003178, -4.466650321806105e-06] - [0.16666037949261844, 0.6666600370883371, 0.16666128686794907, -6.007538473956778e-06] - [-5.224796377483304e-06, -4.664457567188107e-06, -4.103906382711642e-06, -5.220344610571525e-06]
A2: [0.1666614076052013, -0.1666720437956192, -5.823601826498618e-06, -5.30817966731235e-06] - [0.16658228612881992, 0.3332464915204272, -9.04078552820917e-05, -8.45731219094728e-05] - [0.1666235976161343, 0.8332889607552098, -4.588239201956483e-05, -4.311622457878281e-05] - [1.4763693879426318e-05, 1.5214929783100237e-05, 1.5623886028209128e-05, 1.4763691745249151e-05]
B1: 0.16669125634397738 - 0.6665504582100191 - 0.16656835684875107 - 5.114423510221902e-05
B2: 0.16668126045961926 - 0.6666791932929209 - 0.16668428705840074 - 1.5790141829176926e-05
