Number: 1650
Error: 7.276097609174925e-06
A1: [-1.7211731527073078e-06, -1.8879019689089677e-06, -1.2810567152516468e-06, -1.5866653989907537e-06] - [0.2083377167850067, 0.3333357676550896, -0.041662720832406075, 4.975191944485292e-06] - [0.16666511972787149, 0.6666649102017331, 0.16666565552841212, -1.3812604674108572e-06] - [-3.1312826001942128e-06, -2.7953617440442965e-06, -2.459274272005943e-06, -3.1286079227255936e-06]
A2: [0.16665508266816242, -0.16667862644489023, -1.2508177731054096e-05, -1.16134387995052e-05] - [0.16658221803499054, 0.33324620946610056, -9.036395686077852e-05, -8.456404417543737e-05] - [0.16663234888913978, 0.8332979392934451, -3.656950254273775e-05, -3.43460426312758e-05] - [8.860180586282542e-06, 9.13096795461903e-06, 9.376368673157327e-06, 8.860177338162101e-06]
B1: 0.16670245842897596 - 0.6665916838885108 - 0.1665761127718404 - 5.142770107928334e-05
B2: 0.1666939353306349 - 0.6666993566265366 - 0.16670907154285042 - 2.798814552586816e-05
