Number: 1871
Error: 3.649862641289128e-06
A1: [-8.198653573002059e-06, -7.716950494220949e-06, -6.357683623557847e-06, -8.040556969812902e-06] - [0.20830927806061514, 0.33331010811310074, -0.04168513602023076, -2.3358713279422264e-05] - [0.16665666565145273, 0.6666572755677639, 0.16665896865899685, -9.805956672611296e-06] - [-3.5518438269219293e-06, -3.1708480573325336e-06, -2.789672252162647e-06, -3.5488114347242276e-06]
A2: [0.16668518798155904, -0.16664759609121443, 1.933374948193793e-05, 1.848793283678458e-05] - [0.1666945576572683, 0.33336201598284415, 2.8480093732650763e-05, 2.7760120531197075e-05] - [0.16665791861012924, 0.833324302031783, -9.513534980188742e-06, -8.780108778777839e-06] - [1.0049408035257197e-05, 1.0356546867853816e-05, 1.0634894520107477e-05, 1.0049404790948702e-05]
B1: 0.16663492492020301 - 0.6666025370048019 - 0.16667813589640254 - -1.3069782009786225e-05
B2: 0.16662697417391925 - 0.6666096547281106 - 0.1665997423471468 - -3.8877490903230745e-05
