Number: 2237
Error: 3.85153766787474e-06
A1: [-9.487731578222514e-06, -9.068638273258711e-06, -7.600129800612524e-06, -9.29889353258496e-06] - [0.20830592978673906, 0.3333062783059808, -0.04168867861609002, -2.6571535081686994e-05] - [0.16665507084868833, 0.6666556355092825, 0.16665749540249086, -1.136282598111825e-05] - [-4.248240090079219e-06, -3.7925941309675124e-06, -3.3367506743727444e-06, -4.2446161728077185e-06]
A2: [0.16668728967593577, -0.16664540852340895, 2.1555393361403037e-05, 2.0583084201150053e-05] - [0.16669457337624966, 0.3333621031920682, 2.8459287500410827e-05, 2.7750180063880266e-05] - [0.16665500624139312, 0.8333213140734763, -1.2612680902927175e-05, -1.1698764526669954e-05] - [1.2013693339748855e-05, 1.2380873347574301e-05, 1.2713640520985598e-05, 1.2013690346792032e-05]
B1: 0.16663125629180506 - 0.6665888769073387 - 0.16667560998361877 - -1.3105497915917838e-05
B2: 0.1666228170816763 - 0.6666029509813772 - 0.16659144227427725 - -4.287602572675832e-05
