Number: 2843
Error: 4.1833828332130325e-06
A1: [-1.1583427165423138e-05, -1.1265822864406304e-05, -9.614278539572126e-06, -1.1343728996453208e-05] - [0.20830054156088398, 0.3333001015138731, -0.04169437117743888, -3.1735643415987936e-05] - [0.16665246935151634, 0.6666529612683716, 0.16665509949740392, -1.3901558102918444e-05] - [-5.40123671490807e-06, -4.821991566197851e-06, -4.242532383112287e-06, -5.396635577152432e-06]
A2: [0.1666907708950372, -0.16664178545598138, 2.523454210482573e-05, 2.405346956350693e-05] - [0.1666945968518072, 0.3333622441761315, 2.8420548074341596e-05, 2.7731166506411763e-05] - [0.16665018126358178, 0.8333163638375769, -1.77471220164839e-05, -1.653415395884676e-05] - [1.5265714240608396e-05, 1.5732296405403613e-05, 1.6155163152023267e-05, 1.526571232408494e-05]
B1: 0.16662506692432488 - 0.6665661360396254 - 0.16667129469898523 - -1.3280066943064883e-05
B2: 0.16661582100951733 - 0.6665918587130147 - 0.16657783395695486 - -4.960954728593556e-05
