Number: 1504
Error: 7.3572877947190245e-06
A1: [-1.2155240940967964e-06, -1.357772953147363e-06, -7.950057702445422e-07, -1.093272059005585e-06] - [0.20833901768899404, 0.33333725865856184, -0.041661346404008676, 6.222093309552968e-06] - [0.16666574731240671, 0.6666655553258661, 0.16666623359120378, -7.688013271970237e-07] - [-2.8533979903710625e-06, -2.547263753837196e-06, -2.240972811410037e-06, -2.8509598618909917e-06]
A2: [0.16665424150111438, -0.16667950180229743, -1.3397043891626723e-05, -1.2451994033746622e-05] - [0.16658220304012678, 0.3332461661259037, -9.036397084193216e-05, -8.456879709823374e-05] - [0.1666335090606477, 0.8332991296388661, -3.533476989309063e-05, -3.3183361920051814e-05] - [8.076530603233402e-06, 8.323364526629098e-06, 8.547055614459166e-06, 8.07652741132994e-06]
B1: 0.16670394842529257 - 0.6665971549578489 - 0.16657713716503808 - 5.146843148363253e-05
B2: 0.16669563312167165 - 0.6667020434243616 - 0.16671236649136376 - 2.962264617585239e-05
