Number: 219
Error: 2.712285296278338e-06
A1: [-2.522684716399262e-06, -1.7680892264945772e-06, -9.116928594853809e-07, -2.5032210890968504e-06] - [0.2083238119600857, 0.33332677668148286, -0.04166980284346222, -9.435674695256472e-06] - [0.16666371781797612, 0.6666645223826005, 0.16666545278933015, -2.9248981922443207e-06] - [-4.082378537526395e-07, -3.641836463084246e-07, -3.20099954213031e-07, -4.0788810884890833e-07]
A2: [0.16667569366636717, -0.16665747579411752, 9.302487392564364e-06, 9.023151956046556e-06] - [0.16669450158711052, 0.3333616446174352, 2.8603564064424994e-05, 2.781985738268232e-05] - [0.1666710783558674, 0.8333378044059332, 4.492054940528964e-06, 4.4080057302292175e-06] - [1.1815631862901076e-06, 1.2176406671708972e-06, 1.2503312040850625e-06, 1.1815624952462046e-06]
B1: 0.16665076337196816 - 0.6666635240532657 - 0.1666889093649058 - -1.3629009533425076e-05
B2: 0.16664730703023867 - 0.6666410282927037 - 0.16663783816510966 - -1.9260291415774936e-05
