Number: 422
Error: 7.971434356648963e-06
A1: [2.5200803567292794e-06, 2.557754824463647e-06, 2.7923301257866245e-06, 2.5515119826223444e-06] - [0.20834860880307232, 0.33334825273334334, -0.04165122220749038, 1.5413032398610724e-05] - [0.1666703853487154, 0.6666703219346095, 0.16667050172712472, 3.7571422002011786e-06] - [-7.938637120846625e-07, -7.084790886907711e-07, -6.230399585161333e-07, -7.931837461777868e-07]
A2: [0.16664801626978484, -0.16668597981651026, -1.997459010816513e-05, -1.8657869192236138e-05] - [0.16658213475807282, 0.33324589010130656, -9.031672744837661e-05, -8.456118256696235e-05] - [0.1666421194763724, 0.8333079642219815, -2.6170741425208868e-05, -2.455435443918553e-05] - [2.268301519697938e-06, 2.337597001525389e-06, 2.400390227617563e-06, 2.2683002101006577e-06]
B1: 0.16671444438439942 - 0.6666371945504697 - 0.1665842594650174 - 5.1223936724475216e-05
B2: 0.16670877378988483 - 0.6667224721754023 - 0.16673725662192773 - 4.2294293618655375e-05
