Number: 1021
Error: 3.176965947037613e-06
A1: [-5.242243153739893e-06, -4.617345173160729e-06, -3.5140173517764612e-06, -5.155509222221377e-06] - [0.20831690312929346, 0.3333188425594451, -0.04167707759556848, -1.6048085432370748e-05] - [0.1666603315296731, 0.6666610443104948, 0.16666234772824268, -6.2281483509840846e-06] - [-1.9344277659258687e-06, -1.7267996462898245e-06, -1.5190539349455801e-06, -1.9327730174573773e-06]
A2: [0.1666802946189556, -0.16665268851326204, 1.4162597566542826e-05, 1.3609766137988084e-05] - [0.1666944828990068, 0.333361776316031, 2.8492480779765403e-05, 2.7744950243396214e-05] - [0.16666467524357556, 0.8333312343917337, -2.322774627221775e-06, -2.008877096510091e-06] - [5.487029334578095e-06, 5.6547115834055564e-06, 5.8066677422868646e-06, 5.487026664829273e-06]
B1: 0.1666435016363032 - 0.6666342982665275 - 0.1666840168800635 - -1.2930409679952966e-05
B2: 0.1666368569331753 - 0.6666253345013042 - 0.1666190053387976 - -2.9362960066966026e-05
