Number: 1380
Error: 7.4264187345152986e-06
A1: [-7.833913713614621e-07, -9.047042469050906e-07, -3.7922936737871777e-07, -6.715510085708365e-07] - [0.20834013332695683, 0.33333853633339977, -0.04166016715805769, 7.291855381570261e-06] - [0.16666628302770284, 0.666666106084271, 0.16666672753801043, -2.459351416260454e-07] - [-2.617383621275544e-06, -2.336547690633507e-06, -2.055564181569822e-06, -2.6151465229516844e-06]
A2: [0.16665352739902628, -0.1666802449623116, -1.4151697378393772e-05, -1.3163877866055337e-05] - [0.16658219100869376, 0.333246129974855, -9.03633725948422e-05, -8.457213005075898e-05] - [0.16663449443960854, 0.8333001406414527, -3.428607285133305e-05, -3.219585195258881e-05] - [7.410948003448888e-06, 7.637437362605837e-06, 7.842689894532067e-06, 7.410944896827094e-06]
B1: 0.16670520155610266 - 0.6666017893779801 - 0.1665779949774533 - 5.149066123203248e-05
B2: 0.16669707031467842 - 0.6667043289034514 - 0.16671517723191365 - 3.1006086510778624e-05
