Number: 1004
Error: 7.637245762031555e-06
A1: [5.181631796673746e-07, 4.5977903430224443e-07, 8.716147495037037e-07, 5.98440307675772e-07] - [0.20834348064116476, 0.33334237275847045, -0.04165663143320664, 1.0500094252228588e-05] - [0.16666789849542563, 0.6666677666117244, 0.1666682152332604, 1.3305776551927232e-06] - [-1.9017061235752705e-06, -1.697581372450046e-06, -1.4933407463808937e-06, -1.900079316756055e-06]
A2: [0.1666513605351897, -0.1666824998274389, -1.6441299600194213e-05, -1.532401535857103e-05] - [0.16658215110913055, 0.3332460172861264, -9.036427621197964e-05, -8.458565442700468e-05] - [0.16663748212032445, 0.8333032060818674, -3.1106273606807787e-05, -2.9201710020194532e-05] - [5.392637135478829e-06, 5.557433516768126e-06, 5.706774267107798e-06, 5.392634496779937e-06]
B1: 0.16670898894289904 - 0.6666158293384402 - 0.1665805824598843 - 5.1545621646224835e-05
B2: 0.16670149937272158 - 0.6667113024153791 - 0.16672371404063024 - 3.5272154983088006e-05
