Number: 616
Error: 7.858259493378657e-06
A1: [1.859598683051178e-06, 1.8657998959981988e-06, 2.160010178178717e-06, 1.9073057776849096e-06] - [0.20834692734922738, 0.3333463228301752, -0.04165299303496632, 1.3803293255486355e-05] - [0.1666695635065857, 0.6666694777982559, 0.16666974773332704, 2.9553900691007605e-06] - [-1.163155090183343e-06, -1.0381902823297914e-06, -9.131487914620058e-07, -1.1621592031745724e-06]
A2: [0.16664912851340286, -0.16668482248894623, -1.8799646394190134e-05, -1.7549096103782458e-05] - [0.16658212781542994, 0.33324591955245964, -9.034603832944108e-05, -8.458173251742074e-05] - [0.16664057001834331, 0.8333063743848694, -2.7819816336157207e-05, -2.6107145431853022e-05] - [3.309775517686246e-06, 3.410905572071439e-06, 3.5025482943489026e-06, 3.3097736863738597e-06]
B1: 0.16671272017750507 - 0.6666301556775004 - 0.16658310542410693 - 5.142535082262864e-05
B2: 0.16670623145999228 - 0.6667186535480136 - 0.16673267079068443 - 3.9836055712403836e-05
