Number: 778
Error: 7.76537458436413e-06
A1: [1.3098755065178681e-06, 1.2897462658086955e-06, 1.633704562516787e-06, 1.371171616793675e-06] - [0.20834553014065813, 0.3333447179996496, -0.04165446518690329, 1.2465963531865226e-05] - [0.16666887886338153, 0.6666687745105185, 0.16666911968842607, 2.2875210837780498e-06] - [-1.4715251881947442e-06, -1.313509078882433e-06, -1.1553991050356489e-06, -1.4702657287836278e-06]
A2: [0.16665006110561859, -0.16668385217248927, -1.7814552366062912e-05, -1.6619401956250356e-05] - [0.16658213747978934, 0.33324595993523254, -9.035443817064503e-05, -8.458343121713826e-05] - [0.166639280052887, 0.8333050507875953, -2.919280449105281e-05, -2.739989424838971e-05] - [4.17943939123629e-06, 4.307152288920425e-06, 4.422885624921651e-06, 4.179437183610651e-06]
B1: 0.16671116640197112 - 0.666624175899646 - 0.16658205167201795 - 5.1479632228780084e-05
B2: 0.16670418894354022 - 0.6667155501083979 - 0.1667289314677401 - 3.786376151513468e-05
