Number: 988
Error: 7.646303041376092e-06
A1: [5.847960502248887e-07, 5.29717692948823e-07, 9.373452786792599e-07, 6.637192680193336e-07] - [0.20834366837112078, 0.333342583830937, -0.04165643062853892, 1.0681862713621907e-05] - [0.1666679786020685, 0.6666678492707376, 0.16666829117207912, 1.4090157170413298e-06] - [-1.871253097875665e-06, -1.6703927757154545e-06, -1.4694180623385596e-06, -1.8696522829108088e-06]
A2: [0.1666512702979783, -0.16668259390212398, -1.653695023413393e-05, -1.541396634404439e-05] - [0.16658215464341455, 0.3332460174818402, -9.035957883104349e-05, -8.458099782864089e-05] - [0.16663760990017956, 0.8333033371427543, -3.0970376253271456e-05, -2.9073655238690455e-05] - [5.306748451517688e-06, 5.468919510374256e-06, 5.615881002994632e-06, 5.306745839730094e-06]
B1: 0.1667091104068852 - 0.6666163889350835 - 0.16658065655415663 - 5.150822840045004e-05
B2: 0.16670165189740752 - 0.6667115982626319 - 0.16672411336940457 - 3.5417744835860784e-05
