Number: 2201
Error: 3.8317140254494395e-06
A1: [-9.34994192073161e-06, -8.924072604083078e-06, -7.465691507059415e-06, -9.164138110702165e-06] - [0.20830630341050602, 0.333306701782305, -0.041688280901776564, -2.6211276763515555e-05] - [0.1666552388242182, 0.6666558085607623, 0.166657652672133, -1.1198592142465037e-05] - [-4.1797443977179544e-06, -3.73144142239034e-06, -3.2829424172304183e-06, -4.176178617668586e-06]
A2: [0.16668708492194992, -0.16664562181677423, 2.1338649889249327e-05, 2.037897370742769e-05] - [0.16669457709097305, 0.33336209963012176, 2.8466089751047247e-05, 2.7756418406623255e-05] - [0.16665529335993143, 0.8333216085973261, -1.2307252406315676e-05, -1.1411027635210133e-05] - [1.1820485170129034e-05, 1.21817595200692e-05, 1.2509173893937964e-05, 1.1820482139097911e-05]
B1: 0.16663158095884095 - 0.6665901862246676 - 0.16667582604177192 - -1.3138192435190567e-05
B2: 0.16662318797089842 - 0.6666036066395228 - 0.16659229111987844 - -4.2520729257209395e-05
