Number: 2913
Error: 4.221582862151668e-06
A1: [-1.1832692303471884e-05, -1.1527213788033819e-05, -9.854930358031257e-06, -1.1587112519256258e-05] - [0.2082998901990233, 0.33329935743833355, -0.04169506094622052, -3.2361089893622396e-05] - [0.16665216158671747, 0.6666526446927783, 0.16665481466243845, -1.420206629018383e-05] - [-5.534415554931712e-06, -4.940893083969591e-06, -4.3471556598453125e-06, -5.529701713806347e-06]
A2: [0.16669117135564526, -0.1666413685507286, 2.56579895737813e-05, 2.4452678807910617e-05] - [0.16669459470604936, 0.3333622557617511, 2.8411543984079864e-05, 2.7724112756271734e-05] - [0.16664962314476153, 0.8333157912690468, -1.8340947800555275e-05, -1.709347552908253e-05] - [1.5641340031603682e-05, 1.611940362315426e-05, 1.655267765814675e-05, 1.5641338292389027e-05]
B1: 0.16662437708642122 - 0.6665635320710604 - 0.16667081674487927 - -1.3275126114430162e-05
B2: 0.16661503848237877 - 0.6665905806109466 - 0.16657624156830106 - -5.03617483081483e-05
