Number: 1848
Error: 7.166283919453385e-06
A1: [-2.4071764282014177e-06, -2.6071250477192444e-06, -1.940525394444334e-06, -2.256047950217734e-06] - [0.20833595146365752, 0.3333337444407024, -0.04166458604320284, 3.283107326444165e-06] - [0.1666642683480116, 0.6666640350137307, 0.16666487126139504, -2.212128166173123e-06] - [-3.5081330424871224e-06, -3.13181672985945e-06, -2.755321803477026e-06, -3.5051378214218935e-06]
A2: [0.1666562229580544, -0.16667743978189775, -1.130318796971325e-05, -1.0476690949457354e-05] - [0.16658223670384267, 0.33324626659814943, -9.036555759754685e-05, -8.455926539009887e-05] - [0.1666307751219844, 0.8332963246106063, -3.824437695143218e-05, -3.592321287699825e-05] - [9.922904260065826e-06, 1.0226175319970342e-05, 1.0501017366873486e-05, 9.922901012131642e-06]
B1: 0.16670043507250318 - 0.6665842604719154 - 0.16657471854006994 - 5.136976372094707e-05
B2: 0.16669163975580883 - 0.6666957189292693 - 0.1667046081642641 - 2.5778404012653827e-05
