Number: 2
Error: 8.238114891896759e-06
A1: [3.1739679539432454e-06, 3.2380066564008564e-06, 3.301692058416403e-06, 3.1709028774927806e-06] - [0.20834911364092987, 0.3333491273816227, -0.04165086004324459, 1.5765596191587942e-05] - [0.1666713751463863, 0.6666713178433594, 0.16667126031135723, 4.704195267997904e-06] - [5.704019736450448e-09, 5.3945310124362195e-09, 5.08477622256734e-09, 5.698798606775484e-09]
A2: [0.16664549049323107, -0.16668859417628948, -2.2617772175201612e-05, -2.1176133566240223e-05] - [0.16658185602947062, 0.33324555971901787, -9.049200997382351e-05, -8.481045833625667e-05] - [0.16664544479679827, 0.83331138150462, -2.2620590712668688e-05, -2.1221820277182904e-05] - [1.3419011987901282e-08, 1.378955509304991e-08, 1.4122321948558562e-08, 1.3419052893192495e-08]
B1: 0.1667197754552353 - 0.6666539581784906 - 0.16658820873976535 - 5.239057155031679e-05
B2: 0.1667178128765868 - 0.6667318426766328 - 0.16674573008840354 - 5.115135626251813e-05
