Number: 358
Error: 8.009438427756875e-06
A1: [2.739909180230423e-06, 2.7880110956544934e-06, 3.0029570214912577e-06, 2.7659697156120438e-06] - [0.20834917114145066, 0.3333488972321047, -0.041650629990782694, 1.595170509387493e-05] - [0.16667065834744135, 0.6666706023424539, 0.16667075245061777, 4.023511408262677e-06] - [-6.720334137051739e-07, -5.997062474381984e-07, -5.273322893938897e-07, -6.714577403087798e-07]
A2: [0.16664765124414163, -0.16668635969209847, -2.036025893061627e-05, -1.9021749918258137e-05] - [0.16658214444891586, 0.33324588790002985, -9.029944860154487e-05, -8.454700278776157e-05] - [0.16664263243731608, 0.8333084905377713, -2.5624854278864737e-05, -2.4040294007370845e-05] - [1.924717829258045e-06, 1.983511035105978e-06, 2.036786876052959e-06, 1.924716707908672e-06]
B1: 0.16671496051238138 - 0.6666394694717421 - 0.1665845984643135 - 5.110483598016487e-05
B2: 0.1667096426366444 - 0.6667237677709915 - 0.16673881118220293 - 4.313539904310428e-05
