Number: 2496
Error: 6.8088325663646525e-06
A1: [-4.671613218427213e-06, -4.981378725194104e-06, -4.120330448853349e-06, -4.466073527895663e-06] - [0.20833009599342225, 0.33332704050539813, -0.04167077736196707, -2.332610445512838e-06] - [0.1666614624496725, 0.6666611500799919, 0.16666228274042763, -4.950882105643974e-06] - [-4.7414028433815675e-06, -4.232883698165538e-06, -3.724158229130014e-06, -4.737360624755043e-06]
A2: [0.16665994703929582, -0.1666735637698124, -7.367012143502772e-06, -6.764201782780831e-06] - [0.16658227239743192, 0.3332464286379493, -9.039521671824013e-05, -8.456903268881346e-05] - [0.16662561951043356, 0.8332910351566394, -4.37307549885059e-05, -4.1089963406983393e-05] - [1.3400629249018418e-05, 1.3810201492432692e-05, 1.4181392875099866e-05, 1.3400626616711636e-05]
B1: 0.1666938770376191 - 0.6665600149407882 - 0.1665701889580315 - 5.12438409892172e-05
B2: 0.16668421900216124 - 0.6666838452422293 - 0.16668996836367447 - 1.863856620019352e-05
