Number: 676
Error: 7.823753978925257e-06
A1: [1.6692249567891555e-06, 1.666429443177622e-06, 1.979820111277188e-06, 1.721952369492205e-06] - [0.2083464631748885, 0.333345784796639, -0.04165347889112194, 1.3361245273179011e-05] - [0.16666932332076992, 0.6666692314684795, 0.16666953003275356, 2.721404168378099e-06] - [-1.2773690295932583e-06, -1.1401630974797982e-06, -1.002873979667396e-06, -1.2762754964587185e-06]
A2: [0.16664947590617302, -0.16668446124348935, -1.8433052123286933e-05, -1.7202776694622072e-05] - [0.16658213614913103, 0.33324593893860854, -9.03450570734981e-05, -8.457760733484404e-05] - [0.166640092643283, 0.8333058845105016, -2.8328027833803324e-05, -2.6585551349564877e-05] - [3.6318755144468952e-06, 3.742851151926025e-06, 3.843416358988317e-06, 3.6318735373245127e-06]
B1: 0.16671210994131577 - 0.6666279072158651 - 0.1665826824645808 - 5.141065056606315e-05
B2: 0.16670542278853703 - 0.6667174932508024 - 0.16673131857880955 - 3.905339313508652e-05
