Number: 1381
Error: 3.3782738340142798e-06
A1: [-6.501208908439879e-06, -5.937300590042886e-06, -4.725912739086134e-06, -6.384243498034386e-06] - [0.20831364629797586, 0.3333151144941674, -0.04168052071339058, -1.9171713778240445e-05] - [0.16665877206847232, 0.6666594409341956, 0.16666090905080855, -7.750301210872056e-06] - [-2.619467294270231e-06, -2.3384125723081737e-06, -2.0572100511442494e-06, -2.617228407462895e-06]
A2: [0.16668236637115272, -0.16665053241951708, 1.6352071593272037e-05, 1.56750824545133e-05] - [0.16669451274714375, 0.3333618760550526, 2.8485525652987605e-05, 2.774956211760746e-05] - [0.16666181350005052, 0.8333282982145381, -5.368396319941498e-06, -4.876802844369624e-06] - [7.419426982265313e-06, 7.646176285651124e-06, 7.851664435777682e-06, 7.4194238721300296e-06]
B1: 0.16663991922519183 - 0.666620895974081 - 0.16668157553831808 - -1.2939291212092112e-05
B2: 0.16663266465986723 - 0.6666186659770258 - 0.16661079710826135 - -3.33992824659674e-05
