Number: 445
Error: 2.847625541201187e-06
A1: [-3.2715907722374887e-06, -2.552142503242653e-06, -1.6247574720569248e-06, -3.2331871941260645e-06] - [0.20832193647876737, 0.3333246178034398, -0.04167177038005566, -1.1227694564679513e-05] - [0.16666278176006558, 0.6666635618156587, 0.16666459869745395, -3.837572837334736e-06] - [-8.383184594555247e-07, -7.481710472437778e-07, -6.579662411672843e-07, -8.376004296902901e-07]
A2: [0.16667698308779572, -0.16665613427122855, 1.066414538611111e-05, 1.0308532753497161e-05] - [0.16669446186875764, 0.3333616458574023, 2.8535056654359125e-05, 2.7764296831727004e-05] - [0.1666692639327538, 0.8333359426476346, 2.561032713620449e-06, 2.5897023871100747e-06] - [2.3949064898750243e-06, 2.4680722103528616e-06, 2.5343727453213448e-06, 2.3949051106715263e-06]
B1: 0.16664896387074243 - 0.6666555039594333 - 0.16668771538594865 - -1.3185572862260466e-05
B2: 0.1666440603447035 - 0.6666363605650338 - 0.1666323465652726 - -2.240907158006377e-05
