Number: 2442
Error: 6.838496411220198e-06
A1: [-4.488911754764045e-06, -4.789863076373064e-06, -3.945355119327048e-06, -4.28790044275332e-06] - [0.20833055978283704, 0.33332757364443627, -0.04167028829412446, -1.8887769129053534e-06] - [0.16666169020934984, 0.6666613840859069, 0.16666249170708133, -4.728711697177215e-06] - [-4.638631890659486e-06, -4.14112951294468e-06, -3.6434224464553967e-06, -4.634676803803474e-06]
A2: [0.16665963595510022, -0.16667388746378223, -7.695666770634077e-06, -7.074319973291234e-06] - [0.1665822678107347, 0.3332464136559259, -9.039408505717006e-05, -8.456983082651628e-05] - [0.16662604909312265, 0.8332914759088155, -4.327357566990888e-05, -4.0659452375805765e-05] - [1.3110835373627323e-05, 1.3511549710491316e-05, 1.3874712215667286e-05, 1.3110832654044346e-05]
B1: 0.16669444271640246 - 0.6665620544400637 - 0.16657058540380645 - 5.127354001401009e-05
B2: 0.16668485676523956 - 0.6666848353797507 - 0.16669116928083508 - 1.9252918312976535e-05
