Number: 1238
Error: 7.505814230355257e-06
A1: [-2.8226970145352254e-07, -3.792646948766672e-07, 1.0384617947853431e-07, -1.823585351184442e-07] - [0.20834143609337152, 0.33334002603869256, -0.041658788792203395, 8.542062018026796e-06] - [0.1666669028233302, 0.6666667434536158, 0.16666730019368575, 3.5913980035855586e-07] - [-2.3471064543741644e-06, -2.0952412859533966e-06, -1.8432397981919927e-06, -2.3450997099910462e-06]
A2: [0.1666527106107663, -0.16668109507444906, -1.5015021691221479e-05, -1.3978125863177195e-05] - [0.1665821797434777, 0.3332460909714133, -9.036041723530648e-05, -8.457343427943802e-05] - [0.16663562312841604, 0.8333012986622608, -3.308489851409346e-05, -3.1064722909046975e-05] - [6.64872963970001e-06, 6.851920585928683e-06, 7.0360577322458105e-06, 6.6487266728696485e-06]
B1: 0.16670661018441646 - 0.666607070941299 - 0.1665789524358955 - 5.148968215510177e-05
B2: 0.1666987011316955 - 0.6667069506049538 - 0.16671842094796083 - 3.257534916602584e-05
