Number: 699
Error: 2.9945686398386744e-06
A1: [-4.122237047916954e-06, -3.4432962315350463e-06, -2.4371368321135826e-06, -4.062538493204157e-06] - [0.20831979125573707, 0.3333221501637577, -0.04167402688987254, -1.3279079603727794e-05] - [0.16666172002833168, 0.6666624715952818, 0.16666362719378877, -4.873015740934414e-06] - [-1.3216782007388822e-06, -1.1797257851700573e-06, -1.0376875770090204e-06, -1.3205467773223427e-06]
A2: [0.16667844307490265, -0.16665461534375275, 1.2206059445775865e-05, 1.176397868861813e-05] - [0.16669446481389974, 0.3333616962673324, 2.8508387489850596e-05, 2.7749436754865992e-05] - [0.1666672376162908, 0.8333338634612664, 4.04296350711618e-07, 5.590246812647047e-07] - [3.7584881401935333e-06, 3.873334362041784e-06, 3.9774072801024295e-06, 3.75848610559589e-06]
B1: 0.1666466068407512 - 0.6666461955012308 - 0.16668611830606583 - -1.302150074630336e-05
B2: 0.1666407303850204 - 0.6666314029674524 - 0.16662642964690097 - -2.562899573476681e-05
