Number: 2916
Error: 6.578692231174084e-06
A1: [-6.119206358450192e-06, -6.499016361541329e-06, -5.510815417700931e-06, -5.878421366325691e-06] - [0.20832638162831113, 0.33332278074184774, -0.04167470037291293, -5.891662862785435e-06] - [0.16665966412183794, 0.6666593016609136, 0.16666062755168282, -6.705713974935161e-06] - [-5.540706079015037e-06, -4.94650085446963e-06, -4.352080760779173e-06, -5.535986915389981e-06]
A2: [0.16666236022718595, -0.16667105228561274, -4.816708114328146e-06, -4.35852723667884e-06] - [0.1665822893394101, 0.3332465270193179, -9.042153357505375e-05, -8.458155816970571e-05] - [0.1666222752376775, 0.8332876040811898, -4.728952138623914e-05, -4.4441457177513474e-05] - [1.565448008011746e-05, 1.6132943827241325e-05, 1.6566580514680963e-05, 1.5654478349573974e-05]
B1: 0.16668957032371146 - 0.6665442363704991 - 0.16656718039310045 - 5.110584552247665e-05
B2: 0.16667935441408516 - 0.6666761570306127 - 0.16668055327749942 - 1.3956063435031818e-05
