Number: 660
Error: 7.832920825842137e-06
A1: [1.7119928426030442e-06, 1.711148449138791e-06, 2.018976518949297e-06, 1.7633891643215405e-06] - [0.20834655474277455, 0.33334589425608835, -0.041653385149178025, 1.3446943623481673e-05] - [0.16666937928748365, 0.6666692886207415, 0.1666695790979182, 2.7757253083931506e-06] - [-1.2469108249800304e-06, -1.1129691213455802e-06, -9.789459496179446e-07, -1.245843329067489e-06]
A2: [0.1666493818727802, -0.16668455890413952, -1.853206875789916e-05, -1.7296523856592618e-05] - [0.1665821302401939, 0.33324593025740595, -9.034864549654772e-05, -8.458239399400363e-05] - [0.16664021949548818, 0.8333060147165923, -2.8192909799369706e-05, -2.6458424246674368e-05] - [3.545982557014961e-06, 3.6543327102337127e-06, 3.752518586689577e-06, 3.5459806180673067e-06]
B1: 0.1667122999237954 - 0.6666285327784301 - 0.16658281994860083 - 5.1441844533004874e-05
B2: 0.16670566493731057 - 0.6667178042344268 - 0.16673165444607466 - 3.928860574133664e-05
