Number: 200
Error: 8.105277657493349e-06
A1: [3.2645892953774606e-06, 3.3372155617101355e-06, 3.5024823956315017e-06, 3.27740726270853e-06] - [0.20835048627591043, 0.3333504103545332, -0.04164925078589235, 1.7208485331826846e-05] - [0.1666713138299167, 0.6666712749153538, 0.16667135053791682, 4.662644799150894e-06] - [-3.7125642520928125e-07, -3.3116490704488403e-07, -2.910465417767881e-07, -3.7093838729030496e-07]
A2: [0.16664675218748792, -0.1666872951306452, -2.130972590159506e-05, -1.991798005651374e-05] - [0.16658218185723156, 0.33324589685455874, -9.024153212538764e-05, -8.449851255436086e-05] - [0.16664390345506028, 0.8333097946989375, -2.4272214804283292e-05, -2.276656199750075e-05] - [1.076490099468627e-06, 1.109355617838322e-06, 1.1391354529351636e-06, 1.0764894745157723e-06]
B1: 0.16671614548542063 - 0.6666450109137507 - 0.16658537497886358 - 5.072174951231063e-05
B2: 0.16671196601308247 - 0.6667270874077417 - 0.16674270925644422 - 4.539028884978037e-05
