Number: 1809
Error: 3.6156088616377845e-06
A1: [-7.982629082905553e-06, -7.490452187473628e-06, -6.149823553030293e-06, -7.829737914981746e-06] - [0.20830983580633836, 0.33331074689593365, -0.04168454642625347, -2.2823904228023097e-05] - [0.16665693343991825, 0.6666575508884229, 0.16665921558815494, -9.544592065784636e-06] - [-3.433872254093342e-06, -3.065522098172391e-06, -2.6969954239991908e-06, -3.430940165019347e-06]
A2: [0.16668483134207393, -0.1666479672577124, 1.895683211022501e-05, 1.8132401750916428e-05] - [0.16669455314240347, 0.3333619994114686, 2.8481878419283493e-05, 2.7759952295032154e-05] - [0.16665841164402556, 0.833324807877326, -8.988847066684711e-06, -8.286009930610664e-06] - [9.716647937428801e-06, 1.001361545692287e-05, 1.0282744335612478e-05, 9.716644680325738e-06]
B1: 0.16663555407470707 - 0.6666048577921092 - 0.16667856959010285 - -1.3056042910179606e-05
B2: 0.16662768765021593 - 0.6666107922867863 - 0.16660114259791609 - -3.8190874319904736e-05
