Number: 2219
Error: 3.841625756657744e-06
A1: [-9.418835977742573e-06, -8.996354751982171e-06, -7.532910044012355e-06, -9.23151504909731e-06] - [0.2083061166015097, 0.333306490046749, -0.04168847975658832, -2.6391403034295654e-05] - [0.16665515483706408, 0.6666557220355732, 0.16665757403781906, -1.1280708448528068e-05] - [-4.213992286027165e-06, -3.762017818772299e-06, -3.3098465808385597e-06, -4.210397436112072e-06]
A2: [0.16668718730535373, -0.16664551516360485, 2.1447028171013946e-05, 2.0481035365120862e-05] - [0.16669457525894002, 0.33336210143671524, 2.8462714481636343e-05, 2.775332456536058e-05] - [0.16665514980701246, 0.8333214613418245, -1.2459960168557456e-05, -1.1554889729865451e-05] - [1.1917089414426241e-05, 1.2281316598458365e-05, 1.2611407374415271e-05, 1.1917086402084919e-05]
B1: 0.16663141852457972 - 0.6665895314842187 - 0.16667571795066038 - -1.3121945710556509e-05
B2: 0.1666230025840837 - 0.6666032788701131 - 0.1665918667584521 - -4.2698319695697544e-05
