Number: 1326
Error: 7.456560766324457e-06
A1: [-6.00600339003247e-07, -7.131008201230832e-07, -2.0417116438319823e-07, -4.932889652670802e-07] - [0.20834059742861843, 0.33333906977176536, -0.04165967781181405, 7.735999537842824e-06] - [0.16666651086698775, 0.6666663401666219, 0.16666693657145817, -2.3686304379618735e-08] - [-2.5146011076465156e-06, -2.2447821333013633e-06, -1.97481976097686e-06, -2.5124515922223913e-06]
A2: [0.16665321546020184, -0.16668056950880475, -1.4481200028230876e-05, -1.3474850673848223e-05] - [0.1665821832409827, 0.33324611182818537, -9.036538437404573e-05, -8.457610975438765e-05] - [0.16663492324810186, 0.8333005806243082, -3.382965827379229e-05, -3.176611546773538e-05] - [7.1210927612845715e-06, 7.338722230777799e-06, 7.535944995224078e-06, 7.121089702492548e-06]
B1: 0.16670576388578479 - 0.66660382333732 - 0.1665783833943311 - 5.1516965021001205e-05
B2: 0.16669771593399374 - 0.6667053271008212 - 0.16671638640863903 - 3.162829710280701e-05
