Number: 1403
Error: 3.390510731368308e-06
A1: [-6.574793809471802e-06, -6.014427271347094e-06, -4.796250685688683e-06, -6.45598416641084e-06] - [0.20831346075882085, 0.33331490090428567, -0.04168071614379896, -1.9349125754860095e-05] - [0.166658680151118, 0.6666593465207951, 0.1666608248894567, -7.83994192556986e-06] - [-2.661330190862095e-06, -2.375788387555434e-06, -2.0900971192314623e-06, -2.6590556384244002e-06]
A2: [0.16668249355202092, -0.16665040011106086, 1.6486391738726003e-05, 1.5801869995175585e-05] - [0.16669451610267438, 0.3333618836144238, 2.8486492719744696e-05, 2.7751375298865728e-05] - [0.16666163880222562, 0.8333281189608042, -5.5543463473668305e-06, -5.051878519200342e-06] - [7.5375117222514055e-06, 7.76787048416349e-06, 7.976629920279557e-06, 7.5375085945493575e-06]
B1: 0.1666396873155725 - 0.6666200645118406 - 0.16668141444091725 - -1.2952829524705538e-05
B2: 0.1666323989765862 - 0.6666182593978703 - 0.1666103074349554 - -3.365543441500424e-05
