Number: 2575
Error: 4.0369051370181356e-06
A1: [-1.0648259846386413e-05, -1.0285304051869344e-05, -8.714235618461167e-06, -1.0431061889890892e-05] - [0.20830295815522348, 0.3333028687405382, -0.04169181620054809, -2.941819502407123e-05] - [0.16665362829367128, 0.6666541528565398, 0.16665616847327577, -1.2770380690489067e-05] - [-4.891340286904391e-06, -4.3667563289874425e-06, -3.841963751905763e-06, -4.887170981677524e-06]
A2: [0.16668923357423462, -0.16664338557745315, 2.3609543697840747e-05, 2.252093984817066e-05] - [0.16669459323803104, 0.3333621884099453, 2.8444062022301616e-05, 2.774634346957559e-05] - [0.1666523162609628, 0.833318554206951, -1.5475313431873432e-05, -1.4394551893104491e-05] - [1.3827568387368213e-05, 1.4250191887798176e-05, 1.4633213175380795e-05, 1.382756589324792e-05]
B1: 0.16662777468406695 - 0.6665761669961447 - 0.16667318065635545 - -1.3232302780466306e-05
B2: 0.16661888372134315 - 0.6665967590231003 - 0.1665838744934855 - -4.666294593209998e-05
