Number: 1055
Error: 3.1960528439329567e-06
A1: [-5.353865913022823e-06, -4.734313522626957e-06, -3.620365369680787e-06, -5.264283719074111e-06] - [0.20831662487352368, 0.3333185214669349, -0.04167737010765545, -1.6313788915566763e-05] - [0.16666019161048498, 0.666660900662194, 0.16666222005367712, -6.364550926926431e-06] - [-1.999127148326981e-06, -1.7845644978346395e-06, -1.5698811639653513e-06, -1.9974171886919626e-06]
A2: [0.16668049146886071, -0.16665248376262135, 1.4370432566323174e-05, 1.380600815573102e-05] - [0.16669448869322404, 0.3333617885352207, 2.8494438644529935e-05, 2.7748360879991925e-05] - [0.166664405269698, 0.833330957364913, -2.6101619681852394e-06, -2.2794348685401643e-06] - [5.6695357246285375e-06, 5.842796610485586e-06, 5.999808560702647e-06, 5.669533000985333e-06]
B1: 0.1666431433532709 - 0.6666330133853163 - 0.16668376805857163 - -1.2951211880177308e-05
B2: 0.16663643256211527 - 0.6666246989860873 - 0.16661824839663125 - -2.9772600824753745e-05
