Number: 462
Error: 7.947915970952343e-06
A1: [2.4007942814241033e-06, 2.4329501894729077e-06, 2.6807919730076227e-06, 2.435565502143293e-06] - [0.2083483302207273, 0.33334792682687175, -0.041651511413257535, 1.5149171399319481e-05] - [0.16667023300257974, 0.6666701659694642, 0.16667036532580634, 3.6089220078041843e-06] - [-8.700094963426242e-07, -7.764641201355079e-07, -6.828595175261039e-07, -8.692643635363023e-07]
A2: [0.166648247963238, -0.16668573898345074, -1.9730286974967507e-05, -1.8426891314631093e-05] - [0.16658213868223615, 0.3332459010998941, -9.031828839433978e-05, -8.456006401284794e-05] - [0.16664180031378223, 0.8333076366751508, -2.651056189801496e-05, -2.4874204221784716e-05] - [2.4830401261437308e-06, 2.558899506800058e-06, 2.6276411054848277e-06, 2.483038702867871e-06]
B1: 0.16671404884898014 - 0.6666357039669831 - 0.1665839830208822 - 5.122538015327587e-05
B2: 0.1667081796270874 - 0.6667216676534482 - 0.1667363496468309 - 4.171747007779938e-05
