Number: 2461
Error: 3.974455429523079e-06
A1: [-1.0251882342161466e-05, -9.869714563015627e-06, -8.332958802747888e-06, -1.0044254202215086e-05] - [0.20830398038994094, 0.33330403980241863, -0.04169073574911057, -2.843812932938608e-05] - [0.1666541198440373, 0.6666546582125826, 0.1666566215900013, -1.2290639725076758e-05] - [-4.6744396533708414e-06, -4.173107102353721e-06, -3.671569147121105e-06, -4.670454199927841e-06]
A2: [0.16668857901406925, -0.16664406684002214, 2.291771220247793e-05, 2.18684176975353e-05] - [0.16669458961760783, 0.3333621626367055, 2.8452048278233317e-05, 2.7750715964245393e-05] - [0.16665322400210025, 0.83331948550583, -1.4509368154059883e-05, -1.3484852163383727e-05] - [1.3215798399050758e-05, 1.361972236913813e-05, 1.3985794166207354e-05, 1.3215795708075643e-05]
B1: 0.16662893202548795 - 0.6665804381932083 - 0.16667398584843135 - -1.3206466072476777e-05
B2: 0.1666201927413114 - 0.666598845276311 - 0.16658644109209858 - -4.540331597274005e-05
