Number: 2364
Error: 6.881428605922393e-06
A1: [-4.2063653915694564e-06, -4.49353809674161e-06, -3.6718753657265305e-06, -4.0119129721249066e-06] - [0.2083313047970627, 0.3333284230458154, -0.041669498337978624, -1.1726598415591876e-06] - [0.16666203803781937, 0.6666617419943262, 0.16666281450432519, -4.388974738692605e-06] - [-4.490189055914714e-06, -4.0086000887432455e-06, -3.526809009639825e-06, -4.486359859352903e-06]
A2: [0.16665918971480584, -0.16667435207568274, -8.167609509385832e-06, -7.51916493249318e-06] - [0.16658226919021127, 0.3332463996052533, -9.03852966192203e-05, -8.456297905094311e-05] - [0.1666266704966665, 0.8332921133961254, -4.261241304067953e-05, -4.003670792553481e-05] - [1.2692238613860012e-05, 1.3080158045601471e-05, 1.343172322673033e-05, 1.269223577981702e-05]
B1: 0.16669519843545164 - 0.6665649415537359 - 0.16657110173427056 - 5.1255011639535794e-05
B2: 0.1666857149355025 - 0.6666862606652456 - 0.16669296034566553 - 2.007727537779395e-05
