Number: 2892
Error: 6.591799465107399e-06
A1: [-6.043332279774332e-06, -6.419524896360469e-06, -5.438974578243105e-06, -5.804554705586974e-06] - [0.20832656630399657, 0.3333229950330095, -0.041674506873661234, -5.715835685842817e-06] - [0.16665975996456767, 0.6666593999771832, 0.16666071443806407, -6.612350020932326e-06] - [-5.495030426577983e-06, -4.905721418261449e-06, -4.316197829587551e-06, -5.49034991214486e-06]
A2: [0.16666222126037555, -0.16667119681101702, -4.963390718721821e-06, -4.497064711076769e-06] - [0.16658228570030517, 0.3332465188804934, -9.042238544215146e-05, -8.458351336888645e-05] - [0.1666224660770942, 0.8332877998994932, -4.708638674593314e-05, -4.425020510308593e-05] - [1.5525693663215665e-05, 1.6000220903694892e-05, 1.6430289352342722e-05, 1.5525691870556324e-05]
B1: 0.16668983833521323 - 0.6665451591787382 - 0.1665673727728115 - 5.113566736237172e-05
B2: 0.166679655746745 - 0.6666765983677779 - 0.16668107077381947 - 1.4246990000835934e-05
