Number: 456
Error: 7.951410313849289e-06
A1: [2.407897278843389e-06, 2.440275474407033e-06, 2.6855220070011975e-06, 2.442177891850402e-06] - [0.20834832855139504, 0.33334792981801004, -0.04165151636450715, 1.5145335447130856e-05] - [0.16667024494911412, 0.6666701778469657, 0.16667037365707463, 3.620260083301221e-06] - [-8.585861596076532e-07, -7.662648115530786e-07, -6.738849399122645e-07, -8.578508023480987e-07]
A2: [0.16664821135035815, -0.16668577687647934, -1.976860496206583e-05, -1.846339685675197e-05] - [0.16658213321955287, 0.3332458948149652, -9.032243759395645e-05, -8.456510585016933e-05] - [0.16664184761006404, 0.8333076852577341, -2.646010792216777e-05, -2.482680486013057e-05] - [2.4508295114872607e-06, 2.5257043037801392e-06, 2.5935536412969646e-06, 2.450828105080391e-06]
B1: 0.1667141441382729 - 0.6666359618672975 - 0.16658405715510874 - 5.1261151427399777e-05
B2: 0.16670830516546348 - 0.6667217911064423 - 0.1667364529894743 - 4.184040704773583e-05
