Number: 1285
Error: 3.3247971104033798e-06
A1: [-6.173553922886467e-06, -5.59382470476426e-06, -4.4116950175832e-06, -6.064642405145918e-06] - [0.20831448232219302, 0.33331607439510724, -0.0416796385816337, -1.8371179015027043e-05] - [0.16665917978475353, 0.6666598599122925, 0.16666128366189803, -7.352525800826588e-06] - [-2.4367921289435595e-06, -2.175317598813568e-06, -1.913702781133848e-06, -2.4347089165135454e-06]
A2: [0.16668181248110436, -0.1666511087385007, 1.576691729053221e-05, 1.5122908697226638e-05] - [0.16669450091231994, 0.3333618457366088, 2.848382519098357e-05, 2.774445730753575e-05] - [0.16666257613181934, 0.8333290807105804, -4.556697550630398e-06, -4.112522353815063e-06] - [6.904138721794481e-06, 7.115137369919157e-06, 7.306350639192724e-06, 6.904135700893504e-06]
B1: 0.1666409080675947 - 0.6666245019605599 - 0.16668225717987853 - -1.2903363265606894e-05
B2: 0.16663380343005002 - 0.6666204399890311 - 0.1666129552572156 - -3.23021016324831e-05
