Number: 519
Error: 2.890878807368769e-06
A1: [-3.5268718412972678e-06, -2.819603816134711e-06, -1.8696470606163146e-06, -3.482257046975151e-06] - [0.2083212815756564, 0.33332386743103654, -0.041672460777355765, -1.1855230385663445e-05] - [0.1666624649551735, 0.6666632363221558, 0.16666430740287785, -4.146711521065685e-06] - [-9.791406589324534e-07, -8.739003261553771e-07, -7.68594013370817e-07, -9.783021368230851e-07]
A2: [0.1666774062236056, -0.16665569392525337, 1.111123276140991e-05, 1.0730345597769553e-05] - [0.16669445544527883, 0.3333616533300854, 2.8520161525256513e-05, 2.775268627337576e-05] - [0.16666867217573766, 0.8333353354833367, 1.9312751595734564e-06, 1.99667486132553e-06] - [2.7921834913210366e-06, 2.8774927533787646e-06, 2.9547981147849346e-06, 2.7921819076631313e-06]
B1: 0.16664833046759162 - 0.6666528410581536 - 0.1666872948650597 - -1.3084479472920689e-05
B2: 0.16664309261273091 - 0.6666348956109382 - 0.1666305779191062 - -2.33447478585099e-05
