Number: 11
Error: 2.581159212428186e-06
A1: [-2.1155548248811524e-06, -1.3449131103599347e-06, -5.701559777178959e-07, -2.1132532714927557e-06] - [0.2083243998330878, 0.33332755990641627, -0.041669261199431394, -8.923528944917105e-06] - [0.16666429312027126, 0.6666651038514269, 0.16666591986813564, -2.370844265138701e-06] - [-1.2444313444334736e-08, -1.0807125811354075e-08, -9.16868933363162e-09, -1.2433935475103665e-08]
A2: [0.16667447455039203, -0.16665873996583422, 8.022772288596174e-06, 7.807756268514638e-06] - [0.16669447727227868, 0.3333615909276831, 2.862258771404003e-05, 2.7810128456355328e-05] - [0.16667275028968048, 0.8333395211715333, 6.273841919033827e-06, 6.083511934400557e-06] - [6.487938278671653e-08, 6.682326754924012e-08, 6.858182569700095e-08, 6.487939196338197e-08]
B1: 0.16665286447865377 - 0.6666713600717346 - 0.1666904725646865 - -1.3590952561683202e-05
B2: 0.16665164474581018 - 0.6666457907153394 - 0.16664242631155682 - -1.5012718097059447e-05
