Number: 1810
Error: 7.187354657951538e-06
A1: [-2.267052465934826e-06, -2.460149441449641e-06, -1.8045417001040532e-06, -2.1191219060607918e-06] - [0.20833632436916527, 0.3333341687582546, -0.04166419013246769, 3.6419247243501576e-06] - [0.16666444030218122, 0.6666642120182155, 0.16666503129761934, -2.044118805943382e-06] - [-3.4358107816851423e-06, -3.067247234345664e-06, -2.698507247505347e-06, -3.432877054444203e-06]
A2: [0.16665600560039429, -0.16667766611124377, -1.1533110196500975e-05, -1.0693368826837389e-05] - [0.16658223703871264, 0.3332462593611507, -9.036172288885649e-05, -8.455626472836086e-05] - [0.16663107763294752, 0.8332966349509161, -3.7922509140173795e-05, -3.5620048778598485e-05] - [9.71895013327923e-06, 1.0015987056311946e-05, 1.0285178799356188e-05, 9.718946878473162e-06]
B1: 0.1667007958198354 - 0.6665856589421262 - 0.16657496125626484 - 5.1353288756984504e-05
B2: 0.16669205094622103 - 0.6666964141034547 - 0.16670548965632168 - 2.6173122155542444e-05
