Number: 1359
Error: 3.36603259517275e-06
A1: [-6.427622956651934e-06, -5.860172901327501e-06, -4.655573853705421e-06, -6.3125017841130525e-06] - [0.2083138318408678, 0.3333153280875779, -0.04168032527972565, -1.8994298078628517e-05] - [0.1666588639867336, 0.6666595353484543, 0.16666099321291852, -7.660659598861374e-06] - [-2.577604311831974e-06, -2.3010366723709747e-06, -2.0243229204054878e-06, -2.5754010943482067e-06]
A2: [0.16668223918464847, -0.16665066473356588, 1.6217745914673036e-05, 1.5548289277765246e-05] - [0.16669450937110947, 0.3333618684754192, 2.8484538591212746e-05, 2.774772842818938e-05] - [0.16666198819293115, 0.8333284774633948, -5.182451108488118e-06, -4.7017321166028506e-06] - [7.301341737771102e-06, 7.5244815664649685e-06, 7.72669842312053e-06, 7.3013386462659434e-06]
B1: 0.16664015107203423 - 0.6666217273598911 - 0.1666817365432591 - -1.2925816015546695e-05
B2: 0.16663293043267755 - 0.6666190726481401 - 0.16661128687588123 - -3.3143040965778395e-05
