Number: 184
Error: 8.11516064310946e-06
A1: [3.3078532270740866e-06, 3.3823881710853203e-06, 3.5420495184198467e-06, 3.31933963142419e-06] - [0.20835057965407655, 0.333350521473803, -0.04164915553560084, 1.7295992343848874e-05] - [0.16667137020669964, 0.6666713324450411, 0.16667139994703056, 4.717375537064926e-06] - [-3.407963204569922e-07, -3.039691248866859e-07, -2.6711717673723e-07, -3.40504386737864e-07]
A2: [0.16664665997752431, -0.1666873909288874, -2.1406845788500825e-05, -2.000990378990334e-05] - [0.1665821834034407, 0.333245895789225, -9.023736338046383e-05, -8.449584413479121e-05] - [0.16664403221158872, 0.8333099268507418, -2.4135114803402917e-05, -2.2637530613907935e-05] - [9.905934965131205e-07, 1.0208334148115316e-06, 1.0482339123992036e-06, 9.905929241481302e-07]
B1: 0.16671628320595314 - 0.6666455900503679 - 0.16658547184122352 - 5.070071731592096e-05
B2: 0.1667122465095977 - 0.6667274379156412 - 0.16674308572905586 - 4.566384969303043e-05
