Number: 2848
Error: 6.615850355374846e-06
A1: [-5.896248041940374e-06, -6.2653594317719385e-06, -5.2983861658150274e-06, -5.661158393562129e-06] - [0.20832693702940377, 0.33332342186240976, -0.04167411635472636, -5.361363359237689e-06] - [0.16665994374395063, 0.6666595887451249, 0.1666608827046077, -6.433122808018631e-06] - [-5.411293915378509e-06, -4.830961445110233e-06, -4.250414987990661e-06, -5.406684266799492e-06]
A2: [0.16666196779852568, -0.16667146053171783, -5.23113774914514e-06, -4.74973944815284e-06] - [0.1665822823767887, 0.3332465071272101, -9.042096857295728e-05, -8.458374974735686e-05] - [0.16662281631157802, 0.8332881592398658, -4.671365629268795e-05, -4.3899214089425e-05] - [1.5289583441583643e-05, 1.5756893710767676e-05, 1.6180420372956254e-05, 1.5289581538273326e-05]
B1: 0.16669030420743328 - 0.6665468265341146 - 0.16656770202371743 - 5.116483511844189e-05
B2: 0.1666801805198602 - 0.6666774047082732 - 0.16668204300167966 - 1.4752686575053955e-05
