Number: 1017
Error: 3.174741079221412e-06
A1: [-5.2375692900546165e-06, -4.61251757828331e-06, -3.5109141728136834e-06, -5.151162343059617e-06] - [0.20831690180188103, 0.3333188443578817, -0.041677081072491094, -1.605085695967848e-05] - [0.1666603394438344, 0.6666610521830421, 0.16666235324139508, -6.2206397259370185e-06] - [-1.9268158748562628e-06, -1.7200033482412042e-06, -1.5130735969635257e-06, -1.9251676227097893e-06]
A2: [0.16668027002215097, -0.1666527139680737, 1.4136855427388295e-05, 1.358524091104345e-05] - [0.16669447846295862, 0.3333617713122925, 2.8488883792246515e-05, 2.774079485496073e-05] - [0.16666470657218285, 0.8333312665728893, -2.2893501883248488e-06, -1.9774797381406398e-06] - [5.465562350725546e-06, 5.63258841587541e-06, 5.783949890975623e-06, 5.465559687488434e-06]
B1: 0.16664357149755282 - 0.666634475896991 - 0.16668407138252758 - -1.2900228465316817e-05
B2: 0.1666369357599598 - 0.6666254118029541 - 0.166619069107002 - -2.928586830506121e-05
