Number: 756
Error: 7.777922987787413e-06
A1: [1.3836015058375272e-06, 1.3670014733222532e-06, 1.7041574356611537e-06, 1.4430530906355691e-06] - [0.2083457161636935, 0.333344932029403, -0.041654269363811475, 1.2643858444858022e-05] - [0.1666689709091366, 0.666668869040455, 0.16666920395259152, 2.377289772012917e-06] - [-1.429647984539722e-06, -1.2761203071969201e-06, -1.122501028863098e-06, -1.4284243066459442e-06]
A2: [0.16664993417715307, -0.16668398421956832, -1.7948601132516074e-05, -1.6745936856886383e-05] - [0.16658213524141288, 0.33324595353222325, -9.035420689584462e-05, -8.458412644794962e-05] - [0.16663945505114666, 0.8333052303522275, -2.9006532828111514e-05, -2.7224517992734744e-05] - [4.061338148797716e-06, 4.1854410705171194e-06, 4.297902855767615e-06, 4.061335989027147e-06]
B1: 0.16671138445403313 - 0.6666249944627404 - 0.16658220072484992 - 5.14793065214819e-05
B2: 0.16670446623556243 - 0.6667159686137121 - 0.16672943332097304 - 3.813151706878528e-05
