Number: 768
Error: 7.771082776486726e-06
A1: [1.3455656594536712e-06, 1.3271630349827023e-06, 1.668151752172897e-06, 1.4060212637620725e-06] - [0.20834562347056687, 0.33334482455283676, -0.04165436641668662, 1.2555590444747498e-05] - [0.16666892290421506, 0.6666688198042205, 0.16666916043952584, 2.3305247817084253e-06] - [-1.452490462152905e-06, -1.2965145689767432e-06, -1.1404458372071259e-06, -1.451247266209302e-06]
A2: [0.16665000378254025, -0.16668391184065542, -1.7875149787853796e-05, -1.667654614178653e-05] - [0.16658213743094652, 0.3332459579446731, -9.035346440630788e-05, -8.458277863049435e-05] - [0.16663935971019897, 0.8333051325146276, -2.9108035038581672e-05, -2.7320065119879506e-05] - [4.125757045003068e-06, 4.251829047705525e-06, 4.366075317492421e-06, 4.125754859020478e-06]
B1: 0.16671125839250867 - 0.6666245411694329 - 0.16658211293883118 - 5.147235427735188e-05
B2: 0.16670430752033333 - 0.6667157396654694 - 0.1667291660746043 - 3.797800367881906e-05
