Number: 2541
Error: 4.018304519044377e-06
A1: [-1.05367684474128e-05, -1.0168460735471586e-05, -8.608003639054122e-06, -1.032241818712079e-05] - [0.2083032359418348, 0.33330318939199527, -0.04169152409458687, -2.915295915533317e-05] - [0.1666537681000042, 0.6666542963983821, 0.1666562960533192, -1.2634089925254771e-05] - [-4.826650049206722e-06, -4.309000492819243e-06, -3.791143218809089e-06, -4.822535567707021e-06]
A2: [0.1666890372389023, -0.16664358981970806, 2.340220940889171e-05, 2.2325212394717147e-05] - [0.16669458927923908, 0.33336217799406576, 2.8443873505886464e-05, 2.7744768736169634e-05] - [0.16665258667279595, 0.8333188316629456, -1.5187504865277147e-05, -1.4123555864057803e-05] - [1.3645115631220377e-05, 1.4062162223476799e-05, 1.4440128509845208e-05, 1.3645113075369803e-05]
B1: 0.1666281417614027 - 0.6665774618555782 - 0.1666734408932383 - -1.3202671759690219e-05
B2: 0.16661929708131346 - 0.6665973832217422 - 0.16658461982638867 - -4.626431843788232e-05
