Number: 2749
Error: 4.132068237845254e-06
A1: [-1.1258287054584316e-05, -1.0924936975232688e-05, -9.301779869812115e-06, -1.1026477932525034e-05] - [0.20830137763206666, 0.33330105992026837, -0.041693487863264635, -3.0934336068276844e-05] - [0.1666528729502269, 0.6666533761550522, 0.1666554712167285, -1.3507694849379452e-05] - [-5.222393631167791e-06, -4.6623205733031796e-06, -4.10203503848375e-06, -5.217943896839469e-06]
A2: [0.1666902313418378, -0.16664234701183064, 2.46642861924669e-05, 2.3515596839805156e-05] - [0.16669459485519975, 0.33336222395097337, 2.8428196752388517e-05, 2.7735760837811893e-05] - [0.16665093009248091, 0.83331713209563, -1.695029131587572e-05, -1.578370991633813e-05] - [1.4761299788295657e-05, 1.5212463927258171e-05, 1.5621355186775128e-05, 1.476129765084155e-05]
B1: 0.16662602574522212 - 0.6665696634068377 - 0.16667196524183964 - -1.32542148081525e-05
B2: 0.16661690449655092 - 0.6665935778006805 - 0.16657994355105035 - -4.8566786740479075e-05
