Number: 2616
Error: 6.742986189097513e-06
A1: [-5.074950119823396e-06, -5.4041524410408545e-06, -4.506198233104488e-06, -4.859350012292799e-06] - [0.20832907608667803, 0.33332586709198136, -0.04167185223741967, -3.308181298089964e-06] - [0.16666095901196193, 0.6666606329130718, 0.16666182136644894, -5.441901989326564e-06] - [-4.969781592380556e-06, -4.436780820826153e-06, -3.903570530205227e-06, -4.965545824463513e-06]
A2: [0.1666606385989223, -0.16667284421152967, -6.636453882227977e-06, -6.074788833293489e-06] - [0.16658228304098915, 0.33324646232191035, -9.039740310463364e-05, -8.456680825130112e-05] - [0.16662466483945815, 0.8332900556572758, -4.4746766752025324e-05, -4.204669742591228e-05] - [1.4044604858030952e-05, 1.4473860995031292e-05, 1.4862894174042443e-05, 1.4044602443040219e-05]
B1: 0.1666926118823267 - 0.6665554744988568 - 0.16656929956421643 - 5.116973565188439e-05
B2: 0.16668279312888054 - 0.6666816446243126 - 0.16668730811401272 - 1.7264718094185205e-05
