Number: 81
Error: 2.626010257732661e-06
A1: [-2.0918268780411983e-06, -1.317626966037513e-06, -5.064360363566345e-07, -2.0839029187388163e-06] - [0.20832484973031148, 0.3333279801271686, -0.04166872360872088, -8.448764039985448e-06] - [0.16666426219381789, 0.6666650799019453, 0.16666594346827585, -2.394774785053446e-06] - [-1.4562313886538456e-07, -1.2971298443086034e-07, -1.137917373334926e-07, -1.4549850971931964e-07]
A2: [0.1666749113086135, -0.16665828951412626, 8.476912912062861e-06, 8.243261678137511e-06] - [0.16669455359469842, 0.3333616731147717, 2.8676083816312636e-05, 2.7881539062507454e-05] - [0.1666721951388227, 0.8333389503897489, 5.680607887120161e-06, 5.527158076415442e-06] - [4.40638165420525e-07, 4.5406778293497746e-07, 4.6623472349061646e-07, 4.4063793646994466e-07]
B1: 0.16665167893350563 - 0.6666682655558908 - 0.1666895101152683 - -1.4082751959827974e-05
B2: 0.16664959172237134 - 0.6666440963623294 - 0.16664131946950272 - -1.703538681658632e-05
