Number: 1753
Error: 3.58467085708452e-06
A1: [-7.797556084955674e-06, -7.296483469235857e-06, -5.973253794188295e-06, -7.649357000785658e-06] - [0.20831029911599952, 0.33331128112636704, -0.04168405889792254, -2.2381272874947276e-05] - [0.16665716516232804, 0.6666577888433867, 0.16665942732836814, -9.318662189975008e-06] - [-3.3273159222492173e-06, -2.9703873112799798e-06, -2.6132854986403765e-06, -3.324474455140355e-06]
A2: [0.16668450745652788, -0.16664830417949464, 1.8614805882572058e-05, 1.780951741439186e-05] - [0.1666945444118323, 0.33336198001514294, 2.84792995708701e-05, 2.775514796725491e-05] - [0.16665885640349304, 0.8333252642358194, -8.515440531459499e-06, -7.840288521050638e-06] - [9.416092353566378e-06, 9.703872922720258e-06, 9.964675254186308e-06, 9.416089092325805e-06]
B1: 0.16663615523422162 - 0.6666069852676398 - 0.16667899097231106 - -1.301071698412768e-05
B2: 0.16662836673181433 - 0.666611823092427 - 0.16660237762688096 - -3.753605575643472e-05
