Number: 1152
Error: 7.5540068123408365e-06
A1: [9.80763185566902e-09, -7.310836772123982e-08, 3.8369642041052845e-07, 1.0250492910175731e-07] - [0.20834217907511188, 0.33334087962570114, -0.04165800524770875, 9.25325562804143e-06] - [0.16666726664144457, 0.666667117260224, 0.16666763415194746, 7.140534460579273e-07] - [-2.18341321803098e-06, -1.949093627956049e-06, -1.7146449573749103e-06, -2.1815460604311114e-06]
A2: [0.16665221400711777, -0.166681611759396, -1.553960262725342e-05, -1.4473191038136111e-05] - [0.16658216798219047, 0.33324606268346996, -9.03630084023958e-05, -8.457916293848449e-05] - [0.1666363061545592, 0.8333019994881748, -3.235790080250075e-05, -3.0380218932629103e-05] - [6.187094974554315e-06, 6.376175294819015e-06, 6.54752410587107e-06, 6.187092114245181e-06]
B1: 0.166707495898739 - 0.6666103007238511 - 0.16657956183483608 - 5.152171775886089e-05
B2: 0.16669973253977594 - 0.666708546477195 - 0.1667203559144304 - 3.35694772400634e-05
