Number: 1127
Error: 3.23643472403228e-06
A1: [-5.605713435270225e-06, -4.998355069567338e-06, -3.862790588378045e-06, -5.51008483036091e-06] - [0.2083159733103396, 0.3333177756716828, -0.04167805889763882, -1.6938711167135024e-05] - [0.1666598796724786, 0.6666605799443761, 0.16666193227969464, -6.66902708117739e-06] - [-2.136136564758269e-06, -1.9068885934827179e-06, -1.6775135567579705e-06, -2.134309717117944e-06]
A2: [0.16668090576336123, -0.166652052603465, 1.4808264240903868e-05, 1.4219015478784149e-05] - [0.16669449439386336, 0.3333618081979622, 2.8492747600884164e-05, 2.7749014339740043e-05] - [0.1666638328481955, 0.8333303700524733, -3.219367024705442e-06, -2.853092769362692e-06] - [6.056023775423183e-06, 6.241098347018263e-06, 6.408816826418529e-06, 6.056020946110238e-06]
B1: 0.16664243187204267 - 0.666630337680422 - 0.16668328433540516 - -1.2947984736617034e-05
B2: 0.16663558978320125 - 0.6666233608286003 - 0.16661660217888383 - -3.0584189790414725e-05
