Number: 41
Error: 2.600616692787712e-06
A1: [-2.042951757655544e-06, -1.2673972414094197e-06, -4.736357481407359e-07, -2.0382997828196364e-06] - [0.20832484428321424, 0.33332800528859424, -0.04166875185738453, -8.468659628439192e-06] - [0.16666434309653078, 0.6666651602477096, 0.16666600007473248, -2.3179296193187557e-06] - [-6.950699018884987e-08, -6.175262378254121e-08, -5.3992735070299424e-08, -6.944765087557042e-08]
A2: [0.16667467309340983, -0.16665853614193762, 8.22755945792056e-06, 8.005762226057965e-06] - [0.16669454108062629, 0.3333616556185306, 2.8673266133838587e-05, 2.7871831175350705e-05] - [0.16667251654220902, 0.8333392804969243, 6.023304040005781e-06, 5.849248748917031e-06] - [2.2590933711115086e-07, 2.327753135542378e-07, 2.3899427163808737e-07, 2.259092447908583e-07]
B1: 0.16665215153474128 - 0.6666698408493068 - 0.16668987893159318 - -1.4006806140607543e-05
B2: 0.16665054642648647 - 0.6666450409034972 - 0.1666421333694715 - -1.609802776321086e-05
