Number: 1043
Error: 3.189319805996629e-06
A1: [-5.315879305959118e-06, -4.694519448541625e-06, -3.5843988190876747e-06, -5.2273010289087035e-06] - [0.20831671740440258, 0.33331862879765534, -0.0416772731829972, -1.622568281494663e-05] - [0.16666023956926837, 0.666660949857071, 0.16666226353075, -6.317831934329686e-06] - [-1.9762920646518508e-06, -1.764176856258557e-06, -1.5519420495507242e-06, -1.9746015902808674e-06]
A2: [0.16668042175595374, -0.16665255625209274, 1.4296867094362765e-05, 1.3736509807496337e-05] - [0.16669448603474993, 0.333361783640519, 2.849319886461866e-05, 2.7746543710808596e-05] - [0.16666450048546597, 0.8333310550737636, -2.5087923893055958e-06, -2.1840130097909423e-06] - [5.60512258296141e-06, 5.776414563942102e-06, 5.931642138732418e-06, 5.60511987807918e-06]
B1: 0.16664327440473103 - 0.6666334712732238 - 0.16668386008147218 - -1.2939267237862894e-05
B2: 0.16663658715746307 - 0.6666249237087619 - 0.16661851133945027 - -2.9623204756876897e-05
