Number: 1921
Error: 3.677473621042502e-06
A1: [-8.376727404191232e-06, -7.903688191160195e-06, -6.529607771575985e-06, -8.214429193173527e-06] - [0.20830881271539095, 0.3333095765401288, -0.04168562879998565, -2.3805546351720562e-05] - [0.16665644579167416, 0.6666570494139936, 0.16665876518175698, -1.0020632234638646e-05] - [-3.646981335847586e-06, -3.2557873762591728e-06, -2.864410662358961e-06, -3.64386807528071e-06]
A2: [0.1666854748995274, -0.166647297425117, 1.963708813451397e-05, 1.8773956963904886e-05] - [0.16669455944408756, 0.3333620275795348, 2.8476979421599328e-05, 2.7758402089557045e-05] - [0.1666575207705927, 0.8333238938709434, -9.936879892122614e-06, -9.178807137198758e-06] - [1.0317762122498681e-05, 1.063310359197636e-05, 1.0918885749282896e-05, 1.031775889482464e-05]
B1: 0.1666344299995423 - 0.6666006772015686 - 0.16667779726845922 - -1.3068391198885437e-05
B2: 0.16662641239031314 - 0.6666087389047357 - 0.16659860197201365 - -3.941761444671678e-05
