Number: 1893
Error: 3.6620045313750152e-06
A1: [-8.272215320748703e-06, -7.79405496590765e-06, -6.42800085957169e-06, -8.112274599488899e-06] - [0.2083090926037105, 0.33330989460092986, -0.041685331378886276, -2.3536043314730586e-05] - [0.16665657375417434, 0.6666571811733923, 0.16665888451447225, -9.89557752641117e-06] - [-3.5937047765522417e-06, -3.2082219517294404e-06, -2.8225578825940926e-06, -3.5906367996167244e-06]
A2: [0.1666853150376175, -0.16664746390661989, 1.9467947069414844e-05, 1.8614595569576107e-05] - [0.1666945605586605, 0.3333620230933665, 2.8480617808351486e-05, 2.7761479474563888e-05] - [0.16665774380283493, 0.8333241226700507, -9.699591662909807e-06, -8.955293985851882e-06] - [1.0167481622698972e-05, 1.0478229554032533e-05, 1.0759848328423826e-05, 1.0167478384975218e-05]
B1: 0.1666346916373769 - 0.666601703866905 - 0.1666779727680724 - -1.308470108995089e-05
B2: 0.16662671045699 - 0.6666092501689127 - 0.16659925474545054 - -3.913167606903062e-05
