Number: 2665
Error: 4.086163383796182e-06
A1: [-1.0968750012917087e-05, -1.0621386297152737e-05, -9.023653906690729e-06, -1.0743989770541387e-05] - [0.2083021206727717, 0.33330191205105036, -0.04169270306778922, -3.0222357166843223e-05] - [0.16665323258830309, 0.666653745822308, 0.1666558022501872, -1.3156755698170921e-05] - [-5.0625748611730325e-06, -4.51963429524174e-06, -3.976482956187843e-06, -5.0582604789844136e-06]
A2: [0.166689748889935, -0.1666428491172017, 2.415441560518962e-05, 2.3034646647853035e-05] - [0.16669459214771806, 0.33336220497719826, 2.8434156728794337e-05, 2.7738943092204047e-05] - [0.16665159909099977, 0.8333178184592926, -1.6238391520039428e-05, -1.511326811432673e-05] - [1.431053938277299e-05, 1.4747925480267942e-05, 1.5144327909727906e-05, 1.4310537064692015e-05]
B1: 0.16662688602922412 - 0.6665728185063391 - 0.16667256691725352 - -1.3227650789588249e-05
B2: 0.16661787677960885 - 0.6665951149018396 - 0.16658182627471094 - -4.7630897625178766e-05
