Number: 2977
Error: 4.256455246987967e-06
A1: [-1.2051004073270201e-05, -1.1756073413867395e-05, -1.0064290404319784e-05, -1.1800056040276937e-05] - [0.2082993332813867, 0.33329871792268967, -0.04169564864275404, -3.289435055435616e-05] - [0.1666518898887288, 0.6666523654834076, 0.16665456501655923, -1.4467139018994513e-05] - [-5.656179671711077e-06, -5.04960399372155e-06, -4.442812701687399e-06, -5.651362817766322e-06]
A2: [0.16669153904562076, -0.16664098590677126, 2.604652947154314e-05, 2.481922460855672e-05] - [0.1666945967150686, 0.33336227011201325, 2.8406843802380723e-05, 2.7721634152237288e-05] - [0.1666491132856139, 0.8333152681729834, -1.8883506632870207e-05, -1.760443442526439e-05] - [1.5984759847810826e-05, 1.647332046085438e-05, 1.6916109540230807e-05, 1.5984758280296316e-05]
B1: 0.1666237151000584 - 0.6665611212300185 - 0.16667035087050544 - -1.330191653892814e-05
B2: 0.166614290578671 - 0.666589409495039 - 0.1665748146418536 - -5.108192202680291e-05
