Number: 532
Error: 7.906958889817643e-06
A1: [2.1503083720998955e-06, 2.170432910034661e-06, 2.4391177519103908e-06, 2.190963840178336e-06] - [0.2083476745257456, 0.33334717876486747, -0.04165220479601774, 1.4519399728018614e-05] - [0.16666992417367074, 0.6666698484129704, 0.1666700796121067, 3.307353841960076e-06] - [-1.0032577087260155e-06, -8.954307195608184e-07, -7.875364303608955e-07, -1.0023985725330156e-06]
A2: [0.16664864700989163, -0.1666853235717703, -1.9308415499608297e-05, -1.8029096912593364e-05] - [0.16658212991902005, 0.33324590571886775, -9.033460526714544e-05, -8.457373706459346e-05] - [0.1666412403806949, 0.8333070621998809, -2.7106381588336522e-05, -2.5435339915575707e-05] - [2.8588309047658067e-06, 2.9461770152362227e-06, 3.025328229548658e-06, 2.8588292901022007e-06]
B1: 0.16671347284673946 - 0.6666332078350189 - 0.16658360782274814 - 5.134421847576339e-05
B2: 0.1667072988833142 - 0.6667202884964254 - 0.1667346537164259 - 4.0867068155989655e-05
