Number: 795
Error: 3.049335422451929e-06
A1: [-4.474517212614582e-06, -3.8126920523786478e-06, -2.778565666414136e-06, -4.40674075117614e-06] - [0.20831885631647087, 0.3333210861141373, -0.04167501839396461, -1.4178433744147118e-05] - [0.16666128754463772, 0.6666620265297474, 0.16666322518195276, -5.295533879132977e-06] - [-1.5043629932057003e-06, -1.3428297903529867e-06, -1.181200833010032e-06, -1.5030754627804695e-06]
A2: [0.1666789914067915, -0.16665404442812112, 1.2785980278300387e-05, 1.2310594454104389e-05] - [0.16669445966448226, 0.33336170993071934, 2.849381353982791e-05, 2.773755852566198e-05] - [0.16666647211259106, 0.8333330781050022, -4.102400401477296e-07, -2.0812724652890824e-07] - [4.273851968039102e-06, 4.40445123439571e-06, 4.52280036673624e-06, 4.27384972068843e-06]
B1: 0.1666457614300213 - 0.6666427242113855 - 0.16668556291580588 - -1.2913935398839213e-05
B2: 0.1666396215730019 - 0.6666295826463724 - 0.16662414492401775 - -2.6696226020115076e-05
