Number: 2735
Error: 4.124441469719117e-06
A1: [-1.1218019022067153e-05, -1.0882782005761658e-05, -9.264310792567739e-06, -1.0987377051867246e-05] - [0.2083014693000562, 0.33330116796279907, -0.04169339284952371, -3.084781421303937e-05] - [0.16665292481901783, 0.666653429241887, 0.16665551741137594, -1.3457268140122736e-05] - [-5.1957561597010606e-06, -4.638538242624025e-06, -4.081108112045593e-06, -5.1913289815963186e-06]
A2: [0.1666901495834884, -0.16664243197827008, 2.457809684722467e-05, 2.343408883517432e-05] - [0.16669459088927913, 0.33336221745156086, 2.8426041216650795e-05, 2.7732776774532633e-05] - [0.1666510411908905, 0.8333172461097044, -1.6831998221511017e-05, -1.567237090129151e-05] - [1.4686177813506355e-05, 1.5135045746969255e-05, 1.5541855648523635e-05, 1.4686175644860576e-05]
B1: 0.16662619531770081 - 0.6665702142965754 - 0.16667208941520056 - -1.3223572945797175e-05
B2: 0.1666170937690926 - 0.666593836309063 - 0.1665802333863806 - -4.8383582408706454e-05
