Number: 498
Error: 7.92678265378804e-06
A1: [2.262354609239401e-06, 2.2877870617256437e-06, 2.545812461208491e-06, 2.3001612246676817e-06] - [0.20834795427837294, 0.3333475012224879, -0.04165191105503794, 1.478659808624769e-05] - [0.16667006446000543, 0.6666699923963103, 0.16667020758709605, 3.44412283131935e-06] - [-9.385359770373568e-07, -8.376456909118199e-07, -7.36691997382677e-07, -9.377322100470282e-07]
A2: [0.16664845143649296, -0.16668552701532852, -1.9514913623827918e-05, -1.8224062073571232e-05] - [0.16658212944005757, 0.33324589894353285, -9.03309957088177e-05, -8.457183124116568e-05] - [0.16664151173134112, 0.8333073406370795, -2.6817552116892865e-05, -2.5163405142336606e-05] - [2.6763044093115314e-06, 2.758071257662935e-06, 2.832166369889459e-06, 2.6763028863656575e-06]
B1: 0.16671378744890045 - 0.666634453292461 - 0.16658382133631108 - 5.132135037719279e-05
B2: 0.16670775692932474 - 0.6667209586625442 - 0.16673544614812627 - 4.131037621224408e-05
