Number: 538
Error: 7.903497834425148e-06
A1: [2.1432279077969544e-06, 2.163128231032971e-06, 2.4344063699337874e-06, 2.1843739610523073e-06] - [0.20834767627741188, 0.33334717584922485, -0.04165219977617455, 1.4523317937723132e-05] - [0.1666699122457145, 0.6666698365525572, 0.16667007129638686, 3.296034321109179e-06] - [-1.0146809965212847e-06, -9.056299870425331e-07, -7.965109965181669e-07, -1.0138120885980478e-06]
A2: [0.16664868370358152, -0.16668528559616463, -1.927001337421494e-05, -1.799251056050097e-05] - [0.16658213571269812, 0.3332459123420904, -9.033011134509207e-05, -8.456836423677124e-05] - [0.16664119316903273, 0.8333070137037981, -2.7156747415739758e-05, -2.5482654660168643e-05] - [2.8910412372830283e-06, 2.9793719273647473e-06, 3.059415401058676e-06, 2.8910396066535247e-06]
B1: 0.16671337518876267 - 0.6666329478257023 - 0.1665835318372113 - 5.130608004946158e-05
B2: 0.1667071750934057 - 0.6667201668453577 - 0.16673455222504036 - 4.074587971189433e-05
