Number: 2181
Error: 3.820709884531545e-06
A1: [-9.278716406045257e-06, -8.84938179256773e-06, -7.396926064285344e-06, -9.094593183865954e-06] - [0.20830648953547076, 0.3333069143981488, -0.04168808380267378, -2.6032556517444982e-05] - [0.16665532676418116, 0.6666558990183029, 0.16665773405967044, -1.1112725754728141e-05] - [-4.141690567862306e-06, -3.6974668567936417e-06, -3.2530479545795566e-06, -4.138157091018579e-06]
A2: [0.16668697025743773, -0.16664574118036035, 2.1217417175213472e-05, 2.0264666730548312e-05] - [0.16669457676514968, 0.33336209538032296, 2.8467723653733654e-05, 2.7757494741489976e-05] - [0.16665545259134776, 0.8333217719571933, -1.213781900238596e-05, -1.1251452655812797e-05] - [1.1713149551496012e-05, 1.2071143041457063e-05, 1.2395583701065774e-05, 1.1713146500591443e-05]
B1: 0.1666317787420303 - 0.6665909302358614 - 0.1666759618866771 - -1.3138928970998415e-05
B2: 0.1666234122858349 - 0.6666039725616778 - 0.1665927468537483 - -4.230507852119619e-05
