Number: 2510
Error: 6.801163217482042e-06
A1: [-4.71187936279291e-06, -5.023531177818589e-06, -4.157795999352071e-06, -4.505172453339306e-06] - [0.20833000435418583, 0.333326932492648, -0.04167087234352203, -2.4191033219731273e-06] - [0.16666141057728906, 0.6666610969911413, 0.16666223654595685, -5.001312294488073e-06] - [-4.768049067004377e-06, -4.256673836327295e-06, -3.7450918777314943e-06, -4.763984260271029e-06]
A2: [0.16666002889626524, -0.16667347870364121, -7.280722971286158e-06, -6.682595261604756e-06] - [0.16658227672316514, 0.3332464355005873, -9.039269822789081e-05, -8.456568918604435e-05] - [0.16662550849949723, 0.8332909212308158, -4.384895987356123e-05, -4.1201215028288185e-05] - [1.34757603670385e-05, 1.3887629096308922e-05, 1.4260902040417807e-05, 1.3475757758435647e-05]
B1: 0.1666937070199215 - 0.66655946385104 - 0.16657006487191833 - 5.1212761454093975e-05
B2: 0.16668402949271627 - 0.6666835865174529 - 0.16668967834875195 - 1.8455127253256583e-05
