Number: 2622
Error: 6.739670443906848e-06
A1: [-5.1058995617312165e-06, -5.436679522136424e-06, -4.537485598481102e-06, -4.889786109193463e-06] - [0.20832898165785946, 0.3333257625484102, -0.04167195429260774, -3.4003517573110346e-06] - [0.16666092294263954, 0.666660595545283, 0.1666617861765001, -5.477340000367905e-06] - [-4.981197359209132e-06, -4.446972333665129e-06, -3.912537645099183e-06, -4.976951919580871e-06]
A2: [0.16666067133142048, -0.16667280998792242, -6.6015843551980055e-06, -6.042163664778955e-06] - [0.16658227875536946, 0.3332464594289054, -9.040183627619232e-05, -8.457151481956345e-05] - [0.16662461654246352, 0.8332900061479653, -4.479807094765595e-05, -4.209509757362012e-05] - [1.4076803483330888e-05, 1.4507043791460965e-05, 1.4896969043060541e-05, 1.4076801080060519e-05]
B1: 0.16669258402031825 - 0.6665552812719182 - 0.16656928728784212 - 5.120145501266078e-05
B2: 0.16668275869098775 - 0.666681537826865 - 0.16668714286633898 - 1.723287995338452e-05
