Number: 1754
Error: 7.218376524035117e-06
A1: [-2.0819903757166763e-06, -2.266194957675031e-06, -1.6279902724294506e-06, -1.9387520307813276e-06] - [0.20833678756698187, 0.33333470286988653, -0.04166370273334337, 4.084443697922411e-06] - [0.16666467204193536, 0.6666644499833436, 0.16666524303986818, -1.8181717746952058e-06] - [-3.329225093421463e-06, -2.972086401204907e-06, -2.6147745846113253e-06, -3.326382013095232e-06]
A2: [0.1666556815916941, -0.16667800315991618, -1.1875262695276502e-05, -1.101637573513799e-05] - [0.166582227869962, 0.3332462395131534, -9.036474994986682e-05, -8.45615049516332e-05] - [0.1666315222982376, 0.8332970912123147, -3.7449198503102444e-05, -3.517442098674991e-05] - [9.418383856090645e-06, 9.706233525804286e-06, 9.96709844799284e-06, 9.418380597090951e-06]
B1: 0.16670139760943786 - 0.6665877867697029 - 0.16657538261773475 - 5.139922787217744e-05
B2: 0.16669273052266134 - 0.6666974453372033 - 0.16670672495195718 - 2.6828421497884834e-05
