Number: 471
Error: 2.8628421912762227e-06
A1: [-3.350304382770091e-06, -2.6345143618116073e-06, -1.6985776433314724e-06, -3.3097290053408815e-06] - [0.20832175060644367, 0.33332440088887205, -0.041671963722213455, -1.1403993715388647e-05] - [0.16666268155129732, 0.6666634591815608, 0.16666450870642666, -3.93509869376359e-06] - [-8.877964088699836e-07, -7.923463669096902e-07, -6.968358843382747e-07, -8.870360387111247e-07]
A2: [0.16667713351384283, -0.16665597789391487, 1.082279078111234e-05, 1.0458493895623801e-05] - [0.16669446402596336, 0.33336165264178025, 2.8533713286389703e-05, 2.7764631246718932e-05] - [0.16666905646121719, 0.8333357297304227, 2.340143260233501e-06, 2.3817843835096415e-06] - [2.534485475543299e-06, 2.6119177051774937e-06, 2.6820846656842403e-06, 2.5344840232714806e-06]
B1: 0.16664870858947295 - 0.6666545368570855 - 0.1666875373906941 - -1.3182820667319024e-05
B2: 0.1666436802515307 - 0.6666358400206062 - 0.16663175546320222 - -2.2777899553333707e-05
