Number: 3033
Error: 4.2869940764821116e-06
A1: [-1.2259997902054542e-05, -1.1975305818797145e-05, -1.0267469584414673e-05, -1.2004335453667776e-05] - [0.20829877359770876, 0.3332980819002477, -0.04169624338751819, -3.343326510652799e-05] - [0.16665163399620728, 0.6666521019982121, 0.1666543263793311, -1.471721710836338e-05] - [-5.762719817946751e-06, -5.144721959300314e-06, -4.526508048710021e-06, -5.757812855624428e-06]
A2: [0.16669185765667388, -0.16664065405935696, 2.6383696256280493e-05, 2.5136834644428263e-05] - [0.16669459025754416, 0.33336227485224895, 2.8395338686214506e-05, 2.7711250446263303e-05] - [0.16664866618015375, 0.8333148095335025, -1.9359124301448775e-05, -1.8052502060160867e-05] - [1.6285258389562463e-05, 1.6783004051800835e-05, 1.723411898380594e-05, 1.628525697982556e-05]
B1: 0.1666231950414569 - 0.6665590681130825 - 0.16666999678130703 - -1.3266131345020693e-05
B2: 0.1666136976378045 - 0.6665883902220793 - 0.16657351241582194 - -5.1650604959847376e-05
