Number: 262
Error: 8.067294566739142e-06
A1: [3.0702480375885875e-06, 3.1339401259893137e-06, 3.31939053900013e-06, 3.0882513863022673e-06] - [0.20835001682169424, 0.33334986597222294, -0.04164973985543736, 1.6761884908730396e-05] - [0.16667106833837386, 0.6666710234079223, 0.16667112894958375, 4.4235575256344305e-06] - [-4.89285351839955e-07, -4.3654444620970487e-07, -3.837687103017126e-07, -4.888661869541329e-07]
A2: [0.16664710592283172, -0.16668692724145673, -2.0936456905210024e-05, -1.956535385262695e-05] - [0.16658216804207662, 0.33324589384808884, -9.026411076818499e-05, -8.4516676288155e-05] - [0.16664340419125315, 0.8333092823736846, -2.4803617803611027e-05, -2.326689088039254e-05] - [1.409339470847406e-06, 1.4523791709253971e-06, 1.4913789468019455e-06, 1.4093386459644445e-06]
B1: 0.16671567186260333 - 0.666642826094126 - 0.16658505825519948 - 5.086338734188996e-05
B2: 0.16671099187860666 - 0.6667257585487415 - 0.16674119170276316 - 4.4443029231406976e-05
