Number: 2711
Error: 4.111346173129785e-06
A1: [-1.1142141149118489e-05, -1.0803284809539567e-05, -9.192462179087915e-06, -1.0913506577963061e-05] - [0.2083016540212704, 0.33330138230363204, -0.04169319929555972, -3.0671941372519824e-05] - [0.1666530206548117, 0.666653527554456, 0.16665560429723542, -1.3363911120509006e-05] - [-5.150092806607395e-06, -4.5977696534081904e-06, -4.045234757453613e-06, -5.145704298674874e-06]
A2: [0.1666900105825081, -0.16664257653668213, 2.4431380913305892e-05, 2.3295516966181438e-05] - [0.16669458710049206, 0.33336220916744896, 2.8425042392384294e-05, 2.7730670969864746e-05] - [0.16665123198866305, 0.8333174418873521, -1.6628904823696987e-05, -1.5481160712529168e-05] - [1.4557393167348375e-05, 1.500232463193442e-05, 1.540556639334974e-05, 1.4557390946242105e-05]
B1: 0.16662646356622982 - 0.6665711372173726 - 0.1666722818021745 - -1.319351068817089e-05
B2: 0.16661739490148134 - 0.6665942774747216 - 0.16658075077840764 - -4.8092850462190824e-05
