Number: 747
Error: 3.0219937443533324e-06
A1: [-4.298403333337477e-06, -3.6280181948665786e-06, -2.6078730873950608e-06, -4.234665793179252e-06] - [0.20831932369054926, 0.33332161805113397, -0.04167452272182899, -1.372885212458837e-05] - [0.16666150376469147, 0.6666622490423915, 0.16666342616954472, -5.084296563965831e-06] - [-1.4130208176387485e-06, -1.2612780154434095e-06, -1.1094443875486466e-06, -1.4118113314809433e-06]
A2: [0.16667871716010624, -0.16665432996866197, 1.2495935355768355e-05, 1.2037205830591629e-05] - [0.16669446190368695, 0.33336170275519755, 2.8500749281774838e-05, 2.7743162146987753e-05] - [0.16666685477850443, 0.8333334706950536, -3.0618071546191603e-09, 1.7536278756152848e-07] - [4.016171461351675e-06, 4.138894250330561e-06, 4.250105299856129e-06, 4.0161693179532544e-06]
B1: 0.16664618682270307 - 0.6666444622766917 - 0.16668584277013976 - -1.2965031920658156e-05
B2: 0.16664017393687516 - 0.666630490702532 - 0.16662528512392027 - -2.616465303396042e-05
