Number: 1239
Error: 3.2990871716336717e-06
A1: [-6.000058322462877e-06, -5.411823978604981e-06, -4.2427901156240304e-06, -5.895021795753e-06] - [0.2083149493366294, 0.3333166044900523, -0.041679142030228045, -1.7921233625549096e-05] - [0.16665939181264294, 0.6666600782710057, 0.16666148169519285, -7.145277261047823e-06] - [-2.3492603184350805e-06, -2.0971684386914996e-06, -1.8449400102160002e-06, -2.347251723813028e-06]
A2: [0.16668154988162456, -0.16665138222323764, 1.548905301665666e-05, 1.4861131487127053e-05] - [0.16669450259301957, 0.33336183819937376, 2.8489617142363395e-05, 2.774936230793911e-05] - [0.16666294241468177, 0.8333294564687606, -4.16699266975191e-06, -3.745449611244908e-06] - [6.657217628443141e-06, 6.860668724973471e-06, 7.045041668884199e-06, 6.657214657589564e-06]
B1: 0.16664132626915185 - 0.6666261766765316 - 0.16668253308942393 - -1.2941813965680648e-05
B2: 0.16663429428868912 - 0.6666212866356638 - 0.16661404019988107 - -3.183116694114385e-05
