Number: 2318
Error: 6.906721267436296e-06
A1: [-4.056940528262464e-06, -4.336953545898599e-06, -3.5297295773857577e-06, -3.8663397211236636e-06] - [0.20833167486140428, 0.33332885078088303, -0.04166910955015889, -8.195711448559582e-07] - [0.16666222577940937, 0.6666619347042619, 0.16666298553150294, -4.205988481335728e-06] - [-4.402640631906756e-06, -3.930436242515864e-06, -3.458031381387748e-06, -4.398885704147471e-06]
A2: [0.16665892355078205, -0.16667462892910068, -8.448633391221651e-06, -7.784506059779099e-06] - [0.16658226211558902, 0.33324638381360966, -9.038721549765839e-05, -8.456682643002504e-05] - [0.16662703601644002, 0.8332924884473857, -4.222335057882803e-05, -3.967039737542093e-05] - [1.244537124722041e-05, 1.2825744853721858e-05, 1.3170470526100036e-05, 1.2445368352019471e-05]
B1: 0.16669570100925457 - 0.6665666984040005 - 0.1665714577172945 - 5.13010218896382e-05
B2: 0.16668627973795297 - 0.6666871062726767 - 0.16669396507777945 - 2.0622134565321688e-05
