Number: 287
Error: 2.7536539056149162e-06
A1: [-2.7480484912993766e-06, -2.003965627579465e-06, -1.1261468269509575e-06, -2.722886098543403e-06] - [0.2083232477055915, 0.33332612739103784, -0.041670394327367265, -9.974817045528642e-06] - [0.16666343622605972, 0.6666642334701016, 0.1666651959680383, -3.1994544339109507e-06] - [-5.376428936384638e-07, -4.797200566674416e-07, -4.2175906077956256e-07, -5.371822891104997e-07]
A2: [0.16667608000831755, -0.16665707381484365, 9.710489925908599e-06, 9.408278141723089e-06] - [0.16669448286755886, 0.33336163806467256, 2.857588592658558e-05, 2.779637119733371e-05] - [0.1666705306732925, 0.8333372424419329, 3.909216132275562e-06, 3.859155682016481e-06] - [1.5466492454929606e-06, 1.593886308364865e-06, 1.6366897842946024e-06, 1.546648337793104e-06]
B1: 0.16665026864771362 - 0.6666611522620896 - 0.16668858609277698 - -1.344890179824804e-05
B2: 0.16664629354356994 - 0.6666395874786574 - 0.16663614986455713 - -2.0244320022276275e-05
