Number: 2664
Error: 6.7166406252529245e-06
A1: [-5.250659071553205e-06, -5.588443727053689e-06, -4.676534646021986e-06, -5.031021065132951e-06] - [0.20832861022130408, 0.3333253365714319, -0.041672346594553406, -3.7562569829663697e-06] - [0.16666074310944534, 0.6666604107028545, 0.16666162065727827, -5.652823548897306e-06] - [-5.061128189847194e-06, -4.518334548561551e-06, -3.975330278801359e-06, -5.0568150360535845e-06]
A2: [0.16666091270217515, -0.16667255878733211, -6.346501718995732e-06, -5.801544244984797e-06] - [0.16658228064802533, 0.33324646946600045, -9.040426886593616e-05, -8.457256888542114e-05] - [0.16662428216417147, 0.8332896630895033, -4.5153898430669216e-05, -4.243019795181319e-05] - [1.4302191289601383e-05, 1.4739320836023905e-05, 1.513549065809178e-05, 1.4302188970599591e-05]
B1: 0.16669215309820956 - 0.666553703306159 - 0.16656898647772425 - 5.1187407090443166e-05
B2: 0.16668227217606454 - 0.6666807689495319 - 0.16668620130093947 - 1.6764573465937637e-05
