Number: 1220
Error: 7.515909650552908e-06
A1: [-2.1333960559850133e-07, -3.069491061292619e-07, 1.7109444218316738e-07, -1.1494578110451063e-07] - [0.20834162301082138, 0.33334023787249606, -0.0416585898526084, 8.722296091120374e-06] - [0.1666669868535227, 0.6666668300176094, 0.16666737886041869, 4.4129873716543177e-07] - [-2.3128467072900497e-06, -2.0646539513001095e-06, -1.8163263649577488e-06, -2.310869172680203e-06]
A2: [0.1666526079949089, -0.1666812019596792, -1.512362927894542e-05, -1.408041971626029e-05] - [0.16658218072174666, 0.3332460883151113, -9.035787971881707e-05, -8.457119336630421e-05] - [0.16663576648317402, 0.8333014457211247, -3.2932384393576684e-05, -3.092105883409014e-05] - [6.552108908267776e-06, 6.752346492099604e-06, 6.933807023804501e-06, 6.5521059623559696e-06]
B1: 0.16670677039844373 - 0.6666077228948626 - 0.1665790570602393 - 5.147119827265022e-05
B2: 0.166698889989777 - 0.6667072819239956 - 0.1667188488912005 - 3.2756405054873956e-05
