Number: 2685
Error: 4.097104003764071e-06
A1: [-1.103997055310147e-05, -1.0696071587558539e-05, -9.092413772877395e-06, -1.0813529812025274e-05] - [0.2083019345634031, 0.33330169945165805, -0.04169290015083961, -3.040106204494557e-05] - [0.1666531446534859, 0.6666536553700532, 0.16665572086704666, -1.324261712181794e-05] - [-5.100626760030469e-06, -4.553606949990668e-06, -4.0063759345150795e-06, -5.0962801467499736e-06]
A2: [0.16668986338046904, -0.1666427299280117, 2.4275473984317795e-05, 2.3148779648558156e-05] - [0.16669459181281726, 0.33336220856579396, 2.8431862306187093e-05, 2.7737205944850077e-05] - [0.16665143969695953, 0.833317654936783, -1.6407987533680627e-05, -1.52730057738771e-05] - [1.4417865159373166e-05, 1.4858531798034224e-05, 1.5257907798417177e-05, 1.441786288285599e-05]
B1: 0.1666266887195792 - 0.6665720744997616 - 0.16667243056074307 - -1.3226448815848701e-05
B2: 0.16661765299152786 - 0.6665947495169373 - 0.16658137108927099 - -4.7846021223993295e-05
