Number: 1409
Error: 3.3938763292948507e-06
A1: [-6.6057565165089835e-06, -6.046967737418992e-06, -4.827551238834353e-06, -6.486433461000966e-06] - [0.2083133662837028, 0.33331479631470795, -0.04168081824398844, -1.9441342347103058e-05] - [0.1666586440749301, 0.66665930914538, 0.1666607896918331, -7.875386672088266e-06] - [-2.672746795069842e-06, -2.38598092454199e-06, -2.099065138426897e-06, -2.670462516976519e-06]
A2: [0.16668252638118303, -0.16665036579149559, 1.6521357143482045e-05, 1.5834591965920467e-05] - [0.16669451216382686, 0.33336188106402836, 2.848240104439057e-05, 2.7747016119225248e-05] - [0.16666159059489605, 0.8333280695401991, -5.605561883973524e-06, -5.100188824262235e-06] - [7.5697223062238885e-06, 7.801065628633579e-06, 8.010717381382242e-06, 7.569719173914481e-06]
B1: 0.16663965988443818 - 0.6666198719515763 - 0.16668140309751778 - -1.2920674553792494e-05
B2: 0.16663236364247241 - 0.6666181516796116 - 0.16661014122400522 - -3.368817189771302e-05
