Number: 417
Error: 2.8311228183142842e-06
A1: [-3.166498390712443e-06, -2.4419750326106715e-06, -1.5226645909647378e-06, -3.1304531502164487e-06] - [0.20832221847944052, 0.3333249378089647, -0.0416714711875029, -1.0956081829399242e-05] - [0.16666291020673832, 0.666663694022983, 0.1666647184373431, -3.712035120445915e-06] - [-7.850340378409113e-07, -7.005976534605003e-07, -6.16107193222843e-07, -7.843616119653875e-07]
A2: [0.1666768246982409, -0.16665629923775055, 1.0496558301841877e-05, 1.0150643719204296e-05] - [0.16669446920510528, 0.3333616477739692, 2.854526058753421e-05, 2.7773595607025932e-05] - [0.16666948856976488, 0.8333361730983049, 2.800013643856661e-06, 2.8148200655624985e-06] - [2.2445789112339474e-06, 2.313149580834554e-06, 2.37528596789321e-06, 2.2445776121674666e-06]
B1: 0.16664916762487614 - 0.6666564777859847 - 0.16668784288707345 - -1.3259754557320166e-05
B2: 0.16664440387925622 - 0.6666369186733795 - 0.16663304744991972 - -2.2077664326545975e-05
