Number: 1846
Error: 7.167380179522551e-06
A1: [-2.4048466936808647e-06, -2.6047181202039498e-06, -1.9389802999691694e-06, -2.253881695178733e-06] - [0.2083359507684758, 0.3333337453101976, -0.04166458780958918, 3.2816901151693847e-06] - [0.16666427229908667, 0.6666640389442746, 0.166664874012647, -2.208379833549986e-06] - [-3.5043254269827384e-06, -3.1284170878137033e-06, -2.752330247859622e-06, -3.5013334433060725e-06]
A2: [0.16665621065715452, -0.16667745251234964, -1.1316062668599068e-05, -1.0488956069855051e-05] - [0.1665822344761824, 0.33324626408443875, -9.036737016806663e-05, -8.45613527413532e-05] - [0.16663079078208456, 0.8332963406963672, -3.8227670125072856e-05, -3.590751840061174e-05] - [9.912169954102394e-06, 1.0215112898432996e-05, 1.0489657556933405e-05, 9.912166705723262e-06]
B1: 0.16670047064622368 - 0.6665843499196231 - 0.1665747464160686 - 5.138549729352176e-05
B2: 0.1666916786022104 - 0.6666957569908041 - 0.1667046394379435 - 2.5816382910255517e-05
