Number: 2327
Error: 3.900936590356188e-06
A1: [-9.784274624574468e-06, -9.37942896847992e-06, -7.882911166917799e-06, -9.587896981554711e-06] - [0.20830518876426815, 0.3333054234957811, -0.04168945818324939, -2.7279328980518016e-05] - [0.1666546993392292, 0.666655254031188, 0.16665715609837536, -1.1725027697853031e-05] - [-4.419483259211254e-06, -3.945481405001935e-06, -3.4712786229789302e-06, -4.415714035707156e-06]
A2: [0.1666878096068709, -0.16664486764916242, 2.2104465044740757e-05, 2.1101406051413295e-05] - [0.16669458497779924, 0.3333621319194826, 2.8460974851280194e-05, 2.775547113952993e-05] - [0.16665429080389552, 0.8333205799937665, -1.337416027643863e-05, -1.2415748271315917e-05] - [1.2496682546224006e-05, 1.2878625794608192e-05, 1.3224774238094952e-05, 1.2496679661085215e-05]
B1: 0.16663028768514998 - 0.66658545344388 - 0.16667492638596615 - -1.318083931879542e-05
B2: 0.16662172659378172 - 0.6666012979789289 - 0.16658946396273952 - -4.392751736611371e-05
