Number: 2844
Error: 6.618075546888344e-06
A1: [-5.86762749584484e-06, -6.235238532039445e-06, -5.268643281398259e-06, -5.632887720160287e-06] - [0.20832703215728196, 0.333323525540011, -0.041674012530093334, -5.267771831913773e-06] - [0.16665997586239928, 0.666659622182445, 0.16666091514317785, -6.401432941013755e-06] - [-5.403686102771658e-06, -4.824169940977485e-06, -4.2444398500880075e-06, -5.399082892820566e-06]
A2: [0.16666194735922774, -0.1666714820325131, -5.253140140404925e-06, -4.770107196649374e-06] - [0.16658228886201742, 0.3332465125061892, -9.041475022895824e-05, -8.457698388706493e-05] - [0.16662284894169876, 0.8332881926567288, -4.6679065530704945e-05, -4.38665151958107e-05] - [1.5268118444264986e-05, 1.573477263873573e-05, 1.6157704609275546e-05, 1.5268116531119667e-05]
B1: 0.16669029642317157 - 0.666546930222099 - 0.16656768631098876 - 5.111730917844068e-05
B2: 0.166680176223298 - 0.6666774735581018 - 0.16668217709330171 - 1.4746658088272472e-05
