Number: 797
Error: 3.0504588048943464e-06
A1: [-4.476860135822026e-06, -3.815111353765477e-06, -2.7801222469414435e-06, -4.408920173002277e-06] - [0.20831885695820146, 0.3333210851947117, -0.04167501667387643, -1.4177069927546304e-05] - [0.16666128358264676, 0.6666620225889538, 0.16666322242129683, -5.299293089525608e-06] - [-1.508168943933814e-06, -1.3462279412809866e-06, -1.1841909807990163e-06, -1.5068781619142304e-06]
A2: [0.1666790036901548, -0.16665403171620058, 1.279883545417127e-05, 1.2322842028648516e-05] - [0.1666944618187915, 0.3333617123669794, 2.849554471940499e-05, 2.7739572509523526e-05] - [0.16666645643184272, 0.83333306199749, -4.269696248744906e-07, -2.2384236781133255e-07] - [4.2845859749877765e-06, 4.415513349202718e-06, 4.534159831472655e-06, 4.284583723426073e-06]
B1: 0.1666457271032314 - 0.6666426359481824 - 0.16668553616701104 - -1.2928422282856668e-05
B2: 0.16663958168318727 - 0.6666295435048951 - 0.16662411253587006 - -2.6735248383510043e-05
