Number: 420
Error: 7.972604012830064e-06
A1: [2.5224512586442084e-06, 2.560199546490778e-06, 2.7939094836493984e-06, 2.55371934523269e-06] - [0.208348608258454, 0.3333482537412348, -0.04165122384805271, 1.5411765562425728e-05] - [0.16667038933356138, 0.6666703258962304, 0.16667050450644552, 3.7609242230125117e-06] - [-7.900559256716845e-07, -7.050793127956571e-07, -6.200484314109228e-07, -7.893792189800694e-07]
A2: [0.16664800407681546, -0.16668599243594284, -1.9987350969556206e-05, -1.8670026382411598e-05] - [0.16658213298363908, 0.33324588805383737, -9.031806208417082e-05, -8.456281671942972e-05] - [0.16664213525368402, 0.8333079804283298, -2.6153911042716245e-05, -2.4538542768010235e-05] - [2.2575645925242296e-06, 2.326531876614145e-06, 2.3890276817322243e-06, 2.2575632886741933e-06]
B1: 0.1667144758084146 - 0.6666372802146802 - 0.16658428391004396 - 5.1235521610013544e-05
B2: 0.16670881588768705 - 0.6667225135857544 - 0.1667372913359209 - 4.233552429506618e-05
