Number: 917
Error: 3.1183808824908645e-06
A1: [-4.880989608244668e-06, -4.2386381986878266e-06, -3.166694739445936e-06, -4.80298705573232e-06] - [0.2083178340492614, 0.33331990895108154, -0.04167609418766022, -1.5155637232592183e-05] - [0.16666077953011146, 0.6666615048332332, 0.16666276050447576, -5.790923895653662e-06] - [-1.7365229915037524e-06, -1.5501069206984006e-06, -1.3635830283593006e-06, -1.7350371788921403e-06]
A2: [0.16667969602807953, -0.1666533114318881, 1.353007374813233e-05, 1.3013034538972138e-05] - [0.16669447472026155, 0.333361748071065, 2.8495181145461957e-05, 2.774406182546174e-05] - [0.1666655022599642, 0.8333320829353257, -1.442591087125132e-06, -1.180074855234633e-06] - [4.928756103952129e-06, 5.079373727738598e-06, 5.2158647137925125e-06, 4.9287536147558895e-06]
B1: 0.16664452472132882 - 0.6666381591971314 - 0.16668471218705852 - -1.2939673545439331e-05
B2: 0.16663809414204508 - 0.6666272792802415 - 0.1666213866349976 - -2.8170803530690617e-05
