Number: 1081
Error: 3.2106726720729427e-06
A1: [-5.456132548148546e-06, -4.8416189413517714e-06, -3.7204999767790553e-06, -5.364356073148064e-06] - [0.2083163439933919, 0.3333182039993667, -0.04167766954799591, -1.6585005029235523e-05] - [0.16666006752667897, 0.6666607727655347, 0.166662103411382, -6.485929210555937e-06] - [-2.0486025847375186e-06, -1.8287365856543058e-06, -1.6087475723339522e-06, -2.0468504113561202e-06]
A2: [0.16668063914579154, -0.1666523299003593, 1.4526805092509711e-05, 1.3953220354782703e-05] - [0.1666944857027477, 0.333361790836931, 2.8489294870294134e-05, 2.7743548136774544e-05] - [0.16666419797560814, 0.8333307447236483, -2.830676596217629e-06, -2.487175354439694e-06] - [5.809107445978222e-06, 5.986634578503525e-06, 6.147512941136163e-06, 5.809104682888985e-06]
B1: 0.16664292396281583 - 0.6666320830061736 - 0.1666836275511139 - -1.2912481430085374e-05
B2: 0.16663616649897492 - 0.6666242187484195 - 0.16661761968328648 - -3.0027403720211994e-05
