Number: 3088
Error: 6.48473493499525e-06
A1: [-6.726842248172705e-06, -7.1361672833201196e-06, -6.096726719206683e-06, -6.471609727582427e-06] - [0.2083248008212344, 0.33332097323122506, -0.04167637333064319, -7.40880971026022e-06] - [0.1666589126953659, 0.6666585288800083, 0.16665993305721252, -7.439314425820094e-06] - [-5.868025310693547e-06, -5.238729486904927e-06, -4.609217424080503e-06, -5.863029304048069e-06]
A2: [0.16666334502602603, -0.16667002710921536, -3.7755021354694387e-06, -3.3768052735505286e-06] - [0.16658228615207257, 0.33324655751034293, -9.044175869992245e-05, -8.459681358205612e-05] - [0.16662090404218108, 0.8332861973774944, -4.874847544569998e-05, -4.581561014504238e-05] - [1.6577433826267052e-05, 1.7084108581047532e-05, 1.7543317326562462e-05, 1.657743257897477e-05]
B1: 0.1666878582658903 - 0.6665378216271696 - 0.16656599033261743 - 5.110097374140829e-05
B2: 0.16667741532312777 - 0.6666730153881353 - 0.16667665569370294 - 1.2091540183427343e-05
