Number: 508
Error: 7.92093721950782e-06
A1: [2.2265747917801425e-06, 2.2502881465726445e-06, 2.5112907921168953e-06, 2.2652220103205375e-06] - [0.20834786062181304, 0.3333473943694668, -0.04165201009791809, 1.4696644843800359e-05] - [0.16667002034481368, 0.6666699470340677, 0.16667016677356442, 3.4010448848742946e-06] - [-9.575714105318154e-07, -8.546408941855727e-07, -7.516458198011169e-07, -9.567513578410778e-07]
A2: [0.16664850845742538, -0.16668546765623105, -1.9454631430487392e-05, -1.8167220034217e-05] - [0.16658212824649204, 0.33324589966296303, -9.033326601121566e-05, -8.45737262122619e-05] - [0.1666414317557987, 0.8333072585844056, -2.690265371085125e-05, -2.5243552486017465e-05] - [2.729988780199626e-06, 2.813396589004134e-06, 2.8889787891731562e-06, 2.7299872300419897e-06]
B1: 0.16671370475473862 - 0.6666340963397006 - 0.16658376741949807 - 5.133791943227908e-05
B2: 0.16670763140805456 - 0.6667207619485925 - 0.1667352041892555 - 4.1189189488829414e-05
