Number: 98
Error: 8.16918588861108e-06
A1: [3.579923840479792e-06, 3.6668559831354496e-06, 3.798524858261826e-06, 3.584215292304108e-06] - [0.20835124054306128, 0.3333512863542636, -0.04164846732146158, 1.7925171994221937e-05] - [0.1666717130789456, 0.6666716836866823, 0.16667170971188344, 5.051362169489155e-06] - [-1.7707604060408823e-07, -1.5779491060448272e-07, -1.3850053486128442e-07, -1.7692445732475513e-07]
A2: [0.1666461732224155, -0.1666878972543112, -2.192058106651975e-05, -2.0495120416595507e-05] - [0.16658221812491822, 0.3332459157939915, -9.018997428572455e-05, -8.445509082264516e-05] - [0.16664472861286173, 0.8333106414452102, -2.339399213381316e-05, -2.1939652018623417e-05] - [5.2889931625969e-07, 5.45026666642679e-07, 5.596383030059176e-07, 5.288990331735774e-07]
B1: 0.16671683388999262 - 0.6666485261629319 - 0.16658582853018947 - 5.03980460973287e-05
B2: 0.16671366606163104 - 0.6667293565900404 - 0.16674527330305214 - 4.704612414401165e-05
