Number: 1960
Error: 7.104285782439916e-06
A1: [-2.801247523553841e-06, -3.0203273369922497e-06, -2.3202681765373605e-06, -2.6407118015196783e-06] - [0.20833492860113756, 0.3333325743276593, -0.041665668153894615, 2.3016945155444034e-06] - [0.16666378066366228, 0.6666635335179979, 0.1666644208498299, -2.6882041628930146e-06] - [-3.721296100502037e-06, -3.3221297998602743e-06, -2.922778832343804e-06, -3.7181196933189835e-06]
A2: [0.16665686667813684, -0.1666767697790619, -1.0622763595589534e-05, -9.834974440864022e-06] - [0.16658224360015725, 0.3332462953900262, -9.036984103474468e-05, -8.456022623673909e-05] - [0.1666298843597376, 0.8332954107215791, -3.919229542532565e-05, -3.681590020455426e-05] - [1.0524023285325905e-05, 1.0845668380771062e-05, 1.1137163845383248e-05, 1.0524020076443849e-05]
B1: 0.1666993098113564 - 0.6665800790669493 - 0.16657394593313152 - 5.135625758845111e-05
B2: 0.16669036391467912 - 0.6666936650897226 - 0.1667020674188515 - 2.4551114979724366e-05
