Number: 1231
Error: 3.294606989626972e-06
A1: [-5.966759001069984e-06, -5.376869909848011e-06, -4.20993807258324e-06, -5.862399383779342e-06] - [0.20831504314631435, 0.33331670997746815, -0.0416790416695975, -1.783040453414351e-05] - [0.1666594318459392, 0.6666601195828123, 0.16666151964954068, -7.106078184861373e-06] - [-2.3340374574699735e-06, -2.0835774319421287e-06, -1.8329815174513494e-06, -2.3320418414017515e-06]
A2: [0.1666815047399276, -0.16665142928443602, 1.544120226050183e-05, 1.4816132770800198e-05] - [0.1666945042591707, 0.33336183819291904, 2.8491855147078592e-05, 2.7751589116493055e-05] - [0.16666300627274905, 0.8333295219663047, -4.099078611785439e-06, -3.6814541961964758e-06] - [6.614272962150451e-06, 6.816411386240853e-06, 6.999594662072225e-06, 6.614270000458105e-06]
B1: 0.16664138874796927 - 0.6666264581292878 - 0.16668257171861484 - -1.295876183842162e-05
B2: 0.16663436900545295 - 0.6666214329731226 - 0.16661423826188057 - -3.175991442436848e-05
