Number: 1426
Error: 7.400782484904281e-06
A1: [-9.328807090732728e-07, -1.061351893533699e-06, -5.214346373934036e-07, -8.171882958772161e-07] - [0.20833976303699475, 0.33333810838226874, -0.0416605561466261, 6.938542231024916e-06] - [0.16666609522927897, 0.6666659133198757, 0.16666655646338843, -4.289773882188684e-07] - [-2.7049399469983634e-06, -2.414719282256699e-06, -2.12434757627111e-06, -2.7026282572035277e-06]
A2: [0.1666537941724393, -0.16667996750107636, -1.3870068955407144e-05, -1.2897927357282791e-05] - [0.1665822003505086, 0.3332461480217188, -9.035921389625529e-05, -8.456601508213732e-05] - [0.16663412947150727, 0.8332997661383096, -3.46745905316669e-05, -3.2561610578967556e-05] - [7.657859329854031e-06, 7.891895932691408e-06, 8.103988608825425e-06, 7.657856187612056e-06]
B1: 0.1667047014553457 - 0.6666000365611612 - 0.1665776448017475 - 5.1447157000690196e-05
B2: 0.16669649982998452 - 0.6667034774671107 - 0.16671416652563936 - 3.0455543228720584e-05
