Number: 414
Error: 7.976179249411561e-06
A1: [2.5535367422700966e-06, 2.5928524471205414e-06, 2.8253117784268513e-06, 2.5842912582391473e-06] - [0.2083487031773392, 0.33334835873722024, -0.04165112137975173, 1.5504425408832746e-05] - [0.16667042551837216, 0.6666703633714353, 0.16667053979434118, 3.7964773876069578e-06] - [-7.7863580595047e-07, -6.948834085076754e-07, -6.110774572899571e-07, -7.779688738017522e-07]
A2: [0.16664797161380623, -0.16668602638047578, -2.0021932462405304e-05, -1.870238205686169e-05] - [0.16658213842982636, 0.3332458921484342, -9.031238992634535e-05, -8.455694969642978e-05] - [0.16664218385444632, 0.8333080302521008, -2.6102282959317705e-05, -2.4489838928314305e-05] - [2.2253536141870266e-06, 2.293336318215027e-06, 2.354939874904849e-06, 2.2253523277166126e-06]
B1: 0.16671449067108085 - 0.6666374614070337 - 0.1665842850526935 - 5.119080263543635e-05
B2: 0.16670886088034415 - 0.6667226312585406 - 0.16673746774960357 - 4.2377916678004395e-05
