Number: 2486
Error: 6.8143294000702e-06
A1: [-4.636004224503231e-06, -4.944037809142829e-06, -4.085952916581636e-06, -4.431304820957693e-06] - [0.20833018903164047, 0.3333271467875144, -0.041670678839934965, -2.2432746006030616e-06] - [0.1666615064216058, 0.6666611953093424, 0.16666232343356874, -4.907946934746039e-06] - [-4.722371720495202e-06, -4.215892744545148e-06, -3.7092077381963595e-06, -4.71834563525222e-06]
A2: [0.16665988973992046, -0.1666736234192901, -7.427596014411804e-06, -6.8213222690129465e-06] - [0.16658227236075493, 0.3332464266367911, -9.039427542230912e-05, -8.456836778042777e-05] - [0.1666256991604469, 0.833291116870331, -4.3646004253835675e-05, -4.101014147739815e-05] - [1.3346963911724294e-05, 1.3754895811273362e-05, 1.4124600370110147e-05, 1.3346961262771715e-05]
B1: 0.16669397590096488 - 0.6665603870118694 - 0.16657025703895625 - 5.124344425223397e-05
B2: 0.1666843310724249 - 0.6666840281027118 - 0.16669019609684185 - 1.8746301331276296e-05
