Number: 528
Error: 7.909264464213751e-06
A1: [2.1550272167372153e-06, 2.1753013606299816e-06, 2.44225746560022e-06, 2.195355628904116e-06] - [0.20834767335262025, 0.3333471807037338, -0.04165220814702573, 1.4516782244143875e-05] - [0.16666993212443088, 0.6666698563187987, 0.1666700851549011, 3.314898979142043e-06] - [-9.956421846276793e-07, -8.88631208832638e-07, -7.815533885369962e-07, -9.947895631863173e-07]
A2: [0.1666486225410497, -0.16668534889534103, -1.9334023519216354e-05, -1.8053494196040906e-05] - [0.16658212603074252, 0.3332459012770778, -9.033762794133265e-05, -8.457734477549766e-05] - [0.1666412718485662, 0.8333070945239084, -2.7072811172225362e-05, -2.5403803322652716e-05] - [2.8373573080893034e-06, 2.924047031062939e-06, 3.0026034048356585e-06, 2.837355704065247e-06]
B1: 0.16671353811077613 - 0.6666333813133132 - 0.16658365859842658 - 5.136980266714972e-05
B2: 0.1667073812981992 - 0.666720369481937 - 0.166734721258975 - 4.094774873384111e-05
