Number: 3075
Error: 4.309850084960196e-06
A1: [-1.2404758071238617e-05, -1.2127072082332596e-05, -1.0406523505571283e-05, -1.2145571317748481e-05] - [0.20829840210418746, 0.33329765586265153, -0.04169663575839303, -3.3789228073242825e-05] - [0.1666514541855064, 0.6666519171730563, 0.1666541608696597, -1.4892678620400707e-05] - [-5.842626397618048e-06, -5.216062329726787e-06, -4.589281966744765e-06, -5.837651867179223e-06]
A2: [0.16669209862616413, -0.1666404032636791, 2.663837470244281e-05, 2.5377053282206888e-05] - [0.16669459063868203, 0.33336228336614865, 2.839138701631077e-05, 2.7708686582866e-05] - [0.16664833144166502, 0.8333144661125002, -1.9715313249097238e-05, -1.838796227521999e-05] - [1.65106237852565e-05, 1.701525798893469e-05, 1.7472617120788775e-05, 1.6510622498490644e-05]
B1: 0.16662276550221886 - 0.6665574904771603 - 0.16666969509734644 - -1.327882270169902e-05
B2: 0.16661321236134805 - 0.6665876225542859 - 0.1665725719558457 - -5.211768396219255e-05
