Number: 1240
Error: 7.504705076281824e-06
A1: [-2.846034006695866e-07, -3.8167533082937926e-07, 1.0229769871559352e-07, -1.8452874045735815e-07] - [0.2083414367739888, 0.33334002515565286, -0.04165878703816824, 8.543464705626664e-06] - [0.1666668988690831, 0.6666667395201461, 0.1666672974398882, 3.553883211327939e-07] - [-2.350914124481994e-06, -2.0986409683074514e-06, -1.8462313283030848e-06, -2.3489041337513277e-06]
A2: [0.1666527229196736, -0.1666810823362224, -1.500213947305526e-05, -1.3965852735318775e-05] - [0.16658218199768726, 0.33324609351056833, -9.035858032190521e-05, -8.45713203669296e-05] - [0.16663560747434888, 0.8333012825822355, -3.3101599870960766e-05, -3.108041134521812e-05] - [6.659465176288668e-06, 6.862984276827534e-06, 7.047418828215747e-06, 6.659462207169656e-06]
B1: 0.16670657492779667 - 0.6666069818255619 - 0.1665789249127334 - 5.147426641406017e-05
B2: 0.16669866194590083 - 0.6667069121947632 - 0.1667183893161768 - 3.2537030712153446e-05
