Number: 260
Error: 8.068502620728774e-06
A1: [3.0726459212669594e-06, 3.1364095051362938e-06, 3.320992210195188e-06, 3.090485705939132e-06] - [0.20835001637564707, 0.3333498670704606, -0.04164974141392231, 1.6760716557556663e-05] - [0.16667107234548398, 0.6666710273900209, 0.1666711317475603, 4.427361788639905e-06] - [-4.854775157462751e-07, -4.331446276791915e-07, -3.807771634643301e-07, -4.850616128634055e-07]
A2: [0.1666470938312168, -0.16668693975740323, -2.0949112406993763e-05, -1.957740968839322e-05] - [0.16658216668150458, 0.33324589222325773, -9.026501506272642e-05, -8.451789658186855e-05] - [0.16664342007421876, 0.8333092986879463, -2.478667753008059e-05, -2.3250973557073174e-05] - [1.398602447851668e-06, 1.4413139471479935e-06, 1.480016303453487e-06, 1.398601629331412e-06]
B1: 0.166715700429996 - 0.6666429092251906 - 0.1665850804893081 - 5.0872117640119e-05
B2: 0.16671103606319804 - 0.666725802109921 - 0.16674122862650081 - 4.448634673645954e-05
