Number: 1928
Error: 7.121981905532359e-06
A1: [-2.6920804572378127e-06, -2.905886561007007e-06, -2.2155794669075614e-06, -2.5342292282124477e-06] - [0.20833520705392714, 0.33333289407767636, -0.041665374321295245, 2.5683177609787776e-06] - [0.1666639165408623, 0.6666636731470262, 0.16666454568931108, -2.555640300119883e-06] - [-3.660391803593654e-06, -3.267754021518322e-06, -2.8749332479999747e-06, -3.6572671550695246e-06]
A2: [0.16665668219454718, -0.1666769617430604, -1.0817674784653018e-05, -1.0018885580064943e-05] - [0.16658224018423656, 0.3332462857944437, -9.036990640761047e-05, -8.456139723986861e-05] - [0.16663013870489887, 0.8332956716835727, -3.892160103426306e-05, -3.656100501247235e-05] - [1.0352276360989242e-05, 1.0668671771387385e-05, 1.0955409132660513e-05, 1.0352273138079772e-05]
B1: 0.1666996425625547 - 0.6665812845527078 - 0.16657417703373878 - 5.137137478761425e-05
B2: 0.16669074000727097 - 0.6666942527901953 - 0.16670278297243163 - 2.4913335125468957e-05
