Number: 1734
Error: 7.229476569613278e-06
A1: [-2.010758779534621e-06, -2.1914991841564814e-06, -1.5592217007076585e-06, -1.8692011524528676e-06] - [0.20833697368905052, 0.3333349154792786, -0.04166350564656576, 4.263160644284421e-06] - [0.16666475999865107, 0.6666645404547177, 0.16666532443704735, -1.7322888699754877e-06] - [-3.2911598167746373e-06, -2.938101499409136e-06, -2.58487127332746e-06, -3.2883491148329498e-06]
A2: [0.16665556674686957, -0.16667812270512536, -1.199667618768069e-05, -1.1130862778174107e-05] - [0.16658222686872473, 0.33324623458413827, -9.036379131261673e-05, -8.456110315416339e-05] - [0.16663168137083453, 0.8332972544127388, -3.7279923504763174e-05, -3.50150046441463e-05] - [9.311037917305344e-06, 9.59560640484229e-06, 9.853497456302276e-06, 9.311034658545473e-06]
B1: 0.16670159544041332 - 0.666588530364517 - 0.16657551750662686 - 5.1398526499171895e-05
B2: 0.16669295593311703 - 0.666697812358136 - 0.16670718174833485 - 2.7045162123911256e-05
