Number: 1676
Error: 7.261688991946338e-06
A1: [-1.799396420237632e-06, -1.969821026266983e-06, -1.3544629617073124e-06, -1.662717483547026e-06] - [0.2083375327398655, 0.3333355524287651, -0.0416629126279297, 4.800718084183893e-06] - [0.16666501991580365, 0.6666648079366689, 0.16666556587578144, -1.478390444427527e-06] - [-3.180771111287273e-06, -2.8395459443196917e-06, -2.498152491177974e-06, -3.1780543228900718e-06]
A2: [0.16665523446034106, -0.16667846866365324, -1.2348095573659665e-05, -1.1462111741200572e-05] - [0.16658222588741317, 0.3332462221041797, -9.035931040408631e-05, -8.455801568897514e-05] - [0.16663214287746186, 0.833297727876858, -3.678885700251087e-05, -3.455250116762829e-05] - [8.999732247472058e-06, 9.274785234311265e-06, 9.524052029077926e-06, 8.99972899437167e-06]
B1: 0.16670215387247028 - 0.6665906720641563 - 0.16657589449999707 - 5.138119957770675e-05
B2: 0.16669359313629614 - 0.6666988751708652 - 0.16670852066916603 - 2.7657223335312642e-05
