Number: 1677
Error: 3.542567638205803e-06
A1: [-7.517275644174274e-06, -7.002496043631847e-06, -5.701245990848317e-06, -7.37547233085233e-06] - [0.20831104512458726, 0.33331212996640724, -0.04168326686104936, -2.1663440109366776e-05] - [0.1666575090550007, 0.6666581428464042, 0.16665974740482445, -8.982659071437647e-06] - [-3.1827048719049577e-06, -2.8412778252732e-06, -2.499682289928593e-06, -3.179986426887609e-06]
A2: [0.16668407278244785, -0.1666487567911078, 1.8155007548971483e-05, 1.7376201905416354e-05] - [0.16669454525242688, 0.3333619657358856, 2.8487160346151735e-05, 2.776131615958074e-05] - [0.1666594614404731, 0.8333258849366362, -7.871686382321717e-06, -7.233946277954964e-06] - [9.008174947803364e-06, 9.283486906450447e-06, 9.532988452659602e-06, 9.008171692194625e-06]
B1: 0.16663687512139136 - 0.6666097807060969 - 0.16667947508211506 - -1.3045260296425183e-05
B2: 0.16662918985196504 - 0.6666132142850938 - 0.16660414171727664 - -3.674585587894446e-05
