Number: 1352
Error: 7.442067942936151e-06
A1: [-6.788485064996865e-07, -7.950434128141024e-07, -2.7759914075247564e-07, -5.693658538304808e-07] - [0.2083404132941322, 0.3333388544618163, -0.041659869684108015, 7.5614365977193264e-06] - [0.16666641103382734, 0.6666662378817788, 0.16666684690127198, -1.2083720070610532e-07] - [-2.56409102842808e-06, -2.2889677032796414e-06, -2.0136989516627325e-06, -2.5618993388010724e-06]
A2: [0.16665336732240188, -0.16668041165884892, -1.4321050660735034e-05, -1.3323453595288494e-05] - [0.1665821913367832, 0.3332461247032265, -9.036050752786538e-05, -8.456983781196093e-05] - [0.16663471729334536, 0.8333003692629004, -3.404895912350056e-05, -3.1972517033596246e-05] - [7.26065291750459e-06, 7.4825482787052345e-06, 7.683637240236511e-06, 7.260649834878597e-06]
B1: 0.1667054611411603 - 0.6666028134743434 - 0.1665781672749225 - 5.14722807754374e-05
B2: 0.16669737166870105 - 0.6667048435162853 - 0.16671583335033527 - 3.12953035002682e-05
