Number: 252
Error: 8.07333460546865e-06
A1: [3.0822370200097772e-06, 3.1462866276581697e-06, 3.3273985392582286e-06, 3.0994225482510415e-06] - [0.208350014589871, 0.333349871461964, -0.041649747649175256, 1.675604156584579e-05] - [0.16667108837356315, 0.6666710433180827, 0.166671142939158, 4.442578479021572e-06] - [-4.702461701876306e-07, -4.195453523574445e-07, -3.6881097812406865e-07, -4.698433158788008e-07]
A2: [0.16664704546195325, -0.16668698982403077, -2.0999737286680652e-05, -1.9625635835466614e-05] - [0.16658216122807706, 0.33324588571264474, -9.026864365297416e-05, -8.452278889638148e-05] - [0.16664348360326436, 0.8333093639421374, -2.4718919323745886e-05, -2.3187307080677726e-05] - [1.355654295067847e-06, 1.3970529897529765e-06, 1.4345656664470856e-06, 1.3556535019822952e-06]
B1: 0.16671581475033953 - 0.666643241791798 - 0.16658516945944385 - 5.0907089530183294e-05
B2: 0.1667112127701342 - 0.6667259763221736 - 0.16674137628806204 - 4.465958533202721e-05
