Number: 831
Error: 3.0697402278302845e-06
A1: [-4.588593281740557e-06, -3.932181259177871e-06, -2.8865625747513195e-06, -4.517804896772742e-06] - [0.20831857829996842, 0.3333207637318257, -0.04167530952319395, -1.444317537185471e-05] - [0.16666114357168368, 0.6666618788558416, 0.1666630946697186, -5.435787223180443e-06] - [-1.5728695062834517e-06, -1.4039939792420919e-06, -1.2350190681777731e-06, -1.5715234541040458e-06]
A2: [0.16667920025447078, -0.1666538272593033, 1.3006369263711026e-05, 1.2518798456904894e-05] - [0.1666944664080925, 0.3333617233466787, 2.8496232020114838e-05, 2.774177830183447e-05] - [0.1666661861473978, 0.8333327846511647, -7.146843261831059e-07, -4.947106625311647e-07] - [4.467101099670054e-06, 4.603607389914952e-06, 4.7273098047277e-06, 4.4670987776213504e-06]
B1: 0.1666453798831212 - 0.6666413611545988 - 0.16668529649560906 - -1.2938164057804861e-05
B2: 0.16663914864424312 - 0.6666288990598684 - 0.16662334642184057 - -2.7153557371963785e-05
