Number: 2032
Error: 7.064483840321774e-06
A1: [-3.0528593073917543e-06, -3.2841416026875463e-06, -2.5624769932270907e-06, -2.886277775975489e-06] - [0.20833427796854886, 0.33333182942043016, -0.0416663561027957, 1.6777013974460754e-06] - [0.166663468889539, 0.6666632129620721, 0.16666413322992224, -2.992517557113995e-06] - [-3.858328581019579e-06, -3.444473042913113e-06, -3.0304292256879837e-06, -3.855035746165564e-06]
A2: [0.16665728068868163, -0.1666763388868594, -1.018518669707826e-05, -9.422251906948286e-06] - [0.1665822484142128, 0.3332463142427771, -9.037228941297951e-05, -8.45604632751597e-05] - [0.16662931172248419, 0.8332948232128643, -3.9801684729429455e-05, -3.7389775048782834e-05] - [1.091045016179549e-05, 1.124390691999426e-05, 1.1546108056387534e-05, 1.091044699290817e-05]
B1: 0.16669858064836168 - 0.6665773852268043 - 0.16657344341700203 - 5.1341784379185215e-05
B2: 0.1666895386003958 - 0.6666923449887181 - 0.16670043995450176 - 2.3757013153802764e-05
