Number: 2103
Error: 3.777819446682893e-06
A1: [-9.020107555369925e-06, -8.578334804913263e-06, -7.150064251608611e-06, -8.842520284586794e-06] - [0.2083071382132987, 0.3333076620537994, -0.04168740099746023, -2.5412683213555974e-05] - [0.16665565036020263, 0.6666562313445196, 0.1666580299246096, -1.0797198195535306e-05] - [-3.993278011289836e-06, -3.564962827401251e-06, -3.1364558844264413e-06, -3.989870547604565e-06]
A2: [0.166686519732837, -0.16664620986964868, 2.074160937913721e-05, 1.9815536660206385e-05] - [0.1666945667024804, 0.3333620704397937, 2.8466181487723282e-05, 2.7752901003234723e-05] - [0.16665607254269774, 0.8333224080609652, -1.1477973281696894e-05, -1.063016129968281e-05] - [1.1294546920569752e-05, 1.1639745218511339e-05, 1.1952588594534474e-05, 1.1294543800724178e-05]
B1: 0.16663261329811657 - 0.6665938920623808 - 0.16667654883653754 - -1.3078549560577112e-05
B2: 0.16662435266218184 - 0.6666054054464221 - 0.16659446694515934 - -4.139849801031643e-05
