Number: 2381
Error: 3.930626366710302e-06
A1: [-9.990957305097668e-06, -9.596275062067867e-06, -8.0845659610127e-06, -9.790028374119599e-06] - [0.20830462833298716, 0.33330478828697396, -0.04169005474866726, -2.7819712253009927e-05] - [0.16665444737835367, 0.6666549944566476, 0.1666569201960786, -1.1971376171835588e-05] - [-4.522225211845568e-06, -4.03720889017982e-06, -3.5519897462827607e-06, -4.51836883711869e-06]
A2: [0.16668811659820612, -0.16664454784924065, 2.2429440028075742e-05, 2.140743215008245e-05] - [0.1666945788729621, 0.33336213672860165, 2.84502375943085e-05, 2.7745580807538633e-05] - [0.16665385999468163, 0.833320138076395, -1.3832434746500995e-05, -1.2847485057184303e-05] - [1.2786487404862075e-05, 1.3177288899946127e-05, 1.3531466434510984e-05, 1.278648459313073e-05]
B1: 0.16662980126457363 - 0.6665834896673439 - 0.16667460208205323 - -1.3131223843307666e-05
B2: 0.166621170497148 - 0.666600314732082 - 0.16658819093839836 - -4.4460224736329364e-05
