Number: 2092
Error: 7.031332430003789e-06
A1: [-3.266527333538265e-06, -3.508202547759219e-06, -2.7687576999751175e-06, -3.09490383984485e-06] - [0.20833371969489092, 0.33333119168132935, -0.0416669472800454, 1.1416425995110152e-06] - [0.16666320504357376, 0.6666629415712875, 0.16666388905883148, -3.250142461243965e-06] - [-3.972520520076866e-06, -3.5464239043400316e-06, -3.120136166405251e-06, -3.9691306927715e-06]
A2: [0.16665762494560285, -0.16667598052826904, -9.821221961627656e-06, -9.079068326124678e-06] - [0.16658225038227858, 0.3332463279987465, -9.037619021930778e-05, -8.456270448718493e-05] - [0.1666288342523218, 0.833294333360608, -4.030975939667138e-05, -3.786827655938973e-05] - [1.1232468569579222e-05, 1.1575768245072042e-05, 1.1886890711296143e-05, 1.1232465442888335e-05]
B1: 0.1666979862897927 - 0.6665751528607813 - 0.16657303635842277 - 5.134300809522093e-05
B2: 0.16668886471348765 - 0.666691246331055 - 0.16669907202930093 - 2.3109136281027355e-05
