Number: 259
Error: 2.736664877600096e-06
A1: [-2.6426172726140005e-06, -1.893488258346678e-06, -1.0237732873192031e-06, -2.6198135386905306e-06] - [0.2083235309453685, 0.333326448532798, -0.041670094102208635, -9.70196632446047e-06] - [0.16666356495303328, 0.6666643659355609, 0.16666531594336434, -3.0736367319315288e-06] - [-4.84358041628061e-07, -4.321461415314853e-07, -3.7989962414245005e-07, -4.839430801665883e-07]
A2: [0.1666759228786174, -0.16665723749492753, 9.544212650640697e-06, 9.251648959765219e-06] - [0.16669449536907155, 0.33336164525650147, 2.8591461774324763e-05, 2.7810835091681725e-05] - [0.16667075662588343, 0.833337474236428, 4.149565604813328e-06, 4.085588913834212e-06] - [1.3963141414291929e-06, 1.438955919060419e-06, 1.4775950899670655e-06, 1.3963133220108991e-06]
B1: 0.16665043650775763 - 0.6666620942401967 - 0.1666886857680559 - -1.3558953224181508e-05
B2: 0.16664666334756048 - 0.6666401726629458 - 0.1666368785651046 - -1.98866431788057e-05
