Number: 2402
Error: 6.860503878050494e-06
A1: [-4.346472857384758e-06, -4.64049646827394e-06, -3.807842165601033e-06, -4.1488227201614955e-06] - [0.2083309319456599, 0.3333279987826295, -0.04166989419685449, -1.5314236541236836e-06] - [0.16666186609977593, 0.6666615650059389, 0.16666265448191836, -4.556968373989267e-06] - [-4.562506854321223e-06, -4.073165161514391e-06, -3.5836200691181024e-06, -4.5586163214903e-06]
A2: [0.16665940671410728, -0.16667412610518273, -7.938045621561675e-06, -7.3028454089700045e-06] - [0.16658226750058144, 0.33324640548820866, -9.039048233045952e-05, -8.45673346633804e-05] - [0.16662636765318867, 0.8332918027237185, -4.293461247367726e-05, -4.034020466083751e-05] - [1.2896171213681299e-05, 1.3290324084009591e-05, 1.3647539252985549e-05, 1.2896168433726058e-05]
B1: 0.1666948381427016 - 0.6665635425830874 - 0.16657085745833888 - 5.127192377036694e-05
B2: 0.16668530531297363 - 0.6666855670948802 - 0.16669208049320186 - 1.9684125605587248e-05
