Number: 2557
Error: 4.027096922260658e-06
A1: [-1.0603332809746645e-05, -1.0238335278235587e-05, -8.67367587704661e-06, -1.0387628942745184e-05] - [0.2083030484405076, 0.3333029785303317, -0.041691724710236466, -2.933449985374218e-05] - [0.16665368806500613, 0.6666542138052982, 0.16665622017185952, -1.2712456893779134e-05] - [-4.857090755755313e-06, -4.33617747843572e-06, -3.8150560534992936e-06, -4.852950475749551e-06]
A2: [0.16668912723198367, -0.1666434959867565, 2.349762316921779e-05, 2.2414919520558914e-05] - [0.1666945848693192, 0.3333621769356587, 2.8438334114232864e-05, 2.773923731317348e-05] - [0.1666524586943806, 0.8333187004074175, -1.532359169874233e-05, -1.425180909661526e-05] - [1.3730983413129293e-05, 1.4150654647788344e-05, 1.4530999949094567e-05, 1.3730980885999141e-05]
B1: 0.16662801541520428 - 0.6665768968216426 - 0.1666733606636908 - -1.31701803208052e-05
B2: 0.1666191505430269 - 0.6665970935204694 - 0.16658422674822668 - -4.640392816649547e-05
