Number: 2836
Error: 6.622407234213436e-06
A1: [-5.858311858315531e-06, -6.225614410221053e-06, -5.26246635126065e-06, -5.6242259249247955e-06] - [0.20832702936397632, 0.33332352900515133, -0.04167401960760926, -5.273453055493161e-06] - [0.16665999166465423, 0.6666596379026849, 0.1666609261472305, -6.386441505474703e-06] - [-5.388455968480121e-06, -4.810571609512695e-06, -4.2324734394951336e-06, -5.383865650044401e-06]
A2: [0.16666189829691389, -0.16667153281275482, -5.304497465621324e-06, -4.819026391975986e-06] - [0.1665822804868296, 0.33324650298696085, -9.042146563559648e-05, -8.45847977604504e-05] - [0.16662291171379018, 0.8332882571314185, -4.661210665713844e-05, -4.380360555259637e-05] - [1.5225189455075062e-05, 1.56905314460394e-05, 1.6112273977337315e-05, 1.5225187522349104e-05]
B1: 0.16669043837892822 - 0.6665472880527069 - 0.1665677982730717 - 5.1179911046990526e-05
B2: 0.1666803311336831 - 0.6666776253222055 - 0.1666823016934609 - 1.4898097391096874e-05
