Number: 1537
Error: 3.4649819205185937e-06
A1: [-7.042563633124081e-06, -6.504873337659302e-06, -5.2464508334987545e-06, -6.9125022676548684e-06] - [0.20831225182270446, 0.33331351666875547, -0.0416819942160543, -2.0508484669880057e-05] - [0.16665810050959817, 0.666658750560744, 0.16666029025773296, -8.405697885883794e-06] - [-2.9163103842591407e-06, -2.6034376202417153e-06, -2.290405689465006e-06, -2.913818675647642e-06]
A2: [0.16668326480281623, -0.16664959746084745, 1.730147229772642e-05, 1.6570725213890634e-05] - [0.16669452763383788, 0.3333619211966944, 2.8484394038862527e-05, 2.7753512613217624e-05] - [0.1666605736837557, 0.8333270261481199, -6.687886674401201e-06, -6.119298364973411e-06] - [8.256754529128437e-06, 8.509098119196202e-06, 8.73778276598289e-06, 8.256751317856342e-06]
B1: 0.16663833618636611 - 0.6666150585722634 - 0.1666804886009951 - -1.2973830291865304e-05
B2: 0.16663085068738184 - 0.666615791890536 - 0.16660726939832277 - -3.514567386471516e-05
