Number: 2644
Error: 6.727611984326598e-06
A1: [-5.179443462921279e-06, -5.513764394495794e-06, -4.60778203430052e-06, -4.961485999624032e-06] - [0.20832879628991652, 0.33332554912777035, -0.04167214955802157, -3.577593036852471e-06] - [0.16666083105101132, 0.666660501159256, 0.16666170204161154, -5.566955445783425e-06] - [-5.023066591931416e-06, -4.484353280374986e-06, -3.945429790752855e-06, -5.01878568069555e-06]
A2: [0.16666079815904566, -0.16667267803058194, -6.467613825133935e-06, -5.915729596869035e-06] - [0.1665822807850191, 0.33324646567395855, -9.040217643374922e-05, -8.457102869107529e-05] - [0.166624441515838, 0.8332898265684714, -4.4984345440821443e-05, -4.227050243372964e-05] - [1.4194863945276911e-05, 1.4628712911833086e-05, 1.5021909134871212e-05, 1.4194861585662233e-05]
B1: 0.16669235074198202 - 0.6665544475137688 - 0.16656912286952089 - 5.1186533401723026e-05
B2: 0.16668249608460223 - 0.6666811344333536 - 0.16668665652481268 - 1.6979811636679728e-05
