Number: 1482
Error: 7.369535004286464e-06
A1: [-1.1419503695263997e-06, -1.2806583745258138e-06, -7.246810402177568e-07, -1.0215425931052846e-06] - [0.2083392031598527, 0.3333374721789746, -0.04166115104530252, 6.3994368502856455e-06] - [0.16666583923090636, 0.6666656497379219, 0.16666631774858515, -6.791594958107862e-07] - [-2.811524048588065e-06, -2.5098781816528628e-06, -2.20807718024197e-06, -2.8091215788582265e-06]
A2: [0.1666541142894841, -0.1666796341433499, -1.3531396772189678e-05, -1.2578812101971527e-05] - [0.1665821995712731, 0.33324615844606414, -9.036505874730221e-05, -8.45707226608349e-05] - [0.1666336837356637, 0.833299308868164, -3.5148844230257855e-05, -3.3008308815469093e-05] - [7.958444552008367e-06, 8.201668990307456e-06, 8.422088735488844e-06, 7.9584413727428e-06]
B1: 0.16670418109263418 - 0.6665979871033811 - 0.16657729884499964 - 5.1482722278181837e-05
B2: 0.16669589842907376 - 0.6667024495859563 - 0.16671285566819868 - 2.9878416493252946e-05
