Number: 2958
Error: 6.555741608216183e-06
A1: [-6.263960801676577e-06, -6.650774717984995e-06, -5.649858469189807e-06, -6.019651369554895e-06] - [0.20832601020715208, 0.3333223547816906, -0.041675092658252096, -6.247552985841057e-06] - [0.1666594842939889, 0.6666591168240674, 0.1666604620369587, -6.8811924103874495e-06] - [-5.6206345466451365e-06, -5.017860744096335e-06, -4.414871623632023e-06, -5.6158477604574614e-06]
A2: [0.16666260137226405, -0.16667080131132223, -4.561851781518896e-06, -4.118133491093691e-06] - [0.16658229037433195, 0.3332465361977062, -9.042482432643899e-05, -8.458347008256852e-05] - [0.1666219406482293, 0.8332872608114582, -4.764556017764097e-05, -4.4776768783596306e-05] - [1.5879855227659407e-05, 1.6365207803984384e-05, 1.6805088876753314e-05, 1.5879853609027035e-05]
B1: 0.1666891401261556 - 0.6665426585198553 - 0.16656687902751155 - 5.109251158174003e-05
B2: 0.1666788684807344 - 0.6666753887449951 - 0.16667961231571657 - 1.3488338964283051e-05
