Number: 1870
Error: 7.154107613950097e-06
A1: [-2.4807331181406904e-06, -2.68422327757171e-06, -2.0108348785277515e-06, -2.327760467229461e-06] - [0.2083357660531163, 0.33333353097730783, -0.04166478134926227, 3.105823871188453e-06] - [0.166664176444294, 0.6666639406156892, 0.1666647871163936, -2.301755376530106e-06] - [-3.5500054718431814e-06, -3.1692008175611585e-06, -2.788216318727456e-06, -3.54697465236027e-06]
A2: [0.16665635007552815, -0.16667730753431334, -1.116892760000658e-05, -1.034996703618141e-05] - [0.16658223982919285, 0.3332462739383408, -9.036480504753018e-05, -8.45576834048641e-05] - [0.16663060036430727, 0.8332961452997278, -3.84303832074383e-05, -3.609834868957261e-05] - [1.0040982154356068e-05, 1.0347862435785655e-05, 1.0625975707898205e-05, 1.0040978911870308e-05]
B1: 0.1667002014134622 - 0.6665834271054261 - 0.16657455537010946 - 5.135447549818782e-05
B2: 0.16669137589182143 - 0.6666953142503492 - 0.16670412050796923 - 2.5524077432199766e-05
