Number: 220
Error: 8.092936261569951e-06
A1: [3.192573687753106e-06, 3.2618008010163076e-06, 3.4330615126844563e-06, 3.2070732838886688e-06] - [0.20835029729958, 0.33335019512360553, -0.04164945025745704, 1.7026917094199565e-05] - [0.1666712252222144, 0.666671183843509, 0.16667126859408904, 4.57611199930414e-06] - [-4.093293182399089e-07, -3.6515728367938317e-07, -3.2095580446093745e-07, -4.0897865576637497e-07]
A2: [0.16664686453162017, -0.166687178146061, -2.119092668576772e-05, -1.9805993710323582e-05] - [0.1665821725351398, 0.33324589121065806, -9.025328530150768e-05, -8.450923740746264e-05] - [0.16664374173326538, 0.8333096287848283, -2.4444260074190372e-05, -2.2928627362596465e-05] - [1.1838609749285424e-06, 1.2200084839172714e-06, 1.2527624847569361e-06, 1.1838602847602988e-06]
B1: 0.16671602820425754 - 0.6666443396925835 - 0.16658530443022537 - 5.080296090764613e-05
B2: 0.1667116797803907 - 0.6667266577083409 - 0.16674218807534313 - 4.511272509319608e-05
