Number: 658
Error: 7.834059145439214e-06
A1: [1.7143427505230489e-06, 1.713573968921181e-06, 2.0205384940312746e-06, 1.7655755544118009e-06] - [0.20834655412144223, 0.3333458951936287, -0.041653386853661746, 1.3445600145780891e-05] - [0.16666938325502476, 0.6666692925664447, 0.16666958186276118, 2.779490049169095e-06] - [-1.2431030861912484e-06, -1.109569385209681e-06, -9.759544318852265e-07, -1.242038845554745e-06]
A2: [0.16664936960553806, -0.1666845715994876, -1.854490698854173e-05, -1.730875531944887e-05] - [0.16658212816125717, 0.33324592789864166, -9.035029741583504e-05, -8.45843326449319e-05] - [0.16664023519491866, 0.8333060308433087, -2.8176160583160087e-05, -2.6442690453923482e-05] - [3.5352459463954353e-06, 3.643267911709808e-06, 3.741156369611509e-06, 3.5352440122405362e-06]
B1: 0.16671233355016057 - 0.6666286204058215 - 0.16658284611974852 - 5.1455630386562084e-05
B2: 0.16670570540459467 - 0.6667178439644598 - 0.16673168743375175 - 3.9328205838450736e-05
