Number: 83
Error: 2.6272759598305365e-06
A1: [-2.094267975332163e-06, -1.3201360203901053e-06, -5.080738499553987e-07, -2.0861804196499257e-06] - [0.20832485001240802, 0.333327978878029, -0.04166872218817338, -8.447759527912107e-06] - [0.16666425815087638, 0.6666650758866749, 0.16666594063978982, -2.3986148517185643e-06] - [-1.4942894974516253e-07, -1.331110052870942e-07, -1.1678169324618546e-07, -1.4930105673055248e-07]
A2: [0.1666749232288783, -0.1666582771730223, 8.489390481941286e-06, 8.255146155214479e-06] - [0.1666945542594845, 0.33336167402953126, 2.8676265410698798e-05, 2.788206353892647e-05] - [0.16667217907860915, 0.8333389338945669, 5.663483451560485e-06, 5.511063498493642e-06] - [4.5137452503321947e-07, 4.6513232249531627e-07, 4.775966602193868e-07, 4.5137428922495056e-07]
B1: 0.16665165502225762 - 0.6666681865407371 - 0.16668949145444004 - -1.4086830254263167e-05
B2: 0.16664954419506395 - 0.6666440493495056 - 0.16664127899457307 - -1.708204686593672e-05
