Number: 1727
Error: 3.570255555853957e-06
A1: [-7.6953650083419e-06, -7.189248912457266e-06, -5.873184454969154e-06, -7.549359989008687e-06] - [0.20831057972511285, 0.33331159834155377, -0.04168375968905451, -2.2110327171363562e-05] - [0.1666572891813312, 0.6666579166792977, 0.1666595439158377, -9.197348334718803e-06] - [-3.277844307632533e-06, -2.9262190548576716e-06, -2.5744221852523063e-06, -3.27504492162192e-06]
A2: [0.16668435983398616, -0.16664845799185604, 1.8458478563665725e-05, 1.7662359600375808e-05] - [0.16669454753481727, 0.3333619778251861, 2.8484534945218392e-05, 2.776009337755526e-05] - [0.16665906372153833, 0.8333254768955348, -8.294912361309944e-06, -7.632523978074905e-06] - [9.27653899668147e-06, 9.560053914995142e-06, 9.816990112502439e-06, 9.276535735902945e-06]
B1: 0.16663638085164287 - 0.6666079218937776 - 0.16667913783256716 - -1.3043211318642466e-05
B2: 0.1666286267235938 - 0.6666122970813677 - 0.1666029999275747 - -3.728732446210249e-05
