Number: 1368
Error: 7.433108535724718e-06
A1: [-7.454342255072318e-07, -8.64938383764609e-07, -3.432897450505011e-07, -6.34597752273463e-07] - [0.2083402257342937, 0.33333864354658227, -0.041660070345180676, 7.3798379879020764e-06] - [0.16666633096704325, 0.6666661552598302, 0.1666667709961002, -1.992355433630684e-07] - [-2.594542570109002e-06, -2.3161548209074297e-06, -2.037620411353123e-06, -2.5923249332326853e-06]
A2: [0.16665345762862185, -0.16668031751191317, -1.4225324685851254e-05, -1.3233433599530345e-05] - [0.16658218811170294, 0.33324612483076177, -9.036486870957538e-05, -8.45741852581824e-05] - [0.16663458959582567, 0.8333002382880247, -3.4184767219062305e-05, -3.210048951346337e-05] - [7.3465360265275735e-06, 7.571056527696631e-06, 7.774524668641138e-06, 7.346532929984989e-06]
B1: 0.16670533527474282 - 0.6666022497432348 - 0.16657808928580248 - 5.1505270402552673e-05
B2: 0.16669722284329724 - 0.6667045514793392 - 0.16671543793371787 - 3.1153412949666274e-05
