Number: 1059
Error: 3.1983347383497636e-06
A1: [-5.382504446969828e-06, -4.76445210416961e-06, -3.6501252903922305e-06, -5.292572303389467e-06] - [0.20831652968903547, 0.3333184177341727, -0.04167747398517476, -1.6407436851242576e-05] - [0.1666601594803458, 0.6666608672127121, 0.1666621876032105, -6.396252344142988e-06] - [-2.006738442537247e-06, -1.7913595329298229e-06, -1.5758595793191144e-06, -2.0050219886180922e-06]
A2: [0.1666805119937277, -0.1666524621771639, 1.439251939565174e-05, 1.3826461619449998e-05] - [0.1666944825012086, 0.3333617834441928, 2.8488506294800696e-05, 2.7741888881312513e-05] - [0.16666437271652482, 0.833330924023788, -2.6446772267943886e-06, -2.3120566292065163e-06] - [5.691015119451214e-06, 5.864932549444431e-06, 6.0225395106723645e-06, 5.691012389660064e-06]
B1: 0.16664315197017865 - 0.6666329107200031 - 0.16668378501909337 - -1.2902848014660859e-05
B2: 0.16663643563934533 - 0.6666246288865665 - 0.1666181130106243 - -2.9767794398493914e-05
