Number: 1007
Error: 3.169115055568308e-06
A1: [-5.201916706650359e-06, -4.575134604505394e-06, -3.476496748957133e-06, -5.116350190634848e-06] - [0.20831699500703307, 0.33331895079915524, -0.041676982400454, -1.5961354546869035e-05] - [0.16666038344796327, 0.6666610974438958, 0.1666623939639201, -6.177672629694618e-06] - [-1.9077866717725743e-06, -1.7030137915731728e-06, -1.4981246073383775e-06, -1.9061546600931896e-06]
A2: [0.16668021261045946, -0.16665277372712944, 1.4076164225146837e-05, 1.35280079894123e-05] - [0.16669447803623288, 0.33336176893404906, 2.848945790076573e-05, 2.774106910011161e-05] - [0.1666647861273743, 0.8333313481951151, -2.2046886756335975e-06, -1.8977528339282526e-06] - [5.41188223133477e-06, 5.57726746857924e-06, 5.727141902873524e-06, 5.41187958451846e-06]
B1: 0.16664366735003847 - 0.6666348447140891 - 0.16668413590926667 - -1.2903642916719152e-05
B2: 0.16663705117509114 - 0.6666255981148441 - 0.16661930041219797 - -2.917478491683837e-05
