Number: 1226
Error: 7.512524876962482e-06
A1: [-2.4430468502399336e-07, -3.394914781517219e-07, 1.3979254921437376e-07, -1.453974299427606e-07] - [0.2083415285290673, 0.3333401332782234, -0.04165869195521619, 8.630072921697232e-06] - [0.16666695076930846, 0.666666792635365, 0.16666734365733357, 4.0584599948611654e-07] - [-2.324265084625916e-06, -2.0748481043139346e-06, -1.825295795763729e-06, -2.322277814620956e-06]
A2: [0.16665264083727857, -0.1666811676266473, -1.5088651095201403e-05, -1.4047684679622093e-05] - [0.16658217684233742, 0.3332460858253834, -9.036191315636942e-05, -8.457549365203218e-05] - [0.1666357182846083, 0.8333013963093954, -3.2983591795741175e-05, -3.096936050471787e-05] - [6.58431596794257e-06, 6.7855380015692635e-06, 6.967890732889549e-06, 6.584313014980975e-06]
B1: 0.16670674323710782 - 0.6666075306454434 - 0.16657904607959667 - 5.150362452935363e-05
B2: 0.16669885429532585 - 0.6667071738342817 - 0.16671868232054318 - 3.272331069347783e-05
