Number: 1941
Error: 3.6885157898826946e-06
A1: [-8.447958368924353e-06, -7.978384504832207e-06, -6.598378504072443e-06, -8.283979519839818e-06] - [0.20830862657184843, 0.33330936390610355, -0.04168582591619701, -2.398428504450595e-05] - [0.16665635784666094, 0.666656958951513, 0.16665868378994417, -1.0106503573112396e-05] - [-3.6850361878156275e-06, -3.2897629534575456e-06, -2.8943059073696646e-06, -3.681890585246947e-06]
A2: [0.16668558964674268, -0.16664717797882392, 1.9758403328994368e-05, 1.8888346642804057e-05] - [0.1666945600809096, 0.333362032139679, 2.847565469966208e-05, 2.7757636800898144e-05] - [0.1666573616153587, 0.833323730587035, -1.0106237559180296e-05, -9.338305903918049e-06] - [1.0425103053728998e-05, 1.0743725555301963e-05, 1.1032481504416676e-05, 1.0425099834238278e-05]
B1: 0.1666342322595 - 0.6665999334511475 - 0.16667766192738218 - -1.3067607390898145e-05
B2: 0.1666261875762398 - 0.6666083724712252 - 0.16659814571467157 - -3.963376447661616e-05
