Number: 2178
Error: 6.983896535728912e-06
A1: [-3.5584000655431093e-06, -3.8141639916318097e-06, -3.048426961112106e-06, -3.379563590638534e-06] - [0.20833297744030588, 0.33333033877830864, -0.04166773019445335, 4.3117372257443526e-07] - [0.16666284140212073, 0.6666625679314987, 0.16666355524885762, -3.60488108419289e-06] - [-4.136198039004681e-06, -3.6925561008286697e-06, -3.2487192291173235e-06, -4.1326692324966125e-06]
A2: [0.16665812073509215, -0.16667546464793823, -9.297433732191069e-06, -8.584817294603334e-06] - [0.16658225922840864, 0.33324635342103476, -9.037641215824642e-05, -8.455989172488596e-05] - [0.16662815053224267, 0.8332936318543784, -4.1037425078823114e-05, -3.855347494238168e-05] - [1.1694021617916447e-05, 1.2051429280593203e-05, 1.2375338906847758e-05, 1.1694018565832165e-05]
B1: 0.16669708708301592 - 0.6665719076991657 - 0.16657240929477446 - 5.1297425352800325e-05
B2: 0.1666878503465492 - 0.6666896679736348 - 0.16669715502906401 - 2.2132052311470474e-05
