Number: 2090
Error: 7.032423806073648e-06
A1: [-3.264198999260462e-06, -3.5057969338952572e-06, -2.7672138064327405e-06, -3.0927389794786135e-06] - [0.20833371899456235, 0.3333311925460287, -0.04166694905080714, 1.1402202571786179e-06] - [0.16666320899353423, 0.6666629455008027, 0.1666638918091945, -3.24639523313912e-06] - [-3.968712926185743e-06, -3.5430242781041583e-06, -3.1171446004665586e-06, -3.9653263327343075e-06]
A2: [0.1666576126485857, -0.16667599325491644, -9.834092945283253e-06, -9.09132956377456e-06] - [0.16658224816801134, 0.3332463254980473, -9.037799016541248e-05, -8.456477844057666e-05] - [0.16662884991554128, 0.8332943494493846, -4.029304964723045e-05, -3.78525789607718e-05] - [1.1221734756025904e-05, 1.1564706331515158e-05, 1.1875531415954431e-05, 1.1221731627775968e-05]
B1: 0.16669802197067618 - 0.666575242423764 - 0.16657306436021257 - 5.135884913956418e-05
B2: 0.16668890343862275 - 0.6666912842680609 - 0.166699103175075 - 2.3146993846515405e-05
