Number: 987
Error: 3.1578544132872267e-06
A1: [-5.130606504032725e-06, -4.500364028131013e-06, -3.407657695329274e-06, -5.046720856745961e-06] - [0.20831718143569938, 0.33331916369859244, -0.041676785041003195, -1.5782331380797113e-05] - [0.16666047146041335, 0.6666611879694776, 0.16666247541249338, -6.091734253961173e-06] - [-1.8697282155820923e-06, -1.6690346276512802e-06, -1.4682265896259035e-06, -1.8681286870781597e-06]
A2: [0.1666800978011499, -0.16665289323079208, 1.3954796610186506e-05, 1.3413556219656822e-05] - [0.166694477241742, 0.33336176423810837, 2.849066808270688e-05, 2.7741676548333907e-05] - [0.16666494525291525, 0.8333315114551345, -2.035349723284542e-06, -1.7382838692561273e-06] - [5.30452164847067e-06, 5.466625218726643e-06, 5.6135255658626175e-06, 5.304519035184225e-06]
B1: 0.16664385854568398 - 0.6666355818863157 - 0.1666842645466473 - -1.2910980988939817e-05
B2: 0.16663728239923115 - 0.6666259711444645 - 0.1666197634394399 - -2.8952224255243962e-05
