Number: 688
Error: 7.816814653985068e-06
A1: [1.6071968179065025e-06, 1.6012544443912891e-06, 1.9171341273772503e-06, 1.6609512280272977e-06] - [0.20834627385692256, 0.33334557528167497, -0.04165368339390867, 1.3176444900890804e-05] - [0.16666925106987693, 0.6666691566275572, 0.16666945955686893, 2.650416413954746e-06] - [-1.3002079896118186e-06, -1.1605536259561079e-06, -1.0208147960942654e-06, -1.2990949343610184e-06]
A2: [0.16664954133524132, -0.16668439284028727, -1.8363365185895253e-05, -1.713756229475597e-05] - [0.16658212731859595, 0.3332459328571099, -9.035425325643164e-05, -8.458727956768664e-05] - [0.16663999596909518, 0.8333057854021182, -2.843073448239538e-05, -2.6682431710114156e-05] - [3.6962954438164743e-06, 3.8092401734545164e-06, 3.911589859344472e-06, 3.696293438419167e-06]
B1: 0.1667120653285482 - 0.6666275315626755 - 0.1665826685157329 - 5.148521045453337e-05
B2: 0.16670534381615182 - 0.6667172692565034 - 0.16673097741207393 - 3.8979621180514694e-05
