Number: 102
Error: 8.166660600111132e-06
A1: [3.5750502686381787e-06, 3.6618461428924916e-06, 3.795257199215464e-06, 3.579668917916884e-06] - [0.20835124115093584, 0.3333512838973316, -0.04164846444109807, 1.7927224718425962e-05] - [0.16667170500049672, 0.6666716756634135, 0.16667170406208717, 5.043689478401298e-06] - [-1.8469184613692787e-07, -1.6459466451390585e-07, -1.444836920208682e-07, -1.8453373234759719e-07]
A2: [0.16664619710836628, -0.16668787252586328, -2.1895578914462764e-05, -2.0471306023779936e-05] - [0.1665822196335147, 0.33324591780575463, -9.018942581883145e-05, -8.445386277716105e-05] - [0.166644696537566, 0.8333106085008007, -2.3428194277270076e-05, -2.1971796026423577e-05] - [5.503733781769914e-07, 5.671571298758739e-07, 5.823635985703204e-07, 5.503730814294283e-07]
B1: 0.16671678501612391 - 0.6666483672152956 - 0.16658579043228622 - 5.0388840307935356e-05
B2: 0.1667135716811396 - 0.6667292632716736 - 0.16674519308987482 - 4.6953477750557345e-05
