Number: 1314
Error: 7.463318784637246e-06
A1: [-5.386737076413929e-07, -6.480194407859845e-07, -1.415705214135695e-07, -4.3238918192145656e-07] - [0.20834078637984843, 0.3333392789487525, -0.041659473617291706, 7.920433633637294e-06] - [0.1666665830322197, 0.6666664149280638, 0.16666700697485345, 4.7215998284583546e-08] - [-2.4917647293345156e-06, -2.2243942086101924e-06, -1.9568812350971247e-06, -2.4896346755948877e-06]
A2: [0.16665314978572174, -0.16668063816477788, -1.455114650518826e-05, -1.3540310488276625e-05] - [0.1665821910358147, 0.3332461168428101, -9.035728320715238e-05, -8.456747315938485e-05] - [0.16663501965370284, 0.8333006794560073, -3.37272354381003e-05, -3.166950365038278e-05] - [7.056679814092663e-06, 7.272340422466483e-06, 7.467778805494241e-06, 7.056676766861837e-06]
B1: 0.16670581844824112 - 0.6666042080984653 - 0.16657840564619492 - 5.145235304517855e-05
B2: 0.16669778704397548 - 0.6667055429931636 - 0.16671671925568202 - 3.169420695461768e-05
