Number: 1995
Error: 3.718283927800784e-06
A1: [-8.630689238660012e-06, -8.16993378963533e-06, -6.773391031706823e-06, -8.462181877589484e-06] - [0.20830816261495752, 0.33330883059194555, -0.041686315166455205, -2.4428285888165186e-05] - [0.16665613008668267, 0.6666567249382701, 0.16665847481093896, -1.0328673947076147e-05] - [-3.7877847499092408e-06, -3.381497777856098e-06, -2.9750242221412443e-06, -3.784551837718493e-06]
A2: [0.1666859010816033, -0.16664685393705203, 2.0087405982382138e-05, 1.9198816084820524e-05] - [0.16669456601570087, 0.3333620484561612, 2.8475857874248365e-05, 2.7759785600974833e-05] - [0.16665693237807014, 0.8333232901770318, -1.0563073886226104e-05, -9.768470808881883e-06] - [1.0714916422333518e-05, 1.1042397499079581e-05, 1.133918252598774e-05, 1.0714913229501228e-05]
B1: 0.1666336663814954 - 0.6665978947322929 - 0.16667726728648735 - -1.3097498956144332e-05
B2: 0.16662554842782942 - 0.6666073808472888 - 0.16659694311187875 - -4.024951718623175e-05
