Number: 550
Error: 7.896467332057698e-06
A1: [2.0811393107937503e-06, 2.097897826316262e-06, 2.371670120096315e-06, 2.123312425061205e-06] - [0.20834748673957243, 0.3333469661324069, -0.04165240446259046, 1.4338297903385598e-05] - [0.1666698399444858, 0.6666697616651882, 0.16667000077812086, 3.2249963018974234e-06] - [-1.0375205957179746e-06, -9.260211563502816e-07, -8.144523791535865e-07, -1.0366321518834441e-06]
A2: [0.16664874892618248, -0.1666852174040925, -1.9200541709506647e-05, -1.7927502628497233e-05] - [0.16658212603420397, 0.3332459053933047, -9.034019189715799e-05, -8.457888441498693e-05] - [0.1666410962777575, 0.8333069143733408, -2.725968050969826e-05, -2.5579752098808122e-05] - [2.9554623430378156e-06, 3.0457621645598537e-06, 3.127590129586961e-06, 2.9554606806932274e-06]
B1: 0.16671333684122663 - 0.6666325777702877 - 0.16658352282615876 - 5.138690148248e-05
B2: 0.16670709145736315 - 0.6667199380442281 - 0.16673420612065967 - 4.0667444165334025e-05
