Number: 1689
Error: 3.549264610411763e-06
A1: [-7.5791909938209935e-06, -7.0675673832330804e-06, -5.763838141392202e-06, -7.436360892550359e-06] - [0.2083108562095579, 0.3333119208203802, -0.04168347103079042, -2.1847838187189563e-05] - [0.16665743691170923, 0.66665806810423, 0.16665967701745435, -9.053539548137132e-06] - [-3.2055370770179073e-06, -2.8616618804823872e-06, -2.5176174350528172e-06, -3.202799206019119e-06]
A2: [0.16668413841237845, -0.1666486881798865, 1.822491102175969e-05, 1.744161745454613e-05] - [0.1666945372757454, 0.33336196053854134, 2.8478882956676436e-05, 2.775249878504239e-05] - [0.16665936500250586, 0.8333257860727776, -7.974139509275546e-06, -7.3305902154351695e-06] - [9.072592687245233e-06, 9.3498736538003e-06, 9.601159780672968e-06, 9.072589429884042e-06]
B1: 0.16663681956509993 - 0.6666093948301515 - 0.16667945156222522 - -1.2981646498474848e-05
B2: 0.16662911998317892 - 0.6666129996714325 - 0.16660381013894165 - -3.681053152888381e-05
