Number: 1265
Error: 3.3136323940235567e-06
A1: [-6.102289991219135e-06, -5.519096952587888e-06, -4.342895048779003e-06, -5.9950592546267e-06] - [0.20831466858295164, 0.33331628713946054, -0.04167944136369857, -1.819232349466707e-05] - [0.166659267758386, 0.666659950401844, 0.16666136507783014, -7.266626108064875e-06] - [-2.398734718033393e-06, -2.1413394820615975e-06, -1.8838055728156597e-06, -2.3966839463342924e-06]
A2: [0.1666816976002293, -0.1666512283169385, 1.564547185440253e-05, 1.5008385361103592e-05] - [0.16669449979718273, 0.3333618407060805, 2.8484687966565247e-05, 2.7744744160771223e-05] - [0.16666273517274308, 0.8333292438823515, -4.387450051146873e-06, -3.953137973778677e-06] - [6.7967841904155776e-06, 7.0045013666108375e-06, 7.192740642691783e-06, 6.79678119071009e-06]
B1: 0.16664110364372425 - 0.6666252432368929 - 0.16668238967238946 - -1.2906319805889888e-05
B2: 0.16663403099179633 - 0.6666208092468251 - 0.16661341441138633 - -3.208320352936473e-05
