Number: 2778
Error: 6.654179188508639e-06
A1: [-5.6469977581452255e-06, -6.0039868614844945e-06, -5.057757295729006e-06, -5.417789908406314e-06] - [0.20832758825673808, 0.33332416579536495, -0.04167342674104565, -4.736052094166305e-06] - [0.1666602515346446, 0.6666599053374874, 0.16666116754566593, -6.132589025184656e-06] - [-5.27808057813936e-06, -4.712029235121319e-06, -4.145765015668958e-06, -5.273583695774888e-06]
A2: [0.16666156710251193, -0.16667187767756056, -5.65482456018496e-06, -5.149183242662639e-06] - [0.16658228363561392, 0.3332464946354092, -9.041286510351011e-05, -8.457757961908897e-05] - [0.1666233742343183, 0.8332887316082953, -4.6120028725685444e-05, -4.334008780422865e-05] - [1.4913949142984954e-05, 1.5369777751994384e-05, 1.578289698508066e-05, 1.4913947072614618e-05]
B1: 0.16669099526999046 - 0.6665494311242764 - 0.16656817986783148 - 5.1161096121299146e-05
B2: 0.1666809637023959 - 0.6666786833957011 - 0.16668363576953868 - 1.550552250750552e-05
