Number: 151
Error: 2.670185424123905e-06
A1: [-2.2968026164415167e-06, -1.531739022759025e-06, -6.96809965958197e-07, -2.283038228396864e-06] - [0.20832437811101934, 0.3333274277103829, -0.04166920977998021, -8.894637570887046e-06] - [0.16666399983828473, 0.6666648116894467, 0.16666570997033595, -2.6499140016087695e-06] - [-2.7883275978718156e-07, -2.4864704886557384e-07, -2.1844077891014977e-07, -2.7859391817836257e-07]
A2: [0.16667530929608398, -0.16665787576085953, 8.896533213624303e-06, 8.639997433564609e-06] - [0.1666945283783562, 0.3333616594108517, 2.8639630919832025e-05, 2.7851415210509964e-05] - [0.16667162809303127, 0.8333383684678453, 5.077029560453846e-06, 4.958910339392588e-06] - [8.164677730766083e-07, 8.413853842504054e-07, 8.639627733254256e-07, 8.164673062696693e-07]
B1: 0.16665120294255875 - 0.6666658470020559 - 0.1666891900811716 - -1.3864231759506498e-05
B2: 0.16664836068288497 - 0.6666425105069016 - 0.16663956899823767 - -1.8236096584968084e-05
