Number: 92
Error: 8.173044009758966e-06
A1: [3.6112106175571174e-06, 3.6996929219203152e-06, 3.8300938201760854e-06, 3.6149883181852125e-06] - [0.20835133619572832, 0.3333513920229407, -0.041648364241795854, 1.801856499532067e-05] - [0.16667174943048726, 0.666671721315412, 0.16667174513989041, 5.087081895476926e-06] - [-1.6565488224345898e-07, -1.4759797549397904e-07, -1.295286413103287e-07, -1.6551309240512357e-07]
A2: [0.1666461415211011, -0.16668793042128066, -2.1954371065724534e-05, -2.0526714396163404e-05] - [0.16658222667904263, 0.3332459230618164, -9.018107162947264e-05, -8.444611587773265e-05] - [0.16664477800675065, 0.8333106920789098, -2.3341539411768655e-05, -2.1890155062592783e-05] - [4.96688072890095e-07, 5.118308336691073e-07, 5.255502350659277e-07, 4.966878104226635e-07]
B1: 0.16671682747545732 - 0.6666486885050107 - 0.16658581324240096 - 5.0332065438699915e-05
B2: 0.16671372655737948 - 0.6667294902431306 - 0.1667454661339646 - 4.71040195529869e-05
