Number: 1158
Error: 7.5506726879516586e-06
A1: [2.8039409775714155e-09, -8.034268030268185e-08, 3.790487896507237e-07, 9.599172665519466e-08] - [0.20834218110745628, 0.33334087696778847, -0.04165799999361084, 9.257454203079227e-06] - [0.1666672547766031, 0.6666671054578804, 0.16666762588884093, 7.027969192574148e-07] - [-2.1948362522650908e-06, -1.9592926929981743e-06, -1.7236195379127599e-06, -2.1929593518225885e-06]
A2: [0.16665225093346703, -0.16668157354526078, -1.550095668953979e-05, -1.4436372027128564e-05] - [0.16658217474078846, 0.3332460702961361, -9.035750318973325e-05, -8.457282522673465e-05] - [0.166636259191027, 0.8333019512465655, -3.240800658703282e-05, -3.0427285568961394e-05] - [6.219302089911712e-06, 6.4093668889262425e-06, 6.581607922038681e-06, 6.219299221630501e-06]
B1: 0.16670739036157936 - 0.6666100336037908 - 0.1665794794894309 - 5.1475703457786885e-05
B2: 0.1666996147682763 - 0.6667084310264104 - 0.1667202607928826 - 3.3454307695455116e-05
