Number: 1113
Error: 3.228610573877185e-06
A1: [-5.565400419807883e-06, -4.956156905746242e-06, -3.825281283665928e-06, -5.470939205918009e-06] - [0.2083160651391453, 0.33331788386625366, -0.041677963743664774, -1.6852029141583783e-05] - [0.1666599315796023, 0.6666606330674423, 0.16666197850603087, -6.6185624896538885e-06] - [-2.109495673486132e-06, -1.8831029384251081e-06, -1.6565843610821786e-06, -2.1076915512846866e-06]
A2: [0.16668082373125676, -0.1666521378418909, 1.4721805447137792e-05, 1.4137233721790941e-05] - [0.16669448942706575, 0.33336180070785265, 2.8489612839231678e-05, 2.7745029186894735e-05] - [0.16666394370472337, 0.8333304838275171, -3.1013103520171767e-06, -2.7419957689479155e-06] - [5.980878307121059e-06, 6.163655919250801e-06, 6.329292699341457e-06, 5.98087549748099e-06]
B1: 0.1666425988787024 - 0.6666308853327367 - 0.16668340448851648 - -1.2919924864741042e-05
B2: 0.16663578295763176 - 0.6666236233428539 - 0.16661689612331831 - -3.0397082217347256e-05
