Number: 2401
Error: 3.941601928196598e-06
A1: [-1.0062179035132785e-05, -9.670962010268403e-06, -8.153327664521385e-06, -9.85956955449812e-06] - [0.20830444222077119, 0.3333045756837104, -0.04169025183587619, -2.799841984970102e-05] - [0.16665435944196788, 0.6666549040026316, 0.1666568388115877, -1.2057239058722669e-05] - [-4.560278232218059e-06, -4.071182653382758e-06, -3.5818835813907147e-06, -4.556389584066317e-06]
A2: [0.1666882311976246, -0.16664442855078526, 2.2550607755493243e-05, 2.152167403414614e-05] - [0.16669457895349227, 0.33336214073346926, 2.8448359532515653e-05, 2.7744259143061228e-05] - [0.16665370070311972, 0.8333199746565184, -1.4001928020938904e-05, -1.3007120205422282e-05] - [1.2893818946351536e-05, 1.328790116912517e-05, 1.3645052358394574e-05, 1.289381616348953e-05]
B1: 0.16662960349335737 - 0.6665827454959554 - 0.1666744658852362 - -1.313047854142661e-05
B2: 0.1666209465323734 - 0.6665999491685162 - 0.16658773557144713 - -4.467552520677315e-05
