Number: 2881
Error: 4.204135862945654e-06
A1: [-1.1723535072595648e-05, -1.1412782596143412e-05, -9.750249001000062e-06, -1.1480639427362095e-05] - [0.20830016866240755, 0.3332996772006719, -0.04169476709368799, -3.209445503550698e-05] - [0.16665229743695817, 0.6666527842986905, 0.16665493948642157, -1.4069528708576496e-05] - [-5.47353321698402e-06, -4.886537354166531e-06, -4.299326932679294e-06, -5.468870893611647e-06]
A2: [0.16669098748558206, -0.16664155989780172, 2.5463694580939422e-05, 2.426938083249354e-05] - [0.1666945936070062, 0.3333622484922044, 2.8413799935121575e-05, 2.7725257510551792e-05] - [0.16664987805114878, 0.8333160527939388, -1.806969147595128e-05, -1.683801927654799e-05] - [1.5469628559094568e-05, 1.5942443589321245e-05, 1.637096007942492e-05, 1.5469626737477865e-05]
B1: 0.1666247080913849 - 0.6665647374369643 - 0.1666710495535498 - -1.326172035576711e-05
B2: 0.16661541256256734 - 0.6665911663002173 - 0.1665769551659262 - -5.0001533054296136e-05
