Number: 1943
Error: 3.689607570271924e-06
A1: [-8.450288548195632e-06, -7.980792001390613e-06, -6.599924344664768e-06, -8.28614622933253e-06] - [0.20830862726041968, 0.33330936302997205, -0.04168582415668942, -2.3982874479731776e-05] - [0.1666563538949999, 0.6666569550202373, 0.16665868103774134, -1.0110252505025247e-05] - [-3.68884207529238e-06, -3.293161063147695e-06, -2.8972961345012656e-06, -3.6856932382360926e-06]
A2: [0.16668560193584264, -0.1666471652603094, 1.977126594529649e-05, 1.8900599953727403e-05] - [0.1666945622705344, 0.33336203461507224, 2.847742860415303e-05, 2.7759686077508244e-05] - [0.16665734594485462, 0.8333237144907689, -1.0122955009715191e-05, -9.354010794478947e-06] - [1.0435834587169013e-05, 1.075478511912554e-05, 1.1043838382231049e-05, 1.0435831368538278e-05]
B1: 0.16663419676608057 - 0.6665998440598809 - 0.16667763407780214 - -1.3083261833304438e-05
B2: 0.1666261487372894 - 0.6666083344107155 - 0.16659811443689299 - -3.9671735667278445e-05
