Number: 2871
Error: 4.198679443106704e-06
A1: [-1.1687926401089286e-05, -1.1375441612666647e-05, -9.715870691048826e-06, -1.1445870986288673e-05] - [0.2083002617117776, 0.33329978349505174, -0.04169466855722029, -3.200510786156821e-05] - [0.16665234140283322, 0.6666528295232926, 0.16665498017668862, -1.4026599492267217e-05] - [-5.4545076646922486e-06, -4.86955141958823e-06, -4.284380748063695e-06, -5.4498614419770045e-06]
A2: [0.1666909302739656, -0.1666416194587051, 2.5403199030794562e-05, 2.42123479822522e-05] - [0.16669459390158134, 0.33336224682494253, 2.8415073878138285e-05, 2.7726253227264676e-05] - [0.16664995777937816, 0.8333161345863582, -1.798486235286067e-05, -1.6758119225838042e-05] - [1.5415967714814776e-05, 1.588714254073268e-05, 1.6314172275150498e-05, 1.5415965867900838e-05]
B1: 0.16662480670972107 - 0.66656510949332 - 0.16667111788423936 - -1.3262356194912374e-05
B2: 0.16661552430366167 - 0.6665913488362128 - 0.16657718259863064 - -4.9894124259523414e-05
