Number: 544
Error: 7.899982551592107e-06
A1: [2.112183674314924e-06, 2.130513084961073e-06, 2.4030382936962293e-06, 2.153843258225849e-06] - [0.20834758150874638, 0.3333470709910427, -0.041652302119181056, 1.4430808174968126e-05] - [0.16666987609514478, 0.6666697991089111, 0.1666700360372879, 3.260515356393975e-06] - [-1.0261008054840343e-06, -9.158255814362499e-07, -8.05481696892551e-07, -1.025222129412526e-06]
A2: [0.16664871631558367, -0.16668525149941957, -1.9235276827349653e-05, -1.7960005892814432e-05] - [0.16658213087620538, 0.33324590887047945, -9.033514881789615e-05, -8.457362157142415e-05] - [0.16664114472408642, 0.8333069640392679, -2.7208213258640688e-05, -2.5531202688116352e-05] - [2.923251811974844e-06, 3.012567068425625e-06, 3.0935027882174694e-06, 2.9232501654676062e-06]
B1: 0.16671335600540707 - 0.6666327627904568 - 0.16658352732628975 - 5.134648120118776e-05
B2: 0.16670713328038675 - 0.666720052449953 - 0.16673437917817407 - 4.0706666944187296e-05
