Number: 1107
Error: 3.2252238235022734e-06
A1: [-5.534428837976553e-06, -4.923608117614585e-06, -3.7939730506937766e-06, -5.440481059310989e-06] - [0.2083161596458573, 0.3333179884852478, -0.041677861616457965, -1.675978101933461e-05] - [0.1666599676635482, 0.6666606704501573, 0.16666201371030862, -6.5831100238216204e-06] - [-2.0980785273063252e-06, -1.8729098493141505e-06, -1.647615856163695e-06, -2.0962841445163185e-06]
A2: [0.1666807909005834, -0.1666521721624318, 1.468683961441216e-05, 1.4104510240441789e-05] - [0.16669449336882083, 0.33336180326359666, 2.849371220542395e-05, 2.7749391258682403e-05] - [0.16666399191378461, 0.8333305332504982, -3.0500918654988264e-06, -2.6936837423996596e-06] - [5.9486658527414915e-06, 6.130458842943807e-06, 6.295203277013976e-06, 5.94866305163221e-06]
B1: 0.1666426255655989 - 0.6666310771594689 - 0.1666834151003649 - -1.2952824918079165e-05
B2: 0.16663581898913 - 0.6666237317793445 - 0.16661706307115617 - -3.0363647425669466e-05
