Number: 148
Error: 8.137605903786996e-06
A1: [3.423290541450893e-06, 3.5031197241614067e-06, 3.6511680323048497e-06, 3.4317636138874516e-06] - [0.20835086258436208, 0.33335084835172096, -0.041648860334259644, 1.7565642894175953e-05] - [0.16667151532162003, 0.6666714811665961, 0.16667153140944183, 4.858769381281565e-06] - [-2.722628108352961e-07, -2.4278047429961433e-07, -2.1327815018329568e-07, -2.7202961896868416e-07]
A2: [0.16664645602575304, -0.16668760309690794, -2.1622139140553453e-05, -2.0213211545285708e-05] - [0.16658219672836147, 0.33324590287573225, -9.021888853174717e-05, -8.447999425304569e-05] - [0.1666443233166817, 0.8333102255566284, -2.3825318000354588e-05, -2.2345807102264833e-05] - [7.973260168150814e-07, 8.216583448087989e-07, 8.437053531894818e-07, 7.97325564227567e-07]
B1: 0.16671652148019486 - 0.6666468255980159 - 0.16658562635491878 - 5.05817586497804e-05
B2: 0.16671282540819793 - 0.6667282306666258 - 0.16674399626978292 - 4.6227143743044855e-05
