Number: 3040
Error: 6.510949977616145e-06
A1: [-6.551142148732493e-06, -6.951886154495866e-06, -5.926400728548007e-06, -6.2999473395763e-06] - [0.2083252666601166, 0.3333215037229063, -0.04167587900207354, -6.960760034552083e-06] - [0.16665912858825488, 0.6666587510801669, 0.1666601337580657, -7.22840211138322e-06] - [-5.776682946560582e-06, -5.1571799491209524e-06, -4.537460970921908e-06, -5.771764174568189e-06]
A2: [0.16666307129373104, -0.16667031216143474, -4.065082322604292e-06, -3.649678908476934e-06] - [0.166582289954823, 0.3332465517776058, -9.043348252052918e-05, -8.458964297670862e-05] - [0.16662128706449034, 0.8332865902924665, -4.83409965120464e-05, -4.5431762478486564e-05] - [1.6319868227748476e-05, 1.6818670248448472e-05, 1.727074265726455e-05, 1.631986683891484e-05]
B1: 0.16668831587493252 - 0.6665395926463439 - 0.16656630434789435 - 5.108214463461777e-05
B2: 0.16667793530662484 - 0.6666738900757441 - 0.1666777615002515 - 1.259071498140645e-05
