Number: 1878
Error: 7.149664302374713e-06
A1: [-2.5140168811589395e-06, -2.719162008461425e-06, -2.0436719776551485e-06, -2.36036736372135e-06] - [0.20833567230495012, 0.3333334255497641, -0.04166488165193744, 3.0150562019153826e-06] - [0.16666413641905417, 0.6666638993124986, 0.16666474917078444, -2.3409464779157085e-06] - [-3.565230233542861e-06, -3.1827933680760944e-06, -2.8001762157019143e-06, -3.5621864715828075e-06]
A2: [0.16665639518108366, -0.1666772605080405, -1.1121111309933514e-05, -1.0305004591674965e-05] - [0.166582238043337, 0.3332462738308001, -9.036715471470841e-05, -8.456003048038246e-05] - [0.16663053647387582, 0.8332960797711801, -3.849832785117887e-05, -3.616237662490928e-05] - [1.0083919556059827e-05, 1.0392112272033673e-05, 1.0671415072799384e-05, 1.0083916315816228e-05]
B1: 0.16670013795680963 - 0.6665831446009465 - 0.16657451560083006 - 5.137044395486933e-05
B2: 0.1666913022281568 - 0.6666951690018529 - 0.1667039235889141 - 2.5453881210284147e-05
