Number: 2110
Error: 7.021440165990671e-06
A1: [-3.3114552771376757e-06, -3.555171433400158e-06, -2.809316027124071e-06, -3.138337562517657e-06] - [0.20833362943857275, 0.3333310819217675, -0.04166703873640965, 1.0579768117239046e-06] - [0.16666314526673537, 0.6666628806189946, 0.16666383735994797, -3.308071533093772e-06] - [-4.006782814602222e-06, -3.577014150142611e-06, -3.1470535397389304e-06, -4.00336389011665e-06]
A2: [0.16665773148719615, -0.16667586991817543, -9.709100405487335e-06, -8.972848740963966e-06] - [0.1665822594776686, 0.33324634020335003, -9.03697323862449e-05, -8.455487190318162e-05] - [0.1666286919985094, 0.8332941873405895, -4.046130062893241e-05, -3.801083978233019e-05] - [1.1329073032557188e-05, 1.1675325577729562e-05, 1.1989124451127787e-05, 1.1329069920122554e-05]
B1: 0.16669774490346126 - 0.6665744228772904 - 0.16657285676770378 - 5.1280244133331224e-05
B2: 0.1666885972560735 - 0.6666909112232087 - 0.16669871920143303 - 2.2849484175635346e-05
