Number: 289
Error: 2.754849040493199e-06
A1: [-2.7504395465164496e-06, -2.0064289555629305e-06, -1.1277432634944074e-06, -2.725113602977112e-06] - [0.20832324817097814, 0.3333261263098864, -0.041670392754218404, -9.973629403859747e-06] - [0.16666343222440808, 0.6666642294928168, 0.16666519317418005, -3.2032532528938312e-06] - [-5.414487874406057e-07, -4.831181519634324e-07, -4.2474910596668956e-07, -5.409849230133126e-07]
A2: [0.1666760921198729, -0.16665706127849322, 9.723166208098522e-06, 9.420353908813793e-06] - [0.1666944843153098, 0.3333616397787472, 2.8576881159845033e-05, 2.779767863370337e-05] - [0.16667051481235473, 0.8333372261502182, 3.892298831202418e-06, 3.8432603774345015e-06] - [1.5573847280324174e-06, 1.6049499443151483e-06, 1.6480507976730446e-06, 1.5573838140927508e-06]
B1: 0.16665023939948076 - 0.6666610685220112 - 0.16668856331685555 - -1.34583132590286e-05
B2: 0.16664624990043142 - 0.6666395444692408 - 0.16663611350262944 - -2.0287095847070546e-05
