Number: 3001
Error: 4.2695729876488375e-06
A1: [-1.2150843269642205e-05, -1.1860877381707694e-05, -1.016279094394235e-05, -1.1897864924438367e-05] - [0.2082990520525732, 0.33329840165393315, -0.04169594954327186, -3.316663867553852e-05] - [0.16665176984392005, 0.6666522416015862, 0.1666544512011745, -1.4584681982349526e-05] - [-5.701838221154942e-06, -5.090366961176842e-06, -4.478679883519781e-06, -5.696982748169467e-06]
A2: [0.1666916738525207, -0.16664084534040782, 2.61894672161194e-05, 2.4953602578108182e-05] - [0.16669458940799026, 0.3333622678321629, 2.8397843640727406e-05, 2.7712644724938945e-05] - [0.16664892114785207, 0.8333150711196566, -1.9087806775420953e-05, -1.779698447418784e-05] - [1.6113550819877807e-05, 1.6606048047161508e-05, 1.7052405491038704e-05, 1.61135493191311e-05]
B1: 0.16662352593038296 - 0.6665602735392052 - 0.16667022984519797 - -1.325283846686144e-05
B2: 0.16661407145967422 - 0.6665889756474175 - 0.16657422574363304 - -5.129064815034732e-05
