Number: 601
Error: 2.9383178172065033e-06
A1: [-3.7913147331400277e-06, -3.096550234733227e-06, -2.1205888839226875e-06, -3.7398349263085834e-06] - [0.20832063000620285, 0.3333231140843443, -0.041673143654816794, -1.2476544921279605e-05] - [0.166662132476295, 0.6666628952258262, 0.16666400521194671, -4.47071328549209e-06] - [-1.1351859579764138e-06, -1.0132214393758646e-06, -8.911817289468998e-07, -1.1342139703291595e-06]
A2: [0.1666778792489266, -0.16665520195919137, 1.1610527668495082e-05, 1.120190479761883e-05] - [0.1666944607450176, 0.3333616737216462, 2.8515424660626183e-05, 2.7752237593267422e-05] - [0.16666801848751903, 0.8333346646982014, 1.235423731857613e-06, 1.3415786182750919e-06] - [3.2323907098317747e-06, 3.3311557614272696e-06, 3.420655233999836e-06, 3.232388912468957e-06]
B1: 0.16664753766861182 - 0.6666498054539974 - 0.16668675011765224 - -1.3063408231707736e-05
B2: 0.16664198159351779 - 0.66663329086227 - 0.1666286969492405 - -2.4420241572878834e-05
