Number: 1583
Error: 3.4904795780838996e-06
A1: [-7.192042103628122e-06, -6.661513877716136e-06, -5.388653781598835e-06, -7.058128879450783e-06] - [0.2083118815099559, 0.33331308868488385, -0.041682383251175965, -2.0861821279144097e-05] - [0.16665791274170558, 0.666658557820042, 0.16666011919838908, -8.588709907381477e-06] - [-3.003840775267504e-06, -2.6815860787512153e-06, -2.359169061333898e-06, -3.001274550945083e-06]
A2: [0.1666835314052137, -0.1666493201727086, 1.7582929214764885e-05, 1.6836505168668547e-05] - [0.16669453637081244, 0.33336193863271313, 2.8487949611734272e-05, 2.775902448011881e-05] - [0.16666020857966882, 0.833326651507957, -7.076539257227324e-06, -6.485192576879725e-06] - [8.503648625612384e-06, 8.763538939538355e-06, 8.999063369164489e-06, 8.503645394885385e-06]
B1: 0.1666378352608264 - 0.666613304547688 - 0.16668013671932372 - -1.3018178294266534e-05
B2: 0.16663028224566198 - 0.6666149424857893 - 0.1666062606352429 - -3.569418496232543e-05
