Number: 105
Error: 2.641224887572255e-06
A1: [-2.145064331938645e-06, -1.3730282949823877e-06, -5.527303448577816e-07, -2.135154272683926e-06] - [0.20832475668221812, 0.3333278632746411, -0.04166881385241473, -8.533050787791268e-06] - [0.16666418947757622, 0.6666650061550858, 0.1666658826007005, -2.4650333598625274e-06] - [-1.9129410951054256e-07, -1.7048990343352235e-07, -1.496713258734139e-07, -1.9113031663717032e-07]
A2: [0.1666750503646952, -0.16665814520360128, 8.623076626384442e-06, 8.38188847832584e-06] - [0.16669455129174154, 0.33336167435214226, 2.8669095045319996e-05, 2.7877553057903488e-05] - [0.16667200128010556, 0.8333387513778846, 5.474115775635663e-06, 5.332887149922852e-06] - [5.694864121807295e-07, 5.868545447486399e-07, 6.025905732064431e-07, 5.694861009597021e-07]
B1: 0.16665146810885523 - 0.6666673902434533 - 0.16668935582389105 - -1.4055512500954856e-05
B2: 0.16664910502870803 - 0.6666435411902201 - 0.16664076398329838 - -1.7511678254689285e-05
