Number: 1350
Error: 7.443173562670387e-06
A1: [-6.765163997945526e-07, -7.926342471040801e-07, -2.760519958593321e-07, -5.671972376690657e-07] - [0.20834041260768288, 0.3333388553394763, -0.04165987144303876, 7.5600280880904935e-06] - [0.16666641498677795, 0.6666662418140544, 0.1666668496540028, -1.1708701267968212e-07] - [-2.5602833694975717e-06, -2.2855680293381603e-06, -2.010707417735466e-06, -2.5580949245716426e-06]
A2: [0.16665335501152068, -0.16668042439916114, -1.4333935071573441e-05, -1.333572869707884e-05] - [0.16658218907343894, 0.33324612215445126, -9.0362354510588e-05, -8.457196085695257e-05] - [0.16663473294494943, 0.8333003853403353, -3.4032260469414946e-05, -3.1956831059167715e-05] - [7.2499175989734e-06, 7.471484812761306e-06, 7.672276372050667e-06, 7.249914518127349e-06]
B1: 0.16670549654837388 - 0.666602902732505 - 0.16657819493343293 - 5.148784717078425e-05
B2: 0.16669741072563538 - 0.6667048817938619 - 0.16671586484588824 - 3.133349306373339e-05
