Number: 2872
Error: 6.602739862042029e-06
A1: [-5.972119882897737e-06, -6.344848954893563e-06, -5.370225303656187e-06, -5.735022808829622e-06] - [0.20832675236211157, 0.333323207578713, -0.04167430984729947, -5.537182125232218e-06] - [0.1666598479030003, 0.6666594904304433, 0.16666079581973553, -6.526484964577056e-06] - [-5.456969744079752e-06, -4.871741053613085e-06, -4.286298042692597e-06, -5.452321438388725e-06]
A2: [0.16666210679533955, -0.16667131597604604, -5.084424692675088e-06, -4.611171970383199e-06] - [0.16658228613274156, 0.3332465153838306, -9.041999820153922e-05, -8.45816776904838e-05] - [0.16662262550130585, 0.8332879634509395, -4.6916761358583746e-05, -4.409043701336818e-05] - [1.5418370974805126e-05, 1.588961778628318e-05, 1.631671270396196e-05, 1.5418369131298238e-05]
B1: 0.16669003585049458 - 0.6665459034663616 - 0.16656750947568638 - 5.113466897435856e-05
B2: 0.1666798793408298 - 0.6666769635302173 - 0.16668152566916694 - 1.4461913583456467e-05
