Number: 2448
Error: 6.835234254585029e-06
A1: [-4.495897612986115e-06, -4.7970805446636596e-06, -3.949987312899889e-06, -4.294395898156475e-06] - [0.20833056188083968, 0.3333275710479584, -0.041670282983918804, -1.8845129175569831e-06] - [0.16666167835858073, 0.6666613722965589, 0.16666248345504306, -4.739954308177178e-06] - [-4.650054586895208e-06, -4.151328330167356e-06, -3.6523971964750025e-06, -4.6460898140770884e-06]
A2: [0.16665967280130453, -0.16667384932890092, -7.657098976046686e-06, -7.037581107697468e-06] - [0.16658227428163616, 0.333246420985511, -9.038885802948075e-05, -8.456378088753051e-05] - [0.16662600206093098, 0.8332914275998177, -4.3323747692779576e-05, -4.0706587717341075e-05] - [1.314303459112878e-05, 1.354473315829399e-05, 1.3908787777613304e-05, 1.3143031880951322e-05]
B1: 0.16669433595063674 - 0.6665617859043617 - 0.16657050141747837 - 5.1226291822768926e-05
B2: 0.16668474058348068 - 0.6666847215600763 - 0.16669107583442286 - 1.9139339547953103e-05
