Number: 2867
Error: 4.19652307358596e-06
A1: [-1.168326931383338e-05, -1.1370629873754487e-05, -9.712782049475625e-06, -1.1441540802304188e-05] - [0.2083002603223957, 0.33329978523549036, -0.041694672087124796, -3.200794113332872e-05] - [0.16665234930377393, 0.6666528373836282, 0.16665498567944817, -1.4019103938877811e-05] - [-5.446896027476991e-06, -4.862755297041099e-06, -4.278400194495598e-06, -5.442256246762464e-06]
A2: [0.16669090575458503, -0.16664164483692312, 2.537753244344626e-05, 2.4187900180017862e-05] - [0.16669458974331597, 0.3333622420946454, 2.8411745717625382e-05, 2.772237569489093e-05] - [0.16664998917452964, 0.8333161668328675, -1.7951373637281005e-05, -1.6726655279471308e-05] - [1.5394508474304578e-05, 1.5865027359880117e-05, 1.6291462519189798e-05, 1.539450661732813e-05]
B1: 0.16662487772548104 - 0.6665652884592306 - 0.16667117393937694 - -1.323101544809633e-05
B2: 0.1666156016258915 - 0.6665914245942284 - 0.16657724478152922 - -4.9818538047426305e-05
