Number: 695
Error: 2.992300867928953e-06
A1: [-4.1175385971912805e-06, -3.438446090738335e-06, -2.4340132223499286e-06, -4.058167059203313e-06] - [0.20831979001846357, 0.33332215204498955, -0.04167403029153757, -1.3281761096621145e-05] - [0.16666172796268677, 0.6666624794864149, 0.16666363272377316, -4.865486963082026e-06] - [-1.3140663093915934e-06, -1.1729294948041475e-06, -1.031707311329078e-06, -1.3129413920991854e-06]
A2: [0.16667841855079832, -0.1666546407239953, 1.218039356066731e-05, 1.173952616172525e-05] - [0.166694460681262, 0.3333616915748648, 2.850510878173797e-05, 2.7745584763771787e-05] - [0.16666726902274875, 0.8333338957222998, 4.3780244597532174e-07, 5.904998825642255e-07] - [3.7370196171902765e-06, 3.851209607226012e-06, 3.954687816861882e-06, 3.7370175919168525e-06]
B1: 0.16664667417545712 - 0.6666463708477577 - 0.16668617076078784 - -1.2993845142670923e-05
B2: 0.16664081115050328 - 0.6666314822662565 - 0.1666264954668537 - -2.5549965100279e-05
