Number: 907
Error: 3.11273094235297e-06
A1: [-4.845323795762775e-06, -4.2012430404657436e-06, -3.132266229451582e-06, -4.768161694072618e-06] - [0.20831792730256526, 0.3333200154366975, -0.04167599547522632, -1.5066086729769469e-05] - [0.16666082354528036, 0.6666615501043025, 0.1666628012362829, -5.7479457870539135e-06] - [-1.7174936025084486e-06, -1.5331171760470317e-06, -1.348633892339383e-06, -1.7160240380931759e-06]
A2: [0.1666796386487612, -0.16665337115760354, 1.3469416773986094e-05, 1.29558339906647e-05] - [0.16669447443080837, 0.33336174583420797, 2.8495900349012458e-05, 2.7744473333915043e-05] - [0.16666558185061223, 0.8333321645940726, -1.3578921171357839e-06, -1.1003125002477888e-06] - [4.875074852555618e-06, 5.024051612044434e-06, 5.159055539045471e-06, 4.875072381973986e-06]
B1: 0.16664461926000385 - 0.6666385268121523 - 0.1666847756185046 - -1.2944401587311707e-05
B2: 0.1666382105950169 - 0.666627466661344 - 0.16662161903831063 - -2.8058682275282896e-05
