Number: 1164
Error: 7.547282018662257e-06
A1: [-2.8163918515950407e-08, -1.1288763591305106e-07, 3.477445282475884e-07, 6.553730324176263e-08] - [0.20834208661573642, 0.33334077236428816, -0.041658102104661664, 9.165221083953277e-06] - [0.1666672186900038, 0.6666670680734086, 0.16666759068372533, 6.673418052706671e-07] - [-2.2062547496937924e-06, -1.9694869672669494e-06, -1.732589075186185e-06, -2.204368110984446e-06]
A2: [0.16665228377245334, -0.16668153921579829, -1.5465982254378676e-05, -1.4403640373985956e-05] - [0.16658217084580443, 0.3332460677900221, -9.036155376645213e-05, -8.457714108406789e-05] - [0.16663621098826562, 0.8333019018304273, -3.2459218585892187e-05, -3.0475591433136683e-05] - [6.251509506178787e-06, 6.4425587668068e-06, 6.615692004696866e-06, 6.251506630017731e-06]
B1: 0.16670736345395734 - 0.6666098415942243 - 0.16657946873659277 - 5.1508383526302685e-05
B2: 0.16669957885744266 - 0.666708322713777 - 0.16672009399340618 - 3.342099696684503e-05
