Number: 583
Error: 2.927974474871242e-06
A1: [-3.7461516581916416e-06, -3.0493627541021524e-06, -2.0798296660180746e-06, -3.6961664556383006e-06] - [0.20832072115161268, 0.33332322466919656, -0.04167305143940865, -1.2391991144156694e-05] - [0.1666621924433162, 0.6666629563558346, 0.16666405707347579, -4.412594623064187e-06] - [-1.1009322784757614e-06, -9.82638593286917e-07, -8.642717117852822e-07, -1.0999895835717217e-06]
A2: [0.16667777313927176, -0.1666553121198623, 1.1498871307930734e-05, 1.1096117067301477e-05] - [0.16669445350867237, 0.3333616634503038, 2.851096536912334e-05, 2.7746263463824503e-05] - [0.16666816122849923, 0.8333348112246864, 1.3874878056293848e-06, 1.4846287685950054e-06] - [3.1357673830726314e-06, 3.231578947890032e-06, 3.3184018577288855e-06, 3.135765631427461e-06]
B1: 0.1666477565166458 - 0.6666505144486827 - 0.16668691017159148 - -1.302318030610723e-05
B2: 0.166642267414522 - 0.6666336449166032 - 0.1666290692879899 - -2.4142221759834617e-05
