Number: 258
Error: 8.069710651963586e-06
A1: [3.0750437616403637e-06, 3.1388788451433272e-06, 3.3225938460597337e-06, 3.0927199822443045e-06] - [0.20835001592944222, 0.33334986816855455, -0.041649742972537686, 1.6759548048747226e-05] - [0.1666710763525582, 0.6666710313720866, 0.1666711345455062, 4.431166015722442e-06] - [-4.816696795337901e-07, -4.297448090283376e-07, -3.777856168275599e-07, -4.81257038710099e-07]
A2: [0.16664708173932266, -0.1666869522736327, -2.0961768194819342e-05, -1.9589465803390635e-05] - [0.16658216531982334, 0.33324589059730264, -9.026592049353982e-05, -8.451911798479078e-05] - [0.1666434359569039, 0.8333093150019237, -2.4769737544070603e-05, -2.3235056514229816e-05] - [1.3878654187785328e-06, 1.4302487171448218e-06, 1.4686536537466118e-06, 1.3878646066193696e-06]
B1: 0.1667157290024347 - 0.6666429923604628 - 0.16658510272676297 - 5.0880852976842195e-05
B2: 0.16671108024466896 - 0.6667258456678772 - 0.16674126554692334 - 4.4529661121530574e-05
