Number: 1829
Error: 3.6266665431915885e-06
A1: [-8.053861722510235e-06, -7.565150259473539e-06, -6.218596013143959e-06, -7.899289895379878e-06] - [0.20830964965727994, 0.3333105342563508, -0.04168474354777385, -2.300264838241122e-05] - [0.1666568454932745, 0.6666574604243132, 0.16665913419495268, -9.630464992416754e-06] - [-3.4719275586358803e-06, -3.099498124022928e-06, -2.7268910189653337e-06, -3.4689631107404304e-06]
A2: [0.16668494612781878, -0.16664784777283326, 1.9078185840816476e-05, 1.8246829958938497e-05] - [0.16669455392501598, 0.3333620041173478, 2.848069912603865e-05, 2.775933281729139e-05] - [0.16665825252461353, 0.8333246446292013, -9.158168995446322e-06, -8.445472862336121e-06] - [9.823991156259403e-06, 1.0124239781895326e-05, 1.0396342485852893e-05, 9.823987902329762e-06]
B1: 0.16663535627923076 - 0.6666041140891863 - 0.16667843441041547 - -1.3055312700560123e-05
B2: 0.16662746267361858 - 0.6666104256870989 - 0.1666006861706827 - -3.8407186936618976e-05
