Number: 1132
Error: 7.565239181105822e-06
A1: [8.108423620978459e-08, 1.629729468585262e-09, 4.525040077606247e-07, 1.7210067162270645e-07] - [0.20834236535827652, 0.33334109238537796, -0.041657808023046944, 9.432133268591618e-06] - [0.16666735463663718, 0.6666672077676729, 0.16666771558150603, 7.99974573875284e-07] - [-2.1453454403477097e-06, -1.915106256560042e-06, -1.684739721323093e-06, -2.143510752278298e-06]
A2: [0.16665209909775985, -0.16668173136657252, -1.5661075312492948e-05, -1.4587742612005053e-05] - [0.1665821667775689, 0.3332460575631386, -9.036222914426892e-05, -8.457896463481967e-05] - [0.16663646518262648, 0.8333021626473044, -3.218866420240308e-05, -3.022084718961711e-05] - [6.0797370015564594e-06, 6.265535749901856e-06, 6.433910517545292e-06, 6.079734168373212e-06]
B1: 0.16670769018388276 - 0.6666110406714486 - 0.16657969291584918 - 5.151746363870424e-05
B2: 0.16669996159777134 - 0.6667089172506928 - 0.16672081656170878 - 3.378986576418876e-05
