Number: 963
Error: 3.144360336293438e-06
A1: [-5.054618936928689e-06, -4.420762600566501e-06, -3.335712484727604e-06, -4.97274115151291e-06] - [0.20831736654965602, 0.33331937840823256, -0.04167659114772854, -1.560606706361488e-05] - [0.1666605673899458, 0.6666612863703193, 0.16666256237665655, -5.998284345853292e-06] - [-1.824057775278943e-06, -1.6282590739237542e-06, -1.4323481712892444e-06, -1.8224972311765248e-06]
A2: [0.16667995839631755, -0.1666530381877556, 1.3807688593490908e-05, 1.3274580504792235e-05] - [0.16669447201967325, 0.33336175454792083, 2.8488291733350086e-05, 2.7738137072569615e-05] - [0.16666513570955654, 0.8333317068990699, -1.8325833330135005e-06, -1.5474150565797062e-06] - [5.175693409162472e-06, 5.333859107622988e-06, 5.477190673374329e-06, 5.175690837195265e-06]
B1: 0.1666441192896928 - 0.6666364963857163 - 0.1666844473897535 - -1.2888450985182578e-05
B2: 0.16663759273317794 - 0.6666264217669968 - 0.16662029053393265 - -2.8652288769563745e-05
