Number: 1261
Error: 3.311360272411242e-06
A1: [-6.0736561315585015e-06, -5.488962761342998e-06, -4.313139194258093e-06, -5.96677533372564e-06] - [0.20831476375098879, 0.3333163908568917, -0.04167933750029482, -1.80986919797853e-05] - [0.1666592998843344, 0.6666599838473606, 0.16666139752464187, -7.2349288633604804e-06] - [-2.391123789529383e-06, -2.134544824059607e-06, -1.8778275100117457e-06, -2.3890795055512438e-06]
A2: [0.16668167707436155, -0.1666512499036781, 1.5623383459341716e-05, 1.4987930896148093e-05] - [0.16669450598092195, 0.33336184578756145, 2.8490609558964305e-05, 2.775120788986907e-05] - [0.16666276772334981, 0.8333292772205757, -4.352937991064088e-06, -3.92051877496773e-06] - [6.775305662699281e-06, 6.982366323789673e-06, 7.170010603170636e-06, 6.77530266734618e-06]
B1: 0.16664109541945646 - 0.6666253462844998 - 0.16668237308786418 - -1.295429067580886e-05
B2: 0.16663402755701706 - 0.6666208789778292 - 0.16661354941945175 - -3.2088367399113975e-05
