Number: 2865
Error: 4.195382011885921e-06
A1: [-1.1656976487473407e-05, -1.1342913884986955e-05, -9.68458238977306e-06, -1.1415434399198231e-05] - [0.2083003561443846, 0.3332998880433815, -0.041694566495934705, -3.1912933557494725e-05] - [0.16665237746640243, 0.6666528668863085, 0.16665501536305244, -1.3991167194676376e-05] - [-5.443093727395496e-06, -4.859361585610822e-06, -4.275415098945299e-06, -5.4384571639814395e-06]
A2: [0.16669089757343822, -0.16664165364982153, 2.5368361518372016e-05, 2.417975464278591e-05] - [0.16669459832099104, 0.33336224985398105, 2.8419641500285116e-05, 2.7731093044851266e-05] - [0.16665000610399744, 0.8333161841236653, -1.793353067375597e-05, -1.6709691580481114e-05] - [1.5383766043547983e-05, 1.5853956603413753e-05, 1.628009415633027e-05, 1.5383764181536994e-05]
B1: 0.16662483450018184 - 0.6665653027459786 - 0.16667113029596478 - -1.3294145103793142e-05
B2: 0.1666155585944386 - 0.6665914554821145 - 0.16657734771269322 - -4.986242976566222e-05
