Number: 608
Error: 7.862894155330583e-06
A1: [1.8929801990270426e-06, 1.900828986880597e-06, 2.1929297226367687e-06, 1.940010258366095e-06] - [0.20834702145070974, 0.33334642858379665, -0.04165289243475566, 1.389441373332043e-05] - [0.16666960361415092, 0.6666695191778662, 0.16666978574837127, 2.9946632435344313e-06] - [-1.147927705289053e-06, -1.024595116969973e-06, -9.011867249975654e-07, -1.1469448388100356e-06]
A2: [0.1666490835909723, -0.16668486932519733, -1.8847266192639526e-05, -1.7593875420691588e-05] - [0.1665821303956789, 0.3332459204839722, -9.03428376688803e-05, -8.45785911381791e-05] - [0.1666406341173365, 0.8333064401296938, -2.7751648610186562e-05, -2.6042908992997845e-05] - [3.2668285670105318e-06, 3.3666458749834873e-06, 3.4570989353242916e-06, 3.2668267557157356e-06]
B1: 0.16671277429344308 - 0.6666304295068501 - 0.16658313713488201 - 5.140004096309788e-05
B2: 0.16670631276886347 - 0.6667188066721305 - 0.1667328757967115 - 3.991389717831319e-05
