Number: 1737
Error: 3.5757893213706737e-06
A1: [-7.730981183629657e-06, -7.226597906034335e-06, -5.907570700183637e-06, -7.584135827087048e-06] - [0.20831048665135768, 0.3333114920222752, -0.04168385824945069, -2.2199698455807753e-05] - [0.16665724520803257, 0.6666578714472143, 0.16665950321924838, -9.240284758811582e-06] - [-3.2968721392751904e-06, -2.94320724564345e-06, -2.5893701219402943e-06, -3.2940565672593433e-06]
A2: [0.16668441724508795, -0.16664839823110167, 1.851917377972434e-05, 1.7719591933615318e-05] - [0.1666945479960536, 0.3333619802482959, 2.84840155776448e-05, 2.775985357667507e-05] - [0.1666589841791288, 0.8333253952888213, -8.379555936147742e-06, -7.712238142495246e-06] - [9.330211491529138e-06, 9.615366991483996e-06, 9.873790114567006e-06, 9.330208230413378e-06]
B1: 0.16663628184655274 - 0.6666075499852948 - 0.16667907024029077 - -1.3042952785508545e-05
B2: 0.16662851423357267 - 0.6666121137802835 - 0.16660277171301358 - -3.739548251796767e-05
