Number: 2238
Error: 6.950806103846538e-06
A1: [-3.7720611577473747e-06, -4.038217719694832e-06, -3.2547006178149223e-06, -3.5881828040998234e-06] - [0.20833241918962153, 0.33332970106221577, -0.041668321349819445, -1.0486231931820301e-07] - [0.16666257756280528, 0.6666622965473266, 0.1666633110834032, -3.862499505611832e-06] - [-4.250388219195641e-06, -3.794505225537793e-06, -3.338424823785873e-06, -4.246762485633365e-06]
A2: [0.1666584648436651, -0.1666751064378833, -8.933617308478373e-06, -8.241782060097493e-06] - [0.16658226063588383, 0.33324636661677276, -9.038087188021723e-05, -8.456269360741713e-05] - [0.16662767292451452, 0.8332931418647462, -4.154563691123286e-05, -3.903211406962972e-05] - [1.2016031066134167e-05, 1.2383281355979554e-05, 1.2716112181125763e-05, 1.2016028075913305e-05]
B1: 0.16669649289539665 - 0.666569675109151 - 0.16657200157387328 - 5.1298812787253906e-05
B2: 0.16668717712504327 - 0.6666885699965062 - 0.16669578779982547 - 2.1484841107420746e-05
