Number: 2016
Error: 7.073350029295541e-06
A1: [-2.986296575577667e-06, -3.214268777953109e-06, -2.4968071534430554e-06, -2.821068752252571e-06] - [0.20833446544821274, 0.33333204025967533, -0.04166615551215097, 1.8592201344643955e-06] - [0.1666635489356868, 0.6666632955643021, 0.16666420911742652, -2.914139638450052e-06] - [-3.827879638510524e-06, -3.417288521598124e-06, -3.0065099096247005e-06, -3.824612670655395e-06]
A2: [0.16665719050700914, -0.16667643291013648, -1.0280790263804387e-05, -9.51214735823253e-06] - [0.16658225209398592, 0.3332463145649123, -9.0367484181434e-05, -8.455566104135338e-05] - [0.1666294395294298, 0.8332949542957564, -3.966576990769312e-05, -3.726169308140711e-05] - [1.0824577775268266e-05, 1.1155409743466196e-05, 1.1455231857894684e-05, 1.0824574596467093e-05]
B1: 0.16669870781406182 - 0.6665779505609835 - 0.16657352336545034 - 5.13101016014727e-05
B2: 0.16668968553050148 - 0.6666926350774709 - 0.16670083337423477 - 2.3897008366328848e-05
