Number: 1316
Error: 7.46215239280153e-06
A1: [-5.649723255198512e-07, -6.757413498714412e-07, -1.6977614552164505e-07, -4.585013583393214e-07] - [0.20834069053312845, 0.333339176117238, -0.04165957923090643, 7.825401355944922e-06] - [0.16666655485588552, 0.6666663854122423, 0.16666697727892066, 1.926560111345161e-08] - [-2.495567603303612e-06, -2.2277888275394942e-06, -1.9598674413133086e-06, -2.493434308963595e-06]
A2: [0.16665315800091948, -0.16668062931766403, -1.4541942304209147e-05, -1.3532131064511754e-05] - [0.16658218261114074, 0.33324610923752124, -9.036502804403333e-05, -8.457603811750187e-05] - [0.16663500275403387, 0.833300662194989, -3.3745049552349254e-05, -3.168643768747701e-05] - [7.067415535411523e-06, 7.2834042759484016e-06, 7.4791400436868215e-06, 7.067412486214325e-06]
B1: 0.16670586193885278 - 0.6666041941917318 - 0.16657844979434086 - 5.151574917818722e-05
B2: 0.1666978296440165 - 0.6667055116444451 - 0.16671661586672987 - 3.1737672339662376e-05
