Number: 345
Error: 2.7884522918202675e-06
A1: [-2.9371138311703926e-06, -2.2018681136480335e-06, -1.305648060805858e-06, -2.90709374257862e-06] - [0.2083227790178112, 0.3333255867079391, -0.04167088517047472, -1.0422097616322241e-05] - [0.16666319917266187, 0.6666639903106901, 0.16666498031803242, -3.4305098435815837e-06] - [-6.480175575502756e-07, -5.782655810929219e-07, -5.084682387259201e-07, -6.47462429695127e-07]
A2: [0.16667641128335345, -0.16665672919939825, 1.0060240960038281e-05, 9.7385161788336e-06] - [0.1666944733500081, 0.33336163897170074, 2.8558804002796787e-05, 2.778278786974694e-05] - [0.16667006500003745, 0.8333367646080132, 3.4135937275946896e-06, 3.392486599637229e-06] - [1.8580379624884071e-06, 1.914793240558437e-06, 1.9662222738800835e-06, 1.8580368763393087e-06]
B1: 0.16664980163372403 - 0.6666590887019695 - 0.16668827425980381 - -1.3340306773730487e-05
B2: 0.16664544560420239 - 0.6666383846456854 - 0.16663474594964564 - -2.1067132598056335e-05
