Number: 85
Error: 2.628541299620393e-06
A1: [-2.0967088314359705e-06, -1.3226448541155464e-06, -5.09711463886404e-07, -2.088457679634723e-06] - [0.2083248502953883, 0.33332797762969973, -0.04166872076688974, -8.446754132917263e-06] - [0.16666425410813393, 0.6666650718715874, 0.16666593781147035, -2.4024547195786726e-06] - [-1.5323476093007925e-07, -1.3650902639213627e-07, -1.197716496931712e-07, -1.5310360410614094e-07]
A2: [0.1666749351500003, -0.16665826483104226, 8.501868944596973e-06, 8.26703148946083e-06] - [0.16669455492779678, 0.3333616749478954, 2.8676450678885048e-05, 2.7882591541467396e-05] - [0.16667216301929394, 0.8333389174003034, 5.646359952101328e-06, 5.494969818910619e-06] - [4.621108769584481e-07, 4.761968541707769e-07, 4.889585888801821e-07, 4.6211063429003337e-07]
B1: 0.16665163108552133 - 0.6666681075028668 - 0.16668947277364432 - -1.4090934020548522e-05
B2: 0.16664949668662626 - 0.6666440023561264 - 0.1666412385396173 - -1.7128688045088002e-05
