Number: 2525
Error: 4.009576098300947e-06
A1: [-1.0494170400490344e-05, -1.01238982355331e-05, -8.568988576029824e-06, -1.0281150776932903e-05] - [0.20830332692007375, 0.3333032983099836, -0.04169143084074418, -2.9067849081659245e-05] - [0.16665382392056724, 0.6666543534167098, 0.1666563450003085, -1.2579914204871623e-05] - [-4.7962062916811695e-06, -4.281819655110289e-06, -3.7672257422290975e-06, -4.792117613912615e-06]
A2: [0.16668894315583654, -0.1666436875404426, 2.3303121600402586e-05, 2.2231415463197063e-05] - [0.16669458298719161, 0.33336216888230674, 2.8439806916742087e-05, 2.7739598878636067e-05] - [0.16665271340796875, 0.8333189617394481, -1.5052528234116453e-05, -1.3996545709456664e-05] - [1.3559260363029244e-05, 1.3973682662134083e-05, 1.4349270250738782e-05, 1.3559257779014875e-05]
B1: 0.16662834703096005 - 0.6665781022421204 - 0.16667359291508677 - -1.3156173347524033e-05
B2: 0.16661952520155177 - 0.6665976797987199 - 0.16658494094707552 - -4.6043134152316866e-05
