Number: 1755
Error: 3.5857648830978385e-06
A1: [-7.79988619658692e-06, -7.2988909314483565e-06, -5.974799613520529e-06, -7.651523639245383e-06] - [0.20831029980479118, 0.33331128025037515, -0.04168405713830348, -2.237986208109095e-05] - [0.1666571612107546, 0.6666577849121891, 0.16665942457627503, -9.322411027339937e-06] - [-3.331121824529423e-06, -2.9737854316038697e-06, -2.616275716242363e-06, -3.328277120153083e-06]
A2: [0.16668451975327125, -0.1666482914533056, 1.862767618431374e-05, 1.7821778368792378e-05] - [0.16669454663070302, 0.3333619825198634, 2.8481102831421764e-05, 2.7757226493472413e-05] - [0.1666588407402173, 0.8333252481467985, -8.532150723923823e-06, -7.855986181052495e-06] - [9.426824274196017e-06, 9.714932885865757e-06, 9.976032536672032e-06, 9.426821012980868e-06]
B1: 0.1666361197005486 - 0.6666068958570959 - 0.16667896312627228 - -1.302641134779119e-05
B2: 0.16662832788748394 - 0.6666117850267443 - 0.1666023463438222 - -3.757403237754939e-05
