Number: 1048
Error: 7.6124662936732844e-06
A1: [3.7089564826603654e-07, 3.0543818741840823e-07, 7.308630665898082e-07, 4.5486157528691265e-07] - [0.2083431092658996, 0.3333419453159675, -0.041657022517695985, 1.0144974437453046e-05] - [0.16666771455736154, 0.6666675776935819, 0.16666804683371364, 1.1511933897644698e-06] - [-1.9854580608979983e-06, -1.772356497057832e-06, -1.559135032887006e-06, -1.9837597801308354e-06]
A2: [0.16665161489594102, -0.16668223521570136, -1.6172671976380193e-05, -1.5070441735021527e-05] - [0.16658215769144266, 0.33324603225556204, -9.036252347142036e-05, -8.458215850913337e-05] - [0.16663713266727043, 0.8333028475110656, -3.147824528682746e-05, -2.9551919132017514e-05] - [5.628829438044048e-06, 5.800845441861275e-06, 5.956729161948536e-06, 5.628826728429981e-06]
B1: 0.1667085343108424 - 0.6666141753763117 - 0.16658026915588564 - 5.152775075763505e-05
B2: 0.16670095917639424 - 0.6667104802286646 - 0.1667227255603192 - 3.4751032022824286e-05
