Number: 1148
Error: 7.556288043247028e-06
A1: [3.8442136979726467e-08, -4.2973738791207203e-08, 4.1345248136822157e-07, 1.30789492862045e-07] - [0.20834227424866697, 0.33334098334726453, -0.04165790138161809, 9.346892654537546e-06] - [0.16666729877411054, 0.6666671507115195, 0.16666766660355048, 7.457573964570816e-07] - [-2.1758023788385215e-06, -1.942299022138664e-06, -1.7086669292202663e-06, -2.173941712293901e-06]
A2: [0.16665219348061922, -0.1666816333470177, -1.5561691205470578e-05, -1.4493645982882229e-05] - [0.16658217414537163, 0.3332460677428512, -9.035710670431943e-05, -8.457271917989881e-05] - [0.16663633870675126, 0.8333020328278166, -3.232338660554717e-05, -3.0347598006213703e-05] - [6.165623219221662e-06, 6.354047235899586e-06, 6.5248012490250395e-06, 6.165620364273798e-06]
B1: 0.1667074875045464 - 0.666610403582817 - 0.1665795450405461 - 5.1473576882096305e-05
B2: 0.16669972928669574 - 0.6667086164023498 - 0.16672049110544435 - 3.3564491369731585e-05
