Number: 464
Error: 7.946692920406319e-06
A1: [2.3744597819796567e-06, 2.4051951364457185e-06, 2.6525560159554252e-06, 2.409417486520756e-06] - [0.2083482342459564, 0.33334782387726486, -0.04165161713485333, 1.5054011202815207e-05] - [0.16667020479511696, 0.6666701364245667, 0.16667033560301614, 3.580940536769379e-06] - [-8.73813942657286e-07, -7.798603699073451e-07, -6.858473371665385e-07, -8.73065554627752e-07]
A2: [0.16664825607461595, -0.16668573024275826, -1.9721191549405806e-05, -1.8418815712842157e-05] - [0.16658212982721374, 0.333245893053346, -9.032648424333783e-05, -8.456905930916043e-05] - [0.16664178330339394, 0.8333076193005884, -2.6528492038840523e-05, -2.4891248969050514e-05] - [2.493777229668245e-06, 2.569964793687287e-06, 2.6390037994067494e-06, 2.493775800767136e-06]
B1: 0.16671409587093347 - 0.6666356932490448 - 0.16658403002327424 - 5.1292306175581006e-05
B2: 0.16670821953279769 - 0.666721633525864 - 0.16673624340537946 - 4.175824178163302e-05
