Number: 2076
Error: 7.04019337807486e-06
A1: [-3.1999643284825556e-06, -3.4383295794086464e-06, -2.703087797327717e-06, -3.029694534581798e-06] - [0.20833390717590797, 0.3333314025215818, -0.04166674668861515, 1.323162710051308e-06] - [0.1666632850897899, 0.6666630241735118, 0.16666396494635763, -3.1717644566519686e-06] - [-3.942071815509256e-06, -3.519239621394311e-06, -3.0962170484238287e-06, -3.938707847935123e-06]
A2: [0.16665753478457518, -0.16667607453079358, -9.91680472467459e-06, -9.16894313282962e-06] - [0.16658225414132977, 0.33324632840047647, -9.037130522773845e-05, -8.45578229667664e-05] - [0.16662896207888941, 0.833294464463193, -4.017382482548844e-05, -3.774017496455554e-05] - [1.1146597175055675e-05, 1.1487272092833079e-05, 1.1796015552029349e-05, 1.1146594036317843e-05]
B1: 0.16669811332113374 - 0.6665757181177614 - 0.16657311629160412 - 5.131119184430311e-05
B2: 0.16668901165371855 - 0.6666915364307343 - 0.1666994654607032 - 2.3249141619906917e-05
