Number: 2501
Error: 3.996386152665572e-06
A1: [-1.0394326596096209e-05, -1.0019088827225018e-05, -8.470482335096627e-06, -1.0183337387999112e-05] - [0.20830360816170812, 0.333303614593198, -0.04169112992558289, -2.879554840089148e-05] - [0.16665394397093897, 0.6666544773044405, 0.16665645882074348, -1.2462365891396671e-05] - [-4.750545011001007e-06, -4.241053955862516e-06, -3.731356306444718e-06, -4.746495037608846e-06]
A2: [0.16668880813765796, -0.16664382831872118, 2.3159971889876605e-05, 2.2096826218087158e-05] - [0.16669458948995733, 0.33336217035670046, 2.8448001925049756e-05, 2.7747783891351763e-05] - [0.16665290534756427, 0.8333191585944393, -1.4848426518785057e-05, -1.3804193892833127e-05] - [1.3430457832336702e-05, 1.3840943140061064e-05, 1.4212962193732073e-05, 1.3430455207116054e-05]
B1: 0.16662853693914742 - 0.6665789500986763 - 0.16667371347760793 - -1.3204522610441757e-05
B2: 0.166619744806965 - 0.6665981141419323 - 0.16658553034951076 - -4.583392157339455e-05
