Number: 1367
Error: 3.370501763383232e-06
A1: [-6.460918121900969e-06, -5.895123060735786e-06, -4.688422286657227e-06, -6.345120052400921e-06] - [0.20831373804601847, 0.3333152226140027, -0.04168042562764204, -1.9085112369002244e-05] - [0.16665882395704268, 0.6666594940400388, 0.1666609552616383, -7.699855091444788e-06] - [-2.5928269231269206e-06, -2.314627427454043e-06, -2.036281203576041e-06, -2.590610734948346e-06]
A2: [0.16668228432189325, -0.16665061767658093, 1.626559271163534e-05, 1.559328354218082e-05] - [0.16669450769204047, 0.3333618684700732, 2.8482289881492104e-05, 2.7745488692604246e-05] - [0.16666192433215038, 0.833328411963434, -5.250367317150226e-06, -4.765730251035117e-06] - [7.344285328708448e-06, 7.568737794886611e-06, 7.77214430314244e-06, 7.344282230305927e-06]
B1: 0.16664008826039617 - 0.6666214455691334 - 0.16668169756585632 - -1.2909201525296296e-05
B2: 0.16663285604890818 - 0.6666189266534225 - 0.1666110891655323 - -3.3213960491477296e-05
