Number: 2882
Error: 6.597269079460392e-06
A1: [-6.007726301134896e-06, -6.382187131261057e-06, -5.404600129907054e-06, -5.769788976396093e-06] - [0.20832665933226427, 0.3333231013051266, -0.04167440836115328, -5.626509693593094e-06] - [0.16665980393359692, 0.6666594452036383, 0.16666075512874232, -6.56941767875052e-06] - [-5.47600009543186e-06, -4.888731245862059e-06, -4.301247943848766e-06, -5.4713356850078945e-06]
A2: [0.16666216402796408, -0.16667125639343836, -5.023907626340278e-06, -4.5541182341986e-06] - [0.16658228591671614, 0.33324651713229364, -9.042119174918945e-05, -8.45825953364597e-05] - [0.16662254578921895, 0.833287881675219, -4.70015740640604e-05, -4.417032103898039e-05] - [1.5472032367764475e-05, 1.594491939534391e-05, 1.637350107918547e-05, 1.547203054956545e-05]
B1: 0.16668993711123073 - 0.6665455313408452 - 0.1665674411427068 - 5.113518657079274e-05
B2: 0.16667976752615335 - 0.6666767809308481 - 0.16668129820286418 - 1.4354434156824334e-05
