Number: 2267
Error: 3.868031649237107e-06
A1: [-9.594568733149505e-06, -9.180673280176269e-06, -7.703276753678585e-06, -9.403209822701236e-06] - [0.208305650602832, 0.3333059593858777, -0.041688974261194174, -2.683961195416131e-05] - [0.1666549389398977, 0.6666554998241461, 0.16665737332218578, -1.1491624443474697e-05] - [-4.305320442856947e-06, -3.8435555895526234e-06, -3.381592057694376e-06, -4.301648084458566e-06]
A2: [0.16668746164032702, -0.16664522951047453, 2.1737210009236833e-05, 2.0754512289968863e-05] - [0.16669457374217173, 0.33336210944390937, 2.8456713960417073e-05, 2.7748442731978187e-05] - [0.16665476736405974, 0.8333210690034747, -1.2866861192408268e-05, -1.193815721526992e-05] - [1.2174694906963998e-05, 1.2546796144309312e-05, 1.2884023861861164e-05, 1.2174691947921608e-05]
B1: 0.1666309596908551 - 0.6665877608773687 - 0.1666754061071242 - -1.3104320798878091e-05
B2: 0.16662248072046726 - 0.6666024022117283 - 0.16659075878944427 - -4.3199390600689465e-05
