Number: 2253
Error: 3.8602972624258786e-06
A1: [-9.5303323256855e-06, -9.113203655341284e-06, -7.639147689175169e-06, -9.340163600113785e-06] - [0.20830583879927358, 0.3333061693786104, -0.04168877187885488, -2.6656654269667026e-05] - [0.16665501502573446, 0.6666555784885793, 0.16665744645363562, -1.1417004005422512e-05] - [-4.278684488878257e-06, -3.819775584968419e-06, -3.3606685488819295e-06, -4.275034733823864e-06]
A2: [0.16668738383944934, -0.1666453107220817, 2.165456168845196e-05, 2.067696158002945e-05] - [0.16669457997305354, 0.3333621126085962, 2.8463658350938816e-05, 2.7755654721089024e-05] - [0.1666548795811564, 0.8333211840718634, -1.2747582707134242e-05, -1.1825699718236409e-05] - [1.2099553318047622e-05, 1.246935776993916e-05, 1.2804503708371017e-05, 1.209955034291835e-05]
B1: 0.16663105086178567 - 0.6665882365758693 - 0.16667545825490487 - -1.3152152981657262e-05
B2: 0.16662258866248897 - 0.6666026540996675 - 0.16659112084170152 - -4.309750927713469e-05
