Number: 793
Error: 3.0481497433389845e-06
A1: [-4.448206233496703e-06, -3.784958582944575e-06, -2.7503493687511006e-06, -4.380616241917257e-06] - [0.20831895219810376, 0.33332118897857166, -0.04167491274970315, -1.4083366644680468e-05] - [0.1666613157258897, 0.6666620560506304, 0.16666325488293868, -5.267578598333991e-06] - [-1.5005571979437073e-06, -1.3394324372902548e-06, -1.1782121255381025e-06, -1.4992729186144392e-06]
A2: [0.1666789832041744, -0.16665405326166383, 1.2776789633305663e-05, 1.230242745206558e-05] - [0.16669446817484027, 0.33336171762674593, 2.8501650043676958e-05, 2.7746208532871867e-05] - [0.16666648902730752, 0.8333330953821234, -3.9240978780648704e-07, -1.9117832151381738e-07] - [4.263105398522353e-06, 4.393376189255091e-06, 4.511427640059052e-06, 4.263103155388027e-06]
B1: 0.1666457169755958 - 0.6666427372355193 - 0.16668551795608005 - -1.2978296541836493e-05
B2: 0.1666395797891323 - 0.6666296148239722 - 0.16662424917401186 - -2.6738871763259698e-05
