Number: 384
Error: 7.993975289774228e-06
A1: [2.661054801240957e-06, 2.705512595035586e-06, 2.929024807037334e-06, 2.6892873347561106e-06] - [0.2083489847982343, 0.3333486798935343, -0.041650823708229055, 1.577493576195057e-05] - [0.1666705580118604, 0.6666704995943858, 0.16667066235913108, 3.925858963174594e-06] - [-7.215285219308965e-07, -6.438968372114118e-07, -5.662152020200165e-07, -7.209104739955214e-07]
A2: [0.1666478011990137, -0.16668620379578317, -2.0202104722545445e-05, -1.8872260169983845e-05] - [0.1665821446618721, 0.3332458926991934, -9.030281919410661e-05, -8.454861346089046e-05] - [0.1666424244585829, 0.8333082771024961, -2.5846272781931743e-05, -2.4248719405299437e-05] - [2.0642988134911763e-06, 2.1273585812027676e-06, 2.184500865364991e-06, 2.0642976147269918e-06]
B1: 0.1667147199997759 - 0.6666385155889281 - 0.16658443219085722 - 5.112235420608046e-05
B2: 0.1667092512393384 - 0.6667232356190166 - 0.16673820823329769 - 4.275527210527975e-05
