Number: 230
Error: 8.086791103588108e-06
A1: [3.1565841625912175e-06, 3.22411012521817e-06, 3.3983661926698444e-06, 3.1719245569921557e-06] - [0.20835020287811143, 0.3333500875692725, -0.041649549937693396, 1.693619961546132e-05] - [0.166671180933483, 0.6666711383215019, 0.16667122763486947, 4.532860704201275e-06] - [-4.2836570039192377e-07, -3.8215340981345545e-07, -3.359103836404029e-07, -4.279987270569771e-07]
A2: [0.166646920773554, -0.16668711958245566, -2.1131454497076938e-05, -1.97499306694815e-05] - [0.16658216815902446, 0.33324588867958205, -9.025886580591866e-05, -8.45143149046783e-05] - [0.16664366094506472, 0.8333095459019999, -2.4530207144416143e-05, -2.300958734918698e-05] - [1.2375464189849952e-06, 1.2753349233313686e-06, 1.3095760089006081e-06, 1.2375456964792552e-06]
B1: 0.16671596762605978 - 0.666644002366741 - 0.16658526766249288 - 5.0841630424032256e-05
B2: 0.16671153807310315 - 0.6667264443110656 - 0.1667419289769677 - 4.497535227459251e-05
