Number: 838
Error: 7.731205082694126e-06
A1: [1.0957843929066038e-06, 1.0652913393361304e-06, 1.427062886860348e-06, 1.1621234800375624e-06] - [0.20834497034248645, 0.333344078847065, -0.041655057656682856, 1.1928383143454018e-05] - [0.16666861465976976, 0.666668502786498, 0.1666688752165931, 2.029540213039437e-06] - [-1.5857330289289536e-06, -1.4154756323989758e-06, -1.24511830802341e-06, -1.5843760051624894e-06]
A2: [0.16665040520010768, -0.16668349400367946, -1.7450804619112766e-05, -1.6276380823225078e-05] - [0.1665821384177566, 0.3332459725393191, -9.035960596391614e-05, -8.458670184532354e-05] - [0.16663880227463237, 0.8333045605951097, -2.9701247910422004e-05, -2.7878703414680642e-05] - [4.501531748832916e-06, 4.639089959984265e-06, 4.7637456730172225e-06, 4.50152941596003e-06]
B1: 0.16671060935762957 - 0.6666219796913974 - 0.16658167998339618 - 5.151820121546191e-05
B2: 0.16670348134759275 - 0.6667144167487133 - 0.16672752791765458 - 3.718217339265425e-05
