Number: 2187
Error: 3.8240366749680096e-06
A1: [-9.309670208148323e-06, -8.881913563071566e-06, -7.42821836161983e-06, -9.125033621047581e-06] - [0.2083063950906493, 0.33330680983755445, -0.04168818587576909, -2.6124742937963346e-05] - [0.16665529069644228, 0.6666558616510815, 0.16665769886949477, -1.1148162144070532e-05] - [-4.15310575323115e-06, -3.7076579547376804e-06, -3.262014711771813e-06, -4.1495625861902034e-06]
A2: [0.16668700302610848, -0.1666457069210219, 2.1252322794450853e-05, 2.029732821176109e-05] - [0.1666945726031153, 0.33336209260844474, 2.846341252988982e-05, 2.7752912334604797e-05] - [0.16665540432988138, 0.833321722482939, -1.218908773687163e-05, -1.1299817124657029e-05] - [1.174535536871279e-05, 1.2104333261790486e-05, 1.2429666165477474e-05, 1.1745352323682383e-05]
B1: 0.16663175089658008 - 0.666590737109447 - 0.16667594980246084 - -1.3107191728936203e-05
B2: 0.16662337766954297 - 0.6666038655816788 - 0.16659258139869276 - -4.233709836647229e-05
