Number: 380
Error: 7.996332471836084e-06
A1: [2.6658091563972776e-06, 2.710413509156752e-06, 2.932193902766663e-06, 2.6937145997918033e-06] - [0.20834898375485067, 0.3333486819513453, -0.04165082695117186, 1.5772447902334987e-05] - [0.16667056599190772, 0.6666705075271526, 0.16667066792644952, 3.9334333528435535e-06] - [-7.139129258141889e-07, -6.370972656251935e-07, -5.602321386467173e-07, -7.133013975638052e-07]
A2: [0.16664777686017512, -0.1666862289865571, -2.0227577482786926e-05, -1.889652745015175e-05] - [0.1665821413053421, 0.3332458888006741, -9.030528846449126e-05, -8.45516894297816e-05] - [0.16664245606231304, 0.8333083095653507, -2.581256093934915e-05, -2.4217046957015792e-05] - [2.042824912483045e-06, 2.105228283088628e-06, 2.1617757260791536e-06, 2.0428237255534053e-06]
B1: 0.16671478151939192 - 0.6666386857392846 - 0.16658448005258508 - 5.1144196504245733e-05
B2: 0.1667093364055317 - 0.6667233194400967 - 0.16673827868907273 - 4.283870406654667e-05
