Number: 2156
Error: 6.9960238273133765e-06
A1: [-3.484849956383094e-06, -3.7370724415770137e-06, -2.9781239061559146e-06, -3.3078575886256287e-06] - [0.20833316282845632, 0.3333305522197028, -0.04166753490910279, 6.084349594804119e-07] - [0.16666293329978663, 0.666662662323616, 0.16666363938879034, -3.5152597953312415e-06] - [-4.094326890083857e-06, -3.655173271776895e-06, -3.2158256653051182e-06, -4.090833631421196e-06]
A2: [0.16665799372738352, -0.16667559678571756, -9.431584561027593e-06, -8.711431444038917e-06] - [0.16658225651636213, 0.33324634649344126, -9.037675350162912e-05, -8.456106034428993e-05] - [0.16662832539114894, 0.8332938112662297, -4.085131810956686e-05, -3.8378237861098186e-05] - [1.1575950650888188e-05, 1.1929749315869061e-05, 1.225038781759943e-05, 1.1575947578139168e-05]
B1: 0.16669732074779586 - 0.6665727413610324 - 0.16657257308330586 - 5.131272479831204e-05
B2: 0.1666881135951901 - 0.6666900720225979 - 0.1666976420404892 - 2.2385763285282523e-05
