Number: 814
Error: 7.74489377663971e-06
A1: [1.1957919426682085e-06, 1.1702529601498487e-06, 1.5257074886143654e-06, 1.2601000808104863e-06] - [0.20834525214857721, 0.33334439565018115, -0.041654756272530624, 1.2201246732753397e-05] - [0.16666873486850423, 0.6666686268201613, 0.16666898916590203, 2.147245961459013e-06] - [-1.5400523731541026e-06, -1.374691623355133e-06, -1.209233351659012e-06, -1.5387343694173164e-06]
A2: [0.16665026999236632, -0.16668363496335192, -1.759412429797294e-05, -1.6411159224645434e-05] - [0.16658214434160723, 0.33324597347338375, -9.035190313044581e-05, -8.457909455904293e-05] - [0.1666389941055032, 0.8333047573522172, -2.9497231976227716e-05, -2.7686460177526763e-05] - [4.372695009317292e-06, 4.506315115786781e-06, 4.627401891805112e-06, 4.372692725621694e-06]
B1: 0.1667107857804426 - 0.666622813816718 - 0.1665817863391033 - 5.145633950290236e-05
B2: 0.1667037146663754 - 0.666714865188921 - 0.16672813170624728 - 3.740508993233099e-05
