Number: 697
Error: 2.9934337881088426e-06
A1: [-4.119887642025184e-06, -3.440870996488543e-06, -2.4355748783208126e-06, -4.060352595793776e-06] - [0.20831979063776118, 0.3333221511049787, -0.041674028590155524, -1.328041968982385e-05] - [0.16666172399565835, 0.6666624755409856, 0.16666362995890643, -4.869251202985219e-06] - [-1.3178722555103132e-06, -1.1763276403856602e-06, -1.0346974443708497e-06, -1.3167440851293055e-06]
A2: [0.1666784308136245, -0.16665462803308553, 1.219322730428929e-05, 1.1751753199169541e-05] - [0.16669446275072589, 0.3333616939243032, 2.8506751392007426e-05, 2.774751390434905e-05] - [0.1666672533203184, 0.833333879592597, 4.210502255062236e-07, 5.747630805386629e-07] - [3.7477538799642107e-06, 3.862271985926299e-06, 3.9660475497885074e-06, 3.7477518500290134e-06]
B1: 0.16664664048850833 - 0.6666462831573365 - 0.16668614451871713 - -1.3007692523353786e-05
B2: 0.16664077078162035 - 0.6666314426311433 - 0.16662646257155933 - -2.5589466559236356e-05
