Number: 597
Error: 2.9360335360630523e-06
A1: [-3.7866048702211607e-06, -3.091689643811705e-06, -2.1174558100022193e-06, -3.7354520932822227e-06] - [0.20832062881075317, 0.3333231160039582, -0.04167314702160269, -1.2479184634012276e-05] - [0.16666214042004157, 0.666662903125601, 0.16666401074977835, -4.463175131342174e-06] - [-1.1275740743588137e-06, -1.006425157990542e-06, -8.852014917308708e-07, -1.1266085959848478e-06]
A2: [0.16667785476250596, -0.16665522730086868, 1.1584901134136721e-05, 1.1177489954285874e-05] - [0.1666944567682501, 0.33336166918872984, 2.851230876303707e-05, 2.774854146837352e-05] - [0.1666680499338201, 0.8333346970000246, 1.2689714471027175e-06, 1.3730936603926522e-06] - [3.2109216778358633e-06, 3.3090304819146956e-06, 3.397935237257224e-06, 3.2109198905936748e-06]
B1: 0.1666476038127074 - 0.6666499797332686 - 0.16668680162649924 - -1.3036942627564209e-05
B2: 0.1666420632534576 - 0.6666333710826899 - 0.16662876371600738 - -2.434031642861027e-05
