Number: 2979
Error: 4.257534814156972e-06
A1: [-1.205333390817606e-05, -1.1758480446538116e-05, -1.0065835771979533e-05, -1.1802222424519561e-05] - [0.20829933397136394, 0.33329871704818764, -0.04169564688168324, -3.2892938633416824e-05] - [0.16665188593717414, 0.6666523615522435, 0.16665456226424782, -1.4470887883099958e-05] - [-5.659985479024944e-06, -5.053002046381758e-06, -4.4458029819882295e-06, -5.6551654057254814e-06]
A2: [0.16669155129587448, -0.16664097322721633, 2.605935311789751e-05, 2.4831439073084985e-05] - [0.1666945987568269, 0.33336227243933003, 2.840846967606535e-05, 2.7723535541913908e-05] - [0.16664909757865456, 0.83331525204023, -1.8900260588537702e-05, -1.7620175783272907e-05] - [1.599548925157092e-05, 1.6484377828087488e-05, 1.692746419210086e-05, 1.599548768954938e-05]
B1: 0.1666236797498933 - 0.6665610318767125 - 0.16667032294345602 - -1.3317429494756825e-05
B2: 0.16661425182393091 - 0.6665893715193013 - 0.16657478345099883 - -5.1119808729142326e-05
