Number: 1514
Error: 7.3517175101872015e-06
A1: [-1.251144571376666e-06, -1.3951253512969864e-06, -8.293942783565355e-07, -1.1280521525958694e-06] - [0.2083389246115033, 0.33333715233826283, -0.04166144496183672, 6.132718446433999e-06] - [0.16666570332993438, 0.6666655100862617, 0.1666661928891461, -8.117468472492043e-07] - [-2.8724311069476734e-06, -2.564256677047748e-06, -2.255924833733242e-06, -2.869976771583148e-06]
A2: [0.16665429895238956, -0.16667944200100376, -1.3336308712327507e-05, -1.2394721649786485e-05] - [0.1665822036466213, 0.3332461686952723, -9.036434645755355e-05, -8.456889209965105e-05] - [0.1666334295499063, 0.8332990480639245, -3.541938238579038e-05, -3.3263044520636916e-05] - [8.130205956483423e-06, 8.378680548131573e-06, 8.603858605924412e-06, 8.13020275919768e-06]
B1: 0.16670384976380398 - 0.6665967834857235 - 0.1665770701287733 - 5.146903787023915e-05
B2: 0.1666955200204955 - 0.6667018595071946 - 0.16671213767620155 - 2.9513879842666795e-05
