Number: 1263
Error: 3.3124672640092427e-06
A1: [-6.075990264253369e-06, -5.491373966909959e-06, -4.314688426104359e-06, -5.968945980987316e-06] - [0.20831476442498287, 0.3333163899671795, -0.041679335753178726, -1.80972959481909e-05] - [0.16665929592952466, 0.666659979913179, 0.1666613947699254, -7.238680915917507e-06] - [-2.3949297218486155e-06, -2.137942964427855e-06, -1.8808176961136956e-06, -2.3928821933902256e-06]
A2: [0.16668168937429662, -0.16665123717455008, 1.5636256437289772e-05, 1.5000195042279733e-05] - [0.16669450820774023, 0.3333618482990658, 2.8492418477618143e-05, 2.7753294373445518e-05] - [0.16666275206155018, 0.8333292611327223, -4.369647290604927e-06, -3.936214952986367e-06] - [6.786038626455652e-06, 6.993427362913724e-06, 7.181368976428231e-06, 6.786035628904385e-06]
B1: 0.1666410602312612 - 0.6666252572209044 - 0.1666823455950776 - -1.2969639043090232e-05
B2: 0.16663398837415927 - 0.6666208405641542 - 0.1666135177789455 - -3.212668268029562e-05
