Number: 1258
Error: 7.4946167556762e-06
A1: [-3.535297913500434e-07, -4.5398749929820545e-07, 3.505255314773529e-08, -2.519377954235377e-07] - [0.20834124986996408, 0.3333398133342308, -0.041658985966472474, 8.363244038841924e-06] - [0.16666681484200022, 0.6666666529590355, 0.16666721877577292, 2.7323248474035495e-07] - [-2.3851737884425534e-06, -2.1292282209044975e-06, -1.8731446955833704e-06, -2.3831345906158654e-06]
A2: [0.16665282554307514, -0.16668097544318372, -1.4893523829879004e-05, -1.3863551337923621e-05] - [0.16658218105184866, 0.3332460962004313, -9.036108324875896e-05, -8.457352885295006e-05] - [0.16663546412807462, 0.83330113553215, -3.325410495349272e-05, -3.1224066938627335e-05] - [6.75608557439091e-06, 6.9625580263108925e-06, 7.149669187871325e-06, 6.756082585185716e-06]
B1: 0.1667064143558831 - 0.6666063295410224 - 0.16657881998258656 - 5.1492392406391615e-05
B2: 0.16669847337783666 - 0.6667065811744894 - 0.1667179616797505 - 3.235626484498184e-05
