Number: 1443
Error: 3.412768870056511e-06
A1: [-6.71729510120997e-06, -6.163857910074069e-06, -4.933827770522601e-06, -6.59512397020469e-06] - [0.20831308833304724, 0.333314475504619, -0.041681110498114585, -1.970674126260448e-05] - [0.1666585042264104, 0.6666591655627748, 0.16666066207656494, -8.011718881570291e-06] - [-2.7374438901916065e-06, -2.443743504603037e-06, -2.149890678116948e-06, -2.7351045010542842e-06]
A2: [0.1666827232998446, -0.16665016096649699, 1.672927197034969e-05, 1.6030902741996303e-05] - [0.16669451830647772, 0.3333618936564248, 2.8484755272483613e-05, 2.775077506669043e-05] - [0.16666132071694387, 0.8333277926157908, -5.892841068902994e-06, -5.370650748092251e-06] - [7.752214542272604e-06, 7.989136046457082e-06, 8.203843375068678e-06, 7.752211385407337e-06]
B1: 0.16663929393138857 - 0.6666185797348674 - 0.16668114721013128 - -1.294915137420679e-05
B2: 0.16663194599903777 - 0.6666175230906697 - 0.16660939139333938 - -3.409108448644827e-05
