Number: 827
Error: 3.0674968760456135e-06
A1: [-4.583909326795853e-06, -3.927344393463927e-06, -2.8834509886227082e-06, -4.513447941765948e-06] - [0.20831857700956996, 0.33332076556429935, -0.04167531296916867, -1.444590993354677e-05] - [0.1666611514941144, 0.666661886736001, 0.16666310018974095, -5.4282703498239616e-06] - [-1.5652576061369947e-06, -1.3971976777989646e-06, -1.2290387660665317e-06, -1.5639180560980708e-06]
A2: [0.16667917568285323, -0.1666538526881768, 1.2980653750436982e-05, 1.2494298416891518e-05] - [0.16669446207881305, 0.3333617184528982, 2.8492747861901433e-05, 2.773772967449499e-05] - [0.16666621750356928, 0.8333328168607091, -6.812307730178784e-07, -4.6328574445359655e-07] - [4.4456332409198275e-06, 4.581483320226559e-06, 4.704591037662209e-06, 4.445630927022737e-06]
B1: 0.16664544872803688 - 0.6666415378555971 - 0.16668535015170483 - -1.2908998996453058e-05
B2: 0.1666392282736066 - 0.6666289771880634 - 0.1666234110391543 - -2.7075662928679475e-05
