Number: 1072
Error: 7.598975859292426e-06
A1: [2.9493276251360644e-07, 2.2586135629550505e-07, 6.589426017425188e-07, 3.8090657576243707e-07] - [0.20834292427541334, 0.3333417307269199, -0.04165721629199627, 9.968833724964345e-06] - [0.16666761863795293, 0.6666674793046351, 0.16666795988341904, 1.057753638099302e-06] - [-2.0311415727542836e-06, -1.8131436137797836e-06, -1.595023594457518e-06, -2.0294043117544887e-06]
A2: [0.1666517543953511, -0.16668209016115074, -1.602546518728197e-05, -1.4931371668136497e-05] - [0.1665821632799171, 0.3332460423239393, -9.035976441756858e-05, -8.457825353236078e-05] - [0.16663694229789894, 0.8333026521572252, -3.1680920578063074e-05, -2.9742700903670072e-05] - [5.757660763538545e-06, 5.933614721001174e-06, 6.0930673258968e-06, 5.757658017023527e-06]
B1: 0.1667082712942866 - 0.6666132588709793 - 0.16658008460568646 - 5.150295570430997e-05
B2: 0.16670065024778363 - 0.6667100310912637 - 0.16672220006434588 - 3.445250742376552e-05
