Number: 937
Error: 3.1296708541991783e-06
A1: [-4.952315229110074e-06, -4.313423002068012e-06, -3.2355467535114464e-06, -4.872631782527267e-06] - [0.20831764756456098, 0.3333196959999877, -0.041676291594201255, -1.5334716355628373e-05] - [0.16666069150476562, 0.6666614142957046, 0.16666267904505627, -5.8768751306294274e-06] - [-1.7745817210432016e-06, -1.5840863607215273e-06, -1.393481263051819e-06, -1.7730634142917523e-06]
A2: [0.16667981080465008, -0.16665319196207087, 1.3651406490652741e-05, 1.3127453569573977e-05] - [0.16669447537388507, 0.33336175262139933, 2.8493821054343112e-05, 2.7743313522884082e-05] - [0.16666534309783199, 0.8333319196374868, -1.6119689418967884e-06, -1.3395804031294732e-06] - [5.0361182543083025e-06, 5.190017595258851e-06, 5.329482693623154e-06, 5.036115728568394e-06]
B1: 0.16664433503072176 - 0.6666374234134647 - 0.1666845848286862 - -1.2930830481571235e-05
B2: 0.16663786170486258 - 0.6666269050010688 - 0.16662092232452713 - -2.839457727249902e-05
