Number: 2988
Error: 6.539343744288533e-06
A1: [-6.370781829837049e-06, -6.762790576805766e-06, -5.752983982192437e-06, -6.123951669977239e-06] - [0.20832573111035557, 0.3333220359549263, -0.04167538820495029, -6.515543005216059e-06] - [0.16665935238460267, 0.6666589811427308, 0.16666033996300536, -7.009991780983933e-06] - [-5.6777250309589745e-06, -5.068830758087123e-06, -4.4597208924877375e-06, -5.672889952070236e-06]
A2: [0.1666627730055337, -0.1666706226284862, -4.380365777890421e-06, -3.9470368859351205e-06] - [0.1665822894775487, 0.333246541193187, -9.0428655600512e-05, -8.458647175379439e-05] - [0.16662170145031804, 0.8332870154223689, -4.790006044972765e-05, -4.501648252753392e-05] - [1.6040836419955583e-05, 1.6531109548283274e-05, 1.6975450875205077e-05, 1.6040834883631022e-05]
B1: 0.1666888443957173 - 0.6665415424506843 - 0.16656667414167103 - 5.1094549002216405e-05
B2: 0.1666785329434583 - 0.6666748408489672 - 0.16667892981515836 - 1.3165807532599953e-05
