Number: 547
Error: 2.9071013753954866e-06
A1: [-3.607848125704082e-06, -2.904321541768747e-06, -1.9449572837876154e-06, -3.560898110280414e-06] - [0.2083210966384317, 0.33332364986614255, -0.0416726521548231, -1.2029872624556066e-05] - [0.1666623608508485, 0.6666631298084673, 0.16666421470700077, -4.247930235406444e-06] - [-1.032424380909894e-06, -9.214735975741324e-07, -8.104536533935117e-07, -1.0315402789799972e-06]
A2: [0.1666775692236526, -0.166655524539119, 1.1283035755661646e-05, 1.0892844950726987e-05] - [0.16669446095043633, 0.3333616637703562, 2.8521791830410736e-05, 2.7756228300519843e-05] - [0.1666684493277016, 0.8333351067695332, 1.6939728832491634e-06, 1.7733459768980518e-06] - [2.9424943178537853e-06, 3.032398128995096e-06, 3.1138672229886038e-06, 2.942492659675908e-06]
B1: 0.16664803239856082 - 0.666651778168492 - 0.16668708352645456 - -1.3104669697705618e-05
B2: 0.1666426788572243 - 0.6666343423434844 - 0.1666299610225894 - -2.374637067149087e-05
