Number: 481
Error: 2.8686938234446647e-06
A1: [-3.3860995220059727e-06, -2.672028071542023e-06, -1.7331136780027904e-06, -3.344683547215574e-06] - [0.20832165688086188, 0.3333242939695897, -0.04167206282906554, -1.149401601023192e-05] - [0.1666626374288724, 0.6666634138115707, 0.1666644678845225, -3.978183888533552e-06] - [-9.068264762952513e-07, -8.093368185449998e-07, -7.117855568772454e-07, -9.060498228452408e-07]
A2: [0.16667719046671947, -0.1666559186045617, 1.0883002551002179e-05, 1.0515268002446502e-05] - [0.16669446255234285, 0.333361653074128, 2.8531152883818278e-05, 2.7762456706509033e-05] - [0.16666897641991682, 0.8333356476103644, 2.2549736347385326e-06, 2.3015714018604762e-06] - [2.588172315383153e-06, 2.6672455866664367e-06, 2.738899705475369e-06, 2.58817083537582e-06]
B1: 0.16664862747049466 - 0.6666541812671668 - 0.1666874846116455 - -1.3164679865794993e-05
B2: 0.16664355372939402 - 0.6666356422628856 - 0.16663151240066212 - -2.2900090121476905e-05
