Number: 29
Error: 2.592967453116734e-06
A1: [-2.028268265246401e-06, -1.2523091576474067e-06, -4.6377831677733846e-07, -2.024597907872378e-06] - [0.20832484272586702, 0.3333280129074167, -0.041668760268031846, -8.47455159370263e-06] - [0.1666643673846396, 0.6666651843673436, 0.16666601707115017, -2.29485879422803e-06] - [-4.667217349288047e-08, -4.1364538580899065e-08, -3.6053079280726426e-08, -4.6632425770690037e-08]
A2: [0.16667460170426926, -0.1666586100532136, 8.152831938056835e-06, 7.934587809947613e-06] - [0.16669453763638278, 0.3333616506864578, 2.867274364002571e-05, 2.7869228784076835e-05] - [0.16667261304217776, 0.8333393796097734, 6.1261951213468366e-06, 5.9459549031556575e-06] - [1.6149007058502664e-07, 1.6638693874666095e-07, 1.708214872532225e-07, 1.6149001905582412e-07]
B1: 0.16665229109681332 - 0.6666703114624253 - 0.16668998784324418 - -1.398623923503628e-05
B2: 0.16665083447537002 - 0.6666453259534398 - 0.1666423792730278 - -1.5815182361145238e-05
