Number: 1175
Error: 3.2633260837392468e-06
A1: [-5.781576069142698e-06, -5.18279760223758e-06, -4.033272745478528e-06, -5.681908913340129e-06] - [0.2083155068509952, 0.3333172445768718, -0.041678553802630545, -1.738737921110024e-05] - [0.1666596636619624, 0.6666603576255685, 0.16666173146824778, -6.8800553695945635e-06] - [-2.227475383534584e-06, -1.9884369718306626e-06, -1.7492673641377705e-06, -2.2255706329072745e-06]
A2: [0.1666811806401094, -0.16665176641442678, 1.509897454504413e-05, 1.4493034167365475e-05] - [0.1666944948200967, 0.3333618181172284, 2.8488626102491876e-05, 2.7746075986409847e-05] - [0.16666345087008685, 0.8333299781704805, -3.6258193915977823e-06, -3.2358951054800713e-06] - [6.313683534578475e-06, 6.506633917253837e-06, 6.6814901437123986e-06, 6.313680641213918e-06]
B1: 0.16664198144607986 - 0.6666285767457896 - 0.16668298368536996 - -1.2921916649809084e-05
B2: 0.16663505712093982 - 0.6666224730699309 - 0.16661548282553396 - -3.109606064921246e-05
