Number: 2551
Error: 4.023783600544675e-06
A1: [-1.057237962313509e-05, -1.0205804337562683e-05, -8.642384514929474e-06, -1.0357189101434377e-05] - [0.20830314288418086, 0.3333030830892908, -0.04169162263899161, -2.924231453290926e-05] - [0.16665372413171056, 0.666654251171367, 0.1666562553609959, -1.2677021497764022e-05] - [-4.845676254117595e-06, -4.325987072920818e-06, -3.806089903963727e-06, -4.8415456474935325e-06]
A2: [0.16668909450630784, -0.16664353020293837, 2.3462760748025996e-05, 2.2382301033378133e-05] - [0.16669458919557947, 0.33336217987213757, 2.844280990771546e-05, 2.7743983965044014e-05] - [0.1666525069963652, 0.8333187499222618, -1.5272282323204642e-05, -1.4203404096924521e-05] - [1.3698779831538984e-05, 1.411746673690196e-05, 1.4496919827842105e-05, 1.3698777293574725e-05]
B1: 0.16662804306996098 - 0.6665770898748528 - 0.1666733728030294 - -1.3202106332795718e-05
B2: 0.1666191850983317 - 0.6665972004383846 - 0.1665843921407399 - -4.637196921627128e-05
