Number: 3052
Error: 6.504348682264946e-06
A1: [-6.613040150822787e-06, -7.0169388950675245e-06, -5.988973751921099e-06, -6.3608186969460335e-06] - [0.20832507780313836, 0.3333212946377157, -0.04167608310984733, -7.145100407073508e-06] - [0.16665905645154647, 0.6666586763468357, 0.16666006338018627, -7.2992762920535356e-06] - [-5.799512897296481e-06, -5.177561373249285e-06, -4.55539379533626e-06, -5.794574820538214e-06]
A2: [0.16666313665783375, -0.16667024381553047, -3.995444713437348e-06, -3.5845294630996094e-06] - [0.16658228099799918, 0.33324654560497624, -9.044273579585607e-05, -8.459944174175707e-05] - [0.1666211903753346, 0.8332864911784702, -4.844370043497682e-05, -4.552865796973755e-05] - [1.638426024952455e-05, 1.6885030439994856e-05, 1.7338886914167226e-05, 1.6384258895565164e-05]
B1: 0.16668826064607933 - 0.6665392064115089 - 0.16656627971268964 - 5.114607397621132e-05
B2: 0.1666778665295926 - 0.6666736765808258 - 0.1666774311047483 - 1.2527137241841966e-05
