Number: 2151
Error: 3.8042013791057266e-06
A1: [-9.1718794886674e-06, -8.737346734537334e-06, -7.2937789021622e-06, -8.990277153815039e-06] - [0.2083067687177362, 0.33330723331733764, -0.04168778815808808, -2.5764481342371417e-05] - [0.16665545867309303, 0.6666560347037075, 0.16665785614011838, -1.0983927218404791e-05] - [-4.08460966200831e-06, -3.6465048487140585e-06, -3.2082061343509538e-06, -4.081124645668967e-06]
A2: [0.16668679824006036, -0.16664592024652047, 2.1035547206619736e-05, 2.009318565622732e-05] - [0.16669457619615577, 0.3333620889247546, 2.8470093190591694e-05, 2.7759028978134416e-05] - [0.1666556914184818, 0.8333220169768547, -1.188368916139612e-05, -1.1012110181424472e-05] - [1.155214536976976e-05, 1.1905217545462012e-05, 1.2225197622746701e-05, 1.1552142290699823e-05]
B1: 0.1666320756416584 - 0.6665920464185423 - 0.16667616575730665 - -1.3139809706092117e-05
B2: 0.1666237486642669 - 0.6666045213475861 - 0.1665934303542712 - -4.198169637024873e-05
