Number: 475
Error: 2.8652218870405225e-06
A1: [-3.3790046063797606e-06, -2.6647096261261275e-06, -1.7283891164978184e-06, -3.338079208302032e-06] - [0.20832165519805237, 0.3333242969502419, -0.04167206778726486, -1.1497865322209186e-05] - [0.1666626493693054, 0.6666634256840633, 0.16666447621203329, -3.966851878372043e-06] - [-8.954086830788607e-07, -7.991424286822669e-07, -7.028152679422606e-07, -8.946417995126322e-07]
A2: [0.16667715384270945, -0.16665595650910858, 1.0844672796770285e-05, 1.0478751358024365e-05] - [0.16669445702211255, 0.3333616467194392, 2.8526932333226536e-05, 2.7757347432467492e-05] - [0.16666902370033843, 0.8333356961765773, 2.3054108833213946e-06, 2.3489549307658555e-06] - [2.5559677450663955e-06, 2.6340566136280008e-06, 2.7048186378518205e-06, 2.5559662816699426e-06]
B1: 0.16664872351670315 - 0.6666544398585411 - 0.16668755938609497 - -1.3128149513007783e-05
B2: 0.16664367857113435 - 0.6666357650170645 - 0.16663161504065802 - -2.2777850476515997e-05
