Number: 17
Error: 2.5853028837474753e-06
A1: [-2.013574404325637e-06, -1.2372115919905568e-06, -4.539123048306731e-07, -2.0108856752005913e-06] - [0.20832484120650754, 0.33332802056106525, -0.04166876864704102, -8.480405605856336e-06] - [0.16666439168130576, 0.6666652084948471, 0.16666603407473404, -2.2717794213698e-06] - [-2.3837371008693916e-08, -2.0976465154160256e-08, -1.8113445251636307e-08, -2.3817217026946044e-08]
A2: [0.1666745303527191, -0.16665868392608366, 8.07814354117961e-06, 7.863450983727975e-06] - [0.1666945343465558, 0.33336164591217826, 2.8672381913434525e-05, 2.7866780807814083e-05] - [0.16667270958147173, 0.8333394787628109, 6.229127152589267e-06, 6.042700382411817e-06] - [9.707051283152511e-08, 9.999826516299982e-08, 1.026483970649536e-07, 9.707050199997226e-08]
B1: 0.16665242956026993 - 0.6666707810981055 - 0.16669009589783218 - -1.3966770213525914e-05
B2: 0.16665112333395446 - 0.6666456118377938 - 0.16664262603373503 - -1.553152724107297e-05
