Number: 1196
Error: 7.529343495196307e-06
A1: [-1.37402780613678e-07, -2.2739641567818704e-07, 2.429928740710248e-07, -4.101678914233111e-08] - [0.20834180790689416, 0.3333404523742921, -0.04165839615792315, 8.898342546900003e-06] - [0.16666708275113998, 0.6666669283863438, 0.16666746579246342, 5.347167809457246e-07] - [-2.267163855851523e-06, -2.0238674791886445e-06, -1.7804382783375478e-06, -2.265225274244391e-06]
A2: [0.166652468463565, -0.16668134704794993, -1.5270871504334205e-05, -1.4219521717544316e-05] - [0.1665821749858385, 0.3332460780915241, -9.03608011886664e-05, -8.457524574419277e-05] - [0.16663595681282306, 0.833301641033205, -3.272975266521401e-05, -3.0730316764334515e-05] - [6.423281039230439e-06, 6.619580780567634e-06, 6.797472475533989e-06, 6.42327812239656e-06]
B1: 0.1667070358364347 - 0.6666086416900842 - 0.16657924378613218 - 5.1498415699586665e-05
B2: 0.16669919684927445 - 0.666707728930941 - 0.16671937219949853 - 3.305286036891963e-05
