Number: 48
Error: 8.201015366492475e-06
A1: [3.6649554158287635e-06, 3.7549249957647695e-06, 3.8661501149696965e-06, 3.665133817631933e-06] - [0.20835133000416348, 0.33335141950288905, -0.04164839551363817, 1.7996479658025272e-05] - [0.1666718384053092, 0.6666718096742542, 0.1666718073813992, 5.171593268743594e-06] - [-8.188077643472457e-08, -7.280046177421684e-08, -6.371381504997864e-08, -8.181083961835024e-08]
A2: [0.1666458792849109, -0.16668820191421524, -2.2228865333060806e-05, -2.0788163451586103e-05] - [0.16658221216390168, 0.3332459030559562, -9.01849424922964e-05, -8.445754496911143e-05] - [0.16664513136562428, 0.8333110550093709, -2.2964763922100076e-05, -2.1536040359327163e-05] - [2.604729003135075e-07, 2.6839523968353455e-07, 2.755714834464531e-07, 2.6047278837022413e-07]
B1: 0.16671735072826252 - 0.6666504241941604 - 0.16658622120420322 - 5.041897978904485e-05
B2: 0.16671477523473346 - 0.6667305275588288 - 0.1667463595882146 - 4.813362197339181e-05
