Number: 921
Error: 3.1206780434009055e-06
A1: [-4.9096362990076225e-06, -4.2687843093765335e-06, -3.1964615343185405e-06, -4.831283785512649e-06] - [0.2083177388353474, 0.3333198051911885, -0.04167619808994814, -1.5249314558608537e-05] - [0.16666074739302367, 0.6666614713772859, 0.16666272804808574, -5.822632245734069e-06] - [-1.7441345184178784e-06, -1.556902197099855e-06, -1.3695616698762524e-06, -1.7426422071937115e-06]
A2: [0.16667971653209773, -0.1666532898678682, 1.3552138600957824e-05, 1.3033467153629265e-05] - [0.16669446844037505, 0.3333617428896653, 2.8489156174163802e-05, 2.773750196027171e-05] - [0.16666546968413998, 0.8333320495709027, -1.4771302120329688e-06, -1.2127192637317428e-06] - [4.950236116601971e-06, 5.1015103052404995e-06, 5.238596312868047e-06, 4.950233620020662e-06]
B1: 0.16664453414140193 - 0.6666380572639312 - 0.1666847298113664 - -1.2890506697293885e-05
B2: 0.166638096591224 - 0.6666272085333548 - 0.16662125058431287 - -2.816662508991382e-05
