Number: 1547
Error: 3.4705327218294855e-06
A1: [-7.0781840258753546e-06, -6.542226374643149e-06, -5.280840850669956e-06, -6.947282302954268e-06] - [0.20831215873400172, 0.3333134103353588, -0.041682092789490935, -2.0597870847265264e-05] - [0.16665805653262003, 0.6666587053251694, 0.166660249558044, -8.448637951533522e-06] - [-2.9353385822919867e-06, -2.6204261741280708e-06, -2.305353905531295e-06, -2.9328306734182626e-06]
A2: [0.16668332223543691, -0.16664953767874982, 1.7362188619647164e-05, 1.662797906563126e-05] - [0.16669452817317582, 0.33336192369693773, 2.8483950740866478e-05, 2.7753350931381234e-05] - [0.16666049416014592, 0.8333269445599375, -6.772511962741653e-06, -6.1989937185483324e-06] - [8.310428987476918e-06, 8.564413222712212e-06, 8.7945848240169e-06, 8.310425771601505e-06]
B1: 0.16663823743554076 - 0.6666146869698516 - 0.16668042137590372 - -1.2973316171040818e-05
B2: 0.16663073784220767 - 0.6666156082245281 - 0.16660704080953 - -3.525418713418122e-05
