Number: 1956
Error: 7.10647321563492e-06
A1: [-2.7965898105309234e-06, -3.0155151171831767e-06, -2.3171794783251682e-06, -2.636381042022579e-06] - [0.20833492720433078, 0.3333325760606735, -0.041665671692113146, 2.2988536654281117e-06] - [0.1666637885644003, 0.6666635413777837, 0.16666442635119086, -2.6807089002730607e-06] - [-3.7136808897655316e-06, -3.315330530669223e-06, -2.9167957122301866e-06, -3.7105109541585875e-06]
A2: [0.16665684207792875, -0.1666767952384836, -1.0648511626084672e-05, -9.859503089956103e-06] - [0.16658223914913237, 0.3332462903663957, -9.037346287466591e-05, -8.456439663920356e-05] - [0.1666299156807651, 0.8332954428937933, -3.915888119995962e-05, -3.67845104219398e-05] - [1.0502555115870638e-05, 1.0823543994198691e-05, 1.111444468786138e-05, 1.0502551905077135e-05]
B1: 0.16669938110786445 - 0.6665802581126782 - 0.16657400183886895 - 5.138787404002672e-05
B2: 0.16669044146010498 - 0.6666937410613022 - 0.166702129810599 - 2.4626925337900668e-05
