Number: 985
Error: 3.1567410926699084e-06
A1: [-5.128269230416414e-06, -4.497949913663698e-06, -3.4061058173101688e-06, -5.04454707630301e-06] - [0.20831718077324998, 0.3333191645989732, -0.04167678677840589, -1.5783715890211445e-05] - [0.16666047541777088, 0.6666611919060064, 0.1666624781692956, -6.087979666008106e-06] - [-1.8659222681712032e-06, -1.6656364773521983e-06, -1.4652364229407963e-06, -1.864325988345599e-06]
A2: [0.16668008550278346, -0.16665290595813934, 1.3941925621795114e-05, 1.3401293642064033e-05] - [0.16669447502421386, 0.3333617617368367, 2.848887028288214e-05, 2.7739599349408333e-05] - [0.16666496091738123, 0.8333315275459013, -2.018637291088374e-06, -1.722585028120557e-06] - [5.293788084157832e-06, 5.455563560344314e-06, 5.602166564504819e-06, 5.293785474264184e-06]
B1: 0.16664389344549593 - 0.6666356706714441 - 0.16668429176815924 - -1.2895921223613998e-05
B2: 0.1666373218410304 - 0.6666260098245037 - 0.16661979535354784 - -2.891364995849245e-05
