Number: 491
Error: 2.874539824742488e-06
A1: [-3.421890974637597e-06, -2.7095384030193434e-06, -1.7676466491343995e-06, -3.3796344065234743e-06] - [0.2083215631687353, 0.3333241870626585, -0.041672161924685494, -1.1584024863123899e-05] - [0.16666259330950461, 0.6666633684443993, 0.16666442706518775, -4.0212660305074445e-06] - [-9.258565234529586e-07, -8.263272485886948e-07, -7.267352116812462e-07, -9.250635876291715e-07]
A2: [0.16667724743212955, -0.16665585930239066, 1.0943227391068611e-05, 1.0572054642737546e-05] - [0.16669446113041964, 0.3333616535593574, 2.8528646409554e-05, 2.7760333862554212e-05] - [0.16666889639181381, 0.8333355655038074, 2.1698177777162133e-06, 2.2213716170361356e-06] - [2.6418590155007262e-06, 2.72257332415594e-06, 2.795714598568366e-06, 2.641857507926017e-06]
B1: 0.1666485459672368 - 0.6666538253337444 - 0.16668743152935883 - -1.314692312602614e-05
B2: 0.16664342749380245 - 0.6666354448004672 - 0.16663126964146593 - -2.3021994141447544e-05
