Number: 344
Error: 8.017789652865467e-06
A1: [2.7805461232615574e-06, 2.830504925081506e-06, 3.0407329217278756e-06, 2.805438867411526e-06] - [0.20834926412946903, 0.3333490064866698, -0.0416505338784358, 1.6039544982831328e-05] - [0.16667071052773638, 0.6666706557157774, 0.16667079890286177, 4.074248701435242e-06] - [-6.453818890873139e-07, -5.759109922619343e-07, -5.063950186296825e-07, -6.448290354919991e-07]
A2: [0.16664757026048885, -0.16668644385779022, -2.0445622597958504e-05, -1.910248311953068e-05] - [0.16658214382404732, 0.3332458848534267, -9.029804698038544e-05, -8.454664570390771e-05] - [0.16664274440952237, 0.8333086054547975, -2.5505631843672896e-05, -2.3928081290758808e-05] - [1.8495587408636417e-06, 1.9060545626980155e-06, 1.9572484719417984e-06, 1.8495576617144165e-06]
B1: 0.16671509391486172 - 0.6666399869679221 - 0.16658469183338273 - 5.109930527271258e-05
B2: 0.1667098612627781 - 0.6667240564883928 - 0.16673913200287324 - 4.3347956454511624e-05
