Number: 2445
Error: 3.965718055866685e-06
A1: [-1.0209283484987048e-05, -9.825151206583212e-06, -8.293942902983719e-06, -1.0002985993795366e-05] - [0.20830407137094617, 0.33330414872320124, -0.041690642492616156, -2.8353016520678093e-05] - [0.1666541756653182, 0.6666547152316215, 0.16665667053755737, -1.2236463311017013e-05] - [-4.643995711053338e-06, -4.1459260864271676e-06, -3.647651552524949e-06, -4.640036070791172e-06]
A2: [0.16668848490890942, -0.16664416458288664, 2.281860228818577e-05, 2.177459867212433e-05] - [0.16669458324192926, 0.3333621534413294, 2.8447898228078268e-05, 2.7745462463651832e-05] - [0.16665335071671744, 0.8333196155617942, -1.4374412039872923e-05, -1.3357862571927616e-05] - [1.3129941823212773e-05, 1.353124145821028e-05, 1.3894934538824567e-05, 1.312993910694705e-05]
B1: 0.16662913733373122 - 0.6665810785593563 - 0.16667413778454923 - -1.3159930027483954e-05
B2: 0.16662042094860946 - 0.6665991419420885 - 0.16658676230368427 - -4.518204454165941e-05
