Number: 1739
Error: 3.576886599254301e-06
A1: [-7.733312484691852e-06, -7.229006456444839e-06, -5.90911750487648e-06, -7.58630365375834e-06] - [0.2083104873357916, 0.3333114911422857, -0.04168385649346411, -2.219829201538716e-05] - [0.16665724125548037, 0.6666578675151159, 0.16665950046633612, -9.244034573524827e-06] - [-3.3006780403202606e-06, -2.9466053645823536e-06, -2.592360336938317e-06, -3.2978592308537918e-06]
A2: [0.16668442953764476, -0.1666483855091917, 1.8532039720345687e-05, 1.7731848701409244e-05] - [0.1666945501976884, 0.33336198273539525, 2.8485800877788345e-05, 2.776191486733275e-05] - [0.16665896851145262, 0.8333253791953007, -8.396270714793131e-06, -7.727940202716401e-06] - [9.340943451669882e-06, 9.626426995473106e-06, 9.885147438503497e-06, 9.340940190486023e-06]
B1: 0.16663624643796238 - 0.6666074606862632 - 0.16667904249235158 - -1.3058522138660903e-05
B2: 0.16662847529655844 - 0.6666120756190866 - 0.16660274033181952 - -3.743355182747299e-05
