Number: 1488
Error: 7.36622748733944e-06
A1: [-1.1489434682366227e-06, -1.2878828718103278e-06, -7.293197402492682e-07, -1.0280452301933235e-06] - [0.2083392052310224, 0.33333746955695814, -0.041661145758519834, 6.403674172170898e-06] - [0.1666658273746476, 0.6666656379434854, 0.1666663094924919, -6.904074840039834e-07] - [-2.822946988502166e-06, -2.5200771761132555e-06, -2.2170517983226727e-06, -2.8205347906080508e-06]
A2: [0.16665415121920507, -0.1666795959251343, -1.3492746050047846e-05, -1.2541989719356753e-05] - [0.1665822063534013, 0.33324616608541197, -9.035952387731346e-05, -8.456436143833073e-05] - [0.16663363677932191, 0.8332992606345767, -3.519894125500842e-05, -3.305536827312321e-05] - [7.990649698952969e-06, 8.234858554035736e-06, 8.456170495053839e-06, 7.990646516153362e-06]
B1: 0.16670407459727418 - 0.6665977190528546 - 0.16657721558714655 - 5.143574894101989e-05
B2: 0.1666957815289181 - 0.6667023350314237 - 0.16671276146729014 - 2.976411855794842e-05
