Number: 1003
Error: 3.166828951616588e-06
A1: [-5.173275870665727e-06, -4.544993890197958e-06, -3.4467348750062646e-06, -5.088059307940164e-06] - [0.20831709019978328, 0.33331905453955213, -0.04167687851595239, -1.5867698360242023e-05] - [0.16666041558008585, 0.66666113089523, 0.16666242641608628, -6.145969234448809e-06] - [-1.900175287690919e-06, -1.696218663488198e-06, -1.4921461049076132e-06, -1.898549771943353e-06]
A2: [0.16668019209034274, -0.1666527953076763, 1.4054082455892159e-05, 1.3507559276030664e-05] - [0.1666944842486889, 0.3333617740462064, 2.8495412006790993e-05, 2.7747561537694372e-05] - [0.16666481868586122, 0.8333313815417327, -2.1701677670233176e-06, -1.8651257607373307e-06] - [5.390402609092288e-06, 5.555131294586252e-06, 5.704410714024355e-06, 5.390399968882656e-06]
B1: 0.16664365851346272 - 0.6666349471766402 - 0.16668411876186356 - -1.2952226446111585e-05
B2: 0.16663704827486828 - 0.6666256683968139 - 0.1666194359854865 - -2.917941436193635e-05
