Number: 953
Error: 3.138721785959618e-06
A1: [-5.018959501537775e-06, -4.383373314880574e-06, -3.3012893180169394e-06, -4.937922157576445e-06] - [0.208317459779757, 0.33331948487248364, -0.04167649245475892, -1.5516539734472473e-05] - [0.16666061139978722, 0.666661331636458, 0.16666260310398046, -5.955311551790425e-06] - [-1.8050284783699453e-06, -1.6112694228017251e-06, -1.417399110070149e-06, -1.8034841788867651e-06]
A2: [0.16667990100098362, -0.166653097929954, 1.3747014708304157e-05, 1.3217363940826425e-05] - [0.16669447166248663, 0.333361752241345, 2.8488939430828636e-05, 2.7738480851831183e-05] - [0.16666521528272807, 0.8333317885398267, -1.7479028044789669e-06, -1.4676701754173427e-06] - [5.122012681097018e-06, 5.278537532101053e-06, 5.420382047317865e-06, 5.122010126740463e-06]
B1: 0.16664421446325647 - 0.6666368645806535 - 0.16668451134842177 - -1.2892544263304087e-05
B2: 0.1666377086867089 - 0.6666266086335341 - 0.1666205224087746 - -2.8540666962962352e-05
