Number: 2038
Error: 7.061142919468547e-06
A1: [-3.083812640796959e-06, -3.316672657822635e-06, -2.593768241584579e-06, -2.9167177308235067e-06] - [0.20833418352725094, 0.3333317248645071, -0.041666458169769105, 1.5855185454917993e-06] - [0.16666343281618934, 0.6666631755902639, 0.16666409803633112, -3.0279595281295937e-06] - [-3.869745427101083e-06, -3.454665646928362e-06, -3.0393972967837664e-06, -3.866442894107265e-06]
A2: [0.16665731347727922, -0.16667630460712995, -1.0150261185338896e-05, -9.389570640436553e-06] - [0.16658224433980734, 0.3332463115606194, -9.037651246437564e-05, -8.456495859898127e-05] - [0.16662926347719054, 0.833294773755121, -3.985293749307304e-05, -3.743812347529574e-05] - [1.0942652330852746e-05, 1.1277093377319281e-05, 1.1580186639783512e-05, 1.0942649165803747e-05]
B1: 0.1666985527986913 - 0.6665771921601865 - 0.1665734314662512 - 5.1373518904437144e-05
B2: 0.16668950384101325 - 0.6666922378611407 - 0.1667002743695834 - 2.3724853658608366e-05
