Number: 1699
Error: 3.5548035706948405e-06
A1: [-7.614809310337302e-06, -7.1049183678928606e-06, -5.798226208057637e-06, -7.471138866784116e-06] - [0.20831076312803246, 0.3333118144939024, -0.04168356959776364, -2.19372172269051e-05] - [0.16665739293661594, 0.6666580228704775, 0.16665963631936284, -9.09647775836848e-06] - [-3.2245649663500772e-06, -2.8786501277801424e-06, -2.5325654113906686e-06, -3.221810906579759e-06]
A2: [0.16668419582246205, -0.1666486284202901, 1.828560494128856e-05, 1.749884876944862e-05] - [0.1666945377309, 0.33336196295494497, 2.847835629515109e-05, 2.7752252905921684e-05] - [0.166659285458338, 0.8333257044641414, -8.058785151768762e-06, -7.410306135845212e-06] - [9.12626558201564e-06, 9.405187143201449e-06, 9.657960201533521e-06, 9.126262323434744e-06]
B1: 0.1666367207518264 - 0.6666090231069518 - 0.1666793841505603 - -1.298119599450878e-05
B2: 0.16662900732100389 - 0.6666128161931388 - 0.16660358174242898 - -3.691886175711478e-05
