Number: 2556
Error: 6.775866679989494e-06
A1: [-4.885265075443966e-06, -5.205422084678538e-06, -4.32659358263353e-06, -4.6746836832839895e-06] - [0.208329537771219, 0.3333264028196845, -0.04167136848757551, -2.868618462070399e-06] - [0.16666119862004916, 0.6666608787058301, 0.16666203858326165, -5.208491194808276e-06] - [-4.855589147681015e-06, -4.334828991797186e-06, -3.8138608393635977e-06, -4.851450144346703e-06]
A2: [0.16666029080195405, -0.1666732059065503, -7.003542438306997e-06, -6.421512458834694e-06] - [0.1665822724910777, 0.3332464405187108, -9.040099024252988e-05, -8.457314857450344e-05] - [0.16662514157940475, 0.8332905448436225, -4.42392901808324e-05, -4.156892594563437e-05] - [1.3722619135145559e-05, 1.4142033372357013e-05, 1.452214566681466e-05, 1.3722616607441221e-05]
B1: 0.16669328385123244 - 0.6665577824194763 - 0.16656978027875977 - 5.124621340509858e-05
B2: 0.16668354677293923 - 0.6666827482763812 - 0.16668860216632708 - 1.799234782787429e-05
