Number: 951
Error: 3.137545568833699e-06
A1: [-4.992653856145522e-06, -4.355644786949314e-06, -3.27307755564116e-06, -4.911802975180992e-06] - [0.2083175556424106, 0.3333195877193835, -0.04167638682655687, -1.5421491593239925e-05] - [0.1666606395763602, 0.6666613611529543, 0.16666263280090296, -5.927360940604161e-06] - [-1.8012229535024838e-06, -1.6078723530487852e-06, -1.4144106848125131e-06, -1.799681902433562e-06]
A2: [0.16667989278438175, -0.1666531067778578, 1.3737809358513855e-05, 1.3209182953614615e-05] - [0.1666944801142014, 0.33336175987713185, 2.849671425985247e-05, 2.7747072217845396e-05] - [0.16666523218235538, 0.8333318058014462, -1.7300884166773054e-06, -1.4507363378129868e-06] - [5.111266464230067e-06, 5.267462852070715e-06, 5.4090096925553625e-06, 5.111263913407999e-06]
B1: 0.166644170525083 - 0.6666368780738905 - 0.1666844668122111 - -1.2956389302198472e-05
B2: 0.16663766650286463 - 0.6666266403985688 - 0.1666206262353691 - -2.858371256164346e-05
