Number: 452
Error: 7.953738414179606e-06
A1: [2.4126313935272232e-06, 2.4451578886754093e-06, 2.6886743601568853e-06, 2.4465849353992165e-06] - [0.20834832743406473, 0.33334793180803646, -0.04165151966903251, 1.5142773706570601e-05] - [0.1666702529124645, 0.6666701857643746, 0.16667037921040656, 3.6278177949234626e-06] - [-8.509706025522174e-07, -7.594652731259687e-07, -6.679018902015466e-07, -8.502417625919203e-07]
A2: [0.1666481869363798, -0.16668580214398868, -1.9794155862180425e-05, -1.8487739276647702e-05] - [0.1665821295559662, 0.3332458906028133, -9.032522627350605e-05, -8.456848887304188e-05] - [0.16664187913537482, 0.8333077176404758, -2.6426477674968584e-05, -2.479521082946498e-05] - [2.429355728961725e-06, 2.5035741279921372e-06, 2.570828623835736e-06, 2.4293543337957394e-06]
B1: 0.16671420779667176 - 0.6666361339162082 - 0.16658410667633447 - 5.1285131023476744e-05
B2: 0.16670838876508678 - 0.6667218733129204 - 0.1667365217864169 - 4.192227240272185e-05
