Number: 2240
Error: 6.949715682773856e-06
A1: [-3.7743901508894116e-06, -4.040623913440073e-06, -3.2562450284132772e-06, -3.590348325560524e-06] - [0.20833241988756357, 0.3333297001953795, -0.04166831958098728, -1.0344236872572183e-07] - [0.16666257361227563, 0.6666622926172897, 0.16666330833253384, -3.866247307961363e-06] - [-4.254195801846482e-06, -3.7979048437553594e-06, -3.3414163975803078e-06, -4.2505668366293345e-06]
A2: [0.16665847713224013, -0.16667509371975087, -8.920754890683928e-06, -8.229529264578499e-06] - [0.16658226281728658, 0.33324636908434546, -9.03791052560864e-05, -8.456065252142256e-05] - [0.1666276572530973, 0.8332931257677075, -4.156235497716571e-05, -3.904781986771001e-05] - [1.2026764563220848e-05, 1.2394342943196294e-05, 1.2727471145579993e-05, 1.2026761575207841e-05]
B1: 0.16669645731090738 - 0.6665695856184088 - 0.1665719736186888 - 5.128306781962183e-05
B2: 0.16668713835758794 - 0.6666885320155781 - 0.16669575660889435 - 2.144694126139055e-05
