Number: 1209
Error: 3.2823200769780853e-06
A1: [-5.893154361512562e-06, -5.299724825032371e-06, -4.139583254568267e-06, -5.790639026726659e-06] - [0.20831522875681743, 0.3333169236335515, -0.04167884617863747, -1.7652921352670695e-05] - [0.16665952377995044, 0.6666602140117389, 0.16666160382488018, -7.016420896851635e-06] - [-2.292173878838514e-06, -2.046200939500746e-06, -1.8000939386143536e-06, -2.290213956994826e-06]
A2: [0.16668137756126095, -0.16665156158943645, 1.5306886832479985e-05, 1.468934743223882e-05] - [0.16669450093204294, 0.3333618306676053, 2.8490927512003664e-05, 2.7749804303028592e-05] - [0.16666318097990163, 0.8333297012308553, -3.913116445230741e-06, -3.506369215874508e-06] - [6.496184206856707e-06, 6.694713042945799e-06, 6.874624972233514e-06, 6.496181271189606e-06]
B1: 0.16664161893209814 - 0.6666272879062257 - 0.16668273115230522 - -1.294695070469648e-05
B2: 0.16663463627584962 - 0.6666218411858774 - 0.16661472961221166 - -3.1502175218217307e-05
