Number: 926
Error: 7.681335695633085e-06
A1: [8.01075576627561e-07, 7.56449731409444e-07, 1.145414116186614e-06, 8.747925163270954e-07] - [0.2083442269605883, 0.3333432233808965, -0.041655840354941034, 1.1217512937986327e-05] - [0.16666824663891808, 0.6666681248164339, 0.16666853829603323, 1.6706273103005018e-06] - [-1.7532396002600381e-06, -1.5650285245195742e-06, -1.376708916225909e-06, -1.7517395302656187e-06]
A2: [0.1666509134862218, -0.1666829652283894, -1.691400928517384e-05, -1.5769668966803103e-05] - [0.16658214974894522, 0.33324600059067755, -9.035803671321492e-05, -8.458154333070867e-05] - [0.1666381028936263, 0.8333038429645685, -3.04456925610251e-05, -2.857959646303592e-05] - [4.973927940044041e-06, 5.125925771214096e-06, 5.263667576885831e-06, 4.973925437571028e-06]
B1: 0.1667097173437656 - 0.6666186875310844 - 0.16658106771389639 - 5.149970611800759e-05
B2: 0.16670238737214169 - 0.6667127583819034 - 0.16672553658462858 - 3.6126344202816924e-05
