Number: 2887
Error: 4.2074356863602234e-06
A1: [-1.1754486558381797e-05, -1.1445311746551579e-05, -9.781538580337499e-06, -1.1511077586218397e-05] - [0.20830007422398508, 0.3332995726470417, -0.041694869159769554, -3.2186635152328776e-05] - [0.16665226137212327, 0.6666527469345207, 0.16665490429900606, -1.4104962272505015e-05] - [-5.484947115834079e-06, -4.896727149305643e-06, -4.308292546984513e-06, -5.480275133961732e-06]
A2: [0.1666910201777699, -0.16664152571515953, 2.549852350584884e-05, 2.430196583247161e-05] - [0.16669458915406565, 0.33336224542909226, 2.840919777743853e-05, 2.7720384161329157e-05] - [0.1666498297180569, 0.8333160032480207, -1.8121031885785907e-05, -1.6886455394995067e-05] - [1.5501830143150892e-05, 1.5975629436619e-05, 1.6405038106945784e-05, 1.5501828336815327e-05]
B1: 0.16662468048161203 - 0.6665645443393345 - 0.16667103727072805 - -1.3229750976869915e-05
B2: 0.16661537815058808 - 0.6665910595293547 - 0.1665767899234016 - -5.0033348760027965e-05
