Number: 745
Error: 3.020865851982454e-06
A1: [-4.296057540231733e-06, -3.6255962656283027e-06, -2.6063141268552946e-06, -4.2324835047276555e-06] - [0.208319323059336, 0.3333216189802117, -0.0416745244331459, -1.3730205434861663e-05] - [0.1666615077290435, 0.6666622529853579, 0.16666342893217365, -5.080534996331286e-06] - [-1.4092148688345057e-06, -1.2578798668555478e-06, -1.1064542468341345e-06, -1.4080086350161195e-06]
A2: [0.16667870488624945, -0.16665434267085438, 1.2483090105515316e-05, 1.2024967762540544e-05] - [0.16669445978869016, 0.33336170035917545, 2.8499059159313867e-05, 2.774118747453491e-05] - [0.16666687046930306, 0.8333334868128544, 1.3678274659190831e-08, 1.910879584950123e-07] - [4.005437328129517e-06, 4.127832005266146e-06, 4.2387457027631705e-06, 4.0054351891680525e-06]
B1: 0.16664622085007466 - 0.6666445502715829 - 0.1666858692812291 - -1.2950844302032615e-05
B2: 0.16664021405145496 - 0.6666305300756031 - 0.16662531775000017 - -2.6125405891782883e-05
