Number: 281
Error: 2.749999072321195e-06
A1: [-2.716901339275822e-06, -1.9712558940688176e-06, -1.094692556646317e-06, -2.692252570897744e-06] - [0.20832334285244214, 0.33332623259781907, -0.04167029166543149, -9.881929417928825e-06] - [0.1666634724561279, 0.6666642709876969, 0.1666652312954021, -3.16385605838675e-06] - [-5.262244378945245e-07, -4.6952558532727116e-07, -4.1278932909705196e-07, -5.257736135196978e-07]
A2: [0.1666760477741951, -0.16665710752534058, 9.676146124139139e-06, 9.37615121162103e-06] - [0.16669448926957944, 0.33336164313692773, 2.8582551503625908e-05, 2.780319348876973e-05] - [0.16667057951059222, 0.8333372925076123, 3.961089986901985e-06, 3.908095918001732e-06] - [1.5144302340748795e-06, 1.560682464371129e-06, 1.6025934724226433e-06, 1.514429345190289e-06]
B1: 0.16665027707571417 - 0.6666613277704094 - 0.16668858230173575 - -1.3500050524607856e-05
B2: 0.1666463431822227 - 0.6666397099395776 - 0.16663633121826732 - -2.019727823419672e-05
