Number: 1750
Error: 7.220570723004173e-06
A1: [-2.077331423508759e-06, -2.261381546595492e-06, -1.6249004753356711e-06, -1.934420040669573e-06] - [0.20833678617475682, 0.33333470460723513, -0.04166370626759252, 4.081607406149175e-06] - [0.16666467994362674, 0.6666644578440121, 0.16666524854195028, -1.8106755749537633e-06] - [-3.3216098475841854e-06, -2.9652871064495486e-06, -2.608791483172156e-06, -3.3187732448673865e-06]
A2: [0.1666556569803415, -0.1666780286304402, -1.1901021755707963e-05, -1.1040915528823881e-05] - [0.16658222337767978, 0.3332462344485414, -9.03684124385695e-05, -8.456571661953097e-05] - [0.166631553609247, 0.8332971233745906, -3.741579414199872e-05, -3.51430412271312e-05] - [9.39691484062821e-06, 9.68410826659782e-06, 9.944378406223218e-06, 9.396911581573048e-06]
B1: 0.16670146884557863 - 0.6665879657268813 - 0.16657543840265934 - 5.143078333749802e-05
B2: 0.1666928081865118 - 0.6666975214300456 - 0.16670678746821993 - 2.690435039133655e-05
