Number: 732
Error: 7.791621583386759e-06
A1: [1.4596847389893786e-06, 1.4466889266200187e-06, 1.7761783922380904e-06, 1.517128271550136e-06] - [0.2083459015920231, 0.3333451470211689, -0.04165407522292915, 1.282043647798369e-05] - [0.1666690669285374, 0.6666689675217329, 0.16666929098673547, 2.4708292945576627e-06] - [-1.383962946526948e-06, -1.2353317044066293e-06, -1.0866113555758692e-06, -1.3827783081084736e-06]
A2: [0.16664979500374222, -0.16668412893914447, -1.809546477993842e-05, -1.688468092361007e-05] - [0.16658213101644737, 0.33324594486511266, -9.035553081479057e-05, -8.458666798500172e-05] - [0.16663964577257342, 0.8333054260679112, -2.880348708755941e-05, -2.7033384209566858e-05] - [3.932500012922064e-06, 4.052664761514689e-06, 4.161557573920283e-06, 3.932497906521252e-06]
B1: 0.16671163538659117 - 0.6666258999807854 - 0.1665823753482379 - 5.149202112487197e-05
B2: 0.16670478456279295 - 0.6667164274343167 - 0.16672996876303064 - 3.843944064487725e-05
