Number: 2434
Error: 6.842909423522403e-06
A1: [-4.4556309793180626e-06, -4.754927564712642e-06, -3.912521242185047e-06, -4.255296491586974e-06] - [0.20833065352171073, 0.33332767906238603, -0.041670188000760736, -1.7980184277238435e-06] - [0.16666173023141304, 0.6666614253858596, 0.16666252964987133, -4.689523686898535e-06] - [-4.623408227952696e-06, -4.127538061070748e-06, -3.6314634577288475e-06, -4.619466049665607e-06]
A2: [0.16665959092906177, -0.1666739344103756, -7.743403440320438e-06, -7.119202902043356e-06] - [0.16658226989802727, 0.33324641406498384, -9.039143432296203e-05, -8.456718227409656e-05] - [0.16662611305764094, 0.8332915415114206, -4.320555701845876e-05, -4.059535032756577e-05] - [1.3067902581807285e-05, 1.3467304634493854e-05, 1.3829277679515965e-05, 1.3067899849872359e-05]
B1: 0.16669450600202332 - 0.6665623369868561 - 0.16657062545109502 - 5.125740431722308e-05
B2: 0.16668493014665484 - 0.6666849803396165 - 0.16669136590536052 - 1.932283227556589e-05
