Number: 2481
Error: 3.985421464823099e-06
A1: [-1.0323104184572888e-05, -9.944401455901628e-06, -8.401720364873546e-06, -1.0113795509013188e-05] - [0.20830379427692508, 0.33330382719877144, -0.041690932836495546, -2.8616837761024966e-05] - [0.16665403190770028, 0.666654567758695, 0.16665654020554818, -1.2376502592623252e-05] - [-4.712492374753551e-06, -4.207080571297541e-06, -3.701462760092456e-06, -4.708474659825004e-06]
A2: [0.16668869358103333, -0.16664394757416237, 2.3038847281262974e-05, 2.198262712745898e-05] - [0.16669458957385697, 0.33336216651691497, 2.845004541088527e-05, 2.7749270004016603e-05] - [0.16665306467982557, 0.8333193220551611, -1.4678892282071107e-05, -1.3644518033648394e-05] - [1.3323128316921354e-05, 1.373033296232072e-05, 1.409937839061296e-05, 1.3323125658383658e-05]
B1: 0.1666287344306926 - 0.6665796941090063 - 0.1666738496417496 - -1.320554576634571e-05
B2: 0.16661996879328758 - 0.6665984797289817 - 0.1665859857412857 - -4.561859962893446e-05
