Number: 1860
Error: 7.159648347732669e-06
A1: [-2.4451188933302136e-06, -2.6468769498672425e-06, -1.976452075134273e-06, -2.2929865892836733e-06] - [0.2083358591087268, 0.3333336372767642, -0.0416646828107689, 3.1951769523343592e-06] - [0.1666642204212262, 0.6666639858499968, 0.16666482781377998, -2.258815326379992e-06] - [-3.530973076549609e-06, -3.152208606580046e-06, -2.773264848742953e-06, -3.5279584371840482e-06]
A2: [0.16665629267124923, -0.16667736728880764, -1.1229616309743004e-05, -1.0407192424591232e-05] - [0.1665822393964048, 0.33324627154141345, -9.036425850663797e-05, -8.455741466451618e-05] - [0.16663067991715894, 0.8332962269164154, -3.834572930731284e-05, -3.601862395805105e-05] - [9.987310418873099e-06, 1.0292550149151013e-05, 1.056917650387383e-05, 9.987307173793404e-06]
B1: 0.16670030037079953 - 0.666583798991751 - 0.16657462295653194 - 5.1354167608188935e-05
B2: 0.1666914884574945 - 0.6666954976177093 - 0.1667043487595749 - 2.563230815253852e-05
