Number: 2553
Error: 4.024867052143077e-06
A1: [-1.0574709201237098e-05, -1.0208211196994268e-05, -8.643929747562602e-06, -1.0359355221342741e-05] - [0.2083031435750399, 0.3333030822154566, -0.04169162087734805, -2.9240901710938764e-05] - [0.1666537201804413, 0.6666542472404599, 0.1666562526090055, -1.268077006089162e-05] - [-4.8494820952590174e-06, -4.329385149785541e-06, -3.809080163072339e-06, -4.8453482630611755e-06]
A2: [0.1666891067740815, -0.16664351750578535, 2.3475602024385646e-05, 2.2394533017918315e-05] - [0.16669459130445483, 0.3333621822667878, 2.8444503210066336e-05, 2.7745952480147244e-05] - [0.1666524913060027, 0.8333187338061518, -1.528901959891631e-05, -1.4219128853064612e-05] - [1.3709510107772385e-05, 1.4128525003997955e-05, 1.4508275391574344e-05, 1.3709507573403301e-05]
B1: 0.16662800761832827 - 0.6665770004683004 - 0.16667334487512006 - -1.3217719996465828e-05
B2: 0.16661914633982963 - 0.6665971624596047 - 0.16658436094682985 - -4.640985979478483e-05
