Number: 848
Error: 7.72552258949441e-06
A1: [1.06011020970493e-06, 1.0278892230219944e-06, 1.3926289962756844e-06, 1.1272897836640062e-06] - [0.20834487707069838, 0.333343972347278, -0.041655156378311714, 1.1838814289092634e-05] - [0.16666857063221086, 0.6666684575050463, 0.16666883447664377, 1.9865497659688494e-06] - [-1.6047675842151985e-06, -1.4324699746798485e-06, -1.2600714420904705e-06, -1.6033943024555759e-06]
A2: [0.16665046257267235, -0.16668343428481286, -1.739015540635765e-05, -1.6219187151168764e-05] - [0.16658213867131907, 0.3332459747396648, -9.036036543473627e-05, -8.458714971851806e-05] - [0.166638722669914, 0.8333044789219815, -2.978596230932555e-05, -2.7958479953659944e-05] - [4.555213516151475e-06, 4.694412603301524e-06, 4.820555375651177e-06, 4.5552111631743736e-06]
B1: 0.16671051573422574 - 0.6666216129513004 - 0.1665816174055523 - 5.1523847044520395e-05
B2: 0.1667033640104551 - 0.6667142284691088 - 0.16672729462300234 - 3.706917090069955e-05
