Number: 2066
Error: 7.045718020958877e-06
A1: [-3.1643530281328283e-06, -3.4009861307745765e-06, -2.6687077218864614e-06, -2.994923560434393e-06] - [0.20833400022139392, 0.33333150881130047, -0.04166664815920035, 1.4125057215486863e-06] - [0.16666332906408432, 0.6666630694052753, 0.1666640056415148, -3.128827004066114e-06] - [-3.923039838144136e-06, -3.5022478231039856e-06, -3.0812658992496584e-06, -3.919692035308679e-06]
A2: [0.1666574774100648, -0.16667613425557806, -9.977463867052564e-06, -9.226138753133928e-06] - [0.16658225381955954, 0.3332463261140609, -9.037064885291869e-05, -8.455744318980357e-05] - [0.16662904165878592, 0.8332945461067723, -4.008914417791592e-05, -3.7660423176120124e-05] - [1.1092927533379292e-05, 1.1431961967909314e-05, 1.1739218540137449e-05, 1.1092924387407794e-05]
B1: 0.16669821237608662 - 0.6665760901783863 - 0.1665731841391978 - 5.131098315978462e-05
B2: 0.16668912396351362 - 0.6666917195355805 - 0.16669969344336436 - 2.3357116402330713e-05
