Number: 2051
Error: 3.7491839793451744e-06
A1: [-8.839712622121318e-06, -8.389198844830257e-06, -6.976603178111981e-06, -8.666490339423558e-06] - [0.2083076028392063, 0.3333081944726502, -0.04168691000576209, -2.4967291218682226e-05] - [0.16665587416315142, 0.6666564614212253, 0.1666582361468558, -1.0578782014444838e-05] - [-3.894336458745646e-06, -3.4766272244450205e-06, -3.05872866179064e-06, -3.891013028243419e-06]
A2: [0.16668622067705144, -0.1666465211029146, 2.04255590993234e-05, 1.951741050312487e-05] - [0.16669456329586307, 0.33336205693659793, 2.846808889548033e-05, 2.775314008022848e-05] - [0.16665648619243728, 0.833322832457429, -1.103777190757513e-05, -1.0215618297493868e-05] - [1.1015470822371923e-05, 1.135213876145678e-05, 1.1657250457516884e-05, 1.1015467664109509e-05]
B1: 0.1666331437132924 - 0.6665958416576705 - 0.16667691616013006 - -1.3064277379087874e-05
B2: 0.16662495244382658 - 0.6666063584691493 - 0.16659563771673727 - -4.08212444654712e-05
