Number: 2790
Error: 6.647616720866701e-06
A1: [-5.684935069762292e-06, -6.043732980627257e-06, -5.093678141856422e-06, -5.454723497973468e-06] - [0.20832749591820993, 0.3333240586488487, -0.041673523491663866, -4.823966334532237e-06] - [0.16666020361295056, 0.6666598561789805, 0.16666112410221426, -6.1792713045114135e-06] - [-5.300918653945479e-06, -4.732419197022806e-06, -4.163706658970068e-06, -5.2964024363187315e-06]
A2: [0.16666163661340735, -0.16667180538727272, -5.58145565168735e-06, -5.0798870154252015e-06] - [0.16658228555995117, 0.3332464988098138, -9.041233415832503e-05, -8.457649722143262e-05] - [0.1666232788404481, 0.8332886337250192, -4.6221570144440845e-05, -4.3435687994958936e-05] - [1.4978343832965413e-05, 1.5436140742987146e-05, 1.5851044117065637e-05, 1.4978341790435785e-05]
B1: 0.16669086114842893 - 0.6665489696791106 - 0.16656808371883008 - 5.114607064868008e-05
B2: 0.16668081299067525 - 0.6666784626812984 - 0.16668337697476168 - 1.536001376516795e-05
