Number: 736
Error: 7.789357511238295e-06
A1: [1.454992830961462e-06, 1.4418451289399801e-06, 1.7730610009431932e-06, 1.5127633899587848e-06] - [0.20834590286359256, 0.3333451451726159, -0.04165407178985365, 1.282315230799164e-05] - [0.1666690589999634, 0.6666689596363136, 0.16666928546248277, 2.463306310358145e-06] - [-1.3915784013398868e-06, -1.2421311581982767e-06, -1.092594390558839e-06, -1.3903872547621164e-06]
A2: [0.1666498195637982, -0.16668410352226615, -1.806976159100676e-05, -1.686019242623051e-05] - [0.16658213527984173, 0.3332459496907014, -9.03521166634646e-05, -8.458268516507768e-05] - [0.1666396144007826, 0.8333053938422045, -2.8836957218624222e-05, -2.70648247266893e-05] - [3.953972987917572e-06, 4.074794104651055e-06, 4.184281751458552e-06, 3.953970872555844e-06]
B1: 0.16671156731502562 - 0.6666257239906971 - 0.16658232235276996 - 5.146363099625945e-05
B2: 0.16670470424589273 - 0.6667163486106631 - 0.16672990344149644 - 3.8360858157874425e-05
