Number: 1814
Error: 7.185101911906282e-06
A1: [-2.295676693224345e-06, -2.4902743004315862e-06, -1.8342886254509731e-06, -2.1473962227196096e-06] - [0.2083362292310652, 0.3333340650699992, -0.04166429396770491, 3.548323069569253e-06] - [0.16666440817905723, 0.6666641785760477, 0.16666499885445574, -2.075813269885249e-06] - [-3.4434204265647936e-06, -3.074040616593682e-06, -2.704484135531795e-06, -3.440480228891027e-06]
A2: [0.16665602611179234, -0.16667764453819253, -1.1511035603419436e-05, -1.0672928980926448e-05] - [0.16658223082688517, 0.33324625425565385, -9.036766817234567e-05, -8.456275715436622e-05] - [0.16663104506997925, 0.8332966016011792, -3.7957032821720665e-05, -3.5652680496235936e-05] - [9.740419289592436e-06, 1.0038112428094694e-05, 1.0307898928645193e-05, 9.740416035350376e-06]
B1: 0.16670080346166619 - 0.666585555305266 - 0.1665749772341179 - 5.140067572920938e-05
B2: 0.16669205497848372 - 0.6666963449813711 - 0.16670535528827113 - 2.617888687022818e-05
