Number: 24
Error: 8.216352897289367e-06
A1: [3.6943250486829057e-06, 3.7851012246652798e-06, 3.885862107093624e-06, 3.692540140227759e-06] - [0.2083513268253225, 0.333351434673803, -0.041648412405796184, 1.7984631308656748e-05] - [0.1666718869818557, 0.6666718579111964, 0.1666718413688282, 5.217735157277745e-06] - [-3.618569720820142e-08, -3.2001713733819095e-08, -2.7814793021537842e-08, -3.6154965240299965e-08]
A2: [0.16664573644216488, -0.1666883498018181, -2.237838626081551e-05, -2.0930576853721712e-05] - [0.1665822050458277, 0.333245892960566, -9.01862214352001e-05, -8.4462979750457e-05] - [0.16664532431094176, 0.8333112531800744, -2.275903739189282e-05, -2.1342682771756647e-05] - [1.3162758782460476e-07, 1.3561150274476585e-07, 1.392187389109831e-07, 1.3162755746948016e-07]
B1: 0.1667176304185749 - 0.666651365840024 - 0.1665864392580776 - 5.0460671194245136e-05
B2: 0.16671535146374383 - 0.666731097719467 - 0.16674685139757858 - 4.869944656286068e-05
