Number: 1143
Error: 3.245420262150148e-06
A1: [-5.672323074320371e-06, -5.068273423817378e-06, -3.928504028836291e-06, -5.575340627399053e-06] - [0.20831578565127476, 0.3333175646601019, -0.04167825965249463, -1.7120408977145785e-05] - [0.16665979959656144, 0.6666604973120743, 0.16666185636311817, -6.747434521096612e-06] - [-2.1665826531923563e-06, -1.9340709768669763e-06, -1.701430846675649e-06, -2.1647298361832505e-06]
A2: [0.16668099603565686, -0.16665195849289954, 1.4903953211182712e-05, 1.4309001812822304e-05] - [0.1666944910080626, 0.3333618081541452, 2.84882118594746e-05, 2.7744507238616965e-05] - [0.1666637051175674, 0.8333302390420476, -3.355211225169365e-06, -2.9810980837214367e-06] - [6.1419148254868494e-06, 6.329614797684445e-06, 6.4997126399337e-06, 6.141911974302082e-06]
B1: 0.1666423079194696 - 0.666629775730662 - 0.1666832079913405 - -1.2913083429042378e-05
B2: 0.16663543948005755 - 0.6666230672581218 - 0.16661620513549094 - -3.0727564450155716e-05
