Number: 2560
Error: 6.773695386081259e-06
A1: [-4.889921788833903e-06, -5.210233217945981e-06, -4.329681236831133e-06, -4.67901346601326e-06] - [0.20832953917183594, 0.33332640109055905, -0.04167136494573167, -2.86577386231507e-06] - [0.16666119071993138, 0.6666608708466312, 0.16666203308219116, -5.2159858826260894e-06] - [-4.863204259456092e-06, -4.341628189489884e-06, -3.8198440163839234e-06, -4.859058802094663e-06]
A2: [0.1666603153594374, -0.16667318048993787, -6.977837188069172e-06, -6.39702653462121e-06] - [0.16658227678017645, 0.3332464453803668, -9.03975301531006e-05, -8.456914012183283e-05] - [0.16662511021855217, 0.8332905126315969, -4.427274419394804e-05, -4.160035556747416e-05] - [1.3744084816062823e-05, 1.4164155192188512e-05, 1.4544862223032245e-05, 1.3744082295648577e-05]
B1: 0.1666932126571241 - 0.666557603361559 - 0.16656972423433766 - 5.1214697327671654e-05
B2: 0.16668346937136874 - 0.6666826724507228 - 0.16668853992429045 - 1.7916681647333558e-05
