Number: 1136
Error: 7.563015190913587e-06
A1: [7.641458044283621e-08, -3.1936343034332656e-09, 4.494051429640799e-07, 1.6775800935468059e-07] - [0.20834236671123646, 0.3333410906116484, -0.04165780452194231, 9.434930385818502e-06] - [0.16666734672631323, 0.666667199899048, 0.1666677100724159, 7.924697949856456e-07] - [-2.152960800615565e-06, -1.9219056363662485e-06, -1.690722773477232e-06, -2.1511196166828894e-06]
A2: [0.1666521237148802, -0.1666817058909645, -1.563531187156507e-05, -1.4563197050453915e-05] - [0.16658217128106836, 0.33324606263585727, -9.035856154351632e-05, -8.457474172536034e-05] - [0.16663643387298546, 0.8333021304855701, -3.222206875732735e-05, -3.025222556620958e-05] - [6.101208495204276e-06, 6.287663565326376e-06, 6.456633148795813e-06, 6.101205656522212e-06]
B1: 0.1667076198748542 - 0.6666108626383473 - 0.16657963806412418 - 5.148683654461277e-05
B2: 0.1666998830403349 - 0.666708840239155 - 0.1667207531017886 - 3.371304295324199e-05
