Number: 155
Error: 2.672663177277849e-06
A1: [-2.3016466848963036e-06, -1.5367222948458893e-06, -7.000540711246445e-07, -2.287555138746212e-06] - [0.20832437881485644, 0.3333274253400845, -0.04166920682262819, -8.892489024293701e-06] - [0.16666399178386399, 0.6666648036878493, 0.16666570433975147, -2.657562704205741e-06] - [-2.864444455470435e-07, -2.5544314748853133e-07, -2.244207582511844e-07, -2.861990792150904e-07]
A2: [0.16667533328274037, -0.16665785092950883, 8.921640137224307e-06, 8.66391251402992e-06] - [0.16669453030592973, 0.33336166185083366, 2.8640615486958434e-05, 2.785306216128104e-05] - [0.16667159612478413, 0.8333383356328549, 5.042938858091487e-06, 4.926873361978417e-06] - [8.379398429160192e-07, 8.635137946929484e-07, 8.866859629818577e-07, 8.379393627132235e-07]
B1: 0.16665115105172149 - 0.6666656853707678 - 0.16668914962433082 - -1.387645375633894e-05
B2: 0.16664826858744056 - 0.666642419531276 - 0.16663949118187527 - -1.8326457475491137e-05
