Number: 923
Error: 3.1217939809811505e-06
A1: [-4.9119749041098874e-06, -4.27119964916161e-06, -3.1980145242274193e-06, -4.833458895142489e-06] - [0.2083177394929108, 0.3333198042863101, -0.041676196356636025, -1.5247934928147648e-05] - [0.16666074343457726, 0.6666614674397547, 0.16666272529038167, -5.826387919270198e-06] - [-1.7479404681033675e-06, -1.5603003486373314e-06, -1.3725518310832117e-06, -1.746444907215984e-06]
A2: [0.1666797288277002, -0.16665327714338207, 1.3565006637950202e-05, 1.3045726967322584e-05] - [0.1666944706459515, 0.33336174537856894, 2.8490941227661423e-05, 2.773956720877779e-05] - [0.16666545401656488, 0.8333320334769189, -1.4938459564693217e-06, -1.228421213263537e-06] - [4.960969825606442e-06, 5.11257211281097e-06, 5.2499554656299285e-06, 4.9609673253585825e-06]
B1: 0.16664449937321227 - 0.6666379686004911 - 0.1666847027022434 - -1.2905434839914116e-05
B2: 0.1666380570426974 - 0.6666271697434292 - 0.16662121855732243 - -2.8205306131226236e-05
