Number: 2577
Error: 4.038050003091057e-06
A1: [-1.0674553186721423e-05, -1.0313020635431966e-05, -8.742435930242113e-06, -1.0457168802122865e-05] - [0.20830286233229664, 0.33330276593152286, -0.04169192179299704, -2.9513203527008232e-05] - [0.16665360013011146, 0.6666541233528537, 0.16665613878864666, -1.2798318355257532e-05] - [-4.895143074959679e-06, -4.3701505480063535e-06, -3.844949350337309e-06, -4.89097054776108e-06]
A2: [0.16668924176633734, -0.16664337675355384, 2.3618725634675675e-05, 2.252909634055084e-05] - [0.16669458470224255, 0.33336218069259704, 2.8436208241772604e-05, 2.7737668009751175e-05] - [0.16665229934181475, 0.833318536926492, -1.549314604325439e-05, -1.4411505269198647e-05] - [1.383831137842921e-05, 1.4261263224984222e-05, 1.4644582128944528e-05, 1.3838308888045889e-05]
B1: 0.16662781786482697 - 0.6665761526948529 - 0.1666732243180362 - -1.3169217165681727e-05
B2: 0.1666189267347583 - 0.6665967281161006 - 0.1665837715435509 - -4.661907202642758e-05
