Number: 708
Error: 7.80540000311754e-06
A1: [1.559747590463923e-06, 1.551701322315133e-06, 1.8748691069630222e-06, 1.6151601064322605e-06] - [0.20834618359910123, 0.33334546400901055, -0.0416537736706403, 1.3093500837596102e-05] - [0.16666918718335097, 0.6666690915979526, 0.1666694049748069, 2.58858103820305e-06] - [-1.338281565011255e-06, -1.1945469737753716e-06, -1.0507257961588925e-06, -1.3371359670899066e-06]
A2: [0.16664965996398465, -0.16668426972664974, -1.823860852763592e-05, -1.701929134079004e-05] - [0.16658213763614896, 0.3332459465125046, -9.034709908526927e-05, -8.457836487004717e-05] - [0.16663983778230887, 0.8333056230084032, -2.8599283799597753e-05, -2.6840962122201378e-05] - [3.8036611214286656e-06, 3.9198876951713585e-06, 4.025211543342551e-06, 3.803659069608212e-06]
B1: 0.1667118061804652 - 0.6666267290305475 - 0.16658247716979524 - 5.142453292714251e-05
B2: 0.16670502216919916 - 0.6667168802929765 - 0.1667305770900307 - 3.866664482006552e-05
