Number: 2950
Error: 6.560067673676803e-06
A1: [-6.254645195983518e-06, -6.641150690791143e-06, -5.643681647441807e-06, -6.010989597771794e-06] - [0.20832600741367177, 0.33332235824652023, -0.0416750997360847, -6.253234362129281e-06] - [0.16665950009629638, 0.6666591325443494, 0.1666604730411426, -6.8662009053364294e-06] - [-5.605404449566417e-06, -5.004262439393614e-06, -4.402905191168187e-06, -5.600630548255381e-06]
A2: [0.1666625523274495, -0.16667085207400503, -4.613191534662816e-06, -4.167035187000438e-06] - [0.16658228206582942, 0.33324652674529404, -9.043147290266562e-05, -8.459121726169278e-05] - [0.16662200343677006, 0.833287325302621, -4.757858481450952e-05, -4.4713842685752345e-05] - [1.583692718603972e-05, 1.6320967588619754e-05, 1.6759659235367033e-05, 1.58369255457903e-05]
B1: 0.1666892820063558 - 0.6665430163224747 - 0.16656699101369848 - 5.115503869224622e-05
B2: 0.16667902336344334 - 0.6666755404814667 - 0.16667973688756368 - 1.3639750468663839e-05
