Number: 1622
Error: 7.291672314055974e-06
A1: [-1.6166523202861107e-06, -1.7782620383990086e-06, -1.1794458738279755e-06, -1.4845021915177954e-06] - [0.20833799667395472, 0.3333360857101116, -0.04166242342602547, 5.244695166653079e-06] - [0.16666524771488014, 0.6666650419812017, 0.16666577487552123, -1.2561814873644963e-06] - [-3.0779916530314953e-06, -2.747783388051669e-06, -2.4174103375053806e-06, -3.0753623270831452e-06]
A2: [0.16665492265713144, -0.16667879307693997, -1.2677467827651253e-05, -1.1772948937067188e-05] - [0.16658221859281278, 0.3332462044186962, -9.036087325862258e-05, -8.456152213550038e-05] - [0.16663257179683533, 0.8332981679673513, -3.633233770942972e-05, -3.412265370975883e-05] - [8.709893104260364e-06, 8.976086721393789e-06, 9.217323979682164e-06, 8.709889863227737e-06]
B1: 0.16670271956610117 - 0.6665927096800077 - 0.1665762869448013 - 5.141087757346511e-05
B2: 0.16669423488095014 - 0.6666998693845195 - 0.16670972575856513 - 2.8275558638255036e-05
