Number: 807
Error: 3.0561400427348075e-06
A1: [-4.512544129984296e-06, -3.852523227858478e-06, -2.814565946451501e-06, -4.44376369138255e-06] - [0.20831876363862017, 0.33332097864812926, -0.04167511544181296, -1.4266686628713371e-05] - [0.16666123955235537, 0.666661977303912, 0.1666631816767877, -5.342286287794018e-06] - [-1.5271985203504515e-06, -1.3632178761762057e-06, -1.1991402609334369e-06, -1.525891481486373e-06]
A2: [0.16667906101946342, -0.1666539720418487, 1.2859439835564993e-05, 1.2379992567232264e-05] - [0.16669446189844095, 0.33336171438831314, 2.849460486956134e-05, 2.773895120771047e-05] - [0.1666663767872442, 0.8333329802833161, -5.117253193957979e-07, -3.0365866689898734e-07] - [4.338268510434486e-06, 4.470836789897502e-06, 4.590970352436536e-06, 4.338266237899634e-06]
B1: 0.16664563440026534 - 0.6666422700001229 - 0.16668547423924523 - -1.2921859076897327e-05
B2: 0.16663946380655842 - 0.6666293546569875 - 0.16662387862597344 - -2.6848793336678412e-05
