Number: 871
Error: 3.092407285904214e-06
A1: [-4.731295312478244e-06, -4.081797554374533e-06, -3.024309024925064e-06, -4.657145070211869e-06] - [0.20831820514539368, 0.3333203376593108, -0.041675704491333274, -1.480151857156905e-05] - [0.16666096747874776, 0.6666616977417534, 0.16666293171539576, -5.607731846092531e-06] - [-1.6489874733236174e-06, -1.4719533742026915e-06, -1.294815925972057e-06, -1.6475764092935913e-06]
A2: [0.16667942966686966, -0.16665358846419662, 1.3248886785688571e-05, 1.2747495775564813e-05] - [0.1666944671252629, 0.3333617318412825, 2.8492891460088444e-05, 2.7739691648634538e-05] - [0.16666586767142225, 0.8333324578996477, -1.0535995001279103e-06, -8.138734514772297e-07] - [4.681828935321996e-06, 4.824898773158527e-06, 4.954549470615847e-06, 4.681826533542558e-06]
B1: 0.16664500563502183 - 0.6666398942460947 - 0.1666850459784976 - -1.2915346370466916e-05
B2: 0.1666386797940181 - 0.6666281464050932 - 0.16662241359335042 - -2.7605080823461534e-05
