Number: 1356
Error: 7.439796757346238e-06
A1: [-7.074789285133572e-07, -8.251741937275404e-07, -3.073516281342709e-07, -5.976463447533896e-07] - [0.20834031813484072, 0.33333875075357633, -0.04165997353791013, 7.467813806490117e-06] - [0.1666663789048653, 0.6666662044339995, 0.16666681445291295, -1.5253746488374947e-07] - [-2.5717014940436e-06, -2.2957619262631383e-06, -2.0196766229405852e-06, -2.5695033198060484e-06]
A2: [0.16665338784778422, -0.16668039007210753, -1.429896271902843e-05, -1.3302999766258498e-05] - [0.1665821851730171, 0.33324611964433765, -9.036640769293789e-05, -8.457628216197492e-05] - [0.16663468474150364, 0.8333003359238953, -3.4083472428645404e-05, -3.200513761426566e-05] - [7.2821238762920975e-06, 7.504675514140534e-06, 7.706359261188316e-06, 7.282120790104625e-06]
B1: 0.16670546920634516 - 0.6666027102897232 - 0.1665781837429087 - 5.152009224626306e-05
B2: 0.1666973752323771 - 0.6667047739112659 - 0.16671569848756032 - 3.130059985855054e-05
