Number: 338
Error: 8.021408843588142e-06
A1: [2.811662193659915e-06, 2.8631858120368685e-06, 3.072160576293375e-06, 2.836041338389539e-06] - [0.20834935915976124, 0.33334911158483227, -0.041650431317244, 1.6132316137642754e-05] - [0.1666707467379242, 0.6666706932143649, 0.16667083421209697, 4.1098272143371046e-06] - [-6.339615561026914e-07, -5.657148747822762e-07, -4.974238545436496e-07, -6.334184812580436e-07]
A2: [0.16664753790971978, -0.16668647768768788, -2.0480087344874077e-05, -1.9134726553825296e-05] - [0.16658214972906538, 0.33324588941673056, -9.029189743115721e-05, -8.454031985380642e-05] - [0.16664279312747965, 0.8333086553983066, -2.5453881794306446e-05, -2.3879260258497753e-05] - [1.8173475511282664e-06, 1.8728587859310423e-06, 1.923160446048007e-06, 1.8173464901828827e-06]
B1: 0.1667151055642525 - 0.6666401653061126 - 0.16658469047908994 - 5.105137523182667e-05
B2: 0.16670990861217647 - 0.6667241765903997 - 0.16673931091209082 - 4.339270556099851e-05
