Number: 2067
Error: 3.757964125095762e-06
A1: [-8.882315377413108e-06, -8.433766329401463e-06, -7.015623109681749e-06, -8.70776238662121e-06] - [0.20830751184480847, 0.33330808553832825, -0.04168700327509961, -2.5052417265673094e-05] - [0.1666558183384362, 0.6666564043987885, 0.1666581871966145, -1.0632961743729615e-05] - [-3.92478126893009e-06, -3.503809073736438e-06, -3.082646790306691e-06, -3.921431978605301e-06]
A2: [0.16668631489162813, -0.16664642325045145, 2.0524778495849994e-05, 1.9611338944708735e-05] - [0.16669457008582325, 0.33336206654620465, 2.8472652420786362e-05, 2.775880792182799e-05] - [0.16665635957966257, 0.8333227025032267, -1.1172626361711478e-05, -1.0342506009651586e-05] - [1.110133384727279e-05, 1.1440626328016371e-05, 1.1748116832625693e-05, 1.1101330700159462e-05]
B1: 0.16663293820746816 - 0.6665952013867161 - 0.16667676464280892 - -1.3111005810955141e-05
B2: 0.16662472381070023 - 0.6666060613691313 - 0.16659531606064518 - -4.104294215969594e-05
