Number: 293
Error: 2.757239555061004e-06
A1: [-2.7552219162818254e-06, -2.0113558471471063e-06, -1.1309363494997453e-06, -2.7295688711442585e-06] - [0.20832324910080335, 0.3333261241467169, -0.041670389608707316, -9.971255068104906e-06] - [0.16666342422089028, 0.6666642215380495, 0.16666518758628185, -3.210851105341777e-06] - [-5.490605740331577e-07, -4.899143416163732e-07, -4.307291964331585e-07, -5.485901899749016e-07]
A2: [0.1666761163416293, -0.16665703620716812, 9.748517378542937e-06, 9.444504088709525e-06] - [0.16669448720536786, 0.3333616432013655, 2.8578866021503787e-05, 2.780028806248417e-05] - [0.16667048308910093, 0.8333371935653882, 3.858462809233045e-06, 3.8114683899440126e-06] - [1.5788556784659397e-06, 1.627077201235169e-06, 1.6707728091538715e-06, 1.578854752042203e-06]
B1: 0.16665018093211154 - 0.6666609010667828 - 0.16668851778570984 - -1.3477107117013657e-05
B2: 0.1666461625947354 - 0.6666394584303705 - 0.1666360407581777 - -2.0372666914265363e-05
