Number: 1524
Error: 7.346148767217115e-06
A1: [-1.2867643397056399e-06, -1.4324770921197558e-06, -8.637821858378462e-07, -1.1628315386805816e-06] - [0.20833883153657592, 0.33333704602033437, -0.041661543517499976, 6.043346142388918e-06] - [0.1666656593480589, 0.6666654648472122, 0.1666661521875904, -8.546917727225689e-07] - [-2.8914642027616056e-06, -2.581249579860969e-06, -2.2708768401691673e-06, -2.8889936612486656e-06]
A2: [0.16665435640449486, -0.16667938219883188, -1.3275572608463213e-05, -1.2337448435741628e-05] - [0.16658220425697662, 0.3332461712687116, -9.03647178074733e-05, -8.456898324116822e-05] - [0.16663335004020957, 0.8332989664900825, -3.5503993729950055e-05, -3.3342726077121746e-05] - [8.183881214225252e-06, 8.433996470986245e-06, 8.660661497442538e-06, 8.183878011789199e-06]
B1: 0.16670375103692023 - 0.6665964119516736 - 0.166577003033568 - 5.146957883334976e-05
B2: 0.1666954069753632 - 0.666701675647742 - 0.16671190892029902 - 2.9405169555731116e-05
