Number: 2632
Error: 6.734183267281787e-06
A1: [-5.14150729999046e-06, -5.474019155135149e-06, -4.571861889947992e-06, -4.924553573537743e-06] - [0.20832888862386528, 0.3333256562704668, -0.04167205281069799, -3.489683412425575e-06] - [0.16666087897188459, 0.666660550317093, 0.1666617454843561, -5.5202740189113286e-06] - [-5.0002282108975284e-06, -4.463963019773441e-06, -3.9274879290792304e-06, -4.995966647978389e-06]
A2: [0.16666072860864795, -0.16667275036060683, -6.541022598992065e-06, -5.985065326137394e-06] - [0.16658227870858677, 0.33324646134672026, -9.040286065940595e-05, -8.457226320004687e-05] - [0.16662453687200132, 0.8332899244138697, -4.4882842040025795e-05, -4.217493996000978e-05] - [1.4130467434368124e-05, 1.4562348041435033e-05, 1.4953760096662319e-05, 1.4130465050801967e-05]
B1: 0.1666924851634838 - 0.6665549091487907 - 0.16656921908958663 - 5.1201857155424275e-05
B2: 0.16668264673768116 - 0.6666813550861157 - 0.16668691525569243 - 1.7125261821074325e-05
