Number: 375
Error: 2.8062674210278225e-06
A1: [-3.020752109828809e-06, -2.2892970381864005e-06, -1.3827792200847136e-06, -2.9882329817066107e-06] - [0.20832259355487728, 0.3333253671529034, -0.04167107580090547, -1.0596542387545469e-05] - [0.1666630908426907, 0.6666638796134433, 0.16666488464029805, -3.5357510972549764e-06] - [-7.051074806361254e-07, -6.292373106168298e-07, -5.533181144710774e-07, -7.045034733052241e-07]
A2: [0.16667658541018168, -0.16665654828287088, 1.0243695605444024e-05, 9.912106526528907e-06] - [0.16669447625908757, 0.3333616469943398, 2.8557220557212377e-05, 2.7783593552703164e-05] - [0.16666982526039936, 0.8333365185492734, 3.1583011821959833e-06, 3.1522317744138056e-06] - [2.0190914809383946e-06, 2.0807696865082303e-06, 2.1366599716657886e-06, 2.0190903048607996e-06]
B1: 0.1666495029235685 - 0.6666579675060109 - 0.16668806242986392 - -1.3341319823893368e-05
B2: 0.16664496716083638 - 0.6666377666792026 - 0.16663407040889294 - -2.153257625126003e-05
