Number: 1762
Error: 7.213925702024113e-06
A1: [-2.1152756852161947e-06, -2.301135201091306e-06, -1.660828802984395e-06, -1.9713604643164253e-06] - [0.20833669381349257, 0.3333345974372453, -0.0416638030407699, 3.99367073064503e-06] - [0.16666463201527815, 0.6666644086787856, 0.16666520509304086, -1.857364275242727e-06] - [-3.344450078742076e-06, -2.985679174954973e-06, -2.6267346652985766e-06, -3.341594048959051e-06]
A2: [0.1666557267099199, -0.1666779561210142, -1.1827433853397737e-05, -1.097140062059721e-05] - [0.16658222613111417, 0.3332462394523315, -9.036705325797228e-05, -8.456380501081508e-05] - [0.16663145841922275, 0.8332970256950987, -3.751713189392871e-05, -3.523843750010906e-05] - [9.461322197570557e-06, 9.75048433250235e-06, 1.0012538797154599e-05, 9.461318938725197e-06]
B1: 0.16670133421737945 - 0.6665875043620297 - 0.16657534298206145 - 5.141526162290839e-05
B2: 0.16669265672884637 - 0.6666972999550332 - 0.1667065278959674 - 2.6758095120001343e-05
