Number: 2915
Error: 4.222661642530145e-06
A1: [-1.1835021704997331e-05, -1.1529620434233387e-05, -9.85647537928071e-06, -1.1589278469295048e-05] - [0.20829989089057888, 0.3332993565652565, -0.04169505918386046, -3.2359676392689776e-05] - [0.16665215763553148, 0.6666526407619526, 0.16665481191044892, -1.4205814783572836e-05] - [-5.538221368179856e-06, -4.944291141046755e-06, -4.350145937579043e-06, -5.5335043067484745e-06]
A2: [0.16669118361012428, -0.16664135586690523, 2.5670817520756637e-05, 2.4464897497725534e-05] - [0.16669459676438814, 0.3333622581058103, 2.8413186727416705e-05, 2.7726030727674825e-05] - [0.16664960744194782, 0.8333157751404793, -1.8357697535931394e-05, -1.7109212740718954e-05] - [1.5652069564243236e-05, 1.6130461123280818e-05, 1.656403244466378e-05, 1.56520678302443e-05]
B1: 0.16662434167858173 - 0.6665634426723831 - 0.1666707887853868 - -1.3290696597372331e-05
B2: 0.16661499975754765 - 0.6665905426661669 - 0.16657621040926532 - -5.039960511856729e-05
