Number: 2937
Error: 4.2346487567675e-06
A1: [-1.190856921814826e-05, -1.1606709648316409e-05, -9.926777505860553e-06, -1.1660982078517725e-05] - [0.20829970548032775, 0.3332991431008334, -0.04169525449667503, -3.253696032657133e-05] - [0.16665206575205183, 0.6666525463814758, 0.16665472777746734, -1.4295422271494336e-05] - [-5.580078092361588e-06, -4.981660876799567e-06, -4.3830284403609835e-06, -5.5753256169538755e-06]
A2: [0.16669131026435477, -0.16664122408490215, 2.580461285868612e-05, 2.459115840678077e-05] - [0.16669459814297027, 0.3333622636933177, 2.841219021540488e-05, 2.7725866649840186e-05] - [0.16664943226020354, 0.8333155954044914, -1.8544128189040272e-05, -1.7284772531547067e-05] - [1.5770119751576358e-05, 1.6252119653412317e-05, 1.6688961757628866e-05, 1.5770118075654336e-05]
B1: 0.16662410922148377 - 0.6665626092826682 - 0.1666706242154514 - -1.330480895237402e-05
B2: 0.16661473750723535 - 0.6665901396041123 - 0.16657572433794587 - -5.0652322770955134e-05
