Number: 1823
Error: 3.6233882288185222e-06
A1: [-8.046872193620947e-06, -7.557928640183059e-06, -6.213959260677186e-06, -7.8927907814141e-06] - [0.20830964758792198, 0.33331053688152207, -0.04168474882919597, -2.30068837342435e-05] - [0.16665685734736616, 0.6666574722173247, 0.16665914245074548, -9.619219100349494e-06] - [-3.460509866951843e-06, -3.08930377357788e-06, -2.7179203538663282e-06, -3.457555127699247e-06]
A2: [0.166684909242803, -0.16664788594622063, 1.903958006654011e-05, 1.821005231013479e-05] - [0.16669454728745642, 0.3333619966220424, 2.8475307980902067e-05, 2.775311629547236e-05] - [0.1666582995190461, 0.8333246929008143, -9.108033917749548e-06, -8.398375274424786e-06] - [9.791795844353563e-06, 1.0091060356605593e-05, 1.0362271108810621e-05, 9.791792589373493e-06]
B1: 0.16663546292898893 - 0.6666043823823299 - 0.16667851802493414 - -1.3008180562821932e-05
B2: 0.16662757913221318 - 0.666610539807882 - 0.16660077994153977 - -3.829333152798765e-05
