Number: 2108
Error: 7.022533797304423e-06
A1: [-3.3091250752642707e-06, -3.552764117493889e-06, -2.8077705947045547e-06, -3.136170835635892e-06] - [0.20833362874506253, 0.3333310827927066, -0.0416670405015049, 1.056561283197913e-06] - [0.1666631492182407, 0.6666628845499308, 0.16666384011161167, -3.3043227607179386e-06] - [-4.002975219867666e-06, -3.5736145230421935e-06, -3.1440619709339334e-06, -3.999559528892878e-06]
A2: [0.16665771919844238, -0.1666758826364079, -9.721962843538515e-06, -8.985101715169984e-06] - [0.16658225729680892, 0.3332463377366751, -9.037149777428816e-05, -8.455691244868258e-05] - [0.16662870767022153, 0.8332942034380173, -4.044458209053989e-05, -3.7995133690912214e-05] - [1.131833927913262e-05, 1.1664263726018724e-05, 1.1977765218833762e-05, 1.1318336165093823e-05]
B1: 0.16669778038125446 - 0.6665745122629807 - 0.1665728846182079 - 5.1295882280553984e-05
B2: 0.1666886361236387 - 0.6666909493070832 - 0.16669875049811625 - 2.2887484166607237e-05
