Number: 2126
Error: 7.012581876892872e-06
A1: [-3.378018678288229e-06, -3.6250447048739266e-06, -2.8749861677786426e-06, -3.2035472683989244e-06] - [0.20833344195592082, 0.3333308710801455, -0.04166723932901526, 8.764550553999572e-07] - [0.16666306522026525, 0.6666627980165722, 0.16666376147222173, -3.3864498014451565e-06] - [-4.0372313924483875e-06, -3.6041983065242797e-06, -3.170972554413522e-06, -4.033786612347175e-06]
A2: [0.1666578216355877, -0.16667577592836638, -9.6135304031223e-06, -8.88298657025755e-06] - [0.1665822556698858, 0.3332463397526333, -9.037466652459161e-05, -8.455980216010135e-05] - [0.16662856415985194, 0.8332940562258553, -4.059724739880579e-05, -3.813895347019018e-05] - [1.1414943861512824e-05, 1.1763821146083857e-05, 1.2079999018015005e-05, 1.1414940762330699e-05]
B1: 0.166697617973229 - 0.6665738576860701 - 0.16657277686222652 - 5.131216097084886e-05
B2: 0.16668845029217946 - 0.6666906210988266 - 0.16669832574442597 - 2.270945518245194e-05
