Number: 1064
Error: 7.603489895333203e-06
A1: [3.282408700029171e-07, 2.608230208731497e-07, 6.918008941007444e-07, 4.1353773990977706e-07] - [0.2083430181101682, 0.3333418362353321, -0.04165711591500677, 1.005968776954047e-05] - [0.16666765868431396, 0.6666675206277017, 0.16666799784697137, 1.0969657248929875e-06] - [-2.015915204600648e-06, -1.7995494586422527e-06, -1.583062369699437e-06, -2.014190935156207e-06]
A2: [0.16665170925519163, -0.1666821372206608, -1.607331323314036e-05, -1.497636871480053e-05] - [0.1665821649565871, 0.3332460423287337, -9.035751111906376e-05, -8.457601570002992e-05] - [0.16663700616442068, 0.8333027176635901, -3.1612996570711636e-05, -2.967869691534105e-05] - [5.714716935873164e-06, 5.8893582491067706e-06, 6.04762123180745e-06, 5.7147142015049755e-06]
B1: 0.1667083328543732 - 0.666613539424315 - 0.16658012233750963 - 5.148508697619274e-05
B2: 0.16670072586183188 - 0.6667101783469123 - 0.166722399042681 - 3.4524654049145664e-05
