Number: 385
Error: 2.8122037876412973e-06
A1: [-3.056606065231185e-06, -2.3268645591817152e-06, -1.417363999040648e-06, -3.0232462821767123e-06] - [0.20832249961424532, 0.33332526003638246, -0.0416711750870274, -1.068677953408762e-05] - [0.1666630466715931, 0.6666638341986197, 0.16666484377751262, -3.5788849063464558e-06] - [-7.24137655219593e-07, -6.462278844943553e-07, -5.682678774774779e-07, -7.235173563761018e-07]
A2: [0.16667664214824965, -0.16665648921292484, 1.0303683917170488e-05, 9.968665825015474e-06] - [0.1666944739037381, 0.33336164652588857, 2.8553742592523154e-05, 2.7780537293306575e-05] - [0.16666974499440537, 0.8333364361996267, 3.0728976840414236e-06, 3.071794104805982e-06] - [2.072779820950111e-06, 2.1360991151585083e-06, 2.1934765886462786e-06, 2.072778615280791e-06]
B1: 0.1666494280154985 - 0.6666576174354027 - 0.16668801448346898 - -1.331697217308675e-05
B2: 0.16664483607543037 - 0.6666375642182366 - 0.16663382251463918 - -2.165933012225522e-05
