Number: 1553
Error: 3.4738297264868455e-06
A1: [-7.08517866503183e-06, -6.549452780384032e-06, -5.285481976920476e-06, -6.95378650796854e-06] - [0.20831216078452547, 0.3333134076926579, -0.041682087524059316, -2.0593654275159e-05] - [0.1666580446744507, 0.6666586935283951, 0.16666024129898532, -8.459887886908204e-06] - [-2.9467563278941207e-06, -2.6306205611700675e-06, -2.3143245203789884e-06, -2.944238698305039e-06]
A2: [0.16668335913234192, -0.16664949949376678, 1.740080566231315e-05, 1.6664768603688238e-05] - [0.1666945348507279, 0.33336193123082003, 2.8489379043120816e-05, 2.775960746218658e-05] - [0.16666044717496517, 0.8333268962971957, -6.82263850937287e-06, -6.246082044737799e-06] - [8.34262603816243e-06, 8.597594441604866e-06, 8.828658019048967e-06, 8.342622819580229e-06]
B1: 0.16663813118961363 - 0.6666144191037662 - 0.16668033821979306 - -1.302004346750662e-05
B2: 0.16663062094229988 - 0.6666154936504542 - 0.1666069465730908 - -3.5368484079209515e-05
