Number: 296
Error: 8.046684739685831e-06
A1: [2.9576552201703386e-06, 3.016086115697184e-06, 3.2122431582920184e-06, 2.9785079370728887e-06] - [0.20834973507530097, 0.3333495416864739, -0.041650035257862886, 1.6492694555506493e-05] - [0.16667092759978053, 0.6666708790082174, 0.1666710005949945, 4.286336789992065e-06] - [-5.540095683569885e-07, -4.94331882752516e-07, -4.346150758599279e-07, -5.535349630256959e-07]
A2: [0.16664729948114196, -0.1666867258559229, -2.0732054619765373e-05, -1.937240377990681e-05] - [0.16658216028440118, 0.33324589220978346, -9.027628954377746e-05, -8.452681868019143e-05] - [0.16664313073689008, 0.8333090017871896, -2.5094636491486636e-05, -2.3540929325980257e-05] - [1.5918695683705546e-06, 1.6404886471339852e-06, 1.6845445279076428e-06, 1.591868636623947e-06]
B1: 0.16671541483634528 - 0.6666416317668243 - 0.1665848894591043 - 5.094379162256289e-05
B2: 0.16671049162205362 - 0.6667250448759237 - 0.16674035457483413 - 4.3957510334754706e-05
