Number: 1994
Error: 7.08550399046694e-06
A1: [-2.9127423041241143e-06, -3.1371730740554567e-06, -2.4265001365497795e-06, -2.749358623029337e-06] - [0.20833465085068945, 0.3333322537149782, -0.041665960213782716, 2.036495604979272e-06] - [0.16666364083712254, 0.6666633899600775, 0.16666429326052237, -2.8245146487116004e-06] - [-3.7860078100854356e-06, -3.379905024430619e-06, -2.973615838778477e-06, -3.782776416605557e-06]
A2: [0.16665706344447453, -0.1666765651027073, -1.0414995696655696e-05, -9.638816332903234e-06] - [0.1665822491763538, 0.33324630743233247, -9.036802958141185e-05, -8.455703527906321e-05] - [0.16662961433809928, 0.8332951336575645, -3.9479712794082e-05, -3.708650625772108e-05] - [1.0706503176060082e-05, 1.103372602903988e-05, 1.133027696629139e-05, 1.070649998462042e-05]
B1: 0.16669894140099248 - 0.6665787840018171 - 0.16657368677213102 - 5.132532037444537e-05
B2: 0.16668994915601135 - 0.6666930395126546 - 0.16670132078122377 - 2.41510963409636e-05
