Number: 526
Error: 7.910477794277732e-06
A1: [2.1813549665902036e-06, 2.2030502212397686e-06, 2.4704877933308405e-06, 2.221496901419766e-06] - [0.20834776930298723, 0.3333472836309251, -0.04165210244584553, 1.461191805850084e-05] - [0.16666996032620582, 0.6666698858584305, 0.16667011487286054, 3.342874769167039e-06] - [-9.918378703255138e-07, -8.85235095429111e-07, -7.785657035609649e-07, -9.909885029341108e-07]
A2: [0.16664861440573425, -0.16668535766048934, -1.9343143859118795e-05, -1.8061593735473268e-05] - [0.16658213478779002, 0.33324590922350794, -9.032953409901355e-05, -8.456844745338365e-05] - [0.16664128883390936, 0.8333071118728733, -2.7054907112948482e-05, -2.538678361984704e-05] - [2.8266202733070904e-06, 2.9129818156201197e-06, 2.9912407831032034e-06, 2.8266186746498407e-06]
B1: 0.16671349178664696 - 0.6666333926522753 - 0.16658361214080764 - 5.130357401254135e-05
B2: 0.16670734087853856 - 0.6667204030796149 - 0.16673482695618366 - 4.090646312804231e-05
