Number: 2565
Error: 4.03142924785802e-06
A1: [-1.0612649782176707e-05, -1.0247961487471169e-05, -8.679855694277286e-06, -1.0396292084097367e-05] - [0.20830305120885556, 0.3333029750395069, -0.04169171765956112, -2.932884365971219e-05] - [0.16665367226102862, 0.6666541980826816, 0.16665620916481466, -1.2727450049108436e-05] - [-4.872314120367793e-06, -4.349769786515035e-06, -3.8270170938208656e-06, -4.8681609385319754e-06]
A2: [0.16668917630710595, -0.166643445194015, 2.3548992495879853e-05, 2.24638514863561e-05] - [0.16669459332161057, 0.33336218653147826, 2.844512492337243e-05, 2.7747128162841414e-05] - [0.16665239593723985, 0.8333186359473975, -1.539053628498816e-05, -1.4314703812503837e-05] - [1.3773904436836653e-05, 1.4194887632288895e-05, 1.4576422118953377e-05, 1.377390192427339e-05]
B1: 0.16662787347084423 - 0.666576539071016 - 0.16667324884069418 - -1.323277275446366e-05
B2: 0.16661899561442164 - 0.6665969417139366 - 0.16658410208415092 - -4.655538506747311e-05
