Number: 679
Error: 2.9831771498059816e-06
A1: [-4.0747806275353965e-06, -3.3937348648169155e-06, -2.394862195086405e-06, -4.016740123261592e-06] - [0.20831988157810793, 0.3333222615016169, -0.04167393654584959, -1.3196070767503603e-05] - [0.16666178391634956, 0.6666625366283129, 0.16666368178160013, -4.811178799790513e-06] - [-1.2836187010568025e-06, -1.1457449244419314e-06, -1.00778748301517e-06, -1.2825198095485726e-06]
A2: [0.16667832451530581, -0.16665473838674785, 1.2081374103996792e-05, 1.1645776805281037e-05] - [0.16669445473536373, 0.3333616828558945, 2.850147907473186e-05, 2.7740760775195244e-05] - [0.1666673958622901, 0.8333340259154325, 5.729065823042335e-07, 7.176142325003759e-07] - [3.6511328210773007e-06, 3.7626975114271913e-06, 3.863796552804581e-06, 3.651130833273134e-06]
B1: 0.16664686518525335 - 0.6666469973854419 - 0.16668630919948732 - -1.2961619048214301e-05
B2: 0.16664105222926093 - 0.6666317921787549 - 0.16662683028057693 - -2.5315820246790558e-05
