Number: 1439
Error: 3.4105086595048435e-06
A1: [-6.68866614050652e-06, -6.133728295326633e-06, -4.90407613609274e-06, -6.566844938312162e-06] - [0.2083131834836996, 0.3333145792059015, -0.04168100664953975, -1.9613127103736912e-05] - [0.16665853634803554, 0.6666591990042205, 0.16666069451963222, -7.980025943731702e-06] - [-2.729833266505471e-06, -2.4369491606608533e-06, -2.1439129085993996e-06, -2.727500359608997e-06]
A2: [0.1666827027694301, -0.16665018255809586, 1.670717841054173e-05, 1.6010443729846328e-05] - [0.16669452446808722, 0.3333618987143919, 2.8490652057537813e-05, 2.775721667187864e-05] - [0.16666135326152298, 0.8333278259476248, -5.8583357198e-06, -5.338037572742615e-06] - [7.730736760960307e-06, 7.96700177529381e-06, 8.18111411934377e-06, 7.7307336068271e-06]
B1: 0.1666392861402907 - 0.6666186831950706 - 0.16668113102111876 - -1.2996688841547248e-05
B2: 0.16663194218874583 - 0.6666175924346257 - 0.16660952600430484 - -3.409662378093376e-05
