Number: 415
Error: 2.829954009981154e-06
A1: [-3.1641255139054016e-06, -2.4395283234865506e-06, -1.5210831955683293e-06, -3.1282438066648953e-06] - [0.20832221794746203, 0.33332493882906583, -0.041671472816114954, -1.0957336002138856e-05] - [0.1666629141933995, 0.6666636979864765, 0.16666472121864007, -3.7082512746623347e-06] - [-7.812281177791395e-07, -6.971995339089564e-07, -6.131171125268774e-07, -7.805589495291839e-07]
A2: [0.16667681251935096, -0.1666563118428653, 1.0483811997838466e-05, 1.0138500617732033e-05] - [0.16669446748116035, 0.33336164577777816, 2.8543978036546513e-05, 2.7772011979493587e-05] - [0.166669504360346, 0.8333361893181437, 2.8168577390665863e-06, 2.83064501500922e-06] - [2.2338438590202844e-06, 2.3020863882957273e-06, 2.363925406699963e-06, 2.2338425657470706e-06]
B1: 0.1666491988023017 - 0.6666565632388047 - 0.16668786716062023 - -1.3248415197841446e-05
B2: 0.1666444461081927 - 0.6666369602252903 - 0.16663308231445653 - -2.203630273821876e-05
