Number: 952
Error: 7.666603965886568e-06
A1: [6.987742443891847e-07, 6.491141766085729e-07, 1.0452544121817955e-06, 7.746855760793218e-07] - [0.20834394597982445, 0.33334290582785625, -0.04165613986379975, 1.0946196584319095e-05] - [0.1666681225093983, 0.6666679968802651, 0.1666684216211685, 1.5492034786563409e-06] - [-1.8027272085749993e-06, -1.6092114943575247e-06, -1.4155847705612953e-06, -1.801184889035519e-06]
A2: [0.16665106111812333, -0.16668281141225522, -1.6757686455477882e-05, -1.5622502183818476e-05] - [0.1665821465584457, 0.3332460026874097, -9.03633998200492e-05, -8.458655758083606e-05] - [0.166637895532073, 0.8333036302540576, -3.066628038708822e-05, -2.878740476369561e-05] - [5.113498395630672e-06, 5.269762425396719e-06, 5.411370549095113e-06, 5.113495846271452e-06]
B1: 0.1667095016447532 - 0.6666177606531276 - 0.1665809305708078 - 5.1542134023704165e-05
B2: 0.16670211795487788 - 0.6667122747132013 - 0.1667249044319775 - 3.586819644504955e-05
