Number: 1796
Error: 7.1950956764772115e-06
A1: [-2.22677652189063e-06, -2.417987128681495e-06, -1.767066739020993e-06, -2.0800132767420075e-06] - [0.20833641604247413, 0.33333427680425515, -0.04166409511980826, 3.7284514201019408e-06] - [0.16666449218317345, 0.6666642651154043, 0.16666507749910076, -1.993680196949911e-06] - [-3.4091630203565365e-06, -3.0434556080445608e-06, -2.6775725721647776e-06, -3.4062519538970473e-06]
A2: [0.16665592358741782, -0.1666777513334247, -1.1619554951579924e-05, -1.0775131353590285e-05] - [0.16658223212643677, 0.33324625191320734, -9.036482449321357e-05, -8.456019486512634e-05] - [0.16663118850032257, 0.8332967487336048, -3.780444696773048e-05, -3.550894077595478e-05] - [9.64380898748595e-06, 9.938549102403954e-06, 1.0205659139989466e-05, 9.643805731006224e-06]
B1: 0.1667009657641579 - 0.6665862095483522 - 0.1665750844001906 - 5.1384287040818274e-05
B2: 0.16669224139193914 - 0.6666966737863524 - 0.16670578065279051 - 2.6357497954885623e-05
