Number: 763
Error: 3.031137667482248e-06
A1: [-4.3651028775891395e-06, -3.6980193167541026e-06, -2.67366183307588e-06, -4.300011367316355e-06] - [0.20831913570448166, 0.3333214067385107, -0.04167472375094527, -1.391087653463006e-05] - [0.16666142361360464, 0.6666621663405157, 0.16666335018965103, -5.162778999200112e-06] - [-1.4434682249348374e-06, -1.288461744206801e-06, -1.1333627833689585e-06, -1.4422327221396673e-06]
A2: [0.16667880719853562, -0.16665423609857669, 1.2591377807283537e-05, 1.212695829731615e-05] - [0.1666944575321757, 0.33336170169762963, 2.849517459414924e-05, 2.7737669391265124e-05] - [0.16666672679388297, 0.8333333394233858, -1.3917361944445724e-07, 4.710351542419334e-08] - [4.1020694584654235e-06, 4.227417872402624e-06, 4.341008398753893e-06, 4.102067279874352e-06]
B1: 0.1666460718533775 - 0.6666439085131817 - 0.1666857738454461 - -1.292114947832999e-05
B2: 0.16664001660773212 - 0.6666301898928151 - 0.16662488064563924 - -2.6315053735679922e-05
