Number: 1080
Error: 7.59446276197708e-06
A1: [2.616250710390467e-07, 1.9090007917299474e-07, 6.260846649736314e-07, 3.482758267183694e-07] - [0.20834283044214913, 0.3333416252198898, -0.04165731666772036, 9.877981168391235e-06] - [0.1666675785919503, 0.6666674379819035, 0.16666792192017182, 1.0185419082486961e-06] - [-2.0463679216872995e-06, -1.8267377495445463e-06, -1.6069848025107005e-06, -2.044617669638153e-06]
A2: [0.16665179953583414, -0.16668204310128992, -1.5977616764082968e-05, -1.4886374297870231e-05] - [0.166582161604879, 0.33324604232089655, -9.036201585216942e-05, -8.458048973331336e-05] - [0.16663687843183198, 0.8333025866513465, -3.174884407124963e-05, -2.9806704437591527e-05] - [5.800604528458474e-06, 5.977871128099862e-06, 6.138513354259029e-06, 5.80060176993428e-06]
B1: 0.16670820969710165 - 0.6666129782821179 - 0.16658004683959665 - 5.152078731179831e-05
B2: 0.1667005746663312 - 0.6667098838691904 - 0.1667220011204687 - 3.438039339172194e-05
