Number: 470
Error: 7.943205122953018e-06
A1: [2.3673614452720596e-06, 2.397874109720712e-06, 2.6478298353092333e-06, 2.402809753407574e-06] - [0.20834823593231408, 0.33334782090173026, -0.041651612169428476, 1.5057864165742262e-05] - [0.166670192852428, 0.6666701245506026, 0.16667032727497139, 3.569606302726029e-06] - [-8.852372711988354e-07, -7.900596715889801e-07, -6.948219109913176e-07, -8.844791079432199e-07]
A2: [0.16664829270525353, -0.16668569233160324, -1.968285511214855e-05, -1.838229241295456e-05] - [0.1665821353623409, 0.33324589941223615, -9.032225975271178e-05, -8.456394502840821e-05] - [0.16664173602560242, 0.8333075707368863, -2.657892679205329e-05, -2.493862984075891e-05] - [2.525987841387718e-06, 2.603159993504757e-06, 2.6730912609955584e-06, 2.5259863957498397e-06]
B1: 0.1667140000873166 - 0.6666354349109712 - 0.16658395550768065 - 5.125604093645514e-05
B2: 0.16670809435428832 - 0.6667215104437978 - 0.16673614044383714 - 4.163566468462626e-05
