Number: 1311
Error: 3.3392617262632805e-06
A1: [-6.251810780371936e-06, -5.675777364513933e-06, -4.4851347712263785e-06, -6.140728038800486e-06] - [0.20831429811802044, 0.33331585901345573, -0.04167983052924361, -1.8545811880640905e-05] - [0.16665907995453294, 0.6666597576274356, 0.16666119398837909, -7.449673829376114e-06] - [-2.48626726622271e-06, -2.219490068110074e-06, -1.952570508659881e-06, -2.4841418844294444e-06]
A2: [0.1666819642863908, -0.16665095094737137, 1.5927007609153117e-05, 1.5274249078077197e-05] - [0.16669450881173545, 0.3333618584084497, 2.8488498643320146e-05, 2.7750533721937804e-05] - [0.1666623701322719, 0.833328869302795, -4.7760447277019665e-06, -4.318968496904543e-06] - [7.043691391349151e-06, 7.258955713003285e-06, 7.454034966415772e-06, 7.0436883442798335e-06]
B1: 0.16664060597517516 - 0.6666234926258015 - 0.16668204142210621 - -1.2947403330095515e-05
B2: 0.1666334590652344 - 0.6666199562582058 - 0.16661240197041724 - -3.2635200026717414e-05
