Number: 1123
Error: 3.234216115245499e-06
A1: [-5.601042575937681e-06, -4.99353024941872e-06, -3.859689930838187e-06, -5.505740949119001e-06] - [0.2083159719718923, 0.33331777745993924, -0.0416780623838259, -1.6941493710197805e-05] - [0.16665988758419428, 0.666660587814671, 0.16666193779083469, -6.661520891799003e-06] - [-2.12852468407394e-06, -1.9000923020008348e-06, -1.6715332029209334e-06, -2.1267043295278064e-06]
A2: [0.1666808811629892, -0.1666520780620541, 1.4782518122863419e-05, 1.4194486684514903e-05] - [0.16669448994103764, 0.3333618031765282, 2.8489132067669658e-05, 2.7744842178000715e-05] - [0.16666386417230336, 0.8333304022288901, -3.185947536576969e-06, -2.821699907920343e-06] - [6.034557257752915e-06, 6.218975660191023e-06, 6.386099462745234e-06, 6.034554434034064e-06]
B1: 0.1666425020183481 - 0.6666305155808128 - 0.16668333909476268 - -1.291751834763978e-05
B2: 0.16663566836531662 - 0.666623437878469 - 0.1666166656884547 - -3.05073427546509e-05
