Number: 2044
Error: 7.057864997291702e-06
A1: [-3.090799103145194e-06, -3.3238908534297238e-06, -2.5984011548249747e-06, -2.923213767563314e-06] - [0.20833418562288614, 0.33333172226545793, -0.04166645286199293, 1.589780233396498e-06] - [0.16666342096512848, 0.6666631638006311, 0.16666408978428057, -3.0392023852519696e-06] - [-3.881168222796016e-06, -3.464864535960391e-06, -3.0483719888975105e-06, -3.877855986096102e-06]
A2: [0.16665735036828558, -0.16667626642732877, -1.0111648471946966e-05, -9.352786972591712e-06] - [0.1665822509809595, 0.3332463190606369, -9.037111511487829e-05, -8.455873838535755e-05] - [0.16662921648693105, 0.8332947254880757, -3.990306755754238e-05, -3.748521687041883e-05] - [1.097485406680297e-05, 1.1310279422676173e-05, 1.161426483434145e-05, 1.0974850905734508e-05]
B1: 0.16669844588605084 - 0.6665769235985546 - 0.16657334758697212 - 5.1326125919358886e-05
B2: 0.1666893875450917 - 0.66669212392618 - 0.16670018080493942 - 2.361116040547841e-05
