Number: 2706
Error: 6.693621277620487e-06
A1: [-5.395418504698985e-06, -5.740207686638166e-06, -4.815583370394883e-06, -5.172255960185112e-06] - [0.20832823878458084, 0.3333249105946886, -0.0416727388960951, -4.112162416548639e-06] - [0.166660563276481, 0.6666602258607325, 0.1666614551382511, -5.828306900392477e-06] - [-5.141058681963173e-06, -4.589696430062108e-06, -4.0381226583123436e-06, -5.136677827137637e-06]
A2: [0.16666115403800752, -0.16667230762180507, -6.091454191858131e-06, -5.5609597472312235e-06] - [0.16658228240725068, 0.3332464793693133, -9.040683534535599e-05, -8.457375639799549e-05] - [0.16662394775293776, 0.8332893199980288, -4.550975897953701e-05, -4.276533128185293e-05] - [1.4527577278734548e-05, 1.4971596004796697e-05, 1.537401037062843e-05, 1.4527575047937822e-05]
B1: 0.16669172234931295 - 0.6665521254180867 - 0.16656868564101912 - 5.117353081336328e-05
B2: 0.16668178569448033 - 0.666680000105447 - 0.16668525976907772 - 1.6296300381128846e-05
