Number: 2373
Error: 3.926221246762926e-06
A1: [-9.957674429404101e-06, -9.561337007850438e-06, -8.051729039839751e-06, -9.75742231434643e-06] - [0.20830472208570863, 0.33330489372001765, -0.041689954438651415, -2.772893987786935e-05] - [0.16665448739663616, 0.6666550357540051, 0.16665695813751077, -1.1932191929880404e-05] - [-4.507004530828092e-06, -4.023620069529202e-06, -3.5400330587640197e-06, -4.503161065656374e-06]
A2: [0.16668807157668666, -0.16664459479076085, 2.238170810711147e-05, 2.1362553608810913e-05] - [0.16669458098297105, 0.33336213716276164, 2.8452912323371273e-05, 2.7748251555759966e-05] - [0.1666539239605117, 0.8333202036807728, -1.3764414716861684e-05, -1.2783381826415062e-05] - [1.2743552119295202e-05, 1.3133041247686349e-05, 1.348602925421536e-05, 1.274354929628552e-05]
B1: 0.16662986451194775 - 0.6665837721911114 - 0.16667464212943117 - -1.3147396445573257e-05
B2: 0.16662124383589372 - 0.6666004596537576 - 0.16658838754986996 - -4.439035026333109e-05
