Number: 3076
Error: 6.491274074042415e-06
A1: [-6.688906657145715e-06, -7.096423078392294e-06, -6.060807796530097e-06, -6.434677825356319e-06] - [0.20832489315426117, 0.3333210803719362, -0.041676276585655356, -7.3209008849733144e-06] - [0.166658960615372, 0.6666585780367877, 0.16665997649928033, -7.392633767049012e-06] - [-5.845187862844132e-06, -5.218340138718075e-06, -4.591276230875631e-06, -5.8402111650301495e-06]
A2: [0.16666327557912267, -0.16667009933535687, -3.848806918763112e-06, -3.446037509274282e-06] - [0.16658228447058535, 0.33324655357896416, -9.044204686730824e-05, -8.459765309669726e-05] - [0.1666209994957911, 0.8332862953205159, -4.86468742935582e-05, -4.571995019362448e-05] - [1.6513042801333322e-05, 1.7017749373228184e-05, 1.7475174031020864e-05, 1.6513041518193468e-05]
B1: 0.16668799221126918 - 0.6665382830683311 - 0.166566086667494 - 5.1115826064968884e-05
B2: 0.16667756584258514 - 0.6666732359067301 - 0.16667691428844963 - 1.2236856496617793e-05
