Number: 354
Error: 8.011804059040342e-06
A1: [2.744669278930862e-06, 2.7929172617306174e-06, 3.006130870885879e-06, 2.7704027185161417e-06] - [0.2083491701190534, 0.33334889930915707, -0.04165063321624371, 1.594923820144722e-05] - [0.1666706663322261, 0.6666706102795777, 0.16667075802190168, 4.03109052962534e-06] - [-6.644178055063869e-07, -5.92906665474568e-07, -5.213492229963225e-07, -6.638486527844867e-07]
A2: [0.16664762692603716, -0.16668638486168696, -2.0385710107059717e-05, -1.904599646435942e-05] - [0.1665821411772736, 0.33324588408826056, -9.030182948166184e-05, -8.454999386992814e-05] - [0.16664266406273906, 0.8333085230227982, -2.5591119843454133e-05, -2.4008599866754903e-05] - [1.9032438631122755e-06, 1.9613806700037066e-06, 2.0140616692463177e-06, 1.9032427537577388e-06]
B1: 0.16671502142738687 - 0.6666396390840441 - 0.16658464585408975 - 5.112607406794507e-05
B2: 0.16670972824855346 - 0.6667238520514167 - 0.16673888210988796 - 4.321927673301207e-05
