Number: 1932
Error: 7.119791674362378e-06
A1: [-2.6967397552162037e-06, -2.9107002356623984e-06, -2.2186694841540764e-06, -2.5385615704304315e-06] - [0.20833520844493789, 0.33333289233933416, -0.041665370787920736, 2.5711528223232263e-06] - [0.16666390863882527, 0.6666636652860447, 0.16666454018687016, -2.5631368585592685e-06] - [-3.6680070208651835e-06, -3.274553295651033e-06, -2.8809163671032715e-06, -3.664875900006245e-06]
A2: [0.16665670679053235, -0.16667693628798042, -1.0791931204393338e-05, -9.994361153937752e-06] - [0.16658224461755095, 0.33324629079986273, -9.03663032285727e-05, -8.455724454678653e-05] - [0.16663010737929015, 0.8332956395066469, -3.8955020085135936e-05, -3.6592399375598366e-05] - [1.0373744628210456e-05, 1.0690796258934686e-05, 1.097812839221951e-05, 1.0373741406933092e-05]
B1: 0.1666995714259148 - 0.6665811056525534 - 0.16657412125981358 - 5.133991816579699e-05
B2: 0.16669066233696306 - 0.6666941766899851 - 0.16670272044852838 - 2.4837399870072133e-05
