Number: 789
Error: 3.0458980871105686e-06
A1: [-4.443517323462622e-06, -3.780117181765605e-06, -2.747233675406559e-06, -4.376254337236057e-06] - [0.20831895092586222, 0.333321190827705, -0.04167491618053929, -1.408608306795988e-05] - [0.1666613236523983, 0.6666620639345427, 0.16666326040637094, -5.260057653379181e-06] - [-1.4929453019404997e-06, -1.3326361405600685e-06, -1.1722318349913579e-06, -1.491667525833776e-06]
A2: [0.16667895864943091, -0.16665407867327922, 1.2751091719516382e-05, 1.2277944286134635e-05] - [0.16669446391519505, 0.33336171280420107, 2.849823853545659e-05, 2.774222953815768e-05] - [0.16666652040126775, 0.8333331276098687, -3.5893767333785247e-07, -1.5973561567440896e-07] - [4.241637345906991e-06, 4.371251919501877e-06, 4.488708669718677e-06, 4.241635111288135e-06]
B1: 0.1666457853015963 - 0.6666429134725705 - 0.16668557120243804 - -1.2949650113144078e-05
B2: 0.1666396598057926 - 0.6666296933512558 - 0.16662431420134421 - -2.6660590002270678e-05
