Number: 629
Error: 2.954463133484117e-06
A1: [-3.8961664757364305e-06, -3.2064974088374594e-06, -2.222482126765856e-06, -3.842328577603499e-06] - [0.20832034888494796, 0.3333227948856927, -0.04167344211383964, -1.2747279076688305e-05] - [0.16666200422894073, 0.6666627632021818, 0.16666388563950577, -4.5960519454107834e-06] - [-1.188469647256798e-06, -1.0607940386003344e-06, -9.330401640807825e-07, -1.1874520986715336e-06]
A2: [0.16667803849213236, -0.16665503612031338, 1.17790036432651e-05, 1.1360647482038532e-05] - [0.16669445691954463, 0.33336167539368605, 2.850887780923832e-05, 2.7746449641753465e-05] - [0.16666779474593935, 0.8333344351629268, 9.973756802752534e-07, 1.1173563407915228e-06] - [3.3827109084732437e-06, 3.486070778259305e-06, 3.5797342576798823e-06, 3.3827090413153105e-06]
B1: 0.16664730863813912 - 0.6666488091112811 - 0.1666866028343187 - -1.3014487355520517e-05
B2: 0.1666416567440074 - 0.6666327520114523 - 0.16662801584761294 - -2.4732963634110922e-05
