Number: 1060
Error: 7.605719546708748e-06
A1: [3.3291339356660364e-07, 2.656490239614418e-07, 6.949021540064949e-07, 4.1788326500603386e-07] - [0.20834301676770298, 0.33334183801872325, -0.04165711940732382, 1.0056901131780198e-05] - [0.16666766659698268, 0.666667528498485, 0.16666800335800186, 1.1044728412443201e-06] - [-2.008299828861134e-06, -1.7927500669889223e-06, -1.5770793216809304e-06, -2.006582057430927e-06]
A2: [0.16665168464385313, -0.16668216269027794, -1.609907048842699e-05, -1.5000908494512365e-05] - [0.16658216047803295, 0.3332460372818527, -9.036115207005082e-05, -8.458021366701738e-05] - [0.16663703748059236, 0.8333027498320877, -3.1579585047639495e-05, -2.9647312009759493e-05] - [5.693245167971851e-06, 5.867230150779683e-06, 6.0248983141565945e-06, 5.6932424397465345e-06]
B1: 0.1667084028821649 - 0.6666137171969566 - 0.16658017694815544 - 5.15154328257938e-05
B2: 0.1667008046481996 - 0.6667102555941563 - 0.1667224627447423 - 3.460170582986271e-05
