Number: 920
Error: 7.68469535523761e-06
A1: [8.080917009003222e-07, 7.636954982558179e-07, 1.1500721449087105e-06, 8.813181290892073e-07] - [0.20834422497375626, 0.33334322608073275, -0.04165584557090242, 1.1213359805631296e-05] - [0.16666825851391542, 0.6666681366281267, 0.16666854656752875, 1.6818939586480203e-06] - [-1.7418164930051629e-06, -1.5548294034320569e-06, -1.3677343576146355e-06, -1.7403261764698873e-06]
A2: [0.16665087658186778, -0.16668300341963338, -1.695263148950123e-05, -1.580646598278776e-05] - [0.16658214308677236, 0.33324599307828234, -9.036343813604004e-05, -8.458778463096963e-05] - [0.16663814988256906, 0.8333038912325916, -3.039555947683508e-05, -2.8532504424229658e-05] - [4.9417194729425045e-06, 5.092732783110003e-06, 5.229582348925222e-06, 4.941716981466515e-06]
B1: 0.1667098216748647 - 0.6666189535267698 - 0.16658114900982954 - 5.154451419646268e-05
B2: 0.16670250614110363 - 0.6667128748595088 - 0.16672563276099148 - 3.624251139508524e-05
