Number: 1842
Error: 7.169570826480431e-06
A1: [-2.4001886925695377e-06, -2.599905604158135e-06, -1.9358913220554976e-06, -2.24955065203149e-06] - [0.2083359493727521, 0.33333374704427987, -0.04166459134681964, 3.2788503363370847e-06] - [0.16666428020002394, 0.6666640468042467, 0.1666648795141314, -2.2008843804222765e-06] - [-3.4967101973214113e-06, -3.1216178048992094e-06, -2.7463471385021054e-06, -3.4937246885723e-06]
A2: [0.1666561860491769, -0.16667747797954924, -1.1341818464626685e-05, -1.0513492488517374e-05] - [0.1665822299958132, 0.3332462590314865, -9.037102125907929e-05, -8.456555249260236e-05] - [0.16663082209590818, 0.8332963728613881, -3.819426308112277e-05, -3.5876135824552994e-05] - [9.890701311881181e-06, 1.019298802424706e-05, 1.046693790523432e-05, 9.890698062611164e-06]
B1: 0.16670054195187076 - 0.6665845289538312 - 0.16657480228736213 - 5.1417122507316275e-05
B2: 0.16669175618261167 - 0.6666958329979854 - 0.16670470186622713 - 2.5892228305025874e-05
