Number: 1357
Error: 3.3649319255414906e-06
A1: [-6.425291586947684e-06, -5.857764232402326e-06, -4.65402692186248e-06, -6.31033389588917e-06] - [0.20831383115674176, 0.3333153289679757, -0.04168032703531004, -1.899570422932922e-05] - [0.16665886793927906, 0.6666595392805513, 0.16666099596575165, -7.656909805051454e-06] - [-2.5737983812973143e-06, -2.297638532206679e-06, -2.021332725178548e-06, -2.5715984069531035e-06]
A2: [0.166682226877356, -0.16665067747025808, 1.620486518395153e-05, 1.5536017774221448e-05] - [0.16669450711329428, 0.33336186593204187, 2.8482697014080855e-05, 2.7745610949679247e-05] - [0.1666620038467428, 0.8333284935430334, -5.165750222287538e-06, -4.686043925336244e-06] - [7.290608989597465e-06, 7.513420749836838e-06, 7.715340275544736e-06, 7.290605899826953e-06]
B1: 0.16664018654028032 - 0.666621816678482 - 0.16668176426693157 - -1.2910187662265092e-05
B2: 0.16663296939674146 - 0.6666191108364597 - 0.1666113182848638 - -3.31049445047654e-05
