Number: 365
Error: 2.8003804305106523e-06
A1: [-3.008859095231591e-06, -2.277037314261945e-06, -1.3748485487696246e-06, -2.9771576616044305e-06] - [0.2083225909998699, 0.3333253723495753, -0.04167108385659803, -1.0602708463245695e-05] - [0.16666311079960155, 0.6666638994526278, 0.16666489856655717, -3.5168082917037976e-06] - [-6.860779195749715e-07, -6.122467495514665e-07, -5.383677684854261e-07, -6.854902043833992e-07]
A2: [0.16667652462064617, -0.1666566112012827, 1.018007322653219e-05, 9.851495932932203e-06] - [0.16669446807002217, 0.3333616374533623, 2.8551255969882868e-05, 2.7776106069264333e-05] - [0.1666699043230432, 0.8333365997605966, 3.2426358811326785e-06, 3.2314662572443413e-06] - [1.9654154831013757e-06, 2.0254529645955446e-06, 2.079856391837004e-06, 1.965414336817469e-06]
B1: 0.1666496557773311 - 0.6666583920745467 - 0.16668818143745237 - -1.3287654403334334e-05
B2: 0.16664518053451405 - 0.6666379767359474 - 0.16663424709162522 - -2.1323539252578408e-05
