Number: 511
Error: 2.886205781801892e-06
A1: [-3.493455970899416e-06, -2.784542681553915e-06, -1.8366977499958015e-06, -3.449518233590898e-06] - [0.2083213758099754, 0.33332397330886593, -0.04167236006132776, -1.1763977136246769e-05] - [0.16666250508559222, 0.6666632777237117, 0.16666434543896919, -4.1074155092462936e-06] - [-9.639165889003941e-07, -8.60308075776124e-07, -7.566344979645033e-07, -9.630910907122986e-07]
A2: [0.1666773614283931, -0.1666557406312053, 1.1063745148131568e-05, 1.0685693366595164e-05] - [0.16669445855519308, 0.3333616548042429, 2.8523912991749054e-05, 2.7756356791627435e-05] - [0.16666873640406776, 0.8333354013606444, 1.999577318832018e-06, 2.0610405053958237e-06] - [2.749231960918664e-06, 2.833228329780343e-06, 2.909343906544824e-06, 2.74923039886013e-06]
B1: 0.16664838106942345 - 0.6666531117863027 - 0.16668732389335694 - -1.3113299712953465e-05
B2: 0.1666431764120009 - 0.6666350513076511 - 0.1666307855942156 - -2.326441279182519e-05
