Number: 3015
Error: 4.277172670129391e-06
A1: [-1.2191107523109727e-05, -1.1903028556773876e-05, -1.0200256402341677e-05, -1.1936962062007623e-05] - [0.20829896039777385, 0.3332982936242545, -0.041696044544993295, -3.3253147435650184e-05] - [0.16665171797844264, 0.6666521885179597, 0.16665440500923112, -1.4635105449278195e-05] - [-5.728475126060312e-06, -5.114148742581703e-06, -4.4996064330665e-06, -5.723597124212411e-06]
A2: [0.16669175555256543, -0.16664076043226705, 2.627559842940672e-05, 2.5035052278643972e-05] - [0.16669459315490795, 0.3333622741130703, 2.839978152159982e-05, 2.771540975057371e-05] - [0.16664880999581672, 0.8333149570521244, -1.9206153163968818e-05, -1.7908377136727753e-05] - [1.6188668990510637e-05, 1.6683462300908807e-05, 1.7131901048105448e-05, 1.6188667529335296e-05]
B1: 0.16662335631947467 - 0.6665597224580209 - 0.16667010530918575 - -1.3283521702903847e-05
B2: 0.16661388254697784 - 0.6665887175073529 - 0.16657393628567058 - -5.1473492418377734e-05
