Number: 1901
Error: 3.6664330451344606e-06
A1: [-8.305499396639365e-06, -7.828994534881661e-06, -6.460839417264886e-06, -8.144881824905611e-06] - [0.20830899884797305, 0.3333097891642046, -0.04168543169276237, -2.362681861919496e-05] - [0.16665653373429293, 0.6666571398742951, 0.16665884657156466, -9.934763295870659e-06] - [-3.608926388025098e-06, -3.221811704008838e-06, -2.8345153408228856e-06, -3.6058454726177835e-06]
A2: [0.16668536013222204, -0.1666474168917702, 1.9515752362132703e-05, 1.8659547194906525e-05] - [0.16669455872736247, 0.33336202293842626, 2.8478222300173475e-05, 2.775908747157991e-05] - [0.166657679905732, 0.8333240571344892, -9.767542819090207e-06, -9.019328467346658e-06] - [1.0210420800892756e-05, 1.0522481225860325e-05, 1.0805289585783547e-05, 1.021041756586808e-05]
B1: 0.1666346281004751 - 0.6666014212525614 - 0.16667793284783577 - -1.3068814718362589e-05
B2: 0.16662663698146926 - 0.6666091051082029 - 0.1665990579928429 - -3.920168732341165e-05
