Number: 2630
Error: 6.735268164607981e-06
A1: [-5.139178832532711e-06, -5.4716134979404865e-06, -4.5703179846004635e-06, -4.922388570153361e-06] - [0.20832888792395182, 0.3333256571353672, -0.04167205458131877, -3.4911053140961593e-06] - [0.16666088292204748, 0.6666605542467872, 0.16666174823499266, -5.516526568364739e-06] - [-4.996420660823059e-06, -4.4605634250962694e-06, -3.924496336938253e-06, -4.992162323847265e-06]
A2: [0.16666071633318685, -0.16667276306561365, -6.553871914536139e-06, -5.997305007643908e-06] - [0.1665822765766592, 0.333246458928573, -9.040457798802021e-05, -8.457425480314857e-05] - [0.16662455255555678, 0.8332899405230254, -4.4866111879535286e-05, -4.215922201905186e-05] - [1.4119734747131909e-05, 1.4551287289543702e-05, 1.4942401978737418e-05, 1.4119732359596493e-05]
B1: 0.16669252073599367 - 0.6665549986623316 - 0.16656924710623316 - 5.1217590787744566e-05
B2: 0.166682685442918 - 0.6666813930036785 - 0.16668694638158738 - 1.71630993433731e-05
