Number: 670
Error: 7.827168175872169e-06
A1: [1.6762745494684866e-06, 1.6737058761013868e-06, 1.9845059201027346e-06, 1.728511409701748e-06] - [0.20834646131040552, 0.33334578760880074, -0.04165348400499366, 1.335721435646024e-05] - [0.1666693352232907, 0.666669243305495, 0.1666695383272053, 2.732698289786223e-06] - [-1.2659458168737697e-06, -1.129963891985244e-06, -9.938994242133366e-07, -1.264862048795138e-06]
A2: [0.16664943910573482, -0.16668449932825005, -1.8471565539287502e-05, -1.7239469794884366e-05] - [0.16658212991710625, 0.3332459318670717, -9.035000811182234e-05, -8.458341850148359e-05] - [0.1666401397427444, 0.8333059328918127, -2.8277779031435918e-05, -2.6538348800903893e-05] - [3.5996657775205376e-06, 3.7096568540369677e-06, 3.809329806983162e-06, 3.5996638146465456e-06]
B1: 0.16671221082664806 - 0.6666281701075701 - 0.16658276099127445 - 5.145201442808768e-05
B2: 0.16670554417735792 - 0.6667176124275666 - 0.16673141752816517 - 3.9172180384167087e-05
