Number: 104
Error: 8.165398437083515e-06
A1: [3.5726138001108923e-06, 3.6593415131282272e-06, 3.793623632460395e-06, 3.5773960477683906e-06] - [0.20835124145603307, 0.33335128266992914, -0.04164846299995006, 1.7928252239410225e-05] - [0.16667170096153433, 0.6666716716520199, 0.16667170123740815, 5.03985339458194e-06] - [-1.8849974819296915e-07, -1.6799454080752954e-07, -1.4747527049853875e-07, -1.883383692379418e-07]
A2: [0.16664620905245012, -0.1666878601605059, -2.188307668306433e-05, -2.045939771893006e-05] - [0.16658222039236129, 0.33324591881628735, -9.018914684331439e-05, -8.44532442061055e-05] - [0.16664468050108042, 0.8333105920297846, -2.3445294137027485e-05, -2.198786686806064e-05] - [5.611104034551164e-07, 5.782223556954024e-07, 5.93726240444562e-07, 5.61110099873276e-07]
B1: 0.16671676054587356 - 0.6666482877117356 - 0.16658577135713842 - 5.0384204118786405e-05
B2: 0.16671352451565025 - 0.6667292166380001 - 0.16674515300949028 - 4.6907179310874176e-05
