Number: 2568
Error: 6.769289843295721e-06
A1: [-4.923201351220398e-06, -5.245167513634926e-06, -4.362513946035814e-06, -4.711616213955191e-06] - [0.20832944543704018, 0.3333262956765842, -0.04167146523535413, -2.9565282954274647e-06] - [0.16666115069902188, 0.6666608295478088, 0.16666199514040095, -5.255172758691472e-06] - [-4.878427680928403e-06, -4.3552194006596094e-06, -3.831802807062341e-06, -4.874269322511952e-06]
A2: [0.16666036037003257, -0.1666731335587798, -6.9301159021048045e-06, -6.352159048881419e-06] - [0.16658227463496525, 0.33324644491355365, -9.040023838496621e-05, -8.457184660188076e-05] - [0.1666250462398829, 0.8332904470148943, -4.4340776891527264e-05, -4.166447177253819e-05] - [1.3787016586046664e-05, 1.4208399212969157e-05, 1.4590295688922306e-05, 1.3787014080255447e-05]
B1: 0.16669314935039004 - 0.6665573207533052 - 0.1665696840802584 - 5.1230811112604934e-05
B2: 0.16668339609513813 - 0.6666825275987618 - 0.16668834341019373 - 1.784687287485824e-05
