Number: 2394
Error: 6.864917448862306e-06
A1: [-4.31319305867815e-06, -4.605561812706677e-06, -3.775009040343964e-06, -4.1162197478196435e-06] - [0.20833102568084283, 0.3333281041972761, -0.04166979390644771, -1.4406688639110719e-06] - [0.16666190612108495, 0.666661606305221, 0.16666269242408746, -4.517781123120146e-06] - [-4.54728311165929e-06, -4.059573629282182e-06, -3.571661013365123e-06, -4.543405489849475e-06]
A2: [0.16665936167762474, -0.16667417306232687, -7.985792920888212e-06, -7.347738781775962e-06] - [0.1665822695469659, 0.3332464058559627, -9.038787320841057e-05, -8.456472702193744e-05] - [0.16662643160747487, 0.8332918683159931, -4.2866604236686055e-05, -4.0276112846496116e-05] - [1.2853238080980176e-05, 1.3246078656122575e-05, 1.3602104359651291e-05, 1.2853235289367282e-05]
B1: 0.16669490156798694 - 0.6665638252392299 - 0.16657089758305993 - 5.125592736630793e-05
B2: 0.16668537862279575 - 0.666685711980778 - 0.16669227704158066 - 1.9753967974801495e-05
