Number: 2572
Error: 6.767117773766933e-06
A1: [-4.927858871180512e-06, -5.249979379640266e-06, -4.365602261914882e-06, -4.715946803085609e-06] - [0.20832944683471447, 0.3333262939447711, -0.041671461695949714, -2.953686637137038e-06] - [0.16666114279823413, 0.6666608216879939, 0.16666198963876327, -5.2626681168305476e-06] - [-4.886042791725316e-06, -4.362018597756668e-06, -3.837785986082906e-06, -4.881877979666058e-06]
A2: [0.16666038492331958, -0.16667310814643138, -6.904414972872183e-06, -6.327677321058475e-06] - [0.1665822789072432, 0.33324644975811746, -9.039679561912827e-05, -8.456785497052331e-05] - [0.16662501487477213, 0.8332904147985409, -4.437423529242988e-05, -4.1695905652840224e-05] - [1.3808482207276856e-05, 1.4230520971312274e-05, 1.4613012182662498e-05, 1.380847970886784e-05]
B1: 0.16669307824680576 - 0.6665571417730624 - 0.16656962810040984 - 5.119938544733057e-05
B2: 0.16668331863295044 - 0.666682451710565 - 0.16668828110389539 - 1.777114608343901e-05
