Number: 773
Error: 3.0367718591752706e-06
A1: [-4.376827858015638e-06, -3.7101253075241904e-06, -2.6814533230646564e-06, -4.310918829870103e-06] - [0.20831913887515932, 0.33332140210654515, -0.041674715182159365, -1.3904095389008217e-05] - [0.16666140379511726, 0.6666621466286956, 0.1666633363792327, -5.181583571359961e-06] - [-1.4624979684427854e-06, -1.3054524879186813e-06, -1.1483134991424595e-06, -1.4612462057066077e-06]
A2: [0.16667886857929445, -0.16665417257583762, 1.2655616108443455e-05, 1.2188160112375617e-05] - [0.1666944681551581, 0.3333617137270105, 2.8503675613287315e-05, 2.774759074968935e-05] - [0.1666666483522135, 0.8333332588470338, -2.22861088624123e-07, -3.1510016806745043e-08] - [4.1557398588576524e-06, 4.2827288238237105e-06, 4.397806105966573e-06, 4.15573765853015e-06]
B1: 0.1666459013082095 - 0.6666434681688893 - 0.1666856409575371 - -1.2992495741084807e-05
B2: 0.1666398163496911 - 0.6666299933517915 - 0.166624717848428 - -2.6510974559132465e-05
