Number: 2314
Error: 6.908961721995295e-06
A1: [-4.028317203722907e-06, -4.306829804146312e-06, -3.499983887719463e-06, -3.8380662893746145e-06] - [0.20833176999778333, 0.333328954466931, -0.04166900571738099, -7.259711677306909e-07] - [0.16666225790098413, 0.666661968144737, 0.16666301797303806, -4.174295529006534e-06] - [-4.395031882703946e-06, -3.923643778775799e-06, -3.4520553494430987e-06, -4.3912834097812135e-06]
A2: [0.1666589030782951, -0.16667465046309296, -8.470668889346138e-06, -7.804906995888176e-06] - [0.16658226847597501, 0.3332463890679989, -9.038112127192546e-05, -8.456018542938191e-05] - [0.1666270686160364, 0.8332925218338139, -4.218879016265831e-05, -3.963772901824757e-05] - [1.2423904131358422e-05, 1.2803621591327095e-05, 1.3147752538705297e-05, 1.2423901231095163e-05]
B1: 0.16669569320157043 - 0.6665668019812221 - 0.16657144179600342 - 5.1253470830795405e-05
B2: 0.1666862756453562 - 0.6666871753326612 - 0.1666940993836519 - 2.0616309776775392e-05
