Number: 2812
Error: 6.635579605374722e-06
A1: [-5.758479276689927e-06, -6.120817769491613e-06, -5.163974295639632e-06, -5.526423726896263e-06] - [0.20832731054826512, 0.3333238452271804, -0.04167371875762502, -5.0012096987792406e-06] - [0.16666011172138798, 0.6666597617932057, 0.16666103996736822, -6.268886752523397e-06] - [-5.3427872034954475e-06, -4.769799472690205e-06, -4.196598300896559e-06, -5.338235541749697e-06]
A2: [0.16666176336613026, -0.16667167350516449, -5.447560480113825e-06, -4.9535278492278466e-06] - [0.16658228730299532, 0.3332465047673819, -9.04129621507898e-05, -8.457629773245808e-05] - [0.16662310374300726, 0.8332884540745245, -4.640791578195289e-05, -4.361116369177713e-05] - [1.5096400481556999e-05, 1.5557805927099447e-05, 1.5975980216635415e-05, 1.5096398490925618e-05]
B1: 0.16669062828001177 - 0.6665481361252613 - 0.1665679192808548 - 5.113155563645255e-05
B2: 0.16668055042026533 - 0.6666780593224684 - 0.1666828906676089 - 1.5106981573757402e-05
