Number: 1576
Error: 7.317217729401832e-06
A1: [-1.4671903866307725e-06, -1.6216402990270335e-06, -1.037264545458187e-06, -1.3388922053224633e-06] - [0.208338366865889, 0.33333651356948, -0.041662034521751885, 5.597910573771299e-06] - [0.16666543548991436, 0.666665234723628, 0.16666594593056588, -1.0731624444286756e-06] - [-2.990437001904635e-06, -2.6696134373419347e-06, -2.3486281669332246e-06, -2.9878821995965396e-06]
A2: [0.16665465595622767, -0.16667907046710373, -1.2959026833390635e-05, -1.2038826938165265e-05] - [0.16658220950165117, 0.33324618661543554, -9.036479555165568e-05, -8.456738636807747e-05] - [0.16663293682334931, 0.8332985425269946, -3.594376524946347e-05, -3.375683661814574e-05] - [8.462990849300117e-06, 8.721637515574602e-06, 8.95603475935696e-06, 8.462987623688299e-06]
B1: 0.166703221669378 - 0.6665944646517598 - 0.16657663947231593 - 5.145639002588221e-05
B2: 0.16669480310461965 - 0.6667007184961026 - 0.16671073407941392 - 2.8823840509433217e-05
