Number: 1244
Error: 7.502430272612542e-06
A1: [-3.1323464432516464e-07, -4.1180692843990715e-07, 7.25444213671039e-08, -2.128100484827096e-07] - [0.20834134161205772, 0.3333399214448531, -0.04165889089439851, 8.449839286210212e-06] - [0.16666686673925982, 0.6666667060715145, 0.16666726499073178, 3.2368720451148564e-07] - [-2.358524795276182e-06, -2.1054354019258394e-06, -1.8522091961131576e-06, -2.356508316356731e-06]
A2: [0.16665274345140052, -0.16668106074315245, -1.4980045237593655e-05, -1.3945392561969737e-05] - [0.16658217585754245, 0.3332460884751747, -9.036445715722054e-05, -8.457774109206127e-05] - [0.16663557492825296, 0.8333012492489389, -3.31361075033743e-05, -3.111302617761762e-05] - [6.680936588305353e-06, 6.885111980691036e-06, 7.0701413248794166e-06, 6.680933614655582e-06]
B1: 0.16670658302144903 - 0.6666068786856834 - 0.1665789414439546 - 5.152210669370472e-05
B2: 0.166698665448351 - 0.6667068425266566 - 0.16671825438895968 - 3.254226590372542e-05
