Number: 549
Error: 2.9082513080310706e-06
A1: [-3.6102076867890204e-06, -2.906756072134527e-06, -1.9465276546304403e-06, -3.5630941516575037e-06] - [0.20832109721919467, 0.33332364889077903, -0.04167265048556455, -1.202856971370363e-05] - [0.16666235687516112, 0.6666631258550705, 0.16666421193489214, -4.25170312148671e-06] - [-1.036230317372291e-06, -9.248717329416881e-07, -8.134437620917171e-07, -1.0353429600135854e-06]
A2: [0.16667758145038436, -0.16665551188512048, 1.129583186313716e-05, 1.0905035893880961e-05] - [0.16669446287103842, 0.33336166596753025, 2.8523279171940527e-05, 2.7758008582393423e-05] - [0.1666684335872621, 0.8333350906009466, 1.6771810128470973e-06, 1.757571167495089e-06] - [2.9532289780436737e-06, 3.0434609174559326e-06, 3.1252273726787605e-06, 2.9532273145855515e-06]
B1: 0.16664799981470396 - 0.6666516914637486 - 0.16668705815414156 - -1.3117414606918096e-05
B2: 0.16664263766625376 - 0.6666343018612504 - 0.16662992725699824 - -2.3786694258193095e-05
