Number: 2165
Error: 3.8119414995015136e-06
A1: [-9.236114252138342e-06, -8.804815022313447e-06, -7.357906865408061e-06, -9.053321721280807e-06] - [0.20830658052792506, 0.3333070233303221, -0.0416879905354465, -2.5947432370943204e-05] - [0.16665538258833654, 0.6666559560401553, 0.16665778300949902, -1.1058546551142208e-05] - [-4.111246011562473e-06, -3.6702852514473746e-06, -3.229129983152494e-06, -4.107738380998698e-06]
A2: [0.16668687607672344, -0.16664583899886629, 2.1118231738865717e-05, 2.0170772151132487e-05] - [0.1666945701040357, 0.33336208589972155, 2.8463289066252558e-05, 2.775195576328793e-05] - [0.16665557923587168, 0.8333219019431662, -1.2002932768411997e-05, -1.1124533183790763e-05] - [1.162728839072211e-05, 1.1982657398686701e-05, 1.2304719276350125e-05, 1.1627285324587224e-05]
B1: 0.1666319841336192 - 0.6665915704842721 - 0.16667611348206873 - -1.3092313226713558e-05
B2: 0.166623640836395 - 0.6666042695779534 - 0.16659306842428 - -4.208346351908944e-05
