Number: 675
Error: 2.980846494569316e-06
A1: [-4.046113211117436e-06, -3.3635696836198567e-06, -2.3650780349996414e-06, -3.988422693235882e-06] - [0.20831997686710182, 0.33332236533060045, -0.041673832580582215, -1.3102318443123376e-05] - [0.16666181607093303, 0.666662570100485, 0.16666371425284132, -4.779452986049231e-06] - [-1.2760067627567692e-06, -1.138949218760617e-06, -1.0018084375395656e-06, -1.2749143777307366e-06]
A2: [0.16667830407320872, -0.16665475988730424, 1.2059374104128861e-05, 1.1625406112161767e-05] - [0.16669446127289791, 0.3333616883014276, 2.8507773960171224e-05, 2.774757827992639e-05] - [0.1666674285041603, 0.8333340593475733, 6.075148925815533e-07, 7.503246814206767e-07] - [3.629651659082994e-06, 3.740559746543244e-06, 3.841063745731198e-06, 3.6296496807405488e-06]
B1: 0.16664685366934343 - 0.6666470974281192 - 0.16668628988515527 - -1.3012880879817212e-05
B2: 0.1666410513776864 - 0.666631864572397 - 0.16662696802236324 - -2.5318401200727632e-05
