Number: 2701
Error: 4.105879540491472e-06
A1: [-1.1106532280547806e-05, -1.0765943476028436e-05, -9.158083452367854e-06, -1.0878737954932201e-05] - [0.20830174707091462, 0.3333014885986394, -0.041693100758331665, -3.058259396247255e-05] - [0.16665306462102095, 0.66665357277946, 0.16665564498779145, -1.3320981601374376e-05] - [-5.131066921133205e-06, -4.580783389810958e-06, -4.030288319230989e-06, -5.126694526497111e-06]
A2: [0.1666899533377805, -0.16664263613082275, 2.4370852090297015e-05, 2.32384510051227e-05] - [0.16669458726858685, 0.33336220737340505, 2.8426189482052785e-05, 2.773154019071758e-05] - [0.16665131168567449, 0.8333175236484948, -1.654410702081215e-05, -1.5401291889568648e-05] - [1.4503730600031264e-05, 1.4947021804572775e-05, 1.5348776785289513e-05, 1.450372835742418e-05]
B1: 0.16662656233904757 - 0.666571509337708 - 0.16667235009804265 - -1.31939935242129e-05
B2: 0.1666175066832159 - 0.6665944600515665 - 0.16658097825247548 - -4.798540097227525e-05
