Number: 2893
Error: 4.210669767708487e-06
A1: [-1.1761472411559932e-05, -1.1452529548825822e-05, -9.786171714929037e-06, -1.1517573085457675e-05] - [0.20830007630725253, 0.3332995700356665, -0.041694863865559255, -3.218238605239468e-05] - [0.1666522495205179, 0.6666527351438392, 0.16665489604469147, -1.4116205799084773e-05] - [-5.496364566260252e-06, -4.906921329188724e-06, -4.3172633801814885e-06, -5.491682922312697e-06]
A2: [0.16669105695350836, -0.16664148765119105, 2.5537020010713765e-05, 2.433863420338631e-05] - [0.16669459537851378, 0.3333622525114956, 2.8414176908998873e-05, 2.7726187508681567e-05] - [0.1666497826221062, 0.8333159548750108, -1.8171268223969117e-05, -1.6933654538782182e-05] - [1.5534018876010337e-05, 1.6008802075989115e-05, 1.6439102607230343e-05, 1.5534017085046113e-05]
B1: 0.16662457399277966 - 0.6665642759157897 - 0.16667095320324102 - -1.3276727417314561e-05
B2: 0.16661526215356587 - 0.6665909458781082 - 0.16657669663442956 - -5.014674173875613e-05
