Number: 161
Error: 2.676434689538523e-06
A1: [-2.3328765991494798e-06, -1.5695077064970345e-06, -7.315768786525992e-07, -2.318271352844422e-06] - [0.20832428336550404, 0.33332731985595726, -0.041669309736614216, -8.985678888203056e-06] - [0.16666395548528318, 0.6666647661071525, 0.1666656689547915, -2.6932295213637834e-06] - [-2.9786304522741265e-07, -2.6563779148237793e-07, -2.333906497910845e-07, -2.9760789140039867e-07]
A2: [0.16667536520302656, -0.1666578175393592, 8.95565788257326e-06, 8.695725608369262e-06] - [0.16669452261900888, 0.33336165546675317, 2.8632614484481344e-05, 2.7844954977557847e-05] - [0.16667154696041261, 0.8333382852331997, 4.990724987150637e-06, 4.877606058600628e-06] - [8.701603658196203e-07, 8.967191969253644e-07, 9.207838671785954e-07, 8.701598655943096e-07]
B1: 0.1666511514140903 - 0.6666655176480618 - 0.16668916020027305 - -1.3816520887566578e-05
B2: 0.16664821254528317 - 0.6666422904699157 - 0.16663930304733907 - -1.837990275446563e-05
