Number: 1405
Error: 3.391611840921959e-06
A1: [-6.5771259436521585e-06, -6.016836631377618e-06, -4.797798240377787e-06, -6.458152819375167e-06] - [0.20831346144015456, 0.33331490002134495, -0.04168071439052049, -1.934772239636565e-05] - [0.16665867619793412, 0.6666593425881112, 0.16666082213607833, -7.843692358971261e-06] - [-2.6651361162307773e-06, -2.379186523671244e-06, -2.093087315729193e-06, -2.662858321385562e-06]
A2: [0.1666825058543902, -0.166650387379359, 1.649926742452245e-05, 1.581413657552983e-05] - [0.16669451834088939, 0.33336188613793555, 2.848831421050896e-05, 2.7753473176317115e-05] - [0.16666162314348099, 0.8333281028761653, -5.571052291653817e-06, -5.067571643935015e-06] - [7.548244378788352e-06, 7.778931206367335e-06, 7.987987972178731e-06, 7.548241249535896e-06]
B1: 0.16663965193767216 - 0.6666199752687796 - 0.16668138677750705 - -1.2968367676643609e-05
B2: 0.16663235995620296 - 0.666618221151399 - 0.1666102759662129 - -3.369358718323417e-05
