Number: 1493
Error: 3.440566683870238e-06
A1: [-6.895413220575858e-06, -6.350638219534671e-06, -5.1057917597375545e-06, -6.769040256491393e-06] - [0.20831262283131205, 0.3333139437834715, -0.041681603414914656, -2.0153730240561662e-05] - [0.16665828432779842, 0.6666589393720723, 0.16666045856658113, -8.22643285149196e-06] - [-2.8325855677838236e-06, -2.528686956201028e-06, -2.2246322794724726e-06, -2.830165149728594e-06]
A2: [0.16668301047295486, -0.16664986204697707, 1.7032861597389337e-05, 1.63171820065301e-05] - [0.16669452102512347, 0.3333619061751041, 2.8482551897576782e-05, 2.7749988647505992e-05] - [0.16666092310241473, 0.8333273846772074, -6.3159662426166725e-06, -5.7691239744037055e-06] - [8.020590712941072e-06, 8.2657155687255e-06, 8.487857727719722e-06, 8.02058752466933e-06]
B1: 0.16663880152657035 - 0.6666167230716447 - 0.16668081245118618 - -1.2945229551031902e-05
B2: 0.16663138046705253 - 0.6666166034165342 - 0.166608247069778 - -3.463495706637172e-05
