Number: 2519
Error: 4.006262461012431e-06
A1: [-1.0463217793915814e-05, -1.0091367801137015e-05, -8.537697655902363e-06, -1.0250711516858264e-05] - [0.2083034213615238, 0.3333034028669562, -0.04169132877127221, -2.8975665986307094e-05] - [0.16665385998683627, 0.666654390782395, 0.1666563801890934, -1.2544479247359835e-05] - [-4.784791728716338e-06, -4.271629187582586e-06, -3.758259538227085e-06, -4.780712725811843e-06]
A2: [0.16668891042388234, -0.16664372176296724, 2.3268252788790963e-05, 2.219879069768532e-05] - [0.1666945872888092, 0.3333621717939026, 2.8444257639924573e-05, 2.7744320886196355e-05] - [0.1666527617037943, 0.8333190112480737, -1.5001225128055416e-05, -1.3948146869838874e-05] - [1.3527056591531282e-05, 1.3940494555121318e-05, 1.4315189930528076e-05, 1.3527053997099295e-05]
B1: 0.16662837477036363 - 0.6665782953616886 - 0.1666736051015582 - -1.3188014932236948e-05
B2: 0.16661955971318265 - 0.6665977866715399 - 0.16658510629315196 - -4.601121888246542e-05
