Number: 599
Error: 2.937175474890449e-06
A1: [-3.7889596397784558e-06, -3.0941197916330598e-06, -2.1190222134387126e-06, -3.737643347996809e-06] - [0.20832062940907065, 0.33332311504469386, -0.041673145337716974, -1.2477864185455275e-05] - [0.16666213644830202, 0.6666628991758367, 0.1666640079809751, -4.466944074760372e-06] - [-1.131380016574311e-06, -1.0098232990481311e-06, -8.881916105104791e-07, -1.1304112835369701e-06]
A2: [0.16667786700641593, -0.16665521462931734, 1.1597715125253774e-05, 1.1189698075596075e-05] - [0.1666944587594754, 0.33336167145808304, 2.8513869653136657e-05, 2.7750392372387128e-05] - [0.16666803421139104, 0.8333346808498482, 1.252198336557082e-06, 1.3573368608054589e-06] - [3.221656195264556e-06, 3.3200931231266644e-06, 3.409295237102946e-06, 3.2216544029624437e-06]
B1: 0.16664757072306421 - 0.6666498925782393 - 0.16668677585889366 - -1.3050193009626855e-05
B2: 0.1666420224359051 - 0.6666333309852833 - 0.16662873034577974 - -2.4380266583569463e-05
