Number: 2225
Error: 3.8449511350531275e-06
A1: [-9.44978969513078e-06, -9.028886417291767e-06, -7.56420222683999e-06, -9.26195540359844e-06] - [0.20830602215688435, 0.3333063854863952, -0.04168858182942626, -2.6483589263786678e-05] - [0.16665511876945535, 0.6666556846684932, 0.16665753884777235, -1.1316144712004398e-05] - [-4.225407399830668e-06, -3.7722088441719163e-06, -3.318813274113825e-06, -4.221802861447758e-06]
A2: [0.1666872200696823, -0.1666454809086236, 2.1481929430110704e-05, 2.0513692504277763e-05] - [0.1666945710803388, 0.33336209864823807, 2.845838675737899e-05, 2.7748725589689223e-05] - [0.1666551015414612, 0.8333214118634795, -1.2511232997450051e-05, -1.1603258284863987e-05] - [1.1949295002139943e-05, 1.2314506581684152e-05, 1.2645489598239046e-05, 1.1949291996183013e-05]
B1: 0.16663139069658442 - 0.6665893383634265 - 0.16667570585911953 - -1.3090191209555701e-05
B2: 0.16662296797561776 - 0.6666031718981131 - 0.16659170131147566 - -4.273033172827653e-05
