Number: 40
Error: 8.206121238320614e-06
A1: [3.674740790350214e-06, 3.764979621305589e-06, 3.872717053210087e-06, 3.674264760018322e-06] - [0.20835132892809546, 0.33335142454477723, -0.041648401158060254, 1.7992513768529585e-05] - [0.1666718545937731, 0.6666718257498164, 0.1666718187074298, 5.186970184035402e-06] - [-6.664909252918839e-08, -5.9200887584794864e-08, -5.174747667196613e-08, -6.659222302838581e-08]
A2: [0.1666458316543751, -0.16668825122672495, -2.2278722596822753e-05, -2.0835650872556023e-05] - [0.16658220972453927, 0.33324589962269274, -9.018543822886081e-05, -8.445942323344204e-05] - [0.16664519566370628, 0.833311121048873, -2.2896206142191068e-05, -2.1471604853906003e-05] - [2.175245133966615e-07, 2.2413404555063163e-07, 2.3012062104049916e-07, 2.17524428690617e-07]
B1: 0.16671744443323472 - 0.666650738498737 - 0.16658629425949162 - 5.0433351466312525e-05
B2: 0.16671496696096444 - 0.6667307172515775 - 0.16674652315403593 - 4.8321880057126525e-05
