Number: 1047
Error: 3.1916061521544212e-06
A1: [-5.344520091713526e-06, -4.724660092336993e-06, -3.614160610250831e-06, -5.255591862841559e-06] - [0.20831662221169886, 0.33331852505735254, -0.04167737706737514, -1.6319338958378734e-05] - [0.16666020743725476, 0.6666609164058588, 0.16666223107870304, -6.3495352235238496e-06] - [-1.983903372274167e-06, -1.770971905558633e-06, -1.5579204782552486e-06, -1.9822064033222366e-06]
A2: [0.16668044227274215, -0.1666525346748882, 1.4318945516560047e-05, 1.3756955192602042e-05] - [0.16669447980954438, 0.333361778515576, 2.848723196203377e-05, 2.7740038522438144e-05] - [0.16666446792382653, 0.8333310217239859, -2.5433164634282158e-06, -2.216643236334958e-06] - [5.626602039791505e-06, 5.798550567087238e-06, 5.954373153978433e-06, 5.626599328622098e-06]
B1: 0.16664328325774036 - 0.6666333688179449 - 0.1666838772261983 - -1.2890667416706991e-05
B2: 0.1666365900607914 - 0.6666248534299801 - 0.16661837576929495 - -2.9618572228228953e-05
