Number: 2060
Error: 7.0489962693347615e-06
A1: [-3.1573657035000614e-06, -3.393767157725043e-06, -2.6640741086866372e-06, -2.98842666084193e-06] - [0.20833399812889905, 0.3333315114132043, -0.04166665346438867, 1.4082471746320032e-06] - [0.16666334091586826, 0.6666630811955726, 0.16666401389418523, -3.117583421989765e-06] - [-3.911617046755671e-06, -3.4920489370657507e-06, -3.072291203013324e-06, -3.9082789466179215e-06]
A2: [0.16665744052513065, -0.16667617242922916, -1.0016070368026022e-05, -9.262916348695945e-06] - [0.1665822472024402, 0.33324631863837906, -9.037602161737189e-05, -8.456363936931933e-05] - [0.166629088655091, 0.8332945943799398, -4.00390079252758e-05, -3.7613323734686384e-05] - [1.1060725945638057e-05, 1.1398776075330563e-05, 1.1705140500598913e-05, 1.1060722795408435e-05]
B1: 0.16669831918485997 - 0.6665763586542102 - 0.16657326795139774 - 5.1358272468543243e-05
B2: 0.16668924032195168 - 0.6666918335351216 - 0.16669978707437652 - 2.3470872154285387e-05
