Number: 2088
Error: 7.033576479409132e-06
A1: [-3.2379050351901145e-06, -3.4780796109196408e-06, -2.7390126372398572e-06, -3.066631441186889e-06] - [0.20833381482680882, 0.33333129536357425, -0.041666843450517785, 1.2352381002142623e-06] - [0.166663237164662, 0.6666629750114353, 0.16666392150010592, -3.2184500112937373e-06] - [-3.964911368666917e-06, -3.5396310277571517e-06, -3.1141597494656506e-06, -3.9615280032371245e-06]
A2: [0.16665760444990424, -0.1666760020856536, -9.84328096802788e-06, -9.099492473328294e-06] - [0.16658225665262005, 0.33324633316247276, -9.037018708803326e-05, -8.455615353827507e-05] - [0.16662886682952205, 0.8332943667244911, -4.027522165032608e-05, -3.783563060339657e-05] - [1.1211000522411902e-05, 1.1553644020055532e-05, 1.1864171746206346e-05, 1.1210997392651552e-05]
B1: 0.166697978709781 - 0.6665752565998304 - 0.1665730205286156 - 5.129568379308097e-05
B2: 0.16668886053776374 - 0.6666913153053006 - 0.16669920624635015 - 2.310322824856199e-05
