Number: 2062
Error: 7.047904145969298e-06
A1: [-3.1596943211608986e-06, -3.396173034613167e-06, -2.6656182417144527e-06, -2.990591803823359e-06] - [0.20833399882818865, 0.33333151054754323, -0.04166665169450284, 1.4096684802430936e-06] - [0.16666333696567895, 0.6666630772658464, 0.1666640111436358, -3.121330877623147e-06] - [-3.915424643440308e-06, -3.4954485653567e-06, -3.0752827678035288e-06, -3.912083309019913e-06]
A2: [0.1666574528221727, -0.16667615970257538, -1.000319939671856e-05, -9.250655086173124e-06] - [0.1665822494165154, 0.33324632113880287, -9.037422202593365e-05, -8.456156560736168e-05] - [0.16662907299178645, 0.8332945782910559, -4.005571780146618e-05, -3.762902141802108e-05] - [1.10714598183244e-05, 1.1409838049901982e-05, 1.1716499857726419e-05, 1.1071456669514484e-05]
B1: 0.16669828352906796 - 0.6665762691158874 - 0.16657323997413012 - 5.134245654400208e-05
B2: 0.1666892015733696 - 0.6666917955740037 - 0.16669975590383318 - 2.343299113376133e-05
