Number: 2164
Error: 6.991597794823904e-06
A1: [-3.5181307863419463e-06, -3.7720082454535825e-06, -3.010958200218397e-06, -3.340461574584551e-06] - [0.20833306909018642, 0.3333304468017733, -0.04166763520274182, 5.176771274121364e-07] - [0.16666289327733128, 0.6666626210231472, 0.16666360144559642, -3.554448156609191e-06] - [-4.109551093732745e-06, -3.668765264706916e-06, -3.227785101380202e-06, -4.106044909761243e-06]
A2: [0.16665803879827212, -0.16667554979408092, -9.383802778361444e-06, -8.666503665715462e-06] - [0.16658225460064624, 0.3332463462564633, -9.037923197276636e-05, -8.456353730019e-05] - [0.16662826146901075, 0.8332937457061096, -4.091929419641111e-05, -3.844229751646018e-05] - [1.1618885730386799e-05, 1.1973996754035484e-05, 1.2295824750148181e-05, 1.161888266502982e-05]
B1: 0.16669725722630468 - 0.6665724587014155 - 0.1665725330572746 - 5.132862661549581e-05
B2: 0.16668804018382713 - 0.6666899270330148 - 0.16669744538642348 - 2.231581936853627e-05
