Number: 342
Error: 8.018974749114808e-06
A1: [2.7829277332276805e-06, 2.8329594350182935e-06, 3.042321137925273e-06, 2.8076569279728838e-06] - [0.20834926362397257, 0.3333490075304237, -0.04165053548641674, 1.60383172336404e-05] - [0.16667071452141616, 0.6666706596855234, 0.1666708016895816, 4.078039548006269e-06] - [-6.415740817961533e-07, -5.725111985311501e-07, -5.034034845453823e-07, -6.410244887870952e-07]
A2: [0.16664755810711837, -0.16668645643677993, -2.0458342273300874e-05, -1.911460071084627e-05] - [0.16658214221147455, 0.33324588297129687, -9.029921321983386e-05, -8.454811799683865e-05] - [0.16664276022817345, 0.8333086217033808, -2.5488758441720002e-05, -2.39122282809808e-05] - [1.8388217426261252e-06, 1.8949893645541836e-06, 1.9458858528413386e-06, 1.8388206695140224e-06]
B1: 0.16671512420787352 - 0.6666400716277975 - 0.16658471540009892 - 5.110975993639467e-05
B2: 0.16670990418976547 - 0.6667240987533418 - 0.1667391675948647 - 4.339001633550122e-05
