Number: 2074
Error: 7.0412865008112775e-06
A1: [-3.1976348270094663e-06, -3.4359228978527106e-06, -2.7015429370521786e-06, -3.0275285081979354e-06] - [0.20833390647984432, 0.3333314033901932, -0.0416667484558221, 1.3217446284945792e-06] - [0.16666328904071123, 0.6666630281039112, 0.1666639676975244, -3.1680162690779275e-06] - [-3.938264218870233e-06, -3.515839993015223e-06, -3.0932254820101248e-06, -3.9349034853356445e-06]
A2: [0.16665752249165813, -0.1666760872532499, -9.929671436490065e-06, -9.18120027032598e-06] - [0.1665822519438822, 0.33324632591697384, -9.037308764506044e-05, -8.455988010080071e-05] - [0.16662897774641486, 0.8332944805563731, -4.0157110587627694e-05, -3.772447306018691e-05] - [1.1135863342266985e-05, 1.1476210159330846e-05, 1.1784656236699785e-05, 1.113586020206367e-05]
B1: 0.16669814887985662 - 0.6665758075718077 - 0.16657314419754132 - 5.132691080077703e-05
B2: 0.16668905046939522 - 0.6666915744610488 - 0.1666994967023477 - 2.3287089731358312e-05
