Number: 1586
Error: 7.311654919373645e-06
A1: [-1.502808484282688e-06, -1.6589904512421319e-06, -1.0716509783975703e-06, -1.3736699276092513e-06] - [0.20833827379689493, 0.33333640725712643, -0.041662133072280505, 5.508544184245438e-06] - [0.16666539150948606, 0.6666651894859449, 0.1666659052302293, -1.1161059354093086e-06] - [-3.009469970152606e-06, -2.6866062141705934e-06, -2.3635800752701937e-06, -3.006898966365441e-06]
A2: [0.16665471340245347, -0.1666790106707308, -1.2898296430554146e-05, -1.1981559603420476e-05] - [0.1665822100911312, 0.3332461891684097, -9.036518693704038e-05, -8.456749839056439e-05] - [0.16663285730870872, 0.833298460948321, -3.6028381323658e-05, -3.383652312211662e-05] - [8.516665482389204e-06, 8.776952793533248e-06, 9.01283699696499e-06, 8.516662253017568e-06]
B1: 0.16670312282895877 - 0.6665940929908579 - 0.1665765722338829 - 5.145681704208418e-05
B2: 0.16669469019745958 - 0.6667005347784956 - 0.16671050546901253 - 2.871526821297498e-05
