Number: 1541
Error: 3.467179004488205e-06
A1: [-7.0472265027560614e-06, -6.509690741008454e-06, -5.249544737442396e-06, -6.916838180959006e-06] - [0.2083122531905341, 0.3333135149076932, -0.041681990705097795, -2.0505672807627127e-05] - [0.16665809260433975, 0.6666587426964004, 0.16666028475185587, -8.413197654335687e-06] - [-2.9239222168398562e-06, -2.6102338799308373e-06, -2.2963860985593906e-06, -2.921424027412552e-06]
A2: [0.16668328940252472, -0.1666495720023995, 1.7327218801659264e-05, 1.6595253344429768e-05] - [0.16669453209253832, 0.3333619262263618, 2.848802005112633e-05, 2.7757690633222078e-05] - [0.16666054236205718, 0.8333269939747342, -6.721302579442186e-06, -6.1506888268614056e-06] - [8.27821927392757e-06, 8.531218977500937e-06, 8.760498275653674e-06, 8.27821606075847e-06]
B1: 0.16663826532787543 - 0.6666148799722386 - 0.16668043314640724 - -1.300500963837937e-05
B2: 0.16663077277007088 - 0.6666157155243179 - 0.16660720659098557 - -3.522185587304287e-05
