Number: 984
Error: 7.648537042530062e-06
A1: [5.894703618240102e-07, 5.345453511740284e-07, 9.404480437150714e-07, 6.680665768056964e-07] - [0.20834366703520862, 0.3333425856203819, -0.04165643411534502, 1.0679082616364447e-05] - [0.1666679865161896, 0.6666678571428584, 0.16666829668429883, 1.4165242789495486e-06] - [-1.863637707387379e-06, -1.6635933728131331e-06, -1.4634350201617488e-06, -1.8620433928016351e-06]
A2: [0.16665124568768122, -0.16668261937057796, -1.656270620696128e-05, -1.5438505082363995e-05] - [0.16658215017063108, 0.33324601244126634, -9.036321297094747e-05, -8.458519002793538e-05] - [0.16663764121800448, 0.833303369313046, -3.093696281066898e-05, -2.9042268681641637e-05] - [5.285276376786276e-06, 5.446791095720126e-06, 5.593157764777373e-06, 5.285273771781923e-06]
B1: 0.16670918027057602 - 0.6666165665495819 - 0.1665807110111206 - 5.1538410033464424e-05
B2: 0.16670173083042597 - 0.6667116756607372 - 0.16672417722642258 - 3.5494943307732974e-05
