Number: 673
Error: 2.9797118520676125e-06
A1: [-4.043763104899165e-06, -3.3611438053867377e-06, -2.363515498103357e-06, -3.986236096559716e-06] - [0.20831997625169466, 0.33332236627418277, -0.04167383427871837, -1.3103655963734319e-05] - [0.1666618200388343, 0.6666625740467176, 0.16666371701843663, -4.775687874835029e-06] - [-1.272200817065076e-06, -1.135551073797067e-06, -9.988183073541308e-07, -1.2711116854816891e-06]
A2: [0.1666782918137328, -0.1666547725747823, 1.204654386517079e-05, 1.161318242496825e-05] - [0.16669445921734072, 0.33336168596623705, 2.8506145900716992e-05, 2.7745663045596102e-05] - [0.16666744421015037, 0.8333340754809236, 6.242708376430023e-07, 7.660650429180857e-07] - [3.618917340898694e-06, 3.729497310726832e-06, 3.829703954749973e-06, 3.618915367306924e-06]
B1: 0.16664688724623988 - 0.6666471850195385 - 0.16668631603905343 - -1.2999143501273095e-05
B2: 0.16664109182999207 - 0.6666319042934581 - 0.1666270010059541 - -2.527881631310942e-05
