Number: 2719
Error: 4.115668350875047e-06
A1: [-1.1151456743572782e-05, -1.0812909672138336e-05, -9.198640746459704e-06, -1.0922168353595218e-05] - [0.2083016567947498, 0.33330137881771105, -0.041693192240381, -3.0666280080228935e-05] - [0.16665300485186504, 0.6666535118327963, 0.16665559329093893, -1.3378903268730201e-05] - [-5.165316126078581e-06, -4.611361929938847e-06, -4.057195831154246e-06, -5.1609147252360655e-06]
A2: [0.1666900596393438, -0.166642525762201, 2.4482732054803292e-05, 2.3344430645323017e-05] - [0.1666945954844732, 0.33336221869521887, 2.8431765514426818e-05, 2.7738493497142034e-05] - [0.16665116921483222, 0.8333173774107219, -1.6695865944760053e-05, -1.554407212583332e-05] - [1.460031291960969e-05, 1.5046556304931753e-05, 1.5450987234136728e-05, 1.4600310715850094e-05]
B1: 0.16662632158064186 - 0.6665707793781687 - 0.1666721698372259 - -1.3256145301699719e-05
B2: 0.1666172401133607 - 0.6665941258118019 - 0.16658062626178796 - -4.8244166712912675e-05
