Number: 902
Error: 7.694904761308525e-06
A1: [8.770810905904364e-07, 8.36065826003925e-07, 1.2173702939314856e-06, 9.487900779455916e-07] - [0.20834441210598503, 0.3333434381126055, -0.04165564645069596, 1.139380835721863e-05] - [0.1666683425938099, 0.6666682232381861, 0.16666862527607587, 1.7641024515135233e-06] - [-1.7075554031235102e-06, -1.524240739668625e-06, -1.340819856539741e-06, -1.7060943404417602e-06]
A2: [0.16665077408577936, -0.16668311018086107, -1.706111112516747e-05, -1.5908640065596022e-05] - [0.16658214458032145, 0.3332459909553521, -9.0360350775195e-05, -8.458502848890861e-05] - [0.1666382933721118, 0.8333040384309548, -3.0242901702164937e-05, -2.838870559762636e-05] - [4.845093358286769e-06, 4.9931531308180355e-06, 5.127326008241233e-06, 4.8450909004018485e-06]
B1: 0.16670997616393912 - 0.6666196001832639 - 0.16658124873727279 - 5.152030531532567e-05
B2: 0.16670269964380238 - 0.6667132109630388 - 0.1667260656175599 - 3.642821201551003e-05
