Number: 2114
Error: 7.019195840367972e-06
A1: [-3.3400781461208645e-06, -3.5852948781039467e-06, -2.83906153926405e-06, -3.1666105321203795e-06] - [0.2083335343044968, 0.33333097823757335, -0.041667142567688074, 9.643791528935226e-07] - [0.16666311314520826, 0.6666628471784545, 0.16666380491831892, -3.3397644230868742e-06] - [-4.014391926284815e-06, -3.5838069857985383e-06, -3.153029918418225e-06, -4.01096654063055e-06]
A2: [0.16665775197872243, -0.16667584836501842, -9.68704567080629e-06, -8.952428766044301e-06] - [0.1665822531907885, 0.3332463350228706, -9.037575244735817e-05, -8.45614393913885e-05] - [0.16662865941714786, 0.8332941539724908, -4.0495842637623676e-05, -3.8043489900100496e-05] - [1.1350540983222205e-05, 1.169744970306281e-05, 1.2011843314900267e-05, 1.135053787404215e-05]
B1: 0.16669775255616825 - 0.6665743191984853 - 0.16657287264485837 - 5.132764100083224e-05
B2: 0.16668860138745908 - 0.6666908422032439 - 0.1666985849373435 - 2.2855347860416115e-05
