Number: 1756
Error: 7.217278493833911e-06
A1: [-2.084320581575977e-06, -2.268602328863277e-06, -1.629535773016669e-06, -1.9409187550964397e-06] - [0.20833678826042965, 0.3333347019987723, -0.04166370096843488, 4.085859181042602e-06] - [0.1666646680904867, 0.6666644460524548, 0.16666524028832022, -1.8219204771536382e-06] - [-3.3330327170121156e-06, -2.975486049169546e-06, -2.6177661362686726e-06, -3.330186397956468e-06]
A2: [0.16665569389429816, -0.16667799042778508, -1.1862386346896813e-05, -1.1004108910565159e-05] - [0.1665822301036466, 0.33324624203276315, -9.036293161012589e-05, -8.455941157425677e-05] - [0.16663150663956186, 0.8332970751279438, -3.746590397009123e-05, -3.5190114037632365e-05] - [9.429118348710939e-06, 9.717296139889284e-06, 9.978458453006544e-06, 9.429115089738479e-06]
B1: 0.16670136207002068 - 0.6665876973601129 - 0.16657535478457625 - 5.138352872431951e-05
B2: 0.16669269163486003 - 0.666697407233173 - 0.16670669363463228 - 2.679040117581634e-05
