Number: 1223
Error: 3.2901852382838893e-06
A1: [-5.957424708090837e-06, -5.36722710967267e-06, -4.203742967293622e-06, -5.853719033435015e-06] - [0.20831504044216542, 0.3333167135288761, -0.04167904866480874, -1.7835996832981164e-05] - [0.16665944766330867, 0.66666013531782, 0.16666153066680878, -7.0910718476491955e-06] - [-2.3188137126619634e-06, -2.0699848582735772e-06, -1.8210207771306592e-06, -2.3168310767703075e-06]
A2: [0.16668145552552582, -0.166651480215807, 1.53896953298315e-05, 1.4767061524669697e-05] - [0.16669449529356653, 0.33336182808779163, 2.848455971634473e-05, 2.7743184848410567e-05] - [0.16666306890527005, 0.8333295863028436, -4.032256457998963e-06, -3.6186841631629293e-06] - [6.57134082601065e-06, 6.7721669401155904e-06, 6.954160875519463e-06, 6.5713378736620085e-06]
B1: 0.16664152976626131 - 0.666626814605124 - 0.1666826818657821 - -1.2897103290674823e-05
B2: 0.16663452557245859 - 0.6666215864580329 - 0.16661436464941518 - -3.160681768830142e-05
