Number: 1773
Error: 3.5957366986470308e-06
A1: [-7.868789834158654e-06, -7.371182666189386e-06, -6.042027337194312e-06, -7.718910079954288e-06] - [0.20831011296315366, 0.33331106848306813, -0.04168425602294164, -2.2560020788550932e-05] - [0.16665707721466394, 0.6666576983782787, 0.16665934593430948, -9.404536115438949e-06] - [-3.3653714369006587e-06, -3.004363544489815e-06, -2.6431812507750838e-06, -3.362497602566649e-06]
A2: [0.16668462226041314, -0.1666481846764701, 1.873617771346501e-05, 1.792396376255586e-05] - [0.16669454526274277, 0.33336198478919693, 2.8478188216642624e-05, 2.7754596797695808e-05] - [0.1666586973008233, 0.8333251010043935, -8.684745805431112e-06, -7.999734703996428e-06] - [9.523436720164269e-06, 9.814498432506368e-06, 1.0078274605984415e-05, 9.523433459592411e-06]
B1: 0.16663595744181708 - 0.6666062416156655 - 0.16667885589693143 - -1.3009982808741423e-05
B2: 0.16662814165159812 - 0.666611456386645 - 0.16660192109103622 - -3.775247203438371e-05
