Number: 3025
Error: 4.282621934107513e-06
A1: [-1.2226717122549888e-05, -1.1940370241813124e-05, -1.0234635260460701e-05, -1.197173144293481e-05] - [0.20829886734460495, 0.333298187326716, -0.04169614308416523, -3.3342498437340955e-05] - [0.1666516740119559, 0.666652143292877, 0.16665436431846264, -1.4678035303103286e-05] - [-5.747500384351897e-06, -5.131134386379422e-06, -4.514552390681503e-06, -5.742606292601244e-06]
A2: [0.16669181273171613, -0.16664070090402416, 2.6336061212134042e-05, 2.509205266337913e-05] - [0.16669459273516976, 0.33336227565455123, 2.8398381421324546e-05, 2.7714288857708246e-05] - [0.16664873023655938, 0.8333148752285339, -1.92910135756824e-05, -1.798830822370824e-05] - [1.6242328382392447e-05, 1.6738761850154968e-05, 1.7188687331958387e-05, 1.624232694970635e-05]
B1: 0.16662325795049976 - 0.6665593505603238 - 0.16667003703942532 - -1.3282637847263532e-05
B2: 0.16661377075497907 - 0.6665885349180138 - 0.16657370879763098 - -5.158095207590031e-05
