Number: 3028
Error: 6.517493246194725e-06
A1: [-6.513205987198005e-06, -6.912141372442137e-06, -5.890481251629214e-06, -6.2630148724026724e-06] - [0.2083253589950874, 0.3333216108655236, -0.041675782255294135, -6.872849280021805e-06] - [0.1666591765087815, 0.666658800237455, 0.1666601772005689, -7.1817209432107965e-06] - [-5.753845391068752e-06, -5.136790495312061e-06, -4.5195196980617535e-06, -5.748945932151422e-06]
A2: [0.16666300183770352, -0.16667038439670254, -4.138396208767994e-06, -3.7189202683161486e-06] - [0.16658228823902335, 0.33324654781198015, -9.043380481312431e-05, -8.459051680903669e-05] - [0.1666213825097022, 0.8332866882271133, -4.8239403711845756e-05, -4.5336110928616e-05] - [1.6255476616762556e-05, 1.6752310435619307e-05, 1.7202598748224902e-05, 1.6255475193377156e-05]
B1: 0.16668844981785375 - 0.6665400540610442 - 0.16656640062946118 - 5.10969940368854e-05
B2: 0.16667808587904895 - 0.6666741106485702 - 0.16667802015052485 - 1.2736084284652779e-05
