Number: 731
Error: 3.0129038061569057e-06
A1: [-4.255666498427104e-06, -3.5833263463617743e-06, -2.5687396320685693e-06, -4.193259966861255e-06] - [0.20831941517293887, 0.3333217274368134, -0.041674429040659634, -1.3643238967742809e-05] - [0.1666615597008706, 0.6666623061681731, 0.16666347521271546, -5.030005854335138e-06] - [-1.3825732944361286e-06, -1.2340935319409353e-06, -1.0855246099907073e-06, -1.3813898274337066e-06]
A2: [0.16667862305721007, -0.16665442770043404, 1.2396845434158764e-05, 1.1943389070661475e-05] - [0.16669445567835514, 0.33336169375002994, 2.849682737465214e-05, 2.7738058733032663e-05] - [0.16666698154654352, 0.8333336008149427, 1.3196755871359563e-07, 3.024056401467078e-07] - [3.930285705942223e-06, 4.050383228007495e-06, 4.159215127185174e-06, 3.930283598269033e-06]
B1: 0.16664638001811008 - 0.6666450907782583 - 0.16668598295516046 - -1.293062124717969e-05
B2: 0.16664041336412722 - 0.6666307989132854 - 0.16662561818951452 - -2.593215974483724e-05
