Number: 1817
Error: 3.6200447092360786e-06
A1: [-8.01591524543256e-06, -7.525393734002266e-06, -6.182663945428218e-06, -7.86234721949309e-06] - [0.208309742043188, 0.3333106414522579, -0.041684646746531245, -2.2914686924544794e-05] - [0.16665689341821252, 0.6666575095876013, 0.16665917764369473, -9.583779645745451e-06] - [-3.44909401900423e-06, -3.079112004161616e-06, -2.7089530081453894e-06, -3.446148986460083e-06]
A2: [0.16668487644191113, -0.16664792023773714, 1.90046424052471e-05, 1.8177358608661394e-05] - [0.16669455132905192, 0.33336199927394666, 2.847949979106537e-05, 2.7757578244560834e-05] - [0.16665834775111052, 0.8333247423458098, -9.05679430571678e-06, -8.350040220201206e-06] - [9.759587808907998e-06, 1.0057867844726457e-05, 1.0328186319275504e-05, 9.759584552972166e-06]
B1: 0.16663549068927114 - 0.666604575340039 - 0.16667852984623557 - -1.3040004653351906e-05
B2: 0.1666276140053781 - 0.6666106470518862 - 0.16660094566663064 - -3.826105489506899e-05
