Number: 2157
Error: 3.8075267059190123e-06
A1: [-9.202831661406045e-06, -8.769877040016265e-06, -7.325069889858397e-06, -9.020715961356036e-06] - [0.20830667427898122, 0.3333071287622526, -0.041687890226210236, -2.5856661697611568e-05] - [0.16665542260665428, 0.6666559973376655, 0.16665782095101944, -1.10193623054991e-05] - [-4.096024910517188e-06, -3.656696010453552e-06, -3.2171729479757935e-06, -4.092530202533077e-06]
A2: [0.1666868310190415, -0.16664588597672442, 2.107046340370006e-05, 2.0125857447794744e-05] - [0.1666945720752647, 0.3333620861946026, 2.8465824280071532e-05, 2.775448771609408e-05] - [0.1666556431673766, 0.8333219675131094, -1.1934947259471422e-05, -1.106046428811441e-05] - [1.1584351359100372e-05, 1.1938407943484428e-05, 1.2259280267382235e-05, 1.1584348285534756e-05]
B1: 0.1666320475996949 - 0.6665918531268037 - 0.16667615353983242 - -1.3108268679789203e-05
B2: 0.16662371417292843 - 0.6666044144964608 - 0.166593265031732 - -4.201359125372918e-05
