Number: 2309
Error: 3.891098148204802e-06
A1: [-9.739345083570146e-06, -9.332457514678633e-06, -7.842348801095615e-06, -9.544461571894182e-06] - [0.20830527905819488, 0.33330553329437296, -0.041689366684582944, -2.7195625276451133e-05] - [0.16665475911272537, 0.6666553149820889, 0.16665720779860319, -1.1667101823962492e-05] - [-4.385233160391103e-06, -3.91490201403165e-06, -3.4443705986757767e-06, -4.381492995033145e-06]
A2: [0.16668770318649734, -0.16664497813673224, 2.199246631808781e-05, 2.0995307601540662e-05] - [0.16669457631309628, 0.3333621201491772, 2.8454951401097535e-05, 2.774806894981727e-05] - [0.16665443316452402, 0.8333207261214846, -1.3222511234582421e-05, -1.2273078290208581e-05] - [1.2400093006088298e-05, 1.2779083842731818e-05, 1.3122556235001063e-05, 1.2400090097949544e-05]
B1: 0.1666305285778008 - 0.6665861832215096 - 0.16667510611422787 - -1.311855903949294e-05
B2: 0.16662199370070713 - 0.6666016327668874 - 0.16658981651496846 - -4.366821401934854e-05
