Number: 2046
Error: 7.056771107743159e-06
A1: [-3.0931289024956457e-06, -3.3262978112432734e-06, -2.5999462665574605e-06, -2.925380091044947e-06] - [0.20833418631785786, 0.3333317213958363, -0.041666451095705936, 1.5911972253330217e-06] - [0.1666634170139663, 0.6666631598700097, 0.16666408703291735, -3.0429508123209342e-06] - [-3.884975822248542e-06, -3.468264166412717e-06, -3.0513635541777387e-06, -3.881660351080124e-06]
A2: [0.1666573626611698, -0.16667625370492495, -1.0098781832331474e-05, -9.340529867908595e-06] - [0.16658225317798037, 0.33324632154362477, -9.036933329576069e-05, -8.45566816774132e-05] - [0.16662920081926072, 0.8332947093947274, -3.991978198423528e-05, -3.750091891930258e-05] - [1.098558795859705e-05, 1.1321341417061368e-05, 1.1625624211321928e-05, 1.0985584798854765e-05]
B1: 0.16669841035396837 - 0.6665768341705346 - 0.16657331970674075 - 5.1310433630387276e-05
B2: 0.1666893487048518 - 0.6666920858706029 - 0.1667001495373434 - 2.3573187722733177e-05
