Number: 2289
Error: 3.880106773735705e-06
A1: [-9.668119624522086e-06, -9.257766976295317e-06, -7.773583739444086e-06, -9.474916681641348e-06] - [0.20830546518357965, 0.33330574591011203, -0.041689169585831916, -2.701690456282017e-05] - [0.16665484705238903, 0.6666554054392253, 0.1666572891858615, -1.1581235695715545e-05] - [-4.347179782406404e-06, -3.880927896728048e-06, -3.4144764896394144e-06, -4.343471904069531e-06]
A2: [0.16668758856524438, -0.16664509745687991, 2.187127710360324e-05, 2.0881043883419965e-05] - [0.16669457615279767, 0.33336211606536426, 2.8456751444399327e-05, 2.7749310829073995e-05] - [0.16665459243682665, 0.8333208895223329, -1.3053036777835868e-05, -1.211346241204649e-05] - [1.2292759577692824e-05, 1.2668469625329848e-05, 1.3008968335271266e-05, 1.2292756644858463e-05]
B1: 0.16663072613953506 - 0.6665869271299604 - 0.16667524198565775 - -1.311951513051376e-05
B2: 0.16662221798079846 - 0.6666019986543952 - 0.16659027221407047 - -4.3452598180289295e-05
