Number: 2469
Error: 3.978852482635061e-06
A1: [-1.0285162430016749e-05, -9.904649997732086e-06, -8.365793307948218e-06, -1.0076857482491023e-05] - [0.20830388664720229, 0.3333039343786847, -0.041690836050581236, -2.852889174546672e-05] - [0.16665407982815406, 0.6666546169174788, 0.16665658365060182, -1.2329821582715023e-05] - [-4.689660181748161e-06, -4.186695770440754e-06, -3.6835257111038324e-06, -4.685661823900757e-06]
A2: [0.16668862403268894, -0.16664401990124073, 2.296544155615485e-05, 2.1913293339301016e-05] - [0.1666945874993116, 0.33336216219501263, 2.844936675422268e-05, 2.7748036922417048e-05] - [0.16665316003455513, 0.8333194198999387, -1.4577389518720677e-05, -1.3548957113355459e-05] - [1.3258732957169844e-05, 1.366396927009071e-05, 1.4031230584399983e-05, 1.3258730279097083e-05]
B1: 0.1666288685535292 - 0.6665801554417039 - 0.16667394556672313 - -1.3190518442012601e-05
B2: 0.16662011962668916 - 0.6665987005852981 - 0.16658624471733144 - -4.547296631405731e-05
