Number: 2397
Error: 3.939368570814561e-06
A1: [-1.0033555366028026e-05, -9.640837783438112e-06, -8.123581333760788e-06, -9.831295777774605e-06] - [0.20830453735503607, 0.33330467936878433, -0.04169014800289343, -2.7904821986791905e-05] - [0.16665439155769812, 0.6666549374381467, 0.166656871249082, -1.2025551942212347e-05] - [-4.5526692955213155e-06, -4.064390041438613e-06, -3.575907426874086e-06, -4.548787099988583e-06]
A2: [0.16668821072687282, -0.16664445008272635, 2.252857367227224e-05, 2.1501274682274145e-05] - [0.1666945853393199, 0.3333621460151162, 2.84544790682712e-05, 2.7750924997081505e-05] - [0.16665373330255437, 0.8333200080430276, -1.3967368175867743e-05, -1.2974452152821526e-05] - [1.2872345020026122e-05, 1.3265770883370851e-05, 1.3622327149147527e-05, 1.2872342231315435e-05]
B1: 0.16662959577099273 - 0.6665828491816252 - 0.16667445009713644 - -1.317794426271835e-05
B2: 0.16662094233084676 - 0.6666000181093422 - 0.1665878697712963 - -4.4681455242814475e-05
