Number: 566
Error: 7.887210147831778e-06
A1: [2.0383125184247467e-06, 2.0531248748915404e-06, 2.3324648270686974e-06, 2.0818167877088668e-06] - [0.20834739495682822, 0.33334685647578277, -0.04165249838378868, 1.4252384906934035e-05] - [0.16666978392904844, 0.6666697044680504, 0.16666995167211915, 3.170626510116802e-06] - [-1.067979145038766e-06, -9.532154615900345e-07, -8.383806404677866e-07, -1.067064649433177e-06]
A2: [0.1666488427605015, -0.1666851199470769, -1.9101732765919573e-05, -1.7833954540253487e-05] - [0.1665821311245798, 0.3332459132370298, -9.033745768360323e-05, -8.457491630104254e-05] - [0.16664096921590094, 0.8333067839527182, -2.7395017356644982e-05, -2.570708884314431e-05] - [3.0413566315538995e-06, 3.1342819795220003e-06, 3.2184892891828835e-06, 3.04135492746912e-06]
B1: 0.16671315297968514 - 0.6666319576834469 - 0.1665833901806881 - 5.136182496934887e-05
B2: 0.16670684473646583 - 0.666719622348887 - 0.1667338654130454 - 4.042765931402823e-05
