Number: 1667
Error: 3.5370880468030144e-06
A1: [-7.5056229357159974e-06, -6.99045670955038e-06, -5.6935150424478415e-06, -7.3646369974659215e-06] - [0.20831104168856285, 0.3333121343537713, -0.041683275652385124, -2.167048617046367e-05] - [0.16665752881457327, 0.6666581625039666, 0.16665976116664363, -8.9639131959959e-06] - [-3.1636753330226413e-06, -2.8242872048248034e-06, -2.4847312262232716e-06, -3.1609730803307444e-06]
A2: [0.16668401129131524, -0.1666488204293535, 1.8090648875418086e-05, 1.7314889717767712e-05] - [0.16669453413203555, 0.3333619531868217, 2.8478119176201792e-05, 2.775089748256919e-05] - [0.1666595397506853, 0.8333259653757304, -7.788141289524938e-06, -7.15546414939727e-06] - [8.954514486120022e-06, 9.228186205139151e-06, 9.47620114263386e-06, 8.954511232239558e-06]
B1: 0.16663705263063264 - 0.666610227583336 - 0.16667961411645066 - -1.296694813407506e-05
B2: 0.16662938426278118 - 0.6666134048076962 - 0.16660429833201507 - -3.6555783498759325e-05
