Number: 1905
Error: 3.6686800196225423e-06
A1: [-8.33412510699218e-06, -7.859120912514251e-06, -6.490587915211301e-06, -8.17315762463032e-06] - [0.20830890370777713, 0.33330968547307954, -0.041685535531689924, -2.3720422367801005e-05] - [0.16665650161609172, 0.6666571064362448, 0.16665881413167424, -9.966452845778297e-06] - [-3.6165361966644614e-06, -3.228605210750424e-06, -2.8404923295048585e-06, -3.6134488133706006e-06]
A2: [0.16668538063650426, -0.1666473953262462, 1.9537819982689055e-05, 1.8679980075948375e-05] - [0.16669455246841883, 0.3333620177836115, 2.8472229314951137e-05, 2.77525485174531e-05] - [0.16665764733744448, 0.8333240237790918, -9.802071594051609e-06, -9.051965361565827e-06] - [1.0231896714262584e-05, 1.0544613565950239e-05, 1.0828016880711596e-05, 1.0231893480633025e-05]
B1: 0.16663463578425777 - 0.6666013176178879 - 0.16667794878618994 - -1.3021385962349967e-05
B2: 0.16662664103453032 - 0.6666090360144191 - 0.16659892363741702 - -3.919590549950325e-05
