Number: 1471
Error: 3.428352051091992e-06
A1: [-6.821836046818905e-06, -6.273518792841168e-06, -5.035460492738897e-06, -6.697307291508415e-06] - [0.2083128083426618, 0.33331415734744163, -0.041681408008262776, -1.9976346001974627e-05] - [0.1666583762385813, 0.6666590337793205, 0.1666605427224126, -8.136798666279092e-06] - [-2.7907230346877913e-06, -2.4913115012474415e-06, -2.1917454843859526e-06, -2.788338267376027e-06]
A2: [0.16668288330123418, -0.16664999434673503, 1.6898549670667926e-05, 1.6190403613025467e-05] - [0.16669451769678306, 0.33336189864081756, 2.8481607848955903e-05, 2.7748202674746187e-05] - [0.16666109780605023, 0.8333275639361912, -6.130011466022895e-06, -5.594042477353911e-06] - [7.902508048827886e-06, 8.144023513141905e-06, 8.362894417087845e-06, 7.902504873677404e-06]
B1: 0.16663903405990427 - 0.6666175551693482 - 0.16668097420551467 - -1.2931066423845593e-05
B2: 0.1666316455214177 - 0.6666170093486478 - 0.16660873607901236 - -3.4379434104784485e-05
