Number: 503
Error: 2.8815314932888815e-06
A1: [-3.4600394792502115e-06, -2.7494809703219444e-06, -1.803747911359308e-06, -3.4167788001554375e-06] - [0.20832147004652224, 0.33332407918875456, -0.041672259343417464, -1.1672721662234216e-05] - [0.16666254521654023, 0.6666633191257603, 0.16666438347551063, -4.068118969662103e-06] - [-9.486924940708067e-07, -8.467157996015526e-07, -7.446749594098954e-07, -9.478800204599072e-07]
A2: [0.16667731663415028, -0.16665578733614475, 1.101625858752499e-05, 1.0641042105065869e-05] - [0.16669446166943122, 0.3333616562829087, 2.8527669136837986e-05, 2.776003163320573e-05] - [0.16666880063353098, 0.8333354672391327, 2.067880701516925e-06, 2.125407282342645e-06] - [2.7062803521215705e-06, 2.788963825470433e-06, 2.863889616107496e-06, 2.7062788117440623e-06]
B1: 0.16664843161305212 - 0.6666533824599494 - 0.16668735287052805 - -1.3142178163462015e-05
B2: 0.16664326025981785 - 0.6666352070543664 - 0.16663099332064818 - -2.3184029180271765e-05
