Number: 2563
Error: 4.030344667496606e-06
A1: [-1.0610319811142936e-05, -1.0245554271051617e-05, -8.678310139279872e-06, -1.0394125571344503e-05] - [0.20830305051943374, 0.3333029759146538, -0.04169171942001324, -2.9330255045097094e-05] - [0.16665367621262414, 0.6666542020138888, 0.16665621191708144, -1.272370115953621e-05] - [-4.8685082810013975e-06, -4.3463717110883294e-06, -3.824026834705996e-06, -4.864358324545997e-06]
A2: [0.16668916404138862, -0.16664345788907878, 2.3536153336435146e-05, 2.2451621558159707e-05] - [0.1666945912209985, 0.3333621841452239, 2.84434401299111e-05, 2.7745167911239152e-05] - [0.1666524116296903, 0.8333186520656293, -1.537379685822281e-05, -1.4298976968281801e-05] - [1.3763174183109502e-05, 1.4183829388374534e-05, 1.4565066578693261e-05, 1.3763171666905036e-05]
B1: 0.1666279088781392 - 0.6665766284395497 - 0.1666732767370211 - -1.3217203374739554e-05
B2: 0.16661903440257794 - 0.6665969797233101 - 0.1665841333094971 - -4.651746483786605e-05
