Number: 181
Error: 2.688817963964102e-06
A1: [-2.381017411856571e-06, -1.6196949646961915e-06, -7.744182109143877e-07, -2.364753451175084e-06] - [0.20832419053826154, 0.3333272062212217, -0.041669402167744146, -9.071190297290233e-06] - [0.16666389103201354, 0.6666647005537912, 0.16666561389281276, -2.7556310497964217e-06] - [-3.359225905213324e-07, -2.996188170663048e-07, -2.6329051498064174e-07, -3.3563481585270393e-07]
A2: [0.1666754812427906, -0.16665769706987607, 9.077722466544737e-06, 8.811407664402985e-06] - [0.16669452235861187, 0.333361658316781, 2.862876603569054e-05, 2.7843292134067517e-05] - [0.1666713860802355, 0.8333381200877668, 4.819373520332779e-06, 4.7163823916311095e-06] - [9.775324066973461e-07, 1.0073732871011303e-06, 1.0344121699974207e-06, 9.775318400707616e-07]
B1: 0.16665096553655923 - 0.6666647801253058 - 0.1666890256163666 - -1.3803983648143518e-05
B2: 0.16664783752986187 - 0.6666418464579025 - 0.16663884611438462 - -1.8746250324387114e-05
