Number: 3083
Error: 4.314157539910821e-06
A1: [-1.2414074893328908e-05, -1.213669785686288e-05, -1.041270282407497e-05, -1.215423434645881e-05] - [0.20829840487337045, 0.33329765237327225, -0.04169662870624031, -3.378357114211477e-05] - [0.16665143838129498, 0.6666519014502522, 0.16665414986202326, -1.4907672086369645e-05] - [-5.857849600737697e-06, -5.229654522904712e-06, -4.601243112299585e-06, -5.85286219863551e-06]
A2: [0.16669214762179374, -0.1666403525506988, 2.6689664209767677e-05, 2.542590575499685e-05] - [0.1666945987878511, 0.3333622926582527, 2.8397874047130658e-05, 2.7716274269342606e-05] - [0.1666482686097301, 0.8333144015775776, -1.9782332813130758e-05, -1.8450931809728262e-05] - [1.6553540558643436e-05, 1.7059486589566258e-05, 1.7518034848256734e-05, 1.655353929570166e-05]
B1: 0.16662262390065932 - 0.6665571328529428 - 0.16666958316411143 - -1.3341075912231653e-05
B2: 0.16661305755893455 - 0.6665874708737781 - 0.16657244742091565 - -5.226901411565824e-05
