Number: 1246
Error: 7.501322697402056e-06
A1: [-3.155672107263327e-07, -4.1421652951796014e-07, 7.09968771350317e-08, -2.1497912197775175e-07] - [0.20834134229681295, 0.3333399205656058, -0.04165888913691803, 8.451246108189405e-06] - [0.16666686278594703, 0.6666667021389043, 0.16666726223771758, 3.199366585656646e-07] - [-2.3623324634404727e-06, -2.108835082705223e-06, -1.8552007252680874e-06, -2.360312738217634e-06]
A2: [0.1666527557646541, -0.1666810480004899, -1.4967158504858806e-05, -1.3933115087796837e-05] - [0.16658217812947537, 0.33324609103242187, -9.036260182876609e-05, -8.457560945632285e-05] - [0.16663555927871002, 0.8333012331735329, -3.3152804158040366e-05, -3.1128710089709815e-05] - [6.69167212588094e-06, 6.896175672509615e-06, 7.081502421997026e-06, 6.691669149989528e-06]
B1: 0.1667065476446219 - 0.6666067894635721 - 0.1665789138282101 - 5.1506570832628864e-05
B2: 0.16669862634990565 - 0.6667068042065031 - 0.16671822284968632 - 3.250403480086785e-05
