Number: 1018
Error: 7.629373909104314e-06
A1: [4.77839850862007e-07, 4.1757241739484804e-07, 8.340991488083727e-07, 5.592844321069635e-07] - [0.20834338879672884, 0.33334226455339744, -0.04165672659138649, 1.0413396821760879e-05] - [0.16666784657470782, 0.6666677134775278, 0.1666681689986887, 1.2800995585776563e-06] - [-1.9283556809514486e-06, -1.7213747363172375e-06, -1.514276626587694e-06, -1.9267061296491083e-06]
A2: [0.16665144258214493, -0.1666824145741674, -1.6354826764057057e-05, -1.5242218854316862e-05] - [0.16658215610496804, 0.3332460248043787, -9.03611171521911e-05, -8.4581640625451e-05] - [0.16663737126753456, 0.8333030923102357, -3.122432786953691e-05, -2.9312803373137678e-05] - [5.467789353909876e-06, 5.634882898628041e-06, 5.786305510354823e-06, 5.467786692199797e-06]
B1: 0.1667088229525817 - 0.6666152826987072 - 0.1665804633494818 - 5.151858318478184e-05
B2: 0.16670130506849815 - 0.6667110387630684 - 0.16672341896922624 - 3.5083920015647314e-05
