Number: 2963
Error: 4.248847870036184e-06
A1: [-1.2010736410672759e-05, -1.1713919077081667e-05, -1.0026822058546843e-05, -1.1760955500944292e-05] - [0.20829942494857664, 0.3332988259638306, -0.04169555363057066, -3.28078294258483e-05] - [0.1666519417570526, 0.6666524185696773, 0.16665461121088446, -1.4416712717855246e-05] - [-5.629542690766841e-06, -5.02582213818042e-06, -4.421886101321953e-06, -5.624748369459066e-06]
A2: [0.16669145734887197, -0.16664107081138682, 2.5960402006312196e-05, 2.473777820421219e-05] - [0.16669459298426753, 0.33336226384823464, 2.8404923991687587e-05, 2.77188852382985e-05] - [0.16664922444204222, 0.833315382245174, -1.8765155352317965e-05, -1.749303737302359e-05] - [1.5909641118608533e-05, 1.6395905630327486e-05, 1.6836613398208653e-05, 1.590963951277436e-05]
B1: 0.1666238843970105 - 0.6665616720122868 - 0.16667047512004105 - -1.3271547438597033e-05
B2: 0.1666144797640677 - 0.6665896679158599 - 0.1665751043881232 - -5.089880503001777e-05
