Number: 718
Error: 7.79966993704366e-06
A1: [1.5240439017836012e-06, 1.5142721310189048e-06, 1.8404106412023741e-06, 1.580296940132793e-06] - [0.2083460902199511, 0.33334535741057836, -0.04165387248202754, 1.3003824736172806e-05] - [0.16666914313126374, 0.6666690462938644, 0.16666936421425277, 2.5455661066156772e-06] - [-1.3573164448798977e-06, -1.2115416355116919e-06, -1.0656791865636531e-06, -1.3561545786311615e-06]
A2: [0.16664971724545116, -0.16668421010112314, -1.8178054668895253e-05, -1.696218876708823e-05] - [0.16658213751275316, 0.3332459483265356, -9.034825319687885e-05, -8.457918968997689e-05] - [0.16663975808074277, 0.8333055412360079, -2.868409958931022e-05, -2.6920835501484553e-05] - [3.857343974337279e-06, 3.975211459414249e-06, 4.0820223801358915e-06, 3.8573418996176725e-06]
B1: 0.1667117155720155 - 0.6666263650060026 - 0.1665824170141986 - 5.143319234428551e-05
B2: 0.16670490254160747 - 0.6667166896530765 - 0.1667303413709028 - 3.855135184346435e-05
