Number: 2382
Error: 6.871508189018023e-06
A1: [-4.275255622966608e-06, -4.565815123030773e-06, -3.739087423339491e-06, -4.0792860767929e-06] - [0.20833111801879953, 0.333328211344286, -0.041669697154907114, -1.352755303514316e-06] - [0.16666195404322892, 0.6666616554643718, 0.16666273586786684, -4.471098482015583e-06] - [-4.524444209500274e-06, -4.039182859601384e-06, -3.5537187805358016e-06, -4.520585958271169e-06]
A2: [0.16665929207256763, -0.1666742454471544, -8.059256491176177e-06, -7.417129169944767e-06] - [0.1665822672628742, 0.333246401320861, -9.038876513635644e-05, -8.456616921794872e-05] - [0.1666265269125251, 0.8332919661102589, -4.2765151970278865e-05, -4.018060150330961e-05] - [1.278883848847895e-05, 1.3179710604883511e-05, 1.3533952095802587e-05, 1.2788835679633536e-05]
B1: 0.16669503615629988 - 0.6665642868936071 - 0.1665709936601598 - 5.127141536906929e-05
B2: 0.16668552942502807 - 0.6666859327852684 - 0.16669253592738656 - 1.989956745538992e-05
