Number: 423
Error: 2.8346872217883504e-06
A1: [-3.1975823701797487e-06, -2.474626973337675e-06, -1.5540665027015617e-06, -3.1610235649312884e-06] - [0.20832212356339627, 0.3333248328138575, -0.041671573657033424, -1.1048738858128268e-05] - [0.16666287402901586, 0.666663656553619, 0.16666468315399915, -3.7475812089608275e-06] - [-7.964523202664212e-07, -7.10791929283725e-07, -6.25076748241957e-07, -7.957701215195074e-07]
A2: [0.1666768571671068, -0.16665626528756242, 1.0531146145043571e-05, 1.0183005392392205e-05] - [0.16669446376541025, 0.33336164368453247, 2.853959581938067e-05, 2.7767735632974437e-05] - [0.16666943997756858, 0.8333361232829865, 2.748394750897875e-06, 2.7661249281204204e-06] - [2.276796536577764e-06, 2.3463519951552503e-06, 2.409380820825825e-06, 2.276795220213232e-06]
B1: 0.1666491525138666 - 0.6666562963483333 - 0.16668784149821297 - -1.3215284298185567e-05
B2: 0.1666443591303225 - 0.666636801252474 - 0.1666328712738513 - -2.2119816412587013e-05
