Number: 2707
Error: 4.109120930056405e-06
A1: [-1.1113518491367928e-05, -1.0773161684929627e-05, -9.16271698326539e-06, -1.0885233801414886e-05] - [0.20830174915279573, 0.3333014859858108, -0.04169309546548588, -3.057834622160338e-05] - [0.16665305276921688, 0.6666535609885882, 0.16665563673341638, -1.3332225305764009e-05] - [-5.142484414351241e-06, -4.590977599995799e-06, -4.039259123583712e-06, -5.138102349530622e-06]
A2: [0.16668999013364708, -0.16664259804667902, 2.440936876406732e-05, 2.327513950429817e-05] - [0.16669459356944913, 0.3333622145322782, 2.8431245009739926e-05, 2.7737419963213303e-05] - [0.16665126460853918, 0.8333174752943027, -1.6594324544083564e-05, -1.5448472211353724e-05] - [1.453592047922592e-05, 1.4980195626324758e-05, 1.5382842483752296e-05, 1.4535918249490204e-05]
B1: 0.16662645579198015 - 0.6665712409101407 - 0.16667226608620106 - -1.3241027262954634e-05
B2: 0.16661739062772973 - 0.6665943463411452 - 0.1665808849027947 - -4.80988525647212e-05
