Number: 591
Error: 2.932546969379944e-06
A1: [-3.755573704008182e-06, -3.0590860617805928e-06, -2.0860977394914652e-06, -3.7049344387866934e-06] - [0.20832072353400793, 0.3333232208221617, -0.041673044712932046, -1.2386720213563155e-05] - [0.16666217655391477, 0.6666629405545292, 0.1666640459962198, -4.4276728363592226e-06] - [-1.1161560447950205e-06, -9.96231154803754e-07, -8.762321798647727e-07, -1.1152003305204715e-06]
A2: [0.16667782210483817, -0.16665526144396062, 1.1550116764342833e-05, 1.1144939479207012e-05] - [0.16669446143199446, 0.3333616724851781, 2.8517165543116743e-05, 2.7753625501698726e-05] - [0.16666809832816393, 0.8333347466131152, 1.3203842815481762e-06, 1.4215909516249544e-06] - [3.178705570848651e-06, 3.275829634431936e-06, 3.3638419809008497e-06, 3.178703798788451e-06]
B1: 0.16664762446890544 - 0.6666501661065727 - 0.16668680734679567 - -1.307587117291349e-05
B2: 0.1666421039121126 - 0.6666334842877133 - 0.1666289355612732 - -2.4302254590855056e-05
