Number: 1778
Error: 7.20508634511303e-06
A1: [-2.1578801089048577e-06, -2.345703350477852e-06, -1.6998478986739012e-06, -2.0126340891340306e-06] - [0.20833660284001904, 0.33333448852589115, -0.041663896283329296, 3.908565910412851e-06] - [0.16666457618423913, 0.6666643516519787, 0.16666515614119762, -1.911550177979904e-06] - [-3.3749055317572503e-06, -3.0128705157902236e-06, -2.6506609385220178e-06, -3.3720235991430908e-06]
A2: [0.16665582104117613, -0.16667785815085365, -1.1728096769695715e-05, -1.0877355593511963e-05] - [0.1665822333386827, 0.33324624948214593, -9.036207053265429e-05, -8.455771988453577e-05] - [0.1666313319086118, 0.8332968958436427, -3.765188379001671e-05, -3.5365223111370305e-05] - [9.547198305316257e-06, 9.838985384677903e-06, 1.010341895288926e-05, 9.547195047245389e-06]
B1: 0.1667011285053098 - 0.666586864163747 - 0.16657519187054914 - 5.136833639576309e-05
B2: 0.16669242751994487 - 0.6666970022968906 - 0.16670620571462824 - 2.6535823590775076e-05
