Number: 2330
Error: 6.900125836777111e-06
A1: [-4.094878059500428e-06, -4.376700396352796e-06, -3.565651380544171e-06, -3.903273480710364e-06] - [0.20833158252325745, 0.3333287436335353, -0.04166920630208199, -9.074848776305528e-07] - [0.16666217785713283, 0.6666618855449528, 0.16666294208762208, -4.252671240673993e-06] - [-4.425479664894158e-06, -3.950827139880971e-06, -3.475973706407444e-06, -4.421705360835312e-06]
A2: [0.1666589931707878, -0.1666745565292695, -8.375154803047399e-06, -7.715100723009306e-06] - [0.16658226445672164, 0.3332463884058794, -9.038626637809753e-05, -8.45653271859957e-05] - [0.16662694072546327, 0.8332923906672175, -4.2324788730339514e-05, -3.976589464068693e-05] - [1.2509771632164464e-05, 1.2892113722880752e-05, 1.323862361942527e-05, 1.2509768752481144e-05]
B1: 0.16669556635369176 - 0.666566236723133 - 0.16657136165827474 - 5.1285467312889145e-05
B2: 0.16668612891497794 - 0.66668688544733 - 0.16669370617079052 - 2.0476514303932014e-05
