Number: 1029
Error: 3.181475939772297e-06
A1: [-5.275556664553915e-06, -4.652312383314233e-06, -3.5468814007905284e-06, -5.188145797105309e-06] - [0.2083168092682497, 0.3333187370245747, -0.04167717799952847, -1.6138965803462914e-05] - [0.1666602914844022, 0.6666610029875558, 0.16666230976378568, -6.2673593610376495e-06] - [-1.9496510070710135e-06, -1.7403910374537487e-06, -1.5310127439442573e-06, -1.9479832671627224e-06]
A2: [0.1666803397384448, -0.16665264147525147, 1.4210424205220868e-05, 1.3654742646156375e-05] - [0.16669448113360874, 0.33336177621898283, 2.8490135359686682e-05, 2.7742624203192762e-05] - [0.1666646113593388, 0.8333311688669117, -2.3907169412792144e-06, -2.072898671250876e-06] - [5.529975825881728e-06, 5.6989708063499484e-06, 5.852116661967431e-06, 5.529973143243734e-06]
B1: 0.1666434404965798 - 0.666634018067534 - 0.16668397942758134 - -1.2912122408577985e-05
B2: 0.1666367810989243 - 0.6666251870128145 - 0.16661880609497084 - -2.9435330081041823e-05
