Number: 2797
Error: 4.1583047621444485e-06
A1: [-1.1434004629817535e-05, -1.1109239048838177e-05, -9.472130138321254e-06, -1.1198157761551817e-05] - [0.208300911681816, 0.33330052930949344, -0.041693982319395, -3.138249716610842e-05] - [0.166652657068477, 0.6666531539593001, 0.16665527051432552, -1.3718595906303738e-05] - [-5.313716589077908e-06, -4.7438531908785166e-06, -4.173776474432114e-06, -5.309189535664126e-06]
A2: [0.16669050522809314, -0.16664206180836083, 2.495401866734833e-05, 2.3788625052231924e-05] - [0.1666945916365953, 0.3333622302557187, 2.84204961397616e-05, 2.772917693709119e-05] - [0.16665054723093498, 0.8333167393388048, -1.7357610585688994e-05, -1.6167396142689333e-05] - [1.501887942178375e-05, 1.5477916775387506e-05, 1.5893944599194906e-05, 1.5018877394672528e-05]
B1: 0.1666255679410826 - 0.6665678926240263 - 0.1666716518925276 - -1.3235581445567967e-05
B2: 0.16661638416887148 - 0.6665927027105573 - 0.1665788371837551 - -4.9066321054461846e-05
