Number: 2291
Error: 3.881192598783336e-06
A1: [-9.670448565416677e-06, -9.26017329183504e-06, -7.7751284934794e-06, -9.47708216006995e-06] - [0.2083054658767353, 0.3333057450382955, -0.04168916782237671, -2.7015489433819094e-05] - [0.1666548431016905, 0.6666554015088398, 0.1666572864344006, -1.158498367888557e-05] - [-4.350985645347487e-06, -3.884325989420795e-06, -3.4174667363958388e-06, -4.347274537575173e-06]
A2: [0.16668760084577933, -0.16664508474687925, 2.1884131280489584e-05, 2.089328862930555e-05] - [0.16669457831104464, 0.3333621185096769, 2.845849460473437e-05, 2.7751328720977724e-05] - [0.16665457675872897, 0.8333208734185569, -1.306976166204019e-05, -1.212917490033925e-05] - [1.2303490388649298e-05, 1.267952844389068e-05, 1.3020324457802453e-05, 1.2303487458252257e-05]
B1: 0.16663069057377072 - 0.6665868376452279 - 0.16667521401808255 - -1.3135242417840876e-05
B2: 0.1666221792568804 - 0.666601960711783 - 0.1665902410573669 - -4.349045424494142e-05
