Number: 1424
Error: 7.401886932488798e-06
A1: [-9.305487816030236e-07, -1.0589429023855797e-06, -5.198876542455915e-07, -8.150198574188122e-07] - [0.20833976234988033, 0.3333381092592947, -0.041660557906138616, 6.937133060393465e-06] - [0.16666609918209382, 0.6666659172520255, 0.16666655921601967, -4.252273330729343e-07] - [-2.7011322943310267e-06, -2.411319612918102e-06, -2.1213560388833166e-06, -2.6988238481239675e-06]
A2: [0.1666537818637745, -0.16667998023917627, -1.3882951163895232e-05, -1.2910200242645009e-05] - [0.16658219809543992, 0.3332461454811839, -9.036105268617507e-05, -8.456812985010795e-05] - [0.1666341451251312, 0.8332997822177538, -3.4657889878474894e-05, -3.2545922583833596e-05] - [7.647124165329765e-06, 7.880832625560384e-06, 8.092627901612672e-06, 7.647121024544034e-06]
B1: 0.16670473686864018 - 0.6666001258311322 - 0.16657767247853106 - 5.1462729592259223e-05
B2: 0.16669653886886435 - 0.6667035157262252 - 0.1667141980022404 - 3.049371471789909e-05
