Number: 284
Error: 8.053938331483987e-06
A1: [2.9959719990007187e-06, 3.056181613458813e-06, 3.248481708438501e-06, 3.0158204174003847e-06] - [0.20834982879298325, 0.33334965010279516, -0.04164993735077938, 1.6581986165533118e-05] - [0.16667097583722337, 0.6666709284585802, 0.16667104430318058, 4.333334009501338e-06] - [-5.311655985794546e-07, -4.739361768859186e-07, -4.1666914139249844e-07, -5.307105593785967e-07]
A2: [0.16664723088046243, -0.16668679720818255, -2.080445991430563e-05, -1.9440789787189766e-05] - [0.16658216220979874, 0.33324589200293464, -9.027274655826916e-05, -8.452405161640888e-05] - [0.16664322712983942, 0.833309100700157, -2.499203844070932e-05, -2.34443302291021e-05] - [1.5274472286836763e-06, 1.5740971153669081e-06, 1.6163684872495882e-06, 1.5274463344292184e-06]
B1: 0.1667155114574822 - 0.6666420588478361 - 0.16658495423624628 - 5.092132252242657e-05
B2: 0.16671067206396395 - 0.6667252962168679 - 0.16674064482571305 - 4.4132750657351264e-05
