Number: 1907
Error: 3.6697707055309155e-06
A1: [-8.336454132155539e-06, -7.861527360698963e-06, -6.492132809184878e-06, -8.175323180254031e-06] - [0.20830890440056932, 0.3333096846008031, -0.04168553376868364, -2.3719007583883396e-05] - [0.1666564976653891, 0.6666571025058504, 0.16665881138028343, -9.970200818746236e-06] - [-3.620342089368731e-06, -3.232003324672718e-06, -2.843482556532766e-06, -3.617251471004081e-06]
A2: [0.16668539293168563, -0.16664738260155346, 1.9550688858505232e-05, 1.869223946831835e-05] - [0.16669455468247457, 0.33336202028382567, 2.8474028372194878e-05, 2.775462222570868e-05] - [0.16665763167311282, 0.8333240076890974, -9.818782686728292e-06, -9.067664079325604e-06] - [1.0242628315575307e-05, 1.0555673199683154e-05, 1.0839373829314566e-05, 1.0242625082667415e-05]
B1: 0.16663460016043302 - 0.6666012281148923 - 0.16667792084390898 - -1.3037170650573781e-05
B2: 0.16662660228260875 - 0.6666089980436973 - 0.1665988924518996 - -3.9233789670723934e-05
