Number: 2729
Error: 4.121136201136232e-06
A1: [-1.1187067322787217e-05, -1.0850252550665608e-05, -9.233020861992826e-06, -1.0956938687530511e-05] - [0.20830156373880632, 0.3333012725169693, -0.041693290782801644, -3.075563378842143e-05] - [0.16665296088424866, 0.6666534666065044, 0.16665555259919557, -1.342183419711259e-05] - [-5.184341979673569e-06, -4.628348162795034e-06, -4.072142247751389e-06, -5.179924466945414e-06]
A2: [0.16669011687358015, -0.16664246617870201, 2.4543250112768657e-05, 2.3401486115145806e-05] - [0.16669459527450511, 0.3333622204467923, 2.8430575453878597e-05, 2.7737582401336937e-05] - [0.16665108950727273, 0.83331729563888, -1.678067457788503e-05, -1.562395149777275e-05] - [1.4653975313078187e-05, 1.510185895301171e-05, 1.5507776660522044e-05, 1.4653973131188627e-05]
B1: 0.16662622300963392 - 0.6665704074278915 - 0.1666721016787868 - -1.3255460957168033e-05
B2: 0.1666171282028878 - 0.6665939431021045 - 0.16658039865117658 - -4.835174492764645e-05
