Number: 841
Error: 3.0754110240423605e-06
A1: [-4.624271094376235e-06, -3.969587453729634e-06, -2.9210011156013243e-06, -4.552642241818298e-06] - [0.20831848500293146, 0.333320657205973, -0.04167540827226294, -1.4532769554780969e-05] - [0.16666109954652866, 0.6666618335755431, 0.16666305392952274, -5.478775295595677e-06] - [-1.5918990267349809e-06, -1.4209838571892196e-06, -1.249968305612293e-06, -1.5905367203999229e-06]
A2: [0.166679257601471, -0.16665376756679662, 1.3066992218932928e-05, 1.2575966687053858e-05] - [0.1666944665617115, 0.3333617254439344, 2.8495369836935806e-05, 2.7741230966318287e-05] - [0.16666610652179356, 0.8333327029564888, -7.994200803339659e-07, -5.745079692560934e-07] - [4.520783232709779e-06, 4.658930415401343e-06, 4.784119903761814e-06, 4.520780890411287e-06]
B1: 0.16664528655236874 - 0.6666409946380201 - 0.1666852340568984 - -1.2932228422910257e-05
B2: 0.16663903125121807 - 0.6666287107102392 - 0.16662311302374921 - -2.7266618707695435e-05
