Number: 94
Error: 8.171776812453254e-06
A1: [3.6087705055736803e-06, 3.6971849643994836e-06, 3.828457242614916e-06, 3.6127118077001196e-06] - [0.2083513364875171, 0.3333513907833442, -0.04164836281172487, 1.8019579218926038e-05] - [0.1666717453885166, 0.6666717173012516, 0.1666717423126884, 5.083242806188368e-06] - [-1.694627901323286e-07, -1.5099785690224567e-07, -1.325202231104527e-07, -1.6931773493740567e-07]
A2: [0.16664615345102404, -0.16668791807037367, -2.1941883538038328e-05, -2.0514820252222847e-05] - [0.16658222738019196, 0.33324592401346304, -9.018085258068755e-05, -8.444555500376912e-05] - [0.16664476195555059, 0.8333106755928733, -2.3358654559376928e-05, -2.1906240618613396e-05] - [5.074250862218009e-07, 5.228960471911369e-07, 5.369128640858389e-07, 5.074248168839462e-07]
B1: 0.16671680339304007 - 0.6666486093443076 - 0.16658579446518593 - 5.032781678715051e-05
B2: 0.1667136791108242 - 0.6667294433197413 - 0.16674542575592446 - 4.705744004512911e-05
