Number: 1820
Error: 7.1818107837800795e-06
A1: [-2.302666823317492e-06, -2.497495941825652e-06, -1.8389246904821835e-06, -2.1538959120002882e-06] - [0.20833623131321438, 0.33333406245837277, -0.04166428867140594, 3.552571314347135e-06] - [0.16666439632508234, 0.6666641667837251, 0.1666649906000876, -2.0870590134619288e-06] - [-3.454843281569781e-06, -3.0842395490021564e-06, -2.7134587990177403e-06, -3.4518933704404137e-06]
A2: [0.16665606301427183, -0.16667760634711862, -1.1472411849997907e-05, -1.0636133839920013e-05] - [0.1665822375080897, 0.3332462617947348, -9.03622327717077e-05, -8.455649687511069e-05] - [0.16663099808911755, 0.8332965533432625, -3.8007153999064284e-05, -3.569976448555085e-05] - [9.772622384332112e-06, 1.007129987518358e-05, 1.034197854324006e-05, 9.772619131006795e-06]
B1: 0.16670069682390087 - 0.6665852870433097 - 0.1665748936859397 - 5.135355848613015e-05
B2: 0.16669193836304128 - 0.6666962307183519 - 0.1667052613866804 - 2.6064873915502654e-05
