Number: 2186
Error: 6.979469991356016e-06
A1: [-3.591682053425334e-06, -3.84910083303296e-06, -3.0812621815136556e-06, -3.4121687351986664e-06] - [0.20833288369773895, 0.33333023335648504, -0.04166783049160631, 3.404115929303114e-07] - [0.1666628013787342, 0.6666625266301854, 0.1666635173048872, -3.6440703790929735e-06] - [-4.15142220006095e-06, -3.7061480508427232e-06, -3.26067862968144e-06, -4.147880469621976e-06]
A2: [0.16665816579771459, -0.1666754176646759, -9.249660410391117e-06, -8.539897782440743e-06] - [0.16658225727994605, 0.3332463531508896, -9.037892414311095e-05, -8.456240142909939e-05] - [0.16662808660186523, 0.8332935662859128, -4.110540960295643e-05, -3.861754283794118e-05] - [1.1736956502047403e-05, 1.2095676517163096e-05, 1.2420775634669568e-05, 1.1736953457725254e-05]
B1: 0.16669702370477793 - 0.666571625158166 - 0.1665723693618324 - 5.13134701649874e-05
B2: 0.16668777684820518 - 0.6666895228942842 - 0.16669695828269068 - 2.206202141610368e-05
