Number: 2926
Error: 6.573223412118908e-06
A1: [-6.154813238355745e-06, -6.53635491540766e-06, -5.545190560010266e-06, -5.913187999128396e-06] - [0.20832628859666172, 0.33332267446670777, -0.04167479888813012, -5.980992241837936e-06] - [0.166659620152095, 0.66665925643382, 0.16666058686040539, -6.7486470365109676e-06] - [-5.559736345030218e-06, -4.963490962490142e-06, -4.367030597383488e-06, -5.555001079965162e-06]
A2: [0.16666241744917015, -0.16667099271371902, -4.756201806932957e-06, -4.301484140762706e-06] - [0.16658228908225842, 0.33324652872640925, -9.042276865873576e-05, -8.458251694599347e-05] - [0.1666221955153742, 0.8332875222951946, -4.737434441511945e-05, -4.4521351422075606e-05] - [1.570814101425381e-05, 1.618824496271732e-05, 1.6623368409481507e-05, 1.5708139309989555e-05]
B1: 0.166689471679182 - 0.6665438643097895 - 0.16656711209281153 - 5.110645742107733e-05
B2: 0.16667924257064132 - 0.6666759744013082 - 0.1666803257802837 - 1.3848555257022565e-05
