Number: 2061
Error: 3.754696024228038e-06
A1: [-8.875326866967065e-06, -8.42654574374858e-06, -7.010987329570561e-06, -8.701264277245534e-06] - [0.2083075097716183, 0.33330808815975216, -0.04168700855998369, -2.5056656413027668e-05] - [0.1666558301918087, 0.666656416191129, 0.1666581954519401, -1.0621716543660068e-05] - [-3.913363630787665e-06, -3.493614761169497e-06, -3.0736760871558817e-06, -3.910024038633578e-06]
A2: [0.1666862780304272, -0.16664646140000755, 2.0486196505856715e-05, 1.9574585110935573e-05] - [0.16669456353808326, 0.333362059140609, 2.846735073031122e-05, 2.775268123368272e-05] - [0.1666564065961436, 0.8333227507968449, -1.112246932364814e-05, -1.0295386364808622e-05] - [1.1069140011356955e-05, 1.1407448425097469e-05, 1.171404699838199e-05, 1.10691368599929e-05]
B1: 0.16663304484166377 - 0.6665954697274256 - 0.1666768483750167 - -1.306388808122109e-05
B2: 0.16662484015057624 - 0.6666061753689436 - 0.16659540970733802 - -4.092920566157588e-05
