Number: 2994
Error: 6.536042526208484e-06
A1: [-6.401729859596926e-06, -6.795316100730759e-06, -5.78426975588455e-06, -6.154386375243725e-06] - [0.2083256366855853, 0.3333219314156498, -0.041675490255877135, -6.607709468335486e-06] - [0.16665931631696948, 0.6666589437766979, 0.16666030477464402, -7.045428144903303e-06] - [-5.6891401099364474e-06, -5.079021575324759e-06, -4.468687397364818e-06, -5.684295376132346e-06]
A2: [0.16666280569824166, -0.16667058844476834, -4.345536127062822e-06, -3.914451506738024e-06] - [0.16658228504087366, 0.33324653814901306, -9.04332397828798e-05, -8.45913293965819e-05] - [0.1666216531161777, 0.8332869658759087, -4.7951401787592226e-05, -4.506491983381644e-05] - [1.607303277969394e-05, 1.6564290004317326e-05, 1.700952336944067e-05, 1.6073031260090203e-05]
B1: 0.16668881663908852 - 0.6665413492219897 - 0.1665666617453665 - 5.112637185240908e-05
B2: 0.16667849862780487 - 0.6666747341767344 - 0.16667876469489032 - 1.3134091540870112e-05
