Number: 2539
Error: 4.017221443698834e-06
A1: [-1.05344392614485e-05, -1.0166054232302579e-05, -8.606458728128783e-06, -1.032025245926354e-05] - [0.20830323524954147, 0.3333031902645193, -0.041691525857419434, -2.915437341098089e-05] - [0.1666537720509478, 0.6666543003289898, 0.16665629880503377, -1.26303416879168e-05] - [-4.82284420629257e-06, -4.305602414518511e-06, -3.7881529597086135e-06, -4.818732950560035e-06]
A2: [0.1666890249690754, -0.16664360251894716, 2.338936601883608e-05, 2.2312978356934054e-05] - [0.16669458716211313, 0.3333621755910325, 2.8442171707798922e-05, 2.7742791970231033e-05] - [0.16665260236107368, 0.8333188477769371, -1.5170769737272669e-05, -1.4107833192778066e-05] - [1.363438533247278e-05, 1.405110393319098e-05, 1.4428772922632445e-05, 1.3634382773073054e-05]
B1: 0.16662817725728815 - 0.6665775513000739 - 0.1666734688526648 - -1.3187013897055606e-05
B2: 0.16661933581022295 - 0.6665974211699921 - 0.1665846509889278 - -4.622645744883391e-05
