Number: 8
Error: 8.22739643832742e-06
A1: [3.5192446898015243e-06, 3.600056247485851e-06, 3.6833323709052354e-06, 3.5163353619680735e-06] - [0.20835053997571557, 0.3333506177432801, -0.04164929305100955, 1.7192745047271088e-05] - [0.16667172215217155, 0.6666716822235973, 0.16667164554365194, 5.051469003206503e-06] - [-5.73287539759917e-09, -4.816908546637991e-09, -3.900309359105671e-09, -5.72827538168706e-09]
A2: [0.16664560496059785, -0.16668848280096873, -2.251054106777633e-05, -2.106177306220706e-05] - [0.1665821000541755, 0.3332457911302779, -9.027678434268523e-05, -8.456685258791803e-05] - [0.16664543898198433, 0.8333113720594675, -2.2634361577156657e-05, -2.1227737700983103e-05] - [4.566645776731605e-08, 4.702293278149802e-08, 4.8249185999722706e-08, 4.5666480694214235e-08]
B1: 0.166718469214012 - 0.6666526064861318 - 0.16658715799148088 - 5.1141511054330884e-05
B2: 0.16671640865143658 - 0.666731543370313 - 0.16674660560771082 - 4.974972680616151e-05
