Number: 1271
Error: 3.316944377845939e-06
A1: [-6.109289008515162e-06, -5.526327480215148e-06, -4.347539948609435e-06, -6.001567818592931e-06] - [0.20831467061731615, 0.333316284481674, -0.041679436112039475, -1.8188123028681416e-05] - [0.16665925589674369, 0.6666599386018639, 0.1666613568160183, -7.277879481928496e-06] - [-2.410152520554808e-06, -2.1515339085431783e-06, -1.8927761370593838e-06, -2.4080920155374617e-06]
A2: [0.1666817345130023, -0.16665119011631993, 1.5684104256813822e-05, 1.5045190767376413e-05] - [0.16669450653070436, 0.33336184829476395, 2.849016985868462e-05, 2.7751056677856187e-05] - [0.16666268820085775, 0.8333291956325884, -4.437563905544006e-06, -4.0002129946243376e-06] - [6.828983025603536e-06, 7.037684425887535e-06, 7.2268157034092455e-06, 6.828980019444533e-06]
B1: 0.16664099771882213 - 0.6666249757272749 - 0.1666823069165037 - -1.2952724971297208e-05
B2: 0.16663391370513245 - 0.666620694275761 - 0.1666133197672412 - -3.219788745789637e-05
