Number: 1327
Error: 3.3482119276346802e-06
A1: [-6.31840684657387e-06, -5.745682997499511e-06, -4.550836494014099e-06, -6.205970300277675e-06] - [0.20831411050756357, 0.33331564804711783, -0.04168003124260075, -1.8727461187072044e-05] - [0.16665899989029626, 0.666659675006087, 0.16666111808171497, -7.528069652413081e-06] - [-2.516712647622546e-06, -2.246671738518271e-06, -1.9764872072430243e-06, -2.5145613192000387e-06]
A2: [0.16668205455223026, -0.1666508568424455, 1.6022691783908197e-05, 1.536422895649929e-05] - [0.16669450541472977, 0.333361858357175, 2.8483959062956986e-05, 2.7746015389391762e-05] - [0.16666224240043415, 0.8333287382921503, -4.911888262714936e-06, -4.4469750377899835e-06] - [7.129579326898914e-06, 7.347468948266161e-06, 7.544927516509094e-06, 7.129576264414216e-06]
B1: 0.1666404808910258 - 0.666622929549808 - 0.1666819639426761 - -1.2913635079355508e-05
B2: 0.16663330984621277 - 0.6666196638037074 - 0.166612006072232 - -3.277749055761191e-05
