Number: 149
Error: 2.6689462559122568e-06
A1: [-2.294380406464218e-06, -1.5292472256431549e-06, -6.95187767544449e-07, -2.280779597709483e-06] - [0.20832437775974516, 0.33332742889612343, -0.04166921125811887, -8.895711200471154e-06] - [0.16666400386564004, 0.6666648156903787, 0.1666657127857491, -2.646089505581065e-06] - [-2.750269170023928e-07, -2.45248999610303e-07, -2.1545078975698756e-07, -2.74791337842083e-07]
A2: [0.1666752973032985, -0.16665788817597857, 8.88398032022192e-06, 8.628040436040563e-06] - [0.16669452741682605, 0.33336165819317404, 2.863914100006527e-05, 2.7850593991710133e-05] - [0.16667164407773138, 0.8333383848859314, 5.094075515519777e-06, 4.97492940463708e-06] - [8.057317282227234e-07, 8.30321168847575e-07, 8.526011680891108e-07, 8.057312681105801e-07]
B1: 0.16665122886972442 - 0.6666659278012416 - 0.16668921029489567 - -1.385813900498065e-05
B2: 0.16664840674452228 - 0.6666425560090483 - 0.1666396079211405 - -1.8190902223882098e-05
