Number: 1607
Error: 3.503826335345104e-06
A1: [-7.291907383181481e-06, -6.766345290660022e-06, -5.48718144918101e-06, -7.155963533503298e-06] - [0.2083116001974958, 0.3333127723315269, -0.041682684232993206, -2.1134192244001477e-05] - [0.16665779267016856, 0.6666584339113086, 0.16666000535944575, -8.70627896605524e-06] - [-3.0495073209338077e-06, -2.722357050542251e-06, -2.395042848393686e-06, -3.0469022266046695e-06]
A2: [0.16668366678422974, -0.16664917903335538, 1.772643922666895e-05, 1.6971455244971417e-05] - [0.16669453122850217, 0.33336193851689583, 2.8481108998269016e-05, 2.775220011990005e-05] - [0.1666600169737102, 0.8333264549858835, -7.280308800304725e-06, -6.677210629010368e-06] - [8.632473596239223e-06, 8.896301633587425e-06, 9.135394930492677e-06, 8.63247035732777e-06]
B1: 0.16663764526217262 - 0.6666124575562424 - 0.1666800180852075 - -1.2969901803901632e-05
B2: 0.16663006072442826 - 0.666614506179014 - 0.166605669225123 - -3.590531342963545e-05
