Number: 551
Error: 2.9094598032486387e-06
A1: [-3.6365339179475113e-06, -2.93450358091216e-06, -1.9747567556638486e-06, -3.5892338964912863e-06] - [0.20832100128260256, 0.33332354597576475, -0.041672756175975, -1.212369171872675e-05] - [0.1666623286808908, 0.6666630963220822, 0.16666418222276397, -4.279671401308462e-06] - [-1.040036531169587e-06, -9.28269527117406e-07, -8.164329109795541e-07, -1.039145918460444e-06]
A2: [0.16667758960348866, -0.16665550310222896, 1.130497084047041e-05, 1.0913153382647958e-05] - [0.1666944541561742, 0.3333616580622359, 2.851522917959153e-05, 2.7749154072253567e-05] - [0.16666841662027637, 0.8333350732703309, 1.6592961915675923e-06, 1.7405699759035554e-06] - [2.9639761544270063e-06, 3.054536590497795e-06, 3.1366007395766727e-06, 2.963974485728833e-06]
B1: 0.1666480458180577 - 0.666651679826954 - 0.16668710434205586 - -1.3051505348486386e-05
B2: 0.16664267829082774 - 0.6666342684882299 - 0.1666298217795528 - -2.3745207628714295e-05
