Number: 2459
Error: 3.973370176121158e-06
A1: [-1.0249552438983085e-05, -9.867307393546265e-06, -8.331413284891138e-06, -1.0042087759155987e-05] - [0.20830397970028516, 0.33330404067738545, -0.041690737509717954, -2.8439540953431457e-05] - [0.16665412379555897, 0.6666546621437234, 0.16665662434218617, -1.2286890913156522e-05] - [-4.670633805738672e-06, -4.1697090210030574e-06, -3.668578893184201e-06, -4.666651579198923e-06]
A2: [0.1666885667440405, -0.16664407953941687, 2.2904868703946003e-05, 2.185618345790881e-05] - [0.16669458750047242, 0.33336216023387316, 2.8450346882095354e-05, 2.774873918728005e-05] - [0.16665323969046397, 0.8333195016199633, -1.4492632835148396e-05, -1.346912940710261e-05] - [1.3205067932139655e-05, 1.3608663905349613e-05, 1.3974438403140217e-05, 1.3205065237986508e-05]
B1: 0.16662896745816544 - 0.6665805275752467 - 0.16667401374536764 - -1.3190871496243932e-05
B2: 0.16662023153001215 - 0.6665988832860411 - 0.16658647231779358 - -4.536539517077837e-05
