Number: 993
Error: 3.1611992949092006e-06
A1: [-5.137620937501956e-06, -4.507608754821076e-06, -3.4123154849818384e-06, -5.053244808897763e-06] - [0.208317183413483, 0.33331916098869163, -0.041676779836749625, -1.5778187409847078e-05] - [0.16666045958618295, 0.6666611761579059, 0.1666624671402717, -6.103000174233131e-06] - [-1.8811460515328148e-06, -1.67922907294055e-06, -1.4771970865175156e-06, -1.8795367773074614e-06]
A2: [0.16668013468518048, -0.1666528550600286, 1.3993398115272919e-05, 1.3450332883684984e-05] - [0.1666944838493182, 0.33336177169605424, 2.849601486541575e-05, 2.774786313673028e-05] - [0.166664898248086, 0.8333314631711821, -2.0854988639623374e-06, -1.7853918240145595e-06] - [5.336722329939379e-06, 5.499810182278914e-06, 5.647602558288414e-06, 5.336719706471797e-06]
B1: 0.16664375412932486 - 0.6666353157790872 - 0.16668418309523145 - -1.2955877448918632e-05
B2: 0.1666371638730004 - 0.666625854897286 - 0.16661966748436222 - -2.9068147975863185e-05
