Number: 1117
Error: 3.230830454106928e-06
A1: [-5.570071791383961e-06, -4.960982196537749e-06, -3.828382368053535e-06, -5.475283598621481e-06] - [0.20831606647571374, 0.3333178820762693, -0.041677960259048887, -1.684924847486611e-05] - [0.1666599236674671, 0.6666606251967612, 0.16666197299454238, -6.626069097437276e-06] - [-2.1171075546795844e-06, -1.88989923008915e-06, -1.6625647130950856e-06, -2.1152969390931227e-06]
A2: [0.16668084833036234, -0.16665211238460625, 1.4747550225795644e-05, 1.4161761249598713e-05] - [0.16669449387451754, 0.33336180572375107, 2.8493222691236856e-05, 2.7749195975118845e-05] - [0.16666391237922698, 0.83333045164967, -3.1347313072719086e-06, -2.7733900186454573e-06] - [6.002344869835521e-06, 6.185778652548751e-06, 6.35201011016088e-06, 6.0023420545091875e-06]
B1: 0.16664252878390054 - 0.6666307074794716 - 0.1666833497721043 - -1.2950339758233202e-05
B2: 0.16663570433479233 - 0.666623546251045 - 0.1666168325706607 - -3.047396998263831e-05
