Number: 614
Error: 7.859401816653874e-06
A1: [1.8619511416807051e-06, 1.8682277510937027e-06, 2.1615742680745694e-06, 1.909494715579228e-06] - [0.20834692673721794, 0.3333463237762702, -0.04165299473167599, 1.3801959091135303e-05] - [0.16666956747622694, 0.666669481745891, 0.16666975049992402, 2.959156906655344e-06] - [-1.1593473443941078e-06, -1.0347905404579848e-06, -9.101572733830167e-07, -1.1583547133814708e-06]
A2: [0.16664911625456913, -0.16668483517568844, -1.8812475842825912e-05, -1.7561319158257867e-05] - [0.16658212577114043, 0.3332459172291629, -9.034765405420055e-05, -8.4583636521995e-05] - [0.16664058572665563, 0.8333063905206793, -2.7803057840523144e-05, -2.6091402757757133e-05] - [3.299038836066514e-06, 3.3998407003589915e-06, 3.4911860033058855e-06, 3.2990370097235033e-06]
B1: 0.16671275353900497 - 0.6666302430674051 - 0.16658313138473893 - 5.1438871951999e-05
B2: 0.16670627212630723 - 0.6667186934831247 - 0.16673270398904858 - 3.98758548518157e-05
