Number: 1966
Error: 7.100941473589327e-06
A1: [-2.8322015412948125e-06, -3.052859069030995e-06, -2.3515600729634022e-06, -2.671152436401978e-06] - [0.2083348341575537, 0.33333246976952824, -0.04166577022294392, 2.209509388892624e-06] - [0.16666374458964495, 0.6666634961455363, 0.16666438565564545, -2.7236467930944487e-06] - [-3.7327130803396893e-06, -3.3323225391094053e-06, -2.931747022006913e-06, -3.729526971752298e-06]
A2: [0.166656899472863, -0.16667673549321724, -1.0587831999814596e-05, -9.802287045973445e-06] - [0.16658223954858573, 0.33324629273059075, -9.037404151176433e-05, -8.456469872291198e-05] - [0.16662983612000037, 0.8332953612693585, -3.924354269779738e-05, -3.6864243072168816e-05] - [1.0556225889471525e-05, 1.0878855287586273e-05, 1.1171242884812283e-05, 1.0556222683453354e-05]
B1: 0.16669928198490375 - 0.6665798860392967 - 0.166573934039227 - 5.138801566262425e-05
B2: 0.16669032909990933 - 0.6666935579052036 - 0.1667019017756731 - 2.4518900115199957e-05
