Number: 959
Error: 3.1420671516776025e-06
A1: [-5.0259744883706434e-06, -4.390618562295335e-06, -3.3059475840724253e-06, -4.944446660656029e-06] - [0.20831746175549762, 0.3333194821606772, -0.04167648725224477, -1.551239779995652e-05] - [0.166660599525116, 0.6666613198244798, 0.16666259483140888, -5.966577908745568e-06] - [-1.8164463211546728e-06, -1.6214638729985744e-06, -1.4263696005477985e-06, -1.8148922743175411e-06]
A2: [0.1666799378869513, -0.16665305975728345, 1.3785618085464413e-05, 1.3254142542012213e-05] - [0.16669447827687864, 0.3333617597059577, 2.849429272616022e-05, 2.7744674258005993e-05] - [0.1666651682795201, 0.8333317402574557, -1.7980504005155469e-06, -1.5147765077973925e-06] - [5.154213584155149e-06, 5.311722724013814e-06, 5.454459271418982e-06, 5.154211019207813e-06]
B1: 0.16664411008802177 - 0.6666365985188532 - 0.1666844299477474 - -1.2937399466376564e-05
B2: 0.16663759011144633 - 0.6666264923360268 - 0.16662042640202124 - -2.8656639742529898e-05
