Number: 2190
Error: 6.977287328074083e-06
A1: [-3.5963404628919183e-06, -3.853913621591443e-06, -3.0843513707435552e-06, -3.4165001991036614e-06] - [0.2083328850920639, 0.3333302316213505, -0.04166782695527796, 3.43249941144587e-07] - [0.16666279347734295, 0.6666625187698049, 0.1666635118028893, -3.651566311639183e-06] - [-4.159037374193032e-06, -3.7129472937033673e-06, -3.2666617727965513e-06, -4.155489178967353e-06]
A2: [0.1666581903771283, -0.16667539222616726, -9.223933357025555e-06, -8.515389927798609e-06] - [0.16658226165095558, 0.33324635809413256, -9.037538291289459e-05, -8.455831105107586e-05] - [0.16662805526099894, 0.8332935340937738, -4.113884382319404e-05, -3.8648952464760315e-05] - [1.1758423703627083e-05, 1.2117799905553134e-05, 1.244349378034775e-05, 1.175842066325661e-05]
B1: 0.1666969525632969 - 0.6665714462095975 - 0.1665723134908046 - 5.128200787019732e-05
B2: 0.166687699275091 - 0.6666894468932458 - 0.16669689586058797 - 2.1986183493021913e-05
