Number: 1153
Error: 3.251022296736606e-06
A1: [-5.707963978125605e-06, -5.105645592137707e-06, -3.962911593455877e-06, -5.610141122018455e-06] - [0.20831569248851536, 0.333317458257973, -0.04167835828881736, -1.7209869062470185e-05] - [0.1666597556022228, 0.6666604520603046, 0.16666181564882368, -6.790391860288109e-06] - [-2.1856116008868617e-06, -1.951060277442863e-06, -1.7163796386236865e-06, -2.1837425538790906e-06]
A2: [0.1666810534662019, -0.16665189871417646, 1.4964664850893592e-05, 1.4366253588125163e-05] - [0.16669449151874532, 0.333361810619874, 2.848772847588381e-05, 2.7744316937826228e-05] - [0.1666636255844775, 0.8333301574428414, -3.4398489074266015e-06, -3.0608028942566553e-06] - [6.195593456816168e-06, 6.384934209103167e-06, 6.556519068905586e-06, 6.1955905921962476e-06]
B1: 0.16664221095696188 - 0.6666294058754665 - 0.16668314249172 - -1.2910779226795404e-05
B2: 0.16663532498901054 - 0.6666228818979375 - 0.16661597480756213 - -3.083772371124213e-05
