Number: 2023
Error: 3.7337367853503462e-06
A1: [-8.735201328792098e-06, -8.27956672263545e-06, -6.874997497550969e-06, -8.564336503151398e-06] - [0.2083078827257493, 0.33330851253098537, -0.041686612587350964, -2.4697789876309756e-05] - [0.16665600212453202, 0.6666565931793678, 0.166658355478564, -1.0453728358287924e-05] - [-3.841060692334015e-06, -3.42906258897211e-06, -3.016876513111602e-06, -3.837782518052155e-06]
A2: [0.16668606088565646, -0.16664668751365183, 2.0256488856983354e-05, 1.9358119622944864e-05] - [0.16669456467961588, 0.3333620527201726, 2.847199709714936e-05, 2.7756486678077256e-05] - [0.16665670929109533, 0.8333230613230573, -1.0800417084898416e-05, -9.992038709283343e-06] - [1.0865194021775397e-05, 1.1197268542704354e-05, 1.1498216910073152e-05, 1.0865190845346406e-05]
B1: 0.1666334050481375 - 0.6665968682124372 - 0.1666770917593927 - -1.3080887111095903e-05
B2: 0.16662525040004408 - 0.6666068696215424 - 0.1665962903767915 - -4.053541661350523e-05
