Number: 2512
Error: 6.800075418198201e-06
A1: [-4.714208905931349e-06, -5.025937834179221e-06, -4.159340814676609e-06, -4.507338529386827e-06] - [0.20833000505015503, 0.33332693162409477, -0.04167087057622845, -2.4176853556982873e-06] - [0.1666614066262588, 0.6666610930606476, 0.16666223379461495, -5.0050606072135155e-06] - [-4.771856628161169e-06, -4.26007343912712e-06, -3.7480834652230066e-06, -4.767788593777862e-06]
A2: [0.16666004117202904, -0.16667346599840116, -7.2678734933640656e-06, -6.670355277401223e-06] - [0.16658227885515414, 0.3332464379184814, -9.039098145322733e-05, -8.456369751915058e-05] - [0.1666254928158133, 0.833290905121448, -4.3865690320162274e-05, -4.121693309626719e-05] - [1.3486493290956547e-05, 1.3898690092413045e-05, 1.4272260405649582e-05, 1.348649068576624e-05]
B1: 0.16669367154171513 - 0.6665593744307255 - 0.16657003694859548 - 5.1197122243287126e-05
B2: 0.16668399069818982 - 0.6666835485080779 - 0.16668964712854234 - 1.8417200409025092e-05
