Number: 353
Error: 2.793181642464791e-06
A1: [-2.9466417551441733e-06, -2.2116882442291957e-06, -1.3120037767943928e-06, -2.915967498414112e-06] - [0.20832278101232077, 0.3333255825052274, -0.041670878767141775, -1.041721420755974e-05] - [0.16666318319598966, 0.6666639744290899, 0.16666496916768456, -3.445675219109114e-06] - [-6.63241185961297e-07, -5.918580110503573e-07, -5.2042848998012e-07, -6.626730229960844e-07]
A2: [0.16667645986436358, -0.16665667891635155, 1.011108624455722e-05, 9.786954035493395e-06] - [0.1666944796937935, 0.33336164639260957, 2.8563359932422494e-05, 2.7788570391449634e-05] - [0.16667000169708493, 0.8333366995849868, 3.346071012010347e-06, 3.3290461769973097e-06] - [1.900979050641861e-06, 1.9590469169544665e-06, 2.0116654425155097e-06, 1.9009779403260104e-06]
B1: 0.16664968078698217 - 0.66665875032096 - 0.16668818016597792 - -1.3381803824507593e-05
B2: 0.16664527385515235 - 0.6666382155179923 - 0.16663460349152914 - -2.1235412327849038e-05
