Number: 1529
Error: 3.4605281143508634e-06
A1: [-7.009273909862403e-06, -6.469928295088421e-06, -5.2136071229939954e-06, -6.879889424969176e-06] - [0.20831234559809736, 0.3333136221241826, -0.04168189388480219, -2.0417689790007683e-05] - [0.16665814053459208, 0.6666587918647459, 0.166660328205028, -8.366507061479648e-06] - [-2.9010880852415233e-06, -2.5898471787631458e-06, -2.278447663513933e-06, -2.8986093370480547e-06]
A2: [0.16668321967154726, -0.16664964451216963, 1.7253630829834593e-05, 1.6525736924948545e-05] - [0.1666945293303519, 0.3333619212180193, 2.8486657289323566e-05, 2.7755769806097767e-05] - [0.16666063754821311, 0.8333270916513666, -6.619967527995935e-06, -6.055296545938883e-06] - [8.213812359572371e-06, 8.464843358454053e-06, 8.692338375124562e-06, 8.213809152140953e-06]
B1: 0.16663839943421058 - 0.6666153408063573 - 0.1666805280355346 - -1.2990007826336824e-05
B2: 0.16663092463390256 - 0.6666159374352505 - 0.16660746664692325 - -3.507519159779141e-05
