Number: 2133
Error: 3.794342610190966e-06
A1: [-9.1269488052983e-06, -8.690373957573298e-06, -7.25321519699035e-06, -8.9468406310312e-06] - [0.20830685901547175, 0.33330734312004495, -0.04168769665542506, -2.5680773904904494e-05] - [0.16665551844759954, 0.6666560956556469, 0.16665790784107282, -1.0926000393420316e-05] - [-4.0503591583384274e-06, -3.6159250722136457e-06, -3.181297877176794e-06, -4.046903223588686e-06]
A2: [0.1666866917615085, -0.16664603079242174, 2.0923490152947984e-05, 1.9987029028265987e-05] - [0.1666945673102557, 0.33336207693302233, 2.8463848470100482e-05, 2.775140556131989e-05] - [0.16665583372462323, 0.8333221630500602, -1.1732094637665724e-05, -1.0869494705928356e-05] - [1.1455552590463906e-05, 1.1805672250922717e-05, 1.212297623094831e-05, 1.1455549495488228e-05]
B1: 0.1666323167179799 - 0.666592776222599 - 0.16667634533925887 - -1.3077348432379761e-05
B2: 0.16662401592485462 - 0.6666048562914894 - 0.16659378306595551 - -4.172223911992368e-05
