Number: 2681
Error: 4.0949427560816684e-06
A1: [-1.1035313223875646e-05, -1.0691259574312216e-05, -9.08932486414901e-06, -1.0809199393007088e-05] - [0.20830193317495851, 0.33330170119307756, -0.041692903679823555, -3.0403894397642872e-05] - [0.16665315255456198, 0.6666536632305183, 0.16665572636984902, -1.3235121446946729e-05] - [-5.093015094297315e-06, -4.5468108072493345e-06, -4.000395400186428e-06, -5.088674928424758e-06]
A2: [0.1666898388476802, -0.1666427553196692, 2.4249793962028648e-05, 2.3124318437962198e-05] - [0.16669458760365233, 0.3333622037845613, 2.8428483260274604e-05, 2.773327750559221e-05] - [0.16665147107957842, 0.8333176871707584, -1.637451134978645e-05, -1.524155436447018e-05] - [1.4396405154562681e-05, 1.4836415828847968e-05, 1.5235197243590477e-05, 1.4396402869649749e-05]
B1: 0.16662675977379798 - 0.6665722534680237 - 0.1666724865784873 - -1.319507023447107e-05
B2: 0.166617730353014 - 0.6665948253146916 - 0.1665814333129387 - -4.777039565575325e-05
