Number: 2549
Error: 4.022700773125749e-06
A1: [-1.0570050530817646e-05, -1.0203397921328399e-05, -8.640839683169418e-06, -1.0355023466969204e-05] - [0.20830314219154322, 0.3333030839614961, -0.0416916244021145, -2.9243729132124995e-05] - [0.1666537280825786, 0.666654255101905, 0.16665625811264892, -1.2673273335542658e-05] - [-4.841870411784261e-06, -4.322588994993351e-06, -3.803099644210854e-06, -4.837743030785373e-06]
A2: [0.16668908223649, -0.1666435429021745, 2.3449917354767397e-05, 2.2370067004658892e-05] - [0.16669458707838875, 0.3333621774690119, 2.8441107990971398e-05, 2.7742007134527716e-05] - [0.1666525226846154, 0.8333187660362186, -1.5255547236459529e-05, -1.4187681453036173e-05] - [1.3688049553843168e-05, 1.410640846833628e-05, 1.4485564262644438e-05, 1.3688047012283388e-05]
B1: 0.16662807857417752 - 0.6665771793275345 - 0.1666734007705946 - -1.318644012960555e-05
B2: 0.16661922381945848 - 0.6665972383786312 - 0.1665844232950575 - -4.633411601265808e-05
