Number: 619
Error: 2.9487069842481766e-06
A1: [-3.860435152161247e-06, -3.169042129287641e-06, -2.1879990471316057e-06, -3.807437785056036e-06] - [0.20832044237731306, 0.33332290159097566, -0.041673343201542375, -1.2657489773574207e-05] - [0.1666620482985085, 0.666662808523459, 0.16666392641701117, -4.553019536358153e-06] - [-1.1694397827405195e-06, -1.0438038053542874e-06, -9.18090655970411e-07, -1.1684385052281925e-06]
A2: [0.16667798131512337, -0.16665509563875106, 1.171855840631488e-05, 1.1303649243043313e-05] - [0.16669445747070447, 0.3333616740182836, 2.8510477002484586e-05, 2.774770173583348e-05] - [0.1666678745518998, 0.8333345170423546, 1.082300041849294e-06, 1.197333991332755e-06] - [3.329026141218236e-06, 3.4307450347703038e-06, 3.5229213948955714e-06, 3.3290242987903373e-06]
B1: 0.16664739644971763 - 0.6666491706679758 - 0.16668666086182884 - -1.3025939573430551e-05
B2: 0.1666417783081893 - 0.6666329446594053 - 0.16662825366097533 - -2.4615731070597093e-05
