Number: 2656
Error: 6.721041705610011e-06
A1: [-5.217379514308489e-06, -5.553509518828285e-06, -4.643702067612015e-06, -4.998418315544978e-06] - [0.20832870395635217, 0.33332544198545566, -0.04167224630498548, -3.665502280526734e-06] - [0.1666607831302376, 0.6666604520015167, 0.1666616585989472, -5.613636775829699e-06] - [-5.0459049513433475e-06, -4.504743520144362e-06, -3.963371638390861e-06, -5.0416046928500245e-06]
A2: [0.1666608677070445, -0.16667260570295844, -6.394207448551189e-06, -5.846396266438928e-06] - [0.1665822828523973, 0.3332464699921507, -9.040150123105096e-05, -8.45698032376541e-05] - [0.16662434615745397, 0.833289728720856, -4.508585105478349e-05, -4.2366067129020896e-05] - [1.425926030891845e-05, 1.4695077630228062e-05, 1.5090058018964016e-05, 1.4259257973579695e-05]
B1: 0.16669221632269396 - 0.6665539858745924 - 0.16656902663822024 - 5.117121174349435e-05
B2: 0.16668234544281982 - 0.6666809137921341 - 0.16668639780575042 - 1.6834372757126552e-05
