Number: 2358
Error: 6.884754968182519e-06
A1: [-4.175414592762208e-06, -4.461009590607128e-06, -3.6405865838485183e-06, -3.981475532859904e-06] - [0.20833139923006905, 0.33332852759363, -0.04166939627868537, -1.0804852317533405e-06] - [0.16666207410862655, 0.6666617793636208, 0.166662849695638, -4.353535272345482e-06] - [-4.47877281131667e-06, -3.998408092751162e-06, -3.517841471069679e-06, -4.4749532981369205e-06]
A2: [0.16665915695611708, -0.1666743863255196, -8.202505230619159e-06, -7.551816290984266e-06] - [0.16658227337679388, 0.3332464023992647, -9.03809622239012e-05, -8.45583715330985e-05] - [0.16662671876936025, 0.8332921628811636, -4.2561133084308576e-05, -3.998833208758697e-05] - [1.2660038419963709e-05, 1.3046973628733636e-05, 1.3397646713524354e-05, 1.2660035577676079e-05]
B1: 0.16669522633067216 - 0.6665651347440497 - 0.166571113896529 - 5.122332421128909e-05
B2: 0.16668574948736556 - 0.6666863675796262 - 0.1666931257126136 - 2.010922742581159e-05
