Number: 1317
Error: 3.342634975489751e-06
A1: [-6.28277679608573e-06, -5.708320918677874e-06, -4.516438164347436e-06, -6.171180634599177e-06] - [0.20831420363105782, 0.3333157544128809, -0.04167993263951333, -1.8638040295855526e-05] - [0.16665904387548056, 0.6666597202493348, 0.16666115878830753, -7.4851214279193675e-06] - [-2.497684033823314e-06, -2.229682771435594e-06, -1.9615386737943456e-06, -2.4955489221820633e-06]
A2: [0.1666819971137163, -0.1666509166298533, 1.5961970757926794e-05, 1.530696921199233e-05] - [0.16669450486259352, 0.33336185584681904, 2.8484394846605492e-05, 2.774616425269787e-05] - [0.16666232192201574, 0.8333288198790163, -4.827263656927023e-06, -4.367281725314217e-06] - [7.075902556749617e-06, 7.292151458116776e-06, 7.488123037240684e-06, 7.075899503823202e-06]
B1: 0.16664057883511277 - 0.6666233003459815 - 0.16668203035123227 - -1.2914957071970008e-05
B2: 0.16663342347179866 - 0.6666198482728254 - 0.16661223548533702 - -3.266819680795732e-05
