Number: 691
Error: 2.990036402675185e-06
A1: [-4.112841600276741e-06, -3.433597275874139e-06, -2.4308908117870475e-06, -4.053797078053877e-06] - [0.20831978877586824, 0.3333221539213485, -0.04167403369762807, -1.3284447907371027e-05] - [0.16666173589584102, 0.6666624873764428, 0.16666363825274713, -4.857959385316589e-06] - [-1.3064544144647622e-06, -1.1661332012331943e-06, -1.0257270440198852e-06, -1.3053360035086654e-06]
A2: [0.1666783940204638, -0.16665466611058496, 1.215472122731036e-05, 1.1715067404570415e-05] - [0.16669445652330794, 0.33336168685660117, 2.850180386181124e-05, 2.774170745621353e-05] - [0.166667300422778, 0.8333339279767814, 4.7130188271125853e-07, 6.219686551530466e-07] - [3.7155510840890783e-06, 3.829084842154013e-06, 3.931968343255945e-06, 3.715549068137214e-06]
B1: 0.16664674166795854 - 0.6666465463324537 - 0.16668622333397312 - -1.296603188000326e-05
B2: 0.16664089180437708 - 0.6666315614499859 - 0.1666265611685657 - -2.5471046073078187e-05
