Number: 849
Error: 3.079957584740335e-06
A1: [-4.657605281145117e-06, -4.004573703122963e-06, -2.953882490206573e-06, -4.585299462810281e-06] - [0.20831839106670155, 0.3333205516018754, -0.041675508739297075, -1.4623725018501153e-05] - [0.1666610594839651, 0.666661792236596, 0.1666630159504987, -5.518003557481964e-06] - [-1.6071225817350326e-06, -1.4345755683849772e-06, -1.2619273777312836e-06, -1.6057472727478806e-06]
A2: [0.1666793026680632, -0.16665372058320033, 1.3114763055995994e-05, 1.2620890297965888e-05] - [0.16669446457302156, 0.3333617251171558, 2.849278889582777e-05, 2.7738681647415377e-05] - [0.16666604257998516, 0.8333326373724302, -8.674230941494645e-07, -6.385871071984217e-07] - [4.563731365395149e-06, 4.7031913327067885e-06, 4.829570544690098e-06, 4.5637290070594e-06]
B1: 0.16664522747385788 - 0.6666407163193919 - 0.16668519831106682 - -1.2911880387516685e-05
B2: 0.1666389538006066 - 0.6666285615563592 - 0.1666229120695412 - -2.7340605093015115e-05
