Number: 5
Error: 2.574801114072123e-06
A1: [-2.3437393920103557e-06, -1.5849063281036175e-06, -8.2477616702763e-07, -2.341704590768977e-06] - [0.20832344839613884, 0.33332656456862353, -0.04167031304317474, -9.876229510620746e-06] - [0.1666640661054873, 0.6666648645490182, 0.1666656648002616, -2.5982404543474702e-06] - [-1.0614036495569046e-09, -6.450552012466492e-10, -2.2833923998053146e-10, -1.0607967991629008e-09]
A2: [0.16667439056476357, -0.16665882265157336, 7.942370257719158e-06, 7.723879161970079e-06] - [0.16669433331114467, 0.3333614537470484, 2.8495537632427012e-05, 2.7666592801849372e-05] - [0.1666727758298584, 0.8333395492231508, 6.305057119745692e-06, 6.109156323380884e-06] - [3.2758769218122245e-08, 3.3720833107868327e-08, 3.458965615591194e-08, 3.275879746697519e-08]
B1: 0.16665374290856602 - 0.66667233932909 - 0.1666912063847052 - -1.277079440678508e-05
B2: 0.16665261587105334 - 0.6666460246169476 - 0.1666418681479484 - -1.4044222859238486e-05
