Number: 2957
Error: 4.245550824628696e-06
A1: [-1.1979785072014085e-05, -1.1681390115328197e-05, -9.99553268702888e-06, -1.173051748517979e-05] - [0.20829951938668623, 0.3332989305170561, -0.041695451564929605, -3.271564961185001e-05] - [0.16665197782166635, 0.6666524559336039, 0.166654646398082, -1.4381279366687234e-05] - [-5.618128930068495e-06, -5.015632482821893e-06, -4.412920609335933e-06, -5.613344263827475e-06]
A2: [0.1666914246653626, -0.16664110498531942, 2.5925581797867105e-05, 2.470520188252413e-05] - [0.16669459747032303, 0.3333622669445303, 2.8409559340461594e-05, 2.772379170642399e-05] - [0.16664927278330066, 0.8333154317992711, -1.8713806754571542e-05, -1.7444593085410872e-05] - [1.587743999344971e-05, 1.6362720257053462e-05, 1.6802535851606183e-05, 1.5877438371316254e-05]
B1: 0.16662391197033752 - 0.6665618650971292 - 0.16667048741595794 - -1.330355287076236e-05
B2: 0.16661451416184783 - 0.6665897746722605 - 0.16657526961602817 - -5.0867003509467496e-05
