Number: 2275
Error: 3.87237838500184e-06
A1: [-9.603886147233554e-06, -9.190300060108793e-06, -7.709457146927274e-06, -9.411873384255978e-06] - [0.20830565336939985, 0.33330595589303974, -0.041688967212440683, -2.6833957484237897e-05] - [0.1666549231357547, 0.6666554841013621, 0.16665736231522352, -1.1506617721039987e-05] - [-4.320543897055907e-06, -3.857147961341153e-06, -3.39355303834404e-06, -4.316858619880751e-06]
A2: [0.1666875107587409, -0.16664517867431886, 2.1788622757726666e-05, 2.0803487547536892e-05] - [0.16669458235919266, 0.33336211920467534, 2.8463669648939586e-05, 2.775649833411926e-05] - [0.16665470464752477, 0.8333210045840915, -1.2933765125748413e-05, -1.2001011311678772e-05] - [1.2217618315798801e-05, 1.2591031588879189e-05, 1.2929448524663868e-05, 1.2217615366133545e-05]
B1: 0.16663081759202608 - 0.6665874030895165 - 0.16667529437549572 - -1.3167065726637868e-05
B2: 0.16662232569320462 - 0.6666022503057752 - 0.1665906340234155 - -4.3350946470451583e-05
