Number: 2905
Error: 4.217205962995176e-06
A1: [-1.1799412098040529e-05, -1.149227863055203e-05, -9.822096347005483e-06, -1.15545090905087e-05] - [0.2082999839434635, 0.3332994628627817, -0.04169496064457289, -3.227032569943608e-05] - [0.16665220160214808, 0.666652685987219, 0.16665485260133867, -1.4162884820116082e-05] - [-5.519195883684671e-06, -4.92730527320743e-06, -4.335199804154237e-06, -5.514494920339274e-06]
A2: [0.16669112640906675, -0.166641415417147, 2.5610332706943203e-05, 2.4407875206383598e-05] - [0.1666945971003122, 0.3333622564802771, 2.8414502691696567e-05, 2.772706779639503e-05] - [0.16664968718050305, 0.8333158569433182, -1.8272857913239016e-05, -1.702930236227237e-05] - [1.5598409059470184e-05, 1.6075160425089755e-05, 1.650724499566081e-05, 1.5598407299434318e-05]
B1: 0.16662444016132252 - 0.6665638146237408 - 0.16667085704333448 - -1.3291467654448253e-05
B2: 0.1666151115656758 - 0.6665907252714833 - 0.16657643791330956 - -5.029212930327025e-05
