Number: 1874
Error: 7.151854616337519e-06
A1: [-2.509358531497346e-06, -2.7143491836254125e-06, -2.040582723674735e-06, -2.356035971101562e-06] - [0.20833567091049063, 0.3333334272849831, -0.04166488518814037, 3.012217689388377e-06] - [0.16666414432029, 0.6666639071727446, 0.16666475467253186, -2.3334507240589376e-06] - [-3.557615008657437e-06, -3.175994088568965e-06, -2.7941931028586145e-06, -3.5545777206647784e-06]
A2: [0.1666563705770275, -0.16667728597128198, -1.1146863121409476e-05, -1.0329537088826002e-05] - [0.1665822335782783, 0.3332462687932925, -9.037079025835537e-05, -8.456421491988148e-05] - [0.16663056779152433, 0.8332961119400593, -3.8464916920925895e-05, -3.613099022322265e-05] - [1.0062451051811125e-05, 1.0369987540112693e-05, 1.064869556536588e-05, 1.0062447810398624e-05]
B1: 0.1667002092139114 - 0.6665833235979064 - 0.16657457144681467 - 5.140202076624851e-05
B2: 0.16669137983171506 - 0.6666952450330348 - 0.16670398604187062 - 2.5529749744921345e-05
