Number: 323
Error: 2.7752926817118274e-06
A1: [-2.862952149701951e-06, -2.1242123861068267e-06, -1.234830122623314e-06, -2.8347769808423415e-06] - [0.20832296666307504, 0.33332580223247227, -0.041670687980229194, -1.0242581785380093e-05] - [0.16666329156837215, 0.6666640851653799, 0.16666506488101399, -3.3403916016551975e-06] - [-6.06151252298998e-07, -5.408862601560841e-07, -4.7557861523730023e-07, -6.056319745692273e-07]
A2: [0.16667628592883682, -0.16665685963754434, 9.927830479460027e-06, 9.61355498899985e-06] - [0.16669447756895364, 0.3333616391709101, 2.856575897715335e-05, 2.778854894109031e-05] - [0.16667024163646443, 0.8333369458477522, 3.601571331445395e-06, 3.5695007396017632e-06] - [1.7399244023487568e-06, 1.7930693061104898e-06, 1.8412265564129593e-06, 1.7399233831912104e-06]
B1: 0.16664997405313806 - 0.6666598666871263 - 0.16668838777689193 - -1.3386231070202086e-05
B2: 0.16664575628170175 - 0.6666388375898706 - 0.16663528324994545 - -2.0765985444448938e-05
