Number: 142
Error: 8.141399702156946e-06
A1: [3.454530928642235e-06, 3.5359142689783866e-06, 3.682698615143007e-06, 3.4624902901831544e-06] - [0.2083509580678371, 0.33335095386533237, -0.041648757395496894, 1.765886684475572e-05] - [0.16667155163477487, 0.6666715187599935, 0.16667156680520354, 4.894450756840658e-06] - [-2.608418410690085e-07, -2.325837248762156e-07, -2.0430642226697406e-07, -2.6061843950036085e-07]
A2: [0.166646424145746, -0.16668763644624168, -2.1656114720286487e-05, -2.024498421750674e-05] - [0.16658220455413875, 0.33324590940012233, -9.021074252562237e-05, -8.447174765298694e-05] - [0.16664437252479414, 0.8333102760006702, -2.3773058332654358e-05, -2.2296495921090185e-05] - [7.651146808704108e-07, 7.884624165275832e-07, 8.096171843552181e-07, 7.651142484458547e-07]
B1: 0.1667165199870934 - 0.6666469922935133 - 0.1665856148534385 - 5.052069571548431e-05
B2: 0.1667128823320077 - 0.6667283606377664 - 0.1667441853179811 - 4.628146722150321e-05
