Number: 2042
Error: 7.058958265345066e-06
A1: [-3.0884697909252345e-06, -3.321484339955855e-06, -2.5968564449736403e-06, -2.9210479308809012e-06] - [0.20833418492613562, 0.33333172313345083, -0.04166645462975924, 1.588361463969666e-06] - [0.16666342491588815, 0.6666631677308822, 0.16666409253530542, -3.0354543604198535e-06] - [-3.877360623784472e-06, -3.4614649058930407e-06, -3.0453804242363402e-06, -3.874051621603187e-06]
A2: [0.166657338073351, -0.16667627915182212, -1.0124517235061042e-05, -9.365046127636933e-06] - [0.16658224877562536, 0.33324631656917575, -9.037290554637257e-05, -8.456080340660606e-05] - [0.16662923215248504, 0.8332947415792665, -3.988635532419389e-05, -3.7469516937872096e-05] - [1.0964120164933963e-05, 1.1299217417944435e-05, 1.1602905446779065e-05, 1.0964117002538983e-05]
B1: 0.1666984814706352 - 0.6665770130726334 - 0.16657337550679183 - 5.134187066459395e-05
B2: 0.16668942634803102 - 0.6666921619432996 - 0.16670021203302038 - 2.3649095788180952e-05
