Number: 1074
Error: 7.597861259660571e-06
A1: [2.9259656382824055e-07, 2.2344841400732082e-07, 6.573920259610775e-07, 3.7873387604815545e-07] - [0.20834292494687803, 0.3333417298354406, -0.041657214545640406, 9.970227275212492e-06] - [0.16666761468166894, 0.6666674753692899, 0.16666795712794388, 1.0540001298255204e-06] - [-2.0349492596430452e-06, -1.8165433088675287e-06, -1.598015118959181e-06, -2.033208749808209e-06]
A2: [0.1666517667008293, -0.1666820774265297, -1.6012586743169542e-05, -1.4919101969349306e-05] - [0.16658216551852856, 0.33324604484673126, -9.035794457305064e-05, -8.457615521472855e-05] - [0.16663692663965665, 0.8333026360728245, -3.169762648720239e-05, -2.9758393513009533e-05] - [5.768396624585945e-06, 5.944678746555476e-06, 6.104428760786498e-06, 5.768393875045293e-06]
B1: 0.16670823627560802 - 0.6666131699794646 - 0.1665800572946492 - 5.148777798268979e-05
B2: 0.166700610860114 - 0.6667099924733032 - 0.16672216821912883 - 3.441398705055935e-05
