Number: 2137
Error: 3.796518476589033e-06
A1: [-9.1316069796583e-06, -8.695186900634926e-06, -7.2563050033652905e-06, -8.951171874583392e-06] - [0.20830686040066765, 0.3333073413752877, -0.04168769312956084, -2.5677944746735485e-05] - [0.16665551054601402, 0.6666560877946984, 0.16665790233805203, -1.0933496536496742e-05] - [-4.057970907780069e-06, -3.6227212742899266e-06, -3.1872783544510366e-06, -4.054508509630549e-06]
A2: [0.1666867163334709, -0.16664600536150895, 2.0949209408120275e-05, 2.001152941260149e-05] - [0.16669457166800894, 0.33336208186290794, 2.8467375983188712e-05, 2.775548261051597e-05] - [0.1666558023785763, 0.8333221308526503, -1.176553427244576e-05, -1.0900909530401925e-05] - [1.1477014851113256e-05, 1.1827790546863312e-05, 1.2145689143641031e-05, 1.1477011759621111e-05]
B1: 0.16663224556380915 - 0.6665925972596692 - 0.16667628944285542 - -1.3108825135707913e-05
B2: 0.16662393843713436 - 0.6666047803657607 - 0.166593720710985 - -4.179799121660583e-05
