Number: 949
Error: 3.136427358155067e-06
A1: [-4.990314297314584e-06, -4.353228580771896e-06, -3.2715237833352602e-06, -4.909626912009961e-06] - [0.20831755498833482, 0.3333195886274477, -0.0416763885569776, -1.5422867737645656e-05] - [0.16666064353559795, 0.6666613650912134, 0.1666626355592774, -5.923604475386407e-06] - [-1.7974170079527398e-06, -1.6044742049411869e-06, -1.411420523448448e-06, -1.7958792060439102e-06]
A2: [0.1666798804937923, -0.16665311949725115, 1.3724946481476259e-05, 1.319692815299724e-05] - [0.16669447792876838, 0.33336175740869356, 2.849494994543659e-05, 2.7745027113290494e-05] - [0.16666524785502182, 0.8333318219006035, -1.7133674277894932e-06, -1.4350292966934102e-06] - [5.100532810290835e-06, 5.256401101147855e-06, 5.39765059722301e-06, 5.100530263045741e-06]
B1: 0.16664420518566955 - 0.6666369666451325 - 0.16668449384481795 - -1.294156863333036e-05
B2: 0.16663770612321882 - 0.6666266792626004 - 0.16662065833851186 - -2.854495969994003e-05
