Number: 109
Error: 2.643741182678875e-06
A1: [-2.149935824059315e-06, -1.3780366222209082e-06, -5.559971210000071e-07, -2.1396985821840655e-06] - [0.2083247572856144, 0.3333278608122941, -0.04166881097867838, -8.531002595082654e-06] - [0.16666418140052539, 0.6666649981326691, 0.16666587695113272, -2.4727046701871234e-06] - [-1.9890574828440884e-07, -1.772859600184752e-07, -1.5565125769201417e-07, -1.987354289210387e-07]
A2: [0.16667507424559475, -0.16665812048017817, 8.648073722347267e-06, 8.40569780221303e-06] - [0.16669455278669829, 0.33336167635054037, 2.8669630178795194e-05, 2.787876739415303e-05] - [0.1666719692017745, 0.8333387184305117, 5.4399106804999874e-06, 5.30074008977599e-06] - [5.90958914406864e-07, 6.089834007549286e-07, 6.253142184246135e-07, 5.909585895064189e-07]
B1: 0.16665141914668008 - 0.666667231202871 - 0.16668931762081016 - -1.4064807965644455e-05
B2: 0.16664901080626088 - 0.6666434480222444 - 0.16664068391455486 - -1.760416617307304e-05
