Number: 1797
Error: 3.60898379686329e-06
A1: [-7.944681263781127e-06, -7.450694413614354e-06, -6.113890342856617e-06, -7.79279390023967e-06] - [0.20830992819711272, 0.3333108540963505, -0.041684449620889984, -2.273593791326935e-05] - [0.16665698136598334, 0.6666576000527598, 0.1666592590378415, -9.497905597474733e-06] - [-3.4110386763654716e-06, -3.045135940872038e-06, -2.6790573862936787e-06, -3.4081260043898362e-06]
A2: [0.1666847616567675, -0.16664803972192765, 1.8883289449911124e-05, 1.8062931002013422e-05] - [0.1666945505501087, 0.3333619945721273, 2.8480683511783534e-05, 2.7758201389399556e-05] - [0.16665850687158934, 0.8333249055951041, -8.887471116682444e-06, -8.190576223137755e-06] - [9.65224433779704e-06, 9.947243259268692e-06, 1.021458790483104e-05, 9.652241079245005e-06]
B1: 0.16663568836485612 - 0.6666053189270621 - 0.16667866491283873 - -1.304085485268984e-05
B2: 0.166627839089765 - 0.6666110137625314 - 0.16660140220778752 - -3.8044634478284016e-05
