Number: 2183
Error: 3.821800172681483e-06
A1: [-9.281046824925315e-06, -8.851789473029345e-06, -7.398472058794797e-06, -9.096760137163399e-06] - [0.20830649022319894, 0.3333069135213243, -0.041688082043776185, -2.6031146806352992e-05] - [0.16665532281228154, 0.6666558950868108, 0.16665773130722122, -1.1116474933931324e-05] - [-4.145496436105526e-06, -3.7008649526311136e-06, -3.2560381935911377e-06, -4.141959728311982e-06]
A2: [0.1666869825361952, -0.16664572847224013, 2.123026937265916e-05, 2.0276909698954156e-05] - [0.1666945789150485, 0.3333620978158363, 2.8469457597632178e-05, 2.7759504287357643e-05] - [0.16665543691100781, 0.8333217558510568, -1.2154546350774686e-05, -1.1267167385043064e-05] - [1.1723880592434167e-05, 1.208220209734035e-05, 1.24069400641606e-05, 1.172387754345591e-05]
B1: 0.1666317433163482 - 0.6665908408836874 - 0.16667593404519498 - -1.3154516112876737e-05
B2: 0.1666233734418428 - 0.6666039344954965 - 0.1665927155700993 - -4.234305468924693e-05
