Number: 341
Error: 2.7860266653792392e-06
A1: [-2.9083814523429315e-06, -2.17164340322849e-06, -1.2758098830942266e-06, -2.8787114156232516e-06] - [0.20832287454343038, 0.3333256907541372, -0.04167078100759308, -1.0328108888804481e-05] - [0.16666323138141073, 0.6666640238328752, 0.16666501283498492, -3.398729933776139e-06] - [-6.404050717074879e-07, -5.71469290672338e-07, -5.024886355242696e-07, -6.398564619790158e-07]
A2: [0.16667639107131257, -0.16665675046487913, 1.0038480473073242e-05, 9.718375542140968e-06] - [0.16669448083337546, 0.3333616453839272, 2.8566083959713446e-05, 2.7790551195829352e-05] - [0.1666700978831118, 0.8333367982867154, 3.4484532913066558e-06, 3.425438245032134e-06] - [1.8365548805438993e-06, 1.892653493788119e-06, 1.9434874464107154e-06, 1.8365538064785978e-06]
B1: 0.1666497833270551 - 0.6666591826971667 - 0.16668824963446813 - -1.3398355157454264e-05
B2: 0.16664544976732615 - 0.6666384622083791 - 0.16663488900103174 - -2.106469900563667e-05
