Number: 531
Error: 2.897845254724266e-06
A1: [-3.565003234906551e-06, -2.8595307237363987e-06, -1.9057341351135855e-06, -3.519384346802503e-06] - [0.2083211885160028, 0.3333237596145219, -0.04167255814392177, -1.194386468432848e-05] - [0.16666241687637123, 0.6666631870165642, 0.1666642638250941, -4.1935503161921695e-06] - [-1.0019765920755012e-06, -8.94288835784247e-07, -7.865337314848922e-07, -1.001118534929759e-06]
A2: [0.16667747548704456, -0.1666556218962558, 1.118432788682845e-05, 1.0799394478297483e-05] - [0.1666944562366961, 0.33336165631157977, 2.8519447068977978e-05, 2.7752636446380733e-05] - [0.16666857648181124, 0.8333352372844405, 1.829405106507468e-06, 1.900774881002881e-06] - [2.856604337262007e-06, 2.943882748495622e-06, 3.0229726167170933e-06, 2.8566027214945253e-06]
B1: 0.1666482143118333 - 0.666652396581046 - 0.1666872147994651 - -1.308153495215639e-05
B2: 0.16664292670735 - 0.6666346592341605 - 0.16663030300500428 - -2.3505454280219547e-05
