Number: 2974
Error: 6.546971770311131e-06
A1: [-6.330516895552844e-06, -6.720639848545343e-06, -5.715520322354235e-06, -6.084853893620838e-06] - [0.208325822746347, 0.33332214396331933, -0.041675293227960694, -6.42905321682567e-06] - [0.16665940425564893, 0.6666590342300671, 0.16666038615650425, -6.959562804419925e-06] - [-5.651079844113099e-06, -5.045041622957352e-06, -4.438787932696973e-06, -5.646267303839107e-06]
A2: [0.16666269127622382, -0.16667070756656152, -4.4665267646891575e-06, -4.028515748333685e-06] - [0.16658228563833405, 0.33324653481800454, -9.043068656876514e-05, -8.458932867562941e-05] - [0.1666218125812181, 0.8332871294683232, -4.778173532010607e-05, -4.490511090360903e-05] - [1.5965712197623617e-05, 1.64536890613135e-05, 1.6895948926684537e-05, 1.5965710622638384e-05]
B1: 0.16668901388164079 - 0.6665420933557082 - 0.16656679842328267 - 5.112510260498619e-05
B2: 0.16667872223600325 - 0.6666750993549584 - 0.16667921960721852 - 1.3349029179561948e-05
