Number: 1172
Error: 7.542780139742112e-06
A1: [-6.146652569094063e-08, -1.4784418905691615e-07, 3.148909170033171e-07, 3.291162780194122e-08] - [0.20834199280076426, 0.3333406668741927, -0.041658202464903454, 9.074386788445417e-06] - [0.16666717864831992, 0.666667026754701, 0.16666755272412925, 6.281343771209314e-07] - [-2.22148090667732e-06, -1.9830809111402547e-06, -1.7445501234447632e-06, -2.219581282641357e-06]
A2: [0.16665232891804554, -0.16668149215048894, -1.5418128053416314e-05, -1.4358637894346791e-05] - [0.16658216919517305, 0.3332460678128727, -9.036377792195419e-05, -8.457935288477466e-05] - [0.16663614712886504, 0.8333018363316053, -3.2527134676717446e-05, -3.053958830483879e-05] - [6.294452553736917e-06, 6.486814433208442e-06, 6.661137282036632e-06, 6.294449667176286e-06]
B1: 0.16670730139474985 - 0.6666095605658101 - 0.1665794305498204 - 5.152575288458171e-05
B2: 0.16669950367605046 - 0.666708175903711 - 0.1667198954724893 - 3.334928299609358e-05
