Number: 2897
Error: 4.212830589241138e-06
A1: [-1.1766132075128353e-05, -1.1457343632268481e-05, -9.789262475041041e-06, -1.1521905844693868e-05] - [0.20830007768720726, 0.3332995682866082, -0.041694860343480085, -3.217956220252574e-05] - [0.1666522416174425, 0.6666527272815399, 0.16665489054012875, -1.4123703487303103e-05] - [-5.503976193873413e-06, -4.913717443756678e-06, -4.323243932386309e-06, -5.499288108798978e-06]
A2: [0.16669108146045153, -0.1666414622856225, 2.55626737680125e-05, 2.4363069568190893e-05] - [0.16669459948658943, 0.33336225719074164, 2.8417453279070022e-05, 2.773001485033096e-05] - [0.1666497512142496, 0.8333159226155762, -1.8204770055665477e-05, -1.6965131190771264e-05] - [1.555547802395644e-05, 1.6030917161573e-05, 1.646181226677843e-05, 1.5555476243238008e-05]
B1: 0.16662450326305375 - 0.6665640971973325 - 0.16667089735647017 - -1.3307782436592337e-05
B2: 0.16661518463539463 - 0.6665908699179989 - 0.16657663424387614 - -5.022252387902353e-05
