Number: 2341
Error: 3.9086605686268066e-06
A1: [-9.84850814769279e-06, -9.446895843686961e-06, -7.94703766785497e-06, -9.650940331060793e-06] - [0.2083050005779759, 0.33330521351260173, -0.04168966055676265, -2.7462276546568362e-05] - [0.16665462325596253, 0.6666551753691992, 0.16665708296913365, -1.1799645586889506e-05] - [-4.44611894795862e-06, -3.96926114253955e-06, -3.4922019059016926e-06, -4.442327128793144e-06]
A2: [0.16668788739837087, -0.16664478644679692, 2.218710428859753e-05, 2.1178947383994736e-05] - [0.1666945787138736, 0.33336212872244736, 2.8453998838069702e-05, 2.774822609736859e-05] - [0.16665417857897497, 0.8333204649177439, -1.3493446225235081e-05, -1.2528213598327698e-05] - [1.2571823073835328e-05, 1.2956063072727565e-05, 1.330429327945452e-05, 1.2571820207149907e-05]
B1: 0.16663019631888606 - 0.6665849775291708 - 0.16667487399603903 - -1.3133203144902902e-05
B2: 0.1666216188845542 - 0.6666010463304965 - 0.16658910215606834 - -4.4029165907695874e-05
