Number: 2017
Error: 3.7304058449648903e-06
A1: [-8.704248183896594e-06, -8.247035432603306e-06, -6.843705552382366e-06, -8.533896731158398e-06] - [0.20830797716766764, 0.33330861708917964, -0.041686510516272555, -2.46056063775893e-05] - [0.16665603819196334, 0.6666566305463958, 0.16665839066855775, -1.0418292294038007e-05] - [-3.829645199020326e-06, -3.418871179175528e-06, -3.007909481965097e-06, -3.8263767224589355e-06]
A2: [0.16668602809408195, -0.16664672179604026, 2.0221560104668786e-05, 1.932543523833057e-05] - [0.1666945687531815, 0.3333620554031091, 2.8476218981916425e-05, 2.7760980607720924e-05] - [0.16665675753061687, 0.8333231107752561, -1.0749170496949067e-05, -9.943696190911069e-06] - [1.083298721758437e-05, 1.1164077302879736e-05, 1.1464133411311403e-05, 1.0832984037460541e-05]
B1: 0.16663343307871553 - 0.666597061459708 - 0.16667710389538867 - -1.3112440156910912e-05
B2: 0.1666252849714999 - 0.6666069765549703 - 0.16659645578344126 - -4.0503441645588944e-05
