Number: 1273
Error: 3.3180506633020718e-06
A1: [-6.111622941069188e-06, -5.5287385015808265e-06, -4.349089013279861e-06, -6.003738266058228e-06] - [0.20831467129204462, 0.333316283592638, -0.04167943436430839, -1.8186726263764956e-05] - [0.1666592519420975, 0.6666599346678329, 0.16666135406143726, -7.281631371471694e-06] - [-2.413958452506322e-06, -2.1549320487215794e-06, -1.8957663239841577e-06, -2.4118947031533944e-06]
A2: [0.1666817468133477, -0.16665117738676705, 1.569697767319211e-05, 1.5057455323818303e-05] - [0.16669450875929973, 0.3333618508081079, 2.849198067366995e-05, 2.7753144938308077e-05] - [0.16666267253952102, 0.8333291795452141, -4.4542727116668424e-06, -4.015908709846582e-06] - [6.839715967323899e-06, 7.048745442277177e-06, 7.238174053609234e-06, 6.839712959012963e-06]
B1: 0.16664096251088462 - 0.6666248866454171 - 0.16668227940683628 - -1.2968093081473263e-05
B2: 0.16663387453830503 - 0.6666206558785909 - 0.16661328814369086 - -3.223618670600154e-05
