Number: 779
Error: 3.040209156574014e-06
A1: [-4.407828434117902e-06, -3.7427008187405118e-06, -2.712785903082611e-06, -4.34140592928522e-06] - [0.20831904426331402, 0.33332129739070127, -0.04167481739767123, -1.3996448515083295e-05] - [0.16666136768675646, 0.6666621092233375, 0.16666330115429895, -5.217060395096251e-06] - [-1.473915695286746e-06, -1.3156461743958667e-06, -1.1572825303077377e-06, -1.4726541773940802e-06]
A2: [0.16667890133602664, -0.16665413833135267, 1.2690503950642144e-05, 1.2220809651958997e-05] - [0.16669446390136963, 0.33336171085025595, 2.849924716027052e-05, 2.7742916662301464e-05] - [0.166666600062702, 0.8333332093412812, -2.74164387429895e-07, -7.990248196806026e-08] - [4.187954588137687e-06, 4.315928249277276e-06, 4.431897915404297e-06, 4.1879523748996335e-06]
B1: 0.16664587749818843 - 0.6666432789663912 - 0.1666856327272022 - -1.2956719442983774e-05
B2: 0.16663977806338431 - 0.6666298825917688 - 0.16662454851453032 - -2.654666408374974e-05
