Number: 1651
Error: 3.528196989106257e-06
A1: [-7.439046977340479e-06, -6.920570031556258e-06, -5.627830845571759e-06, -7.299414779683262e-06] - [0.20831122922730802, 0.3333123452531089, -0.041683075000616604, -2.1488908397281436e-05] - [0.16665760886135314, 0.6666582451088763, 0.1666598370584672, -8.885534715617281e-06] - [-3.133231223853475e-06, -2.7971068126009974e-06, -2.4608155811250423e-06, -3.13055487669565e-06]
A2: [0.16668392105603086, -0.16664891450484215, 1.7994992919662503e-05, 1.7224940392930783e-05] - [0.166694537625985, 0.3333619533297273, 2.848274511695615e-05, 2.775551280776112e-05] - [0.1666596675041355, 0.8333260964065675, -7.652278832736408e-06, -7.0274359643293335e-06] - [8.868632218853552e-06, 9.13967882300486e-06, 9.38531453128047e-06, 8.868628968158144e-06]
B1: 0.16663717927945676 - 0.6666107922737008 - 0.16667969328662255 - -1.2999148572588262e-05
B2: 0.16662953186291812 - 0.6666136955962195 - 0.1666046925209819 - -3.641511186914627e-05
