Number: 2385
Error: 3.9327954389052025e-06
A1: [-9.995614972965996e-06, -9.601087470958806e-06, -8.087655258471739e-06, -9.794359120610489e-06] - [0.208304629720108, 0.333304786544144, -0.04169005122101242, -2.781688119482369e-05] - [0.16665443947710126, 0.6666549865960122, 0.16665691469324276, -1.1978872000541696e-05] - [-4.5298369236728885e-06, -4.04400506562754e-06, -3.5579702495967093e-06, -4.525974092789925e-06]
A2: [0.16668814115290467, -0.16664452243561892, 2.245514201093001e-05, 2.14319152704859e-05] - [0.16669458316536925, 0.33336214159315225, 2.845369989193848e-05, 2.7749592500835987e-05] - [0.16665382863256706, 0.8333201058629307, -1.386589041915335e-05, -1.2878915955178164e-05] - [1.2807948643344911e-05, 1.319940614158228e-05, 1.3554178278792605e-05, 1.280794583732244e-05]
B1: 0.16662973014246005 - 0.6665833106903072 - 0.16667454612052388 - -1.3162669307567072e-05
B2: 0.16662109307619385 - 0.6666002388742033 - 0.16658812865305572 - -4.4535909933653714e-05
