Number: 808
Error: 7.748276228284445e-06
A1: [1.2028218750277348e-06, 1.1775113824438505e-06, 1.5303769832841345e-06, 1.2666394843623645e-06] - [0.20834525021222575, 0.3333443983963712, -0.04165476144636006, 1.2197144024671809e-05] - [0.1666687467548515, 0.6666686386422971, 0.16666899744685948, 2.15852393794734e-06] - [-1.528629220325954e-06, -1.3644924661315137e-06, -1.2002587954533457e-06, -1.5273209751214486e-06]
A2: [0.16665023312994212, -0.1666836731116105, -1.7632702566795092e-05, -1.6447914310827644e-05] - [0.1665821378533045, 0.33324596613926916, -9.03571223446354e-05, -8.458516199563687e-05] - [0.16663904113915937, 0.8333048056660952, -2.9447052036101855e-05, -2.7639323429348364e-05] - [4.340485968619861e-06, 4.473121535879208e-06, 4.593316065629608e-06, 4.340483697422541e-06]
B1: 0.1667108886943656 - 0.6666230785336755 - 0.16658186649159193 - 5.1499730999080375e-05
B2: 0.1667038345173424 - 0.6667149827812402 - 0.16672822902782283 - 3.752233921878224e-05
