Number: 1888
Error: 7.144125947659083e-06
A1: [-2.5496301159780073e-06, -2.7565074137036484e-06, -2.078053935162012e-06, -2.3951402540379537e-06] - [0.20833557925290236, 0.3333333192536129, -0.041664980187406706, 2.925706676564759e-06] - [0.16666409244296396, 0.6666638540789768, 0.1666647084741085, -2.3838856901423893e-06] - [-3.584262588845234e-06, -3.199785539524956e-06, -2.815127654030046e-06, -3.5812026480877666e-06]
A2: [0.1666564525857175, -0.16667720075312784, -1.1060422118415918e-05, -1.0247778848278133e-05] - [0.16658223847843828, 0.33324627623032416, -9.036769839088784e-05, -8.456029690910477e-05] - [0.166630456921723, 0.8332959981552666, -3.8582980911129785e-05, -3.624210065863332e-05] - [1.0137591117473034e-05, 1.0447424378860771e-05, 1.0728214094600202e-05, 1.0137587880241322e-05]
B1: 0.1667000389126077 - 0.6665827726303946 - 0.16657444793193982 - 5.1370664904520336e-05
B2: 0.16669118974106445 - 0.666694985715401 - 0.16670369542036287 - 2.534572907297625e-05
