Number: 1702
Error: 7.247225498770598e-06
A1: [-1.90158439270744e-06, -2.0770509990059976e-06, -1.4545258670005041e-06, -1.7627113291989799e-06] - [0.20833725216673948, 0.33333523525370945, -0.041663211790997946, 4.52980860457492e-06] - [0.16666489588259797, 0.666664680090344, 0.16666544928220176, -1.5997183995201227e-06] - [-3.2302541129365523e-06, -2.8837243347868754e-06, -2.5370246293530517e-06, -3.2274952239043522e-06]
A2: [0.1666553821467014, -0.1666783147857261, -1.219170367957524e-05, -1.1314890494559937e-05] - [0.16658222301407746, 0.33324622455066144, -9.036429302154669e-05, -8.456271295000781e-05] - [0.16663193560856787, 0.8332975152675984, -3.7009335952105196e-05, -3.47602169218852e-05] - [9.139283591834943e-06, 9.418602155226103e-06, 9.671734995406764e-06, 9.139280335236682e-06]
B1: 0.16670192815965634 - 0.6665897355111082 - 0.1665757479250225 - 5.141360590791346e-05
B2: 0.16669333270316408 - 0.6666984007523464 - 0.16670789801207642 - 2.740805998174885e-05
