Number: 837
Error: 3.0731692425858813e-06
A1: [-4.619588115137484e-06, -3.964751481866109e-06, -2.9178903391834795e-06, -4.548286261351094e-06] - [0.2083184837089569, 0.33332065903516367, -0.04167541172122125, -1.453550768870899e-05] - [0.16666110746815715, 0.6666618414549643, 0.1666630594488753, -5.471259223020634e-06] - [-1.5842871261642068e-06, -1.414187555112049e-06, -1.2439880009425579e-06, -1.5829313216734754e-06]
A2: [0.16667923302673832, -0.16665379299886016, 1.3041273448578254e-05, 1.2551463531941186e-05] - [0.16669446221951303, 0.33336172053692115, 2.849187216764889e-05, 2.7737169420351333e-05] - [0.1666661378746583, 0.8333327351626455, -7.659699855162554e-07, -5.430863576764569e-07] - [4.499315422990975e-06, 4.636806396292767e-06, 4.761401188071317e-06, 4.499313088753229e-06]
B1: 0.1666453554985538 - 0.6666411714300311 - 0.16668528779394992 - -1.290296213900053e-05
B2: 0.1666391108040012 - 0.6666287887595327 - 0.16662317756000264 - -2.718880085024213e-05
