Number: 1491
Error: 3.439406825208766e-06
A1: [-6.869115634056888e-06, -6.322917288237732e-06, -5.077587086614185e-06, -6.742929118057999e-06] - [0.20831271866625878, 0.33331404660449065, -0.04168149781066941, -2.0058709764965988e-05] - [0.16665831249676943, 0.6666589688812954, 0.16666048825666413, -8.198489817378875e-06] - [-2.8287809569693046e-06, -2.525290840180263e-06, -2.2216448011491644e-06, -2.8263637784194633e-06]
A2: [0.16668300224886792, -0.16664987090284494, 1.7023647812422977e-05, 1.6308993532845445e-05] - [0.16669452944097315, 0.3333619137728945, 2.8490286729646557e-05, 2.7758544155205244e-05] - [0.16666093999230658, 0.8333274019285329, -6.2981626439918445e-06, -5.752199866341171e-06] - [8.009845606268066e-06, 8.254642038868428e-06, 8.47648654361179e-06, 8.00984241913199e-06]
B1: 0.16663875826438254 - 0.6666167372079619 - 0.16668076853043687 - -1.3008398264634862e-05
B2: 0.16663133770107308 - 0.6666166345805461 - 0.16660835028050502 - -3.467858438286176e-05
