Number: 1106
Error: 7.5798731560556565e-06
A1: [1.833336937620668e-07, 1.0891742166526255e-07, 5.526201048967416e-07, 2.721558208826142e-07] - [0.2083426461511206, 0.333341409765181, -0.041657508672133324, 9.703261957705726e-06] - [0.16666747872267476, 0.6666673356635502, 0.1666678322197725, 9.213550448258497e-07] - [-2.0958589745147014e-06, -1.870924419992212e-06, -1.6458647877959357e-06, -2.0940664997640687e-06]
A2: [0.16665195135466088, -0.16668188529763253, -1.5817516530563738e-05, -1.473502059362127e-05] - [0.1665821694927663, 0.3332460549752172, -9.035737165317894e-05, -8.457442564504015e-05] - [0.1666366724202164, 0.8333023752297167, -3.196820811925417e-05, -3.0013162825231392e-05] - [5.940170920460047e-06, 6.1217036127042115e-06, 6.2862121222174e-06, 5.940168123847253e-06]
B1: 0.1667079109221233 - 0.6666119721967716 - 0.16657983433706378 - 5.1480074711799154e-05
B2: 0.1667002269589298 - 0.6667093967408884 - 0.1667214444232679 - 3.4043957344258486e-05
