Number: 2293
Error: 3.882279050492508e-06
A1: [-9.672777993961683e-06, -9.262580052274327e-06, -7.776673649926282e-06, -9.479248125806077e-06] - [0.20830546656810547, 0.33330574416484393, -0.04168916606040649, -2.701407608886869e-05] - [0.1666548391505892, 0.6666553975780839, 0.16665728368260097, -1.1588732064506111e-05] - [-4.354791507099852e-06, -3.8877240810537735e-06, -3.420456982511024e-06, -4.351077169943535e-06]
A2: [0.16668761312426236, -0.16664507203896958, 2.1896983332459037e-05, 2.0905531323273187e-05] - [0.1666945804609447, 0.33336212094548207, 2.8460229117987707e-05, 2.7753338265929634e-05] - [0.166654561078511, 0.8333208573126194, -1.308648874351193e-05, -1.2144889508890188e-05] - [1.231422119815507e-05, 1.2690587260993937e-05, 1.3031680578880767e-05, 1.2314218270195015e-05]
B1: 0.1666306550607911 - 0.6665867482068012 - 0.166675186090315 - -1.3150916964879943e-05
B2: 0.16662214049544402 - 0.66660192273049 - 0.16659020986091944 - -4.352834782747229e-05
