Number: 2154
Error: 6.997114967801188e-06
A1: [-3.4825212031540643e-06, -3.7346664546165397e-06, -2.976579678350149e-06, -3.3056923084446e-06] - [0.20833316212964925, 0.3333305530857746, -0.04166753667862284, 6.070141405271174e-07] - [0.16666293725010387, 0.6666626662534586, 0.16666364213946525, -3.5115122083488967e-06] - [-4.090519300886404e-06, -3.651773648870242e-06, -3.212834095823867e-06, -4.087029275120536e-06]
A2: [0.16665798143456106, -0.16667560950812801, -9.444451276411828e-06, -8.723688486956005e-06] - [0.1665822543185176, 0.33324634400932196, -9.037853674510788e-05, -8.456311787374258e-05] - [0.16662834105847685, 0.8332938273591539, -4.083460417918339e-05, -3.8362536153289025e-05] - [1.1565216975835526e-05, 1.1918687545121715e-05, 1.2239028667082953e-05, 1.1565213901249466e-05]
B1: 0.16669735637263963 - 0.6665728308801386 - 0.16657260105402524 - 5.132850995182584e-05
B2: 0.1666881523489174 - 0.666690109989207 - 0.16669767321669213 - 2.242364942584875e-05
