Number: 2737
Error: 4.125521834339447e-06
A1: [-1.1220347978866807e-05, -1.0885188271510671e-05, -9.265855478666324e-06, -1.0989542554297651e-05] - [0.20830146999321586, 0.3333011670911332, -0.04169339108589598, -3.084639910094898e-05] - [0.16665292086822955, 0.6666534253114248, 0.16665551465975442, -1.3461016229542455e-05] - [-5.199561987805054e-06, -4.641936310474237e-06, -4.084098381447551e-06, -5.195131586781997e-06]
A2: [0.16669016184664856, -0.16664241928570606, 2.4590933571617093e-05, 2.3446316206184536e-05] - [0.16669459298121114, 0.3333622198294144, 2.842771789056457e-05, 2.7734728342659976e-05] - [0.16665102549642274, 0.8333172299895306, -1.6848739523104733e-05, -1.5688099764921536e-05] - [1.4696907708781235e-05, 1.5146103621089128e-05, 1.5553210814004032e-05, 1.4696905544564648e-05]
B1: 0.16662615983120374 - 0.6665701248437098 - 0.166672061427729 - -1.3239221740547649e-05
B2: 0.16661705506873703 - 0.6665937983898638 - 0.16658020225365747 - -4.84214147911523e-05
