Number: 1885
Error: 3.6576354025696485e-06
A1: [-8.262895518538711e-06, -7.784425784028578e-06, -6.421818213874737e-06, -8.103608679560996e-06] - [0.2083090898461059, 0.3333098981024849, -0.041685338419597893, -2.3541688900564636e-05] - [0.16665658956002768, 0.6666571968977704, 0.1666588955225785, -9.880582596842807e-06] - [-3.5784812081915808e-06, -3.1946294993717147e-06, -2.8105969835331602e-06, -3.5754261723728022e-06]
A2: [0.16668526586921498, -0.16664751479278242, 1.94164844292197e-05, 1.856557032315145e-05] - [0.16669455175338274, 0.33336201314464825, 2.84734747727297e-05, 2.7753235585421224e-05] - [0.16665780647319134, 0.8333241870433655, -9.63273368635138e-06, -8.892486086066396e-06] - [1.0124555057239227e-05, 1.0433990853570977e-05, 1.0714420366084306e-05, 1.0124551817002359e-05]
B1: 0.16663483374657903 - 0.6666020615330975 - 0.16667808423104433 - -1.3021948241053382e-05
B2: 0.1666268657541209 - 0.6666094023500485 - 0.16659937979395043 - -3.897984992029753e-05
