Number: 2428
Error: 6.8462340348372635e-06
A1: [-4.424679698204528e-06, -4.722398669545212e-06, -3.881232143572264e-06, -4.224858566716444e-06] - [0.20833074795669265, 0.33332778361189863, -0.04167008593999469, -1.7058418347170868e-06] - [0.16666176630251506, 0.6666614627553864, 0.1666625648413978, -4.654083918311218e-06] - [-4.611992114936427e-06, -4.117346198472556e-06, -3.622496036530992e-06, -4.608059616821602e-06]
A2: [0.16665955818094444, -0.16667396864956224, -7.77828846146665e-06, -7.151843689261977e-06] - [0.1665822741255641, 0.3332464169002172, -9.03870585210599e-05, -8.456253379841989e-05] - [0.1666261613405172, 0.8332915910067055, -4.315426676166614e-05, -4.0546964304781724e-05] - [1.3035702823794976e-05, 1.3434120667838762e-05, 1.3795201623295207e-05, 1.3035700082688997e-05]
B1: 0.1666945337968214 - 0.6665625301066419 - 0.16657063757481078 - 5.122561688757928e-05
B2: 0.16668496473313488 - 0.666685087289828 - 0.16669153130936865 - 1.935481896024461e-05
