Number: 1161
Error: 3.255515691740953e-06
A1: [-5.741269869868652e-06, -5.140605726789909e-06, -3.995769165755327e-06, -5.642770093516648e-06] - [0.20831559865497182, 0.33331735274855295, -0.04167845866951442, -1.730072197908322e-05] - [0.1666597155634153, 0.666660410743387, 0.1666617776898327, -6.8295964316555934e-06] - [-2.2008345903178886e-06, -1.964651413799289e-06, -1.7283382358968623e-06, -2.198952560097192e-06]
A2: [0.16668109859428396, -0.1666518516670615, 1.5012501087300926e-05, 1.4411238689357489e-05] - [0.16669448979386092, 0.3333618105655842, 2.8485427899034696e-05, 2.7742031401725925e-05] - [0.16666356171112862, 0.8333300919294933, -3.5077792286343008e-06, -3.1248135871842555e-06] - [6.238538805453908e-06, 6.429192252457526e-06, 6.601966790986526e-06, 6.238535930241425e-06]
B1: 0.16664214911653252 - 0.6666291250123876 - 0.16668310440656733 - -1.2893192963560251e-05
B2: 0.166635249756284 - 0.6666227350289515 - 0.16661577619972204 - -3.0909492199299626e-05
