Number: 2580
Error: 6.7627140435554765e-06
A1: [-4.961137491856957e-06, -5.284912806008921e-06, -4.398434178889052e-06, -4.748548610884324e-06] - [0.20832935310333192, 0.3333261885339445, -0.041671561982701305, -3.044437661896826e-06] - [0.16666110277811372, 0.6666607803899033, 0.16666195169763673, -5.301854206256863e-06] - [-4.901266192515776e-06, -4.3756097886526605e-06, -3.849744760694741e-06, -4.89708848007745e-06]
A2: [0.16666042993580385, -0.16667306121331713, -6.856691668018216e-06, -6.282807946123926e-06] - [0.16658227677017165, 0.333246449299731, -9.039949516289816e-05, -8.457055331177648e-05] - [0.16662495089823545, 0.8332903491840458, -4.4442265716572666e-05, -4.176001972590867e-05] - [1.3851413889858431e-05, 1.427476490176168e-05, 1.4658445557102368e-05, 1.3851411406304789e-05]
B1: 0.16669301484925014 - 0.6665568590807589 - 0.16656958786859216 - 5.121540840633306e-05
B2: 0.1666832454304542 - 0.6666823069345617 - 0.16668808466780596 - 1.770141104738256e-05
