Number: 641
Error: 2.9613537029769633e-06
A1: [-3.934247882653363e-06, -3.2463785391033136e-06, -2.258527712932541e-06, -3.879405944290159e-06] - [0.2083202560080251, 0.3333226872368721, -0.04167353932794948, -1.2835730824775718e-05] - [0.16666195619150875, 0.6666627139347121, 0.1666638420964451, -4.642849429133627e-06] - [-1.2113054333730702e-06, -1.0811823916713933e-06, -9.509797779931978e-07, -1.2102683606077282e-06]
A2: [0.16667810792791016, -0.16665496391510734, 1.1852278408718095e-05, 1.1429868701100893e-05] - [0.16669445842123615, 0.33336167910156683, 2.850890396244821e-05, 2.774711007588805e-05] - [0.166667699233318, 0.8333343371494762, 8.95694700658904e-07, 1.0216376577871505e-06] - [3.4471299579136654e-06, 3.5524589204536458e-06, 3.6479068736352066e-06, 3.4471280613167493e-06]
B1: 0.16664718725264735 - 0.6666483599642056 - 0.1666865186518434 - -1.3016769561560173e-05
B2: 0.16664149472863365 - 0.6666325196435854 - 0.16662774505180045 - -2.488977997754845e-05
