Number: 2195
Error: 3.8284518598339165e-06
A1: [-9.342954134742467e-06, -8.916852738097112e-06, -7.4610563988995295e-06, -9.157640717886503e-06] - [0.20830630133460568, 0.33330670440111304, -0.04168828618906919, -2.621551859987556e-05] - [0.16665525067706147, 0.6666558203526104, 0.16665766092709106, -1.11873474562097e-05] - [-4.168326789403312e-06, -3.721247130819783e-06, -3.2739716924794187e-06, -4.164770701657682e-06]
A2: [0.16668704807349816, -0.16664565995358405, 2.1300080608502674e-05, 2.0342232622816154e-05] - [0.16669457059112266, 0.33336209227230396, 2.846083565169481e-05, 2.7750339616000006e-05] - [0.16665534038814495, 0.8333216569026396, -1.2257083709307042e-05, -1.1363896253138697e-05] - [1.1788292164895035e-05, 1.2148582473967938e-05, 1.2475104927996972e-05, 1.1788289127804417e-05]
B1: 0.16663168760069832 - 0.6665904546065011 - 0.16667590985250288 - -1.3091066406822451e-05
B2: 0.16662330423238245 - 0.6666037205593159 - 0.1665923846844247 - -4.2407071259158746e-05
