Number: 2086
Error: 7.034669975110574e-06
A1: [-3.2355751406191116e-06, -3.4756725723072447e-06, -2.7374674545571456e-06, -3.064465021780784e-06] - [0.20833381413217922, 0.3333312962334953, -0.041666845216536075, 1.2338214521429676e-06] - [0.1666632411159099, 0.666662978942135, 0.16666392425154924, -3.214701496973329e-06] - [-3.961103772519205e-06, -3.5362313996791254e-06, -3.111168182051083e-06, -3.957723640935948e-06]
A2: [0.1666575921590475, -0.1666760148060166, -9.856145558754112e-06, -9.11174755052868e-06] - [0.16658225446342845, 0.3332463306873585, -9.03719610042466e-05, -8.455820241612425e-05] - [0.1666288824991372, 0.8332943828197947, -4.025850525959482e-05, -3.78199266092213e-05] - [1.1200266719412066e-05, 1.154258211724104e-05, 1.1852812462057063e-05, 1.1200263588140128e-05]
B1: 0.16669801422432012 - 0.6665753460159972 - 0.16657304840310327 - 5.13113586209044e-05
B2: 0.16668889938295858 - 0.6666913533660694 - 0.16669923751928858 - 2.3141205875029915e-05
