Number: 1970
Error: 7.098754540660757e-06
A1: [-2.8368590639983733e-06, -3.057671112210567e-06, -2.3546486103575616e-06, -2.6754830060930174e-06] - [0.20833483555505825, 0.3333324680371599, -0.041665766684137184, 2.2123509352681924e-06] - [0.16666373668906062, 0.6666634882858923, 0.16666438015440974, -2.7311419028676673e-06] - [-3.740328289210813e-06, -3.3391218069270827e-06, -2.9377301428843656e-06, -3.737135709333428e-06]
A2: [0.166656924073059, -0.16667671003379514, -1.0562083956362792e-05, -9.777758408944517e-06] - [0.1665822439997571, 0.33324629775442377, -9.037041941605857e-05, -8.456052817433062e-05] - [0.16662980479903436, 0.8332953290972207, -3.9276956833716956e-05, -3.68956327935759e-05] - [1.0577694019503065e-05, 1.0900979633480536e-05, 1.1193962001142023e-05, 1.0577690815489262e-05]
B1: 0.16669921067152343 - 0.6665797069769979 - 0.16657387811702581 - 5.1356382319986367e-05
B2: 0.1666902515702239 - 0.6666934819498113 - 0.166701839400554 - 2.4443105502897132e-05
