Number: 1939
Error: 3.687424630754691e-06
A1: [-8.445628673529404e-06, -7.975977449725157e-06, -6.596833062770241e-06, -8.281813293883703e-06] - [0.2083086258815056, 0.3333093647806127, -0.04168582767717806, -2.3985697379490552e-05] - [0.16665636179792237, 0.666656962882421, 0.16665868654181093, -1.0102755040543838e-05] - [-3.6812302991675638e-06, -3.286364842723133e-06, -2.891315679611207e-06, -3.6780879311380464e-06]
A2: [0.16668557735560552, -0.16664719069941447, 1.9745538603025537e-05, 1.8876091294651892e-05] - [0.1666945578829979, 0.3333620296558395, 2.8473872210414567e-05, 2.7755579237346884e-05] - [0.16665737728375785, 0.8333237466811553, -1.0089522290045581e-05, -9.322603118341639e-06] - [1.0414371518801148e-05, 1.0732665989982589e-05, 1.1021124625110206e-05, 1.0414368298450103e-05]
B1: 0.16663426780529952 - 0.6666000228883622 - 0.16667768981645878 - -1.3051900612555799e-05
B2: 0.1666262263779657 - 0.6666084104933567 - 0.16659817695301743 - -3.959583050999064e-05
