Number: 661
Error: 2.9728398881841293e-06
A1: [-4.005693691903767e-06, -3.3212736656747417e-06, -2.3274798766428646e-06, -3.949170710361853e-06] - [0.20832006908478792, 0.3333224738827656, -0.04167373710119736, -1.3015248000544847e-05] - [0.16666186806633365, 0.666662623305031, 0.16666376055316068, -4.728900308373649e-06] - [-1.2493650784877667e-06, -1.1151627703318095e-06, -9.80878727495033e-07, -1.2482954679892019e-06]
A2: [0.1666782223379546, -0.16665484482091164, 1.1973227354897335e-05, 1.1543921205511498e-05] - [0.166694457550396, 0.33336168208925143, 2.850594723489821e-05, 2.7744837361964704e-05] - [0.1666675396805459, 0.8333341734511578, 7.259077327130118e-07, 8.617415024088219e-07] - [3.55449879009794e-06, 3.6631096829190357e-06, 3.761531862061895e-06, 3.5544968451466607e-06]
B1: 0.1666470098796203 - 0.6666476352839011 - 0.16668640121014558 - -1.2995614068775978e-05
B2: 0.16664125291091839 - 0.6666321356983564 - 0.16662727081254664 - -2.512293443671554e-05
