Number: 3013
Error: 4.276096287626193e-06
A1: [-1.218877900222024e-05, -1.1900622728859111e-05, -1.019871212649218e-05, -1.1934796990108175e-05] - [0.20829895970297982, 0.3332982944943318, -0.041696046310085985, -3.325456416770855e-05] - [0.16665172192891933, 0.6666521924481313, 0.16665440776064389, -1.4631357660864381e-05] - [-5.724669318724626e-06, -5.110750689317841e-06, -4.496616148900527e-06, -5.719794535768628e-06]
A2: [0.16669174329838057, -0.16664077311585287, 2.6262770662153973e-05, 2.5022833882955466e-05] - [0.16669459109675422, 0.3333622717689381, 2.8398138458630095e-05, 2.77134919662099e-05] - [0.1666488256985673, 0.8333149731805605, -1.9189403620449558e-05, -1.789263998700554e-05] - [1.6177939667665897e-05, 1.667240501723867e-05, 1.712054648097739e-05, 1.6177938200811546e-05]
B1: 0.16662339180471522 - 0.666559811933299 - 0.16667013334545697 - -1.3267873719671435e-05
B2: 0.16661392119833143 - 0.6665887553765821 - 0.16657396736709626 - -5.143570911256761e-05
