Number: 2928
Error: 6.57208122681244e-06
A1: [-6.18110533526308e-06, -6.564070170343189e-06, -5.573389529179352e-06, -5.939293684722631e-06] - [0.20832619276851258, 0.3333225716536831, -0.041674904483627755, -6.076006020673835e-06] - [0.1666595919839764, 0.666659226926387, 0.16666055717272224, -6.7765892807304115e-06] - [-5.5635364880853585e-06, -4.966882742044392e-06, -4.3700139916249055e-06, -5.558798008513714e-06]
A2: [0.16666242561761893, -0.16667098391331497, -4.7470441227659204e-06, -4.293351461623684e-06] - [0.16658228048249718, 0.33324652094666335, -9.043068699037836e-05, -8.459125701107155e-05] - [0.16662217857308467, 0.8332875049917563, -4.739220075407574e-05, -4.4538328097308124e-05] - [1.5718873611149276e-05, 1.6199305577897427e-05, 1.6634726353599382e-05, 1.5718871912148344e-05]
B1: 0.16668951502846785 - 0.6665438501400891 - 0.16656715584049198 - 5.1169709730427326e-05
B2: 0.16667928555307793 - 0.6666759434496573 - 0.16668022279442654 - 1.3892401780786628e-05
