Number: 2068
Error: 7.044624027980098e-06
A1: [-3.1666831109989987e-06, -3.403393344163971e-06, -2.670253063708097e-06, -2.9970901676242735e-06] - [0.20833400091533316, 0.3333315079407404, -0.041666646393764085, 1.4139216807645108e-06] - [0.16666332511268436, 0.6666630654744355, 0.16666400288994765, -3.1325756695565074e-06] - [-3.926847436154982e-06, -3.505647452552801e-06, -3.084257465899309e-06, -3.923496399187189e-06]
A2: [0.16665748970094063, -0.16667612153520828, -9.964599281979969e-06, -9.213883656866699e-06] - [0.16658225600863327, 0.33324632858900194, -9.036887516265545e-05, -8.455539442946678e-05] - [0.16662902598911664, 0.8332945300113999, -4.0105860650469034e-05, -3.767612722419427e-05] - [1.1103661375806911e-05, 1.1443023911406111e-05, 1.1750577865483362e-05, 1.1103658231254106e-05]
B1: 0.16669817687820804 - 0.6665760007786001 - 0.16657315628100688 - 5.12953250114366e-05
B2: 0.166689085102736 - 0.6666916814587869 - 0.16669966215396445 - 2.331912318768256e-05
