Number: 1348
Error: 7.44427857861043e-06
A1: [-6.741847673406764e-07, -7.902255139716156e-07, -2.745052422033758e-07, -5.650290954380794e-07] - [0.20834041191950184, 0.3333388562155507, -0.04165987320340962, 7.558617848034058e-06] - [0.1666664189393367, 0.6666662457459696, 0.16666685240640416, -1.1333721627360662e-07] - [-2.556475711009944e-06, -2.2821683557833535e-06, -2.007715884430671e-06, -2.5542905108355437e-06]
A2: [0.16665334269863977, -0.16668043714151118, -1.4346821553309138e-05, -1.334800579855208e-05] - [0.1665821868019877, 0.3332461195974132, -9.036420989155943e-05, -8.45740920090054e-05] - [0.16663474859448976, 0.8333004014156664, -3.401556395405318e-05, -3.1941147148484435e-05] - [7.239182270473397e-06, 7.460421336580315e-06, 7.66091549339532e-06, 7.239179191406929e-06]
B1: 0.16670553200671354 - 0.6666029920355104 - 0.16657822263047706 - 5.150346464765898e-05
B2: 0.16669744974626452 - 0.6667049200340068 - 0.16671589630298025 - 3.1371646322529996e-05
