Number: 1211
Error: 3.2834283513237324e-06
A1: [-5.895489054744256e-06, -5.302136550072959e-06, -4.141132959122154e-06, -5.79281023310614e-06] - [0.20831522942875097, 0.33331692274193425, -0.04167884443325611, -1.7651527377479436e-05] - [0.16665951982468663, 0.6666602100771389, 0.16666160106979247, -7.020173401184374e-06] - [-2.2959798140613417e-06, -2.0495990817693094e-06, -1.80308412114381e-06, -2.2940166469616988e-06]
A2: [0.1666813898610086, -0.16665154886053332, 1.53197595483566e-05, 1.4701611390969766e-05] - [0.16669450315755618, 0.33336183317763723, 2.849273480033257e-05, 2.775188948258577e-05] - [0.1666631653177127, 0.8333296851425686, -3.929826217021312e-06, -3.522065782570998e-06] - [6.5069172826716795e-06, 6.705774197640283e-06, 6.885983462685232e-06, 6.506914344575678e-06]
B1: 0.1666415837949238 - 0.6666271988921327 - 0.16668270370801483 - -1.2962248007403895e-05
B2: 0.16663459704667846 - 0.6666218027245652 - 0.16661469792277286 - -3.154053682676357e-05
