Number: 2462
Error: 6.827499980000982e-06
A1: [-4.5601283636284225e-06, -4.8645437279020694e-06, -4.0141091611920706e-06, -4.35743647173118e-06] - [0.2083303737116424, 0.33332736108483296, -0.04167048533406881, -2.067443347338607e-06] - [0.16666160226654925, 0.6666612936281443, 0.1666624103216932, -4.8145809594166975e-06] - [-4.67669428705615e-06, -4.175111569008514e-06, -3.673323542161312e-06, -4.672706927549922e-06]
A2: [0.1666597505750625, -0.16667376814344, -7.574477523062873e-06, -6.960057789429069e-06] - [0.16658226796653258, 0.3332464177413051, -9.039588413472305e-05, -8.457107819231382e-05] - [0.1666258898136365, 0.8332913125021236, -4.3443056320458196e-05, -4.0819075689975084e-05] - [1.321816686954618e-05, 1.362216192049909e-05, 1.3988298085672408e-05, 1.3218164181541475e-05]
B1: 0.16669424476140712 - 0.6665613101300545 - 0.16657044913845925 - 5.127410599972175e-05
B2: 0.16668463271863282 - 0.6666844697561108 - 0.16669071391477316 - 1.9037541942047473e-05
