Number: 2460
Error: 6.82864776560174e-06
A1: [-4.533835392063534e-06, -4.8368274724869174e-06, -3.98590910408349e-06, -4.3313299194002825e-06] - [0.2083304695414717, 0.3333274638998234, -0.041670379736405014, -1.9724279063316017e-06] - [0.1666616304362048, 0.6666613231372309, 0.1666624400110568, -4.7866371956711885e-06] - [-4.672893357816724e-06, -4.1717189719496075e-06, -3.6703393381816157e-06, -4.6689092203254905e-06]
A2: [0.1666597423891836, -0.16667377696134297, -7.583652720563558e-06, -6.96820789745723e-06] - [0.166582276499742, 0.33324642545435273, -9.03880325112014e-05, -8.456240468475667e-05] - [0.16662590673954175, 0.8332913297891511, -4.342521640996259e-05, -4.080211540408903e-05] - [1.3207433361169343e-05, 1.3611100360689268e-05, 1.3976939180560543e-05, 1.3207430669985127e-05]
B1: 0.16669420147859187 - 0.6665613243186508 - 0.16657040535750683 - 5.1210919353254365e-05
B2: 0.16668458976892517 - 0.6666845007423304 - 0.1666908169347496 - 1.8993727785439715e-05
