Number: 2454
Error: 6.831911085876373e-06
A1: [-4.526848323229132e-06, -4.829608904406749e-06, -3.981275917377464e-06, -4.324833253638501e-06] - [0.2083304674478858, 0.3333274665003351, -0.0416703850429493, -1.9766874867657777e-06] - [0.1666616422879795, 0.6666613349275036, 0.16666244826394636, -4.775393578568923e-06] - [-4.661470663040043e-06, -4.161520155613866e-06, -3.6613645851538296e-06, -4.657496210933952e-06]
A2: [0.1666597055492788, -0.16667381508982318, -7.622214028542755e-06, -7.0049404634838426e-06] - [0.16658227005409185, 0.3332464181504262, -9.039323353298169e-05, -8.456842937173472e-05] - [0.16662595377812575, 0.8332913781046455, -4.337503780022275e-05, -4.075497366979631e-05] - [1.3175234233231417e-05, 1.3577917005153048e-05, 1.3942863712364945e-05, 1.317523153250346e-05]
B1: 0.16669430810848268 - 0.6665615927377678 - 0.16657048924691664 - 5.125803183755041e-05
B2: 0.16668470604166402 - 0.6666846146558681 - 0.1666909104776119 - 1.910739752092875e-05
