Number: 2432
Error: 6.8439964234557675e-06
A1: [-4.453302761754255e-06, -4.752522106998869e-06, -3.910977507305688e-06, -4.253131741546279e-06] - [0.20833065282091048, 0.3333276799265397, -0.0416701897720446, -1.7994412249598828e-06] - [0.16666173418133562, 0.6666614293153353, 0.16666253240026815, -4.6857764838680025e-06] - [-4.619600662052912e-06, -4.124138455032809e-06, -3.628471875390651e-06, -4.61566171261222e-06]
A2: [0.16665957864490052, -0.16667394712412956, -7.756261527103035e-06, -7.131451283734005e-06] - [0.1665822677326703, 0.33324641161326374, -9.039318530587831e-05, -8.456920731051543e-05] - [0.1666261287329143, 0.8332915576122615, -4.3188835199246616e-05, -4.057964067102839e-05] - [1.3057169479466496e-05, 1.3456243454485461e-05, 1.3817919127632184e-05, 1.305716674444247e-05]
B1: 0.16669454163572262 - 0.6665624265374587 - 0.16657065347870537 - 5.127319876919187e-05
B2: 0.16668496884371173 - 0.6666850182483548 - 0.16669139702215288 - 1.9360661671048292e-05
