Number: 2184
Error: 6.980560382604648e-06
A1: [-3.5893535853598335e-06, -3.8466951107166816e-06, -3.079718194654849e-06, -3.410003739412226e-06] - [0.2083328829978864, 0.3333302342215892, -0.04166783226200764, 3.389897307736514e-07] - [0.1666628053288212, 0.6666625305598157, 0.1666635200553745, -3.640323021099716e-06] - [-4.147614613658227e-06, -3.7027484299915257e-06, -3.25768705905323e-06, -4.144076115687666e-06]
A2: [0.16665815350490856, -0.16667543038708857, -9.262527146834048e-06, -8.552154808925504e-06] - [0.1665822550818753, 0.33324635066646013, -9.038070777654883e-05, -8.456445918417466e-05] - [0.16662810226909938, 0.833293582378721, -4.108869580829738e-05, -3.86018412235393e-05] - [1.1726222886093926e-05, 1.2084614807395413e-05, 1.2409416545903399e-05, 1.1726219839795439e-05]
B1: 0.1666970593549095 - 0.6665717147021022 - 0.16657239735721738 - 5.1329280634481944e-05
B2: 0.1666878155783505 - 0.6666895608366419 - 0.1666969894339812 - 2.209988396657742e-05
