Number: 2264
Error: 6.9365085031035934e-06
A1: [-3.8502697956615505e-06, -4.120121966565674e-06, -3.328092668530941e-06, -3.6642204080898125e-06] - [0.2083322351949362, 0.3333294858853454, -0.041668513098947466, -2.7928611545497247e-07] - [0.16666247776378887, 0.6666621942949634, 0.16666322144147605, -3.959616725172582e-06] - [-4.29987418968923e-06, -3.83868695363232e-06, -3.3773012843189954e-06, -4.296206459166388e-06]
A2: [0.1666586163883144, -0.16667494890424844, -8.773782144598432e-06, -8.090702528711829e-06] - [0.16658226755648628, 0.333246378324685, -9.037715240269922e-05, -8.455759708308631e-05] - [0.16662746668460868, 0.8332929302205245, -4.1765218406569195e-05, -3.923880092313874e-05] - [1.2155567061742961e-05, 1.2527082466315112e-05, 1.2863779141541026e-05, 1.2155564100821357e-05]
B1: 0.16669618831358343 - 0.6665686626066847 - 0.16657178189537386 - 5.1252273613343154e-05
B2: 0.16668683633129275 - 0.6666880899739127 - 0.16669523839379655 - 2.1155320324023704e-05
