Number: 2990
Error: 6.538202346847908e-06
A1: [-6.397073776526898e-06, -6.790505667796453e-06, -5.7811827787948996e-06, -6.1500572064353256e-06] - [0.20832563528255432, 0.33332193314227704, -0.04167549380005639, -6.6105564386773e-06] - [0.16665932421671667, 0.6666589516355439, 0.16666031027556943, -7.0379337949290016e-06] - [-5.681525069636484e-06, -5.07222242912251e-06, -4.462704179249386e-06, -5.676686777236463e-06]
A2: [0.16666278117180913, -0.1666706138302619, -4.371210273020525e-06, -3.938906379978452e-06] - [0.1665822808695242, 0.3332465334051696, -9.043658219522363e-05, -8.459522008287557e-05] - [0.16662168450599923, 0.8332869981169008, -4.791791881846491e-05, -4.503346123274372e-05] - [1.6051568896093034e-05, 1.6542170038308004e-05, 1.6986808692003753e-05, 1.605156736530943e-05]
B1: 0.16668888775016166 - 0.6665415282802714 - 0.16656671788215766 - 5.1157806365626925e-05
B2: 0.16667857593285798 - 0.6666748099046057 - 0.16667882683660423 - 1.3209660971075739e-05
