Number: 1259
Error: 3.3102552857539684e-06
A1: [-6.071322458930368e-06, -5.486551975482442e-06, -4.311590342026417e-06, -5.96460514621072e-06] - [0.20831476307531038, 0.33331639174506145, -0.04167933924881176, -1.810008969440891e-05] - [0.16665930383876415, 0.6666599877811925, 0.16666140027903875, -7.231177190519556e-06] - [-2.3873178561059977e-06, -2.1311466827064305e-06, -1.8748373233370727e-06, -2.3852768166600606e-06]
A2: [0.1666816647724836, -0.16665126263478588, 1.5610508469626583e-05, 1.4975664807141759e-05] - [0.16669450374620196, 0.3333618432680038, 2.8488792455373636e-05, 2.7749113504550304e-05] - [0.16666278338314242, 0.8333292933063833, -4.336230771211125e-06, -3.904824603969256e-06] - [6.764572697243656e-06, 6.971305282952021e-06, 7.158652228196967e-06, 6.764569704088328e-06]
B1: 0.1666411306574759 - 0.6666254353917875 - 0.16668240061819176 - -1.2938892526483564e-05
B2: 0.1666340667044959 - 0.6666209173550286 - 0.16661358102247967 - -3.205008749642919e-05
