Number: 2121
Error: 3.7876858439113606e-06
A1: [-9.065040874011958e-06, -8.62531003536755e-06, -7.190630200609912e-06, -8.885959435746729e-06] - [0.20830704790597251, 0.3333075522421991, -0.04168749250824518, -2.5496400221401634e-05] - [0.16665559058350787, 0.6666561703905477, 0.16665797822183753, -1.0855127196933355e-05] - [-4.0275285776472464e-06, -3.5955426636672705e-06, -3.163364176265832e-06, -4.0240920284785775e-06]
A2: [0.1666866262114403, -0.16664609932386434, 2.0853666145651944e-05, 1.9921693339404103e-05] - [0.16669457558585227, 0.3333620824282361, 2.8472422193290088e-05, 2.776052189701331e-05] - [0.1666559302356134, 0.8333222619866155, -1.1629569127580871e-05, -1.0772777714814909e-05] - [1.1391140265768672e-05, 1.1739291097205526e-05, 1.205481057866254e-05, 1.139113716057528e-05]
B1: 0.16663237245297 - 0.6665931624849788 - 0.1666763694793642 - -1.3140779408248499e-05
B2: 0.16662408518693683 - 0.6666050702816488 - 0.16659411400667476 - -4.165816995827444e-05
