Number: 2281
Error: 3.87569869863244e-06
A1: [-9.634837737198713e-06, -9.222829743831546e-06, -7.740747510400835e-06, -9.442311615897927e-06] - [0.20830555893241065, 0.3333058513397678, -0.04168906927879396, -2.692613609103925e-05] - [0.1666548870699722, 0.6666554467359909, 0.16665732712673223, -1.154205216593586e-05] - [-4.331958918169803e-06, -3.867338892739796e-06, -3.4025196499628614e-06, -4.328263954975688e-06]
A2: [0.16668754352481252, -0.16664514441745648, 2.1823526033452133e-05, 2.0836146429928673e-05] - [0.16669457818938274, 0.3333621164256026, 2.8459351902426544e-05, 2.7751908146803037e-05] - [0.16665465638439683, 0.8333209551083309, -1.298503522835702e-05, -1.2049377445382735e-05] - [1.2249823553350823e-05, 1.2624221210281787e-05, 1.2963530381331203e-05, 1.224982061085962e-05]
B1: 0.1666307895735063 - 0.6665872097866142 - 0.1666752821086173 - -1.313550186981917e-05
B2: 0.16662229125148437 - 0.6666021435055333 - 0.16659046875274064 - -4.338279176574967e-05
