Number: 809
Error: 3.0572631007885334e-06
A1: [-4.514886931350169e-06, -3.854942416139544e-06, -2.8161224240373135e-06, -4.4459429917082736e-06] - [0.20831876428079896, 0.33332097772911834, -0.041675113721347155, -1.426532236482696e-05] - [0.16666123559046322, 0.6666619733632094, 0.1666631789162123, -5.346045399924504e-06] - [-1.531004470387953e-06, -1.3666160266129116e-06, -1.2021304095880416e-06, -1.5296941801306354e-06]
A2: [0.16667907330281645, -0.16665395932993038, 1.2872295017276187e-05, 1.2392240131503948e-05] - [0.16669446405283878, 0.33336171682469795, 2.8496336208299556e-05, 2.7740965279919556e-05] - [0.16666636110653138, 0.8333329641758489, -5.284548506287183e-07, -3.1937375275499047e-07] - [4.349002490361157e-06, 4.481898876869311e-06, 4.602329788913466e-06, 4.3490002136600504e-06]
B1: 0.16664560006256482 - 0.6666421817261982 - 0.16668544747979833 - -1.2936356882460893e-05
B2: 0.16663942392693346 - 0.6666293155259878 - 0.16662384624858576 - -2.6887805507217136e-05
