Number: 2816
Error: 6.633354267096105e-06
A1: [-5.78709941081815e-06, -6.150938311817052e-06, -5.193716871041051e-06, -5.5546939875626025e-06] - [0.20832721542199514, 0.3333237415510124, -0.04167382258098471, -5.094799616507569e-06] - [0.16666007960323082, 0.6666597283561371, 0.1666610075290224, -6.300576325956155e-06] - [-5.350395073150608e-06, -4.776591035440507e-06, -4.2025734935139945e-06, -5.345836971775916e-06]
A2: [0.16666178380977503, -0.1666716519999756, -5.425553660222503e-06, -4.933155754010795e-06] - [0.1665822808348272, 0.33324649940563805, -9.041916312213713e-05, -8.458304653110941e-05] - [0.16662307111715674, 0.8332884206619751, -4.6442502192921525e-05, -4.3643858314465416e-05] - [1.5117865613687858e-05, 1.5579927138442375e-05, 1.599869612184508e-05, 1.5117863632614e-05]
B1: 0.1666906360035278 - 0.6665480323892076 - 0.16656793495883127 - 5.1179020983278014e-05
B2: 0.16668055474915586 - 0.6666779905059774 - 0.16668275661033805 - 1.5113042403809335e-05
