Number: 468
Error: 7.944368025337263e-06
A1: [2.369727808947146e-06, 2.400314681118992e-06, 2.649405436076949e-06, 2.405012582410075e-06] - [0.2083482353711127, 0.3333478218944152, -0.041651613823807165, 1.5056580761977815e-05] - [0.16667019683353215, 0.6666701285087818, 0.16667033005116128, 3.573384588463045e-06] - [-8.814294948539429e-07, -7.866599042264505e-07, -6.918303859685461e-07, -8.806745899535111e-07]
A2: [0.16664828049615152, -0.16668570496752405, -1.9695632776125104e-05, -1.8394465735724943e-05] - [0.16658213352178888, 0.3332458972971794, -9.032366327120591e-05, -8.456564529824316e-05] - [0.16664175178600835, 0.8333075869259505, -2.6562114025703895e-05, -2.4922835074766213e-05] - [2.5152509787716772e-06, 2.5920949350623277e-06, 2.6617287821434673e-06, 2.51524953871372e-06]
B1: 0.166714031987887 - 0.6666355209998295 - 0.1665839803258727 - 5.126810207303984e-05
B2: 0.1667081360996037 - 0.666721551490896 - 0.1667361747846386 - 4.16765428620461e-05
