Number: 1697
Error: 3.5536469509087546e-06
A1: [-7.588513157361109e-06, -7.0771988352527435e-06, -5.7700228819234354e-06, -7.445029157583619e-06] - [0.20831085895840157, 0.33331191731053894, -0.04168346399766948, -2.1842201318114403e-05] - [0.16665742110403978, 0.6666580523781707, 0.16665966600797322, -9.068536263051758e-06] - [-3.2207607015813744e-06, -2.8752543721404096e-06, -2.5295782903507484e-06, -3.218009877972334e-06]
A2: [0.1666841876019906, -0.16664863727259516, 1.82763946528475e-05, 1.749066391069152e-05] - [0.16669454615948817, 0.3333619705651966, 2.8486103293603297e-05, 2.77608211546525e-05] - [0.1666593023512328, 0.833325721718394, -8.040978694863505e-06, -7.393379022580704e-06] - [9.115520882892005e-06, 9.394114035716358e-06, 9.646589447146741e-06, 9.11551762451881e-06]
B1: 0.16663667757214112 - 0.6666090373338112 - 0.1666793403304006 - -1.3044281939983274e-05
B2: 0.1666289644595507 - 0.6666128472583628 - 0.1666036848522841 - -3.696258438582009e-05
