Number: 2920
Error: 6.576469151051706e-06
A1: [-6.147826493976676e-06, -6.5291368450443375e-06, -5.540557893850765e-06, -5.906691631914966e-06] - [0.20832628650170984, 0.33332267706550583, -0.04167480419633788, -5.985253120274745e-06] - [0.1666596320038426, 0.6666592682240485, 0.16666059511353984, -6.737403394197847e-06] - [-5.548313764591138e-06, -4.953292228475109e-06, -4.35805577745526e-06, -5.543588164533779e-06]
A2: [0.16666238066212996, -0.16667103078916984, -4.7947100608676934e-06, -4.338163841980346e-06] - [0.16658228283784826, 0.33324652162405105, -9.042776813318687e-05, -8.458834036544592e-05] - [0.16662224260356945, 0.8332875706603543, -4.7324116105969914e-05, -4.4474160060076095e-05] - [1.567594479031801e-05, 1.6155064602413815e-05, 1.6589295976982387e-05, 1.5675943070257603e-05]
B1: 0.16668957810113094 - 0.6665441326642917 - 0.16656719607480605 - 5.115336439285774e-05
B2: 0.1666793587408898 - 0.6666760882119493 - 0.16668041921766832 - 1.3962122126986854e-05
