Number: 1598
Error: 7.304993786337168e-06
A1: [-1.540755972702826e-06, -1.6987472436466096e-06, -1.1075822527943617e-06, -1.4106135577004713e-06] - [0.20833818142427793, 0.33333630007631176, -0.041662229855491825, 5.420596210066064e-06] - [0.16666534357832014, 0.6666651403180307, 0.16666586177897308, -1.162797414331711e-06] - [-3.032310553998679e-06, -2.7069986278333456e-06, -2.381523511576446e-06, -3.029720108381117e-06]
A2: [0.1666547831587713, -0.16667893813466056, -1.2824682053941078e-05, -1.1912017956135341e-05] - [0.1665822129436619, 0.3332461942706544, -9.036373008887929e-05, -8.456548766734771e-05] - [0.1666327621427468, 0.833298363292705, -3.612969537386956e-05, -3.393189532132303e-05] - [8.581074845141345e-06, 8.84333092986815e-06, 9.08099948728283e-06, 8.581071611574077e-06]
B1: 0.16670298834453567 - 0.6665936318375802 - 0.16657647710239484 - 5.144144058339817e-05
B2: 0.1666945384576969 - 0.6667003130140184 - 0.16671024560001013 - 2.8568730753292406e-05
