Number: 2169
Error: 3.814117166714223e-06
A1: [-9.240772869069747e-06, -8.809628360137951e-06, -7.36099702561833e-06, -9.057653408226026e-06] - [0.20830658191150944, 0.33330702158410963, -0.04168798701089893, -2.5944604825985503e-05] - [0.16665537468637492, 0.6666559481788615, 0.16665777750615, -1.1066043072396095e-05] - [-4.118857755078579e-06, -3.6770814491029745e-06, -3.2351104630147876e-06, -4.115343662072627e-06]
A2: [0.16668690064439984, -0.16664581357228353, 2.1143946631216825e-05, 2.0195268249420637e-05] - [0.16669457444496344, 0.33336209081261636, 2.8466799458753275e-05, 2.775601598570676e-05] - [0.16665554788561723, 0.8333218697415077, -1.2036376686922463e-05, -1.115595221656098e-05] - [1.1648750522262857e-05, 1.2004775561498085e-05, 1.2327432054159254e-05, 1.1648747459889489e-05]
B1: 0.16663191303821293 - 0.6665913915676158 - 0.1666760576188221 - -1.3123731313833604e-05
B2: 0.1666235633180974 - 0.6666041936205768 - 0.16659300603678115 - -4.21592461760171e-05
