Number: 1362
Error: 7.436482756034971e-06
A1: [-7.144733228080899e-07, -8.323999294981137e-07, -3.1199146812150657e-07, -6.041502693270055e-07] - [0.20834032020122534, 0.33333874812705017, -0.041659968255253796, 7.47204636526299e-06] - [0.16666636704759946, 0.6666661926386318, 0.1666668061960476, -1.6378644517434975e-07] - [-2.5831244664180534e-06, -2.305960944601023e-06, -2.02865122378638e-06, -2.580916558360188e-06]
A2: [0.16665342478726938, -0.16668035184417895, -1.426030236130382e-05, -1.326616761934584e-05] - [0.16658219199109198, 0.333246127319328, -9.036083753177825e-05, -8.456988498535424e-05] - [0.16663463779386722, 0.8333002876989273, -3.4133560913925164e-05, -3.2052188362146285e-05] - [7.314329804505674e-06, 7.537865883572609e-06, 7.740441837321398e-06, 7.314326713118448e-06]
B1: 0.16670536278278777 - 0.6666024423353465 - 0.1665781006093025 - 5.147319126769611e-05
B2: 0.1666972582108678 - 0.6667046592323963 - 0.16671560415898481 - 3.118618046838849e-05
