Number: 1830
Error: 7.1762682376359406e-06
A1: [-2.3382806284785886e-06, -2.534841927999985e-06, -1.8733072097343273e-06, -2.188669367035728e-06] - [0.20833613825925448, 0.3333339561603371, -0.04166438720865574, 3.463219891510132e-06] - [0.1666643523484509, 0.6666641215496704, 0.16666494990294908, -2.1299987558330406e-06] - [-3.473875760971407e-06, -3.101231843528281e-06, -2.728410334875174e-06, -3.4709096666856387e-06]
A2: [0.16665612042836078, -0.1666775465827464, -1.1411713220906565e-05, -1.0578898641502621e-05] - [0.16658223797881078, 0.33324626422982184, -9.036274100161943e-05, -8.455672767877494e-05] - [0.1666309185456908, 0.8332964717360538, -3.80917983755539e-05, -3.5779479789866e-05] - [9.826294538561325e-06, 1.012661259405114e-05, 1.0398778185785336e-05, 9.826291286948979e-06]
B1: 0.16670059777929183 - 0.6665849150973305 - 0.16657482606947557 - 5.1353779499023686e-05
B2: 0.1666918258238315 - 0.6666960473785174 - 0.1667050331635118 - 2.5956669647885978e-05
