Number: 1872
Error: 7.153010641498976e-06
A1: [-2.4830636145887535e-06, -2.6866308970329432e-06, -2.0123805977562346e-06, -2.3299274840647706e-06] - [0.20833576674551865, 0.33333353010527467, -0.04166477958517941, 3.1072383041263973e-06] - [0.16666417249258583, 0.6666639366845633, 0.16666478436460538, -2.305504342609902e-06] - [-3.553813086344113e-06, -3.1726004589848724e-06, -2.7912078763332086e-06, -3.5507790298596326e-06]
A2: [0.16665636237240183, -0.16667729480795176, -1.1156057045317349e-05, -1.0337705942012965e-05] - [0.16658224204072536, 0.33324627643566684, -9.036300908027069e-05, -8.455561218187161e-05] - [0.16663058470012568, 0.8332961292098198, -3.8447094237781884e-05, -3.6114047247634516e-05] - [1.005171640092614e-05, 1.0358924796137645e-05, 1.0637335455673092e-05, 1.0051713158977543e-05]
B1: 0.16670016592552425 - 0.6665833377311915 - 0.16657452755502333 - 5.133882759997374e-05
B2: 0.16669133698825772 - 0.6666952761298373 - 0.16670408917368687 - 2.5486041378846008e-05
