Number: 2464
Error: 6.826413698937073e-06
A1: [-4.562456317507939e-06, -4.866948940597265e-06, -4.015652672889484e-06, -4.359600958838193e-06] - [0.2083303744134096, 0.333327360221575, -0.041670483561969014, -2.0660195853391422e-06] - [0.16666159831683922, 0.6666612896988645, 0.1666624075714691, -4.81832795121351e-06] - [-4.68050185019171e-06, -4.1785111730206054e-06, -3.6763151256675394e-06, -4.676511262266138e-06]
A2: [0.16665976285912543, -0.16667375542976742, -7.561619500313469e-06, -6.947809506063771e-06] - [0.16658227013178226, 0.33324642019299483, -9.039413310848916e-05, -8.456905326378682e-05] - [0.16662587413837185, 0.8332912964013119, -4.345977809237317e-05, -4.083478533815735e-05] - [1.3228899912646302e-05, 1.363322303938193e-05, 1.3999656575655643e-05, 1.3228897227869942e-05]
B1: 0.16669420910469954 - 0.6665612205566415 - 0.16657042108794284 - 5.125828850949143e-05
B2: 0.16668459404349795 - 0.6666844318699128 - 0.16669068282113533 - 1.899973447667978e-05
