Number: 332
Error: 8.024972411232448e-06
A1: [2.818812970342316e-06, 2.8705547741768085e-06, 3.076930140334964e-06, 2.8427014617026426e-06] - [0.20834935766499443, 0.33334911473600004, -0.041650436123103395, 1.6128654594198083e-05] - [0.16667075872387146, 0.6666707051281171, 0.16667084257637174, 4.121204657134643e-06] - [-6.225381242538496e-07, -5.555154850797475e-07, -4.884492471531433e-07, -6.220048315055174e-07]
A2: [0.16664750147250273, -0.16668651540129123, -2.0518222591893447e-05, -1.9171056433366267e-05] - [0.16658214498468404, 0.3332458838656161, -9.029529917713951e-05, -8.454464339609031e-05] - [0.16664284060724713, 0.83330870416837, -2.5403236839140544e-05, -2.383167741528489e-05] - [1.7851365649728897e-06, 1.839663200146429e-06, 1.8890725982920377e-06, 1.7851355222673015e-06]
B1: 0.16671519581144464 - 0.6666404187267125 - 0.1665847606928736 - 5.1082107849329236e-05
B2: 0.16671003785202052 - 0.6667243038582439 - 0.16673941817403345 - 4.351934409195374e-05
