Number: 2976
Error: 6.545890436623432e-06
A1: [-6.332845853005877e-06, -6.723045903466921e-06, -5.717064570280681e-06, -6.087019392939322e-06] - [0.20832582344451514, 0.33332214309693387, -0.0416752914586627, -6.427633075550571e-06] - [0.16665940030502216, 0.666659030299951, 0.16666038340541237, -6.963310731307657e-06] - [-5.654887366737377e-06, -5.0484411979567695e-06, -4.4417795418803e-06, -5.650071605552729e-06]
A2: [0.16666270353638898, -0.16667069487693664, -4.453692876819348e-06, -4.016291362837621e-06] - [0.16658228771144346, 0.33324653717706654, -9.042902848283226e-05, -8.458739589749447e-05] - [0.16662179688308448, 0.8332871133445281, -4.7798480170257626e-05, -4.492084342676282e-05] - [1.59764441636746e-05, 1.646474906941368e-05, 1.6907306290659298e-05, 1.5976442594186098e-05]
B1: 0.16668897842122415 - 0.6665420039117614 - 0.16656677043030943 - 5.110948041904083e-05
B2: 0.16667868351218512 - 0.666675061417561 - 0.16667918846088348 - 1.3311173168201114e-05
