Number: 1181
Error: 3.2667094427559267e-06
A1: [-5.812546054230541e-06, -5.215344880966991e-06, -4.064579577190283e-06, -5.712365468132567e-06] - [0.20831541234991263, 0.3333171399631454, -0.041678655924981746, -1.7479621717230358e-05] - [0.1666596275794413, 0.6666603202442032, 0.1666616962652017, -6.915506419142179e-06] - [-2.2388923991289196e-06, -1.9986299277296067e-06, -1.7582357512124494e-06, -2.2369779123274535e-06]
A2: [0.166681213468567, -0.16665173209601436, 1.5133938344008196e-05, 1.4525755433056825e-05] - [0.16669449087140176, 0.3333618155549582, 2.848452062051288e-05, 2.7741706971286747e-05] - [0.16666340265948862, 0.8333299287460725, -3.677039205888643e-06, -3.28420867132715e-06] - [6.3458955592082526e-06, 6.539830549780395e-06, 6.715579115428047e-06, 6.3458926581865894e-06]
B1: 0.16664195463644135 - 0.6666283847928611 - 0.1666829729418637 - -1.2889139570732784e-05
B2: 0.166635021215328 - 0.6666223647630641 - 0.16661531601061755 - -3.1129369575921034e-05
