Number: 2613
Error: 4.057721601551834e-06
A1: [-1.0788371094880105e-05, -1.0432267876955533e-05, -8.850210410715354e-06, -1.0567975570126163e-05] - [0.20830258524745587, 0.333302444416522, -0.04169221212782227, -2.9777015701270443e-05] - [0.1666534563751647, 0.6666539758826194, 0.16665600845884265, -1.2938355055071597e-05] - [-4.9636389086606005e-06, -4.4313042193251704e-06, -3.898759959948416e-06, -4.959408342025042e-06]
A2: [0.16668945035503996, -0.16664315982841602, 2.383888710477785e-05, 2.2737041375427064e-05] - [0.16669459071793874, 0.3333621934518767, 2.8438039590996606e-05, 2.7741159274782766e-05] - [0.1666520132271508, 0.8333182433421189, -1.57977039740118e-05, -1.4698238530698852e-05] - [1.4031493031075533e-05, 1.4460349731885103e-05, 1.4849020913591769e-05, 1.4031490609077505e-05]
B1: 0.16662741514375592 - 0.6665747682026119 - 0.1666729358862682 - -1.3214654876314132e-05
B2: 0.1666184748742926 - 0.6665960662037987 - 0.1665829952886773 - -4.705533204157603e-05
