Number: 3003
Error: 4.270648971139801e-06
A1: [-1.2153171382235948e-05, -1.1863282838594093e-05, -1.0164334884716945e-05, -1.1900029588142623e-05] - [0.20829905274886076, 0.3332984007852202, -0.04169594777694083, -3.3165220450609216e-05] - [0.16665176589378233, 0.6666522376717262, 0.1666544484500488, -1.4588429431639384e-05] - [-5.70564403030845e-06, -5.093765015915399e-06, -4.481670167715078e-06, -5.700785338238529e-06]
A2: [0.16669168610882068, -0.16664083265467275, 2.620229716135193e-05, 2.4965823088923454e-05] - [0.1666945914746475, 0.33336227018493625, 2.8399495462235242e-05, 2.771457101303819e-05] - [0.16664890544725058, 0.8333150549934047, -1.9104554104347535e-05, -1.7812719474701616e-05] - [1.612428016506558e-05, 1.661710535384514e-05, 1.7063760081466475e-05, 1.612427866995188e-05]
B1: 0.16662349039916466 - 0.666560184024456 - 0.1666702017760792 - -1.326853237274785e-05
B2: 0.16661403283916906 - 0.6665889378100128 - 0.16657419469490808 - -5.1328400610822666e-05
