Number: 2878
Error: 6.599432984317678e-06
A1: [-6.003069205231279e-06, -6.377375741659109e-06, -5.401512276158474e-06, -5.765458799625876e-06] - [0.2083266579329611, 0.3333231030352425, -0.0416744119021466, -5.629352949805812e-06] - [0.1666598118341415, 0.6666594530632208, 0.16666076063029445, -6.561922540429143e-06] - [-5.468385035670734e-06, -4.881932085535674e-06, -4.295264735454804e-06, -5.463727069869551e-06]
A2: [0.16666213949697525, -0.1666712817834379, -5.049586215295302e-06, -4.578577663773636e-06] - [0.16658228172902725, 0.3332465123723727, -9.0424549961387e-05, -8.458650236657888e-05] - [0.1666225771751446, 0.8332879139123875, -4.6968094853425924e-05, -4.41388663365268e-05] - [1.5450568030761448e-05, 1.5922798961602374e-05, 1.6350785927882688e-05, 1.5450566202401302e-05]
B1: 0.16669000815264037 - 0.6665457103188579 - 0.16656749718641714 - 5.116655111449024e-05
B2: 0.1666798449213937 - 0.6666768567512527 - 0.16668136043961573 - 1.4430093834513858e-05
