Number: 1692
Error: 7.2527785418138346e-06
A1: [-1.8659684285135652e-06, -2.039702912477395e-06, -1.4201413720494302e-06, -1.7279357282838924e-06] - [0.208337345228251, 0.33333534155894845, -0.04166311324706242, 4.61916754387718e-06] - [0.16666493986114306, 0.6666647253262298, 0.16666548998095151, -1.5567767688038492e-06] - [-3.2112213789517475e-06, -2.8667317892262777e-06, -2.5220729000767034e-06, -3.208478682666547e-06]
A2: [0.16665532471542097, -0.1666783745672255, -1.2252419323135856e-05, -1.1372142884140167e-05] - [0.16658222247969823, 0.33324622205234417, -9.036384750105987e-05, -8.456254581612779e-05] - [0.16663201513654738, 0.833297596859484, -3.692470678329984e-05, -3.468051707227531e-05] - [9.08561013731595e-06, 9.363288093968859e-06, 9.61493399162051e-06, 9.085606881880917e-06]
B1: 0.1667020271067787 - 0.666590107316107 - 0.16657581535068294 - 5.141328644950796e-05
B2: 0.16669344542831474 - 0.6666985842830555 - 0.1667081264308857 - 2.7516450232070727e-05
