Number: 1014
Error: 7.631604446756695e-06
A1: [4.825121416460845e-07, 4.22398221972253e-07, 8.372002338408052e-07, 5.636297227938537e-07] - [0.20834338745342748, 0.3333422663360536, -0.041656730084363915, 1.041060934404421e-05] - [0.16666785448716986, 0.6666677213481219, 0.1666681745095273, 1.2876064650175702e-06] - [-1.920740297990806e-06, -1.7145753392917716e-06, -1.5082935835610343e-06, -1.9190972461833673e-06]
A2: [0.1666514179661194, -0.1666824400485029, -1.6380588757047115e-05, -1.5266763321127947e-05] - [0.16658215160829484, 0.33324601973927304, -9.036477639804533e-05, -8.45858567132961e-05] - [0.16663740257919896, 0.8333031244742005, -3.119092089988878e-05, -2.9281422975837396e-05] - [5.4463173847280555e-06, 5.612754592894172e-06, 5.763582382269015e-06, 5.446314729525958e-06]
B1: 0.16670889302181155 - 0.6666154604995935 - 0.16658051797425205 - 5.154897028886545e-05
B2: 0.16670138384261765 - 0.6667111159974907 - 0.16672348265808293 - 3.516095957255512e-05
