Number: 477
Error: 2.8663788844626264e-06
A1: [-3.381369319892172e-06, -2.6671488724088904e-06, -1.7299637573443817e-06, -3.3402803963964424e-06] - [0.2083216557599345, 0.3333242959575568, -0.04167206613374564, -1.1496581273295054e-05] - [0.1666626453893745, 0.6666634217267622, 0.1666644734363761, -3.970629001766302e-06] - [-8.992146148314728e-07, -8.025405592499555e-07, -7.05805364492624e-07, -8.984444745831751e-07]
A2: [0.1666771660518508, -0.1666559438731008, 1.0857450558351853e-05, 1.0490924710833038e-05] - [0.16669445887013937, 0.33336164884237096, 2.852834395943855e-05, 2.7759055140561703e-05] - [0.1666690079413697, 0.8333356799890335, 2.288599679860591e-06, 2.333161592958879e-06] - [2.5667026052565565e-06, 2.6451196081256453e-06, 2.7161789972654486e-06, 2.5667011363241174e-06]
B1: 0.1666486914731377 - 0.6666543536368262 - 0.16668753444028114 - -1.3140354434541544e-05
B2: 0.166643636976993 - 0.6666357241193929 - 0.16663158084827598 - -2.28185772531879e-05
