Number: 66
Error: 8.189550430428498e-06
A1: [3.642954048192328e-06, 3.7323164675911116e-06, 3.851387515746058e-06, 3.6446049060124137e-06] - [0.20835133248277743, 0.3333514082113145, -0.04164838276583469, 1.8005460318789804e-05] - [0.16667180199424952, 0.666671773516176, 0.16667178190869716, 5.137008179110093e-06] - [-1.1615203275838825e-07, -1.0339947361791153e-07, -9.06380688061896e-08, -1.1605269800870099e-07]
A2: [0.16664598651021312, -0.16668809090323275, -2.211662756315044e-05, -2.0681260158312984e-05] - [0.16658221788422237, 0.3332459110176587, -9.018358572414092e-05, -8.44530871212471e-05] - [0.1666449867541224, 0.8333109064809829, -2.3118957278212026e-05, -2.168096106402507e-05] - [3.5710657931947444e-07, 3.679827313064636e-07, 3.778357251285344e-07, 3.571064059439939e-07]
B1: 0.1667171382348994 - 0.666649715533369 - 0.16658605553493033 - 5.038498746751623e-05
B2: 0.16671434507386432 - 0.66673010201063 - 0.16674599285995628 - 4.771126446077536e-05
