Number: 637
Error: 2.9590796264198964e-06
A1: [-3.929544815305619e-06, -3.241524165036416e-06, -2.2554002674663287e-06, -3.875029899772241e-06] - [0.20832025478767738, 0.33332268913364915, -0.041673542715485005, -1.2838395411269609e-05] - [0.16666196412965784, 0.6666627218293362, 0.16666384762959197, -4.635316864735878e-06] - [-1.2036935422804546e-06, -1.074386102695369e-06, -9.44999526004881e-07, -1.2026629775728395e-06]
A2: [0.16667808341748158, -0.16665498928132255, 1.1826626867476217e-05, 1.1405429849882529e-05] - [0.16669445434566302, 0.33336167446764103, 2.850568511374132e-05, 2.774331514706137e-05] - [0.16666773065441023, 0.8333343694255242, 9.292161451770408e-07, 1.0531274921028784e-06] - [3.4256611468601996e-06, 3.5303338688354624e-06, 3.6251871087148084e-06, 3.425659260028848e-06]
B1: 0.16664725411247464 - 0.6666485348814641 - 0.16668657072174178 - -1.2989588654537353e-05
B2: 0.16664157585847209 - 0.666632599317725 - 0.16662781125733134 - -2.4810384956609478e-05
