Number: 2911
Error: 4.2205047061883805e-06
A1: [-1.1830363387678659e-05, -1.1524807584985816e-05, -9.85338573761556e-06, -1.1584947054608326e-05] - [0.2082998895056893, 0.3332993583097819, -0.04169506271005979, -3.2362505171639566e-05] - [0.16665216553750234, 0.6666526486232349, 0.1666548174140906, -1.419831819765064e-05] - [-5.530609740481916e-06, -4.937495025820897e-06, -4.34416538145895e-06, -5.525899119713879e-06]
A2: [0.1666911590991227, -0.16664138123663447, 2.5645159510521656e-05, 2.444045807452209e-05] - [0.16669459263939762, 0.3333622534092189, 2.8409892628795076e-05, 2.7722186471864076e-05] - [0.1666496388454636, 0.8333158073954615, -1.8324200253541074e-05, -1.7077740429102263e-05] - [1.5630610497506644e-05, 1.6108346121563054e-05, 1.654132287016935e-05, 1.563060875307592e-05]
B1: 0.16662441254683819 - 0.6665636215158626 - 0.16667084474402488 - -1.3259503098297901e-05
B2: 0.16661507716983676 - 0.6665906185171951 - 0.1665762726877467 - -5.0323928870491455e-05
