Number: 2477
Error: 3.983253026921347e-06
A1: [-1.0318445222705246e-05, -9.939587893401276e-06, -8.39863003358227e-06, -1.0109463466036405e-05] - [0.2083037928945158, 0.33330382894585453, -0.04169093636030254, -2.8619664102518367e-05] - [0.16665403981005333, 0.6666545756203408, 0.16665654570934532, -1.2369005657066527e-05] - [-4.704880680659029e-06, -4.2002844090612065e-06, -3.695482248994635e-06, -4.7008694190202e-06]
A2: [0.16668866903903268, -0.16664397297495706, 2.3013158221614506e-05, 2.1958156705038044e-05] - [0.16669458533127582, 0.33336216170267485, 2.8446633803497185e-05, 2.7745308140497493e-05] - [0.16665309605439782, 0.8333193542812035, -1.4645423928606387e-05, -1.3613074675762854e-05] - [1.3301667465725508e-05, 1.3708216120032598e-05, 1.4076666950947787e-05, 1.3301664800645826e-05]
B1: 0.16662880538024344 - 0.6665798729504493 - 0.16667390550653155 - -1.3174272423097176e-05
B2: 0.16662004630341018 - 0.6665985556791606 - 0.16658604812149697 - -4.554282531431527e-05
