Number: 1033
Error: 3.1837010141999186e-06
A1: [-5.280230788883614e-06, -4.657140212502402e-06, -3.5499847904906946e-06, -5.192492937175692e-06] - [0.2083168105947116, 0.3333187352252753, -0.04167717452338755, -1.613619522702833e-05] - [0.16666028357002205, 0.6666609951148074, 0.16666230425044462, -6.274868205638402e-06] - [-1.9572628957333705e-06, -1.7471873336219368e-06, -1.5369930828500136e-06, -1.9555886598996066e-06]
A2: [0.16668036433321695, -0.16665261602249634, 1.423616426891833e-05, 1.3679265840568572e-05] - [0.1666944855616223, 0.3333617812145935, 2.8493724143891687e-05, 2.7746771556548294e-05] - [0.16666458002871487, 0.833331136683716, -2.4241434403464393e-06, -2.104298046510912e-06] - [5.551442760020267e-06, 5.721093922672055e-06, 5.874834461352225e-06, 5.551440070961553e-06]
B1: 0.16664337066766524 - 0.6666338404633856 - 0.16668392494517553 - -1.2942271352106189e-05
B2: 0.16663670225350052 - 0.6666251096918991 - 0.16661874230696375 - -2.951244047590526e-05
