Number: 2785
Error: 4.151762513767889e-06
A1: [-1.1396066132133373e-05, -1.1069490929260818e-05, -9.436206308165825e-06, -1.1161222955831281e-05] - [0.2083010040409861, 0.33330063647842023, -0.0416938855438482, -3.1294562163331106e-05] - [0.16665270498595292, 0.6666532031151582, 0.16665531395691055, -1.3671917802178414e-05] - [-5.290885050822554e-06, -4.7234690314612626e-06, -4.1558398951043185e-06, -5.2863773264622505e-06]
A2: [0.16669043574202885, -0.16664213407310993, 2.4880675148857616e-05, 2.3719353543448855e-05] - [0.16669458979692045, 0.33336222616840555, 2.8420051399494187e-05, 2.772817876099139e-05] - [0.16665064264328255, 0.8333168372410874, -1.725605043429526e-05, -1.607177758221432e-05] - [1.495448792936787e-05, 1.541155707530697e-05, 1.582580084102243e-05, 1.495448587419728e-05]
B1: 0.16662570203039695 - 0.6665683540882447 - 0.16667174813258903 - -1.322058458775422e-05
B2: 0.1666165346872948 - 0.6665929232446881 - 0.16657909582999086 - -4.892100289130326e-05
