Number: 2646
Error: 6.726526072737277e-06
A1: [-5.1817728241433686e-06, -5.516170865461635e-06, -4.609326675145186e-06, -4.963651896354128e-06] - [0.20832879698656753, 0.3333255482598861, -0.041672147790110074, -3.5761743956881754e-06] - [0.1666608271001082, 0.6666604972288812, 0.16666169929035074, -5.570703636480173e-06] - [-5.0268741419439795e-06, -4.487752875127051e-06, -3.948421384500516e-06, -5.022590005006756e-06]
A2: [0.16666081043034595, -0.1666726653298092, -6.454768806381607e-06, -5.903494076213591e-06] - [0.16658228290017288, 0.33324646807503516, -9.040047643149697e-05, -8.456905386208337e-05] - [0.16662442582802428, 0.8332898104549814, -4.500108000189405e-05, -4.2286224633074465e-05] - [1.4205596592579555e-05, 1.4639773622618008e-05, 1.5033267210959182e-05, 1.420559423697983e-05]
B1: 0.16669231526759132 - 0.6665543580854401 - 0.16656909492502642 - 5.1170897786717933e-05
B2: 0.16668245731149425 - 0.6666810964457942 - 0.16668662532699446 - 1.6941906246924603e-05
