Number: 2365
Error: 3.921816022576784e-06
A1: [-9.924391750583525e-06, -9.52639912590326e-06, -8.018892269521142e-06, -9.724816451848858e-06] - [0.2083048158376811, 0.3333049991523915, -0.041689854129233976, -2.763816825247378e-05] - [0.1666545274147707, 0.6666550770512317, 0.16665699607882287, -1.1893007836969957e-05] - [-4.491783831192499e-06, -4.010031230133291e-06, -3.52807635512057e-06, -4.487953276068956e-06]
A2: [0.16668802655306508, -0.1666446417344048, 2.233397404641656e-05, 2.1317672965402974e-05] - [0.16669458308472812, 0.3333621375885891, 2.845557865703117e-05, 2.775091405155211e-05] - [0.1666539879242793, 0.8333202692830678, -1.3696396786821775e-05, -1.2719280658523848e-05] - [1.2700616770370115e-05, 1.3088793529996916e-05, 1.3440592007548344e-05, 1.270061393622101e-05]
B1: 0.1666299277877313 - 0.666584054737163 - 0.16667468219265621 - -1.3163540711751384e-05
B2: 0.16662131715996223 - 0.6666006045602789 - 0.1665885841457353 - -4.4320490469970596e-05
