Number: 2992
Error: 6.53712275216121e-06
A1: [-6.399401571111414e-06, -6.792910659000451e-06, -5.782726063598223e-06, -6.152221544057428e-06] - [0.2083256359849716, 0.3333219322797892, -0.041675492027216765, -6.609132052365933e-06] - [0.1666593202670471, 0.6666589477063086, 0.16666030752527825, -7.0416807660134e-06] - [-5.685332589574523e-06, -5.075622002038853e-06, -4.4656957880053726e-06, -5.680491076447552e-06]
A2: [0.16666279343606358, -0.1666706011364571, -4.358372124786905e-06, -3.926677905175784e-06] - [0.16658228295940852, 0.333246535781382, -9.043490662783763e-05, -8.459327053011962e-05] - [0.16662166881216015, 0.8332869819974973, -4.793465919230474e-05, -4.5049189461592555e-05] - [1.6062300842954575e-05, 1.655323002651035e-05, 1.6998166036038324e-05, 1.6062299317761077e-05]
B1: 0.16668885216801307 - 0.6665414387277813 - 0.16656668979368938 - 5.1142062520101366e-05
B2: 0.16667853729924487 - 0.6666747720601701 - 0.16667879578578348 - 1.3171895169187338e-05
