Number: 2193
Error: 3.827302326763641e-06
A1: [-9.316659730025815e-06, -8.88913501727078e-06, -7.432854907928721e-06, -9.131532747963957e-06] - [0.20830639716018967, 0.33330680721291184, -0.04168818059377811, -2.6120507455206064e-05] - [0.16665527884217074, 0.6666558498579188, 0.16665769061334157, -1.1159408256466012e-05] - [-4.164523359751413e-06, -3.717852244277456e-06, -3.270985432663183e-06, -4.160970500133878e-06]
A2: [0.16668703986846833, -0.166645668790439, 2.1290885728620925e-05, 2.0334063204387788e-05] - [0.16669457907787938, 0.33336209994061416, 2.846864048573587e-05, 2.775896603938595e-05] - [0.16665535729526232, 0.833321674171075, -1.2239263110421111e-05, -1.1346954911911459e-05] - [1.1777548432740739e-05, 1.213751036866988e-05, 1.246373519309417e-05, 1.177754539362955e-05]
B1: 0.16663164443718892 - 0.6665904688903228 - 0.1666758661349183 - -1.3154135395289045e-05
B2: 0.16662326127276925 - 0.6666037515224653 - 0.16659248769089996 - -4.245089166115003e-05
