Number: 2443
Error: 3.964634677932365e-06
A1: [-1.020695495606315e-05, -9.822745289398872e-06, -8.292398517287864e-06, -1.0000820924212826e-05] - [0.20830407067626025, 0.33330414959356497, -0.04169064425740332, -2.835443317145842e-05] - [0.1666541796157032, 0.6666547191617164, 0.16665667328878433, -1.2232715635402328e-05] - [-4.640189859249909e-06, -4.142528001502035e-06, -3.6446612972968526e-06, -4.636233446187258e-06]
A2: [0.1666884726326962, -0.16664417728857742, 2.28057523976943e-05, 2.1762358248005333e-05] - [0.16669458109973756, 0.33336215101298494, 2.8446170925979606e-05, 2.774346063007626e-05] - [0.16665336639872746, 0.833319631669457, -1.4357683292724483e-05, -1.3342146169470078e-05] - [1.3119211330942093e-05, 1.3520182968374504e-05, 1.3883578749430588e-05, 1.3119208611543725e-05]
B1: 0.16662917291696455 - 0.6665811680725962 - 0.16667416579317737 - -1.314418503863743e-05
B2: 0.16662045963215316 - 0.6665991798433829 - 0.16658679341796154 - -4.5144228892817094e-05
