Number: 932
Error: 7.677916610384729e-06
A1: [7.700926216588636e-07, 7.238908232935082e-07, 1.1140971157271497e-06, 8.443230218304041e-07] - [0.2083441324144492, 0.333343118727178, -0.04165594251183557, 1.1125225473427004e-05] - [0.16666821053952502, 0.6666680874200698, 0.16666850308007441, 1.635159438410515e-06] - [-1.7646585564822212e-06, -1.5752232615969246e-06, -1.3856788599666427e-06, -1.7631487373495324e-06]
A2: [0.1666509462939122, -0.1666829309312932, -1.6879068213442563e-05, -1.5736968610106344e-05] - [0.16658214571986352, 0.33324599794589527, -9.036223011584793e-05, -8.458599327385127e-05] - [0.1666380546558448, 0.8333037935122198, -3.0496941819692294e-05, -2.8627937339305365e-05] - [5.006136652359188e-06, 5.159118988061931e-06, 5.297753016839561e-06, 5.006134138932594e-06]
B1: 0.166709691886673 - 0.666618496861187 - 0.1665810581965956 - 5.1533836680446005e-05
B2: 0.16670235029028924 - 0.6667126488626703 - 0.16672536854625591 - 3.609186250741166e-05
