Number: 2205
Error: 3.833952823944047e-06
A1: [-9.378566449352072e-06, -8.954197728896105e-06, -7.495438737492639e-06, -9.192412739695194e-06] - [0.20830620827370203, 0.33330659809466107, -0.04168838473727063, -2.6304877147417157e-05] - [0.16665520670746753, 0.6666557751242049, 0.16665762023365482, -1.1230280264523241e-05] - [-4.187353678179871e-06, -3.738234387077665e-06, -3.2889189005690515e-06, -4.183781439494918e-06]
A2: [0.16668710540570109, -0.16664560027181735, 2.1360696966501394e-05, 2.039938605816554e-05] - [0.1666945707542681, 0.3333620943975592, 2.8460019173074825e-05, 2.774980168157225e-05] - [0.16665526077254664, 0.8333215752228482, -1.2341800240502037e-05, -1.1443683633519157e-05] - [1.1841959881246086e-05, 1.2203890617208464e-05, 1.2531899926945598e-05, 1.1841956854301158e-05]
B1: 0.1666315886718547 - 0.6665900825642578 - 0.16667584189356632 - -1.3090735430715212e-05
B2: 0.16662319210968868 - 0.6666035376340567 - 0.16659215685423912 - -4.2514861856933375e-05
