Number: 1519
Error: 3.4549746351508857e-06
A1: [-6.9736523154865245e-06, -6.432574142189989e-06, -5.1792160847411e-06, -6.845108190588242e-06] - [0.20831243869114777, 0.33331372846160406, -0.0416817953076876, -2.032829927252072e-05] - [0.16665818451258665, 0.6666588371012672, 0.1666603689055742, -8.323565983579768e-06] - [-2.8820598510314406e-06, -2.572858588691548e-06, -2.263499418708314e-06, -2.879597304423202e-06]
A2: [0.16668316224011429, -0.16664970429299936, 1.7192915853722126e-05, 1.64684842610166e-05] - [0.16669452879677155, 0.3333619187238872, 2.84871070276937e-05, 2.775593724391481e-05] - [0.16666071707338748, 0.833327173241206, -6.535340500718686e-06, -5.975599628864621e-06] - [8.160137710879682e-06, 8.409528058356883e-06, 8.635536117639292e-06, 8.16013450846932e-06]
B1: 0.16663849807506417 - 0.6666157123041319 - 0.1666805951604405 - -1.299063197713349e-05
B2: 0.16663103757438266 - 0.6666161211994053 - 0.16660769533648098 - -3.49665830199252e-05
