Number: 1812
Error: 7.186197711292254e-06
A1: [-2.2933476245883123e-06, -2.487867975736977e-06, -1.8327440745838546e-06, -2.1452306336915235e-06] - [0.2083362285334562, 0.3333340659372823, -0.04166429573609792, 3.5469034313290716e-06] - [0.1666644121295768, 0.6666641825060811, 0.16666500160523473, -2.07206549356146e-06] - [-3.439612809124691e-06, -3.0706409732391248e-06, -2.701492582285627e-06, -3.436675849369808e-06]
A2: [0.16665601380686276, -0.16667765727273193, -1.1523914437336373e-05, -1.068519813102701e-05] - [0.1665822285831809, 0.3332462517256705, -9.036949720718603e-05, -8.456486055030843e-05] - [0.16663106072603143, 0.8332966176828339, -3.7940330151788604e-05, -3.563699006822395e-05] - [9.729684904517616e-06, 1.0027049925026616e-05, 1.029653903593757e-05, 9.729681649969308e-06]
B1: 0.1667008391126427 - 0.6665856448180796 - 0.16657500516272344 - 5.141648644030229e-05
B2: 0.1666920937756632 - 0.6666963829920944 - 0.1667053865097356 - 2.621681655481879e-05
