Number: 1934
Error: 7.118695631449826e-06
A1: [-2.6990701313586357e-06, -2.9131077362645057e-06, -2.220215092671607e-06, -2.5407284681986263e-06] - [0.208335209137788, 0.3333328914677318, -0.04166536902344168, 2.572567699703082e-06] - [0.16666390468720593, 0.6666636613550013, 0.1666645374351446, -2.5668857382138492e-06] - [-3.6718146301624182e-06, -3.2779529332948467e-06, -2.8839079275839908e-06, -3.668680273211345e-06]
A2: [0.16665671908546334, -0.16667692356356043, -1.0779062585017978e-05, -9.982102002452648e-06] - [0.1665822468217951, 0.3332462932899203, -9.036451449862355e-05, -8.455518061337555e-05] - [0.16663009171332577, 0.8332956234149625, -3.897173288554124e-05, -3.660809971717722e-05] - [1.038447874673837e-05, 1.0701858487219155e-05, 1.0989488006157592e-05, 1.038447552627654e-05]
B1: 0.1666995359359692 - 0.6665810162712303 - 0.1665740934319435 - 5.132426816110034e-05
B2: 0.16669062344613195 - 0.6666941385824757 - 0.16670268912759395 - 2.479937656598482e-05
