Number: 483
Error: 2.86985176031965e-06
A1: [-3.3884650072090795e-06, -2.6744680212893807e-06, -1.7346889550075195e-06, -3.346885506544826e-06] - [0.2083216574399196, 0.33332429297431904, -0.0416720611778943, -1.1492734783648932e-05] - [0.166662633448304, 0.6666634098536828, 0.1666644651083284, -3.981961649103036e-06] - [-9.1063240601308e-07, -8.12734947278186e-07, -7.147756527167213e-07, -9.098524960434581e-07]
A2: [0.1666772026724604, -0.16665590597201657, 1.0895776796158237e-05, 1.0527437954832162e-05] - [0.16669446438657495, 0.33336165518300986, 2.853255023949953e-05, 2.776415061978761e-05] - [0.1666689606574467, 0.8333356314192536, 2.2381588077033272e-06, 2.285774562659938e-06] - [2.5989071652909743e-06, 2.678308570680091e-06, 2.7502600542412992e-06, 2.5989056797447234e-06]
B1: 0.16664859551105207 - 0.6666540951189004 - 0.16668745972854507 - -1.3176800740226347e-05
B2: 0.1666435120761992 - 0.666635601304321 - 0.16663147814570872 - -2.294087595024449e-05
