Number: 12
Error: 8.223892675538902e-06
A1: [3.6370877334276277e-06, 3.724227553329777e-06, 3.815712141311271e-06, 3.63438901788288e-06] - [0.2083510355957878, 0.33335113636372754, -0.041648743021078814, 1.7689340057848714e-05] - [0.16667183853263914, 0.6666718052118628, 0.16667177745980047, 5.16813714643103e-06] - [-1.3348543148195524e-08, -1.1615211148867504e-08, -9.880662552842606e-09, -1.333740668342419e-08]
A2: [0.16664565271291373, -0.1666884354443061, -2.246420796170201e-05, -2.101409196151414e-05] - [0.16658216946855978, 0.33324585750603225, -9.02155843032711e-05, -8.449771741949663e-05] - [0.1666454170291272, 0.8333113487058398, -2.2659530903798714e-05, -2.1249758946113064e-05] - [6.71659700682334e-08, 6.91796126975092e-08, 7.100139500988747e-08, 6.71659801033652e-08]
B1: 0.1667180062581555 - 0.6666520621133977 - 0.16658676314819373 - 5.071769705031197e-05
B2: 0.16671588544386254 - 0.6667314044063548 - 0.16674688252799857 - 4.922824360118893e-05
