Number: 594
Error: 7.870968441294669e-06
A1: [1.933427727759294e-06, 1.9431495435239067e-06, 2.2305486917982936e-06, 1.9792901811495696e-06] - [0.2083471137476846, 0.33334653720461177, -0.041652796898400825, 1.39815632097966e-05] - [0.1666696556377799, 0.6666695724069556, 0.16666983206919406, 3.0452440617110034e-06] - [-1.1212770474017825e-06, -1.0008006926041e-06, -8.802500805053284e-07, -1.1203169707462454e-06]
A2: [0.1666490019231567, -0.16668495418988305, -1.893334194785326e-05, -1.767529278473107e-05] - [0.1665821269704494, 0.3332459145757764, -9.034435154325296e-05, -8.458103438414134e-05] - [0.16664074537383394, 0.8333065543152354, -2.7633171480251407e-05, -2.5931411965598306e-05] - [3.191671475826169e-06, 3.289191463816127e-06, 3.377562603886176e-06, 3.1916696998573313e-06]
B1: 0.1667129275871911 - 0.6666309646991194 - 0.16658324601991395 - 5.1414388391774165e-05
B2: 0.16670651674484685 - 0.6667190802902331 - 0.16673318110532426 - 4.0111804241215626e-05
