Number: 1954
Error: 7.107627842419739e-06
A1: [-2.7702953488844778e-06, -2.9877972817611847e-06, -2.288977792789812e-06, -2.6102730086208613e-06] - [0.20833502303796023, 0.33333267887960877, -0.04166556609045153, 2.393872885591792e-06] - [0.16666381673617486, 0.6666635708890805, 0.16666445604275776, -2.6527630368075557e-06] - [-3.709879105804595e-06, -3.311937044889954e-06, -2.913810628081604e-06, -3.7067124003844756e-06]
A2: [0.1666568338751838, -0.16667680407328458, -1.0657703699636434e-05, -9.867670062658624e-06] - [0.16658224761846446, 0.33324629801558253, -9.0365674968578e-05, -8.455578701516187e-05] - [0.1666299325910191, 0.8332954601651859, -3.9141056903856115e-05, -3.676756579278595e-05] - [1.049182062234716e-05, 1.0812481413347394e-05, 1.110308474408298e-05, 1.0491817410646333e-05]
B1: 0.16669933783994126 - 0.6665802722710432 - 0.16657395797757837 - 5.1324701454095165e-05
B2: 0.1666903985876425 - 0.6666937721280551 - 0.16670223291179143 - 2.4583188031564607e-05
