Number: 1728
Error: 7.232768613362878e-06
A1: [-2.00377038194442e-06, -2.1842790863443546e-06, -1.5545870188388612e-06, -1.8627031991555434e-06] - [0.2083369716006094, 0.33333491808522764, -0.04166351094800159, 4.2589061001481856e-06] - [0.16666477185115222, 0.6666645522456879, 0.16666533269012815, -1.7210446086567226e-06] - [-3.2797369429266787e-06, -2.927902553588218e-06, -2.575896624274961e-06, -3.2769359583361066e-06]
A2: [0.16665552982723755, -0.1666781609135256, -1.2035317396826411e-05, -1.1167675071818324e-05] - [0.1665822201203406, 0.3332462269772294, -9.036929504836417e-05, -8.45674306181085e-05] - [0.1666317283348859, 0.8332973026536838, -3.722981943697267e-05, -3.4967937468109766e-05] - [9.27883426180119e-06, 9.562418379584752e-06, 9.819417255333706e-06, 9.278831003236184e-06]
B1: 0.16670170230899228 - 0.6665887988075054 - 0.16657560118345965 - 5.1445873951205045e-05
B2: 0.16669307243011 - 0.666697926498528 - 0.1667072755238757 - 2.715905669828214e-05
