Number: 776
Error: 7.766503625047612e-06
A1: [1.3122196444734165e-06, 1.2921665002406939e-06, 1.6352617502907354e-06, 1.3733522438127789e-06] - [0.20834552949823404, 0.3333447189178299, -0.04165446690898191, 1.2464598984837304e-05] - [0.16666888282617529, 0.6666687784518543, 0.1666691224493075, 2.2912810854434907e-06] - [-1.467717466707346e-06, -1.310109356739003e-06, -1.1524075872202026e-06, -1.4664612606941716e-06]
A2: [0.16665004882006176, -0.16668386488659623, -1.782740975332705e-05, -1.663165173373609e-05] - [0.1665821353251709, 0.33324595749893654, -9.035616926488485e-05, -8.458544554751611e-05] - [0.16663929573288971, 0.833305066894406, -2.9176075600104505e-05, -2.7384179882033308e-05] - [4.16870297848149e-06, 4.29608769441853e-06, 4.411523614103016e-06, 4.168700775156694e-06]
B1: 0.16671120062427633 - 0.6666242640629674 - 0.16658207832019054 - 5.149401373565417e-05
B2: 0.16670422895963308 - 0.6667155893735648 - 0.16672896397783793 - 3.790291039006701e-05
