Number: 2390
Error: 6.8670927990249575e-06
A1: [-4.308536367430694e-06, -4.600750651630216e-06, -3.771921344198973e-06, -4.1118899933213965e-06] - [0.20833102428018857, 0.33332810592647744, -0.041669797448197106, -1.443513516857566e-06] - [0.16666191402112748, 0.6666616141643551, 0.16666269792503116, -4.510286522899347e-06] - [-4.539667972869087e-06, -4.052774412133938e-06, -3.565677852376955e-06, -4.535796809941773e-06]
A2: [0.1666593371071489, -0.16667419849197887, -8.011511223484852e-06, -7.372237698487493e-06] - [0.16658226520830027, 0.33324640094462904, -9.039138299878622e-05, -8.45687850480364e-05] - [0.1666264629560936, 0.8332919005157636, -4.283316249409254e-05, -4.024469546240781e-05] - [1.2831771708597683e-05, 1.322395612311764e-05, 1.357938708060265e-05, 1.2831768911177474e-05]
B1: 0.16669497282224952 - 0.6665640043218881 - 0.16657095361351207 - 5.128750301208905e-05
B2: 0.16668545604115534 - 0.6666857878230872 - 0.1666923393006658 - 1.9829651033558785e-05
