Number: 1182
Error: 7.537170097621107e-06
A1: [-9.710181516235399e-08, -1.8521045095446885e-07, 2.8048966587619226e-07, -1.8832363023133647e-09] - [0.2083418996700862, 0.3333405605044227, -0.04165830106804796, 8.98495885580983e-06] - [0.16666713465325275, 0.6666669815033234, 0.16666751201147653, 5.851763338235612e-07] - [-2.240514718610775e-06, -2.000074520962863e-06, -1.7595026816154788e-06, -2.23859886247366e-06]
A2: [0.16665238637764093, -0.16668143234177393, -1.535738638489199e-05, -1.430135719097413e-05] - [0.16658216981919682, 0.3332460703956589, -9.036414409728558e-05, -8.457943032678292e-05] - [0.16663606762057717, 0.8333017547580235, -3.261174678451242e-05, -3.0619268432641965e-05] - [6.348131206437386e-06, 6.542133861000617e-06, 6.717943726934481e-06, 6.348128307097166e-06]
B1: 0.16670720396712416 - 0.6666091903254991 - 0.16657936475964177 - 5.1527594836013165e-05
B2: 0.16669938938414136 - 0.6667079907611518 - 0.16671966539959862 - 3.3239325831414256e-05
