Number: 1531
Error: 3.461627611372585e-06
A1: [-7.011605711455581e-06, -6.472337332923952e-06, -5.215154379572371e-06, -6.882057747946769e-06] - [0.2083123462806678, 0.33331362124241676, -0.04168189213044612, -2.0416285201733004e-05] - [0.1666581365816617, 0.6666587879322968, 0.1666603254518382, -8.370257246264458e-06] - [-2.904894001472509e-06, -2.5932453084138493e-06, -2.281437867050526e-06, -2.9024120127533802e-06]
A2: [0.16668323197027188, -0.16664963178410322, 1.7266502899058606e-05, 1.6537999860597167e-05] - [0.16669453155500333, 0.3333619237280367, 2.848846537472682e-05, 2.7757854117480463e-05] - [0.16666062188615907, 0.8333270755634388, -6.636676742148897e-06, -6.070992981540432e-06] - [8.224544752603288e-06, 8.475903808912027e-06, 8.70369615157103e-06, 8.224541544176786e-06]
B1: 0.16663836404281573 - 0.6666152515404514 - 0.16668050033869172 - -1.3005559664268273e-05
B2: 0.16663088564643289 - 0.6666158992224555 - 0.16660743521275487 - -3.511331141863651e-05
