Number: 1955
Error: 3.696219187462175e-06
A1: [-8.48823369859036e-06, -8.020547169677326e-06, -6.635855102514077e-06, -8.32308759304759e-06] - [0.20830853487905673, 0.3333092558385518, -0.04168592095370266, -2.4070831430192267e-05] - [0.16665630597126752, 0.6666569058581306, 0.1666586375899947, -1.0156936674811272e-05] - [-3.711675358632253e-06, -3.3135469320582866e-06, -2.9152339636130843e-06, -3.7085071175186315e-06]
A2: [0.16668567159673095, -0.16664709282044257, 1.984478439500851e-05, 1.8970046284826252e-05] - [0.16669456477213448, 0.33336203936423003, 2.847853397390091e-05, 2.7761346272235543e-05] - [0.16665725069520504, 0.833323616751055, -1.02243527558114e-05, -9.449466597995983e-06] - [1.0500236385547265e-05, 1.0821155457455806e-05, 1.1111992927538875e-05, 1.0500233172308999e-05]
B1: 0.1666340623671704 - 0.6665993827538408 - 0.16667753851307723 - -1.3098559968804713e-05
B2: 0.16662599753430204 - 0.6666081131776448 - 0.1665978550757886 - -3.981773886347739e-05
