Number: 791
Error: 3.0470233334484333e-06
A1: [-4.445861582400454e-06, -3.78253770350743e-06, -2.7487913603220477e-06, -4.378435093629304e-06] - [0.20831895156270078, 0.3333211899037956, -0.041674914464524294, -1.408472413906653e-05] - [0.16666131968930598, 0.6666620599927356, 0.16666325764479106, -5.2638179640056055e-06] - [-1.4967512504195028e-06, -1.3360342893520542e-06, -1.1752219804919903e-06, -1.4954702226751385e-06]
A2: [0.16667897092763873, -0.16665406596661972, 1.2763941541862464e-05, 1.2290186705164495e-05] - [0.16669446604841598, 0.3333617152189365, 2.849994780864873e-05, 2.7744222433859496e-05] - [0.16666650471515068, 0.8333331114968756, -3.756728365573898e-07, -1.75456105566636e-07] - [4.252371373354792e-06, 4.3823140555346525e-06, 4.500068156054993e-06, 4.2523691344784925e-06]
B1: 0.1666457511173302 - 0.6666428253354145 - 0.16668554456327395 - -1.2963994575081625e-05
B2: 0.1666396198125241 - 0.666629654103143 - 0.16662428170363422 - -2.6699715821342166e-05
