Number: 2631
Error: 4.067586420788322e-06
A1: [-1.0857262489331804e-05, -1.0504546819152929e-05, -8.917425573128422e-06, -1.0635349913135141e-05] - [0.20830239844591664, 0.333302232689504, -0.0416924109739671, -2.995713468496896e-05] - [0.1666533723911643, 0.6666538893607953, 0.1666559298273202, -1.302046834563638e-05] - [-4.9978851801137905e-06, -4.461879006920254e-06, -3.925662834565744e-06, -4.9936255990603e-06]
A2: [0.16668955259994783, -0.16664305331416776, 2.394712642195749e-05, 2.2838964538970592e-05] - [0.16669458835843526, 0.3333621947302039, 2.843413620777777e-05, 2.7737537896088587e-05] - [0.16665186954423578, 0.833318095956497, -1.5950541926805576e-05, -1.4842230664364689e-05] - [1.4128089751595374e-05, 1.4559899042068052e-05, 1.4951246515683348e-05, 1.4128087364879355e-05]
B1: 0.16662725321025537 - 0.6665741135870719 - 0.16667282750798734 - -1.3197913709619267e-05
B2: 0.16661828979164142 - 0.6665957387437551 - 0.16658257124213707 - -4.723261818718445e-05
