Number: 2380
Error: 6.872595789541444e-06
A1: [-4.272927435505298e-06, -4.563409685264357e-06, -3.7375437038715334e-06, -4.077121357788815e-06] - [0.2083311173178962, 0.3333282122083625, -0.041669698926257076, -1.354178206250806e-06] - [0.16666195799311773, 0.6666616593938173, 0.16666273861822534, -4.467351314663467e-06] - [-4.520636639402492e-06, -4.035783250542721e-06, -3.5507272007388932e-06, -4.5167816177820564e-06]
A2: [0.16665927978626172, -0.16667425816306256, -8.072116735993813e-06, -7.429379696309756e-06] - [0.1665822650893081, 0.3332463988609057, -9.039052436570681e-05, -8.456820246449983e-05] - [0.16662654258576878, 0.8332919822090645, -4.274843219070502e-05, -4.016489387707208e-05] - [1.2778105277479294e-05, 1.3168649312807772e-05, 1.3522593430328371e-05, 1.2778102465776478e-05]
B1: 0.16669507180228013 - 0.666564376450598 - 0.16657102168774848 - 5.1287222007888675e-05
B2: 0.16668556812267257 - 0.6666859706945094 - 0.16669256704468605 - 1.9937397452420594e-05
