Number: 318
Error: 8.033424773350255e-06
A1: [2.8834471623097675e-06, 2.9383897477360478e-06, 3.1413905910862385e-06, 2.906144886891849e-06] - [0.20834954729461916, 0.3333493260444142, -0.0416502325465949, 1.6313043626827148e-05] - [0.16667083515485692, 0.6666707841106269, 0.16667091599578568, 4.196169441679062e-06] - [-5.958895513577006e-07, -5.317233584711967e-07, -4.6751529982415235e-07, -5.953790787143007e-07]
A2: [0.16664742469446855, -0.16668659556159196, -2.0599791862285426e-05, -1.9247584018731725e-05] - [0.16658215549594918, 0.33324589143052336, -9.028384007289604e-05, -8.453315018891031e-05] - [0.1666429539419149, 0.8333088203857801, -2.52827800367536e-05, -2.3718102240215326e-05] - [1.7099771349910273e-06, 1.7622063942004643e-06, 1.8095338743445352e-06, 1.7099761351827352e-06]
B1: 0.1667152472443504 - 0.6666408581492571 - 0.1665847798815983 - 5.099454509336409e-05
B2: 0.16671017705312896 - 0.6667245879510099 - 0.16673981325266327 - 4.365247750586458e-05
