Number: 1821
Error: 3.6222335274767347e-06
A1: [-8.020576591041112e-06, -7.5302096640679785e-06, -6.1857564871306594e-06, -7.866681620271641e-06] - [0.20830974341668054, 0.33331063969656954, -0.04168464323064755, -2.291186943043985e-05] - [0.1666568855141176, 0.6666575017243355, 0.1666591721386871, -9.591278272570263e-06] - [-3.45670581108052e-06, -3.0859082353854007e-06, -2.7149334483352034e-06, -3.453754305976538e-06]
A2: [0.1666849010257516, -0.1666478947951125, 1.9030373173080245e-05, 1.8201870871102555e-05] - [0.16669455572878822, 0.3333620042449733, 2.848306757043665e-05, 2.7761697289352093e-05] - [0.16665831641503917, 0.8333247101581458, -9.090224400495354e-06, -8.381445061555697e-06] - [9.781051388076466e-06, 1.0079987500804906e-05, 1.0350900610462892e-05, 9.781048132747039e-06]
B1: 0.1666354197654348 - 0.6666043966341144 - 0.16667847423970103 - -1.307125019121258e-05
B2: 0.16662753623746174 - 0.6666105708385595 - 0.16660088301627513 - -3.833708735825817e-05
