Number: 1582
Error: 7.313914825306474e-06
A1: [-1.4741826762700532e-06, -1.6288640162631957e-06, -1.041902525240985e-06, -1.3453940392329653e-06] - [0.20833836894005295, 0.3333365109503006, -0.041662029232369856, 5.602150873974472e-06] - [0.16666542363427658, 0.6666652229297663, 0.16666593767493937, -1.0844098227295668e-06] - [-3.001859917810281e-06, -2.679812414214995e-06, -2.3576027979679515e-06, -2.9992953915315527e-06]
A2: [0.16665469287806942, -0.1666790322567416, -1.2920383917949784e-05, -1.2002012434777879e-05] - [0.16658221625453642, 0.3332461942257159, -9.035928953214444e-05, -8.456105439411125e-05] - [0.16663288985989483, 0.8332984942863458, -3.599386928787411e-05, -3.3803903191752496e-05] - [8.495195413287384e-06, 8.754826478082195e-06, 8.990115909609764e-06, 8.49519218539219e-06]
B1: 0.16670311513718436 - 0.6665941965443433 - 0.1665765561347192 - 5.1409379427055295e-05
B2: 0.16669468628277367 - 0.6667006040217311 - 0.16671063996080773 - 2.8709620959465284e-05
