Number: 2303
Error: 3.887774858781859e-06
A1: [-9.708390778092142e-06, -9.299925373459866e-06, -7.811056229729464e-06, -9.5140206254188e-06] - [0.2083053735052287, 0.33330563785680095, -0.04168926460994369, -2.710343662973115e-05] - [0.16665479518070325, 0.6666553523494632, 0.16665724298892207, -1.1631665182575028e-05] - [-4.3738182042245e-06, -3.90471114817436e-06, -3.4354040454242952e-06, -4.370087723478978e-06]
A2: [0.16668767043489288, -0.1666450123788946, 2.1957577937850355e-05, 2.0962663186345782e-05] - [0.16669458054106223, 0.33336212298734347, 2.8459329038352927e-05, 2.7752717294578756e-05] - [0.1666544814423459, 0.8333207756121778, -1.3171225992372009e-05, -1.2224697461730101e-05] - [1.2367887922271416e-05, 1.274589437997796e-05, 1.3088474539207614e-05, 1.2367885006635939e-05]
B1: 0.16663055628409043 - 0.6665863762566723 - 0.1666751181586754 - -1.3150434748153284e-05
B2: 0.1666220283515402 - 0.6666017397827491 - 0.16658998200728772 - -4.3636159601046626e-05
