Number: 1040
Error: 7.616986697053271e-06
A1: [4.0420765882139826e-07, 3.404034348771489e-07, 7.637246120562446e-07, 4.874966377233657e-07] - [0.2083432031148559, 0.33334205083743246, -0.04165692212882751, 1.0235842667793572e-05] - [0.16666775460696984, 0.6666676190196471, 0.1666680847999946, 1.1904087176601654e-06] - [-1.970231647661563e-06, -1.7587622978366053e-06, -1.547173772886036e-06, -1.9685463598468326e-06]
A2: [0.16665156976755624, -0.16668228226314177, -1.6220507686572117e-05, -1.5115427006916842e-05] - [0.16658215941692375, 0.3332460323104016, -9.036021902834561e-05, -8.457987186747728e-05] - [0.16663719654634818, 0.8333029130303062, -3.141030812371888e-05, -2.948790258885946e-05] - [5.5858854528457754e-06, 5.756588807111725e-06, 5.911282903223681e-06, 5.585882755839253e-06]
B1: 0.16670859547372122 - 0.666614455571298 - 0.16658030656731918 - 5.1509484985977116e-05
B2: 0.16670103509344228 - 0.666710627796555 - 0.166722924859388 - 3.482348165173011e-05
