Number: 903
Error: 3.1104947479889794e-06
A1: [-4.840643686411177e-06, -4.1964097089797006e-06, -3.1291578486290253e-06, -4.763808578599986e-06] - [0.20831792599805982, 0.3333200172561963, -0.04167599893299886, -1.5068835379666296e-05] - [0.16666083146456043, 0.6666615579815619, 0.16666280675368952, -5.740432056045642e-06] - [-1.7098817064011445e-06, -1.5263208764090284e-06, -1.3426535760531895e-06, -1.7084186417438127e-06]
A2: [0.16667961406789017, -0.16665339659601577, 1.344369146015737e-05, 1.2931324697234545e-05] - [0.1666944700621587, 0.33336174089984427, 2.849237451328922e-05, 2.774038533940222e-05] - [0.16666561319660714, 0.8333321967931269, -1.3244493304603306e-06, -1.0688977569857667e-06] - [4.853607345298394e-06, 5.0019279047150025e-06, 5.136337139861894e-06, 4.853604882233986e-06]
B1: 0.16664468849081115 - 0.6666387038668841 - 0.16668482959768705 - -1.2914850690063062e-05
B2: 0.16663828991790589 - 0.666627544473932 - 0.16662168333140936 - -2.798109434731066e-05
