Number: 1811
Error: 3.6167045753437647e-06
A1: [-7.984960103885548e-06, -7.4928604716774105e-06, -6.151370113114797e-06, -7.831905463110797e-06] - [0.20830983649180837, 0.33331074601691724, -0.04168454466937711, -2.2822496755751662e-05] - [0.166656929487585, 0.6666575469565269, 0.1666592128354128, -9.54834166439824e-06] - [-3.4376781501054788e-06, -3.0689202136188396e-06, -2.6999856431100983e-06, -3.434742824634317e-06]
A2: [0.1666848436329377, -0.16664795453748305, 1.8969696387302205e-05, 1.8144656825650223e-05] - [0.16669455533787145, 0.33336200189247034, 2.8483657698273425e-05, 2.7762007417422548e-05] - [0.166658395974861, 0.8333247917823363, -9.005563296851308e-06, -8.301713480016225e-06] - [9.727379747471077e-06, 1.0024675306089088e-05, 1.029410150263368e-05, 9.727376490624616e-06]
B1: 0.16663551864864712 - 0.6666047684714939 - 0.1666785418157598 - -1.3071629834528333e-05
B2: 0.1666276487388839 - 0.6666107541519216 - 0.1666011112437639 - -3.822891792785452e-05
