Number: 1501
Error: 3.444964362660486e-06
A1: [-6.904739233713685e-06, -6.360273300966265e-06, -5.111979824998535e-06, -6.777712353647641e-06] - [0.20831262556594343, 0.33331394026034933, -0.04168159639392156, -2.014810753519321e-05] - [0.1666582685170836, 0.6666589236432008, 0.16666044755469306, -8.241432579965065e-06] - [-2.8478092454773556e-06, -2.5422794845028516e-06, -2.2365930885522534e-06, -2.8453758632841335e-06]
A2: [0.16668305967790467, -0.1666498111245471, 1.7084360125906588e-05, 1.6366243800511638e-05] - [0.16669452996335757, 0.3333619162552353, 2.8489824648469375e-05, 2.7758365524000432e-05] - [0.1666608604641291, 0.8333273203355345, -6.382792967387277e-06, -5.831899784893958e-06] - [8.063520552384877e-06, 8.309957646121268e-06, 8.533289112745849e-06, 8.063517359578303e-06]
B1: 0.16663865980938594 - 0.6666163658860006 - 0.16668070157267437 - -1.300758817767988e-05
B2: 0.1666312246016712 - 0.666616450652726 - 0.166608121422905 - -3.4787351887519846e-05
