Number: 221
Error: 2.7135000553574003e-06
A1: [-2.5250895958869276e-06, -1.7705651880497208e-06, -9.133007285882562e-07, -2.5054624050303804e-06] - [0.2083238123748362, 0.3333267755539189, -0.04166980131247575, -9.434537644891205e-06] - [0.16666371380492015, 0.6666645183948237, 0.16666544998590963, -2.9287084034520646e-06] - [-4.120437253917765e-07, -3.675817215007346e-07, -3.230899741529597e-07, -4.116907193602945e-07]
A2: [0.16667570572548668, -0.16665746331129422, 9.315109190547478e-06, 9.035175287453068e-06] - [0.1666945028201266, 0.33336164611226177, 2.8604336093393282e-05, 2.782095008576836e-05] - [0.1666710624402632, 0.8333377880583948, 4.475080803154444e-06, 4.392055760047222e-06] - [1.192298932056355e-06, 1.2287045743890398e-06, 1.2616924944190026e-06, 1.1922982345390746e-06]
B1: 0.16665073559619378 - 0.6666634416176775 - 0.16668888772622895 - -1.3636949571560193e-05
B2: 0.1666472623135613 - 0.6666409841768112 - 0.1666378006664143 - -1.9304140797915377e-05
