Number: 2197
Error: 3.829538621445985e-06
A1: [-9.345282908749375e-06, -8.919258914883796e-06, -7.462601032262186e-06, -9.159806027845415e-06] - [0.20830630202835912, 0.33330670352981323, -0.041688284425152294, -2.6214102869138866e-05] - [0.16665524672651671, 0.6666558164223652, 0.1666576581757773, -1.1191095282229411e-05] - [-4.172132660028395e-06, -3.7246452290680527e-06, -3.2769619347026866e-06, -4.168573341463396e-06]
A2: [0.16668706035836878, -0.16664564723922162, 2.131293916184325e-05, 2.035448170439518e-05] - [0.1666945727660923, 0.33336209473342343, 2.8462595671367808e-05, 2.7752374232423914e-05] - [0.16665532471419553, 0.8333216408030314, -1.2273804409485365e-05, -1.1379604592067461e-05] - [1.1799023168088992e-05, 1.215964149079113e-05, 1.248646125142863e-05, 1.1799020133018537e-05]
B1: 0.16663165200059118 - 0.6665903650995522 - 0.16667588187575752 - -1.310682785980773e-05
B2: 0.16662326551609846 - 0.6666036826247589 - 0.16659235353601376 - -4.244491971489439e-05
