Number: 1194
Error: 7.530453135266159e-06
A1: [-1.3506913865765867e-07, -2.2498582540609396e-07, 2.445413157764463e-07, -3.884664186362849e-08] - [0.20834180722607418, 0.33334045325716094, -0.041658397912110054, 8.896939654649332e-06] - [0.16666708670533267, 0.6666669323197638, 0.16666746854620662, 5.38468204174567e-07] - [-2.263356182225644e-06, -2.020467794246624e-06, -1.77744675049991e-06, -2.2614208476495713e-06]
A2: [0.1666524561526596, -0.16668135978818535, -1.528375573673147e-05, -1.4231796843515745e-05] - [0.16658217272394749, 0.3332460755446549, -9.036264583458518e-05, -8.457736733900248e-05] - [0.16663597246498552, 0.8333016571113181, -3.2713053226550104e-05, -3.0714630233342474e-05] - [6.4125454082747576e-06, 6.608516992392871e-06, 6.786111280911066e-06, 6.412542493913561e-06]
B1: 0.16670707110702268 - 0.6666087308142403 - 0.16657927131172326 - 5.151384532591924e-05
B2: 0.16669923603327857 - 0.6667077673391948 - 0.16671940382928035 - 3.3091177043990524e-05
