Number: 329
Error: 2.7788537885606217e-06
A1: [-2.870108528582968e-06, -2.131587023823537e-06, -1.2396055434170844e-06, -2.8414427236247483e-06] - [0.2083229681207289, 0.33332579904539306, -0.041670683209567294, -1.0238957422390635e-05] - [0.16666327957726165, 0.6666640732462619, 0.1666650565110404, -3.351774229909268e-06] - [-6.175689581876988e-07, -5.510805684276149e-07, -4.845487835705335e-07, -6.170399029030646e-07]
A2: [0.16667632232574475, -0.1666568219649304, 9.965924049864841e-06, 9.649844531918707e-06] - [0.1666944821674933, 0.333361644573891, 2.856901023779079e-05, 2.779272653453168e-05] - [0.16667019411867584, 0.8333368970390357, 3.550887084406909e-06, 3.521879849275142e-06] - [1.772130455356718e-06, 1.8262598075194952e-06, 1.8753091818723652e-06, 1.7721294178313667e-06]
B1: 0.1666498845264267 - 0.6666596138849222 - 0.1666883180660051 - -1.3416246264079558e-05
B2: 0.16664562665836524 - 0.6666387099076911 - 0.16663517554705717 - -2.089300680943712e-05
