Number: 1595
Error: 3.497185279803669e-06
A1: [-7.253958495857858e-06, -6.726586306641088e-06, -5.451247012307711e-06, -7.1190184730938745e-06] - [0.20831169259167656, 0.33331287953558225, -0.041682587424077835, -2.1046222580186014e-05] - [0.16665784059728977, 0.6666584830767319, 0.16666004880998977, -8.659591487087136e-06] - [-3.0266733288045115e-06, -2.7019704873209043e-06, -2.3771045166117174e-06, -3.0240876698432616e-06]
A2: [0.1666835970543317, -0.16664925154227517, 1.765285187030363e-05, 1.6901939904771116e-05] - [0.16669452846668711, 0.33336193350787874, 2.8479744558528624e-05, 2.7750279671503956e-05] - [0.166660112159519, 0.833326552661892, -7.178974618279647e-06, -6.581818690492207e-06] - [8.568067512788247e-06, 8.829926872391678e-06, 9.067235900134469e-06, 8.568064277805472e-06]
B1: 0.16663777968479182 - 0.6666129187031782 - 0.1666801132875676 - -1.2954583320599843e-05
B2: 0.1666302122891142 - 0.6666147277820834 - 0.16660592896502635 - -3.575894833108534e-05
