Number: 792
Error: 7.757413027227364e-06
A1: [1.2694998764539896e-06, 1.2474915973024766e-06, 1.5961453291824698e-06, 1.33196351088677e-06] - [0.20834543810579637, 0.3333446096194757, -0.0416545605044345, 1.2379075900226521e-05] - [0.16666882689928048, 0.6666687213362847, 0.16666907341750642, 2.2369996977351102e-06] - [-1.498175330723903e-06, -1.3373030076476821e-06, -1.1763353910640613e-06, -1.4968931022741932e-06]
A2: [0.16665014300786804, -0.1666837670678405, -1.772823171006019e-05, -1.653775015824009e-05] - [0.16658214187140497, 0.33324596683280483, -9.035191453451221e-05, -8.458002160845373e-05] - [0.16663916904420722, 0.8333049368558085, -2.9311022657397823e-05, -2.7511143472865703e-05] - [4.254594427668872e-06, 4.384604579544601e-06, 4.5024198126485305e-06, 4.254592190113316e-06]
B1: 0.1667110056828785 - 0.666623634046089 - 0.16658193687782666 - 5.1457863326053555e-05
B2: 0.1667039905532226 - 0.6667152822462807 - 0.16672863207209343 - 3.767144027179076e-05
