Number: 3071
Error: 4.307636122822298e-06
A1: [-1.2376137910568305e-05, -1.2096951446397363e-05, -1.037678072188207e-05, -1.2117301024141912e-05] - [0.20829849722769445, 0.3332977595370336, -0.04169653193572644, -3.369564090427069e-05] - [0.16665148629728063, 0.6666519506045768, 0.1666541933033976, -1.4860995408308856e-05] - [-5.8350186380961e-06, -5.209270925548109e-06, -4.583306938108643e-06, -5.83005053970408e-06]
A2: [0.16669207819757292, -0.1666404247534484, 2.661638267759702e-05, 2.5356696089185014e-05] - [0.1666945971831024, 0.3333622888060711, 2.839766423304463e-05, 2.7715511051203852e-05] - [0.16664836407991362, 0.8333144995377119, -1.9680714812526412e-05, -1.835525539328814e-05] - [1.6489152556818104e-05, 1.6993130492526068e-05, 1.7449894743418613e-05, 1.6489151258134494e-05]
B1: 0.16662275780877045 - 0.6665575943027612 - 0.16666967957333179 - -1.3326257375373862e-05
B2: 0.16661320790163547 - 0.6665876912290729 - 0.16657270588447634 - -5.2123871842524826e-05
