Number: 916
Error: 7.686997057179953e-06
A1: [8.367375771482132e-07, 7.938406451984953e-07, 1.1798378259836115e-06, 9.096140469343833e-07] - [0.20834432018809354, 0.33334332983994475, -0.04165574167040397, 1.1307037562539073e-05] - [0.166668290656337, 0.6666681700885174, 0.16666857902747012, 1.7136076399693668e-06] - [-1.7342052185242176e-06, -1.548034352691598e-06, -1.3617559149594787e-06, -1.732721400383233e-06]
A2: [0.16665085608100758, -0.1666830249808115, -1.697469287848288e-05, -1.5826895288566658e-05] - [0.16658214935871946, 0.33324599824985535, -9.035742114139367e-05, -8.458123211376798e-05] - [0.16663818246304635, 0.8333039246014099, -3.0361015318420546e-05, -2.8499855217849913e-05] - [4.920246875872698e-06, 5.070603853734753e-06, 5.206858609324475e-06, 4.920244391822242e-06]
B1: 0.16670981218728026 - 0.6666190553812735 - 0.16658113129554425 - 5.149528005347483e-05
B2: 0.16670250375888496 - 0.6667129456823168 - 0.16672576887353735 - 3.623839627240851e-05
