Number: 128
Error: 8.150200927229127e-06
A1: [3.4954876039702693e-06, 3.578700311849924e-06, 3.7207390224310645e-06, 3.502278886987457e-06] - [0.20835105222278566, 0.3333510641894738, -0.04164866031132112, 1.7747872664722363e-05] - [0.1666716040793736, 0.6666715723765255, 0.1666716134792307, 4.945452085183172e-06] - [-2.3418928419311761e-07, -2.0878748398805772e-07, -1.8336837519259548e-07, -2.3398873156748774e-07]
A2: [0.1666463443752131, -0.1666877193735461, -2.174021782572414e-05, -2.0324504299547363e-05] - [0.16658220887903377, 0.3332459114072274, -9.02041960357295e-05, -8.446644083118562e-05] - [0.1666444857601149, 0.8333103922075585, -2.3652522618649857e-05, -2.2183020106349078e-05] - [6.899551960230451e-07, 7.110055354198468e-07, 7.300783949682744e-07, 6.899548108264335e-07]
B1: 0.16671661952374295 - 0.6666474797889218 - 0.16658568207574734 - 5.048132391789895e-05
B2: 0.16671312563135254 - 0.6667286747869112 - 0.16674453226644445 - 4.651869800405456e-05
