Number: 227
Error: 2.7171441686298066e-06
A1: [-2.5323042111005466e-06, -1.777993049118717e-06, -9.181243140846623e-07, -2.5121863299673838e-06] - [0.20832381361917596, 0.33332677217131174, -0.041669796719438296, -9.431126406115211e-06] - [0.1666637017657708, 0.66666450643151, 0.1666654415756604, -2.940139018959685e-06] - [-4.234613393558022e-07, -3.777759461357749e-07, -3.3206003499643954e-07, -4.230985502819547e-07]
A2: [0.1666757419023011, -0.16665742586336824, 9.352974041774929e-06, 9.071244737493121e-06] - [0.16669450651712067, 0.3333616505946907, 2.8606650137046307e-05, 2.782422614060247e-05] - [0.16667101469293974, 0.8333377390152692, 4.424157882469451e-06, 4.344205338594734e-06] - [1.224506135437065e-06, 1.2618962613136618e-06, 1.2957763299603267e-06, 1.2245054184891436e-06]
B1: 0.16665065226886314 - 0.666663194309451 - 0.16668882280715414 - -1.3660769714064189e-05
B2: 0.16664712816660984 - 0.6666408518322693 - 0.16663768817352959 - -1.9435685860842085e-05
