Number: 2277
Error: 3.873527207602061e-06
A1: [-9.630180177477617e-06, -9.218017403597361e-06, -7.737658264329803e-06, -9.43798098125814e-06] - [0.20830555754492314, 0.33330585308233035, -0.04168907280667484, -2.6928967525374936e-05] - [0.16665489497109975, 0.6666554545965141, 0.16665733262942345, -1.1534556469706316e-05] - [-4.324347189889729e-06, -3.8605427055048815e-06, -3.3965391570773164e-06, -4.320658685902367e-06]
A2: [0.16668751896158343, -0.16664516983964564, 2.179781546875449e-05, 2.0811654778940253e-05] - [0.16669457386430775, 0.33336211152828366, 2.845585679498011e-05, 2.774786378155559e-05] - [0.16665468773843453, 0.8333209873136971, -1.2951587670542497e-05, -1.2017954626691909e-05] - [1.222836188803722e-05, 1.2602103528420602e-05, 1.2940818090949338e-05, 1.2228358940763924e-05]
B1: 0.1666308607435006 - 0.6665873887880733 - 0.16667533806907509 - -1.3104008894810048e-05
B2: 0.16662236867569166 - 0.6666022193663558 - 0.16659053104107188 - -4.3307103259476474e-05
