Number: 1186
Error: 7.534950567763919e-06
A1: [-1.0176907516575945e-07, -1.9003161296998718e-07, 2.773927980928835e-07, -6.223506547132857e-09] - [0.20834190103181024, 0.3333405587387548, -0.041658297559612624, 8.98776472540046e-06] - [0.1666671267448907, 0.6666669736365045, 0.16666750650401405, 5.776735114656747e-07] - [-2.2481300676274405e-06, -2.0068738921463397e-06, -1.7654857361582694e-06, -2.2462077170863115e-06]
A2: [0.16665241100043215, -0.16668140686031768, -1.5331616932251415e-05, -1.4276805958539474e-05] - [0.16658217434674402, 0.3332460754931774, -9.036045101762353e-05, -8.457518337155628e-05] - [0.16663603631718532, 0.8333017226027338, -3.26451447227377e-05, -3.065064056129214e-05] - [6.36960251549378e-06, 6.564261485948424e-06, 6.7406661654661016e-06, 6.3695996111161845e-06]
B1: 0.16670713341946775 - 0.6666090120734219 - 0.16657930970763105 - 5.149672914393064e-05
B2: 0.1666993110166643 - 0.6667079139452374 - 0.16671960214065049 - 3.3162693006605476e-05
