Number: 2732
Error: 6.6793434130115124e-06
A1: [-5.497584883897402e-06, -5.847415107170892e-06, -4.915624129247243e-06, -5.272228467024428e-06] - [0.20832795828161696, 0.333324593490164, -0.04167303799175818, -4.383002393094117e-06] - [0.16666043926478963, 0.6666600980359358, 0.1666613385633576, -5.949613851692569e-06] - [-5.190535589501346e-06, -4.633868753808253e-06, -4.076989884022878e-06, -5.186112834699393e-06]
A2: [0.16666130126995332, -0.16667215419890374, -5.9355166695436964e-06, -5.414192908201524e-06] - [0.1665822778162281, 0.3332464800990643, -9.041353078308299e-05, -8.45801715865425e-05] - [0.16662374006250455, 0.8332891069677735, -4.573065831048711e-05, -4.2973468730572406e-05] - [1.4667101280504615e-05, 1.511538469360709e-05, 1.5521664701393864e-05, 1.4667099106254552e-05]
B1: 0.1666914971911392 - 0.6665511882090348 - 0.16656853706679095 - 5.1206469652562904e-05
B2: 0.16668152726792076 - 0.6666795277405891 - 0.16668463921080304 - 1.6049143946355657e-05
