Number: 1612
Error: 7.297233303205735e-06
A1: [-1.5810339652553703e-06, -1.7409116871852472e-06, -1.1450592813643667e-06, -1.4497242087882357e-06] - [0.20833808974397683, 0.33333619202332787, -0.04166232487475121, 5.3340625916168465e-06] - [0.16666529169549132, 0.6666650872190348, 0.1666658155760134, -1.2132378070032172e-06] - [-3.0589587519249492e-06, -2.730790677384949e-06, -2.4024584788313703e-06, -3.0563456247076204e-06]
A2: [0.16665486521925552, -0.1666788528649124, -1.2738189801715735e-05, -1.1830207921924402e-05] - [0.1665822180355147, 0.33324620189806536, -9.036044943092798e-05, -8.456137792774504e-05] - [0.1666326513194595, 0.833298249554046, -3.624771358333142e-05, -3.4042959220179656e-05] - [8.656218848675569e-06, 8.920771833016915e-06, 9.160522137284542e-06, 8.656215610615221e-06]
B1: 0.16670281834164097 - 0.6665930812993554 - 0.1665763541668008 - 5.141038602224147e-05
B2: 0.16669434780187195 - 0.6667000531165596 - 0.16670995438392044 - 2.8384144680264112e-05
