Number: 2250
Error: 6.944202333435043e-06
A1: [-3.8100006796681197e-06, -4.07796648039317e-06, -3.290624201473827e-06, -3.625118544254844e-06] - [0.20833232684441502, 0.333329593908194, -0.041668418107902824, -1.9278308412197203e-07] - [0.1666625296388082, 0.6666622473863869, 0.16666326763808517, -3.909183966350396e-06] - [-4.2732274244908755e-06, -3.814896291264428e-06, -3.3563672732311446e-06, -4.269582307551091e-06]
A2: [0.16665853447482043, -0.1666750340269825, -8.860127762667694e-06, -8.172365573919158e-06] - [0.16658226301769075, 0.33324637124926587, -9.037988303948967e-05, -8.456115368031964e-05] - [0.16662757764332337, 0.8332930440942368, -4.164706551915441e-05, -3.9127601543633854e-05] - [1.208043241856112e-05, 1.2449651223963698e-05, 1.278426628707245e-05, 1.2080429441677571e-05]
B1: 0.1666963583553584 - 0.6665692135709523 - 0.16657190568940022 - 5.128337441898005e-05
B2: 0.1666870261329199 - 0.6666883489974234 - 0.16669552871464827 - 2.1339051655647215e-05
