Number: 1353
Error: 3.3626652370879085e-06
A1: [-6.3966602407453575e-06, -5.827632389765154e-06, -4.624273233495247e-06, -6.282052483304465e-06] - [0.2083139263158607, 0.33331543267712127, -0.041680223179516085, -1.8902081617829865e-05] - [0.16665890006300382, 0.6666595727239731, 0.1666610284106358, -7.625214775507585e-06] - [-2.5661876109197764e-06, -2.290844037153672e-06, -2.0153548145561894e-06, -2.5639941214502087e-06]
A2: [0.16668220634923023, -0.16665069905941568, 1.6182774214343343e-05, 1.5515561050984364e-05] - [0.16669451328596804, 0.33336187100174836, 2.8488606168940593e-05, 2.775206361631862e-05] - [0.16666203639432883, 0.8333285268780511, -5.13124153303978e-06, -4.653427745100541e-06] - [7.269130848058688e-06, 7.491286106253436e-06, 7.692610641569875e-06, 7.269127761807901e-06]
B1: 0.1666401785378044 - 0.6666219199375352 - 0.16668174788531165 - -1.2957936618255344e-05
B2: 0.16663296576930378 - 0.6666191803688797 - 0.16661145308919975 - -3.3110300984635964e-05
