Number: 3002
Error: 6.531659674456291e-06
A1: [-6.435007457753984e-06, -6.8302482280694265e-06, -5.81710026817506e-06, -6.1869871910916354e-06] - [0.20832554295672512, 0.3333218260079398, -0.04167559053935563, -6.698458048393115e-06] - [0.16665927629821747, 0.6666589024801016, 0.16666026683477955, -7.084612928982342e-06] - [-5.704362693076562e-06, -5.092611949105136e-06, -4.480645496808932e-06, -5.6995050841278194e-06]
A2: [0.16666285064688224, -0.16667054157571443, -4.297876922505547e-06, -3.869645974571715e-06] - [0.16658228266052866, 0.33324653744690225, -9.04361830597609e-05, -8.45942710414177e-05] - [0.16662158907968028, 0.8332869002013744, -4.801949230253664e-05, -4.512909388711883e-05] - [1.611596100770531e-05, 1.6608530367560956e-05, 1.7054953125194424e-05, 1.6115959510503753e-05]
B1: 0.16668875349671616 - 0.6665410666113858 - 0.16656662140504466 - 5.1142647058305895e-05
B2: 0.16667842554257803 - 0.6666745895198869 - 0.16667856837973452 - 1.3064473783224183e-05
