Number: 2999
Error: 4.268433315924956e-06
A1: [-1.2124550849052996e-05, -1.1833161821236617e-05, -1.0134591724176478e-05, -1.1871758924725612e-05] - [0.20829914787350956, 0.33329850446073767, -0.04169584395317841, -3.307163214667761e-05] - [0.16665179800597824, 0.6666522711036729, 0.16665448088418752, -1.4556745803377652e-05] - [-5.698036145277763e-06, -5.086973482986399e-06, -4.475695019065407e-06, -5.693183887445758e-06]
A2: [0.1666916656757387, -0.16664085414893415, 2.6180300656408536e-05, 2.4945461405326916e-05] - [0.16669459800217665, 0.33336227560800086, 2.8405755884070596e-05, 2.7721378587858967e-05] - [0.1666489380813655, 0.8333150884144945, -1.9069959777994558e-05, -1.778001672812188e-05] - [1.6102808648786173e-05, 1.659497755983194e-05, 1.704103740195168e-05, 1.6102807142402793e-05]
B1: 0.16662348270275387 - 0.6665602878352717 - 0.16667018622405375 - -1.3315970236519114e-05
B2: 0.16661402840684544 - 0.6665890065130249 - 0.16657432865231003 - -5.1334561139452755e-05
