Number: 2084
Error: 7.035762850324931e-06
A1: [-3.2332457324067995e-06, -3.4732659773301523e-06, -2.7359226731186404e-06, -3.062299088402713e-06] - [0.20833381343577365, 0.3333312971017901, -0.04166684698403135, 1.2324030293946014e-06] - [0.16666324506675598, 0.6666629828724651, 0.16666392700265475, -3.2109533842519556e-06] - [-3.9572961768103605e-06, -3.5328317719841685e-06, -3.1081766152538635e-06, -3.953919279123763e-06]
A2: [0.16665757986614352, -0.16667602752846591, -9.869012269733721e-06, -9.124004674961464e-06] - [0.16658225226593631, 0.3332463282037839, -9.037374351964033e-05, -8.456025959455492e-05] - [0.16662889816663926, 0.8332943989129442, -4.024179105884613e-05, -3.780422472814299e-05] - [1.1189532906345048e-05, 1.1531520204087982e-05, 1.1841453167334037e-05, 1.1189529773561177e-05]
B1: 0.16669804979127853 - 0.6665754354781502 - 0.16657307631711646 - 5.132708582243582e-05
B2: 0.1666889381909121 - 0.6666913913884418 - 0.16669926875277466 - 2.3179146260664702e-05
