Number: 2095
Error: 3.7734012315374404e-06
A1: [-8.986824569602773e-06, -8.54339640808279e-06, -7.1172268669206495e-06, -8.809914134278507e-06] - [0.20830723196562612, 0.33330776748701285, -0.04168730068699261, -2.5321911280879248e-05] - [0.1666556903789235, 0.6666562726424352, 0.166658067866485, -1.0758013556136324e-05] - [-3.978056791874084e-06, -3.551373467918224e-06, -3.124498751513019e-06, -3.974662254490323e-06]
A2: [0.16668647466669193, -0.16664625685598222, 2.0693832579841346e-05, 1.977061349390599e-05] - [0.16669456864169363, 0.3333620707026726, 2.846868476822739e-05, 2.7755400935888664e-05] - [0.1666561364663386, 0.8333224736230532, -1.1409995617702474e-05, -1.0566100270960958e-05] - [1.1251609384802208e-05, 1.1595495242710568e-05, 1.1907149057518598e-05, 1.1251606258639158e-05]
B1: 0.16663267677564425 - 0.6665941746937687 - 0.16667658885813738 - -1.3094493967272136e-05
B2: 0.16662442603500477 - 0.6666055504020834 - 0.16659466359056604 - -4.132858945381564e-05
