Number: 2938
Error: 6.5666138364623256e-06
A1: [-6.216711651508044e-06, -6.601408195428309e-06, -5.607764183419592e-06, -5.974059755339217e-06] - [0.2083260997388649, 0.33332246538040833, -0.04167500299713144, -6.165333402226968e-06] - [0.16665954801472815, 0.6666591816997597, 0.16666051648186953, -6.8195218501731055e-06] - [-5.582566717321248e-06, -4.983872813014747e-06, -4.384963795799053e-06, -5.577812137190066e-06]
A2: [0.1666624828394451, -0.16667092434154554, -4.686537904957368e-06, -4.236308523630375e-06] - [0.16658228022527585, 0.3332465226538388, -9.043192184202073e-05, -8.45922158580071e-05] - [0.16662209885083637, 0.8332874232058571, -4.747702365073832e-05, -4.461822228758634e-05] - [1.5772534429489582e-05, 1.6254606593694735e-05, 1.6691514127048866e-05, 1.5772532757045952e-05]
B1: 0.16668941633728512 - 0.6665434780332242 - 0.16656708749396 - 5.117027491632892e-05
B2: 0.16667917375372718 - 0.6666757608657685 - 0.16667999534380465 - 1.3784937690030009e-05
