Number: 2888
Error: 6.593962902652118e-06
A1: [-6.038675351747884e-06, -6.414713662863756e-06, -5.435886866720452e-06, -5.8002246962009465e-06] - [0.20832656490407772, 0.3333229967625549, -0.04167451041517437, -5.718679556301335e-06] - [0.1666597678649771, 0.6666594078366413, 0.16666071993950657, -6.604855016875829e-06] - [-5.487415368647312e-06, -4.898922259272303e-06, -4.310214620407608e-06, -5.4827412985534705e-06]
A2: [0.16666219672947974, -0.1666712222009342, -4.989069236295895e-06, -4.521524047580063e-06] - [0.1665822815128002, 0.33324651412070766, -9.042574356603533e-05, -8.458742021469545e-05] - [0.16662249746304267, 0.8332878321366716, -4.705290753688861e-05, -4.421875037749674e-05] - [1.5504229365723323e-05, 1.59781005107212e-05, 1.6407574242325637e-05, 1.5504227562810127e-05]
B1: 0.16668990939113373 - 0.666545338171218 - 0.1665674288311404 - 5.116704643757008e-05
B2: 0.16667973312798637 - 0.6666766741737901 - 0.16668113299578655 - 1.432263567413116e-05
