Number: 1431
Error: 3.406105649061831e-06
A1: [-6.679338520752918e-06, -6.1240917106324365e-06, -4.897886697773692e-06, -6.558171240398656e-06] - [0.2083131807549884, 0.33331458273452996, -0.04168101366551097, -1.9618743905472024e-05] - [0.16665855216003495, 0.6666592147342771, 0.1666607055325513, -7.965024941025915e-06] - [-2.7146095728028142e-06, -2.4233566214498427e-06, -2.131952114789401e-06, -2.7122896337044856e-06]
A2: [0.1666826535611612, -0.16665023348375105, 1.6655676760107785e-05, 1.5961378616723702e-05] - [0.16669451551887443, 0.33336188862373056, 2.8483369223922044e-05, 2.7748828811770943e-05] - [0.16666141589729166, 0.8333278902869009, -5.7915112842833836e-06, -5.275264282197922e-06] - [7.687806397715471e-06, 7.922759157640344e-06, 8.135682186645714e-06, 7.687803249228468e-06]
B1: 0.16663942772855014 - 0.6666190402456217 - 0.16668124175593338 - -1.293445943664885e-05
B2: 0.1666320981923634 - 0.6666177453404402 - 0.16660965179703147 - -3.39440906567943e-05
