Number: 1334
Error: 7.452136640885905e-06
A1: [-6.099292053437851e-07, -7.227378966104229e-07, -2.1036012251093504e-07, -5.019638675099519e-07] - [0.2083406001727986, 0.333339066259616, -0.04165967077746888, 7.741631964519102e-06] - [0.16666649505483627, 0.6666663244371972, 0.16666692556025822, -3.868740211406398e-08] - [-2.5298317507802263e-06, -2.2583808345538956e-06, -1.986785893003372e-06, -2.527669255292084e-06]
A2: [0.16665326470529412, -0.16668051854601185, -1.4429660868684328e-05, -1.342574869924066e-05] - [0.16658219229989735, 0.33324612202870674, -9.035799114411995e-05, -8.45676120351688e-05] - [0.1666348606429956, 0.8333005163158469, -3.389645164088463e-05, -3.1828858054462194e-05] - [7.164034207700255e-06, 7.382976272233508e-06, 7.581388648027197e-06, 7.164031141418662e-06]
B1: 0.1667056222890854 - 0.6666034663403319 - 0.16657827280028356 - 5.1454731705149527e-05
B2: 0.16669755966760974 - 0.666705173950845 - 0.16671626038568732 - 3.147550017965802e-05
