Number: 2663
Error: 4.085081956061359e-06
A1: [-1.096642092097168e-05, -1.061897989767165e-05, -9.022109095923978e-06, -1.0741824134377378e-05] - [0.20830211998011688, 0.33330191292320244, -0.0416927048309696, -3.0223771777884363e-05] - [0.16665323653919048, 0.6666537497528622, 0.1666558050018782, -1.3153007512412666e-05] - [-5.058769027737472e-06, -4.516236223653735e-06, -3.973492690647382e-06, -5.054457869510773e-06]
A2: [0.1666897366245343, -0.16664286181200533, 2.414157664821225e-05, 2.3022417036250715e-05] - [0.1666945900473808, 0.3333622025909614, 2.8432471706573705e-05, 2.773698311740547e-05] - [0.16665161478340967, 0.8333178345774156, -1.6221652262235495e-05, -1.5097541309413656e-05] - [1.4299809339034239e-05, 1.4736867453009408e-05, 1.5132972589058003e-05, 1.4299807016848272e-05]
B1: 0.1666269215136807 - 0.666572907951302 - 0.1666725948902559 - -1.321200414875909e-05
B2: 0.16661791549438276 - 0.6665951528357611 - 0.1665818574225488 - -4.759305080500139e-05
