Number: 2278
Error: 6.928759070984847e-06
A1: [-3.914500774480449e-06, -4.187585652328083e-06, -3.3922151640920393e-06, -3.727261187013533e-06] - [0.20833204702599195, 0.33332927592180694, -0.04166871544984782, -4.6221623528875196e-07] - [0.16666240167107318, 0.6666621156257156, 0.16666314830741577, -4.03424401292042e-06] - [-4.326514591558859e-06, -3.862470898482296e-06, -3.3982282317483447e-06, -4.322824254905002e-06]
A2: [0.1666586942136018, -0.16667486766704007, -8.691108868971491e-06, -8.013127681816759e-06] - [0.16658226143844213, 0.333246375278096, -9.038398070221181e-05, -8.456469730574682e-05] - [0.16662735448597416, 0.833292815171605, -4.188447817303665e-05, -3.935124022102452e-05] - [1.2230701982233704e-05, 1.260451395711577e-05, 1.29432922180916e-05, 1.2230699037737764e-05]
B1: 0.16669609686105566 - 0.6665681867103268 - 0.16657172964832773 - 5.129982678978266e-05
B2: 0.1666867284252083 - 0.6666878381285892 - 0.16669487643294226 - 2.1053481525683818e-05
