Number: 2781
Error: 4.149538084109522e-06
A1: [-1.1367442880321148e-05, -1.103936730523102e-05, -9.406460693636337e-06, -1.113294958321332e-05] - [0.20830109917492368, 0.3333007401627171, -0.0416937817119171, -3.120096459611197e-05] - [0.16665273710073455, 0.6666532365495981, 0.16665534639336035, -1.364023160602976e-05] - [-5.283276792127112e-06, -4.716677114918694e-06, -4.149864388825917e-06, -5.278775508574236e-06]
A2: [0.16669041530176842, -0.16664215557442688, 2.4858671735259923e-05, 2.369898468200035e-05] - [0.16669459629948571, 0.33336223156713013, 2.842628812765604e-05, 2.7734961364932596e-05] - [0.16665067527153868, 0.8333168706564884, -1.722146164457689e-05, -1.6039080699451526e-05] - [1.493301553212273e-05, 1.538942837036639e-05, 1.580307723663506e-05, 1.4933013467674759e-05]
B1: 0.16662569415378736 - 0.66656845770345 - 0.16667173236529123 - -1.3268203206060915e-05
B2: 0.16661653046095107 - 0.6665929921600026 - 0.16657923000483882 - -4.892695755035594e-05
