Number: 1716
Error: 7.239476209656566e-06
A1: [-1.9418605880227485e-06, -2.1192136649034305e-06, -1.492001213930078e-06, -1.8018201976624083e-06] - [0.20833716049274612, 0.3333351272068075, -0.04166330680459797, 4.443281255238105e-06] - [0.16666484400133, 0.6666646269928456, 0.16666540308051905, -1.6501572596456373e-06] - [-3.256902080746861e-06, -2.907516161351479e-06, -2.557959442684987e-06, -3.254120521043401e-06]
A2: [0.1666554641851167, -0.16667822953802047, -1.210523338286279e-05, -1.123310252903365e-05] - [0.16658222802333728, 0.3332462320957727, -9.036109423984397e-05, -8.45586858169848e-05] - [0.16663182476511307, 0.8332974015088631, -3.7127374149860215e-05, -3.4871300996694066e-05] - [9.214426101743738e-06, 9.496041516886622e-06, 9.751256082389054e-06, 9.214422843897693e-06]
B1: 0.16670175811041155 - 0.6665891848691736 - 0.16657562482114263 - 5.138250385325402e-05
B2: 0.1666931422132018 - 0.6666981410248041 - 0.16670760697013004 - 2.722363985876151e-05
