Number: 991
Error: 3.1600827235045345e-06
A1: [-5.135282360442319e-06, -4.50519345132744e-06, -3.410762531533242e-06, -5.051069725907789e-06] - [0.20831718275580538, 0.333319161893442, -0.04167678157018379, -1.577956715110466e-05] - [0.16666046354461703, 0.6666611800954252, 0.16666246989797945, -6.0992445104386876e-06] - [-1.8773401072571748e-06, -1.6758309254404435e-06, -1.4742069214097738e-06, -1.87573408155334e-06]
A2: [0.16668012239233695, -0.1666528677817484, 1.3980532845043484e-05, 1.343807582901261e-05] - [0.1666944816542474, 0.33336176921766947, 2.8494240325463904e-05, 2.7745808395246657e-05] - [0.16666491391825575, 0.8333314792677629, -2.0687805220580826e-06, -1.7696872790882205e-06] - [5.3259887713855e-06, 5.4887485297187395e-06, 5.636243562779943e-06, 5.325986151312096e-06]
B1: 0.16664378888790635 - 0.6666354044404087 - 0.1666842102104185 - -1.2940958793921192e-05
B2: 0.16663720341499438 - 0.6666258936806271 - 0.16661969950461222 - -2.9029473485688045e-05
