Number: 822
Error: 7.74032898047926e-06
A1: [1.1624549653130798e-06, 1.1352647161895553e-06, 1.4928250114391981e-06, 1.2274400879385673e-06] - [0.2083451582091256, 0.3333442900453811, -0.04165485673734144, 1.2110288119620533e-05] - [0.16666869479797983, 0.6666685854747311, 0.16666895118200048, 2.108009767696819e-06] - [-1.5552792789765224e-06, -1.3882863136841397e-06, -1.2211950216382418e-06, -1.553948268046704e-06]
A2: [0.16665031505845318, -0.1666835879800386, -1.754635439196456e-05, -1.6366236251124697e-05] - [0.16658214235382005, 0.33324597314850624, -9.035448457963416e-05, -8.458164349088561e-05] - [0.16663893015848452, 0.8333046917630283, -2.9565240854155927e-05, -2.7750544651272556e-05] - [4.415640645559765e-06, 4.5505734554425875e-06, 4.672849877898815e-06, 4.415638345336092e-06]
B1: 0.16671072708595427 - 0.6666225358775119 - 0.16658175097952446 - 5.147707315092845e-05
B2: 0.16670363680610015 - 0.666714715618836 - 0.1667279303509375 - 3.733069707394911e-05
