Number: 1398
Error: 7.4163562907079996e-06
A1: [-8.523096859158609e-07, -9.77008770711354e-07, -4.464674303396904e-07, -7.38952016548384e-07] - [0.2083399464515933, 0.3333383245388251, -0.041660366061656906, 7.111663296432753e-06] - [0.16666619900763965, 0.6666660195297799, 0.16666664887984514, -3.280840104141844e-07] - [-2.6516426943344436e-06, -2.36713435446528e-06, -2.082477070980673e-06, -2.649376408284092e-06]
A2: [0.16665363000299088, -0.1666801380882872, -1.4043100267903702e-05, -1.3061595905123863e-05] - [0.16658218999620816, 0.33324613260012964, -9.036593801557666e-05, -8.457440520646131e-05] - [0.1666343510778787, 0.8332999935764679, -3.443859233078222e-05, -3.233952301599215e-05] - [7.507565861157764e-06, 7.737008489427166e-06, 7.944937594267737e-06, 7.507562739994144e-06]
B1: 0.16670504039391337 - 0.6666011364632466 - 0.16657788936475473 - 5.1508195376924514e-05
B2: 0.16669688240191077 - 0.6667039985572406 - 0.16671475028694707 - 3.082597597514561e-05
