Number: 2851
Error: 4.187763018284871e-06
A1: [-1.1616707687057493e-05, -1.130075836405115e-05, -9.647112893917587e-06, -1.1376332736830772e-05] - [0.2083004478154616, 0.33329999608840744, -0.041694471480076205, -3.1826408580657646e-05] - [0.1666524293357483, 0.666652919973586, 0.1666550615582038, -1.3940739901103211e-05] - [-5.41645650435211e-06, -4.835579495188232e-06, -4.2544883363343965e-06, -5.411842485119095e-06]
A2: [0.1666908158503051, -0.16664173858085526, 2.5282207673535733e-05, 2.4098281854299135e-05] - [0.16669459449049412, 0.3333622434905665, 2.8417622281400978e-05, 2.7728244420444743e-05] - [0.16665011723594308, 0.8333162981714056, -1.781520380803248e-05, -1.6598319019993805e-05] - [1.5308645715128546e-05, 1.57765401222531e-05, 1.620059634071069e-05, 1.53086438183154e-05]
B1: 0.16662500382992332 - 0.66656585349078 - 0.16667125443012049 - -1.3263744491906883e-05
B2: 0.166615747896146 - 0.6665917140217282 - 0.16657763758056868 - -4.967919636670349e-05
