Number: 1704
Error: 7.246126720874009e-06
A1: [-1.9039146734360922e-06, -2.0794584461504623e-06, -1.4560714389817377e-06, -1.7648781273605224e-06] - [0.2083372528599067, 0.3333352343823209, -0.04166321002634276, 4.531223809843503e-06] - [0.16666489193109627, 0.6666646761594056, 0.16666544653061927, -1.6034671530420176e-06] - [-3.234061740858397e-06, -2.887123985900997e-06, -2.5400161785600928e-06, -3.2312996123287087e-06]
A2: [0.16665539445104746, -0.1666783020518518, -1.2178825591453726e-05, -1.1302621927966075e-05] - [0.16658222525433158, 0.33324622707683266, -9.036246813912477e-05, -8.456061300207581e-05] - [0.1666319199515037, 0.833297499184836, -3.7026039814054534e-05, -3.477590836056482e-05] - [9.15001819239023e-06, 9.429664880631999e-06, 9.683095113242744e-06, 9.15001493558732e-06]
B1: 0.16670189261911092 - 0.6665896461050054 - 0.16657572010048255 - 5.139790571702988e-05
B2: 0.16669329380666456 - 0.666698362639453 - 0.1667078666856555 - 2.737003094751086e-05
