Number: 1423
Error: 3.4016397474622903e-06
A1: [-6.646043518960286e-06, -6.0891417572563634e-06, -4.865038487162917e-06, -6.525553130865442e-06] - [0.20831327454942886, 0.33331468820760796, -0.041680913318115256, -1.9527930012394483e-05] - [0.1666585921895136, 0.6666592560424626, 0.16666074348363732, -7.925829651188405e-06] - [-2.6993870875725644e-06, -2.409765992893443e-06, -2.1199939363212085e-06, -2.697080115194259e-06]
A2: [0.16668260843383703, -0.1666502805307827, 1.66078399220299e-05, 1.5916394272865016e-05] - [0.16669451723578757, 0.3333618886669889, 2.848565584502382e-05, 2.7751106396063996e-05] - [0.16666147976740966, 0.8333279557962111, -5.723585718807927e-06, -5.211256807622136e-06] - [7.644863332380476e-06, 7.8785034717857e-06, 8.090236857079198e-06, 7.644860189681401e-06]
B1: 0.16663949050114207 - 0.6666193220243625 - 0.16668128075085967 - -1.2951112531904481e-05
B2: 0.16663217255730067 - 0.6666178913160297 - 0.16660984948795687 - -3.3873189967456403e-05
