Number: 2003
Error: 3.722708726486679e-06
A1: [-8.663973656783387e-06, -8.204873581472343e-06, -6.806229733980607e-06, -8.49478945212669e-06] - [0.20830806885766903, 0.3333087251539952, -0.04168641548133359, -2.451906276025606e-05] - [0.16665609006664875, 0.6666566836390898, 0.1666584368679319, -1.0367859883769128e-05] - [-3.8030061603433128e-06, -3.3950873287974316e-06, -2.986981513443882e-06, -3.799760315875056e-06]
A2: [0.16668594615820434, -0.16664680694030565, 2.0135193121198686e-05, 1.9243749706825766e-05] - [0.16669456411509923, 0.3333620482316122, 2.8473392585667124e-05, 2.7757324287083527e-05] - [0.16665686846380057, 0.8333232246242342, -1.0631042334685372e-05, -9.832522461696383e-06] - [1.0757854775613806e-05, 1.10866483191507e-05, 1.1384622919415243e-05, 1.0757851587289164e-05]
B1: 0.16663360297074406 - 0.6665976121939838 - 0.16667722738818 - -1.3081487185467538e-05
B2: 0.16662547493521784 - 0.6666072357685409 - 0.16659674634037097 - -4.031954553014846e-05
