Number: 2579
Error: 4.039131478556293e-06
A1: [-1.0676881524293954e-05, -1.0315426358605216e-05, -8.743980133531303e-06, -1.0459333682938847e-05] - [0.20830286302770196, 0.33330276506186235, -0.04169192002756037, -2.9511786163684868e-05] - [0.16665359617986134, 0.6666541194228847, 0.16665613603750737, -1.28020659011081e-05] - [-4.898948916717867e-06, -4.37354862585533e-06, -3.847939612672161e-06, -4.894773164268488e-06]
A2: [0.16668925403812454, -0.16664336405229202, 2.3631571105053878e-05, 2.2541332338653938e-05] - [0.16669458682774865, 0.333362183104277, 2.843791892720542e-05, 2.773965315509861e-05] - [0.1666522836557099, 0.8333185208147427, -1.550987886854555e-05, -1.4427225768065815e-05] - [1.3849041594537943e-05, 1.427232142996824e-05, 1.4655937629674536e-05, 1.3849039107889628e-05]
B1: 0.16662778228431904 - 0.6665760631726183 - 0.16667319628738209 - -1.3184959645400066e-05
B2: 0.1666188880734278 - 0.6665966902374417 - 0.16658374045250846 - -4.665686542604446e-05
