Number: 1494
Error: 7.3628596508232e-06
A1: [-1.1799028855324361e-06, -1.3204198772791957e-06, -7.606166430535743e-07, -1.0584912355942086e-06] - [0.20833911076912978, 0.33333736498130634, -0.041661247843948, 6.3114708132366715e-06] - [0.16666579129549441, 0.6666656005660423, 0.16666627429377887, -7.258551941283526e-07] - [-2.8343648529945136e-06, -2.530270810194325e-06, -2.226020773168696e-06, -2.8319429321352926e-06]
A2: [0.1666541840507582, -0.1666795616026222, -1.345777805407427e-05, -1.2509265498671345e-05] - [0.16658220243785488, 0.3332461635609752, -9.0363590585103e-05, -8.456869787509164e-05] - [0.16663358857252597, 0.8332992112150018, -3.525015615612613e-05, -3.310367818316061e-05] - [8.022855154673143e-06, 8.268048406682923e-06, 8.490252523256053e-06, 8.022851968383873e-06]
B1: 0.1667040470189996 - 0.6665975263659449 - 0.16657720414053917 - 5.1467757289026776e-05
B2: 0.16669574628061096 - 0.6667022274010149 - 0.16671259536760666 - 2.9731470274713557e-05
