Number: 1584
Error: 7.3127543606382285e-06
A1: [-1.500478815392245e-06, -1.656583545227239e-06, -1.0701058898753347e-06, -1.3715037430220957e-06] - [0.20833827310150954, 0.33333640812652254, -0.04166213483873622, 5.507126756907471e-06] - [0.16666539546046286, 0.6666651934164018, 0.1666659079813482, -1.112357710790949e-06] - [-3.005662333390616e-06, -2.683206556723308e-06, -2.3605885324939873e-06, -3.0030945708836003e-06]
A2: [0.1666547010909795, -0.16667902341179805, -1.2911181758268259e-05, -1.1993835297946969e-05] - [0.16658220782306818, 0.3332461866141921, -9.036704004629749e-05, -8.456962614973675e-05] - [0.16663287295882784, 0.8332984770240797, -3.6011684515155365e-05, -3.3820838629824884e-05] - [8.505930627073597e-06, 8.76588980545497e-06, 9.001476612752358e-06, 8.50592739841599e-06]
B1: 0.16670315845578682 - 0.6665941824627443 - 0.1665766001025221 - 5.147260325449303e-05
B2: 0.16669472905368823 - 0.6667005728496362 - 0.16671053675250833 - 2.8753257007941988e-05
