Number: 1837
Error: 3.6311002772564506e-06
A1: [-8.087147006607915e-06, -7.600090986708177e-06, -6.251435653387802e-06, -7.93189832355694e-06] - [0.2083095558972924, 0.33331042881561085, -0.04168484386536363, -2.3093427922237024e-05] - [0.16665680547231995, 0.666657419124194, 0.16665909625112885, -9.66965182475316e-06] - [-3.4871492876143613e-06, -3.113087993936601e-06, -2.738848573488324e-06, -3.4841718974231472e-06]
A2: [0.16668499122795208, -0.16664780075250607, 1.9125996543598412e-05, 1.8291787112854632e-05] - [0.16669455211367945, 0.33336200398209165, 2.847832300084033e-05, 2.775696078033879e-05] - [0.16665818863230034, 0.8333245790983529, -9.226115508136963e-06, -8.50950255106985e-06] - [9.866930860604032e-06, 1.016849199706136e-05, 1.0441784294364263e-05, 9.866927608213203e-06]
B1: 0.1666352928167257 - 0.6666038315623689 - 0.1666783945933395 - -1.3039351580667759e-05
B2: 0.16662738909853117 - 0.6666102805240222 - 0.1666004893131192 - -3.8477297761620066e-05
