Number: 894
Error: 7.699452347903635e-06
A1: [9.104081340446834e-07, 8.710449276677455e-07, 1.2502444541965515e-06, 9.814401507243519e-07] - [0.2083445060094123, 0.33334354368424923, -0.041655546016091505, 1.1484730988977242e-05] - [0.16666838265601974, 0.6666682645759227, 0.16666866325297316, 1.803330349249154e-06] - [-1.692328678950702e-06, -1.510646230746441e-06, -1.328858339085688e-06, -1.6908806183367163e-06]
A2: [0.1666507289933555, -0.16668315719124577, -1.710890877209699e-05, -1.5953589376240362e-05] - [0.16658214645781455, 0.3332459911668423, -9.035788549183882e-05, -8.458258984553197e-05] - [0.16663835729063628, 0.8333041039908475, -3.0174922826005766e-05, -2.832464961442998e-05] - [4.8021483000399245e-06, 4.948895387947353e-06, 5.081878626792735e-06, 4.80214585732284e-06]
B1: 0.16671003584860933 - 0.6666198790238127 - 0.16658128491241886 - 5.150056157422067e-05
B2: 0.1667027767320354 - 0.6667133597376101 - 0.16672626615585864 - 3.65018328333211e-05
