Number: 1408
Error: 7.4107756323125034e-06
A1: [-8.87933170379482e-07, -1.0143640224229813e-06, -4.808585833985647e-07, -7.737351053951803e-07] - [0.20833985336340358, 0.3333382182084874, -0.04166046462872304, 7.0222777670011435e-06] - [0.16666615502257315, 0.6666659742877302, 0.16666660817560483, -3.7103210294607154e-07] - [-2.6706760271200094e-06, -2.38412749111638e-06, -2.097429258725139e-06, -2.6683935261552516e-06]
A2: [0.16665368746377088, -0.16668007827763867, -1.3982355911716175e-05, -1.3004314016574207e-05] - [0.16658219063615362, 0.3332461352021981, -9.036628171024713e-05, -8.4574466747283e-05] - [0.1666342715750193, 0.8332999120092035, -3.452319733119665e-05, -3.2419197728442786e-05] - [7.561242283868678e-06, 7.792325614960058e-06, 8.001741705224714e-06, 7.561239154961413e-06]
B1: 0.16670494194269705 - 0.6666007652224072 - 0.16657782258602205 - 5.150901272671326e-05
B2: 0.16669676905287228 - 0.6667038143852352 - 0.1667145212103547 - 3.0716961745547346e-05
