Number: 1205
Error: 3.2801078608526406e-06
A1: [-5.88848634769039e-06, -5.294902627167252e-06, -4.136484978058391e-06, -5.786297985655271e-06] - [0.20831522740792507, 0.33331692541218405, -0.04167884967357966, -1.7655714324468065e-05] - [0.1666595316893444, 0.6666602218798957, 0.16666160933410218, -7.008917021101478e-06] - [-2.284562005100008e-06, -2.0394046520261215e-06, -1.7941135718529892e-06, -2.2826085739241973e-06]
A2: [0.16668135295596706, -0.16665158705315136, 1.5281135396569954e-05, 1.4664813716171342e-05] - [0.16669449645743387, 0.33336182562350647, 2.848728850771815e-05, 2.7745610361227393e-05] - [0.1666632122982896, 0.8333297334013228, -3.879703108361749e-06, -3.474982072380592e-06] - [6.474718050062542e-06, 6.6725907283475585e-06, 6.851907986111433e-06, 6.474715119252051e-06]
B1: 0.16664168935510787 - 0.6666274660647725 - 0.16668278615288845 - -1.2916207564051107e-05
B2: 0.1666347146286407 - 0.6666219179996784 - 0.16661479287927447 - -3.142555755102463e-05
