Number: 877
Error: 3.0957678031669263e-06
A1: [-4.738318696203176e-06, -4.089050505264474e-06, -3.0289742731938285e-06, -4.66367795874835e-06] - [0.2083182070903468, 0.33332033491921637, -0.04167569931453394, -1.4797407387677155e-05] - [0.16666095559718477, 0.6666616859234319, 0.16666292343708455, -5.6190050797921836e-06] - [-1.660405318183632e-06, -1.4821478231163244e-06, -1.3037863904949905e-06, -1.6589845031113481e-06]
A2: [0.16667946652899174, -0.16665355031600632, 1.3287465108055775e-05, 1.278425053125268e-05] - [0.16669447363978718, 0.33336173920335116, 2.849813981958829e-05, 2.7745785192069593e-05] - [0.16666582064255142, 0.8333324095909229, -1.103774056083444e-06, -8.610054437145479e-07] - [4.714030415271004e-06, 4.858084560078952e-06, 4.988627298775272e-06, 4.714028001806032e-06]
B1: 0.16664490211814745 - 0.6666396289624802 - 0.1666849652782778 - -1.2959343486831259e-05
B2: 0.16663856055534126 - 0.666628029424215 - 0.16662231688454515 - -2.7721717083964285e-05
