Number: 111
Error: 2.6450582184113664e-06
A1: [-2.1763385589070216e-06, -1.4058542115640625e-06, -5.842898248926863e-07, -2.165914759942655e-06] - [0.20832466107082778, 0.33332775764198086, -0.041668916901366114, -8.626402549618332e-06] - [0.16666415314234273, 0.666664968540642, 0.1666658471849389, -2.500736793535592e-06] - [-2.0271274517504637e-07, -1.8068459762851091e-07, -1.586412648192343e-07, -2.0253916181806486e-07]
A2: [0.16667508211459203, -0.16665811198733801, 8.656917423902641e-06, 8.413531183605303e-06] - [0.166694542907814, 0.3333616672566075, 2.8660369939378474e-05, 2.7868748870895645e-05] - [0.16667195193837142, 0.8333387007971631, 5.42171759923093e-06, 5.283442485832836e-06] - [6.017076322916559e-07, 6.200606657156382e-07, 6.366892125027768e-07, 6.017073005863168e-07]
B1: 0.16665147319134158 - 0.6666672266963732 - 0.16668937003261083 - -1.3990862944398034e-05
B2: 0.16664904555847326 - 0.6666434085953099 - 0.16664057221856474 - -1.7568551610117736e-05
