Number: 584
Error: 7.87675841999579e-06
A1: [1.969170276915788e-06, 1.980614342394083e-06, 2.2650394443680738e-06, 2.0141921651863764e-06] - [0.20834720726840453, 0.33334664393300406, -0.04165269796882619, 1.4071380740029129e-05] - [0.1666696997220912, 0.6666696177407481, 0.16666987285679877, 3.0882911684361634e-06] - [-1.1022418555566579e-06, -9.83805725629402e-07, -8.652964485998471e-07, -1.1012980573806015e-06]
A2: [0.16664894477124967, -0.16668501368285496, -1.899376058366568e-05, -1.773226579883285e-05] - [0.16658212762699467, 0.3332459133073304, -9.034264083725553e-05, -8.45796764257934e-05] - [0.16664082521201032, 0.8333066362274506, -2.7548213055225732e-05, -2.5851401983021394e-05] - [3.1379876728826422e-06, 3.233866718859248e-06, 3.3207507759392514e-06, 3.137985922384636e-06]
B1: 0.16671301417306095 - 0.6666313251217364 - 0.16658330298854598 - 5.140170861783083e-05
B2: 0.16670663938393673 - 0.6667192740336776 - 0.16673342001260164 - 4.023010875961526e-05
