Number: 2302
Error: 6.915560853117841e-06
A1: [-3.990377735799704e-06, -4.267081166372046e-06, -3.464060456021198e-06, -3.801130596281427e-06] - [0.20833186234295117, 0.3333290616207536, -0.04166890895955419, -6.380504238773094e-07] - [0.16666230582488292, 0.6666620173055497, 0.1666630614182834, -4.1276111523229354e-06] - [-4.372192808211012e-06, -3.903252840720939e-06, -3.434112992169124e-06, -4.3684637129435585e-06]
A2: [0.1666588334622688, -0.16667472285880636, -8.544143230580714e-06, -7.874308353027986e-06] - [0.16658226615194138, 0.3332463844934199, -9.038205216306953e-05, -8.45616675761014e-05] - [0.1666271639114874, 0.8332926196186107, -4.208734724686435e-05, -3.95422272799371e-05] - [1.235950357194025e-05, 1.273725254184627e-05, 1.3079599262830668e-05, 1.2359500656624231e-05]
B1: 0.1666958276698514 - 0.666567263488991 - 0.16657153769518598 - 5.126883812143792e-05
B2: 0.16668642661991334 - 0.6666873963141629 - 0.16669435845101116 - 2.076208162426551e-05
