Number: 665
Error: 2.975111008169109e-06
A1: [-4.0103950489966185e-06, -3.3261264706617588e-06, -2.3306059001489922e-06, -3.953545047002834e-06] - [0.20832007031140692, 0.33332247199174997, -0.041673733708424705, -1.3012577150210433e-05] - [0.16666186012958947, 0.6666626154116996, 0.16666375502118375, -4.736431470814013e-06] - [-1.2569769692767638e-06, -1.121959059494451e-06, -9.86858984878083e-07, -1.2559008515379893e-06]
A2: [0.16667824685322363, -0.16665481944972638, 1.1998883983268932e-05, 1.156836489717633e-05] - [0.16669446164624674, 0.33336168674400046, 2.850918739489887e-05, 2.774865256745128e-05] - [0.16666750826466106, 0.8333341411804578, 6.923917599093803e-07, 8.302568749669461e-07] - [3.575967482589893e-06, 3.6852346124027626e-06, 3.7842515028352083e-06, 3.575965528048605e-06]
B1: 0.1666469428448227 - 0.6666474602079507 - 0.16668634899735082 - -1.3022969887688105e-05
B2: 0.16664117191644245 - 0.6666320561636461 - 0.1666272047502461 - -2.5202194082484263e-05
