Number: 1637
Error: 3.5204636239076368e-06
A1: [-7.398767963227417e-06, -6.878403605524807e-06, -5.5903506299867555e-06, -7.260303063059152e-06] - [0.20831132093287705, 0.3333124533332472, -0.041682979951281035, -2.140234934114473e-05] - [0.16665766074000535, 0.666658298205435, 0.1666598832610541, -8.835098436342366e-06] - [-3.106591409794089e-06, -2.7733222100158875e-06, -2.4398871005532704e-06, -3.10393773298863e-06]
A2: [0.16668383903556133, -0.16664899973375089, 1.7908541473108154e-05, 1.7143170270073284e-05] - [0.16669453266896786, 0.3333619458397364, 2.8479601196681762e-05, 2.7751537504374166e-05] - [0.166659778359073, 0.8333262101774667, -7.53422857549538e-06, -6.91634051124208e-06] - [8.793494515871296e-06, 9.062244409563149e-06, 9.305798533856197e-06, 8.793491268430777e-06]
B1: 0.16663734920072076 - 0.66661134281318 - 0.1666798163354986 - -1.2968170489244062e-05
B2: 0.16662972227020145 - 0.6666139552633265 - 0.1666049835424004 - -3.623077187900887e-05
