Number: 2105
Error: 3.778907830516298e-06
A1: [-9.022436692822231e-06, -8.580741326837454e-06, -7.151609201995792e-06, -8.844685956029891e-06] - [0.20830713890570812, 0.33330766118123784, -0.041687399234696824, -2.541126882137677e-05] - [0.1666556464093737, 0.6666562274140116, 0.1666580271730747, -1.0800946302091075e-05] - [-3.997083888322001e-06, -3.568360930070013e-06, -3.139446121403842e-06, -3.993673192483382e-06]
A2: [0.1666865320198249, -0.1666461971531854, 2.0754470011153527e-05, 1.98277878590486e-05] - [0.16669456888514572, 0.3333620729085185, 2.846794901340444e-05, 2.7754943317166275e-05] - [0.16665605687060336, 0.8333223919631869, -1.1494692174780368e-05, -1.064586778245903e-05] - [1.130527811496436e-05, 1.1650804432565806e-05, 1.1963945117851733e-05, 1.1305274996721462e-05]
B1: 0.16663257772101836 - 0.6665938025835578 - 0.1666765208939362 - -1.3094287875519098e-05
B2: 0.16662431391270513 - 0.666605367477829 - 0.1665944357617935 - -4.143637968357142e-05
