Number: 2818
Error: 6.632271818198554e-06
A1: [-5.789427751823562e-06, -6.153343826788225e-06, -5.195260638379905e-06, -5.556858868002929e-06] - [0.20832721612239447, 0.3333237406866186, -0.04167382080988957, -5.093377238243102e-06] - [0.16666007565314025, 0.6666597244265121, 0.16666100477841098, -6.304323711190409e-06] - [-5.354202607917809e-06, -4.7799906190896025e-06, -4.205565094469858e-06, -5.349641283305789e-06]
A2: [0.16666179607854353, -0.16667163930167667, -5.412711050029757e-06, -4.920922765132074e-06] - [0.1665822829413653, 0.33324650179837934, -9.041747117289673e-05, -8.45810803211911e-05] - [0.16662305542735356, 0.8332884045465716, -4.645923859971263e-05, -4.36595825053291e-05] - [1.5128597915647662e-05, 1.5590987492944727e-05, 1.601005383703007e-05, 1.5128595939376746e-05]
B1: 0.16669060044975229 - 0.6665479428764077 - 0.16656790692308826 - 5.1163305769307834e-05
B2: 0.16668051606394482 - 0.6666779526086921 - 0.1666827255052453 - 1.507522495723547e-05
