Number: 127
Error: 2.655134710648376e-06
A1: [-2.2197575140220366e-06, -1.4511698801210975e-06, -6.239881306170163e-07, -2.2080020485176672e-06] - [0.2083245670923913, 0.33332764596751846, -0.041669012662352956, -8.714509473133987e-06] - [0.16666409664256343, 0.6666649108959981, 0.16666579766883366, -2.5555904486809897e-06] - [-2.3316050946349476e-07, -2.078694572496231e-07, -1.8256105899042984e-07, -2.329608210059106e-07]
A2: [0.16667517369888302, -0.16665801682768006, 8.753388152636388e-06, 8.504829343616926e-06] - [0.16669453880153162, 0.33336166570843623, 2.8653543757865244e-05, 2.786352077548105e-05] - [0.16667182253826196, 0.8333385679883115, 5.283949477212507e-06, 5.153767622263032e-06] - [6.876096326653806e-07, 7.085884364354486e-07, 7.275964634445653e-07, 6.876092466517838e-07]
B1: 0.16665135223581137 - 0.6666666623370276 - 0.1666892859435606 - -1.3953081950143225e-05
B2: 0.16664875316479202 - 0.6666430457941249 - 0.1666401830699522 - -1.7854012074296866e-05
