Number: 1510
Error: 7.353980370853602e-06
A1: [-1.2225177484746164e-06, -1.3649979478736958e-06, -7.996449168910361e-07, -1.099775252580689e-06] - [0.2083390197581437, 0.3333372560347171, -0.04166134111888153, 6.2263286098119394e-06] - [0.16666573545567828, 0.6666655435309983, 0.16666622533470327, -7.800497871865662e-07] - [-2.8648209256111415e-06, -2.557462744963839e-06, -2.2499474333489736e-06, -2.8623730699837275e-06]
A2: [0.16665427842597036, -0.16667946358900027, -1.3358398128847574e-05, -1.2415176516132398e-05] - [0.16658220980313462, 0.33324617374592846, -9.035845545676569e-05, -8.456245499737491e-05] - [0.1666334620995125, 0.8332990814004347, -3.5384871805559796e-05, -3.323042617185339e-05] - [8.108735604502696e-06, 8.356553940191415e-06, 8.581137221685249e-06, 8.108732409342375e-06]
B1: 0.16670384200108443 - 0.6665968869642388 - 0.16657705394919917 - 5.14215291336664e-05
B2: 0.16669551618264183 - 0.6667019288296195 - 0.16671227224912544 - 2.9508309384053386e-05
