Number: 113
Error: 2.646312154872756e-06
A1: [-2.1787712875253967e-06, -1.4083556194221824e-06, -5.859207196126742e-07, -2.168183899776615e-06] - [0.208324661383576, 0.3333277564209325, -0.04166891545530083, -8.625367412503023e-06] - [0.16666414910630747, 0.6666649645317247, 0.16666584436224535, -2.5045699608295256e-06] - [-2.0651857016922726e-07, -1.8408263100153123e-07, -1.6163123550089326e-07, -2.0634172359942998e-07]
A2: [0.16667509406696682, -0.16665809961346192, 8.669428345668774e-06, 8.425447770540276e-06] - [0.1666945437039956, 0.33336166830549824, 2.8660688061044406e-05, 2.786940474210951e-05] - [0.16667193591159404, 0.8333386843361184, 5.4046279144856905e-06, 5.267381343760357e-06] - [6.124438511196986e-07, 6.311250603300713e-07, 6.480510009716326e-07, 6.12443512616972e-07]
B1: 0.1666514483869115 - 0.6666671468907184 - 0.16668935068362997 - -1.399583377510876e-05
B2: 0.16664899868067606 - 0.6666433622519385 - 0.1666405324314085 - -1.761456214133428e-05
