Number: 266
Error: 8.064824119759464e-06
A1: [3.0414879064068032e-06, 3.103690261769867e-06, 3.2895298144133702e-06, 3.0598413286937013e-06] - [0.2083499211924798, 0.3333497618321333, -0.04164984410251136, 1.6667792659829692e-05] - [0.16667103610053643, 0.6666709898594209, 0.16667109640910957, 4.391748552583331e-06] - [-4.968980834757428e-07, -4.433409783954965e-07, -3.897485351731301e-07, -4.964723974512849e-07]
A2: [0.1666471260245833, -0.16668690608820852, -2.0914811263225583e-05, -1.9545323656741948e-05] - [0.1665821601339139, 0.33324588700379315, -9.0271832699125e-05, -8.452486500087725e-05] - [0.1666433711922379, 0.8333092485769159, -2.483859816309218e-05, -2.3299958610347007e-05] - [1.4308137568928598e-06, 1.474509847414204e-06, 1.5141044509500174e-06, 1.4308129193276725e-06]
B1: 0.16671569320683655 - 0.6666427348111443 - 0.16658508526745788 - 5.092447073761172e-05
B2: 0.16671098548291133 - 0.6667256786775888 - 0.16674104629593925 - 4.443836675930902e-05
