Number: 2793
Error: 4.156084109662724e-06
A1: [-1.1405383130028056e-05, -1.1079117030562484e-05, -9.442385981145177e-06, -1.1169886139184413e-05] - [0.20830100680936697, 0.3333006329879255, -0.04169387849280034, -3.128890597923513e-05] - [0.16665268918179724, 0.66665318739239, 0.16665530294954195, -1.3686911169426186e-05] - [-5.306108344174787e-06, -4.737061288770906e-06, -4.167800981648862e-06, -5.3015877312824176e-06]
A2: [0.1666904847817299, -0.1666420833159153, 2.4932008896675962e-05, 2.3768250087870867e-05] - [0.1666945981140359, 0.33336223562875733, 2.842670668710528e-05, 2.7735934416765038e-05] - [0.16665057985277543, 0.8333167727476454, -1.7323028482361767e-05, -1.6134705675253622e-05] - [1.4997407082032187e-05, 1.5455788129982213e-05, 1.5871221055302204e-05, 1.4997405045503472e-05]
B1: 0.166625560247045 - 0.6665679964020219 - 0.16667163626847417 - -1.3283017596165777e-05
B2: 0.16661637980726218 - 0.6665927714864374 - 0.16657897121537169 - -4.90724109750255e-05
