Number: 1307
Error: 3.33705614812029e-06
A1: [-6.2471457954979665e-06, -5.6709579621991215e-06, -4.482039034622808e-06, -6.1363900204722285e-06] - [0.20831429675800556, 0.3333158607818305, -0.041679834033520054, -1.85486159562211e-05] - [0.1666590878614607, 0.6666597654933207, 0.16666119949556923, -7.4421724101388195e-06] - [-2.4786554021513465e-06, -2.2126937864940507e-06, -1.9465901266688224e-06, -2.476536508028961e-06]
A2: [0.16668193967699202, -0.16665097641540433, 1.5901251651760827e-05, 1.5249711257131069e-05] - [0.16669450431826802, 0.33336185334456353, 2.8484838995023392e-05, 2.7746320925829858e-05] - [0.16666240144563915, 0.8333289014679994, -4.742636867720903e-06, -4.287586371666617e-06] - [7.022225678224953e-06, 7.236833856058002e-06, 7.4313184444017815e-06, 7.022222635088195e-06]
B1: 0.16664067668760676 - 0.6666236710571198 - 0.1666820966808196 - -1.2916370666225533e-05
B2: 0.16663353717233087 - 0.6666200328191415 - 0.16661246497771892 - -3.2558828109325235e-05
