Number: 2901
Error: 4.215048531806947e-06
A1: [-1.1794753593513927e-05, -1.148746560752725e-05, -9.819006547103368e-06, -1.1550177489122669e-05] - [0.20829998255926224, 0.3332994646079443, -0.04169496417019191, -3.2273153791605184e-05] - [0.16665220950426995, 0.6666526938486407, 0.1666548581051034, -1.4155388084054848e-05] - [-5.511584254827563e-06, -4.9205091572391104e-06, -4.329219249339233e-06, -5.506889732428579e-06]
A2: [0.1666911018980501, -0.16664144078687912, 2.5584674706152474e-05, 2.4383435768093885e-05] - [0.16669459297546324, 0.33336225178388246, 2.8411208842379475e-05, 2.7723223681750875e-05] - [0.16664971858407684, 0.8333158891983733, -1.823936054532585e-05, -1.6997829992864907e-05] - [1.5576949950673582e-05, 1.6053045379976578e-05, 1.6484535377181535e-05, 1.5576948180298577e-05]
B1: 0.16662451101291084 - 0.6665639934508515 - 0.1666709129857072 - -1.326029084241457e-05
B2: 0.16661518899351854 - 0.6665908011385063 - 0.1665765002082217 - -5.021643749613011e-05
