Number: 919
Error: 3.1194999177667367e-06
A1: [-4.883329884832593e-06, -4.2410550650202075e-06, -3.168249110664754e-06, -4.805163835467657e-06] - [0.20831783470070372, 0.333319908040594, -0.041676092459443294, -1.5154263717985632e-05] - [0.16666077557028633, 0.6666615008944332, 0.16666275774561434, -5.794680946579056e-06] - [-1.7403289380883208e-06, -1.5535050693356951e-06, -1.366573186903794e-06, -1.7388398758235726e-06]
A2: [0.16667970831707954, -0.16665329871413695, 1.3542934934235157e-05, 1.3025287750155187e-05] - [0.1666944768988719, 0.33336175053245537, 2.8496938207922355e-05, 2.7746100107972816e-05] - [0.1666654865855279, 0.8333320668343401, -1.4593139556160221e-06, -1.1957836658450238e-06] - [4.9394898306852e-06, 5.090435553717247e-06, 5.227223885302082e-06, 4.939487337775256e-06]
B1: 0.16664449013213845 - 0.6666380706916588 - 0.16668468521491178 - -1.2954422822285036e-05
B2: 0.1666380544643034 - 0.6666272403571187 - 0.16662135447115217 - -2.8209613788480586e-05
