Number: 1666
Error: 7.267184036587889e-06
A1: [-1.787745652201548e-06, -1.9577843472197976e-06, -1.3467355971664373e-06, -1.6518841308454694e-06] - [0.2083375292717302, 0.33333555678365534, -0.041662921453057576, 4.7936397527578865e-06] - [0.1666650396727607, 0.6666648275908552, 0.16666557963319967, -1.4596472339675353e-06] - [-3.161732959443116e-06, -2.8225476799578646e-06, -2.4831947536432814e-06, -3.1590323709402693e-06]
A2: [0.16665517292973558, -0.1666785323419725, -1.2412495011796455e-05, -1.1523463449296427e-05] - [0.16658221465164502, 0.33324620943856764, -9.036846976157488e-05, -8.456854992935422e-05] - [0.16663222115418364, 0.8332978082820076, -3.670534640825028e-05, -3.4474052575160434e-05] - [8.94605890171579e-06, 9.219471253631254e-06, 9.46725108129844e-06, 8.946055650333377e-06]
B1: 0.16670233167140475 - 0.6665911191655768 - 0.16657603366669774 - 5.145979640219621e-05
B2: 0.16669378757907852 - 0.6666990656940682 - 0.16670867725883906 - 2.7847328834067946e-05
