Number: 2419
Error: 3.951429031030244e-06
A1: [-1.0107107951326333e-05, -9.717932746676495e-06, -8.193889306275661e-06, -9.903004354632235e-06] - [0.20830435192892593, 0.3333044658873536, -0.04169034333237615, -2.8082121511679756e-05] - [0.16665429966902456, 0.6666548430522977, 0.1666567871117624, -1.211516441074917e-05] - [-4.5945281153838315e-06, -4.101761838596433e-06, -3.608791479436262e-06, -4.590610421327443e-06]
A2: [0.16668833758773688, -0.16664431809355493, 2.266257614664025e-05, 2.162774222279307e-05] - [0.16669458750317376, 0.3333621523886412, 2.8454267937738046e-05, 2.7751546295696233e-05] - [0.16665355831416226, 0.8333198285004607, -1.4153605404154991e-05, -1.3149818525143253e-05] - [1.2990406794111055e-05, 1.3387441374531881e-05, 1.3747268590950517e-05, 1.299040403795701e-05]
B1: 0.16662936269394346 - 0.6665820157298294 - 0.16667428607864906 - -1.3192666980326077e-05
B2: 0.16662067950748186 - 0.6665996144638434 - 0.16658738310438737 - -4.4934746394455506e-05
