Number: 2895
Error: 4.21174904609959e-06
A1: [-1.176380200266411e-05, -1.145493637096758e-05, -9.787716896374116e-06, -1.151973922456461e-05] - [0.20830007699811112, 0.33329956916194436, -0.04169486210378673, -3.2180973246918326e-05] - [0.16665224556917896, 0.6666527312128724, 0.16665489329257727, -1.4119954444569018e-05] - [-5.5001703806627745e-06, -4.910319387004172e-06, -4.32025365660635e-06, -5.4954855161261e-06]
A2: [0.166691069207993, -0.16664147496737441, 2.5549847938457617e-05, 2.4350852898853484e-05] - [0.1666945974366725, 0.3333622548553188, 2.8415819363067647e-05, 2.7728105300410877e-05] - [0.16664976691922467, 0.8333159387463606, -1.8188018055031583e-05, -1.6949391817999635e-05] - [1.5544748450730624e-05, 1.6019859619532444e-05, 1.645045743775419e-05, 1.554474666488948e-05]
B1: 0.16662453860186277 - 0.6665641865337057 - 0.16667092526020835 - -1.3292280958939484e-05
B2: 0.16661522341299764 - 0.6665909079171447 - 0.16657666545876873 - -5.01846142916961e-05
