Number: 30
Error: 8.212512857021288e-06
A1: [3.6869787991393e-06, 3.777553655161946e-06, 3.8809309308626215e-06, 3.6856847221786752e-06] - [0.2083513276059966, 0.3333514308682081, -0.04164840819444552, 1.7987579372304777e-05] - [0.16667187483454723, 0.6666718458490447, 0.1666718328693159, 5.206196516732934e-06] - [-4.760947481225406e-08, -4.220140796242205e-08, -3.6789550513481315e-08, -4.756894081556128e-08]
A2: [0.16664577213894202, -0.1666883128441296, -2.2341020507605615e-05, -2.089498741238782e-05] - [0.1665822067684128, 0.3332458954262326, -9.018596097985391e-05, -8.446167798809571e-05] - [0.16664527606007534, 0.8333112036225413, -2.2810484164063764e-05, -2.139103670565503e-05] - [1.6383895824831347e-07, 1.6880748005733998e-07, 1.7330696889429412e-07, 1.6383890753102303e-07]
B1: 0.16671756090114073 - 0.6666511307890908 - 0.1665863850607724 - 5.0450653208290226e-05
B2: 0.1667152071078682 - 0.6667309548715641 - 0.1667467281291041 - 4.8557691786607575e-05
