Number: 2548
Error: 6.780274061338969e-06
A1: [-4.851984552141527e-06, -5.170486902133317e-06, -4.293760065333562e-06, -4.6420799760084926e-06] - [0.20832963150949813, 0.33332650823687193, -0.041671268195023814, -2.7778605505194484e-06] - [0.16666123864176355, 0.6666609200053987, 0.16666207652572898, -5.169303516249183e-06] - [-4.840365705497328e-06, -4.321237760326153e-06, -3.801902032594678e-06, -4.836239603894312e-06]
A2: [0.1666602457933245, -0.16667325283567422, -7.0512616260804775e-06, -6.466377978947253e-06] - [0.16658227464473946, 0.3332464409942679, -9.039827299989133e-05, -8.45704336447491e-05] - [0.16662520556028582, 0.8332906104626138, -4.417125512755674e-05, -4.150480752934088e-05] - [1.3679687277929335e-05, 1.4097789261420272e-05, 1.4476712109653974e-05, 1.3679684735834259e-05]
B1: 0.16669334706509276 - 0.6665580649418706 - 0.16656982035353235 - 5.123000674370779e-05
B2: 0.16668362012438323 - 0.6666828932058244 - 0.16668879875999748 - 1.8062231815741344e-05
