Number: 197
Error: 2.6987455229506304e-06
A1: [-2.448255223248837e-06, -1.6901886529917945e-06, -8.406532435887482e-07, -2.4306367638678426e-06] - [0.20832400058512732, 0.33332699310425756, -0.041669604837023165, -9.255179955399474e-06] - [0.16666381043506626, 0.6666646174410967, 0.1666655375382002, -2.834558806676143e-06] - [-3.663714501310862e-07, -3.2680415925249273e-07, -2.872102429266173e-07, -3.6605758078436425e-07]
A2: [0.16667556932278857, -0.1666576052002436, 9.171127430248513e-06, 8.899201702197398e-06] - [0.16669450994673718, 0.33336164904454174, 2.8614823410722074e-05, 2.7829759105083745e-05] - [0.16667125604649918, 0.8333379867222438, 4.681128685945463e-06, 4.586074058251529e-06] - [1.0634444059754784e-06, 1.0959113513278883e-06, 1.1253299917885414e-06, 1.0634437867120028e-06]
B1: 0.1666509073341785 - 0.6666642768207444 - 0.1666890008891743 - -1.3703371131603288e-05
B2: 0.16664763846734318 - 0.6666415026341234 - 0.16663839744779282 - -1.8938384514542847e-05
