Number: 2343
Error: 3.909745792423756e-06
A1: [-9.850837118129219e-06, -9.449302178676775e-06, -7.94858243680416e-06, -9.653105839955219e-06] - [0.2083050012710307, 0.33330521264071006, -0.04168965879337158, -2.74608615207671e-05] - [0.16665461930523073, 0.6666551714387838, 0.16665708021763484, -1.1803393605242534e-05] - [-4.449924806780883e-06, -3.972659232280346e-06, -3.495192155260958e-06, -4.446129758942706e-06]
A2: [0.1666878996767628, -0.16664477373894868, 2.2199956309277164e-05, 2.1191189986862584e-05] - [0.16669458086391134, 0.33336213115852487, 2.8455733752121994e-05, 2.7750235778999024e-05] - [0.16665416289884732, 0.8333204488119323, -1.3510173149290225e-05, -1.2543928117192043e-05] - [1.2582553778100822e-05, 1.2967121781249362e-05, 1.3315649290478466e-05, 1.2582550914084435e-05]
B1: 0.1666301607653626 - 0.6665848880507816 - 0.16667484602840085 - -1.3148918284040608e-05
B2: 0.16662158016125614 - 0.6666010083884211 - 0.16658907099990722 - -4.406702133837056e-05
