Number: 1500
Error: 7.359551277158098e-06
A1: [-1.1868969716985283e-06, -1.3276452705497853e-06, -7.652561518008857e-07, -1.0649948600680197e-06] - [0.2083391128366983, 0.3333373623560031, -0.04166124256014793, 6.315704535055624e-06] - [0.16666577943841446, 0.6666655887708507, 0.16666626603698903, -7.371040041973551e-07] - [-2.845787791228207e-06, -2.5404698035608645e-06, -2.234995394105876e-06, -2.8433561427888453e-06]
A2: [0.1666542209750543, -0.16667952338991524, -1.3419132910529453e-05, -1.2472448540913794e-05] - [0.1665822091982915, 0.33324617117829686, -9.035807802469314e-05, -8.456235834487409e-05] - [0.1666335416106993, 0.8332991629758443, -3.5300258825131586e-05, -3.315074312609305e-05] - [8.055060213844788e-06, 8.301237879991064e-06, 8.524334190966185e-06, 8.055057024159517e-06]
B1: 0.16670394063571686 - 0.666597258410977 - 0.16657712096135122 - 5.14208958801179e-05
B2: 0.16669562930669465 - 0.6667021127703688 - 0.16671250108848393 - 2.9617098588318225e-05
