Number: 1539
Error: 3.4660800942278567e-06
A1: [-7.044894830251995e-06, -6.507281822490205e-06, -5.247997589338538e-06, -6.914669986785197e-06] - [0.20831225250748947, 0.33331351578902124, -0.04168199245985229, -2.0507077869217458e-05] - [0.16665809655716526, 0.6666587466287528, 0.1666602875049595, -8.409447573939642e-06] - [-2.920116301120941e-06, -2.606835750595809e-06, -2.293395894314054e-06, -2.917621352075672e-06]
A2: [0.16668327710367234, -0.16664958473060257, 1.7314346587139333e-05, 1.658299028102032e-05] - [0.16669452986726313, 0.3333619237156814, 2.8486211266350657e-05, 2.7755605698277214e-05] - [0.16666055802394153, 0.8333270100624822, -6.704593554293246e-06, -6.134992560827964e-06] - [8.267486902310888e-06, 8.5201585491366e-06, 8.749140521605574e-06, 8.267483690090466e-06]
B1: 0.1666383007313868 - 0.6666149692496798 - 0.16668046085430233 - -1.2989445677367916e-05
B2: 0.16663081174700872 - 0.6666157537262759 - 0.16660723801402122 - -3.5183746586725295e-05
