Number: 2859
Error: 4.192143093649559e-06
A1: [-1.164998839964741e-05, -1.1335694030594716e-05, -9.679947394287959e-06, -1.1408936668570539e-05] - [0.20830035406931183, 0.33329989066229176, -0.041694571783294034, -3.1917174473462316e-05] - [0.16665238931983709, 0.6666528786786744, 0.16665502361888768, -1.397992184349686e-05] - [-5.431676275214357e-06, -4.849167405474193e-06, -4.266444273466283e-06, -5.427049374995094e-06]
A2: [0.16669086080350184, -0.16664169170782142, 2.5329871134388967e-05, 2.414309207392104e-05] - [0.16669459212105467, 0.3333622427967966, 2.8414688222299194e-05, 2.7725314207563664e-05] - [0.1666500532062737, 0.8333162325031841, -1.7883287666421613e-05, -1.66624861122169e-05] - [1.5351577126329974e-05, 1.58207837737137e-05, 1.6246029463067057e-05, 1.5351575249365824e-05]
B1: 0.16662494076326143 - 0.666565570963646 - 0.16667121417662686 - -1.3247394373909306e-05
B2: 0.16661567476854514 - 0.6665915693157489 - 0.16657744118905068 - -4.974885967948733e-05
