Number: 820
Error: 7.741455641808547e-06
A1: [1.164797757439442e-06, 1.1376837153159997e-06, 1.4943810794693487e-06, 1.229619371061798e-06] - [0.20834515756177935, 0.33334429095903784, -0.041654858463532486, 1.2108918656483427e-05] - [0.16666869875966886, 0.6666685894150505, 0.16666895394196335, 2.1117686671623616e-06] - [-1.5514715628665556e-06, -1.3848865958104208e-06, -1.2182035029456962e-06, -1.5501438046309007e-06]
A2: [0.16665030276929804, -0.16668360069784519, -1.7559215571083607e-05, -1.6378489626907755e-05] - [0.1665821401841193, 0.33324597069670175, -9.03562315650426e-05, -8.458367290273715e-05] - [0.16663894583459105, 0.8333047078658324, -2.954851606707697e-05, -2.7734834180641676e-05] - [4.404904314624282e-06, 4.539508945281968e-06, 4.661487952475565e-06, 4.404902018521342e-06]
B1: 0.16671076144429497 - 0.6666226241647094 - 0.16658177773983715 - 5.149159065574305e-05
B2: 0.16670367671593597 - 0.66671475477456 - 0.1667279627486049 - 3.736973968028569e-05
