Number: 1125
Error: 3.235324885359899e-06
A1: [-5.6033777803688395e-06, -4.9959424540216e-06, -3.861240073765188e-06, -5.507912664660853e-06] - [0.20831597264194054, 0.3333177765665661, -0.041678060640046574, -1.694010161471498e-05] - [0.16665988362852246, 0.6666605838796947, 0.16666193503542112, -6.665273800587269e-06] - [-2.13233062495662e-06, -1.903490448224065e-06, -1.674523380116597e-06, -2.1305070238373513e-06]
A2: [0.16668089346412757, -0.16665206533178914, 1.4795392167961157e-05, 1.4206752033995653e-05] - [0.16669449217132343, 0.33336180569119234, 2.849094384587054e-05, 2.774693213181416e-05] - [0.16666384851123311, 0.8333303861416844, -3.2026562613678676e-06, -2.837395354946562e-06] - [6.0452905174792866e-06, 6.23003700450432e-06, 6.397458145484031e-06, 6.045287690963596e-06]
B1: 0.16664246692079848 - 0.6666304266092257 - 0.1666833116967072 - -1.2932775918344228e-05
B2: 0.16663562909157686 - 0.6666233993713895 - 0.16661663395201495 - -3.054574895483001e-05
