Number: 2049
Error: 3.748032865392341e-06
A1: [-8.81341763741462e-06, -8.361480532081359e-06, -6.948401094944204e-06, -8.64038179217514e-06] - [0.20830769866644813, 0.3333082972860995, -0.04168680440885333, -2.487227842251782e-05] - [0.1666559023289935, 0.6666564909272821, 0.16665826583384272, -1.0550842087425478e-05] - [-3.890532787891526e-06, -3.473232086898132e-06, -3.0557421532533405e-06, -3.8872125878370615e-06]
A2: [0.16668621246785315, -0.16664652994393464, 2.0416360071535612e-05, 1.9509236916580052e-05] - [0.1666945717670121, 0.3333620645893566, 2.8475878263738117e-05, 2.776175089415559e-05] - [0.16665650309575092, 0.8333228497220785, -1.1019955077393593e-05, -1.0198680761554553e-05] - [1.1004726809552193e-05, 1.1341066365253949e-05, 1.164588042668991e-05, 1.1004723649919146e-05]
B1: 0.16663310053711708 - 0.666595855917979 - 0.16667687240678442 - -1.3127359253962487e-05
B2: 0.1666249095183515 - 0.666606389467751 - 0.16659574075920153 - -4.086503084258311e-05
