Number: 1526
Error: 7.345047519918805e-06
A1: [-1.2890948030367934e-06, -1.4348847320995523e-06, -8.653279414560142e-07, -1.1649985159854488e-06] - [0.20833883222905156, 0.33333704514825285, -0.041661541753488296, 6.044760665177549e-06] - [0.16666565539643624, 0.6666654609161603, 0.16666614943594082, -8.584406404216413e-07] - [-2.8952718454172182e-06, -2.584649241702793e-06, -2.2738683808719573e-06, -2.892798061759822e-06]
A2: [0.16665436871512382, -0.16667936945866477, -1.326268823418968e-05, -1.232517358622895e-05] - [0.16658220652101466, 0.3332461738186632, -9.036286918789517e-05, -8.45668595058056e-05] - [0.16663333438899222, 0.8332989504131624, -3.552069175584924e-05, -3.335841166689403e-05] - [8.194616185949031e-06, 8.445059579178266e-06, 8.672022003261092e-06, 8.194612982520503e-06]
B1: 0.16670371548455656 - 0.6665963225505546 - 0.16657697523258405 - 5.145386712255586e-05
B2: 0.16669536805468688 - 0.6667016375102824 - 0.16671187756867434 - 2.9367116296956743e-05
