Number: 2116
Error: 7.018103706946715e-06
A1: [-3.3424072748564938e-06, -3.5877012136246805e-06, -2.8406060844457172e-06, -3.1687761867863852e-06] - [0.20833353500192708, 0.33333097737022716, -0.041667140799328775, 9.657985980986492e-07] - [0.16666310919458782, 0.6666628432483324, 0.16666380216739712, -3.343512311504784e-06] - [-4.0181995192040405e-06, -3.587206611442087e-06, -3.1560214863665757e-06, -4.014770900081691e-06]
A2: [0.16665776427158624, -0.16667583564259106, -9.674178963319549e-06, -8.94017168174268e-06] - [0.1665822553884106, 0.33324633750665716, -9.037396964178864e-05, -8.455938208362364e-05] - [0.16662864374971506, 0.8332941378794325, -4.0512556728070106e-05, -3.8059191712294385e-05] - [1.1361274737125269e-05, 1.1708511555169446e-05, 1.2023202547804753e-05, 1.136127162959649e-05]
B1: 0.16669771696453473 - 0.6665742297120403 - 0.16657284470664263 - 5.1311889095504926e-05
B2: 0.166688562602651 - 0.6666908042046727 - 0.16669855372830739 - 2.2817430628304264e-05
