Number: 843
Error: 3.0765326948335396e-06
A1: [-4.6266131985740254e-06, -3.972006000257071e-06, -2.9225570108402748e-06, -4.554820846212936e-06] - [0.2083184856476689, 0.33332065628931745, -0.04167540654965484, -1.4531402735966494e-05] - [0.1666610955852068, 0.6666618296353654, 0.16666305116941943, -5.482533839165374e-06] - [-1.595704975533399e-06, -1.4243820068991115e-06, -1.252958457222244e-06, -1.5943394183550044e-06]
A2: [0.16667926988622403, -0.1666537548534275, 1.3079848898688782e-05, 1.2588215651275058e-05] - [0.16669446872218663, 0.3333617278866142, 2.8497107669031156e-05, 2.7743251115149435e-05] - [0.166666090842663, 0.8333326868506601, -8.161479230354238e-07, -5.902214732286415e-07] - [4.531517134372295e-06, 4.669992421717445e-06, 4.7954792583457495e-06, 4.531514788042634e-06]
B1: 0.16664525214590264 - 0.6666409063004003 - 0.16668520723848823 - -1.2946794995391317e-05
B2: 0.16663899142760358 - 0.6666286716369045 - 0.16662308070559562 - -2.7305574858689266e-05
