Number: 1076
Error: 7.5966880972531036e-06
A1: [2.662946523852924e-07, 1.9572339190631205e-07, 6.291834893542372e-07, 3.5261841244701666e-07] - [0.2083428290889341, 0.3333416269934233, -0.04165732016899419, 9.875183790878044e-06] - [0.16666758650219496, 0.6666674458504566, 0.16666792742917322, 1.0260466037341622e-06] - [-2.0387525523666777e-06, -1.819938363020393e-06, -1.6010017561396963e-06, -2.0370087979485695e-06]
A2: [0.16665177491388186, -0.16668206858175127, -1.6003385067375385e-05, -1.49109246914101e-05] - [0.16658215708286728, 0.33324603722960544, -9.036570205134571e-05, -8.458473115721576e-05] - [0.1666369097368897, 0.8333026188084841, -3.171544412280926e-05, -2.9775330645526182e-05] - [5.7791327937464725e-06, 5.955743064219462e-06, 6.115790471002181e-06, 5.779130041179374e-06]
B1: 0.16670828003413735 - 0.666613156329916 - 0.1665801016915847 - 5.155144220773852e-05
B2: 0.16670065322480637 - 0.6667099608815643 - 0.16672206458121389 - 3.445721727118593e-05
