Number: 1089
Error: 3.215173554830458e-06
A1: [-5.489441431728943e-06, -4.876581872633719e-06, -3.7533601204173913e-06, -5.396988028862384e-06] - [0.2083162501491127, 0.33331809847997157, -0.04167776993783294, -1.6675868660107853e-05] - [0.16666002748530861, 0.6666607314462187, 0.16666206545021856, -6.525136332059836e-06] - [-2.0638257141895884e-06, -1.8423278635012568e-06, -1.6207062872475776e-06, -2.0620605530820517e-06]
A2: [0.1666806842738709, -0.1666522828534334, 1.4574640951617187e-05, 1.3998205453237252e-05] - [0.1666944839748735, 0.33336179077880895, 2.8486989657143776e-05, 2.7741259616074967e-05] - [0.16666413410117903, 0.8333306792089982, -2.898608416999519e-06, -2.5511871243112614e-06] - [5.852053410087701e-06, 6.030893257169299e-06, 6.192961308139798e-06, 5.852050635165039e-06]
B1: 0.16664286237946688 - 0.6666318023950807 - 0.16668358971569006 - -1.2894637824064373e-05
B2: 0.16663609102808852 - 0.6666240716342458 - 0.1666174208238083 - -3.009941037010916e-05
