Number: 1804
Error: 7.190646597086657e-06
A1: [-2.2600620059997444e-06, -2.452927494601418e-06, -1.799905357194268e-06, -2.112621887744431e-06] - [0.20833632228822485, 0.3333341713709983, -0.04166419542774948, 3.637677685894241e-06] - [0.16666445215642336, 0.6666642238107844, 0.16666503955220613, -2.0328727964643202e-06] - [-3.4243879238225792e-06, -3.0570482998223264e-06, -2.6895325851213957e-06, -3.421463910467554e-06]
A2: [0.16665596869807175, -0.16667770430213846, -1.1571733748770749e-05, -1.0730163810845948e-05] - [0.16658223035844022, 0.33324625182310036, -9.03671571662447e-05, -8.456252407603883e-05] - [0.16663112461408303, 0.8332966832091327, -3.7872387640100174e-05, -3.557296451589985e-05] - [9.68674697977574e-06, 9.982799548589161e-06, 1.0251099123366313e-05, 9.686743724192244e-06]
B1: 0.16670090242755772 - 0.6665859271750472 - 0.1665750447761222 - 5.140037593266884e-05
B2: 0.1666921675886934 - 0.6666965283942793 - 0.1667055835864762 - 2.6287162148258078e-05
