Number: 2415
Error: 3.94925891523009e-06
A1: [-1.0102448875309361e-05, -9.713119062069508e-06, -8.190798858135619e-06, -9.898672199850669e-06] - [0.20830435054695198, 0.3333044676348764, -0.04169034685577377, -2.8084947423987706e-05] - [0.16665430757145056, 0.6666548509140121, 0.1666567926155971, -1.2107667406951561e-05] - [-4.586916411853184e-06, -4.094965669679935e-06, -3.6028109748165947e-06, -4.583005172894363e-06]
A2: [0.16668831304138151, -0.16664434349871207, 2.263688272833124e-05, 2.1603267445634943e-05] - [0.16669458324409658, 0.3333621475579038, 2.84508398594233e-05, 2.7747567933696034e-05] - [0.1666535896846769, 0.8333198607224477, -1.4120141102810768e-05, -1.3118379226356913e-05] - [1.2968945687620927e-05, 1.3365324268922405e-05, 1.3724556884442019e-05, 1.296894292548094e-05]
B1: 0.16662943365280034 - 0.6665821945689118 - 0.16667434192819025 - -1.3161384536484555e-05
B2: 0.1666207570333121 - 0.6665996904299708 - 0.16658744550096427 - -4.485895633889959e-05
