Number: 2941
Error: 4.236865952842735e-06
A1: [-1.1937189948510984e-05, -1.1636830881357611e-05, -9.956520888966401e-06, -1.1689252936884182e-05] - [0.2082996103551496, 0.3332990394247539, -0.04169535832100349, -3.2630549154385605e-05] - [0.1666520336395953, 0.6666525129492568, 0.16665469534306965, -1.4327106155715334e-05] - [-5.587686086108443e-06, -4.98845252123867e-06, -4.3890036929578775e-06, -5.5829271745680805e-06]
A2: [0.16669133070181041, -0.1666412025862561, 2.582661374658527e-05, 2.4611524463874594e-05] - [0.16669459163205147, 0.3333622582868754, 2.8405946397136924e-05, 2.7719075687356336e-05] - [0.16664939963017336, 0.8333155619874866, -1.8578718431393732e-05, -1.7317471192025814e-05] - [1.5791591515159365e-05, 1.6274247703106443e-05, 1.6711684696720423e-05, 1.5791589849951585e-05]
B1: 0.166624116907096 - 0.6665625054728418 - 0.16667063978146177 - -1.3257381680669951e-05
B2: 0.16661474192553272 - 0.6665900708866506 - 0.16657559036589353 - -5.064617623684322e-05
