Number: 884
Error: 7.705121291771804e-06
A1: [9.460743228313857e-07, 9.084396987050256e-07, 1.2846716731277383e-06, 1.0162658632956868e-06] - [0.20834459925212062, 0.3333436501572965, -0.04165544731880158, 1.1574270797248897e-05] - [0.16666842667693244, 0.6666683098512374, 0.16666870398734468, 1.846314164000978e-06] - [-1.6732942240921988e-06, -1.4936519867556272e-06, -1.3139052808786761e-06, -1.671862417867624e-06]
A2: [0.1666506715982667, -0.1666832169332357, -1.7169581651403075e-05, -1.601080557255101e-05] - [0.1665821461103634, 0.333245988870093, -9.035722467512563e-05, -8.458223585687565e-05] - [0.16663843687115024, 0.8333041856391198, -3.0090233855439477e-05, -2.824489727717024e-05] - [4.74846693886465e-06, 4.893573163916095e-06, 5.02506934863402e-06, 4.7484645152524045e-06]
B1: 0.16671013027852166 - 0.6666202464951989 - 0.16658134814852132 - 5.149572197934772e-05
B2: 0.16670289344618303 - 0.6667135473753166 - 0.16672649879118187 - 3.6614212317498095e-05
