Number: 114
Error: 8.159041449998853e-06
A1: [3.5364724955406203e-06, 3.621512134824746e-06, 3.758802760710083e-06, 3.542095675295325e-06] - [0.20835114648073957, 0.3333511746080105, -0.041648563141385445, 1.7836981403416185e-05] - [0.1666716565472894, 0.6666716260145096, 0.16667166017282262, 4.996476708252734e-06] - [-2.0753665241758094e-07, -1.8499117227759698e-07, -1.6243027283012163e-07, -2.0735895078757883e-07]
A2: [0.1666462647131804, -0.16668780219011414, -2.182420823566604e-05, -2.040391588142043e-05] - [0.16658221364626882, 0.33324591386586194, -9.019718996516121e-05, -8.446069167101178e-05] - [0.16664459910826923, 0.833310508529644, -2.3531869638078284e-05, -2.2069431459084882e-05] - [6.147957481189171e-07, 6.335486925328004e-07, 6.505396468910909e-07, 6.147954104266036e-07]
B1: 0.16671671606404667 - 0.6666479646330397 - 0.1665857469911979 - 5.043895802146426e-05
B2: 0.1667133711072076 - 0.666728991179522 - 0.16674488151980002 - 4.675810530847353e-05
