Number: 396
Error: 7.986857743024273e-06
A1: [2.622833447763079e-06, 2.665504342744626e-06, 2.892865251548885e-06, 2.6520701917328414e-06] - [0.2083488914287239, 0.33334857179640964, -0.04165092132524774, 1.5685992019160404e-05] - [0.16667050985334164, 0.6666704502166682, 0.16667061871718042, 3.8789405820667575e-06] - [-7.44372113201654e-07, -6.642921784891568e-07, -5.841608466848241e-07, -7.437345100197405e-07]
A2: [0.1666478701556896, -0.1666861320800124, -2.0129329307133784e-05, -1.8803518166469248e-05] - [0.1665821441905285, 0.33324589439104907, -9.030484999024168e-05, -8.454992648105723e-05] - [0.16664232843688082, 0.8333081785687442, -2.5948484639698117e-05, -2.4344947261525495e-05] - [2.1287207325434643e-06, 2.1937496787405074e-06, 2.252676474440032e-06, 2.1287194984875567e-06]
B1: 0.16671461330376786 - 0.6666380795699188 - 0.16658435960781587 - 5.1134755551691485e-05
B2: 0.1667090781648019 - 0.666722991871781 - 0.1667379257838434 - 4.2587399208416545e-05
