Number: 678
Error: 7.822557233179843e-06
A1: [1.6429084232297557e-06, 1.6386908925885046e-06, 1.9515991737833237e-06, 1.6958223018084483e-06] - [0.20834636726492342, 0.33334568190659863, -0.04165358455842947, 1.3266149823195911e-05] - [0.16666929512852008, 0.6666692019376876, 0.16666950032291936, 2.6934378905512553e-06] - [-1.2811730476541223e-06, -1.143558904201051e-06, -1.0058613614528853e-06, -1.2800762631607224e-06]
A2: [0.16664948407922983, -0.16668445243975166, -1.8423892439373208e-05, -1.7194639413462338e-05] - [0.1665821275470266, 0.3332459311506407, -9.03529893401228e-05, -8.458634971569403e-05] - [0.16664007569760814, 0.8333058672021131, -2.8345890520236545e-05, -2.6602531385688236e-05] - [3.642612346834412e-06, 3.7539161573426827e-06, 3.854778767843714e-06, 3.6426103649609356e-06]
B1: 0.16671215512138926 - 0.6666278948547535 - 0.16658272802060847 - 5.1475735839917486e-05
B2: 0.16670546405891762 - 0.6667174605303221 - 0.16673121378240377 - 3.909552934924478e-05
