Number: 103
Error: 2.6399663516036966e-06
A1: [-2.1426282743047145e-06, -1.3705238462675262e-06, -5.510966987587681e-07, -2.132881806709937e-06] - [0.20832475638166176, 0.3333278645068616, -0.04166881528833166, -8.534073743465375e-06] - [0.16666419351635872, 0.6666650101665307, 0.1666658854256995, -2.461197447914428e-06] - [-1.8748829048392235e-07, -1.670918754291281e-07, -1.4668136068925982e-07, -1.8732776094386303e-07]
A2: [0.16667503842533066, -0.1666581575642032, 8.610579209559005e-06, 8.369984901608346e-06] - [0.166694550548734, 0.3333616733575152, 2.8668832140014817e-05, 2.7876950360543464e-05] - [0.16667201732041056, 0.8333387678527363, 5.491219511383512e-06, 5.348961819439984e-06] - [5.587501499678859e-07, 5.757901053627635e-07, 5.912287389529696e-07, 5.587498455830305e-07]
B1: 0.16665149255710254 - 0.6666674697344238 - 0.16668937489959737 - -1.4050897588479443e-05
B2: 0.16664915216435272 - 0.6666435877993716 - 0.16664080404351814 - -1.7465409873683872e-05
