Number: 1917
Error: 3.675290868928311e-06
A1: [-8.37206807894265e-06, -7.898874134664156e-06, -6.52651693538462e-06, -8.210096807521134e-06] - [0.20830881133447135, 0.3333095782889467, -0.041685632322126354, -2.3808371257401374e-05] - [0.16665645369413584, 0.6666570572757541, 0.16665877068543103, -1.0013135232210023e-05] - [-3.639369555139131e-06, -3.2489911523187027e-06, -2.8584302088951558e-06, -3.6362627642736576e-06]
A2: [0.16668545031534276, -0.16664732286821932, 1.9611356755391134e-05, 1.8749444357299528e-05] - [0.1666945550409037, 0.33336202260446063, 2.847340702711645e-05, 2.7754279601198564e-05] - [0.16665755210556582, 0.8333239260573508, -9.903451193532334e-06, -9.147403391637757e-06] - [1.0296298966428195e-05, 1.0610984372425637e-05, 1.0896171900569005e-05, 1.0296295737218867e-05]
B1: 0.1666345011055499 - 0.6666008560850762 - 0.1666778530499496 - -1.3036963312072257e-05
B2: 0.1666264899910737 - 0.6666088149461412 - 0.1665986644457613 - -3.934174919350753e-05
