Number: 2280
Error: 6.927669629765556e-06
A1: [-3.916829401000062e-06, -4.189991505633479e-06, -3.393759264667175e-06, -3.729426342865674e-06] - [0.20833204772527825, 0.3333292750562154, -0.041668713679881966, -4.607949434006727e-07] - [0.16666239772083935, 0.6666621116959515, 0.16666314555678713, -4.037991521183233e-06] - [-4.330322170501181e-06, -3.865870513976173e-06, -3.4012198070845484e-06, -4.326628602763002e-06]
A2: [0.1666587065021023, -0.16667485494895842, -8.678246477760548e-06, -8.000874960842214e-06] - [0.16658226361993222, 0.3332463777458635, -9.038221378072067e-05, -8.45626561331906e-05] - [0.16662733881462732, 0.8332927990746652, -4.190119611477217e-05, -3.936694594919175e-05] - [1.2241435400421006e-05, 1.2615575462922708e-05, 1.2954651100105619e-05, 1.2241432458318642e-05]
B1: 0.1666960612442958 - 0.6665680971877577 - 0.16657170166136842 - 5.1284049512883016e-05
B2: 0.16668668968814607 - 0.6666878001789144 - 0.16669484527411613 - 2.101561208351491e-05
