Number: 1904
Error: 7.135241856063726e-06
A1: [-2.616197281203329e-06, -2.8263845062279883e-06, -2.143727773485576e-06, -2.4603536896056567e-06] - [0.20833539175774884, 0.333333108399693, -0.04166518079164546, 2.7441725081695766e-06] - [0.16666401239285206, 0.6666637714729619, 0.1666646325832171, -2.4622675319871383e-06] - [-3.6147120189399246e-06, -3.2269705468627084e-06, -2.8390473687746867e-06, -3.611626195889137e-06]
A2: [0.16665654279108383, -0.1666771067063301, -1.096479527333868e-05, -1.0157859703780182e-05] - [0.16658223488507568, 0.33324627599362405, -9.037241927446395e-05, -8.456501271401578e-05] - [0.1666303291355564, 0.8332958670928795, -3.87188754774937e-05, -3.6370161835067664e-05] - [1.02234655627655e-05, 1.0535923681496983e-05, 1.0819092449180578e-05, 1.0223462330806731e-05]
B1: 0.16669991199986584 - 0.6665822076068063 - 0.16657436836181655 - 5.1402602095395006e-05
B2: 0.16669104244503574 - 0.6666946952505205 - 0.16670330161506336 - 2.520536792213582e-05
