Number: 606
Error: 7.8640381948568e-06
A1: [1.8953338657360316e-06, 1.9032579459620552e-06, 2.194494811656835e-06, 1.942200403245979e-06] - [0.2083470208431136, 0.333346429533937, -0.041652894127790156, 1.389308397837121e-05] - [0.16666960758478855, 0.666669523126418, 0.1666697885158032, 2.9984310763750514e-06] - [-1.1441199572449963e-06, -1.0211953732281537e-06, -8.98195206015737e-07, -1.1431403468644316e-06]
A2: [0.16664907133667808, -0.1666848820073047, -1.88600909225843e-05, -1.7606093935638457e-05] - [0.16658212836992536, 0.33324591817960414, -9.034443412038782e-05, -8.458047660693327e-05] - [0.1666406498303822, 0.8333064562703383, -2.773488519151439e-05, -2.602716158562966e-05] - [3.2560918813211662e-06, 3.3555809990174784e-06, 3.445736640149496e-06, 3.256090075040833e-06]
B1: 0.1667128075271107 - 0.6666305167834121 - 0.16658316299659867 - 5.141343435019499e-05
B2: 0.16670635352853394 - 0.6667188467034636 - 0.16673290909393723 - 3.995378967535865e-05
