Number: 1884
Error: 7.146315736698227e-06
A1: [-2.5449719745237132e-06, -2.7516947818311526e-06, -2.074964856777704e-06, -2.390809069097551e-06] - [0.20833557785767975, 0.3333333209881263, -0.04166498372425222, 2.922867402483702e-06] - [0.16666410034403126, 0.6666638619390675, 0.16666471397571825, -2.376390103901947e-06] - [-3.5766473658485512e-06, -3.1929862614126687e-06, -2.809144540440071e-06, -3.573593898771928e-06]
A2: [0.16665642798160274, -0.1666772262164418, -1.108617401620572e-05, -1.0272311404051982e-05] - [0.1665822340129455, 0.33324627119232064, -9.03713344888681e-05, -8.456448178231291e-05] - [0.1666304882392368, 0.8332960303239946, -3.854957014644017e-05, -3.621071439145319e-05] - [1.0116122652496879e-05, 1.0425299687462047e-05, 1.0705494628198958e-05, 1.0116119414003372e-05]
B1: 0.16670011018849124 - 0.6665829516456102 - 0.16657450379584982 - 5.14022605149451e-05
B2: 0.16669126732750358 - 0.6666950617289746 - 0.16670375785523095 - 2.5421580483120948e-05
