Number: 2467
Error: 3.977768322215909e-06
A1: [-1.0282833094307265e-05, -9.902243347472496e-06, -8.364248260249492e-06, -1.007469160631448e-05] - [0.20830388595546737, 0.33330393525174407, -0.041690837812921815, -2.8530305446546233e-05] - [0.16665408377920887, 0.6666546208481898, 0.16665658640239603, -1.2326073236954523e-05] - [-4.6858543335333425e-06, -4.1832976884258775e-06, -3.680535455892683e-06, -4.681859202498627e-06]
A2: [0.16668861176067318, -0.16664403260266658, 2.295259598736793e-05, 2.190105711262283e-05] - [0.16669458537399218, 0.33336215978381256, 2.844765682851971e-05, 2.7746051961592813e-05] - [0.16665317572082894, 0.8333194360119347, -1.4560656378286179e-05, -1.3533236446853332e-05] - [1.3248002509749897e-05, 1.3652910826451448e-05, 1.401987484177828e-05, 1.3247999828452341e-05]
B1: 0.1666289040458351 - 0.6665802448769238 - 0.1666739735104729 - -1.3174864271187745e-05
B2: 0.16662015837115735 - 0.6665987385494456 - 0.1665862758961926 - -4.5435089746948806e-05
