Number: 553
Error: 2.9106062358132096e-06
A1: [-3.638891557658823e-06, -2.9369363565527305e-06, -1.9763255387769614e-06, -3.59142801808215e-06] - [0.20832100187040165, 0.3333235450068487, -0.04167275450085984, -1.212238177773198e-05] - [0.1666623247067885, 0.666663092370144, 0.16666417945198597, -4.283442703795808e-06] - [-1.0438424712027486e-06, -9.316676657948573e-07, -8.194230227076734e-07, -1.0429486030574096e-06]
A2: [0.16667760183782063, -0.1666554904404778, 1.1317774833776527e-05, 1.0925351926013845e-05] - [0.16669445610781441, 0.3333616602910773, 2.8516748737713075e-05, 2.7750965392128838e-05] - [0.16666840088773324, 0.8333350571098022, 1.642512519744454e-06, 1.724803062753404e-06] - [2.9747107947156116e-06, 3.065599358311554e-06, 3.147960868215098e-06, 2.9747091207836263e-06]
B1: 0.16664801302836746 - 0.6666515929405814 - 0.16668707881227657 - -1.3064455936654027e-05
B2: 0.16664263724839914 - 0.6666342281591155 - 0.16662978817128488 - -2.3785382672066605e-05
