Number: 135
Error: 2.6601863679091376e-06
A1: [-2.2534389937936324e-06, -1.4864739186528071e-06, -6.571574242636263e-07, -2.2410062226576712e-06] - [0.20832447188692554, 0.3333275391992187, -0.04166911418763469, -8.806733002095307e-06] - [0.16666405629236078, 0.666664869292031, 0.16666575944807682, -2.595106004370229e-06] - [-2.483849571295658e-07, -2.2146216399837996e-07, -1.9452095041881753e-07, -2.481722168027501e-07]
A2: [0.16667521749898506, -0.1666579711376993, 8.799841473936515e-06, 8.548486466051419e-06] - [0.16669453161402217, 0.3333616600703369, 2.8645552593653434e-05, 2.785577269415395e-05] - [0.1666717572715968, 0.8333385010505211, 5.214567455108477e-06, 5.088363661439025e-06] - [7.305666617358498e-07, 7.528585296542423e-07, 7.730564591874776e-07, 7.305662486781002e-07]
B1: 0.16665132979989436 - 0.6666664165830147 - 0.16668927871374897 - -1.389611522905536e-05
B2: 0.16664864878865862 - 0.6666428688883878 - 0.16663995360619754 - -1.7954924059558592e-05
