Number: 613
Error: 2.945227610535922e-06
A1: [-3.829408332425697e-06, -3.136442533120733e-06, -2.1566445942500767e-06, -3.7769244722458954e-06] - [0.20832053708472867, 0.3333230063946327, -0.041673240906106836, -1.2565041176450686e-05] - [0.16666208442876282, 0.666662845949046, 0.1666639616604037, -4.517520854823831e-06] - [-1.158021789760099e-06, -1.0336098407104854e-06, -9.091213783841856e-07, -1.1570302752347943e-06]
A2: [0.1666779486429194, -0.16665512979671226, 1.1683758870992972e-05, 1.1271084231754846e-05] - [0.16669446207443356, 0.3333616772533272, 2.8515271148672343e-05, 2.775272575514034e-05] - [0.16666792293091268, 0.833334566639757, 1.133696874835511e-06, 1.245815952325477e-06] - [3.296810207686388e-06, 3.3975443662708747e-06, 3.488828320749432e-06, 3.2968083801769476e-06]
B1: 0.16664741755662893 - 0.6666493574445984 - 0.1666866669387147 - -1.3064417649869979e-05
B2: 0.16664181862990515 - 0.6666330575171658 - 0.1666284251495392 - -2.457800616855935e-05
