Number: 873
Error: 3.0935267005392178e-06
A1: [-4.733636026142818e-06, -4.084214826808866e-06, -3.0258637659232226e-06, -4.659322285762295e-06] - [0.20831820579522786, 0.33332033674733463, -0.041675702764472335, -1.4800146661612692e-05] - [0.1666609635185689, 0.6666616938026277, 0.16666292895624651, -5.611489248738605e-06] - [-1.6527934226115734e-06, -1.4753515247351202e-06, -1.2978060813042072e-06, -1.6513791081816301e-06]
A2: [0.16667944195600393, -0.16665357574633968, 1.3261748048803528e-05, 1.275974912105492e-05] - [0.16669446930392734, 0.3333617343025983, 2.8494648324687408e-05, 2.7741729986168265e-05] - [0.16666585199694947, 0.833332441798592, -1.0703224691539065e-06, -8.295822980495392e-07] - [4.69256276406407e-06, 4.8359607042507545e-06, 4.9659087488019955e-06, 4.6925603583899724e-06]
B1: 0.1666449710844935 - 0.6666398057788708 - 0.16668501904464272 - -1.2930056941091504e-05
B2: 0.16663864007962464 - 0.6666281074442867 - 0.16662238139080413 - -2.764392774525603e-05
