Number: 558
Error: 7.891865585915301e-06
A1: [2.0717076521015807e-06, 2.0881664456210487e-06, 2.3653956914376653e-06, 2.1145348713848086e-06] - [0.20834748910786463, 0.33334696227489674, -0.041652397742198005, 1.4343554890430863e-05] - [0.16666982404793296, 0.6666697458581009, 0.16666998969668192, 3.2099109874134534e-06] - [-1.0527516279371558e-06, -9.396201644970259e-07, -8.264184617781092e-07, -1.0518501562793263e-06]
A2: [0.16664879788396755, -0.16668516673638178, -1.914930468442391e-05, -1.787868796049747e-05] - [0.16658213389351886, 0.3332459143615864, -9.033406012700188e-05, -8.457158623516523e-05] - [0.16664103336321853, 0.8333068497469903, -2.7326799197540946e-05, -2.5642804082034967e-05] - [2.9984093799246807e-06, 3.0900219717741676e-06, 3.173039616050271e-06, 2.998407696644585e-06]
B1: 0.16671320568573567 - 0.6666322302516098 - 0.1665834207771505 - 5.1335106028792485e-05
B2: 0.16670692709805165 - 0.6667197765579639 - 0.16673407153356987 - 4.05065534926917e-05
