Number: 99
Error: 2.637448319457777e-06
A1: [-2.137755529036819e-06, -1.3655143723890998e-06, -5.478288848440872e-07, -2.128336245466964e-06] - [0.20832475578285764, 0.3333278669734196, -0.04166881815824219, -8.536117348379733e-06] - [0.16666420159444362, 0.6666650181898982, 0.16666589107613233, -2.4535251047929303e-06] - [-1.7987665316447257e-07, -1.6029582000800087e-07, -1.4070143178155353e-07, -1.7972265046773898e-07]
A2: [0.16667501454879943, -0.16665818228315984, 8.585586666603775e-06, 8.346179945988084e-06] - [0.16669454907177225, 0.3333616713775191, 2.8668315768155497e-05, 2.7875754019028367e-05] - [0.16667204940332783, 0.8333388008047993, 5.5254293887094595e-06, 5.381113465752769e-06] - [5.372776032838103e-07, 5.53661203764915e-07, 5.685050470948434e-07, 5.37277312564205e-07]
B1: 0.16665154138718066 - 0.6666676286570744 - 0.1666894129987798 - -1.4041734138624495e-05
B2: 0.16664924648501436 - 0.6666436810685482 - 0.16664088421621503 - -1.737282373798369e-05
