Number: 734
Error: 7.790489787962576e-06
A1: [1.457338976766533e-06, 1.4442672026788962e-06, 1.7746198547664193e-06, 1.5149460224217334e-06] - [0.20834590222850807, 0.33334514609753346, -0.041654073505809144, 1.2821795092727373e-05] - [0.1666690629644089, 0.666668963579169, 0.16666928822474242, 2.467067960854328e-06] - [-1.387770673764485e-06, -1.2387314311564987e-06, -1.089602872794875e-06, -1.3865827812404848e-06]
A2: [0.16664980728458928, -0.16668411622987078, -1.8082612337564776e-05, -1.6872435855845343e-05] - [0.16658213315146278, 0.33324594728128837, -9.035382030307341e-05, -8.458467325679675e-05] - [0.1666396300875225, 0.8333054099559186, -2.8820221278262215e-05, -2.704910362364166e-05] - [3.943236504996436e-06, 4.063729437781039e-06, 4.172919667493296e-06, 3.9432343941154724e-06]
B1: 0.16671160133009252 - 0.6666258119675945 - 0.16658234883493966 - 5.1477805363077126e-05
B2: 0.16670474441900326 - 0.6667163880376058 - 0.16672993611779552 - 3.84001640615579e-05
