Number: 1379
Error: 3.3771732512348404e-06
A1: [-6.4988773957203515e-06, -5.934891793810189e-06, -4.724365693219997e-06, -6.382075466495432e-06] - [0.20831364561437016, 0.33331511537503467, -0.04168052246855044, -1.9173119407986575e-05] - [0.1666587760211394, 0.6666594448664042, 0.16666091180374815, -7.746551294704366e-06] - [-2.6156613657455132e-06, -2.3350144336572754e-06, -2.054219854978855e-06, -2.613425721737553e-06]
A2: [0.1666823540653139, -0.16665054515474126, 1.6339192341249638e-05, 1.5662812404615867e-05] - [0.16669451049502879, 0.3333618735174293, 2.8483689871889776e-05, 2.774745033971847e-05] - [0.16666182915528727, 0.8333283142956153, -5.351693983884394e-06, -4.861113227775134e-06] - [7.408694279140753e-06, 7.635115515461145e-06, 7.84030633526735e-06, 7.408691170647824e-06]
B1: 0.1666399546741635 - 0.6666209852776235 - 0.16668160325138404 - -1.2923682082870475e-05
B2: 0.16663270363368984 - 0.6666187041754501 - 0.16661082852763123 - -3.336117625209669e-05
