Number: 2996
Error: 6.534961673414524e-06
A1: [-6.404058638735084e-06, -6.797721990021778e-06, -5.785813852971183e-06, -6.156551696748478e-06] - [0.20832563738440724, 0.3333219305498698, -0.04167548848602762, -6.606288674730344e-06] - [0.16665931236648648, 0.6666589398467142, 0.16666030202366902, -7.049175928917895e-06] - [-5.692947630718218e-06, -5.082421148976591e-06, -4.471679007324698e-06, -5.688099676286843e-06]
A2: [0.16666281795835636, -0.16667057575518238, -4.3327022663848e-06, -3.90222717168716e-06] - [0.16658228711397244, 0.3332465405081166, -9.043158160557363e-05, -8.458939662947677e-05] - [0.16662163741806532, 0.8332869497521487, -4.796814659036356e-05, -4.50806523359637e-05] - [1.60837647063409e-05, 1.657534997175961e-05, 1.7020880692242237e-05, 1.6083763192326568e-05]
B1: 0.1666887811630406 - 0.6665412597625904 - 0.1665666337369238 - 5.1110734015434104e-05
B2: 0.16667845991878813 - 0.6666746962545566 - 0.16667873356418964 - 1.3096250336269629e-05
