Number: 2845
Error: 4.184464722701355e-06
A1: [-1.1585757196115462e-05, -1.126823009503296e-05, -9.61582409312876e-06, -1.134589557390001e-05] - [0.20830054225012598, 0.3333001006386535, -0.04169436941703048, -3.173423222342513e-05] - [0.16665246539982334, 0.6666529573370783, 0.16665509674500184, -1.3905307100305889e-05] - [-5.405042532272279e-06, -4.825389625926075e-06, -4.245522656324364e-06, -5.400438173219876e-06]
A2: [0.166690783149674, -0.16664177277204079, 2.5247370127656555e-05, 2.4065688411148007e-05] - [0.16669459891007904, 0.33336224651993906, 2.8422190389662755e-05, 2.7733084412259965e-05] - [0.1666501655606739, 0.8333163477088663, -1.7763871938143028e-05, -1.654989126381081e-05] - [1.5276443920248147e-05, 1.574335405719788e-05, 1.616651809226445e-05, 1.5276442008616056e-05]
B1: 0.16662503157202005 - 0.6665660466957691 - 0.1666712667942851 - -1.3295581822919664e-05
B2: 0.16661578223226373 - 0.6665918207143311 - 0.1665778027425457 - -4.9647456537777235e-05
