Number: 2171
Error: 3.815205935079781e-06
A1: [-9.243102905211712e-06, -8.81203569292921e-06, -7.3625427062002885e-06, -9.059819978863718e-06] - [0.20830658260063745, 0.3333070207085636, -0.04168798525084103, -2.5943193715664077e-05] - [0.16665537073479317, 0.6666559442476618, 0.1666577747539701, -1.1069791933568466e-05] - [-4.122663625066503e-06, -3.6804795463526053e-06, -3.2381007019946253e-06, -4.1191463009167e-06]
A2: [0.16668691292517515, -0.16664580086211336, 2.115680090555607e-05, 2.0207513235661352e-05] - [0.16669457660296808, 0.3333620932563649, 2.8468541747855505e-05, 2.7758033637630686e-05] - [0.16665553220732518, 0.833321853637452, -1.2053101925927274e-05, -1.117166489777972e-05] - [1.165948158582244e-05, 1.2015834640681644e-05, 1.2338788440847744e-05, 1.1659478525329326e-05]
B1: 0.1666318775692792 - 0.6665913021783864 - 0.16667602974659784 - -1.3139361654361471e-05
B2: 0.1666235245029661 - 0.6666041555841712 - 0.16659297478372817 - -4.219719348637952e-05
