Number: 2839
Error: 4.18122374042138e-06
A1: [-1.1578768552661001e-05, -1.126100972477722e-05, -9.61118862787497e-06, -1.1339397289165163e-05] - [0.2083005401770961, 0.3333001032594551, -0.04169437470266714, -3.173847110097338e-05] - [0.16665247725370608, 0.6666529691298573, 0.16665510500120206, -1.3894061303642897e-05] - [-5.393625076598633e-06, -4.8151954435479665e-06, -4.236551834749503e-06, -5.389030381590597e-06]
A2: [0.16669074637966688, -0.16664181083007537, 2.5208879745603806e-05, 2.402902577151969e-05] - [0.16669459271046344, 0.3333622394632392, 2.841723775198323e-05, 2.7727305894564115e-05] - [0.16665021266309787, 0.8333163960885761, -1.7713628701586666e-05, -1.650268564857218e-05] - [1.5244254876881299e-05, 1.571018109734373e-05, 1.6132453267080164e-05, 1.5244252950574037e-05]
B1: 0.16662513778574636 - 0.6665663148649004 - 0.16667135062664076 - -1.324888050360928e-05
B2: 0.16661589845256958 - 0.6665919345954737 - 0.16657789626770655 - -4.953384023602942e-05
