Number: 1250
Error: 7.499105763387698e-06
A1: [-3.202337458673277e-07, -4.190370107669696e-07, 6.790063182258851e-08, -2.1931867036049121e-07] - [0.2083413436612029, 0.3333399188024227, -0.04165888562621535, 8.454054635397203e-06] - [0.16666685487816268, 0.6666666942726183, 0.16666725673071503, 3.1243440865733066e-07] - [-2.369947801079104e-06, -2.1156344454072395e-06, -1.8611837854322377e-06, -2.367921583401177e-06]
A2: [0.16665278038524345, -0.1666810225211954, -1.494139116782045e-05, -1.3908566057289129e-05] - [0.1665821826493505, 0.33324609612246475, -9.035891602373351e-05, -8.457137017566829e-05] - [0.16663552797351708, 0.8333012010164954, -3.318620379612524e-05, -3.1160084020928784e-05] - [6.7131431713067235e-06, 6.918303025622236e-06, 7.104224585015106e-06, 6.713140190930899e-06]
B1: 0.16670647704216338 - 0.6666066111519554 - 0.1665788587106541 - 5.1475650174352864e-05
B2: 0.16669854804567302 - 0.6667067274555236 - 0.16671815965742326 - 3.2427465254706336e-05
