Number: 2623
Error: 4.063195370483652e-06
A1: [-1.082398145483906e-05, -1.0469610661706539e-05, -8.884590504138129e-06, -1.0602745675650974e-05] - [0.20830249219259664, 0.3333023381165386, -0.041692310669673376, -2.9866368302392068e-05] - [0.16665341240762158, 0.6666539306563358, 0.1666559677671552, -1.2981285890875084e-05] - [-4.982664971896607e-06, -4.448290659245843e-06, -3.913706536480753e-06, -4.9784182854706265e-06]
A2: [0.16668950761134058, -0.16664310022274675, 2.3899427379064968e-05, 2.2794118909269477e-05] - [0.16669459059261604, 0.3333621952883966, 2.843693461956998e-05, 2.774033283402869e-05] - [0.16665193354052624, 0.8333181615912777, -1.5882491554283464e-05, -1.4778096961621329e-05] - [1.4085156497314482e-05, 1.4515653487416035e-05, 1.4905811462985674e-05, 1.4085154094824598e-05]
B1: 0.16662731643938225 - 0.6665743961798962 - 0.16667286772149403 - -1.3214102946604745e-05
B2: 0.1666183629649299 - 0.666595883495898 - 0.1665827676802921 - -4.716290918018439e-05
