Number: 751
Error: 3.0242517552385054e-06
A1: [-4.303096063735937e-06, -3.632863096945328e-06, -2.6109919523421e-06, -4.239031513505043e-06] - [0.2083193249487872, 0.33332161618914324, -0.04167451930267833, -1.3726149689408388e-05] - [0.1666614958350423, 0.6666622411555889, 0.16666342064349168, -5.091820643705495e-06] - [-1.4206327124508785e-06, -1.2680743101174432e-06, -1.1154246676677675e-06, -1.4194167217727978e-06]
A2: [0.16667874170293226, -0.16665430456925662, 1.2521620797213099e-05, 1.2061677079143506e-05] - [0.1666944661138164, 0.3333617075270002, 2.8504108957872655e-05, 2.7747091627654876e-05] - [0.16666682339186273, 0.833333438454311, -3.6547196096916755e-08, 1.4390740121924227e-07] - [4.037639720680124e-06, 4.161018733238816e-06, 4.272824486753418e-06, 4.037637568405954e-06]
B1: 0.1666461188920875 - 0.666644286395634 - 0.1666857898412233 - -1.2993283137193801e-05
B2: 0.16664009361984408 - 0.6666304118657905 - 0.1666252197786693 - -2.6243235188507408e-05
