Number: 2740
Error: 6.675007201611328e-06
A1: [-5.506900091214447e-06, -5.857038896191844e-06, -4.921800779167563e-06, -5.280889824746024e-06] - [0.2083279610764403, 0.33332459002627657, -0.04167303091313599, -4.377319633100185e-06] - [0.16666042346296164, 0.6666600823160829, 0.16666132755974306, -5.964604845080595e-06] - [-5.205765757185363e-06, -4.647467109228216e-06, -4.088956274185855e-06, -5.201330104792153e-06]
A2: [0.16666135035010637, -0.16667210340073185, -5.884141370093268e-06, -5.365255873612825e-06] - [0.1665822862598704, 0.33324648968701714, -9.040674650797768e-05, -8.457228925045245e-05] - [0.16662367730736077, 0.8332890425100918, -4.579760012712014e-05, -4.3036361421209976e-05] - [1.4710031139672353e-05, 1.5159626783572133e-05, 1.5567096242817882e-05, 1.4710028983150967e-05]
B1: 0.16669135511720398 - 0.6665508303095642 - 0.16656842508929617 - 5.114375037359801e-05
B2: 0.16668137236754757 - 0.6666793759876275 - 0.16668451462216474 - 1.5897714543857338e-05
