Number: 2407
Error: 3.94485504682341e-06
A1: [-1.0069165750590168e-05, -9.678180809561873e-06, -8.157961775705562e-06, -9.866065888868289e-06] - [0.20830444430067888, 0.33330457306877764, -0.0416902465450137, -2.7994174038283585e-05] - [0.1666543475899022, 0.6666548922115072, 0.16665683055716468, -1.2068482991071487e-05] - [-4.57169579459024e-06, -4.081376912634077e-06, -3.590854339236525e-06, -4.5677974631341644e-06]
A2: [0.16668826802636014, -0.1666443904336906, 2.2589157374962112e-05, 2.155839540241374e-05] - [0.1666945853792368, 0.33336214801733927, 2.845353995869335e-05, 2.7750263815574174e-05] - [0.16665365365674586, 0.8333199263330984, -1.4052114771894178e-05, -1.3054269755133237e-05] - [1.2926010675912953e-05, 1.332107689940602e-05, 1.3679119990891706e-05, 1.2926007901892241e-05]
B1: 0.166629496844129 - 0.6665824770549231 - 0.16667438195742978 - -1.317761292302993e-05
B2: 0.16662083038795786 - 0.6665998353681889 - 0.16658764212954222 - -4.47890659702208e-05
