Number: 469
Error: 2.8616827450837432e-06
A1: [-3.3479379019545366e-06, -2.632073501094712e-06, -1.6970015415928904e-06, -3.307526051464257e-06] - [0.20832175005103398, 0.3333244018874888, -0.04167196537034438, -1.1405271297486433e-05] - [0.166662685532686, 0.6666634631402032, 0.16666451148330705, -3.931320114049272e-06] - [-8.839904802089335e-07, -7.889482392142981e-07, -6.93845790736765e-07, -8.832333667799794e-07]
A2: [0.16667712131158022, -0.16665599052290408, 1.0810020160573236e-05, 1.0446327421533006e-05] - [0.16669446220605788, 0.33336165054754774, 2.8532330864761672e-05, 2.7762951659801726e-05] - [0.1666690722273426, 0.8333357459252717, 2.3569618981185017e-06, 2.397584877896529e-06] - [2.5237505911286113e-06, 2.6008546856150376e-06, 2.670724280719709e-06, 2.5237491444379318e-06]
B1: 0.1666487404441672 - 0.6666546229118853 - 0.16668756219148692 - -1.3170804479186606e-05
B2: 0.16664372198250865 - 0.6666358810593247 - 0.16663178980050072 - -2.273703593823951e-05
