Number: 2000
Error: 7.082161583880533e-06
A1: [-2.9436957734448974e-06, -3.169704281217729e-06, -2.457791541734748e-06, -2.7797987116935897e-06] - [0.20833455640900975, 0.3333321491586441, -0.041666062281167975, 1.944312376537906e-06] - [0.16666360476360034, 0.6666633525880887, 0.16666425806676677, -2.8599567879166436e-06] - [-3.797424728352005e-06, -3.390097701561499e-06, -2.9825839742944157e-06, -3.794183634999062e-06]
A2: [0.16665709623722377, -0.16667653081881506, -1.0380066022745023e-05, -9.606130914868409e-06] - [0.1665822451177284, 0.33324630476597045, -9.037223685036042e-05, -8.456151482091546e-05] - [0.16662956609668841, 0.8332950842037055, -3.953096167352814e-05, -3.713485080019725e-05] - [1.073870557712301e-05, 1.106691272605174e-05, 1.1364355792923516e-05, 1.0738702389011377e-05]
B1: 0.1666989135392702 - 0.6665785909343582 - 0.16657367483287944 - 5.1357043042205504e-05
B2: 0.16668991438485117 - 0.6666929323730061 - 0.1667011551840439 - 2.411892508139925e-05
