Number: 1102
Error: 7.582099972872537e-06
A1: [1.880048983735588e-07, 1.1374220818594838e-07, 5.557202598970989e-07, 2.7650002966089727e-07] - [0.208342644803826, 0.3333414115441202, -0.04165751216850102, 9.700470498417138e-06] - [0.16666748663426786, 0.6666673435333431, 0.1666678377299165, 9.288610895854009e-07] - [-2.088243607346218e-06, -1.8641250348765063e-06, -1.63988173696244e-06, -2.0864576293361304e-06]
A2: [0.1666519267413869, -0.1666819107692788, -1.5843275903973425e-05, -1.4759562308795937e-05] - [0.16658216500550088, 0.3332460499192202, -9.036102209290323e-05, -8.4578632321618e-05] - [0.166636703734067, 0.8333024073957874, -3.1934799116673817e-05, -2.9981780239793394e-05] - [5.918699317046811e-06, 6.099575684013611e-06, 6.2634893763810325e-06, 5.918696526209399e-06]
B1: 0.16670798107606902 - 0.6666121500879858 - 0.16657988905952165 - 5.1510546750514085e-05
B2: 0.1667003056389198 - 0.6667094738786428 - 0.16672150801285615 - 3.412090272479977e-05
