Number: 450
Error: 7.954963075743866e-06
A1: [2.4389669987611267e-06, 2.4729139572468273e-06, 2.7169112413305205e-06, 2.472734055714211e-06] - [0.208348423412822, 0.3333480347613065, -0.04165141394409898, 1.5237937885860582e-05] - [0.16667028112085946, 0.6666702153101356, 0.16667040893398943, 3.6558001969704237e-06] - [-8.471661299387333e-07, -7.560689960927599e-07, -6.649140435626949e-07, -8.464405454387901e-07]
A2: [0.16664817882882735, -0.1666858108807713, -1.980324730320866e-05, -1.8495811052907043e-05] - [0.16658213842666775, 0.3332458986653895, -9.031701408832892e-05, -8.455947789776242e-05] - [0.16664189614977304, 0.8333077350191381, -2.6408543355361083e-05, -2.4778162072393245e-05] - [2.4186186100147583e-06, 2.4925088251321727e-06, 2.5594659137271e-06, 2.418617220516006e-06]
B1: 0.16671416066118827 - 0.6666361445329263 - 0.16658405958492595 - 5.121809154254153e-05
B2: 0.16670834894336323 - 0.666721907527094 - 0.16673662811680007 - 4.1881584678379484e-05
