Number: 2819
Error: 4.170306372674152e-06
A1: [-1.1507551930085196e-05, -1.1186328320769102e-05, -9.542432461123825e-06, -1.1269861135153126e-05] - [0.2083007262729404, 0.333300315845771, -0.041694177631844534, -3.1559779667402147e-05] - [0.16665256518495955, 0.6666530595786577, 0.16665518638132565, -1.3808203384383324e-05] - [-5.355573781752988e-06, -4.781223386344667e-06, -4.206659319278316e-06, -5.351011295087961e-06]
A2: [0.16669063193476336, -0.16664192997368885, 2.5087866760924775e-05, 2.3914938400532723e-05] - [0.16669459321596503, 0.3333622360446265, 2.8419701271011625e-05, 2.7729213670724985e-05] - [0.16665037209880784, 0.8333165596525635, -1.754399139203122e-05, -1.6342906301265644e-05] - [1.5136932240437266e-05, 1.5599578021666146e-05, 1.6018876666291388e-05, 1.5136930265617843e-05]
B1: 0.16662533519742065 - 0.6665670590918943 - 0.16667148733699494 - -1.3249978067403863e-05
B2: 0.1666161218928645 - 0.6665922996237047 - 0.16657835108781396 - -4.931906451152521e-05
