Number: 3009
Error: 4.273880800337124e-06
A1: [-1.2160158651350292e-05, -1.1870501883634026e-05, -1.0168969126042713e-05, -1.190652650852629e-05] - [0.20829905482699065, 0.33329839816925244, -0.04169594248687464, -3.316097650036418e-05] - [0.16665175404094837, 0.666652225879919, 0.16665444019463588, -1.4599674198605503e-05] - [-5.7170614505081135e-06, -5.103959173656776e-06, -4.490641016343975e-06, -5.712193101492436e-06]
A2: [0.16669172286539216, -0.16664079461003098, 2.6240774229758216e-05, 2.500247229286436e-05] - [0.16669459762446756, 0.3333622771921393, 2.84043989708765e-05, 2.772029972551543e-05] - [0.16664885833270657, 0.833315006601662, -1.9154809293601667e-05, -1.7859937215816425e-05] - [1.6156468192034274e-05, 1.6650277265262966e-05, 1.709782384414676e-05, 1.6156466713817518e-05]
B1: 0.166623384122793 - 0.6665599157585624 - 0.16667011780803342 - -1.3315297074219937e-05
B2: 0.1666139167521011 - 0.666588824065258 - 0.1665741013098014 - -5.144188354237926e-05
