Number: 1619
Error: 3.510469376219209e-06
A1: [-7.3298584046906455e-06, -6.8061062087152655e-06, -5.523117627599415e-06, -7.192910727721214e-06] - [0.20831150779546292, 0.3333126651203088, -0.04168278104839966, -2.1222169756693014e-05] - [0.16665774474129413, 0.6666583847442787, 0.166659961907427, -8.75296819941823e-06] - [-3.072341281657158e-06, -2.7427435831042967e-06, -2.4129811569719697e-06, -3.0697167531513014e-06]
A2: [0.16668373650256665, -0.16664910653617857, 1.7800014687870253e-05, 1.7040959024027258e-05] - [0.1666945339439063, 0.3333619434787711, 2.8482425675542452e-05, 2.77540741560751e-05] - [0.1666599217761802, 0.8333263572979677, -7.381655050776391e-06, -6.7726142894259456e-06] - [8.69687954384602e-06, 8.962676254755797e-06, 9.203553818955056e-06, 8.696876301282414e-06]
B1: 0.16663751108398464 - 0.6666119966182913 - 0.16667992305568108 - -1.298497616247332e-05
B2: 0.16662990899744 - 0.6666142844085243 - 0.16660540931315893 - -3.6051840821851175e-05
