Number: 2602
Error: 6.750648418039564e-06
A1: [-5.034682684556965e-06, -5.361998947514657e-06, -4.4687318140489234e-06, -4.820249783584885e-06] - [0.20832916773088583, 0.3333259751089788, -0.041671757252140645, -3.2216834199442885e-06] - [0.16666101088533963, 0.6666606860027747, 0.16666186756178986, -5.391470779596018e-06] - [-4.943135595019557e-06, -4.41299090170195e-06, -3.8826370307207935e-06, -4.93892240415047e-06]
A2: [0.16666055677663455, -0.16667292924279803, -6.72270802330823e-06, -6.156360672968166e-06] - [0.16658227884903407, 0.3332464555937685, -9.039978663986888e-05, -8.457001796206319e-05] - [0.16662477588359456, 0.8332901696164676, -4.462852835893148e-05, -4.1935412595988446e-05] - [1.3969475289225696e-05, 1.4396434989892616e-05, 1.4783386630183146e-05, 1.396947284724266e-05]
B1: 0.16669278161506196 - 0.6665560254007172 - 0.16656942356690077 - 5.120053165535148e-05
B2: 0.16668298270973148 - 0.6666819034237809 - 0.16668759820610535 - 1.7448228356148565e-05
