Number: 1805
Error: 3.6134216222341486e-06
A1: [-7.977968480406696e-06, -7.485636932307095e-06, -6.14673162067589e-06, -7.825404257175654e-06] - [0.2083098344301282, 0.3333107486491403, -0.04168454994438944, -2.282672443863846e-05] - [0.16665694134339595, 0.6666575587511212, 0.16665922109263948, -9.537094056560826e-06] - [-3.426260458591092e-06, -3.0587258641785082e-06, -2.691014983925869e-06, -3.4233348424663135e-06]
A2: [0.1666848067542829, -0.16664799270435, 1.89310972770468e-05, 1.8107885537926978e-05] - [0.16669454872680342, 0.33336199442432685, 2.8478294311144677e-05, 2.77558173860673e-05] - [0.1666584429760897, 0.8333248400609187, -8.95542109862424e-06, -8.254609096740458e-06] - [9.695184312772213e-06, 9.991495753991247e-06, 1.0260029996978829e-05, 9.695181055154916e-06]
B1: 0.16663562508266114 - 0.6666050365700309 - 0.16667862525627908 - -1.3024713358767147e-05
B2: 0.16662776536215013 - 0.6666108684423543 - 0.16660120518892138 - -3.811489783265125e-05
