Number: 348
Error: 8.015418963722483e-06
A1: [2.7757824556223703e-06, 2.8255954976595106e-06, 3.037556120892569e-06, 2.801002298757956e-06] - [0.20834926513882826, 0.3333490043976676, -0.041650530663830926, 1.6041998848549337e-05] - [0.16667070254000665, 0.6666706477759449, 0.16667079332910983, 4.066666638208656e-06] - [-6.52997503748667e-07, -5.827105797556241e-07, -5.123780877293243e-07, -6.524381291453852e-07]
A2: [0.16664759456512276, -0.1666864187019544, -2.042018542224122e-05, -1.9078250043939614e-05] - [0.1665821470407024, 0.33324588860904747, -9.029572326802567e-05, -8.454370960861222e-05] - [0.16664271277006318, 0.8333085729554354, -2.5539380875874534e-05, -2.395978946737973e-05] - [1.8710327162388163e-06, 1.9281849373523427e-06, 1.9799736880379936e-06, 1.871031625011448e-06]
B1: 0.16671503337795798 - 0.6666398176907589 - 0.16658464473593462 - 5.107844501524151e-05
B2: 0.1667097753749744 - 0.6667239719236024 - 0.1667390607830312 - 4.3263802864991146e-05
