Number: 592
Error: 7.872112996405762e-06
A1: [1.935781632389644e-06, 1.945578722068371e-06, 2.2321139800308588e-06, 1.9814805634543183e-06] - [0.20834711314095988, 0.3333465381555551, -0.041652798590704886, 1.3980234324892797e-05] - [0.16666965960861216, 0.6666695763556864, 0.16666983483678635, 3.049012088515926e-06] - [-1.1174692978814869e-06, -9.974009476558675e-07, -8.772585620790546e-07, -1.1165124775844058e-06]
A2: [0.16664898966920855, -0.1666849668716273, -1.894616629859297e-05, -1.768751095362672e-05] - [0.16658212494625502, 0.3332459122730408, -9.034594629463845e-05, -8.458291829402005e-05] - [0.16664076108729342, 0.8333065704563126, -2.7616407611756198e-05, -2.591566414458173e-05] - [3.1809347602395873e-06, 3.2781265570899465e-06, 3.366200277480557e-06, 3.1809329893279377e-06]
B1: 0.1667129607980118 - 0.6666310519541904 - 0.16658327186135558 - 5.142775892711857e-05
B2: 0.16670655752381633 - 0.6667191203414277 - 0.16673321442294756 - 4.015171604087735e-05
