Number: 1807
Error: 3.6145149327123727e-06
A1: [-7.98029854068951e-06, -7.488044340052211e-06, -6.148277388011322e-06, -7.827570845281147e-06] - [0.2083098351191155, 0.3333107477733449, -0.041684548184587694, -2.2825313451786417e-05] - [0.1666569373918561, 0.6666575548199551, 0.16665921834056457, -9.540842862300704e-06] - [-3.430066356924039e-06, -3.062123981694174e-06, -2.694005204272811e-06, -3.4271375042988488e-06]
A2: [0.16668481904919322, -0.16664797997999706, 1.8943965744518028e-05, 1.812014465922941e-05] - [0.16669455093873137, 0.333361996922105, 2.8480090641448474e-05, 2.7757888968472523e-05] - [0.16665842731110617, 0.8333248239701913, -8.972132996063257e-06, -8.270308465139344e-06] - [9.705916125853653e-06, 1.0002555606214458e-05, 1.0271387167051459e-05, 9.705912868493643e-06]
B1: 0.16663558955259827 - 0.6666049471581881 - 0.16667859740352264 - -1.3040404198306414e-05
B2: 0.16662772652471974 - 0.6666108303836814 - 0.16660117391305512 - -3.8152867539778225e-05
