Number: 2868
Error: 6.604904241362819e-06
A1: [-5.967462613838956e-06, -6.340037404367417e-06, -5.367137303322122e-06, -5.730692459401494e-06] - [0.20832675096344339, 0.33332320930941717, -0.041674313387756935, -5.540024747934158e-06] - [0.16665985580368436, 0.6666594982901545, 0.16666080132140096, -6.5189896876341305e-06] - [-5.449354682481708e-06, -4.864941891943593e-06, -4.2803148350798405e-06, -5.444712821697057e-06]
A2: [0.16666208226427862, -0.16667134136610653, -5.110103331232168e-06, -4.6356314720396114e-06] - [0.16658228194495417, 0.33324651062386157, -9.042335641342926e-05, -8.458558481952616e-05] - [0.16662265688723035, 0.8332879956881202, -4.688328212376659e-05, -4.4058982312289254e-05] - [1.5396906598337828e-05, 1.5867497311821656e-05, 1.6293997511422534e-05, 1.5396904744762534e-05]
B1: 0.1666901068768293 - 0.6665460824294098 - 0.166567565504347 - 5.116601842295834e-05
B2: 0.16667995675047578 - 0.6666770393654332 - 0.1666815879211337 - 1.4537587672147978e-05
