Number: 2091
Error: 3.771224612435599e-06
A1: [-8.982166609276048e-06, -8.538583648231948e-06, -7.114137221944719e-06, -8.805583106126199e-06] - [0.20830723057965844, 0.3333077692310908, -0.04168730421346702, -2.53247412141246e-05] - [0.1666556982803181, 0.666656280503209, 0.16665807336932933, -1.0750517606948168e-05] - [-3.970445035431394e-06, -3.544577260747583e-06, -3.118518278202132e-06, -3.967056962690788e-06]
A2: [0.16668645009058491, -0.16664628229106807, 2.0668109133960897e-05, 1.9746108964970978e-05] - [0.1666945642678963, 0.3333620657566463, 2.8465141049052056e-05, 2.7751307840966096e-05] - [0.16665616780839876, 0.8333225058164534, -1.1376560011843102e-05, -1.0534689434190873e-05] - [1.1230146952523549e-05, 1.1573376769770648e-05, 1.1884435965470942e-05, 1.1230143823247727e-05]
B1: 0.16663274796750996 - 0.6665943536827017 - 0.16667664476802976 - -1.3062979732767318e-05
B2: 0.1666245035109125 - 0.666605626315469 - 0.1665947259328393 - -4.1252849147166445e-05
