Number: 67
Error: 2.6171400134251852e-06
A1: [-2.074732308980807e-06, -1.3000572849355404e-06, -4.949656391293554e-07, -2.0679535317526824e-06] - [0.20832484778087412, 0.33332798889428616, -0.041668733531530444, -8.455770409547571e-06] - [0.16666429050009268, 0.6666651080140661, 0.16666596327243624, -2.3678886406590112e-06] - [-1.1898247150927381e-07, -1.0592684562955966e-07, -9.286206110719477e-08, -1.1888069110250439e-07]
A2: [0.16667482789129923, -0.16665837587677396, 8.389595478974656e-06, 8.160094877553638e-06] - [0.1666945490421249, 0.3333616668146243, 2.867491780144558e-05, 2.787796865560571e-05] - [0.1666723075860297, 0.8333390658823072, 5.8005057265199525e-06, 5.639845833796099e-06] - [3.6548343172507605e-07, 3.7661578404314526e-07, 3.8670093925820884e-07, 3.6548325070911364e-07]
B1: 0.1666518455840962 - 0.6666688180131325 - 0.1666896401709249 - -1.4054931573895022e-05
B2: 0.1666499249523008 - 0.6666444260072887 - 0.16664160336432007 - -1.6708227680296996e-05
