Number: 2610
Error: 6.7462442016246195e-06
A1: [-5.067962714778179e-06, -5.396933633710001e-06, -4.501564853579446e-06, -4.852853001972812e-06] - [0.20832907399425893, 0.3333258696934069, -0.041671857543169856, -3.3124396902469546e-06] - [0.16666097086409457, 0.6666606447036671, 0.16666182961972872, -5.430657997092761e-06] - [-4.958358935337063e-06, -4.426582031618844e-06, -3.894595754287319e-06, -4.954132845953055e-06]
A2: [0.16666060177855196, -0.1666728823203847, -6.674995525786367e-06, -6.111501864819592e-06] - [0.1665822766701695, 0.3332464550930702, -9.040252892023032e-05, -8.457275809854897e-05] - [0.16662471189655162, 0.8332901039913353, -4.4696569533086904e-05, -4.199953717668099e-05] - [1.4012406708229858e-05, 1.4440678648315178e-05, 1.4828819728385527e-05, 1.4012404281610722e-05]
B1: 0.16669271839482802 - 0.6665557428543607 - 0.16656938344844252 - 5.1216731598785654e-05
B2: 0.16668290940140937 - 0.6666817585385596 - 0.16668740165768797 - 1.7378387494130948e-05
