Number: 1902
Error: 7.136397119429579e-06
A1: [-2.5899027181691053e-06, -2.7986665555497336e-06, -2.115525963103248e-06, -2.434245555702263e-06] - [0.20833548759157802, 0.3333332112188589, -0.041665075189731594, 2.8391919260781367e-06] - [0.16666404056480105, 0.6666638009844458, 0.16666466227497398, -2.4343214960398747e-06] - [-3.6109101466183868e-06, -3.2235769691780977e-06, -2.8360621935844504e-06, -3.6078275546009193e-06]
A2: [0.1666565345863848, -0.1666771155430926, -1.0973989309833827e-05, -1.0166028630418204e-05] - [0.1665822433469472, 0.3332462836353348, -9.036463884462217e-05, -8.455641055117827e-05] - [0.16663034604397367, 0.8332958843624326, -3.870105302261812e-05, -3.635321904321946e-05] - [1.0212730967138226e-05, 1.0524860994835764e-05, 1.0807732397756891e-05, 1.0212727734504022e-05]
B1: 0.16669986873911033 - 0.6665822217670067 - 0.16657432449651544 - 5.1339436587109934e-05
B2: 0.16669099957650896 - 0.6666947263214213 - 0.16670340472036163 - 2.5161634511434468e-05
