Number: 231
Error: 2.7196296209342507e-06
A1: [-2.561078455908389e-06, -1.8082560641272912e-06, -9.479972036139e-07, -2.540610484057545e-06] - [0.20832371794074353, 0.3333266679849642, -0.041669901009728796, -9.525267811641805e-06] - [0.16666366952227943, 0.6666644728772995, 0.16666540902945426, -2.971953634031768e-06] - [-4.3107399707801724e-07, -3.8457242750308857e-07, -3.380398242835699e-07, -4.3070468556326766e-07]
A2: [0.1666757619573844, -0.1666574047581242, 9.374571412635201e-06, 9.091228416727127e-06] - [0.16669449839077033, 0.333361643525909, 2.859870171908456e-05, 2.781581983594558e-05] - [0.16667098164614885, 0.8333377051693694, 4.389128075003356e-06, 4.31108997935619e-06] - [1.2459900497175108e-06, 1.2840368666553289e-06, 1.3185120344177499e-06, 1.2459893198944612e-06]
B1: 0.1666506750054995 - 0.6666631042410798 - 0.1666888508585752 - -1.3598294441032714e-05
B2: 0.1666471207699914 - 0.6666407709365342 - 0.16663754169814035 - -1.9441352903801836e-05
