Number: 2245
Error: 3.855888214464728e-06
A1: [-9.497050097457355e-06, -9.078266079479816e-06, -7.606311128578928e-06, -9.307558196244392e-06] - [0.20830593254924307, 0.3333062748093801, -0.04168867157076398, -2.656588466666563e-05] - [0.16665505504365394, 0.6666556197856766, 0.16665748439480282, -1.1377820144845154e-05] - [-4.2634635513028485e-06, -3.8061865072926295e-06, -3.3487116472290655e-06, -4.259826713546462e-06]
A2: [0.16668733879454894, -0.1666453576871256, 2.160680616484295e-05, 2.063205965805039e-05] - [0.16669458199286105, 0.3333621129520995, 2.8466242144348783e-05, 2.7758235258789135e-05] - [0.16665494352462132, 0.8333212496537702, -1.2679585235134017e-05, -1.1761618858507152e-05] - [1.2056617001252562e-05, 1.242510905283472e-05, 1.2759065448015767e-05, 1.2056614017115877e-05]
B1: 0.16663111429087696 - 0.6665885192159299 - 0.16667549834815137 - -1.3168144827394089e-05
B2: 0.16662266196243644 - 0.6666027989808433 - 0.1665913174110899 - -4.302767360622438e-05
