Number: 2436
Error: 6.841821793811494e-06
A1: [-4.457959689880653e-06, -4.757333472125825e-06, -3.914065383796208e-06, -4.2574617342904135e-06] - [0.2083306542207107, 0.33332767819658393, -0.04167018623097407, -1.7965974294284934e-06] - [0.1666617262810831, 0.6666614214560092, 0.16666252689913208, -4.693271297001283e-06] - [-4.6272157942903754e-06, -4.130937667490879e-06, -3.6344550406826455e-06, -4.6232703872068485e-06]
A2: [0.16665960321114967, -0.16667392169873463, -7.730547500923716e-06, -7.10695659372659e-06] - [0.16658227205497733, 0.3332464165081351, -9.038969204967354e-05, -8.456516564464142e-05] - [0.16662609738022735, 0.8332915254083978, -4.322228105582681e-05, -4.0611062124327446e-05] - [1.3078635674025608e-05, 1.3478365804106651e-05, 1.3840636220767458e-05, 1.3078632945179449e-05]
B1: 0.1666944704214527 - 0.6665622474828662 - 0.1665705974635539 - 5.124166294778492e-05
B2: 0.16668489141184345 - 0.6666849423919528 - 0.1666913347485723 - 1.928496512609009e-05
