Number: 2363
Error: 3.92073068036994e-06
A1: [-9.922062488244882e-06, -9.523992527610357e-06, -8.017347263486351e-06, -9.722650650878105e-06] - [0.20830481514569213, 0.3333050000252524, -0.041689855891746494, -2.7639582212315496e-05] - [0.16665453136574712, 0.6666550809818719, 0.1666569988305314, -1.1889259573387382e-05] - [-4.487977974705673e-06, -4.00663314218674e-06, -3.525086105085235e-06, -4.484150647918855e-06]
A2: [0.16668801427671115, -0.1666446544401888, 2.232112411095182e-05, 2.130543240053977e-05] - [0.16669458094277678, 0.3333621351607007, 2.8453852016597134e-05, 2.7748912456745855e-05] - [0.16665400360643884, 0.8333202853909372, -1.367966778266417e-05, -1.2703564107503917e-05] - [1.2689886109752755e-05, 1.3077734866469702e-05, 1.3429236042106606e-05, 1.2689883272842177e-05]
B1: 0.1666299633060324 - 0.6665841441864161 - 0.16667471013745982 - -1.3147860732277744e-05
B2: 0.16662135590455657 - 0.6666006425243517 - 0.16658861532450195 - -4.4282613748842934e-05
