Number: 2356
Error: 6.885845185034049e-06
A1: [-4.1730846565688006e-06, -4.458602553195847e-06, -3.6390414160004444e-06, -3.9793090668875785e-06] - [0.2083313985355556, 0.33332852846356775, -0.041669398044709434, -1.0819017508232927e-06] - [0.16666207805995492, 0.6666617832943909, 0.1666628524472007, -4.349786667535075e-06] - [-4.4749652371263e-06, -3.995008480506229e-06, -3.5148498905828604e-06, -4.471148953832728e-06]
A2: [0.16665914467595622, -0.1666743990351464, -8.215359073124551e-06, -7.564060672267199e-06] - [0.16658227122843605, 0.3332463999650824, -9.038269518254544e-05, -8.456037957184656e-05] - [0.16662673444905746, 0.8332921789865687, -4.25444065778542e-05, -3.9972618008157164e-05] - [1.2649305180132046e-05, 1.3035912306761663e-05, 1.3386288018090201e-05, 1.264930233512727e-05]
B1: 0.16669526179361557 - 0.666565224137823 - 0.16657114178050916 - 5.1238947922222256e-05
B2: 0.16668578832066205 - 0.6666864056286647 - 0.16669315697354906 - 2.0147193081460727e-05
