Number: 2323
Error: 3.898762746565301e-06
A1: [-9.779614878792507e-06, -9.374614645840632e-06, -7.87982013204998e-06, -9.583564160878576e-06] - [0.20830518738477266, 0.3333054252456352, -0.04168946170451461, -2.7282152425042505e-05] - [0.1666547072421763, 0.6666552618933844, 0.16665716160261265, -1.1717530180219388e-05] - [-4.411871542740048e-06, -3.938685227143325e-06, -3.4652981287410446e-06, -4.4081087769957845e-06]
A2: [0.16668778505607207, -0.16664489305873478, 2.20787672516394e-05, 2.107692683074564e-05] - [0.16669458070247548, 0.33336212707266083, 2.8457530870800785e-05, 2.775147652727856e-05] - [0.16665432217048232, 0.8333206122118714, -1.334069981594426e-05, -1.2384312902552615e-05] - [1.247522105806305e-05, 1.2856508295288735e-05, 1.3202062132585088e-05, 1.2475218167772893e-05]
B1: 0.16663035860404124 - 0.6665856322320937 - 0.1666749821719347 - -1.3149597103478172e-05
B2: 0.16662180418154565 - 0.6666013740085401 - 0.16658952642451275 - -4.385166532732501e-05
