Number: 857
Error: 3.0844437681080225e-06
A1: [-4.666972640370051e-06, -4.014246916937199e-06, -2.9601051892478553e-06, -4.594012824537172e-06] - [0.20831839364953122, 0.33332054793882243, -0.041675501845618974, -1.461825386857862e-05] - [0.1666610436395438, 0.6666617764766828, 0.16666300491080416, -5.533036867960775e-06] - [-1.6223463756427065e-06, -1.4481681665879405e-06, -1.2738879882019e-06, -1.62095806397881e-06]
A2: [0.16667935180952406, -0.16665366972719695, 1.3166192373918352e-05, 1.266988860365659e-05] - [0.16669447322538275, 0.3333617348986688, 2.8499751318622035e-05, 2.7746772702505904e-05] - [0.1666659798661708, 0.8333325729519098, -9.343315951569163e-07, -7.014384157926008e-07] - [4.606666870357996e-06, 4.747439253151625e-06, 4.875007856604279e-06, 4.60666449607846e-06]
B1: 0.16664508974228076 - 0.6666403628717811 - 0.1666850909484379 - -1.2970252378815566e-05
B2: 0.16663879459058886 - 0.6666284053499714 - 0.1666227828862483 - -2.7496345245024554e-05
