Number: 1204
Error: 7.52484438835652e-06
A1: [-1.7070446436285706e-07, -2.6235209722056357e-07, 2.1014006925569075e-07, -7.364154421466732e-08] - [0.20834171409519842, 0.3333403468872595, -0.0416584965153485, 8.807511519455023e-06] - [0.1666670427102577, 0.6666668870683912, 0.1666674278335482, 4.955101490725052e-07] - [-2.282389947745894e-06, -2.0374613578821724e-06, -1.7923992725459463e-06, -2.2804383828146487e-06]
A2: [0.16665251360754066, -0.16668129998420642, -1.5223018813543676e-05, -1.4174520854413961e-05] - [0.16658217332989905, 0.3332460781093076, -9.03630301704669e-05, -8.457746285527631e-05] - [0.16663589295222503, 0.83330157553325, -3.2797669830694056e-05, -3.079431483501874e-05] - [6.46622382822404e-06, 6.6638361800554e-06, 6.842917482121229e-06, 6.4662209015431645e-06]
B1: 0.16670697370686458 - 0.6666083605883947 - 0.16657920552190744 - 5.151571454364685e-05
B2: 0.1666991217420959 - 0.6667075821972338 - 0.16671917375691733 - 3.298122061387839e-05
