Number: 939
Error: 3.1307878377463516e-06
A1: [-4.954654731372135e-06, -4.315839158437647e-06, -3.2371004813762455e-06, -4.8748077889361546e-06] - [0.20831764821884194, 0.3333196950921074, -0.04167628986361445, -1.533334000566721e-05] - [0.16666068754557642, 0.6666614103574899, 0.16666267628672501, -5.880631546918272e-06] - [-1.7783876676463673e-06, -1.5874845096379444e-06, -1.3964714238357599e-06, -1.7768661115356987e-06]
A2: [0.16667982309596166, -0.16665317924194928, 1.366427010028505e-05, 1.313970909231349e-05] - [0.16669447756213487, 0.3333617550926768, 2.8495588224565835e-05, 2.7745361444442287e-05] - [0.16666532742586865, 0.8333319035390381, -1.6286892175364314e-06, -1.355286741027352e-06] - [5.046851933738509e-06, 5.2010793724390834e-06, 5.340841815591123e-06, 5.046849404376339e-06]
B1: 0.16664430036188715 - 0.6666373348360491 - 0.16668455779209926 - -1.2945659372674061e-05
B2: 0.16663782208812172 - 0.6666268661407878 - 0.16662089022524246 - -2.8433326524018168e-05
