Number: 2799
Error: 4.159384313487912e-06
A1: [-1.143633354614663e-05, -1.1111645268733942e-05, -9.473674779774875e-06, -1.1200323224667891e-05] - [0.2083009123751324, 0.3333005284379915, -0.04169398055561341, -3.1381081900319456e-05] - [0.1666526531177114, 0.6666531500288597, 0.16665526776271125, -1.3722343975356528e-05] - [-5.317522412428143e-06, -4.747251255362165e-06, -4.1767667470401165e-06, -5.312992136997322e-06]
A2: [0.1666905174890189, -0.1666420491180364, 2.496685315291831e-05, 2.380085018882907e-05] - [0.16669459372004536, 0.33336223262508435, 2.8422164334170356e-05, 2.773112002204773e-05] - [0.16665053153437878, 0.8333167232165424, -1.7374353975539838e-05, -1.6183127095477193e-05] - [1.502960918967084e-05, 1.5488974518113885e-05, 1.590529963152635e-05, 1.5029607167266612e-05]
B1: 0.1666255324609813 - 0.6665678031715396 - 0.1666716238988119 - -1.325122394859613e-05
B2: 0.16661634547506993 - 0.6665926647979927 - 0.16657880605783879 - -4.910414686627069e-05
