Number: 1206
Error: 7.523735180107138e-06
A1: [-1.7303787716018912e-07, -2.647624768285958e-07, 2.0859181864689745e-07, -7.581146270026802e-08] - [0.20834171477685678, 0.333340346005162, -0.04165849476046019, 8.808915248920788e-06] - [0.1666670387562526, 0.6666668831351438, 0.16666742507996055, 4.917589128961313e-07] - [-2.2861976202609417e-06, -2.040861041974919e-06, -1.7953908006331509e-06, -2.284242808444376e-06]
A2: [0.1666525259189717, -0.16668128724342843, -1.5210134022954374e-05, -1.4162245202776978e-05] - [0.16658217559402633, 0.33324608065848493, -9.036118315154434e-05, -8.457533902439356e-05] - [0.16663587730064455, 0.8333015594557377, -3.281436865227126e-05, -3.0810000784158e-05] - [6.476959440629243e-06, 6.674899949088339e-06, 6.854278657375733e-06, 6.476956511521855e-06]
B1: 0.16670693841352696 - 0.666608271443323 - 0.1665791779771386 - 5.1500262169753875e-05
B2: 0.1666990825762853 - 0.6667075438077152 - 0.16671914214638295 - 3.294292213503986e-05
