Number: 2361
Error: 3.919645965797226e-06
A1: [-9.919733714411367e-06, -9.521586374997897e-06, -8.015802660569965e-06, -9.72048533806888e-06] - [0.2083048144519146, 0.33330500089647536, -0.041689857655746614, -2.7640997959341697e-05] - [0.16665453531632013, 0.6666550849121409, 0.1666570015819006, -1.1885511712958914e-05] - [-4.4841721170263696e-06, -4.0032350531770714e-06, -3.5220958544055586e-06, -4.4803480186276874e-06]
A2: [0.16668800199830197, -0.16664466714806722, 2.230827204710831e-05, 2.129318978042383e-05] - [0.1666945787924649, 0.33336213272429077, 2.845211671493465e-05, 2.7746902501365282e-05] - [0.16665401928647466, 0.8333203014966416, -1.3662940979375232e-05, -1.268784968020896e-05] - [1.2679155447692972e-05, 1.3066676201493438e-05, 1.3417880075220748e-05, 1.2679152608020591e-05]
B1: 0.16662999887720992 - 0.666584233682056 - 0.1666747381221415 - -1.313212792092534e-05
B2: 0.16662139461156608 - 0.6666006804496751 - 0.1665886464634543 - -4.4244774612104255e-05
