Number: 58
Error: 8.194642049878271e-06
A1: [3.6527297984347495e-06, 3.7423622924182953e-06, 3.857946490209159e-06, 3.6537262341000375e-06] - [0.2083513313715412, 0.3333514132209642, -0.04164838843954523, 1.8001459292626144e-05] - [0.1666718181747667, 0.6666717895844324, 0.16667179322807701, 5.152377156476574e-06] - [-1.009203687548538e-07, -8.979991787236081e-08, -7.867173504408867e-08, -1.0083409915114501e-07]
A2: [0.1666459388450589, -0.1666881402511191, -2.216652087113727e-05, -2.0728782197314087e-05] - [0.16658221530309686, 0.33324590743950816, -9.018422910268561e-05, -8.445510714736711e-05] - [0.1666450510160023, 0.8333109724834817, -2.3050437209649924e-05, -2.1616561760601596e-05] - [3.141583107557774e-07, 3.2372165776846224e-07, 3.323849855174199e-07, 3.1415816470870983e-07]
B1: 0.16671723295404067 - 0.6666500307409761 - 0.1665861293827646 - 5.040037262423619e-05
B2: 0.16671453605144188 - 0.6667302909318749 - 0.16674615563324743 - 4.789877387554167e-05
