Number: 1694
Error: 7.251679485381621e-06
A1: [-1.8682988251347255e-06, -2.0421104668698003e-06, -1.4216870415703244e-06, -1.7301026420642549e-06] - [0.2083373459209936, 0.3333353406871676, -0.04166311148276438, 4.6205823253343015e-06] - [0.16666493590954734, 0.6666647213952048, 0.16666548722929206, -1.5605256158707736e-06] - [-3.215029007834307e-06, -2.870131441053029e-06, -2.5250644489223227e-06, -3.212283071907959e-06]
A2: [0.1666553370196915, -0.16667836183343465, -1.2239541326162863e-05, -1.135987439308988e-05] - [0.16658222471954717, 0.3332462245780754, -9.036202309115956e-05, -8.4560446273188e-05] - [0.16663199947936788, 0.8332975807765971, -3.6941410777842755e-05, -3.469620862616403e-05] - [9.096344757412726e-06, 9.374350839538167e-06, 9.626294129872314e-06, 9.096341501726609e-06]
B1: 0.16670199157688098 - 0.6665900179202423 - 0.16657578753606947 - 5.1397596913943915e-05
B2: 0.16669340652234663 - 0.6666985461604209 - 0.16670809509445783 - 2.747841172656492e-05
