Number: 459
Error: 2.855820029813611e-06
A1: [-3.3121351130134287e-06, -2.5945527943278096e-06, -1.6624591700689143e-06, -3.2725638672734944e-06] - [0.20832184380460048, 0.33332450883243525, -0.041671866240168574, -1.1315221043766067e-05] - [0.16666272966143764, 0.6666635085160196, 0.16666455231052307, -3.888228600184778e-06] - [-8.649604055934889e-07, -7.719577788448512e-07, -6.78896113396413e-07, -8.64219576410795e-07]
A2: [0.1666770643868352, -0.16665604978352674, 1.0749837648719442e-05, 1.0389581446233268e-05] - [0.16669446379510325, 0.33336165023310843, 2.853501135755617e-05, 2.776524162366502e-05] - [0.16666915229805476, 0.8333358280753795, 2.4421621307225993e-06, 2.477827270631708e-06] - [2.470063564927422e-06, 2.545526611832793e-06, 2.613909044978535e-06, 2.470062146231174e-06]
B1: 0.16664882075406043 - 0.6666549777832148 - 0.16668761434182744 - -1.3189753832349555e-05
B2: 0.16664384909827426 - 0.6666360794288892 - 0.1666320334916086 - -2.2614251735821977e-05
