Number: 1235
Error: 3.296877424170383e-06
A1: [-5.9953915846810486e-06, -5.407002954615313e-06, -4.239692904293657e-06, -5.89068202859259e-06] - [0.2083149479830553, 0.3333166062643757, -0.041679145529089315, -1.7924031272449938e-05] - [0.16665939972099367, 0.6666600861382019, 0.16666148720355026, -7.137774425422567e-06] - [-2.341648446749031e-06, -2.0903721522217606e-06, -1.8389596383960735e-06, -2.339646341925749e-06]
A2: [0.16668152527356975, -0.16665140768980688, 1.5463298639889867e-05, 1.483659501012479e-05] - [0.1666944981065273, 0.3333618331429922, 2.848596549314406e-05, 2.774515648413179e-05] - [0.16666297372998184, 0.8333294886360364, -4.13358261560555e-06, -3.714065554905829e-06] - [6.635751604521438e-06, 6.838546547458164e-06, 7.022324821803754e-06, 6.635748638247265e-06]
B1: 0.16664139681868595 - 0.6666263549517719 - 0.16668258819746082 - -1.2910944303182263e-05
B2: 0.16663437253947877 - 0.6666213633444364 - 0.16661410335904567 - -3.175465129169974e-05
