Number: 339
Error: 2.7848414082268433e-06
A1: [-2.9059976021640603e-06, -2.1691866625269727e-06, -1.2742194083942486e-06, -2.876491109175962e-06] - [0.20832287405164926, 0.33332569181109034, -0.041670782602725776, -1.0329322900753294e-05] - [0.16666323537712052, 0.6666640278046938, 0.1666650156238648, -3.394937049763267e-06] - [-6.365991676399267e-07, -5.680711859786011e-07, -4.994985760578585e-07, -6.360538168230414e-07]
A2: [0.16667637893318638, -0.1666567630283669, 1.002577655527154e-05, 9.706273204297874e-06] - [0.16669447927660277, 0.333361643558484, 2.8564975296000895e-05, 2.7789134738861305e-05] - [0.166670113716277, 0.8333368145500556, 3.4653416906718622e-06, 3.441305777601925e-06] - [1.8258195749419223e-06, 1.88159004005632e-06, 1.932126618924816e-06, 1.825818506960555e-06]
B1: 0.16664981333955012 - 0.6666592671160412 - 0.16668827300426484 - -1.3388179944514775e-05
B2: 0.16664549284962557 - 0.6666385046397924 - 0.16663492476914665 - -2.1022484033735798e-05
