Number: 1467
Error: 3.4260902569237643e-06
A1: [-6.793206451487682e-06, -6.24338861555238e-06, -5.005708362457884e-06, -6.669027624524929e-06] - [0.2083129034957285, 0.33331426105089984, -0.04168130415773861, -1.988272942848019e-05] - [0.16665840836067952, 0.6666590672211855, 0.1666605751658569, -8.105105253740309e-06] - [-2.783112464271932e-06, -2.4845172119145135e-06, -2.1857677657904115e-06, -2.7807341782806224e-06]
A2: [0.16668286277579283, -0.16665001593329778, 1.6876461196648064e-05, 1.6169949573937927e-05] - [0.16669452387811085, 0.3333619037187473, 2.8487524795808942e-05, 2.775466399909329e-05] - [0.1666611303555801, 0.8333275972730375, -6.095501051906005e-06, -5.5614243507024515e-06] - [7.881030376475164e-06, 8.121889354572573e-06, 8.340165275689584e-06, 7.881027203825846e-06]
B1: 0.16663902618562093 - 0.6666176585611923 - 0.16668095796351737 - -1.2978686921785712e-05
B2: 0.1666316417607083 - 0.6666170787437131 - 0.16660887074259365 - -3.438492379863034e-05
