Number: 1545
Error: 3.4694354563191214e-06
A1: [-7.075853433934888e-06, -6.5398184434762304e-06, -5.279294596165216e-06, -6.945115188392805e-06] - [0.20831215804699946, 0.333313411213059, -0.0416820945475411, -2.0599279862959047e-05] - [0.16665806048455487, 0.6666587092567021, 0.16666025231040063, -8.444888760801515e-06] - [-2.9315326647974414e-06, -2.617028043068859e-06, -2.302363699368267e-06, -2.929027996265599e-06]
A2: [0.16668330993244646, -0.16664955041117618, 1.7349312107025282e-05, 1.661571186410809e-05] - [0.16669452593096482, 0.3333619211689689, 2.848212435896757e-05, 2.7751249060762735e-05] - [0.16666050981771718, 0.8333269606432818, -6.7558074202458115e-06, -6.1833017654622395e-06] - [8.29969663414819e-06, 8.553352813294814e-06, 8.783227089223598e-06, 8.29969341917435e-06]
B1: 0.16663827295418226 - 0.6666147763491814 - 0.1666804491725056 - -1.2957637160299055e-05
B2: 0.16663077673542837 - 0.6666156463401957 - 0.16660707214390555 - -3.521616156689305e-05
