Number: 2167
Error: 3.813029020089149e-06
A1: [-9.238443316977171e-06, -8.807221468957374e-06, -7.359451744471923e-06, -9.055487321297821e-06] - [0.20830658122060922, 0.33330702245803273, -0.04168798877243083, -2.5946017707170093e-05] - [0.16665537863755692, 0.6666559521096935, 0.16665778025799372, -1.1062294610706258e-05] - [-4.1150518839127736e-06, -3.6736833508031647e-06, -3.2321202234024776e-06, -4.1115410221021745e-06]
A2: [0.16668688836158688, -0.16664582628453015, 2.1131090246746533e-05, 2.018302122551166e-05] - [0.16669457227867007, 0.3333620883604197, 2.846504858295757e-05, 2.7753990045008164e-05] - [0.16665556356180383, 0.8333218858434169, -1.2019653629821388e-05, -1.1140241640803553e-05] - [1.1638019457220455e-05, 1.1993716480823872e-05, 1.2316075665983875e-05, 1.1638016392966494e-05]
B1: 0.16663194855954488 - 0.66659148100281 - 0.16667608553055813 - -1.3108048619254317e-05
B2: 0.16662360209598967 - 0.6666042316185893 - 0.16659303725038593 - -4.212133610428801e-05
