Number: 1372
Error: 7.430899272847062e-06
A1: [-7.50097310650415e-07, -8.697556797213252e-07, -3.4638309611772007e-07, -6.389338578999245e-07] - [0.20834022711131825, 0.33333864179505446, -0.041660066823871605, 7.382659127962034e-06] - [0.16666632306206725, 0.6666661473961306, 0.1666667654914081, -2.0673499637609149e-07] - [-2.6021578834307294e-06, -2.322954165321109e-06, -2.043603479843146e-06, -2.599933757680596e-06]
A2: [0.1666534822534405, -0.16668029202814766, -1.4199552645850585e-05, -1.3208880339704742e-05] - [0.16658219265118832, 0.3332461299414663, -9.036116127003807e-05, -8.45699263720799e-05] - [0.1666345582959248, 0.833300206136555, -3.421816104594389e-05, -3.213185815555246e-05] - [7.3680065970265025e-06, 7.593183390852029e-06, 7.797246335546191e-06, 7.3680034971097635e-06]
B1: 0.1667052643462614 - 0.6666020711231655 - 0.1665780338749832 - 5.1474023587995844e-05
B2: 0.16669714481828213 - 0.6667044750157091 - 0.16671537503664152 - 3.1077122686508306e-05
