Number: 2959
Error: 4.246631477980105e-06
A1: [-1.198211509411486e-05, -1.1683797321761897e-05, -9.99707821291097e-06, -1.1732684056108855e-05] - [0.20829952007597524, 0.33329892964191704, -0.041695449804439066, -3.2714238377634945e-05] - [0.1666519738699607, 0.6666524520023005, 0.16665464364564758, -1.4385028380917945e-05] - [-5.621934738541872e-06, -5.01903053622458e-06, -4.415910888332255e-06, -5.617146852663224e-06]
A2: [0.16669143691563093, -0.1666410923057621, 2.5938405434267083e-05, 2.4717416361628223e-05] - [0.16669459951193777, 0.3333622692716483, 2.841118496282824e-05, 2.7725692952918065e-05] - [0.16664925707628278, 0.8333154156664446, -1.8730560796265357e-05, -1.746033450171412e-05] - [1.588816943926277e-05, 1.6373777667674733e-05, 1.6813890547453753e-05, 1.588816782252966e-05]
B1: 0.16662387663684158 - 0.6665617757601916 - 0.16667045950517184 - -1.3319049138507403e-05
B2: 0.16661447539155605 - 0.6665897366805302 - 0.1665752384087446 - -5.09049057689071e-05
