Number: 823
Error: 3.0651887294362092e-06
A1: [-4.555256075361732e-06, -3.89719223603312e-06, -2.8536786800182367e-06, -4.485144659931192e-06] - [0.20831867224719824, 0.33332086934603683, -0.04167520904695256, -1.4352208920437608e-05] - [0.16666118363676866, 0.6666619201971195, 0.16666313265086716, -5.396556444685943e-06] - [-1.5576459188387698e-06, -1.390402234599215e-06, -1.2230599679073558e-06, -1.5563128704318817e-06]
A2: [0.16667915519697027, -0.16665387423358075, 1.2958607950070369e-05, 1.2473883937686438e-05] - [0.16669446843462396, 0.3333617237122537, 2.849885260832945e-05, 2.7744365460948827e-05] - [0.16666625009890743, 0.8333328502451706, -6.466711489651323e-07, -4.306218242121209e-07] - [4.424152795780478e-06, 4.55934629584688e-06, 4.681858984121757e-06, 4.424150490086696e-06]
B1: 0.1666454386535602 - 0.666641639195322 - 0.16668533199298646 - -1.2958820040735112e-05
B2: 0.16663922632985137 - 0.6666290484559223 - 0.16662354762478446 - -2.70793359923541e-05
