Number: 2860
Error: 6.6092945742599176e-06
A1: [-5.934184042970688e-06, -6.305104273455068e-06, -5.334305810695737e-06, -5.698090681039115e-06] - [0.20832684469547505, 0.33332331472028764, -0.04167421310126798, -5.449273023006518e-06] - [0.16665989582340524, 0.6666595395877165, 0.1666608392621143, -6.479803955139243e-06] - [-5.434131840568049e-06, -4.851351259800702e-06, -4.26835652238152e-06, -5.4295028629040585e-06]
A2: [0.16666203729802942, -0.16667138825278585, -5.15778012862022e-06, -4.680454612482349e-06] - [0.1665822842588752, 0.3332465112596182, -9.042047930805607e-05, -8.458270960820755e-05] - [0.1666227209074461, 0.8332880613464028, -4.681520782918878e-05, -4.3994824546830024e-05] - [1.535397728155635e-05, 1.58232558242469e-05, 1.624856661523074e-05, 1.535397540798571e-05]
B1: 0.16669017003052336 - 0.6665463650046576 - 0.16656760575733726 - 5.114975366281146e-05
B2: 0.16668002992279424 - 0.6666771841115126 - 0.1666817843274994 - 1.460729252429929e-05
