Number: 2463
Error: 3.975601885822823e-06
A1: [-1.027817588912438e-05, -9.8974313846545e-06, -8.361159374805965e-06, -1.0070361319166029e-05] - [0.20830388456662924, 0.3333039369929466, -0.04169084134206801, -2.853313821292254e-05] - [0.1666540916801076, 0.6666546287084976, 0.16665659190496618, -1.2318577755484069e-05] - [-4.678242633516262e-06, -4.176501521197781e-06, -3.6745549435288764e-06, -4.674253956261084e-06]
A2: [0.16668858721047333, -0.1666440580118041, 2.2926898462013915e-05, 2.1876578490970603e-05] - [0.16669458109826132, 0.33336215493583754, 2.8444210982578807e-05, 2.774205694781057e-05] - [0.16665320708700274, 0.8333194682294288, -1.4527196702797376e-05, -1.3501801487685419e-05] - [1.3226541610593497e-05, 1.3630793934836826e-05, 1.3997163352213775e-05, 1.3226538922845347e-05]
B1: 0.1666289751891529 - 0.6665804238865927 - 0.1666740295176672 - -1.3143397357163672e-05
B2: 0.16662023574728194 - 0.6665988143614334 - 0.1665863381344112 - -4.535944942330326e-05
