Number: 945
Error: 3.1341953011865397e-06
A1: [-4.9856364582855095e-06, -4.348397334787712e-06, -3.2684172936567943e-06, -4.905276063424947e-06] - [0.2083175536755023, 0.3333195904392897, -0.04167639202171195, -1.5425624703819882e-05] - [0.1666606514530174, 0.6666613729667601, 0.16666264107513792, -5.916092600326565e-06] - [-1.789805113771241e-06, -1.5976779059737317e-06, -1.4054401991849955e-06, -1.7882738103396805e-06]
A2: [0.16667985590718945, -0.16665314494156436, 1.369921511191017e-05, 1.317241312781623e-05] - [0.16669447353584893, 0.33336175244934213, 2.8491398475929847e-05, 2.7740914850693494e-05] - [0.16666527919475366, 0.8333318540932089, -1.6799312531096556e-06, -1.4036208155395907e-06] - [5.079065496442166e-06, 5.234277593262274e-06, 5.374932400484904e-06, 5.0790629563495714e-06]
B1: 0.16664427464540862 - 0.6666371439090738 - 0.1666845480143215 - -1.2911788847651913e-05
B2: 0.16663778526565234 - 0.666626756889341 - 0.1666207224406886 - -2.84675522500475e-05
