Number: 2909
Error: 4.2194271788439e-06
A1: [-1.1828034960833418e-05, -1.1522401828025775e-05, -9.851841520690053e-06, -1.1582782078564364e-05] - [0.20829988881056508, 0.33329935917959086, -0.04169506447538805, -3.2363922238508734e-05] - [0.16665216948788344, 0.6666526525533201, 0.16665482016540323, -1.4194570508625813e-05] - [-5.526803924823696e-06, -4.934096966594724e-06, -4.341175102414623e-06, -5.522096524464269e-06]
A2: [0.16669114684054373, -0.16664139392463595, 2.563232731765168e-05, 2.4428235284713137e-05] - [0.16669459056438046, 0.33336225104816025, 2.8408232607156304e-05, 2.772025182202169e-05] - [0.16664965454404065, 0.83331582351971, -1.830745490872535e-05, -1.7062007454108288e-05] - [1.5619880961979097e-05, 1.6097288618535005e-05, 1.652996808076021e-05, 1.561987921233196e-05]
B1: 0.166624448060178 - 0.6665637110070942 - 0.16667087278308734 - -1.324382720383002e-05
B2: 0.16661511581967275 - 0.6665906563846561 - 0.1665763037673387 - -5.028614705439474e-05
