Number: 2260
Error: 6.938690221077601e-06
A1: [-3.84561072140439e-06, -4.115308592697421e-06, -3.3250029573207027e-06, -3.659888277169799e-06] - [0.20833223380301952, 0.33332948762263676, -0.04166851663332812, -2.8212205021593703e-07] - [0.1666624856657542, 0.66666220215587, 0.16666322694398442, -3.952120213473131e-06] - [-4.292259026799089e-06, -3.831887718789451e-06, -3.371318133352443e-06, -4.288597758865087e-06]
A2: [0.16665859181736217, -0.16667497433422224, -8.799500611804501e-06, -8.11520192179782e-06] - [0.16658226321842073, 0.33324637341464985, -9.038066022786103e-05, -8.45616545142224e-05] - [0.1666274980336931, 0.8332929624209464, -4.1731775848577926e-05, -3.920738307651817e-05] - [1.2134100176625089e-05, 1.2504959404260358e-05, 1.2841061326746186e-05, 1.2134097211103107e-05]
B1: 0.16669625935805418 - 0.666568841482459 - 0.16657183771930492 - 5.1283639215790274e-05
B2: 0.16668691394719168 - 0.6666881660193519 - 0.166695300861548 - 2.1231200992151783e-05
