Number: 2770
Error: 6.658571411197649e-06
A1: [-5.613720890396687e-06, -5.969055205949287e-06, -5.024927087527318e-06, -5.3851898382159505e-06] - [0.20832768198227505, 0.3333242712004601, -0.041673326459705666, -4.645306874780226e-06] - [0.16666029155307638, 0.6666599466339154, 0.16666120548532434, -6.093404593933298e-06] - [-5.2628575573828844e-06, -4.698438423477655e-06, -4.1338065534424465e-06, -5.258373563608105e-06]
A2: [0.16666152211484783, -0.16667192458585497, -5.70252311552776e-06, -5.194027797871597e-06] - [0.16658228586595386, 0.33324649518685745, -9.041007285868123e-05, -8.457478799531732e-05] - [0.16662343823366743, 0.833288797245532, -4.605197562960137e-05, -4.327595090948628e-05] - [1.4871019066527796e-05, 1.5325535480148883e-05, 1.5737465292919122e-05, 1.4871016977734702e-05]
B1: 0.16669105868449183 - 0.6665497138986921 - 0.1665682202547537 - 5.11450913756765e-05
B2: 0.16668103675160542 - 0.6666788280145053 - 0.16668383204480525 - 1.5575104250043466e-05
