Number: 1257
Error: 3.3091508917945904e-06
A1: [-6.06898924941448e-06, -5.484141612109198e-06, -4.31004187192507e-06, -5.962435421485553e-06] - [0.2083147623979365, 0.33331639263167856, -0.04167934099873881, -1.8101489103205428e-05] - [0.1666593077928114, 0.6666599917146726, 0.16666140303311394, -7.227425899907098e-06] - [-2.3835119215723305e-06, -2.1277485403629548e-06, -1.8718471360848654e-06, -2.381474126710518e-06]
A2: [0.16668165246865066, -0.16665127536788585, 1.5597631455522277e-05, 1.4963396763092469e-05] - [0.1666945015035306, 0.3333618407403421, 2.8486967115314398e-05, 2.7747011167828723e-05] - [0.16666279904091538, 0.8333293093901321, -4.319525644151202e-06, -3.889132452616508e-06] - [6.753839730114318e-06, 6.960244240427096e-06, 7.147293851534331e-06, 6.753836739156384e-06]
B1: 0.16664116594564668 - 0.6666255245430561 - 0.16668242818631007 - -1.2923444268263912e-05
B2: 0.16663410581636026 - 0.6666209556955095 - 0.1666136125877798 - -3.2011843207829015e-05
