Number: 443
Error: 2.8464631480178753e-06
A1: [-3.269222379378987e-06, -2.5496998924948167e-06, -1.6231797858248024e-06, -3.23098233033218e-06] - [0.20832193593036435, 0.33332461880848435, -0.04167177202234602, -1.122896514709664e-05] - [0.16666278574302934, 0.6666635657757501, 0.16666460147565146, -3.833792684829094e-06] - [-8.34512532584497e-07, -7.447729213228986e-07, -6.549761520831895e-07, -8.337977600257402e-07]
A2: [0.16667697089206726, -0.16665614689353497, 1.0651381580206177e-05, 1.0296372813530736e-05] - [0.16669446007580901, 0.3333616437907455, 2.853370235524511e-05, 2.7762644201111125e-05] - [0.16666927970576045, 0.8333359588495236, 2.5778585311255717e-06, 2.6055097624787967e-06] - [2.384171531495057e-06, 2.4570091146274665e-06, 2.523012282793761e-06, 2.384170157955636e-06]
B1: 0.16664899552485904 - 0.6666555898349217 - 0.16668774002842973 - -1.3173757138016715e-05
B2: 0.16664410222533635 - 0.6666364017579599 - 0.1666323810609906 - -2.2368058303208873e-05
