Number: 2736
Error: 6.677176558098083e-06
A1: [-5.502241508054877e-06, -5.852226108210108e-06, -4.918711646102464e-06, -5.276558167051067e-06] - [0.20832795968260548, 0.3333245917614954, -0.04167303444947239, -4.380157438875124e-06] - [0.16666043136468492, 0.6666600901767539, 0.16666133306223066, -5.9571085396158385e-06] - [-5.198150672491998e-06, -4.6406679307758684e-06, -4.0829730778932405e-06, -5.193721468794558e-06]
A2: [0.16666132581414994, -0.16667212879561896, -5.9098247526358835e-06, -5.389720270775259e-06] - [0.16658228205475492, 0.33324648491006814, -9.041012133842304e-05, -8.457621371272903e-05] - [0.16662370868918555, 0.8332890747432684, -4.576412481105005e-05, -4.300491082297535e-05] - [1.4688566230264606e-05, 1.5137505759309967e-05, 1.5544380493298038e-05, 1.4688564064879588e-05]
B1: 0.16669142604861026 - 0.6665510091666859 - 0.16656848099843288 - 5.117500454341794e-05
B2: 0.16668144989274603 - 0.6666794519414466 - 0.16668457699594896 - 1.5973504256009728e-05
