Number: 1208
Error: 7.522625383308247e-06
A1: [-1.7537175301125068e-07, -2.671732787905727e-07, 2.0704318604999236e-07, -7.798184392780625e-08] - [0.20834171545682434, 0.3333403451215164, -0.04165849300697795, 8.810317288836997e-06] - [0.1666670348018649, 0.6666668792015444, 0.16666742232605122, 4.880072943389045e-07] - [-2.29000529320795e-06, -2.044260726444488e-06, -1.7983823293350083e-06, -2.2880472345566916e-06]
A2: [0.16665253822844764, -0.1666812745046428, -1.5197251257016752e-05, -1.4149971506250233e-05] - [0.1665821778502279, 0.3332460831995844, -9.035934434269396e-05, -8.457322311925676e-05] - [0.16663586164704652, 0.8333015433761687, -3.2831069564595794e-05, -3.08256887508309e-05] - [6.487695043165399e-06, 6.685963707987063e-06, 6.8656398222661765e-06, 6.487692111631108e-06]
B1: 0.1667069031701183 - 0.666608182342039 - 0.16657915046998858 - 5.148485968123417e-05
B2: 0.16669904337503247 - 0.6667075053816547 - 0.16671911049830151 - 3.290458821447701e-05
