Number: 2669
Error: 4.08832936482314e-06
A1: [-1.0973409649831065e-05, -1.0626200421754466e-05, -9.026744727269868e-06, -1.074832249487202e-05] - [0.20830212205276136, 0.3333019103018743, -0.04169269954585329, -3.0219533260679246e-05] - [0.1666532246853284, 0.6666537379600953, 0.16665579674579606, -1.3164253268827204e-05] - [-5.070186524468186e-06, -4.526430435229091e-06, -3.982463485335133e-06, -5.065865694509878e-06]
A2: [0.16668977341462168, -0.1666428237338258, 2.4180087186768956e-05, 2.3059099756195282e-05] - [0.16669459632351852, 0.3333622097243193, 2.8437501004796215e-05, 2.774283816763704e-05] - [0.16665156769986153, 0.8333177862166053, -1.6271876583555482e-05, -1.5144728042599338e-05] - [1.4331999465832022e-05, 1.4770041530343732e-05, 1.5167038546638125e-05, 1.4331997155959973e-05]
B1: 0.16662681521759654 - 0.6665726397543917 - 0.16667251108986253 - -1.3258786918146097e-05
B2: 0.16661779923826833 - 0.6665950389187401 - 0.16658176386061088 - -4.77067030570012e-05
