Number: 703
Error: 2.996891971396109e-06
A1: [-4.150900532421682e-06, -3.473457808563625e-06, -2.466917720835189e-06, -4.090851995338912e-06] - [0.20831969598106237, 0.33332204634792195, -0.041674130843176824, -1.3372817622683408e-05] - [0.1666616878770267, 0.6666624381261376, 0.1666635947253145, -4.9047382806667e-06] - [-1.329290103754452e-06, -1.186521453511895e-06, -1.0436665871563348e-06, -1.328152174592584e-06]
A2: [0.16667846353070007, -0.16665459382919345, 1.2228073716712441e-05, 1.1784363082108583e-05] - [0.1666944583327552, 0.33336169087944856, 2.8502151364409944e-05, 2.7742675638921227e-05] - [0.16666720498881116, 0.8333338300438399, 3.697030382555611e-07, 5.263286223364807e-07] - [3.7799691752156943e-06, 3.895471995717183e-06, 4.0001399536008085e-06, 3.779967131381105e-06]
B1: 0.1666466179469701 - 0.6666460950932395 - 0.1666861372989797 - -1.2970648363503056e-05
B2: 0.1666407315401108 - 0.6666313308866657 - 0.16662629222648156 - -2.5626111272920553e-05
