Number: 143
Error: 2.6651611709799446e-06
A1: [-2.263140793995475e-06, -1.4964529480527303e-06, -6.63656932162334e-07, -2.2500536941258045e-06] - [0.20832447324455447, 0.3333275344127546, -0.04166910831459662, -8.80248591044897e-06] - [0.16666404017224484, 0.6666648532784643, 0.16666574817745303, -2.6104146724686907e-06] - [-2.636083060714447e-07, -2.35054341115207e-07, -2.0648088458046372e-07, -2.633825151315378e-07]
A2: [0.16667526542014421, -0.16665792152823164, 8.850001141090388e-06, 8.596264473558627e-06] - [0.1666945352556805, 0.3333616647323478, 2.8647299863315275e-05, 2.785885310823907e-05] - [0.1666716932807679, 0.8333384353250616, 5.1463295700608115e-06, 5.0242353725669785e-06] - [7.735110452201052e-07, 7.971156015904872e-07, 8.185030951405568e-07, 7.735106052374184e-07]
B1: 0.16665122747526237 - 0.6666660946105779 - 0.16668919892391523 - -1.3919103222399405e-05
B2: 0.16664846353695248 - 0.6666426858437616 - 0.1666397968501757 - -1.813670667281368e-05
