Number: 1853
Error: 3.639967307087221e-06
A1: [-8.153718078585197e-06, -7.669972878579432e-06, -6.317115314491273e-06, -7.997115684975723e-06] - [0.20830936837538833, 0.3333102179324132, -0.04168504450207343, -2.327498893334736e-05] - [0.16665672543003865, 0.6666573365236295, 0.16665902036318136, -9.74802586476292e-06] - [-3.5175926897673382e-06, -3.140267677532569e-06, -2.7627636341627845e-06, -3.5145894164711e-06]
A2: [0.1666850814222341, -0.16664770671789425, 1.9221611864731666e-05, 1.838169543619388e-05] - [0.16669454846756745, 0.3333620036879267, 2.8473546934016275e-05, 2.775219326591067e-05] - [0.1666580608418215, 0.8333244480307511, -9.362014483592114e-06, -8.637567782029633e-06] - [9.952810078174539e-06, 1.0256996230028467e-05, 1.0532667711171039e-05, 9.952806829278529e-06]
B1: 0.16663516596773761 - 0.6666032665674104 - 0.16667831499957925 - -1.3007353531903275e-05
B2: 0.16662724191107373 - 0.6666099901593618 - 0.16660009555831937 - -3.861755670155622e-05
