Number: 499
Error: 2.8792229521051385e-06
A1: [-3.455313577854697e-06, -2.744605704895952e-06, -1.8006015516757226e-06, -3.412379945652917e-06] - [0.20832146890983816, 0.33332408116227163, -0.04167226266122632, -1.1675302666924434e-05] - [0.16666255317349823, 0.666663327037691, 0.16666438902439704, -4.060567622390651e-06] - [-9.41080627410795e-07, -8.399195352711744e-07, -7.386947579034089e-07, -9.402746662707741e-07]
A2: [0.16667729220388486, -0.16665581262041693, 1.0990690564802368e-05, 1.0616683416766505e-05] - [0.16669445792392232, 0.3333616519864495, 2.8524794280594882e-05, 2.7756566762755742e-05] - [0.16666883213884123, 0.8333354996013005, 2.1014899313115736e-06, 2.1569813313261034e-06] - [2.6848107714825787e-06, 2.766837980399106e-06, 2.8411690438063636e-06, 2.6848092420085503e-06]
B1: 0.16664849606970036 - 0.666653555233862 - 0.16668740305411447 - -1.3117399009331194e-05
B2: 0.16664334317209162 - 0.6666352885653067 - 0.16663106141323994 - -2.3102851649118113e-05
