Number: 205
Error: 2.7036350017390494e-06
A1: [-2.4578958095531423e-06, -1.7001117480564326e-06, -8.471021376920856e-07, -2.4396230771927145e-06] - [0.20832400216696534, 0.3333269885232832, -0.04166959877731747, -9.250708850771969e-06] - [0.16666379436545928, 0.6666646014739965, 0.16666552630993617, -2.8498170172515624e-06] - [-3.8159490075581296e-07, -3.403964275042988e-07, -2.991702861862776e-07, -3.8126798564979494e-07]
A2: [0.1666756174780452, -0.16665755535183888, 9.221530274183852e-06, 8.94721380646901e-06] - [0.16669451454654405, 0.33336165468470286, 2.861756635277158e-05, 2.783379766179755e-05] - [0.16667119229952748, 0.8333379212457688, 4.613144271615543e-06, 4.5221896236759414e-06] - [1.1063877215410543e-06, 1.1401673231308633e-06, 1.1707755034362373e-06, 1.1063870760677085e-06]
B1: 0.16665079848050526 - 0.6666639490682421 - 0.16668891606556066 - -1.37328834888289e-05
B2: 0.1666474579669203 - 0.6666413244866404 - 0.16663824572296954 - -1.9115415777722292e-05
