Number: 1555
Error: 3.4749884413708214e-06
A1: [-7.111475810606814e-06, -6.577173281992008e-06, -5.3136862366734175e-06, -6.979897206764398e-06] - [0.2083120649509901, 0.33331330487298866, -0.04168219312702714, -2.068867334266254e-05] - [0.16665801650595286, 0.6666586640196395, 0.1666602116093518, -8.4878304503826e-06] - [-2.9505608342152033e-06, -2.6340165683550682e-06, -2.3173118907904337e-06, -2.9480399661309313e-06]
A2: [0.16668336735537237, -0.16664949063893883, 1.7410018427940937e-05, 1.667295602104311e-05] - [0.16669452643117452, 0.3333619236294123, 2.848164068512865e-05, 2.775104825000833e-05] - [0.16666043028420258, 0.8333268790450231, -6.8404429337497796e-06, -6.2630070242003174e-06] - [8.353371021902103e-06, 8.608667844064582e-06, 8.8400290735394e-06, 8.35336780246248e-06]
B1: 0.16663817442600554 - 0.6666144049393355 - 0.16668038210950697 - -1.2956900629021003e-05
B2: 0.16663066373773244 - 0.6666154625169138 - 0.1666068433934834 - -3.532482735795228e-05
