Number: 2233
Error: 3.849299052473175e-06
A1: [-9.459106662777412e-06, -9.038512813982583e-06, -7.570382282040151e-06, -9.270618516000411e-06] - [0.20830602492506317, 0.33330638199497753, -0.041688574779396116, -2.6477933176306645e-05] - [0.16665510296570943, 0.6666556689460722, 0.16665752784117582, -1.1331137586581079e-05] - [-4.240630868079917e-06, -3.7858012261861954e-06, -3.33077424688091e-06, -4.237013408436541e-06]
A2: [0.16668726919644786, -0.16664543006405783, 2.1533350625267534e-05, 2.056267611358917e-05] - [0.16669457972970453, 0.3333621084415478, 2.8465375125836867e-05, 2.7756813539862995e-05] - [0.16665503883296512, 0.8333213474521829, -1.2578128804687108e-05, -1.166610434046695e-05] - [1.1992218753938083e-05, 1.2358742379948547e-05, 1.2690914619441304e-05, 1.1992215756617028e-05]
B1: 0.16663124852043895 - 0.6665889805218427 - 0.16667559409898886 - -1.3153013124814848e-05
B2: 0.1666228129734203 - 0.6666030200183306 - 0.166591576572366 - -4.288186257777064e-05
