Number: 1721
Error: 3.5669709625321428e-06
A1: [-7.688373666652042e-06, -7.18202559353876e-06, -5.868546148803372e-06, -7.5428590692708065e-06] - [0.20831057766243763, 0.3333116009729489, -0.04168376496479835, -2.2114555860384314e-05] - [0.16665730103686707, 0.6666579284736421, 0.16665955217278486, -9.186101011065143e-06] - [-3.266426595875926e-06, -2.916024690780502e-06, -2.565451538579385e-06, -3.263636922956489e-06]
A2: [0.1666843229442953, -0.16664849616981597, 1.841986833252137e-05, 1.7625577276514485e-05] - [0.1666945408813263, 0.33336197031444786, 2.8479128870078193e-05, 2.775386091828496e-05] - [0.16665911071225892, 0.8333255251635702, -8.2447807411023e-06, -7.585430105792222e-06] - [9.244343043496126e-06, 9.526873828191295e-06, 9.782918064976446e-06, 9.244339783059192e-06]
B1: 0.16663648736022268 - 0.6666081900362585 - 0.16667922128393814 - -1.2996220738733602e-05
B2: 0.16662874333936714 - 0.6666124113635751 - 0.16660309386423278 - -3.717331179223888e-05
