Number: 2093
Error: 3.772312607390522e-06
A1: [-8.98449534460688e-06, -8.540989804788343e-06, -7.115681842395864e-06, -8.807748375542095e-06] - [0.20830723127353867, 0.3333077683598727, -0.04168730244948426, -2.5323325351799065e-05] - [0.166655694329823, 0.6666562765730082, 0.16665807061807722, -1.0754265379484083e-05] - [-3.974250914246478e-06, -3.547975364862177e-06, -3.1215085151775124e-06, -3.970859609158562e-06]
A2: [0.1666864623796685, -0.16664626957247541, 2.0680971923643037e-05, 1.975836225953043e-05] - [0.16669456645898528, 0.3333620682339304, 2.846691724965085e-05, 2.775335857875339e-05] - [0.1666561521384331, 0.8333224897208384, -1.139327671170085e-05, -1.0550393788167455e-05] - [1.1240878169381303e-05, 1.158443600696224e-05, 1.1895792512213807e-05, 1.124087504166203e-05]
B1: 0.16663271234507634 - 0.666594264164987 - 0.16667661679309756 - -1.3078763328470486e-05
B2: 0.16662446479179518 - 0.6666055883781964 - 0.16659469478165662 - -4.1290700464146124e-05
