Number: 274
Error: 8.05994705787991e-06
A1: [3.0079387979953946e-06, 3.0685078461312573e-06, 3.256471367704402e-06, 3.0269694159346243e-06] - [0.20834982648012162, 0.3333496555182671, -0.04164994521198702, 1.6576061854071464e-05] - [0.16667099585410397, 0.6666709483519015, 0.1666710582774095, 4.352336673069447e-06] - [-5.121264561595833e-07, -4.5693711699862694e-07, -4.0171142651155697e-07, -5.116877255278813e-07]
A2: [0.1666471703354333, -0.16668685987666276, -2.0867827742863305e-05, -1.9501155920684958e-05] - [0.1665821550524045, 0.33324588351687334, -9.027763639453038e-05, -8.453050761736079e-05] - [0.1666433064542141, 0.8333091821791141, -2.4907431083123303e-05, -2.3364834064671985e-05] - [1.4737620887386825e-06, 1.518770971126276e-06, 1.559555242132265e-06, 1.4737612258866284e-06]
B1: 0.16671565669757446 - 0.6666424766296765 - 0.16658506725728564 - 5.096737535588361e-05
B2: 0.16671089124092553 - 0.6667255122230785 - 0.16674082759538128 - 4.4347592165469465e-05
