Number: 2471
Error: 3.979937265400969e-06
A1: [-1.0287492250188258e-05, -9.907057089980867e-06, -8.367338755426623e-06, -1.0079023842789328e-05] - [0.20830388733716343, 0.33330393350400095, -0.041690834289715956, -2.852747981678592e-05] - [0.16665407587669914, 0.6666546129863997, 0.16665658089847113, -1.233357032829248e-05] - [-4.693466028776078e-06, -4.190093851397339e-06, -3.6865159656748244e-06, -4.689464444167413e-06]
A2: [0.16668863630266575, -0.16664400720189268, 2.297828501343226e-05, 2.1925527526992786e-05] - [0.16669458961633685, 0.3333621645977589, 2.845106808755052e-05, 2.7750013589034707e-05] - [0.16665314434617445, 0.8333194037857949, -1.4594124842518186e-05, -1.3564679886713878e-05] - [1.3269463403115029e-05, 1.3675027712247575e-05, 1.4042586325543197e-05, 1.3269460728266715e-05]
B1: 0.16662883311366522 - 0.6665800660524881 - 0.16667391766252035 - -1.320612021509738e-05
B2: 0.1666200808449484 - 0.6665986625827233 - 0.16658621349898664 - -4.551088015331033e-05
