Number: 242
Error: 8.079448723409016e-06
A1: [3.1182045450185787e-06, 3.183957192237513e-06, 3.362075650776336e-06, 3.1345492949275795e-06] - [0.2083501089310902, 0.33334997894273477, -0.04164964803578608, 1.6846678864122893e-05] - [0.16667113264409403, 0.6666710888233374, 0.1666711838830969, 4.485811592291657e-06] - [-4.512098793692617e-07, -4.0254931546086085e-07, -3.538564738993611e-07, -4.5082333372663884e-07]
A2: [0.16664698913694348, -0.1666870484724479, -2.105929581117511e-05, -1.9681781952136387e-05] - [0.1665821652651462, 0.33324588789753185, -9.026341560439682e-05, -8.451805044359537e-05] - [0.16664356430493776, 0.8333094467366005, -2.463306222831193e-05, -2.3106433620167976e-05] - [1.3019688947701586e-06, 1.341726595387999e-06, 1.3777521861526683e-06, 1.3019681336820435e-06]
B1: 0.16671587765542767 - 0.6666435811797117 - 0.16658520802525253 - 5.0870745214894424e-05
B2: 0.16671135278065008 - 0.6667261879705062 - 0.1667416335896556 - 4.479526137355142e-05
