Number: 2858
Error: 6.610376692057912e-06
A1: [-5.931855564062293e-06, -6.30269863865418e-06, -5.332761937051975e-06, -5.695925662030114e-06] - [0.208326843995574, 0.33332331558512407, -0.04167421487196433, -5.450694901392769e-06] - [0.1666598997736169, 0.6666595435174524, 0.16666084201283546, -6.476056447339006e-06] - [-5.430324309058462e-06, -4.847951678475514e-06, -4.265364919264672e-06, -5.425698554014452e-06]
A2: [0.16666202503144362, -0.16667140094888538, -5.1706205283816045e-06, -4.692685418670512e-06] - [0.16658228216079937, 0.33324650887539725, -9.042216269541078e-05, -8.458466735505989e-05] - [0.16662273659935564, 0.8332880774639267, -4.6798469290103924e-05, -4.3979098249105514e-05] - [1.534324506857102e-05, 1.5812195561501282e-05, 1.623720899307051e-05, 1.534324319001235e-05]
B1: 0.16669020556225742 - 0.6665464545016005 - 0.16656763378382705 - 5.1165446921028576e-05
B2: 0.16668006861627296 - 0.666677222017404 - 0.16668181544144214 - 1.4645118227299037e-05
