Number: 1720
Error: 7.237221136268685e-06
A1: [-1.970485000666321e-06, -2.149338748031819e-06, -1.5217483842345455e-06, -1.8300946963250962e-06] - [0.20833706535426666, 0.33333502351808686, -0.04166341064034249, 4.349679229175832e-06] - [0.16666481187790547, 0.6666645935503518, 0.16666537063704268, -1.6818520171030118e-06] - [-3.264511893720249e-06, -2.914309716041319e-06, -2.5639364914843636e-06, -3.2617238606540757e-06]
A2: [0.16665548470374758, -0.16667820795771002, -1.2083151524944165e-05, -1.1212655450484883e-05] - [0.16658222183911167, 0.33324622701793494, -9.036701185954206e-05, -8.456515063810324e-05] - [0.1666317922089492, 0.8332973681659409, -3.716189100967407e-05, -3.490392590788799e-05] - [9.235895639658535e-06, 9.518167283131531e-06, 9.77397661222829e-06, 9.235892381541865e-06]
B1: 0.16670176572287088 - 0.6665890812226638 - 0.166575640810932 - 5.142986178252036e-05
B2: 0.16669314623289544 - 0.6666980718897896 - 0.16670747258909305 - 2.7229392051025114e-05
