Number: 1000
Error: 7.639539872289637e-06
A1: [5.468048158650466e-07, 4.899202602160116e-07, 9.013768449976098e-07, 6.267319917753002e-07] - [0.20834357584029276, 0.33334247650364435, -0.04165652754553627, 1.0593756818956529e-05] - [0.1666679306342122, 0.6666678000687272, 0.16666824769009575, 1.3622877105106967e-06] - [-1.8940950092752287e-06, -1.6907864855610553e-06, -1.4873624564930032e-06, -1.8924746981466515e-06]
A2: [0.16665134002461102, -0.16668252139863662, -1.6463371287144e-05, -1.534445438304338e-05] - [0.16658215733991455, 0.3332460224152567, -9.03583028189273e-05, -8.457914307023158e-05] - [0.16663751469010674, 0.8333032394396579, -3.107174076924578e-05, -2.9169071506947273e-05] - [5.371164844444811e-06, 5.5353049038041865e-06, 5.684050848443329e-06, 5.371162212440554e-06]
B1: 0.16670897986397326 - 0.6666159315680097 - 0.16658056508868907 - 5.149679610653742e-05
B2: 0.16670149666575848 - 0.6667113729034543 - 0.16672384980953614 - 3.526771515762889e-05
