Number: 685
Error: 2.9865763943876896e-06
A1: [-4.081827687838766e-06, -3.4010095210509095e-06, -2.399547109895581e-06, -4.023296657991795e-06] - [0.20831988343626476, 0.3333222586818123, -0.04167393144149997, -1.3192046281334988e-05] - [0.16666177201533128, 0.6666625247920867, 0.1666636734870651, -4.822471451008966e-06] - [-1.2950365428599645e-06, -1.1559393639181684e-06, -1.0167578797363773e-06, -1.2939278913164787e-06]
A2: [0.16667836130589062, -0.16665470031190038, 1.2119877459487563e-05, 1.168246002404311e-05] - [0.1666944609518772, 0.33336168991236953, 2.8506415087517094e-05, 2.7746556319600834e-05] - [0.16666734875701913, 0.8333339775283536, 5.226519570665761e-07, 6.70405846889453e-07] - [3.683335703611767e-06, 3.795884744469385e-06, 3.897875850048374e-06, 3.6833337016918283e-06]
B1: 0.1666467641086644 - 0.6666467343043304 - 0.1666862304697423 - -1.3003176852000679e-05
B2: 0.1666409311254158 - 0.6666316732764034 - 0.1666267315977879 - -2.5434321830851168e-05
