Number: 249
Error: 2.7305762102812256e-06
A1: [-2.6066572947414023e-06, -1.8558237856551328e-06, -9.891007158583761e-07, -2.5846943151856635e-06] - [0.20832362527379142, 0.33332655600488165, -0.04166999449297519, -9.611341734228453e-06] - [0.16666360921180493, 0.6666644114311128, 0.16666535687977896, -3.0304153453351785e-06] - [-4.6532777591114125e-07, -4.1515544883645734e-07, -3.649497795186484e-07, -4.649291173004597e-07]
A2: [0.16667586653733746, -0.16665729615975508, 9.484636775460272e-06, 9.195486448535196e-06] - [0.1666944993505046, 0.33336164738552077, 2.8596630565549356e-05, 2.7815517421361742e-05] - [0.16667083730596957, 0.833337557009012, 4.235399780410293e-06, 4.16644066800959e-06] - [1.3426235695927055e-06, 1.3836241893808444e-06, 1.4207761245827093e-06, 1.3426227820198787e-06]
B1: 0.1666505001694463 - 0.666662434337438 - 0.16668872500749263 - -1.3594539523239784e-05
B2: 0.16664680265241386 - 0.6666403835957435 - 0.16663713516278628 - -1.975166980655608e-05
