Number: 1324
Error: 7.457726790144006e-06
A1: [-5.743019231528099e-07, -6.853790997969766e-07, -1.7596571495477937e-07, -4.6717699056228685e-07] - [0.20834069327463214, 0.33333917260262363, -0.04165957219880357, 7.831031110209664e-06] - [0.16666653904313683, 0.6666663696822678, 0.16666696626722705, 4.263908170251136e-09] - [-2.510798250634989e-06, -2.2413875319662922e-06, -1.971833572157711e-06, -2.5086519756510026e-06]
A2: [0.1666532072446472, -0.1666805783562886, -1.4490404611688933e-05, -1.3483030454518345e-05] - [0.16658219166411245, 0.3332461194318732, -9.035764119035267e-05, -8.456754634038413e-05] - [0.1666349401473648, 0.8333005978849057, -3.381184459350579e-05, -3.174918183654436e-05] - [7.110357057670641e-06, 7.327658395663559e-06, 7.524583775698242e-06, 7.110354000798712e-06]
B1: 0.1667057204133425 - 0.6666038372609319 - 0.1665783392618684 - 5.14535870589736e-05
B2: 0.16669767331913285 - 0.6667053584342432 - 0.1667164897819066 - 3.1584816906167794e-05
