Number: 1991
Error: 3.7161022794302205e-06
A1: [-8.626029365843496e-06, -8.165119254780439e-06, -6.770299770436458e-06, -8.45784894208771e-06] - [0.2083081612360217, 0.33330883234253184, -0.041686318687001664, -2.4431108804746958e-05] - [0.16665613798962128, 0.6666567328004674, 0.16665848031504202, -1.03211764625984e-05] - [-3.7801729818926943e-06, -3.3747015632308426e-06, -2.9690437619345426e-06, -3.7769465371980447e-06]
A2: [0.16668587650542593, -0.16664687937208325, 2.0061682717244246e-05, 1.9174311485531358e-05] - [0.16669456164365737, 0.33336204351245347, 2.8472317010351544e-05, 2.7755694255908995e-05] - [0.16665696372079772, 0.8333233223712485, -1.0529637331935901e-05, -9.737059307134912e-06] - [1.0693453568084982e-05, 1.1020278590774405e-05, 1.1316468992659078e-05, 1.069345037306863e-05]
B1: 0.16663373740270224 - 0.6665980735538336 - 0.16667732303029395 - -1.3066155567030788e-05
B2: 0.1666256260625233 - 0.6666074569239685 - 0.16659700562189686 - -4.01736180392953e-05
