Number: 2945
Error: 4.239021450723936e-06
A1: [-1.1941847737877881e-05, -1.1641643240022647e-05, -9.959610083739906e-06, -1.1693583825117001e-05] - [0.20829961174198067, 0.3332990376820269, -0.041695354793165884, -3.262771843832133e-05] - [0.16665202573804966, 0.6666525050883666, 0.16665468983977375, -1.4334602318999806e-05] - [-5.595297710257027e-06, -4.995248634174323e-06, -4.394984252936314e-06, -5.590532358902055e-06]
A2: [0.16669135521263276, -0.16664117721667215, 2.5852271646200372e-05, 2.4635963707882766e-05] - [0.16669459575692, 0.3333622629834994, 2.8409240676284612e-05, 2.7722919819963703e-05] - [0.16664936822669274, 0.8333155297325803, -1.8612215601518725e-05, -1.7348943469272214e-05] - [1.581305045601e-05, 1.6296362574941012e-05, 1.67343941395721e-05, 1.581304880151201e-05]
B1: 0.1666240459924496 - 0.666562326583444 - 0.16667058377679028 - -1.3288621629284654e-05
B2: 0.1666146645572984 - 0.6665899950809199 - 0.16657552813394452 - -5.0721808413900876e-05
