Number: 1679
Error: 3.5437242392757245e-06
A1: [-7.543572067591653e-06, -7.030215831786319e-06, -5.729449555948287e-06, -7.401582309970988e-06] - [0.20831094929329053, 0.33331202714890257, -0.04168337246194857, -2.1758456944333406e-05] - [0.16665748088731722, 0.6666581133384617, 0.16665971771597898, -9.01060082552517e-06] - [-3.186509169264114e-06, -2.844673614874852e-06, -2.502669444648418e-06, -3.1837874877685947e-06]
A2: [0.16668408100273419, -0.1666487479390035, 1.8164217621061838e-05, 1.7384386578983812e-05] - [0.16669453682288957, 0.33336195812461455, 2.8479412261971356e-05, 2.775274696196361e-05] - [0.166659444547314, 0.8333258676821008, -7.889493138375751e-06, -7.250873655308305e-06] - [9.018919687117174e-06, 9.294560055599178e-06, 9.544359249439798e-06, 9.018916431207812e-06]
B1: 0.16663691832328567 - 0.6666097665005257 - 0.1666795189228372 - -1.2982152127232068e-05
B2: 0.16662923269396512 - 0.6666131831997778 - 0.16660403858684136 - -3.6702152686835684e-05
