Number: 839
Error: 3.074289871922076e-06
A1: [-4.621929398995174e-06, -3.967169280108824e-06, -2.9194455576371224e-06, -4.550464045962884e-06] - [0.20831848435669745, 0.3333206581212581, -0.041675409996115666, -1.453413786906062e-05] - [0.16666110350751284, 0.6666618375154101, 0.166663056689342, -5.475017089469806e-06] - [-1.5880930769470427e-06, -1.4175857065951016e-06, -1.24697815352047e-06, -1.5867340215078812e-06]
A2: [0.16667924531497938, -0.16665378028193714, 1.3054133739302169e-05, 1.25637159842142e-05] - [0.16669446439416835, 0.3333617229940517, 2.8493624685075125e-05, 2.7739203749431335e-05] - [0.16666612219912907, 0.8333327190604877, -7.826940972784293e-07, -5.58796260331627e-07] - [4.510049328908432e-06, 4.647868406918644e-06, 4.772760546995633e-06, 4.510046990640575e-06]
B1: 0.16664532100315554 - 0.6666410830144782 - 0.16668526090864497 - -1.2917617567606007e-05
B2: 0.1666390710434204 - 0.6666287497511872 - 0.16662314530862546 - -2.7227693968425072e-05
