Number: 1899
Error: 3.6653408563430833e-06
A1: [-8.303169301734951e-06, -7.82658710923074e-06, -6.459293638635765e-06, -8.142715200482766e-06] - [0.20830899815909892, 0.33330979004007255, -0.041685433452505936, -2.3628229488570228e-05] - [0.16665653768587724, 0.6666571438055008, 0.16665884932369496, -9.931014442193945e-06] - [-3.6051204970952837e-06, -3.2184135918111474e-06, -2.8315251157123476e-06, -3.6020428167985143e-06]
A2: [0.16668534784113645, -0.16664742961228285, 1.950288774047922e-05, 1.8647291898321824e-05] - [0.16669455653006968, 0.33336202045532415, 2.8476440660575483e-05, 2.7757030526163505e-05] - [0.1666576955743328, 0.8333240732288425, -9.750827289389486e-06, -9.003625480567417e-06] - [1.0199689181396474e-05, 1.0511421573288131e-05, 1.0793932618036409e-05, 1.0199685945697236e-05]
B1: 0.16663466361032606 - 0.66660151065469 - 0.16667796070229676 - -1.3053143924478182e-05
B2: 0.16662667581627197 - 0.6666091431643535 - 0.1665990892661351 - -3.916372026916608e-05
