Number: 93
Error: 2.633599077190857e-06
A1: [-2.1064698753905137e-06, -1.3326780114278168e-06, -5.162599488800304e-07, -2.0975643416956353e-06] - [0.20832485143603185, 0.33332797264438013, -0.04166871507448939, -8.442723838649719e-06] - [0.16666423793912857, 0.666665055813044, 0.16666592649983678, -2.4178122288834154e-06] - [-1.684580086608735e-07, -1.501011132477608e-07, -1.3173148077686095e-07, -1.6831379719146268e-07]
A2: [0.16667498284293464, -0.16665821545448886, 8.551791592884086e-06, 8.314581272712559e-06] - [0.16669455763579552, 0.333361678656876, 2.8677227958420014e-05, 2.788473830093904e-05] - [0.1666720987908864, 0.8333388514323004, 5.577875180181358e-06, 5.430603953823758e-06] - [5.050562080544675e-07, 5.204549023018338e-07, 5.344062231297285e-07, 5.050559379209889e-07]
B1: 0.16665153508706693 - 0.6666677911271914 - 0.1666893978533625 - -1.4107600433561939e-05
B2: 0.16664930683914317 - 0.6666438145745505 - 0.16664107691696003 - -1.731506648928915e-05
