Number: 2543
Error: 4.0193882177706635e-06
A1: [-1.0539098118580555e-05, -1.0170867681307212e-05, -8.60954895037239e-06, -1.0324584399840604e-05] - [0.20830323663235162, 0.33330318851784435, -0.04169152233323186, -2.9151546674803396e-05] - [0.1666537641486599, 0.6666542924674057, 0.16665629330126763, -1.2637838563019839e-05] - [-4.830455890930458e-06, -4.3123985700585496e-06, -3.7941334772664994e-06, -4.826338183714992e-06]
A2: [0.16668904950668734, -0.1666435771225497, 2.3415050684445134e-05, 2.2337444390631373e-05] - [0.1666945913880591, 0.33336218038863324, 2.8445566699367774e-05, 2.774673719612519e-05] - [0.16665257098240835, 0.8333188155468032, -1.5204242179758678e-05, -1.4139280645191288e-05] - [1.3655845928500527e-05, 1.407322051228775e-05, 1.4451484095587209e-05, 1.3655843376198757e-05]
B1: 0.16662810631803868 - 0.6665773724571568 - 0.16667341297341987 - -1.3218277145152579e-05
B2: 0.16661925831507365 - 0.6665973452350054 - 0.16658458862430475 - -4.6302216756818716e-05
