Number: 651
Error: 2.967099733525864e-06
A1: [-3.969972736762957e-06, -3.2838278876659007e-06, -2.293005412986261e-06, -3.914290274760621e-06] - [0.2083201625392815, 0.33332258055327996, -0.041673638220518644, -1.2925496530656366e-05] - [0.16666191212730566, 0.6666626686183824, 0.16666380132344574, -4.685876482000927e-06] - [-1.2303352624394287e-06, -1.0981725879050106e-06, -9.659292578464308e-07, -1.2292819204214026e-06]
A2: [0.16667816512615777, -0.166654904374935, 1.1912745822499975e-05, 1.1486888178707622e-05] - [0.1666944579579127, 0.3333616805668775, 2.850739651277066e-05, 2.7745945816051522e-05] - [0.16666761944980993, 0.8333342552930335, 8.107937917924874e-07, 9.416824584136607e-07] - [3.500814440905941e-06, 3.6077843707393613e-06, 3.7047194381112644e-06, 3.5008125200203213e-06]
B1: 0.1666470987701978 - 0.666647997806141 - 0.1666864600913576 - -1.300598786994889e-05
B2: 0.16664137366827522 - 0.6666323275148307 - 0.166627507771774 - -2.5006508709279275e-05
