Number: 2214
Error: 6.964013609281563e-06
A1: [-3.6961840834686212e-06, -3.9587219552411215e-06, -3.182855017813272e-06, -3.51431329574911e-06] - [0.20833260387275762, 0.33332991536368417, -0.041668127839584714, 7.097192936061323e-08] - [0.1666626734091963, 0.6666623948677503, 0.16666339797268445, -3.7691321939665606e-06] - [-4.204709740923493e-06, -3.7537230279356033e-06, -3.302539879008514e-06, -4.201122777421093e-06]
A2: [0.166658325564753, -0.16667525127647825, -9.08061334212144e-06, -8.380631633782988e-06] - [0.16658225580689226, 0.33324635728567653, -9.038291626122061e-05, -8.456583884347892e-05] - [0.16662786347049557, 0.8332933373891798, -4.1342796438419214e-05, -3.8841155525360524e-05] - [1.188722789036586e-05, 1.2250541134196946e-05, 1.2579803476197213e-05, 1.1887224874396141e-05]
B1: 0.16669676222961427 - 0.6665705983908884 - 0.16657219349718105 - 5.1329943110140936e-05
B2: 0.16668747896586344 - 0.6666890118464996 - 0.16669630581780803 - 2.1776276610251146e-05
