Number: 1777
Error: 3.5979242911936127e-06
A1: [-7.873450104896924e-06, -7.3759976278227334e-06, -6.045119007326042e-06, -7.72324340508381e-06] - [0.2083101143405693, 0.3333110667309447, -0.041684252503827, -2.2557199370394317e-05] - [0.1666570693114708, 0.6666576905158415, 0.16665934043007632, -9.412033837954898e-06] - [-3.372983238087143e-06, -3.0111597826979463e-06, -2.64916168806416e-06, -3.3701029298423125e-06]
A2: [0.16668464685205847, -0.16664815922594298, 1.8761916461315466e-05, 1.7948483829925385e-05] - [0.1666945496934052, 0.33336198979153014, 2.848178761429907e-05, 2.7758746770347668e-05] - [0.16665866597251836, 0.8333250688245917, -8.718167955593884e-06, -8.031131777982676e-06] - [9.54490047501304e-06, 9.836618269683733e-06, 1.0100989080648164e-05, 9.54489721467744e-06]
B1: 0.16663588638695362 - 0.6666060628019501 - 0.16667880020670423 - -1.3041359130476062e-05
B2: 0.16662806396164914 - 0.6666113802538682 - 0.1666018585234604 - -3.782842655353448e-05
