Number: 948
Error: 7.668902930549885e-06
A1: [7.274186233197959e-07, 6.792579373504275e-07, 1.075018824487689e-06, 8.029799989237608e-07] - [0.20834404118880068, 0.333343009582117, -0.04165603596782802, 1.1039868987098605e-05] - [0.16666815465053336, 0.6666680303394555, 0.16666845408000927, 1.580915876804102e-06] - [-1.7951159956426213e-06, -1.6024165066376164e-06, -1.4096063867084847e-06, -1.7935801734548006e-06]
A2: [0.16665104061404862, -0.16668283297675313, -1.6779751262012347e-05, -1.564293470419731e-05] - [0.16658215281669206, 0.3332460078448333, -9.035739738246574e-05, -8.458001876334786e-05] - [0.16663792810898084, 0.8333036636191896, -3.063174001784674e-05, -2.8754759126073792e-05] - [5.092025917009644e-06, 5.247633618456911e-06, 5.38864693371116e-06, 5.092023374802446e-06]
B1: 0.16670949230013093 - 0.6666178626393342 - 0.16658091297758457 - 5.1493042832141266e-05
B2: 0.16670211545803318 - 0.6667123454178617 - 0.16672504042323866 - 3.586396671150007e-05
