Number: 2730
Error: 6.68048818491275e-06
A1: [-5.471292243190886e-06, -5.819699271053145e-06, -4.8874245576270645e-06, -5.2461222411008335e-06] - [0.20832805411111868, 0.3333246963046071, -0.04167293239481227, -4.28798726978131e-06] - [0.16666046743370128, 0.6666601275441992, 0.16666136825187078, -5.921670821908523e-06] - [-5.186735116625725e-06, -4.630476631363644e-06, -4.0740061501952444e-06, -5.182315579476113e-06]
A2: [0.1666612930949028, -0.1666721630059243, -5.944680963951188e-06, -5.422332188544108e-06] - [0.16658228639096045, 0.33324648785377775, -9.040563743755257e-05, -8.457145655275838e-05] - [0.1666237569986578, 0.8332891242650793, -4.571280809844133e-05, -4.29564981937428e-05] - [1.4656368302609461e-05, 1.5104323683539696e-05, 1.5510306355571508e-05, 1.465636612397569e-05]
B1: 0.16669145385080722 - 0.6665512023699804 - 0.1665684932907184 - 5.114322597273183e-05
B2: 0.16668148431282612 - 0.666679558720779 - 0.1666847422253919 - 1.6005324611285382e-05
