Number: 251
Error: 2.7317848466400737e-06
A1: [-2.6090573336572614e-06, -1.8582953222899625e-06, -9.907045804733658e-07, -2.586930795220868e-06] - [0.2083236257062739, 0.3333265548935726, -0.04166999294722177, -9.610186967863664e-06] - [0.16666360520274195, 0.6666644074470092, 0.16666535407970476, -3.034221567975359e-06] - [-4.691336547814331e-07, -4.1855353052696974e-07, -3.6793980883383447e-07, -4.687317356630141e-07]
A2: [0.1666758786144749, -0.1666572836585326, 9.497277307519254e-06, 9.207527797757853e-06] - [0.1666945006574018, 0.33336164895580656, 2.8597479439581417e-05, 2.7816684004893665e-05] - [0.1666708214091799, 0.8333375406806927, 4.218445216625722e-06, 4.150509512044344e-06] - [1.3533592049995083e-06, 1.3946879830055719e-06, 1.4321372989240897e-06, 1.3533584110240907e-06]
B1: 0.16665047187940543 - 0.6666623514454559 - 0.1666887029699749 - -1.3602993476910408e-05
B2: 0.16664675831234882 - 0.6666403398679963 - 0.16663709806285038 - -1.979514256848089e-05
