Number: 270
Error: 8.062414485102905e-06
A1: [3.0366968379418493e-06, 3.0987557950751773e-06, 3.286330355033033e-06, 3.055377384344505e-06] - [0.20834992210173753, 0.33334975965138447, -0.04164984097125539, 1.6670146511181864e-05] - [0.16667102809019502, 0.6666709818987911, 0.16667109081640982, 4.384143901683478e-06] - [-5.04513748168571e-07, -4.501406090335935e-07, -3.957316244927998e-07, -5.040815383160247e-07]
A2: [0.16664715022611562, -0.16668688103763987, -2.0889481257310922e-05, -1.9521193682690876e-05] - [0.16658216292961944, 0.3332458903295497, -9.026994667428975e-05, -8.452234985224314e-05] - [0.16664333944532433, 0.8333092159678049, -2.487245895316434e-05, -2.333177423960189e-05] - [1.4522878208228683e-06, 1.4966403133061768e-06, 1.5368297568739726e-06, 1.4522869706174582e-06]
B1: 0.1667156355718803 - 0.6666425681069612 - 0.16658504041523148 - 5.090651035026471e-05
B2: 0.16671089747597465 - 0.66672559192863 - 0.16674097283210654 - 4.435209399867981e-05
