Number: 1402
Error: 7.414149115269984e-06
A1: [-8.569717690537739e-07, -9.818251431871239e-07, -4.495599428608638e-07, -7.432871220611183e-07] - [0.20833994783228577, 0.3333383227906773, -0.0416603625372729, 7.114488098626753e-06] - [0.16666619110348105, 0.6666660116668328, 0.16666664337582765, -3.3558264898719526e-07] - [-2.6592580014873104e-06, -2.373933694233618e-06, -2.088460141339283e-06, -2.656985227431397e-06]
A2: [0.16665365462947893, -0.16668011260278062, -1.4017326419096083e-05, -1.303704097592592e-05] - [0.16658219454307202, 0.33324613771852146, -9.036222260566749e-05, -8.457013894303179e-05] - [0.16663431977993068, 0.8332999614270319, -3.4471984052919767e-05, -3.2370889705961563e-05] - [7.529036317057829e-06, 7.75913523433396e-06, 7.967659141479242e-06, 7.529033192798026e-06]
B1: 0.16670496936879253 - 0.6666009577528441 - 0.1665778338693261 - 5.147685190350635e-05
B2: 0.16669680445733298 - 0.666703922176412 - 0.16671468747493395 - 3.0749766165431595e-05
