Number: 1066
Error: 7.6023162315320715e-06
A1: [3.019386577043625e-07, 2.3309771975547147e-07, 6.635921011349695e-07, 3.8742197584816085e-07] - [0.20834292225115753, 0.33334173339232837, -0.04165722153926482, 9.964643219672517e-06] - [0.1666676305045732, 0.6666674911086177, 0.16666796814796814, 1.0690119325530667e-06] - [-2.019718514598572e-06, -1.8029445307042201e-06, -1.5860490245815314e-06, -2.0179910004088517e-06]
A2: [0.16665171746749446, -0.16668212837665314, -1.6064112347427128e-05, -1.4968192186630559e-05] - [0.16658215651778352, 0.33324603470837655, -9.036527190906828e-05, -8.458459478471002e-05] - [0.16663698926084045, 0.8333027003984134, -3.163081506306496e-05, -2.96956348609984e-05] - [5.7254531218744075e-06, 5.900422584246735e-06, 6.058982959775012e-06, 5.725450384433754e-06]
B1: 0.16670837664161503 - 0.6666135258009446 - 0.16658016675818385 - 5.154877990689327e-05
B2: 0.16670076820410737 - 0.6667101467320455 - 0.1667222953810356 - 3.456786186123488e-05
