Number: 2760
Error: 6.6640488329016625e-06
A1: [-5.578114401267569e-06, -5.931716851267825e-06, -4.990552032924254e-06, -5.350423609764786e-06] - [0.20832777501206798, 0.33332437747424837, -0.041673227945541506, -4.555979386156389e-06] - [0.16666033552266038, 0.6666599918609513, 0.16666124617647926, -6.050471719907116e-06] - [-5.243826977541923e-06, -4.681448005264436e-06, -4.1188564757911765e-06, -5.239359096836366e-06]
A2: [0.16666146486013275, -0.16667198419064225, -5.76306238998652e-06, -5.251103624405068e-06] - [0.16658228599758626, 0.33324649335378054, -9.040896399109853e-05, -8.457395475258757e-05] - [0.16662351792492147, 0.8332888790003752, -4.5967183834717064e-05, -4.319608772323322e-05] - [1.4817356521750433e-05, 1.5270232681999334e-05, 1.5680675711617406e-05, 1.4817354410149354e-05]
B1: 0.16669115753259875 - 0.666550086072643 - 0.16656828857020753 - 5.114468162874838e-05
B2: 0.16668114858798064 - 0.6666790106355661 - 0.16668405953297652 - 1.5682605406653415e-05
