Number: 1609
Error: 3.5049224395730134e-06
A1: [-7.294237686701754e-06, -6.768752949420832e-06, -5.488727453980933e-06, -7.158130361014646e-06] - [0.20831160088556339, 0.3333127714548232, -0.04168268247403273, -2.1132782166785777e-05] - [0.16665778871846132, 0.6666584299799861, 0.16666000260726835, -8.71002793166567e-06] - [-3.0533132341953927e-06, -2.72575517867371e-06, -2.398033058191171e-06, -3.050704900437414e-06]
A2: [0.1666836790859414, -0.1666491663021934, 1.7739314492896366e-05, 1.698372116765934e-05] - [0.1666945334661354, 0.33336194104036193, 2.8482930956854943e-05, 2.775429741152819e-05] - [0.16666000131504358, 0.8333264389014645, -7.297014399015791e-06, -6.692903678161642e-06] - [8.643205819624109e-06, 8.907361908977555e-06, 9.146752529434748e-06, 8.643202580089172e-06]
B1: 0.16663760972344746 - 0.6666123681538584 - 0.16667999026197236 - -1.2985600981935087e-05
B2: 0.16663002185700163 - 0.666614468089813 - 0.1666056379179284 - -3.5943313186212103e-05
