Number: 2159
Error: 3.8086150902406316e-06
A1: [-9.20516129914034e-06, -8.772284010829205e-06, -7.3266152435692745e-06, -9.022882133677348e-06] - [0.20830667496956642, 0.3333071278880376, -0.0416878884649443, -2.585524913072243e-05] - [0.16665541865540331, 0.6666559934067698, 0.16665781819911973, -1.102311083571472e-05] - [-4.09983078228247e-06, -3.6600941091440304e-06, -3.2201631869495474e-06, -4.096332842960609e-06]
A2: [0.1666868433018973, -0.16664587326444041, 2.1083319819929357e-05, 2.0138104514531523e-05] - [0.1666945742416309, 0.33336208864684713, 2.846757517973526e-05, 2.7756513729803404e-05] - [0.16665562749119744, 0.8333219514112009, -1.195167032160946e-05, -1.107617485630661e-05] - [1.1595082445149076e-05, 1.1949467045831904e-05, 1.2270636677524015e-05, 1.1595079373417606e-05]
B1: 0.16663201208582615 - 0.6665917636990346 - 0.1666761256355811 - -1.3123943901027722e-05
B2: 0.16662367538787012 - 0.6666043764910806 - 0.16659323381055882 - -4.205150849423188e-05
