Number: 3099
Error: 4.3228905611198515e-06
A1: [-1.2480633394032098e-05, -1.220656611487223e-05, -1.0478368787909797e-05, -1.2219439320665815e-05] - [0.20829821739045826, 0.3332974415305329, -0.0416968293035606, -3.3965093631132955e-05] - [0.16665135835245398, 0.6666518188634302, 0.16665407398601412, -1.4986033061025128e-05] - [-5.888288252616936e-06, -5.2568294538616115e-06, -4.625154254653141e-06, -5.883275116623931e-06]
A2: [0.1666922374642586, -0.16664025886865705, 2.678492718690134e-05, 2.5515462266691223e-05] - [0.16669459380718485, 0.333362291029013, 2.839176473310058e-05, 2.771017202249803e-05] - [0.16664814049100693, 0.8333142701818136, -1.9918559777483255e-05, -1.85793254004644e-05] - [1.6639399554455803e-05, 1.714796994099912e-05, 1.7608897085033314e-05, 1.663939833968123e-05]
B1: 0.16662249785883787 - 0.6665565677195694 - 0.16666950238898637 - -1.3308287260741346e-05
B2: 0.1666129115731363 - 0.6665871817375917 - 0.1665720549196025 - -5.240807131783032e-05
