Number: 1496
Error: 7.361757468016909e-06
A1: [-1.18223376997033e-06, -1.3228279060511325e-06, -7.62162751950555e-07, -1.0606586331248976e-06] - [0.2083391114600633, 0.3333373641078021, -0.04166124608123095, 6.3128837965682814e-06] - [0.16666578734352908, 0.6666655966346747, 0.16666627154184735, -7.296044030887146e-07] - [-2.838172498629061e-06, -2.533670474262736e-06, -2.2290123128586826e-06, -2.8357473351927526e-06]
A2: [0.16665419636086984, -0.16667954886300188, -1.3444894254875765e-05, -1.2496991166452177e-05] - [0.16658220469949483, 0.3332461661084004, -9.036174461060242e-05, -8.456657653723743e-05] - [0.16663357292066128, 0.8332991951374006, -3.526685489275863e-05, -3.311936441994438e-05] - [8.033590184394014e-06, 8.279111574718433e-06, 8.501613089658765e-06, 8.033586996973097e-06]
B1: 0.1667040115064196 - 0.666597437002461 - 0.16657717637533398 - 5.1452085378486095e-05
B2: 0.16669570732587066 - 0.666702189228499 - 0.1667125639799687 - 2.9693382943887634e-05
