Number: 867
Error: 3.0901076277858387e-06
A1: [-4.702646811579629e-06, -4.051649760175607e-06, -2.994540683364762e-06, -4.62884653355507e-06] - [0.20831830036576565, 0.3333204414251847, -0.04167560058356541, -1.4707834796919525e-05] - [0.16666099961741454, 0.6666617311991807, 0.16666296417314633, -5.576021921918601e-06] - [-1.6413758547554064e-06, -1.4651580028713636e-06, -1.2888371954073157e-06, -1.6399712910102064e-06]
A2: [0.1666794091657001, -0.16665361002524617, 1.3226825018548035e-05, 1.2727066009631557e-05] - [0.16669447341781046, 0.3333617370358716, 2.849893010724354e-05, 2.7746264173288403e-05] - [0.1666659002505769, 0.8333324912675383, -1.0190567858336697e-06, -7.812257136645742e-07] - [4.6603487027817275e-06, 4.802761968524974e-06, 4.931817640601991e-06, 4.660346308795623e-06]
B1: 0.1666449960477319 - 0.6666399960229009 - 0.16668502820762915 - -1.2964680466466574e-05
B2: 0.1666386774838096 - 0.6666282172952195 - 0.16662254979102423 - -2.7609120321288902e-05
