Number: 2550
Error: 6.779187854978706e-06
A1: [-4.854313246930301e-06, -5.1728927786655145e-06, -4.295304173244963e-06, -4.644245205045853e-06] - [0.20832963220857065, 0.33332650737117403, -0.041671266425133704, -2.7764394852015525e-06] - [0.1666612346914271, 0.6666609160755438, 0.16666207377496237, -5.17305113715449e-06] - [-4.844173262527915e-06, -4.3246373600410405e-06, -3.8048936210253714e-06, -4.840043933794041e-06]
A2: [0.16666025807104706, -0.1666732401284129, -7.038410069072563e-06, -6.45413603596067e-06] - [0.16658227678505932, 0.3332464434207586, -9.039654738851655e-05, -8.456843364774675e-05] - [0.16662518987877079, 0.8332905943554841, -4.418798327528987e-05, -4.152052342890508e-05] - [1.3690420133034549e-05, 1.4108850186473126e-05, 1.4488070403038928e-05, 1.369041759453796e-05]
B1: 0.16669331150267008 - 0.6665579754441716 - 0.1665697923592929 - 5.121428332309726e-05
B2: 0.16668358139712897 - 0.6666828552657258 - 0.16668876761096182 - 1.8024372253996646e-05
