Number: 1274
Error: 7.485633745132475e-06
A1: [-4.2012649395981525e-07, -5.238926608795144e-07, -3.064737248272542e-08, -3.17180655421719e-07] - [0.208341062270529, 0.3333396023823657, -0.041659186661015694, 8.181605897653432e-06] - [0.16666673476591204, 0.6666665703284257, 0.1666671428627444, 1.948248733309825e-07] - [-2.415625702409247e-06, -2.1564157089146296e-06, -1.8970664603266459e-06, -2.4135605460157793e-06]
A2: [0.16665291583599423, -0.16668088131029188, -1.4797812614611605e-05, -1.3773544643607034e-05] - [0.16658217776534778, 0.3332460962633051, -9.036551209666312e-05, -8.457793770636431e-05] - [0.16663533641398753, 0.8333010045398564, -3.338993121787488e-05, -3.13520559770361e-05] - [6.841970124045958e-06, 7.051067763327416e-06, 7.240558124389738e-06, 6.841967117500823e-06]
B1: 0.16670628950034772 - 0.6666057667659655 - 0.16657874290201197 - 5.15263933218469e-05
B2: 0.16669832368890428 - 0.6667062882481589 - 0.1667175653500218 - 3.221351075989988e-05
