Number: 1286
Error: 7.4789316597360355e-06
A1: [-4.580877106680782e-07, -5.636623511505496e-07, -6.6590518973196e-08, -3.541379690872102e-07] - [0.2083409698485712, 0.3333394951555462, -0.041659283486394916, 8.093608707870911e-06] - [0.16666668682312372, 0.6666665211496408, 0.16666709940177257, 1.481218508925785e-07] - [-2.4384669586799983e-06, -2.1768087792896343e-06, -1.9150103782523354e-06, -2.4363823322602216e-06]
A2: [0.1666529856130062, -0.1666808087543144, -1.4724179183318865e-05, -1.370398230274608e-05] - [0.16658218068364897, 0.3332461014276149, -9.036399685169744e-05, -8.457586117816491e-05] - [0.16663524126251797, 0.8333009068977387, -3.349123265921414e-05, -3.144741366208629e-05] - [6.906383235585148e-06, 7.117449769312734e-06, 7.308724537593476e-06, 6.906380216464722e-06]
B1: 0.16670615610111925 - 0.6666053067313523 - 0.16657864894109567 - 5.151210422192885e-05
B2: 0.1666981708271642 - 0.6667060653296556 - 0.16671730429658624 - 3.2065851145852094e-05
