Number: 2833
Error: 4.177925192010521e-06
A1: [-1.1547819228802434e-05, -1.1228482512315349e-05, -9.579900776739417e-06, -1.1308961293021483e-05] - [0.20830063460744422, 0.3333002078057657, -0.041694272643184274, -3.1646299057979974e-05] - [0.16665251331683176, 0.6666530064924823, 0.16665514018720765, -1.385862945266944e-05] - [-5.3822110780228534e-06, -4.80500554762116e-06, -4.227586131220442e-06, -5.37762604379442e-06]
A2: [0.1666907136728368, -0.16664184502755972, 2.5174035817030426e-05, 2.3996426129386062e-05] - [0.16669459710512943, 0.3333622424672907, 2.842178019702823e-05, 2.773212096682084e-05] - [0.1666502609815322, 0.8333164456196378, -1.7662303319331997e-05, -1.6454264189183078e-05] - [1.5212053015964868e-05, 1.5676994964164454e-05, 1.6098374949572303e-05, 1.5212051074976653e-05]
B1: 0.16662516566182844 - 0.666566508184811 - 0.1666713630863129 - -1.3280584011420599e-05
B2: 0.16661593269890235 - 0.6665920411954865 - 0.16657806133451752 - -4.9502190192848654e-05
