Number: 1315
Error: 3.3414712634747405e-06
A1: [-6.256477629681375e-06, -5.680598467724303e-06, -4.4882320462550595e-06, -6.145067920264293e-06] - [0.2083142994712095, 0.3333158572388301, -0.04167982703064417, -1.854301462563023e-05] - [0.16665907204606537, 0.6666597497601334, 0.16666118847989386, -7.457176787411664e-06] - [-2.493879125822934e-06, -2.226286345738459e-06, -1.9585508883168097e-06, -2.4917472565663102e-06]
A2: [0.1666819888879218, -0.16665092548735572, 1.5952755419554075e-05, 1.529877903120236e-05] - [0.16669451327320292, 0.3333618634397216, 2.849212514387703e-05, 2.775471451793148e-05] - [0.1666623388107766, 0.8333288371293052, -4.809461010201975e-06, -4.3503587501849754e-06] - [7.065157097882988e-06, 7.281077563307139e-06, 7.476751481784647e-06, 7.065154046879619e-06]
B1: 0.1666405354646358 - 0.6666233143715415 - 0.16668198631553965 - -1.2978234272423397e-05
B2: 0.16663338081475157 - 0.666619879549439 - 0.16661233881122112 - -3.271171532881909e-05
