Number: 1731
Error: 3.5725055703894134e-06
A1: [-7.723990156047025e-06, -7.21937487825236e-06, -5.902932658988442e-06, -7.577635220661669e-06] - [0.2083104845875279, 0.33331149465260257, -0.04168386352616682, -2.2203928297034928e-05] - [0.16665725706331436, 0.6666578832413245, 0.16665951147598784, -9.229037687949779e-06] - [-3.2854544292027063e-06, -2.93301288264144e-06, -2.5803994732587614e-06, -3.2826485698486245e-06]
A2: [0.16668438035530334, -0.1666484364091763, 1.848056341307716e-05, 1.768280951596154e-05] - [0.1666945413418732, 0.33336197273677454, 2.8478608631130826e-05, 2.775362042853513e-05] - [0.16665903116964081, 0.8333254435566234, -8.329424570943498e-06, -7.66514447842169e-06] - [9.298015601927898e-06, 9.582186970282351e-06, 9.839718133538194e-06, 9.298012341014375e-06]
B1: 0.16663638838363656 - 0.6666078181554569 - 0.16667915371881445 - -1.2995933675864779e-05
B2: 0.16662863082341448 - 0.6666122280358181 - 0.1666028656222718 - -3.72814957877226e-05
