Number: 2279
Error: 3.874612637995881e-06
A1: [-9.632508712159862e-06, -9.220423350029156e-06, -7.739202685041851e-06, -9.440146053572293e-06] - [0.20830555823956456, 0.33330585221187115, -0.04168907104198778, -2.6927550911230943e-05] - [0.16665489102073847, 0.6666554506664388, 0.1666573298782481, -1.1538304115479573e-05] - [-4.328153054626785e-06, -3.863940799654554e-06, -3.399529403842791e-06, -4.324461321010339e-06]
A2: [0.16668753124422933, -0.16664515712750005, 2.1810671819174896e-05, 2.0823901635804914e-05] - [0.1666945760310408, 0.33336211398121945, 2.845760869515991e-05, 2.774989015973952e-05] - [0.1666546720624814, 0.8333209712121005, -1.2968310344988439e-05, -1.2033664970293725e-05] - [1.2239092721408104e-05, 1.2613162370068365e-05, 1.2952174236854747e-05, 1.2239089776526017e-05]
B1: 0.16663082513196573 - 0.6665872992640628 - 0.1666753100688314 - -1.3119781897691837e-05
B2: 0.1666223299824518 - 0.6666021814553929 - 0.16659049991688904 - -4.334492864902074e-05
