Number: 2886
Error: 6.595043675404214e-06
A1: [-6.036347628181041e-06, -6.412308721534116e-06, -5.434343621847364e-06, -5.798060431449445e-06] - [0.20832656420141435, 0.3333229976248517, -0.04167451218817968, -5.720104193460212e-06] - [0.16665977181457006, 0.6666594117658076, 0.16666072268971352, -6.601108126224641e-06] - [-5.483607840321513e-06, -4.895522680335417e-06, -4.307223016726059e-06, -5.478936992472079e-06]
A2: [0.16666218446091877, -0.16667123489906538, -5.001911719338855e-06, -4.53375682893064e-06] - [0.16658227940642487, 0.3332465117279487, -9.042743570545733e-05, -8.458938626051141e-05] - [0.16662251315280338, 0.8332878482519845, -4.7036171262959016e-05, -4.420302622824943e-05] - [1.5493497201795258e-05, 1.5967040298642724e-05, 1.639621667137027e-05, 1.5493495393754615e-05]
B1: 0.166689944998887 - 0.6665454277374673 - 0.16656745692048916 - 5.11828156989332e-05
B2: 0.16667977176189872 - 0.6666767120183291 - 0.16668116404669528 - 1.4360401803154948e-05
