Number: 2480
Error: 6.817652268708554e-06
A1: [-4.6050529177771285e-06, -4.911508928265201e-06, -4.054663856641592e-06, -4.400866867773139e-06] - [0.20833028346687235, 0.33332725133717384, -0.0416705767790861, -2.1510977510236894e-06] - [0.16666154249265622, 0.6666612326787937, 0.16666235862502837, -4.872507212000584e-06] - [-4.7109557038808256e-06, -4.2057009795225826e-06, -3.700240402598648e-06, -4.7069392964442874e-06]
A2: [0.1666598569982968, -0.1666736576519513, -7.462474496391245e-06, -6.8539565626864284e-06] - [0.16658227661319008, 0.333246429497012, -9.038987459111676e-05, -8.456369440371472e-05] - [0.1666257474494793, 0.8332911663717915, -4.359470780602159e-05, -4.096174929663435e-05] - [1.3314764473532605e-05, 1.3721712174973997e-05, 1.4090524649139319e-05, 1.3314761814713953e-05]
B1: 0.1666940036569865 - 0.6665605801107919 - 0.16657026916126924 - 5.121161832993537e-05
B2: 0.16668436565894243 - 0.6666841350530764 - 0.16669036150118158 - 1.8778288065551314e-05
