Number: 254
Error: 8.072126644805525e-06
A1: [3.0798393113057905e-06, 3.1438174066726773e-06, 3.325797010834049e-06, 3.097188403694042e-06] - [0.20835001503655526, 0.33334987036430724, -0.04164974609016327, 1.6757210553964715e-05] - [0.16667108436659803, 0.6666710393361177, 0.16667114014130524, 4.438774361155954e-06] - [-4.740540067540525e-07, -4.229451713670904e-07, -3.7180252415711247e-07, -4.7364789021738437e-07]
A2: [0.16664705755469209, -0.16668697730694526, -2.0987080633441456e-05, -1.9613578875749964e-05] - [0.16658216259311437, 0.33324588734200106, -9.026773478369498e-05, -8.452156413725877e-05] - [0.1666434677214279, 0.8333093476290205, -2.4735858439636723e-05, -2.320322327481193e-05] - [1.3663913423893295e-06, 1.4081182384501034e-06, 1.44592833524627e-06, 1.3663905429475175e-06]
B1: 0.166715786162575 - 0.6666431586437387 - 0.16658514721180687 - 5.0898338890448133e-05
B2: 0.16671116859815968 - 0.6667259327740268 - 0.16674133937772792 - 4.4616280441944984e-05
