Number: 320
Error: 8.032173636279044e-06
A1: [2.857092871954204e-06, 2.9106165553892224e-06, 3.11313816036746e-06, 2.8799770986844256e-06] - [0.20834945124816961, 0.3333492230290086, -0.04165033832808283, 1.6217811814019448e-05] - [0.1666708069307998, 0.6666707545503895, 0.16667088625893833, 4.168171394690047e-06] - [-5.99694317056731e-07, -5.351199378186239e-07, -4.7050344487961787e-07, -5.991805864043703e-07]
A2: [0.16664743273373347, -0.16668658689454516, -2.0590771433663234e-05, -1.9239580530299776e-05] - [0.16658214634621765, 0.33324588308294323, -9.029234251529477e-05, -8.45424401926475e-05] - [0.16664293685625223, 0.8333088029343148, -2.530078850705157e-05, -2.3735222260335918e-05] - [1.7207143569857173e-06, 1.7732718043328867e-06, 1.8208966922486646e-06, 1.720713351011991e-06]
B1: 0.16671529632686632 - 0.6666408492612982 - 0.1665848284845685 - 5.1063530257714306e-05
B2: 0.16671021544895562 - 0.666724552266765 - 0.16673970541229063 - 4.369173942871791e-05
