Number: 1139
Error: 3.2432062983226106e-06
A1: [-5.667655017724463e-06, -5.063451167147019e-06, -3.925405692213454e-06, -5.570999546101389e-06] - [0.2083157843025597, 0.33331756643894084, -0.041678263147238374, -1.7123201778041113e-05] - [0.16665980750596943, 0.6666605051802454, 0.16666186187232598, -6.73993063623558e-06] - [-2.1589707692483545e-06, -1.927274681931401e-06, -1.6954504870095081e-06, -2.1571244449603996e-06]
A2: [0.16668097142522736, -0.16665198396176484, 1.487819662347079e-05, 1.42844629610537e-05] - [0.1666944865138901, 0.33336180309045493, 2.848455327006665e-05, 2.7740293730752464e-05] - [0.16666373643112642, 0.8333302712076814, -3.3218027240197022e-06, -2.949715770609614e-06] - [6.1204483905682866e-06, 6.307492196388129e-06, 6.476995363116211e-06, 6.120445544791545e-06]
B1: 0.16664237836142035 - 0.6666299538942001 - 0.1666832629816644 - -1.2882321574483055e-05
B2: 0.16663551784400954 - 0.6666231440831558 - 0.16661626841405922 - -3.065093558689646e-05
