Number: 304
Error: 8.041840428640816e-06
A1: [2.924129329460484e-06, 2.9809249236033903e-06, 3.179203926807147e-06, 2.9456592210504677e-06] - [0.2083496404476428, 0.3333494354502501, -0.041650136296784615, 1.6401048376864256e-05] - [0.16667088737255123, 0.6666708375183731, 0.16667096247941512, 4.2469440937365e-06] - [-5.692378486240287e-07, -5.0792793169696e-07, -4.465778925927713e-07, -5.687502008984699e-07]
A2: [0.166647343879682, -0.1666866795548554, -2.068497996901998e-05, -1.9328148353833577e-05] - [0.1665821555607695, 0.3332458890882801, -9.028172120955192e-05, -8.453210342099818e-05] - [0.16664306609020577, 0.8333089354826675, -2.5163374433173668e-05, -2.360571344210051e-05] - [1.6348178547575115e-06, 1.6847497238028788e-06, 1.7299952735789193e-06, 1.6348168981630662e-06]
B1: 0.16671537587132376 - 0.6666413714091347 - 0.16658486955134846 - 5.098424225918656e-05
B2: 0.16671039917072497 - 0.666724880267131 - 0.16674013777050006 - 4.3868526406505294e-05
