Number: 428
Error: 7.967923834176242e-06
A1: [2.512966339170886e-06, 2.5504194631319035e-06, 2.7875909714312513e-06, 2.5448885836656694e-06] - [0.20834861043213906, 0.33334824970528704, -0.04165121728978281, 1.541682812219988e-05] - [0.1666703733930931, 0.6666703100487489, 0.166670493388249, 3.7457950478917547e-06] - [-8.052870720455699e-07, -7.18678416949447e-07, -6.320145421195405e-07, -8.045973288165572e-07]
A2: [0.1666480528428159, -0.16668594196419595, -1.9936313599201203e-05, -1.8621403498832186e-05] - [0.1665821400576289, 0.33324589621953565, -9.031274809354502e-05, -8.455630385495295e-05] - [0.16664207213839977, 0.8333079155967873, -2.6221238818623943e-05, -2.460179549054456e-05] - [2.300512255256514e-06, 2.370792329113722e-06, 2.4344778170890524e-06, 2.3005109284109343e-06]
B1: 0.1667143502551192 - 0.6666369376822768 - 0.16658418623590288 - 5.118932469744203e-05
B2: 0.1667086473967594 - 0.6667223478415113 - 0.16673715237427458 - 4.217050187359239e-05
