Number: 2248
Error: 6.945292503727829e-06
A1: [-3.807671782500425e-06, -4.075560375700987e-06, -3.289079871948427e-06, -3.6229531185115226e-06] - [0.20833232614612116, 0.33332959477470464, -0.04166841987703154, -1.942033858015156e-07] - [0.16666253358926034, 0.6666622513163523, 0.16666327038889137, -3.905436241087507e-06] - [-4.269419842772601e-06, -3.81149667373272e-06, -3.3533756990553028e-06, -4.265777957344978e-06]
A2: [0.16665852218624683, -0.16667504674511976, -8.872990191643444e-06, -8.184618367983969e-06] - [0.16658226083619626, 0.3332463687815731, -9.038164981050071e-05, -8.45631948578484e-05] - [0.1666275933147052, 0.8332930601912326, -4.16303475027637e-05, -3.911189578084399e-05] - [1.2069698941161225e-05, 1.2438589657060174e-05, 1.277290734318805e-05, 1.20696959620234e-05]
B1: 0.16669639394837688 - 0.6665693030700583 - 0.16657193365288114 - 5.129912792510742e-05
B2: 0.16668706489244428 - 0.6666883869701953 - 0.1666955598972008 - 2.1376943568033352e-05
