Number: 674
Error: 7.824892490947957e-06
A1: [1.671575178657648e-06, 1.6688552469342857e-06, 1.9813823424806597e-06, 1.7241390736440084e-06] - [0.2083464625546999, 0.33334578573522167, -0.04165348059466016, 1.335990293907977e-05] - [0.1666693272885724, 0.6666692354144232, 0.1666695327978194, 2.7251691708965415e-06] - [-1.2735612917158138e-06, -1.1367633620533459e-06, -9.998824606629577e-07, -1.2724710135478083e-06]
A2: [0.16664946364089486, -0.16668447393684618, -1.8445888340246836e-05, -1.721500619345825e-05] - [0.16658213407800462, 0.33324593658776247, -9.034670098464039e-05, -8.457953817514872e-05] - [0.1666401083446851, 0.8333059006392173, -2.831127659479079e-05, -2.656981558505166e-05] - [3.6211389443895943e-06, 3.7317863951170204e-06, 3.8320541843460154e-06, 3.6211369720173627e-06]
B1: 0.16671214353110186 - 0.666627994812586 - 0.1665827086111349 - 5.142439989661109e-05
B2: 0.16670546327880065 - 0.6667175330045633 - 0.1667313515908765 - 3.909301620762167e-05
