Number: 2465
Error: 3.976684788375406e-06
A1: [-1.0280504246267011e-05, -9.899837142130662e-06, -8.36270361497979e-06, -1.0072526217464239e-05] - [0.20830388526194696, 0.33330393612316833, -0.04169083957674746, -2.8531720931760357e-05] - [0.16665408772986096, 0.6666546247785302, 0.16665658915385156, -1.2322325293656525e-05] - [-4.682048484124949e-06, -4.179899605346852e-06, -3.677545200036126e-06, -4.678056579954319e-06]
A2: [0.1666885994866056, -0.16664404530618332, 2.2939748293780545e-05, 2.1888818834145255e-05] - [0.1666945832403263, 0.33336215736410546, 2.8445938256178863e-05, 2.7744058654269874e-05] - [0.1666531914049826, 0.8333194521217693, -1.4543925435014685e-05, -1.351751790050239e-05] - [1.323727206088209e-05, 1.3641852381357517e-05, 1.4008519097706633e-05, 1.32372693763594e-05]
B1: 0.16662893959092742 - 0.6665803343584514 - 0.16667400149403266 - -1.3159157358402635e-05
B2: 0.16662019707810485 - 0.6665987764749098 - 0.16658630703530736 - -4.539725070010931e-05
