Number: 1446
Error: 7.389625383388777e-06
A1: [-1.0041275212635997e-06, -1.1360621889280344e-06, -5.902167191537848e-07, -8.867543229966078e-07] - [0.20833957686104013, 0.33333789572212447, -0.04166075328020927, 6.759771581480912e-06] - [0.16666600725932035, 0.6666658228359675, 0.1666664750550454, -5.148734111655621e-07] - [-2.743006495265016e-06, -2.4487054404505997e-06, -2.1542518675199705e-06, -2.740662380712052e-06]
A2: [0.16665390908117642, -0.16667984789264426, -1.3748593115470415e-05, -1.2783376403102991e-05] - [0.16658220158151918, 0.33324615317688755, -9.035995025344634e-05, -8.45661870502866e-05] - [0.16663397045373082, 0.8332996029917071, -3.4843812615248764e-05, -3.272097206529295e-05] - [7.765211486627435e-06, 8.002529473157776e-06, 8.217596109938969e-06, 7.765208330331657e-06]
B1: 0.16670450460411196 - 0.6665992940958004 - 0.16657751122243258 - 5.1448842321727504e-05
B2: 0.16669627315574814 - 0.6667031091472002 - 0.16671370839699823 - 3.0237538645244743e-05
