Number: 2849
Error: 4.186684032525011e-06
A1: [-1.1614378717808745e-05, -1.1298352103306719e-05, -9.645568218153034e-06, -1.1374167219893463e-05] - [0.20830044712233184, 0.3332999969600633, -0.041694473243722115, -3.1827823657507276e-05] - [0.16665243328656656, 0.6666529239040743, 0.16665506430987223, -1.3936991777511792e-05] - [-5.412650685175822e-06, -4.832181433698649e-06, -4.251498061173805e-06, -5.408039887200651e-06]
A2: [0.1666908035916033, -0.16664175126894448, 2.5269375428571784e-05, 2.4086058941671113e-05] - [0.16669459241558518, 0.33336224112977547, 2.8415962679404906e-05, 2.7726309877649092e-05] - [0.1666501329346138, 0.83331631429579, -1.779845829012028e-05, -1.6582585952070472e-05] - [1.529791605357511e-05, 1.576548248919766e-05, 1.6189241419510705e-05, 1.5297914151823557e-05]
B1: 0.16662503929532677 - 0.6665659429347265 - 0.16667128242196205 - -1.3248116592215096e-05
B2: 0.1666157865911572 - 0.6665917519356417 - 0.16657766870787952 - -4.964136935917754e-05
