Number: 1639
Error: 3.5215588448557113e-06
A1: [-7.401097886279351e-06, -6.880810912547036e-06, -5.591896314987435e-06, -7.262469510952182e-06] - [0.20831132162234223, 0.3333124524578339, -0.041682978191146004, -2.1400937868868825e-05] - [0.16665765678860703, 0.666658294274397, 0.16665988050913041, -8.838847094407219e-06] - [-3.110397321509355e-06, -2.776720337192289e-06, -2.4428773124685844e-06, -3.107740405705522e-06]
A2: [0.16668385133763033, -0.16664898700220532, 1.7921417148293237e-05, 1.715543655012344e-05] - [0.16669453490836644, 0.33336194836508315, 2.8481425143286014e-05, 2.7753636560755743e-05] - [0.1666597627008885, 0.83332619409356, -7.5509336352060155e-06, -6.932033078633563e-06] - [8.804226675087807e-06, 9.07330461874896e-06, 9.317156065681692e-06, 8.804223427163007e-06]
B1: 0.16663731362637046 - 0.6666112533768319 - 0.16667978847966608 - -1.2983905312648287e-05
B2: 0.16662968343384274 - 0.6666139172060928 - 0.16660495226804536 - -3.6268740559504696e-05
