Number: 700
Error: 7.809940195833032e-06
A1: [1.569139245388987e-06, 1.5613960917197945e-06, 1.881110385605916e-06, 1.623897699987809e-06] - [0.20834618108460995, 0.3333454677323987, -0.041653780512908745, 1.3088097796682022e-05] - [0.16666920304695415, 0.6666691073747297, 0.16666941602870744, 2.6036334520593547e-06] - [-1.3230506352080443e-06, -1.1809480498082737e-06, -1.0387597240341326e-06, -1.3219180554265958e-06]
A2: [0.1666496108704835, -0.1666843205331864, -1.8289987143819517e-05, -1.706824172469173e-05] - [0.16658212921877819, 0.33324593697327143, -9.035381321017397e-05, -8.458622109425211e-05] - [0.16663990055391864, 0.8333056874884972, -2.8532314285877763e-05, -2.6778053061354257e-05] - [3.7607149943572952e-06, 3.875628826125996e-06, 3.979763003945184e-06, 3.7607129609983586e-06]
B1: 0.16671194150652938 - 0.6666270802799086 - 0.166582582515076 - 5.1480496579616635e-05
B2: 0.1667051834131863 - 0.6667170385690565 - 0.16673070837908993 - 3.882442001233637e-05
