Number: 3021
Error: 4.280407077854347e-06
A1: [-1.2198096000863589e-05, -1.191024870006309e-05, -1.0204891635471125e-05, -1.194346019074261e-05] - [0.20829896247148263, 0.3332982910042482, -0.04169603925859263, -3.324890790456777e-05] - [0.16665170612460525, 0.6666521767252295, 0.16665439675296842, -1.4646351220213013e-05] - [-5.739892540839128e-06, -5.1243428959276015e-06, -4.508577281632989e-06, -5.735004882623242e-06]
A2: [0.16669179230285658, -0.1666407223940067, 2.6314069031270794e-05, 2.507169520218021e-05] - [0.16669459927948269, 0.33336228109462035, 2.840465902977843e-05, 2.772111321701244e-05] - [0.16664876287489286, 0.8333149086538979, -1.9256414927027426e-05, -1.795560125805307e-05] - [1.622085695031482e-05, 1.671663414314657e-05, 1.716596474074289e-05, 1.6220855506174373e-05]
B1: 0.1666232501792909 - 0.6665594543090018 - 0.16667002143835039 - -1.3330150380390862e-05
B2: 0.1666137663686213 - 0.6665886036684202 - 0.16657384280379267 - -5.158706662919643e-05
