Number: 1841
Error: 3.633287476879457e-06
A1: [-8.091807936967884e-06, -7.604906531851313e-06, -6.254527844750527e-06, -7.936232310143119e-06] - [0.20830955727231126, 0.33331042706133407, -0.04168484034819446, -2.30906089049113e-05] - [0.16665679756856092, 0.6666574112612377, 0.1666590907463957, -9.677150117472678e-06] - [-3.4947610774390656e-06, -3.119884223722555e-06, -2.7448290163505643e-06, -3.4917772152600165e-06]
A2: [0.16668501581190528, -0.16664777530974112, 1.915172747924702e-05, 1.8316299488022695e-05] - [0.16669455651428453, 0.3333620089541107, 2.8481891889327177e-05, 2.7761080693076496e-05] - [0.1666581572964942, 0.8333245469109868, -9.259545276343172e-06, -8.540907127688893e-06] - [9.888394355047982e-06, 1.0190611565726142e-05, 1.0464498496945845e-05, 9.888391103449324e-06]
B1: 0.1666352218552581 - 0.6666036528198704 - 0.16667833895089612 - -1.3070634784435433e-05
B2: 0.1666273113649117 - 0.6666102043459721 - 0.16660042669900207 - -3.855329591707628e-05
