Number: 2485
Error: 3.987653449983572e-06
A1: [-1.0351728199340755e-05, -9.97452594954364e-06, -8.431466899403911e-06, -1.0142069633941946e-05] - [0.20830369914112765, 0.33330372351239795, -0.041691036670582896, -2.871043716204056e-05] - [0.16665399979181525, 0.6666545343230816, 0.16665650776797775, -1.2408189869808292e-05] - [-4.720101160977946e-06, -4.2138730289601775e-06, -3.707438770780573e-06, -4.7160769960404175e-06]
A2: [0.16668871404332744, -0.16664392605074288, 2.306087280247965e-05, 2.20030180218438e-05] - [0.16669458315520513, 0.3333621612022256, 2.8443892682284672e-05, 2.7742571323106655e-05] - [0.16665303207223317, 0.8333192886604419, -1.4713460380916522e-05, -1.3677194245913335e-05] - [1.3344601910832052e-05, 1.3752462904451202e-05, 1.41221032510275e-05, 1.3344599258884278e-05]
B1: 0.16662874223397192 - 0.6665795904802527 - 0.16667386546112944 - -1.3157999462191689e-05
B2: 0.1666199729664514 - 0.6665984107588965 - 0.16658585151111263 - -4.561269799685877e-05
