Number: 1407
Error: 3.392714106021819e-06
A1: [-6.579458547510771e-06, -6.019246419891852e-06, -4.799346182622706e-06, -6.460321941689807e-06] - [0.20831346211976876, 0.33331489913682955, -0.04168071263867217, -1.9346320756082516e-05] - [0.16665867224436234, 0.6666593386550704, 0.16666081938237373, -7.847443180015026e-06] - [-2.668942040471853e-06, -2.382584658781472e-06, -2.0960775116354865e-06, -2.66666100327094e-06]
A2: [0.16668251815477841, -0.16665037464967591, 1.6512141058886174e-05, 1.582640117477549e-05] - [0.1666945205710466, 0.3333618886532348, 2.8490127354366683e-05, 2.7755562995960474e-05] - [0.16666160748268966, 0.83332808678944, -5.587760356826525e-06, -5.08326681537442e-06] - [7.558977033709368e-06, 7.78999192694344e-06, 7.999346022450167e-06, 7.558973902906139e-06]
B1: 0.16663961661062807 - 0.6666198860703212 - 0.16668135915242668 - -1.298385501532145e-05
B2: 0.16663232089969648 - 0.6666181828676848 - 0.16661024445920383 - -3.3731776074267275e-05
