Number: 3032
Error: 6.515270777813862e-06
A1: [-6.541827489527026e-06, -6.942263038322633e-06, -5.920224747324509e-06, -6.291286507554539e-06] - [0.20832526386313768, 0.33332150718442305, -0.04167588608294036, -6.966444891018845e-06] - [0.16665914438983784, 0.6666587667997779, 0.16666014476170388, -7.213411318058019e-06] - [-5.761452877346841e-06, -5.1435816645729066e-06, -4.52549452367985e-06, -5.756546985497243e-06]
A2: [0.16666302225775176, -0.16667036291531326, -4.116413326290839e-06, -3.6985717691258344e-06] - [0.16658228167903955, 0.33324654235770446, -9.044009883919049e-05, -8.459735743031961e-05] - [0.16662134986097718, 0.8332866547915148, -4.8274013319488774e-05, -4.5368828430637515e-05] - [1.6276940856435507e-05, 1.677443072452542e-05, 1.7225313716495736e-05, 1.6276939444503697e-05]
B1: 0.16668845779972946 - 0.6665399505159255 - 0.16656641642664813 - 5.114471683620294e-05
B2: 0.1666780900985035 - 0.6666740417192245 - 0.16667788597660826 - 1.2742035567435181e-05
