Number: 1592
Error: 7.308352891998436e-06
A1: [-1.5098003962159524e-06, -1.6662138193132689e-06, -1.0762886407513932e-06, -1.380171384659413e-06] - [0.2083382758724425, 0.3333364046392245, -0.04166212778173576, 5.512785865494777e-06] - [0.1666653796541551, 0.6666651776923658, 0.1666658969748546, -1.1273530082782929e-06] - [-3.0208928831356937e-06, -2.696805188868448e-06, -2.3725547073595474e-06, -3.018312155809691e-06]
A2: [0.16665475032464025, -0.16667897245999772, -1.2859653118845404e-05, -1.1944744755063287e-05] - [0.16658221684571348, 0.3332461967805012, -9.035967900006722e-05, -8.45611647201142e-05] - [0.16663281034572303, 0.8332984127081712, -3.6078484836831885e-05, -3.388358922736937e-05] - [8.548869988001416e-06, 8.810141695807723e-06, 9.046918086234124e-06, 8.54886675648567e-06]
B1: 0.16670301626161801 - 0.6665938248498976 - 0.16657648886405255 - 5.140977127589247e-05
B2: 0.166694573406334 - 0.6667004203357337 - 0.16671041138287854 - 2.8601079391477258e-05
