Number: 1513
Error: 3.4516801435635115e-06
A1: [-6.966659365824726e-06, -6.425349263840146e-06, -5.1745763350098135e-06, -6.838605675641382e-06] - [0.2083124366344527, 0.33331373109868495, -0.04168180057821551, -2.0332522015695164e-05] - [0.16665819636934484, 0.6666588488967441, 0.16666037716342777, -8.312317461957612e-06] - [-2.870642093968756e-06, -2.562664192698894e-06, -2.2545288066215374e-06, -2.8681892696789467e-06]
A2: [0.1666831253323406, -0.1666497424889996, 1.715428767319932e-05, 1.6431683854180995e-05] - [0.1666945220759479, 0.3333619111461468, 2.8481634379209374e-05, 2.7749637439584577e-05] - [0.16666076404767824, 0.8333272214929093, -6.485225120595701e-06, -5.928522193789581e-06] - [8.127940458061176e-06, 8.376346631154567e-06, 8.601462711563583e-06, 8.127937258773158e-06]
B1: 0.1666386045206473 - 0.666615980337164 - 0.1666806784497885 - -1.2943705344241633e-05
B2: 0.16663115434976333 - 0.666616235644902 - 0.1666077894407893 - -3.4852410575036884e-05
