Number: 144
Error: 8.140152962368002e-06
A1: [3.4521054963593215e-06, 3.5334197211214745e-06, 3.6810741704111493e-06, 3.4602284465267685e-06] - [0.2083509584132489, 0.3333509526748719, -0.04164875592079018, 1.7659934646294297e-05] - [0.16667154760492417, 0.6666715147569798, 0.1666715639881639, 4.890623775910312e-06] - [-2.6464972460019297e-07, -2.359835848339771e-07, -2.0729799145428495e-07, -2.6442305872385346e-07]
A2: [0.16664643613220412, -0.16668762403763465, -2.1643568472137557e-05, -2.023303353844507e-05] - [0.1665822054857684, 0.33324591058703595, -9.021028401652642e-05, -8.447095629955094e-05] - [0.16664435653238432, 0.8333102595746552, -2.3790112381028817e-05, -2.2312522687347786e-05] - [7.758517145818692e-07, 7.995276511829742e-07, 8.209798361484141e-07, 7.758512754224587e-07]
B1: 0.16671649434410052 - 0.6666469117520193 - 0.16658559487490232 - 5.0514887660277975e-05
B2: 0.16671283601893808 - 0.666728314882713 - 0.16674414614027894 - 4.6236021210550984e-05
