Number: 2597
Error: 4.04893884011426e-06
A1: [-1.072180885965572e-05, -1.0362395370776052e-05, -8.78454007390772e-06, -1.0502766932115053e-05] - [0.20830277274128653, 0.3333026552711093, -0.04169201151871307, -2.959548247351516e-05] - [0.16665353640828579, 0.6666540584739177, 0.16665608433870427, -1.285998994566732e-05] - [-4.933198400417024e-06, -4.4041274317061044e-06, -3.87484728581333e-06, -4.928993625677572e-06]
A2: [0.16668936037137103, -0.16664325365204688, 2.3743482545581773e-05, 2.264734366177321e-05] - [0.16669459516174262, 0.333362194543674, 2.844361184024684e-05, 2.774672458991185e-05] - [0.1666521412136835, 0.8333183746056277, -1.5661609282917882e-05, -1.4569977175487396e-05] - [1.3945626166851827e-05, 1.4371858255249334e-05, 1.4758150435562528e-05, 1.3945623714093552e-05]
B1: 0.16662754162302337 - 0.6665753333917996 - 0.1666730162976286 - -1.3247012634285278e-05
B2: 0.16661862123713533 - 0.6665963557247021 - 0.1665833881818816 - -4.6915897769355595e-05
