Number: 3011
Error: 4.275020536870006e-06
A1: [-1.2186450972545137e-05, -1.1898217349102404e-05, -1.0197168256006195e-05, -1.1932632409077207e-05] - [0.20829895900638726, 0.333298295362762, -0.0416960480766746, -3.325598269692124e-05] - [0.16665172587899038, 0.6666521963779298, 0.16665441051171548, -1.4627610277826281e-05] - [-5.7208635101728995e-06, -5.107352634969747e-06, -4.493625864070393e-06, -5.715991946160041e-06]
A2: [0.16669173104213036, -0.16664078580154343, 2.6249940756012505e-05, 2.501061342190547e-05] - [0.1666945890301986, 0.33336226941624225, 2.8396486691407164e-05, 2.7711565779903375e-05] - [0.1666488413991836, 0.8333149893068208, -1.9172656288772217e-05, -1.7876904971556385e-05] - [1.6167210343411176e-05, 1.6661347732152828e-05, 1.710919191243931e-05, 1.6167208870877475e-05]
B1: 0.16662342734312188 - 0.6665599014552214 - 0.1666701614218314 - -1.3252172615053329e-05
B2: 0.16661395981188717 - 0.6665887932068423 - 0.16657399840848208 - -5.13979636042142e-05
