Number: 3016
Error: 6.524037618955091e-06
A1: [-6.475269636944691e-06, -6.872396404955097e-06, -5.854561600023177e-06, -6.226082217948132e-06] - [0.20832545133072425, 0.3333217180087806, -0.04167568550792078, -6.78493786322499e-06] - [0.1666592244294713, 0.6666588493948995, 0.1666602206432057, -7.135039614599648e-06] - [-5.731007813870508e-06, -5.1164010206030685e-06, -4.50157841109928e-06, -5.7261276690850095e-06]
A2: [0.16666293237959834, -0.16667045663404426, -4.211712159382329e-06, -3.7881637057420724e-06] - [0.1665822865154748, 0.33324654383863894, -9.043413477597079e-05, -8.459139839164188e-05] - [0.16662147795302576, 0.8332867861598817, -4.813781278020102e-05, -4.5240461267910526e-05] - [1.619108485937702e-05, 1.668595047168154e-05, 1.7134454685983667e-05, 1.619108340176369e-05]
B1: 0.16668858375467735 - 0.6665405154642928 - 0.16656649689351058 - 5.111183723005871e-05
B2: 0.16667823646869243 - 0.6666743312390448 - 0.16667827881888939 - 1.288147081564446e-05
