Number: 1940
Error: 7.115352041334057e-06
A1: [-2.7300229384171926e-06, -2.9456383831510796e-06, -2.2515060214842903e-06, -2.5711678919531583e-06] - [0.2083351146987127, 0.33333278691368723, -0.04166547108880739, 2.480387081432594e-06] - [0.16666386861414165, 0.6666636239834003, 0.1666645022417442, -2.602327413391594e-06] - [-3.6832316619260735e-06, -3.288145725616385e-06, -2.8928761645433536e-06, -3.680087602323142e-06]
A2: [0.16665675188832804, -0.16667688926946514, -1.0744122647869807e-05, -9.949406469057088e-06] - [0.16658224280255268, 0.3332462906632529, -9.036868184339468e-05, -8.455962076912599e-05] - [0.16663004348173277, 0.8332955739709976, -3.902297180644918e-05, -3.665643443972123e-05] - [1.0416681525256738e-05, 1.073504557405742e-05, 1.1023567228533621e-05, 1.0416678307334996e-05]
B1: 0.16669950796124583 - 0.6665808231197148 - 0.16657408143937774 - 5.1355878210662014e-05
B2: 0.16669058872375475 - 0.6666940314932435 - 0.16670252358242657 - 2.4767254106114556e-05
