Number: 1605
Error: 3.502730852583616e-06
A1: [-7.289577563849435e-06, -6.763938073633449e-06, -5.485635843925211e-06, -7.1537971898402074e-06] - [0.20831159950765557, 0.33331277320660724, -0.04168268599342806, -2.113560409254008e-05] - [0.16665779662147592, 0.6666584378422632, 0.16666000811128684, -8.702530400052904e-06] - [-3.0457014065094274e-06, -2.718958921374224e-06, -2.3920526379767048e-06, -3.043099551660762e-06]
A2: [0.16668365448047925, -0.16664919176659504, 1.7713561849110285e-05, 1.6959187283437925e-05] - [0.1666945289825755, 0.33336193598497676, 2.847927844819199e-05, 2.7750094534792033e-05] - [0.16666003263027018, 0.833326471068155, -7.26360538469054e-06, -6.661519686490387e-06] - [8.62174137136369e-06, 8.885241356698657e-06, 9.124037330055704e-06, 8.621738133075396e-06]
B1: 0.16663768085331204 - 0.6666125470046037 - 0.1666800459479633 - -1.2954150255786124e-05
B2: 0.1666300995546081 - 0.6666145442298139 - 0.1666057004928611 - -3.58673509194451e-05
