Number: 1748
Error: 7.221728624533739e-06
A1: [-2.0510359986453585e-06, -2.233662742262039e-06, -1.5966978320575754e-06, -1.908311047999497e-06] - [0.2083368820112361, 0.3333348074289699, -0.04166360066321876, 4.176629466592828e-06] - [0.16666470811655995, 0.666664487356481, 0.16666527823466298, -1.782728560946124e-06] - [-3.317807714918922e-06, -2.9618932581454917e-06, -2.605806040038534e-06, -3.3149743457226945e-06]
A2: [0.16665564877212588, -0.1666780374706965, -1.1910219250854684e-05, -1.1049087971623315e-05] - [0.1665822318266854, 0.3332462420775246, -9.036064457588154e-05, -8.455712732446529e-05] - [0.16663157051457697, 0.8332971406410957, -3.739797469887113e-05, -3.5126101524267145e-05] - [9.386179949231183e-06, 9.673045273344403e-06, 9.933018042959536e-06, 9.38617669019658e-06]
B1: 0.16670142554575018 - 0.6665879798393913 - 0.16657539447953862 - 5.1367578538171035e-05
B2: 0.16669276537296634 - 0.6666975525579032 - 0.1667068906315685 - 2.6860671840430697e-05
