Number: 2176
Error: 6.984987807632259e-06
A1: [-3.5560710082649837e-06, -3.8117577303446487e-06, -3.046882486251515e-06, -3.377398006232707e-06] - [0.20833297674260634, 0.3333303396453876, -0.04166773196306023, 4.2975401130202636e-07] - [0.16666284535269274, 0.6666625718615754, 0.1666635579997507, -3.6011332418360274e-06] - [-4.1323904512242e-06, -3.689156478902688e-06, -3.2457276582488526e-06, -4.128864877277321e-06]
A2: [0.166658108444359, -0.16667547736823216, -9.310298309091436e-06, -8.597072248228954e-06] - [0.16658225703884033, 0.3332463509452981, -9.037818693121642e-05, -8.456194097765072e-05] - [0.1666281662016534, 0.8332936479494125, -4.10207090154648e-05, -3.8537771151501366e-05] - [1.1683287992400718e-05, 1.2040367560910002e-05, 1.2363979808146181e-05, 1.1683284938386855e-05]
B1: 0.16669712267146483 - 0.6665719971881032 - 0.16657243724177487 - 5.1313174176480965e-05
B2: 0.16668788912239751 - 0.6666897059630923 - 0.16669718622874755 - 2.216996056715011e-05
