Number: 1573
Error: 3.4849311227373285e-06
A1: [-7.1564216295496585e-06, -6.62416080239422e-06, -5.35426375039934e-06, -7.023348759657348e-06] - [0.2083119745990434, 0.33331319501855466, -0.0416822846775292, -2.0772434709259085e-05] - [0.16665795671872108, 0.666658603055633, 0.16666015989811145, -8.54576979778331e-06] - [-2.9848126444743583e-06, -2.66459759112942e-06, -2.344220895021411e-06, -2.9822626176632353e-06]
A2: [0.1666834739802375, -0.16664937994712534, 1.7522220589510497e-05, 1.677925896134871e-05] - [0.16669453586081323, 0.33336193616191245, 2.8488422401162403e-05, 2.7759215504038757e-05] - [0.1666602881105383, 0.833326733103422, -6.991906668533323e-06, -6.405489961585918e-06] - [8.449974535721982e-06, 8.708224216279693e-06, 8.942261696767496e-06, 8.449971308811222e-06]
B1: 0.16663793396552978 - 0.6666136761251086 - 0.16668020394231894 - -1.3018738212547951e-05
B2: 0.16663039509110053 - 0.6666151261523143 - 0.16660648922469065 - -3.558567144459622e-05
