Number: 2517
Error: 4.005179526659455e-06
A1: [-1.0460888915838583e-05, -1.0088961575875046e-05, -8.536152995280207e-06, -1.0248546097048538e-05] - [0.20830342066810612, 0.3333034037384574, -0.04169133053503211, -2.897708136644451e-05] - [0.16665386393752205, 0.6666543947127657, 0.1666563829405872, -1.2540731268445192e-05] - [-4.780985883429188e-06, -4.2682311074554305e-06, -3.755269279771937e-06, -4.7769101066271965e-06]
A2: [0.16668889815195542, -0.16664373446433386, 2.325540724913591e-05, 2.2186554559889774e-05] - [0.16669458516334354, 0.33336216938242175, 2.844254730511579e-05, 2.7742335780134254e-05] - [0.16665277738997572, 0.8333190273599417, -1.4984492147095017e-05, -1.393242629514408e-05] - [1.3516326249295295e-05, 1.3929436220005505e-05, 1.4303834297902048e-05, 1.351632365140659e-05]
B1: 0.1666284103031807 - 0.666578384836832 - 0.1666736330851335 - -1.3172320201991768e-05
B2: 0.16661959841955565 - 0.6665978245965142 - 0.16658513743177222 - -4.5973380424091034e-05
