Number: 1840
Error: 7.170726997227246e-06
A1: [-2.373893897953984e-06, -2.572187415071019e-06, -1.907689271520213e-06, -2.22344228768958e-06] - [0.20833604520722523, 0.3333338498640926, -0.04166448574426736, 3.3738703955021595e-06] - [0.1666643083722731, 0.6666640763160387, 0.16666490920619229, -2.1729380467082e-06] - [-3.492908219917597e-06, -3.118224117950006e-06, -2.743361855100534e-06, -3.489925943207177e-06]
A2: [0.16665617784259545, -0.16667748681819422, -1.1351014377493323e-05, -1.0521663297381918e-05] - [0.16658223845060827, 0.33324626666613866, -9.036324785636898e-05, -8.455695740700193e-05] - [0.1666308390025991, 0.833296390129221, -3.817644234045548e-05, -3.585919475975157e-05] - [9.879966595821087e-06, 1.0181925212764317e-05, 1.0455577726837912e-05, 9.879963346153975e-06]
B1: 0.16670049868777492 - 0.6665845431057472 - 0.16657475840822245 - 5.1353953560888326e-05
B2: 0.1666917133273184 - 0.6666958640826384 - 0.16670480498546747 - 2.5848508079507043e-05
