Number: 835
Error: 3.071986280389822e-06
A1: [-4.593278859337645e-06, -3.937019604999511e-06, -2.8896754995582182e-06, -4.5221634733323415e-06] - [0.20831857958442665, 0.33332076189391263, -0.04167530608215925, -1.4440446745862675e-05] - [0.16666113564791274, 0.6666618709744488, 0.16666308914856878, -5.443305435906232e-06] - [-1.5804814024982009e-06, -1.410790277171439e-06, -1.240999368382306e-06, -1.579128848388687e-06]
A2: [0.16667922481918424, -0.16665380183746417, 1.3032077629712222e-05, 1.2543291592791459e-05] - [0.16669447070930535, 0.33336172821185756, 2.849968711250055e-05, 2.774579886243375e-05] - [0.1666661547840984, 0.833332752434355, -7.481452637026613e-07, -5.261427085581713e-07] - [4.488568949757858e-06, 4.625731450826581e-06, 4.750028562950592e-06, 4.4885666195553705e-06]
B1: 0.1666453112141336 - 0.6666411846077596 - 0.16668524297182438 - -1.2967153341556981e-05
B2: 0.166639068890207 - 0.666628820803133 - 0.16662328167245116 - -2.7231576486122223e-05
