Number: 2102
Error: 7.02581096811906e-06
A1: [-3.302137388011111e-06, -3.5455448317838272e-06, -2.8031367050900844e-06, -3.1296735713735566e-06] - [0.20833362665387514, 0.33333108539576617, -0.04166704580565321, 1.0523040487627391e-06] - [0.16666316107034548, 0.6666628963405214, 0.1666638483645757, -3.2930788533595554e-06] - [-3.9915524382941615e-06, -3.5634156440366164e-06, -3.1350872682203898e-06, -3.9881464481524345e-06]
A2: [0.16665768231989703, -0.16667592080362392, -9.760562879965489e-06, -9.021872921903903e-06] - [0.16658225070442362, 0.3332463302858855, -9.037684553658521e-05, -8.45630838916292e-05] - [0.16662875467267863, 0.8332942517173748, -4.039443961605052e-05, -3.7948028095999136e-05] - [1.1286137958455818e-05, 1.1631078108854794e-05, 1.1943687458509178e-05, 1.128613483960247e-05]
B1: 0.16669788712917247 - 0.6665747806959896 - 0.1665729684068915 - 5.134311098718117e-05
B2: 0.16668875250286927 - 0.6666910633283099 - 0.16669884415143357 - 2.3001260677321653e-05
