Number: 2144
Error: 7.002633339702657e-06
A1: [-3.446911161719958e-06, -3.6973242354122764e-06, -2.9422007630360792e-06, -3.270922585298665e-06] - [0.20833325517075987, 0.33333065937130785, -0.04166743815310106, 6.963527978837599e-07] - [0.16666298122326614, 0.6666627114841341, 0.1666636828336621, -3.4685758725746355e-06] - [-4.07148748774184e-06, -3.6347820130831238e-06, -3.1978830747689e-06, -4.0680136209102645e-06]
A2: [0.1666579240706942, -0.16667566922230287, -9.505099873196276e-06, -8.780873464005921e-06] - [0.16658225403623808, 0.33324634176215795, -9.037784141683938e-05, -8.456269859905379e-05] - [0.16662842064796518, 0.8332939090122545, -4.074991407539019e-05, -3.828277476853266e-05] - [1.1511548123718824e-05, 1.1863378235439093e-05, 1.2182232481893821e-05, 1.1511545040135956e-05]
B1: 0.16669745548030848 - 0.6665732030205437 - 0.16657266901231682 - 5.132835457234057e-05
B2: 0.16668826455073377 - 0.6666902929832004 - 0.1666979010857619 - 2.2531516211663223e-05
