Number: 2569
Error: 4.0336557716745785e-06
A1: [-1.0641271648310808e-05, -1.0278083971758526e-05, -8.709600374360741e-06, -1.0424564064888883e-05] - [0.20830295608067448, 0.3333028713602144, -0.04169182148714252, -2.942243545751459e-05] - [0.16665364014704687, 0.666654164648863, 0.16665617672889546, -1.2759135430644836e-05] - [-4.879922767020927e-06, -4.356562100681761e-06, -3.8329929707099094e-06, -4.875763137663822e-06]
A2: [0.16668919677107, -0.16664342366879045, 2.3571019955334563e-05, 2.2484244050902788e-05] - [0.16669458691143255, 0.33336218122586486, 2.8438981835294993e-05, 2.7740437953028635e-05] - [0.16665236333199096, 0.8333186025551802, -1.5425101742425725e-05, -1.4347377683201913e-05] - [1.379537768475385e-05, 1.4217017216599307e-05, 1.4599146616036285e-05, 1.3795375179569738e-05]
B1: 0.16662788108619836 - 0.6665764352624882 - 0.16667326448681086 - -1.3185414497213005e-05
B2: 0.1666189999521386 - 0.6665968729134668 - 0.16658396802798908 - -4.654931892358278e-05
