Number: 2182
Error: 6.981712126347874e-06
A1: [-3.5630596419407735e-06, -3.818977847638276e-06, -3.0515171168527193e-06, -3.3838962202973917e-06] - [0.20833297883036692, 0.3333303370392629, -0.041667726661678964, 4.3400781097207677e-07] - [0.16666283349976885, 0.6666625600702344, 0.16666354974605616, -3.6123779759805014e-06] - [-4.14381321587831e-06, -3.6993553458262944e-06, -3.2547023727025495e-06, -4.140277944398134e-06]
A2: [0.16665814531040607, -0.16667543921362032, -9.271710950302491e-06, -8.560313539789095e-06] - [0.1665822635825999, 0.33324635834708266, -9.037288845526623e-05, -8.45558181648283e-05] - [0.1666281191870707, 0.8332935996578366, -4.1070863787079866e-05, -3.858488887459025e-05] - [1.1715488838725477e-05, 1.207355268892235e-05, 1.2398057072507507e-05, 1.171548579049933e-05]
B1: 0.16669701606367107 - 0.6665717288595104 - 0.16657235351957717 - 5.126608512148479e-05
B2: 0.16668777268291424 - 0.6666895918793093 - 0.16669709251111284 - 2.2056123863202403e-05
