Number: 664
Error: 7.830642855015126e-06
A1: [1.7072919592580265e-06, 1.70629643617722e-06, 2.01585168847791e-06, 1.7590153173119292e-06] - [0.20834655598154178, 0.33334589237743956, -0.04165338174345115, 1.3449626684249564e-05] - [0.16666937135151927, 0.6666692807285234, 0.16666957356749026, 2.7681949451684365e-06] - [-1.2545263034640345e-06, -1.1197685943963981e-06, -9.849289866378994e-07, -1.2534522971558011e-06]
A2: [0.1666494064026824, -0.1666845335181115, -1.850639703931104e-05, -1.727206551302012e-05] - [0.1665821343795096, 0.3332459349560256, -9.03453608716309e-05, -8.45785352499554e-05] - [0.16664018809190478, 0.8333059824583468, -2.8226413123199584e-05, -2.6489896554649836e-05] - [3.5674557515479404e-06, 3.6764622798693577e-06, 3.7752429928185912e-06, 3.5674538030126987e-06]
B1: 0.16671223278645952 - 0.6666283576246783 - 0.16658276769289415 - 5.1414388117127513e-05
B2: 0.16670558392118995 - 0.6667177246902731 - 0.16673158838431756 - 3.920932399616468e-05
