Number: 1937
Error: 3.6863340972268508e-06
A1: [-8.443299465213915e-06, -7.973570838994302e-06, -6.595288023404124e-06, -8.279647554664658e-06] - [0.20830862518937945, 0.3333093656534887, -0.04168582943964232, -2.3987111496406304e-05] - [0.16665636574878154, 0.666656966812959, 0.16665868929333938, -1.009900690996184e-05] - [-3.677424409341617e-06, -3.2829667309386937e-06, -2.888325451220728e-06, -3.674285275902789e-06]
A2: [0.16668556506241833, -0.16664720342209408, 1.9732671754115438e-05, 1.8863833896473695e-05] - [0.16669455567674704, 0.3333620271635004, 2.8472081082214857e-05, 2.7753513334626952e-05] - [0.16665739295003867, 0.8333237627731162, -1.007280921609385e-05, -9.30690245102808e-06] - [1.040363998241232e-05, 1.0721606423195105e-05, 1.1009767744340139e-05, 1.0403636761200625e-05]
B1: 0.16663430340382315 - 0.666600112371828 - 0.16667771774529466 - -1.3036141154502761e-05
B2: 0.16662626514221937 - 0.6666084484768549 - 0.1665982081516681 - -3.955793401519852e-05
