Number: 306
Error: 8.040644353513332e-06
A1: [2.921739913972635e-06, 2.9784632821458963e-06, 3.177609257391584e-06, 2.943433361926077e-06] - [0.2083496409246255, 0.3333494343803645, -0.04165013471254305, 1.6402247636810285e-05] - [0.16667088337242986, 0.6666708335427023, 0.16667095968729576, 4.243146812197722e-06] - [-5.730456695861847e-07, -5.113277371485052e-07, -4.495694329364502e-07, -5.725547606555318e-07]
A2: [0.1666473560033388, -0.16668666700619716, -2.0672291167378725e-05, -1.931606047622634e-05] - [0.1665821570521166, 0.33324589084664263, -9.028068096560344e-05, -8.453075235302949e-05] - [0.16664305024061732, 0.8333089192024925, -2.5180279999098793e-05, -2.3621597388738632e-05] - [1.6455548597894292e-06, 1.6958149290654676e-06, 1.7413578989971207e-06, 1.6455538969914792e-06]
B1: 0.16671534640631483 - 0.6666412874826081 - 0.16658484662360157 - 5.097461499426289e-05
B2: 0.16671035564076508 - 0.6667248373806829 - 0.16674010153997612 - 4.382586354358703e-05
