Number: 1441
Error: 3.4116697033376627e-06
A1: [-6.714964063558178e-06, -6.1614495566995965e-06, -4.932281128576559e-06, -6.592956412207686e-06] - [0.2083130876476926, 0.33331447638386336, -0.04168111225475368, -1.970814863692441e-05] - [0.16665850817869574, 0.6666591694946314, 0.16666066482919586, -8.007969344532483e-06] - [-2.7336379655158256e-06, -2.440345368545726e-06, -2.1469004780125488e-06, -2.7313018182616824e-06]
A2: [0.16668271099454393, -0.1666501737012123, 1.6716393196258593e-05, 1.601863323027196e-05] - [0.16669451605591706, 0.3333618911202197, 2.8482920776623204e-05, 2.7748664844354516e-05] - [0.16666133637250719, 0.8333278086971584, -5.8761384747441455e-06, -5.354960804166408e-06] - [7.741481970744493e-06, 7.978075411997446e-06, 8.192485412161354e-06, 7.741478815243908e-06]
B1: 0.1666393294204697 - 0.6666186690791337 - 0.1666811749651449 - -1.2933502067446353e-05
B2: 0.1666319849326189 - 0.6666175612477351 - 0.166609422770228 - -3.405301853074983e-05
