Number: 890
Error: 7.701695684720502e-06
A1: [9.150876183400013e-07, 8.758773361305544e-07, 1.2533515261876935e-06, 9.857926245300108e-07] - [0.2083445046924201, 0.33334354549108824, -0.04165554948708281, 1.148196978757641e-05] - [0.16666839057438268, 0.666668272451947, 0.1666686687687168, 1.8108431425108571e-06] - [-1.6847132663414316e-06, -1.503846810575847e-06, -1.3228753009674093e-06, -1.6832717089756912e-06]
A2: [0.16665070439626203, -0.16668318264610937, -1.7134650800693872e-05, -1.5978114911005565e-05] - [0.1665821420406109, 0.3332459861834806, -9.036146095082387e-05, -8.458672646866292e-05] - [0.1666383886228513, 0.833304136175953, -3.01414941970031e-05, -2.8293248669455756e-05] - [4.780675877786711e-06, 4.9267666148640806e-06, 5.05915502581491e-06, 4.780673442674413e-06]
B1: 0.1667101051925028 - 0.6666200561635488 - 0.16658133893784788 - 5.153022352213449e-05
B2: 0.16670285607410024 - 0.6667134375570003 - 0.16672633044567078 - 3.6579440401508545e-05
