Number: 1641
Error: 3.522654686356731e-06
A1: [-7.403428292731149e-06, -6.883218660583814e-06, -5.593442398881355e-06, -7.264636441905757e-06] - [0.20831132231003763, 0.33331245158079986, -0.04168297643248295, -2.1399528165033854e-05] - [0.1666576528368095, 0.6666582903429918, 0.166659877756871, -8.842596151429225e-06] - [-3.1142032320625598e-06, -2.7801184633327442e-06, -2.445867523764914e-06, -3.111543077311985e-06]
A2: [0.1666838636376637, -0.16664897427273417, 1.793429071544957e-05, 1.716770079451291e-05] - [0.16669453713948457, 0.3333619508819903, 2.848324051187633e-05, 2.7755727336649806e-05] - [0.1666597470406007, 0.8333261780075092, -7.567640874587588e-06, -6.947727749354661e-06] - [8.814958832807593e-06, 9.084364826429859e-06, 9.328513596005814e-06, 8.814955584398181e-06]
B1: 0.16663727810434967 - 0.6666111639863863 - 0.16667976066328968 - -1.2999587850643558e-05
B2: 0.16662964456029805 - 0.6666138791105207 - 0.1666049209542983 - -3.630674642556871e-05
