Number: 1168
Error: 7.545059584001184e-06
A1: [-3.283302114556278e-08, -1.1771048518830429e-07, 3.446461321950667e-07, 6.119519245668615e-08] - [0.20834208797072587, 0.3333407705924392, -0.04165809860184375, 9.168020226011696e-06] - [0.16666721078012628, 0.6666670602051951, 0.16666758517499736, 6.598374700304227e-07] - [-2.21387010402138e-06, -1.9762863426047716e-06, -1.7385721299628844e-06, -2.2119769704262052e-06]
A2: [0.16665230838923256, -0.16668151374049614, -1.5440219082922334e-05, -1.4379095153565148e-05] - [0.16658217534855863, 0.33324607286215613, -9.035788659538229e-05, -8.45729189211325e-05] - [0.1666361796785117, 0.8333018696686227, -3.2492623173051044e-05, -3.0506969923376958e-05] - [6.272980869706378e-06, 6.4646864480610856e-06, 6.63841449998176e-06, 6.272977988322478e-06]
B1: 0.1667072930971429 - 0.6666096635133729 - 0.1665794138365216 - 5.147770858066323e-05
B2: 0.16669950034631564 - 0.6667082457498467 - 0.1667200305823836 - 3.3344220482415756e-05
