Number: 1944
Error: 7.1131610944753e-06
A1: [-2.734683000591902e-06, -2.950452751827577e-06, -2.2545966653643254e-06, -2.575500998234229e-06] - [0.20833511608693572, 0.33333278517279946, -0.04166546755774328, 2.4832193561392977e-06] - [0.16666386071146969, 0.666663616121835, 0.16666449673876543, -2.6098246071625354e-06] - [-3.690846878193986e-06, -3.2949449991273187e-06, -2.898859285634134e-06, -3.687696346642978e-06]
A2: [0.1666567764802788, -0.16667686381848382, -1.071838322031047e-05, -9.924886077326521e-06] - [0.16658224721970596, 0.3332462956522532, -9.036509530232055e-05, -8.455548423762755e-05] - [0.1666300121520341, 0.8332955417899162, -3.905639507017208e-05, -3.668783289303314e-05] - [1.0438149733076041e-05, 1.0757170000410524e-05, 1.1046286425918183e-05, 1.0438146516878602e-05]
B1: 0.16669943691062747 - 0.6665806442932463 - 0.16657402572655203 - 5.132450750203386e-05
B2: 0.1666905109961081 - 0.6666939553338742 - 0.16670246099773336 - 2.469126151839194e-05
