Number: 680
Error: 7.821421186402148e-06
A1: [1.6405600181773005e-06, 1.6362667477754371e-06, 1.9500384435675254e-06, 1.6936374130112362e-06] - [0.20834636789174762, 0.33334568097409567, -0.041653582849368494, 1.3267498787471646e-05] - [0.16666929116221707, 0.6666691979931234, 0.16666949755911176, 2.689674386129757e-06] - [-1.2849807828147222e-06, -1.1469586373666886e-06, -1.008852878625724e-06, -1.2838807433514736e-06]
A2: [0.1666494963516912, -0.16668443973906713, -1.841104876832754e-05, -1.718240273135719e-05] - [0.16658212964738892, 0.33324593353131604, -9.035131508152098e-05, -8.458438963950449e-05] - [0.16664006000366172, 0.8333058510810061, -2.8362634017506702e-05, -2.6618259694623107e-05] - [3.653348929704512e-06, 3.764980927222845e-06, 3.866140956065269e-06, 3.6533469431276576e-06]
B1: 0.16671212133784738 - 0.6666278070870415 - 0.16658270172581707 - 5.146179290352749e-05
B2: 0.16670542370845273 - 0.6667174209206723 - 0.16673118091840688 - 3.905604607657321e-05
