Number: 192
Error: 8.110242067751855e-06
A1: [3.2982005047378616e-06, 3.3724547478023847e-06, 3.5355922458644448e-06, 3.310341220554585e-06] - [0.2083505812147402, 0.3333505168760028, -0.04164914948775559, 1.7300442415393e-05] - [0.16667135412775427, 0.6666713164701961, 0.1666713887127935, 4.702108031585833e-06] - [-3.560277725709047e-07, -3.175684929725922e-07, -2.790834118169213e-07, -3.5572278512274143e-07]
A2: [0.16664670811176427, -0.1666873411021648, -2.1356465095258662e-05, -1.9961912666256488e-05] - [0.1665821878981368, 0.3332459013210327, -9.02347311940774e-05, -8.449191054677938e-05] - [0.1666439684379124, 0.8333098613467548, -2.420312732693554e-05, -2.2701441718006595e-05] - [1.0335416831893308e-06, 1.0650944069632615e-06, 1.0936845786642045e-06, 1.033541084473412e-06]
B1: 0.1667161754260461 - 0.6666452632757613 - 0.16658538791658362 - 5.0672281050784254e-05
B2: 0.16671206504142141 - 0.6667272587958679 - 0.16674293302554438 - 4.54858497928808e-05
