Number: 388
Error: 7.991562976388145e-06
A1: [2.6323357502241457e-06, 2.6753003150744178e-06, 2.8991981436216856e-06, 2.6609183198458245e-06] - [0.20834888931854714, 0.33334857589057476, -0.04165092783062656, 1.568099291094652e-05] - [0.16667052580814948, 0.6666704660773388, 0.16667062984738756, 3.894084080345815e-06] - [-7.291409328878765e-07, -6.506930454689867e-07, -5.721947245820787e-07, -7.285163684185689e-07]
A2: [0.1666478214539875, -0.16668618248609107, -2.0180299803279936e-05, -1.8852076751702485e-05] - [0.1665821373793552, 0.33324588649381337, -9.030989055692676e-05, -8.455617653141185e-05] - [0.166642391619291, 0.833308243468867, -2.5881087010646194e-05, -2.4281627414509727e-05] - [2.085772955528183e-06, 2.149489108360533e-06, 2.2072262213595637e-06, 2.0857717449725954e-06]
B1: 0.16671473702113396 - 0.6666384204720665 - 0.16658445585632098 - 5.117911780195335e-05
B2: 0.16670924800161024 - 0.6667231590031556 - 0.16673806617061263 - 4.2753767542685566e-05
