Number: 889
Error: 3.1026045380239527e-06
A1: [-4.800295662552055e-06, -4.15417928227326e-06, -3.0916191968502753e-06, -4.724628003010794e-06] - [0.20831801795453733, 0.3333201255683849, -0.04167590367189663, -1.4982025858513586e-05] - [0.16666088340074917, 0.6666616111314974, 0.16666285300435554, -5.6899384816801426e-06] - [-1.6832404015701558e-06, -1.5025348130087316e-06, -1.3217241141085947e-06, -1.6818000864181855e-06]
A2: [0.16667953211209477, -0.16665348175559716, 1.3357313859738164e-05, 1.2849619249483097e-05] - [0.16669446542301863, 0.33336173374823824, 2.8489588088178027e-05, 2.7736727814213702e-05] - [0.16666572413817923, 0.8333323106560261, -1.206302326659372e-06, -9.57715730681517e-07] - [4.778458364394613e-06, 4.9244818524797415e-06, 5.056809333190575e-06, 4.778455927870765e-06]
B1: 0.16664485205376123 - 0.6666392483458319 - 0.16668494683226512 - -1.2890234363967232e-05
B2: 0.16663848586085853 - 0.6666278098397012 - 0.16662198020455904 - -2.7791218056847744e-05
