Number: 3038
Error: 6.512031113623034e-06
A1: [-6.548812751078472e-06, -6.949479706965311e-06, -5.9248561286229e-06, -6.297781399216979e-06] - [0.20832526596354808, 0.33332150459073595, -0.04167588077006457, -6.962178574435775e-06] - [0.16665913253925613, 0.6666587550106265, 0.16666013650948425, -7.224653807946218e-06] - [-5.772875428632931e-06, -5.153780377440055e-06, -4.534469358215079e-06, -5.767959876601425e-06]
A2: [0.16666305903781872, -0.16667032484676297, -4.07791188098254e-06, -3.661899041117026e-06] - [0.16658228789837565, 0.33324654943536974, -9.043512365170259e-05, -8.459155909153104e-05] - [0.1666213027667939, 0.8332866064204724, -4.832424741618527e-05, -4.541602578465034e-05] - [1.6309136400029268e-05, 1.680761038298427e-05, 1.7259385437942307e-05, 1.6309135005421636e-05]
B1: 0.1666883512771513 - 0.6665396820444458 - 0.16656633230801754 - 5.10977087731356e-05
B2: 0.16667797406071921 - 0.6666739280444796 - 0.16667779267879732 - 1.262860125191741e-05
