Number: 850
Error: 7.724398791190169e-06
A1: [1.0577692933756919e-06, 1.0254719403928565e-06, 1.3910744825151185e-06, 1.125112374343414e-06] - [0.20834487772489954, 0.3333439714399098, -0.04165515464640624, 1.1840190600330944e-05] - [0.1666685666720664, 0.6666684535661481, 0.16666883171797212, 1.98279240874837e-06] - [-1.6085752955773478e-06, -1.4358696887389937e-06, -1.2630629601767914e-06, -1.6071987615207327e-06]
A2: [0.1666504748682522, -0.1666834215604357, -1.7377287527006327e-05, -1.6206927350657288e-05] - [0.1665821408674203, 0.3332459772184746, -9.035859090980094e-05, -8.458509390675373e-05] - [0.16663870700056924, 0.8333044628260954, -2.9802680041782116e-05, -2.7974183662906136e-05] - [4.565949807779357e-06, 4.705477072845323e-06, 4.831917260174361e-06, 4.565947450818405e-06]
B1: 0.1667104811801721 - 0.6666215244891864 - 0.16658159049086763 - 5.150913393891695e-05
B2: 0.16670332424649018 - 0.6667141894637029 - 0.16672726237977262 - 3.7030274172712124e-05
