Number: 2338
Error: 6.895708029115153e-06
A1: [-4.128158801397235e-06, -4.411635967856877e-06, -3.5984853686316924e-06, -3.935877390991916e-06] - [0.20833148878480542, 0.33332863821577297, -0.04166930659538466, -9.98242922842418e-07] - [0.16666213783496964, 0.6666618442448504, 0.16666290414472099, -4.2918593356509295e-06] - [-4.440703528988687e-06, -3.964418793136929e-06, -3.4879328614191494e-06, -4.436916310100597e-06]
A2: [0.16665903821380362, -0.1666745095656223, -8.327401049856478e-06, -7.670200817125423e-06] - [0.1665822624344254, 0.3332463880620231, -9.038885182706538e-05, -8.45679107347217e-05] - [0.16662687677700605, 0.833292325080717, -4.239279124343812e-05, -3.982998062310438e-05] - [1.2552705280393757e-05, 1.293635968315757e-05, 1.328405905267433e-05, 1.2552702411208827e-05]
B1: 0.1666955029742252 - 0.6665659541291571 - 0.16657132161459368 - 5.1301509913113147e-05
B2: 0.16668605552645335 - 0.6666867404805712 - 0.16669350953955062 - 2.0406593228446327e-05
