Number: 2054
Error: 7.052337553600267e-06
A1: [-3.1264115276787574e-06, -3.361235349872596e-06, -2.632782190544379e-06, -2.9579858630659377e-06] - [0.20833409257334468, 0.3333316159719759, -0.04166655139484938, 1.5004331746668778e-06] - [0.16666337698988487, 0.6666631185679824, 0.16666404908832672, -3.082140782209104e-06] - [-3.900200241888354e-06, -3.4818563750271626e-06, -3.0633231688529225e-06, -3.896871838846845e-06]
A2: [0.16665740774266827, -0.16667620670274338, -1.0050989600743538e-05, -9.295591480002883e-06] - [0.1665822513011462, 0.3332463213451478, -9.037177369962728e-05, -8.455911974377821e-05] - [0.16662913690649764, 0.8332946438438745, -3.9987748902479305e-05, -3.7564969194417906e-05] - [1.1028523922361287e-05, 1.13655897684861e-05, 1.1671062070061134e-05, 1.1028520768015713e-05]
B1: 0.1666983469288773 - 0.6665765516334519 - 0.1665732798337183 - 5.1326432482484574e-05
B2: 0.16668927514530693 - 0.6666919407287033 - 0.16669995272718238 - 2.3503095625673336e-05
