Number: 2194
Error: 6.975043565537108e-06
A1: [-3.6249642299932374e-06, -3.884037839168044e-06, -3.114097545954515e-06, -3.4447740688651815e-06] - [0.20833278995445467, 0.33333012793402095, -0.04166793078933128, 2.496487451382377e-07] - [0.16666276135520638, 0.6666624853287475, 0.16666347936080236, -3.683259816359605e-06] - [-4.166646343072069e-06, -3.719739982614362e-06, -3.272638014558754e-06, -4.163091689195584e-06]
A2: [0.1666582108582636, -0.16667537068350805, -9.201889198544188e-06, -8.494980343706293e-06] - [0.16658225532336382, 0.33324635287254695, -9.038144438585616e-05, -8.456491925350928e-05] - [0.16662802266945734, 0.8332935007153972, -4.1173396193378554e-05, -3.868161276432927e-05] - [1.177989131821983e-05, 1.2139923683561838e-05, 1.2466212291250736e-05, 1.1779888281798759e-05]
B1: 0.16669696035399115 - 0.6665713426386027 - 0.16657232944399097 - 5.132954235442833e-05
B2: 0.16668770333589678 - 0.666689377800513 - 0.1666967615214644 - 2.1991976553913946e-05
