Number: 1865
Error: 3.6465855899441157e-06
A1: [-8.191663817771144e-06, -7.709728686660854e-06, -6.3530467073369236e-06, -8.034057627373286e-06] - [0.20830927599206775, 0.33331011073897276, -0.0416851413010266, -2.3362947815445423e-05] - [0.16665667750575253, 0.6666572873609652, 0.16665897691498863, -9.794710567933033e-06] - [-3.540426145536526e-06, -3.160653714359101e-06, -2.780701580950215e-06, -3.5374034601114188e-06]
A2: [0.16668515110239773, -0.16664763425871207, 1.9295149617301883e-05, 1.845116104252597e-05] - [0.16669455104229405, 0.3333620085102381, 2.8474725357811263e-05, 2.7753926597171228e-05] - [0.1666579656101652, 0.833324350309026, -9.46339425069056e-06, -8.733005586020991e-06] - [1.00172129818053e-05, 1.032336770910372e-05, 1.0600823413164769e-05, 1.0017209735890055e-05]
B1: 0.16663503152352171 - 0.6666028052678878 - 0.16667821949848027 - -1.3022696073560985e-05
B2: 0.16662709064287878 - 0.6666097688598288 - 0.1665998361292626 - -3.8763625163440704e-05
