Number: 2535
Error: 4.01499433333206e-06
A1: [-1.050581679732572e-05, -1.0135931184938376e-05, -8.57671352547648e-06, -1.0291979881960076e-05] - [0.20830333037982313, 0.3333032939457735, -0.04169142202802921, -2.9060779516799975e-05] - [0.1666538041654724, 0.666654333763324, 0.16665633124142865, -1.2598655766139883e-05] - [-4.815235509158157e-06, -4.298810048482256e-06, -3.782177034471012e-06, -4.811130701843746e-06]
A2: [0.16668900450502144, -0.16664362404422692, 2.336733853996813e-05, 2.229258570255157e-05] - [0.16669459357251837, 0.3333621808970324, 2.8448315335508217e-05, 2.7749482406299512e-05] - [0.16665263496644783, 0.833318881169322, -1.513620407494169e-05, -1.4075159197511297e-05] - [1.3612911962020856e-05, 1.4028974222158403e-05, 1.4406048296872367e-05, 1.3612909395520369e-05]
B1: 0.16662816959305615 - 0.6665776550604555 - 0.16667345315854787 - -1.3234421089902546e-05
B2: 0.16661933151818464 - 0.6665974900175501 - 0.16658478509337157 - -4.623247793075399e-05
