Number: 1190
Error: 7.5326706392194525e-06
A1: [-1.3040325173878435e-07, -2.2016591907372295e-07, 2.4763704675530933e-07, -3.450774335771226e-08] - [0.2083418058593332, 0.333340455018228, -0.04165840142472589, 8.894128772919631e-06] - [0.16666709461256368, 0.6666669401855421, 0.16666747405272256, 5.459698970248078e-07] - [-2.2557408362811774e-06, -2.0136684255033396e-06, -1.771463696677302e-06, -2.253811995919018e-06]
A2: [0.16665243152495227, -0.16668138527466514, -1.5309530307984122e-05, -1.4256352992121743e-05] - [0.16658216817626093, 0.3332460704265528, -9.036635988887197e-05, -8.458163443329153e-05] - [0.16663600376322538, 0.8333016892613408, -3.267966065517074e-05, -3.068326325643105e-05] - [6.391074116683825e-06, 6.586389385566064e-06, 6.76338886049656e-06, 6.391071207266853e-06]
B1: 0.16670714179882315 - 0.6666089091946543 - 0.16657932647640128 - 5.154485507163403e-05
B2: 0.16669931429435733 - 0.6667078440454549 - 0.16671946697556442 - 3.3167703466121376e-05
