Number: 2967
Error: 4.251003652232968e-06
A1: [-1.2015394815336595e-05, -1.1718731991162462e-05, -1.0029911753595015e-05, -1.1765287004793263e-05] - [0.20829942633316054, 0.33329882421905926, -0.04169555010458649, -3.280500095718784e-05] - [0.1666519338549917, 0.6666524107083134, 0.16665460570714727, -1.442420939763035e-05] - [-5.637154310153107e-06, -5.032618247452777e-06, -4.42786666257266e-06, -5.632353549699061e-06]
A2: [0.1666914818555051, -0.16664104544604705, 2.598605561758665e-05, 2.476221325895665e-05] - [0.1666945970924995, 0.33336226852800666, 2.8408201240604126e-05, 2.772271273348904e-05] - [0.16664919303437964, 0.8333153499860314, -1.8798656805688734e-05, -1.7524513832697233e-05] - [1.593109997259161e-05, 1.641802041261446e-05, 1.6859322750347243e-05, 1.593109837765183e-05]
B1: 0.16662381355613895 - 0.6665614931841282 - 0.16667041916364345 - -1.330271374027572e-05
B2: 0.1666144023507807 - 0.6665895920635992 - 0.16657504210835844 - -5.0974482248142885e-05
