Number: 2209
Error: 3.836126486141562e-06
A1: [-9.383224304869488e-06, -8.95901036001186e-06, -7.498528254180145e-06, -9.196743667278194e-06] - [0.208306209660086, 0.33330659635103993, -0.04168838121036291, -2.630204680896364e-05] - [0.16665519880612054, 0.666655767263478, 0.1666576147308068, -1.1237776174655238e-05] - [-4.194965417064735e-06, -3.74503058175304e-06, -3.294899385669124e-06, -4.191386717077284e-06]
A2: [0.16668712997334045, -0.16664557484522186, 2.1386411921731532e-05, 2.042388211941246e-05] - [0.16669457509586041, 0.33336209931134336, 2.846353066857495e-05, 2.7753862566970165e-05] - [0.16665522942254968, 0.8333215430215065, -1.2375243789657386e-05, -1.1475102409767191e-05] - [1.1863421844098298e-05, 1.2226008605976167e-05, 1.2554612528346409e-05, 1.1863418821286224e-05]
B1: 0.16663151750854524 - 0.6665899035809755 - 0.1666757859641869 - -1.3122221495892171e-05
B2: 0.16662311465462037 - 0.6666034617417039 - 0.16659209453353643 - -4.259058126293794e-05
