Number: 1436
Error: 7.3952030976480484e-06
A1: [-9.685045181808024e-07, -1.0987074142129697e-06, -5.558260186856562e-07, -8.519717116872631e-07] - [0.2083396699475585, 0.33333800205084885, -0.041660654714647555, 6.849155449618538e-06] - [0.1666660512439611, 0.6666658680776073, 0.16666651575893227, -4.7192573705564346e-07] - [-2.7239732315978664e-06, -2.4317123716325443e-06, -2.1392997299101e-06, -2.7216453290550604e-06]
A2: [0.16665385162619994, -0.16667990769749613, -1.380933169785954e-05, -1.2840652488125276e-05] - [0.16658220096329882, 0.3332461505964672, -9.035958502209134e-05, -8.456610378082455e-05] - [0.16663404996189674, 0.8332996845642544, -3.4759202355339486e-05, -3.2641292044146293e-05] - [7.7115354555702e-06, 7.94721275181068e-06, 8.160792408906813e-06, 7.711532306185458e-06]
B1: 0.1667046030676105 - 0.6665996653640168 - 0.16657757804552287 - 5.144803755291634e-05
B2: 0.16669638646110735 - 0.6667032932744459 - 0.166713937427731 - 3.0346509176739695e-05
