Number: 2820
Error: 6.6311887421523865e-06
A1: [-5.7917565837268355e-06, -6.155749789542972e-06, -5.196804810719672e-06, -5.559024239006743e-06] - [0.20832721682100117, 0.33332373982058333, -0.041673819040285276, -5.091956651284071e-06] - [0.1666600717026441, 0.666659720496514, 0.16666100202745862, -6.308071501755264e-06] - [-5.358010143109902e-06, -4.783390203109171e-06, -4.208556696030454e-06, -5.35344559531045e-06]
A2: [0.1666618083452475, -0.16667162660548174, -5.3998705780927395e-06, -4.908691840812589e-06] - [0.16658228503953224, 0.3332465041825883, -9.041578789620086e-05, -8.457912248244578e-05] - [0.16662303973541928, 0.8332883884289954, -4.6475977215225926e-05, -4.367530882731542e-05] - [1.5139330207510153e-05, 1.560204783707735e-05, 1.602141154160917e-05, 1.5139328236041827e-05]
B1: 0.16669056494888 - 0.666547853410023 - 0.16656787892724462 - 5.114764341260701e-05
B2: 0.16668047734113906 - 0.6666779146726461 - 0.16668269436032596 - 1.5037369916422213e-05
