Number: 1462
Error: 7.380680487849503e-06
A1: [-1.070709060507887e-06, -1.2059531782529733e-06, -6.559036171836476e-07, -9.519820584505075e-07] - [0.20833938931592116, 0.3333376848207355, -0.04166095392850574, 6.578187645782197e-06] - [0.16666592719622172, 0.6666657402175132, 0.1666663991530159, -5.932680990151512e-07] - [-2.7734576631641466e-06, -2.4758921843472597e-06, -2.1781730180428005e-06, -2.771087612872989e-06]
A2: [0.1666539993732373, -0.16667975375966862, -1.3652880859601044e-05, -1.269337056614303e-05] - [0.1665821983062312, 0.3332461532552263, -9.036435957199448e-05, -8.457058471756806e-05] - [0.16663384274432944, 0.8332994720052262, -3.4979632065604986e-05, -3.2848956435615096e-05] - [7.85109307857069e-06, 8.091036155726195e-06, 8.308481949577703e-06, 7.851089911689586e-06]
B1: 0.16670437845594865 - 0.666598730050988 - 0.16657743288022375 - 5.1481549208943207e-05
B2: 0.16669612467011383 - 0.6667028174596964 - 0.1667133133387272 - 3.0095987871370646e-05
