Number: 833
Error: 3.070862677381521e-06
A1: [-4.590935869043822e-06, -3.934600248295397e-06, -2.888118870923801e-06, -4.519983983693605e-06] - [0.20831857894293518, 0.3333207628135446, -0.04167530780206317, -1.4441810321785579e-05] - [0.16666113960996465, 0.6666618749152984, 0.1666630919092837, -5.439546163224547e-06] - [-1.5766754548796354e-06, -1.4073921286436638e-06, -1.2380092185162969e-06, -1.5753261517088659e-06]
A2: [0.16667921253768517, -0.16665381454750988, 1.301922433458223e-05, 1.253104588252466e-05] - [0.16669446856218545, 0.3333617257828211, 2.849796317692439e-05, 2.7743792068685958e-05] - [0.16666617046663357, 0.8333327685436623, -7.314138776489871e-07, -5.104258000909432e-07] - [4.477835025807978e-06, 4.6146694214794266e-06, 4.7386691849563765e-06, 4.4778326996826584e-06]
B1: 0.1666453455267799 - 0.6666412728620359 - 0.1666852697172874 - -1.2952680528470958e-05
B2: 0.16663910878270577 - 0.6666288599474618 - 0.16662331406354586 - -2.7192551448546908e-05
