Number: 2804
Error: 6.6399115968762775e-06
A1: [-5.749164590109169e-06, -6.111194497250708e-06, -5.157798127684687e-06, -5.517762884234929e-06] - [0.20832730775150277, 0.3333238486891965, -0.041673725837969, -5.006894382435252e-06] - [0.1666601275228358, 0.666659777512705, 0.16666105097071857, -6.253896128251919e-06] - [-5.3275570599090195e-06, -4.756201134671438e-06, -4.184631897431074e-06, -5.3230182915802185e-06]
A2: [0.16666171429501783, -0.16667172429429802, -5.498926767727065e-06, -5.002455843104261e-06] - [0.16658227889329352, 0.33324649521328864, -9.041971270017247e-05, -8.458414612234563e-05] - [0.16662316650645584, 0.8332885185404837, -4.634096571397439e-05, -4.354826269294441e-05] - [1.5053471214917451e-05, 1.5513564448321056e-05, 1.593054929456403e-05, 1.5053469205260502e-05]
B1: 0.16669077035975596 - 0.6665484940542266 - 0.16656803131437992 - 5.119428118549486e-05
B2: 0.16668070526468473 - 0.6666782110183151 - 0.1666830151976128 - 1.5258354945160959e-05
