Number: 1450
Error: 7.387357822741663e-06
A1: [-1.0327568024637085e-06, -1.1661918731281286e-06, -6.199681719785889e-07, -9.150336772312457e-07] - [0.20833948170561561, 0.33333779201754465, -0.04166085713060154, 6.666152646352674e-06] - [0.16666597513144854, 0.6666657893892407, 0.16666644260766225, -5.465725927446873e-07] - [-2.750616790504223e-06, -2.455499488755343e-06, -2.1602293759487028e-06, -2.7482661942924576e-06]
A2: [0.166653929603106, -0.16667982630930592, -1.3726508515983347e-05, -1.2762926026632255e-05] - [0.16658219540552988, 0.33324614810603015, -9.036586211898694e-05, -8.457264362649244e-05] - [0.16663393789900421, 0.8332995696498867, -3.4878328672365014e-05, -3.275359553301007e-05] - [7.78668207195637e-06, 8.024656322528644e-06, 8.240317738956123e-06, 7.786678912931876e-06]
B1: 0.16670451259674676 - 0.6665991908308753 - 0.1665775276005055 - 5.1496580995692606e-05
B2: 0.16669627680553675 - 0.6667030396309225 - 0.16671357362509762 - 3.0242921069327457e-05
