Number: 1730
Error: 7.231671889656417e-06
A1: [-2.006099358487651e-06, -2.1866853392781165e-06, -1.5561315091090403e-06, -1.8648686946008198e-06] - [0.20833697229854323, 0.333334917218214, -0.04166350917937037, 4.260326066982076e-06] - [0.16666476790072282, 0.6666645483157364, 0.1666653299394411, -1.7247922917127461e-06] - [-3.2835445670903903e-06, -2.9313022018000388e-06, -2.5788881733306797e-06, -3.2807403433326096e-06]
A2: [0.16665554213584102, -0.16667814817529342, -1.2022434860855348e-05, -1.1155402247812767e-05] - [0.16658222237815218, 0.3332462295213766, -9.03674518191165e-05, -8.456531311321349e-05] - [0.16663171268232785, 0.8332972865755359, -3.724651858981404e-05, -3.4983624401053106e-05] - [9.289568823736028e-06, 9.57348106504306e-06, 9.8307773329316e-06, 9.289565565106394e-06]
B1: 0.16670166663339592 - 0.6665887092802442 - 0.16657557325141634 - 5.14300387763182e-05
B2: 0.16669303363524648 - 0.6666978884903603 - 0.16670724430505401 - 2.7121129307146994e-05
