Number: 2347
Error: 3.911918113828787e-06
A1: [-9.855496517643315e-06, -9.45411617942044e-06, -7.951673178378615e-06, -9.657438315360193e-06] - [0.20830500265179974, 0.33330521089203596, -0.0416896552710313, -2.7458036805558676e-05] - [0.1666546114025625, 0.6666551635768446, 0.16665707471362418, -1.181089084574177e-05] - [-4.457536520863943e-06, -3.97945540858664e-06, -3.5011726520591504e-06, -4.4537350158346865e-06]
A2: [0.16668792422740838, -0.16664474832950746, 2.2225653993918636e-05, 2.1215669054234414e-05] - [0.16669458513901703, 0.3333621360052296, 2.8459177712576256e-05, 2.7754230172348824e-05] - [0.1666541315322493, 0.8333204165938433, -1.3543633570493865e-05, -1.2575363497665437e-05] - [1.2604015182245928e-05, 1.2989239193885406e-05, 1.3338361308131829e-05, 1.2604012323566592e-05]
B1: 0.16663008981620664 - 0.6665847092325128 - 0.16667479021219472 - -1.318019080433718e-05
B2: 0.16662150260243777 - 0.6666009323885707 - 0.1665890085687056 - -4.414284442074234e-05
