Number: 1735
Error: 3.5746941199331214e-06
A1: [-7.728650359725551e-06, -7.224189790939433e-06, -5.906024289229001e-06, -7.581968477239679e-06] - [0.20831048596517682, 0.333311492900665, -0.04168386000689025, -2.220110664183793e-05] - [0.1666572491601907, 0.6666578753789502, 0.1666595059718292, -9.236535337904714e-06] - [-3.293066237078211e-06, -2.939809125677435e-06, -2.5863799063310748e-06, -3.290253902564656e-06]
A2: [0.16668440495052053, -0.16664841095506047, 1.8506305757047182e-05, 1.7707333155203113e-05] - [0.16669454578624052, 0.3333619777528611, 2.848222180550883e-05, 2.7757784107715062e-05] - [0.16665899984472765, 0.8333254113802242, -8.362843310215e-06, -7.696538159628567e-06] - [9.31947952984087e-06, 9.604306985937603e-06, 9.862432789075189e-06, 9.31947626879286e-06]
B1: 0.166636317306802 - 0.6666076393296378 - 0.16667909802717468 - -1.3027331817030567e-05
B2: 0.16662855313388325 - 0.6666121519036392 - 0.16660280305532646 - -3.735744991167118e-05
