Number: 432
Error: 7.965527877986801e-06
A1: [2.484258684850347e-06, 2.5202176159923424e-06, 2.757773767446181e-06, 2.5165309546776067e-06] - [0.2083485149939014, 0.3333481457403532, -0.04165132137759869, 1.532292668398233e-05] - [0.16667034119886528, 0.6666702765404476, 0.1666704608844956, 3.7140296373641964e-06] - [-8.128993755374977e-07, -7.254745163210512e-07, -6.379939630572361e-07, -8.122031173780794e-07]
A2: [0.16664807313941704, -0.16668592061198723, -1.9914465379455942e-05, -1.8601178453130972e-05] - [0.1665821329453, 0.33324589018801193, -9.031964237381957e-05, -8.456369673877291e-05] - [0.16664203934258243, 0.8333078820075775, -2.6256007800384803e-05, -2.463466002621427e-05] - [2.3219863155081744e-06, 2.3929227716121153e-06, 2.457203088073718e-06, 2.3219849772062025e-06]
B1: 0.166714366082621 - 0.6666368415047793 - 0.1665842089732188 - 5.1244895252802866e-05
B2: 0.1667086450349631 - 0.6667222721285723 - 0.16673701123912296 - 4.2169873222206006e-05
