Number: 3048
Error: 6.5065701916119886e-06
A1: [-6.584419043000643e-06, -6.986817600690439e-06, -5.959230601000345e-06, -6.332547455320573e-06] - [0.20832517293370664, 0.33332139831752594, -0.041675979283390875, -7.051506174672446e-06] - [0.1666590885701316, 0.6666587097841725, 0.1666600958187371, -7.267586274007475e-06] - [-5.7919054459550565e-06, -5.170770239687937e-06, -4.549419002922432e-06, -5.786973801532584e-06]
A2: [0.16666311623785376, -0.16667026529687434, -4.0174275741762965e-06, -3.6048778940904255e-06] - [0.16658228755788249, 0.33324655105904677, -9.043644207558534e-05, -8.459260122033816e-05] - [0.1666212230239853, 0.8332865246139666, -4.8409090954222456e-05, -4.549594054159133e-05] - [1.6362796086127104e-05, 1.686291022998932e-05, 1.731617202595143e-05, 1.6362794720528843e-05]
B1: 0.16668825269621812 - 0.6665393099881994 - 0.16656626394702112 - 5.109838323027644e-05
B2: 0.16667786228014422 - 0.6666737454792513 - 0.16667756524696165 - 1.2521155976436991e-05
