Number: 2431
Error: 3.958002978410106e-06
A1: [-1.0145049947473412e-05, -9.757684483774719e-06, -8.229816648826181e-06, -9.939942617251595e-06] - [0.20830425955789972, 0.3333043587066249, -0.041690440119093806, -2.81700682622043e-05] - [0.1666542517483234, 0.6666547938932563, 0.166656743666505, -1.216184565682154e-05] - [-4.617360415284164e-06, -4.122146744360725e-06, -3.6267286061577664e-06, -4.613423359689167e-06]
A2: [0.1666884071470808, -0.16664424575544703, 2.2735992901067705e-05, 2.169708701044913e-05] - [0.1666945896195495, 0.33336215675242037, 2.8454988443958758e-05, 2.7752821213159447e-05] - [0.16665346296973588, 0.8333197306659916, -1.4255097857036945e-05, -1.32453691387515e-05] - [1.3054802764493942e-05, 1.3453805697090069e-05, 1.3815417036312998e-05, 1.3054800026530923e-05]
B1: 0.16662922853596454 - 0.6665815543917346 - 0.16667419018095475 - -1.3207728939975435e-05
B2: 0.16662052864554072 - 0.6665993935785021 - 0.1665871240987164 - -4.508040827544497e-05
