Number: 1789
Error: 3.60454919199449e-06
A1: [-7.911396700005205e-06, -7.4157543083491504e-06, -6.081051242417112e-06, -7.760186194633154e-06] - [0.20831002195434004, 0.33331095953463924, -0.04168434930548238, -2.26451611384579e-05] - [0.16665702138639618, 0.6666576413524036, 0.1666592969812226, -9.458719312233333e-06] - [-3.3958168647962173e-06, -3.031545988189765e-06, -2.667099762647834e-06, -3.392917137585942e-06]
A2: [0.16668471654717262, -0.16664808675180245, 1.8835469138787986e-05, 1.8017964386602314e-05] - [0.16669455232447794, 0.333361994670103, 2.8483022121015894e-05, 2.7760536456178367e-05] - [0.16665857075468132, 0.8333249711166543, -8.819533967262426e-06, -8.126555757412567e-06] - [9.60930431267719e-06, 9.902990712936906e-06, 1.0169145760425167e-05, 9.609301053281282e-06]
B1: 0.1666357519401866 - 0.666605601539433 - 0.16667870478663166 - -1.305670349149694e-05
B2: 0.16662791261276885 - 0.6666111588717532 - 0.1666015990098701 - -3.797457573717294e-05
