Number: 1806
Error: 7.18954990188357e-06
A1: [-2.2623916747804907e-06, -2.4553343682524346e-06, -1.8014504050991554e-06, -2.114788076314754e-06] - [0.20833632298364094, 0.3333341705017038, -0.04166419366118415, 3.6390951333624476e-06] - [0.16666444820540968, 0.6666642198802963, 0.16666503680101377, -2.036621066194639e-06] - [-3.4281955426660802e-06, -3.0604479442757277e-06, -2.692524138627356e-06, -3.4252682912988712e-06]
A2: [0.16665598100088616, -0.16667769156976106, -1.1558857118358188e-05, -1.0717896775936072e-05] - [0.16658223259346974, 0.333246254344215, -9.036533717086925e-05, -8.456042935471572e-05] - [0.16663110895581035, 0.8332966671252073, -3.7889092624369033e-05, -3.5588657164308504e-05] - [9.697481374331904e-06, 9.993862061489393e-06, 1.0262459025923689e-05, 9.697478119007892e-06]
B1: 0.1667008668394259 - 0.6665858377182599 - 0.16657501689679471 - 5.138462802846027e-05
B2: 0.1666921287449684 - 0.6666964903355876 - 0.16670555231572645 - 2.624918591597028e-05
