Number: 1570
Error: 7.320580096293956e-06
A1: [-1.4362329341017635e-06, -1.5891051469170864e-06, -1.0059693601771578e-06, -1.308448158834383e-06] - [0.2083384613208488, 0.333336618138651, -0.041661932442291036, 5.690107016128511e-06] - [0.16666547156732697, 0.6666652720994254, 0.16666598112778017, -1.0377164644391534e-06] - [-2.979019291762352e-06, -2.659419959182103e-06, -2.3396593288166178e-06, -2.976474208682937e-06]
A2: [0.16665462312696405, -0.16667910478743603, -1.299399276751739e-05, -1.2071548869585155e-05] - [0.1665822134241227, 0.3332461891462831, -9.036072294004669e-05, -8.456304300205437e-05] - [0.16663298503161017, 0.8332985919478966, -3.5892549144344256e-05, -3.370852524032065e-05] - [8.430785878479546e-06, 8.688448163918622e-06, 8.921953239303831e-06, 8.430782655244893e-06]
B1: 0.1667032494005934 - 0.6665946574946978 - 0.1665766510804558 - 5.142453489447722e-05
B2: 0.1666948381985608 - 0.6667008259675589 - 0.1667109000160655 - 2.8856334447547303e-05
