Number: 1850
Error: 7.165187040835613e-06
A1: [-2.4095066477438894e-06, -2.609532417648068e-06, -1.9420708890571275e-06, -2.2582146899491056e-06] - [0.20833595215706815, 0.33333374356958556, -0.041664584278289396, 3.2845227679406993e-06] - [0.16666426439653576, 0.6666640310828181, 0.16666486850980616, -2.215876899296704e-06] - [-3.511940658435049e-06, -3.1352163722924777e-06, -2.7583133597159764e-06, -3.508942200031454e-06]
A2: [0.16665623525691214, -0.16667742705352698, -1.1290315385805442e-05, -1.0464427871215509e-05] - [0.1665822389232231, 0.333246269103421, -9.036375360470447e-05, -8.455718631873934e-05] - [0.16663075945977643, 0.8332963085226966, -3.826108596228032e-05, -3.593890946119816e-05] - [9.933638555970444e-06, 1.0237237731177784e-05, 1.0512377166248771e-05, 9.933635308480868e-06]
B1: 0.1667003995510595 - 0.6665841710700676 - 0.1665746907034866 - 5.1354082379729e-05
B2: 0.1666916008722701 - 0.6666956808294454 - 0.16670457685124268 - 2.574038797841053e-05
