Number: 885
Error: 3.10030433807794e-06
A1: [-4.771647259439258e-06, -4.124031588777784e-06, -3.061850955189802e-06, -4.696329563394324e-06] - [0.20831811317461396, 0.3333202293339642, -0.04167579976441432, -1.4888342377549679e-05] - [0.16666091553930049, 0.6666616445888078, 0.1666628854619953, -5.658228671577749e-06] - [-1.6756288184167925e-06, -1.4957394782557307e-06, -1.3157454178341107e-06, -1.6741950029182674e-06]
A2: [0.16667951161214992, -0.16665350331542156, 1.3335253314762626e-05, 1.2829190708227942e-05] - [0.16669447172018417, 0.33336173894743737, 2.849563132899992e-05, 2.7743304957357864e-05] - [0.1666657567184681, 0.8333323440250483, -1.1717584838981486e-06, -9.250668583018085e-07] - [4.756978207952776e-06, 4.902345126422262e-06, 5.0340775830699415e-06, 4.7569757790869605e-06]
B1: 0.16664484246697467 - 0.6666393501263884 - 0.16668492906875024 - -1.2939567898691959e-05
B2: 0.1666384835434452 - 0.6666278807224003 - 0.1666221163946763 - -2.7795264746995798e-05
