Number: 2389
Error: 3.934967557618443e-06
A1: [-1.0000274586576083e-05, -9.605901655012474e-06, -8.090746161566537e-06, -9.798691811475555e-06] - [0.20830463110010494, 0.33330478479479014, -0.04169004769928278, -2.7814057255088662e-05] - [0.166654431574242, 0.6666549787338982, 0.16665690918905554, -1.1986369435033546e-05] - [-4.537448630745211e-06, -4.050801236835823e-06, -3.5639507503448643e-06, -4.533579343911876e-06]
A2: [0.16668816569941544, -0.166644497030341, 2.248083551466892e-05, 2.1456390203044087e-05] - [0.16669458742446958, 0.3333621464237552, 2.845712768508298e-05, 2.7753570887176457e-05] - [0.166653797261992, 0.8333200736408416, -1.3899354859571005e-05, -1.2910355313666534e-05] - [1.2829409875989884e-05, 1.3221523377351962e-05, 1.357689011722536e-05, 1.2829407075674934e-05]
B1: 0.16662965923096265 - 0.6665831318980338 - 0.1666744903178283 - -1.3193904333008347e-05
B2: 0.16662101550554057 - 0.6666001628619869 - 0.1665880662091337 - -4.461174482849128e-05
