Number: 2947
Error: 4.2401003129458585e-06
A1: [-1.1944177360410893e-05, -1.1644050083399073e-05, -9.961155281759265e-06, -1.1695749996571553e-05] - [0.20829961243273126, 0.33329903680822287, -0.04169535303146361, -3.262630574318001e-05] - [0.1666520217866758, 0.6666525011573684, 0.1666546870876203, -1.4338351001307222e-05] - [-5.599103520529153e-06, -4.998646689035097e-06, -4.39797453194674e-06, -5.5943349493438424e-06]
A2: [0.16669136746498162, -0.16664116453500083, 2.5865097424735313e-05, 2.4648180267568517e-05] - [0.16669459780689722, 0.33336226531911467, 2.8410874910804687e-05, 2.7724829429168056e-05] - [0.16664935252178809, 0.8333155136019013, -1.862896746585372e-05, -1.7364682772227298e-05] - [1.582377992424349e-05, 1.6307420008655546e-05, 1.674574885880142e-05, 1.5823778275099868e-05]
B1: 0.16662401061391208 - 0.6665622372078616 - 0.16667055583387302 - -1.330416288426202e-05
B2: 0.16661462581717917 - 0.6665899571203173 - 0.16657549695864593 - -5.0759680503887107e-05
