Number: 186
Error: 8.113930829651148e-06
A1: [3.305439960284552e-06, 3.3799047359702648e-06, 3.540435128438899e-06, 3.317089942663288e-06] - [0.20835058004392687, 0.33335052032406287, -0.041649154023903255, 1.7297104546536854e-05] - [0.16667136618689224, 0.6666713284512645, 0.16667139713841245, 4.713558589803652e-06] - [-3.4460418387278294e-07, -3.073689672774926e-07, -2.701087353644874e-07, -3.443089866350918e-07]
A2: [0.16664667201089933, -0.16668737847239817, -2.1394250812516964e-05, -1.999790619394245e-05] - [0.1665821845263226, 0.3332458971713576, -9.023670617800428e-05, -8.449486152986918e-05] - [0.16664401626796455, 0.8333099104745331, -2.415211815264982e-05, -2.2653508595033335e-05] - [1.0013305509376874e-06, 1.0318986707855746e-06, 1.059596587065669e-06, 1.0013299719878315e-06]
B1: 0.16671625626957126 - 0.666645508364659 - 0.16658545086738533 - 5.069361684282893e-05
B2: 0.16671220113559615 - 0.6667273931285358 - 0.1667430475458247 - 4.561934275981838e-05
