Number: 2921
Error: 4.2259596549359005e-06
A1: [-1.186597270217484e-05, -1.1562149114533526e-05, -9.887764517003233e-06, -1.1619716141680025e-05] - [0.20829979645384727, 0.3332992520132276, -0.04169516124845572, -3.245185482442081e-05] - [0.1666521215711418, 0.6666526033982095, 0.16665477672342058, -1.4241247906377067e-05] - [-5.549635207596569e-06, -4.954480876028418e-06, -4.359111499447114e-06, -5.544908489182087e-06]
A2: [0.16669121630014433, -0.166641321686411, 2.570564432412451e-05, 2.4497480329970754e-05] - [0.16669459230362624, 0.3333622550349853, 2.8408576974918407e-05, 2.7721149555261175e-05] - [0.16664955910698068, 0.8333157255927159, -1.8409039763724824e-05, -1.71576507356202e-05] - [1.5684270940449798e-05, 1.6163646755862198e-05, 1.6598110254334687e-05, 1.5684269222195014e-05]
B1: 0.16662431403950376 - 0.6665632495403091 - 0.1666707764619863 - -1.3258756663563973e-05
B2: 0.16661496538467177 - 0.6665904359355312 - 0.16657604520796984 - -5.0431381725450246e-05
