Number: 1024
Error: 7.625965918248812e-06
A1: [4.4686273415678287e-07, 3.8501890842632026e-07, 8.027870800771104e-07, 5.288207662523973e-07] - [0.2083432942716189, 0.3333421599190902, -0.041656828730556136, 1.0321130357545903e-05] - [0.16666781048027246, 0.6666676760857746, 0.1666681337869354, 1.2446366302799664e-06] - [-1.939774450074042e-06, -1.7315692842612307e-06, -1.5232464035540808e-06, -1.9381151540297023e-06]
A2: [0.16665147540154754, -0.16668238026494692, -1.6319873183321737e-05, -1.5209506785235545e-05] - [0.16658215212624192, 0.3332460222117139, -9.036525683187562e-05, -8.458604021768113e-05] - [0.16663732304292084, 0.8333030428715137, -3.127556309657589e-05, -2.9361131084721795e-05] - [5.499997546606792e-06, 5.668075578762624e-06, 5.820390406085393e-06, 5.499994875131068e-06]
B1: 0.16670879693686735 - 0.6666150915119695 - 0.16658045335444688 - 5.155215512545015e-05
B2: 0.1667012684395083 - 0.6667109297104555 - 0.16672325140993863 - 3.50498911589645e-05
