Number: 2316
Error: 6.907871147656861e-06
A1: [-4.030647019015389e-06, -4.3092367372913005e-06, -3.5015289633718945e-06, -3.8402326337641205e-06] - [0.2083317706927328, 0.3333289535973787, -0.041669003951010045, -7.245542109840121e-07] - [0.16666225394976275, 0.6666619642140649, 0.16666301522157326, -4.178044025340746e-06] - [-4.398839460170307e-06, -3.927043393366324e-06, -3.4550469277771536e-06, -4.395087756741184e-06]
A2: [0.16665891536058064, -0.16667463775132607, -8.457812896918182e-06, -7.792660489911495e-06] - [0.16658227063255812, 0.3332463915104592, -9.037937999870048e-05, -8.455816916454943e-05] - [0.16662705293838498, 0.8332925057304672, -4.220551460003501e-05, -3.965344105138005e-05] - [1.243463746014388e-05, 1.2814683005034335e-05, 1.3159111327140329e-05, 1.2434634562412434e-05]
B1: 0.16669565771836056 - 0.6665667125731813 - 0.166571413904174 - 5.1237826937758176e-05
B2: 0.16668623681900147 - 0.6666871372908624 - 0.16669406813016274 - 2.057835105164227e-05
