Number: 2667
Error: 4.0872454352120235e-06
A1: [-1.0971079590267682e-05, -1.062379313948536e-05, -9.025199118018402e-06, -1.074615589176952e-05] - [0.2083021213636493, 0.33330191117727076, -0.04169270130608703, -3.0220944331668792e-05] - [0.16665322863701484, 0.6666537418913848, 0.1666557994981591, -1.3160504284520201e-05] - [-5.0663806934143775e-06, -4.523032365764905e-06, -3.979473221082008e-06, -5.062063087315212e-06]
A2: [0.16668976115329323, -0.16664283642447952, 2.4167252446965375e-05, 2.3046874216916654e-05] - [0.1666945942397466, 0.3333622073549665, 2.843583314353125e-05, 2.77408947582645e-05] - [0.1666515833964793, 0.833317802339018, -1.6255132965058153e-05, -1.512899702979977e-05] - [1.4321269425047845e-05, 1.475898350605525e-05, 1.5155683228930752e-05, 1.4321267111071513e-05]
B1: 0.16662685059731036 - 0.6665727291074698 - 0.16667253898387632 - -1.3243244931839115e-05
B2: 0.1666178380274884 - 0.6665950769294144 - 0.1665817950873111 - -4.766878179150677e-05
