Number: 805
Error: 3.055017497410528e-06
A1: [-4.510201732941532e-06, -3.850104408380633e-06, -2.813009802428108e-06, -4.4415847951061535e-06] - [0.20831876299496124, 0.3333209795657849, -0.04167511716350969, -1.4268052371619607e-05] - [0.1666612435139136, 0.6666619812443073, 0.16666318443708217, -5.338527509400688e-06] - [-1.5233925693333487e-06, -1.3598197248639826e-06, -1.1961501118048137e-06, -1.5220887819151224e-06]
A2: [0.16667904873438968, -0.16665398475552018, 1.284658287256043e-05, 1.2367743282254114e-05] - [0.16669445973704822, 0.33336171194480013, 2.849286628692735e-05, 2.773693014055447e-05] - [0.16666639246618054, 0.8333329963889727, -4.94997628512985e-07, -2.8794535750284315e-07] - [4.327534528330349e-06, 4.459774700719281e-06, 4.579610913736389e-06, 4.327532259961206e-06]
B1: 0.16664566878180403 - 0.6666423583124604 - 0.1666855010316599 - -1.2907317470684185e-05
B2: 0.166639503655119 - 0.6666293937559589 - 0.1666239109704521 - -2.680981223007719e-05
