Number: 1572
Error: 7.319478219769776e-06
A1: [-1.438564306666172e-06, -1.59151361002721e-06, -1.0075158580838976e-06, -1.3106160455457021e-06] - [0.20833846201001027, 0.333336617263549, -0.04166193068101935, 5.691518225164794e-06] - [0.166665467614946, 0.6666652681676765, 0.1666659783754849, -1.0414660915584997e-06] - [-2.982826931820732e-06, -2.6628196192570616e-06, -2.342650872769724e-06, -2.9802786073241105e-06]
A2: [0.16665463543209355, -0.16667909205284728, -1.2981114036517157e-05, -1.2059279519581954e-05] - [0.1665822156662634, 0.33324619167402536, -9.035889679155633e-05, -8.456094116493104e-05] - [0.16663296937486757, 0.8332985758653717, -3.5909252843538476e-05, -3.3724216355857964e-05] - [8.44152074255235e-06, 8.699511161180165e-06, 8.933313632496087e-06, 8.441517518509806e-06]
B1: 0.1667032139536869 - 0.6665945681824516 - 0.16657662335128717 - 5.1408928481019153e-05
B2: 0.16669479921069066 - 0.6667007877607356 - 0.1667108685931604 - 2.8818214007249606e-05
