Number: 1973
Error: 3.7061604240434233e-06
A1: [-8.557130816878722e-06, -8.092832577082682e-06, -6.703076873322164e-06, -8.390467551369646e-06] - [0.20830834806021975, 0.3333090440929586, -0.041686119818179206, -2.4250967435556e-05] - [0.1666562219810086, 0.6666568193298065, 0.16665855895298634, -1.0239056002023024e-05] - [-3.745924212317829e-06, -3.344124289688581e-06, -2.942138897766678e-06, -3.7427268681559166e-06]
A2: [0.16668577405727375, -0.16664698608999617, 1.9953239877901878e-05, 1.907218508046579e-05] - [0.16669456323234372, 0.3333620414630628, 2.847545043265797e-05, 2.7758544713326407e-05] - [0.1666571072141275, 0.8333234695673463, -1.0376988790751484e-05, -9.593256825587043e-06] - [1.0596845136903524e-05, 1.0920717189370069e-05, 1.1214231127686615e-05, 1.0596841932428755e-05]
B1: 0.1666338997902041 - 0.6665987280773763 - 0.16667743071428723 - -1.308245229650214e-05
B2: 0.1666258118518331 - 0.6666077851059594 - 0.16659743040558325 - -3.9995625030991264e-05
