Number: 515
Error: 2.888511651575355e-06
A1: [-3.498180137176759e-06, -2.7894163588978195e-06, -1.8398426717710008e-06, -3.4539153548932603e-06] - [0.2083213769530177, 0.33332397134118197, -0.0416723567382187, -1.1761389779690425e-05] - [0.1666624971300633, 0.6666632698130958, 0.16666433989127788, -4.1149654295236775e-06] - [-9.715284571649465e-07, -8.671043417367037e-07, -7.626147035474301e-07, -9.70696446923918e-07]
A2: [0.1666773858645924, -0.1666557153408644, 1.1089319359198434e-05, 1.0710057988760211e-05] - [0.16669446232518118, 0.3333616591257427, 2.8526813384670657e-05, 2.77598461407365e-05] - [0.16666870490500696, 0.8333353690048703, 1.965974609233838e-06, 2.0294727056125075e-06] - [2.770701474739124e-06, 2.855354106016324e-06, 2.932064408777158e-06, 2.770699901862306e-06]
B1: 0.16664831643078354 - 0.66665293884971 - 0.16668727356615734 - -1.3138260756039288e-05
B2: 0.16664309363548213 - 0.6666349699365968 - 0.1666307176453328 - -2.3345454561589054e-05
