Number: 2395
Error: 3.938283334210942e-06
A1: [-1.003122588789869e-05, -9.638430992766827e-06, -8.12203615532338e-06, -9.829129760598642e-06] - [0.20830453666383278, 0.3333046802423545, -0.04169014976476428, -2.7906235160076e-05] - [0.1666543955088581, 0.6666549413689554, 0.1666568740009508, -1.2021803494056523e-05] - [-4.548863441989763e-06, -4.060991955694174e-06, -3.5729171755408575e-06, -4.544984474315821e-06]
A2: [0.16668819845263647, -0.16664446278637124, 2.2515725891962035e-05, 2.1489036235007525e-05] - [0.16669458320567798, 0.33336214359561794, 2.8452760881369295e-05, 2.7748931712312926e-05] - [0.16665374898679147, 0.8333200241529947, -1.3950637056941193e-05, -1.2958733523874474e-05] - [1.2861614423965285e-05, 1.325471228641059e-05, 1.3610971251150883e-05, 1.286161163235425e-05]
B1: 0.1666296312605167 - 0.6665829386082666 - 0.16667447802580654 - -1.316229298673865e-05
B2: 0.1666209810903108 - 0.6666000560888069 - 0.16658790096588325 - -4.464356366051403e-05
