Number: 1154
Error: 7.552896018917537e-06
A1: [7.473525904073763e-09, -7.551938780576686e-08, 3.8214758770231827e-07, 1.0033431898655695e-07] - [0.20834217975423114, 0.33334087874126034, -0.04165800349495306, 9.254656822967373e-06] - [0.1666672626868756, 0.6666671133264573, 0.1666676313978966, 7.103016483995732e-07] - [-2.1872208956828166e-06, -1.9524933159317993e-06, -1.7176364836104039e-06, -2.185350490418028e-06]
A2: [0.16665222631783452, -0.16668159901938043, -1.5526718645600348e-05, -1.4460916100789409e-05] - [0.16658217024289498, 0.3332460652290143, -9.036116521191484e-05, -8.457704252933761e-05] - [0.1666362905020438, 0.8333019834096723, -3.237460066299779e-05, -3.039590581609198e-05] - [6.1978306894942836e-06, 6.387239169605938e-06, 6.558885388240056e-06, 6.197827826528194e-06]
B1: 0.16670746067033196 - 0.6666102116405506 - 0.16657953434918824 - 5.1506330347796337e-05
B2: 0.16669969331763715 - 0.6667085080297149 - 0.1667203242443559 - 3.353112241912653e-05
