Number: 2651
Error: 4.078528502563523e-06
A1: [-1.0928481135413538e-05, -1.0579230448126918e-05, -8.98618397579093e-06, -1.0704888056004247e-05] - [0.20830221234366192, 0.3333020200964798, -0.04169260805130783, -3.0135832439911197e-05] - [0.1666532844578491, 0.6666537989098865, 0.16665584844544112, -1.3106328256069966e-05] - [-5.03593721467924e-06, -4.495851795284401e-06, -3.955555915376736e-06, -5.031645397381722e-06]
A2: [0.1666896671117304, -0.16664293410352188, 2.4068206407995843e-05, 2.295311878813857e-05] - [0.16669458810676094, 0.3333621984027934, 2.8431926371134586e-05, 2.7735883981495525e-05] - [0.166651710170981, 0.8333179324549624, -1.6120116803614298e-05, -1.5001947534587848e-05] - [1.4235416207482352e-05, 1.467050606091104e-05, 1.5064827115196654e-05, 1.4235413860849588e-05]
B1: 0.16662705562675517 - 0.6665733693682405 - 0.16667269100414372 - -1.3196984833894598e-05
B2: 0.16661806613936525 - 0.6665953734992867 - 0.1665821162012188 - -4.7447606007671475e-05
