Number: 1461
Error: 3.4227928720130478e-06
A1: [-6.786212802737871e-06, -6.236163076020722e-06, -5.001068006350771e-06, -6.6625244139290745e-06] - [0.20831290144161668, 0.33331426369039924, -0.04168130942605691, -1.98869495979115e-05] - [0.16665842021798866, 0.6666590790171714, 0.16666058342414308, -8.093856187477113e-06] - [-2.771694696498456e-06, -2.4743228084780268e-06, -2.176797162839652e-06, -2.769326135137902e-06]
A2: [0.1666828258646755, -0.16665005413260742, 1.683782975010333e-05, 1.6133145823434826e-05] - [0.16669451714525912, 0.3333618961291588, 2.8482040491588153e-05, 2.7748352163641502e-05] - [0.16666117732698515, 0.8333276455219043, -6.045388463264838e-06, -5.514349803149705e-06] - [7.84883279609399e-06, 8.088707589535243e-06, 8.306091527163288e-06, 7.848829627261604e-06]
B1: 0.1666391325835867 - 0.666617926538739 - 0.16668104118797972 - -1.2931808119086909e-05
B2: 0.16663175859899107 - 0.6666171932537409 - 0.16660896491317242 - -3.427068840971958e-05
