Number: 517
Error: 2.8896662336791873e-06
A1: [-3.500542633977862e-06, -2.791853574702635e-06, -1.8414154737165267e-06, -3.4561143289559056e-06] - [0.2083213775230248, 0.33332397035595385, -0.041672355077922926, -1.1760097614364582e-05] - [0.1666624931519571, 0.6666632658574734, 0.16666433711714448, -4.118740731198494e-06] - [-9.753343902234314e-07, -8.705024737503505e-07, -7.656048059391163e-07, -9.744991240368753e-07]
A2: [0.1666773980808808, -0.16665570269753854, 1.1102104591311194e-05, 1.0722238488568578e-05] - [0.16669446420282458, 0.33336166127900524, 2.852825597549397e-05, 2.7761583464602785e-05] - [0.16666868915361063, 0.8333353528250822, 1.9491713230266216e-06, 2.0136869397836097e-06] - [2.7814362267449863e-06, 2.8664169891363684e-06, 2.9434246548206757e-06, 2.7814346484576422e-06]
B1: 0.16664828415651242 - 0.6666528524207723 - 0.16668724843619548 - -1.3150696268906132e-05
B2: 0.16664305221554404 - 0.6666349292184047 - 0.16663068363732664 - -2.3386007124508756e-05
