Number: 1344
Error: 7.446548297921348e-06
A1: [-6.455555830914242e-07, -7.600958575922982e-07, -2.4475376793498744e-07, -5.367498416182249e-07] - [0.20834050707424231, 0.333338959919633, -0.04165976935337535, 7.652236091200552e-06] - [0.1666664510672942, 0.66666627919283, 0.16666688485392697, -8.163795640796435e-08] - [-2.548865229818696e-06, -2.275374116418475e-06, -2.001738197674284e-06, -2.546686514566161e-06]
A2: [0.1666533221675475, -0.1666804587340651, -1.43689153955701e-05, -1.3368465337525628e-05] - [0.16658219294270118, 0.3332461246328332, -9.035833355425626e-05, -8.456767071185053e-05] - [0.16663478114047597, 0.8333004347487092, -3.398105670407672e-05, -3.190853242342617e-05] - [7.2177112639246926e-06, 7.438294051911545e-06, 7.638193422209651e-06, 7.217708188464948e-06]
B1: 0.16670552407855566 - 0.6666030953393872 - 0.16657820626379752 - 5.145579006712036e-05
B2: 0.16669744608718304 - 0.666704989540678 - 0.1667160310646697 - 3.136625455203788e-05
