Number: 440
Error: 7.960854800853583e-06
A1: [2.474778561569611e-06, 2.5104419187608892e-06, 2.751459225354085e-06, 2.507704984463122e-06] - [0.20834851718511163, 0.33334814172047494, -0.04165131480472856, 1.53280067527156e-05] - [0.16667032526235198, 0.6666702606966037, 0.16667044976960887, 3.6989044122495704e-06] - [-8.281305114886067e-07, -7.390736116219235e-07, -6.49960071415246e-07, -8.274212176552642e-07]
A2: [0.16664812192258036, -0.1666858701227013, -1.9863410137763957e-05, -1.855253840675715e-05] - [0.16658214008959832, 0.3332458984255724, -9.03142551521068e-05, -8.455711356664724e-05] - [0.16664197624527163, 0.8333078171944086, -2.6323316851715572e-05, -2.4697894775796446e-05] - [2.364933915995997e-06, 2.4371831600274808e-06, 2.502653158841251e-06, 2.3649325548650457e-06]
B1: 0.16671424002518787 - 0.6666364985234052 - 0.16658411090485212 - 5.1198194528851666e-05
B2: 0.1667084769163827 - 0.6667221067680561 - 0.16673687267170248 - 4.200522316007912e-05
