Number: 555
Error: 2.9117530465158023e-06
A1: [-3.641249502484386e-06, -2.9393694104056534e-06, -1.977894573498166e-06, -3.5936224445956525e-06] - [0.20832100245708393, 0.33332354403691017, -0.041672752826673265, -1.2121072952727763e-05] - [0.16666232073243417, 0.6666630884179738, 0.16666417668099584, -4.287214258178053e-06] - [-1.0476484104608242e-06, -9.350658037760146e-07, -8.224131341227455e-07, -1.0467512869329477e-06]
A2: [0.16667761407082793, -0.1666554777800759, 1.1330577456601872e-05, 1.0937549144702137e-05] - [0.166694458054076, 0.33336166251443927, 2.851826272921512e-05, 2.775277133337776e-05] - [0.1666683851538246, 0.8333350409478821, 1.625727434128171e-06, 1.7090347840776094e-06] - [2.985445431983642e-06, 3.0766621230499792e-06, 3.1593209937359185e-06, 2.985443752817008e-06]
B1: 0.16664798027186078 - 0.6666515060832264 - 0.1666870533073286 - -1.3077373370499581e-05
B2: 0.1666425961825817 - 0.666634187805885 - 0.16662975453823675 - -2.3825581103796697e-05
