Number: 2948
Error: 6.5611476200526585e-06
A1: [-6.252317523559106e-06, -6.638745805055044e-06, -5.642138455959463e-06, -6.008825382987498e-06] - [0.20832600671081367, 0.3333223591086182, -0.04167510150927533, -6.254659190895626e-06] - [0.16665950404585783, 0.6666591364734858, 0.16666047579133497, -6.86245404384113e-06] - [-5.6015969263520954e-06, -5.0008628641379205e-06, -4.39991358455792e-06, -5.596826246384859e-06]
A2: [0.16666254006107786, -0.1666708647699425, -4.626031825489265e-06, -4.179265779015487e-06] - [0.1665822799677489, 0.3332465243608324, -9.043315675621582e-05, -8.459317501146769e-05] - [0.16662201912857053, 0.8332873414199731, -4.756184650272087e-05, -4.4698116496010895e-05] - [1.582619515038052e-05, 1.630990750884291e-05, 1.674830179849398e-05, 1.5826193504725956e-05]
B1: 0.16668931760885078 - 0.6665431058893332 - 0.16656701911013844 - 5.117080279983102e-05
B2: 0.16667906198999694 - 0.6666755783185419 - 0.16667976793081418 - 1.367750922230435e-05
