Number: 1452
Error: 7.386255596637357e-06
A1: [-1.0350873023842916e-06, -1.1685995574270267e-06, -6.215139715141624e-07, -9.172006897095364e-07] - [0.20833948239794722, 0.33333779114530643, -0.041660855366738046, 6.667567028782908e-06] - [0.16666597117980797, 0.6666657854581715, 0.166666439856012, -5.503214755608143e-07] - [-2.7544244392351983e-06, -2.4588991550288265e-06, -2.1632209130514317e-06, -2.752070599768439e-06]
A2: [0.1666539419165177, -0.16667981356634878, -1.3713621351724927e-05, -1.2750648394365917e-05] - [0.16658219768014731, 0.33324615066657265, -9.036400291535579e-05, -8.457050931025577e-05] - [0.1666339222503939, 0.833299553575575, -3.489502408954065e-05, -3.276927851493754e-05] - [7.797417198928423e-06, 8.035719590813228e-06, 8.251678407059874e-06, 7.797414038587436e-06]
B1: 0.1667044770352253 - 0.6665991014281193 - 0.1665774998061428 - 5.148086025465621e-05
B2: 0.1666962378777951 - 0.6667030014863288 - 0.1667135422661594 - 3.0204860725405308e-05
