Number: 989
Error: 3.1589682913946047e-06
A1: [-5.1329442150001165e-06, -4.502778541561049e-06, -3.4092099341956106e-06, -5.04889507423885e-06] - [0.20831718209654765, 0.3333191627967455, -0.04167678330493208, -1.578094847126962e-05] - [0.16666046750269461, 0.6666611840326165, 0.16666247265538733, -6.095489202895632e-06] - [-1.8735341619421688e-06, -1.6724327770123524e-06, -1.471216755780728e-06, -1.87193138481215e-06]
A2: [0.1666801100976639, -0.16665288050533233, 1.396766568062894e-05, 1.342581694480887e-05] - [0.16669447945173754, 0.33336176673170337, 2.8492458080677595e-05, 2.7743746214645924e-05] - [0.16666492958653611, 0.8333314953624177, -2.0520641377335187e-06, -1.7539846235534313e-06] - [5.3152552108879376e-06, 5.477686875193078e-06, 5.6248845652961955e-06, 5.3152525942082426e-06]
B1: 0.1666438236932571 - 0.666635493142728 - 0.16668423736081234 - -1.292599340948052e-05
B2: 0.16663724292381166 - 0.6666259324297625 - 0.16661973148971615 - -2.899083217180562e-05
