Number: 2334
Error: 6.897947526846208e-06
A1: [-4.099535866488468e-06, -4.381512593216635e-06, -3.568740019829389e-06, -3.907604347896337e-06] - [0.20833158391982098, 0.33332874190054695, -0.04166920276378181, -9.046443064388192e-07] - [0.16666216995618974, 0.6666618776849885, 0.16666293658594522, -4.260166736214382e-06] - [-4.433094814823146e-06, -3.957626365209026e-06, -3.4819568627827074e-06, -4.429314050171512e-06]
A2: [0.1666590177414181, -0.16667453109953564, -8.349436492290643e-06, -7.69060165186569e-06] - [0.1665822687948444, 0.3332463933163426, -9.038275777043683e-05, -8.456126970043004e-05] - [0.16662690937656188, 0.8332923584670773, -4.2358230919520935e-05, -3.979731230599152e-05] - [1.2531238241023823e-05, 1.2914236499887057e-05, 1.326134114556192e-05, 1.2531235366590873e-05]
B1: 0.16669549519796453 - 0.6665660577374614 - 0.16657130572443485 - 5.1253990317140134e-05
B2: 0.1666860514042254 - 0.6666868095100098 - 0.16669364381410465 - 2.0400738819904623e-05
