Number: 1397
Error: 3.3871480791584788e-06
A1: [-6.5438328204413406e-06, -5.981888368164178e-06, -4.764951542196726e-06, -6.42553658879834e-06] - [0.20831355522761777, 0.333315005488084, -0.04168061404884997, -1.9256915479319922e-05] - [0.16665871622590517, 0.6666593838949265, 0.16666086008591058, -7.804498579180171e-06] - [-2.649913565815282e-06, -2.365595829520319e-06, -2.0811290807770484e-06, -2.6476487393996498e-06]
A2: [0.16668246071512707, -0.16665043443849878, 1.645141834029479e-05, 1.5769140292690765e-05] - [0.1666945200101741, 0.33336188613289586, 2.849055197463197e-05, 2.7755703130420432e-05] - [0.1666616870016044, 0.833328168373311, -5.503139036813632e-06, -5.003576164993922e-06] - [7.505301111481763e-06, 7.734675312105257e-06, 7.942542431217278e-06, 7.505297988432042e-06]
B1: 0.16663971493630497 - 0.6666202572374682 - 0.16668142592526972 - -1.2984795074522058e-05
B2: 0.1666324341779008 - 0.6666183669792316 - 0.16661047350521266 - -3.362282973806921e-05
