Number: 2199
Error: 3.830626011393656e-06
A1: [-9.347612171817833e-06, -8.921665537858055e-06, -7.464146069201083e-06, -9.161971826521826e-06] - [0.20830630272032197, 0.3333067026568736, -0.04168828266272469, -2.6212688927608465e-05] - [0.16665524277556806, 0.6666558124917483, 0.16665765542412386, -1.1194843511865541e-05] - [-4.175938529464395e-06, -3.7280433262562956e-06, -3.2799521762846116e-06, -4.172375980131472e-06]
A2: [0.16668707264118174, -0.16664563452695605, 2.132579558431592e-05, 2.036672872831591e-05] - [0.16669457493269163, 0.33336209718601156, 2.8464347019679774e-05, 2.7754400478484853e-05] - [0.16665530903811993, 0.8333216247012557, -1.229052731310125e-05, -1.1395315057202127e-05] - [1.180975416984265e-05, 1.2170700506167484e-05, 1.24978175734185e-05, 1.1809751136792029e-05]
B1: 0.16663161645342056 - 0.6665902756390425 - 0.1666758539389351 - -1.3122536420868513e-05
B2: 0.16662322676218752 - 0.666603644651409 - 0.16659232234774385 - -4.24828057971837e-05
