Number: 2991
Error: 4.264124269695314e-06
A1: [-1.2115235128401072e-05, -1.1823537004153332e-05, -1.0128413254916129e-05, -1.1863097002681313e-05] - [0.20829914510033876, 0.3332985079465736, -0.04169585100852315, -3.307729307811944e-05] - [0.1666518138092226, 0.6666522868255916, 0.16665449189094764, -1.4541753316115747e-05] - [-5.682812913531404e-06, -5.073381268956729e-06, -4.463733888791536e-06, -5.6779735322949375e-06]
A2: [0.16669161666269708, -0.16664090487945954, 2.612899351640332e-05, 2.4896591520424477e-05] - [0.166694589785411, 0.333362266247835, 2.8399200459271263e-05, 2.7713723298135494e-05] - [0.16664900089648174, 0.8333151529324861, -1.900295723966646e-05, -1.7717064016228682e-05] - [1.6059891192833695e-05, 1.6550748255273543e-05, 1.6995618961217183e-05, 1.6059889664105694e-05]
B1: 0.1666236244808101 - 0.6665606455865338 - 0.1666702982315995 - -1.3253541203611728e-05
B2: 0.16661418314277865 - 0.6665891581243419 - 0.16657445311609395 - -5.118329737650424e-05
