Number: 2715
Error: 4.113506007024116e-06
A1: [-1.1146797970139384e-05, -1.0808096350208196e-05, -9.195550657193513e-06, -1.0917836490259491e-05] - [0.20830165541158432, 0.33330138056394476, -0.04169319576499753, -3.066910715488718e-05] - [0.1666530127541445, 0.6666535196943679, 0.16665559879476516, -1.3371406388988746e-05] - [-5.157704468745532e-06, -4.604565793815656e-06, -4.0512152956078295e-06, -5.153309514255343e-06]
A2: [0.16669003511503244, -0.16664255114525683, 2.445706073670485e-05, 2.331997791227297e-05] - [0.1666945913091876, 0.3333622139483604, 2.842842125921907e-05, 2.7734598938511677e-05] - [0.166651200605991, 0.8333174096533629, -1.6662380986690154e-05, -1.5512612175802024e-05] - [1.457885304636003e-05, 1.5024440471327317e-05, 1.542827681662774e-05, 1.457885083392778e-05]
B1: 0.1666263924677708 - 0.6665709582050723 - 0.1666722257400068 - -1.3224933571017849e-05
B2: 0.16661731758253215 - 0.6665942017207 - 0.1665806885996644 - -4.8168433477243484e-05
