Number: 2783
Error: 4.150620835306989e-06
A1: [-1.1369772950223154e-05, -1.1041774580553775e-05, -9.408006290786582e-06, -1.1135116198714929e-05] - [0.20830109986401357, 0.3333007392873378, -0.04169377995165868, -3.119955355260364e-05] - [0.16665273314901988, 0.6666532326182841, 0.1666553436409519, -1.3643980622739792e-05] - [-5.287082614251944e-06, -4.720075178018983e-06, -4.1528546588382815e-06, -5.2825781085013925e-06]
A2: [0.16669042755864333, -0.16664214288824294, 2.4871502000775014e-05, 2.3711205767732437e-05] - [0.1666945983662547, 0.3333622339194412, 2.8427938938423354e-05, 2.7736887769131557e-05] - [0.1666506595707231, 0.8333168545298704, -1.7238209473900428e-05, -1.6054815911374144e-05] - [1.4943745339122168e-05, 1.5400486153525217e-05, 1.5814432309995763e-05, 1.49437432792878e-05]
B1: 0.1666256587949569 - 0.6665683683590969 - 0.16667170446672933 - -1.3283724507440778e-05
B2: 0.16661649167724377 - 0.6665929541547875 - 0.16657919878372898 - -4.896487327253111e-05
