Number: 654
Error: 7.836395586100241e-06
A1: [1.7430100248814945e-06, 1.743738810374103e-06, 2.05032211357519e-06, 1.79389284397534e-06] - [0.20834664941303396, 0.33334599902394135, -0.04165328288833773, 1.3539355073793742e-05] - [0.1666694154155405, 0.666669326043618, 0.16666961433806496, 2.811221791171112e-06] - [-1.2354912867246928e-06, -1.1027737980859737e-06, -9.699754888062244e-07, -1.2344335531714357e-06]
A2: [0.16664934916741705, -0.16668459309633618, -1.8566902611833344e-05, -1.7329121885478367e-05] - [0.1665821346935221, 0.3332459333371921, -9.034400749685948e-05, -8.457751981813115e-05] - [0.16664026784237143, 0.8333060642808255, -2.814154621136646e-05, -2.640997427786762e-05] - [3.513772460283065e-06, 3.621138063181053e-06, 3.7184316983433717e-06, 3.513770535759996e-06]
B1: 0.16671232191594368 - 0.6666287203211201 - 0.16658282666873822 - 5.140425048301993e-05
B2: 0.1667057046639675 - 0.6667179164793943 - 0.16673182528395566 - 3.9325732175741647e-05
