Number: 625
Error: 2.952187439564936e-06
A1: [-3.891462450604759e-06, -3.2016421564922075e-06, -2.2193538855185025e-06, -3.837951576575686e-06] - [0.20832034766811186, 0.3333227967856948, -0.04167344549844375, -1.2749940155629914e-05] - [0.16666201216787702, 0.6666627710975301, 0.16666389117330876, -4.588518595341426e-06] - [-1.180857756219064e-06, -1.053997749898559e-06, -9.270599149522288e-07, -1.1798467161013583e-06]
A2: [0.16667801398453394, -0.16665506148362555, 1.175335507075568e-05, 1.1336211460913129e-05] - [0.16669445285578313, 0.33336167077187834, 2.8505671352068365e-05, 2.774266652407078e-05] - [0.16666782617006054, 0.8333344674420825, 1.0309003021012367e-06, 1.148849203829018e-06] - [3.361242037260614e-06, 3.4639456646686377e-06, 3.5570144297542097e-06, 3.361240179955723e-06]
B1: 0.1666473753994564 - 0.666648983939472 - 0.1666866548243502 - -1.2987404920711235e-05
B2: 0.16664173794946852 - 0.6666328317634928 - 0.1666280821331695 - -2.4653492984091086e-05
