Number: 1269
Error: 3.3158397874485904e-06
A1: [-6.106955537316101e-06, -5.52391687973224e-06, -4.345991264617853e-06, -5.999397832161552e-06] - [0.20831466994089862, 0.33331628536916325, -0.04167943786117532, -1.8189521481341722e-05] - [0.16665925985100885, 0.6666599425355443, 0.16666135957027886, -7.274127973163926e-06] - [-2.406346587496254e-06, -2.1481357673773117e-06, -1.889785949559599e-06, -2.4042893268664262e-06]
A2: [0.16668172221070893, -0.16665120284785784, 1.567122882334166e-05, 1.5032924262924934e-05] - [0.16669450429418634, 0.3333618457733453, 2.8488350837012764e-05, 2.7748960494703744e-05] - [0.16666270386018212, 0.8333292117179114, -4.420857184640751e-06, -3.9845192917511144e-06] - [6.818250082194924e-06, 7.026623407795635e-06, 7.215457351504858e-06, 6.818247078187467e-06]
B1: 0.1666410329767222 - 0.6666250648529469 - 0.1666823344638178 - -1.2937306940845396e-05
B2: 0.16663395283648122 - 0.6666207326363527 - 0.16661335135320762 - -3.215962368799715e-05
