Number: 723
Error: 3.0083234721740433e-06
A1: [-4.222311540795722e-06, -3.548321025349816e-06, -2.5358409371347673e-06, -4.160582000593307e-06] - [0.20831950918487657, 0.3333218331104973, -0.04167432851029208, -1.3552207879266015e-05] - [0.1666615997807277, 0.6666623475230944, 0.16666351320629083, -4.990760330748327e-06] - [-1.3673495450579397e-06, -1.2205016202747137e-06, -1.0735653733899558e-06, -1.366179088174092e-06]
A2: [0.1666785780540443, -0.166654474619035, 1.2349141002466135e-05, 1.189852888621553e-05] - [0.16669445793077275, 0.33336169434712304, 2.849968449244268e-05, 2.774087177081427e-05] - [0.16666704555592649, 0.8333336664682731, 2.000413335958323e-07, 3.6655234710535316e-07] - [3.887336433120552e-06, 4.006121133952059e-06, 4.1137632899584614e-06, 3.887334343514817e-06]
B1: 0.1666464369708446 - 0.6666453671810985 - 0.16668601699048702 - -1.295309416271946e-05
B2: 0.16664049243253534 - 0.666630949734294 - 0.16662582085610939 - -2.5856555553878716e-05
