Number: 1543
Error: 3.468338810037862e-06
A1: [-7.073523324487703e-06, -6.537410952495503e-06, -5.2777487398037896e-06, -6.942948555986063e-06] - [0.20831215735823072, 0.3333134120891416, -0.04168209630706046, -2.0600690643768252e-05] - [0.16665806443609124, 0.6666587131878682, 0.16666025506242216, -8.441139968280617e-06] - [-2.9277267461452833e-06, -2.6136299109776655e-06, -2.2993734925899406e-06, -2.9252253180069864e-06]
A2: [0.16668329762742384, -0.16664956314567336, 1.7336433490026025e-05, 1.6603442630440886e-05] - [0.16669452368048773, 0.333361918632575, 2.8480289413979583e-05, 2.7749138924025747e-05] - [0.16666052547318877, 0.8333269767244857, -6.739105053620772e-06, -6.167611912048183e-06] - [8.288964279313547e-06, 8.542292402363046e-06, 8.771869352919218e-06, 8.288961065240947e-06]
B1: 0.1666383085250561 - 0.6666148657743278 - 0.16668047700848884 - -1.2941905961255068e-05
B2: 0.1666308155915337 - 0.6666156844175977 - 0.16660710343896384 - -3.517817311453526e-05
