Number: 2299
Error: 3.88560308981035e-06
A1: [-9.703732604082494e-06, -9.295112478789278e-06, -7.807966484314592e-06, -9.509689376167142e-06] - [0.20830537211998443, 0.3333056396014042, -0.0416892681359746, -2.710626582062081e-05] - [0.1666548030823452, 0.6666553602104591, 0.16665724849205385, -1.1624168970745411e-05] - [-4.366206480677237e-06, -3.897914964582904e-06, -3.4294235512345774e-06, -4.362482458466466e-06]
A2: [0.16668764587586282, -0.16664503779682982, 2.193187167121545e-05, 2.0938175734452928e-05] - [0.1666945762326622, 0.3333621181069148, 2.8455850999075513e-05, 2.7748689605168345e-05] - [0.16665451280057508, 0.8333208078217896, -1.3137774141893862e-05, -1.219327045107372e-05] - [1.2346426344011585e-05, 1.2723776787856006e-05, 1.306576233973257e-05, 1.2346423423409013e-05]
B1: 0.16663062738036008 - 0.6665865551969704 - 0.16667517407096616 - -1.3119015369839659e-05
B2: 0.16662210582069611 - 0.666601815689995 - 0.16659004434332536 - -4.3560426157804096e-05
