Number: 1801
Error: 3.6111742746996347e-06
A1: [-7.949343051504119e-06, -7.455510753136003e-06, -6.116983257094179e-06, -7.797128742054123e-06] - [0.2083099295689805, 0.33331085233916025, -0.04168444610637365, -2.273312204069929e-05] - [0.16665697346153033, 0.6666575921891639, 0.16665925353254077, -9.505404580570327e-06] - [-3.4186504706376884e-06, -3.0519321734850272e-06, -2.6850378237670834e-06, -3.4157313255298515e-06]
A2: [0.16668478624038832, -0.16664801427955242, 1.8909019938986868e-05, 1.8087443044788324e-05] - [0.1666945549485398, 0.3333619995417162, 2.848424972903993e-05, 2.7762319129749234e-05] - [0.16665847553514176, 0.833324873407029, -8.920901653241283e-06, -8.221981440205789e-06] - [9.673708001923756e-06, 9.969363003001683e-06, 1.0237302284872073e-05, 9.67370474379243e-06]
B1: 0.1666356174815351 - 0.6666051402602552 - 0.1666786093444168 - -1.3072059842907308e-05
B2: 0.1666277612854727 - 0.6666109375117849 - 0.16660133951899184 - -3.8120703328263327e-05
