Number: 1602
Error: 7.3027923932191855e-06
A1: [-1.5454174861937238e-06, -1.7035630371554108e-06, -1.110674220879882e-06, -1.414948101498975e-06] - [0.20833818280710698, 0.3333362983302548, -0.04166222632917691, 5.423423127881286e-06] - [0.16666533567456526, 0.66666513245546, 0.16666585627521702, -1.1702956644599406e-06] - [-3.0399258278299446e-06, -2.7137979432484267e-06, -2.387506600971861e-06, -3.0373289001911787e-06]
A2: [0.16665480777172756, -0.1666789126626955, -1.279892172053716e-05, -1.188747655883045e-05] - [0.16658221743947577, 0.33324619933805594, -9.036006552626524e-05, -8.456127246181918e-05] - [0.16663273083227076, 0.8332983311307647, -3.616309957477634e-05, -3.3963274543971e-05] - [8.602544466520287e-06, 8.865456814177178e-06, 9.103720162185063e-06, 8.602541231616136e-06]
B1: 0.16670291732909168 - 0.6665934531009696 - 0.16657642154089464 - 5.1410106129631055e-05
B2: 0.1666944605798557 - 0.6667002367011805 - 0.16671018285776726 - 2.8492587787355068e-05
