Number: 669
Error: 2.977443913924806e-06
A1: [-4.039063964350332e-06, -3.3562930265036266e-06, -2.360391308452953e-06, -3.981863974390608e-06] - [0.20831997501695657, 0.3333223681577548, -0.041673837678253486, -1.3106334925758232e-05] - [0.1666618279737515, 0.6666625819383678, 0.16666372254888226, -4.768158537234669e-06] - [-1.2645889230356515e-06, -1.1287547815000398e-06, -9.928380457917601e-07, -1.263506298496891e-06]
A2: [0.16667826729018206, -0.16665479795442356, 1.2020878627528796e-05, 1.1588730451592792e-05] - [0.16669445508753994, 0.33336168127681587, 2.8502870435126828e-05, 2.7741813890417915e-05] - [0.16666747561738543, 0.8333341077427883, 6.577778132626647e-07, 7.975410208639081e-07] - [3.5974486967991435e-06, 3.707372431239525e-06, 3.8069843648464207e-06, 3.5974467327066755e-06]
B1: 0.1666469545163958 - 0.6666473603042545 - 0.16668636843418225 - -1.2971552481982738e-05
B2: 0.16664117265232578 - 0.6666319836507474 - 0.16662706688596882 - -2.519972881420102e-05
