Number: 2222
Error: 6.959651220751183e-06
A1: [-3.705499804947327e-06, -3.968346513228509e-06, -3.1890324681752747e-06, -3.5229751291451237e-06] - [0.2083326066654317, 0.333329911897141, -0.041668120763534176, 7.665264090222877e-08] - [0.16666265760729929, 0.6666623791478056, 0.16666338696940913, -3.7841231787667528e-06] - [-4.2199400780603654e-06, -3.767321505482513e-06, -3.3145061698640007e-06, -4.216340186697028e-06]
A2: [0.16665837472334402, -0.1666752003996262, -9.029159328290688e-06, -8.331616160912398e-06] - [0.16658226454912173, 0.33324636717269435, -9.037583296186482e-05, -8.455765787939557e-05] - [0.16662780078896103, 0.8332932730051853, -4.140966451980462e-05, -3.890397458237239e-05] - [1.1930162056763607e-05, 1.22947876666822e-05, 1.2625239520166474e-05, 1.1930159049254503e-05]
B1: 0.16669661985011286 - 0.6665702403985034 - 0.16657208165999363 - 5.1266921864839206e-05
B2: 0.16668732391063307 - 0.6666888599379954 - 0.1666961810697255 - 2.162469179441854e-05
