Number: 2041
Error: 3.74367064196886e-06
A1: [-8.804097852924754e-06, -8.351851457112223e-06, -6.942218578462273e-06, -8.631715878545912e-06] - [0.20830769590868894, 0.3333083007873064, -0.041686811449932096, -2.487792413352056e-05] - [0.1666559181349382, 0.6666565066517361, 0.16665827684214535, -1.0535847043341992e-05] - [-3.8753092681669054e-06, -3.4596396693243464e-06, -3.0437812222818687e-06, -3.872002000045083e-06]
A2: [0.1666861633237828, -0.16664658080568126, 2.0364921866704528e-05, 1.9460236002425874e-05] - [0.16669456305458466, 0.33336205473367875, 2.8468828295157098e-05, 2.7753599867645794e-05] - [0.16665656578902613, 0.8333229141183479, -1.0953074121596591e-05, -1.0135849935553348e-05] - [1.0961801528864873e-05, 1.129682898987721e-05, 1.160045380716336e-05, 1.0961798363936229e-05]
B1: 0.1666332425389579 - 0.6665962135431563 - 0.16667698390119912 - -1.3064712684214482e-05
B2: 0.16662506477907552 - 0.6666065416125905 - 0.16659586577052088 - -4.07132412682391e-05
