Number: 1319
Error: 3.3437370845552603e-06
A1: [-6.28510886475964e-06, -5.710730231635623e-06, -4.517985680963098e-06, -6.173349220499316e-06] - [0.20831420431261832, 0.3333157535301194, -0.041679930886079235, -1.863663670668665e-05] - [0.1666590399223649, 0.6666597163167128, 0.1666611560350032, -7.488871789958417e-06] - [-2.5014899660319614e-06, -2.2330809125364154e-06, -1.9645288658900952e-06, -2.4993516106738466e-06]
A2: [0.16668200941977204, -0.16665090389444798, 1.5974850154559767e-05, 1.5319239478791053e-05] - [0.16669450711495137, 0.3333618583845225, 2.848623055183958e-05, 2.7748276274722032e-05] - [0.16666230626677217, 0.8333288037978893, -4.84396608104811e-06, -4.382971348010133e-06] - [7.086635392183167e-06, 7.303212364771404e-06, 7.499481276109398e-06, 7.086632337336913e-06]
B1: 0.16664054343493018 - 0.6666232110908206 - 0.16668200268675012 - -1.2930517350746864e-05
B2: 0.16663338445147421 - 0.666619810026589 - 0.1666122040168559 - -3.270634954037735e-05
