Number: 2529
Error: 4.011740867761364e-06
A1: [-1.049882749897837e-05, -1.0128710083062522e-05, -8.57207735080061e-06, -1.0285480959724149e-05] - [0.2083033283093199, 0.33330329656919566, -0.041691427311211386, -2.9065015913401012e-05] - [0.16665381601973525, 0.6666543455564651, 0.16665633949777073, -1.2587409624273083e-05] - [-4.80381798225203e-06, -4.288615815651067e-06, -3.7732062610619324e-06, -4.7997228525109585e-06]
A2: [0.16668896770165464, -0.16664366213569512, 2.3328814738980655e-05, 2.225588970309979e-05] - [0.1666945872463159, 0.33336217371367155, 2.844323617663398e-05, 2.774357728336851e-05] - [0.1666526820377092, 0.8333189295178698, -1.5085991991035876e-05, -1.4027984755867955e-05] - [1.3580721006989824e-05, 1.3995799290528823e-05, 1.4371981473563734e-05, 1.3580718429982033e-05]
B1: 0.16662827589773627 - 0.6665779232307925 - 0.16667353689326683 - -1.3187630373595914e-05
B2: 0.1666194478405543 - 0.6665976040020826 - 0.1665848787246079 - -4.6118759315546035e-05
