Number: 292
Error: 8.049082596075767e-06
A1: [2.962438075027437e-06, 3.0210130755422684e-06, 3.215435824408221e-06, 2.9829636755335686e-06] - [0.20834973413603555, 0.3333495438397178, -0.04165003841410652, 1.6490310722850973e-05] - [0.16667093560334398, 0.6666708869626133, 0.1666710061820161, 4.29393467027692e-06] - [-5.463939191591964e-07, -4.875322655739056e-07, -4.286319921470261e-07, -5.459258366342801e-07]
A2: [0.16664727524900966, -0.1666867509377399, -2.0757416444195065e-05, -1.9396564353859247e-05] - [0.16658215736367923, 0.33324588875634004, -9.027830560109332e-05, -8.452945884427658e-05] - [0.16664316245188524, 0.833309034363695, -2.5060808909245482e-05, -2.3509145614636463e-05] - [1.5703955474462897e-06, 1.6183582254148223e-06, 1.6618192661212988e-06, 1.5703946281869135e-06]
B1: 0.1667154733400333 - 0.6666417992419683 - 0.1665849349849412 - 5.096262012928361e-05
B2: 0.1667105789931049 - 0.666725130969502 - 0.1667404273653481 - 4.40431471974109e-05
