Number: 783
Error: 3.0424629956566553e-06
A1: [-4.412518449249377e-06, -3.747543231921389e-06, -2.715902513024835e-06, -4.345768937790199e-06] - [0.20831904553150554, 0.33332129553785095, -0.041674813970212984, -1.3993736137496053e-05] - [0.16666135975933882, 0.6666621013385887, 0.16666329563010718, -5.224582247586592e-06] - [-1.481527590607211e-06, -1.3224424702659804e-06, -1.1632628180929548e-06, -1.4802595691944383e-06]
A2: [0.1666789258871386, -0.16665411292345406, 1.2716198071641762e-05, 1.2245289186363108e-05] - [0.1666944681459881, 0.3333617156574179, 2.8502642970179343e-05, 2.7746880630651898e-05] - [0.1666665686848992, 0.8333331771096015, -3.0764051647602514e-07, -1.1134903016008952e-07] - [4.209422690895969e-06, 4.338052570755771e-06, 4.454616938298565e-06, 4.209420469051951e-06]
B1: 0.16664580928735237 - 0.6666431028326056 - 0.16668557957241123 - -1.2985250764877029e-05
B2: 0.16663969796013395 - 0.6666298039752658 - 0.16662448339553687 - -2.6625032440287568e-05
