Number: 2232
Error: 6.954138990217434e-06
A1: [-3.741108700259377e-06, -4.005687608882144e-06, -3.2234103225600653e-06, -3.5577437140173225e-06] - [0.20833251362831678, 0.3333298056154395, -0.04166821928549162, -1.2682041689624868e-08] - [0.166662613635156, 0.6666623339181087, 0.16666334627606724, -3.827058510847747e-06] - [-4.238971742865652e-06, -3.7843129955274463e-06, -3.329457080411019e-06, -4.2353556983522515e-06]
A2: [0.16665843207619158, -0.1666751406964442, -8.968521666927483e-06, -8.274442203005173e-06] - [0.16658226479038576, 0.33324636937905133, -9.037656882639769e-05, -8.455811817676838e-05] - [0.1666277211894917, 0.833293191342166, -4.149436448392689e-05, -3.898374595269194e-05] - [1.1983830117402652e-05, 1.235009615924448e-05, 1.2682034876816455e-05, 1.1983827120653366e-05]
B1: 0.16669652070006155 - 0.6665698681874679 - 0.16657201359896934 - 5.12670342645167e-05
B2: 0.16668721180935914 - 0.6666886770471506 - 0.166695953306362 - 2.1516925579893398e-05
