Number: 2087
Error: 3.7689829211025164e-06
A1: [-8.95354178833499e-06, -8.508458190468274e-06, -7.084389639353363e-06, -8.777308188866358e-06] - [0.2083073257171767, 0.333307872919531, -0.04168720037714657, -2.5231140125818578e-05] - [0.1666557303974901, 0.6666563139402142, 0.16665810580823506, -1.0718829072048616e-05] - [-3.962835553814369e-06, -3.5377840896625835e-06, -3.1125416024522053e-06, -3.959453943226193e-06]
A2: [0.16668642959840993, -0.1666463038444749, 2.0646053604922024e-05, 1.972568819072754e-05] - [0.1666945705725137, 0.33336207095707504, 2.8471179507307543e-05, 2.7757892474829213e-05] - [0.16665620038788106, 0.8333225391830221, -1.1342020090376598e-05, -1.0502041340971254e-05] - [1.1208671785689617e-05, 1.1551245201493643e-05, 1.186170945414615e-05, 1.1208668653348151e-05]
B1: 0.16663274028242012 - 0.66659445734817 - 0.16667662889620383 - -1.3110409199805484e-05
B2: 0.16662449939256685 - 0.6666056953419883 - 0.1665948602197481 - -4.125869616063884e-05
