Number: 2857
Error: 4.191064981893899e-06
A1: [-1.1647660011505626e-05, -1.1333288301508123e-05, -9.678403199939534e-06, -1.1406771732143002e-05] - [0.208300353374053, 0.33329989153199446, -0.0416945735487147, -3.191859167726528e-05] - [0.16665239327017725, 0.6666528826087226, 0.166655026370156, -1.3976174197293986e-05] - [-5.427870455413842e-06, -4.845769343282583e-06, -4.263453996998793e-06, -5.423246776362129e-06]
A2: [0.16669084854275715, -0.16664170439799875, 2.5317036761270445e-05, 2.413086711837778e-05] - [0.16669459003773388, 0.33336224042740553, 2.841301985449908e-05, 2.772337125306264e-05] - [0.1666500689027966, 0.8333162486253722, -1.7866544387061002e-05, -1.6646755191995093e-05] - [1.5340847484366e-05, 1.580972616090879e-05, 1.623467456241707e-05, 1.5340845602416768e-05]
B1: 0.16662497628976558 - 0.666565660462069 - 0.1666712422163996 - -1.3231705408449422e-05
B2: 0.16661571341826925 - 0.6665916071829926 - 0.16657747226841083 - -4.97110779613663e-05
