Number: 1404
Error: 7.413044615486592e-06
A1: [-8.593035267691337e-07, -9.8423398264613e-07, -4.511067899169976e-07, -7.454553904787973e-07] - [0.20833994852001703, 0.33333832191420903, -0.041660360777255566, 7.115897886669169e-06] - [0.16666618715081, 0.666666007734815, 0.16666664062332145, -3.3933255963937046e-07] - [-2.663065655732259e-06, -2.377333364701584e-06, -2.0914516774552334e-06, -2.6607896377491625e-06]
A2: [0.16665366693970446, -0.1666800998631034, -1.4004442620718703e-05, -1.3024766529819266e-05] - [0.16658219680426625, 0.3332461402652444, -9.036037757816997e-05, -8.45680180490705e-05] - [0.1666343041278414, 0.8332999453491381, -3.4488683142492986e-05, -3.2386576166231084e-05] - [7.539771530012385e-06, 7.770198591388192e-06, 7.979019899336071e-06, 7.539768404203962e-06]
B1: 0.16670493393343108 - 0.6666008684653584 - 0.1665778061798021 - 5.14612572985557e-05
B2: 0.1666967654302187 - 0.6667038839294713 - 0.1667146560108466 - 3.0711606435918434e-05
