Number: 2482
Error: 6.816563738154789e-06
A1: [-4.607382733922528e-06, -4.913915838152639e-06, -4.056208902842388e-06, -4.40303321606966e-06] - [0.20833028416184052, 0.3333272504676938, -0.04167057501263677, -2.149680783523846e-06] - [0.16666153854140572, 0.6666612287480971, 0.16666235587350728, -4.876255743652042e-06] - [-4.714763267815102e-06, -4.209100584359877e-06, -3.7032319889325616e-06, -4.710743632301614e-06]
A2: [0.166659869274121, -0.16667364494666853, -7.449624993761588e-06, -6.8417165180878e-06] - [0.1665822787451322, 0.3332464319147792, -9.038815801969461e-05, -8.456170278313168e-05] - [0.16662573176574738, 0.8332911502623545, -4.3611438340672583e-05, -4.097746741224965e-05] - [1.3325497456598443e-05, 1.3732773232107942e-05, 1.4101883076173666e-05, 1.3325494801053141e-05]
B1: 0.16669396820278828 - 0.6665604907141677 - 0.16657024126161246 - 5.1196003156443886e-05
B2: 0.1666843268417774 - 0.6666840970204224 - 0.16669033025705846 - 1.8740338574646807e-05
