Number: 2325
Error: 3.899849074662016e-06
A1: [-9.781944510181092e-06, -9.377021586831411e-06, -7.881365450196717e-06, -9.585730329883772e-06] - [0.2083051880754046, 0.3333054243715179, -0.04168945994314658, -2.728073981925326e-05] - [0.16665470329090218, 0.6666552579624697, 0.16665715885066174, -1.172127873972732e-05] - [-4.415677401565621e-06, -3.942083316598674e-06, -3.4682883761771862e-06, -4.411911406915702e-06]
A2: [0.16668779733248815, -0.16664488035291258, 2.2091617201005276e-05, 2.1089167457741407e-05] - [0.16669458284427288, 0.33336212950028676, 2.8459257145213807e-05, 2.7753477968940038e-05] - [0.1666543064882394, 0.8333205961038899, -1.3357428957568828e-05, -1.2400029536450437e-05] - [1.2485951802888122e-05, 1.2867567045697087e-05, 1.3213418186086883e-05, 1.2485948915173822e-05]
B1: 0.16663032311845277 - 0.6665855428150539 - 0.166674954259237 - -1.316524433195098e-05
B2: 0.1666217654062432 - 0.6666013360128897 - 0.16658949521330785 - -4.388957276739886e-05
