Number: 942
Error: 7.672260404800642e-06
A1: [7.34433754831259e-07, 6.865027879257259e-07, 1.0796760209292899e-06, 8.095046209964655e-07] - [0.2083440391983328, 0.33334301227860064, -0.04165604118684, 1.1035712224981034e-05] - [0.16666816652472122, 0.6666680421504031, 0.16666846235083835, 1.5921817187569016e-06] - [-1.7836928950842304e-06, -1.5922173907168429e-06, -1.400631825750932e-06, -1.7821668253141303e-06]
A2: [0.1666510037083916, -0.1666828711693702, -1.6818374906295045e-05, -1.567973302312894e-05] - [0.16658214614855008, 0.3332460003261654, -9.036280535882393e-05, -8.458626603141614e-05] - [0.1666379750963233, 0.8333037118855329, -3.058160868373138e-05, -2.870766868685736e-05] - [5.059817581838917e-06, 5.214440766350286e-06, 5.3545618435656e-06, 5.059815050355646e-06]
B1: 0.16670959672558705 - 0.6666181287240931 - 0.16658099435795581 - 5.153794529937226e-05
B2: 0.1667022341466124 - 0.6667124618127424 - 0.16672513651462756 - 3.598005350356191e-05
