Number: 316
Error: 8.034618159564648e-06
A1: [2.8858347009387332e-06, 2.9408496738537744e-06, 3.1429837082000234e-06, 2.908368870914e-06] - [0.20834954681077958, 0.3333493271080148, -0.04165023413654631, 1.6311837516030347e-05] - [0.1666708391534296, 0.6666707880848733, 0.1666709187866076, 4.199965176206693e-06] - [-5.920817339353636e-07, -5.283235560764319e-07, -4.645237607746817e-07, -5.915745222723257e-07]
A2: [0.16664741256381382, -0.1666866081173963, -2.0612487940302965e-05, -1.9259678894277773e-05] - [0.1665821539760134, 0.333245889642962, -9.028491005161518e-05, -8.453452984534081e-05] - [0.16664296978420398, 0.8333088366584989, -2.5265882064784853e-05, -2.370222559277551e-05] - [1.6992401394455264e-06, 1.7511411986966679e-06, 1.7981712586555278e-06, 1.6992391458010988e-06]
B1: 0.1667152769078721 - 0.666640942251939 - 0.16658480296323988 - 5.100437073121396e-05
B2: 0.16671022043781641 - 0.666724630687731 - 0.16673984932936092 - 4.3694995093403394e-05
