Number: 1987
Error: 3.7138604229743216e-06
A1: [-8.597404979910061e-06, -8.134994135798146e-06, -6.740552449257186e-06, -8.429574462860073e-06] - [0.20830825637163433, 0.333308936029352, -0.04168621485206088, -2.4337509628613264e-05] - [0.16665617010659953, 0.6666567662373483, 0.166658512753852, -1.0289488128454275e-05] - [-3.772563320897228e-06, -3.367908208193939e-06, -2.9630669147341655e-06, -3.769343341478937e-06]
A2: [0.166685856003044, -0.1666469009357753, 2.003961685326464e-05, 1.9153880504544162e-05] - [0.16669456790863846, 0.33336204867297775, 2.8478315378230158e-05, 2.776223925028485e-05] - [0.1666569962904268, 0.8333233557278994, -1.0495107381942023e-05, -9.70442106940354e-06] - [1.0671978005304156e-05, 1.0998146613176042e-05, 1.1293742065775667e-05, 1.0671974808103185e-05]
B1: 0.16663372981665767 - 0.6665981772893466 - 0.16667730719756038 - -1.3113486386156375e-05
B2: 0.16662562190867178 - 0.6666075259138795 - 0.16659713987085964 - -4.0179500614002735e-05
