Number: 510
Error: 7.91978135044482e-06
A1: [2.2242132796129827e-06, 2.247852010220217e-06, 2.5097192054259652e-06, 2.2630240281880283e-06] - [0.20834786120073967, 0.3333473933930318, -0.04165200842877573, 1.4697945956791751e-05] - [0.16667001636771064, 0.6666699430795687, 0.16667016400072512, 3.3972705954767684e-06] - [-9.613791770995418e-07, -8.580406533307342e-07, -7.546373418001643e-07, -9.60555866690544e-07]
A2: [0.16664852068433647, -0.16668545500211945, -1.9441835239273194e-05, -1.81550289023727e-05] - [0.1665821301598748, 0.333245901852425, -9.033178670329014e-05, -8.45719531124131e-05] - [0.16664141601400032, 0.8333072424143547, -2.691944710892794e-05, -2.525932864495365e-05] - [2.7407256038728985e-06, 2.824461607226007e-06, 2.9003412278039945e-06, 2.740724048308694e-06]
B1: 0.16671367234245246 - 0.6666340097961595 - 0.16658374220332128 - 5.132534692632793e-05
B2: 0.16670759003849156 - 0.6667207212887581 - 0.1667351702463273 - 4.1148687074011055e-05
