Number: 801
Error: 3.0527070904994162e-06
A1: [-4.481547182309411e-06, -3.819951051172298e-06, -2.7832363980295386e-06, -4.4132802159163775e-06] - [0.2083188582372694, 0.3333210833518377, -0.04167501323735352, -1.4174346684211605e-05] - [0.1666612756576737, 0.6666620147064546, 0.16666321689915112, -5.3068125008832925e-06] - [-1.5157808424778307e-06, -1.3530242405337437e-06, -1.1901712749758582e-06, -1.5144835574275147e-06]
A2: [0.16667902825177075, -0.1666540062975665, 1.2824540515443318e-05, 1.2347332067105911e-05] - [0.16669446610663538, 0.3333617172183293, 2.8498985564935595e-05, 2.7743579702545334e-05] - [0.16666642506507007, 0.8333330297770882, -4.6043425992120057e-07, -2.552778863295343e-07] - [4.306053982243512e-06, 4.4376375720849405e-06, 4.556878754159964e-06, 4.30605172225807e-06]
B1: 0.16664565857978103 - 0.6666424595357934 - 0.16668548276726702 - -1.2957266032954975e-05
B2: 0.1666395018113626 - 0.6666294651268845 - 0.1666240476619043 - -2.6813385304322223e-05
