Number: 1454
Error: 7.3851527571984815e-06
A1: [-1.0374182836434756e-06, -1.1710076807744695e-06, -6.230601681411457e-07, -9.193681831998739e-07] - [0.20833948308852124, 0.3333377902714589, -0.04166085360433622, 6.668979654911193e-06] - [0.1666659672277697, 0.6666657815267364, 0.16666643710402743, -5.540707558449817e-07] - [-2.7582320884156074e-06, -2.462298821694896e-06, -2.166212450781274e-06, -2.7558750057441913e-06]
A2: [0.16665395422790152, -0.16667980082545822, -1.3700736287622317e-05, -1.2738372789982148e-05] - [0.16658219994654305, 0.3332461532187353, -9.036215222903003e-05, -8.45683832157943e-05] - [0.16663390659969057, 0.8332995374991296, -3.491172167579492e-05, -3.278496358984796e-05] - [7.808152315868626e-06, 8.046782848795761e-06, 8.263039064627494e-06, 7.808149154210806e-06]
B1: 0.1667044415255876 - 0.6665990120708755 - 0.1665774720508929 - 5.146519135222451e-05
B2: 0.16669619891320203 - 0.6667029633037406 - 0.1667135108681817 - 3.0166763530558205e-05
