Number: 1980
Error: 7.093224530761631e-06
A1: [-2.872470122827501e-06, -3.0950144377066734e-06, -2.389028631396931e-06, -2.7102537303108346e-06] - [0.20833474251071207, 0.3333323617482705, -0.041665865212905905, 2.12300908452074e-06] - [0.16666369271486803, 0.6666634430541688, 0.1666643394593338, -2.7740792360049525e-06] - [-3.759360457566324e-06, -3.3561137939881074e-06, -2.95268143787908e-06, -3.7561517057247512e-06]
A2: [0.16665698146791427, -0.16667665028856532, -1.0501404323456707e-05, -9.720542443897561e-06] - [0.16658224439956829, 0.33324630011916845, -9.037099732028832e-05, -8.456082990147391e-05] - [0.16662972523844566, 0.8332952474730131, -3.9361618059505036e-05, -3.697536526864299e-05] - [1.0631364656267783e-05, 1.0956290785578889e-05, 1.125076005493933e-05, 1.0631361457354562e-05]
B1: 0.16669911149054695 - 0.6665793348465331 - 0.1665738102605484 - 5.135646586021069e-05
B2: 0.1666901392642992 - 0.6666932988495609 - 0.1667016114229685 - 2.4335134559034247e-05
