Number: 2493
Error: 3.991990392698785e-06
A1: [-1.0361045740547454e-05, -9.984152719549561e-06, -8.437647238757856e-06, -1.0150733338392903e-05] - [0.20830370190735267, 0.33330372001953334, -0.0416910296217834, -2.8704783075710465e-05] - [0.166653983987418, 0.6666545186000749, 0.1666564967606352, -1.2423183433896239e-05] - [-4.735324546858802e-06, -4.227465351952355e-06, -3.7193997955981972e-06, -4.7312874759101855e-06]
A2: [0.16668876312732303, -0.16664387524913415, 2.3112250966356104e-05, 2.205195886101766e-05] - [0.16669459164075148, 0.33336217083120323, 2.8450716501523613e-05, 2.775049543342406e-05] - [0.16665296932323045, 0.833319224208529, -1.4780396889774481e-05, -1.3740080820332134e-05] - [1.3387523528935268e-05, 1.3796696502063055e-05, 1.416752604221144e-05, 1.338752089025696e-05]
B1: 0.1666286003006981 - 0.6665792327638729 - 0.16667375369835807 - -1.3220580358071427e-05
B2: 0.1666198179779531 - 0.6665982588911874 - 0.16658572678422864 - -4.576421486832329e-05
