Number: 283
Error: 2.7511973654424787e-06
A1: [-2.719294685540028e-06, -1.9737213147271493e-06, -1.0962908867212453e-06, -2.6944823644238097e-06] - [0.20832334330943844, 0.33332623150897883, -0.041670290099266885, -9.88075015942934e-06] - [0.16666346845258598, 0.6666642670086728, 0.16666522849995746, -3.16765676581677e-06] - [-5.300303275816986e-07, -4.7292367685617727e-07, -4.1577937053317826e-07, -5.295762432543421e-07]
A2: [0.16667605987677994, -0.1666570949981422, 9.688813095471825e-06, 9.38821800822975e-06] - [0.1666944906806718, 0.333361644813594, 2.858350867322959e-05, 2.7804464266712985e-05] - [0.16667056364032737, 0.8333372762063783, 3.94416299855685e-06, 3.892191286469353e-06] - [1.5251657453729492e-06, 1.5717461300583961e-06, 1.6139545161602913e-06, 1.5251648502049432e-06]
B1: 0.16665024807260145 - 0.6666612442468439 - 0.16668855971378366 - -1.3509217046824343e-05
B2: 0.16664629936173597 - 0.6666396667473541 - 0.16663629466851906 - -2.0240231409074597e-05
