Number: 2036
Error: 7.062296199052796e-06
A1: [-3.0575185970632e-06, -3.288955239446684e-06, -2.565566965533351e-06, -2.8906101137372986e-06] - [0.20833427935961799, 0.3333318276822107, -0.04166635256929344, 1.6805365071548247e-06] - [0.16666346098747356, 0.6666632051010671, 0.16666412772741737, -3.000014151773416e-06] - [-3.8659437813340605e-06, -3.4512723047923064e-06, -3.036412354854753e-06, -3.862644477207143e-06]
A2: [0.16665730527656056, -0.16667631343991354, -1.0159451257394216e-05, -9.397735587069604e-06] - [0.16658225281661698, 0.33324631921722325, -9.036871721500113e-05, -8.455634149641442e-05] - [0.16662928038924826, 0.8332947910282997, -3.983511142711777e-05, -3.742117704154537e-05] - [1.0931917994983192e-05, 1.1266030959893308e-05, 1.1568826862229255e-05, 1.093191482865563e-05]
B1: 0.16669850954726362 - 0.6665772063401244 - 0.16657338763241583 - 5.131036293355052e-05
B2: 0.1666894609424182 - 0.6666922689008051 - 0.16670037744319413 - 2.368109028459361e-05
