Number: 1179
Error: 3.2655414062591387e-06
A1: [-5.786245419888799e-06, -5.187621029575603e-06, -4.036372137466675e-06, -5.6862512891554635e-06] - [0.20831550819498276, 0.3333172427937257, -0.04167855031179299, -1.7384591137195294e-05] - [0.16665965575147493, 0.6666603497564048, 0.16666172595811898, -6.887560335705399e-06] - [-2.235087259203734e-06, -1.995233260203962e-06, -1.7552477257445195e-06, -2.233176017038605e-06]
A2: [0.16668120524240002, -0.16665174095381335, 1.5124722788673002e-05, 1.4517564880144607e-05] - [0.16669449928183333, 0.33336182314803525, 2.849225143522988e-05, 2.775025705699339e-05] - [0.1666634195483595, 0.8333299459965647, -3.6592362722744335e-06, -3.267285587628322e-06] - [6.335149824775403e-06, 6.528756369481515e-06, 6.704207269438426e-06, 6.335146926277185e-06]
B1: 0.16664191115612978 - 0.6666283987097005 - 0.16668292879723443 - -1.2952526738378942e-05
B2: 0.1666349786614362 - 0.6666223961462453 - 0.16661541944558375 - -3.117278504518021e-05
