Number: 413
Error: 2.8287854466482037e-06
A1: [-3.1617528440090433e-06, -2.437081802902616e-06, -1.5195019706575489e-06, -3.126034669913751e-06] - [0.20832221741472637, 0.3333249398484739, -0.04167147444535633, -1.0958590931532144e-05] - [0.1666629181798897, 0.6666637019498126, 0.16666472399979296, -3.704467599757614e-06] - [-7.774221971401694e-07, -6.938014138343927e-07, -6.101270316733201e-07, -7.767562865704503e-07]
A2: [0.1666768003395285, -0.16665632444892933, 1.0471064730136519e-05, 1.0126356583730053e-05] - [0.16669446575343727, 0.33336164377774047, 2.8542691579743965e-05, 2.7770424573799973e-05] - [0.1666695201499685, 0.8333362055370063, 2.8337008428431594e-06, 2.846469005825404e-06] - [2.2231088029512645e-06, 2.291023191821228e-06, 2.3525648415035407e-06, 2.2231075154701916e-06]
B1: 0.16664923000236398 - 0.6666566487113423 - 0.16668789145094492 - -1.323705322266813e-05
B2: 0.16664448832133738 - 0.666637001760916 - 0.16663311716225873 - -2.1994956941275752e-05
