Number: 285
Error: 2.7523964691211493e-06
A1: [-2.7216881034240673e-06, -1.9761868003885656e-06, -1.0978892755236504e-06, -2.6967122295714814e-06] - [0.208323343766173, 0.33332623041989945, -0.041670288533319326, -9.879571162550407e-06] - [0.16666346444898478, 0.666664263029594, 0.16666522570446254, -3.1714575325111307e-06] - [-5.338362169609351e-07, -4.763217680977138e-07, -4.1876941202302645e-07, -5.333788727370959e-07]
A2: [0.16667607197897258, -0.16665708247134203, 9.701479663580987e-06, 9.400284412622432e-06] - [0.1666944920901912, 0.3333616464886631, 2.858446422531682e-05, 2.78057334716651e-05] - [0.16667054776966453, 0.83333725990474, 3.927235600709713e-06, 3.876286256932727e-06] - [1.5359012516629e-06, 1.5828097906219617e-06, 1.6253155546719172e-06, 1.5359003502099513e-06]
B1: 0.16665021907759545 - 0.6666611607301841 - 0.16668853713151502 - -1.3518375472035057e-05
B2: 0.1666462555359229 - 0.6666396235496335 - 0.16663625811311975 - -2.0283189909814026e-05
