Number: 2558
Error: 6.77478134799724e-06
A1: [-4.887593185495387e-06, -5.207827426330587e-06, -4.3281372062467e-06, -4.6768483281732155e-06] - [0.20832953847242813, 0.3333264019559465, -0.041671366715904545, -2.8671952621910002e-06] - [0.16666119467019405, 0.6666608747764181, 0.1666620358328977, -5.212238335063358e-06] - [-4.859396703351107e-06, -4.338228590453792e-06, -3.8168524275672674e-06, -4.855254472978273e-06]
A2: [0.1666603030817329, -0.16667319319718707, -6.990688738966293e-06, -6.4092684595334485e-06] - [0.1665822746398326, 0.33324644295382533, -9.039925584083939e-05, -8.45711401426119e-05] - [0.1666251259000491, 0.8332905287387012, -4.425601607775795e-05, -4.1584639685910396e-05] - [1.3733351980665778e-05, 1.4153094287470934e-05, 1.4533503950239999e-05, 1.3733349456606654e-05]
B1: 0.16669324822759865 - 0.6665576928671976 - 0.16656975223650206 - 5.123042880984002e-05
B2: 0.16668350809104265 - 0.6666827103830265 - 0.16668857106531876 - 1.7954533626030256e-05
