Number: 1481
Error: 3.4339096684187928e-06
A1: [-6.857458571081485e-06, -6.310873842307011e-06, -5.0698523693450455e-06, -6.732089450728903e-06] - [0.20831271524631734, 0.333314051006898, -0.04168150658826447, -2.00657398000738e-05] - [0.16665833225977963, 0.6666589885420325, 0.16666050202119156, -8.179740541817688e-06] - [-2.809751354624455e-06, -2.5083001758428576e-06, -2.2066937919838804e-06, -2.8073503820957497e-06]
A2: [0.16668294073866666, -0.16664993455994, 1.695927056089156e-05, 1.6247662276398834e-05] - [0.16669451825237938, 0.333361901156763, 2.8481179691358297e-05, 2.77480572573461e-05] - [0.16666101828620666, 0.8333274823516255, -6.214633272057526e-06, -5.673734060840865e-06] - [7.956183195199182e-06, 8.199339326913084e-06, 8.419697195575325e-06, 7.95618001396256e-06]
B1: 0.16663893546933672 - 0.6666171837367171 - 0.16668090716296385 - -1.2930391641557197e-05
B2: 0.16663153250097726 - 0.6666168255023905 - 0.166608507305264 - -3.448812266433499e-05
