Number: 615
Error: 2.9464287742797524e-06
A1: [-3.855729453971655e-06, -3.164185346319084e-06, -2.1848694201117106e-06, -3.803059112714573e-06] - [0.20832044116660683, 0.33332290349660043, -0.04167334658103781, -1.266014472860641e-05] - [0.16666205623882283, 0.6666628164200755, 0.16666393195196744, -4.545484810165766e-06] - [-1.1618278935201529e-06, -1.0370075185052174e-06, -9.121104104946029e-07, -1.1608331247790112e-06]
A2: [0.16667795681342376, -0.16665512099603397, 1.1692915978497335e-05, 1.127921912071028e-05] - [0.16669445343122327, 0.3333616694212987, 2.850729584611215e-05, 2.774394289802654e-05] - [0.16666790598221617, 0.833334549327845, 1.1158311202314295e-06, 1.2288330492635153e-06] - [3.3075572149921063e-06, 3.4086198644349285e-06, 3.5002015092499216e-06, 3.307555382506092e-06]
B1: 0.16664746303487665 - 0.6666493453391165 - 0.1666867127137161 - -1.2999033191859812e-05
B2: 0.16664185964417735 - 0.6666330245459557 - 0.16662832008472442 - -2.453612988818896e-05
