Number: 1374
Error: 7.429793735720135e-06
A1: [-7.524295645941613e-07, -8.721649765618902e-07, -3.479303585035525e-07, -6.411026216040715e-07] - [0.208340227797233, 0.3333386409169122, -0.041660065065377234, 7.38406710236513e-06] - [0.16666631910899146, 0.6666661434637401, 0.16666676273856787, -2.104853103086353e-07] - [-2.6059655407550452e-06, -2.3263538381071784e-06, -2.046595015021119e-06, -2.6037381706436725e-06]
A2: [0.1666534945628504, -0.16668027928932155, -1.4186669732140578e-05, -1.3196606709261512e-05] - [0.1665821949087707, 0.3332461324844245, -9.035932014742189e-05, -8.456780908940307e-05] - [0.1666345426428788, 0.8333001900576644, -3.423486116741581e-05, -3.2147545572161045e-05] - [7.378741867323374e-06, 7.604246807074771e-06, 7.808607153295107e-06, 7.3787387657190176e-06]
B1: 0.16670522895870923 - 0.6666019818803961 - 0.1665780062273739 - 5.1458476802437994e-05
B2: 0.16669710575131702 - 0.6667044367277469 - 0.16671534353041212 - 3.1038923098121105e-05
