Number: 250
Error: 8.07460352560946e-06
A1: [3.1086040094561033e-06, 3.174071448507392e-06, 3.355661520859238e-06, 3.1256030241318883e-06] - [0.2083501106823941, 0.333349974519641, -0.04164964182923093, 1.6851319412968204e-05] - [0.1666711166082257, 0.6666710728881116, 0.16667117268496914, 4.4705871205187966e-06] - [-4.6644124104671984e-07, -4.161486047270546e-07, -3.658226670619373e-07, -4.6604164613317253e-07]
A2: [0.1666470374700836, -0.16668699844269153, -2.1008708458373326e-05, -1.9633591928488033e-05] - [0.16658217057125013, 0.33324589425774664, -9.02599401068425e-05, -8.45133054518799e-05] - [0.1666435007383025, 0.8333093814440284, -2.4700859507914898e-05, -2.3170137685774623e-05] - [1.344917045473326e-06, 1.3859875507128361e-06, 1.423202820036509e-06, 1.3449162587906906e-06]
B1: 0.16671576433710764 - 0.6666432495001489 - 0.16658511982745727 - 5.083677460786835e-05
B2: 0.16671117534493515 - 0.6667260130070748 - 0.16674148515633072 - 4.462129398959141e-05
