Number: 1596
Error: 7.306093559929749e-06
A1: [-1.5384259402350178e-06, -1.6963400075384658e-06, -1.1060368662655997e-06, -1.4084470095871832e-06] - [0.2083381807302187, 0.33333630094691863, -0.0416622316208487, 5.41918010840314e-06] - [0.1666653475295991, 0.6666651442487656, 0.16666586453034804, -1.1590488873388278e-06] - [-3.0285029177542093e-06, -2.703598970711995e-06, -2.3785319678165285e-06, -3.025915713222673e-06]
A2: [0.16665477084924255, -0.16667895087375192, -1.2837565380036688e-05, -1.1924291705433242e-05] - [0.16658221068338647, 0.33324619172434716, -9.036557518344972e-05, -8.456760763869181e-05] - [0.1666327777948362, 0.8332983793704652, -3.6112996536555135e-05, -3.391620885863719e-05] - [8.57034001938717e-06, 8.832267972243075e-06, 9.069639134009534e-06, 8.570336786487832e-06]
B1: 0.16670302393032557 - 0.6665937212743681 - 0.16657650494200046 - 5.1457185810258244e-05
B2: 0.16669457734116444 - 0.6667003511132641 - 0.16671027691238602 - 2.8606746783935814e-05
