Number: 2755
Error: 4.135372067651809e-06
A1: [-1.1289238186754088e-05, -1.0957465898305758e-05, -9.333069309289294e-06, -1.1056915731229368e-05] - [0.2083012831953366, 0.3333009553679803, -0.04169358992825764, -3.102651447710294e-05] - [0.1666528368854935, 0.6666533387909033, 0.16665543602933602, -1.3543128297584456e-05] - [-5.233807776378605e-06, -4.672510617814593e-06, -4.11100087185872e-06, -5.2293483775539025e-06]
A2: [0.16669026405159823, -0.16664231281151265, 2.4699132847865973e-05, 2.3548199412081454e-05] - [0.1666945904699696, 0.3333622209558929, 2.8423662815486465e-05, 2.7730955205760403e-05] - [0.16665088177616466, 0.8333170825665615, -1.7001614815924868e-05, -1.5832129254619442e-05] - [1.4793502165157703e-05, 1.5245650593528257e-05, 1.5655434045201634e-05, 1.4793500041225608e-05]
B1: 0.16662599800603772 - 0.6665694702288253 - 0.16667195293152642 - -1.3222374107029416e-05
B2: 0.1666168701073102 - 0.6665934710535295 - 0.16657977833333593 - -4.8598579672773023e-05
