Number: 2710
Error: 6.691391563830013e-06
A1: [-5.424040193348815e-06, -5.770329708587416e-06, -4.845327330668185e-06, -5.20052777059864e-06] - [0.20832814365295912, 0.3333248069134874, -0.04167284272411991, -4.205757672907682e-06] - [0.1666605311568782, 0.6666601924222789, 0.16666142269862516, -5.859997910619381e-06] - [-5.148666737965672e-06, -4.596488183425095e-06, -4.0440980283728825e-06, -5.144279440319575e-06]
A2: [0.1666611744842197, -0.16667228611412718, -6.0694449707189075e-06, -5.540585084893072e-06] - [0.16658227594750966, 0.33324647401561813, -9.041302864802574e-05, -8.458049676614042e-05] - [0.16662391512897667, 0.8332892865872664, -4.554434369476214e-05, -4.2798024012677974e-05] - [1.4549042822403234e-05, 1.4993717641733667e-05, 1.539672670772247e-05, 1.4549040600190731e-05]
B1: 0.16669173018475952 - 0.6665520217985759 - 0.1665687014422258 - 5.1221108343332843e-05
B2: 0.16668178990571703 - 0.6666799311676956 - 0.16668512558754237 - 1.6302243608309368e-05
