Number: 2914
Error: 6.579775009592744e-06
A1: [-6.116876865254439e-06, -6.496609808994934e-06, -5.509270716588627e-06, -5.876255332768857e-06] - [0.20832638093210734, 0.3333227816100524, -0.041674702140553924, -5.893081044146792e-06] - [0.1666596680728966, 0.6666593055914278, 0.1666606303031259, -6.701965618760445e-06] - [-5.536898550860239e-06, -4.943101275424125e-06, -4.3490891539236745e-06, -5.532182608996297e-06]
A2: [0.16666234796687152, -0.1666710649753523, -4.829542081578926e-06, -4.370751771432216e-06] - [0.16658228726627736, 0.3332465246603893, -9.042319137781637e-05, -8.458349097235816e-05] - [0.16662229093587708, 0.8332876202050926, -4.7272776391623454e-05, -4.442572458913924e-05] - [1.564374799584651e-05, 1.612188369715932e-05, 1.6555223027178492e-05, 1.5643746260084343e-05]
B1: 0.16668960573715388 - 0.6665443257680146 - 0.16656720833959857 - 5.1121420675116785e-05
B2: 0.16667939318237043 - 0.6666761950137332 - 0.16668058447080428 - 1.3993963929691329e-05
