Number: 908
Error: 7.691539452371587e-06
A1: [8.700612449378645e-07, 8.28816654147466e-07, 1.2127091820629743e-06, 9.422607477061954e-07] - [0.20834441407921817, 0.3333434354002943, -0.041655641246070435, 1.139794790404231e-05] - [0.1666683307157483, 0.666668211423674, 0.16666861700201827, 1.7528327434716756e-06] - [-1.7189785196457638e-06, -1.534439868165232e-06, -1.3497944164813638e-06, -1.7175077027681008e-06]
A2: [0.16665081097729703, -0.166683072002743, -1.70225023040479e-05, -1.5871855885985583e-05] - [0.16658215118977343, 0.33324599841382596, -9.035500433349676e-05, -8.457883990853736e-05] - [0.1666382463696681, 0.8333039901491205, -3.029304886852276e-05, -2.8435811136666784e-05] - [4.877301898551019e-06, 5.026346194574324e-06, 5.161411312304237e-06, 4.877299429393529e-06]
B1: 0.16670987222145717 - 0.6666193345346889 - 0.16658116774742637 - 5.1475885628454745e-05
B2: 0.16670258058563944 - 0.6667130941874095 - 0.16672596913500232 - 3.6311755607779334e-05
