Number: 1354
Error: 7.440961723615904e-06
A1: [-6.811810843373672e-07, -7.974530082544726e-07, -2.7914667430723506e-07, -5.715349408061285e-07] - [0.20834041397886122, 0.3333388535825812, -0.04165986792660791, 7.5628433883022265e-06] - [0.16666640708048744, 0.666666233949145, 0.1666668441482139, -1.245877777787897e-07] - [-2.5678986877973054e-06, -2.2923673776040438e-06, -2.0166904862093286e-06, -2.5657037535197104e-06]
A2: [0.1666533796312959, -0.16668039892056177, -1.4308168307866222e-05, -1.3311180480719445e-05] - [0.16658219359207113, 0.3332461272437906, -9.035866889079521e-05, -8.456772282334573e-05] - [0.16663470163969046, 0.8333003531833749, -3.406565990290243e-05, -3.1988205058854085e-05] - [7.271388226095552e-06, 7.493611734441559e-06, 7.69499809798304e-06, 7.271385141689248e-06]
B1: 0.1667054257847393 - 0.6666027242607313 - 0.16657813965469118 - 5.1456765128379115e-05
B2: 0.16669733257570168 - 0.6667048052015249 - 0.16671580181657564 - 3.125707787225814e-05
