Number: 1395
Error: 3.3860451791458586e-06
A1: [-6.541500058618391e-06, -5.979478433963489e-06, -4.763403467620414e-06, -6.423367308828756e-06] - [0.20831355454858352, 0.33331500637313405, -0.04168061580021185, -1.925831654061963e-05] - [0.16665872017960565, 0.6666593878280859, 0.16666086283972134, -7.800747629921906e-06] - [-2.6461076411208704e-06, -2.3621976941455536e-06, -2.078138885625982e-06, -2.6438460572050164e-06]
A2: [0.16668244841498134, -0.1666504471679282, 1.643854497023652e-05, 1.5756875935914157e-05] - [0.16669451778110886, 0.33336188361873725, 2.848874001611474e-05, 2.7753614402570924e-05] - [0.16666170266268449, 0.8333281844603377, -5.486430659042324e-06, -4.9878807049373415e-06] - [7.494568434892338e-06, 7.723614569173576e-06, 7.931184358278014e-06, 7.49456531343973e-06]
B1: 0.16663975024813396 - 0.6666203464216576 - 0.16668145353692895 - -1.2969322955078943e-05
B2: 0.1666324732471739 - 0.6666184052760865 - 0.16661050502572117 - -3.358462807771055e-05
