Number: 2810
Error: 6.6366635405600605e-06
A1: [-5.756149871112042e-06, -6.118411281960072e-06, -5.162429648143407e-06, -5.524257782797846e-06] - [0.20832730985175466, 0.3333238460951385, -0.041673720525482086, -5.002628191547128e-06] - [0.1666601156723563, 0.6666597657236384, 0.16666104271871557, -6.265138490451649e-06] - [-5.338979666964112e-06, -4.766399887632154e-06, -4.193606699125001e-06, -5.334431228497722e-06]
A2: [0.16666175110143935, -0.1666716861993017, -5.460398854622346e-06, -4.965756760486172e-06] - [0.1665822852130874, 0.3332465023916172, -9.041463681996101e-05, -8.457824731233342e-05] - [0.1666231194370561, 0.833288470194263, -4.639117496223636e-05, -4.3595435255365846e-05] - [1.5085668180021199e-05, 1.5546745572936878e-05, 1.596462250200328e-05, 1.508566618463396e-05]
B1: 0.16669066372085115 - 0.6665482255381077 - 0.16656794722958415 - 5.114715799574399e-05
B2: 0.16668058918757628 - 0.6666780973043793 - 0.16668292185965272 - 1.5144881121986384e-05
