Number: 1288
Error: 7.477825042099101e-06
A1: [-4.604199580232278e-07, -5.660716547554927e-07, -6.813779192172834e-08, -3.563067245780133e-07] - [0.20834097053449768, 0.3333394942773858, -0.04165928172792377, 8.09501669814686e-06] - [0.16666668287006747, 0.6666665172172671, 0.1666670966489656, 1.44371559720563e-07] - [-2.442274623009692e-06, -2.180208457208846e-06, -1.918001909152556e-06, -2.4401867509180443e-06]
A2: [0.16665299792587118, -0.1666807960120208, -1.471129279871102e-05, -1.3691705217161348e-05] - [0.16658218295442043, 0.3332461039837917, -9.036214250458527e-05, -8.457373070471767e-05] - [0.16663522561272961, 0.8333008908221117, -3.3507929513240184e-05, -3.146309782005504e-05] - [6.917118687892329e-06, 7.128513373195428e-06, 7.320085545608069e-06, 6.917115666714911e-06]
B1: 0.16670612069760357 - 0.6666052174820513 - 0.16657862129724527 - 5.149654162557983e-05
B2: 0.16669813175568976 - 0.6667060270372205 - 0.1667172727857822 - 3.202764702513862e-05
