Number: 1377
Error: 3.376010916097097e-06
A1: [-6.4725788917881644e-06, -5.907169974914152e-06, -4.696160171662247e-06, -6.355963413142131e-06] - [0.2083137414523003, 0.3333152181988916, -0.04168041686163308, -1.9078095955354908e-05] - [0.166658804191068, 0.6666594743765669, 0.16666094149473115, -7.718607307731593e-06] - [-2.6118565622402466e-06, -2.3316181168817964e-06, -2.051232177560288e-06, -2.609624159602707e-06]
A2: [0.16668234583969802, -0.1666505540120992, 1.6329977111434447e-05, 1.5654622402301603e-05] - [0.16669451890575848, 0.33336188111029325, 2.8491419975895337e-05, 2.7756000726013687e-05] - [0.16666184604400777, 0.8333283315458216, -5.333891457282228e-06, -4.844190292322515e-06] - [7.397948945177726e-06, 7.624041750077648e-06, 7.828934911514073e-06, 7.397945838330101e-06]
B1: 0.16663991135320425 - 0.6666209993522262 - 0.16668155926486483 - -1.2986909704809353e-05
B2: 0.16663266093007875 - 0.6666187354039541 - 0.16661093180427466 - -3.3404741288632116e-05
