Number: 2479
Error: 3.984336934200977e-06
A1: [-1.0320774461105489e-05, -9.94199445338055e-06, -8.400174999088077e-06, -1.0111629245161605e-05] - [0.20830379358660844, 0.3333038280731262, -0.041690934597660476, -2.8618250044464727e-05] - [0.1666540358590771, 0.6666545716897022, 0.1666565429576152, -1.2372753924686938e-05] - [-4.708686528300512e-06, -4.2036824907092e-06, -3.698472504864241e-06, -4.704672039991114e-06]
A2: [0.16668868131105372, -0.16664396027351958, 2.3026003808441622e-05, 2.197039293694476e-05] - [0.1666945874567184, 0.3333621641140268, 2.8448343908475356e-05, 2.774729322427108e-05] - [0.16665308036816637, 0.8333193381692575, -1.4662157012360839e-05, -1.3628795300028713e-05] - [1.3312397892058195e-05, 1.371927454191516e-05, 1.4088022671516843e-05, 1.3312395230249679e-05]
B1: 0.16662876987921457 - 0.6665797835066971 - 0.16667387755434224 - -1.3189935326054196e-05
B2: 0.1666200075670086 - 0.666598517723309 - 0.16658601695115796 - -4.558069381211756e-05
