Number: 581
Error: 2.926769773565401e-06
A1: [-3.7198281126033685e-06, -3.0216177125538883e-06, -2.051602810656757e-06, -3.6700293936418704e-06] - [0.2083208170784914, 0.33332332757528166, -0.041672945757136, -1.2296878843444821e-05] - [0.16666222063531333, 0.6666629858867146, 0.16666408678366723, -4.384628613420955e-06] - [-1.0971261196639386e-06, -9.79240857313806e-07, -8.612826213343883e-07, -1.0961866795414568e-06]
A2: [0.16667776497694622, -0.16665532091217877, 1.1489722724869207e-05, 1.1087990357248806e-05] - [0.16669446218558245, 0.3333616713167952, 2.851897580919461e-05, 2.775508002026615e-05] - [0.16666817818579957, 0.8333348285453986, 1.4053625322324624e-06, 1.501620275138186e-06] - [3.1250202923619144e-06, 3.2205033634543116e-06, 3.307028581229817e-06, 3.1250185458254374e-06]
B1: 0.16664771078986387 - 0.6666505263321827 - 0.16668686420083845 - -1.3088813156417873e-05
B2: 0.16664222658500094 - 0.6666336780783092 - 0.1666291745484257 - -2.4183913312707982e-05
