Number: 2907
Error: 4.218286960435539e-06
A1: [-1.180174207483701e-05, -1.1494685803079707e-05, -9.823641844848921e-06, -1.1556675615226222e-05] - [0.20829998463291136, 0.3332994619877711, -0.041694958883969804, -3.2268914304101406e-05] - [0.16665219765048883, 0.6666526820559576, 0.16665484984895312, -1.4166633786077584e-05] - [-5.523001696319728e-06, -4.930703329592189e-06, -4.338190080589892e-06, -5.518297512578135e-06]
A2: [0.16669113866152596, -0.16664140273538813, 2.5623158549740914e-05, 2.4420091876391084e-05] - [0.16669459915033344, 0.3333622588158326, 2.8416136767142987e-05, 2.7728977450422484e-05] - [0.1666496714755655, 0.8333158408125789, -1.828960986226353e-05, -1.7045041697625564e-05] - [1.5609138611647926e-05, 1.6086217945413983e-05, 1.6518599802673464e-05, 1.5609136856781088e-05]
B1: 0.16662440481395793 - 0.6665637252789877 - 0.16667082913129436 - -1.3306977696958276e-05
B2: 0.16661507279600926 - 0.6665906872804994 - 0.16657640670680146 - -5.03300309513881e-05
