Number: 565
Error: 2.917545979734414e-06
A1: [-3.677005100755644e-06, -2.976846923715011e-06, -2.0123978079246845e-06, -3.6285374859273744e-06] - [0.20832090887602317, 0.33332343725022323, -0.04167285181298631, -1.2210950864211963e-05] - [0.16666227664275332, 0.6666630430781565, 0.1666641358865962, -4.330266751706031e-06] - [-1.0666783660914264e-06, -9.520561337901003e-07, -8.373627149884877e-07, -1.0657649662675267e-06]
A2: [0.16667767116414098, -0.1666554183472114, 1.1390935455414632e-05, 1.0994463687853952e-05] - [0.1666944571580004, 0.3333616635371087, 2.851630390269699e-05, 2.7751174329763718e-05] - [0.16666830525982015, 0.8333349589784009, 1.54071125948521e-06, 1.6289690932996417e-06] - [3.039131065760254e-06, 3.131988760475421e-06, 3.216134766414173e-06, 3.0391293605451767e-06]
B1: 0.1666478949980884 - 0.6666511467925317 - 0.166686997277246 - -1.3063384806440449e-05
B2: 0.16664247273116764 - 0.6666339932129626 - 0.1666295147268662 - -2.3944700921538963e-05
