Number: 2241
Error: 3.853711120583037e-06
A1: [-9.492389868073622e-06, -9.073451291624404e-06, -7.603219664345557e-06, -9.30322489532956e-06] - [0.20830593117154164, 0.333306276560932, -0.04168867509047389, -2.6568706326335772e-05] - [0.166655062946972, 0.6666556276482164, 0.16665748989932036, -1.1370322262643974e-05] - [-4.25585182305419e-06, -3.799390321237012e-06, -3.342731162071951e-06, -4.252221445437294e-06]
A2: [0.16668731423932417, -0.1666453831011077, 2.1581103990135234e-05, 2.0607576011438933e-05] - [0.1666945777011594, 0.3333621080890073, 2.846278202335151e-05, 2.7754224265445955e-05] - [0.1666549748872249, 0.8333212818679229, -1.2646128698200948e-05, -1.173018747490604e-05] - [1.203515517345012e-05, 1.2402991203169123e-05, 1.2736352987457314e-05, 1.2035152184904046e-05]
B1: 0.1666311851863658 - 0.666588697969547 - 0.16667555408672408 - -1.3136926258438457e-05
B2: 0.16662273959666424 - 0.6666028750580301 - 0.16659137992171733 - -4.2951775059451964e-05
