Number: 2696
Error: 6.699102975540636e-06
A1: [-5.359811621645659e-06, -5.702868908364165e-06, -4.7812078953308015e-06, -5.13748934380705e-06] - [0.2083283318156449, 0.33332501686978344, -0.04167264038067389, -4.022833672347671e-06] - [0.16666060724645437, 0.6666602710881623, 0.16666149582973544, -5.785373649106738e-06] - [-5.122027976341843e-06, -4.572705887870461e-06, -4.023172485240751e-06, -5.117663239332238e-06]
A2: [0.16666109677210725, -0.16667236723779963, -6.1520046649213335e-06, -5.618046758782545e-06] - [0.16658228249650575, 0.3332464774938503, -9.040576879906057e-05, -8.457296553836819e-05] - [0.1666240274337777, 0.8332894017424627, -4.5424977586526375e-05, -4.268547851341584e-05] - [1.4473914079585807e-05, 1.4916292531094386e-05, 1.5317220104213202e-05, 1.4473911827416883e-05]
B1: 0.16669182122128323 - 0.6665524975859298 - 0.16656875391722673 - 5.1173144392883954e-05
B2: 0.1666818975708418 - 0.6666801827673315 - 0.16668548729896274 - 1.640384154490997e-05
