Number: 777
Error: 3.0390835298604408e-06
A1: [-4.4054840119549815e-06, -3.74028014610444e-06, -2.7112280810399656e-06, -4.339225010042332e-06] - [0.20831904362707523, 0.3333212983151641, -0.04167481911318249, -1.3997806845263712e-05] - [0.16666137164998177, 0.6666621131652669, 0.16666330391598805, -5.213299952065589e-06] - [-1.470109746200439e-06, -1.3122480251855057e-06, -1.1542923857381887e-06, -1.4688514801469644e-06]
A2: [0.1666788890579738, -0.1666541510378459, 1.2677654305515304e-05, 1.2208567387868689e-05] - [0.16669446176891156, 0.3333617084363331, 2.8497538745952752e-05, 2.7740924529232958e-05] - [0.16666661574902608, 0.8333332254544941, -2.574289927735092e-07, -6.418178522320128e-08] - [4.1772205333138954e-06, 4.304866085044492e-06, 4.420538400433016e-06, 4.177218324377943e-06]
B1: 0.1666459116670996 - 0.6666433670889067 - 0.16668565935232038 - -1.2942390343451395e-05
B2: 0.16663981807004394 - 0.6666299218536592 - 0.16662458102639083 - -2.650752487037276e-05
