Number: 2527
Error: 4.010658167314159e-06
A1: [-1.0496498704214158e-05, -1.0126303935299611e-05, -8.570532760807968e-06, -1.0283315622981184e-05] - [0.20830332761559575, 0.33330329744041287, -0.04169142907523011, -2.9066431599292193e-05] - [0.166653819970354, 0.666654349486774, 0.1666563422492101, -1.2583661711951322e-05] - [-4.80001213756775e-06, -4.285217735916602e-06, -3.7702160019717122e-06, -4.795920233787262e-06]
A2: [0.16668895542977819, -0.1666436748370166, 2.3315969239042815e-05, 2.224365361574802e-05] - [0.16669458512095434, 0.3333621713022706, 2.8441525898391127e-05, 2.774159228160049e-05] - [0.166652697723906, 0.8333189456297467, -1.5069259006774569e-05, -1.4012264165632007e-05] - [1.3569990685718858e-05, 1.3984740977043737e-05, 1.4360625862860747e-05, 1.3569988105207942e-05]
B1: 0.16662831143777396 - 0.6665780127131429 - 0.16667356488413343 - -1.3171928412388295e-05
B2: 0.16661948653994393 - 0.6665976419198775 - 0.16658490985585317 - -4.6080927843226424e-05
