Number: 2383
Error: 3.931710588094864e-06
A1: [-9.993285894206665e-06, -9.598681043150203e-06, -8.086110407709903e-06, -9.792193502712155e-06] - [0.20830462902744395, 0.33330478741637987, -0.04169005298409429, -2.7818295828228406e-05] - [0.16665444342792965, 0.6666549905265159, 0.16665691744483072, -1.1975123884139471e-05] - [-4.5260310683569405e-06, -4.040606978436538e-06, -3.5549799982630845e-06, -4.5221714655263215e-06]
A2: [0.1666881288765853, -0.16664453514138025, 2.244229208605374e-05, 2.141967474018673e-05] - [0.16669458102335524, 0.3333621391651472, 2.845197308338075e-05, 2.7747590843765844e-05] - [0.16665384431468858, 0.8333201219707478, -1.3849161479939953e-05, -1.2863199441956005e-05] - [1.2797218024819743e-05, 1.3188347521483617e-05, 1.3542822357368596e-05, 1.2797215215943e-05]
B1: 0.16662976567701715 - 0.6665834001555779 - 0.1666745740813025 - -1.3146973052811421e-05
B2: 0.1666211318055077 - 0.6666002768225631 - 0.16658815981568117 - -4.4498048498443685e-05
