Number: 1108
Error: 7.578700878189917e-06
A1: [1.57032206115568e-07, 8.119280081904051e-08, 5.244119442998265e-07, 2.460407802338937e-07] - [0.20834255029461368, 0.33334130692450964, -0.04165761429423793, 9.608219908137802e-06] - [0.16666745054360554, 0.6666673061451055, 0.16666780252136842, 8.934019220723398e-07] - [-2.0996622103461996e-06, -1.874319414979772e-06, -1.6488513663563525e-06, -2.0978664915539138e-06]
A2: [0.16665195956792303, -0.16668187645262045, -1.580831459695682e-05, -1.472684310599774e-05] - [0.16658216105826176, 0.33324604735935603, -9.036512776420798e-05, -8.458300043117984e-05] - [0.16663665551778384, 0.8333023579657391, -3.198602536661452e-05, -3.0030099623690992e-05] - [5.950907029158313e-06, 6.132767867723038e-06, 6.2975737687190355e-06, 5.9509042296567996e-06]
B1: 0.16670795464671423 - 0.6666119585144777 - 0.1665798787021348 - 5.1543704973696435e-05
B2: 0.1667002693537702 - 0.6667093651802786 - 0.1667213408172416 - 3.4087217689331e-05
