Number: 1525
Error: 3.4583317821869536e-06
A1: [-7.004611733489627e-06, -6.465111521104822e-06, -5.210513787195078e-06, -6.8755542048289956e-06] - [0.20831234422773276, 0.33331362388293045, -0.04168189739785896, -2.0420504186278045e-05] - [0.16665814843927443, 0.6666587997285597, 0.16666033371041652, -8.359007869496391e-06] - [-2.893476249350366e-06, -2.5830509164040975e-06, -2.2724672546292598e-06, -2.8910039823634222e-06]
A2: [0.1666831950680841, -0.1666496699744307, 1.722788046383288e-05, 1.6501205039718077e-05] - [0.16669452485658748, 0.3333619161730529, 2.8483015778649225e-05, 2.7751576721678903e-05] - [0.16666066886610775, 0.8333271238208886, -6.586555538442438e-06, -6.023909888146242e-06] - [8.192347568818438e-06, 8.442722452815296e-06, 8.66962281751342e-06, 8.19234436337614e-06]
B1: 0.1666384703714777 - 0.6666155194736616 - 0.16668058354566953 - -1.2958749803406545e-05
B2: 0.16663100249909485 - 0.6666160137476923 - 0.1666075293990017 - -3.49990617018554e-05
