Number: 2342
Error: 6.8935314528646405e-06
A1: [-4.132815450387709e-06, -4.4164471054326905e-06, -3.601573048790171e-06, -3.94020710135e-06] - [0.2083314901856003, 0.333328636486666, -0.04166930305355766, -9.953981244299482e-07] - [0.16666212993497978, 0.6666618363857634, 0.16666289864384148, -4.299353879340236e-06] - [-4.4483186761970205e-06, -3.971218016347608e-06, -3.4939160173402113e-06, -4.4445249969011186e-06]
A2: [0.16665906278849907, -0.166674484131733, -8.301678503554066e-06, -7.645697680752996e-06] - [0.16658226678922555, 0.3332463929895376, -9.038532583847118e-05, -8.456383657202697e-05] - [0.16662684543237438, 0.8332922928849433, -4.242622898190094e-05, -3.986139401891503e-05] - [1.2574171869958807e-05, 1.2958482440157822e-05, 1.3306776558760619e-05, 1.2574169006117784e-05]
B1: 0.1666954316973114 - 0.6665657750354123 - 0.16657126558565344 - 5.1269911802743944e-05
B2: 0.16668597810553312 - 0.6666866646358284 - 0.1666934472779841 - 2.0330907581151593e-05
