Number: 1137
Error: 3.242036688575629e-06
A1: [-5.641353810701622e-06, -5.035726774205064e-06, -3.897197745596321e-06, -5.544884795561463e-06] - [0.20831588014958452, 0.33331766927135065, -0.041678157532352905, -1.7028169246372658e-05] - [0.1666598356785488, 0.6666605346929708, 0.16666189156573688, -6.711984008926458e-06] - [-2.1551655574739654e-06, -1.923877939437711e-06, -1.692462387103356e-06, -2.1533224785218847e-06]
A2: [0.1666809631994164, -0.16665199281917492, 1.4868981489872734e-05, 1.4276272764250955e-05] - [0.16669449492618998, 0.3333618106855481, 2.8492286240817884e-05, 2.7748845684219192e-05] - [0.16666375332052025, 0.8333302884587354, -3.3039991941763517e-06, -2.9327921644641944e-06] - [6.109702569858406e-06, 6.2964179267170155e-06, 6.465623426162149e-06, 6.109699726789406e-06]
B1: 0.1666423348344334 - 0.6666299677662071 - 0.16668321879363424 - -1.2945755448564211e-05
B2: 0.1666354753311807 - 0.6666231755087365 - 0.16661637189246187 - -3.0694310025055e-05
