Number: 1255
Error: 3.30804709484789e-06
A1: [-6.066656506076464e-06, -5.481731674022544e-06, -4.308493786486417e-06, -5.960266162613226e-06] - [0.20831476171885593, 0.33331639351673276, -0.04167934275008532, -1.8102890217392133e-05] - [0.16665931174647367, 0.6666599956477983, 0.1666614057868653, -7.2236749940520685e-06] - [-2.3797059859222108e-06, -2.124350397023774e-06, -1.8688569482502814e-06, -2.3776714356964156e-06]
A2: [0.16668164016285042, -0.16665128810299049, 1.558475240432332e-05, 1.4951126751751605e-05] - [0.16669449925285787, 0.3333618382045255, 2.848513348691443e-05, 2.7744900829715914e-05] - [0.166662814696656, 0.833329325471809, -4.302822623076022e-06, -3.873442333618408e-06] - [6.743106761336978e-06, 6.949183196241398e-06, 7.135935473210009e-06, 6.743103772576067e-06]
B1: 0.16664120128429805 - 0.6666256137385956 - 0.1666824557924705 - -1.290794557214042e-05
B2: 0.16663414489237294 - 0.6666209939990275 - 0.16661364411510093 - -3.197363477045797e-05
