Number: 969
Error: 3.1477038526697036e-06
A1: [-5.06163283301371e-06, -4.428006847633853e-06, -3.3403698441907083e-06, -4.9792645652850774e-06] - [0.20831736852939556, 0.33331937570009973, -0.04167658594187513, -1.5601921134916144e-05] - [0.16666055551617004, 0.6666612745591652, 0.16666255410483116, -6.009549809220796e-06] - [-1.8354756179511869e-06, -1.6384535244166661e-06, -1.441318665015705e-06, -1.8339053269348607e-06]
A2: [0.16667999528547045, -0.16665300001181713, 1.3846295313283331e-05, 1.3311362291191674e-05] - [0.166694478647373, 0.33336176202618945, 2.8493658995393654e-05, 2.7744343785846766e-05] - [0.1666650887097653, 0.8333316586202054, -1.8827273436544756e-06, -1.5945179726332487e-06] - [5.2078942418769285e-06, 5.367044226967403e-06, 5.511267823810639e-06, 5.207891659456301e-06]
B1: 0.1666440148025874 - 0.6666362302226998 - 0.16668436589822044 - -1.2933418019905941e-05
B2: 0.16663747424394384 - 0.666626305558111 - 0.16662019461822453 - -2.8768175512481982e-05
