Number: 1855
Error: 3.641058679418091e-06
A1: [-8.156047134219438e-06, -7.672379362157689e-06, -6.318660243199021e-06, -7.999281270094024e-06] - [0.20830936906806138, 0.33331021706001046, -0.04168504273918616, -2.3273574265999204e-05] - [0.16665672147931967, 0.6666573325932195, 0.16665901761178684, -9.751773852115992e-06] - [-3.52139858646026e-06, -3.1436657942980204e-06, -2.7657538584795002e-06, -3.518392077327036e-06]
A2: [0.1666850937193295, -0.16664769399128282, 1.9234482658861316e-05, 1.839395674260073e-05] - [0.16669455068889663, 0.3333620061954206, 2.8475353264938543e-05, 2.7754274248604802e-05] - [0.1666580451792817, 0.8333244319425492, -9.378723783922865e-06, -8.653264707301973e-06] - [9.963541786826422e-06, 1.0268055974468268e-05, 1.0544024771965987e-05, 9.963538538420231e-06]
B1: 0.1666351303380712 - 0.6666031770637402 - 0.16667828706230012 - -1.3023143973966091e-05
B2: 0.16662720315387106 - 0.666609952183299 - 0.16660006436732383 - -3.865544616782723e-05
