Number: 2424
Error: 6.848410411474351e-06
A1: [-4.420021602065397e-06, -4.7175862359893824e-06, -3.8781432996877076e-06, -4.220527407137111e-06] - [0.20833074656116038, 0.3333277853457693, -0.04167008947750795, -1.7086813664689714e-06] - [0.16666177420372902, 0.6666614706155972, 0.16666257034333815, -4.646588145070678e-06] - [-4.60437697997187e-06, -4.110546983891793e-06, -3.616512870780152e-06, -4.600450939684787e-06]
A2: [0.16665953361880118, -0.16667399407076028, -7.803998209919833e-06, -7.176334273358685e-06] - [0.16658226982009985, 0.3332464120225659, -9.039053422477938e-05, -8.456655862175781e-05] - [0.16662619269751602, 0.8332916232149785, -4.312081641064064e-05, -4.0515538539843004e-05] - [1.3014236610040555e-05, 1.3411998298313594e-05, 1.3772484510214077e-05, 1.3014233862850195e-05]
B1: 0.16669460488883012 - 0.666562709052215 - 0.16657069349404452 - 5.12570305205792e-05
B2: 0.1666850422556064 - 0.666685163239602 - 0.16669159367888509 - 1.9430606112838314e-05
