Number: 2842
Error: 6.619159402554681e-06
A1: [-5.865297855034146e-06, -6.2328318343995996e-06, -5.267098445424088e-06, -5.6307215404206475e-06] - [0.20832703146162654, 0.33332352640874174, -0.041674014297251, -5.269189468798655e-06] - [0.16665997981356734, 0.6666596261130608, 0.16666091789469903, -6.397684478192846e-06] - [-5.399878568568427e-06, -4.820770357561875e-06, -4.24144824653802e-06, -5.39527858142128e-06]
A2: [0.16666193509672642, -0.16667149472443762, -5.2659762847450985e-06, -4.782333918326643e-06] - [0.16658228678069711, 0.333246510139099, -9.041641615487405e-05, -8.457892487870996e-05] - [0.1666228646378979, 0.8332882087786394, -4.6662322520405586e-05, -4.385078460872327e-05] - [1.5257386212067947e-05, 1.572371235606931e-05, 1.6146346967151747e-05, 1.525738429402801e-05]
B1: 0.166690331833282 - 0.666547019610592 - 0.16656771424206185 - 5.113288088530987e-05
B2: 0.16668021500690777 - 0.6666775115568785 - 0.16668220830268038 - 1.4784573926753723e-05
