Number: 3
Error: 2.569397099041473e-06
A1: [-2.519762556660132e-06, -1.7690540378850026e-06, -1.0179857809077533e-06, -2.517721601622873e-06] - [0.20832272592221657, 0.33332581045312826, -0.04167110299319749, -1.0598739562834851e-05] - [0.16666388802723278, 0.6666646780711588, 0.166665468765801, -2.776348632058126e-06] - [2.723536261716854e-09, 2.7352274770855216e-09, 2.7469860062924483e-09, 2.720892275066114e-09]
A2: [0.1666743365459885, -0.16665887468166002, 7.89272805656654e-06, 7.669897287528428e-06] - [0.1666941991990353, 0.333361326961339, 2.837743718606738e-05, 2.753262535273278e-05] - [0.16667276737678796, 0.8333395425872517, 6.300505398936796e-06, 6.10073868062305e-06] - [2.2110339203000137e-08, 2.274679633605049e-08, 2.332053788815089e-08, 2.2110373438784564e-08]
B1: 0.16665439934010856 - 0.6666729812967721 - 0.1666917185653658 - -1.2132789493817691e-05
B2: 0.1666533110425682 - 0.6666461603583586 - 0.1666414131357318 - -1.3349950329464479e-05
