Number: 1268
Error: 7.489017572153447e-06
A1: [-3.891608544660478e-07, -4.913498144323387e-07, 6.549241478472886e-10, -2.8672844434586853e-07] - [0.20834115675448817, 0.3333397069785795, -0.04165908455669507, 8.273831276653124e-06] - [0.16666677085051232, 0.6666666077109975, 0.16666717806612802, 2.3027800194508577e-07] - [-2.404207421243672e-06, -2.1462216538903083e-06, -1.8880971164226352e-06, -2.4021519979204875e-06]
A2: [0.16665288300199047, -0.16668091563488469, -1.48327823086365e-05, -1.3806271314409337e-05] - [0.1665821816773512, 0.333246098785889, -9.036144560985727e-05, -8.457360482400246e-05] - [0.16663538462068472, 0.833301053959782, -3.3338715565839016e-05, -3.130374617338826e-05] - [6.809763371787766e-06, 7.01787657122734e-06, 7.206474737636068e-06, 6.809760371693911e-06]
B1: 0.16670631656707902 - 0.6666059589447615 - 0.16657875383745888 - 5.149387277128416e-05
B2: 0.16669835942475209 - 0.6667063963806513 - 0.16671773196481768 - 3.224664653362613e-05
