Number: 858
Error: 7.71984051473625e-06
A1: [1.0244358661785217e-06, 9.90486972018859e-07, 1.3581949909421401e-06, 1.0924559261062939e-06] - [0.20834478379828317, 0.33334386584694026, -0.04165525510042748, 1.1749244805813115e-05] - [0.16666852660453213, 0.666668412223491, 0.16666879373659588, 1.943559197427266e-06] - [-1.62380211355075e-06, -1.4494642906919098e-06, -1.2750245544797766e-06, -1.6224125746729598e-06]
A2: [0.16665051994241695, -0.16668337456878815, -1.732950905014661e-05, -1.6161996299185577e-05] - [0.1665821389139312, 0.3332459769289832, -9.03611359871827e-05, -8.458760854301242e-05] - [0.16663864306246487, 0.8333043972461035, -2.9870679473401227e-05, -2.8038259223929846e-05] - [4.6088951721030076e-06, 4.74973513183207e-06, 4.877364961655889e-06, 4.60889279920105e-06]
B1: 0.16671042213942389 - 0.6666212462317809 - 0.1665815548397548 - 5.152952137035047e-05
B2: 0.16670324666246011 - 0.6667140401782387 - 0.16672706131672704 - 3.6956157554311506e-05
