Number: 1451
Error: 3.4172320999679987e-06
A1: [-6.750588816137819e-06, -6.19880667111507e-06, -4.9666748914246395e-06, -6.627740795309195e-06] - [0.20831299454326496, 0.3333143700358469, -0.041681210841577714, -1.9797550504837276e-05] - [0.1666584641980203, 0.6666591242556023, 0.1666606241263987, -8.050913086680893e-06] - [-2.7526663400946417e-06, -2.4573340975664745e-06, -2.161848827372402e-06, -2.7503139854198602e-06]
A2: [0.16668276842908092, -0.16665011391746493, 1.677711089298756e-05, 1.6075888998035717e-05] - [0.1666945165981767, 0.3333618936221632, 2.8482478002208415e-05, 2.774850609304454e-05] - [0.16666125684910513, 0.8333277271088603, -5.960764166391949e-06, -5.434655944409733e-06] - [7.795157436800642e-06, 8.033391555890263e-06, 8.249288525592981e-06, 7.795154274518242e-06]
B1: 0.16663923103794778 - 0.6666182978427411 - 0.16668110810849768 - -1.2932619161651099e-05
B2: 0.16663187173545324 - 0.6666173772194798 - 0.16660919380960368 - -3.4161883823259805e-05
