Number: 2301
Error: 3.886688660560929e-06
A1: [-9.706061446957252e-06, -9.297518703396384e-06, -7.809511155564354e-06, -9.511854756834601e-06] - [0.2083053728135004, 0.3333056387299211, -0.04168926637221572, -2.7104850332034654e-05] - [0.16665479913172584, 0.6666553562801466, 0.16665724574065752, -1.162791687518359e-05] - [-4.370012343046002e-06, -3.901313056909199e-06, -3.432413798650675e-06, -4.36628509154214e-06]
A2: [0.16668765815640502, -0.16664502508681547, 2.1944725868249e-05, 2.0950420487570572e-05] - [0.16669457839104063, 0.3333621205513879, 2.8457594347390587e-05, 2.7750707628297725e-05] - [0.1666544971225219, 0.8333207917180657, -1.3154498967192931e-05, -1.220898289501452e-05] - [1.2357157133864216e-05, 1.2734835584643053e-05, 1.3077118440193732e-05, 1.2357154215745356e-05]
B1: 0.16663059180580014 - 0.6665864657036396 - 0.16667514609489192 - -1.3134751461849832e-05
B2: 0.1666220671049009 - 0.6666017777557368 - 0.1665900131952035 - -4.3598274096873235e-05
