Number: 2966
Error: 6.551356630283387e-06
A1: [-6.297238755597858e-06, -6.68570720208243e-06, -5.682689324799003e-06, -6.052252538360332e-06] - [0.20832591647710338, 0.33332224937282084, -0.041675192942824325, -6.338302747070353e-06] - [0.16665944427488852, 0.6666590755271284, 0.1666604240967878, -6.92037753727697e-06] - [-5.635857204381177e-06, -5.031451192622378e-06, -4.42682978598623e-06, -5.6310575409052215e-06]
A2: [0.16666264632526936, -0.16667075443790605, -4.514188229640006e-06, -4.073323594292224e-06] - [0.16658228801034752, 0.33324653551190836, -9.042775136483948e-05, -8.458639536429071e-05] - [0.16662187661572753, 0.8332871951409041, -4.771364672739583e-05, -4.484093883962545e-05] - [1.5922783746530567e-05, 1.640944846764149e-05, 1.6850518937244904e-05, 1.592278214965247e-05]
B1: 0.16668907699034252 - 0.6665423759271991 - 0.16656683871794756 - 5.110879357452967e-05
B2: 0.1666787953652571 - 0.6666752440570901 - 0.16667941596879413 - 1.3418690961386278e-05
