Number: 2526
Error: 6.792349270035935e-06
A1: [-4.7784374300663094e-06, -5.0933988844967865e-06, -4.223460668303297e-06, -4.570376886026013e-06] - [0.2083298168887297, 0.33332672166830957, -0.04167107291958464, -2.6006080396451894e-06] - [0.1666613305362273, 0.6666610143941413, 0.1666621606629862, -5.079685276579847e-06] - [-4.798496090407519e-06, -4.283856439513024e-06, -3.769009609084551e-06, -4.794405475989225e-06]
A2: [0.16666011893661895, -0.16667338482201172, -7.1852609878176135e-06, -6.592841126829856e-06] - [0.16658227250708996, 0.3332464346418272, -9.039803945703192e-05, -8.457102779240648e-05] - [0.16662538056066156, 0.8332907900160388, -4.398500653489016e-05, -4.1329428931411396e-05] - [1.356162467634381e-05, 1.3976117932159213e-05, 1.4351769778200294e-05, 1.3561622095366482e-05]
B1: 0.16669358021314212 - 0.6665588984956013 - 0.16656998448287713 - 5.124479646430884e-05
B2: 0.16668388301325285 - 0.666683296889164 - 0.16668928539859879 - 1.8315582704517467e-05
