Number: 36
Error: 8.208676633716857e-06
A1: [3.6796351440664395e-06, 3.7700084578380036e-06, 3.876001901167018e-06, 3.6788318959532835e-06] - [0.20835132839615075, 0.3333514270713032, -0.04164840397520024, 1.799053690763786e-05] - [0.16667186268938106, 0.6666718337888626, 0.1666718243715969, 5.1946600161840546e-06] - [-5.9033247169655345e-08, -5.240109733496846e-08, -4.5764306645452086e-08, -5.898291168906441e-08]
A2: [0.16664580784512617, -0.1666882758768295, -2.2303644962764673e-05, -2.0859388564127896e-05] - [0.166582208529499, 0.33324589793124304, -9.018566043812047e-05, -8.446033772486754e-05] - [0.16664522781903932, 0.833311154075055, -2.2861920698844445e-05, -2.1439380809199498e-05] - [1.9605030077196496e-07, 2.0200342896155032e-07, 2.073951699625914e-07, 1.9605022966916055e-07]
B1: 0.16671749111001963 - 0.6666508954946357 - 0.16658633064994985 - 5.0440361724042726e-05
B2: 0.16671506295366006 - 0.6667308122314887 - 0.16674660507412356 - 4.841613868175905e-05
