Number: 1732
Error: 7.2305745403425e-06
A1: [-2.008428825426004e-06, -2.1890920395302023e-06, -1.557676403953054e-06, -1.8670346801073475e-06] - [0.20833697299468634, 0.33333491634956075, -0.04166350741222836, 4.261744244437744e-06] - [0.16666476394988822, 0.6666645443854121, 0.16666532718841343, -1.72854037970621e-06] - [-3.287352191707788e-06, -2.934701850408284e-06, -2.5818797230159094e-06, -3.284544728832956e-06]
A2: [0.16665555444238073, -0.16667813543916438, -1.2009554462262551e-05, -1.1143131487559808e-05] - [0.1665822246275961, 0.3332462320569951, -9.03656172586623e-05, -8.456320397603455e-05] - [0.1666316970276396, 0.8332972704952164, -3.726321995036542e-05, -3.499931346418371e-05] - [9.300303375560891e-06, 9.58454374011875e-06, 9.842137399910715e-06, 9.300300116866306e-06]
B1: 0.16670163101065122 - 0.6665886197993494 - 0.1665755453592265 - 5.141425640716977e-05
B2: 0.16669299480283273 - 0.6666978504434776 - 0.16670721304645272 - 2.7083164366254912e-05
