Number: 2292
Error: 6.921071281040419e-06
A1: [-3.954767099441772e-06, -4.229738554034725e-06, -3.4296812729952224e-06, -3.7663602654523895e-06] - [0.2083319553866352, 0.3333291679083129, -0.041668810432357824, -5.487091616056311e-07] - [0.16666234979838412, 0.666662062536454, 0.16666310211275695, -4.084674450598643e-06] - [-4.353161290403886e-06, -3.886261496885205e-06, -3.419162197078351e-06, -4.349448342963472e-06]
A2: [0.16665877613057897, -0.16667478254063162, -8.604759392523606e-06, -7.931461153279221e-06] - [0.16658226599328896, 0.33324638237040005, -9.038123240881474e-05, -8.456112466078874e-05] - [0.16662724353158745, 0.8332927013024399, -4.200262632054181e-05, -3.946243527489595e-05] - [1.2305836254203885e-05, 1.268194481604929e-05, 1.3022804684257466e-05, 1.2305833326599323e-05]
B1: 0.1666959265596386 - 0.6665676355007203 - 0.1665716056213645 - 5.126846623436654e-05
B2: 0.16668653884509133 - 0.6666875793331646 - 0.16669458634632103 - 2.0869971724240318e-05
