Number: 173
Error: 2.683896729461844e-06
A1: [-2.3713539866351456e-06, -1.6097510001078573e-06, -7.679504321981251e-07, -2.355744319773295e-06] - [0.20832418904007644, 0.33332721087886596, -0.04166940815780237, -9.075577822359601e-06] - [0.1666639071204646, 0.6666647165382278, 0.16666562513688002, -2.7403540144678937e-06] - [-3.2069917762257577e-07, -2.8602658272038724e-07, -2.5133051257851447e-07, -3.2042445054724364e-07]
A2: [0.16667543317476574, -0.16665774682924386, 9.027410241305909e-06, 8.763482791674353e-06] - [0.16669451811587013, 0.33336165304114657, 2.8626394157423206e-05, 2.783961064019431e-05] - [0.1666714499180878, 0.833338185657035, 4.887452401719113e-06, 4.780357705650651e-06] - [9.345886871609464e-07, 9.631168990892401e-07, 9.889662330922902e-07, 9.345881470379352e-07]
B1: 0.16665107195480033 - 0.6666651057215199 - 0.16668910856179983 - -1.3776904983743595e-05
B2: 0.16664801980308863 - 0.6666420264326085 - 0.16663899971645227 - -1.8567446231391478e-05
