Number: 1556
Error: 7.32834780999275e-06
A1: [-1.3959521852254018e-06, -1.5469381328805248e-06, -9.684899774535977e-07, -1.2693347588850664e-06] - [0.20833855301112633, 0.33333672620089516, -0.04166183741456729, 5.776650589438232e-06] - [0.16666552345246186, 0.666665325200567, 0.1666660273326611, -9.872737784412891e-07] - [-2.952371003334521e-06, -2.6356278226959254e-06, -2.318724302775504e-06, -2.949848606189973e-06]
A2: [0.1666545410657882, -0.1666791900577028, -1.3080485361391703e-05, -1.2153359595397418e-05] - [0.16658220833232895, 0.3332461815197158, -9.03640020023742e-05, -8.456715268805953e-05] - [0.16663309585526884, 0.8332987056871355, -3.5774530170082444e-05, -3.359746097351566e-05] - [8.355641295565427e-06, 8.611006662649954e-06, 8.842429983208238e-06, 8.355638078169404e-06]
B1: 0.1667034191669197 - 0.6665952077991656 - 0.16657677378222133 - 5.1455352601305034e-05
B2: 0.1666950290777711 - 0.6667010860948728 - 0.16671119146814628 - 2.9041143941052676e-05
