Number: 2902
Error: 6.586327694961294e-06
A1: [-6.078940316468569e-06, -6.456864529032717e-06, -5.473350709216929e-06, -5.839322492152928e-06] - [0.2083264732681715, 0.33332288875399324, -0.04167460539242331, -5.805169231720613e-06] - [0.16665971599385068, 0.6666593547491819, 0.16666067374597096, -6.655284051303685e-06] - [-5.514060734994326e-06, -4.922711567464671e-06, -4.3311476963695776e-06, -5.509364117389132e-06]
A2: [0.16666227848243936, -0.1666711372391165, -4.902884478553073e-06, -4.440021535606033e-06] - [0.1665822854423204, 0.3332465205864225, -9.042362200220544e-05, -8.458447297602774e-05] - [0.1666223863544339, 0.8332877181130535, -4.717121029653916e-05, -4.433009970315737e-05] - [1.5579354830871185e-05, 1.6055522280319112e-05, 1.6487077491496635e-05, 1.5579353063935084e-05]
B1: 0.16668973979043952 - 0.666544787216023 - 0.16656730456992713 - 5.113637913024565e-05
B2: 0.16667954381032093 - 0.666676415642778 - 0.16668084317835885 - 1.4139388832158658e-05
