Number: 1601
Error: 3.500474435948555e-06
A1: [-7.260949757461911e-06, -6.73380960779452e-06, -5.455885322201583e-06, -7.125519305845407e-06] - [0.20831169465458943, 0.33331287690427946, -0.04168258214828127, -2.104199363592683e-05] - [0.16665782874188345, 0.6666584712825018, 0.16666004055322428, -8.670838667192725e-06] - [-3.038091070197636e-06, -2.7121648727249714e-06, -2.3860751439350613e-06, -3.035495692519609e-06]
A2: [0.16668363395922714, -0.16664921334905253, 1.769147738223842e-05, 1.6938737433297013e-05] - [0.1666945351783023, 0.33336194107688677, 2.8485208945191223e-05, 2.7756570262475164e-05] - [0.16666006518315932, 0.8333265044082473, -7.229091826534059e-06, -6.628898197461362e-06] - [8.600264246864782e-06, 8.86310776451234e-06, 9.101308763815684e-06, 8.60026100987225e-06]
B1: 0.1666376731010796 - 0.6666126505272025 - 0.16668002984804678 - -1.3001648368749755e-05
B2: 0.16663009565804238 - 0.6666146134848593 - 0.16660583501301357 - -3.587297640077658e-05
