Number: 2657
Error: 4.081773532783154e-06
A1: [-1.0935468694767612e-05, -1.0586449909721198e-05, -8.990818647705374e-06, -1.0711385247248073e-05] - [0.20830221442058403, 0.33330201747905874, -0.04169260276264547, -3.0131589646904433e-05] - [0.16665327260495816, 0.6666537871180127, 0.16665584019018168, -1.3117573040809464e-05] - [-5.047354716721371e-06, -4.506046011161151e-06, -3.964526710036169e-06, -5.043053227112522e-06]
A2: [0.16668970390794788, -0.16664289601911425, 2.4106723257042123e-05, 2.2989807638248827e-05] - [0.16669459440753007, 0.3333622055611776, 2.8436981031895785e-05, 2.7741763663826014e-05] - [0.16665166309365645, 0.8333178841004764, -1.6170334713480964e-05, -1.5049128043767562e-05] - [1.4267606401856112e-05, 1.4703680207849288e-05, 1.5098893143254335e-05, 1.4267604067399263e-05]
B1: 0.16662694919866272 - 0.6665731010581563 - 0.16667260710976162 - -1.3243899450932092e-05
B2: 0.16661794997149829 - 0.6665952596733089 - 0.16658202273283182 - -4.756117002151415e-05
