Number: 2847
Error: 4.185605675146563e-06
A1: [-1.16120502373632e-05, -1.129594628851769e-05, -9.644023945758399e-06, -1.1372002191415461e-05] - [0.20830044642741238, 0.33329999783008013, -0.04169447500885658, -3.182924052267378e-05] - [0.16665243723698114, 0.6666529278341911, 0.16665506706120117, -1.3933244057310562e-05] - [-5.408844864793114e-06, -4.82878337113339e-06, -4.248507785356949e-06, -5.404237288127087e-06]
A2: [0.1666907913308456, -0.1666417639591288, 2.5256541054529315e-05, 2.407383397313315e-05] - [0.16669459033231296, 0.33336223876046017, 2.8414294413237024e-05, 2.772436697151277e-05] - [0.1666501486311601, 0.8333163304180087, -1.77817149738486e-05, -1.6566855008598153e-05] - [1.528718639058904e-05, 1.5754424854703188e-05, 1.6177886496876745e-05, 1.5287184483898736e-05]
B1: 0.16662507481363764 - 0.6665660324250886 - 0.16667131045370834 - -1.3232435829607238e-05
B2: 0.16661582524855797 - 0.6665917898107794 - 0.16657769979534895 - -4.96035799616806e-05
