Number: 2155
Error: 3.80643894678599e-06
A1: [-9.200502510393634e-06, -8.76747051325426e-06, -7.3235249377906015e-06, -9.0185502754145e-06] - [0.208306673586614, 0.33330712963483566, -0.04168789198895833, -2.5858076045142167e-05] - [0.1666554265575033, 0.6666560012681911, 0.16665782370258111, -1.1015614176970746e-05] - [-4.092219037568791e-06, -3.65329791070831e-06, -3.214182708365471e-06, -4.088727560973908e-06]
A2: [0.16668681873413735, -0.16664589869109578, 2.105760486625294e-05, 2.0113608332701242e-05] - [0.16669456990056616, 0.3333620837338654, 2.8464064748452467e-05, 2.775245336999041e-05] - [0.1666556588414392, 0.8333219836128601, -1.191822639074745e-05, -1.1044755836472954e-05] - [1.1573620271591103e-05, 1.1927348839669236e-05, 1.2247923855777185e-05, 1.1573617196191008e-05]
B1: 0.16663208316624895 - 0.6665919426007906 - 0.16667618148381466 - -1.3092540817650851e-05
B2: 0.166623752920541 - 0.666604452463235 - 0.1665932962132381 - -4.19757114585563e-05
