Number: 108
Error: 8.162875063765502e-06
A1: [3.567741490938462e-06, 3.6543328280102745e-06, 3.7903570187840475e-06, 3.5728509346623173e-06] - [0.2083512420685222, 0.33335128021722815, -0.0416484601157425, 1.7930309573945474e-05] - [0.16667169288412792, 0.6666716636297092, 0.1666716955884836, 5.032181744692743e-06] - [-1.9611555089417352e-07, -1.7479429208153134e-07, -1.534584272571358e-07, -1.9594764178626487e-07]
A2: [0.16664623294280712, -0.16668783542755256, -2.185806993813231e-05, -2.0435578919918958e-05] - [0.16658222191903907, 0.3332459208465408, -9.01885795245224e-05, -8.445199807951854e-05] - [0.1666446484304052, 0.8333105590901004, -2.3479491462267028e-05, -2.202000625538708e-05] - [5.825844425884192e-07, 6.003527956765151e-07, 6.164515123117291e-07, 5.825841253309403e-07]
B1: 0.16671671153947915 - 0.6666481286457827 - 0.16658573315501427 - 5.0374865889281245e-05
B2: 0.16671343023365276 - 0.666729123421125 - 0.1667450729005664 - 4.681463141400546e-05
