Number: 21
Error: 2.587859477895245e-06
A1: [-2.0184735354131188e-06, -1.242245190604544e-06, -4.572019498515525e-07, -2.0154575956521434e-06] - [0.20832484170864685, 0.3333280180058944, -0.04166876585763068, -8.478458578382305e-06] - [0.16666438358144528, 0.6666652004514523, 0.1666660284060589, -2.2794735163552084e-06] - [-3.1448970209170514e-08, -2.7772488279068586e-08, -2.4093320805544445e-08, -3.142228474152798e-08]
A2: [0.16667455413229104, -0.1666586593061644, 8.10303522129494e-06, 7.887158981085059e-06] - [0.16669453542559357, 0.33336164748565, 2.8672484196514358e-05, 2.7867579228853015e-05] - [0.16667267739723238, 0.8333394457072257, 6.1948118163152776e-06, 6.010447414674162e-06] - [1.1854373132605313e-07, 1.2212785644631513e-07, 1.2537279467051683e-07, 1.1854370693907434e-07]
B1: 0.16665238353057948 - 0.6666706246638873 - 0.1666900599769474 - -1.397313517563716e-05
B2: 0.166651026955829 - 0.6666455164482723 - 0.16664254368284712 - -1.56261708803021e-05
