Number: 1687
Error: 3.5481080019995324e-06
A1: [-7.552894707503831e-06, -7.039847724552743e-06, -5.7356346973290034e-06, -7.410251050268841e-06] - [0.20831095204038394, 0.33331202363744455, -0.04168336543029945, -2.1752821822179903e-05] - [0.16665746507926135, 0.6666580976120464, 0.16665970670618097, -9.025597924986628e-06] - [-3.201732795953658e-06, -2.858266107862064e-06, -2.5146302971738397e-06, -3.1989981612745664e-06]
A2: [0.16668413019199207, -0.1666486970320988, 1.821570083374433e-05, 1.743343268091368e-05] - [0.16669454570477765, 0.3333619681492716, 2.8486630466349305e-05, 2.7761067477725346e-05] - [0.16665938189552507, 0.8333258033271638, -7.956332910843305e-06, -7.313662977878277e-06] - [9.06184796804299e-06, 9.338800525500356e-06, 9.589789005106922e-06, 9.061844710935965e-06]
B1: 0.16663677637451152 - 0.6666094090465443 - 0.16667940773193818 - -1.3044743354565259e-05
B2: 0.1666290771313071 - 0.6666130307465529 - 0.16660391325893312 - -3.685424458446722e-05
