Number: 4
Error: 8.232313713004794e-06
A1: [3.349988373052267e-06, 3.42215296971722e-06, 3.4949027040275835e-06, 3.346917350314171e-06] - [0.20834983621784675, 0.33334988159265294, -0.04165007000033549, 1.6488210062266984e-05] - [0.1666715532699856, 0.6666715043624625, 0.16667145638428568, 4.882349002217816e-06] - [1.8868522953656804e-09, 1.985643143880135e-09, 2.084472384320205e-09, 1.8849103357240397e-09]
A2: [0.16664554466256246, -0.16668854199606806, -2.256797301682372e-05, -2.1121999871592355e-05] - [0.1665819904374407, 0.33324568678980765, -9.037360597381308e-05, -8.467619007084196e-05] - [0.16664545337875786, 0.8333113882685369, -2.2615904843508686e-05, -2.1213272531647577e-05] - [2.416734588990743e-08, 2.4866598805334387e-08, 2.5497264106460634e-08, 2.4167381110778707e-08]
B1: 0.16671911765781589 - 0.6666533149366636 - 0.16658769550893437 - 5.175122530461138e-05
B2: 0.1667171180247816 - 0.6667317074217803 - 0.16674618556580875 - 5.045737301762693e-05
