Number: 416
Error: 7.975006971785634e-06
A1: [2.5511639340996925e-06, 2.5904059841015054e-06, 2.8237308452824437e-06, 2.5820819909686977e-06] - [0.20834870371499473, 0.3333483577229488, -0.041651119744985074, 1.5505685288076924e-05] - [0.16667042153195288, 0.6666703594083672, 0.1666705370137007, 3.792693793009563e-06] - [-7.824435954003786e-07, -6.982831869661168e-07, -6.140689861798061e-07, -7.817734039816836e-07]
A2: [0.16664798379934148, -0.16668601376862865, -2.0009179319018226e-05, -1.8690232300844063e-05] - [0.166582140173977, 0.3332458941649984, -9.03110867394533e-05, -8.455534582698233e-05] - [0.16664216806941007, 0.8333080140378676, -2.6119121366380316e-05, -2.4505658324014192e-05] - [2.2360905334806827e-06, 2.3044014351005324e-06, 2.3663024123593562e-06, 2.236089241218251e-06]
B1: 0.16671445944996835 - 0.6666373759221226 - 0.16658426076339425 - 5.117942049871849e-05
B2: 0.16670881863564596 - 0.6667225896967678 - 0.16673743288003393 - 4.233653910409429e-05
