Number: 752
Error: 7.780183231296597e-06
A1: [1.3882909398614742e-06, 1.3718430065123098e-06, 1.7072727763613359e-06, 1.4474155009429287e-06] - [0.20834571488308232, 0.33334493386966035, -0.04165427280442557, 1.264113358225493e-05] - [0.16666897883567366, 0.6666688769240002, 0.16666920947514216, 2.384810722429882e-06] - [-1.422032536262925e-06, -1.2693208586951408e-06, -1.1165179944566343e-06, -1.420815365923249e-06]
A2: [0.16664990960878143, -0.16668400964495422, -1.7974312999930568e-05, -1.6770433669907555e-05] - [0.1665821309438019, 0.3332459486716212, -9.035765676524275e-05, -8.45881434837424e-05] - [0.1666394864141697, 0.8333052625689609, -2.8973071850788237e-05, -2.7193086242928454e-05] - [4.039865234073131e-06, 4.163311789587487e-06, 4.2751787409841054e-06, 4.039863083083184e-06]
B1: 0.16671145278309762 - 0.6666251706833319 - 0.16658225392419115 - 5.150795400690926e-05
B2: 0.16670454635976598 - 0.666716047238804 - 0.1667294984385082 - 3.820990684859356e-05
