Number: 1560
Error: 7.326145281650775e-06
A1: [-1.4006137612188844e-06, -1.5517539957982957e-06, -9.715820126674955e-07, -1.2736693635696196e-06] - [0.20833855439371543, 0.3333367244545903, -0.041661833888484164, 5.779477271525852e-06] - [0.16666551554866946, 0.6666653173379607, 0.16666602182888973, -9.947720629516973e-07] - [-2.9599862840905947e-06, -2.6424271431536922e-06, -2.3247073881276844e-06, -2.957457403672496e-06]
A2: [0.16665456568180845, -0.16667916458266718, -1.3054721958934256e-05, -1.2128815134105267e-05] - [0.16658221283976848, 0.3332461865987491, -9.03603258216479e-05, -8.456292585519258e-05] - [0.16663306454765436, 0.8332986735280564, -3.580793151076019e-05, -3.3628837333606556e-05] - [8.377111092510597e-06, 8.633132728015428e-06, 8.865150841632373e-06, 8.377107873407047e-06]
B1: 0.16670334814335447 - 0.6665950290626745 - 0.16657671822991754 - 5.142401016915877e-05
B2: 0.16669495119032948 - 0.666701009772307 - 0.16671112871592605 - 2.8964991352211126e-05
