Number: 1079
Error: 3.2095631121078436e-06
A1: [-5.453797177063535e-06, -4.839206577985019e-06, -3.7189496879163258e-06, -5.3621841919280415e-06] - [0.2083163433239609, 0.3333182048933199, -0.041677671291244646, -1.6586396510087178e-05] - [0.1666600714824813, 0.6666607767006315, 0.16666210616689647, -6.482176172997928e-06] - [-2.044796640764282e-06, -1.8253384372161475e-06, -1.6057573977488073e-06, -2.0430477146423574e-06]
A2: [0.16668062684354853, -0.1666523426317217, 1.451392996008436e-05, 1.3940953900634777e-05] - [0.16669448346841922, 0.3333617883182648, 2.8487479135811024e-05, 2.7741454139406437e-05] - [0.16666421363569886, 0.8333307608098857, -2.813968829206139e-06, -2.4714808874089888e-06] - [5.798374092226092e-06, 5.975573137266308e-06, 6.136154160101572e-06, 5.798371332117087e-06]
B1: 0.1666429590503175 - 0.6666321719649939 - 0.16668365493324963 - -1.2897233970296773e-05
B2: 0.16663620578822683 - 0.6666242572713984 - 0.16661765143604954 - -2.9988981996130053e-05
