Number: 649
Error: 2.9659636757189405e-06
A1: [-3.967621821744349e-06, -3.2814012671954995e-06, -2.291442203379394e-06, -3.912102870434707e-06] - [0.2083201619268403, 0.3333225814995876, -0.04167363991617741, -1.2926831088862533e-05] - [0.16666191609587114, 0.666662672565226, 0.16666380408959391, -4.68211070802911e-06] - [-1.2265293165031438e-06, -1.0947744429535875e-06, -9.629391302854713e-07, -1.2254792283360273e-06]
A2: [0.1666781528689172, -0.16665491706011665, 1.1899917935269814e-05, 1.1474666726803963e-05] - [0.16669445591173956, 0.33336167824132856, 2.8505778325720578e-05, 2.774403996527322e-05] - [0.1666676351582118, 0.833334271428862, 8.275522735264618e-07, 9.57425231458516e-07] - [3.490080063837819e-06, 3.596721874264788e-06, 3.693359585477519e-06, 3.4900781477907873e-06]
B1: 0.16664713226458422 - 0.6666480853226013 - 0.16668648617760676 - -1.2992332976090196e-05
B2: 0.16664141418467826 - 0.6666323673019121 - 0.16662754082318457 - -2.4966859717930246e-05
