Number: 317
Error: 2.771666232977839e-06
A1: [-2.8318250086959737e-06, -2.0915209533982837e-06, -1.2033924279688887e-06, -2.8041634456848376e-06] - [0.2083230617367856, 0.3333259073721886, -0.04167058537924502, -1.0149767233006372e-05] - [0.16666332778187193, 0.6666641226677135, 0.16666510019444927, -3.30480977670552e-06] - [-5.947328350336906e-07, -5.306918338891437e-07, -4.666089242954775e-07, -5.94223335525769e-07]
A2: [0.16667625361940955, -0.1666568934249177, 9.893408421604837e-06, 9.58135275423273e-06] - [0.16669448366250939, 0.33336164392819656, 2.8572103881703136e-05, 2.7795062769966485e-05] - [0.16667029039522352, 0.8333369958332228, 3.6533635177972208e-06, 3.618362436323312e-06] - [1.7077057847803691e-06, 1.759865868351592e-06, 1.8071306592914996e-06, 1.707704784034765e-06]
B1: 0.16664998460354244 - 0.6666600440764904 - 0.16668838562667027 - -1.34352588701144e-05
B2: 0.1666458043716456 - 0.6666389584544633 - 0.16663546296370518 - -2.0720492362951725e-05
