Number: 2983
Error: 4.259750824443316e-06
A1: [-1.208195482186255e-05, -1.1788601822662007e-05, -1.0095579265824483e-05, -1.1830493467471148e-05] - [0.20829923884538115, 0.3332986133714232, -0.04169575070659618, -3.298652826858854e-05] - [0.16665185382463138, 0.666652328119967, 0.16665452982980467, -1.4502571856470139e-05] - [-5.667593397665707e-06, -5.0597936138335e-06, -4.45177816281466e-06, -5.662766889532894e-06]
A2: [0.16669157172908047, -0.16664095173285268, 2.6081349702497052e-05, 2.485180088061613e-05] - [0.1666945922294086, 0.3333622670162759, 2.840220916784067e-05, 2.7716728078594136e-05] - [0.16664906494452297, 0.8333152186190969, -1.8934854981860106e-05, -1.7652878546096095e-05] - [1.6016960849285367e-05, 1.6506505706319378e-05, 1.695018695713175e-05, 1.6016959298348108e-05]
B1: 0.1666236874769839 - 0.6665609280962942 - 0.16667033852598667 - -1.3269960911301007e-05
B2: 0.16661425622721332 - 0.6665893027863515 - 0.16657464946290299 - -5.111367723059979e-05
