Number: 2295
Error: 3.88336612460394e-06
A1: [-9.6751079069501e-06, -9.2649872546848e-06, -7.778219206135556e-06, -9.481414575645372e-06] - [0.208305467257702, 0.3333057432897681, -0.0416891642999115, -2.701266451623387e-05] - [0.1666548351990879, 0.6666553936469598, 0.16665728093046492, -1.1592480849931748e-05] - [-4.3585973676701415e-06, -3.8911221716328115e-06, -3.4234472279901934e-06, -4.35487980118129e-06]
A2: [0.1666876254007063, -0.16664505933313783, 2.190983327280186e-05, 2.091777197813524e-05] - [0.16669458260255013, 0.333362123372833, 2.8461955038419317e-05, 2.7755339516219156e-05] - [0.16665454539618613, 0.833320841204534, -1.3103218008451853e-05, -1.2160606224405096e-05] - [1.2324952006183239e-05, 1.2701646076611895e-05, 1.3043036698477668e-05, 1.2324949080659829e-05]
B1: 0.16663061960025177 - 0.6665866588143765 - 0.16667515820209214 - -1.3166539115826934e-05
B2: 0.16662210169673747 - 0.666601884710772 - 0.16659017862499081 - -4.3566278679776707e-05
