Number: 1766
Error: 7.21173080442358e-06
A1: [-2.1199353893102836e-06, -2.3059492949443872e-06, -1.6639192165300704e-06, -1.9756932061915003e-06] - [0.20833669520297496, 0.3333345956973925, -0.04166379950879368, 3.996504280759857e-06] - [0.16666462411296198, 0.6666644008175429, 0.16666519959042947, -1.864861100150702e-06] - [-3.3520653235685003e-06, -2.9924784690811253e-06, -2.6327177687216385e-06, -3.349202816563469e-06]
A2: [0.16665575131728524, -0.16667793065454078, -1.1801678896736084e-05, -1.094686481421099e-05] - [0.16658223060742708, 0.3332462445007206, -9.036340720790492e-05, -8.455960931269688e-05] - [0.16663142710417234, 0.8332969935287169, -3.755054041702521e-05, -3.526982130099154e-05] - [9.482791153713463e-06, 9.77260953059962e-06, 1.0035258776837325e-05, 9.48278789501579e-06]
B1: 0.166701263065952 - 0.6665873254773788 - 0.16657528725722714 - 5.13837907635859e-05
B2: 0.1666925790086096 - 0.6666972238040136 - 0.16670646531992328 - 2.6682109846644706e-05
