Number: 1355
Error: 3.3637684199212773e-06
A1: [-6.39899318895523e-06, -5.830042500334821e-06, -4.625821469841987e-06, -6.284221948731189e-06] - [0.2083139269942061, 0.3333154317914262, -0.041680221428743607, -1.8900681242841444e-05] - [0.16665889610915646, 0.6666595687906781, 0.16666102565670982, -7.628965869955244e-06] - [-2.569993538505316e-06, -2.294242174548754e-06, -2.0183450072383306e-06, -2.5677968059074437e-06]
A2: [0.166682218650291, -0.16665068632908028, 1.6195648478834385e-05, 1.552782632282122e-05] - [0.1666945155183305, 0.33336187351915636, 2.849042132556548e-05, 2.775415564223332e-05] - [0.16666202073404068, 0.8333285107918033, -5.147949143942718e-06, -4.66912241273332e-06] - [7.279863613150429e-06, 7.502346940454416e-06, 7.703968807033738e-06, 7.279860525117593e-06]
B1: 0.16664014323857734 - 0.6666218307681105 - 0.16668172029099312 - -1.2973396078247307e-05
B2: 0.16663292668321383 - 0.6666191420547736 - 0.16661142155097577 - -3.314851947312664e-05
