Number: 2627
Error: 4.06536147573653e-06
A1: [-1.0828640819076106e-05, -1.0474424549460242e-05, -8.887681114728418e-06, -1.0607078125991743e-05] - [0.20830249357357317, 0.33330233636823897, -0.04169230714694799, -2.9863543406205543e-05] - [0.1666534045048863, 0.6666539227943423, 0.1666559622629812, -1.2988783219154757e-05] - [-4.9902766423351244e-06, -4.455086804442212e-06, -3.91968706178883e-06, -4.9860235069022745e-06]
A2: [0.1666895321403849, -0.16664307483498006, 2.392510337314314e-05, 2.281857637532388e-05] - [0.16669459478533294, 0.33336220005254963, 2.844029600982858e-05, 2.77442448275322e-05] - [0.16665190215359682, 0.8333181293528271, -1.591597235759431e-05, -1.4809552680082147e-05] - [1.4106616751233159e-05, 1.4537769713698283e-05, 1.4928522278440034e-05, 1.410661435658189e-05]
B1: 0.16662724558385167 - 0.6665742173964203 - 0.16667281187576996 - -1.324528280965727e-05
B2: 0.16661828543997587 - 0.6665958075298559 - 0.1665827052837321 - -4.7238698247974425e-05
