Number: 137
Error: 2.6614304054903445e-06
A1: [-2.2558646529602795e-06, -1.4889688675426274e-06, -6.587824746311303e-07, -2.243268299376066e-06] - [0.20832447222556622, 0.3333275380018994, -0.0416691127200142, -8.805671994981e-06] - [0.1666640522621593, 0.6666648652884807, 0.16666575663027683, -2.5989333436517132e-06] - [-2.521907942046825e-07, -2.2486020816435523e-07, -1.9751093339076803e-07, -2.5197479113731385e-07]
A2: [0.16667522947859884, -0.16665795873602463, 8.812380684084983e-06, 8.560430291949562e-06] - [0.1666945325216362, 0.3333616612329715, 2.864598648285533e-05, 2.7856539997174308e-05] - [0.16667174127317477, 0.8333384846184241, 5.197507236428649e-06, 5.0723308744048314e-06] - [7.413027678271923e-07, 7.639228081146965e-07, 7.844181288873018e-07, 7.413023480414402e-07]
B1: 0.16665130424057278 - 0.6666663361095237 - 0.16668925878372298 - -1.3901840402803176e-05
B2: 0.16664860245923607 - 0.6666428231102369 - 0.16663991439973716 - -1.800038620960148e-05
