Number: 1256
Error: 7.495724542446317e-06
A1: [-3.5119695038740775e-07, -4.5157764940259536e-07, 3.660032185784659e-08, -2.497684473460766e-07] - [0.2083412491862098, 0.33333981421439096, -0.041658987723124694, 8.361838217619338e-06] - [0.16666681879554165, 0.6666666568918558, 0.16666722152898145, 2.76983259581691e-07] - [-2.381366120904865e-06, -2.1258285405503e-06, -1.8701531655251244e-06, -2.379330169185791e-06]
A2: [0.16665281323141318, -0.1666809881842311, -1.4906408927909166e-05, -1.3875827220483761e-05] - [0.16658217878626483, 0.3332460936496268, -9.036293205558844e-05, -8.457565413938176e-05] - [0.16663547977922122, 0.8333011516091835, -3.323740665065805e-05, -3.1208381422756474e-05] - [6.745350065598661e-06, 6.951494364143381e-06, 7.1383081208705954e-06, 6.745347078589214e-06]
B1: 0.1667064497011833 - 0.666606418736427 - 0.16657884757656916 - 5.150789678551906e-05
B2: 0.16669851249666254 - 0.6667066195156781 - 0.1667179932406404 - 3.2394516325186994e-05
