Number: 1618
Error: 7.2938725476848585e-06
A1: [-1.6119913036295948e-06, -1.7734467042575504e-06, -1.1763543233837634e-06, -1.480168143431692e-06] - [0.20833799528930563, 0.33333608745448795, -0.04166242695387006, 5.241866432169784e-06] - [0.16666525561823153, 0.6666650498434006, 0.16666578037894625, -1.248683638884331e-06] - [-3.070376383087648e-06, -2.740984075528184e-06, -2.411427246697004e-06, -3.067753538584994e-06]
A2: [0.1666548980437418, -0.16667881854937258, -1.2703228661834862e-05, -1.1797490767765256e-05] - [0.16658221409484428, 0.33324619934899, -9.03645402655957e-05, -8.456573949489761e-05] - [0.16663260310671402, 0.8332982001286549, -3.629893418021511e-05, -3.4091275084025806e-05] - [8.688423560769375e-06, 8.953960917451819e-06, 9.194603386149214e-06, 8.688420320887935e-06]
B1: 0.16670279062768578 - 0.6665928884607056 - 0.16657634254872583 - 5.144225819547917e-05
B2: 0.16669431271835314 - 0.6666999456557496 - 0.16670978845806492 - 2.835166115520979e-05
