Number: 2968
Error: 6.550274430061709e-06
A1: [-6.299568292195245e-06, -6.688113786772341e-06, -5.684234052396021e-06, -6.054418616238926e-06] - [0.2083259171731553, 0.3333222485044942, -0.041675191175290185, -6.336884719954674e-06] - [0.16665944032378505, 0.6666590715965738, 0.16666042134529716, -6.924125940177779e-06] - [-5.63966472834645e-06, -5.0348507686614565e-06, -4.42982139538168e-06, -5.634861843868002e-06]
A2: [0.16666265858339907, -0.16667074175036173, -4.50135646242233e-06, -4.061101244262005e-06] - [0.16658229007510683, 0.33324653786243325, -9.04261019808657e-05, -8.458447093610252e-05] - [0.16662186091545614, 0.8332871790149229, -4.7730393805819855e-05, -4.485667350040945e-05] - [1.5933515722198285e-05, 1.6420508485713275e-05, 1.6861876311212996e-05, 1.5933514130770223e-05]
B1: 0.16668904159054673 - 0.666542286537308 - 0.16656681077253485 - 5.109323197343912e-05
B2: 0.16667875659651282 - 0.6666752060733938 - 0.1666793847748887 - 1.3380790021661653e-05
