Number: 1388
Error: 7.4219386371313675e-06
A1: [-8.166853843953777e-07, -9.396527629601187e-07, -4.120755873395462e-07, -7.041681121778256e-07] - [0.20834003954274116, 0.33333843087189513, -0.041660267492097475, 7.201051779403205e-06] - [0.16666624299339244, 0.6666660647724666, 0.16666668958466235, -2.8513523404240305e-07] - [-2.6326093405998615e-06, -2.3501411972407255e-06, -2.0675248671946022e-06, -2.6303592702021153e-06]
A2: [0.16665357254346985, -0.16668019789762004, -1.4103843254440433e-05, -1.3118876534645494e-05] - [0.16658218936186847, 0.3332461300039122, -9.036558824401451e-05, -8.457433806075641e-05] - [0.16663443058222752, 0.8333000751452861, -3.4353985720091964e-05, -3.225984681473347e-05] - [7.453889343875627e-06, 7.681691266212506e-06, 7.88813338435433e-06, 7.453886230687384e-06]
B1: 0.1667051387681907 - 0.6666015076319752 - 0.16657795607571985 - 5.150730106909777e-05
B2: 0.166696995815318 - 0.666704182795542 - 0.16671497943161595 - 3.093505457593527e-05
