Number: 15
Error: 2.5840860708421803e-06
A1: [-2.035103790749733e-06, -1.2600197367705182e-06, -4.78939834908409e-07, -2.032556027271754e-06] - [0.2083247444043277, 0.33332791986958865, -0.04166887743445767, -8.577839129917291e-06] - [0.166664371487738, 0.6666651869126843, 0.16666600994341865, -2.292153005381643e-06] - [-2.0038785252654767e-08, -1.7586072641492603e-08, -1.5131533303224566e-08, -2.002189041869334e-08]
A2: [0.1666745143615349, -0.16665870013484105, 8.062011943089721e-06, 7.847495580593806e-06] - [0.16669452310071442, 0.3333616349532585, 2.866272085174825e-05, 2.7855675258484094e-05] - [0.1666727244216508, 0.8333394941031403, 6.245165458872357e-06, 6.0575749237886165e-06] - [8.633329976112796e-08, 8.893289671193663e-08, 9.128565781050087e-08, 8.6333295654292e-08]
B1: 0.16665253156457796 - 0.6666709347489805 - 0.1666901857325979 - -1.388453448813457e-05
B2: 0.1666512531582012 - 0.6666456664247433 - 0.1666425952935047 - -1.5402567952577315e-05
