Number: 1638
Error: 7.282753784428937e-06
A1: [-1.683226567409906e-06, -1.848146061855739e-06, -1.2451262758729402e-06, -1.549722665673997e-06] - [0.20833780915446062, 0.33333587483287214, -0.041662624052012334, 5.063136772333041e-06] - [0.16666516765824452, 0.6666649593688875, 0.16666569897900924, -1.3345697692463034e-06] - [-3.108442127221543e-06, -2.774969438866875e-06, -2.441330915235876e-06, -3.1057868868850157e-06]
A2: [0.1666550129208242, -0.16667869897200163, -1.2581783194373786e-05, -1.1682971467346435e-05] - [0.16658221521591376, 0.33324620439714525, -9.036538063511764e-05, -8.456602143896013e-05] - [0.16663244406324942, 0.8332980369571598, -3.64681804403862e-05, -3.425066228076873e-05] - [8.795771861747108e-06, 9.064590477025775e-06, 9.308206850827533e-06, 8.795768616431645e-06]
B1: 0.16670259294616815 - 0.6665921450976314 - 0.16657620798533618 - 5.144311078679467e-05
B2: 0.16669408699004928 - 0.6666995783086148 - 0.16670933132740096 - 2.8134602607610972e-05
