Number: 865
Error: 3.0889853365376276e-06
A1: [-4.700304822267289e-06, -4.049231322249446e-06, -2.992984887610598e-06, -4.626668043470328e-06] - [0.20831829972060348, 0.3333204423414431, -0.04167560230653625, -1.4709202039007751e-05] - [0.16666100357864516, 0.6666617351392743, 0.16666296693317786, -5.572263468613109e-06] - [-1.6375699075999869e-06, -1.4617598543731468e-06, -1.2858470422721157e-06, -1.6361685942973347e-06]
A2: [0.16667939688148148, -0.16665362273808673, 1.3213968860187276e-05, 1.2714817579838585e-05] - [0.16669447125925554, 0.3333617345950819, 2.8497194133331435e-05, 2.7744245945133275e-05] - [0.16666591593016958, 0.8333325073738209, -1.0023284966089648e-06, -7.655117473153479e-07] - [4.649614854057494e-06, 4.791700016739749e-06, 4.9204583413642616e-06, 4.649612464012635e-06]
B1: 0.1666450304621883 - 0.6666400843697671 - 0.16668505503678022 - -1.2950105871063967e-05
B2: 0.16663871729700935 - 0.6666282563578706 - 0.16662258209821085 - -2.7570174591339428e-05
