Number: 2993
Error: 4.2652004893606775e-06
A1: [-1.2117563326519244e-05, -1.1825942540549027e-05, -1.0129957268132215e-05, -1.1865261751662475e-05] - [0.20829914579631176, 0.3332985070775692, -0.041695849242457644, -3.307587516700986e-05] - [0.16665180985901604, 0.6666522828956682, 0.16665448913976602, -1.4545500833807143e-05] - [-5.686618723281123e-06, -5.076779324080877e-06, -4.466724172347578e-06, -5.681776122818865e-06]
A2: [0.16669162891903647, -0.16664089219369055, 2.614182348997705e-05, 2.4908812070643365e-05] - [0.1666945918521275, 0.33336226860064266, 2.8400852291168534e-05, 2.771564964573261e-05] - [0.1666489851958843, 0.8333151368062317, -1.9019704577006238e-05, -1.7732799012560856e-05] - [1.607062055897731e-05, 1.6561805583578458e-05, 1.7006973573558814e-05, 1.6070619035835986e-05]
B1: 0.16662358895705992 - 0.6665605560792044 - 0.16667027016995015 - -1.3269227631289467e-05
B2: 0.16661414451512238 - 0.666589120279585 - 0.16657442205981624 - -5.1221056990793855e-05
