Number: 1105
Error: 3.224112370687276e-06
A1: [-5.532092664110635e-06, -4.921195025288741e-06, -3.792422103681048e-06, -5.438308375433942e-06] - [0.2083161589793617, 0.3333179893818816, -0.041677863357274046, -1.6761169565976516e-05] - [0.16665997162001714, 0.6666606743858673, 0.16666201646638823, -6.5793563192811655e-06] - [-2.094272587008936e-06, -1.869511703885035e-06, -1.6446256813569712e-06, -2.0924814510308875e-06]
A2: [0.16668077860264302, -0.1666521848894241, 1.4673968908665251e-05, 1.4092248088926484e-05] - [0.16669449115176427, 0.333361800762474, 2.8491914245179435e-05, 2.7747314533701958e-05] - [0.16666400757823857, 0.833330549341168, -3.0333796061558756e-06, -2.6779849119075395e-06] - [5.937932549695478e-06, 6.119397453899461e-06, 6.283844548871919e-06, 5.937929751475605e-06]
B1: 0.16664266056212945 - 0.6666311660405105 - 0.1666834424181704 - -1.2937668316419107e-05
B2: 0.16663585833874964 - 0.6666237703646098 - 0.16661709488792464 - -3.032516534060642e-05
