Number: 1183
Error: 3.2678149269010525e-06
A1: [-5.814879354327152e-06, -5.217755338368653e-06, -4.0661281363458125e-06, -5.714535281928951e-06] - [0.20831541302694304, 0.3333171390761883, -0.04167865417536982, -1.7478222648030235e-05] - [0.16665962362533163, 0.6666603163106649, 0.16666169351108895, -6.919257769288542e-06] - [-2.2426983394013875e-06, -2.0020280742280107e-06, -1.7612259343058056e-06, -2.2407806068461118e-06]
A2: [0.16668122577507932, -0.1666517193602318, 1.5146818036940043e-05, 1.4538026156492386e-05] - [0.16669449312420773, 0.33336181809274895, 2.848635606719477e-05, 2.7743819444108524e-05] - [0.16666338700420869, 0.8333299126648138, -3.693741846366292e-06, -3.299898328762855e-06] - [6.356628686304596e-06, 6.550891757222996e-06, 6.726937659296354e-06, 6.356625782763243e-06]
B1: 0.16664191934448314 - 0.6666282956449596 - 0.16668294538501527 - -1.290459149130507e-05
B2: 0.16663498209198505 - 0.6666223264109061 - 0.1666152844333393 - -3.116762536341933e-05
