Number: 101
Error: 2.638707496294256e-06
A1: [-2.1401920071306453e-06, -1.3680192058230183e-06, -5.494628791340846e-07, -2.1306091314304416e-06] - [0.20832475608187323, 0.33332786573978623, -0.041668816723608885, -8.535095932010798e-06] - [0.16666419755531414, 0.6666650141781344, 0.1666658882508431, -2.4573613632706322e-06] - [-1.836824717010157e-07, -1.636938476198495e-07, -1.436913959912813e-07, -1.8352520555316442e-07]
A2: [0.1666750264866969, -0.16665816992405794, 8.59808255439403e-06, 8.358082055659532e-06] - [0.16669454980873674, 0.33336167236596653, 2.866857237318321e-05, 2.787635067342418e-05] - [0.16667203336148273, 0.8333387843283726, 5.508324047097114e-06, 5.3650372561447096e-06] - [5.480138803395278e-07, 5.647256583722573e-07, 5.798668969199572e-07, 5.480135827884811e-07]
B1: 0.1666515169832604 - 0.6666675492056744 - 0.16668939395793134 - -1.4046304751688465e-05
B2: 0.16664919931641925 - 0.6666436344254443 - 0.16664084412111935 - -1.74191250703528e-05
