Number: 1414
Error: 7.4074649568209665e-06
A1: [-8.949265428243727e-07, -1.0215888023754765e-06, -4.854975506229805e-07, -7.802380118366387e-07] - [0.20833985543354225, 0.33333821558545224, -0.041660459342883295, 7.026514069343646e-06] - [0.1666661431661252, 0.6666659624931168, 0.16666659991939586, -3.822802718563078e-07] - [-2.682098985475616e-06, -2.3943264990682338e-06, -2.1064038661655667e-06, -2.6798067530117462e-06]
A2: [0.16665372440118922, -0.16668004005171685, -1.39436974949092e-05, -1.2967483936494417e-05] - [0.16658219744737254, 0.3332461428706175, -9.036071783606227e-05, -8.456807642966126e-05] - [0.16663422462582375, 0.833299863782753, -3.4573287230336625e-05, -3.246625003728551e-05] - [7.593447895133442e-06, 7.825515657497402e-06, 8.0358239501394e-06, 7.5934447617204465e-06]
B1: 0.16670483543737935 - 0.6666004971824256 - 0.1665777393614265 - 5.14620298004242e-05
B2: 0.1666966521188886 - 0.6667036997962791 - 0.16671442697412722 - 3.06026299227871e-05
