Number: 2705
Error: 4.108039838594338e-06
A1: [-1.1111189265757708e-05, -1.077075516946279e-05, -9.161172069707752e-06, -1.0883068030927582e-05] - [0.20830174846062455, 0.33330148685839217, -0.04169309722827967, -3.0579760347408726e-05] - [0.1666530567202218, 0.6666535649192501, 0.1666556394852141, -1.3328477001017419e-05] - [-5.13867858448074e-06, -4.587579531006043e-06, -4.0362688561187814e-06, -5.134299743003631e-06]
A2: [0.16668997787041376, -0.1666426107392989, 2.4396532001496897e-05, 2.3262912060110042e-05] - [0.16669459147752347, 0.3333622121545099, 2.842956849638924e-05, 2.7735468400841935e-05] - [0.16665128030304166, 0.833317491414532, -1.6577583168439866e-05, -1.5432743313374384e-05] - [1.452519052093026e-05, 1.496913768718313e-05, 1.537148725236873e-05, 1.4525188286904428e-05]
B1: 0.16662649125477585 - 0.6665713303395937 - 0.1666722940502551 - -1.3225402198962513e-05
B2: 0.16661742935049115 - 0.6665943842833834 - 0.16658091605918468 - -4.806099776826879e-05
