Number: 373
Error: 2.8050887403337245e-06
A1: [-3.018373170697555e-06, -2.286844787188246e-06, -1.381192808960636e-06, -2.9860175816306347e-06] - [0.20832259304510597, 0.33332536819336345, -0.04167107741102185, -1.0597774373355848e-05] - [0.1666630948343507, 0.6666638835815359, 0.16666488742578422, -3.5319622584142647e-06] - [-7.013015694231345e-07, -6.258391993139827e-07, -5.503280454673204e-07, -7.007008204099687e-07]
A2: [0.16667657325382967, -0.16665656086497083, 1.02309727355571e-05, 9.899985962932881e-06] - [0.16669447462756581, 0.33336164509254723, 2.8556034138754516e-05, 2.778210234740254e-05] - [0.1666698410745238, 0.8333365347931624, 3.1751697710391925e-06, 3.1680802666517516e-06] - [2.008356289742354e-06, 2.0697063506779057e-06, 2.1252992644072082e-06, 2.008355119625979e-06]
B1: 0.16664953345738265 - 0.6666580523876325 - 0.16668808620419018 - -1.3330623642550019e-05
B2: 0.16664500986115194 - 0.6666378087169331 - 0.16663410577255042 - -2.1490743272408898e-05
