Number: 2584
Error: 6.760541197060323e-06
A1: [-4.965795819463894e-06, -5.28972540573573e-06, -4.401523157339857e-06, -4.752880007491643e-06] - [0.20832935449805962, 0.3333261867994403, -0.041671558445739595, -3.0415989490060945e-06] - [0.1666610948766551, 0.6666607725294716, 0.16666194619543115, -5.309350235605743e-06] - [-4.908881302334636e-06, -4.382408985154225e-06, -3.855727941715445e-06, -4.9046971366377646e-06]
A2: [0.16666045448489034, -0.16667303580523696, -6.830995064110263e-06, -6.258330418850511e-06] - [0.16658228102561182, 0.33324645412718534, -9.03960697382454e-05, -8.456657851866734e-05] - [0.16662491952886213, 0.8332903169633604, -4.4475728509750596e-05, -4.179145786899193e-05] - [1.3872879451394296e-05, 1.429688659860892e-05, 1.4681161988357455e-05, 1.3872876975314964e-05]
B1: 0.16669294383630454 - 0.6665566801782918 - 0.16656953195340535 - 5.118407326777408e-05
B2: 0.16668316790756602 - 0.6666822309837407 - 0.16668802229715768 - 1.7625623561788828e-05
