Number: 2206
Error: 6.9684380839928906e-06
A1: [-3.662902672957455e-06, -3.9237856656243704e-06, -3.150020312385878e-06, -3.481708726139784e-06] - [0.20833269761329834, 0.33333002078359697, -0.041668027544198315, 1.6173203937386546e-07] - [0.1666627134320655, 0.6666624361685709, 0.16666343591621088, -3.729943411801036e-06] - [-4.189485636697283e-06, -3.740131134740584e-06, -3.2905805259339e-06, -4.185911595460665e-06]
A2: [0.16665828050434436, -0.16667529825755278, -9.128384508747048e-06, -8.425548932205251e-06] - [0.16658225776327498, 0.33324635756360627, -9.038039663607359e-05, -8.456332121715532e-05] - [0.1666279274027555, 0.8332934029594905, -4.127481010302714e-05, -3.877708574599423e-05] - [1.1844293229542468e-05, 1.2206294128288582e-05, 1.2534366982293235e-05, 1.184429020530018e-05]
B1: 0.16669682564512545 - 0.6665708809742784 - 0.1665722334787332 - 5.13139357224071e-05
B2: 0.16668755241738928 - 0.6666891568776901 - 0.16669650251480791 - 2.1846260690241672e-05
