Number: 2284
Error: 6.925488872078591e-06
A1: [-3.9214881233126e-06, -4.194804552463175e-06, -3.3968486779779475e-06, -3.7337581228430553e-06] - [0.2083320491184856, 0.3333292733201195, -0.04166871014441224, -4.5795772092155284e-07] - [0.16666238981915768, 0.6666621038353064, 0.1666631400545093, -4.045487750910278e-06] - [-4.3379373296996905e-06, -3.872669746110665e-06, -3.4072029596052457e-06, -4.33423729994297e-06]
A2: [0.1666587310729216, -0.1666748295190949, -8.652528097711378e-06, -7.976375700681208e-06] - [0.16658226795784764, 0.33324638265585116, -9.03787059046791e-05, -8.455859885297985e-05] - [0.1666273074655528, 0.8332927668742806, -4.193463861140446e-05, -3.939836378642435e-05] - [1.2262902206509993e-05, 1.2637698443434154e-05, 1.2977368832323373e-05, 1.2262899269193762e-05]
B1: 0.16669599016912326 - 0.6665679182815404 - 0.16657164580686154 - 5.125265316864241e-05
B2: 0.16668661210150937 - 0.6666877241635627 - 0.16669478283727196 - 2.0939760688362043e-05
