Number: 1272
Error: 7.486801013696878e-06
A1: [-3.9382752863188007e-07, -4.961704160129256e-07, -2.441427754001415e-09, -2.910681324874942e-07] - [0.20834115811837678, 0.33333970521495193, -0.04165908104639266, 8.2766393007859e-06] - [0.16666676294260602, 0.6666665998445997, 0.16666717255901445, 2.2277562854638613e-07] - [-2.4118227554697704e-06, -2.153021014099944e-06, -1.894080178939036e-06, -2.409760840373732e-06]
A2: [0.16665290762025597, -0.1666808901579312, -1.4807017323796605e-05, -1.3781724607764422e-05] - [0.16658218618821982, 0.3332461038668659, -9.035776891250257e-05, -8.456937455070227e-05] - [0.16663535331324944, 0.8333010218004877, -3.33721174726889e-05, -3.133512234746041e-05] - [6.831234322119988e-06, 7.040003826315097e-06, 7.229196801233433e-06, 6.831231317725969e-06]
B1: 0.16670624598732872 - 0.6666057806492731 - 0.16657869872900918 - 5.146297473132723e-05
B2: 0.16669828111243148 - 0.6667063196212434 - 0.1667176687638829 - 3.217006891123731e-05
