Number: 56
Error: 8.195915923855043e-06
A1: [3.655174389063859e-06, 3.744874345832014e-06, 3.859586774242543e-06, 3.6560072185097063e-06] - [0.20835133109611856, 0.33335141447556427, -0.04164838985598539, 1.8000461420355975e-05] - [0.16667182222043522, 0.6666717936019922, 0.16667179605837323, 5.156219939446731e-06] - [-9.711245139385696e-08, -8.64000276750073e-08, -7.568015129970223e-08, -9.702944822710638e-08]
A2: [0.16664592693111338, -0.16668815258569625, -2.2178991758386668e-05, -2.074066036407407e-05] - [0.16658221466741188, 0.33324590655477887, -9.018437995204975e-05, -8.445560255760385e-05] - [0.16664506708392304, 0.8333109889866116, -2.3033304639340678e-05, -2.1600459483983566e-05] - [3.0342123525891895e-07, 3.126563808681211e-07, 3.210222919425112e-07, 3.0342109603766804e-07]
B1: 0.16671725656503183 - 0.6666501094816085 - 0.16658614779093303 - 5.0404150165833694e-05
B2: 0.16671458384664942 - 0.6667303382145497 - 0.16674619638036084 - 4.7945702043465505e-05
