Number: 1567
Error: 3.4816365364884193e-06
A1: [-7.14942780200746e-06, -6.616935146412395e-06, -5.349623305621427e-06, -7.016845364514894e-06] - [0.20831197254553882, 0.33331319765850465, -0.04168228994546439, -2.0776654256938884e-05] - [0.1666579685762307, 0.6666586148517994, 0.16666016815662751, -8.534520519323278e-06] - [-2.97339490186533e-06, -2.6544032059114104e-06, -2.335250275859106e-06, -2.9708545949076475e-06]
A2: [0.16668343708241715, -0.16664941813308015, 1.7483602520718338e-05, 1.6742468507903727e-05] - [0.16669452917891123, 0.33336192862343295, 2.8482989272576783e-05, 2.7752954624554334e-05] - [0.16666033509454645, 0.8333267813649263, -6.941781416159728e-06, -6.358402807197139e-06] - [8.417777613828473e-06, 8.675043130264836e-06, 8.90818863645105e-06, 8.417774389346197e-06]
B1: 0.16663804028814214 - 0.6666139440639186 - 0.16668028716778271 - -1.2971934194654788e-05
B2: 0.16663051192494963 - 0.6666152406584098 - 0.1666065833912964 - -3.547144057452508e-05
