Number: 2143
Error: 3.7998478240373625e-06
A1: [-9.162561563142688e-06, -8.72771941586738e-06, -7.28759799583147e-06, -8.981613090257074e-06] - [0.20830676595311148, 0.33330723681211977, -0.041687795205035634, -2.577013389402808e-05] - [0.1666554744775733, 0.6666560504268084, 0.16665786714726905, -1.0968933622304958e-05] - [-4.069386170195188e-06, -3.6329124502905196e-06, -3.196245179746733e-06, -4.0659140798795025e-06]
A2: [0.1666867491043908, -0.1666459710999587, 2.098411719465771e-05, 2.0044193142868693e-05] - [0.16669456751382333, 0.3333620790986897, 2.8463072324147934e-05, 2.7750908054703692e-05] - [0.16665575411895803, 0.8333220813801927, -1.1816801256227529e-05, -1.094927214958135e-05] - [1.150922093857861e-05, 1.1860981046392142e-05, 1.2179771891334485e-05, 1.1509217852357215e-05]
B1: 0.16663221777206516 - 0.6665924041918369 - 0.1666762774233864 - -1.3077034018326347e-05
B2: 0.16662390375869623 - 0.6666046733218017 - 0.1665935551903514 - -4.1830073200606585e-05
