Number: 1122
Error: 7.570857093107144e-06
A1: [1.1672314869288374e-07, 3.899935118855106e-08, 4.869083294553001e-07, 2.06899151328147e-07] - [0.20834245850204122, 0.33334119876725, -0.04165770940885076, 9.521574266147258e-06] - [0.16666739863475533, 0.6666672530218859, 0.16666775629672523, 8.429356564157261e-07] - [-2.1263115178063127e-06, -1.8981125373659281e-06, -1.6697870766115968e-06, -2.1244930656769092e-06]
A2: [0.16665204164242176, -0.1666817911707843, -1.5721812240809856e-05, -1.4645019058107892e-05] - [0.16658216617332203, 0.33324605500120236, -9.036184112330315e-05, -8.45788674203618e-05] - [0.1666365446962575, 0.8333022442265107, -3.2104046221208436e-05, -3.0141161721539438e-05] - [6.026057863624746e-06, 6.210215821153338e-06, 6.377103564866426e-06, 6.026055044326312e-06]
B1: 0.16670778727735938 - 0.6666114105953611 - 0.16657975840493794 - 5.1515287400846866e-05
B2: 0.1667000761759703 - 0.6667091026880657 - 0.1667210469372984 - 3.390010923144698e-05
