Number: 1678
Error: 7.260529813324679e-06
A1: [-1.8256922793139602e-06, -1.997540258334203e-06, -1.382666020348158e-06, -1.688826908972196e-06] - [0.20833743690203388, 0.3333354496057255, -0.04166301823354794, 4.705694675015323e-06] - [0.16666499174238464, 0.666664778423716, 0.16666553618260033, -1.5063379413465362e-06] - [-3.184573366033108e-06, -2.842939919527299e-06, -2.501138059964247e-06, -3.1818533429489174e-06]
A2: [0.16665524267008278, -0.16667845982188398, -1.2338896584125637e-05, -1.1453937772510131e-05] - [0.1665822174439418, 0.33324621448065594, -9.036707289112518e-05, -8.45665994488966e-05] - [0.1666321259734527, 0.8332977106116527, -3.680667516500699e-05, -3.4569439548882474e-05] - [9.010467277036787e-06, 9.285848370784932e-06, 9.535412538012563e-06, 9.01046402359114e-06]
B1: 0.16670219719385646 - 0.666590657976858 - 0.16657593845269017 - 5.14444260341432e-05
B2: 0.16669363592174014 - 0.6666988440139093 - 0.16670841747614007 - 2.770087384135737e-05
