Number: 1791
Error: 3.605704908084206e-06
A1: [-7.937692199387077e-06, -7.443473204361068e-06, -6.1092539563490415e-06, -7.786295252170309e-06] - [0.20830992612606794, 0.3333108567200081, -0.04168445490367909, -2.274017495513064e-05] - [0.16665699321967556, 0.666657611845405, 0.16665926729328026, -9.486660108133286e-06] - [-3.3996209762264575e-06, -3.0349415841688e-06, -2.6700867254268738e-06, -3.396718014336171e-06]
A2: [0.16668472476610335, -0.16664807790101344, 1.8844677941825214e-05, 1.8026147704896528e-05] - [0.16669454389049926, 0.33336198705458947, 2.8475269996506422e-05, 2.7751962815811086e-05] - [0.1666585538605214, 0.8333249538611717, -8.837341622375838e-06, -8.143484136818376e-06] - [9.62004883033105e-06, 9.914063632330164e-06, 1.0180516323455019e-05, 9.620045571145427e-06]
B1: 0.16663579508141427 - 0.6666055872707555 - 0.16667874856071666 - -1.2993656120879757e-05
B2: 0.16662795551794507 - 0.6666111278517699 - 0.16660149594621498 - -3.7930809458585105e-05
