Number: 133
Error: 2.658879180340509e-06
A1: [-2.2270434326384494e-06, -1.4586628931193504e-06, -6.288706705619773e-07, -2.2147972122122377e-06] - [0.20832456807556943, 0.33332764234555673, -0.041669008286745766, -8.711359167838542e-06] - [0.16666408454458054, 0.6666648988785586, 0.1666657892092407, -2.5670798380909106e-06] - [-2.445780043252428e-07, -2.180635749332078e-07, -1.9153099350503233e-07, -2.4436852746541227e-07]
A2: [0.16667520960255297, -0.16665797965853685, 8.790969282334279e-06, 8.540625649868779e-06] - [0.16669454138068565, 0.3333616690497242, 2.8654696251549972e-05, 2.786567899701793e-05] - [0.16667177450644413, 0.833338518654718, 5.232730863318643e-06, 5.1056327099288214e-06] - [7.198180552036816e-07, 7.417813795630451e-07, 7.616815826960331e-07, 7.198176488813943e-07]
B1: 0.16665127651530723 - 0.6666664217619286 - 0.16668922688696902 - -1.3969300728299198e-05
B2: 0.16664861348452525 - 0.6666429077463677 - 0.16664006471770884 - -1.7991090529067923e-05
