Number: 2943
Error: 4.2379433884156085e-06
A1: [-1.1939518599509445e-05, -1.1639236838366517e-05, -9.95806528525966e-06, -1.169141813748696e-05] - [0.20829961104945735, 0.3332990385542075, -0.041695356556342586, -3.262913290481334e-05] - [0.1666520296890237, 0.6666525090189969, 0.16665469259159094, -1.4330854036254514e-05] - [-5.591491898785708e-06, -4.991850578244158e-06, -4.391993973275133e-06, -5.586729767312397e-06]
A2: [0.1666913429582466, -0.16664118990041954, 2.583944375791138e-05, 2.462374511091993e-05] - [0.1666945936986555, 0.3333622606394374, 2.8407597856472297e-05, 2.772100192344689e-05] - [0.16664938392949225, 0.8333155458611132, -1.8595465918768082e-05, -1.7333206271442664e-05] - [1.5802320986306327e-05, 1.628530513974874e-05, 1.6723039418868925e-05, 1.5802319326453618e-05]
B1: 0.16662408142339613 - 0.666562416005003 - 0.16667061175923223 - -1.3273028009431911e-05
B2: 0.1666147032601656 - 0.6665900330031161 - 0.16657555926978126 - -5.068397357555385e-05
