Number: 1516
Error: 7.350615956964983e-06
A1: [-1.2534751706504022e-06, -1.3975331168329468e-06, -8.309401480784872e-07, -1.1302192655532579e-06] - [0.20833892530348105, 0.3333371514657219, -0.04166144319824314, 6.134132472225354e-06] - [0.16666569937820114, 0.666665506155108, 0.1666661901374056, -8.154958250482339e-07] - [-2.876238750590507e-06, -2.567656339626552e-06, -2.258916374094128e-06, -2.8737811729373845e-06]
A2: [0.16665431126286373, -0.1666794292610009, -1.332342451144875e-05, -1.2382446955069483e-05] - [0.1665822059099317, 0.33324617124445494, -9.036249864521956e-05, -8.456676909172207e-05] - [0.16663341389849143, 0.8332990319867959, -3.5436080629622076e-05, -3.327873030779876e-05] - [8.140940947578902e-06, 8.389743676311974e-06, 8.61521913197925e-06, 8.140937749254283e-06]
B1: 0.1667038142242284 - 0.6665966940967322 - 0.1665770423393541 - 5.145333895343491e-05
B2: 0.16669548108880544 - 0.666701821358401 - 0.16671210631293348 - 2.9475815567444266e-05
