Number: 3053
Error: 4.297886980181137e-06
A1: [-1.233121489289367e-05, -1.2049987125979752e-05, -1.033622540592265e-05, -1.2073872013240592e-05] - [0.2082985874993259, 0.33329786931256306, -0.04169644045909232, -3.3611959171787176e-05] - [0.16665154606511523, 0.6666520115498065, 0.16665424499938272, -1.4803074944458348e-05] - [-5.800770243040313e-06, -5.1786931558260705e-06, -4.556399892025113e-06, -5.795831104238913e-06]
A2: [0.16669197201473598, -0.16664053500297368, 2.650462185877126e-05, 2.5250835174815784e-05] - [0.16669458941939866, 0.33336227793716466, 2.839254103460615e-05, 2.770900998723973e-05] - [0.16664850666223283, 0.8333146458870797, -1.952884422048601e-05, -1.8212363643117017e-05] - [1.6392576696123288e-05, 1.6893602657444486e-05, 1.734769105157951e-05, 1.6392575344430157e-05]
B1: 0.16662299811413606 - 0.6665583241315026 - 0.16666986005653917 - -1.3264553224145436e-05
B2: 0.16661347423058204 - 0.6665880252253792 - 0.166573057626533 - -5.1865347492373125e-05
