Number: 2134
Error: 7.008152929181015e-06
A1: [-3.4113006480927167e-06, -3.659981575106165e-06, -2.9078214427548224e-06, -3.2361523912111223e-06] - [0.20833334821356933, 0.33333076565841974, -0.041667339626134114, 7.856931503734635e-07] - [0.16666302519682963, 0.6666627567151846, 0.16666372352819656, -3.4256391377722965e-06] - [-4.052455654276034e-06, -3.61779035732386e-06, -3.1829320381962177e-06, -4.048997947107656e-06]
A2: [0.16665786670672694, -0.16667572893654886, -9.565748511173698e-06, -8.838058541407008e-06] - [0.1665822537540333, 0.33324633951520144, -9.037714575382087e-05, -8.456227925052598e-05] - [0.16662850023753314, 0.8332939906654702, -4.0665223825341946e-05, -3.8203013304698726e-05] - [1.1457879174159186e-05, 1.1808068825113907e-05, 1.2125436194710272e-05, 1.145787608181174e-05]
B1: 0.16669755454782134 - 0.6665735751213163 - 0.16657273693101066 - 5.132815898833124e-05
B2: 0.16668837679035006 - 0.6666904760161018 - 0.16669812899477018 - 2.2639420799917234e-05
