Number: 2885
Error: 4.206294504260444e-06
A1: [-1.1728193935877594e-05, -1.1417595952423697e-05, -9.753339104441189e-06, -1.1484971386499108e-05] - [0.20830017004528958, 0.33329967545428757, -0.04169476356918187, -3.2091628259592545e-05] - [0.16665228953454722, 0.6666527764370024, 0.1666549339824216, -1.4077025732000207e-05] - [-5.481144848193838e-06, -4.893333471650156e-06, -4.305307484911113e-06, -5.476476083308987e-06]
A2: [0.1666910119966917, -0.16664153452799974, 2.5489352628004148e-05, 2.429382036378381e-05] - [0.16669459773182846, 0.3333622531884671, 2.841709355184354e-05, 2.7729101599251275e-05] - [0.1666498466475241, 0.8333160205388049, -1.810318894726151e-05, -1.6869491696355463e-05] - [1.5491087751881317e-05, 1.5964558721091414e-05, 1.639366978573606e-05, 1.549108594041842e-05]
B1: 0.16662463727144936 - 0.6665645586411076 - 0.16667099364242366 - -1.32928654758798e-05
B2: 0.16661533510482868 - 0.6665910904024537 - 0.16657689283943536 - -5.007725476820652e-05
