Number: 1112
Error: 7.576477338180135e-06
A1: [1.5236335543857732e-07, 7.63701646675886e-08, 5.21313735290406e-07, 2.416989233766139e-07] - [0.2083425516505067, 0.3333413051534507, -0.04165761079071125, 9.61101995842978e-06] - [0.166667442633954, 0.6666672982770987, 0.16666779701285234, 8.858978167816267e-07] - [-2.107277573495949e-06, -1.8811187968267237e-06, -1.65483441517747e-06, -2.1054753580527826e-06]
A2: [0.1666519841902417, -0.16668185097174326, -1.578254582912376e-05, -1.4702292346104213e-05] - [0.16658216558240602, 0.33324605245299826, -9.036143900810607e-05, -8.457875687599061e-05] - [0.16663662421334657, 0.8333023258092794, -3.201942458593613e-05, -3.0061472796033466e-05] - [5.972378635330141e-06, 6.154895799061997e-06, 6.320296517679846e-06, 5.972375830147024e-06]
B1: 0.1667078842429151 - 0.6666117804021907 - 0.16657982378730285 - 5.151298326388019e-05
B2: 0.16670019085527726 - 0.6667092882296066 - 0.1667212774198748 - 3.4010453809168745e-05
