Number: 1149
Error: 3.2487471059988733e-06
A1: [-5.679328576402829e-06, -5.075509926198157e-06, -3.9331543533529e-06, -5.581855664161999e-06] - [0.208315787661837, 0.3333175619803871, -0.04167825442078366, -1.7116232276553907e-05] - [0.1666597877296272, 0.6666604855072208, 0.16666184809693269, -6.758693168793448e-06] - [-2.1780004709186076e-06, -1.9442654119640533e-06, -1.71040138195299e-06, -2.1761379152179545e-06]
A2: [0.16668103293686173, -0.16665192030431514, 1.4942573141539711e-05, 1.4345795650996127e-05] - [0.16669449769059777, 0.3333618156898309, 2.8493638916228477e-05, 2.775076877655714e-05] - [0.16666365813231326, 0.8333301907783924, -3.4053394321820334e-06, -3.0281864689134866e-06] - [6.174114464823675e-06, 6.362798686471352e-06, 6.53378854197517e-06, 6.174111605523864e-06]
B1: 0.1666422026266492 - 0.6666295088098914 - 0.16668312578467648 - -1.2958856418737827e-05
B2: 0.1666353216713692 - 0.6666229517496643 - 0.16661610993928525 - -3.0842770502147464e-05
