Number: 2495
Error: 3.993135917265624e-06
A1: [-1.038733944138064e-05, -1.0011869667627378e-05, -8.465847912428456e-06, -1.0176840609580755e-05] - [0.20830360608336937, 0.3333036172094752, -0.04169113521524679, -2.879979263137101e-05] - [0.16665395582341552, 0.6666544890959392, 0.1666564670755655, -1.2451121538094615e-05] - [-4.7391274715659394e-06, -4.2308597131629635e-06, -3.7223855349242734e-06, -4.735087177333117e-06]
A2: [0.1666887713216565, -0.16664386642300852, 2.3121435117561926e-05, 2.2060117583922063e-05] - [0.16669458311327004, 0.33336216312211975, 2.8442870928131422e-05, 2.774182828164694e-05] - [0.16665295240610092, 0.8333192069300759, -1.479822750748115e-05, -1.3757032177011592e-05] - [1.3398266679657257e-05, 1.3807768004742376e-05, 1.4178895164123496e-05, 1.3398264044344834e-05]
B1: 0.16662864349206336 - 0.6665792184789135 - 0.1666737973828956 - -1.315748401523262e-05
B2: 0.16661986096957906 - 0.6665982279615754 - 0.1665856238113104 - -4.572036268700017e-05
