Number: 236
Error: 8.083146961081923e-06
A1: [3.149376554071173e-06, 3.21668923175186e-06, 3.3935496359165747e-06, 3.1652076536807217e-06] - [0.20835020416526093, 0.333350084227822, -0.04164954530469835, 1.6939653721524285e-05] - [0.1666711689006336, 0.666671126364612, 0.16667121923128927, 4.521436408443262e-06] - [-4.397892347246038e-07, -3.923528881701396e-07, -3.448850338177126e-07, -4.3941247365655923e-07]
A2: [0.16664695699627843, -0.16668708208783894, -2.1093542183471292e-05, -1.9713815282354945e-05] - [0.16658217202783543, 0.33324589333663096, -9.025637435334812e-05, -8.451086692719544e-05] - [0.1666436132418163, 0.8333094969036956, -2.4581084508104105e-05, -2.30573936699421e-05] - [1.269757554900434e-06, 1.3085306632989925e-06, 1.3436640075206825e-06, 1.2697568130871587e-06]
B1: 0.16671588340078708 - 0.6666437542839806 - 0.16658520210480407 - 5.08169153867566e-05
B2: 0.1667114044388221 - 0.6667263125138905 - 0.16674181706164184 - 4.484431923250308e-05
