Number: 1160
Error: 7.549502114191114e-06
A1: [-2.349665688273921e-08, -1.0806646581066609e-07, 3.508414056143092e-07, 6.987757426853245e-08] - [0.20834208525402478, 0.33334077412998225, -0.04165810561306976, 9.162415224653178e-06] - [0.1666672265983601, 0.6666670759402227, 0.16666759619117436, 6.748446202440763e-07] - [-2.198639397083679e-06, -1.9626875934270584e-06, -1.7266060228607593e-06, -2.196759253462857e-06]
A2: [0.16665225914789833, -0.16668156469902426, -1.54917534781367e-05, -1.4428193370218697e-05] - [0.16658216631152897, 0.33324606268576173, -9.036525358938782e-05, -8.458139476843795e-05] - [0.16663624228999566, 0.8333019339840525, -3.24258223136824e-05, -3.044422096675892e-05] - [6.2300381032743585e-06, 6.420431045118094e-06, 6.5929694680607475e-06, 6.2300352323345615e-06]
B1: 0.16670743400928836 - 0.6666100198491685 - 0.16657952378622265 - 5.153925681509851e-05
B2: 0.16669965722766542 - 0.6667083995324307 - 0.16672015725515632 - 3.349763254905248e-05
