Number: 80
Error: 8.180654670870098e-06
A1: [3.6258562826433214e-06, 3.714745233872389e-06, 3.8399174182447245e-06, 3.6286523689604817e-06] - [0.20835133446324255, 0.33335139947724796, -0.041648372807023826, 1.8012497883982394e-05] - [0.16667177368643388, 0.6666717454041639, 0.16667176210655177, 5.110120549081638e-06] - [-1.4280742419201363e-07, -1.2719867709106834e-07, -1.1157914849382971e-07, -1.4268522775055421e-07]
A2: [0.1666460699592777, -0.1666880045086157, -2.2029277778755884e-05, -2.0598061545862263e-05] - [0.1665822225447548, 0.33324591742616416, -9.018231026518777e-05, -8.444940851402754e-05] - [0.16664487433249872, 0.8333107910140917, -2.3238829196062067e-05, -2.179362317897674e-05] - [4.322659182956562e-07, 4.4543947645320355e-07, 4.573743834365848e-07, 4.32265696999404e-07]
B1: 0.16671697144475944 - 0.6666491630010126 - 0.16658592549406923 - 5.0357032495484784e-05
B2: 0.16671401162561894 - 0.6667297721842285 - 0.16674570881388248 - 4.7383885516961614e-05
