Number: 1369
Error: 3.371602091556854e-06
A1: [-6.463249330369398e-06, -5.897531580986449e-06, -4.689969083465004e-06, -6.347287779701122e-06] - [0.20831373873073641, 0.33331522173415046, -0.041680423871561234, -1.908370562734322e-05] - [0.16665882000462862, 0.6666594901080629, 0.1666609525089136, -7.703604754340852e-06] - [-2.5966328532154787e-06, -2.3180255673600718e-06, -2.0392713995640196e-06, -2.59441342204151e-06]
A2: [0.16668229662944106, -0.1666506049396219, 1.6278473720031317e-05, 1.5605555301075722e-05] - [0.16669450995100024, 0.3333618710146449, 2.8484132698570103e-05, 2.774760731550556e-05] - [0.16666190867864084, 0.8333283958841103, -5.2670678768618855e-06, -4.781418140308904e-06] - [7.355018055183712e-06, 7.579798589128287e-06, 7.783502428018667e-06, 7.355014955092881e-06]
B1: 0.16664005277658436 - 0.6666213562359639 - 0.1666816698284941 - -1.2924845448154153e-05
B2: 0.16663281709786434 - 0.6666188884785048 - 0.16661105777031757 - -3.325204392970415e-05
