Number: 2838
Error: 6.621325250560862e-06
A1: [-5.860640033044814e-06, -6.228019770546426e-06, -5.2640099776921504e-06, -5.6263906395808195e-06] - [0.2083270300649855, 0.3333235281413227, -0.04167401783599916, -5.272030068819233e-06] - [0.16665998771469748, 0.6666596339731833, 0.16666092339672758, -6.390188757762023e-06] - [-5.39226350141862e-06, -4.813971191825843e-06, -4.2354650412385584e-06, -5.3876699600292e-06]
A2: [0.16666191056558236, -0.16667152011454534, -5.291654933987828e-06, -4.8067935031064036e-06] - [0.16658228259315558, 0.33324650537953826, -9.041977380381531e-05, -8.458283176300122e-05] - [0.16662289602395697, 0.8332882410159979, -4.662884306976022e-05, -4.381932977376234e-05] - [1.523592171750253e-05, 1.57015917597516e-05, 1.612363165121384e-05, 1.5235919789672265e-05]
B1: 0.16669040281081546 - 0.666547198525592 - 0.16656777022284003 - 5.116418147500164e-05
B2: 0.16668029246234864 - 0.6666775874391864 - 0.16668227060302296 - 1.4860293826483994e-05
