Number: 1982
Error: 7.0921303705382396e-06
A1: [-2.874799528479829e-06, -3.097421045492439e-06, -2.3905734297442113e-06, -2.7124196592095864e-06] - [0.20833474320711304, 0.3333323608799368, -0.041665863445454046, 2.124427507622939e-06] - [0.16666368876404175, 0.6666634391238556, 0.16666433670826492, -2.7778273250593777e-06] - [-3.7631680617445004e-06, -3.359513427800213e-06, -2.955672999638949e-06, -3.759956074476073e-06]
A2: [0.16665699376489565, -0.1666766375620241, -1.0488533516883699e-05, -9.708281242031016e-06] - [0.16658224661261473, 0.33324630261833077, -9.036919921112504e-05, -8.455875716672535e-05] - [0.16662970957478251, 0.8332952313837089, -3.9378328410486266e-05, -3.6991063309594626e-05] - [1.0642098686378475e-05, 1.096735292258386e-05, 1.1262119576549945e-05, 1.0642095488513415e-05]
B1: 0.16669907590511077 - 0.6665792453770134 - 0.16657378235131373 - 5.134072036426881e-05
B2: 0.1666901004507015 - 0.6666932608215768 - 0.16670158018373624 - 2.4297188501302283e-05
