Number: 1333
Error: 3.3515189493171453e-06
A1: [-6.325403914567211e-06, -5.752911717945358e-06, -4.555479749081357e-06, -6.212476919954903e-06] - [0.2083141125490943, 0.33331564539595854, -0.04168002598490656, -1.8723253569467385e-05] - [0.16665898803023207, 0.6666596632075613, 0.16666110982119248, -7.539321456448847e-06] - [-2.5281304396630074e-06, -2.2568661581479476e-06, -1.985457784146439e-06, -2.5259693806786927e-06]
A2: [0.1666820914654724, -0.1666508186412281, 1.6061324914231023e-05, 1.540103483188249e-05] - [0.16669451215209352, 0.33336186595028106, 2.848944592634975e-05, 2.775233174486411e-05] - [0.16666219542973143, 0.8333286900437225, -4.962000646503549e-06, -4.49404887822358e-06] - [7.161777762705165e-06, 7.380651595619155e-06, 7.579002159548591e-06, 7.161774694598694e-06]
B1: 0.1666403747895478 - 0.6666226618683981 - 0.16668188101795234 - -1.296021698120332e-05
B2: 0.16663319272083332 - 0.6666195489985296 - 0.16661191159848537 - -3.289201315159068e-05
