Number: 2269
Error: 3.86911731949169e-06
A1: [-9.596897355160808e-06, -9.183079307779097e-06, -7.704821248345583e-06, -9.405374982094574e-06] - [0.20830565129715223, 0.3333059585151209, -0.041688972496778214, -2.683819566048237e-05] - [0.16665493498946607, 0.666655495894006, 0.16665737057095326, -1.1495372159161504e-05] - [-4.3091263081889876e-06, -3.846953684088708e-06, -3.3845823038179793e-06, -4.3054507200192485e-06]
A2: [0.1666874739230085, -0.16664521679829894, 2.1750066383910145e-05, 2.0766759182408112e-05] - [0.166694575908948, 0.3333621118968629, 2.845846585388122e-05, 2.7750469153630872e-05] - [0.16665475168810656, 0.8333210529018713, -1.2883583879662848e-05, -1.1953867558810977e-05] - [1.2185425761348943e-05, 1.255785500763833e-05, 1.2895380029741331e-05, 1.2185422804651334e-05]
B1: 0.16663092408696703 - 0.6665876713609438 - 0.16667537811450292 - -1.312008614497029e-05
B2: 0.16662244201993148 - 0.6666023642932638 - 0.16659072765755553 - -4.32372232888391e-05
