Number: 652
Error: 7.837535943044913e-06
A1: [1.7453614056583453e-06, 1.7461656754765403e-06, 2.0518853060166057e-06, 1.7960807056767025e-06] - [0.2083466487970815, 0.33334599996641173, -0.041653284588342804, 1.3538016971394615e-05] - [0.16666941938429683, 0.6666693299904392, 0.16666961710392708, 2.814987745958529e-06] - [-1.2316835455033027e-06, -1.0993740599327157e-06, -9.669839697464226e-07, -1.230629067275063e-06]
A2: [0.1666493369058782, -0.16668460578586428, -1.8579734920105278e-05, -1.7341347645036658e-05] - [0.16658213263782828, 0.3332459310021507, -9.034563527312176e-05, -8.457943522627176e-05] - [0.16664028354773255, 0.8333060804135963, -2.81247908328764e-05, -2.639423455456e-05] - [3.5030358536786827e-06, 3.610073268698519e-06, 3.7070694856124758e-06, 3.503033933994414e-06]
B1: 0.1667123553857482 - 0.6666288078100777 - 0.16658285271954204 - 5.141787989252482e-05
B2: 0.16670574524478035 - 0.6667179563264514 - 0.16673185839187002 - 3.93654458032329e-05
