Number: 60
Error: 8.193368565808967e-06
A1: [3.6502854707484447e-06, 3.7398504794534278e-06, 3.8563064237594836e-06, 3.651445512359493e-06] - [0.20835133164792466, 0.3333514119672449, -0.04164838702230487, 1.8002458124864512e-05] - [0.16667181412931528, 0.6666717855670722, 0.16667179039796248, 5.1485345903738e-06] - [-1.0472828556934087e-07, -9.319980756310037e-08, -8.166331866505878e-08, -1.0463874958888207e-07]
A2: [0.1666459507599485, -0.16668812791557722, -2.215404900088193e-05, -2.0716903086507342e-05] - [0.16658221594264827, 0.33324590832818923, -9.018407422629667e-05, -8.445460787074846e-05] - [0.16664503494906896, 0.8333109559813612, -2.3067568751320818e-05, -2.1632663049814305e-05] - [3.2489538292563457e-07, 3.347869312783141e-07, 3.437476756397182e-07, 3.2489523005023065e-07]
B1: 0.16671720931534845 - 0.6666499519756742 - 0.16658611095294004 - 5.039656740033586e-05
B2: 0.16671448827669166 - 0.6667302436702816 - 0.16674611490779015 - 4.7851866165372824e-05
