Number: 901
Error: 3.1093774571777665e-06
A1: [-4.838304265651174e-06, -4.193993621490224e-06, -3.1276041812225072e-06, -4.76163265434607e-06] - [0.20831792534348642, 0.3333200181638206, -0.04167600066381512, -1.5070212023529088e-05] - [0.1666608354236769, 0.6666615619197098, 0.16666280951195242, -5.7366757137749775e-06] - [-1.7060757568191438e-06, -1.5229227252250279e-06, -1.3396634171525026e-06, -1.7046159421193946e-06]
A2: [0.16667960177476418, -0.1666534093179632, 1.343082601779985e-05, 1.2919067360044046e-05] - [0.16669446786689493, 0.3333617384215145, 2.8490600266156788e-05, 2.7738330403151288e-05] - [0.16666562886682634, 0.8333322128898221, -1.3077308155084204e-06, -1.0531931635856803e-06] - [4.842873588637766e-06, 4.9908660479820145e-06, 5.124977937183669e-06, 4.84287112933123e-06]
B1: 0.16664472317491794 - 0.6666387924544671 - 0.16668485663898 - -1.2900006596906766e-05
B2: 0.16663832953063107 - 0.6666275833299956 - 0.16662171542634713 - -2.7942349101957626e-05
