Number: 386
Error: 7.992738730733565e-06
A1: [2.6347108485867667e-06, 2.6777488734367814e-06, 2.9007809735821655e-06, 2.663129874852168e-06] - [0.2083488887892611, 0.3333485769125222, -0.04165092945841865, 1.5679741393199078e-05] - [0.1666705297964569, 0.6666704700421435, 0.16667063262960685, 3.8978695605325365e-06] - [-7.25333138016648e-07, -6.472932623683291e-07, -5.692031949389962e-07, -7.24711833361252e-07]
A2: [0.1666478092763901, -0.16668619508982138, -2.0193044671376998e-05, -1.886421856989763e-05] - [0.16658213566779437, 0.33324588451057907, -9.031115976000951e-05, -8.45577478115932e-05] - [0.16664240741266484, 0.8333082596916283, -2.5864239907911278e-05, -2.4265799681504127e-05] - [2.0750359927501114e-06, 2.1384239467677367e-06, 2.1958636386747236e-06, 2.0750347880666624e-06]
B1: 0.16671476800254686 - 0.6666385057429148 - 0.16658447995693848 - 5.119026038534401e-05
B2: 0.16670929042460145 - 0.6667232007486548 - 0.16673810122892838 - 4.279532341659739e-05
