Number: 1421
Error: 3.400539903136537e-06
A1: [-6.643712162664263e-06, -6.086733110030435e-06, -4.8634915783125635e-06, -6.523385254845148e-06] - [0.20831327386524404, 0.33331468908793066, -0.0416809150737732, -1.952933621880961e-05] - [0.16665859614205858, 0.6666592599745582, 0.16666074623648244, -7.922079855485412e-06] - [-2.6955811619977877e-06, -2.406367856314037e-06, -2.1170037377332545e-06, -2.693277431790769e-06]
A2: [0.16668259612903244, -0.16665029326497932, 1.659496168808895e-05, 1.590412525721259e-05] - [0.1666945149874563, 0.33336188613311135, 2.8483823766922546e-05, 2.7748998402722793e-05] - [0.16666149542356204, 0.8333279718781933, -5.706882487480521e-06, -5.195566274919063e-06] - [7.634130717496575e-06, 7.86744279259536e-06, 8.078878848816019e-06, 7.634127576254846e-06]
B1: 0.16663952595949985 - 0.6666194113398329 - 0.16668130847880858 - -1.2935493956522763e-05
B2: 0.1666322115166249 - 0.6666179294995926 - 0.1666098808920667 - -3.383509826322235e-05
