Number: 587
Error: 2.930259851047984e-06
A1: [-3.750862041059775e-06, -3.0542238242947323e-06, -2.0829631749119502e-06, -3.7005498075802696e-06] - [0.20832072234515311, 0.33332322274782417, -0.041673048074222334, -1.238935333779217e-05] - [0.1666621844991442, 0.6666629484556685, 0.1666640515352928, -4.420133201328301e-06] - [-1.108544163246526e-06, -9.89434875491329e-07, -8.702519464990756e-07, -1.107594958550227e-06]
A2: [0.16667779762482332, -0.1666552867790916, 1.1524496900554032e-05, 1.1120531041622675e-05] - [0.16669445748157632, 0.33336166797919525, 2.85140770934066e-05, 2.774995572574485e-05] - [0.16666812978118611, 0.8333347789218096, 1.3539389993610228e-06, 1.453112714652676e-06] - [3.15723648274815e-06, 3.2537042970502457e-06, 3.341121925281013e-06, 3.1572347208970487e-06]
B1: 0.16664769042320685 - 0.6666503402167694 - 0.16668685870708602 - -1.3049595247307326e-05
B2: 0.16664218571240133 - 0.666633564652768 - 0.16662900247663456 - -2.4222189092210314e-05
