Number: 620
Error: 7.855973582055573e-06
A1: [1.8548927479703176e-06, 1.8609432577693422e-06, 2.1568811591116648e-06, 1.9029268847103165e-06] - [0.20834692856953027, 0.33334632093458316, -0.04165298964463656, 1.3805957870881558e-05] - [0.16666955556646215, 0.6666694699022118, 0.16666974219942554, 2.9478555533265526e-06] - [-1.170770582604059e-06, -1.0449897667944831e-06, -9.191318291263424e-07, -1.1697681837600733e-06]
A2: [0.16664915302668656, -0.16668479711992767, -1.877399203385146e-05, -1.752465437863249e-05] - [0.166582131886258, 0.33324592418096716, -9.034282525639571e-05, -8.457794225934686e-05] - [0.1666405385972018, 0.8333063421086464, -2.7853338005422285e-05, -2.6138635296936842e-05] - [3.331248854668951e-06, 3.433035288547317e-06, 3.5252728488824806e-06, 3.3312470134155897e-06]
B1: 0.1667126535645872 - 0.6666299809940367 - 0.16658305358537484 - 5.1398418546903256e-05
B2: 0.16670615004963582 - 0.6667185735976475 - 0.16673260431160522 - 3.975637970853434e-05
