Number: 2311
Error: 3.892183468777657e-06
A1: [-9.741673831434317e-06, -9.334863651101133e-06, -7.84389339204598e-06, -9.546626857807251e-06] - [0.20830527975206017, 0.33330553242321326, -0.04168936492052956, -2.7194209439292353e-05] - [0.16665475516218267, 0.666655311051847, 0.16665720504726936, -1.1670849652151534e-05] - [-4.389039022181232e-06, -3.918300105985973e-06, -3.4473608467465497e-06, -4.385295627672493e-06]
A2: [0.16668771546703479, -0.16664496542671645, 2.2005320522846932e-05, 2.1007552349917053e-05] - [0.16669457847155725, 0.33336212259376097, 2.8456694886671736e-05, 2.775008705530006e-05] - [0.16665441748650286, 0.8333207100178001, -1.3239236013875855e-05, -1.2288790702223286e-05] - [1.241082377486332e-05, 1.279014261777212e-05, 1.313391231342002e-05, 1.2410820869254683e-05]
B1: 0.16663049299476834 - 0.6665860937198654 - 0.16667507812990143 - -1.3134303613416106e-05
B2: 0.1666219549928019 - 0.6666015948407432 - 0.16658978537518168 - -4.3706054065728976e-05
