Number: 1082
Error: 7.593349230060484e-06
A1: [2.5928959945872707e-07, 1.8848780175964126e-07, 6.245346910954126e-07, 3.4610385340349204e-07] - [0.20834283111627042, 0.33334162433084663, -0.04165731491915098, 9.879377372741066e-06] - [0.16666757463626533, 0.6666674340471095, 0.1666679191651981, 1.0147889982171938e-06] - [-2.0501756069824893e-06, -1.8301374433600678e-06, -1.6099763266088728e-06, -2.0484221061939855e-06]
A2: [0.16665181184393205, -0.16668203036399223, -1.5964735592960115e-05, -1.487410197935433e-05] - [0.16658216385421762, 0.3332460448546511, -9.036018483797061e-05, -8.457838068864043e-05] - [0.16663686277633324, 0.8333025705697501, -3.1765547123022585e-05, -2.9822394303511568e-05] - [5.811340381132197e-06, 5.988935144963793e-06, 6.149874780469569e-06, 5.8113376196288355e-06]
B1: 0.1667081746020155 - 0.6666128893226108 - 0.1665800194689137 - 5.150553323129766e-05
B2: 0.1667005353349841 - 0.6667098453092767 - 0.16672196933489164 - 3.4341929343210124e-05
