Number: 501
Error: 2.8803770565793678e-06
A1: [-3.4576763928945632e-06, -2.7470432139339047e-06, -1.8021746196733571e-06, -3.4145792373280934e-06] - [0.20832146947867672, 0.33332408017596765, -0.0416722610019091, -1.1674011668420462e-05] - [0.1666625491951313, 0.6666633230818287, 0.1666643862500482, -4.06434318402036e-06] - [-9.44886561094155e-07, -8.433176677545692e-07, -7.416848587863094e-07, -9.440773436916913e-07]
A2: [0.16667730441961243, -0.16665579997767505, 1.1003475191406077e-05, 1.0628863355775317e-05] - [0.16669445979909067, 0.33336165413713786, 2.8526234206239327e-05, 2.7758301611890507e-05] - [0.16666881638679884, 0.8333354834208409, 2.0846859506320083e-06, 2.1411949195795974e-06] - [2.6955455634559126e-06, 2.7779009046203826e-06, 2.8525293316680176e-06, 2.695544028530612e-06]
B1: 0.1666484638265994 - 0.6666534688339973 - 0.16668737795129146 - -1.312980335003339e-05
B2: 0.1666433017263418 - 0.6666352478205471 - 0.16663102737794963 - -2.3143430027846318e-05
