Number: 2660
Error: 6.718809608541125e-06
A1: [-5.246002174652359e-06, -5.583632456305463e-06, -4.673446877929287e-06, -5.026691095212174e-06] - [0.2083286088213303, 0.33332533830107763, -0.04167235013594057, -3.7591009301081186e-06] - [0.1666607510097504, 0.6666604185622228, 0.16666162615854585, -5.645328666174837e-06] - [-5.053513094795623e-06, -4.511535362879862e-06, -3.969347091576138e-06, -5.049206391986149e-06]
A2: [0.16666088815350258, -0.16667258419509068, -6.372198095566246e-06, -5.826021358346113e-06] - [0.16658227639270942, 0.3332464646382521, -9.040769498469213e-05, -8.457654355110605e-05] - [0.1666243135333843, 0.8332896953099168, -4.512043600756949e-05, -4.2398759967235284e-05] - [1.428072604362192e-05, 1.4717199464773784e-05, 1.5112774556559469e-05, 1.4280723716403638e-05]
B1: 0.16669222423653227 - 0.6665538823326006 - 0.16656904251704854 - 5.121886776377732e-05
B2: 0.16668234958017777 - 0.6666808447782229 - 0.16668626354612884 - 1.6840242133452064e-05
