Number: 2204
Error: 6.969527980887475e-06
A1: [-3.6605743912596157e-06, -3.92138011632092e-06, -3.1484764830669985e-06, -3.4795439162114566e-06] - [0.2083326969127625, 0.3333300216480685, -0.0416680293151758, 1.6030949540562058e-07] - [0.16666271738200203, 0.6666624400980625, 0.16666343866657565, -3.7261962033773937e-06] - [-4.185678052152648e-06, -3.7367315152549965e-06, -3.2875889545373505e-06, -4.182107243098967e-06]
A2: [0.16665826821156401, -0.16667531097995195, -9.141251243958675e-06, -8.437805933023183e-06] - [0.1665822555651133, 0.33324635507903116, -9.038218046732861e-05, -8.456537906278083e-05] - [0.16662794306994239, 0.8332934190522369, -4.125809638300307e-05, -3.876138417860505e-05] - [1.183355965301906e-05, 1.2195232459205567e-05, 1.252300793472632e-05, 1.1833556626707566e-05]
B1: 0.16669686131171652 - 0.6665709705344153 - 0.1665722614902561 - 5.1329762670492145e-05
B2: 0.1666875911321017 - 0.6666891948041775 - 0.16669653364979564 - 2.188410780242799e-05
