Number: 14
Error: 8.222662920652536e-06
A1: [3.6586187475932732e-06, 3.7470375209153983e-06, 3.840741804104618e-06, 3.6560610214370796e-06] - [0.20835113242355216, 0.3333512370794674, -0.04164863421021282, 1.7786799255366757e-05] - [0.1666718587340694, 0.666671826801405, 0.16667180159815206, 5.18851861660449e-06] - [-1.715297859718642e-08, -1.5010790152212245e-08, -1.2867096079006495e-08, -1.7138577672533033e-08]
A2: [0.1666456687362077, -0.16668841920332006, -2.244804304123372e-05, -2.0998104270073527e-05] - [0.16658218080419246, 0.3332458685540862, -9.020583083816589e-05, -8.44865213790589e-05] - [0.16664540221962149, 0.8333113333962938, -2.267553738046362e-05, -2.1264602642878415e-05] - [7.791607639882301e-08, 8.025827481005454e-08, 8.237779168837228e-08, 7.79160798009327e-08]
B1: 0.16671790381549212 - 0.6666519080767943 - 0.16658667299429838 - 5.06350260762436e-05
B2: 0.16671575581072645 - 0.6667313500423797 - 0.16674691349659015 - 4.909947114226574e-05
