Number: 815
Error: 3.060636798018421e-06
A1: [-4.521917734880081e-06, -3.862202169598733e-06, -2.820793836273802e-06, -4.4524832904969935e-06] - [0.20831876619855155, 0.3333209749640422, -0.041675108567254496, -1.4261238350300462e-05] - [0.16666122370280495, 0.666661961539278, 0.16666317063281888, -5.357324716872069e-06] - [-1.5424223146754614e-06, -1.3768104727159914e-06, -1.2111008527489972e-06, -1.5411022705543584e-06]
A2: [0.16667911014265724, -0.1666539212045864, 1.2910849984512032e-05, 1.24289726059925e-05] - [0.16669447047449504, 0.33336172409152387, 2.8501487209669856e-05, 2.7746965959107964e-05] - [0.16666631405384413, 0.8333329158426952, -5.786543723625845e-07, -3.6652955919087716e-07] - [4.3812044168538046e-06, 4.515085124316873e-06, 4.636408084768777e-06, 4.3812021276505826e-06]
B1: 0.16664549730964545 - 0.6666419171323908 - 0.16668536739709078 - -1.2979590339940735e-05
B2: 0.1666393041037226 - 0.6666291979429331 - 0.16662374892113996 - -2.700502635214028e-05
