Number: 1929
Error: 3.6819039412532904e-06
A1: [-8.41001335758192e-06, -7.938629448422976e-06, -6.562447839702319e-06, -8.247038296579055e-06] - [0.20830871895268163, 0.3333094710970721, -0.04168572911957978, -2.3896328627180352e-05] - [0.1666564057702842, 0.6666570081135254, 0.16665872723759342, -1.0059819515385911e-05] - [-3.662202881882423e-06, -3.2693770629593525e-06, -2.876368064842268e-06, -3.659076684631933e-06]
A2: [0.16668551998194228, -0.166647250422627, 1.9684880929350974e-05, 1.8818896399590964e-05] - [0.16669455756420953, 0.3333620273753432, 2.847453410284966e-05, 2.77559615045947e-05] - [0.16665745686126207, 0.8333238283229845, -1.000484359254468e-05, -9.242853847567375e-06] - [1.0360701084358759e-05, 1.067735504053153e-05, 1.0964326780234127e-05, 1.0360697859846397e-05]
B1: 0.16663436668975024 - 0.6666003947775678 - 0.166677757500705 - -1.3052278074251162e-05
B2: 0.16662633877195188 - 0.6666085936966688 - 0.1665984050678936 - -3.948776854412237e-05
