Number: 480
Error: 7.937338426825311e-06
A1: [2.331567106984883e-06, 2.360361906338865e-06, 2.6132961261995827e-06, 2.3678560325241207e-06] - [0.2083481422228267, 0.33334771400015983, -0.04165171125644364, 1.4967858044267376e-05] - [0.16667014872520194, 0.6666700791772736, 0.1666702864513317, 3.526516336789261e-06] - [-9.042727946219117e-07, -8.070549631888127e-07, -7.097758067842809e-07, -9.034983432725166e-07]
A2: [0.16664834967404507, -0.16668563302578054, -1.9622627195262753e-05, -1.8325502514541194e-05] - [0.16658213395530017, 0.3332458999135077, -9.032475233821478e-05, -8.456605347231265e-05] - [0.16664165599549205, 0.8333074886284377, -2.6664085218168897e-05, -2.5018831750821338e-05] - [2.579672375636343e-06, 2.658485493570475e-06, 2.729903850095586e-06, 2.579670902228161e-06]
B1: 0.16671391891459897 - 0.6666350793122587 - 0.16658390277873017 - 5.127413044125083e-05
B2: 0.16670796771148028 - 0.6667213125738862 - 0.16673589729744287 - 4.151335641996836e-05
