Number: 646
Error: 7.840954390898416e-06
A1: [1.7524134430995595e-06, 1.75344435148924e-06, 2.0565731476016873e-06, 1.8026421872189954e-06] - [0.2083466469415393, 0.33334600278678755, -0.04165328969474765, 1.3533994984858523e-05] - [0.16666943128882636, 0.6666693418293025, 0.16666962540005023, 2.8262838718363264e-06] - [-1.2202603236126398e-06, -1.0891748469954462e-06, -9.580094156464625e-07, -1.2192156116726188e-06]
A2: [0.16664930011221768, -0.16668464386366216, -1.861824120554561e-05, -1.7378033967723523e-05] - [0.16658212643412068, 0.33324592395970765, -9.035055652158362e-05, -8.45852180771307e-05] - [0.1666403306544957, 0.83330612880241, -2.8074534350821114e-05, -2.634702470492645e-05] - [3.4708259807264397e-06, 3.576878830708037e-06, 3.672982791653983e-06, 3.4708240755543293e-06]
B1: 0.1667124560227298 - 0.6666290704761724 - 0.1665829310426714 - 5.1458995485322655e-05
B2: 0.16670586682643337 - 0.6667180757018382 - 0.16673195754526374 - 3.948442590319158e-05
