Number: 1624
Error: 7.2905712793731805e-06
A1: [-1.6189835488895575e-06, -1.7806703624621458e-06, -1.180992243259005e-06, -1.4866699353475838e-06] - [0.2083379973636492, 0.3333360848355152, -0.041662421664290426, 5.246106905743769e-06] - [0.1666652437626093, 0.6666650380495548, 0.1666657721233084, -1.259931006371764e-06] - [-3.0817992886684507e-06, -2.751183044894074e-06, -2.4204018838426503e-06, -3.07916672207272e-06]
A2: [0.16665493496079165, -0.1666787803438162, -1.2664590553327204e-05, -1.1760681056336035e-05] - [0.1665822208294937, 0.33324620694100926, -9.035905250076244e-05, -8.455942575919811e-05] - [0.16663255613876396, 0.8332981518835066, -3.634904271993576e-05, -3.4138346154654315e-05] - [8.720627860978382e-06, 8.987149607932575e-06, 9.22868426066576e-06, 8.720624619369637e-06]
B1: 0.16670268411294867 - 0.666592620357764 - 0.16657625920136793 - 5.139526483469487e-05
B2: 0.16669419590710358 - 0.6666998311920488 - 0.1667096943503959 - 2.8237452235460174e-05
