Number: 3036
Error: 6.513111628558162e-06
A1: [-6.546483839842415e-06, -6.94707370312964e-06, -5.923311930001288e-06, -6.295615944944841e-06] - [0.20832526526520329, 0.33332150545693917, -0.041675882539532846, -6.96359888929282e-06] - [0.16665913648985548, 0.6666587589407166, 0.16666013926056494, -7.220905906138274e-06] - [-5.769067911118753e-06, -5.150380806119344e-06, -4.531477746103795e-06, -5.764155579098036e-06]
A2: [0.16666304677986, -0.1666703375341767, -4.090743558810003e-06, -3.6741212201802313e-06] - [0.1665822858336309, 0.33324654708467644, -9.043677337894095e-05, -8.45934835037954e-05] - [0.16662131846698514, 0.8332866225463248, -4.830750050956102e-05, -4.540029120315817e-05] - [1.6298404562257073e-05, 1.6796550507196e-05, 1.7248028208060902e-05, 1.6298403161875072e-05]
B1: 0.1666883867317937 - 0.6665397714885406 - 0.1665663603076753 - 5.1113325289775256e-05
B2: 0.16667801277756272 - 0.6666739659748089 - 0.16667782381788077 - 1.266645027202716e-05
