Number: 2078
Error: 7.0390996357665976e-06
A1: [-3.202294315736095e-06, -3.440736704071924e-06, -2.7046330583698084e-06, -3.0318610464159322e-06] - [0.20833390787019773, 0.3333314016513461, -0.041666744922883414, 1.324579019042168e-06] - [0.16666328113846718, 0.6666630202427432, 0.16666396219485344, -3.175513045348013e-06] - [-3.945879412586677e-06, -3.5226392501560445e-06, -3.0992086154545563e-06, -3.942512211023133e-06]
A2: [0.16665754707544728, -0.16667606181042124, -9.903940130727204e-06, -9.156688040266734e-06] - [0.16658225633048615, 0.3332463308755283, -9.03695313998906e-05, -8.455577412396164e-05] - [0.16662894640925324, 0.833294448367861, -4.01905412508569e-05, -3.775587897963741e-05] - [1.1157330997782318e-05, 1.1498334016002037e-05, 1.1807374856790596e-05, 1.1157327860509622e-05]
B1: 0.1666980778147683 - 0.6665756287096468 - 0.1665730884251452 - 5.1295525199770476e-05
B2: 0.16668897280084516 - 0.6666914983620694 - 0.16669943417965352 - 2.321115631220121e-05
