Number: 2444
Error: 6.837409654668809e-06
A1: [-4.491239881693448e-06, -4.792268449912617e-06, -3.946898777549541e-06, -4.290065102412029e-06] - [0.20833056048396964, 0.33332757278059033, -0.041670286522560294, -1.887353784081831e-06] - [0.16666168625950037, 0.6666613801564986, 0.16666248895674396, -4.732458827535043e-06] - [-4.6424394556344415e-06, -4.14452911830423e-06, -3.6464140291804027e-06, -4.638481140074432e-06]
A2: [0.1666596482392396, -0.16667387475004428, -7.682808693889264e-06, -7.062071613478417e-06] - [0.16658226997610026, 0.33324641610768113, -9.039233401380691e-05, -8.45678057817324e-05] - [0.16662603341786347, 0.8332914598079959, -4.329029746162639e-05, -4.067516201826097e-05] - [1.312156845624534e-05, 1.3522610870149383e-05, 1.388607074694304e-05, 1.312156573979787e-05]
B1: 0.16669440707474095 - 0.6665619648815992 - 0.166570557368337 - 5.1257737590073844e-05
B2: 0.16668481807570104 - 0.6666847974787434 - 0.1666911381719844 - 1.9215096438578204e-05
