Number: 394
Error: 7.988034380372764e-06
A1: [2.625209307213653e-06, 2.667953594361913e-06, 2.8944487083236986e-06, 2.6542825074599765e-06] - [0.20834889090221562, 0.3333485728208988, -0.04165092295073165, 1.5684743277340667e-05] - [0.16667051384227824, 0.6666704541820517, 0.16667062149992995, 3.88272669118938e-06] - [-7.405643180024002e-07, -6.60892395144659e-07, -5.811693156322469e-07, -7.399299744171513e-07]
A2: [0.16664785798155712, -0.16668614468021595, -2.0142070595168442e-05, -1.8815656519703804e-05] - [0.16658214249295475, 0.3332458924220536, -9.030610473751837e-05, -8.455148377400024e-05] - [0.1666423442338102, 0.833308194795126, -2.5931633860539722e-05, -2.4329115972947266e-05] - [2.1179837993812335e-06, 2.1826845475205287e-06, 2.2413139227944974e-06, 2.1179825712021786e-06]
B1: 0.16671464420213564 - 0.6666381647685061 - 0.16658438364705283 - 5.114581517063687e-05
B2: 0.1667091206455368 - 0.6667230336768316 - 0.16673796090335646 - 4.2629012824063685e-05
