Number: 3026
Error: 6.518574006696308e-06
A1: [-6.510876983051496e-06, -6.909735282365748e-06, -5.8889369744896606e-06, -6.260849325473615e-06] - [0.20832535829708318, 0.3333216117320421, -0.04167578402447525, -6.8742692550184166e-06] - [0.16665918045945582, 0.6666588041676142, 0.16666017995171065, -7.177972966870397e-06] - [-5.750037872629011e-06, -5.133390923313795e-06, -4.516528086335437e-06, -5.745141633864148e-06]
A2: [0.16666298957973477, -0.16667039708412024, -4.151227884419839e-06, -3.731142457391951e-06] - [0.16658228617433513, 0.3332465454613707, -9.043545443053129e-05, -8.459244116497362e-05] - [0.16662139820991984, 0.8332867043529992, -4.822265676518314e-05, -4.5320376320864586e-05] - [1.624474475932516e-05, 1.674125053954003e-05, 1.7191241497795745e-05, 1.624474333021171e-05]
B1: 0.16668848526427815 - 0.6665401434970585 - 0.16656642862107807 - 5.111260232597875e-05
B2: 0.16667812460358183 - 0.6666741485868068 - 0.16667805129773128 - 1.2773940996838712e-05
