Number: 488
Error: 7.932636661045354e-06
A1: [2.298140349692052e-06, 2.325291394740091e-06, 2.580339037632092e-06, 2.3351063563481056e-06] - [0.20834804795653547, 0.33334760809532027, -0.04165181199415076, 1.4876572911831922e-05] - [0.1666701085801021, 0.6666700377630701, 0.16667024840474598, 3.487205676854121e-06] - [-9.195005139010681e-07, -8.206504589344891e-07, -7.217381517305954e-07, -9.187130334220795e-07]
A2: [0.16664839443718918, -0.1666855863523333, -1.957517331513284e-05, -1.828088248429247e-05] - [0.16658213072208267, 0.3332458983144774, -9.032863334743487e-05, -8.456984781132705e-05] - [0.16664159172948606, 0.8333074227128495, -2.6732426994897513e-05, -2.5083235196669022e-05] - [2.6226199894342544e-06, 2.702745875637247e-06, 2.775353899827138e-06, 2.6226184939172996e-06]
B1: 0.16671386952040454 - 0.6666348096918441 - 0.16658387476860728 - 5.1304159083665914e-05
B2: 0.16670788290798214 - 0.6667211558479323 - 0.16673568859131854 - 4.143202032463312e-05
