Number: 1597
Error: 3.4982810460431425e-06
A1: [-7.256288434010009e-06, -6.728993633606862e-06, -5.452792717553259e-06, -7.1211849353003255e-06] - [0.20831169328108026, 0.3333128786600987, -0.041682585664010105, -2.104481116738485e-05] - [0.16665783664588604, 0.6666584791456884, 0.16666004605806964, -8.663340149003588e-06] - [-3.030479243761057e-06, -2.705368616822018e-06, -2.3800947263358655e-06, -3.027890345175896e-06]
A2: [0.16668360935799514, -0.16664923880913066, 1.766572914480806e-05, 1.691420777925595e-05] - [0.16669453071215623, 0.33336193603930436, 2.8481574581734067e-05, 2.7752384799243672e-05] - [0.1666600965028316, 0.8333265365794837, -7.195678179026318e-06, -6.597509760325038e-06] - [8.578799758986384e-06, 8.840987171279654e-06, 9.078593522872687e-06, 8.57879652333402e-06]
B1: 0.16663774410466742 - 0.6666128292653802 - 0.16668008543502147 - -1.2970323846293213e-05
B2: 0.16663017344919734 - 0.6666146897212657 - 0.16660589768699724 - -3.579692058100508e-05
