Number: 1312
Error: 7.4644264568664295e-06
A1: [-5.363404165341901e-07, -6.456091883621778e-07, -1.4002239143896884e-07, -4.302193829740709e-07] - [0.20834078569773004, 0.3333392798303924, -0.041659475372604275, 7.919029449683679e-06] - [0.16666658698614192, 0.6666664188612337, 0.1666670097283927, 5.096715569053132e-08] - [-2.487957065789683e-06, -2.2209945311314686e-06, -1.9538897017490243e-06, -2.4858302572803255e-06]
A2: [0.1666531374781205, -0.16668065090172085, -1.456402746556287e-05, -1.3552582310070468e-05] - [0.16658218878617745, 0.33324611430811735, -9.035911577123813e-05, -8.456958249811475e-05] - [0.16663503530884607, 0.8333006955370788, -3.371053306194409e-05, -3.165381413725341e-05] - [7.04594442949707e-06, 7.261276888304541e-06, 7.456417868369083e-06, 7.0459413842317626e-06]
B1: 0.1667058537353998 - 0.6666042972475885 - 0.16657843320632304 - 5.146779942083792e-05
B2: 0.1666978261940862 - 0.6667055813667193 - 0.166716750849843 - 3.173248970477227e-05
