Number: 10
Error: 8.225648630584124e-06
A1: [3.578169379230071e-06, 3.662144798188487e-06, 3.749524885748572e-06, 3.575365355390286e-06] - [0.20835078779715388, 0.33335087706394984, -0.041649018026550924, 1.744105394663096e-05] - [0.16667178034495475, 0.666671743720072, 0.16667171150386118, 5.109805622372582e-06] - [-9.540656444252142e-09, -8.216005151130684e-09, -6.890428379918162e-09, -9.532788076952014e-09]
A2: [0.16664562884946146, -0.1666884591096822, -2.2487361342931796e-05, -2.1037919806255503e-05] - [0.166582134812989, 0.3332458243707985, -9.024613079181357e-05, -8.45322333827907e-05] - [0.16664542801870874, 0.8333113603960699, -2.264693259567556e-05, -2.1238735170763922e-05] - [5.641625430420292e-08, 5.8101314124203643e-08, 5.962533312485613e-08, 5.6416270847460924e-08]
B1: 0.16671823740195607 - 0.6666523340057461 - 0.1665869603159942 - 5.0929270197413204e-05
B2: 0.16671614728670123 - 0.6667314741346372 - 0.16674674432109707 - 4.9489224305740214e-05
