Number: 1298
Error: 7.472231611640004e-06
A1: [-4.960480606862401e-07, -6.034312367553487e-07, -1.0253293038725425e-07, -3.9109441805935777e-07] - [0.20834087742975593, 0.33333938793163526, -0.041659380309118955, 8.005614654798185e-06] - [0.1666666388810591, 0.6666664719715273, 0.1666670559414048, 1.0141954892400767e-07] - [-2.4613081920788314e-06, -2.1972018276392992e-06, -1.932954281129524e-06, -2.459204096714277e-06]
A2: [0.1666530553905886, -0.1666807361977089, -1.4650545067329929e-05, -1.3634419391434909e-05] - [0.16658218360497828, 0.3332461065952073, -9.036247808513191e-05, -8.45737816231787e-05] - [0.16663514611190725, 0.833300809256547, -3.359253311517258e-05, -3.154277048903427e-05] - [6.970796206046202e-06, 7.183831629676047e-06, 7.376890803229925e-06, 6.970793174674052e-06]
B1: 0.1667060226235816 - 0.6666048466214666 - 0.16657855490723833 - 5.1497736759039016e-05
B2: 0.16669801803492215 - 0.6667058424826898 - 0.16671704331660647 - 3.191826103802678e-05
