Number: 239
Error: 2.724474747896381e-06
A1: [-2.5706880045427507e-06, -1.8181507973710588e-06, -9.544204330036698e-07, -2.549565788060996e-06] - [0.20832371963626475, 0.3333266635081849, -0.041669894855370884, -9.520683123770997e-06] - [0.16666365347827958, 0.6666644569337576, 0.16666539782266462, -2.9871862639769752e-06] - [-4.4629749866228526e-07, -3.9816474176323355e-07, -3.4999992323705876e-07, -4.4591514387948815e-07]
A2: [0.16667581023104927, -0.1666573547888588, 9.425097266631797e-06, 9.139358928953408e-06] - [0.16669450347529438, 0.33336164966092574, 2.8601948399620264e-05, 2.782034310664783e-05] - [0.16667091802255535, 0.8333376398188723, 4.321271912291475e-06, 4.2473289212876526e-06] - [1.2889328095873646e-06, 1.3282922657892624e-06, 1.3639569611420256e-06, 1.2889320540115238e-06]
B1: 0.1666505628429197 - 0.66666277355865 - 0.16668876348255515 - -1.363111334988855e-05
B2: 0.16664694267879718 - 0.6666405952722323 - 0.16663739252448473 - -1.9615974901337062e-05
