Number: 2620
Error: 6.7407555808651655e-06
A1: [-5.103571006140013e-06, -5.4342737830544355e-06, -4.535941618548086e-06, -4.887621017925806e-06] - [0.2083289809582692, 0.33332576341361, -0.04167195606295584, -3.4017733365332827e-06] - [0.16666092689287346, 0.6666605994750426, 0.16666178892719438, -5.473592479218546e-06] - [-4.977389808213428e-06, -4.443572738313278e-06, -3.909546053347277e-06, -4.973147594670642e-06]
A2: [0.1666606590559284, -0.16667282269295455, -6.6144336902606835e-06, -6.054403377272895e-06] - [0.1665822766234133, 0.3332464570107553, -9.040355358303157e-05, -8.457350645144775e-05] - [0.1666246322260237, 0.8332900222571326, -4.478134076954353e-05, -4.2079379628060956e-05] - [1.4066070776361057e-05, 1.4495983019208124e-05, 1.4885610904515984e-05, 1.4066068369167819e-05]
B1: 0.16669261958512943 - 0.666555370777832 - 0.16656931529683505 - 5.121718093635121e-05
B2: 0.166682797403549 - 0.6666815757519589 - 0.1666871739999702 - 1.7270724802794323e-05
