Number: 2337
Error: 3.90642794341859e-06
A1: [-9.819885794176797e-06, -9.416772782623867e-06, -7.91729236440975e-06, -9.622667870910775e-06] - [0.20830509570722988, 0.3333053171931606, -0.04168955672782532, -2.7368683695352607e-05] - [0.16665465537070612, 0.6666552088038389, 0.16665711540583997, -1.1767959460451968e-05] - [-4.438509899364397e-06, -3.962468416038037e-06, -3.4862256446315978e-06, -4.4347245347347565e-06]
A2: [0.16668786691723889, -0.1666448079892493, 2.2165059590960322e-05, 2.1158537652040832e-05] - [0.16669458505856116, 0.3333621339624468, 2.8460076312566274e-05, 2.7754850809412186e-05] - [0.16665421116808346, 0.8333204982937993, -1.3458896943607903e-05, -1.2495555873138286e-05] - [1.2550348916120179e-05, 1.293393254782899e-05, 1.328156782745984e-05, 1.2550346044095034e-05]
B1: 0.16663018876947658 - 0.6665850813568791 - 0.166674858317892 - -1.3180496238022061e-05
B2: 0.16662161458013963 - 0.6666011151652543 - 0.16658923624673821 - -4.4035198864848153e-05
