Number: 2524
Error: 6.7934347169616435e-06
A1: [-4.776109529901064e-06, -5.090993729794357e-06, -4.2219172122046876e-06, -4.568212451452845e-06] - [0.2083298161867582, 0.33332672253135986, -0.041671074691877856, -2.6020320028158804e-06] - [0.16666133448590364, 0.6666610183233892, 0.1666621634131939, -5.075938316135571e-06] - [-4.79468853238595e-06, -4.2804568391908295e-06, -3.7660180226448576e-06, -4.790601145483056e-06]
A2: [0.16666010665474743, -0.16667339753348873, -7.198116816638486e-06, -6.605087218799239e-06] - [0.16658227035014214, 0.333246432198441, -9.03997821918133e-05, -8.457304441785627e-05] - [0.16662539623796754, 0.8332908061188908, -4.3968282723906e-05, -4.131371724115401e-05] - [1.3550891761654821e-05, 1.3965056945724475e-05, 1.4340411422447163e-05, 1.3550889177171089e-05]
B1: 0.1666936158648124 - 0.6665589880698484 - 0.16657001254071394 - 5.1260609021641664e-05
B2: 0.16668392168081061 - 0.6666833347676733 - 0.16668931648434784 - 1.835338257613408e-05
