Number: 2927
Error: 4.22919602498046e-06
A1: [-1.1872960632189237e-05, -1.1569368798174099e-05, -9.892399348560168e-06, -1.1626213717992193e-05] - [0.20829979852952346, 0.33329924939493116, -0.04169515596052414, -3.244761331432661e-05] - [0.1666521097178052, 0.6666525916059363, 0.16665476846763222, -1.4252493166491758e-05] - [-5.561052645588427e-06, -4.964675046134137e-06, -4.368082334594938e-06, -5.556316266680401e-06]
A2: [0.16669125306353388, -0.16664128363497055, 2.5744128153480242e-05, 2.453413635198029e-05] - [0.16669459847875367, 0.33336226206735503, 2.841350547378643e-05, 2.7726903579959863e-05] - [0.1666495119986009, 0.8333156772070962, -1.8459288868299798e-05, -1.7204862309590367e-05] - [1.5716459475334028e-05, 1.619681919120603e-05, 1.6632174547967415e-05, 1.5716457772865364e-05]
B1: 0.1666242077916538 - 0.6665629813203154 - 0.16667069255962386 - -1.330549247278145e-05
B2: 0.16661484923302494 - 0.6665903221246853 - 0.16657595175499634 - -5.054492930199832e-05
