Number: 427
Error: 2.8370203808815147e-06
A1: [-3.20232499238623e-06, -2.4795175297041606e-06, -1.5572267034733348e-06, -3.1654391235180495e-06] - [0.2083221246388232, 0.3333248307841694, -0.04167157039025779, -1.104621905303311e-05] - [0.16666286605827585, 0.666663648629008, 0.16666467759357023, -3.755146321040238e-06] - [-8.040641652661079e-07, -7.175881729335432e-07, -6.310569153916392e-07, -8.033754515299796e-07]
A2: [0.16667688153671528, -0.16665624006525748, 1.0556651045205155e-05, 1.0207303423930992e-05] - [0.16669446726175408, 0.33336164772639004, 2.8542211292429786e-05, 2.7770951341592824e-05] - [0.16666940840874528, 0.8333360908559101, 2.714719390676652e-06, 2.7344873678892587e-06] - [2.2982665791046663e-06, 2.368478316353551e-06, 2.4321018781017018e-06, 2.2982652512398864e-06]
B1: 0.166649089825821 - 0.6666561251474158 - 0.16668779269357292 - -1.3238295980977111e-05
B2: 0.16664427491557335 - 0.6666367183992358 - 0.16663280180222664 - -2.220229646033335e-05
