Number: 1469
Error: 3.427191075278454e-06
A1: [-6.795538616645755e-06, -6.245797994419509e-06, -5.007255930830086e-06, -6.671196309634546e-06] - [0.2083129041769584, 0.33331426016788535, -0.041681302404521905, -1.9881326176720245e-05] - [0.16665840440745947, 0.6666590632884692, 0.16666057241243576, -8.10885572565655e-06] - [-2.7869183845850856e-06, -2.487915344362118e-06, -2.188757965572971e-06, -2.7845368571537136e-06]
A2: [0.1666828750754984, -0.1666500032042709, 1.6889334203187772e-05, 1.6182213490535e-05] - [0.166694526106124, 0.3333619062320268, 2.8489336042346406e-05, 2.7756751673438523e-05] - [0.16666111469431222, 0.8333275811858688, -6.1122095308558905e-06, -5.577119999423627e-06] - [7.89176290011935e-06, 8.132949939747702e-06, 8.351523188696832e-06, 7.891759726197018e-06]
B1: 0.16663899082237044 - 0.6666175693254536 - 0.16668093029947342 - -1.2994210537988198e-05
B2: 0.16663160274162803 - 0.6666170404984558 - 0.16660883927508438 - -3.442307524677019e-05
