Number: 2010
Error: 7.076632043630513e-06
A1: [-2.979307812549224e-06, -3.207048470161511e-06, -2.4921723250593414e-06, -2.8145704181217053e-06] - [0.20833446336099126, 0.3333320428664595, -0.04166616081289443, 1.8549668495674921e-06] - [0.16666356078863273, 0.6666633073556703, 0.16666421737104384, -2.9028949009761423e-06] - [-3.816456833118641e-06, -3.4070896252506293e-06, -2.9975352191045858e-06, -3.8131995701057954e-06]
A2: [0.16665715362203382, -0.16667647108373454, -1.0319396616668626e-05, -9.548924994993643e-06] - [0.16658224547816525, 0.3332463070909528, -9.037285482086479e-05, -8.456185592514935e-05] - [0.1666294865262466, 0.8332950025695479, -3.9615632931621284e-05, -3.721459313008388e-05] - [1.0792375892018962e-05, 1.1122223545976695e-05, 1.1421153509593605e-05, 1.0792372709656392e-05]
B1: 0.1666988144950931 - 0.6665782189114863 - 0.16657360705328222 - 5.135726302835634e-05
B2: 0.16668980200783157 - 0.6666927491992806 - 0.16670092713084847 - 2.4010883050755574e-05
