Number: 1961
Error: 3.6995527888288395e-06
A1: [-8.519187239040147e-06, -8.053078865803623e-06, -6.667147446025059e-06, -8.353527757068915e-06] - [0.2083084404358741, 0.33330915127910143, -0.041686023025983135, -2.416301618419895e-05] - [0.1666562699034219, 0.6666568684906878, 0.16665860239962482, -1.0192373146250916e-05] - [-3.72309096558147e-06, -3.3237384570095898e-06, -2.9242010957547383e-06, -3.719913023927964e-06]
A2: [0.1666857043943647, -0.16664705853199108, 1.9879719197042012e-05, 1.9002736728510638e-05] - [0.1666945607214117, 0.33336203670410336, 2.847433482682135e-05, 2.775687518862956e-05] - [0.1666572024612836, 0.8333235673044438, -1.0275593769097843e-05, -9.497803514141837e-06] - [1.0532443566765361e-05, 1.0854347086762863e-05, 1.1146076821486841e-05, 1.0532440356386789e-05]
B1: 0.16663403433595492 - 0.6665991895219742 - 0.16667752641034475 - -1.3067007262301467e-05
B2: 0.16662596292995763 - 0.6666080062104472 - 0.16659768963465116 - -3.9849746705024816e-05
