Number: 759
Error: 3.028821244129653e-06
A1: [-4.336444579346767e-06, -3.6678625122807123e-06, -2.6438852904804473e-06, -4.271703045049736e-06] - [0.20831923096037183, 0.3333215105370597, -0.04167461981339975, -1.381715727984531e-05] - [0.16666145576052574, 0.6666621998055935, 0.16666338265440206, -5.131060835385175e-06] - [-1.4358564269884165e-06, -1.2816661856455236e-06, -1.1273838766669037e-06, -1.4346274279263144e-06]
A2: [0.16667878672726652, -0.16665425762899352, 1.2569347331267522e-05, 1.2106558432071461e-05] - [0.16669446394893986, 0.3333617070195108, 2.8501343270525588e-05, 2.7744366128813896e-05] - [0.16666675940486084, 0.8333333728238924, -1.0459759398934282e-07, 7.978307392747606e-08] - [4.080588711742067e-06, 4.205280536491185e-06, 4.318276028289143e-06, 4.080586541895597e-06]
B1: 0.16664606127143727 - 0.6666440093941476 - 0.16668575527540017 - -1.297147779710812e-05
B2: 0.16664001505288883 - 0.6666302615615435 - 0.1666250176429194 - -2.6318337917300927e-05
