Number: 240
Error: 8.080660015610859e-06
A1: [3.1206046074609067e-06, 3.1864285639297305e-06, 3.363679125332414e-06, 3.1367857910817175e-06] - [0.20835010849300453, 0.333349980048272, -0.04164964958763906, 1.6845518467172175e-05] - [0.16667113665300182, 0.6666710928070891, 0.16667118668257774, 4.489617650815392e-06] - [-4.4740203860219906e-07, -3.991494927976879e-07, -3.508649260719175e-07, -4.4701875541835526e-07]
A2: [0.16664697705310744, -0.1666870609804444, -2.107194321194735e-05, -1.969383000909551e-05] - [0.16658216393644532, 0.3332458863052782, -9.026428669886478e-05, -8.451923886650945e-05] - [0.1666435801960478, 0.8333094630591881, -2.4616113469015677e-05, -2.3090508152563123e-05] - [1.2912318422322616e-06, 1.3306613413339763e-06, 1.3663895121357686e-06, 1.2912310875386361e-06]
B1: 0.16671590599368627 - 0.6666436641066493 - 0.16658523008006146 - 5.0879246529560585e-05
B2: 0.1667113971346121 - 0.6667262317062275 - 0.16674167069270093 - 4.483874825399458e-05
