Number: 1530
Error: 7.342843189238007e-06
A1: [-1.2937571705197535e-06, -1.439701326289077e-06, -8.684206413303173e-07, -1.1693339104387482e-06] - [0.20833883360874167, 0.33333704339927245, -0.04166153822984025, 6.047584453490641e-06] - [0.16666564749200038, 0.6666654530529614, 0.16666614393164084, -8.659395655826052e-07] - [-2.9028871320664973e-06, -2.591448566554964e-06, -2.2798514641505234e-06, -2.9004068642711866e-06]
A2: [0.16665439333031112, -0.16667934398451698, -1.323692577261635e-05, -1.2300629957836053e-05] - [0.16658221102447845, 0.3332461788934808, -9.035919744579448e-05, -8.456263664750652e-05] - [0.1666333030802921, 0.8332989182529347, -3.555409430090992e-05, -3.338978911191809e-05] - [8.216086099334255e-06, 8.467185764690347e-06, 8.694742983324773e-06, 8.216082893919736e-06]
B1: 0.16670364453513836 - 0.6665961438845518 - 0.16657691974769476 - 5.142259887491256e-05
B2: 0.1666952901030248 - 0.6667015611216318 - 0.16671181474856583 - 2.9290899471465055e-05
