Number: 677
Error: 2.9819823917785425e-06
A1: [-4.048463671499247e-06, -3.365995884853813e-06, -2.366640864022513e-06, -3.990609643843352e-06] - [0.20831997748121256, 0.333322364385831, -0.04167383088352412, -1.3100982217985277e-05] - [0.1666618121027392, 0.6666625661539833, 0.16666371148699985, -4.7832183896220025e-06] - [-1.2798127075726377e-06, -1.142347362939608e-06, -1.0047985673326835e-06, -1.2787170691571012e-06]
A2: [0.16667831633116414, -0.16665474720137513, 1.2072202769495062e-05, 1.1637628278875757e-05] - [0.1666944633222774, 0.33336169063032356, 2.85093956237383e-05, 2.774948733649956e-05] - [0.16666741279660155, 0.8333340432126244, 5.907573228324355e-07, 7.345827512270518e-07] - [3.6403859746639833e-06, 3.7516221797143587e-06, 3.852423534037454e-06, 3.640383991570171e-06]
B1: 0.1666468201308982 - 0.6666470098703626 - 0.1666862637601111 - -1.302657984046287e-05
B2: 0.16664101089819713 - 0.6666318248233081 - 0.16662693500997328 - -2.5358013271498765e-05
