Number: 1659
Error: 3.5326426176745167e-06
A1: [-7.472334891922995e-06, -6.9555133153374e-06, -5.6606728965795076e-06, -7.3320258237393315e-06] - [0.20831113545818603, 0.3333122398036615, -0.04168317532630482, -2.1579697032779367e-05] - [0.16665756883800928, 0.6666582038064611, 0.16665979911259196, -8.924723909231673e-06] - [-3.1484532877142255e-06, -2.810697018066987e-06, -2.4727734117214955e-06, -3.1457639875410397e-06]
A2: [0.1666839661745946, -0.16664886746616817, 1.8042821832853877e-05, 1.726991597688477e-05] - [0.16669453588260688, 0.3333619532619005, 2.8480435794257938e-05, 2.7753208742063758e-05] - [0.166659603628307, 0.8333260308920528, -7.720209151290227e-06, -7.091449160077726e-06] - [8.911573384522772e-06, 9.18393254715457e-06, 9.430757870520045e-06, 8.911570132165321e-06]
B1: 0.16663711594444588 - 0.6666105099205689 - 0.16667965369639315 - -1.2983058918234692e-05
B2: 0.16662945806756468 - 0.6666135502068309 - 0.16660449543152345 - -3.648544296770516e-05
