Number: 2821
Error: 4.171386070953585e-06
A1: [-1.1509881158007955e-05, -1.1188734821968839e-05, -9.543977355963166e-06, -1.1272026910019565e-05] - [0.2083007269651188, 0.33330031497323376, -0.04169417586900164, -3.155836553972345e-05] - [0.16665256123393304, 0.6666530556479775, 0.16665518362948803, -1.381195171492928e-05] - [-5.359379602716472e-06, -4.784621448991086e-06, -4.2096495925189794e-06, -5.354813894368934e-06]
A2: [0.1666906441935772, -0.1666419172855041, 2.510069908446677e-05, 2.3927161425232668e-05] - [0.16669459529102654, 0.33336223840549456, 2.8421360877585672e-05, 2.7731148366692937e-05] - [0.16665035640014284, 0.8333165435281648, -1.756073694197371e-05, -1.6358639363110407e-05] - [1.5147661964904948e-05, 1.5610635719633563e-05, 1.6030231653281942e-05, 1.5147659994884874e-05]
B1: 0.16662529975463689 - 0.6665669696704027 - 0.1666714593677371 - -1.3265583317201307e-05
B2: 0.1666160831762342 - 0.6665922616875634 - 0.1665783199376694 - -4.935691314629936e-05
