Number: 2766
Error: 6.660739343225351e-06
A1: [-5.609062826734175e-06, -5.964242900782872e-06, -5.0218383942672966e-06, -5.3808586985253556e-06] - [0.20832768058653517, 0.3333242729339141, -0.04167332999764981, -4.648146581239578e-06] - [0.16666029945438118, 0.6666599544942005, 0.16666121098747197, -6.085908704384536e-06] - [-5.2552424782048475e-06, -4.691639249060628e-06, -4.127823354808227e-06, -5.250764932274137e-06]
A2: [0.16666149757911095, -0.16667194998055584, -5.728206345984597e-06, -5.218491975515414e-06] - [0.16658228166114694, 0.33324649041006565, -9.041344767708132e-05, -8.45787121478702e-05] - [0.16662346961549887, 0.8332888294786749, -4.6018500382826095e-05, -4.324450030387913e-05] - [1.4849554275558476e-05, 1.5303414578093683e-05, 1.5714749667156737e-05, 1.4849552177623488e-05]
B1: 0.16669112966111083 - 0.6665498928007048 - 0.1665682762090468 - 5.117639081880004e-05
B2: 0.16668111423357962 - 0.6666789039238825 - 0.16668389437293626 - 1.565085072177414e-05
