Number: 2961
Error: 4.2477709189970425e-06
A1: [-1.2008407939459318e-05, -1.1711513287070272e-05, -1.0025277814356038e-05, -1.1758790479624157e-05] - [0.20829942425360778, 0.3332988268337648, -0.041695555395789244, -3.280924633503395e-05] - [0.16665194570747932, 0.6666524224998037, 0.1666546139622453, -1.4412964981328626e-05] - [-5.625736879263805e-06, -5.022424081930376e-06, -4.418895819711656e-06, -5.620945777606092e-06]
A2: [0.1666914450924801, -0.16664108349719065, 2.5947572015890147e-05, 2.4725557601496424e-05] - [0.16669459091764133, 0.33336226149559756, 2.8403272407003725e-05, 2.7716958980440268e-05] - [0.16664924014269566, 0.8333153983715057, -1.8748407918937815e-05, -1.7477302321036666e-05] - [1.589891168945305e-05, 1.638484823700998e-05, 1.6825258719972406e-05, 1.5898910078171155e-05]
B1: 0.16662391989658304 - 0.6665617614957922 - 0.16667050315792656 - -1.3255885217638402e-05
B2: 0.16661451841445607 - 0.6665897057839922 - 0.1665751354684135 - -5.086102267548733e-05
