Number: 2744
Error: 6.672779798374161e-06
A1: [-5.535520599591028e-06, -5.887159821614957e-06, -4.951543732893378e-06, -5.309160456933224e-06] - [0.20832786594902608, 0.33332448634897077, -0.04167313473759349, -4.470910688149691e-06] - [0.16666039134438115, 0.6666600488785867, 0.16666129512099515, -5.996294836327054e-06] - [-5.213373753847998e-06, -4.654258802091803e-06, -4.094931588016534e-06, -5.2089316596287856e-06]
A2: [0.1666613707982573, -0.1666720818910355, -5.862130054779597e-06, -5.344879272427032e-06] - [0.16658227980865362, 0.33324648434219123, -9.041293062464595e-05, -8.457902109545343e-05] - [0.166623644685655, 0.8332890091016752, -4.583218241717281e-05, -4.306905189753049e-05] - [1.4731496559338056e-05, 1.518174829220447e-05, 1.558981244984657e-05, 1.4731494411725795e-05]
B1: 0.166691362843645 - 0.6665507265882962 - 0.16656844079533925 - 5.119121887602584e-05
B2: 0.16668137666898292 - 0.6666793071428446 - 0.16668438053605533 - 1.59037479560012e-05
