Number: 2111
Error: 3.782178165742799e-06
A1: [-9.029427014304299e-06, -8.587963546681287e-06, -7.1562464537555035e-06, -8.851185877440942e-06] - [0.20830714097228545, 0.33330765855379924, -0.041687393955265314, -2.5407036287655785e-05] - [0.16665563455448432, 0.6666562156202771, 0.16665801891644963, -1.0812193022644256e-05] - [-4.00850151235141e-06, -3.578555231775656e-06, -3.1484168285421043e-06, -4.005081120361798e-06]
A2: [0.1666865688685429, -0.16664615901627441, 2.07930392259916e-05, 1.9864529209862206e-05] - [0.16669457538332896, 0.3333620802639218, 2.847319998696721e-05, 2.7761020445965024e-05] - [0.16665600984166712, 0.833322343656953, -1.154486196662481e-05, -1.0692999883965821e-05] - [1.1337471689285975e-05, 1.1683982065821087e-05, 1.1998014678919197e-05, 1.133746857584909e-05]
B1: 0.1666324713046323 - 0.6665935344233332 - 0.16667643730359727 - -1.3141188177035086e-05
B2: 0.16662419744046914 - 0.6666052533413085 - 0.1665943419746133 - -4.155024850672844e-05
