Number: 2129
Error: 3.792101643330224e-06
A1: [-9.098323836713908e-06, -8.660248389467887e-06, -7.223467533445892e-06, -8.91856556483543e-06] - [0.20830695415366413, 0.3333074468090504, -0.04168759281862917, -2.5587172139625438e-05] - [0.1666555505648281, 0.6666561290926821, 0.16665794027999903, -1.0894311799063959e-05] - [-4.0427497520151775e-06, -3.6091319783476956e-06, -3.17532127341777e-06, -4.039300278108992e-06]
A2: [0.16668667127347536, -0.16664605234165672, 2.090143881420729e-05, 1.9966612395758678e-05] - [0.16669457363092854, 0.3333620821496076, 2.8469903152840385e-05, 2.77580062519618e-05] - [0.16665586630809356, 0.8333221964206409, -1.169755068409205e-05, -1.0836842623745432e-05] - [1.1434077590213638e-05, 1.1783540854845674e-05, 1.21002498944363e-05, 1.1434074491801383e-05]
B1: 0.1666323089950688 - 0.6665928798619657 - 0.1666763294538704 - -1.3124815556756045e-05
B2: 0.1666240118187285 - 0.6666049253306163 - 0.1665939173659493 - -4.1728073893323336e-05
