Number: 1652
Error: 7.274998046524344e-06
A1: [-1.7235035354496647e-06, -1.8903095167965038e-06, -1.2826023810530423e-06, -1.5888322981208767e-06] - [0.2083377174777942, 0.3333357667833358, -0.04166271906808673, 4.9766067728153195e-06] - [0.16666511577629428, 0.6666649062707247, 0.1666656527767763, -1.3850092944081821e-06] - [-3.1350902324816454e-06, -2.798761398339567e-06, -2.462265818787778e-06, -3.1324123147467767e-06]
A2: [0.16665509497414338, -0.16667861370938206, -1.249529801439189e-05, -1.1601168598038335e-05] - [0.16658222028137823, 0.3332462119983884, -9.036212588825621e-05, -8.456193809290563e-05] - [0.16663233323357607, 0.8332979232121777, -3.658620491503937e-05, -3.436173256886866e-05] - [8.870915294544988e-06, 9.142030791110943e-06, 9.38772890357462e-06, 8.870912045988061e-06]
B1: 0.16670242289019951 - 0.6665915944884526 - 0.16657608495813733 - 5.1412002740281053e-05
B2: 0.1666938964233448 - 0.6666993185026234 - 0.1667090402051175 - 2.795010568712248e-05
