Number: 626
Error: 7.852487179698107e-06
A1: [1.8238678018689855e-06, 1.828345783461011e-06, 2.1255291127505254e-06, 1.872415449276378e-06] - [0.20834683387102299, 0.33334621614080095, -0.04165309192906203, 1.371351819962539e-05] - [0.16666951943194808, 0.6666694324733787, 0.16666970695384464, 2.9123526222937296e-06] - [-1.1821901962488126e-06, -1.0551851653136296e-06, -9.281023559643413e-07, -1.181178033400738e-06]
A2: [0.16664918570528334, -0.16668476295509732, -1.8739186078907523e-05, -1.749208311619095e-05] - [0.16658212732306582, 0.3332459209888312, -9.034757780127142e-05, -8.458292629744523e-05] - [0.16664049022219804, 0.8333062925156514, -2.7904730917269112e-05, -2.618711338507206e-05] - [3.3634590905577137e-06, 3.46623007948593e-06, 3.559359882439616e-06, 3.363457234435178e-06]
B1: 0.16671263237856335 - 0.6666297941710526 - 0.16658304749943859 - 5.1436818239041315e-05
B2: 0.16670610972403527 - 0.6667184607353481 - 0.16673243283957478 - 3.9718654336146886e-05
