Number: 686
Error: 7.818010310021822e-06
A1: [1.6335126141597664e-06, 1.6289923173795402e-06, 1.945354447831963e-06, 1.6870805591546748e-06] - [0.20834636976422877, 0.3333456781692704, -0.04165357772883038, 1.3271537694498042e-05] - [0.16666927926149921, 0.6666691861577665, 0.1666694892661676, 2.6783820650726095e-06] - [-1.2964039901792975e-06, -1.15715783848472e-06, -1.017827433305754e-06, -1.2952941861185526e-06]
A2: [0.16664953315969613, -0.1666844016465691, -1.8372527463629333e-05, -1.7145702064318725e-05] - [0.16658213591048607, 0.33324594063463187, -9.034633164051958e-05, -8.457854740103661e-05] - [0.16664001291215472, 0.8333058027078316, -2.841287452347375e-05, -2.6665454289221414e-05] - [3.68555862441485e-06, 3.798175181536169e-06, 3.900227464160362e-06, 3.6855566237238598e-06]
B1: 0.16671202022376866 - 0.6666275439910453 - 0.16658262301901716 - 5.142020043032038e-05
B2: 0.16670530248980645 - 0.6667173019192731 - 0.16673108214921864 - 3.893742900996564e-05
