Number: 2827
Error: 4.174686796342402e-06
A1: [-1.1540831798104243e-05, -1.1221263244054894e-05, -9.575266306667813e-06, -1.1302464220751965e-05] - [0.2083006325299782, 0.3333002104225149, -0.041694277932498885, -3.16505423696804e-05] - [0.16665252516970763, 0.6666530182843351, 0.16665514844255513, -1.3847384663364642e-05] - [-5.370793616932113e-06, -4.79481136084983e-06, -4.218615309588346e-06, -5.366218247326563e-06]
A2: [0.16669067689652983, -0.1666418830919955, 2.5135538948337272e-05, 2.395975718987745e-05] - [0.16669459088018942, 0.33336223538485726, 2.8416801477222447e-05, 2.7726317123982956e-05] - [0.1666503080775563, 0.8333164939928435, -1.761206667729038e-05, -1.6407064974208763e-05] - [1.517986390542968e-05, 1.5643821935126385e-05, 1.6064310054341987e-05, 1.517986194990434e-05]
B1: 0.16662527201219685 - 0.6665667764712095 - 0.16667144701621062 - -1.3233746214265577e-05
B2: 0.16661604882760764 - 0.6665921549821294 - 0.16657815476257654 - -4.938866548233995e-05
