Number: 710
Error: 7.804205995692269e-06
A1: [1.5334328561938894e-06, 1.523964429138371e-06, 1.8466496821832114e-06, 1.589031836076318e-06] - [0.20834608769559085, 0.33334536112491286, -0.04165387933252291, 1.2998411836013063e-05] - [0.1666691589926428, 0.6666690620685954, 0.16666937526629425, 2.5606162997102562e-06] - [-1.3420855219206388e-06, -1.1979427171125883e-06, -1.0537131152476288e-06, -1.340936673203531e-06]
A2: [0.1666496681427301, -0.16668426091708974, -1.8229442901671163e-05, -1.7011148370889085e-05] - [0.1665821290574877, 0.333245938748537, -9.035500685673532e-05, -8.458708380809968e-05] - [0.16663982084264745, 0.8333056057061721, -2.861714020229159e-05, -2.6857936145206652e-05] - [3.8143979055062354e-06, 3.930952650482386e-06, 4.0365739013479125e-06, 3.8143958490685063e-06]
B1: 0.16671185117979767 - 0.6666267165072247 - 0.1665825225818465 - 5.148943755312193e-05
B2: 0.16670506357545734 - 0.6667168477126161 - 0.16673047243749167 - 3.870891688794912e-05
