Number: 291
Error: 2.7560442572483173e-06
A1: [-2.7528306883684734e-06, -2.0088923622600683e-06, -1.129339771168612e-06, -2.7273411940351115e-06] - [0.20832324863604806, 0.33332612522844546, -0.04167039118133233, -9.972442078751426e-06] - [0.16666342822268476, 0.6666642255154659, 0.1666651903802611, -3.207052143528513e-06] - [-5.452546809051323e-07, -4.865162469460844e-07, -4.277391511842645e-07, -5.447875566344068e-07]
A2: [0.16667610423097604, -0.16665704874260218, 9.735842024850057e-06, 9.432429223711184e-06] - [0.16669448576124304, 0.333361641490975, 2.857787452157928e-05, 2.7798984252299204e-05] - [0.16667049895095676, 0.8333372098580358, 3.875381056031356e-06, 3.8273646126169025e-06] - [1.5681202056916852e-06, 1.6160135752735737e-06, 1.6594118059611741e-06, 1.5681192855107258e-06]
B1: 0.16665021016096726 - 0.6666609847902605 - 0.16668854054784885 - -1.346771501142714e-05
B2: 0.16664620625080512 - 0.66663950145313 - 0.16663607713382064 - -2.032987815918811e-05
