Number: 2722
Error: 6.68482537914386e-06
A1: [-5.461976665178624e-06, -5.810075137910414e-06, -4.881247594379139e-06, -5.23746051369884e-06] - [0.2083280513176543, 0.33332469976975265, -0.04167293947228856, -4.293668673720745e-06] - [0.1666604832358284, 0.6666601432643279, 0.16666137925572883, -5.906679531133336e-06] - [-5.171504945235862e-06, -4.616878273227192e-06, -4.0620397615720165e-06, -5.167098306245726e-06]
A2: [0.1666612440147003, -0.16667221380412153, -5.9960562642444146e-06, -5.471269272570847e-06] - [0.1665822779475067, 0.3332464782661223, -9.041242131154776e-05, -8.45793387011193e-05] - [0.16662381975389765, 0.8332891887228857, -4.564586613130603e-05, -4.289360540755435e-05] - [1.4613438364697444e-05, 1.506008151232464e-05, 1.5464874731869393e-05, 1.4613436168520435e-05]
B1: 0.16669159589199678 - 0.6665515602372265 - 0.1665686052361187 - 5.120591246771507e-05
B2: 0.16668163924389257 - 0.6666797105053035 - 0.16668486684645353 - 1.6156784717774592e-05
