Number: 1669
Error: 3.538182431006847e-06
A1: [-7.507952512632701e-06, -6.992863696186072e-06, -5.6950604360133534e-06, -7.366803100045222e-06] - [0.2083110423792999, 0.33331213347953315, -0.041683273891180185, -2.1669073428765898e-05] - [0.16665752486345553, 0.6666581585731872, 0.16665975841494987, -8.967661574841443e-06] - [-3.1674812431208254e-06, -2.827685330984313e-06, -2.4877214402005424e-06, -3.1647757518605685e-06]
A2: [0.1666840235936049, -0.16664880769756385, 1.810352481772486e-05, 1.7327156218459384e-05] - [0.16669453637264142, 0.33336195571347993, 2.8479944531686232e-05, 2.7752997745657905e-05] - [0.16665952409284104, 0.8333259492921913, -7.804845957521758e-06, -7.171156376909963e-06] - [8.96524658146609e-06, 9.239246348427681e-06, 9.48755860765871e-06, 8.965243327240636e-06]
B1: 0.16663701702434294 - 0.6666101381162749 - 0.16667958623083698 - -1.298271491992856e-05
B2: 0.16662934545483363 - 0.6666133667796912 - 0.16660426708768594 - -3.659372375996084e-05
