Number: 552
Error: 7.895317460788309e-06
A1: [2.0787818552492566e-06, 2.0954653997121557e-06, 2.3701018914557746e-06, 2.1211184954928798e-06] - [0.20834748733332162, 0.33334696516956375, -0.04165240278109885, 1.4339613825115465e-05] - [0.16666983597072704, 0.6666697577137655, 0.1666699980080804, 3.2212253525187596e-06] - [-1.041328353417127e-06, -9.294209080855298e-07, -8.174438991057862e-07, -1.0404366525475865e-06]
A2: [0.16664876116762187, -0.16668520473513465, -1.9187730390988275e-05, -1.791529696837565e-05] - [0.16658212800709965, 0.3332459076435933, -9.033865060540939e-05, -8.457705180300983e-05] - [0.16664108055117516, 0.8333068982188445, -2.7276458056542015e-05, -2.559551304220263e-05] - [2.9661991149371e-06, 3.0568271293732545e-06, 3.138952514502785e-06, 2.9661974473598923e-06]
B1: 0.1667133040026361 - 0.6666324908471395 - 0.1665834972767054 - 5.137390294644607e-05
B2: 0.16670705040256523 - 0.6667198977087825 - 0.1667341725110028 - 4.062725652638003e-05
