Number: 881
Error: 3.0980664162913825e-06
A1: [-4.766966292916525e-06, -4.11919746798479e-06, -3.058741857996307e-06, -4.691975592298963e-06] - [0.20831811187325458, 0.33332023115635995, -0.04167580321955188, -1.4891087886058521e-05] - [0.16666092345928124, 0.6666616524667123, 0.1666628909799816, -5.650714242102308e-06] - [-1.668016920620319e-06, -1.4889431776285026e-06, -1.3097651052616744e-06, -1.666589605574087e-06]
A2: [0.16667948703292815, -0.1666535287521223, 1.3309529770442396e-05, 1.2804683064074556e-05] - [0.16669446735873192, 0.33336173402053826, 2.84921132013587e-05, 2.773922415940485e-05] - [0.16666578806634116, 0.8333323762260499, -1.1383136886036044e-06, -8.936502373675134e-07] - [4.7355106007288135e-06, 4.880221316046335e-06, 5.011359079289616e-06, 4.73550817956168e-06]
B1: 0.16664491161358813 - 0.666639527102965 - 0.16668498297537923 - -1.2910101200635949e-05
B2: 0.16663856293527096 - 0.6666279586059585 - 0.16662218076067764 - -2.7717607870488922e-05
