Number: 3007
Error: 4.2728028269219715e-06
A1: [-1.2157829076306718e-05, -1.1868095092494526e-05, -1.0167423978424356e-05, -1.1904360383400649e-05] - [0.2082990541360577, 0.33329839904286906, -0.04169594424875202, -3.316238937479306e-05] - [0.16665175799229381, 0.6666522298108902, 0.16665444294677725, -1.459592554242069e-05] - [-5.713255644978246e-06, -5.100561122149403e-06, -4.487650734121828e-06, -5.708390514893192e-06]
A2: [0.16669171061524357, -0.16664080728949743, 2.622795065484144e-05, 2.499025793345101e-05] - [0.1666945955828337, 0.33336227486487097, 2.840277307288776e-05, 2.7718398460880862e-05] - [0.1666488740396645, 0.8333150227343938, -1.9138055377278493e-05, -1.7844195858849942e-05] - [1.61457388511708e-05, 1.6639219962923684e-05, 1.7086469258049138e-05, 1.6145737367322087e-05]
B1: 0.1666234194957152 - 0.6665600051344392 - 0.16667014575776073 - -1.32997613311775e-05
B2: 0.16661395548513364 - 0.6665888620186765 - 0.1665741324777287 - -5.140401855571328e-05
