Number: 1717
Error: 3.564720703906379e-06
A1: [-7.659748290148145e-06, -7.151899413102854e-06, -5.8387977461748166e-06, -7.514583609336199e-06] - [0.2083106728008306, 0.3333117046626528, -0.041683661126993274, -2.2020953928201136e-05] - [0.16665733315508924, 0.6666579619118097, 0.16665958461281377, -9.154411453369027e-06] - [-3.2588164574504148e-06, -2.9092308456628346e-06, -2.5594742344111724e-06, -3.256033258175858e-06]
A2: [0.16668430242305776, -0.1666485177524022, 1.8397783590602324e-05, 1.7605127440590854e-05] - [0.16669454707479436, 0.3333619754034461, 2.848505583027043e-05, 2.776033439097275e-05] - [0.16665914326431225, 0.8333255585026539, -8.210268344504543e-06, -7.552809449861683e-06] - [9.222866397057702e-06, 9.504740730305546e-06, 9.760190000681746e-06, 9.22286313684871e-06]
B1: 0.1666364798088147 - 0.6666082937557589 - 0.16667920537926928 - -1.3043517812606653e-05
B2: 0.16662873925705796 - 0.6666124804271762 - 0.16660322818804937 - -3.717912296071575e-05
