Number: 573
Error: 2.9221911310409387e-06
A1: [-3.7104023223707013e-06, -3.0118909799308328e-06, -2.0453316366174274e-06, -3.6612576698958784e-06] - [0.20832081470981453, 0.33332333143489795, -0.04167295247218149, -1.2302136068817717e-05] - [0.16666223652779974, 0.6666630016908585, 0.1666640978635059, -4.369547319266175e-06] - [-1.0819023577716404e-06, -9.656483001954886e-07, -8.493221611822946e-07, -1.0809759376310846e-06]
A2: [0.16667771602476777, -0.16665537157439989, 1.1438491207546343e-05, 1.1039181333278292e-05] - [0.1666944543173117, 0.3333616623381879, 2.851283297228525e-05, 2.774777303289882e-05] - [0.1666682411001754, 0.8333348931713227, 1.4724806822936366e-06, 1.5646721320403126e-06] - [3.082081991140922e-06, 3.1762525599006175e-06, 3.261588338992595e-06, 3.0820802651959924e-06]
B1: 0.16664784244251243 - 0.6666508743224738 - 0.16668696671668276 - -1.3036517138094976e-05
B2: 0.16664239037927522 - 0.6666338390079798 - 0.16662930858415798 - -2.4023588605850824e-05
