Number: 2986
Error: 6.540425457359075e-06
A1: [-6.368452476042259e-06, -6.760384161843773e-06, -5.751439409141903e-06, -6.1217857743964595e-06] - [0.20832573041363348, 0.33332203682263245, -0.041675389973049586, -6.516961701040875e-06] - [0.16665935633555867, 0.6666589850731497, 0.16666034271437602, -7.006243524661133e-06] - [-5.673917508842203e-06, -5.065431183401077e-06, -4.456729282320217e-06, -5.6690856506724975e-06]
A2: [0.16666276074743658, -0.16667063531600979, -4.39319753644217e-06, -3.959259203375483e-06] - [0.16658228741272738, 0.33324653884254646, -9.043030515124192e-05, -8.458839624358555e-05] - [0.1666217171505497, 0.8332870315482961, -4.788331343790077e-05, -4.500074790626613e-05] - [1.603010448365245e-05, 1.6520049570828736e-05, 1.69640935423685e-05, 1.6030102941785193e-05]
B1: 0.16668887981162397 - 0.6665416318564511 - 0.1665667021029197 - 5.1110126733529924e-05
B2: 0.16667857169705555 - 0.6666748788170878 - 0.16667896099306334 - 1.32036933199164e-05
