Number: 2661
Error: 4.084001156433678e-06
A1: [-1.0964092317644972e-05, -1.0616573943976428e-05, -9.020564688372712e-06, -1.0739658986488343e-05] - [0.20830211928567308, 0.3333019137937162, -0.041692706595637966, -3.022518817655131e-05] - [0.16665324048967434, 0.6666537536830452, 0.16665580775322986, -1.3149259729896165e-05] - [-5.054963193100974e-06, -4.512838150994988e-06, -3.970502424455334e-06, -5.050655258887536e-06]
A2: [0.16668972435707818, -0.16664287450890347, 2.4128735562716375e-05, 2.3010185369271668e-05] - [0.16669458793868241, 0.3333622001962025, 2.8430778022500453e-05, 2.773501478147439e-05] - [0.1666516304736957, 0.8333178506933735, -1.620491520547335e-05, -1.5081816628381494e-05] - [1.4289079293858546e-05, 1.4725809424307433e-05, 1.512161726694965e-05, 1.428907696756725e-05]
B1: 0.16662695705102526 - 0.6665729974426627 - 0.16667262290314702 - -1.3196304664452087e-05
B2: 0.1666179541715615 - 0.6665951907309227 - 0.16658188853056138 - -4.7555241579592256e-05
