Number: 485
Error: 2.871011521426404e-06
A1: [-3.3908307462627066e-06, -2.676908202438883e-06, -1.7362644412731993e-06, -3.3490877195754444e-06] - [0.20832165799804825, 0.33332429197819796, -0.04167205952749541, -1.1491454485476935e-05] - [0.16666262946752589, 0.666663405895602, 0.16666446233195772, -3.985739619276071e-06] - [-9.144383350592739e-07, -8.161330754056706e-07, -7.177657483244246e-07, -9.136551686242253e-07]
A2: [0.16667721487708137, -0.16665589334061187, 1.0908549883182819e-05, 1.0539606787250164e-05] - [0.16669446621626394, 0.33336165728726463, 2.8533942895536557e-05, 2.7765839989916995e-05] - [0.1666689448938235, 0.8333356152269682, 2.221342787356176e-06, 2.269976570342142e-06] - [2.6096420117428907e-06, 2.68937155116975e-06, 2.7616203994277994e-06, 2.609640520656734e-06]
B1: 0.1666485635792874 - 0.6666540089947969 - 0.16668743486607196 - -1.3188893961675895e-05
B2: 0.16664347040358135 - 0.666635560325728 - 0.166631443870175 - -2.298168120163079e-05
