Number: 590
Error: 7.873318257413278e-06
A1: [1.962103858657072e-06, 1.9733225098811587e-06, 2.260339691565726e-06, 2.007616317872272e-06] - [0.20834720907139528, 0.33334664106442785, -0.04165269290621844, 1.407535022584898e-05] - [0.16666968780571262, 0.6666696058909848, 0.16666986455076624, 3.076983210059012e-06] - [-1.1136651118135317e-06, -9.940049668859496e-07, -8.742710081612963e-07, -1.1127115444113557e-06]
A2: [0.166648981514843, -0.16668497565624635, -1.8955306482542565e-05, -1.7695629543310405e-05] - [0.16658213362520707, 0.33324592013963283, -9.033793382942916e-05, -8.457409906660227e-05] - [0.16664077805265703, 0.8333065877848486, -2.7598524375491924e-05, -2.5898664420627256e-05] - [3.1701978050425724e-06, 3.267061424280418e-06, 3.354837739415746e-06, 3.170196039235698e-06]
B1: 0.1667129150408396 - 0.6666310637987728 - 0.16658322584858587 - 5.136209687817703e-05
B2: 0.16670651668443834 - 0.6667191535063391 - 0.16673331967571584 - 4.011001076589564e-05
