Number: 159
Error: 2.6751998248211125e-06
A1: [-2.3304574731487773e-06, -1.567018726883358e-06, -7.299572296388064e-07, -2.316015803399949e-06] - [0.2083242830029348, 0.3333273210313466, -0.04166931122415575, -8.98676380309693e-06] - [0.1666639595100937, 0.6666647701057432, 0.1666656717680698, -2.689407567636564e-06] - [-2.9405719711457356e-07, -2.6223973743549045e-07, -2.304006553461209e-07, -2.93805305561274e-07]
A2: [0.16667535319831583, -0.16665782996664769, 8.943092606047504e-06, 8.683756685593715e-06] - [0.16669452160870507, 0.33336165419929326, 2.8632073899876527e-05, 2.7844084985337493e-05] - [0.1666715629327019, 0.8333383016386164, 5.00775804680113e-06, 4.8936127131803315e-06] - [8.594243678263436e-07, 8.856550298390151e-07, 9.094223113286092e-07, 8.594238742580563e-07]
B1: 0.16665117767070642 - 0.6666655987386034 - 0.16668918066736768 - -1.3810098922886123e-05
B2: 0.1666482583678122 - 0.6666423357256056 - 0.16663934171703437 - -1.8334947504474678e-05
