Number: 796
Error: 7.75509873389005e-06
A1: [1.2408467358725827e-06, 1.2173397431431156e-06, 1.5663735227560458e-06, 1.3036603389069366e-06] - [0.20834534286534825, 0.33334450583618735, -0.04165466442691754, 1.2285372063557425e-05] - [0.1666687947506573, 0.6666686878701233, 0.1666690409522763, 2.205279828787971e-06] - [-1.505786848733536e-06, -1.3440983076598665e-06, -1.1823140663728335e-06, -1.5044981177903353e-06]
A2: [0.16665016349048548, -0.16668374552542936, -1.7706189568488358e-05, -1.6517339095492382e-05] - [0.16658213552282333, 0.3332459615823818, -9.035801237612663e-05, -8.458665075625919e-05] - [0.16663913644389874, 0.8333049034665844, -2.9345587728243268e-05, -2.7543812507705912e-05] - [4.2760674724030845e-06, 4.406733971647627e-06, 4.5251440216388115e-06, 4.276065226380138e-06]
B1: 0.16671101588036896 - 0.6666235328395411 - 0.1665819551804975 - 5.150780720853178e-05
B2: 0.16670399237877376 - 0.6667152108496778 - 0.1667284953704359 - 3.767499879095437e-05
