Number: 1199
Error: 3.276726882948497e-06
A1: [-5.857517504801516e-06, -5.262356408605632e-06, -4.105179117182137e-06, -5.755842570877975e-06] - [0.20831532190489588, 0.3333170300221066, -0.041678747554706116, -1.7563475923613125e-05] - [0.16665956777089466, 0.6666602592603561, 0.1666616445363244, -6.973466938956032e-06] - [-2.273145030374067e-06, -2.029211737780243e-06, -1.7851452210631356e-06, -2.2712013342694746e-06]
A2: [0.16668132012592343, -0.16665162137322725, 1.5246169860268411e-05, 1.4632090864350703e-05] - [0.1666945003989218, 0.3333618281782322, 2.8491386133655983e-05, 2.7749972170647893e-05] - [0.16666326050697505, 0.8333297828237298, -3.828485372625885e-06, -3.4266704184725925e-06] - [6.4425061802620285e-06, 6.639394255722283e-06, 6.8178191767352325e-06, 6.442503256785741e-06]
B1: 0.16664171627073437 - 0.666627658117391 - 0.16668279699049507 - -1.2948878622295944e-05
B2: 0.16663475044488876 - 0.6666220262144925 - 0.16661495959968495 - -3.139233798637974e-05
