Number: 943
Error: 3.133080094078236e-06
A1: [-4.983298183736836e-06, -4.345982300139559e-06, -3.2668645809509536e-06, -4.903101283655751e-06] - [0.2083175530167249, 0.33331959134304856, -0.0416763937560428, -1.5427005546259757e-05] - [0.1666606554111944, 0.6666613769040433, 0.1666626438326201, -5.912337195145042e-06] - [-1.7859991651282228e-06, -1.5942797551040106e-06, -1.4024500362767732e-06, -1.7844711110137841e-06]
A2: [0.16667984361115348, -0.16665315766650726, 1.3686346595966572e-05, 1.3160152880679408e-05] - [0.1666944713282704, 0.333361749958335, 2.8489611225243302e-05, 2.773884760052702e-05] - [0.16666529486179557, 0.833331870186633, -1.6632160916286209e-06, -1.3879193989266559e-06] - [5.0683318365801414e-06, 5.223215836348421e-06, 5.3635732991294635e-06, 5.068329300063087e-06]
B1: 0.16664430944516795 - 0.6666372326023081 - 0.16668457515168147 - -1.28968291245342e-05
B2: 0.16663782478729472 - 0.6666267956515994 - 0.16662075443925975 - -2.842889809886293e-05
