Number: 264
Error: 8.066028871540016e-06
A1: [3.0438833523373524e-06, 3.1061574150949806e-06, 3.291129471828801e-06, 3.062073212545111e-06] - [0.20834992073752917, 0.33334976292221397, -0.041649845668405926, 1.6666615412506944e-05] - [0.16667104010563402, 0.6666709938396684, 0.16667109920539727, 4.395550804879555e-06] - [-4.930902509832894e-07, -4.3994116292497786e-07, -3.8675699083855424e-07, -4.92667826956914e-07]
A2: [0.16664711392330506, -0.1666869186140124, -2.0927476791989965e-05, -1.9557389155869543e-05] - [0.16658215873401805, 0.33324588533884186, -9.027277780956481e-05, -8.452612461831321e-05] - [0.16664338706517734, 0.8333092648809464, -2.4821668299672382e-05, -2.3284051313089075e-05] - [1.4200767156011398e-06, 1.4634446049124544e-06, 1.5027417882279114e-06, 1.420075884353714e-06]
B1: 0.16671572203438 - 0.6666428181717481 - 0.16658510770049642 - 5.093346098329805e-05
B2: 0.16671102947990168 - 0.6667257220453804 - 0.16674108302097937 - 4.44814966623441e-05
