Number: 426
Error: 7.969094265346794e-06
A1: [2.5153378955508164e-06, 2.5528647814679304e-06, 2.7891708684868636e-06, 2.5470966003981903e-06] - [0.20834860988990958, 0.33334825071536467, -0.04165121892835981, 1.5415563673236224e-05] - [0.16667037737848006, 0.6666703140108676, 0.16667049616802546, 3.749577611450717e-06] - [-8.014792852736179e-07, -7.15278640769482e-07, -6.290230138719689e-07, -8.007928010980257e-07]
A2: [0.1666480406527793, -0.1666859545806427, -1.994907142896605e-05, -1.863355775620936e-05] - [0.16658213829504429, 0.3332458941841318, -9.031407047738676e-05, -8.455792615816331e-05] - [0.1666420879187243, 0.8333079318062042, -2.620440531936289e-05, -2.4585980806425558e-05] - [2.289775351050921e-06, 2.359727227761614e-06, 2.4231152952820783e-06, 2.2897740299558735e-06]
B1: 0.16671438160790591 - 0.666637023284404 - 0.16658421062806456 - 5.120083842225129e-05
B2: 0.16670868954431 - 0.6667223893031663 - 0.166737187140987 - 4.2211782296921435e-05
