Number: 2073
Error: 3.7612952863918043e-06
A1: [-8.913269523032022e-06, -8.466298496133549e-06, -7.0469158223460835e-06, -8.738203161145513e-06] - [0.20830741739906902, 0.3333079809767132, -0.041687105349234324, -2.514460458877997e-05] - [0.16665578227025316, 0.6666563670310969, 0.166658152006014, -1.0668398564468804e-05] - [-3.936196664251903e-06, -3.514000384346922e-06, -3.091613734033877e-06, -3.932837678541836e-06]
A2: [0.16668634767296467, -0.16664638897840958, 2.0559696820557592e-05, 1.9644013091437277e-05] - [0.16669456597201188, 0.33336206382261463, 2.846838956222357e-05, 2.775427374383456e-05] - [0.1666563113300754, 0.8333226530408607, -1.1223883203297031e-05, -1.0390858595337304e-05] - [1.1133540354949836e-05, 1.147381726160479e-05, 1.178220002070931e-05, 1.1133537212179977e-05]
B1: 0.16663291031966987 - 0.6665950082522972 - 0.16667675258827222 - -1.307931033688797e-05
B2: 0.16662468916363352 - 0.6666059543576551 - 0.1665951505736299 - -4.1074992752523424e-05
