Number: 177
Error: 2.6863573769445313e-06
A1: [-2.3761858513387207e-06, -1.6147231220700121e-06, -7.711844480620831e-07, -2.3602490373189077e-06] - [0.20832418978861098, 0.3333272085495313, -0.04166940516323912, -9.073384617196283e-06] - [0.16666389907611373, 0.6666647085458943, 0.1666656195147422, -2.7479926572551286e-06] - [-3.283108841061376e-07, -2.92822699959237e-07, -2.5731051321599634e-07, -3.280296331190674e-07]
A2: [0.166675457208383, -0.16665772194996667, 9.052565936796732e-06, 8.78744483290642e-06] - [0.16669452023557277, 0.333361655677247, 2.8627578335982276e-05, 2.7841449718971555e-05] - [0.16667141799873375, 0.8333381528719607, 4.853412509621855e-06, 4.74836962074906e-06] - [9.560605594700836e-07, 9.852451059444436e-07, 1.0116892146749258e-06, 9.56060006099218e-07]
B1: 0.16665101876118454 - 0.6666649429375694 - 0.16668906710193446 - -1.3790428816375409e-05
B2: 0.16664792865428316 - 0.6666419364327011 - 0.16663892290252671 - -1.865686047093778e-05
