Number: 2366
Error: 6.880339259069968e-06
A1: [-4.20869474632024e-06, -4.495944602278138e-06, -3.673420051993546e-06, -4.014078857241389e-06] - [0.2083313054937007, 0.3333284221778265, -0.04166949657018373, -1.1712411999591242e-06] - [0.16666203408696964, 0.6666617380639966, 0.16666281175316286, -4.392722865561046e-06] - [-4.493996628742281e-06, -4.011999699927319e-06, -3.529800589897692e-06, -4.490164202386784e-06]
A2: [0.16665920199700915, -0.16667433936396817, -8.154753538887484e-06, -7.506918508741239e-06] - [0.1665822713469479, 0.3332464020480022, -9.038355492853409e-05, -8.456096263355414e-05] - [0.16662665481911434, 0.8332920972929139, -4.2629137311178196e-05, -4.0052419860006803e-05] - [1.2702971844066859e-05, 1.309121935759345e-05, 1.3443081912162903e-05, 1.2702969012787769e-05]
B1: 0.1666951629116531 - 0.6665648521056953 - 0.16657107380254074 - 5.123932710967428e-05
B2: 0.16668567614731025 - 0.6666862226626897 - 0.16669292913248898 - 2.0039354828616565e-05
