Number: 360
Error: 8.008255342785309e-06
A1: [2.7375288915103436e-06, 2.7855577946010707e-06, 3.0013698996084703e-06, 2.7637529748648558e-06] - [0.20834917165177574, 0.3333488961927793, -0.041650628378778004, 1.5952937667063005e-05] - [0.16667065435485107, 0.6666705983737098, 0.16667074966480888, 4.0197216497171505e-06] - [-6.758412178651742e-07, -6.031060384550897e-07, -5.303238230740646e-07, -6.752622842135931e-07]
A2: [0.16664766340207832, -0.1666863471084393, -2.0347534494374606e-05, -1.9009627760764836e-05] - [0.16658214608023947, 0.33324588980133757, -9.029826280684009e-05, -8.454551174429294e-05] - [0.16664261662346178, 0.8333084742940946, -2.5641722677446054e-05, -2.405614222051159e-05] - [1.9354548016407967e-06, 1.9945762066959195e-06, 2.0481494682557915e-06, 1.935453674292103e-06]
B1: 0.16671493008109955 - 0.6666393846883496 - 0.16658457478868574 - 5.1094243130893506e-05
B2: 0.16670959981257938 - 0.6667237256120998 - 0.1667387756991642 - 4.309344208836475e-05
