Number: 136
Error: 8.14514125873131e-06
A1: [3.4618080591607416e-06, 3.543398676019649e-06, 3.687572640420805e-06, 3.4692766537799656e-06] - [0.20835095703464948, 0.3333509574395096, -0.04164876181707663, 1.7655666484910677e-05] - [0.16667156372501507, 0.6666715307696666, 0.16667157525689677, 4.905932386714155e-06] - [-2.4941818824501207e-07, -2.2238414291046166e-07, -1.9533171475972144e-07, -2.4920457995099515e-07]
A2: [0.1666463881890643, -0.16668767366930531, -2.1693750649647462e-05, -2.028083356216971e-05] - [0.16658220177036076, 0.33324590585076125, -9.021210643420539e-05, -8.447411060244141e-05] - [0.1666444205048679, 0.8333103252816284, -2.372189321309568e-05, -2.2248412777997375e-05] - [7.32903553105292e-07, 7.552666853437997e-07, 7.755292012141906e-07, 7.329031408723843e-07]
B1: 0.16671659682941947 - 0.6666472338401301 - 0.16658567471984995 - 5.053803327740745e-05
B2: 0.16671302133668253 - 0.6667284979703718 - 0.16674430292036121 - 4.641787072306387e-05
