Number: 1600
Error: 7.303893396147022e-06
A1: [-1.543086489083144e-06, -1.701154921154e-06, -1.1091280385418075e-06, -1.4127805893976295e-06] - [0.20833818211657015, 0.3333362992040869, -0.041662228091604456, 5.4220105460208945e-06] - [0.16666533962664132, 0.666665136386928, 0.16666585902726203, -1.1665463409142456e-06] - [-3.0361181906919918e-06, -2.7103982853467528e-06, -2.3845150559626126e-06, -3.033524504038673e-06]
A2: [0.16665479546626205, -0.16667892539764606, -1.2811800838504838e-05, -1.1899746244839491e-05] - [0.16658221519567443, 0.33324619680853973, -9.036189355437344e-05, -8.456337595896228e-05] - [0.16663274648855392, 0.8332983472128003, -3.614639639117016e-05, -3.3947583887493936e-05] - [8.59180966084266e-06, 8.854393877169497e-06, 9.092359829997738e-06, 8.591806426607125e-06]
B1: 0.16670295281090447 - 0.6665935424465474 - 0.16657644930211285 - 5.142574746986674e-05
B2: 0.166694499537179 - 0.666700274876573 - 0.16671021424838403 - 2.8530677672758552e-05
