Number: 635
Error: 2.957881095981926e-06
A1: [-3.903225062929652e-06, -3.213782612401843e-06, -2.2271765914175677e-06, -3.8488966269875785e-06] - [0.20832035070086974, 0.33332279202714454, -0.04167343704469363, -1.2743296783763028e-05] - [0.16666199231843035, 0.6666627513572211, 0.16666387733702903, -4.607354075156582e-06] - [-1.1998874774661904e-06, -1.070988465962918e-06, -9.420105350056743e-07, -1.1988601665792945e-06]
A2: [0.16667807524255243, -0.1666549980865277, 1.181746514197076e-05, 1.1397290536106359e-05] - [0.16669446297059248, 0.3333616822809618, 2.851364132997631e-05, 2.7752079723658977e-05] - [0.16666774759843436, 0.833334386732654, 9.470770211997577e-07, 1.0701057230275564e-06] - [3.4149141948580593e-06, 3.51925842786846e-06, 3.613813978541571e-06, 3.414912312915059e-06]
B1: 0.16664720877308523 - 0.6666485471113562 - 0.1666865250569227 - -1.3054834326828844e-05
B2: 0.16664153474019658 - 0.6666326321816949 - 0.16662791621203046 - -2.485236522496286e-05
