Number: 1636
Error: 7.28385239100736e-06
A1: [-1.680897037198833e-06, -1.8457392900648734e-06, -1.2435813114630127e-06, -1.5475566186911486e-06] - [0.20833780845856156, 0.3333358757017803, -0.04166262581891537, 5.0617188342089415e-06] - [0.16666517160911554, 0.6666649632992465, 0.16666570173004938, -1.3308216483739792e-06] - [-3.104634494869406e-06, -2.771569784641443e-06, -2.4383393700665775e-06, -3.1019824950433654e-06]
A2: [0.1666550006108403, -0.16667871171158277, -1.2594667043843353e-05, -1.1695245671821088e-05] - [0.1665822129533951, 0.33324620184844306, -9.036722826596236e-05, -8.456814365276374e-05] - [0.16663245971471885, 0.8332980530342601, -3.645148229819531e-05, -3.423497643757398e-05] - [8.785037113829755e-06, 9.053527599715047e-06, 9.296846578869512e-06, 8.785033868996545e-06]
B1: 0.16670262857867926 - 0.6665922345790183 - 0.16657623586780887 - 5.145890276204548e-05
B2: 0.166694125832661 - 0.6666996163658222 - 0.16670936259659147 - 2.817257777167359e-05
