Number: 172
Error: 8.122616602148447e-06
A1: [3.346313872017397e-06, 3.4226151533437127e-06, 3.5784070879507406e-06, 3.3567958487165128e-06] - [0.2083506738968019, 0.33335063037136514, -0.041649057191253336, 1.738580854772435e-05] - [0.16667141856307924, 0.6666713820048509, 0.16667144375502652, 4.7644915728128e-06] - [-3.1795187568371794e-07, -2.8357296411978824e-07, -2.4917088014432813e-07, -3.1767952111443635e-07]
A2: [0.16664659192296458, -0.16668746172365786, -2.14786836168905e-05, -2.007774367761463e-05] - [0.16658218755702878, 0.33324589785733566, -9.023150442004112e-05, -8.44908488918713e-05] - [0.16664412917313234, 0.833310026344338, -2.4031925587610995e-05, -2.2540362929986385e-05] - [9.261709951556021e-07, 9.544417163857708e-07, 9.800577157967602e-07, 9.261704624998331e-07]
B1: 0.16671636458864816 - 0.666646003632755 - 0.16658552485466882 - 5.066302091964853e-05
B2: 0.1667124380521191 - 0.6667277006984965 - 0.16674338773499003 - 4.585019069149972e-05
