Number: 2936
Error: 6.56775578909884e-06
A1: [-6.19041965782538e-06, -6.573693038984661e-06, -5.579565307200522e-06, -5.94795417273394e-06] - [0.208326195566668, 0.3333225681931069, -0.041674897401938145, -6.070319968749058e-06] - [0.16665957618274338, 0.6666592112070923, 0.16666054616945739, -6.791579708902864e-06] - [-5.578766590809989e-06, -4.9804810506343376e-06, -4.381980418546141e-06, -5.5740152250287025e-06]
A2: [0.16666247467102546, -0.16667093314192577, -4.695695570895327e-06, -4.244441173667035e-06] - [0.16658228882506373, 0.3332465304335867, -9.042400353240848e-05, -8.458347576618967e-05] - [0.16662211579312028, 0.8332874405092832, -4.745916732983444e-05, -4.460124561785682e-05] - [1.5761801851083094e-05, 1.6243545997690917e-05, 1.6680156202428155e-05, 1.5761800173329794e-05]
B1: 0.1666893729956663 - 0.6665434922105233 - 0.1665670437539072 - 5.110703028401333e-05
B2: 0.1666791307640685 - 0.6666757918099547 - 0.16668009832202363 - 1.3741083952479899e-05
