Number: 2995
Error: 4.266277339521105e-06
A1: [-1.2119892014812997e-05, -1.1828348524154103e-05, -1.0131501685853469e-05, -1.1867426990474181e-05] - [0.20829914649049006, 0.33329850620692125, -0.041695847477884886, -3.307445904925151e-05] - [0.1666518059084047, 0.6666522789653723, 0.16665448638824398, -1.4549248756017815e-05] - [-5.69042453181756e-06, -5.080177378123228e-06, -4.469714455241672e-06, -5.685578712180762e-06]
A2: [0.16669164117331461, -0.16664087951002204, 2.6154651328944135e-05, 2.4921030559628122e-05] - [0.166694593910459, 0.33336227094490384, 2.8402495436298693e-05, 2.7717567608235186e-05] - [0.1666489694931569, 0.8333151206778059, -1.9036454121739865e-05, -1.7748536138881544e-05] - [1.6081349923701926e-05, 1.6572862910458383e-05, 1.701832818448087e-05, 1.608134840614694e-05]
B1: 0.1666235534863643 - 0.6665604666184208 - 0.16667024214831871 - -1.3284861049035448e-05
B2: 0.16661410584974876 - 0.666589082395942 - 0.16657439096358384 - -5.1258854322059564e-05
