Number: 647
Error: 2.9648280584878045e-06
A1: [-3.965271257968915e-06, -3.278974967059155e-06, -2.289879283486476e-06, -3.9099158171221605e-06] - [0.20832016131311337, 0.33332258244471796, -0.041673641612905335, -1.2928166931853647e-05] - [0.16666192006414648, 0.6666626765118028, 0.16666380685549795, -4.678345224006821e-06] - [-1.2227233696975174e-06, -1.0913762972232969e-06, -9.59949002337333e-07, -1.2216765354344883e-06]
A2: [0.1666781406101678, -0.16665492974683538, 1.1887088486518673e-05, 1.1462443766056552e-05] - [0.16669445385943618, 0.33336167590953353, 2.850415379207071e-05, 2.7742127984231062e-05] - [0.16666765086505708, 0.833334287563104, 8.443091431078996e-07, 9.731664478824366e-07] - [3.479345684141051e-06, 3.585659375118812e-06, 3.6819997301419413e-06, 3.4793437729319076e-06]
B1: 0.1666471657971083 - 0.6666481728724476 - 0.16668651229247033 - -1.2978639977674828e-05
B2: 0.16664145467412372 - 0.6666324070611988 - 0.16662757384603544 - -2.4927237683699478e-05
