Number: 1237
Error: 3.2979820011951575e-06
A1: [-5.997724721741254e-06, -5.409413255115823e-06, -4.2412413186669735e-06, -5.89285168050356e-06] - [0.20831494866069108, 0.33331660537799124, -0.041679143778952786, -1.7922631600909278e-05] - [0.16665939576700978, 0.66666008220478, 0.16666148444953258, -7.141525651894255e-06] - [-2.3454543831474554e-06, -2.0937702959519986e-06, -1.8419498245949847e-06, -2.343449033398827e-06]
A2: [0.1666815375785758, -0.16665139495552503, 1.5476176841618083e-05, 1.484886422725667e-05] - [0.16669450035375366, 0.3333618356752396, 2.848779544068195e-05, 2.774726337626194e-05] - [0.16666295807334278, 0.833329472553429, -4.150286595088979e-06, -3.7297565721025383e-06] - [6.646484617317043e-06, 6.849607637057285e-06, 7.033683246186223e-06, 6.646481648753358e-06]
B1: 0.16664136151881373 - 0.6666262657921354 - 0.16668256062452455 - -1.2926404218370843e-05
B2: 0.1666343334319124 - 0.6666213250084312 - 0.16661407179834972 - -3.17928912881959e-05
