Number: 2606
Error: 6.748475293524214e-06
A1: [-5.03934162892546e-06, -5.366812103842023e-06, -4.4718212938272574e-06, -4.824581797296018e-06] - [0.20832916912336671, 0.33332597337243103, -0.04167175371703185, -3.2188469542066094e-06] - [0.16666100298336428, 0.6666606781418684, 0.16666186205914194, -5.3989673268814815e-06] - [-4.950750701997774e-06, -4.4197900962404406e-06, -3.888620214504612e-06, -4.94653105853888e-06]
A2: [0.1666605813215168, -0.16667290383897732, -6.6970157232878014e-06, -6.131887349929279e-06] - [0.1665822830878164, 0.3332464604043494, -9.039637826679494e-05, -8.456605982767014e-05] - [0.1666247445100286, 0.8332901373915351, -4.466199544641727e-05, -4.196685493223102e-05] - [1.3990940751730966e-05, 1.4418556584655953e-05, 1.480610295785217e-05, 1.399093831740709e-05]
B1: 0.16669271067579508 - 0.6665558465593934 - 0.16656936769987496 - 5.116927006483101e-05
B2: 0.16668290514191722 - 0.6666818274265581 - 0.1666875357877719 - 1.7372395956240474e-05
