Number: 1881
Error: 3.6553874094712435e-06
A1: [-8.234269376625611e-06, -7.754299000908147e-06, -6.392069340253927e-06, -8.075332449288493e-06] - [0.20830918498782253, 0.3333100017950281, -0.041685234579364155, -2.344808363413e-05] - [0.16665662167861806, 0.6666572303361895, 0.16665892796280893, -9.848892659516734e-06] - [-3.570871365837205e-06, -3.1878359579689452e-06, -2.8046199625384394e-06, -3.5678227985066336e-06]
A2: [0.1666852453649914, -0.16664753635822205, 1.939441691917415e-05, 1.8545137500823105e-05] - [0.16669455801296337, 0.3333620183002168, 2.847946862322697e-05, 2.7759775175884775e-05] - [0.166657839041686, 0.8333242203990008, -9.598204646078104e-06, -8.859848985212675e-06] - [1.0103079061747253e-05, 1.04118584285538e-05, 1.069169298491529e-05, 1.0103075820301133e-05]
B1: 0.16663482602674518 - 0.6666021651325874 - 0.1666780682579832 - -1.306941308412304e-05
B2: 0.16662686173406707 - 0.6666094714778577 - 0.16659951418426927 - -3.898559874805455e-05
