Number: 1861
Error: 3.6443365431863253e-06
A1: [-8.16303721848269e-06, -7.679601474475046e-06, -6.323297436707039e-06, -8.0057809407594e-06] - [0.2083093711353996, 0.33331021443302067, -0.04168503745940804, -2.326934093677755e-05] - [0.16665670962475346, 0.6666573207997726, 0.166659009355577, -9.763020221884068e-06] - [-3.532816269495932e-06, -3.153860138315783e-06, -2.77472452765754e-06, -3.5298000531610715e-06]
A2: [0.16668513059833548, -0.16664765582396263, 1.9273082324250413e-05, 1.843072838155232e-05] - [0.1666945573029306, 0.3333620136669879, 2.848072050838097e-05, 2.77604672429267e-05] - [0.16665799817897345, 0.833324383665008, -9.428864834527551e-06, -8.700368172015181e-06] - [9.99573690396533e-06, 1.0301235198926634e-05, 1.0578095945515526e-05, 9.995733657026637e-06]
B1: 0.1666350237648682 - 0.666602908829752 - 0.1666782034885965 - -1.3070199769990882e-05
B2: 0.16662708665782808 - 0.6666098380237208 - 0.16659997055658807 - -3.876933899918248e-05
