Number: 1551
Error: 3.472729093358977e-06
A1: [-7.082846644565509e-06, -6.5470435459657785e-06, -5.2839345436427845e-06, -6.9516179658812195e-06] - [0.20831216010275322, 0.33331340857514763, -0.04168208927775962, -2.059505806486096e-05] - [0.16665804862756534, 0.6666586974610135, 0.16666024405233418, -8.456137517178524e-06] - [-2.9429504138339506e-06, -2.627222433173087e-06, -2.3113343160316487e-06, -2.9404360244315765e-06]
A2: [0.16668334683537211, -0.16664951222005792, 1.7387935384270746e-05, 1.6652507422869167e-05] - [0.16669453263300613, 0.333361928727811, 2.848757802978544e-05, 2.7757530080865865e-05] - [0.16666046283875688, 0.8333269123868812, -6.805927520823909e-06, -6.230383871210077e-06] - [8.331893689510382e-06, 8.586534036894391e-06, 8.81730028895754e-06, 8.3318904718308e-06]
B1: 0.16663816655359387 - 0.6666145083474415 - 0.1666803658998051 - -1.3004518987469062e-05
B2: 0.1666306599454004 - 0.6666155318794069 - 0.16660697802386526 - -3.53303486333738e-05
