Number: 478
Error: 7.938499506509859e-06
A1: [2.3339322100269885e-06, 2.3628013253767138e-06, 2.614870684008661e-06, 2.3700576020916444e-06] - [0.20834814165701956, 0.33334771498862253, -0.04165171291465837, 1.4966570038914057e-05] - [0.16667015270526633, 0.6666700831344966, 0.1666702892266508, 3.530293584019876e-06] - [-9.004650207870295e-07, -8.03655197939983e-07, -7.067842825671282e-07, -8.996938276329563e-07]
A2: [0.16664833746030006, -0.1666856456664436, -1.9635409688905015e-05, -1.8337680480299046e-05] - [0.16658213209576472, 0.33324589777905833, -9.032617560907893e-05, -8.456777272539235e-05] - [0.1666416717510484, 0.8333075048125469, -2.6647277499090297e-05, -2.5003041834267046e-05] - [2.5689355223283523e-06, 2.6474204447423387e-06, 2.718541380846986e-06, 2.568934054456894e-06]
B1: 0.16671395094820476 - 0.6666351655192907 - 0.16658392770031738 - 5.1286324522520276e-05
B2: 0.16670800935918068 - 0.6667213535203781 - 0.16673593153488186 - 4.155413697989935e-05
