Number: 570
Error: 7.884910677917937e-06
A1: [2.033597440704299e-06, 2.0482598752475816e-06, 2.329328238922268e-06, 2.0774287612808594e-06] - [0.2083473961437244, 0.3333468545495562, -0.04165249502129348, 1.4255016147013243e-05] - [0.16666977598138913, 0.6666696965650744, 0.16666994613191166, 3.1630844684491005e-06] - [-1.075594657821991e-06, -9.600149629129147e-07, -8.44363682608994e-07, -1.0746736488284272e-06]
A2: [0.1666488672411874, -0.16668509461137207, -1.907611235251865e-05, -1.7809545412917956e-05] - [0.16658213506183475, 0.33324591772900497, -9.033438375004752e-05, -8.457125961417831e-05] - [0.16664093776060038, 0.833306751641573, -2.7428574616038324e-05, -2.5738612866053666e-05] - [3.0628300926835992e-06, 3.1564118241659936e-06, 3.241213972573688e-06, 3.0628283782157104e-06]
B1: 0.16671308732675721 - 0.6666317838551212 - 0.16658333909311746 - 5.1335852074130704e-05
B2: 0.16670676261664227 - 0.6667195416673668 - 0.16673379818278475 - 4.034727381705391e-05
