Number: 568
Error: 7.886060602431228e-06
A1: [2.035955133487748e-06, 2.0506925153965713e-06, 2.330896659897321e-06, 2.0796229283247877e-06] - [0.20834739555083825, 0.3333468555131839, -0.0416524967020739, 1.4253701088509954e-05] - [0.166669779955346, 0.6666697005166794, 0.16666994890212244, 3.166855616423713e-06] - [-1.0717869013108006e-06, -9.566152121500644e-07, -8.413721613029865e-07, -1.0708691489848423e-06]
A2: [0.16664885500151233, -0.1666851072785442, -1.9088921868163194e-05, -1.7821749308703367e-05] - [0.16658213309591052, 0.3332459154857713, -9.033591791894442e-05, -8.457308525433165e-05] - [0.16664095348893843, 0.8333067677978464, -2.7411795274193585e-05, -2.57228501668246e-05] - [3.0520933663524015e-06, 3.145346906188642e-06, 3.2298516353198576e-06, 3.0520916570764838e-06]
B1: 0.16671312013655448 - 0.6666318707547081 - 0.16658336462443044 - 5.134882187015701e-05
B2: 0.16670680368829852 - 0.666719582020237 - 0.16673383181035878 - 4.038747830976035e-05
