Number: 433
Error: 2.840578569110531e-06
A1: [-3.233404637920807e-06, -2.512165505433492e-06, -1.5886250228929987e-06, -3.1960052084060403e-06] - [0.20832202973861566, 0.3333247258035872, -0.04167167284658486, -1.113886025936404e-05] - [0.1666628298841473, 0.6666636111629561, 0.16666464231324943, -3.7906888197121016e-06] - [-8.154824358895732e-07, -7.277824355427173e-07, -6.400264585578561e-07, -8.14783949773566e-07]
A2: [0.16667691402164436, -0.16665620609866696, 1.0591255589093324e-05, 1.0239681160324127e-05] - [0.1666944618879211, 0.3333616437042206, 2.8536615025376655e-05, 2.7765157228995058e-05] - [0.16666935983332695, 0.8333360410577302, 2.6631179517848493e-06, 2.6858090079846393e-06] - [2.330484107506627e-06, 2.401680630609513e-06, 2.4661966289851165e-06, 2.3304827624718167e-06]
B1: 0.16664907425657427 - 0.6666559433031222 - 0.1666877909493559 - -1.3194283650598367e-05
B2: 0.16664423050209276 - 0.6666366013241014 - 0.16663262598136777 - -2.224411309608183e-05
