Number: 53
Error: 2.608251145694196e-06
A1: [-2.0576252822259804e-06, -1.282476209139699e-06, -4.834849298988607e-07, -2.051991700383323e-06] - [0.20832484587708208, 0.3333279977032538, -0.041668743416319966, -8.462731176050076e-06] - [0.16666431881664837, 0.6666651361356409, 0.16666598308520325, -2.3409922272023824e-06] - [-9.234182033080955e-08, -8.214072009038777e-08, -7.19324120209781e-08, -9.226289157163416e-08]
A2: [0.1666747445185407, -0.1666584621938877, 8.30232444101574e-06, 8.076972632011903e-06] - [0.166694544672756, 0.33336166070173495, 2.8673942618379457e-05, 2.7874581451329113e-05] - [0.16667242007990526, 0.83333918142257, 5.92045218528551e-06, 5.75258025950965e-06] - [2.903283158514139e-07, 2.991633931322722e-07, 3.0716675386968895e-07, 2.903281826477751e-07]
B1: 0.16665201091708298 - 0.6666693692966916 - 0.16668976919573444 - -1.4028427934612437e-05
B2: 0.16665025915631285 - 0.66664475665602 - 0.16664188829024512 - -1.6380094438220674e-05
