Number: 1214
Error: 7.519237776115975e-06
A1: [-2.0633864254302883e-07, -2.9971731125665403e-07, 1.757397856619957e-07, -1.0843530084141144e-07] - [0.2083416209684876, 0.33334024052119593, -0.04165859511508951, 8.71808754359214e-06] - [0.16666699871614205, 0.6666668418179068, 0.166667387121696, 4.5255305064679464e-07] - [-2.301423691752075e-06, -2.054454900412594e-06, -1.8073517780814668e-06, -2.299455897209429e-06]
A2: [0.16665257106499576, -0.16668124017757038, -1.5162279156281195e-05, -1.4117242291217767e-05] - [0.1665821739468058, 0.33324608068526895, -9.036340287762392e-05, -8.457754741726045e-05] - [0.16663581344231715, 0.8333014939581267, -3.288228340927095e-05, -3.087399658465955e-05] - [6.519902156515786e-06, 6.719155273040274e-06, 6.899723587455084e-06, 6.519899217746117e-06]
B1: 0.16670687619446214 - 0.6666079902592947 - 0.16657913963734616 - 5.151747152630055e-05
B2: 0.16669900754072453 - 0.6667073971477959 - 0.16671894377957683 - 3.287135399753431e-05
