Number: 825
Error: 3.0663135452703205e-06
A1: [-4.557599561519208e-06, -3.899612046977193e-06, -2.855235720125317e-06, -4.487324644843762e-06] - [0.20831867288687234, 0.3333208684247365, -0.04167520732856484, -1.4350847159943246e-05] - [0.16666117967430905, 0.6666619162558948, 0.1666631298898118, -5.400316124368251e-06] - [-1.5614518662296845e-06, -1.3938003827964388e-06, -1.2260501164819773e-06, -1.5601155667358885e-06]
A2: [0.1666791674768798, -0.16665386152516268, 1.2971459583485717e-05, 1.2486128058423012e-05] - [0.1666944705751538, 0.3333617261345406, 2.850056965292172e-05, 2.7746365664857905e-05] - [0.16666623441468573, 0.8333328341341356, -6.634042986364466e-07, -4.46340419110739e-07] - [4.434886744315428e-06, 4.570408350555419e-06, 4.693218387877027e-06, 4.43488443449907e-06]
B1: 0.16664540439240885 - 0.6666415509873107 - 0.16668530528865821 - -1.2973241382967853e-05
B2: 0.16663918639844277 - 0.6666290092715041 - 0.1666235151925034 - -2.71183999424677e-05
