Number: 2645
Error: 4.075221238209647e-06
A1: [-1.0897530080800127e-05, -1.0546701520833183e-05, -8.954894480920208e-06, -1.06744503401658e-05] - [0.2083023067797963, 0.33330212464838554, -0.04169250598656023, -3.0043654639630668e-05] - [0.16665332052266377, 0.6666538362741662, 0.166655883632949, -1.3070894737996794e-05] - [-5.024522877152356e-06, -4.4856615561098635e-06, -3.946589911231424e-06, -5.020240729072493e-06]
A2: [0.16668963438892367, -0.16664296831695136, 2.4033346612137136e-05, 2.2920503169843963e-05] - [0.1666945924419047, 0.3333622013476006, 2.8436409943853586e-05, 2.7740639521784462e-05] - [0.16665175847490937, 0.833317981971602, -1.6068805765166445e-05, -1.4953540587686205e-05] - [1.420321320426681e-05, 1.4637318747625446e-05, 1.5030747600330651e-05, 1.4203210845501268e-05]
B1: 0.16662708344622154 - 0.6665735625904483 - 0.16667270331952178 - -1.3228745814323863e-05
B2: 0.16661810052635256 - 0.6665954802438905 - 0.16658228141597198 - -4.741581535317532e-05
