Number: 2227
Error: 3.846037172658454e-06
A1: [-9.452118204215252e-06, -9.031292347881511e-06, -7.565746635907219e-06, -9.264120449387196e-06] - [0.20830602285161212, 0.3333063846159979, -0.04168858006468712, -2.648217256090302e-05] - [0.1666551148191241, 0.6666556807384448, 0.16665753609663217, -1.131989232585604e-05] - [-4.2292132686762994e-06, -3.7756069412652894e-06, -3.321803518267462e-06, -4.225605499901107e-06]
A2: [0.16668723235445707, -0.16664546819434004, 2.1494787921979416e-05, 2.0525941489984926e-05] - [0.16669457325522305, 0.33336210110934966, 2.8460146843387488e-05, 2.775076012010027e-05] - [0.16665508586752328, 0.8333213957639034, -1.2527953647444332e-05, -1.1618966612676673e-05] - [1.1960025942255633e-05, 1.2325565533426393e-05, 1.2656845855708367e-05, 1.1960022938458164e-05]
B1: 0.1666313550732256 - 0.666589248833444 - 0.16667567785926496 - -1.3105975944045377e-05
B2: 0.1666229292814499 - 0.666603133986296 - 0.1665916701864243 - -4.276815805976594e-05
