Number: 387
Error: 2.8134387685918063e-06
A1: [-3.0829502381003887e-06, -2.3546285299174637e-06, -1.4456080646154717e-06, -3.049403951194592e-06] - [0.2083224036126099, 0.33332515706162186, -0.041671280831847256, -1.0781966523093884e-05] - [0.16666301846222764, 0.6666638046516565, 0.16666481405256467, -3.6068682629782845e-06] - [-7.279441558923698e-07, -6.496259838943005e-07, -5.712573340605996e-07, -7.273205986742764e-07]
A2: [0.166676650237518, -0.1666564804952451, 1.0312756467382443e-05, 9.976719477568008e-06] - [0.16669446492668658, 0.33336163835269084, 2.8545419663400675e-05, 2.77714205982127e-05] - [0.16666972796057897, 0.8333364188007025, 3.05494326883372e-06, 3.054726074400407e-06] - [2.0835274758908617e-06, 2.1471752828521256e-06, 2.2048504605413643e-06, 2.083526264341348e-06]
B1: 0.16664947588344076 - 0.6666576074573983 - 0.1666880621260467 - -1.3249199512380434e-05
B2: 0.16664487532730643 - 0.6666375294299732 - 0.1666337155836482 - -2.1619216074661673e-05
