Number: 406
Error: 7.980926926793808e-06
A1: [2.5869948803275917e-06, 2.6279516792482398e-06, 2.8582948934194882e-06, 2.6170722842630695e-06] - [0.20834879755795763, 0.33334846474693347, -0.04165102054669969, 1.559582476411864e-05] - [0.16667046568949326, 0.6666704048096139, 0.1666705778627925, 3.835814037005039e-06] - [-7.634078706037912e-07, -6.812876984659597e-07, -5.991149292818204e-07, -7.62753972886557e-07]
A2: [0.16664792696331138, -0.1666860729388245, -2.0069269080827722e-05, -1.8746889437853802e-05] - [0.16658214212423475, 0.3332458942187705, -9.030802870278465e-05, -8.455269417160187e-05] - [0.16664224823833063, 0.833308096288173, -2.603381841435773e-05, -2.4425317607259375e-05] - [2.18240564992049e-06, 2.2490755744406785e-06, 2.3094894607705827e-06, 2.18240438665524e-06]
B1: 0.1667145367789571 - 0.6666377281027439 - 0.1665843104971615 - 5.1157489831592224e-05
B2: 0.16670894810617987 - 0.6667227904811901 - 0.16673767902056516 - 4.246167511143824e-05
