Number: 928
Error: 7.680214725807606e-06
A1: [7.987360119287462e-07, 7.540336945389344e-07, 1.1438607333720202e-06, 8.726164560326661e-07] - [0.20834422761973795, 0.3333432224780874, -0.04165583861888813, 1.1218894190025711e-05] - [0.16666824267987776, 0.6666681208785519, 0.16666853553827288, 1.6668710534442552e-06] - [-1.7570473034645574e-06, -1.5684282322322836e-06, -1.3797004369352906e-06, -1.7555439824193671e-06]
A2: [0.16665092578403998, -0.16668295250167683, -1.6901138978963693e-05, -1.575740692800926e-05] - [0.16658215195494494, 0.33324600307980307, -9.035625148967185e-05, -8.457947762195826e-05] - [0.1666380872268975, 0.833303826871407, -3.0462407472455118e-05, -2.8595297557199054e-05] - [4.984664076630328e-06, 5.136990080956825e-06, 5.275029299470472e-06, 4.984661570490672e-06]
B1: 0.16670968265915978 - 0.6666185989468772 - 0.16658104068481305 - 5.14848624378402e-05
B2: 0.16670234771695738 - 0.66671271948847 - 0.16672550445641734 - 3.608755627607702e-05
