Number: 2762
Error: 6.6629047648968056e-06
A1: [-5.604406728553542e-06, -5.959432388475431e-06, -5.018751322569901e-06, -5.376529522977645e-06] - [0.20832767918361786, 0.33332427466079606, -0.04167333354156306, -4.650993459802692e-06] - [0.16666030735406204, 0.6666599623529916, 0.1666612164882545, -6.078414437722511e-06] - [-5.247627400734332e-06, -4.6848400761326595e-06, -4.121840158599498e-06, -5.243156302847298e-06]
A2: [0.16666147303510806, -0.1666719753836807, -5.753898137527414e-06, -5.242964419175879e-06] - [0.16658227742282392, 0.3332464855991122, -9.041685721843038e-05, -8.45826698167246e-05] - [0.1666235009887978, 0.833288861703119, -4.598503397928312e-05, -4.3213058230807554e-05] - [1.4828089444179422e-05, 1.5281293634538503e-05, 1.569203399894925e-05, 1.4828087337101146e-05]
B1: 0.16669120084954528 - 0.6665500718885559 - 0.16656833232309093 - 5.1207901893419986e-05
B2: 0.16668119156503047 - 0.666678979678068 - 0.16668395654160803 - 1.5726446672067448e-05
