Number: 2555
Error: 4.02595216350673e-06
A1: [-1.0577039261928812e-05, -1.0210618496705856e-05, -8.64547537842965e-06, -1.0361521823502084e-05] - [0.208303144264132, 0.33330308134000436, -0.04169161911717408, -2.923949065452274e-05] - [0.16665371622877354, 0.6666542433091859, 0.16665624985667993, -1.2684519022290098e-05] - [-4.853287935215192e-06, -4.332783225593368e-06, -3.8120704215419326e-06, -4.849150877494997e-06]
A2: [0.16668911903982378, -0.1666435048107024, 2.348844119708608e-05, 2.240676297104305e-05] - [0.16669459340506687, 0.33336218465301587, 2.844618795207772e-05, 2.7747912731928114e-05] - [0.1666524756135412, 0.8333187176879021, -1.5305759049847726e-05, -1.423485570821276e-05] - [1.372024038251657e-05, 1.4139583269596646e-05, 1.4519630953812715e-05, 1.3720237851742307e-05]
B1: 0.1666279722189362 - 0.6665769111075749 - 0.16667331698660448 - -1.3233281463511447e-05
B2: 0.1666191075441994 - 0.666597124442546 - 0.16658432971358916 - -4.644778750102698e-05
