Number: 1933
Error: 3.6840874042524858e-06
A1: [-8.414673438422484e-06, -7.943444191221633e-06, -6.565539295562289e-06, -8.251371437675572e-06] - [0.2083087203308379, 0.3333094693457305, -0.041685725599729447, -2.3893506483715675e-05] - [0.16665639786719497, 0.6666570002511879, 0.16665872173338764, -1.00673171457161e-05] - [-3.6698146591345443e-06, -3.276173284103558e-06, -2.8823485183977577e-06, -3.666681992571572e-06]
A2: [0.16668554456212784, -0.1666472249835872, 1.9710608192712903e-05, 1.8843405007088487e-05] - [0.1666945619513313, 0.3333620323340999, 2.8478089962561415e-05, 2.7760067930432782e-05] - [0.16665742552223126, 0.8333237961324541, -1.0038276470266644e-05, -9.274261651064042e-06] - [1.0382164195063624e-05, 1.0699474213355289e-05, 1.0987040581631336e-05, 1.0382160972178715e-05]
B1: 0.16663429566919577 - 0.666600215967238 - 0.16667770177988242 - -1.308362061309356e-05
B2: 0.16662626111424075 - 0.6666085175965064 - 0.16659834253377026 - -3.956369074165306e-05
