Number: 1743
Error: 3.5791358931909596e-06
A1: [-7.761938349432975e-06, -7.259133069578893e-06, -5.938866288857115e-06, -7.614579602286364e-06] - [0.20831039219553674, 0.33331138745090344, -0.04168396033277357, -2.2291895809715253e-05] - [0.16665720913688775, 0.6666578340766188, 0.16665946802600984, -9.275724502952002e-06] - [-3.3082881372053227e-06, -2.95339916714069e-06, -2.598337601412167e-06, -3.3054628548054454e-06]
A2: [0.16668445005503246, -0.16664836393050386, 1.8554120525567807e-05, 1.7752294687500265e-05] - [0.16669454398896033, 0.3333619776309488, 2.847985831593178e-05, 2.775542613395479e-05] - [0.1666589359555685, 0.8333253458523388, -8.43078703019058e-06, -7.760564689891171e-06] - [9.362420012718869e-06, 9.648560005129999e-06, 9.907875413245186e-06, 9.362416751492219e-06]
B1: 0.16663625405354138 - 0.6666073570194643 - 0.16667905843782285 - -1.3011161014351972e-05
B2: 0.16662847934068706 - 0.6666120065161153 - 0.16660260596748652 - -3.7427778848991464e-05
