Number: 1386
Error: 7.423103186291353e-06
A1: [-7.903876179331808e-07, -9.119316626701729e-07, -3.8387072348867156e-07, -6.780567853810451e-07] - [0.20834013538658708, 0.3333385337007106, -0.041660161880993786, 7.296081187876418e-06] - [0.1666662711688959, 0.6666660942874866, 0.166666719279837, -2.57185664434059e-07] - [-2.6288065901441575e-06, -2.3467467066510233e-06, -2.0645387880230003e-06, -2.626559759170916e-06]
A2: [0.1666535643281475, -0.16668020674490477, -1.4113047673863909e-05, -1.3127056083173673e-05] - [0.16658219778536143, 0.3332461376078092, -9.03578450017659e-05, -8.456577428276104e-05] - [0.1666344474815059, 0.833300092405858, -3.433617210218749e-05, -3.224291316741269e-05] - [7.443153757167534e-06, 7.67062755228115e-06, 7.87677228806671e-06, 7.443150645621831e-06]
B1: 0.1667050953436023 - 0.6666015216031609 - 0.16657791199115662 - 5.144397102305981e-05
B2: 0.16669695315509947 - 0.6667042140820972 - 0.1667150827569197 - 3.089152907008059e-05
