Number: 2244
Error: 6.947532974019503e-06
A1: [-3.77904959964845e-06, -4.045437634942173e-06, -3.2593350561546737e-06, -3.594680829962162e-06] - [0.20833242127810722, 0.33332969845681704, -0.041668316047764276, -1.0060780401589402e-07] - [0.16666256571000795, 0.6666622847561045, 0.1666633028297793, -3.873744120253496e-06] - [-4.261810968456643e-06, -3.804704081332378e-06, -3.347399547013778e-06, -4.258175540079968e-06]
A2: [0.16665850170323554, -0.16667506828975828, -8.895036429426704e-06, -8.20502982830305e-06] - [0.1665822671551373, 0.3332463739940557, -9.03755978606594e-05, -8.455659530439402e-05] - [0.16662762590391003, 0.8332930935671535, -4.159579769309838e-05, -3.907923781674591e-05] - [1.2048231527168935e-05, 1.2416466086589555e-05, 1.2750189042741957e-05, 1.2048228543570605e-05]
B1: 0.16669638629954914 - 0.6665694067752043 - 0.16657191782717598 - 5.1251735367724085e-05
B2: 0.1666870607106892 - 0.6666884559382602 - 0.16669569410839533 - 2.1371029582653285e-05
