Number: 3059
Error: 4.3011150748895655e-06
A1: [-1.2338200819133915e-05, -1.2057204923595703e-05, -1.0340858511072043e-05, -1.2080367594512026e-05] - [0.20829858958239375, 0.3332978667011683, -0.04169643516486049, -3.3607710294692494e-05] - [0.16665153421336332, 0.6666519997589968, 0.16665423674485016, -1.4814318635913516e-05] - [-5.812187654423063e-06, -5.188887307895655e-06, -4.56537075034097e-06, -5.8072388607960255e-06]
A2: [0.16669200877095852, -0.16664049695859426, 2.6543098753089937e-05, 2.5287484029783556e-05] - [0.16669459556931696, 0.3333622849448601, 2.8397445412022375e-05, 2.7714738794969753e-05] - [0.166648459547879, 0.8333145974956315, -1.9579099023004088e-05, -1.8259581195875053e-05] - [1.6424764408272144e-05, 1.6926774244046144e-05, 1.738175448503981e-05, 1.6424763074170702e-05]
B1: 0.16662289171928724 - 0.6665580557486244 - 0.16666977597153407 - -1.331143654974478e-05
B2: 0.16661335825541948 - 0.6665879115956915 - 0.16657296435963043 - -5.1978718477950484e-05
