Number: 743
Error: 3.0197384457758217e-06
A1: [-4.29371213189068e-06, -3.6231746873337374e-06, -2.6047554837209983e-06, -4.230301600783166e-06] - [0.20831932242671428, 0.33332161990799963, -0.04167452614563412, -1.3731560152584332e-05] - [0.16666151169307772, 0.6666622569280318, 0.16666343169453524, -5.0767737462996045e-06] - [-1.4054089190914715e-06, -1.2544817174279478e-06, -1.1034641056777566e-06, -1.4042059376653256e-06]
A2: [0.16667869261075002, -0.16665435537472034, 1.2470243154944443e-05, 1.2012728051844048e-05] - [0.16669445766701704, 0.3333616979563501, 2.8497362123567957e-05, 2.7739206125729007e-05] - [0.16666688615840622, 0.833333502928927, 3.0416600203185236e-08, 2.0681143396901559e-07] - [3.994703192563704e-06, 4.116769757824043e-06, 4.227386103270699e-06, 3.994701058038592e-06]
B1: 0.16664625491918394 - 0.6666446383030346 - 0.16668589582368212 - -1.2936614981601193e-05
B2: 0.16664025413648365 - 0.666630569418206 - 0.16662535034477366 - -2.6086188300268438e-05
