Number: 1340
Error: 7.448760842128694e-06
A1: [-6.408905577366633e-07, -7.552767823961548e-07, -2.4165880434531904e-07, -5.32411798305319e-07] - [0.20834050570431148, 0.3333389616776775, -0.04165977286876052, 7.649422036555582e-06] - [0.16666645897386279, 0.6666662870579955, 0.16666689035994545, -7.413691420372554e-08] - [-2.5412499094521585e-06, -2.268574766594441e-06, -1.9957551298154257e-06, -2.5390776838408932e-06]
A2: [0.16665329754835556, -0.1666804842120567, -1.4394681528474861e-05, -1.3393012970577597e-05] - [0.16658218842663777, 0.3332461195461678, -9.036201640384039e-05, -8.45719061771012e-05] - [0.1666348124464137, 0.8333004669063759, -3.394765654009255e-05, -3.1877157745190465e-05] - [7.196240598659238e-06, 7.41616709087315e-06, 7.615471656438994e-06, 7.196237526852394e-06]
B1: 0.16670559480925057 - 0.6666032737804085 - 0.16657826151377972 - 5.148683916393588e-05
B2: 0.1666975242644539 - 0.6667050661611565 - 0.16671609412289248 - 3.1442697086078356e-05
