Number: 2375
Error: 3.927306341377362e-06
A1: [-9.96000359852621e-06, -9.563743519598178e-06, -8.053273967059212e-06, -9.759588022355281e-06] - [0.20830472277804038, 0.33330489284747405, -0.041689952675849865, -2.7727525576024393e-05] - [0.16665448344573494, 0.6666550318234341, 0.16665695538586353, -1.1935940118695592e-05] - [-4.510810386732479e-06, -4.027018157100601e-06, -3.5430233094508756e-06, -4.506963693366248e-06]
A2: [0.16668808385302902, -0.1666445820849824, 2.2394558043170656e-05, 2.1374794162068226e-05] - [0.1666945831249769, 0.3333621395907321, 2.845463907191233e-05, 2.7750253204866847e-05] - [0.16665390827837706, 0.8333201875729356, -1.378114368243184e-05, -1.2799098352645415e-05] - [1.275428275885401e-05, 1.3144099889486451e-05, 1.3497385197635026e-05, 1.2754279938652195e-05]
B1: 0.1666298289853655 - 0.6665836827337144 - 0.16667461417652302 - -1.3163084715729355e-05
B2: 0.1666212050990501 - 0.6666004216976551 - 0.16658835637929084 - -4.4428219231067154e-05
