Number: 1815
Error: 3.618951669897268e-06
A1: [-8.013585294971722e-06, -7.522986427975881e-06, -6.181118270642849e-06, -7.860180740940534e-06] - [0.2083097413537971, 0.33331064232768026, -0.04168464850667268, -2.2916098314195732e-05] - [0.1666568973696634, 0.6666575135186853, 0.16665918039569683, -9.580030928489834e-06] - [-3.4452881212213287e-06, -3.075713886994163e-06, -2.705962787120166e-06, -3.442346325034512e-06]
A2: [0.16668486414694872, -0.16664793296214955, 1.8991773871007493e-05, 1.8165099435258086e-05] - [0.1666945491168092, 0.33336199677582085, 2.8477703082159148e-05, 2.7755506347537298e-05] - [0.1666583634160029, 0.8333247584364374, -9.04008251569034e-06, -8.334340942809455e-06] - [9.748856017059911e-06, 1.0046808014410484e-05, 1.03168291714097e-05, 9.748852760820368e-06]
B1: 0.16663552622938696 - 0.6666046647615944 - 0.16667855770846224 - -1.3024303752670412e-05
B2: 0.16662765283376912 - 0.6666106851012604 - 0.16660097693294468 - -3.8223094230013064e-05
