Number: 68
Error: 8.188278483253117e-06
A1: [3.6405107551793968e-06, 3.729805600812128e-06, 3.849748305510953e-06, 3.642325217864311e-06] - [0.2083513327629418, 0.3333514069610612, -0.04164838134544547, 1.8006462928506923e-05] - [0.1666717979496524, 0.666671769499601, 0.16667177907929756, 5.1331664663635274e-06] - [-1.1995994741139794e-07, -1.0679936130439637e-07, -9.362965195214951e-08, -1.1985734652556658e-07]
A2: [0.16664599842881067, -0.16668807856390142, -2.2104151831708668e-05, -2.06693773396012e-05] - [0.1665822185389617, 0.3332459119218635, -9.01834150278655e-05, -8.445257265683415e-05] - [0.1666449706910679, 0.8333108899828274, -2.31360847787967e-05, -2.169705847438845e-05] - [3.678436380281057e-07, 3.7904799109640655e-07, 3.891984012785062e-07, 3.6784345781426043e-07]
B1: 0.166717114487231 - 0.6666496366710014 - 0.16658603701987731 - 5.0381073341101697e-05
B2: 0.1667142973796271 - 0.6667300548320063 - 0.16674595221972935 - 4.76644372653307e-05
