Number: 1051
Error: 3.1938277834996447e-06
A1: [-5.349192114447768e-06, -4.72948599748596e-06, -3.6172622573509713e-06, -5.2599369036506695e-06] - [0.2083166235458619, 0.33331852326512046, -0.04167737358481183, -1.631656068882134e-05] - [0.16666019952460323, 0.6666609085347012, 0.1666622255668069, -6.357042342359912e-06] - [-1.9915152624323235e-06, -1.7777682035991324e-06, -1.563900822194778e-06, -1.9898117980345266e-06]
A2: [0.16668046687455895, -0.166652509214926, 1.434469293196739e-05, 1.3781485431706512e-05] - [0.1666944842666643, 0.33336178354097107, 2.8490851130043418e-05, 2.774421498137543e-05] - [0.16666443660064326, 0.8333309895484055, -2.576735194570313e-06, -2.248035171464617e-06] - [5.64806888588737e-06, 5.820673592500942e-06, 5.9770908610683154e-06, 5.648066168481931e-06]
B1: 0.16664321320931608 - 0.666633191017297 - 0.16668382256994646 - -1.2921035756312916e-05
B2: 0.16663651137971702 - 0.6666247762784141 - 0.1666183121552783 - -2.969551826366494e-05
