Number: 1591
Error: 3.4949282983995058e-06
A1: [-7.225330433449443e-06, -6.696457601295361e-06, -5.421496269470853e-06, -7.090740333618038e-06] - [0.20831178773951806, 0.3333129832340985, -0.04168248357815536, -2.095261121751628e-05] - [0.16665787271792512, 0.6666585165171854, 0.16666008125212517, -8.627899527288069e-06] - [-3.0190629756610432e-06, -2.6951764213522877e-06, -2.371127006417432e-06, -3.0164837941724632e-06]
A2: [0.16668357653326668, -0.16664927312452957, 1.7630767622400772e-05, 1.6881490241720364e-05] - [0.1666945346633765, 0.33336193860082286, 2.848567615691283e-05, 2.7756756361439677e-05] - [0.1666601447126755, 0.8333265860022704, -7.144460757363457e-06, -6.54919693436255e-06] - [8.546590346849446e-06, 8.807793237351429e-06, 9.044507290372996e-06, 8.546587113255332e-06]
B1: 0.16663777191022994 - 0.6666130222043836 - 0.16668009716699783 - -1.3002103777582944e-05
B2: 0.16663020841216522 - 0.6666147970573505 - 0.1666060635059221 - -3.576455420120715e-05
