Number: 244
Error: 8.07823742794544e-06
A1: [3.1158044538037502e-06, 3.1814857946728142e-06, 3.360472152891458e-06, 3.1323127699625e-06] - [0.2083501093690713, 0.3333499778371024, -0.04164964648401936, 1.6847839156472916e-05] - [0.16667112863516237, 0.6666710848395636, 0.1666711810835955, 4.482005509840685e-06] - [-4.550177199975183e-07, -4.0594913798562935e-07, -3.568480219122937e-07, -4.546279119525338e-07]
A2: [0.16664700122055834, -0.16668703596467513, -2.1046648636234992e-05, -1.9669734116370613e-05] - [0.16658216659297395, 0.3332458894889023, -9.026254540122898e-05, -8.451686289382534e-05] - [0.1666435484136074, 0.8333094304137899, -2.4650011212683064e-05, -2.3122359308094186e-05] - [1.31270594136142e-06, 1.3527918433510479e-06, 1.3891148539492988e-06, 1.3127051738771598e-06]
B1: 0.16671584932066116 - 0.6666434982556111 - 0.1665851859726034 - 5.086224738604454e-05
B2: 0.1667113084246865 - 0.666726144232715 - 0.16674159648448017 - 4.475177249202195e-05
