Number: 535
Error: 2.900144665653739e-06
A1: [-3.5697230030310467e-06, -2.86440037919276e-06, -1.9088754162964482e-06, -3.523777074312143e-06] - [0.20832118967515748, 0.33332375766161243, -0.041672554807389454, -1.1941261230501358e-05] - [0.16666240892446704, 0.6666631791092835, 0.16666425828043874, -4.201096616252374e-06] - [-1.0095884660656265e-06, -9.010851072794727e-07, -7.925139460144855e-07, -1.00872389748517e-06]
A2: [0.1666774999392422, -0.16665559658957188, 1.1209918744793175e-05, 1.0823775098785205e-05] - [0.16669446007238942, 0.3333616607002149, 2.8522415854526618e-05, 2.7756191499853908e-05] - [0.16666854499949943, 0.8333352049457825, 1.7958198343656264e-06, 1.8692238296809372e-06] - [2.878073732028675e-06, 2.9660084019396784e-06, 3.0456929939351085e-06, 2.8780721056175064e-06]
B1: 0.16664814920789334 - 0.6666522232307265 - 0.16668716410970397 - -1.3106960997305705e-05
B2: 0.16664284427326642 - 0.6666345782160155 - 0.1666302354186938 - -2.3586153603819362e-05
