Number: 861
Error: 3.086744505663853e-06
A1: [-4.695622074844411e-06, -4.044395569456183e-06, -2.9898743118523435e-06, -4.622312293666192e-06] - [0.2083182984257719, 0.33332044416983264, -0.04167560575622626, -1.4711941026972222e-05] - [0.16666101150008952, 0.6666617430185257, 0.16666297245238554, -5.564747578252671e-06] - [-1.6299580103091926e-06, -1.45496355471401e-06, -1.279866734547014e-06, -1.6285631980492514e-06]
A2: [0.16667937230780955, -0.1666536481691014, 1.3188251124232066e-05, 1.2690315485496135e-05] - [0.16669446692086445, 0.33336172969181543, 2.8493700146139578e-05, 2.7740188207502685e-05] - [0.16666594728395015, 0.8333325395808774, -9.68877517463165e-07, -7.340892193788976e-07] - [4.628147150234167e-06, 4.769576106712404e-06, 4.897739736386193e-06, 4.628144768070212e-06]
B1: 0.16664509942457342 - 0.6666402611804646 - 0.1666851087954816 - -1.2920823322013693e-05
B2: 0.16663879682880445 - 0.6666283343856335 - 0.1666226466123624 - -2.7492377734540885e-05
