Number: 1599
Error: 3.499377432861679e-06
A1: [-7.2586188556044e-06, -6.731401401625645e-06, -5.454338821726594e-06, -7.12335188060967e-06] - [0.208311693968714, 0.3333128777829942, -0.04168258390541448, -2.1043401523176044e-05] - [0.16665783269408307, 0.6666584752142776, 0.16666004330581374, -8.667089209912966e-06] - [-3.0342851575566113e-06, -2.7087667452881527e-06, -2.3830849354419553e-06, -3.0316930193991815e-06]
A2: [0.16668362165962272, -0.16664922607806076, 1.7678604311061172e-05, 1.6926473617864017e-05] - [0.166694532949344, 0.3333619385622894, 2.8483396026024628e-05, 2.775448164562157e-05] - [0.16666008084404063, 0.833326520494931, -7.212383919671053e-06, -6.613202933707794e-06] - [8.589532003687447e-06, 8.852047468662365e-06, 9.089951144109187e-06, 8.589528767365168e-06]
B1: 0.16663770857687715 - 0.6666127398734887 - 0.16668005762193475 - -1.2986012081945091e-05
B2: 0.16663013457209142 - 0.6666146516221065 - 0.1666058663695728 - -3.583493001954599e-05
