Number: 1092
Error: 7.587725055587335e-06
A1: [2.2364782082819504e-07, 1.5111552130543246e-07, 5.901279390659139e-07, 3.1130251347634253e-07] - [0.20834273796215744, 0.33334151793940353, -0.04165741354208842, 9.789926044208683e-06] - [0.16666753063573275, 0.666667388790652, 0.16666787844794767, 9.71825510598252e-07] - [-2.0692096192843615e-06, -1.8471312514471504e-06, -1.6249290419062843e-06, -2.0674398794548235e-06]
A2: [0.16665186929603015, -0.1666819705632147, -1.5904002286082086e-05, -1.4816828773379289e-05] - [0.16658216444330956, 0.33324604740058517, -9.036058964825912e-05, -8.457849305435473e-05] - [0.16663678325859782, 0.8333024889862173, -3.185016962747781e-05, -2.9902083873703263e-05] - [5.865019909161538e-06, 6.0442554764069635e-06, 6.2066821413787945e-06, 5.865017132900095e-06]
B1: 0.1667080777721901 - 0.6666125196486623 - 0.16657995421805755 - 5.150797323352538e-05
B2: 0.1667004205302333 - 0.6667096596386125 - 0.16672173871977497 - 3.423145931382465e-05
