Number: 630
Error: 7.85020377287532e-06
A1: [1.8191635415232564e-06, 1.823490677109293e-06, 2.122401480488464e-06, 1.868038229323738e-06] - [0.2083468350974455, 0.33334621425082145, -0.04165308853363273, 1.3716188928821205e-05] - [0.1666695114932046, 0.6666694245786042, 0.16666970142109766, 2.9048194847469218e-06] - [-1.189805684806471e-06, -1.0619846465958465e-06, -9.340853928914496e-07, -1.1887870104316891e-06]
A2: [0.1666492102244725, -0.16668473758004243, -1.871352556629643e-05, -1.746763548560851e-05] - [0.16658213141811054, 0.333245925642097, -9.034433949253935e-05, -8.457911182307785e-05] - [0.16664045880725184, 0.8333062602457634, -2.7938246129284355e-05, -2.621859705512253e-05] - [3.3849324013314682e-06, 3.4883597689060666e-06, 3.5820844097442303e-06, 3.3849305353568345e-06]
B1: 0.16671256559009212 - 0.6666296193310629 - 0.1665829955230306 - 5.140971051860171e-05
B2: 0.16670602844373103 - 0.6667183809190064 - 0.16673236649819084 - 3.963910838968951e-05
