Number: 2767
Error: 4.141915239173579e-06
A1: [-1.1327175792509186e-05, -1.0997213238876877e-05, -9.368992454940428e-06, -1.1093849642543764e-05] - [0.20830119083952028, 0.3333008482020483, -0.04169368670112232, -3.1114446120812005e-05] - [0.16665278896872496, 0.6666532896356779, 0.16665539258734688, -1.3589805688375694e-05] - [-5.256639383122953e-06, -4.6928948444486e-06, -4.128937501812695e-06, -5.252160652529918e-06]
A2: [0.1666903335484391, -0.16664224053588636, 2.477248731552258e-05, 2.361748169736903e-05] - [0.16669459235177866, 0.33336222508570895, 2.84241503393741e-05, 2.7731995519413632e-05] - [0.16665078637433137, 0.8333169846748839, -1.7103164285049708e-05, -1.592773729874188e-05] - [1.4857894017807806e-05, 1.5312010665392294e-05, 1.572357818031487e-05, 1.4857891921148636e-05]
B1: 0.16662586378403801 - 0.6665690086630351 - 0.1666718566227633 - -1.323750325899113e-05
B2: 0.16661671965200267 - 0.6665932505847005 - 0.16657951975431187 - -4.87438347361001e-05
