Number: 1499
Error: 3.4438630627783295e-06
A1: [-6.902407019400643e-06, -6.3578638819364876e-06, -5.110432221969415e-06, -6.775543618827312e-06] - [0.20831262488488875, 0.3333139411435137, -0.04168159814700477, -2.0149510610380993e-05] - [0.1666582724703495, 0.666658927575959, 0.16666045030815893, -8.237682061014573e-06] - [-2.8440033277624505e-06, -2.5388813539508237e-06, -2.2336028871831536e-06, -2.8415731865260896e-06]
A2: [0.16668304737966472, -0.1666498238521001, 1.7071488597751064e-05, 1.6353981349534042e-05] - [0.16669452774099125, 0.33336191374762897, 2.8488019090648796e-05, 2.7756283497132857e-05] - [0.1666608761267974, 0.8333273364241097, -6.366083077001167e-06, -5.816202735374505e-06] - [8.052788094890732e-06, 8.298897129155117e-06, 8.52193126887042e-06, 8.052784903218396e-06]
B1: 0.16663869516169866 - 0.6666164551148908 - 0.166680729234273 - -1.2992075439412489e-05
B2: 0.16663126362270583 - 0.6666164889000623 - 0.16660815289255732 - -3.4749198493580556e-05
