Number: 1077
Error: 3.2084541306398683e-06
A1: [-5.451462258477414e-06, -4.836794627413284e-06, -3.7173997724147503e-06, -5.360012762893218e-06] - [0.2083163426528733, 0.33331820578575616, -0.04167767303587113, -1.6587789646260752e-05] - [0.1666600754379099, 0.6666607806353845, 0.16666210892209665, -6.478423508916016e-06] - [-2.0409906957071648e-06, -1.8219402878109466e-06, -1.6027672226072274e-06, -2.039245016896784e-06]
A2: [0.16668061453939267, -0.16665235536503326, 1.4501052847045302e-05, 1.392868553363841e-05] - [0.1666944812263116, 0.3333617857916703, 2.8485655343615484e-05, 2.773935236287259e-05] - [0.16666422929381378, 0.833330776894109, -2.7972631095195033e-06, -2.455788396226805e-06] - [5.787640736707606e-06, 5.9645116942463634e-06, 6.124795377279816e-06, 5.787637979578426e-06]
B1: 0.16664299418683098 - 0.6666322609667897 - 0.16668368235230493 - -1.2881937540261504e-05
B2: 0.16663624504268623 - 0.6666242957585061 - 0.1666176831519553 - -2.9950595064143695e-05
