Number: 45
Error: 2.6031631272254184e-06
A1: [-2.0478440207166933e-06, -1.2724245592249395e-06, -4.769197093792055e-07, -2.0428648423995417e-06] - [0.20832484481051647, 0.3333280027564921, -0.041668749047017124, -8.466687461031074e-06] - [0.16666433500233857, 0.6666651522095275, 0.1666659944108041, -2.3256180523527503e-06] - [-7.71185987791416e-08, -6.854865468341791e-08, -5.997262506489643e-08, -7.705272941240963e-08]
A2: [0.16667469689786507, -0.16665851149659489, 8.252477036456945e-06, 8.029495106376003e-06] - [0.16669454226188615, 0.33336165729646106, 2.8673474845581707e-05, 2.7872731817474397e-05] - [0.16667248438400287, 0.8333392474679441, 5.9890158130701185e-06, 5.817021814240066e-06] - [2.473823618347246e-07, 2.549047060457434e-07, 2.61718465778419e-07, 2.473822558968435e-07]
B1: 0.16665210477739964 - 0.6666696837676596 - 0.16668984244296692 - -1.4013898270076028e-05
B2: 0.16665045058473396 - 0.6666449460667168 - 0.16664205158638754 - -1.619213501806133e-05
