Number: 305
Error: 2.764462824663766e-06
A1: [-2.7935304679226816e-06, -2.0514448040766843e-06, -1.1671701858388796e-06, -2.7668731573965703e-06] - [0.2083231553931555, 0.33332601573594856, -0.04167048751533213, -1.0060536766792118e-05] - [0.16666337599559225, 0.6666641720975527, 0.16666514388550607, -3.257836223693833e-06] - [-5.718967029573704e-07, -5.103030876571924e-07, -4.486690582168852e-07, -5.714067605634962e-07]
A2: [0.1666761849540029, -0.16665696484311135, 9.820935347463867e-06, 9.512901904973956e-06] - [0.16669448532534523, 0.33336164345390473, 2.8575372073860766e-05, 2.7797566823630098e-05] - [0.1666703867145144, 0.8333370946710721, 3.7558844179769615e-06, 3.714887765806684e-06] - [1.6432808651572616e-06, 1.693471672515866e-06, 1.7389518747901563e-06, 1.643279901429946e-06]
B1: 0.1666500835127975 - 0.6666604732316587 - 0.16668845228164225 - -1.3455438544875177e-05
B2: 0.16664598294001384 - 0.6666392078825543 - 0.16663575128576213 - -2.054712281958155e-05
