Number: 2009
Error: 3.7260440107724536e-06
A1: [-8.694929238243148e-06, -8.237407104845605e-06, -6.837523705268025e-06, -8.525231658048962e-06] - [0.20830797440685508, 0.33330862058763144, -0.041686517559843296, -2.4611255145448682e-05] - [0.1666560539971941, 0.6666566462701944, 0.16665840167623616, -1.040329796806904e-05] - [-3.8144216675460836e-06, -3.405278752845723e-06, -2.9959485562537126e-06, -3.811166124834964e-06]
A2: [0.16668597894161713, -0.16664677266626562, 2.017011335863933e-05, 1.927642592964639e-05] - [0.16669456000782862, 0.3333620455141905, 2.8469135526127743e-05, 2.775279665324401e-05] - [0.1666568202156616, 0.8333231751632167, -1.0682297916757236e-05, -9.880873596919156e-06] - [1.0790061678191746e-05, 1.1119839660741655e-05, 1.141870652150185e-05, 1.0790058493328369e-05]
B1: 0.16663357519314353 - 0.6665974191730573 - 0.16667721545230732 - -1.3049681292648073e-05
B2: 0.1666254401746645 - 0.6666071286402198 - 0.16659658073351102 - -4.0351709596510925e-05
