Number: 2639
Error: 4.071977392743444e-06
A1: [-1.089054373881817e-05, -1.0539483165434953e-05, -8.950260807977026e-06, -1.0667954366000042e-05] - [0.2083023046984213, 0.33330212726173897, -0.041692511278914504, -3.0047901883597283e-05] - [0.16665333237454397, 0.6666538480651103, 0.16665589188735258, -1.3059650964416822e-05] - [-5.013105369697767e-06, -4.475467335842895e-06, -3.937619116520834e-06, -5.008832894508543e-06]
A2: [0.1666895975863846, -0.16664300640778232, 2.39948232540644e-05, 2.288380799816492e-05] - [0.16669458611572305, 0.33336219416339324, 2.8431329109994356e-05, 2.773473442620895e-05] - [0.1666518055458117, 0.8333180303195611, -1.6018594472887344e-05, -1.4906366501107938e-05] - [1.4171022942721359e-05, 1.4604144531499922e-05, 1.4996681502224337e-05, 1.4171020571918054e-05]
B1: 0.1666271900114647 - 0.6665738310182405 - 0.16667278731181806 - -1.318169421126586e-05
B2: 0.16661821660226897 - 0.6665955939750076 - 0.16658237478688623 - -4.730234328056374e-05
