Number: 1784
Error: 7.201736647546564e-06
A1: [-2.1888334592012157e-06, -2.378234606981734e-06, -1.7311394567978799e-06, -2.04307404750527e-06] - [0.20833650839942927, 0.3333343839702121, -0.041663998350332354, 3.816383799328312e-06] - [0.16666454011050683, 0.6666643142796786, 0.1666651209471659, -1.9469925034792662e-06] - [-3.3863228544709454e-06, -3.023063602635012e-06, -2.6596294338803873e-06, -3.3834312120633113e-06]
A2: [0.1666558538611812, -0.16667782383957172, -1.1693139647778575e-05, -1.0844642920087922e-05] - [0.16658222938460074, 0.3332462469207056, -9.036617270223715e-05, -8.456209487174568e-05] - [0.16663128369305544, 0.8332968464157211, -3.7703106667025596e-05, -3.5413541791916406e-05] - [9.579402039467938e-06, 9.872173458636218e-06, 1.0137499176946136e-05, 9.579398781849999e-06]
B1: 0.16670110047988665 - 0.6665866710078369 - 0.16657517992453474 - 5.1399896544983354e-05
B2: 0.16669239274978678 - 0.6666968951587521 - 0.16670604011974005 - 2.650365338648618e-05
