Number: 1972
Error: 7.097660135363047e-06
A1: [-2.8391885610388527e-06, -3.0600778048675753e-06, -2.356193485998626e-06, -2.6776490261263233e-06] - [0.2083348362511241, 0.33333246716851583, -0.04166576491696796, 2.21376902400751e-06] - [0.1666637327381606, 0.666663484355511, 0.16666437740328086, -2.7348900652325755e-06] - [-3.744135894317271e-06, -3.3425214414218765e-06, -2.940721704259077e-06, -3.740940078870038e-06]
A2: [0.1666569363700614, -0.16667669730723883, -1.054921314070169e-05, -9.765497186043447e-06] - [0.16658224621279127, 0.33324630025354707, -9.036862137144617e-05, -8.455845545161003e-05] - [0.16662978913535606, 0.8332953130078943, -3.929366721327311e-05, -3.691133084957735e-05] - [1.058842806935892e-05, 1.0912041790858888e-05, 1.1205321543383894e-05, 1.0588424866346809e-05]
B1: 0.1666991750941203 - 0.6665796175154075 - 0.16657385021571494 - 5.1340644866805835e-05
B2: 0.16669021274904652 - 0.6666934439140331 - 0.16670180815331526 - 2.4405151862803156e-05
