Number: 1696
Error: 7.250579815675221e-06
A1: [-1.8706297029540207e-06, -2.0445184601839113e-06, -1.42323310806927e-06, -1.7322700367162947e-06] - [0.20833734661197906, 0.33333533981377783, -0.041663109719927593, 4.621995350981492e-06] - [0.16666493195755402, 0.6666647174638142, 0.16666548447729834, -1.5642748602852234e-06] - [-3.2188366371595922e-06, -2.873531093266323e-06, -2.5280559983893156e-06, -3.2160874616423785e-06]
A2: [0.16665534932193501, -0.1666783491017095, -1.2226665428492413e-05, -1.1347607929090852e-05] - [0.16658222695117772, 0.33324622709543017, -9.036020719513461e-05, -8.455835494868253e-05] - [0.16663198382009625, 0.8332975646915773, -3.695811694060223e-05, -3.471190227219633e-05] - [9.10707936748313e-06, 9.385413574811031e-06, 9.637654257593658e-06, 9.107076111545581e-06]
B1: 0.1667019560988515 - 0.6665899285698769 - 0.16657575976055844 - 5.13819592014738e-05
B2: 0.16669336757953662 - 0.6666985079998015 - 0.1667080637190006 - 2.7440336379666737e-05
