Number: 246
Error: 8.077026129705188e-06
A1: [3.113404334010241e-06, 3.1790143714125712e-06, 3.358868631837827e-06, 3.1300762163801408e-06] - [0.20835010980694849, 0.33334997673137556, -0.04164964493233832, 1.6848999344929493e-05] - [0.16667112462620698, 0.666671080855768, 0.16667117828407363, 4.478199403622447e-06] - [-4.5882556048669473e-07, -4.093489603717472e-07, -3.5983957011050577e-07, -4.5843249009576776e-07]
A2: [0.1666470133039528, -0.16668702345712533, -2.103400168632096e-05, -1.9657686501021105e-05] - [0.16658216791993177, 0.3332458910793928, -9.026167608608216e-05, -8.451567621403907e-05] - [0.16664353252205755, 0.8333094140907571, -2.4666960421293273e-05, -2.3138285215536492e-05] - [1.3234429820078454e-06, 1.3638570852249777e-06, 1.4004775155275595e-06, 1.3234422081257837e-06]
B1: 0.16671582098936602 - 0.6666434153343291 - 0.1665851639220983 - 5.085375302229038e-05
B2: 0.1667112640667363 - 0.6667261004928692 - 0.16674155937719043 - 4.4708281624322556e-05
