Number: 1466
Error: 7.378474840856442e-06
A1: [-1.0753712075703007e-06, -1.2107695901406968e-06, -6.589961587461613e-07, -9.56317230249041e-07] - [0.20833939069639829, 0.3333376830724332, -0.041660950404251856, 6.58101222664668e-06] - [0.1666659192919891, 0.6666657323544997, 0.1666663936489114, -6.007668162870732e-07] - [-2.7810729599666486e-06, -2.482691516567674e-06, -2.1841560947885927e-06, -2.77869642360527e-06]
A2: [0.16665402399438559, -0.16667972827952457, -1.3627112382105595e-05, -1.2668820976731457e-05] - [0.16658220283265865, 0.3332461583531202, -9.036066468442788e-05, -8.456633889308303e-05] - [0.16663381144132738, 0.833299439850723, -3.501302886483311e-05, -3.288032818107102e-05] - [7.872563263893383e-06, 8.113162621636687e-06, 8.331203213934155e-06, 7.872560094471013e-06]
B1: 0.1667043074603197 - 0.6665985513554091 - 0.16657737738367262 - 5.1450234995668585e-05
B2: 0.1666960467280226 - 0.6667027410811713 - 0.16671325052905128 - 3.0019780582486477e-05
