Number: 1195
Error: 3.274513805696131e-06
A1: [-5.852849037540472e-06, -5.257533793796463e-06, -4.102080462405506e-06, -5.751501077100793e-06] - [0.20831532055766702, 0.3333170318022699, -0.04167875104825634, -1.756626723424677e-05] - [0.1666595756806596, 0.6666602671288544, 0.1666616500458541, -6.965962693320717e-06] - [-2.2655331560085946e-06, -2.022415450020675e-06, -1.7791648560329907e-06, -2.26359595086191e-06]
A2: [0.1666812955216619, -0.1666516468358765, 1.5220419520857821e-05, 1.460755818062278e-05] - [0.16669449592873103, 0.3333618231386941, 2.8487751818847155e-05, 2.7745782646754614e-05] - [0.16666329182650852, 0.8333298149953798, -3.795070820844628e-06, -3.3952821296791063e-06] - [6.421039978935152e-06, 6.617271895180449e-06, 6.795102144009397e-06, 6.421037060407799e-06]
B1: 0.1666417866485529 - 0.6666278362343799 - 0.16668285195295632 - -1.2918180669683303e-05
B2: 0.16663482883385383 - 0.6666221030655436 - 0.16661502290501568 - -3.131568413978041e-05
