Number: 2140
Error: 7.004876173211384e-06
A1: [-3.418288918181966e-06, -3.6672013788386015e-06, -2.9124557961127102e-06, -3.2426502396416723e-06] - [0.20833335030264094, 0.33333076305345405, -0.041667334323709795, 7.8994826612617e-07] - [0.16666301334422734, 0.6666627449241377, 0.16666371527479634, -3.4368835458149135e-06] - [-4.063878428748523e-06, -3.627989231280984e-06, -3.1919067461780345e-06, -4.0604110221833925e-06]
A2: [0.16665790357916224, -0.1666756907755025, -9.527154688285e-06, -8.80129344471712e-06] - [0.16658226032252507, 0.33324634694187666, -9.037182227702557e-05, -8.455613170299391e-05] - [0.16662845322910208, 0.8332939423800839, -4.0715372375360316e-05, -3.825012487470083e-05] - [1.149008028749697e-05, 1.1841254228488176e-05, 1.2159513738232194e-05, 1.1490077200380935e-05]
B1: 0.16669744787908794 - 0.6665733067498234 - 0.16657265318521033 - 5.128100924690138e-05
B2: 0.1666882603717416 - 0.6666903619540892 - 0.1666980352995275 - 2.2525604937011988e-05
