Number: 1668
Error: 7.266086267347384e-06
A1: [-1.7900748337026872e-06, -1.9601907963215095e-06, -1.3482802681001272e-06, -1.6540498299404395e-06] - [0.20833752996890692, 0.3333355559159275, -0.04166291968507998, 4.7950589660956585e-06] - [0.1666650357221725, 0.6666648236607567, 0.16666557688239125, -1.4633950733496803e-06] - [-3.1655405889125855e-06, -2.825947332044604e-06, -2.486186299896875e-06, -3.1628367603304174e-06]
A2: [0.1666551852399496, -0.1666785196021376, -1.2399610885269014e-05, -1.1511189014731095e-05] - [0.1665822169153934, 0.33324621198860416, -9.03666206983934e-05, -8.456642648642845e-05] - [0.16663220550306382, 0.8332977922052844, -3.6722044148882065e-05, -3.448973806911044e-05] - [8.956793591009505e-06, 9.230534070452608e-06, 9.478611292009993e-06, 8.956790339284163e-06]
B1: 0.16670229600684294 - 0.6665910296533788 - 0.16657600575436018 - 5.144397235349854e-05
B2: 0.16669374876495324 - 0.6666990276661676 - 0.16670864601975477 - 2.78093821645061e-05
