Number: 994
Error: 7.6428899359487e-06
A1: [5.538159014050288e-07, 4.971613939747758e-07, 9.06030670995129e-07, 6.332525740395408e-07] - [0.20834357383502491, 0.33334247918651855, -0.041656532776922675, 1.0589585276152084e-05] - [0.16666794250508374, 0.6666678118766228, 0.16666825595817153, 1.373550244711408e-06] - [-1.8826719267382049e-06, -1.680587383652588e-06, -1.4783878919398831e-06, -1.881061365659293e-06]
A2: [0.16665130310897056, -0.1666825596015385, -1.6502005492659254e-05, -1.538126268540629e-05] - [0.16658215062961193, 0.33324601485315425, -9.036375537813373e-05, -8.458543249584605e-05] - [0.16663756166651716, 0.8333032876947386, -3.102162098904685e-05, -2.9121991997887857e-05] - [5.3389567993344575e-06, 5.502112350874582e-06, 5.649966061104149e-06, 5.3389541773682e-06]
B1: 0.16670908469444545 - 0.6666161980234968 - 0.16658064680700263 - 5.154210351774878e-05
B2: 0.166701615033914 - 0.6667114889683408 - 0.16672394556191647 - 3.538348148448947e-05
