Number: 431
Error: 2.8394144396171895e-06
A1: [-3.231035082051552e-06, -2.5097218308608604e-06, -1.5870463736461199e-06, -3.1937991828051442e-06] - [0.20832202919447373, 0.3333247268125395, -0.041671674485324786, -1.1140126584778851e-05] - [0.16666283386806954, 0.6666636151239296, 0.16666464509224935, -3.786907709954038e-06] - [-8.116765104083114e-07, -7.243843109510138e-07, -6.37036371973076e-07, -8.10981281710798e-07]
A2: [0.1666769018300627, -0.1666562187167356, 1.0578496101241114e-05, 1.0227525367142258e-05] - [0.1666944601120274, 0.3333616416549964, 2.853527849149039e-05, 2.776352165305777e-05] - [0.16666937561068254, 0.8333360572640651, 2.6799483001223258e-06, 2.701620732161076e-06] - [2.3197491131859015e-06, 2.3906174978576186e-06, 2.4548361287380172e-06, 2.319747773856895e-06]
B1: 0.1666491057879644 - 0.6666560290692914 - 0.16668781549580183 - -1.3182590576771918e-05
B2: 0.16664427247345792 - 0.6666366426105296 - 0.16663266057314477 - -2.220300908368902e-05
