Number: 2670
Error: 6.7133235895361605e-06
A1: [-5.28161071000867e-06, -5.62097277719896e-06, -4.7078237676744e-06, -5.061459359418244e-06] - [0.20832851578430528, 0.33332523202044545, -0.041672448656427594, -3.8484356222334975e-06] - [0.16666070703838431, 0.6666603733334944, 0.16666158546589535, -5.688263302386567e-06] - [-5.0725438639527635e-06, -4.5285259667994165e-06, -3.984297309863361e-06, -5.068221040725167e-06]
A2: [0.1666609454198724, -0.16667252457872916, -6.311647360800549e-06, -5.76893387736549e-06] - [0.16658227630362676, 0.33324646651342094, -9.040876227257299e-05, -8.457733423503544e-05] - [0.16662423385237107, 0.8332896135651854, -4.520521780798521e-05, -4.247861290687528e-05] - [1.4334389594046577e-05, 1.4772503301226584e-05, 1.5169565190555339e-05, 1.4334387287365701e-05]
B1: 0.166692125505245 - 0.666553510303902 - 0.1665689743802066 - 5.1219395044984096e-05
B2: 0.16668223757070103 - 0.666680661979347 - 0.16668603587560832 - 1.6732567838811902e-05
