Number: 2162
Error: 6.992688065513388e-06
A1: [-3.515802614129478e-06, -3.7696027899816647e-06, -3.009414453646056e-06, -3.3382968748334145e-06] - [0.20833306838925633, 0.3333304476658977, -0.041667636974031405, 5.162541874889756e-07] - [0.16666289722717023, 0.6666626249525497, 0.16666360419587123, -3.55070104722686e-06] - [-4.1057435059035615e-06, -3.665365642866557e-06, -3.2247935321321345e-06, -4.102240554736156e-06]
A2: [0.16665802650340966, -0.16667556251857668, -9.396671619242398e-06, -8.678762748670994e-06] - [0.16658225239443272, 0.33324634376378737, -9.038102393819987e-05, -8.456560319846442e-05] - [0.1666282771341961, 0.8332937617968427, -4.090258249941838e-05, -3.842659795111328e-05] - [1.1608152064971195e-05, 1.1962934993280777e-05, 1.228446560964614e-05, 1.1608148997730394e-05]
B1: 0.16669729291195415 - 0.6665725482747471 - 0.16657256107570936 - 5.13444725385795e-05
B2: 0.16668807889248255 - 0.6666899649531746 - 0.1666974765149018 - 2.235366043500754e-05
