Number: 1833
Error: 3.6289158811119193e-06
A1: [-8.08248801198165e-06, -7.595277207576621e-06, -6.248345059369685e-06, -7.92756627134536e-06] - [0.2083095545151864, 0.3333104305633975, -0.04168484738842728, -2.309625402120438e-05] - [0.16665681337448035, 0.6666574269856792, 0.16665910175451756, -9.662155129607358e-06] - [-3.4795374931153043e-06, -3.1062917599834278e-06, -2.7328681281280465e-06, -3.4765665751182474e-06]
A2: [0.1666849666358486, -0.1666478262035765, 1.9100257167874327e-05, 1.826726658739832e-05] - [0.1666945476799212, 0.33336199897628177, 2.8474719767651973e-05, 2.7752807714306695e-05] - [0.16665821995968513, 0.8333246112771342, -9.192694466954869e-06, -8.478106395775219e-06] - [9.845467360204012e-06, 1.0146372422408594e-05, 1.0419070085809494e-05, 9.845464107019683e-06]
B1: 0.166635363987739 - 0.6666040104886805 - 0.16667845039378607 - -1.300785900781031e-05
B2: 0.16662746668323736 - 0.6666103565485445 - 0.1666005517694889 - -3.8401448517766994e-05
