Number: 1892
Error: 7.141933670093822e-06
A1: [-2.55429020798185e-06, -2.7613218247823625e-06, -2.0811446227386023e-06, -2.3994733882012526e-06] - [0.20833558064100238, 0.33333331751257783, -0.041664976656484574, 2.928538833337483e-06] - [0.16666408454028497, 0.6666638462174037, 0.16666470297114389, -2.3913828870159547e-06] - [-3.591877813625261e-06, -3.206584819194639e-06, -2.8211107701126337e-06, -3.5888113993875652e-06]
A2: [0.16665647718162208, -0.16667717529818082, -1.1034678723717467e-05, -1.0223254502744109e-05] - [0.16658224291064236, 0.3332462812343982, -9.03640967793208e-05, -8.455614532476922e-05] - [0.16663042559573485, 0.8332959659778993, -3.8616400458573214e-05, -3.627349540021665e-05] - [1.0159059542120787e-05, 1.0469549028843841e-05, 1.0750933518643806e-05, 1.015905630614953e-05]
B1: 0.16669996784694985 - 0.6665825937996054 - 0.16657439222654596 - 5.1339279337075895e-05
B2: 0.16669111200527034 - 0.6666949095478397 - 0.16670363282727257 - 2.5269728309835392e-05
