Number: 1251
Error: 3.3057775958140926e-06
A1: [-6.038024750102367e-06, -5.4515993965197085e-06, -4.278739657842681e-06, -5.931984344094548e-06] - [0.20831485687914472, 0.3333164972270789, -0.04167923889310618, -1.8009266445260044e-05] - [0.16665934387070278, 0.6666600290917388, 0.16666143823224086, -7.191979467850752e-06] - [-2.3720950299887363e-06, -2.117555711166115e-06, -1.8628788594633055e-06, -2.3700669679087017e-06]
A2: [0.16668161962758155, -0.16665130969930353, 1.5562654287434532e-05, 1.4930662885645654e-05] - [0.1666945053984631, 0.33336184324716767, 2.8491015631402648e-05, 2.7751326424537613e-05] - [0.16666284723758856, 0.8333293588001786, -4.268320574385363e-06, -3.8408328090914716e-06] - [6.721628204632867e-06, 6.927048123602975e-06, 7.113205403473646e-06, 6.721625220268729e-06]
B1: 0.16664119329207233 - 0.6666257169887463 - 0.1666824393807959 - -1.2955684613504519e-05
B2: 0.16663414129471352 - 0.6666210635621185 - 0.1666137789506086 - -3.197896152563739e-05
