Number: 1069
Error: 3.203950193818984e-06
A1: [-5.418151530542964e-06, -4.801830002255012e-06, -3.684538090355227e-06, -5.327378965157031e-06] - [0.20831643650388, 0.33331831131133643, -0.04167757264040449, -1.649691929558021e-05] - [0.16666011548081458, 0.6666608219561179, 0.16666214688455006, -6.439214856123329e-06] - [-2.025767550188322e-06, -1.8083489936712773e-06, -1.5908084950879143e-06, -2.0240348597956832e-06]
A2: [0.16668056941677403, -0.16665240240635984, 1.4453222712436643e-05, 1.388370589595726e-05] - [0.16669448297695233, 0.3333617858731426, 2.848798442722367e-05, 2.774166364926555e-05] - [0.16666429317408515, 0.8333308424147521, -2.729325163852899e-06, -2.3917707847177203e-06] - [5.7446946621436845e-06, 5.920252901491713e-06, 6.079346894416659e-06, 5.744691917078558e-06]
B1: 0.166643055582172 - 0.6666325414080609 - 0.16668372003561926 - -1.2899969084530802e-05
B2: 0.16663632065748057 - 0.6666244430209709 - 0.16661788216375423 - -2.9878444504102296e-05
