Number: 2925
Error: 4.2281161043945905e-06
A1: [-1.1870630838020456e-05, -1.1566961795240938e-05, -9.890854005169454e-06, -1.162404737539755e-05] - [0.2082997978394041, 0.33329925026932006, -0.04169515772169357, -3.2449025379677886e-05] - [0.16665211366931723, 0.6666525955370619, 0.16665477121989794, -1.424874434689148e-05] - [-5.557246834123105e-06, -4.961276990501116e-06, -4.365092056862604e-06, -5.552513675328269e-06]
A2: [0.16669124081110798, -0.16664129631670793, 2.5731302320135914e-05, 2.452191971527441e-05] - [0.16669459642866521, 0.3333622597316786, 2.8411871226201516e-05, 2.7724993859118383e-05] - [0.1666495277034993, 0.8333156933377822, -1.8442536985171394e-05, -1.718912301312233e-05] - [1.570572996517644e-05, 1.618576171423614e-05, 1.6620819784897345e-05, 1.5705728257446094e-05]
B1: 0.16662424315519478 - 0.6665630706810037 - 0.16667072048755346 - -1.3289966234561628e-05
B2: 0.16661488798749244 - 0.66659036010004 - 0.1665759829454492 - -5.050704285833039e-05
