Number: 1557
Error: 3.4760853956947687e-06
A1: [-7.113806263384838e-06, -6.579581084643733e-06, -5.315232374382843e-06, -6.9820641824570635e-06] - [0.20831206563850344, 0.33331330399575987, -0.04168219136854785, -2.068726381679114e-05] - [0.16665801255413118, 0.666658660088211, 0.1666602088570883, -8.491579528417226e-06] - [-2.9543667512194356e-06, -2.6374146991177693e-06, -2.320302097679328e-06, -2.9518426429369838e-06]
A2: [0.16668337965853094, -0.1666494779063347, 1.742289512767054e-05, 1.6685223390637582e-05] - [0.16669452867417378, 0.3333619261582119, 2.8483467937100558e-05, 2.775315090869933e-05] - [0.16666041462684283, 0.8333268629619014, -6.857147243830402e-06, -6.278698765893685e-06] - [8.364103353731894e-06, 8.619728231301052e-06, 8.851386785844466e-06, 8.364100133437075e-06]
B1: 0.16663813889416512 - 0.6666143155475163 - 0.16668035430102682 - -1.2972592844374053e-05
B2: 0.16663062485582286 - 0.6666154244128867 - 0.1666068120710659 - -3.5362841611403294e-05
