Number: 683
Error: 2.9854428574819e-06
A1: [-4.079478305681004e-06, -3.3985843054313643e-06, -2.39798517297908e-06, -4.0211107845971935e-06] - [0.2083198828182045, 0.33332225962296075, -0.04167393314184773, -1.3193386452370004e-05] - [0.16666177598263643, 0.6666625287377707, 0.16666367625216175, -4.818706935066091e-06] - [-1.2912305964840184e-06, -1.1525412182246187e-06, -1.0137677479008212e-06, -1.290125198232556e-06]
A2: [0.16667834904391435, -0.16665471300193513, 1.2107044613948865e-05, 1.1670233836458726e-05] - [0.16669445888601242, 0.33336168756663703, 2.850477627931352e-05, 2.7744630777877356e-05] - [0.16666736446037753, 0.833333993659012, 5.394051574519059e-07, 6.861435768314338e-07] - [3.672601411970203e-06, 3.784822336031852e-06, 3.886516086904625e-06, 3.6725994147561903e-06]
B1: 0.16664679776156177 - 0.6666468219636242 - 0.16668625668348935 - -1.2989363515696948e-05
B2: 0.1666409715211584 - 0.6666317129391778 - 0.16662676452149666 - -2.5394793509071704e-05
