Number: 3065
Error: 4.304406814600463e-06
A1: [-1.2369150775276666e-05, -1.208973255015238e-05, -1.0372146624582598e-05, -1.2110804234107833e-05] - [0.20829849514904927, 0.3332977621524683, -0.04169653722629147, -3.3699885360676974e-05] - [0.16665149815003635, 0.6666519623963096, 0.1666542015587803, -1.4849750712542943e-05] - [-5.823601232137653e-06, -5.199076777876704e-06, -4.574336079858493e-06, -5.818642787993726e-06]
A2: [0.16669204144763156, -0.16664046279144556, 2.657791225066916e-05, 2.5320053515411664e-05] - [0.16669459105843273, 0.33336228182403216, 2.8392785859662753e-05, 2.7709807492839726e-05] - [0.16664841120064816, 0.8333145479356446, -1.9630453435279524e-05, -1.8308031459457755e-05] - [1.645696491182017e-05, 1.6959958975090484e-05, 1.7415831379986964e-05, 1.6456963595406954e-05]
B1: 0.1666228640673907 - 0.6665578625687268 - 0.1666697635610911 - -1.3279510114467451e-05
B2: 0.1666133239681202 - 0.6665878049529732 - 0.16657279924818563 - -5.201040954408988e-05
