Number: 2626
Error: 6.737498296470106e-06
A1: [-5.11055814013349e-06, -5.4414923386504835e-06, -4.540574768822927e-06, -4.894117757949989e-06] - [0.20832898305168213, 0.3333257608131047, -0.041671950756367385, -3.3975139527557455e-06] - [0.16666091504095942, 0.6666605876846486, 0.16666178067409243, -5.484836254152808e-06] - [-4.9888124624841895e-06, -4.45377152548834e-06, -3.918520830425635e-06, -4.98456057083487e-06]
A2: [0.16666069587623225, -0.1666727845841485, -6.575892077801539e-06, -6.017690412246227e-06] - [0.16658228299425484, 0.3332464642396967, -9.039842759038749e-05, -8.456755658290115e-05] - [0.16662458516897186, 0.8332899739231356, -4.4831537907135566e-05, -4.212653983605615e-05] - [1.4098268867019748e-05, 1.4529165304899957e-05, 1.4919685288375693e-05, 1.4098266471594068e-05]
B1: 0.16669251304882127 - 0.6665551023988192 - 0.16656923138910493 - 5.117016115335455e-05
B2: 0.16668268115350568 - 0.666681461860833 - 0.16668708048004646 - 1.715707789645865e-05
