Number: 1035
Error: 3.184874387120074e-06
A1: [-5.306534034177717e-06, -4.684866512660715e-06, -3.5781945044626632e-06, -5.218609722708938e-06] - [0.20831671474057326, 0.3333186323862525, -0.04167728014436638, -1.6231234862841043e-05] - [0.16666025539557716, 0.6666609656003119, 0.16666227455537916, -6.30281669333421e-06] - [-1.961068283727525e-06, -1.750584260171985e-06, -1.5399813656430049e-06, -1.9593908008323127e-06]
A2: [0.1666803725556578, -0.16665260716858726, 1.4245375777142886e-05, 1.3687452666966925e-05] - [0.1666944771345426, 0.333361773604151, 2.8485975299622065e-05, 2.7738204824569182e-05] - [0.16666456313544464, 0.8333311194286372, -2.441951125914179e-06, -2.1212255279461537e-06] - [5.562188798942305e-06, 5.732168418381142e-06, 5.886206628416095e-06, 5.5621861067159225e-06]
B1: 0.1666434143769016 - 0.6666338267611562 - 0.16668396929153179 - -1.287865520360244e-05
B2: 0.1666367446166754 - 0.6666250781118711 - 0.16661863867019439 - -2.9469215611539675e-05
