Number: 3030
Error: 6.5164118654604566e-06
A1: [-6.515535477186148e-06, -6.914547905687183e-06, -5.8920259295961765e-06, -6.265180904843042e-06] - [0.2083253596913174, 0.33332160999738053, -0.04167578048758852, -6.871431077894212e-06] - [0.1666591725577058, 0.6666587963069267, 0.16666017444908968, -7.185469320704821e-06] - [-5.757652909921529e-06, -5.140190067670118e-06, -4.522511310383317e-06, -5.752750230901642e-06]
A2: [0.16666301409362816, -0.166670371711368, -4.12556665018801e-06, -3.7067001233721847e-06] - [0.1665822902954235, 0.33324655015414195, -9.043216378210821e-05, -8.458860074122071e-05] - [0.16662136680737463, 0.8332866720990763, -4.825615284527857e-05, -4.5351847646335636e-05] - [1.6266208464152092e-05, 1.6763370321379798e-05, 1.721395598810031e-05, 1.6266207046494373e-05]
B1: 0.16668841442379137 - 0.6665399646709687 - 0.16656637267733176 - 5.1081438064347676e-05
B2: 0.1666780471173096 - 0.6666740726719731 - 0.16667798896390315 - 1.2698190366501377e-05
