Number: 1260
Error: 7.493508375498186e-06
A1: [-3.558630989438082e-07, -4.5639777481404626e-07, 3.3504399494545426e-08, -2.541076098174518e-07] - [0.2083412505520145, 0.3333398124525105, -0.04165898421123721, 8.364648157454706e-06] - [0.16666681088807322, 0.6666666490258605, 0.16666721602224024, 2.694813245663992e-07] - [-2.3889814564155425e-06, -2.132627901638531e-06, -1.8761362262586392e-06, -2.386939012531811e-06]
A2: [0.16665283785276777, -0.16668096270414323, -1.488064077126833e-05, -1.3851277424707064e-05] - [0.16658218330944888, 0.3332460987430988, -9.035924271209403e-05, -8.457141155016458e-05] - [0.16663544847489573, 0.8333011194530447, -3.327080536239581e-05, -3.123975448678909e-05] - [6.766821073282371e-06, 6.973621678311467e-06, 7.161030244474442e-06, 6.766818081881049e-06]
B1: 0.1667063790608943 - 0.6666062403897428 - 0.1665787924265151 - 5.147693829477225e-05
B2: 0.16669843422329284 - 0.6667065427964746 - 0.16671793008102154 - 3.231797764732754e-05
