Number: 3061
Error: 4.302192686662898e-06
A1: [-1.2340530433167992e-05, -1.2059611742886173e-05, -1.0342403681530224e-05, -1.2082533759540023e-05] - [0.20829859027319098, 0.33329786582744436, -0.04169643340307647, -3.360629755831279e-05] - [0.1666515302619767, 0.6666519958279884, 0.1666542339926643, -1.4818067335174897e-05] - [-5.815993455805096e-06, -5.192285356434441e-06, -4.568361035133414e-06, -5.811041444005401e-06]
A2: [0.16669202101894393, -0.16664048428130113, 2.655592015024947e-05, 2.5299696225985985e-05] - [0.16669459760265704, 0.3333622872638058, 2.8399062973560554e-05, 2.7716631764796473e-05] - [0.16664844383886934, 0.8333145813608416, -1.9595855002370954e-05, -1.8275324605167287e-05] - [1.6435493642748465e-05, 1.6937831436659288e-05, 1.7393108959947884e-05, 1.6435492314510208e-05]
B1: 0.16662285635954457 - 0.6665579663799613 - 0.16666974802254672 - -1.332695920658619e-05
B2: 0.16661331952224623 - 0.6665878736420261 - 0.16657293319144098 - -5.2016583591403946e-05
