Number: 3047
Error: 4.294593042369933e-06
A1: [-1.2300263599989668e-05, -1.2017458271073067e-05, -1.0304936175915323e-05, -1.2043434038548922e-05] - [0.208298681937538, 0.3332979738657401, -0.041696338393584415, -3.351977924372429e-05] - [0.16665158212955886, 0.6666520489135267, 0.16665428018639408, -1.4767641753477985e-05] - [-5.789356649755092e-06, -5.16850366997834e-06, -4.547434549023942e-06, -5.784427161948152e-06]
A2: [0.16669193934202609, -0.16664056916605924, 2.646981251468856e-05, 2.5218269652399786e-05] - [0.1666945939468034, 0.33336228107493454, 2.8397217904381313e-05, 2.771395780926827e-05] - [0.16664855501370465, 0.8333146954514166, -1.9477485363095628e-05, -1.8163909139016706e-05] - [1.6360376112837732e-05, 1.686041784395356e-05, 1.7313614072942467e-05, 1.6360374743642404e-05]
B1: 0.16662302563016707 - 0.666558517188731 - 0.16666987235715658 - -1.3296615476267312e-05
B2: 0.16661350862175978 - 0.6665881319751523 - 0.1665732228479381 - -5.183355254868224e-05
