Number: 2951
Error: 4.242317338728713e-06
A1: [-1.1972797907390262e-05, -1.1674171143327737e-05, -9.990898503884553e-06, -1.172402067203345e-05] - [0.20829951730819496, 0.3332989331327439, -0.041695456855237734, -3.271989393049618e-05] - [0.16665198967438702, 0.666652467725309, 0.16665465465337007, -1.4370034718637212e-05] - [-5.6067114974585105e-06, -5.005438316202099e-06, -4.4039497684464884e-06, -5.6019364904383155e-06]
A2: [0.1666913879023474, -0.16664114303643432, 2.5887098243922727e-05, 2.4668546234835777e-05] - [0.16669459129580935, 0.3333622599125512, 2.8404631017856248e-05, 2.771803829728133e-05] - [0.16664931989173734, 0.8333154801848887, -1.8663557704694076e-05, -1.7397381453473473e-05] - [1.584525164716257e-05, 1.6329548016295506e-05, 1.6768471755191778e-05, 1.5845250008825916e-05]
B1: 0.1666240182849239 - 0.6665621333834872 - 0.16667057138519326 - -1.3256750233543729e-05
B2: 0.16661463024946657 - 0.6665898884172775 - 0.16657536300137857 - -5.075351998530135e-05
