Number: 2604
Error: 6.749562165875319e-06
A1: [-5.037011913847803e-06, -5.364405304120247e-06, -4.470276353549318e-06, -4.822415547712162e-06] - [0.20832916842801324, 0.3333259742415171, -0.041671755483848605, -3.220264300758718e-06] - [0.16666100693455266, 0.6666606820725062, 0.1666618648106346, -5.395218852680346e-06] - [-4.9469431482965245e-06, -4.416390498786232e-06, -3.885628622310249e-06, -4.942726731107529e-06]
A2: [0.16666056905009785, -0.16667291653984598, -6.709860814642691e-06, -6.144122989260141e-06] - [0.16658228097256972, 0.33324645800328323, -9.039807815968524e-05, -8.456803475034084e-05] - [0.16662476019786668, 0.833290153505077, -4.464526080918499e-05, -4.1951132709017493e-05] - [1.3980208025505233e-05, 1.440749579243671e-05, 1.4794744799297578e-05, 1.3980205587351957e-05]
B1: 0.16669274611925 - 0.6665559359570888 - 0.1665693956136473 - 5.118487470431667e-05
B2: 0.16668294394442434 - 0.6666818654443464 - 0.1666875670166429 - 1.7410330755955283e-05
