Number: 2132
Error: 7.009243929364243e-06
A1: [-3.408972205484817e-06, -3.6575758684713396e-06, -2.906277467429789e-06, -3.2339874218216735e-06] - [0.20833334751363078, 0.3333307665234624, -0.04166734139658729, 7.842711997582492e-07] - [0.16666302914688672, 0.6666627606447882, 0.16666372627864875, -3.4218918115879326e-06] - [-4.048648063670536e-06, -3.6143907334444698e-06, -3.179940470109054e-06, -4.045193589734531e-06]
A2: [0.16665785441178874, -0.1666757416611029, -9.578617392511395e-06, -8.850317700102234e-06] - [0.1665822515478048, 0.33324633702258966, -9.037893757954422e-05, -8.4564345164372e-05] - [0.16662851590275082, 0.8332940067562566, -4.0648512056411874e-05, -3.8187313707402576e-05] - [1.1447145449506884e-05, 1.1797007003237785e-05, 1.211407699231271e-05, 1.1447142355414966e-05]
B1: 0.16669759020976374 - 0.6665736646712112 - 0.1665727649259852 - 5.134398117489392e-05
B2: 0.16668841552145078 - 0.6666905139593411 - 0.166698160146957 - 2.267728431975768e-05
