Number: 233
Error: 2.720840817036373e-06
A1: [-2.5634808243202454e-06, -1.8107297309119397e-06, -9.496029961272528e-07, -2.5428492912355605e-06] - [0.20832371836469168, 0.3333266668658305, -0.041669899471083995, -9.524121571733212e-06] - [0.1666636655112951, 0.6666644688914285, 0.16666540622777076, -2.9757617757855395e-06] - [-4.3487987276081145e-07, -3.879705063459196e-07, -3.410298488039576e-07, -4.345073003440774e-07]
A2: [0.16667577402603473, -0.16665739226557183, 9.387203113563681e-06, 9.103261278917576e-06] - [0.16669449966281522, 0.33336164506058424, 2.859951431545107e-05, 2.78169515675565e-05] - [0.16667096574047996, 0.8333376888319766, 4.372164267109072e-06, 4.295149944341542e-06] - [1.2567257479545687e-06, 1.2951007249049346e-06, 1.3298732747412805e-06, 1.2567250116958756e-06]
B1: 0.16665064696221882 - 0.6666630215685121 - 0.16668882901331733 - -1.3606501796775496e-05
B2: 0.1666470762483224 - 0.666640727021633 - 0.16663750440593797 - -1.9485007274345467e-05
