Number: 3062
Error: 6.4988894204531015e-06
A1: [-6.648645795759411e-06, -7.054276182537957e-06, -6.023347665657404e-06, -6.395584107783901e-06] - [0.20832498477560427, 0.333321188366654, -0.04167618162120215, -7.2344257049270545e-06] - [0.1666590124829837, 0.6666586311209096, 0.16666002268991814, -7.3422081993893476e-06] - [-5.818542876948671e-06, -5.194551197806021e-06, -4.570343408030417e-06, -5.813588708820492e-06]
A2: [0.16666319385766606, -0.1666701842658056, -3.934960530155214e-06, -3.5275085187024905e-06] - [0.16658228065735145, 0.3332465472286767, -9.044405402518488e-05, -8.460048402637404e-05] - [0.16662111063257126, 0.833286409372057, -4.852854383836775e-05, -4.5608572682247274e-05] - [1.6437919800120857e-05, 1.694033014698873e-05, 1.7395673360234452e-05, 1.6437918475495155e-05]
B1: 0.1666881620112821 - 0.6665388343019233 - 0.16656621129819546 - 5.114669449957944e-05
B2: 0.16667775480005806 - 0.6666734940681558 - 0.16667720372684383 - 1.2419743003703733e-05
