Number: 1232
Error: 7.509138135777056e-06
A1: [-2.75271400787856e-07, -3.720353381790425e-07, 1.0848931442615063e-07, -1.7585071419844375e-07] - [0.20834143404130673, 0.3333400286784606, -0.04165879406280202, 8.537843749813435e-06] - [0.16666691468376027, 0.6666667552518987, 0.16666730845313532, 3.7039192835239644e-07] - [-2.3356834466622055e-06, -2.0850422411699993e-06, -1.834265211561009e-06, -2.333686441625219e-06]
A2: [0.16665267367223952, -0.1666811333011589, -1.5053680570759494e-05, -1.4014957051755048e-05] - [0.16658217293299238, 0.3332460833051724, -9.036597754977806e-05, -8.457982387383884e-05] - [0.16663567007843524, 0.8333013468899177, -3.303480706798623e-05, -3.101766978280486e-05] - [6.616522970552534e-06, 6.818729452254472e-06, 7.0019743819749275e-06, 6.616520010585842e-06]
B1: 0.1667067162558446 - 0.6666073385529963 - 0.16657903523261922 - 5.1536230683916714e-05
B2: 0.1666988184749884 - 0.6667070656147919 - 0.16671851561650788 - 3.26900904395437e-05
