Number: 2578
Error: 6.763799528227508e-06
A1: [-4.958809063120849e-06, -5.28250717665076e-06, -4.3968902961045016e-06, -4.746383647147526e-06] - [0.20832935240328382, 0.3333261893987388, -0.041671563753414506, -3.0458597006006783e-06] - [0.1666611067282357, 0.6666607843195604, 0.16666195444822898, -5.298106798529582e-06] - [-4.897458638251688e-06, -4.372210190964802e-06, -3.8467531710985275e-06, -4.893284152517576e-06]
A2: [0.1666604176581685, -0.1666730739205084, -6.86954317244593e-06, -6.2950498018794375e-06] - [0.16658227462991415, 0.33324644687322497, -9.040122086400703e-05, -8.45725532458358e-05] - [0.16662496657973036, 0.8332903652911345, -4.4425537627941585e-05, -4.174430384612649e-05] - [1.3840681093950785e-05, 1.4263704037789968e-05, 1.4647087325572751e-05, 1.3840678606659465e-05]
B1: 0.16669305043494162 - 0.6665569486014941 - 0.1665696158859286 - 5.123115512551059e-05
B2: 0.16668328413560665 - 0.6666823448519347 - 0.16668811579349657 - 1.7739248499226378e-05
