Number: 211
Error: 2.707352548289355e-06
A1: [-2.4890879292595666e-06, -1.7328626071810808e-06, -8.785936580606577e-07, -2.4703015308869233e-06] - [0.2083239068557907, 0.33332688316582887, -0.04166970157619391, -9.34376065716144e-06] - [0.166663758098148, 0.6666645639220941, 0.16666549095125677, -2.8854525964845682e-06] - [-3.930134552000539e-07, -3.505910138326583e-07, -3.081401242008734e-07, -3.9267675551829377e-07]
A2: [0.1666756495426995, -0.16665752181434285, 9.255697975349408e-06, 8.979171268681512e-06] - [0.1666945074504277, 0.33336164890373715, 2.8610179248769025e-05, 2.7826281279275006e-05] - [0.16667114328551952, 0.8333378709996334, 4.561086681256149e-06, 4.473072682027483e-06] - [1.138607603803241e-06, 1.173372064898391e-06, 1.2048727324826257e-06, 1.1386069387885014e-06]
B1: 0.16665079482243317 - 0.6666637777868474 - 0.16668892354294598 - -1.3676968175517983e-05
B2: 0.1666474048489306 - 0.6666411984393917 - 0.16663806068496204 - -1.9165936889940747e-05
