Number: 2177
Error: 3.818533481336692e-06
A1: [-9.274057015913947e-06, -8.844567752350012e-06, -7.393835269840189e-06, -9.090260723883902e-06] - [0.20830648815471425, 0.3333069161469441, -0.04168808732487724, -2.6035381235683925e-05] - [0.16665533466678487, 0.666655906880187, 0.16665773956356342, -1.1105228591040773e-05] - [-4.134078827850706e-06, -3.690670661975582e-06, -3.2470674746655843e-06, -4.1305518130611536e-06]
A2: [0.1666869456938279, -0.1666457666028118, 2.119170646869249e-05, 2.0240174698821804e-05] - [0.16669457244055969, 0.333362090484027, 2.8464230082455967e-05, 2.7753450857253444e-05] - [0.16665548394573007, 0.8333218041630462, -1.210437083184054e-05, -1.1220029494968802e-05] - [1.1691687465133824e-05, 1.2049024925179946e-05, 1.2372870970375733e-05, 1.1691684410375594e-05]
B1: 0.16663184975010362 - 0.6665911090776752 - 0.1666760176878063 - -1.3107598110195589e-05
B2: 0.16662348986245146 - 0.6666040485792217 - 0.16659280930307194 - -4.222923755152853e-05
