Number: 2273
Error: 3.8712905442059324e-06
A1: [-9.601556065413482e-06, -9.187892700677072e-06, -7.707911447622118e-06, -9.40970676607994e-06] - [0.2083056526804244, 0.3333059567686912, -0.04168896897241125, -2.683536843726911e-05] - [0.1666549270873919, 0.6666554880326115, 0.16665736506746992, -1.1502868800592584e-05] - [-4.316738035281821e-06, -3.853749869977142e-06, -3.390562794137585e-06, -4.313055987723663e-06]
A2: [0.16668749848220263, -0.16664519138023418, 2.1775772744849623e-05, 2.0791246798365142e-05] - [0.16669458021740613, 0.33336211677719246, 2.8461943643820673e-05, 2.7754496902352292e-05] - [0.16665472032982576, 0.8333210206921661, -1.2917035860147885e-05, -1.1985294620324754e-05] - [1.2206887465793271e-05, 1.2579972729951024e-05, 1.2918092361171256e-05, 1.2206884513784239e-05]
B1: 0.16663085303789738 - 0.6665874924673217 - 0.16667532224895198 - -1.3151458264262729e-05
B2: 0.16662236450605178 - 0.6666022883400312 - 0.1665906652742781 - -4.3313001472107426e-05
