Number: 1121
Error: 3.2331079246814956e-06
A1: [-5.5987078249587726e-06, -4.991118458481641e-06, -3.85814016206034e-06, -5.503569686714912e-06] - [0.208315971300184, 0.3333177783517921, -0.04167806412898589, -1.694288746449483e-05] - [0.1666598915394916, 0.6666605917493027, 0.16666194054593325, -6.657768357272603e-06] - [-2.124718742104251e-06, -1.8966941548077913e-06, -1.6685430251662888e-06, -2.1229016341833024e-06]
A2: [0.16668086885993427, -0.166652090794272, 1.476964209325148e-05, 1.418221941842712e-05] - [0.16669448770295736, 0.33336180065392007, 2.8487312215823263e-05, 2.7742744429673727e-05] - [0.16666387983139386, 0.8333304183140777, -3.169240863164862e-06, -2.8060064406465356e-06] - [6.023823996269082e-06, 6.207914314104157e-06, 6.374740778228681e-06, 6.0238211753466636e-06]
B1: 0.16664253716501182 - 0.6666306045954656 - 0.1666833665298161 - -1.290221170446752e-05
B2: 0.16663570760418986 - 0.6666234763496011 - 0.1666166973879588 - -3.0468971420551333e-05
