Number: 2034
Error: 7.063390329952741e-06
A1: [-3.055188708938423e-06, -3.286548199149453e-06, -2.5640217786677978e-06, -2.8884437017327514e-06] - [0.2083342786649718, 0.3333318285521339, -0.04166635433530575, 1.6791198400371844e-06] - [0.16666346493870732, 0.6666632090317545, 0.1666641304788388, -2.9962656535531314e-06] - [-3.862136180956548e-06, -3.4478726736604192e-06, -3.0334207899619897e-06, -3.858840111441014e-06]
A2: [0.16665729298364518, -0.16667632616234285, -1.0172317916626012e-05, -9.409992722925715e-06] - [0.16658225061956705, 0.3332463167342323, -9.037049901243718e-05, -8.455839823360095e-05] - [0.16662929605692325, 0.8332948071216596, -3.9818396982783266e-05, -3.7405474988133934e-05] - [1.0921184083424356e-05, 1.125496894511453e-05, 1.1557467464596757e-05, 1.0921180915817084e-05]
B1: 0.16669854507159124 - 0.666577295760461 - 0.16657341550493734 - 5.1326047457738046e-05
B2: 0.16668949979003597 - 0.6666923069639684 - 0.16670040871858294 - 2.3719070347925274e-05
