Number: 780
Error: 7.764245048208959e-06
A1: [1.3075309744645405e-06, 1.2873256719784925e-06, 1.6321470497065736e-06, 1.368990595932954e-06] - [0.20834553078164333, 0.3333447170801519, -0.041654463466021155, 1.246732664103392e-05] - [0.1666688749002621, 0.6666687705688832, 0.16666911692727077, 2.283760756640707e-06] - [-1.4753329100330758e-06, -1.3169088013295669e-06, -1.1583906234058035e-06, -1.4740701972756281e-06]
A2: [0.1666500733894953, -0.16668383946009416, -1.780169671814625e-05, -1.660715385887488e-05] - [0.16658213962760066, 0.3332459623645918, -9.035271412563245e-05, -8.458142369392047e-05] - [0.1666392643711518, 0.8333050346790188, -2.920953517681212e-05, -2.7415610347213103e-05] - [4.190175794742983e-06, 4.318216873928193e-06, 4.434247626032297e-06, 4.190173582815918e-06]
B1: 0.16671113222222203 - 0.6666240877736095 - 0.1665820250558326 - 5.1465293240348286e-05
B2: 0.16670414889731666 - 0.6667155108121643 - 0.1667288989257206 - 3.7824582509982994e-05
