Number: 2628
Error: 6.736352430885432e-06
A1: [-5.136850859016055e-06, -5.469208291306657e-06, -4.5687744867651005e-06, -4.920224060373266e-06] - [0.20832888722223464, 0.3333256579986161, -0.04167205635343963, -3.492529018163263e-06] - [0.16666088687180225, 0.6666605581761059, 0.16666175098528616, -5.512779525664086e-06] - [-4.992613111182346e-06, -4.457163830797559e-06, -3.921504745409198e-06, -4.9883580001997995e-06]
A2: [0.16666070405564887, -0.1666727757727371, -6.566723381154583e-06, -6.009546766072735e-06] - [0.16658227443631024, 0.33324645650184215, -9.040630404130144e-05, -8.457625482767808e-05] - [0.16662456823696833, 0.8332899566299954, -4.484938394104459e-05, -4.214350622201402e-05] - [1.4109002049767643e-05, 1.454022652725099e-05, 1.4931043850174244e-05, 1.4108999658262631e-05]
B1: 0.16669255636173255 - 0.6665550882225745 - 0.16656927516302672 - 5.123337760289619e-05
B2: 0.16668272411032675 - 0.66668143088224 - 0.1666869774674086 - 1.720089903807398e-05
