Number: 618
Error: 7.857116747475729e-06
A1: [1.8572458844019965e-06, 1.8633717308759451e-06, 2.1584458079085735e-06, 1.9051164999834895e-06] - [0.20834692795999543, 0.33334632188294366, -0.04165299133928878, 1.3804626179347047e-05] - [0.16666955953666351, 0.6666694738503622, 0.1666697449664937, 2.951622950708977e-06] - [-1.1669628362543562e-06, -1.0415900244428863e-06, -9.161403100438942e-07, -1.1659636933017934e-06]
A2: [0.16664914077077236, -0.16668480980369568, -1.8786818460956902e-05, -1.753687451355413e-05] - [0.16658212985379034, 0.33324592186971536, -9.034442874275083e-05, -8.457983444199234e-05] - [0.1666405543085223, 0.833306358247522, -2.7836576394329875e-05, -2.6122889614668327e-05] - [3.3205121905469065e-06, 3.421970434793853e-06, 3.513910576200566e-06, 3.3205103542644055e-06]
B1: 0.1667126868527789 - 0.6666300683197811 - 0.16658307949104645 - 5.141186643394426e-05
B2: 0.16670619076771107 - 0.6667186135861287 - 0.16673263756480916 - 3.9796230607231956e-05
