Number: 1267
Error: 3.3147357913412227e-06
A1: [-6.104622530526023e-06, -5.521506702920784e-06, -4.344442963827894e-06, -5.99722830981559e-06] - [0.20831466926278086, 0.3333162862550956, -0.041679439611725225, -1.8190921632920714e-05] - [0.16665926380489046, 0.6666599464688717, 0.16666136232421686, -7.270376847697376e-06] - [-2.402540653324512e-06, -2.144737625218592e-06, -1.8867957614799768e-06, -2.4004866371341093e-06]
A2: [0.16668170990645537, -0.16665121558139318, 1.5658351360118228e-05, 1.502065579826162e-05] - [0.16669450204969583, 0.3333618432438012, 2.8486523556978666e-05, 2.7746856339051456e-05] - [0.16666271951748146, 0.83332922780117, -4.404152562098843e-06, -3.968827613887741e-06] - [6.807517137123677e-06, 7.015562388027877e-06, 7.2040989979232505e-06, 6.807514135267389e-06]
B1: 0.16664106828491285 - 0.6666251540227226 - 0.16668236204902903 - -1.2921838662352937e-05
B2: 0.16663399193211512 - 0.6666207709601224 - 0.16661338290133995 - -3.2121395632550836e-05
