Number: 1434
Error: 7.396307205611907e-06
A1: [-9.66172751716152e-07, -1.0962985715040422e-06, -5.542791703428141e-07, -8.498034339240866e-07] - [0.20833966925985467, 0.33333800292733157, -0.041660656474654334, 6.847745690515057e-06] - [0.16666605519664468, 0.6666658720096363, 0.1666665185114552, -4.6817581270002694e-07] - [-2.7201655799509444e-06, -2.428312703061091e-06, -2.1363081922051847e-06, -2.7178409208513404e-06]
A2: [0.16665383931728064, -0.166679920435862, -1.3822214183186226e-05, -1.2852925627982379e-05] - [0.16658219870709692, 0.33324614805474967, -9.036142504017551e-05, -8.456821968179132e-05] - [0.1666340656152198, 0.8332997006433848, -3.4742502027384115e-05, -3.262560434975612e-05] - [7.700800310197119e-06, 7.936149464440717e-06, 8.149431721697301e-06, 7.70079716222228e-06]
B1: 0.16670463849637138 - 0.6665997546484783 - 0.16657760573591812 - 5.146362561462275e-05
B2: 0.16669642548704297 - 0.6667033315202364 - 0.16671396889064413 - 3.0384667719011565e-05
