Number: 1151
Error: 3.2499154848224095e-06
A1: [-5.705629971210955e-06, -5.1032344849743215e-06, -3.961362444874288e-06, -5.607970602525853e-06] - [0.20831569181407783, 0.33331745914731553, -0.041678360036260076, -1.721126554236501e-05] - [0.1666597595569109, 0.6666604559943754, 0.1666618184034164, -6.786639933317527e-06] - [-2.1818056597284796e-06, -1.9476621305645856e-06, -1.7133894581702935e-06, -2.179939858909963e-06]
A2: [0.16668104116134408, -0.1666519114482524, 1.4951786912667951e-05, 1.4353984519184469e-05] - [0.16669448927299946, 0.3333618080893657, 2.8485900512408737e-05, 2.7742211524481978e-05] - [0.16666364124158575, 0.833330173525986, -3.4231443303901967e-06, -3.045111408878212e-06] - [6.184860262687672e-06, 6.373872932504964e-06, 6.545160454884513e-06, 6.184857400725862e-06]
B1: 0.16664224617827209 - 0.666629494958507 - 0.16668316998919844 - -1.289539794724035e-05
B2: 0.1666353641686777 - 0.6666229203080972 - 0.16661600644442728 - -3.0799411591382776e-05
