Number: 2025
Error: 3.734827158371481e-06
A1: [-8.737531214920298e-06, -8.281973939655786e-06, -6.876543080969139e-06, -8.566502921227953e-06] - [0.20830788341540576, 0.3333085116558752, -0.04168661082690898, -2.4696378231064963e-05] - [0.16665599817309892, 0.6666565892483028, 0.16665835272653695, -1.0457477065491696e-05] - [-3.844866574029828e-06, -3.43246069465223e-06, -3.0198667448745913e-06, -3.8415851664538135e-06]
A2: [0.16668607317273687, -0.1666466747971447, 2.026934948352891e-05, 1.9370370914325224e-05] - [0.1666945668618426, 0.3333620551882382, 2.8473763753654867e-05, 2.7758528554981793e-05] - [0.16665669361880087, 0.8333230452250205, -1.081713628793189e-05, -1.0007745391195836e-05] - [1.0875925384808937e-05, 1.1208327930751357e-05, 1.1509573609744943e-05, 1.0875922209611114e-05]
B1: 0.16663336953755337 - 0.6665967787990266 - 0.16667706388188597 - -1.3096558835977234e-05
B2: 0.16662521158831683 - 0.6666068315889343 - 0.1665962591276662 - -4.057336055896335e-05
