Number: 34
Error: 8.209954955006241e-06
A1: [3.682082743961677e-06, 3.7725232629088297e-06, 3.877644675159311e-06, 3.6811158865242766e-06] - [0.2083513281317242, 0.3333514283359832, -0.041648405382482954, 1.798955002159593e-05] - [0.16667186673753434, 0.6666718378087069, 0.1666718272039728, 5.198505281186103e-06] - [-5.5225323628950955e-08, -4.9001201412918534e-08, -4.2772721415793196e-08, -5.517825524915733e-08]
A2: [0.16664579594203213, -0.166688288200318, -2.2316104552638283e-05, -2.0871255879532925e-05] - [0.16658220793824347, 0.33324589709192015, -9.018576501971704e-05, -8.446078870605462e-05] - [0.16664524389830543, 0.8333111705897808, -2.28447763112225e-05, -2.142326718725921e-05] - [1.8531318972560554e-07, 1.909381158456868e-07, 1.960324395157168e-07, 1.853131254205574e-07]
B1: 0.1667175144038 - 0.6666509739528822 - 0.16658634881035805 - 5.04438222714334e-05
B2: 0.16671511098289743 - 0.6667308597553382 - 0.16674664606898534 - 4.846330088426362e-05
