Number: 1475
Error: 3.4305490659760954e-06
A1: [-6.826497718634203e-06, -6.278335122098273e-06, -5.038553431849052e-06, -6.701642005480337e-06] - [0.20831280971485783, 0.3333141555903357, -0.041681404493723505, -1.9973529770704027e-05] - [0.16665836833433328, 0.666659025915905, 0.16666053721740978, -8.144297420284246e-06] - [-2.798334880043352e-06, -2.4981077706402488e-06, -2.1977258884174043e-06, -2.7959436298803522e-06]
A2: [0.16668290791101278, -0.16664996887810346, 1.6924306445703722e-05, 1.6214941813749118e-05] - [0.16669452219518857, 0.3333619037106248, 2.848527434996993e-05, 2.7752420402364452e-05] - [0.16666106649430168, 0.8333275317728643, -6.16341721902419e-06, -5.62542298785032e-06] - [7.923973060915076e-06, 8.166144646977416e-06, 8.385610205964678e-06, 7.923969883313075e-06]
B1: 0.1666389630493147 - 0.6666173764468689 - 0.1666809186594121 - -1.296239753875486e-05
B2: 0.16663156768895715 - 0.6666169330701657 - 0.1666086733618496 - -3.4455531297763686e-05
