Number: 1873
Error: 3.650957395215303e-06
A1: [-8.200984454600053e-06, -7.71935864214116e-06, -6.359230057105884e-06, -8.042724379804777e-06] - [0.20830927874660454, 0.3333101072345807, -0.041685134262898466, -2.335730529111897e-05] - [0.166656661699224, 0.6666572716359648, 0.1666589659063306, -9.809706169096462e-06] - [-3.5556497183877624e-06, -3.1742461695802647e-06, -2.79266247465717e-06, -3.552614090702388e-06]
A2: [0.16668520027055644, -0.16664758337284882, 1.93466119029067e-05, 1.850018604515694e-05] - [0.1666945598457597, 0.33336201845689556, 2.8481866098021956e-05, 2.7762168675791484e-05] - [0.1666579029392594, 0.8333242859350961, -9.530252899999853e-06, -8.795814034229011e-06] - [1.0060139716724888e-05, 1.0367606584403763e-05, 1.0646251552727842e-05, 1.0060136472951296e-05]
B1: 0.16663488949003358 - 0.6666024476752367 - 0.16667810810766145 - -1.3085373139631756e-05
B2: 0.16662693527683775 - 0.6666096166078135 - 0.16659971100795087 - -3.891552024397835e-05
