Number: 97
Error: 2.6361261488663284e-06
A1: [-2.11134899079149e-06, -1.3376933033451226e-06, -5.195330268641473e-07, -2.1021162676812546e-06] - [0.2083248520115076, 0.33332797015644616, -0.04166871222399587, -8.44070354234015e-06] - [0.16666422985578663, 0.6666650477848397, 0.16666592084499143, -2.425489824157301e-06] - [-1.7606963427930462e-07, -1.5689715810047957e-07, -1.377113994635479e-07, -1.759188958420351e-07]
A2: [0.16667500669438298, -0.16665819076112062, 8.576758105741771e-06, 8.338361145447454e-06] - [0.1666945590102911, 0.3333616805323198, 2.8677637955278065e-05, 2.7885832176609382e-05] - [0.16667206668190468, 0.8333388184536378, 5.543638236446306e-06, 5.398426243319555e-06] - [5.265288278259049e-07, 5.425838794169434e-07, 5.57129992215983e-07, 5.265285439452701e-07]
B1: 0.1666514869392646 - 0.6666676328068925 - 0.1666893602767417 - -1.4116082120203187e-05
B2: 0.16664921202548377 - 0.6666437207971966 - 0.16664099622215334 - -1.7408145626421153e-05
