Number: 762
Error: 7.774471132679296e-06
A1: [1.352598634555919e-06, 1.3344242562236465e-06, 1.6728237858563042e-06, 1.4125637048738537e-06] - [0.20834562154535016, 0.33334482730927273, -0.041654371581198266, 1.2551498855883948e-05] - [0.1666689347930545, 0.6666688316286495, 0.1666691687225474, 2.3418052431944676e-06] - [-1.4410672939938198e-06, -1.2863153996279033e-06, -1.1314712851075266e-06, -1.4398338588512395e-06]
A2: [0.16664996692661924, -0.16668394998218702, -1.7913721122539526e-05, -1.671329472482206e-05] - [0.1665821309705143, 0.33324595063938023, -9.035865393485905e-05, -8.458881819928134e-05] - [0.16663940675112232, 0.8333051808360195, -2.905784736580478e-05, -2.7272921106014076e-05] - [4.093547732785916e-06, 4.218635188026179e-06, 4.331989207784451e-06, 4.093545559839652e-06]
B1: 0.16671136100594075 - 0.6666248056089328 - 0.1665821928355479 - 5.1515445298363095e-05
B2: 0.16670442761412047 - 0.6667158575078039 - 0.1667292636530009 - 3.809549582167844e-05
