Number: 1563
Error: 3.4793811816617304e-06
A1: [-7.1208004903081645e-06, -6.586807109637077e-06, -5.319873154588319e-06, -6.988567976114759e-06] - [0.20831206769054114, 0.33331330135445597, -0.041682186101844855, -2.0683045733382998e-05] - [0.16665800069629705, 0.6666586482917454, 0.16666020059830536, -8.502829130032875e-06] - [-2.9657844953382328e-06, -2.647609085259323e-06, -2.3292727146947553e-06, -2.9632506667714633e-06]
A2: [0.16668341655591923, -0.16664943972083968, 1.7461512709955306e-05, 1.6722013411986833e-05] - [0.16669453535400533, 0.3333619336944994, 2.848889876095043e-05, 2.77594097183263e-05] - [0.16666036764227496, 0.8333268146998054, -6.907273115757054e-06, -6.325786479618828e-06] - [8.396300339965743e-06, 8.652909383697442e-06, 8.885459913459695e-06, 8.396297117103269e-06]
B1: 0.16663803260920548 - 0.6666140476444599 - 0.1666802711097125 - -1.301935919090779e-05
B2: 0.16663050798944168 - 0.6666153098733145 - 0.16660671787007003 - -3.547710502170891e-05
