Number: 2064
Error: 7.04681139506708e-06
A1: [-3.1620234304495153e-06, -3.3985793599468907e-06, -2.6671627803377456e-06, -2.99275743809767e-06] - [0.208333999525683, 0.33333150968023834, -0.041666649926110015, 1.411087991948838e-06] - [0.1666633330150834, 0.6666630733357465, 0.16666400839274492, -3.1250787392047177e-06] - [-3.919232240571191e-06, -3.498848194037369e-06, -3.0782743332166894e-06, -3.915887671918214e-06]
A2: [0.16665746511714644, -0.1666761469780294, -9.990330567527759e-06, -9.238395891958408e-06] - [0.16658225162220433, 0.33324632363067896, -9.037243112262335e-05, -8.455950023170334e-05] - [0.16662905732634697, 0.8332945621999955, -4.007242989031248e-05, -3.764472123629536e-05] - [1.1082193680894934e-05, 1.1420900014084717e-05, 1.1727859204228832e-05, 1.1082190533504396e-05]
B1: 0.16669824792625876 - 0.6665761796240477 - 0.16657321203681813 - 5.132669355623962e-05
B2: 0.1666891627871406 - 0.6666917575740711 - 0.1666997246934079 - 2.339507246679415e-05
