Number: 1998
Error: 7.083254594556352e-06
A1: [-2.9413670658960988e-06, -3.167298313255624e-06, -2.4562473231413894e-06, -2.777633480037227e-06] - [0.2083345557100568, 0.3333321500246341, -0.04166606405075012, 1.942891404313847e-06] - [0.16666360871385333, 0.6666633565178743, 0.16666426081735772, -2.856209270991768e-06] - [-3.7936171265074736e-06, -3.3866980695321842e-06, -2.9795924124104843e-06, -3.7903792683452133e-06]
A2: [0.1666570839381213, -0.16667654354753064, -1.0392939051683745e-05, -9.618394237856606e-06] - [0.16658224289588539, 0.33324630225778873, -9.037404417718405e-05, -8.456359635192194e-05] - [0.16662958175808792, 0.8332951002906882, -3.951425369442387e-05, -3.711915502261924e-05] - [1.0727971576169853e-05, 1.1055850619181188e-05, 1.1352996301721147e-05, 1.0727968386916866e-05]
B1: 0.16669894919629058 - 0.6665786804684551 - 0.16657370279985195 - 5.137286009370708e-05
B2: 0.1666899531438181 - 0.6666929703447066 - 0.16670118636544892 - 2.415681650346364e-05
