Number: 223
Error: 2.7147147734035317e-06
A1: [-2.527494471485975e-06, -1.7730411456595857e-06, -9.149085940444107e-07, -2.507703717139598e-06] - [0.20832381278960144, 0.33332677442636904, -0.04166979978147623, -9.433400579862327e-06] - [0.1666637097918673, 0.6666645144070497, 0.16666544718249116, -2.9325186116292076e-06] - [-4.158495968720428e-07, -3.709797965360855e-07, -3.260799942635261e-07, -4.1549332976962507e-07]
A2: [0.16667571778451556, -0.1666574508285615, 9.327730898131996e-06, 9.047198528216022e-06] - [0.16669450405280056, 0.33336164760674675, 2.8605107782044657e-05, 2.782204244666701e-05] - [0.1666710465245739, 0.8333377717107714, 4.458106581076925e-06, 4.376105704769228e-06] - [1.2030346721694519e-06, 1.2397684758187317e-06, 1.273053778842707e-06, 1.2030339681770425e-06]
B1: 0.1666507078204167 - 0.6666633591818444 - 0.16668886608704359 - -1.3644889615843414e-05
B2: 0.16664721759739842 - 0.6666409400614424 - 0.16663776316825363 - -1.934798966507533e-05
