Number: 764
Error: 7.773342176891881e-06
A1: [1.3502547041595052e-06, 1.3320042090343502e-06, 1.671266766777159e-06, 1.4103832855509995e-06] - [0.20834562218852992, 0.3333448263917799, -0.041654369858496264, 1.2552864158666833e-05] - [0.16666893083043413, 0.6666688276874733, 0.16666916596181447, 2.338045415283433e-06] - [-1.4448750163615062e-06, -1.2897151224395105e-06, -1.1344628019185028e-06, -1.4436383275669776e-06]
A2: [0.16664997921360852, -0.1666839372666291, -1.7900862269376887e-05, -1.670104351486075e-05] - [0.16658213313080766, 0.3332459530814236, -9.035691703361655e-05, -8.458679819369176e-05] - [0.16663939107254927, 0.833305164730657, -2.9074574792917022e-05, -2.728863404258499e-05] - [4.104284179445017e-06, 4.229699817418857e-06, 4.3433512540673275e-06, 4.104282002153892e-06]
B1: 0.1667113267588495 - 0.6666247174250969 - 0.16658216617127775 - 5.1501039048531695e-05
B2: 0.1667043876130303 - 0.6667158182581352 - 0.1667292311588343 - 3.805636194577777e-05
