Number: 2475
Error: 3.982169747081145e-06
A1: [-1.0316116472583352e-05, -9.937181778896023e-06, -8.397085471008778e-06, -1.0107298174846132e-05] - [0.20830379220063544, 0.33330382981694573, -0.04169093812443153, -2.862107994693645e-05] - [0.1666540437606263, 0.6666545795506083, 0.16665654846073635, -1.236525779241087e-05] - [-4.701074831822417e-06, -4.196886326347694e-06, -3.692491992478379e-06, -4.697066796905547e-06]
A2: [0.16668865676495745, -0.16664398567848787, 2.3000310507474116e-05, 2.1945918418909833e-05] - [0.1666945831974769, 0.33336215928280566, 2.844491504162018e-05, 2.7743314700338443e-05] - [0.1666531117385066, 0.8333193703909856, -1.462869304462498e-05, -1.359735617416232e-05] - [1.3290937037950227e-05, 1.3697157696700793e-05, 1.406531122893437e-05, 1.3290934369599045e-05]
B1: 0.1666288409341241 - 0.6665799624405669 - 0.1666739334985808 - -1.3158556712825143e-05
B2: 0.16662008500224393 - 0.6665985935962802 - 0.1665860792520396 - -4.550499438396214e-05
