Number: 2672
Error: 6.712239659732608e-06
A1: [-5.28393881837957e-06, -5.623378100863562e-06, -4.709367369271105e-06, -5.063624004721657e-06] - [0.2083285164855354, 0.3333252311567643, -0.041672446884696165, -3.847012406856435e-06] - [0.16666070308851097, 0.6666603694040671, 0.16666158271549428, -5.692010465117503e-06] - [-5.0763514103352446e-06, -4.531925558771784e-06, -3.987288903555198e-06, -5.072025361732776e-06]
A2: [0.1666609576952362, -0.16667251187379645, -6.298798095709671e-06, -5.756694293168131e-06] - [0.16658227843554832, 0.3332464689316672, -9.040704474452885e-05, -8.457534263875519e-05] - [0.16662421816886208, 0.8332895974561042, -4.5221947869359804e-05, -4.2494330801834374e-05] - [1.4345122202413848e-05, 1.4783563971739412e-05, 1.5180923226070739e-05, 1.4345119899887755e-05]
B1: 0.16669208990123752 - 0.6665534207592335 - 0.16656894633241123 - 5.120362987576055e-05
B2: 0.16668219889526587 - 0.666680624092428 - 0.16668600478119244 - 1.669476012896677e-05
