Number: 1724
Error: 7.2350252864333325e-06
A1: [-1.9751446333320813e-06, -2.154152788994165e-06, -1.5248387542562935e-06, -1.8344273652648823e-06] - [0.20833706674399835, 0.3333350217784343, -0.041663407108190886, 4.352513032457935e-06] - [0.16666480397566244, 0.6666645856891752, 0.1666653651345089, -1.6893487658087545e-06] - [-3.2721271452996655e-06, -2.921109015051856e-06, -2.5699195907386956e-06, -3.2693326337625963e-06]
A2: [0.16665550931470538, -0.16667818248762692, -1.2057392950763847e-05, -1.1188116051643849e-05] - [0.16658222632920047, 0.3332462320801498, -9.036335195912846e-05, -8.456094116243819e-05] - [0.16663176089730844, 0.8332973360029797, -3.719529610340149e-05, -3.493530629816888e-05] - [9.257364772489234e-06, 9.540292663441492e-06, 9.79669677661914e-06, 9.257361514149403e-06]
B1: 0.16670169454902833 - 0.6665889023255119 - 0.16657558508434853 - 5.1398368662380786e-05
B2: 0.16669306851338203 - 0.6666979957396839 - 0.16670741001400505 - 2.7153407478482423e-05
