Number: 2523
Error: 4.008430413265304e-06
A1: [-1.0467877008758926e-05, -1.0096181582471305e-05, -8.540788180867648e-06, -1.025504381414116e-05] - [0.20830342274301847, 0.3333034011190628, -0.04169132524819448, -2.8972840562645004e-05] - [0.16665385208426006, 0.666654382920545, 0.16665637468509273, -1.2551976409010865e-05] - [-4.79240341571466e-06, -4.278425344648515e-06, -3.764240053204589e-06, -4.788317960759357e-06]
A2: [0.16668893496159817, -0.1666436963664889, 2.32939375117694e-05, 2.2223256835303714e-05] - [0.1666945915147722, 0.3333621765914155, 2.8447652443373722e-05, 2.774826612991408e-05] - [0.16665273032508912, 0.8333189790178723, -1.5034697662717933e-05, -1.3979594361615239e-05] - [1.3548517271625796e-05, 1.3962611220953997e-05, 1.4337901191394279e-05, 1.354851468410622e-05]
B1: 0.16662830386262445 - 0.666578116549916 - 0.16667354925348407 - -1.321924663070434e-05
B2: 0.16661948218820796 - 0.6665977107058851 - 0.1665850438970253 - -4.6087008026701815e-05
