Number: 1818
Error: 7.182908443863693e-06
A1: [-2.3003362957974255e-06, -2.495088286405113e-06, -1.8373789360498735e-06, -2.1517288650798948e-06] - [0.20833623062093257, 0.33333406333053367, -0.04166429043536867, 3.5511569993687367e-06] - [0.16666440027680735, 0.6666641707148673, 0.16666499335187995, -2.0833100324835914e-06] - [-3.451035662791537e-06, -3.080839904478983e-06, -2.7104672439010127e-06, -3.4480889894304887e-06]
A2: [0.16665605071548406, -0.16667761907539896, -1.1485284323049584e-05, -1.0648396848192803e-05] - [0.16658223528928742, 0.3332462592901328, -9.03640360087151e-05, -8.455857536890935e-05] - [0.16663101375150904, 0.8332965694313799, -3.799044475915173e-05, -3.568406771818682e-05] - [9.761888029470275e-06, 1.0060237403142865e-05, 1.0330618682265376e-05, 9.76188477583972e-06]
B1: 0.1667007323176384 - 0.6665853764181835 - 0.166574921495988 - 5.1369212094962906e-05
B2: 0.1666919772719257 - 0.6666962688442453 - 0.16670529272648188 - 2.610291530352258e-05
