Number: 2153
Error: 3.805351817408669e-06
A1: [-9.198173849325119e-06, -8.765064433485276e-06, -7.321980390027463e-06, -9.016385079072082e-06] - [0.20830667289245297, 0.333307130505776, -0.041687893753198396, -2.5859492185104157e-05] - [0.16665543050794768, 0.6666560051983444, 0.16665782645380253, -1.1011866452787487e-05] - [-4.088413163430629e-06, -3.649899809902472e-06, -3.211192468113353e-06, -4.084924918276422e-06]
A2: [0.166686806447172, -0.16664591140756765, 2.104474419423539e-05, 2.0101357156378558e-05] - [0.16669456771748273, 0.33336208126458194, 2.8462296530363618e-05, 2.7750410638957757e-05] - [0.1666556745133719, 0.8333219997104396, -1.1901507729301436e-05, -1.1029049514738737e-05] - [1.1562889182648288e-05, 1.1916289734414175e-05, 1.2236567442737539e-05, 1.1562886105413395e-05]
B1: 0.16663211878583434 - 0.6665920321213001 - 0.16667620946779205 - -1.307675996880812e-05
B2: 0.16662379163045857 - 0.6666044903911461 - 0.16659332735481314 - -4.1937869357976424e-05
