Number: 3018
Error: 6.522956609068959e-06
A1: [-6.477598736941461e-06, -6.87480258395632e-06, -5.856105958108879e-06, -6.2282478604715385e-06] - [0.2083254520283771, 0.333321717141937, -0.04167568373903576, -6.783518238819289e-06] - [0.1666592204787196, 0.666658845464669, 0.1666602178920009, -7.13878766789909e-06] - [-5.7348153332393895e-06, -5.1198005932821336e-06, -4.504570022443272e-06, -5.729931968159695e-06]
A2: [0.16666294463756542, -0.16667044394663452, -4.198880498042085e-06, -3.775941518350412e-06] - [0.1665822885800589, 0.33324654618911603, -9.043248531777748e-05, -8.458947413961323e-05] - [0.16662146225276964, 0.8332867700339497, -4.815455977949125e-05, -4.52561959140471e-05] - [1.6201816736453702e-05, 1.66970103880251e-05, 1.7145811956933183e-05, 1.620181528452211e-05]
B1: 0.16668854831678515 - 0.6665404260366364 - 0.1665664689101747 - 5.109623748245681e-05
B2: 0.16667819773624368 - 0.6666742932926675 - 0.16667824766332018 - 1.2843606184909559e-05
