Number: 888
Error: 7.702816545652103e-06
A1: [9.174267217418989e-07, 8.78292957808146e-07, 1.254904535317421e-06, 9.879682231097104e-07] - [0.2083445040315918, 0.3333435463923724, -0.04165555122451785, 1.1480586856361336e-05] - [0.16666839453303633, 0.6666682763894737, 0.1666686715261448, 1.8145990116480584e-06] - [-1.680905560622844e-06, -1.5004471009999311e-06, -1.3198837827848964e-06, -1.6794672549579938e-06]
A2: [0.1666506920950052, -0.1666831953763027, -1.7147524621098252e-05, -1.599038038852498e-05] - [0.16658213982102568, 0.3332459836806064, -9.036326005603297e-05, -8.458880576367185e-05] - [0.1666384042861632, 0.8333041522656561, -3.0124782779135075e-05, -2.827755099258251e-05] - [4.769939652357166e-06, 4.915702213637214e-06, 5.047793210308925e-06, 4.769937221046525e-06]
B1: 0.1667101399333733 - 0.6666201447938329 - 0.16658136600243006 - 5.15451233592691e-05
B2: 0.16670289569627084 - 0.6667134764163165 - 0.166726362538812 - 3.661819532454425e-05
