Number: 3084
Error: 6.486892946809921e-06
A1: [-6.722185798350101e-06, -7.131356542604284e-06, -6.093639473030204e-06, -6.467280188856388e-06] - [0.208324799419519, 0.3333209749589954, -0.04167637687379828, -7.411655357059518e-06] - [0.16665892059544843, 0.6666585367391603, 0.16665993855845543, -7.431819733762823e-06] - [-5.860410285279894e-06, -5.231930351349494e-06, -4.603234196563723e-06, -5.855420717290007e-06]
A2: [0.16666332050833219, -0.1666700524859154, -3.8011674560055843e-06, -3.401251408053328e-06] - [0.16658228201441175, 0.3332465528003662, -9.044506713122632e-05, -8.460067057601413e-05] - [0.16662093544036358, 0.8332862296268891, -4.8714984039135246e-05, -4.578414318081288e-05] - [1.6555970337690064e-05, 1.7061989022436727e-05, 1.752060306210743e-05, 1.65559690783854e-05]
B1: 0.1666879293051999 - 0.6665380006381166 - 0.1665660464483737 - 5.113233685293748e-05
B2: 0.16667749264597365 - 0.6666730911347197 - 0.16667671785467666 - 1.2167127356039039e-05
