Number: 1922
Error: 7.125327783113942e-06
A1: [-2.661126242845719e-06, -2.8733546214692367e-06, -2.184287363452112e-06, -2.503788398827881e-06] - [0.20833530149811455, 0.33333299863642163, -0.04166527225164951, 2.6605034856964347e-06] - [0.16666395261510233, 0.6666637105197145, 0.16666458088370215, -2.5201974515631526e-06] - [-3.648974751438603e-06, -3.2575612090235765e-06, -2.865964993799245e-06, -3.645859806053936e-06]
A2: [0.1666566493959079, -0.16667699603282446, -1.0852610295031088e-05, -1.0051576887967449e-05] - [0.1665822442209986, 0.3332462884390738, -9.036572070533949e-05, -8.455693956511798e-05] - [0.16663018694100074, 0.8332957211321613, -3.887035738904658e-05, -3.651266578150727e-05] - [1.0320073525332672e-05, 1.0635484625395458e-05, 1.0921329850518953e-05, 1.0320070300069542e-05]
B1: 0.16669967039458705 - 0.6665814775754848 - 0.1665741889111834 - 5.133962210389184e-05
B2: 0.1666907748384974 - 0.6666943599916086 - 0.1667029486328269 - 2.4945566433358415e-05
