Number: 1229
Error: 3.2935001745396946e-06
A1: [-5.9644247358309195e-06, -5.3744585785152385e-06, -4.208388725274798e-06, -5.8602286046805065e-06] - [0.20831504247281052, 0.33331671086764014, -0.04167904341629329, -1.7831800077382427e-05] - [0.1666594358008531, 0.6666601235170901, 0.16666152240433837, -7.102326029420762e-06] - [-2.330231522926691e-06, -2.080179290004533e-06, -1.829991333232118e-06, -2.3282391518246893e-06]
A2: [0.16668149243924907, -0.16665144201430132, 1.5428328553390256e-05, 1.4803867881202577e-05] - [0.16669450202965333, 0.3333618356787489, 2.849004359906623e-05, 2.774949993318729e-05] - [0.16666302193389773, 0.8333295380535164, -4.082369945603627e-06, -3.665758669502868e-06] - [6.603539930649404e-06, 6.80535027726449e-06, 6.988236217992221e-06, 6.603536971293563e-06]
B1: 0.16664142392760242 - 0.666626547182529 - 0.16668259919894007 - -1.2943422077940904e-05
B2: 0.16663440820041903 - 0.6666214713992145 - 0.1666142699151366 - -3.1721587026338336e-05
