Number: 307
Error: 2.765655691698767e-06
A1: [-2.795919827002124e-06, -2.0539065802425365e-06, -1.168765217671964e-06, -2.769098967521263e-06] - [0.20832315586475714, 0.3333260146604969, -0.04167048593700464, -1.0059342916105298e-05] - [0.16666337199533898, 0.6666641681215542, 0.16666514109281796, -3.2616336461007255e-06] - [-5.757025987012228e-07, -5.137011847111824e-07, -4.5165910722198706e-07, -5.752093967958292e-07]
A2: [0.1666761970715157, -0.1666569523006709, 9.833617836768263e-06, 9.524983629465994e-06] - [0.16669448679762425, 0.33336164519305794, 2.8576392871401134e-05, 2.7798898787704805e-05] - [0.16667037085983114, 0.8333370783857531, 3.738973636567827e-06, 3.6989987155673124e-06] - [1.6540162903035721e-06, 1.7045352494443408e-06, 1.7503128279532886e-06, 1.6540153203713785e-06]
B1: 0.16665005408582625 - 0.6666603893321444 - 0.16668842936539832 - -1.3465028634701822e-05
B2: 0.16664593942948774 - 0.6666391650097905 - 0.16663571506421612 - -2.0589766027378142e-05
