Number: 299
Error: 2.760885706324209e-06
A1: [-2.7863629835044126e-06, -2.044060014528615e-06, -1.1623855774350647e-06, -2.760196319718108e-06] - [0.2083231539761829, 0.3333260189603216, -0.041670492252113875, -1.0064120485362373e-05] - [0.1666633879958619, 0.6666641840250971, 0.16666515226315567, -3.2464444466177966e-06] - [-5.604790135551744e-07, -5.001087944883636e-07, -4.396989112705203e-07, -5.599988500304877e-07]
A2: [0.16667614859845986, -0.16665700247348614, 9.782884784480716e-06, 9.476653726778533e-06] - [0.16669448089641178, 0.33336163822415, 2.8572297217287223e-05, 2.779355883482226e-05] - [0.1666704342755003, 0.8333371435239143, 3.8066136035984538e-06, 3.7625518525900216e-06] - [1.611074561060624e-06, 1.6602809124217837e-06, 1.704868985420183e-06, 1.6110736159392634e-06]
B1: 0.16665017185986855 - 0.6666607249870804 - 0.16668852107784965 - -1.3426602190136721e-05
B2: 0.16664611342701768 - 0.6666393364548577 - 0.1666358599031323 - -2.041923776789543e-05
