Number: 32
Error: 8.211233695154865e-06
A1: [3.684530628361005e-06, 3.7750383281129226e-06, 3.879287684541726e-06, 3.683400161308289e-06] - [0.20835132786833718, 0.33335142960161607, -0.04164840678889995, 1.7988564174204286e-05] - [0.16667187078592255, 0.666671841828767, 0.16667183003654537, 5.202350780853199e-06] - [-5.141739951071743e-08, -4.5601304956216775e-08, -3.9781136039153596e-08, -5.1373598292214923e-08]
A2: [0.16664578403996824, -0.1666883005227539, -2.2328563070174583e-05, -2.088312216478216e-05] - [0.16658220735120458, 0.3332458962569063, -9.01858652108299e-05, -8.446123547061603e-05] - [0.16664525997864818, 0.8333111871056069, -2.282763080231439e-05, -2.1407152488664657e-05] - [1.7457607554545512e-07, 1.798727995385105e-07, 1.8466970582036778e-07, 1.7457601803558015e-07]
B1: 0.16671753766757386 - 0.6666510523844261 - 0.16658636694734993 - 5.044725283295191e-05
B2: 0.16671515903425202 - 0.6667309073019804 - 0.1667466870872612 - 4.851048520443393e-05
