Number: 3086
Error: 6.485814255534632e-06
A1: [-6.724513777072518e-06, -7.133761688394098e-06, -6.095182893005427e-06, -6.469444712198318e-06] - [0.20832480012127574, 0.3333209740959334, -0.04167637510147305, -7.410231635295165e-06] - [0.16665891664561056, 0.6666585328097714, 0.16665993580800498, -7.435566876518196e-06] - [-5.864217797776982e-06, -5.235329918944415e-06, -4.606225810022171e-06, -5.859225010434392e-06]
A2: [0.16666333276821418, -0.16667003979651052, -3.788333723690489e-06, -3.38902730571323e-06] - [0.16658228408743916, 0.3332465551596324, -9.044340856740358e-05, -8.459873788200188e-05] - [0.1666209197423408, 0.833286213503281, -4.8731728635016436e-05, -4.5799875594442586e-05] - [1.656670208703197e-05, 1.707304880693191e-05, 1.753196019964297e-05, 1.656670083373367e-05]
B1: 0.16668789375901463 - 0.6665379111093656 - 0.16656601837048485 - 5.111662878973323e-05
B2: 0.16667745400340578 - 0.6666730532808673 - 0.16667668679416417 - 1.2129352624543516e-05
