Number: 1321
Error: 3.3448397963288267e-06
A1: [-6.287441403830524e-06, -5.71313997373287e-06, -4.519533585727355e-06, -6.175518276467904e-06] - [0.20831420499245668, 0.3333157526457808, -0.04167992913407747, -1.8635234838351555e-05] - [0.16665903596886072, 0.6666597123837333, 0.16666115328137213, -7.492622540234267e-06] - [-2.5052958971138842e-06, -2.236479052632487e-06, -1.9675190573952732e-06, -2.5031542980907414e-06]
A2: [0.1666820217238437, -0.16665089116106446, 1.598772749668512e-05, 1.5331507761513726e-05] - [0.16669450935923938, 0.33336186091400105, 2.8488057897629496e-05, 2.7750380226843104e-05] - [0.16666229060947882, 0.8333287877146728, -4.860670629239428e-06, -4.398663020481895e-06] - [7.097368226005284e-06, 7.314273269802943e-06, 7.510839513355196e-06, 7.0973651692388304e-06]
B1: 0.16664050808568123 - 0.6666231218803303 - 0.16668197506065635 - -1.2946026738950797e-05
B2: 0.16663334539497138 - 0.6666197717430529 - 0.1666121725100498 - -3.2744538450744465e-05
