Number: 248
Error: 8.075814828898227e-06
A1: [3.1110041858305986e-06, 3.176542922632557e-06, 3.3572650877744364e-06, 3.127839634372893e-06] - [0.20835011024472253, 0.3333499756255549, -0.04164964338074237, 1.685015943019525e-05] - [0.16667112061722805, 0.6666710768719506, 0.16667117548453148, 4.474393273795856e-06] - [-4.6263340083651873e-07, -4.1274878261896987e-07, -3.6283111849378924e-07, -4.6223706815607026e-07]
A2: [0.16664702538712764, -0.16668701094979774, -2.102135496063224e-05, -1.964563910531588e-05] - [0.1665821692460228, 0.3332458926690065, -9.026080765569877e-05, -8.451449040109691e-05] - [0.16664351663028898, 0.833309397767503, -2.4683909853312196e-05, -2.3154211341694886e-05] - [1.334180016711222e-06, 1.3749223210116303e-06, 1.411840170889338e-06, 1.334179236429702e-06]
B1: 0.16671579266152167 - 0.6666433324158477 - 0.16658514187372145 - 5.084526210304794e-05
B2: 0.1667112197068143 - 0.6667260567509841 - 0.1667415222678021 - 4.466478878527182e-05
