Number: 2531
Error: 4.012824195155624e-06
A1: [-1.0501156781553626e-05, -1.0131116675873036e-05, -8.573622343340098e-06, -1.0287646783935109e-05] - [0.20830332900125806, 0.33330329569634287, -0.04169142554867817, -2.9063602012168668e-05] - [0.16665381206871363, 0.6666543416257854, 0.16665633674599253, -1.2591157939173084e-05] - [-4.807623825740741e-06, -4.292013894319591e-06, -3.7761965195050537e-06, -4.803525470090467e-06]
A2: [0.1666889799714788, -0.16664364943646506, 2.334165811359883e-05, 2.2268123738153842e-05] - [0.16669458936332893, 0.3333621761165633, 2.844493780610808e-05, 2.7745553936593277e-05] - [0.1666526663493917, 0.8333189134038309, -1.5102727173005084e-05, -1.4043707466777812e-05] - [1.3591451326815057e-05, 1.4006857602561424e-05, 1.4383337082819007e-05, 1.359144875331005e-05]
B1: 0.16662824041050006 - 0.6665778337947633 - 0.16667350894222216 - -1.3203279577745993e-05
B2: 0.16661940910363265 - 0.6665975660455927 - 0.16658484755360425 - -4.615662831943554e-05
