Number: 1015
Error: 3.1736294932183606e-06
A1: [-5.235233022532656e-06, -4.6101043868624165e-06, -3.5093631314549854e-06, -5.148989567340829e-06] - [0.20831690113574278, 0.333318845254873, -0.04167708281297506, -1.60522451535152e-05] - [0.16666034340036637, 0.6666610561188109, 0.1666623559975098, -6.216885961727055e-06] - [-1.923009927727271e-06, -1.716605197794106e-06, -1.5100834271628716e-06, -1.921364923820077e-06]
A2: [0.16668025772093692, -0.16665272669834458, 1.4123981446571044e-05, 1.3572975485829332e-05] - [0.16669447623350064, 0.33336176879877044, 2.8487073455593415e-05, 2.773870572680566e-05] - [0.16666472223358242, 0.8333312826605068, -2.2726409778899377e-06, -1.961783963026824e-06] - [5.4548288560266065e-06, 5.621526829309347e-06, 5.772590962508654e-06, 5.454826196044696e-06]
B1: 0.16664360650014595 - 0.6666345647753195 - 0.16668409868795545 - -1.2885065950804723e-05
B2: 0.16663697512227985 - 0.6666254504011232 - 0.16661910093700075 - -2.9247373495673936e-05
