Number: 744
Error: 7.784769181422064e-06
A1: [1.4216411430943797e-06, 1.4068433861453613e-06, 1.740166269495788e-06, 1.480088704021696e-06] - [0.20834580887064136, 0.33334503951866007, -0.04165417229939558, 1.2732140251878412e-05] - [0.16666901891719785, 0.6666689182795833, 0.1666692474682893, 2.4240578967990544e-06] - [-1.4068054794175139e-06, -1.2557260190866984e-06, -1.1045562017219148e-06, -1.4056013206980175e-06]
A2: [0.1666498645839972, -0.16668405658595903, -1.8022039694791865e-05, -1.6815315340719395e-05] - [0.16658213310233855, 0.33324594917144357, -9.035489664090165e-05, -8.458542380741392e-05] - [0.16663955040504008, 0.833305328203086, -2.890501708462146e-05, -2.7128957920667564e-05] - [3.996919137602604e-06, 4.119052974603207e-06, 4.229730274047007e-06, 3.996917004359456e-06]
B1: 0.16671151012470553 - 0.6666254474051297 - 0.16658228819921705 - 5.1485868110750995e-05
B2: 0.1667046252454106 - 0.6667161978655568 - 0.16672970087922237 - 3.828532508581458e-05
