Number: 2332
Error: 6.899036994891669e-06
A1: [-4.097206717769413e-06, -4.379106271098733e-06, -3.5671954978738784e-06, -3.905438669245301e-06] - [0.2083315832224347, 0.33332874276786106, -0.041669204532187185, -9.060636972196767e-07] - [0.1666621739068639, 0.666661881615157, 0.16666293933695397, -4.256418785958784e-06] - [-4.429287239639929e-06, -3.954226752354105e-06, -3.4789652842872936e-06, -4.425509705259683e-06]
A2: [0.16665900545713458, -0.1666745438133512, -8.36229457920081e-06, -7.70285015578503e-06] - [0.166582266629966, 0.3332463908653745, -9.038450774071873e-05, -8.456329426021611e-05] - [0.16662692505207746, 0.833292374568233, -4.2341508721275934e-05, -3.9781602408449964e-05] - [1.252050494164451e-05, 1.2903175116570496e-05, 1.324998238779824e-05, 1.2520502064586544e-05]
B1: 0.1666955307494 - 0.666566147207111 - 0.16657133367142446 - 5.126970240981892e-05
B2: 0.1666860901783805 - 0.6666868474980312 - 0.16669367501234128 - 2.043864534051186e-05
