Number: 1518
Error: 7.349513791547025e-06
A1: [-1.255806250394528e-06, -1.399941320625194e-06, -8.324864141755392e-07, -1.1323868586551867e-06] - [0.20833892599370438, 0.33333715059157454, -0.04166144143610858, 6.135544744877839e-06] - [0.1666656954260709, 0.6666655022235891, 0.16666618738533137, -8.192451995975291e-07] - [-2.8800463946799044e-06, -2.5710560025953554e-06, -2.2619079150797824e-06, -2.8775855747885163e-06]
A2: [0.16665432357131355, -0.166679416523061, -1.3310542407055661e-05, -1.2370174284694944e-05] - [0.16658220816503477, 0.3332461737852724, -9.036065933527002e-05, -8.456465429118034e-05] - [0.16663339824498727, 0.8332990159075373, -3.5452781038732033e-05, -3.329441818428022e-05] - [8.151675928651616e-06, 8.400806794199674e-06, 8.62657964750752e-06, 8.151672729287773e-06]
B1: 0.1667037787364436 - 0.6665966047531712 - 0.16657701458897717 - 5.143769178233358e-05
B2: 0.16669544212033044 - 0.6667017831716813 - 0.1667120749106964 - 2.943771450780768e-05
