Number: 2099
Error: 3.7755803814431437e-06
A1: [-8.991484475730234e-06, -8.548210943143575e-06, -7.120318117568439e-06, -8.814247106864024e-06] - [0.20830723334446977, 0.33330776573641097, -0.04168729716644347, -2.5319088466201557e-05] - [0.166655682475922, 0.6666562647801827, 0.16665806236228925, -1.0765511111182003e-05] - [-3.985668543593357e-06, -3.5581696708779136e-06, -3.130479222285239e-06, -3.982267541772424e-06]
A2: [0.1666864992346096, -0.1666462314292417, 2.071954754507896e-05, 1.979510983348157e-05] - [0.16669457298217816, 0.3333620756147451, 2.8472193976889518e-05, 2.7759460717877548e-05] - [0.16665610511581647, 0.8333224414210266, -1.1443439992804349e-05, -1.059751956969086e-05] - [1.1273071811225628e-05, 1.1617613709766273e-05, 1.1929862143699533e-05, 1.1273068688174025e-05]
B1: 0.1666326057944034 - 0.6665939958896032 - 0.16667653310707842 - -1.3125797754325077e-05
B2: 0.1666243484093995 - 0.6666054743343616 - 0.16659460108971488 - -4.1404479456385305e-05
