Number: 593
Error: 2.9337508802517254e-06
A1: [-3.781896311112585e-06, -3.086830241851991e-06, -2.1143238113700114e-06, -3.7310705632306816e-06] - [0.20832062761053097, 0.33332311791920255, -0.04167315039235692, -1.248182911571217e-05] - [0.16666214836271112, 0.6666629110243847, 0.1666640162867036, -4.455638053535497e-06] - [-1.1199621874707068e-06, -9.996288736709798e-07, -8.792212531288265e-07, -1.1190032185837938e-06]
A2: [0.16667783027045388, -0.16665525264828232, 1.1559268772656115e-05, 1.1153069479464547e-05] - [0.16669445276861006, 0.33336166463251043, 2.8509169189586936e-05, 2.774482247080553e-05] - [0.16666808137431374, 0.8333347292959299, 1.302513148750802e-06, 1.4046028951091606e-06] - [3.189452634466323e-06, 3.2869051908311547e-06, 3.3752152287959667e-06, 3.189450857341664e-06]
B1: 0.1666476700984891 - 0.6666501541365033 - 0.16668685324150742 - -1.3010335461262419e-05
B2: 0.16664214481339354 - 0.6666334511999982 - 0.16662883037682397 - -2.4260491286421146e-05
