Number: 2658
Error: 6.719955405842551e-06
A1: [-5.219709278987711e-06, -5.555916356322364e-06, -4.645247039443286e-06, -5.000584615647449e-06] - [0.20832870465153122, 0.3333254411162271, -0.04167224453829424, -3.6640851107373606e-06] - [0.16666077917899935, 0.6666604480708337, 0.16666165584740267, -5.6173853018297125e-06] - [-5.0497125008642245e-06, -4.508143114596462e-06, -3.966363233136173e-06, -5.045409016861567e-06]
A2: [0.1666608799762464, -0.16667259300431791, -6.3813645905066994e-06, -5.834162844159813e-06] - [0.16658228495913985, 0.33324647238468036, -9.039980989149249e-05, -8.456783682011646e-05] - [0.16662433046751093, 0.833289712605202, -4.510258780998996e-05, -4.238179145781144e-05] - [1.426999292638355e-05, 1.4706138310274943e-05, 1.5101416063819484e-05, 1.426999059510579e-05]
B1: 0.16669218089358176 - 0.6665538964851166 - 0.16656899872602765 - 5.115562135103603e-05
B2: 0.16668230663938882 - 0.6666808757732907 - 0.16668636657578606 - 1.6796437047495152e-05
