Number: 43
Error: 2.6018901141381586e-06
A1: [-2.0453980267046825e-06, -1.2699110260853346e-06, -4.7527784257484337e-07, -2.0405824499837057e-06] - [0.2083248445463615, 0.33332800402208124, -0.04166875045262047, -8.467674048121347e-06] - [0.16666433904932118, 0.6666651562285142, 0.16666599724267325, -2.321773949201613e-06] - [-7.331279429901136e-08, -6.515063908026839e-08, -5.6982679775075535e-08, -7.32501899292209e-08]
A2: [0.16667468499514126, -0.16665852381977325, 8.240017730692202e-06, 8.017628170046512e-06] - [0.1666945416692173, 0.3333616564554121, 2.867336836657135e-05, 2.7872279457512124e-05] - [0.16667250046258664, 0.8333392639819034, 6.006159385696318e-06, 5.833134762282994e-06] - [2.3664585346203022e-07, 2.438400138922255e-07, 2.50356372896412e-07, 2.3664575433422202e-07]
B1: 0.16665212817063219 - 0.6666697623214443 - 0.16668986069865163 - -1.4010337653228128e-05
B2: 0.16665049849486624 - 0.6666449934740353 - 0.16664209246655615 - -1.6145092134848554e-05
