Number: 1657
Error: 3.5315479593190176e-06
A1: [-7.470005203236753e-06, -6.953106225201729e-06, -5.659127408850404e-06, -7.329859609661328e-06] - [0.2083111347678597, 0.33331224067827925, -0.041683177087164125, -2.1581109364542845e-05] - [0.16665757278921753, 0.6666582077373239, 0.16665980186435983, -8.92097544029051e-06] - [-3.1446473770695716e-06, -2.807298891562012e-06, -2.469783198425666e-06, -3.141961315608036e-06]
A2: [0.16668395387236412, -0.1666488801978911, 1.8029945964681343e-05, 1.7257649535371623e-05] - [0.1666945336423448, 0.3333619507356196, 2.847861084753512e-05, 2.7751108822562614e-05] - [0.16665961928624973, 0.8333260469756992, -7.703504368201417e-06, -7.075756834183187e-06] - [8.900841267917905e-06, 9.172872381932585e-06, 9.419400383261553e-06, 8.900838015951882e-06]
B1: 0.16663715154047654 - 0.666610599377734 - 0.1666796815723758 - -1.2967302399416854e-05
B2: 0.16662949688470335 - 0.6666135882442908 - 0.16660452668556547 - -3.644749351267448e-05
