Number: 2652
Error: 6.723212442775714e-06
A1: [-5.212721444012143e-06, -5.548697174743091e-06, -4.64061332768912e-06, -4.994087173410043e-06] - [0.208328702560666, 0.3333254437190343, -0.041672249842799026, -3.668341944229323e-06] - [0.1666607910315086, 0.6666604598617738, 0.1666616641010228, -5.6061409285813905e-06] - [-5.038289853572452e-06, -4.497944332348147e-06, -3.957388450713018e-06, -5.03399604624777e-06]
A2: [0.16666084316250096, -0.16667263110649652, -6.419899523454354e-06, -5.870869250757172e-06] - [0.1665822786140182, 0.333246465181718, -9.040490970007396e-05, -8.457376096686921e-05] - [0.16662437753100265, 0.8332897609457034, -4.505238411245919e-05, -4.2334624808877655e-05] - [1.423779504381362e-05, 1.4672956239146107e-05, 1.506734189755953e-05, 1.4237792700351794e-05]
B1: 0.16669228733817112 - 0.6665541647915032 - 0.16656908258118838 - 5.120254964457996e-05
B2: 0.16668242293795 - 0.6666809897146236 - 0.1666864601473139 - 1.6910132445976155e-05
