Number: 1520
Error: 7.3484110181066344e-06
A1: [-1.2581378074494318e-06, -1.4023499597891617e-06, -8.340330740383294e-07, -1.1345549287445768e-06] - [0.20833892668218482, 0.3333371497158313, -0.041661439675423455, 6.13695527592251e-06] - [0.16666569147354626, 0.6666654982917074, 0.16666618463292557, -8.229949682892727e-07] - [-2.883854039211677e-06, -2.574455665950382e-06, -2.264899456687049e-06, -2.8813899771323963e-06]
A2: [0.1666543358777517, -0.16667940378717117, -1.3297662386051125e-05, -1.2357903626037962e-05] - [0.16658221041198185, 0.33324617631777703, -9.035882847441935e-05, -8.45625476466768e-05] - [0.16663338258940685, 0.8332989998261622, -3.546948359953689e-05, -3.3310108136996026e-05] - [8.162410899730523e-06, 8.411869901824522e-06, 8.637940152539807e-06, 8.162407699327102e-06]
B1: 0.1667037433001117 - 0.6665965154547426 - 0.16657698687738448 - 5.1422096019321356e-05
B2: 0.1666954031153138 - 0.6667017449472864 - 0.1667120434697479 - 2.9399576907033993e-05
