Number: 2354
Error: 6.886934782925894e-06
A1: [-4.170755205541912e-06, -4.456195958333025e-06, -3.6374966484149445e-06, -3.9771430857520584e-06] - [0.2083313978392705, 0.3333285293318833, -0.041669399812206874, -1.0833200402419881e-06] - [0.16666208201088242, 0.6666617872247921, 0.16666285519842639, -4.346038463334457e-06] - [-4.471157663366058e-06, -3.991608868636491e-06, -3.511858310706052e-06, -4.467344610008738e-06]
A2: [0.16665913239375318, -0.16667441174685438, -8.228215030643681e-06, -7.5763070957221055e-06] - [0.1665822690717982, 0.33324639752246066, -9.038443671909712e-05, -8.456239589063734e-05] - [0.1666267501266468, 0.833292195089825, -4.252768225597329e-05, -3.995690603660373e-05] - [1.2638571930248393e-05, 1.3024850974466748e-05, 1.3374929312098235e-05, 1.263856908252612e-05]
B1: 0.16669529730885022 - 0.6665653135774705 - 0.1665711697039187 - 5.125462387892498e-05
B2: 0.16668582711680763 - 0.6666864436393999 - 0.16669318819512793 - 2.0185121586657352e-05
