Number: 2008
Error: 7.077724798583939e-06
A1: [-2.976979204297781e-06, -3.2046425942908753e-06, -2.4906281902908655e-06, -2.812405285502763e-06] - [0.2083344626616743, 0.3333320437321128, -0.04166616258278325, 1.8535455141143603e-06] - [0.16666356473880545, 0.6666633112853818, 0.1666642201215693, -2.8991474638882274e-06] - [-3.812649232211684e-06, -3.403689993912294e-06, -2.9945436568424694e-06, -3.809395204246464e-06]
A2: [0.16665714132292064, -0.16667648381246736, -1.0332269669426507e-05, -9.561188328672138e-06] - [0.16658224325618098, 0.3332463045826005, -9.03746623461128e-05, -8.456393759720846e-05] - [0.1666295021875981, 0.8332950186564748, -3.9598925015217075e-05, -3.7198897400433564e-05] - [1.0781641910737681e-05, 1.1111161459403977e-05, 1.140979403894509e-05, 1.0781638727187315e-05]
B1: 0.166698850160993 - 0.6665783084542587 - 0.16657363502882422 - 5.137308896840607e-05
B2: 0.16668984075860993 - 0.6666927871625593 - 0.16670095830360213 - 2.4048766281536675e-05
