Number: 1621
Error: 3.5115657988710736e-06
A1: [-7.332189059189743e-06, -6.8085141861322275e-06, -5.524663920067789e-06, -7.195077906160053e-06] - [0.20831150848224708, 0.33331266424243333, -0.041682779290502577, -2.122076096241062e-05] - [0.16665774078929527, 0.666658380812688, 0.1666599591550023, -8.756717456852424e-06] - [-3.076147193253311e-06, -2.7461417098920293e-06, -2.4159713668659683e-06, -3.0735194255138076e-06]
A2: [0.16668374880238407, -0.16664909380694037, 1.7812888005515395e-05, 1.7053223052468437e-05] - [0.1666945361739385, 0.3333619459945172, 2.848423981321976e-05, 2.7756163846460267e-05] - [0.1666599061155941, 0.8333263412115988, -7.398362625474695e-06, -6.788309258184765e-06] - [8.707611744296287e-06, 8.973736506522992e-06, 9.214911393972197e-06, 8.70760850115525e-06]
B1: 0.1666374755851129 - 0.6666119072499582 - 0.16667989526057703 - -1.3000635537467343e-05
B2: 0.16662987010361663 - 0.6666142462920873 - 0.16660537797797767 - -3.608986697202424e-05
