Number: 2272
Error: 6.932089019859266e-06
A1: [-3.8835494947716906e-06, -4.155056645314791e-06, -3.3609258869611117e-06, -3.69682327171581e-06] - [0.20833214146049955, 0.33332938047113153, -0.04166861338910071, -3.7004013672904863e-07] - [0.1666624377423924, 0.6666621529955267, 0.1666631834991952, -3.9988040443818564e-06] - [-4.315098189097919e-06, -3.852278742905898e-06, -3.3892605535275582e-06, -4.31141753972101e-06]
A2: [0.16665866144628122, -0.16667490192551931, -8.7260132186961e-06, -8.045787671930256e-06] - [0.1665822655924161, 0.333246378039523, -9.037967881009328e-05, -8.456012240100111e-05] - [0.16662740275067073, 0.833292864648658, -4.1833206188596135e-05, -3.930287238327057e-05] - [1.2198501265135005e-05, 1.257132899978055e-05, 1.2909215156521739e-05, 1.219849831355354e-05]
B1: 0.16669612476423212 - 0.6665683798856357 - 0.16657174177006795 - 5.126814689338416e-05
B2: 0.16668676301741173 - 0.6666879450843558 - 0.16669504184213485 - 2.1085473897314476e-05
