Number: 2965
Error: 4.249925449247318e-06
A1: [-1.2013065370369428e-05, -1.1716325312756934e-05, -1.0028366705844479e-05, -1.1763121010404018e-05] - [0.20829942564175696, 0.3332988250922585, -0.041695551866839674, -3.280641430381839e-05] - [0.16665193780622253, 0.6666524146391797, 0.16665460845918437, -1.442046085750583e-05] - [-5.6333485010610164e-06, -5.0292201933525715e-06, -4.424876382273843e-06, -5.628550960154454e-06]
A2: [0.16669146960320938, -0.16664105812767666, 2.5973229869106565e-05, 2.4749996752420727e-05] - [0.16669459504253611, 0.33336226619235315, 2.840656691810286e-05, 2.7720803138521223e-05] - [0.16664920873926578, 0.8333153661166781, -1.8781904985842757e-05, -1.750877454801628e-05] - [1.592037054633037e-05, 1.6406963022204907e-05, 1.68479680750098e-05, 1.5920368945943573e-05]
B1: 0.16662384895031085 - 0.6665615825751668 - 0.1666704471220345 - -1.3287156831202887e-05
B2: 0.16661444107609308 - 0.6665896300089769 - 0.1665750732680171 - -5.0936624970424426e-05
