Number: 131
Error: 2.6576312210118418e-06
A1: [-2.224614953005892e-06, -1.4561653685279322e-06, -6.272432897724944e-07, -2.2125323173601057e-06] - [0.2083245677472573, 0.3333276435523397, -0.041669009745769967, -8.712409855126546e-06] - [0.16666408857710957, 0.6666649028842505, 0.16666579202899476, -2.5632501733678894e-06] - [-2.407721725576731e-07, -2.1466553559480181e-07, -1.8854101492311106e-07, -2.4056595844019857e-07]
A2: [0.16667519763413044, -0.16665799204879625, 8.778441683085976e-06, 8.528693015264346e-06] - [0.16669454051876648, 0.33336166793370864, 2.8654309788124542e-05, 2.7864957388710346e-05] - [0.16667179051648856, 0.8333385350986745, 5.2498031481657645e-06, 5.121677119218094e-06] - [7.090819213469189e-07, 7.30717072352627e-07, 7.503198836063971e-07, 7.090815217964107e-07]
B1: 0.1666513017722341 - 0.666666501968648 - 0.16668924658580184 - -1.3963877719689208e-05
B2: 0.1666486600320315 - 0.666642953749323 - 0.16664010415514108 - -1.7945410293959552e-05
