Number: 2573
Error: 4.035821083262217e-06
A1: [-1.0645929962271744e-05, -1.0282896916240735e-05, -8.712690137070607e-06, -1.0428895463807943e-05] - [0.208302957465482, 0.33330286961538896, -0.041691817961270035, -2.941960672840196e-05] - [0.1666536322451968, 0.6666541567876826, 0.16665617122548568, -1.276663187048349e-05] - [-4.887534448133566e-06, -4.363358253946917e-06, -3.838973492150202e-06, -4.883368368145218e-06]
A2: [0.16668922130855313, -0.16664339827248667, 2.3596704562952962e-05, 2.2508709955795767e-05] - [0.1666945911374634, 0.33336218602371004, 2.8442377223536678e-05, 2.774438326261591e-05] - [0.1666523319534135, 0.8333185703251763, -1.545857401753782e-05, -1.43788250485034e-05] - [1.3816838154634157e-05, 1.4239133665543478e-05, 1.4621857657073556e-05, 1.3816835656826275e-05]
B1: 0.1666278100989708 - 0.6665762563722273 - 0.16667320856026901 - -1.3216725781815795e-05
B2: 0.16661892250223748 - 0.6665967970250073 - 0.16658390571116163 - -4.6625032967149825e-05
