Number: 1658
Error: 7.271640722919172e-06
A1: [-1.7544593372717257e-06, -1.922843102339692e-06, -1.3138961083091917e-06, -1.6192746995010002e-06] - [0.2083376230286206, 0.3333356622195952, -0.04166282114253449, 4.884416101290643e-06] - [0.16666507970036265, 0.6666648688963343, 0.16666561758084283, -1.420453803603187e-06] - [-3.146507788908688e-06, -2.8089547211903614e-06, -2.47123452072845e-06, -3.1438201556747865e-06]
A2: [0.1666551277998734, -0.16667857939249878, -1.2460335433116063e-05, -1.1568450200013169e-05] - [0.16658221634692028, 0.3332462094559661, -9.036620965736643e-05, -8.456629344961619e-05] - [0.16663228502256033, 0.8332978737886323, -3.663742356353881e-05, -3.441004670441256e-05] - [8.903119777769469e-06, 9.17521963899525e-06, 9.421809912626621e-06, 8.903116527948534e-06]
B1: 0.16670239503956227 - 0.6665914015190668 - 0.16657607321410356 - 5.1443738147189316e-05
B2: 0.16669386145958906 - 0.6666992111651937 - 0.16670887440588864 - 2.7917741913524198e-05
