Number: 3043
Error: 4.292441129326864e-06
A1: [-1.2295606628978541e-05, -1.201264668873057e-05, -1.0301847693837276e-05, -1.2039103964338485e-05] - [0.20829868054768236, 0.3332979756056293, -0.04169634192401581, -3.352261297230316e-05] - [0.1666515900304646, 0.6666520567738256, 0.16665428568919133, -1.4760146221961798e-05] - [-5.781745039772093e-06, -5.1617075667557065e-06, -4.541453977438387e-06, -5.776821988849428e-06]
A2: [0.16669191483576212, -0.16664059453112237, 2.6444159085852032e-05, 2.5193834966819126e-05] - [0.16669458983845387, 0.33336227639462407, 2.8393939715243402e-05, 2.7710130199698154e-05] - [0.1666485864211611, 0.8333147277102416, -1.9443984325710028e-05, -1.8132432883531726e-05] - [1.6338917594697574e-05, 1.683830340817331e-05, 1.7290905072008593e-05, 1.633891621386674e-05]
B1: 0.1666230965975403 - 0.6665586961417891 - 0.1666699284384164 - -1.3265322516248641e-05
B2: 0.16661358591558106 - 0.6665882077045718 - 0.16657328500151267 - -5.175799483958723e-05
