Number: 1203
Error: 3.2790026386757954e-06
A1: [-5.886153033164227e-06, -5.292492159880145e-06, -4.134936411111829e-06, -5.784128157022652e-06] - [0.20831522673094405, 0.3333169262991791, -0.04167885142315896, -1.7657113343263784e-05] - [0.16665953564346955, 0.666660225813448, 0.1666616120882322, -7.005165654686779e-06] - [-2.280756066572143e-06, -2.0360065068093833e-06, -1.7911233876115168e-06, -2.278805880808196e-06]
A2: [0.1666813406503966, -0.1666515997879879, 1.5268256651402876e-05, 1.4652543934604892e-05] - [0.16669449420823915, 0.33336182308933876, 2.848545668914948e-05, 2.7743501500097507e-05] - [0.16666322795446348, 0.8333297494834778, -3.862999569378804e-06, -3.4592915207236056e-06] - [6.463984969134211e-06, 6.6615295684962285e-06, 6.840549490495043e-06, 6.463982040751449e-06]
B1: 0.16664172464159463 - 0.6666275552098008 - 0.16668281370967852 - -1.2900761075279095e-05
B2: 0.16663475375179157 - 0.6666219563516836 - 0.16661482445640166 - -3.13873019614859e-05
