Number: 2379
Error: 3.929479231225587e-06
A1: [-9.964663391187132e-06, -9.56855787000072e-06, -8.056365021685498e-06, -9.763920891768052e-06] - [0.2083047241573788, 0.3333048910975104, -0.04168994915467577, -2.7724702293278037e-05] - [0.16665447554273136, 0.6666550239611871, 0.16665694988155888, -1.1943437696632533e-05] - [-4.518422094986003e-06, -4.03381432907349e-06, -3.5490038089089524e-06, -4.514568945385084e-06]
A2: [0.16668810839959236, -0.16664455667966344, 2.2420251576181357e-05, 2.1399269147199204e-05] - [0.16669458738408807, 0.33336214442129336, 2.8458066773224053e-05, 2.775423160245269e-05] - [0.16665387690778266, 0.833320155350813, -1.3814608168389655e-05, -1.2830537730240466e-05] - [1.2775744033551747e-05, 1.3166217168644049e-05, 1.3520097080043705e-05, 1.2775741218964635e-05]
B1: 0.16662975808963798 - 0.6665835039570296 - 0.16667455838943088 - -1.3194303951651713e-05
B2: 0.1666211275134669 - 0.6666003456700871 - 0.16658829391959884 - -4.450406906122894e-05
