Number: 371
Error: 2.8039113729929104e-06
A1: [-3.0159943985601003e-06, -2.2843926882812516e-06, -1.379606535348454e-06, -2.983802348471243e-06] - [0.20832259253472366, 0.3333253692332644, -0.04167107902164591, -1.0599006969762012e-05] - [0.1666630988258727, 0.6666638875495016, 0.166664890211154, -3.52817355752133e-06] - [-6.974956577126931e-07, -6.224410875579215e-07, -5.473379763685748e-07, -6.968981670723384e-07]
A2: [0.16667656109670456, -0.16665657344785745, 1.0218249067333567e-05, 9.887864626220567e-06] - [0.16669447299291654, 0.3333616431875718, 2.8554844489618058e-05, 2.7780608014550445e-05] - [0.16666985688785502, 0.8333365510362439, 3.1920375401418826e-06, 3.1839279656660498e-06] - [1.9976210943512593e-06, 2.058643010561815e-06, 2.113938552785095e-06, 1.9976199301948597e-06]
B1: 0.16664956400954653 - 0.6666581372851916 - 0.16668810999202097 - -1.3319909129180248e-05
B2: 0.16664505254876352 - 0.6666378507415615 - 0.1666341411227435 - -2.1448922997099e-05
