Number: 2536
Error: 6.786853828304738e-06
A1: [-4.8140471398908415e-06, -5.130740412833644e-06, -4.2578387298990225e-06, -4.605146311875959e-06] - [0.2083297238477785, 0.3333266153837808, -0.04167117144376167, -2.689946624335719e-06] - [0.1666612865637482, 0.6666609691643124, 0.16666211996939145, -5.122621000189006e-06] - [-4.81752712981806e-06, -4.300847310236536e-06, -3.7839600346903066e-06, -4.8134203850344235e-06]
A2: [0.1666601762250651, -0.1666733251835545, -7.124688199432149e-06, -6.535731569730868e-06] - [0.1665822725012751, 0.33324643660017067, -9.039902380355236e-05, -8.457173519631798e-05] - [0.1666253009000605, 0.8332907082916807, -4.406976800251124e-05, -4.1409261451037763e-05] - [1.3615289593061914e-05, 1.4031423179198833e-05, 1.4408561842723826e-05, 1.361528702961036e-05]
B1: 0.16669348146844545 - 0.6665585265119974 - 0.16656991645626157 - 5.124531143099632e-05
B2: 0.16668377089362774 - 0.6666831139775541 - 0.1666890576127468 - 1.8207798222534752e-05
