Number: 171
Error: 2.682666195923794e-06
A1: [-2.368937938967767e-06, -1.6072648332380735e-06, -7.663333283575254e-07, -2.353491845872042e-06] - [0.20832418866623223, 0.3333272120439219, -0.0416694096547308, -9.076674002353941e-06] - [0.1666639111427351, 0.6666647205344818, 0.16666562794802794, -2.736534598204104e-06] - [-3.168933243575631e-07, -2.8262852405364363e-07, -2.4834051268434705e-07, -3.166218593244317e-07]
A2: [0.16667542115825845, -0.16665775926857235, 9.014832711563148e-06, 8.751502072378086e-06] - [0.1666945170572903, 0.33336165172440463, 2.8625803409627106e-05, 2.7838692372212162e-05] - [0.1666714658780909, 0.8333382020499076, 4.904472691674613e-06, 4.79635207417793e-06] - [9.238527415899485e-07, 9.520527860136411e-07, 9.776047324420442e-07, 9.238522080879118e-07]
B1: 0.16665109853984586 - 0.6666651871027599 - 0.1666891292819919 - -1.3770154825784041e-05
B2: 0.16664806538673185 - 0.6666420714420774 - 0.16663903813318592 - -1.8522729870450207e-05
