Number: 1292
Error: 7.47561001499797e-06
A1: [-4.650858609158721e-07, -5.708915463940071e-07, -7.123349949449775e-08, -3.60645642791242e-07] - [0.20834097190120876, 0.33333949251635714, -0.04165927821525752, 8.097827540610626e-06] - [0.1666666749627914, 0.6666665093514497, 0.16666709114237338, 1.3686981453886997e-07] - [-2.4498899529834603e-06, -2.18700781419443e-06, -1.9239849728101928e-06, -2.4477955896996535e-06]
A2: [0.1666530225456602, -0.1666807705334878, -1.468552618200358e-05, -1.3667156987033985e-05] - [0.1665821874718782, 0.33324610907159735, -9.035845876021653e-05, -8.45694938430449e-05] - [0.16663519430702184, 0.8333008586646076, -3.354132957502784e-05, -3.1494472267089036e-05] - [6.938589562730207e-06, 7.150640550383596e-06, 7.3428075303660896e-06, 6.9385865374376904e-06]
B1: 0.16670605004239264 - 0.6666050391166058 - 0.16657856612395508 - 5.1465568120891066e-05
B2: 0.16669805350494835 - 0.666705950341213 - 0.1667172096499805 - 3.195113099264927e-05
