Number: 2120
Error: 7.01591757621091e-06
A1: [-3.3470669933920896e-06, -3.5925152173877932e-06, -2.8436963801847086e-06, -3.1731089561891713e-06] - [0.20833353639145244, 0.33333097563064956, -0.041667137267047176, 9.686321572134557e-07] - [0.16666310129213974, 0.6666628353869778, 0.16666379666453868, -3.3510092947768357e-06] - [-4.025814706359164e-06, -3.5940058638784545e-06, -3.162004624115107e-06, -4.022379620450972e-06]
A2: [0.16665778885116442, -0.16667581020400324, -9.64845191724406e-06, -8.915663662677709e-06] - [0.1665822597587212, 0.33324634244881673, -9.037042986131537e-05, -8.455529240174555e-05] - [0.16662861240850205, 0.8332941056868449, -4.054599148735955e-05, -3.8090601684108633e-05] - [1.1382742214713118e-05, 1.1730635228349766e-05, 1.2045920981874779e-05, 1.1382739110485863e-05]
B1: 0.16669764593873793 - 0.6665740508772965 - 0.16657278894895045 - 5.128054261824055e-05
B2: 0.1666884849211573 - 0.6666907280921829 - 0.16669849119171543 - 2.2741484287992756e-05
