Number: 2119
Error: 3.7865946911495075e-06
A1: [-9.062710384616875e-06, -8.622902281544074e-06, -7.189084136514567e-06, -8.883792413119825e-06] - [0.20830704721851134, 0.3333075531192887, -0.041687494266896934, -2.5497809668597915e-05] - [0.1666555945354551, 0.6666561743220845, 0.16665798097431486, -1.0851377972467855e-05] - [-4.023722704712973e-06, -3.592144564508805e-06, -3.1603739405190975e-06, -4.020289387400502e-06]
A2: [0.16668661393055045, -0.16664611203411978, 2.0840811815873748e-05, 1.9909448238649382e-05] - [0.16669457342789024, 0.3333620799846632, 2.8470680206879852e-05, 2.775850428668301e-05] - [0.16665594591397165, 0.8333222780907725, -1.1612843756059423e-05, -1.0757064968033366e-05] - [1.138040909695862e-05, 1.1728231909430026e-05, 1.2043454081909885e-05, 1.1380405990117157e-05]
B1: 0.1666324078818997 - 0.6665932518347122 - 0.16667639731211042 - -1.3125189120427849e-05
B2: 0.16662412403983656 - 0.6666051083568905 - 0.1665941452996221 - -4.162018486594323e-05
