Number: 883
Error: 3.0991851115274904e-06
A1: [-4.76930656717572e-06, -4.121614337733164e-06, -3.060296234160727e-06, -4.694152368987032e-06] - [0.2083181125246994, 0.3333202302458627, -0.041675801491346795, -1.4889714367260708e-05] - [0.1666609194994635, 0.6666616485279189, 0.16666288822113368, -5.654471284328686e-06] - [-1.6718228700230998e-06, -1.4923413283928127e-06, -1.312755261796551e-06, -1.6703923047244918e-06]
A2: [0.16667949932342666, -0.16665351603286752, 1.3322392461551781e-05, 1.2816937773787786e-05] - [0.16669446954306685, 0.33336173648766554, 2.8493876002685524e-05, 2.77412681672105e-05] - [0.16666577239332117, 0.8333323601264834, -1.1550351366865104e-06, -9.093576312925892e-07] - [4.746244405371074e-06, 4.891283222277262e-06, 5.022718332229389e-06, 4.746241980354852e-06]
B1: 0.1666448770176277 - 0.6666394385948224 - 0.16668495600501973 - -1.2924857184030896e-05
B2: 0.16663852325541964 - 0.6666279196807392 - 0.1666221485946921 - -2.7756420247411506e-05
