Number: 482
Error: 7.936177035859171e-06
A1: [2.32920174646853e-06, 2.3579222526346697e-06, 2.611721356187395e-06, 2.3656542056283306e-06] - [0.20834814278769392, 0.3333477130108368, -0.04165170959901018, 1.4969145110384204e-05] - [0.16667014474492475, 0.6666700752198549, 0.16667028367583342, 3.5227388768546903e-06] - [-9.080805686291603e-07, -8.104547285801744e-07, -7.127673314219585e-07, -9.07302859137873e-07]
A2: [0.16664836188665547, -0.16668562038627296, -1.9609845875060935e-05, -1.831332568340482e-05] - [0.1665821358102472, 0.3332459020432838, -9.032333381410632e-05, -8.456433880765767e-05] - [0.1666416402387686, 0.8333074724431396, -2.6680894145119452e-05, -2.5034622834440955e-05] - [2.590409220932743e-06, 2.6695505341790646e-06, 2.741266310942458e-06, 2.590407741986857e-06]
B1: 0.16671388690894037 - 0.6666349931296288 - 0.16658387787797485 - 5.126196428122949e-05
B2: 0.1667079260441696 - 0.6667212716071724 - 0.1667358630392244 - 4.147255625025102e-05
