Number: 2884
Error: 6.596186190681609e-06
A1: [-6.010055582271928e-06, -6.384593494851563e-06, -5.406144661672709e-06, -5.771954797467404e-06] - [0.20832666002923844, 0.33332310043761704, -0.04167440659288329, -5.6250907409139295e-06] - [0.16665979998271885, 0.6666594412732898, 0.166660752377457, -6.573165853296032e-06] - [-5.479807625943302e-06, -4.892130826575142e-06, -4.304239548947733e-06, -5.4751399932828065e-06]
A2: [0.16666217629037441, -0.1666712437015816, -5.011071526040167e-06, -4.541891603516606e-06] - [0.1665822879980557, 0.33324651949950834, -9.04195255981928e-05, -8.458065432638383e-05] - [0.16662253009307265, 0.8332878655533893, -4.7018316968772616e-05, -4.418605157370147e-05] - [1.5482764521150396e-05, 1.5955979596691388e-05, 1.638485863896007e-05, 1.5482762708031394e-05]
B1: 0.16668990166954242 - 0.6665454419211634 - 0.166567413180443 - 5.111958324682311e-05
B2: 0.16667972877238407 - 0.6666767429627554 - 0.1666812670250059 - 1.4316548169589612e-05
