Number: 1100
Error: 7.583212519805793e-06
A1: [1.9033982193686167e-07, 1.1615398237570738e-07, 5.572697774967498e-07, 2.786714557624981e-07] - [0.20834264412770037, 0.33334141243132065, -0.04165751391874583, 9.699072292263321e-06] - [0.16666749058950356, 0.6666673474677237, 0.16666784048451694, 9.326135514636776e-07] - [-2.084435924393033e-06, -1.8607253428686518e-06, -1.636890212455381e-06, -2.0826531948293984e-06]
A2: [0.16665191443188035, -0.1666819235080261, -1.5856158562189754e-05, -1.47718360359491e-05] - [0.1665821627502363, 0.33324604737936675, -9.036285936149618e-05, -8.45807472918538e-05] - [0.1666367193880314, 0.8333024234758044, -3.191809768359321e-05, -2.9966091907959895e-05] - [5.907963500678444e-06, 6.088511704613193e-06, 6.252127988066628e-06, 5.907960712728097e-06]
B1: 0.16670801622624198 - 0.6666122390977808 - 0.1665799164758851 - 5.15258559059614e-05
B2: 0.16670034492697175 - 0.6667095123939649 - 0.16672153975262213 - 3.415932347278397e-05
