Number: 214
Error: 8.096655656535751e-06
A1: [3.223760816810445e-06, 3.294546662364128e-06, 3.46454801367415e-06, 3.2377467492224592e-06] - [0.20835039258888002, 0.33335030045922864, -0.04164934748044287, 1.7119947034011192e-05] - [0.16667126149127645, 0.6666712213963133, 0.16667130395280405, 4.611749325410319e-06] - [-3.9790860136669597e-07, -3.5496078496248527e-07, -3.119843007168158e-07, -3.9756772473960284e-07]
A2: [0.16664683244849496, -0.16668721170271888, -2.122511327793088e-05, -1.9837969500669602e-05] - [0.16658217953252863, 0.3332458968893651, -9.024600013918797e-05, -8.450181919246055e-05] - [0.1666437907300299, 0.8333096790130726, -2.4392220099410986e-05, -2.287952752714132e-05] - [1.1516496312972089e-06, 1.1868125477995012e-06, 1.2186743034169625e-06, 1.1516489606355854e-06]
B1: 0.16671603234957483 - 0.6666445113800088 - 0.16658529727566732 - 5.074753221550881e-05
B2: 0.16671173260294758 - 0.6667267834519661 - 0.1667423727803938 - 4.5162947331133324e-05
