Number: 1935
Error: 3.6851812280064586e-06
A1: [-8.417004200511989e-06, -7.945852221012776e-06, -6.567085619003053e-06, -8.253538729386878e-06] - [0.20830872101727385, 0.33330946846764015, -0.04168572384200183, -2.3892098052129405e-05] - [0.16665639391505435, 0.6666569963194707, 0.16665871898078352, -1.0071066556478474e-05] - [-3.6736205460125666e-06, -3.279571393117106e-06, -2.8853387442422655e-06, -3.6704846448707313e-06]
A2: [0.16668555684918132, -0.16664721226716445, 1.9723468677055587e-05, 1.8855656271538132e-05] - [0.1666945641325294, 0.33336203480087767, 2.8479855085351263e-05, 2.7762108780462078e-05] - [0.16665740984957553, 0.8333237800339878, -1.0054996163407577e-05, -9.289968693121558e-06] - [1.0392895748149289e-05, 1.0710533797487389e-05, 1.0998397480054647e-05, 1.0392892526077591e-05]
B1: 0.16663426023704347 - 0.6666001266306023 - 0.16667767397837602 - -1.309921382347106e-05
B2: 0.16662622222986928 - 0.6666084794891889 - 0.16659831120789917 - -3.960170735570766e-05
