Number: 1976
Error: 7.0954109711812565e-06
A1: [-2.867812784612912e-06, -3.0902025658333393e-06, -2.385940250005097e-06, -2.7059233446001828e-06] - [0.20833474111253103, 0.3333323634800126, -0.041665868752283126, 2.120166863166273e-06] - [0.16666370061530342, 0.6666634509136756, 0.16666434496044832, -2.766584274265601e-06] - [-3.75174525055315e-06, -3.3493145275370554e-06, -2.9466983162322652e-06, -3.7485429697155545e-06]
A2: [0.1666569568677535, -0.16667667574796416, -1.0527152355796784e-05, -9.745071045666057e-06] - [0.16658223994834478, 0.33324629509522924, -9.037461957384285e-05, -8.456500050180903e-05] - [0.1666297565593743, 0.8332952796450992, -3.9328203988065074e-05, -3.694397558439534e-05] - [1.0609896565711371e-05, 1.0934166480415717e-05, 1.1228040979856036e-05, 1.0609893364700844e-05]
B1: 0.16669918282017648 - 0.6665795139248526 - 0.1665738661987371 - 5.138811547131345e-05
B2: 0.16669021677869322 - 0.666693374789229 - 0.1667016737819348 - 2.441091387457449e-05
