Number: 2934
Error: 6.56883808617812e-06
A1: [-6.188090342979618e-06, -6.571286652103136e-06, -5.578020756960675e-06, -5.945788317025773e-06] - [0.2083261948698103, 0.33332256906070595, -0.04167489917013077, -6.071738802573935e-06] - [0.16665958013365825, 0.666659215137474, 0.16666054892078355, -6.787831495634719e-06] - [-5.574959064498766e-06, -4.977081472937694e-06, -4.3789888109146835e-06, -5.570210920195059e-06]
A2: [0.1666624624107619, -0.16667094583162598, -4.7085295105434e-06, -4.256665657560639e-06] - [0.16658228675194325, 0.3332465280746182, -9.042566142493367e-05, -8.45854085561854e-05] - [0.166622131491299, 0.8332874566331512, -4.744242238219652e-05, -4.458551305008272e-05] - [1.57510698062234e-05, 1.6232485908274266e-05, 1.6668798756106413e-05, 1.5751068123158734e-05]
B1: 0.16668940842474125 - 0.6665435816234939 - 0.16656707171587842 - 5.112262108889982e-05
B2: 0.16667916951754894 - 0.6666758297778523 - 0.16668012949969044 - 1.3778969636898473e-05
