Number: 2083
Error: 3.7668045603371218e-06
A1: [-8.948882671852631e-06, -8.503644372813142e-06, -7.081299036518413e-06, -8.772976005749483e-06] - [0.20830732433544494, 0.3333078746674949, -0.041687203900089925, -2.5233965827371734e-05] - [0.16665573829983596, 0.6666563218018636, 0.16665811131187547, -1.0711332172999894e-05] - [-3.9552237985592e-06, -3.5309878838374428e-06, -3.1065611317076056e-06, -3.951848652796284e-06]
A2: [0.16668640502635906, -0.16664632927541476, 2.0620334384762605e-05, 1.970118771795216e-05] - [0.16669456621541964, 0.33336206602812635, 2.84676531954565e-05, 2.775381608280641e-05] - [0.1666562317342063, 0.8333225713807838, -1.130858003899962e-05, -1.0470626239412675e-05] - [1.1187209314215713e-05, 1.1529126688035687e-05, 1.183899632098226e-05, 1.118720617885502e-05]
B1: 0.16663281135276417 - 0.6665946362287364 - 0.16667668471072722 - -1.3079016417567638e-05
B2: 0.16662457695858277 - 0.6666057713482332 - 0.16659492265742906 - -4.118286574117963e-05
