Number: 1822
Error: 7.1806541002548354e-06
A1: [-2.3289618573051276e-06, -2.52521435801423e-06, -1.8671269542365624e-06, -2.180004515217568e-06] - [0.2083361354779294, 0.3333339596377981, -0.04166439427466677, 3.4575504447120015e-06] - [0.1666643681525991, 0.6666641372717074, 0.16666496090781321, -2.1150055803700276e-06] - [-3.4586452923201884e-06, -3.087633270570341e-06, -2.7164441166615945e-06, -3.4556921488353554e-06]
A2: [0.16665607122079112, -0.16667759750854894, -1.1463216025914715e-05, -1.0627963093235372e-05] - [0.16658222905285716, 0.33324625415958536, -9.037000672914761e-05, -8.456509239795622e-05] - [0.1666309811822902, 0.8332965360752773, -3.802497490616837e-05, -3.5716705686562295e-05] - [9.78335713720669e-06, 1.0082362724850818e-05, 1.0353338760457103e-05, 9.783353884185569e-06]
B1: 0.1667007401067835 - 0.6665852729096609 - 0.16657493758302136 - 5.141674623662429e-05
B2: 0.16669198120135573 - 0.6666961996161572 - 0.16670515824947987 - 2.610857717875263e-05
