Number: 588
Error: 7.87446537532017e-06
A1: [1.964459652443321e-06, 1.975753413411879e-06, 2.2619065405273965e-06, 2.0098085878130827e-06] - [0.2083472084715704, 0.3333466420216929, -0.041652694592779926, 1.4074028235107819e-05] - [0.16666969177810412, 0.66666960984115, 0.16666986731966696, 3.0807527946840433e-06] - [-1.1098573594712548e-06, -9.90605219581822e-07, -8.712794878234961e-07, -1.108907048425195e-06]
A2: [0.16664896926836698, -0.16668498833036824, -1.89681230795059e-05, -1.7707840240058115e-05] - [0.16658213163142363, 0.3332459178679251, -9.033949701399775e-05, -8.45759525655791e-05] - [0.1666407937738716, 0.8333066039338399, -2.758175245444499e-05, -2.5882908844626582e-05] - [3.159461102909455e-06, 3.255996531285885e-06, 3.343475427266351e-06, 3.1594593422063305e-06]
B1: 0.16671294805016987 - 0.666631150876032 - 0.16658325153588457 - 5.137526607928618e-05
B2: 0.16670655760877545 - 0.6667191937073854 - 0.16673335314730722 - 4.0150067934288213e-05
