Number: 298
Error: 8.045428062874337e-06
A1: [2.931296978601258e-06, 2.9883093050217552e-06, 3.1839874443519804e-06, 2.9523362012126756e-06] - [0.20834963901451606, 0.3333494386579152, -0.04165014105131749, 1.6397448419561563e-05] - [0.16667089937242122, 0.6666708494449307, 0.16667097085535532, 4.258335444237048e-06] - [-5.578143854883005e-07, -4.977285150388266e-07, -4.3760327311597365e-07, -5.57336521710995e-07]
A2: [0.1666473075056883, -0.16668671720390274, -2.0723049488688214e-05, -1.9364415010095902e-05] - [0.1665821510745901, 0.3332458838008548, -9.028485444896177e-05, -8.453616876323271e-05] - [0.16664311363589104, 0.8333089843200612, -2.511266091093688e-05, -2.3558064682254785e-05] - [1.6026068001536905e-06, 1.651554067523012e-06, 1.6959073559583647e-06, 1.602605862161082e-06]
B1: 0.16671546433271517 - 0.6666416232457812 - 0.1665849383822207 - 5.101319034429025e-05
B2: 0.16671052971589767 - 0.6667250088803491 - 0.1667402464146612 - 4.3996470291118796e-05
