Number: 164
Error: 8.127621639181727e-06
A1: [3.3799542093741786e-06, 3.457880958183104e-06, 3.611541033855284e-06, 3.389758908935955e-06] - [0.20835076894190865, 0.33335073699023976, -0.04164895580461192, 1.747787181861529e-05] - [0.166671458885005, 0.6666714235818609, 0.16667148195012635, 4.803978869942722e-06] - [-3.0272311994099366e-07, -2.699764501099218e-07, -2.3720766560904122e-07, -3.024638180484319e-07]
A2: [0.16664654795881367, -0.16668750758130033, -2.1525306913219324e-05, -2.0121564714634575e-05] - [0.16658219405288247, 0.33324590278823185, -9.022423076448415e-05, -8.44837919376903e-05] - [0.16664419427204902, 0.8333100931106575, -2.3962717474868923e-05, -2.247512658714416e-05] - [8.832226008050376e-07, 9.101805280134901e-07, 9.346068670813374e-07, 8.83222094759057e-07]
B1: 0.16671639144049233 - 0.6666462532609596 - 0.16658553541281365 - 5.061046597607391e-05
B2: 0.16671253932556218 - 0.6667278744008182 - 0.16674361388163103 - 4.5947996743924254e-05
