Number: 1522
Error: 7.3472493970549e-06
A1: [-1.2844343608892898e-06, -1.4300698940886432e-06, -8.622368299349614e-07, -1.1606650455614049e-06] - [0.20833883084233107, 0.33333704689079596, -0.04166154528298298, 6.04192985170041e-06] - [0.16666566329928123, 0.6666654687778959, 0.16666615493890344, -8.50943305111658e-07] - [-2.887656560557629e-06, -2.5778499184137194e-06, -2.2678853000949413e-06, -2.885189261239425e-06]
A2: [0.16665434409182542, -0.16667939494107845, -1.3288459095975292e-05, -1.2349725325745198e-05] - [0.16658220198466556, 0.33324616871032775, -9.036657499759664e-05, -8.457111524960005e-05] - [0.16663336568932086, 0.8332989825648557, -3.5487297886704955e-05, -3.332704259340733e-05] - [8.173146232441816e-06, 8.4229333524635e-06, 8.649300981058449e-06, 8.173143030997905e-06]
B1: 0.16670378664150717 - 0.6665965013986045 - 0.16657703087392442 - 5.148534272198053e-05
B2: 0.16669544585894314 - 0.6667017137469544 - 0.1667119402326248 - 2.9443185718632295e-05
