Number: 1389
Error: 3.3827426535213135e-06
A1: [-6.5345045975919036e-06, -5.972251208082457e-06, -4.758761574489981e-06, -6.416862291389433e-06] - [0.20831355250114028, 0.33331500901881467, -0.04168062106289775, -1.9262530057099873e-05] - [0.16665873203837445, 0.6666593996254174, 0.16666087109919178, -7.789497113259614e-06] - [-2.634689860260855e-06, -2.3520032819780482e-06, -2.069168296615541e-06, -2.6324380041552266e-06]
A2: [0.16668241150263202, -0.16665048536835514, 1.639991252498172e-05, 1.5720070953399188e-05] - [0.16669451104546232, 0.33336187602688, 2.848325395101227e-05, 2.774729976797859e-05] - [0.16666174963361804, 0.8333282327088726, -5.436318278533923e-06, -4.9408066314833655e-06] - [7.462370395480792e-06, 7.690432330666019e-06, 7.897110129749347e-06, 7.462367278817353e-06]
B1: 0.16663985648944296 - 0.6666206142424458 - 0.16668153660240803 - -1.2922601033106987e-05
B2: 0.16663259023776114 - 0.6666185199426864 - 0.16661059935712563 - -3.3470240326098204e-05
