Number: 1695
Error: 3.5525497653062866e-06
A1: [-7.5861818969557495e-06, -7.074790315820266e-06, -5.76847610305886e-06, -7.4428613723093445e-06] - [0.20831085827382492, 0.3333119181904116, -0.041683465753758746, -2.1843607903130944e-05] - [0.16665742505655137, 0.6666580563102322, 0.16665966876084323, -9.064786490491501e-06] - [-3.2169547971743877e-06, -2.871856250771802e-06, -2.526588077447662e-06, -3.214207211640426e-06]
A2: [0.16668417530761867, -0.1666486499963292, 1.8263526883907842e-05, 1.7478405327767146e-05] - [0.16669454395088185, 0.3333619680710992, 2.848431098164497e-05, 2.7758752891662874e-05] - [0.16665931801718284, 0.8333257378101825, -8.024265653052006e-06, -7.377678689012983e-06] - [9.10478883627089e-06, 9.38305394254161e-06, 9.63523203282867e-06, 9.104785578151209e-06]
B1: 0.16663671299248597 - 0.6666091266395708 - 0.16667936807962971 - -1.3028700908751108e-05
B2: 0.16662900339580553 - 0.6666128854186932 - 0.16660371623257988 - -3.692451582443803e-05
