Number: 204
Error: 8.102826465130498e-06
A1: [3.259768651494157e-06, 3.3322540741758884e-06, 3.499258486430015e-06, 3.272913769338538e-06] - [0.20835048707712855, 0.33335040807477456, -0.041649247744580745, 1.7210731235890008e-05] - [0.1666713057951634, 0.6666712669322717, 0.1666713449247534, 4.65501576093977e-06] - [-3.788721410988522e-07, -3.3796458215972965e-07, -2.9702965497129614e-07, -3.7854757690394176e-07]
A2: [0.16664677627623461, -0.1666872701952047, -2.1284513078652943e-05, -1.9893962868031774e-05] - [0.16658218419284798, 0.33324589971059243, -9.024012426923262e-05, -8.449645749250227e-05] - [0.16664387159074767, 0.8333097619699483, -2.4306197642152197e-05, -2.2798495024275742e-05] - [1.097964180016526e-06, 1.131486100849117e-06, 1.1618607732672227e-06, 1.0979635419581926e-06]
B1: 0.16671609098930615 - 0.6666448469892342 - 0.16658533254806696 - 5.070692565954123e-05
B2: 0.1667118757211405 - 0.6667269983035732 - 0.16674263337288162 - 4.530173105242005e-05
