Number: 208
Error: 8.100321366406983e-06
A1: [3.230983798095169e-06, 3.3019816003761123e-06, 3.4693772785044413e-06, 3.2444790116280023e-06] - [0.2083503913578871, 0.33335030385214137, -0.04164935206668785, 1.7116549036674848e-05] - [0.16667127353681513, 0.6666712333648739, 0.16667131236702176, 4.623186297768958e-06] - [-3.8648504062088015e-07, -3.44761283631619e-07, -3.030096379850228e-07, -3.861539529584176e-07]
A2: [0.16664679628450033, -0.16668724913738786, -2.126296457565032e-05, -1.9874026158051094e-05] - [0.16658217590326768, 0.3332458924768746, -9.024824264333948e-05, -8.45050276210762e-05] - [0.1666438384944, 0.8333097280737873, -2.434127919742862e-05, -2.283166008545995e-05] - [1.1194384923027066e-06, 1.1536168046639807e-06, 1.184586303118623e-06, 1.1194378411795144e-06]
B1: 0.16671611494286614 - 0.6666447580177695 - 0.16658536157487644 - 5.077061647520795e-05
B2: 0.16671186742477423 - 0.6667269164731784 - 0.16674248595328967 - 4.529516793446602e-05
