Number: 717
Error: 3.004871471009969e-06
A1: [-4.191302705537912e-06, -3.515737930854177e-06, -2.504501468072158e-06, -4.1300866518062945e-06] - [0.20831960382678696, 0.3333219378539737, -0.041674226269626156, -1.345982472005223e-05] - [0.16666163589598093, 0.6666623849348227, 0.16666354843703604, -4.9552766264409335e-06] - [-1.3559317269030704e-06, -1.2103078387661696e-06, -1.0645962585264038e-06, -1.3547710278676442e-06]
A2: [0.1666785453232499, -0.16665450883695707, 1.231428028322941e-05, 1.1865905284445391e-05] - [0.1666944622921472, 0.3333616973340832, 2.850422547818839e-05, 2.774565344116534e-05] - [0.16666709387297746, 0.8333337160022399, 2.5137343826064584e-07, 4.1497234982638124e-07] - [3.855121292017107e-06, 3.972921283355621e-06, 4.079671048127766e-06, 3.855119216041217e-06]
B1: 0.1666464599337624 - 0.6666455556219164 - 0.16668602454288786 - -1.298971717479345e-05
B2: 0.16664053135975346 - 0.6666310611548337 - 0.16662599086844274 - -2.5820225125907628e-05
