Number: 2806
Error: 6.638829540647863e-06
A1: [-5.751492524585973e-06, -6.113599642885586e-06, -5.159341561493704e-06, -5.519927358234094e-06] - [0.20832730845338532, 0.33332384782615737, -0.04167372406564425, -5.005470521565832e-06] - [0.1666601235730829, 0.6666597735833905, 0.166661048220393, -6.257643175645517e-06] - [-5.331364595166841e-06, -4.759600718619116e-06, -4.187623497389219e-06, -5.326822603408966e-06]
A2: [0.16666172656589606, -0.16667171159385527, -5.486081985017812e-06, -4.990220744496817e-06] - [0.1665822810082891, 0.3332464976146242, -9.041801204008864e-05, -8.458217145469668e-05] - [0.1666231508187938, 0.8332885024272563, -4.6357699914337625e-05, -4.356398474255009e-05] - [1.5064203546731074e-05, 1.5524624833578245e-05, 1.594190704099891e-05, 1.5064201541831042e-05]
B1: 0.1666907347603772 - 0.6665484045022851 - 0.1665680032460825 - 5.1178520424505374e-05
B2: 0.16668066661003514 - 0.6666781731525596 - 0.16668298412491855 - 1.5220568056854058e-05
