Number: 2070
Error: 7.043470869604201e-06
A1: [-3.1929772942891023e-06, -3.4311108758257273e-06, -2.6984544294414366e-06, -3.023197924655085e-06] - [0.2083339050823483, 0.33333140512250015, -0.041666751994700824, 1.3189031006605519e-06] - [0.16666329694133916, 0.6666630359635926, 0.16666397319883675, -3.16052110792979e-06] - [-3.930649026924055e-06, -3.5090407374200128e-06, -3.0872423510463287e-06, -3.9272947616187944e-06]
A2: [0.16665749789963785, -0.16667611270446692, -9.955411267131057e-06, -9.205720731599264e-06] - [0.16658224752390416, 0.33324632092440276, -9.037667846540852e-05, -8.45640194519426e-05] - [0.16662900907508027, 0.8332945127362236, -4.0123688729818655e-05, -3.769307563694738e-05] - [1.1114395646385366e-05, 1.1454086261204847e-05, 1.1761937574210983e-05, 1.1114392503250087e-05]
B1: 0.16669822015575264 - 0.6665759866189104 - 0.16657320012890248 - 5.1358507026317204e-05
B2: 0.1666891279881662 - 0.6666916504056032 - 0.1666995590663706 - 2.336287337339559e-05
