Number: 2476
Error: 6.819827466669073e-06
A1: [-4.600394745318077e-06, -4.906696440092919e-06, -4.051574968609538e-06, -4.39653563001918e-06] - [0.2083302820716052, 0.3333272530712528, -0.04167058031641812, -2.153937012911897e-06] - [0.16666155039395103, 0.6666612405390777, 0.16666236412705657, -4.865011354095059e-06] - [-4.7033405772982145e-06, -4.1989017709695715e-06, -3.6942572317564423e-06, -4.699330626165659e-06]
A2: [0.166659832440505, -0.16667368306877753, -7.4881798642364e-06, -6.878442795298286e-06] - [0.16658227232439704, 0.3332464246360893, -9.039333353912565e-05, -8.456770255380066e-05] - [0.166625778810602, 0.833291198584201, -4.356125330867105e-05, -4.093031940658189e-05] - [1.3293298477211098e-05, 1.3699590029702314e-05, 1.4067807763361249e-05, 1.3293295811844681e-05]
B1: 0.16669407472271916 - 0.6665607590420717 - 0.16657032507922634 - 5.124300587639473e-05
B2: 0.16668444318148415 - 0.6666842110031289 - 0.16669042387100272 - 1.8854075260453447e-05
