Number: 313
Error: 2.769286807324283e-06
A1: [-2.827050348628258e-06, -2.086601109122028e-06, -1.2002057198143807e-06, -2.7997158798677685e-06] - [0.20832306077871895, 0.33332590950946894, -0.04167058854827536, -1.0152169784710187e-05] - [0.16666333577903092, 0.6666641306166308, 0.16666510577701799, -3.2972182759382227e-06] - [-5.871210368477507e-07, -5.238956336408197e-07, -4.6062881909873055e-07, -5.866180560914619e-07]
A2: [0.16667622936885437, -0.16665691852564882, 9.868027311767666e-06, 9.55717377567856e-06] - [0.16669448065439244, 0.33336164038500565, 2.856999624121141e-05, 2.7792335283333372e-05] - [0.166670322088411, 0.8333370283873419, 3.6871682644113735e-06, 3.650124358064889e-06] - [1.6862350043704124e-06, 1.73773878659968e-06, 1.7844088265416444e-06, 1.6862340159510184e-06]
B1: 0.1666500438902032 - 0.6666602122585521 - 0.16668843179269577 - -1.3415646280279245e-05
B2: 0.1666458910778931 - 0.666639043875518 - 0.16663553507343426 - -2.0635520757145503e-05
