Number: 2200
Error: 6.9717712560784384e-06
A1: [-3.631950825383954e-06, -3.891256088159016e-06, -3.1187304835943148e-06, -3.4512702471816797e-06] - [0.20833279204966662, 0.33333012533473977, -0.04166792548172949, 2.5390998767736307e-07] - [0.16666274950395596, 0.6666624735389466, 0.1666634711085027, -3.6945028804059255e-06] - [-4.178069100815675e-06, -3.729938844274087e-06, -3.281612729451489e-06, -4.17450475011233e-06]
A2: [0.16665824773045512, -0.1666753325225965, -9.163295399887033e-06, -8.458215490771012e-06] - [0.16658226189262243, 0.33324636030048066, -9.037611918195611e-05, -8.455877094265202e-05] - [0.16662797566143844, 0.8332934524305536, -4.122354408522933e-05, -3.8728723924346e-05] - [1.1812092076630594e-05, 1.2173108720715961e-05, 1.2500289463920194e-05, 1.1812089046276832e-05]
B1: 0.1666968535374126 - 0.6665710741215528 - 0.16657224555315991 - 5.128224459575667e-05
B2: 0.166687587055986 - 0.6666892638811278 - 0.1666966679727365 - 2.187829943717797e-05
