Number: 2015
Error: 3.7293140064169454e-06
A1: [-8.701917721654379e-06, -8.24462768847311e-06, -6.842159491655554e-06, -8.531729737561814e-06] - [0.20830797648012192, 0.3333086179662262, -0.041686512274955, -2.460701591417665e-05] - [0.16665604214387045, 0.666656634477897, 0.1666583934209815, -1.0414543113519638e-05] - [-3.8258393179117345e-06, -3.415473074162178e-06, -3.004919251480112e-06, -3.822574074735603e-06]
A2: [0.1666860158090215, -0.16664673451048262, 2.020870158259999e-05, 1.9313185966939533e-05] - [0.1666945665792734, 0.33336205294354865, 2.847446099487274e-05, 2.7758947049274642e-05] - [0.16665677320503547, 0.833323126875465, -1.073244907985443e-05, -9.927987384991963e-06] - [1.0822255834966131e-05, 1.1153017894587032e-05, 1.1452776691095265e-05, 1.0822252653657919e-05]
B1: 0.1666334685287511 - 0.6665971508191219 - 0.1666771317253718 - -1.3096828946070326e-05
B2: 0.16662532382812942 - 0.6666070146338513 - 0.1665964870801096 - -4.0465452795575936e-05
