Number: 1478
Error: 7.371798527013547e-06
A1: [-1.1133235860834732e-06, -1.2505309881883593e-06, -6.949316796691037e-07, -9.932657336208408e-07] - [0.20833929830624456, 0.33333757587524143, -0.04166104720248865, 6.4930467627005e-06] - [0.1666658713566668, 0.6666656831826904, 0.16666635019417658, -6.474624215027031e-07] - [-2.8039138091519433e-06, -2.5030841898880886e-06, -2.202099724155964e-06, -2.801517820176303e-06]
A2: [0.16665409376016316, -0.16667965573426538, -1.3553489116799289e-05, -1.2599269869951899e-05] - [0.166582205716608, 0.3332461634854884, -9.035917900945989e-05, -8.456429673801616e-05] - [0.16663371628249934, 0.8332993422018914, -3.511433644288063e-05, -3.2975693237964905e-05] - [7.936974068027169e-06, 8.179542245955623e-06, 8.399367212700011e-06, 7.936970891164599e-06]
B1: 0.16670417335106305 - 0.6665980905949492 - 0.16657728266974514 - 5.143523456904466e-05
B2: 0.16669589458759967 - 0.6667025189046355 - 0.16671299023717334 - 2.9872842399268547e-05
