Number: 886
Error: 7.70399812991232e-06
A1: [9.437335245207838e-07, 9.060225293793117e-07, 1.2831172636868439e-06, 1.01408857117027e-06] - [0.20834459990675852, 0.3333436492503405, -0.04165544558651887, 1.1575647543149107e-05] - [0.16666842271688004, 0.666668305912424, 0.16666870122874297, 1.8425568974178259e-06] - [-1.677101932346446e-06, -1.4970516984283784e-06, -1.3168968007547943e-06, -1.6756668744259729e-06]
A2: [0.16665068389282703, -0.16668320420987362, -1.715671478013994e-05, -1.599854679157574e-05] - [0.16658214830269244, 0.33324599134515764, -9.035545386289785e-05, -8.458018381799528e-05] - [0.1666384212008871, 0.8333041695423229, -3.0106952491374872e-05, -2.8260601905163868e-05] - [4.759203152561037e-06, 4.90463755318482e-06, 5.036431151701531e-06, 4.759200725100009e-06]
B1: 0.16671009571837342 - 0.6666201580244123 - 0.1665813212222246 - 5.148100272502782e-05
B2: 0.166702853693598 - 0.6667135083815632 - 0.16672646655990955 - 3.657532697889189e-05
