Number: 1279
Error: 3.3214223313808767e-06
A1: [-6.14258760507027e-06, -5.561280851043143e-06, -4.38039133713256e-06, -6.034189509182391e-06] - [0.20831457681016194, 0.33331617899665456, -0.04167953647044857, -1.8278949598421987e-05] - [0.16665921586409935, 0.6666598972906802, 0.1666613188622302, -7.31707791256841e-06] - [-2.425375301107396e-06, -2.1651248342656112e-06, -1.9047345621700969e-06, -2.42330182003222e-06]
A2: [0.1666817796509644, -0.16665114305882764, 1.5731951346427175e-05, 1.5090185748895668e-05] - [0.16669450485096332, 0.3333618482877891, 2.8487918602440452e-05, 2.774881627653754e-05] - [0.16666262433951323, 0.8333291301318113, -4.5054811554939725e-06, -4.064211688727759e-06] - [6.8719273582391984e-06, 7.0819414201821026e-06, 7.272262360678846e-06, 6.871924343610839e-06]
B1: 0.16664093519788223 - 0.6666246942233429 - 0.1666822682255117 - -1.2935819445084038e-05
B2: 0.16663383904809514 - 0.6666205479997014 - 0.16661312176817114 - -3.226908024835726e-05
