Number: 383
Error: 2.811028289933178e-06
A1: [-3.054228763021268e-06, -2.3244138043518344e-06, -1.4157789419737175e-06, -3.021032517486897e-06] - [0.20832249909847797, 0.33332526107134597, -0.04167117670213716, -1.0688017510505947e-05] - [0.16666305066190315, 0.6666638381654704, 0.1666648465618672, -3.5750974159232163e-06] - [-7.20331741512773e-07, -6.428297708784445e-07, -5.652778054035554e-07, -7.197147008269307e-07]
A2: [0.166676629985752, -0.16665650180129934, 1.0290954659438881e-05, 9.95653911580095e-06] - [0.16669447224703132, 0.33336164459837725, 2.85525299870256e-05, 2.7779020903228048e-05] - [0.16666976080211587, 0.8333364524369647, 3.0897596021890817e-06, 3.08763618322195e-06] - [2.0620446641347843e-06, 2.125035814784372e-06, 2.182115917538494e-06, 2.0620434643846203e-06]
B1: 0.16664945872335096 - 0.6666577024713456 - 0.16668803839250335 - -1.3306102072839775e-05
B2: 0.16664487864856847 - 0.6666376061248902 - 0.1666338577436301 - -2.1617624323617523e-05
