Number: 2223
Error: 3.843801460882451e-06
A1: [-9.423495605062843e-06, -9.00116899656919e-06, -7.536001019008824e-06, -9.235847747614951e-06] - [0.20830611798140958, 0.3333064882971966, -0.041688476235065726, -2.638857917593177e-05] - [0.16665514693425032, 0.6666557141734968, 0.1666575685337335, -1.1288205825220909e-05] - [-4.22160401898302e-06, -3.768814008449526e-06, -3.3158270646707044e-06, -4.218002708255993e-06]
A2: [0.16668721186472996, -0.16664548974541735, 2.1472734594336475e-05, 2.0505523163198267e-05] - [0.1666945795671221, 0.3333621063164992, 2.8466191468771144e-05, 2.775735204000885e-05] - [0.16665511844855088, 0.8333214291318672, -1.2493412464224292e-05, -1.158631697097658e-05] - [1.193855132940086e-05, 1.2303434537985217e-05, 1.2634119926005858e-05, 1.1938548321283926e-05]
B1: 0.16663134755667408 - 0.6665893526705968 - 0.16667566216492516 - -1.3153236569413e-05
B2: 0.16662292499385675 - 0.6666032028383727 - 0.16659180429452736 - -4.27741742532863e-05
