Number: 1445
Error: 3.4138686480659418e-06
A1: [-6.719626615607514e-06, -6.166266698385954e-06, -4.935374805863044e-06, -6.5972920046136505e-06] - [0.20831308901665643, 0.33331447462377634, -0.04168110874292717, -1.9705335632360085e-05] - [0.16665850027373133, 0.6666591616305559, 0.16666065932360288, -8.015468812079901e-06] - [-2.741249813724327e-06, -2.4471416396411944e-06, -2.1528808776176905e-06, -2.7389071827555696e-06]
A2: [0.16668273560313598, -0.1666501482338292, 1.674214866376504e-05, 1.604317024442211e-05] - [0.16669452054886555, 0.3333618961843001, 2.848658130204022e-05, 2.7752877116163013e-05] - [0.16666130505930457, 0.833327776532307, -5.909545814313824e-06, -5.3863427679761955e-06] - [7.762947112244796e-06, 8.000196679350825e-06, 8.215201336411923e-06, 7.7629439540145e-06]
B1: 0.1666392584939227 - 0.6666184904358732 - 0.16668111949402725 - -1.2964749109290922e-05
B2: 0.16663190702878644 - 0.6666174848957978 - 0.16660935997760498 - -3.4129187111897236e-05
