Number: 2854
Error: 6.612601396357461e-06
A1: [-5.90323522051466e-06, -6.272577929515994e-06, -5.303019229412315e-06, -5.667655190681565e-06] - [0.2083269391227422, 0.33332341926206244, -0.041674111047942296, -5.357104082666591e-06] - [0.16665993189188189, 0.6666595769545981, 0.1666608744512449, -6.444366763120236e-06] - [-5.422716513945756e-06, -4.841160192219608e-06, -4.259389797989388e-06, -5.418097197230875e-06]
A2: [0.16666200459216043, -0.16667142244967773, -5.192622928868963e-06, -4.71305315238085e-06] - [0.1665822886458991, 0.33324651425419327, -9.041594458626872e-05, -8.457790162344328e-05] - [0.1666227692294191, 0.8332881108807182, -4.676387861248664e-05, -4.39463994125235e-05] - [1.5321780109365362e-05, 1.5790074528894144e-05, 1.6214493269390924e-05, 1.532177822087901e-05]
B1: 0.1666901977945594 - 0.6665465582058658 - 0.16656761808729112 - 5.111793756372806e-05
B2: 0.1666800643043048 - 0.666677290851351 - 0.16668194951677945 - 1.463907434013876e-05
