Number: 1058
Error: 7.606833519596751e-06
A1: [3.3524898293490393e-07, 2.680614122133348e-07, 6.964522292862474e-07, 4.200553555904162e-07] - [0.20834301609401518, 0.3333418389081708, -0.04165712115552407, 1.0055505359493298e-05] - [0.1666676705527614, 0.6666675324333655, 0.16666800611304994, 1.108225844141214e-06] - [-2.0044921416156848e-06, -1.7893503717061655e-06, -1.5740877985764543e-06, -2.002777619268872e-06]
A2: [0.16665167233533953, -0.16668217542798494, -1.6111952061422997e-05, -1.5013181228720951e-05] - [0.16658215822722655, 0.33324603474666187, -9.036298448783618e-05, -8.458232417989737e-05] - [0.16663705313574345, 0.833302765913345, -3.156288232717703e-05, -2.9631622491715846e-05] - [5.682509269416037e-06, 5.8561660866193614e-06, 6.013536839994751e-06, 5.682506544261513e-06]
B1: 0.16670843796858423 - 0.6666138061468684 - 0.16658020430809584 - 5.15306782105808e-05
B2: 0.16670084398992807 - 0.6667102941647259 - 0.16672249454126126 - 3.464018026556633e-05
