Number: 2089
Error: 3.7700733463593755e-06
A1: [-8.955872072209755e-06, -8.510865761308931e-06, -7.085935539558947e-06, -8.779475005548902e-06] - [0.20830732640538585, 0.3333078720431161, -0.04168719861788455, -2.522972992971428e-05] - [0.1666557264457179, 0.6666563100088381, 0.1666581030559109, -1.0722578120435879e-05] - [-3.966641429679421e-06, -3.5411821910037307e-06, -3.1155318368794133e-06, -3.9632565867559e-06]
A2: [0.16668644188138051, -0.166646291132118, 2.065891005149308e-05, 1.97379353722356e-05] - [0.16669457273863428, 0.3333620734088839, 2.8472929790106406e-05, 2.775991824432315e-05] - [0.16665618471156196, 0.8333225230809234, -1.1358743387156481e-05, -1.0517752048247371e-05] - [1.121940301919672e-05, 1.156230445598086e-05, 1.1873066018491861e-05, 1.1219399888364357e-05]
B1: 0.1666327048257983 - 0.6665943679767918 - 0.16667660104817317 - -1.3126027106874372e-05
B2: 0.16662446055373503 - 0.6666056572813123 - 0.1665948289417721 - -4.1296667193582546e-05
