Number: 78
Error: 8.181924380360576e-06
A1: [3.628298073719373e-06, 3.7172547270869655e-06, 3.841555385511003e-06, 3.6309305567527113e-06] - [0.20835133417758975, 0.3333514007224697, -0.04164837423198417, 1.8011489790776236e-05] - [0.1666717777297909, 0.6666717494195987, 0.1666717649349137, 5.113961023126587e-06] - [-1.389995127093388e-07, -1.2379879234599294e-07, -1.0858756600579508e-07, -1.3888058204377935e-07]
A2: [0.16664605803531818, -0.1666880168534272, -2.2041759094523274e-05, -2.0609949726460993e-05] - [0.16658222186804691, 0.3332459164995036, -9.018250384723273e-05, -8.444994494676216e-05] - [0.16664489038994215, 0.8333108075065112, -2.3221707541950546e-05, -2.1777531379624613e-05] - [4.215288802275944e-07, 4.343742377057108e-07, 4.460117287192085e-07, 4.2152866578460235e-07]
B1: 0.16671699535053805 - 0.6666492420042577 - 0.16658594413287703 - 5.036110462596058e-05
B2: 0.16671405920294163 - 0.6667298192423716 - 0.1667457493303467 - 4.743059579526813e-05
