Number: 2388
Error: 6.8682416239805055e-06
A1: [-4.282243132621941e-06, -4.5730341247366804e-06, -3.743721013276536e-06, -4.085783179069033e-06] - [0.2083311201107471, 0.3333282087422018, -0.041669691849807775, -1.348497349793688e-06] - [0.16666194219112732, 0.6666616436737955, 0.1666627276147442, -4.482342417663027e-06] - [-4.535866922415729e-06, -4.04938168906579e-06, -3.5626935236170865e-06, -4.531998982660571e-06]
A2: [0.1666593289190877, -0.16667420731206453, -8.02068859694385e-06, -7.380389988599591e-06] - [0.16658227373330387, 0.3332464086494902, -9.0383539526621e-05, -8.45601197471935e-05] - [0.16662647987999685, 0.8332919178007958, -4.2815324572174004e-05, -4.022773717929553e-05] - [1.2821038060836515e-05, 1.3212894418833452e-05, 1.3568028028530278e-05, 1.2821035260561277e-05]
B1: 0.16669492953598522 - 0.6665640185013002 - 0.1665709098169323 - 5.1224312802773886e-05
B2: 0.1666854131063949 - 0.6666858188248457 - 0.1666924423363894 - 1.9785851767553666e-05
