Number: 774
Error: 7.767632166709326e-06
A1: [1.3145633857218065e-06, 1.2945863728922691e-06, 1.6368186108734889e-06, 1.3755324743829881e-06] - [0.2083455288543615, 0.3333447198346841, -0.04165446863226494, 1.2463232990427501e-05] - [0.16666888678864122, 0.6666687823928886, 0.16666912520991325, 2.2950407594832486e-06] - [-1.4639097455744545e-06, -1.3067096349025004e-06, -1.1494160699621683e-06, -1.4626567930108004e-06]
A2: [0.1666500365328144, -0.16668387760242565, -1.7840268890755966e-05, -1.664390320175942e-05] - [0.16658213316370296, 0.33324595505566057, -9.035790745236205e-05, -8.458746672746487e-05] - [0.16663931141114918, 0.8333050829994398, -2.9159348515185915e-05, -2.7368467258951247e-05] - [4.1579665564547e-06, 4.2850230903978905e-06, 4.4001615935511675e-06, 4.1579643574301725e-06]
B1: 0.16671123488941672 - 0.6666243522638199 - 0.16658210500056336 - 5.150843803978513e-05
B2: 0.1667042689453943 - 0.6667156286074579 - 0.16672899645580133 - 3.794202893388381e-05
