Number: 1400
Error: 7.415253008467022e-06
A1: [-8.546404877182139e-07, -9.794167382492317e-07, -4.4801348880035084e-07, -7.411193297006916e-07] - [0.20833994714281504, 0.3333383236655529, -0.04166036429873682, 7.113076572384065e-06] - [0.16666619505575847, 0.6666660155984886, 0.16666664612800294, -3.3183313171122895e-07] - [-2.6554503476866386e-06, -2.3705340241535876e-06, -2.085468605846707e-06, -2.65318081760832e-06]
A2: [0.16665364231724528, -0.16668012534450427, -1.4030212297133912e-05, -1.3049317430160722e-05] - [0.1665821922737364, 0.33324613516350066, -9.036407606707594e-05, -8.457226797841255e-05] - [0.16663433542994746, 0.8332999775028129, -3.445528711116393e-05, -3.235520531819538e-05] - [7.518301094115924e-06, 7.748071867023547e-06, 7.956298373133307e-06, 7.5182979714043846e-06]
B1: 0.16670500485550754 - 0.6666010470853744 - 0.16657786159755783 - 5.149249781731329e-05
B2: 0.16669684344797794 - 0.6667039603857517 - 0.1667147189003865 - 3.078788942610605e-05
