Number: 229
Error: 2.7184184066341754e-06
A1: [-2.5586761001403913e-06, -1.8057824084934995e-06, -9.463914211105472e-07, -2.538371689574009e-06] - [0.2083237175167496, 0.33332666910405656, -0.04166990254841093, -9.52641409737858e-06] - [0.16666367353325318, 0.6666644768631607, 0.16666541183112837, -2.9681455028868025e-06] - [-4.272681212037895e-07, -3.8117434847481217e-07, -3.3504979990828675e-07, -4.269020706476724e-07]
A2: [0.1666757498885774, -0.16665741725083455, 9.361939552810818e-06, 9.07919539785951e-06] - [0.16669449711811377, 0.3333616419906173, 2.859788850274105e-05, 2.7814687492645632e-05] - [0.16667099755166412, 0.8333377215066075, 4.406091727075698e-06, 4.327029860759384e-06] - [1.2352543459685603e-06, 1.2729730027628483e-06, 1.3071507883338218e-06, 1.2352536225794518e-06]
B1: 0.16665070305055302 - 0.6666631869149681 - 0.1666888727046803 - -1.3590085317246876e-05
B2: 0.16664716529089613 - 0.6666408148506409 - 0.16663757898952308 - -1.939769929710501e-05
