Number: 1266
Error: 7.490124960659512e-06
A1: [-3.8682821775110606e-07, -4.889401524570925e-07, 2.202522336058836e-09, -2.84559300170672e-07] - [0.20834115606998652, 0.3333397078580517, -0.04165908631397298, 8.272424709133166e-06] - [0.16666677480388675, 0.666666611643664, 0.1666671808191983, 2.3402861029806668e-07] - [-2.4003997547837004e-06, -2.14282197435536e-06, -1.8851055860900187e-06, -2.3983475774227885e-06]
A2: [0.16665287068990206, -0.1666809283763734, -1.484566786191359e-05, -1.3818547623412206e-05] - [0.1665821794099347, 0.33324609623318824, -9.03632963708143e-05, -8.457573194289682e-05] - [0.1666354002713522, 0.8333010700363198, -3.332201777331029e-05, -3.128806113651575e-05] - [6.7990278817669225e-06, 7.006812928429395e-06, 7.195113690237211e-06, 6.799024883822581e-06]
B1: 0.16670635193246627 - 0.666606048158733 - 0.1665787814485849 - 5.15093972375052e-05
B2: 0.16669839852730292 - 0.6667064347050825 - 0.16671776350849207 - 3.228488173612471e-05
