Number: 870
Error: 7.713039926396377e-06
A1: [9.86423906384877e-07, 9.506704643423619e-07, 1.3222092163407124e-06, 1.0554479553884236e-06] - [0.20834469119209778, 0.3333437584502823, -0.041655352080589396, 1.1661063649641668e-05] - [0.16666847861944323, 0.6666683630055582, 0.16666875024016856, 1.8968140010956229e-06] - [-1.646644327814352e-06, -1.4698582954528699e-06, -1.2929691667607422e-06, -1.6452352805817886e-06]
A2: [0.16665058961812187, -0.16668330211775376, -1.725598395590088e-05, -1.6092535266153962e-05] - [0.1665821413955492, 0.3332459816410672, -9.036008712491767e-05, -8.45859686523146e-05] - [0.1666385477966895, 0.8333042994856298, -2.9972102841278262e-05, -2.8133731185776527e-05] - [4.6733130060264145e-06, 4.8161220125154155e-06, 4.945536313531863e-06, 4.673310609534264e-06]
B1: 0.16671029365174828 - 0.6666207907453605 - 0.16658146508786656 - 5.152014392936713e-05
B2: 0.16670308980713025 - 0.6667138131464106 - 0.16672679603887886 - 3.680450411754146e-05
