Number: 1798
Error: 7.193998086796772e-06
A1: [-2.229106789720191e-06, -2.4203945502885084e-06, -1.7686122830587113e-06, -2.082180063759545e-06] - [0.20833641673570133, 0.33333427593295284, -0.04166409335506728, 3.729866680798442e-06] - [0.16666448823166652, 0.6666642611844625, 0.16666507474749578, -1.997428959183112e-06] - [-3.412970640602478e-06, -3.0468552535959667e-06, -2.6805641259298342e-06, -3.4100563360375093e-06]
A2: [0.16665593588812144, -0.16667773860320476, -1.1606680520102547e-05, -1.0762866429465723e-05] - [0.16658223435280944, 0.3332462544254716, -9.036301351871665e-05, -8.455810880050777e-05] - [0.16663117283983395, 0.8332967326474134, -3.782115426159762e-05, -3.552463564019443e-05] - [9.654543391534268e-06, 9.949611625147475e-06, 1.0217019052408001e-05, 9.654540135267258e-06]
B1: 0.1667009302387534 - 0.666586120147488 - 0.16657505657005164 - 5.13686018262327e-05
B2: 0.16669220250175304 - 0.6666966356797795 - 0.16670574933284496 - 2.63194752593043e-05
