Number: 706
Error: 7.806535745798686e-06
A1: [1.5620960591347012e-06, 1.5541255207077124e-06, 1.8764298842753873e-06, 1.6173450594056193e-06] - [0.2083461829725045, 0.3333454649417125, -0.04165377537952273, 1.3092152102010799e-05] - [0.16666919114971035, 0.6666690955425687, 0.16666940773866773, 2.592344599990789e-06] - [-1.3344738320801791e-06, -1.1911472423696701e-06, -1.0477342773301814e-06, -1.3333314886159006e-06]
A2: [0.16664964769298496, -0.16668428242586356, -1.8251450722598054e-05, -1.7031526561126512e-05] - [0.1665821355414291, 0.3332459441375017, -9.034876765270014e-05, -8.458031930321311e-05] - [0.1666398534776602, 0.8333056391309226, -2.858253888446455e-05, -2.682523240809476e-05] - [3.792924603205339e-06, 3.9088229918134776e-06, 4.013849422709059e-06, 3.792922556001243e-06]
B1: 0.16671183995201858 - 0.6666268167903745 - 0.1665825034610911 - 5.1438463931011085e-05
B2: 0.16670506252260375 - 0.6667169199057223 - 0.16673060995722497 - 3.87061310251894e-05
