Number: 2727
Error: 4.120054966713175e-06
A1: [-1.1184737788231225e-05, -1.0847845756316684e-05, -9.231475697243525e-06, -1.0954772607938313e-05] - [0.20830156304776343, 0.3333012733905771, -0.04169329254466483, -3.075704678582376e-05] - [0.16665296483551229, 0.6666534705374041, 0.16665555535121485, -1.3418085633061371e-05] - [-5.180536152182635e-06, -4.624950095636631e-06, -4.069151979647558e-06, -5.176121862463182e-06]
A2: [0.1666901046124491, -0.16664247886919206, 2.453041550221425e-05, 2.3389260773234724e-05] - [0.16669459319092864, 0.33336221807748134, 2.842890748736556e-05, 2.7735639188574483e-05] - [0.166651105203874, 0.8333173117612355, -1.676393105259151e-05, -1.5608220500763993e-05] - [1.4643245398236552e-05, 1.50908010586647e-05, 1.549642147451583e-05, 1.4643243211964498e-05]
B1: 0.1666262584353925 - 0.6665704968265989 - 0.16667212961860173 - -1.3239872866247434e-05
B2: 0.1666171669482714 - 0.6665939810677065 - 0.16658042983157603 - -4.831386751485545e-05
