Number: 182
Error: 8.116390570481135e-06
A1: [3.310266551959252e-06, 3.384871659634149e-06, 3.543663956811958e-06, 3.3215893781722296e-06] - [0.20835057926443892, 0.33335052262373865, -0.04164915704712072, 1.7294880353574915e-05] - [0.16667137422655492, 0.6666713364388615, 0.16667140275568834, 4.721192532103381e-06] - [-3.369884567821052e-07, -3.00569282248855e-07, -2.641256182044115e-07, -3.366997866390853e-07]
A2: [0.1666466479442751, -0.16668740338524646, -2.1419440630346445e-05, -2.002190126006999e-05] - [0.16658218228109703, 0.3332458944076489, -9.023802000963886e-05, -8.4496826201516e-05] - [0.16664404815535222, 0.8333099432270946, -2.4118111305896834e-05, -2.262155249346396e-05] - [9.79856436923784e-07, 1.0097681535524936e-06, 1.0368712323384841e-06, 9.798558711417466e-07]
B1: 0.16671631013653826 - 0.6666456717307229 - 0.1665854928101295 - 5.070781199342702e-05
B2: 0.16671229188828574 - 0.6667274827075709 - 0.16674312391724022 - 4.5708361313173476e-05
