Number: 61
Error: 2.613332824597894e-06
A1: [-2.0674022850697663e-06, -1.2925239640715336e-06, -4.900466255834842e-07, -2.0611143042062464e-06] - [0.20832484695925116, 0.33332799266432095, -0.041668737772626564, -8.458759302000048e-06] - [0.16666430263447282, 0.6666651200649865, 0.16666597176254497, -2.3563628914374554e-06] - [-1.0756504753043701e-07, -9.57327901469952e-08, -8.389220812522409e-08, -1.0747306033045433e-07]
A2: [0.1666747921545272, -0.16665841287553496, 8.35218778554673e-06, 8.124465468335454e-06] - [0.16669454714655818, 0.33336166417132723, 2.8674475931251715e-05, 2.787649401683615e-05] - [0.16667235579183712, 0.8333391153935795, 5.851905254013083e-06, 5.6881547341666626e-06] - [3.3327414343613733e-07, 3.43421950523481e-07, 3.526149092327664e-07, 3.3327398292624457e-07]
B1: 0.16665191660603298 - 0.6666690544244084 - 0.16668969559624933 - -1.4043408036669801e-05
B2: 0.16665006806072108 - 0.6666445675883018 - 0.1666417253464243 - -1.656772102141276e-05
