Number: 933
Error: 3.127438634595132e-06
A1: [-4.947637504461598e-06, -4.308591856834053e-06, -3.2324403537414494e-06, -4.868281048708359e-06] - [0.20831764625131358, 0.33331969781145765, -0.04167629505927156, -1.5337473737457936e-05] - [0.16666069942208694, 0.6666614221711611, 0.1666626845608296, -5.869363354453168e-06] - [-1.76696982475332e-06, -1.5772900601351094e-06, -1.3875009399474785e-06, -1.7654580168773904e-06]
A2: [0.16667978621659799, -0.16665321740784572, 1.362567365070579e-05, 1.310293709514258e-05] - [0.16669447097531168, 0.3333617476563487, 2.8490263852034873e-05, 2.773919560585676e-05] - [0.16666537443615242, 0.8333319518286696, -1.578534199100117e-06, -1.308173333610118e-06] - [5.014650889487341e-06, 5.167894034868486e-06, 5.3067644436240876e-06, 5.0146483709905095e-06]
B1: 0.16664440450709056 - 0.6666376006898705 - 0.16668463900625166 - -1.2901034117960915e-05
B2: 0.1666379408399735 - 0.666626982620209 - 0.1666209864188861 - -2.8317177138929237e-05
