Number: 1767
Error: 3.5923925778639763e-06
A1: [-7.837833725201515e-06, -7.338648489150292e-06, -6.010732655859403e-06, -7.688467359208356e-06] - [0.2083102074151898, 0.33331117305092495, -0.04168415394284096, -2.2467827212486352e-05] - [0.1666571132848921, 0.6666577357480143, 0.16665938112676407, -9.369097283962334e-06] - [-3.353955491123683e-06, -2.9941716759873587e-06, -2.634213817710936e-06, -3.351091365839826e-06]
A2: [0.1666845894499097, -0.16664821897769388, 1.8701230275011667e-05, 1.7891260449659122e-05] - [0.1666945492666514, 0.3333619874030593, 2.848234171087138e-05, 2.7759021057365517e-05] - [0.16665874552347293, 0.8333251504398862, -8.633515770843891e-06, -7.95140906624744e-06] - [9.491228386601067e-06, 9.781305612738704e-06, 1.0044189504074975e-05, 9.491225125722119e-06]
B1: 0.16663598532763027 - 0.6666064346709738 - 0.166678867786434 - -1.304168170651475e-05
B2: 0.16662817646166245 - 0.6666115635654962 - 0.16660208674900964 - -3.772025851605089e-05
