Number: 2794
Error: 6.6453883087494305e-06
A1: [-5.713557153924615e-06, -6.073855314871803e-06, -5.1234223472759276e-06, -5.482995706444389e-06] - [0.20832740078487688, 0.33332395496618455, -0.041673627320942465, -4.917563307843388e-06] - [0.1666601714931514, 0.6666598227403906, 0.16666109166247733, -6.210962516998515e-06] - [-5.308526560760657e-06, -4.739210797290072e-06, -4.169681886246934e-06, -5.3040039029151305e-06]
A2: [0.16666165705098257, -0.16667178388829987, -5.559455179674658e-06, -5.059520989874421e-06] - [0.16658227906669837, 0.333246493422373, -9.04185613709713e-05, -8.4583271104081e-05] - [0.16662324620815075, 0.8332886003058642, -4.6256163299653604e-05, -4.3468389063908936e-05] - [1.499980903090668e-05, 1.5458262022579263e-05, 1.5873760091230518e-05, 1.4999806997701723e-05]
B1: 0.1666908690697819 - 0.6665488661209931 - 0.16656809955524673 - 5.11937337439679e-05
B2: 0.16668081716986863 - 0.666678393710492 - 0.16668324275900093 - 1.5365924907967827e-05
