Number: 540
Error: 7.902285714280654e-06
A1: [2.116900965957592e-06, 2.1353801140309324e-06, 2.406176720253978e-06, 2.1582334956953742e-06] - [0.20834758032994502, 0.33334707292470167, -0.04165230547492098, 1.4428185020768351e-05] - [0.1666698840446256, 0.6666698070135626, 0.16667004157901336, 3.2680592161725664e-06] - [-1.0184852854413276e-06, -9.090260740907827e-07, -7.994986553706893e-07, -1.0176131237008648e-06]
A2: [0.16664869184153536, -0.16668527682831732, -1.9260890281302416e-05, -1.7984408382638642e-05] - [0.16658212696650124, 0.3332459044067626, -9.033819386193985e-05, -8.457725070844738e-05] - [0.16664117618646912, 0.8333069963576776, -2.7174648573480127e-05, -2.5499671583554936e-05] - [2.9017782540072383e-06, 2.9904371241151937e-06, 3.0707780038144758e-06, 2.901776618053785e-06]
B1: 0.1667134214311473 - 0.6666329364135497 - 0.1665835782300836 - 5.137222700553307e-05
B2: 0.16670721557416543 - 0.6667201333106756 - 0.16673444659252304 - 4.0787226409592423e-05
