Number: 2908
Error: 6.583019603299763e-06
A1: [-6.109891315793568e-06, -6.489392824128013e-06, -5.504639030659963e-06, -5.8697601602307415e-06] - [0.20832637883279587, 0.3333227842048689, -0.041674707452375635, -5.897346280413148e-06] - [0.16665967992365158, 0.6666593173807436, 0.1666606385554199, -6.690722969614139e-06] - [-5.5254759689110914e-06, -4.932902540479723e-06, -4.3401143369583836e-06, -5.520769692629923e-06]
A2: [0.16666231117360256, -0.16667110305713217, -4.868056748999588e-06, -4.407437701464646e-06] - [0.16658228099690278, 0.3332465175326646, -9.042821656162137e-05, -8.458933935696389e-05] - [0.16662233801775292, 0.83328766856383, -4.722255459392197e-05, -4.437853954697188e-05] - [1.561155168259807e-05, 1.608870324484773e-05, 1.652115050119212e-05, 1.561154993117769e-05]
B1: 0.16668971229326726 - 0.6665445942376134 - 0.16656729241724574 - 5.116846164479971e-05
B2: 0.16667950926283018 - 0.6666763087317393 - 0.16668067781300108 - 1.4107441020462289e-05
