Number: 2906
Error: 6.584162265132668e-06
A1: [-6.083599004078351e-06, -6.461677364574784e-06, -5.476439868682099e-06, -5.8436542603068175e-06] - [0.20832647466166748, 0.33332288701857365, -0.041674601856243956, -5.802331780394336e-06] - [0.16665970809198385, 0.6666593468883835, 0.16666066824329936, -6.662780512593e-06] - [-5.5216757927417995e-06, -4.929510726551429e-06, -4.337130908714401e-06, -5.516972731280759e-06]
A2: [0.1666623030051287, -0.16667111185755007, -4.877214435195116e-06, -4.4155704056250136e-06] - [0.16658228959674576, 0.33324652531254423, -9.042029804581912e-05, -8.458059921037676e-05] - [0.16662235496008806, 0.8332876858673277, -4.720469818314551e-05, -4.436156282633274e-05] - [1.560081904879728e-05, 1.6077642591389996e-05, 1.650979251815682e-05, 1.560081729220624e-05]
B1: 0.16668966892775575 - 0.6665446083913298 - 0.16656724865362854 - 5.110519309053699e-05
B2: 0.16667946629548036 - 0.6666763396989819 - 0.16668078081481516 - 1.4063609566938488e-05
