Number: 2286
Error: 6.924338892788191e-06
A1: [-3.947781477431446e-06, -4.222521233544842e-06, -3.4250491893997367e-06, -3.7598650546981964e-06] - [0.20833195328783166, 0.33332917050421246, -0.04166881574305273, -5.529739796642519e-07] - [0.16666236164887815, 0.6666620743255551, 0.16666311036447445, -4.073432131996493e-06] - [-4.341738556336472e-06, -3.876062652426487e-06, -3.410187469897255e-06, -4.338035301721429e-06]
A2: [0.16665873926520255, -0.16667482069476794, -8.643346474388715e-06, -7.968219191066538e-06] - [0.16658225944903482, 0.33324637496723875, -9.038653310401694e-05, -8.456724796175975e-05] - [0.1666272905456469, 0.8332927495932582, -4.195247251396782e-05, -3.941531807105863e-05] - [1.2273636058968673e-05, 1.2648760359842687e-05, 1.2988728100206398e-05, 1.2273633124044052e-05]
B1: 0.16669603343225983 - 0.6665679040906557 - 0.1665716896046507 - 5.131582043728646e-05
B2: 0.16668665503482505 - 0.6666876931601325 - 0.16669467980014183 - 2.0983558589733454e-05
