Number: 1468
Error: 7.377371106132453e-06
A1: [-1.0777029966098495e-06, -1.2131784487237162e-06, -6.605430197970683e-07, -9.58485531172059e-07] - [0.20833939138402421, 0.3333376821958899, -0.04166094864429766, 6.582421906344763e-06] - [0.16666591533928157, 0.6666657284224491, 0.16666639089636212, -6.045167657603099e-07] - [-2.784880609032986e-06, -2.4860911832585883e-06, -2.1871476340952785e-06, -2.78250082971208e-06]
A2: [0.16665403630194392, -0.16667971554252586, -1.3614231266631922e-05, -1.2656549197861344e-05] - [0.1665822050836455, 0.3332461608896052, -9.035882990692021e-05, -8.45642282078048e-05] - [0.16663379578671383, 0.8332994237702983, -3.50297304901061e-05, -3.289601716633909e-05] - [7.883298341566814e-06, 8.124225839200551e-06, 8.342563830371398e-06, 7.883295170873282e-06]
B1: 0.16670427203963575 - 0.6665984620752752 - 0.16657734969353571 - 5.14346549524112e-05
B2: 0.16669600770220022 - 0.6667027028354326 - 0.166713219066184 - 2.9981622162009096e-05
