Number: 1200
Error: 7.527122459205186e-06
A1: [-1.4207144624104425e-07, -2.322188564863501e-07, 2.3989485084531493e-07, -4.535846448570872e-08] - [0.20834180926348894, 0.33334045060393497, -0.041658392653744915, 8.901143289928864e-06] - [0.16666707484161292, 0.6666669205184534, 0.16666746028401713, 5.272127934905514e-07] - [-2.2747792043900453e-06, -2.030666850194928e-06, -1.7864213358499897e-06, -2.2728341288727796e-06]
A2: [0.16665249307954016, -0.16668132157342583, -1.5245109082666843e-05, -1.4194977301217038e-05] - [0.16658217948596427, 0.33324608316115234, -9.035713640161666e-05, -8.457102621094577e-05] - [0.16663592550247638, 0.8333016088708404, -3.27631577828086e-05, -3.0761695848118064e-05] - [6.444752271602243e-06, 6.641708326584184e-06, 6.820194833759046e-06, 6.44474934982181e-06]
B1: 0.16670696544424948 - 0.6666084635724328 - 0.16657918884719855 - 5.14677053075122e-05
B2: 0.16669911837551293 - 0.6667076520053985 - 0.16671930882790112 - 3.297612126705921e-05
