Number: 130
Error: 8.148949192505085e-06
A1: [3.493058610212922e-06, 3.576202510290123e-06, 3.719111633730239e-06, 3.500013485033374e-06] - [0.2083510525551874, 0.33335106298709133, -0.04164865884744466, 1.7748927467243353e-05] - [0.16667160004658257, 0.6666715683708078, 0.1666716106597261, 4.941622166822756e-06] - [-2.379971737930172e-07, -2.1218734929948778e-07, -1.8635994729914321e-07, -2.377933565562837e-07]
A2: [0.16664635634805033, -0.16668770697884228, -2.172768572829164e-05, -2.0312567241329237e-05] - [0.16658220975510982, 0.33324591253742675, -9.020379525836863e-05, -8.446570503114047e-05] - [0.16664446975353242, 0.8333103757670723, -2.3669591399640742e-05, -2.2199061045115196e-05] - [7.006922298598531e-07, 7.220707701441029e-07, 7.414410465369615e-07, 7.006918378954781e-07]
B1: 0.16671659425898547 - 0.6666473995823065 - 0.16658566238882938 - 5.047589381726473e-05
B2: 0.16671307904310026 - 0.6667286287482201 - 0.1667444927973382 - 4.6472976807251836e-05
