Number: 2231
Error: 3.848211135759707e-06
A1: [-9.456776691254977e-06, -9.036105549163888e-06, -7.568836666164246e-06, -9.268452008801929e-06] - [0.20830602423568975, 0.33330638287027825, -0.04168857653968185, -2.647934452893249e-05] - [0.16665510691724847, 0.6666556728772319, 0.1666575305933317, -1.1327388765797568e-05] - [-4.2368250027942735e-06, -3.782403132266595e-06, -3.327784004645775e-06, -4.233210773388817e-06]
A2: [0.166687256917827, -0.16664544277207025, 2.1520498506228492e-05, 2.05504332817906e-05] - [0.16669457757985348, 0.333362106005951, 2.8463640973197033e-05, 2.7754804042744052e-05] - [0.1666550545132619, 0.8333213635582415, -1.2561401564902628e-05, -1.1650389653811396e-05] - [1.1981487818181677e-05, 1.2347683432586393e-05, 1.2679558366338119e-05, 1.1981484818702155e-05]
B1: 0.16663128398549834 - 0.6665890699129567 - 0.1666756219794634 - -1.3137386556470406e-05
B2: 0.16662285178010233 - 0.6666030580461483 - 0.16659160781660595 - -4.2843923733344545e-05
