Number: 1681
Error: 3.544818956391638e-06
A1: [-7.545902006005464e-06, -7.032623146684129e-06, -5.730995245873496e-06, -7.403748773987278e-06] - [0.20831094998270563, 0.3333120262734573, -0.04168337070183909, -2.175704552406525e-05] - [0.16665747693589916, 0.6666581094074062, 0.16665971496403065, -9.014349504872579e-06] - [-3.1903150776741147e-06, -2.848071739670816e-06, -2.5056596587040724e-06, -3.187590157805234e-06]
A2: [0.16668409330308792, -0.1666487352091802, 1.8177091571552908e-05, 1.739665114376175e-05] - [0.16669453905572434, 0.3333619606433793, 2.8481229619990625e-05, 2.775483945371236e-05] - [0.16665942888750704, 0.8333258515965678, -7.906199827266525e-06, -7.266567845679787e-06] - [9.029651759622327e-06, 9.305620175361339e-06, 9.555716690639031e-06, 9.029648503414054e-06]
B1: 0.16663688275797772 - 0.6666096770685114 - 0.16667949106621785 - -1.2997877982601346e-05
B2: 0.16662919385880642 - 0.6666131451436975 - 0.16660400731366307 - -3.6740120156064884e-05
