Number: 2478
Error: 6.818740179549311e-06
A1: [-4.602723587170861e-06, -4.909102461267111e-06, -4.053119211012442e-06, -4.398701004685724e-06] - [0.20833028277013116, 0.33332725220503046, -0.041670578547009965, -2.1525164902426127e-06] - [0.16666154644350553, 0.6666612366091215, 0.1666623613762122, -4.868759081263975e-06] - [-4.707148140373834e-06, -4.202301375057919e-06, -3.697248816872252e-06, -4.7031349610642856e-06]
A2: [0.16665984472042908, -0.1666736703593166, -7.475326115441836e-06, -6.866198650809037e-06] - [0.16658227447296242, 0.3332464270707998, -9.039159974619206e-05, -8.456569430985935e-05] - [0.16662576313110194, 0.8332911824790782, -4.3577979457415075e-05, -4.094603329030801e-05] - [1.3304031480413308e-05, 1.3710651107515574e-05, 1.4079166211545551e-05, 1.3304028818320948e-05]
B1: 0.16669403916351555 - 0.6665606695533255 - 0.1665702971003864 - 5.1227285788760634e-05
B2: 0.16668440443892718 - 0.666684173047397 - 0.16669039270591704 - 1.8816200376658507e-05
