Number: 2473
Error: 3.981024314967843e-06
A1: [-1.0289822551635661e-05, -9.909464621309511e-06, -8.368884600052766e-06, -1.0081190684025895e-05] - [0.20830388802536248, 0.33330393262770347, -0.04169083253031626, -2.8526069648844995e-05] - [0.1666540719248468, 0.666654609054955, 0.16665657814600615, -1.2337319471058718e-05] - [-4.697271874623724e-06, -4.193491931301449e-06, -3.6895062196108753e-06, -4.693267063305256e-06]
A2: [0.16668864857061633, -0.16664399450460946, 2.299112637240382e-05, 2.193775968842703e-05] - [0.16669459172511986, 0.33336216699210447, 2.845276088240975e-05, 2.7751982013394646e-05] - [0.16665312865570014, 0.833319387669517, -1.4610862335969342e-05, -1.358040475372098e-05] - [1.3280193847558724e-05, 1.3686086152894495e-05, 1.405394206517956e-05, 1.3280191175934502e-05]
B1: 0.16662879772590092 - 0.6665799767089745 - 0.16667388979760325 - -1.3221669932401208e-05
B2: 0.16662004202618158 - 0.6665986245419749 - 0.16658618224141927 - -4.5548831018211904e-05
