Number: 1521
Error: 3.4560747257935813e-06
A1: [-6.9759842503175264e-06, -6.434983303131272e-06, -5.180763453221394e-06, -6.847276646514883e-06] - [0.20831243937322885, 0.3333137275793866, -0.0416817935537426, -2.032689517274336e-05] - [0.166658180559548, 0.6666588331687184, 0.16666036615229537, -8.327316276176205e-06] - [-2.8858657677659712e-06, -2.576256718650476e-06, -2.2664896215294356e-06, -2.8833999804883943e-06]
A2: [0.16668317453869463, -0.16664969156508647, 1.7205787760507012e-05, 1.6480747052379286e-05] - [0.16669453102073176, 0.3333619212331728, 2.848891434372659e-05, 2.7758020864286225e-05] - [0.1666607014111466, 0.8333271571530806, -6.5520499216774835e-06, -5.9912962511828776e-06] - [8.170870125360791e-06, 8.420588530945553e-06, 8.64689391652226e-06, 8.170866921908947e-06]
B1: 0.16663846269623128 - 0.6666156230501541 - 0.1666805674749901 - -1.30061712469355e-05
B2: 0.16663099857606015 - 0.6666160829754423 - 0.16660766389083992 - -3.5004713696326856e-05
