Number: 2063
Error: 3.7557847657655105e-06
A1: [-8.87765588359867e-06, -8.428952161465112e-06, -7.012532187859386e-06, -8.703429827195896e-06] - [0.20830751046446416, 0.33330808728757655, -0.04168700679687313, -2.5055241582805735e-05] - [0.16665582624108663, 0.6666564122607188, 0.16665819270050303, -1.0625464541888103e-05] - [-3.9171695113493016e-06, -3.497012866411171e-06, -3.0766663221740692e-06, -3.913826686420148e-06]
A2: [0.16668629031954316, -0.16664644868140085, 2.0499059291041594e-05, 1.9586838437833127e-05] - [0.16669456572899813, 0.3333620616176361, 2.846912659500458e-05, 2.7754731797958296e-05] - [0.16665639092610046, 0.8333227347011305, -1.1139186142270305e-05, -1.0311090795907773e-05] - [1.1079871291456503e-05, 1.1418507727538525e-05, 1.1725403611260174e-05, 1.1079868141509688e-05]
B1: 0.16663300924423263 - 0.6665953802342927 - 0.16667682042453974 - -1.307964664601183e-05
B2: 0.16662480140807276 - 0.666606137407622 - 0.16659537853145082 - -4.096708037283881e-05
