Number: 627
Error: 2.9533250718421093e-06
A1: [-3.8938142917049815e-06, -3.2040696262927635e-06, -2.22091786471837e-06, -3.840139905735442e-06] - [0.20832034827715756, 0.33332279583626845, -0.04167344380561978, -1.2748608988974362e-05] - [0.1666620081985505, 0.6666627671499863, 0.16666388840652646, -4.592285128829827e-06] - [-1.1846637021640352e-06, -1.0573958946313737e-06, -9.300500397033522e-07, -1.1836494077859174e-06]
A2: [0.16667802623907096, -0.16665504880121784, 1.1766180120561928e-05, 1.1348430209308062e-05] - [0.1666944548906613, 0.3333616730858362, 2.8507277683691975e-05, 2.7744561080336323e-05] - [0.16666781045876103, 0.8333344513032803, 1.014138779396023e-06, 1.1331035334067056e-06] - [3.3719764742165995e-06, 3.4750082228361034e-06, 3.568374345105459e-06, 3.3719746119855503e-06]
B1: 0.16664734200017525 - 0.6666488965090771 - 0.16668662881536808 - -1.3000964744408632e-05
B2: 0.1666416973598952 - 0.6666327919010385 - 0.16662804900433054 - -2.4693215152080548e-05
