Number: 559
Error: 2.914048062062981e-06
A1: [-3.645966299459636e-06, -2.944236345426678e-06, -1.9810333911411435e-06, -3.5980122043785965e-06] - [0.2083210036271274, 0.33332354209399245, -0.041672749481061415, -1.2118458621351452e-05] - [0.16666231278297602, 0.6666630805129437, 0.16666417113838464, -4.294758116012077e-06] - [-1.0552602866674863e-06, -9.418620776632489e-07, -8.283933560261029e-07, -1.0543566525355886e-06]
A2: [0.16667763853290052, -0.16665545246328708, 1.1356178624048703e-05, 1.0961939640089413e-05] - [0.16669446193059423, 0.3333616669448585, 2.852127414806164e-05, 2.7756367210770536e-05] - [0.166668353681944, 0.8333350086199018, 1.5921530560259266e-06, 1.6774941633960156e-06] - [3.006914697390513e-06, 3.098787643231293e-06, 3.1820412353531585e-06, 3.00691300775205e-06]
B1: 0.1666479148575369 - 0.6666513324548096 - 0.16668700237126916 - -1.3103109635793513e-05
B2: 0.16664251398140062 - 0.6666341070277146 - 0.1666296871984567 - -2.3906047512156276e-05
