Number: 228
Error: 8.088005854923892e-06
A1: [3.15898667340308e-06, 3.2265837340105873e-06, 3.3999716915087335e-06, 3.1741634992983088e-06] - [0.20835020244896996, 0.33335008868300675, -0.041649551482099804, 1.6935048155022463e-05] - [0.1666711849444116, 0.6666711423071123, 0.16667123043604404, 4.536668781498285e-06] - [-4.2455785529231836e-07, -3.7875358337763196e-07, -3.329188339186556e-07, -4.2419414464832335e-07]
A2: [0.1666469086989987, -0.16668713208097763, -2.114409225324491e-05, -1.976196944568882e-05] - [0.16658216686819746, 0.3332458871259994, -9.025969753009829e-05, -8.451546545390917e-05] - [0.16664367684584014, 0.8333095622344581, -2.4513248335020625e-05, -2.2993652216335517e-05] - [1.2268093620765196e-06, 1.2642696647924275e-06, 1.298213330559687e-06, 1.2268086460032184e-06]
B1: 0.1667159957046935 - 0.6666440850636338 - 0.16658528951674795 - 5.0849872302776846e-05
B2: 0.16671158261633823 - 0.6667264882418718 - 0.1667419662804404 - 4.5019028430955585e-05
