Number: 1497
Error: 3.4427636592731633e-06
A1: [-6.900075277020539e-06, -6.355454893449759e-06, -5.1088850083596326e-06, -6.7733753556101e-06] - [0.20831262420210625, 0.3333139420250959, -0.041681599901525, -2.0150915412038352e-05] - [0.1666582764232257, 0.6666589315083585, 0.16666045306129704, -8.233931931564658e-06] - [-2.8401974089127875e-06, -2.5354832223868823e-06, -2.23061268521681e-06, -2.8377705086850658e-06]
A2: [0.16668303507943477, -0.1666498365816809, 1.705861500892541e-05, 1.63417169085461e-05] - [0.16669452551053082, 0.333361911231773, 2.8486205148190764e-05, 2.7754193376110364e-05] - [0.16666089178740975, 0.8333273525105891, -6.349375317100711e-06, -5.8005077418048505e-06] - [8.042055635801222e-06, 8.287836610582406e-06, 8.510573423389025e-06, 8.042052445262765e-06]
B1: 0.16663873056510956 - 0.6666165443885973 - 0.16668075693438675 - -1.2976511646104112e-05
B2: 0.1666313026074423 - 0.6666165271099754 - 0.16660818432375782 - -3.471108139736534e-05
