Number: 1178
Error: 7.53944867950811e-06
A1: [-6.846878800229729e-08, -1.5507718870258784e-07, 3.102444771072821e-07, 2.6399851685128383e-08] - [0.20834199483833465, 0.3333406642210873, -0.041658197206434155, 9.078590582449132e-06] - [0.16666716678464824, 0.6666670149534341, 0.1666675444619931, 6.168790168995135e-07] - [-2.2329039341723466e-06, -1.9932799710193203e-06, -1.7535247054244605e-06, -2.23099456816914e-06]
A2: [0.166652365847762, -0.1666814539328808, -1.5379478545348286e-05, -1.432181551615397e-05] - [0.16658217596805588, 0.33324607544027207, -9.03582575711741e-05, -8.45730008893445e-05] - [0.16663610016904568, 0.8333017880938255, -3.2577236529273317e-05, -3.0586651229047666e-05] - [6.3266595582613e-06, 6.520005912949069e-06, 6.6952209824902965e-06, 6.326656664005478e-06]
B1: 0.16670719571536358 - 0.6666092933152026 - 0.16657934808496996 - 5.1479596374012375e-05
B2: 0.16669938601784146 - 0.6667080605695944 - 0.1667198004707994 - 3.323422675825306e-05
