Number: 3089
Error: 4.317446818429258e-06
A1: [-1.2445024695193871e-05, -1.2169225325708238e-05, -1.044399078350152e-05, -1.2184670833132678e-05] - [0.2082983104405209, 0.33329754782506227, -0.04169673076720429, -3.387574571665731e-05] - [0.16665140231812253, 0.6666518640877189, 0.16665411467609173, -1.4943104011191728e-05] - [-5.869263136360473e-06, -5.239843950337999e-06, -4.610208404799143e-06, -5.864266084816672e-06]
A2: [0.16669218029617386, -0.16664031838584414, 2.672447541874223e-05, 2.545847294772595e-05] - [0.16669459426833477, 0.333362289528807, 2.8393205905875423e-05, 2.7711334333862346e-05] - [0.16664822026038434, 0.8333143520154812, -1.9833689329827843e-05, -1.8499384189079144e-05] - [1.6585740916602164e-05, 1.709267117022985e-05, 1.7552111590646812e-05, 1.658573967167257e-05]
B1: 0.16662259624851716 - 0.6665569396667493 - 0.16666957074061992 - -1.330914983736832e-05
B2: 0.16661302328453015 - 0.6665873642442891 - 0.1665722823229959 - -5.230069228870116e-05
