Number: 2516
Error: 6.797842519734323e-06
A1: [-4.742829807524996e-06, -5.0560592503766924e-06, -4.1890843134101355e-06, -4.535609546757153e-06] - [0.20832990992201683, 0.3333268279458415, -0.04167097440175032, -2.511277115101994e-06] - [0.16666137450699453, 0.6666610596224017, 0.16666220135514584, -5.036751265264256e-06] - [-4.7794650283154e-06, -4.266865545628419e-06, -3.7540591645556027e-06, -4.775390545101462e-06]
A2: [0.16666006163769945, -0.1666734444711177, -7.245844573755071e-06, -6.64996115728225e-06] - [0.16658227247082077, 0.33324643264069304, -9.039709850589776e-05, -8.457036247348036e-05] - [0.16662546021059735, 0.8332908717295505, -4.3900256070474134e-05, -4.124960707758671e-05] - [1.3507959631448301e-05, 1.3920812552999468e-05, 1.4294977579271934e-05, 1.3507957033129108e-05]
B1: 0.16669367919224595 - 0.6665592706813647 - 0.16657005267887467 - 5.124451563462793e-05
B2: 0.16668399497362893 - 0.6666834796365416 - 0.16668951301566892 - 1.8423207940528535e-05
