Number: 1903
Error: 3.667526167940776e-06
A1: [-8.307829972933129e-06, -7.831402399712788e-06, -6.462385593129281e-06, -8.147048930380125e-06] - [0.20830899953508472, 0.3333097882867227, -0.04168542993448468, -2.3625409510926286e-05] - [0.16665652978231105, 0.6666571359427236, 0.1666588438191, -9.938512546840946e-06] - [-3.6127322777898314e-06, -3.225209815167757e-06, -2.837505565311546e-06, -3.6096481273235627e-06]
A2: [0.16668537242128031, -0.16664740417332352, 1.952861488438006e-05, 1.8671800464152527e-05] - [0.16669456091640872, 0.3333620254131232, 2.8479995396913017e-05, 2.776113617042576e-05] - [0.16665766423503647, 0.8333240410380005, -9.784260519533785e-06, -9.035033548844611e-06] - [1.0221152418879685e-05, 1.0533540876914553e-05, 1.0816646552015778e-05, 1.0221149184529228e-05]
B1: 0.1666345926427372 - 0.6666013318961452 - 0.16667790503266722 - -1.3084433443142583e-05
B2: 0.1666265981096347 - 0.6666090670138729 - 0.16659902668032198 - -3.9239691409078355e-05
