Number: 2564
Error: 6.771521589249149e-06
A1: [-4.89458046241688e-06, -5.215046139239185e-06, -4.3327705082145174e-06, -4.683345207600904e-06] - [0.20832954056529487, 0.3333263993548793, -0.041671361409840776, -2.8629364152910293e-06] - [0.16666118281819403, 0.6666608629859424, 0.16666202757975918, -5.223482188982394e-06] - [-4.870819372954322e-06, -4.348427388685732e-06, -3.825827195843874e-06, -4.86666746176564e-06]
A2: [0.16666033990867504, -0.16667315508172875, -6.952140477908054e-06, -6.372548856202311e-06] - [0.16658228103584144, 0.33324645020794524, -9.039410470100801e-05, -8.456516510308237e-05] - [0.16662507884918812, 0.8332904804108942, -4.430620702842922e-05, -4.163179370081469e-05] - [1.3765550456606116e-05, 1.4186276970557005e-05, 1.4567578736842859e-05, 1.3765547943480573e-05]
B1: 0.16669314167426721 - 0.6665574244889807 - 0.1665696683492311 - 5.1183392318237875e-05
B2: 0.16668339181968655 - 0.6666825964702967 - 0.16668847752323043 - 1.784086535698841e-05
