Number: 203
Error: 2.7024120376245768e-06
A1: [-2.455485720634888e-06, -1.6976310275305031e-06, -8.454899624464308e-07, -2.4373765563799263e-06] - [0.20832400177129387, 0.33332698966833163, -0.041669600292421394, -9.251826838549393e-06] - [0.1666637983828136, 0.666664605465728, 0.16666552911696314, -2.84600251190956e-06] - [-3.777890382359904e-07, -3.369983605876059e-07, -2.961802750354765e-07, -3.7746538448405073e-07]
A2: [0.16667560543916002, -0.16665756781401528, 9.208929484074229e-06, 8.935210709365915e-06] - [0.16669451339626074, 0.3333616532743131, 2.8616880251062916e-05, 2.783278769107216e-05] - [0.16667120823618325, 0.8333379376147959, 4.63014027931086e-06, 4.538160645183377e-06] - [1.095651901572478e-06, 1.1291033393194272e-06, 1.1594141348596682e-06, 1.0956512626543812e-06]
B1: 0.1666508256994936 - 0.6666640310116428 - 0.1666889372764766 - -1.3725499828676693e-05
B2: 0.1666475030872455 - 0.6666413690185933 - 0.16663828364912778 - -1.907116274315941e-05
