Number: 2587
Error: 4.043524773225339e-06
A1: [-1.0710162708584921e-05, -1.035036269040151e-05, -8.776815383751351e-06, -1.0491938067027958e-05] - [0.208302769280594, 0.3333026596343533, -0.04169202033233037, -2.960255296616063e-05] - [0.16665355616323113, 0.6666540781271619, 0.16665609809751777, -1.2841248522226281e-05] - [-4.914169206614211e-06, -4.387137055099524e-06, -3.8598959774507615e-06, -4.909980556905788e-06]
A2: [0.1666892990332146, -0.1666433171372115, 2.3679276650282382e-05, 2.2586184451021138e-05] - [0.16669458461823652, 0.3333621825707848, 2.8435145203512308e-05, 2.7736882888989775e-05] - [0.16665221966549634, 0.8333184551860433, -1.5577923157767884e-05, -1.449135339185244e-05] - [1.3891975205549348e-05, 1.4316567352965288e-05, 1.470137305596172e-05, 1.389197273388744e-05]
B1: 0.16662771903348 - 0.6665757805756387 - 0.16667315608899536 - -1.3168791822338119e-05
B2: 0.16661881488432467 - 0.6665965454691863 - 0.1665835439979443 - -4.672659025194758e-05
