Number: 23
Error: 2.589137119394475e-06
A1: [-2.0209226565152997e-06, -1.244761583491399e-06, -4.5884640457788816e-07, -2.017743111896113e-06] - [0.20832484196134482, 0.33332801672980167, -0.041668764461569405, -8.47748343782253e-06] - [0.16666437953188182, 0.6666651964300921, 0.16666602557202853, -2.2833201974440775e-06] - [-3.525477042528867e-08, -3.117050035285778e-08, -2.708325950775123e-08, -3.522481930438404e-08]
A2: [0.16667456602369288, -0.1666586469945539, 8.115482742927429e-06, 7.89901459560859e-06] - [0.1666945359717489, 0.3333616482791671, 2.8672542246751555e-05, 2.786798507576286e-05] - [0.16667266130680272, 0.8333394291811602, 6.17765590784375e-06, 5.994322620811475e-06] - [1.2928032833215574e-07, 1.3319263952902624e-07, 1.367349806183353e-07, 1.2928029716353395e-07]
B1: 0.16665236046862478 - 0.6666705464048754 - 0.16669004197977563 - -1.3976364734661611e-05
B2: 0.16665097880146448 - 0.666645468789269 - 0.16664250254413518 - -1.567345800099764e-05
