Number: 1787
Error: 3.6034546902199254e-06
A1: [-7.909065945721375e-06, -7.413346264407795e-06, -6.079504898555718e-06, -7.758018913396625e-06] - [0.20831002126789666, 0.3333109604127712, -0.04168435106316032, -2.2646569584347416e-05] - [0.16665702533850565, 0.6666576452840939, 0.16665929973377253, -9.454969938029052e-06] - [-3.3920109665101028e-06, -3.028147871000347e-06, -2.6641095442648756e-06, -3.3891144760347553e-06]
A2: [0.16668470425436574, -0.16664809947399917, 1.8822602875106804e-05, 1.8005707368735467e-05] - [0.16669455012131149, 0.3333619921813084, 2.848123497174684e-05, 2.7758473634872683e-05] - [0.16665858642191264, 0.8333249872096868, -8.802819714529793e-06, -8.110854141447446e-06] - [9.598572458698199e-06, 9.891930818478806e-06, 1.0157788547517208e-05, 9.59856919913822e-06]
B1: 0.16663578739878615 - 0.6666056908868047 - 0.16667873258173221 - -1.3041084088167974e-05
B2: 0.1666279515047653 - 0.6666111969866414 - 0.16660163034349287 - -3.793655145896631e-05
