Number: 1115
Error: 3.229719815717497e-06
A1: [-5.567735881187136e-06, -4.958569346425127e-06, -3.82683164069945e-06, -5.473111178016285e-06] - [0.20831606580825107, 0.33331788297201376, -0.041677962000673564, -1.6850637987297553e-05] - [0.16665992762372003, 0.6666606291322722, 0.1666619757504425, -6.622315608326246e-06] - [-2.1133016146215675e-06, -1.8865010847378315e-06, -1.6595745373643485e-06, -2.111494245701565e-06]
A2: [0.1666808360317586, -0.16665212511228153, 1.4734678819125762e-05, 1.4149498434745615e-05] - [0.1666944916546511, 0.3333618032197353, 2.849142176287042e-05, 2.77471164405008e-05] - [0.16666392804295546, 0.8333304677395927, -3.118019813920998e-06, -2.757691913521406e-06] - [5.99161158937657e-06, 6.1747172868067105e-06, 6.340651405660788e-06, 5.991608776893579e-06]
B1: 0.1666425638069933 - 0.6666307963847907 - 0.16668337711200146 - -1.2935156599032011e-05
B2: 0.166635743663466 - 0.6666235848147384 - 0.16661686436526746 - -3.043550884623941e-05
