Number: 322
Error: 8.03098337021381e-06
A1: [2.854707636074206e-06, 2.9081587318466127e-06, 3.111546945545608e-06, 2.8777554155577487e-06] - [0.20834945174041958, 0.3333492219731134, -0.041650336731132026, 1.6219026328310597e-05] - [0.1666708029341281, 0.6666707505778917, 0.16667088346971162, 4.164377559425182e-06] - [-6.035021310689091e-07, -5.385197373259995e-07, -4.734949815712288e-07, -6.029851394392953e-07]
A2: [0.16664744487351227, -0.16668657432943348, -2.0578065888098747e-05, -1.9227476530649576e-05] - [0.1665821479032838, 0.3332458849083872, -9.029123399687691e-05, -8.454102340594598e-05] - [0.1666429210234304, 0.8333087866712571, -2.5317676649104113e-05, -2.3751089440627024e-05] - [1.7314513696383852e-06, 1.784337017335303e-06, 1.8322593260549496e-06, 1.7314503575461381e-06]
B1: 0.1667152664176295 - 0.6666407649418067 - 0.1665848052150184 - 5.1053459096438465e-05
B2: 0.16671017224147625 - 0.6667245097127182 - 0.1667396695232833 - 4.364939905028685e-05
