Number: 1685
Error: 3.5470102471448965e-06
A1: [-7.550563329128399e-06, -7.037439095959045e-06, -5.73408781917984e-06, -7.408083147300429e-06] - [0.20831095135624075, 0.3333120245177177, -0.04168336718602418, -2.1754227974576356e-05] - [0.16665746903186862, 0.6666581015441961, 0.16665970945912945, -9.0218480572157e-06] - [-3.197926891012436e-06, -2.854867986158767e-06, -2.511640084961716e-06, -3.1951954945517385e-06]
A2: [0.16668411789770424, -0.16664870975574075, 1.8202833164769672e-05, 1.7421174182074137e-05] - [0.16669454349661675, 0.3333619656556551, 2.848483866859672e-05, 2.7758999659956133e-05] - [0.16665939756159945, 0.8333258194190858, -7.93961972712719e-06, -7.297962520092937e-06] - [9.05111590011179e-06, 9.3277404103393e-06, 9.578431568500773e-06, 9.051112643304696e-06]
B1: 0.16663681178393078 - 0.6666094983418206 - 0.16667943547102804 - -1.3029173256390273e-05
B2: 0.16662911607723244 - 0.6666130689168325 - 0.1666039446494495 - -3.6816166349864474e-05
