Number: 1393
Error: 3.384943731390098e-06
A1: [-6.539167765464151e-06, -5.977068927324615e-06, -4.761855779765867e-06, -6.4211984972007735e-06] - [0.20831355386783346, 0.3333150072566128, -0.041680617553000794, -1.925971931643575e-05] - [0.16665872413291907, 0.666659391760889, 0.16666086559320656, -7.796997067473386e-06] - [-2.642301715301181e-06, -2.3587995577672545e-06, -2.075148689885328e-06, -2.6400433739369407e-06]
A2: [0.16668243611285852, -0.1666504598993723, 1.642566955291756e-05, 1.5744609602050615e-05] - [0.16669451554400228, 0.3333618810963829, 2.848691972772597e-05, 2.7751517633328154e-05] - [0.16666171832172205, 0.8333282005452823, -5.469724397824018e-06, -4.972187287411727e-06] - [7.4838357566783285e-06, 7.712553824605235e-06, 7.919826283701835e-06, 7.483832636822465e-06]
B1: 0.1666397856107108 - 0.6666204356503541 - 0.1666814811868352 - -1.2953800130700854e-05
B2: 0.1666325122804019 - 0.6666184435357791 - 0.1666105365080459 - -3.3546462462003636e-05
