Number: 2619
Error: 4.0610324826437176e-06
A1: [-1.0819324036426708e-05, -1.0464798549196737e-05, -8.881501499262452e-06, -1.059841516976718e-05] - [0.20830249080449584, 0.3333023398583139, -0.0416923141983243, -2.9869200317414693e-05] - [0.1666534203087499, 0.6666539385168507, 0.16665597326997778, -1.2973790168430532e-05] - [-4.975053296676939e-06, -4.441494509786457e-06, -3.907726008584439e-06, -4.970813059463319e-06]
A2: [0.16668948307410913, -0.16664312561885652, 2.3873742906577144e-05, 2.2769653256084174e-05] - [0.1666945863665951, 0.3333621904902986, 2.8433538727537356e-05, 2.7736387536318594e-05] - [0.1666519649189958, 0.8333181938211041, -1.58490195180939e-05, -1.47466497030001e-05] - [1.4063696237573014e-05, 1.4493537255282717e-05, 1.4883100641697971e-05, 1.406369382724314e-05]
B1: 0.16662738750553602 - 0.6665745751481446 - 0.166672923726063 - -1.3182712637712998e-05
B2: 0.1666184403401733 - 0.666595959307591 - 0.16658282991826062 - -4.708726982136697e-05
