Number: 446
Error: 7.957296190279418e-06
A1: [2.4437047563031843e-06, 2.477799698614595e-06, 2.7200666049421564e-06, 2.477144739067347e-06] - [0.20834842230879758, 0.3333480367635253, -0.04165141723754852, 1.5235389440053148e-05] - [0.1666702890872163, 0.6666702232303101, 0.1666704144898431, 3.6633609121166305e-06] - [-8.395505670453157e-07, -7.492694527520444e-07, -6.589309904612787e-07, -8.388314999518392e-07]
A2: [0.16664815442903969, -0.1666858361338009, -1.982878347028434e-05, -1.8520139282100673e-05] - [0.16658213482089118, 0.3332458945122358, -9.031974273023563e-05, -8.45628031107701e-05] - [0.16664192768983083, 0.8333077674169328, -2.6374897788084877e-05, -2.474655329499692e-05] - [2.3971448417367482e-06, 2.470378663836298e-06, 2.5367409115293258e-06, 2.3971434635689276e-06]
B1: 0.16671422393192273 - 0.6666363162392354 - 0.16658410880854777 - 5.124168376729633e-05
B2: 0.16670843282371692 - 0.666721990022949 - 0.16673669721106224 - 4.196373076691617e-05
