Number: 160
Error: 8.130098027022933e-06
A1: [3.3847927328557435e-06, 3.4628587816408548e-06, 3.6147797244238665e-06, 3.394270265780662e-06] - [0.20835076820600623, 0.33335073932985515, -0.041648958791547466, 1.747569117440963e-05] - [0.1666714669345178, 0.6666714315785172, 0.1666714875756611, 4.811622652824809e-06] - [-2.951073728872148e-07, -2.6317674763889055e-07, -2.3122453829533977e-07, -2.948545989322078e-07]
A2: [0.16664652393806664, -0.1666875324473251, -2.1550449078235192e-05, -2.014551390361981e-05] - [0.16658219199470645, 0.33324590021546235, -9.022535024920233e-05, -8.448556956053991e-05] - [0.1666442262071536, 0.8333101259119366, -2.3928661034768653e-05, -2.2443122769166037e-05] - [8.617484997538584e-07, 8.880500241483111e-07, 9.118815271008689e-07, 8.617480070246376e-07]
B1: 0.16671644403947436 - 0.6666464155049675 - 0.16658557637914495 - 5.062339408894459e-05
B2: 0.166712630999543 - 0.6667279649294694 - 0.1667436912286798 - 4.6037936598686296e-05
