Number: 2490
Error: 6.812154699782057e-06
A1: [-4.640662207510178e-06, -4.948850121497486e-06, -4.089041644544639e-06, -4.435635869770881e-06] - [0.2083301904276022, 0.3333271450540783, -0.04167067530201748, -2.2404346456796795e-06] - [0.16666149852046397, 0.6666611874491994, 0.16666231793166517, -4.915442640554222e-06] - [-4.72998684521767e-06, -4.22269195173215e-06, -3.715190909804084e-06, -4.725954303955489e-06]
A2: [0.1666599142977016, -0.16667359800246212, -7.4018906323018725e-06, -6.7968360470406736e-06] - [0.1665822766496997, 0.33324643149792144, -9.039081621373563e-05, -8.456435947896095e-05] - [0.16662566779938687, 0.8332910846579991, -4.367945866060044e-05, -4.104157130498103e-05] - [1.336842986867968e-05, 1.3777017915926269e-05, 1.4147317214755987e-05, 1.3368427226367647e-05]
B1: 0.1666939048184308 - 0.6665602080640939 - 0.1665702011046134 - 5.121203988555148e-05
B2: 0.1666842535655494 - 0.6666839521687702 - 0.16669013374357078 - 1.8670529807970765e-05
