Number: 1768
Error: 7.210632430193181e-06
A1: [-2.1222659673553666e-06, -2.308357004089267e-06, -1.6654650222404404e-06, -1.9778603026339977e-06] - [0.20833669589506512, 0.3333345948250387, -0.041663797745010236, 3.997918406761962e-06] - [0.16666462016120404, 0.6666643968863697, 0.1666651968386195, -1.8686101120910142e-06] - [-3.355872946648376e-06, -2.995878116726338e-06, -2.6357093213668583e-06, -3.3530072011076847e-06]
A2: [0.1666557636179107, -0.16667791792441966, -1.1788804584649539e-05, -1.0934599968257825e-05] - [0.16658223283318815, 0.3332462470122813, -9.036159702404912e-05, -8.455752385908085e-05] - [0.16663141144349167, 0.833296977442309, -3.756724794884113e-05, -3.528551635692899e-05] - [9.493525616708695e-06, 9.783672114165783e-06, 1.0046618750844223e-05, 9.49352235808435e-06]
B1: 0.16670122756848965 - 0.6665872361036982 - 0.16657525945380708 - 5.136813351721318e-05
B2: 0.16669254009290435 - 0.6666971856711926 - 0.16670643397301402 - 2.6644061623844724e-05
