Number: 2474
Error: 6.8209141254108725e-06
A1: [-4.598066395454383e-06, -4.904290867696577e-06, -4.050031132105026e-06, -4.394370747006503e-06] - [0.20833028137128262, 0.3333272539358302, -0.041670582087320406, -2.155359330840367e-06] - [0.16666155434399002, 0.6666612444686599, 0.16666236687755923, -4.861264033164208e-06] - [-4.699533014658084e-06, -4.195502167261248e-06, -3.691265647254307e-06, -4.695526291752484e-06]
A2: [0.16665982015851163, -0.16667369578034727, -7.501035756186059e-06, -6.890689009081699e-06] - [0.16658227016744132, 0.3332464221928268, -9.039507602448088e-05, -8.456971918811884e-05] - [0.16662579448796608, 0.8332912146871461, -4.354452937369885e-05, -4.0914607658855236e-05] - [1.3282565463896323e-05, 1.3688528941503658e-05, 1.4056449304555096e-05, 1.328256279525551e-05]
B1: 0.16669411033494336 - 0.6665608485773354 - 0.16657035309805324 - 5.125877893858387e-05
B2: 0.16668448188636417 - 0.6666842489200152 - 0.16669045499617471 - 1.889191246778508e-05
