Number: 1559
Error: 3.4771829660584446e-06
A1: [-7.1161371963628225e-06, -6.5819893253876344e-06, -5.316778908341291e-06, -6.98423163801302e-06] - [0.2083120663242587, 0.3333133031169211, -0.04168218961153078, -2.068585604764459e-05] - [0.1666580086019129, 0.6666586561564175, 0.16666020610449128, -8.495329002770932e-06] - [-2.958172667070418e-06, -2.640812828852306e-06, -2.323292303956329e-06, -2.95564531864147e-06]
A2: [0.16668339195966655, -0.16664946517579202, 1.7435769732539028e-05, 1.6697488737262462e-05] - [0.1666945309089444, 0.33336192867862463, 2.848528666483302e-05, 2.7755245338712258e-05] - [0.16666039896739293, 0.8333268468766489, -6.873853719902335e-06, -6.2943925977407595e-06] - [8.37483568403672e-06, 8.630788617003518e-06, 8.862744496618239e-06, 8.374832462886368e-06]
B1: 0.16663810341431073 - 0.6666142262012962 - 0.16668032653174006 - -1.2988233117572736e-05
B2: 0.1666305859369753 - 0.6666153862707769 - 0.16660678070951898 - -3.540089280243354e-05
