Number: 3064
Error: 6.497810879070003e-06
A1: [-6.650973459176469e-06, -7.0566810436845505e-06, -6.02489082921507e-06, -6.397748315656135e-06] - [0.2083249854785098, 0.3333211875046371, -0.04167617984792928, -7.233000834222628e-06] - [0.16665900853340995, 0.6666586271917634, 0.16666001993969365, -7.3459550774388825e-06] - [-5.822350390865102e-06, -5.197950766379149e-06, -4.573335020109913e-06, -5.8173930030512604e-06]
A2: [0.1666632061196728, -0.1666701715742478, -3.922124622214899e-06, -3.515282291583751e-06] - [0.16658228273880052, 0.3332465495964746, -9.044238683865121e-05, -8.459854291027664e-05] - [0.16662109493666855, 0.8332863932505968, -4.8545286262292594e-05, -4.562430297557275e-05] - [1.6448651598974104e-05, 1.695138998252188e-05, 1.74070305495599e-05, 1.644865028026247e-05]
B1: 0.16668812642753808 - 0.6665387447419541 - 0.1665661831956522 - 5.113094894351869e-05
B2: 0.1666777161804956 - 0.6666734562380632 - 0.16667717269074805 - 1.2381991271793831e-05
