Number: 1090
Error: 7.588838100362297e-06
A1: [2.2598302233426172e-07, 1.5352755069867563e-07, 5.916776880538215e-07, 3.1347421711567125e-07] - [0.20834273728704836, 0.3333415188275385, -0.041657415291483556, 9.788528853315465e-06] - [0.16666753459119635, 0.6666673927252423, 0.1666678812027375, 9.75578199800163e-07] - [-2.0654019351552345e-06, -1.843731558531025e-06, -1.6219375175999563e-06, -2.0636354439186445e-06]
A2: [0.16665185698724366, -0.1666819833012211, -1.5916884184422423e-05, -1.482910178047264e-05] - [0.16658216219107197, 0.33324604486384646, -9.03624237232201e-05, -8.458060499778588e-05] - [0.1666367989133457, 0.8333025050670406, -3.183346736811615e-05, -2.98863947585119e-05] - [5.854284074676388e-06, 6.033191478311789e-06, 6.195320734154238e-06, 5.854281301348047e-06]
B1: 0.16670811289439882 - 0.6666126086329424 - 0.16657998161125953 - 5.152325443098712e-05
B2: 0.16670045984023574 - 0.6667096981765427 - 0.16672177048276732 - 3.426990201499058e-05
