Number: 1738
Error: 7.227278781389997e-06
A1: [-2.0154201364689585e-06, -2.1963147948516397e-06, -1.5623134893829592e-06, -1.8735355448774975e-06] - [0.20833697507248883, 0.3333349137338706, -0.04166350211963994, 4.265988157841896e-06] - [0.16666475209497983, 0.6666645325922276, 0.16666531893330888, -1.7397870467822032e-06] - [-3.29877506823989e-06, -2.944900798573515e-06, -2.5908543758168708e-06, -3.295957888315242e-06]
A2: [0.16665559134974586, -0.16667809724326524, -1.1970925957518894e-05, -1.1106331460885667e-05] - [0.16658223132624414, 0.3332462396132107, -9.036016504799496e-05, -8.455692624842935e-05] - [0.16663165005092687, 0.8332972222413637, -3.731333714009771e-05, -3.5046393301584297e-05] - [9.332506970670278e-06, 9.617731703353785e-06, 9.876217537446583e-06, 9.332503711778805e-06]
B1: 0.1667015244560898 - 0.666588351631833 - 0.16657546191915365 - 5.136722269957728e-05
B2: 0.16669287808276484 - 0.666697736073091 - 0.16670711903459257 - 2.696904671995136e-05
