Number: 1610
Error: 7.298334025354869e-06
A1: [-1.578703085609059e-06, -1.7385036798684848e-06, -1.1435131978668557e-06, -1.4475568138760864e-06] - [0.20833808905300963, 0.3333361928967624, -0.04166232663754067, 5.332649580204441e-06] - [0.16666529564747204, 0.6666650911504151, 0.1666658183279803, -1.2094885783032987e-06] - [-3.055151115750512e-06, -2.7273910201986737e-06, -2.399466933462638e-06, -3.052541229374833e-06]
A2: [0.16665485291370863, -0.16667886559995235, -1.275106901690966e-05, -1.1842477689321065e-05] - [0.16658221579128438, 0.33324619936808486, -9.036227795633368e-05, -8.456348185369705e-05] - [0.16663266697562126, 0.833298265635951, -3.6231010538640984e-05, -3.402726868498731e-05] - [8.645484062531147e-06, 8.909708916164101e-06, 9.149161825504206e-06, 8.645480825092969e-06]
B1: 0.16670285383426756 - 0.666593170655319 - 0.1665763819380744 - 5.1426038183763285e-05
B2: 0.16669438674960502 - 0.6667000912820854 - 0.16670998576440146 - 2.8422224972757444e-05
