Number: 1930
Error: 7.120887100448108e-06
A1: [-2.6944098627752625e-06, -2.908293176268809e-06, -2.2171242746846e-06, -2.5363951560352304e-06] - [0.2083352077503215, 0.33333289320931925, -0.04166537255386868, 2.5697361799771086e-06] - [0.16666391259004493, 0.6666636692167205, 0.16666454293825972, -2.5593883783137025e-06] - [-3.664199412007539e-06, -3.2711536583909387e-06, -2.877924807240887e-06, -3.661071527290928e-06]
A2: [0.16665669449356454, -0.16667694901447605, -1.0804801933180889e-05, -1.000662234221057e-05] - [0.1665822424050488, 0.33324628830138825, -9.036810051356871e-05, -8.455931673827214e-05] - [0.16663012304315225, 0.8332956555961881, -3.893830946345478e-05, -3.657670113627657e-05] - [1.0363010499637196e-05, 1.0679734020334178e-05, 1.0966768767730815e-05, 1.0363007277543948e-05]
B1: 0.16669960696799582 - 0.6665811950796119 - 0.16657414912699153 - 5.1355620260585324e-05
B2: 0.16669070119075824 - 0.6666942147593097 - 0.16670275173022797 - 2.487538613875054e-05
