Number: 28
Error: 8.213792442900247e-06
A1: [3.689427258183803e-06, 3.7800692457788643e-06, 3.882574415680581e-06, 3.687969571021163e-06] - [0.20835132734470932, 0.33335143213576574, -0.041648409599113936, 1.7986595622784357e-05] - [0.16667187888340992, 0.6666718498695412, 0.16667183570228564, 5.21004249038313e-06] - [-4.380154953084178e-08, -3.880151042907665e-08, -3.379796483671037e-08, -4.3764282816502304e-08]
A2: [0.16664576023896097, -0.16668832516443738, -2.2353476857112107e-05, -2.0906851614812723e-05] - [0.16658220618989877, 0.3332458945999303, -9.018605229497513e-05, -8.44621162278364e-05] - [0.16664529214259474, 0.833311220140592, -2.279333638836109e-05, -2.137491983041831e-05] - [1.5310183785109104e-07, 1.5774215741960786e-07, 1.6194422875536253e-07, 1.531017939237909e-07]
B1: 0.16671758410429885 - 0.6666512091666983 - 0.1665864031504714 - 5.045402319581788e-05
B2: 0.16671525520389122 - 0.6667310024642391 - 0.16674676919466785 - 4.860492077607481e-05
