Number: 1145
Error: 3.2465281217480288e-06
A1: [-5.674657789058895e-06, -5.070685178369563e-06, -3.9300537635446845e-06, -5.577511854011542e-06] - [0.20831578632311923, 0.33331756376838106, -0.041678257907212836, -1.7119015087835888e-05] - [0.1666597956412905, 0.6666604933774671, 0.16666185360803742, -6.751187030085383e-06] - [-2.1703885935203836e-06, -1.9374691228682305e-06, -1.7044210256596191e-06, -2.168532530228709e-06]
A2: [0.16668100833797175, -0.16665194576142184, 1.4916828502351025e-05, 1.4321268338812837e-05] - [0.16669449324335517, 0.3333618106739704, 2.8490028937896438e-05, 2.7746602198812438e-05] - [0.1666636894577923, 0.8333302229561771, -3.3719185797235317e-06, -2.9967922358310246e-06] - [6.1526480403631145e-06, 6.340676095727051e-06, 6.51107127573222e-06, 6.152645186473742e-06]
B1: 0.1666422727728379 - 0.6666296867140845 - 0.16668318055218917 - -1.2928390075621918e-05
B2: 0.1666354002452972 - 0.6666230287911841 - 0.16661617344029017 - -3.0765931665491074e-05
