Number: 195
Error: 2.697523174794819e-06
A1: [-2.4458449797443837e-06, -1.687707789732161e-06, -8.390409389086088e-07, -2.4283900888412553e-06] - [0.2083240001900241, 0.3333269942498292, -0.04166960635165122, -9.2562973758111e-06] - [0.16666381445254774, 0.666664621432945, 0.16666554034533188, -2.8307441745094067e-06] - [-3.62565587249249e-07, -3.2340609194717947e-07, -2.8422023267277776e-07, -3.622549794852712e-07]
A2: [0.16667555728409617, -0.16665761766221604, 9.158526854579647e-06, 8.887198797836176e-06] - [0.16669450879735168, 0.3333616476350978, 2.8614138299577174e-05, 2.7828750032012767e-05] - [0.1666712719833908, 0.8333380030915187, 4.698124952910508e-06, 4.602045315562501e-06] - [1.052708562205495e-06, 1.0848473431375186e-06, 1.1139685983100304e-06, 1.052707949489849e-06]
B1: 0.1666509345382241 - 0.6666643587499991 - 0.16668902208665526 - -1.3696002416288333e-05
B2: 0.16664768360048082 - 0.6666415471792568 - 0.1666384353874794 - -1.8894118665658123e-05
