Number: 882
Error: 7.706243925265434e-06
A1: [9.484147027317986e-07, 9.108564864359483e-07, 1.2862257374528765e-06, 1.0184427372866942e-06] - [0.20834459859595503, 0.3333436510628538, -0.04165544905235467, 1.1572892524753103e-05] - [0.1666684306366391, 0.6666683137897328, 0.16666870674565565, 1.8500710850462263e-06] - [-1.6694865162188586e-06, -1.4902522754136296e-06, -1.3109137615796035e-06, -1.6680579617414567e-06]
A2: [0.16665065930192924, -0.16668322965840857, -1.7182450362656726e-05, -1.602306613064635e-05] - [0.16658214391083265, 0.33324598638768904, -9.03590029460694e-05, -8.458429509750454e-05] - [0.16663845253958035, 0.8333042017340483, -3.0073517118704067e-05, -2.8229194482200056e-05] - [4.737730715700642e-06, 4.882508764926967e-06, 5.013707535626606e-06, 4.737728295936665e-06]
B1: 0.1667101648838256 - 0.6666203350055633 - 0.16658137510879065 - 5.151048634961325e-05
B2: 0.16670293316676488 - 0.6667135863360732 - 0.1667265309885494 - 3.665306565342434e-05
