Number: 1511
Error: 3.4505203194012623e-06
A1: [-6.9403620983141315e-06, -6.39762863242734e-06, -5.1463719410153425e-06, -6.81249485565306e-06] - [0.2083125324682942, 0.33331383391867314, -0.041681694974923154, -2.0237502643730948e-05] - [0.16665822453801601, 0.6666588784056808, 0.166660406853242, -8.284374726720242e-06] - [-2.866837515755454e-06, -2.559268110670038e-06, -2.2515413620213248e-06, -2.864387930653084e-06]
A2: [0.16668311710787673, -0.16664975134526389, 1.7145073472864433e-05, 1.6423495003504415e-05] - [0.16669453049006544, 0.33336191874211896, 2.8489367312785823e-05, 2.7758191215386462e-05] - [0.1666607809371067, 0.8333272387437488, -6.467422027831523e-06, -5.911598548901867e-06] - [8.117195392017516e-06, 8.365273143413404e-06, 8.590091570313837e-06, 8.117192193772333e-06]
B1: 0.1666385612858654 - 0.666615994499356 - 0.1666806345535783 - -1.3006846641269167e-05
B2: 0.16663111156057928 - 0.6666162667849549 - 0.1666078926269632 - -3.4896061079603966e-05
