Number: 749
Error: 3.023122119457439e-06
A1: [-4.300749508676982e-06, -3.630440472737538e-06, -2.6094323632496424e-06, -4.236848463609127e-06] - [0.20831932432036324, 0.333321617120775, -0.04167452101167569, -1.372750021250387e-05] - [0.1666614998000237, 0.6666622450991345, 0.16666342340665014, -5.088058447115309e-06] - [-1.4168267655092128e-06, -1.2646761631959212e-06, -1.112434527825223e-06, -1.4156140270648347e-06]
A2: [0.16667872943233047, -0.1666543172681328, 1.2508778916193815e-05, 1.2049442266110384e-05] - [0.16669446401204868, 0.3333617051444585, 2.850243253377878e-05, 2.774513018436039e-05] - [0.16666683908602084, 0.8333334545755356, -1.980363434668175e-08, 1.5963593166157098e-07] - [4.026905592208918e-06, 4.149956492995374e-06, 4.261464894527016e-06, 4.026903444372931e-06]
B1: 0.16664615283679737 - 0.6666443743181214 - 0.16668581629020654 - -1.297917810909888e-05
B2: 0.16664013379294004 - 0.6666304512991943 - 0.1666252524667413 - -2.6203929531030482e-05
