Number: 1764
Error: 7.212828563260691e-06
A1: [-2.117605294198274e-06, -2.303542026305545e-06, -1.6623738092313464e-06, -1.973526592354216e-06] - [0.20833669450912132, 0.3333345965681316, -0.04166380127404366, 3.995088392609914e-06] - [0.16666462806432092, 0.666664404748349, 0.16666520234190402, -1.8611124869884312e-06] - [-3.34825770093167e-06, -2.989078821822744e-06, -2.6297262166978258e-06, -3.34539843251254e-06]
A2: [0.1666557390146259, -0.1666779433867346, -1.1814555315235076e-05, -1.0959131694066298e-05] - [0.16658222837341974, 0.33324624198075503, -9.036522593457508e-05, -8.456170301262388e-05] - [0.1666314427627538, 0.8332970096129846, -3.7533835060806644e-05, -3.525412834430513e-05] - [9.472056680677184e-06, 9.761546936721877e-06, 1.0023898792284433e-05, 9.472053421905835e-06]
B1: 0.166701298615468 - 0.6665874148967221 - 0.1665753150998916 - 5.1399500018285254e-05
B2: 0.166692617887339 - 0.6666972618987117 - 0.16670649662766132 - 2.672012109408028e-05
