Number: 188
Error: 8.112701129712256e-06
A1: [3.303026751214222e-06, 3.3774213539453183e-06, 3.5388207865582368e-06, 3.314840311513404e-06] - [0.2083505804339885, 0.33335051917451697, -0.04164915251202909, 1.7298216960265145e-05] - [0.16667136216713244, 0.6666713244575317, 0.16667139432983374, 4.709741690008828e-06] - [-3.48412047030012e-07, -3.1076880942175924e-07, -2.731002940865878e-07, -3.4811358633129766e-07]
A2: [0.16664668404439864, -0.16668736601578032, -2.1381655703952246e-05, -1.9985908473688474e-05] - [0.16658218564973662, 0.3332458985540406, -9.02360484085969e-05, -8.449387839285598e-05] - [0.16664400032447813, 0.8333098940984667, -2.416912135525286e-05, -2.2669486438396107e-05] - [1.0120676001941296e-06, 1.042963921471164e-06, 1.0709592563343347e-06, 1.0120670146574964e-06]
B1: 0.16671622932743285 - 0.6666454266736315 - 0.1665854298886456 - 5.068651061435716e-05
B2: 0.16671215576625206 - 0.6667273483462249 - 0.16674300936751604 - 4.557484048455346e-05
