Number: 911
Error: 3.115029442978941e-06
A1: [-4.873971313464905e-06, -4.231389912085123e-06, -3.1620337172482575e-06, -4.796459249777295e-06] - [0.2083178320856542, 0.333319911674046, -0.041676099380028885, -1.5159767049590536e-05] - [0.16666079140749315, 0.6666615166477063, 0.1666627687792988, -5.779654835250181e-06] - [-1.7251051456360876e-06, -1.5399124693259788e-06, -1.3546125496948705e-06, -1.723629082298321e-06]
A2: [0.16667965915032043, -0.16665334959610406, 1.3491479050948507e-05, 1.2976264146317123e-05] - [0.16669446814068617, 0.33336174064231394, 2.8489864652811784e-05, 2.77379032333467e-05] - [0.16666554927216307, 0.8333321312269579, -1.392433992194063e-06, -1.132959533432631e-06] - [4.896554911620779e-06, 5.046188237525342e-06, 5.181787186913686e-06, 4.896552433562688e-06]
B1: 0.16664462876363928 - 0.6666384249543533 - 0.16668479331025038 - -1.2895151209826958e-05
B2: 0.1666382129804451 - 0.6666273958487418 - 0.1666214829201427 - -2.8054567579694154e-05
