Number: 2894
Error: 6.590716809021349e-06
A1: [-6.0456614777479634e-06, -6.42193118260615e-06, -5.440519039536154e-06, -5.80672044374075e-06] - [0.20832656700127578, 0.33332299416578265, -0.04167450510513369, -5.714416428871261e-06] - [0.16665975601375654, 0.6666593960468963, 0.16666071168683305, -6.6160981289848385e-06] - [-5.498837956174751e-06, -4.909120998306412e-06, -4.3191894350798786e-06, -5.494154219646835e-06]
A2: [0.1666622335227363, -0.1666711841192046, -4.950554657308125e-06, -4.4848381300107775e-06] - [0.16658228778154022, 0.33324652124762777, -9.04207193483169e-05, -8.458157246349602e-05] - [0.16662245038093326, 0.8332877837776552, -4.7103129653166505e-05, -4.426593565256877e-05] - [1.5536425796839375e-05, 1.6011281084651367e-05, 1.644164689146721e-05, 1.553642400930642e-05]
B1: 0.16668980288635235 - 0.6665450697518962 - 0.16656734480330176 - 5.112005685545608e-05
B2: 0.16667961699991546 - 0.6666765604068197 - 0.16668103960329014 - 1.4209110956023258e-05
