Number: 2599
Error: 4.050082743766577e-06
A1: [-1.0748102475794133e-05, -1.0390112196385361e-05, -8.81274059577334e-06, -1.052887412026629e-05] - [0.20830267691727283, 0.3333025524611184, -0.04169211711203007, -2.969049206317738e-05] - [0.16665350824453434, 0.6666540289700663, 0.1666560546539323, -1.2887927802613902e-05] - [-4.937001149289356e-06, -4.407521610024916e-06, -3.877832843952806e-06, -4.932793152948587e-06]
A2: [0.16668936856136085, -0.16664324483028906, 2.3752662318138904e-05, 2.265549804129225e-05] - [0.16669458661755007, 0.33336218681781027, 2.843574945265111e-05, 2.7738040725736583e-05] - [0.16665212429242351, 0.8333183573230288, -1.5679444058511974e-05, -1.4586932663748653e-05] - [1.3956369117042893e-05, 1.438292955009906e-05, 1.4769519346076024e-05, 1.3956366668114089e-05]
B1: 0.16662758484117945 - 0.66657531912156 - 0.16667305998380408 - -1.3183889687799926e-05
B2: 0.16661866422750596 - 0.6665963247939801 - 0.16658328520751314 - -4.68720469235059e-05
