Number: 2294
Error: 6.91998082525178e-06
A1: [-3.957096620677327e-06, -4.232145221969243e-06, -3.4312261098346748e-06, -3.7685263156015724e-06] - [0.2083319560826557, 0.3333291670397344, -0.041668808665104036, -5.472911336175901e-07] - [0.16666234584740927, 0.6666620586060084, 0.16666309936150336, -4.088422699799729e-06] - [-4.356968869303057e-06, -3.889661112469984e-06, -3.4221537740381117e-06, -4.353252691020905e-06]
A2: [0.16665878841491244, -0.16667476982679033, -8.591901304479279e-06, -7.919212599380876e-06] - [0.1665822681579802, 0.3332463848210716, -9.037948283932338e-05, -8.455910028737183e-05] - [0.16662722785597606, 0.8332926852011594, -4.201934866933226e-05, -3.9478145267766624e-05] - [1.2316569632415912e-05, 1.2693006280706947e-05, 1.3034163524391133e-05, 1.2316566707250692e-05]
B1: 0.16669589104110852 - 0.6665675460634549 - 0.1665715777066294 - 5.1252787085245426e-05
B2: 0.16668650004009095 - 0.6666875413134238 - 0.16669455511550044 - 2.0832034347579312e-05
