Number: 2801
Error: 4.160464489592965e-06
A1: [-1.1438662948585268e-05, -1.1114051932125174e-05, -9.475219822372717e-06, -1.120248917355185e-05] - [0.20830091306666898, 0.3333005275648596, -0.04169397879331216, -3.137966841298609e-05] - [0.16665264916654438, 0.6666531460980499, 0.16665526501075936, -1.3726092445578658e-05] - [-5.321328234579028e-06, -4.750649318776378e-06, -4.17975701899752e-06, -5.316794737182503e-06]
A2: [0.16669052974789944, -0.1666420364297961, 2.497968552051552e-05, 2.3813073280220807e-05] - [0.16669459579517582, 0.3333622349859703, 2.842382390975785e-05, 2.7733054787359613e-05] - [0.16665051583570925, 0.8333167070921256, -1.739109955549524e-05, -1.619886016160417e-05] - [1.5040338956101939e-05, 1.5500032259377167e-05, 1.5916654662399064e-05, 1.5040336938404352e-05]
B1: 0.16662549703349822 - 0.6665677137652135 - 0.16667159594477973 - -1.3266813877712652e-05
B2: 0.16661630674386663 - 0.6665926268468676 - 0.16657877489230202 - -4.914201007943349e-05
