Number: 120
Error: 8.155271368801042e-06
A1: [3.5291748304528174e-06, 3.6140089707781367e-06, 3.753911764502607e-06, 3.535288794962123e-06] - [0.2083511474389184, 0.33335117096510236, -0.04164855878224146, 1.784010681736413e-05] - [0.16667164444009555, 0.6666716139892437, 0.16667165170691262, 4.984978140837896e-06] - [-2.1896033889400464e-07, -1.951907837557474e-07, -1.7140499837901266e-07, -2.1877284269083624e-07]
A2: [0.16664630059051316, -0.1666877650480295, -2.1786654712858155e-05, -2.0368145885711686e-05] - [0.1665822161066287, 0.33324591708510776, -9.019616203695268e-05, -8.44586521385227e-05] - [0.1666445510457028, 0.8333104591644702, -2.3583120480590295e-05, -2.2117597094041323e-05] - [6.47006832986343e-07, 6.667443794850349e-07, 6.846275831293741e-07, 6.470064748867901e-07]
B1: 0.16671664140566209 - 0.6666477250181438 - 0.1665856888046814 - 5.042380275359392e-05
B2: 0.1667132305175916 - 0.6667288522132261 - 0.16674476223896775 - 4.662011685079339e-05
