Number: 277
Error: 2.7476026729228357e-06
A1: [-2.7121148635228557e-06, -1.9663252495108444e-06, -1.0914960742614897e-06, -2.687793200624794e-06] - [0.20832334193765734, 0.3333262347747757, -0.04167029479841766, -9.884288726799456e-06] - [0.16666348046303245, 0.66666427894558, 0.16666523688613916, -3.15625482290032e-06] - [-5.186126575926438e-07, -4.6272940140409286e-07, -4.068092463830581e-07, -5.18168353291002e-07]
A2: [0.1666760235678411, -0.16665713258093964, 9.650810963852861e-06, 9.352016434090669e-06] - [0.1666944864426446, 0.3333616397787718, 2.8580632279411554e-05, 2.780064718262956e-05] - [0.16667061124991991, 0.8333373251088596, 3.994942726832222e-06, 3.939903979101512e-06] - [1.4929591964704757e-06, 1.5385551176420778e-06, 1.5798713692863589e-06, 1.49295832014814e-06]
B1: 0.16665033510646568 - 0.6666614948384385 - 0.1666886274948474 - -1.3481692983498495e-05
B2: 0.16664643080706906 - 0.6666397963073804 - 0.1666364043006537 - -2.0111388010202226e-05
