Number: 1616
Error: 7.2949717381412e-06
A1: [-1.6096615219407805e-06, -1.7710396999894655e-06, -1.1748091476264948e-06, -1.478001845534509e-06] - [0.20833799459432778, 0.33333608832424666, -0.04166242871999896, 5.240449413550679e-06] - [0.1666652595693068, 0.6666650537739477, 0.166665783130154, -1.2449353146642014e-06] - [-3.0665687487891536e-06, -2.7375844198546755e-06, -2.408435702232225e-06, -3.063949145084735e-06]
A2: [0.16665488573398696, -0.16667883128870734, -1.271611224807505e-05, -1.180976474316162e-05] - [0.16658221183345326, 0.3332461968014915, -9.03663866220382e-05, -8.456786058142136e-05] - [0.16663261875849497, 0.8332982162060867, -3.628223568886665e-05, -3.407558892954505e-05] - [8.67768877393807e-06, 8.94289799998851e-06, 9.183243073538247e-06, 8.677685534631718e-06]
B1: 0.1667028262367985 - 0.6665929779197598 - 0.16657637040973658 - 5.145802675876364e-05
B2: 0.16669435158141954 - 0.6666999837340037 - 0.1667098197488765 - 2.838965677934352e-05
