Number: 1664
Error: 7.268342870802349e-06
A1: [-1.7614501380752048e-06, -1.93006542448787e-06, -1.31853281330015e-06, -1.6257750502887862e-06] - [0.20833762510825604, 0.3333356596055099, -0.0416628158485058, 4.888661856794507e-06] - [0.1666650678459128, 0.6666648571035686, 0.16666560932616625, -1.43170000416546e-06] - [-3.1579306828883144e-06, -2.819153681937479e-06, -2.480209162158068e-06, -3.1552333292867994e-06]
A2: [0.16665516471804126, -0.16667854118572564, -1.2421696011333347e-05, -1.1531639370591646e-05] - [0.16658222308729245, 0.3332462170541428, -9.036071532888113e-05, -8.455997399352947e-05] - [0.16663223805621363, 0.8332978255452019, -3.6687530284347645e-05, -3.4457116173206836e-05] - [8.935323843922453e-06, 9.208408087970562e-06, 9.455890542620692e-06, 8.93532059293139e-06]
B1: 0.16670228839131965 - 0.666591133288203 - 0.16657598974323487 - 5.1396611194056406e-05
B2: 0.16669374476610585 - 0.6666990968226584 - 0.16670878042269094 - 2.7803650792410675e-05
