Number: 2058
Error: 7.050149676211346e-06
A1: [-3.1310714061274965e-06, -3.366049517635391e-06, -2.6358726409863338e-06, -2.9623187899726173e-06] - [0.2083340939622694, 0.3333316142318068, -0.04166654786311467, 1.5032661395722967e-06] - [0.16666336908732585, 0.6666631107065242, 0.16666404358539896, -3.0896378716584824e-06] - [-3.907815439347205e-06, -3.488655634924204e-06, -3.0693063007794634e-06, -3.904480567704918e-06]
A2: [0.1666574323264433, -0.1666761812599545, -1.0025258360498648e-05, -9.271079264058678e-06] - [0.16658225568730178, 0.3332463263031389, -9.036821812694482e-05, -8.455501421450435e-05] - [0.16662910556917357, 0.8332946116551696, -4.0021179785587475e-05, -3.7596375275831776e-05] - [1.1049991656616296e-05, 1.138771370640243e-05, 1.1693780772422731e-05, 1.1049988505015583e-05]
B1: 0.16669827589851358 - 0.6665763728052906 - 0.16657322409498823 - 5.1295081642772244e-05
B2: 0.1666891974445797 - 0.6666918645966319 - 0.1666998901704939 - 2.3427130018549574e-05
