Number: 150
Error: 8.136363147206865e-06
A1: [3.4208680257142327e-06, 3.5006278396392954e-06, 3.6495459971978638e-06, 3.4295046843672036e-06] - [0.20835086294042648, 0.3333508471710204, -0.04164885885068718, 1.7566721339554255e-05] - [0.1666715112941773, 0.6666714771657973, 0.1666715285944224, 4.854944806135533e-06] - [-2.7607068991043614e-07, -2.461803304122297e-07, -2.1626971651025627e-07, -2.7583423380401755e-07]
A2: [0.16664646802368085, -0.16668759067659925, -2.1609580987852408e-05, -2.020124939651193e-05] - [0.1665821977066889, 0.33324590411029603, -9.021838153986743e-05, -8.447915620195984e-05] - [0.1666443073361792, 0.8333102091427658, -2.3842359682222357e-05, -2.2361821961326522e-05] - [8.080630673645619e-07, 8.327235967254447e-07, 8.550680228795194e-07, 8.080626080839765e-07]
B1: 0.16671649552626774 - 0.6666467447819595 - 0.16658560613817394 - 5.057563990096216e-05
B2: 0.16671277931980377 - 0.6667281851431716 - 0.1667439573300336 - 4.618192240893261e-05
