Number: 2904
Error: 6.585245290027049e-06
A1: [-6.081269417462739e-06, -6.45927072532029e-06, -5.474895088627406e-06, -5.841488133584219e-06] - [0.20832647396580617, 0.3333228878870953, -0.04167460362359623, -5.803749620029978e-06] - [0.16665971204311789, 0.6666593508189672, 0.1666606709948038, -6.659032081461159e-06] - [-5.517868263660027e-06, -4.926111146826785e-06, -4.334139302243048e-06, -5.5131684241019385e-06]
A2: [0.1666622907448057, -0.16667112454729208, -4.890048398726391e-06, -4.427794948921618e-06] - [0.1665822875236756, 0.33324652295370566, -9.042195573240643e-05, -8.458253195066467e-05] - [0.1666223706583156, 0.8332877019912657, -4.71879531468656e-05, -4.434583021015207e-05] - [1.559008694485809e-05, 1.606658244101386e-05, 1.6498435010103497e-05, 1.5590085183094704e-05]
B1: 0.16668970433292826 - 0.6665446977807176 - 0.16656727659204337 - 5.11207599637541e-05
B2: 0.16667950507149507 - 0.6666763776900511 - 0.16668081201628535 - 1.4101517793727972e-05
