Number: 2433
Error: 3.959149279096622e-06
A1: [-1.017134380583729e-05, -9.785401602534057e-06, -8.258017501302678e-06, -9.966050044896056e-06] - [0.20830416373354108, 0.33330425589616625, -0.04169054571297193, -2.826507819076869e-05] - [0.16665422358408216, 0.6666547643888691, 0.16665671398118279, -1.2189783997473219e-05] - [-4.621163444182846e-06, -4.125541213968207e-06, -3.6297144528821175e-06, -4.617223164304445e-06]
A2: [0.16668841534357173, -0.1666442369271581, 2.274517921459047e-05, 2.170524789064705e-05] - [0.16669458110026836, 0.3333621490515432, 2.8447151066386106e-05, 2.774416226246136e-05] - [0.1666534460546206, 0.8333197133895528, -1.427292646103443e-05, -1.3262318480486117e-05] - [1.306554603538512e-05, 1.3464877324318854e-05, 1.3826786284918564e-05, 1.3065543300509724e-05]
B1: 0.16662927172290046 - 0.6665815401081703 - 0.1666742338733139 - -1.3144636923891187e-05
B2: 0.1666205716296155 - 0.6665993626409946 - 0.1665870211178722 - -4.503656359697082e-05
