Number: 2315
Error: 3.894355990250128e-06
A1: [-9.746332790498061e-06, -9.339677258995982e-06, -7.846983781499436e-06, -9.550958891939787e-06] - [0.20830528113443314, 0.3333055306759874, -0.04168936139687895, -2.719138311853788e-05] - [0.16665474725988882, 0.6666553031902516, 0.16665719954358543, -1.1678346516196802e-05] - [-4.3966507421928355e-06, -3.925096286713076e-06, -3.4533413409622854e-06, -4.392900889536829e-06]
A2: [0.1666877400219525, -0.16664494001295935, 2.2031022556091306e-05, 2.1032035689449786e-05] - [0.16669458276343244, 0.3333621274573997, 2.8460155910345163e-05, 2.7754098219415503e-05] - [0.16665438612409825, 0.8333206778039451, -1.3272692165852321e-05, -1.2320221888554216e-05] - [1.2432285308065436e-05, 1.28122601634843e-05, 1.315662446590372e-05, 1.2432282407516028e-05]
B1: 0.16663042198709876 - 0.6665859148555308 - 0.16667502228070336 - -1.3165634499289738e-05
B2: 0.16662187746440654 - 0.6666015188723813 - 0.16658972297634464 - -4.3781846742177005e-05
