Number: 3008
Error: 6.528417825676866e-06
A1: [-6.441993536651121e-06, -6.837465655673018e-06, -5.821732340572287e-06, -6.193482897832998e-06] - [0.2083255450541389, 0.3333218234114781, -0.041675585229007016, -6.694194721769996e-06] - [0.1666592644469766, 0.6666588906903428, 0.16666025858202363, -7.095856074108613e-06] - [-5.715785252668945e-06, -5.102810668049111e-06, -4.489620327861365e-06, -5.710917982263286e-06]
A2: [0.16666288742711513, -0.1666705035070512, -4.259375418156744e-06, -3.832973080646774e-06] - [0.1665822888796643, 0.3332465445241275, -9.043120854093066e-05, -8.458847290130871e-05] - [0.16662154198533816, 0.8332868518301095, -4.806972667805924e-05, -4.5176291398918534e-05] - [1.6148156728462533e-05, 1.6641710208820934e-05, 1.7089025031757268e-05, 1.614815524816821e-05]
B1: 0.16668864704608213 - 0.666540798210853 - 0.16656653735724386 - 5.109571102685339e-05
B2: 0.16667830943703985 - 0.6666744757754713 - 0.16667847501035332 - 1.2950971689587058e-05
