Number: 90
Error: 8.174311559722093e-06
A1: [3.6136509647126133e-06, 3.702201094536629e-06, 3.831730592386444e-06, 3.617265063591086e-06] - [0.20835133590479896, 0.333351393263325, -0.04164836567115102, 1.8017551630341287e-05] - [0.1666717534726521, 0.6666717253297508, 0.1666717479672549, 5.090921178709617e-06] - [-1.6184697384792063e-07, -1.441980936151105e-07, -1.2653705941704307e-07, -1.6170844942601201e-07]
A2: [0.16664612959201133, -0.166687942771336, -2.1966857725458437e-05, -2.05386077069605e-05] - [0.16658222598130862, 0.33324592211366133, -9.018128711934721e-05, -8.444667333640761e-05] - [0.16664479405882318, 0.8333107085658383, -2.3324423354847285e-05, -2.1874068634114394e-05] - [4.859510559825197e-07, 5.007656165000357e-07, 5.141876023304649e-07, 4.859508003830732e-07]
B1: 0.16671685153314286 - 0.6666487676436629 - 0.1665858320002271 - 5.0336289374909316e-05
B2: 0.16671377402225412 - 0.6667295371853974 - 0.16674550653139653 - 4.7150617380629564e-05
