Number: 1629
Error: 3.5160148355183922e-06
A1: [-7.3654784645604875e-06, -6.843458857012203e-06, -5.557507242435376e-06, -7.227690437716565e-06] - [0.20831141470774694, 0.3333125587880014, -0.04168287962075047, -2.1311554966370266e-05] - [0.1666577007646815, 0.6666583395090875, 0.16665992120805231, -8.795907914839992e-06] - [-3.0913693107730294e-06, -2.7597319692865053e-06, -2.427929241739157e-06, -3.088728588251977e-06]
A2: [0.16668379391982277, -0.16664904676948886, 1.7860715600492872e-05, 1.709819751134764e-05] - [0.16669453442475812, 0.33336194592045515, 2.8481923849933187e-05, 2.7753853980643935e-05] - [0.166659842238156, 0.8333262756953609, -7.466294767626621e-06, -6.852324062084311e-06] - [8.750553162276085e-06, 9.017990491286673e-06, 9.26035499764273e-06, 8.750549916915838e-06]
B1: 0.16663741238424465 - 0.6666116250253191 - 0.16667985579436653 - -1.2984411653118273e-05
B2: 0.16662979619023524 - 0.6666141007811484 - 0.16660518076374317 - -3.616031609808798e-05
