Number: 1419
Error: 3.399440671742365e-06
A1: [-6.641381284232709e-06, -6.084324898763318e-06, -4.8619450637805e-06, -6.521217856354604e-06] - [0.20831327317930973, 0.3333146899666512, -0.04168091683088623, -1.9530744173391906e-05] - [0.16665860009420888, 0.6666592639062907, 0.16666074898899566, -7.918330454177474e-06] - [-2.691775235278275e-06, -2.4029697187140235e-06, -2.1140135385403716e-06, -2.689474747294281e-06]
A2: [0.16668258382221407, -0.16665030600122804, 1.6582081368811874e-05, 1.589185422776806e-05] - [0.16669451273093386, 0.33336188359088526, 2.8481983203494898e-05, 2.7746882218183206e-05] - [0.16666151107763377, 0.8333279879580545, -5.690181412241811e-06, -5.179877822834569e-06] - [7.6233981010657614e-06, 7.856382111848411e-06, 8.067520838998328e-06, 7.623394961281035e-06]
B1: 0.16663956146959308 - 0.6666195007006815 - 0.1666813362457587 - -1.2919823689357853e-05
B2: 0.16663225043919255 - 0.6666179676452599 - 0.16660991225723915 - -3.379704331516592e-05
