Number: 2371
Error: 3.9251367807855866e-06
A1: [-9.955345749369153e-06, -9.558930942314663e-06, -8.050184516219602e-06, -9.755257095080655e-06] - [0.2083047213915862, 0.33330489459092133, -0.04168995620294234, -2.773035596902946e-05] - [0.16665449134713348, 0.6666550396842043, 0.16665696088881835, -1.1928444144699224e-05] - [-4.503198673729733e-06, -4.02022198089337e-06, -3.5370428074316287e-06, -4.4993584368039334e-06]
A2: [0.16668805929828676, -0.16664460749863608, 2.236885604027296e-05, 2.1350310997987017e-05] - [0.1666945788325952, 0.33336213472626014, 2.8451176903799148e-05, 2.7746241536633645e-05] - [0.16665393964052022, 0.8333202197864426, -1.3747687954653655e-05, -1.2767667426311523e-05] - [1.273282147829901e-05, 1.312198260444239e-05, 1.3474673309356916e-05, 1.2732818652481131e-05]
B1: 0.1666299000914689 - 0.6665838616949503 - 0.1666746701222652 - -1.3131655281091887e-05
B2: 0.16662128253510747 - 0.6666004975710642 - 0.16658841868058702 - -4.435251892506694e-05
