Number: 2734
Error: 6.678260300489033e-06
A1: [-5.499912949482408e-06, -5.8498203828451e-06, -4.91716768431199e-06, -5.27439307071204e-06] - [0.20832795898301135, 0.3333245926266539, -0.04167303621986669, -4.381579016522206e-06] - [0.16666043531494093, 0.6666600941065323, 0.16666133581296533, -5.953360992125798e-06] - [-5.194343130781797e-06, -4.637268342104635e-06, -4.079981480653752e-06, -5.189917151507156e-06]
A2: [0.16666131354308814, -0.16667214149620505, -5.9226696375859434e-06, -5.401955552989099e-06] - [0.16658227993969424, 0.3332464825088499, -9.04118217066837e-05, -8.457818844689312e-05] - [0.16662372437691497, 0.8332890908566117, -4.574739045187273e-05, -4.298918870684261e-05] - [1.4677833760443473e-05, 1.5126445231653903e-05, 1.5533022602659655e-05, 1.4677831590626103e-05]
B1: 0.16669146159331133 - 0.6665510986645543 - 0.1665685090125771 - 5.119071055762827e-05
B2: 0.166681488599211 - 0.666679489860481 - 0.16668460812337427 - 1.601134297853882e-05
