Number: 1890
Error: 7.143030117734881e-06
A1: [-2.55195991976727e-06, -2.758914398308458e-06, -2.07959907912762e-06, -2.397306579071484e-06] - [0.20833557994783683, 0.33333331838390523, -0.0416649784212101, 2.9271236387533264e-06] - [0.1666640884918246, 0.6666638501483744, 0.16666470572279443, -2.3876340885755544e-06] - [-3.5880702010144243e-06, -3.2031851791670114e-06, -2.81811921176134e-06, -3.585007023491746e-06]
A2: [0.16665646488468966, -0.166677188024615, -1.1047549364837354e-05, -1.0235515655648192e-05] - [0.1665822406986753, 0.33324627873657575, -9.036589330138702e-05, -8.455821698192795e-05] - [0.16663044125978158, 0.8332959820676561, -3.859968959391156e-05, -3.625779697677569e-05] - [1.014832533482324e-05, 1.045848670901409e-05, 1.0739573811901162e-05, 1.0148322098221928e-05]
B1: 0.1667000033536723 - 0.6665826831920981 - 0.1665744200595595 - 5.135494603703744e-05
B2: 0.1666911508917131 - 0.6666949476507413 - 0.16670366414346452 - 2.5307747236867807e-05
