Number: 3005
Error: 4.27172558568306e-06
A1: [-1.2155499985533229e-05, -1.1865688743172018e-05, -1.0165879230432943e-05, -1.1902194742204934e-05] - [0.20829905344335167, 0.33329839991486193, -0.041695946012104156, -3.316380402096399e-05] - [0.16665176194323936, 0.6666522337414934, 0.1666544456985823, -1.4592177285883794e-05] - [-5.709449838247281e-06, -5.097163069570925e-06, -4.484660451247305e-06, -5.704587927144156e-06]
A2: [0.16669169836305733, -0.16664081997104033, 2.6215124969801335e-05, 2.4978041536406774e-05] - [0.1666945935329111, 0.3333622725291544, 2.8401138588088286e-05, 2.7716488907479406e-05] - [0.16664888974451694, 0.8333150388649793, -1.9121303642928776e-05, -1.7828456607381634e-05] - [1.6135009508838934e-05, 1.66281626591085e-05, 1.7075114670479528e-05, 1.6135008019357904e-05]
B1: 0.16662345492105762 - 0.6665600945563026 - 0.16667017374702167 - -1.328417321205744e-05
B2: 0.16661399418090564 - 0.6665888999336801 - 0.16657416360618515 - -5.1366190829176174e-05
