Number: 1924
Error: 7.124231475143615e-06
A1: [-2.6634567251410077e-06, -2.8757622204229755e-06, -2.18583306145846e-06, -2.5059554024833814e-06] - [0.20833530219057564, 0.33333299776445957, -0.04166527048749797, 2.6619179748244985e-06] - [0.16666394866339707, 0.6666637065885919, 0.16666457813190635, -2.5239464167164115e-06] - [-3.652782361683217e-06, -3.2609608473674134e-06, -2.8689565539090385e-06, -3.6496641800631735e-06]
A2: [0.1666566616908012, -0.16667698330844932, -1.0839741727531814e-05, -1.0039317774205966e-05] - [0.1665822464249915, 0.3332462909288485, -9.036393228800651e-05, -8.455487588275276e-05] - [0.1666301712749603, 0.8332957050403925, -3.8887070281265585e-05, -3.652836619904773e-05] - [1.0330807663475483e-05, 1.0646546873919025e-05, 1.093268948495063e-05, 1.0330804438981456e-05]
B1: 0.16669963491425244 - 0.6665813882034831 - 0.16657416109244294 - 5.1323981718638426e-05
B2: 0.16669073593894937 - 0.666694321875133 - 0.16670291730268155 - 2.4907534409654506e-05
