Number: 1927
Error: 3.6808131446732042e-06
A1: [-8.407684045207572e-06, -7.936222741238163e-06, -6.560902712550637e-06, -8.244872453565275e-06] - [0.20830871826093797, 0.33330947197030186, -0.041685730881721936, -2.389774236239213e-05] - [0.16665640972122758, 0.666657012044141, 0.16665872998919065, -1.005607130107828e-05] - [-3.6583969914952447e-06, -3.2659789508172257e-06, -2.8733778371210074e-06, -3.655274028978314e-06]
A2: [0.16668550768878473, -0.16664726314527006, 1.9672014123904978e-05, 1.88066390310666e-05] - [0.1666945553581818, 0.3333620248832582, 2.8472743258035963e-05, 2.775389582481227e-05] - [0.16665747252761073, 0.8333238444150213, -9.988130435402191e-06, -9.227153112562544e-06] - [1.0349969526793034e-05, 1.0666295451894989e-05, 1.0952969877316976e-05, 1.0349966301466449e-05]
B1: 0.16663440227883727 - 0.666600484251866 - 0.16667778542054407 - -1.3036528061406398e-05
B2: 0.1666263775447982 - 0.6666086316890052 - 0.16659843627562343 - -3.9449863453954544e-05
