Number: 2274
Error: 6.930998092028349e-06
A1: [-3.885879186084994e-06, -4.157463471386686e-06, -3.362470867881468e-06, -3.6989894914465233e-06] - [0.20833214215589624, 0.33332937960197495, -0.04166861162237355, -3.686227310844184e-07] - [0.16666243379128054, 0.6666621490649548, 0.16666318074783043, -4.0025524297036385e-06] - [-4.318905769835758e-06, -3.855678359838374e-06, -3.39225212970497e-06, -4.315221889332062e-06]
A2: [0.1666586737307046, -0.16667488921159895, -8.713155062750129e-06, -8.033539028126878e-06] - [0.16658226775727777, 0.3332463804903156, -9.03779291670677e-05, -8.455809785675928e-05] - [0.16662738707507868, 0.8332928485473836, -4.184992854283386e-05, -3.931858235653201e-05] - [1.2209234682913357e-05, 1.2582390505263347e-05, 1.2920574037998786e-05, 1.2209231733678343e-05]
B1: 0.16669608926042298 - 0.6665682904630359 - 0.16657171387013925 - 5.125248248571695e-05
B2: 0.16668672419823438 - 0.6666879070500394 - 0.16669501059634156 - 2.1047522338282887e-05
