Number: 1028
Error: 7.623736477897548e-06
A1: [4.4219107448088283e-07, 3.801936829332854e-07, 7.996865199485524e-07, 5.244761058027931e-07] - [0.2083432956172281, 0.3333421581385549, -0.04165682523565074, 1.032392014031943e-05] - [0.16666780256832833, 0.6666676682156571, 0.1666681282765277, 1.2371302405833863e-06] - [-1.947389830582005e-06, -1.7383686793788411e-06, -1.5292294469065415e-06, -1.9457240353369085e-06]
A2: [0.166651500019313, -0.1666823547888239, -1.6294109359546758e-05, -1.5184960578512395e-05] - [0.16658215663018858, 0.3332460272842931, -9.036158993320743e-05, -8.458181685677604e-05] - [0.16663729173313416, 0.8333030107094785, -3.130896809104925e-05, -2.9392509604550242e-05] - [5.521469480224504e-06, 5.690203847797082e-06, 5.843113497058273e-06, 5.521466802332675e-06]
B1: 0.16670872680366808 - 0.6666149136529609 - 0.16658039867721114 - 5.152170407101279e-05
B2: 0.16670118971508271 - 0.6667108525272208 - 0.16672318777366993 - 3.497290130133176e-05
