Number: 441
Error: 2.8452389404713142e-06
A1: [-3.2428851193727536e-06, -2.5219422615857e-06, -1.594941480753187e-06, -3.2048315675253934e-06] - [0.20832203190691992, 0.3333247217602141, -0.041671666298493865, -1.1133803215321413e-05] - [0.16666281394659285, 0.6666635953173456, 0.1666646311956781, -3.805815123346739e-06] - [-8.307061316645452e-07, -7.413749283483438e-07, -6.519868030242116e-07, -8.299946164193216e-07]
A2: [0.16667696277789149, -0.1666561556366543, 1.0642283121101708e-05, 1.0288294253484867e-05] - [0.16669446895063628, 0.3333616518595103, 2.8541918908349284e-05, 2.777165867275554e-05] - [0.16666929671353567, 0.8333359762218296, 2.5957858317306216e-06, 2.622551742345147e-06] - [2.373424047841686e-06, 2.4459331239152468e-06, 2.5116385916451928e-06, 2.37342267997296e-06]
B1: 0.1666489483776652 - 0.6666556004535068 - 0.1666876929468396 - -1.324080952060371e-05
B2: 0.16664406244410337 - 0.6666364360004772 - 0.16663248743144063 - -2.240870166982556e-05
