Number: 924
Error: 7.68245612641509e-06
A1: [8.034147149075598e-07, 7.588653793734496e-07, 1.1469671472710816e-06, 8.7696815048494e-07] - [0.2083442262998817, 0.3333432242822801, -0.041655842092288654, 1.121613013012042e-05] - [0.166668250597606, 0.6666681287539918, 0.1666685410534973, 1.6743832150091795e-06] - [-1.749431897446069e-06, -1.561628817146321e-06, -1.3737173961007343e-06, -1.7479350785535826e-06]
A2: [0.16665090118659456, -0.16668297795694534, -1.6926881464518798e-05, -1.5781932814664535e-05] - [0.16658214753561387, 0.3332459980940802, -9.035982953033005e-05, -8.458361637115554e-05] - [0.16663811855848898, 0.8333038590558277, -3.0428979583173736e-05, -2.8563897235012474e-05] - [4.963191793917906e-06, 5.114861451676511e-06, 5.252305844284977e-06, 4.963189295111047e-06]
B1: 0.16670975207438346 - 0.6666187761556245 - 0.16658109477760633 - 5.151459576973916e-05
B2: 0.16670242699470597 - 0.6667127972417038 - 0.1667255686782817 - 3.616509951003661e-05
