Number: 2398
Error: 6.862739592764711e-06
A1: [-4.317851712635959e-06, -4.610374764103275e-06, -3.7780983557464693e-06, -4.120551463691616e-06] - [0.20833102707432993, 0.3333281024615122, -0.04166979037065886, -1.4378313728271623e-06] - [0.16666189821942073, 0.666661598444595, 0.16666268692178052, -4.525277343970277e-06] - [-4.55489825219372e-06, -4.066372847952571e-06, -3.5776441768106584e-06, -4.551014171701394e-06]
A2: [0.16665938623984403, -0.16667414764108915, -7.960083169534294e-06, -7.323248121646185e-06] - [0.166582273852154, 0.3332464107331742, -9.03843981006914e-05, -8.4560702473527e-05] - [0.16662640025033354, 0.8332918361075341, -4.2900054812164084e-05, -4.030753875320578e-05] - [1.2874704412955302e-05, 1.3268201147630176e-05, 1.3624821596257979e-05, 1.2874701627148363e-05]
B1: 0.16669483052524642 - 0.666563646342147 - 0.16657084171212588 - 5.1224563058840136e-05
B2: 0.1666853010541341 - 0.6666856359835049 - 0.16669221462327047 - 1.9678134615902135e-05
