Number: 1061
Error: 3.1994453129540093e-06
A1: [-5.384840384514394e-06, -4.766864987686959e-06, -3.651676050891411e-06, -5.2947447502420695e-06] - [0.20831653035638908, 0.33331841683830965, -0.041677472243662445, -1.6406047445126856e-05] - [0.1666601555240792, 0.6666608632771879, 0.16666218484730996, -6.400005844836479e-06] - [-2.0105443869094296e-06, -1.7947576814538397e-06, -1.578849751993314e-06, -2.0088246854393113e-06]
A2: [0.16668052429448815, -0.1666524494473264, 1.4405392964525244e-05, 1.3838726591045372e-05] - [0.16669448472928117, 0.3333617859564237, 2.8490315432783023e-05, 2.7743976623182602e-05] - [0.16666435705482135, 0.8333309079358915, -2.6613866937048995e-06, -2.3277527087285677e-06] - [5.701748518715443e-06, 5.8759940376345645e-06, 6.033898339349307e-06, 5.701745785852036e-06]
B1: 0.16664311694000153 - 0.6666328218134422 - 0.16668375768434984 - -1.2918038162502171e-05
B2: 0.16663639630517443 - 0.6666245903173232 - 0.16661808121033198 - -2.9806261046981197e-05
