Number: 2085
Error: 3.767893428619561e-06
A1: [-8.951211987150838e-06, -8.506051059997105e-06, -7.082844137460008e-06, -8.775141854535656e-06] - [0.20830732502720029, 0.3333078737943275, -0.04168720213787845, -2.5232552087806967e-05] - [0.16665573434886366, 0.6666563178712235, 0.166658108560224, -1.071508042202468e-05] - [-3.959029676776489e-06, -3.534385987275745e-06, -3.1095513673966606e-06, -3.9556512985751915e-06]
A2: [0.16668641731340703, -0.1666463165589028, 2.0633195053759247e-05, 1.9713438976888377e-05] - [0.16669456839812619, 0.33336206849684025, 2.846942066044535e-05, 2.7755858438356987e-05] - [0.16665621606210027, 0.83332255528298, -1.1325298969741251e-05, -1.0486332733611037e-05] - [1.1197940550687016e-05, 1.1540185945502712e-05, 1.1850352888300138e-05, 1.1197937416836102e-05]
B1: 0.16663277579129432 - 0.666594546765384 - 0.1666766567836345 - -1.3094739084349989e-05
B2: 0.16662453819426515 - 0.6666057333643802 - 0.16659489145838766 - -4.122076226077207e-05
