Number: 1886
Error: 7.145221155389003e-06
A1: [-2.5473007998208336e-06, -2.754100873895555e-06, -2.0765091934900993e-06, -2.392974416304855e-06] - [0.20833557855618726, 0.3333333201216902, -0.04166498195508414, 2.9242879350684352e-06] - [0.1666640963937004, 0.6666638580092087, 0.16666471122508386, -2.38013769436313e-06] - [-3.5804549771218723e-06, -3.196385900272243e-06, -2.8121360969219e-06, -3.5773982731797703e-06]
A2: [0.16665644028469284, -0.16667721348373238, -1.1073296997745367e-05, -1.026004409344687e-05] - [0.16658223624987917, 0.3332462737155903, -9.036951210190265e-05, -8.456238515841367e-05] - [0.16663047258154587, 0.8332960142407173, -3.8566274424013695e-05, -3.622640645906981e-05] - [1.0126856890040777e-05, 1.0436362038353589e-05, 1.0716854366709885e-05, 1.012685365217833e-05]
B1: 0.16670007452409893 - 0.6665828621147971 - 0.16657447584394874 - 5.138643628218224e-05
B2: 0.16669122855307747 - 0.6666950237415642 - 0.16670372665770608 - 2.5383673571243673e-05
