Number: 1674
Error: 7.262789231926795e-06
A1: [-1.7970653009169225e-06, -1.9674128095859225e-06, -1.3529166921039667e-06, -1.6605498479488062e-06] - [0.20833753204976477, 0.333335553302972, -0.041662914390022676, 4.799305941621317e-06] - [0.166665023867993, 0.6666648118682401, 0.16666556862793588, -1.4746410049018075e-06] - [-3.1769634800274963e-06, -2.8361462906692884e-06, -2.4951609424240313e-06, -3.1742499315086352e-06]
A2: [0.16665522215828735, -0.16667848139517208, -1.2360971248884866e-05, -1.1474378015416101e-05] - [0.1665822236567504, 0.33324621958786543, -9.03611251917071e-05, -8.456010604608973e-05] - [0.16663215853700428, 0.8332977439621676, -3.677215053292022e-05, -3.4536807251065184e-05] - [8.988997598404669e-06, 9.26372245880022e-06, 9.512691860615798e-06, 8.988994345648562e-06]
B1: 0.16670218932816588 - 0.6665907613931293 - 0.1665759222548617 - 5.139681494187389e-05
B2: 0.1666936320987916 - 0.6666989133517384 - 0.16670855206542964 - 2.7695318373042812e-05
