Number: 1713
Error: 3.562529520211085e-06
A1: [-7.65508669851635e-06, -7.147083228063005e-06, -5.835704962914971e-06, -7.510248966545173e-06] - [0.20831067142826928, 0.33331170641926333, -0.041683664642022354, -2.2023770501647893e-05] - [0.1666573410593521, 0.6666579697752327, 0.16665959011792245, -9.146912666512828e-06] - [-3.251204649663089e-06, -2.9024346032736317e-06, -2.5534938052628784e-06, -3.248427926017375e-06]
A2: [0.16668427783204598, -0.166648543202207, 1.8372045652787807e-05, 1.7580608006806426e-05] - [0.16669454264794434, 0.33336197040532095, 2.8481461012287455e-05, 2.7756188228358935e-05] - [0.1666591745937196, 0.8333255906836621, -8.176844896077632e-06, -7.5214112749429125e-06] - [9.201402387334863e-06, 9.482620630165287e-06, 9.737475259458714e-06, 9.201399127446824e-06]
B1: 0.1666365507427339 - 0.6666084724526427 - 0.16667926095559998 - -1.3012262532718048e-05
B2: 0.16662881705571891 - 0.6666125566717834 - 0.16660329087050507 - -3.710305969707923e-05
