Number: 2268
Error: 6.934269006589204e-06
A1: [-3.87889157657745e-06, -4.150244328970171e-06, -3.357837133282634e-06, -3.6924922956904372e-06] - [0.20833214006435857, 0.33332938220454805, -0.0416686169270023, -3.728802916450783e-07] - [0.16666244564340607, 0.6666621608555575, 0.16666318900090754, -3.991308482944992e-06] - [-4.307483028930728e-06, -3.845479510182838e-06, -3.3832774030170742e-06, -4.3038088419575635e-06]
A2: [0.16665863687127203, -0.16667492735964018, -8.75173591292972e-06, -8.070291122017429e-06] - [0.16658226123770653, 0.3332463731124706, -9.038320398158361e-05, -8.456419647585142e-05] - [0.16662743409549394, 0.8332928968447222, -4.179976807250398e-05, -3.927145879763095e-05] - [1.2177034399336565e-05, 1.2549205957757752e-05, 1.2886497361803721e-05, 1.2177031443061165e-05]
B1: 0.16669619592967985 - 0.6665685588692996 - 0.1665717976889417 - 5.129963340105621e-05
B2: 0.16668684054362712 - 0.666688021037371 - 0.1666951042149245 - 2.1161264877486613e-05
