Number: 1085
Error: 3.212893650906037e-06
A1: [-5.4608046359317806e-06, -4.84644489561934e-06, -3.723601664771659e-06, -5.368701180270082e-06] - [0.20831634532732768, 0.333318202206949, -0.04167766606559551, -1.65822269900161e-05] - [0.16666005961396294, 0.6666607648943185, 0.16666209789941824, -6.493436396297002e-06] - [-2.05621446945614e-06, -1.8355328796503339e-06, -1.6147279198536037e-06, -2.0544558017121214e-06]
A2: [0.1666806637445865, -0.1666523044434335, 1.4552549464771143e-05, 1.3977747572014135e-05] - [0.166694490148261, 0.3333617958506764, 2.849290236720125e-05, 2.7747712987790082e-05] - [0.16666416664954836, 0.8333307125451814, -2.864098221078682e-06, -2.5185701667815847e-06] - [5.83057414808374e-06, 6.008757455527029e-06, 6.170230497738072e-06, 5.830571379032775e-06]
B1: 0.1666428539335715 - 0.6666319052163339 - 0.16668357289662677 - -1.2942830714272272e-05
B2: 0.16663608781701272 - 0.6666241415957955 - 0.16661755606816198 - -3.0104350625426163e-05
