Number: 1241
Error: 3.300193274478035e-06
A1: [-6.002392383796823e-06, -5.414235122298606e-06, -4.24433929264612e-06, -5.897192371294336e-06] - [0.20831495001088138, 0.33331660360056914, -0.0416791402829058, -1.7919837335212576e-05] - [0.1666593878578957, 0.6666600743368813, 0.16666147894053315, -7.149029250367939e-06] - [-2.3530662526180397e-06, -2.1005665804456365e-06, -1.8479301952639332e-06, -2.351054413174515e-06]
A2: [0.16668156218272828, -0.16665136949293224, 1.5501927177642588e-05, 1.487339680191854e-05] - [0.16669450482437478, 0.3333618407154455, 2.8491430649780846e-05, 2.775145332888227e-05] - [0.16666292675401145, 0.8333294403820438, -4.183700826473735e-06, -3.7611446596925026e-06] - [6.667950637874158e-06, 6.871729811180364e-06, 7.0564000898705454e-06, 6.667947664730303e-06]
B1: 0.1666412910693728 - 0.6666260876046718 - 0.16668250559190897 - -1.2957173872347717e-05
B2: 0.16663425511004484 - 0.6666212482263774 - 0.16661400856388953 - -3.1869478014678854e-05
