Number: 2862
Error: 6.608211830840897e-06
A1: [-5.936513011730965e-06, -6.307510355084837e-06, -5.3358500884770255e-06, -5.700256189566467e-06] - [0.20832684539358728, 0.33332331385381336, -0.041674211332059306, -5.447852932111675e-06] - [0.16665989187278885, 0.6666595356576084, 0.16666083651105293, -6.483551867406012e-06] - [-5.437939372500105e-06, -4.85475084149418e-06, -4.2713481261011615e-06, -5.433307172266033e-06]
A2: [0.16666204956255493, -0.166671375558786, -5.144941862733768e-06, -4.668225866629097e-06] - [0.16658228634859706, 0.33324651363532426, -9.041880457542922e-05, -8.458076021535306e-05] - [0.1666227052134098, 0.8332880452267106, -4.683194857245608e-05, -4.401055297130242e-05] - [1.536470948445458e-05, 1.583431607663331e-05, 1.6259924226795842e-05, 1.536470761587161e-05]
B1: 0.16669013455158058 - 0.666546275554031 - 0.16656757777066164 - 5.113411315000953e-05
B2: 0.16667999119180113 - 0.6666771461669434 - 0.16668175317381517 - 1.4569429307388537e-05
