Number: 1632
Error: 7.286112792687462e-06
A1: [-1.6522700205315948e-06, -1.8156117817499226e-06, -1.2138319104175653e-06, -1.5192795208632386e-06] - [0.20833790360629825, 0.3333359793990847, -0.04166252197529957, 5.155330103108955e-06] - [0.16666520373482108, 0.6666649967438824, 0.16666573417549344, -1.2991246178790531e-06] - [-3.097024533471198e-06, -2.7647760784123954e-06, -2.4323621803712717e-06, -3.0943790095264657e-06]
A2: [0.16665498009562366, -0.16667873328830746, -1.2616745150837415e-05, -1.1715689335856624e-05] - [0.166582219153102, 0.33324620694251056, -9.036129372338222e-05, -8.456166335296229e-05] - [0.16663249227503424, 0.8332980863815302, -3.641696091715385e-05, -3.420234737687552e-05] - [8.76356726388301e-06, 9.03140151065483e-06, 9.27412572165249e-06, 8.763564020110156e-06]
B1: 0.16670262073094466 - 0.6665923380038372 - 0.16657621966828565 - 5.1411309475055594e-05
B2: 0.16669412201189926 - 0.6666996857058923 - 0.16670949718805023 - 2.8167024469655946e-05
