Number: 2331
Error: 3.9031694037399886e-06
A1: [-9.812897167753175e-06, -9.409552208416256e-06, -7.912656636582766e-06, -9.616169630883122e-06] - [0.2083050936343494, 0.33330531981460065, -0.04168956201276022, -2.737292249516066e-05] - [0.1666546672243126, 0.6666552205963838, 0.1666571236615172, -1.1756713996412382e-05] - [-4.427092324661581e-06, -3.9522741488211545e-06, -3.4772549003893358e-06, -4.42331664632224e-06]
A2: [0.16668783008807353, -0.16664484610665023, 2.212650979097402e-05, 2.1121815853989872e-05] - [0.16669457863320175, 0.33336212667952336, 2.845489736865048e-05, 2.774884651784816e-05] - [0.16665425821478738, 0.8333205466176983, -1.3408709582713467e-05, -1.2448405995907317e-05] - [1.251815674472596e-05, 1.2900756361687722e-05, 1.324749973292013e-05, 1.2518153864834e-05]
B1: 0.1666302952498039 - 0.6665853496313012 - 0.1666749420793229 - -1.3133530961165793e-05
B2: 0.16662173088371546 - 0.6666012291292434 - 0.1665893298567652 - -4.392149888425174e-05
