Number: 1579
Error: 3.4882831409209865e-06
A1: [-7.187379332240649e-06, -6.65669657639571e-06, -5.385559974368161e-06, -7.053793062760655e-06] - [0.20831188014175403, 0.3333130904455773, -0.04168238676247449, -2.086463350935474e-05] - [0.16665792064689694, 0.6666585656843229, 0.16666012470422611, -8.581210202784884e-06] - [-2.996228949033713e-06, -2.674789823593968e-06, -2.353188647749569e-06, -2.993669204274739e-06]
A2: [0.16668350680842453, -0.16664934562823355, 1.7557185629785064e-05, 1.681197995744702e-05] - [0.16669453192315264, 0.3333619336140807, 2.8484334610506126e-05, 2.7754857502452243e-05] - [0.1666602399040817, 0.8333266836840539, -7.043120644749894e-06, -6.45379939965669e-06] - [8.482184055384355e-06, 8.741418261264383e-06, 8.976348041963412e-06, 8.482180826183885e-06]
B1: 0.166637906115067 - 0.6666134831512536 - 0.1666801921860676 - -1.2987003059901727e-05
B2: 0.1666303601505895 - 0.6666150188394099 - 0.16660632342965387 - -3.56180153599955e-05
