Number: 840
Error: 7.730080521757047e-06
A1: [1.0934430023405406e-06, 1.0628736222921644e-06, 1.4255079795944126e-06, 1.1599455970437211e-06] - [0.20834497099495408, 0.33334407793810555, -0.041655055926223615, 1.192975772304004e-05] - [0.16666861069923525, 0.6666684988472408, 0.16666887245759596, 2.02578246645848e-06] - [-1.5895407417306945e-06, -1.4188753476048952e-06, -1.2481098261073185e-06, -1.5881804655179112e-06]
A2: [0.1666504174941845, -0.16668348128084182, -1.743793831196002e-05, -1.6264122525761877e-05] - [0.16658214060764595, 0.33324597501176506, -9.035783793776834e-05, -8.45846522452159e-05] - [0.16663878660369252, 0.8333045444975893, -2.971796731169298e-05, -2.7894408718876304e-05] - [4.512268056822776e-06, 4.6501544464139044e-06, 4.775107574596485e-06, 4.512265719920549e-06]
B1: 0.16671057485252577 - 0.6666218912733065 - 0.16658165310790093 - 5.1503537036559494e-05
B2: 0.16670344154656183 - 0.6667143777051178 - 0.16672749563518974 - 3.7143239596038654e-05
