Number: 1338
Error: 7.4498662129438914e-06
A1: [-6.385587532375986e-07, -7.528678907442068e-07, -2.401119067645652e-07, -5.302434843485195e-07] - [0.20834050501676019, 0.3333389625543321, -0.04165977462860356, 7.648012425266191e-06] - [0.1666664629265619, 0.6666662909900399, 0.16666689311246277, -7.038697789241769e-08] - [-2.5374422499293725e-06, -2.265175092258975e-06, -1.992763596816852e-06, -2.535273269214463e-06]
A2: [0.16665328523577283, -0.16668049695409617, -1.4407567688032527e-05, -1.3405289773865264e-05] - [0.16658218615649745, 0.3332461169904938, -9.036387037213327e-05, -8.457403601840626e-05] - [0.16663482809630017, 0.833300482982067, -3.393095965245254e-05, -3.1861473488461e-05] - [7.185505251102313e-06, 7.405103595028269e-06, 7.6041107578800695e-06, 7.18550218112137e-06]
B1: 0.16670563025094515 - 0.666603363067883 - 0.1665782891963102 - 5.1502439992896415e-05
B2: 0.16669756329887792 - 0.6667051044155025 - 0.16671612559457333 - 3.1480864142453195e-05
