Number: 1254
Error: 7.496831731580375e-06
A1: [-3.48864579144811e-07, -4.4916822794722923e-07, 3.814770307391002e-08, -2.4759956867148885e-07] - [0.2083412485007404, 0.3333398150929807, -0.04165898948120325, 8.360430682514047e-06] - [0.16666682274869496, 0.666666660824319, 0.16666722428186367, 2.8073364654089406e-07] - [-2.377558453806616e-06, -2.122428860579673e-06, -1.867161636087026e-06, -2.375525748245688e-06]
A2: [0.16665280091776952, -0.1666810009272979, -1.4919296078163154e-05, -1.388810508473018e-05] - [0.16658217651264717, 0.3332460910906342, -9.036478918467679e-05, -8.457778745966083e-05] - [0.16663549542832273, 0.8333011676841322, -3.322071046717143e-05, -3.1192697951969185e-05] - [6.734614546877314e-06, 6.940430691779755e-06, 7.1269470434423545e-06, 6.734611562063245e-06]
B1: 0.16670648509712527 - 0.6666065079762479 - 0.1665788752087151 - 5.1523451762211164e-05
B2: 0.16669855157953264 - 0.6667066578197954 - 0.16671802476343936 - 3.243273185011544e-05
