Number: 2688
Error: 6.703500284357997e-06
A1: [-5.326533782832691e-06, -5.667936295628383e-06, -4.7483767768202605e-06, -5.104888309079131e-06] - [0.2083284255444973, 0.3333251222780721, -0.04167254009634753, -3.9320851548907536e-06] - [0.16666064726579036, 0.666660312385468, 0.1666615337701749, -5.746188326421364e-06] - [-5.106804797232704e-06, -4.55911491821791e-06, -4.011213892631478e-06, -5.1024529536810795e-06]
A2: [0.1666610517751648, -0.16667241415535278, -6.199712432828802e-06, -5.662900592140506e-06] - [0.1665822846922844, 0.3332464780109028, -9.040301073083637e-05, -8.457020848167706e-05] - [0.16662409142471524, 0.8332894673713376, -4.535693280531662e-05, -4.262135003410203e-05] - [1.4430983341292603e-05, 1.487204957574716e-05, 1.5271787718833863e-05, 1.4430981072183519e-05]
B1: 0.16669188460255152 - 0.666552780303282 - 0.16656879422001866 - 5.115710591043019e-05
B2: 0.1666819707022841 - 0.6666803274705743 - 0.16668568366069572 - 1.6473505521445996e-05
