Number: 1337
Error: 3.3537870443893887e-06
A1: [-6.354035976386617e-06, -5.783044225534498e-06, -4.585234047933614e-06, -6.240759046907517e-06] - [0.2083140173874151, 0.3333155416844424, -0.041680129842871984, -1.8816878737514385e-05] - [0.16665895590588345, 0.6666596297635549, 0.16666107737577118, -7.571017107898479e-06] - [-2.5357412434995927e-06, -2.263660687700768e-06, -1.9914357269793385e-06, -2.5335736990330743e-06]
A2: [0.1666821119924165, -0.1666507970533005, 1.608341460806431e-05, 1.542149037339377e-05] - [0.16669450597419821, 0.33336186087514313, 2.8483531147415294e-05, 2.7745873857319513e-05] - [0.1666621628807726, 0.8333286567072772, -4.996510811392944e-06, -4.526666430770859e-06] - [7.1832559889271795e-06, 7.402786326768213e-06, 7.6017318824766405e-06, 7.183252917115653e-06]
B1: 0.166640382858504 - 0.6666225586713848 - 0.16668189745756362 - -1.2912401532672483e-05
B2: 0.1666331962932975 - 0.6666194794094413 - 0.16661177673599364 - -3.28867116341122e-05
