Number: 1294
Error: 7.474443496680223e-06
A1: [-4.913844117530076e-07, -5.986134042108964e-07, -9.943908623728184e-08, -3.867577518730072e-07] - [0.20834087605481155, 0.33333938968511806, -0.041659383828640394, 8.002795586155819e-06] - [0.16666664678647627, 0.6666664798356347, 0.16666706144643845, 1.0891943718714772e-07] - [-2.453692865970637e-06, -2.1904024737834028e-06, -1.926971219367646e-06, -2.4515952617101533e-06]
A2: [0.16665303076215343, -0.16668076168506638, -1.4676320665065969e-05, -1.3658976267826248e-05] - [0.1665821790522624, 0.33324610147140976, -9.036619846384659e-05, -8.457805374270265e-05] - [0.16663517740861472, 0.8333008414048617, -3.355914240789072e-05, -3.1511405042100395e-05] - [6.949325329334732e-06, 7.161704450751772e-06, 7.354168816282518e-06, 6.949322301983635e-06]
B1: 0.166706093517961 - 0.6666050251985606 - 0.1665786102647407 - 5.1528949258525014e-05
B2: 0.16669809611186312 - 0.6667059189995487 - 0.16671710626833813 - 3.199460326669542e-05
