Number: 1705
Error: 3.5580878875463063e-06
A1: [-7.6217998661787694e-06, -7.112140979038679e-06, -5.80286387733681e-06, -7.477639000072111e-06] - [0.2083107651935756, 0.33331181186511294, -0.041683564319658535, -2.1932985669196144e-05] - [0.16665738108173964, 0.6666580110767392, 0.1666596280629824, -9.107724420551834e-06] - [-3.235982684891785e-06, -2.888844497055019e-06, -2.5415360558489512e-06, -3.233218911016151e-06]
A2: [0.1666842327179281, -0.16664859023648335, 1.832422107598927e-05, 1.7535636868567636e-05] - [0.1666945444072651, 0.33336197048883603, 2.8483785751095352e-05, 2.775850824062725e-05] - [0.16665923847336064, 0.8333256562019195, -8.108910898221642e-06, -7.4573942641186264e-06] - [9.158461667168795e-06, 9.43836736604335e-06, 9.692032386886233e-06, 9.15845840796868e-06]
B1: 0.16663661414714592 - 0.6666087548855476 - 0.1666793006380897 - -1.3028282494284392e-05
B2: 0.16662889076213022 - 0.6666127019697197 - 0.16660348786618695 - -3.70328175448262e-05
