Number: 2933
Error: 4.232491069715103e-06
A1: [-1.1903910287744692e-05, -1.1601896245675542e-05, -9.923687365752346e-06, -1.1656650050424911e-05] - [0.20829970409767729, 0.3332991448473957, -0.04169525802102767, -3.2539786866222375e-05] - [0.16665207365453616, 0.66665255424323, 0.16665473328154876, -1.4287925170909322e-05] - [-5.5724664694206576e-06, -4.974864765232642e-06, -4.377047882964081e-06, -5.567720434007763e-06]
A2: [0.16669128575753425, -0.1666412494503956, 2.577895912824821e-05, 2.456672316462531e-05] - [0.16669459403458267, 0.33336225901354394, 2.840891311205586e-05, 2.772203899784078e-05] - [0.16664946366789266, 0.8333156276637014, -1.8510626632304457e-05, -1.7253296046056822e-05] - [1.574866077173379e-05, 1.623000474126942e-05, 1.6666252273875444e-05, 1.5748659085195372e-05]
B1: 0.1666241800162003 - 0.6665627880651174 - 0.16667068012599798 - -1.3273688865478894e-05
B2: 0.16661481496440492 - 0.6665902155014931 - 0.16657578666406062 - -5.057660165404832e-05
