Number: 243
Error: 2.7269529086732008e-06
A1: [-2.599457346649268e-06, -1.8484093273865075e-06, -9.84289258725204e-07, -2.577985043962363e-06] - [0.20832362397572954, 0.3333265593382498, -0.041669999130742194, -9.61480664781744e-06] - [0.16666362123885387, 0.6666644233832941, 0.16666536527988088, -3.0189968176219755e-06] - [-4.539101379686043e-07, -4.049612024921208e-07, -3.5597969230012964e-07, -4.5352126122007067e-07]
A2: [0.1666758303046146, -0.16665733366474814, 9.44671384151009e-06, 9.15936109023452e-06] - [0.1666944954246307, 0.3333616426694216, 2.8594078654169404e-05, 2.7812012488225227e-05] - [0.16667088499503244, 0.8333376059926486, 4.286262137719564e-06, 4.214232829736194e-06] - [1.3104166310944525e-06, 1.350432775467173e-06, 1.3866925678378753e-06, 1.3104158627194591e-06]
B1: 0.16665058506017158 - 0.6666626830300951 - 0.16668879113273832 - -1.3569157096149029e-05
B2: 0.1666469356608452 - 0.666640514766819 - 0.16663724645007438 - -1.962126328171508e-05
