Number: 1625
Error: 3.51376169322347e-06
A1: [-7.336851801022234e-06, -6.813331448152876e-06, -5.527757687338888e-06, -7.1994136948684425e-06] - [0.20831150985056962, 0.3333126624818784, -0.04168277577907142, -2.1217948615621632e-05] - [0.1666577328841142, 0.6666583729484177, 0.16665995364915778, -8.764217154268447e-06] - [-3.0837590129964783e-06, -2.7529379603921724e-06, -2.42195178482624e-06, -3.0811247669447618e-06]
A2: [0.16668377339598123, -0.16664906835461657, 1.7838628388617082e-05, 1.7077745071678785e-05] - [0.16669454060944447, 0.33336195100097893, 2.8487842648077834e-05, 2.7760318668644415e-05] - [0.16665987478818384, 0.8333263090325019, -7.431784239228388e-06, -6.8197054337700095e-06] - [8.72907614055998e-06, 8.995857005391487e-06, 9.237626539346761e-06, 8.729072896263045e-06]
B1: 0.16663740474249294 - 0.6666117286493549 - 0.16667983978731307 - -1.30317992948069e-05
B2: 0.16662979220575555 - 0.6666141699455836 - 0.16660531519086205 - -3.616602948538231e-05
