Number: 2537
Error: 4.016138996205875e-06
A1: [-1.0532110563899783e-05, -1.0163648174733253e-05, -8.60491422024979e-06, -1.0318087219478332e-05] - [0.2083032345554599, 0.33330319113540574, -0.041691527621739354, -2.9155789453500525e-05] - [0.1666537760014881, 0.6666543042592263, 0.16665630155640915, -1.2626593853655537e-05] - [-4.819038362181302e-06, -4.302204335150476e-06, -3.7851626999598036e-06, -4.814930332267308e-06]
A2: [0.1666890126971938, -0.16664361522028015, 2.3376520500966934e-05, 2.2300742264449446e-05] - [0.16669458503662887, 0.33336217317948, 2.8440461250759245e-05, 2.7740806845937165e-05] - [0.16665261804722825, 0.8333188638887642, -1.515403680956641e-05, -1.4092112644667343e-05] - [1.3623655032284676e-05, 1.4040045641458065e-05, 1.4417417333977509e-05, 1.3623652469335464e-05]
B1: 0.16662821280604 - 0.6665776407909483 - 0.16667349685196284 - -1.317130321250003e-05
B2: 0.16661937450155365 - 0.6665974590794989 - 0.166584682111659 - -4.618863403818083e-05
