Number: 2561
Error: 4.02926145924754e-06
A1: [-1.060799032325744e-05, -1.0243147495422168e-05, -8.676764982977905e-06, -1.0391959541400721e-05] - [0.20830304982824296, 0.33330297678818077, -0.04169172118193667, -2.9331668198081282e-05] - [0.16665368016382065, 0.666654205944729, 0.16665621466901265, -1.2719952668695406e-05] - [-4.864702440448308e-06, -4.342973634603452e-06, -3.82103657495095e-06, -4.860555709424743e-06]
A2: [0.16668915177363766, -0.16664347058621493, 2.352331207102787e-05, 2.2439389596327716e-05] - [0.16669458911211407, 0.33336218175053806, 2.844174676670447e-05, 2.774319938725185e-05] - [0.16665242732003943, 0.8333186681817188, -1.5357059609069724e-05, -1.4283252225372375e-05] - [1.3752443927897975e-05, 1.4172771142967855e-05, 1.4553711036944409e-05, 1.3752441408051954e-05]
B1: 0.16662794433773478 - 0.666576717853963 - 0.16667330467278768 - -1.3201581738462467e-05
B2: 0.1666190731535628 - 0.6665970176943604 - 0.16658416449546679 - -4.64795817792559e-05
