Number: 2059
Error: 3.7535448767853523e-06
A1: [-8.849031998708716e-06, -8.39882754160172e-06, -6.982785350350229e-06, -8.67515584619937e-06] - [0.20830760559846492, 0.33330819097283026, -0.041686902963420314, -2.49616440113866e-05] - [0.1666558583575365, 0.6666564456970754, 0.16665822513882253, -1.0593776730513805e-05] - [-3.909559976208409e-06, -3.4902196405743838e-06, -3.0706895954245182e-06, -3.906223614344344e-06]
A2: [0.16668626982120935, -0.16664647024105345, 2.047699744570248e-05, 1.956641150482142e-05] - [0.16669457200905596, 0.33336206679316244, 2.8475139865425137e-05, 2.7761291871406378e-05] - [0.16665642349940094, 0.8333227680614305, -1.110465256425583e-05, -1.0278448885070687e-05] - [1.1058396018450393e-05, 1.1396376049539024e-05, 1.1702676988559264e-05, 1.105839286566924e-05]
B1: 0.16663300167459058 - 0.6665954839966084 - 0.1666768046304149 - -1.3126960845083967e-05
B2: 0.16662479721682502 - 0.6666062063589944 - 0.16659551274104817 - -4.097300030655344e-05
