Number: 1435
Error: 3.4083052631553545e-06
A1: [-6.684001385375417e-06, -6.1289091406263694e-06, -4.900980636949001e-06, -6.562507144761879e-06] - [0.20831318212280464, 0.33331458097338484, -0.0416810101546471, -1.961593204659583e-05] - [0.1666585442548159, 0.6666592068699672, 0.16666070002674832, -7.97252466222996e-06] - [-2.722221421923016e-06, -2.4301528930785256e-06, -2.137932512888129e-06, -2.7198949988220415e-06]
A2: [0.16668267816928134, -0.16665020801686195, 1.6681431712561677e-05, 1.598591515899497e-05] - [0.16669452000969226, 0.3333618936855841, 2.8487027434055245e-05, 2.7753038953330284e-05] - [0.1666613845835251, 0.8333278581214605, -5.824919234959988e-06, -5.306646809679225e-06] - [7.709271582519174e-06, 7.94488046967044e-06, 8.158398156196581e-06, 7.709268431209783e-06]
B1: 0.16663935683207462 - 0.666618861630582 - 0.16668118631138246 - -1.2965676398453478e-05
B2: 0.16663202026325766 - 0.6666176689624893 - 0.16660958897768477 - -3.4020284516683437e-05
