Number: 1071
Error: 3.2050602547708886e-06
A1: [-5.420487180279949e-06, -4.804242621516887e-06, -3.6860886112545076e-06, -5.329551124619334e-06] - [0.20831643717228907, 0.3333183104164436, -0.04167757089801002, -1.649552883534544e-05] - [0.16666011152478388, 0.6666608180208108, 0.1666621441288457, -6.442968121472253e-06] - [-2.0295734943703095e-06, -1.811747142160482e-06, -1.593798668724887e-06, -2.027837556572504e-06]
A2: [0.16668058171829403, -0.16665238967574128, 1.4466097082031247e-05, 1.3895971627091943e-05] - [0.1666944852082274, 0.33336178838866715, 2.848979694080823e-05, 2.7743754593423874e-05] - [0.16666427751320698, 0.8333308263277044, -2.746033761142452e-06, -2.4074660390434964e-06] - [5.755428038612528e-06, 5.931314366164849e-06, 6.090705699230705e-06, 5.755425290521143e-06]
B1: 0.166643020522841 - 0.6666324524749369 - 0.1666836926768042 - -1.291518837953923e-05
B2: 0.16663628134612335 - 0.6666244044752249 - 0.16661785038760163 - -2.9916888336218512e-05
