Number: 1688
Error: 7.2549747976281935e-06
A1: [-1.8613090916281625e-06, -2.0348891321092213e-06, -1.4170512344817088e-06, -1.7236033560904299e-06] - [0.2083373438374479, 0.333335343297641, -0.04166311678008107, 4.61633266695588e-06] - [0.16666494776313115, 0.6666647331871727, 0.16666549548325885, -1.5492802772461199e-06] - [-3.2036061225315933e-06, -2.8599324867475377e-06, -2.516089804262231e-06, -3.200869905679371e-06]
A2: [0.16665530010074778, -0.16667840004105644, -1.2278181667891305e-05, -1.1396685998388927e-05] - [0.16658221797513775, 0.33324621697554063, -9.036752207771768e-05, -8.456676976471927e-05] - [0.1666320464445771, 0.8332976290188054, -3.689130535372983e-05, -3.464914029378278e-05] - [9.064140866926303e-06, 9.34116257182034e-06, 9.592213683401967e-06, 9.064137611992432e-06]
B1: 0.16670209832354368 - 0.6665902862455374 - 0.16657587109825917 - 5.1444822353635604e-05
B2: 0.1666935231287426 - 0.6666986604133576 - 0.1667081889856126 - 2.759241573622751e-05
