Number: 2761
Error: 4.138613939287749e-06
A1: [-1.1296225986849558e-05, -1.096468553481378e-05, -9.337704123528427e-06, -1.1063413168691869e-05] - [0.20830128527142025, 0.33330095274989363, -0.041693584640175, -3.102227253651972e-05] - [0.16665282503235015, 0.6666533269988014, 0.16665542777380496, -1.3554373346120783e-05] - [-5.245225253544768e-06, -4.6827048158653656e-06, -4.11997168197515e-06, -5.2407561869692665e-06]
A2: [0.16669030083476138, -0.1666422747402208, 2.4737636554086416e-05, 2.358487520779563e-05] - [0.16669459672067516, 0.33336222806403765, 2.8428667152059528e-05, 2.7736784818407697e-05] - [0.16665083468645409, 0.8333170341996508, -1.7051845181026626e-05, -1.587932215352125e-05] - [1.4825691720656529e-05, 1.527882408154137e-05, 1.568949940554897e-05, 1.4825689610289128e-05]
B1: 0.16662589165796107 - 0.6665692019627347 - 0.16667186904206518 - -1.3269209269188944e-05
B2: 0.16661675393815426 - 0.6665933572256104 - 0.16657968486290217 - -4.871214489199901e-05
