Number: 2109
Error: 3.781086470425005e-06
A1: [-9.027096425481474e-06, -8.585555700636199e-06, -7.1547003057060655e-06, -8.849018755646378e-06] - [0.20830714028518982, 0.33330765943122703, -0.04168739571360909, -2.5408445370106996e-05] - [0.16665563850651188, 0.6666562195518879, 0.16665802166899252, -1.0808443718278671e-05] - [-4.004695638846209e-06, -3.5751571322514456e-06, -3.145426593456502e-06, -4.001278478855389e-06]
A2: [0.1666865565876651, -0.16664617172651125, 2.0780184921352168e-05, 1.9852284121123647e-05] - [0.16669457322551798, 0.3333620778205294, 2.8471458209018504e-05, 2.7759002986484855e-05] - [0.16665602552007483, 0.8333223597611673, -1.1528136530979406e-05, -1.0677287087832924e-05] - [1.1326740499349242e-05, 1.1672922856248273e-05, 1.1986658160072502e-05, 1.1326737384310699e-05]
B1: 0.16663250672461907 - 0.6665936237643363 - 0.16667646512772782 - -1.3125606841158833e-05
B2: 0.16662423630160184 - 0.6666052914250176 - 0.16659437327625895 - -4.151225517872222e-05
