Number: 1628
Error: 7.2883124403127826e-06
A1: [-1.6476092569147065e-06, -1.8107966815116255e-06, -1.2107405726105739e-06, -1.5149457252520866e-06] - [0.20833790222072227, 0.33333598114260543, -0.041662525503923055, 5.15250044342215e-06] - [0.1666652116379669, 0.6666650046058918, 0.16666573967874973, -1.2916269740368708e-06] - [-3.0894092654765234e-06, -2.7579767673395495e-06, -2.4263790888605513e-06, -3.0867702226897127e-06]
A2: [0.1666549554819987, -0.1666787587609928, -1.264250625470945e-05, -1.1740231401858585e-05] - [0.16658221465398051, 0.33324620187157494, -9.036496203103813e-05, -8.456588186496251e-05] - [0.16663252358459493, 0.8332981185424957, -3.638355774379506e-05, -3.4170969068880554e-05] - [8.742097759292286e-06, 9.009275746851332e-06, 9.251405168758026e-06, 8.74209451657779e-06]
B1: 0.1667026918160946 - 0.6665925168070149 - 0.16657627529379956 - 5.144271367578954e-05
B2: 0.16669419982872738 - 0.6666997619559518 - 0.16670955986580166 - 2.8243106406355847e-05
