Number: 393
Error: 2.8169562758057932e-06
A1: [-3.0900762582845907e-06, -2.3619754173530726e-06, -1.4503583702827473e-06, -3.0560393638655277e-06] - [0.2083224051814697, 0.3333251539764874, -0.041671275968571876, -1.0778231054599594e-05] - [0.16666300649615345, 0.6666637927555727, 0.1666648057035759, -3.6182258829983554e-06] - [-7.393619074292217e-07, -6.598203343570441e-07, -5.802275600238432e-07, -7.387285758877154e-07]
A2: [0.16667668674798147, -0.1666564427066848, 1.0350968085247485e-05, 1.0013122575797948e-05] - [0.16669446999069856, 0.33336164423104214, 2.8549154980495885e-05, 2.7776063659653435e-05] - [0.1666696805613398, 0.8333363701130747, 3.004382331873396e-06, 3.007223731051931e-06] - [2.1157328686033358e-06, 2.1803651035660417e-06, 2.238932391846033e-06, 2.1157316394300903e-06]
B1: 0.1666493831304927 - 0.66665735179347 - 0.16668798991594716 - -1.3282438741598539e-05
B2: 0.1666447480636159 - 0.6666374041797605 - 0.1666336103793089 - -2.174387774127643e-05
