Number: 351
Error: 2.791998104211697e-06
A1: [-2.9442595549052584e-06, -2.20923301197791e-06, -1.3104146673398526e-06, -2.913748840299714e-06] - [0.20832278051449546, 0.33332558355663916, -0.04167088036730871, -1.0418434258184331e-05] - [0.16666318719033893, 0.6666639783996567, 0.16666497195542446, -3.441883694082757e-06] - [-6.594352795423971e-07, -5.884599041862751e-07, -5.174384272601342e-07, -6.588703752717675e-07]
A2: [0.16667644772014592, -0.1666566914860605, 1.0098375991497164e-05, 9.774845606223845e-06] - [0.16669447811202917, 0.33336164454163736, 2.856222526757715e-05, 2.778712894309269e-05] - [0.1666700175238834, 0.8333367158418226, 3.362952786126508e-06, 3.3449073430224125e-06] - [1.890243785162306e-06, 1.947983504558481e-06, 2.000304657184366e-06, 1.8902426808901028e-06]
B1: 0.1666497109744987 - 0.6666588348952651 - 0.16668820367173987 - -1.3371453706797871e-05
B2: 0.16664531680905384 - 0.6666382578170773 - 0.16663463912369514 - -2.1193325757112147e-05
