Number: 1896
Error: 7.139683834277806e-06
A1: [-2.5829136098843558e-06, -2.791445882755087e-06, -2.1108907869781797e-06, -2.4277468829003165e-06] - [0.20833548550566366, 0.33333321382695436, -0.04166508048925724, 2.8349399308661483e-06] - [0.166664052417974, 0.6666638127760273, 0.16666467052871609, -2.423076544548322e-06] - [-3.599487312933394e-06, -3.2133780523346263e-06, -2.8270875192628624e-06, -3.5964144307818995e-06]
A2: [0.16665649768941715, -0.16667715372870243, -1.1012607661991217e-05, -1.0202818259571721e-05] - [0.16658223668573416, 0.3332462761159884, -9.037005478979349e-05, -8.456265083409539e-05] - [0.16663039302963384, 0.8332959326250765, -3.865092718314443e-05, -3.630613025253291e-05] - [1.0180528374077061e-05, 1.0491674065242317e-05, 1.0773653307487637e-05, 1.01805251394123e-05]
B1: 0.16669997544310305 - 0.6665824901084098 - 0.1665744081397907 - 5.138662040279252e-05
B2: 0.16669111609959542 - 0.6666948404897207 - 0.166703498524677 - 2.5275555044071662e-05
