Number: 2776
Error: 6.655262612265551e-06
A1: [-5.6446690519947e-06, -6.0015810074635766e-06, -5.056213219654341e-06, -5.415624663830924e-06] - [0.20832758755767752, 0.33332416666099834, -0.04167342851101179, -4.737473136646499e-06] - [0.1666602554850297, 0.6666599092673839, 0.166661170296517, -6.128841347153043e-06] - [-5.2742730396747225e-06, -4.708629648763984e-06, -4.1427734162586115e-06, -5.2697793811153926e-06]
A2: [0.16666155483367304, -0.1666718903759062, -5.667667192989874e-06, -5.161416301922819e-06] - [0.16658228152917906, 0.3332464922428781, -9.041455674034788e-05, -8.457954572659581e-05] - [0.16662338992419573, 0.8332887477238016, -4.6103292191024227e-05, -4.3324363539574746e-05] - [1.490321676224731e-05, 1.5358717316207414e-05, 1.577153918758188e-05, 1.490321468725946e-05]
B1: 0.16669103079160827 - 0.6665495206053734 - 0.16656820787193496 - 5.117677913883033e-05
B2: 0.16668100241787095 - 0.6666787213241068 - 0.1666836669066003 - 1.5543370228856358e-05
