Number: 2817
Error: 4.169227300662411e-06
A1: [-1.1505223189357625e-05, -1.1183922264056272e-05, -9.540887968325738e-06, -1.1267695847139318e-05] - [0.20830072557897822, 0.33330031671667476, -0.04169417939617108, -3.15611955775109e-05] - [0.1666525691355837, 0.6666530635089677, 0.1666551891328249, -1.3804455455901794e-05] - [-5.351767959587311e-06, -4.777825322626302e-06, -4.203669045384775e-06, -5.347208694656114e-06]
A2: [0.16669061967389998, -0.16664194266396218, 2.5075032314933823e-05, 2.3902713326312886e-05] - [0.1666945911325663, 0.3333622336752608, 2.8418033027337685e-05, 2.7727270637500556e-05] - [0.16665038779535502, 0.8333165757748032, -1.752724803684286e-05, -1.6327175357238663e-05] - [1.5126202514523004e-05, 1.5588520322245333e-05, 1.6007521677852078e-05, 1.5126200534903884e-05]
B1: 0.1666253706929392 - 0.666567148559649 - 0.16667151534602545 - -1.3234320127215754e-05
B2: 0.16661616057200898 - 0.6665923375211988 - 0.16657838219824905 - -4.928125336220839e-05
