Number: 811
Error: 3.058386668001778e-06
A1: [-4.517230134379801e-06, -3.857361970795543e-06, -2.8176792329888027e-06, -4.4481226934261786e-06] - [0.20831876492150736, 0.33332097680876094, -0.041675112002104164, -1.4263959570229863e-05] - [0.16666123162823931, 0.6666619694222016, 0.1666631761553578, -5.349804843598271e-06] - [-1.5348104194511315e-06, -1.370014176178722e-06, -1.2051205577727666e-06, -1.533496877853213e-06]
A2: [0.1666790855844594, -0.1666539466197544, 1.2885148428716366e-05, 1.2404485985695197e-05] - [0.16669446620028505, 0.33336171925399877, 2.849806034814247e-05, 2.7742972400547974e-05] - [0.16666634542405315, 0.8333329480665822, -5.451862107677041e-07, -3.350906040456142e-07] - [4.359736468088032e-06, 4.492960961611695e-06, 4.613689223143484e-06, 4.359734187220118e-06]
B1: 0.16664556576841685 - 0.6666420934904345 - 0.1666854207531011 - -1.2950811172778771e-05
B2: 0.16663938401644982 - 0.666629276363172 - 0.1666238138385069 - -2.6926848535987466e-05
