Number: 2080
Error: 7.0379467218547625e-06
A1: [-3.228588387958003e-06, -3.468454130058718e-06, -2.7328343246275683e-06, -3.0579686926200626e-06] - [0.20833381203758738, 0.33333129883345813, -0.04166685052349203, 1.229560812787798e-06] - [0.1666632529672319, 0.6666629907320064, 0.16666393250384332, -3.2034583742528706e-06] - [-3.9496809867259664e-06, -3.526032517758505e-06, -3.1021934835240177e-06, -3.946310556982895e-06]
A2: [0.1666575552741424, -0.16667605297967605, -9.89475210592225e-06, -9.148525117065412e-06] - [0.16658224784584078, 0.33324632321104, -9.037733456550886e-05, -8.456439906279426e-05] - [0.16662892949525066, 0.8332944310927258, -4.0208369282751505e-05, -3.777282735869858e-05] - [1.1168065249891231e-05, 1.1509396346644306e-05, 1.1818734546041879e-05, 1.1168062114082502e-05]
B1: 0.16669812108383264 - 0.6665756145416315 - 0.16657313226477258 - 5.1358698725027183e-05
B2: 0.16668901569410188 - 0.6666914673169733 - 0.16669933110033777 - 2.3254914316151468e-05
