Number: 257
Error: 2.7354603947675148e-06
A1: [-2.6402195953708757e-06, -1.8910188792705997e-06, -1.0221713750101646e-06, -2.6175794182536887e-06] - [0.20832353050423652, 0.3333264496361802, -0.04167009565516273, -9.703129732841618e-06] - [0.16666356896014775, 0.6666643699178717, 0.16666531874180382, -3.0698324558359143e-06] - [-4.805521586730315e-07, -4.2874805611844767e-07, -3.7690959080489925e-07, -4.80140457608598e-07]
A2: [0.16667591079233357, -0.16665725000548334, 9.531562621618769e-06, 9.239598464145439e-06] - [0.16669449402476993, 0.33336164364803905, 2.8590574047994817e-05, 2.7809631103960816e-05] - [0.16667077251315454, 0.8333374905550308, 4.166510278946295e-06, 4.101510551371986e-06] - [1.3855785410221312e-06, 1.4278921615669134e-06, 1.46623395251845e-06, 1.3855777279647713e-06]
B1: 0.16665046505008885 - 0.6666621773552566 - 0.16668870799952398 - -1.355024716384674e-05
B2: 0.16664670750460095 - 0.6666402162020415 - 0.1666369154712186 - -1.9843353443759984e-05
