Number: 194
Error: 8.108955106489843e-06
A1: [3.2718205529388943e-06, 3.3446580623175163e-06, 3.507318503610987e-06, 3.2841477938024185e-06] - [0.20835048507515255, 0.3333504137751557, -0.04164925534696444, 1.720511754339848e-05] - [0.16667132588228684, 0.6666712868901975, 0.1666713589578595, 4.6740885959485355e-06] - [-3.598328496317449e-07, -3.2096539270059345e-07, -2.820718728447713e-07, -3.595246015563824e-07]
A2: [0.16664671605473635, -0.16668733253341628, -2.13475447265818e-05, -1.9954005470871968e-05] - [0.16658217835550454, 0.33324589257229625, -9.024364203737653e-05, -8.45015934498112e-05] - [0.1666439512519781, 0.8333098437928929, -2.4221240054296164e-05, -2.2718662008511437e-05] - [1.0442789386165542e-06, 1.0761598523502812e-06, 1.1050474306125957e-06, 1.0442783333079972e-06]
B1: 0.1667162272015125 - 0.6666452567739466 - 0.16658543859982153 - 5.074395720800467e-05
B2: 0.16671210147505883 - 0.6667272210887498 - 0.1667428231071968 - 4.552314961268928e-05
