Number: 1783
Error: 3.6012676230372878e-06
A1: [-7.904405882135845e-06, -7.408531494807089e-06, -6.076413403207512e-06, -7.753685794892017e-06] - [0.20831001988971953, 0.33331096216419037, -0.041684354582916264, -2.2649391762395676e-05] - [0.16665703324153125, 0.6666576531463767, 0.1666593052378688, -9.447472382179454e-06] - [-3.3843991664503156e-06, -3.0213516335121663e-06, -2.658129105640048e-06, -3.381509149599668e-06]
A2: [0.16668467966266637, -0.16664812492459405, 1.8796864045770348e-05, 1.7981187247352615e-05] - [0.1666945456902242, 0.3333619871784887, 2.8477635029362664e-05, 2.7754323237783225e-05] - [0.16665861775008742, 0.8333250193893422, -8.76939772516025e-06, -8.079457197411547e-06] - [9.57710874621347e-06, 9.869811025010111e-06, 1.0135074117158137e-05, 9.577105486324338e-06]
B1: 0.16663585847241258 - 0.6666058697187618 - 0.16667878828987587 - -1.3009688986130786e-05
B2: 0.16662802917760153 - 0.6666112731018166 - 0.16660169289298732 - -3.786061405797223e-05
