Number: 941
Error: 3.131965439770612e-06
A1: [-4.9809603429628585e-06, -4.343567661188215e-06, -3.2653122261375793e-06, -4.900926937363072e-06] - [0.2083175523563595, 0.33331959224535324, -0.04167639549169432, -1.5428387975496367e-05] - [0.16666065936901314, 0.6666613808409967, 0.16666264658980096, -5.908582147995188e-06] - [-1.7821932154427874e-06, -1.590881603303664e-06, -1.399459872844949e-06, -1.780668410697759e-06]
A2: [0.16667983131327935, -0.16665317039332317, 1.367347617684349e-05, 1.3147890795338516e-05] - [0.1666944691132174, 0.3333617474597104, 2.848781623301068e-05, 2.7736772875857938e-05] - [0.16666531052693914, 0.8333318862781222, -1.6465028970614921e-06, -1.3722198806996563e-06] - [5.057598174791523e-06, 5.2121540774867034e-06, 5.352214195816912e-06, 5.057595641849547e-06]
B1: 0.16664434429192831 - 0.6666373213367446 - 0.16668460232442492 - -1.2881822440350579e-05
B2: 0.16663786427559374 - 0.6666268343794804 - 0.16662078640250833 - -2.839027729059777e-05
