Number: 2774
Error: 6.656345407726477e-06
A1: [-5.642340837714668e-06, -5.999175602113959e-06, -5.054669549383396e-06, -5.413459910790871e-06] - [0.20832758685682076, 0.333324167524987, -0.041673430282471724, -4.738895973978428e-06] - [0.1666602594350084, 0.6666599131969065, 0.16666117304702643, -6.125094075255574e-06] - [-5.270465501637315e-06, -4.705230062779229e-06, -4.13978181745487e-06, -5.265975066933021e-06]
A2: [0.1666615425627657, -0.16667190307635987, -5.680511968127421e-06, -5.173651429673611e-06] - [0.1665822794143571, 0.3332464898417984, -9.04162570663104e-05, -8.458152022125913e-05] - [0.166623405611938, 0.833288763837131, -4.608655786930977e-05, -4.330864141011461e-05] - [1.4892484371402805e-05, 1.5347656870040885e-05, 1.576018137946715e-05, 1.4892482291797093e-05]
B1: 0.1666910663662334 - 0.6665496101329772 - 0.16656823591601708 - 5.119251511764596e-05
B2: 0.1666810410956766 - 0.6666787592136748 - 0.1666836980037563 - 1.5581180281289516e-05
