Number: 1417
Error: 3.398278475675711e-06
A1: [-6.615083483471178e-06, -6.056603739156561e-06, -4.8337401543558705e-06, -6.495106504991245e-06] - [0.2083133690147911, 0.33331479278822806, -0.04168081122607299, -1.9435723166090764e-05] - [0.16665862826348396, 0.6666592934158314, 0.16666077867939583, -7.890387118754354e-06] - [-2.6879704969847165e-06, -2.399573469956864e-06, -2.11102592862024e-06, -2.685673249733938e-06]
A2: [0.1666825755955866, -0.16665031485964166, 1.6572865040860937e-05, 1.5883663213753146e-05] - [0.1666945211371472, 0.33336189117903936, 2.84897084185367e-05, 2.7755428088629928e-05] - [0.16666152796515998, 0.8333280052070161, -5.6723801750792085e-06, -5.1629560812176635e-06] - [7.61265284894611e-06, 7.845308431298822e-06, 8.056149501580212e-06, 7.61264971062116e-06]
B1: 0.16663951821041964 - 0.6666195148331883 - 0.1666812923136522 - -1.2982989509574639e-05
B2: 0.16663220768413978 - 0.6666179988206583 - 0.16661001547944687 - -3.3840659760295334e-05
