Number: 1197
Error: 3.275620051315378e-06
A1: [-5.855183042119587e-06, -5.259944892244673e-06, -4.103629600798029e-06, -5.753671595097148e-06] - [0.20831532123212002, 0.33331703091295617, -0.04167874930078381, -1.7564870741011205e-05] - [0.1666595717259663, 0.6666602631947793, 0.16666164729124835, -6.969714627089835e-06] - [-2.2693390937405485e-06, -2.0258135943903968e-06, -1.7821550388321152e-06, -2.267398643088917e-06]
A2: [0.1666813078247602, -0.16665163410356595, 1.5233295692413762e-05, 1.4619825490037417e-05] - [0.1666944981677614, 0.33336182566247363, 2.8489573052248874e-05, 2.7747881343704293e-05] - [0.16666327616774126, 0.8333297989105737, -3.8117770610815957e-06, -3.4109752746014712e-06] - [6.431773080457068e-06, 6.628333076317283e-06, 6.806460661239724e-06, 6.431770159455445e-06]
B1: 0.16664175143483692 - 0.6666277471541323 - 0.16668282445303587 - -1.2933554431694748e-05
B2: 0.16663478965698464 - 0.6666220646581774 - 0.16661499127100884 - -3.135399344996434e-05
