Number: 1736
Error: 7.228377981889663e-06
A1: [-2.0130892176098193e-06, -2.1939067702321566e-06, -1.5607673967270874e-06, -1.8713681084362757e-06] - [0.20833697438164747, 0.33333491460737835, -0.04166350388237285, 4.264575278214082e-06] - [0.16666475604701408, 0.6666645365236553, 0.1666653216853451, -1.7360377598764109e-06] - [-3.294967442286731e-06, -2.941501148798802e-06, -2.5878628242621627e-06, -3.292153501328425e-06]
A2: [0.16665557904932038, -0.16667810997316332, -1.198380002383024e-05, -1.1118596106854942e-05] - [0.16658222910159018, 0.3332462371028592, -9.036197392695193e-05, -8.455901059553573e-05] - [0.1666316657119259, 0.8332972383281169, -3.7296629239234655e-05, -3.50306979276733e-05] - [9.32177244899875e-06, 9.606669059243947e-06, 9.864857502137296e-06, 9.321769190173252e-06]
B1: 0.16670155992233965 - 0.666588440975445 - 0.16657548969335587 - 5.138284870999984e-05
B2: 0.16669291702634606 - 0.6666977742345895 - 0.16670715041096162 - 2.7007122826791646e-05
