Number: 1838
Error: 7.171824132031236e-06
A1: [-2.371563578944318e-06, -2.5697799528926292e-06, -1.9061436929373647e-06, -2.221275448751288e-06] - [0.20833604451417922, 0.3333338507355468, -0.0416644875088736, 3.372455317861286e-06] - [0.16666431232382936, 0.6666640802470254, 0.16666491195784677, -2.1691892336012974e-06] - [-3.4891006030303237e-06, -3.1148244748239766e-06, -2.740370299238705e-06, -3.4861215638015345e-06]
A2: [0.16665616554374835, -0.16667749954654779, -1.1363886937630466e-05, -1.0533926365005191e-05] - [0.16658223623136886, 0.33324626416103753, -9.036505165090167e-05, -8.455903633752045e-05] - [0.16663085466485508, 0.8332964062171865, -3.8159733266925706e-05, -3.5843498127667047e-05] - [9.86923228023587e-06, 1.0170862781250055e-05, 1.04442179068997e-05, 9.869229030170615e-06]
B1: 0.16670053420032435 - 0.6665846324989045 - 0.16657478623622146 - 5.136962599885329e-05
B2: 0.16669175221905982 - 0.6666959021908986 - 0.16670483630715519 - 2.5886532319141446e-05
