Number: 3034
Error: 6.514191518174331e-06
A1: [-6.544155418244715e-06, -6.944668145928917e-06, -5.921768135342771e-06, -6.293450979977678e-06] - [0.20832526456507042, 0.33332150632150515, -0.04167588431048816, -6.96502099087678e-06] - [0.16665914044005029, 0.6666587628704345, 0.16666014201130558, -7.2171584086171135e-06] - [-5.765260394022049e-06, -5.14698123516242e-06, -4.528486134591048e-06, -5.760351282061981e-06]
A2: [0.166663034519842, -0.16667035022368906, -4.103577369434226e-06, -3.6863454585327805e-06] - [0.16658228376053644, 0.3332465447254726, -9.043843175654911e-05, -8.45954162658327e-05] - [0.1666213341650507, 0.8332866386700102, -4.829075580601719e-05, -4.5384558747345915e-05] - [1.6287672714402387e-05, 1.6785490621053257e-05, 1.723667096758917e-05, 1.6287671308245658e-05]
B1: 0.16668842223920421 - 0.6665398609789319 - 0.1665663883471306 - 5.112899452866389e-05
B2: 0.16667805145690737 - 0.6666740038664762 - 0.16667785491723922 - 1.2704261793743441e-05
