Number: 2717
Error: 4.114586867493849e-06
A1: [-1.1149127114412225e-05, -1.0810502789983611e-05, -9.1970955017596e-06, -1.0920002179653817e-05] - [0.20830165610405474, 0.3333013796916408, -0.041693194001950956, -3.066769273056929e-05] - [0.166653008803205, 0.6666535157637664, 0.16665559604302044, -1.33751546287779e-05] - [-5.1615102980093245e-06, -4.6079638624098294e-06, -4.054205563704362e-06, -5.157112120317289e-06]
A2: [0.16669004737820833, -0.16664253845268928, 2.4469897452254275e-05, 2.3332205299005402e-05] - [0.16669459340098042, 0.33336221632601953, 2.8430097686075927e-05, 2.7736550367866373e-05] - [0.1666511849114658, 0.8333173935331171, -1.667912237325808e-05, -1.5528341096637258e-05] - [1.4589582983718595e-05, 1.5035498388866993e-05, 1.543963202611767e-05, 1.4589580775622847e-05]
B1: 0.16662635699796277 - 0.6665708687685982 - 0.16667219776882486 - -1.3240565657827316e-05
B2: 0.16661727886659983 - 0.6665941637854823 - 0.1665806574504861 - -4.820628144188391e-05
