Number: 1198
Error: 7.528233268388192e-06
A1: [-1.3973688415329865e-07, -2.2980742696201465e-07, 2.414440515917014e-07, -4.3187397694037395e-08] - [0.20834180858602872, 0.33334045148988006, -0.04165839440513784, 8.899743754967225e-06] - [0.1666670787965659, 0.6666669244525729, 0.16666746303839955, 5.30964976549248e-07] - [-2.270971529907683e-06, -2.0272671645059717e-06, -1.7834298067886009e-06, -2.2690297013201406e-06]
A2: [0.16665248077252115, -0.1666813343097009, -1.5257989290506977e-05, -1.4207248540821172e-05] - [0.16658217723982766, 0.33324608063033984, -9.035896472807475e-05, -8.45731320512849e-05] - [0.16663594115864916, 0.8333016249530415, -3.274645418831684e-05, -3.074600530678352e-05] - [6.434016660330329e-06, 6.630644558621849e-06, 6.808833659806857e-06, 6.434013741023374e-06]
B1: 0.16670700061561852 - 0.6666085526095771 - 0.16657921629803987 - 5.148303580156662e-05
B2: 0.16669915762994134 - 0.6667076904862619 - 0.16671934053228962 - 3.3014508365371954e-05
