Number: 147
Error: 2.667706892003577e-06
A1: [-2.291958078294071e-06, -1.5267553202085608e-06, -6.935654710626002e-07, -2.278520848988233e-06] - [0.20832437740890433, 0.3333274300822617, -0.04166921273589617, -8.896784397158633e-06] - [0.16666400789309285, 0.6666648196914003, 0.16666571560124357, -2.6422649122205393e-06] - [-2.712210742830103e-07, -2.4185095039423117e-07, -2.1246080095027914e-07, -2.7098875762918244e-07]
A2: [0.16667528531087894, -0.16665790059072258, 8.871427810000296e-06, 8.616083804418351e-06] - [0.16669452645681707, 0.33336165697705555, 2.8638652673510946e-05, 2.7849774294018412e-05] - [0.1666716600628201, 0.8333384013044158, 5.111121877587289e-06, 4.9909488584899975e-06] - [7.949956767372385e-07, 8.192569466479559e-07, 8.412395559047159e-07, 7.949952233177996e-07]
B1: 0.16665125478461126 - 0.6666660085893579 - 0.166689230498738 - -1.3852058523164154e-05
B2: 0.16664845281551574 - 0.6666426015208329 - 0.16663964685394175 - -1.8145698506196348e-05
