Number: 1474
Error: 7.3740047640455364e-06
A1: [-1.1086607666144447e-06, -1.2457139661025501e-06, -6.918385873176824e-07, -9.889298894737331e-07] - [0.2083392969282197, 0.33333757762578203, -0.04166105072471126, 6.490224633345142e-06] - [0.1666658792614585, 0.666665691046218, 0.16666635569875524, -6.399631446743059e-07] - [-2.79629851345103e-06, -2.4962848583801857e-06, -2.1961166454916443e-06, -2.7939090101563008e-06]
A2: [0.166654069142688, -0.16667968121067933, -1.3579253816535992e-05, -1.262381578620638e-05] - [0.16658220120487174, 0.3332461584025133, -9.036285878519889e-05, -8.456852787084813e-05] - [0.16663374758921662, 0.8332993743601681, -3.5080935819953874e-05, -3.294431777701865e-05] - [7.915503941350576e-06, 8.15741584046004e-06, 8.376646009718249e-06, 7.915500766937189e-06]
B1: 0.1667042442704647 - 0.6665982692254921 - 0.16657733811270178 - 5.146647265552003e-05
B2: 0.1666959725799501 - 0.666702595335022 - 0.16671305310014167 - 2.9949099940994995e-05
