Number: 1283
Error: 3.323632124332163e-06
A1: [-6.147254619926767e-06, -5.5661021148854465e-06, -4.383488760848152e-06, -6.038529554861963e-06] - [0.20831457816273502, 0.3333161772214434, -0.04167953297238638, -1.827615295586154e-05] - [0.16665920795550565, 0.6666598894232614, 0.16666131335365153, -7.3245809942418936e-06] - [-2.4329871653590697e-06, -2.1719211152101204e-06, -1.9107149382222334e-06, -2.430907195849998e-06]
A2: [0.16668180425437834, -0.1666511175969334, 1.575770102604612e-05, 1.5114717585014079e-05] - [0.1666945093194456, 0.3333618533260418, 2.8491552039484473e-05, 2.7753004088611397e-05] - [0.16666259301973088, 0.8333290979600244, -4.538895744582213e-06, -4.0956002283358695e-06] - [6.8933931993943924e-06, 7.104063409296062e-06, 7.29497901677219e-06, 6.89339018055505e-06]
B1: 0.16664086469378256 - 0.6666245159803666 - 0.16668221313570222 - -1.2966643850012528e-05
B2: 0.1666337607810988 - 0.6666204712740416 - 0.1666130585916333 - -3.2345612081058095e-05
