Number: 1304
Error: 7.4688511703219e-06
A1: [-5.270119486619977e-07, -6.359724624847305e-07, -1.338337459552196e-07, -4.215448805699374e-07] - [0.20834078295210728, 0.3333392833412498, -0.041659482408116, 7.913395577345372e-06] - [0.16666660279795004, 0.6666664345903436, 0.16666702073928708, 6.596790703384789e-08] - [-2.47272641598935e-06, -2.2073958250383924e-06, -1.941923574544956e-06, -2.470612588906266e-06]
A2: [0.16665308822790198, -0.16668070186968392, -1.461557182602119e-05, -1.3601689410928516e-05] - [0.1665821797073033, 0.33324610408747796, -9.036652923692667e-05, -8.457810017866606e-05] - [0.16663509790897152, 0.8333007598405203, -3.364374474745059e-05, -3.159107653232516e-05] - [7.003002791839778e-06, 7.217022649712082e-06, 7.410974015610034e-06, 7.002999754432824e-06]
B1: 0.16670599539038183 - 0.6666046542881848 - 0.16657854382841886 - 5.153009082918074e-05
B2: 0.16669798243501818 - 0.666705734490276 - 0.16671687684562705 - 3.188526119933584e-05
