Number: 1111
Error: 3.227501909453317e-06
A1: [-5.563065410217285e-06, -4.953744877214035e-06, -3.823731299407233e-06, -5.468767685295285e-06] - [0.20831606446838552, 0.3333178847589789, -0.04167796548803159, -1.685342194859611e-05] - [0.16665993553511138, 0.666660637002269, 0.1666619812613054, -6.614809743871197e-06] - [-2.1056897312673237e-06, -1.879704791145764e-06, -1.6535941842439038e-06, -2.1038888558365045e-06]
A2: [0.16668081142884497, -0.16665215057344646, 1.4708930097517842e-05, 1.41249670988636e-05] - [0.16669448719171295, 0.3333617981880537, 2.8487795870047356e-05, 2.774293416585305e-05] - [0.16666395936451842, 0.8333304999134303, -3.084602934345503e-06, -2.7263015972421627e-06] - [5.9701450230939116e-06, 6.152594549906713e-06, 6.317933991229336e-06, 5.9701422162963544e-06]
B1: 0.16664263399934692 - 0.666630974323591 - 0.166683431901893 - -1.2904644236498143e-05
B2: 0.16663582221705975 - 0.6666236618351545 - 0.16661692784456986 - -3.0358690325788743e-05
