Number: 638
Error: 7.84557747107801e-06
A1: [1.7857874376988835e-06, 1.7884665475791425e-06, 2.0894864369253966e-06, 1.8353391547993013e-06] - [0.20834674101565612, 0.333346108515282, -0.041653189117394906, 1.3625088124310003e-05] - [0.16666947139013674, 0.6666693832031424, 0.16666966340983413, 2.865550800868304e-06] - [-1.2050330154159547e-06, -1.0755797579945883e-06, -9.460474139885834e-07, -1.2040013219934109e-06]
A2: [0.1666492551648063, -0.16668469072547215, -1.8665887078018868e-05, -1.7422838265444712e-05] - [0.16658212891156374, 0.3332459247860138, -9.034746319351719e-05, -8.458217950171695e-05] - [0.16664039472714617, 0.8333061945202722, -2.800639413076475e-05, -2.628281460747734e-05] - [3.4278792148452085e-06, 3.5326193244130184e-06, 3.6275336255743107e-06, 3.427877329205433e-06]
B1: 0.16671251091542863 - 0.6666293450011638 - 0.16658296336907166 - 5.143446195808472e-05
B2: 0.16670594755363052 - 0.6667182282264713 - 0.16673216193549403 - 3.9561685696099845e-05
