Number: 1016
Error: 7.630489461509058e-06
A1: [4.801762198669733e-07, 4.199855236349489e-07, 8.356498757818824e-07, 5.614573009138284e-07] - [0.20834338812589465, 0.33334226544547313, -0.041656728337196226, 1.0412003898787175e-05] - [0.16666785053112362, 0.6666677174129948, 0.16666817175426335, 1.283853196457616e-06] - [-1.924547989263126e-06, -1.7179750376232944e-06, -1.5112851047727852e-06, -1.922901687682799e-06]
A2: [0.1666514302750782, -0.16668242731037114, -1.6367706780917894e-05, -1.5254490141676517e-05] - [0.16658215386046613, 0.333246022275734, -9.036294280310584e-05, -8.458374483467491e-05] - [0.16663738692434285, 0.8333031083932131, -3.12076233732536e-05, -2.9297112198387738e-05] - [5.4570533741830255e-06, 5.623818750755569e-06, 5.774943951419476e-06, 5.457050715727152e-06]
B1: 0.16670885796307822 - 0.6666153715780029 - 0.16658049064370403 - 5.153375263953308e-05
B2: 0.16670134447266916 - 0.6667110773979218 - 0.16672345083178222 - 3.5122456905118266e-05
