Number: 2777
Error: 4.147377368756705e-06
A1: [-1.1362784188988113e-05, -1.10345540760703e-05, -9.403370694624764e-06, -1.112861779966426e-05] - [0.2083010977914405, 0.33330074190861897, -0.04169378523684492, -3.1203791982418184e-05] - [0.16665274500296767, 0.6666532444111254, 0.1666553518971713, -1.3632734767987747e-05] - [-5.275665144301779e-06, -4.709880985529498e-06, -4.14388384686713e-06, -5.271170305298366e-06]
A2: [0.16669039078192233, -0.16664218095300715, 2.483300489109336e-05, 2.3674536414233108e-05] - [0.1666945921411494, 0.33336222683723254, 2.84229608161687e-05, 2.7731083758055907e-05] - [0.1666507066668706, 0.8333169029033028, -1.7187972513893536e-05, -1.6007616574825983e-05] - [1.4911555913672248e-05, 1.5367312799573268e-05, 1.5780367085448747e-05, 1.4911553839996e-05]
B1: 0.16662576502824425 - 0.6665686365297038 - 0.16667178828065699 - -1.3237003939452994e-05
B2: 0.1666166079169234 - 0.6665930680555373 - 0.16657929232900526 - -4.885123754708027e-05
