Number: 1606
Error: 7.300533624421954e-06
A1: [-1.5740427739198351e-06, -1.7336889856586395e-06, -1.1404222251140722e-06, -1.443223470672616e-06] - [0.2083380876657893, 0.3333361946387915, -0.04166233016751554, 5.329818275340223e-06] - [0.16666530355023743, 0.666665099012075, 0.1666658238309086, -1.2019913162596808e-06] - [-3.0475358447418607e-06, -2.7205917069966076e-06, -2.3934838445990804e-06, -3.0449324402003354e-06]
A2: [0.16665482829651748, -0.166678891076246, -1.2776833762104043e-05, -1.1867023321566913e-05] - [0.16658221127810233, 0.33324619428292684, -9.036596061748143e-05, -8.456771442715407e-05] - [0.16663269828165153, 0.8332982977933452, -3.61976109714124e-05, -3.399589390790342e-05] - [8.624014460122159e-06, 8.88758305152689e-06, 9.126441170308935e-06, 8.624011223927292e-06]
B1: 0.1667029249755547 - 0.6665933495041214 - 0.16657643759825508 - 5.1457498404984336e-05
B2: 0.1666944645342381 - 0.6667001674988661 - 0.1667100484079499 - 2.8498274726218456e-05
