Number: 2618
Error: 6.741840087747009e-06
A1: [-5.101242943941497e-06, -5.43186849403255e-06, -4.53439804567422e-06, -4.885456419714472e-06] - [0.20832898025687724, 0.33332576427716, -0.04167195783480235, -3.403196716149688e-06] - [0.1666609308426997, 0.6666606034044272, 0.166661791677546, -5.469845365462733e-06] - [-4.973582257651068e-06, -4.440173143339516e-06, -3.906554462207013e-06, -4.969343270243667e-06]
A2: [0.16666064677836157, -0.16667283540010108, -6.6272851741360986e-06, -6.066645164509445e-06] - [0.1665822744830446, 0.33324645458403057, -9.040527960533461e-05, -8.457550649589274e-05] - [0.16662464790744225, 0.8332900383641164, -4.4764612811084314e-05, -4.206366382416169e-05] - [1.4055338059268044e-05, 1.4484922236558922e-05, 1.4874252755338298e-05, 1.4055335648151598e-05]
B1: 0.16669265520311102 - 0.6665554603303959 - 0.1665693433459302 - 5.123295998429255e-05
B2: 0.16668283607832446 - 0.666681613638095 - 0.16668720509357252 - 1.7308531866890595e-05
