Number: 757
Error: 3.0276938035331703e-06
A1: [-4.3340990019530914e-06, -3.6654407818643074e-06, -2.6423265104261447e-06, -4.26952097189126e-06] - [0.2083192303283666, 0.33332151146540784, -0.041674621525380345, -1.3818511380889032e-05] - [0.16666145972470148, 0.6666622037483976, 0.1666633854168854, -5.127299443457729e-06] - [-1.4320504786856685e-06, -1.2782680373834475e-06, -1.124393734938125e-06, -1.4308247317608645e-06]
A2: [0.1666787744530453, -0.16665427033156588, 1.2556501686493251e-05, 1.2094319999600212e-05] - [0.16669446183232522, 0.333361704621804, 2.8499651401972604e-05, 2.7742389838759208e-05] - [0.16666677509523511, 0.8333333889412515, -8.785796924032859e-08, 9.5507820645535e-08] - [4.0698546063457526e-06, 4.1942183200903835e-06, 4.306916460308297e-06, 4.0698524408917335e-06]
B1: 0.1666460953198003 - 0.6666440974086497 - 0.1666857818048399 - -1.295726918394734e-05
B2: 0.16664005515001698 - 0.6666303009166513 - 0.16662505025054847 - -2.6279108229963115e-05
