Number: 44
Error: 8.20356748904054e-06
A1: [3.669847552458065e-06, 3.759951805045743e-06, 3.8694331284861135e-06, 3.6696987387610287e-06] - [0.2083513294641174, 0.33335142202198875, -0.04164839833752482, 1.7994494703037802e-05] - [0.1666718464990865, 0.6666718177116173, 0.16667181304403397, 5.179281272228413e-06] - [-7.426493561055927e-08, -6.600067572489689e-08, -5.7730646134834704e-08, -7.420153233122649e-08]
A2: [0.16664585546765606, -0.16668822657250043, -2.2253796033478302e-05, -2.081190914899099e-05] - [0.1665822109360857, 0.33324590133101084, -9.018519883176617e-05, -8.445849223601159e-05] - [0.166645163512588, 0.8333110880269987, -2.293048719575322e-05, -2.15038246838573e-05] - [2.3899871328733613e-07, 2.462646491694632e-07, 2.528460589144063e-07, 2.3899861496778433e-07]
B1: 0.1667173976387967 - 0.666650581398121 - 0.16658625777717984 - 5.042622363608118e-05
B2: 0.16671487105502922 - 0.6667306223610762 - 0.16674644132579539 - 4.8227708194672784e-05
