Number: 1589
Error: 3.4938310087173884e-06
A1: [-7.222999410503708e-06, -6.694049283116135e-06, -5.419949667132412e-06, -7.088572787572706e-06] - [0.20831178705408748, 0.3333129841132241, -0.04168248533491453, -2.0954018660729486e-05] - [0.166657876670223, 0.6666585204490517, 0.16666008400479523, -8.624149972222301e-06] - [-3.0152570624919894e-06, -2.691778293585971e-06, -2.368136798620397e-06, -3.012681120667475e-06]
A2: [0.16668356423375835, -0.16664928585343342, 1.7617894663650826e-05, 1.6869226522371136e-05] - [0.16669453243491267, 0.3333619360867565, 2.8483863802888814e-05, 2.77546682388318e-05] - [0.16666016037369363, 0.8333266020891005, -7.12775269563572e-06, -6.533501533920991e-06] - [8.535858082329723e-06, 8.796732919481856e-06, 9.033149648344274e-06, 8.535854849452285e-06]
B1: 0.16663780737476902 - 0.6666131115398917 - 0.16668012493049017 - -1.2986478756462413e-05
B2: 0.16663024733612672 - 0.6666148352047963 - 0.16660609487295813 - -3.572649790480966e-05
