Number: 1571
Error: 3.4838316817424392e-06
A1: [-7.154089877909744e-06, -6.621751816332558e-06, -5.352716542865013e-06, -7.021180485817031e-06] - [0.2083119739162838, 0.3333131959001332, -0.04168228643205881, -2.0773839484553855e-05] - [0.16665796067161723, 0.66665860698805, 0.1666601626512806, -8.54201964561356e-06] - [-2.981006731415939e-06, -2.661199463743998e-06, -2.341230689239089e-06, -2.978459944504239e-06]
A2: [0.16668346168296938, -0.16664939267373347, 1.7509349976496322e-05, 1.6766997482215602e-05] - [0.1666945336416693, 0.3333619336573994, 2.848661980791945e-05, 2.7757136700976384e-05] - [0.16666030377394622, 0.8333267491927021, -6.975196104060664e-06, -6.389792171585022e-06] - [8.43924222998589e-06, 8.697163855846658e-06, 8.930904011565675e-06, 8.439239003884975e-06]
B1: 0.16663796935488798 - 0.6666137653928633 - 0.1666802316453082 - -1.3003188342361452e-05
B2: 0.166630434072314 - 0.6666151643587441 - 0.16660652065232762 - -3.554755789122194e-05
