Number: 122
Error: 8.153957659202247e-06
A1: [3.5027755604639386e-06, 3.5861946092295026e-06, 3.72562199651601e-06, 3.5090760669150677e-06] - [0.20835105122914518, 0.33335106779989065, -0.04164866469997994, 1.7744711818500215e-05] - [0.1666716161785516, 0.6666715843944188, 0.1666716219384169, 4.956942644190309e-06] - [-2.227656129648023e-07, -1.985878857823195e-07, -1.7439365877745168e-07, -2.2257485452587664e-07]
A2: [0.16664630845995942, -0.16668775655432336, -2.1777810716352658e-05, -2.0360312216252023e-05] - [0.16658220626421655, 0.3332459080303553, -9.020538436250974e-05, -8.446863482063038e-05] - [0.16664453378329264, 0.8333104415325281, -2.360131269288376e-05, -2.2134893859687055e-05] - [6.577440691518299e-07, 6.778098053386279e-07, 6.95990413842506e-07, 6.577437042451735e-07]
B1: 0.16671669521622676 - 0.6666477203175554 - 0.1665857410557476 - 5.0497512492066134e-05
B2: 0.1667132654724733 - 0.6667288129816634 - 0.16674465075457875 - 4.6655937961033326e-05
