Number: 957
Error: 3.140951480188751e-06
A1: [-5.023635727957007e-06, -4.388203086231925e-06, -3.30439447273233e-06, -4.942271395123092e-06] - [0.20831746109849697, 0.33331948306605913, -0.04167648898510249, -1.551377686643269e-05] - [0.1666606034836961, 0.6666613237621338, 0.1666625975892325, -5.962822100297489e-06] - [-1.8126403745979014e-06, -1.6180657238598442e-06, -1.4233794375755185e-06, -1.8110895768264458e-06]
A2: [0.1666799255934577, -0.16665307247964337, 1.3772752186688816e-05, 1.3241884837262963e-05] - [0.16669447607951812, 0.3333617572253325, 2.8492515996867343e-05, 2.774261722613852e-05] - [0.1666651839491449, 0.8333317563535046, -1.7813325781894538e-06, -1.4990725081883678e-06] - [5.143479951748119e-06, 5.300660995343764e-06, 5.44310019869598e-06, 5.14347739033151e-06]
B1: 0.16664414483301324 - 0.6666366871651361 - 0.166684457046111 - -1.292249444564645e-05
B2: 0.16663762966969894 - 0.6666265311360562 - 0.16662045843940612 - -2.8617948984685566e-05
