Number: 1394
Error: 7.418625941807892e-06
A1: [-8.236797088172436e-07, -9.468784207182766e-07, -4.1671535179080697e-07, -7.10671968745144e-07] - [0.20834004160939465, 0.3333384282456474, -0.04166026220918062, 7.205284602202932e-06] - [0.16666623113616846, 0.6666660529771385, 0.16666668132781345, -2.963841760968231e-07] - [-2.644032305059701e-06, -2.3603402097794204e-06, -2.0764994727181274e-06, -2.6417725022953454e-06]
A2: [0.16665360947941824, -0.16668015967323588, -1.4065186439564696e-05, -1.3082047924538003e-05] - [0.16658219616651998, 0.33324613766547173, -9.036003149845239e-05, -8.456795430937194e-05] - [0.16663438363128577, 0.8333000269170129, -3.4404077509395316e-05, -3.230690086900079e-05] - [7.486095070185117e-06, 7.714881427458065e-06, 7.92221574943368e-06, 7.486091952213038e-06]
B1: 0.16670503235416442 - 0.6666012396776098 - 0.16657787293164816 - 5.14604094579409e-05
B2: 0.16669687880474998 - 0.6667040681277561 - 0.16671488511440588 - 3.082064615269253e-05
