Number: 3074
Error: 6.492353015938456e-06
A1: [-6.686578581789681e-06, -7.094017842963545e-06, -6.059264294963484e-06, -6.432513205637252e-06] - [0.20832489245285868, 0.33332108123532594, -0.04167627835768211, -7.322324253289406e-06] - [0.1666589645652879, 0.6666585819662485, 0.1666599792497944, -7.388886546690558e-06] - [-5.841380349417757e-06, -5.214940570442379e-06, -4.588284617799329e-06, -5.836406871098143e-06]
A2: [0.16666326331924577, -0.16667011202475035, -3.861640633253693e-06, -3.458261606535171e-06] - [0.1665822823976758, 0.3332465512198443, -9.044370525765362e-05, -8.459958567302022e-05] - [0.1666210151938559, 0.8332863114441735, -4.863012964141676e-05, -4.5704217738101246e-05] - [1.6502311032362906e-05, 1.7006689568479817e-05, 1.7463816872976293e-05, 1.6502309743262982e-05]
B1: 0.1666880277488372 - 0.66653837258865 - 0.1665661147370382 - 5.1131525501725125e-05
B2: 0.16667760449312888 - 0.6666732737687852 - 0.1666769453573885 - 1.2274639206657533e-05
