Number: 2400
Error: 6.861591000485856e-06
A1: [-4.344144844809194e-06, -4.63809119303033e-06, -3.8062985941782175e-06, -4.146658175543338e-06] - [0.20833093124411523, 0.33332799964611187, -0.041669895968745665, -1.5328471967435938e-06] - [0.1666618700495238, 0.6666615689352544, 0.16666265723216234, -4.553221346717395e-06] - [-4.558699286065608e-06, -4.069765553805998e-06, -3.5806284885417784e-06, -4.5548119825585204e-06]
A2: [0.1666593944278711, -0.1666741388210324, -7.950905819409382e-06, -7.315095865640222e-06] - [0.16658226532710368, 0.3332464030282907, -9.039224157132913e-05, -8.456936782120359e-05] - [0.16662638332643082, 0.833291818822509, -4.291789272121834e-05, -4.032449703589752e-05] - [1.2885438042190746e-05, 1.327926283270001e-05, 1.3636180628794448e-05, 1.2885435259285255e-05]
B1: 0.16669487380392167 - 0.666563632155199 - 0.16657088550112528 - 5.12877456690626e-05
B2: 0.1666853439960722 - 0.6666856049891653 - 0.16669211159513786 - 1.9721941051322665e-05
