Number: 1290
Error: 7.476717825746978e-06
A1: [-4.62752675803678e-07, -5.684813874447279e-07, -6.968545294709602e-08, -3.584759501763779e-07] - [0.20834097121870643, 0.3333394933976527, -0.041659279970881105, 8.09642297196348e-06] - [0.1666666789166225, 0.666666513284536, 0.1666670938958318, 1.406208800848815e-07] - [-2.4460822877788925e-06, -2.1836081355116893e-06, -1.9209934406728832e-06, -2.4439911700658888e-06]
A2: [0.16665301023675175, -0.16668078327174946, -1.4698408469213786e-05, -1.367943011604439e-05] - [0.16658218521714674, 0.3332461065317687, -9.036029649148247e-05, -8.457160827643653e-05] - [0.16663520996089332, 0.833300874744397, -3.352462848961129e-05, -3.1478784025993256e-05] - [6.927854130264564e-06, 7.139576966875975e-06, 7.331446543188958e-06, 6.927851107029787e-06]
B1: 0.16670608534480497 - 0.666605128277233 - 0.16657859369161593 - 5.148102970208479e-05
B2: 0.1666980926482051 - 0.6667059887076577 - 0.16671724123682952 - 3.198940689467584e-05
