Number: 2855
Error: 4.189923976391048e-06
A1: [-1.1621367079126545e-05, -1.13055722116835e-05, -9.650203444951374e-06, -1.1380665223255893e-05] - [0.20830044919639903, 0.3332999943402219, -0.04169446795721094, -3.1823583744930876e-05] - [0.16665242143291142, 0.6666529121115052, 0.1666550560538575, -1.3948237347867039e-05] - [-5.424068139112419e-06, -4.842375614964066e-06, -4.260468884708034e-06, -5.419447677517731e-06]
A2: [0.1666908403615923, -0.16664171321090973, 2.5307865829428733e-05, 2.4122721563112832e-05] - [0.16669459861543137, 0.3333622481867892, 2.8420915710079868e-05, 2.7732088625327873e-05] - [0.16665008583228152, 0.8333162659161939, -1.784870139353976e-05, -1.662979147597653e-05] - [1.5330105033829813e-05, 1.579865538393588e-05, 1.6223306178694452e-05, 1.5330103146892415e-05]
B1: 0.1666249330564598 - 0.666565674740918 - 0.16667119856509857 - -1.3294843080432898e-05
B2: 0.1666156703942856 - 0.6665916380785981 - 0.16657757520747465 - -4.975496221859271e-05
