Number: 2567
Error: 4.03257405883936e-06
A1: [-1.0638943224889967e-05, -1.0275678168772123e-05, -8.708056098349235e-06, -1.042239909847288e-05] - [0.20830295538558494, 0.33330287223016747, -0.04169182325231264, -2.9423852505808743e-05] - [0.1666536440973661, 0.6666541685788957, 0.16665617948009087, -1.2755387816111912e-05] - [-4.876116924665706e-06, -4.353164022445362e-06, -3.830002709014629e-06, -4.871960520701261e-06]
A2: [0.1666891844992427, -0.16664343637008688, 2.3558174455976568e-05, 2.2472008012714852e-05] - [0.16669458478586457, 0.3333621788141481, 2.843727113710696e-05, 2.7738452745637758e-05] - [0.16665237901809113, 0.8333186186669316, -1.5408368909296498e-05, -1.4331657189136883e-05] - [1.378464744766149e-05, 1.4205958989965386e-05, 1.4587791093363442e-05, 1.3784644938788762e-05]
B1: 0.16662791665921226 - 0.6665765247772752 - 0.16667329250996607 - -1.3169679521635367e-05
B2: 0.16661903862064828 - 0.6665969107995069 - 0.1665839991266139 - -4.651151834207311e-05
