Number: 1322
Error: 7.45883408753256e-06
A1: [-5.71968819006065e-07, -6.829690195100168e-07, -1.7441774122351871e-07, -4.650073782439286e-07] - [0.20834069259182952, 0.33333917348363346, -0.041659573954689284, 7.829626243054114e-06] - [0.1666665429969063, 0.6666663736152971, 0.16666696902064002, 8.014913358318612e-09] - [-2.50699058814539e-06, -2.2379878552864044e-06, -1.9688420385184773e-06, -2.5048475582466243e-06]
A2: [0.16665319493668831, -0.16668059109360275, -1.4503285955936156e-05, -1.3495302633963502e-05] - [0.16658218941292235, 0.33324611689556966, -9.035947541814166e-05, -8.456965723174553e-05] - [0.16663495580210025, 0.8333006139655543, -3.379514265361803e-05, -3.173349273110039e-05] - [7.099621691999133e-06, 7.316594881028571e-06, 7.513222858336304e-06, 7.099618637046444e-06]
B1: 0.16670575571874074 - 0.6666039264269923 - 0.16657836683772814 - 5.1469051675706376e-05
B2: 0.16669771245430015 - 0.6667053967924138 - 0.16671652136026227 - 3.1623084710169874e-05
