Number: 1180
Error: 7.538278975134119e-06
A1: [-9.476888306016752e-08, -1.8280050650743553e-07, 2.820375240451174e-07, 2.862013909303167e-10] - [0.20834189898667585, 0.33334056138492335, -0.04165830282438482, 8.983553374580742e-06] - [0.1666671386068571, 0.6666669854362024, 0.16666751476472297, 5.889271686913066e-07] - [-2.236707044755728e-06, -1.9966748359411783e-06, -1.7565111552701916e-06, -2.234794435896529e-06]
A2: [0.16665237406329936, -0.16668144508550414, -1.537027416198492e-05, -1.4313635753155781e-05] - [0.1665821675434806, 0.33324606783472766, -9.036600300834436e-05, -8.458156574709997e-05] - [0.16663608326923302, 0.8333017708325692, -3.259505096582487e-05, -3.060358540839814e-05] - [6.337395537074556e-06, 6.531070033293385e-06, 6.7065824920897905e-06, 6.3373926402524515e-06]
B1: 0.1667072393162008 - 0.6666092795175321 - 0.16657939234234623 - 5.1543102864817146e-05
B2: 0.1666994285144612 - 0.6667080291140328 - 0.16671969697248165 - 3.327758882587017e-05
