Number: 2636
Error: 6.7320115970729055e-06
A1: [-5.146165703756636e-06, -5.47883180936359e-06, -4.57495091246601e-06, -4.928885048157217e-06] - [0.20832889001832836, 0.3333256545357546, -0.041672049273917225, -3.486844968928197e-06] - [0.1666608710703452, 0.6666605424565885, 0.1666617399820628, -5.527770132835998e-06] - [-5.007843312331346e-06, -4.4707622102483996e-06, -3.933471115184657e-06, -5.003575297675379e-06]
A2: [0.16666075315339124, -0.16667272495689014, -6.515330367358051e-06, -5.9605921420611675e-06] - [0.16658228294738858, 0.33324646615747894, -9.039945195741816e-05, -8.456830504731767e-05] - [0.16662450549851238, 0.8332898921890562, -4.4916308971239586e-05, -4.2206382219964306e-05] - [1.4151932778575289e-05, 1.4584469514136093e-05, 1.4976476300722865e-05, 1.41519304029466e-05]
B1: 0.16669241417676386 - 0.6665547302605911 - 0.16656916317567552 - 5.117054805306079e-05
B2: 0.16668256921472216 - 0.6666812791350161 - 0.16668685288473933 - 1.7049474292627097e-05
