Number: 382
Error: 7.99515398366849e-06
A1: [2.6634320683823816e-06, 2.707963133665404e-06, 2.930609428651539e-06, 2.6915010567958205e-06] - [0.20834898427686935, 0.3333486809227389, -0.04165082532942887, 1.5773692158796356e-05] - [0.1666705620019581, 0.6666705035608373, 0.16667066514285273, 3.929646232026206e-06] - [-7.177207238391148e-07, -6.404970513946608e-07, -5.632236701629023e-07, -7.171059357190072e-07]
A2: [0.16664778903000527, -0.16668621639075198, -2.0214840678250266e-05, -1.888439339920674e-05] - [0.16658214298526494, 0.33324589075162125, -9.030405211627479e-05, -8.455014978746726e-05] - [0.16664244026086936, 0.8333082933343524, -2.582941642503682e-05, -2.4232882759781846e-05] - [2.0535618666386735e-06, 2.1162934358903307e-06, 2.1731382995487254e-06, 2.0535606737923672e-06]
B1: 0.16671475074979916 - 0.6666386006555992 - 0.16658445611450357 - 5.113326558002706e-05
B2: 0.16670929382922395 - 0.6667232775365582 - 0.16673824346838045 - 4.279699487456454e-05
