Number: 2113
Error: 3.7833284420603086e-06
A1: [-9.055721816542817e-06, -8.615681665914444e-06, -7.184448337381314e-06, -8.877294243314386e-06] - [0.20830704514550993, 0.33330755574083387, -0.04168749955168347, -2.5502048620025023e-05] - [0.1666556063889017, 0.666656186114491, 0.16665798922973263, -1.0840132692520411e-05] - [-4.012305078859946e-06, -3.5819502607475245e-06, -3.151403229498098e-06, -4.008881457425193e-06]
A2: [0.1666865770756714, -0.16664615017732812, 2.080223618275311e-05, 1.9872700726753466e-05] - [0.16669456690433856, 0.33336207260332373, 2.846540279695064e-05, 2.7752401789939076e-05] - [0.16665599293643063, 0.8333223263903826, -1.156268071523712e-05, -1.070993934343455e-05] - [1.1348215581591643e-05, 1.1695054337118495e-05, 1.2009384582688395e-05, 1.1348212469803916e-05]
B1: 0.1666325144826292 - 0.6665935201593032 - 0.16667648104707525 - -1.3078104581208032e-05
B2: 0.16662424037542686 - 0.6666052223525929 - 0.1665942389421198 - -4.1506452695331124e-05
