Number: 1831
Error: 3.6277611539130594e-06
A1: [-8.05619252993149e-06, -7.567558345796825e-06, -6.220142393155855e-06, -7.901457230483228e-06] - [0.20830965034353485, 0.3333105333780601, -0.041684741790236665, -2.3001240126813265e-05] - [0.1666568415411141, 0.6666574564925765, 0.16665913144235187, -9.634214419081238e-06] - [-3.4757334535342564e-06, -3.10289623876096e-06, -2.7298812394219496e-06, -3.472765769527721e-06]
A2: [0.16668495841876252, -0.16664783505250966, 1.909105022630766e-05, 1.8259085113657868e-05] - [0.16669455612101475, 0.3333620065989441, 2.8482479059650418e-05, 2.7761388470073377e-05] - [0.16665823685560613, 0.8333246285343856, -9.17488503687859e-06, -8.461176254860139e-06] - [9.83472292388773e-06, 1.013529958730144e-05, 1.0407699608516382e-05, 9.834719670307557e-06]
B1: 0.16663532083371815 - 0.6666040247497221 - 0.16667840661763123 - -1.3070919094388509e-05
B2: 0.1666274237798942 - 0.6666103875703459 - 0.166600654835136 - -3.8445212931490096e-05
