Number: 1011
Error: 3.171341041719479e-06
A1: [-5.2065912131661985e-06, -4.579962789271411e-06, -3.4796004626464614e-06, -5.120697711736839e-06] - [0.20831699633208842, 0.3333189489985525, -0.041676978925500534, -1.595858537375351e-05] - [0.16666037553327465, 0.666661089570863, 0.16666238845032869, -6.185181780887242e-06] - [-1.9153985630873125e-06, -1.7098100895732007e-06, -1.5041049432884337e-06, -1.9137600547935195e-06]
A2: [0.16668023720547698, -0.16665274827415327, 1.4101904484827163e-05, 1.355253142926177e-05] - [0.16669448246478216, 0.3333617739300841, 2.849304700187837e-05, 2.7745216990065387e-05] - [0.16666475479683826, 0.833331316011978, -2.2381151424677967e-06, -1.9291521208018607e-06] - [5.433349261357588e-06, 5.5993906837405926e-06, 5.749859802525154e-06, 5.433346607937756e-06]
B1: 0.1666435975543136 - 0.6666346671431168 - 0.1666840814604584 - -1.293375862556858e-05
B2: 0.16663697229747898 - 0.6666255207608391 - 0.16661923659020672 - -2.925192751180947e-05
