Number: 2213
Error: 3.838302951864351e-06
A1: [-9.3878841060304e-06, -8.963824766196588e-06, -7.501619376414587e-06, -9.201076539137257e-06] - [0.20830621103934643, 0.3333065946008952, -0.04168837768938002, -2.6299223588541538e-05] - [0.16665519090316674, 0.6666557594012725, 0.1666576092266075, -1.1245273690505983e-05] - [-4.2025771512140385e-06, -3.7518267722065028e-06, -3.3008798682200776e-06, -4.198991990129969e-06]
A2: [0.16668715453279162, -0.16664554942697055, 2.1412118397475303e-05, 2.0448369992431215e-05] - [0.16669457940414442, 0.33336210419117845, 2.8467007658201354e-05, 2.775789014397158e-05] - [0.16665519806409188, 0.8333215108115396, -1.2408696106897284e-05, -1.1506529646842878e-05] - [1.1884883801101031e-05, 1.2248126588865521e-05, 1.2577325123886374e-05, 1.1884880782420467e-05]
B1: 0.16663144655584286 - 0.6665897247824464 - 0.16667573019363005 - -1.3153497131399104e-05
B2: 0.16662303704986425 - 0.6666033856950252 - 0.16659203205426623 - -4.266645035511983e-05
