Number: 1428
Error: 7.3996774364299695e-06
A1: [-9.352131086023883e-07, -1.0637613152582767e-06, -5.2298200996864e-07, -8.1935720607542e-07] - [0.20833976372238547, 0.3333381075036645, -0.04166055438854705, 6.939949679223501e-06] - [0.16666609127607407, 0.666665909387367, 0.1666665537104293, -4.327278331742768e-07] - [-2.7087476001036564e-06, -2.418118951977532e-06, -2.1273391142774505e-06, -2.7064326667715045e-06]
A2: [0.1666538064791133, -0.16667995476500524, -1.3857188808644537e-05, -1.2885656462759616e-05] - [0.16658220259750622, 0.3332461505540275, -9.035738346728183e-05, -8.45639083852701e-05] - [0.1666341138158288, 0.833299750056771, -3.469129331407752e-05, -3.257730062868729e-05] - [7.668594484430931e-06, 7.90295922960746e-06, 8.115349305591289e-06, 7.668591340732344e-06]
B1: 0.16670466609294268 - 0.6665999473358273 - 0.166577617163319 - 5.143163525623087e-05
B2: 0.16669646075496794 - 0.6667034391707383 - 0.16671413501075574 - 3.0417335603281998e-05
