Number: 1915
Error: 3.6742004329136625e-06
A1: [-8.369739148172851e-06, -7.89646777410823e-06, -6.524972121213155e-06, -8.207931346034827e-06] - [0.20830881064133208, 0.3333095791609018, -0.04168563408542529, -2.380978638765599e-05] - [0.16665645764476228, 0.666657061206078, 0.16665877343675975, -1.0009387334995192e-05] - [-3.635563663016406e-06, -3.2455930387719827e-06, -2.855439981213969e-06, -3.6324601070789187e-06]
A2: [0.16668543802017044, -0.16664733559290915, 1.9598487876263648e-05, 1.8737184973987845e-05] - [0.16669455282678278, 0.33336202010415344, 2.847160785040966e-05, 2.7752205827988606e-05] - [0.16665756776986984, 0.8333239421473102, -9.886740142360198e-06, -9.131704701405466e-06] - [1.0285567386211344e-05, 1.0599924760458273e-05, 1.0884814974027141e-05, 1.0285564156233889e-05]
B1: 0.16663453673777262 - 0.666600945596324 - 0.16667788100043482 - -1.3021170216458546e-05
B2: 0.16662652873515021 - 0.6666088529087955 - 0.16659869562299134 - -3.930387287005071e-05
