Number: 2840
Error: 6.620242638625452e-06
A1: [-5.862968699696117e-06, -6.2304255795905e-06, -5.265554009970597e-06, -5.628555845823669e-06] - [0.2083270307641983, 0.33332352727584924, -0.041674016065883016, -5.2706088771903545e-06] - [0.16665998376433427, 0.6666596300433077, 0.16666092064588303, -6.393936416224758e-06] - [-5.396071034782739e-06, -4.8173707745101196e-06, -4.2384566435871985e-06, -5.391474270489497e-06]
A2: [0.16666192283218223, -0.166671507418444, -5.278814544832238e-06, -4.7945626828652795e-06] - [0.1665822846910939, 0.33324650776356646, -9.041809066176014e-05, -8.458087415327905e-05] - [0.1666228803319884, 0.8332882248984003, -4.664558169548518e-05, -4.3835056130270546e-05] - [1.524665396982361e-05, 1.571265206308472e-05, 1.6134989314474877e-05, 1.5246652046888687e-05]
B1: 0.16669036729571537 - 0.6665471090449887 - 0.16656774221259146 - 5.1148504869680654e-05
B2: 0.1666802537533405 - 0.666677549517325 - 0.16668223947267483 - 1.4822452588657904e-05
