Number: 2413
Error: 3.948174796060048e-06
A1: [-1.0100120067860903e-05, -9.710712886280386e-06, -8.189254236928646e-06, -9.896506852506317e-06] - [0.20830434985329022, 0.33330446850618833, -0.0416903486196973, -2.8086363052883328e-05] - [0.16665431152206023, 0.6666548548443141, 0.16665679536700706, -1.210391950796954e-05] - [-4.583110558301579e-06, -4.091567583629096e-06, -3.599820721542014e-06, -4.579202546968667e-06]
A2: [0.16668830076512983, -0.16664435620442322, 2.2624032835801697e-05, 2.1591026983042086e-05] - [0.16669458110205337, 0.3333621451297898, 2.844911286594192e-05, 2.774556624800179e-05] - [0.1666536053667578, 0.8333198768302031, -1.4103412243903734e-05, -1.3102662753359569e-05] - [1.2958215132194979e-05, 1.3354265713926301e-05, 1.3713201029003245e-05, 1.2958212367061516e-05]
B1: 0.16662946921130717 - 0.666582284057825 - 0.1666743699125981 - -1.3145664302767956e-05
B2: 0.16662079574001964 - 0.6665997283550853 - 0.16658747663971088 - -4.4821117518095634e-05
