Number: 2455
Error: 3.971202012449762e-06
A1: [-1.0244894087672482e-05, -9.86249438209078e-06, -8.328323449887654e-06, -1.0037756327061764e-05] - [0.20830397831564623, 0.3333040424224404, -0.04169074103536366, -2.844236952479027e-05] - [0.16665413169740068, 0.6666546700048991, 0.16665662984554538, -1.2279394490136896e-05] - [-4.6630221069110166e-06, -4.162912855124581e-06, -3.662598383387926e-06, -4.659046334332044e-06]
A2: [0.16668854219785942, -0.16664410494444656, 2.287917536543999e-05, 2.1831708855030536e-05] - [0.1666945832412919, 0.33336215540281955, 2.8446918284473626e-05, 2.774476072352967e-05] - [0.1666532710608639, 0.8333195338417793, -1.4459168754589999e-05, -1.343769022202325e-05] - [1.3183606993906622e-05, 1.358654697333927e-05, 1.3951726872584772e-05, 1.3183604293396375e-05]
B1: 0.16662903848102456 - 0.6665807064774926 - 0.16667406965801712 - -1.315952497232573e-05
B2: 0.16662030899546776 - 0.6665989591900869 - 0.1665865346505969 - -4.528966551155536e-05
