Number: 364
Error: 8.005830988660965e-06
A1: [2.7088012889348015e-06, 2.755337692719638e-06, 2.9715361488187417e-06, 2.7353754159790536e-06] - [0.20834907614094422, 0.33334879216126073, -0.0416507325271381, 1.585896369847365e-05] - [0.1666706221440427, 0.6666705648501227, 0.16667071714709306, 3.987939676905046e-06] - [-6.834536872708415e-07, -6.099023053068421e-07, -5.363033999900115e-07, -6.828682362726873e-07]
A2: [0.1666476836249178, -0.16668632583155335, -2.0325762972168828e-05, -1.8989476476827653e-05] - [0.16658213866656385, 0.3332458834620323, -9.030547052294528e-05, -8.455320597274613e-05] - [0.16664258375068877, 0.8333084406262719, -2.5676571722790945e-05, -2.408908371026496e-05] - [1.95692896255735e-06, 2.0167067536244237e-06, 2.0708748434489434e-06, 1.9569278232060248e-06]
B1: 0.16671494800390943 - 0.6666392903704743 - 0.16658459915103385 - 5.115190753172063e-05
B2: 0.16670959591733275 - 0.6667236483184528 - 0.16673863294017505 - 4.309128001672412e-05
