Number: 1075
Error: 3.2072825659705667e-06
A1: [-5.4251598199934945e-06, -4.809069082667753e-06, -3.6891907588809625e-06, -5.333896782856732e-06] - [0.20831643850420067, 0.3333183086221649, -0.04167756741730175, -1.6492752817694536e-05] - [0.1666601036116156, 0.6666608101491782, 0.16666213861650594, -6.4504757583626765e-06] - [-2.037185379518101e-06, -1.8185434362688456e-06, -1.599779014357417e-06, -2.035442947066348e-06]
A2: [0.16668060631566442, -0.16665236422028126, 1.4491839950864424e-05, 1.3920497419729428e-05] - [0.1666944896477214, 0.33336179339621846, 2.849339808669516e-05, 2.7747913425495537e-05] - [0.1666642461855946, 0.8333307941476398, -2.7794570234725214e-06, -2.4388624037346128e-06] - [5.776894786105709e-06, 5.953437290013031e-06, 6.113423303342985e-06, 5.776892031960534e-06]
B1: 0.166642950549361 - 0.6666322747359805 - 0.16668363806851752 - -1.294548191080135e-05
B2: 0.16663620262036638 - 0.6666243272774954 - 0.16661778672613842 - -2.999387904164851e-05
