Number: 2866
Error: 6.605985487220983e-06
A1: [-5.965134718165688e-06, -6.337632303071051e-06, -5.365593912729658e-06, -5.7285280230399655e-06] - [0.20832675026141118, 0.3333232101722987, -0.04167431516022957, -5.541448755408142e-06] - [0.16665985975341593, 0.6666595022194486, 0.1666608040717205, -6.5152426592279355e-06] - [-5.445547152321073e-06, -4.861542311665499e-06, -4.277323232181115e-06, -5.440908514064403e-06]
A2: [0.16666206999564137, -0.16667135406430295, -5.122945868209507e-06, -4.6478643296471455e-06] - [0.16658227983846333, 0.33324650823103724, -9.042504857017138e-05, -8.458755098125012e-05] - [0.1666226725769856, 0.833288011803441, -4.686654583014701e-05, -4.404325816874406e-05] - [1.5386174394936387e-05, 1.5856437059013806e-05, 1.6282639899220906e-05, 1.5386172536326373e-05]
B1: 0.16669014246961966 - 0.6665461719807934 - 0.16656759357873166 - 5.1181772701150863e-05
B2: 0.16667999539871306 - 0.6666770772247005 - 0.16668161898717215 - 1.4575368131492875e-05
