Number: 1227
Error: 3.2923946026883957e-06
A1: [-5.962090929891079e-06, -5.372047666187862e-06, -4.206839756946589e-06, -5.858058284561561e-06] - [0.2083150417976252, 0.33331671175627225, -0.04167904516438757, -1.7833197300839393e-05] - [0.16665943975538766, 0.6666601274510189, 0.16666152515881702, -7.098574253063651e-06] - [-2.3264255872816775e-06, -2.076781147084153e-06, -1.82700114844213e-06, -2.3244364611978632e-06]
A2: [0.1666814801366307, -0.16665145474614332, 1.541545283765592e-05, 1.4791601051760302e-05] - [0.16669449979224663, 0.333361833156538, 2.848822387896024e-05, 2.774740286051127e-05] - [0.16666303759304255, 0.8333295541386854, -4.06566335584202e-06, -3.650065146682544e-06] - [6.59280689744206e-06, 6.794289166567274e-06, 6.97687777218869e-06, 6.592803940422332e-06]
B1: 0.1666414591569774 - 0.6666266362793898 - 0.1666826267167432 - -1.2928032617718268e-05
B2: 0.16663444736006572 - 0.666621509788892 - 0.16661430153097737 - -3.168329494726259e-05
