Number: 1001
Error: 3.16571332464422e-06
A1: [-5.170937633228244e-06, -4.542578898273968e-06, -3.445182203961276e-06, -5.0858845641120805e-06] - [0.20831708954086048, 0.3333190554431584, -0.04167688025042663, -1.5869079345216957e-05] - [0.1666604195382412, 0.6666611348324929, 0.1666624291735619, -6.142213848748824e-06] - [-1.8963693435014008e-06, -1.692820515931924e-06, -1.4891559387552274e-06, -1.8947470761289558e-06]
A2: [0.16668017979653302, -0.16665280803038793, 1.404121617056034e-05, 1.3495301255158523e-05] - [0.16669448204957213, 0.3333617715636675, 2.849363321592639e-05, 2.7745502750446945e-05] - [0.16666483435499121, 0.8333313976372457, -2.153450517340645e-06, -1.8494222554490193e-06] - [5.379669073780128e-06, 5.544069666003049e-06, 5.693051742852154e-06, 5.37966643691882e-06]
B1: 0.16664369330676176 - 0.6666350358694314 - 0.16668414590537164 - -1.29372730846083e-05
B2: 0.1666370877900399 - 0.6666257071525256 - 0.16661946797735144 - -2.9140766696809185e-05
