Number: 210
Error: 8.099099399148255e-06
A1: [3.2285761165774123e-06, 3.2995032680564157e-06, 3.4677675057113224e-06, 3.242234903148623e-06] - [0.20835039176814055, 0.3333503027210988, -0.04164935053800478, 1.7117681625088667e-05] - [0.16667126952161826, 0.6666712293753378, 0.16667130956226853, 4.619373956418628e-06] - [-3.9029289441055687e-07, -3.4816111760921976e-07, -3.060011920956334e-07, -3.8995854370282023e-07]
A2: [0.1666468083391872, -0.16668723665914426, -2.1250347457203076e-05, -1.9862007250236528e-05] - [0.16658217711308432, 0.33324589394776155, -9.024749509133313e-05, -8.450395808184303e-05] - [0.16664382257295718, 0.833309711720228, -2.435825948730997e-05, -2.284761588546745e-05] - [1.1301755441318021e-06, 1.1646820580039078e-06, 1.1959489756306136e-06, 1.130174886497603e-06]
B1: 0.16671608741360874 - 0.6666446758070472 - 0.16658534014371773 - 5.076292356366925e-05
B2: 0.166711822482328 - 0.666726872130887 - 0.16674244822705536 - 4.525109256220038e-05
