Number: 1236
Error: 7.50692279440886e-06
A1: [-2.799364663496514e-07, -3.768544822444084e-07, 1.0539427737887971e-07, -1.8018879357908073e-07] - [0.2083414354110596, 0.3333400269201806, -0.04165879054764784, 8.540657637011741e-06] - [0.16666690677719376, 0.6666667473867326, 0.16666730294716087, 3.628908963303788e-07] - [-2.343298784698838e-06, -2.0918416039766543e-06, -1.8402482686958718e-06, -2.341295286713875e-06]
A2: [0.16665269829989973, -0.16668110781467235, -1.5027905938389987e-05, -1.3990400950338397e-05] - [0.16658217748132537, 0.333246088424163, -9.036226237648619e-05, -8.457555613475028e-05] - [0.1666356387804613, 0.8333013147402248, -3.306819925248866e-05, -3.1049036494757866e-05] - [6.637994093233237e-06, 6.840856884886267e-06, 7.0246966259022195e-06, 6.63799112869114e-06]
B1: 0.1667066454910783 - 0.6666071601009237 - 0.166578979996763 - 5.1505147894545706e-05
B2: 0.1666987402819663 - 0.6667069889785183 - 0.1667184525421113 - 3.2613632096505625e-05
