Number: 234
Error: 8.08436165655154e-06
A1: [3.1517791028369793e-06, 3.219162874008218e-06, 3.3951551648008736e-06, 3.167446634095149e-06] - [0.2083502037362566, 0.3333500853416798, -0.04164954684899294, 1.6938502398390098e-05] - [0.16667117291159392, 0.6666711303502517, 0.16667122203249202, 4.525244517600908e-06] - [-4.3598139010819155e-07, -3.889530622098208e-07, -3.4189348359002783e-07, -4.356078915612196e-07]
A2: [0.1666469449221935, -0.16668709458588668, -2.110617946255875e-05, -1.9725853588169987e-05] - [0.166582170738842, 0.33324589178489633, -9.025720421904302e-05, -8.451201564276674e-05] - [0.16664362914305245, 0.8333095132366183, -2.4564125231340066e-05, -2.3041458076358538e-05] - [1.259020515396109e-06, 1.297465422583782e-06, 1.332301347380216e-06, 1.2590197800203823e-06]
B1: 0.16671591147411602 - 0.6666438369769228 - 0.16658522395652814 - 5.082515197546599e-05
B2: 0.1667114489843383 - 0.666726356447068 - 0.16674185436756123 - 4.488799766857486e-05
