Number: 522
Error: 7.912787974450739e-06
A1: [2.1860771509191667e-06, 2.2079217221583226e-06, 2.4736302671068313e-06, 2.225892027027842e-06] - [0.20834776814206052, 0.33334728558096965, -0.041652105786698986, 1.4609312763008372e-05] - [0.16666996827972191, 0.6666698937667939, 0.16667012041796642, 3.3504226596061345e-06] - [-9.842223408122775e-07, -8.784355801695382e-07, -7.725826586667463e-07, -9.833794882757187e-07]
A2: [0.1666485899498722, -0.16668538297081528, -1.9368738401789696e-05, -1.808597803901067e-05] - [0.1665821309523977, 0.33324590483569216, -9.033250184625066e-05, -8.457200227929398e-05] - [0.1666413203152727, 0.8333071442106734, -2.702132267948861e-05, -2.5355233535129833e-05] - [2.8051466881764357e-06, 2.8908518431537564e-06, 2.9685159707990317e-06, 2.8051451002496746e-06]
B1: 0.16671355669543617 - 0.6666335658165539 - 0.16658366264363317 - 5.132880322344383e-05
B2: 0.1667074235508134 - 0.666720484330443 - 0.1667348947713323 - 4.098740109892136e-05
