Number: 1192
Error: 7.5315621847092445e-06
A1: [-1.32735961340785e-07, -2.2257565893528001e-07, 2.460893741845658e-07, -3.66769589110056e-08] - [0.2083418065435576, 0.33334045413847635, -0.04165839966770785, 8.895535067064117e-06] - [0.1666670906591414, 0.6666669362528307, 0.16666747129962706, 5.422192437138075e-07] - [-2.259548509034151e-06, -2.017068109683613e-06, -1.774455223278788e-06, -2.257616421539749e-06]
A2: [0.1666524438397928, -0.1666813725304196, -1.5296642000364865e-05, -1.4244073930944867e-05] - [0.16658217045410495, 0.33324607298968145, -9.036449871736301e-05, -8.457949688537307e-05] - [0.16663598811512387, 0.8333016731873677, -3.269635588546136e-05, -3.0698945726461956e-05] - [6.401809767435282e-06, 6.597453194068699e-06, 6.774750075908513e-06, 6.401806855546386e-06]
B1: 0.1667071064277092 - 0.6666088199823337 - 0.1665792988750626 - 5.1529325007053104e-05
B2: 0.16669927518171848 - 0.6667078057107808 - 0.16671943542138593 - 3.312945815532774e-05
