Number: 2807
Error: 4.163766628746839e-06
A1: [-1.146961413774344e-05, -1.1146580869743338e-05, -9.506509249246532e-06, -1.123292703188359e-05] - [0.20830081862957442, 0.3333004230123192, -0.041694080858483445, -3.147184719271591e-05] - [0.1666526131018365, 0.6666531087339527, 0.1666552298234119, -1.3761525873912432e-05] - [-5.3327422836281266e-06, -4.760839265962713e-06, -4.188722766993758e-06, -5.328199124094119e-06]
A2: [0.16669056245106992, -0.16664200223610212, 2.501452553612163e-05, 2.3845669262615826e-05] - [0.16669459138462886, 0.33336223196547377, 2.8419264506046962e-05, 2.7728223835817858e-05] - [0.16665046751312945, 0.8333166575567714, -1.7442429358836675e-05, -1.6247285765221242e-05] - [1.5072541020013612e-05, 1.5533218602372815e-05, 1.5950733192844648e-05, 1.507253901653254e-05]
B1: 0.16662546933638195 - 0.6665675206110122 - 0.1666715836384986 - -1.32349313905252e-05
B2: 0.16661627235208354 - 0.666592520096984 - 0.166578609671608 - -4.917380556630317e-05
