Number: 927
Error: 3.12402749078184e-06
A1: [-4.9166533979702145e-06, -4.276031499688591e-06, -3.201121563126995e-06, -4.837810397178067e-06] - [0.20831774080333826, 0.33331980247225, -0.041676192893920015, -1.524518036296162e-05] - [0.16666073551662422, 0.6666614595637167, 0.16666271977408173, -5.833900325862814e-06] - [-1.7555523643842122e-06, -1.5670966489529586e-06, -1.3785321519555803e-06, -1.7540503043274481e-06]
A2: [0.16667975341346114, -0.16665325169995684, 1.3590737075544527e-05, 1.3070241150612254e-05] - [0.16669447503496873, 0.3333617503338175, 2.8494488408670402e-05, 2.7743675570078647e-05] - [0.16666542267579268, 0.8333320012832207, -1.5272832701304704e-06, -1.2598307343139495e-06] - [4.9824372376857725e-06, 5.134695721953903e-06, 5.272673765123412e-06, 4.982434730103379e-06]
B1: 0.1666444299759386 - 0.6666377913955438 - 0.1666846485886988 - -1.2935152137980515e-05
B2: 0.16663797784698117 - 0.666627092061855 - 0.16662115439882166 - -2.8282766875541108e-05
