Number: 2571
Error: 4.034738114596791e-06
A1: [-1.0643600561845835e-05, -1.0280490221895815e-05, -8.71114505482208e-06, -1.0426729521074112e-05] - [0.20830295677396957, 0.33330287048861795, -0.041691819723464925, -2.942102020231062e-05] - [0.16665363619632287, 0.6666541607184577, 0.16665617397735966, -1.2762883449654963e-05] - [-4.883728608174639e-06, -4.359960177846978e-06, -3.835983231753337e-06, -4.879565753476222e-06]
A2: [0.16668920904083584, -0.16664341096959476, 2.358386331987419e-05, 2.2496478027637364e-05] - [0.16669458902861464, 0.3333621836290343, 2.8440683845926723e-05, 2.7742414774503297e-05] - [0.16665234764376063, 0.8333185864412572, -1.5441836783129214e-05, -1.4363100307444592e-05] - [1.3806107920420416e-05, 1.4228075441801293e-05, 1.4610502137282552e-05, 1.380610541892459e-05]
B1: 0.16662784556623328 - 0.6665763457942406 - 0.1666732365036666 - -1.3201096468623777e-05
B2: 0.16661896124591855 - 0.6665968349885479 - 0.16658393688941694 - -4.658715721506568e-05
