Number: 1654
Error: 7.273897870330705e-06
A1: [-1.725834399623337e-06, -1.8927175038183856e-06, -1.2841484440246022e-06, -1.590999678355673e-06] - [0.2083377181688237, 0.3333357659099724, -0.04166271730522935, 4.9780198444879494e-06] - [0.16666511182431928, 0.6666649023393504, 0.16666565002480607, -1.388758518946288e-06] - [-3.1388978652132333e-06, -2.8021610530226692e-06, -2.4652573661921813e-06, -3.1362167072624035e-06]
A2: [0.1666551072780963, -0.16667860097594062, -1.2482420398045535e-05, -1.1588900424601018e-05] - [0.16658222251954355, 0.3332462145222957, -9.03603034337248e-05, -8.455984023278037e-05] - [0.16663231757591923, 0.8332979071287764, -3.660290945660454e-05, -3.4377424599615246e-05] - [8.881649992778217e-06, 9.153093617303485e-06, 9.399089123458468e-06, 8.881646743784458e-06]
B1: 0.1667023874033163 - 0.6665915051339156 - 0.16657605718355556 - 5.139635624937533e-05
B2: 0.1666938574791951 - 0.6666992803407072 - 0.16670900882833647 - 2.791202898925151e-05
