Number: 2811
Error: 4.165925873871683e-06
A1: [-1.1474272278738132e-05, -1.11513935878644e-05, -9.509598782848425e-06, -1.123725826661165e-05] - [0.20830082001508113, 0.33330042126829096, -0.041694077331849023, -3.146901778732754e-05] - [0.16665260520004707, 0.6666531008728345, 0.1666552243199623, -1.376902227082428e-05] - [-5.340353927949043e-06, -4.767635393099083e-06, -4.194703312848138e-06, -5.335804324715531e-06]
A2: [0.1666905869708225, -0.1666419768575797, 2.504019235867133e-05, 2.3870117436865435e-05] - [0.1666945955431933, 0.3333622366957614, 2.8422592361900857e-05, 2.7732101669612668e-05] - [0.16665043611792166, 0.8333166253101241, -1.747591828467429e-05, -1.6278749766410916e-05] - [1.5094000512339957e-05, 1.5555334043037313e-05, 1.5973443212136504e-05, 1.5093998518365217e-05]
B1: 0.16662539841314722 - 0.6665673417367256 - 0.16667152767525784 - -1.3266179492715929e-05
B2: 0.16661619494190383 - 0.666592444248538 - 0.16657854739581415 - -4.9249479760747354e-05
