Number: 1415
Error: 3.3971768368944275e-06
A1: [-6.612751032627328e-06, -6.054194091809029e-06, -4.832192340353383e-06, -6.492937535386084e-06] - [0.2083133683346151, 0.33331479367222544, -0.04168081297839267, -1.9437125367245245e-05] - [0.16665863221693114, 0.6666592973487574, 0.16666078143299767, -7.886636421841498e-06] - [-2.684164573207111e-06, -2.3961753351200322e-06, -2.1080357319667108e-06, -2.6818705681680107e-06]
A2: [0.16668256329497566, -0.16665032758955833, 1.6559991162653483e-05, 1.5871398391762665e-05] - [0.16669451890597847, 0.3333618886626816, 2.848789417288515e-05, 2.7753337257698565e-05] - [0.16666154362568306, 0.8333280212934608, -5.65567240125779e-06, -5.147261177927467e-06] - [7.6019202156507155e-06, 7.8342477330342e-06, 8.04479147393123e-06, 7.601917078830184e-06]
B1: 0.1666395535521474 - 0.6666196040454468 - 0.1666813199517477 - -1.296748748265991e-05
B2: 0.1666322467282626 - 0.6666180370916267 - 0.16661004697336207 - -3.380248325560738e-05
