Number: 2052
Error: 7.053430560820316e-06
A1: [-3.1240823185100137e-06, -3.3588289319164252e-06, -2.6312375676166628e-06, -2.9558201291718352e-06] - [0.20833409187621643, 0.3333316168396195, -0.04166655316293377, 1.4990140283135013e-06] - [0.16666338094056116, 0.6666631224981567, 0.16666405183928348, -3.0783928403110757e-06] - [-3.896392643819154e-06, -3.47845674565498e-06, -3.0603316038172544e-06, -3.893067475153226e-06]
A2: [0.1666573954477078, -0.16667621942726948, -1.0063858403443306e-05, -9.307850660943284e-06] - [0.166582249095609, 0.333246318853453, -9.037356439367082e-05, -8.456118496790133e-05] - [0.16662915257198785, 0.8332946599349934, -3.9971036748173556e-05, -3.7549269325549156e-05] - [1.1017790040127512e-05, 1.1354527784014428e-05, 1.1659702703013938e-05, 1.1017786884408994e-05]
B1: 0.16669838252274355 - 0.6665766411165607 - 0.16657330776241366 - 5.1342186518305775e-05
B2: 0.16668931393976896 - 0.6666919787371035 - 0.16669998394630614 - 2.3541022528377232e-05
