Number: 3097
Error: 4.321814861663069e-06
A1: [-1.2478304617068154e-05, -1.220416006520253e-05, -1.047682431567562e-05, -1.2217273991369235e-05] - [0.20829821669659057, 0.33329744240143133, -0.041696831067914046, -3.3966509433680224e-05] - [0.16665136230315652, 0.6666518227938086, 0.16665407673763258, -1.4982285043836225e-05] - [-5.88448245239459e-06, -5.253431405772133e-06, -4.6221639666330524e-06, -5.879472534060458e-06]
A2: [0.16669222521434898, -0.16664027154793587, 2.6772103747179952e-05, 2.5503248146268053e-05] - [0.166694591765613, 0.33336228870157264, 2.8390138439479272e-05, 2.770827082165613e-05] - [0.16664815619788154, 0.8333142863144001, -1.9901806061236558e-05, -1.8563584125748146e-05] - [1.6628670402407694e-05, 1.713691283347067e-05, 1.7597542696386732e-05, 1.6628669181584325e-05]
B1: 0.1666225333020292 - 0.6665566571649142 - 0.1666695304082607 - -1.3292681159770685e-05
B2: 0.16661295023961875 - 0.6665872196225813 - 0.16657208601723542 - -5.237027290560599e-05
