Number: 435
Error: 2.8417429710082357e-06
A1: [-3.2357744210796574e-06, -2.51460938715474e-06, -1.5902038594596748e-06, -3.1982114611693813e-06] - [0.20832203028192578, 0.3333247247938735, -0.04167167120853635, -1.1137594765170317e-05] - [0.16666282590003728, 0.66666360720181, 0.16666463953409133, -3.794470117161358e-06] - [-8.192883607529078e-07, -7.31180559575747e-07, -6.430165449530735e-07, -8.185866172728686e-07]
A2: [0.1666769262122121, -0.16665619348163058, 1.0604014028819761e-05, 1.0251835939585962e-05] - [0.16669446365970453, 0.33336164574925925, 2.8537947308751558e-05, 2.7766788694596155e-05] - [0.16666934405492828, 0.8333360248503329, 2.6462865243546555e-06, 2.6699962407275282e-06] - [2.341219098145137e-06, 2.4127437596041782e-06, 2.477557125412721e-06, 2.3412177474034577e-06]
B1: 0.16664904275000955 - 0.6666558575586005 - 0.16668776642135907 - -1.3205951921757612e-05
B2: 0.16664418851335933 - 0.6666365600197631 - 0.16663259137118663 - -2.2285234476301298e-05
