Number: 1645
Error: 3.524848848998603e-06
A1: [-7.408090543139804e-06, -6.888035468109405e-06, -5.596535752862525e-06, -7.268971740310509e-06] - [0.20831132368016547, 0.33331244982191216, -0.041682972919534086, -2.139671401623597e-05] - [0.16665764493202723, 0.6666582824790891, 0.16665987225135376, -8.850095451872692e-06] - [-3.121815049708614e-06, -2.7869147125284566e-06, -2.451847944520911e-06, -3.119148417219575e-06]
A2: [0.16668388823167418, -0.1666489488199634, 1.796003157828662e-05, 1.7192223227028656e-05] - [0.16669454157708646, 0.3333619558906966, 2.8486845729806524e-05, 2.7759884253966913e-05] - [0.1666597157137677, 0.8333261458290286, -7.601061837739079e-06, -6.979123348160284e-06] - [8.836423143650542e-06, 9.10648523716721e-06, 9.351228652036982e-06, 8.836419894270881e-06]
B1: 0.16663720721593317 - 0.6666109853420004 - 0.16667970514786434 - -1.3030797432831616e-05
B2: 0.1666295667026327 - 0.6666138028053741 - 0.166604858209668 - -3.638286873236619e-05
