Number: 806
Error: 7.749402697275643e-06
A1: [1.205164379926701e-06, 1.1799301215932117e-06, 1.5319328168233e-06, 1.2688184801853729e-06] - [0.20834524956383282, 0.3333443993090739, -0.0416547631734166, 1.2195773515021272e-05] - [0.16666875071630133, 0.6666686425823964, 0.16666900020661862, 2.162282597897494e-06] - [-1.5248215034406716e-06, -1.361092747684446e-06, -1.1972672778441566e-06, -1.5235165111832399e-06]
A2: [0.16665022083903658, -0.1666836858311924, -1.7645565541684732e-05, -1.6460169437052298e-05] - [0.1665821356766355, 0.3332459636803978, -9.035887647920075e-05, -8.458719837602627e-05] - [0.16663905681350663, 0.8333048217671148, -2.9430329054994344e-05, -2.7623614718079722e-05] - [4.329749603064489e-06, 4.462056990090153e-06, 4.581954103986082e-06, 4.329747336032148e-06]
B1: 0.16671092308601057 - 0.6666231668488998 - 0.16658189327450726 - 5.1514281758241164e-05
B2: 0.16670387440604076 - 0.666715021915142 - 0.16672826140306166 - 3.756136069133016e-05
