Number: 600
Error: 7.86753232826542e-06
A1: [1.9263640389509682e-06, 1.9358602072555114e-06, 2.2258511987018553e-06, 1.9727170605407478e-06] - [0.20834711556064864, 0.33334653434518124, -0.04165279182748325, 1.3985542659521413e-05] - [0.166669643723651, 0.6666695605592617, 0.16666982376504408, 3.0339383500892225e-06] - [-1.1327002975677095e-06, -1.010999928819244e-06, -8.892246387371541e-07, -1.1317304521517153e-06]
A2: [0.16664903867647612, -0.1666849161533347, -1.889487771796113e-05, -1.7638646803182546e-05] - [0.16658213300851687, 0.3332459214488174, -9.033960301862431e-05, -8.457541717045417e-05] - [0.16664069822467306, 0.8333065058830534, -2.768347218084412e-05, -2.597866421111817e-05] - [3.2238815706222016e-06, 3.3223861306633624e-06, 3.4116495285789324e-06, 3.2238797794771758e-06]
B1: 0.1667128281683996 - 0.6666307031208725 - 0.16658316865569467 - 5.1374490263614536e-05
B2: 0.1667063942571614 - 0.6667189599811819 - 0.16673308099270498 - 3.999191806823426e-05
