Number: 176
Error: 8.12014881172046e-06
A1: [3.341481491111191e-06, 3.4176429414706783e-06, 3.575173474816801e-06, 3.3522906290074986e-06] - [0.20835067465514284, 0.3333506280523117, -0.04164905418563878, 1.738801161144734e-05] - [0.16667141051863738, 0.6666713740128583, 0.1666714381337431, 4.756852855880463e-06] - [-3.255676123306571e-07, -2.9037265747250195e-07, -2.551540023496947e-07, -3.2528873030434674e-07]
A2: [0.1666466159672497, -0.16668743683360804, -2.1453516999946393e-05, -2.0053770950602616e-05] - [0.16658218971119437, 0.33324590052809666, -9.023028518929821e-05, -8.448897527982341e-05] - [0.16664409726251647, 0.8333099935680627, -2.4065956573155665e-05, -2.2572342259511453e-05] - [9.476450985805944e-07, 9.765722227398305e-07, 1.0027830588734194e-06, 9.476445526802721e-07]
B1: 0.16671631133719733 - 0.666645840811184 - 0.16658548338551818 - 5.064944082297549e-05
B2: 0.1667123468525993 - 0.6667276106588884 - 0.16674331089037953 - 4.576072530329314e-05
