Number: 2798
Error: 6.6432230814563224e-06
A1: [-5.718213696687421e-06, -6.078666223759093e-06, -5.126509774542229e-06, -5.487325327412261e-06] - [0.20832740218617873, 0.3333239532378439, -0.041673623778349315, -4.914718046537581e-06] - [0.1666601635930925, 0.6666598148812524, 0.16666108616136513, -6.218457163794167e-06] - [-5.316141633550403e-06, -4.746009966910442e-06, -4.175665085995597e-06, -5.3116125286127265e-06]
A2: [0.16666168159070824, -0.16667175848949647, -5.533767742658675e-06, -5.0350528234301275e-06] - [0.16658228328826105, 0.3332464982164008, -9.041516888545394e-05, -8.457933019685816e-05] - [0.16662321483065695, 0.8332885680771839, -4.6289633974541935e-05, -4.3499835332589136e-05] - [1.5021273723821411e-05, 1.5480382823361977e-05, 1.5896475614646942e-05, 1.5021271700037224e-05]
B1: 0.16669079794004288 - 0.6665486870794087 - 0.16656804347439869 - 5.1162281213879896e-05
B2: 0.1666807398078167 - 0.6666783179246332 - 0.16668318055777395 - 1.5290298373724366e-05
