Number: 834
Error: 7.733513871199321e-06
A1: [1.1244341459536984e-06, 1.0954400756090187e-06, 1.4568318533515318e-06, 1.190423268661878e-06] - [0.20834506557070334, 0.3333441826190961, -0.041654953744463825, 1.2022074762115421e-05] - [0.166668646805528, 0.6666685362500021, 0.16666890767939074, 2.061257222434712e-06] - [-1.5781215938343006e-06, -1.408680417038263e-06, -1.2391397116313067e-06, -1.576771071190684e-06]
A2: [0.16665038470757781, -0.16668351555625463, -1.7472857152094523e-05, -1.6296801798501048e-05] - [0.1665821447252026, 0.33324597774755244, -9.035355125325255e-05, -8.458011383178622e-05] - [0.16663883486435566, 0.8333045939734758, -2.9666693937302843e-05, -2.7846044964088216e-05] - [4.480058845838352e-06, 4.6169607144550655e-06, 4.741021612567697e-06, 4.4800565210710074e-06]
B1: 0.16671059949986378 - 0.6666220812048842 - 0.16658166195567134 - 5.146859692118772e-05
B2: 0.16670347926215484 - 0.6667144878774276 - 0.16672766434421468 - 3.717835500775758e-05
