Number: 2243
Error: 3.854798783359595e-06
A1: [-9.494719741920937e-06, -9.075858465824173e-06, -7.60476519771894e-06, -9.305391305111401e-06] - [0.20830593186127416, 0.33330627568596355, -0.041688673329885524, -2.6567294615384407e-05] - [0.16665505899551186, 0.6666556237171295, 0.16665748714722886, -1.1374071004977505e-05] - [-4.259657687766005e-06, -3.8027884147886583e-06, -3.3457214049656723e-06, -4.25602408005361e-06]
A2: [0.16668732651795065, -0.16664537039308328, 2.159395612762381e-05, 2.0619818848823983e-05] - [0.1666945798511352, 0.3333621105247577, 2.8464516357072474e-05, 2.7756233887106063e-05] - [0.1666549592069709, 0.8333212657619147, -1.2662855880831856e-05, -1.1745902118906252e-05] - [1.2045886088102088e-05, 1.241405012875688e-05, 1.2747709218489912e-05, 1.2045883101760884e-05]
B1: 0.1666311497125491 - 0.6665886085698679 - 0.16667552619777845 - -1.315256159320953e-05
B2: 0.16662270079807875 - 0.6666028370385393 - 0.1665913486860312 - -4.298970580462939e-05
