Number: 492
Error: 7.930317759582368e-06
A1: [2.2934123508749055e-06, 2.320414575114502e-06, 2.57719174904694e-06, 2.330705422275699e-06] - [0.20834804909621485, 0.33334760612579006, -0.04165180867100225, 1.487915698019821e-05] - [0.16667010062179324, 0.6666700298502982, 0.16667024285563098, 3.4796530000415517e-06] - [-9.271160568014704e-07, -8.274499854180162e-07, -7.277211990334112e-07, -9.263220603042376e-07]
A2: [0.16664841887260481, -0.16668556106290847, -1.954960007612007e-05, -1.82565186271383e-05] - [0.16658213447361397, 0.3332459026165516, -9.032575300045497e-05, -8.456637684519042e-05] - [0.16664156022667145, 0.8333073903531135, -2.676603378924262e-05, -2.5114806731913108e-05] - [2.644093668916604e-06, 2.7248759453238248e-06, 2.798078810181078e-06, 2.6440921624117825e-06]
B1: 0.16671380522111326 - 0.6666346370711643 - 0.16658382474408934 - 5.127953899206324e-05
B2: 0.16670779978384895 - 0.6667210741314528 - 0.16673562029777686 - 4.1350630478028985e-05
