Number: 1212
Error: 7.520345967513614e-06
A1: [-2.040059192001675e-07, -2.973075621486134e-07, 1.772874654639239e-07, -1.0626607113513945e-07] - [0.20834162028431016, 0.33334024140098323, -0.041658596872076924, 8.716681297427205e-06] - [0.16666700266957923, 0.6666668457506316, 0.16666738987480834, 4.5630371966698913e-07] - [-2.2976160207759964e-06, -2.051055217542472e-06, -1.8043602503564753e-06, -2.295651473023607e-06]
A2: [0.16665255875109494, -0.16668125292087208, -1.5175166518323147e-05, -1.4129520412651581e-05] - [0.1665821716725612, 0.33324607812575124, -9.036526043327104e-05, -8.457968136530086e-05] - [0.1666358290913095, 0.8333015100329932, -3.286558728371235e-05, -3.085831322352597e-05] - [6.5091665528158665e-06, 6.7080915130395406e-06, 6.8883624212301515e-06, 6.509163616426145e-06]
B1: 0.16670691156018366 - 0.6666080794688097 - 0.1665791672386864 - 5.153299623861788e-05
B2: 0.16669904665311172 - 0.6667074354822562 - 0.1667189753335417 - 3.290959905080486e-05
