Number: 325
Error: 2.776479585133183e-06
A1: [-2.865337485539635e-06, -2.1266704860389095e-06, -1.2364218277321526e-06, -2.8369987713552566e-06] - [0.20832296714941245, 0.3333258011705267, -0.04167068638963255, -1.0241373211874642e-05] - [0.16666328757143764, 0.6666640811924348, 0.16666506209110923, -3.3441857087690224e-06] - [-6.099571546732647e-07, -5.442843632911355e-07, -4.785686713757996e-07, -6.094346177030221e-07]
A2: [0.16667629806174003, -0.16665684707939565, 9.940528955619919e-06, 9.625652103882503e-06] - [0.16669447910422353, 0.3333616409743684, 2.8566845230646904e-05, 2.7789943895604636e-05] - [0.16667022579781576, 0.8333369295788049, 3.584677216342647e-06, 3.553627723689751e-06] - [1.7506597579146855e-06, 1.8041328112454101e-06, 1.852587436320233e-06, 1.75065873263591e-06]
B1: 0.16664994419719129 - 0.6666597824078789 - 0.1666883645299681 - -1.339624983040241e-05
B2: 0.16664571308328477 - 0.6666387950388011 - 0.1666352473589076 - -2.080831653804047e-05
