Number: 1187
Error: 3.270027667635993e-06
A1: [-5.819547339793759e-06, -5.222577516922302e-06, -4.0692263976888545e-06, -5.7188762938310095e-06] - [0.20831541437593232, 0.33331713729762996, -0.0416786506803639, -1.7475429577260765e-05] - [0.16665961571596818, 0.6666603084425358, 0.16666168800190123, -6.926761612918524e-06] - [-2.2503102166298847e-06, -2.0088243642667015e-06, -1.7672062987716885e-06, -2.2483859927228515e-06]
A2: [0.16668125038225481, -0.16665169389462692, 1.5172571366218318e-05, 1.456256175421209e-05] - [0.16669449760603083, 0.3333618231440851, 2.8490002318895557e-05, 2.774802060079252e-05] - [0.1666633556876065, 0.8333298804961372, -3.7271533884624914e-06, -3.3312836859725766e-06] - [6.3780949354377525e-06, 6.573014167006844e-06, 6.749654741925458e-06, 6.37809202685587e-06]
B1: 0.16664184891058473 - 0.6666281174807137 - 0.16668289038435635 - -1.2935345441371685e-05
B2: 0.16663490373877116 - 0.6666222495967599 - 0.16661522116593352 - -3.12442434651335e-05
