Number: 2796
Error: 6.6443060100216405e-06
A1: [-5.715885178782701e-06, -6.076260544442859e-06, -5.124965857521442e-06, -5.48516027057306e-06] - [0.20832740148642806, 0.33332395410283855, -0.041673625548897204, -4.916139777617461e-06] - [0.16666016754332563, 0.6666598188110088, 0.16666108891209244, -6.214709636844149e-06] - [-5.312334096941458e-06, -4.742610381913555e-06, -4.172673485817651e-06, -5.307808215524919e-06]
A2: [0.16666166932188198, -0.16667177118784177, -5.546610387574361e-06, -5.047285870068832e-06] - [0.16658228118168278, 0.33324649582367094, -9.04168607737784e-05, -8.45812964473797e-05] - [0.16662323052047387, 0.8332885841926149, -4.627289752810731e-05, -4.348411112822774e-05] - [1.5010541382422706e-05, 1.546932242816579e-05, 1.5885117858252235e-05, 1.5010539353928305e-05]
B1: 0.16669083347834587 - 0.666548776576892 - 0.16656807149478534 - 5.1177980935461956e-05
B2: 0.1666807785077227 - 0.6666783558370282 - 0.1666832116783883 - 1.5328130520644517e-05
