Number: 2683
Error: 4.0960230650357935e-06
A1: [-1.1037641643610202e-05, -1.0693665357522814e-05, -9.09086911643531e-06, -1.0811364357810157e-05] - [0.2083019338700774, 0.3333017003231889, -0.041692901914585856, -3.040247732539828e-05] - [0.16665314860422617, 0.6666536593004718, 0.1666557236186179, -1.3238869082292313e-05] - [-5.096820927765836e-06, -4.550208879156673e-06, -4.003385667677728e-06, -5.092477538163646e-06]
A2: [0.16668985111510456, -0.16664274262279088, 2.4262635039779065e-05, 2.3136550073210374e-05] - [0.16669458971242457, 0.33336220617944806, 2.843017712373935e-05, 2.7735245915020136e-05] - [0.16665145538933326, 0.8333176710548557, -1.639124833877521e-05, -1.5257279004885343e-05] - [1.4407135157681467e-05, 1.484747381415774e-05, 1.5246552521717829e-05, 1.440713287696658e-05]
B1: 0.1666267242201835 - 0.6665721639606398 - 0.1666724585496241 - -1.3210786007948998e-05
B2: 0.1666176916911126 - 0.6665947874352399 - 0.16658140222106416 - -4.7808189598412207e-05
