Number: 1430
Error: 7.398513597784346e-06
A1: [-9.615106505789202e-07, -1.091482192071843e-06, -5.511866548357361e-07, -8.454683092200167e-07] - [0.20833966787921884, 0.33333800467550995, -0.04166065999901573, 6.844920948018164e-06] - [0.16666606310082877, 0.6666658798726061, 0.1666665240155065, -4.606771463050805e-07] - [-2.7125502779908795e-06, -2.421513367082848e-06, -2.130325118665923e-06, -2.7102321059288582e-06]
A2: [0.16665381469340718, -0.16667994591874372, -1.3847985403709166e-05, -1.2877477942573151e-05] - [0.16658219417022635, 0.3332461429463773, -9.036513042239191e-05, -8.457247595067369e-05] - [0.1666340969156375, 0.833299732795296, -3.470910782622698e-05, -3.2594235189369295e-05] - [7.679329989466313e-06, 7.914022858908955e-06, 8.126710315787048e-06, 7.679326844310227e-06]
B1: 0.16670470950823738 - 0.666599933352785 - 0.16657766123304887 - 5.149495594784697e-05
B2: 0.16669650342930142 - 0.6667034078988041 - 0.1667140317003491 - 3.0460875192288612e-05
