Number: 493
Error: 2.8756959849391805e-06
A1: [-3.424255240755194e-06, -2.7119772381334368e-06, -1.7692209172379852e-06, -3.38183514795628e-06] - [0.2083215637322589, 0.3333241860714826, -0.04167216026979414, -1.1582739174796145e-05] - [0.1666625893299411, 0.6666633644874361, 0.16666442428983558, -4.0250427873913825e-06] - [-9.296624548392527e-07, -8.297253789129526e-07, -7.297253099434243e-07, -9.288662626516436e-07]
A2: [0.16667725964234745, -0.16665584666527286, 1.0956006293156946e-05, 1.0584229072096438e-05] - [0.16669446298302645, 0.33336165568701065, 2.85300628852439e-05, 2.7762046150319903e-05] - [0.16666888063402632, 0.833335549317481, 2.153007824209787e-06, 2.2055794602898506e-06] - [2.652593834618695e-06, 2.7336362764138686e-06, 2.8070749149920632e-06, 2.6525923215483647e-06]
B1: 0.16664851387863022 - 0.6666537390707252 - 0.16668740654581454 - -1.3159173079946995e-05
B2: 0.16664338593546402 - 0.6666354039396624 - 0.16663123548694925 - -2.306268511110972e-05
