Number: 2285
Error: 3.87787270520163e-06
A1: [-9.639497245468298e-06, -9.22764386178898e-06, -7.74383836442166e-06, -9.44664419771635e-06] - [0.20830556031276398, 0.33330584959067183, -0.04168906575684679, -2.6923311785389766e-05] - [0.16665487916723543, 0.666655438873987, 0.1666573216226877, -1.154954947027466e-05] - [-4.339570641700386e-06, -3.874135075740382e-06, -3.4085001402877605e-06, -4.3358692195053e-06]
A2: [0.16668756807984217, -0.16664511900362297, 2.184922810694518e-05, 2.0860629881402455e-05] - [0.16669458248110333, 0.33336212128892534, 2.846281245610524e-05, 2.7755919157541062e-05] - [0.16665462502188655, 0.8333209228943276, -1.3018491566450274e-05, -1.208080873663858e-05] - [1.2271285212843758e-05, 1.2646338886294283e-05, 1.2986242665882657e-05, 1.2271282275133313e-05]
B1: 0.16663071861443055 - 0.6665870309701838 - 0.1666752263072216 - -1.3166784103952329e-05
B2: 0.16662221367736296 - 0.6666020674901515 - 0.1665904063056023 - -4.34586301844792e-05
