Number: 436
Error: 7.963191877263945e-06
A1: [2.4795190752337493e-06, 2.515330179261855e-06, 2.7546168688394e-06, 2.5121184213529136e-06] - [0.20834851609115645, 0.3333481437319241, -0.04165131808979231, 1.532546836717746e-05] - [0.16667033323098226, 0.6666702686188695, 0.1666704553273669, 3.706467398275759e-06] - [-8.205149432526604e-07, -7.322740637625597e-07, -6.439770164587779e-07, -8.198121671485938e-07]
A2: [0.16664809753301663, -0.1666858953652897, -1.9888935672426268e-05, -1.857685641199412e-05] - [0.16658213652560383, 0.33324589431509605, -9.031694033012912e-05, -8.456039699797076e-05] - [0.1666420077960007, 0.8333078496031052, -2.6289660180686877e-05, -2.4666275327335692e-05] - [2.3434601312061327e-06, 2.4150529816722316e-06, 2.4799281396597077e-06, 2.3434587814918174e-06]
B1: 0.16671430300473855 - 0.6666366699712216 - 0.16658415990250924 - 5.122149577143541e-05
B2: 0.1667085610100484 - 0.6667221894837634 - 0.16673694199184033 - 4.20875825656766e-05
