Number: 215
Error: 2.7097891918542333e-06
A1: [-2.4939028415122893e-06, -1.7378192375931483e-06, -8.818136555893442e-07, -2.4747893115876413e-06] - [0.20832390766641878, 0.33332688089340595, -0.04166969852993121, -9.341505413123646e-06] - [0.166663750067784, 0.6666645559426282, 0.16666548534084757, -2.8930772668817712e-06] - [-4.006251893016849e-07, -3.5738715587346403e-07, -3.141201555417914e-07, -4.0028196719544287e-07]
A2: [0.16667567364082236, -0.16665749686922082, 9.280920689582803e-06, 9.00319781529813e-06] - [0.16669450983423695, 0.333361651809481, 2.8611637923235707e-05, 2.7828384462890796e-05] - [0.16667111143339106, 0.833337838283204, 4.52711667630871e-06, 4.441151821837024e-06] - [1.160079163430506e-06, 1.1954999496712945e-06, 1.2275953850010543e-06, 1.1600784853852334e-06]
B1: 0.16665073982205453 - 0.6666636134026641 - 0.16668888068855892 - -1.3692297488754446e-05
B2: 0.1666473150164851 - 0.6666411097962373 - 0.16663798526492443 - -1.9254034749076733e-05
