Number: 2050
Error: 7.054522941436252e-06
A1: [-3.121753600343238e-06, -3.3564229618344574e-06, -2.629693349767476e-06, -2.9536548859453124e-06] - [0.20833409117729523, 0.33333161770562136, -0.04166655493250926, 1.4975930903396534e-06] - [0.16666338489083174, 0.6666631264279578, 0.16666405458989922, -3.07464530384494e-06] - [-3.892585046195674e-06, -3.4750571166720413e-06, -3.0573400394041753e-06, -3.889263111955397e-06]
A2: [0.16665738315068154, -0.16667623215390084, -1.00767293456773e-05, -9.32011190770283e-06] - [0.16658224688169568, 0.3332463163532208, -9.037536376533391e-05, -8.456325856819871e-05] - [0.1666291682353457, 0.8332946760239385, -3.995432680384441e-05, -3.753357158903929e-05] - [1.1007056147783496e-05, 1.1343465789159814e-05, 1.1648343325347533e-05, 1.1007052990691706e-05]
B1: 0.1666984181695257 - 0.6665767306460936 - 0.16657333573101352 - 5.135799342405492e-05
B2: 0.1666893526966323 - 0.6666920167067388 - 0.16670001512559907 - 2.3578911832880452e-05
