Number: 1983
Error: 3.711675562097512e-06
A1: [-8.592743936264772e-06, -8.130178529737917e-06, -6.737460218002813e-06, -8.425240357732962e-06] - [0.20830825499698813, 0.3333089377838736, -0.04168621836903157, -2.434032825981543e-05] - [0.16665617801050156, 0.6666567741004322, 0.1666585182587613, -1.0281989681999974e-05] - [-3.764951554092443e-06, -3.3611119949347864e-06, -2.957086457112886e-06, -3.761738042352707e-06]
A2: [0.16668583143098067, -0.16664692636660147, 2.001389787392732e-05, 1.912938001930937e-05] - [0.16669456355353457, 0.3333620437465888, 2.847479216703306e-05, 2.7758164844484553e-05] - [0.1666570276374795, 0.8333233879265391, -1.0461666319731101e-05, -9.673005242773538e-06] - [1.0650515111724959e-05, 1.0976027664213266e-05, 1.1271028491187297e-05, 1.0650511912433453e-05]
B1: 0.16663380071477057 - 0.6665983560011327 - 0.16667736284479415 - -1.3082266020341004e-05
B2: 0.16662569963460938 - 0.6666076020845891 - 0.16659720247748802 - -4.0103510218722203e-05
