Number: 2437
Error: 3.9613171501177785e-06
A1: [-1.017600153290375e-05, -9.790214050448616e-06, -8.261106828715217e-06, -9.97038085243182e-06] - [0.20830416512045977, 0.33330425415318543, -0.04169054218544582, -2.8262247339468715e-05] - [0.16665421568276306, 0.6666547565281736, 0.16665670847827105, -1.2197279896666722e-05] - [-4.628775147771176e-06, -4.132337383513191e-06, -3.635694961398229e-06, -4.624828413260953e-06]
A2: [0.1666884398939884, -0.16664421151783718, 2.2770876889129685e-05, 2.172972672911729e-05] - [0.16669458537627319, 0.33336215389963963, 2.8450596887618352e-05, 2.7748157551405237e-05] - [0.16665341468845016, 0.8333196811720214, -1.430638620934353e-05, -1.3293753435573069e-05] - [1.3087007060545037e-05, 1.3486994345937734e-05, 1.3849497906247137e-05, 1.3087004331841806e-05]
B1: 0.16662920062526101 - 0.6665813611438247 - 0.16667417791167513 - -1.317605809938767e-05
B2: 0.166620494209885 - 0.6665992867841724 - 0.1665869588335974 - -4.511224754276562e-05
