Number: 1217
Error: 3.28680517602117e-06
A1: [-5.926456075640277e-06, -5.334681097042559e-06, -4.172437302372613e-06, -5.823263827963627e-06] - [0.20831513493842396, 0.3333168181381163, -0.041678946546574315, -1.7743759141529243e-05] - [0.16665948374465403, 0.6666601726980809, 0.16666156586884853, -7.055621968271964e-06] - [-2.3073967737201662e-06, -2.059791980502497e-06, -1.8120524587364675e-06, -2.305423872040512e-06]
A2: [0.16668142269692154, -0.16665151453444965, 1.535473121648371e-05, 1.4734340112162133e-05] - [0.16669449924037186, 0.33336183064779534, 2.8488662572494797e-05, 2.7747551976122162e-05] - [0.1666631171152472, 0.8333296357265312, -3.981037452385775e-06, -3.5703712169708873e-06] - [6.5391290682053095e-06, 6.738970583151528e-06, 6.9200721835752595e-06, 6.53912612296064e-06]
B1: 0.16664155669150132 - 0.6666270066709817 - 0.1666826927207845 - -1.2929764656162876e-05
B2: 0.16663456137185237 - 0.6666216946555054 - 0.1666145313520817 - -3.1573614970433115e-05
