Number: 2603
Error: 4.052246614070817e-06
A1: [-1.0752760262030806e-05, -1.039492465045347e-05, -8.815829911715192e-06, -1.0533204992961207e-05] - [0.2083026783040212, 0.33330255071809084, -0.04169211358451979, -2.9687661397664534e-05] - [0.1666535003431094, 0.666654021109278, 0.16665604915086818, -1.289542381993678e-05] - [-4.944612826845107e-06, -4.414317760987897e-06, -3.883813369250194e-06, -4.940398380724407e-06]
A2: [0.16668939309865433, -0.1666432194341411, 2.3778346804604042e-05, 2.2679963756517806e-05] - [0.16669459084341728, 0.33336219161564623, 2.843914497958246e-05, 2.774198587051701e-05] - [0.16665209291387068, 0.8333183250930907, -1.5712916231869523e-05, -1.4618380005127518e-05] - [1.3977829460918141e-05, 1.4405045869037352e-05, 1.4792230255346617e-05, 1.3977827019643857e-05]
B1: 0.16662751380762914 - 0.6665751401854169 - 0.1666730040112334 - -1.3215247354792574e-05
B2: 0.1666185868216567 - 0.6665962489508149 - 0.1665832229372144 - -4.6947716898998874e-05
