Number: 190
Error: 8.111471542458103e-06
A1: [3.3006135994891582e-06, 3.3749380246690793e-06, 3.537206492469024e-06, 3.312590737600903e-06] - [0.20835058082426006, 0.333350518025164, -0.04164915099997949, 1.7299329583669104e-05] - [0.16667135814741987, 0.6666713204638424, 0.16667139152129418, 4.705924837371776e-06] - [-3.522199099292102e-07, -3.141686513199666e-07, -2.760918529039329e-07, -3.5191818582700694e-07]
A2: [0.1666466960780208, -0.16668735355903536, -2.136906046435381e-05, -1.9973910630632657e-05] - [0.1665821867736767, 0.33324589993726766, -9.023539007853667e-05, -8.449289472981734e-05] - [0.16664398438112793, 0.8333098777225411, -2.4186124412816717e-05, -2.2685464145541995e-05] - [1.0228046442791142e-06, 1.054029166864864e-06, 1.0823219202016793e-06, 1.022804052153793e-06]
B1: 0.1667162023795779 - 0.6666453449773205 - 0.16658540890503493 - 5.067939867044851e-05
B2: 0.1667121104015367 - 0.6667273035686788 - 0.16674297119409937 - 4.553034283844235e-05
