Number: 671
Error: 2.9785776574338036e-06
A1: [-4.041413355189831e-06, -3.358718252296073e-06, -2.3619532552710607e-06, -3.984049856158311e-06] - [0.20831997563498245, 0.3333223672165702, -0.04167383597793973, -1.3104994788399813e-05] - [0.1666618240064411, 0.6666625779926791, 0.16666371978378416, -4.771923057914287e-06] - [-1.2683948704929247e-06, -1.1321529280449021e-06, -9.958281767727473e-07, -1.2673089924053029e-06]
A2: [0.16667827955272707, -0.16665478526381888, 1.2033712042899345e-05, 1.1600957207923216e-05] - [0.16669445715556758, 0.3333616836247129, 2.8504511405686093e-05, 2.7743741595260293e-05] - [0.166667459914562, 0.8333340916126653, 6.410251479233889e-07, 7.818038259952422e-07] - [3.6081830201307966e-06, 3.7184348722854418e-06, 3.818344161114695e-06, 3.6081810512890165e-06]
B1: 0.16664692086183946 - 0.6666472726448424 - 0.16668634222199788 - -1.2985367453119444e-05
B2: 0.16664113225493274 - 0.6666319439863043 - 0.16662703396055376 - -2.523925879006187e-05
