Number: 543
Error: 2.904804359386432e-06
A1: [-3.6031298888599225e-06, -2.8994532882650602e-06, -1.941817272130443e-06, -3.55650691230198e-06] - [0.20832109547366523, 0.3333236518139027, -0.04167265549603447, -1.2032481684398513e-05] - [0.16666236880149196, 0.666663137714588, 0.16666422025060237, -4.2403851941673775e-06] - [-1.0248125057200285e-06, -9.146773248028389e-07, -8.044734351052091e-07, -1.023934914809027e-06]
A2: [0.16667754476633498, -0.16665554985104147, 1.1257439553633157e-05, 1.0868459210277922e-05] - [0.16669445709358566, 0.3333616593600692, 2.8518800955241856e-05, 2.7752652090199222e-05] - [0.16666848080460844, 0.833335139102659, 1.7275525117996368e-06, 1.8048916235257865e-06] - [2.921024988158211e-06, 3.0102725425855606e-06, 3.0911469139859186e-06, 2.9210233405382255e-06]
B1: 0.16664809766260144 - 0.6666519516621886 - 0.16668713434311302 - -1.3079083637642684e-05
B2: 0.16664276117132096 - 0.6666344232379975 - 0.1666300284818902 - -2.3665791341191737e-05
