Number: 977
Error: 3.1522230796488082e-06
A1: [-5.094951340204061e-06, -4.462978666167772e-06, -3.3732380916187605e-06, -5.011906128742743e-06] - [0.20831727465020755, 0.33331927014850643, -0.041676686361081156, -1.569281962618194e-05] - [0.16666051546670838, 0.6666612332323419, 0.16666251613684113, -6.048764998918084e-06] - [-1.8506989517966057e-06, -1.652045009807241e-06, -1.453277551670581e-06, -1.8491156661220234e-06]
A2: [0.1666800403935643, -0.16665295298556243, 1.3894109863092242e-05, 1.3356327403953326e-05] - [0.16669447683333194, 0.3333617618789586, 2.8491261999647613e-05, 2.7741969106409166e-05] - [0.16666502481292964, 0.8333315930823855, -1.9506830064786043e-06, -1.6585521438344886e-06] - [5.25084119830867e-06, 5.411303930092222e-06, 5.556717231170434e-06, 5.250838602082977e-06]
B1: 0.1666439541534687 - 0.6666359504744279 - 0.16668432885863302 - -1.2914640191894334e-05
B2: 0.16663739801834793 - 0.6666261576664372 - 0.16661999496035326 - -2.884093687345772e-05
