Number: 2503
Error: 3.997471593343504e-06
A1: [-1.0396656617981733e-05, -1.002149609900519e-05, -8.472027943360627e-06, -1.018550395043721e-05] - [0.20830360885093507, 0.33330361371785217, -0.041691128165316414, -2.879413720728594e-05] - [0.16665394001931214, 0.6666544733732036, 0.16665645606846224, -1.2466114809942963e-05] - [-4.754350855100972e-06, -4.244452034641715e-06, -3.7343465623341546e-06, -4.750297655425193e-06]
A2: [0.166688820405575, -0.16664381562145328, 2.3172813251939005e-05, 2.210905834601945e-05] - [0.166694591598909, 0.33336217275129704, 2.8449695049363616e-05, 2.7749752483784682e-05] - [0.166652889657166, 0.833319142478259, -1.486516389519289e-05, -1.3819918684181331e-05] - [1.344118821362626e-05, 1.3852001515548814e-05, 1.4224317867324628e-05, 1.3441185591768845e-05]
B1: 0.1666285015265417 - 0.6665788607307369 - 0.16667368558838688 - -1.322009719767791e-05
B2: 0.16661970601144074 - 0.666598076125085 - 0.16658549911649612 - -4.587184918765067e-05
