Number: 1046
Error: 7.613580222072258e-06
A1: [3.7323108685442456e-07, 3.0785043986408917e-07, 7.324130196250526e-07, 4.5703351497039763e-07] - [0.20834310859166297, 0.3333419462049164, -0.041657024266348285, 1.0143578116185018e-05] - [0.16666771851301387, 0.6666675816283463, 0.16666804958865322, 1.1549462659401762e-06] - [-1.981650372866926e-06, -1.768956801205949e-06, -1.5561435105670569e-06, -1.9799553413808105e-06]
A2: [0.16665160258632916, -0.16668224795452033, -1.6185554672248797e-05, -1.5082715567507258e-05] - [0.1665821554362939, 0.3332460297159757, -9.036436032825204e-05, -8.45842733645992e-05] - [0.16663714832132925, 0.8333028635912171, -3.146154368363583e-05, -2.9536230706365453e-05] - [5.618093511807949e-06, 5.789781349186965e-06, 5.94536765883536e-06, 5.618090805310231e-06]
B1: 0.16670856941555642 - 0.666614264341259 - 0.16658029652747952 - 5.1543014402763397e-05
B2: 0.16670099850727546 - 0.6667105187880263 - 0.16672275734531825 - 3.4789495614472593e-05
