Number: 2352
Error: 6.888023757331972e-06
A1: [-4.168426242893385e-06, -4.453789808950917e-06, -3.635952283744544e-06, -3.974977592662599e-06] - [0.208331397141202, 0.33332853019856584, -0.04166940158118746, -1.0847401117314853e-06] - [0.16666208596140641, 0.6666617911548222, 0.16666285794931288, -4.3422906623944126e-06] - [-4.467350090040051e-06, -3.9882092571456475e-06, -3.5088667314423377e-06, -4.4635402666690195e-06]
A2: [0.16665912010949516, -0.16667442446065658, -8.241073116489281e-06, -7.588555574181704e-06] - [0.1665822669068282, 0.3332463950713463, -9.038618688771938e-05, -8.456442054166537e-05] - [0.16662676580211497, 0.8332922111909188, -4.2510960132473104e-05, -3.9941196186227626e-05] - [1.2627838670283321e-05, 1.3013789631818552e-05, 1.3363570595517367e-05, 1.2627835819843202e-05]
B1: 0.16669533287671956 - 0.666565403063295 - 0.16657119766701986 - 5.127035242460286e-05
B2: 0.16668586587555495 - 0.6666864816115768 - 0.16669321937708825 - 2.022301269408321e-05
