Number: 656
Error: 7.835197016944904e-06
A1: [1.7166922994643605e-06, 1.7159991613679621e-06, 2.0221001730812586e-06, 1.7677615857512015e-06] - [0.2083465534987993, 0.33334589612996923, -0.04165338855923522, 1.34442553583964e-05] - [0.1666693872222692, 0.6666692965118751, 0.1666695846273546, 2.783254493459281e-06] - [-1.2392953477089436e-06, -1.106169649337362e-06, -9.729629146739604e-07, -1.2382343624005672e-06]
A2: [0.16664935733675598, -0.16668458429640456, -1.8557746813116118e-05, -1.7320988322248074e-05] - [0.16658212607608347, 0.3332459255335222, -9.035195579269869e-05, -8.458627753289317e-05] - [0.16664025089276197, 0.8333060469684074, -2.815941301093703e-05, -2.6426958248351244e-05] - [3.5245093268451322e-06, 3.632203104018879e-06, 3.729794143160698e-06, 3.5245073974823043e-06]
B1: 0.1667123672153267 - 0.6666287080671863 - 0.16658287232001576 - 5.146945500643755e-05
B2: 0.16670574584445258 - 0.6667178836662139 - 0.16673172039237152 - 3.936777850988803e-05
