Number: 1869
Error: 3.6487696698141076e-06
A1: [-8.196323170878414e-06, -7.714542783732143e-06, -6.356137585662851e-06, -8.03839003895929e-06] - [0.2083092773728703, 0.33331010899001323, -0.041685137779023086, -2.3360123021822225e-05] - [0.16665666960328548, 0.6666572794991985, 0.16665897141133007, -9.80220757184061e-06] - [-3.548037934295785e-06, -3.167449944050235e-06, -2.7866820290500574e-06, -3.5450087776373727e-06]
A2: [0.16668517569054192, -0.16664760881163823, 1.9320884969464658e-05, 1.84756776086899e-05] - [0.16669455546056144, 0.3333620135004194, 2.8478312856686583e-05, 2.7758064171121244e-05] - [0.16665793427891226, 0.8333243181263426, -9.496819222913426e-06, -8.764405610139815e-06] - [1.0038676352263595e-05, 1.034548714976884e-05, 1.0623537485954649e-05, 1.0038673107419851e-05]
B1: 0.16663496040227987 - 0.6666026263798981 - 0.16667816372427888 - -1.3054139016300235e-05
B2: 0.16662701303411723 - 0.6666096928103813 - 0.16659977364727108 - -3.883949844559319e-05
