Number: 1540
Error: 7.337276855751828e-06
A1: [-1.3293758588730748e-06, -1.477052066718767e-06, -9.028076362687206e-07, -1.2041122188335474e-06] - [0.2083387405377369, 0.33333693708496975, -0.04166163678219631, 5.958216065207758e-06] - [0.16666560351102314, 0.6666654078147444, 0.16666610323083433, -9.088835965581592e-07] - [-2.921920204211108e-06, -2.608441446810953e-06, -2.294803455768844e-06, -2.9194237314352633e-06]
A2: [0.16665445078356428, -0.1666792841811237, -1.3176188376081017e-05, -1.2243355595899858e-05] - [0.16658221164028122, 0.3332461814726895, -9.035956272707577e-05, -8.456272234306993e-05] - [0.16663322357208069, 0.8332988366806627, -3.563870400047838e-05, -3.346946918408087e-05] - [8.26976120312625e-06, 8.522501528595427e-06, 8.7515457138418e-06, 8.269757992932694e-06]
B1: 0.16670354570842832 - 0.6665957722556634 - 0.16657685256185953 - 5.14230399625062e-05
B2: 0.16669517714414347 - 0.6667013773509743 - 0.1667115860838517 - 2.918227544614768e-05
