Number: 39
Error: 2.599342860833018e-06
A1: [-2.0405052117569287e-06, -1.2648832035422964e-06, -4.719934245797777e-07, -2.036016839096479e-06] - [0.2083248440210813, 0.3333280065560372, -0.041668753261303766, -8.469644195353565e-06] - [0.16666434714396886, 0.6666651642671151, 0.16666600290698302, -2.3140850612089668e-06] - [-6.570118645212283e-08, -5.835460879326278e-08, -5.100279095328083e-08, -6.564511225494274e-08]
A2: [0.16667466119267796, -0.16665854846308065, 8.215102225649497e-06, 7.993897281647765e-06] - [0.16669454049614266, 0.33336165478584656, 2.8673168178035085e-05, 2.787138700052828e-05] - [0.16667253262287748, 0.8333392970130143, 6.0404497837933265e-06, 5.865363781651604e-06] - [2.151728127665202e-07, 2.217106050157391e-07, 2.2763216198693514e-07, 2.1517272725118074e-07]
B1: 0.1666521748695323 - 0.6666699193510756 - 0.16668989714164292 - -1.4003303926695722e-05
B2: 0.16665059437973484 - 0.666645088355247 - 0.16664217429528205 - -1.605094176296733e-05
