Number: 1302
Error: 7.470017325760009e-06
A1: [-5.007135960758915e-07, -6.082507899784872e-07, -1.0562833077210902e-07, -3.954329694273401e-07] - [0.20834087879781202, 0.33333938617184533, -0.0416593767953259, 8.00842684024551e-06] - [0.16666663097408316, 0.6666664641059861, 0.1666670504350607, 9.39181028821525e-08] - [-2.468923519950255e-06, -2.204001183034412e-06, -1.938937345375634e-06, -2.4668129336836196e-06]
A2: [0.16665308001106705, -0.16668071071845988, -1.4624777709699145e-05, -1.3609870471866976e-05] - [0.16658218812543657, 0.3332461116861274, -9.03587911224605e-05, -8.456954176141064e-05] - [0.1666351148069883, 0.8333007770998613, -3.362593233223146e-05, -3.157414414749323e-05] - [6.992267042975109e-06, 7.205958767747632e-06, 7.399612748397316e-06, 6.992264007580444e-06]
B1: 0.16670595193257895 - 0.6666046682227524 - 0.16657849970300867 - 5.1466727458980395e-05
B2: 0.16669793981357384 - 0.6667057658169431 - 0.16671698021189232 - 3.184177440400729e-05
