Number: 1068
Error: 7.601203349245408e-06
A1: [2.996038124282653e-07, 2.3068601188705477e-07, 6.620426417876684e-07, 3.852506286366363e-07] - [0.20834292292756396, 0.33334173250537374, -0.04165721978879943, 9.966041708057268e-06] - [0.16666762654940753, 0.6666674871743012, 0.16666796539343323, 1.0652595419199035e-06] - [-2.0235262002280254e-06, -1.806344224694502e-06, -1.589040547265655e-06, -2.021795437050826e-06]
A2: [0.16665172977869558, -0.1666821156362003, -1.6051227977071753e-05, -1.4955916764882983e-05] - [0.16658215877959295, 0.3332460372548113, -9.036342803537632e-05, -8.45824732689748e-05] - [0.16663697360850316, 0.8333026843200322, -3.1647514853197385e-05, -2.9711321565336784e-05] - [5.7361890122100495e-06, 5.911486639874913e-06, 6.070344425419861e-06, 5.7361862717450215e-06]
B1: 0.1667083414769718 - 0.6666134367814386 - 0.16658013933721078 - 5.1533456348358797e-05
B2: 0.1667007289200095 - 0.6667101082208712 - 0.166722263645542 - 3.452944505827887e-05
