Number: 2756
Error: 6.6662172325845235e-06
A1: [-5.57345616977417e-06, -5.926904390033783e-06, -4.987463197468995e-06, -5.346092302736545e-06] - [0.20832777361694363, 0.33332437920827285, -0.04167323148296595, -4.558818478526483e-06] - [0.16666034342410027, 0.6666599997213608, 0.16666125167873652, -6.0429756961232775e-06] - [-5.236211896532011e-06, -4.6746488295082664e-06, -4.112873277942351e-06, -5.2317504639543326e-06]
A2: [0.16666144032430147, -0.16667200958542686, -5.7887456931529434e-06, -5.275567896439075e-06] - [0.1665822817925902, 0.3332464885768483, -9.041233890309262e-05, -8.457787909469175e-05] - [0.16662354930672868, 0.8332889112335068, -4.5933708587680375e-05, -4.3164637142079665e-05] - [1.4795891691254717e-05, 1.5248111739160107e-05, 1.5657960044552946e-05, 1.4795889570604509e-05]
B1: 0.16669122849471701 - 0.666550264960195 - 0.16656834450988423 - 5.117596655043418e-05
B2: 0.16668122608395194 - 0.6666790865593336 - 0.16668412187589 - 1.5758365880880776e-05
