Number: 3058
Error: 6.501110461492224e-06
A1: [-6.620024876915178e-06, -7.024155066355636e-06, -5.993604680286127e-06, -6.36731305465282e-06] - [0.20832507990551208, 0.3333212920458468, -0.04167607779531545, -7.140832131638551e-06] - [0.16665904460139638, 0.6666586645580823, 0.1666600551283176, -7.310518352911106e-06] - [-5.8109354430575225e-06, -5.1877600820768415e-06, -4.564368632202389e-06, -5.805987706967048e-06]
A2: [0.1666631734377531, -0.16667020574709324, -3.956943345904898e-06, -3.547856882708525e-06] - [0.16658228721731833, 0.3332465526827812, -9.043776031897252e-05, -8.459364342111338e-05] - [0.16662114328121888, 0.833286442807537, -4.849393438566301e-05, -4.557585525694692e-05] - [1.641645567493353e-05, 1.6918209976508128e-05, 1.7372958512122726e-05, 1.6416454338576293e-05]
B1: 0.16668815407654458 - 0.66653893789362 - 0.16656619554761087 - 5.109901889747978e-05
B2: 0.16667775053624972 - 0.6666735629517777 - 0.16667733785388006 - 1.2413747383901381e-05
