Number: 1399
Error: 3.3883103345112316e-06
A1: [-6.570130962602685e-06, -6.0096098481117255e-06, -4.793156749267922e-06, -6.451648280979642e-06] - [0.20831345939094925, 0.33331490266540126, -0.04168071965468426, -1.935193767206348e-05] - [0.16665868805631176, 0.6666593543850825, 0.16666083039522606, -7.832442231970213e-06] - [-2.653718336716735e-06, -2.3689921122850065e-06, -2.084116724441923e-06, -2.651450269249428e-06]
A2: [0.16668246894128927, -0.16665042558057166, 1.6460634161208292e-05, 1.5777330841371106e-05] - [0.16669451160186796, 0.33336187854255556, 2.8482824486722848e-05, 2.77471551674187e-05] - [0.16666167011352312, 0.83332815112377, -5.520940875052532e-06, -5.020498461485933e-06] - [7.516046404434179e-06, 7.745749034980247e-06, 7.95391381170885e-06, 7.516043279831889e-06]
B1: 0.16663975822527977 - 0.6666202431329508 - 0.16668146988374868 - -1.2921599444147227e-05
B2: 0.16663247690801938 - 0.6666183357780913 - 0.1666103702566202 - -3.3579238210576994e-05
