Number: 2695
Error: 4.102572510179382e-06
A1: [-1.1075580131085567e-05, -1.0733413585876891e-05, -9.126793111855625e-06, -1.0848299142519727e-05] - [0.2083018415112149, 0.3333015931542821, -0.041692998690240256, -3.0490411993308323e-05] - [0.1666531006866653, 0.6666536101444753, 0.1666556801759716, -1.3285547248875216e-05] - [-5.119652681568225e-06, -4.570593249724811e-06, -4.0213224024158065e-06, -5.115289953827615e-06]
A2: [0.166689920625542, -0.16664267033356814, 2.4336003066135584e-05, 2.320584595495247e-05] - [0.1666945916453296, 0.3333622103602492, 2.8430715438957383e-05, 2.7736337332532005e-05] - [0.16665136000001327, 0.8333175731756538, -1.6492785369358357e-05, -1.535287453063802e-05] - [1.4471527891972684e-05, 1.4913834796124631e-05, 1.5314697579672194e-05, 1.4471525636585222e-05]
B1: 0.16662659000584434 - 0.6665717024382343 - 0.16667236232418983 - -1.3225906815235962e-05
B2: 0.16661754115315391 - 0.6665945668817829 - 0.16658114355536457 - -4.795352735300414e-05
