Number: 1129
Error: 3.237604456681144e-06
A1: [-5.632014904274546e-06, -5.026079706062137e-06, -3.89099875928248e-06, -5.5361998425153735e-06] - [0.2083158774623874, 0.3333176728384142, -0.04167816451331269, -1.7033744625095766e-05] - [0.16665985149966464, 0.6666605504314298, 0.16666190258607813, -6.696973942527204e-06] - [-2.1399417928273814e-06, -1.9102853530043324e-06, -1.6805016735858648e-06, -2.1381116996905323e-06]
A2: [0.16668091398857696, -0.16665204374666803, 1.4817478744800317e-05, 1.4227205080308876e-05] - [0.16669448597903702, 0.333361800600266, 2.8485011957654033e-05, 2.774045985991183e-05] - [0.16666381595814786, 0.8333303528007456, -3.2371712457239877e-06, -2.8700170292396835e-06] - [6.066769617351791e-06, 6.252172638678191e-06, 6.420188785758559e-06, 6.066766785284939e-06]
B1: 0.16664247542370972 - 0.6666303238310358 - 0.16668332854409482 - -1.2884526185640368e-05
B2: 0.1666356322765131 - 0.6666233293828815 - 0.16661649867982264 - -3.054083486098833e-05
