Number: 1328
Error: 7.455455638216964e-06
A1: [-6.029318459847012e-07, -7.155094419976024e-07, -2.0571781852409533e-07, -4.954569817039262e-07] - [0.20834059811725456, 0.3333390688961005, -0.04165967605107297, 7.737410233679265e-06] - [0.16666650691453622, 0.666666336234805, 0.16666693381915113, -2.7435992845679447e-08] - [-2.518408767767123e-06, -2.248181808035838e-06, -1.977811293050823e-06, -2.5162560072512873e-06]
A2: [0.1666532277744674, -0.166680556765057, -1.4468312139312344e-05, -1.3462572187721145e-05] - [0.1665821855178432, 0.3332461143906807, -9.036352349895393e-05, -8.457397319266748e-05] - [0.16663490759991362, 0.8333005645503412, -3.384635341506819e-05, -3.1781798026108336e-05] - [7.131828137826053e-06, 7.349785756481179e-06, 7.54730592411256e-06, 7.131825077162181e-06]
B1: 0.1667057284101104 - 0.6666037340209746 - 0.16657835568816354 - 5.150133025914853e-05
B2: 0.1666976769217188 - 0.6667052888693336 - 0.16671635496044776 - 3.1590152192325177e-05
