Number: 2211
Error: 3.8372142567403935e-06
A1: [-9.38555396384655e-06, -8.961417342683459e-06, -7.500073615927382e-06, -9.198909861773935e-06] - [0.2083062103506008, 0.3333065954767776, -0.04168837944913574, -2.6300634314860852e-05] - [0.16665519485484317, 0.6666557633325588, 0.16665761197887496, -1.1241524733187279e-05] - [-4.198771284728021e-06, -3.748428677504606e-06, -3.2978896272606375e-06, -4.195189354166511e-06]
A2: [0.16668714225408315, -0.1666455621350597, 2.1399266212900065e-05, 2.0436127073049954e-05] - [0.16669457725413983, 0.3333621017554779, 2.846527344951686e-05, 2.775588049289929e-05] - [0.16665521374437176, 0.8333215269175944, -1.239196885916015e-05, -1.1490814977342664e-05] - [1.1874152823344286e-05, 1.2237067598169487e-05, 1.2565968826863255e-05, 1.1874149802598139e-05]
B1: 0.16663148200604025 - 0.6665898141587685 - 0.16667575805918702 - -1.313788544541372e-05
B2: 0.16662307587082936 - 0.6666034237375276 - 0.16659206331359103 - -4.262849722219541e-05
