Number: 2236
Error: 6.951895897167577e-06
A1: [-3.769732656402254e-06, -4.035811974550621e-06, -3.253156612953656e-06, -3.5860177741009963e-06] - [0.20833241848988363, 0.33332970192740763, -0.04166832312014513, -1.0628406444827604e-07] - [0.1666625815129286, 0.6666623004769897, 0.16666331383393101, -3.858752109346551e-06] - [-4.246580636986491e-06, -3.791105607705842e-06, -3.335433250610462e-06, -4.242958135129108e-06]
A2: [0.16665845255302125, -0.16667511915812402, -8.946481868895028e-06, -8.254036924405552e-06] - [0.16658225844609284, 0.33324636414065023, -9.038264719456216e-05, -8.456474308169585e-05] - [0.1666276885937963, 0.8332931579596079, -4.152892105849683e-05, -3.9016410407003656e-05] - [1.2005297558932939e-05, 1.2372219758375405e-05, 1.270475320604769e-05, 1.2005294566503887e-05]
B1: 0.16669652853288647 - 0.6665697646463924 - 0.166572029569028 - 5.131461070938289e-05
B2: 0.16668721585483767 - 0.6666886079386053 - 0.1666958189508599 - 2.152270329304865e-05
