Number: 2773
Error: 4.145219163986027e-06
A1: [-1.1358127450318298e-05, -1.1029742628401445e-05, -9.400282306983593e-06, -1.1124287967404985e-05] - [0.2083010964008079, 0.3333007436479735, -0.041693788767719175, -3.1206626512637484e-05] - [0.16665275290358827, 0.6666532522711688, 0.1666553573996261, -1.3625239541409263e-05] - [-5.268053491664049e-06, -4.7030848518494446e-06, -4.137903302294304e-06, -5.263565097415382e-06]
A2: [0.16669036625386255, -0.1666422063399577, 2.4807329540860073e-05, 2.36500799326946e-05] - [0.1666945879494002, 0.3333622220732789, 2.8419598889882077e-05, 2.77271727381415e-05] - [0.166650738053715, 0.8333169351414648, -1.715449217910554e-05, -1.597616093773855e-05] - [1.4890096289465553e-05, 1.534519722299761e-05, 1.5757656928499437e-05, 1.4890094206559654e-05]
B1: 0.16662583611405762 - 0.6665688155413784 - 0.16667184435543117 - -1.3205593494258018e-05
B2: 0.16661668522265277 - 0.6665931437961741 - 0.16657935449401653 - -4.877566778513263e-05
