Number: 2409
Error: 3.945940669789931e-06
A1: [-1.0071495628602913e-05, -9.680587963564956e-06, -8.1595072822432e-06, -9.868232305834848e-06] - [0.20830444499041953, 0.3333045721938715, -0.04169024478435544, -2.799276232700148e-05] - [0.1666543436384102, 0.6666548882803932, 0.16665682780501467, -1.2072231771404398e-05] - [-4.575501646335697e-06, -4.084774996930468e-06, -3.5938445905679483e-06, -4.571600087214357e-06]
A2: [0.16668828029851152, -0.16664437773216417, 2.260200300865021e-05, 2.157063176466805e-05] - [0.16669458750449856, 0.33336215042832246, 2.845524951553452e-05, 2.7752248719951008e-05] - [0.1666536379703911, 0.8333199102209793, -1.4068848072672853e-05, -1.3069990501863506e-05] - [1.293674124951503e-05, 1.3332135473233613e-05, 1.3690475865466865e-05, 1.2936738478440738e-05]
B1: 0.1666294613996931 - 0.6665823876669598 - 0.16667435406091052 - -1.3193219165374184e-05
B2: 0.16662079159830373 - 0.6665997973575782 - 0.16658761090295152 - -4.4826987739526395e-05
