Number: 554
Error: 7.894167210854374e-06
A1: [2.076424092272477e-06, 2.0930326928322274e-06, 2.368533409353759e-06, 2.118924258678535e-06] - [0.20834748792594848, 0.33334696420569315, -0.041652401100540325, 1.4340928625285475e-05] - [0.1666698319967142, 0.666669753762109, 0.16666999523782616, 3.2174541492003924e-06] - [-1.04513611135524e-06, -9.328206600234197e-07, -8.204354195286868e-07, -1.044241153503463e-06]
A2: [0.16664877340772713, -0.16668519206753574, -1.917492045288454e-05, -1.7903092642383407e-05] - [0.16658212997459548, 0.3332459098883808, -9.03371149025142e-05, -8.45752245909355e-05] - [0.16664106482321897, 0.8333068820629483, -2.729323702592034e-05, -2.561127535944961e-05] - [2.9769358783723673e-06, 3.0678920855007573e-06, 3.150314890538948e-06, 2.9769342055617054e-06]
B1: 0.16671327119733476 - 0.6666324039531041 - 0.16658347175216284 - 5.136093766937122e-05
B2: 0.16670700932431032 - 0.6667198573491497 - 0.1667341388764924 - 4.0587045430951694e-05
