Number: 1974
Error: 7.096565109951624e-06
A1: [-2.841518544240329e-06, -3.0624849409787456e-06, -2.3577387627193903e-06, -2.679815531990145e-06] - [0.20833483694541466, 0.3333324662982463, -0.04166576315127511, 2.2151853388009014e-06] - [0.1666637287868589, 0.6666634804247603, 0.1666643746518143, -2.738638629035608e-06] - [-3.747943499865405e-06, -3.3459210763022703e-06, -2.943713266253574e-06, -3.744744448898477e-06]
A2: [0.16665694866501726, -0.16667668458276816, -1.0536344444601302e-05, -9.75323800971118e-06] - [0.16658224841752764, 0.33324630274421285, -9.036683192317699e-05, -8.455639102675347e-05] - [0.16662977346956537, 0.8332952969164144, -3.931037978208274e-05, -3.692703101797754e-05] - [1.0599162109147562e-05, 1.092310393789866e-05, 1.1216681075052039e-05, 1.05991589071368e-05]
B1: 0.16669913956911556 - 0.6665795280997847 - 0.1665738223539129 - 5.132495976644133e-05
B2: 0.16669017389064367 - 0.6666934058398747 - 0.16670177686664092 - 2.4367160997701152e-05
