Number: 1864
Error: 7.157394817988553e-06
A1: [-2.4737445403173467e-06, -2.6770030749382744e-06, -2.0062001228168173e-06, -2.3212623262659345e-06] - [0.20833576396527767, 0.3333335335836726, -0.041664786650352455, 3.1015699486240997e-06] - [0.16666418829701277, 0.6666639524068543, 0.16666479536973586, -2.290510882437616e-06] - [-3.5385826310001034e-06, -3.1590018956123175e-06, -2.779241649637959e-06, -3.5355615228230306e-06]
A2: [0.1666563131726488, -0.16667734572589035, -1.1207551959562003e-05, -1.0386762577034405e-05] - [0.16658223314489423, 0.33324626639570504, -9.037024443825847e-05, -8.456394677524536e-05] - [0.16663064734419958, 0.8332961935565533, -3.838026322918065e-05, -3.6051265667888714e-05] - [1.0008779354282292e-05, 1.0314675292739233e-05, 1.0591896401173432e-05, 1.0008776110182994e-05]
B1: 0.16670030819108525 - 0.6665836955034204 - 0.16657463905197367 - 5.140173272916954e-05
B2: 0.16669149237958208 - 0.6666954283820393 - 0.1667042142746501 - 2.5637962664775923e-05
