Number: 121
Error: 2.6513251382766705e-06
A1: [-2.1885003506764643e-06, -1.4183595564312305e-06, -5.924427648576473e-07, -2.1772586099341803e-06] - [0.2083246626413536, 0.3333277515429614, -0.041668909665386285, -8.621220085816976e-06] - [0.16666413296369392, 0.6666649484974604, 0.1666658330727484, -2.519901104417357e-06] - [-2.2174187210746557e-07, -1.976747660289096e-07, -1.7359112271663302e-07, -2.2155197327289147e-07]
A2: [0.1666751418827988, -0.16665805011148002, 8.71947863804172e-06, 8.473120451044187e-06] - [0.16669454691484595, 0.33336167252778554, 2.8661987803507192e-05, 2.7872054350410965e-05] - [0.16667187181114482, 0.833338618498753, 5.3362761251639845e-06, 5.203143435784606e-06] - [6.553886543731331e-07, 6.75382564901884e-07, 6.934980792751847e-07, 6.553882886579505e-07]
B1: 0.16665134897451064 - 0.6666668274940142 - 0.16668927313399773 - -1.401591166136243e-05
B2: 0.1666488113148263 - 0.6666431770282043 - 0.1666403734366037 - -1.7798458922386104e-05
