Number: 1008
Error: 7.635014099179912e-06
A1: [5.134902369944175e-07, 4.549526316683544e-07, 8.685131224050293e-07, 5.940943659876639e-07] - [0.20834348198208236, 0.333342370973624, -0.04165662794222032, 1.0502879349047227e-05] - [0.1666678905824285, 0.6666677587406381, 0.16666820972197646, 1.3230702148558318e-06] - [-1.909321509016229e-06, -1.7043807714083463e-06, -1.4993237891025348e-06, -1.9076882024076775e-06]
A2: [0.16665138514939237, -0.1666824743549755, -1.6415539524018582e-05, -1.5299472714596024e-05] - [0.16658215559819303, 0.3332460223434144, -9.036062496897067e-05, -8.458144594951463e-05] - [0.16663745080669637, 0.8333031739158853, -3.113968264085861e-05, -2.9233092380918798e-05] - [5.4141091400385155e-06, 5.57956185900942e-06, 5.7294974321097636e-06, 5.414106494739827e-06]
B1: 0.16670891893986034 - 0.6666156515976356 - 0.16658052788927633 - 5.151530071252138e-05
B2: 0.16670142054730797 - 0.6667112251281195 - 0.1667236502974908 - 3.519506412672577e-05
