Number: 2834
Error: 6.623488585014e-06
A1: [-5.855984178764968e-06, -6.223209501587594e-06, -5.260923133365678e-06, -5.622061705109666e-06] - [0.20832702866115888, 0.33332352986732416, -0.041674021380723215, -5.274877849098132e-06] - [0.16665999561420186, 0.6666596418318103, 0.16666092889738945, -6.382694662050523e-06] - [-5.3846484359713195e-06, -4.807172027574347e-06, -4.229481838359979e-06, -5.3800613405391385e-06]
A2: [0.16666188602616375, -0.16667154551308572, -5.317342153230922e-06, -4.831261362485455e-06] - [0.16658227837206302, 0.33324650058578015, -9.042316621202141e-05, -8.458677219854822e-05] - [0.16662292740147458, 0.8332882732446485, -4.659537247161961e-05, -4.378788348025898e-05] - [1.5214457182511362e-05, 1.567947112191736e-05, 1.6100916292813785e-05, 1.521445524488937e-05]
B1: 0.16669047400040196 - 0.6665473776266407 - 0.16656782636355236 - 5.1195693933652755e-05
B2: 0.1666803697670931 - 0.6666776631661241 - 0.16668233274372304 - 1.4935863031711368e-05
