Number: 2654
Error: 6.722127386101969e-06
A1: [-5.215050234912394e-06, -5.551103123990839e-06, -4.642157496142876e-06, -4.996252500395799e-06] - [0.208328703259401, 0.33332544285306165, -0.04167224807315049, -3.666921221115587e-06] - [0.1666607870810749, 0.6666604559318309, 0.16666166135015464, -5.609888650529773e-06] - [-5.042097402244738e-06, -4.501343926060372e-06, -3.960380044248796e-06, -5.037800369310754e-06]
A2: [0.1666608554358003, -0.16667261840368028, -6.407052421761703e-06, -5.858631731026059e-06] - [0.16658228073737416, 0.333246467591181, -9.040320114918584e-05, -8.457177793583573e-05] - [0.16662436184528898, 0.833289744834361, -4.506911648433628e-05, -4.2350344908274846e-05] - [1.4248527681404953e-05, 1.4684016939861898e-05, 1.5078699963554395e-05, 1.4248525342004839e-05]
B1: 0.1666922518041092 - 0.6665540753099536 - 0.16656905458985302 - 5.118685439357425e-05
B2: 0.16668238420908935 - 0.6666809517726635 - 0.16668642899634703 - 1.6872271305751326e-05
