Number: 655
Error: 2.9693733369275944e-06
A1: [-3.974675611301598e-06, -3.2886820811825475e-06, -2.2961326937190063e-06, -3.918666127232047e-06] - [0.20832016376034046, 0.33332257865716386, -0.04167363483238047, -1.292283123483369e-05] - [0.16666190418931195, 0.6666626607239011, 0.1666637957904234, -4.693408892180202e-06] - [-1.2379471517221901e-06, -1.1049688754871995e-06, -9.719095118210894e-07, -1.2368873021619653e-06]
A2: [0.16667818963614928, -0.1666548790091453, 1.193839695064757e-05, 1.1511326592858628e-05] - [0.1666944620320188, 0.3333616851993904, 2.851061400323363e-05, 2.7749739277308202e-05] - [0.1666675880283746, 0.8333342230166565, 7.772720315802447e-07, 9.101922807212487e-07] - [3.5222831870786794e-06, 3.6299093555943473e-06, 3.72743913519095e-06, 3.522281256513754e-06]
B1: 0.16664703189484675 - 0.6666478228725047 - 0.16668640800394574 - -1.3033184334369907e-05
B2: 0.16664129255531024 - 0.666632247858019 - 0.16662744158402973 - -2.5085886849534857e-05
