Number: 996
Error: 7.64177380804993e-06
A1: [5.514793148510359e-07, 4.947480858164698e-07, 9.044797602276442e-07, 6.310794882826971e-07] - [0.20834357450506127, 0.33334247829370467, -0.04165653103178526, 1.0590977402967696e-05] - [0.16666793854849177, 0.6666678079409936, 0.16666825320245332, 1.3697964316179295e-06] - [-1.88647962050773e-06, -1.683987083932205e-06, -1.4813794128592954e-06, -1.884865809361316e-06]
A2: [0.1666513154160551, -0.16668254686533124, -1.648912548669121e-05, -1.536899138021192e-05] - [0.16658215287396333, 0.3332460173815842, -9.036193000309282e-05, -8.458332843673557e-05] - [0.1666375460096441, 0.8333032716116795, -3.1038325582144825e-05, -2.913768323716136e-05] - [5.3496928240516114e-06, 5.513176545124155e-06, 5.661327667048546e-06, 5.3496901987397994e-06]
B1: 0.16670904970328104 - 0.6666161091632028 - 0.16658061953166908 - 5.152695341544594e-05
B2: 0.16670157561167911 - 0.6667114503149119 - 0.16672391368028208 - 3.534492652530352e-05
