Number: 2758
Error: 6.6651333440090435e-06
A1: [-5.575785041713542e-06, -5.929310398257902e-06, -4.989007414052241e-06, -5.348257712609199e-06] - [0.20832777431539612, 0.33332437834207584, -0.041673229713513296, -4.557398042682681e-06] - [0.16666033947358178, 0.6666599957913414, 0.16666124892777723, -6.046723506704079e-06] - [-5.240019436825748e-06, -4.6780484172022195e-06, -4.115864876565227e-06, -5.235554780159155e-06]
A2: [0.16666145259324286, -0.1666719968869892, -5.7759029792118005e-06, -5.263334734667156e-06] - [0.16658228389924726, 0.3332464909695535, -9.041064713837203e-05, -8.457591276459617e-05] - [0.16662353361688387, 0.8332888951180204, -4.595044511386198e-05, -4.318036137386076e-05] - [1.4806624111536662e-05, 1.5259172215749562e-05, 1.566931788337272e-05, 1.4806621995411199e-05]
B1: 0.16669119298738178 - 0.6665501754933663 - 0.16656831652023035 - 5.116029783631303e-05
B2: 0.16668118735463708 - 0.6666790486166997 - 0.16668409072421247 - 1.572050431431121e-05
