Number: 724
Error: 7.79621187438175e-06
A1: [1.4930374373844582e-06, 1.4816916033244262e-06, 1.8090739755709242e-06, 1.5498039662718029e-06] - [0.20834599558862227, 0.3333452526784896, -0.04165397471031768, 1.291145217700365e-05] - [0.16666910701215062, 0.6666690088792488, 0.16666932898164297, 2.5100785533657483e-06] - [-1.3687358407850658e-06, -1.221736815664411e-06, -1.074649521036581e-06, -1.3675642153426462e-06]
A2: [0.16664974998550233, -0.16668417587342066, -1.814318457827542e-05, -1.6929556050041688e-05] - [0.1665821332024126, 0.3332459453931393, -9.035274178853963e-05, -8.458392088144807e-05] - [0.16663970977052978, 0.8333054917093233, -2.8735424857360598e-05, -2.6969248802241405e-05] - [3.889553768071069e-06, 4.008405793438985e-06, 4.116108951759815e-06, 3.889551679729381e-06]
B1: 0.16671169247994067 - 0.6666261764764345 - 0.16658240941845473 - 5.146968703903159e-05
B2: 0.16670486364233444 - 0.6667165782608543 - 0.16673017140892263 - 3.851505277866919e-05
