Number: 1856
Error: 7.1618409813357665e-06
A1: [-2.4404591326953524e-06, -2.642062831895004e-06, -1.97336164943854e-06, -2.28865378742538e-06] - [0.20833585771942525, 0.33333363901672003, -0.04166468634266636, 3.192343591948075e-06] - [0.16666422832362077, 0.6666639937113091, 0.16666483331649345, -2.2513184160543556e-06] - [-3.523357846968673e-06, -3.14540932348063e-06, -2.767281736126884e-06, -3.5203496820436065e-06]
A2: [0.16665626807149228, -0.16667739274764226, -1.1255363617341921e-05, -1.0431720622554564e-05] - [0.16658223494917115, 0.33324626652218126, -9.036787537410596e-05, -8.45615812796725e-05] - [0.16663071123939377, 0.8332962590899976, -3.831231357188461e-05, -3.5987232970517694e-05] - [9.9658418564148e-06, 1.0270425357069914e-05, 1.0546456935735621e-05, 9.965838610352603e-06]
B1: 0.16670037148316372 - 0.6665839778581679 - 0.16657467868583292 - 5.138559974051288e-05
B2: 0.1666915661714535 - 0.6666955737626327 - 0.16670441132939232 - 2.5708287097690855e-05
