Number: 2853
Error: 4.1888426282499625e-06
A1: [-1.1619037141894649e-05, -1.1303165067815482e-05, -9.648657970396425e-06, -1.1378498739015258e-05] - [0.20830044850681342, 0.33329999521512343, -0.041694469717909056, -3.1824995280361035e-05] - [0.16665242538452904, 0.6666529160427289, 0.16665505880619816, -1.3944488425433068e-05] - [-5.420262322328738e-06, -4.838977555608072e-06, -4.257478610844044e-06, -5.4156450818892065e-06]
A2: [0.16669082810696384, -0.16664172589484802, 2.529503780274321e-05, 2.411050272386017e-05] - [0.16669459655709215, 0.3333622458428867, 2.8419273273615095e-05, 2.7730170652314227e-05] - [0.16665010153516124, 0.8333162820448691, -1.7831951513752812e-05, -1.661405419904201e-05] - [1.5319375375222378e-05, 1.578759775384171e-05, 1.6211951260448082e-05, 1.5319373483347287e-05]
B1: 0.16662496841708202 - 0.6665657640929447 - 0.16667122647791996 - -1.3279319873721836e-05
B2: 0.1666157091637731 - 0.6665916760692955 - 0.16657760641367983 - -4.971706073553777e-05
