Number: 1875
Error: 3.6521111566870983e-06
A1: [-8.227279940268828e-06, -7.74707748882904e-06, -6.3874326929278344e-06, -8.068833424924856e-06] - [0.20830918291810313, 0.33331000441981645, -0.04168523986114676, -2.3452319339781183e-05] - [0.16665663353265983, 0.666657242129153, 0.16665893621858974, -9.837646811547357e-06] - [-3.5594536861231415e-06, -3.177641616058253e-06, -2.795649289308266e-06, -3.5564148251362616e-06]
A2: [0.16668520848571522, -0.16664757452585582, 1.9355816897240346e-05, 1.8508365591693268e-05] - [0.16669455139721384, 0.3333620108267403, 2.8474099288277658e-05, 2.7753580467201842e-05] - [0.16665788604149157, 0.8333242686759884, -9.548064194124175e-06, -8.812746022449304e-06] - [1.0070884071894019e-05, 1.037867933542092e-05, 1.0657621944485724e-05, 1.0070880828701866e-05]
B1: 0.16663493265908916 - 0.6666024334238094 - 0.16667815188760177 - -1.3022298097312702e-05
B2: 0.16662697817672928 - 0.6666095855825258 - 0.16659960793859765 - -3.887175931371808e-05
