Number: 1120
Error: 7.571968679788714e-06
A1: [1.1905754259061721e-07, 4.1410638909420295e-08, 4.884574059331398e-07, 2.0907004855308204e-07] - [0.20834245782397826, 0.33334119965266906, -0.041657711160715226, 9.520174125165221e-06] - [0.16666740258955692, 0.6666672569558669, 0.16666775905096512, 8.466876852902816e-07] - [-2.1225038371702827e-06, -1.8947128471432171e-06, -1.6667955516769842e-06, -2.120688633194715e-06]
A2: [0.16665202933157972, -0.1666818039109066, -1.573469631025387e-05, -1.4657294120774751e-05] - [0.16658216391242894, 0.33324605245555344, -9.036368433760097e-05, -8.458098801871767e-05] - [0.16663656034876337, 0.8333022603050259, -3.20873463281297e-05, -3.0125474847994557e-05] - [6.015322083724676e-06, 6.199151879384401e-06, 6.365742214620332e-06, 6.0153192672211564e-06]
B1: 0.16670782248065763 - 0.6666114996537138 - 0.16657978586548336 - 5.1530649671244905e-05
B2: 0.16670011542214028 - 0.6667091411602531 - 0.16672107863274999 - 3.393848809214011e-05
