Number: 2188
Error: 6.97837897181819e-06
A1: [-3.594011013681635e-06, -3.8515070043095676e-06, -3.0828065744342737e-06, -3.4143342228405535e-06] - [0.20833288439579417, 0.3333302324897352, -0.041667828722699696, 3.418316591162337e-07] - [0.16666279742824058, 0.666662522700181, 0.16666351455405806, -3.647818143496608e-06] - [-4.155229786907275e-06, -3.7095476720812562e-06, -3.2636702009302583e-06, -4.151684824049915e-06]
A2: [0.16665817808845018, -0.1666754049443732, -9.236795818260423e-06, -8.527642826376e-06] - [0.16658225946962193, 0.3332463556267625, -9.03771492067545e-05, -8.45603520689335e-05] - [0.16662807093249396, 0.8332935501909259, -4.112212561256024e-05, -3.8633246589483026e-05] - [1.17476901078819e-05, 1.210673821653881e-05, 1.2432134712807242e-05, 1.1747687065535758e-05]
B1: 0.1666969881076891 - 0.6665715356607662 - 0.16657234140644955 - 5.1297712692183555e-05
B2: 0.16668773808036894 - 0.6666894849130665 - 0.16669692709147163 - 2.2024121175172508e-05
