Number: 367
Error: 2.8015572163754345e-06
A1: [-3.011237359707667e-06, -2.2794889507959203e-06, -1.3764344043282455e-06, -2.979372387339616e-06] - [0.20832259151210972, 0.3333253713113741, -0.041671082244430585, -1.0601474010611011e-05] - [0.16666310680849905, 0.6666638954850483, 0.16666489578154123, -3.5205965732425724e-06] - [-6.898838327907952e-07, -6.156448626785743e-07, -5.413578378793367e-07, -6.892928590612476e-07]
A2: [0.1666765367801173, -0.16665659861600882, 1.0192799317462669e-05, 9.863619615694951e-06] - [0.16669446971416296, 0.3333616393679979, 2.855245542413202e-05, 2.7777609893743244e-05] - [0.16666988851211936, 0.8333365835199658, 3.22577060000764e-06, 3.215620965605073e-06] - [1.976150691021336e-06, 2.036516317510911e-06, 2.0912171164899825e-06, 1.9761495387811676e-06]
B1: 0.16664962516940052 - 0.6666583071285427 - 0.16668815760856026 - -1.329842462971806e-05
B2: 0.16664513788553115 - 0.6666379347511578 - 0.1666342117823726 - -2.1365320900600075e-05
