Number: 2723
Error: 4.117894374016436e-06
A1: [-1.118008017877045e-05, -1.084303349931167e-05, -9.228386572267764e-06, -1.095044190737908e-05] - [0.20830156166033337, 0.3333012751328985, -0.041693296072836235, -3.0759878120816405e-05] - [0.16665297273683413, 0.6666534783980942, 0.16665556085423966, -1.3410589709562244e-05] - [-5.172924493605861e-06, -4.618153958114417e-06, -4.063171441490992e-06, -5.1685166500578555e-06]
A2: [0.16669008008404587, -0.16664250425643026, 2.450473992146781e-05, 2.336480394827491e-05] - [0.16669458899879439, 0.33336221331339727, 2.8425545674563816e-05, 2.7731727781619254e-05] - [0.16665113659073083, 0.8333173439994772, -1.6730450578236425e-05, -1.5576764852473336e-05] - [1.4621785564193181e-05, 1.5068685265589541e-05, 1.5473711098135662e-05, 1.4621783369155096e-05]
B1: 0.16662632944490677 - 0.6665706757626199 - 0.1666721856173898 - -1.3208538820295659e-05
B2: 0.1666172443267321 - 0.6665940568831245 - 0.1665804920734065 - -4.8238224994513304e-05
