Number: 1023
Error: 3.1780797405494786e-06
A1: [-5.244580744084448e-06, -4.619759571304048e-06, -3.5155694845739636e-06, -5.157683319850404e-06] - [0.20831690379058895, 0.33331884165801917, -0.0416770758591121, -1.60467020776088e-05] - [0.16666032757204857, 0.6666610403737206, 0.166662344971209, -6.23190320702097e-06] - [-1.9382337098781103e-06, -1.7301977939015303e-06, -1.5220441031361017e-06, -1.9365757133269366e-06]
A2: [0.16668030691456945, -0.16665267578869752, 1.4175465748996647e-05, 1.3622025962967964e-05] - [0.16669448510569188, 0.3333617788063442, 2.8494267529090517e-05, 2.7747016598560597e-05] - [0.16666465957639198, 0.8333312182982203, -2.3394898306445065e-06, -2.024578655642794e-06] - [5.497762823682885e-06, 5.66577316431932e-06, 5.818026665079332e-06, 5.497760150677537e-06]
B1: 0.16664346677702174 - 0.6666342095138414 - 0.16668398968255016 - -1.2945429004555058e-05
B2: 0.1666368174691609 - 0.6666252957982874 - 0.1666189734010686 - -2.9401556569380385e-05
