Number: 693
Error: 2.9911684049623798e-06
A1: [-4.11518991580621e-06, -3.436021516467648e-06, -2.432451866175974e-06, -4.0559818858217524e-06] - [0.20831978939783552, 0.33332215298378215, -0.04167403199402598, -1.328310383286812e-05] - [0.166661731929415, 0.666662483431568, 0.16666363548838728, -4.861723023197313e-06] - [-1.3102603623779958e-06, -1.1695313484213807e-06, -1.0287171778799996e-06, -1.3091386982272325e-06]
A2: [0.16667840628641464, -0.16665465341649185, 1.2167558204999602e-05, 1.1727297566731253e-05] - [0.1666944586054691, 0.33336168921897746, 2.8503459618581822e-05, 2.77436492941429e-05] - [0.16666728472357195, 0.8333339118503647, 4.5455300182947473e-07, 6.062350774284812e-07] - [3.726285351891824e-06, 3.840147225961635e-06, 3.943328081343874e-06, 3.726283331279509e-06]
B1: 0.16664670790185437 - 0.6666464585727208 - 0.16668619703247406 - -1.2979958347652862e-05
B2: 0.16664085149148425 - 0.6666315218726013 - 0.1666265283325882 - -2.5510491542837837e-05
