Number: 1365
Error: 3.369338295792284e-06
A1: [-6.434619902389927e-06, -5.867401495947365e-06, -4.660216989894356e-06, -6.319008283426955e-06] - [0.2083138338828608, 0.3333153254368741, -0.04168032002160982, -1.8990090003668926e-05] - [0.1666588521267545, 0.666659523550008, 0.16666098495244888, -7.671911321457206e-06] - [-2.589022096639824e-06, -2.3112310868038303e-06, -2.0332935025142634e-06, -2.5868091500482054e-06]
A2: [0.16668227609456482, -0.16665062653567778, 1.6256375721050214e-05, 1.558509182732043e-05] - [0.1666945160959046, 0.33336187605596634, 2.8490012926073155e-05, 2.775403221317934e-05] - [0.16666194121913874, 0.8333284292118815, -5.232566572525248e-06, -4.7488090478292966e-06] - [7.33353997274748e-06, 7.557664006738651e-06, 7.760772856241922e-06, 7.333536876036256e-06]
B1: 0.1666400449744269 - 0.6666214596734916 - 0.1666816536037412 - -1.2972394203853192e-05
B2: 0.16663281332231242 - 0.6666189578582458 - 0.16661119241781538 - -3.325754851968589e-05
