Number: 2450
Error: 6.834145619894917e-06
A1: [-4.4982272108788795e-06, -4.799487259967897e-06, -3.951532184684035e-06, -4.296562027776922e-06] - [0.20833056257660076, 0.33332757017919407, -0.04167028121682181, -1.883095156240606e-06] - [0.1666616744075159, 0.6666613683660325, 0.166662480703684, -4.743702653121302e-06] - [-4.653862153172776e-06, -4.154727936663505e-06, -3.65538878103841e-06, -4.649894151800626e-06]
A2: [0.16665968507925594, -0.16667383662146915, -7.644247308129562e-06, -7.02533893587704e-06] - [0.16658227642191165, 0.33324642341169297, -9.03871329794027e-05, -8.456178093296316e-05] - [0.16662598637928444, 0.8332914114924864, -4.3340476104399586e-05, -4.072230374717034e-05] - [1.3153767643453505e-05, 1.3555794286841646e-05, 1.3920146277070447e-05, 1.3153764936410528e-05]
B1: 0.16669430046750208 - 0.6665616964849782 - 0.16657047350156087 - 5.121064778798362e-05
B2: 0.1666847017812971 - 0.6666846835429302 - 0.16669104460623974 - 1.9101405029972485e-05
