Number: 2869
Error: 4.197600943338171e-06
A1: [-1.1685597612496589e-05, -1.137303551971859e-05, -9.714326168111963e-06, -1.14437056495041e-05] - [0.20830026101798357, 0.3332997843660924, -0.04169467032142654, -3.2006523601228433e-05] - [0.16665234535350587, 0.6666528334536466, 0.16665498292823852, -1.4022851513413116e-05] - [-5.450701846689297e-06, -4.866153358853798e-06, -4.281390471608955e-06, -5.4460588449487705e-06]
A2: [0.1666909180153055, -0.16664163214676428, 2.539036680398195e-05, 2.4200125111328404e-05] - [0.16669459182663945, 0.3333622444640654, 2.8413414139450734e-05, 2.772431865188528e-05] - [0.16664997347801846, 0.8333161507106981, -1.796811689183837e-05, -1.6742386188105624e-05] - [1.540523809527112e-05, 1.587608495102089e-05, 1.6302817397881966e-05, 1.5405236243326096e-05]
B1: 0.16662484219108686 - 0.6665651989530141 - 0.16667114589180956 - -1.3246712313383762e-05
B2: 0.16661556298362543 - 0.6665913867346535 - 0.16657721371004683 - -4.98563123048362e-05
