Number: 3050
Error: 6.505489296512283e-06
A1: [-6.58674835114643e-06, -6.989223965086599e-06, -5.960775125217712e-06, -6.3347133064224444e-06] - [0.20832517363060335, 0.3333213974500002, -0.04167597751512303, -7.050087307347321e-06] - [0.1666590846192025, 0.6666587058537793, 0.1666600930673772, -7.271334505720006e-06] - [-5.795712962961018e-06, -5.174169810694792e-06, -4.552410616017064e-06, -5.79077809871928e-06]
A2: [0.16666312849374254, -0.16667025261156387, -4.004598027663649e-06, -3.5926577849958877e-06] - [0.16658228961433133, 0.3332465534013106, -9.043480089171609e-05, -8.459068510423912e-05] - [0.16662120732169405, 0.83328650848598, -4.8425840024611494e-05, -4.551167722319838e-05] - [1.6373527894151092e-05, 1.6873970075131574e-05, 1.7327529224694198e-05, 1.637352653437316e-05]
B1: 0.166688217286145 - 0.6665392205823377 - 0.16656623597913497 - 5.108281122754968e-05
B2: 0.1666778235334771 - 0.6666737075181529 - 0.16667753407626115 - 1.2483277135867785e-05
