Number: 1581
Error: 3.4893807226897298e-06
A1: [-7.189710480155557e-06, -6.659105010129262e-06, -5.387106681776267e-06, -7.055960733493305e-06] - [0.2083118808267255, 0.3333130895660278, -0.04168238500610119, -2.086322652437941e-05] - [0.16665791669449764, 0.6666585617523632, 0.16666012195147276, -8.584959858838616e-06] - [-3.0000348627228076e-06, -2.6781879516828022e-06, -2.3561788548442256e-06, -2.9974718781562487e-06]
A2: [0.1666835191078213, -0.1666493328994498, 1.7570058460074028e-05, 1.682424356525702e-05] - [0.16669453415105898, 0.33336193612755166, 2.8486146333919698e-05, 2.7756945067730694e-05] - [0.1666602242429107, 0.8333266675970611, -7.059828877992116e-06, -6.4694949528249635e-06] - [8.492916341280137e-06, 8.75247860118825e-06, 8.987705706350067e-06, 8.492913111316579e-06]
B1: 0.16663787066220304 - 0.6666133938268909 - 0.16668016443328929 - -1.3002616399025689e-05
B2: 0.16663032121641524 - 0.6666149806814559 - 0.16660629205182298 - -3.56560818718747e-05
