Number: 409
Error: 2.826449061965985e-06
A1: [-3.157008130446367e-06, -2.4321893323755694e-06, -1.5163400368343954e-06, -3.121617022306127e-06] - [0.20832221634696335, 0.3333249418851925, -0.041671477705743774, -1.0961103080396235e-05] - [0.16666292615235273, 0.6666637098760088, 0.1666647295616627, -3.6969007671204778e-06] - [-7.69810354119887e-07, -6.870051721068012e-07, -6.041468694850159e-07, -7.691509590745941e-07]
A2: [0.16667677597706407, -0.1666563496639276, 1.0445567280843366e-05, 1.0102065696162668e-05] - [0.16669446228656712, 0.3333616397660335, 2.8540106855636137e-05, 2.7767238338249155e-05] - [0.16666955172631479, 0.8333362379717794, 2.867384052430989e-06, 2.8781140887668103e-06] - [2.201638679293478e-06, 2.268896787112956e-06, 2.329843699150326e-06, 2.201637403393325e-06]
B1: 0.1666492924709893 - 0.666656819716091 - 0.16668794008237894 - -1.3214260835172633e-05
B2: 0.16664457269982594 - 0.6666370847828736 - 0.16663318680720896 - -2.191231314679173e-05
