Number: 2987
Error: 4.261905628429547e-06
A1: [-1.2086612860203388e-05, -1.17934143965833e-05, -1.009866865109236e-05, -1.1834824606007348e-05] - [0.20829924023131194, 0.3332986116278989, -0.041695747179476085, -3.2983698455997126e-05] - [0.1666518459228658, 0.6666523202588753, 0.16665452432630795, -1.4510068242651523e-05] - [-5.6752050147173065e-06, -5.066589721607287e-06, -4.457758726662064e-06, -5.670372068003949e-06]
A2: [0.1666915962356523, -0.1666409263675504, 2.6107003300378135e-05, 2.4876235874108592e-05] - [0.1666945963377967, 0.33336227169631194, 2.8405486783412797e-05, 2.772055572912499e-05] - [0.16664903353694413, 0.8333151863600666, -1.896835629775966e-05, -1.7684354922491705e-05] - [1.6038419619233174e-05, 1.6528620401902857e-05, 1.6972896221390235e-05, 1.6038418079375584e-05]
B1: 0.1666236166036398 - 0.6665607492361625 - 0.16667028253772398 - -1.33011597240191e-05
B2: 0.16661417884440555 - 0.6665892269654328 - 0.16657458721533472 - -5.1189323958661316e-05
