Number: 1700
Error: 7.248323658031915e-06
A1: [-1.899254597093765e-06, -2.074643994359173e-06, -1.4529806952321601e-06, -1.760545015822806e-06] - [0.20833725147180085, 0.33333523612347604, -0.041663213557126294, 4.5283916292008516e-06] - [0.16666489983369884, 0.6666646840209135, 0.16666545203344726, -1.595970046578319e-06] - [-3.2264464854623026e-06, -2.880324684063687e-06, -2.5340330807710223e-06, -3.223690835977821e-06]
A2: [0.16665536984031265, -0.16667832752168205, -1.2204583883223286e-05, -1.1327161103843707e-05] - [0.16658222076554133, 0.33324622201604887, -9.036612648385321e-05, -8.456482117998279e-05] - [0.1666319512635237, 0.8332975313482115, -3.699263427519983e-05, -3.474452759155911e-05] - [9.128548981217561e-06, 9.40753941948694e-06, 9.66037486700259e-06, 9.128545724823608e-06]
B1: 0.16670196375248886 - 0.6665898249630797 - 0.16657577578898472 - 5.14293583403978e-05
B2: 0.1666933715625201 - 0.6666984388269441 - 0.16670792929914852 - 2.744605187295272e-05
