Number: 2709
Error: 4.110202744235966e-06
A1: [-1.111584820136553e-05, -1.0775568642318853e-05, -9.164262296543622e-06, -1.0887400055949345e-05] - [0.20830174984319338, 0.3333014851116053, -0.041693093704167176, -3.0576933867943845e-05] - [0.16665304881781193, 0.6666535570575582, 0.16665563398128222, -1.3335974010261243e-05] - [-5.146290243028533e-06, -4.594375667921572e-06, -4.042249390403059e-06, -5.141904954915778e-06]
A2: [0.166690002394842, -0.1666425853561364, 2.442220341569944e-05, 2.3287364910059044e-05] - [0.16669459565308284, 0.33336221690159507, 2.8432912933005263e-05, 2.7739363233619073e-05] - [0.16665124891193042, 0.8333174591719261, -1.661106810251927e-05, -1.546420321563065e-05] - [1.4546650436049757e-05, 1.499125356398699e-05, 1.539419771366038e-05, 1.4546648210603806e-05]
B1: 0.16662642038161787 - 0.666571151526685 - 0.1666722381616889 - -1.3256599937689245e-05
B2: 0.16661735186770027 - 0.6665943083604843 - 0.16658085370692596 - -4.8136744628798334e-05
