Number: 2429
Error: 3.956916142651186e-06
A1: [-1.0142719779276785e-05, -9.755277068034611e-06, -8.228270906617361e-06, -9.93777590992578e-06] - [0.2083042588692186, 0.33330435958249455, -0.04169044187887873, -2.817147891379855e-05] - [0.1666542557000586, 0.6666547978245938, 0.16665674641886352, -1.2158096632674421e-05] - [-4.613554565872963e-06, -4.118748661857284e-06, -3.6237383541498326e-06, -4.609620737607418e-06]
A2: [0.16668839487695988, -0.16664425845491693, 2.2723149344775535e-05, 2.1684852678638608e-05] - [0.16669458750234334, 0.33336215434959493, 2.845328712890394e-05, 2.7750844364837554e-05] - [0.16665347865811475, 0.8333197467801605, -1.4238362484238682e-05, -1.3229646367676001e-05] - [1.3044072234545186e-05, 1.3442747168262429e-05, 1.3804061207325761e-05, 1.3044069493543336e-05]
B1: 0.16662926394536548 - 0.6665816437507255 - 0.16667421805477906 - -1.3192157670069389e-05
B2: 0.16662056745635964 - 0.6665994316109746 - 0.16658715534777335 - -4.504246534718618e-05
