Number: 2069
Error: 3.759055613821622e-06
A1: [-8.884645848199628e-06, -8.436174073780674e-06, -7.017169167931557e-06, -8.709929389705146e-06] - [0.20830751253233035, 0.33330808466127704, -0.04168700151641715, -2.5051007755357145e-05] - [0.1666558143865132, 0.6666564004672734, 0.16665818444416747, -1.0636710942066778e-05] - [-3.928587145962409e-06, -3.507207175831579e-06, -3.0856370234314763e-06, -3.925234623017112e-06]
A2: [0.16668632717462276, -0.1666464105380827, 2.0537634941981245e-05, 1.9623586150241305e-05] - [0.16669457225183784, 0.3333620689978525, 2.8474402490097294e-05, 2.7760833585714552e-05] - [0.16665634390329437, 0.8333226864010643, -1.1189349735007773e-05, -1.0358216765780833e-05] - [1.1112065122935886e-05, 1.1451685625997872e-05, 1.1759473441056108e-05, 1.1112061977238789e-05]
B1: 0.16663290276744777 - 0.6665951120316668 - 0.1666767368110305 - -1.312660709759474e-05
B2: 0.166624684956326 - 0.6666060232924723 - 0.16659528476625077 - -4.108092874045861e-05
