Number: 1534
Error: 7.340581536757137e-06
A1: [-1.3223834206938282e-06, -1.4698281953468191e-06, -8.981695105392117e-07, -1.19761023885235e-06] - [0.208338738464133, 0.3333369397047043, -0.04166164207106412, 5.953976318566705e-06] - [0.1666656153667625, 0.6666654196087011, 0.16666611148652175, -8.97636121457561e-07] - [-2.9104972778489202e-06, -2.5982424623107307e-06, -2.2858288307476776e-06, -2.9080105309232606e-06]
A2: [0.1666544138573441, -0.16667932239586972, -1.3214835669323077e-05, -1.2280174477673406e-05] - [0.1665822048708427, 0.33324617384586463, -9.036508525500215e-05, -8.456907087285805e-05] - [0.16663327053146837, 0.8332988849172497, -3.558860401818559e-05, -3.3422406678717414e-05] - [8.237556376267438e-06, 8.48931229499572e-06, 8.717464288811171e-06, 8.237553168913102e-06]
B1: 0.16670365224695044 - 0.6665960403577358 - 0.16657693588118638 - 5.1470056680187555e-05
B2: 0.1666952939846109 - 0.6667014918442886 - 0.16671168022189412 - 2.9296513651305082e-05
