Number: 2014
Error: 7.074444654778472e-06
A1: [-2.9839665014131633e-06, -3.2118615649359752e-06, -2.4952618092979806e-06, -2.8189021547180038e-06] - [0.20833446475424872, 0.33333204113022996, -0.04166615727758809, 1.8578041479762717e-06] - [0.16666355288707072, 0.6666632994951279, 0.1666642118689702, -2.910390990917925e-06] - [-3.824072036272244e-06, -3.413888889097315e-06, -3.003518345498848e-06, -3.820808303314404e-06]
A2: [0.16665717821406517, -0.16667644563258224, -1.0293656927221007e-05, -9.524404522655426e-06] - [0.1665822498970153, 0.33324631208205524, -9.036926579289468e-05, -8.455771769961508e-05] - [0.1666294551971491, 0.833294970389175, -3.9649055391719056e-05, -3.724599098392214e-05] - [1.0813843824254704e-05, 1.1144347687977347e-05, 1.1443872419037191e-05, 1.081384064426674e-05]
B1: 0.1666987433219723 - 0.6665780399651526 - 0.16657355122185852 - 5.132576968938871e-05
B2: 0.1666897243935291 - 0.6666926731564805 - 0.1667008646659019 - 2.393500384490563e-05
