Number: 1898
Error: 7.138588884093187e-06
A1: [-2.5852428254579e-06, -2.7938523292952535e-06, -2.1124354437594474e-06, -2.429912620310898e-06] - [0.20833548620274747, 0.33333321295921814, -0.041665078721269205, 2.8363590402915074e-06] - [0.1666640484673189, 0.6666638088458704, 0.1666646677778071, -2.4268244594249616e-06] - [-3.6032949237167552e-06, -3.216777690893882e-06, -2.8300790767475868e-06, -3.6002188048931127e-06]
A2: [0.1666565099904571, -0.16667714099807593, -1.0999732754040056e-05, -1.019055299910086e-05] - [0.16658223891445334, 0.33324627863091205, -9.036824086075623e-05, -8.456056242491915e-05] - [0.16663037736986383, 0.8332959165396865, -3.866763360255662e-05, -3.6321824399366176e-05] - [1.0191262581841927e-05, 1.0502736385456294e-05, 1.078501301482894e-05, 1.0191259347854354e-05]
B1: 0.16669993982259712 - 0.6665824006152111 - 0.16657438021910653 - 5.137084000152258e-05
B2: 0.1666910772958708 - 0.6666948024720822 - 0.16670346729609084 - 2.523761883689746e-05
