Number: 1027
Error: 3.1803643338588475e-06
A1: [-5.273220265357109e-06, -4.649899073502952e-06, -3.545330252945979e-06, -5.185972889580695e-06] - [0.20831680860259164, 0.33331873792200184, -0.041677179739617466, -1.614035351691525e-05] - [0.16666029544104471, 0.6666610069234263, 0.16666231251999564, -6.263605485934727e-06] - [-1.945845061147887e-06, -1.7369928879488173e-06, -1.5280225736834752e-06, -1.944180569280611e-06]
A2: [0.16668032743825242, -0.16665265420448852, 1.4197551267757798e-05, 1.3642478242632466e-05] - [0.1666944789081902, 0.3333617737095473, 2.848832914765473e-05, 2.7740539114710504e-05] - [0.1666646270217523, 0.833331184955555, -2.374006694919858e-06, -2.0572018820655225e-06] - [5.519242356028803e-06, 5.687909245376574e-06, 5.840757759452012e-06, 5.519239676600512e-06]
B1: 0.16664347548286007 - 0.6666341069325769 - 0.16668400672286923 - -1.2896976174823477e-05
B2: 0.1666368204706685 - 0.6666252256207241 - 0.16661883793498164 - -2.9396825850633635e-05
