Number: 1202
Error: 7.525953003803566e-06
A1: [-1.6837151768451767e-07, -2.599421427648949e-07, 2.1168793534493552e-07, -7.147209153380329e-08] - [0.20834171341183808, 0.3333403477677986, -0.0416584982716522, 8.806106089253125e-06] - [0.16666704666387766, 0.6666668910012843, 0.16666743058681205, 4.99261000338025e-07] - [-2.2785822756669235e-06, -2.034061674169961e-06, -1.7894077450765032e-06, -2.2766339576715885e-06]
A2: [0.16665250129414227, -0.16668131272698924, -1.5235905641491029e-05, -1.4186798473409447e-05] - [0.16658217105779624, 0.33324607555200164, -9.03648854511575e-05, -8.4579594661722e-05] - [0.1666359086017753, 0.8333015916086927, -3.278097311304221e-05, -3.077863091610792e-05] - [6.455488205921696e-06, 6.6527724008592945e-06, 6.831556296472993e-06, 6.455485281666955e-06]
B1: 0.16670700905045896 - 0.6666084497775432 - 0.1665792331045454 - 5.153121713044148e-05
B2: 0.16669916087222825 - 0.666707620549967 - 0.16671920532965473 - 3.301948341498651e-05
