Number: 2499
Error: 3.995302114745592e-06
A1: [-1.03919970572322e-05, -1.0016681996118857e-05, -8.468937125422693e-06, -1.0181171308243454e-05] - [0.20830360747071267, 0.3333036154669243, -0.04169113168732027, -2.8796961361627194e-05] - [0.1666539479221669, 0.6666544812353103, 0.16665646157268926, -1.2458617371478475e-05] - [-4.746739165716293e-06, -4.237655876026894e-06, -3.728366049916758e-06, -4.742692418659185e-06]
A2: [0.1666887958677077, -0.16664384101806098, 2.3147128422308565e-05, 2.2084592056957572e-05] - [0.16669458737273507, 0.33336216795367424, 2.844630023286726e-05, 2.7745807028333307e-05] - [0.1666529210358617, 0.8333191747084779, -1.4831691319509292e-05, -1.3788471202337183e-05] - [1.3419727449560772e-05, 1.3829884763078947e-05, 1.4201606518648695e-05, 1.3419724820976537e-05]
B1: 0.16662857240404022 - 0.6665790395124833 - 0.16667374140625793 - -1.3188895780133321e-05
B2: 0.16661978356532803 - 0.6665981521204667 - 0.16658556154315965 - -4.5796031120001466e-05
