Number: 1358
Error: 7.438692698287546e-06
A1: [-7.098099158697326e-07, -8.275823368576791e-07, -3.0889784761861616e-07, -5.998138425261004e-07] - [0.20834031882537882, 0.3333387498796638, -0.041659971775574976, 7.469226401365367e-06] - [0.16666637495283784, 0.6666662005025731, 0.16666681170095612, -1.5628673075454587e-07] - [-2.5755091510549466e-06, -2.2991615986522194e-06, -2.0226681559304482e-06, -2.5733077321602147e-06]
A2: [0.1666534001629582, -0.166680377327414, -1.4286073849147353e-05, -1.3290720371667635e-05] - [0.16658218745386702, 0.33324612221098293, -9.036454252110281e-05, -8.457414161144209e-05] - [0.1666346690943683, 0.8333003198510232, -3.410016643811949e-05, -3.2020819120083016e-05] - [7.292859195694181e-06, 7.5157389808845856e-06, 7.717720130399211e-06, 7.292856107773807e-06]
B1: 0.16670543368036234 - 0.6666026209264562 - 0.16657815599291512 - 5.150440716787292e-05
B2: 0.16669733626175565 - 0.6667047357226582 - 0.1667156670834203 - 3.126249660964861e-05
