Number: 2673
Error: 4.090553119991944e-06
A1: [-1.1002031519047586e-05, -1.065632284875411e-05, -9.056489309220216e-06, -1.0776594482225186e-05] - [0.20830202692424296, 0.3333018066224019, -0.04169280337350437, -3.0313125404021175e-05] - [0.16665319257150732, 0.6666537045264792, 0.1666557643100788, -1.3195938497269591e-05] - [-5.077794987037621e-06, -4.533222560609342e-06, -3.988439186242038e-06, -5.073467712761147e-06]
A2: [0.16668979386986005, -0.16664280221737215, 2.4202105854936534e-05, 2.307948359531031e-05] - [0.16669458987981686, 0.333362204385052, 2.843132419848613e-05, 2.7736114430831747e-05] - [0.16665153508632186, 0.8333177528160683, -1.6306450383489055e-05, -1.517741020647086e-05] - [1.4353472300310994e-05, 1.4792170687235715e-05, 1.518976260980725e-05, 1.4353469998744648e-05]
B1: 0.1666268228872192 - 0.6665725359759568 - 0.16667252673986915 - -1.3211374767140396e-05
B2: 0.16661780357372377 - 0.6665949701159187 - 0.1665816298017059 - -4.770063922692411e-05
