Number: 577
Error: 2.9244793099873316e-06
A1: [-3.7151145897091314e-06, -3.0167537737926996e-06, -2.048466705923712e-06, -3.665642904388726e-06] - [0.20832081589645085, 0.3333233295071937, -0.0416729491127481, -1.2299505159932807e-05] - [0.1666622285820751, 0.6666629937892637, 0.16666409232402304, -4.377087448076094e-06] - [-1.0895142403040265e-06, -9.724445801788327e-07, -8.55302391912819e-07, -1.0885813100653763e-06]
A2: [0.1666777405035764, -0.1666553462405194, 1.1464109779835102e-05, 1.1063588564669372e-05] - [0.16669445826249016, 0.33336166683874197, 2.851591582066214e-05, 2.775143756973568e-05] - [0.1666682096457912, 0.8333348608612177, 1.4389245102999895e-06, 1.5331490073276563e-06] - [3.1035511476429994e-06, 3.1983779676739866e-06, 3.284308466187759e-06, 3.1035494114039168e-06]
B1: 0.1666477765479363 - 0.6666507002676313 - 0.16668691540765868 - -1.30627333391432e-05
B2: 0.16664230853027345 - 0.6666337585927764 - 0.16662924161729023 - -2.4103702824776428e-05
