Number: 1824
Error: 7.179558568546607e-06
A1: [-2.331290818045314e-06, -2.5276205827637557e-06, -1.8686714141718065e-06, -2.1821699966168967e-06] - [0.2083361361759338, 0.3333339587708805, -0.041664392505940936, 3.458970477573347e-06] - [0.16666436420216693, 0.6666641333417545, 0.16666495815710566, -2.118753269753705e-06] - [-3.4624529088109283e-06, -3.0910329132228188e-06, -2.7194356702775005e-06, -3.459496527550616e-06]
A2: [0.16665608352576486, -0.16667758477395814, -1.1450337133424063e-05, -1.0615693898972498e-05] - [0.16658223129683894, 0.33324625668987834, -9.036817735438228e-05, -8.456298872472252e-05] - [0.1666309655263208, 0.8332965199937138, -3.8041677477315774e-05, -3.573239603191507e-05] - [9.794091502675516e-06, 1.0093425207688984e-05, 1.0364698632680644e-05, 9.794088250007086e-06]
B1: 0.1667007044460119 - 0.6665851833873622 - 0.16657490964514302 - 5.140092572211275e-05
B2: 0.16669194241302826 - 0.6666961616145396 - 0.16670512703736937 - 2.6070656348888243e-05
