Number: 395
Error: 2.8181292195080592e-06
A1: [-3.092451976431646e-06, -2.364424724280827e-06, -1.4519421169564979e-06, -3.0582515459838744e-06] - [0.20832240570303948, 0.3333251529468431, -0.041671274348629814, -1.0776987280982655e-05] - [0.16666300250714966, 0.6666637887899239, 0.16666480292031624, -3.622012068614455e-06] - [-7.43167823525378e-07, -6.632184501945985e-07, -5.832176350859671e-07, -7.425312339857713e-07]
A2: [0.16667669891641365, -0.16665643011225104, 1.0363703511834815e-05, 1.002525521951917e-05] - [0.1666944716717287, 0.33336164618339337, 2.8550392878937692e-05, 2.7777604372893625e-05] - [0.1666696647598242, 0.8333363538820641, 2.9875268570506933e-06, 2.991387847411345e-06] - [2.126467991492494e-06, 2.191428368952404e-06, 2.250293027285118e-06, 2.126466756442313e-06]
B1: 0.1666493522542789 - 0.6666572666082115 - 0.16668796587653928 - -1.329347708821809e-05
B2: 0.16664470561356648 - 0.666637362399969 - 0.16663357528065428 - -2.17854604484715e-05
