Number: 707
Error: 2.9991552295993628e-06
A1: [-4.155596874039433e-06, -3.4783060213592207e-06, -2.470039585492298e-06, -4.095221322214955e-06] - [0.20831969722606156, 0.3333220444737733, -0.04167412743507672, -1.3370128411214048e-05] - [0.1666616799444099, 0.6666624302366042, 0.16666358919678695, -4.912265322318927e-06] - [-1.3369019981290744e-06, -1.1933177468258134e-06, -1.049646856848323e-06, -1.3357575630375205e-06]
A2: [0.16667848806265717, -0.1666545684409324, 1.2253747766155361e-05, 1.1808823461786172e-05] - [0.1666944624975924, 0.3333616956048025, 2.850546356150564e-05, 2.7746559829113773e-05] - [0.16666717359055788, 0.8333337977911878, 3.36205478203376e-07, 4.948616254788635e-07] - [3.8014376507481945e-06, 3.9175967014863445e-06, 4.02285936694916e-06, 3.801435597680405e-06]
B1: 0.16664655038844364 - 0.666645919548121 - 0.16668608467073404 - -1.2998527638738745e-05
B2: 0.16664065093845937 - 0.6666312517567156 - 0.16662622658001297 - -2.570497807141754e-05
