Number: 2601
Error: 4.05116436486016e-06
A1: [-1.0750431124648736e-05, -1.0392518200568313e-05, -8.814285052174543e-06, -1.0531039312521837e-05] - [0.20830267761154134, 0.3333025515904236, -0.04169211534753108, -2.9689075836777636e-05] - [0.1666535042940236, 0.6666540250398577, 0.16665605190256988, -1.2891675609691468e-05] - [-4.940806988666755e-06, -4.410919686040928e-06, -3.880823106926489e-06, -4.9365957674103424e-06]
A2: [0.16668938083103513, -0.16664323213116797, 2.376550562547586e-05, 2.26677319264452e-05] - [0.1666945887346636, 0.33336218922098865, 2.843745154640526e-05, 2.774001747808284e-05] - [0.16665210860420887, 0.8333183412091422, -1.569617904483355e-05, -1.4602655272654216e-05] - [1.3967099289699835e-05, 1.4393987710290795e-05, 1.4780874801431431e-05, 1.3967096844598459e-05]
B1: 0.16662754929796514 - 0.6665752296302938 - 0.16667303197757824 - -1.319959493820022e-05
B2: 0.16661862554337523 - 0.6665962868917737 - 0.1665832540922725 - -4.690986311756167e-05
