Number: 1264
Error: 7.491231749708079e-06
A1: [-3.8449605207144803e-07, -4.865309201229018e-07, 3.749731943919693e-09, -2.823906267125323e-07] - [0.2083411553837649, 0.3333397087359491, -0.04165908807268122, 8.271016422929615e-06] - [0.16666677875687197, 0.6666666155759726, 0.16666718357194135, 2.3777882968353933e-07] - [-2.396592088764637e-06, -2.1394222952053054e-06, -1.8821140563786274e-06, -2.3945431574165097e-06]
A2: [0.16665285837582672, -0.16668094111988693, -1.4858555472854236e-05, -1.3830825919344545e-05] - [0.16658217713446308, 0.3332460936722776, -9.036515547616353e-05, -8.457786711696597e-05] - [0.1666354159199692, 0.8333010861107673, -3.330532210577229e-05, -3.127237815016215e-05] - [6.7882923818051345e-06, 6.9957492754231225e-06, 7.183752632398325e-06, 6.788289386009939e-06]
B1: 0.1667063873486359 - 0.666606137417245 - 0.16657880909798173 - 5.152497244180376e-05
B2: 0.16669843759379668 - 0.6667064729923379 - 0.16671779501396822 - 3.2323080882023364e-05
