Number: 2298
Error: 6.91773938297294e-06
A1: [-3.985720357812926e-06, -4.262269351804612e-06, -3.460972159340131e-06, -3.796800158950745e-06] - [0.20833186094482933, 0.33332906335233575, -0.041668912499126756, -6.408925552291998e-07] - [0.16666231372546092, 0.666662025165179, 0.16666306691964144, -4.120116023983821e-06] - [-4.364577653594084e-06, -3.896453612071749e-06, -3.4281298393369787e-06, -4.36085501987487e-06]
A2: [0.16665880888740955, -0.16667474829281217, -8.569865845367303e-06, -7.898811653178147e-06] - [0.1665822617972559, 0.3332463795662336, -9.03855776195155e-05, -8.456574162566339e-05] - [0.16662719525624453, 0.8332926518145667, -4.205390927599281e-05, -3.9510813759622966e-05] - [1.2338036824568933e-05, 1.2715129622018649e-05, 1.3056881591855578e-05, 1.2338033904280395e-05]
B1: 0.1666958988826681 - 0.6665674425194791 - 0.1665715936609267 - 5.130037205694329e-05
B2: 0.1666865041012892 - 0.6666874722210715 - 0.16669442077643776 - 2.0837827748776983e-05
