Number: 1925
Error: 3.6796603026409696e-06
A1: [-8.381388659720144e-06, -7.90850400869014e-06, -6.532700200610783e-06, -8.218763507751624e-06] - [0.20830881408924343, 0.3333095747848391, -0.04168562528372285, -2.380272850775517e-05] - [0.16665643788761833, 0.6666570415507664, 0.16665875967674232, -1.0028130830135926e-05] - [-3.654593111883787e-06, -3.2625835960340386e-06, -2.8703911133257154e-06, -3.6514733818218045e-06]
A2: [0.16668549947558395, -0.16664727199029755, 1.9662811096531213e-05, 1.8798461442377925e-05] - [0.16669456381420863, 0.33336203252091035, 2.8480517565098687e-05, 2.7762491514984376e-05] - [0.16665748942722122, 0.8333238616759745, -9.970317293919015e-06, -9.210219281125747e-06] - [1.0339225272572672e-05, 1.0655222805497371e-05, 1.0941599591980525e-05, 1.0339222046432557e-05]
B1: 0.16663435910249394 - 0.6666004985013576 - 0.1666777416445263 - -1.3099610302560595e-05
B2: 0.16662633464105941 - 0.6666086627102357 - 0.16659853934096355 - -3.949362819141838e-05
