Number: 2625
Error: 4.064277754322498e-06
A1: [-1.0826310895331768e-05, -1.0472017385140969e-05, -8.886135610042522e-06, -1.0604911659365182e-05] - [0.20830249288396957, 0.33330233724319897, -0.041692308907574874, -2.986495497030741e-05] - [0.1666534084564535, 0.6666539267255227, 0.16665596501523602, -1.2985034355607196e-05] - [-4.986470807710162e-06, -4.451688732373966e-06, -3.916696799455687e-06, -4.982220896755044e-06]
A2: [0.16668951987687972, -0.16664308752782706, 2.391226642926537e-05, 2.2806348659286926e-05] - [0.16669459269311138, 0.3333621976746896, 2.843861960031241e-05, 2.7742292967682157e-05] - [0.16665191784811237, 0.8333181454731237, -1.5899230866942952e-05, -1.4793823770013678e-05] - [1.4095886625015109e-05, 1.4526711601302395e-05, 1.4917166871456284e-05, 1.409588422644471e-05]
B1: 0.16662728098546115 - 0.6665743067652135 - 0.1666728397789078 - -1.3229719011892714e-05
B2: 0.16661832422104275 - 0.6665958455320429 - 0.16658273650170474 - -4.720078512441917e-05
