Number: 769
Error: 3.0345157809294903e-06
A1: [-4.3721367011359175e-06, -3.7052818488744456e-06, -2.6783357662486133e-06, -4.306554680920857e-06] - [0.20831913761115192, 0.3333214039632355, -0.041674718606128036, -1.3906803586793677e-05] - [0.16666141172347423, 0.6666621545143089, 0.1666633419042094, -5.17406078109605e-06] - [-1.454886073878655e-06, -1.2986561929730442e-06, -1.1423332141765908e-06, -1.4536408149605364e-06]
A2: [0.16667884403196034, -0.16665419797987027, 1.2629925932010007e-05, 1.2163684355813187e-05] - [0.16669446392616358, 0.3333617089358407, 2.850029612137173e-05, 2.7743642404864826e-05] - [0.16666667973401075, 0.8333332910828026, -1.8938078741086785e-07, -5.947444400234889e-11] - [4.134271705642251e-06, 4.260604450296134e-06, 4.375087030185149e-06, 4.134269514011099e-06]
B1: 0.16664596939994514 - 0.6666436441959381 - 0.16668569401775535 - -1.2964083458965535e-05
B2: 0.16663989654236686 - 0.6666300720604368 - 0.16662478306208525 - -2.643251677174117e-05
