Number: 705
Error: 2.998023368802877e-06
A1: [-4.153248519243412e-06, -3.475881747155494e-06, -2.468478501396093e-06, -4.093036474911626e-06] - [0.20831969660423547, 0.3333220454114643, -0.0416741291385667, -1.3371472343944077e-05] - [0.16666168391087027, 0.6666624341815107, 0.16666359196117858, -4.9085016496169416e-06] - [-1.3330960513938519e-06, -1.1899196005735558e-06, -1.0466567222096407e-06, -1.331954869240642e-06]
A2: [0.16667847579746642, -0.16665458113426035, 1.2240911556827408e-05, 1.179659405975569e-05] - [0.16669446041837518, 0.33336169324538756, 2.85038107776597e-05, 2.7744620935411565e-05] - [0.16666718929049748, 0.8333338139183424, 3.5295510026665954e-07, 5.10595936861714e-07] - [3.7907034142250044e-06, 3.906534349864022e-06, 4.011499661550308e-06, 3.790701365774141e-06]
B1: 0.16664658414773964 - 0.666646007303195 - 0.16668611096986355 - -1.298460795110936e-05
B2: 0.16664069125341113 - 0.6666312913362553 - 0.1666262594182126 - -2.5665530546352096e-05
