Number: 2608
Error: 6.747328952650085e-06
A1: [-5.065634561100498e-06, -5.3945282597460496e-06, -4.500021203356566e-06, -4.850688312535202e-06] - [0.20832907329320235, 0.3333258705572674, -0.041671859314733516, -3.3138627352024483e-06] - [0.16666097481399464, 0.6666606486331198, 0.16666183237014037, -5.426910809972761e-06] - [-4.9545513838495905e-06, -4.423182435966886e-06, -3.891604163533281e-06, -4.950328520743155e-06]
A2: [0.1666605895009675, -0.16667289502754296, -6.687847015373264e-06, -6.123743669736288e-06] - [0.16658227452982635, 0.3332464526663979, -9.040425486457546e-05, -8.457475811764369e-05] - [0.16662472757798866, 0.8332901200983448, -4.467984154268242e-05, -4.19838213543844e-05] - [1.4001673971432732e-05, 1.4429617845334881e-05, 1.4817461558619367e-05, 1.400167154093677e-05]
B1: 0.1666927540047534 - 0.6665558323989819 - 0.16656941148961074 - 5.123250258080537e-05
B2: 0.16668294808376702 - 0.6666817964324925 - 0.1666874327592996 - 1.7416202143112223e-05
