Number: 2506
Error: 6.803336945761668e-06
A1: [-4.707221741464782e-06, -5.018719201372027e-06, -4.154707577299469e-06, -4.5008417651962185e-06] - [0.20833000295689794, 0.3333269342248561, -0.041670875882558085, -2.4219446000944794e-06] - [0.1666614184781392, 0.6666611048510153, 0.16666224204762317, -4.993816878655841e-06] - [-4.760433945980739e-06, -4.2498746318528315e-06, -3.7391087045768266e-06, -4.75637559469731e-06]
A2: [0.16666000433857392, -0.1666735041204028, -7.30642831082255e-06, -6.707081393768372e-06] - [0.16658227243419554, 0.3332464306393264, -9.039615766826929e-05, -8.456969751150374e-05] - [0.16662553986050282, 0.8332909534430654, -4.381550557420972e-05, -4.116978525460095e-05] - [1.345429448896714e-05, 1.386550707305004e-05, 1.423818527819684e-05, 1.3454291873538138e-05]
B1: 0.1666937781342175 - 0.666559642830183 - 0.16657012083762576 - 5.124419762178371e-05
B2: 0.16668410696958627 - 0.6666836624205407 - 0.16668974067032827 - 1.8530868760296382e-05
