Number: 798
Error: 7.753971431475849e-06
A1: [1.2385037042755245e-06, 1.214920521683682e-06, 1.5648172523851875e-06, 1.3014808169917545e-06] - [0.20834534351181605, 0.33334450492171785, -0.04165466270146665, 1.2286740650096284e-05] - [0.16666879078877408, 0.6666686839296252, 0.1666690381921553, 2.201520736172154e-06] - [-1.5095945671291287e-06, -1.3474980273176218e-06, -1.1853055840328922e-06, -1.5083025830888031e-06]
A2: [0.1666501757796786, -0.16668373280760054, -1.7693328383020644e-05, -1.6505085681699205e-05] - [0.16658213769242883, 0.33324596403402046, -9.035626562416803e-05, -8.458462143919222e-05] - [0.16663912076773937, 0.833304887363709, -2.9362312603461262e-05, -2.7559523030950352e-05] - [4.286803853850094e-06, 4.417798533837677e-06, 4.536505999841489e-06, 4.286801603616828e-06]
B1: 0.16671098154328293 - 0.6666234445732866 - 0.16658192844105502 - 5.149331098066279e-05
B2: 0.1667039524489699 - 0.6667151716734222 - 0.16672846295168378 - 3.763593621027939e-05
