Number: 2935
Error: 4.233569367541555e-06
A1: [-1.1906239511126473e-05, -1.1604302726375358e-05, -9.925232236253613e-06, -1.1658815822821129e-05] - [0.2082997047898879, 0.3332991439749254, -0.04169525625811494, -3.2538372711681714e-05] - [0.1666520697034937, 0.6666525503125367, 0.166654730529676, -1.4291673521637013e-05] - [-5.576272281490026e-06, -4.9782628215501885e-06, -4.380038161987354e-06, -5.571523026054059e-06]
A2: [0.1666912980119621, -0.16664123676661188, 2.5791787047262955e-05, 2.4578941803299415e-05] - [0.16669459609291587, 0.33336226135764985, 2.8410555951961233e-05, 2.7723956963242527e-05] - [0.1666494479650996, 0.8333156115351683, -1.8527376321003335e-05, -1.7269033237321017e-05] - [1.575939026239244e-05, 1.6241062198082082e-05, 1.6677607016491498e-05, 1.57593885811624e-05]
B1: 0.1666241445926657 - 0.6665626986509294 - 0.16667065215098387 - -1.3289275063223339e-05
B2: 0.16661477625442583 - 0.6665901775719849 - 0.16657575552071266 - -5.06144436070018e-05
