Number: 1690
Error: 7.25387698077812e-06
A1: [-1.8636385162759038e-06, -2.037295799914768e-06, -1.4185961021372175e-06, -1.7257692985580048e-06] - [0.20833734453373967, 0.33333534242910984, -0.0416631150128314, 4.617750994985014e-06] - [0.16666494381233854, 0.6666647292568865, 0.16666549273227452, -1.5530283217134913e-06] - [-3.2074137505161036e-06, -2.863332137789846e-06, -2.5190813518556138e-06, -3.2046742939222916e-06]
A2: [0.16665531240911066, -0.1666783873030951, -1.2265299432615034e-05, -1.1384413414969282e-05] - [0.16658222023157912, 0.3332462195181836, -9.036568047855452e-05, -8.456465362926859e-05] - [0.16663203079162156, 0.8332976129402246, -3.69080049706674e-05, -3.466482762372192e-05] - [9.074875507163606e-06, 9.352225338073014e-06, 9.603573842807408e-06, 9.074872251979319e-06]
B1: 0.16670206268888532 - 0.6665901967577712 - 0.16657584320465893 - 5.142902814853297e-05
B2: 0.1666934842971957 - 0.6666986223674526 - 0.16670815772802444 - 2.7554451650920142e-05
