Number: 1985
Error: 3.712766959243222e-06
A1: [-8.595074218147729e-06, -8.132586113867085e-06, -6.739006135635571e-06, -8.427407170525048e-06] - [0.2083082556851897, 0.3333089369074173, -0.041686216609815585, -2.4338918066420127e-05] - [0.1666561740587487, 0.6666567701690725, 0.1666585155064733, -1.0285738707203943e-05] - [-3.768757438076952e-06, -3.364510102083404e-06, -2.9600766862342133e-06, -3.7655406924721455e-06]
A2: [0.16668584371802295, -0.16664691365015855, 2.0026758410124118e-05, 1.9141631272533865e-05] - [0.16669456573519728, 0.3333620462139731, 2.8476558031106163e-05, 2.7760206158179766e-05] - [0.16665701196499733, 0.8333233718282838, -1.0478385768757715e-05, -9.688712111902773e-06] - [1.066124655927491e-05, 1.0987087139459494e-05, 1.128238527924498e-05, 1.0661243361028845e-05]
B1: 0.16663376523973877 - 0.6665982666224549 - 0.16667733500159276 - -1.3097902156688343e-05
B2: 0.1666256607900983 - 0.666607564018264 - 0.16659717119372658 - -4.014148695883928e-05
