Number: 1382
Error: 7.425314154162969e-06
A1: [-7.857229802940838e-07, -9.071129538225368e-07, -3.80776095664815e-07, -6.737191279029808e-07] - [0.20834013401522833, 0.333338535457419, -0.041660165397599286, 7.29326571047761e-06] - [0.16666627907515824, 0.6666661021523692, 0.1666667247856147, -2.4968492509545613e-07] - [-2.621191277124389e-06, -2.339947362254643e-06, -2.0585557164334843e-06, -2.618950934533613e-06]
A2: [0.16665353971072902, -0.16668023222114225, -1.4138812076806698e-05, -1.3151601942750148e-05] - [0.16658219327567372, 0.3332461325274193, -9.036152168246095e-05, -8.457000337064885e-05] - [0.16663447878896726, 0.8333001245650208, -3.430277046719868e-05, -3.221153696459953e-05] - [7.42168326464756e-06, 7.648500769391357e-06, 7.854050702836235e-06, 7.421680156384827e-06]
B1: 0.1667051661009161 - 0.6666017000749569 - 0.16657796727690166 - 5.147504685371693e-05
B2: 0.1666970312977143 - 0.6667042906670195 - 0.16671514577862914 - 3.096793692557173e-05
