Number: 1718
Error: 7.238318126239344e-06
A1: [-1.968155917315319e-06, -2.146932396144508e-06, -1.5202038039281217e-06, -1.8279290943383776e-06] - [0.2083370646567243, 0.3333350243854624, -0.041663412408644185, 4.348259652996979e-06] - [0.16666481582842135, 0.666664597480383, 0.16666537338780044, -1.6781042480017875e-06] - [-3.2607042686080657e-06, -2.910910067127978e-06, -2.5609449427992447e-06, -3.2579194748526105e-06]
A2: [0.1666554723951835, -0.1666782206958957, -1.2096034007297138e-05, -1.1224928235119861e-05] - [0.16658221958155814, 0.33324622447407753, -9.03688547689781e-05, -8.456726788514887e-05] - [0.16663180786158507, 0.8332973842441751, -3.7145191763168154e-05, -3.488823889723274e-05] - [9.225161058101897e-06, 9.507104577427024e-06, 9.762616514129706e-06, 9.225157800096316e-06]
B1: 0.16670180138879048 - 0.6665891707405432 - 0.16657566873379076 - 5.1445687272255565e-05
B2: 0.16669318503652789 - 0.6666981099069772 - 0.16670750381718066 - 2.7267328213769092e-05
