Number: 1742
Error: 7.2250235398650165e-06
A1: [-2.0440450414101525e-06, -2.2264403142785814e-06, -1.5920610443053733e-06, -1.9018105362112554e-06] - [0.20833687993213731, 0.3333348100434626, -0.0416636059568972, 4.172384259387588e-06] - [0.1666647199711813, 0.6666644991494011, 0.16666528648953224, -1.7714821795606746e-06] - [-3.3063848412760393e-06, -2.9516943121242006e-06, -2.5968313861588686e-06, -3.303561188698735e-06]
A2: [0.16665561186450906, -0.16667807566687148, -1.194884805504828e-05, -1.1085888250014631e-05] - [0.16658222512671977, 0.3332462345198851, -9.036609830984987e-05, -8.456340636902003e-05] - [0.16663161749091776, 0.8332971888945485, -3.734785793386377e-05, -3.5079022058469926e-05] - [9.35397641268289e-06, 9.639857370534285e-06, 9.898937966604317e-06, 9.353973153705902e-06]
B1: 0.16670153213291303 - 0.6665882480382015 - 0.16657547794989064 - 5.141464486946278e-05
B2: 0.16669288206415736 - 0.6666976668985805 - 0.1667069846129088 - 2.697476060177452e-05
