Number: 961
Error: 3.143184364646116e-06
A1: [-5.028313676472192e-06, -4.393034428497684e-06, -3.307501048277147e-06, -4.946622353583738e-06] - [0.20831746241093255, 0.3333194812538615, -0.041676485520689185, -1.5511020298006566e-05] - [0.16666059556618265, 0.6666613158865009, 0.16666259207328815, -5.970334070203827e-06] - [-1.8202522666808485e-06, -1.6248620212170235e-06, -1.4293597630057243e-06, -1.8186949708303847e-06]
A2: [0.16667995017863102, -0.1666530470367717, 1.3798482106301575e-05, 1.3266398432891306e-05] - [0.16669448046686397, 0.33336176217906677, 2.8496061816955058e-05, 2.7746723914678746e-05] - [0.16666515260802217, 0.8333317241594974, -1.8147701635498271e-06, -1.530482380545214e-06] - [5.164947214584767e-06, 5.322784450683617e-06, 5.465818342130938e-06, 5.164944646106223e-06]
B1: 0.16664407538937756 - 0.6666365099131958 - 0.16668440288426828 - -1.2952258179307056e-05
B2: 0.16663755052032111 - 0.6666264535021053 - 0.16662039432981235 - -2.8695363372523025e-05
