Number: 330
Error: 8.026220977688905e-06
A1: [2.8451654424789888e-06, 2.8983263003724937e-06, 3.10518105821171e-06, 2.868867433367418e-06] - [0.20834945370485872, 0.3333492177453617, -0.04165033034711594, 1.6223879827452254e-05] - [0.16667078694640755, 0.666670734686949, 0.1666708723119318, 4.1492011847364715e-06] - [-6.187333870503942e-07, -5.52118935164047e-07, -4.854611311912682e-07, -6.182033520634071e-07]
A2: [0.16664749342657184, -0.1666865240751451, -2.052724995180129e-05, -1.9179066587794547e-05] - [0.16658215410718286, 0.33324589218538186, -9.028682506039241e-05, -8.453538062492306e-05] - [0.16664285768595583, 0.8333087216127317, -2.5385235603759594e-05, -2.3814564348994155e-05] - [1.7743993521046536e-06, 1.828597799489717e-06, 1.8777097899095834e-06, 1.7743983155246129e-06]
B1: 0.16671514691850756 - 0.6666404277829531 - 0.16658471223698493 - 5.1013312131168305e-05
B2: 0.1667099993174495 - 0.6667243393994526 - 0.16673952586748042 - 4.347994343211563e-05
