Number: 2259
Error: 3.863620799905247e-06
A1: [-9.561285540028524e-06, -9.145734837219514e-06, -7.67043941820322e-06, -9.370603453723003e-06] - [0.208305744356392, 0.3333060648199066, -0.041688873950162096, -2.6748838761197272e-05] - [0.16665497895858306, 0.6666555411219373, 0.16665741126398628, -1.1452439815625012e-05] - [-4.290099543116045e-06, -3.829966550049659e-06, -3.369635189581524e-06, -4.286440101119491e-06]
A2: [0.16668741660163552, -0.1666452764692219, 2.168946085347341e-05, 2.0709616576884223e-05] - [0.16669457578673844, 0.3333621098125181, 2.845932314785954e-05, 2.7751048029757213e-05] - [0.16665483131375766, 0.8333211345917022, -1.2798857324051759e-05, -1.1874070121914831e-05] - [1.2131758697397143e-05, 1.2502547537917956e-05, 1.2838585713805747e-05, 1.2131755729116184e-05]
B1: 0.16663102300309082 - 0.6665880434193261 - 0.16667544612156543 - -1.312042931928994e-05
B2: 0.16662255409428173 - 0.6666025471690844 - 0.16659095543717578 - -4.3129481055591534e-05
