Number: 163
Error: 2.6776693870729886e-06
A1: [-2.335295627938172e-06, -1.5719965969500011e-06, -7.331964469295653e-07, -2.3205268052184843e-06] - [0.20832428372842982, 0.3333273186808952, -0.041669308248775246, -8.984593617179992e-06] - [0.16666395146055282, 0.6666647621086355, 0.16666566614158002, -2.6970513950676423e-06] - [-3.016688933645984e-07, -2.690358455325568e-07, -2.3638064455032078e-07, -3.014104773216304e-07]
A2: [0.1666753772080194, -0.16665780511178113, 8.968223455351556e-06, 8.707694813245045e-06] - [0.16669452363049184, 0.3333616567354234, 2.8633156307387737e-05, 2.784582614886712e-05] - [0.16667153098842497, 0.8333382688280926, 4.973692244246654e-06, 4.861599705678244e-06] - [8.808963573610948e-07, 9.077833574002132e-07, 9.321454162712092e-07, 8.808958504767317e-07]
B1: 0.16665112514744862 - 0.6666654365484376 - 0.1666891397250172 - -1.3822952873394491e-05
B2: 0.1666481667304874 - 0.6666422452221907 - 0.16663926438582352 - -1.8424850270743718e-05
