Number: 2629
Error: 4.066505531890941e-06
A1: [-1.0854934112992525e-05, -1.050214106807687e-05, -8.915881347256802e-06, -1.0633184992637809e-05] - [0.20830239775064605, 0.33330223355927086, -0.04169241273931135, -2.995855191123173e-05] - [0.16665337634145536, 0.6666538932908014, 0.16665593257850378, -1.301672075695091e-05] - [-4.994079342495149e-06, -4.458480932037771e-06, -3.922672569648149e-06, -4.9898229859316735e-06]
A2: [0.16668954033033345, -0.16664306601324663, 2.3934283138942137e-05, 2.2826730713686958e-05] - [0.16669458624126088, 0.3333621923268846, 2.8432433896704456e-05, 2.773556108349216e-05] - [0.16665188523240182, 0.8333181120703139, -1.5933807028989325e-05, -1.4826508103684567e-05] - [1.4117359642009426e-05, 1.4548840946949809e-05, 1.4939891126284e-05, 1.4117357251326868e-05]
B1: 0.1666272887775624 - 0.6665742031020995 - 0.16667285553793681 - -1.31821843373846e-05
B2: 0.16661832845307722 - 0.6665957766226247 - 0.16658260233340486 - -4.719482469618609e-05
