Number: 2507
Error: 3.999699710668749e-06
A1: [-1.0425278687081998e-05, -1.0051618804376815e-05, -8.501772851016625e-06, -1.0213776131958532e-05] - [0.20830351372220354, 0.3333035100379783, -0.04169123199348173, -2.8887729550034397e-05] - [0.1666539079050648, 0.6666544399391079, 0.16665642363227984, -1.2497800452410483e-05] - [-4.761959610645674e-06, -4.2512444605198605e-06, -3.7403225433575383e-06, -4.7578999615468936e-06]
A2: [0.1666888408739155, -0.16664379409184163, 2.3194845096420478e-05, 2.212945528689303e-05] - [0.1666945852053499, 0.3333621674623129, 2.8443568570244067e-05, 2.7743078894885886e-05] - [0.16665285705600366, 0.833319109090128, -1.4899725267614358e-05, -1.3852588466951697e-05] - [1.3462661709203108e-05, 1.3874131355907813e-05, 1.4247042624357454e-05, 1.3462659094168665e-05]
B1: 0.1666285091315883 - 0.6665787569236926 - 0.16667370124898723 - -1.3172749041712962e-05
B2: 0.16661971033465736 - 0.6665980073096778 - 0.1665853650451833 - -4.586579751243403e-05
