Number: 64
Error: 8.190822758386543e-06
A1: [3.6453975973313715e-06, 3.7348275685956288e-06, 3.853026937935298e-06, 3.6468848500184446e-06] - [0.208351332203549, 0.33335140946242575, -0.04164838418544442, 1.8004458644165153e-05] - [0.1666718060390581, 0.6666717775329453, 0.16667178473827374, 5.140850103097233e-06] - [-1.1234411756866027e-07, -9.999958543366317e-08, -8.764648554425009e-08, -1.1224804901523485e-07]
A2: [0.16664597459253241, -0.16668810324162708, -2.2129102339828182e-05, -2.069314206020114e-05] - [0.1665822172332387, 0.33324591011729277, -9.018375250829826e-05, -8.445359783000683e-05] - [0.16664500281813607, 0.833310922980119, -2.3101828778279415e-05, -2.166486269447222e-05] - [3.4636951722275457e-07, 3.5691746806305787e-07, 3.6647304546141056e-07, 3.4636935068313913e-07]
B1: 0.16671716195559558 - 0.66664979437171 - 0.16658607402888378 - 5.038887463990936e-05
B2: 0.16671439278803407 - 0.6667301492097943 - 0.16674603352128353 - 4.775811158918444e-05
