Number: 1763
Error: 3.5902044510516776e-06
A1: [-7.833173240720639e-06, -7.33383332946656e-06, -6.007640805499883e-06, -7.684133820869533e-06] - [0.20831020603855974, 0.3333111748037747, -0.04168415746129419, -2.247064784663603e-05] - [0.16665712118825823, 0.6666577436106109, 0.16665938663113872, -9.36159938934308e-06] - [-3.346343688824138e-06, -2.9873754370711886e-06, -2.628233381768387e-06, -3.3434860377373116e-06]
A2: [0.16668456485834457, -0.16664824442812648, 1.8675491635858177e-05, 1.7866740462532138e-05] - [0.16669454483652082, 0.33336198240132187, 2.8478742969050995e-05, 2.7754871616211206e-05] - [0.16665877685193534, 0.8333251826198621, -8.600093431630531e-06, -7.920011835091011e-06] - [9.469764589330902e-06, 9.75918573179357e-06, 1.002147498504574e-05, 9.46976132830858e-06]
B1: 0.1666360563630234 - 0.6666066134658236 - 0.16667892345820415 - -1.3010324871928986e-05
B2: 0.16662825416923416 - 0.6666116397164001 - 0.16660214933520687 - -3.764428636877362e-05
