Number: 2246
Error: 6.946382045399952e-06
A1: [-3.8053433777297137e-06, -4.073154720157727e-06, -3.287535948655793e-06, -3.620788184829654e-06] - [0.20833232544602923, 0.3333295956395689, -0.04166842164765561, -1.9562548420955594e-07] - [0.16666253753930563, 0.6666622552459435, 0.16666327313935556, -3.901688922403912e-06] - [-4.265612261496507e-06, -3.8080970565870674e-06, -3.350384125498823e-06, -4.261973607631056e-06]
A2: [0.16665850989560207, -0.16667505946536776, -8.885854765717134e-06, -8.196873233223938e-06] - [0.16658225864630383, 0.3332463663053207, -9.038342528180014e-05, -8.456524443336788e-05] - [0.16662760898394907, 0.8332930762860489, -4.161363170213846e-05, -3.9096192155982417e-05] - [1.2058965453641446e-05, 1.242752807976374e-05, 1.276154838867417e-05, 1.2058962472249014e-05]
B1: 0.16669642959446002 - 0.6665693926157203 - 0.16657196165638133 - 5.131493444983129e-05
B2: 0.1666871036142615 - 0.6666884249040904 - 0.16669559103980766 - 2.141479777375573e-05
