Number: 1946
Error: 7.112006217515727e-06
A1: [-2.7609775773989582e-06, -2.978170696664754e-06, -2.2827984537634594e-06, -2.6016091465517993e-06] - [0.20833502025291686, 0.33333268235349833, -0.041665573159745437, 2.3881997472227276e-06] - [0.1666638325395818, 0.6666635866104288, 0.16666446704709492, -2.6377705834820686e-06] - [-3.6946486788059713e-06, -3.29833850219324e-06, -2.901844386881618e-06, -3.6914949169099746e-06]
A2: [0.16665678468301015, -0.1666768549837027, -1.0709191173024932e-05, -9.916719118260617e-06] - [0.16658223875022618, 0.3332462880028903, -9.03728834119665e-05, -8.45640940092431e-05] - [0.16662999524172997, 0.8332955245184659, -3.907421943067141e-05, -3.6704777572178743e-05] - [1.0448884245039981e-05, 1.076823260038831e-05, 1.1057646389142098e-05, 1.0448881029703415e-05]
B1: 0.1666994801874643 - 0.6665806301435905 - 0.16657406959644458 - 5.138768901063331e-05
B2: 0.16669055386042922 - 0.6666939242587091 - 0.16670235788792948 - 2.473499069167835e-05
