Number: 1219
Error: 3.2879111583022187e-06
A1: [-5.928790093495502e-06, -5.337092204323666e-06, -4.173986447604531e-06, -5.825434359643691e-06] - [0.20831513561283177, 0.3333168172487685, -0.0416789447991309, -1.7742362694482135e-05] - [0.16665947978994625, 0.6666601687639926, 0.1666615631142263, -7.059373917358001e-06] - [-2.311202709708929e-06, -2.063190123591828e-06, -1.8150426426846858e-06, -2.3092265628662444e-06]
A2: [0.16668143499908275, -0.16665150180308028, 1.536760644521059e-05, 1.4746606484471023e-05] - [0.16669450147581039, 0.33336183316797163, 2.8490480197913395e-05, 2.7749647080799704e-05] - [0.16666310145559088, 0.8333296196408335, -3.99774458601199e-06, -3.586065251180526e-06] - [6.549862123551593e-06, 6.750031716689231e-06, 6.9314306525455325e-06, 6.549859175924606e-06]
B1: 0.1666415214831323 - 0.666626917593498 - 0.16668266522082814 - -1.2945133110749398e-05
B2: 0.1666345221952641 - 0.6666216562483835 - 0.16661449971832 - -3.1611923993801915e-05
