Number: 166
Error: 8.12638369477077e-06
A1: [3.3775350929686873e-06, 3.455392179731079e-06, 3.60992180924533e-06, 3.387503375639233e-06] - [0.20835076931039143, 0.33335073582091995, -0.04164895431070074, 1.7478962671702097e-05] - [0.16667145486036852, 0.666671419583643, 0.1666714791374588, 4.8001570982014696e-06] - [-3.065309929982905e-07, -2.733763009018052e-07, -2.401992293462437e-07, -3.062684272240228e-07]
A2: [0.16664655996960837, -0.16668749514785558, -2.151273538835431e-05, -2.010958969899792e-05] - [0.1665821950837233, 0.33324590407641597, -9.022366918104912e-05, -8.448290137348774e-05] - [0.16664417830494663, 0.8333100767104797, -2.397974522242868e-05, -2.249112804622723e-05] - [8.939596441065262e-07, 9.212457725577794e-07, 9.459695295327905e-07, 8.939591313991242e-07]
B1: 0.16671636512608365 - 0.6666461721254375 - 0.16658551491749882 - 5.060398700873362e-05
B2: 0.16671249350008163 - 0.6667278291483474 - 0.16674357522028135 - 4.5903038327093666e-05
