Number: 1045
Error: 3.1904340806103837e-06
A1: [-5.318216728863041e-06, -4.696933690494151e-06, -3.585950809429891e-06, -5.22947495965476e-06] - [0.20831671806631472, 0.3333186278968017, -0.041677271446019175, -1.6224298845077186e-05] - [0.1666602356117786, 0.666660945920421, 0.16666226077382512, -6.321586656583653e-06] - [-1.9800980072288975e-06, -1.7675750029114288e-06, -1.5549322191804716e-06, -1.9784042851194297e-06]
A2: [0.16668043405135052, -0.16665254352773495, 1.4309735080960461e-05, 1.3748769415417271e-05] - [0.16669448824078212, 0.3333617861302272, 2.8494985055911503e-05, 2.774860941262737e-05] - [0.16666448481814053, 0.8333310389801211, -2.5255077104638844e-06, -2.1997147110114468e-06] - [5.615856024327446e-06, 5.787476095645838e-06, 5.94300101160717e-06, 5.615853316280156e-06]
B1: 0.1666432395313946 - 0.6666333825061896 - 0.16668383286910002 - -1.2954300641903826e-05
B2: 0.1666365477077128 - 0.6666248850204034 - 0.16661847941677524 - -2.966178698931566e-05
