Number: 2998
Error: 6.533880198314736e-06
A1: [-6.406387905298859e-06, -6.800128323927384e-06, -5.787358352193044e-06, -6.158717505347253e-06] - [0.2083256380814492, 0.33332192968245994, -0.04167548671765841, -6.604869659772726e-06] - [0.16665930841560073, 0.6666589359163602, 0.16666029927235546, -7.052924115393967e-06] - [-5.696755151915822e-06, -5.085820722990733e-06, -4.47467061788201e-06, -5.691903976907071e-06]
A2: [0.1666628302164206, -0.16667056306768607, -4.319870529377774e-06, -3.890004887130429e-06] - [0.16658228917875725, 0.33324654285874605, -9.042993204150208e-05, -8.458747217636517e-05] - [0.16662162171783637, 0.833286933626231, -4.798489358674664e-05, -4.509638695467092e-05] - [1.6094496622925023e-05, 1.6586409928867676e-05, 1.7032238004474248e-05, 1.6094495114499725e-05]
B1: 0.16668874573952416 - 0.6665411703492788 - 0.16656660576809776 - 5.109514866433941e-05
B2: 0.1666784211724431 - 0.6666746582938927 - 0.16667870239394464 - 1.3058371803889335e-05
