Number: 2675
Error: 4.091634301285122e-06
A1: [-1.1004360518347988e-05, -1.065872916221767e-05, -9.058034041653164e-06, -1.0778760025997996e-05] - [0.20830202761723843, 0.3333018057505652, -0.041692801610036724, -3.031171045308517e-05] - [0.16665318862069467, 0.6666537005959938, 0.16665576155844866, -1.3199686608741722e-05] - [-5.081600819890724e-06, -4.5366206318229695e-06, -3.991429452433325e-06, -5.077270321794157e-06]
A2: [0.1666898061352483, -0.16664278952257502, 2.4214944811546158e-05, 2.3091713194425717e-05] - [0.16669459198020486, 0.33336220677136685, 2.843300932471414e-05, 2.7738074456168808e-05] - [0.16665151939393588, 0.8333177366979765, -1.632318960376687e-05, -1.5193136987569646e-05] - [1.4364202323013839e-05, 1.4803228692790466e-05, 1.5201117908478749e-05, 1.436420002559884e-05]
B1: 0.16662678739453654 - 0.666572446522902 - 0.16667249875881113 - -1.3227029643588569e-05
B2: 0.16661776486665417 - 0.6665949321899198 - 0.16658159866200659 - -4.773847834005968e-05
