Number: 2973
Error: 4.254299957735541e-06
A1: [-1.2046345854616011e-05, -1.175126067246726e-05, -1.006120086651485e-05, -1.1795724721930135e-05] - [0.2082993318961189, 0.3332987196668279, -0.041695652169314854, -3.2897179705405335e-05] - [0.16665189779063974, 0.6666523733446332, 0.1666545705201742, -1.4459642488365983e-05] - [-5.6485680534860585e-06, -5.0428078851931565e-06, -4.4368321391335214e-06, -5.64375763840467e-06]
A2: [0.16669151453900694, -0.16664101127210385, 2.602087585521135e-05, 2.4794789573108545e-05] - [0.1666945926067123, 0.33336226543206204, 2.840356632214118e-05, 2.7717806533130923e-05] - [0.16664914469322287, 0.8333153004320578, -1.885000526044164e-05, -1.7572958018987956e-05] - [1.596330103587025e-05, 1.6451205721944775e-05, 1.689340023205863e-05, 1.596329945736872e-05]
B1: 0.16662378595747196 - 0.6665613000744335 - 0.16667040684306927 - -1.3270733676239621e-05
B2: 0.16661436797649795 - 0.6665894853314016 - 0.16657487690528666 - -5.1006260274153405e-05
