Number: 518
Error: 7.915096752775348e-06
A1: [2.190798189328684e-06, 2.2127921784881337e-06, 2.4767717962520443e-06, 2.230286007393961e-06] - [0.20834776697695048, 0.3333472875271849, -0.04165210913103012, 1.460670328714292e-05] - [0.16666997623229093, 0.666669901674286, 0.16667012596227526, 3.3579696034633285e-06] - [-9.766068121433375e-07, -8.716360656198511e-07, -7.665996155712993e-07, -9.757704746738167e-07]
A2: [0.16664856548900833, -0.1666854082862356, -1.939433811889761e-05, -1.811036734436941e-05] - [0.16658212709676729, 0.3332459004272607, -9.0335490536193e-05, -8.457557734347447e-05] - [0.16664135179148756, 0.8333071765432277, -2.6987743576047128e-05, -2.5323688598914588e-05] - [2.7836730699491167e-06, 2.868721836726577e-06, 2.945791123778428e-06, 2.783671492749262e-06]
B1: 0.16671362172842039 - 0.6666337390893808 - 0.16658371323925908 - 5.135415651561428e-05
B2: 0.16670750613571358 - 0.6667205654911748 - 0.16673496249390146 - 4.106825169713463e-05
