Number: 2416
Error: 6.852824511862397e-06
A1: [-4.386740634762675e-06, -4.682650533108649e-06, -3.8453092391954245e-06, -4.18792326553134e-06] - [0.20833084030067944, 0.33332789076434577, -0.04166998918355461, -1.6179222396448082e-06] - [0.1666618142259781, 0.6666615119157321, 0.16666260828629112, -4.607399951717246e-06] - [-4.589153279865516e-06, -4.096955494530939e-06, -3.604553850502255e-06, -4.585240149224408e-06]
A2: [0.1666594885906173, -0.1666740410194968, -7.851737014328185e-06, -7.221219347510659e-06] - [0.16658227189936423, 0.33324641242362374, -9.038789144932035e-05, -8.456391809873499e-05] - [0.16662625666007558, 0.8332916888156339, -4.3052799700562925e-05, -4.0451438451155275e-05] - [1.2971303672670504e-05, 1.3367753071985448e-05, 1.3727049821569953e-05, 1.297130091345266e-05]
B1: 0.16669466816976716 - 0.6665629915887502 - 0.16657073352479093 - 5.124089002723898e-05
B2: 0.16668511565324678 - 0.66668530821613 - 0.16669179032045758 - 1.950053629794602e-05
