Number: 1385
Error: 3.3804768172794143e-06
A1: [-6.505873352273457e-06, -5.942119476505607e-06, -4.729008001216817e-06, -6.388580978515255e-06] - [0.20831364765999438, 0.33331511272767755, -0.04168051720738979, -1.916890770762471e-05] - [0.16665876416196668, 0.6666594330687006, 0.1666609035439442, -7.75780221385688e-06] - [-2.6270791479196805e-06, -2.3452088465782263e-06, -2.0631904416873795e-06, -2.624833775668986e-06]
A2: [0.16668239097684961, -0.16665050695516329, 1.6377823904155735e-05, 1.5699616573514602e-05] - [0.16669451722704748, 0.3333618811055055, 2.8489172015811864e-05, 2.775376134706092e-05] - [0.16666178218339806, 0.833328266046085, -5.401807395057104e-06, -4.908188256542863e-06] - [7.440892383743997e-06, 7.668297821227603e-06, 7.874380631997256e-06, 7.4408892703229385e-06]
B1: 0.1666398484808226 - 0.6666207175016907 - 0.16668152022794291 - -1.297035602610769e-05
B2: 0.1666325866031286 - 0.6666185894677026 - 0.1666107341539555 - -3.347560398582113e-05
