Number: 1361
Error: 3.3671338735534487e-06
A1: [-6.4299548012053726e-06, -5.862582003457813e-06, -4.657121177375178e-06, -6.314670146853907e-06] - [0.2083138325232554, 0.33331532720558804, -0.04168032352558714, -1.8992893665056267e-05] - [0.16665886003379596, 0.6666595314159967, 0.16666099045975558, -7.664409784580117e-06] - [-2.5814102412297507e-06, -2.304434811521589e-06, -2.0273131150337935e-06, -2.5792037806582094e-06]
A2: [0.16668225148993912, -0.16665065199891357, 1.6230624572483178e-05, 1.556055877949259e-05] - [0.16669451162078233, 0.3333618710104978, 2.8486371733756202e-05, 2.7749837764387236e-05] - [0.1666619725370513, 0.8333284613816477, -5.199154137871065e-06, -4.717422376056394e-06] - [7.31207448437141e-06, 7.5355423815092764e-06, 7.738056569113818e-06, 7.312071391131258e-06]
B1: 0.16664011565519984 - 0.6666216380863925 - 0.1666817088583403 - -1.294139300052215e-05
B2: 0.16663289143209065 - 0.6666190344221655 - 0.1666112554282087 - -3.3181173949373995e-05
