Number: 1611
Error: 3.506019161022751e-06
A1: [-7.296568471226235e-06, -6.771161047008496e-06, -5.490273855694806e-06, -7.1602976691928675e-06] - [0.20831160157186993, 0.3333127705765068, -0.04168268071653692, -2.1131373849242302e-05] - [0.16665778476635684, 0.6666584260482981, 0.16665999985475688, -8.713777294257628e-06] - [-3.057119146300655e-06, -2.7291533057742753e-06, -2.4010232673742435e-06, -3.0545075731654988e-06]
A2: [0.16668369138562694, -0.1666491535730961, 1.7752187660988273e-05, 1.699598506422293e-05] - [0.16669453569552709, 0.3333619435554281, 2.848474437782344e-05, 2.7756386461593775e-05] - [0.16665998565428355, 0.8333264228149113, -7.313722167122878e-06, -6.708598820744805e-06] - [8.653938041491657e-06, 8.918422182841531e-06, 9.158110126853586e-06, 8.653934801332899e-06]
B1: 0.1666375742367946 - 0.6666122787971499 - 0.1666799624779968 - -1.3001248131606157e-05
B2: 0.16662998295257445 - 0.6666144299624648 - 0.16660560657153822 - -3.598134994286323e-05
