Number: 999
Error: 3.1645994796224867e-06
A1: [-5.1685998296181e-06, -4.540164302095187e-06, -3.4436298908528615e-06, -5.083710253813105e-06] - [0.20831708888034947, 0.3333190563453103, -0.04167688198622172, -1.5870461917186323e-05] - [0.1666604234960383, 0.666661138769426, 0.16666243193073613, -6.138458821123141e-06] - [-1.8925633982677942e-06, -1.6894223674435215e-06, -1.48616577207781e-06, -1.8909443793227436e-06]
A2: [0.16668016750088493, -0.16665282075497273, 1.4028347981897382e-05, 1.3483041395938295e-05] - [0.16669447984298028, 0.3333617690735105, 2.8491846682884985e-05, 2.7743436488097845e-05] - [0.16666485002222264, 0.8333314137308235, -2.136735234734702e-06, -1.8337206487013114e-06] - [5.368935536543077e-06, 5.5330080354737276e-06, 5.6816927697246135e-06, 5.368932903029632e-06]
B1: 0.16664372814706735 - 0.6666351246034298 - 0.1666841730842678 - -1.2922272756518783e-05
B2: 0.1666371272718638 - 0.6666257458738554 - 0.16661949993388916 - -2.9102152378979098e-05
