Number: 2615
Error: 4.0588042277991275e-06
A1: [-1.0790700625058981e-05, -1.0434674683706649e-05, -8.851755592510865e-06, -1.0570141643275122e-05] - [0.208302585938499, 0.33330244354287697, -0.041692210366002014, -2.9775602698255224e-05] - [0.16665345242392435, 0.6666539719517396, 0.16665600570686467, -1.294210359165101e-05] - [-4.967444745063381e-06, -4.43470229283376e-06, -3.901750222277759e-06, -4.963210953756825e-06]
A2: [0.16668946262060363, -0.16664314713347755, 2.385172616783772e-05, 2.2749271149981562e-05] - [0.16669459281843246, 0.33336219583814175, 2.8439724518704963e-05, 2.7743119407050757e-05] - [0.1666519975347255, 0.8333182272239466, -1.5814443311236845e-05, -1.471396535041155e-05] - [1.4042223179789847e-05, 1.4471407867452344e-05, 1.4860376344037152e-05, 1.4042220761664927e-05]
B1: 0.16662737969774205 - 0.6665746787957404 - 0.16667290795149525 - -1.3230263024620442e-05
B2: 0.16661843612292973 - 0.6665960282322566 - 0.1665829641021935 - -4.709321546424022e-05
