Number: 709
Error: 3.0002885415519463e-06
A1: [-4.157945594389068e-06, -3.4807306289644556e-06, -2.4716009711242187e-06, -4.097406534830229e-06] - [0.2083196978465495, 0.33332204353485695, -0.04167412573269952, -1.3368785815636193e-05] - [0.16666167597764758, 0.6666624262914198, 0.16666358643214124, -4.916029296775679e-06] - [-1.340707943964907e-06, -1.196715892272859e-06, -1.0526369910761344e-06, -1.3395602559880298e-06]
A2: [0.16667850032628198, -0.1666545557491998, 1.226658235472971e-05, 1.1821051297872689e-05] - [0.16669446457044634, 0.3333616979577335, 2.850710975691077e-05, 2.7748492359503326e-05] - [0.16666715788900244, 0.8333337816623864, 3.1945418248297913e-07, 4.791256982239615e-07] - [3.8121718847649235e-06, 3.928659050563184e-06, 4.03421906977578e-06, 3.812169827079549e-06]
B1: 0.1666465166688221 - 0.6666458318277882 - 0.16668605840139264 - -1.3012407686180933e-05
B2: 0.16664061059544277 - 0.6666312121482396 - 0.166626193712081 - -2.5744453660875335e-05
