Number: 514
Error: 7.917468586052858e-06
A1: [2.219489414295566e-06, 2.242978970923798e-06, 2.5065753388135793e-06, 2.258627223433142e-06] - [0.2083478623555229, 0.3333473914373517, -0.04165200509304317, 1.47005451148529e-05] - [0.1666700084128095, 0.6666699351699312, 0.16667015845446162, 3.3897213219794154e-06] - [-9.689947108437797e-07, -8.648401721314125e-07, -7.606203871289443e-07, -9.681648851576516e-07]
A2: [0.16664854513448102, -0.16668542969764188, -1.9416246661217125e-05, -1.8130650316353022e-05] - [0.16658213397176153, 0.3332459062161928, -9.032884348339888e-05, -8.45684217916611e-05] - [0.16664138452661856, 0.8333072100703964, -2.6953037823298988e-05, -2.5290884747815853e-05] - [2.762199226563864e-06, 2.8465916183711977e-06, 2.9230660792046803e-06, 2.762197660183781e-06]
B1: 0.16671360760905288 - 0.6666338367887481 - 0.16658369183906102 - 5.130029300343686e-05
B2: 0.16670750723525574 - 0.6667206399029822 - 0.16673510229254146 - 4.106761813603065e-05
