Number: 3024
Error: 6.5196541425611165e-06
A1: [-6.508548467963189e-06, -6.907329638394593e-06, -5.887393100833958e-06, -6.258684267269849e-06] - [0.20832535759729304, 0.33332161259692533, -0.04167578579514163, -6.8756910146236525e-06] - [0.16665918440972605, 0.6666588080974016, 0.1666601827025127, -7.1742253943381934e-06] - [-5.7462303546063e-06, -5.129991351678919e-06, -4.513536475207358e-06, -5.741337336043776e-06]
A2: [0.16666297731970905, -0.16667040977363418, -4.164061690475231e-06, -3.7433667034505585e-06] - [0.16658228410130657, 0.3332465431022603, -9.043711268856959e-05, -8.45943738613005e-05] - [0.16662141390801416, 0.8332867204767207, -4.820591201911787e-05, -4.5304643836401455e-05] - [1.623401289181043e-05, 1.67301906331116e-05, 1.7179884236781712e-05, 1.6234011456968567e-05]
B1: 0.16668852076340862 - 0.6665402329793146 - 0.16656645665244504 - 5.11282632753476e-05
B2: 0.16667816329066057 - 0.6666741864864277 - 0.16667808240526005 - 1.2811760255361957e-05
