Number: 1253
Error: 3.3069438988398737e-06
A1: [-6.064324232002203e-06, -5.479322164040253e-06, -4.306946088259555e-06, -5.958097372677066e-06] - [0.20831476103805738, 0.33331639440021366, -0.0416793445028607, -1.8104293048260444e-05] - [0.16665931569974834, 0.6666599995805674, 0.16666140854029074, -7.219924475500146e-06] - [-2.3759000491494285e-06, -2.1209522526834473e-06, -1.865866759828446e-06, -2.373868743611514e-06]
A2: [0.16668162785507057, -0.16665130084011237, 1.5571871303240285e-05, 1.4938854760789612e-05] - [0.16669449699413347, 0.3333618356605026, 2.8483291517959015e-05, 2.7742782439893197e-05] - [0.16666283035035145, 0.8333293415514013, -4.286121721264445e-06, -3.85775425976784e-06] - [6.7323737909375114e-06, 6.9381221504216e-06, 7.1245770932514605e-06, 6.73237080437326e-06]
B1: 0.16664123667376143 - 0.6666257029786985 - 0.1666824834369261 - -1.2892396106929115e-05
B2: 0.16663418393229526 - 0.6666210322653365 - 0.1666136756041903 - -3.1935462423026816e-05
