Number: 667
Error: 2.9762485449177957e-06
A1: [-4.012746252629309e-06, -3.3285533520324998e-06, -2.3321693450040805e-06, -3.95573274006634e-06] - [0.2083200709227943, 0.3333224710444822, -0.041673732013636694, -1.3011243645715045e-05] - [0.16666185616078363, 0.6666626114646348, 0.1666637522548303, -4.740197485491151e-06] - [-1.2607829133702244e-06, -1.1253572029100622e-06, -9.898491129911282e-07, -1.2597035420911229e-06]
A2: [0.16667825910860204, -0.16665480676643207, 1.2011709962570552e-05, 1.1580584486875292e-05] - [0.16669446368500587, 0.33336168906203545, 2.8510797985195415e-05, 2.775055100390152e-05] - [0.16666749255439112, 0.8333341250427357, 6.756313629571269e-07, 8.145122337128665e-07] - [3.5867018248785465e-06, 3.6962970731227198e-06, 3.7956113191538684e-06, 3.5866998655411975e-06]
B1: 0.16664690938443932 - 0.666647372719886 - 0.1666863229337293 - -1.303659083123611e-05
B2: 0.1666411313789056 - 0.6666320163547402 - 0.16662717167640184 - -2.5241864203585847e-05
