Number: 828
Error: 7.736891447601768e-06
A1: [1.1314610110050443e-06, 1.1026956888399052e-06, 1.4614988037399844e-06, 1.1969596084660703e-06] - [0.20834506362314037, 0.33334418535499616, -0.041654958927644925, 1.2017960854336892e-05] - [0.1666686586893517, 0.6666685480698161, 0.1666689159582415, 2.07253267959903e-06] - [-1.566698449942844e-06, -1.3984812669655393e-06, -1.2301651556366626e-06, -1.565357684932538e-06]
A2: [0.1666503478352495, -0.16668355371465382, -1.7511445773071812e-05, -1.633356678877563e-05] - [0.16658213819602577, 0.3332459703715794, -9.035881319914824e-05, -8.458622214130437e-05] - [0.16663888188752327, 0.8333046422766108, -2.9616524963168763e-05, -2.7798918703734063e-05] - [4.447849901322754e-06, 4.583767233811123e-06, 4.706935886626169e-06, 4.447847588781394e-06]
B1: 0.16671070273121066 - 0.666622346206902 - 0.16658174236141313 - 5.151230568336403e-05
B2: 0.16670359887364108 - 0.6667146052229967 - 0.16672776141228499 - 3.729536479757114e-05
