Number: 3078
Error: 6.490194503970058e-06
A1: [-6.691235224278697e-06, -7.098828762408666e-06, -6.0623517038264335e-06, -6.436842936517232e-06] - [0.20832489385386782, 0.33332107950690204, -0.04167627481512214, -7.319479311192911e-06] - [0.1666589566650498, 0.6666585741069532, 0.16665997374842467, -7.396381393458347e-06] - [-5.84899537668952e-06, -5.221739707358943e-06, -4.5942678445515015e-06, -5.844015459430995e-06]
A2: [0.16666328783693182, -0.1666700866480707, -3.835975345887751e-06, -3.433815479801747e-06] - [0.1665822865351106, 0.3332465559295381, -9.044039716321759e-05, -8.459572890472207e-05] - [0.16662098379559181, 0.8332862791946821, -4.866362115793007e-05, -4.573568478364061e-05] - [1.652377456020227e-05, 1.7028809167602504e-05, 1.748653117845504e-05, 1.6523773283022126e-05]
B1: 0.16668795672669784 - 0.6665381935945104 - 0.16656605863792215 - 5.110017957890872e-05
B2: 0.16667752715437764 - 0.6666731980058432 - 0.1666768831796111 - 1.2199036123279752e-05
