Number: 1438
Error: 7.394098387547354e-06
A1: [-9.708367577270782e-07, -1.1011166884321375e-06, -5.573732573006804e-07, -8.54140462212172e-07] - [0.20833967063353492, 0.33333800117278445, -0.04166065295607735, 6.850563482555701e-06] - [0.16666604729088663, 0.6666658641452188, 0.1666665130060807, -4.7567605206468823e-07] - [-2.7277808836838188e-06, -2.435112040587203e-06, -2.142291268234342e-06, -2.7254497377482567e-06]
A2: [0.16665386393312434, -0.1666798949611632, -1.3796451278485895e-05, -1.282838134318195e-05] - [0.16658220321141307, 0.3332461531299417, -9.035775338215507e-05, -8.456399596753609e-05] - [0.16663403430651488, 0.8332996684830253, -3.4775904816898955e-05, -3.265698179734653e-05] - [7.722270590986737e-06, 7.958276028956207e-06, 8.172153085659736e-06, 7.722267440191724e-06]
B1: 0.16670456768985045 - 0.6665995761242889 - 0.1665775503935662 - 5.1432500447581235e-05
B2: 0.16669634739895617 - 0.6667032549913162 - 0.16671390592645183 - 3.030831441940438e-05
