Number: 179
Error: 2.687587492427714e-06
A1: [-2.37860166937331e-06, -1.6172090780740506e-06, -7.72801360910194e-07, -2.362501281960829e-06] - [0.20832419016329765, 0.3333272073852492, -0.04166940366560735, -9.072287595680324e-06] - [0.1666638950540325, 0.6666647045498142, 0.1666656167037516, -2.75181188460228e-06] - [-3.32116737322759e-07, -2.9622075852966086e-07, -2.6030051395779863e-07, -3.3183222446614e-07]
A2: [0.166675469225489, -0.16665770951002204, 9.065144098413061e-06, 8.799426150859211e-06] - [0.1666945212966793, 0.33336165699658893, 2.862817174987555e-05, 2.7842370513510398e-05] - [0.16667140203937866, 0.8333381364797547, 4.83639290319001e-06, 4.732375900241857e-06] - [9.667964862168177e-07, 9.963091997329051e-07, 1.0230506956164305e-06, 9.667959262190752e-07]
B1: 0.1666509921527215 - 0.6666648615349533 - 0.16668904636234302 - -1.3797202383927803e-05
B2: 0.16664788308904363 - 0.6666418914421829 - 0.16663888450525302 - -1.8701558426774463e-05
