Number: 2841
Error: 4.182302975141243e-06
A1: [-1.1581097616541715e-05, -1.1263416073350163e-05, -9.612733383609201e-06, -1.1341562900479204e-05] - [0.20830054086987793, 0.3333001023874772, -0.04169437293931452, -3.1737056371279875e-05] - [0.16665247330281147, 0.6666529651992986, 0.16665510224947142, -1.3897809503153733e-05] - [-5.397430896352423e-06, -4.81859350540711e-06, -4.239542109255759e-06, -5.3928329799449175e-06]
A2: [0.1666907586383724, -0.16664179814198857, 2.522171198188099e-05, 2.4041248687878554e-05] - [0.166694594785286, 0.3333622418239159, 2.841889721310417e-05, 2.7729240351182294e-05] - [0.16665019696439418, 0.8333163799641513, -1.773037426639015e-05, -1.6518418749359694e-05] - [1.5254984559477193e-05, 1.5721238752109704e-05, 1.6143808210285705e-05, 1.525498263806201e-05]
B1: 0.1666251023287861 - 0.6665662254292352 - 0.1666713226430166 - -1.3264499950747048e-05
B2: 0.16661585974970156 - 0.6665918966734804 - 0.1665778651320956 - -4.957167510309024e-05
