Number: 303
Error: 2.7632703529851433e-06
A1: [-2.791141207209242e-06, -2.04898311733641e-06, -1.1655752348271133e-06, -2.7646474456174995e-06] - [0.2083231549211942, 0.3333260168110713, -0.041670489093958166, -1.006173097696375e-05] - [0.1666633799957642, 0.6666641760734764, 0.16666514667812538, -3.2540388826169203e-06] - [-5.68090806852595e-07, -5.069049902694702e-07, -4.456790092239383e-07, -5.676041240260157e-07]
A2: [0.16667617283599107, -0.16665697738605892, 9.808252344128569e-06, 9.500819681444278e-06] - [0.16669448385105728, 0.3333616417127096, 2.857434920640117e-05, 2.7796232850595565e-05] - [0.16667040256868884, 0.8333371109558738, 3.772794674835197e-06, 3.7307763072048054e-06] - [1.6325454352309855e-06, 1.682408090698821e-06, 1.7275909166430217e-06, 1.6325444777071003e-06]
B1: 0.16665011295074797 - 0.6666605571406113 - 0.16668847520576294 - -1.3445837487779895e-05
B2: 0.1666460264431447 - 0.6666392507476883 - 0.166635787499466 - -2.0504487006577446e-05
