Number: 766
Error: 7.772212723596704e-06
A1: [1.3479103782582633e-06, 1.329583801162366e-06, 1.6697094214998863e-06, 1.4082024709806102e-06] - [0.20834562283026567, 0.33334482547296507, -0.04165436813699502, 1.2554228018456742e-05] - [0.16666892686748694, 0.6666688237459962, 0.16666916320080669, 2.334285260739e-06] - [-1.4486827390823894e-06, -1.2931148455568625e-06, -1.137454319285935e-06, -1.4474427966875092e-06]
A2: [0.16664999149891205, -0.16668392455278877, -1.7888005161409845e-05, -1.66887939906475e-05] - [0.16658213528427096, 0.3332459555165068, -9.035518720539182e-05, -8.458478501819029e-05] - [0.1666393753922379, 0.8333051486235227, -2.909130402090425e-05, -2.730434871746502e-05] - [4.115020616842797e-06, 4.2407644373037915e-06, 4.354713290628268e-06, 4.115018435206233e-06]
B1: 0.16671129255446487 - 0.6666246292786787 - 0.16658213953910964 - 5.1486675467517925e-05
B2: 0.16670434758170116 - 0.6667157789772882 - 0.16672919863263141 - 3.8017197831395294e-05
