Number: 704
Error: 7.807671027597374e-06
A1: [1.5644441594745422e-06, 1.5565493832262937e-06, 1.8779903578317323e-06, 1.6195296442834196e-06] - [0.208346182344563, 0.3333454658731833, -0.04165377708952333, 1.3090802022607217e-05] - [0.16666919511576536, 0.6666690994869048, 0.16666941050227257, 2.5961078575737797e-06] - [-1.330666099467047e-06, -1.1877475112379004e-06, -1.0447427590314564e-06, -1.3295270105117954e-06]
A2: [0.16664963542040806, -0.1666842951266843, -1.82642945501972e-05, -1.704376335871355e-05] - [0.16658213344032047, 0.3332459417559889, -9.035044283519014e-05, -8.458228012516311e-05] - [0.16663986917138568, 0.8333056552517849, -2.8565795653464106e-05, -2.680950431983877e-05] - [3.782188075967236e-06, 3.897758279201982e-06, 4.002487292614071e-06, 3.7821860333788397e-06]
B1: 0.16671187376337288 - 0.6666269045850567 - 0.1665825297822702 - 5.145243470034822e-05
B2: 0.16670510284786186 - 0.6667169594894469 - 0.16673064279459907 - 3.874558908433713e-05
