Number: 887
Error: 3.101424392728019e-06
A1: [-4.773988366957924e-06, -4.126449218608303e-06, -3.063406018812557e-06, -4.698507172773901e-06] - [0.20831811382300833, 0.33332022842067366, -0.0416757980387461, -1.4886971906866093e-05] - [0.16666091157879453, 0.6666616406493812, 0.16666288270256843, -5.6619864015814986e-06] - [-1.6794347658068675e-06, -1.4991376272220467e-06, -1.3187355733786438e-06, -1.6779977001609106e-06]
A2: [0.16667952389910887, -0.16665349059977322, 1.3348112341469608e-05, 1.2841441878379994e-05] - [0.16669447389012867, 0.33336174139989955, 2.8497379226822316e-05, 2.7745334574678237e-05] - [0.16666574104179332, 0.8333323279217565, -1.1884837184079016e-06, -9.40777906997486e-07] - [4.767712008450845e-06, 4.913407028457547e-06, 5.045436831786787e-06, 4.7677095757349195e-06]
B1: 0.16664480796133377 - 0.6666392616974026 - 0.16668490216634532 - -1.2954233639667643e-05
B2: 0.16663844379956033 - 0.6666278417311612 - 0.16662208416085547 - -2.7834141156583077e-05
