Number: 1765
Error: 3.591298204724338e-06
A1: [-7.835503241729205e-06, -7.336240689228186e-06, -6.009186531618984e-06, -7.686300348976349e-06] - [0.20831020672775796, 0.3333111739281586, -0.041684155701333006, -2.2469236647048004e-05] - [0.1666571172367744, 0.6666577396794959, 0.16665938387911894, -9.365348137561459e-06] - [-3.350149590555706e-06, -2.9907735570479606e-06, -2.6312236000498805e-06, -3.347288702344558e-06]
A2: [0.166684577155143, -0.16664823170187495, 1.8688362007439546e-05, 1.7879001471986215e-05] - [0.16669454705571843, 0.33336198490640234, 2.8480546620774562e-05, 2.7756950469126876e-05] - [0.16665876118875378, 0.8333251665309442, -8.61680351348249e-06, -7.935709401011317e-06] - [9.480496488717242e-06, 9.770245673021587e-06, 1.0032832245314149e-05, 9.480493227766776e-06]
B1: 0.16663602081921247 - 0.6666065240454918 - 0.1666788956026291 - -1.3026029381565506e-05
B2: 0.16662821533400543 - 0.6666116016600804 - 0.16660211806176628 - -3.768225388550319e-05
