Number: 2873
Error: 4.199758568580829e-06
A1: [-1.1690255676389279e-05, -1.137784814965641e-05, -9.717415615624475e-06, -1.1448036809438384e-05] - [0.20830026240378963, 0.3332997826223791, -0.0416946667944962, -3.200369390255711e-05] - [0.16665233745175864, 0.6666528255925689, 0.16665497742480068, -1.403034787278226e-05] - [-5.4583134814926225e-06, -4.872949479250345e-06, -4.287371023865156e-06, -5.453664037853973e-06]
A2: [0.16669094253057817, -0.1666416067727324, 2.5416029137236747e-05, 2.422456880566173e-05] - [0.1666945959681942, 0.3333622491773303, 2.8416724988202888e-05, 2.77281794735642e-05] - [0.16664994207862213, 0.8333161184598615, -1.8001610006483703e-05, -1.6773854379311782e-05] - [1.5426697332908523e-05, 1.5898200128987637e-05, 1.6325527150966715e-05, 1.5426695491025317e-05]
B1: 0.16662477128103756 - 0.666565020079843 - 0.16667108991640206 - -1.3277947438515976e-05
B2: 0.16661548558624953 - 0.6665913108991636 - 0.16657715144754465 - -4.993197366219412e-05
