Number: 1992
Error: 7.086598508965598e-06
A1: [-2.910412516135174e-06, -3.1347661190401727e-06, -2.4249550246866786e-06, -2.74719231186085e-06] - [0.20833465015568323, 0.33333225458458554, -0.04166596198007864, 2.0350785760728266e-06] - [0.16666364478826648, 0.6666633938906827, 0.1666642960118603, -2.820766241793803e-06] - [-3.782200206409716e-06, -3.3765053909298517e-06, -2.970624276025592e-06, -3.7789720481634053e-06]
A2: [0.166657051149511, -0.1666765778271985, -1.0427864426187288e-05, -9.651075516914963e-06] - [0.16658224697139065, 0.33324630494138224, -9.03698193687464e-05, -8.455909993031622e-05] - [0.16662963000380807, 0.8332951497489471, -3.946300033594368e-05, -3.707080617098119e-05] - [1.06957691756486e-05, 1.1022663922630217e-05, 1.1318917475766217e-05, 1.0695765983114685e-05]
B1: 0.16669897694339358 - 0.6665788734344716 - 0.16657371465079593 - 5.134102288951093e-05
B2: 0.16668998799829737 - 0.6666930775702377 - 0.16670135205087108 - 2.4189071083830142e-05
