Number: 2319
Error: 3.8965919689432345e-06
A1: [-9.774957077840875e-06, -9.369802097530404e-06, -7.87673070206232e-06, -9.579233283665962e-06] - [0.20830518599815664, 0.3333054269889686, -0.041689465231702236, -2.7284982984661803e-05] - [0.16665471514351726, 0.6666552697541029, 0.16665716710549924, -1.1710034267624621e-05] - [-4.4042598215225255e-06, -3.931889045053061e-06, -3.459317631944682e-06, -4.400503513743875e-06]
A2: [0.16668776049708878, -0.16664491847664753, 2.2053060982925216e-05, 2.1052439425600397e-05] - [0.16669457639385865, 0.3333621221919055, 2.8454052400180192e-05, 2.7747448621857752e-05] - [0.16665435352861213, 0.8333206444213549, -1.3307248119555277e-05, -1.2352885990766866e-05] - [1.2453759564052782e-05, 1.2834390790091043e-05, 1.3179350021214336e-05, 1.245375666860991e-05]
B1: 0.1666304297334513 - 0.666585811204984 - 0.16667503811666112 - -1.3118144546671513e-05
B2: 0.16662188161968228 - 0.6666014498838877 - 0.16658958872778262 - -4.3775962914219734e-05
