Number: 2830
Error: 6.625715114051578e-06
A1: [-5.8273628556095435e-06, -6.1930878848158856e-06, -5.231179594433256e-06, -5.5937902557068545e-06] - [0.20832712379183146, 0.3333236335475014, -0.04167391755373915, -5.1812835307639035e-06] - [0.166660027733307, 0.6666596752697405, 0.16666096133651742, -6.351004140119918e-06] - [-5.377040599042455e-06, -4.8003804987285585e-06, -4.2235066775120524e-06, -5.372459942634128e-06]
A2: [0.16666186558884558, -0.16667156701184505, -5.339342457045249e-06, -4.851627131132108e-06] - [0.16658228486560409, 0.3332465059733092, -9.041693910443444e-05, -8.457999802636925e-05] - [0.16662296003374782, 0.833288306663726, -4.656077944119354e-05, -4.375518243451429e-05] - [1.5192992137482092e-05, 1.565735000049894e-05, 1.607820047913966e-05, 1.5192990190164522e-05]
B1: 0.16669046614004077 - 0.6665474812452435 - 0.166567810587895 - 5.114809191033169e-05
B2: 0.16668036553005922 - 0.6666777320773037 - 0.16668246689835167 - 1.492989407070341e-05
