Number: 1948
Error: 7.110912560270449e-06
A1: [-2.7633062863760043e-06, -2.980576673509986e-06, -2.284342683058282e-06, -2.603774378674197e-06] - [0.20833502095185757, 0.3333326814874798, -0.04166557139019327, 2.3896207097121417e-06] - [0.16666382858933645, 0.6666635826806495, 0.16666446429652038, -2.6415180908154795e-06] - [-3.698456284886223e-06, -3.3017381372828085e-06, -2.904835946246663e-06, -3.6952992870340173e-06]
A2: [0.166656796984142, -0.1666768422529507, -1.0696316106016055e-05, -9.904453765881727e-06] - [0.16658224097980823, 0.3332462905188269, -9.037106832800347e-05, -8.45620047381779e-05] - [0.16662997958224016, 0.8332955084333958, -3.9090925495052116e-05, -3.672047143943074e-05] - [1.0459618354510747e-05, 1.0779294819180424e-05, 1.1069005993783466e-05, 1.0459615140083613e-05]
B1: 0.16669944452148835 - 0.6665805406060638 - 0.16657404163208497 - 5.1371863095033614e-05
B2: 0.1666905150984289 - 0.6666938862839851 - 0.16670232670342766 - 2.4697096222262387e-05
