Number: 3019
Error: 4.279327313091115e-06
A1: [-1.2195766025630332e-05, -1.1907841545296884e-05, -1.0203346159473682e-05, -1.1941293665521127e-05] - [0.20829896178201354, 0.33329829187920196, -0.04169604101925637, -3.325031931578571e-05] - [0.16665171007628296, 0.6666521806565063, 0.16665439950539118, -1.464260223159115e-05] - [-5.7360867371108085e-06, -5.120944845880651e-06, -4.505586999427412e-06, -5.731202297632932e-06]
A2: [0.16669178005479066, -0.166640735071357, 2.6301247600708953e-05, 2.505948292547688e-05] - [0.16669459724622002, 0.3333622787758582, 2.8403041753052952e-05, 2.771922032381946e-05] - [0.16664877858396623, 0.8333149247887797, -1.923965883102181e-05, -1.79398577855118e-05] - [1.621012763186194e-05, 1.670557686389042e-05, 1.7154610178016677e-05, 1.621012618204356e-05]
B1: 0.16662328550710612 - 0.6665595436461752 - 0.1666700493558948 - -1.3314659689923268e-05
B2: 0.1666138051318753 - 0.6665886416530169 - 0.16657387400375667 - -5.154917142419025e-05
