Number: 2800
Error: 6.642139527207601e-06
A1: [-5.720542704396098e-06, -6.081072349860101e-06, -5.12805409566029e-06, -5.48949087372193e-06] - [0.20832740288414076, 0.3333239523712115, -0.04167362200928895, -4.913298102768993e-06] - [0.16666015964245465, 0.6666598109511237, 0.1666610834102976, -6.222205095172414e-06] - [-5.319949170583426e-06, -4.749409552277068e-06, -4.178656686777725e-06, -5.315416842174525e-06]
A2: [0.16666169385747429, -0.16667174579325073, -5.520927231487505e-06, -5.022821837002864e-06] - [0.1665822853864859, 0.3332465006006163, -9.041348565131668e-05, -8.457737229982237e-05] - [0.16662319913871343, 0.8332885519595848, -4.630637262501803e-05, -4.351556166356483e-05] - [1.5032006055132511e-05, 1.549144320819845e-05, 1.590783336044602e-05, 1.5032004036058184e-05]
B1: 0.16669076245452616 - 0.6665485976282375 - 0.16656801549382202 - 5.114663423271629e-05
B2: 0.1666807010704003 - 0.6666782799735644 - 0.16668314939742238 - 1.5252428716910451e-05
