Number: 645
Error: 2.9636302016879585e-06
A1: [-3.938952325093573e-06, -3.2512341672220517e-06, -2.261656292571566e-06, -3.883783363006012e-06] - [0.20832025722333922, 0.3333226853354862, -0.041673535944599535, -1.2833071268086488e-05] - [0.16666194825222383, 0.6666627060390427, 0.1666638365623424, -4.650383128679422e-06] - [-1.2189173210487412e-06, -1.087978677584869e-06, -9.569600284802683e-07, -1.2178737404386854e-06]
A2: [0.1666781324324227, -0.1666549385549187, 1.187792382765962e-05, 1.1454301636274998e-05] - [0.16669446247277536, 0.3333616837110049, 2.851209793013316e-05, 2.775088097067683e-05] - [0.16666766780612308, 0.8333343048672092, 8.621669360541045e-07, 9.901417208057814e-07] - [3.4685987581997444e-06, 3.5745839611256626e-06, 3.670626627480066e-06, 3.468596851834373e-06]
B1: 0.16664712054216155 - 0.6666481851776614 - 0.16668646669395218 - -1.3043801256985867e-05
B2: 0.16664141349327652 - 0.6666324398606491 - 0.16662767873447878 - -2.4969280515426694e-05
