Number: 784
Error: 7.761926658571412e-06
A1: [1.2788749697301897e-06, 1.257171196818823e-06, 1.6023728674451303e-06, 1.340684562441445e-06] - [0.20834543553076612, 0.33334461328729637, -0.04165456739720395, 1.2373612384639605e-05] - [0.16666884274925758, 0.666668737100526, 0.1666690844600354, 2.252038509155111e-06] - [-1.4829444503024118e-06, -1.3237041234797766e-06, -1.1643693190386372e-06, -1.4816752347391613e-06]
A2: [0.1666500938615925, -0.16668381792842693, -1.7779665517776546e-05, -1.6586753316439955e-05] - [0.16658213323601875, 0.33324595707024535, -9.03588567019224e-05, -8.458809584163679e-05] - [0.1666392317598555, 0.8333050012785687, -2.9244111681625224e-05, -2.744829036954844e-05] - [4.2116488574557005e-06, 4.340346284833771e-06, 4.456971853698844e-06, 4.211646636923732e-06]
B1: 0.16671114272018683 - 0.6666239868338792 - 0.16658204359186024 - 5.15155373938336e-05
B2: 0.1667041505026578 - 0.6667154391885587 - 0.1667287619908622 - 3.782792082373236e-05
