Number: 25
Error: 2.5904143272995335e-06
A1: [-2.0233714839083327e-06, -1.2472777077921143e-06, -4.604906162503566e-07, -2.020028334735294e-06] - [0.20832484221511885, 0.3333280154546954, -0.041668763064611945, -8.476507222173058e-06] - [0.16666437548256077, 0.6666651924089549, 0.16666602273820116, -2.2871666363965626e-06] - [-3.906057104705737e-08, -3.4568512763226945e-08, -3.007319882293015e-08, -3.9027354332654e-08]
A2: [0.16667457791616164, -0.1666586346818534, 8.127931374900559e-06, 7.910871277038107e-06] - [0.1666945365222864, 0.33336164907716204, 2.8672604859062914e-05, 2.7868395304797466e-05] - [0.16667264521748903, 0.833339412656235, 6.160501161363411e-06, 5.978198942907513e-06] - [1.4001691719969127e-07, 1.4425741426199114e-07, 1.4809715801973166e-07, 1.4001687924681406e-07]
B1: 0.16665233737554142 - 0.6666704681181733 - 0.16669002395832952 - -1.3979625401581498e-05
B2: 0.16665093067003214 - 0.6666454211538979 - 0.1666424614296995 - -1.5720722189039695e-05
