Number: 859
Error: 3.0856248791605656e-06
A1: [-4.693281322174068e-06, -4.041978259556605e-06, -2.9883195363421085e-06, -4.620135039382488e-06] - [0.20831829777608257, 0.3333204450819455, -0.04167560748296202, -1.471331279275408e-05] - [0.16666101546029877, 0.6666617469576794, 0.16666297521155787, -5.560990145685675e-06] - [-1.6261520601630006e-06, -1.451565403543618e-06, -1.2768765799486293e-06, -1.6247604985031697e-06]
A2: [0.16667936001833447, -0.16665366088729766, 1.3175389524089523e-05, 1.2678061799209294e-05] - [0.1666944647409396, 0.3333617272292482, 2.8491942040803893e-05, 2.7738148609313953e-05] - [0.1666659629581155, 0.8333325556816282, -9.52154850952831e-07, -7.183806803456978e-07] - [4.617413295180744e-06, 4.758514148517358e-06, 4.886380430694316e-06, 4.617410916956463e-06]
B1: 0.16664513397308645 - 0.6666403496448112 - 0.166685135725478 - -1.2906114784518643e-05
B2: 0.166638836546979 - 0.6666283733503114 - 0.16662267881888168 - -2.745352702850448e-05
