Number: 368
Error: 8.003470258952419e-06
A1: [2.704044643897485e-06, 2.7504346827485274e-06, 2.9683651556645975e-06, 2.7309458636417566e-06] - [0.2083490771759585, 0.3333487900957725, -0.04165072929117125, 1.586144319692277e-05] - [0.1666706141621077, 0.66667055691562, 0.1666707115781972, 3.980363402249562e-06] - [-6.910692891659203e-07, -6.167018818838543e-07, -5.422864638056739e-07, -6.904773178252445e-07]
A2: [0.1666477079560323, -0.16668630064868184, -2.0300298272675712e-05, -1.8965216920664125e-05] - [0.16658214199132054, 0.33324588732803967, -9.030303441857688e-05, -8.455016177655795e-05] - [0.1666425521388248, 0.8333084081550933, -2.5710292056819947e-05, -2.4120764292112925e-05] - [1.9784029184422357e-06, 2.038837108111295e-06, 2.09360003987621e-06, 1.9784017671797227e-06]
B1: 0.16671488672312876 - 0.6666391204339034 - 0.16658455147834086 - 5.1130303930300625e-05
B2: 0.16670951057244318 - 0.6667235643132438 - 0.16673856229524733 - 4.300766935126298e-05
