Number: 2344
Error: 6.892442222280146e-06
A1: [-4.135144512985673e-06, -4.418853347494931e-06, -3.6031174978131496e-06, -3.942372694128858e-06] - [0.2083314908833024, 0.33332863561964454, -0.0416693012848857, -9.939784185299847e-07] - [0.16666212598437502, 0.6666618324556589, 0.16666289589288907, -4.30310176064434e-06] - [-4.452126250460043e-06, -3.974617628528051e-06, -3.496907596226063e-06, -4.448329341035223e-06]
A2: [0.1666590750727422, -0.1666744714179523, -8.288820445852596e-06, -7.633449217206517e-06] - [0.16658226895403733, 0.33324639544046414, -9.038357588569065e-05, -8.456181207905344e-05] - [0.16662682975685386, 0.8332922767837894, -4.244295117251491e-05, -3.987710392152515e-05] - [1.2584905149568223e-05, 1.2969543803075489e-05, 1.3318135295866577e-05, 1.2584902288398653e-05]
B1: 0.16669539613839854 - 0.6665656855583273 - 0.1665712376311726 - 5.125419222252126e-05
B2: 0.16668593933854947 - 0.6666866266551804 - 0.16669341608732174 - 2.0293008234709793e-05
