Number: 52
Error: 8.198464851160569e-06
A1: [3.6600643660915876e-06, 3.749899180342896e-06, 3.862868000792767e-06, 3.660569982271907e-06] - [0.2083513305481811, 0.33335141698743004, -0.041648392686444, 1.799846858104997e-05] - [0.16667183031242933, 0.6666718016377161, 0.1666718017195156, 5.163906161718709e-06] - [-8.949661502235855e-08, -7.960024575144185e-08, -6.969698343310343e-08, -8.942014491024094e-08]
A2: [0.1666459031060822, -0.16668817725192792, -2.2203930555110094e-05, -2.0764413837733494e-05] - [0.16658221340775387, 0.33324590479729055, -9.018466945269878e-05, -8.445658166618094e-05] - [0.1666450992227555, 0.8333110219959284, -2.2999036382981898e-05, -2.156825193980049e-05] - [2.819470743463994e-07, 2.90525816960093e-07, 2.982968945005813e-07, 2.819469487692024e-07]
B1: 0.16671730370316873 - 0.6666502668882105 - 0.166586184541735 - 5.041162146054537e-05
B2: 0.16671467949897084 - 0.6667304328436953 - 0.1667462779401219 - 4.803962028694455e-05
