Number: 2310
Error: 6.91114100535966e-06
A1: [-4.0236590346791565e-06, -4.302017271016732e-06, -3.4968949421905104e-06, -3.833735061142812e-06] - [0.20833176860254735, 0.33332895620114866, -0.04166900925456138, -7.288104143096316e-07] - [0.1666622658022193, 0.6666619760049705, 0.16666302347495246, -4.166799743156217e-06] - [-4.387416729072669e-06, -3.916844550730297e-06, -3.4460721946136805e-06, -4.383674717312897e-06]
A2: [0.16665887850757322, -0.16667467589289497, -8.496387244422653e-06, -7.829406158633465e-06] - [0.1665822641378701, 0.33324638415765956, -9.038462965452014e-05, -8.456424289789284e-05] - [0.16662709996499045, 0.8332925540340349, -4.2155347867728444e-05, -3.96063113007622e-05] - [1.2402437443574225e-05, 1.2781498732884725e-05, 1.3125034930101303e-05, 1.2402434538246293e-05]
B1: 0.16669576432551023 - 0.6665669809354957 - 0.16657149769844315 - 5.128491600001776e-05
B2: 0.16668635318614827 - 0.6666872513008701 - 0.1666941617720684 - 2.0692115311119673e-05
