Number: 310
Error: 8.03819762687252e-06
A1: [2.8929966450006604e-06, 2.948228841235897e-06, 3.1477625073116626e-06, 2.9150401513273678e-06] - [0.20834954535681008, 0.3333493302965756, -0.04165023890843511, 1.630821673428465e-05] - [0.16667085114859193, 0.6666708000071012, 0.16667092715860385, 4.211351824177259e-06] - [-5.806582815209666e-07, -5.181241486806216e-07, -4.5554914525750156e-07, -5.801608531310131e-07]
A2: [0.1666473761685287, -0.1666866457881855, -2.065057959780042e-05, -1.9295966841922242e-05] - [0.16658214940285762, 0.3332458842667055, -9.02881337513214e-05, -8.453868216328168e-05] - [0.1666430173076828, 0.8333088854732087, -2.5215191644580056e-05, -2.3654599038942854e-05] - [1.667029112628858e-06, 1.7179455710003686e-06, 1.7640833695125296e-06, 1.6670281374675658e-06]
B1: 0.16671536597276834 - 0.6666411946240769 - 0.16658487226187874 - 5.103392189521132e-05
B2: 0.1667103505414356 - 0.6667247588458551 - 0.16673995750596796 - 4.382249741571729e-05
