Number: 1104
Error: 7.580986850306375e-06
A1: [1.8566952132119622e-07, 1.1133002037490964e-07, 5.541703682094592e-07, 2.7432815037430715e-07] - [0.20834264547829578, 0.3333414106554037, -0.041657510419633205, 9.701867049936694e-06] - [0.16666748267865744, 0.6666673395986179, 0.16666783497500098, 9.251082532189487e-07] - [-2.0920512907214484e-06, -1.867524727252236e-06, -1.6428732620769713e-06, -2.0902620643156826e-06]
A2: [0.16665193904897643, -0.166681898032485, -1.5830395230885623e-05, -1.4747290498658948e-05] - [0.16658216725299474, 0.33324605245115385, -9.035919287356318e-05, -8.457652512216987e-05] - [0.16663668807812454, 0.8333023913137539, -3.195150259950128e-05, -2.9997470549667645e-05] - [5.929435123631571e-06, 6.110639653367896e-06, 6.2748507544216705e-06, 5.9294323299066795e-06]
B1: 0.16670794597480243 - 0.6666120611210765 - 0.1665798616799957 - 5.149528645868081e-05
B2: 0.1667002663161626 - 0.6667094353275383 - 0.16672147623632366 - 3.408244727208648e-05
