Number: 265
Error: 2.7403382152970554e-06
A1: [-2.6737775077772954e-06, -1.926209956146099e-06, -1.0552383936971364e-06, -2.6504601374282006e-06] - [0.2083234357506978, 0.3333263432821704, -0.04167019680399343, -9.794901729851573e-06] - [0.16666352871213094, 0.666664328407986, 0.16666528060689173, -3.1092459301525754e-06] - [-4.957765216618113e-07, -4.423406415608568e-07, -3.8886938208857444e-07, -4.953517788403641e-07]
A2: [0.16667595506333358, -0.16665720383486515, 9.578505115619503e-06, 9.283726483584532e-06] - [0.16669448876471876, 0.3333616399776604, 2.858458588157166e-05, 2.7803810469402898e-05] - [0.16667070773707196, 0.8333374241181456, 4.097638192994834e-06, 4.036597166883546e-06] - [1.428533401631658e-06, 1.472160019639142e-06, 1.5116916638911439e-06, 1.4285325631603038e-06]
B1: 0.16665042946822625 - 0.6666619199620748 - 0.16668869063172137 - -1.3506417002449894e-05
B2: 0.16664661269653816 - 0.6666400491585188 - 0.16663669613937443 - -1.9934697332879282e-05
