Number: 1867
Error: 3.6476773179854695e-06
A1: [-8.193993251403111e-06, -7.712135513572975e-06, -6.354591946042796e-06, -8.036223590415302e-06] - [0.2083092766833584, 0.33331010986530746, -0.04168513953928512, -2.336153452993297e-05] - [0.1666566735547196, 0.6666572834302664, 0.16665897416332806, -9.798458869402663e-06] - [-3.544232040502831e-06, -3.164051829727669e-06, -2.7836918053142932e-06, -3.541206119435294e-06]
A2: [0.1666851633974924, -0.1666476215341331, 1.9308018352332954e-05, 1.8463420348191966e-05] - [0.1666945532555874, 0.3333620110095684, 2.847652341642617e-05, 2.775599954381105e-05] - [0.16665794994559532, 0.8333243342187614, -9.48010564183141e-06, -8.748704541472633e-06] - [1.0027944667770699e-05, 1.033442743017627e-05, 1.0612180450297602e-05, 1.0027941422391368e-05]
B1: 0.16663499593660505 - 0.6666027158008259 - 0.16667819159155078 - -1.3038443818525489e-05
B2: 0.16662705185718613 - 0.6666097308543723 - 0.1665998049080636 - -3.8801543116607945e-05
