Number: 2903
Error: 4.216126935692227e-06
A1: [-1.1797082603202563e-05, -1.1489871897730011e-05, -9.820551246878357e-06, -1.1552343047411458e-05] - [0.20829998325225102, 0.33329946373617636, -0.041694962406643686, -3.227173885804529e-05] - [0.16665220555340934, 0.6666526899181142, 0.1666548553533895, -1.4159136251897852e-05] - [-5.5153900698561886e-06, -4.92390721575837e-06, -4.332209527072447e-06, -5.510692326958338e-06]
A2: [0.16669111415457905, -0.166641428100973, 2.5597504763487937e-05, 2.4395656507866905e-05] - [0.16669459504203948, 0.33336225413631143, 2.841286006810342e-05, 2.772514989084569e-05] - [0.16664970288334457, 0.8333158730719209, -1.8256108136350056e-05, -1.7013565122943255e-05] - [1.5587679505803145e-05, 1.6064102903268088e-05, 1.6495890187154032e-05, 1.5587677740597888e-05]
B1: 0.16662447556085924 - 0.6665639040142614 - 0.1666708849947182 - -1.3275905483756101e-05
B2: 0.16661515029826116 - 0.666590763224237 - 0.16657646908053678 - -5.0254264735895244e-05
