Number: 183
Error: 2.6901069955736395e-06
A1: [-2.407400206893925e-06, -1.6474943069254201e-06, -8.026943712404506e-07, -2.3909497069410603e-06] - [0.2083240943961197, 0.33332710311753516, -0.04166950802984886, -9.166517669580806e-06] - [0.16666386279041323, 0.6666646709770603, 0.16666558414061108, -2.783646607195108e-06] - [-3.397294547932852e-07, -3.030173092205989e-07, -2.6628037207778245e-07, -3.394384176923634e-07]
A2: [0.16667548918778738, -0.16665768849947435, 9.086645098105831e-06, 8.819317045255688e-06] - [0.1666945127906571, 0.33336164954023423, 2.8619828838058047e-05, 2.783358453906044e-05] - [0.16667136889595782, 0.8333381025351988, 4.801262667876484e-06, 4.699163912255751e-06] - [9.882808043563194e-07, 1.0184502216917437e-06, 1.0457868259539168e-06, 9.882802311378011e-07]
B1: 0.16665101747053152 - 0.666664773751046 - 0.16668907640254904 - -1.3732147790897355e-05
B2: 0.16664787381573717 - 0.6666418086119688 - 0.1666387360425199 - -1.8709102141717596e-05
