Number: 13
Error: 2.582872208445503e-06
A1: [-2.0566354422922996e-06, -1.2828299517752534e-06, -5.039692412003066e-07, -2.054228642840499e-06] - [0.20832464759391575, 0.33332781917056936, -0.041668986228727854, -8.675280879703886e-06] - [0.16666435129232085, 0.6666651653288201, 0.16666598581054992, -2.3125284373026703e-06] - [-1.6240213599663613e-08, -1.4195695630294708e-08, -1.2149639229455904e-08, -1.622657807025406e-08]
A2: [0.16667449836113513, -0.16665871635299329, 8.04587079435104e-06, 7.831530961840562e-06] - [0.16669451181732342, 0.33336162395605107, 2.865302086095688e-05, 2.7844532159648446e-05] - [0.1666727392522847, 0.833339509433735, 6.261193865993818e-06, 6.072439920162295e-06] - [7.559609331309483e-08, 7.786753528743114e-08, 7.992292568339186e-08, 7.559609588028132e-08]
B1: 0.16665263381085327 - 0.6666710886126181 - 0.16669027575089956 - -1.3802056988491062e-05
B2: 0.16665138280950348 - 0.6666457208334432 - 0.16664256437007033 - -1.5273781624441495e-05
