Number: 1891
Error: 3.6609108702132344e-06
A1: [-8.269884645850472e-06, -7.79164700960245e-06, -6.426454600426404e-06, -8.110107395669579e-06] - [0.20830909191696131, 0.33330989547874723, -0.04168533313685848, -2.3537452061254602e-05] - [0.16665657770623588, 0.6666571851050374, 0.1666588872670019, -9.89182819621271e-06] - [-3.5898988862139077e-06, -3.2048238402018474e-06, -2.819567658764953e-06, -3.5868341444802074e-06]
A2: [0.16668530274856694, -0.1666474766250524, 1.94550845678657e-05, 1.8602342308031322e-05] - [0.1666945583697478, 0.3333620206188323, 2.8478844902068943e-05, 2.7759430909079472e-05] - [0.1666577594735755, 0.8333241387665921, -9.68287390290742e-06, -8.939588859435141e-06] - [1.0156749983579347e-05, 1.04671698811748e-05, 1.0748491340091439e-05, 1.015674674522782e-05]
B1: 0.16663472708626492 - 0.6666017932146704 - 0.16667800057469132 - -1.3069091224151883e-05
B2: 0.16662674933699537 - 0.666609288271646 - 0.16659928606660387 - -3.909366380983117e-05
