Number: 467
Error: 2.8605236008800546e-06
A1: [-3.345571670132296e-06, -2.6296328673446875e-06, -1.695425645102826e-06, -3.3053233464358223e-06] - [0.20832174949471302, 0.3333244028852713, -0.041671967019232856, -1.1406549790221693e-05] - [0.166662689513869, 0.6666634670986563, 0.1666645142600142, -3.927541739931394e-06] - [-8.801845508861815e-07, -7.85550110921904e-07, -6.908556969112983e-07, -8.794306942413689e-07]
A2: [0.16667710910821704, -0.166656003153014, 1.0797248402013458e-05, 1.0434159846861559e-05] - [0.1666944603816884, 0.33336164844876887, 2.853094382559911e-05, 2.7761267608860697e-05] - [0.166669087992335, 0.8333357621189665, 2.3737793635730566e-06, 2.413384239282792e-06] - [2.5130157032164993e-06, 2.5897916624857977e-06, 2.659363892131709e-06, 2.513014262105957e-06]
B1: 0.16664877232601774 - 0.6666547089903878 - 0.16668758701250874 - -1.3158761159295015e-05
B2: 0.1666437636944393 - 0.6666359220784024 - 0.16663182411761693 - -2.269619136998041e-05
