Number: 684
Error: 7.819147721675686e-06
A1: [1.6358621112397486e-06, 1.6314174579775542e-06, 1.946916078607719e-06, 1.6892665392837297e-06] - [0.20834636914139154, 0.33334567910542356, -0.04165357943457625, 1.3270192714354887e-05] - [0.16666928322870467, 0.666669190103161, 0.16666949203073422, 2.6821464714073557e-06] - [-1.2925962540806154e-06, -1.1537581045115053e-06, -1.0148359145546612e-06, -1.2914897048336642e-06]
A2: [0.16664952089191476, -0.16668441434248565, -1.83853662904158e-05, -1.7157934066386506e-05] - [0.1665821338290796, 0.33324593827327176, -9.034798627224232e-05, -8.458048852122615e-05] - [0.16664002861092506, 0.8333058188338551, -2.8396126029455075e-05, -2.6649721156340707e-05] - [3.674822068472753e-06, 3.787110439296936e-06, 3.888865304200381e-06, 3.674820072487149e-06]
B1: 0.166712053889294 - 0.6666276316554139 - 0.16658264922521757 - 5.14340254554436e-05
B2: 0.16670534292371217 - 0.6667173416149572 - 0.16673111510161842 - 3.89769957219638e-05
