Number: 2581
Error: 4.040213584778851e-06
A1: [-1.0679210352510569e-05, -1.0317832529413277e-05, -8.74552474170817e-06, -1.0461499054053521e-05] - [0.20830286372131088, 0.3333027641905567, -0.041691918263617844, -2.951037059539161e-05] - [0.16665359222920603, 0.6666541154925428, 0.16665613328602735, -1.2805813851872762e-05] - [-4.902754757273156e-06, -4.376946702631898e-06, -3.850929874354045e-06, -4.898575779624339e-06]
A2: [0.16668926630784822, -0.16664335135313307, 2.3644414438429144e-05, 2.2553566273198047e-05] - [0.16669458894486028, 0.3333621855074009, 2.8439620916161142e-05, 2.7741629905934505e-05] - [0.16665226796747268, 0.8333185047008195, -1.552661390368018e-05, -1.4442948399296429e-05] - [1.3859771809225482e-05, 1.4283379633525061e-05, 1.4667293128982845e-05, 1.3859769326311844e-05]
B1: 0.16662774675691683 - 0.6665759736969734 - 0.16667316829678244 - -1.3200649064098945e-05
B2: 0.1666188493743459 - 0.6665966523198618 - 0.16658370932147523 - -4.66946965766863e-05
