Number: 1432
Error: 7.39741070699174e-06
A1: [-9.638414614647479e-07, -1.0938901631643649e-06, -5.527327148583939e-07, -8.476356320517434e-07] - [0.20833966857041195, 0.3333380038022221, -0.0416606582361072, 6.846334193816397e-06] - [0.1666660591489348, 0.6666658759413033, 0.16666652126364734, -4.6442628158256564e-07] - [-2.716357928747218e-06, -2.424913034876599e-06, -2.1333166551227384e-06, -2.714036513141222e-06]
A2: [0.16665382700635392, -0.16667993317627358, -1.3835098747447101e-05, -1.2865200775266387e-05] - [0.1665821964427565, 0.33324614550473713, -9.03632734892214e-05, -8.457034372133073e-05] - [0.16663408126647106, 0.833299716720403, -3.472580384649592e-05, -3.260991872714541e-05] - [7.690065154838787e-06, 7.925086166816735e-06, 8.138071024000885e-06, 7.690062008273498e-06]
B1: 0.16670467397646796 - 0.6665998439779686 - 0.16657763346500767 - 5.147926496732156e-05
B2: 0.1666964644765219 - 0.6667033697284392 - 0.16671400031493586 - 3.042278980509898e-05
