Number: 2359
Error: 3.918498921533172e-06
A1: [-9.89343958257965e-06, -9.493868975420072e-06, -7.98760152575858e-06, -9.694377638276287e-06] - [0.20830491027704193, 0.333305103707704, -0.041689752061109926, -2.7545987265222077e-05] - [0.16665456348091404, 0.6666551144168898, 0.16665703126757944, -1.1857573022400915e-05] - [-4.480368967657594e-06, -3.999840458216835e-06, -3.5191098834729763e-06, -4.476548094699345e-06]
A2: [0.1666879937996707, -0.16664467597849603, 2.229908360114455e-05, 2.128502676008917e-05] - [0.16669458730371223, 0.33336214041715695, 2.845994611970822e-05, 2.775555341738475e-05] - [0.16665403619962949, 0.8333203187711276, -1.3645114320865463e-05, -1.2670902299703455e-05] - [1.2668412036719685e-05, 1.3055604429071036e-05, 1.340651067891772e-05, 1.2668409194284422e-05]
B1: 0.16662995568565797 - 0.6665842479554003 - 0.1666746944132584 - -1.3195224664573645e-05
B2: 0.16662135164327954 - 0.6666007114035889 - 0.1665887494609371 - -4.4288603558963774e-05
