Number: 1918
Error: 7.127518547070297e-06
A1: [-2.656466730555585e-06, -2.8685407482790056e-06, -2.1811971655709444e-06, -2.499455842830882e-06] - [0.20833530010788923, 0.3333330003754899, -0.041665275784362896, 2.6576692081793246e-06] - [0.1666639605173129, 0.666663718380856, 0.16666458638628498, -2.512700720471381e-06] - [-3.641359532270542e-06, -3.2507619334892206e-06, -2.8599818754365554e-06, -3.6382510595071995e-06]
A2: [0.1666566248000062, -0.16667702148780666, -1.0878353763258376e-05, -1.0076101230666824e-05] - [0.16658223978821912, 0.33324628343425355, -9.036932322545155e-05, -8.456109172364412e-05] - [0.1666302182667699, 0.8332957533092644, -3.8836938145955606e-05, -3.648127125818356e-05] - [1.0298605218899533e-05, 1.0613360097388384e-05, 1.0898610549991657e-05, 1.0298601992097156e-05]
B1: 0.16669974151179048 - 0.6665816564568072 - 0.1665742446666854 - 5.137105927253544e-05
B2: 0.16669085252639382 - 0.6666944361099111 - 0.16670301117531575 - 2.5021519282614755e-05
