Number: 1857
Error: 3.642150679144042e-06
A1: [-8.15837667821794e-06, -7.674786291284844e-06, -6.320205574903266e-06, -8.001447343233144e-06] - [0.20830936975894646, 0.3333102161859703, -0.041685040977786025, -2.3272161385276304e-05] - [0.16665671752819738, 0.6666573286624383, 0.1666590148600531, -9.755522242517126e-06] - [-3.525204481974958e-06, -3.147063910013203e-06, -2.7687440821640935e-06, -3.522194737056281e-06]
A2: [0.16668510601436964, -0.16664768126676577, 1.9247351324632567e-05, 1.84062159937562e-05] - [0.16669455290186536, 0.33336200869439325, 2.847715093480741e-05, 2.7756346870819513e-05] - [0.16665802951461822, 0.8333244158521824, -9.395435285053262e-06, -8.66896375625128e-06] - [9.97427349402677e-06, 1.0279115717449702e-05, 1.0555381831307403e-05, 9.974270246110078e-06]
B1: 0.1666350947612671 - 0.6666030876064428 - 0.16667825916488524 - -1.3038881598261874e-05
B2: 0.1666271643590972 - 0.6666099141685008 - 0.1666000331365283 - -3.869337320488025e-05
