Number: 1630
Error: 7.2872129242948566e-06
A1: [-1.6499393971746808e-06, -1.8132040113033455e-06, -1.2122860422413224e-06, -1.5171123816731822e-06] - [0.20833790291439228, 0.3333359802716527, -0.0416625237388778, 5.153916154632734e-06] - [0.16666520768659357, 0.6666650006750706, 0.16666573692728937, -1.2953755965000056e-06] - [-3.093216899250403e-06, -2.761376422680813e-06, -2.429370634303558e-06, -3.0905746158594954e-06]
A2: [0.16665496778982852, -0.16667874602361338, -1.262962464915168e-05, -1.172795935150351e-05] - [0.16658221690766603, 0.33324620441124686, -9.036312360412391e-05, -8.456376848417896e-05] - [0.16663250793086462, 0.8332981024630834, -3.640025824225122e-05, -3.418665717284104e-05] - [8.752832516610068e-06, 9.020338633910818e-06, 9.262765450480227e-06, 8.752829273366565e-06]
B1: 0.16670265624748393 - 0.666592427382587 - 0.16657624746141403 - 5.1426985562363605e-05
B2: 0.1666941609388072 - 0.6666997238499897 - 0.16670952854651788 - 2.82050839316372e-05
