Number: 2515
Error: 4.004097222813934e-06
A1: [-1.0458560528285127e-05, -1.0086555798137679e-05, -8.534608739445675e-06, -1.02463811674173e-05] - [0.20830341997289245, 0.3333034046083139, -0.04169133230028577, -2.897849854116646e-05] - [0.16665386788780276, 0.6666543986427637, 0.16665638569174035, -1.2536983694346662e-05] - [-4.777180036941098e-06, -4.264833026257627e-06, -3.7522790206654847e-06, -4.773107486292966e-06]
A2: [0.16668888587796538, -0.16664374716780292, 2.3242559572908018e-05, 2.2174316358947636e-05] - [0.16669458302948512, 0.3333621669623866, 2.8440828275597e-05, 2.774034228125457e-05] - [0.16665279307402517, 0.8333190434696363, -1.4967761375525697e-05, -1.3916707852379156e-05] - [1.3505595905636173e-05, 1.39183778834605e-05, 1.4292478663852288e-05, 1.3505593304290419e-05]
B1: 0.16662844588909068 - 0.6665784743585537 - 0.16667366110875315 - -1.315657242351772e-05
B2: 0.16661963708818686 - 0.6665978624825774 - 0.16658516853041191 - -4.5935579707103366e-05
