Number: 2768
Error: 6.659655688877748e-06
A1: [-5.611391614498675e-06, -5.966648830736301e-06, -5.023382539538616e-06, -5.383024024469966e-06] - [0.20832768128529638, 0.3333242720680032, -0.04167332822793652, -4.646725837403886e-06] - [0.16666029550393044, 0.6666599505642434, 0.1666612082365677, -6.089656447633796e-06] - [-5.259050017582459e-06, -4.69503883608484e-06, -4.130814953823674e-06, -5.254569247704743e-06]
A2: [0.16666150984800618, -0.166671937282159, -5.715363667328658e-06, -5.206258859907763e-06] - [0.1665822837677136, 0.33324649280270496, -9.041175595480524e-05, -8.45767459083567e-05] - [0.166623453925643, 0.8332888133631839, -4.603523690776717e-05, -4.3260224546818086e-05] - [1.4860286676079522e-05, 1.5314475034293493e-05, 1.57261074853279e-05, 1.486028458271566e-05]
B1: 0.1666910941464975 - 0.6665498033266213 - 0.1665682482120635 - 5.116071481624865e-05
B2: 0.1666810755112833 - 0.6666788659884644 - 0.16668386322867115 - 1.561299617645743e-05
