Number: 2457
Error: 3.9722857813414475e-06
A1: [-1.0247223019752156e-05, -9.864900665596163e-06, -8.329868166388881e-06, -1.0039921799704496e-05] - [0.2083039790088575, 0.3333040415507296, -0.04169073927179906, -2.84409543479917e-05] - [0.16665412774668098, 0.6666546660744963, 0.16665662709403495, -1.2283142500628984e-05] - [-4.666827956920953e-06, -4.166310938595294e-06, -3.6655886386082228e-06, -4.662848957335889e-06]
A2: [0.16668855447197484, -0.16664409224088733, 2.2892023096025655e-05, 2.184394718134037e-05] - [0.1666945853750512, 0.33336215782259565, 2.8448636902243926e-05, 2.7746754124453735e-05] - [0.16665325537672293, 0.8333195177319509, -1.4475899697396644e-05, -1.3453408755555507e-05] - [1.3194337463749318e-05, 1.3597605440074095e-05, 1.3963082638589851e-05, 1.319433476641779e-05]
B1: 0.1666290029432296 - 0.6665806170032402 - 0.16667404168180863 - -1.3175224577478476e-05
B2: 0.16662027028148024 - 0.666598921257385 - 0.1665865035040472 - -4.53275116010962e-05
