Number: 1509
Error: 3.449419627971206e-06
A1: [-6.9380300259576905e-06, -6.395219344465e-06, -5.1448244570909954e-06, -6.810326262493313e-06] - [0.2083125317867182, 0.3333138348013566, -0.04168169672844401, -2.0238906239321096e-05] - [0.16665822849116646, 0.6666588823383327, 0.1666604096066128, -8.280624322774714e-06] - [-2.8630315985261858e-06, -2.555869980410583e-06, -2.2485511599226246e-06, -2.860585254236888e-06]
A2: [0.16668310480945775, -0.1666497640730058, 1.7132201746237444e-05, 1.6411232373507605e-05] - [0.16669452826686615, 0.3333619162336362, 2.8487560838471015e-05, 2.775610835574e-05] - [0.16666079659955213, 0.8333272548320897, -6.450712381667539e-06, -5.89590172214264e-06] - [8.106462956049073e-06, 8.354212648655762e-06, 8.578733748954982e-06, 8.106459758891755e-06]
B1: 0.16663859665167607 - 0.6666160837409998 - 0.16668066222728453 - -1.2991320399553254e-05
B2: 0.1666311505700864 - 0.6666163050204279 - 0.16660792408442832 - -3.485791921587251e-05
