Number: 2094
Error: 7.030240423996242e-06
A1: [-3.268856161202201e-06, -3.5106086116742542e-06, -2.770302000565458e-06, -3.097069193260909e-06] - [0.20833372039341785, 0.3333311908149803, -0.041666945510782004, 1.1430631415181463e-06] - [0.1666632010932056, 0.6666629376413973, 0.16666388630812576, -3.2538900967476014e-06] - [-3.9763281144156675e-06, -3.5498235309669147e-06, -3.1231277329678864e-06, -3.972935053306405e-06]
A2: [0.16665763724054472, -0.16667596780373659, -9.808353127342514e-06, -9.066809163773997e-06] - [0.1665822525881311, 0.3332463304908689, -9.037439899084832e-05, -8.456063894853245e-05] - [0.16662881858696016, 0.8332943172696474, -4.0326471366294365e-05, -3.788397630019624e-05] - [1.124320237300111e-05, 1.1586830148224141e-05, 1.1898249995996252e-05, 1.1243199247868947e-05]
B1: 0.16669795066207999 - 0.6665750633444476 - 0.1665730083967323 - 5.1327220175483414e-05
B2: 0.16668882595057008 - 0.6666912083550948 - 0.16669904084350137 - 2.3071240933536885e-05
