Number: 970
Error: 7.656477940652013e-06
A1: [6.53765230322794e-07, 6.020694436028951e-07, 1.0046265468007045e-06, 7.311710344443726e-07] - [0.20834385542988665, 0.33334279579523757, -0.04165623156985328, 1.0862237888565423e-05] - [0.1666680626651311, 0.6666679358652448, 0.16666836986648617, 1.4912074143435805e-06] - [-1.8369922904119423e-06, -1.639804389449618e-06, -1.4425037811195178e-06, -1.8354207199197943e-06]
A2: [0.16665116774604166, -0.1666827007207075, -1.6645488595881304e-05, -1.5516196275381583e-05] - [0.16658215590381567, 0.3332460151194243, -9.03567366339411e-05, -8.457847482365467e-05] - [0.16663775332956515, 0.833303484279317, -3.081778172221058e-05, -2.8929916562125412e-05] - [5.210123413891218e-06, 5.369340970415642e-06, 5.513625788293683e-06, 5.2101208329516005e-06]
B1: 0.16670926692712632 - 0.666617037435614 - 0.1665807579443285 - 5.1486050046371576e-05
B2: 0.1667018438263555 - 0.666711932744614 - 0.16672454456043365 - 3.560187167286624e-05
