Number: 2653
Error: 4.079609553386686e-06
A1: [-1.0930809834913808e-05, -1.0581636491061941e-05, -8.987728464591256e-06, -1.070705329981011e-05] - [0.20830221303775218, 0.33330201922563885, -0.04169260628693748, -3.0134416394052925e-05] - [0.1666532805072876, 0.666653794979632, 0.16665584569402617, -1.31100761157834e-05] - [-5.039743049890449e-06, -4.499249868310741e-06, -3.958546180911811e-06, -5.035448008437794e-06]
A2: [0.16668967937918494, -0.1666429214066316, 2.4081047479297243e-05, 2.296535045356797e-05] - [0.16669459021535127, 0.33336220079741585, 2.8433619891738313e-05, 2.7737852209593457e-05] - [0.16665169448065645, 0.8333179163389585, -1.6136853913025846e-05, -1.5017672254002037e-05] - [1.424614627372469e-05, 1.4681564111348475e-05, 1.5076182459336005e-05, 1.424614393115091e-05]
B1: 0.16662702009801547 - 0.6665732798853058 - 0.16667266299959774 - -1.3212675704090847e-05
B2: 0.16661802745420903 - 0.6665953355959211 - 0.1665820850847784 - -4.748542321325582e-05
