Number: 1633
Error: 3.5182077094326877e-06
A1: [-7.3701400010512765e-06, -6.848275016303147e-06, -5.560600011197684e-06, -7.232025022316074e-06] - [0.2083114160804855, 0.3333125570314975, -0.04168287610563835, -2.1308738207931314e-05] - [0.16665769286049237, 0.6666583316457302, 0.16665991570303793, -8.803406621769217e-06] - [-3.0989811317767057e-06, -2.7665282211930904e-06, -2.4339096623234215e-06, -3.096333931126989e-06]
A2: [0.16668381851766925, -0.16664902131282197, 1.788646040977801e-05, 1.7122723779858865e-05] - [0.16669453887775593, 0.3333619509447992, 2.848554491093385e-05, 2.7758026294353672e-05] - [0.1666598109152113, 0.8333262435208301, -7.49971172761713e-06, -6.883715772371144e-06] - [8.772017518882199e-06, 9.040110949160585e-06, 9.283070101411323e-06, 8.772014272459559e-06]
B1: 0.16663734141483763 - 0.6666114463116987 - 0.16667980022169757 - -1.3015702124034379e-05
B2: 0.16662971838628934 - 0.666614024531428 - 0.1666051180760669 - -3.623638469170816e-05
