Number: 1455
Error: 3.419430388657336e-06
A1: [-6.755251065404641e-06, -6.203623533434279e-06, -4.969768314910579e-06, -6.632076085540423e-06] - [0.20831299591334052, 0.333314368276785, -0.04168120732881838, -1.979473639041197e-05] - [0.16665845629330245, 0.666659116391754, 0.16666061862100898, -8.058412308649313e-06] - [-2.7602781873713768e-06, -2.464130368111185e-06, -2.1678292284681343e-06, -2.757919349269892e-06]
A2: [0.16668279303810585, -0.16665008844962761, 1.680286683507276e-05, 1.610042644504975e-05] - [0.16669452109309657, 0.333361898688308, 2.8486140677651926e-05, 2.7752720335859986e-05] - [0.16666122553642596, 0.8333276949445568, -5.994170936882437e-06, -5.466037385034164e-06] - [7.81662253508218e-06, 8.055512778654151e-06, 8.272004404633011e-06, 7.816619370162777e-06]
B1: 0.16663916008238047 - 0.6666181191721869 - 0.16668105261161636 - -1.296389523318323e-05
B2: 0.16663179385613655 - 0.6666173008927749 - 0.166609131042902 - -3.4238027883233e-05
