Number: 1470
Error: 7.376208554686872e-06
A1: [-1.1039998671999832e-06, -1.2408986953729506e-06, -6.887470789559832e-07, -9.845959640792603e-07] - [0.2083392955431838, 0.333337579369903, -0.04166105425276444, 6.487395498116476e-06] - [0.1666658871646637, 0.6666656989082862, 0.16666636120200015, -6.324654533422168e-07] - [-2.78868321953852e-06, -2.4894855284342167e-06, -2.1901335693285015e-06, -2.786300202126096e-06]
A2: [0.16665404451712262, -0.16667970669533785, -1.3605026894832111e-05, -1.2648369792719766e-05] - [0.16658219666033502, 0.3332461532861069, -9.036657254040756e-05, -8.45727918042785e-05] - [0.16663377888758402, 0.8332994065099326, -3.5047543850466735e-05, -3.291295066596504e-05] - [7.894033774596673e-06, 8.135289393807857e-06, 8.353924764644818e-06, 7.894030602631085e-06]
B1: 0.16670431539683445 - 0.666598448037584 - 0.16657739371167735 - 5.149791752993835e-05
B2: 0.16669605042530247 - 0.66670267161385 - 0.16671311580738377 - 3.002521048663463e-05
