Number: 1301
Error: 3.3336851682852565e-06
A1: [-6.2161817374461035e-06, -5.638416186999055e-06, -4.450737244922281e-06, -6.105939381330847e-06] - [0.20831439123775605, 0.3333159653758149, -0.041679731929224834, -1.8456394748389603e-05] - [0.1666591239389126, 0.6666598028699549, 0.16666123469430252, -7.406726411735901e-06] - [-2.467238606671736e-06, -2.202501055057696e-06, -1.937621936320595e-06, -2.465129442966058e-06]
A2: [0.1666819068404604, -0.16665101074229058, 1.586627899623e-05, 1.5216981917073263e-05] - [0.16669450823017426, 0.3333618558682985, 2.8488904328131926e-05, 2.7750653158863526e-05] - [0.16666244964646057, 0.8333289508821747, -4.691427688423427e-06, -4.239282578183293e-06] - [6.990014462271869e-06, 7.203638058878278e-06, 7.397230320803376e-06, 6.990011425082971e-06]
B1: 0.16664070404577505 - 0.6666238635263426 - 0.16668210791210022 - -1.2948599037095751e-05
B2: 0.16663357261473113 - 0.666620140648799 - 0.16661263130276446 - -3.252598236618848e-05
