Number: 628
Error: 7.85134568965255e-06
A1: [1.8215158433277419e-06, 1.8259183867791756e-06, 2.123965438146058e-06, 1.8702270108240968e-06] - [0.20834683448486085, 0.33334621519638485, -0.04165309023082639, 1.371485419038762e-05] - [0.1666695154627182, 0.666669428526122, 0.16666970418759047, 2.908586195277529e-06] - [-1.1859979403846962e-06, -1.0585849058322375e-06, -9.310938741749074e-07, -1.1849825217471196e-06]
A2: [0.1666491979656165, -0.16668475026681745, -1.8726355058186028e-05, -1.7479858562303873e-05] - [0.16658212937357905, 0.3332459233185115, -9.034595555055068e-05, -8.458101606936254e-05] - [0.166640474515486, 0.833306276381483, -2.7921487735043e-05, -2.6202854459028808e-05] - [3.37419575033874e-06, 3.477294928706079e-06, 3.5707221507030395e-06, 3.3741938892905204e-06]
B1: 0.16671259896576746 - 0.666629706734812 - 0.1665830214973164 - 5.1423245835208485e-05
B2: 0.16670606909699118 - 0.6667184208406929 - 0.16673239968277065 - 3.967889447069396e-05
