Number: 1184
Error: 7.536060627089715e-06
A1: [-9.943521355300324e-08, -1.8762082070845861e-07, 2.7894142304800306e-07, -4.053139969629999e-09] - [0.20834190035179392, 0.3333405596223631, -0.041658299313127, 8.986362635686228e-06] - [0.16666713069926312, 0.66666697757009, 0.1666675092579062, 5.814251139047167e-07] - [-2.2443223929027196e-06, -2.0034742063658227e-06, -1.762494208579209e-06, -2.242403289538282e-06]
A2: [0.16665239869001444, -0.16668141960004929, -1.534450064588446e-05, -1.42890805968529e-05] - [0.16658217208693468, 0.33324607294845854, -9.036229345095006e-05, -8.457730288487995e-05] - [0.16663605196989037, 0.8333017386814073, -3.2628444707877605e-05, -3.0634953487839734e-05] - [6.358866865901093e-06, 6.553197678542642e-06, 6.729304951383358e-06, 6.358863964042379e-06]
B1: 0.16670716866832244 - 0.6666091011775588 - 0.16657933721482016 - 5.151213703826591e-05
B2: 0.16669935021813037 - 0.6667079523714723 - 0.16671963378890486 - 3.320102714629634e-05
