Number: 3051
Error: 4.296748082431975e-06
A1: [-1.230492251703064e-05, -1.2022271628856485e-05, -1.0308026263895816e-05, -1.2047766057421164e-05] - [0.20829868332026846, 0.3332979721193258, -0.041696334869079345, -3.3516952634876835e-05] - [0.16665157422704605, 0.6666520410517492, 0.1666542746822453, -1.4775138890964524e-05] - [-5.796968254910297e-06, -5.175299768895897e-06, -4.553415117981247e-06, -5.792032330424178e-06]
A2: [0.16669196384010398, -0.16664054380933818, 2.6495457466126964e-05, 2.5242696151885104e-05] - [0.1666945980218528, 0.333362285721304, 2.840046159557559e-05, 2.7717752118566896e-05] - [0.16664852359778928, 0.8333146631839682, -1.9510995166709104e-05, -1.8195393853419413e-05] - [1.6381834625181834e-05, 1.688253227391006e-05, 1.733632306807055e-05, 1.6381833267620595e-05]
B1: 0.16662295487343573 - 0.6665583384204666 - 0.16666981643476597 - -1.3327697971751105e-05
B2: 0.1666134311782031 - 0.666588056091358 - 0.16657316053574603 - -5.190925999158049e-05
