Number: 419
Error: 2.832292934467251e-06
A1: [-3.16887147306695e-06, -2.444421929030212e-06, -1.5242461557207035e-06, -3.132662699206321e-06] - [0.20832221901066683, 0.33332493678817515, -0.041671469559516, -1.0954828408325465e-05] - [0.16666290621990731, 0.6666636900593331, 0.166664715655903, -3.715819135983732e-06] - [-7.8883995732815e-07, -7.039957724913568e-07, -6.190972737633033e-07, -7.881642738817391e-07]
A2: [0.1666768368762038, -0.16665628663357954, 1.0509303647798427e-05, 1.0162785893595357e-05] - [0.1666944709252943, 0.3333616497663362, 2.8546539255780838e-05, 2.7775175478633236e-05] - [0.16666947277823077, 0.8333361568774956, 2.783168563081164e-06, 2.7989941631383746e-06] - [2.255313959580767e-06, 2.3242127694258684e-06, 2.3866465250710947e-06, 2.255312654719889e-06]
B1: 0.16664913646994087 - 0.666656392352753 - 0.1666878186301928 - -1.3271071447410436e-05
B2: 0.1666443616346333 - 0.6666368771052923 - 0.16663301256875998 - -2.211904160081742e-05
