Number: 2006
Error: 7.078878807406556e-06
A1: [-2.950684830674571e-06, -3.1769248619138116e-06, -2.4624266185443433e-06, -2.7862973392488537e-06] - [0.20833455849515273, 0.333332146550862, -0.041666056981333306, 1.948564585222939e-06] - [0.16666359291041666, 0.6666633407965015, 0.16666424981295555, -2.8712017618564906e-06] - [-3.8088475365535067e-06, -3.4002965999791323e-06, -2.991558663677819e-06, -3.805596737929167e-06]
A2: [0.1666571331221817, -0.16667649264525378, -1.0341459726109013e-05, -9.56935329550032e-06] - [0.16658225173318505, 0.3332463122394791, -9.036686674423213e-05, -8.455532030056791e-05] - [0.16662951909974272, 0.833295035929762, -3.958109882189939e-05, -3.71819508800845e-05] - [1.0770907519420759e-05, 1.1100098984468582e-05, 1.1398434202920855e-05, 1.0770904334731185e-05]
B1: 0.16669880688448285 - 0.6665783226095339 - 0.16657359117045425 - 5.13099078867093e-05
B2: 0.16668979788323984 - 0.6666928182262242 - 0.16670106140177743 - 2.4005026107646872e-05
