Number: 1275
Error: 3.319215718225807e-06
A1: [-6.137922452888873e-06, -5.5564612864882396e-06, -4.377295450386529e-06, -6.02985132487947e-06] - [0.2083145754507695, 0.3333161807656209, -0.0416795399741824, -1.8281753055099496e-05] - [0.1666592237711547, 0.6666599051566834, 0.16666132436951506, -7.309576368243242e-06] - [-2.4177634323916425e-06, -2.1583285493397376e-06, -1.8987541837896336e-06, -2.415696439957931e-06]
A2: [0.16668175503968954, -0.16665116852873216, 1.570619352696723e-05, 1.5065646051844768e-05] - [0.1666945003505092, 0.33336184321695084, 2.8484252046873424e-05, 2.7744596492486166e-05] - [0.1666626556511747, 0.83332916229532, -4.472074981488534e-06, -4.032831270002941e-06] - [6.8504615104765266e-06, 7.059819424409092e-06, 7.249545697922295e-06, 6.850458500057654e-06]
B1: 0.16664100590368536 - 0.6666248726432108 - 0.16668232346732303 - -1.2904793507269953e-05
B2: 0.16663391717184192 - 0.6666206245776714 - 0.16661318479295947 - -3.2192691663506694e-05
