Number: 869
Error: 3.091288402454981e-06
A1: [-4.728955016716102e-06, -4.079380663143326e-06, -3.022754628707254e-06, -4.654968272278843e-06] - [0.2083182044940296, 0.3333203385698861, -0.04167570621946652, -1.4802892010238265e-05] - [0.16666097143858147, 0.6666617016805616, 0.16666293447425465, -5.603974788385219e-06] - [-1.6451815230270993e-06, -1.4685552227693393e-06, -1.2918257701430276e-06, -1.6437737094494535e-06]
A2: [0.1666794173759605, -0.166653601183862, 1.3236023685083493e-05, 1.2735240655194922e-05] - [0.16669446493938242, 0.3333617293726129, 2.849112712214691e-05, 2.7737646095050083e-05] - [0.16666588334406235, 0.8333324739988354, -1.0368784298055001e-06, -7.981664375799198e-07] - [4.6710951045182275e-06, 4.813836839979204e-06, 4.943190190329282e-06, 4.671092706632943e-06]
B1: 0.16664504023084661 - 0.6666399827530175 - 0.1666850729464341 - -1.290059054201751e-05
B2: 0.1666387194762964 - 0.6666281853327882 - 0.1666224457618749 - -2.756626601638279e-05
