Number: 2875
Error: 4.200838848415245e-06
A1: [-1.1692585435195533e-05, -1.1380255127764932e-05, -9.718960939194645e-06, -1.1450203115754844e-05] - [0.20830026309403135, 0.3332997817480852, -0.041694665033244545, -3.200228171248159e-05] - [0.16665233350028477, 0.6666528216614777, 0.16665497467257695, -1.4034096652317858e-05] - [-5.462119297097154e-06, -4.876347537846055e-06, -4.290361299018638e-06, -5.457466632586442e-06]
A2: [0.16669095478515605, -0.1666415940888332, 2.542885713657355e-05, 2.4236787594345004e-05] - [0.1666945980265302, 0.33336225152128196, 2.841836752380166e-05, 2.7730097442974066e-05] - [0.16664992637576365, 0.8333161023312214, -1.8018359838934294e-05, -1.6789591635257768e-05] - [1.5437426949525503e-05, 1.5909257715758076e-05, 1.6336882025302118e-05, 1.543742511267267e-05]
B1: 0.16662473590469248 - 0.66656493071228 - 0.16667106198803514 - -1.3293486387757229e-05
B2: 0.16661544683163665 - 0.6665912729237609 - 0.16657712025705115 - -4.996986026519076e-05
