Number: 512
Error: 7.918625138497162e-06
A1: [2.221851486501693e-06, 2.2454156177745023e-06, 2.508147387149125e-06, 2.260825765276295e-06] - [0.2083478617786407, 0.33334739241565803, -0.041652006760485964, 1.4699246044893037e-05] - [0.1666700123903754, 0.6666699391248561, 0.16667016122769043, 3.3934960740030016e-06] - [-9.651869438710525e-07, -8.614404126467865e-07, -7.576288642434223e-07, -9.64360375796917e-07]
A2: [0.16664853291001921, -0.16668544234925892, -1.9429040318738856e-05, -1.8142838998881664e-05] - [0.16658213206828795, 0.3332459040368247, -9.033031253774926e-05, -8.457018498223305e-05] - [0.1666414002709377, 0.8333072262430157, -2.693624181572775e-05, -2.5275106068106485e-05] - [2.751462419322014e-06, 2.8355266170092247e-06, 2.9117036578085557e-06, 2.751460858350329e-06]
B1: 0.16671363996062313 - 0.6666339232792334 - 0.16658371700989258 - 5.131280484924702e-05
B2: 0.16670754864751117 - 0.6667206806068392 - 0.1667351362807057 - 4.1108163242287973e-05
