Number: 3045
Error: 4.293516771038163e-06
A1: [-1.2297934869622565e-05, -1.2015052256503575e-05, -1.0303391732810335e-05, -1.20412687567545e-05] - [0.20829868124350673, 0.33329797473650574, -0.04169634015805442, -3.352119521216381e-05] - [0.16665158608021394, 0.6666520528438622, 0.16665428293796275, -1.47638937856474e-05] - [-5.785550845370465e-06, -5.165105618908142e-06, -4.544444263562372e-06, -5.780624575980041e-06]
A2: [0.16669192708992378, -0.1666405818475415, 2.6456986866607702e-05, 2.520605333929442e-05] - [0.16669459189681737, 0.33336227873904867, 2.8395583149256885e-05, 2.7712048193230854e-05] - [0.1666485707184969, 0.8333147115819138, -1.946073374170644e-05, -1.814816994724479e-05] - [1.634964685447867e-05, 1.6849360626777502e-05, 1.730225957318694e-05, 1.634964547946576e-05]
B1: 0.16662306108735075 - 0.6665586066420086 - 0.16666990037779597 - -1.3280995476890544e-05
B2: 0.16661354728751174 - 0.6665881698592871 - 0.1665732539446843 - -5.1795754853014434e-05
