Number: 2743
Error: 4.128827874383176e-06
A1: [-1.1251300455766435e-05, -1.0917718430232144e-05, -9.297146041262192e-06, -1.101998169605899e-05] - [0.20830137555158904, 0.33330106253434133, -0.041693493154990206, -3.093858240096824e-05] - [0.16665288480237286, 0.6666533879462367, 0.16665547947141482, -1.3496450798730211e-05] - [-5.210976148616039e-06, -4.652126370886407e-06, -4.093064228336026e-06, -5.206536082617518e-06]
A2: [0.16669019455241918, -0.16664238508947846, 2.4625776045707414e-05, 2.3478914788605832e-05] - [0.1666945885793511, 0.33336221681728023, 2.8423166522104505e-05, 2.7729906081399463e-05] - [0.1666509771758377, 0.8333171804560836, -1.6900067497343334e-05, -1.573652337155904e-05] - [1.4729110165511393e-05, 1.517929036994051e-05, 1.558728975625798e-05, 1.4729108014630647e-05]
B1: 0.16662613222871353 - 0.6665699317891097 - 0.16667204922789858 - -1.3207244394518766e-05
B2: 0.1666170205749977 - 0.6665936915350189 - 0.1665800369253262 - -4.845331222110199e-05
