Number: 1770
Error: 7.209475061853093e-06
A1: [-2.1485611378000667e-06, -2.3360755675769323e-06, -1.693667439858122e-06, -2.0039690413942223e-06] - [0.20833660005945254, 0.33333449200411625, -0.04166390334862977, 3.902897211619809e-06] - [0.16666459198851735, 0.666664367374138, 0.16666516714613075, -1.8965568804721413e-06] - [-3.3596750459117223e-06, -2.99927193035567e-06, -2.638694730204109e-06, -3.356806067167641e-06]
A2: [0.16665577182624774, -0.16667790908402758, -1.1779606939192613e-05, -1.0926427403992942e-05] - [0.1665822243848612, 0.3332462393840415, -9.036936408160243e-05, -8.456611247568915e-05] - [0.1666313945383596, 0.8332969601760191, -3.7585067161691126e-05, -3.53024558621066e-05] - [9.504260471416604e-06, 9.794735069364028e-06, 1.0057979075420017e-05, 9.504257212864574e-06]
B1: 0.16670127084792902 - 0.6665872219715064 - 0.16657530335775916 - 5.1431317911493615e-05
B2: 0.16669258292458558 - 0.6666971545620693 - 0.16670633082885086 - 2.6687758293934098e-05
