Number: 595
Error: 2.9348920035388836e-06
A1: [-3.7842504266128994e-06, -3.089259793227571e-06, -2.1158896753848683e-06, -3.7332611643078038e-06] - [0.2083206282112426, 0.3333231169621302, -0.04167314870648048, -1.2480506274798132e-05] - [0.16666214439151186, 0.6666629070751176, 0.16666401351835503, -4.459406457006864e-06] - [-1.1237681313256965e-06, -1.003027016199399e-06, -8.82211372604764e-07, -1.1228059076685468e-06]
A2: [0.16667784251718815, -0.16665523997385406, 1.1572085686253767e-05, 1.116528042511772e-05] - [0.16669445477130673, 0.3333616669135509, 2.8510741954032118e-05, 2.774668484624906e-05] - [0.1666680656547973, 0.8333347131487215, 1.2857430542643267e-06, 1.3888490081442557e-06] - [3.200187157563734e-06, 3.2979678378099546e-06, 3.3865752344818093e-06, 3.2001853753806946e-06]
B1: 0.16664763693777174 - 0.6666500669192884 - 0.1666868274206448 - -1.30236568553422e-05
B2: 0.1666421040460094 - 0.666633411154319 - 0.16662879705974773 - -2.430039127389689e-05
