Number: 71
Error: 2.6196762354732894e-06
A1: [-2.0796177178052414e-06, -1.3050783337563797e-06, -4.982439271088746e-07, -2.0725117443611523e-06] - [0.20832484833328993, 0.3333279863852088, -0.04166873070024554, -8.453773151730858e-06] - [0.16666428241155715, 0.6666650999810858, 0.1666659576132438, -2.3755714234734228e-06] - [-1.265940891509148e-07, -1.1272288397555446e-07, -9.884196586846242e-08, -1.264857802364131e-07]
A2: [0.16667485172037075, -0.16665835120627645, 8.414538686183308e-06, 8.183852373805899e-06] - [0.1666945503245726, 0.33336166859597344, 2.867523189800204e-05, 2.7878970484467535e-05] - [0.16667227545359758, 0.833339032879671, 5.766244347154725e-06, 5.6076446730198e-06] - [3.869562515643522e-07, 3.987449663647269e-07, 4.094249183172857e-07, 3.8695605686519e-07]
B1: 0.1666517981014109 - 0.6666686602856066 - 0.16668960311530784 - -1.4062748571833726e-05
B2: 0.16664982964628375 - 0.6666443317225788 - 0.16664152214834446 - -1.68017991873671e-05
