Number: 1813
Error: 3.617859254370159e-06
A1: [-8.011255830325896e-06, -7.520579565170382e-06, -6.179572996747699e-06, -7.858014747861654e-06] - [0.20830974066262753, 0.33331064320147374, -0.041684650268293474, -2.2917511481140253e-05] - [0.1666569013207131, 0.6666575174494002, 0.1666591831473615, -9.576282612180197e-06] - [-3.441482222266562e-06, -3.072315768782046e-06, -2.7029725654678994e-06, -3.438543662488643e-06]
A2: [0.1666848518499412, -0.166647945688646, 1.8978903218928e-05, 1.8152838216742183e-05] - [0.1666945468962474, 0.33336199426921587, 2.8475897755150724e-05, 2.7753426131419773e-05] - [0.16665837907878214, 0.8333247745249108, -9.02337291553838e-06, -8.318643778570913e-06] - [9.738124223738252e-06, 1.0035748182613435e-05, 1.0305472022066999e-05, 9.73812096719467e-06]
B1: 0.16663556182209135 - 0.6666047542292811 - 0.16667858561034393 - -1.3008550307734896e-05
B2: 0.16662769162478636 - 0.6666107231121027 - 0.16660100815966783 - -3.8185170938306574e-05
