Number: 596
Error: 7.86982347631353e-06
A1: [1.9310734925282326e-06, 1.9407200635518195e-06, 2.228983130970266e-06, 1.9770994684490565e-06] - [0.20834711435320236, 0.3333465362525635, -0.04165279520710027, 1.3982890888585653e-05] - [0.16666965166667444, 0.6666695684579734, 0.1666698293013719, 3.041475761843197e-06] - [-1.1250847971915858e-06, -1.0042004377825458e-06, -8.832415994252855e-07, -1.1241214642300598e-06]
A2: [0.16664901417567823, -0.16668494150959212, -1.8920519073503823e-05, -1.766307604247787e-05] - [0.16658212898886765, 0.33324591687262706, -9.034276277120964e-05, -8.457915625045424e-05] - [0.16664072965890472, 0.8333065381726602, -2.7649936870822934e-05, -2.5947161256356786e-05] - [3.2024081827388963e-06, 3.300256361640114e-06, 3.388924921190466e-06, 3.202406401712104e-06]
B1: 0.16671289441213702 - 0.6666308774753461 - 0.1665832202052748 - 5.140105359077761e-05
B2: 0.1667064759406364 - 0.6667190402130123 - 0.16673314776095802 - 4.007186720108907e-05
