Number: 997
Error: 3.1634861912975803e-06
A1: [-5.166262462707279e-06, -4.537750104284063e-06, -3.4420779380534197e-06, -5.08153637991285e-06] - [0.20831708821823974, 0.3333190572459982, -0.04167688372334641, -1.587184608665875e-05] - [0.16666042745347467, 0.6666611427060273, 0.166662434687607, -6.134704153941012e-06] - [-1.8887574519843638e-06, -1.6860242180179673e-06, -1.4831756048708613e-06, -1.8871416815189532e-06]
A2: [0.16668015520338705, -0.1666528334814424, 1.4015477877999966e-05, 1.3470779686894656e-05] - [0.16669447762886652, 0.3333617665756877, 2.849005235906971e-05, 2.7741362703814714e-05] - [0.16666486568754363, 0.833331429822454, -2.1200219315642612e-06, -1.818020952400678e-06] - [5.358201997405237e-06, 5.521946403023128e-06, 5.670333794667306e-06, 5.3581993672392e-06]
B1: 0.166643763034688 - 0.6666352133789073 - 0.16668420029878755 - -1.2907225153616539e-05
B2: 0.16663716672011786 - 0.6666257845605742 - 0.16661953185486442 - -2.9063571630604914e-05
