Number: 2684
Error: 6.705670791567804e-06
A1: [-5.321875293731799e-06, -5.6631235785108945e-06, -4.745287702639847e-06, -5.10055674728006e-06] - [0.2083284241503324, 0.333325124013023, -0.04167254363291939, -3.934923295466947e-06] - [0.16666065516741807, 0.6666603202460524, 0.1666615392725623, -5.73869212033383e-06] - [-5.099189704173844e-06, -4.552315733759171e-06, -4.00523070143526e-06, -5.094844310838125e-06]
A2: [0.1666610272347988, -0.16667243955467118, -6.2254002567178e-06, -5.687369398912343e-06] - [0.1665822804702599, 0.33324647321698175, -9.040640256555266e-05, -8.457414985501857e-05] - [0.1666241228023553, 0.8332894996003154, -4.532346169915904e-05, -4.2589903621807705e-05] - [1.4409518214462827e-05, 1.4849928327242519e-05, 1.5249071742019825e-05, 1.4409515936953166e-05]
B1: 0.16669195556207558 - 0.6665529591763522 - 0.16656885013190073 - 5.118838800713506e-05
B2: 0.16668204822602475 - 0.6666804034226851 - 0.16668574603270636 - 1.6549293803667817e-05
