Number: 817
Error: 3.0618205135771473e-06
A1: [-4.548228025982848e-06, -3.889935000639151e-06, -2.8490095471574738e-06, -4.478607112658281e-06] - [0.20831867031935677, 0.333320872101862, -0.04167521420944991, -1.4356303014410356e-05] - [0.16666119552215772, 0.6666619320189626, 0.1666631409323593, -5.385279394164556e-06] - [-1.5462280708198602e-06, -1.3802077847819228e-06, -1.2140895193638815e-06, -1.5449047759895169e-06]
A2: [0.16667911834698487, -0.1666539123692852, 1.2920042431970574e-05, 1.2437141318633736e-05] - [0.16669446197134, 0.3333617164029042, 2.8493658296566197e-05, 2.77383231545765e-05] - [0.16666629714098377, 0.8333328985674828, -5.96482669477773e-07, -3.834766283542971e-07] - [4.391950936971237e-06, 4.5261601183389e-06, 4.647780759368459e-06, 4.3919486436418585e-06]
B1: 0.16664554169823395 - 0.6666419040482378 - 0.1666854123023969 - -1.2915295018147479e-05
B2: 0.1666393459389935 - 0.6666291658183503 - 0.16662364472555308 - -2.6962329223029444e-05
