Number: 112
Error: 8.1602987155677e-06
A1: [3.5389054220164677e-06, 3.6240135294095707e-06, 3.7604334004034643e-06, 3.544365006430163e-06] - [0.20835114616270425, 0.33335117582355817, -0.04164856459330234, 1.783594095510988e-05] - [0.16667166058332733, 0.6666716300232134, 0.1666716629950489, 5.000309870311171e-06] - [-2.0372875605095078e-07, -1.815913009690746e-07, -1.5943869756609768e-07, -2.0355431939706892e-07]
A2: [0.16664625275534073, -0.16668781456950868, -2.1836724750539607e-05, -2.0415837942097975e-05] - [0.16658221283137264, 0.33324591279812393, -9.019752715758072e-05, -8.44613662914851e-05] - [0.16664461513046014, 0.8333105249860682, -2.3514784630336895e-05, -2.2053374911982255e-05] - [6.040587117920046e-07, 6.224834553412386e-07, 6.391769931110939e-07, 6.040583808975216e-07]
B1: 0.16671674091128663 - 0.6666480444698949 - 0.16658576635599967 - 5.0443970913473295e-05
B2: 0.16671341799943773 - 0.6667290375315273 - 0.1667449213107971 - 4.680413048670607e-05
