Number: 650
Error: 7.838675864820361e-06
A1: [1.7477124371649109e-06, 1.7485922221066809e-06, 2.053448210443757e-06, 1.7982682183277957e-06] - [0.20834664817985388, 0.33334600090771477, -0.04165328628940812, 1.3536677594742523e-05] - [0.16666942335276452, 0.6666693339369948, 0.1666696198695464, 2.818753412273461e-06] - [-1.2278758045753686e-06, -1.095974322031288e-06, -9.639924511982496e-07, -1.2268245817243597e-06]
A2: [0.1666493246428382, -0.16668461847692168, -1.8592568782077787e-05, -1.7353574905757618e-05] - [0.16658213057605523, 0.3332459286609151, -9.034726934327729e-05, -8.458135671371274e-05] - [0.16664029925154672, 0.8333060965447906, -2.8108037056647717e-05, -2.6378496378236343e-05] - [3.4922992382319104e-06, 3.5990084651400644e-06, 3.6957072636021983e-06, 3.4922973233857305e-06]
B1: 0.16671238889331552 - 0.6666288953320934 - 0.16658287879867273 - 5.143154703103458e-05
B2: 0.16670578579891454 - 0.6667179961460004 - 0.16673189147151876 - 3.9405132752554913e-05
