Number: 2207
Error: 3.835039340533199e-06
A1: [-9.380895132298012e-06, -8.956603821102673e-06, -7.496983293815274e-06, -9.194577958846184e-06] - [0.20830620896779034, 0.33330659722367134, -0.041688382973071265, -2.6303461082554934e-05] - [0.16665520275699622, 0.6666557711940275, 0.16665761748240085, -1.1234028017548521e-05] - [-4.19115954821757e-06, -3.7416324849460053e-06, -3.2919091434403394e-06, -4.1875840788556485e-06]
A2: [0.16668711769055072, -0.16664558755747003, 2.1373555510713306e-05, 2.0411635118739042e-05] - [0.166694572929254, 0.33336209685872165, 2.846177926125406e-05, 2.775183631402812e-05] - [0.16665524509861243, 0.8333215591232623, -1.2358520912153011e-05, -1.1459391957376722e-05] - [1.1852690863389897e-05, 1.2214949612313216e-05, 1.2543256228364306e-05, 1.1852687838511559e-05]
B1: 0.16663155306370145 - 0.6665899930493703 - 0.16667581390889197 - -1.3106504939520758e-05
B2: 0.16662315340098985 - 0.6666034997072993 - 0.1665921257138404 - -4.255270272481544e-05
