Number: 575
Error: 2.923335024182863e-06
A1: [-3.712758298057552e-06, -3.0143222328016424e-06, -2.0468990409848865e-06, -3.6634501292602343e-06] - [0.20832081530371097, 0.33332333047157525, -0.04167295079198397, -1.230082003652809e-05] - [0.16666223255506793, 0.6666629977401812, 0.1666640950938743, -4.373317253248036e-06] - [-1.0857082994364356e-06, -9.69046440544995e-07, -8.523122767127769e-07, -1.08477862422006e-06]
A2: [0.16667772826485608, -0.16665535890676292, 1.1451301201399711e-05, 1.105138563297277e-05] - [0.16669445629267862, 0.3333616645912948, 2.8514377271518434e-05, 2.7749608079032e-05] - [0.16666822537368853, 0.8333348770169888, 1.4557033265227598e-06, 1.548911274921851e-06] - [3.0928165708561255e-06, 3.187315265277434e-06, 3.272948404100051e-06, 3.0928148397645213e-06]
B1: 0.16664780947804994 - 0.66665078728003 - 0.16668694104931012 - -1.3049642397978294e-05
B2: 0.16664234946688847 - 0.6666337988128688 - 0.1666292751135587 - -2.406363360140763e-05
