Number: 816
Error: 7.743707428286495e-06
A1: [1.1694821226510826e-06, 1.1425206018247638e-06, 1.4974922100714802e-06, 1.2339767190653049e-06] - [0.2083451562626359, 0.33334429278227623, -0.04165486191961569, 1.2106175282511439e-05] - [0.16666870668203954, 0.6666685972947625, 0.166668959461042, 2.119285459347808e-06] - [-1.5438561317457436e-06, -1.3780871610158962e-06, -1.212220467259366e-06, -1.542534879052749e-06]
A2: [0.1666502781858008, -0.1666836261387435, -1.7584943299526018e-05, -1.6403001565474867e-05] - [0.16658213582369985, 0.3332459657716739, -9.035974730263933e-05, -8.458775274449667e-05] - [0.16663897718145465, 0.833304740065988, -2.9515072035174027e-05, -2.7703418588809982e-05] - [4.383431624676453e-06, 4.517379896135565e-06, 4.638764072153786e-06, 4.383429336813336e-06]
B1: 0.16671083029257405 - 0.6666228008544249 - 0.16658183135942492 - 5.152075714685595e-05
B2: 0.16670375644238547 - 0.6667148329898905 - 0.16672802744517745 - 3.74477316723084e-05
