Number: 2028
Error: 7.066668981091112e-06
A1: [-3.048201976938269e-06, -3.279329753051802e-06, -2.5593886372782967e-06, -2.881947396097955e-06] - [0.20833427657032547, 0.3333318311520988, -0.04166635964224774, 1.6748591387435912e-06] - [0.16666347678998567, 0.6666632208215879, 0.16666413873106628, -2.9850225802305467e-06] - [-3.850713382484012e-06, -3.4376737825873247e-06, -3.0244460990088297e-06, -3.847427017103269e-06]
A2: [0.1666572560925585, -0.16667636434220692, -1.0210930675137405e-05, -9.446776471057289e-06] - [0.16658224397838156, 0.3332463092342603, -9.037589624102093e-05, -8.456461848112193e-05] - [0.16662934304721042, 0.8332948553887536, -3.976826685114386e-05, -3.735838156570719e-05] - [1.0888982288209385e-05, 1.1221782838607323e-05, 1.1523389208113975e-05, 1.0888979116760976e-05]
B1: 0.16669865196061123 - 0.6665775642987287 - 0.1665734993608147 - 5.137341679287705e-05
B2: 0.16668961610834784 - 0.666692420921952 - 0.16670050230687708 - 2.3832785999471656e-05
