Number: 196
Error: 8.107729201646723e-06
A1: [3.269410094517664e-06, 3.3421771925675945e-06, 3.5057064347834458e-06, 3.281900910963655e-06] - [0.2083504854752614, 0.3333504126348158, -0.041649253826727475, 1.720623999595997e-05] - [0.16667132186479783, 0.6666712828985533, 0.16667135615118536, 4.670273964807922e-06] - [-3.636407083904906e-07, -3.2436523103872523e-07, -2.850634290411704e-07, -3.633291969766233e-07]
A2: [0.1666467280989364, -0.16668732006587925, -2.1334938507564895e-05, -1.994199704987282e-05] - [0.16658217952251508, 0.33324589399947313, -9.024293898866234e-05, -8.450056671641652e-05] - [0.16664393531961091, 0.8333098274281768, -2.4238231704823216e-05, -2.2734628732738686e-05] - [1.0550159975682994e-06, 1.087225112972807e-06, 1.1164101102935709e-06, 1.0550153857135002e-06]
B1: 0.1667161999665951 - 0.6666451748241236 - 0.1665854173962279 - 5.0736558423106526e-05
B2: 0.16671205631783237 - 0.6667271765250864 - 0.16674278515353072 - 4.547885945693925e-05
