Number: 755
Error: 3.0265668510146694e-06
A1: [-4.331753810710083e-06, -3.663019403657244e-06, -2.640768048922331e-06, -4.267339284624719e-06] - [0.2083192296949478, 0.3333215123924616, -0.041674623238536476, -1.3819866894454524e-05] - [0.16666146368855828, 0.6666622076909081, 0.16666338817910042, -5.123538370276422e-06] - [-1.4282445294410418e-06, -1.274869888278922e-06, -1.1214035927650337e-06, -1.4270220347063405e-06]
A2: [0.16667876217717592, -0.16665428303581745, 1.2543654335671836e-05, 1.2082079918960762e-05] - [0.16669445970901173, 0.3333617022172709, 2.849795259674112e-05, 2.77404068498095e-05] - [0.1666667907839082, 0.8333334050568768, -7.112010671078424e-08, 1.11230866172709e-07] - [4.059120498617761e-06, 4.183156101324237e-06, 4.29555688994064e-06, 4.059118337555593e-06]
B1: 0.16664612941004983 - 0.6666441854598437 - 0.16668580836575697 - -1.2943018720267525e-05
B2: 0.16664009521748674 - 0.6666303402411803 - 0.16662508282675753 - -2.6239908200562732e-05
