Number: 775
Error: 3.0379584013531456e-06
A1: [-4.403139983507874e-06, -3.7378598325857006e-06, -2.709670583797232e-06, -4.337044484250263e-06] - [0.20831904298939516, 0.3333212992383072, -0.04167482082989235, -1.3999166615648798e-05] - [0.16666137561288188, 0.6666621171068972, 0.16666330667740356, -5.20953983402182e-06] - [-1.4663037961565802e-06, -1.3088498751189571e-06, -1.151302240711987e-06, -1.465048781995022e-06]
A2: [0.16667887677824259, -0.16665416374604908, 1.266480292301553e-05, 1.2196323445411726e-05] - [0.1666944596296314, 0.3333617060154583, 2.8495823267058953e-05, 2.773892557401989e-05] - [0.16666663143361762, 0.8333332415659412, -2.4069539286309215e-07, -4.846282100443185e-08] - [4.166486476222622e-06, 4.293803918512524e-06, 4.409178883143024e-06, 4.166484271588194e-06]
B1: 0.1666459458787098 - 0.6666434552488304 - 0.1666856860095364 - -1.2928018581563177e-05
B2: 0.1666398580464599 - 0.6666299610843675 - 0.1666246135062115 - -2.646841590024273e-05
