Number: 1660
Error: 7.270542056383484e-06
A1: [-1.7567891199280312e-06, -1.925250101322297e-06, -1.3154412771181423e-06, -1.621440999147679e-06] - [0.20833762372360076, 0.3333356613498526, -0.04166281937638764, 4.885833120173284e-06] - [0.16666507574927952, 0.6666648649657805, 0.16666561482962036, -1.4242021372336925e-06] - [-3.1503154197876054e-06, -2.812354374381775e-06, -2.474226067246503e-06, -3.147624546380916e-06]
A2: [0.16665514010796875, -0.1666785666548294, -1.2447453513750392e-05, -1.1556177884146299e-05] - [0.16658221860197958, 0.33324621199711935, -9.036436964858215e-05, -8.456417869562729e-05] - [0.16663226936921635, 0.8332978577096347, -3.665412362231725e-05, -3.442573442241142e-05] - [8.913854476542264e-06, 9.18628246564644e-06, 9.433170133185471e-06, 8.913851226331627e-06]
B1: 0.1667023594379504 - 0.6665913120629893 - 0.1665760453511269 - 5.142797701053897e-05
B2: 0.16669382259884022 - 0.6666991730892443 - 0.16670884311743642 - 2.7879748618201035e-05
