Number: 455
Error: 2.8534982574445e-06
A1: [-3.3074002887124835e-06, -2.589669367946884e-06, -1.659305422883435e-06, -3.268156098935198e-06] - [0.208321842700607, 0.33332451083593095, -0.04167186953074031, -1.1317769388938851e-05] - [0.1666627376257493, 0.6666635164347162, 0.16666455786556678, -3.880669908698944e-06] - [-8.573485499634088e-07, -7.651615251428421e-07, -6.729159306338916e-07, -8.56614234716584e-07]
A2: [0.16667703998864697, -0.16665607503502344, 1.0724303017769423e-05, 1.0365254835027717e-05] - [0.1666944601814445, 0.3333616460713983, 2.8532273801851218e-05, 2.7761908601506012e-05] - [0.16666918383698226, 0.8333358604719089, 2.475806373777043e-06, 2.509434935826635e-06] - [2.44859372255573e-06, 2.5234004969808277e-06, 2.5911881979350517e-06, 2.4485923151048423e-06]
B1: 0.1666488842681737 - 0.6666551497181784 - 0.16668766378915026 - -1.3165916621668853e-05
B2: 0.16664393270606573 - 0.6666361616565969 - 0.16663210232058026 - -2.2532378663171938e-05
