Number: 2910
Error: 6.581938699851005e-06
A1: [-6.112219340696561e-06, -6.491798037339833e-06, -5.5061825204009685e-06, -5.871924726494416e-06] - [0.2083263795343615, 0.3333227833415738, -0.04167470568027546, -5.895922741173659e-06] - [0.16665967597380607, 0.6666593134513452, 0.16666063580499665, -6.694470113434614e-06] - [-5.5292834958042354e-06, -4.936302118425542e-06, -4.3431059420102615e-06, -5.524573997612277e-06]
A2: [0.1666623234400927, -0.16667109036109887, -4.855216385528978e-06, -4.395206990922115e-06] - [0.1665822830950762, 0.3332465199171162, -9.042653281664015e-05, -8.458738151350667e-05] - [0.16662232232592816, 0.8332876524464262, -4.7239292981581785e-05, -4.4394265760494485e-05] - [1.5622283797116406e-05, 1.6099763405993026e-05, 1.6532508020465322e-05, 1.5622282050915783e-05]
B1: 0.1666896767215864 - 0.6665445047012671 - 0.16656726435140753 - 5.115272839117134e-05
B2: 0.16667947060699165 - 0.666676270864553 - 0.1666806467388185 - 1.4069652971102851e-05
