Number: 2288
Error: 6.923250319109886e-06
A1: [-3.9501095245767675e-06, -4.2249265568626795e-06, -3.426592810100278e-06, -3.762029631761248e-06] - [0.20833195398923504, 0.3333291696405628, -0.04166881397132231, -5.515505727966588e-07] - [0.16666235769912124, 0.6666620703962298, 0.16666310761424474, -4.0771791640212875e-06] - [-4.345546133916435e-06, -3.87946226685971e-06, -3.4131790450048005e-06, -4.341839648309616e-06]
A2: [0.166658751555737, -0.1666748079746072, -8.630481964040276e-06, -7.955964436168538e-06] - [0.16658226163886897, 0.3332463774435374, -9.038475748648861e-05, -8.456519844529684e-05] - [0.1666272748764363, 0.833292733498503, -4.1969188228922375e-05, -3.9431021663115836e-05] - [1.228436946750998e-05, 1.2659821855647785e-05, 1.3000086972196483e-05, 1.2284366535025709e-05]
B1: 0.16669599775486754 - 0.6665678145140149 - 0.16657166157011044 - 5.129998256395335e-05
B2: 0.166686616342708 - 0.6666876552567763 - 0.16669464868890613 - 2.0945734094961424e-05
