Number: 2174
Error: 6.986078452077854e-06
A1: [-3.5537424425706893e-06, -3.809351917463623e-06, -3.0453384169513517e-06, -3.375232913075844e-06] - [0.2083329760431117, 0.33333034051082294, -0.041667733733159976, 4.283325062749924e-07] - [0.16666284930285857, 0.6666625757912784, 0.1666635607503023, -3.5973858053887946e-06] - [-4.12858286388682e-06, -3.685756857363591e-06, -3.242736088000644e-06, -4.125060522551166e-06]
A2: [0.16665809615155783, -0.16667549009063357, -9.32316502779971e-06, -8.609329269860931e-06] - [0.16658225484088698, 0.3332463484610148, -9.037997039107717e-05, -8.456399861550598e-05] - [0.16662818186892953, 0.8332936640422703, -4.1003995164452906e-05, -3.8522069495258325e-05] - [1.1672554356771407e-05, 1.2029305830840397e-05, 1.2352620698821811e-05, 1.167255130082763e-05]
B1: 0.1666971583128916 - 0.6665720867235199 - 0.16657246522872785 - 5.1328975932014476e-05
B2: 0.16668792786060166 - 0.666689743913738 - 0.1666972173885521 - 2.2207831179165086e-05
