Number: 1022
Error: 7.62714111869816e-06
A1: [4.7316578291973775e-07, 4.1274499192902206e-07, 8.309965978173034e-07, 5.549373654484687e-07] - [0.20834339013354122, 0.3333422627648, -0.0416567231038052, 1.0416177815263917e-05] - [0.16666783866077725, 0.6666677056055831, 0.1666681634866154, 1.2725911845520644e-06] - [-1.935971065560195e-06, -1.7281741347780387e-06, -1.5202596720149646e-06, -1.934315014966602e-06]
A2: [0.16665146719064908, -0.16668238910749628, -1.632907255945222e-05, -1.5217681908939983e-05] - [0.16658216057115474, 0.3332460298384137, -9.035748948434821e-05, -8.457745502430629e-05] - [0.16663733994811, 0.8333030601383604, -3.1257742880363706e-05, -2.934419153059261e-05] - [5.489261284286825e-06, 5.657011164517117e-06, 5.809028597693821e-06, 5.489258616067006e-06]
B1: 0.1667087530750431 - 0.6666151050658933 - 0.1665804088690557 - 5.148838760403324e-05
B2: 0.16670122615839275 - 0.6667109613884393 - 0.16672335513630612 - 3.5006744474889407e-05
