Number: 1506
Error: 7.3561859298148974e-06
A1: [-1.21785483369059e-06, -1.3601808482360978e-06, -7.965517576857532e-07, -1.0954393119894299e-06] - [0.20833901838045796, 0.33333725778554685, -0.04166134464084649, 6.223506822370284e-06] - [0.1666657433605593, 0.6666655513946073, 0.16666623083936935, -7.725504187094845e-07] - [-2.8572056350068103e-06, -2.550663417158138e-06, -2.243964351433273e-06, -2.8547642640939323e-06]
A2: [0.1666542538114163, -0.16667948906247662, -1.3384159882237149e-05, -1.2439719511265608e-05] - [0.1665822053026386, 0.33324616867424506, -9.036212391046686e-05, -8.456667488868036e-05] - [0.16663349340901726, 0.8332991135615108, -3.535146837362343e-05, -3.319904792268187e-05] - [8.087265613661686e-06, 8.334427674757784e-06, 8.55841616070919e-06, 8.087262420672956e-06]
B1: 0.166703912898973 - 0.666597065581398 - 0.16657710938754117 - 5.145274582835873e-05
B2: 0.16669559417863067 - 0.6667020052638863 - 0.16671233511609526 - 2.9584570547040894e-05
