Number: 1800
Error: 7.1928998831625845e-06
A1: [-2.2314375392410887e-06, -2.4228024112680947e-06, -1.7701582244829245e-06, -2.0843473321415577e-06] - [0.20833641742716963, 0.33333427506004004, -0.04166409159178907, 3.7312801838762513e-06] - [0.1666644842797616, 0.6666642572531546, 0.16666507199555622, -2.0011781191688936e-06] - [-3.416778261289002e-06, -3.0502548995319848e-06, -2.6835556803143557e-06, -3.413860718668804e-06]
A2: [0.1666559481867962, -0.16667772587505245, -1.1593808189855746e-05, -1.0750603534247163e-05] - [0.16658223657095617, 0.3332462569293517, -9.036121106595695e-05, -8.455603096188449e-05] - [0.16663115717725124, 0.8332967165590872, -3.7837863725690766e-05, -3.554033259850961e-05] - [9.665277785553435e-06, 9.960674137591671e-06, 1.0228378954293094e-05, 9.665274529498792e-06]
B1: 0.16670089476526964 - 0.6665860307921695 - 0.16657502877905586 - 5.1352968487225224e-05
B2: 0.16669216357468652 - 0.6666965975351822 - 0.16670571797382924 - 2.6281415683804924e-05
