Number: 767
Error: 3.0333892486885836e-06
A1: [-4.3697917024856775e-06, -3.702860648378346e-06, -2.676777466132103e-06, -4.304373185847292e-06] - [0.20831913697702578, 0.33332140488963724, -0.0416747203198774, -1.390815980653302e-05] - [0.16666141568717383, 0.6666621584566749, 0.16666334466629484, -5.1702998645480945e-06] - [-1.4510801251821493e-06, -1.2952580442351194e-06, -1.1393430710258763e-06, -1.4498381182522573e-06]
A2: [0.16667883175581882, -0.1666542106844076, 1.2617078282409195e-05, 1.2151444003050227e-05] - [0.16669446180160893, 0.3333617065300072, 2.8498595960947472e-05, 2.7741658175007257e-05] - [0.1666666954223553, 0.833333307198084, -1.7264328253705863e-07, 1.5663242636134426e-08] - [4.123537625542262e-06, 4.249542259989712e-06, 4.363727488719753e-06, 4.1235354382583895e-06]
B1: 0.16664600350870326 - 0.6666437322645538 - 0.16668572059512682 - -1.2949814481685805e-05
B2: 0.16663993659417345 - 0.666630111368846 - 0.16662481562173762 - -2.6393332408648895e-05
