Number: 51
Error: 2.6069797413866145e-06
A1: [-2.055180370475615e-06, -1.2799636658124497e-06, -4.818439588379322e-07, -2.049710389088396e-06] - [0.20832484560896183, 0.33332799896520754, -0.04166874482522599, -8.463721724785421e-06] - [0.1666643228627378, 0.6666651401538063, 0.16666598591632456, -2.3371490162212306e-06] - [-8.853601440501957e-08, -7.874270329542675e-08, -6.894246441776002e-08, -8.84603504046936e-08]
A2: [0.16667473261191892, -0.1666584745210491, 8.289861077372394e-06, 8.065101797746988e-06] - [0.16669454406406728, 0.3333616598443139, 2.8673819456771253e-05, 2.7874113071685652e-05] - [0.16667243615440877, 0.8333391979323591, 5.937591508108422e-06, 5.7686891273012265e-06] - [2.795918392378315e-07, 2.8809873355831663e-07, 2.958046943300115e-07, 2.7959171285444157e-07]
B1: 0.16665203442488846 - 0.6666694479524714 - 0.16668978754092517 - -1.4024752820265341e-05
B2: 0.16665030698187683 - 0.666644803976191 - 0.16664192908089204 - -1.633313612520259e-05
