Number: 598
Error: 7.868678104312824e-06
A1: [1.9287189288717747e-06, 1.9382902841380508e-06, 2.227417299343228e-06, 1.9749084275263477e-06] - [0.20834711495752106, 0.3333465352994176, -0.0416527935167966, 1.3984217369198454e-05] - [0.16666964769529755, 0.6666695645087416, 0.1666698265333214, 3.0377071907080253e-06] - [-1.1288925472478904e-06, -1.007600183188492e-06, -8.862331188366483e-07, -1.1279259580328697e-06]
A2: [0.16664902642678184, -0.1666849288307456, -1.8907697666526215e-05, -1.7650860718173796e-05] - [0.1665821310015451, 0.3332459191636288, -9.034117994181698e-05, -8.45772838576006e-05] - [0.16664071394251478, 0.8333065220285966, -2.766670377411774e-05, -2.5962912007847074e-05] - [3.2131448809976553e-06, 3.3113212505824056e-06, 3.4002872294144295e-06, 3.213143094912136e-06]
B1: 0.1667128612726169 - 0.666630790282665 - 0.16658319441726052 - 5.1387754291694644e-05
B2: 0.16670643511135247 - 0.6667190001099381 - 0.1667331143900262 - 4.003190508797066e-05
