Number: 3087
Error: 4.31637087354409e-06
A1: [-1.2442695825826923e-05, -1.216681919025008e-05, -1.0442446233146684e-05, -1.218250541168619e-05] - [0.20829830974699295, 0.3332975486962752, -0.041696732531271256, -3.38771611802191e-05] - [0.1666514062688996, 0.6666518680181661, 0.1666541174277709, -1.4939355919930112e-05] - [-5.8654573355568275e-06, -5.236445901876274e-06, -4.607218117429838e-06, -5.860463501813192e-06]
A2: [0.16669216804625275, -0.16664033106512846, 2.671165197962762e-05, 2.5446258815820812e-05] - [0.1666945922268175, 0.33336228720144845, 2.839157971999936e-05, 2.7709433187426415e-05] - [0.16664823596728381, 0.8333143681480998, -1.9816935575130664e-05, -1.8483642889591767e-05] - [1.6575011743545186e-05, 1.7081614041025466e-05, 1.754075718003001e-05, 1.6575010492613092e-05]
B1: 0.16662263168349956 - 0.666557029104022 - 0.16666959875186133 - -1.329355195487514e-05
B2: 0.1666130619586952 - 0.666587402137179 - 0.1665723134287445 - -5.22628861911523e-05
