Number: 1876
Error: 7.150759772102279e-06
A1: [-2.511687461223861e-06, -2.716755372468994e-06, -2.042127148454257e-06, -2.3582014224740395e-06] - [0.20833567160861538, 0.33333342641819314, -0.04166488341929458, 3.0136378400068147e-06] - [0.16666414036987462, 0.6666639032428079, 0.1666647519218284, -2.33719839859703e-06] - [-3.5614226208754126e-06, -3.179393728126216e-06, -2.7971846589673046e-06, -3.5583820958739945e-06]
A2: [0.166656382880087, -0.16667727323861012, -1.113398614745047e-05, -1.031726980882806e-05] - [0.16658223581498965, 0.33324627131630885, -9.036896815402727e-05, -8.456211851810795e-05] - [0.1666305521337647, 0.833296095856705, -3.848162128267595e-05, -3.6146682359436034e-05] - [1.0073185308988396e-05, 1.0381049911262373e-05, 1.066005532438987e-05, 1.007318206816051e-05]
B1: 0.16670017355894481 - 0.6665832340762519 - 0.1665745435039029 - 5.1386205967805446e-05
B2: 0.16669134104870428 - 0.6666952070367943 - 0.16670395483527495 - 2.5491834245687997e-05
