Number: 1502
Error: 7.358389044329389e-06
A1: [-1.2131938372610234e-06, -1.355365498403339e-06, -7.934601810675513e-07, -1.0911052884520616e-06] - [0.20833901699576735, 0.33333725952996274, -0.04166134816863685, 6.220678035248981e-06] - [0.16666575126385522, 0.6666655592567581, 0.16666623634270286, -7.650526343231435e-07] - [-2.8495903461851963e-06, -2.543864090909246e-06, -2.2379812720141025e-06, -2.8471554601882393e-06]
A2: [0.16665422918877898, -0.16667951454419053, -1.3409930006996391e-05, -1.2464270589722573e-05] - [0.1665822007693704, 0.33324616356915915, -9.036582631440809e-05, -8.457092755239833e-05] - [0.16663352471017934, 0.8332991457140818, -3.5318073587682e-05, -3.316767801622663e-05] - [8.065795582761197e-06, 8.31230136818591e-06, 8.535695057660233e-06, 8.065792391942661e-06]
B1: 0.16670398400364758 - 0.6665972443799459 - 0.1665771649817639 - 5.148416912906978e-05
B2: 0.16669567202775165 - 0.6667020815467292 - 0.16671239782747674 - 2.9660684844167362e-05
