Number: 897
Error: 3.107077580307772e-06
A1: [-4.809655894205416e-06, -4.163845964460443e-06, -3.097835978352288e-06, -4.733334245934886e-06] - [0.2083180205634927, 0.33332012192932037, -0.04167589675641626, -1.4976528611883484e-05] - [0.16666086756218565, 0.6666615953769751, 0.16666284196954914, -5.704965945342812e-06] - [-1.698464197508477e-06, -1.5161274150910048e-06, -1.3336847439747726e-06, -1.697010882041474e-06]
A2: [0.1666795812757708, -0.1666534308768332, 1.340876642757538e-05, 1.2898639770280553e-05] - [0.1666944741676891, 0.3333617436243479, 2.8496647139951618e-05, 2.77449111753357e-05] - [0.16666566144801134, 0.8333322462597416, -1.2731860751773098e-06, -1.020543394807802e-06] - [4.821393482926069e-06, 4.968729374283937e-06, 5.10224624027778e-06, 4.821391031187305e-06]
B1: 0.1666447135848442 - 0.6666388942343291 - 0.1666848388776 - -1.294934337745619e-05
B2: 0.16663832721102548 - 0.666627654210449 - 0.16662185161419246 - -2.7946397980516726e-05
