Number: 139
Error: 2.6626742176303597e-06
A1: [-2.258290172107661e-06, -1.4914636881836025e-06, -6.604074089007749e-07, -2.2455302362522455e-06] - [0.20832447256472014, 0.333327536805051, -0.04166911125196584, -8.804610475108838e-06] - [0.16666404823207331, 0.6666648612850367, 0.1666657538125733, -2.6027605675932785e-06] - [-2.559966313878731e-07, -2.2825825240684138e-07, -2.0050091674261077e-07, -2.557773656381448e-07]
A2: [0.16667524145866572, -0.16665794633388598, 8.824920367846428e-06, 8.572374570929116e-06] - [0.1666945334311272, 0.3333616623975283, 2.864642233448692e-05, 2.7857309177108707e-05] - [0.16667172527523177, 0.8333384681868178, 5.180447518643556e-06, 5.056298566435071e-06] - [7.520388670997923e-07, 7.749870795855057e-07, 7.957797914405496e-07, 7.520384405838812e-07]
B1: 0.16665127866662827 - 0.6666662556228963 - 0.16668923884202547 - -1.3907580191567181e-05
B2: 0.1666485561408579 - 0.6666427773434641 - 0.16663987520496323 - -1.804583731475843e-05
