Number: 1785
Error: 3.602360846108311e-06
A1: [-7.906735672037783e-06, -7.410938658925438e-06, -6.0779589512765105e-06, -7.755852112423317e-06] - [0.2083100205796937, 0.33331096128929183, -0.041684352822301714, -2.264797978844626e-05] - [0.16665702929021822, 0.6666576492154191, 0.16665930248598868, -9.451220960469629e-06] - [-3.3882050670636353e-06, -3.02474975277638e-06, -2.6611193252639824e-06, -3.3853118133748404e-06]
A2: [0.16668469195953456, -0.1666481121982587, 1.8809734515162515e-05, 1.7993448326555783e-05] - [0.16669454790991087, 0.3333619896841213, 2.8479439292472078e-05, 2.7756402579365673e-05] - [0.1666586020870524, 0.8333250033005873, -8.786107629265899e-06, -8.095154617050936e-06] - [9.587840603201399e-06, 9.880870922494042e-06, 1.0146431333085428e-05, 9.58783734347701e-06]
B1: 0.16663582290941426 - 0.6666057802798138 - 0.16667876041605997 - -1.3025412700193645e-05
B2: 0.16662799035979156 - 0.6666112350634138 - 0.16660166163795218 - -3.789856415052814e-05
