Number: 3096
Error: 6.480355671830199e-06
A1: [-6.7601204067874615e-06, -7.171099840937262e-06, -6.129557569796704e-06, -6.504211110090556e-06] - [0.2083247070900547, 0.33332086782156933, -0.04167647361579117, -7.499560624831732e-06] - [0.166658872676265, 0.6666584875831433, 0.16665989511707965, -7.478499572256031e-06] - [-5.883247712446297e-06, -5.252319679271817e-06, -4.621175373706017e-06, -5.878238836298235e-06]
A2: [0.1666633899572995, -0.16666998025763957, -3.727860472840936e-06, -3.332017108299699e-06] - [0.16658228370474856, 0.3332465567408952, -9.044476954063048e-05, -8.459982221264491e-05] - [0.1666208399890669, 0.8332861316862594, -4.881658273061116e-05, -4.5879800819486854e-05] - [1.662036127574092e-05, 1.712834814046048e-05, 1.7588746266745965e-05, 1.6620360052515705e-05]
B1: 0.16668779526457228 - 0.6665375391090294 - 0.16656595003243402 - 5.1117389279869155e-05
B2: 0.16667734220338518 - 0.6666728706953139 - 0.1666764593412576 - 1.2021887913744238e-05
