Number: 2027
Error: 3.7359184654197112e-06
A1: [-8.739861583390335e-06, -8.284381596726774e-06, -6.878089062410751e-06, -8.568669821307867e-06] - [0.20830788410329631, 0.33330851077914786, -0.041686609067935775, -2.469496835042273e-05] - [0.16665599422126748, 0.6666565853168714, 0.1666583499741749, -1.0461226170772313e-05] - [-3.848672454555219e-06, -3.435858799288812e-06, -3.022856976011259e-06, -3.845387813736605e-06]
A2: [0.1666860854577863, -0.16664666208270723, 2.0282208006859224e-05, 1.9382620174699242e-05] - [0.16669456903580782, 0.33336205764788335, 2.8475521851728037e-05, 2.7760562170325514e-05] - [0.16665667794440786, 0.8333230291248446, -1.0833857665674872e-05, -1.0023454171643973e-05] - [1.088665674634308e-05, 1.1219387317290637e-05, 1.1520930307912327e-05, 1.0886653572376082e-05]
B1: 0.16663333407918432 - 0.6665966894314187 - 0.1666770360437504 - -1.311217838977972e-05
B2: 0.1666251727394834 - 0.6666067935180703 - 0.16659622783923342 - -4.061134161018733e-05
