Number: 1480
Error: 7.3706362815435385e-06
A1: [-1.1396203005153565e-06, -1.2782510879711557e-06, -7.231356020609814e-07, -1.019376010647555e-06] - [0.20833920246594312, 0.33333747304975736, -0.04166115281049044, 6.398020892613122e-06] - [0.16666584318219616, 0.6666656536686681, 0.16666632049994667, -6.75410962350903e-07] - [-2.8077164028487933e-06, -2.5064785176178114e-06, -2.2050856421357037e-06, -2.8053171759410237e-06]
A2: [0.16665410197551658, -0.16667964688689313, -1.3544284551514368e-05, -1.259109029005937e-05] - [0.1665821972941008, 0.33324615588283524, -9.036692075879017e-05, -8.457285953135703e-05] - [0.16663369938358671, 0.833299324941754, -3.513214956532111e-05, -3.299262652051507e-05] - [7.94770948295312e-06, 8.190605781783592e-06, 8.410728127884308e-06, 7.947706304864884e-06]
B1: 0.16670421669498484 - 0.6665980765446956 - 0.16657732667594247 - 5.149848386415675e-05
B2: 0.16669593732199559 - 0.6667024876947144 - 0.1667128869903231 - 2.9916442009271228e-05
