Number: 280
Error: 8.056342009477292e-06
A1: [3.0007589370235413e-06, 3.0611123047528835e-06, 3.251677751232374e-06, 3.0202802352478292e-06] - [0.20834982786863482, 0.3333496522697113, -0.04164994049460219, 1.6579617236864293e-05] - [0.16667098384415638, 0.6666709364160752, 0.16667104989302547, 4.34093525575662e-06] - [-5.235499418461402e-07, -4.671365531820729e-07, -4.106860547461672e-07, -5.231014259054137e-07]
A2: [0.166647206663642, -0.16668682227436515, -2.0829805820825967e-05, -1.946493504934543e-05] - [0.16658215935160658, 0.3332458886133492, -9.027469759168319e-05, -8.452662925113863e-05] - [0.16664325886079717, 0.8333091332929667, -2.4958194254719576e-05, -2.341253055546105e-05] - [1.5059731917360548e-06, 1.551966677170745e-06, 1.593643209121137e-06, 1.5059723100471344e-06]
B1: 0.1667155695289165 - 0.6666422259396045 - 0.166584999427397 - 5.093971908345029e-05
B2: 0.16671075975092445 - 0.6667253826360471 - 0.166740717950743 - 4.4218703435061504e-05
