Number: 484
Error: 7.935015335968394e-06
A1: [2.326836130173136e-06, 2.355482365811753e-06, 2.6101463753720516e-06, 2.3634521230981173e-06] - [0.20834814335162746, 0.33334771202065927, -0.04165170794235283, 1.4970431243450916e-05] - [0.16667014076443612, 0.6666700712622416, 0.16667028090015718, 3.518961205615396e-06] - [-9.118883428064172e-07, -8.138544941119402e-07, -7.157588564783731e-07, -9.111073752266884e-07]
A2: [0.166648374098138, -0.1666856077479139, -1.9597065721270926e-05, -1.830114998011462e-05] - [0.16658213766063343, 0.3332459041684147, -9.032192000815754e-05, -8.456262870387053e-05] - [0.16664162448088513, 0.8333074562566598, -2.6697704272652575e-05, -2.505041507810379e-05] - [2.6011460582330306e-06, 2.680615566584062e-06, 2.7526287634039504e-06, 2.6011445737484546e-06]
B1: 0.16671385493104768 - 0.6666349069712411 - 0.16658385299791306 - 5.124982586131969e-05
B2: 0.16670788435737913 - 0.6667212306203714 - 0.16673582876036466 - 4.14317366012547e-05
