Number: 140
Error: 8.142646663966625e-06
A1: [3.456956499263031e-06, 3.5384089435261496e-06, 3.6843231745538757e-06, 3.4647522720042283e-06] - [0.20835095772293105, 0.3333509550562568, -0.04164875886978205, 1.7657799548463536e-05] - [0.16667155566473976, 0.666671522763112, 0.16667156962233848, 4.8982778517836355e-06] - [-2.5703395716694906e-07, -2.2918386457049184e-07, -2.0131485308943288e-07, -2.5681381996457753e-07]
A2: [0.16664641215973425, -0.1666876488543916, -2.166866050176874e-05, -2.025693445023831e-05] - [0.16658220362435106, 0.3332459082150953, -9.021119910849737e-05, -8.447253716447184e-05] - [0.1666443885176755, 0.8333102924271681, -2.3756003791148352e-05, -2.228046868329123e-05] - [7.543776427150534e-07, 7.773971773303141e-07, 7.98254527929366e-07, 7.54377217023201e-07]
B1: 0.16671654561570906 - 0.6666470728220871 - 0.1665856348204914 - 5.052648940159661e-05
B2: 0.16671292865594156 - 0.6667284064040125 - 0.16674422450717938 - 4.63269240971672e-05
