Number: 1025
Error: 3.1792532971200225e-06
A1: [-5.270884312042298e-06, -4.647486170444366e-06, -3.5437794729960963e-06, -5.183800427629864e-06] - [0.20831680793530125, 0.33331873881793417, -0.04167718148106405, -1.6141742861473165e-05] - [0.16666029939731897, 0.6666610108589579, 0.16666231527589584, -6.259851978850145e-06] - [-1.942039114155659e-06, -1.7335947374898276e-06, -1.5250324028779696e-06, -1.9403778703815473e-06]
A2: [0.16668031513617357, -0.16665266693564781, 1.4184676377040881e-05, 1.3630211952634094e-05] - [0.16669447667510018, 0.33336177119229327, 2.8486514989622166e-05, 2.7738446354709376e-05] - [0.16666464268221734, 0.8333312010422123, -2.3572984674733024e-06, -2.0415070413585587e-06] - [5.508508884352854e-06, 5.67684768256207e-06, 5.8293988550893275e-06, 5.5085062081338375e-06]
B1: 0.16664351051744158 - 0.6666341958399684 - 0.16668403405453386 - -1.2881781680835295e-05
B2: 0.16663685980813234 - 0.6666252641932905 - 0.1666188697386775 - -2.9358355900177045e-05
