Number: 643
Error: 2.9624913885427848e-06
A1: [-3.936599933119652e-06, -3.2488061974405237e-06, -2.2600918619161455e-06, -3.881594483005148e-06] - [0.2083202566163072, 0.33332268628675144, -0.041673537635754765, -1.2834400421850164e-05] - [0.16666195222200733, 0.6666627099870072, 0.16666383932951245, -4.646616137947499e-06] - [-1.2151113776357888e-06, -1.0845805350089933e-06, -9.539699034226371e-07, -1.2140710509214522e-06]
A2: [0.1666781201809014, -0.1666549512342643, 1.1865101878781208e-05, 1.1442085903667087e-05] - [0.16669446044999153, 0.333361681409328, 2.851050403724961e-05, 2.7748998509064365e-05] - [0.16666768352047867, 0.8333343210091153, 8.789316034925443e-07, 1.0058904474332647e-06] - [3.457864359412151e-06, 3.5635214421677404e-06, 3.6592667519521837e-06, 3.457862457931372e-06]
B1: 0.16664715387885842 - 0.6666482725547015 - 0.16668649265898977 - -1.3030303939155449e-05
B2: 0.16664145412405731 - 0.6666324797656266 - 0.16662771190702066 - -2.4929517144488058e-05
