Number: 1996
Error: 7.084408854424541e-06
A1: [-2.9150725762903577e-06, -3.1395804707140124e-06, -2.4280456478545685e-06, -2.751525418046244e-06] - [0.20833465154392766, 0.333332252843752, -0.04166595844895714, 2.0379108671776645e-06] - [0.16666363688557853, 0.6666633860291041, 0.16666429050884812, -2.828263455429901e-06] - [-3.7898154141996977e-06, -3.383304658314161e-06, -2.9766074021487313e-06, -3.786580785536424e-06]
A2: [0.16665707573739946, -0.16667655238029364, -1.040212907843933e-05, -9.626559187511392e-06] - [0.1665822513730515, 0.3332463099148581, -9.036624835687712e-05, -8.455497889334693e-05] - [0.16662959867028634, 0.8332951175640366, -3.949642743292402e-05, -3.71022084486227e-05] - [1.071723716642287e-05, 1.1044788125130045e-05, 1.1341636446262386e-05, 1.071723397607711e-05]
B1: 0.16669890591077755 - 0.666578694614943 - 0.16657365893281312 - 5.130967000018781e-05
B2: 0.16668991027665245 - 0.6666930014168486 - 0.16670128947230253 - 2.4113084525721875e-05
