Number: 2104
Error: 7.02471920279983e-06
A1: [-3.30446612748468e-06, -3.5479508137493903e-06, -2.804680931031357e-06, -3.1318388368501205e-06] - [0.20833362735272548, 0.3333310845297167, -0.04166704403611691, 1.0537249134555689e-06] - [0.16666315712004845, 0.6666628924106968, 0.16666384561392777, -3.2968264181963103e-06] - [-3.9953600317094785e-06, -3.5668152699854497e-06, -3.1380788351715378e-06, -3.991950807906653e-06]
A2: [0.16665769461480567, -0.16667590807911906, -9.747694067446081e-06, -9.009613792789135e-06] - [0.16658225291023868, 0.3332463327779962, -9.037505429521889e-05, -8.456101839063829e-05] - [0.16662873900731948, 0.8332942356264236, -4.041115157027229e-05, -3.7963727834427075e-05] - [1.1296871742111412e-05, 1.1642139991611722e-05, 1.1955046722555592e-05, 1.1296868624863248e-05]
B1: 0.16669785149376612 - 0.6665746911720271 - 0.16657294043753917 - 5.1327315363799465e-05
B2: 0.16668871374728425 - 0.666691025359889 - 0.16669881297337882 - 2.2963372665107368e-05
