Number: 950
Error: 7.667782683594446e-06
A1: [7.250793853533137e-07, 6.76842202079835e-07, 1.0734657156407129e-06, 8.008042646744147e-07] - [0.20834404184914695, 0.33334300868041145, -0.04165603423077097, 1.1041251433770663e-05] - [0.16666815069175944, 0.6666680264018188, 0.16666845132246816, 1.577159885289897e-06] - [-1.7989236966194304e-06, -1.6058162126320957e-06, -1.4125979082031959e-06, -1.7973846237279157e-06]
A2: [0.16665105291228444, -0.16668282024959988, -1.6766880493124546e-05, -1.5630672247769483e-05] - [0.16658215502461363, 0.33324601033598056, -9.035561004483557e-05, -8.457795113318582e-05] - [0.16663791244276818, 0.8333036475265705, -3.064845436387261e-05, -2.8770459704334248e-05] - [5.102762009581702e-06, 5.258697882828705e-06, 5.4000086103180385e-06, 5.102759463798903e-06]
B1: 0.16670945758452055 - 0.6666177740258308 - 0.16658088592069734 - 5.1478168136444204e-05
B2: 0.16670207582932042 - 0.6667123065516708 - 0.16672500832301038 - 3.5825205262136935e-05
