Number: 35
Error: 2.5967939546636284e-06
A1: [-2.0356112821018537e-06, -1.2598543615600492e-06, -4.687080840393493e-07, -2.0314501146695567e-06] - [0.20832484349988523, 0.3333280090937375, -0.041668756066585516, -8.47161026222822e-06] - [0.16666435523953652, 0.6666651723065622, 0.16666600857206318, -2.306395254278221e-06] - [-5.808958011294719e-08, -5.155857975225542e-08, -4.5022904493454695e-08, -5.80400363268068e-08]
A2: [0.1666746373942422, -0.16665857310227286, 8.19019091288754e-06, 7.970170420751573e-06] - [0.16669453933961667, 0.33336165313319255, 2.8672985220837407e-05, 2.7870511092030733e-05] - [0.16667256478738304, 0.8333393300484329, 6.074744571239933e-06, 5.89759701570864e-06] - [1.936997400332241e-07, 1.9958116327251165e-07, 2.0490791743956114e-07, 1.9369966812008149e-07]
B1: 0.16665222145037506 - 0.6666700762756393 - 0.1666899334924677 - -1.3996388179355568e-05
B2: 0.16665069035168126 - 0.6666451833261934 - 0.1666422562161875 - -1.5956704311300424e-05
