Number: 2001
Error: 3.7216184717661716e-06
A1: [-8.661644063289267e-06, -8.202466628408379e-06, -6.804684388227609e-06, -8.492623326858573e-06] - [0.20830806816694414, 0.3333087260281338, -0.041686417242656267, -2.45204754740729e-05] - [0.16665609401783665, 0.6666566875699294, 0.16665843961974874, -1.0364111422382505e-05] - [-3.799200276316338e-06, -3.3916892213252054e-06, -2.9839912823624963e-06, -3.7959576654791447e-06]
A2: [0.16668593386907943, -0.16664681965888356, 2.0122330402831215e-05, 1.9231496370953207e-05] - [0.16669456192476007, 0.3333620457553313, 2.8471617629017516e-05, 2.7755274297313942e-05] - [0.16665688413405655, 0.8333232407202065, -1.061432521844201e-05, -9.816817818501985e-06] - [1.0747123368892881e-05, 1.1075588886068728e-05, 1.1373266174120575e-05, 1.0747120179429614e-05]
B1: 0.16663363851664426 - 0.6665977016366044 - 0.1666772552885752 - -1.3065780207331871e-05
B2: 0.16662551372559875 - 0.6666072737790998 - 0.16659677756683744 - -4.028162292520701e-05
