Number: 1523
Error: 3.457234539425334e-06
A1: [-7.00228136501354e-06, -6.462703790712608e-06, -5.208967713181573e-06, -6.873387313964703e-06] - [0.2083123435399155, 0.3333136247598914, -0.04168189915657887, -2.0421914017338876e-05] - [0.1666581523910212, 0.6666588036599197, 0.16666033646261091, -8.355258867497885e-06] - [-2.889670329677409e-06, -2.579652783684548e-06, -2.26947704927114e-06, -2.8872013033712696e-06]
A2: [0.1666831827633204, -0.1666496827086511, 1.7215002140930967e-05, 1.6488936064951397e-05] - [0.16669452260737172, 0.333361913637999, 2.8481182246721756e-05, 2.774946784585957e-05] - [0.16666068452192226, 0.8333271399024559, -6.569852790166057e-06, -6.0082196920866195e-06] - [8.181615171148278e-06, 8.431661997688993e-06, 8.658265036404835e-06, 8.181611966700034e-06]
B1: 0.16663850591802704 - 0.6666156088756569 - 0.16668061135947848 - -1.29430429418949e-05
B2: 0.16663104137632986 - 0.6666160518468364 - 0.16660756071639538 - -3.496105211439119e-05
