Number: 355
Error: 2.7944226110001434e-06
A1: [-2.9729908571177413e-06, -2.2394567314300354e-06, -1.3402519424744723e-06, -2.9421300919304676e-06] - [0.20832268499276613, 0.3333254795140192, -0.04167098452692899, -1.051241909984167e-05] - [0.16666315498249754, 0.6666639448783126, 0.1666649394392424, -3.4736626978391267e-06] - [-6.670477410585102e-07, -5.952561688647686e-07, -5.234180058299586e-07, -6.664763191230313e-07]
A2: [0.1666764679354672, -0.16665667021721856, 1.0120139911820724e-05, 9.794989523274065e-06] - [0.16669447064228599, 0.33336163814337244, 2.8554959573229928e-05, 2.777937924086112e-05] - [0.16666998464429353, 0.8333366821666912, 3.328096869846101e-06, 3.311959181936083e-06] - [1.911726810732499e-06, 1.970123193305359e-06, 2.0230394254254394e-06, 1.9117256944116636e-06]
B1: 0.166649729172025 - 0.6666587408017517 - 0.16668822820937834 - -1.3313514413996642e-05
B2: 0.16664531272883312 - 0.6666381803398272 - 0.16663449616004888 - -2.1195676451721572e-05
