Number: 1010
Error: 7.633897425164314e-06
A1: [5.111531009150285e-07, 4.525388240625175e-07, 8.669617605182288e-07, 5.919207308443019e-07] - [0.20834348265011396, 0.3333423700789785, -0.041656626198745564, 1.05042694720506e-05] - [0.16666788662538065, 0.6666677548045896, 0.16666820696587267, 1.319315945738578e-06] - [-1.913129202352915e-06, -1.707780471424094e-06, -1.5023153113622476e-06, -1.9114926459260896e-06]
A2: [0.16665139745367993, -0.16668246162161104, -1.640266239958335e-05, -1.528720420640719e-05] - [0.16658215783131922, 0.33324602486043486, -9.035881116077085e-05, -8.457935311586912e-05] - [0.16663743514697926, 0.8333031578299349, -3.115639016607306e-05, -2.9248786464352574e-05] - [5.424845127781657e-06, 5.590626015203862e-06, 5.740858999346676e-06, 5.424842479182406e-06]
B1: 0.16670888401004438 - 0.6666155627901008 - 0.16658050065796323 - 5.150021188622874e-05
B2: 0.16670138108373675 - 0.6667111864320466 - 0.1667236183720353 - 3.515646783491626e-05
