Number: 1176
Error: 7.5405597502895414e-06
A1: [-6.613424083196571e-08, -1.526657694983968e-07, 3.1179366965148685e-07, 2.857090314816813e-08] - [0.2083419941608232, 0.33334066510699284, -0.04165819895786128, 9.077190995209873e-06] - [0.16666717073958534, 0.6666670188875392, 0.16666754721635788, 6.206311832807116e-07] - [-2.2290962579122916e-06, -1.9898802840193736e-06, -1.750533177485854e-06, -2.2271901391808216e-06]
A2: [0.16665235353979838, -0.16668146667010467, -1.5392359703779862e-05, -1.4334087700339102e-05] - [0.16658217371830017, 0.3332460729058286, -9.036008953388367e-05, -8.457511034922883e-05] - [0.1666361158243226, 0.8333018041751281, -3.256053383524722e-05, -3.0570961583827524e-05] - [6.31592389992577e-06, 6.50894209647237e-06, 6.68385975933833e-06, 6.315921008235409e-06]
B1: 0.1667072308922517 - 0.6666093823552639 - 0.16657937553590582 - 5.149493234689335e-05
B2: 0.16669942527243087 - 0.6667080990505783 - 0.16671983217530545 - 3.3272614023426955e-05
