Number: 9
Error: 2.5794824518804433e-06
A1: [-2.1744804957899414e-06, -1.4070020227441703e-06, -6.363479360501837e-07, -2.1722841840632883e-06] - [0.2083241520495671, 0.3333273006214706, -0.04166953618903056, -9.171799686015904e-06] - [0.16666423494316404, 0.6666650423693861, 0.16666585392148428, -2.4291651467500256e-06] - [-8.648498275476905e-09, -7.418647072298813e-09, -6.187838634902341e-09, -8.641378138238787e-09]
A2: [0.16667445071442774, -0.16665876360439036, 7.999647639145118e-06, 7.783956354191663e-06] - [0.1666944426244206, 0.3333615577944675, 2.859204795372255e-05, 2.7775621940788242e-05] - [0.1666727613009392, 0.8333395328826724, 6.28646285981206e-06, 6.094557811988575e-06] - [5.416270081463906e-08, 5.5779029721035366e-08, 5.7240756194270035e-08, 5.4162716477254986e-08]
B1: 0.16665309581257798 - 0.666671632116968 - 0.16669066988455622 - -1.3379182537650802e-05
B2: 0.16665190620539277 - 0.6666458601060653 - 0.16664228774804152 - -1.475213139548844e-05
