Number: 2502
Error: 6.8055703165502224e-06
A1: [-4.678600649115678e-06, -4.988597605333245e-06, -4.124963911502598e-06, -4.4725705575557044e-06] - [0.2083300980857031, 0.33332703790373275, -0.041670772056461046, -2.328352175128285e-06] - [0.16666145059757745, 0.6666611382894264, 0.16666227448724494, -4.962126047526041e-06] - [-4.752825528330243e-06, -4.243082507468898e-06, -3.7331329886116693e-06, -4.748773626176965e-06]
A2: [0.16665998387283834, -0.16667352564774052, -7.328457273326062e-06, -6.727475579021678e-06] - [0.16658227881845347, 0.33324643591708947, -9.039004059246275e-05, -8.45630326329521e-05] - [0.166625572465724, 0.8332909868349815, -4.3780939793453187e-05, -4.11371112683e-05] - [1.3432828110215266e-05, 1.3843384572887005e-05, 1.4215468064418208e-05, 1.3432825488007963e-05]
B1: 0.16669377046839984 - 0.6665597465643813 - 0.16657010509211317 - 5.119678892354749e-05
B2: 0.16668410270864872 - 0.6666837313070262 - 0.16668987479852845 - 1.852487572481504e-05
