Number: 278
Error: 8.057543755405292e-06
A1: [3.0031522973074894e-06, 3.0635775517301544e-06, 3.2532756834860824e-06, 3.022510035439304e-06] - [0.20834982740606428, 0.3333496533528073, -0.04164994206684224, 1.657843237634188e-05] - [0.1666709878475329, 0.6666709403947398, 0.16667105268787158, 4.344735788870569e-06] - [-5.197421133614821e-07, -4.6373674120399834e-07, -4.0769451176945857e-07, -5.192968591345924e-07]
A2: [0.1666471945546381, -0.1666868348080592, -2.0842479384524577e-05, -1.947700827410404e-05] - [0.16658215792013564, 0.333245886916145, -9.027567555074601e-05, -8.452792044343695e-05] - [0.1666432747256741, 0.8333091495887602, -2.4941272781114873e-05, -2.3396631320563987e-05] - [1.495236163751496e-06, 1.540901448327195e-06, 1.5822805601023615e-06, 1.495235288343055e-06]
B1: 0.1667155985768831 - 0.6666423094959268 - 0.16658502203156528 - 5.0948929598308826e-05
B2: 0.1667108035863541 - 0.6667254258373276 - 0.16674075450471618 - 4.426167177401988e-05
