Number: 2305
Error: 3.888861680200721e-06
A1: [-9.710720594276157e-06, -9.302332486047681e-06, -7.812601704157432e-06, -9.516186978711379e-06] - [0.20830537419518114, 0.33330563698205445, -0.04168926284914873, -2.7102024701960552e-05] - [0.1666547912292801, 0.6666553484184111, 0.16665724023684977, -1.1635413890271e-05] - [-4.377624064219385e-06, -3.908109238384224e-06, -3.4383942915606694e-06, -4.373890354283664e-06]
A2: [0.16668768271133924, -0.1666449996730541, 2.197042789332642e-05, 2.097490384360696e-05] - [0.16669458268277937, 0.33336212541483473, 2.846105512629037e-05, 2.7754718656366315e-05] - [0.16665446576006046, 0.8333207595041394, -1.3187955203614601e-05, -1.2240414137909633e-05] - [1.2378618709206255e-05, 1.2756953173832968e-05, 1.3099830636745637e-05, 1.237861579605382e-05]
B1: 0.16663052081488602 - 0.6665862868557645 - 0.16667509026205324 - -1.3166065573376565e-05
B2: 0.16662198956086235 - 0.666601701771288 - 0.16658995077984115 - -4.367408242190849e-05
