Number: 2324
Error: 6.903454020607268e-06
A1: [-4.063926767981028e-06, -4.344171416282474e-06, -3.5343621535817844e-06, -3.8728355508880285e-06] - [0.2083316769579645, 0.33332884818296044, -0.041669104241294164, -8.15308572885134e-07] - [0.166662213928389, 0.6666619229146777, 0.16666297727932503, -4.217231329449632e-06] - [-4.4140633589119835e-06, -3.940635081965384e-06, -3.4670061138613068e-06, -4.410298739760966e-06]
A2: [0.1666589604099175, -0.16667459078126776, -8.41005265901694e-06, -7.74775426297068e-06] - [0.16658226863541623, 0.3332463911921119, -9.038193964273463e-05, -8.456072755795379e-05] - [0.16662698899627051, 0.8332924401503996, -4.227351060250282e-05, -3.971752069044487e-05] - [1.247757123491368e-05, 1.285892909592947e-05, 1.3204546893132315e-05, 1.2477568347449513e-05]
B1: 0.1666955942195111 - 0.666566429878858 - 0.16657137377975242 - 5.125375034211913e-05
B2: 0.1666861635061416 - 0.6666869924021399 - 0.1666938715791745 - 2.0508505647907403e-05
