Number: 2020
Error: 7.071103764261661e-06
A1: [-3.0149193482973315e-06, -3.244392189537801e-06, -2.526552677653545e-06, -2.849341622470871e-06] - [0.20833437031478533, 0.3333319365759577, -0.04166625934308099, 1.7656231314533217e-06] - [0.16666351681409208, 0.6666632621236502, 0.1666641766756802, -2.9458325892599648e-06] - [-3.835488917502168e-06, -3.424081528907076e-06, -3.012486448344902e-06, -3.832215485559589e-06]
A2: [0.16665721100686473, -0.16667641134860142, -1.025872712588185e-05, -9.491719054211885e-06] - [0.1665822458391704, 0.3332463094166464, -9.03734719440165e-05, -8.456219646199891e-05] - [0.16662940695601022, 0.8332949209356338, -3.9700303912739405e-05, -3.729433525507362e-05] - [1.0846046109710836e-05, 1.1177534265505351e-05, 1.1477951124522258e-05, 1.0846042933329564e-05]
B1: 0.16669871540744366 - 0.6665778468460498 - 0.16657353923153972 - 5.135743949618488e-05
B2: 0.16668968967101488 - 0.6666925660669406 - 0.16670069912013633 - 2.3902881225533018e-05
