Number: 1963
Error: 3.7006440594079815e-06
A1: [-8.52151722216629e-06, -8.055486180387355e-06, -6.668693120937752e-06, -8.355694270934792e-06] - [0.2083084411251665, 0.33330915040363723, -0.04168602126586781, -2.4161604899833e-05] - [0.1666562659519193, 0.6666568645595581, 0.16665859964755128, -1.0196121920589207e-05] - [-3.7268968519097993e-06, -3.3271365659616364e-06, -2.927191324204198e-06, -3.723715676054261e-06]
A2: [0.16668571668347631, -0.166647045813452, 1.989258185084961e-05, 1.9014990051102554e-05] - [0.1666945629112883, 0.33336203917980645, 2.8476109096277805e-05, 2.7758924716662767e-05] - [0.1666571867908657, 0.8333235512082791, -1.0292311104577096e-05, -9.513508318761102e-06] - [1.0543175057955711e-05, 1.0865406606995632e-05, 1.1157433655117451e-05, 1.0543171848530008e-05]
B1: 0.1666339988249476 - 0.666599100113506 - 0.16667749854375338 - -1.3082679310860988e-05
B2: 0.1666259241072659 - 0.6666079681666588 - 0.16659765837404947 - -3.988770163163343e-05
