Number: 862
Error: 7.717593919316633e-06
A1: [1.0197545666298813e-06, 9.856528967764098e-07, 1.355086407831563e-06, 1.0881016397211295e-06] - [0.20834478510863594, 0.3333438640339979, -0.0416552516349852, 1.1751999376120036e-05] - [0.16666851868468008, 0.6666684043460964, 0.1666687882196149, 1.9360449186819296e-06] - [-1.6314175337744574e-06, -1.4562637168453885e-06, -1.2810075912326499e-06, -1.6300214906526271e-06]
A2: [0.16665054453481787, -0.16668334911875313, -1.7303771974342967e-05, -1.6137475456947286e-05] - [0.16658214331140533, 0.3332459818920419, -9.035758134681067e-05, -8.458349164814452e-05] - [0.16663861172514516, 0.8333043650557446, -2.9904113486720405e-05, -2.8069665272862087e-05] - [4.630367713195855e-06, 4.7718640274571285e-06, 4.900088686680461e-06, 4.6303653324166485e-06]
B1: 0.1667103529782464 - 0.666621069258797 - 0.16658150096573038 - 5.150004209570987e-05
B2: 0.16670316717689368 - 0.6667139622110513 - 0.16672699687508155 - 3.687840646757808e-05
