Number: 2100
Error: 7.0269021028269225e-06
A1: [-3.2998091424722442e-06, -3.5431393003702075e-06, -2.8015928866499193e-06, -3.1275087994949387e-06] - [0.20833362595322114, 0.3333310862601641, -0.041667047576689514, 1.050881381741732e-06] - [0.16666316502023443, 0.6666629002699708, 0.16666385111488058, -3.28933169637413e-06] - [-3.987744845326951e-06, -3.5600160184791798e-06, -3.1320957018934766e-06, -3.984342088896347e-06]
A2: [0.16665767002291093, -0.16667593353024598, -9.77343384411765e-06, -9.034134128498244e-06] - [0.166582248490185, 0.33324632778518903, -9.037864550480268e-05, -8.456515781622922e-05] - [0.16662877033589335, 0.8332942678061399, -4.037772988435809e-05, -3.793233050202061e-05] - [1.1275404164663931e-05, 1.1620016215688066e-05, 1.1932328183816018e-05, 1.1275401044205074e-05]
B1: 0.16669792281780826 - 0.6665748702666529 - 0.166572996416388 - 5.135895979376422e-05
B2: 0.1666887912206295 - 0.6666911012577328 - 0.166698875289418 - 2.303911086523894e-05
