Number: 2713
Error: 4.112425774096824e-06
A1: [-1.1144469313964365e-05, -1.080569035574332e-05, -9.194006215413191e-06, -1.091567128861969e-05] - [0.20830165471732684, 0.33330138143461213, -0.041693197529530504, -3.0670523364929265e-05] - [0.16665301670468097, 0.6666535236245986, 0.1666556015461709, -1.3367658552010646e-05] - [-5.153898638280478e-06, -4.601167724150424e-06, -4.048225026859356e-06, -5.149506907043472e-06]
A2: [0.16669002284980333, -0.1666425638399167, 2.4444221894852277e-05, 2.330774847230135e-05] - [0.16669458920904237, 0.33336221156218815, 2.842673617954517e-05, 2.773263915673932e-05] - [0.16665121629839458, 0.8333174257714459, -1.6645641798868588e-05, -1.5496885376634433e-05] - [1.4568123107560923e-05, 1.5013382552340481e-05, 1.5416921605695512e-05, 1.4568120890791828e-05]
B1: 0.1666264279904108 - 0.6665710476878951 - 0.16667225375103503 - -1.3209248696736018e-05
B2: 0.16661735626090932 - 0.666594239617199 - 0.16658071970905985 - -4.813062306734707e-05
