Number: 719
Error: 3.006003281271714e-06
A1: [-4.193650762385447e-06, -3.518161931143481e-06, -2.5060623037497374e-06, -4.132271201648225e-06] - [0.20831960444970618, 0.3333219369172881, -0.041674224565221886, -1.3458479695639095e-05] - [0.16666163192976474, 0.6666623809901409, 0.166663545672847, -4.959040055588937e-06] - [-1.3597376733020234e-06, -1.2137059848372317e-06, -1.0675863943091845e-06, -1.3585737215312513e-06]
A2: [0.16667855758913336, -0.16665449614291436, 1.2327117227610535e-05, 1.1878135379173245e-05] - [0.1666944643743221, 0.33336169969654966, 2.850588139846932e-05, 2.774759529228368e-05] - [0.16666707817380286, 0.8333336998758745, 2.3462462683795574e-07, 3.99238803284768e-07] - [3.865855500010181e-06, 3.983983605588527e-06, 4.0910307236674866e-06, 3.865853419461631e-06]
B1: 0.16664642614464342 - 0.6666454678394439 - 0.16668599821866387 - -1.3003666681592768e-05
B2: 0.16664049106861523 - 0.6666310215998154 - 0.16662595805543148 - -2.5859648834276533e-05
