Number: 2697
Error: 4.103653836071789e-06
A1: [-1.1077909440585352e-05, -1.0735820179365811e-05, -9.128338096513412e-06, -1.0850464996650074e-05] - [0.2083018422030775, 0.3333015922814147, -0.04169299692770703, -3.0488998175355593e-05] - [0.16665309673559292, 0.6666536062137512, 0.16665567742411908, -1.3289295620684852e-05] - [-5.123458512040018e-06, -4.573991319105418e-06, -4.024312669244843e-06, -5.119092560814197e-06]
A2: [0.16668993288882264, -0.16664265764090627, 2.4348839865199205e-05, 2.321807344644864e-05] - [0.16669459373734666, 0.33336221273808453, 2.8432391995812954e-05, 2.7738288986498913e-05] - [0.16665134430552297, 0.8333175570554302, -1.6509526745011152e-05, -1.5368603416293043e-05] - [1.4482257871227775e-05, 1.4924892756891235e-05, 1.5326052832973086e-05, 1.448225562008405e-05]
B1: 0.1666265545503349 - 0.6665716130160442 - 0.16667233436747309 - -1.3241524582690144e-05
B2: 0.16661750242336584 - 0.6665945289323207 - 0.16658111239155374 - -4.7991389178808316e-05
