Number: 2256
Error: 6.94086943843549e-06
A1: [-3.840953606110918e-06, -4.110497005725679e-06, -3.3219148622678973e-06, -3.65555810387991e-06] - [0.20833223240394938, 0.33332948935337814, -0.04166852017365788, -2.849651331199715e-07] - [0.16666249356610097, 0.6666622100152877, 0.16666323244513212, -3.944625319321598e-06] - [-4.284643865662909e-06, -3.825088485477499e-06, -3.365334984852125e-06, -4.280989060517907e-06]
A2: [0.16665856723816783, -0.16667499977259567, -8.825227615319744e-06, -8.139709557089846e-06] - [0.16658225884693623, 0.3332463684705522, -9.038420267483273e-05, -8.456574536448978e-05] - [0.1666275293742698, 0.8332929946126949, -4.169834210793246e-05, -3.917597373756968e-05] - [1.211263325112571e-05, 1.2482836300735e-05, 1.2818343469536948e-05, 1.2112630281001995e-05]
B1: 0.16669633061364736 - 0.6665690205434549 - 0.16657189370244577 - 5.131521575728021e-05
B2: 0.16668699141307985 - 0.6666882419101275 - 0.16669536317038286 - 2.1306931651487188e-05
