Number: 1574
Error: 7.318317465017992e-06
A1: [-1.464860590239655e-06, -1.6192332751641704e-06, -1.0357193498058035e-06, -1.3367258935178125e-06] - [0.20833836617097065, 0.3333365144393073, -0.041662036287815174, 5.59649361261824e-06] - [0.16666543944099474, 0.6666652386541804, 0.16666594868176982, -1.0694141166806124e-06] - [-2.9866293641669143e-06, -2.666213779168188e-06, -2.345636624507456e-06, -2.984077803282925e-06]
A2: [0.16665464364487506, -0.16667908320804084, -1.2971912022412275e-05, -1.2051102511337506e-05] - [0.16658220723417974, 0.3332461840618481, -9.03666479948902e-05, -8.456951353586616e-05] - [0.16663295247363127, 0.8332985586029262, -3.5927068259031596e-05, -3.3741151963137645e-05] - [8.452255974540448e-06, 8.71057450743335e-06, 8.944674354831544e-06, 8.45225274968908e-06]
B1: 0.16670325728431945 - 0.666594554112314 - 0.16657666733008 - 5.147216434505663e-05
B2: 0.16669484197121165 - 0.6667007565779068 - 0.16671076537386426 - 2.886183967042753e-05
