Number: 2446
Error: 6.836322267585303e-06
A1: [-4.49356850218277e-06, -4.794674273663932e-06, -3.9484428429673704e-06, -4.292230255294176e-06] - [0.2083305611832999, 0.3333275719150941, -0.04167028475249503, -1.8859324562478452e-06] - [0.1666616823092431, 0.6666613762267151, 0.1666624862060638, -4.736206365427991e-06] - [-4.646247021047727e-06, -4.147928724046364e-06, -3.6494056125213058e-06, -4.6422854768336674e-06]
A2: [0.16665966052130338, -0.16667386203842158, -7.669952766844736e-06, -7.049825329270058e-06] - [0.16658227213304982, 0.33324641855085824, -9.039059168948948e-05, -8.456578915298637e-05] - [0.16662601774046176, 0.8332914437049921, -4.330702147390116e-05, -4.069087380325337e-05] - [1.3132301528735908e-05, 1.3533672019406721e-05, 1.389742926758124e-05, 1.3132298815423616e-05]
B1: 0.1666943714862681 - 0.6665618753698006 - 0.16657052937298264 - 5.1241988308608704e-05
B2: 0.16668477934836476 - 0.666684759538766 - 0.1666911070230921 - 1.9177236766922443e-05
