Number: 116
Error: 8.15778447149404e-06
A1: [3.534039755599739e-06, 3.6190109109322584e-06, 3.75717227549914e-06, 3.5398265304833948e-06] - [0.20835114679945668, 0.333351173393088, -0.041648561688900534, 1.7838022532856018e-05] - [0.16667165251140548, 0.6666716220059473, 0.16667165735072503, 4.992643699991038e-06] - [-2.1134454834580675e-07, -1.8839104317716799e-07, -1.6542184805273528e-07, -2.1116358179889436e-07]
A2: [0.16664627667165893, -0.16668778981006613, -2.1811691054398975e-05, -2.0391993181889204e-05] - [0.1665822144637901, 0.33324591493628536, -9.019685003390328e-05, -8.4460014425511e-05] - [0.16664458308674937, 0.8333104920739064, -2.3548953945547154e-05, -2.2085487335103064e-05] - [6.255327804342214e-07, 6.446139256281221e-07, 6.619022964951586e-07, 6.255324359417838e-07]
B1: 0.1667166911972758 - 0.6666478847787196 - 0.166585727610978 - 5.043392561076525e-05
B2: 0.16671332422955235 - 0.6667289448425344 - 0.16674484174422893 - 4.671209470556698e-05
