Number: 2257
Error: 3.862534885992958e-06
A1: [-9.55895682793624e-06, -9.14332872593261e-06, -7.668894847307686e-06, -9.368438204500846e-06] - [0.20830574366240304, 0.3333060656909702, -0.041688875714298586, -2.675025472434035e-05] - [0.1666549829090873, 0.6666555450521444, 0.16665741401527787, -1.144869202775421e-05] - [-4.286293677194793e-06, -3.826568455132205e-06, -3.36664494410436e-06, -4.28263746511191e-06]
A2: [0.1666874043189294, -0.16664528918141633, 2.167660446590265e-05, 2.0697369659815875e-05] - [0.16669457361996354, 0.33336210735959243, 2.8457571307478785e-05, 2.774902160931309e-05] - [0.16665484698972224, 0.833321150693324, -1.278213461219594e-05, -1.1858359767075171e-05] - [1.2121027821974096e-05, 1.2491488652882905e-05, 1.2827229523925329e-05, 1.2121024851394778e-05]
B1: 0.16663105859903674 - 0.6665881329279049 - 0.16667547410633854 - -1.310467192513908e-05
B2: 0.16662259280232636 - 0.6666025850952699 - 0.16659098657699598 - -4.309164085585166e-05
