Number: 2633
Error: 4.068667939905704e-06
A1: [-1.0859591355886641e-05, -1.05069530174728e-05, -8.918970203534297e-06, -1.0637515323502988e-05] - [0.20830239913939239, 0.3333022318180935, -0.04169240921011569, -2.9955719252172656e-05] - [0.16665336844046838, 0.6666538854304168, 0.16665592707579616, -1.302421633888143e-05] - [-5.0016910165290055e-06, -4.465277080729831e-06, -3.928653098829855e-06, -4.997428211036835e-06]
A2: [0.16668956486750044, -0.16664304061718999, 2.3959967569802737e-05, 2.2851196302464005e-05] - [0.16669459046722238, 0.3333621971249745, 2.8435829829847695e-05, 2.773950632138327e-05] - [0.1666518538539392, 0.8333180798405081, -1.5967279032567104e-05, -1.4857955355577658e-05] - [1.4138819859757313e-05, 1.4570957135756187e-05, 1.496260190365798e-05, 1.41388174770075e-05]
B1: 0.1666272176960079 - 0.6665740241185935 - 0.1666727995180574 - -1.3213590066927757e-05
B2: 0.16661825109248704 - 0.6665957008259983 - 0.16658254011091336 - -4.7270449396329516e-05
