Number: 437
Error: 2.8429076434786725e-06
A1: [-3.2381444300310895e-06, -2.5170534746576783e-06, -1.5917828821095655e-06, -3.2004179395993917e-06] - [0.2083220308244096, 0.33332472378340344, -0.0416716695711747, -1.1136330096720306e-05] - [0.16666282191574072, 0.666663603240492, 0.16666463675477605, -3.7982516010668e-06] - [-8.230942850012445e-07, -7.345786830526663e-07, -6.460066311610219e-07, -8.223892842116492e-07]
A2: [0.16667693840177192, -0.16665618086562037, 1.0616771426626474e-05, 1.0263989710910726e-05] - [0.16669446542740204, 0.33336164779013727, 2.85392753669522e-05, 2.7768416074278434e-05] - [0.16666932827549272, 0.8333360086418795, 2.629454024275151e-06, 2.6541824365973862e-06] - [2.351954085088822e-06, 2.4238068848286163e-06, 2.4889176180074494e-06, 2.351952728639203e-06]
B1: 0.16664901126810944 - 0.6666557718355843 - 0.16668774191168856 - -1.3217595550913644e-05
B2: 0.1666441465073734 - 0.6666365186976341 - 0.166632556742724 - -2.2326373108558253e-05
