Number: 449
Error: 2.8499511739005905e-06
A1: [-3.276328261063183e-06, -2.5570283655789366e-06, -1.6279134240261603e-06, -3.237597624423469e-06] - [0.20832193757300016, 0.3333246157909953, -0.04167176709761391, -1.1225155971227895e-05] - [0.1666627737935572, 0.666663553894941, 0.16666459314056956, -3.8451337229422335e-06] - [-8.459303113009348e-07, -7.549672973719848e-07, -6.639464187331035e-07, -8.452057672859087e-07]
A2: [0.16667700747612607, -0.16665610902979908, 1.0689669765573398e-05, 1.0332849506864818e-05] - [0.16669446544197788, 0.3333616499778062, 2.853775214188705e-05, 2.77675894158349e-05] - [0.16666923238352324, 0.8333359102405795, 2.5273777499925153e-06, 2.5580844191357765e-06] - [2.4163763957692905e-06, 2.490198390718477e-06, 2.5570936591100033e-06, 2.416375005234504e-06]
B1: 0.16664890063926652 - 0.6666553322754104 - 0.1666876661580756 - -1.3209127623440531e-05
B2: 0.16664397652968987 - 0.6666362781237576 - 0.16663227751688398 - -2.249115188038991e-05
