Number: 224
Error: 8.090499780123315e-06
A1: [3.187763592112865e-06, 3.2568489493627176e-06, 3.429846322201826e-06, 3.2025903295296196e-06] - [0.20835029813932954, 0.33335019287915557, -0.041649447184070224, 1.7029201497111537e-05] - [0.16667121719616843, 0.6666711758684355, 0.1666712629882264, 4.568491659939184e-06] - [-4.169450164590238e-07, -3.719569434484656e-07, -3.269389086576616e-07, -4.165878284208893e-07]
A2: [0.1666468886609298, -0.16668715316922103, -2.1165671730272715e-05, -1.97819359588568e-05] - [0.1665821750361375, 0.3332458942355113, -9.025170561365461e-05, -8.450701696503353e-05] - [0.16664370991114388, 0.8333095960989151, -2.4478199062163273e-05, -2.2960518198740635e-05] - [1.205335067466611e-06, 1.2421389792142796e-06, 1.2754878186821844e-06, 1.2053343643494124e-06]
B1: 0.16671597258727353 - 0.6666441747762231 - 0.16658526113635008 - 5.0787017021324305e-05
B2: 0.1667115903027944 - 0.6667265694435577 - 0.16674211305416822 - 4.5024981650970426e-05
