Number: 1167
Error: 3.258836529350037e-06
A1: [-5.748272537276897e-06, -5.147839633238696e-06, -4.0004171388432314e-06, -5.6492822988428285e-06] - [0.20831560067592225, 0.3333173500783733, -0.041678453429138104, -1.7296534901389402e-05] - [0.16665970369881156, 0.6666603989406785, 0.16666176942559424, -6.840852752853636e-06] - [-2.2122524096568796e-06, -1.974845851154107e-06, -1.7373087782283749e-06, -2.210360641460092e-06]
A2: [0.16668113550478955, -0.16665181346895808, 1.5051130731620494e-05, 1.444804182830783e-05] - [0.16669449651488727, 0.33336181814067417, 2.8490895168003965e-05, 2.7748331429744915e-05] - [0.16666351473572147, 0.8333300436759206, -3.557897147756841e-06, -3.1718921261522903e-06] - [6.2707383154748595e-06, 6.462376007713983e-06, 6.636042557500074e-06, 6.270735432425226e-06]
B1: 0.16664204352855816 - 0.6666288578269517 - 0.16668302196519247 - -1.2939260963283337e-05
B2: 0.1666351321695386 - 0.6666226197491795 - 0.16661568123846932 - -3.102447629336618e-05
