Number: 1330
Error: 7.454349905132184e-06
A1: [-6.05263828114914e-07, -7.179184972689321e-07, -2.0726486464314548e-07, -4.976254729679844e-07] - [0.20834059880415567, 0.333339068018847, -0.04165967429177474, 7.738819195814522e-06] - [0.16666650296169208, 0.6666663323026271, 0.166666931066514, -3.1186073673240844e-08] - [-2.522216428332389e-06, -2.2515814831585904e-06, -1.980802825748659e-06, -2.5200604227752867e-06]
A2: [0.16665324008672963, -0.16668054402335075, -1.4455426325035651e-05, -1.3450295704887278e-05] - [0.16658218778658201, 0.33324611694489825, -9.036167103734175e-05, -8.457184475268905e-05] - [0.16663489194965786, 0.8333005484742665, -3.386305069894946e-05, -3.179748265196652e-05] - [7.142563504390099e-06, 7.360849271938611e-06, 7.558666842522442e-06, 7.142560441854023e-06]
B1: 0.16670569298565807 - 0.6666036447495576 - 0.1665783280206029 - 5.148574667476871e-05
B2: 0.1666976378730697 - 0.6667052506003432 - 0.16671632347372248 - 3.155197090818593e-05
