Number: 486
Error: 7.93379562597115e-06
A1: [2.3005039490059894e-06, 2.3277294398786014e-06, 2.5819123521544367e-06, 2.337306423519841e-06] - [0.2083480473852352, 0.3333476090787485, -0.04165181365693911, 1.4875279418127307e-05] - [0.16667011255892586, 0.6666700417191518, 0.16667025117902515, 3.4909816847450597e-06] - [-9.156927427281159e-07, -8.172506959234011e-07, -7.187466287240848e-07, -9.149085203382134e-07]
A2: [0.166648382217724, -0.16668559899883545, -1.9587961752326257e-05, -1.8293066170253226e-05] - [0.1665821288392089, 0.3332458961562002, -9.033008087510967e-05, -8.457159040257447e-05] - [0.1666416074790853, 0.8333074388908754, -2.6715625469195545e-05, -2.5067451237119053e-05] - [2.6118831375498346e-06, 2.691680828334908e-06, 2.763991431914626e-06, 2.611881647525383e-06]
B1: 0.16671390171345551 - 0.6666348960400961 - 0.1665838998132476 - 5.1316512494700616e-05
B2: 0.16670792443956436 - 0.6667211966747374 - 0.16673572270578801 - 4.147268476430495e-05
