Number: 1978
Error: 7.0943180658838736e-06
A1: [-2.870141207124087e-06, -3.092608276833311e-06, -2.387484237257724e-06, -2.7080882910274637e-06] - [0.208334741812522, 0.33333236261496607, -0.04166586698184565, 2.1215888736474346e-06] - [0.16666369666528946, 0.6666634469841096, 0.16666434221006235, -2.7703315515147506e-06] - [-3.755552853834469e-06, -3.3527141605657886e-06, -2.949689876742462e-06, -3.7523473374698536e-06]
A2: [0.1666569691688712, -0.1666766630172076, -1.0514277265279876e-05, -9.732805707456286e-06] - [0.16658224217816256, 0.3332462976114859, -9.037280408962917e-05, -8.456291099559932e-05] - [0.16662974089998073, 0.8332952635601477, -3.934490991405035e-05, -3.695966935576604e-05] - [1.0620630616055324e-05, 1.0945228638199722e-05, 1.1239400522718495e-05, 1.0620627416093612e-05]
B1: 0.16669914712878658 - 0.6665794243623776 - 0.16657383820960125 - 5.137226411370398e-05
B2: 0.1666901780403797 - 0.6666933368388641 - 0.16670164262245618 - 2.4373043100036295e-05
