Number: 1923
Error: 3.678565928506485e-06
A1: [-8.379057792260004e-06, -7.906095881247202e-06, -6.531153788300855e-06, -8.216596110934903e-06] - [0.20830881340319476, 0.3333095756632876, -0.04168562704112436, -2.380413655283914e-05] - [0.1666564418398442, 0.6666570454825622, 0.16665876242941613, -1.0024381334564777e-05] - [-3.6507872244464597e-06, -3.259185486664449e-06, -2.8674008881519087e-06, -3.647670729106228e-06]
A2: [0.16668548718856532, -0.1666472847066784, 1.9649950661074067e-05, 1.878621021280807e-05] - [0.16669456163325502, 0.33336203005440845, 2.847875274783048e-05, 2.7760450909222224e-05] - [0.16665750509995017, 0.8333238777745223, -9.953597511958945e-06, -9.194512165955121e-06] - [1.0328493698298568e-05, 1.0644163199504317e-05, 1.0930242671397886e-05, 1.0328490471391664e-05]
B1: 0.16663439452506892 - 0.6666005878287015 - 0.1666777694369284 - -1.3084026678037843e-05
B2: 0.16662637353412496 - 0.6666087008264958 - 0.1665985706760212 - -3.9455602880585116e-05
