Number: 3072
Error: 6.493431324938723e-06
A1: [-6.684251001466426e-06, -7.0916130590948415e-06, -6.057721201815464e-06, -6.430349080613234e-06] - [0.2083248917496484, 0.3333210820970604, -0.0416762801312123, -7.323749428024112e-06] - [0.1666589685147948, 0.6666585858953331, 0.16665998199996465, -7.385139735069962e-06] - [-5.83757283641443e-06, -5.21154100253549e-06, -4.585293005325612e-06, -5.832602577638969e-06]
A2: [0.16666325105728808, -0.16667012471626436, -3.874476502853824e-06, -3.4704877845921563e-06] - [0.16658228031632905, 0.3332465488521247, -9.044537238915599e-05, -8.460152668659761e-05] - [0.1666210308897727, 0.8332863275656414, -4.861338721550162e-05, -4.568848743055347e-05] - [1.6491579253261183e-05, 1.6995629753326658e-05, 1.745245970428982e-05, 1.6491577958200845e-05]
B1: 0.16668806333975014 - 0.6665384621557744 - 0.16656614284682056 - 5.1147278237092806e-05
B2: 0.16667764310575814 - 0.6666733115917499 - 0.16667697638616216 - 1.2312384002676133e-05
