Number: 2097
Error: 3.774490480540509e-06
A1: [-8.989154281043566e-06, -8.5458034551749e-06, -7.118772292859035e-06, -8.812080379117944e-06] - [0.20830723265593257, 0.33330776661252204, -0.04168729892598227, -2.532049898958201e-05] - [0.1666556864276223, 0.6666562687114925, 0.16665806511455494, -1.0761762134248585e-05] - [-3.981862668320847e-06, -3.5547715699215426e-06, -3.1274889872138674e-06, -3.978464898692736e-06]
A2: [0.16668648695166802, -0.16664624414157533, 2.0706691115900858e-05, 1.9782862680962813e-05] - [0.16669457081607386, 0.33336207316292643, 2.8470443659265023e-05, 2.7757434964876656e-05] - [0.16665612079212863, 0.8333224575231114, -1.1426716715991984e-05, -1.0581808869222523e-05] - [1.1262340598759259e-05, 1.1606554476987796e-05, 1.1918505601356663e-05, 1.1262337474152102e-05]
B1: 0.16663264125886781 - 0.6665940852687418 - 0.1666765609628851 - -1.3110171994778339e-05
B2: 0.16662438724079037 - 0.6666055123873867 - 0.16659463235983143 - -4.13665158670564e-05
