Number: 692
Error: 7.81454427145112e-06
A1: [1.6025010674692157e-06, 1.5964071255085044e-06, 1.914013546224769e-06, 1.6565825088217617e-06] - [0.20834627511444467, 0.3333455734202247, -0.04165367997255516, 1.3179146698966116e-05] - [0.16666924313814283, 0.6666691487392308, 0.1666694540299812, 2.64289027545999e-06] - [-1.307823456724429e-06, -1.1673530896828454e-06, -1.0267978304867848e-06, -1.306703891891087e-06]
A2: [0.16664956588350713, -0.16668436743549364, -1.8337674346211308e-05, -1.711308558753145e-05] - [0.16658213153314144, 0.33324593763262095, -9.035089027696071e-05, -8.458334559492991e-05] - [0.16663996458475067, 0.83330575316354, -2.8464217763821136e-05, -2.671388477990818e-05] - [3.717768572119357e-06, 3.831369674623612e-06, 3.9343141967584435e-06, 3.7177665574042316e-06]
B1: 0.16671199765209424 - 0.6666273559288458 - 0.16658261583850234 - 5.145721526354106e-05
B2: 0.16670526319813023 - 0.6667171901226238 - 0.166730911771835 - 3.890073754911451e-05
