Number: 356
Error: 8.010621333714374e-06
A1: [2.7422893097114772e-06, 2.790464251725818e-06, 3.0045440122991845e-06, 2.7681862971869713e-06] - [0.2083491706305445, 0.33334889827089853, -0.04165063160327012, 1.5950471939958516e-05] - [0.1666706623399, 0.6666706063110768, 0.1666707552363156, 4.027301035189611e-06] - [-6.6822560958508e-07, -5.963064564442597e-07, -5.243407560342998e-07, -6.676531964985899e-07]
A2: [0.16664763908546265, -0.1666863722765129, -2.0372984133291536e-05, -1.9033872818047562e-05] - [0.16658214281459965, 0.3332458859956767, -9.030063748705079e-05, -8.454849682390999e-05] - [0.16664264825040997, 0.833308506780674, -2.5607986666032362e-05, -2.402444655465845e-05] - [1.9139808497517537e-06, 1.97244585621189e-06, 2.025424276386539e-06, 1.913979734400432e-06]
B1: 0.16671499096110615 - 0.6666395542702738 - 0.16658462215275274 - 5.1115446254856704e-05
B2: 0.16670968544866288 - 0.6667238099174585 - 0.16673884665247293 - 4.317734395178342e-05
