Number: 844
Error: 7.727829844860205e-06
A1: [1.0887589881491925e-06, 1.0580370636618937e-06, 1.4223971480268285e-06, 1.155588598806244e-06] - [0.2083449722953872, 0.3333440761160646, -0.04165505246904886, 1.1932502383350097e-05] - [0.16666860277714732, 0.666668490967789, 0.16666886693874483, 2.0182659549812273e-06] - [-1.597156168450497e-06, -1.4256747789851683e-06, -1.2540928639867038e-06, -1.5957893874992134e-06]
A2: [0.1666504420770952, -0.1666834558405087, -1.7412211125884626e-05, -1.623961117376741e-05] - [0.1665821449661792, 0.3332459799350061, -9.035432388834404e-05, -8.458057429055713e-05] - [0.16663875525640545, 0.8333045122970366, -2.9751411716675665e-05, -2.7925824734673717e-05] - [4.533740644599123e-06, 4.672283390317613e-06, 4.797831348146079e-06, 4.533738299636614e-06]
B1: 0.1667105059754147 - 0.666621714553767 - 0.1665815994570176 - 5.1474341657911586e-05
B2: 0.1667033618501982 - 0.6667142995206964 - 0.16672743097035436 - 3.7065277702511647e-05
