Number: 1448
Error: 7.388521004892994e-06
A1: [-1.006459605841426e-06, -1.1384713202198816e-06, -5.917638279500654e-07, -8.889229188585581e-07] - [0.2083395775475839, 0.3333378948445831, -0.04166075152116314, 6.761180180855457e-06] - [0.16666600330637216, 0.6666658189036954, 0.16666647230229792, -5.186236003674662e-07] - [-2.746814146338171e-06, -2.452105108645009e-06, -2.1572434061670116e-06, -2.7444667885369346e-06]
A2: [0.16665392138833127, -0.1666798351560699, -1.3735712444219782e-05, -1.2771105027724277e-05] - [0.16658220383066874, 0.3332461557114449, -9.03581174869115e-05, -8.456407820186805e-05] - [0.16663395479862492, 0.8332995869107664, -3.486051477746331e-05, -3.2736661542689545e-05] - [7.775946602838968e-06, 8.013592730486764e-06, 8.228956766631784e-06, 7.775943445179277e-06]
B1: 0.1667044692115309 - 0.6665992048421513 - 0.16657748355735724 - 5.1433290391112815e-05
B2: 0.1666962341060762 - 0.6667030708769153 - 0.1667136769089145 - 3.0199356369832475e-05
