Number: 2012
Error: 7.075538660882311e-06
A1: [-2.981636912665887e-06, -3.2094547946942236e-06, -2.493716865618816e-06, -2.816736042270786e-06] - [0.20833446405851214, 0.3333320419991616, -0.04166615904449932, 1.8563863902531372e-06] - [0.1666635568380536, 0.6666633034255848, 0.16666421462017672, -2.9066427442092505e-06] - [-3.82026443447356e-06, -3.4104892569802308e-06, -3.0005267819910975e-06, -3.817003936463162e-06]
A2: [0.16665716591907767, -0.16667645835711056, -1.0306525707069266e-05, -9.536663730629402e-06] - [0.16658224769175917, 0.3332463095907532, -9.03710559879748e-05, -8.455978264347347e-05] - [0.16662947086275914, 0.8332949864804434, -3.963234306175706e-05, -3.723029099571189e-05] - [1.080310986318142e-05, 1.1133285622157632e-05, 1.1432512969613867e-05, 1.080310668200632e-05]
B1: 0.1666987788822015 - 0.6665781294152192 - 0.16657357911771503 - 5.134149005056147e-05
B2: 0.16668976321938828 - 0.6666927111971688 - 0.1667008959181938 - 2.3972962155524043e-05
