Number: 2451
Error: 3.968972472491517e-06
A1: [-1.0216271997918317e-05, -9.832371627773727e-06, -8.298578474763212e-06, -1.000948412664492e-05] - [0.2083040734442903, 0.3333041461022988, -0.041690637207165496, -2.8348777273661826e-05] - [0.16665416381174672, 0.666654703439113, 0.1666566622818442, -1.224770875275755e-05] - [-4.655413259305255e-06, -4.156120334820458e-06, -3.6566223143394613e-06, -4.651443937752954e-06]
A2: [0.1666885217252376, -0.16664412647836035, 2.2857139210123126e-05, 2.181130763297265e-05] - [0.16669458961842273, 0.33336216067531743, 2.8453028251571554e-05, 2.775141788250117e-05] - [0.16665330365796574, 0.8333195672258371, -1.4424611465047045e-05, -1.34050245009352e-05] - [1.3162133291336988e-05, 1.3564416918988932e-05, 1.3929001898306204e-05, 1.3162130584467183e-05]
B1: 0.16662903090076536 - 0.666580810297497 - 0.16667405399753607 - -1.3206848526542875e-05
B2: 0.16662030467284375 - 0.6665990280060946 - 0.16658666872236289 - -4.529571662029908e-05
