Number: 2592
Error: 6.756139254279949e-06
A1: [-4.999073516999998e-06, -5.324657979739242e-06, -4.434354297422864e-06, -4.785480893701822e-06] - [0.20832926077002253, 0.33332608139170006, -0.041671658729676764, -3.132346633177714e-06] - [0.16666105485730842, 0.6666607312320986, 0.16666190825495553, -5.348535553722516e-06] - [-4.924104682471818e-06, -4.396000155803175e-06, -3.867686700283843e-06, -4.919907617071522e-06]
A2: [0.1666604994991899, -0.16667298887024187, -6.783269817032265e-06, -6.2134592286131e-06] - [0.16658227889637936, 0.3332464536769191, -9.0398760905873e-05, -8.456926902170346e-05] - [0.16662485555438147, 0.8332902513509949, -4.454375673998335e-05, -4.185556988666523e-05] - [1.3915811046409453e-05, 1.4341130438557854e-05, 1.4726595271173632e-05, 1.3915808585417885e-05]
B1: 0.16669288034991148 - 0.6665563974036893 - 0.1665694916453654 - 5.1200007383406926e-05
B2: 0.16668309477737425 - 0.666682086282221 - 0.16668782593756104 - 1.7555960832154688e-05
