Number: 1433
Error: 3.4072051510964643e-06
A1: [-6.681669715188885e-06, -6.126500208615091e-06, -4.899433471075242e-06, -6.560338954871472e-06] - [0.2083131814397674, 0.33331458185475493, -0.041681011909354714, -1.9617337105817364e-05] - [0.16665854820762188, 0.666659210802303, 0.16666070277981504, -7.96877460530242e-06] - [-2.7184154979332925e-06, -2.426754757772747e-06, -2.1349423141396775e-06, -2.7160923168077626e-06]
A2: [0.16668266586622393, -0.16665022074928476, 1.6668555274616333e-05, 1.5973647890526464e-05] - [0.16669451776836167, 0.33336189115881404, 2.848520255374447e-05, 2.7750937960891922e-05] - [0.16666140024144432, 0.8333278742052367, -5.808214186131172e-06, -5.290954510016655e-06] - [7.698538990899548e-06, 7.933819814442733e-06, 8.147040172207712e-06, 7.698535841001524e-06]
B1: 0.1666393922545582 - 0.6666189509155129 - 0.16668121401424393 - -1.2950093649996696e-05
B2: 0.1666320592461071 - 0.6666177071703284 - 0.1666096204067402 - -3.398216929038439e-05
