Number: 1247
Error: 3.303567416453661e-06
A1: [-6.033357484252266e-06, -5.446777894018331e-06, -4.275642014849513e-06, -5.927644048823623e-06] - [0.2083148555275005, 0.33331649900316246, -0.04167924239037071, -1.801206216268774e-05] - [0.16665935177949315, 0.6666600369593393, 0.16666144374097225, -7.184476192043435e-06] - [-2.364483161262181e-06, -2.1107594270598315e-06, -1.8568984871553578e-06, -2.3624615885876836e-06]
A2: [0.16668159502262495, -0.16665133516272918, 1.5536903091663522e-05, 1.4906129506869092e-05] - [0.16669450092435512, 0.3333618382033513, 2.848737669948656e-05, 2.774713298550522e-05] - [0.16666287855601117, 0.833329390970623, -4.234907312077314e-06, -3.8094456299775875e-06] - [6.7001622281157034e-06, 6.9049259949156695e-06, 7.090488605870471e-06, 6.700159248239252e-06]
B1: 0.16664126378055893 - 0.666625895212348 - 0.16668249444683922 - -1.2924875912217635e-05
B2: 0.16663421958483532 - 0.6666211403114872 - 0.16661384215149058 - -3.190240655030378e-05
