Number: 1124
Error: 7.569744926246291e-06
A1: [1.1438829789747918e-07, 3.658764673439712e-08, 4.853588760742492e-07, 2.047277975123684e-07] - [0.20834245917843588, 0.33334119788030336, -0.04165770765837365, 9.522972740053584e-06] - [0.1666673946795762, 0.6666672490875576, 0.16666775354216792, 8.391832502399513e-07] - [-2.1301191988683868e-06, -1.9015122279601217e-06, -1.67277860215664e-06, -2.128297498635874e-06]
A2: [0.1666520539513332, -0.16668177843262935, -1.570893017059877e-05, -1.4632745926052264e-05] - [0.1665821684263891, 0.33324605753887504, -9.036000601564588e-05, -8.457675464809235e-05] - [0.1666365290417595, 0.8333022281459647, -3.212074817866403e-05, -3.0156850587217787e-05] - [6.036793633710429e-06, 6.221279752844418e-06, 6.388464904806234e-06, 6.036790811616677e-06]
B1: 0.166707752123332 - 0.6666113215802154 - 0.16657973098150838 - 5.149997435822746e-05
B2: 0.1667000368948325 - 0.6667090641798253 - 0.16672101520480223 - 3.386169540346893e-05
