Number: 2534
Error: 6.788001205041552e-06
A1: [-4.787753946016528e-06, -5.10302398688688e-06, -4.229638547886996e-06, -4.5790395362593775e-06] - [0.2083298196786666, 0.3333267181996732, -0.04167106584533913, -2.5949301228035515e-06] - [0.16666131473346077, 0.6666609986734137, 0.16666214965874138, -5.094677176929442e-06] - [-4.813726326828864e-06, -4.297454844584172e-06, -3.7809759609636888e-06, -4.809622802848518e-06]
A2: [0.1666601680434312, -0.16667333399717257, -7.133859084440478e-06, -6.543877432939211e-06] - [0.166582281051055, 0.3332464443299309, -9.039115536228388e-05, -8.456304511736417e-05] - [0.16662531783009726, 0.8332907255828744, -4.405192389621897e-05, -4.139229703283618e-05] - [1.3604556234024295e-05, 1.4020361774095825e-05, 1.4397203095047085e-05, 1.3604553667069164e-05]
B1: 0.16669343813617377 - 0.6665585406633563 - 0.1665698726510263 - 5.1182075487777744e-05
B2: 0.1666837279666039 - 0.6666831449870338 - 0.1666891606568382 - 1.8164006805020696e-05
