Number: 1128
Error: 7.567460841431597e-06
A1: [8.575205787840973e-08, 6.451420366082793e-09, 4.5560135956955076e-07, 1.7644150102493517e-07] - [0.2083423639986196, 0.33334109415297564, -0.04165781152972079, 9.429329459308756e-06] - [0.16666736254544562, 0.6666672156349035, 0.16666772108932204, 8.074778381894607e-07] - [-2.137730081791609e-06, -1.9083068782466045e-06, -1.6787566716162787e-06, -2.1359018897882757e-06]
A2: [0.16665207447289115, -0.16668175685007636, -1.568684677727849e-05, -1.4612295921954555e-05] - [0.16658216224265968, 0.3332460524584074, -9.036592928113938e-05, -8.458321895419214e-05] - [0.16663649648427203, 0.8333021948008881, -3.215526793291565e-05, -3.0189476808462117e-05] - [6.058265468592358e-06, 6.243407894105348e-06, 6.411187845007569e-06, 6.058262640906326e-06]
B1: 0.16670776069069052 - 0.6666112188779921 - 0.16657974791656918 - 5.1548288339168e-05
B2: 0.16670004001483535 - 0.6667089941175023 - 0.16672087987291978 - 3.386654820472011e-05
