Number: 847
Error: 3.07883772125682e-06
A1: [-4.6552644710423835e-06, -4.002156338932131e-06, -2.9523276649623455e-06, -4.583122151381951e-06] - [0.20831839041722458, 0.3333205525141868, -0.0416755104658515, -1.462509657268134e-05] - [0.16666106344421994, 0.6666617961757918, 0.1666630187097069, -5.514246079792067e-06] - [-1.603316630768274e-06, -1.4311774166096066e-06, -1.2589372238963086e-06, -1.601944572581626e-06]
A2: [0.16667929037832085, -0.16665373330166094, 1.3101901195108134e-05, 1.2608636344418726e-05] - [0.1666944623921364, 0.33336172265364317, 2.849102986120793e-05, 2.7736641088702463e-05] - [0.16666605825391942, 0.8333326534729539, -8.507006509487588e-07, -6.228787993999582e-07] - [4.552997483872403e-06, 4.692129347246124e-06, 4.818211211324939e-06, 4.552995129521291e-06]
B1: 0.16664526201837682 - 0.6666408047791164 - 0.1666852252356935 - -1.2897175860448161e-05
B2: 0.1666389935239878 - 0.6666286005263783 - 0.16662294428154326 - -2.7301749177129013e-05
