Number: 2251
Error: 3.859209849329076e-06
A1: [-9.528002546515371e-06, -9.110796569022761e-06, -7.6376022358275e-06, -9.337997284753135e-06] - [0.20830583810919295, 0.3333061702532566, -0.041688773639736734, -2.6658066327972863e-05] - [0.16665501897711818, 0.6666555824195958, 0.16665744920566486, -1.1413255339065573e-05] - [-4.2748786247465536e-06, -3.816377491790218e-06, -3.3576783053345933e-06, -4.27123209964528e-06]
A2: [0.16668737156082922, -0.16664532343010596, 2.1641709544888636e-05, 2.0664718748986066e-05] - [0.1666945778230017, 0.3333621101727418, 2.8461923886666265e-05, 2.7753645023575747e-05] - [0.16665489526138, 0.8333212001778337, -1.2730855568805942e-05, -1.1809985104512559e-05] - [1.2088822424473948e-05, 1.2458298866098854e-05, 1.2793147499381286e-05, 1.2088819447093396e-05]
B1: 0.16663108634403784 - 0.6665883259838298 - 0.16667548615207567 - -1.3136509202015518e-05
B2: 0.1666226274532099 - 0.6666026921110706 - 0.16659115206907954 - -4.30595863991889e-05
