Number: 940
Error: 7.67337846111065e-06
A1: [7.367712616870523e-07, 6.889169443486124e-07, 1.081227701849106e-06, 8.116786252845642e-07] - [0.20834403853166575, 0.333343013174519, -0.0416560429291532, 1.1034323462170341e-05] - [0.16666817048206464, 0.666668046086724, 0.1666684651071767, 1.5959362806879379e-06] - [-1.779885195701711e-06, -1.588817686109139e-06, -1.397640306617052e-06, -1.7783623768396113e-06]
A2: [0.16665099140281803, -0.16668288390400046, -1.6831253273054668e-05, -1.5692002817358527e-05] - [0.16658214391088894, 0.33324599780470954, -9.036462349930407e-05, -8.458836340133693e-05] - [0.1666379907549662, 0.8333037279704357, -3.056490218127035e-05, -2.8691975678396274e-05] - [5.0490814508766375e-06, 5.203376462561135e-06, 5.343200126650023e-06, 5.049078922967079e-06]
B1: 0.1667096316279653 - 0.6666182175013265 - 0.16658102155542648 - 5.155300659890964e-05
B2: 0.16670227364288626 - 0.6667125005423831 - 0.16672516847454902 - 3.601868251604946e-05
