Number: 1460
Error: 7.381782391537259e-06
A1: [-1.068378708807097e-06, -1.203545630719996e-06, -6.543579418931122e-07, -9.498151938919818e-07] - [0.20833938862304682, 0.33333768569247324, -0.04166095569282464, 6.5767727215433775e-06] - [0.1666659311477416, 0.6666657441484714, 0.16666640190456675, -5.895193364344693e-07] - [-2.7696500154363795e-06, -2.4724925188253318e-06, -2.175181480610027e-06, -2.7672832082558364e-06]
A2: [0.1666539870596221, -0.16667976650283978, -1.3665768247828952e-05, -1.2705648401945747e-05] - [0.16658219603068783, 0.33324615069371255, -9.036621978867287e-05, -8.457271995951936e-05] - [0.16663385839269174, 0.8332994880792781, -3.496293691882888e-05, -3.283327370160959e-05] - [7.840357970863483e-06, 8.079972907319837e-06, 8.297121301597292e-06, 7.840354805252498e-06]
B1: 0.16670441403156977 - 0.6665988194670289 - 0.1665774606871541 - 5.1497284054489875e-05
B2: 0.16669616358589587 - 0.666702855591981 - 0.16671334468502028 - 3.0134036253005528e-05
