Number: 1329
Error: 3.3493136652248396e-06
A1: [-6.320738732039715e-06, -5.748092141718668e-06, -4.552383857442993e-06, -6.208138703300126e-06] - [0.20831411118979645, 0.3333156471649756, -0.04168002948860328, -1.872605692654196e-05] - [0.16665899593733013, 0.6666596710736027, 0.1666611153285343, -7.531819865410392e-06] - [-2.5205185794299916e-06, -2.250069879400084e-06, -1.9794774001352013e-06, -2.518364007435049e-06]
A2: [0.1666820668586289, -0.16665084410668402, 1.6035571549070653e-05, 1.5376499566230214e-05] - [0.1666945076685897, 0.33336186089643743, 2.8485796379101535e-05, 2.7748128913272316e-05] - [0.16666222674558356, 0.8333287222114311, -4.9285902660050676e-06, -4.462664267610717e-06] - [7.140312140444435e-06, 7.358529832338882e-06, 7.556285732477106e-06, 7.140309076086174e-06]
B1: 0.1666404454729184 - 0.6666228402779879 - 0.166681936262702 - -1.292921328500596e-05
B2: 0.1666332708406085 - 0.6666196255726253 - 0.1666119746193192 - -3.281562856716059e-05
