Number: 411
Error: 2.827617130019337e-06
A1: [-3.1593803823956025e-06, -2.4346354721118646e-06, -1.5179209173659045e-06, -3.123825741334111e-06] - [0.20832221688122848, 0.33332494086718434, -0.0416714760752312, -1.0959846622599942e-05] - [0.16666292216620784, 0.6666637059129904, 0.16666472678080083, -3.700684096863815e-06] - [-7.736162759213185e-07, -6.90403293234462e-07, -6.071369506600709e-07, -7.729536230864913e-07]
A2: [0.16667678815876805, -0.1666563370559482, 1.0458316493047008e-05, 1.0114211611713834e-05] - [0.1666944640219137, 0.3333616417738332, 2.854140119390035e-05, 2.7768833367562075e-05] - [0.16666953593862666, 0.8333362217548868, 2.850542949279803e-06, 2.8622920323206015e-06] - [2.2123737430384497e-06, 2.2799599914229723e-06, 2.341204272316212e-06, 2.212372461348396e-06]
B1: 0.1666492612252104 - 0.6666567342037275 - 0.16668791575816008 - -1.322566848452717e-05
B2: 0.16664453051858408 - 0.6666370432801472 - 0.1666331519932139 - -2.195362704185404e-05
