Number: 2969
Error: 4.252083759999327e-06
A1: [-1.201772474238263e-05, -1.1721139109383892e-05, -1.0031457199161955e-05, -1.1767453480923036e-05] - [0.20829942702279902, 0.3332988233442436, -0.04169554834380138, -3.2803589374277495e-05] - [0.16665192990336275, 0.6666524067770808, 0.16665460295477535, -1.4427958335596175e-05] - [-5.640960118049842e-06, -5.036016300486947e-06, -4.430856942223703e-06, -5.6361561380996495e-06]
A2: [0.16669149410577191, -0.166641032766485, 2.5998879264978423e-05, 2.4774427736570322e-05] - [0.1666945991342097, 0.33336227085524817, 2.840982701318915e-05, 2.7724614075238596e-05] - [0.16664917732739704, 0.8333153338532476, -1.8815410798123222e-05, -1.7540255213836384e-05] - [1.594182939736547e-05, 1.6429077801528544e-05, 1.687067742419257e-05, 1.594182780787234e-05]
B1: 0.16662377821415197 - 0.6665614038388683 - 0.16667039124460611 - -1.3318218508371482e-05
B2: 0.16661436358837756 - 0.6665895540799814 - 0.1665750109094087 - -5.1012376616241224e-05
