Number: 1053
Error: 3.194939451101425e-06
A1: [-5.351528793217431e-06, -4.731899558892644e-06, -3.6188136315700447e-06, -5.262110090996623e-06] - [0.2083166242105001, 0.33331852236676696, -0.04167737184556223, -1.6315173995506546e-05] - [0.16666019556772624, 0.6666609045986152, 0.1666622228103952, -6.360796452633136e-06] - [-1.9953212059096646e-06, -1.7811663511899482e-06, -1.5668909933488895e-06, -1.9936144938671625e-06]
A2: [0.16668047917264336, -0.16665249648782243, 1.4357563715716354e-05, 1.3793747727261304e-05] - [0.16669448648374036, 0.33336178604196476, 2.8492648819234705e-05, 2.7746291726879864e-05] - [0.16666442093613482, 0.8333309734576421, -2.5934475823609348e-06, -2.2637340558211413e-06] - [5.658802306189559e-06, 5.8317351024345415e-06, 5.9884497118304435e-06, 5.6587995856654575e-06]
B1: 0.16664317825740316 - 0.6666331021803618 - 0.1666837952962693 - -1.2936147688283721e-05
B2: 0.16663647198786896 - 0.6666247376497292 - 0.1666182802939138 - -2.9734042591612647e-05
