Number: 567
Error: 2.9186917052544453e-06
A1: [-3.6793623628249223e-06, -2.9792793522748597e-06, -2.0139662763501733e-06, -3.630731230490509e-06] - [0.20832090946520782, 0.3333234362825812, -0.041672850136712784, -1.220963953947777e-05] - [0.16666227266896094, 0.6666630391265034, 0.16666413311607545, -4.334037745058741e-06] - [-1.0704843057837758e-06, -9.554542722643585e-07, -8.403528281529004e-07, -1.069567650784393e-06]
A2: [0.16667768339937727, -0.16665540568452777, 1.1403740406942234e-05, 1.100666313554481e-05] - [0.16669445911348985, 0.33336166576991866, 2.8517827537254974e-05, 2.7752989498609854e-05] - [0.16666828952827054, 0.8333349428188965, 1.5239286391902056e-06, 1.6132031735487482e-06] - [3.0498656712023726e-06, 3.143051492427905e-06, 3.2274948585800386e-06, 3.0498639607957882e-06]
B1: 0.16664786217043295 - 0.6666510598713372 - 0.16668697171564634 - -1.3076373353172863e-05
B2: 0.16664243171893203 - 0.6666339529149388 - 0.16662948115053267 - -2.3984845768260134e-05
