Number: 3081
Error: 4.313078663679485e-06
A1: [-1.2411744962109345e-05, -1.213429075115082e-05, -1.041115739559243e-05, -1.2152067864093893e-05] - [0.20829840418373177, 0.3332976532480504, -0.0416966304670685, -3.3784982719865783e-05] - [0.16665144233294713, 0.6666519053815047, 0.16665415261443636, -1.4903923120991803e-05] - [-5.854043801760875e-06, -5.226256476218224e-06, -4.598252826890789e-06, -5.849059617497589e-06]
A2: [0.16669213537593983, -0.1666403652258322, 2.6676844995068213e-05, 2.5413695690298398e-05] - [0.1666945967629799, 0.3333622903478868, 2.8396265157195466e-05, 2.771438976886394e-05] - [0.166648284320869, 0.8333144177145247, -1.9765574652322416e-05, -1.8435186270902408e-05] - [1.6542811367503652e-05, 1.7048429441626733e-05, 1.750668041860241e-05, 1.6542810098606403e-05]
B1: 0.16662265922249517 - 0.6665572221900844 - 0.16666961108817735 - -1.3325591097498543e-05
B2: 0.1666130963153745 - 0.6665875088514717 - 0.16657247861379695 - -5.2231125741315873e-05
