Number: 1109
Error: 3.2263938262353104e-06
A1: [-5.560730855406075e-06, -4.951333263559394e-06, -3.822181690393855e-06, -5.466596619136363e-06] - [0.20831606379596082, 0.3333178856501795, -0.04167796723378311, -1.6854816419277687e-05] - [0.16665993949024488, 0.6666606409367501, 0.16666198401626403, -6.611057373445373e-06] - [-2.1018837879591495e-06, -1.87630664289455e-06, -1.6506040068448216e-06, -2.100086159350997e-06]
A2: [0.16668079912451125, -0.16665216330696042, 1.4696052757870687e-05, 1.4112698554014031e-05] - [0.166694484948544, 0.3333617956602888, 2.848597080471195e-05, 2.7740831328607857e-05] - [0.16666397502232821, 0.8333305159973199, -3.067897573775541e-06, -2.7106094108027246e-06] - [5.959411737320214e-06, 6.141533178800303e-06, 6.306575281351044e-06, 5.959408933364766e-06]
B1: 0.16664266916924814 - 0.6666310633576366 - 0.16668345935237625 - -1.2889314393333353e-05
B2: 0.16663586144151862 - 0.666623700291402 - 0.1666169595287771 - -3.0320333402911122e-05
