Number: 878
Error: 7.708487592603158e-06
A1: [9.530941962033878e-07, 9.156889069809266e-07, 1.2893328215901262e-06, 1.0227952197757232e-06] - [0.20834459727900012, 0.333343652869735, -0.0416554525233057, 1.1570131359471063e-05] - [0.16666843855500602, 0.666668321665761, 0.1666687122613977, 1.8575838813622346e-06] - [-1.6618711016300214e-06, -1.4834528537355376e-06, -1.3049307247240318e-06, -1.6604490508006497e-06]
A2: [0.16665063470387867, -0.16668325511423188, -1.7208193351144755e-05, -1.6047592622547668e-05] - [0.16658213948998568, 0.3332459814006794, -9.03625820512925e-05, -8.458843536439294e-05] - [0.16663848387089555, 0.833304233918253, -3.0040089390549745e-05, -2.8197794437296954e-05] - [4.7162582408681285e-06, 4.860379937682748e-06, 4.9909838796847285e-06, 4.716255828799186e-06]
B1: 0.16671023423108744 - 0.6666205121460713 - 0.16658142913215318 - 5.1540151623883883e-05
B2: 0.16670301251106454 - 0.6667136641577148 - 0.16672659528066508 - 3.673067546274208e-05
