Number: 1691
Error: 3.5503590422901403e-06
A1: [-7.5815208120139e-06, -7.069974586914212e-06, -5.765383730173169e-06, -7.4385272366235485e-06] - [0.2083108568994147, 0.33331191994534287, -0.041683469270309546, -2.184642632606256e-05] - [0.1666574329603887, 0.6666580641732643, 0.166659674265586, -9.057288130417716e-06] - [-3.2093429848991166e-06, -2.8650600049484563e-06, -2.5206076498037735e-06, -3.2066018756703123e-06]
A2: [0.16668415071282525, -0.16664867544996195, 1.823778508150891e-05, 1.745388211236675e-05] - [0.16669453950906218, 0.3333619630578243, 2.8480700866848063e-05, 2.7754591758575483e-05] - [0.16665934934283252, 0.8333257699873877, -7.990846046609849e-06, -7.346284272291552e-06] - [9.083324738420908e-06, 9.360933751556167e-06, 9.61251719956356e-06, 9.083321480807218e-06]
B1: 0.1666367839886247 - 0.6666093053874406 - 0.1666794236952819 - -1.2997383528405755e-05
B2: 0.166629081157865 - 0.666612961625481 - 0.1666037788761685 - -3.68484891506029e-05
