Number: 2595
Error: 4.047853511279621e-06
A1: [-1.0719478659984987e-05, -1.035998795023509e-05, -8.782994335874506e-06, -1.0500600190322056e-05] - [0.2083027720526975, 0.33330265614700866, -0.04169201327848429, -2.959689302527708e-05] - [0.16665354036007546, 0.6666540624053032, 0.16665608709114027, -1.285624086091088e-05] - [-4.929392564038123e-06, -4.400729358508432e-06, -3.8718570254277995e-06, -4.925191014202084e-06]
A2: [0.16668934810781955, -0.16664326634492227, 2.3730645591474236e-05, 2.2635115899450494e-05] - [0.16669459306963735, 0.33336219216601143, 2.8441935705587415e-05, 2.7744772845753673e-05] - [0.1666521569082617, 0.8333183907260084, -1.564486768913142e-05, -1.4554248203100705e-05] - [1.3934895977532651e-05, 1.4360800077748897e-05, 1.474679496259076e-05, 1.3934893520994348e-05]
B1: 0.1666275770001742 - 0.6665754227365087 - 0.1666730441767632 - -1.3231473324037675e-05
B2: 0.16661866004116083 - 0.6665963937504977 - 0.16658341942410634 - -4.687796167907592e-05
