Number: 1774
Error: 7.207281945338476e-06
A1: [-2.1532196497322164e-06, -2.340888570936098e-06, -1.6967568660387658e-06, -2.008300592305852e-06] - [0.208336601453291, 0.333334490268259, -0.04166389981302289, 3.905735113612741e-06] - [0.1666645840871827, 0.6666643595137984, 0.16666516164434048, -1.9040527252705148e-06] - [-3.367290287938791e-06, -3.0060712222906245e-06, -2.644677833113075e-06, -3.3644148321592883e-06]
A2: [0.1666557964378107, -0.1666778836132636, -1.1753847609501207e-05, -1.0901887399988893e-05] - [0.16658222887839041, 0.33324624445003204, -9.036570009082359e-05, -8.456189956156691e-05] - [0.16663136322771627, 0.8332969280141438, -3.761847109134655e-05, -3.533383525614609e-05] - [9.52572940851925e-06, 9.816860247717028e-06, 1.0080699035321337e-05, 9.525726150208471e-06]
B1: 0.166701199571683 - 0.6665870429755697 - 0.1665752475350322 - 5.139972230846197e-05
B2: 0.1666925052968141 - 0.6666970785063413 - 0.16670626835071448 - 2.6611865490241493e-05
