Number: 1967
Error: 3.7028892343972054e-06
A1: [-8.550142608526887e-06, -8.085612226245868e-06, -6.698441290991731e-06, -8.383969749005965e-06] - [0.20830834598596384, 0.3333090467134994, -0.04168612510384246, -2.4255207661038763e-05] - [0.16665623383408387, 0.666656831121877, 0.1666585672080082, -1.0227811109422976e-05] - [-3.7345065515492493e-06, -3.333929960813404e-06, -2.9331682085669505e-06, -3.7313189097198273e-06]
A2: [0.16668573718382887, -0.16664702425185873, 1.9914645551078118e-05, 1.9035419002640035e-05] - [0.16669455663755353, 0.33336203401022946, 2.8470101403657772e-05, 2.7752370969394676e-05] - [0.16665715421895683, 0.8333235178492706, -1.0326843480478523e-05, -9.546148835734623e-06] - [1.0564650722200004e-05, 1.0887538689525796e-05, 1.1180160688548066e-05, 1.0564647514726285e-05]
B1: 0.16663400650623117 - 0.6665989964659709 - 0.16667751445767273 - -1.303525325038018e-05
B2: 0.16662592818421978 - 0.6666078990974934 - 0.16659752404371955 - -3.9881895946566117e-05
