Number: 165
Error: 2.6789039181590003e-06
A1: [-2.337714560148084e-06, -1.5744853988204756e-06, -7.348159349927969e-07, -2.322782161154848e-06] - [0.20832428409170978, 0.33332731750615835, -0.041669306760640776, -8.98350799234465e-06] - [0.1666639474359021, 0.6666647581101915, 0.16666566332843483, -2.7008731892705693e-06] - [-3.0547474152490916e-07, -2.7243389958496076e-07, -2.39370639622872e-07, -3.052130633237406e-07]
A2: [0.16667538921329184, -0.16665779268391606, 8.980789321761112e-06, 8.719664297694136e-06] - [0.16669452464314358, 0.3333616580052935, 2.8633699357893274e-05, 2.784669848895185e-05] - [0.16667151501673635, 0.8333382524232924, 4.956659815367468e-06, 4.845593651791176e-06] - [8.916323424562099e-07, 9.188475112691702e-07, 9.435069586122232e-07, 8.916318289107674e-07]
B1: 0.16665109887084942 - 0.6666653554397907 - 0.166689119241652 - -1.3829394812426573e-05
B2: 0.1666481209233759 - 0.6666421999823802 - 0.1666392257324358 - -1.8469790102292107e-05
