Number: 3077
Error: 4.310925651636108e-06
A1: [-1.2407086547864698e-05, -1.2129477860964135e-05, -1.0408067733697583e-05, -1.2147736346541874e-05] - [0.208298402799152, 0.3332976549927507, -0.04169663399313511, -3.37878111737218e-05] - [0.16665145023505548, 0.6666519132429091, 0.16665415811825682, -1.4896426385368237e-05] - [-5.846432200207817e-06, -5.219460379635205e-06, -4.592272254118708e-06, -5.841454451776243e-06]
A2: [0.1666921108781378, -0.1666403905823093, 2.6651200254664264e-05, 2.5389269466685104e-05] - [0.16669459268844755, 0.333362285701888, 2.8393021695915962e-05, 2.7710595977790208e-05] - [0.16664831573684974, 0.8333144499819995, -1.9732064856539186e-05, -1.8403701490385653e-05] - [1.652135298078334e-05, 1.702631514128328e-05, 1.7483971554839945e-05, 1.6521351699974038e-05]
B1: 0.16662273002293126 - 0.6665574010018901 - 0.16666966705453246 - -1.3294464835634514e-05
B2: 0.1666131737168288 - 0.6665875846919808 - 0.16657254088152415 - -5.2155460417039256e-05
