Number: 2024
Error: 7.068916876058702e-06
A1: [-3.019577846454816e-06, -3.249205107331494e-06, -2.529642000757965e-06, -2.853673168874195e-06] - [0.20833437170874194, 0.3333319348403753, -0.041666255807185276, 1.7684611275268395e-06] - [0.16666350891268414, 0.6666632542632498, 0.16666417117373206, -2.953328526038499e-06] - [-3.843104118789862e-06, -3.4308807913801797e-06, -3.018469575502328e-06, -3.83982421718827e-06]
A2: [0.1666572355988861, -0.16667638589744666, -1.0232987421359307e-05, -9.467198591877954e-06] - [0.1665822502581753, 0.3332463144079599, -9.036988265170065e-05, -8.455805808202903e-05] - [0.1666293756269763, 0.8332948887553394, -3.973372628121736e-05, -3.7325733045593626e-05] - [1.0867514002533105e-05, 1.1199658366838459e-05, 1.1500669992784448e-05, 1.0867510828619345e-05]
B1: 0.1666986442174069 - 0.6665776678831089 - 0.16657348338362146 - 5.1325929222549615e-05
B2: 0.16668961207248187 - 0.6666924900403575 - 0.1667006366718489 - 2.382701779451578e-05
