Number: 442
Error: 7.959628180059083e-06
A1: [2.4484415733911226e-06, 2.482684582974375e-06, 2.7232211936086717e-06, 2.481554482478167e-06] - [0.20834842120134028, 0.33334803876260233, -0.041651420533851326, 1.5232837563723498e-05] - [0.16667029705279582, 0.6666702311497693, 0.16667042004504215, 3.6709208502744826e-06] - [-8.319350047217582e-07, -7.424699098734848e-07, -6.529479389518193e-07, -8.312224552496454e-07]
A2: [0.16664813002507073, -0.16668586139108793, -1.9854323960573323e-05, -1.854447169259905e-05] - [0.1665821311982139, 0.3332458903418709, -9.032248885154303e-05, -8.456614522467479e-05] - [0.16664195922559052, 0.8333077998103494, -2.6341256667983346e-05, -2.471494881564875e-05] - [2.375671042221134e-06, 2.4482484704959013e-06, 2.5140158765790165e-06, 2.3756696753800596e-06]
B1: 0.16671428730488191 - 0.6666364880347188 - 0.16658415810819444 - 5.126537812067704e-05
B2: 0.1667085166325165 - 0.666722072445016 - 0.16673676622950037 - 4.20458053032304e-05
