Number: 2870
Error: 6.603822364904149e-06
A1: [-5.9697910031652016e-06, -6.342442955962945e-06, -5.368681101191402e-06, -5.732857389079401e-06] - [0.2083267516636729, 0.333323208444885, -0.041674311616783526, -5.538602541825323e-06] - [0.16665985185354493, 0.6666594943604852, 0.16666079857073857, -6.5227371236436564e-06] - [-5.453162213069288e-06, -4.868341472594007e-06, -4.283306438584681e-06, -5.448517129806504e-06]
A2: [0.16666209453084035, -0.16667132867002532, -5.097262943872905e-06, -4.623400689942102e-06] - [0.16658228404302933, 0.3332465130081081, -9.042167297546812e-05, -8.458362707352371e-05] - [0.16662264119533263, 0.8332879795706151, -4.690002063789773e-05, -4.4074708598312255e-05] - [1.540763879161749e-05, 1.587855755423456e-05, 1.630535511299241e-05, 1.5407636943076576e-05]
B1: 0.16669007133723668 - 0.6665459929247013 - 0.16656753747008696 - 5.115031729633943e-05
B2: 0.16667991806443136 - 0.6666770014671862 - 0.16668155681504368 - 1.4499769406131226e-05
