Number: 1528
Error: 7.3439456591741074e-06
A1: [-1.291425747696579e-06, -1.4372928111192284e-06, -8.668740941581779e-07, -1.1671659742924026e-06] - [0.20833883291976962, 0.333337044274562, -0.041661539990938266, 6.0461734316942575e-06] - [0.16666565144441586, 0.6666654569847426, 0.1666661466839569, -8.621899055791419e-07] - [-2.8990794885202464e-06, -2.588048903935385e-06, -2.2768599222001296e-06, -2.8966024627687135e-06]
A2: [0.166654381023725, -0.1666793567205641, -1.3249805959947535e-05, -1.2312900764476216e-05] - [0.16658220877683147, 0.33324617636023546, -9.036102908512905e-05, -8.45647439917318e-05] - [0.16663331873568205, 0.8332989343341086, -3.5537391950705055e-05, -3.337409934952899e-05] - [8.205351147642361e-06, 8.456122677069666e-06, 8.683382498544956e-06, 8.205347943221014e-06]
B1: 0.16670367998407545 - 0.6665962331949468 - 0.16657694747071244 - 5.143820724914843e-05
B2: 0.1666953290971595 - 0.6667015993348286 - 0.16671184617801058 - 2.9329026187631033e-05
