Number: 898
Error: 7.697206883231347e-06
A1: [9.057269650471136e-07, 8.662109827269488e-07, 1.2471359926068165e-06, 9.77085993328447e-07] - [0.20834450732025322, 0.3333435418717782, -0.041655542550215315, 1.1487486043623586e-05] - [0.16666837473626464, 0.6666682566986177, 0.16666865773605896, 1.795816164706331e-06] - [-1.699944093097408e-06, -1.5174456522525084e-06, -1.3348413795224596e-06, -1.6984895294401244e-06]
A2: [0.1666507535832964, -0.16668313174367033, -1.708317414926183e-05, -1.5929070994102025e-05] - [0.16658215084603187, 0.3332459961206637, -9.035434005406193e-05, -8.457848220895998e-05] - [0.16663832595104344, 0.8333040717982215, -3.020835909931202e-05, -2.835605793725796e-05] - [4.823620684322489e-06, 4.971024122045759e-06, 5.104602187905129e-06, 4.823618233998597e-06]
B1: 0.1667099666865215 - 0.6666197020434301 - 0.16658123102378347 - 5.147108127190943e-05
B2: 0.16670269726110593 - 0.6667132817853542 - 0.16672620172952513 - 3.6424096402531346e-05
