Number: 1911
Error: 3.671953955291971e-06
A1: [-8.341113644437872e-06, -7.866341590851354e-06, -6.495223803531744e-06, -8.17965575242932e-06] - [0.20830890578080116, 0.33330968285134854, -0.04168553024712292, -2.3716183364458072e-05] - [0.16665648976277647, 0.666657094643951, 0.1666588058764865, -9.977697971235322e-06] - [-3.6279538712447234e-06, -3.238799549368259e-06, -2.849463008693571e-06, -3.6248567828930886e-06]
A2: [0.16668541751589533, -0.1666473571584382, 1.9576420238237302e-05, 1.871675210001101e-05] - [0.16669455908555658, 0.3333620252587429, 2.847760055728254e-05, 2.775874461261244e-05] - [0.16665760033809163, 0.8333239755026273, -9.85221146081599e-06, -9.099067872705928e-06] - [1.0264091513822343e-05, 1.0577792462749329e-05, 1.0862087722134565e-05, 1.0264088282356813e-05]
B1: 0.16663452907103304 - 0.6666010492477227 - 0.16667786507868323 - -1.3068581910724296e-05
B2: 0.1666265246662939 - 0.6666089219862967 - 0.16659882996172098 - -3.930967048365242e-05
