Number: 982
Error: 7.649653201727226e-06
A1: [5.918068536951872e-07, 5.369585747415528e-07, 9.419988785685573e-07, 6.702395677134381e-07] - [0.20834366636482834, 0.33334258651288473, -0.04165643586076399, 1.0677690145305331e-05] - [0.16666799047270156, 0.666667861078414, 0.1666682994399474, 1.420278011626649e-06] - [-1.8598300127592674e-06, -1.6601936718984098e-06, -1.4604434999721992e-06, -1.858238948439492e-06]
A2: [0.16665123337972215, -0.16668263210766895, -1.6575587103690672e-05, -1.5450777262107212e-05] - [0.16658214792284737, 0.33324600990936926, -9.036504184062173e-05, -8.458729751959865e-05] - [0.1666376568740172, 0.833303385395236, -3.092025909409285e-05, -2.9026578302853273e-05] - [5.27454032489057e-06, 5.435726873473771e-06, 5.581796130411771e-06, 5.274537723277173e-06]
B1: 0.1667092152740378 - 0.666616655419622 - 0.16658073829352685 - 5.155357240357525e-05
B2: 0.16670177024613372 - 0.6667117143074114 - 0.1667242091011124 - 3.553349174293484e-05
