Number: 1644
Error: 7.279454254814602e-06
A1: [-1.6902180676907358e-06, -1.8553690312605e-06, -1.2497635695151957e-06, -1.556223714293352e-06] - [0.20833781123153317, 0.33333587221641925, -0.04166261876013902, 5.067379969908284e-06] - [0.16666515580322727, 0.6666649475755991, 0.16666569072386778, -1.345816534490881e-06] - [-3.1198650269723366e-06, -2.7851684038967075e-06, -2.4503055545015503e-06, -3.1172000654058293e-06]
A2: [0.16665504983852364, -0.16667866076574445, -1.2543144335225319e-05, -1.1646161106317228e-05] - [0.16658222195379313, 0.3332462119926193, -9.035988920596315e-05, -8.455970447451364e-05] - [0.16663239709619496, 0.8332979887129666, -3.6518287973143194e-05, -3.4297732456558236e-05] - [8.82797604512975e-06, 9.097779046961677e-06, 9.342287603295928e-06, 8.827972798365513e-06]
B1: 0.16670248636224658 - 0.6665918769285836 - 0.16657612457436488 - 5.139604820005234e-05
B2: 0.16669397023943522 - 0.6666994639073031 - 0.16670923728382345 - 2.8020454339470837e-05
