Number: 1900
Error: 7.137493311077468e-06
A1: [-2.587572529289781e-06, -2.79625922120393e-06, -2.1139805033517123e-06, -2.4320788456476467e-06] - [0.20833548689804834, 0.3333332120898494, -0.04166507695476391, 2.8377763681227173e-06] - [0.16666404451626035, 0.6666638049153424, 0.166664665026559, -2.4305727774721725e-06] - [-3.6071025349464816e-06, -3.2201773298429637e-06, -2.8330706348558332e-06, -3.6040231795008345e-06]
A2: [0.16665652228944206, -0.16667712826954367, -1.0986859974424012e-05, -1.0178289793659477e-05] - [0.1665822411348403, 0.3332462811373431, -9.03664355637487e-05, -8.455848234800705e-05] - [0.16663036170797269, 0.833295900452134, -3.868434222031568e-05, -3.6337520667360797e-05] - [1.0201996779519172e-05, 1.0513798695310665e-05, 1.0796372711574997e-05, 1.0201993546208455e-05]
B1: 0.166699904254714 - 0.6665823111681777 - 0.16657435233810217 - 5.135511217732773e-05
B2: 0.16669103845475958 - 0.6666947644158975 - 0.16670343602789844 - 2.5199645243606945e-05
