Number: 2065
Error: 3.7568741342629376e-06
A1: [-8.879985388150248e-06, -8.431359024326047e-06, -7.0140774487799715e-06, -8.705595864723132e-06] - [0.20830751115552365, 0.33330808641376497, -0.041687005035248366, -2.5053828537601265e-05] - [0.16665582228996156, 0.6666564083299378, 0.16665818994872708, -1.0629212942793569e-05] - [-3.920975390727908e-06, -3.50041097059822e-06, -3.0796565565559415e-06, -3.917629333075177e-06]
A2: [0.16668630260660586, -0.1666464359648865, 2.0511919949940184e-05, 1.9599089711484396e-05] - [0.16669456791156068, 0.3333620640861502, 2.8470893807066477e-05, 2.7756774009900725e-05] - [0.16665637525393567, 0.8333227186032532, -1.1155905159560312e-05, -1.0326797348622548e-05] - [1.1090602570104084e-05, 1.1429567028520737e-05, 1.173676022268426e-05, 1.109059942157418e-05]
B1: 0.16663297369961563 - 0.6665952907874908 - 0.16667679251389153 - -1.3095352441131966e-05
B2: 0.16662476262803133 - 0.6666060994075992 - 0.16659534731579892 - -4.100499262162239e-05
