Number: 2759
Error: 4.137532462521842e-06
A1: [-1.129389623514635e-05, -1.0962278546824723e-05, -9.336158785217603e-06, -1.1061246871540393e-05] - [0.20830128458116814, 0.3333009536242154, -0.041693586401392244, -3.102368474230492e-05] - [0.16665282898379846, 0.6666533309298706, 0.1666554305259855, -1.3550624596349841e-05] - [-5.241419429018621e-06, -4.679306750914828e-06, -4.116981412584148e-06, -5.236953584975364e-06]
A2: [0.16669028857574783, -0.1666422874285717, 2.472480409878603e-05, 2.3572651983394465e-05] - [0.16669459464540842, 0.3333622257031176, 2.8427007640175565e-05, 2.7734849916000685e-05] - [0.16665085038513308, 0.8333170503241041, -1.7035099540598642e-05, -1.586358907841812e-05] - [1.481496187028946e-05, 1.5267766253676942e-05, 1.567814428690239e-05, 1.4814959755400848e-05]
B1: 0.16662592705482032 - 0.6665692913387092 - 0.16667189696562615 - -1.3253650003882021e-05
B2: 0.1666167926985223 - 0.6665933952067223 - 0.16657971605924307 - -4.8674252503264894e-05
