Number: 1953
Error: 3.695126448232814e-06
A1: [-8.485903137607347e-06, -8.018139326391458e-06, -6.634308948851753e-06, -8.320920501920342e-06] - [0.20830853419188147, 0.3333092567159583, -0.041685922712053125, -2.4072240599524918e-05] - [0.16665630992324557, 0.6666569097896979, 0.1666586403424661, -1.0153187425717366e-05] - [-3.707869472892868e-06, -3.310148823774318e-06, -2.9122437364430064e-06, -3.7047044660724655e-06]
A2: [0.16668565930964604, -0.16664710553691, 1.9831923852675086e-05, 1.895779498896195e-05] - [0.166694562590604, 0.3333620368970602, 2.8476768402500025e-05, 2.77593050901855e-05] - [0.16665726636775408, 0.833323632849399, -1.020763319899837e-05, -9.433759662371256e-06] - [1.0489504874754578e-05, 1.0810095916959149e-05, 1.110063607334525e-05, 1.048950166061023e-05]
B1: 0.16663409781744315 - 0.6665994721081476 - 0.1666775663320019 - -1.308294862016111e-05
B2: 0.166626036402031 - 0.6666081512678453 - 0.16659788638407622 - -3.977973889735857e-05
