Number: 288
Error: 8.051480130443451e-06
A1: [2.9672205853176337e-06, 3.025939722396192e-06, 3.2186282076953585e-06, 2.9874190694586243e-06] - [0.20834973319551367, 0.33334954599181343, -0.041650041571392564, 1.6487925634337445e-05] - [0.16667094360662232, 0.6666708949167467, 0.16667101176879626, 4.301532265434279e-06] - [-5.387782697216916e-07, -4.807326481265683e-07, -4.226489094146848e-07, -5.383167102258297e-07]
A2: [0.1666472510150761, -0.16668677602138685, -2.0782780122817306e-05, -1.9420726729152934e-05] - [0.16658215443573676, 0.3332458852955607, -9.02803290923171e-05, -8.453210622899463e-05] - [0.16664319416504914, 0.8333090669383394, -2.5026983213472496e-05, -2.347736373457144e-05] - [1.5489215006673749e-06, 1.5962277771999046e-06, 1.6390939772690301e-06, 1.5489205938892867e-06]
B1: 0.16671553188222774 - 0.6666419667500981 - 0.16658498053815246 - 5.0981487097522804e-05
B2: 0.16671066633848206 - 0.6667252170365876 - 0.16674050012862954 - 4.412875838781577e-05
