Number: 520
Error: 7.913942540144973e-06
A1: [2.1884378143113374e-06, 2.2103570817618177e-06, 2.475201150540749e-06, 2.228089161312864e-06] - [0.20834776756003187, 0.33334728655455914, -0.041652107458426964, 1.4608008551079939e-05] - [0.1666699722561256, 0.6666698977206496, 0.16667012319022112, 3.3541962506395274e-06] - [-9.804145763709554e-07, -8.750358228047726e-07, -7.695911368931797e-07, -9.795749813414033e-07]
A2: [0.16664857772006927, -0.16668539562788479, -1.9381537609610756e-05, -1.8098172062675714e-05] - [0.16658212902712766, 0.3332459026340691, -9.033399355740158e-05, -8.457378726619907e-05] - [0.16664133605402762, 0.8333071603776103, -2.700453245744157e-05, -2.533946041953484e-05] - [2.7944098832085148e-06, 2.87978684419419e-06, 2.9571535516374257e-06, 2.794408300645652e-06]
B1: 0.16671358919630258 - 0.6666336524393095 - 0.16658368792976871 - 5.134146425813028e-05
B2: 0.16670746485425827 - 0.6667205249221461 - 0.16673492864426656 - 4.102783739255456e-05
