Number: 2218
Error: 6.961833667709436e-06
A1: [-3.7008409629009097e-06, -3.9635333391206964e-06, -3.1859429334090924e-06, -3.5186432318082917e-06] - [0.20833260527267805, 0.33332991363369374, -0.04166812429857935, 7.381586585727558e-08] - [0.1666626655090586, 0.6666623870085238, 0.1666633924717284, -3.7766268760846432e-06] - [-4.212324908610365e-06, -3.760522265939468e-06, -3.3085230231994567e-06, -4.208731481077419e-06]
A2: [0.16665835014817695, -0.1666752258338449, -9.054882059394199e-06, -8.356119768860519e-06] - [0.16658226019474648, 0.33324636224624726, -9.03793572694978e-05, -8.456173162185138e-05] - [0.16662783213398977, 0.8332933052015269, -4.137622606250508e-05, -3.8872560792384416e-05] - [1.190869499377353e-05, 1.227266442119346e-05, 1.2602521519408063e-05, 1.190869198203479e-05]
B1: 0.16669669093410697 - 0.6665704193019131 - 0.1665721374988338 - 5.12983268227661e-05
B2: 0.16668740151339373 - 0.6666889359697237 - 0.16669624352337348 - 2.1700559346836724e-05
