Number: 1375
Error: 3.3749067199180524e-06
A1: [-6.4702457985193665e-06, -5.904759735170915e-06, -4.694611819604116e-06, -6.353793802358353e-06] - [0.20831374077448275, 0.33331521908506295, -0.0416804186119748, -1.9079495801905643e-05] - [0.16665880814503867, 0.6666594783099751, 0.16666094424876501, -7.714856089242098e-06] - [-2.6080506366709197e-06, -2.328219981005722e-06, -2.0482419839447116e-06, -2.6058214768215115e-06]
A2: [0.16668233354009906, -0.16665056674095818, 1.631710433414204e-05, 1.5642358592306033e-05] - [0.16669451667912966, 0.33336187859867344, 2.8489610650007073e-05, 2.7753914434166697e-05] - [0.1666618617057295, 0.8333283476335167, -5.317182387696055e-06, -4.828494190857153e-06] - [7.387216225117418e-06, 7.61298096229665e-06, 7.817576793096973e-06, 7.387213119959543e-06]
B1: 0.16663994663293705 - 0.6666210885064084 - 0.16668158684840909 - -1.2971469688568022e-05
B2: 0.1666327000260857 - 0.666618773728328 - 0.16661096335305361 - -3.336651288897404e-05
