Number: 2384
Error: 6.870419958235961e-06
A1: [-4.2775843037993685e-06, -4.56822101083653e-06, -3.7406315498464546e-06, -4.081451288832109e-06] - [0.20833111871790122, 0.3333282104785598, -0.04166969538505547, -1.3513342010742085e-06] - [0.16666195009293247, 0.6666616515345515, 0.16666273311716565, -4.474846056748526e-06] - [-4.528251780037832e-06, -4.0425824690439355e-06, -3.556710360949874e-06, -4.524390299250023e-06]
A2: [0.16665930435679863, -0.1666742327333608, -8.04639839534638e-06, -7.404880718499742e-06] - [0.1665822694280271, 0.333246403772241, -9.038701462314297e-05, -8.45641443846413e-05] - [0.16662651123713962, 0.8332919500092698, -4.2781873969665236e-05, -4.019631127136916e-05] - [1.2799571689351914e-05, 1.3190771886559304e-05, 1.3545310750640072e-05, 1.2799568883363569e-05]
B1: 0.16669500056348827 - 0.6665641973832642 - 0.16657096567267052 - 5.1255661852705315e-05
B2: 0.16668549068960067 - 0.6666858948370727 - 0.16669250477006117 - 1.986169967594467e-05
