Number: 1440
Error: 7.392934880507729e-06
A1: [-9.97134124531048e-07, -1.1288374010140376e-06, -5.855777496861175e-07, -8.802513904774021e-07] - [0.20833957479097656, 0.3333378983451963, -0.04166075856602331, 6.755535358797396e-06] - [0.16666601911580423, 0.6666658346306129, 0.1666664833113032, -5.036252027577026e-07] - [-2.731583544702633e-06, -2.4385064381872547e-06, -2.1452772553119036e-06, -2.729249160196914e-06]
A2: [0.16665387214766855, -0.16667988611464032, -1.3787247601601076e-05, -1.2820202572615985e-05] - [0.16658219478524408, 0.33324614552345044, -9.036549913384245e-05, -8.457256242217104e-05] - [0.16663401740661915, 0.8332996512218583, -3.47937190097422e-05, -3.267391606255803e-05] - [7.733006078085038e-06, 7.9693396396505e-06, 8.18351407694298e-06, 7.733002925878866e-06]
B1: 0.1667046110898395 - 0.6665995621268949 - 0.16657759444980186 - 5.1495805829629134e-05
B2: 0.166696390086045 - 0.6667032237325504 - 0.16671380262954325 - 3.0351866755487595e-05
