Number: 1150
Error: 7.555117019099532e-06
A1: [1.2141276091027744e-08, -7.069776876928164e-08, 3.8524487223578207e-07, 1.0467507781142807e-07] - [0.2083421783943067, 0.3333408805085983, -0.04165800700186644, 9.251852748451787e-06] - [0.16666727059563202, 0.6666671211936398, 0.1666676369056776, 7.178048624384482e-07] - [-2.179605540810784e-06, -1.9456939403568307e-06, -1.711653431753982e-06, -2.1777416309264935e-06]
A2: [0.16665220169445122, -0.1666816245013985, -1.555248862807614e-05, -1.448546792531073e-05] - [0.16658216571358175, 0.3332460601298697, -9.036485978063567e-05, -8.458129125188312e-05] - [0.1666363218050626, 0.8333020155646262, -3.2341203027060395e-05, -3.0364534061219974e-05] - [6.176359249756471e-06, 6.3651114099094055e-06, 6.536162813149852e-06, 6.176356392103901e-06]
B1: 0.1667075311769321 - 0.666610389850813 - 0.16657958935799333 - 5.153715491250308e-05
B2: 0.16669977172657577 - 0.6667085848882396 - 0.16672038754706722 - 3.360779672254421e-05
