Number: 2421
Error: 3.952516403669021e-06
A1: [-1.0109438213495782e-05, -9.720340249651235e-06, -8.195435127922706e-06, -9.905171155675681e-06] - [0.20830435261726155, 0.3333044650111641, -0.04169034157288255, -2.8080711204851764e-05] - [0.16665429571721355, 0.6666548391208902, 0.1666567843593421, -1.2118913510286289e-05] - [-4.598333965376174e-06, -4.105159921473762e-06, -3.6117817307918097e-06, -4.594413043848185e-06]
A2: [0.16668834985786612, -0.16664430539408284, 2.2675419698938176e-05, 2.1639976562923193e-05] - [0.16669458962031206, 0.3333621547913711, 2.8455969130837983e-05, 2.7753523076336955e-05] - [0.16665354262575507, 0.8333198123862561, -1.4170340819058117e-05, -1.31655413244059e-05] - [1.3001137345121563e-05, 1.3398499925089931e-05, 1.3758624441963286e-05, 1.3001134591959959e-05]
B1: 0.16662932729290605 - 0.6665819263790544 - 0.16667425821299092 - -1.3208229877243122e-05
B2: 0.1666206406888542 - 0.6665995764233408 - 0.16658735184708137 - -4.4972697134146663e-05
