Number: 2425
Error: 3.954746526478889e-06
A1: [-1.0138060892970476e-05, -9.750463559508745e-06, -8.225180618812126e-06, -9.93344394434303e-06] - [0.20830425748654716, 0.33330436132937175, -0.04169044540286438, -2.8174305522100293e-05] - [0.16665426360233143, 0.666654805686167, 0.1666567519225734, -1.2150599781112126e-05] - [-4.605942863500084e-06, -4.111952493684582e-06, -3.6177578482217815e-06, -4.602015490047791e-06]
A2: [0.16668837033061415, -0.16664428386007687, 2.2697455911197917e-05, 2.166037791110246e-05] - [0.16669458324310174, 0.33336214951863713, 2.8449858776951378e-05, 2.774686583883104e-05] - [0.1666535100285655, 0.8333197790020689, -1.4204898274665983e-05, -1.3198207132547908e-05] - [1.302261117019384e-05, 1.3420630106129522e-05, 1.3781349544884527e-05, 1.3022608423113282e-05]
B1: 0.16662933492113896 - 0.6665818226064066 - 0.16667427392079748 - -1.3160858290876931e-05
B2: 0.16662064496643572 - 0.6665995075609007 - 0.16658721772770738 - -4.496669105120907e-05
