Number: 1825
Error: 3.6244803770047714e-06
A1: [-8.049201551166289e-06, -7.560335403755017e-06, -6.215504444270602e-06, -7.894956667659282e-06] - [0.20830964827948517, 0.3333105360080925, -0.04168474706724378, -2.300547017445854e-05] - [0.16665685339640315, 0.6666574682866897, 0.16665913969915166, -9.622967330420511e-06] - [-3.4643157653511946e-06, -3.092701891437106e-06, -2.720910576192647e-06, -3.4613577898327453e-06]
A2: [0.16668492153985176, -0.16664787321967575, 1.9052450774147498e-05, 1.822231356991657e-05] - [0.16669454950828883, 0.33336199912895, 2.8477113640616115e-05, 2.775519678198328e-05] - [0.16665828385634673, 0.8333246768124292, -9.124743422161097e-06, -8.414072358899896e-06] - [9.80252761646558e-06, 1.0102120166519843e-05, 1.037362823597164e-05, 9.802524361835982e-06]
B1: 0.16663542732652367 - 0.6666042929051882 - 0.16667849011380542 - -1.3023943776999355e-05
B2: 0.16662754035002475 - 0.6666105018061212 - 0.16660074872414582 - -3.833124598819163e-05
