Number: 118
Error: 8.156527778335419e-06
A1: [3.5316072009743065e-06, 3.6165098566187383e-06, 3.755541943763492e-06, 3.537557570775839e-06] - [0.20835114711885108, 0.3333511721787867, -0.04164856023585131, 1.7839064338979036e-05] - [0.16667164847567453, 0.6666716179975256, 0.16667165452875532, 4.9888108445194365e-06] - [-2.15152443837371e-07, -1.9179091366936318e-07, -1.684134232352611e-07, -2.1496821243274193e-07]
A2: [0.16664628863077147, -0.1666877774293696, -2.179917321179017e-05, -2.0380069848373797e-05] - [0.16658221528391662, 0.333245916009374, -9.019650738436086e-05, -8.445933457478927e-05] - [0.1666445670658956, 0.8333104756188502, -2.3566037557982865e-05, -2.2101542545083913e-05] - [6.362698087269838e-07, 6.556791546159325e-07, 6.732649419117448e-07, 6.362694574321319e-07]
B1: 0.16671666631110443 - 0.6666478049070496 - 0.16658570821543953 - 5.042887381166491e-05
B2: 0.16671327736637812 - 0.6667288985204679 - 0.16674480198398445 - 4.666609858409728e-05
