Number: 906
Error: 7.692661755265959e-06
A1: [8.724016155802048e-07, 8.312334297220369e-07, 1.214263234175328e-06, 9.444376129320694e-07] - [0.20834441342301493, 0.3333434363058091, -0.041655642979664044, 1.1396569595133318e-05] - [0.16666833467545095, 0.6666682153621656, 0.16666861976033076, 1.7565896613950823e-06] - [-1.7151708137530566e-06, -1.5310401583316545e-06, -1.346802895920529e-06, -1.7137032482228088e-06]
A2: [0.16665079868191626, -0.1666830847269566, -1.703537005586429e-05, -1.5884115487386136e-05] - [0.16658214899388418, 0.33324599593506826, -9.03567789600339e-05, -8.458089550718907e-05] - [0.16663826203899756, 0.8333040062449493, -3.027633123140304e-05, -2.8420107442076363e-05] - [4.866565727963704e-06, 5.015281849743468e-06, 5.150049554258161e-06, 4.866563262564239e-06]
B1: 0.16670990682340184 - 0.6666194230442891 - 0.1665811947097686 - 5.1490646681505014e-05
B2: 0.1667026203039805 - 0.6667131331459085 - 0.16672600133005994 - 3.635060669658692e-05
