Number: 1449
Error: 3.416071083463279e-06
A1: [-6.724291062120113e-06, -6.171085568389948e-06, -4.938470046385168e-06, -6.601629490158056e-06] - [0.20831309037868448, 0.3333144728573377, -0.04168110523686923, -1.970252955828714e-05] - [0.16665849236720232, 0.6666591537650409, 0.16666065381669404, -8.02296984318656e-06] - [-2.7488616573859186e-06, -2.453937906682248e-06, -2.1588612748280955e-06, -2.7465125429096463e-06]
A2: [0.1666827602037409, -0.16665012277458516, 1.676789586045559e-05, 1.606769927139949e-05] - [0.16669452500932683, 0.3333619012152692, 2.8490208174079666e-05, 2.7757056900662986e-05] - [0.16666127373785006, 0.8333277443590438, -5.942961705018411e-06, -5.417732983716911e-06] - [7.784412247416436e-06, 8.022317940332423e-06, 8.237917254294772e-06, 7.784409086455016e-06]
B1: 0.16663918777249193 - 0.6666183119725155 - 0.16668106417752132 - -1.2995791208087295e-05
B2: 0.16663182897924178 - 0.6666174083936321 - 0.16660929703062446 - -3.420550140355312e-05
