Number: 1505
Error: 3.4472220639896317e-06
A1: [-6.933367302884982e-06, -6.390402065503492e-06, -5.141730662325937e-06, -6.805990496819705e-06] - [0.20831253041836142, 0.33331383656195723, -0.04168170023981457, -2.0241718631286997e-05] - [0.16665823639629326, 0.666658890202556, 0.166660415112367, -8.273124688203515e-06] - [-2.855419760650675e-06, -2.549073716844778e-06, -2.242570753923454e-06, -2.8529798981427905e-06]
A2: [0.1666830802066265, -0.16664978953459694, 1.7106452086799635e-05, 1.638670112017987e-05] - [0.1666945237960901, 0.33336191119182484, 2.8483922637230957e-05, 2.775191825887329e-05] - [0.16666082791825096, 0.8333272870024594, -6.417299505898252e-06, -5.8645142606554595e-06] - [8.084998079375624e-06, 8.332091654371854e-06, 8.556018101471918e-06, 8.084994884392975e-06]
B1: 0.16663866753721937 - 0.6666162623592896 - 0.16668071769072165 - -1.2960114124151357e-05
B2: 0.1666312284797542 - 0.6666163813786384 - 0.1666079868835245 - -3.4781744833624754e-05
