Number: 1342
Error: 7.4476548691046394e-06
A1: [-6.432228353917756e-07, -7.576861056257315e-07, -2.432060922586696e-07, -5.345805850982204e-07] - [0.20834050639013507, 0.33333896079944103, -0.041659771110354266, 7.650829921415241e-06] - [0.16666645502077268, 0.6666662831255913, 0.16666688760709947, -7.788724123162319e-08] - [-2.5450575694166514e-06, -2.271974441315523e-06, -1.9987466634356146e-06, -2.542882098959498e-06]
A2: [0.16665330985894297, -0.16668047147205056, -1.4381797435286691e-05, -1.3380738162608682e-05] - [0.16658219068868882, 0.3332461220935971, -9.036017081537306e-05, -8.456978442510524e-05] - [0.16663479679446802, 0.8333004508285856, -3.396435556175951e-05, -3.189284406114091e-05] - [7.206975936257192e-06, 7.427230576491111e-06, 7.626832544538815e-06, 7.2069728626240835e-06]
B1: 0.166705559418565 - 0.6666031845376743 - 0.1665782338696935 - 5.147128929950076e-05
B2: 0.16669748519380906 - 0.6667050278694661 - 0.16671606261284003 - 3.140449380941702e-05
