Number: 2690
Error: 6.702355204038792e-06
A1: [-5.35282635558241e-06, -5.6956520880257585e-06, -4.776576325474858e-06, -5.1309944664463e-06] - [0.2083283297153826, 0.3333250194639451, -0.04167264569304069, -4.027099890009449e-06] - [0.1666606190968625, 0.666660282877168, 0.16666150408161312, -5.774131370947374e-06] - [-5.110605341437483e-06, -4.5625071148804544e-06, -4.014197700008824e-06, -5.106250279550325e-06]
A2: [0.16666105995238256, -0.166672405346147, -6.190545941629557e-06, -5.654759144644154e-06] - [0.16658227612597376, 0.33324647026467247, -9.041089555027658e-05, -8.457891509324813e-05] - [0.16662407449065636, 0.8332894500761411, -4.537478089574652e-05, -4.263831847608967e-05] - [1.4441716403136666e-05, 1.4883110672791869e-05, 1.5283146153159463e-05, 1.4441714138226154e-05]
B1: 0.16669192792110896 - 0.6665527661267335 - 0.16656883798707614 - 5.122032790122481e-05
B2: 0.16668201366575852 - 0.6666802964989509 - 0.16668558065503228 - 1.6517333268040407e-05
