Number: 2263
Error: 3.865794509514365e-06
A1: [-9.565944428774115e-06, -9.150548395961412e-06, -7.673529768557753e-06, -9.374935415698339e-06] - [0.2083057457390077, 0.3333060630728689, -0.041688870426349, -2.6746012192945697e-05] - [0.16665497105636504, 0.6666555332604102, 0.16665740576038593, -1.1459936600047922e-05] - [-4.297711271391607e-06, -3.836762736704631e-06, -3.375615678611698e-06, -4.294045369722031e-06]
A2: [0.16668744116088552, -0.16664525105111275, 2.171516724709024e-05, 2.073410424873332e-05] - [0.1666945800952208, 0.3333621146928197, 2.846280085973645e-05, 2.7755075803140818e-05] - [0.16665479995546092, 0.8333211023819672, -1.2832309346590344e-05, -1.1905497199139636e-05] - [1.2153220443903204e-05, 1.2524665303627801e-05, 1.2861298089220831e-05, 1.2153217480217973e-05]
B1: 0.1666309519697263 - 0.6665878645412383 - 0.16667539027157383 - -1.3151785713770532e-05
B2: 0.16662247656551352 - 0.6666024712005431 - 0.16659089303817234 - -4.320527413275212e-05
