Number: 2813
Error: 4.167007016544052e-06
A1: [-1.147660207602673e-05, -1.1153800610001316e-05, -9.511144149405565e-06, -1.1239424610256405e-05] - [0.20830082070517347, 0.3333004203938399, -0.0416940755707451, -3.146760574363436e-05] - [0.16665260124855216, 0.6666530969417231, 0.16665522156773271, -1.377277106907645e-05] - [-5.344159748315037e-06, -4.771033455067109e-06, -4.19769358480299e-06, -5.3396069233087955e-06]
A2: [0.16669059922764048, -0.16664196417143504, 2.5053022602838064e-05, 2.3882338465679457e-05] - [0.16669459761003486, 0.3333622390482252, 2.84242434018119e-05, 2.773402814580089e-05] - [0.16665042041715764, 0.8333166091835787, -1.749266602252297e-05, -1.6294484927161204e-05] - [1.510473025629946e-05, 1.5566391761154634e-05, 1.5984798219573445e-05, 1.5104728267077353e-05]
B1: 0.16662536303020226 - 0.6665672523685982 - 0.16667149975296824 - -1.3281724937673229e-05
B2: 0.16661615618089484 - 0.6665924062666633 - 0.16657851619868097 - -4.928737277648457e-05
