Number: 75
Error: 2.6222109554569545e-06
A1: [-2.0845021231056948e-06, -1.3100984646619663e-06, -5.015213843867051e-07, -2.0770689545211385e-06] - [0.2083248488893827, 0.3333279838795026, -0.04166872786589789, -8.451772220355797e-06] - [0.16666427432384978, 0.6666650919488671, 0.1666659519547446, -2.3832533790775307e-06] - [-1.3420570808745224e-07, -1.1951892338170453e-07, -1.0482187282510562e-07, -1.3409087090249043e-07]
A2: [0.16667487555302585, -0.16665832653211657, 8.439485625116134e-06, 8.207613453572572e-06] - [0.16669455162175686, 0.3333616703923856, 2.8675561345523374e-05, 2.7879987049756554e-05] - [0.1666722433249195, 0.8333389998808725, 5.731986878954587e-06, 5.5754472662555364e-06] - [4.08429040320754e-07, 4.2087411680362154e-07, 4.3214886475126436e-07, 4.0842883192844844e-07]
B1: 0.16665175051260842 - 0.6666685024635415 - 0.16668956597664128 - -1.4070671618076277e-05
B2: 0.16664973441874484 - 0.6666442375187386 - 0.16664144101544073 - -1.6895292214432752e-05
