Number: 1222
Error: 7.5147410271494065e-06
A1: [-2.3963920193987497e-07, -3.34671950003187e-07, 1.428879347624639e-07, -1.4105893373801664e-07] - [0.20834152716084214, 0.33334013503790944, -0.04165869546909153, 8.627260560041707e-06] - [0.1666669586762164, 0.6666668005008454, 0.16666734916359083, 4.1334737193797625e-07] - [-2.316649744421648e-06, -2.0680487398576054e-06, -1.8193127391685621e-06, -2.314668967655548e-06]
A2: [0.166652616210507, -0.1666811931122147, -1.511442477998448e-05, -1.407223989240897e-05] - [0.16658217229781516, 0.33324608071033385, -9.036562427045622e-05, -8.457975758077524e-05] - [0.16663574958357752, 0.8333014284601173, -3.295019855214284e-05, -3.093799279770633e-05] - [6.562844807796433e-06, 6.763410530278102e-06, 6.94516844984032e-06, 6.562841859502696e-06]
B1: 0.16670681396073614 - 0.6666077090595314 - 0.1665791012804285 - 5.153466618141636e-05
B2: 0.16669893252159357 - 0.6667072505047872 - 0.16671874543010745 - 3.279980228746397e-05
