Number: 2542
Error: 6.7835944690444285e-06
A1: [-4.821033504041004e-06, -5.137958302141379e-06, -4.262471290102059e-06, -4.611642278008651e-06] - [0.20832972594397028, 0.3333266127857376, -0.04167116613495618, -2.6856844518877913e-06] - [0.16666127471251305, 0.6666609573745396, 0.16666211171690778, -5.133864087417825e-06] - [-4.828949803693291e-06, -4.3110461114236604e-06, -3.792934798829404e-06, -4.82483337709019e-06]
A2: [0.1666602130582655, -0.16667328706175602, -7.086133532448495e-06, -6.499005708108983e-06] - [0.16658227892207506, 0.33324644387940094, -9.039384728956234e-05, -8.456573536435478e-05] - [0.16662525385543864, 0.8332906599701935, -4.411995256355017e-05, -4.145640922608593e-05] - [1.364748821745532e-05, 1.4064606015315022e-05, 1.4442636784607388e-05, 1.3647485664660072e-05]
B1: 0.16669337480591348 - 0.6665582580432308 - 0.16656983249776183 - 5.11981659337961e-05
B2: 0.16668365468870527 - 0.6666830001334423 - 0.16668896414117443 - 1.8094196369532146e-05
