Number: 1376
Error: 7.428687600585233e-06
A1: [-7.54762288630037e-07, -8.745747021830794e-07, -3.4947800869200776e-07, -6.432718550828698e-07] - [0.20834022848143122, 0.3333386400371982, -0.04166006330831034, 7.385473361517462e-06] - [0.16666631515552724, 0.6666661395309922, 0.16666675998540112, -2.1423601242833628e-07] - [-2.609773198516121e-06, -2.3297535112744037e-06, -2.0495865508168853e-06, -2.607542584094007e-06]
A2: [0.16665350687027725, -0.16668026655251628, -1.4173788872063398e-05, -1.3184335061858407e-05] - [0.16658219715831374, 0.33324613501918887, -9.035748735281775e-05, -8.456569984610026e-05] - [0.16663452698778633, 0.8333001739766877, -3.425156340970823e-05, -3.216323503526725e-05] - [7.38947712768994e-06, 7.615310213100133e-06, 7.819967960615181e-06, 7.389474024397594e-06]
B1: 0.16670519362183833 - 0.6666018926820781 - 0.16657797861795884 - 5.144298065395149e-05
B2: 0.16669706664836687 - 0.6667043984026833 - 0.1667153119860608 - 3.100068752518356e-05
