Number: 1086
Error: 7.591062454047502e-06
A1: [2.306520582698661e-07, 1.5835036258753443e-07, 5.947760583077414e-07, 3.1781625823533545e-07] - [0.20834273593183847, 0.33334152059923794, -0.0416574187944249, 9.785729483508717e-06] - [0.1666675425009939, 0.6666674005933838, 0.1666678867113674, 9.830824492836943e-07] - [-2.0577865681729413e-06, -1.8369321738112605e-06, -1.615954470817234e-06, -2.056026574274497e-06]
A2: [0.16665183236389322, -0.16668200878312134, -1.594265396392493e-05, -1.4853653572156161e-05] - [0.166582157663177, 0.3332460397665, -9.036611613251868e-05, -8.45848523045777e-05] - [0.16663683021687994, 0.83330253722261, -3.1800069027084776e-05, -2.9855022489660878e-05] - [5.832812376294002e-06, 6.011063451919913e-06, 6.172597888819143e-06, 5.832809608830648e-06]
B1: 0.16670818328624226 - 0.6666127867307827 - 0.16658003650871542 - 5.155396412304178e-05
B2: 0.16670053835561627 - 0.6667097751445319 - 0.16672183389791376 - 3.434668279444209e-05
