Number: 2874
Error: 6.60165673720162e-06
A1: [-5.974449249811201e-06, -6.347255398214669e-06, -5.371769908052775e-06, -5.737188715429385e-06] - [0.20832675305877119, 0.333323206710912, -0.041674308079294974, -5.535763486383185e-06] - [0.1666598439520532, 0.666659486500031, 0.16666079306839413, -6.530233207772471e-06] - [-5.460777275509067e-06, -4.875140634997193e-06, -4.289289647400568e-06, -5.456125747439726e-06]
A2: [0.16666211905778913, -0.16667130328415553, -5.071588564270416e-06, -4.598945300476672e-06] - [0.1665822882141433, 0.33324651775108255, -9.041833203725328e-05, -8.457973661799416e-05] - [0.16662260980516344, 0.833287947329107, -4.693350427195959e-05, -4.4106167544100475e-05] - [1.5429103147930292e-05, 1.590067800799798e-05, 1.6328070284362396e-05, 1.5429101309457064e-05]
B1: 0.1666900004162581 - 0.6665458140540864 - 0.16656748152088194 - 5.111907311235936e-05
B2: 0.1666798405799195 - 0.6666769255547824 - 0.1666814944837665 - 1.4424020452495311e-05
