Number: 1093
Error: 3.2173922727636923e-06
A1: [-5.494112085573125e-06, -4.881406515419943e-06, -3.7564606210443995e-06, -5.40133170346861e-06] - [0.20831625148830163, 0.33331809669237195, -0.04167776645105494, -1.6673085372794762e-05] - [0.16666001957377335, 0.6666607235760891, 0.1666620599392435, -6.5326423386659e-06] - [-2.0714376006009332e-06, -1.8491241592789113e-06, -1.6266866377311948e-06, -2.0696659453177164e-06]
A2: [0.1666807088778244, -0.16665225739123715, 1.4600390693339977e-05, 1.402273782899096e-05] - [0.16669448844158988, 0.3333617958142228, 2.849061923183403e-05, 2.7745445669829166e-05] - [0.16666410278052834, 0.8333306470360603, -2.9320244085820163e-06, -2.582576527826991e-06] - [5.873520070534297e-06, 6.053016091135618e-06, 6.215678821013621e-06, 5.873517289742856e-06]
B1: 0.1666427921989034 - 0.6666316244705833 - 0.16668353494304852 - -1.2925138334813957e-05
B2: 0.16663601245772774 - 0.6666239945966365 - 0.16661735732685365 - -3.0176245669320408e-05
