Number: 273
Error: 2.7451436439683266e-06
A1: [-2.6833592339633486e-06, -1.936079263448951e-06, -1.0616386143124821e-06, -2.6593876446689324e-06] - [0.2083234375481282, 0.33332633889879965, -0.04167019056478079, -9.790215223056827e-06] - [0.16666351269108326, 0.6666643124855599, 0.16666526941934715, -3.1244556321578906e-06] - [-5.110000679113849e-07, -4.5593299632502565e-07, -4.0082953180234356e-07, -5.105622842805005e-07]
A2: [0.1666760034425647, -0.16665715375783696, 9.629140658571788e-06, 9.331962561804544e-06] - [0.1666944942815476, 0.3333616465540654, 2.858828191260275e-05, 2.7808766041723316e-05] - [0.1666706442235321, 0.8333373588800315, 4.029896450997725e-06, 3.972946160740527e-06] - [1.4714756335296684e-06, 1.5164148746729844e-06, 1.5571360350946113e-06, 1.471474769772143e-06]
B1: 0.16665031434205171 - 0.6666615866541956 - 0.1666886009669513 - -1.3542197419780854e-05
B2: 0.16664643676587318 - 0.6666398757210348 - 0.16663654925350005 - -2.010715876422425e-05
