Number: 2605
Error: 4.05332948668918e-06
A1: [-1.0755089884727458e-05, -1.0397331543107071e-05, -8.817375171741242e-06, -1.0535371158374175e-05] - [0.20830267899472413, 0.3333025498441308, -0.041692111822986405, -2.96862487340813e-05] - [0.16665349639179441, 0.6666540171783294, 0.16665604639882942, -1.2899172430699618e-05] - [-4.94841866383112e-06, -4.417715834871715e-06, -3.886803630929201e-06, -4.9442009928975214e-06]
A2: [0.16668940536423127, -0.16664320673919536, 2.3791185868837838e-05, 2.2692193544345683e-05] - [0.16669459294386346, 0.33336219400183653, 2.8440829806541235e-05, 2.774394595542343e-05] - [0.16665207722142222, 0.8333183089748879, -1.5729655605795524e-05, -1.4634106847850187e-05] - [1.3988559630670864e-05, 1.4416104026310954e-05, 1.480358570779299e-05, 1.3988557193223324e-05]
B1: 0.16662747836982636 - 0.6665750507866248 - 0.166672976084506 - -1.3230847282408778e-05
B2: 0.16661854806259896 - 0.6665962109713599 - 0.16658319174260208 - -4.6985608019249205e-05
