Number: 1971
Error: 3.7050694023982246e-06
A1: [-8.554800927334591e-06, -8.090425349385571e-06, -6.701531277539331e-06, -8.38830113083036e-06] - [0.20830834737058326, 0.33330904496810426, -0.04168612157858471, -2.4252379063284682e-05] - [0.16665622593243568, 0.6666568232608666, 0.16665856170499838, -1.0235307302767095e-05] - [-3.7421183265730507e-06, -3.3407261811137434e-06, -2.939148668665675e-06, -3.738924216470447e-06]
A2: [0.16668576176817415, -0.1666469988085293, 1.9940377223877503e-05, 1.9059931769906547e-05] - [0.16669456104241412, 0.3333620389872792, 2.847367605640595e-05, 2.775649513251025e-05] - [0.16665712288452084, 0.8333234856634791, -1.0360271493550967e-05, -9.577552045396477e-06] - [1.0586113666798846e-05, 1.0909657690892346e-05, 1.1202874316106363e-05, 1.0586110461324756e-05]
B1: 0.16663393530952336 - 0.6665988174940201 - 0.16667745858901584 - -1.3066771926510912e-05
B2: 0.16662585066674301 - 0.6666078231417455 - 0.16659746165796455 - -3.995767788888261e-05
