Number: 2185
Error: 3.822949664438655e-06
A1: [-9.307341340203689e-06, -8.879507299077736e-06, -7.426673648840445e-06, -9.122868217406384e-06] - [0.20830639439724127, 0.33330681070917406, -0.04168818763939474, -2.6126158324046954e-05] - [0.16665529464706283, 0.6666558655813966, 0.1666577016208703, -1.114441424268296e-05] - [-4.149299882024705e-06, -3.7042598561147415e-06, -3.2590244702013305e-06, -4.14575994594557e-06]
A2: [0.16668699074122828, -0.16664571963538777, 2.1239464243854298e-05, 2.0285079120620642e-05] - [0.1666945704282086, 0.33336209014741586, 2.8461652627202616e-05, 2.775087778092535e-05] - [0.16665542000385786, 0.8333217385825815, -1.2172366995836327e-05, -1.1284108758780332e-05] - [1.1734624344443581e-05, 1.2093274223222979e-05, 1.2418309820006244e-05, 1.1734621297439433e-05]
B1: 0.16663178648833232 - 0.6665908266081851 - 0.16667597777104126 - -1.3091438640319271e-05
B2: 0.16662341639363473 - 0.6666039035242651 - 0.16659261255535165 - -4.2299242100242044e-05
