Number: 914
Error: 7.688118149174365e-06
A1: [8.390771144361965e-07, 7.962566588957674e-07, 1.1813911884434303e-06, 9.117900795973738e-07] - [0.20834431952884566, 0.33334333074266786, -0.04165574340653399, 1.1305656211772923e-05] - [0.16666829461535285, 0.666668174026377, 0.16666858178520752, 1.7173638719393576e-06] - [-1.7303975143716995e-06, -1.5446346442629244e-06, -1.3587643949127731e-06, -1.7289169474809157e-06]
A2: [0.1666508437825832, -0.16668303770813409, -1.698756379704608e-05, -1.5839157933554196e-05] - [0.16658214715037897, 0.3332459957583762, -9.035920872679433e-05, -8.458330016352454e-05] - [0.16663819812919295, 0.833303940693986, -3.0344300994749022e-05, -2.848415470601268e-05] - [4.909510712710707e-06, 5.0595395166166715e-06, 5.195496858955562e-06, 4.909508232372108e-06]
B1: 0.16670984687699134 - 0.6666191439688838 - 0.1665811583262073 - 5.151012881510363e-05
B2: 0.16670254341272242 - 0.6667129845743356 - 0.16672580100029047 - 3.627718285548479e-05
