Number: 1862
Error: 7.158551106154032e-06
A1: [-2.4474494988911255e-06, -2.6492846703836363e-06, -1.9779978862980536e-06, -2.2951537149638185e-06] - [0.20833585980072927, 0.33333363640436137, -0.041664681047022555, 3.1965909862141064e-06] - [0.16666421646942964, 0.6666639819187894, 0.16666482506191949, -2.2625643804036333e-06] - [-3.5347806920019836e-06, -3.155608248707605e-06, -2.776256405980698e-06, -3.5317628154914956e-06]
A2: [0.16665630496807368, -0.16667735456250266, -1.1216745818903563e-05, -1.0394931379678594e-05] - [0.16658224160763913, 0.3332462740384088, -9.036246290074363e-05, -8.455534373950705e-05] - [0.1666306642528893, 0.8332962108264106, -3.8362440441901635e-05, -3.603432260404023e-05] - [9.998044685035265e-06, 1.0303612529718591e-05, 1.0580536272118164e-05, 9.998041440446303e-06]
B1: 0.1667002648927878 - 0.6665837096271165 - 0.16657459515081757 - 5.133852964439933e-05
B2: 0.16669144954498552 - 0.6666954594879956 - 0.16670431741583977 - 2.5594263151197596e-05
