Number: 1005
Error: 3.1680029059631284e-06
A1: [-5.199580114575291e-06, -4.5727211152749044e-06, -3.474945437642976e-06, -5.114177090810717e-06] - [0.20831699434208487, 0.3333189516972401, -0.04167698413994383, -1.5962741552126803e-05] - [0.1666603874047615, 0.6666611013799096, 0.16666239672025648, -6.1739185998235546e-06] - [-1.9039807245277514e-06, -1.699615641156281e-06, -1.495134438559041e-06, -1.9023519612338759e-06]
A2: [0.1666802003101515, -0.16665278645646978, 1.4063291197052156e-05, 1.3515743470263667e-05] - [0.16669447581057542, 0.3333617664244308, 2.8487651560334278e-05, 2.7738983772288117e-05] - [0.16666480178975124, 0.8333313642837368, -2.187978437746139e-06, -1.8820560815725523e-06] - [5.401148713524008e-06, 5.566205858170069e-06, 5.7157829502080505e-06, 5.401146070008796e-06]
B1: 0.1666437023195322 - 0.6666349335623747 - 0.16668416318760926 - -1.2888513491819461e-05
B2: 0.1666370905630678 - 0.6666256367394411 - 0.16661933226934728 - -2.913626444810469e-05
