Number: 1554
Error: 7.3294481511009404e-06
A1: [-1.3936221214110166e-06, -1.5445308619805476e-06, -9.669445572812697e-07, -1.2671681802335597e-06] - [0.20833855231718743, 0.3333367270716263, -0.041661839179807966, 5.775234605992217e-06] - [0.1666655274037597, 0.6666653291313197, 0.1666660300840437, -9.835252341798766e-07] - [-2.9485633636292254e-06, -2.6322281630546537e-06, -2.315732761038573e-06, -2.9460442081968933e-06]
A2: [0.16665452875472778, -0.16667920279832912, -1.3093370221689793e-05, -1.2165634876378652e-05] - [0.16658220606624194, 0.33324617896759395, -9.036585290467057e-05, -8.45692784718003e-05] - [0.16663311150592777, 0.8332987217634654, -3.575783276254023e-05, -3.358177594178094e-05] - [8.344906382027924e-06, 8.599943614496443e-06, 8.831069538173789e-06, 8.344903165485152e-06]
B1: 0.16670345475676016 - 0.6665952972358845 - 0.1665768016172207 - 5.147110180730424e-05
B2: 0.1666950679660465 - 0.6667011241989904 - 0.16671122278551895 - 2.9079164790818968e-05
