Number: 1130
Error: 7.566350304532924e-06
A1: [8.341837782152792e-08, 4.040785409890589e-09, 4.540528740398101e-07, 1.7427131694596544e-07] - [0.2083423646792907, 0.3333410932699484, -0.04165780977568311, 9.430732205986614e-06] - [0.16666735859123208, 0.6666672117014636, 0.16666771833557434, 8.037263966048731e-07] - [-2.1415377608536486e-06, -1.911706567214886e-06, -1.6817481961622283e-06, -2.1397063207919433e-06]
A2: [0.1666520867863001, -0.16668174410733128, -1.567396003562278e-05, -1.4600018292375728e-05] - [0.16658216451406513, 0.33324605501479965, -9.036407512013634e-05, -8.458108784364236e-05] - [0.16663648083445495, 0.8333021787251215, -3.217196502546591e-05, -3.0205160993334942e-05] - [6.069001240002829e-06, 6.254471827064411e-06, 6.422549186451995e-06, 6.068998409568385e-06]
B1: 0.16670772541240222 - 0.6666111297528973 - 0.1665797203974611 - 5.153285112624459e-05
B2: 0.16670000082396655 - 0.6667089557023088 - 0.16672084823602648 - 3.38282246474115e-05
