Number: 2300
Error: 6.916650432084914e-06
A1: [-3.988048800820989e-06, -4.2646750347083295e-06, -3.4625161047400436e-06, -3.798965131798356e-06] - [0.2083318616447885, 0.33332906248736716, -0.041668910728593446, -6.394705919647817e-07] - [0.16666230977537516, 0.6666620212355513, 0.1666630641691333, -4.123863385040183e-06] - [-4.368385230682432e-06, -3.899853226204194e-06, -3.4311214154441772e-06, -4.364659366164097e-06]
A2: [0.16665882117587388, -0.1666747355747548, -8.557003466337267e-06, -7.886558968395759e-06] - [0.16658226397879405, 0.33324638203410295, -9.038381054485541e-05, -8.456370040546316e-05] - [0.16662717958493403, 0.8332926357176775, -4.207062715448952e-05, -3.95265194517259e-05] - [1.2348770203312172e-05, 1.2726191087126482e-05, 1.3068240432655379e-05, 1.234876728551006e-05]
B1: 0.16669586324975025 - 0.6665673529809771 - 0.166571565658064 - 5.1284578602722286e-05
B2: 0.16668646537943857 - 0.6666874342870387 - 0.16669438963368005 - 2.079997352357618e-05
