Number: 389
Error: 2.8146110486882663e-06
A1: [-3.0853253878661994e-06, -2.357077319027483e-06, -1.4471913430774086e-06, -3.0516155652191598e-06] - [0.2083224041362595, 0.33332515603388096, -0.04167127921017678, -1.0780720671071507e-05] - [0.16666301447369347, 0.6666638006864399, 0.16666481126970098, -3.6106539791467654e-06] - [-7.317500736151639e-07, -6.530241012090358e-07, -5.742474095130745e-07, -7.31123258234426e-07]
A2: [0.16667666240853865, -0.16665646789817673, 1.0325494568215266e-05, 9.988854709829625e-06] - [0.16669446661819792, 0.33336164031571175, 2.854666839393244e-05, 2.77729717927483e-05] - [0.16666971216172236, 0.8333364025723993, 3.0380905431574785e-06, 3.0388928497417387e-06] - [2.0942626107919628e-06, 2.158238560505022e-06, 2.216211108462955e-06, 2.094261393369047e-06]
B1: 0.16664944494493908 - 0.6666575222179447 - 0.16668803804059815 - -1.3260300088131853e-05
B2: 0.16664483292058277 - 0.6666374876948625 - 0.1666336805309085 - -2.1660755457475798e-05
