Number: 1144
Error: 7.558512291744979e-06
A1: [4.311222000187229e-08, -3.81499886487605e-08, 4.165516944669378e-07, 1.3513258252569873e-07] - [0.20834227289726384, 0.3333409851224121, -0.04165790488143661, 9.344097094032037e-06] - [0.16666730668479107, 0.666667158580472, 0.1666676721129448, 7.53262532542412e-07] - [-2.1681870199806857e-06, -1.935499643324859e-06, -1.7026838753765793e-06, -2.1663328489058908e-06]
A2: [0.1666521688661965, -0.16668165881989058, -1.558745188075366e-05, -1.4518188846762381e-05] - [0.1665821696525952, 0.33324606268100304, -9.036076331158945e-05, -8.457693136582882e-05] - [0.16663637001909626, 0.8333020649922924, -3.228997927682223e-05, -3.0316216925391877e-05] - [6.144151782055714e-06, 6.331919478658938e-06, 6.502078676861993e-06, 6.1441489325152055e-06]
B1: 0.166707557763548 - 0.6666105815739956 - 0.16657959985869963 - 5.150415402876568e-05
B2: 0.16669980787550712 - 0.6667086934462827 - 0.16672055459865687 - 3.364134554925284e-05
