Number: 929
Error: 3.125145489429937e-06
A1: [-4.918993281106267e-06, -4.278448005296955e-06, -3.2026756074736447e-06, -4.839986783966449e-06] - [0.20831774145622295, 0.3333198015630872, -0.041676191164498985, -1.5243805407665555e-05] - [0.16666073155712222, 0.6666614556252142, 0.16666271701548974, -5.837657054281377e-06] - [-1.7593583109907687e-06, -1.5704947977409187e-06, -1.3815223116297747e-06, -1.7578530014278956e-06]
A2: [0.16667976570364204, -0.16665323898099488, 1.3603599499447855e-05, 1.3082495542672144e-05] - [0.16669447721850125, 0.3333617528002559, 2.8496250631313087e-05, 2.7745718774550336e-05] - [0.1666654070026189, 0.8333319851835301, -1.5440048151623925e-06, -1.2755382825250398e-06] - [4.993170940713449e-06, 5.145757523477733e-06, 5.284032911804947e-06, 4.993168429463055e-06]
B1: 0.16664439534625075 - 0.6666377028535043 - 0.1666846215838162 - -1.2949941896787278e-05
B2: 0.16663793820022646 - 0.6666270531706546 - 0.16662112226777187 - -2.832154614366411e-05
