Number: 2607
Error: 4.054414274871023e-06
A1: [-1.0757419989546913e-05, -1.0399738875614633e-05, -8.818920829616079e-06, -1.0537537805571599e-05] - [0.20830267968366187, 0.33330254896855427, -0.041692110062921194, -2.9684837834348407e-05] - [0.16665349244008126, 0.6666540132470146, 0.1666560436464558, -1.2902921439347173e-05] - [-4.952224499631462e-06, -4.421113907698232e-06, -3.889793891968755e-06, -4.9480036039363834e-06]
A2: [0.16668941762777875, -0.16664319404631775, 2.3804022831404164e-05, 2.2704421302680095e-05] - [0.1666945950360542, 0.3333621963796125, 2.8442506081283037e-05, 2.7745897784842494e-05] - [0.16665206152687675, 0.8333182928545474, -1.5746397152878026e-05, -1.4649835787591298e-05] - [1.3999289798931227e-05, 1.4427162182084004e-05, 1.4814941158742135e-05, 1.3999287365310075e-05]
B1: 0.16662744298421397 - 0.6665749614336154 - 0.16667294819713438 - -1.32463950636161e-05
B2: 0.16661850926644894 - 0.6665961729536634 - 0.16658316050869706 - -4.702353623137705e-05
