Number: 474
Error: 7.94082072259336e-06
A1: [2.3386616368514954e-06, 2.367679453211634e-06, 2.6180191573712818e-06, 2.3744599624104486e-06] - [0.20834814052256065, 0.33334771696294424, -0.04165171623345242, 1.4963991185547707e-05] - [0.16667016066475104, 0.66667009104835, 0.16667029477674686, 3.5378474347259277e-06] - [-8.928494736438769e-07, -7.968556678785014e-07, -7.008012354016104e-07, -8.920847970406519e-07]
A2: [0.16664831302937888, -0.16668567095126383, -1.966097822485814e-05, -1.836203984300455e-05] - [0.16658212836281755, 0.33324589349602624, -9.032903650640486e-05, -8.457122510796592e-05] - [0.16664170325863165, 0.8333075371771694, -2.661366571394772e-05, -2.4971465530675453e-05] - [2.5474617916151667e-06, 2.62529032236308e-06, 2.6958164170786633e-06, 2.5474603348142338e-06]
B1: 0.16671401509998907 - 0.6666353380072054 - 0.1665839776065456 - 5.131079717934655e-05
B2: 0.16670809259522432 - 0.6667214353521539 - 0.16673599994686386 - 4.163563874405261e-05
