Number: 2492
Error: 6.811066416932166e-06
A1: [-4.642991929810599e-06, -4.951256944280579e-06, -4.090586611438721e-06, -4.437802124477377e-06] - [0.20833019112291445, 0.33332714418491666, -0.04167067353527809, -2.239017334879168e-06] - [0.16666149456928925, 0.6666611835185726, 0.16666231518020577, -4.91919109688386e-06] - [-4.733794408222578e-06, -4.226091555887074e-06, -3.7181824965212394e-06, -4.729758639025825e-06]
A2: [0.16665992657351697, -0.16667358529718204, -7.389041126174575e-06, -6.784596011264957e-06] - [0.16658227878170348, 0.3332464339157779, -9.038909952682185e-05, -8.456236779693829e-05] - [0.16662565211568264, 0.8332910685485971, -4.369618915372977e-05, -4.1057289392993886e-05] - [1.3379162832054628e-05, 1.3788078952742755e-05, 1.4158675621215941e-05, 1.3379160193062337e-05]
B1: 0.16669386935592606 - 0.6665601186593049 - 0.16657017319683576 - 5.1196416396065146e-05
B2: 0.16668421475614953 - 0.6666839141441016 - 0.16669010250765073 - 1.8632588084937417e-05
