Number: 2650
Error: 6.724296871560463e-06
A1: [-5.2103931448417185e-06, -5.546291674037508e-06, -4.639069564921562e-06, -4.991922337819088e-06] - [0.2083287018601353, 0.33332544458336266, -0.04167225161394092, -3.6697644616708913e-06] - [0.16666079498153602, 0.666660463791343, 0.1666616668515494, -5.602393612653561e-06] - [-5.034482305330572e-06, -4.4945447390113635e-06, -3.9543968577865875e-06, -5.030191723665115e-06]
A2: [0.16666083088713357, -0.16667264381142033, -6.4327487670333365e-06, -5.883108838553131e-06] - [0.1665822764822769, 0.3332464627637082, -9.040662693825076e-05, -8.457575238330771e-05] - [0.16662439321458156, 0.8332897770548695, -4.503565395305441e-05, -4.2318906844221715e-05] - [1.422706239611482e-05, 1.4661895528050145e-05, 1.5055983820948118e-05, 1.4227060048590935e-05]
B1: 0.16669232292522554 - 0.6665542543195463 - 0.1665691106124903 - 5.121829784208556e-05
B2: 0.1666824616291527 - 0.6666810276177579 - 0.16668649125838725 - 1.6947955928771157e-05
