Number: 2392
Error: 6.866005439346249e-06
A1: [-4.310864466094164e-06, -4.603156006898114e-06, -3.773464988525184e-06, -4.114054623778647e-06] - [0.2083310249814175, 0.3333281050627025, -0.04166979567657241, -1.4420902892337455e-06] - [0.16666191007131026, 0.6666616102349757, 0.16666269517473084, -4.514033619092866e-06] - [-4.54347554204409e-06, -4.056174020515927e-06, -3.5686694325623137e-06, -4.539601149650547e-06]
A2: [0.16665934939342536, -0.16667418577609447, -7.998650996560424e-06, -7.359987201580579e-06] - [0.16658226738184412, 0.33324640340458805, -9.038962374092277e-05, -8.456675182392616e-05] - [0.16662644728285628, 0.8332918844169713, -4.28498822543083e-05, -4.026040308240949e-05] - [1.2842504899854712e-05, 1.3235017394822592e-05, 1.359074572544791e-05, 1.2842502105338325e-05]
B1: 0.1666949371685046 - 0.6665639147572092 - 0.16657092557821385 - 5.127168859864568e-05
B2: 0.16668541735088818 - 0.6666857499214318 - 0.1666923081911586 - 1.979182841655439e-05
