Number: 42
Error: 8.204844159162885e-06
A1: [3.6722940328407013e-06, 3.7624655864765546e-06, 3.871074976199278e-06, 3.6719816109687996e-06] - [0.20835132919560012, 0.33335142328291884, -0.04164839974821419, 1.7993503729919104e-05] - [0.1666718505463154, 0.6666718217306117, 0.16667181587563612, 5.183125613844128e-06] - [-7.045701435332765e-08, -6.260078191737151e-08, -5.473906147285597e-08, -7.03968779330619e-08]
A2: [0.16664584356051523, -0.16668823890012396, -2.2266259836036632e-05, -2.0823780511120118e-05] - [0.16658221032826406, 0.3332459004747584, -9.018532066337586e-05, -8.445895978312098e-05] - [0.1666451795876241, 0.8333111045374012, -2.2913347213765324e-05, -2.1487715291940343e-05] - [2.2826161494194684e-07, 2.3519934898977698e-07, 2.414833416366115e-07, 2.282615234304294e-07]
B1: 0.16671742105062456 - 0.6666506599614324 - 0.16658627602974277 - 5.042980215004863e-05
B2: 0.16671491899722218 - 0.6667306697952232 - 0.16674648222850935 - 4.8274783351036035e-05
