Number: 2430
Error: 6.845144914238281e-06
A1: [-4.427009476827591e-06, -4.724805552706099e-06, -3.8827771682250555e-06, -4.227024876562765e-06] - [0.20833074865179105, 0.3333277827425206, -0.04167008417345666, -1.7044247346059753e-06] - [0.16666176235130445, 0.6666614588247257, 0.16666256208992017, -4.657832408157963e-06] - [-4.6157996830645665e-06, -4.120745806326331e-06, -3.6254876203216157e-06, -4.611863956110923e-06]
A2: [0.16665957045894172, -0.16667395594209627, -7.76543677126154e-06, -7.139601471553875e-06] - [0.16658227626583114, 0.3332464193263378, -9.038533358287089e-05, -8.45605338519075e-05] - [0.16662614565884445, 0.8332915748993339, -4.3170995225977335e-05, -4.0562680360562155e-05] - [1.3046435915570218e-05, 1.3445181837092193e-05, 1.3806560163973669e-05, 1.3046433177505903e-05]
B1: 0.1666944983295535 - 0.666562440702931 - 0.16657060967456735 - 5.120998873910836e-05
B2: 0.16668492591595627 - 0.6666850492572629 - 0.16669150006534628 - 1.931686944180405e-05
