Number: 1931
Error: 3.6829953625999954e-06
A1: [-8.412343156386506e-06, -7.941036599391111e-06, -6.5639933682536794e-06, -8.249204625681222e-06] - [0.20830871964264436, 0.3333094702222114, -0.041685727358918866, -2.3894916671523222e-05] - [0.16665640181893912, 0.6666570041825403, 0.16665872448565835, -1.006356813114477e-05] - [-3.6660087710933357e-06, -3.2727751740528788e-06, -2.879358291932799e-06, -3.662879339160822e-06]
A2: [0.16668553227305238, -0.1666472377020704, 1.969774561453466e-05, 1.883115172067153e-05] - [0.16669455976190864, 0.33336202985893937, 2.84763163196503e-05, 2.7758018855748913e-05] - [0.16665744119279782, 0.8333238122287908, -1.002155894208763e-05, -9.258556698154756e-06] - [1.0371432640457896e-05, 1.068841462769418e-05, 1.0975683681681736e-05, 1.037142941675943e-05]
B1: 0.16663433115331758 - 0.6666003053494595 - 0.1666777296205719 - -1.3067975477041403e-05
B2: 0.16662629996168357 - 0.6666085556657508 - 0.16659837382052187 - -3.952571105584375e-05
