Number: 1248
Error: 7.50021452626958e-06
A1: [-3.1790024560063434e-07, -4.166265578978287e-07, 6.944894643879188e-08, -2.1714866362976394e-07] - [0.2083413429798576, 0.3333399196847922, -0.0416588873808601, 8.45265122083739e-06] - [0.16666685883224713, 0.6666666982059382, 0.16666725948437794, 3.1618572576669296e-07] - [-2.3661401320428234e-06, -2.1122347638669313e-06, -1.8581922550421535e-06, -2.3641171605671465e-06]
A2: [0.16665276807593096, -0.16668103525984174, -1.4954273819191218e-05, -1.3920839590339972e-05] - [0.1665821803933947, 0.33324609358150153, -9.036075480158923e-05, -8.457348583421459e-05] - [0.16663554362712713, 0.8333012170960474, -3.316950292670551e-05, -3.114439604173314e-05] - [6.702407653538652e-06, 6.907239354143648e-06, 7.092863508698982e-06, 6.702404675405225e-06]
B1: 0.16670651231830316 - 0.6666067002857596 - 0.1665788862505271 - 5.1491085435905365e-05
B2: 0.1666985872156006 - 0.6667067658493773 - 0.16671819127242377 - 3.2465767838795755e-05
