Number: 721
Error: 3.0071945945752394e-06
A1: [-4.219965255911048e-06, -3.5458986433557967e-06, -2.53428156576629e-06, -4.158399221250692e-06] - [0.20831950855546835, 0.33332183404123666, -0.041674330220097686, -1.3553559387150367e-05] - [0.16666160374548217, 0.666662351466431, 0.16666351596925286, -4.986998361905979e-06] - [-1.3635435953728082e-06, -1.217103471142149e-06, -1.0705752347999895e-06, -1.3623763912332755e-06]
A2: [0.16667856578115728, -0.1666544873202218, 1.233629679113238e-05, 1.1886291787887771e-05] - [0.16669445581999476, 0.3333616919554733, 2.8497998882383283e-05, 2.7738901316699103e-05] - [0.16666706124782374, 0.8333336825872122, 2.1678258899071444e-07, 3.8227861641704436e-07] - [3.87660224372941e-06, 3.9950588310273095e-06, 4.102403634092598e-06, 3.876600158649467e-06]
B1: 0.16664647094975182 - 0.6666454551310522 - 0.16668604345992585 - -1.2938955009602666e-05
B2: 0.16664053258668773 - 0.666630989148105 - 0.16662585352403594 - -2.5817268832757827e-05
