Number: 1758
Error: 7.216179848899989e-06
A1: [-2.0866512696754342e-06, -2.2710101399248985e-06, -1.631081671443174e-06, -1.943085961324409e-06] - [0.2083367889521165, 0.3333347011260457, -0.04166369920499083, 4.087272904544652e-06] - [0.16666466413863956, 0.6666644421211994, 0.1666652375364373, -1.8256695778184212e-06] - [-3.3368403410451838e-06, -2.9788856975204493e-06, -2.6207576885469827e-06, -3.3339907833103735e-06]
A2: [0.1666557061948711, -0.16667797769772388, -1.1849512102069014e-05, -1.0991844117137452e-05] - [0.16658223232909614, 0.33324624454397944, -9.036112180155944e-05, -8.455732643197593e-05] - [0.1666314909787897, 0.8332970590414358, -3.7482611609709605e-05, -3.5205809184907305e-05] - [9.439852831296362e-06, 9.728358743669068e-06, 9.98981844748078e-06, 9.439849572350789e-06]
B1: 0.16670132658258302 - 0.6665876079961205 - 0.1665753269906055 - 5.136788151076964e-05
B2: 0.16669265271013625 - 0.6666973690910747 - 0.1667066622781927 - 2.6752343931791864e-05
