Number: 2141
Error: 3.798697430639631e-06
A1: [-9.136267096455898e-06, -8.700001615836491e-06, -7.259396412635746e-06, -8.955505059208426e-06] - [0.20830686177875182, 0.33330733962401776, -0.04168768960961165, -2.5675122694842005e-05] - [0.16665550264282436, 0.6666560799322739, 0.16665789683368215, -1.0940994282653156e-05] - [-4.065582652500689e-06, -3.6295174721572453e-06, -3.193258829188166e-06, -4.062113791157367e-06]
A2: [0.16668674089725763, -0.16664597993892757, 2.09749201967711e-05, 2.0036021621197077e-05] - [0.16669457599250495, 0.3333620867588965, 2.8470869043386695e-05, 2.775952640233286e-05] - [0.16665577102408158, 0.8333220986466283, -1.1798982661821811e-05, -1.0932332802718804e-05] - [1.1498477105881753e-05, 1.1849908836893267e-05, 1.216840205043976e-05, 1.1498474017871798e-05]
B1: 0.16663217461990174 - 0.6665924184811886 - 0.16667623370501033 - -1.3140091752865572e-05
B2: 0.16662386079997582 - 0.666604704285963 - 0.1665936581977112 - -4.187389274990881e-05
