Number: 2160
Error: 6.993839672747202e-06
A1: [-3.4895089308778508e-06, -3.7418857545857405e-06, -2.981213572902618e-06, -3.3121896160252092e-06] - [0.20833316422070972, 0.3333305504826507, -0.0416675313745209, 6.112712406346973e-07] - [0.16666292539793912, 0.666662654462815, 0.1666636338864209, -3.5227561814841917e-06] - [-4.101942069801089e-06, -3.661972518744568e-06, -3.2218088061233426e-06, -4.098442345495051e-06]
A2: [0.16665801830685117, -0.16667557134719185, -9.405857527919386e-06, -8.686923535463681e-06] - [0.16658226088700495, 0.3332463514361514, -9.037321296237766e-05, -8.455697033180463e-05] - [0.16662829405011692, 0.8332937790738809, -4.088475257857258e-05, -3.840964765288628e-05] - [1.1597417970713313e-05, 1.1951872826266964e-05, 1.2273106086827985e-05, 1.1597414901637363e-05]
B1: 0.166697249656324 - 0.6665725624616239 - 0.16657251726117622 - 5.12813125694567e-05
B2: 0.1666880359753204 - 0.666689995973478 - 0.16669757956899436 - 2.2309878590527974e-05
