Number: 1964
Error: 7.1020958543498845e-06
A1: [-2.8059071917602773e-06, -3.025141340239803e-06, -2.3233584877719913e-06, -2.645044514869883e-06] - [0.20833492999080486, 0.3333325725881078, -0.041665664621613585, 2.3045282314156502e-06] - [0.16666377276130875, 0.666663525656726, 0.16666441534711088, -2.6957010399649403e-06] - [-3.7289113130200673e-06, -3.328929070607084e-06, -2.9287619549478338e-06, -3.7257284344613947e-06]
A2: [0.16665689127011654, -0.1666767443280257, -1.0597024087069833e-05, -9.810454020204444e-06] - [0.16658224801781937, 0.33324630037965164, -9.036625375811573e-05, -8.455608919718971e-05] - [0.16662985303021685, 0.8332953785407062, -3.9225718453058315e-05, -3.684729848045485e-05] - [1.0545491414415047e-05, 1.0867792725888856e-05, 1.1159882960507499e-05, 1.0545488207443102e-05]
B1: 0.16669923872556902 - 0.6665799002060842 - 0.16657389018628985 - 5.132485167442365e-05
B2: 0.16669028621953993 - 0.6666935889637859 - 0.16670200486850226 - 2.447515491019883e-05
