Number: 821
Error: 3.0640654793966637e-06
A1: [-4.5529129889524625e-06, -3.894772789714935e-06, -2.852121969694632e-06, -4.4829650744968384e-06] - [0.20831867160606077, 0.3333208702659971, -0.04167521076655725, -1.4353572143213428e-05] - [0.16666118759889811, 0.6666619241380404, 0.16666313541164476, -5.3927970949665325e-06] - [-1.5538399704770036e-06, -1.3870040855341272e-06, -1.2200698188655512e-06, -1.5525101732096774e-06]
A2: [0.16667914291535832, -0.16665388694373331, 1.2945754554338091e-05, 1.2461638114538004e-05] - [0.16669446628717385, 0.33336172128291475, 2.8497128397312986e-05, 2.7742358336753194e-05] - [0.16666626578137167, 0.8333328663544142, -6.299398199426369e-07, -4.1490498679255276e-07] - [4.413418845029956e-06, 4.548284238892651e-06, 4.670499578102824e-06, 4.413416543458191e-06]
B1: 0.16664547295805837 - 0.6666417274413129 - 0.1666853587299074 - -1.2944355388864445e-05
B2: 0.1666392662305494 - 0.666629087608677 - 0.1666235800245312 - -2.704030275236609e-05
