Number: 1782
Error: 7.202833255201607e-06
A1: [-2.186504062892947e-06, -2.3758279788128957e-06, -1.7295946298424973e-06, -2.040908131609509e-06] - [0.20833650770302106, 0.33333438483860517, -0.041664000117714775, 3.814965359496979e-06] - [0.16666454406129186, 0.6666643182099566, 0.166665123698162, -1.94324446304398e-06] - [-3.382515234177123e-06, -3.0196639571689806e-06, -2.656637881739309e-06, -3.3796268301187095e-06]
A2: [0.16665584155639976, -0.16667783657394097, -1.1706018289743417e-05, -1.0856911922065377e-05] - [0.16658222714179255, 0.33324624439171613, -9.036800065123388e-05, -8.456419737218445e-05] - [0.16663129934937215, 0.8332968624976663, -3.768640368389365e-05, -3.539785109970821e-05] - [9.568667595607268e-06, 9.861110894911529e-06, 1.0126139222820271e-05, 9.568664337822408e-06]
B1: 0.16670113610105297 - 0.66658676049182 - 0.16657520782499619 - 5.141567742132506e-05
B2: 0.16669243157382962 - 0.6666969331971091 - 0.16670607136959187 - 2.6541609942478295e-05
