Number: 1349
Error: 3.3604613828695697e-06
A1: [-6.391995750159817e-06, -5.822813451153552e-06, -4.621177920823661e-06, -6.27771495730406e-06] - [0.2083139249540231, 0.33331543444379824, -0.0416802266853417, -1.8904887510715822e-05] - [0.16665890796953747, 0.6666595805894947, 0.16666103391751128, -7.617713746901979e-06] - [-2.5585757523766905e-06, -2.2840477593563474e-06, -2.0093744274264073e-06, -2.5563887493192704e-06]
A2: [0.166682181741178, -0.16665072452612992, 1.6157019544147796e-05, 1.549102457659327e-05] - [0.16669450879712128, 0.3333618659423474, 2.8484950868421768e-05, 2.7747855442550716e-05] - [0.16666206770877812, 0.8333285590443011, -5.097832660290458e-06, -4.622044536852221e-06] - [7.247665312997731e-06, 7.469164432937683e-06, 7.66989430572753e-06, 7.247662230309941e-06]
B1: 0.1666402492884838 - 0.6666220984098892 - 0.16668180318867504 - -1.2926865601649689e-05
B2: 0.16663304383336244 - 0.6666192568856193 - 0.16661151605111116 - -3.303397212763163e-05
