Number: 2447
Error: 3.966802063422006e-06
A1: [-1.0211612503748304e-05, -9.827557570664953e-06, -8.295487692899383e-06, -1.0005151552870549e-05] - [0.20830407206383864, 0.3333041478511951, -0.04169064072932067, -2.835160166196429e-05] - [0.1666541717145287, 0.6666547113011543, 0.1666566677859902, -1.2240211390883064e-05] - [-4.647801561659246e-06, -4.149324170284703e-06, -3.6506418071045747e-06, -4.643838694248946e-06]
A2: [0.16668849718306217, -0.1666441518792956, 2.2831450044869053e-05, 2.178683703575939e-05] - [0.16669458537573908, 0.33336215586113066, 2.8449616846767104e-05, 2.7747455915289195e-05] - [0.16665333503257826, 0.8333195994519609, -1.4391142993535139e-05, -1.337358110354565e-05] - [1.3140672314053465e-05, 1.3542299946609812e-05, 1.3906290326787578e-05, 1.3140669600920058e-05]
B1: 0.1666291018035172 - 0.6665809890926296 - 0.1666741098159088 - -1.3175622041630954e-05
B2: 0.16662038222737743 - 0.6665991040019379 - 0.16658673114948305 - -4.5219897878397624e-05
