Number: 1760
Error: 7.215022216284951e-06
A1: [-2.1129465655820454e-06, -2.298728822239542e-06, -1.6592842004468004e-06, -1.9691948252935358e-06] - [0.20833669311607694, 0.3333345983047229, -0.04166380480898217, 3.992251283120995e-06] - [0.16666463596583106, 0.6666644126088503, 0.16666520784383781, -1.853616467569551e-06] - [-3.34064245700394e-06, -2.9822795284816175e-06, -2.6237431145270695e-06, -3.3377896659071805e-06]
A2: [0.16665571440315435, -0.1666779688573926, -1.1840314524562887e-05, -1.0983671606661584e-05] - [0.1665822238804581, 0.33324623691539673, -9.036888923236556e-05, -8.456591535956714e-05] - [0.16663147407356588, 0.8332970417750456, -3.750043093022552e-05, -3.522274878173014e-05] - [9.450587704364084e-06, 9.73942171791064e-06, 1.0001178791416667e-05, 9.450584445444385e-06]
B1: 0.16670136987203052 - 0.6665875938736052 - 0.16657537090399946 - 5.143107592130965e-05
B2: 0.16669269553288393 - 0.6666973379727227 - 0.16670655912457913 - 2.679603167662826e-05
