Number: 1318
Error: 7.461046893015177e-06
A1: [-5.673040170829619e-07, -6.781501417110664e-07, -1.7132295394135694e-07, -4.6066955902832213e-07] - [0.20834069122108903, 0.333339175240951, -0.04165957747073128, 7.826811377259297e-06] - [0.16666655090328322, 0.6666663814802867, 0.166666974526489, 1.551576239403327e-08] - [-2.4993752644755495e-06, -2.2311885030692613e-06, -1.9628589730931427e-06, -2.4972387248988077e-06]
A2: [0.16665317031483687, -0.1666806165742778, -1.452905478931859e-05, -1.3519852926546835e-05] - [0.166582184886487, 0.33324611179844515, -9.036316879258921e-05, -8.457390306981578e-05] - [0.16663498710544764, 0.8333006461206091, -3.376174511968404e-05, -3.170212064370075e-05] - [7.078150930898046e-06, 7.294467821200338e-06, 7.490500992360666e-06, 7.078147879782714e-06]
B1: 0.16670582648116367 - 0.6666041048920993 - 0.16657842210371074 - 5.1500132403364184e-05
B2: 0.16669779061698117 - 0.6667054733977613 - 0.16671658440292725 - 3.169951266610982e-05
