Number: 2411
Error: 3.947028584309503e-06
A1: [-1.007382598771994e-05, -9.682995556490846e-06, -8.161053185786137e-06, -9.870399203568203e-06] - [0.2083044456783987, 0.3333045713173522, -0.041690243025162235, -2.799135237582604e-05] - [0.16665433968652088, 0.6666548843489136, 0.16665682505253052, -1.2075980948785758e-05] - [-4.579307496902917e-06, -4.0881730801762115e-06, -3.596834841266152e-06, -4.575402710167788e-06]
A2: [0.16668829256863726, -0.16664436503270197, 2.2614846544675214e-05, 2.1582866101282257e-05] - [0.16669458962152064, 0.3333621528309075, 2.8456950536542245e-05, 2.7754225384600664e-05] - [0.16665362228194333, 0.8333198941067266, -1.4085583542432045e-05, -1.3085713341596209e-05] - [1.2947471821613236e-05, 1.3343194045548815e-05, 1.3701831738532678e-05, 1.2947469053485009e-05]
B1: 0.16662942600733854 - 0.6665822983246823 - 0.1666743262036626 - -1.3208773370231976e-05
B2: 0.1666207527716371 - 0.6665997593088082 - 0.16658757963715265 - -4.486494652087772e-05
