Number: 980
Error: 7.650830111195483e-06
A1: [6.181108667370409e-07, 5.646855573563111e-07, 9.702092267120488e-07, 6.963571297546712e-07] - [0.20834376223012857, 0.3333426893617276, -0.04165633023113214, 1.0772740976751956e-05] - [0.16666801865407602, 0.6666678905990443, 0.16666832914039292, 1.4482334333920733e-06] - [-1.8560265533313214e-06, -1.6567984445990802e-06, -1.457456691394273e-06, -1.8544387351698329e-06]
A2: [0.16665122517073688, -0.16668264094824095, -1.6584784442343916e-05, -1.545895047251612e-05] - [0.1665821563759391, 0.3332460175445232, -9.0357265787657e-05, -8.457870414779818e-05] - [0.1666376737813427, 0.8333034026642907, -3.090243660649341e-05, -2.9009636612833917e-05] - [5.263803987378414e-06, 5.4246623812851305e-06, 5.57043424278871e-06, 5.263801389204007e-06]
B1: 0.16670917132399138 - 0.6666166688920695 - 0.16658069373300072 - 5.148971666262578e-05
B2: 0.16670172803600314 - 0.6667117460586404 - 0.16672431290260764 - 3.549041601187633e-05
