Number: 2899
Error: 4.213970755911122e-06
A1: [-1.1792425072186527e-05, -1.1485059762876616e-05, -9.817462250333765e-06, -1.1548012418851587e-05] - [0.20829998186448537, 0.3332994654780747, -0.04169496593522735, -3.227457051186913e-05] - [0.16665221345472728, 0.6666526977787961, 0.16665486085647813, -1.4151640319236433e-05] - [-5.507778438592032e-06, -4.917111097643714e-06, -4.3262289709492715e-06, -5.503087136743206e-06]
A2: [0.16669108963946708, -0.16664145347487846, 2.5571842521626754e-05, 2.437121297423311e-05] - [0.16669459090053113, 0.33336224942293674, 2.840954896018374e-05, 2.7721289116743283e-05] - [0.16664973428268656, 0.8333159053226619, -1.8222615153986353e-05, -1.698209698535146e-05] - [1.5566220394108437e-05, 1.6041987855242995e-05, 1.647318056577192e-05, 1.556621861856334e-05]
B1: 0.1666245465178223 - 0.6665640829338155 - 0.16667094101656488 - -1.3244623385692388e-05
B2: 0.1666152276511994 - 0.6665908390140348 - 0.16657653129610114 - -5.0178647832474493e-05
