Number: 854
Error: 7.722149627278458e-06
A1: [1.0530862184413396e-06, 1.0206362421777338e-06, 1.387964430346384e-06, 1.1207563142432103e-06] - [0.20834487902876606, 0.33334396962102053, -0.041655151186367034, 1.18429386903071e-05] - [0.1666685587507509, 0.6666684456874072, 0.16666882619976559, 1.975276668385118e-06] - [-1.6161907194295827e-06, -1.4426691178362e-06, -1.2690459980696873e-06, -1.6148076809329963e-06]
A2: [0.1666504994541322, -0.16668339611706107, -1.73515572346987e-05, -1.6182413029353827e-05] - [0.16658214523822765, 0.3332459821542907, -9.035506401808198e-05, -8.458100367841338e-05] - [0.1666386756564342, 0.8333044306287726, -2.9836121148720525e-05, -2.800559652693621e-05] - [4.5874223627482544e-06, 4.727605982891286e-06, 4.85464099952359e-06, 4.5874199978180245e-06]
B1: 0.16671041220614688 - 0.66662134768247 - 0.166581536762358 - 5.1479841691585203e-05
B2: 0.16670324462354874 - 0.666714111354929 - 0.1667271977926557 - 3.695238570665651e-05
