Number: 1826
Error: 7.178462411135919e-06
A1: [-2.333620268966415e-06, -2.530027254636587e-06, -1.8702162785050123e-06, -2.184335967863435e-06] - [0.20833613687214828, 0.33333395790232395, -0.04166439073870367, 3.4603887218301702e-06] - [0.16666436025132972, 0.666664129411429, 0.16666495540605764, -2.122501363896178e-06] - [-3.4662605257525176e-06, -3.094432556269165e-06, -2.7224272245205115e-06, -3.463300906766863e-06]
A2: [0.1666560958286758, -0.16667757204146955, -1.143746037731887e-05, -1.060342676750182e-05] - [0.16658223353245694, 0.3332462592116465, -9.036635664438726e-05, -8.456089341531416e-05] - [0.16663094986822222, 0.8332965039099797, -3.8058382255152445e-05, -3.5748088506468346e-05] - [9.804825858037897e-06, 1.0104487680148159e-05, 1.0376058494289092e-05, 9.804822605721832e-06]
B1: 0.16670066883806886 - 0.6665850939114099 - 0.1665748817471011 - 5.138515799025983e-05
B2: 0.16669190358716654 - 0.6666961235742234 - 0.16670509578549622 - 2.6032697985258754e-05
