Number: 742
Error: 7.785900003306105e-06
A1: [1.4239862746659884e-06, 1.4092645328713215e-06, 1.7417242842843305e-06, 1.4822703231886607e-06] - [0.20834580823185156, 0.33334504044018093, -0.041654174018437164, 1.2730779334643127e-05] - [0.16666902288080707, 0.6666689222216694, 0.1666692502298484, 2.4278187120273837e-06] - [-1.4029977538302636e-06, -1.252326293673972e-06, -1.1015646846592787e-06, -1.4017968490648319e-06]
A2: [0.1666498523010227, -0.16668406929740906, -1.803489435711373e-05, -1.682756253590619e-05] - [0.16658213095857166, 0.33324594674631325, -9.035661628690284e-05, -8.458742728690506e-05] - [0.16663956608784877, 0.833305344312784, -2.88882852345513e-05, -2.711324074870369e-05] - [3.986182660486686e-06, 4.1079883137758955e-06, 4.218368196047235e-06, 3.986180531678652e-06]
B1: 0.16671154424687812 - 0.666625535477092 - 0.16658231476447566 - 5.1500149509884214e-05
B2: 0.16670466534009057 - 0.6667162372116628 - 0.1667297334724669 - 3.8324552556782225e-05
