Number: 760
Error: 7.775660789428127e-06
A1: [1.3789105154585707e-06, 1.3621585208318191e-06, 1.701040811363617e-06, 1.4386891249816894e-06] - [0.20834571743862224, 0.3333449301839432, -0.04165426592792241, 1.2646577629152636e-05] - [0.16666896298131342, 0.6666688611557267, 0.16666919842895928, 2.369767536245142e-06] - [-1.4372634341954767e-06, -1.2829197568911527e-06, -1.1284840654699241e-06, -1.4360332489543169e-06]
A2: [0.16664995873888427, -0.16668395880094825, -1.7922896139551626e-05, -1.6721446684360627e-05] - [0.16658213951212056, 0.33324595836541004, -9.035078488589589e-05, -8.458013631561696e-05] - [0.16663942368127665, 0.8333051981285153, -2.90400008986521e-05, -2.7255956589540685e-05] - [4.082811026710563e-06, 4.207570313656503e-06, 4.3206269319100735e-06, 4.082808858156987e-06]
B1: 0.16671131629305078 - 0.6666248183893996 - 0.1665821476518214 - 5.145082696920644e-05
B2: 0.16670438599237908 - 0.6667158898659441 - 0.16672936807738545 - 3.805300831120307e-05
