Number: 55
Error: 2.609522153770995e-06
A1: [-2.060069927824141e-06, -1.2849885090436503e-06, -4.85125680669487e-07, -2.054272745807572e-06] - [0.20832484614617752, 0.3333279964421941, -0.04166874200660172, -8.461739653050575e-06] - [0.1666643147707786, 0.6666651321176775, 0.16666598025426582, -2.3448352187819982e-06] - [-9.61476266095701e-08, -8.553873717592765e-08, -7.492236019593542e-08, -9.606543315102238e-08]
A2: [0.16667475642611934, -0.16665844986574851, 8.314788800847697e-06, 8.088844423137308e-06] - [0.16669454528537775, 0.3333616615631757, 2.867406987599883e-05, 2.787505376396618e-05] - [0.16667240400640354, 0.8333391649138049, 5.903313905932695e-06, 5.7364723934951545e-06] - [3.010647845631222e-07, 3.1022804460039775e-07, 3.185288051139856e-07, 3.010646445367035e-07]
B1: 0.16665198738110823 - 0.666669290615831 - 0.16668975082852913 - -1.4032131199760166e-05
B2: 0.1666502113515496 - 0.666644709357284 - 0.16664184752161715 - -1.642703195004131e-05
