Number: 429
Error: 2.8381876407009048e-06
A1: [-3.204696626823854e-06, -2.4819631025394087e-06, -1.5588070703003348e-06, -3.167647225969661e-06] - [0.20832212517535337, 0.3333248297682423, -0.04167156875785347, -1.1044960332918274e-05] - [0.1666628620726387, 0.6666636446664566, 0.1666646748131307, -3.758929144096985e-06] - [-8.078700868741398e-07, -7.209862939511491e-07, -6.340469987096637e-07, -8.071781157252737e-07]
A2: [0.16667689372006894, -0.16665622745558173, 1.0569401996018846e-05, 1.0219450989119074e-05] - [0.16669446900404744, 0.33336164974133314, 2.8543512950907526e-05, 2.777255331730386e-05] - [0.16666939262284194, 0.8333360746408527, 2.697880167639762e-06, 2.7186670960938394e-06] - [2.3090015946954593e-06, 2.3795414711629476e-06, 2.443462400851968e-06, 2.3090002610789048e-06]
B1: 0.16664905851714606 - 0.6666560395777614 - 0.16668776831748328 - -1.3249766507146296e-05
B2: 0.16664423278350782 - 0.6666366769471549 - 0.16663276704024996 - -2.2243561174493197e-05
