Number: 1147
Error: 3.247636561432463e-06
A1: [-5.676992957414088e-06, -5.073097346737798e-06, -3.931603872538288e-06, -5.579683533926073e-06] - [0.208315786993303, 0.3333175628751395, -0.04167825616331221, -1.7117622857943698e-05] - [0.16665979168564493, 0.6666604894425152, 0.16666185085264157, -6.7549399134713e-06] - [-2.174194532760473e-06, -1.940867267898842e-06, -1.7074112040838342e-06, -2.1723352232382732e-06]
A2: [0.1666810206383694, -0.16665193303189776, 1.4929701808348807e-05, 1.433353294756441e-05] - [0.1666944954708507, 0.3333618131858491, 2.8491837939988862e-05, 2.774868936191131e-05] - [0.1666636737960368, 0.8333302068682878, -3.3886279863400182e-06, -3.0124883683507078e-06] - [6.163381253483731e-06, 6.351737391997951e-06, 6.522429909754895e-06, 6.163378396889347e-06]
B1: 0.16664223767533792 - 0.6666295977405885 - 0.16668315315004936 - -1.2943647632136045e-05
B2: 0.1666353609756575 - 0.6666229902882856 - 0.16661614170814013 - -3.080433375974109e-05
