Number: 2249
Error: 3.8581230600841525e-06
A1: [-9.525673252814753e-06, -9.10838992561214e-06, -7.636057183089394e-06, -9.335831454520915e-06] - [0.2083058374173349, 0.3333061711262751, -0.041688775402096936, -2.6659480162345458e-05] - [0.166655022928101, 0.6666555863502434, 0.16665745195735693, -1.140950707336097e-05] - [-4.2710727594317755e-06, -3.8129793975572264e-06, -3.354688061150537e-06, -4.267429464335091e-06]
A2: [0.16668735928016584, -0.1666453361402124, 2.1628855285400697e-05, 2.065247387469215e-05] - [0.16669457566463833, 0.33336210772841596, 2.846018081203201e-05, 2.7751627014491176e-05] - [0.16665491093949233, 0.8333212162816519, -1.2714130618404551e-05, -1.1794272602049735e-05] - [1.2078091529430646e-05, 1.2447239960781476e-05, 1.2781791288918622e-05, 1.2078088549798475e-05]
B1: 0.16663112187884055 - 0.6665884154378894 - 0.1666755140888751 - -1.3120812916071544e-05
B2: 0.16662266620658153 - 0.6666027300839671 - 0.1665911832568926 - -4.302170087018022e-05
