Number: 905
Error: 3.111612577556017e-06
A1: [-4.842983530710225e-06, -4.19882618281938e-06, -3.130711865472378e-06, -4.765984926103249e-06] - [0.2083179266510827, 0.33332001634715214, -0.041675997203472086, -1.5067460285143855e-05] - [0.16666082750509414, 0.6666615540430921, 0.1666628039951324, -5.744188747904609e-06] - [-1.7136876549623975e-06, -1.5297190266814108e-06, -1.3456437344473665e-06, -1.7122213403998821e-06]
A2: [0.1666796263592188, -0.16665338387589965, 1.3456555041704385e-05, 1.2943580237064743e-05] - [0.16669447225011472, 0.33336174337072666, 2.849414119186277e-05, 2.7742432967848985e-05] - [0.16666559752453192, 0.8333321806945397, -1.341169768331757e-06, -1.084604206389221e-06] - [4.864341099945471e-06, 5.0129897594105085e-06, 5.147696340490764e-06, 4.8643386331227e-06]
B1: 0.16664465385260618 - 0.6666386153195337 - 0.16668480259093804 - -1.2929648920548777e-05
B2: 0.16663825027262932 - 0.6666275055843075 - 0.1666216512019878 - -2.8019872143575597e-05
