Number: 2376
Error: 6.874834571229667e-06
A1: [-4.244304347557402e-06, -4.5332861953792855e-06, -3.7077982695774713e-06, -4.048848160344689e-06] - [0.20833121245360423, 0.33332831589371836, -0.04166959509416334, -1.2605788944369726e-06] - [0.166661990114399, 0.6666616928339895, 0.16666277105947397, -4.435658651126545e-06] - [-4.513028000029269e-06, -4.028990899373322e-06, -3.544751273689502e-06, -4.509179431339546e-06]
A2: [0.1666592593180322, -0.1666742796927893, -8.094147972950076e-06, -7.44977637512879e-06] - [0.16658227146582047, 0.333246404131421, -9.038441404376879e-05, -8.456154533547784e-05] - [0.16662657518932364, 0.8332920155994483, -4.2713867822874084e-05, -4.0132221559994745e-05] - [1.2756638410774577e-05, 1.3146526308005238e-05, 1.349987570446843e-05, 1.2756635593453189e-05]
B1: 0.1666950639877651 - 0.6665644800323872 - 0.1665710057836489 - 5.123966432445466e-05
B2: 0.16668556401300796 - 0.6666860397369111 - 0.166692701332691 - 1.9931555627735806e-05
