Number: 2714
Error: 6.689224975776095e-06
A1: [-5.428696209538289e-06, -5.775140161042905e-06, -4.848414353439547e-06, -5.204856862308607e-06] - [0.20832814505616246, 0.33332480518683305, -0.041672839180007866, -4.202910503587827e-06] - [0.16666052325728292, 0.666660184563565, 0.16666141719793448, -5.867492087849669e-06] - [-5.156281823809479e-06, -4.6032873623656795e-06, -4.050081219491063e-06, -5.151888076599762e-06]
A2: [0.16666119903258272, -0.1666722607066215, -6.043748789069177e-06, -5.516108281055752e-06] - [0.1665822802025408, 0.3332464788433389, -9.040960231075468e-05, -8.457652238716194e-05] - [0.1666238837598113, 0.8332892543669688, -4.557780594149154e-05, -4.2829461951002095e-05] - [1.4570507871079269e-05, 1.5015838809402397e-05, 1.541944260309223e-05, 1.4570505657547068e-05]
B1: 0.16669165896950394 - 0.6665518426959167 - 0.16656864532642043 - 5.118957063746599e-05
B2: 0.1666817125747958 - 0.6666798554142614 - 0.166685063419661 - 1.622664815975005e-05
