Number: 1649
Error: 3.527101430529692e-06
A1: [-7.436716689168423e-06, -6.918162392964398e-06, -5.626284861219782e-06, -7.297247966733186e-06] - [0.20831122853917805, 0.3333123461297415, -0.04168307675964513, -2.1490318534873492e-05] - [0.16665761281305475, 0.6666582490401931, 0.16665983981064797, -8.881785754062405e-06] - [-3.1294253138335828e-06, -2.793708686794526e-06, -2.4578253691368932e-06, -3.126752205479123e-06]
A2: [0.16668390875591238, -0.16664892723440644, 1.7982119251479895e-05, 1.7212676063440707e-05] - [0.16669453539441728, 0.33336195081233494, 2.848092922979982e-05, 2.7753421582474432e-05] - [0.1666596831642979, 0.8333261124924837, -7.635571736371965e-06, -7.011741418890262e-06] - [8.85790008244916e-06, 9.12861863731574e-06, 9.373957023250003e-06, 8.857896832191942e-06]
B1: 0.16663721481243546 - 0.6666108816746588 - 0.16667972111316395 - -1.2983455069243526e-05
B2: 0.16662957072676796 - 0.6666137336818172 - 0.16660472382448263 - -3.6377115700658914e-05
