Number: 1363
Error: 3.36823575649659e-06
A1: [-6.432287117485404e-06, -5.864991535941962e-06, -4.6586688902923225e-06, -6.3168389809917195e-06] - [0.20831383320391592, 0.33331532632201666, -0.04168032177288502, -1.899149097718668e-05] - [0.16665885608046874, 0.6666595274831804, 0.16666098770626497, -7.66816035963174e-06] - [-2.5852161694969465e-06, -2.307832949664045e-06, -2.0303033090684135e-06, -2.583006465889445e-06]
A2: [0.16668226379324044, -0.16665063926628843, 1.6243501170323395e-05, 1.557282629187957e-05] - [0.16669451386236386, 0.33336187353732966, 2.848819649454671e-05, 2.775193900918963e-05] - [0.16666195687911622, 0.8333284452978056, -5.215859296999628e-06, -4.733114690751898e-06] - [7.322807229372208e-06, 7.546603194942775e-06, 7.749414713496818e-06, 7.322804134396703e-06]
B1: 0.1666400802894418 - 0.6666215488576906 - 0.16668168121191915 - -1.2956918952315518e-05
B2: 0.16663285239522227 - 0.666618996158785 - 0.16661122394210204 - -3.321934321399945e-05
