Number: 1346
Error: 7.445382986673188e-06
A1: [-6.71853612277384e-07, -7.878172162827575e-07, -2.729588823772129e-07, -5.628614302743211e-07] - [0.20834041122957764, 0.3333388570900289, -0.04165987496523014, 7.5572058660930925e-06] - [0.166666422891501, 0.6666662496775219, 0.1666668551584739, -1.095878140789814e-07] - [-2.552668052969386e-06, -2.278768682619e-06, -2.004724351751508e-06, -2.550486097596927e-06]
A2: [0.16665333038374666, -0.1666804498859118, -1.4359710118955354e-05, -1.3360284912252249e-05] - [0.16658218452237838, 0.3332461170320602, -9.036607372372382e-05, -8.457623131913951e-05] - [0.16663476424195334, 0.8333004174888803, -3.399886959091157e-05, -3.19254653145478e-05] - [7.228446931975806e-06, 7.4493578501326e-06, 7.649554604240077e-06, 7.228443854688569e-06]
B1: 0.16670556751651497 - 0.6666030813836556 - 0.16657825036631121 - 5.151913354150661e-05
B2: 0.1666974887303468 - 0.6667049582364711 - 0.16671592772135532 - 3.1409763034946286e-05
