Number: 2765
Error: 4.140835589488392e-06
A1: [-1.1324847095959945e-05, -1.099480721502748e-05, -9.367447989226826e-06, -1.1091684399617284e-05] - [0.20830119014540346, 0.3333008490728274, -0.0416936884655579, -3.111586218785777e-05] - [0.16665279291930368, 0.6666532935659468, 0.16665539533879806, -1.3586057807218429e-05] - [-5.252833556803168e-06, -4.689496777753237e-06, -4.125947230487852e-06, -5.2483580487034506e-06]
A2: [0.16669032128538588, -0.1666422532283601, 2.475965066435655e-05, 2.3605254433310644e-05] - [0.1666945902599782, 0.3333622227079108, 2.8422473648044227e-05, 2.7730044083421775e-05] - [0.16665080206879948, 0.8333170007950378, -1.708642302109622e-05, -1.5912008434398297e-05] - [1.4847164185475398e-05, 1.530095285621348e-05, 1.5712223080654685e-05, 1.4847162084247945e-05]
B1: 0.16662589929331884 - 0.6665690981385032 - 0.16667188463294969 - -1.3221831650356804e-05
B2: 0.16661675833061523 - 0.6665932884815442 - 0.16657955086407017 - -4.870602410473824e-05
