Number: 374
Error: 7.999927712478906e-06
A1: [2.6969084003576126e-06, 2.7430790058459403e-06, 2.9636076154069113e-06, 2.724300259718519e-06] - [0.2083490787238233, 0.33334878699327974, -0.04165072444108977, 1.586515779100587e-05] - [0.1666706021881503, 0.6666705450128954, 0.16667070322396402, 3.968997935696864e-06] - [-7.024926924188831e-07, -6.269012470217695e-07, -5.512610620174268e-07, -7.018909409737379e-07]
A2: [0.1666477444468106, -0.16668626288037192, -2.0262107310176055e-05, -1.8928833479918718e-05] - [0.16658214695468365, 0.3332458931028561, -9.029940482020863e-05, -8.454561925447979e-05] - [0.16664250471498754, 0.8333083594421751, -2.576087880203776e-05, -2.4168291206276686e-05] - [2.010613798104845e-06, 2.0720325842995924e-06, 2.127687777760388e-06, 2.0106126289662663e-06]
B1: 0.16671479494151498 - 0.6666388656502928 - 0.16658448007205706 - 5.109803794707275e-05
B2: 0.16670938245846997 - 0.6667234382057609 - 0.16673845622542866 - 4.2882156717869016e-05
