Number: 2769
Error: 4.1429955156744406e-06
A1: [-1.1329504976717383e-05, -1.0999619707636363e-05, -9.370537323077827e-06, -1.1096015372786262e-05] - [0.20830119153185161, 0.33330084732963405, -0.041693684938171806, -3.1113031837888905e-05] - [0.1666527850177435, 0.6666532857050385, 0.16665538983555703, -1.3593553971980969e-05] - [-5.260445208240983e-06, -4.696292910072436e-06, -4.1319277724851065e-06, -5.255963255205957e-06]
A2: [0.16669034580944087, -0.16664222784550314, 2.478532184226101e-05, 2.362970690999818e-05] - [0.16669459443523413, 0.33336222745500144, 2.8425818385535026e-05, 2.7733938610365633e-05] - [0.16665077067774345, 0.833316968552569, -1.711990774580698e-05, -1.5943468282879714e-05] - [1.4868623848696759e-05, 1.532306847312094e-05, 1.573493327852964e-05, 1.4868621756605527e-05]
B1: 0.1666258283275419 - 0.6665689192338742 - 0.16667182865238742 - -1.3253122127357886e-05
B2: 0.16661668093586862 - 0.6665932126491727 - 0.16657948860480637 - -4.8781682888526033e-05
