Number: 2582
Error: 6.761627931717972e-06
A1: [-4.963466411714621e-06, -5.287318883353505e-06, -4.399978466856663e-06, -4.750714065408144e-06] - [0.2083293538015866, 0.3333261876675081, -0.041671560213479605, -3.043017415294702e-06] - [0.16666109882758598, 0.6666607764598729, 0.1666619489467034, -5.3056020195041475e-06] - [-4.905073747211456e-06, -4.37900938671703e-06, -3.852736350901403e-06, -4.900892808118863e-06]
A2: [0.1666604422113735, -0.16667304850823103, -6.8438423030355155e-06, -6.270568156082561e-06] - [0.16658227890205338, 0.33324645171769995, -9.039777813913353e-05, -8.456856175354966e-05] - [0.16662493521460825, 0.8332903330747832, -4.445899601513732e-05, -4.177573773798908e-05] - [1.3862146675663069e-05, 1.4285825755357827e-05, 1.4669803778020182e-05, 1.386214419584676e-05]
B1: 0.16669297931648625 - 0.6665567696064597 - 0.1665695598911723 - 5.11997145688018e-05
B2: 0.1666832066876911 - 0.6666822689784115 - 0.16668805350227187 - 1.7663535985330632e-05
