Number: 1098
Error: 7.5843244870350595e-06
A1: [1.9267428900909553e-07, 1.1856534020351414e-07, 5.58818918529221e-07, 2.8084242567951945e-07] - [0.20834264344990794, 0.3333414133169949, -0.04165751567037676, 9.697672420519577e-06] - [0.16666749454436205, 0.6666673514017573, 0.16666784323880027, 9.363656363759762e-07] - [-2.0806282418659433e-06, -1.8573256512323259e-06, -1.6338986885588544e-06, -2.0788487607994993e-06]
A2: [0.1666519021204448, -0.1666819362487391, -1.5869043217978922e-05, -1.478411169211408e-05] - [0.16658216048715216, 0.33324604483154374, -9.036470472997151e-05, -8.458287008166681e-05] - [0.16663673504000534, 0.8333024395537924, -3.1901398313165645e-05, -2.9950405566600112e-05] - [5.89722767449896e-06, 6.07744771513829e-06, 6.240766589449404e-06, 5.897224889435273e-06]
B1: 0.16670805142564238 - 0.6666123281507446 - 0.16657994392933115 - 5.154121424579076e-05
B2: 0.16670038418008734 - 0.6667095508732666 - 0.1667215714553768 - 3.419770928490606e-05
