Number: 2422
Error: 6.8494976588084e-06
A1: [-4.4176932910048785e-06, -4.715180691488044e-06, -3.876599485787303e-06, -4.21836256385445e-06] - [0.20833074586070294, 0.3333277862102403, -0.04167009124850281, -1.7101038216701896e-06] - [0.16666177815372707, 0.6666614745451426, 0.16666257309379642, -4.6428408670047366e-06] - [-4.600569413143683e-06, -4.107147377172221e-06, -3.6135212888261133e-06, -4.596646601845442e-06]
A2: [0.16665952133462944, -0.16667400678451863, -7.816856294925328e-06, -7.1885826655399075e-06] - [0.16658226765479775, 0.3332464095709281, -9.039228509917297e-05, -8.45685836034898e-05] - [0.1666262083728154, 0.8332916393158527, -4.310409455167775e-05, -4.049982885741844e-05] - [1.3003503488002217e-05, 1.340093709798088e-05, 1.3761125937748925e-05, 1.3003500737769156e-05]
B1: 0.1666946405142613 - 0.6665627985946861 - 0.16657072151356195 - 5.1272816694926035e-05
B2: 0.1666850809604022 - 0.6666852011562986 - 0.1666916248038527 - 1.9468443249897355e-05
