Number: 2282
Error: 6.926579562117183e-06
A1: [-3.919158518353423e-06, -4.192397806660827e-06, -3.395303770184413e-06, -3.7315919892172915e-06] - [0.20833204842277223, 0.33332927418898267, -0.041668711911406704, -4.59375442538529e-07] - [0.16666239377019995, 0.6666621077658142, 0.16666314280581757, -4.041739434734547e-06] - [-4.334129749882839e-06, -3.86927012985354e-06, -3.4042113830378855e-06, -4.330432951110358e-06]
A2: [0.16665871878853794, -0.16667484223298107, -8.665386225133688e-06, -7.988624304762731e-06] - [0.1665822657930499, 0.3332463802050974, -9.038045553302136e-05, -8.456062333308705e-05] - [0.1666273231411491, 0.8332927829755525, -4.191791626552028e-05, -3.93826538087809e-05] - [1.2252168808503241e-05, 1.2626636958352007e-05, 1.2966009971505795e-05, 1.2252165868794117e-05]
B1: 0.1666960256804334 - 0.666568007711597 - 0.16657167371430087 - 5.1268325087477714e-05
B2: 0.1666866509134969 - 0.6666877621904868 - 0.1666948140754716 - 2.0977705054889105e-05
