Number: 402
Error: 7.983275542305633e-06
A1: [2.5917432992834762e-06, 2.632847167260777e-06, 2.8614590784111113e-06, 2.6214936187344476e-06] - [0.20834879649288607, 0.33334846678486324, -0.04165102380770475, 1.559331523597082e-05] - [0.1666704736646436, 0.6666704127378765, 0.16667058342600943, 3.8433835352897086e-06] - [-7.557922861165993e-07, -6.744881367961829e-07, -5.93131869752209e-07, -7.551449073195554e-07]
A2: [0.16664790260254422, -0.16668609815199475, -2.0094764649217968e-05, -1.8771178646571945e-05] - [0.166582138678065, 0.3332458902286834, -9.031059123532872e-05, -8.455585977943495e-05] - [0.16664227981916563, 0.833308128727636, -2.6000130398178775e-05, -2.4393668053605353e-05] - [2.1609317895371226e-06, 2.2269453182023067e-06, 2.2867643633575985e-06, 2.160930537939737e-06]
B1: 0.16671459892544266 - 0.6666378988098137 - 0.16658435884581022 - 5.117995856735473e-05
B2: 0.16670903281268118 - 0.666722873828491 - 0.16673774898958707 - 4.254464736973745e-05
