Number: 2283
Error: 3.8767853851464915e-06
A1: [-9.637167249369386e-06, -9.225236582059907e-06, -7.742292737742892e-06, -9.444477665012924e-06] - [0.20830555962347322, 0.3333058504660311, -0.04168906751708355, -2.6924723052999725e-05] - [0.16665488311880364, 0.6666554428051729, 0.166657324374878, -1.1545800618415088e-05] - [-4.335764780525458e-06, -3.870736984766465e-06, -3.405509895442779e-06, -4.33206658780512e-06]
A2: [0.16668755580334588, -0.1666451317095018, 2.1836378124950177e-05, 2.0848389174194936e-05] - [0.16669458033938617, 0.3333621188614868, 2.846108647134091e-05, 2.775391779532557e-05] - [0.1666546407041941, 0.8333209390024021, -1.3001762306772481e-05, -1.2065092038591037e-05] - [1.226055438383833e-05, 1.263528004903299e-05, 1.297488652435001e-05, 1.2260551443737678e-05]
B1: 0.16663075406777594 - 0.6665871203554223 - 0.16667525418816825 - -1.3151169157296457e-05
B2: 0.1666222524830388 - 0.6666021055170344 - 0.16659043754889089 - -4.342069236018283e-05
