Number: 1013
Error: 3.1724557428456187e-06
A1: [-5.208929121815642e-06, -4.582377479518787e-06, -3.4811528602377227e-06, -5.122872127228164e-06] - [0.20831699699221676, 0.333318948096054, -0.04167697719001925, -1.5957203184705196e-05] - [0.16666037157538904, 0.6666610856338485, 0.16666238569307767, -6.188936897431227e-06] - [-1.919204507168797e-06, -1.7132082371664694e-06, -1.5070951104682288e-06, -1.91756275064616e-06]
A2: [0.16668024950020968, -0.16665273555049387, 1.4114771740415667e-05, 1.3564790373102406e-05] - [0.16669448466776843, 0.3333617764165972, 2.8494829860554774e-05, 2.7747279646632406e-05] - [0.16666473912870317, 0.8333312999174869, -2.25483134649329e-06, -1.944854631310525e-06] - [5.444082773521052e-06, 5.610452288442689e-06, 5.761218749459748e-06, 5.4440801167987796e-06]
B1: 0.16664356272746048 - 0.6666345784198818 - 0.16668405428951782 - -1.2948745531050657e-05
B2: 0.16663693280829148 - 0.6666254820318929 - 0.16661920462583923 - -2.9290549190065846e-05
