Number: 1863
Error: 3.6454318518477333e-06
A1: [-8.165368208388994e-06, -7.682009722730708e-06, -6.324843961552905e-06, -8.007948458791862e-06] - [0.20830937182099094, 0.3333102135541326, -0.04168503570241082, -2.3267933345729784e-05] - [0.16665670567243704, 0.6666573168678928, 0.16665900660283903, -9.7667698056035e-06] - [-3.536622161515227e-06, -3.1572582509145946e-06, -2.7777147494766226e-06, -3.533602709549697e-06]
A2: [0.16668514288728656, -0.16664764310565058, 1.9285944684454394e-05, 1.8442981543602575e-05] - [0.1666945594911308, 0.3333620161407157, 2.8482492519694166e-05, 2.7762515096519918e-05] - [0.16665798250801847, 0.8333243675682275, -9.445582855504988e-06, -8.716073512464876e-06] - [1.0006468606650207e-05, 1.0312294937367161e-05, 1.0589453000325637e-05, 1.0006465360199994e-05]
B1: 0.1666349883445903 - 0.6666028195097563 - 0.16667817570920107 - -1.3085781000001271e-05
B2: 0.1666270477518248 - 0.6666097998942462 - 0.16659993920796443 - -3.88073772644246e-05
