Number: 2125
Error: 3.7899240261766005e-06
A1: [-9.093664499341978e-06, -8.65543438234247e-06, -7.220376763549926e-06, -8.914233159467961e-06] - [0.20830695277272923, 0.3333074485577166, -0.041687596340941435, -2.558999704101027e-05] - [0.1666555584673705, 0.6666561369545114, 0.16665794578382062, -1.0886814700475379e-05] - [-4.035138003778149e-06, -3.602335777632199e-06, -3.169340798723248e-06, -4.0316949934538265e-06]
A2: [0.16668664670559677, -0.16664607776839527, 2.0875723813468068e-05, 1.9942116095272278e-05] - [0.1666945692899915, 0.33336207723691474, 2.84663931642695e-05, 2.7753946018642888e-05] - [0.16665589765843422, 0.8333222286224417, -1.1664106573992099e-05, -1.0805423505761793e-05] - [1.1412615290314113e-05, 1.1761422518330444e-05, 1.2077536940569025e-05, 1.141261218851184e-05]
B1: 0.16663238002697986 - 0.6665930587158789 - 0.16667638525434272 - -1.309346104317833e-05
B2: 0.16662408939708728 - 0.6666050013497511 - 0.16659397981688917 - -4.1652231153526984e-05
