Number: 444
Error: 7.95846232679277e-06
A1: [2.4460732831819485e-06, 2.4802422486307807e-06, 2.721643996786078e-06, 2.4793497290429518e-06] - [0.2083484217555009, 0.33334803776345917, -0.0416514188853409, 1.5234113933542881e-05] - [0.16667029307010386, 0.6666702271901297, 0.166670417267525, 3.6671409789612945e-06] - [-8.357427858112198e-07, -7.458696812540166e-07, -6.559394645067318e-07, -8.350269775015727e-07]
A2: [0.16664814222758098, -0.16668584876190906, -1.984155317180119e-05, -1.853230496157707e-05] - [0.1665821330116778, 0.33324589242921765, -9.032111359283938e-05, -8.456447204246233e-05] - [0.16664194345825115, 0.8333077836141917, -2.635807666879163e-05, -2.4730750514843817e-05] - [2.386407945890744e-06, 2.4593135711789854e-06, 2.5253783981557395e-06, 2.3864065733868177e-06]
B1: 0.16671425560554104 - 0.6666364021257569 - 0.16658413344880446 - 5.125351809477352e-05
B2: 0.1667084747371209 - 0.6667220312432677 - 0.16673673172982276 - 4.2004777038998046e-05
