Number: 1119
Error: 3.2320003177312418e-06
A1: [-5.5963735304338535e-06, -4.9887070839513e-06, -3.856590769911237e-06, -5.501398880447844e-06] - [0.20831597062680463, 0.33331777924211475, -0.0416780658755357, -1.6944282888589506e-05] - [0.1666598954944119, 0.6666605956835876, 0.16666194330071474, -6.654016199484354e-06] - [-2.120912799041536e-06, -1.8932960066396637e-06, -1.6655528468479423e-06, -2.1190989377977937e-06]
A2: [0.1666808565549507, -0.16665210352845516, 1.475676406668448e-05, 1.416995022373878e-05] - [0.16669448545703366, 0.3333617981233181, 2.8485484239539657e-05, 2.7740638837885927e-05] - [0.16666389548849217, 0.8333304343972345, -3.152536254048433e-06, -2.7903149655693376e-06] - [6.013090733052965e-06, 6.196852966269672e-06, 6.36338209196109e-06, 6.013087914926583e-06]
B1: 0.16664257236111202 - 0.6666306936534685 - 0.16668339400211366 - -1.2886855666676428e-05
B2: 0.1666357468079644 - 0.6666235147845462 - 0.16661672905028138 - -3.0430635184729296e-05
