Number: 1656
Error: 7.272738766451603e-06
A1: [-1.7521300431702345e-06, -1.920436548994883e-06, -1.3123513425534609e-06, -1.6171088880767566e-06] - [0.20833762233185646, 0.3333356630877043, -0.04166282291016495, 4.882997299752284e-06] - [0.1666650836510421, 0.6666648728265168, 0.16666562033172597, -1.4167058733926582e-06] - [-3.1427001584830294e-06, -2.8055550683949862e-06, -2.4682429748397944e-06, -3.1400157654721124e-06]
A2: [0.16665511548972162, -0.16667859213226385, -1.247321948231358e-05, -1.1580724572360977e-05] - [0.1665822140835229, 0.33324620690631424, -9.036805830422916e-05, -8.456841654173316e-05] - [0.16663230067378165, 0.8332978898654658, -3.662072570463682e-05, -3.439436110905733e-05] - [8.892385068902333e-06, 9.164156801977568e-06, 9.410449681465541e-06, 8.892381819470778e-06]
B1: 0.16670243069382917 - 0.6665914910213372 - 0.16657610111678312 - 5.145955189308437e-05
B2: 0.16669390028292977 - 0.6666992492025745 - 0.16670890565471172 - 2.7955697801178886e-05
