Number: 2955
Error: 4.244472371569905e-06
A1: [-1.1977455531397748e-05, -1.1678983348167553e-05, -9.993987558472045e-06, -1.1728351395397315e-05] - [0.2082995186956343, 0.33329893139058075, -0.04169545332688641, -3.271706260760919e-05] - [0.16665198177297436, 0.6666524598645414, 0.16665464915018205, -1.4377530749807723e-05] - [-5.614323120401296e-06, -5.012234428354524e-06, -4.409930329693064e-06, -5.609541673849249e-06]
A2: [0.16669141241306776, -0.1666411176669419, 2.5912756062830736e-05, 2.4692985376861158e-05] - [0.16669459542046475, 0.3333622646090102, 2.8407925178190976e-05, 2.7721882216358832e-05] - [0.16664928848822455, 0.833315447929963, -1.8697054882919434e-05, -1.7428853763112612e-05] - [1.586671054614413e-05, 1.635166284493143e-05, 1.6791181154261045e-05, 1.5866708918609962e-05]
B1: 0.1666239473559546 - 0.6665619544797895 - 0.16667051536604896 - -1.3288004525819388e-05
B2: 0.16661455289509486 - 0.6665898126257983 - 0.16657530078406943 - -5.082913829436328e-05
