Number: 1155
Error: 3.252129694945799e-06
A1: [-5.710298443274722e-06, -5.108057117333801e-06, -3.96446112013733e-06, -5.612312099427075e-06] - [0.20831569316127532, 0.33331745736709417, -0.04167835654276988, -1.7208474258890747e-05] - [0.16665975164715624, 0.6666604481258855, 0.16666181289391266, -6.7941441654651e-06] - [-2.18941754094774e-06, -1.954458423342111e-06, -1.7193698185097955e-06, -2.18754524780271e-06]
A2: [0.16668106576912406, -0.16665188598207298, 1.4977540784822561e-05, 1.4378520721388904e-05] - [0.1666944937566189, 0.33336181314235896, 2.8489548284942016e-05, 2.7746414478823552e-05] - [0.16666360992536974, 0.8333301413576586, -3.456555556384359e-06, -3.0764963791770627e-06] - [6.206326649227968e-06, 6.39599548396981e-06, 6.567877681192139e-06, 6.2063237819495425e-06]
B1: 0.16664217578527932 - 0.6666293168359446 - 0.16668311503163183 - -1.2926110920717833e-05
B2: 0.16663528577410677 - 0.6666228434514488 - 0.16661594313336936 - -3.087607106728425e-05
