Number: 1790
Error: 7.198384718075925e-06
A1: [-2.2197886405421263e-06, -2.410767529303117e-06, -1.7624325176475732e-06, -2.0735158358426204e-06] - [0.20833641395212218, 0.3333342794083917, -0.04166410042290503, 3.724194975543225e-06] - [0.16666450403527971, 0.6666642769060089, 0.1666650857518859, -1.9824363231703557e-06] - [-3.397740162304108e-06, -3.0332566737357884e-06, -2.668597914617945e-06, -3.394838810462159e-06]
A2: [0.16665588667300574, -0.16667778953662055, -1.1658190986005059e-05, -1.0811938427228105e-05] - [0.16658222539744316, 0.3332462443255787, -9.037030908665004e-05, -8.456650293486748e-05] - [0.1666312354690915, 0.833296796979235, -3.7754338245018845e-05, -3.546186888017922e-05] - [9.611605714872868e-06, 9.90536147207522e-06, 1.0171579339223502e-05, 9.611602457752988e-06]
B1: 0.16670107265531725 - 0.6665864780272367 - 0.1665751681280783 - 5.143165735652943e-05
B2: 0.16669235783875164 - 0.666696787875385 - 0.16670587437559742 - 2.6471342298793434e-05
