Number: 2039
Error: 3.7425820115053907e-06
A1: [-8.801769123471216e-06, -8.349445298371657e-06, -6.940673953334227e-06, -8.629550615952389e-06] - [0.20830769521479464, 0.33330830165852876, -0.04168681321390672, -2.4879340012353525e-05] - [0.16665592208541963, 0.6666565105819251, 0.166658279593376, -1.053209928643296e-05] - [-3.871503385286049e-06, -3.4562415623012776e-06, -3.0407909879545043e-06, -3.868199350276151e-06]
A2: [0.16668615103264459, -0.1666465935263361, 2.035205701269892e-05, 1.9447980653223118e-05] - [0.16669456085564788, 0.3333620522485286, 2.846704422418223e-05, 2.775154128101156e-05] - [0.16665658145705384, 0.8333229302120214, -1.093635936589951e-05, -1.0120147520167639e-05] - [1.0951070205036045e-05, 1.1285769642358015e-05, 1.1589097148617767e-05, 1.0951067038782676e-05]
B1: 0.16663327817111726 - 0.6665963030649817 - 0.16667701187411765 - -1.304891945353348e-05
B2: 0.16662510350065418 - 0.6666065795522976 - 0.1665958969241957 - -4.067538747595716e-05
