Number: 2312
Error: 6.9100516760592285e-06
A1: [-4.025987874538145e-06, -4.304423314408812e-06, -3.49843921310645e-06, -3.835900430762356e-06] - [0.20833176930105876, 0.3333289553348579, -0.04166900748522818, -7.273898982576535e-07] - [0.16666226185180386, 0.6666619720750396, 0.1666630207241652, -4.170547434059717e-06] - [-4.391224305670026e-06, -3.920244164562552e-06, -3.4490637717209086e-06, -4.387479063303758e-06]
A2: [0.16665889079396357, -0.1666746631769449, -8.483527000734769e-06, -7.817155547842964e-06] - [0.16658226631109643, 0.3332463866170835, -9.038287113910928e-05, -8.456220998973114e-05] - [0.166627084291576, 0.8332925379350077, -4.2172067913944774e-05, -3.962201909693271e-05] - [1.2413170792511701e-05, 1.2792560167287358e-05, 1.3136393739702671e-05, 1.2413167889716277e-05]
B1: 0.16669572873717228 - 0.6665668914352257 - 0.16657146972733888 - 5.126916707025852e-05
B2: 0.16668631443448773 - 0.6666872133360823 - 0.16669413059770793 - 2.0654231279200024e-05
