Number: 563
Error: 2.916400638454938e-06
A1: [-3.6746481482729014e-06, -2.9744147774513123e-06, -2.0108295948017513e-06, -3.6263440507554677e-06] - [0.20832090828570535, 0.33332343821682775, -0.04167285349020204, -1.2212263321301813e-05] - [0.16666228061628996, 0.6666630470295744, 0.16666413865690166, -4.326496013937708e-06] - [-1.0628724256148083e-06, -9.486579946115034e-07, -8.343726015038017e-07, -1.061962281020003e-06]
A2: [0.16667765892756214, -0.16665543101126248, 1.1378129114887864e-05, 1.0982262897633548e-05] - [0.1666944551970595, 0.3333616612987451, 2.8514774625911787e-05, 2.7749353709431422e-05] - [0.1666683209899857, 0.8333349751364951, 1.557492446758971e-06, 1.6447336290010474e-06] - [3.028396457335673e-06, 3.120926025486882e-06, 3.2047746711711306e-06, 3.0283947573112796e-06]
B1: 0.16664792785940774 - 0.6666512337431671 - 0.16668702286404374 - -1.3050362625460522e-05
B2: 0.16664251371966843 - 0.6666340334865135 - 0.16662954827805312 - -2.3904579809202e-05
