Number: 2890
Error: 6.592881497801238e-06
A1: [-6.041003570030206e-06, -6.417119055462691e-06, -5.43743051974806e-06, -5.802389455330473e-06] - [0.20832656560493448, 0.33332299589860387, -0.04167450864367152, -5.717256724387188e-06] - [0.16665976391497542, 0.666659403907099, 0.166660717188956, -6.608602316006796e-06] - [-5.491222897400824e-06, -4.902321838582201e-06, -4.313206224695787e-06, -5.4865456051124056e-06]
A2: [0.16666220899596101, -0.1666712095049225, -4.976228907252082e-06, -4.509293345961888e-06] - [0.16658228361074268, 0.33324651650487125, -9.042406016322222e-05, -8.458546260177789e-05] - [0.16662248177113512, 0.8332878160191698, -4.706964603587556e-05, -4.423447667360018e-05] - [1.5514961519520187e-05, 1.5989160712395014e-05, 1.641893180263929e-05, 1.5514959721734095e-05]
B1: 0.1666898738366918 - 0.6665452486517439 - 0.16656740078200308 - 5.11513304412768e-05
B2: 0.16667969445618497 - 0.6666766362901869 - 0.16668110190473948 - 1.4284831656507713e-05
