Number: 578
Error: 7.880259472370545e-06
A1: [2.000205002816959e-06, 2.013220777117286e-06, 2.296399618451952e-06, 2.044713370288873e-06] - [0.2083473020024893, 0.3333467487594438, -0.04165259565469449, 1.4163855954865803e-05] - [0.16666973586474465, 0.6666696551770903, 0.16666990810923182, 3.1238022276834787e-06] - [-1.0908221442461036e-06, -9.736102293171448e-07, -8.563258353844504e-07, -1.0898881121623724e-06]
A2: [0.16664891212640623, -0.16668504781317608, -1.9028531358619683e-05, -1.7764803307825408e-05] - [0.16658213232871466, 0.3332459166411251, -9.033774386853118e-05, -8.4574553861965e-05] - [0.16664087362246774, 0.8333066858567072, -2.749678317424036e-05, -2.580288844265963e-05] - [3.105777264236493e-06, 3.2006717493491953e-06, 3.286663562084219e-06, 3.1057755291367196e-06]
B1: 0.16671303434361814 - 0.6666315110382026 - 0.1665833082757838 - 5.136229407014515e-05
B2: 0.1667066804638194 - 0.6667193876734254 - 0.16673359228324727 - 4.026858840349161e-05
