Number: 2029
Error: 3.7370705748357305e-06
A1: [-8.766156306611646e-06, -8.312099680536409e-06, -6.906290947393237e-06, -8.594778106944007e-06] - [0.2083077882770891, 0.3333084079666263, -0.04168671466402008, -2.4789980112091492e-05] - [0.1666559660556051, 0.6666565558109689, 0.16665832028732086, -1.0489165917475848e-05] - [-3.852476164659662e-06, -3.4392539776168433e-06, -3.0258435249254574e-06, -3.8491882930211175e-06]
A2: [0.1666860936690465, -0.16664665323959785, 2.029140914579535e-05, 1.9390795823075193e-05] - [0.1666945605728539, 0.33336205000342656, 2.846774087291461e-05, 2.775195955179822e-05] - [0.16665666104315294, 0.8333230118622806, -1.0851672387076798e-05, -1.0040389648627866e-05] - [1.0897400800223379e-05, 1.1230459756026469e-05, 1.1532300381990846e-05, 1.0897397627534391e-05]
B1: 0.166633377219466 - 0.6665966751413969 - 0.16667707977377685 - -1.3049132345333155e-05
B2: 0.16662521568689304 - 0.6666067625420468 - 0.16659612482002784 - -4.056753328327986e-05
