Number: 2122
Error: 7.014765007081282e-06
A1: [-3.373361109366684e-06, -3.6202326649296597e-06, -2.8718976492723666e-06, -3.1992166467634886e-06] - [0.20833344055854314, 0.3333308728125262, -0.041667242867835096, 8.736136507402684e-07] - [0.16666307312094078, 0.666662805876296, 0.16666376697359406, -3.3789545888424465e-06] - [-4.029616208926997e-06, -3.5973990570043693e-06, -3.16498941838051e-06, -4.0261778955262e-06]
A2: [0.16665779704777603, -0.16667580137535765, -9.63926600194799e-06, -8.907502822893777e-06] - [0.16658225126599602, 0.3332463347761949, -9.037824119657975e-05, -8.45639254209233e-05] - [0.1666285954924924, 0.8332940884096899, -4.056382154980334e-05, -3.810755207069247e-05] - [1.1393476382936128e-05, 1.1741697472079112e-05, 1.205728058269042e-05, 1.1393473280358263e-05]
B1: 0.1666976892270637 - 0.6665740367226384 - 0.16657283279561455 - 5.134373532135895e-05
B2: 0.16668852780790175 - 0.6666906970404448 - 0.16669838810545132 - 2.278523574787728e-05
