Number: 217
Error: 2.7110086836821773e-06
A1: [-2.496310266507931e-06, -1.7402975237813825e-06, -8.834236279863319e-07, -2.4770331709246982e-06] - [0.2083239080718476, 0.3333268797573007, -0.04166969700670319, -9.340377676545764e-06] - [0.16666374605262754, 0.6666645519529186, 0.16666548253566363, -2.8968895766636406e-06] - [-4.0443105616398854e-07, -3.6078522670199103e-07, -3.1711017150724557e-07, -4.040845729309821e-07]
A2: [0.1666756856898489, -0.16665748439669265, 9.293532015922497e-06, 9.015211053692007e-06] - [0.16669451102604077, 0.3333616532622613, 2.8612367177954413e-05, 2.782943595383421e-05] - [0.16667109550730402, 0.8333378219249686, 4.510131655612901e-06, 4.425191368946381e-06] - [1.1708149345482593e-06, 1.206563883152311e-06, 1.2389567021656305e-06, 1.1708142499850176e-06]
B1: 0.16665071231914416 - 0.6666635312078092 - 0.16668885925852814 - -1.369996486947046e-05
B2: 0.16664727010299096 - 0.6666410654774626 - 0.16663794755778008 - -1.9298080949344833e-05
