Number: 725
Error: 3.00945282840625e-06
A1: [-4.2246582047641635e-06, -3.550743753100063e-06, -2.537400621215742e-06, -4.162765158766814e-06] - [0.2083195098128971, 0.33332183217848727, -0.04167432680164048, -1.3550857758042427e-05] - [0.16666159581566012, 0.6666623435794695, 0.1666635104430654, -4.994522612507182e-06] - [-1.3711554938162178e-06, -1.2238997685780075e-06, -1.0765555115474688e-06, -1.3699817842409387e-06]
A2: [0.16667859032531135, -0.16665446191949856, 1.2361983536997406e-05, 1.191076436456671e-05] - [0.16669446003496693, 0.3333616967320639, 2.8501363285227655e-05, 2.7742835641096568e-05] - [0.1666670298623573, 0.83333365034763, 1.8329834634843477e-07, 3.508244058569064e-07] - [3.898070620119627e-06, 4.017183434449229e-06, 4.1251229433734615e-06, 3.898068525987481e-06]
B1: 0.16664640303306502 - 0.6666452792671673 - 0.1666859905519459 - -1.2967192223647359e-05
B2: 0.16664045224927143 - 0.6666309102904678 - 0.16662578815734197 - -2.5895871386099774e-05
