Number: 3039
Error: 4.290223613364905e-06
A1: [-1.2266984359824274e-05, -1.1982524110249093e-05, -1.02721031393892e-05, -1.2010831564968708e-05] - [0.208298775678822, 0.3332980792870426, -0.04169623809493548, -3.342901817960216e-05] - [0.16665162214402718, 0.6666520902070078, 0.16665431812445033, -1.4728461225383744e-05] - [-5.774137232867719e-06, -5.154916113648432e-06, -4.535478903160314e-06, -5.769220614871879e-06]
A2: [0.166691894413058, -0.1666406160148501, 2.642217324310265e-05, 2.5173483661017386e-05] - [0.16669459640751313, 0.33336228185983924, 2.8400242809539265e-05, 2.771697930586137e-05] - [0.16664861906574674, 0.8333147611419597, -1.94093792348983e-05, -1.809971966538252e-05] - [1.631744622758601e-05, 1.6816175768274098e-05, 1.7268182548897864e-05, 1.6317444835162893e-05]
B1: 0.16662308869339715 - 0.6665587997764666 - 0.16666991274262413 - -1.3312967822299229e-05
B2: 0.16661358161831522 - 0.6665882765468136 - 0.16657341910209886 - -5.176402028836844e-05
