Number: 2346
Error: 6.891352369173615e-06
A1: [-4.1374740633397155e-06, -4.421260034469715e-06, -3.6046623492371956e-06, -3.944538774332001e-06] - [0.20833149157922343, 0.3333286347509922, -0.041669299517694984, -9.925604924288332e-07] - [0.16666212203336722, 0.6666618285251836, 0.16666289314159788, -4.306850044695645e-06] - [-4.455933825156786e-06, -3.978017241086924e-06, -3.4998991757246513e-06, -4.452133685653093e-06]
A2: [0.1666590873549328, -0.16667445870626332, -8.275964513909805e-06, -7.621202806189926e-06] - [0.16658227111052698, 0.33324639788290833, -9.038183455453187e-05, -8.455979590824961e-05] - [0.16662681407921473, 0.8332922606804756, -4.245967555884546e-05, -3.9892815942746525e-05] - [1.2595638419101757e-05, 1.2980605155645587e-05, 1.3329494022389487e-05, 1.259563556060329e-05]
B1: 0.16669536063205387 - 0.6665655961273607 - 0.16657120971633252 - 5.123852516479994e-05
B2: 0.16668590053421556 - 0.6666865886360236 - 0.16669338485709165 - 2.0255071538468754e-05
