Number: 363
Error: 2.7991410456033472e-06
A1: [-2.9825117431105172e-06, -2.2492704296389356e-06, -1.3466018372232734e-06, -2.950996816331763e-06] - [0.20832268701305523, 0.3333254753349386, -0.041670978102128484, -1.0507509934658508e-05] - [0.16666313901162988, 0.6666639290020527, 0.16666492829376084, -3.4888222751857094e-06] - [-6.822713804125324e-07, -6.088486089209809e-07, -5.353782701238155e-07, -6.816869240123437e-07]
A2: [0.166676516543018, -0.1666566199070764, 1.017101277892767e-05, 9.843453920551565e-06] - [0.16669447709480317, 0.3333616456753091, 2.8559628544091024e-05, 2.7785270493487857e-05] - [0.16666992136902853, 0.8333366171719414, 3.260602945997813e-06, 3.2485464463280165e-06] - [1.954667757151888e-06, 2.0143767235368885e-06, 2.0684824449911234e-06, 1.954666616831106e-06]
B1: 0.1666496075764731 - 0.6666584017570265 - 0.16668813353651388 - -1.3355759756258418e-05
B2: 0.16664514152641882 - 0.6666380117755362 - 0.16663435428076417 - -2.1363409534780767e-05
