Number: 2960
Error: 6.554599492676675e-06
A1: [-6.290253073146933e-06, -6.678490118244024e-06, -5.678057557119405e-06, -6.045757230073996e-06] - [0.2083259143782577, 0.3333222519680125, -0.041675198254317064, -6.3425675104606844e-06] - [0.1666594561257803, 0.666659087316568, 0.1666604323492265, -6.909134745647629e-06] - [-5.624434634988814e-06, -5.02125246668663e-06, -4.417854961391347e-06, -5.619644634819733e-06]
A2: [0.16666260953856601, -0.16667079251308847, -4.552696285076969e-06, -4.110002958688256e-06] - [0.16658228176613984, 0.3332465284094424, -9.043275124397622e-05, -8.45922185789127e-05] - [0.16662192370383058, 0.8332872435058891, -4.7663418665971894e-05, -4.479374756837113e-05] - [1.589058775912202e-05, 1.6376268351391642e-05, 1.6816446751893434e-05, 1.5890586145891642e-05]
B1: 0.16668918350521747 - 0.6665426443736626 - 0.16656692279211244 - 5.1155793591327846e-05
B2: 0.16667891144730668 - 0.6666753577770427 - 0.16667950931301811 - 1.3532169600198677e-05
