Number: 787
Error: 3.044773340574342e-06
A1: [-4.441173459279736e-06, -3.7776970200900286e-06, -2.7456763161494885e-06, -4.3740739753319e-06] - [0.20831895028757857, 0.3333211917502912, -0.04167491789775605, -1.4087443440861165e-05] - [0.16666132761516458, 0.6666620678760499, 0.16666326316767652, -5.256297668596772e-06] - [-1.4891393525015474e-06, -1.3292379909097884e-06, -1.1692416890321668e-06, -1.4878648280851758e-06]
A2: [0.16667894636954061, -0.16665409138165294, 1.2738240155505331e-05, 1.2265700184600883e-05] - [0.1666944617751351, 0.3333617103824965, 2.849652218016283e-05, 2.7740229803424135e-05] - [0.16666653608564802, 0.8333331437210915, -3.4220430932168294e-07, -1.4401686260203395e-07] - [4.2309033162007555e-06, 4.360189781179242e-06, 4.477349181073242e-06, 4.230901085838771e-06]
B1: 0.16664581952867297 - 0.6666430016472332 - 0.1666855978737852 - -1.2935262877361003e-05
B2: 0.16663969976873697 - 0.6666297325681034 - 0.16662434666692913 - -2.6621494506890787e-05
