Number: 1427
Error: 3.403841257385003e-06
A1: [-6.6507076525967e-06, -6.093960348125889e-06, -4.86813347745233e-06, -6.529890302956623e-06] - [0.2083132759125959, 0.33331468644219825, -0.04168090981112638, -1.9525122798147736e-05] - [0.16665858428325003, 0.6666592481771912, 0.16666073797696, -7.933330415427437e-06] - [-2.7069989353132846e-06, -2.4165622630126702e-06, -2.125974331702252e-06, -2.7046854787477443e-06]
A2: [0.16668263303745498, -0.16665025506849465, 1.6633590185912062e-05, 1.594092631293205e-05] - [0.1666945217080812, 0.333361893709907, 2.8489294757580368e-05, 2.7755298013774012e-05] - [0.16666144844891512, 0.8333279236259368, -5.756998595729714e-06, -5.242644062861107e-06] - [7.666328557402306e-06, 7.900624825388104e-06, 8.112952868830361e-06, 7.666325411787483e-06]
B1: 0.16663941973828494 - 0.6666191435283669 - 0.1666812254109365 - -1.2982195954116315e-05
B2: 0.16663209452935315 - 0.666617814836217 - 0.1666097865639534 - -3.3949482673699034e-05
