Number: 2694
Error: 6.70018767993499e-06
A1: [-5.357482707766196e-06, -5.7004628529249306e-06, -4.77966363291934e-06, -5.135323893163556e-06] - [0.20832833111735358, 0.33332501773614864, -0.04167264214996907, -4.024253950101064e-06] - [0.1666606111969968, 0.6666602750182047, 0.16666149858070295, -5.781625816927805e-06] - [-5.118220430944275e-06, -4.569306296499214e-06, -4.020180889554933e-06, -5.113858918925574e-06]
A2: [0.1666610845009342, -0.16667237993847403, -6.164849614783919e-06, -5.630282152203459e-06] - [0.16658228038138237, 0.3332464750926732, -9.040746902685516e-05, -8.457494033601262e-05] - [0.16662404312153914, 0.8332894178558656, -4.540824314328499e-05, -4.26697563657436e-05] - [1.4463181530877436e-05, 1.4905231922040946e-05, 1.5305862131145757e-05, 1.4463179274461662e-05]
B1: 0.16669185673488562 - 0.6665525870530256 - 0.1665687819005326 - 5.11888192688428e-05
B2: 0.1666819363068154 - 0.6666802207167076 - 0.1666855184575568 - 1.6441709786835156e-05
