Number: 1538
Error: 7.338379027664288e-06
A1: [-1.327044566101385e-06, -1.4746436717264857e-06, -9.012611983346375e-07, -1.2019444124533846e-06] - [0.2083387398482885, 0.3333369379598196, -0.0416616385436945, 5.956804567916609e-06] - [0.16666560746333292, 0.6666654117464281, 0.16666610598306358, -9.051340417922953e-07] - [-2.9181125616449463e-06, -2.6050417849218984e-06, -2.2918119134712647e-06, -2.9156193307688303e-06]
A2: [0.16665443847684683, -0.16667929691731118, -1.3189068712461822e-05, -1.2255626533870758e-05] - [0.16658220939200205, 0.33324617893877256, -9.036139507459532e-05, -8.45648303192798e-05] - [0.16663323922729745, 0.8332988527616532, -3.5622001842952635e-05, -3.345377959475647e-05] - [8.259026270858481e-06, 8.511438461017169e-06, 8.740185249353666e-06, 8.259023061611682e-06]
B1: 0.16670358116952375 - 0.6665958615776305 - 0.16657688029596088 - 5.143866050149892e-05
B2: 0.16669521612771823 - 0.6667014155533049 - 0.16671161750213365 - 2.922039159966061e-05
