Number: 539
Error: 2.9024470021924217e-06
A1: [-3.5744439291189324e-06, -2.869271090434115e-06, -1.9120176522880443e-06, -3.5281709590704847e-06] - [0.20832119083007378, 0.33332375570482276, -0.041672551474381016, -1.1938662011966205e-05] - [0.16666240097160628, 0.6666631712011224, 0.1666642527349781, -4.208643872336657e-06] - [-1.0172003370813868e-06, -9.078813760998447e-07, -7.984941593908473e-07, -1.0163292572814884e-06]
A2: [0.16667752438639072, -0.16665557128803035, 1.123550437971791e-05, 1.0848150670132781e-05] - [0.1666944638875869, 0.3333616650679716, 2.8525363430555956e-05, 2.775972605738219e-05] - [0.1666685135119845, 0.8333351726018232, 1.7622291758473272e-06, 1.8376675752112255e-06] - [2.899543114183106e-06, 2.988134042536227e-06, 3.0684133581204956e-06, 2.899541477124721e-06]
B1: 0.16664808422997587 - 0.6666520499905587 - 0.16668711351414323 - -1.3132261131685498e-05
B2: 0.166642761750462 - 0.666634497106389 - 0.16663016773838235 - -2.366694164646832e-05
