Number: 1135
Error: 3.2409276360933e-06
A1: [-5.639018402993285e-06, -5.033314385827558e-06, -3.895647437031345e-06, -5.542712876670868e-06] - [0.20831587948027874, 0.3333176701654, -0.04167815927551904, -1.7029560599452712e-05] - [0.1666598396343903, 0.6666605386281031, 0.16666189432129533, -6.708230930172524e-06] - [-2.1513596179451352e-06, -1.9204797942861144e-06, -1.6894722095642946e-06, -2.1495197853688e-06]
A2: [0.1666809508995851, -0.166652005548115, 1.4856108784183279e-05, 1.426400872184581e-05] - [0.16669449270110845, 0.33336180817615874, 2.849047979604253e-05, 2.7746760934892924e-05] - [0.16666376898290058, 0.833330304547269, -3.287289126040493e-06, -2.9170954072202027e-06] - [6.098969334359873e-06, 6.285356607359349e-06, 6.45426476871933e-06, 6.098966494042018e-06]
B1: 0.1666423699079822 - 0.6666300567177282 - 0.16668324617567665 - -1.2930521840577382e-05
B2: 0.16663551461988507 - 0.6666232140312677 - 0.16661640364478125 - -3.065588886341802e-05
