Number: 875
Error: 3.094646642559095e-06
A1: [-4.73597715496129e-06, -4.086632477936596e-06, -3.0274188494313127e-06, -4.6614999161838615e-06] - [0.20831820644354224, 0.33332033583396675, -0.04167570103887533, -1.4798776270312333e-05] - [0.16666095955804716, 0.6666616898631865, 0.1666629261968088, -5.615246994056002e-06] - [-1.6565993708964344e-06, -1.4787496743714126e-06, -1.3007962361437652e-06, -1.655181806119063e-06]
A2: [0.16667945424337433, -0.16665356303027995, 1.3274607485820242e-05, 1.277200070264749e-05] - [0.1666944714754206, 0.3333617367566061, 2.8496397762452837e-05, 2.77437611524713e-05] - [0.16666583632065543, 0.8333324256956799, -1.0870473250557614e-06, -8.452929659019986e-07] - [4.70329659072138e-06, 4.8470226332321046e-06, 4.977268024863245e-06, 4.703294181152107e-06]
B1: 0.16664493657896648 - 0.6666397173510855 - 0.1666849921446441 - -1.294472254886669e-05
B2: 0.1666386003333286 - 0.6666280684505881 - 0.16662234915446114 - -2.768280656916035e-05
