Number: 754
Error: 7.779053355634899e-06
A1: [1.3859464186798839e-06, 1.3694224185038819e-06, 1.7057152675229497e-06, 1.4452344914925353e-06] - [0.2083457155241029, 0.3333449329501863, -0.041654271083523986, 1.2642496728038166e-05] - [0.16666897487256696, 0.6666688729823764, 0.16666920671400293, 2.38105040895172e-06] - [-1.4258402602271909e-06, -1.2727205827953834e-06, -1.1195095113834867e-06, -1.42461983608464e-06]
A2: [0.16664992189380246, -0.1666839969314103, -1.7961456201585836e-05, -1.675818442819601e-05] - [0.1665821330959912, 0.3332459511053704, -9.035592832642246e-05, -8.458613158201164e-05] - [0.16663947073351937, 0.833305246461472, -2.8989801447268647e-05, -2.7208801256630318e-05] - [4.0506016960486595e-06, 4.174376434788215e-06, 4.286540803218422e-06, 4.050599540668696e-06]
B1: 0.1667114185974176 - 0.6666250825545086 - 0.16658222730862646 - 5.149360913514093e-05
B2: 0.1667045063126357 - 0.6667160079416946 - 0.16672946589560203 - 3.817072692992043e-05
