Number: 193
Error: 2.696238389491297e-06
A1: [-2.419465075906737e-06, -1.6599110940103912e-06, -8.10767178686732e-07, -2.4021967216661668e-06] - [0.20832409632163884, 0.3333270973438593, -0.041669500498328335, -9.160980521482676e-06] - [0.1666638426917413, 0.6666646510074552, 0.16666557009550145, -2.8027310214238037e-06] - [-3.587587451795611e-07, -3.200076239873737e-07, -2.8123040041455143e-07, -3.584513995927325e-07]
A2: [0.16667554932815568, -0.16665762624378744, 9.149592855177196e-06, 8.879278473288266e-06] - [0.16669451832051663, 0.3333616563659202, 2.8623028953714223e-05, 2.7838412837423874e-05] - [0.16667128915626853, 0.833338020632447, 4.716223956102741e-06, 4.619252395122517e-06] - [1.0419602141409889e-06, 1.0737704597210994e-06, 1.102593994710398e-06, 1.0419596079805082e-06]
B1: 0.1666508829097061 - 0.6666643653947036 - 0.1666889715360369 - -1.3767533037423071e-05
B2: 0.1666476470923606 - 0.6666415847960843 - 0.16663854522399263 - -1.8931489086062488e-05
