Number: 2718
Error: 6.687055875090464e-06
A1: [-5.433354192978367e-06, -5.779952407970948e-06, -4.8515029992320045e-06, -5.209187919928784e-06] - [0.20832814645218192, 0.33332480345360077, -0.04167283564187028, -4.200070512809527e-06] - [0.1666605153560623, 0.666660176703356, 0.1666614116958774, -5.874987889430589e-06] - [-5.16389691136862e-06, -4.6100865428023645e-06, -4.056064413041197e-06, -5.159496714794917e-06]
A2: [0.16666122357267252, -0.16667223530754716, -6.0180611760643624e-06, -5.491639750528874e-06] - [0.16658228442402614, 0.3332464836368677, -9.04062107271524e-05, -8.457258155411808e-05] - [0.16662385238210584, 0.8332892221379646, -4.5611277039273786e-05, -4.286090842940306e-05] - [1.4591972879326192e-05, 1.5037959935551204e-05, 1.544215845599651e-05, 1.4591970674472912e-05]
B1: 0.16669158796625333 - 0.6665516637792626 - 0.1665685893705096 - 5.1158244752508856e-05
B2: 0.16668163509321612 - 0.6666797795054964 - 0.16668500109217727 - 1.615090205464627e-05
