Number: 1228
Error: 7.511415911343956e-06
A1: [-2.4663812688689254e-07, -3.4190188099763297e-07, 1.382442787172477e-07, -1.4756737789365936e-07] - [0.2083415292106227, 0.333340132396039, -0.04165869020040507, 8.631476547249008e-06] - [0.1666669468152758, 0.6666667887020925, 0.16666734090371846, 4.0209473495159714e-07] - [-2.3280727553828146e-06, -2.0782477871134873e-06, -1.8282873249883518e-06, -2.326082238834286e-06]
A2: [0.16665265314770883, -0.1666811548868755, -1.5075767313545195e-05, -1.403541002879404e-05] - [0.16658217910261683, 0.33324608837069636, -9.036007001109853e-05, -8.457337366942589e-05] - [0.16663570263207364, 0.833301380230925, -3.300029157830409e-05, -3.098504740826201e-05] - [6.595051533160096e-06, 6.796601721959954e-06, 6.979251858813167e-06, 6.595048577864006e-06]
B1: 0.16670670795080092 - 0.6666074415046223 - 0.16657901853607784 - 5.148817914466753e-05
B2: 0.1666988151285865 - 0.6667071354437601 - 0.16671865070897224 - 3.2685011291762e-05
