Number: 2152
Error: 6.998205477801693e-06
A1: [-3.4801929435921612e-06, -3.7322609179640245e-06, -2.9750358578250807e-06, -3.303527521594147e-06] - [0.2083331614290395, 0.33333055395019573, -0.04166753844964208, 6.055915202177581e-07] - [0.16666294120001324, 0.6666626701829259, 0.16666364488979726, -3.5077650289959984e-06] - [-4.086711712135301e-06, -3.6483740263534013e-06, -3.2098425269653796e-06, -4.08322491931624e-06]
A2: [0.1666579691396623, -0.1666756222326545, -9.457320142262097e-06, -8.735947606226157e-06] - [0.16658225211225405, 0.33324634151662147, -9.038032871069968e-05, -8.456518382223093e-05] - [0.1666283567236615, 0.8332938434498931, -4.081789247012411e-05, -3.834683658876643e-05] - [1.1554483290649855e-05, 1.1907625763967944e-05, 1.222766950592318e-05, 1.1554480214226431e-05]
B1: 0.1666973920506841 - 0.6665729204459203 - 0.16657262906486717 - 5.1344348259844575e-05
B2: 0.16668819106484026 - 0.666690147916839 - 0.16669770435284628 - 2.2461497762445303e-05
