Number: 672
Error: 7.82603055766306e-06
A1: [1.6739250436718298e-06, 1.6712807252946995e-06, 1.9829442794063864e-06, 1.726325421167625e-06] - [0.20834646193320847, 0.33334578667261155, -0.041653482299281674, 1.3358559303048259e-05] - [0.16666933125607997, 0.6666692393600957, 0.1666695355626372, 2.7289338786827836e-06] - [-1.2697535541415667e-06, -1.133363626887516e-06, -9.968909421774501e-07, -1.268666530992207e-06]
A2: [0.16664945137408527, -0.16668448663176322, -1.845872614231465e-05, -1.722723722373103e-05] - [0.16658213200067584, 0.33324593423059656, -9.034835131746196e-05, -8.458147521789152e-05] - [0.16664012404450881, 0.8333059167663243, -2.8294526990614775e-05, -2.6554081398901966e-05] - [3.6104023654213466e-06, 3.7207216291614273e-06, 3.820692000351907e-06, 3.610400397798576e-06]
B1: 0.1667121771594617 - 0.6666280824430801 - 0.16658273478663513 - 5.143818776644908e-05
B2: 0.1667055037418016 - 0.6667175727302138 - 0.16673138457405925 - 3.9132612017962125e-05
