Number: 1858
Error: 7.16074497413768e-06
A1: [-2.4427887702004244e-06, -2.644469669399169e-06, -1.974906661968626e-06, -2.290819945707188e-06] - [0.20833585841496266, 0.33333363814755396, -0.041664684575980264, 3.193761158130741e-06] - [0.1666642243726241, 0.6666639897808375, 0.16666483056530537, -2.2550666707182986e-06] - [-3.527165461537115e-06, -3.1488089648364676e-06, -2.7702732921239684e-06, -3.524154059366708e-06]
A2: [0.16665628037239302, -0.16667738001718316, -1.1242488904809935e-05, -1.0419455501296468e-05] - [0.16658223717693277, 0.33324626903602195, -9.036606264647307e-05, -8.455949382727142e-05] - [0.1666306955793315, 0.8332962430042822, -3.832902034606411e-05, -3.600292740913497e-05] - [9.976576142676033e-06, 1.0281487758278176e-05, 1.0557816725089954e-05, 9.976572897105258e-06]
B1: 0.166700335900811 - 0.6665838884020011 - 0.16657465080145015 - 5.136985752647752e-05
B2: 0.1666915273330658 - 0.6666955357093395 - 0.16670438006417923 - 2.5670316216669904e-05
