Number: 1661
Error: 3.533737898547529e-06
A1: [-7.474665065479623e-06, -6.957920847830505e-06, -5.662218784416809e-06, -7.3341925223471825e-06] - [0.20831113614673719, 0.33331223892741807, -0.04168317356692198, -2.1578286474839448e-05] - [0.16665756488640054, 0.6666581998752299, 0.1666597963604873, -8.928472778342642e-06] - [-3.1522591971932493e-06, -2.814095143532874e-06, -2.475763624395496e-06, -3.1495666583600274e-06]
A2: [0.16668397847478358, -0.1666488547365256, 1.805569558692668e-05, 1.728218037688533e-05] - [0.16669453811456464, 0.33336195577971733, 2.848225213817716e-05, 2.7755300357191017e-05] - [0.16665958796825486, 0.833326014806256, -7.736916120355332e-06, -7.107143595375694e-06] - [8.922305499643588e-06, 9.194992710884706e-06, 9.442115356290601e-06, 8.922302246894383e-06]
B1: 0.16663708040090267 - 0.6666104205094456 - 0.16667962585998733 - -1.2998762993864053e-05
B2: 0.16662941921312616 - 0.6666135121309152 - 0.16660446413796878 - -3.6523429722173565e-05
