Number: 2150
Error: 6.999357319840786e-06
A1: [-3.4538991564165454e-06, -3.7045437834193397e-06, -2.9468348835139736e-06, -3.2774201590977206e-06] - [0.20833325726084131, 0.33333065676727713, -0.04166743284982514, 7.006089211798871e-07] - [0.16666296937088612, 0.6666626996932922, 0.16666367458044268, -3.4798200596883982e-06] - [-4.082910259430102e-06, -3.644980884994014e-06, -3.206857783905593e-06, -4.079426693630138e-06]
A2: [0.16665796094307364, -0.16667563106129452, -9.466506070129396e-06, -8.744108423167505e-06] - [0.16658226060479575, 0.33324634918897983, -9.0372517716371e-05, -8.455655098619276e-05] - [0.16662837363958702, 0.8332938607269427, -4.0800062532068827e-05, -3.8329886285970705e-05] - [1.1543749177863688e-05, 1.189656357773707e-05, 1.221630996356648e-05, 1.1543746099651566e-05]
B1: 0.16669734878733405 - 0.666572934625143 - 0.16657258524264829 - 5.1281180560892626e-05
B2: 0.16668814815495528 - 0.6666901789446638 - 0.16669780741463514 - 2.2417723186847442e-05
