Number: 2504
Error: 6.8044228661929534e-06
A1: [-4.704893669747655e-06, -5.016313887195238e-06, -4.153163975916816e-06, -4.498677159567998e-06] - [0.2083300022555556, 0.3333269350884893, -0.041670877654320246, -2.423367935563585e-06] - [0.16666142242795373, 0.6666611087803906, 0.1666622447979431, -4.990069780890913e-06] - [-4.756626386122115e-06, -4.2464750301856e-06, -3.7361171189198402e-06, -4.752571262638565e-06]
A2: [0.16665999205662055, -0.1666735168319507, -7.319284199264612e-06, -6.719327567588852e-06] - [0.1665822702771098, 0.33324642819585226, -9.039790044313363e-05, -8.45717142752516e-05] - [0.1666255555377977, 0.8332909695459197, -4.3798781749283705e-05, -4.11540735756968e-05] - [1.3443561534754506e-05, 1.3854446045834144e-05, 1.4226826881145004e-05, 1.3443558915911926e-05]
B1: 0.16669381377099932 - 0.6665597323896219 - 0.16657014888053878 - 5.125999527030376e-05
B2: 0.16668414565143144 - 0.6666837003137396 - 0.1666897717711671 - 1.856868292469729e-05
