Number: 311
Error: 2.76809726852706e-06
A1: [-2.824663186392173e-06, -2.084141339611836e-06, -1.1986125036957071e-06, -2.797492264709678e-06] - [0.20832306029907194, 0.3333259105775479, -0.041670590133300045, -1.0153371673879559e-05] - [0.16666333977747172, 0.6666641345909617, 0.16666510856818506, -3.293422664254756e-06] - [-5.833151371732727e-07, -5.204975329809482e-07, -4.57638766487115e-07, -5.82815415876259e-07]
A2: [0.16667621724274737, -0.16665693107685753, 9.855335901908688e-06, 9.54508345696852e-06] - [0.16669447914699048, 0.3333616386100106, 2.856893897356645e-05, 2.779096819649855e-05] - [0.1666703379341576, 0.8333370446635399, 3.704069763786955e-06, 3.6660044717573575e-06] - [1.6754996071680035e-06, 1.7266752385686637e-06, 1.7730479028737212e-06, 1.6754986249096028e-06]
B1: 0.16665007355217715 - 0.6666602963656582 - 0.1666884548891841 - -1.3405821361444555e-05
B2: 0.16664593441835765 - 0.666639086572986 - 0.16663557111487673 - -2.059304761275426e-05
