Number: 2321
Error: 3.897677043240725e-06
A1: [-9.77728573360622e-06, -9.372208148427291e-06, -7.878275215118915e-06, -9.581398477733978e-06] - [0.20830518669236062, 0.3333054261181224, -0.04168946346736323, -2.728356680958611e-05] - [0.16665471119304887, 0.6666552658239296, 0.1666571643542259, -1.1713782021966817e-05] - [-4.408065682727907e-06, -3.9352871366300716e-06, -3.4623078806652924e-06, -4.404306145940743e-06]
A2: [0.1666877727776099, -0.16664490576664207, 2.2065915183392228e-05, 2.1064684157651586e-05] - [0.1666945785523549, 0.33336212463655157, 2.845579597394188e-05, 2.774946676241089e-05] - [0.166654337850611, 0.8333206283176976, -1.3323972865323299e-05, -1.2368598382877276e-05] - [1.2464490311775604e-05, 1.284544954341078e-05, 1.3190706077618024e-05, 1.2464487418909253e-05]
B1: 0.16663039414225883 - 0.6665857216953021 - 0.1666750101243214 - -1.3133897290200486e-05
B2: 0.16662184291944168 - 0.666601411965625 - 0.16658955759609226 - -4.3813795293262895e-05
