Number: 1310
Error: 7.465533535768888e-06
A1: [-5.3400759198398e-07, -6.431993614912238e-07, -1.384746463468068e-07, -4.2805005026905075e-07] - [0.20834078501390804, 0.3333392807104725, -0.04165947712933357, 7.917623563386211e-06] - [0.16666659093967864, 0.666666422794049, 0.16666701248160784, 5.471792782598418e-08] - [-2.4841494026786076e-06, -2.2175948540311902e-06, -1.9508981690166305e-06, -2.4820258394500785e-06]
A2: [0.16665312516855027, -0.1666806636406703, -1.4576910464988742e-05, -1.3564856100850974e-05] - [0.16658218652855805, 0.3332461117652891, -9.036095660399973e-05, -8.457169981904832e-05] - [0.1666350509619574, 0.833300711616079, -3.3693832791479485e-05, -3.163812665604993e-05] - [7.035209035002384e-06, 7.2502133439774e-06, 7.445056920848077e-06, 7.035205991702213e-06]
B1: 0.16670588907286188 - 0.6666043864408299 - 0.1665784608043565 - 5.1483296055968486e-05
B2: 0.16669786530848443 - 0.6667056197034542 - 0.16671678240617066 - 3.177073674290174e-05
