Number: 694
Error: 7.813408386921998e-06
A1: [1.600152638077201e-06, 1.593982960725263e-06, 1.912452798629813e-06, 1.6543975954000474e-06] - [0.20834627574118242, 0.33334557248764723, -0.041653678263560756, 1.3180495576158289e-05] - [0.1666692391718178, 0.6666691447946462, 0.16666945126615218, 2.639126748521181e-06] - [-1.311631190760476e-06, -1.1707528219596597e-06, -1.0297893484802185e-06, -1.3105083712137835e-06]
A2: [0.16664957815526743, -0.16668435473551407, -1.832483138230133e-05, -1.7100849606520813e-05] - [0.1665821336308037, 0.33324594001058366, -9.034921873819348e-05, -8.458138821907921e-05] - [0.16663994889013267, 0.8333057370417584, -2.8480961937966688e-05, -2.6729613760550207e-05] - [3.7285051227327243e-06, 3.842434411311345e-06, 3.9456763512563965e-06, 3.72850310335771e-06]
B1: 0.16671196387374804 - 0.666627268164372 - 0.16658258954484875 - 5.1443277495483665e-05
B2: 0.16670522284677072 - 0.666717150512019 - 0.16673087890684865 - 3.886125338544825e-05
