Number: 3004
Error: 6.530579684335906e-06
A1: [-6.437335660615409e-06, -6.832653590210479e-06, -5.818643887959919e-06, -6.189151936901554e-06] - [0.2083255436576528, 0.33332182514409137, -0.04167558876775097, -6.697035151093923e-06] - [0.1666592723482088, 0.6666588985505545, 0.16666026408420131, -7.088360239352502e-06] - [-5.7081702125218026e-06, -5.0960115217214e-06, -4.483637106560057e-06, -5.703309383037559e-06]
A2: [0.16666286290902105, -0.16667052888405945, -4.285040952960655e-06, -3.85741961541194e-06] - [0.16658228474193132, 0.33324653981449576, -9.043451622845715e-05, -8.459232997057054e-05] - [0.16662157338369388, 0.8332868840797885, -4.80362348892617e-05, -4.5144824263410266e-05] - [1.6126692924711612e-05, 1.661959032500697e-05, 1.7066310437977356e-05, 1.612669143314616e-05]
B1: 0.1666887179603535 - 0.666540977098201 - 0.16656659334927562 - 5.1126948942388506e-05
B2: 0.16667838687826655 - 0.6666745516437804 - 0.1666785372963703 - 1.3026677286122348e-05
