Number: 1781
Error: 3.6001750254033213e-06
A1: [-7.902076579218e-06, -7.406124774976963e-06, -6.0748682569941195e-06, -7.751519964002513e-06] - [0.20831001919796244, 0.3333109630374562, -0.04168435634501373, -2.2650805517913834e-05] - [0.16665703719244207, 0.6666576570769642, 0.16665930798941067, -9.443724205800271e-06] - [-3.380593264663603e-06, -3.01795351320197e-06, -2.655138885387933e-06, -3.3777064847026656e-06]
A2: [0.16668466736374835, -0.16664813765301825, 1.8783991453658413e-05, 1.7968924118331325e-05] - [0.16669454346219928, 0.3333619846643575, 2.8475822128233832e-05, 2.7752235557908318e-05] - [0.1666586334110044, 0.833325035475938, -8.752690015992827e-06, -8.06376189580491e-06] - [9.566376887761263e-06, 9.858751126054692e-06, 1.0123716899763828e-05, 9.566373627707066e-06]
B1: 0.1666358940881251 - 0.6666059592039518 - 0.16667881620344252 - -1.299391260228022e-05
B2: 0.16662806795794746 - 0.6666113111015944 - 0.16660172410833599 - -3.782270142903903e-05
