Number: 63
Error: 2.614602271360812e-06
A1: [-2.0698458833666058e-06, -1.2950353060861698e-06, -4.916865094898603e-07, -2.0633943034409465e-06] - [0.20832484723218386, 0.3333279914067794, -0.041668736359712175, -8.457763945268794e-06] - [0.16666429858946735, 0.666665116047818, 0.16666596893233115, -2.360205019689841e-06] - [-1.113708551879482e-07, -9.913080836591814e-08, -8.688215856120273e-08, -1.1127560352632151e-07]
A2: [0.16667480406586424, -0.1666584005435551, 8.36465605844022e-06, 8.13634101778897e-06] - [0.16669454777463, 0.3333616650485589, 2.8674619280205557e-05, 2.787698177937186e-05] - [0.16667233972227083, 0.8333390988888368, 5.834771074103576e-06, 5.672050803548762e-06] - [3.440105806889953e-07, 3.5448656972146935e-07, 3.6397692745319707e-07, 3.440104133462499e-07]
B1: 0.16665189295923974 - 0.6666689756448633 - 0.16668967714240474 - -1.4047222047784561e-05
B2: 0.16665002033782203 - 0.666644520373926 - 0.16664168466445425 - -1.661457666713936e-05
