Number: 3014
Error: 6.525118005171948e-06
A1: [-6.472941025406531e-06, -6.86999067151165e-06, -5.853017644926033e-06, -6.223917063550915e-06] - [0.20832545063128766, 0.3333217188739909, -0.04167568727828925, -6.7863592700501035e-06] - [0.16665922837981942, 0.6666588533247587, 0.16666022339407127, -7.131291964613782e-06] - [-5.727200294918191e-06, -5.113001448286973e-06, -4.498586800353207e-06, -5.7223233704767695e-06]
A2: [0.1666629201195767, -0.16667046932354782, -4.224545948652408e-06, -3.800387947732391e-06] - [0.16658228444256, 0.33324654147967075, -9.043579286472938e-05, -8.459333097436175e-05] - [0.16662149365116108, 0.8332868022836517, -4.8121067978941536e-05, -4.52247287425901e-05] - [1.618035297222834e-05, 1.667489054499432e-05, 1.712309740445492e-05, 1.618035150893291e-05]
B1: 0.1666886192452115 - 0.6665406049381346 - 0.16656652491654755 - 5.1127489573884986e-05
B2: 0.16667827516373326 - 0.6666743691468542 - 0.16667830993482993 - 1.291929803894326e-05
