Number: 895
Error: 3.10595851909537e-06
A1: [-4.807315206527527e-06, -4.161428719450768e-06, -3.096281263401341e-06, -4.731157055869273e-06] - [0.20831801991355933, 0.33332012284119766, -0.041675898483369014, -1.4977900619817604e-05] - [0.16666087152234668, 0.6666615993160843, 0.16666284472868828, -5.701208559618067e-06] - [-1.694658250043498e-06, -1.5127292659277636e-06, -1.3306945872589212e-06, -1.6932081845765963e-06]
A2: [0.16667956898752567, -0.16665344359379974, 1.3395906053874377e-05, 1.288638731399032e-05] - [0.1666944719923928, 0.33336174116639944, 2.8494893636115602e-05, 2.7742876206436772e-05] - [0.16666567712331434, 0.833332262361627, -1.2564622775060285e-06, -1.0048337177356154e-06] - [4.8106597063604774e-06, 4.9576674969374976e-06, 5.090887016629816e-06, 4.810657258426195e-06]
B1: 0.16664474813381616 - 0.6666389827023809 - 0.16668486581490502 - -1.2934634323140043e-05
B2: 0.16663836692188183 - 0.6666276931676614 - 0.16662188381305554 - -2.7907554602170885e-05
