Number: 1703
Error: 3.5569924959250163e-06
A1: [-7.619469198379459e-06, -7.1097330017796596e-06, -5.801317589410953e-06, -7.475471806795886e-06] - [0.2083107645068278, 0.3333118127429939, -0.041683566077557604, -2.1934394423209947e-05] - [0.16665738503376357, 0.666658015008352, 0.16665963081544435, -9.10397513492824e-06] - [-3.232176779873206e-06, -2.885446374999321e-06, -2.538545841648578e-06, -3.2294162439810515e-06]
A2: [0.16668422042147146, -0.16664860296234818, 1.8311351135396338e-05, 1.7523376200932085e-05] - [0.1666945421900759, 0.3333619679859638, 2.848198449527945e-05, 2.7756431394906583e-05] - [0.16665925413711938, 0.8333256722914671, -8.092200140257675e-06, -7.441696121750276e-06] - [9.147729640287487e-06, 9.427307293274185e-06, 9.680674993276808e-06, 9.147726381294112e-06]
B1: 0.16663664962980465 - 0.6666088442468632 - 0.1666793284361957 - -1.3012639185084164e-05
B2: 0.16662892965220627 - 0.6666127400824612 - 0.16660351919758784 - -3.699479516450953e-05
