Number: 1883
Error: 3.656481614326986e-06
A1: [-8.236600153257e-06, -7.756707051544491e-06, -6.393615685264918e-06, -8.077499754578712e-06] - [0.20830918567419773, 0.3333100009168648, -0.04168523282170698, -2.344667526080001e-05] - [0.16665661772647428, 0.6666572264044687, 0.1666589252102121, -9.852642071524681e-06] - [-3.574677256742644e-06, -3.1912340698595384e-06, -2.807610185702923e-06, -3.57162545406735e-06]
A2: [0.16668525765402184, -0.16664752363981641, 1.9407279387108445e-05, 1.855739074221615e-05] - [0.16669456020169168, 0.33336202077453636, 2.8481241286310756e-05, 2.776182355718792e-05] - [0.16665782337088744, 0.8333242043023935, -9.6149224790528e-06, -8.875554169469105e-06] - [1.0113810722026834e-05, 1.0422918123243134e-05, 1.070304999537674e-05, 1.0113807481162048e-05]
B1: 0.1666347905870429 - 0.666602075793769 - 0.16667804046017057 - -1.3085013755357572e-05
B2: 0.16662682284564875 - 0.6666094333664714 - 0.16659948285422713 - -3.902361942291324e-05
