Number: 175
Error: 2.685127122860698e-06
A1: [-2.3737699572585147e-06, -1.6122370962327235e-06, -7.69567471961731e-07, -2.3579967167554412e-06] - [0.20832418941420328, 0.33332720971406965, -0.041669406660637974, -9.074481360029532e-06] - [0.16666390309825763, 0.6666647125420321, 0.16666562232578488, -2.7441733673471636e-06] - [-3.2450503087242293e-07, -2.8942464135586634e-07, -2.5432051275598376e-07, -3.2422704181244647e-07]
A2: [0.1666754451914746, -0.16665773438970796, 9.039987983741344e-06, 8.775463712516498e-06] - [0.16669451917530034, 0.33336165435876347, 2.8626985802362504e-05, 2.7840529758499117e-05] - [0.16667143395830278, 0.8333381692643868, 4.870432341752242e-06, 4.764363555198794e-06] - [9.453246264528876e-07, 9.7418100573136e-07, 1.0003277271683932e-06, 9.45324079706933e-07]
B1: 0.1666510453618953 - 0.6666650243331073 - 0.16668908783510034 - -1.3783662998519881e-05
B2: 0.16664797422561864 - 0.6666419814294964 - 0.1666389613062462 - -1.8612156418639547e-05
