Number: 750
Error: 7.781373808396192e-06
A1: [1.414603432435412e-06, 1.399577833987507e-06, 1.735490315085981e-06, 1.4735415320744032e-06] - [0.20834581077855494, 0.33334503674635596, -0.04165416714930187, 1.2736214553964477e-05] - [0.1666690070244563, 0.6666689064515643, 0.16666923918200244, 2.412773538429988e-06] - [-1.4182286582242363e-06, -1.265925197092381e-06, -1.1135307561928186e-06, -1.4170147379528788e-06]
A2: [0.16664990142303415, -0.16668401846168193, -1.7983485942533842e-05, -1.6778583641712634e-05] - [0.16658213949358597, 0.33324595640601945, -9.034977917891547e-05, -8.45794534223666e-05] - [0.16663950334642041, 0.8333052798636024, -2.8955223194827413e-05, -2.7176119630158432e-05] - [4.029128513900804e-06, 4.152246900572993e-06, 4.2638164502622845e-06, 4.029126367348683e-06]
B1: 0.16671140800832346 - 0.666625183408366 - 0.1665822086913925 - 5.14432738270917e-05
B2: 0.1667045047843326 - 0.6667160796447001 - 0.16672960291192632 - 3.8167465637762075e-05
