Number: 1585
Error: 3.4916382790114843e-06
A1: [-7.218338806277915e-06, -6.689233962007957e-06, -5.416857652084047e-06, -7.084239136136837e-06] - [0.20831178567794822, 0.3333129858666417, -0.04168248885282278, -2.0956838821238557e-05] - [0.16665788457362807, 0.6666585283116887, 0.16666008950913405, -8.616652051925424e-06] - [-3.0076452326893704e-06, -2.6849820349646053e-06, -2.3621563811867166e-06, -3.0050757703480037e-06]
A2: [0.16668353962866864, -0.16664931131742974, 1.7592142457256373e-05, 1.684469301061117e-05] - [0.16669452795328207, 0.33336193103344597, 2.8480213504503666e-05, 2.7750467290616802e-05] - [0.16666019168945512, 0.8333266342563641, -7.0943430746394575e-06, -6.502117007816613e-06] - [8.514393548725917e-06, 8.77461227915154e-06, 9.010434359704072e-06, 8.51439031728082e-06]
B1: 0.16663787845991945 - 0.6666132903478069 - 0.16668018057514278 - -1.2955072773565156e-05
B2: 0.1666303250731527 - 0.6666149113853542 - 0.1666061574895541 - -3.565049620770696e-05
