Number: 830
Error: 7.735766102867301e-06
A1: [1.1291191304992629e-06, 1.1002775230449819e-06, 1.459943490000167e-06, 1.1947812361087566e-06] - [0.20834506427381716, 0.33334418444439284, -0.041654957198679635, 1.2019333644962212e-05] - [0.16666865472841416, 0.6666685441301882, 0.16666891319890798, 2.068774530695481e-06] - [-1.5705061642052352e-06, -1.4018809833372564e-06, -1.2331566737340228e-06, -1.5691621465990698e-06]
A2: [0.16665036012776058, -0.16668354099341964, -1.749858110315062e-05, -1.63213100570469e-05] - [0.1665821403794483, 0.3332459728374014, -9.035705193638713e-05, -8.458417900782811e-05] - [0.16663886621492338, 0.8333046261773897, -2.9633246100703505e-05, -2.781462566785321e-05] - [4.458586225533644e-06, 4.594831736981308e-06, 4.7182978051126e-06, 4.458583908917499e-06]
B1: 0.1667106682767357 - 0.6666222578343147 - 0.16658171552638942 - 5.149769210881667e-05
B2: 0.1667035590343351 - 0.666714566139965 - 0.16672772908930447 - 3.725639272321781e-05
