Number: 966
Error: 7.658715411152206e-06
A1: [6.584418027158633e-07, 6.068991708669054e-07, 1.0077311854701097e-06, 7.355206016007273e-07] - [0.20834385410223644, 0.3333427975922626, -0.04165623504977111, 1.0859466044969755e-05] - [0.16666807058111316, 0.6666679437390778, 0.16666837538026133, 1.4987178343376704e-06] - [-1.8293768940430583e-06, -1.6330049818770535e-06, -1.4365207382800263e-06, -1.8278118244180993e-06]
A2: [0.16665114314342383, -0.16668272618130686, -1.6671236557806303e-05, -1.5540727334458107e-05] - [0.16658215146260677, 0.3332460101111534, -9.036033782734171e-05, -8.458263544902444e-05] - [0.16663778465548026, 0.8333035164578873, -3.0784359836605197e-05, -2.8898521915330358e-05] - [5.188651288414291e-06, 5.347212503295589e-06, 5.490902497259715e-06, 5.1886487144422385e-06]
B1: 0.16670933655527356 - 0.666617214839461 - 0.16658081221520799 - 5.1515996267255715e-05
B2: 0.16670192293522476 - 0.6667120103239291 - 0.16672460860362986 - 3.567924600519497e-05
