Number: 272
Error: 8.06120960316556e-06
A1: [3.034301216189357e-06, 3.0962884824194285e-06, 3.284730553713829e-06, 3.0531453246280005e-06] - [0.2083499225560475, 0.33334975856071897, -0.04164983940589161, 1.6671323118064626e-05] - [0.16667102408495182, 0.6666709779184096, 0.16667108801999833, 4.380341503725229e-06] - [-5.083215803678424e-07, -4.5354042420017816e-07, -3.9872316947705353e-07, -5.078861086852987e-07]
A2: [0.1666471623263728, -0.1666868685128719, -2.0876816776914452e-05, -1.9509129204638083e-05] - [0.1665821643254419, 0.333245891990368, -9.026900574668767e-05, -8.452109430831762e-05] - [0.16664332357135342, 0.8333091996627277, -2.4889389876450296e-05, -2.3347682568355707e-05] - [1.4630248434683292e-06, 1.5077055367037926e-06, 1.5481924000833963e-06, 1.4630239869404556e-06]
B1: 0.16671560676438385 - 0.666642484763308 - 0.16658501799597977 - 5.089754012503839e-05
B2: 0.1667108534660885 - 0.6667255485475247 - 0.1667409360933777 - 4.4308951201272163e-05
