Number: 2566
Error: 6.770374933917798e-06
A1: [-4.920873330374817e-06, -5.2427622548504944e-06, -4.360970397895822e-06, -4.7094516580206856e-06] - [0.20832944473550394, 0.3333262965400193, -0.041671467007301045, -2.957951821673479e-06] - [0.16666115464880507, 0.6666608334771544, 0.1666619978907064, -5.251425689926018e-06] - [-4.874620126180858e-06, -4.351819802679022e-06, -3.8288112184704196e-06, -4.870464994660705e-06]
A2: [0.16666034809028069, -0.1666731462681218, -6.942969586069418e-06, -6.364403021178359e-06] - [0.1665822724862227, 0.33324644247842533, -9.040197282531959e-05, -8.45738550212233e-05] - [0.16662506191922968, 0.8332904631197998, -4.4324051016533884e-05, -4.164875804100546e-05] - [1.3776283760254341e-05, 1.4197338318210848e-05, 1.4578937426110525e-05, 1.3776281250771516e-05]
B1: 0.16669318498183586 - 0.6665574103133117 - 0.16656971213025776 - 5.124660352977153e-05
B2: 0.16668343476962721 - 0.6666825654844999 - 0.16668837450337776 - 1.7884679666513642e-05
