Number: 872
Error: 7.71191710470387e-06
A1: [9.840835049391892e-07, 9.482536550891401e-07, 1.3206551319381397e-06, 1.0532710601122727e-06] - [0.20834469184818283, 0.3333437575446471, -0.04165535034710798, 1.1662441842191921e-05] - [0.16666847465972057, 0.666668359067048, 0.1666687474818466, 1.893057064526047e-06] - [-1.6504520367000789e-06, -1.473258007569033e-06, -1.2959606854454775e-06, -1.6490397375202202e-06]
A2: [0.1666506019148702, -0.1666832893921701, -1.7243114834928456e-05, -1.6080274297183134e-05] - [0.16658214359662624, 0.33324598412501427, -9.03583073165853e-05, -8.458390786514439e-05] - [0.1666385321286391, 0.8333042833910801, -2.998881920042595e-05, -2.814943360087449e-05] - [4.684049255327535e-06, 4.82718643842778e-06, 4.956898153860151e-06, 4.684046854942041e-06]
B1: 0.16671025904657324 - 0.6666207022362093 - 0.166581438130015 - 5.150537970758199e-05
B2: 0.1667030500841253 - 0.6667137741831825 - 0.1667267638389767 - 3.676564835534457e-05
