Number: 2970
Error: 6.549132557828801e-06
A1: [-6.325860452513773e-06, -6.715829081300947e-06, -5.71243304082649e-06, -6.080524365848375e-06] - [0.20832582134463584, 0.33332214569116875, -0.04167529677102675, -6.43189887031465e-06] - [0.16665941215568636, 0.6666590420891808, 0.16666039165766572, -6.952068165944734e-06] - [-5.6434648001256426e-06, -5.038242474057698e-06, -4.432804716132973e-06, -5.638658701822549e-06]
A2: [0.16666266674970368, -0.16667073295211943, -4.4922009512582075e-06, -4.052970709191123e-06] - [0.1665822814670173, 0.33324653007429916, -9.04340287423195e-05, -8.459321932998575e-05] - [0.16662184397109595, 0.8332871617093995, -4.774825224192856e-05, -4.487365224675976e-05] - [1.5944248235244326e-05, 1.643156901401897e-05, 1.6873234166932592e-05, 1.594424664926457e-05]
B1: 0.16668908496109433 - 0.6665422723827698 - 0.1665668545288619 - 5.115650545943373e-05
B2: 0.16667879957091655 - 0.6666751751135341 - 0.1666792817804738 - 1.3424628480763822e-05
