Number: 1465
Error: 3.424990517551222e-06
A1: [-6.79087475869565e-06, -6.240979667623591e-06, -5.004161183862444e-06, -6.666859411451178e-06] - [0.20831290281276924, 0.33331426193233066, -0.04168130591239365, -1.988413440829178e-05] - [0.16665841231350947, 0.666659071153543, 0.16666057791894995, -8.101355171682513e-06] - [-2.7793065428240034e-06, -2.4811190784550013e-06, -2.182777565410658e-06, -2.776931498324538e-06]
A2: [0.1666828504740955, -0.16665002866435433, 1.6863586127607737e-05, 1.6157683665564683e-05] - [0.16669452164199636, 0.3333619011972109, 2.848570515716665e-05, 2.7752568223392304e-05] - [0.1666611460147902, 0.8333276133581085, -6.078794705339325e-06, -5.545730759760377e-06] - [7.8702978512387e-06, 8.110828767794074e-06, 8.328807361079666e-06, 7.870294679862037e-06]
B1: 0.1666390616000162 - 0.6666177478417883 - 0.16668098566611184 - -1.2963112203994134e-05
B2: 0.16663168074345708 - 0.6666171169515129 - 0.1666089021716158 - -3.434680868155119e-05
