Number: 2609
Error: 4.055558226390684e-06
A1: [-1.0783713495415343e-05, -1.0427455596278074e-05, -8.847121252669252e-06, -1.0563644883694177e-05] - [0.20830258386002082, 0.33330244615891386, -0.041692215655911594, -2.977984705200368e-05] - [0.166653464276439, 0.6666539837432688, 0.166656013961784, -1.2930859187547216e-05] - [-4.956027232266838e-06, -4.4245080691086965e-06, -3.892779433346773e-06, -4.9518031151273854e-06]
A2: [0.16668942581776616, -0.16664318522455648, 2.3813202613499224e-05, 2.271257567984553e-05] - [0.1666945864919482, 0.3333621886538623, 2.843464383332295e-05, 2.7737214007102576e-05] - [0.16665204460565022, 0.8333182755719891, -1.5764231881494722e-05, -1.4666791242505037e-05] - [1.4010032729292138e-05, 1.4438233456375025e-05, 1.482631004833909e-05, 1.4010030299546861e-05]
B1: 0.16662748619391493 - 0.6665749471550781 - 0.1666729918750726 - -1.3183280581642568e-05
B2: 0.1666185522646176 - 0.6665961420309995 - 0.16658305754257652 - -4.6979677595753946e-05
