Number: 70
Error: 8.187006914467254e-06
A1: [3.6380677166162717e-06, 3.727294966728292e-06, 3.848109305845603e-06, 3.640045783899181e-06] - [0.20835133304403597, 0.33335140571166033, -0.04164837992428186, 1.8007466467199278e-05] - [0.1666717939052654, 0.6666717654832194, 0.1666717762500738, 5.129324963473843e-06] - [-1.2376786153009603e-07, -1.1019924849529303e-07, -9.66212349839576e-08, -1.2366199456821606e-07]
A2: [0.16664601034831836, -0.16668806622363994, -2.209167515244784e-05, -2.065749361076026e-05] - [0.1665822191974295, 0.3332459128298793, -9.01832404477287e-05, -8.445205446399725e-05] - [0.1666449546289657, 0.8333108734856453, -2.3153211287236276e-05, -2.1713154932500938e-05] - [3.785806933336264e-07, 3.901132474174007e-07, 4.005610738954545e-07, 3.785805062789216e-07]
B1: 0.16671709071276963 - 0.6666495577847651 - 0.16658601848386156 - 5.0377132439757954e-05
B2: 0.16671424970519333 - 0.6667300076737902 - 0.16674591160046603 - 4.7617629873797287e-05
