Number: 1390
Error: 7.420835013497282e-06
A1: [-8.190163484157167e-07, -9.420608800447795e-07, -4.136217816076545e-07, -7.063355872367296e-07] - [0.20834004023336908, 0.3333384299980755, -0.041660265729675336, 7.202464462454689e-06] - [0.16666623904137898, 0.6666660608410534, 0.16666668683271105, -2.888844871311809e-07] - [-2.6364169949738125e-06, -2.353540867697472e-06, -2.07051640174441e-06, -2.634163680403462e-06]
A2: [0.16665358485746506, -0.16668018515410785, -1.4090955565358217e-05, -1.3106598318845545e-05] - [0.1665821916382445, 0.3332461325660811, -9.036372754342628e-05, -8.457220198471055e-05] - [0.16663441493399056, 0.8333000590713124, -3.437068083074784e-05, -3.2275529422527355e-05] - [7.464624595976176e-06, 7.69275466356088e-06, 7.899494183213816e-06, 7.464621481193672e-06]
B1: 0.16670510324538018 - 0.6666014182687077 - 0.16657792832223392 - 5.1491619108427324e-05
B2: 0.1666969568483473 - 0.6667041446106327 - 0.16671494803126827 - 3.089695498631492e-05
