Number: 1170
Error: 7.543889450124496e-06
A1: [-5.913336381353872e-08, -1.4543403338247902e-07, 3.1643896677883e-07, 3.508129490429238e-08] - [0.20834199211819454, 0.3333406677554668, -0.04165820422053704, 9.072982146683013e-06] - [0.16666718260211236, 0.6666670306877532, 0.16666755547753165, 6.318853995506874e-07] - [-2.217673231710598e-06, -1.979681225268473e-06, -1.741558597348467e-06, -2.2157768550983283e-06]
A2: [0.166652316604232, -0.16668150489367417, -1.5431015269879655e-05, -1.4370915928517137e-05] - [0.16658216692170263, 0.3332460652542593, -9.036563445007907e-05, -8.458148605946532e-05] - [0.1666361627781053, 0.833301852406754, -3.251043823840978e-05, -3.0523904696305615e-05] - [6.2837168658277555e-06, 6.47575058636366e-06, 6.649776027827925e-06, 6.2837139818314106e-06]
B1: 0.16670733672101143 - 0.6666096497368696 - 0.1665794581132966 - 5.1541238100465505e-05
B2: 0.1666995428246115 - 0.6667082142753764 - 0.16671992706467023 - 3.3387564234444795e-05
