Number: 3090
Error: 6.483654989749245e-06
A1: [-6.729171208412278e-06, -7.138573324425848e-06, -6.0982709489595145e-06, -6.47377523177294e-06] - [0.20832480151940683, 0.3333209723648811, -0.04167637156129886, -7.40738957013543e-06] - [0.1666589087447171, 0.6666585249498734, 0.16665993030608034, -7.443062378995949e-06] - [-5.871832824025578e-06, -5.2421290552274176e-06, -4.612209038735718e-06, -5.866833598127067e-06]
A2: [0.16666335728178064, -0.16667001442401674, -3.7626726779203736e-06, -3.364585298627199e-06] - [0.1665822882083646, 0.33324655985255136, -9.044011747417483e-05, -8.459489762355355e-05] - [0.1666208883398978, 0.8332861812495428, -4.876522445726499e-05, -4.583134681920192e-05] - [1.658816555542499e-05, 1.709516834481418e-05, 1.755467444289725e-05, 1.658816431413836e-05]
B1: 0.16668782282548056 - 0.6665377321912231 - 0.16656596233450705 - 5.108537136191083e-05
B2: 0.1666773766053891 - 0.6666729774567808 - 0.1666766245535571 - 1.2053690282069895e-05
