Number: 2939
Error: 4.235789148130056e-06
A1: [-1.1934861788109107e-05, -1.1634425371942216e-05, -9.954976897525526e-06, -1.1687088226532601e-05] - [0.20829960965904556, 0.33329904029365537, -0.041695360087158434, -3.2631967198845245e-05] - [0.16665203758976174, 0.666652516879144, 0.16665469809420766, -1.432335868004374e-05] - [-5.583880272218429e-06, -4.985054463151887e-06, -4.3860134119791934e-06, -5.579124580662275e-06]
A2: [0.16669131844331123, -0.16664121527419493, 2.5813781598851147e-05, 2.459930175385671e-05] - [0.1666945895570553, 0.3333622559257596, 2.8404286243689173e-05, 2.7717141059085262e-05] - [0.16664941532872268, 0.8333155781116868, -1.8561973153278827e-05, -1.7301738244396667e-05] - [1.5780862042596182e-05, 1.626319026504202e-05, 1.670032997315532e-05, 1.578086037203299e-05]
B1: 0.16662415244389575 - 0.6665625949872662 - 0.16667066784374351 - -1.324168229669083e-05
B2: 0.16661478055315018 - 0.6665901087312657 - 0.16657562142201693 - -5.060841664740615e-05
