Number: 2276
Error: 6.929847881150429e-06
A1: [-3.912172642043876e-06, -4.185180249711073e-06, -3.390671471142448e-06, -3.7250965249075422e-06] - [0.2083320463249014, 0.3333292767857465, -0.041668717221314155, -4.63639330061411e-07] - [0.16666240562089876, 0.6666621195551042, 0.16666315105770124, -4.030496912627814e-06] - [-4.32270701306004e-06, -3.859071283375668e-06, -3.3952366570324062e-06, -4.3190199075404875e-06]
A2: [0.16665868192302344, -0.1666748803872393, -8.70397341223452e-06, -8.025382480668721e-06] - [0.16658225924852682, 0.3332463728017409, -9.038575635228954e-05, -8.456674690355893e-05] - [0.1666273701551761, 0.8332928312663581, -4.186776245428197e-05, -3.933553663773524e-05] - [1.2219968553911554e-05, 1.2593452440900494e-05, 1.2931933325432282e-05, 1.221996560702171e-05]
B1: 0.16669613253106041 - 0.6665682762796108 - 0.1665717576754441 - 5.1315657265381775e-05
B2: 0.16668676712443337 - 0.6666878760392534 - 0.166694907551685 - 2.1091313131195322e-05
