Number: 1744
Error: 7.223925851455652e-06
A1: [-2.046374876839488e-06, -2.2288473491134866e-06, -1.5936062412200553e-06, -1.9039768901533745e-06] - [0.2083368806269363, 0.33333480917358216, -0.04166360419086901, 4.173801093215129e-06] - [0.1666647160200405, 0.6666644952187953, 0.1666652837382451, -1.7752305739864336e-06] - [-3.3101924653791215e-06, -2.95509396040978e-06, -2.599822936829494e-06, -3.3073655738786047e-06]
A2: [0.16665562416908478, -0.16667806293273751, -1.1935969677580144e-05, -1.107361945376464e-05] - [0.16658222736829964, 0.33324623704751516, -9.03642718435467e-05, -8.456130509613064e-05] - [0.16663160183423972, 0.8332971728122074, -3.7364561343501945e-05, -3.5094713111497295e-05] - [9.364710934913614e-06, 9.650920015123027e-06, 9.910298002609341e-06, 9.364707675917763e-06]
B1: 0.16670149655172853 - 0.6665881585928678 - 0.1665754500871372 - 5.1398904007488873e-05
B2: 0.16669284320412456 - 0.6666976288232009 - 0.1667069533250249 - 2.693676804504354e-05
