Number: 290
Error: 8.05028140386846e-06
A1: [2.9648293735300204e-06, 3.023476438354791e-06, 3.2170320516421198e-06, 2.9851914158494408e-06] - [0.2083497336659327, 0.3333495449159101, -0.04165003999261837, 1.6489118336622406e-05] - [0.16667093960501903, 0.6666708909397131, 0.16667100897543657, 4.297733503733114e-06] - [-5.425860944700044e-07, -4.841324568834639e-07, -4.2564045065797835e-07, -5.421212734317838e-07]
A2: [0.16664726313226919, -0.16668676347933348, -2.0770098050542816e-05, -1.9408645315191977e-05] - [0.16658215590061523, 0.33324588702687213, -9.027931641262813e-05, -8.453078162939362e-05] - [0.16664317830869727, 0.833309050651251, -2.5043895824317095e-05, -2.3493254444505918e-05] - [1.5596585272912841e-06, 1.607293004622034e-06, 1.6504566250811729e-06, 1.5596576142732942e-06]
B1: 0.16671550260628656 - 0.666641882991883 - 0.16658495775810164 - 5.097204877508351e-05
B2: 0.1667106226690248 - 0.6667251740063791 - 0.16674046375041626 - 4.408595602370852e-05
