Number: 125
Error: 2.653886074106462e-06
A1: [-2.2173285525651007e-06, -1.4486719143829722e-06, -6.223603505116339e-07, -2.2057366724234766e-06] - [0.20832456676584518, 0.33332764717592134, -0.041669014119905326, -8.715558396149202e-06] - [0.16666410067548998, 0.6666649149020555, 0.1666658004889199, -2.551760386979923e-06] - [-2.2935467814093858e-07, -2.0447141824638914e-07, -1.7957108164284458e-07, -2.2915825260091117e-07]
A2: [0.1666751617320665, -0.1666580292162959, 8.740862230155154e-06, 8.492898314980195e-06] - [0.16669453794625028, 0.33336166459921446, 2.8653164226633904e-05, 2.7862805804868115e-05] - [0.16667183854999962, 0.8333385844340009, 5.301023530466027e-06, 5.1698137247410355e-06] - [6.768734778225308e-07, 6.975241077100624e-07, 7.162347423531997e-07, 6.768730985740601e-07]
B1: 0.16665137744223563 - 0.6666667424984886 - 0.16668930560231388 - -1.3947709415150573e-05
B2: 0.1666487997502092 - 0.6666430918361393 - 0.1666402225475036 - -1.7808293926869758e-05
