Number: 447
Error: 2.848788217101537e-06
A1: [-3.2739593999811734e-06, -2.5545853280748466e-06, -1.6263353518832987e-06, -3.235392292671687e-06] - [0.20832193702631074, 0.3333246167976084, -0.04167176873847986, -1.1226424841276546e-05] - [0.16666277777690777, 0.6666635578553886, 0.16666459591909297, -3.841353183797825e-06] - [-8.421243856933279e-07, -7.515691725925899e-07, -6.609563300497984e-07, -8.414030987759987e-07]
A2: [0.16667699528247992, -0.16665612164998536, 1.06769081124293e-05, 1.0320691649214484e-05] - [0.16669446365747217, 0.3333616479197473, 2.8536406574512893e-05, 2.7765945228224904e-05] - [0.1666692481586726, 0.833335926444651, 2.544205784356804e-06, 2.5738939371909716e-06] - [2.405641444637445e-06, 2.4791353023876748e-06, 2.5457332040980337e-06, 2.405640059768827e-06]
B1: 0.16664893224226696 - 0.6666554181063117 - 0.16668769076253956 - -1.3197362968730663e-05
B2: 0.1666440184461148 - 0.666636319353592 - 0.16663231205052814 - -2.2450102812339456e-05
