Number: 2980
Error: 6.543666849046759e-06
A1: [-6.361467348871116e-06, -6.753167593463658e-06, -5.746808110778439e-06, -6.115291019870033e-06] - [0.20832572831275212, 0.3333220394159396, -0.0416753952862587, -6.521228495650017e-06] - [0.1666593681860024, 0.6666589968621763, 0.16666035096645, -6.995001178434698e-06] - [-5.662494945000562e-06, -5.055232461529124e-06, -4.447754455412661e-06, -5.657672749287239e-06]
A2: [0.1666627239608037, -0.1666706733911579, -4.431705594227386e-06, -3.995938497321447e-06] - [0.16658228116822257, 0.33324653173962027, -9.043530564599416e-05, -8.45942197541535e-05] - [0.16662176423850517, 0.8332870799130901, -4.78330856056792e-05, -4.495355678188828e-05] - [1.599790861427658e-05, 1.6486869576367643e-05, 1.6930021480347014e-05, 1.599790705577907e-05]
B1: 0.16668898637556623 - 0.6665419003511898 - 0.16656678622515425 - 5.115717587508617e-05
B2: 0.16667868773313424 - 0.6666749924897669 - 0.16667905428872487 - 1.3317125971661103e-05
