Number: 542
Error: 7.901134317780146e-06
A1: [2.1145424704560653e-06, 2.132946736533207e-06, 2.404607630900938e-06, 2.1560385271900232e-06] - [0.20834758091989447, 0.33334707195837454, -0.04165230379659479, 1.44294971462531e-05] - [0.16666988007000944, 0.6666698030613512, 0.16667003880825515, 3.2642874104497754e-06] - [-1.0222930453477142e-06, -9.124258276662694e-07, -8.024901758996692e-07, -1.0214176264152974e-06]
A2: [0.166648704079213, -0.1666852641632028, -1.9248082878189496e-05, -1.7972206484225063e-05] - [0.16658212892399807, 0.3332459066413153, -9.03366686027398e-05, -8.457543349515123e-05] - [0.16664116045595065, 0.8333069801991583, -2.7191430219386616e-05, -2.55154364629675e-05] - [2.9125150371922717e-06, 3.001502100581633e-06, 3.08214040042329e-06, 2.912513395962353e-06]
B1: 0.16671338870199576 - 0.6666328495877671 - 0.16658355276600859 - 5.1359337836759375e-05
B2: 0.16670717443874306 - 0.6667200928921383 - 0.16673441289749835 - 4.074695814361277e-05
