Number: 334
Error: 8.023784704652391e-06
A1: [2.816429515299201e-06, 2.86809857831072e-06, 3.0753403985153486e-06, 2.840481557733646e-06] - [0.20834935816375058, 0.3333491136860686, -0.041650434520734546, 1.6129875608920488e-05] - [0.16667075472866916, 0.6666707011569708, 0.1666708397883759, 4.117412289616167e-06] - [-6.26345934860229e-07, -5.589152816513942e-07, -4.914407826520568e-07, -6.258093813581194e-07]
A2: [0.16664751361889596, -0.16668650282942468, -2.0505510167834685e-05, -1.9158945819308316e-05] - [0.16658214656877884, 0.33324588571866753, -9.029416254280651e-05, -8.454319958092719e-05] - [0.16664282478132708, 0.8333086879123631, -2.5420117799888256e-05, -2.3847537693892107e-05] - [1.7958735672824168e-06, 1.8507284025068406e-06, 1.900435221463909e-06, 1.7958725184982318e-06]
B1: 0.16671516571396264 - 0.6666403342401197 - 0.1665847372772682 - 5.107184857448348e-05
B2: 0.16670999478242096 - 0.6667242614463035 - 0.1667393824310229 - 4.347714159628013e-05
