Number: 2671
Error: 4.089472567576422e-06
A1: [-1.0999703008944255e-05, -1.0653916981604599e-05, -9.054944980480637e-06, -1.0774429427305244e-05] - [0.20830202622945637, 0.33330180749259836, -0.04169280513846175, -3.0314542144700282e-05] - [0.16665319652191599, 0.6666537084565929, 0.1666557670613692, -1.3192190789516088e-05] - [-5.073989152982085e-06, -4.529824488323654e-06, -3.985448919397968e-06, -5.069665102577039e-06]
A2: [0.16668978160241413, -0.1666428149142662, 2.4189264767422987e-05, 2.3067251938518944e-05] - [0.16669458777105836, 0.3333622019902055, 2.8429630400664933e-05, 2.7734146034976798e-05] - [0.16665155077658156, 0.8333177689319926, -1.6289713366730765e-05, -1.5161685551639656e-05] - [1.4342742276176215e-05, 1.4781112680242681e-05, 1.5178407309702606e-05, 1.4342739970458185e-05]
B1: 0.16662685843285194 - 0.6665726254754643 - 0.1666725547608634 - -1.319566698515901e-05
B2: 0.16661784224315337 - 0.6665950080031114 - 0.16658166090153248 - -4.76628377533584e-05
