Number: 2583
Error: 4.041296317446455e-06
A1: [-1.068153966814449e-05, -1.0320239144909709e-05, -8.7470697521072e-06, -1.046366491224278e-05] - [0.2083028644131352, 0.3333027633176168, -0.04169191650115962, -2.950895681032087e-05] - [0.1666535882781482, 0.6666541115618306, 0.16665613053420883, -1.2809562204889846e-05] - [-4.906560596632281e-06, -4.38034477834197e-06, -3.853920135388262e-06, -4.902378393835399e-06]
A2: [0.1666892785755212, -0.16664333865606387, 2.3657255648173414e-05, 2.256579815707424e-05] - [0.16669459105363008, 0.3333621879020224, 2.8441314263233256e-05, 2.774359831486973e-05] - [0.1666522522771165, 0.8333184885847361, -1.554335113477418e-05, -1.4458673149514526e-05] - [1.3870502022464766e-05, 1.429443783562679e-05, 1.4678648626840736e-05, 1.3870499543285463e-05]
B1: 0.16662771128227372 - 0.6665758842676126 - 0.16667314034597266 - -1.3216285768100403e-05
B2: 0.1666188106377622 - 0.6665966143636181 - 0.16658367815071562 - -4.673256522871092e-05
