Number: 2863
Error: 4.194301200304477e-06
A1: [-1.1654646640839284e-05, -1.1340506825263419e-05, -9.68303699185473e-06, -1.1413268005303485e-05] - [0.20830035545446587, 0.3332998889179746, -0.04169456825691381, -3.1914345425316e-05] - [0.16665238141794703, 0.6666528708174649, 0.16665501811533368, -1.3987418344834184e-05] - [-5.439287911198438e-06, -4.8559635266323895e-06, -4.272424824434225e-06, -5.434654568797972e-06]
A2: [0.16669088531882956, -0.16664166633374589, 2.5355533499645923e-05, 2.4167535823309338e-05] - [0.16669459626263095, 0.333362247510031, 2.841799899091749e-05, 2.7729175051154377e-05] - [0.1666500218068608, 0.833316200252317, -1.79167808235722e-05, -1.6693954319757825e-05] - [1.5373036405947877e-05, 1.584289899499392e-05, 1.6268739260052216e-05, 1.537303453895286e-05]
B1: 0.16662486986881414 - 0.6665653921059046 - 0.16667115821667255 - -1.3278613877271909e-05
B2: 0.16661559735638162 - 0.6665914934650541 - 0.16657737891092902 - -4.9824535829830256e-05
