Number: 2148
Error: 7.00044994877045e-06
A1: [-3.4515693371319467e-06, -3.7021368225393606e-06, -2.94528977431965e-06, -3.275253813777384e-06] - [0.20833325656592847, 0.3333306576369181, -0.04166743461610266, 6.991919930616649e-07] - [0.16666297332208244, 0.6666627036239435, 0.16666367733185455, -3.476071594596576e-06] - [-4.079102668428392e-06, -3.6415812606405684e-06, -3.203866213576126e-06, -4.075622335567799e-06]
A2: [0.1666579486543331, -0.16667564377953883, -9.479368545328562e-06, -8.756361384181246e-06] - [0.16658225842359892, 0.3332463467218551, -9.037428366134243e-05, -8.455859186806029e-05] - [0.16662838931116505, 0.8332938768242065, -4.078334418407759e-05, -3.831418032815962e-05] - [1.1533015503227389e-05, 1.1885501807321477e-05, 1.2204950813594815e-05, 1.1533012423225361e-05]
B1: 0.16669738429909425 - 0.666573024044162 - 0.16657261312623428 - 5.129685271243002e-05
B2: 0.16668818699089452 - 0.666690216996014 - 0.1666978386779077 - 2.2455691541030753e-05
