Number: 2247
Error: 3.85703689888971e-06
A1: [-9.52334444779742e-06, -9.105983728043986e-06, -7.634512533615621e-06, -9.333666112628238e-06] - [0.20830583672368766, 0.333306171997655, -0.041688777165945275, -2.6660895784544654e-05] - [0.16665502687868022, 0.6666555902805196, 0.16665745470870957, -1.1405759210959716e-05] - [-4.2672668929272745e-06, -3.809581302263612e-06, -3.351697816324532e-06, -4.263626827886616e-06]
A2: [0.16668734699744642, -0.16664534885241408, 2.1615998896669744e-05, 2.0640226944308265e-05] - [0.166694573497911, 0.3333621052755652, 2.8458429072661384e-05, 2.7749600641435184e-05] - [0.1666549266154801, 0.8333212323833041, -1.2697407869758469e-05, -1.177856222417022e-05] - [1.206736063294467e-05, 1.2436181054014806e-05, 1.2770435077011629e-05, 1.2067357651060552e-05]
B1: 0.16663115746653903 - 0.6665885049383526 - 0.16667554206556673 - -1.310506377890363e-05
B2: 0.16662270492235517 - 0.6666027680181006 - 0.16659121440487737 - -4.298385293873683e-05
