Number: 701
Error: 2.9957610407012377e-06
A1: [-4.148552916010922e-06, -3.471034207808585e-06, -2.4653572458223893e-06, -4.0886678859314785e-06] - [0.2083196953565333, 0.333322047283138, -0.04167413254891452, -1.3374164256347775e-05] - [0.16666169184287719, 0.666662442070483, 0.166663597489193, -4.9009752174783936e-06] - [-1.3254841552060554e-06, -1.1831233056366125e-06, -1.040676451684628e-06, -1.3243494790885035e-06]
A2: [0.16667845126234837, -0.16665460652574168, 1.2215234235710693e-05, 1.1772130519108222e-05] - [0.16669445624069273, 0.3333616885069448, 2.850048528052269e-05, 2.774072389990626e-05] - [0.16666722068548884, 0.8333338461676701, 3.864492816839687e-07, 5.420596718007945e-07] - [3.769234933740738e-06, 3.8844096390669295e-06, 3.988780243122389e-06, 3.7692328945217786e-06]
B1: 0.1666466517863968 - 0.6666461829184852 - 0.16668616365828226 - -1.2956648614413199e-05
B2: 0.16664077179836995 - 0.6666313704077526 - 0.16662632500462027 - -2.5586720439602515e-05
