Number: 1313
Error: 3.340365412523471e-06
A1: [-6.254143973507337e-06, -5.678187704908913e-06, -4.486683217705665e-06, -6.14289774817429e-06] - [0.20831429879546257, 0.3333158581269191, -0.04167982877923894, -1.8544412406181468e-05] - [0.16665907600049035, 0.6666597536939605, 0.1666611912342973, -7.453425117310483e-06] - [-2.49007319657862e-06, -2.22288820742001e-06, -1.9555606987776825e-06, -2.4879445710277204e-06]
A2: [0.16668197658813363, -0.16665093821636762, 1.5939882526365264e-05, 1.5286515031983914e-05] - [0.16669451104644414, 0.33336186092813685, 2.8490316011091176e-05, 2.7752628094917278e-05] - [0.16666235447253389, 0.8333288532170793, -4.792751822742843e-06, -4.334662613903439e-06] - [7.054424245452739e-06, 7.270016638998661e-06, 7.465393224944511e-06, 7.054421196416588e-06]
B1: 0.16664057069483384 - 0.6666234034766846 - 0.16668201384993048 - -1.2962843851699836e-05
B2: 0.16663341995779754 - 0.6666199179221789 - 0.16661237040968022 - -3.267343987343049e-05
