Number: 1603
Error: 3.501572140646588e-06
A1: [-7.2632811364243e-06, -6.736218249229633e-06, -5.457432216369356e-06, -7.12768720785192e-06] - [0.20831169533871813, 0.3333128760239652, -0.04168258039260085, -2.1040587494080906e-05] - [0.16665782478928978, 0.6666584673503635, 0.16666003780030345, -8.674588518237563e-06] - [-3.041896981690548e-06, -2.7155629991381003e-06, -2.3890653518202247e-06, -3.0392983645436277e-06]
A2: [0.16668364625682103, -0.16664920062209312, 1.7704348371428698e-05, 1.6950999238173164e-05] - [0.1666945373990826, 0.33336194358314897, 2.8487013392671426e-05, 2.7758650701301395e-05] - [0.16666004952020072, 0.833326488319446, -7.245801886025411e-06, -6.644595538493187e-06] - [8.610996488491909e-06, 8.874168058802282e-06, 9.112666381964075e-06, 8.610993250828774e-06]
B1: 0.16663763767693554 - 0.6666125612262227 - 0.16668000211309855 - -1.3017233045659919e-05
B2: 0.16663005670729455 - 0.666614575309776 - 0.16660580361757824 - -3.591105948038049e-05
