Number: 3022
Error: 6.520733649373403e-06
A1: [-6.506220445170902e-06, -6.9049244434846574e-06, -5.885849633336105e-06, -6.256519701026588e-06] - [0.20832535689570514, 0.3333216134601624, -0.041675787567303134, -6.877114570654693e-06] - [0.16665918835958954, 0.666658812026815, 0.16666018545297284, -7.170478228286306e-06] - [-5.742422837004642e-06, -5.126591780411053e-06, -4.5105448646805244e-06, -5.737533038694286e-06]
A2: [0.16666296505761344, -0.16667042246525762, -4.176897640353939e-06, -3.755593019427852e-06] - [0.16658228201988504, 0.3332465407345952, -9.0438779641838e-05, -8.459631495063168e-05] - [0.1666214296039718, 0.8332867365982637, -4.818916948756843e-05, -4.528891348863465e-05] - [1.62232810141887e-05, 1.671913071630343e-05, 1.716852696515147e-05, 1.622327957361807e-05]
B1: 0.1666885563155914 - 0.6665403225081179 - 0.1665664847238265 - 5.11439772309815e-05
B2: 0.16667820194003585 - 0.6666742243471758 - 0.1666781134728471 - 1.2849541810886709e-05
