Number: 1844
Error: 7.168475816583621e-06
A1: [-2.40251744739293e-06, -2.6023116380333847e-06, -1.937435608283195e-06, -2.251715928040212e-06] - [0.20833595007151126, 0.33333374617806033, -0.04166458957745817, 3.2802711223987177e-06] - [0.16666427624975835, 0.6666640428744475, 0.1666648767635599, -2.2046319040772237e-06] - [-3.5005178119260934e-06, -3.1250174461590204e-06, -2.749338692866922e-06, -3.4975290656881468e-06]
A2: [0.16665619835419965, -0.16667746524489574, -1.1328939495771399e-05, -1.0501223245237255e-05] - [0.1665822322401901, 0.33324626156223564, -9.036919137040962e-05, -8.456344842468013e-05] - [0.16663080644006362, 0.8332963567799656, -3.821096549700509e-05, -3.589182604533519e-05] - [9.901435638050723e-06, 1.0204050466535415e-05, 1.0478297736397447e-05, 9.901432389226309e-06]
B1: 0.16670050627256433 - 0.6665844394134934 - 0.1665747743317447 - 5.140128344053075e-05
B2: 0.16669171741122765 - 0.666695795013795 - 0.16670467067201902 - 2.5854324423996782e-05
