Number: 1234
Error: 7.508030764222402e-06
A1: [-2.7760369843024125e-07, -3.744446957374161e-07, 1.0694198987941284e-07, -1.7801951890905408e-07] - [0.20834143472704175, 0.33334002780010674, -0.041658792304510917, 8.539251551369365e-06] - [0.1666669107306713, 0.6666667513194944, 0.16666730570031144, 3.666416065125002e-07] - [-2.3394911154601357e-06, -2.0884419223809416e-06, -1.8372567398178334e-06, -2.337490863923896e-06]
A2: [0.1666526859870616, -0.16668112055690476, -1.5040792227296167e-05, -1.4002678009078588e-05] - [0.16658217521118035, 0.3332460858687665, -9.036411579725806e-05, -8.457768598279707e-05] - [0.16663565443047199, 0.8333013308161149, -3.305150209935448e-05, -3.1033352115074564e-05] - [6.627258536860193e-06, 6.8297931736712685e-06, 7.013335509155237e-06, 6.6272555746059835e-06]
B1: 0.16670668084811077 - 0.6666072493047256 - 0.16657900759558675 - 5.1520663960668585e-05
B2: 0.16669877939647662 - 0.6667070273152128 - 0.1667184840983777 - 3.265187926704766e-05
