Number: 2940
Error: 6.5655336563236015e-06
A1: [-6.21903940799779e-06, -6.603813159331644e-06, -5.609307446117807e-06, -5.9762240539423305e-06] - [0.2083261004414147, 0.3333224645180246, -0.0416750012242011, -6.1639088810438466e-06] - [0.16665954406509903, 0.6666591777705608, 0.16666051373162225, -6.823268778903126e-06] - [-5.586374241450322e-06, -4.987272388938475e-06, -4.387955402016064e-06, -5.5816164398336635e-06]
A2: [0.1666624951058625, -0.16667091164556766, -4.67369757923865e-06, -4.224077885857942e-06] - [0.16658228232344519, 0.3332465250383649, -9.043023794753151e-05, -8.459025801921462e-05] - [0.16662208315904656, 0.8332874070885091, -4.7493761964138406e-05, -4.463394846655568e-05] - [1.5783266484899242e-05, 1.6265666693850474e-05, 1.6702871584559666e-05, 1.5783264817814403e-05]
B1: 0.16668938074206038 - 0.6665433884736116 - 0.16656705940483932 - 5.1154518089295984e-05
B2: 0.1666791351201647 - 0.6666757230214875 - 0.16667996429315193 - 1.3747171924795312e-05
