Number: 2775
Error: 4.146297950541982e-06
A1: [-1.1360455573957075e-05, -1.1032148128076317e-05, -9.401826298050247e-06, -1.1126452638011506e-05] - [0.2083010970970238, 0.3333007427791201, -0.041693787001533825, -3.120520834863545e-05] - [0.1666527489534809, 0.6666532483413338, 0.16665535464856931, -1.362898695193487e-05] - [-5.271859318587849e-06, -4.7064829192288e-06, -4.140893574910136e-06, -5.267367701936164e-06]
A2: [0.1666903785189256, -0.16664219364542956, 2.4820168285920277e-05, 2.366230920663008e-05] - [0.1666945900494777, 0.33336222445953956, 2.8421284207169007e-05, 2.7729132451030956e-05] - [0.16665072236136041, 0.8333169190234722, -1.717123124007131e-05, -1.5991887688652744e-05] - [1.4900826102274896e-05, 1.535625501199431e-05, 1.5769012007680106e-05, 1.4900824023983989e-05]
B1: 0.16662580054455808 - 0.6665687260122107 - 0.16667181629798572 - -1.3221325287324204e-05
B2: 0.16661664658869327 - 0.6665931059453466 - 0.16657932343153747 - -4.8813433761129386e-05
