Number: 2057
Error: 3.752452848986776e-06
A1: [-8.846701430006966e-06, -8.396419706381004e-06, -6.981239209394127e-06, -8.672988745459101e-06] - [0.20830760491130304, 0.33330819185021454, -0.041686904721799395, -2.4963053162489325e-05] - [0.1666558623095386, 0.6666564496286634, 0.16665822789133408, -1.059002745352255e-05] - [-3.90575409860176e-06, -3.4868215381103724e-06, -3.0676993629583037e-06, -3.902420969500847e-06]
A2: [0.16668625753822047, -0.16664648295341003, 2.0464141018197773e-05, 1.9554164305018883e-05] - [0.16669456984316683, 0.3333620643416691, 2.847338997801739e-05, 2.7759266332743433e-05] - [0.16665643917581208, 0.8333227841636434, -1.1087929133586432e-05, -1.0262738086102058e-05] - [1.1047664721670402e-05, 1.1385316729770295e-05, 1.1691320358045256e-05, 1.1047661567519445e-05]
B1: 0.16663303710583155 - 0.6665955733430711 - 0.16667683245370135 - -1.3111368346957662e-05
B2: 0.16662483607931555 - 0.6666062444440005 - 0.1665955440440173 - -4.093500560676516e-05
