Number: 1719
Error: 3.5658773570592855e-06
A1: [-7.68604418723705e-06, -7.179618703523017e-06, -5.8670008453750496e-06, -7.5406930631603175e-06] - [0.2083105769713359, 0.33331160184683567, -0.04168376672632669, -2.211596896400243e-05] - [0.1666573049879131, 0.6666579324043548, 0.16665955492442838, -9.18235270192913e-06] - [-3.262620689626271e-06, -2.9126265673435966e-06, -2.5624613217782062e-06, -3.2598342545071085e-06]
A2: [0.16668431064365652, -0.1666485088999554, 1.840699403539504e-05, 1.761331242670261e-05] - [0.16669453864691924, 0.3333619677939729, 2.84773096725575e-05, 2.7751766855062184e-05] - [0.16665912637162175, 0.8333255412486228, -8.22807456456547e-06, -7.569736359054842e-06] - [9.233611056118824e-06, 9.51581379625844e-06, 9.771560712810235e-06, 9.233607795795092e-06]
B1: 0.16663652296785036 - 0.6666082795089868 - 0.1666792491800581 - -1.2980452532658957e-05
B2: 0.16662878213684018 - 0.6666124493808856 - 0.16660312509758396 - -3.7135382019516934e-05
