Number: 2420
Error: 6.850646392106565e-06
A1: [-4.391399895974097e-06, -4.6874640324090335e-06, -3.848399048045854e-06, -4.1922555890077845e-06] - [0.20833084169195454, 0.3333278890265702, -0.04166998564958967, -1.6150869609393385e-06] - [0.166661806323805, 0.6666615040546386, 0.1666626027835485, -4.6148966826399115e-06] - [-4.5967684175543855e-06, -4.103754711231939e-06, -3.610537016709908e-06, -4.59284882890065e-06]
A2: [0.16665951314866645, -0.16667401560248368, -7.826031531361234e-06, -7.1967328575242864e-06] - [0.16658227618803362, 0.33324641728410404, -9.038443324829402e-05, -8.45599100699437e-05] - [0.1666262252987771, 0.8332916566029639, -4.308625453333981e-05, -4.048286851550345e-05] - [1.2992769905648568e-05, 1.3389875461443802e-05, 1.3749766954626852e-05, 1.2992767152421614e-05]
B1: 0.1666945971997049 - 0.6665628127519189 - 0.1665706777012348 - 5.120959826812095e-05
B2: 0.16668503804039853 - 0.6666852321732173 - 0.16669172785524514 - 1.9424658764183688e-05
