Number: 465
Error: 2.8593647607841875e-06
A1: [-3.3432056889537133e-06, -2.627192462068476e-06, -1.6938499552245212e-06, -3.303120891904551e-06] - [0.2083217489374747, 0.3333244038822141, -0.04167196866888392, -1.1407829199632844e-05] - [0.16666269349484494, 0.6666634710569189, 0.16666451703654694, -3.923763572771454e-06] - [-8.763786208984936e-07, -7.821519820296777e-07, -6.878656028593418e-07, -8.756280210920436e-07]
A2: [0.16667709690374669, -0.16665601578425127, 1.0784475498591582e-05, 1.0421991165013983e-05] - [0.166694458552828, 0.3333616463454162, 2.8529552140970895e-05, 2.7759579066978792e-05] - [0.16666910375618757, 0.8333357783115002, 2.39059564949411e-06, 2.429182460825271e-06] - [2.5022808118208606e-06, 2.578728635804098e-06, 2.648003499934987e-06, 2.5022793762894586e-06]
B1: 0.16664880423520187 - 0.6666547950927495 - 0.16668761185389483 - -1.314669053052569e-05
B2: 0.16664380538719503 - 0.6666359630777077 - 0.16663185841441563 - -2.2655365976205835e-05
