Number: 1138
Error: 7.561844300724972e-06
A1: [5.0113908946170324e-08, -3.091749702109222e-08, 4.2119768002513776e-07, 1.4164378374055556e-07] - [0.20834227085761453, 0.3333409877736474, -0.04165791014159647, 9.339891217870712e-06] - [0.16666731854797304, 0.6666671703812895, 0.16666768037464955, 7.645173996040278e-07] - [-2.156763984896746e-06, -1.9253005778970294e-06, -1.6937092991944707e-06, -2.1549195574069875e-06]
A2: [0.16665213193004774, -0.1666816970439909, -1.562610792444946e-05, -1.4555017657367974e-05] - [0.1665821628545921, 0.33324605502826327, -9.036630917092653e-05, -8.458330848357321e-05] - [0.16663641697263623, 0.8333021132237382, -3.223988380445658e-05, -3.0269160281659616e-05] - [6.1119445526210654e-06, 6.298727767133775e-06, 6.467994741238001e-06, 6.111941711188576e-06]
B1: 0.1667076635225285 - 0.6666108488856519 - 0.1665796823650228 - 5.155038990307468e-05
B2: 0.16669992549578302 - 0.6667088087410811 - 0.16672064955991833 - 3.375636388114225e-05
