Number: 2265
Error: 3.866882875618294e-06
A1: [-9.568274599013427e-06, -9.152955837559655e-06, -7.675075542718413e-06, -9.377102122042832e-06] - [0.20830574642765798, 0.3333060621969163, -0.04168886866665285, -2.6744601564367066e-05] - [0.16665496710465658, 0.666655529329095, 0.16665740300808163, -1.146368559130919e-05] - [-4.301517133759192e-06, -3.840160828453795e-06, -3.378605922175145e-06, -4.297848002330326e-06]
A2: [0.166687453437455, -0.1666452383451719, 2.1728017279716926e-05, 2.0746345029138846e-05] - [0.16669458223703287, 0.3333621171203022, 2.846452683975287e-05, 2.775707726065951e-05] - [0.1666547842731554, 0.8333210862738812, -1.2849038629674595e-05, -1.192121389493636e-05] - [1.2163951314932423e-05, 1.2535724184247149e-05, 1.2872654274698415e-05, 1.2163948353544544e-05]
B1: 0.16663091653161874 - 0.6665877751711218 - 0.1666753624058293 - -1.316738540249081e-05
B2: 0.16662243774528618 - 0.6666024331586987 - 0.1665908617795146 - -4.324322651396368e-05
