Number: 2574
Error: 6.766030803583577e-06
A1: [-4.9301883638207996e-06, -5.2523859809505025e-06, -4.367147024307151e-06, -4.718112829812494e-06] - [0.20832944753087615, 0.33332629307641476, -0.04167145992847253, -2.9522684814637946e-06] - [0.1666611388472349, 0.6666608177575296, 0.16666198688743553, -5.266416400860942e-06] - [-4.88985034776648e-06, -4.365418196865747e-06, -3.840777576505397e-06, -4.885682308960794e-06]
A2: [0.16666039719688058, -0.16667309544339856, -6.891567700769568e-06, -6.31543953966545e-06] - [0.16658228103088377, 0.3332464521676603, -9.039508718446656e-05, -8.456587165329917e-05] - [0.16662499918903495, 0.8332903986871205, -4.4390967790507524e-05, -4.17116257747986e-05] - [1.3819215002774057e-05, 1.4241581834958232e-05, 1.4624370413653571e-05, 1.3819212508055616e-05]
B1: 0.16669304277397495 - 0.6665570523522155 - 0.166569600170032 - 5.118375150740404e-05
B2: 0.16668327984575035 - 0.66668241370862 - 0.16668824989130906 - 1.7733226582215814e-05
