Number: 1887
Error: 3.658726600787455e-06
A1: [-8.265224741552376e-06, -7.786832415747232e-06, -6.4233632749402444e-06, -8.105774432515167e-06] - [0.20830909053817073, 0.33330989722953547, -0.04168533665720456, -2.3540274842487583e-05] - [0.1666565856091652, 0.6666571929672287, 0.16665889277105725, -9.884330728794512e-06] - [-3.5822871020401184e-06, -3.1980276140287205e-06, -2.8135872092396274e-06, -3.5792288308648187e-06]
A2: [0.16668527816437842, -0.16664750206812065, 1.9429353261001228e-05, 1.8577829697576236e-05] - [0.166694553967161, 0.3333620156445263, 2.8475273438284413e-05, 2.7755309016572538e-05] - [0.16665779080876694, 0.8333241709532629, -9.649444900888484e-06, -8.908184896305532e-06] - [1.0135286700822698e-05, 1.0445050530916422e-05, 1.0725777358893264e-05, 1.0135283461214604e-05]
B1: 0.16663479814052304 - 0.6666019720474642 - 0.16667805630591542 - -1.303771514240164e-05
B2: 0.16662682698580783 - 0.6666093643624685 - 0.16659934859111541 - -3.901775048844421e-05
