Number: 967
Error: 3.1465887943426933e-06
A1: [-5.05929443382485e-06, -4.4255917028665336e-06, -3.338817033100263e-06, -4.977089660498725e-06] - [0.20831736787107058, 0.333319376604265, -0.041676587675838754, -1.5603301524158207e-05] - [0.1666605594744536, 0.6666612784965463, 0.1666625568624077, -6.005794296690306e-06] - [-1.8316696714369277e-06, -1.6350553751836505e-06, -1.4383285009644475e-06, -1.8301026293396223e-06]
A2: [0.1666799829909245, -0.16665301273525676, 1.383342831005606e-05, 1.3299103534112242e-05] - [0.16669447644561497, 0.33336175954105146, 2.8491877650375154e-05, 2.7742282356674967e-05] - [0.16666510437826096, 0.8333316747150955, -1.8660107063267405e-06, -1.5788151020375023e-06] - [5.1971606328977485e-06, 5.355982522466148e-06, 5.4999087756213146e-06, 5.197158053962056e-06]
B1: 0.1666440495846159 - 0.6666363189024982 - 0.16668439302667687 - -1.2918475974978846e-05
B2: 0.16663751377370276 - 0.666626344328788 - 0.16662022662545423 - -2.87295132510726e-05
