Number: 1936
Error: 7.117540500147343e-06
A1: [-2.725364826477055e-06, -2.940825793394445e-06, -2.2484169865386875e-06, -2.5668367345802483e-06] - [0.2083351133033682, 0.33333278864805427, -0.041665474625793945, 2.4775476905494444e-06] - [0.16666387651520218, 0.6666636318434833, 0.1666645077433683, -2.594831829989715e-06] - [-3.6756164474354893e-06, -3.2813464536574256e-06, -2.886893045940065e-06, -3.6724788599812056e-06]
A2: [0.16665672728816858, -0.1666769147288119, -1.0769870576983568e-05, -9.973935069538449e-06] - [0.16658223835211672, 0.33324628564032927, -9.037230286466405e-05, -8.456379058347465e-05] - [0.16663007480295855, 0.8332956061434413, -3.8989557323905696e-05, -3.6625044459288236e-05] - [1.0395213277115317e-05, 1.071292110629511e-05, 1.1000847988797962e-05, 1.0395210057467925e-05]
B1: 0.1666995792220558 - 0.6665810021305802 - 0.16657413731069481 - 5.138745892819056e-05
B2: 0.16669066630206955 - 0.6666941074986489 - 0.16670258600892207 - 2.4843097363992485e-05
