Number: 2403
Error: 3.942685671644198e-06
A1: [-1.0064507450638474e-05, -9.673367829976422e-06, -8.154871964187524e-06, -9.861734509985958e-06] - [0.2083044429158665, 0.3333045748137079, -0.041690250070764275, -2.7997002787862992e-05] - [0.1666543554916837, 0.6666549000726288, 0.16665683606045342, -1.2060986632077283e-05] - [-4.5640840875381036e-06, -4.074580740866085e-06, -3.584873834653165e-06, -4.560192211566858e-06]
A2: [0.16668824347592953, -0.166644415842988, 2.2563459761713707e-05, 2.1533916550003508e-05] - [0.16669458110378607, 0.33336214316996615, 2.8450095021606442e-05, 2.7746269079575395e-05] - [0.1666536850231235, 0.8333199585508815, -1.4018654732186599e-05, -1.3022834593578588e-05] - [1.2904549524304228e-05, 1.3298959747323992e-05, 1.3656408237326933e-05, 1.290454674438965e-05]
B1: 0.16662956789061564 - 0.6665826559691164 - 0.16667443786932884 - -1.3146242956286829e-05
B2: 0.16662090785524156 - 0.6665999112739144 - 0.16658770446405358 - -4.471333445499143e-05
