Number: 2322
Error: 6.904543729726145e-06
A1: [-4.061597530429958e-06, -4.341765011633774e-06, -3.5328175564545814e-06, -3.870669783656084e-06] - [0.208331676260904, 0.3333288490505763, -0.0416691060094247, -8.167276386520771e-07] - [0.1666622178791348, 0.6666619268449123, 0.166662980030392, -4.213483308004765e-06] - [-4.410255782805174e-06, -3.937235468432896e-06, -3.464014535753809e-06, -4.406494394068057e-06]
A2: [0.16665894812560444, -0.16667460349510718, -8.422910763948195e-06, -7.760002796480299e-06] - [0.16658226647051508, 0.333246388741147, -9.03836895849944e-05, -8.456275214068987e-05] - [0.16662700467179234, 0.8332924562515684, -4.225678838502131e-05, -3.9701810786793666e-05] - [1.2466837915788326e-05, 1.2847867692238604e-05, 1.3193188114736125e-05, 1.2466835025745573e-05]
B1: 0.16669562976317945 - 0.6665665193408167 - 0.16657140171902937 - 5.126945465777802e-05
B2: 0.166686202287677 - 0.6666870303977499 - 0.16669390278520654 - 2.0546419551512648e-05
