Number: 2824
Error: 6.628961753198924e-06
A1: [-5.820378089114443e-06, -6.1858715783596734e-06, -5.226548509647563e-06, -5.58729587016353e-06] - [0.20832712168969272, 0.33332363613981125, -0.04167392286781862, -5.185551604111104e-06] - [0.16666003958337208, 0.666659687058425, 0.16666096958818394, -6.33976218970345e-06] - [-5.36561799749271e-06, -4.79018174979316e-06, -4.214531873469668e-06, -5.3610470103708175e-06]
A2: [0.16666182878266178, -0.16667160510663653, -5.377870199168399e-06, -4.888325976076394e-06] - [0.16658227854619284, 0.3332464987952135, -9.042201489552524e-05, -8.458589645262363e-05] - [0.16662300710317304, 0.8332883550099324, -4.651057024255324e-05, -4.370800984582864e-05] - [1.51607952908375e-05, 1.5624168998111473e-05, 1.604412739548011e-05, 1.5160793328972006e-05]
B1: 0.16669057282363295 - 0.666547749805786 - 0.1665678947174374 - 5.119525984840415e-05
B2: 0.16668048156433005 - 0.6666778457471959 - 0.16668256019106797 - 1.5043325040081722e-05
