Number: 1507
Error: 3.448320540840931e-06
A1: [-6.935698426437976e-06, -6.392810487871031e-06, -5.143277363332679e-06, -6.8081581418397256e-06] - [0.2083125311034111, 0.3333138356824548, -0.04168169848340464, -2.02403115646888e-05] - [0.1666582324439264, 0.6666588862706252, 0.1666604123596552, -8.27687430907513e-06] - [-2.859225680160041e-06, -2.5524718491373497e-06, -2.245560957224995e-06, -2.8567825767355814e-06]
A2: [0.16668309250904517, -0.16664977680277923, 1.711932795520651e-05, 1.6398967749901263e-05] - [0.16669452603555804, 0.33336191371688884, 2.8485745964272797e-05, 2.7754017387247965e-05] - [0.16666081225993787, 0.833327270918331, -6.434004869866954e-06, -5.880206955068654e-06] - [8.095730518493026e-06, 8.343152152299562e-06, 8.56737592599839e-06, 8.095727322423217e-06]
B1: 0.166638632068682 - 0.6666161730275455 - 0.1666806899395801 - -1.2975743005821247e-05
B2: 0.16663118954322542 - 0.6666163432184056 - 0.16660795550336757 - -3.481981371983611e-05
