Number: 1949
Error: 3.6929440235812403e-06
A1: [-8.481243462770093e-06, -8.013324960064726e-06, -6.631217835680368e-06, -8.316587765779129e-06] - [0.20830853281223277, 0.3333092584659193, -0.041685926233160725, -2.40750642323571e-05] - [0.16665631782600657, 0.666656917651733, 0.16665864584640386, -1.014569012184955e-05] - [-3.700257697908547e-06, -3.3033526040809226e-06, -2.9062632802288075e-06, -3.69709915982929e-06]
A2: [0.16668563472938255, -0.16664713097605457, 1.980619645769286e-05, 1.8933286303560862e-05] - [0.16669455820275583, 0.33336203193745645, 2.847321158170655e-05, 2.7755197938774374e-05] - [0.1666572977065559, 0.8333236650396684, -1.0174200610175679e-05, -9.40235208738688e-06] - [1.0468041848668445e-05, 1.0787976831440055e-05, 1.107792236044217e-05, 1.0468038632710914e-05]
B1: 0.16663416887464547 - 0.6665996509541793 - 0.1666776220879721 - -1.3051569398115227e-05
B2: 0.16662611402616354 - 0.6666082273334714 - 0.1665979488827218 - -3.970385028925252e-05
