Number: 1839
Error: 3.6321934094451326e-06
A1: [-8.089477231415012e-06, -7.602498539983651e-06, -6.252981550717679e-06, -7.934065076645713e-06] - [0.20830955658568187, 0.3333104279392784, -0.04168484210604709, -2.309201753420099e-05] - [0.16665680152063894, 0.6666574151928985, 0.16665909349892924, -9.673400772730971e-06] - [-3.490955183107747e-06, -3.1164861093476215e-06, -2.7418387952291368e-06, -3.4879745568968096e-06]
A2: [0.1666850035209411, -0.16664778803009192, 1.913886305982688e-05, 1.830404431285694e-05] - [0.16669455431810015, 0.3333620064722985, 2.8480111711204277e-05, 2.7759024854881597e-05] - [0.16665817296544333, 0.8333245630057362, -9.242829308220214e-06, -8.525203793320971e-06] - [9.87766260858388e-06, 1.0179551782156025e-05, 1.0453141396415885e-05, 9.877659356589309e-06]
B1: 0.1666352573099699 - 0.666603742168294 - 0.1666783667524981 - -1.3055019182631398e-05
B2: 0.1666273502502123 - 0.666610242454061 - 0.16660045802564846 - -3.851527834869658e-05
