Number: 1952
Error: 7.108723368406855e-06
A1: [-2.7679651753397864e-06, -2.985389968998831e-06, -2.2874323552315433e-06, -2.6081063129271518e-06] - [0.2083350223443675, 0.3333326797505242, -0.041665567855556106, 2.392457267141327e-06] - [0.16666382068763033, 0.666663574819973, 0.16666445879434957, -2.6490143201366516e-06] - [-3.706071498389726e-06, -3.308537408634943e-06, -2.910819066849809e-06, -3.7029080287754185e-06]
A2: [0.16665682158021597, -0.16667681679775478, -1.0670572382672981e-05, -9.879929250950512e-06] - [0.16658224541387504, 0.33324629552511964, -9.036746416062858e-05, -8.455785129348239e-05] - [0.16662994825687139, 0.8332954762567423, -3.9124344245491474e-05, -3.6751865563073555e-05] - [1.0481086543134814e-05, 1.0801419225629536e-05, 1.1091725171222726e-05, 1.0481083330525558e-05]
B1: 0.16669937334807128 - 0.6665803616700938 - 0.16657398582291486 - 5.134036966094497e-05
B2: 0.16669043746178752 - 0.6666938102184023 - 0.16670226421509596 - 2.4621194644189676e-05
