Number: 1142
Error: 7.559623547332732e-06
A1: [4.544657742083085e-08, -3.573873753246074e-08, 4.1810073669705347e-07, 1.3730344372463355e-07] - [0.2083422722190644, 0.3333409860076988, -0.041657906633423086, 9.342696817740715e-06] - [0.16666731063956608, 0.6666671625144284, 0.16666767486716674, 7.570145356691302e-07] - [-2.1643793411882564e-06, -1.932099954472857e-06, -1.6996923493683425e-06, -2.1625284179244714e-06]
A2: [0.16665215655609428, -0.16668167155927288, -1.5600335212007095e-05, -1.45304631695694e-05] - [0.16658216739448847, 0.3332460601381356, -9.03626037538825e-05, -8.457904917738979e-05] - [0.16663638567228578, 0.8333020810714896, -3.227327870359626e-05, -3.0300529367950182e-05] - [6.13341604876332e-06, 6.3208555849343525e-06, 6.490717375333869e-06, 6.133413201925878e-06]
B1: 0.16670759296682086 - 0.6666106706342773 - 0.16657962732334797 - 5.1519516309664475e-05
B2: 0.16669984711755753 - 0.666708731914269 - 0.16672058628979838 - 3.3679720284490446e-05
