Number: 1769
Error: 3.5934881727286155e-06
A1: [-7.840164687964823e-06, -7.341056726335783e-06, -6.012279175600275e-06, -7.690634848395427e-06] - [0.20831020810086687, 0.33331117217208434, -0.04168415218580838, -2.2466419531341563e-05] - [0.166657109332614, 0.6666577318161685, 0.1666593783740763, -9.372846825928453e-06] - [-3.357761390534546e-06, -2.9975697938950626e-06, -2.6372040347566435e-06, -3.3548940282296224e-06]
A2: [0.16668460174265728, -0.16664820625557034, 1.871409645172343e-05, 1.7903517408226928e-05] - [0.16669455146937143, 0.3333619898913454, 2.8484128293023944e-05, 2.7761083432660094e-05] - [0.1666587298561059, 0.8333251343467015, -8.650230190062504e-06, -7.967110817646766e-06] - [9.501960282955768e-06, 9.792365550917497e-06, 1.0055546761299982e-05, 9.501957022147994e-06]
B1: 0.166635949887936 - 0.6666063453419694 - 0.16667884000935865 - -1.3057282187289791e-05
B2: 0.1666281375524507 - 0.6666115254329007 - 0.1666020553971969 - -3.7758300014974954e-05
