Number: 585
Error: 2.9291169624707826e-06
A1: [-3.748506688557557e-06, -3.051793142320602e-06, -2.081396287630261e-06, -3.6983579706439897e-06] - [0.20832072174897248, 0.33332322370905015, -0.04167304975632526, -1.2390671651835923e-05] - [0.16666218847136324, 0.666662952405874, 0.16666405430449627, -4.416363779227477e-06] - [-1.104738221266011e-06, -9.86036734752445e-07, -8.672618293123236e-07, -1.1037922714391005e-06]
A2: [0.16667778538274386, -0.16665529944876767, 1.1511684824732667e-05, 1.1108324750782468e-05] - [0.16669445549795234, 0.3333616657176307, 2.851252415849299e-05, 2.7748112422786716e-05] - [0.1666681455055607, 0.8333347950739797, 1.3707141459919986e-06, 1.4688714596466126e-06] - [3.1465019343483684e-06, 3.2426416239332812e-06, 3.329761892987042e-06, 3.1465001776006255e-06]
B1: 0.1666477234524205 - 0.6666504273174113 - 0.16668688442622512 - -1.3036405267215039e-05
B2: 0.1666422265758145 - 0.6666336047974224 - 0.16662903589539965 - -2.4182193073394193e-05
