Number: 611
Error: 2.9440855143147435e-06
A1: [-3.827053796011367e-06, -3.1340126004340273e-06, -2.1550783861352924e-06, -3.774733450179685e-06] - [0.20832053648555482, 0.3333230073531078, -0.04167324259071058, -1.2566362480011404e-05] - [0.16666208840031177, 0.666662849898635, 0.1666639644290499, -4.513752101326014e-06] - [-1.154215848175071e-06, -1.0302117001095885e-06, -9.061312583958118e-07, -1.1532275880539468e-06]
A2: [0.16667793639868203, -0.16665514246860763, 1.167094452009761e-05, 1.125887578302964e-05] - [0.16669446008171357, 0.3333616749824074, 2.851370862548349e-05, 2.7750873356717577e-05] - [0.16666793865294682, 0.8333345827895199, 1.150469555214817e-06, 1.2615723571204154e-06] - [3.2860757238674446e-06, 3.3864817596456412e-06, 3.4774683560644585e-06, 3.2860739013751994e-06]
B1: 0.16664745066871903 - 0.6666494446207657 - 0.16668669272629058 - -1.3051144815516696e-05
B2: 0.16664185942844298 - 0.6666330975950047 - 0.1666284584996709 - -2.453807503190933e-05
