Number: 2989
Error: 4.2629846598359995e-06
A1: [-1.2088942605789196e-05, -1.1795821346278633e-05, -1.0100213943174857e-05, -1.18369909011806e-05] - [0.20829924092161764, 0.3332986107537011, -0.041695745418128205, -3.2982286207349436e-05] - [0.16665184197138314, 0.6666523163277775, 0.16665452157405508, -1.4513817035223177e-05] - [-5.679010821442278e-06, -5.0699877738882624e-06, -4.460749007607907e-06, -5.6741746555156126e-06]
A2: [0.16669160848588174, -0.166640913688014, 2.611982693405725e-05, 2.4888450314333697e-05] - [0.16669459837955738, 0.3333622740236573, 2.840711271067597e-05, 2.7722457120939994e-05] - [0.1666490178299964, 0.8333151702273318, -1.8985110228746167e-05, -1.7700096269011626e-05] - [1.6049149002004133e-05, 1.6539677747480373e-05, 1.6984250851311127e-05, 1.6049147467685834e-05]
B1: 0.16662358124559926 - 0.6665606598750772 - 0.1666702546028938 - -1.3316680565098382e-05
B2: 0.16661414009711026 - 0.6665891889973502 - 0.16657455603234367 - -5.1227203213516736e-05
