Number: 1116
Error: 7.574251486227004e-06
A1: [1.476926838561124e-07, 7.154586768648348e-08, 5.182140241895579e-07, 2.3735524683574212e-07] - [0.2083425529997509, 0.333341303376304, -0.04165760729271368, 9.61381336482004e-06] - [0.1666674347227978, 0.6666672904077079, 0.16666779150307123, 8.783922078031424e-07] - [-2.114892938342055e-06, -1.8879181801525524e-06, -1.6608174664345284e-06, -2.1130842264510094e-06]
A2: [0.1666520088048646, -0.16668182549870825, -1.5756785030560813e-05, -1.4677749281992946e-05] - [0.16658217007535453, 0.33324605751484637, -9.035778256601725e-05, -8.457454451669472e-05] - [0.16663659290096844, 0.8333022936447249, -3.205283203407266e-05, -3.0092853909271088e-05] - [5.993850202304774e-06, 6.177023690151731e-06, 6.343019225479279e-06, 5.993847391438418e-06]
B1: 0.1667078140354846 - 0.6666116024621016 - 0.16657976902038843 - 5.1482457750956625e-05
B2: 0.16670011221742814 - 0.6667092111352538 - 0.1667212138748751 - 3.3933550574813254e-05
