Number: 696
Error: 7.812272044392803e-06
A1: [1.5978038424750198e-06, 1.5915584620042466e-06, 1.9108917490303977e-06, 1.65221231600184e-06] - [0.20834627636658312, 0.33334557155384564, -0.041653676555678074, 1.3181843117272844e-05] - [0.16666923520519014, 0.6666691408497832, 0.1666694485020686, 2.635362919128014e-06] - [-1.3154389251118975e-06, -1.174152554508086e-06, -1.0327808670017297e-06, -1.3143128509038414e-06]
A2: [0.16664959042545896, -0.1666843420371328, -1.8311990042252625e-05, -1.708861519430192e-05] - [0.16658213572211164, 0.33324594238207156, -9.034755377877867e-05, -8.457943719760565e-05] - [0.1666399331938976, 0.8333057209183284, -2.849770778714247e-05, -2.6745344358274635e-05] - [3.739241664350338e-06, 3.853499138765073e-06, 3.9570384963129535e-06, 3.7392396403147726e-06]
B1: 0.166711930134976 - 0.6666271804345536 - 0.1665825632809053 - 5.1429379266323884e-05
B2: 0.16670518246742808 - 0.6667171108725614 - 0.16673084601221513 - 3.8821741239151425e-05
