Number: 2725
Error: 4.118974356126441e-06
A1: [-1.1182408739154298e-05, -1.0845439404887105e-05, -9.229930933116843e-06, -1.095260701348405e-05] - [0.20830156235494304, 0.33330127426255707, -0.041693294308006425, -3.0758461559368436e-05] - [0.166652968786375, 0.6666534744679348, 0.16665555810289695, -1.3414337469660878e-05] - [-5.176730323495645e-06, -4.62155202741173e-06, -4.066161710895859e-06, -5.172319256836252e-06]
A2: [0.1666900923492753, -0.16664249156176378, 2.4517578776220302e-05, 2.3377033388557764e-05] - [0.16669459109904253, 0.3333622156997008, 2.842723091238637e-05, 2.773368766613607e-05] - [0.16665112089836448, 0.8333173278814391, -1.674718971476559e-05, -1.559249161455652e-05] - [1.4632515481932564e-05, 1.5079743162848047e-05, 1.5485066287044167e-05, 1.4632513291277664e-05]
B1: 0.1666262939137017 - 0.6665705862714069 - 0.1666721575980482 - -1.3224232268941677e-05
B2: 0.1666172056563024 - 0.6665940189947986 - 0.1665804609724071 - -4.827602745425821e-05
