Number: 668
Error: 7.828305342532378e-06
A1: [1.6786236936687746e-06, 1.676130697182598e-06, 1.986067262605168e-06, 1.7306970368694514e-06] - [0.20834646068628238, 0.3333457885437813, -0.04165348571180334, 1.3355868090634464e-05] - [0.1666693391902026, 0.6666692472506195, 0.16666954109152204, 2.7364624022433625e-06] - [-1.2621380799156978e-06, -1.126564157349484e-06, -9.90907906773097e-07, -1.261057566959846e-06]
A2: [0.16664942683583397, -0.1666845120263164, -1.848440654102733e-05, -1.7251703916424605e-05] - [0.16658212782725718, 0.33324592949714826, -9.035167140784461e-05, -8.458536806458986e-05] - [0.16664015543938196, 0.8333059490156725, -2.826103272748205e-05, -2.6522617800910257e-05] - [3.5889291806654075e-06, 3.6985920697212146e-06, 3.7979676042168003e-06, 3.588927222539518e-06]
B1: 0.16671224453291528 - 0.6666282578062803 - 0.1665827872252471 - 5.1465880135707624e-05
B2: 0.16670558458528645 - 0.6667176520964327 - 0.1667314504530003 - 3.9211721123093125e-05
