Number: 2082
Error: 7.0368551006679e-06
A1: [-3.2309168137727886e-06, -3.4708598289277108e-06, -2.734378295583273e-06, -3.060133644269705e-06] - [0.2083338127375803, 0.333331297968448, -0.04166684875301339, 1.2309828202189026e-06] - [0.16666324901719753, 0.666662986802423, 0.16666392975342018, -3.2072056757868563e-06] - [-3.95348858154455e-06, -3.5294321446760354e-06, -3.1051850490771243e-06, -3.950114917804694e-06]
A2: [0.16665756757117947, -0.16667604025301466, -9.88188111431193e-06, -9.136263859490655e-06] - [0.1665822500600913, 0.33324632571169566, -9.037553468850962e-05, -8.456232512588892e-05] - [0.1666289138320149, 0.8332944150039258, -4.022507906192088e-05, -3.7788524973494897e-05] - [1.1178799083181339e-05, 1.1520458280565943e-05, 1.18300938620061e-05, 1.11787959488852e-05]
B1: 0.1666980854110005 - 0.6665755249865931 - 0.166573104270918 - 5.1342865741706904e-05
B2: 0.16668897696137638 - 0.6666914293721622 - 0.16669929994654584 - 2.321704915755554e-05
