Number: 855
Error: 3.083320320635932e-06
A1: [-4.664630188159658e-06, -4.011828054873206e-06, -2.9585490092533466e-06, -4.591833872116869e-06] - [0.20831839300606572, 0.3333205488566386, -0.04167550356717407, -1.4619619415863687e-05] - [0.1666610476011549, 0.6666617804171265, 0.1666630076711533, -5.529278034852783e-06] - [-1.6185404286489227e-06, -1.4447700183625477e-06, -1.2708978363061937e-06, -1.6171553675753693e-06]
A2: [0.16667933952676345, -0.166653682438544, 1.3153337740826243e-05, 1.2657641631860139e-05] - [0.16669447107288102, 0.3333617324640811, 2.8498021678596768e-05, 2.7744760527347042e-05] - [0.16666599554731354, 0.8333325890597808, -9.176016839893698e-07, -6.857228994957957e-07] - [4.595932997331989e-06, 4.736377276296972e-06, 4.863648531905969e-06, 4.595930627039202e-06]
B1: 0.16664512410878218 - 0.666640451175504 - 0.16668511773915773 - -1.2955725717078432e-05
B2: 0.16663883444014813 - 0.666628444450083 - 0.16662281523192038 - -2.7457363152842858e-05
