Number: 1920
Error: 7.126423475222639e-06
A1: [-2.658796243584716e-06, -2.8709474631148363e-06, -2.182742063942697e-06, -2.501621877878715e-06] - [0.20833530080388965, 0.33333299950676865, -0.04166527401726791, 2.659087234037969e-06] - [0.16666395656640848, 0.66666371445047, 0.16666458363516243, -2.516448885268447e-06] - [-3.6451671416329894e-06, -3.254161571062927e-06, -2.8629734343073725e-06, -3.6420554325339026e-06]
A2: [0.16665663709898051, -0.16667700875927258, -1.0865480969188591e-05, -1.0063838035862346e-05] - [0.16658224200875846, 0.33324628594089317, -9.036751766651309e-05, -8.455901149476029e-05] - [0.16663020260494169, 0.8332957372217898, -3.88536466726945e-05, -3.649696746347183e-05] - [1.0309339377150457e-05, 1.062442236656198e-05, 1.0909970205542946e-05, 1.0309336151117874e-05]
B1: 0.16669970592698574 - 0.666581566993159 - 0.1665742167691772 - 5.135531450796566e-05
B2: 0.16669081370106095 - 0.6666943980699526 - 0.16670297992379188 - 2.4983561473081856e-05
