Number: 2037
Error: 3.741429859261231e-06
A1: [-8.775474506628502e-06, -8.321727315966917e-06, -6.912472163976988e-06, -8.60344243645717e-06] - [0.20830779104064348, 0.33330840447071286, -0.04168670761813714, -2.478432860840214e-05] - [0.166655950250976, 0.6666565400877249, 0.1666583092801325, -1.0504159645292689e-05] - [-3.867699691462041e-06, -3.4528464009271855e-06, -3.037804455845506e-06, -3.864398887114418e-06]
A2: [0.16668614282140512, -0.16664660236943027, 2.0342855883157505e-05, 1.9439805025540452e-05] - [0.16669456931858978, 0.3333620598929477, 2.8474825140344004e-05, 2.7760143887649576e-05] - [0.16665659835829422, 0.8333229474745639, -1.0918544671930638e-05, -1.0103212057612499e-05] - [1.0940326170983303e-05, 1.1274697224178446e-05, 1.1577727095452871e-05, 1.0940323003405427e-05]
B1: 0.16663323503885732 - 0.6665963173629255 - 0.1666769681520106 - -1.3111957466503777e-05
B2: 0.16662506054574613 - 0.6666066105205718 - 0.16659599993547083 - -4.0719203293023245e-05
