Number: 1733
Error: 3.573599534859312e-06
A1: [-7.726320016138165e-06, -7.221782114044349e-06, -5.904478274621783e-06, -7.579801607372256e-06] - [0.20831048527723744, 0.3333114937774443, -0.04168386176579239, -2.2202516585035574e-05] - [0.16665725311195217, 0.666657879310321, 0.16665950872407642, -9.232786313409833e-06] - [-3.2892603337228782e-06, -2.9364110046786606e-06, -2.5833896901055956e-06, -3.286451236763255e-06]
A2: [0.1666843926539299, -0.16664842368108101, 1.849343563922377e-05, 1.7695072353552893e-05] - [0.16669454356819766, 0.33336197524903827, 2.8480419507936525e-05, 2.775570640894956e-05] - [0.16665901550823606, 0.833325427469496, -8.34613285058646e-06, -7.680840267210498e-06] - [9.30874756663157e-06, 9.593246978861227e-06, 9.851075462056154e-06, 9.30874430565097e-06]
B1: 0.16663635281904943 - 0.6666077287195915 - 0.16667912585326233 - -1.3011658894228892e-05
B2: 0.16662859199724583 - 0.6666121899889019 - 0.16660283435849935 - -3.731945425293415e-05
