Number: 2638
Error: 6.730865963724871e-06
A1: [-5.172458320133674e-06, -5.50654766417759e-06, -4.603150538037114e-06, -4.9549912483098925e-06] - [0.2083287941892242, 0.3333255517215897, -0.04167215487068733, -3.5818596916342786e-06] - [0.16666084290129082, 0.6666605129481454, 0.16666171029335133, -5.555713301977147e-06] - [-5.011643944465829e-06, -4.474154498362141e-06, -3.936455013158398e-06, -5.007372710633711e-06]
A2: [0.16666076133277438, -0.16667271614550697, -6.506161693400258e-06, -5.952448529335411e-06] - [0.16658227438939982, 0.3332464584196046, -9.040732840429949e-05, -8.457700333636485e-05] - [0.16662448856651005, 0.8332898748959237, -4.493415499166275e-05, -4.2223348604865324e-05] - [1.4162665942810276e-05, 1.4595530717286063e-05, 1.4987834842999009e-05, 1.4162663571148642e-05]
B1: 0.1666924574820933 - 0.6665547160768194 - 0.16656920694202784 - 5.123375691068761e-05
B2: 0.16668261217871053 - 0.6666812481638311 - 0.16668674987968152 - 1.709330259325359e-05
