Number: 424
Error: 7.970264440210469e-06
A1: [2.5177092352159656e-06, 2.555309902349161e-06, 2.7907505870009114e-06, 2.54930440052905e-06] - [0.20834860934688906, 0.3333482517247184, -0.04165122056759421, 1.5414298433787934e-05] - [0.1666703813636879, 0.6666703179728215, 0.16667049894765104, 3.753359995949248e-06] - [-7.976714986193135e-07, -7.118788646826534e-07, -6.260314860036593e-07, -7.969882735511062e-07]
A2: [0.16664802846177085, -0.16668596719807885, -1.9961830263301108e-05, -1.864571298542935e-05] - [0.16658213652853338, 0.33324589214473005, -9.031539692091625e-05, -8.455955238771236e-05] - [0.1666421036980505, 0.8333079480146043, -2.6187572852831264e-05, -2.4570167120654806e-05] - [2.279038439202434e-06, 2.348662118570009e-06, 2.4117527654628662e-06, 2.2790371238568185e-06]
B1: 0.16671441298428144 - 0.6666371089070897 - 0.1665842350377303 - 5.121237571341052e-05
B2: 0.1667087316753887 - 0.6667224307478347 - 0.1667372218902438 - 4.225304624881992e-05
