Number: 403
Error: 2.822876349589316e-06
A1: [-3.1259183829811386e-06, -2.3995321143260957e-06, -1.4849333437945782e-06, -3.091040845112394e-06] - [0.2083223112840815, 0.33332504689962794, -0.04167137521864423, -1.0868424996925553e-05] - [0.1666629623348516, 0.6666637473497734, 0.16666476484902185, -3.661349907791901e-06] - [-7.583920557145798e-07, -6.768108784236961e-07, -5.95177298748267e-07, -7.577424342527616e-07]
A2: [0.16667674352946651, -0.16665638359239632, 1.0411001554077694e-05, 1.0069725291268984e-05] - [0.16669446781349778, 0.33336164394457557, 2.854586237125792e-05, 2.7773185547069957e-05] - [0.16666960034073575, 0.8333362878098024, 2.9190260697850335e-06, 2.9268314503919433e-06] - [2.169420918871722e-06, 2.2356942334319764e-06, 2.2957487041068587e-06, 2.1694196604385705e-06]
B1: 0.16664930697257813 - 0.6666570006126876 - 0.16668794099811773 - -1.3259340108306945e-05
B2: 0.1666446178954168 - 0.6666372026641536 - 0.16663336345622937 - -2.1869714402449175e-05
