Number: 1897
Error: 3.664249289657346e-06
A1: [-8.300839691406561e-06, -7.82418012566984e-06, -6.457748259874299e-06, -8.140549060295629e-06] - [0.20830899746845064, 0.3333097909143158, -0.04168543521372509, -2.362964213071263e-05] - [0.16665654163706137, 0.6666571477363382, 0.1666588520754887, -9.927265988439519e-06] - [-3.6013146049938587e-06, -3.215015478568959e-06, -2.8285348899748006e-06, -3.598240159859194e-06]
A2: [0.16668533554801077, -0.16664744233487438, 1.9490021006213155e-05, 1.8635034561666873e-05] - [0.1666945543244784, 0.33336201796376397, 2.8474650424201463e-05, 2.7754965282216875e-05] - [0.16665771124082568, 0.833324089321047, -9.73411394414369e-06, -8.987924601717137e-06] - [1.0188957560417563e-05, 1.0500361919225513e-05, 1.0782575648802718e-05, 1.0188954324043431e-05]
B1: 0.16663469917263232 - 0.6666016001028328 - 0.16667798859631153 - -1.3037420719479536e-05
B2: 0.1666267146137963 - 0.6666091811820706 - 0.16659912049993741 - -3.912579049286542e-05
