Number: 2912
Error: 6.580857167297494e-06
A1: [-6.114547858263583e-06, -6.49420369994819e-06, -5.507726416602508e-06, -5.874089785086318e-06] - [0.20832638023412806, 0.33332278247663133, -0.041674703909671505, -5.894500999693474e-06] - [0.1666596720235535, 0.6666593095215725, 0.16666063305423123, -6.698217664041415e-06] - [-5.5330910231219666e-06, -4.939701696741557e-06, -4.346097547666368e-06, -5.52837830306907e-06]
A2: [0.1666623357045114, -0.16667107766717665, -4.84237816753201e-06, -4.382978351893138e-06] - [0.16658228518485016, 0.3332465222930065, -9.042485777358496e-05, -8.458543206952254e-05] - [0.1666223066319651, 0.8332876363268426, -4.725603358545854e-05, -4.440999411235627e-05] - [1.5633015901522657e-05, 1.6110823556753355e-05, 1.6543865529116993e-05, 1.563301416054144e-05]
B1: 0.16668964120299745 - 0.6665444152115028 - 0.16656723632561332 - 5.113704818335803e-05
B2: 0.16667943191342188 - 0.6666762329584651 - 0.1666806156246648 - 1.403182719100752e-05
