Number: 312
Error: 8.03700458739932e-06
A1: [2.890609443028232e-06, 2.9457692212829665e-06, 3.146169666927189e-06, 2.9128165038752117e-06] - [0.20834954584187776, 0.33334932923409794, -0.04165023731746415, 1.6309424072474334e-05] - [0.1666708471502977, 0.6666707960331111, 0.16667092436801723, 4.207556368069936e-06] - [-5.844660990159503e-07, -5.215239511802008e-07, -4.585406834905611e-07, -5.839654094796444e-07]
A2: [0.16664738830084688, -0.16668663323069005, -2.0637881804973922e-05, -1.92838703028977e-05] - [0.16658215092947973, 0.3332458860610654, -9.028705687827043e-05, -8.453729582042516e-05] - [0.16664300146709102, 0.8333088692022163, -2.5232087865497117e-05, -2.3670473989055618e-05] - [1.677766128271236e-06, 1.729010787103623e-06, 1.7754460062467009e-06, 1.677765146950306e-06]
B1: 0.1667153362720015 - 0.6666411104892788 - 0.16658484915331936 - 5.102405905262773e-05
B2: 0.166710307182027 - 0.6667247161352127 - 0.16673992145607391 - 4.378000510560731e-05
