Number: 199
Error: 2.699967782567799e-06
A1: [-2.4506654277315164e-06, -1.6926694802253634e-06, -8.422655156002879e-07, -2.4328833999660695e-06] - [0.20832400098037396, 0.333326991958818, -0.041669603322275, -9.25406239177345e-06] - [0.16666380641761686, 0.666664613449278, 0.166665534731095, -2.838373406827111e-06] - [-3.7017731292314573e-07, -3.3020222646128346e-07, -2.9020025340526795e-07, -3.6986018205085086e-07]
A2: [0.16667558136153068, -0.16665759273821867, 9.183728061078355e-06, 8.911204656238974e-06] - [0.16669451109635325, 0.3333616504542284, 2.861550877583988e-05, 2.7830768408669874e-05] - [0.16667124010966808, 0.8333379703530324, 4.664132485408147e-06, 4.570102861442663e-06] - [1.0741802437918511e-06, 1.1069753534201665e-06, 1.1366913790381116e-06, 1.0741796179786901e-06]
B1: 0.16665088012635693 - 0.6666641948879175 - 0.16668897968830382 - -1.371074362337707e-05
B2: 0.1666475933374377 - 0.6666414580923149 - 0.16663835951151904 - -1.8982647130817156e-05
