Number: 226
Error: 8.089281600678351e-06
A1: [3.18535855011852e-06, 3.254373029447601e-06, 3.4282387324211032e-06, 3.200348858078707e-06] - [0.20835029855922635, 0.33335019175695174, -0.04164944564735736, 1.7030343720429893e-05] - [0.1666712131831501, 0.666671171880903, 0.1666712601852982, 4.564681494799507e-06] - [-4.207528652926988e-07, -3.753567730642985e-07, -3.299304609830427e-07, -4.203924145575242e-07]
A2: [0.16664690072544852, -0.16668714068093712, -2.1153044388281064e-05, -1.976990721924204e-05] - [0.16658217628612257, 0.3332458957474251, -9.025091628078012e-05, -8.450590725766066e-05] - [0.16664369399995546, 0.8333095797558309, -2.449516868323396e-05, -2.2976463744488735e-05] - [1.2160721052569947e-06, 1.2532042181812322e-06, 1.2868504767806186e-06, 1.2160713956626902e-06]
B1: 0.16671594477878168 - 0.6666440923176794 - 0.16658523948865298 - 5.0779045073113844e-05
B2: 0.16671154556476528 - 0.6667265253119488 - 0.16674207554437984 - 4.498111069957624e-05
