Number: 524
Error: 7.911633058269173e-06
A1: [2.183716201050244e-06, 2.2054861014104812e-06, 2.4720591475177876e-06, 2.223694606435438e-06] - [0.20834776872304334, 0.3333472846064229, -0.041652104115840416, 1.4610615929854904e-05] - [0.16666996430308148, 0.6666698898127204, 0.16667011764551246, 3.346648831929832e-06] - [-9.88030105464669e-07, -8.818353377117714e-07, -7.755741808900026e-07, -9.871839954741522e-07]
A2: [0.16664860217842467, -0.16668537031501937, -1.935594048756501e-05, -1.8073785265788536e-05] - [0.16658213287260829, 0.3332459070321614, -9.033101537072363e-05, -8.457022235190587e-05] - [0.1666413045752307, 0.8333071280424251, -2.7038114234026878e-05, -2.5371007937837448e-05] - [2.815883484870219e-06, 2.9019168336231482e-06, 2.97987838128156e-06, 2.815881891578664e-06]
B1: 0.16671352422561816 - 0.6666334792209351 - 0.16658363738069745 - 5.131617320874174e-05
B2: 0.16670738222552509 - 0.666720443716216 - 0.1667348608752534 - 4.094694296236108e-05
