Number: 451
Error: 2.8511148198136287e-06
A1: [-3.2786973539467894e-06, -2.559471614351723e-06, -1.6294916872161148e-06, -3.239803187845957e-06] - [0.20832193811884125, 0.3333246147836057, -0.04167176545745313, -1.1223887948910872e-05] - [0.16666276981001513, 0.6666635499343172, 0.16666459036188483, -3.848914453500198e-06] - [-8.497362362813539e-07, -7.583654215845957e-07, -6.669365072195555e-07, -8.490084352230434e-07]
A2: [0.16667701966874032, -0.16665609641066345, 1.0702430351914064e-05, 1.03450063325898e-05] - [0.1666944672222998, 0.3333616520316046, 2.8539093382490684e-05, 2.7769229419621793e-05] - [0.16666921660731213, 0.8333358940354265, 2.5105486171418564e-06, 2.5422738393167656e-06] - [2.4271113432576164e-06, 2.5012614753319266e-06, 2.5684541103435183e-06, 2.427109947055609e-06]
B1: 0.16664886906157603 - 0.6666552464665839 - 0.1666876415724308 - -1.3220866991316696e-05
B2: 0.16664393459554758 - 0.6666362368756533 - 0.16663224296446597 - -2.253221866535398e-05
