Number: 2470
Error: 6.823151082461762e-06
A1: [-4.569443133925698e-06, -4.874167273946638e-06, -4.020285645720704e-06, -4.366097372924828e-06] - [0.2083303765079213, 0.3333273576219213, -0.041670478254643054, -2.0617590812725528e-06] - [0.16666158646526774, 0.6666612779087793, 0.16666239931874446, -4.829571366381339e-06] - [-4.691924542216635e-06, -4.188709987341805e-06, -3.6852898798724383e-06, -4.687924269332779e-06]
A2: [0.16665979969888706, -0.1666737173014143, -7.523058302855439e-06, -6.911077083167132e-06] - [0.16658227657714283, 0.333246427496705, -9.038893223255827e-05, -8.456302886696357e-05] - [0.16662582709975007, 0.8332912480857994, -4.350995670304344e-05, -4.0881927110546744e-05] - [1.3261098981244214e-05, 1.3666406333690183e-05, 1.4033731981845694e-05, 1.3261096306150872e-05]
B1: 0.1666941024530047 - 0.6665609521157766 - 0.16657033717654748 - 5.121115419022658e-05
B2: 0.16668447779181292 - 0.6666843179780203 - 0.16669058930050806 - 1.8886085803079263e-05
