Number: 868
Error: 7.714162216280321e-06
A1: [9.887638867529702e-07, 9.530868895656626e-07, 1.3237629534247977e-06, 1.0576244298648971e-06] - [0.2083446905344753, 0.3333437593545098, -0.041655353815349294, 1.1659683920762395e-05] - [0.16666848257881792, 0.6666683669437483, 0.16666875299819792, 1.900570589925486e-06] - [-1.6428366193134862e-06, -1.4664585836710266e-06, -1.289977648656076e-06, -1.6414308240794624e-06]
A2: [0.1666505773195858, -0.16668331484515908, -1.7268854927935443e-05, -1.6104798022917767e-05] - [0.16658213918722703, 0.33324597914973664, -9.036187443700854e-05, -8.458803668464071e-05] - [0.16663856346289577, 0.8333043155782998, -2.995538839281195e-05, -2.8118030614762865e-05] - [4.662576747232961e-06, 4.80505757685718e-06, 4.934174463237579e-06, 4.66257435463365e-06]
B1: 0.1667103283023643 - 0.666620879294341 - 0.16658149207990844 - 5.1534953552140716e-05
B2: 0.1667031294979267 - 0.6667138520764304 - 0.1667268282046588 - 3.684332767175594e-05
