Number: 3012
Error: 6.52619776308238e-06
A1: [-6.470612905560839e-06, -6.867585386578347e-06, -5.851474095488174e-06, -6.2217524005111365e-06] - [0.2083254499300555, 0.33332171973755714, -0.04167568905015099, -6.787782471097357e-06] - [0.1666592323297613, 0.6666588572542442, 0.16666022614459533, -7.127544720610342e-06] - [-5.723392776386457e-06, -5.109601876337467e-06, -4.495595190208059e-06, -5.718519072338952e-06]
A2: [0.16666290785748755, -0.16667048201515838, -4.237381879255665e-06, -3.812614257241412e-06] - [0.16658228236126207, 0.3332465391121579, -9.043745963858518e-05, -8.459527194032283e-05] - [0.1666215093471622, 0.8332868184052459, -4.810432538961426e-05, -4.5208998351477516e-05] - [1.6169621074978038e-05, 1.666383060793291e-05, 1.711174011231564e-05, 1.616961960600015e-05]
B1: 0.16668865478873343 - 0.6665406944584666 - 0.1665665529795497 - 5.114319485950262e-05
B2: 0.16667831382111717 - 0.6666744070158387 - 0.16667834101087803 - 1.2957087605776425e-05
