Number: 268
Error: 8.063619324106277e-06
A1: [3.039092401477554e-06, 3.1012230549772347e-06, 3.28793010870681e-06, 3.0576093858295263e-06] - [0.20834992164721544, 0.33334976074185635, -0.041649842536794913, 1.6668969692244213e-05] - [0.16667103209539, 0.6666709858791283, 0.16667109361278032, 4.387946251410054e-06] - [-5.007059158710212e-07, -4.4674079376520126e-07, -3.927400797246858e-07, -5.00276967904505e-07]
A2: [0.16664713812551962, -0.16668689356275154, -2.090214608554204e-05, -1.9533258499538995e-05] - [0.16658216153244557, 0.33324588866736027, -9.027088898957498e-05, -8.452360674764876e-05] - [0.16664335531895302, 0.833309232272535, -2.4855528381485746e-05, -2.3315866253060246e-05] - [1.44155079196557e-06, 1.4855750835442087e-06, 1.5254671071641046e-06, 1.441549948081055e-06]
B1: 0.1667156643860173 - 0.6666426514562277 - 0.16658506283904692 - 5.091548720724088e-05
B2: 0.16671094148159224 - 0.6667256353053284 - 0.1667410095663043 - 4.4395232528023486e-05
