Number: 1653
Error: 3.5292931649108704e-06
A1: [-7.441377746476007e-06, -6.922978108938015e-06, -5.629377226804496e-06, -7.301582073259506e-06] - [0.20831122991367712, 0.33331234437486373, -0.04168307324305263, -2.148750001921619e-05] - [0.16665760490925433, 0.666658241177194, 0.16665983430595238, -8.889284074119268e-06] - [-3.1370371327159764e-06, -2.8005049373756097e-06, -2.463805792497855e-06, -3.13435754680644e-06]
A2: [0.16668393335412343, -0.16664890177734235, 1.8007864489925306e-05, 1.7237202696506008e-05] - [0.166694539849312, 0.3333619558387205, 2.848455246736803e-05, 2.7757595792332637e-05] - [0.16665965184187986, 0.8333260803185175, -7.668988098276877e-06, -7.043132602986805e-06] - [8.879364353740959e-06, 9.15073900716819e-06, 9.396672037788064e-06, 8.879361102607027e-06]
B1: 0.16663714379854588 - 0.6666107029184145 - 0.16667966549933755 - -1.3014790052027863e-05
B2: 0.16662949296207072 - 0.6666136574724778 - 0.16660466117828868 - -3.6453145034780855e-05
