Number: 810
Error: 7.747149249415295e-06
A1: [1.2004789654132602e-06, 1.1750922742026744e-06, 1.5288208159397486e-06, 1.26446008408857e-06] - [0.208345250859141, 0.3333443974823156, -0.041654759720532265, 1.2198513057711574e-05] - [0.16666874279306726, 0.6666686347018901, 0.16666899468681912, 2.154764943761823e-06] - [-1.532436937575709e-06, -1.3678921848945029e-06, -1.203250313627384e-06, -1.5311254394755977e-06]
A2: [0.16665024541912518, -0.16668366039378368, -1.7619841375224685e-05, -1.6435660907098256e-05] - [0.16658214002299399, 0.3332459685910279, -9.035537543820327e-05, -8.458313259480602e-05] - [0.1666390254630357, 0.8333047895632649, -2.946377685762725e-05, -2.7655033917017112e-05] - [4.351222324830901e-06, 4.484186072074948e-06, 4.604678017463492e-06, 4.35122004946805e-06]
B1: 0.16671085434641206 - 0.6666229902567375 - 0.1665818397415308 - 5.148522389278113e-05
B2: 0.16670379459769563 - 0.6667149436154288 - 0.16672819661979638 - 3.748328679836024e-05
