Number: 2328
Error: 6.901214048182593e-06
A1: [-4.092549894928279e-06, -4.37429497194296e-06, -3.564107670521628e-06, -3.901108785535681e-06] - [0.20833158182227737, 0.3333287444975588, -0.041669208073476106, -9.089078595209165e-07] - [0.16666218180699385, 0.6666618894743732, 0.16666294483794727, -4.248924103039618e-06] - [-4.421672090589989e-06, -3.9474275277933684e-06, -3.472982129146279e-06, -4.417901016902517e-06]
A2: [0.16665898088236478, -0.1666745692473037, -8.388017177287931e-06, -7.727353366510795e-06] - [0.16658226227505857, 0.33324638593780337, -9.038803373732535e-05, -8.456736853053097e-05] - [0.16662695639670586, 0.833292406764017, -4.2308070960669085e-05, -3.975018901614798e-05] - [1.2499038312553927e-05, 1.2881052318787153e-05, 1.3227264840411582e-05, 1.2499035430244923e-05]
B1: 0.16669560201118705 - 0.6665663262858335 - 0.1665713896852508 - 5.130128537328768e-05
B2: 0.16668616761376767 - 0.6666869233576486 - 0.1666937372891876 - 2.051434546015774e-05
