Number: 605
Error: 2.9406636932649057e-06
A1: [-3.819992160129243e-06, -3.1267246019294084e-06, -2.1503813893001325e-06, -3.7681623560740857e-06] - [0.20832053468080988, 0.33332301022191957, -0.041673247650528066, -1.2570333608715624e-05] - [0.16666210031332854, 0.666662861745902, 0.1666639727336166, -4.502447469904097e-06] - [-1.1427980184772164e-06, -1.0200172738730954e-06, -8.971608963224843e-07, -1.1418195218890856e-06]
A2: [0.1666778996574523, -0.16665518049297012, 1.1632492653697757e-05, 1.1222241919220464e-05] - [0.16669445406895747, 0.33336166813440027, 2.850898524394782e-05, 2.7745281565102003e-05] - [0.1666679858102651, 0.8333346312298572, 1.200778500125498e-06, 1.3088327873505595e-06] - [3.253872255501238e-06, 3.3532939225691713e-06, 3.4433884445917956e-06, 3.2538704480559794e-06]
B1: 0.16664755021941338 - 0.6666497063368841 - 0.16668677024970732 - -1.3011112075743463e-05
B2: 0.16664198167268535 - 0.6666332176724458 - 0.16662855838969468 - -2.4418432990402615e-05
