Number: 2399
Error: 3.9404546900874455e-06
A1: [-1.0035885327926268e-05, -9.643245015465269e-06, -8.125126911404528e-06, -9.833462278379783e-06] - [0.20830453804446813, 0.33330467849359213, -0.04169014624249576, -2.790341058336405e-05] - [0.16665438760613863, 0.6666549335069704, 0.1666568684968772, -1.2029300789614823e-05] - [-4.556475147869376e-06, -4.067788126127798e-06, -3.5788976775699804e-06, -4.552589724529302e-06]
A2: [0.1666882229990729, -0.16664443738115656, 2.254141934386543e-05, 2.1513511093243857e-05] - [0.16669458746467866, 0.33336214842617196, 2.8456188674211888e-05, 2.7752909998632425e-05] - [0.1666537176162132, 0.8333199919309157, -1.3984101475251111e-05, -1.2990172885827659e-05] - [1.2883075614605286e-05, 1.3276829478841604e-05, 1.3633683045658384e-05, 1.2883072828794597e-05]
B1: 0.16662956033383636 - 0.6665827598009222 - 0.16667442220795617 - -1.3193543215204488e-05
B2: 0.16662090353416417 - 0.6665999800915058 - 0.16658783853728293 - -4.47193840432533e-05
