Number: 1849
Error: 3.6377189887398225e-06
A1: [-8.125092221212427e-06, -7.639846336460318e-06, -6.287366644393458e-06, -7.968839740095879e-06] - [0.2083094635159592, 0.3333103216239466, -0.041684940662727835, -2.318138481434494e-05] - [0.16665675754844314, 0.6666573699618942, 0.16665905280327606, -9.716336115443681e-06] - [-3.50998278901047e-06, -3.1334740762418217e-06, -2.75678655732082e-06, -3.506985985213901e-06]
A2: [0.16668506091414448, -0.16664772828723656, 1.9199540425948157e-05, 1.8361258747881857e-05] - [0.16669455471202052, 0.3333620088282339, 2.8479525422050103e-05, 2.7758717727796982e-05] - [0.16665809340654156, 0.833324481382579, -9.327489278699412e-06, -8.604934456448294e-06] - [9.93133395636862e-06, 1.0234863674459544e-05, 1.050994019747278e-05, 9.931330706541406e-06]
B1: 0.1666351582953332 - 0.6666033702031486 - 0.16667829905096063 - -1.3054771085030422e-05
B2: 0.16662723786840516 - 0.666610059263847 - 0.16660022992457527 - -3.862332815908546e-05
