Number: 2075
Error: 3.7623844027630942e-06
A1: [-8.915598931483636e-06, -8.468705269810615e-06, -7.048461002059994e-06, -8.740369102830164e-06] - [0.20830741809048184, 0.3333079801032287, -0.04168710358731171, -2.5143191191003875e-05] - [0.1666557783192057, 0.6666563631003875, 0.16665814925430134, -1.0672146888218418e-05] - [-3.940002543052925e-06, -3.5173984881622826e-06, -3.0946039690717724e-06, -3.936640324761899e-06]
A2: [0.16668635996002587, -0.16664637626189047, 2.0572557490586185e-05, 1.9656264363592506e-05] - [0.16669456815467038, 0.33336206629125303, 2.847015692557921e-05, 2.7756316051506306e-05] - [0.1666562956579461, 0.8333226369430264, -1.1240602170997898e-05, -1.040656511271085e-05] - [1.1144271612496426e-05, 1.1484876540816166e-05, 1.1793556610066666e-05, 1.1144268471189909e-05]
B1: 0.1666328747664683 - 0.6665949187970805 - 0.1666767246692809 - -1.3095024725858414e-05
B2: 0.166624650391568 - 0.6666059163658348 - 0.16659511936640398 - -4.1112897022692056e-05
