Number: 2466
Error: 6.825326786074088e-06
A1: [-4.5647847660157175e-06, -4.869354604479685e-06, -4.0171965926647605e-06, -4.361765940236123e-06] - [0.20833037511337058, 0.33332735935666313, -0.041670481791371373, -2.0645976282300177e-06] - [0.1666615943667205, 0.6666612857692087, 0.16666240482090142, -4.822075351426735e-06] - [-4.684309413766399e-06, -4.181910777416e-06, -3.6793067097902044e-06, -4.680315597471415e-06]
A2: [0.16665977514110852, -0.16667374271821445, -7.548763631669623e-06, -6.935563302548633e-06] - [0.16658227228859868, 0.33324642263608883, -9.03923908192274e-05, -8.456703676856945e-05] - [0.16662585846096026, 0.8332912802983116, -4.3476502089416276e-05, -4.08504971332793e-05] - [1.3239632945609505e-05, 1.3644284147854274e-05, 1.4011015054991311e-05, 1.323963026406116e-05]
B1: 0.1666941735012948 - 0.666561131029995 - 0.16657039307762886 - 5.124252427584943e-05
B2: 0.16668455533048296 - 0.6666843939446598 - 0.16669065168736863 - 1.896188913167998e-05
