Number: 824
Error: 7.73920181197269e-06
A1: [1.1601117704013058e-06, 1.1328453497332921e-06, 1.491268611197652e-06, 1.2252604022930955e-06] - [0.2083451588550012, 0.33334428913037784, -0.04165485501237329, 1.2111656113189471e-05] - [0.16666869083595795, 0.6666685815341056, 0.1666689484217577, 2.1042505355891344e-06] - [-1.5590869954479961e-06, -1.3916860318711056e-06, -1.2241865408933586e-06, -1.5577527318755029e-06]
A2: [0.16665032734589358, -0.1666835752639792, -1.7533494988148868e-05, -1.6353984590109537e-05] - [0.16658214451657272, 0.3332459755932302, -9.035274478974881e-05, -8.457962102716566e-05] - [0.16663891448060963, 0.8333046756584218, -2.9581967473340566e-05, -2.7766256890295638e-05] - [4.426376967168896e-06, 4.5616379560284244e-06, 4.6842117935314106e-06, 4.426374662823934e-06]
B1: 0.1667106927710986 - 0.6666224476284185 - 0.16658172425190845 - 5.1462599092713877e-05
B2: 0.1667035968654645 - 0.6667146764313555 - 0.16672789792063977 - 3.729162366827178e-05
