Number: 1693
Error: 3.5514540954010204e-06
A1: [-7.583851114119567e-06, -7.07238223207853e-06, -5.766929718271625e-06, -7.440694064269745e-06] - [0.20831085758749981, 0.3333119190686831, -0.041683467511302225, -2.184501623525775e-05] - [0.16665742900866856, 0.666658060241931, 0.16665967151338157, -9.061037112077537e-06] - [-3.213148891615782e-06, -2.8684581283763667e-06, -2.5235978639336906e-06, -3.210404544208576e-06]
A2: [0.16668416301123443, -0.16664866272211384, 1.8250657031162204e-05, 1.7466144732535742e-05] - [0.16669454173409037, 0.33336196556865927, 2.8482510190556485e-05, 2.775667644348629e-05] - [0.1666593336810538, 0.8333257538998515, -8.007554765766375e-06, -7.36198043454815e-06] - [9.09405678810502e-06, 9.371993847812438e-06, 9.623874616958233e-06, 9.094053530238505e-06]
B1: 0.16663674846453397 - 0.6666092159906808 - 0.16667939586783706 - -1.301306821798785e-05
B2: 0.16662904229532516 - 0.66661292354115 - 0.16660374757396101 - -3.6886483997845856e-05
