Number: 644
Error: 7.842154133529137e-06
A1: [1.7787319680397194e-06, 1.7811847349146193e-06, 2.084795756549136e-06, 1.828774244165829e-06] - [0.20834674285865978, 0.33334610568341255, -0.041653184021432046, 1.362909758341013e-05] - [0.16666945948277667, 0.6666693713616751, 0.16666965511133935, 2.8542518476408773e-06] - [-1.2164562438079842e-06, -1.0857789763042312e-06, -9.55021970598285e-07, -1.2154147837928258e-06]
A2: [0.1666492919456151, -0.1666846526607967, -1.8627394153195403e-05, -1.738616479458526e-05] - [0.16658213506278222, 0.33324593177485234, -9.034259652836312e-05, -8.457644913956316e-05] - [0.16664034760697755, 0.8333061461177655, -2.8056664556938485e-05, -2.6330037862202076e-05] - [3.4600891017287493e-06, 3.565813776939718e-06, 3.6616203337478693e-06, 3.4600872014409943e-06]
B1: 0.16671241064141196 - 0.6666290826569916 - 0.16658288532701093 - 5.139370907670355e-05
B2: 0.16670582570669526 - 0.6667181085776589 - 0.16673206250117376 - 3.9442440307608834e-05
