Number: 473
Error: 2.8640025291017987e-06
A1: [-3.352671110939483e-06, -2.636955447998349e-06, -1.7001539489642975e-06, -3.311932206427572e-06] - [0.20832175116094806, 0.3333243998894266, -0.041671962074835096, -1.1402717037929629e-05] - [0.1666626775697043, 0.6666634552227303, 0.16666450592937415, -3.938877477721811e-06] - [-8.916023368725447e-07, -7.95744494010892e-07, -6.998259777183435e-07, -8.908387100380335e-07]
A2: [0.16667714571501144, -0.16665596526603965, 1.0835560270427227e-05, 1.0470659275686066e-05] - [0.1666944658414316, 0.33336165473149365, 2.853509111823073e-05, 2.7766306396352346e-05] - [0.16666904069396557, 0.8333357135344266, 2.323323456974412e-06, 2.365982762920307e-06] - [2.5452203564467556e-06, 2.622980721158935e-06, 2.693445047010652e-06, 2.5452188985927917e-06]
B1: 0.16664867676175893 - 0.6666544508258333 - 0.1666875126099958 - -1.3194809899645757e-05
B2: 0.1666436385016323 - 0.6666357989623775 - 0.16663172110585572 - -2.2818782088452862e-05
