Number: 3029
Error: 4.2847760777647975e-06
A1: [-1.2231375434184436e-05, -1.1945183053204662e-05, -1.0237724856324432e-05, -1.1976062856073643e-05] - [0.2082988687295464, 0.33329818558231283, -0.04169613955783681, -3.3339669617248545e-05] - [0.16665166610995025, 0.6666521354315657, 0.16665435881474827, -1.4685531932250601e-05] - [-5.755111994252059e-06, -5.137930488944272e-06, -4.520532958353958e-06, -5.7502114651542515e-06]
A2: [0.16669183723394201, -0.16664067554310097, 2.6361710409181904e-05, 2.5116483310876e-05] - [0.16669459682668755, 0.33336228031760123, 2.8401641968508546e-05, 2.771809963627668e-05] - [0.16664869882478323, 0.8333148429652784, -1.932451914033329e-05, -1.8019788798404505e-05] - [1.6263786981665792e-05, 1.6760876369722673e-05, 1.721139641786547e-05, 1.626378556042926e-05]
B1: 0.16662318712106322 - 0.6665591717317592 - 0.16666998106956893 - -1.331379292085281e-05
B2: 0.16661369335571316 - 0.6665884590799641 - 0.1665736465324476 - -5.165661523965937e-05
