Number: 579
Error: 2.925623986004781e-06
A1: [-3.717471195246248e-06, -3.0191856010054714e-06, -2.050034629716411e-06, -3.6678359932038794e-06] - [0.20832081648804182, 0.33332332854176017, -0.04167294743446755, -1.2298191431424264e-05] - [0.166662224608823, 0.6666629898381077, 0.16666408955395354, -4.380857902035074e-06] - [-1.0933201803785055e-06, -9.758427191005834e-07, -8.582925067856275e-07, -1.0923839951711468e-06]
A2: [0.16667775274093702, -0.1666553335756608, 1.1476916951470974e-05, 1.1075790136676704e-05] - [0.1666944602267802, 0.33336166908056397, 2.851744865490248e-05, 2.77532615389184e-05] - [0.16666819391649204, 0.833334844704018, 1.422144242573446e-06, 1.517385337878406e-06] - [3.114285721484054e-06, 3.209440667072249e-06, 3.29566852523716e-06, 3.1142839800966828e-06]
B1: 0.16664774365194823 - 0.6666506132850807 - 0.1666868897915579 - -1.3075790184730819e-05
B2: 0.16664226756959102 - 0.6666337183478682 - 0.1666292080955228 - -2.4143796115132425e-05
