Number: 2360
Error: 6.883605422547146e-06
A1: [-4.2017081522463645e-06, -4.488726426715253e-06, -3.6687872061032447e-06, -4.007582671069457e-06] - [0.20833130339841802, 0.33332842477687746, -0.041669501878033186, -1.1755024893808997e-06] - [0.16666204593830408, 0.666661749853868, 0.16666282000562865, -4.381479698899216e-06] - [-4.482573911567897e-06, -4.001800867516838e-06, -3.520825850967495e-06, -4.478751174743491e-06]
A2: [0.1666591651442141, -0.16667437750541517, -8.193327856231819e-06, -7.543663965127388e-06] - [0.1665822648516596, 0.3332463946941942, -9.03888059817192e-05, -8.456703696425679e-05] - [0.1666267018453864, 0.8332921455960398, -4.257897111647243e-05, -4.000529044097583e-05] - [1.2670772123156328e-05, 1.3058035390510534e-05, 1.340900582405017e-05, 1.2670769283584507e-05]
B1: 0.16669526964149212 - 0.6665651205888238 - 0.16657115771721692 - 5.1286539005040264e-05
B2: 0.16668579239930367 - 0.6666863365542822 - 0.16669302265275154 - 2.0153003894318483e-05
