Number: 2585
Error: 4.042379849318097e-06
A1: [-1.0683869467990141e-05, -1.0322646202167424e-05, -8.748615162080377e-06, -1.0465831254303694e-05] - [0.20830286510318666, 0.33330276244305335, -0.04169191474017595, -2.950754479674261e-05] - [0.16665358432669047, 0.6666541076307504, 0.166656127782054, -1.2813310957515155e-05] - [-4.910366434801932e-06, -4.383742852991417e-06, -3.856910395780075e-06, -4.906181006908389e-06]
A2: [0.16668929084115636, -0.16664332596107134, 2.3670094747570817e-05, 2.2578028003088946e-05] - [0.16669459315411025, 0.33336219028819475, 2.844299902265675e-05, 2.7745558434169755e-05] - [0.1666522365846546, 0.8333184724665061, -1.556009054803458e-05, -1.447440000543196e-05] - [1.3881232234228904e-05, 1.4305496036245713e-05, 1.4690004123219674e-05, 1.3881229758783586e-05]
B1: 0.1666276758600454 - 0.6665757948842321 - 0.16667311243468982 - -1.323187010145147e-05
B2: 0.16661877186392474 - 0.6665965763689663 - 0.1665836469404923 - -4.677047113411589e-05
