Number: 842
Error: 7.72895544125494e-06
A1: [1.0911011998516377e-06, 1.0604555295762697e-06, 1.4239527325707565e-06, 1.1577673023975773e-06] - [0.2083449716459177, 0.333344077027769, -0.041655054197015026, 1.1931130799709627e-05] - [0.16666860673836037, 0.6666684949076704, 0.16666886969831257, 2.022024379693664e-06] - [-1.5933484549057752e-06, -1.4222750631347382e-06, -1.2511013447626824e-06, -1.5919849262980407e-06]
A2: [0.16665042978651007, -0.16668346855978858, -1.74250738179611e-05, -1.625186597955148e-05] - [0.16658214279043881, 0.3332459774769791, -9.035607726114255e-05, -8.45826097416385e-05] - [0.16663877093094648, 0.8333045283982278, -2.9734688584326914e-05, -2.7910115829281024e-05] - [4.523004355403243e-06, 4.661218923183165e-06, 4.786469466297371e-06, 4.523002014471145e-06]
B1: 0.16671054039188404 - 0.6666218028941815 - 0.16658162626584846 - 5.148891728053979e-05
B2: 0.16670340171402745 - 0.6667143386290405 - 0.16672746331934937 - 3.710427429646109e-05
