Number: 1070
Error: 7.600089890529892e-06
A1: [2.9726851303587705e-07, 2.2827388982492247e-07, 6.604928078347507e-07, 3.83078827613396e-07] - [0.20834292360231227, 0.33334173161690095, -0.04165721803971294, 9.967438539521643e-06] - [0.1666676225938666, 0.6666674832396396, 0.16666796263858286, 1.061506776280339e-06] - [-2.027333886281274e-06, -1.8097439190542363e-06, -1.5920320705586665e-06, -2.025599874167371e-06]
A2: [0.16665174208797714, -0.16668210289770358, -1.6038345594483255e-05, -1.4943643262696076e-05] - [0.1665821610336213, 0.3332460397933157, -9.036159222166525e-05, -8.458035953437041e-05] - [0.1666369579541852, 0.833302668239632, -3.166421669580981e-05, -2.9727010250350118e-05] - [5.746924892755641e-06, 5.922550685450325e-06, 6.081705880784157e-06, 5.7469221492658275e-06]
B1: 0.1667083063613021 - 0.6666133478048774 - 0.16658011195312625 - 5.151818172053118e-05
B2: 0.16670068960115828 - 0.6667100696738649 - 0.1667222318732309 - 3.4490993502478694e-05
