Number: 818
Error: 7.742581792201996e-06
A1: [1.1671401441135881e-06, 1.140102344677985e-06, 1.4959368130857493e-06, 1.2317982489981354e-06] - [0.20834515691295272, 0.33334429187133924, -0.04165486019095452, 1.2107547714045926e-05] - [0.16666870272102283, 0.6666685933550616, 0.16666895670164447, 2.115527231784598e-06] - [-1.5476638471217399e-06, -1.3814868782532365e-06, -1.2152119848184791e-06, -1.546339341631704e-06]
A2: [0.16665029047841748, -0.16668361341740984, -1.7572078536561298e-05, -1.6390744728115416e-05] - [0.1665821380074271, 0.33324596823777247, -9.035798579095242e-05, -8.458570930606408e-05] - [0.16663896150891813, 0.8333047239668228, -2.9531793123569234e-05, -2.77191254894481e-05] - [4.394167974338038e-06, 4.528444425521404e-06, 4.650126017235874e-06, 4.3941656823552795e-06]
B1: 0.16671079584640588 - 0.6666227124902627 - 0.16658180453306426 - 5.15061518921075e-05
B2: 0.16670371659476663 - 0.6667147938983158 - 0.1667279951134245 - 3.7408751281963444e-05
