Number: 2918
Error: 6.577549809514367e-06
A1: [-6.1454985613376375e-06, -6.52673171748531e-06, -5.539014482097545e-06, -5.9045271576620944e-06] - [0.20832628579980594, 0.3333226779284878, -0.041674805968723264, -5.986676997022908e-06] - [0.16665963595361366, 0.6666592721533783, 0.1666605978639025, -6.733656324379518e-06] - [-5.544506238622764e-06, -4.949892651206419e-06, -4.355064172017527e-06, -5.539783860334377e-06]
A2: [0.16666236839565293, -0.166671043485196, -4.807550423281423e-06, -4.350394539375993e-06] - [0.166582280739631, 0.3332465192395286, -9.042945197490894e-05, -8.459029825254177e-05] - [0.16662225829537103, 0.8332875867777277, -4.730737775502106e-05, -4.445843386958879e-05] - [1.5665212695477967e-05, 1.6144004461573018e-05, 1.6577938478270655e-05, 1.5665210970151467e-05]
B1: 0.16668961368095825 - 0.6665442222086567 - 0.1665672241486332 - 5.116910580252948e-05
B2: 0.16667939738908785 - 0.6666761260712788 - 0.16668045028377976 - 1.3999902533150482e-05
