Number: 1422
Error: 7.402990775232046e-06
A1: [-9.282173293164959e-07, -1.0565343446667412e-06, -5.183410631058522e-07, -8.128518938225454e-07] - [0.2083397616610308, 0.3333381101347319, -0.04166055966709408, 6.9357221559249985e-06] - [0.16666610313451605, 0.6666659211838142, 0.1666665619683208, -4.2147767031561613e-07] - [-2.697324642105803e-06, -2.4079199439654904e-06, -2.1183645021172053e-06, -2.6950194395369426e-06]
A2: [0.16665376955310637, -0.16667999297931768, -1.3895835447061925e-05, -1.2922475131332366e-05] - [0.1665821958322494, 0.3332461429323711, -9.036289988974084e-05, -8.457025273996643e-05] - [0.16663416077668758, 0.8332997982950903, -3.464119136793547e-05, -3.25302366562268e-05] - [7.636388990829491e-06, 7.86976930818487e-06, 8.081267183922782e-06, 7.636385851499648e-06]
B1: 0.1667047723331603 - 0.6666002151460348 - 0.1665777001939248 - 5.147835336483609e-05
B2: 0.16669657787136682 - 0.6667035539478338 - 0.16671422944030403 - 3.0531849830218766e-05
