Number: 1938
Error: 7.11644658391836e-06
A1: [-2.727693637056717e-06, -2.943231864436939e-06, -2.249961301564167e-06, -2.569002068043396e-06] - [0.20833511400193652, 0.33333278778169123, -0.04166547285655546, 2.478968281392843e-06] - [0.16666387256487467, 0.6666636279136283, 0.1666645049927267, -2.59857941906483e-06] - [-3.6794240544565182e-06, -3.284746089441018e-06, -2.889884604929195e-06, -3.6762832309028594e-06]
A2: [0.16665673958928084, -0.16667690199808627, -1.0756995543054407e-05, -9.961669736766725e-06] - [0.1665822405815212, 0.3332462881560582, -9.037048801683558e-05, -8.456170148976208e-05] - [0.16663005914341145, 0.833295590058306, -3.900626346060404e-05, -3.664073838372287e-05] - [1.0405947406241059e-05, 1.0723983345367635e-05, 1.1012207613975276e-05, 1.0405944187456657e-05]
B1: 0.16669954356520458 - 0.666580912601946 - 0.1665741093550933 - 5.137164214616214e-05
B2: 0.16669062753170266 - 0.6666940695153195 - 0.1667025548155804 - 2.4805194525336056e-05
