Number: 206
Error: 8.101543398112042e-06
A1: [3.233391500881711e-06, 3.304459952508522e-06, 3.4709870692953213e-06, 3.2467231412973727e-06] - [0.20835039094771185, 0.3333503049832563, -0.04164935359530511, 1.7115416526280228e-05] - [0.16667127755202946, 0.666671237354426, 0.16667131517178913, 4.626998656498069e-06] - [-3.826771866232114e-07, -3.4136144945314176e-07, -3.000180840075419e-07, -3.823493620630902e-07]
A2: [0.16664678422979215, -0.16668726161565134, -2.127558171256563e-05, -1.9886045087173814e-05] - [0.16658217469339096, 0.3332458910059338, -9.024899024295974e-05, -8.450609722043858e-05] - [0.16664385441582966, 0.833309744427335, -2.4324298917559727e-05, -2.2815704298600022e-05] - [1.1087014349775772e-06, 1.1425515456975765e-06, 1.1732236248624055e-06, 1.1087007903635884e-06]
B1: 0.16671614247026473 - 0.6666448402266101 - 0.16658538300410952 - 5.0778307525912607e-05
B2: 0.16671191236907162 - 0.6667269608173714 - 0.1667425236814743 - 4.533924515836073e-05
