Number: 2545
Error: 4.020473865177868e-06
A1: [-1.0541428271760733e-05, -1.0173275066895655e-05, -8.611094659447599e-06, -1.0326751094234594e-05] - [0.20830323732110367, 0.3333031876420772, -0.04169152057334469, -2.915013595771479e-05] - [0.16665376019691752, 0.6666542885360631, 0.1666562905488813, -1.2641587598579809e-05] - [-4.83426173147043e-06, -4.315796646242269e-06, -3.7971237350860796e-06, -4.830140798590635e-06]
A2: [0.16668906177244325, -0.1666435644274591, 2.3427889858720236e-05, 2.2349674357425077e-05] - [0.16669459348862517, 0.3333621827747881, 2.844725134223188e-05, 2.7748697402126126e-05] - [0.16665255528992412, 0.8333187994285235, -1.5220981666986889e-05, -1.4155007522950645e-05] - [1.366657622428646e-05, 1.4084278799596242e-05, 1.4462839679830041e-05, 1.3666573675533138e-05]
B1: 0.1666280709268533 - 0.6665772831045074 - 0.16667338509294788 - -1.3233830395928953e-05
B2: 0.16661921951175043 - 0.6665973072100358 - 0.16658455738293754 - -4.6340152158766876e-05
