Number: 1037
Error: 3.1859848880364926e-06
A1: [-5.308869683296169e-06, -4.6872791364982296e-06, -3.579745031273502e-06, -5.220781880894297e-06] - [0.20831671540897911, 0.33331863149134544, -0.04167727840198769, -1.622984440419326e-05] - [0.16666025143955235, 0.6666609616650099, 0.16666227179968648, -6.306569951552596e-06] - [-1.9648742305627284e-06, -1.753982410625139e-06, -1.5429715374374236e-06, -1.9631934997203544e-06]
A2: [0.1666803848585615, -0.16665259443658026, 1.4258251536325417e-05, 1.3699719781807242e-05] - [0.16669447937110166, 0.33336177612497064, 2.848779310986233e-05, 2.7740301053395458e-05] - [0.1666645474758727, 0.8333311033428981, -2.458658413394568e-06, -2.136919475692106e-06] - [5.5729222476812326e-06, 5.743229957532682e-06, 5.897565508765677e-06, 5.572919552291529e-06]
B1: 0.16664337931140674 - 0.6666337378256496 - 0.16668394193445138 - -1.2893880602901105e-05
B2: 0.1666367053032933 - 0.6666250395641091 - 0.16661860689198116 - -2.950766147755425e-05
