Number: 1131
Error: 3.2387115987310944e-06
A1: [-5.634348946777258e-06, -5.028490849014471e-06, -3.892547941394222e-06, -5.538370397147819e-06] - [0.20831587813669117, 0.3333176719489418, -0.041678162765989776, -1.7032348277828048e-05] - [0.16665984754495067, 0.666660546497335, 0.166661899831468, -6.700725894495996e-06] - [-2.1437477356278635e-06, -1.913683501074699e-06, -1.6834918528102731e-06, -2.1419143959591733e-06]
A2: [0.16668092629417738, -0.1666520310118493, 1.4830357424091048e-05, 1.423947489187129e-05] - [0.16669448822758093, 0.3333618031335676, 2.8486842705264983e-05, 2.7742568071698778e-05] - [0.16666380030172684, 0.8333303367182868, -3.2538751388941632e-06, -2.885707827160627e-06] - [6.077502858081383e-06, 6.263233963313979e-06, 6.431547448490811e-06, 6.0775000232645915e-06]
B1: 0.1666424402022979 - 0.6666302347498582 - 0.16668330105066073 - -1.2899907531347882e-05
B2: 0.16663559309278353 - 0.6666232909685795 - 0.1666164670387076 - -3.057915104912798e-05
