Number: 2634
Error: 6.733097743340442e-06
A1: [-5.143836258140819e-06, -5.476425259924927e-06, -4.573406200124899e-06, -4.926719067280548e-06] - [0.20832888932198684, 0.33332565540392567, -0.04167205104156741, -3.48826330129561e-06] - [0.16666087502131627, 0.666660546387026, 0.16666174273337875, -5.524021874622876e-06] - [-5.00403576140165e-06, -4.467362614825375e-06, -3.930479521829051e-06, -4.999770972589106e-06]
A2: [0.1666607408820451, -0.16667273765770338, -6.5281754210580126e-06, -5.972827708574352e-06] - [0.16658228083214574, 0.33324646375633776, -9.040115200067872e-05, -8.457027996558404e-05] - [0.1666245211863154, 0.8332899083025421, -4.489957440855153e-05, -4.219066003143531e-05] - [1.4141200111506061e-05, 1.457340878295567e-05, 1.496511820398039e-05, 1.4141197731908816e-05]
B1: 0.16669244964385557 - 0.6665548196816452 - 0.16656919111282192 - 5.118617635881146e-05
B2: 0.16668260799486637 - 0.6666813171298095 - 0.1666868840899887 - 1.7087386721324337e-05
