Number: 1626
Error: 7.289411336142371e-06
A1: [-1.6452796029495617e-06, -1.8083897952942718e-06, -1.2091955041662904e-06, -1.512779554795261e-06] - [0.20833790152527654, 0.3333359820119322, -0.041662527270445046, 5.151082957806425e-06] - [0.16666521558893843, 0.6666650085363434, 0.1666657424298723, -1.2878787531290373e-06] - [-3.0856016321537764e-06, -2.7545771123924073e-06, -2.4233875440454303e-06, -3.082965830021295e-06]
A2: [0.16665494317212143, -0.16667877150045882, -1.2655389980766335e-05, -1.1752505499699508e-05] - [0.16658221239199353, 0.33324619932344174, -9.036680905805518e-05, -8.456800354728335e-05] - [0.1666325392362119, 0.8332981346197534, -3.636685943553311e-05, -3.415528307823769e-05] - [8.731362991900349e-06, 8.998212849446162e-06, 9.240044876454926e-06, 8.731359749714529e-06]
B1: 0.16670272743711867 - 0.6665926062774226 - 0.16657630316570338 - 5.145849415703752e-05
B2: 0.16669423868141356 - 0.6666998000235249 - 0.1667095911456408 - 2.828109164758539e-05
