Number: 3066
Error: 6.49673170571451e-06
A1: [-6.653301617114406e-06, -7.059086355923791e-06, -6.026434400768461e-06, -6.399913017711938e-06] - [0.20832498617960943, 0.33332118664096655, -0.041676178076158296, -7.2315777680676646e-06] - [0.16665900458342764, 0.6666586232622413, 0.16666001718912568, -7.349702363804026e-06] - [-5.826157905204227e-06, -5.201350335320764e-06, -4.5763266327917596e-06, -5.821197297754516e-06]
A2: [0.16666321837960082, -0.16667015888480846, -3.909290867273805e-06, -3.5030581432272427e-06] - [0.16658228481182066, 0.3332465519556811, -9.044072838468687e-05, -8.459661022315966e-05] - [0.16662107923861996, 0.833286377126949, -4.8562030910254025e-05, -4.5640035414764644e-05] - [1.645938338770058e-05, 1.6962449807654914e-05, 1.7418387728248242e-05, 1.645938207490267e-05]
B1: 0.16668809089708422 - 0.6665386552287419 - 0.16656615513330522 - 5.111525663138891e-05
B2: 0.16667767752305815 - 0.6666734183689209 - 0.1666771416145289 - 1.234420166533721e-05
