Number: 866
Error: 7.71534522732405e-06
A1: [1.0150716057035075e-06, 9.80817306350796e-07, 1.351976454386288e-06, 1.083745693051425e-06] - [0.20834478641292262, 0.3333438622155016, -0.04165524817458714, 1.1754747884805632e-05] - [0.16666851076345518, 0.666668396467439, 0.1666687827014795, 1.9285292679056237e-06] - [-1.6390329555076238e-06, -1.463063144309093e-06, -1.286990630283255e-06, -1.6376304083470296e-06]
A2: [0.16665056912015924, -0.16668332367591135, -1.7278042207777624e-05, -1.6112961674297962e-05] - [0.16658214768027158, 0.33324598682594647, -9.035405633491503e-05, -8.457940336139828e-05] - [0.16663858038054405, 0.8333043328579637, -2.9937555044224566e-05, -2.8101078603206183e-05] - [4.651840216528193e-06, 4.793992884313942e-06, 4.922812372061626e-06, 4.651837827869653e-06]
B1: 0.1667102839963806 - 0.6666208924429674 - 0.16658144722659482 - 5.14707419747661e-05
B2: 0.1667030875642592 - 0.66671388411285 - 0.16672693229881738 - 3.6800528314767205e-05
