Number: 1498
Error: 7.360654675433075e-06
A1: [-1.1845651330749464e-06, -1.3252363714325733e-06, -7.637092557328497e-07, -1.0628265089979075e-06] - [0.20833911214924897, 0.3333373632326975, -0.04166124431996745, 6.314295033345347e-06] - [0.16666578339116822, 0.6666655927029435, 0.16666626878958335, -7.333540073110586e-07] - [-2.8419801447083504e-06, -2.537070138719504e-06, -2.232003853172125e-06, -2.8395517387453157e-06]
A2: [0.16665420866896435, -0.16667953612543715, -1.3432012544710153e-05, -1.2484718851392164e-05] - [0.16658220695295664, 0.33324616864749024, -9.035990710816103e-05, -8.456446337755033e-05] - [0.1666335572667147, 0.8332991790576769, -3.528355578693791e-05, -3.313505273860057e-05] - [8.04432520410828e-06, 8.290174732477902e-06, 8.512973645551986e-06, 8.044322015555364e-06]
B1: 0.16670397604543757 - 0.6665973476842373 - 0.16657714864902368 - 5.143646502096496e-05
B2: 0.16669566833448443 - 0.6667021510182004 - 0.1667125325535089 - 2.9655258967634744e-05
