Number: 1323
Error: 3.3459431065330695e-06
A1: [-6.289774410205038e-06, -5.715550142145025e-06, -4.521081876084937e-06, -6.177687799414146e-06] - [0.2083142056705842, 0.33331575175987543, -0.0416799273834986, -1.8633834679531478e-05] - [0.16665903201497065, 0.6666597084503987, 0.16666115052741645, -7.496373676195095e-06] - [-2.5091018270753192e-06, -2.2398771917292737e-06, -1.9705092483147753e-06, -2.5069569844390148e-06]
A2: [0.16668203402594362, -0.16665087842969015, 1.6000602797123126e-05, 1.5343774072519647e-05] - [0.16669451159550797, 0.3333618634353062, 2.8489876936316102e-05, 2.7752476159501193e-05] - [0.16666227495014851, 0.8333287716293799, -4.877377288190033e-06, -4.414356729905715e-06] - [7.108101058190029e-06, 7.325334173184654e-06, 7.522197748950552e-06, 7.108097999503006e-06]
B1: 0.16664047278703362 - 0.6666230327142179 - 0.1666819474726973 - -1.2961485568567098e-05
B2: 0.16663330630252945 - 0.6666197334224637 - 0.16661214096517216 - -3.27827632997685e-05
