Number: 2308
Error: 6.912229705939037e-06
A1: [-4.021330687385265e-06, -4.299611676927414e-06, -3.4953510776468527e-06, -3.831570183752694e-06] - [0.20833176790223729, 0.3333289570657925, -0.041669011025390446, -7.302327277089285e-07] - [0.16666226975222775, 0.6666619799345269, 0.1666630262253976, -4.163052458969504e-06] - [-4.383609152916026e-06, -3.913444937282775e-06, -3.4430806181245307e-06, -4.379870371812744e-06]
A2: [0.1666588662191111, -0.1666746886109564, -8.509249633836452e-06, -7.841658841202218e-06] - [0.16658226195624337, 0.3332463816896734, -9.038639687278466e-05, -8.45662842065083e-05] - [0.16662711563626637, 0.833292570130882, -4.213863003793474e-05, -3.9590605643150776e-05] - [1.2391704084516305e-05, 1.2770437288088597e-05, 1.3113676109869835e-05, 1.2391701176655533e-05]
B1: 0.1666957999669307 - 0.6665670704823374 - 0.16657152570958067 - 5.130071796621377e-05
B2: 0.16668639190008838 - 0.6666872892267677 - 0.16669419290646909 - 2.072996162310093e-05
