Number: 891
Error: 3.103721994109164e-06
A1: [-4.802635087924386e-06, -4.156595375821948e-06, -3.0931728703568503e-06, -4.726803931633066e-06] - [0.20831801860909183, 0.33332012466073924, -0.04167590194110074, -1.4980649232973604e-05] - [0.16666087944163074, 0.6666616071933474, 0.1666628502460934, -5.693694825496262e-06] - [-1.6870463520798635e-06, -1.505932964891466e-06, -1.3247142723301661e-06, -1.6856027867705052e-06]
A2: [0.16667954440569877, -0.1666534690331704, 1.3370179781463343e-05, 1.2861877064685406e-05] - [0.16669446762010284, 0.3333617362283908, 2.8491364157210173e-05, 2.7738784571151154e-05] - [0.1666657084684098, 0.833332294559781, -1.2230203912992092e-06, -9.734198741618694e-07] - [4.789192147071447e-06, 4.93554373601138e-06, 5.068168563061485e-06, 4.7891897067446135e-06]
B1: 0.16664481736797648 - 0.6666391597578692 - 0.1666849197920099 - -1.290508011436829e-05
B2: 0.16663844624701313 - 0.6666277709825088 - 0.16662194810846626 - -2.7829964425569713e-05
