Number: 107
Error: 2.6424831056870794e-06
A1: [-2.1475001814029877e-06, -1.375532553219088e-06, -5.543638185632794e-07, -2.137426530721819e-06] - [0.20832475698353733, 0.3333278620431201, -0.04166881241586225, -8.532027070003102e-06] - [0.1666641854389655, 0.666665002143799, 0.16666587977584524, -2.46886910024565e-06] - [-1.950999287782434e-07, -1.7388793163073294e-07, -1.5266129154168158e-07, -1.94932872630439e-07]
A2: [0.16667506230478504, -0.16665813284225775, 8.635574799193697e-06, 8.393792780339591e-06] - [0.16669455203773703, 0.33336167534982486, 2.8669361065921823e-05, 2.787815874316948e-05] - [0.1666719852405621, 0.8333387349038116, 5.457012833959605e-06, 5.316813241915173e-06] - [5.802226669898255e-07, 5.979189765420127e-07, 6.139523996928581e-07, 5.802223489302669e-07]
B1: 0.16665144363866566 - 0.6666673107328928 - 0.16668933673092476 - -1.4060149342044886e-05
B2: 0.16664905790937917 - 0.6666434945978805 - 0.1666407239403478 - -1.7557930319379823e-05
