Number: 2864
Error: 6.607128466229765e-06
A1: [-5.938842467121401e-06, -6.309916880602205e-06, -5.337394767735143e-06, -5.702422184393034e-06] - [0.20832684608992247, 0.3333233129857119, -0.04167420956432851, -5.44643461694989e-06] - [0.16665988792177042, 0.6666595317271303, 0.16666083375965357, -6.487300181480458e-06] - [-5.4417469048506005e-06, -4.858150423552316e-06, -4.2743397304205805e-06, -5.437111482096385e-06]
A2: [0.16666206182503296, -0.1666713628668727, -5.13210571736902e-06, -4.655999168239037e-06] - [0.16658228843001735, 0.33324651600256894, -9.041713844320217e-05, -8.457881912414306e-05] - [0.16662268951726011, 0.833288029104864, -4.6848691506056405e-05, -4.4026283509181174e-05] - [1.5375441677295226e-05, 1.584537631869094e-05, 1.6271281827797e-05, 1.537543981369956e-05]
B1: 0.1666900991250845 - 0.6665461861494172 - 0.16656754982353716 - 5.1118525038355383e-05
B2: 0.16667995242354172 - 0.6666771081839521 - 0.16668172198065226 - 1.4531528824658651e-05
