Number: 336
Error: 8.022596848314341e-06
A1: [2.8140459227692364e-06, 2.865642257321246e-06, 3.073750543585009e-06, 2.8382615163270235e-06] - [0.20834935866200507, 0.33334911263567835, -0.04165043291878233, 1.613109612229815e-05] - [0.16667075073335316, 0.6666706971857198, 0.1666708370002841, 4.113619808433971e-06] - [-6.301537454769343e-07, -5.623150782192868e-07, -4.944323184492148e-07, -6.296139312760493e-07]
A2: [0.16664752576463376, -0.1666864902582248, -2.0492798420082866e-05, -1.9146835860670757e-05] - [0.16658214815023437, 0.333245887569034, -9.029302863258353e-05, -8.454175840508495e-05] - [0.16664280895473668, 0.833308671655674, -2.543699945291138e-05, -2.3863398642883198e-05] - [1.8066105626647817e-06, 1.8617935977655328e-06, 1.9117978373796496e-06, 1.8066095078006658e-06]
B1: 0.16671513563159762 - 0.666640249766615 - 0.16658471387269835 - 5.1061604400973325e-05
B2: 0.16670995170244965 - 0.6667242190236647 - 0.16673934667701737 - 4.3434928729341795e-05
