Number: 1193
Error: 3.273408149991623e-06
A1: [-5.850515494096674e-06, -5.255123116030028e-06, -4.100531704509569e-06, -5.749331019918905e-06] - [0.2083153198815258, 0.33331703269003765, -0.041678752797132956, -1.7567665414415896e-05] - [0.16665957963497202, 0.6666602710625791, 0.1666616528001395, -6.962211140150328e-06] - [-2.2617272171721127e-06, -2.01901730466574e-06, -1.776174672660981e-06, -2.2597932575823326e-06]
A2: [0.16668128321661638, -0.16665165957017125, 1.5207541333032296e-05, 1.4595288923990406e-05] - [0.16669449368178124, 0.3333618206068433, 2.8485922382138858e-05, 2.774367603035024e-05] - [0.16666330748326427, 0.8333298310781355, -3.7783666649642397e-06, -3.379590996277171e-06] - [6.410306875721714e-06, 6.606210712337996e-06, 6.78374362507124e-06, 6.410303959668246e-06]
B1: 0.166641821912208 - 0.666627925358421 - 0.16668287949050511 - -1.2902757010807534e-05
B2: 0.16663486797526178 - 0.6666221414363492 - 0.16661505450145703 - -3.1277410290409183e-05
