Number: 2753
Error: 4.134292813827107e-06
A1: [-1.128690989649388e-05, -1.0955060243646188e-05, -9.331525176982451e-06, -1.1054750894493346e-05] - [0.20830128249973365, 0.33330095623740186, -0.0416935916939254, -3.102793202964071e-05] - [0.16665284083573492, 0.666653342720862, 0.16665543878050157, -1.3539380753892933e-05] - [-5.230001948251254e-06, -4.66911254965306e-06, -4.10801060051368e-06, -5.225545772112801e-06]
A2: [0.1666902517864365, -0.16664232550612887, 2.4686294025605086e-05, 2.3535970039486434e-05] - [0.1666945883696927, 0.3333622185694814, 2.8421977393913272e-05, 2.7728995293109325e-05] - [0.1666508974684906, 0.8333170986845383, -1.698487575934082e-05, -1.5816402532573214e-05] - [1.4782772310446944e-05, 1.5234592761299587e-05, 1.5644078922204683e-05, 1.47827701819926e-05]
B1: 0.16662603356108638 - 0.6665695597435759 - 0.16667198097439298 - -1.3206656785486019e-05
B2: 0.16661690875523266 - 0.6665935089187119 - 0.1665798094105611 - -4.8560799728396444e-05
