Number: 758
Error: 7.776792131298695e-06
A1: [1.3812562039106446e-06, 1.3645801733193894e-06, 1.702599282903509e-06, 1.4408713009461948e-06] - [0.20834571680186348, 0.3333449311073191, -0.041654267645280206, 1.2645218742116172e-05] - [0.16666896694538472, 0.6666688650982378, 0.16666920119090972, 2.3735288137399e-06] - [-1.4334557091969867e-06, -1.2795200318965648e-06, -1.1254925468927955e-06, -1.4322287776036619e-06]
A2: [0.1666499464588436, -0.16668397150941777, -1.793574778204132e-05, -1.6733690945683725e-05] - [0.1665821373801088, 0.3332459559522223, -9.03524924300579e-05, -8.458212803968394e-05] - [0.16663943936706221, 0.8333052142412383, -2.902326598224054e-05, -2.7240236440571596e-05] - [4.0720745923438756e-06, 4.196505696798502e-06, 4.309264898656586e-06, 4.072072428182106e-06]
B1: 0.16671135035266876 - 0.6666249064077845 - 0.1665821741726512 - 5.146504589065923e-05
B2: 0.16670442612874453 - 0.6667159292550608 - 0.16672940071483128 - 3.8092277463532145e-05
