Number: 2353
Error: 3.915238869025453e-06
A1: [-9.886450056169058e-06, -9.486647589133135e-06, -7.982965066618974e-06, -9.687878497759339e-06] - [0.20830490820744776, 0.333305106332133, -0.04168975734333517, -2.755022277829863e-05] - [0.1666545753352745, 0.6666551262101277, 0.16665703952390257, -1.1846326802646713e-05] - [-4.468951400014663e-06, -3.98964619642995e-06, -3.5101391372446892e-06, -4.465140212338952e-06]
A2: [0.1666879569767166, -0.1666447140896051, 2.2260540157644233e-05, 2.1248311173274435e-05] - [0.16669458090300882, 0.3333621331592054, 2.8454792408339204e-05, 2.774957378306401e-05] - [0.16665408325252998, 0.8333203671013028, -1.359492061496622e-05, -1.2623746225132733e-05] - [1.2636219996065114e-05, 1.3022428377702522e-05, 1.337244272090742e-05, 1.2636217145485646e-05]
B1: 0.16663006205770892 - 0.6665845161401142 - 0.16667477810419434 - -1.3148367473980936e-05
B2: 0.16662146801262268 - 0.6666008254355063 - 0.16658884314077008 - -4.417483782856224e-05
