Number: 790
Error: 7.758542183906887e-06
A1: [1.2718442451005213e-06, 1.249912040095825e-06, 1.5977027047554175e-06, 1.3341443687153029e-06] - [0.2083454374642124, 0.33334461053842096, -0.04165456222581944, 1.2377712193377701e-05] - [0.16666883086226672, 0.6666687252777976, 0.16666907617855237, 2.240759892248612e-06] - [-1.4943676100869035e-06, -1.3339032861454333e-06, -1.1733438722217403e-06, -1.49308863478145e-06]
A2: [0.16665013072383597, -0.16668377978040233, -1.7741087535658774e-05, -1.6549998410940132e-05] - [0.16658213972283695, 0.33324596440263926, -9.035363943209741e-05, -8.458202988814525e-05] - [0.1666391847257353, 0.833304952964165, -2.9294292203284834e-05, -2.749542758104164e-05] - [4.243858049025515e-06, 4.373540020147023e-06, 4.491057837513e-06, 4.243855815726717e-06]
B1: 0.16671103987792438 - 0.6666237221867148 - 0.16658196350801283 - 5.147221761865901e-05
B2: 0.16670403058609948 - 0.6667153215287822 - 0.16672866460000915 - 3.771060592708462e-05
