Number: 2131
Error: 3.793192258964868e-06
A1: [-9.100654229735742e-06, -8.662656053859068e-06, -7.2250135161106655e-06, -8.920732491346623e-06] - [0.2083069548414796, 0.3333074459322887, -0.04168759105967874, -2.558576233886201e-05] - [0.16665554661295867, 0.6666561251612171, 0.16665793752758515, -1.0898060946149436e-05] - [-4.0465556243721425e-06, -3.612530077134842e-06, -3.1783115098205897e-06, -4.043102918752309e-06]
A2: [0.16668668355436506, -0.16664603963139513, 2.091429315651513e-05, 1.9978857496375495e-05] - [0.16669457578899202, 0.3333620845933104, 2.847164529622579e-05, 2.7760023963532254e-05] - [0.16665585062977217, 0.8333221803165283, -1.1714276004583792e-05, -1.0852555333788978e-05] - [1.1444808737923638e-05, 1.1794600020851297e-05, 1.211160636912315e-05, 1.1444805641205874e-05]
B1: 0.16663227355752402 - 0.6665927905037913 - 0.1666763016127591 - -1.3140414468898383e-05
B2: 0.16662397297382534 - 0.6666048872635985 - 0.16659388608144984 - -4.176605098637043e-05
