Number: 1594
Error: 7.307192712021562e-06
A1: [-1.5360963948829758e-06, -1.6939332157539786e-06, -1.1044918816009333e-06, -1.4062809482584521e-06] - [0.20833818003438076, 0.33333630181589685, -0.04166223338768481, 5.417762229341743e-06] - [0.1666653514804756, 0.6666651481791301, 0.16666586728138463, -1.1553007625794203e-06] - [-3.0246952819628128e-06, -2.7001993139865147e-06, -2.375540424686049e-06, -3.022111318567532e-06]
A2: [0.166654758537663, -0.16667896361493326, -1.2850450830069617e-05, -1.1936567505532367e-05] - [0.16658220841479607, 0.3332461891695649, -9.036742889210594e-05, -8.456973592505245e-05] - [0.16663279344480886, 0.8332983954460675, -3.6096299892997786e-05, -3.390052451270234e-05] - [8.559605183550773e-06, 8.821205004264004e-06, 9.058278770146832e-06, 8.559601951319037e-06]
B1: 0.16670305956861672 - 0.666593810757213 - 0.16657653282119123 - 5.147298349272488e-05
B2: 0.16669461618733494 - 0.6667003891740558 - 0.16671030818525048 - 2.86447255180483e-05
