Number: 162
Error: 8.128859749734632e-06
A1: [3.3823734224585798e-06, 3.4603698252934707e-06, 3.6131603387403037e-06, 3.3920145387719866e-06] - [0.2083507685737795, 0.3333507381598841, -0.04164895729822814, 1.747678131874675e-05] - [0.16667146290972126, 0.6666714275801522, 0.1666714847628603, 4.8078007213094266e-06] - [-2.989152465709357e-07, -2.6657659902255553e-07, -2.3421610192563433e-07, -2.9865920861812456e-07]
A2: [0.16664653594829892, -0.1666875200144577, -2.1537878144054404e-05, -2.0133539450351748e-05] - [0.16658219302320676, 0.33324590150124384, -9.022479112409445e-05, -8.448468133680413e-05] - [0.16664421023945047, 0.8333101095111423, -2.394568941322287e-05, -2.245912482899774e-05] - [8.724855526855901e-07, 8.991152785417174e-07, 9.232441996020317e-07, 8.724850532990039e-07]
B1: 0.1667164177449785 - 0.6666463343874895 - 0.16658555590004628 - 5.0616935025381467e-05
B2: 0.16671258515869972 - 0.6667279196611754 - 0.16674365255107995 - 4.599296281818793e-05
