Number: 2514
Error: 6.798928201653336e-06
A1: [-4.740501822911454e-06, -5.053654017149256e-06, -4.187540785766111e-06, -4.533445027983026e-06] - [0.20832990922035505, 0.33332682880917885, -0.041670976173782036, -2.512700769267795e-06] - [0.16666137845673887, 0.6666610635517124, 0.16666220410540872, -5.033004237255563e-06] - [-4.7756574693769556e-06, -4.263465944635208e-06, -3.751067578508486e-06, -4.7715862138206335e-06]
A2: [0.16666004935578171, -0.16667345718263554, -7.258700437865024e-06, -6.662207295457338e-06] - [0.1665822703137825, 0.333246430197241, -9.039884128301328e-05, -8.457237918955832e-05] - [0.1666254758878923, 0.8332908878323981, -4.3883532258202214e-05, -4.1233895398479865e-05] - [1.3497226696985812e-05, 1.3909751546162112e-05, 1.4283619202857108e-05, 1.3497224095206631e-05]
B1: 0.16669371483661388 - 0.6665593602483328 - 0.16657008072935803 - 5.126032087932102e-05
B2: 0.16668403364822812 - 0.6666835175222904 - 0.16668954410885456 - 1.8461014856261537e-05
