Number: 2676
Error: 6.710069915525734e-06
A1: [-5.288596510624305e-06, -5.62819009410579e-06, -4.712455789782647e-06, -5.067954769826077e-06] - [0.2083285178826075, 0.3333252294244685, -0.04167244334571434, -3.84417136023513e-06] - [0.16666069518754523, 0.6666603615440914, 0.16666157721366728, -5.699506008898479e-06] - [-5.083966504390136e-06, -4.538724743841683e-06, -3.993272092765769e-06, -5.079634005187675e-06]
A2: [0.16666098223975845, -0.16667248647025495, -6.273105992417523e-06, -5.732221330151942e-06] - [0.16658228267423053, 0.3332464737425142, -9.040363575532331e-05, -8.457138460723532e-05] - [0.1666241867954387, 0.8332895652314116, -4.525541463080809e-05, -4.2525772997209147e-05] - [1.4366587388824073e-05, 1.4805685281622577e-05, 1.520363926524986e-05, 1.436658509460651e-05]
B1: 0.1666920188522335 - 0.6665532418094064 - 0.16656889035674616 - 5.1172258410184476e-05
B2: 0.16668212143139735 - 0.6666805482020873 - 0.16668594247265428 - 1.6619031712519476e-05
