Number: 18
Error: 8.220196824192338e-06
A1: [3.701673944330884e-06, 3.7926512134869966e-06, 3.89079547250166e-06, 3.69939820169251e-06] - [0.20835132605431714, 0.3333514384882605, -0.04164841660909534, 1.7981692905116255e-05] - [0.1666718991313492, 0.666671869975357, 0.16667184987016967, 5.22927598043917e-06] - [-2.4761914283075912e-08, -2.1802014581891385e-08, -1.884003411307252e-08, -2.4740984889541803e-08]
A2: [0.16664570075500099, -0.16668838674968467, -2.2415742008464357e-05, -2.0966156681916155e-05] - [0.16658220336258261, 0.3332458905350989, -9.018644093375108e-05, -8.446424217319027e-05] - [0.16664537257185233, 0.8333113027478719, -2.270758016045964e-05, -2.1294318793771762e-05] - [9.94161899634863e-08, 1.0241549750076217e-07, 1.0513048050146759e-07, 9.941617994702737e-08]
B1: 0.16671769965680133 - 0.6666516006425673 - 0.16658649323765007 - 5.0470410165450184e-05
B2: 0.16671549602526206 - 0.6667312407792952 - 0.16674697488375695 - 4.884140698554512e-05
