Number: 2372
Error: 6.8770121456232255e-06
A1: [-4.2396463142666994e-06, -4.528473804130394e-06, -3.704709458697268e-06, -4.044517065479986e-06] - [0.2083312110578561, 0.33332831762742576, -0.04166959863181686, -1.2634186468452632e-06] - [0.16666199801554327, 0.6666617006941378, 0.16666277656133588, -4.428162951418096e-06] - [-4.505412856667281e-06, -4.022191678749548e-06, -3.538768113019914e-06, -4.501570747329907e-06]
A2: [0.16665923475158873, -0.16667430511830678, -8.119862048744248e-06, -7.474271259449225e-06] - [0.16658226714389382, 0.33324639923725413, -9.03879062861861e-05, -8.456558662328681e-05] - [0.1666266065422518, 0.8332920478036393, -4.268042156280802e-05, -4.0100799866920825e-05] - [1.27351719796746e-05, 1.3124403714316678e-05, 1.3477158364177063e-05, 1.273516915673225e-05]
B1: 0.16669513510462028 - 0.6665646589909869 - 0.1665710617030552 - 5.1271102615504355e-05
B2: 0.166685641536451 - 0.6666861156874807 - 0.16669276370300595 - 2.000734377977235e-05
