Number: 1909
Error: 3.670862018916916e-06
A1: [-8.338783645708004e-06, -7.863934254455554e-06, -6.4936781061760416e-06, -8.177489223923382e-06] - [0.2083089050915734, 0.3333096837268892, -0.04168553200716457, -2.371759458668646e-05] - [0.16665649371428312, 0.666657098575085, 0.16665880862855345, -9.973949194781696e-06] - [-3.6241479808932904e-06, -3.2354014375434055e-06, -2.846472782927279e-06, -3.6210541275093722e-06]
A2: [0.1666854052248117, -0.16664736987895515, 1.956355560591793e-05, 1.8704496805395392e-05] - [0.1666945568881697, 0.3333620227755183, 2.8475818768191702e-05, 2.7756687573305945e-05] - [0.16665761600665743, 0.833323991596938, -9.83549598025633e-06, -9.083364920810283e-06] - [1.0253359915437536e-05, 1.056673283195877e-05, 1.085073077646508e-05, 1.025335668325099e-05]
B1: 0.1666345645894731 - 0.666601138658272 - 0.16667789294149454 - -1.305290251846652e-05
B2: 0.1666265634931138 - 0.6666089600342378 - 0.16659886122657988 - -3.9271711414926816e-05
