Number: 1169
Error: 3.2599455173988913e-06
A1: [-5.750607671297228e-06, -5.150251766963112e-06, -4.001967215343302e-06, -5.651453944869645e-06] - [0.20831560134623522, 0.3333173491852574, -0.0416784516851215, -1.7295142543462287e-05] - [0.16665969974319078, 0.6666603950057496, 0.1666617666702149, -6.844605612275009e-06] - [-2.2160583472508027e-06, -1.9782439949890902e-06, -1.7402989578782053e-06, -2.2141633331660187e-06]
A2: [0.16668114780443977, -0.16665180074018174, 1.5064003291541617e-05, 1.4460305689612336e-05] - [0.16669449873956504, 0.3333618206497394, 2.849270136547424e-05, 2.7750415774682963e-05] - [0.16666349907327374, 0.8333300275873405, -3.5746072434536003e-06, -3.1875889511466087e-06] - [6.281471482007627e-06, 6.473437255960935e-06, 6.647401142825555e-06, 6.281468596344808e-06]
B1: 0.16664200843129373 - 0.6666287688517114 - 0.1666829945591115 - -1.2954518319783495e-05
B2: 0.16663509290386389 - 0.6666225812503229 - 0.16661564951046595 - -3.106287441677206e-05
