Number: 2004
Error: 7.079973685997751e-06
A1: [-2.948354659054091e-06, -3.1745175584864826e-06, -2.460881192095435e-06, -2.7841306445167646e-06] - [0.20833455780154597, 0.33333214742174727, -0.04166605874646935, 1.947148955240964e-06] - [0.16666359686187934, 0.6666633447273999, 0.16666425256456344, -2.8674530360065463e-06] - [-3.805039933379202e-06, -3.396896966788741e-06, -2.9885670999312274e-06, -3.801792369795179e-06]
A2: [0.1666571208292411, -0.16667650536768977, -1.0354326373304369e-05, -9.58161045655574e-06] - [0.1665822495363259, 0.3332463097567622, -9.03686481881857e-05, -8.455737684756614e-05] - [0.16662953476750247, 0.8332950520232287, -3.9564384251108284e-05, -3.716624874226465e-05] - [1.0760173548718948e-05, 1.1089036908665018e-05, 1.13870747434922e-05, 1.0760170362889032e-05]
B1: 0.16669884238371066 - 0.6665784120052012 - 0.16657361901844348 - 5.132556728277403e-05
B2: 0.1666898367543141 - 0.6666928563135093 - 0.16670109270194555 - 2.404302963555593e-05
