Number: 86
Error: 8.176847725492442e-06
A1: [3.618532370745764e-06, 3.707218090721473e-06, 3.835004725879941e-06, 3.62181926536615e-06] - [0.20835133532554112, 0.33335139574647826, -0.04164836852769506, 1.801552749890768e-05] - [0.16667176155756938, 0.6666717333589687, 0.1666717536224755, 5.09860033213011e-06] - [-1.5423115552794789e-07, -1.3739832843753214e-07, -1.2055389534423755e-07, -1.5409916211849328e-07]
A2: [0.16664610573635602, -0.16668796746886647, -2.1991828415358664e-05, -2.0562391804341098e-05] - [0.16658222459618735, 0.3332459202279288, -9.01817073177566e-05, -8.444777790708745e-05] - [0.16664482616561135, 0.8333107415423976, -2.329018848639994e-05, -2.1841893134097332e-05] - [4.6447701149537636e-07, 4.786351712780995e-07, 4.914623257716446e-07, 4.6447676962456765e-07]
B1: 0.16671689957365515 - 0.666648925854229 - 0.1665858694572061 - 5.034466243827656e-05
B2: 0.16671386900743926 - 0.6667296311270569 - 0.16674558738494172 - 4.72438684730478e-05
