Number: 463
Error: 2.85814426442949e-06
A1: [-3.31687089926289e-06, -2.599437097507405e-06, -1.6656137101419083e-06, -3.2769725970079686e-06] - [0.20832184490507338, 0.3333245068257169, -0.04167186295252338, -1.1312676216643867e-05] - [0.16666272169633126, 0.6666635005965917, 0.16666454675480996, -3.8957880859865375e-06] - [-8.725722586450998e-07, -7.787540302186851e-07, -6.84876295316774e-07, -8.718249157438315e-07]
A2: [0.16667708878075696, -0.16665602453637413, 1.0775367868534826e-05, 1.0413903790993878e-05] - [0.1666944673914606, 0.33336165437719883, 2.8537731018582284e-05, 2.77685573442819e-05] - [0.16666912075473628, 0.8333357956743775, 2.4085133442912743e-06, 2.4462152144211066e-06] - [2.491533393020303e-06, 2.567652712119656e-06, 2.636629877221434e-06, 2.4915319630745865e-06]
B1: 0.1666487573449182 - 0.6666548059398403 - 0.1666875649726303 - -1.32134861673508e-05
B2: 0.16664376541692574 - 0.6666359971253313 - 0.16663196458469526 - -2.2696198363711932e-05
