Number: 1775
Error: 3.5968301847728212e-06
A1: [-7.871119727961015e-06, -7.373589926619983e-06, -6.043572972922814e-06, -7.72107650112183e-06] - [0.2083101136527459, 0.3333110676078163, -0.04168425426264873, -2.2558609195733538e-05] - [0.16665707326326687, 0.6666576944472437, 0.1666593431823607, -9.408284777329514e-06] - [-3.3691773380765227e-06, -3.007761664113296e-06, -2.6461714697305e-06, -3.366300266761301e-06]
A2: [0.16668463455725302, -0.16664817195016995, 1.8749048140776992e-05, 1.7936224813463465e-05] - [0.16669454748221174, 0.3333619872945809, 2.8479992201927996e-05, 2.7756675921798292e-05] - [0.16665868163772188, 0.833325084915564, -8.70145579132223e-06, -8.015432189948835e-06] - [9.53416859833702e-06, 9.82555835184752e-06, 1.0089631844067015e-05, 9.534165337883459e-06]
B1: 0.16663592188823503 - 0.666606152185869 - 0.16667882803210038 - -1.3025697097884779e-05
B2: 0.16662810282520668 - 0.6666114183394155 - 0.1666018898269338 - -3.779043071111444e-05
