Number: 2452
Error: 6.832997602930523e-06
A1: [-4.524520284164585e-06, -4.8272036125127515e-06, -3.979732333524252e-06, -4.322668681594469e-06] - [0.20833046674643102, 0.33332746736388263, -0.041670386814785354, -1.9781109370679498e-06] - [0.16666164623775814, 0.6666613388568466, 0.16666245101422617, -4.771646518597652e-06] - [-4.657663098986457e-06, -4.158120550929565e-06, -3.6583730020394515e-06, -4.653691875442014e-06]
A2: [0.16665969326517233, -0.16667382780353387, -7.63507208381922e-06, -7.0171887904020845e-06] - [0.16658226788876254, 0.3332464156986816, -9.039498459027979e-05, -8.457045438006873e-05] - [0.16662596945338215, 0.8332913942054555, -4.3358316024142416e-05, -4.073926403000232e-05] - [1.3164501170360559e-05, 1.356685586587044e-05, 1.3931505201722993e-05, 1.3164498466450678e-05]
B1: 0.16669434375781042 - 0.6665616823038327 - 0.166570517290019 - 5.1273841937711276e-05
B2: 0.1666847447238975 - 0.6666846525493644 - 0.16669094157874684 - 1.9145212087591786e-05
