Number: 198
Error: 8.106503385406048e-06
A1: [3.266999675414908e-06, 3.339696359108845e-06, 3.5040943988599793e-06, 3.2796540673500097e-06] - [0.20835048587551433, 0.3333504114946086, -0.04164925230636986, 1.720736259241072e-05] - [0.16667131784734118, 0.6666712789069388, 0.16667135334453786, 4.666459365945035e-06] - [-3.6744856691621644e-07, -3.2776506915338023e-07, -2.880549853517523e-07, -3.6713379222114577e-07]
A2: [0.16664674014318726, -0.16668730759828854, -2.1322332232220474e-05, -1.992998857808385e-05] - [0.1665821806897588, 0.33324589542689537, -9.024223568324664e-05, -8.449953974989873e-05] - [0.16664391938730533, 0.8333098110635254, -2.4255223287790432e-05, -2.2750595395386592e-05] - [1.0657530511864047e-06, 1.098290368136258e-06, 1.1277727844018837e-06, 1.065752432783506e-06]
B1: 0.16671617272788877 - 0.6666450928707169 - 0.166585396189235 - 5.072915584886281e-05
B2: 0.16671201116384676 - 0.6667271319647571 - 0.16674274720328675 - 4.543457254246747e-05
