Number: 853
Error: 3.0821988881318014e-06
A1: [-4.662288142421641e-06, -4.009409563575244e-06, -2.9569931645971735e-06, -4.58965532589338e-06] - [0.2083183923611122, 0.33332054977309217, -0.04167550528996664, -1.4620986450037037e-05] - [0.16666105156243033, 0.6666617843572614, 0.16666301043122, -5.5255195372544766e-06] - [-1.6147344806699549e-06, -1.4413718692567175e-06, -1.26790768393199e-06, -1.6133526702393238e-06]
A2: [0.16667932724227363, -0.16665369515165293, 1.314048131759016e-05, 1.2645392930826746e-05] - [0.16669446891334955, 0.33336173002232955, 2.8496284758531607e-05, 2.7742741322417088e-05] - [0.16666601122667096, 0.8333326051658322, -9.008736223656433e-07, -6.70009168514186e-07] - [4.585199122147758e-06, 4.72531529725573e-06, 4.8522892050048245e-06, 4.58519675584118e-06]
B1: 0.1666451585193525 - 0.6666405395178432 - 0.1666851445630218 - -1.29411550241454e-05
B2: 0.1666388742584765 - 0.6666284835179948 - 0.1666228475445071 - -2.7418412291107004e-05
