Number: 2348
Error: 6.890261897877929e-06
A1: [-4.139804098242095e-06, -4.423667163428525e-06, -3.606207600413174e-06, -3.94670533875426e-06] - [0.20833149227337505, 0.33332863388071976, -0.041669297751975774, -9.911443344194107e-07] - [0.16666211808195908, 0.6666618245943401, 0.16666289038997012, -4.31059872884674e-06] - [-4.4597414002831446e-06, -3.98141685402053e-06, -3.5028907558328947e-06, -4.4559380307506635e-06]
A2: [0.16665909963508369, -0.166674445996653, -8.263110694429912e-06, -7.60895843488682e-06] - [0.16658227325874667, 0.3332464003169233, -9.038010179090071e-05, -8.455778800748742e-05] - [0.16662679839947028, 0.8332922445750155, -4.247640212710292e-05, -3.990853006929516e-05] - [1.2606371678588803e-05, 1.299166649789841e-05, 1.3340852738360395e-05, 1.2606368822761084e-05]
B1: 0.16669532517793434 - 0.6665655067422098 - 0.1665711818408713 - 5.12229102868125e-05
B2: 0.16668586169277835 - 0.6666865505786127 - 0.1666933535875554 - 2.0217097739431782e-05
