Number: 500
Error: 7.925625100437022e-06
A1: [2.2599919391367467e-06, 2.2853498667707036e-06, 2.5442399163719352e-06, 2.2979620857148495e-06] - [0.20834795485306895, 0.33334750024217424, -0.04165190938941954, 1.4787894972438297e-05] - [0.1666700604819475, 0.666669988440933, 0.16667020481345723, 3.4403475881895102e-06] - [-9.42343745974171e-07, -8.410454520434122e-07, -7.396835200808229e-07, -9.415367211070735e-07]
A2: [0.16664846365917121, -0.16668551436554083, -1.9502121836785656e-05, -1.8211875174569197e-05] - [0.16658213133612518, 0.333245901115304, -9.032953442206996e-05, -8.457007545631535e-05] - [0.16664149598511827, 0.8333073244625073, -2.683435012094816e-05, -2.5179185725608467e-05] - [2.6870412432130136e-06, 2.769136286447668e-06, 2.843528819095969e-06, 2.6870397148170706e-06]
B1: 0.16671375515866838 - 0.66663436685741 - 0.16658379621514485 - 5.130889984344953e-05
B2: 0.16670771547005375 - 0.6667209179102546 - 0.16673541211020987 - 4.1269784086872796e-05
