Number: 1041
Error: 3.188207601391114e-06
A1: [-5.313542322122377e-06, -4.6921056071191446e-06, -3.5828471910108814e-06, -5.22512753692726e-06] - [0.20831671674088303, 0.333318629697037, -0.04167727492131205, -1.6227068390987137e-05] - [0.16666024352639552, 0.6666609537933873, 0.16666226628736988, -6.314077574471992e-06] - [-1.9724861210190215e-06, -1.760778708663284e-06, -1.5489518793866785e-06, -1.970798894438734e-06]
A2: [0.16668040945869772, -0.166652568978345, 1.4283997182768852e-05, 1.3724248340342922e-05] - [0.16669448382115745, 0.33336178114310583, 2.8491404842689044e-05, 2.7744470448647253e-05] - [0.1666645161508712, 0.8333310711654488, -2.4920790577223022e-06, -2.168313228784246e-06] - [5.5943891397154115e-06, 5.765353030338545e-06, 5.920283263949971e-06, 5.594386437997793e-06]
B1: 0.16664330932563676 - 0.6666335600819614 - 0.1666838873296623 - -1.2924186304988296e-05
B2: 0.16663662657346007 - 0.6666249623623205 - 0.16661854322636863 - -2.958465627729647e-05
