Number: 2320
Error: 6.9056328134184655e-06
A1: [-4.05926878277607e-06, -4.339359053852217e-06, -3.53127336349646e-06, -3.868504505987798e-06] - [0.20833167556205454, 0.33332884991655415, -0.041669107779042994, -8.181484920303051e-07] - [0.1666622218294758, 0.6666619307747745, 0.16666298278111874, -4.209735691074601e-06] - [-4.40644820713538e-06, -3.933835855281808e-06, -3.461022958261583e-06, -4.402690048862188e-06]
A2: [0.16665893583923028, -0.1666746162110471, -8.43577100353565e-06, -7.772253391097224e-06] - [0.1665822642972569, 0.3332463862816642, -9.038544818507217e-05, -8.456478508047937e-05] - [0.16662702034518664, 0.8332924723505684, -4.2240068372482496e-05, -3.968610301064221e-05] - [1.2456104586567145e-05, 1.2836806278179611e-05, 1.318182932573583e-05, 1.2456101693945464e-05]
B1: 0.166695665359645 - 0.6665666088490956 - 0.1665714296981218 - 5.128521172476891e-05
B2: 0.16668624103169738 - 0.6666870683546813 - 0.16669393395149637 - 2.0584295940559105e-05
