Number: 2648
Error: 6.725380667888141e-06
A1: [-5.208065340656462e-06, -5.543886624846065e-06, -4.637526210528652e-06, -4.98975799687565e-06] - [0.20832870115779709, 0.333325445446036, -0.04167225338658606, -3.671188785321261e-06] - [0.16666079893115446, 0.666660467720536, 0.16666166960173223, -5.598646705432923e-06] - [-5.030674757523208e-06, -4.491145146053725e-06, -3.951405265472587e-06, -5.02638740156686e-06]
A2: [0.16666081860968512, -0.16667265651846497, -6.4456001659914015e-06, -5.895350507420153e-06] - [0.16658227434209733, 0.33324646033709754, -9.040835291861167e-05, -8.457775223805157e-05] - [0.16662440889601227, 0.8332897931618455, -4.501892602011604e-05, -4.230319102778787e-05] - [1.4216329738278713e-05, 1.4650834806543265e-05, 1.5044625733688651e-05, 1.4216327386692438e-05]
B1: 0.16669235856562065 - 0.6665543438943897 - 0.16656913868402462 - 5.123409933394872e-05
B2: 0.16668250028244683 - 0.666681065481808 - 0.16668652232930162 - 1.6985741503461186e-05
