Number: 1118
Error: 7.5730796820896705e-06
A1: [1.2139147656614942e-07, 4.38215071357655e-08, 4.900061030099757e-07, 2.1124048616506586e-07] - [0.20834245714423594, 0.33334120053655053, -0.04165771291397625, 9.51877230606959e-06] - [0.16666740654397846, 0.6666672608894983, 0.16666776180488552, 8.504393343672194e-07] - [-2.1186961569643734e-06, -1.8913131572956661e-06, -1.6638040273558823e-06, -2.1168842011933304e-06]
A2: [0.16665201701879498, -0.16668181665300857, -1.5747582391468503e-05, -1.4669571126138483e-05] - [0.16658216164366063, 0.33324604990187817, -9.036553570954871e-05, -8.458311649231547e-05] - [0.1666365759992646, 0.8333022763814975, -3.207064851243082e-05, -3.010978997910934e-05] - [6.004586293982504e-06, 6.188087927509039e-06, 6.3543808540386805e-06, 6.004583480273503e-06]
B1: 0.16670785773355015 - 0.6666115887555588 - 0.1665798133633916 - 5.154606149259824e-05
B2: 0.16670015463310964 - 0.6667091795961475 - 0.1667211102909104 - 3.397683175268104e-05
