Number: 1444
Error: 7.390729158327465e-06
A1: [-1.0017959107570248e-06, -1.1336534900499668e-06, -5.886700014470791e-07, -8.845862008852171e-07] - [0.2083395761727653, 0.3333378965980808, -0.04166075504069496, 6.758361252327493e-06] - [0.16666601121187682, 0.6666658267678794, 0.16666647780746355, -5.11123613433692e-07] - [-2.739198844631922e-06, -2.4453057726403254e-06, -2.1512603294930046e-06, -2.736857973377662e-06]
A2: [0.16665389677202272, -0.16667986063125556, -1.3761475856764328e-05, -1.2795649777337844e-05] - [0.16658219932426593, 0.33324615063407076, -9.036179141477207e-05, -8.456830400241991e-05] - [0.16663398610677385, 0.833299619070545, -3.482711259088139e-05, -3.270528465079352e-05] - [7.754476360450476e-06, 7.991466205595198e-06, 8.206235442780183e-06, 7.75447320551825e-06]
B1: 0.16670454004779967 - 0.6665993833942765 - 0.1665775389260274 - 5.1464445314434816e-05
B2: 0.16669631216912828 - 0.6667031473800673 - 0.16671373984663515 - 3.027568462934042e-05
