Number: 1425
Error: 3.402740200298485e-06
A1: [-6.648375349978365e-06, -6.091550837571704e-06, -4.866585787735763e-06, -6.5277214812756725e-06] - [0.20831327523187565, 0.33331468732569364, -0.04168091156390282, -1.9526525542648153e-05] - [0.16665858823657656, 0.6666592521100061, 0.16666074073046244, -7.92957983869417e-06] - [-2.703193012008959e-06, -2.41316412845781e-06, -2.122984134309222e-06, -2.7008827975111365e-06]
A2: [0.1666826207366404, -0.1666502677986254, 1.6620716083658248e-05, 1.5928661287280554e-05] - [0.16669451947597888, 0.33336189119257015, 2.848747949096916e-05, 2.775320624944656e-05] - [0.16666146410918972, 0.8333279397121212, -5.740291092702073e-06, -5.226949407916691e-06] - [7.655595945691113e-06, 7.889564149392276e-06, 8.101594863759906e-06, 7.655592801534344e-06]
B1: 0.16663945509418218 - 0.6666192327539723 - 0.16668125306165432 - -1.2966679752755858e-05
B2: 0.16663213356146292 - 0.6666178530948214 - 0.1666098180451672 - -3.3911318184779544e-05
