Number: 2978
Error: 6.544808481818157e-06
A1: [-6.335175296781186e-06, -6.7254524019956684e-06, -5.718609219430925e-06, -6.089185378249376e-06] - [0.20832582414090733, 0.3333221422289222, -0.04167528969084166, -6.426214708894404e-06] - [0.1666593963539936, 0.6666590263694653, 0.1666603806539827, -6.9670590597467066e-06] - [-5.658694889776667e-06, -5.051840773317759e-06, -4.4447711516605055e-06, -5.653875907731281e-06]
A2: [0.16666271579450806, -0.16667068218939693, -4.440861108070213e-06, -4.004069023450185e-06] - [0.16658228977625675, 0.3332465395276727, -9.042737899161751e-05, -8.458547141551252e-05] - [0.16662178118283882, 0.83328709721858, -4.781522720929959e-05, -4.493657806192915e-05] - [1.598717611967254e-05, 1.6475809067189747e-05, 1.691866364407486e-05, 1.59871745556804e-05]
B1: 0.1666889430132211 - 0.6665419145137984 - 0.16656674247686268 - 5.109391060111591e-05
B2: 0.1666786447511238 - 0.6666750234417654 - 0.1666791572750942 - 1.3273279914132705e-05
