Number: 1009
Error: 3.170227768745892e-06
A1: [-5.204253740482394e-06, -4.577548496721824e-06, -3.4780484247582367e-06, -5.118523731911152e-06] - [0.20831699567036405, 0.3333189498995895, -0.04167698066230918, -1.5959969157621324e-05] - [0.1666603794908002, 0.6666610935075462, 0.16666239120727683, -6.1814270241813985e-06] - [-1.91159261795716e-06, -1.7064119410437851e-06, -1.5011147755799908e-06, -1.9099573579444605e-06]
A2: [0.16668022490889742, -0.16665276099969456, 1.4089035317058197e-05, 1.3540270638542338e-05] - [0.166694480254286, 0.3333617714359174, 2.849125636489414e-05, 2.7743146823579467e-05] - [0.16666477046306596, 0.8333313321045248, -2.2214009147080257e-06, -1.9134515176860634e-06] - [5.422615747287421e-06, 5.588329077111123e-06, 5.738500853654514e-06, 5.422613097169573e-06]
B1: 0.1666436324284029 - 0.6666347559077614 - 0.16668410866696248 - -1.291872452403914e-05
B2: 0.1666370117531533 - 0.6666255594552329 - 0.16661926851907177 - -2.9213339346316028e-05
