Number: 2491
Error: 3.990904420605578e-06
A1: [-1.0358715628358482e-05, -9.98174536388674e-06, -8.43610155408905e-06, -1.0148566685903433e-05] - [0.20830370121845776, 0.33330372089518673, -0.04169103138176974, -2.870619393798145e-05] - [0.1666539879391176, 0.6666545225313789, 0.16665649951297568, -1.2419434442989197e-05] - [-4.731518702170192e-06, -4.224067272792868e-06, -3.7164095403550732e-06, -4.727484857647215e-06]
A2: [0.16668875085938334, -0.16664388794641888, 2.3099409593421954e-05, 2.2039726710445652e-05] - [0.16669458953180918, 0.33336216843664257, 2.8449023438428564e-05, 2.7748526850187574e-05] - [0.16665298501364217, 0.8333192403247297, -1.4763659486712369e-05, -1.3724356015670431e-05] - [1.3376793126619506e-05, 1.3785638104881523e-05, 1.4156170346630973e-05, 1.337679048462435e-05]
B1: 0.16662863570533287 - 0.6665793221239434 - 0.16667378157971438 - -1.3205013751498509e-05
B2: 0.16661985678100172 - 0.6665982969157715 - 0.16658575802519116 - -4.572627972704771e-05
