Number: 2369
Error: 3.923989692275282e-06
A1: [-9.929051727946715e-06, -9.531213647815523e-06, -8.02198348034801e-06, -9.72914950545607e-06] - [0.2083048172163404, 0.333304997401799, -0.04168985060863266, -2.7635345647397913e-05] - [0.1666545195116181, 0.6666550691888474, 0.1666569905743969, -1.1900505563014576e-05] - [-4.499395540615336e-06, -4.016827402860403e-06, -3.534056853279158e-06, -4.49555852897271e-06]
A2: [0.1666880510996585, -0.1666446163290677, 2.2359667585376723e-05, 2.13421479806263e-05] - [0.16669458734375836, 0.33336214241901513, 2.845900617127792e-05, 2.775489236862266e-05] - [0.1666539565536422, 0.8333202370608883, -1.3729861342539862e-05, -1.2750720078555971e-05] - [1.2722078087169964e-05, 1.3110910852593289e-05, 1.346330393398527e-05, 1.2722075258542765e-05]
B1: 0.1666298569083803 - 0.6665838759766022 - 0.1666746264216311 - -1.3194743552009144e-05
B2: 0.16662123955901173 - 0.6666005285169083 - 0.16658852166981014 - -4.4396355672848907e-05
