Number: 209
Error: 2.706134130566604e-06
A1: [-2.486680441737796e-06, -1.7303842627155364e-06, -8.769836327102839e-07, -2.4680576092587957e-06] - [0.20832390645059243, 0.33332688430214735, -0.04166970309922779, -9.34488816365283e-06] - [0.16666376211335576, 0.6666645679118505, 0.1666654937564822, -2.881640235650832e-06] - [-3.892075879612395e-07, -3.4719294262082523e-07, -3.0515010882581427e-07, -3.888741495772008e-07]
A2: [0.16667563749360426, -0.1666575342869356, 9.243086588547079e-06, 8.967157961510697e-06] - [0.16669450625842655, 0.33336164745077795, 2.860944983347754e-05, 2.7825229590896572e-05] - [0.16667115921156206, 0.8333378873578288, 4.578071666641137e-06, 4.489033090419003e-06] - [1.1278718152913914e-06, 1.162308113604095e-06, 1.1935113971262956e-06, 1.1278711567892147e-06]
B1: 0.166650822319873 - 0.6666638599761507 - 0.1666889449672806 - -1.3669306271379129e-05
B2: 0.1666474497679024 - 0.6666412427637928 - 0.166638098397877 - -1.9121885210590168e-05
