Number: 2795
Error: 4.157225839923353e-06
A1: [-1.1431676202816197e-05, -1.11068332753765e-05, -9.470585900670303e-06, -1.1195992787419174e-05] - [0.20830091098670797, 0.3333005301793547, -0.04169398408466675, -3.1383914222129336e-05] - [0.16665266101883852, 0.6666531578893687, 0.16665527326559995, -1.3714848241074861e-05] - [-5.309910764521567e-06, -4.7404551253195e-06, -4.170786201168194e-06, -5.305386933176128e-06]
A2: [0.16669049296510935, -0.16664207450078256, 2.4941182050469332e-05, 2.37763978575727e-05] - [0.16669458954477315, 0.33336222787781983, 2.841881927208371e-05, 2.7727225480019612e-05] - [0.1666505629253645, 0.8333167554588992, -1.7340869399789817e-05, -1.6151667316580898e-05] - [1.5008149652467662e-05, 1.5466859031225853e-05, 1.588258956543337e-05, 1.500814762064911e-05]
B1: 0.1666256034741478 - 0.6665679821229782 - 0.16667167992619084 - -1.321988602322294e-05
B2: 0.1666164228250223 - 0.6665927405843045 - 0.16657886826978732 - -4.902853289299235e-05
