Number: 271
Error: 2.7439420419850977e-06
A1: [-2.680963715362414e-06, -1.933611857723775e-06, -1.060038487898621e-06, -2.657155680784791e-06] - [0.2083234370990886, 0.33332633999493266, -0.04167019212432047, -9.791386531878033e-06] - [0.16666351669641724, 0.6666643164662328, 0.1666652722162946, -3.1206531345697983e-06] - [-5.071941817705662e-07, -4.5253490802975087e-07, -3.978394942616776e-07, -5.067596582577622e-07]
A2: [0.16667599134826386, -0.16665716627657973, 9.61648229325995e-06, 9.319904049200932e-06] - [0.16669449290436772, 0.333361644912021, 2.8587359986494785e-05, 2.7807529176024438e-05] - [0.16667066010242965, 0.8333373751900802, 4.046832413109743e-06, 3.988859424850997e-06] - [1.4607400832413382e-06, 1.5053511687793892e-06, 1.5457749503173416e-06, 1.460739225807707e-06]
B1: 0.1666503431136235 - 0.6666616699727366 - 0.16668862337628948 - -1.3533262274400596e-05
B2: 0.16664648075495278 - 0.6666399190870268 - 0.16663658598177603 - -2.006403699371811e-05
