Number: 1613
Error: 3.507116495352454e-06
A1: [-7.298899733591825e-06, -6.7735695805347285e-06, -5.491820651709742e-06, -7.162465454877482e-06] - [0.20831160225642703, 0.33331276969658835, -0.04168267896049615, -2.1129967279796954e-05] - [0.16665778081385774, 0.6666584221162468, 0.1666599971019135, -8.717527051221798e-06] - [-3.0609250572560245e-06, -2.7325514318495825e-06, -2.404013475947954e-06, -3.0583102447953846e-06]
A2: [0.16668370368329902, -0.16664914084605056, 1.7765058744053672e-05, 1.700824694729982e-05] - [0.16669453791672884, 0.3333619460621468, 2.848654931469426e-05, 2.7758467321673005e-05] - [0.16665996999144322, 0.8333264067262375, -7.330432091015185e-06, -6.7242960436471555e-06] - [8.664670261815341e-06, 8.929482455152015e-06, 9.169467722721047e-06, 8.664667021032416e-06]
B1: 0.16663753880187426 - 0.6666121894858174 - 0.1666799347330214 - -1.3016843592389939e-05
B2: 0.1666299440113915 - 0.6666143917972218 - 0.16660557518621158 - -3.601942345489658e-05
