Number: 802
Error: 7.751715314638391e-06
A1: [1.233816439844435e-06, 1.210080983275288e-06, 1.5617037208894597e-06, 1.29712057270818e-06] - [0.20834534480036573, 0.33334450308876323, -0.0416546592542119, 1.2289473440457008e-05] - [0.16666878286401504, 0.6666686760477158, 0.16666903267107855, 2.1940015588895384e-06] - [-1.5172100049970593e-06, -1.3542974675658524e-06, -1.1912886210350454e-06, -1.5159115149170587e-06]
A2: [0.16665020035294892, -0.16668370737715557, -1.766761130857e-05, -1.648058397005501e-05] - [0.16658214201091093, 0.33324596891617386, -9.035279358708915e-05, -8.458058353408495e-05] - [0.16663908941014488, 0.8333048551525807, -2.9395767819690294e-05, -2.7590949353213956e-05] - [4.308276588828343e-06, 4.439927629558669e-06, 4.559229926941757e-06, 4.308274330172749e-06]
B1: 0.16671091299880478 - 0.6666232681544189 - 0.16658187505967856 - 5.146444810420692e-05
B2: 0.16670387249751115 - 0.666715093226207 - 0.1667283980168694 - 3.7557719199408584e-05
