Number: 2030
Error: 7.065576725349284e-06
A1: [-3.0505303956442517e-06, -3.281735453001627e-06, -2.560932611871355e-06, -2.8841123396839774e-06] - [0.20833427727033735, 0.33333183028708874, -0.04166635787177308, 1.676281167625951e-06] - [0.16666347283996602, 0.6666632168920174, 0.16666413598066548, -2.9887698651144616e-06] - [-3.854520981527333e-06, -3.441073412554152e-06, -3.0274376620358766e-06, -3.851231381384928e-06]
A2: [0.16665726839165707, -0.16667635161347635, -1.0198057612102236e-05, -9.434513152007179e-06] - [0.16658224620050185, 0.3332463117428044, -9.037408847094788e-05, -8.456253667343625e-05] - [0.1666293273859177, 0.8332948393019002, -3.978497468090345e-05, -3.737407723683144e-05] - [1.0899716230067073e-05, 1.1232844884502069e-05, 1.1534748637570403e-05, 1.089971305989937e-05]
B1: 0.16669861627791943 - 0.6665774747394583 - 0.1665734713688729 - 5.135757404207821e-05
B2: 0.16668957737324963 - 0.6666923829747984 - 0.16670047115068795 - 2.379491845420471e-05
