Number: 2898
Error: 6.588490627471837e-06
A1: [-6.074283584226044e-06, -6.452053477118545e-06, -5.47026316296696e-06, -5.8349926780354025e-06] - [0.208326471867535, 0.3333228904828746, -0.041674608934541085, -5.808013818280656e-06] - [0.16665972389410197, 0.6666593626084942, 0.16666067924728445, -6.647789204542798e-06] - [-5.506445678927231e-06, -4.915912409842517e-06, -4.325164486428334e-06, -5.5017555053774915e-06]
A2: [0.1666622539515251, -0.16667116262906503, -4.9285630404829785e-06, -4.464480890603437e-06] - [0.16658228125454558, 0.33324651582630904, -9.0426980508659e-05, -8.458838009130448e-05] - [0.16662241774028969, 0.8332877503501237, -4.713773120912109e-05, -4.4298645070069336e-05] - [1.5557890572636202e-05, 1.603340192785212e-05, 1.6464362422497632e-05, 1.5557888795353606e-05]
B1: 0.1666898108638559 - 0.6665449662256016 - 0.1665673606451533 - 5.116777571955125e-05
B2: 0.16667962117541424 - 0.6666764914321825 - 0.16668090538326527 - 1.4215018351989184e-05
