Number: 2787
Error: 4.152841682048497e-06
A1: [-1.1398394651685597e-05, -1.1071896788651768e-05, -9.43775062406906e-06, -1.1163388022261228e-05] - [0.2083010047357538, 0.33330063560824397, -0.04169388377886341, -3.129314544685447e-05] - [0.1666527010355168, 0.6666531991850208, 0.16665531120557533, -1.3675665541611507e-05] - [-5.2946908759608025e-06, -4.726867097393841e-06, -4.15883016771724e-06, -5.290179929390484e-06]
A2: [0.16669044800502494, -0.16664212138068193, 2.4893511765925966e-05, 2.3731580750404198e-05] - [0.16669459188869112, 0.3333622285462257, 2.8421728162505462e-05, 2.773013016681291e-05] - [0.16665062694882893, 0.8333168211209617, -1.7272791657881048e-05, -1.6087506432310733e-05] - [1.4965217719711818e-05, 1.5422614841164115e-05, 1.5837155896773973e-05, 1.496521566920222e-05]
B1: 0.1666256665055503 - 0.6665682645973766 - 0.16667172010697295 - -1.3236271782016143e-05
B2: 0.16661649602344777 - 0.6665928853630266 - 0.16657906473582865 - -4.895879875170691e-05
