Number: 91
Error: 2.6323351657804144e-06
A1: [-2.1040299683556683e-06, -1.330170045893513e-06, -5.146231206677552e-07, -2.095288029749418e-06] - [0.208324851149574, 0.33332797388952085, -0.04166871649866985, -8.443732707961423e-06] - [0.1666642419810878, 0.6666650598274113, 0.16666592932750068, -2.4139731433074024e-06] - [-1.6465219628548344e-07, -1.467030911737566e-07, -1.2874152221625692e-07, -1.6451124838869724e-07]
A2: [0.16667497091844652, -0.1666582277999095, 8.539309624066688e-06, 8.302692572399464e-06] - [0.16669455695363417, 0.33336167772435404, 2.8677028260202728e-05, 2.7884196449445787e-05] - [0.16667211484667319, 0.8333388679229566, 5.594995002671806e-06, 5.446694105016073e-06] - [4.94319886744442e-07, 5.093904020271159e-07, 5.230443265980104e-07, 4.943196234808923e-07]
B1: 0.16665155912407237 - 0.6666678702544443 - 0.16668941661274234 - -1.4103396462424776e-05
B2: 0.16664935427331476 - 0.6666438614914018 - 0.1666411172933047 - -1.7268499578134596e-05
