Number: 1140
Error: 7.560734218419459e-06
A1: [4.778047475081074e-08, -3.332790606306962e-08, 4.1964939938819723e-07, 1.3947384514398204e-07] - [0.208342271539185, 0.3333409868914473, -0.04165790838680662, 9.341294862725247e-06] - [0.1666673145939609, 0.6666671664480349, 0.16666767762106902, 7.607661588609368e-07] - [-2.160571662825576e-06, -1.9287002659956807e-06, -1.6967008239732736e-06, -2.1587239874234827e-06]
A2: [0.16665214424404876, -0.1666816843006355, -1.5613220555697333e-05, -1.4542739435714628e-05] - [0.16658216512850393, 0.3332460575872392, -9.036445235653983e-05, -8.458117486680514e-05] - [0.16663640132346996, 0.8333020971486425, -3.225658020844314e-05, -3.0284843815834904e-05] - [6.122680305627742e-06, 6.309791681102221e-06, 6.479356063469031e-06, 6.122677461492969e-06]
B1: 0.1667076282197058 - 0.6666107597380669 - 0.1665796548253728 - 5.153492815929035e-05
B2: 0.16669988632439434 - 0.6667087703459491 - 0.166720617943635 - 3.371805980661779e-05
