Number: 123
Error: 2.652637181521289e-06
A1: [-2.214899428382797e-06, -1.4461737996626349e-06, -6.207324355519757e-07, -2.203471133799779e-06] - [0.20832456643989547, 0.33332764838487133, -0.041669015576960636, -8.716606723326804e-06] - [0.16666410470855078, 0.6666649189082363, 0.16666580330911837, -2.5479301912060803e-06] - [-2.2554884697079457e-07, -2.0107337935843707e-07, -1.7658110470989643e-07, -2.2535568440674674e-07]
A2: [0.16667514976579378, -0.1666580416043553, 8.728336875364425e-06, 8.480967830118674e-06] - [0.16669453709321602, 0.33336166349229246, 2.865278704193295e-05, 2.7862093081318178e-05] - [0.16667185456231043, 0.833338600880277, 5.3180981822922005e-06, 5.1858604003857194e-06] - [6.661373159661452e-07, 6.86459771794292e-07, 7.04873013908649e-07, 6.661369434805768e-07]
B1: 0.1666514026315983 - 0.6666668226446629 - 0.16668932524753366 - -1.3942353931885776e-05
B2: 0.16664884634842708 - 0.6666431378913423 - 0.16664026203860147 - -1.776256297823312e-05
