Number: 1159
Error: 3.2543474346545763e-06
A1: [-5.714968736242424e-06, -5.112881410835728e-06, -3.967561297859191e-06, -5.616655415968397e-06] - [0.2083156945018065, 0.33331745558076825, -0.04167835305482398, -1.720568963664541e-05] - [0.16665974373589768, 0.6666604402560119, 0.16666180738314398, -6.801649900510958e-06] - [-2.197029417801129e-06, -1.961254712224668e-06, -1.7253501765991089e-06, -2.1951506325376853e-06]
A2: [0.16668109036920944, -0.16665186052373426, 1.5003286689665645e-05, 1.4403049228967322e-05] - [0.16669449820894533, 0.33336181816345917, 2.8493163643430742e-05, 2.7750586140006347e-05] - [0.16666357860120548, 0.8333301091812292, -3.4899750182802454e-06, -3.1078892977551383e-06] - [6.227793028800534e-06, 6.4181180284043746e-06, 6.590594900454579e-06, 6.227790156203887e-06]
B1: 0.16664210558950465 - 0.6666291388863175 - 0.16668306022263946 - -1.2956626843167761e-05
B2: 0.1666352072395203 - 0.6666227664504443 - 0.16661587967398686 - -3.095287055703272e-05
