Number: 2741
Error: 4.127685358293709e-06
A1: [-1.1225007347423212e-05, -1.0890002130415401e-05, -9.26894605150903e-06, -1.0993875013093386e-05] - [0.2083014713742081, 0.33330116534292303, -0.04169338756307127, -3.084357419978177e-05] - [0.16665291296545146, 0.6666534174493949, 0.16665550915550092, -1.346851360911257e-05] - [-5.207173640427124e-06, -4.648732442977127e-06, -4.090078918309585e-06, -5.202736793721519e-06]
A2: [0.16669018636684654, -0.16664239390681695, 2.4616600680250992e-05, 2.347076482585435e-05] - [0.1666945971401705, 0.3333622245597377, 2.8431045438169014e-05, 2.77386065741523e-05] - [0.166650994101161, 0.833317197742734, -1.688222868229387e-05, -1.5719563818417528e-05] - [1.4718367494931979e-05, 1.5168219364907618e-05, 1.557592114055578e-05, 1.471836533957272e-05]
B1: 0.1666260890157025 - 0.6665699460761405 - 0.16667200557155926 - -1.3270361969811926e-05
B2: 0.16661697755608254 - 0.6665937224360532 - 0.16658013986962722 - -4.849719149827906e-05
