Number: 2216
Error: 6.962923953868082e-06
A1: [-3.6985122762366486e-06, -3.961127421922167e-06, -3.1843987718758874e-06, -3.5164780169989517e-06] - [0.2083326045736196, 0.33332991449951466, -0.04166812606833208, 7.239479870771161e-08] - [0.16666266945933148, 0.6666623909383247, 0.16666339522237794, -3.7728793311169604e-06] - [-4.208517324544452e-06, -3.7571226467432585e-06, -3.305531450793218e-06, -4.20492712900178e-06]
A2: [0.16665833785750356, -0.16667523855410313, -9.067746625084478e-06, -8.368374662721903e-06] - [0.1665822580050306, 0.33324635977025424, -9.038113240250603e-05, -8.456378102142045e-05] - [0.16662784780331474, 0.8332933212964463, -4.135951013934045e-05, -3.8856857086787565e-05] - [1.1897961447136755e-05, 1.2261602782898992e-05, 1.2591162503124889e-05, 1.1897958433282688e-05]
B1: 0.1666967265552481 - 0.6665705088230521 - 0.16657216547793666 - 5.1314108377022096e-05
B2: 0.1666874402585398 - 0.6666889739276094 - 0.16669627469062465 - 2.1738436889515167e-05
