Number: 3098
Error: 6.479276597101063e-06
A1: [-6.762448784800714e-06, -7.173505349462567e-06, -6.131101317336085e-06, -6.506376032641335e-06] - [0.2083247077903546, 0.33332086695717683, -0.041676471844673615, -7.498138359294811e-06] - [0.16665886872609545, 0.6666584836534495, 0.16665989236634837, -7.482247046882056e-06] - [-5.887055224437612e-06, -5.255719246555215e-06, -4.624166988149451e-06, -5.8820431291282686e-06]
A2: [0.1666634022151023, -0.16666996757034738, -3.7150288814352047e-06, -3.319795085167731e-06] - [0.16658228576944245, 0.3332465590916936, -9.044311955924303e-05, -8.459789785240755e-05] - [0.16662082428893454, 0.8332861155605074, -4.883332950022161e-05, -4.589553534282128e-05] - [1.6631092995316167e-05, 1.713940789429063e-05, 1.7600103373123322e-05, 1.663109177814328e-05]
B1: 0.16668775976320976 - 0.6665374496187356 - 0.16656592198651166 - 5.1101725983871324e-05
B2: 0.16667730353080978 - 0.6666728328105028 - 0.16667642824893336 - 1.1984083177910712e-05
