Number: 1548
Error: 7.3328138694002245e-06
A1: [-1.362662726245455e-06, -1.5119939212892342e-06, -9.356477437515402e-07, -1.236722193757942e-06] - [0.20833864677918565, 0.3333368316472784, -0.04166173709444001, 5.867438078246327e-06] - [0.16666556348280503, 0.6666653665086301, 0.16666606528263703, -9.4807762527375e-07] - [-2.9371456140885474e-06, -2.6220346455873617e-06, -2.306763888921823e-06, -2.9346361788230767e-06]
A2: [0.16665449593059678, -0.166679237113386, -1.312833074985389e-05, -1.2198351675051585e-05] - [0.16658221001021228, 0.333246181520543, -9.036175765056742e-05, -8.456491360808148e-05] - [0.1666331597197483, 0.8332987711900838, -3.57066108039071e-05, -3.353345900514359e-05] - [8.312701298117295e-06, 8.566754145853834e-06, 8.796987899740541e-06, 8.312698084277146e-06]
B1: 0.1667034822949935 - 0.6665954899031674 - 0.1665768130664071 - 5.1439053742602375e-05
B2: 0.16669510321041792 - 0.666701231825472 - 0.16671138888138295 - 2.9111809155101646e-05
