Number: 256
Error: 8.070918660185665e-06
A1: [3.077441558417653e-06, 3.141348145744627e-06, 3.32419544635335e-06, 3.094954214926876e-06] - [0.20835001548307863, 0.33334986926650373, -0.04164974453128437, 1.6758379381239702e-05] - [0.1666710803595963, 0.6666710353541189, 0.16667113734342123, 4.43497020664175e-06] - [-4.778618432029113e-07, -4.263449902575131e-07, -3.747940703917155e-07, -4.774524644946216e-07]
A2: [0.16664706964714815, -0.1666869647901463, -2.0974424269896155e-05, -1.9601522198785062e-05] - [0.16658216395702818, 0.33324588897021873, -9.026682706554525e-05, -8.452034050166331e-05] - [0.16664345183930734, 0.8333093313156156, -2.4752797846835202e-05, -2.32191397530707e-05] - [1.3771283836253194e-06, 1.4191834809131188e-06, 1.4572909976784893e-06, 1.3771275778256372e-06]
B1: 0.16671575757995058 - 0.6666430754999696 - 0.16658512496758793 - 5.088959338317808e-05
B2: 0.16671112442299704 - 0.6667258892225869 - 0.166741302464007 - 4.4572972364210925e-05
