Number: 1044
Error: 7.6147549270498996e-06
A1: [3.9953392927135875e-07, 3.355763249578129e-07, 7.60622348784517e-07, 4.831499083370554e-07] - [0.20834320445291077, 0.3333420490499879, -0.041656918640195474, 1.0238624900663993e-05] - [0.16666774669331177, 0.6666676111479534, 0.16666807928814129, 1.1829006142381832e-06] - [-1.9778470282325786e-06, -1.7655616932387254e-06, -1.5531568201976645e-06, -1.9761552418162035e-06]
A2: [0.16665159437563895, -0.16668225679687113, -1.6194753860424268e-05, -1.5090890483000291e-05] - [0.1665821638818423, 0.3332460373432651, -9.035659243725062e-05, -8.457568753533278e-05] - [0.16663716522665326, 0.8333028808581863, -3.144372335605031e-05, -2.951929101715721e-05] - [5.607357292376114e-06, 5.77871697935388e-06, 5.9340058956295735e-06, 5.607354589042821e-06]
B1: 0.16670852556785778 - 0.6666142779095994 - 0.16658025205701246 - 5.1479261031441375e-05
B2: 0.16670095621201728 - 0.6667105504513997 - 0.1667228610567372 - 3.4746334803064717e-05
