Number: 846
Error: 7.726645860387055e-06
A1: [1.062450708284813e-06, 1.030306124659852e-06, 1.3941831654666262e-06, 1.1294667755104841e-06] - [0.20834487641497193, 0.3333439732532496, -0.04165515811148555, 1.1837436453673552e-05] - [0.16666857459201012, 0.6666684614436271, 0.16666883723502515, 1.9903067781964405e-06] - [-1.600959873234019e-06, -1.429070260951511e-06, -1.2570799245813433e-06, -1.5995898438226808e-06]
A2: [0.166650450275318, -0.16668344701099813, -1.7403025123002304e-05, -1.6231448726201756e-05] - [0.16658213646802675, 0.3332459722535265, -9.03621474074071e-05, -8.458921272145511e-05] - [0.16663873833742845, 0.8333044950160019, -2.976924647326836e-05, -2.794277807474069e-05] - [4.544477215061147e-06, 4.6833481240426636e-06, 4.809193481193578e-06, 4.5444748660673835e-06]
B1: 0.16671055033336454 - 0.6666217014529298 - 0.16658164435415548 - 5.153860519554382e-05
B2: 0.16670340374246792 - 0.6667142674415704 - 0.16672732683238137 - 3.710803567707567e-05
