Number: 50
Error: 8.199739909097718e-06
A1: [3.662509755989453e-06, 3.7524119646346984e-06, 3.864508946199459e-06, 3.6628517651208627e-06] - [0.2083513302756791, 0.33335141824470743, -0.04164839410045182, 1.7997473626783687e-05] - [0.16667183435875782, 0.6666718056558827, 0.16667180455036412, 5.167749603908961e-06] - [-8.568869600682676e-08, -7.620035402068315e-08, -6.670539930707016e-08, -8.561549251243032e-08]
A2: [0.16664589119501055, -0.16668818958356824, -2.2216398450086428e-05, -2.0776289130658216e-05] - [0.16658221278383772, 0.3332459039245895, -9.018480804499748e-05, -8.445706530767985e-05] - [0.1666451152936817, 0.8333110385021303, -2.2981900681896428e-05, -2.1552146657751125e-05] - [2.712099889620959e-07, 2.794605299847319e-07, 2.8693419066669095e-07, 2.7120987020312587e-07]
B1: 0.16671732722994032 - 0.6666503455538502 - 0.16658620288408282 - 5.041531483980707e-05
B2: 0.1667147273563541 - 0.6667304801904436 - 0.16674631875305487 - 4.8086610631892395e-05
