Number: 253
Error: 2.7330514998472333e-06
A1: [-2.6354243718527146e-06, -1.8860802395246095e-06, -1.0189676572754185e-06, -2.6131113084229002e-06] - [0.20832352962149456, 0.33332645184250864, -0.04167009876146641, -9.705457027507154e-06] - [0.16666357697426823, 0.6666643778823933, 0.16666532433859016, -3.0622240122268417e-06] - [-4.729403920051073e-07, -4.219518845754501e-07, -3.709295244211442e-07, -4.725352119037498e-07]
A2: [0.16667588661892435, -0.1666572750274478, 9.506261701444854e-06, 9.215496631296579e-06] - [0.16669449133281528, 0.33336164042771765, 2.8588795161722387e-05, 2.7807219776936043e-05] - [0.1666708042868504, 0.8333375231913782, 4.200398759550496e-06, 4.133352980068286e-06] - [1.3641073244671894e-06, 1.4057646304704336e-06, 1.443511661183168e-06, 1.3641065241268662e-06]
B1: 0.16665052215006185 - 0.6666623435981485 - 0.1666887524726311 - -1.3532819754884056e-05
B2: 0.16664679580919226 - 0.6666403032704309 - 0.16663698927336598 - -1.975678346189652e-05
