Number: 2335
Error: 3.9053409523564145e-06
A1: [-9.817555767418656e-06, -9.414365482424795e-06, -7.915746721894575e-06, -9.620501306625009e-06] - [0.20830509501804403, 0.3333053180685988, -0.041689558487994535, -2.7370094855667883e-05] - [0.1666546593223085, 0.6666552127350555, 0.16665711815806894, -1.1764210572491364e-05] - [-4.434704042313689e-06, -3.959070328021017e-06, -3.483235397188111e-06, -4.430921906396023e-06]
A2: [0.16668785464289018, -0.166644820692971, 2.2152211769931486e-05, 2.114629909244371e-05] - [0.16669458292507197, 0.33336213154326255, 2.845835859350571e-05, 2.7752857676203457e-05] - [0.16665422685242573, 0.8333205144039142, -1.344216563913862e-05, -1.2479837139754917e-05] - [1.2539618193797617e-05, 1.2922873820598381e-05, 1.327021179742582e-05, 1.2539615319150543e-05]
B1: 0.1666302242104602 - 0.6665851707356679 - 0.16667488619880988 - -1.3164893560369738e-05
B2: 0.16662165338528206 - 0.6666011531916898 - 0.16658926748957611 - -4.399726158789878e-05
