Number: 1910
Error: 7.131957770224223e-06
A1: [-2.6231846322093407e-06, -2.8336035715561337e-06, -2.1483614941435042e-06, -2.466850606901197e-06] - [0.20833539385008426, 0.3333331057974873, -0.04166517548676793, 2.748430918200155e-06] - [0.16666400054112582, 0.6666637596827114, 0.16666462433068516, -2.473511038892436e-06] - [-3.6261348484776458e-06, -3.2371694604670606e-06, -2.848022042364243e-06, -3.623039315839949e-06]
A2: [0.16665657969422562, -0.16667706851440917, -1.0926170488492017e-05, -1.0121063900431462e-05] - [0.16658224157161589, 0.3332462835388651, -9.036697693449731e-05, -8.455874710439891e-05] - [0.1666302821563801, 0.8332958188368663, -3.876899455842115e-05, -3.641724414222815e-05] - [1.0255668127005743e-05, 1.0569110581205493e-05, 1.085317150950228e-05, 1.025566489721792e-05]
B1: 0.16669980511194893 - 0.6665819391013916 - 0.1665742845742316 - 5.135523446515279e-05
B2: 0.16669092605826202 - 0.6666945812226996 - 0.16670320795508356 - 2.5091583708843705e-05
