Number: 167
Error: 2.6801382833920365e-06
A1: [-2.3401333964082803e-06, -1.5769741126828775e-06, -7.36435343361951e-07, -2.3250374212820517e-06] - [0.20832428445534165, 0.33332731633174445, -0.04166930527221272, -8.982422015998732e-06] - [0.16666394341133048, 0.6666647541118204, 0.16666566051535556, -2.704694904491562e-06] - [-3.092805897071313e-07, -2.7583195363853033e-07, -2.4236063500778665e-07, -3.0901564940550854e-07]
A2: [0.16667540121884133, -0.16665778025576655, 8.993355479197866e-06, 8.731634059206223e-06] - [0.1666945256569539, 0.3333616592763529, 2.8634243625365877e-05, 2.7847571987566503e-05] - [0.1666714990453442, 0.8333382360187964, 4.939627697809276e-06, 4.829587894334679e-06] - [9.023683211103729e-07, 9.299116585378078e-07, 9.54868494207372e-07, 9.023678009018257e-07]
B1: 0.16665107258436027 - 0.6666652743221807 - 0.16668909875022908 - -1.3835846637165667e-05
B2: 0.16664807512389998 - 0.6666421547504339 - 0.16663918708712444 - -1.851472229777249e-05
