Number: 3067
Error: 4.305482612814214e-06
A1: [-1.2371479333879965e-05, -1.2092138405052732e-05, -1.0373690922217778e-05, -1.2112969344633948e-05] - [0.20829849584371227, 0.333297761282288, -0.04169653546128825, -3.369846876198985e-05] - [0.16665149419951952, 0.6666519584661017, 0.16665419880732393, -1.4853498542983919e-05] - [-5.827407035331284e-06, -5.202474828177257e-06, -4.577326366599399e-06, -5.82244537305339e-06]
A2: [0.16669205369965845, -0.16664045011002773, 2.6590737845582556e-05, 2.5332269753116634e-05] - [0.166694593108314, 0.3333622841598634, 2.83944206082914e-05, 2.7711717003719695e-05] - [0.1666483954958513, 0.8333145318051561, -1.9647205036218046e-05, -1.8323770656082797e-05] - [1.646769412826831e-05, 1.697101614902476e-05, 1.742718583591544e-05, 1.6467692817765316e-05]
B1: 0.16662282859519165 - 0.6665577731005411 - 0.16666973552545503 - -1.3295145149408674e-05
B2: 0.16661328531672487 - 0.6665877670835991 - 0.16657276816660258 - -5.204819287772315e-05
