Number: 609
Error: 2.942944494932128e-06
A1: [-3.824699587042252e-06, -3.131582966350809e-06, -2.1535124480757146e-06, -3.772542755348582e-06] - [0.20832053588518237, 0.33332300831048556, -0.041673244276310945, -1.25676849812767e-05] - [0.16666209237159021, 0.6666628538479751, 0.16666396719746845, -4.509983618145342e-06] - [-1.150409905769102e-06, -1.026813558772223e-06, -9.03141138058307e-07, -1.149424900105581e-06]
A2: [0.16667792415303084, -0.16665515514194318, 1.1658128706253055e-05, 1.1246665920486109e-05] - [0.16669445808325117, 0.33336167270563705, 2.8512140158141712e-05, 2.7749015215855616e-05] - [0.16666795437352294, 0.833334598937797, 1.1672407257889738e-06, 1.2773273038942212e-06] - [3.275341237218093e-06, 3.37541915014106e-06, 3.4661083884636045e-06, 3.275339419742272e-06]
B1: 0.1666474838163909 - 0.6666495318280653 - 0.16668671854052924 - -1.3037836430473905e-05
B2: 0.1666419002018643 - 0.6666331376469464 - 0.16662849182319267 - -2.449816901131053e-05
