Number: 1711
Error: 3.5614350209706734e-06
A1: [-7.652756624353456e-06, -7.144675793918206e-06, -5.834159166778862e-06, -7.508082366296528e-06] - [0.20831067073934656, 0.33331170729514903, -0.04168366640173436, -2.2025181428429934e-05] - [0.16665734501088753, 0.6666579737063959, 0.16665959286997556, -9.143163868675008e-06] - [-3.2473987440303442e-06, -2.8990364805285514e-06, -2.5505035897631858e-06, -3.2446252582765086e-06]
A2: [0.16668426553350052, -0.16664855593020686, 1.835917353624468e-05, 1.7568345250316368e-05] - [0.16669454042215534, 0.3333619678936567, 2.8479650795074755e-05, 2.7754102783001313e-05] - [0.1666591902552827, 0.8333256067709647, -8.160136426422229e-06, -7.5057153280726006e-06] - [9.190670380201263e-06, 9.471560577809849e-06, 9.726117886566331e-06, 9.190667120473194e-06]
B1: 0.16663658628781733 - 0.6666085618696119 - 0.1666792888026674 - -1.2996556834805569e-05
B2: 0.16662885589953647 - 0.6666125947368537 - 0.16660332215292664 - -3.706508357755735e-05
