Number: 1392
Error: 7.4197307803224025e-06
A1: [-8.21347790938554e-07, -9.444694335884054e-07, -4.1516837062429133e-07, -7.085035404738707e-07] - [0.20834004092224975, 0.3333384291226561, -0.041660263968706236, 7.203875399560046e-06] - [0.1666662350889701, 0.6666660569092766, 0.16666668408042734, -2.9263413534836624e-07] - [-2.6402246497951565e-06, -2.3569405385449638e-06, -2.0735079369199724e-06, -2.63796809110259e-06]
A2: [0.16665359716944367, -0.16668017241265073, -1.4078069964747462e-05, -1.309432211966743e-05] - [0.16658219390644463, 0.3332461351199169, -9.036187531259465e-05, -8.45700740846286e-05] - [0.1666343992836723, 0.8333000429952169, -3.4387378098358186e-05, -3.2291214111627e-05] - [7.475359838069725e-06, 7.703818050632824e-06, 7.910854971563445e-06, 7.4753567216926125e-06]
B1: 0.16670506777415026 - 0.6666013289506847 - 0.166577900607629 - 5.147598868345003e-05
B2: 0.16669691784474386 - 0.6667041063879541 - 0.1667149165921127 - 3.085881876447559e-05
