Number: 2538
Error: 6.7857680022723855e-06
A1: [-4.816375436892345e-06, -5.1331459280166855e-06, -4.259382511511051e-06, -4.607311143206109e-06] - [0.20832972454830226, 0.33332661451940826, -0.04167116967266856, -2.688524108354625e-06] - [0.1666612826137422, 0.6666609652347613, 0.16666211721890464, -5.126368290471364e-06] - [-4.821334687343855e-06, -4.30424691025481e-06, -3.7869516221253346e-06, -4.817224715237104e-06]
A2: [0.16666018850486403, -0.1666733124741834, -7.111834504582851e-06, -6.523487550388935e-06] - [0.16658227464991654, 0.33324643903511686, -9.039728962259699e-05, -8.456972687750572e-05] - [0.1666252852206519, 0.8332906921866918, -4.4086493979860974e-05, -4.142497524401452e-05] - [1.3626022477962698e-05, 1.4042484134946424e-05, 1.4419920167296768e-05, 1.3626019918063589e-05]
B1: 0.16669344586134824 - 0.6665584369759795 - 0.16656988843018453 - 5.12295433913356e-05
B2: 0.16668373219625843 - 0.6666830760682879 - 0.16668902649539333 - 1.8169968542567893e-05
