Number: 1795
Error: 3.6078902106152556e-06
A1: [-7.942351090172156e-06, -7.4482869009505665e-06, -6.112344480076136e-06, -7.79062719907998e-06] - [0.20830992750854188, 0.3333108549725307, -0.04168445138034136, -2.2737348484499205e-05] - [0.16665698531761503, 0.6666576039840104, 0.1666592617899916, -9.49415670035951e-06] - [-3.407232777489735e-06, -3.0417378230145e-06, -2.6760671666307513e-06, -3.40432334215764e-06]
A2: [0.16668474936192323, -0.1666480524462069, 1.8870421063680735e-05, 1.805067194676228e-05] - [0.16669454833855255, 0.3333619920747549, 2.8478887619175962e-05, 2.775613017855371e-05] - [0.16665852253667848, 0.8333249216859461, -8.870759096802013e-06, -8.17487674925459e-06] - [9.641512503451786e-06, 9.936183385106855e-06, 1.0203230712519283e-05, 9.641509244688883e-06]
B1: 0.1666357238844898 - 0.6666054083288604 - 0.16667869275583747 - -1.3025174450172628e-05
B2: 0.1666278779365059 - 0.6666110518307825 - 0.16660143349349313 - -3.800665545791333e-05
