Number: 1103
Error: 3.2230026458411576e-06
A1: [-5.529756937354277e-06, -4.918782340836955e-06, -3.7908715255778657e-06, -5.436136138357225e-06] - [0.20831615831122924, 0.3333179902770165, -0.04167786509945146, -1.6762559748222582e-05] - [0.16665997557611678, 0.6666606783212374, 0.16666201922215723, -6.575602983770532e-06] - [-2.090466645637852e-06, -1.8661135574977836e-06, -1.6416355060017586e-06, -2.0886787565238785e-06]
A2: [0.16668076630281134, -0.16665219761834354, 1.4661096244666534e-05, 1.4079984046121402e-05] - [0.16669448892701652, 0.33336179825351286, 2.8490108318513955e-05, 2.7745230117535568e-05] - [0.16666402324073906, 0.8333305654298466, -3.01666937092229e-06, -2.6622880348972056e-06] - [5.927199244838353e-06, 6.10833606302625e-06, 6.272485818895187e-06, 5.927196449507462e-06]
B1: 0.1666426956070929 - 0.6666312549640172 - 0.16668346977245366 - -1.2922463322951575e-05
B2: 0.16663589765399353 - 0.6666238089144335 - 0.16661712666827722 - -3.028671763086882e-05
