Number: 132
Error: 8.147697710171808e-06
A1: [3.4906297772244764e-06, 3.573704855899547e-06, 3.7174843782330114e-06, 3.497748243656914e-06] - [0.20835105288817682, 0.33335106178524787, -0.041648657383078484, 1.774998285686909e-05] - [0.16667159601392426, 0.666671564365212, 0.16667160784033236, 4.937792380990566e-06] - [-2.4180506299067094e-07, -2.1558721423462476e-07, -1.893515193916886e-07, -2.4159798120170875e-07]
A2: [0.16664636832142352, -0.16668769458358995, -2.1715153071237642e-05, -2.030062964717859e-05] - [0.16658221063339232, 0.3332459136698844, -9.020339217658686e-05, -8.446496702469281e-05] - [0.16664445374751438, 0.8333103593271638, -2.368665959109469e-05, -2.2215101419470647e-05] - [7.114292594540112e-07, 7.33136000533943e-07, 7.528036936856164e-07, 7.114288607196555e-07]
B1: 0.16671656897745224 - 0.6666473193606557 - 0.16658564268859688 - 5.047044695089426e-05
B2: 0.16671303246743918 - 0.6667285827225019 - 0.166744453341557 - 4.6427268202092054e-05
