Number: 6
Error: 8.229136043543715e-06
A1: [3.460313624138057e-06, 3.5379618638156234e-06, 3.6171345629710533e-06, 3.4572989966447438e-06] - [0.2083502921313226, 0.33335035840158095, -0.041649568094579564, 1.6944413209718174e-05] - [0.16667166395425573, 0.6666716207224078, 0.16667157957914444, 4.9931272551525786e-06] - [-1.925199901617019e-09, -1.4179212125740895e-09, -9.103053486679091e-10, -1.9238684906455384e-09]
A2: [0.16664558104615826, -0.16668850651833358, -2.2533747306986193e-05, -2.1085651893964034e-05] - [0.1665820651914501, 0.33324575778378773, -9.030754565033618e-05, -8.460157570408813e-05] - [0.16664544991878336, 0.8333113836958583, -2.2621818025317696e-05, -2.1216766707354324e-05] - [3.491657999900475e-08, 3.594446819905009e-08, 3.687295315452163e-08, 3.491660918517697e-08]
B1: 0.1667187016987255 - 0.6666528795584367 - 0.16658735617801432 - 5.135442401963502e-05
B2: 0.16671666953489914 - 0.6667316121101152 - 0.16674646638448315 - 5.0009747933000745e-05
