Number: 1347
Error: 3.3593603645116703e-06
A1: [-6.389664213994989e-06, -5.8204046287828385e-06, -4.619630849629288e-06, -6.2755469029360735e-06] - [0.2083139242705081, 0.3333154353247592, -0.04168022844041376, -1.8906293051339226e-05] - [0.16665891192221866, 0.6666595845217166, 0.16666103667045645, -7.613963817867583e-06] - [-2.5547698214066107e-06, -2.280649618943123e-06, -2.0063842329689273e-06, -2.5525860616329734e-06]
A2: [0.1666821694341617, -0.16665073726253407, 1.614413911270275e-05, 1.547875334922408e-05] - [0.1666945065405357, 0.3333618634002511, 2.8483110619438067e-05, 2.7745739193423986e-05] - [0.1666620833629135, 0.8333285751242769, -5.081131425169749e-06, -4.606356021984252e-06] - [7.236932543080597e-06, 7.458103593876595e-06, 7.658536135404313e-06, 7.236929462173774e-06]
B1: 0.16664028474060322 - 0.6666221877134068 - 0.16668183089822922 - -1.2911253378474193e-05
B2: 0.16663308281085068 - 0.6666192950877576 - 0.16661154747428975 - -3.299586223956731e-05
