Number: 1723
Error: 3.568065192156437e-06
A1: [-7.690703632101805e-06, -7.18443292697552e-06, -5.870091853302423e-06, -7.545025561074564e-06] - [0.20831057835175992, 0.3333116000974325, -0.04168376320475002, -2.2113144534855828e-05] - [0.16665729708541965, 0.6666579245425601, 0.16665954942080377, -9.189849721330265e-06] - [-3.2702325009558498e-06, -2.91942281317468e-06, -2.5684417547553864e-06, -3.2674395902877257e-06]
A2: [0.166684335242888, -0.1666484834417616, 1.8432740510792414e-05, 1.7637840080231488e-05] - [0.1666945431074103, 0.3333619728264397, 2.8480939445368365e-05, 2.7755946658421623e-05] - [0.1666590950507819, 0.8333255090763623, -8.261489108559007e-06, -7.601125966693359e-06] - [9.255075029400172e-06, 9.537933858643415e-06, 9.794275415666146e-06, 9.25507176884971e-06]
B1: 0.16663645180520736 - 0.6666081006096823 - 0.16667919342749077 - -1.3011936376779786e-05
B2: 0.16662870450450384 - 0.6666123733077156 - 0.16660306259127322 - -3.721127895480966e-05
