Number: 944
Error: 7.671141794973656e-06
A1: [7.320958109049632e-07, 6.840882328717939e-07, 1.078123979482485e-06, 8.073301799286871e-07] - [0.208344039863404, 0.33334301138122113, -0.04165603944585388, 1.1037099393090752e-05] - [0.1666681625670166, 0.66666803821375, 0.16666845959419632, 1.5884267958868221e-06] - [-1.7875005948711546e-06, -1.5956170956765018e-06, -1.4036233454794296e-06, -1.785971274244077e-06]
A2: [0.16665101601211357, -0.16668285843662667, -1.680549845679892e-05, -1.5667465080503752e-05] - [0.16658214837870655, 0.33324600283997297, -9.036099499145714e-05, -8.458417616620474e-05] - [0.1666379594357702, 0.8333036957986828, -3.059831716553958e-05, -2.8723363605547502e-05] - [5.07055370316432e-06, 5.22550506024457e-06, 5.365923550362472e-06, 5.070551168106877e-06]
B1: 0.16670956187035985 - 0.6666180399881969 - 0.16658096719598145 - 5.152293110948682e-05
B2: 0.16670219461689828 - 0.6667124230486234 - 0.16672510451927935 - 3.5941391051344925e-05
