Number: 461
Error: 2.8569813527757386e-06
A1: [-3.314502886687721e-06, -2.596994837041988e-06, -1.6640363416496252e-06, -3.2747681127586806e-06] - [0.2083218443552741, 0.33332450782947626, -0.04167186459598257, -1.1313948193350617e-05] - [0.16666272567898313, 0.6666635045563966, 0.16666454953274965, -3.892008244450478e-06] - [-8.687663324400494e-07, -7.753559048214305e-07, -6.818862044606468e-07, -8.68022246370899e-07]
A2: [0.1666770765843262, -0.16665603715941066, 1.0762603306731022e-05, 1.0401743148749451e-05] - [0.16669446559543166, 0.3333616523073429, 2.853637341148061e-05, 2.776690163373007e-05] - [0.1666691365269411, 0.8333358118754343, 2.42533830201537e-06, 2.4620217881145944e-06] - [2.4807984807653942e-06, 2.5565896638037475e-06, 2.625269462957146e-06, 2.4807970564449277e-06]
B1: 0.16664878903645314 - 0.666654891850154 - 0.1666875896475282 - -1.3201633024189502e-05
B2: 0.16664380726673328 - 0.6666360382865283 - 0.16663199904782966 - -2.2655215916708252e-05
