Number: 530
Error: 7.90811185829046e-06
A1: [2.1526679422009625e-06, 2.1728672700529803e-06, 2.440687730585579e-06, 2.1931598822352867e-06] - [0.20834767393972242, 0.3333471797347945, -0.04165220647107322, 1.4518091525205579e-05] - [0.16666992814917295, 0.666669852365997, 0.16667008238360667, 3.3111265326231863e-06] - [-9.994499465652035e-07, -8.920309641024809e-07, -7.845449092194922e-07, -9.985940677215573e-07]
A2: [0.16664863477611402, -0.16668533623290036, -1.932121884378527e-05, -1.8041294910945933e-05] - [0.16658212797748484, 0.33324590350062505, -9.033611390982033e-05, -8.457553831646535e-05] - [0.1666412561152929, 0.8333070783625696, -2.7089595694507232e-05, -2.5419570956746154e-05] - [2.848094110605867e-06, 2.93511202743718e-06, 3.013965821575263e-06, 2.8480925012624698e-06]
B1: 0.16671350546274769 - 0.6666332945601692 - 0.16658363319861647 - 5.1356994575954174e-05
B2: 0.16670734010202828 - 0.6667203290008038 - 0.16673468749964332 - 4.090741971625049e-05
