Number: 1680
Error: 7.25943171081797e-06
A1: [-1.8280218250776475e-06, -1.9999470381567484e-06, -1.384210989857671e-06, -1.690992972277809e-06] - [0.20833743759788195, 0.3333354487367846, -0.04166301646667129, 4.707112560167063e-06] - [0.16666498779149372, 0.6666647744933393, 0.1666655334315354, -1.510086083670157e-06] - [-3.188380994984544e-06, -2.846339571287862e-06, -2.5041296072007915e-06, -3.1856577320150207e-06]
A2: [0.1666552549783493, -0.16667844708402726, -1.2326014461575943e-05, -1.1441665285431669e-05] - [0.16658221969989337, 0.3332462170227727, -9.036523185228476e-05, -8.456448380303827e-05] - [0.16663211032036027, 0.8332976945329255, -3.6823374936921736e-05, -3.458512701559103e-05] - [9.021201936769192e-06, 9.2969111571532e-06, 9.546772717784808e-06, 9.021198683026705e-06]
B1: 0.16670216157040416 - 0.6665905684998226 - 0.16657591056944304 - 5.142864304225606e-05
B2: 0.16669359708032225 - 0.6666988059578485 - 0.16670838620811884 - 2.7662899882390047e-05
