Number: 1752
Error: 7.219473935266944e-06
A1: [-2.0796606552898113e-06, -2.2637880292745546e-06, -1.6264451723178595e-06, -1.936585791568775e-06] - [0.20833678687176152, 0.33333470373937774, -0.04166370449972599, 4.083026443533721e-06] - [0.16666467599298293, 0.6666644539138635, 0.16666524579107894, -1.8144234730778625e-06] - [-3.325417470277414e-06, -2.9686867536303075e-06, -2.611783033578095e-06, -3.3225776287308127e-06]
A2: [0.16665566928704617, -0.1666780158941302, -1.1888141160440316e-05, -1.1028644603611082e-05] - [0.16658222562799047, 0.33324623698509726, -9.036657687461762e-05, -8.456360661598404e-05] - [0.16663153795480376, 0.8332971072945348, -3.7432495222466845e-05, -3.515873004548029e-05] - [9.40764935340622e-06, 9.695170901383919e-06, 9.955738432408769e-06, 9.407646094378958e-06]
B1: 0.16670143320117597 - 0.6665878762251913 - 0.16657541049034166 - 5.1414979295449873e-05
B2: 0.1666927693732944 - 0.6666974834029126 - 0.16670675622990708 - 2.686640465219921e-05
