Number: 54
Error: 8.197190190118179e-06
A1: [3.657619244368185e-06, 3.7473866412761955e-06, 3.861227277290357e-06, 3.65828846731951e-06] - [0.20835133082166307, 0.3333514157310509, -0.041648391271620074, 1.7999464514376005e-05] - [0.1666718262663223, 0.666671797619753, 0.16667179888885236, 5.1600629407142925e-06] - [-9.330453348386074e-08, -8.300013696878955e-08, -7.268856743000847e-08, -9.322479681429951e-08]
A2: [0.16664591501811882, -0.16668816491930155, -2.219146165545259e-05, -2.0752537579868645e-05] - [0.16658221403562143, 0.33324590567403, -9.018452674518611e-05, -8.445609407331746e-05] - [0.16664508315283838, 0.8333110054907581, -2.301617103294906e-05, -2.1584356212789292e-05] - [2.9268415645058393e-07, 3.015911005932948e-07, 3.096595949313947e-07, 2.926840240526249e-07]
B1: 0.16671728014813667 - 0.6666501881974082 - 0.16658616617730396 - 5.0407899840040066e-05
B2: 0.16671463166244765 - 0.6667303855184438 - 0.1667462371492716 - 4.799265080251543e-05
