Number: 1056
Error: 7.607946918423637e-06
A1: [3.3758412006862656e-07, 2.7047338798948135e-07, 6.98001931514505e-07, 4.2222699424327913e-07] - [0.20834301541867611, 0.3333418397961065, -0.0416571229050975, 1.0054107937154192e-05] - [0.16666767450816644, 0.6666675363679022, 0.16666800886778385, 1.111978473584661e-06] - [-2.000684454791792e-06, -1.785950676790841e-06, -1.5710962760792062e-06, -1.9989731815791743e-06]
A2: [0.1666516600249139, -0.16668218816764035, -1.6124835614398415e-05, -1.5025455874983924e-05] - [0.16658215596866957, 0.3332460322035719, -9.036482493391715e-05, -8.458444244337609e-05] - [0.16663706878892165, 0.833302781992591, -3.1546181651117e-05, -2.9615934946566215e-05] - [5.671773361087179e-06, 5.845102012423805e-06, 6.002175355570321e-06, 5.671770639003031e-06]
B1: 0.1667084731037759 - 0.6666138951395475 - 0.16658023170477115 - 5.154597232503613e-05
B2: 0.16670088329704813 - 0.6667103326996131 - 0.16672252630111625 - 3.4678620093363195e-05
