Number: 232
Error: 8.085576370802288e-06
A1: [3.1541816390396583e-06, 3.2216365051904295e-06, 3.396760683742847e-06, 3.1696856018949353e-06] - [0.20835020330720685, 0.33335008645549674, -0.04164954839332453, 1.6937351029809465e-05] - [0.16667117692254374, 0.6666711343358817, 0.16667122483368543, 4.5290526162111175e-06] - [-4.3217354533059e-07, -3.85553236090889e-07, -3.389019335308926e-07, -4.318033093613175e-07]
A2: [0.16664693284795215, -0.16668710708409212, -2.1118816900304827e-05, -1.9737892050427413e-05] - [0.16658216944923881, 0.3332458902325472, -9.0258034702735e-05, -8.451316496811416e-05] - [0.16664364504413537, 0.8333095295693865, -2.454716610998377e-05, -2.3025522635984475e-05] - [1.248283470091243e-06, 1.2864001759281963e-06, 1.3209386811738202e-06, 1.2482827411513613e-06]
B1: 0.16671593954920377 - 0.6666439196711734 - 0.16658524580908868 - 5.08333903180869e-05
B2: 0.1667114935291009 - 0.6667264003794621 - 0.16674189167267223 - 4.493167535152795e-05
