Number: 2161
Error: 3.8097041232138084e-06
A1: [-9.207491420395653e-06, -8.774691422770303e-06, -7.328160996279133e-06, -9.025048789180215e-06] - [0.20830667565838132, 0.3333071270122015, -0.04168788670515075, -2.585383833276217e-05] - [0.16665541470375303, 0.6666559894755069, 0.16665781544688418, -1.1026859764977232e-05] - [-4.103636652871242e-06, -3.6634922067855397e-06, -3.2231534252919268e-06, -4.100135482263139e-06]
A2: [0.16668685558271754, -0.16664586055423072, 2.1096174128205838e-05, 2.0150349545699573e-05] - [0.16669457639971688, 0.33336209109065223, 2.8469317501600384e-05, 2.7758531463308476e-05] - [0.166655611812915, 0.8333219353071483, -1.1968395563388625e-05, -1.1091887527780672e-05] - [1.1605813529710374e-05, 1.1960526146683992e-05, 1.2281993086174042e-05, 1.1605810459812707e-05]
B1: 0.16663197662429885 - 0.66659167431718 - 0.1666760977707982 - -1.3139566824901642e-05
B2: 0.1666236365656137 - 0.6666043384473497 - 0.16659320254998083 - -4.2089462932436915e-05
