Number: 786
Error: 7.76079900312208e-06
A1: [1.2765317943635248e-06, 1.254751842250393e-06, 1.6008164760545007e-06, 1.3385048971154314e-06] - [0.2083454361767069, 0.3333446123723401, -0.041654565672196185, 1.237498044516355e-05] - [0.16666883878725744, 0.6666687331599203, 0.16666908169981867, 2.2482793001252025e-06] - [-1.4867521698725654e-06, -1.3271038440582394e-06, -1.1673608362063098e-06, -1.4854797010103742e-06]
A2: [0.1666501061507087, -0.16668380521068485, -1.7766804428635285e-05, -1.657449997955072e-05] - [0.16658213540518652, 0.33324595952140307, -9.035711047153065e-05, -8.458606696207376e-05] - [0.1666392160835703, 0.8333049851755561, -2.9260836704113083e-05, -2.746400101851136e-05] - [4.222385263942956e-06, 4.351410872816373e-06, 4.468333858063532e-06, 4.2223830391559434e-06]
B1: 0.16671110839629785 - 0.6666238985803624 - 0.16658201686481533 - 5.1501054372076266e-05
B2: 0.16670411056101916 - 0.6667154000001295 - 0.16672872955960755 - 3.7788846405146435e-05
