Number: 213
Error: 2.7085709019209705e-06
A1: [-2.4914953958068024e-06, -1.7353409320998652e-06, -8.802036656504465e-07, -2.472545431618982e-06] - [0.2083239072610663, 0.3333268820295819, -0.041669700053094914, -9.342633073489762e-06] - [0.16666375408295744, 0.6666645599323533, 0.16666548814604526, -2.8892649401916945e-06] - [-3.9681932231362147e-07, -3.5398908491694574e-07, -3.1113013977293343e-07, -3.9647936139112755e-07]
A2: [0.16667566159177238, -0.16665750934177107, 9.268309342543812e-06, 8.991184553453231e-06] - [0.1666945086423652, 0.3333616503566389, 2.8610908612766947e-05, 2.782733290399112e-05] - [0.16667112735946268, 0.8333378546414253, 4.544101684668185e-06, 4.457112259349377e-06] - [1.1493433865158884e-06, 1.1844360102537215e-06, 1.2162340617737977e-06, 1.1493427149867833e-06]
B1: 0.1666507673231556 - 0.666663695595681 - 0.1666889021167018 - -1.3684631919389008e-05
B2: 0.16664735993179491 - 0.6666411541168767 - 0.16663802297398148 - -1.9209986732677878e-05
