Number: 2254
Error: 6.942020124038461e-06
A1: [-3.8146599382629337e-06, -4.082780025418463e-06, -3.293714068543364e-06, -3.629450859004747e-06] - [0.20833232823565587, 0.33332959217027686, -0.041668414574092136, -1.899478237532444e-07] - [0.1666625217366941, 0.6666622395253431, 0.16666326213545568, -3.916680625941379e-06] - [-4.280842589237359e-06, -3.8216955274710415e-06, -3.3623504234284327e-06, -4.27719100942344e-06]
A2: [0.16665855904580584, -0.16667500859698747, -8.834409286409845e-06, -8.14786614764751e-06] - [0.166582267355696, 0.3332463761591867, -9.037637538025977e-05, -8.455709630908705e-05] - [0.16662754629419954, 0.8332930118937611, -4.168050814364117e-05, -3.9159019429446024e-05] - [1.2101899343119778e-05, 1.2471774326714178e-05, 1.280698414307799e-05, 1.210189637074375e-05]
B1: 0.16669628732713257 - 0.6665690347111883 - 0.16657184988144033 - 5.1252025080709e-05
B2: 0.1666869485017455 - 0.6666882729362761 - 0.1666954662307607 - 2.1263155706628543e-05
