Number: 1201
Error: 3.2778359050920406e-06
A1: [-5.859852422573674e-06, -5.2647683401284965e-06, -4.1067290090692836e-06, -5.758014001433181e-06] - [0.20831532257600566, 0.3333170291297313, -0.041678745810014094, -1.7562082771029348e-05] - [0.1666595638154472, 0.6666602553255869, 0.16666164178108434, -6.9772196264340905e-06] - [-2.2769509659152024e-06, -2.0326098801955156e-06, -1.7881354027308016e-06, -2.275004024409665e-06]
A2: [0.1666813324251636, -0.16665160864484813, 1.525904203690751e-05, 1.4644354315599417e-05] - [0.16669450262226135, 0.33336183068602, 2.8493191114043387e-05, 2.7752055176709326e-05] - [0.16666324484422237, 0.8333297667348611, -3.845195742513969e-06, -3.442367548803349e-06] - [6.453239278324763e-06, 6.6504554333694035e-06, 6.829177690469108e-06, 6.453236352373408e-06]
B1: 0.16664168115592165 - 0.6666275691238707 - 0.1666827695650869 - -1.296415356480354e-05
B2: 0.16663471119779927 - 0.6666219877347292 - 0.1666149278912908 - -3.143071751598795e-05
