Number: 2340
Error: 6.8946200566003e-06
A1: [-4.130486878774794e-06, -4.414041311230882e-06, -3.6000290048349246e-06, -3.938041999221789e-06] - [0.20833148948610525, 0.33332863735204576, -0.04166930482372069, -9.968196219132932e-07] - [0.1666621338851789, 0.6666618403154947, 0.16666290139445286, -4.295606403448256e-06] - [-4.4445111023718485e-06, -3.9678184045493184e-06, -3.4909244390701993e-06, -4.4407206532548705e-06]
A2: [0.16665905050219054, -0.1666744968476186, -8.314538700397975e-06, -7.657948209730506e-06] - [0.16658226461603917, 0.33324639053007526, -9.038708446732551e-05, -8.456586943964323e-05] - [0.16662686110576294, 0.8332923089839238, -4.2409509000884484e-05, -3.984568624828804e-05] - [1.2563438580243915e-05, 1.2947421066862084e-05, 1.3295417811040357e-05, 1.2563435713731103e-05]
B1: 0.16669546730913776 - 0.66656586455892 - 0.16657129358003867 - 5.1285684250503e-05
B2: 0.16668601683491785 - 0.6666867025777113 - 0.16669347842881543 - 2.0368769329156904e-05
