Number: 3037
Error: 4.289146474882475e-06
A1: [-1.2264655053550227e-05, -1.1980117568772572e-05, -1.0270558219167554e-05, -1.2008665707860025e-05] - [0.20829877498690075, 0.33329808015974394, -0.04169623985764658, -3.343043204011252e-05] - [0.16665162609515607, 0.6666520941377793, 0.1666543208764155, -1.472471278446348e-05] - [-5.770331429101807e-06, -5.151518063276021e-06, -4.532488619001219e-06, -5.765418029612535e-06]
A2: [0.16669188216297853, -0.1666406286942648, 2.6409349702302906e-05, 2.516126937072691e-05] - [0.16669459436585687, 0.3333622795324696, 2.839861673492327e-05, 2.7715078019422724e-05] - [0.16664863477266592, 0.8333147772746319, -1.9392625396652925e-05, -1.808397834678766e-05] - [1.6306716949689713e-05, 1.6805118530901358e-05, 1.7256828028647617e-05, 1.6306715551495686e-05]
B1: 0.16662312409003513 - 0.6665588891757586 - 0.16666994071575933 - -1.3297408334099394e-05
B2: 0.16661362032895155 - 0.6665883144772031 - 0.16657345024636933 - -5.17261777060065e-05
