Number: 1957
Error: 3.697372120995188e-06
A1: [-8.514528731311751e-06, -8.048265567286452e-06, -6.664057299766291e-06, -8.349196186836119e-06] - [0.20830843905194935, 0.3333091530251397, -0.041686026550655175, -2.416584408879695e-05] - [0.16665627780522257, 0.6666568763518389, 0.1666586079027589, -1.01848768012936e-05] - [-3.7154791893950236e-06, -3.3169422359587625e-06, -2.918220636962665e-06, -3.712307716300172e-06]
A2: [0.1666856798100023, -0.16664708397532527, 1.985398753192172e-05, 1.897822394416266e-05] - [0.16669455631668556, 0.3333620317272438, 2.8470760417251116e-05, 2.7752751159587725e-05] - [0.16665723379577596, 0.8333235994903064, -1.0242165671942078e-05, -9.466400248373294e-06] - [1.0510980579979956e-05, 1.0832228041870537e-05, 1.1123363149811693e-05, 1.0510977367694656e-05]
B1: 0.16663410551585028 - 0.6665993684774074 - 0.16667758226258292 - -1.303550541750662e-05
B2: 0.166626040463134 - 0.66660808218234 - 0.16659775203699106 - -3.9773949057643644e-05
