Number: 1114
Error: 7.575364699254445e-06
A1: [1.5002824576122016e-07, 7.395822241195439e-08, 5.197640662632125e-07, 2.395273110685246e-07] - [0.20834255232595442, 0.3333413042656333, -0.04165760904102588, 9.61241748664098e-06] - [0.16666743867856273, 0.6666672943425751, 0.16666779425811887, 8.821451990158553e-07] - [-2.1110852557089793e-06, -1.884518488306602e-06, -1.6578259405030337e-06, -2.1092797920164793e-06]
A2: [0.16665199649850912, -0.1666818382342516, -1.576966443989865e-05, -1.4690019858066837e-05] - [0.16658216783275537, 0.33324605498787174, -9.03596067730962e-05, -8.457664682122317e-05] - [0.1666366085581439, 0.8333023097280077, -3.203612728784834e-05, -3.0077162366249823e-05] - [5.983114423703368e-06, 6.165959749623858e-06, 6.331657876710225e-06, 5.983111615678842e-06]
B1: 0.1667078491148141 - 0.6666116914107628 - 0.16657979638547835 - 5.149769614300995e-05
B2: 0.16670015155365678 - 0.6667092497002713 - 0.1667212456657068 - 3.3972019495829436e-05
