Number: 1487
Error: 3.4372051828788795e-06
A1: [-6.864451383357452e-06, -6.3180986093696884e-06, -5.074492023427502e-06, -6.738591826614572e-06] - [0.20831271730350112, 0.3333140483702329, -0.041681501317366795, -2.006151656407161e-05] - [0.1666583204031508, 0.6666589767466735, 0.16666049376346526, -8.190988930641634e-06] - [-2.8211691194544464e-06, -2.5184945774975038e-06, -2.215664399289488e-06, -2.8187584231578108e-06]
A2: [0.16668297765079626, -0.1666498963595598, 1.699790313410057e-05, 1.628446703913039e-05] - [0.16669452498997647, 0.33336190875135235, 2.8486669232686383e-05, 2.7754373837002104e-05] - [0.16666097131607477, 0.8333274341040985, -6.264744461942647e-06, -5.720807336002439e-06] - [7.988380646545729e-06, 8.232520958822598e-06, 8.453770809129261e-06, 7.988377461770486e-06]
B1: 0.1666388289920266 - 0.6666169156840953 - 0.16668082386710603 - -1.2977349822749064e-05
B2: 0.16663141573068022 - 0.6666167110623276 - 0.16660841320655934 - -3.46022900512686e-05
