Number: 497
Error: 2.8780691822218505e-06
A1: [-3.4529510359284686e-06, -2.7421684448497257e-06, -1.799028708851504e-06, -3.410180926926269e-06] - [0.20832146833999998, 0.3333240821476605, -0.041672264321374594, -1.1676594664324318e-05] - [0.16666255715163958, 0.6666633309933456, 0.1666643917985559, -4.056792286256163e-06] - [-9.372746930171987e-07, -8.365214021482809e-07, -7.357046567584303e-07, -9.364719881936109e-07]
A2: [0.16667727998696039, -0.16665582526437772, 1.0977904700261165e-05, 1.060450228085468e-05] - [0.16669445604389685, 0.33336164983081373, 2.8523349329477926e-05, 2.775482705647954e-05] - [0.16666884788965067, 0.833335515780504, 2.1182926358179308e-06, 2.1727665101275856e-06] - [2.6740759762167037e-06, 2.7557750528222023e-06, 2.8298087525385922e-06, 2.6740744521930172e-06]
B1: 0.16664852834254812 - 0.6666536416597136 - 0.16668742817914448 - -1.3104964948407394e-05
B2: 0.16664338459692823 - 0.6666353292885021 - 0.16663109542637183 - -2.3062294183148196e-05
