Number: 328
Error: 8.027411772912068e-06
A1: [2.847551176737954e-06, 2.9007845773292083e-06, 3.1067726828886268e-06, 2.8710896147177505e-06] - [0.208349453214427, 0.33334921880291973, -0.04165033194255691, 1.622266713034489e-05] - [0.16667079094349138, 0.6666707386598262, 0.16667087510150658, 4.152995432090187e-06] - [-6.149255730674273e-07, -5.487191357353458e-07, -4.824695933599817e-07, -6.143987988370178e-07]
A2: [0.1666474812892087, -0.1666865366378002, -2.05399530058303e-05, -1.9191168171748367e-05] - [0.16658215255983605, 0.333245890369823, -9.028792355179922e-05, -8.453678769216297e-05] - [0.1666428735212457, 0.8333087378783003, -2.5368344914231564e-05, -2.379869470066429e-05] - [1.763662366694675e-06, 1.8175326144138661e-06, 1.8663471846355823e-06, 1.7636613362386442e-06]
B1: 0.1667151767727908 - 0.6666405120549552 - 0.16658473546660305 - 5.102332839694832e-05
B2: 0.16671004256244548 - 0.6667243819921997 - 0.1667395617962626 - 4.352232132522006e-05
