Number: 2891
Error: 4.209591112055558e-06
A1: [-1.1759143305002675e-05, -1.1450123168753192e-05, -9.784626933338353e-06, -1.1515407430557287e-05] - [0.20830007561461983, 0.33329957090776396, -0.04169486562880737, -3.218380063061645e-05] - [0.1666522534714567, 0.6666527390744378, 0.16665489879646916, -1.4112457553479061e-05] - [-5.492558750659137e-06, -4.903523270304445e-06, -4.314273103106445e-06, -5.487880327352031e-06]
A2: [0.16669104469698484, -0.16664150033708539, 2.5524189971574667e-05, 2.4326413469058034e-05] - [0.16669459331206132, 0.33336225015921905, 2.8412525862946475e-05, 2.772426142318408e-05] - [0.16664979832288096, 0.8333159710015132, -1.815452057619029e-05, -1.691791936632923e-05] - [1.5523289299822315e-05, 1.5997744530970577e-05, 1.6427747775235257e-05, 1.5523287503734656e-05]
B1: 0.16662460943614674 - 0.6665643653438863 - 0.16667098118582951 - -1.3261121469675756e-05
B2: 0.16661530085685275 - 0.6665909838006352 - 0.1665767277705975 - -5.010890646676432e-05
