Number: 1277
Error: 3.3203187245836404e-06
A1: [-6.140254794606464e-06, -5.558870854949736e-06, -4.37884320036729e-06, -6.032020182821403e-06] - [0.2083145761313238, 0.33331617988192347, -0.04167953822160184, -1.8280350469365854e-05] - [0.1666592198178206, 0.6666599012238599, 0.16666132161603545, -7.313326946967934e-06] - [-2.421569367310628e-06, -2.1617266923030597e-06, -1.9017443732733382e-06, -2.4194991305302527e-06]
A2: [0.16668176734631573, -0.16665115579277234, 1.571907346055452e-05, 1.5077916889134666e-05] - [0.16669450260475782, 0.33336184575646877, 2.848608949050821e-05, 2.7746710406099495e-05] - [0.16666263999636544, 0.833329146214607, -4.4887770099846555e-06, -4.048520457876008e-06] - [6.861194435170894e-06, 7.070880423114678e-06, 7.260904030119779e-06, 6.861191422647459e-06]
B1: 0.1666409705254056 - 0.6666247834110197 - 0.16668229582729094 - -1.2920331832926295e-05
B2: 0.16663387812799377 - 0.6666205863072703 - 0.16661315329966006 - -3.2230867930921626e-05
