Number: 2230
Error: 6.955230289089176e-06
A1: [-3.7387791201557433e-06, -4.003280878221853e-06, -3.2218654258201183e-06, -3.5555776061863885e-06] - [0.2083325129325195, 0.3333298064842431, -0.04166822105253617, -1.40998496123093e-08] - [0.16666261758616885, 0.6666623378485902, 0.16666334902734084, -3.823310225994921e-06] - [-4.2351641588413895e-06, -3.7809133762391385e-06, -3.3264655063796e-06, -4.231551346075554e-06]
A2: [0.16665841978968057, -0.16667515341246683, -8.981381934312106e-06, -8.286692934461894e-06] - [0.16658226261744966, 0.3332463669201348, -9.037832662723648e-05, -8.456015079625057e-05] - [0.16662773686307641, 0.8332932074414211, -4.1477644158773525e-05, -3.8968037987257684e-05] - [1.1973096610735442e-05, 1.2339034562093388e-05, 1.2670675902407488e-05, 1.1973093611825057e-05]
B1: 0.16669655622310786 - 0.6665699576234234 - 0.16657204150595323 - 5.128271782585414e-05
B2: 0.166687250622344 - 0.6666887150749997 - 0.1666959845455024 - 2.155487095765778e-05
