Number: 1052
Error: 7.610236726782571e-06
A1: [3.6622342318094734e-07, 3.0061245312974543e-07, 7.27762048628836e-07, 4.505163489137069e-07] - [0.20834311060945118, 0.3333419435335634, -0.04165701902448419, 1.0147762161933767e-05] - [0.16666770664494307, 0.6666675698230285, 0.16666804132289803, 1.1436865243118042e-06] - [-1.993073438213833e-06, -1.779155889853991e-06, -1.565118079340388e-06, -1.9913686590370992e-06]
A2: [0.16665163950946368, -0.16668220974387285, -1.6146912488159893e-05, -1.5045899771106274e-05] - [0.16658216217863134, 0.33324603731118285, -9.035887369445795e-05, -8.457795190720254e-05] - [0.16663710135327048, 0.8333028153447665, -3.1511654588641785e-05, -2.958330186561395e-05] - [5.650301261276984e-06, 5.822973597186515e-06, 5.9794521374715005e-06, 5.650298545428939e-06]
B1: 0.16670846424679084 - 0.6666139975738897 - 0.1665802145221843 - 5.149736871665874e-05
B2: 0.16670088041148393 - 0.6667104030035921 - 0.16672266188104665 - 3.467400169316601e-05
