Number: 955
Error: 3.1398363569219184e-06
A1: [-5.021297398062684e-06, -4.38578800289285e-06, -3.3028417165957277e-06, -4.940096559813983e-06] - [0.20831746043992025, 0.3333194839699978, -0.04167649071927098, -1.5515157507795163e-05] - [0.16666060744192063, 0.6666613276994606, 0.166662600346757, -5.959066647195372e-06] - [-1.808834427004887e-06, -1.614667573795887e-06, -1.4203892740844547e-06, -1.8072868783514243e-06]
A2: [0.16667991329813894, -0.16665308520386302, 1.3759884398239614e-05, 1.3229625307330338e-05] - [0.16669447387473627, 0.3333617547371441, 2.8490731581165798e-05, 2.774055277290552e-05] - [0.16666519961688483, 0.8333317724476323, -1.764616708755717e-06, -1.4833703934564209e-06] - [5.1327463173874365e-06, 5.28959926469796e-06, 5.4317411239871485e-06, 5.132743759501085e-06]
B1: 0.1666441796246561 - 0.666636775852313 - 0.16668448417959122 - -1.2907542813247628e-05
B2: 0.16663766919485995 - 0.6666265699019677 - 0.16662049044173508 - -2.8579291318008086e-05
