Number: 1843
Error: 3.6344422333985367e-06
A1: [-8.118103301711331e-06, -7.632625282239896e-06, -6.282730406296165e-06, -7.962341233945203e-06] - [0.20830946144436113, 0.3333103242470455, -0.041684945946037076, -2.318562240166797e-05] - [0.1666567694020422, 0.6666573817544516, 0.1666590610586665, -9.705090713406258e-06] - [-3.4985651007293617e-06, -3.1232797279757244e-06, -2.74781588823325e-06, -3.4955780047178323e-06]
A2: [0.16668502402901325, -0.16664776646077967, 1.916093445563941e-05, 1.832448098366949e-05] - [0.16669454807337694, 0.3333620013316636, 2.8474132840634786e-05, 2.775250012316863e-05] - [0.16665814040063198, 0.8333245296538019, -9.277354633033212e-06, -8.557837209935187e-06] - [9.899138771431781e-06, 1.0201684380168935e-05, 1.0475868953214328e-05, 9.899135520275457e-06]
B1: 0.16663526500009102 - 0.6666036385498764 - 0.16667838271823654 - -1.3007583894638334e-05
B2: 0.16662735427659767 - 0.6666101733327904 - 0.16660032364217958 - -3.850952316883919e-05
