Number: 59
Error: 2.6120629909516874e-06
A1: [-2.0649584275210013e-06, -1.290012384934404e-06, -4.884065270868233e-07, -2.0588340459954325e-06] - [0.20832484668726836, 0.33332799392273343, -0.04166873918474977, -8.45975370971399e-06] - [0.16666430667969223, 0.6666651240823517, 0.1666659745929379, -2.3525205494763593e-06] - [-1.0375924021268629e-07, -9.233477220711528e-08, -8.090225825064364e-08, -1.0367051753375289e-07]
A2: [0.1666747802441195, -0.16665842520656513, 8.339720480258803e-06, 8.112590848187636e-06] - [0.16669454652230695, 0.33336166329800054, 2.8674336561609274e-05, 2.7876010074834076e-05] - [0.1666723718623766, 0.8333391318993169, 5.869040447715595e-06, 5.704259637971125e-06] - [3.2253769834066833e-07, 3.323573232807345e-07, 3.4125288277981065e-07, 3.2253754466111765e-07]
B1: 0.16665194022539798 - 0.666669133179526 - 0.1666897140286451 - -1.4039621435899151e-05
B2: 0.16665011580388714 - 0.6666446148235625 - 0.16664176604984804 - -1.6520845108209986e-05
