Number: 947
Error: 3.1353110571535472e-06
A1: [-4.9879751637561016e-06, -4.350812762527756e-06, -3.269970361898577e-06, -4.907451273820243e-06] - [0.20831755433270216, 0.33331958953408625, -0.0416763902886931, -1.5424245437738415e-05] - [0.16666064749448445, 0.6666613690291494, 0.16666263831735637, -5.9198483611863354e-06] - [-1.79361106137753e-06, -1.6010760559178077e-06, -1.4084303615740764e-06, -1.7920765086811632e-06]
A2: [0.1666798682013986, -0.16665313221848285, 1.371208173649804e-05, 1.3184671548147594e-05] - [0.16669447573599952, 0.33336175493277925, 2.8493178033342598e-05, 2.7742974672876743e-05] - [0.16666526352582514, 0.8333318379978617, -1.6966483692284494e-06, -1.4193241187115667e-06] - [5.089799154353658e-06, 5.24533934820359e-06, 5.386291499857832e-06, 5.089796610685053e-06]
B1: 0.16664423989234395 - 0.6666370552567714 - 0.16668452091211114 - -1.2926701915866946e-05
B2: 0.16663774571088733 - 0.6666267180929327 - 0.16662069040702857 - -2.8506239523480437e-05
