Number: 22
Error: 8.217633770960514e-06
A1: [3.6967743839746764e-06, 3.7876176164379308e-06, 3.887506316857635e-06, 3.694825864425947e-06] - [0.208351326567237, 0.3333514359442955, -0.04164841380779835, 1.7983650758052233e-05] - [0.16667189103144198, 0.6666718619323582, 0.16667184420240366, 5.2215818536895384e-06] - [-3.237777016144215e-08, -2.8601814566907393e-08, -2.4823206878933323e-08, -3.2350305657676154e-08]
A2: [0.16664572454536514, -0.16668836211887547, -2.2390839299114106e-05, -2.0942437874880964e-05] - [0.166582204480333, 0.3332458921475676, -9.018629919561908e-05, -8.446340497100395e-05] - [0.16664534039678525, 0.8333112697015221, -2.2741886154638714e-05, -2.1326562572448064e-05] - [1.208904582297226e-07, 1.2454617074309935e-07, 1.2785598924186112e-07, 1.2089043465677194e-07]
B1: 0.16671765352928258 - 0.6666514441353806 - 0.1665864572756715 - 5.046394879518647e-05
B2: 0.16671539962786883 - 0.6667311453823245 - 0.16674689253523842 - 4.874674365558509e-05
