Number: 2586
Error: 6.759395004067153e-06
A1: [-4.992088484037554e-06, -5.317441327145632e-06, -4.429722863617502e-06, -4.778986254995608e-06] - [0.2083292586689494, 0.3333260839852222, -0.041671664042600524, -3.136613675929221e-06] - [0.1666610667074704, 0.6666607430208821, 0.1666619165065668, -5.337293533146777e-06] - [-4.912682022430232e-06, -4.385801364752231e-06, -3.8587119303180125e-06, -4.908494636716172e-06]
A2: [0.16666046266642195, -0.16667302699169367, -6.821824224945556e-06, -6.250184657772115e-06] - [0.16658227247587615, 0.3332464463975967, -9.040393788411856e-05, -8.45752685539701e-05] - [0.16662490259889878, 0.8332902996722741, -4.4493572478427655e-05, -4.1808422214354384e-05] - [1.3883612717995548e-05, 1.4307947907838772e-05, 1.4692520638557944e-05, 1.388361024565173e-05]
B1: 0.16669298712888633 - 0.6665566659877235 - 0.16656957571942554 - 5.124726947221965e-05
B2: 0.1666832108717164 - 0.6666822000126313 - 0.16668791929233284 - 1.766945206446748e-05
