Number: 49
Error: 2.6057079385130734e-06
A1: [-2.052735190819384e-06, -1.2774508774606051e-06, -4.802027660380785e-07, -2.047428810170585e-06] - [0.20832484534182316, 0.3333280002280612, -0.04166874623331445, -8.464711292840263e-06] - [0.16666432690904834, 0.6666651441721749, 0.16666598874763097, -2.333305584391742e-06] - [-8.473020883555616e-08, -7.534468679397523e-08, -6.595251738890825e-08, -8.465780965357497e-08]
A2: [0.16667472070626102, -0.16665848684722556, 8.277398717181947e-06, 8.053231927345482e-06] - [0.16669454345934018, 0.3333616589909416, 2.867370042083296e-05, 2.787364865361706e-05] - [0.16667245222992133, 0.8333392144431795, 5.954731881943719e-06, 5.784799004136004e-06] - [2.6885535470731324e-07, 2.7703406586300975e-07, 2.844426264789786e-07, 2.688552351416361e-07]
B1: 0.16665205790433632 - 0.6666695265830043 - 0.16668980586395749 - -1.4021106044901843e-05
B2: 0.16665035482837715 - 0.6666448513179367 - 0.1666419698937015 - -1.628615687534522e-05
