Number: 1091
Error: 3.216282625433758e-06
A1: [-5.4917765330209725e-06, -4.878993988194859e-06, -3.754910184561898e-06, -5.399159640691768e-06] - [0.2083162508195332, 0.3333180975869282, -0.04167776819375695, -1.6674476191056195e-05] - [0.16666002352972734, 0.6666607275113254, 0.16666206269488776, -6.528889149135867e-06] - [-2.067631657936113e-06, -1.845726011872656e-06, -1.6236964627667614e-06, -2.0658632497146967e-06]
A2: [0.1666806965768016, -0.16665227012136324, 1.4587516810212011e-05, 1.4010472595057224e-05] - [0.16669448621211114, 0.33336179330046967, 2.8488808462839808e-05, 2.7743356522410276e-05] - [0.16666411844183904, 0.8333306631235337, -2.9153153917997248e-06, -2.5668808407186955e-06] - [5.8627867411992595e-06, 6.041954675049063e-06, 6.204320065475689e-06, 5.8627839633424135e-06]
B1: 0.16664282726474577 - 0.6666317134114029 - 0.16668356231096026 - -1.2909912498077676e-05
B2: 0.1666360517602565 - 0.6666240331333274 - 0.1666173890937089 - -3.0137810671549434e-05
