Number: 1458
Error: 7.382945255175825e-06
A1: [-1.0420816775372798e-06, -1.175825233075016e-06, -6.261537422303406e-07, -9.237046005865329e-07] - [0.20833948446444261, 0.3333377885189781, -0.04166085008387914, 6.6717996843928974e-06] - [0.16666595932251038, 0.6666657736627782, 0.16666643159906394, -5.615704983845557e-07] - [-2.7658473881079304e-06, -2.4690981561896497e-06, -2.1721955281096323e-06, -2.7634838191783705e-06]
A2: [0.16665397884463606, -0.16667977534982525, -1.3674972407488005e-05, -1.2713827614355023e-05] - [0.1665822044548747, 0.33324615829813053, -9.035847619511969e-05, -8.456415548676956e-05] - [0.16663387529205737, 0.833299505339891, -3.494512330119764e-05, -3.2816339966268724e-05] - [7.829622519769358e-06, 8.068909333974096e-06, 8.285760348276717e-06, 7.82961935547681e-06]
B1: 0.16670437066061178 - 0.6665988334917324 - 0.1665774166566996 - 5.1434007712521644e-05
B2: 0.16669612087443486 - 0.6667028868255835 - 0.1667134479561386 - 3.009045956133825e-05
