Number: 1383
Error: 3.3793750240662496e-06
A1: [-6.503540894996237e-06, -5.93970981855644e-06, -4.727460175943058e-06, -6.3864120030787884e-06] - [0.2083136469798468, 0.33331511361171157, -0.04168051895967353, -1.9170309881920343e-05] - [0.16665876811541389, 0.6666594370016269, 0.16666090629753985, -7.754051518113052e-06] - [-2.623273221659522e-06, -2.3418107099466524e-06, -2.060200246712111e-06, -2.6210310921045977e-06]
A2: [0.1666823786749938, -0.16665051968632866, 1.6364948776602745e-05, 1.568735050666301e-05] - [0.16669451499113305, 0.33336187858439403, 2.848735301672055e-05, 2.7751665769785357e-05] - [0.16666179784274981, 0.833328282131357, -5.385100794801796e-06, -4.892494524931364e-06] - [7.430159683808437e-06, 7.657237054248921e-06, 7.863022534696893e-06, 7.430156572030447e-06]
B1: 0.1666398838275231 - 0.6666208067155351 - 0.1666815478639229 - -1.2954849081699886e-05
B2: 0.1666326256495998 - 0.6666186277410271 - 0.16661076565028435 - -3.3437425124222594e-05
