Number: 1751
Error: 3.583577453693877e-06
A1: [-7.795226458285086e-06, -7.294076449463756e-06, -5.971708375039851e-06, -7.647190846945967e-06] - [0.2083102984254323, 0.33331128200073296, -0.041684060659018335, -2.2382685442965598e-05] - [0.16665716911350095, 0.6666577927742158, 0.1666594300801244, -9.314913752852516e-06] - [-3.3235100188006098e-06, -2.9669891899145053e-06, -2.6102952804141932e-06, -3.3206717890108148e-06]
A2: [0.16668449515774272, -0.16664831690776433, 1.8601933466461528e-05, 1.7797254418222718e-05] - [0.16669454218465618, 0.33336197750195734, 2.8477487706398777e-05, 2.775306113560178e-05] - [0.16665887206465912, 0.8333252803226896, -8.498732525259833e-06, -7.824592970726566e-06] - [9.405360431454989e-06, 9.692812958085263e-06, 9.953317970215043e-06, 9.405357170188662e-06]
B1: 0.16663619082039158 - 0.6666070747242342 - 0.1666790188579345 - -1.2994970167777486e-05
B2: 0.1666284055388374 - 0.6666118611196461 - 0.1666024088704192 - -3.749811644224346e-05
