Number: 2226
Error: 6.957411014332845e-06
A1: [-3.7341214270183496e-06, -3.998468755107642e-06, -3.2187768426792976e-06, -3.5512468565959687e-06] - [0.20833251153556775, 0.3333298082169449, -0.04166822459108054, -1.6940818699802786e-08] - [0.1666626254869824, 0.6666623457084382, 0.166663354528869, -3.815814867675245e-06] - [-4.227548992108088e-06, -3.774114138810488e-06, -3.3204823601665214e-06, -4.223942642987552e-06]
A2: [0.16665839521048542, -0.16667517885080313, -9.007108862493144e-06, -8.31120057053113e-06] - [0.16658225824654782, 0.33324636197679025, -9.038186815937124e-05, -8.456424106498148e-05] - [0.16662776820387387, 0.8332932396334355, -4.144421011231968e-05, -3.8936628428325966e-05] - [1.1951629567133143e-05, 1.2316911336707071e-05, 1.2647957921798068e-05, 1.1951626563899537e-05]
B1: 0.16669662742731228 - 0.6665701366340474 - 0.1665720974391521 - 5.131424292295121e-05
B2: 0.1666873281359719 - 0.6666887910148717 - 0.16669604690477188 - 2.1630649372861318e-05
