Number: 2002
Error: 7.081067946279573e-06
A1: [-2.9460249722410798e-06, -3.1721106972777927e-06, -2.4593361656087525e-06, -2.7819644342627523e-06] - [0.20833455710616888, 0.33333214829101154, -0.041666060513077655, 1.945731556250218e-06] - [0.16666360081294146, 0.6666633486579298, 0.1666642553158346, -2.8637047104770004e-06] - [-3.8012323306439795e-06, -3.3934973339816114e-06, -2.9855755368023816e-06, -3.797988002150435e-06]
A2: [0.1666571085342594, -0.16667651809220585, -1.0367195134415443e-05, -9.593869658737393e-06] - [0.16658224733119106, 0.33324630726561044, -9.037043820552095e-05, -8.455944167029684e-05] - [0.16662955043315547, 0.8332950681145478, -3.954767186371892e-05, -3.7150548711205265e-05] - [1.0749439567962838e-05, 1.1077974822536177e-05, 1.1375715273503443e-05, 1.074943638099223e-05]
B1: 0.16669887793519203 - 0.6665785014467085 - 0.16657364690583118 - 5.134127888696109e-05
B2: 0.16668987558826692 - 0.6666928943625214 - 0.1667011239627883 - 2.4080996042512913e-05
