Number: 2270
Error: 6.933179326198559e-06
A1: [-3.881220290527713e-06, -4.152650263528049e-06, -3.359381307873874e-06, -3.6946575387231843e-06] - [0.20833214076332426, 0.33332938133865947, -0.04166861515730703, -3.714593196599912e-07] - [0.1666624416931018, 0.6666621569257284, 0.16666318625022164, -3.995056061241918e-06] - [-4.311290608794863e-06, -3.84887912635281e-06, -3.38626897796389e-06, -4.307613190594811e-06]
A2: [0.166658649159808, -0.16667491464152867, -8.738873497634352e-06, -8.058038365599461e-06] - [0.16658226341924315, 0.33324637558025916, -9.03814370634736e-05, -8.456215525656555e-05] - [0.16662741842414694, 0.8332928807477754, -4.1816486027199085e-05, -3.928716452585256e-05] - [1.2187767837285924e-05, 1.2560267483955504e-05, 1.289785626446712e-05, 1.218776488335766e-05]
B1: 0.16669616032053614 - 0.6665684693542888 - 0.166571769709581 - 5.1283863750315646e-05
B2: 0.16668680179929207 - 0.6666879830802184 - 0.16669507304841683 - 2.1123388159810074e-05
