Number: 2047
Error: 3.7469402931334683e-06
A1: [-8.811086967691658e-06, -8.3590726031828e-06, -6.946854868715742e-06, -8.638214590675125e-06] - [0.2083076979796576, 0.33330829816382734, -0.04168680616691957, -2.4873687203040994e-05] - [0.16665590628107727, 0.6666564948589455, 0.16665826858642097, -1.0547092729217577e-05] - [-3.886726909717023e-06, -3.469833984070909e-06, -3.052751921450819e-06, -3.8834099425683996e-06]
A2: [0.16668620018488237, -0.16664654265626647, 2.0403503675479933e-05, 1.9496989734867303e-05] - [0.16669456960129883, 0.33336206213806907, 2.8474128610591102e-05, 2.7759725531165613e-05] - [0.16665651877221785, 0.8333228658243551, -1.1003231576035332e-05, -1.0182969906919772e-05] - [1.0993995491628241e-05, 1.13300070236701e-05, 1.1634523774063606e-05, 1.0993992330671806e-05]
B1: 0.16663313595924528 - 0.6665959452555609 - 0.1666769002213241 - -1.3111775877497467e-05
B2: 0.16662494838919872 - 0.6666064275613521 - 0.16659577207099993 - -4.082702778339697e-05
