Number: 88
Error: 8.175579464181823e-06
A1: [3.6160915485891057e-06, 3.704709483662534e-06, 3.83336756052518e-06, 3.6195420454654283e-06] - [0.20835133561473465, 0.3333513945045025, -0.04164836709978567, 1.8016539129640354e-05] - [0.16667175751501237, 0.6666717293442693, 0.16667175079478289, 5.0947606571650095e-06] - [-1.5803906494349486e-07, -1.4079821126363457e-07, -1.2354547742891135e-07, -1.5790380599787293e-07]
A2: [0.1666461176637609, -0.1666879551205334, -2.1979343510822977e-05, -2.0550500178428553e-05] - [0.16658222528701508, 0.3332459211690235, -9.018149902420237e-05, -8.444722735463451e-05] - [0.16664481011177462, 0.8333107250536654, -2.3307306381957486e-05, -2.1857981326767087e-05] - [4.7521403551295596e-07, 4.897003956982318e-07, 5.028249658941163e-07, 4.75213786779052e-07]
B1: 0.16671687556593104 - 0.6666488467601179 - 0.16658585073853793 - 5.03404884302942e-05
B2: 0.16671382150556738 - 0.6667295841466649 - 0.16674554694834653 - 4.7197233647304685e-05
