Number: 1370
Error: 7.432004207500203e-06
A1: [-7.477655299106363e-07, -8.673468145023218e-07, -3.4483622410440504e-07, -6.367655670797614e-07] - [0.20834022642367564, 0.33333864267161467, -0.04166006858380292, 7.3812494269515755e-06] - [0.16666632701475204, 0.6666661513281614, 0.1666667682439196, -2.0298507319910437e-07] - [-2.5983502265473227e-06, -2.3195544929199374e-06, -2.040611945286097e-06, -2.5961293452088873e-06]
A2: [0.16665346994203517, -0.16668030476900728, -1.4212437626092647e-05, -1.322115596562224e-05] - [0.16658219038551605, 0.3332461273902627, -9.03630107731468e-05, -8.457205174470386e-05] - [0.16663457394691142, 0.8333002222133461, -3.420146305867055e-05, -3.2116172798329006e-05] - [7.3572713167708055e-06, 7.582119964402513e-06, 7.785885507338309e-06, 7.357268218541321e-06]
B1: 0.1667052997848276 - 0.66660216041068 - 0.16657806156104082 - 5.14896213431327e-05
B2: 0.1666971838490226 - 0.6667045132663227 - 0.16671540650449526 - 3.1115286050749794e-05
