Number: 2554
Error: 6.777013571883907e-06
A1: [-4.858972101717871e-06, -5.177705868243849e-06, -4.298393597881352e-06, -4.648577127333583e-06] - [0.20832963360136517, 0.3333265056348791, -0.041671262889803204, -2.7736027011014038e-06] - [0.1666612267895436, 0.6666609082147203, 0.16666206827241148, -5.1805475887969e-06] - [-4.851788377876031e-06, -4.3314365605932934e-06, -3.8108767997125017e-06, -4.847652595030409e-06]
A2: [0.1666602826203276, -0.1666732147201726, -7.012713339694839e-06, -6.4296583146513936e-06] - [0.1665822810407038, 0.33324644824826344, -9.039312206068727e-05, -8.456445864912409e-05] - [0.16662515850937748, 0.833290562134738, -4.4221446165599294e-05, -4.1551961591255904e-05] - [1.3711885813009242e-05, 1.4130972005527695e-05, 1.4510786958050877e-05, 1.3711883281708574e-05]
B1: 0.16669324053573567 - 0.6665577965873121 - 0.1665697364898976 - 5.118299425562061e-05
B2: 0.1666835038304168 - 0.6666827792698449 - 0.1666887051940256 - 1.7948540928311338e-05
