Number: 408
Error: 7.97969460309363e-06
A1: [2.5606539103463244e-06, 2.600190691485417e-06, 2.8300535428278015e-06, 2.5909178042588302e-06] - [0.2083487015597867, 0.33334836177583776, -0.04165112628786284, 1.5500641188237695e-05] - [0.1666704374765914, 0.6666703752596842, 0.1666705481353877, 3.8078271332343345e-06] - [-7.672124382479863e-07, -6.846840736382227e-07, -6.021028728517938e-07, -7.665552842335688e-07]
A2: [0.16664793505154465, -0.16668606422177495, -2.0060197738325945e-05, -1.8738836980863627e-05] - [0.166582133174529, 0.33324588607548083, -9.03163231060304e-05, -8.456178415056496e-05] - [0.16664223120374647, 0.8333080788888845, -2.605177374609582e-05, -2.444238654980655e-05] - [2.1931428108443672e-06, 2.2601409209293908e-06, 2.3208522148859013e-06, 2.193141541743274e-06]
B1: 0.16671458447126197 - 0.6666377179809841 - 0.16658435802203503 - 5.122508575828929e-05
B2: 0.16670898751898386 - 0.6667227558454197 - 0.16673757225715477 - 4.2501953947823355e-05
