Number: 545
Error: 2.9059526842859233e-06
A1: [-3.60548885907745e-06, -2.901887279885159e-06, -1.9433871557504703e-06, -3.5587023631788456e-06] - [0.20832109605659094, 0.3333236508405193, -0.041672653824977764, -1.2031176612408421e-05] - [0.16666236482629265, 0.6666631337616403, 0.16666421747890464, -4.2441575924302125e-06] - [-1.0286184436937516e-06, -9.180754615289682e-07, -8.074635443990106e-07, -1.027737597246429e-06]
A2: [0.16667755699563874, -0.16665553719442336, 1.1270238321855796e-05, 1.0880652725457896e-05] - [0.16669445902462934, 0.33336166156788, 2.85202991025159e-05, 2.775444281372691e-05] - [0.16666846506681976, 0.8333351229367734, 1.7107633856985966e-06, 1.7891194649377991e-06] - [2.931759654553159e-06, 3.0213353373659986e-06, 3.1025070700851835e-06, 2.9317580016546587e-06]
B1: 0.1666480650144568 - 0.6666518649012437 - 0.16668710892272506 - -1.3091892777734784e-05
B2: 0.16664272002563035 - 0.6666343828024519 - 0.16662999476427331 - -2.3706069648859454e-05
