Number: 269
Error: 2.742740722994891e-06
A1: [-2.6785682545395163e-06, -1.931144504362441e-06, -1.058438408778133e-06, -2.6549237746919224e-06] - [0.20832343664983793, 0.333326341090873, -0.04167019368403502, -9.792558051672706e-06] - [0.1666635207017034, 0.6666643204468616, 0.16666527501320133, -3.116850684826506e-06] - [-5.033882953491987e-07, -4.4913681947107003e-07, -3.948494567962187e-07, -5.029570320106632e-07]
A2: [0.1666759792536261, -0.1666571787956643, 9.603823582069238e-06, 9.307845199663185e-06] - [0.1666944915258405, 0.33336164326860973, 2.8586436676996484e-05, 2.780629096295559e-05] - [0.16667067598098653, 0.8333373914997833, 4.063768025259474e-06, 4.004772348317193e-06] - [1.4500045278267286e-06, 1.4942874576403196e-06, 1.5344138601887102e-06, 1.4500036767154232e-06]
B1: 0.16665037189181545 - 0.6666617532968723 - 0.16668864579017606 - -1.3524320517440037e-05
B2: 0.16664652473977679 - 0.6666399624486254 - 0.16663662270553492 - -2.002091947835362e-05
