Number: 1
Error: 2.5332467400790158e-06
A1: [-3.2272834730168188e-06, -2.4984457482962117e-06, -1.7701761881185397e-06, -3.224735070099851e-06] - [0.20831982645601616, 0.3333228225983513, -0.04167418338874188, -1.3496192587431084e-05] - [0.16666315452551878, 0.6666639215845171, 0.1666646881481294, -3.509358253453807e-06] - [6.4423355425905025e-09, 6.061564672012942e-09, 5.680550769606713e-09, 6.436492957964966e-09]
A2: [0.16667410656777706, -0.16665908887087807, 7.695198146650873e-06, 7.4399599747279645e-06] - [0.1666934230129086, 0.333360607148604, 2.771709840283027e-05, 2.6756599448670463e-05] - [0.1666726142259817, 0.8333394019895489, 6.173126445590543e-06, 5.94762708609924e-06] - [1.1799138545896783e-08, 1.2119369981266524e-08, 1.2406441144435881e-08, 1.1799178376475046e-08]
B1: 0.16665713374756422 - 0.6666752988600294 - 0.16669350470061126 - -9.405954575114709e-06
B2: 0.16665614004348037 - 0.6666467417398296 - 0.16663967105056046 - -1.0521976845845047e-05
