Number: 2772
Error: 6.6574275703640826e-06
A1: [-5.640013118561451e-06, -5.996770648408512e-06, -5.0531262876054356e-06, -5.411295652539864e-06] - [0.20832758615415592, 0.33332416838732015, -0.041673432055435354, -4.740320618046681e-06] - [0.166660263384578, 0.6666599171260529, 0.166661175797192, -6.1213472121796725e-06] - [-5.266657964031228e-06, -4.701830477170737e-06, -4.136790219260797e-06, -5.262170753231822e-06]
A2: [0.16666153028977684, -0.16667191577893478, -5.693358899094269e-06, -5.185888638925024e-06] - [0.16658227729109512, 0.333246487432116, -9.041796613630922e-05, -8.458350315599481e-05] - [0.1666234212975316, 0.83328877994827, -4.606982577454024e-05, -4.3292921429333074e-05] - [1.48817519704216e-05, 1.533659641346404e-05, 1.5748823560704942e-05, 1.4881749886197688e-05]
B1: 0.16669110199421408 - 0.6665496997073947 - 0.16656826400034372 - 5.1208304405710994e-05
B2: 0.1666810797355621 - 0.6666787970641467 - 0.16668372906074105 - 1.561895241405051e-05
