Number: 2552
Error: 6.778101023685162e-06
A1: [-4.8566424311954635e-06, -5.175299101681999e-06, -4.296848684980412e-06, -4.646410923226403e-06] - [0.20832963290585574, 0.3333265065038395, -0.04167126465673009, -2.7750202059784645e-06] - [0.16666123074068623, 0.6666609121453169, 0.1666620710238558, -5.176799162222656e-06] - [-4.847980819988843e-06, -4.328036960131313e-06, -3.8078852100656666e-06, -4.843848264174087e-06]
A2: [0.16666027034671047, -0.16667322742325005, -7.025560644724962e-06, -6.441896152149282e-06] - [0.16658227891703, 0.3332464458387393, -9.039483042687705e-05, -8.456644199997594e-05] - [0.16662517419513023, 0.8332905782461877, -4.42047136259169e-05, -4.15362414539871e-05] - [1.3701152978051352e-05, 1.4119911101165465e-05, 1.449942868582751e-05, 1.3701150443152903e-05]
B1: 0.16669327599299913 - 0.6665578859927532 - 0.1665697644048356 - 5.119861260839779e-05
B2: 0.16668354263239088 - 0.6666828172869808 - 0.16668873642221702 - 1.7986475208891457e-05
