Number: 2405
Error: 3.943770046099576e-06
A1: [-1.0066836356866678e-05, -9.675774097389861e-06, -8.15641666880421e-06, -9.863899955850863e-06] - [0.2083044436091651, 0.33330457394206003, -0.041690248307146724, -2.799558752132689e-05] - [0.16665435154099423, 0.6666548961422533, 0.16665683330897835, -1.2064734610414249e-05] - [-4.567889941659929e-06, -4.07797882728123e-06, -3.587864087266677e-06, -4.563994837920562e-06]
A2: [0.16668825575217042, -0.16664440313729417, 2.2576309630412003e-05, 2.1546157001795018e-05] - [0.16669458324568337, 0.33336214559790495, 2.8451821812131722e-05, 2.7748270619540116e-05] - [0.16665366934099443, 0.8333199424430703, -1.403538365380041e-05, -1.3038551114608227e-05] - [1.2915280100833723e-05, 1.3310018324093575e-05, 1.3667764114835551e-05, 1.2915277323866244e-05]
B1: 0.1666295323409884 - 0.6665825664888742 - 0.1666744098934816 - -1.3161954301365352e-05
B2: 0.16662086914035315 - 0.6665998733403862 - 0.1665876733166638 - -4.4751181459364806e-05
