Number: 2022
Error: 7.070010632335272e-06
A1: [-3.0172483527638193e-06, -3.246798425308998e-06, -2.5280971374006174e-06, -2.851507151226754e-06] - [0.20833437101265687, 0.3333319357089844, -0.04166625757439029, 1.7670430220555143e-06] - [0.1666635128635902, 0.6666632581936359, 0.16666417392487604, -2.949580355666469e-06] - [-3.839296517923887e-06, -3.427481159949665e-06, -3.015478011612826e-06, -3.83601985112675e-06]
A2: [0.16665722330390478, -0.166676398621975, -1.0245856207519937e-05, -9.479457793669047e-06] - [0.16658224805284652, 0.3332463119165572, -9.037167297396848e-05, -8.456012309830201e-05] - [0.16662939129255577, 0.8332949048465699, -3.9717013995794194e-05, -3.731003308781822e-05] - [1.0856780061169195e-05, 1.1188596321355236e-05, 1.148931056395461e-05, 1.0856776886021847e-05]
B1: 0.16669867978606234 - 0.6665777573414512 - 0.16657351128770098 - 5.134165801933631e-05
B2: 0.1666896508904792 - 0.6666925280729609 - 0.1667006679158355 - 2.3864968240610424e-05
