Number: 935
Error: 3.1285544716685632e-06
A1: [-4.9499761525338424e-06, -4.311007234009049e-06, -3.2339933768572054e-06, -4.870456201512728e-06] - [0.20831764690872162, 0.3333196969064409, -0.04167629332608409, -1.5336094262788073e-05] - [0.16666069546360324, 0.6666614182335957, 0.1666626818030918, -5.873119065699442e-06] - [-1.7707757734140582e-06, -1.5806882108888886e-06, -1.3904911017571938e-06, -1.7692607160741977e-06]
A2: [0.1666797985115326, -0.16665320468403252, 1.3638541011353091e-05, 1.3115196240937114e-05] - [0.16669447317829267, 0.3333617501426389, 2.8492046279395014e-05, 2.7741258258673918e-05] - [0.16666535876793048, 0.8333319357340346, -1.5952505983756188e-06, -1.3238759300959331e-06] - [5.025384572883363e-06, 5.178955816060526e-06, 5.318123569625776e-06, 5.025382050765231e-06]
B1: 0.16664436974568866 - 0.6666375120313162 - 0.16668461189999328 - -1.2915955497482792e-05
B2: 0.16663790128888584 - 0.6666269438276174 - 0.16662095438915198 - -2.835586073813819e-05
