Number: 1682
Error: 7.258332987308265e-06
A1: [-1.8303518576702763e-06, -2.002354262041579e-06, -1.38575636099532e-06, -1.6931595220813699e-06] - [0.20833743829195234, 0.333335447866216, -0.041663014701273, 4.708528668959931e-06] - [0.16666498384020054, 0.6666647705625925, 0.1666655306801323, -1.5138346279888959e-06] - [-3.192188624386397e-06, -2.849739223441901e-06, -2.5071211550645336e-06, -3.1894621215817548e-06]
A2: [0.16665526728456628, -0.16667843434825924, -1.2313134461680745e-05, -1.1429394847914806e-05] - [0.166582221947535, 0.33324621955641953, -9.036339942232532e-05, -8.456237646716866e-05] - [0.16663209466515236, 0.8332976784520416, -3.684007690127107e-05, -3.4600816597773505e-05] - [9.031936586423436e-06, 9.307973933171645e-06, 9.5581328869719e-06, 9.031933332383778e-06]
B1: 0.16670212599942222 - 0.6665904790688174 - 0.16657588272575802 - 5.1412912475155156e-05
B2: 0.16669355820162898 - 0.6666987678633559 - 0.16670835490060912 - 2.762488864853004e-05
