Number: 639
Error: 2.9602164478274484e-06
A1: [-3.931896175956452e-06, -3.2439511942756478e-06, -2.256963847489051e-06, -3.877217749120916e-06] - [0.2083202553984846, 0.33332268818584054, -0.041673541021190585, -1.283706248513876e-05] - [0.1666619601607262, 0.6666627178821557, 0.16666384486313882, -4.639083004103682e-06] - [-1.207499488256123e-06, -1.0777842475681626e-06, -9.479896521884526e-07, -1.2064656694930288e-06]
A2: [0.1666780956734399, -0.16665497659745698, 1.183945340809539e-05, 1.1417650019538564e-05] - [0.16669445638647234, 0.3333616767876838, 2.8507297667454586e-05, 2.7745215634263198e-05] - [0.16666771494463167, 0.8333343532882824, 9.12456217819684e-07, 1.0373833424901165e-06] - [3.436395553723302e-06, 3.5413963960029775e-06, 3.636546992549312e-06, 3.4363936620095257e-06]
B1: 0.16664722066377124 - 0.666648447406388 - 0.1666865446726985 - -1.3003197881466581e-05
B2: 0.16664153530683062 - 0.6666325594943454 - 0.16662777816863283 - -2.485006918955466e-05
