Number: 207
Error: 2.704915648654878e-06
A1: [-2.48427293310783e-06, -1.7279058985811773e-06, -8.75373589488887e-07, -2.4658136666010465e-06] - [0.208323906045472, 0.33332688543853783, -0.041669704622196144, -9.34601559247484e-06] - [0.16666376612858083, 0.6666645719016229, 0.16666549656172164, -2.877827857580201e-06] - [-3.854017205974373e-07, -3.437948712816716e-07, -3.0216009364796027e-07, -3.850715435681097e-07]
A2: [0.16667562544448714, -0.16665754675954883, 9.230475182687992e-06, 8.955144632472036e-06] - [0.16669450506636393, 0.3333616459977636, 2.860872036914317e-05, 2.7824177841024266e-05] - [0.16667117513759086, 0.8333379037160119, 4.595056641395539e-06, 4.50499348507526e-06] - [1.117136020979159e-06, 1.1512441563696172e-06, 1.1821500557035564e-06, 1.1171353689877425e-06]
B1: 0.16665084981546074 - 0.6666639421635785 - 0.16668896638969466 - -1.3661646221304241e-05
B2: 0.16664749468872073 - 0.6666412870900905 - 0.16663813611273728 - -1.9077831684282946e-05
