Number: 453
Error: 2.852337812237594e-06
A1: [-3.3050332412845636e-06, -2.58722798720093e-06, -1.6577288499209418e-06, -3.265952579278178e-06] - [0.20832184214727542, 0.3333245118364569, -0.041671871177135805, -1.1319044895400014e-05] - [0.1666627416076038, 0.6666635203937872, 0.16666456064283483, -3.876890864117698e-06] - [-8.535426211736241e-07, -7.617633974119293e-07, -6.699258389306978e-07, -8.528115629761815e-07]
A2: [0.166677027787937, -0.1666560876624171, 1.0711534031570551e-05, 1.0353089913554606e-05] - [0.16669445836806196, 0.33336164398386947, 2.8530898245933037e-05, 2.776023553723985e-05] - [0.16666919960478283, 0.8333358766684794, 2.492626774356702e-06, 2.525237105240637e-06] - [2.4378587960489488e-06, 2.5123374341275836e-06, 2.579827768898765e-06, 2.4378573942192136e-06]
B1: 0.16664891606502324 - 0.6666552357203842 - 0.1666876885424361 - -1.3153958259530958e-05
B2: 0.1666439744820688 - 0.6666362027416887 - 0.16663213670551097 - -2.2491470018821876e-05
