Number: 333
Error: 2.7812883185092694e-06
A1: [-2.89884686314212e-06, -2.1618171790667826e-06, -1.269448652044138e-06, -2.8698310010432115e-06] - [0.2083228725733374, 0.3333256949792339, -0.04167078739058955, -1.0332967903317017e-05] - [0.1666632473635792, 0.666664039719532, 0.16666502398993813, -3.383559068292248e-06] - [-6.251814528322176e-07, -5.578768695104022e-07, -4.905283973867138e-07, -6.246458790824943e-07]
A2: [0.1666763425149297, -0.16665680072277453, 9.987660800790891e-06, 9.669962312634121e-06] - [0.1666944745906237, 0.33336163806622315, 2.8561633141884515e-05, 2.7784869706722144e-05] - [0.16667016121180234, 0.8333368633360367, 3.5160027894732065e-06, 3.4889044051273755e-06] - [1.7936136313427092e-06, 1.8483996514737174e-06, 1.8980441085642957e-06, 1.793612581605113e-06]
B1: 0.16664990346667988 - 0.6666595204502535 - 0.1666883431790644 - -1.3357564751312678e-05
B2: 0.16664562203503222 - 0.6666386318706059 - 0.1666350320083073 - -2.089590060689556e-05
