Number: 770
Error: 7.769952339058909e-06
A1: [1.3432205503301416e-06, 1.3247419128547755e-06, 1.6665937609304942e-06, 1.403839666477711e-06] - [0.208345624109443, 0.3333448236314037, -0.04165436469756322, 1.2556951446970587e-05] - [0.16666891894062064, 0.6666688158621481, 0.16666915767797374, 2.3267639803248732e-06] - [-1.4562981855695126e-06, -1.2999142926959587e-06, -1.1434373556793958e-06, -1.4550517361288476e-06]
A2: [0.16665001606450341, -0.16668389913021853, -1.786229613799492e-05, -1.6664299957950268e-05] - [0.1665821395708763, 0.3332459603659652, -9.035174859277565e-05, -8.458077898859895e-05] - [0.16663934402644323, 0.8333051164039825, -2.9124767834837915e-05, -2.73357832391245e-05] - [4.136493463949484e-06, 4.262893648648435e-06, 4.377437334684768e-06, 4.136491273620275e-06]
B1: 0.16671122427270452 - 0.6666244530971158 - 0.1665820863702314 - 5.145807520188882e-05
B2: 0.16670426742912578 - 0.6667157003228837 - 0.16672913348496374 - 3.793877968702115e-05
