Number: 448
Error: 7.956129772623442e-06
A1: [2.4413359943134477e-06, 2.475356934348747e-06, 2.718489019364068e-06, 2.47493951410872e-06] - [0.20834842286123606, 0.333348035762806, -0.04165141559046945, 1.523666408894219e-05] - [0.1666702851041344, 0.6666702192703117, 0.16667041171199756, 3.659580651026988e-06] - [-8.433583484218731e-07, -7.52669224365608e-07, -6.619225168138121e-07, -8.426360225982916e-07]
A2: [0.16664816662945306, -0.1666858235067571, -1.9816014849560226e-05, -1.8507974647940254e-05] - [0.16658213662587945, 0.33324589659095116, -9.031837623743897e-05, -8.456113840426055e-05] - [0.16664191192033598, 0.8333077512185795, -2.63917200191608e-05, -2.476235714965147e-05] - [2.407881729773375e-06, 2.4814437484825042e-06, 2.548103416714803e-06, 2.407880345940614e-06]
B1: 0.16671419228386034 - 0.6666362303750072 - 0.16658408418729706 - 5.1229874971702114e-05
B2: 0.16670839089242465 - 0.6667219487841834 - 0.16673666267334591 - 4.1922666606975493e-05
