Number: 2721
Error: 4.116751962077645e-06
A1: [-1.1153786854432027e-05, -1.0815316993760404e-05, -9.200186388659481e-06, -1.09243350088973e-05] - [0.20830165748368118, 0.33330137794216613, -0.04169319048027793, -3.0664869192196614e-05] - [0.1666530009001273, 0.6666535079014603, 0.1666555905385229, -1.3382652306215136e-05] - [-5.169121952959982e-06, -4.614759996408573e-06, -4.060186097962739e-06, -5.1647173290183835e-06]
A2: [0.1666900718984516, -0.16664251307377906, 2.4495564557567323e-05, 2.3356653963966016e-05] - [0.16669459755971797, 0.3333622210560115, 2.8433424798226208e-05, 2.774042837833377e-05] - [0.16665115351610352, 0.8333173612861909, -1.6712611687474444e-05, -1.5559805250170805e-05] - [1.4611042854006562e-05, 1.5057614219494024e-05, 1.5462342440656525e-05, 1.4611040654582754e-05]
B1: 0.16662628621546555 - 0.6665706900334818 - 0.1666721419449484 - -1.327167284490779e-05
B2: 0.16661720132306154 - 0.6665940877999129 - 0.16658059503383124 - -4.828208904360487e-05
