Number: 2453
Error: 3.9701188740722985e-06
A1: [-1.0242565645969023e-05, -9.860088545974905e-06, -8.326779138051485e-06, -1.0035591344450091e-05] - [0.20830397762063954, 0.33330404329250696, -0.04169074280042157, -2.844378649562808e-05] - [0.16665413564771542, 0.6666546739349293, 0.16665663259671526, -1.227564688434046e-05] - [-4.659216255702155e-06, -4.159514770585031e-06, -3.659608127518033e-06, -4.655243710180647e-06]
A2: [0.1666885299216814, -0.16664411765010773, 2.2866325498824475e-05, 2.181946846609534e-05] - [0.16669458109914198, 0.3333621529744913, 2.8445190974221154e-05, 2.7742758931925977e-05] - [0.1666532867428735, 0.8333195499494348, -1.4442440020604864e-05, -1.3421973819874382e-05] - [1.3172876522638612e-05, 1.357548850517302e-05, 1.394037110515368e-05, 1.3172873818949316e-05]
B1: 0.1666290740718967 - 0.6665807959983089 - 0.16667409767425756 - -1.3143772334659937e-05
B2: 0.1666203476717252 - 0.6665989970838898 - 0.16658656575717845 - -4.5251857151654455e-05
