Number: 2414
Error: 6.8539126384231624e-06
A1: [-4.384411735427856e-06, -4.680244450496283e-06, -3.8437649380730185e-06, -4.1857578345665904e-06] - [0.20833083960237153, 0.33332789163078846, -0.04166999095275786, -1.6193425473792956e-06] - [0.16666181817646042, 0.666661515845723, 0.16666261103715452, -4.603652190074773e-06] - [-4.585345711668274e-06, -4.093555886745034e-06, -3.6015622683146773e-06, -4.581435810108529e-06]
A2: [0.1666594763085155, -0.16667405373113933, -7.864592942823867e-06, -7.233465669727537e-06] - [0.16658226974255272, 0.33324640998066657, -9.038963347566941e-05, -8.456593459001248e-05] - [0.1666262723375485, 0.8332917049187307, -4.303607557607329e-05, -4.0435726595279496e-05] - [1.2960570541072685e-05, 1.3356691861740093e-05, 1.3715691239172204e-05, 1.2960567778858873e-05]
B1: 0.1666947037336115 - 0.6665630810763092 - 0.16657076149600097 - 5.125661465151648e-05
B2: 0.1666851544036729 - 0.6666853461798514 - 0.16669182149374123 - 1.953841906752424e-05
