Number: 1110
Error: 7.5775893991702675e-06
A1: [1.5469800989451365e-07, 7.878169172032673e-08, 5.228630287988256e-07, 2.438700807687453e-07] - [0.20834255097339677, 0.33334130603974615, -0.04165761254177888, 9.60962076926121e-06] - [0.1666674465889691, 0.6666673022112762, 0.16666779976726956, 8.896500586295412e-07] - [-2.103469891707001e-06, -1.8777191057165585e-06, -1.6518428904608862e-06, -2.1016709245639187e-06]
A2: [0.16665197188005035, -0.16668186371119545, -1.57954292106459e-05, -1.471456675806739e-05] - [0.1665821633242578, 0.33324604991017637, -9.03632793215358e-05, -8.458087472965096e-05] - [0.16663663986656405, 0.8333023418885275, -3.200272394120639e-05, -3.0045785211020405e-05] - [5.96164283715766e-06, 6.143831838437877e-06, 6.308935148359171e-06, 5.961640034815545e-06]
B1: 0.16670791942010774 - 0.6666118694366676 - 0.16657985122610633 - 5.152831943344531e-05
B2: 0.16670023012205906 - 0.6667093267230221 - 0.16672130913713498 - 3.4048853284340805e-05
