Number: 1387
Error: 3.3815803608124417e-06
A1: [-6.508206277176044e-06, -5.944529561063837e-06, -4.730556212350372e-06, -6.390750421250844e-06] - [0.20831364833842997, 0.33331511184207574, -0.04168051545652994, -1.916750724402689e-05] - [0.16665876020813328, 0.6666594291354189, 0.1666609007900237, -7.761553295549956e-06] - [-2.6308850730569583e-06, -2.348606982208375e-06, -2.066180636074965e-06, -2.628636458162341e-06]
A2: [0.1666824032767325, -0.16665049422600833, 1.6390696988760114e-05, 1.5711880667435884e-05] - [0.16669451945493752, 0.33336188361843855, 2.8490982702638468e-05, 2.7755848899909075e-05] - [0.1666617665220081, 0.8333282499587352, -5.418516107387287e-06, -4.923884026371481e-06] - [7.451625082046031e-06, 7.679358586560414e-06, 7.885738727651224e-06, 7.451621966981535e-06]
B1: 0.1666398131847579 - 0.6666206283322546 - 0.16668149263012436 - -1.2985812377531861e-05
B2: 0.1666325475206931 - 0.6666185511572991 - 0.1666107026195284 - -3.351381881130488e-05
