Number: 659
Error: 2.971704993142535e-06
A1: [-4.003343543085227e-06, -3.318847746296789e-06, -2.325917301825997e-06, -3.946984071422149e-06] - [0.20832006846953932, 0.3333224748264979, -0.04167373879919615, -1.3016585363367304e-05] - [0.1666618720342682, 0.6666626272512941, 0.16666376331878094, -4.725135164439617e-06] - [-1.2455591317830638e-06, -1.1117646245767552e-06, -9.778885982178443e-07, -1.244492774984337e-06]
A2: [0.1666782100780454, -0.16665485750882153, 1.1960396686588136e-05, 1.1531697084998132e-05] - [0.16669445549322867, 0.3333616797524602, 2.8504317586647068e-05, 2.7742920517233462e-05] - [0.16666755538614156, 0.8333341895841162, 7.426632885892083e-07, 8.774814693523954e-07] - [3.5437644399336557e-06, 3.6520472141954807e-06, 3.750172037648642e-06, 3.543762499776338e-06]
B1: 0.16664704345453304 - 0.6666477228722265 - 0.16668642735969944 - -1.298187869526888e-05
B2: 0.16664129336749847 - 0.6666321754237909 - 0.1666273038006227 - -2.508334527107947e-05
