Number: 2879
Error: 4.203057600609987e-06
A1: [-1.1721206370211947e-05, -1.1410376583332058e-05, -9.748704551073962e-06, -1.1478474176538282e-05] - [0.20830016796829645, 0.3332996780714188, -0.04169476885816187, -3.20958710914983e-05] - [0.16665230138756143, 0.6666527882289803, 0.16665494223791508, -1.4065780798692837e-05] - [-5.469727399576514e-06, -4.883139293817349e-06, -4.296336655584433e-06, -5.465068297037354e-06]
A2: [0.16669097522695922, -0.1666415725858292, 2.5450862380198833e-05, 2.4257157998804586e-05] - [0.1666945915321147, 0.3333622461313525, 2.8412140197489846e-05, 2.7723322985751865e-05] - [0.16664989374979086, 0.8333160689182738, -1.805294602572307e-05, -1.682228623690866e-05] - [1.545889896051981e-05, 1.5931386021244182e-05, 1.6359605224083957e-05, 1.5458897133825677e-05]
B1: 0.16662474358028975 - 0.6665648269041422 - 0.1666710775686464 - -1.3246068925110467e-05
B2: 0.1666154512353262 - 0.6665912041912502 - 0.1665769862697327 - -4.996372830721911e-05
