Number: 2815
Error: 4.168148859267577e-06
A1: [-1.1502894939050637e-05, -1.1181516654775535e-05, -9.539343880233294e-06, -1.1265531049200865e-05] - [0.20830072488322043, 0.3333003175859341, -0.04169418116199111, -3.156261328185234e-05] - [0.1666525730858029, 0.6666530674389051, 0.1666551918839836, -1.380070793214519e-05] - [-5.3479621362126656e-06, -4.774427257830042e-06, -4.200678770833024e-06, -5.343406093066588e-06]
A2: [0.16669060741097422, -0.16664195535633722, 2.5062195733127905e-05, 2.3890486189687787e-05] - [0.16669458904077775, 0.33336223129734377, 2.841635609199455e-05, 2.7725319214432146e-05] - [0.16665040348977103, 0.8333165918948703, -1.751050689028667e-05, -1.6311446544399548e-05] - [1.5115472787189217e-05, 1.5577462621399007e-05, 1.599616668799272e-05, 1.5115470802770062e-05]
B1: 0.166625406241539 - 0.6665672380739727 - 0.16667154339509316 - -1.3218609150458937e-05
B2: 0.16661619921341805 - 0.6665923753797883 - 0.1665784132687104 - -4.924347994788977e-05
