Number: 2829
Error: 4.175765634010132e-06
A1: [-1.1543160455027741e-05, -1.122366922282602e-05, -9.576810728440149e-06, -1.1304629425208006e-05] - [0.20830063322424866, 0.3333002095518969, -0.04169427616791204, -3.1649126152038205e-05] - [0.1666525212191509, 0.6666530143540873, 0.16665514569111062, -1.3851132524857855e-05] - [-5.374599438497007e-06, -4.7982094241781195e-06, -4.221605584117916e-06, -5.370020847299172e-06]
A2: [0.1666906891573461, -0.16664187040176395, 2.5148373358049237e-05, 2.3971982217014572e-05] - [0.1666945929634976, 0.33336223775415685, 2.84184696781969e-05, 2.772826006646431e-05] - [0.16665029238099713, 0.8333164778705983, -1.7628810032272044e-05, -1.6422795930350636e-05] - [1.5190593610392475e-05, 1.565487961293043e-05, 1.607566502087228e-05, 1.5190591659713192e-05]
B1: 0.16662523650939864 - 0.666566686996199 - 0.16667141899985063 - -1.3249411444376082e-05
B2: 0.16661601015548239 - 0.6665921170918517 - 0.16657812365955446 - -4.9426469609753113e-05
