Number: 69
Error: 2.6184083134005112e-06
A1: [-2.077175139658534e-06, -1.3025679248387042e-06, -4.966048876383334e-07, -2.070232764187307e-06] - [0.20832484805661938, 0.3333279876393233, -0.04166873211627335, -8.454772242852588e-06] - [0.1666642864557207, 0.6666651039974801, 0.16666596044275278, -2.3717301361481526e-06] - [-1.2278828016665125e-07, -1.0932486466865698e-07, -9.58520132121689e-08, -1.2268323547634806e-07]
A2: [0.16667483980538375, -0.16665836354198635, 8.402066612696064e-06, 8.171973174446017e-06] - [0.16669454968149322, 0.33336166770340225, 2.8675072916900564e-05, 2.7878467714537503e-05] - [0.16667229151934096, 0.833339049380506, 5.783374544393505e-06, 5.623744780738157e-06] - [3.7621984553715884e-07, 3.876803791965736e-07, 3.980629328733995e-07, 3.7621965768084195e-07]
B1: 0.1666518218561068 - 0.666668739161265 - 0.1666896216535652 - -1.4058826728295814e-05
B2: 0.16664987728941869 - 0.6666443788547592 - 0.1666415627458807 - -1.6755023307645756e-05
