Number: 1919
Error: 3.676381933060356e-06
A1: [-8.374397498687298e-06, -7.901280941326873e-06, -6.528062153057641e-06, -8.212262757638335e-06] - [0.20830881202582038, 0.3333095774153521, -0.041685630560316406, -2.380695791601164e-05] - [0.1666564497431056, 0.6666570533450584, 0.1666587679337627, -1.0016883532975356e-05] - [-3.64317544608066e-06, -3.2523892648125053e-06, -2.861420435941759e-06, -3.6400654203387132e-06]
A2: [0.16668546260845746, -0.1666473101456263, 1.9624223503699215e-05, 1.876170168298957e-05] - [0.16669455724665447, 0.3333620250962366, 2.8475197532710974e-05, 2.7756345004244598e-05] - [0.16665753643913567, 0.8333239099652241, -9.920164448065239e-06, -9.163104208012157e-06] - [1.0307030545199628e-05, 1.0622043982940929e-05, 1.0907528825663793e-05, 1.0307027316758108e-05]
B1: 0.1666344655262549 - 0.6666007666202592 - 0.16667782513937895 - -1.305270352451166e-05
B2: 0.16662645120937844 - 0.6666087769447024 - 0.16659863322868093 - -3.937966313531565e-05
