Number: 3035
Error: 4.288069961148558e-06
A1: [-1.2262326233221246e-05, -1.1977711470642685e-05, -1.0269013699956833e-05, -1.2006500336354863e-05] - [0.20829877429320026, 0.3332980810308159, -0.04169624162183755, -3.343184767849685e-05] - [0.16665163004588365, 0.6666520980681815, 0.16665432362804317, -1.472096474457212e-05] - [-5.766525624130416e-06, -5.148120011828638e-06, -4.5294983341862385e-06, -5.761615443198994e-06]
A2: [0.16669186991085477, -0.1666406413757627, 2.639652404447281e-05, 2.5149053036148016e-05] - [0.1666945923158847, 0.33336227719662404, 2.839698204529173e-05, 2.771316841704116e-05] - [0.1666486504774727, 0.8333147934051507, -1.937587374755552e-05, -1.8068239140601765e-05] - [1.6295987670339536e-05, 1.6794061292067662e-05, 1.7245473506940764e-05, 1.6295986266374243e-05]
B1: 0.16662315953927317 - 0.6665589786211956 - 0.16666996872856568 - -1.3281796290107064e-05
B2: 0.16661365900219763 - 0.6665883523690439 - 0.16657348135103156 - -5.168837251352846e-05
