Number: 2942
Error: 6.564452844545213e-06
A1: [-6.2213676588127125e-06, -6.606218574148239e-06, -5.610851116648767e-06, -5.978388846533473e-06] - [0.20832610114215933, 0.33332246365398804, -0.04167499945277203, -6.162486163685362e-06] - [0.16665954011506148, 0.6666591738409864, 0.16666051098103163, -6.827016115789767e-06] - [-5.590181766005215e-06, -4.9906719652335085e-06, -4.390947008838133e-06, -5.5854207429529044e-06]
A2: [0.1666625073702018, -0.16667089895170759, -4.660859405844428e-06, -4.211849326201773e-06] - [0.16658228441318823, 0.3332465274143022, -9.042856278284623e-05, -8.458830860675556e-05] - [0.16662206746511157, 0.8332873909689742, -4.751050250086375e-05, -4.46496767907107e-05] - [1.579399853018206e-05, 1.6276726783606037e-05, 1.6714229031433334e-05, 1.5793996868455668e-05]
B1: 0.16668934520010512 - 0.6665432989607375 - 0.16656703135589843 - 5.113881448552439e-05
B2: 0.1666790964487429 - 0.6666756851381731 - 0.16667993320239244 - 1.370936830074209e-05
