Number: 2852
Error: 6.613685004652993e-06
A1: [-5.900905673856305e-06, -6.270171319254155e-06, -5.301474472987399e-06, -5.665489104839503e-06] - [0.2083269384267416, 0.3333234201304737, -0.04167411281539091, -5.35852206395403e-06] - [0.16665993584297395, 0.6666595808851439, 0.16666087720270414, -6.440618375863003e-06] - [-5.418908980670662e-06, -4.837760609484339e-06, -4.2563981940559936e-06, -5.414292886617799e-06]
A2: [0.166661992329665, -0.1666714351416025, -5.205459079674664e-06, -4.7252798681522835e-06] - [0.16658228656450547, 0.33324651188700205, -9.041761063956437e-05, -8.457984268821126e-05] - [0.16662278492558757, 0.8332881270025907, -4.674713564671239e-05, -4.3930668855988696e-05] - [1.531104789683381e-05, 1.577901426651902e-05, 1.6203135647815013e-05, 1.5311046003406498e-05]
B1: 0.1666902332130168 - 0.6665466476025552 - 0.1665676460265077 - 5.113351762700178e-05
B2: 0.16668010308012826 - 0.6666773288421204 - 0.16668198071793258 - 1.4676982389643016e-05
