Number: 2562
Error: 6.7726087983410384e-06
A1: [-4.892250882215355e-06, -5.212639456562952e-06, -4.331225671707614e-06, -4.6811790935625786e-06] - [0.20832953986945427, 0.33332640022353305, -0.041671363177047005, -2.8643542506025342e-06] - [0.1666611867692638, 0.6666608669164718, 0.16666203033114424, -5.21973383481905e-06] - [-4.867011815991859e-06, -4.3450277889017575e-06, -3.8228356058104804e-06, -4.8628631316918004e-06]
A2: [0.16666032763508049, -0.16667316778478947, -6.964987772169166e-06, -6.384786671136339e-06] - [0.16658227891216193, 0.33324644779838897, -9.039581312460617e-05, -8.456714845944728e-05] - [0.1666250945349274, 0.8332904965223233, -4.428947451545663e-05, -4.161607357689107e-05] - [1.3754817641366425e-05, 1.4175216086540389e-05, 1.4556220485222801e-05, 1.3754815124596709e-05]
B1: 0.16669317713946186 - 0.6665575139022547 - 0.16656969627200172 - 5.119901861193249e-05
B2: 0.16668343061416732 - 0.6666826344797275 - 0.16668850874350674 - 1.7878792141595557e-05
