Number: 2112
Error: 7.0202873464011235e-06
A1: [-3.3377495087077365e-06, -3.5828889907504044e-06, -2.837517399426308e-06, -3.1644453684422215e-06] - [0.2083335336052724, 0.3333309791032768, -0.04166714433753944, 9.629579148928087e-07] - [0.16666311709542275, 0.6666628511082031, 0.16666380766889946, -3.3360169403641606e-06] - [-4.010584333810037e-06, -3.5804073605430884e-06, -3.1500383510913286e-06, -4.0071621816739116e-06]
A2: [0.16665773968379158, -0.1666758610895523, -9.69991451908677e-06, -8.964687917376906e-06] - [0.16658225098478538, 0.3332463325305416, -9.037754393568183e-05, -8.456350508026671e-05] - [0.16662867508244703, 0.833294170063374, -4.047913075846596e-05, -3.802779022152723e-05] - [1.1339807219206962e-05, 1.1686387840571222e-05, 1.2000484071374499e-05, 1.13398041083753e-05]
B1: 0.16669778820075185 - 0.6665744087313847 - 0.16657290062300506 - 5.13434458102134e-05
B2: 0.16668864013464346 - 0.6666908801630244 - 0.16669861610652228 - 2.2893227469315315e-05
