Number: 2147
Error: 3.8020231975901308e-06
A1: [-9.16721955355007e-06, -8.732532188094802e-06, -7.290687646610306e-06, -8.985944150364403e-06] - [0.20830676733898387, 0.33330723506798887, -0.04168779167860088, -2.5767304060902727e-05] - [0.1666554665761362, 0.6666560425659969, 0.16665786164436902, -1.0976429617878065e-05] - [-4.076997918465168e-06, -3.639708651609336e-06, -3.2022256583197284e-06, -4.0735193650346825e-06]
A2: [0.16668677367631796, -0.16664594566906926, 2.1009836438585076e-05, 2.0068693491934344e-05] - [0.1666945718716366, 0.3333620840286895, 2.8466600002948484e-05, 2.7754985163544403e-05] - [0.16665572277294852, 0.8333220491828345, -1.1850240826646833e-05, -1.0980686936893144e-05] - [1.1530683157104764e-05, 1.1883099298872249e-05, 1.2202484759977147e-05, 1.1530680074459764e-05]
B1: 0.16663214660160816 - 0.6665922252128573 - 0.16667622151097408 - -1.3108527027194357e-05
B2: 0.16662382628628872 - 0.6666045974118191 - 0.16659349285155614 - -4.19058099791095e-05
