Number: 158
Error: 8.131336471873118e-06
A1: [3.3872121412036956e-06, 3.4653478278077607e-06, 3.6163991914329015e-06, 3.396526090599502e-06] - [0.20835076783859122, 0.333350740500155, -0.041648960284567965, 1.747460138793226e-05] - [0.16667147095939513, 0.6666714355769564, 0.1666714903885292, 4.815444665015531e-06] - [-2.9129949888892307e-07, -2.597768959581055e-07, -2.2823297471746958e-07, -2.9104998898978273e-07]
A2: [0.16664651192811936, -0.16668754487989995, -2.1563019713120005e-05, -2.0157488071892435e-05] - [0.16658219096739194, 0.33324589893089807, -9.022590812905948e-05, -8.44864565985405e-05] - [0.16664424217516108, 0.8333101423130433, -2.391163233676644e-05, -2.2427120405009782e-05] - [8.510114420155546e-07, 8.769847648391598e-07, 9.005188495838846e-07, 8.510109559416681e-07]
B1: 0.16671647032391174 - 0.6666464966133334 - 0.16658559685005755 - 5.062984309860431e-05
B2: 0.1667126768481412 - 0.6667280102057508 - 0.16674372991448266 - 4.60829181345433e-05
