Number: 2417
Error: 3.95034366161575e-06
A1: [-1.0104778170867862e-05, -9.715525683178605e-06, -8.192343882135198e-06, -9.90083803496178e-06] - [0.20830435123882665, 0.33330446676192793, -0.04169034509333665, -2.8083533580835324e-05] - [0.1666543036204378, 0.6666548469833391, 0.16665678986384813, -1.2111415708760746e-05] - [-4.590722264211711e-06, -4.098363754667095e-06, -3.6058012274462616e-06, -4.586807797678388e-06]
A2: [0.1666883253155796, -0.16664433079509366, 2.2649730494176467e-05, 2.161550585461043e-05] - [0.16669458537778595, 0.33336214997750313, 2.84525581985848e-05, 2.7749561265481108e-05] - [0.16665357400047395, 0.8333198446125291, -1.4136872160831973e-05, -1.3134097821387092e-05] - [1.2979676241601928e-05, 1.3376382822466847e-05, 1.3735912738433967e-05, 1.2979673482455083e-05]
B1: 0.16662939814712738 - 0.6665821051263479 - 0.16667431398362834 - -1.3177051980827994e-05
B2: 0.16662071828905006 - 0.6665996524661382 - 0.16658741432243543 - -4.489683271380145e-05
