Number: 1749
Error: 3.5824218274981666e-06
A1: [-7.768930466792097e-06, -7.266357086978282e-06, -5.94350522350594e-06, -7.621081298303259e-06] - [0.2083103942553813, 0.333311384816937, -0.04168395505935999, -2.2287669952149863e-05] - [0.16665719728070066, 0.6666578222816761, 0.16665945976850302, -9.286972479681275e-06] - [-3.3197058421959577e-06, -2.9635935260372126e-06, -2.6073082503143048e-06, -3.3168708477189618e-06]
A2: [0.1666844869389894, -0.16664832575834856, 1.8592724896039e-05, 1.7789071277468115e-05] - [0.1666945506197459, 0.3333619851187064, 2.8485241185259287e-05, 2.7761635886519785e-05] - [0.16665888895914752, 0.8333252975785336, -8.480924479662758e-06, -7.807664263297916e-06] - [9.394615833859224e-06, 9.681739955816232e-06, 9.941947322862375e-06, 9.394612572568557e-06]
B1: 0.16663614763996595 - 0.6666070889549418 - 0.166678975046718 - -1.305805676975083e-05
B2: 0.16662836266880016 - 0.6666118921759302 - 0.16660251197124498 - -3.7541847614907636e-05
