Number: 216
Error: 8.095433880882871e-06
A1: [3.221353198294528e-06, 3.292068388748031e-06, 3.4629382942098106e-06, 3.235502703509186e-06] - [0.20835039299936506, 0.3333502993284002, -0.04164934595156484, 1.712107985354654e-05] - [0.1666712574761313, 0.6666712174068244, 0.16667130114809262, 4.607937035532161e-06] - [-4.0171645453353597e-07, -3.583606183384938e-07, -3.1497585522767126e-07, -4.013723150323557e-07]
A2: [0.1666468445031148, -0.16668719922453817, -2.121249621820587e-05, -1.982595065997732e-05] - [0.16658218074215198, 0.33324589836007734, -9.0245252743525e-05, -8.450074984662371e-05] - [0.16664377480854436, 0.8333096626594753, -2.440920042277164e-05, -2.2895483369906655e-05] - [1.1623866666311981e-06, 1.1978777842527734e-06, 1.2300369586888657e-06, 1.1623859894531584e-06]
B1: 0.16671600481482685 - 0.6666444291637177 - 0.1665852758387974 - 5.073983380735949e-05
B2: 0.16671168766599287 - 0.6667267391153154 - 0.16674233505994482 - 4.511887745179003e-05
