Number: 1675
Error: 3.541469307592662e-06
A1: [-7.514944144052037e-06, -7.0000873024281176e-06, -5.699699010294438e-06, -7.373304306416185e-06] - [0.20831104444089132, 0.33331213084709344, -0.04168326861639806, -2.1664845815322564e-05] - [0.16665751300770676, 0.666658146778645, 0.16665975015785398, -8.978909105340091e-06] - [-3.1788989664372956e-06, -2.837879703242025e-06, -2.4966920784135863e-06, -3.176183759781706e-06]
A2: [0.16668406048825912, -0.1666487695146423, 1.8142139995563644e-05, 1.7363943505700793e-05] - [0.16669454304477277, 0.33336196324281275, 2.8485369126309633e-05, 2.7759248848416526e-05] - [0.16665947710668744, 0.833325901028708, -7.854973040499577e-06, -7.2182456803452094e-06] - [8.997442858529295e-06, 9.272426769269292e-06, 9.521630993730608e-06, 8.997439603266895e-06]
B1: 0.16663691051947963 - 0.6666098699905323 - 0.16667950281075591 - -1.3029701536437273e-05
B2: 0.16662922880785314 - 0.6666132524656239 - 0.1666041731183231 - -3.670776767886622e-05
