Number: 489
Error: 2.873383986390221e-06
A1: [-3.4195269720742908e-06, -2.707099808168126e-06, -1.766072598307649e-06, -3.3774339284877744e-06] - [0.20832156260424706, 0.33332418805295133, -0.04167216358037878, -1.1585311515369329e-05] - [0.16666259728885038, 0.6666633724011622, 0.16666442984035656, -4.017489491232477e-06] - [-9.220505913755898e-07, -8.22929117641715e-07, -7.237451131720337e-07, -9.212609119697112e-07]
A2: [0.16667723522075295, -0.16665587194068843, 1.0930447290646523e-05, 1.0559879054654807e-05] - [0.16669445927311152, 0.33336165142691565, 2.852722507008386e-05, 2.7758616873465707e-05] - [0.16666891214840798, 0.8333355816889181, 2.1866264961693303e-06, 2.237162580451935e-06] - [2.631124193009159e-06, 2.711510368458844e-06, 2.7843542786525583e-06, 2.631122690929112e-06]
B1: 0.16664857808456351 - 0.6666539116218453 - 0.1666874565343262 - -1.3134644477753377e-05
B2: 0.16664346903196717 - 0.6666354856404701 - 0.16663130377460736 - -2.2981323345059172e-05
