Number: 1341
Error: 3.3559903985380512e-06
A1: [-6.358699865133193e-06, -5.78786261826777e-06, -4.588328867995016e-06, -6.24509597108805e-06] - [0.20831401875145283, 0.3333155399197731, -0.041680126335224776, -1.8814070645189605e-05] - [0.1666589479998504, 0.6666596218984936, 0.16666107186932086, -7.578517635459377e-06] - [-2.543353105156567e-06, -2.27045696799643e-06, -1.9974161137432626e-06, -2.5411790738857086e-06]
A2: [0.16668213660386047, -0.16665077158314337, 1.6109172763734567e-05, 1.5446030239499328e-05] - [0.16669451047662723, 0.33336186594833145, 2.848720040850724e-05, 2.7750095613815703e-05] - [0.16666213156975046, 0.8333286245445065, -5.029916159783832e-06, -4.558046211661836e-06] - [7.204721570749915e-06, 7.424908048249575e-06, 7.62444826711474e-06, 7.204718495283487e-06]
B1: 0.16664031203885848 - 0.6666223801404071 - 0.16668184210615467 - -1.2943541422898988e-05
B2: 0.1666331182742804 - 0.6666194029391829 - 0.16661171382184606 - -3.296299545587641e-05
