Number: 1464
Error: 7.379577969656147e-06
A1: [-1.0730398944861044e-06, -1.2083611656916623e-06, -6.57449690341042e-07, -9.541494049591589e-07] - [0.20833939000703444, 0.3333376839473853, -0.041660952165651355, 6.5796008102918976e-06] - [0.16666592324430335, 0.6666657362861885, 0.16666639640113004, -5.97017259838552e-07] - [-2.7772653113423073e-06, -2.47929185026264e-06, -2.1811645561033814e-06, -2.774892017990858e-06]
A2: [0.1666540116848209, -0.16667974101856786, -1.363999557540867e-05, -1.2681094761962345e-05] - [0.16658220057353762, 0.33324615580834466, -9.03625078884079e-05, -8.456845771260308e-05] - [0.16663382709387026, 0.8332994559290368, -3.4996329385484486e-05, -3.2864641266480335e-05] - [7.861828176237634e-06, 8.102099393821823e-06, 8.31984258701309e-06, 7.861825008086071e-06]
B1: 0.16670434293231168 - 0.6665986406805477 - 0.1665774051124829 - 5.146586630229507e-05
B2: 0.166696085717408 - 0.6667027792893426 - 0.16671328195331797 - 3.005790256646845e-05
