Number: 1185
Error: 3.2689210032460963e-06
A1: [-5.817213117195969e-06, -5.220166217946699e-06, -4.0676770773499565e-06, -5.716705558175339e-06] - [0.2083154137022792, 0.3333171381876798, -0.04167865242716696, -1.7476825271752134e-05] - [0.16665961967083975, 0.666660312376775, 0.16666169075665477, -6.923009501384156e-06] - [-2.2465042785663386e-06, -2.005426219738591e-06, -1.7642161168239532e-06, -2.2445833003091976e-06]
A2: [0.1666812380796379, -0.16665170662644013, 1.5159695706805833e-05, 1.455029492615773e-05] - [0.16669449536906755, 0.333361820622441, 2.8488183282824534e-05, 2.7745923970735927e-05] - [0.16666337134691045, 0.8333298965814978, -3.710446578256044e-06, -3.315590004516717e-06] - [6.3673618117229366e-06, 6.561952962973914e-06, 6.738296201471186e-06, 6.367358905661513e-06]
B1: 0.1666418841026399 - 0.6666282065410065 - 0.16668291786592931 - -1.2919993339316295e-05
B2: 0.1666349429330543 - 0.6666222880220571 - 0.16661525281836154 - -3.120591673829344e-05
