Number: 2362
Error: 6.882517328432041e-06
A1: [-4.20403652579914e-06, -4.491132037235554e-06, -3.670331082871979e-06, -4.009747575656109e-06] - [0.20833130409863906, 0.3333284239121693, -0.0416695001072585, -1.1740802674284047e-06] - [0.16666204198826506, 0.6666617459242841, 0.16666281725514787, -4.385227015581459e-06] - [-4.486381483521873e-06, -4.005200477938508e-06, -3.5238174299953904e-06, -4.4825555168037725e-06]
A2: [0.16665917743054515, -0.16667436478949402, -8.180467610694845e-06, -7.531413413644063e-06] - [0.1665822670251327, 0.3332463971540019, -9.038704695208584e-05, -8.456500381030915e-05] - [0.16662668617209497, 0.8332921294971719, -4.259569097113904e-05, -4.0020998114722694e-05] - [1.2681505373566391e-05, 1.3069096723250692e-05, 1.3420364530703198e-05, 1.2681502536759152e-05]
B1: 0.16669523401194924 - 0.6665650310480103 - 0.16657112970574117 - 5.1270748822691004e-05
B2: 0.16668575368625005 - 0.6666862986291954 - 0.16669299151917438 - 2.0115158482781836e-05
