Number: 2007
Error: 3.724891978188194e-06
A1: [-8.668634293595328e-06, -8.209688810306968e-06, -6.809321621867723e-06, -8.499123151468889e-06] - [0.20830807023381073, 0.333308723400857, -0.04168641196310313, -2.4516242636663783e-05] - [0.16665608216307565, 0.6666566757763089, 0.16665843136329123, -1.0375358003082369e-05] - [-3.8106179248819415e-06, -3.401883540607752e-06, -2.9929619737246214e-06, -3.8073656133062014e-06]
A2: [0.1666859707303499, -0.1666467815093703, 2.0160912236622498e-05, 1.926825027430366e-05] - [0.16669456847094707, 0.333362053158866, 2.847691677605449e-05, 2.776139943604543e-05] - [0.16665683711698132, 0.8333231924258598, -1.0664483103406883e-05, -9.86393805535756e-06] - [1.0779317584579956e-05, 1.1108767180814662e-05, 1.1407336405515253e-05, 1.0779314398531546e-05]
B1: 0.16663353203588963 - 0.6665974334464159 - 0.16667717170573215 - -1.311274432805971e-05
B2: 0.16662539724292136 - 0.6666071596324321 - 0.16659668376928666 - -4.03955022734719e-05
