Number: 1233
Error: 3.29577344482144e-06
A1: [-5.9930589143515e-06, -5.404593079906026e-06, -4.23814487503943e-06, -5.888512843086792e-06] - [0.20831494730371078, 0.3333166071491954, -0.041679147280646985, -1.7925432651401578e-05] - [0.1666594036745921, 0.6666600900712693, 0.1666614899572437, -7.1340235841646994e-06] - [-2.3378425092336352e-06, -2.0869740074953774e-06, -1.8359694516144215e-06, -2.3358436493875917e-06]
A2: [0.1666815129665942, -0.16665142042609565, 1.5450418398751534e-05, 1.4824323823468344e-05] - [0.1666944958512905, 0.33336183060258057, 2.8484127247816458e-05, 2.7743041581501245e-05] - [0.16666298938458624, 0.8333295047165696, -4.116880744508875e-06, -3.6983765723786747e-06] - [6.625018590082065e-06, 6.827485456202637e-06, 7.010966395764103e-06, 6.625015626097034e-06]
B1: 0.16664143216909819 - 0.6666264441557318 - 0.16668261580848448 - -1.2895433890718511e-05
B2: 0.16663441161115083 - 0.6666214016434349 - 0.16661413488171747 - -3.171644718907828e-05
