Number: 2693
Error: 4.101491810297493e-06
A1: [-1.1073251308659447e-05, -1.073100743676321e-05, -9.125248529137366e-06, -1.0846133775120597e-05] - [0.20830184081756897, 0.33330159402551635, -0.04169300045425675, -3.0491827593235814e-05] - [0.16665310463733546, 0.6666536140748294, 0.16665568292748587, -1.3281799279032263e-05] - [-5.11584684989788e-06, -4.567195179275534e-06, -4.018332134937e-06, -5.1114873456938295e-06]
A2: [0.1666899083602122, -0.16664268302831822, 2.4323164144990244e-05, 2.3193616414286008e-05] - [0.16669458954497676, 0.3333622079739177, 2.842903024652327e-05, 2.7734377342756924e-05] - [0.1666513756923861, 0.8333175892937188, -1.6476046188066863e-05, -1.5337147762426798e-05] - [1.4460797911268154e-05, 1.4902776833901704e-05, 1.5303342324919577e-05, 1.446079565163661e-05]
B1: 0.16662662551407575 - 0.666571791906676 - 0.16667239032066875 - -1.3210236370189864e-05
B2: 0.16661757984546618 - 0.6665946047926081 - 0.16658117467947656 - -4.791570300259909e-05
