Number: 33
Error: 2.595518875709447e-06
A1: [-2.0331638946605e-06, -1.2573395540801631e-06, -4.67065064015945e-07, -2.029166330283947e-06] - [0.20832484324083556, 0.33332801036400717, -0.04166875746793681, -8.472591748706154e-06] - [0.16666435928766912, 0.6666651763266064, 0.16666601140489531, -2.3025500024171767e-06] - [-5.428377751754257e-08, -4.816056570667741e-08, -4.2032962156160474e-08, -5.423749902638079e-08]
A2: [0.16667462549655304, -0.166658585420307, 8.177736847660978e-06, 7.958308518980807e-06] - [0.16669453876763438, 0.33336165231328385, 2.8672900281765016e-05, 2.7870079418413227e-05] - [0.1666725808712354, 0.8333393465677768, 6.091893630747603e-06, 5.913715232299428e-06] - [1.8296319161290804e-07, 1.8851643003516642e-07, 1.9354578250977014e-07, 1.829631264969983e-07]
B1: 0.1666522446960311 - 0.6666701546980855 - 0.1666899516329405 - -1.3992975041349307e-05
B2: 0.16665073837066438 - 0.6666452308456835 - 0.16664229721158422 - -1.5909552574859865e-05
