Number: 506
Error: 7.92209274291742e-06
A1: [2.228936021141646e-06, 2.2527240251323267e-06, 2.5128621456845978e-06, 2.267419709813798e-06] - [0.208347860041854, 0.3333473953449567, -0.0416520117679187, 1.4695342699125541e-05] - [0.16667002432168299, 0.6666699509883516, 0.16667016954620698, 3.4048189406590574e-06] - [-9.537636441704587e-07, -8.512411352136346e-07, -7.486542982482399e-07, -9.529468492510806e-07]
A2: [0.16664849622927852, -0.16668548031160127, -1.9467428900099408e-05, -1.8179412401854287e-05] - [0.16658212632810937, 0.333245897468408, -9.03347504929262e-05, -8.457550431203893e-05] - [0.16664144749632517, 0.8333072747531606, -2.6885861629501964e-05, -2.5227777599008744e-05] - [2.719251948285191e-06, 2.80233156232608e-06, 2.8776163418980807e-06, 2.7192504035332175e-06]
B1: 0.1667137371976807 - 0.6666341829100324 - 0.16658379265857495 - 5.135052256600715e-05
B2: 0.16670767275605683 - 0.6667208025861945 - 0.1667352381093385 - 4.122967034343019e-05
