Number: 3000
Error: 6.532739032828748e-06
A1: [-6.4326797493255355e-06, -6.827843316940414e-06, -5.815557056312656e-06, -6.184822939377459e-06] - [0.20832554225399189, 0.33332182687013495, -0.04167559231246189, -6.6998827499156706e-06] - [0.16665928024781765, 0.666658906409273, 0.1666602695850144, -7.080866026856508e-06] - [-5.7005551740555886e-06, -5.089212376858779e-06, -4.477653887661522e-06, -5.6957007856921565e-06]
A2: [0.16666283838266496, -0.1666705542694876, -4.310715044753521e-06, -3.881874412210471e-06] - [0.16658228057069824, 0.3332465350707186, -9.043785862241896e-05, -8.459622054008339e-05] - [0.16662160477352114, 0.8332869163207729, -4.800275193953526e-05, -4.511336565639462e-05] - [1.6105229080572114e-05, 1.6597470399714705e-05, 1.704359580177428e-05, 1.610522757773411e-05]
B1: 0.1666887890863597 - 0.6665411561713193 - 0.16656664950100256 - 5.115839840888249e-05
B2: 0.16667846416902157 - 0.6666746273569512 - 0.16667859942298285 - 1.310223241287704e-05
