Number: 753
Error: 3.0254403899526806e-06
A1: [-4.329409008174564e-06, -3.660598379994191e-06, -2.639209908081056e-06, -4.265157985804823e-06] - [0.20831922906010603, 0.3333215133182124, -0.041674624952875945, -1.382122382989711e-05] - [0.16666146765209403, 0.6666622116331233, 0.16666339094104532, -5.119777617950544e-06] - [-1.4244385792494704e-06, -1.2714717383275116e-06, -1.1184134501436583e-06, -1.4232193367576522e-06]
A2: [0.16667874989964818, -0.1666542957417586, 1.2530805268205728e-05, 1.2069838179936606e-05] - [0.16669445757895768, 0.3333616998058691, 2.8496246811565075e-05, 2.773841712026965e-05] - [0.1666668064708695, 0.8333334211707574, -5.4384017403677904e-08, 1.269521999086721e-07] - [4.048386388579567e-06, 4.172093880214881e-06, 4.284197317208959e-06, 4.048384231908659e-06]
B1: 0.1666461635424605 - 0.6666442735479716 - 0.1666858349583611 - -1.2928726131668176e-05
B2: 0.16664013525510032 - 0.6666303795349265 - 0.16662511537133715 - -2.6200738026874098e-05
