Number: 2031
Error: 3.7381594488486676e-06
A1: [-8.768485125843876e-06, -8.314505922689419e-06, -6.907835648507299e-06, -8.596943459064034e-06] - [0.20830778897065322, 0.3333084070950981, -0.04168671290032404, -2.478856456270124e-05] - [0.16665596210505132, 0.6666565518807133, 0.1666583175360313, -1.049291374632695e-05] - [-3.856282048131239e-06, -3.44265208502321e-06, -3.028833758607049e-06, -3.8529909432381705e-06]
A2: [0.16668610596021163, -0.1666466405189219, 2.0304274015025453e-05, 1.940305119918599e-05] - [0.16669456277179845, 0.33336205248855816, 2.8469524900175816e-05, 2.7754018146397544e-05] - [0.16665664537511615, 0.833322995768591, -1.086838716500662e-05, -1.0056092072994323e-05] - [1.0908132145101337e-05, 1.1241519125263055e-05, 1.1543657062548115e-05, 1.0908128973690619e-05]
B1: 0.16663334159521154 - 0.6665965856273874 - 0.16667705180868325 - -1.3064917661311233e-05
B2: 0.16662517695782725 - 0.6666067245946411 - 0.16659609365844463 - -4.060539456539839e-05
