Number: 2048
Error: 7.055676601037512e-06
A1: [-3.095459185773048e-06, -3.3287052104718313e-06, -2.601491777525443e-06, -2.9275468981248484e-06] - [0.20833418701106246, 0.3333317205245966, -0.041666449330888526, 1.5926124514708158e-06] - [0.1666634130624043, 0.6666631559390205, 0.16666408428121798, -3.0466996389827612e-06] - [-3.888783422137901e-06, -3.4716637972462782e-06, -3.054355120073903e-06, -3.885464716551141e-06]
A2: [0.16665737495201646, -0.16667624098459755, -1.0085917302935964e-05, -9.328274800787722e-06] - [0.16658225536674004, 0.33324632401819243, -9.036756003499553e-05, -8.455463323071231e-05] - [0.16662918514948732, 0.8332946932992351, -3.993649859050081e-05, -3.75166230712566e-05] - [1.0996321840345565e-05, 1.1332403401130282e-05, 1.1636983577751514e-05, 1.0996318681929107e-05]
B1: 0.1666983748740452 - 0.6665767447882716 - 0.16657329186583614 - 5.1294793455365376e-05
B2: 0.16668930982755809 - 0.6666920477768224 - 0.1667001182304936 - 2.3535177986617426e-05
