Number: 698
Error: 7.811135247294353e-06
A1: [1.5954546830718058e-06, 1.5891336315448636e-06, 1.909330399416079e-06, 1.6500266730343268e-06] - [0.20834627699065558, 0.3333455706188281, -0.04165367484889979, 1.3183189331101617e-05] - [0.16666923123826186, 0.6666691369046437, 0.16666944573773215, 2.631598789268993e-06] - [-1.3192466597753807e-06, -1.1775522873251357e-06, -1.0357723860488102e-06, -1.3181173309579785e-06]
A2: [0.16664960269409135, -0.16668432934034003, -1.829915031607775e-05, -1.70763823412474e-05] - [0.1665821378071044, 0.33324594474712455, -9.034589535808244e-05, -8.4577492491352e-05] - [0.16663991749605542, 0.8333057047932607, -2.8514455300990433e-05, -2.6761076563103185e-05] - [3.7499781969942356e-06, 3.86456385700751e-06, 3.968400631951391e-06, 3.749976168297449e-06]
B1: 0.16671189643552053 - 0.6666270927391633 - 0.1665825370464752 - 5.141552031864403e-05
B2: 0.16670514206028778 - 0.666717071204442 - 0.1667308130881309 - 3.878220129570104e-05
