Number: 2367
Error: 3.922901988353727e-06
A1: [-9.926721498214653e-06, -9.528806166943074e-06, -8.020437676020502e-06, -9.72698273777115e-06] - [0.2083048165278933, 0.33330499827790344, -0.041689852368199276, -2.7636756068060784e-05] - [0.16665452346339346, 0.6666550731202228, 0.1666569933267773, -1.1896756501056574e-05] - [-4.495589686493512e-06, -4.013429317022575e-06, -3.531066604516808e-06, -4.4917559030846895e-06]
A2: [0.16668803882737662, -0.1666446290307021, 2.2346821866816122e-05, 2.1329911487848284e-05] - [0.1666945852183713, 0.33336214000800957, 2.845729669059191e-05, 2.7752907338165147e-05] - [0.16665397224000933, 0.833320253173047, -1.3713127978024587e-05, -1.2734999319951253e-05] - [1.2711347429518109e-05, 1.309985219204731e-05, 1.3451947971517367e-05, 1.2711344598130132e-05]
B1: 0.16662989232196154 - 0.6665839653339924 - 0.16667465428746722 - -1.3179168204148625e-05
B2: 0.16662127837803165 - 0.6666005665577129 - 0.16658855292741753 - -4.435840452694295e-05
