Number: 1623
Error: 3.5126628355649572e-06
A1: [-7.334520192349512e-06, -6.810922600236179e-06, -5.526210607514342e-06, -7.197245562924166e-06] - [0.2083115091672788, 0.333312663362953, -0.04168277753406303, -2.1219353919226104e-05] - [0.16665773683690108, 0.6666583768807335, 0.16665995640224518, -8.760467109334703e-06] - [-3.0799531036976176e-06, -2.7495398356527844e-06, -2.418961576149049e-06, -3.0773220967761505e-06]
A2: [0.16668376110018474, -0.16664908107975732, 1.7825759234749244e-05, 1.706548506416022e-05] - [0.16669453839576745, 0.33336194850190237, 2.8486045452978334e-05, 2.7758245333541582e-05] - [0.1666598904529243, 0.8333263251231058, -7.415072359473569e-06, -6.8040063106490905e-06] - [8.718343943209739e-06, 8.984796756743958e-06, 9.226268967445436e-06, 8.71834069949093e-06]
B1: 0.1666374401380617 - 0.6666118179270788 - 0.1666798675045404 - -1.301624313563703e-05
B2: 0.16662983117297397 - 0.6666142081376901 - 0.16660534660379275 - -3.6127929941035745e-05
