Number: 2982
Error: 6.542587014050367e-06
A1: [-6.363795232325202e-06, -6.755572667220146e-06, -5.748351470763993e-06, -6.117455446111373e-06] - [0.20832572901484356, 0.3333220385531499, -0.04167539351369397, -6.519804434454321e-06] - [0.1666593642362612, 0.6666589929328749, 0.16666034821610057, -6.998748220717474e-06] - [-5.666302465858972e-06, -5.058632035118454e-06, -4.450746063779667e-06, -5.661477049277015e-06]
A2: [0.1666627362250845, -0.16667066069733244, -4.4188674312063155e-06, -3.9837099961476445e-06] - [0.1665822832581169, 0.33324653411581673, -9.043363011944697e-05, -8.459227019121129e-05] - [0.16662174854465664, 0.8332870637936703, -4.7849826001974076e-05, -4.4969285020050675e-05] - [1.600864058084258e-05, 1.649792958490146e-05, 1.6941378844970768e-05, 1.600863902788884e-05]
B1: 0.16668895080120258 - 0.6665418108063988 - 0.16656675814439725 - 5.1141439824374014e-05
B2: 0.16667864909214256 - 0.6666749546377443 - 0.16667902323011036 - 1.327935278849375e-05
