Number: 728
Error: 7.793944902194935e-06
A1: [1.4883435081217386e-06, 1.4768459582208444e-06, 1.80595491217909e-06, 1.5454370653147995e-06] - [0.20834599685280758, 0.3333452508231672, -0.04165397128339238, 1.2914160629466548e-05] - [0.1666690990819101, 0.6666690009922965, 0.16666932345599428, 2.5025539045974962e-06] - [-1.3763512995663708e-06, -1.228536272707071e-06, -1.0806325574163261e-06, -1.3751731657653145e-06]
A2: [0.16664977453805618, -0.16668415046420365, -1.8117489190831838e-05, -1.6905075054847393e-05] - [0.1665821374351489, 0.3332459501874137, -9.034935952778986e-05, -8.457996871929265e-05] - [0.16663967839090651, 0.8333054594756147, -2.876890313785448e-05, -2.7000697151517073e-05] - [3.9110267547450576e-06, 4.030535148730887e-06, 4.138833141300898e-06, 3.9110246573511285e-06]
B1: 0.16671162462181266 - 0.6666260006757941 - 0.1665823565885741 - 5.144151020186174e-05
B2: 0.16670478316913 - 0.6667164992761011 - 0.16673010592186913 - 3.843631398319296e-05
