Number: 2588
Error: 6.758310384938712e-06
A1: [-4.994416334553778e-06, -5.319846427574195e-06, -4.431266267486973e-06, -4.781150641096446e-06] - [0.20832925937111035, 0.33332608312236595, -0.04167166227012628, -3.1351895264505804e-06] - [0.1666610627578244, 0.6666607390916629, 0.1666619137563727, -5.341040465604572e-06] - [-4.916489575342718e-06, -4.3892009613898925e-06, -3.861703519693866e-06, -4.912298963016667e-06]
A2: [0.16666047494608768, -0.16667301428242698, -6.808970605086792e-06, -6.237940771629911e-06] - [0.16658227462446323, 0.33324644883261906, -9.040220350215896e-05, -8.457326029049283e-05] - [0.1666248869195364, 0.8332902835673661, -4.4510298344156284e-05, -4.182413596172637e-05] - [1.3894345504260958e-05, 1.4319008761812546e-05, 1.4703878860067453e-05, 1.3894343035701557e-05]
B1: 0.16669295148268018 - 0.6665565764130231 - 0.1665695476546031 - 5.1231462274288156e-05
B2: 0.1666831722114197 - 0.6666821621414848 - 0.16668788821413794 - 1.7631659470563398e-05
