Number: 2822
Error: 6.63010504363973e-06
A1: [-5.794085903299409e-06, -6.158156197133766e-06, -5.198349385394007e-06, -5.561190097348088e-06] - [0.208327217517827, 0.33332373895291745, -0.04167381727216202, -5.090537843847212e-06] - [0.16666006775174502, 0.6666597165661453, 0.1666609992761675, -6.311819694986215e-06] - [-5.361817678722839e-06, -4.786789787495567e-06, -4.211548298192749e-06, -5.357249907785892e-06]
A2: [0.16666182060989979, -0.16667161391137764, -5.3870322310298545e-06, -4.89646296815326e-06] - [0.1665822871293805, 0.3332465065583184, -9.041411323760604e-05, -8.45771729624088e-05] - [0.16662302404136722, 0.8332883723092604, -4.6492718025582596e-05, -4.3691037267054554e-05] - [1.5150062489304913e-05, 1.5613108170870747e-05, 1.603276923561362e-05, 1.5150060522638815e-05]
B1: 0.16669052950056562 - 0.6665477639897489 - 0.16656785097103677 - 5.1132033568177126e-05
B2: 0.16668043858098722 - 0.6666778766980958 - 0.1666826631758434 - 1.4999477529986646e-05
