Number: 57
Error: 2.610792768118651e-06
A1: [-2.062514309012244e-06, -1.2875005671151025e-06, -4.867662125889183e-07, -2.0565535271018502e-06] - [0.20832484641624172, 0.33332799518202255, -0.041668740596076566, -8.460747162161094e-06] - [0.16666431072512702, 0.666665128099915, 0.1666659774235111, -2.3486779923973684e-06] - [-9.99534332379667e-08, -8.893675454913455e-08, -7.791230894002178e-08, -9.986797513950566e-08]
A2: [0.16667476833464792, -0.16665843753663864, 8.327254149651767e-06, 8.100717164166303e-06] - [0.16669454590190413, 0.33336166242860715, 2.867420120016558e-05, 2.7875529981203495e-05] - [0.16667238793389638, 0.8333391484060563, 5.886176662557234e-06, 5.720365522039312e-06] - [3.1180124538791884e-07, 3.212926879781125e-07, 3.29890848078771e-07, 3.1180109853619455e-07]
B1: 0.16665196381715128 - 0.6666692119100545 - 0.16668973243945204 - -1.4035862428762557e-05
B2: 0.1666501635674523 - 0.6666446620798442 - 0.16664180677486537 - -1.6473948795415555e-05
