Number: 1335
Error: 3.35262344682717e-06
A1: [-6.327737205447164e-06, -5.75532214430828e-06, -4.557028272184425e-06, -6.2146467274106504e-06] - [0.2083141132261819, 0.3333156445091045, -0.04168002423518846, -1.8721854450303676e-05] - [0.16665898407610524, 0.6666596592740089, 0.1666611070670356, -7.543072829390469e-06] - [-2.531936368101045e-06, -2.260264296024922e-06, -1.988447975275287e-06, -2.5297720656998535e-06]
A2: [0.16668210376594195, -0.16665080591150847, 1.6074198539848772e-05, 1.5413299512502453e-05] - [0.1666945143818382, 0.3333618684649651, 2.84912582620504e-05, 2.7754421153374076e-05] - [0.1666621797687555, 0.8333286739567591, -4.978708997111562e-06, -4.509744233388862e-06] - [7.172510571368533e-06, 7.3917124747732725e-06, 7.590360370597053e-06, 7.172507501387398e-06]
B1: 0.16664033952362067 - 0.6666225727300432 - 0.16668185345266986 - -1.297564313518457e-05
B2: 0.1666331536071406 - 0.6666195106560088 - 0.16661188003107077 - -3.293025924827825e-05
