Number: 1141
Error: 3.2443129862395434e-06
A1: [-5.669988816201333e-06, -5.06586208582318e-06, -3.9269546708935875e-06, -5.573169857088944e-06] - [0.2083157849777586, 0.33331756555029185, -0.041678261399166736, -1.7121804536860836e-05] - [0.16665980355145524, 0.6666605012463346, 0.16666185911788173, -6.7436823889821605e-06] - [-2.1627767117703678e-06, -1.9306728298898035e-06, -1.6984406671271978e-06, -2.1609271410958448e-06]
A2: [0.16668098373141277, -0.1666519712263431, 1.4891075922398495e-05, 1.4296733357594984e-05] - [0.16669448876492401, 0.33336180562632345, 2.8486386653913285e-05, 2.7742404432359828e-05] - [0.1666637207753496, 0.8333302551258867, -3.3385059355990907e-06, -2.9654059244706483e-06] - [6.131181608880123e-06, 6.318553497896094e-06, 6.4883540023860634e-06, 6.131178760399562e-06]
B1: 0.16664234311555554 - 0.666629864790605 - 0.16668323546774963 - -1.2897727370128831e-05
B2: 0.16663547867970627 - 0.6666231056888594 - 0.16661623679349652 - -3.0689232346017904e-05
