Number: 1281
Error: 3.3225265344576687e-06
A1: [-6.14492088119779e-06, -5.563691271953782e-06, -4.381939858136044e-06, -6.036359300882484e-06] - [0.2083145774872953, 0.33331617810982445, -0.041679534720713195, -1.827755043098888e-05] - [0.16665921190999353, 0.6666598933571466, 0.16666131610810153, -7.320829262501788e-06] - [-2.4291812337881544e-06, -2.1685229752328304e-06, -1.9077247504847817e-06, -2.4271045084700693e-06]
A2: [0.16668179195364785, -0.16665113032688547, 1.5744827197360533e-05, 1.5102452643443752e-05] - [0.16669450708917594, 0.33336185081096315, 2.8489739434827514e-05, 2.7750914154063642e-05] - [0.1666626086806308, 0.8333291140469462, -4.522187404752234e-06, -4.079904949779371e-06] - [6.882660279655592e-06, 7.093002415584721e-06, 7.2836206895720674e-06, 6.882657262921933e-06]
B1: 0.16664089992078418 - 0.6666246050798885 - 0.16668224066173248 - -1.2951256674563472e-05
B2: 0.16663379993238453 - 0.6666205096552104 - 0.16661309019874526 - -3.230732837736393e-05
