Number: 2532
Error: 6.7890891541061385e-06
A1: [-4.785424086200737e-06, -5.100617044654672e-06, -4.228093475051978e-06, -4.576873143369875e-06] - [0.20832981898385114, 0.3333267190692759, -0.04167106761168106, -2.5963469352333768e-06] - [0.16666131868475625, 0.666661002604151, 0.1666621524103102, -5.090928598391909e-06] - [-4.809918767081475e-06, -4.294055242756423e-06, -3.777984372082006e-06, -4.805818470416628e-06]
A2: [0.1666601557698034, -0.16667334670024836, -7.14670637529581e-06, -6.556115281144595e-06] - [0.16658227892753263, 0.3332464419206139, -9.039286346833848e-05, -8.45650283171729e-05] - [0.1666253335159126, 0.8332907416944015, -4.403519126607049e-05, -4.137657683319403e-05] - [1.3593823359706248e-05, 1.4009300829120957e-05, 1.4385844781697671e-05, 1.3593820789246098e-05]
B1: 0.16669347357665032 - 0.6665586300523157 - 0.16656990054959242 - 5.1197677034836835e-05
B2: 0.16668376678423097 - 0.6666831830202671 - 0.16668919190156573 - 1.8201956744011026e-05
