Number: 1216
Error: 7.5181289901294525e-06
A1: [-2.0867183343678186e-07, -3.0212748682437567e-07, 1.7419172015787296e-07, -1.1060499778315954e-07] - [0.2083416216509578, 0.33334023963984544, -0.04165859335952184, 8.719492083794328e-06] - [0.16666699476231855, 0.6666668378848266, 0.16666738436825884, 4.4880199553407585e-07] - [-2.305231363165857e-06, -2.0578545836647183e-06, -1.8103433064254172e-06, -2.303260321883524e-06]
A2: [0.1666525833769235, -0.16668122743627936, -1.5149393837520546e-05, -1.4104966142851708e-05] - [0.16658217621305163, 0.3332460832366343, -9.036155360784535e-05, -8.457542146800603e-05] - [0.16663579779128862, 0.8333014778811845, -3.289898164489903e-05, -3.088968198193999e-05] - [6.530637750305657e-06, 6.730219022864532e-06, 6.9110847432726455e-06, 6.530634809155663e-06]
B1: 0.1667068408791505 - 0.6666079010939915 - 0.16657911207399195 - 5.150199717986294e-05
B2: 0.16669896839254877 - 0.6667073587764366 - 0.16671891218769813 - 3.283307315622823e-05
