Number: 1561
Error: 3.4782811481619036e-06
A1: [-7.118468606382955e-06, -6.584398001340253e-06, -5.318325835940246e-06, -6.9863995702770785e-06] - [0.20831206700826743, 0.333313302236483, -0.0416821878559663, -2.068445002366816e-05] - [0.16665800464930067, 0.6666586522242615, 0.1666602033515629, -8.499078870838767e-06] - [-2.961978581774561e-06, -2.6442109575642966e-06, -2.326282509626471e-06, -2.95944799325083e-06]
A2: [0.1666834042587918, -0.16664945244729792, 1.744864225563354e-05, 1.6709752073534294e-05] - [0.16669453313553786, 0.33336193119070306, 2.8487096921756428e-05, 2.7757331591537213e-05] - [0.16666038330586597, 0.8333268307892793, -6.890562348377513e-06, -6.310088506650751e-06] - [8.385568012790107e-06, 8.641849001144687e-06, 8.87410220583262e-06, 8.38556479078387e-06]
B1: 0.16663806798610317 - 0.6666141369003764 - 0.1666802988013877 - -1.3003821787523716e-05
B2: 0.166630546981434 - 0.6666153480908361 - 0.16660674930910135 - -3.5438980686761746e-05
