Number: 1786
Error: 7.200639418145664e-06
A1: [-2.1911633429673503e-06, -2.3806416797876363e-06, -1.7326846859019382e-06, -2.04524045052739e-06] - [0.2083365090940575, 0.3333343831001892, -0.04166399658443023, 3.817800460496573e-06] - [0.166664536159319, 0.6666643103490302, 0.16666511819583119, -1.950740946426718e-06] - [-3.3901304752131834e-06, -3.0264632484927164e-06, -2.6626209866468573e-06, -3.387235594506509e-06]
A2: [0.1666558661639107, -0.16667781110729363, -1.168026313095854e-05, -1.083237597006883e-05] - [0.16658223161908922, 0.3332462494412152, -9.036435337227101e-05, -8.456000069106101e-05] - [0.16663126803462075, 0.8332968303316167, -3.771981184518481e-05, -3.542923460209229e-05] - [9.590136473246432e-06, 9.883236012006932e-06, 1.0148859120482561e-05, 9.59013321579508e-06]
B1: 0.1667010649112578 - 0.6665865815699433 - 0.16657515206368723 - 5.1384168160416576e-05
B2: 0.1666923538884196 - 0.666696857081913 - 0.1667060088303479 - 2.6465659506620415e-05
