Number: 2593
Error: 4.046770388181888e-06
A1: [-1.0717148941844127e-05, -1.0357580969006612e-05, -8.781448995200167e-06, -1.049843392972108e-05] - [0.20830277136234546, 0.33330265702129347, -0.04169201503972189, -2.959830533871878e-05] - [0.16665354431146748, 0.6666540663363228, 0.16665608984324184, -1.2852492173550279e-05] - [-4.925586726475069e-06, -4.397331284254801e-06, -3.868866764404032e-06, -4.921388401593871e-06]
A2: [0.16668933584224094, -0.1666432790398634, 2.3717806538144953e-05, 2.262288610999172e-05] - [0.16669459096928627, 0.3333621897799445, 2.844025102869793e-05, 2.774281285573088e-05] - [0.16665217260074536, 0.8333184068442538, -1.562812826596108e-05, -1.4538521325285447e-05] - [1.3924165786715986e-05, 1.434974189874262e-05, 1.4735439488116325e-05, 1.3924163326397295e-05]
B1: 0.1666276124294517 - 0.6665755121269442 - 0.1666730720952049 - -1.3215881930997512e-05
B2: 0.16661869880813995 - 0.666596431738099 - 0.16658345062708707 - -4.684006263474734e-05
