Number: 3063
Error: 4.30333164784471e-06
A1: [-1.2366822707464113e-05, -1.2087327143023549e-05, -1.0370602731961537e-05, -1.210863961402691e-05] - [0.2082984944525893, 0.333297763021003, -0.04169653899278933, -3.370130375497265e-05] - [0.16665150210014787, 0.6666519663261447, 0.1666542043098958, -1.4846003287127194e-05] - [-5.819795427727455e-06, -5.195678726491422e-06, -4.57134579245291e-06, -5.814840201768724e-06]
A2: [0.16669202919354106, -0.16664047547496633, 2.6565084518679247e-05, 2.5307835214094107e-05] - [0.16669458900015668, 0.3333622794796444, 2.8391142414170578e-05, 2.770788958714574e-05] - [0.16664842690331255, 0.8333145640639592, -1.961370404430605e-05, -1.829229439529573e-05] - [1.6446235693959248e-05, 1.694890179973761e-05, 1.7404476922645478e-05, 1.6446234371635467e-05]
B1: 0.16662289959271026 - 0.6665579520835166 - 0.16666979163679582 - -1.3263822003708493e-05
B2: 0.1666133625817502 - 0.6665878427834119 - 0.16657283028976325 - -5.19726639754112e-05
