Number: 832
Error: 7.734640242738878e-06
A1: [1.1267768412526794e-06, 1.097858984483231e-06, 1.4583878391306183e-06, 1.1926024552786107e-06] - [0.20834506492300153, 0.3333441835324232, -0.041654955470955324, 1.2020704944284692e-05] - [0.16666865076713885, 0.6666685401902495, 0.16666891043929044, 2.065016044234374e-06] - [-1.5743138788369446e-06, -1.4052807000292686e-06, -1.23614819239983e-06, -1.5729666086863313e-06]
A2: [0.1666503724185331, -0.16668352827395688, -1.748571823320646e-05, -1.6309055063869713e-05] - [0.166582142555826, 0.3332459752960443, -9.035529796953607e-05, -8.458214291922025e-05] - [0.1666388505405305, 0.8333046100763408, -2.964996909593432e-05, -2.7830334425016108e-05] - [4.469322540363972e-06, 4.605896230520833e-06, 4.729659713751111e-06, 4.469320219672502e-06]
B1: 0.16671063386638257 - 0.6666221695003933 - 0.16658168872454865 - 5.1483122617177095e-05
B2: 0.16670351916377069 - 0.6667145270247042 - 0.16672769673320798 - 3.7217389390953e-05
