Number: 527
Error: 2.8954844828468893e-06
A1: [-3.536315699874608e-06, -2.8293470796979496e-06, -1.8759332009389846e-06, -3.491046820025456e-06] - [0.2083212838781311, 0.3333238635106975, -0.04167245411748332, -1.1850039297835365e-05] - [0.166662449047803, 0.666663220504317, 0.16666429631058374, -4.161807678845645e-06] - [-9.943644013378386e-07, -8.874928637430601e-07, -7.805544336016078e-07, -9.935128557416003e-07]
A2: [0.16667745511230536, -0.1666556433279197, 1.1162398144553479e-05, 1.0779091143234676e-05] - [0.16669446305219607, 0.33336166204148115, 2.8526031986189784e-05, 2.7759731911830503e-05] - [0.16666860919467927, 0.8333352707892252, 1.8640875039693934e-06, 1.933556324415629e-06] - [2.835122399258192e-06, 2.9217441823889756e-06, 3.0002389935458716e-06, 2.8351207941380926e-06]
B1: 0.16664820071686828 - 0.6666524947640609 - 0.16668719384188102 - -1.3134874698209954e-05
B2: 0.16664292740799394 - 0.6666347332277851 - 0.1666304423901247 - -2.3506483086468047e-05
