Number: 434
Error: 7.964360013017848e-06
A1: [2.4818889937960027e-06, 2.517774001281297e-06, 2.756195411870341e-06, 2.514324801708308e-06] - [0.20834851554294415, 0.3333481447365187, -0.0416513197333504, 1.5324197940516748e-05] - [0.1666703372150178, 0.6666702725797451, 0.16667045810601044, 3.7102486118046143e-06] - [-8.167071593289377e-07, -7.288742899886321e-07, -6.409854895628498e-07, -8.160076421702828e-07]
A2: [0.16664808533672432, -0.16668590798812177, -1.9901700001293615e-05, -1.8589016925085287e-05] - [0.16658213473750275, 0.3332458922536424, -9.031828923114711e-05, -8.456204481752679e-05] - [0.16664202356981309, 0.8333078658058726, -2.6272833450978397e-05, -2.4650467155258873e-05] - [2.332723227227493e-06, 2.403987880612319e-06, 2.4685656179244798e-06, 2.332721883219884e-06]
B1: 0.16671433453130832 - 0.6666367557272123 - 0.1665841844286714 - 5.123318315234414e-05
B2: 0.16670860303115723 - 0.6667222308150895 - 0.16673697662464954 - 4.212873654516054e-05
