Number: 82
Error: 8.179385326708264e-06
A1: [3.623414736187804e-06, 3.7122359643793067e-06, 3.8382796534306815e-06, 3.6263744255298873e-06] - [0.20835133474978929, 0.3333513982328457, -0.04164837138131895, 1.8013506870294392e-05] - [0.16667176964327882, 0.6666717413889147, 0.16667175927835884, 5.106280276780035e-06] - [-1.4661533515447924e-07, -1.3059856135330264e-07, -1.145707308784218e-07, -1.464898729970848e-07]
A2: [0.1666460818841081, -0.16668799216291408, -2.2016795555891937e-05, -2.0586172494387893e-05] - [0.16658222322503147, 0.3332459183564729, -9.01821129649675e-05, -8.444886851253068e-05] - [0.16664485827596684, 0.833310774522604, -2.3255949900262876e-05, -2.1809714066762938e-05] - [4.430029528725218e-07, 4.565047116409421e-07, 4.687370345278708e-07, 4.4300272472054363e-07]
B1: 0.16671694751323884 - 0.6666490839748257 - 0.16658590683510116 - 5.035293464021664e-05
B2: 0.166713964067343 - 0.6667297251457128 - 0.16674566831758045 - 4.7337194285847065e-05
