Number: 418
Error: 7.973834450711382e-06
A1: [2.548790918820328e-06, 2.587959332397333e-06, 2.822149741529484e-06, 2.579872516694653e-06] - [0.20834870425189433, 0.33334835670798557, -0.04165111811084663, 1.550694441189264e-05] - [0.1666704175453624, 0.6666703554451414, 0.16667053423291597, 3.7889100272805605e-06] - [-7.862513849549524e-07, -7.016829655059756e-07, -6.17060515439118e-07, -7.8557793432037e-07]
A2: [0.16664799598394328, -0.16668600115773183, -1.999642714040024e-05, -1.8678083478303757e-05] - [0.16658214191435733, 0.33324589617772393, -9.030978745031394e-05, -8.455374572782604e-05] - [0.16664215228341522, 0.8333079978226583, -2.613596076489321e-05, -2.4521478678297427e-05] - [2.2468274452183513e-06, 2.315466544236123e-06, 2.3776649418934316e-06, 2.246826147162773e-06]
B1: 0.16671442825141747 - 0.6666372904568643 - 0.16658423649081483 - 5.116806090202215e-05
B2: 0.16670877637521547 - 0.6667225481187707 - 0.16673739799379192 - 4.2295145798355486e-05
