Number: 925
Error: 3.1229104648342517e-06
A1: [-4.914313938037504e-06, -4.273615380124038e-06, -3.199567867940129e-06, -4.835634433303604e-06] - [0.2083177401489043, 0.3333198033799941, -0.041676194624629515, -1.524655686637179e-05] - [0.16666073947577667, 0.6666614635018976, 0.16666272253237968, -5.830143946755315e-06] - [-1.7517464167569393e-06, -1.5636984992533924e-06, -1.3755419917748522e-06, -1.7502476062586808e-06]
A2: [0.16667974112148426, -0.1666532644207488, 1.3577872792249422e-05, 1.3057984962560668e-05] - [0.16669447284413405, 0.3333617478599374, 2.849271862325621e-05, 2.7741625063383625e-05] - [0.16666543834711187, 0.8333320173810209, -1.5105636465472494e-06, -1.244125040688314e-06] - [4.971703532642265e-06, 5.1236339183902365e-06, 5.261314616390089e-06, 4.97170102872738e-06]
B1: 0.16664446465149213 - 0.6666378799777843 - 0.16668467562809794 - -1.2920316552585148e-05
B2: 0.1666380174612104 - 0.666627130919521 - 0.16662118649541502 - -2.824402013248739e-05
