Number: 712
Error: 7.80307268763248e-06
A1: [1.5310861816107864e-06, 1.52154186893952e-06, 1.8450903870884373e-06, 1.586848675747539e-06] - [0.2083460883287402, 0.33334536019821454, -0.04165387761818679, 1.2999767118834118e-05] - [0.16666915502776414, 0.6666690581253415, 0.1666693725036759, 2.556854217254725e-06] - [-1.3458932521682211e-06, -1.2013424462876455e-06, -1.0567046322701146e-06, -1.3447411489904202e-06]
A2: [0.16664968042082226, -0.16668424821064076, -1.8216593346775297e-05, -1.6998906058038803e-05] - [0.1665821311810744, 0.3332459411529925, -9.035330832492308e-05, -8.458510050819594e-05] - [0.16663980515465773, 0.8333055895911653, -2.8633877473327307e-05, -2.6873658497796938e-05] - [3.8251344363410316e-06, 3.9420173667038685e-06, 4.047936035347924e-06, 3.825132375333785e-06]
B1: 0.16671181721691855 - 0.6666266285785496 - 0.1665824961441688 - 5.147531537151568e-05
B2: 0.16670502336010184 - 0.6667168082421777 - 0.1667304397165144 - 3.8669568733044104e-05
