Number: 152
Error: 8.135120585792256e-06
A1: [3.4184456282918055e-06, 3.498136063527481e-06, 3.647924060233433e-06, 3.427245873004135e-06] - [0.20835086329692348, 0.33335084599071685, -0.041648857366754, 1.7567800217105666e-05] - [0.1666715072668322, 0.6666714731650883, 0.16667152577948444, 4.851120328473719e-06] - [-2.798785686426201e-07, -2.495801862020928e-07, -2.1926128286813832e-07, -2.7963884835472076e-07]
A2: [0.16664648002197502, -0.16668757825591504, -2.1597022451467253e-05, -2.0189286881398e-05] - [0.16658219868653296, 0.3332459053464144, -9.021787295939265e-05, -8.447831663427564e-05] - [0.16664429135606534, 0.8333101927293016, -2.385940095702145e-05, -2.237783643175312e-05] - [8.188001132903748e-07, 8.437888439148947e-07, 8.66430687746974e-07, 8.187996473146271e-07]
B1: 0.16671646956010464 - 0.6666466639548709 - 0.16658558591158054 - 5.056950892249915e-05
B2: 0.1667127332407323 - 0.666728139629321 - 0.16674391840014768 - 4.6136710397938426e-05
