Number: 2689
Error: 4.099268430602096e-06
A1: [-1.104462982849136e-05, -1.0700885376360073e-05, -9.095504287603426e-06, -1.08178621758395e-05] - [0.20830193594472216, 0.3333016977037131, -0.04169289662778227, -3.039823681234739e-05] - [0.1666531367508026, 0.6666536475081092, 0.1666557153628927, -1.3250114402799236e-05] - [-5.108238420974998e-06, -4.560403088462257e-06, -4.012356466249126e-06, -5.103885360491992e-06]
A2: [0.1666898879050697, -0.16664270454469843, 2.4301145527063958e-05, 2.3173232670939505e-05] - [0.16669459598867367, 0.3333622133130771, 2.843520684565449e-05, 2.774110107543576e-05] - [0.16665140830587963, 0.8333176226941822, -1.6441472485895878e-05, -1.5304465644270532e-05] - [1.443932515836741e-05, 1.4880647761376127e-05, 1.5280618347417367e-05, 1.4439322890244612e-05]
B1: 0.16662661787601957 - 0.6665718957163044 - 0.16667237470187263 - -1.3257616915451773e-05
B2: 0.16661757548030356 - 0.6665946735648054 - 0.16658130870698265 - -4.7921796528773173e-05
