Number: 124
Error: 8.152705159152913e-06
A1: [3.5003460780279528e-06, 3.5836963603447335e-06, 3.7239942029420787e-06, 3.5068101768613365e-06] - [0.20835105155976064, 0.3333510665958699, -0.041648663237592, 1.7745764836454004e-05] - [0.16667161214535722, 0.6666715803883302, 0.16667161911857534, 4.953112322985512e-06] - [-2.2657350378053453e-07, -2.019877522308518e-07, -1.773852309329062e-07, -2.2637948055379415e-07]
A2: [0.1666463204311634, -0.16668774416129098, -2.1765280324177685e-05, -2.0348376791272207e-05] - [0.1665822071335698, 0.333245909153674, -9.020499060579598e-05, -8.446790574327201e-05] - [0.1666445177749906, 0.8333104250902819, -2.361838326985866e-05, -2.2150936518053967e-05] - [6.684811156594597e-07, 6.888750530072399e-07, 7.073530786109314e-07, 6.684807439917104e-07]
B1: 0.16671667000247775 - 0.6666476401566469 - 0.16658572140929362 - 5.0492133369379875e-05
B2: 0.16671321884595686 - 0.6667287669035481 - 0.16674461124497766 - 4.661017849873472e-05
