Number: 3017
Error: 4.278249680034763e-06
A1: [-1.2193436531982914e-05, -1.1905434829896682e-05, -1.0201801080885924e-05, -1.1939127621547548e-05] - [0.20829896109078117, 0.33329829275254097, -0.04169604278138668, -3.3251732488924066e-05] - [0.16665171402756296, 0.6666521845874172, 0.1666544022574795, -1.4638853640402896e-05] - [-5.732280932186781e-06, -5.117546794767323e-06, -4.502596716573682e-06, -5.727399711498243e-06]
A2: [0.16669176780469785, -0.16664074775077278, 2.628842407115843e-05, 2.5047268621877254e-05] - [0.16669459520471244, 0.33336227644869254, 2.8401415934974357e-05, 2.7717319185667784e-05] - [0.16664879429094526, 0.8333149409215262, -1.922290490542937e-05, -1.7924116407331162e-05] - [1.6199398311918294e-05, 1.669451958313531e-05, 1.7143255613794733e-05, 1.619939685642161e-05]
B1: 0.16662332088705323 - 0.666559633029081 - 0.16667007731275277 - -1.3299116911497257e-05
B2: 0.16661384385807637 - 0.6665886795994126 - 0.1665739051644697 - -5.151131327168988e-05
