Number: 352
Error: 8.013047621733137e-06
A1: [2.7710181975867796e-06, 2.8206855328158744e-06, 3.0343788342092546e-06, 2.796565139937493e-06] - [0.2083492661460332, 0.33334900230669473, -0.041650527451015516, 1.604445056127101e-05] - [0.16667069455178876, 0.666670639835663, 0.166670787754946, 4.059084086939318e-06] - [-6.606131185062114e-07, -5.895101672838582e-07, -5.183611580633797e-07, -6.600472231144366e-07]
A2: [0.16664761886697355, -0.16668639354894996, -2.039475111933102e-05, -1.905401975156419e-05] - [0.16658215024614328, 0.33324589235325813, -9.029341113392484e-05, -8.454078472762735e-05] - [0.16664268112775502, 0.8333085404531738, -2.5573132850981e-05, -2.399150049296291e-05] - [1.8925066635405826e-06, 1.9503152832237923e-06, 2.002698874724317e-06, 1.892505560229854e-06]
B1: 0.1667149729058473 - 0.6666396484697616 - 0.16658459768593115 - 5.105764948478851e-05
B2: 0.1667096894425693 - 0.6667238873128083 - 0.16673898951591085 - 4.317960467602556e-05
