Number: 1156
Error: 7.551784642642856e-06
A1: [5.138961272576415e-09, -7.793082625084747e-08, 3.8059837661869345e-07, 9.816325049971604e-08] - [0.20834218043167563, 0.3333408778552861, -0.04165800174359014, 9.256056344310583e-06] - [0.16666725873192761, 0.6666671093923421, 0.16666762864352705, 7.065494719695151e-07] - [-2.191028573762207e-06, -1.9558930042803952e-06, -1.7206280104573758e-06, -2.1891549208831946e-06]
A2: [0.16665223862661357, -0.16668158628133947, -1.5513836670530433e-05, -1.4448643101137906e-05] - [0.16658217249574464, 0.33324606776655297, -9.035933015798459e-05, -8.457492997509535e-05] - [0.16663627484752888, 0.8333019673291316, -3.23913025954978e-05, -3.041159469903356e-05] - [6.208566394604203e-06, 6.398303034298851e-06, 6.570246660286196e-06, 6.208563528980757e-06]
B1: 0.16670742549138626 - 0.6666101226006252 - 0.16657950690080192 - 5.1490992354873917e-05
B2: 0.1666996540603932 - 0.6667084695460402 - 0.1667202925370913 - 3.349273249350969e-05
