Number: 1442
Error: 7.391832325488522e-06
A1: [-9.994647774598745e-07, -1.1312452264506637e-06, -5.871236774216006e-07, -8.824185556600317e-07] - [0.20833957548274795, 0.3333378974724416, -0.041660756802629775, 6.756949181942454e-06] - [0.16666601516403898, 0.6666658306994288, 0.16666648055955022, -5.07374209761992e-07] - [-2.7353911944430615e-06, -2.4419061052179482e-06, -2.1482687920892596e-06, -2.733053566537896e-06]
A2: [0.16665388446085763, -0.16667987337191661, -1.3774360681109807e-05, -1.2807925162968155e-05] - [0.16658219705885802, 0.3332461480829425, -9.036364102381285e-05, -8.457042910926887e-05] - [0.16663400175774098, 0.8332996351472665, -3.4810414717852426e-05, -3.2689599312187766e-05] - [7.743741224279329e-06, 7.980402927769388e-06, 8.194874765125047e-06, 7.743738070710301e-06]
B1: 0.16670457554292956 - 0.6665994727378753 - 0.16657756666839785 - 5.148009970455661e-05
B2: 0.16669635114597497 - 0.6667031855752676 - 0.16671377125756934 - 3.0313794080494806e-05
