Number: 711
Error: 3.001480387937337e-06
A1: [-4.184260764231514e-06, -3.5084679631898035e-06, -2.4998207999215286e-06, -4.123535230036938e-06] - [0.20831960194986882, 0.3333219406565581, -0.041674231389625026, -1.346386794762134e-05] - [0.1666616477927881, 0.6666623967671739, 0.1666635567280539, -4.9439881791532545e-06] - [-1.3445138822367452e-06, -1.2001133956576448e-06, -1.0556258486553518e-06, -1.3433629417251147e-06]
A2: [0.1666785085160605, -0.1666545469288034, 1.2275759576799137e-05, 1.1829205461184692e-05] - [0.1666944560068576, 0.3333616902071836, 2.849921757932668e-05, 2.773978912262777e-05] - [0.16666714096065724, 0.8333337643713035, 3.0160967612253406e-07, 4.621631454111854e-07] - [3.822918653303064e-06, 3.939734301697269e-06, 4.045592006397678e-06, 3.822916591041304e-06]
B1: 0.16664656154302337 - 0.6666458191811827 - 0.16668610369723402 - -1.2947626959092834e-05
B2: 0.16664065206200074 - 0.6666311796434076 - 0.16662608912613985 - -2.570212516559041e-05
