Number: 737
Error: 3.016288938484514e-06
A1: [-4.262704598671451e-06, -3.59059279792301e-06, -2.573417116101055e-06, -4.199807551825179e-06] - [0.20831941706393234, 0.333321724647144, -0.041674423908924854, -1.3639181679247756e-05] - [0.16666154780722464, 0.666662294338731, 0.16666346692434064, -5.0412911452382304e-06] - [-1.393991142203643e-06, -1.2442879785508102e-06, -1.0944950289737336e-06, -1.392797917575815e-06]
A2: [0.16667865987739255, -0.16665438959529708, 1.2435379695803477e-05, 1.1980101886999662e-05] - [0.16669446201728982, 0.33336170093181566, 2.8501891256235823e-05, 2.7743976695402135e-05] - [0.166666934472569, 0.8333335524599038, 8.174562482072401e-08, 2.5522854906300635e-07] - [3.962488189718379e-06, 4.083570049843051e-06, 4.193294006470896e-06, 3.9624860686010195e-06]
B1: 0.16664627800689433 - 0.6666448268594056 - 0.1666859034829952 - -1.2973113200986737e-05
B2: 0.16664029296232413 - 0.6666306807342972 - 0.16662552024987654 - -2.6049959244591725e-05
