Number: 580
Error: 7.879110972064071e-06
A1: [1.9978482750789185e-06, 2.0107890194709473e-06, 2.294831996323005e-06, 2.0425201673307735e-06] - [0.2083473025989016, 0.33334674779904944, -0.04165259397097629, 1.41651745362257e-05] - [0.1666697318915833, 0.666669651226217, 0.16666990533968687, 3.120031874216999e-06] - [-1.0946298986517068e-06, -9.77009978331553e-07, -8.593173561903999e-07, -1.0936926100563202e-06]
A2: [0.16664892436954387, -0.16668503514246577, -1.9015718237904955e-05, -1.7752595949471584e-05] - [0.16658213430882102, 0.33324591889885335, -9.033619492973268e-05, -8.45727140398632e-05] - [0.1666408578977558, 0.8333066697041405, -2.7513558738883525e-05, -2.581864751592266e-05] - [3.116513978608166e-06, 3.211736654978958e-06, 3.2980258869332314e-06, 3.116512238360486e-06]
B1: 0.16671300143239198 - 0.6666314240483135 - 0.16658328266520864 - 5.134922291051237e-05
B2: 0.16670663946701975 - 0.6667193473977011 - 0.16673355873493234 - 4.0228458769958405e-05
