Number: 1484
Error: 7.368433109994475e-06
A1: [-1.1442809226022754e-06, -1.283066102618111e-06, -7.262268777177443e-07, -1.023709659299098e-06] - [0.20833920385199467, 0.3333374713065733, -0.04166114928158455, 6.400851041704095e-06] - [0.16666583527921658, 0.6666656458068078, 0.16666631499688736, -6.829084289882455e-07] - [-2.8153316947795295e-06, -2.5132778460829894e-06, -2.2110687189773406e-06, -2.8129259822779172e-06]
A2: [0.16665412660141288, -0.16667962140188433, -1.3518511104285839e-05, -1.2566535952623964e-05] - [0.16658220184017952, 0.3332461610008681, -9.036320529895686e-05, -8.456859405625469e-05] - [0.16663366808563645, 0.8332992927924288, -3.516554107595951e-05, -3.302399321466264e-05] - [7.969179611007336e-06, 8.212732188504085e-06, 8.433449332531434e-06, 7.969176430564104e-06]
B1: 0.16670414554245874 - 0.666597897707836 - 0.16657727105339235 - 5.1467012822050036e-05
B2: 0.16669585949909044 - 0.6667024114389869 - 0.16671282430681228 - 2.9840353916232853e-05
