Number: 1746
Error: 7.222827544856247e-06
A1: [-2.0487051969803993e-06, -2.2312548260779892e-06, -1.5951518380149268e-06, -1.9061437284777737e-06] - [0.20833688131996536, 0.333334808302081, -0.04166360242631276, 4.175216158405865e-06] - [0.16666471206849917, 0.6666644912878211, 0.16666528098662128, -1.7789793686585215e-06] - [-3.3140000899281437e-06, -2.9584936090848013e-06, -2.6028144881237663e-06, -3.311169959554639e-06]
A2: [0.16665563647161946, -0.16667805020068352, -1.1923093413919802e-05, -1.1061352698546256e-05] - [0.16658222960160426, 0.33324623956671073, -9.036245395014238e-05, -8.455921209854627e-05] - [0.16663158617545507, 0.8332971567277186, -3.7381266936405455e-05, -3.5110406271163264e-05] - [9.37544544708664e-06, 9.66198264938303e-06, 9.921658028050796e-06, 9.375442188071587e-06]
B1: 0.16670146102278788 - 0.6665880691933646 - 0.16657542226377328 - 5.1383215343924895e-05
B2: 0.16669280430697908 - 0.6666975907095575 - 0.1667069219978248 - 2.6898738376118236e-05
