Number: 2175
Error: 3.817446218010309e-06
A1: [-9.271728051058524e-06, -8.842161398434071e-06, -7.392290475187817e-06, -9.088095223589828e-06] - [0.20830648746166253, 0.3333069170188934, -0.04168808908820259, -2.603679626623443e-05] - [0.16665533861748366, 0.6666559108105743, 0.16665774231500277, -1.1101480611832464e-05] - [-4.1302729560691185e-06, -3.687272562983409e-06, -3.2440772337528093e-06, -4.126749172383863e-06]
A2: [0.16668693340894997, -0.16664577931716906, 2.1178847933111698e-05, 2.0227925609948762e-05] - [0.16669457026576417, 0.333362088023138, 2.8462470346863467e-05, 2.775141641460092e-05] - [0.1666554996197459, 0.8333218202627358, -1.2087650037204309e-05, -1.120432108986829e-05] - [1.1680956419763435e-05, 1.2037965864841405e-05, 1.2361514602837438e-05, 1.1680953363077876e-05]
B1: 0.1666318853331818 - 0.6665911985679207 - 0.16667604564797783 - -1.3091853704832318e-05
B2: 0.1666235285945811 - 0.6666040865300743 - 0.1665928404682225 - -4.2191373244710925e-05
