Number: 2158
Error: 6.994932060807675e-06
A1: [-3.48717920003275e-06, -3.7394788758815606e-06, -2.9796685385612496e-06, -3.3100233588933613e-06] - [0.20833316352547254, 0.33333055135199124, -0.041667533141072084, 6.098539889260571e-07] - [0.16666292934906415, 0.6666626583934007, 0.1666636366377748, -3.5190077872636196e-06] - [-4.098134479723471e-06, -3.6585728950695868e-06, -3.2188172354059854e-06, -4.094637988214075e-06]
A2: [0.1666580060181426, -0.1666755840654099, -9.418719982652857e-06, -8.699176464503552e-06] - [0.16658225870584045, 0.33324634896903327, -9.037497892551536e-05, -8.455901118111464e-05] - [0.16662830972169118, 0.8332937951711342, -4.086803424731817e-05, -3.8393941698749385e-05] - [1.1586684315837596e-05, 1.1940811076240656e-05, 1.2261746957504034e-05, 1.1586681244925284e-05]
B1: 0.16669728517580562 - 0.6665726518882955 - 0.16657254515244396 - 5.129699245239829e-05
B2: 0.16668807480390832 - 0.6666900340172696 - 0.16669761082450227 - 2.234783959072829e-05
