Number: 1779
Error: 3.5990193367776233e-06
A1: [-7.875780961789229e-06, -7.378405766896521e-06, -6.046665437779494e-06, -7.725410788665702e-06] - [0.20831011502663555, 0.3333110658524639, -0.04168425074646677, -2.2555791300907655e-05] - [0.16665706535927838, 0.6666576865840745, 0.1666593376774586, -9.41578329469423e-06] - [-3.3767891369390076e-06, -3.0145579002494564e-06, -2.6521519057811614e-06, -3.3739055918162023e-06]
A2: [0.16668465914484218, -0.16664814650377624, 1.877478268824753e-05, 1.796074082463528e-05] - [0.16669455189637497, 0.33336199228009755, 2.8483574507512816e-05, 2.7760809395148634e-05] - [0.16665865030522592, 0.8333250527314899, -8.734882284574892e-06, -8.046833454927118e-06] - [9.555632350165687e-06, 9.847678185987546e-06, 1.0112346315699588e-05, 9.555629089947704e-06]
B1: 0.16663585093763159 - 0.6666059734636076 - 0.16667877242048246 - -1.3056969247499974e-05
B2: 0.16662802506117128 - 0.6666113421302564 - 0.16660182718087635 - -3.786645931586103e-05
