Number: 2045
Error: 3.745849787255655e-06
A1: [-8.808756778245943e-06, -8.356665112449792e-06, -6.945309038805474e-06, -8.63604786911559e-06] - [0.20830769729110865, 0.3333082990399449, -0.041686807926448306, -2.4875097740613768e-05] - [0.1666559102327644, 0.6666564987902439, 0.16665827133866562, -1.0543343767383026e-05] - [-3.882921030375788e-06, -3.4664358802033685e-06, -3.0497616890248336e-06, -3.879607296184571e-06]
A2: [0.16668618789988887, -0.16664655537065953, 2.0390645184788075e-05, 1.948474053041952e-05] - [0.16669456742735778, 0.33336205967839555, 2.8472370434033553e-05, 2.7757691940367795e-05] - [0.16665653444659484, 0.8333228819245012, -1.0986510240480976e-05, -1.016726114224021e-05] - [1.0983264172187897e-05, 1.1318947680561006e-05, 1.1623167119914853e-05, 1.098326100990773e-05]
B1: 0.16663317143336678 - 0.6665960346387501 - 0.16667692807506565 - -1.309614055157919e-05
B2: 0.16662498722309937 - 0.6666064656168618 - 0.1665958033436599 - -4.078906167036512e-05
