Number: 1020
Error: 7.62825779357474e-06
A1: [4.7550303757231543e-07, 4.151589059370448e-07, 8.325480553491855e-07, 5.571111193120142e-07] - [0.2083433894659408, 0.3333422636598365, -0.04165672484692578, 1.0414788123698768e-05] - [0.1666678426179249, 0.6666677095417233, 0.16666816624280537, 1.2763455538052576e-06] - [-1.9321633730517905e-06, -1.7247744353700087e-06, -1.5172681490027506e-06, -1.930510572078349e-06]
A2: [0.16665145488733132, -0.16668240183987976, -1.6341948694272546e-05, -1.5229949447296499e-05] - [0.16658215834184842, 0.33324602732525577, -9.035929939569794e-05, -8.457954403782387e-05] - [0.16663735560878623, 0.8333030762252807, -3.124103437609417e-05, -2.932849648790631e-05] - [5.478525323935554e-06, 5.6459470365393605e-06, 5.797667059103515e-06, 5.478522658970829e-06]
B1: 0.16670878799000746 - 0.6666151938614292 - 0.16658043609134518 - 5.1503461610349146e-05
B2: 0.16670126563033102 - 0.6667110000931635 - 0.1667233870706548 - 3.5045349130585e-05
