Number: 1503
Error: 3.446124201801859e-06
A1: [-6.931036658449382e-06, -6.387994080239316e-06, -5.1401843566733894e-06, -6.803823330581314e-06] - [0.20831252973155764, 0.3333138374398533, -0.041681701997683424, -2.024312745064429e-05] - [0.1666582403482644, 0.6666588941341227, 0.16666041786474603, -8.269375462758948e-06] - [-2.851613839991701e-06, -2.5456755835272705e-06, -2.239580550012986e-06, -2.849177218452098e-06]
A2: [0.16668306790218915, -0.1666498022684718, 1.7093574127959184e-05, 1.6374432471755306e-05] - [0.16669452154841094, 0.33336190865839177, 2.8482090804035748e-05, 2.774981091924203e-05] - [0.16666084357447833, 0.8333273030844616, -6.4005963033188495e-06, -5.848823651964326e-06] - [8.074265638723286e-06, 8.321031154899871e-06, 8.544660275403596e-06, 8.074262444827456e-06]
B1: 0.16663870305762657 - 0.6666163517365306 - 0.16668074548096756 - -1.2944433416403926e-05
B2: 0.166631267379429 - 0.6666164195008751 - 0.16660801822464094 - -3.4743712800966854e-05
