Number: 2971
Error: 4.253223254368582e-06
A1: [-1.2044017477279676e-05, -1.174885496959279e-05, -1.00596567016664e-05, -1.1793559794232643e-05] - [0.2082993312008049, 0.3332987205364426, -0.04169565393482442, -3.2898596958978624e-05] - [0.1666519017409907, 0.6666523772746898, 0.16665457327147334, -1.4455894827131839e-05] - [-5.644762242561383e-06, -5.039409829313094e-06, -4.433841856869825e-06, -5.639955046988592e-06]
A2: [0.16669150228262122, -0.1666410239579076, 2.6008045858662996e-05, 2.4782568976573207e-05] - [0.1666945905400098, 0.333362263079321, 2.840191460710502e-05, 2.771588019915968e-05] - [0.1666491603938459, 0.8333153165583518, -1.883325787126951e-05, -1.7557222997299227e-05] - [1.595257162774356e-05, 1.644014835032373e-05, 1.6882045575813592e-05, 1.5952570043747996e-05]
B1: 0.16662382146540913 - 0.6665613895661496 - 0.1666704348891095 - -1.3255063081185248e-05
B2: 0.16661440661908872 - 0.6665895231915152 - 0.1665749079773395 - -5.0968485719930426e-05
