Number: 2423
Error: 3.953662658305723e-06
A1: [-1.0135732181267649e-05, -9.748057472573225e-06, -8.223636078508169e-06, -9.931278692487646e-06] - [0.2083042567925334, 0.33330436220035786, -0.041690447167084636, -2.8175721502251933e-05] - [0.1666542675528638, 0.6666548096163978, 0.16665675467392033, -1.2146851958981843e-05] - [-4.602137010525089e-06, -4.108554408003634e-06, -3.614767594291188e-06, -4.598212864556531e-06]
A2: [0.16668835805436374, -0.16664429656579302, 2.2684606007361735e-05, 2.1648137449780887e-05] - [0.16669458110096186, 0.3333621470903982, 2.8448131631655333e-05, 2.774486405668472e-05] - [0.1666535257106108, 0.8333197951097812, -1.4188169465459139e-05, -1.3182490695053943e-05] - [1.3011880635844987e-05, 1.3409571572879643e-05, 1.3769993711487553e-05, 1.3011877885724572e-05]
B1: 0.1666293704881997 - 0.6665819121037038 - 0.166674301913517 - -1.3145129493961978e-05
B2: 0.16662068366519722 - 0.6665995454778435 - 0.1665872488580595 - -4.492886017915531e-05
