Number: 4456
Error: 8.962448490261686e-16
A1: [0.06621318460246643, -0.11395207685397493, -0.023983947361726068, 0.07172287106542755] - [0.037402624364458056, 0.18819338112669626, -0.14740893474990102, -0.07818699814750382] - [-0.060229432334922686, 0.3289507415299286, -0.12775316938459322, -0.14096838158915612] - [0.039046170117988825, -0.053322675644735806, -0.03741857976967388, 0.05169513095482196]
A2: [-0.009108621404988086, -0.34680323386298134, 0.2494550443387869, 0.10645663206118469] - [0.08003979877846666, 0.036282227898964764, -0.05025014175657223, -0.0660719892421852] - [-0.04245282202688679, 0.23083188825279072, -0.04053124829795899, -0.14784784181387536] - [0.06813473894810622, -0.29346789606943324, 0.14177119748700046, 0.0835618157964785]
B1: 9.260138904122826e-09 - -1.0723823496593145e-08 - 6.449265172906894e-09 - -3.899557319368945e-09
B2: -7.285460674521764e-09 - 7.455734461357725e-09 - 9.426795239962854e-09 - -3.878658607583071e-09
