Number: 4512
Error: 7.725876519478157e-16
A1: [0.06621312388157602, -0.11395213621796069, -0.023984008034965924, 0.07172281044642705] - [0.03740255618067063, 0.18819331598170355, -0.14740900177979518, -0.07818706518333486] - [-0.06022941644616305, 0.3289507567902741, -0.12775315383672606, -0.14096836612486494] - [0.039046018772369656, -0.05332281929635077, -0.03741872619154287, 0.05169498572183278]
A2: [-0.009108529885522448, -0.34680313677520075, 0.24945513659867818, 0.10645672801429626] - [0.08003978927312058, 0.03628221765899126, -0.0502501521453572, -0.06607199971919495] - [-0.04245288532432758, 0.23083181839387862, -0.04053131612988607, -0.14784791181838297] - [0.06813482024730456, -0.29346780655556703, 0.14177128562298538, 0.0835619069477949]
B1: -2.4488738039622157e-08 - -1.3965058448903763e-08 - -3.3067034943212935e-08 - 4.340267526414614e-09
B2: 1.6291923398934353e-08 - 1.211030984646436e-08 - -1.198188117159685e-07 - 2.819021648414161e-08
