Number: 1920
Error: 2.9219492146500465e-06
A1: [0.00014605291581900042, -0.007562172312812156, 0.01062144771548737, 0.02693550971365942] - [0.06395333300243015, 0.18713035926350355, -0.1496948436436955, -0.11306206976570492] - [-0.1182243890427216, 0.4361925865572194, -0.07678996861645611, -0.2642503869361348] - [-0.028436929919855188, 0.010345786694270716, -0.035251841167559944, 0.03353650499513395]
A2: [0.12221119748592901, -0.23385737406419077, 0.013403616371540417, 0.06098545387252248] - [0.03132607354706146, 0.20246674831905312, -0.11619635587529595, -0.1227339832439383] - [-0.10063208049753278, 0.5496303393877995, -0.24106729826817785, -0.23143556831237136] - [-0.023497744042389974, -0.021933106084778598, 0.005430110628575331, 0.029592381811143993]
B1: -0.0021693723769552354 - 0.0009885059969008724 - -0.0012621916359575403 - -0.002239000243956832
B2: 0.00019863925258101428 - 0.00394624029199206 - -0.0030598565318448036 - -0.002865630172395337
