Number: 2878
Error: 5.543386945200876e-09
A1: [0.0632418022288139, -0.048064133626595305, -0.02363441180463423, 0.007663799066909325] - [0.04359568835138534, 0.1912068460959986, -0.14263249370360945, -0.09258463200907506] - [-0.12321382325215939, 0.41509033482226254, -0.1046280552723944, -0.186843487324147] - [0.037152891015868994, 0.019315491471878332, -0.03298476940711419, -0.022905378756866778]
A2: [0.06320179257013085, -0.1739245526626984, 0.08608222813157104, 0.023718062125989068] - [0.029320923779267098, 0.20032932294626443, -0.10167937731092017, -0.127842896570917] - [-0.09342817986273061, 0.5136642327800416, -0.2256245662279676, -0.19511618087579635] - [-0.02527330526337773, 0.01917091280594292, -0.0496327256961956, 0.05761431993635213]
B1: -9.887611785709922e-05 - -6.170248633501181e-05 - 0.0001746700005727383 - -0.0001628524749276881
B2: 5.491719892358065e-06 - 6.833493401455708e-05 - -5.829194097857395e-05 - -3.0287157796616434e-05
