Number: 2056
Error: 0.000278470698288448
A1: [0.0667638848186371, 0.05418608897979126, 0.07256812323295395, 0.08963902454926488] - [0.04079641234400571, 0.16682496026525112, -0.173841610863833, -0.14140889686505326] - [-0.1356723744031053, 0.40714431608266394, -0.09829642162170943, -0.26680655585474006] - [0.038324552029880735, 0.08298569411256032, 0.0352782246633262, 0.09251691205097481]
A2: [0.14087417034292388, -0.20845678927618794, 0.029688863713019063, 0.08517102225244766] - [0.02308940894258098, 0.18916677200701426, -0.12855813874292624, -0.13295181298608313] - [-0.16643052790786977, 0.49123259787305895, -0.28555581338115005, -0.2984192742772191] - [-0.15412958239892702, -0.1315586086241218, -0.1262627951404685, -0.07761502094630043]
B1: -0.021246625775110262 - -0.006636519162131604 - 0.019307388691286526 - 0.017717806749947187
B2: -0.011942807143912179 - 0.059627525250181744 - -0.02916825175167712 - -0.006850620322125807
