Number: 4854
Error: 1.0646199124309486e-15
A1: [0.06621311909295, -0.11395214089955648, -0.023984012819821033, 0.07172280566584413] - [0.03740255498006031, 0.1881933148346147, -0.1474090029600872, -0.0781870663637243] - [-0.060229525645888904, 0.3289506519098445, -0.12775326069319753, -0.14096847240652008] - [0.03904623916654712, -0.05332261010635301, -0.03741851296739333, 0.05169519721462228]
A2: [-0.009108485690920681, -0.3468030898917621, 0.24945518115083104, 0.10645677434986599] - [0.08003990617598553, 0.036282343596811206, -0.050250024377203724, -0.06607187086618127] - [-0.04245274408408268, 0.23083197427515767, -0.04053116477135622, -0.1478477556122924] - [0.06813495146902672, -0.2934676620750842, 0.14177142787963326, 0.08356205407115778]
B1: -4.543392943353115e-08 - 1.4383542499371915e-08 - -1.837892602086015e-08 - 2.7387565690906313e-08
B2: -7.053904554299212e-09 - 7.455603877552788e-09 - -1.543311033184502e-08 - 4.50139718472343e-08
