Number: 1792
Error: 8.285013957740388e-08
A1: [-0.007703744010014719, -0.01552029844593154, 0.002487093092610729, 0.018899839943408454] - [0.06740380020747266, 0.19044604241242322, -0.14614199108435735, -0.10921905570212898] - [-0.11432654352813867, 0.4400970724209488, -0.07265068310783646, -0.2599769086431184] - [-0.026863985666336593, 0.01194598394408314, -0.03356167368782454, 0.03523114773088748]
A2: [0.13221219456140862, -0.22401760368748802, 0.02330654325840738, 0.07079759249765408] - [0.032838576723691344, 0.20394341447277547, -0.11469812251618844, -0.12126810098449224] - [-0.09509922735330395, 0.5550961529986284, -0.23559265240910865, -0.22600466368513436] - [-0.020049939742932604, -0.01852920748272296, 0.008890736506700987, 0.03292884161751823]
B1: -0.00016250167565304326 - 0.0005486798997958851 - -0.0001929888245409066 - -4.970522665426755e-08
B2: -0.0008206327455767093 - 0.0003580972084109922 - 8.794469278580223e-05 - 0.0006193435030430902
