Number: 2729
Error: 2.2115784483171695e-08
A1: [0.06333514970057018, -0.04797168220939924, -0.023542396540359643, 0.007756884876236624] - [0.043569984476145386, 0.1911819806324478, -0.14265903773134792, -0.09261320610083171] - [-0.1226904348859671, 0.415614206587207, -0.1040986027741924, -0.18631462158427128] - [0.037353573757528326, 0.01951825034507847, -0.03278176954236161, -0.02270282772943701]
A2: [0.06352494974661142, -0.17360196411598328, 0.08641025946354677, 0.02404217077454942] - [0.029461473198360455, 0.200467589372159, -0.10153900693565945, -0.12770517742828566] - [-0.09328739784409043, 0.5138027633229174, -0.22548368165411875, -0.19497924631744293] - [-0.025839697450516834, 0.018608571614416522, -0.05020199758574017, 0.05706246176833197]
B1: -3.747125803353363e-05 - 6.45410667076201e-05 - 3.554597375037945e-05 - 4.4275015201401124e-05
B2: 4.143273609070642e-05 - 0.00025247767754882323 - 0.00010340643258665511 - 0.0002386819840006755
