Number: 1063
Error: 6.877498871676822e-05
A1: [-0.0064488586364597955, -0.015050254523858412, 0.003507471956653363, 0.018790791178091446] - [0.08008151690281609, 0.20246848652853902, -0.1335503893187676, -0.09524611765214007] - [-0.14736792317331757, 0.4036047077291774, -0.11870487640366105, -0.30138899913260553] - [-0.016349049319427027, 0.023593282427561205, -0.012990149833320554, 0.04878018281822041]
A2: [0.15791164536906527, -0.1974488495765237, 0.04556946990560912, 0.09771521070446659] - [0.021775958626261187, 0.19324430897547332, -0.12525866423767879, -0.13253733673311435] - [-0.14860693467266645, 0.5032608078312433, -0.27945667957702175, -0.2865377579339168] - [-0.01648173441079523, -0.015542040752464133, 0.013285232793701448, 0.03559595710230359]
B1: 0.005888820888793382 - 0.008098341169658298 - -0.010016025529735526 - -0.0030407331445433112
B2: -0.0009063417879979904 - -0.009811077779596012 - -0.0066258918020816356 - -0.007313786420560755
