Number: 3536
Error: 1.1286814640410245e-11
A1: [0.06622170784147532, -0.11394374469466713, -0.023975431587650753, 0.07173138057533267] - [0.03739769865817757, 0.188188674362741, -0.14741377738357167, -0.0781918403155028] - [-0.06023358556265241, 0.3289467543485193, -0.12775723153158644, -0.14097242463424461] - [0.03906168448655942, -0.053307950531666634, -0.037403570603583354, 0.05171001893923594]
A2: [-0.009114287351384467, -0.34680924426060333, 0.24944933471105973, 0.10645069150262147] - [0.08000065015156184, 0.03624005427395258, -0.05029292892392387, -0.06611513986287934] - [-0.04249010817036911, 0.23079073742442333, -0.04057120536017702, -0.1478890798363643] - [0.06815597683699376, -0.29344451294026286, 0.14179422350582224, 0.08358562853923507]
B1: 8.028833439611354e-06 - 1.5104338307690928e-05 - -1.005976035399647e-05 - 1.0297832800744744e-05
B2: 5.21625337942237e-06 - 1.0132585487012544e-05 - 5.131469945166617e-06 - 1.0590792519203206e-05
