Number: 1567
Error: 1.1614025136874794e-08
A1: [-0.008352045244596689, -0.01616869463409521, 0.001786340688494607, 0.018258215598549576] - [0.06692131270561005, 0.1899753372992561, -0.1466373739982172, -0.10975713306691427] - [-0.11265992246763921, 0.44171187410124585, -0.07086753364478852, -0.2581805063441786] - [-0.023194191455826182, 0.015515719899534137, -0.029756445050074836, 0.03909653974704275]
A2: [0.1317656637363806, -0.2244526553328788, 0.022842720505610897, 0.07033562056902522] - [0.032662964089296, 0.20376554859214996, -0.11487155240481406, -0.1214411624789026] - [-0.09479284371236514, 0.5553717695843717, -0.23536974578171646, -0.2258025170225738] - [-0.020696470736580066, -0.019147494867661905, 0.00824684238482881, 0.032306533831631824]
B1: 0.00010274297335479497 - -0.00010708783551177699 - 2.6373184932132128e-05 - 0.00010295329498353291
B2: 8.04127891851325e-05 - -0.00018292959999067847 - -8.662207511085171e-06 - 0.0005439577758544305
