Number: 2367
Error: 1.4672282593664975e-05
A1: [0.054399138523977965, -0.05793203238281223, -0.033770695710137674, -0.0015519400318950282] - [0.04213304849510265, 0.18972109372745072, -0.14451399000475976, -0.09416328465493061] - [-0.12362310927363976, 0.41528228178749294, -0.10444532456988906, -0.18714433194954513] - [0.03968926332080723, 0.022212969250602205, -0.02988345225174333, -0.020391865661849126]
A2: [0.056483944839860856, -0.18024330270269745, 0.07959545726375832, 0.016894693882414227] - [0.024200343908724928, 0.19524576652112868, -0.10682680122567871, -0.13290004739305816] - [-0.10184016680858093, 0.5060221225645474, -0.23348831674206355, -0.2026589599712705] - [-0.029546441084402488, 0.015244387092636348, -0.05335711022212696, 0.05367834975465784]
B1: -0.0018953984271169511 - 0.0012127124417394023 - 0.005022212457242117 - 0.0018922378155650376
B2: -0.004508868622459317 - -0.0006748330249468997 - -0.0015868125524309954 - -0.00021610744693269885
