Number: 6013
Error: 2.591220787027892e-12
A1: [0.08043032141465352, -0.1804691738721018, -0.019590218614919025, 0.1196236086236798] - [0.037414061686419, 0.13359486898105205, -0.1347277015450325, -0.03628734259884042] - [-0.0016987453492198017, 0.22819419010858508, -0.12282431489746452, -0.10365483762204655] - [0.038863589231286993, -0.11448066473750651, -0.046416086801749426, 0.12203458254430612]
A2: [0.03531649027654186, -0.029264403578720587, -0.07568874793466455, 0.06967287666538406] - [0.10289609114610726, 0.2828990616040322, -0.3926041325924639, 0.0068184468221514785] - [-0.011188768200187766, 0.539012912557954, -0.3594525945096851, -0.1683782224238373] - [0.0978658051307249, 0.017466335900675083, -0.16884814925271052, 0.053528033423248106]
B1: 3.721589640784527e-06 - -3.5467151841192575e-06 - -3.4998875417778994e-07 - 1.2690157424832124e-06
B2: 1.2037340947470403e-06 - 2.881915923031563e-06 - -1.7858754811610832e-07 - 1.051910637565686e-06
