Number: 8209
Error: 9.030718204890214e-16
A1: [0.08043170040802294, -0.18046779502892446, -0.019588841268758782, 0.11962498745977015] - [0.037415589076098384, 0.1335963952504806, -0.1347261771339094, -0.03628581602000838] - [-0.0017028123124280946, 0.2281901232069799, -0.12282837595466319, -0.10365890352589421] - [0.038863242335270484, -0.11448101066847456, -0.04641643349469013, 0.12203423585415135]
A2: [0.03530733355563993, -0.029273585605427952, -0.07569745406794157, 0.06966329313504836] - [0.10289372134547811, 0.2828966716910454, -0.3926064246143514, 0.006815965296106765] - [-0.011187055663258007, 0.5390146352791922, -0.35945097353568134, -0.16837641785561575] - [0.09786287927354811, 0.017463396724441357, -0.1688509344873458, 0.05352496221608405]
B1: -2.6149995117540778e-08 - 5.4410438578038035e-09 - 1.1091795293036155e-08 - -2.4010773085582167e-08
B2: -7.879264418249676e-09 - -1.0867279965559252e-08 - -4.725376137602887e-09 - -9.760717632013023e-09
