Number: 4622
Error: 9.544073084490645e-16
A1: [0.06621319737923681, -0.11395206436272264, -0.023983934594996325, 0.071722883820727] - [0.03740262133842093, 0.18819337823552382, -0.14740893772473856, -0.07818700112260381] - [-0.06022956349663881, 0.3289506155563043, -0.12775329773173066, -0.14096850924583793] - [0.03904613301221767, -0.05332271086415733, -0.03741861566828297, 0.05169509534765759]
A2: [-0.009108635023116754, -0.34680324830966275, 0.2494550306103892, 0.10645661778330587] - [0.08003987015231989, 0.03628230478902988, -0.05025006374901551, -0.06607191057229528] - [-0.04245280013880728, 0.23083191240981896, -0.040531224841737455, -0.14784781760652194] - [0.06813481383590299, -0.29346781361481644, 0.14177127867228434, 0.08356189975943111]
B1: 1.857210951105281e-08 - 1.3007488066315098e-08 - -1.0003103700057564e-09 - 9.482291272755983e-09
B2: 2.3646094045133762e-08 - 2.4130381940196173e-08 - -2.5854448230598964e-08 - 1.2903022842567206e-08
