Number: 5448
Error: 9.522434130785719e-15
A1: [0.0662132096408975, -0.11395205237498497, -0.023983922342954746, 0.07172289606180332] - [0.037402656834822794, 0.18819341215011456, -0.14740890282892982, -0.07818696622373054] - [-0.06022912333619262, 0.32895103830624, -0.12775286701633612, -0.1409680808468368] - [0.039046254599351696, -0.05332259545785732, -0.03741849803642881, 0.05169521202434687]
A2: [-0.009107925008526889, -0.3468024950974417, 0.2494557463691332, 0.10645736219314607] - [0.0800394239144724, 0.03628182406375257, -0.05025055146038976, -0.06607240242519669] - [-0.04245305880399647, 0.2308316269320419, -0.04053150203717658, -0.1478481036792726] - [0.06813482540017037, -0.29346780088235697, 0.14177129120837628, 0.08356191272480672]
B1: 2.2457144423850362e-07 - 1.5204574405870474e-08 - -1.3291532529212696e-08 - 9.930490781650668e-08
B2: 2.5013124424859014e-08 - 5.954953466433447e-08 - 4.4067424902694794e-08 - -2.54076572160639e-10
