Number: 4479
Error: 1.5550835060869576e-15
A1: [0.06621315696021823, -0.11395210387851129, -0.02398397498228343, 0.07172284346956789] - [0.037402609757028416, 0.18819336717028537, -0.14740894911012575, -0.07818701250899712] - [-0.0602291500483075, 0.32895101265074583, -0.1277528931555146, -0.14096810684577699] - [0.039046135315187774, -0.05332270867825164, -0.037418613440227906, 0.051695097557663654]
A2: [-0.009108533502743448, -0.3468031406124971, 0.24945513295223798, 0.10645672422184607] - [0.08003981872810755, 0.036282249390440995, -0.05025011995275347, -0.06607196725322777] - [-0.042452915535271564, 0.2308317850512206, -0.040531348505181225, -0.14784794523053027] - [0.06813492871754544, -0.2934676871251828, 0.14177140321523282, 0.08356202856287367]
B1: 5.19804270621094e-09 - -5.724231825915961e-09 - -4.280491991717718e-08 - 5.310710091136325e-08
B2: 1.5240325593590033e-08 - 4.4347177038422166e-09 - -4.3364775000435225e-08 - 1.2186951592671272e-08
