Number: 3769
Error: 8.9372318273245e-16
A1: [0.0662131984341895, -0.113952063331328, -0.02398393354085069, 0.0717228848739384] - [0.03740264454424683, 0.1881934004071055, -0.1474089149116428, -0.07818697830746867] - [-0.06022933516829411, 0.32895083485318116, -0.12775307430303343, -0.14096828701906408] - [0.03904620133717495, -0.0533226460127548, -0.03741854956621588, 0.051695160913021954]
A2: [-0.009108549783192268, -0.3468031578834692, 0.24945511654013316, 0.1064567071527497] - [0.08003980604292783, 0.03628223572483323, -0.050250133816968974, -0.06607198123518608] - [-0.042452872294904756, 0.2308318327738212, -0.040531302167236084, -0.14784789740853393] - [0.06813474990898545, -0.29346788400106716, 0.14177120936965698, 0.08356182808559756]
B1: -4.348326126995939e-09 - 1.1405732860385634e-08 - 3.124995456344021e-08 - -1.3083396747054314e-08
B2: 8.049061562407109e-09 - 9.802288534802407e-10 - 2.0910372553401455e-09 - 8.204245656300186e-09
