Number: 8293
Error: 7.921889951426833e-16
A1: [0.08043168411657597, -0.18046781131851833, -0.019588857540726236, 0.1196249711701875] - [0.037415546838913044, 0.1335963530452577, -0.13472621928693151, -0.036285858233798915] - [-0.0017028372406153822, 0.22819009827932282, -0.12282840084635008, -0.10365892844742955] - [0.03886323106571416, -0.11448102190639736, -0.04641644475706675, 0.1220342245916018]
A2: [0.035307616796438485, -0.029273301581255438, -0.07569718476564886, 0.06966358957668317] - [0.10289378659151316, 0.2828967374908199, -0.3926063615091729, 0.006816033618145666] - [-0.01118705493235354, 0.5390146360144454, -0.3594509728438603, -0.16837641708544746] - [0.09786262141900397, 0.017463137697050737, -0.1688511799486401, 0.05352469155327449]
B1: -3.5295916648150545e-08 - 6.34111520482284e-08 - -5.72098698418901e-08 - -3.4925200179702686e-08
B2: -8.262231917133381e-09 - -3.7590768316646473e-08 - -1.7309032742114047e-08 - -7.925618891005263e-09
