Number: 2719
Error: 5.860175374927881e-09
A1: [0.06372863161679333, -0.04757985886582762, -0.023152855482893527, 0.008146982102045876] - [0.04357684465645366, 0.19118859014966405, -0.14265198883878494, -0.0926056799825707] - [-0.12371773257088385, 0.41459034093461095, -0.10512972208734153, -0.1873419378944614] - [0.03676356523366666, 0.018927332489292115, -0.033370933984371416, -0.02328918678983048]
A2: [0.06316560443747173, -0.17395934388916096, 0.08605242066309352, 0.023687565633353894] - [0.029259996512080565, 0.2002690926507061, -0.10173979917987777, -0.12790237017163433] - [-0.0927387014099182, 0.51434132483811, -0.22493378602587924, -0.19444765469955097] - [-0.025122031285522397, 0.01932235809032858, -0.04948372793096473, 0.0577613965833297]
B1: -5.910187663208179e-05 - 8.732691942959025e-05 - 5.2256569766024335e-05 - 4.523067424219454e-05
B2: 0.00019169330486144652 - 3.544738170977765e-05 - 2.8232704280912408e-05 - -6.760825474133532e-05
