Number: 2978
Error: 2.351785585854864e-08
A1: [0.06323137454386901, -0.04807322716290453, -0.023644059988865783, 0.0076528035010852] - [0.04403788263285733, 0.19163442043273066, -0.14217638354420895, -0.09209667523004782] - [-0.12263010972756863, 0.4156790871078361, -0.10403656402122724, -0.18625151458429393] - [0.03822132013680456, 0.020390815854500893, -0.03191487248079571, -0.021838515506562937]
A2: [0.06344034735717505, -0.173688270246839, 0.08632519839193187, 0.023956719886714495] - [0.029397508432094845, 0.200404668714968, -0.10160331408237895, -0.1277680502635818] - [-0.09304972975253338, 0.5140355079400631, -0.2252430060230547, -0.19474699818108682] - [-0.02577404289241553, 0.018670623390872845, -0.050135667158733715, 0.05712684808598164]
B1: 0.00015181349917884392 - 0.00039715690744230757 - 0.0002163958656639304 - 0.0003720268138030868
B2: 0.00011050988507494485 - 0.0003048712468409295 - 0.00021696321325949579 - -6.901352600173262e-05
