Number: 2396
Error: 3.224182913190123e-06
A1: [0.07691654222387445, -0.03548804797009085, -0.011240739087604042, 0.02081771449157086] - [0.049823213362888134, 0.19692387425002905, -0.1366405008357731, -0.08566855990539726] - [-0.12699547981111625, 0.4120723697119846, -0.10797840844210897, -0.19054457400444685] - [0.02969823766376851, 0.012551757678614679, -0.039886589112957366, -0.03011026695833904]
A2: [0.051148679905126365, -0.18594334030683013, 0.0745963647255136, 0.012083638776819831] - [0.036643911056183344, 0.20758298096035532, -0.09442770107904257, -0.12073997691226084] - [-0.08595511078917992, 0.5217145106741902, -0.21741286539827093, -0.1872609146023798] - [-0.0361788688711065, 0.008277759314088067, -0.05990998344783153, 0.04713691523853854]
B1: 0.0009966453722133714 - 0.004834369749078662 - -0.008234174361715758 - -0.0025665959203018864
B2: -0.0003483379931021039 - 0.0020539741202784075 - 0.0005194425744363213 - -0.0024489009780134514
