Number: 1643
Error: 5.975347900881704e-08
A1: [-0.0072709978016659675, -0.015079396141521756, 0.002910420986963517, 0.019359658681589325] - [0.06656732861181641, 0.18963493074137763, -0.14700445264535636, -0.11015012869707985] - [-0.113296363712776, 0.4410820888843952, -0.07153095016653149, -0.25888096986055875] - [-0.023727141155806923, 0.014989441011631742, -0.030300487671525763, 0.03852973021805905]
A2: [0.13106296641412335, -0.22514511877478507, 0.022144156366704332, 0.06964399553702669] - [0.03293826044274454, 0.20403692499312756, -0.11459708676338824, -0.12117154577666056] - [-0.09496169402885059, 0.5552095592102056, -0.23553971983723096, -0.22597009474445268] - [-0.020760084422335425, -0.019220369839208804, 0.008179527996883621, 0.032239460750947455]
B1: -3.620489128587775e-05 - -3.098436002211592e-06 - 0.00018135407589771644 - 0.00014403455497615588
B2: -0.00015031706468181724 - -4.7142251978143446e-05 - -0.00025327244286149885 - -0.00015889711206565747
