Number: 2502
Error: 2.5815022175138204e-07
A1: [0.06399297265453616, -0.047319710833008184, -0.022892627601612935, 0.008402911156674407] - [0.04165633523036902, 0.18933316029980848, -0.1446366007839226, -0.09472274935517967] - [-0.12337819705936602, 0.41492205667189713, -0.10479238393230088, -0.18701124657359883] - [0.037172892571963156, 0.019335901495752504, -0.03296467610983354, -0.022889840516851313]
A2: [0.06129447570581626, -0.17581678630616848, 0.0841826146624065, 0.02184025263650963] - [0.02811934840446656, 0.19914930360576047, -0.10287545968893966, -0.12901736107411013] - [-0.0961205732341415, 0.5110407685067321, -0.2283223701511138, -0.19771723153595416] - [-0.027184883590797165, 0.017287977480220738, -0.05154933344736501, 0.055758228840080803]
B1: 0.0004232135737287443 - -0.0004381893424423084 - -0.00038923232835493855 - -0.0004503737873734092
B2: -9.423552140933275e-05 - 0.0001248777503911448 - 0.0005116607371215723 - 0.0003267426120384399
