Number: 7825
Error: 8.775013124613147e-16
A1: [0.08043166555802837, -0.1804678298749448, -0.019588876077018407, 0.11962495261379956] - [0.03741559022428433, 0.13359639639774407, -0.13472617598814218, -0.036285814872540956] - [-0.001702834087579405, 0.22819010143229945, -0.1228283976979177, -0.1036589252952243] - [0.03886320950437867, -0.11448104340722369, -0.046416466304635, 0.12203420304368265]
A2: [0.0353075362164262, -0.029273382384158636, -0.07569726138035779, 0.0696635052412263] - [0.10289376735047694, 0.2828967180864955, -0.3926063801188904, 0.006816013470024176] - [-0.01118708778612371, 0.5390146029647794, -0.3594510039407279, -0.16837645170452514] - [0.09786284971387275, 0.0174633670303553, -0.1688509626263193, 0.053524931188148966]
B1: -2.520533792931184e-08 - 7.112331942614485e-09 - -3.061311157764717e-09 - -9.802695511868648e-09
B2: -2.0455737447363932e-08 - 1.1951866190850114e-09 - -1.518465067793927e-08 - -2.0615429726453993e-08
