Number: 2390
Error: 7.9619912018168e-06
A1: [0.0689720708139732, -0.04341701573224882, -0.01915826596307361, 0.012932025344289062] - [0.041113776742862554, 0.18858593397513082, -0.1455924725716454, -0.09523652933700219] - [-0.11137922482746324, 0.4275570915812306, -0.09222401798042576, -0.17493038811063097] - [0.054294237304357576, 0.03713368057228879, -0.015154547908355343, -0.005667963932997585]
A2: [0.07071480881563194, -0.16646434649675018, 0.09396195978116353, 0.031253178935510634] - [0.035257030546414894, 0.20620634326926102, -0.09579803368805513, -0.12208866288147538] - [-0.10626680076008659, 0.5018704033110706, -0.23773362333301637, -0.2069037053145715] - [-0.020327651657921046, 0.024049116475110058, -0.04410810502205766, 0.06252681357944648]
B1: -0.006491811445412968 - 0.005619957188951123 - 0.005922413603260573 - -0.003228425849903481
B2: -0.0019592873967671314 - -0.000497763384402519 - 0.0009768822649609717 - 0.003082062899696807
