Number: 728
Error: 4.591651638645692e-14
A1: [-0.01215247150071087, -0.014516222765546052, 0.018088302857406653, 0.00858408296639274] - [0.06583538905110313, 0.189495408683463, -0.145322411420062, -0.11000838970259331] - [-0.09629191013149177, 0.4217872148016507, -0.053456070281899824, -0.27203437822118165] - [-0.0013206260073759196, -0.018218404094940372, -0.003834180129251119, 0.023377754062461047]
A2: [0.16158647371053675, -0.16775501571233198, 0.008501091772625254, -0.0023333103785288995] - [0.03548574098189302, 0.20751673894893682, -0.11721040683319142, -0.12579201247461766] - [-0.08621376066709291, 0.5815379102187302, -0.23538893679642203, -0.25993577879068913] - [-0.0038342478401333408, -0.004518582309969854, 0.0011109689688233201, 0.007244081095004763]
B1: 2.3910433041417757e-08 - 1.9233233405837317e-08 - -1.8823351402927507e-07 - 2.149736446748841e-08
B2: -1.1937490812083968e-07 - -5.210463733005922e-07 - -3.968908051158445e-08 - -1.3167918950383666e-07
