Number: 4360
Error: 1.1502503458640283e-15
A1: [0.06621307514647191, -0.11395218386399643, -0.023984056731819848, 0.07172276179312657] - [0.03740268590798944, 0.18819343992736698, -0.14740887424789348, -0.07818693764014135] - [-0.060229505408224, 0.32895067134705097, -0.12775324088980747, -0.14096845270981748] - [0.03904609601209988, -0.05332274598326649, -0.03741865146465187, 0.05169505984197532]
A2: [-0.009108418407768127, -0.34680301851473605, 0.2494552489784822, 0.10645684489262693] - [0.08003985234581956, 0.03628228560632824, -0.050250083210528845, -0.066071930199014] - [-0.042452705839698596, 0.23083201648411372, -0.04053112378723739, -0.14784771331531138] - [0.06813468650805507, -0.2934679538081793, 0.1417711406369735, 0.0835617570015184]
B1: -6.432176759145122e-08 - 7.476792081061056e-09 - 1.3460639866670193e-08 - -5.227243152399504e-08
B2: 1.2813550806594197e-08 - 5.695718674090445e-08 - -1.446648426260747e-08 - -1.292104168613438e-07
