Number: 6452
Error: 8.624122358277795e-16
A1: [0.08043169926743471, -0.18046779616934977, -0.01958884240792514, 0.1196249863193523] - [0.03741559919355978, 0.1335964053602358, -0.1347261670367526, -0.03628580590823701] - [-0.0017028104924192414, 0.22819012502696118, -0.12282837413731086, -0.10365890170636788] - [0.03886322849435756, -0.11448102447052928, -0.0464164473267599, 0.12203422202185907]
A2: [0.03530745379527209, -0.029273465033295327, -0.07569733974546124, 0.06966341897867787] - [0.10289375900314937, 0.28289670966830516, -0.39260638819234644, 0.006816004729169468] - [-0.011187085764315203, 0.5390146049986603, -0.3594510020270879, -0.16837644957402756] - [0.09786281564696918, 0.01746333280849051, -0.16885099505586784, 0.05352489542905594]
B1: 1.3780211223996462e-09 - 7.534894238753212e-09 - 1.1524020396804703e-09 - 2.7730477051920214e-09
B2: 7.56817417803572e-09 - 2.532425882205014e-09 - 8.093030670750354e-09 - -4.913965040926833e-09
