Number: 8155
Error: 1.3797487148766963e-15
A1: [0.08043166128141294, -0.18046783415109718, -0.019588880348571636, 0.11962494833764496] - [0.03741564429685276, 0.13359645042943225, -0.13472612202320214, -0.036285760829865] - [-0.0017028156822622776, 0.22819011983721915, -0.12282837931955964, -0.10365890689482478] - [0.038863232133391934, -0.11448102084171906, -0.04641644369005898, 0.1220342256586237]
A2: [0.035307544332826596, -0.029273374245287635, -0.07569725366329784, 0.06966351373584061] - [0.10289373722381996, 0.28289668770414184, -0.3926064092570125, 0.006815981923027707] - [-0.011187209149627168, 0.5390144808773717, -0.35945111881414443, -0.16837657958926117] - [0.09786275269282817, 0.017463269567972717, -0.16885105498420427, 0.053524829347769184]
B1: 4.120916214414893e-08 - -1.2634408017782644e-09 - -2.952426298445848e-08 - -6.045034864595027e-09
B2: -2.2862820994126525e-08 - 3.1444996775071344e-08 - -5.455377602904999e-09 - -4.538732965361054e-09
