Number: 2157
Error: 0.00037581229416982267
A1: [0.014360237773019584, -0.060898959416139924, -0.0024225061923542623, 0.0037594568473533485] - [0.037696636579252873, 0.1642802607483676, -0.18407966585135815, -0.12756516676800017] - [-0.0666629230119988, 0.4734378782466848, -0.010750373717957565, -0.16507438791796172] - [-0.013812281796526528, -0.0034483038953425048, -0.049055623114523675, -0.03645195754389966]
A2: [0.15061631053368732, -0.17408520650482465, 0.1284698879050691, 0.08516481453482967] - [0.04667908248963945, 0.21560911364228227, -0.08107224239692146, -0.11478457644817674] - [-0.1863960149898211, 0.47666524434642465, -0.30071279978547255, -0.2622270361230537] - [-0.13829833840373373, -0.06631219336039751, -0.11752517921072217, -0.05785423411727174]
B1: -0.010806502192598755 - -2.4433933028274353e-05 - -0.0011568240765601236 - 0.03810405095561244
B2: -0.009756266061810214 - 0.014094778776321062 - -0.03078659596352763 - 0.02287884930735277
