Number: 9982
Error: 9.278177457454934e-16
A1: [0.05317249089817162, -0.1480013302396108, -0.026999106497441437, 0.12182776271146989] - [0.005313679931892843, 0.1308366543417387, -0.11360078365125277, -0.022549803317422304] - [-0.014444535089808018, 0.22309156229493568, -0.12704123806367623, -0.08160599153300252] - [0.02714636319741062, -0.10002013493654485, -0.04942460550243076, 0.12229802325908792]
A2: [0.08925449898727035, -0.07291333271002369, -0.1236273839631024, 0.10728642122128831] - [0.10884175829160318, 0.24981421060911285, -0.4048452606248082, 0.04618951007697783] - [0.036635930928759775, 0.462555118422081, -0.37771745104013515, -0.12147326852275725] - [0.14342654914340047, -0.04460650781059709, -0.20149942227002085, 0.10267998015728765]
B1: -2.9618676128130123e-08 - 3.1535007890601877e-08 - 1.6733689874963144e-08 - -1.8671051079098883e-08
B2: -4.305128573190451e-09 - -4.5504000806892117e-10 - -7.009599459872207e-10 - 8.11740244481307e-09
