Number: 6868
Error: 8.540476085294533e-16
A1: [0.08043165473109003, -0.18046784070064995, -0.019588886891018235, 0.11962494178809376] - [0.03741555878491823, 0.13359636498217836, -0.13472620736487975, -0.036285846294495286] - [-0.0017028456729492791, 0.2281900898471787, -0.1228284092663305, -0.10365893687750863] - [0.03886320092130896, -0.11448105196619607, -0.04641647488224003, 0.12203419446594661]
A2: [0.0353073934847302, -0.029273525510648234, -0.07569739708794547, 0.06966335585714437] - [0.10289382129738821, 0.28289677249124145, -0.39260632794217204, 0.006816069960339063] - [-0.011187131272465551, 0.5390145592190669, -0.359451045101527, -0.16837649752757397] - [0.09786280935102513, 0.017463326483906555, -0.16885100104919273, 0.05352488882035633]
B1: 2.6386410673213297e-08 - -2.4113307340581076e-08 - 8.88673655979836e-09 - 6.300965836424006e-09
B2: 1.968169027958474e-09 - 4.263415940374787e-09 - -1.3583141260633588e-09 - 3.757601543161218e-09
