Number: 7005
Error: 9.657160535999637e-16
A1: [0.08043169544935456, -0.18046779998699677, -0.01958884622143661, 0.11962498250170912] - [0.03741558738224447, 0.13359639355786088, -0.13472617882453147, -0.036285817713009524] - [-0.0017028067299534025, 0.2281901287893436, -0.12282837038035349, -0.10365889794490611] - [0.038863211338430084, -0.11448104157830925, -0.04641646447175674, 0.1220342048765934]
A2: [0.03530741951468425, -0.029273499408696987, -0.07569737233899816, 0.06966338310031882] - [0.1028937046709003, 0.2828966548749371, -0.3926064407417865, 0.006815947835369764] - [-0.011187076297846713, 0.5390146145215783, -0.3594509930668553, -0.16837643959890758] - [0.09786280260637731, 0.0174633197085802, -0.1688510074696603, 0.053524881740672124]
B1: -2.407352728680934e-09 - 3.201629519328677e-09 - 6.949723874872141e-09 - -2.3918188216734987e-09
B2: 8.008221226810746e-09 - 7.29201445149265e-10 - 1.0799659763711883e-08 - -1.2515480976680757e-08
