Number: 7928
Error: 1.0808189464030797e-15
A1: [0.08043173196442921, -0.18046776347606996, -0.019588809750031924, 0.11962501901260987] - [0.03741550235479976, 0.13359630859476682, -0.13472626368251608, -0.036285902693339527] - [-0.00170280812382313, 0.2281901273955009, -0.12282837177217718, -0.10365889933839761] - [0.038863244860757054, -0.1144810081500716, -0.0464164309707919, 0.12203423837808332]
A2: [0.03530740315943831, -0.029273515809155912, -0.0756973878893882, 0.06966336598280842] - [0.10289367980535638, 0.2828966297983798, -0.3926064647914353, 0.00681592179756465] - [-0.011187113461338263, 0.5390145771364129, -0.3594510282429202, -0.16837647875935424] - [0.09786277423948005, 0.017463291212655236, -0.16885103447313785, 0.053524851964696536]
B1: -1.436291801092525e-08 - -2.729695595756431e-09 - 3.3103350129545223e-10 - -6.683843783553461e-09
B2: 2.465776343640875e-08 - -6.504555883107053e-08 - 1.323420840324998e-08 - 6.367242046137787e-10
