Number: 4926
Error: 9.825200736835699e-16
A1: [0.06621316486660048, -0.11395209614877778, -0.023983967082085427, 0.07172285136268572] - [0.037402576228759955, 0.18819333513631356, -0.14740898207098188, -0.07818704547277257] - [-0.06022934219375197, 0.3289508281056403, -0.1277530811776851, -0.14096829385653112] - [0.039046184945901286, -0.05332266157058478, -0.03741856542408275, 0.05169514518386376]
A2: [-0.009108622021297271, -0.3468032345167271, 0.2494550437174479, 0.10645663141509701] - [0.08003984837289266, 0.03628228132636889, -0.05025008755262736, -0.06607193457804685] - [-0.04245283326376095, 0.23083187585115308, -0.04053126033966615, -0.14784785424143687] - [0.06813475619931283, -0.29346787707507976, 0.14177121618882005, 0.08356183513828522]
B1: -1.0563784352029702e-08 - -2.134367788719744e-09 - -1.467454137802162e-08 - -9.123379814085592e-09
B2: 7.157758899310364e-09 - 1.23615882767418e-08 - -1.61891525958037e-08 - -1.972317303762984e-08
