Number: 8556
Error: 1.313950464812153e-15
A1: [0.08043166424724153, -0.18046783118555157, -0.019588877386257912, 0.11962495130317302] - [0.037415525655329594, 0.13359633187772804, -0.13472624042822937, -0.03628587940561124] - [-0.0017027765647672864, 0.22819015895387357, -0.12282834025934011, -0.103658867787764] - [0.03886322570707692, -0.11448102724991337, -0.046416450112248465, 0.12203421923636364]
A2: [0.035307290648373485, -0.02927362863138248, -0.07569749486382672, 0.0696632482280831] - [0.10289371981828382, 0.28289667015092335, -0.39260642609142027, 0.006815963696908932] - [-0.011187201932749392, 0.5390144881373398, -0.35945111198332086, -0.16837657198445455] - [0.09786269397027933, 0.01746321057833256, -0.16885111088445146, 0.05352476770839642]
B1: 2.9834774479907073e-09 - -6.532654958513005e-09 - 9.277408269925126e-09 - 1.2571517709223443e-08
B2: 4.767816445575614e-08 - -2.6132256499670454e-08 - 3.4092287687568236e-08 - 4.134247288501233e-08
