Number: 5780
Error: 9.04454568014443e-05
A1: [0.10886104445678248, -0.15398884103324356, 0.0070357562098610354, 0.14676260831365043] - [0.08047159496514823, 0.1725361809068499, -0.09584927934934265, 0.003835450164576085] - [0.01873541627471315, 0.25006431688657565, -0.10203468548685098, -0.08297715020730707] - [0.04190033618339614, -0.10883078487584043, -0.04072808807655832, 0.12685461406594392]
A2: [0.00601001610291515, -0.05961301381373451, -0.10124026229233365, 0.04167200054591516] - [0.09943123972742103, 0.27969949812296807, -0.39726853216765734, 0.0018241229669497643] - [0.01773929176831335, 0.5692909848220701, -0.3321079381831384, -0.14001063752903176] - [0.11167291196434447, 0.031844496275700546, -0.15512670614759216, 0.06728127074556703]
B1: -0.0016025438059661537 - -0.006754897584344613 - 0.004858065125603677 - 0.0022427757914209555
B2: 0.008295138774209124 - 0.019885025840350685 - 0.006730915078043279 - -0.015834754843919045
