Number: 8620
Error: 1.3340588050047261e-15
A1: [0.0804317318303367, -0.1804677636101103, -0.019588809883973834, 0.119625018878552] - [0.03741566217459623, 0.13359646829367358, -0.13472610418097786, -0.03628574296196122] - [-0.001702789436778851, 0.22819014608214613, -0.12282835311250338, -0.1036588806563323] - [0.03886328664094339, -0.11448096648704584, -0.046416389217212826, 0.12203428013236303]
A2: [0.03530737967876144, -0.02927353935476171, -0.07569741021464056, 0.06966334140780278] - [0.10289377067462317, 0.28289672143886446, -0.3926063769037671, 0.0068160169508213065] - [-0.011187115788097972, 0.5390145747957753, -0.3594510304453012, -0.1683764812110813] - [0.09786275147495467, 0.017463268344560075, -0.16885105614358756, 0.053524828069429264]
B1: -7.677933975080798e-09 - 2.0082652614331665e-08 - -8.454349599593629e-09 - 6.0432675393724124e-09
B2: -5.654306109256178e-10 - -1.1995192101000023e-08 - 3.3928873100846546e-08 - -5.783488613092674e-09
