Number: 8485
Error: 7.964020614522298e-16
A1: [0.08043170127410032, -0.18046779416290323, -0.019588840403691583, 0.11962498832578483] - [0.03741549587916492, 0.13359630212402215, -0.1347262701451826, -0.03628590916535262] - [-0.0017027767456736093, 0.22819015877298263, -0.12282834043997533, -0.10365886796861519] - [0.03886321299987415, -0.11448103992149547, -0.04641646281136161, 0.12203420653702948]
A2: [0.03530761784348854, -0.02927330053133438, -0.07569718377004514, 0.06966359067244648] - [0.102893705504687, 0.28289665571586864, -0.39260643993536387, 0.006815948708520524] - [-0.01118710778725885, 0.539014582844323, -0.3594510228722853, -0.1683764727803848] - [0.09786281951136606, 0.01746333669044828, -0.16885099137716225, 0.05352489948534449]
B1: 5.97066009835275e-08 - -2.6537014399232425e-08 - 1.4699579665469732e-08 - -4.528771622635793e-11
B2: 9.493420790474545e-09 - 4.344796191280413e-08 - -2.7658831785996195e-08 - 4.656734331752757e-08
