Number: 6187
Error: 1.1344798802737608e-15
A1: [0.08043162518396413, -0.18046787024442604, -0.019588916402811928, 0.11962491224434568] - [0.03741552639535594, 0.1335963326171338, -0.1347262396899035, -0.03628587866611177] - [-0.0017028110302531034, 0.22819012448914158, -0.12282837467435824, -0.10365890224405588] - [0.03886322985475264, -0.11448102311394875, -0.04641644596723286, 0.1220342233814112]
A2: [0.03530742577833282, -0.029273493127728315, -0.07569736638359097, 0.06966338965589733] - [0.10289372264332135, 0.2828966729998857, -0.3926064233590888, 0.006815966655099108] - [-0.011187080085411963, 0.5390146107114383, -0.3594509966518877, -0.1683764435899712] - [0.09786278946936963, 0.017463306511816528, -0.16885101997523388, 0.05352486795108122]
B1: -1.4933709455300167e-08 - -4.138030022333964e-09 - -1.008406101950584e-08 - -5.287227888938392e-09
B2: -2.6170786797293033e-08 - -3.4797472328533516e-08 - 2.4072155150905013e-08 - 1.1691878609390076e-08
