Number: 8082
Error: 1.053391356095505e-15
A1: [0.08043170204550826, -0.1804677933915964, -0.019588839633180394, 0.11962498909710766] - [0.03741557396009391, 0.13359638014586975, -0.1347261922198763, -0.036285831127701736] - [-0.0017028139204038999, 0.22819012159904517, -0.12282837756027182, -0.10365890513343122] - [0.03886323775433323, -0.11448101523654515, -0.04641643807268635, 0.12203423127607925]
A2: [0.03530731596260201, -0.029273603247177253, -0.07569747079518935, 0.06966327472201822] - [0.10289379598448803, 0.2828967469635096, -0.3926063524244163, 0.006816043453966028] - [-0.011187022080677317, 0.5390146690620936, -0.35945094174899095, -0.1683763824685256] - [0.0978628303744489, 0.017463347602942384, -0.16885098103620913, 0.05352491088805309]
B1: -3.415573392857155e-08 - -1.7585728279439368e-10 - 3.315619263619761e-08 - -1.463879751061423e-10
B2: 9.755485617281138e-09 - -1.3403739238893048e-08 - 2.7282724442866963e-09 - 6.514824822366974e-10
