Number: 4463
Error: 7.38940629129377e-16
A1: [0.06621319779503232, -0.113952063956217, -0.023983934179513288, 0.07172288423585205] - [0.03740262567015377, 0.18819338237419916, -0.14740893346630227, -0.07818699686379081] - [-0.060229455610444814, 0.32895071917506497, -0.12775319216064931, -0.14096840424271181] - [0.039046159172973355, -0.05332268603333416, -0.03741859035861224, 0.05169512045186231]
A2: [-0.009108582961447405, -0.34680319308041935, 0.24945508309337017, 0.10645667236711907] - [0.08003979350217187, 0.03628222221488679, -0.05025014752325819, -0.06607199505783877] - [-0.04245278718209343, 0.23083192670963634, -0.04053121095692367, -0.1478478032768802] - [0.0681346794701459, -0.29346796155721305, 0.14177113300719285, 0.08356174911075451]
B1: -1.2181178679257752e-08 - -1.1506125867407315e-08 - 1.884971900605898e-08 - -2.9048840566442374e-08
B2: 6.972396030336793e-09 - 3.3412081897646823e-09 - -6.271869544178201e-08 - -3.004551781652107e-09
