Number: 5706
Error: 0.02906375125653161
A1: [-0.10107421472405086, -0.29935247175738344, -0.1989464780636098, -0.06308378362432207] - [-0.01409686206624844, 0.12094035709488644, -0.19743272076418536, -0.09559809420026813] - [-0.06845948984597583, 0.2547364785741898, -0.16872521772549437, -0.16077608678941835] - [-0.7081144479245928, -0.7663352117695685, -0.7694182294617898, -0.6160197370702536]
A2: [-0.8921307039322973, -1.0721349650847356, -0.762930166205693, -0.9436871731324801] - [-0.6303786185510887, -0.5577804915168502, -0.8514314362731783, -0.9706080159446893] - [-0.9855719384844559, -0.5567049391836675, -1.090483217942765, -1.2705304779007731] - [-0.8100407381985305, -1.006772997627053, -0.8259436610991268, -0.9831808246788768]
B1: -0.420069232226373 - -0.5607802483615791 - -0.4542528607351994 - -0.45630982063785547
B2: -0.11231870617124154 - 0.00866944294831351 - -0.2783716204434938 - -0.1858422211590157
