Number: 1747
Error: 8.030001668302457e-07
A1: [-0.006664796500926844, -0.014478061838379866, 0.0035621971748765577, 0.019968220375894626] - [0.06592093228692071, 0.1890158792078193, -0.14767651132629664, -0.1108683339854923] - [-0.11169059995727128, 0.4426485375955131, -0.06989487418836346, -0.25712446474863626] - [-0.022711279366146753, 0.01598553875585633, -0.02930076812331641, 0.039609807370739186]
A2: [0.13189497477949025, -0.2243075549015547, 0.022977164361051385, 0.07046638324579166] - [0.03209097700640946, 0.2032053524208263, -0.11544071353718593, -0.12199637243060805] - [-0.09287155172135919, 0.55730576130476, -0.23343195035283237, -0.2238627931634525] - [-0.020878189754895367, -0.019325068172053757, 0.008055481094920826, 0.03211960588325141]
B1: 0.0003378027380890014 - 2.277148396532308e-05 - 0.00011308436617139068 - 0.0005497054350031185
B2: -0.0008131487350792506 - -0.0005402300345299832 - -0.0005862991482393074 - -0.0005234588227938219
