Number: 2405
Error: 1.463046753648093e-05
A1: [0.05687013568862754, -0.05520386187716623, -0.030883652917700816, 0.0009148175603564141] - [0.04527658573673234, 0.1925855461449114, -0.14124022092753094, -0.09067869096893576] - [-0.1246118074918536, 0.41431511209167426, -0.10582638116875737, -0.18815813612828872] - [0.043017726581241214, 0.025566318643313136, -0.02703359812095299, -0.01687039665534575]
A2: [0.03885930103796627, -0.19814597049070848, 0.06232433471839211, -0.00010061402724699216] - [0.035321907132182674, 0.20629492424930596, -0.09572622260566062, -0.12201919412713161] - [-0.08390018175529679, 0.5236995976024378, -0.21520316396230377, -0.18504591688708114] - [-0.04730796402931712, -0.002765056857320125, -0.07106405286392764, 0.036276075708910685]
B1: 0.005391758017789714 - 0.0035308210680390986 - -0.011252181528735918 - 0.0012075957710226356
B2: -0.003114892096434319 - -0.0004150421930762488 - 0.0024751906166453055 - 0.004754333700288356
