Number: 554
Error: 3.201033589935766e-13
A1: [-0.012153424326353175, -0.014517201415159185, 0.018087249700585423, 0.008583064764168362] - [0.0658356977823186, 0.18949570567003116, -0.14532209221894152, -0.11000804596130807] - [-0.09629271425117399, 0.4217864376385754, -0.05345694284146574, -0.2720353150559032] - [-0.0013190432073386159, -0.018216881888121893, -0.003832495284414799, 0.023379583522852434]
A2: [0.16158727171431456, -0.16775423273496265, 0.008501873692637739, -0.0023325324318969093] - [0.03548573345251666, 0.2075167315405329, -0.11721041433138839, -0.1257920198402037] - [-0.08621347119969741, 0.5815381937546842, -0.23538865513074408, -0.25993549651468456] - [-0.0038346591631996823, -0.004518986791858548, 0.0011105618635192935, 0.007243687569996549]
B1: -5.778508053452622e-07 - -3.9829308897474813e-07 - -1.9005043991851193e-07 - -2.7746625708991645e-07
B2: 1.92183254787022e-07 - 5.495587509449996e-07 - -7.482479462537037e-07 - 5.368739105437375e-07
