Number: 2398
Error: 1.2571317153759348e-06
A1: [0.07695266306391017, -0.03544116851904865, -0.011192051358924107, 0.02085291121415574] - [0.05030707712895113, 0.19738462491198713, -0.13613708056486407, -0.08513859315315109] - [-0.13073038389378028, 0.40836035192563697, -0.11175704553656197, -0.19428133370297854] - [0.027748445663004547, 0.01057983087830596, -0.0419023571866422, -0.03204930767936524]
A2: [0.04520671810764395, -0.19184961846080778, 0.06867916132432098, 0.006219060628227758] - [0.037492536789812646, 0.2084197830364766, -0.0935876995160994, -0.11991286807448011] - [-0.08910876700919818, 0.5186215096821041, -0.2204889276049568, -0.19022136655572655] - [-0.043911165946080584, 0.0006010022941613687, -0.06761871834708219, 0.039631418589344915]
B1: 0.00215100424960023 - 0.006550670658189629 - -0.009364265633128584 - -0.0023761335287422795
B2: -0.00308787722379449 - 0.0005472463345345811 - -5.8265239193769336e-05 - -0.0032238635036279956
