Number: 421
Error: 5.778581591826834e-12
A1: [-0.012149725022313452, -0.014513401299065108, 0.018091339153547988, 0.008587018510169075] - [0.06584436184527086, 0.18950404020521666, -0.14531313427985057, -0.10999839945438121] - [-0.09626224518767389, 0.4218158862900673, -0.053423879616078196, -0.2719998164881332] - [-0.001289192004566867, -0.01818817259204568, -0.0038007189011790474, 0.023414087232428955]
A2: [0.16159717643357072, -0.16774451481698927, 0.008511579158061404, -0.002322876223841278] - [0.035480176453705006, 0.2075112638298453, -0.11721594801561043, -0.125797456008282] - [-0.08620639085707396, 0.5815451291234208, -0.2353817652814595, -0.25992859178922617] - [-0.0038334397090816147, -0.0045177874270026725, 0.0011117692495548153, 0.007244854638053894]
B1: 7.063192374140514e-07 - 3.3655453531988603e-06 - -3.630884830138418e-06 - 2.593460364829792e-06
B2: 1.0972755852950664e-06 - -8.327561783147366e-07 - -1.3453535091081412e-06 - -5.115266146484345e-07
