Number: 4939
Error: 1.1244316171972718e-15
A1: [0.06621322011989518, -0.11395204213019883, -0.023983911872152396, 0.07172290652325143] - [0.0374026537254793, 0.1881934091791914, -0.1474089058857575, -0.07818696928081009] - [-0.060229372684113686, 0.3289507988212987, -0.1277531110137682, -0.14096832353214286] - [0.0390461470237323, -0.05332269756491203, -0.03741860211253533, 0.05169510879330791]
A2: [-0.009108564309974861, -0.3468031732941475, 0.24945510189570413, 0.10645669192218209] - [0.08003980943555941, 0.03628223937973848, -0.05025013010887778, -0.0660719774956484] - [-0.04245277798856019, 0.2308319368561486, -0.04053120110467466, -0.14784779310929946] - [0.06813479939588063, -0.29346782951388994, 0.14177126301797216, 0.08356188356948019]
B1: 2.1848506346831554e-08 - -3.305551874542635e-08 - 1.0716991401769409e-08 - 1.520909120997767e-08
B2: 2.3083104822657664e-08 - 5.305700447146774e-08 - -1.5576406219173706e-08 - -2.72603346382524e-08
