Number: 9112
Error: 2.97880713542383e-05
A1: [0.038225241244670034, -0.16335355917481345, -0.0416503181139384, 0.10646420478612625] - [-0.007890031629821487, 0.11772448383470954, -0.12657073110593922, -0.03554583460396943] - [-0.008336708526419694, 0.2296709270206297, -0.12036202176364588, -0.07462194443607878] - [0.011630224803299909, -0.11551321563366276, -0.06435941944623352, 0.10691755316525368]
A2: [0.07041597997584287, -0.09131790880886421, -0.14142065010072277, 0.08864486143815625] - [0.11213256910555165, 0.25298228169256237, -0.40150899464159934, 0.04945333660687867] - [0.053166885410415275, 0.47941814256992477, -0.3609853927166028, -0.10477738724466715] - [0.15730515997122985, -0.030867634377469155, -0.1880413329677953, 0.11654074704950829]
B1: -0.007266988566757445 - -9.768868302563634e-05 - -0.00391941420400427 - 0.0016540885572592658
B2: 0.006975910162987486 - -0.001052402450280986 - -0.0005299717524875013 - 0.0027952294707106282
