Number: 6026
Error: 2.485171901577816e-13
A1: [0.08043345574346149, -0.1804660398969882, -0.019587088034423425, 0.11962674259319911] - [0.0374189690261553, 0.1335997726251222, -0.13472280394051375, -0.03628243795523209] - [-0.0017001887666871413, 0.22819274671298598, -0.1228257562337255, -0.10365628067054877] - [0.038865703357356, -0.11447855654832365, -0.04641397403527361, 0.12203669534980671]
A2: [0.03530745000803987, -0.02927346884169261, -0.0756973433321972, 0.069663415022091] - [0.10289433205175633, 0.28289728758257066, -0.3926058339526525, 0.006816604793803102] - [-0.011183351640780348, 0.5390183614078085, -0.35944746760348384, -0.16837251479466564] - [0.0978647919397624, 0.017465318094492466, -0.1688491137504035, 0.05352696989732249]
B1: -1.1280366578098733e-06 - 2.14372711272157e-06 - 3.5646218288661726e-07 - 1.563881744916538e-08
B2: -1.2604883544206784e-06 - -1.7778846471652272e-06 - 2.903728698872911e-06 - 1.2569446781795067e-07
