Number: 358
Error: 2.4653042300306074e-10
A1: [-0.012117481483445514, -0.014480280154951626, 0.018126979764267886, 0.008621484576010623] - [0.06587801464014649, 0.18953641285540673, -0.14527834159062036, -0.10996093039172393] - [-0.09623697021880073, 0.42184031587226156, -0.05339644877186892, -0.27197037307631733] - [-0.0012166165953142749, -0.018118376120319097, -0.003723457914608337, 0.02349796926838131]
A2: [0.1615976023635755, -0.1677441041730736, 0.00851199220975897, -0.002322467336424043] - [0.03550154683230029, 0.2075322887893632, -0.11719466936632014, -0.12577655103749785] - [-0.08621967871395031, 0.5815321094642005, -0.23539470068490348, -0.2599415596543245] - [-0.003844298857656785, -0.004528463642954332, 0.0011010293738763736, 0.007234471320237985]
B1: -4.784816610445616e-07 - 4.168372898342772e-05 - -4.689115921676718e-06 - 1.8546059659994666e-06
B2: -6.222899802379023e-05 - 5.932588427173346e-06 - 3.4023275245207305e-05 - 3.7033137854527655e-05
