Number: 1770
Error: 3.5131127901638836e-07
A1: [-0.007737608561357881, -0.015565395375471846, 0.002436923432641925, 0.01887049035780689] - [0.06686517565783703, 0.18992691512982934, -0.14670193309794607, -0.10981728503245916] - [-0.11186425349777823, 0.44247935678708517, -0.0700963444728463, -0.25730311575614645] - [-0.023007896652142774, 0.015698905599067586, -0.02962509443256136, 0.039305774640973914]
A2: [0.12802106644833752, -0.22813149546846073, 0.01917522543574796, 0.06669063547217503] - [0.03323206836594695, 0.20432915604318896, -0.11430566194936113, -0.12088167024060795] - [-0.09387029111981011, 0.5563133502431048, -0.23439905033076644, -0.2248244122412259] - [-0.026399480940823363, -0.024779802526097554, 0.0025821923349377486, 0.026821127402603246]
B1: 0.0002858868419861666 - 0.0014705954898844987 - -0.0012509728702561175 - 0.0008699302519392538
B2: 6.175092793767923e-05 - -0.0009716034431700708 - 0.0006282044393411999 - 0.0007274562630262464
