Number: 9357
Error: 3.221439801468175e-11
A1: [0.053161104520749264, -0.14801271807312508, -0.027010478780076445, 0.12181637344417577] - [0.005314830095777896, 0.13083780254195193, -0.11359963505387691, -0.02254865297807693] - [-0.01441688144559741, 0.2231192267590674, -0.12701360542081666, -0.08157832644595091] - [0.027132077764971747, -0.10003441852195563, -0.04943891939054795, 0.1222837041438698]
A2: [0.08925043290400812, -0.07291739197202177, -0.12363136056500665, 0.10728230499383634] - [0.10882848588993699, 0.2498009381692631, -0.4048582714432975, 0.04617601642837183] - [0.03661822791523689, 0.4625375073171147, -0.37773472414756365, -0.12149115488463876] - [0.14339592883128593, -0.04463701253424082, -0.20152932105883872, 0.10264890634460952]
B1: -2.179141327112041e-06 - -5.471321612709796e-06 - -1.2120555613634219e-06 - 6.321092376811907e-07
B2: -8.093295895405861e-06 - -1.3680067228453295e-05 - 6.673876066921195e-06 - -7.470016336684406e-06
