Number: 3825
Error: 1.1449741568300898e-15
A1: [0.06621317788394905, -0.11395208342233104, -0.02398395407495775, 0.07172286435819304] - [0.03740262240212664, 0.18819337925181548, -0.14740893667904165, -0.07818700007679596] - [-0.06022917219954458, 0.32895099137561784, -0.12775291483146203, -0.14096812840522482] - [0.039046055407617714, -0.05332278452353683, -0.03741869074814686, 0.05169502087745026]
A2: [-0.009108588827393595, -0.3468031993032976, 0.24945507718001325, 0.10645666621700361] - [0.08003977817171347, 0.03628220569954264, -0.05025016427863182, -0.06607201195550448] - [-0.042452848099433234, 0.23083185947747573, -0.04053127623839056, -0.14784787064923005] - [0.06813473931293719, -0.29346789566778514, 0.1417711978825085, 0.08356181620546435]
B1: -2.203022834846161e-09 - 2.6889399997417028e-08 - 3.240457786249714e-09 - 6.006165063353647e-09
B2: -7.918882988652883e-11 - 4.449771095903303e-09 - 6.528352553232587e-09 - 3.72998691656552e-08
