Number: 4410
Error: 1.5049794605753389e-15
A1: [0.06621314623747566, -0.11395211436163752, -0.023983985696607757, 0.07172283276482537] - [0.03740263030638339, 0.188193386803804, -0.14740892890853313, -0.07818699230562026] - [-0.060229393787573526, 0.3289507785525495, -0.12775313166442534, -0.14096834407187314] - [0.03904610953825687, -0.05332273314475146, -0.03741863837855149, 0.0516950728218309]
A2: [-0.0091084741835305, -0.3468030776840909, 0.2494551927514278, 0.10645678641478871] - [0.08003989074310966, 0.03628232697120667, -0.05025004124447782, -0.06607188787661906] - [-0.04245278610236866, 0.23083192790129162, -0.040531209799843954, -0.14784780208274195] - [0.0681346276515949, -0.2934680186116645, 0.1417710768309098, 0.08356169101261202]
B1: -5.666986391548781e-08 - 5.354297264531533e-08 - 2.2202252825930994e-08 - -4.005703537244674e-08
B2: -3.625440963981795e-08 - 2.615518974616127e-08 - -6.218149580790499e-09 - -8.759106968563213e-10
