Number: 6429
Error: 8.088549522836018e-16
A1: [0.08043170238565739, -0.18046779305148025, -0.019588839293430953, 0.11962498943721885] - [0.037415600077336374, 0.13359640624334349, -0.134726166154737, -0.036285805024949984] - [-0.0017028080384884608, 0.22819012748083964, -0.12282837168697303, -0.10365889925309199] - [0.03886322395808101, -0.11448102899407525, -0.046416451860145806, 0.12203421748840189]
A2: [0.035307441261934476, -0.029273477601298694, -0.07569735166199333, 0.06966340586117514] - [0.10289376071208109, 0.2828967113917408, -0.39260638653949026, 0.006816006518670738] - [-0.011187084314759977, 0.5390146064568616, -0.35945100065505287, -0.16837644804658042] - [0.0978628113565457, 0.017463328498551225, -0.16885099914007154, 0.05352489092550602]
B1: -2.6714335774793786e-10 - 8.890093513963365e-09 - 4.723132455182141e-09 - 2.457298948695367e-09
B2: 9.682622165509924e-09 - 3.493326473206359e-09 - 8.195159952445851e-09 - -7.793453304990695e-09
