Number: 4862
Error: 1.000323222554026e-15
A1: [0.06621320852892006, -0.11395205346216304, -0.023983923454035553, 0.0717228949517189] - [0.0374025953521683, 0.18819335340743543, -0.14740896327120506, -0.078187026671333] - [-0.06022950075405675, 0.32895067581709325, -0.12775323633551136, -0.14096844817984477] - [0.03904627199503152, -0.053322578946766626, -0.0374184812069129, 0.05169522871721883]
A2: [-0.00910849106225541, -0.3468030955898985, 0.24945517573604342, 0.1064567687183206] - [0.08003991975094397, 0.036282358220921795, -0.05025000954055472, -0.06607185590355502] - [-0.042452729355043184, 0.23083199053100673, -0.04053114898715303, -0.1478477393225659] - [0.06813493149098344, -0.2934676840717313, 0.14177140622155485, 0.0835620316721355]
B1: -3.1507123196675824e-08 - 9.838717660704822e-09 - -2.038485725311011e-08 - 1.2797475586787614e-08
B2: -5.403405291386155e-08 - -2.621575840503547e-08 - 1.4824558906451837e-09 - 1.5509232346589072e-08
