Number: 523
Error: 3.6880890230919463e-13
A1: [-0.012149398707388057, -0.014513066692751542, 0.018091699227342523, 0.008587366607738718] - [0.0658359786563558, 0.1894959758585628, -0.1453218018200298, -0.11000773323639962] - [-0.09629328832025305, 0.4217858828128971, -0.05345756577379108, -0.27203598387382727] - [-0.0013226846332500017, -0.018220383904026066, -0.003836371464035578, 0.023375374637978574]
A2: [0.16158623291151203, -0.16775525197308797, 0.008500855837528748, -0.002333545113018843] - [0.03548577996007183, 0.2075167773014802, -0.11721036801803535, -0.12579197434202086] - [-0.0862137702642239, 0.5815379008193171, -0.2353889461333737, -0.259935788147055] - [-0.0038350040508535388, -0.004519325949244332, 0.0011102205045175845, 0.0072433576016385755]
B1: 3.035315620236092e-07 - 4.3431981100348405e-07 - -1.0319284601601234e-07 - -2.7741352008034537e-07
B2: -1.4828544015336774e-06 - -1.0662830569527798e-07 - 9.889635773990665e-07 - 1.0802413111036653e-06
