Number: 2664
Error: 1.900271292064716e-09
A1: [0.06397415091173154, -0.047335281423969436, -0.022909338423009455, 0.008390926594378904] - [0.044139206778252026, 0.1917313551945098, -0.14207293674897847, -0.09198725749895185] - [-0.12283475095785905, 0.4154723068458793, -0.10424070732131825, -0.1864559560080525] - [0.03705787810159699, 0.019222789597137187, -0.03307681687401202, -0.022996492190301566]
A2: [0.06354394980378271, -0.17358373340233724, 0.08643006340231127, 0.024061519537342712] - [0.02954277232155067, 0.20054762908643217, -0.10145846912331412, -0.12762571568009687] - [-0.09289894989567948, 0.5141839036928391, -0.22509551283327606, -0.19460229009643043] - [-0.02537850214073781, 0.019067331685226122, -0.04974193576867923, 0.05751240094254261]
B1: -4.347998437957194e-05 - 0.00012223569880857453 - -7.069778969276836e-05 - -3.1154681984199514e-05
B2: 4.6952632510772945e-05 - 2.5098296977429305e-05 - -0.00013069125935642569 - 0.00010141930367767072
