Number: 9172
Error: 2.8655707585573586e-07
A1: [0.0536631315205698, -0.1475120733798807, -0.026522933839030875, 0.12232879134038772] - [0.0071044910585734925, 0.1326308397374328, -0.11182574577539689, -0.02074841582398285] - [-0.014217796800838947, 0.2233333711672708, -0.12681340309888461, -0.08135621233377788] - [0.028836755101440018, -0.0983312697769549, -0.04773801931851844, 0.12400047240165299]
A2: [0.08769539414296526, -0.07448853689942214, -0.12513916431779787, 0.10571138160852446] - [0.10805064110546914, 0.24902056260661198, -0.40562255458698065, 0.04538671454456097] - [0.0390170982215436, 0.4649186172684785, -0.3753998855861798, -0.11906835864509331] - [0.13970752179934454, -0.04830755961908049, -0.20512473217435917, 0.09890739697629007]
B1: 0.0012815974145814484 - -0.00016867786775965336 - -0.0007418981794050639 - 0.0006074720417617609
B2: 0.00041270394511946104 - 4.250572642803668e-05 - 0.00032293248590301135 - 4.4621299479375006e-05
