Number: 3847
Error: 1.2889871655541756e-15
A1: [0.06621311248269922, -0.11395214736206995, -0.023984019424881396, 0.0717227990667046] - [0.03740255558635097, 0.18819331541388687, -0.1474090023640671, -0.0781870657676312] - [-0.060229442226482376, 0.3289507320297288, -0.1277531790638317, -0.1409683912164016] - [0.03904627099641136, -0.053322579894854685, -0.0374184821732421, 0.05169522775876542]
A2: [-0.009108592399042967, -0.346803203092262, 0.24945507357946473, 0.10645666247232194] - [0.08003984115390968, 0.036282273549432004, -0.050250095442639864, -0.06607194253502187] - [-0.04245277783606767, 0.23083193702455093, -0.04053120094133976, -0.14784779294053668] - [0.06813480484461447, -0.29346782351448747, 0.14177126892522934, 0.08356188967866009]
B1: 9.312083240730296e-10 - -3.1411104679425875e-08 - -1.8784134239543145e-08 - -2.792255860658786e-08
B2: -3.592529637808337e-08 - -3.364914815705107e-08 - 1.0114023886725122e-07 - -1.1108712487427177e-07
