Number: 5628
Error: 8.050309811380996e-07
A1: [0.06618904944859749, -0.11397431618054803, -0.024007961837788416, 0.07169818506543098] - [0.0380646262136336, 0.1888255742004871, -0.1467586782246294, -0.07753798317528897] - [-0.05958963327075974, 0.3295669566429518, -0.12712634348837146, -0.14034464009113795] - [0.03985147124336219, -0.052556713483392775, -0.03663846910734807, 0.05246916613331942]
A2: [-0.008708791445516135, -0.34638084018464005, 0.2498580310717308, 0.10687628356767712] - [0.07995145822578083, 0.03618754297627645, -0.050346800913559996, -0.06616920961149164] - [-0.04192835487937592, 0.2314105069276339, -0.0399706546395089, -0.147268629738602] - [0.06967250948246423, -0.2917744312586256, 0.14343562761819986, 0.08528401877278378]
B1: -0.0008250655255686477 - -0.0003889093687144839 - -0.0006309295727270311 - -0.0009703768099360462
B2: 0.00028393161756909814 - 0.00019309239197104553 - 9.942423199095561e-05 - -3.6765117300053586e-07
