Number: 9198
Error: 2.3320979759154906e-07
A1: [0.05325405246960083, -0.1479232728572244, -0.0269197130805534, 0.12190753915855022] - [0.007482447985068629, 0.1330115728219451, -0.1114299288329504, -0.020372366386906125] - [-0.014147966783198507, 0.22339047565662631, -0.126744961581129, -0.08130545356340732] - [0.026500999410810612, -0.1006679251755445, -0.05007305631131145, 0.1216508833842736]
A2: [0.08683442033335682, -0.07532712079529397, -0.1259868906869806, 0.10484053678318248] - [0.10765082999229719, 0.24861656991250594, -0.40601533601276724, 0.04497955237970566] - [0.033727448058553794, 0.45965501181685203, -0.3805546880199734, -0.12440909057024256] - [0.14276538603953662, -0.04526781294175972, -0.20214520371531827, 0.10200913183935158]
B1: -0.0001232806912749826 - 0.0002988240879557324 - 0.0003044584503360075 - 0.00027957372410680585
B2: 0.0001671197265813988 - -0.000551562063225026 - -0.00032789293846162523 - 1.2610750001263137e-05
