Number: 9748
Error: 6.014771462346951e-16
A1: [0.05317255667270986, -0.14800126444097877, -0.02699904079549128, 0.12182782851763527] - [0.005313786634827135, 0.13083676115648585, -0.11360067696464295, -0.022549696464118515] - [-0.014444522602570911, 0.22309157478664632, -0.12704122558640318, -0.08160597904139112] - [0.027146531996455378, -0.10001996613755246, -0.0494244363470967, 0.12229819248722482]
A2: [0.08925480494793571, -0.0729130274569926, -0.12362708489601187, 0.10728673095479778] - [0.10884179839102832, 0.24981425071557545, -0.40484522131962836, 0.04618955085109227] - [0.03663570515082782, 0.4625548938189822, -0.3777176713203358, -0.12147349664238416] - [0.14342652159947758, -0.04460653525200895, -0.2014994491643114, 0.10267995220475522]
B1: -8.469409012401488e-09 - -1.3067460049367438e-08 - -1.0096473283685062e-07 - -1.9809107875352925e-08
B2: -3.207503009069786e-08 - -1.65181875891136e-08 - -5.549805956201534e-08 - -1.744183078894476e-08
