Number: 3934
Error: 9.619611828905975e-16
A1: [0.06621318475205229, -0.11395207670770614, -0.023983947212239513, 0.07172287121477448] - [0.03740258841190438, 0.18819334677647118, -0.1474089700940296, -0.07818703349473999] - [-0.06022944800676132, 0.32895072647806917, -0.12775318472006714, -0.14096839684223006] - [0.03904621439746525, -0.053322633616405685, -0.03741853693081291, 0.05169517344581886]
A2: [-0.009108495882074536, -0.3468031007027991, 0.24945517087736496, 0.10645676366513648] - [0.08003980557092978, 0.036282235216357366, -0.05025013433282485, -0.06607198175543935] - [-0.04245283894914529, 0.23083186957629914, -0.040531266432576304, -0.14784786052936835] - [0.06813458151287209, -0.2934680694126587, 0.1417710268119116, 0.08356163928227002]
B1: 2.7291315477672128e-08 - -3.446753807230774e-08 - 3.4050984671144173e-08 - -3.6089293468005383e-09
B2: -3.97418498947623e-09 - -9.687973291707139e-09 - 3.0491409692642696e-08 - -9.67552522684361e-09
