Number: 4865
Error: 8.990411231523707e-16
A1: [0.06621323157547526, -0.11395203093061668, -0.023983900425566185, 0.07172291795959598] - [0.03740260670433409, 0.18819336425366257, -0.14740895211115446, -0.07818701551029579] - [-0.06022945813727939, 0.32895071674819115, -0.1277531946332299, -0.14096840670185828] - [0.03904624592433531, -0.05332260369210817, -0.037418506429453116, 0.05169520369947799]
A2: [-0.009108518953509592, -0.34680312517810996, 0.24945514761912896, 0.10645673947589976] - [0.08003991707195424, 0.03628235533488465, -0.05025001246853453, -0.0660718588563978] - [-0.04245274518821879, 0.23083197305657, -0.04053116595458158, -0.14784775683342288] - [0.068134908953726, -0.29346770888618007, 0.14177138178904017, 0.08356200640376962]
B1: -2.6164340059674687e-08 - 8.054960879372947e-09 - -2.0144530743092788e-08 - 9.649890174973148e-09
B2: -5.2412766931003564e-08 - -2.4223573537216646e-08 - 1.596956988674788e-08 - 5.039555471905535e-09
