Number: 2294
Error: 0.00017571723768706468
A1: [-0.028827559174326996, -0.13149602616568187, -0.10958659151150937, -0.07863905430577073] - [0.06435785435780819, 0.20818374880204557, -0.12659168619885408, -0.07267660281747548] - [-0.20732957810559977, 0.3448723486130645, -0.1788263638629088, -0.2609014275418894] - [-0.0635916103197259, -0.067198781990466, -0.11749423785663868, -0.11302346465676145]
A2: [-0.010095159019941992, -0.2523306094971543, 0.01674834609385765, -0.0492834998800777] - [0.06833636796378542, 0.23863109087152648, -0.06219155398326516, -0.09013043431760846] - [-0.06436469202875374, 0.5461136572846019, -0.1934491850078903, -0.16981548615155148] - [-0.013527710462734637, 0.03343187517355796, -0.03689675479751668, 0.06849584047781711]
B1: -0.009931825057374987 - 0.008534755258242675 - -0.02946048953224408 - 0.029388132086663927
B2: 0.00444155803343034 - -0.027367542514449113 - 0.015157845554628693 - 0.012778438829276234
