Number: 511
Error: 1.0521979083734242e-13
A1: [-0.012154619685276197, -0.014518429177040562, 0.01808592845771882, 0.00858178738203496] - [0.06583533470167821, 0.18949535640111106, -0.14532246761330225, -0.1100084502159332] - [-0.09629226884654292, 0.4217868681178474, -0.05345645952255051, -0.27203479613561277] - [-0.0013211902256065502, -0.01821894670606563, -0.0038347807141168766, 0.023377101924369138]
A2: [0.1615873630112301, -0.16775414315417084, 0.00850196315639723, -0.0023324434164894853] - [0.03548544967229268, 0.207516452321886, -0.1172106969216554, -0.12579229744781054] - [-0.08621414875399289, 0.5815375300878379, -0.2353893144178083, -0.25993615723239744] - [-0.0038349924314607458, -0.004519314520563715, 0.0011102320074645284, 0.007243368722855442]
B1: -1.7604048493318386e-07 - 6.638797137101445e-07 - -2.2747221663325208e-07 - 2.405153640317435e-07
B2: 1.0620341874483055e-06 - 1.9296179793445787e-07 - -2.7849938565290406e-07 - -4.184005972371986e-07
