Number: 7472
Error: 8.665651923622957e-16
A1: [0.08043172895122289, -0.18046776648893015, -0.019588812759637482, 0.11962501599974597] - [0.03741562857858999, 0.13359643472302402, -0.13472613771027186, -0.036285776539486954] - [-0.0017027739358056767, 0.22819016158279187, -0.1228283376342222, -0.10365886515950658] - [0.03886327588427219, -0.11448097721361566, -0.046416399967053754, 0.1220342693823129]
A2: [0.03530749758486218, -0.02927342112258107, -0.07569729811083815, 0.06966346480918549] - [0.10289375006283082, 0.2828967006521186, -0.3926063968392948, 0.006815995367354743] - [-0.011187083011016015, 0.5390146077683698, -0.35945099942100367, -0.16837644667280954] - [0.09786281439772339, 0.017463331553564086, -0.16885099624505998, 0.05352489411774429]
B1: 7.713529259234065e-09 - 4.585145146654035e-09 - -1.3256614096182888e-08 - 2.173989148615087e-09
B2: 8.250719138703222e-10 - 3.1327805716692057e-09 - -9.266617176318117e-10 - 1.921778888717955e-10
