Number: 2840
Error: 6.291947738856056e-09
A1: [0.0633535811194209, -0.047952452204062385, -0.023523543854033074, 0.0077752515786027165] - [0.04345903758775444, 0.1910751183531012, -0.1427730859784608, -0.09273468812642127] - [-0.12308213937803272, 0.4152225483190185, -0.10449495162936562, -0.186710531879391] - [0.037364349199351964, 0.019528570872376777, -0.032772297603800696, -0.02269359271572857]
A2: [0.06355011627468382, -0.1735779195785, 0.08643119626837764, 0.024064539787424153] - [0.029539658804587303, 0.200544692281359, -0.10146122943739455, -0.12762853370440547] - [-0.09316662097787991, 0.5139206300268171, -0.225362111714207, -0.19486220717937316] - [-0.025916165052003177, 0.018531529967476548, -0.05027598746945887, 0.056988280782342526]
B1: -7.330740677564105e-05 - 9.050685601958402e-05 - -0.00013804561046928002 - 1.4996027337463175e-05
B2: -2.5204199620762003e-05 - -9.094941720721119e-05 - 4.7601816175887055e-05 - 0.0001410956637967132
