Number: 6435
Error: 1.2068433892527114e-15
A1: [0.08043170396257147, -0.1804677914747448, -0.019588837718402412, 0.11962499101395281] - [0.0374156015446992, 0.13359640770959572, -0.1347261646902979, -0.036285803558399984] - [-0.001702807750257655, 0.22819012776906428, -0.12282837139916424, -0.10365889896493813] - [0.03886322294178946, -0.11448103000751468, -0.04641645287578977, 0.12203421647274197]
A2: [0.03530744141860315, -0.02927347744419668, -0.0756973515130348, 0.06966340602514598] - [0.10289378120566801, 0.2828967320592598, -0.39260636671836485, 0.006816027978457153] - [-0.011187067522016826, 0.539014623349767, -0.35945098476036375, -0.16837643035147215] - [0.09786281711248153, 0.017463334280669006, -0.1688509936607955, 0.05352489696736739]
B1: -2.2575544849168484e-09 - 1.601134726214853e-08 - 8.510038698870413e-09 - 2.921558458014671e-09
B2: 1.2896291697104918e-08 - 6.063726185695189e-09 - 1.1619378219505964e-08 - -6.434650331135522e-09
