Number: 9924
Error: 6.806162263478778e-16
A1: [0.05317251408989512, -0.14800130703939537, -0.02699908333133026, 0.12182778591431982] - [0.005313775070125713, 0.13083674957971317, -0.11360068852746376, -0.022549708045062736] - [-0.014444484764920497, 0.22309161263821564, -0.1270411877786812, -0.0816059411902129] - [0.027146285092269233, -0.10002021304147556, -0.049424683772236834, 0.12229794495556073]
A2: [0.08925445681920713, -0.07291337478056746, -0.12362742518108716, 0.10728637853334859] - [0.10884184221042795, 0.24981429454273707, -0.40484517836814343, 0.04618959540775261] - [0.03663591309278192, 0.4625551006788849, -0.37771746844180343, -0.12147328654374376] - [0.1434264075163846, -0.044606648910149725, -0.2014995605565425, 0.10267983642903424]
B1: -2.72578083877337e-08 - 3.310932790454304e-08 - 4.534075209096284e-08 - 3.514955634974255e-08
B2: 3.91273040784542e-08 - 6.278293206717007e-09 - 4.057559451747023e-08 - -1.355578963355775e-08
