Number: 8387
Error: 8.430950661640597e-16
A1: [0.08043170649203928, -0.18046778894557228, -0.019588835192004047, 0.11962499354311124] - [0.03741553344825797, 0.1335963396647148, -0.1347262326509169, -0.03628587161704185] - [-0.0017028299831533616, 0.22819010553663832, -0.12282839359950627, -0.10365892119188837] - [0.03886326117440413, -0.11448099188218357, -0.046416414667547604, 0.12203425468159623]
A2: [0.03530737049624961, -0.029273548562651828, -0.07569741894523244, 0.0696633317973494] - [0.10289381557016938, 0.282896766715431, -0.3926063334813533, 0.006816063962980673] - [-0.011187075436822548, 0.5390146153876799, -0.3594509922518224, -0.16837643869168278] - [0.09786283958805865, 0.01746335685843511, -0.16885097226541715, 0.05352492055929392]
B1: -1.1099961882335445e-08 - -3.2331128875709135e-09 - 6.8152754990670704e-09 - 2.5640352627509516e-08
B2: 2.336633459451478e-08 - -2.8888409479102986e-08 - 6.537811528401903e-09 - 2.7187001985719314e-08
