Number: 5764
Error: 0.0001891018937712475
A1: [0.06520952986542088, -0.2029774846362269, -0.039462590710226765, 0.10112306031577509] - [-0.00395975568751979, 0.07708734110418301, -0.18583234188471334, -0.08446811592284711] - [-0.010052218653882276, 0.22730815856632483, -0.12861403423902873, -0.11020993375670174] - [0.12319144179306779, -0.02126260189582789, 0.043808760291215956, 0.21011197388769218]
A2: [0.09170857649031247, 0.023847737072293825, -0.011581958872615825, 0.13766911171744337] - [0.09968137933623736, 0.28259096760798175, -0.40272218908752694, -0.004697841801851552] - [0.004857898054555363, 0.5566177196909798, -0.3421756915171726, -0.15492453977235038] - [0.12099085715854532, 0.04081865035800938, -0.14268596115038423, 0.07758305670520067]
B1: -0.0240106012217429 - 0.010496693591595451 - -0.013642037045191811 - -0.015166192794959994
B2: -0.02654554492639616 - -0.04105322854088082 - 0.01940712738844627 - -0.007094245190205262
