Number: 602
Error: 4.774880056424566e-14
A1: [-0.012153942555822177, -0.014517733692054327, 0.018086676898010953, 0.00858251097394734] - [0.06583517551776094, 0.18949520327352348, -0.14532263219499028, -0.11000862745067466] - [-0.09629349797722503, 0.4217856801798001, -0.05345779328128008, -0.27203622813694134] - [-0.001322270073750807, -0.01821998522206737, -0.0038359301820782912, 0.023375853797903422]
A2: [0.1615866638323199, -0.1677548291675012, 0.008501278067627608, -0.002333125035285509] - [0.035485779207440324, 0.20751677656017825, -0.11721036876813785, -0.12579197508023718] - [-0.08621361671279525, 0.5815380512253878, -0.2353887967181003, -0.2599356384126172] - [-0.003834403527726153, -0.004518735405901832, 0.001110814881302272, 0.007243932144804596]
B1: 1.5155756610861268e-07 - 2.922036747893454e-07 - 1.3861465583422408e-07 - 2.5085235878458134e-07
B2: -5.087988975846046e-07 - -1.1634920165656055e-07 - 1.1382558354065641e-06 - -4.7072850996100565e-07
