Number: 7763
Error: 7.677337627996975e-16
A1: [0.08043170910676065, -0.18046778633114582, -0.01958883258035698, 0.11962499615755821] - [0.03741556957502971, 0.13359637576411798, -0.13472619659625149, -0.03628583551035631] - [-0.0017028035021469437, 0.22819013201707997, -0.12282836715726617, -0.10365889471795386] - [0.03886324785415162, -0.11448100516507538, -0.04641642797929859, 0.12203424136962093]
A2: [0.035307430601376456, -0.029273488291331567, -0.0756973617979268, 0.06966339470375081] - [0.10289370940822576, 0.2828966596524791, -0.39260643615991336, 0.0068159527960682] - [-0.011187094532706608, 0.5390145961779557, -0.3594510103265277, -0.16837645881362345] - [0.09786280369082577, 0.017463320797964033, -0.1688510064373333, 0.053524882878988975]
B1: -1.5026192244950308e-08 - -2.9777594622922465e-08 - -1.341078784681908e-08 - -1.4419864717375077e-08
B2: -3.2642298647040916e-08 - 2.987858694799011e-08 - -2.8375918638798595e-08 - -2.6206899243629498e-08
