Number: 3866
Error: 9.723747746140285e-16
A1: [0.0662131360761517, -0.11395212429585581, -0.023983995849944345, 0.07172282262056098] - [0.037402553988219116, 0.1881933138869809, -0.14740900393515285, -0.07818706733885603] - [-0.06022951370799104, 0.3289506633757004, -0.12775324901140825, -0.14096846078775985] - [0.039046195945442494, -0.05332265113037352, -0.03741855478252515, 0.05169515573905727]
A2: [-0.009108582269698722, -0.34680319234660484, 0.24945508379076506, 0.106456673092393] - [0.08003981736558256, 0.03628224792258056, -0.05025012144193749, -0.0660719687550915] - [-0.04245287120705482, 0.23083183397445278, -0.040531301001436856, -0.14784789620541713] - [0.06813469144614488, -0.29346794837125456, 0.141771145990254, 0.08356176253787946]
B1: -8.414354799100617e-09 - -2.3581306301708834e-08 - 1.0381288554470766e-08 - 1.7795117881682242e-08
B2: 1.7909273907380963e-09 - -7.225779042489262e-09 - -2.7326963244562908e-08 - 1.7010818919150915e-09
