Number: 7384
Error: 8.539834095975444e-16
A1: [0.08043169769428758, -0.1804677977423221, -0.019588843979194488, 0.11962498474638394] - [0.037415533331210934, 0.13359633954773797, -0.13472623276786308, -0.03628587173410018] - [-0.0017028084993877444, 0.2281901270199454, -0.1228283721471996, -0.10365889971386581] - [0.038863183005671986, -0.11448106983156016, -0.04641649278646458, 0.12203417656144222]
A2: [0.03530741442973486, -0.029273504507697, -0.0756973771737322, 0.0696633777783917] - [0.1028937869458543, 0.2828967378481662, -0.3926063611665083, 0.006816033989253515] - [-0.011187011662455788, 0.5390146795424816, -0.3594509318880023, -0.16837637149039075] - [0.09786283609758646, 0.017463353352128397, -0.16885097558818676, 0.053524916895523335]
B1: -2.7199725845492823e-08 - 3.1668091236212457e-10 - 1.2074073379531358e-08 - 5.138956462059727e-10
B2: 1.630245700402128e-08 - -3.2774332527648116e-08 - 1.9775756605688984e-08 - -2.5547210754702046e-08
