Number: 1266
Error: 1.490213076482992e-09
A1: [-0.007236367377030477, -0.015042764863081577, 0.002946898011331534, 0.01940447237912978] - [0.06669547454108365, 0.1897581344577764, -0.14687106636253033, -0.1100083359304646] - [-0.1126260459174192, 0.4417467555922481, -0.07083059447888908, -0.25814429892121227] - [-0.02341422103314901, 0.015300874191184116, -0.02997961118051617, 0.03886388340405911]
A2: [0.1317794809326613, -0.22443875274005137, 0.022857637398047182, 0.0703501585448305] - [0.032936936549402385, 0.20403513700025702, -0.11459882118475997, -0.12117296532434398] - [-0.09470269236556453, 0.5554626608962475, -0.23528100905341068, -0.22571309558453878] - [-0.020740330221753207, -0.019191082747440684, 0.008205688643964017, 0.03226613161133895]
B1: 0.0001788447478390745 - -1.483002550351137e-05 - 0.00010139544895859278 - 0.00011437466923427237
B2: 1.6378088734678908e-05 - 1.662838715837108e-05 - 0.00016204226452684863 - 0.00018463011964632044
