Number: 3358
Error: 1.2901141503295052e-06
A1: [0.06701676072559272, -0.11317492746448604, -0.023195550502040745, 0.07251476719162034] - [0.0402535365176035, 0.1909077604224262, -0.14461556871475856, -0.07539220872544587] - [-0.0733178922827677, 0.3164587913343269, -0.14048691351540446, -0.15365131119373368] - [0.04272884741138568, -0.04984012963571468, -0.033866266898607195, 0.055216547963196375]
A2: [-0.010232910741253688, -0.3480003327825394, 0.2484230277326937, 0.10527837174456842] - [0.08164006363370178, 0.03801071670241423, -0.04852445540122464, -0.06431010569377937] - [-0.042517473329734205, 0.23075259462009093, -0.040600961355490586, -0.1479357441333685] - [0.06824232629959952, -0.29335177229850373, 0.14191703945869752, 0.0836761727352723]
B1: 0.00036120809283925876 - 0.001333824279359913 - 0.00039496674812997514 - 0.0002586950904024794
B2: -0.0009698364068943748 - 0.00044739015283943114 - 0.001951264001987503 - 0.00010425555960862898
