Number: 8024
Error: 9.941765774427444e-16
A1: [0.08043176710503327, -0.18046772833944127, -0.019588774651440526, 0.11962505414920314] - [0.0374155216015601, 0.13359632782696482, -0.1347262444740946, -0.03628588345723478] - [-0.0017027918742829955, 0.22819014364469636, -0.12282835554642801, -0.1036588830931933] - [0.038863307799684776, -0.1144809453877672, -0.04641636807196299, 0.12203430127789741]
A2: [0.035307430966111844, -0.029273487925584072, -0.07569736145112792, 0.06966339508547126] - [0.10289372349695831, 0.28289667386078365, -0.39260642253346295, 0.0068159675490122515] - [-0.011187126634569841, 0.5390145638845983, -0.35945104071169315, -0.16837649264042626] - [0.09786278559862811, 0.017463302623457935, -0.16885102365995594, 0.05352486388808917]
B1: 3.1676169828086683e-09 - 5.28092133567371e-09 - -4.469539806581162e-09 - -1.6683747403944917e-10
B2: 9.297968770084515e-09 - -1.163049633752593e-08 - 1.84842950702113e-09 - 3.967485013146543e-09
