Number: 8158
Error: 1.3989021535992896e-15
A1: [0.08043165483220727, -0.18046784059957277, -0.0195888867900665, 0.11962494188917565] - [0.037415657630595, 0.13359646375308382, -0.13472610871602614, -0.03628574750350828] - [-0.0017028187106766298, 0.2281901168088693, -0.12282838234354015, -0.10365890992243111] - [0.03886323087126486, -0.1144810221003042, -0.046416444951381884, 0.12203422439728097]
A2: [0.03530743577350117, -0.029273483104865987, -0.0756973568803121, 0.06966340011692901] - [0.1028937249513207, 0.28289667532748686, -0.39260642112682365, 0.006815969071943024] - [-0.011187113117335522, 0.5390145774824382, -0.35945102791732036, -0.16837647839687028] - [0.09786283249528603, 0.01746334973341506, -0.16885097901730195, 0.053524913114227954]
B1: 4.651253878784994e-09 - 3.602560666520791e-09 - -4.764298010632786e-09 - -1.3662581307534312e-08
B2: -3.0862056559787134e-08 - 3.483997908769333e-08 - -7.639416484429776e-09 - -8.73120593865954e-09
