Number: 7161
Error: 7.692129798218476e-16
A1: [0.08043171407963574, -0.18046778135882638, -0.019588827613433803, 0.11962500112986149] - [0.03741562067849513, 0.13359642682891215, -0.134726145594624, -0.036285784435202945] - [-0.0017028280939101604, 0.2281901074258497, -0.12282839171301968, -0.1036589193031552] - [0.038863267582046196, -0.11448098549253667, -0.04641640826398313, 0.12203426108525127]
A2: [0.03530747280605439, -0.029273445969931942, -0.07569732167023688, 0.06966343887550411] - [0.10289374787014434, 0.28289669844081755, -0.3926063989600373, 0.006815993071288369] - [-0.011187182019903229, 0.5390145081689386, -0.3594510931350997, -0.1683765510019053] - [0.09786277404503542, 0.01746329101732277, -0.1688510346582163, 0.05352485176056776]
B1: 3.3324209734244043e-08 - -2.0171817060105208e-08 - -1.1254322493601741e-08 - 1.037642978355299e-08
B2: 7.71064362997699e-09 - 5.866672463669243e-09 - -1.126347924489236e-08 - 1.6155208409003664e-08
