Number: 6527
Error: 8.010327559016716e-16
A1: [0.08043168607961619, -0.18046780935567475, -0.019588855579974848, 0.1196249731330399] - [0.03741557054965304, 0.13359637673800825, -0.13472619562358562, -0.03628583453627686] - [-0.0017027930660047743, 0.22819014245300423, -0.12282835673641142, -0.10365888428460407] - [0.03886320132359232, -0.11448105156504322, -0.04641647448021166, 0.12203419486798073]
A2: [0.035307446241427724, -0.02927347260803276, -0.07569734692755684, 0.06966341107275709] - [0.10289373206071886, 0.28289668249721045, -0.39260641425070825, 0.006815976516499956] - [-0.011187094879296394, 0.5390145958293114, -0.3594510106546121, -0.16837645917880587] - [0.09786280151013607, 0.01746331860735336, -0.16885100851321266, 0.05352488058997739]
B1: -4.571968436712201e-09 - 8.372202716573353e-10 - -4.240450742459168e-09 - -6.387297664878313e-10
B2: 1.7195239748019623e-09 - -1.178109478572145e-08 - 2.542552744748215e-08 - -1.9005976893037987e-08
