Number: 5963
Error: 3.201533875858031e-11
A1: [0.08042048216003386, -0.18047901213109704, -0.01960004479759474, 0.11961377123726549] - [0.03739809805333017, 0.13357891703419494, -0.13474363500005182, -0.03630329835084476] - [-0.0017233351959509452, 0.22816960101683614, -0.1228488675907705, -0.1036794203340865] - [0.03886167067610698, -0.11448257744853768, -0.04641800296848821, 0.12203266574072681]
A2: [0.03529208913711973, -0.029288875567928047, -0.07571194932949, 0.06964733840430534] - [0.10290698334188585, 0.2829100433401984, -0.3925935991989104, 0.0068298518624858] - [-0.011149885607715213, 0.5390520272313214, -0.35941579162135123, -0.16833725072973404] - [0.09787381357304348, 0.01747437975932273, -0.16884052622705864, 0.05353643970174899]
B1: -4.974983329247219e-06 - 9.073701331428868e-07 - 8.736586994854456e-06 - 6.797910993692158e-07
B2: -6.587258636479952e-06 - 9.497722169499476e-06 - 9.615035697202671e-06 - -7.427554005609231e-06
