Number: 3076
Error: 1.7781045279382647e-06
A1: [0.06344583278123521, -0.047861157702805565, -0.023435105470724325, 0.007856907017789235] - [0.04292878165784615, 0.1905683277949887, -0.14331308093608894, -0.09331272998689707] - [-0.12337430715136004, 0.4149437534165853, -0.10478059465083595, -0.1869867906197024] - [0.03614362707416278, 0.018304067791300935, -0.03400148011190764, -0.02392555077767003]
A2: [0.05923299397127322, -0.1778621459865325, 0.08212720958024809, 0.019798491384589976] - [0.03158287916915299, 0.20255984651697062, -0.0994271671675798, -0.12563031953148235] - [-0.09384501094981772, 0.5132577548422333, -0.2260396123225594, -0.19551591210517238] - [-0.02729593295318688, 0.01715622846775688, -0.051665908157884424, 0.05564967141438658]
B1: -0.001638207149051208 - 0.001039798606456022 - -0.0008922287975270226 - -0.001427949641360883
B2: 0.0005682130231762178 - -0.0003171910325980502 - 0.0007717362546315824 - 0.0005367481668897859
