Number: 50
Error: 0.0015854481124265556
A1: [-0.023778291437527754, -0.0268385631968659, 0.006443962921188763, -0.00130934589639183] - [0.12747140532737414, 0.2561131399097225, -0.08678883470956636, -0.06499400939033557] - [-0.16070266803073482, 0.3597433218758519, -0.12243039098421782, -0.33859077774062046] - [-0.026371228549406586, -0.038090430125742564, -0.030110682048124997, -0.005789450553552901]
A2: [0.37408432406175607, 0.04203972194495136, 0.21397423756708503, 0.20356512060036944] - [0.14160045848538463, 0.3102063773042677, -0.018372689174776344, -0.02772173632648544] - [0.1365186468528596, 0.803178184267689, -0.019578958029876605, -0.042549726005637487] - [0.42701933249889834, 0.42533743600584706, 0.42802591622682706, 0.4204570538844421]
B1: 0.05519226339696034 - 0.43666272512132215 - -0.010614255527314573 - -0.024872859874437547
B2: -0.0069550784573188095 - 0.4155848667278191 - -0.026123154893069947 - -0.017638221393135114
