Number: 6678
Error: 1.2101584274717894e-15
A1: [0.08043167397241244, -0.18046782146150736, -0.019588867672701873, 0.11962496102721902] - [0.037415571273236435, 0.13359637746104522, -0.13472619490144455, -0.03628583381309461] - [-0.001702842103208975, 0.22819009341684338, -0.12282840570181641, -0.10365893330872068] - [0.03886321656831966, -0.11448103636309652, -0.04641645924519913, 0.12203421010323286]
A2: [0.03530742091217985, -0.029273498007337955, -0.075697371010276, 0.06966338456294514] - [0.10289374948162922, 0.28289670006597495, -0.39260639740143444, 0.006815994758743473] - [-0.011187174164068427, 0.5390145160716358, -0.35945108569934775, -0.1683765427239666] - [0.09786276914543111, 0.017463286095431407, -0.16885103932230908, 0.05352484661756462]
B1: 2.740590710592801e-09 - 2.020212311372471e-08 - -1.536984275819342e-08 - -4.3507021422013525e-09
B2: -3.1946093955323522e-09 - -1.5899997646452146e-09 - -2.7489509983627813e-09 - -6.25138632052355e-09
