Number: 2050
Error: 0.00015218054307682016
A1: [0.057695217694674575, 0.046193349054643805, 0.06520968306520057, 0.0857173735331438] - [0.04985530576384416, 0.17541901426522738, -0.16432515976763185, -0.13065486966228407] - [-0.18141481297099918, 0.36113081449050266, -0.14852730500173034, -0.33238595591346665] - [0.027914593259346247, 0.07297864208299283, 0.02475075437035052, 0.08754814132887728]
A2: [0.1764278611673537, -0.1778435639211412, 0.05779408536612285, 0.11944737401905677] - [-0.026819463432693303, 0.14274682396543598, -0.17526297310821165, -0.18056188744803683] - [-0.02218752504612532, 0.6244551035137305, -0.15914038095695413, -0.1584802185213721] - [0.0708259299098411, 0.07984285069404054, 0.09059902528184752, 0.13256856230526626]
B1: 0.0066551419031664494 - 0.007156934668347183 - -0.005169720150651173 - -0.003647107101228046
B2: 7.588411492679206e-05 - 0.030680587288867262 - -0.016933401271985664 - 0.016442898198796855
