Number: 282
Error: 3.689509289526767e-08
A1: [-0.012378287433841983, -0.014748208849077026, 0.017838800002114474, 0.008342929530120108] - [0.06474053107902672, 0.1884421985682162, -0.14645438445284834, -0.11122736788018128] - [-0.09646271140655913, 0.42162260047936795, -0.053640784478491535, -0.2722331507543189] - [-0.0007416357989936573, -0.01766130466584271, -0.0032176049646611567, 0.024047000311831455]
A2: [0.16145282776033876, -0.1678861048843302, 0.00837028363242521, -0.0024634978846316785] - [0.03557179344578153, 0.20760140604076804, -0.11712480116167115, -0.12570788991640228] - [-0.08604759985474332, 0.5817007045319998, -0.23522735609624038, -0.2597736994079671] - [-0.003778413215882876, -0.004463578023849565, 0.0011664829542666637, 0.0072977320142552735]
B1: -0.00013473778626390358 - 8.924618075872726e-05 - -0.00024286684414553876 - -0.00014858493866081265
B2: 0.0005901839612562188 - -0.00031057827313033784 - -0.00017583563344904845 - 6.928519714509975e-05
