Number: 1939
Error: 1.3699705280727168e-05
A1: [-0.024360954042111613, -0.0321660881406335, -0.014872872748911359, 0.0017616962663161173] - [0.0716095653728198, 0.19446685804123975, -0.1417900811741105, -0.10462404645868054] - [-0.12642809332877308, 0.428123461184408, -0.08547010719835035, -0.27322647271007533] - [-0.03710445439163928, 0.001823599192121366, -0.04422803912735978, 0.024312883777774727]
A2: [0.13059015957696107, -0.22587158810491456, 0.02143503891146702, 0.06898473558343268] - [0.03355908344319504, 0.2046955356557243, -0.11397368057965876, -0.12055632510335439] - [-0.09413411600801423, 0.5558762393752785, -0.23474785981073126, -0.2250949840253749] - [-0.02171939376594121, -0.020395557243328737, 0.007089318133942612, 0.03120728746836209]
B1: 0.0005477042312691412 - 0.00010814043650499584 - 0.0009277343539238437 - 3.38744734558439e-05
B2: 0.0019382692284080584 - 0.0006322285816617837 - 0.004245469822452614 - 0.004788183248641922
