Number: 7319
Error: 6.647354852792385e-16
A1: [0.08043168415452343, -0.18046781128055006, -0.019588857502763776, 0.1196249712081672] - [0.03741558945205482, 0.13359639562610615, -0.1347261767588426, -0.036285815644344556] - [-0.001702824627509086, 0.22819011089217167, -0.12282838825169987, -0.10365891583768155] - [0.03886323449638971, -0.11448101848534302, -0.04641644132855644, 0.12203422802015809]
A2: [0.03530748287519466, -0.02927343587294222, -0.07569731209662311, 0.06966344941394105] - [0.10289370184479853, 0.28289665202485276, -0.3926064434751578, 0.0068159448760420705] - [-0.011187166119766086, 0.5390145241639129, -0.3594510780852858, -0.16837653424736226] - [0.09786283005837797, 0.017463347285448565, -0.1688509813371266, 0.053524910556324315]
B1: 2.5572212528240325e-08 - -1.502645548712381e-08 - -1.7051756735825582e-08 - -3.2311104072362183e-09
B2: -3.723782422129009e-09 - -1.4446823455620424e-09 - -6.513902619628415e-09 - -2.1770785132609146e-09
