Number: 8232
Error: 7.929804989521375e-16
A1: [0.08043164186546446, -0.18046785356485237, -0.01958889974131772, 0.11962492892389791] - [0.03741561200759097, 0.13359641816462023, -0.1347261542481036, -0.03628579310121468] - [-0.001702813148846385, 0.2281901223705806, -0.12282837678985545, -0.10365890436208854] - [0.03886318782538928, -0.11448106502538266, -0.046416487969837265, 0.12203418137814816]
A2: [0.03530730915036941, -0.029273610078196857, -0.07569747727221446, 0.06966326759233762] - [0.10289372912802126, 0.2828966795396389, -0.3926064170871697, 0.006815973445555955] - [-0.011187028712667732, 0.5390146623905243, -0.359450948026307, -0.1683763894568971] - [0.09786280482742477, 0.01746332193969832, -0.16885100535536382, 0.053524884072032826]
B1: -5.6063678863558495e-08 - 9.905822727809113e-09 - 2.158401369936711e-08 - 1.0284871610834333e-08
B2: -2.4430097898536483e-08 - 1.6710210798850126e-08 - 1.564897476511024e-08 - -2.1970902977919056e-08
