Number: 2656
Error: 9.003461904853957e-09
A1: [0.063122495487504, -0.04818349600207045, -0.023752964562923924, 0.00754618549442753] - [0.04355597932652535, 0.19116792000904484, -0.14267371716764315, -0.0926289199419357] - [-0.12351107870233584, 0.41479848645042855, -0.10491935857214844, -0.1871319227243717] - [0.0365165353927566, 0.01868075319788575, -0.033617336843986906, -0.023534311223237472]
A2: [0.0640562327379992, -0.17307458787268046, 0.0869416158914166, 0.024567406351505235] - [0.029181527259862252, 0.2001917697337174, -0.1018184110618937, -0.12797926031753212] - [-0.0933569740278074, 0.5137343231761173, -0.22555473941941226, -0.1950459923260491] - [-0.026095060708088733, 0.018354931705089884, -0.05045953004674432, 0.05681459313721487]
B1: 5.6856035274292004e-05 - -0.00026425113454144484 - 0.00010700537413730733 - 1.4121271828400916e-05
B2: -6.967291114478269e-05 - -0.00016351748121909613 - -0.0001095792356937412 - 4.04222338496859e-06
