Number: 5650
Error: 1.2123124863764804e-05
A1: [0.06728238661546322, -0.11292976574674148, -0.0229304146099405, 0.07274409868731387] - [0.040321538970053514, 0.19096086881910507, -0.14455125345929118, -0.07533798748678319] - [-0.05555886392172867, 0.33336781291879486, -0.12322111757735156, -0.13651006672596014] - [0.030273775750557688, -0.06167680404062041, -0.04592163831967784, 0.04321347594851931]
A2: [0.0038583329060890245, -0.3330246412957791, 0.2623862891983592, 0.12011062793106703] - [0.08604541101545375, 0.04275775999500807, -0.043731791858519234, -0.059441588002132145] - [-0.03275658800854106, 0.24154622890619926, -0.03024481849632889, -0.13709145445253698] - [0.0801397362292857, -0.28024566638341936, 0.15467684017893915, 0.09713778499112696]
B1: 0.0032764562145493276 - 0.001761091830542968 - 0.0025759597738218183 - 0.0018739434673905719
B2: -0.0008266038790466157 - 0.0011484664185000425 - -0.0034153172213643723 - 0.003108863438574798
