Number: 5023
Error: 9.675556088304886e-16
A1: [0.06621317542839059, -0.11395208582300034, -0.023983956528578328, 0.0717228619067563] - [0.03740263944643337, 0.18819339553653244, -0.14740891992315067, -0.0781869833194461] - [-0.060229500887623154, 0.32895067568875896, -0.12775323646623118, -0.14096844830987063] - [0.03904624770082798, -0.05332260200589976, -0.03741850471073445, 0.05169520540424579]
A2: [-0.009108688292565373, -0.34680330482000554, 0.24945497691000826, 0.10645656193344165] - [0.0800398136991417, 0.036282243972838, -0.05025012544902496, -0.06607197279623017] - [-0.0424528580134796, 0.2308318485359042, -0.040531286862394725, -0.1478478816136077] - [0.06813474748233868, -0.2934678866728159, 0.1417712067388013, 0.08356182536498764]
B1: -2.987250676964961e-08 - -4.979997305390918e-09 - 7.494179861012443e-09 - -2.070054193215038e-09
B2: 3.783842646822706e-09 - 2.9325734535918476e-09 - -3.581430371689333e-08 - 2.723567247326198e-08
