Number: 1908
Error: 4.785513479868025e-06
A1: [-0.013634758324376805, -0.02143919589256137, -0.0036860384263939943, 0.012839931005022209] - [0.06762307394471155, 0.19065570800587542, -0.14590618544158346, -0.10897582968559245] - [-0.11059825301726699, 0.4437137956189103, -0.06879308335818426, -0.2559580128999819] - [-0.024283628027296385, 0.014472688168245939, -0.030962792474572395, 0.03795228627960335]
A2: [0.12895899701117403, -0.227321941982451, 0.01999612216917587, 0.06754696400064764] - [0.032213278638842005, 0.2033330927719213, -0.11531339914610092, -0.1218660833641481] - [-0.09746014201959331, 0.5526872867090239, -0.23799393849882408, -0.2283568144449636] - [-0.021494434769771694, -0.020013003629382197, 0.00736610344976347, 0.03148497887081485]
B1: 0.00036881588921071915 - 0.0024532293401572916 - 0.0009324007301289559 - 0.0008992826378248088
B2: 0.00024377741515533733 - 0.0019633544733289833 - -0.0035703534828318527 - -0.0025662227063011885
