Number: 888
Error: 1.109754877337955e-09
A1: [-0.012249041042824791, -0.014615458572599636, 0.017981546642244335, 0.008480858841328072] - [0.06578638859687456, 0.18944827449902812, -0.1453730727976383, -0.11006294446978475] - [-0.09630562521206737, 0.42177394678655716, -0.053470958601014106, -0.27205035860392623] - [-0.0012196336064170925, -0.018121256883116724, -0.003726673197148148, 0.023494518615614277]
A2: [0.1614923097980835, -0.16784733104219698, 0.008408872753375247, -0.002425004517945837] - [0.03549194556248153, 0.2075228511750194, -0.11720422515452356, -0.1257859389779566] - [-0.08629553853515766, 0.5814578742920193, -0.2354684738240488, -0.260015446031982] - [-0.003826230729791772, -0.004510665560414892, 0.001118920210099614, 0.007251777362680804]
B1: -1.1622474808668058e-05 - 1.8697748990734947e-05 - -1.059946753773197e-05 - 7.371109863450259e-06
B2: 2.0343283690349883e-05 - -0.00011583829443762818 - 7.351230144561094e-06 - -3.684947674251973e-05
