Number: 8986
Error: 0.0004812056034879041
A1: [0.05042315886910559, -0.189060679681156, -0.03023383783997797, 0.10988067765368462] - [-0.06765330864357869, 0.061092001557076156, -0.19066513250009717, -0.09584137216149785] - [-0.18036443803630353, 0.05531795972681542, -0.2742101158003915, -0.24864789042044075] - [-0.034196228912653094, -0.16310369455058363, -0.10719695370106344, 0.061429217569375874]
A2: [-0.051189058273237054, -0.14309984285680252, -0.21414922934233405, 0.017905720888243618] - [0.04827099510365734, 0.19300037207214907, -0.47093973715919635, -0.01955374517879656] - [-0.10207336530611671, 0.3845872608576203, -0.4966587028003935, -0.22490981858851905] - [0.017232502956169463, -0.11883534314385365, -0.2959820262923427, 0.00959380617796549]
B1: -0.0033714725390066114 - -0.011190127628316213 - -0.005504613528153584 - -0.008331425177969202
B2: 0.014599288188181011 - -0.030836875698127368 - -0.023641302079586674 - -0.019285302932725724
