Number: 4266
Error: 9.8404075709795e-16
A1: [0.06621321258418401, -0.11395204949753127, -0.02398391940194435, 0.07172289900019689] - [0.037402624083496205, 0.18819338085825668, -0.14740893502611346, -0.07818699842372535] - [-0.060229325974299724, 0.32895084368351046, -0.12775306530631217, -0.14096827807071097] - [0.03904613808158264, -0.05332270605253741, -0.037418610763858544, 0.051695100212267545]
A2: [-0.009108619403089057, -0.34680323173930205, 0.24945504635692536, 0.10645663416007567] - [0.0800398710693526, 0.03628230577692592, -0.05025006274678264, -0.06607190956152714] - [-0.04245285844413962, 0.23083184806042858, -0.0405312873241644, -0.14784788209006508] - [0.068134698898551, -0.2934679401657396, 0.14177115406943563, 0.08356177089350067]
B1: -1.5665206798236138e-08 - 2.542019960993767e-08 - -7.286239951756254e-09 - -1.9185181734500356e-08
B2: 4.5347991898034946e-09 - -1.2346593635508146e-08 - 2.064814552104193e-09 - -2.750496182637583e-09
