Number: 2509
Error: 2.5360185324503414e-08
A1: [0.06347833303778365, -0.04782770794198388, -0.023399800059076537, 0.007896399911990563] - [0.043282094728531006, 0.19090267584169288, -0.14296152735729686, -0.09293516527576745] - [-0.12293584410235417, 0.4153700021628934, -0.10434374642809847, -0.1865618242187796] - [0.03695027763148756, 0.019117903423053417, -0.0331846148246002, -0.023105932445142557]
A2: [0.06238653327175214, -0.17473840994417955, 0.08527404797483686, 0.022918686761624844] - [0.02871698475261902, 0.1997367525923637, -0.10228026899000492, -0.12843295750367442] - [-0.09267982099756261, 0.5144110091254049, -0.224875084128706, -0.19438595135642053] - [-0.02435297739285266, 0.020100167179260414, -0.04871674671649308, 0.05851320160351796]
B1: 0.00021414522548755287 - -0.00012582371830326393 - 0.00026759045898540676 - -0.00025865427713450586
B2: 9.26369168087937e-05 - 0.00011710544889186007 - -0.0002603116005961629 - -6.378219756282421e-05
