Number: 2135
Error: 0.0008382797048638549
A1: [-0.1083656418784503, -0.17827470646265686, -0.17022708566159145, -0.09044871652277217] - [0.13111747661547007, 0.25764056487459164, -0.08084264941441038, -0.024616374027687668] - [-0.23167335487395224, 0.27837135783855227, -0.22402050646373187, -0.3296276410773795] - [0.20957728581507468, 0.24256245136111984, 0.2202069036675187, 0.20137770045290906]
A2: [0.1238105915507134, -0.21291662010216134, 0.07185063635140983, 0.03470860359435958] - [-0.01599935803059815, 0.14646807441403625, -0.14375174687670592, -0.1875240471101829] - [-0.2065354705652298, 0.38396424111775945, -0.366352356741714, -0.3944980096696355] - [-0.11857806905835626, -0.06296496621127246, -0.08297219136919824, -0.06761352047598441]
B1: -0.030311746096438184 - 0.004381767617519183 - -0.08111211683923776 - 0.050060360227667966
B2: -0.0921810153887236 - 0.02102690922794874 - -0.0008194033899470172 - -0.01601352297924029
