Number: 6957
Error: 8.290803024704096e-16
A1: [0.08043167571504817, -0.1804678197190677, -0.019588865932146985, 0.11962496276965663] - [0.03741559318289912, 0.13359639935412473, -0.13472617303543497, -0.03628581191556834] - [-0.0017028125634036282, 0.22819012295601737, -0.12282837620526213, -0.10365890377679962] - [0.038863235574505765, -0.11448101741024955, -0.046416440251124555, 0.12203422909760585]
A2: [0.035307388832296865, -0.029273530175947828, -0.07569740151142175, 0.06966335098787292] - [0.10289382825817604, 0.28289677951110853, -0.3926063212097838, 0.0068160772493001546] - [-0.011187197266462303, 0.5390144928314384, -0.359451107566287, -0.16837656706775647] - [0.09786279229867066, 0.017463309353987305, -0.1688510172819303, 0.053524870920935975]
B1: 3.798743751669819e-08 - -1.2695434181572055e-08 - 1.8338269771591959e-09 - 1.2500362476911999e-08
B2: -4.556279736609354e-10 - 1.127884074504339e-08 - 1.7015674752915586e-08 - 8.35281112901796e-09
