Number: 6215
Error: 8.959693769780493e-16
A1: [0.0804316550578849, -0.18046784037388858, -0.019588886564612044, 0.11962494211485444] - [0.037415566931545616, 0.1335963731226434, -0.13472619923448376, -0.036285838152376855] - [-0.0017028291933750628, 0.22819010632640696, -0.12282839281088634, -0.10365892040233039] - [0.03886321893717806, -0.11448103400088448, -0.0464164568778506, 0.12203421247062216]
A2: [0.035307376740929576, -0.02927354230076433, -0.07569741300769917, 0.06966333833290347] - [0.1028937122262658, 0.28289666249441864, -0.3926064334343262, 0.006815955746915012] - [-0.011187072962131304, 0.5390146178772065, -0.3594509899095513, -0.16837643608391534] - [0.0978627776377319, 0.017463294626360006, -0.16885103123818085, 0.053524855531705565]
B1: -2.959439369977814e-08 - -1.1765274397875525e-08 - -5.336124147816428e-09 - -1.1328260972785812e-08
B2: -1.7289043473716967e-08 - -2.311611197739012e-08 - -4.265603731136357e-10 - -8.715789644365256e-09
