Number: 9812
Error: 6.689313526971777e-16
A1: [0.05317257254057818, -0.14800124856726077, -0.02699902494511743, 0.12182784439315533] - [0.005313718504535623, 0.13083669295478745, -0.11360074508450946, -0.022549764690429377] - [-0.01444446051784985, 0.22309163689416522, -0.12704116355080514, -0.08160591693448556] - [0.027146405689688503, -0.10002009244416067, -0.04942456292034617, 0.12229806585948308]
A2: [0.08925437074752073, -0.07291346065322778, -0.12362750931350369, 0.10728629140054816] - [0.10884183280538966, 0.2498142851360363, -0.40484518758690935, 0.04618958584450842] - [0.03663605822850889, 0.4625552450594377, -0.3777173268401556, -0.12147313990269112] - [0.14342663697547184, -0.04460642030570621, -0.2014993365096137, 0.10268006929247385]
B1: 5.1276233559345155e-08 - 2.6136600035793067e-08 - 1.6003534807414582e-08 - -1.9174195894309955e-08
B2: 2.8137421127075487e-08 - 1.4571666691312381e-08 - 3.847831928277673e-08 - -1.0775239256174205e-08
