Number: 5220
Error: 1.5317003574878807e-15
A1: [0.06621312920129631, -0.1139521310171106, -0.02398400271942686, 0.07172281575720596] - [0.03740254026444383, 0.18819330077486573, -0.1474090174266365, -0.07818708083156262] - [-0.06022913719995904, 0.3289510249909734, -0.1277528805827635, -0.14096809434040092] - [0.039046111386026844, -0.05332273139083835, -0.03741863659082627, 0.05169507459493709]
A2: [-0.009108543780358636, -0.34680315151541763, 0.24945512259124203, 0.106456713446432] - [0.0800397143867462, 0.03628213698506299, -0.05025023399165749, -0.0660720822605168] - [-0.04245286207399116, 0.23083184405448992, -0.04053129121385746, -0.1478478861043004] - [0.06813475831485526, -0.29346787474579167, 0.14177121848211646, 0.08356183751025947]
B1: -6.291226846667307e-08 - 4.729766274024206e-09 - -3.484898512520073e-08 - -4.759623474771083e-08
B2: -1.627539243023674e-08 - -1.898073608657202e-08 - -2.6923274754222634e-08 - 2.3306142593068137e-08
