Number: 6281
Error: 9.047801298833985e-16
A1: [0.08043165079654752, -0.18046784463474363, -0.019588890820854514, 0.1196249378540035] - [0.03741555655128486, 0.1335963627502389, -0.13472620959406162, -0.036285848526887765] - [-0.0017028332147329256, 0.22819010230513465, -0.12282839682635648, -0.10365892442261514] - [0.0388632100393391, -0.11448104287375299, -0.04641646577002005, 0.12203420357831316]
A2: [0.03530746171122017, -0.029273457095454685, -0.07569733221908112, 0.06966342726358182] - [0.10289373749730793, 0.28289668797994055, -0.39260640899251015, 0.006815982209399129] - [-0.011187041701003491, 0.5390146493247947, -0.35945096032022783, -0.16837640314295588] - [0.09786281376024197, 0.017463330913180586, -0.16885099685190708, 0.05352489344860294]
B1: -1.8959161934341384e-08 - -6.002453499738079e-09 - -2.0117107512071123e-08 - -6.6575414671559685e-09
B2: -1.95021419019599e-08 - -1.8323330293637098e-08 - -5.363529002833817e-10 - -8.271073467581637e-09
