Number: 6405
Error: 1.1877431570895287e-15
A1: [0.0804316968058639, -0.18046779863064163, -0.019588844866552508, 0.11962498385806272] - [0.0374155921939725, 0.13359639836594625, -0.13472617402239295, -0.03628581290394684] - [-0.0017028074502073798, 0.2281901280691082, -0.1228283710995533, -0.10365889866496791] - [0.03886322833192887, -0.1144810246325021, -0.046416447489085036, 0.12203422185953135]
A2: [0.03530740389204581, -0.029273515074548263, -0.07569738719278962, 0.06966336674951562] - [0.10289376504999352, 0.2828967157664699, -0.392606382343919, 0.006816011061100532] - [-0.01118706602115311, 0.5390146248595831, -0.35945098333976483, -0.1683764287699582] - [0.0978628164731264, 0.01746333363840568, -0.16885099426942, 0.05352489629625248]
B1: -1.1819930355239808e-08 - 8.702235313718911e-09 - 1.2237092266467245e-08 - 2.1378100711256607e-09
B2: 6.821365268836362e-09 - 7.336705879176706e-09 - 2.706478338042815e-09 - -1.1727110991459026e-09
