Number: 7216
Error: 1.2981340021994453e-15
A1: [0.0804317233172894, -0.1804677721222204, -0.01958881838682796, 0.11962501036645883] - [0.037415630610359484, 0.1335964367532584, -0.13472613568255085, -0.036285774508841226] - [-0.0017028612235392717, 0.22819007429692958, -0.122828424794138, -0.10365895242394063] - [0.03886328440439705, -0.11448096871739817, -0.0464163914523561, 0.12203427789714444]
A2: [0.035307338343289245, -0.029273580804599676, -0.07569744951576314, 0.0696632981456803] - [0.10289377750652469, 0.28289672832872337, -0.39260637029611123, 0.006816024104901781] - [-0.011186948963205753, 0.5390147426157094, -0.3594508725417976, -0.16837630542200444] - [0.09786282374673337, 0.01746334094509511, -0.16885098734540585, 0.053524903931155686]
B1: -4.9903605445600255e-08 - 4.269108113559169e-08 - 3.249391319639261e-08 - -1.2439298012172852e-08
B2: 1.3251216973708204e-08 - 1.1872834466522098e-08 - -4.803372306911e-08 - 2.1677134147525593e-08
