Number: 4804
Error: 7.278868821612812e-16
A1: [0.06621312936224166, -0.11395213085976012, -0.023984002558603324, 0.07172281591788246] - [0.0374025695707054, 0.1881933287749851, -0.14740898861636845, -0.07818705201873997] - [-0.06022941733251891, 0.32895075593892403, -0.12775315470411266, -0.14096836698749232] - [0.03904612513275594, -0.053322718343029006, -0.0374186232913731, 0.05169508778643582]
A2: [-0.009108428593156857, -0.34680302932004115, 0.2494552387105602, 0.10645683421363021] - [0.08003987412651073, 0.0362823090703665, -0.050250059405429814, -0.06607190619184251] - [-0.04245286016039392, 0.23083184616639257, -0.04053128916315083, -0.1478478839880262] - [0.06813467153030552, -0.29346797029919997, 0.14177112439956152, 0.08356174020888477]
B1: -3.4378747452242865e-10 - 1.772242004208592e-08 - 3.804871231433055e-08 - 1.683622659173222e-08
B2: 1.8240410762049792e-08 - 1.98051913485827e-08 - 1.5436462061808823e-08 - 2.7370459166114805e-08
