Number: 9556
Error: 2.4339848258055963e-13
A1: [0.05317297378532676, -0.1480008471850349, -0.02699862414807692, 0.12182824583844538] - [0.005314851836282377, 0.13083782745796932, -0.1135996119371915, -0.02254862975789527] - [-0.014443764729953618, 0.2230923329287613, -0.1270404683196207, -0.081605220898548] - [0.027147796765716162, -0.10001870138307561, -0.04942316891818485, 0.12229946046346862]
A2: [0.08925239661301651, -0.07291543023372503, -0.12362943897968082, 0.10728429290330613] - [0.10884141699592033, 0.24981386925216145, -0.40484559516968843, 0.046189163025218034] - [0.036634827042245126, 0.4625540202780053, -0.3777185280549003, -0.12147438387375627] - [0.14342403049399188, -0.044609017090857545, -0.2015018815212233, 0.10267742412743966]
B1: -4.329462624520542e-07 - 2.170053245948005e-08 - 2.838198121500635e-09 - -1.2999840697191931e-07
B2: -6.185874794646272e-07 - -3.2194614928833473e-07 - -4.797739744967059e-07 - -4.7467027682154196e-07
