Number: 2009
Error: 9.841061079874625e-05
A1: [-0.02981232964375407, -0.03887768898585245, -0.023361110770609102, -0.00431251570834117] - [0.06668611321903052, 0.1898007964242478, -0.14722461467588593, -0.11023880690327545] - [-0.11421053428500295, 0.44090941040927106, -0.07367997314757525, -0.25954322820941] - [-0.051965099277811545, -0.012458847326107867, -0.05960034700630298, 0.01006197475668016]
A2: [0.13893357071094076, -0.21869203519274283, 0.03141108187903787, 0.07823203700169777] - [0.026650757638722884, 0.19670434346286883, -0.1211742666748134, -0.12789839441300607] - [-0.08107988950562543, 0.5667346760322735, -0.2210399066903907, -0.21286473805046696] - [0.017097510704399597, 0.015790649405885676, 0.04587326708716364, 0.06849083531224971]
B1: -0.00031666695390288654 - 0.0026173872295875674 - -0.011583628008703273 - 0.0006749260149823862
B2: 0.0005082970827774312 - 0.0260677635106844 - 0.0052658520430232565 - -0.0012625786912983223
