Number: 6866
Error: 1.0237749854073488e-15
A1: [0.08043165506636638, -0.18046784036541155, -0.019588886556142784, 0.11962494212333181] - [0.03741555883803904, 0.13359636503525896, -0.1347262073118648, -0.0362858462414039] - [-0.0017028468674200792, 0.2281900886527334, -0.1228284104590524, -0.10365893807166064] - [0.03886320092127213, -0.11448105196623279, -0.04641647488227684, 0.12203419446590981]
A2: [0.035307398571369615, -0.029273520409939868, -0.07569739225163388, 0.06966336118086452] - [0.10289381352147471, 0.28289676464933294, -0.3926063354629338, 0.006816061817821112] - [-0.011187125701352938, 0.5390145648234089, -0.35945103982834803, -0.1683764916570977] - [0.09786281056720185, 0.01746332770561524, -0.1688509998914713, 0.053524890096946026]
B1: 2.2709165729857534e-08 - -2.4796277076822627e-08 - 7.329699767771393e-09 - 4.433644272428407e-09
B2: 2.252348143107051e-09 - 4.065048369611709e-09 - -1.6418408959912963e-09 - 3.6254487204232698e-09
