Number: 6192
Error: 8.401750976492305e-16
A1: [0.08043163485677346, -0.18046786057271216, -0.019588906741568508, 0.11962492191605027] - [0.037415540350131324, 0.13359634656134745, -0.13472622576293347, -0.03628586471906652] - [-0.00170281882720737, 0.2281901166923536, -0.12282838245989648, -0.10365891003892926] - [0.03886322445203874, -0.11448102850150058, -0.04641645136650405, 0.12203421798205522]
A2: [0.035307426478229056, -0.0292734924258963, -0.07569736571813873, 0.06966339038841537] - [0.10289372184610136, 0.28289667219589953, -0.39260642413014935, 0.006815965820292987] - [-0.011187063380076087, 0.5390146275164155, -0.3594509808399337, -0.16837642598696267] - [0.09786279074151286, 0.017463307789746342, -0.1688510187642365, 0.05352486928641839]
B1: -2.224603725773467e-08 - -7.01708493338178e-09 - -1.4753921037171596e-08 - -8.196433985486473e-09
B2: -2.4039580799382008e-08 - -3.1524139199888876e-08 - 1.4619645823324469e-08 - 3.2304526038542825e-09
