Number: 2911
Error: 1.0250143018604447e-08
A1: [0.06319792227737961, -0.048107206087099744, -0.023677425822155176, 0.007620349840861063] - [0.04346213830042036, 0.19107782513254554, -0.14277010999928402, -0.09273179100637576] - [-0.12351055382140395, 0.4147948769469199, -0.1049258932797613, -0.18714044741205269] - [0.036804759126958346, 0.01896705794742502, -0.033332612867226344, -0.023251610099401004]
A2: [0.06458053435515017, -0.1725541282277498, 0.08745750850424401, 0.025079904416095755] - [0.029484023969315296, 0.20048981504587524, -0.10151678155825294, -0.12768324709161008] - [-0.0923229840017194, 0.5147482535328057, -0.22451655131135245, -0.19404508868289058] - [-0.024964662518905962, 0.019477124850649754, -0.049323945738808724, 0.05791474943952217]
B1: -5.9249512510902046e-05 - -6.887282532577663e-05 - -2.489735320754759e-05 - -2.746346852112411e-06
B2: -0.00015554298383663417 - 4.602854613230817e-06 - -9.432203172360662e-05 - -9.36993591243223e-05
