Number: 6809
Error: 8.543772681381986e-16
A1: [0.08043168722464988, -0.18046780821076935, -0.019588854436311403, 0.1196249742779425] - [0.037415586956462986, 0.13359639313240276, -0.13472617924946773, -0.03628581813855578] - [-0.0017028362619259671, 0.22819009925800257, -0.12282839986908645, -0.10365892746899673] - [0.038863229029311455, -0.11448102393707402, -0.046416446792148465, 0.1220342225564797]
A2: [0.03530741921868904, -0.029273499705513652, -0.0756973726204265, 0.06966338279052287] - [0.10289366532755377, 0.2828966151976733, -0.3926064787941527, 0.006815906637121142] - [-0.011187090106334873, 0.5390146006307376, -0.35945100613689057, -0.16837645414938046] - [0.0978627892693, 0.017463306310836226, -0.168851020165693, 0.05352486774107942]
B1: -1.6787395459778365e-08 - -3.3749101754841235e-08 - -5.4733362712346884e-09 - -1.415721101547683e-08
B2: -1.2613900886351187e-08 - -1.8315657803673387e-08 - -1.6575163212416216e-08 - -1.643582720555079e-08
