Number: 3834
Error: 1.0270012607246248e-15
A1: [0.06621315879258864, -0.11395210208705953, -0.023983973151335377, 0.07172284529887354] - [0.03740259836474979, 0.1881933562857373, -0.1474089603096243, -0.07818702370946855] - [-0.06022918252154291, 0.32895098146190854, -0.12775292493195925, -0.14096813845139644] - [0.03904599941392035, -0.053322837670623964, -0.037418744920165614, 0.05169496714529884]
A2: [-0.009108587899199766, -0.34680319831862855, 0.24945507811571727, 0.10645666719016443] - [0.08003977004294216, 0.03628219694252446, -0.05025017316291744, -0.06607202091523103] - [-0.04245283501226186, 0.23083187392130242, -0.040531262213649916, -0.14784785617530086] - [0.06813473533254305, -0.2934679000503768, 0.14177119356737522, 0.0835618117427019]
B1: 1.2735248405072305e-09 - 1.4400659077539115e-08 - 4.7497672439706364e-09 - -4.4835073170590797e-10
B2: -8.295574075025682e-09 - -9.032126802476609e-09 - -1.104675942942192e-08 - 4.8761610823626997e-08
