Number: 7621
Error: 8.968647997923236e-16
A1: [0.08043172549061926, -0.18046776994914282, -0.01958881621610377, 0.11962501253953624] - [0.037415637931927814, 0.13359644406928242, -0.1347261283755691, -0.03628576719133028] - [-0.0017027793309935609, 0.22819015618771737, -0.1228283430215129, -0.10365887055325723] - [0.038863272190863926, -0.11448098089665945, -0.0464164036581081, 0.12203426569119932]
A2: [0.03530748588868722, -0.029273432851106305, -0.0756973092314079, 0.06966345256786588] - [0.10289377737684594, 0.2828967281979481, -0.39260637042152435, 0.006816023969100771] - [-0.011186961990375742, 0.5390147295108327, -0.35945088487222593, -0.16837631914925655] - [0.09786290838543799, 0.017463425968789612, -0.16885090677476253, 0.05352499277416118]
B1: 1.6804945383436252e-09 - -1.085309580258961e-08 - 1.546974830642871e-09 - -2.1185352822985547e-09
B2: -9.949897979467554e-10 - 5.857023257969316e-09 - 6.124938400414503e-09 - -2.2922111576594667e-11
