Number: 5864
Error: 1.3903414822446776e-07
A1: [0.08170074825021127, -0.179202381519183, -0.018319765780944804, 0.12089462090842597] - [0.0398526231369414, 0.1360300646660394, -0.1322942294021731, -0.03385012061420807] - [-0.001634326391122035, 0.2282570241761133, -0.12275848456430874, -0.1035897189275469] - [0.03863548561111621, -0.11471098272052392, -0.04664108222365875, 0.12180804840382535]
A2: [0.03600875366650753, -0.02857288366895906, -0.0750291619913261, 0.0704003815894579] - [0.10416186256496893, 0.2841659606457683, -0.39138127745794477, 0.008148910673569168] - [-0.009803022104546186, 0.5404068601558799, -0.3581379998296968, -0.16691554841380102] - [0.09869252996450535, 0.018295270625148345, -0.16805920530715793, 0.05439831698418691]
B1: -3.5940820929458775e-05 - -1.5346248819682372e-05 - 0.000686755686765008 - 0.00017192734729283722
B2: 0.0006440902243638507 - 3.65688976593369e-05 - 0.0005481589697398557 - 0.0006170675830517934
