Number: 4715
Error: 1.6726281220475913e-15
A1: [0.06621313928151897, -0.11395212116215084, -0.02398399264711738, 0.07172282582050876] - [0.037402574842078075, 0.1881933338114239, -0.14740898343420727, -0.07818704683611921] - [-0.06022946732538406, 0.3289507079234963, -0.1277532036242031, -0.14096841564445017] - [0.03904605365967139, -0.05332278618268566, -0.03741869243926966, 0.051695019200015166]
A2: [-0.009108345012834808, -0.34680294065444034, 0.24945532296709802, 0.10645692184291512] - [0.08003985301625224, 0.03628228632857844, -0.0502500824777415, -0.06607192946005104] - [-0.04245279069613223, 0.2308319228313185, -0.0405312147226165, -0.14784780716332088] - [0.06813484421324305, -0.2934677801680974, 0.14177131160421025, 0.08356193381794204]
B1: -7.557652667163617e-08 - 6.813366524056328e-08 - -1.0752309603939096e-09 - 5.578741511685182e-09
B2: 1.4165879070177957e-08 - 1.1516154698872866e-08 - -6.350636995833003e-11 - 5.300911242677423e-08
