Number: 7989
Error: 9.014107453754677e-16
A1: [0.08043168759419407, -0.18046780784127914, -0.01958885406721226, 0.11962497464744339] - [0.03741557935005882, 0.13359638553176098, -0.1347261868406558, -0.03628582574072352] - [-0.00170283810387967, 0.22819009741608395, -0.12282840170833893, -0.10365892931045326] - [0.03886323389268533, -0.11448101908736086, -0.04641644193187109, 0.12203422741683043]
A2: [0.03530747850548494, -0.029273440254726873, -0.07569731625122886, 0.0696634448405094] - [0.10289367115797254, 0.2828966210776021, -0.3926064731550819, 0.006815912742502332] - [-0.011187156471497043, 0.5390145338697144, -0.35945106895303514, -0.16837652408059067] - [0.09786278002732872, 0.01746329702682098, -0.16885102896347892, 0.05352485804004755]
B1: 1.8254242375111396e-08 - -8.166278182203736e-09 - -1.3592367329104285e-08 - 4.138271409480976e-09
B2: -2.275061415579374e-08 - 3.62502420859272e-08 - -7.407375926344683e-09 - -1.7211686814952737e-08
