Number: 6702
Error: 8.682030170868447e-16
A1: [0.08043166944177674, -0.18046782599162986, -0.01958887219792041, 0.1196249564971007] - [0.03741556756889608, 0.13359637375950859, -0.13472619859840404, -0.03628583751538305] - [-0.0017028323499312559, 0.22819010316991295, -0.1228283959628188, -0.10365892355804582] - [0.03886320413641299, -0.11448104876011429, -0.04641647166918438, 0.12203419767905267]
A2: [0.0353074272045522, -0.02927349169756173, -0.07569736502757006, 0.06966339114859678] - [0.10289376979475348, 0.2828967205514991, -0.3926063777548481, 0.006816016029555977] - [-0.011187150144076225, 0.5390145402348973, -0.35945106296390816, -0.1683765174132559] - [0.0978627782808251, 0.017463295272379248, -0.16885103062600718, 0.053524856206756434]
B1: -7.802007581167394e-09 - 5.142443028909762e-09 - -2.350637541232154e-08 - -1.2746167805775704e-08
B2: -8.149211590961229e-09 - -1.1959892236923048e-08 - -2.9997060622876524e-09 - -1.5426410238865445e-08
