Number: 820
Error: 3.1687703259705723e-12
A1: [-0.012152425556790296, -0.014516175577220505, 0.018088353616298847, 0.008584132054978029] - [0.06583793813106856, 0.18949786079610348, -0.14531977589441258, -0.11000555155989782] - [-0.09629375455067145, 0.42178543221596526, -0.05345807172464961, -0.2720365270696117] - [-0.0013050039258077038, -0.01820338005570167, -0.0038175509582029014, 0.023395810559492147]
A2: [0.16158308521025472, -0.1677583403905604, 0.008497771566957888, -0.0023366136503793562] - [0.03548620387497142, 0.20751719440479577, -0.11720994588093198, -0.12579155964535696] - [-0.08621652721289355, 0.5815352003936843, -0.23539162877517958, -0.2599384765111372] - [-0.0038346900926616713, -0.004519017193571032, 0.00111053123589055, 0.007243658001049117]
B1: -2.2558982541360724e-08 - 2.1886018158511178e-06 - 1.9416324981772962e-07 - -3.1187356728049895e-07
B2: 2.8120688554228134e-06 - -4.713825247402148e-07 - 3.1176047555146843e-07 - 2.8381615339351882e-06
