Number: 230
Error: 3.069747495388441e-07
A1: [-0.01504288446078589, -0.01749813877000767, 0.014880296690738539, 0.005487993525239928] - [0.06852130169804188, 0.192076800016183, -0.14254515391206848, -0.10701668801570215] - [-0.09239713323825391, 0.42556259144135083, -0.0492167473419662, -0.26748609492149056] - [-0.0007162053022366879, -0.01764731452906697, -0.0031936131895057935, 0.024062934854074618]
A2: [0.16323893116554236, -0.16612703602369577, 0.010138809336829431, -0.000733661553308067] - [0.038950388930140675, 0.21092976533040525, -0.11375652894180603, -0.1224026375757798] - [-0.08656251930381621, 0.5811888422012581, -0.2357392238960453, -0.2602960937292553] - [-0.0046166022326091455, -0.005289478227173153, 0.0003334618959239253, 0.006487638476791486]
B1: -0.00041836200209105956 - 5.215541604033946e-05 - 0.0001925178488125123 - -3.415990793012912e-05
B2: -0.0008377230370802773 - 0.000551524018713446 - 0.0005748889705507875 - -0.0007257225113060315
