Number: 7096
Error: 1.1560289956765452e-15
A1: [0.08043169532756973, -0.18046780010876778, -0.019588846343076515, 0.11962498237993796] - [0.03741559806039068, 0.13359640422792615, -0.13472616816766106, -0.036285807040778065] - [-0.0017028040774182307, 0.228190131441821, -0.12282836773170394, -0.10365889529307955] - [0.03886324010958139, -0.11448101288789983, -0.04641643571893705, 0.12203423362986378]
A2: [0.03530746013295459, -0.029273458678083095, -0.07569733371966071, 0.06966342561173815] - [0.10289369783400555, 0.282896647980018, -0.3926064473543435, 0.006815940676146312] - [-0.011187089514264198, 0.5390146012263309, -0.3594510055764807, -0.16837645352550837] - [0.0978628297523737, 0.017463346978053625, -0.16885098162842468, 0.05352491023512622]
B1: 4.923168602774121e-09 - 1.232240067875389e-08 - -1.1273303455544404e-10 - 1.9011644584992372e-09
B2: 8.811162381938339e-10 - 1.1257502814769196e-09 - 7.91081609024706e-09 - 4.823065479775243e-10
