Number: 9787
Error: 1.0292039201948091e-15
A1: [0.053172474339693264, -0.14800134680424254, -0.026999123037763695, 0.12182774614492606] - [0.005313825286059872, 0.1308367998482779, -0.11360063831918252, -0.022549657758360663] - [-0.014444491354412652, 0.22309160604628417, -0.12704119436298555, -0.08160594778206445] - [0.027146490210376815, -0.10002000792360194, -0.049424478221366294, 0.12229815059493354]
A2: [0.08925440450941065, -0.0729134269694383, -0.12362747631230622, 0.10728632557872521] - [0.10884164369922099, 0.24981409599649673, -0.4048453729474668, 0.046189393556548074] - [0.03663582827179215, 0.46255501629925444, -0.37771755119739164, -0.12147337224443075] - [0.14342653193899874, -0.044606524950950834, -0.20149943906863724, 0.10267996269768412]
B1: 6.969304487839703e-08 - -7.777179856787302e-09 - -3.563596066647588e-08 - -2.5649370728735286e-08
B2: 4.302979586506114e-09 - -8.600901801571753e-09 - -5.0840238806276674e-08 - 4.405471498658171e-08
