Number: 5804
Error: 3.4326082310175144e-06
A1: [0.06701336700920403, -0.19409096539226217, -0.03311532350656774, 0.1061050673343981] - [0.0017097059827223576, 0.09769600099239269, -0.17079722844535272, -0.0722638205598222] - [-0.002566630389578372, 0.2273564290716418, -0.12360794553875691, -0.10448367450493115] - [0.05820035514726401, -0.09516375136606997, -0.026705590139764278, 0.1415866524902091]
A2: [0.041687404502770656, -0.023023549443362785, -0.06938526899127809, 0.076737279678579] - [0.12188563778209555, 0.3017515041967925, -0.37418649723600944, 0.027023987036449256] - [-0.01276053434621735, 0.537725306916764, -0.36099961808742287, -0.1703855396317115] - [0.09933080040943697, 0.01905046818274583, -0.1674144546679779, 0.0549807013709209]
B1: -0.006343181310676416 - 0.0012867997120267994 - -0.0064104205052469875 - -0.005291881481266758
B2: -0.004414126810126056 - 0.0002814467402218737 - -0.009231045397819097 - -0.0032481432550613173
