Number: 9777
Error: 1.2240305035668295e-15
A1: [0.05317253211359121, -0.14800128900911907, -0.026999065327552196, 0.12182780394667564] - [0.005313774958591437, 0.13083674946803434, -0.11360068863902868, -0.02254970815679717] - [-0.014444405291920134, 0.22309169214028024, -0.127041108368634, -0.08160586168886909] - [0.02714643381896753, -0.10002006431490114, -0.049424534731704474, 0.12229809406024371]
A2: [0.08925451949632886, -0.07291331224843021, -0.12362736391612487, 0.1072864419834599] - [0.108841694268351, 0.24981414657454118, -0.40484532337995477, 0.04618944497651437] - [0.036635837927201, 0.4625550259044281, -0.3777175417770936, -0.12147336248888178] - [0.14342630053184427, -0.04460675549622416, -0.20149966501768676, 0.102679727857328]
B1: -6.260265551247723e-08 - 1.760211987451419e-08 - 2.1272000475076372e-08 - 1.7676548941224263e-08
B2: 4.162222741814461e-09 - -2.2922680942247157e-08 - 3.620247842381874e-10 - -4.145368215153231e-09
