Number: 8910
Error: 0.000568647012583172
A1: [0.0602137679595033, -0.18742012393740906, -0.017798993822036126, 0.12145252757606967] - [0.020781682246981122, 0.1324622753867485, -0.12276248417339707, -0.02590533270107854] - [-0.019852030260619442, 0.21795794917044276, -0.12915451795108746, -0.11153048176277609] - [0.014614797703999528, -0.12128786016883299, -0.048204712803302185, 0.12015930362809207]
A2: [0.07662990441076736, 0.01588305315627979, -0.04525484345396345, 0.11913727987356112] - [0.20807180653962257, 0.38939132284658007, -0.29112097159045913, 0.12045980402060949] - [0.11773667838408952, 0.662947088249821, -0.23240234565362233, -0.024399405701608368] - [0.21901655327738354, 0.13513629465640972, -0.047435199139146955, 0.18963856543472704]
B1: 0.004753689434053503 - 0.03239231565208672 - 0.030095027376675958 - 0.026686650488518402
B2: 0.017731877630238396 - 0.014763713567927474 - 0.009409153201492562 - 0.021233268960610868
