Number: 4747
Error: 1.043711430897281e-15
A1: [0.06621321019612383, -0.11395205183223485, -0.023983921788157645, 0.07172289661610613] - [0.03740264042864759, 0.18819339647495517, -0.14740891895757294, -0.07818698235378295] - [-0.060229339203155215, 0.32895083097792494, -0.1277530782512976, -0.14096829094587301] - [0.03904616173755385, -0.05332268359912001, -0.037418587877450005, 0.05169512291281308]
A2: [-0.009108448531554804, -0.34680305047151644, 0.2494552186108377, 0.1064568133093277] - [0.0800399246582001, 0.03628236350744245, -0.050250004177212856, -0.06607185049467164] - [-0.04245281445877205, 0.23083189660543382, -0.04053124018756374, -0.14784783344386232] - [0.06813475013886011, -0.2934678837479349, 0.141771209618665, 0.08356182834338041]
B1: -1.7724133821991536e-08 - 5.721590500710349e-08 - 9.565221087937221e-09 - -3.0838682866379497e-09
B2: 1.4132898149251395e-08 - 5.745349970130678e-09 - 1.888893783825217e-08 - 3.342122192632295e-08
