Number: 3167
Error: 5.404510602967598e-06
A1: [0.06811518746552214, -0.04264459960065447, -0.018138714855735153, 0.013528425400713664] - [0.04750897704849689, 0.19511498105406427, -0.13842565963073525, -0.08811450484476002] - [-0.1270978440381883, 0.41234061372170944, -0.107408918260068, -0.18910400206622507] - [0.040018920543959904, 0.02346385713293834, -0.02930516740757489, -0.018443116717880695]
A2: [0.08545327269020772, -0.15271601908930718, 0.10895327511496683, 0.046072621796066374] - [0.02422235830365578, 0.19523383364482746, -0.10676978583182452, -0.13294164979468362] - [-0.07089299389904162, 0.5360193381496989, -0.20308956142419524, -0.17268718039534678] - [0.00032299024931687226, 0.0453136658778184, -0.024213595926934294, 0.08318980536583316]
B1: 0.02046673153169404 - -0.002939981959158925 - -0.005926573065980494 - -0.01129434252758168
B2: -0.003349849562421333 - -0.00949545292153113 - 0.00039409371696642794 - 0.006666490327985971
