Number: 9478
Error: 2.601716572102945e-13
A1: [0.053172748408939846, -0.1480010726622724, -0.02699884928958865, 0.12182802034446844] - [0.00531580020097157, 0.13083877681425513, -0.11359866371998549, -0.02254768005891432] - [-0.01444170946294761, 0.22309438894767586, -0.1270384146826687, -0.08160316490370294] - [0.027149363614951145, -0.10001713446431697, -0.04942159869440567, 0.1223010313692028]
A2: [0.08925784319145183, -0.07290999621716411, -0.12362411505969545, 0.10728980673661019] - [0.10884275594878257, 0.249815208453673, -0.4048442827264965, 0.04619052453142741] - [0.036636652024483136, 0.462555835782988, -0.37771674749041184, -0.12147253993393811] - [0.143426492404682, -0.04460656433178183, -0.20149947765680287, 0.10267992258475661]
B1: 4.502907637807528e-09 - 1.8194221852877964e-07 - 1.4498449406041824e-07 - 3.5563055524261116e-07
B2: 3.7899497304080123e-07 - 5.551048650488538e-07 - 9.082661917466743e-07 - -3.620788332910817e-09
