Number: 8567
Error: 1.3753985303725115e-15
A1: [0.08043165578617748, -0.180467839645658, -0.019588885837205035, 0.11962494284307482] - [0.03741554972393482, 0.1335963559281137, -0.1347262164075829, -0.036285855350339805] - [-0.0017027950876653878, 0.22819014043137043, -0.12282835875511876, -0.10365888630571897] - [0.03886321398315568, -0.11448103894093425, -0.04641646182869969, 0.12203420751972816]
A2: [0.035307306378138587, -0.02927361285811595, -0.07569747990812517, 0.06966326469094468] - [0.10289369578643476, 0.2828966459151218, -0.3926064493347412, 0.006815938532096032] - [-0.01118715054114874, 0.5390145398354513, -0.3594510633399165, -0.16837651783148092] - [0.09786272102717566, 0.01746323775829301, -0.1688510851279733, 0.05352479610925678]
B1: -1.0308997749343852e-08 - 2.6685623479513376e-08 - 3.1388727725417445e-09 - 1.3524460753864791e-08
B2: -2.644038692148307e-09 - -4.8035709593789655e-08 - -2.03792314866228e-08 - -7.48101723808256e-09
