Number: 5961
Error: 1.7901432097275717e-11
A1: [0.08042332881040455, -0.18047616590966503, -0.01959720155948586, 0.11961661755471156] - [0.03739005131576246, 0.1335708763890661, -0.1347516657275318, -0.036311340645666414] - [-0.0017231131581266568, 0.22816982305146855, -0.12284864573071545, -0.10367919827805505] - [0.03886351918092191, -0.11448073405879189, -0.04641615555870097, 0.12203451312334347]
A2: [0.03532646732778928, -0.029254402837664884, -0.07567926322118859, 0.06968331907868136] - [0.10293031635797655, 0.28293357386792634, -0.3925710320840939, 0.006854284847683001] - [-0.011164350353298444, 0.5390374761081221, -0.3594294828738465, -0.16835249289322765] - [0.09787791997428048, 0.017478504568427155, -0.16883661731925304, 0.0535407500660859]
B1: -1.0714389838593896e-05 - -6.248932176106102e-06 - 1.1203091033612326e-05 - 1.4206380044862164e-06
B2: -8.825760874073366e-06 - 3.413516836464152e-06 - 5.6540293273387104e-06 - -1.1696989516033042e-05
