Number: 1330
Error: 4.453224242957262e-09
A1: [-0.007263780662416021, -0.015070650741495245, 0.0029181394310340038, 0.019376402716371283] - [0.06676638949160504, 0.18982632766143465, -0.14679760042160478, -0.10992946515411109] - [-0.11236376964571698, 0.4420030335567346, -0.07055828050532123, -0.25785988662828574] - [-0.023592052515064948, 0.01512551176815206, -0.030161596417846128, 0.03867648216423439]
A2: [0.13155939234911593, -0.22465499772921727, 0.022640653186764264, 0.07013445315689301] - [0.032679644796819084, 0.20378206406020638, -0.11485515508072286, -0.12142481643420898] - [-0.09490115551899078, 0.5552661928722801, -0.2354758446016041, -0.22590869275956382] - [-0.020938594994030023, -0.019385768895667406, 0.008008047559159839, 0.0320747656900837]
B1: 5.9906776119704954e-05 - -0.00013774213323287625 - -8.299301758592983e-05 - 7.190727584077667e-05
B2: 4.684947542005902e-06 - 9.661539643704451e-05 - -1.5653414378874266e-05 - 7.44887380689309e-05
