Number: 5254
Error: 1.0738859946715354e-15
A1: [0.06621315166963831, -0.11395210905082753, -0.023983980268705338, 0.0717228381878481] - [0.037402555117824005, 0.18819331496628952, -0.1474090028246083, -0.07818706622824585] - [-0.06022938695165021, 0.3289507851178354, -0.12775312497525876, -0.14096833741846115] - [0.03904613566580494, -0.05332270834533791, -0.03741861310092503, 0.051695097894107256]
A2: [-0.0091085945143573, -0.3468032053361133, 0.2494550714467127, 0.1064566602547082] - [0.08003988136819976, 0.03628231687171487, -0.05025005149065289, -0.06607189820990933] - [-0.04245283833569947, 0.2308318702534428, -0.04053126577503488, -0.14784785985074353] - [0.0681347454254768, -0.2934678889375165, 0.14177120450879674, 0.08356182305894015]
B1: -2.9271767278579826e-09 - -6.970666886882889e-09 - -2.512869297794253e-08 - -2.8580782426720885e-08
B2: 3.5995219114388014e-08 - -1.1884825285057749e-08 - -5.88162490360342e-08 - 2.8344599160993615e-08
