Number: 6491
Error: 8.388171818856199e-16
A1: [0.08043169048903509, -0.18046780494675518, -0.01958885117582832, 0.11962497754195524] - [0.03741559340315796, 0.1335963995742165, -0.13472617281561686, -0.03628581169543131] - [-0.0017028152411360296, 0.22819012027834573, -0.12282837887907475, -0.10365890645381735] - [0.03886323459035045, -0.11448101839164414, -0.0464164412346515, 0.12203422811406324]
A2: [0.03530744826437224, -0.029273470579493015, -0.07569734500416796, 0.06966341318998887] - [0.10289373541804032, 0.28289668588302586, -0.39260641100355126, 0.006815980032107064] - [-0.011187089420024552, 0.5390146013211455, -0.35945100548729475, -0.16837645342617794] - [0.09786280432704073, 0.01746332143707124, -0.16885100583170282, 0.05352488354681141]
B1: -5.7488712491530814e-09 - -1.3847888952531306e-09 - -4.347828488475577e-09 - -1.1106894796920626e-09
B2: -2.611876582531719e-09 - -3.95102379859651e-09 - -4.808069969680992e-10 - -4.1827889893432815e-09
