Number: 7802
Error: 1.1140397402341007e-15
A1: [0.08043168185222144, -0.18046781358259772, -0.019588859802309695, 0.11962496890613089] - [0.037415562191530985, 0.13359636838620734, -0.13472620396503654, -0.036285842889764136] - [-0.0017028388161164862, 0.22819009670386373, -0.12282840241953236, -0.1036589300224998] - [0.03886323132394433, -0.11448102164889236, -0.04641644449897409, 0.12203422484968658]
A2: [0.03530744445304061, -0.02927347440134799, -0.07569734862792096, 0.06966340920100147] - [0.10289374282774504, 0.2828966933556422, -0.39260640383696876, 0.006815987791159838] - [-0.011186953354583966, 0.5390147381981247, -0.3594508766981989, -0.16837631004948864] - [0.09786288252925078, 0.017463399994993134, -0.1688509313881708, 0.05352496563357558]
B1: 2.79231067261677e-09 - -1.6376337769818114e-08 - 4.079485896988092e-08 - 2.0558236224049175e-08
B2: 2.9788866446538098e-08 - -2.6611393259304038e-08 - 2.576788376655741e-08 - 2.6079937885745747e-08
