Number: 2112
Error: 0.0030099902425905854
A1: [0.14721998271292025, 0.10803619513335848, 0.07553373288515466, 0.16490989996703787] - [0.10197402997103931, 0.2317835972856724, -0.10092374792829024, -0.0628002130427812] - [-0.15903893257297827, 0.3677440355620258, -0.1866317949785956, -0.199940072178017] - [-0.25076306388782, -0.2349517376944063, -0.28938982401245117, -0.2970185000374025]
A2: [0.18183575863738227, -0.17913401563887252, 0.07577166057621915, 0.05679096814473958] - [0.1110759616916108, 0.2646702315305269, -0.04317625404284791, -0.06095377085488721] - [-0.10580586986099555, 0.4112452476709148, -0.3074595860081365, -0.3781269319642267] - [0.06040055728660068, 0.07125288301176974, -0.020978177818375826, 0.11793263571465891]
B1: -0.03904704002238239 - -0.05354927703139334 - -0.07856058147303836 - -0.019449065344032585
B2: 0.05570431841929388 - 0.0031821898347907836 - -0.007638565582486361 - -0.08224931825228979
