Number: 2440
Error: 4.0619462712295585e-06
A1: [0.062465968004638175, -0.04891819802155988, -0.02427293584967408, 0.00697946222197487] - [0.04756575814128694, 0.19500646503359184, -0.13863510335416696, -0.08827646078602168] - [-0.11164559915240362, 0.4267462094117383, -0.09319964851803603, -0.17545208713502508] - [0.03651215060373471, 0.018798549632199155, -0.033587401876616095, -0.023567866515298908]
A2: [0.06688103163179081, -0.17031271723661295, 0.08992964606613597, 0.027462052097428757] - [0.02373724264909464, 0.19481464879660101, -0.10726997257132655, -0.13333858687991823] - [-0.08786229838912266, 0.519420404333586, -0.21953596311445162, -0.1894352404870977] - [-0.022247435952959704, 0.022371659524966513, -0.04619060988569219, 0.06081221213333528]
B1: 0.00018472677832414344 - -0.002637598978983986 - -0.0003027982952028055 - -0.00221582071564975
B2: 0.002399602536086596 - -0.0020960573871547034 - -0.004557780346117354 - -0.004067938365605836
