Number: 5429
Error: 1.297071259959931e-15
A1: [0.06621321858491257, -0.11395204363078891, -0.02398391340589528, 0.07172290499087568] - [0.03740267410055179, 0.18819342864635455, -0.1474088858553852, -0.07818694924867664] - [-0.060229550994276106, 0.32895062756360594, -0.1277532854976026, -0.14096849707742448] - [0.039046138722800695, -0.053322705443702816, -0.0374186101432534, 0.051695100827768486]
A2: [-0.009108503910679985, -0.34680310922001006, 0.24945516278321447, 0.10645675524737332] - [0.08003983303764939, 0.03628226480597576, -0.05025010431283089, -0.06607195148087384] - [-0.042452828768705576, 0.2308318808121134, -0.04053125552304243, -0.14784784927009195] - [0.06813476520167601, -0.2934678671631839, 0.14177122594765534, 0.08356184523157573]
B1: -8.874644164316349e-09 - -4.40556688527965e-08 - -2.7061553198436074e-09 - -1.236050485279004e-09
B2: -1.796105948031291e-08 - -3.407004251406902e-10 - -3.839027464221385e-08 - 4.9428030588170785e-08
