Number: 4378
Error: 1.216553412390068e-15
A1: [0.06621306571073719, -0.11395219308887497, -0.023984066160153385, 0.07172275237323339] - [0.037402618296549534, 0.18819337532921954, -0.1474089407151228, -0.07818700411325714] - [-0.060229393219211766, 0.3289507790984327, -0.12775313110825484, -0.14096834351870174] - [0.03904616711100129, -0.053322678498845776, -0.03741858267882063, 0.051695128069281074]
A2: [-0.009108501393081128, -0.34680310654915136, 0.2494551653217307, 0.1064567578870973] - [0.08003985510217515, 0.03628228857571145, -0.05025008019798863, -0.06607192716089672] - [-0.04245275874953004, 0.23083195808956014, -0.04053118048748212, -0.14784777183157183] - [0.06813473063622617, -0.2934679052211494, 0.1417711884761469, 0.08356180647735002]
B1: -1.8254943983073657e-08 - 2.1536718497235193e-08 - 1.4964125702640827e-08 - -1.92718859284198e-08
B2: 1.7707490051280786e-08 - 2.6307179027891454e-08 - -2.293640379528077e-09 - -3.5782308413213246e-08
