Number: 2725
Error: 5.324932376608993e-09
A1: [0.06294108394061852, -0.04836434001288486, -0.02393294748186418, 0.007365739059918283] - [0.043468049197135795, 0.19108353334305883, -0.1427640192263456, -0.09272532896955332] - [-0.12321167781915791, 0.41509463985010414, -0.10462189777080844, -0.1868359948147248] - [0.036973937012067234, 0.019138007480581847, -0.03316090124512695, -0.02308015683436259]
A2: [0.0636969972702944, -0.17343067705033766, 0.08658209634864206, 0.02421226075047682] - [0.029457527657337005, 0.20046370150987133, -0.10154291940617989, -0.1277090241449863] - [-0.09271147502306067, 0.5143680876800507, -0.22490638548342448, -0.19442126124458767] - [-0.025149062367993434, 0.019295518057680237, -0.04951064565055633, 0.057735096785077974]
B1: 1.4482956065680117e-05 - 0.00017092227467705297 - 2.149767871858447e-05 - 1.06650997187998e-05
B2: -0.0001099712878369482 - 6.986606467067208e-05 - 4.784207828002719e-06 - 9.606261011091917e-05
