Number: 1454
Error: 2.7311928035108573e-09
A1: [-0.007288772428600152, -0.0150959776817843, 0.0028918748795394426, 0.019350761408969613] - [0.06680704854639846, 0.1898654846005081, -0.14675546011027218, -0.10988426248937483] - [-0.11272210816546026, 0.441651159553412, -0.07093200833003065, -0.25824795139187684] - [-0.023839138383972912, 0.014882451127540396, -0.0304143366664858, 0.038415531305255754]
A2: [0.13162617007177485, -0.2245890458447081, 0.02270596439192146, 0.07019968443999558] - [0.03263751343726385, 0.20374064466606354, -0.11489698519142183, -0.12146600652943132] - [-0.09478551957579597, 0.5553797498533382, -0.23536238383752636, -0.22579503701172463] - [-0.021006939619809706, -0.019452862878274222, 0.007939986054700447, 0.032009074435137765]
B1: 5.170339499460998e-05 - 4.016740268491721e-05 - 1.5129121195544418e-05 - -1.2256070746163687e-06
B2: 2.8503604384109005e-06 - -6.279987651726237e-05 - -3.7736939734978174e-05 - -1.6213825485354384e-07
