Number: 9855
Error: 9.073363936726726e-16
A1: [0.053172511564245115, -0.1480013095659822, -0.026999085854210056, 0.12182778338744382] - [0.005313722683209683, 0.13083669713785645, -0.11360074090645035, -0.022549760505848993] - [-0.014444519400334104, 0.22309157799013013, -0.1270412223866599, -0.0816059758379728] - [0.027146424256430424, -0.10002007387744923, -0.049424544314439794, 0.12229808447340698]
A2: [0.08925454371531451, -0.07291328808540964, -0.1236273402427754, 0.10728646650106013] - [0.10884173347953739, 0.24981418579266396, -0.40484528494541655, 0.04618948484746728] - [0.03663585671893087, 0.4625550445983695, -0.3777175234429454, -0.12147334350223646] - [0.14342636140538503, -0.0446066948493995, -0.2014996055799329, 0.10267978963400236]
B1: -2.8624701279085895e-08 - 9.173359434364316e-09 - 3.004052510727212e-08 - 2.542864471124443e-08
B2: 4.4226300070947336e-09 - 7.959250565563825e-09 - 1.2915882644537263e-09 - 9.435615378166755e-09
