Number: 2320
Error: 7.272730329634097e-05
A1: [0.032608184712238954, -0.08202561716490975, -0.06111522257990915, -0.02575319646215658] - [0.01838592329858355, 0.1672223103962121, -0.16810291092723628, -0.11872659409082567] - [-0.14882926899541235, 0.3911338974341634, -0.13003172821961959, -0.2109218697831472] - [0.018818339829752194, 0.0029593896929587865, -0.0489425671396154, -0.03938388525133977]
A2: [0.07285809992569595, -0.16214583034205085, 0.09843609892047872, 0.034574748366334285] - [0.027715494694842465, 0.19821857794091602, -0.10345679695024378, -0.12964961735106117] - [-0.056949669079249185, 0.546189881364599, -0.19022287212240283, -0.1616814738075329] - [-0.02545760635213158, 0.01762661768597979, -0.049529336339944566, 0.05769616249438066]
B1: 0.004582640491801559 - 0.00968264360695633 - -0.016532773728024787 - -0.002343084953401758
B2: -0.01970762503131491 - 0.023714127793296836 - -0.01459700884080908 - -0.011637597367772569
