Number: 3425
Error: 3.7117347333429916e-08
A1: [0.06719617174502508, -0.1129922437043024, -0.023003239223327216, 0.07270342578986125] - [0.03776051585621463, 0.18853520658108802, -0.14705702497945453, -0.07783488193705547] - [-0.05891261390952115, 0.3302141992003083, -0.12646597704913354, -0.13968978412674904] - [0.0403484230414985, -0.052084961689749396, -0.03615801719371259, 0.052944254925167696]
A2: [-0.009426992766169788, -0.34713998097482796, 0.24913349069450663, 0.10612496926956405] - [0.08040755416904756, 0.03667830807739358, -0.049849119910356135, -0.06566757142556341] - [-0.04150567528623054, 0.2318768012425642, -0.03951756286534043, -0.14680080817407526] - [0.06899982029012182, -0.2925152223074878, 0.1427108796336873, 0.08453394469026831]
B1: -0.00043299094324810344 - 0.00011723482089420894 - 0.00012340311103666116 - -8.860104336172217e-05
B2: -0.0005282178994657242 - -6.0609670001920096e-05 - -0.00013654448578789884 - 0.00018080297322282528
