Number: 1842
Error: 7.742215899111433e-08
A1: [-0.006634924003626662, -0.01441506655993151, 0.003612523733357934, 0.020008290091105684] - [0.06741802050775704, 0.1904588276271143, -0.1461254246231177, -0.10920362189195275] - [-0.11191864644394599, 0.4424713246373765, -0.07014012341317574, -0.25736330574461214] - [-0.02254910370762378, 0.016186960244895944, -0.0291668452456261, 0.03978575014782802]
A2: [0.13177202996060403, -0.22448197658510868, 0.022855457242711673, 0.07033604336269035] - [0.033603524683075, 0.2047052084688113, -0.1139331694482106, -0.12051249145997046] - [-0.09439604585025237, 0.5557815435731547, -0.23489881929473566, -0.2253003622644701] - [-0.019890728782354754, -0.018389410129464524, 0.009038421219424159, 0.0330636914938878]
B1: 0.0003146108532321761 - 0.0003092448123406802 - 7.687348549459774e-05 - 0.0004919519874750139
B2: -0.00023147315709452153 - 0.0002950709842229841 - 0.00026717975836259444 - 0.0002104082608130512
