Number: 1504
Error: 6.355878855755591e-09
A1: [-0.007926483630829645, -0.015739571284316092, 0.0022286300934496023, 0.018695481658419437] - [0.06647288196542028, 0.1895439370903952, -0.14710090234599443, -0.11025601451422146] - [-0.11322090930418514, 0.44116218830041176, -0.07145164039014709, -0.2587878435863914] - [-0.023805003853625314, 0.014915828399484183, -0.030379207844518353, 0.03845191284440188]
A2: [0.1315733558863969, -0.2246410003179581, 0.02265378521666396, 0.0701481437743227] - [0.03266522999276528, 0.20376788994776646, -0.11486939304259398, -0.12143896025632961] - [-0.09457766458391599, 0.5555840842254425, -0.23515859691743718, -0.22559151140423855] - [-0.020740064288361216, -0.0191897981150796, 0.00820427949449734, 0.03226534362084684]
B1: -0.00013614577338916906 - -0.0003126812809337437 - -7.517635073133326e-05 - -4.030334625105086e-05
B2: -0.00011859954272456092 - -3.811404084454309e-05 - 0.00016006890820784606 - -0.00038273724403024373
