Number: 6938
Error: 1.1418601999724671e-15
A1: [0.08043166221424686, -0.18046783321833995, -0.01958887941680592, 0.11962494927039712] - [0.03741559217602965, 0.133596398348017, -0.1347261740402992, -0.0362858129218804] - [-0.0017028055421114642, 0.22819012997715946, -0.12282836919425018, -0.1036588967573814] - [0.03886323930189069, -0.11448101369332529, -0.0464164365261144, 0.12203423282267416]
A2: [0.0353074548467841, -0.029273463978873985, -0.07569733874568682, 0.06966342007919234] - [0.10289377290988566, 0.282896723693071, -0.39260637474192916, 0.006816019291552551] - [-0.01118719321940044, 0.5390144969026408, -0.35945110373565425, -0.16837656280322466] - [0.09786280410467854, 0.01746332121369642, -0.16885100604337458, 0.05352488331340048]
B1: 2.5595279549907975e-08 - -1.6628889044992346e-09 - -1.9311706144829247e-08 - 6.7761431633318e-09
B2: -1.6825625645210338e-08 - 1.1115085353165634e-08 - 1.5550348116397364e-08 - 3.934747824533841e-09
