Number: 2544
Error: 2.3795269193480667e-08
A1: [0.06418650953502714, -0.0471173206248609, -0.022695475153499907, 0.008603354255383855] - [0.043656705488628066, 0.1912647313834628, -0.14257187888387218, -0.09252067689477332] - [-0.12295968167309267, 0.4153532525705177, -0.10436180926017664, -0.18657696878924884] - [0.03750630992746039, 0.019679946474918938, -0.03262417805343596, -0.022545864021968332]
A2: [0.06272798282881054, -0.17440561241421038, 0.08561700369588887, 0.023254896220481068] - [0.028998848392299596, 0.20001159819338174, -0.102000073665763, -0.1281582020740575] - [-0.09397716862656734, 0.5131242866219422, -0.226178219514135, -0.19564768807715083] - [-0.026076098716186442, 0.018375642322662793, -0.050445162413909166, 0.056829697685526315]
B1: 0.00018845773412515818 - 0.00028751284681520966 - -0.00012629274812871676 - -4.665979834435616e-05
B2: 0.00013037829135828969 - -0.0003601344628783616 - 2.027705442002118e-05 - 9.298477433235909e-05
