Number: 7794
Error: 9.679005231580553e-16
A1: [0.08043168511412355, -0.18046781032106515, -0.019588856544307098, 0.11962497216766085] - [0.03741556396491941, 0.13359637015825374, -0.13472620219518228, -0.03628584111735842] - [-0.001702824443036989, 0.22819011107663684, -0.1228283880674965, -0.10365891565325579] - [0.03886323107689269, -0.11448102189525083, -0.04641644474586769, 0.12203422460278879]
A2: [0.03530747697563851, -0.029273441788800172, -0.07569731770581313, 0.06966344323938943] - [0.10289370956778746, 0.2828966598134081, -0.39260643600558287, 0.006815952963151311] - [-0.011187072843771791, 0.5390146179962527, -0.3594509897974504, -0.1683764359592667] - [0.09786283289088939, 0.017463350130849258, -0.168850978640729, 0.05352491352951329]
B1: -1.3427933206082145e-08 - 1.0104275845970772e-08 - 8.252838936760506e-09 - -1.3790796697897224e-09
B2: 1.0465525072482778e-08 - -1.161472637514582e-08 - 4.5744802855755105e-09 - 1.021273893036871e-08
