Number: 9319
Error: 5.084601110157794e-10
A1: [0.05317398068502303, -0.1479998415958321, -0.026997614448362583, 0.12182925188803026] - [0.005149070758530982, 0.13067188037136765, -0.11376536331668198, -0.022714649697790124] - [-0.014340239888560596, 0.2231958886349795, -0.1269370209920238, -0.0815016535172895] - [0.02705575742797584, -0.10011073846633903, -0.04951539787919346, 0.12220718357331861]
A2: [0.08922382047481336, -0.07294393193741204, -0.12365737780748257, 0.10725536555991227] - [0.10888284943354425, 0.24985531601694846, -0.40480498688209454, 0.04623129543842898] - [0.036624988432925505, 0.4625442317118405, -0.37772813008516, -0.12148432657683993] - [0.14338990731486972, -0.04464302070125415, -0.20153520636094668, 0.10264279124864284]
B1: -5.0578014799197345e-05 - -2.1307355384106184e-06 - 2.055049909092774e-06 - 2.409790306524013e-05
B2: -2.218463547937243e-05 - -2.2228859102552103e-05 - 6.513322058126441e-06 - -3.664663375228379e-05
