Number: 7734
Error: 9.237472152308944e-16
A1: [0.08043165540743982, -0.1804678400243857, -0.01958888621546973, 0.1196249424643704] - [0.03741555365931296, 0.13359635986044638, -0.13472621248025643, -0.03628585141725679] - [-0.0017028604161321717, 0.22819007510430767, -0.12282842398792085, -0.10365895161675008] - [0.03886320516348403, -0.11448104773593819, -0.04641647064276324, 0.12203419870548607]
A2: [0.03530740143291412, -0.029273517540467576, -0.07569738953095899, 0.0696633641758228] - [0.1028936820539065, 0.282896632066006, -0.39260646261666665, 0.006815924152119565] - [-0.011187144311884755, 0.5390145461018739, -0.35945105744365446, -0.16837651126762335] - [0.09786276464302365, 0.017463281572551777, -0.16885104360835013, 0.0535248418915503]
B1: -9.729504552919688e-11 - -2.168275858841547e-09 - 2.1305580018312008e-09 - 1.88073166646552e-09
B2: 5.286755488953326e-09 - -1.787831481456685e-08 - 2.220231063038033e-09 - 4.582580376658798e-09
