Number: 9041
Error: 0.00011916736375172754
A1: [0.13030984379170346, -0.09500028529290268, 0.046646252778073445, 0.1920901987740102] - [0.021249096977351983, 0.14048143787017828, -0.10104071430831292, -0.009785901191143651] - [0.002751323524882072, 0.24917235595398526, -0.0948393469066106, -0.057318878377726624] - [0.03990456858824219, -0.09042835727882952, -0.03329945288687057, 0.13456125697718085]
A2: [0.0074624938455899615, -0.14113744782581503, -0.18364559680246437, 0.03999237007742755] - [0.1777667610016322, 0.30015425775213167, -0.3551699375358102, 0.09818108122567304] - [-0.004890858441353535, 0.42897727428933907, -0.4240204499654188, -0.16063755921943515] - [0.09967069105802946, -0.08342091168577598, -0.24374319446327739, 0.06274379201008827]
B1: -0.0026918959374150637 - 0.013308534281374443 - 0.01695203750126317 - 0.0012728564458200347
B2: 0.030542642050895824 - 0.007822857376297728 - -0.002644342680887094 - 0.007671929254023843
