Number: 4371
Error: 1.070923319229273e-15
A1: [0.06621304040273679, -0.11395221783132738, -0.02398409144829311, 0.07172272710770287] - [0.03740264763392014, 0.18819340335908774, -0.1474089118742387, -0.07818697526981867] - [-0.06022944018429153, 0.3289507339910546, -0.1277531770655131, -0.1409683892287861] - [0.03904614169936331, -0.05332270261861837, -0.03741860726373261, 0.0516951036839887]
A2: [-0.009108472454197164, -0.3468030758495281, 0.2494551944947635, 0.10645678822793128] - [0.0800398564856048, 0.036282290066061276, -0.05025007868597975, -0.06607192563604898] - [-0.042452713379241815, 0.2308320081630033, -0.040531131866906614, -0.1478477216537702] - [0.06813464708779679, -0.29346799721157407, 0.1417710979016261, 0.08356171280417254]
B1: -4.2785961274043515e-08 - 2.4141805463093432e-08 - 3.0728506898429634e-08 - -4.99235190326034e-08
B2: 2.4851700698062927e-08 - 4.357586451276814e-08 - -1.52848900639005e-08 - -9.254376467186726e-08
