Number: 608
Error: 5.0050009567463776e-14
A1: [-0.0121528768150549, -0.014516639066875307, 0.01808785486421924, 0.008583649841775991] - [0.06583520813128248, 0.18949523464634935, -0.14532259847546122, -0.11000859113880707] - [-0.09629270297377603, 0.4217864485372903, -0.05345693060710129, -0.27203530191868175] - [-0.0013211326352984437, -0.01821889132840463, -0.0038347194154759383, 0.023377168487046088]
A2: [0.16158634951496212, -0.16775513756551913, 0.00850097008747579, -0.002333431451237106] - [0.03548565029189322, 0.20751664971618208, -0.11721049714361914, -0.12579210119303208] - [-0.0862139350197193, 0.5815377394446314, -0.23538910644186548, -0.25993594880984777] - [-0.0038350355069852416, -0.004519356877964481, 0.0011101893747652327, 0.007243327510788746]
B1: 3.300879383284978e-08 - 2.335152316290922e-07 - 1.4539747790832498e-08 - 8.41209008468119e-08
B2: -2.328062883283377e-07 - 7.294867613703381e-08 - -9.801865736886355e-08 - -1.5569196372768837e-07
