Number: 3794
Error: 9.50205575352167e-16
A1: [0.0662132373924553, -0.11395202524365494, -0.023983894613155716, 0.07172292376682438] - [0.037402631992953475, 0.18819338841519972, -0.1474089272505234, -0.07818699064744276] - [-0.06022934598222685, 0.3289508244669998, -0.1277530848849047, -0.1409682975440203] - [0.039046152038743225, -0.05332269280494378, -0.03741859726078012, 0.051695113605719704]
A2: [-0.009108668149038714, -0.34680328345122025, 0.24945499721656492, 0.10645658305254921] - [0.0800398251427599, 0.03628225630083139, -0.05025011294193038, -0.06607196018289334] - [-0.04245282963800007, 0.23083187985267783, -0.040531256454377114, -0.14784785023155989] - [0.06813477856984379, -0.2934678524441792, 0.14177124044081754, 0.08356186021975817]
B1: -1.1589221281556693e-08 - 3.403392621593119e-08 - -1.2991219914164812e-08 - 2.1847650737737837e-08
B2: -1.3488170292077105e-08 - 1.1109374516827298e-08 - -1.3031190115724666e-08 - 1.6968910823101715e-08
