Number: 2067
Error: 7.177003257225899e-05
A1: [0.018283691064299508, -0.013934897084580549, -0.003964975097924817, 0.005926020051195925] - [0.040414137547971296, 0.16924549762532504, -0.17079334493775614, -0.13791681498644373] - [-0.1152054617051921, 0.43963010247752177, -0.06538906819823107, -0.22133301450501408] - [-0.01792630642467477, 0.007597516776961761, -0.05981318371423755, -0.01695758187799293]
A2: [0.1357613093849451, -0.18978313081758566, 0.07181252790153438, 0.08812131898515778] - [0.03162477862904427, 0.19598901820304165, -0.12334753786602522, -0.12727300762750507] - [-0.13903489869660224, 0.5069100427196068, -0.27536822375208925, -0.2671912704473147] - [-0.01938036053981909, -0.01871799279910618, -0.026705419569698116, 0.06366295099614477]
B1: -0.005446911040302717 - 0.0214167017771971 - 0.01159408104217426 - 0.019501853311916263
B2: 0.027683566420049387 - -0.003236678382450109 - -0.0007373769054955194 - 0.008174464437650795
