Number: 8179
Error: 8.691550113741344e-16
A1: [0.08043171499062043, -0.18046778044797546, -0.019588826703590603, 0.11962500204071093] - [0.03741557938037163, 0.13359638556208878, -0.13472618681032533, -0.03628582571037446] - [-0.0017028112398572446, 0.22819012427952837, -0.12282837488366126, -0.10365890245360766] - [0.03886325713418811, -0.11448099591108496, -0.04641641870519657, 0.12203425064387836]
A2: [0.035307566743779606, -0.029273351772362365, -0.0756972323552061, 0.06966353719127845] - [0.10289377206174993, 0.2828967228377354, -0.39260637556219274, 0.006816018403384706] - [-0.011187114321805323, 0.5390145762707919, -0.35945102905738047, -0.16837647966605168] - [0.09786278125269371, 0.017463298257753796, -0.16885102779701805, 0.05352485932629006]
B1: 3.406610370547491e-08 - 5.5327023074425485e-09 - -4.07340790514988e-09 - 2.1272092518618533e-08
B2: 2.2998995021872688e-08 - -8.285383872689104e-10 - 1.2189334814007435e-08 - 1.8247095377142414e-08
