Number: 843
Error: 4.6342532680691957e-10
A1: [-0.012179402876242685, -0.014543884020656308, 0.018058535584146003, 0.008555303610627875] - [0.0658372533254191, 0.18949720203941195, -0.1453204839137099, -0.11000631403304756] - [-0.09631822467264348, 0.4217617821947364, -0.053484624665373855, -0.2720650360174434] - [-0.0013198966517654, -0.018217702341114448, -0.0038334039675233978, 0.023378597271685078]
A2: [0.16157769555982388, -0.16776362871353345, 0.008492490482412199, -0.0023418672662071293] - [0.03548462794313473, 0.20751564377459147, -0.11721151522382377, -0.12579310123255594] - [-0.08622151692173076, 0.5815303128362006, -0.23539648405797944, -0.25994334149469006] - [-0.0038373524252825948, -0.0045216353280167895, 0.0011078961065052134, 0.0072411109892091315]
B1: 1.0259301113735306e-05 - 9.403971159836927e-06 - 5.737473606065647e-06 - 6.180779181353199e-06
B2: -1.0778121901646212e-05 - -2.6457406641062254e-05 - -1.2931122867330294e-05 - -1.7792276013490084e-06
