Number: 2506
Error: 8.526509485946163e-08
A1: [0.0640096118811464, -0.04730010955644869, -0.02287414484784886, 0.008422181690680083] - [0.0422633678904557, 0.1899191033614062, -0.14401096177669806, -0.09405530791847132] - [-0.12370040837652725, 0.41460550765342036, -0.10511306363257183, -0.1873289292083876] - [0.03619695938738033, 0.0183617467443942, -0.03393782878414848, -0.023856230971653163]
A2: [0.06212778405332543, -0.17499322289420444, 0.08501510754264917, 0.02266306238924227] - [0.028273088688680403, 0.19930014336034857, -0.10272239653159661, -0.1288671003532993] - [-0.09473883180002911, 0.5123933135965507, -0.2269378602062876, -0.19637941084349475] - [-0.02626506940347235, 0.01820085762738273, -0.05062949257312389, 0.05665265718967088]
B1: 0.00019513797589484048 - -0.00028628794796844634 - -0.00025129098684722914 - -0.0003135300793316489
B2: 2.897355840423692e-05 - -0.0004880766076977289 - -0.0002779193882989954 - -0.00037510264097424903
