Number: 7077
Error: 1.1728258671327881e-15
A1: [0.08043169832815819, -0.18046779710851932, -0.019588843346075906, 0.11962498538018367] - [0.037415601148178344, 0.13359640731337666, -0.13472616508602595, -0.036285803954700865] - [-0.0017027969231900337, 0.22819013859589699, -0.12282836058795023, -0.10365888814076048] - [0.03886324271932315, -0.11448101028548162, -0.046416433110858, 0.12203423623798369]
A2: [0.035307494360741924, -0.029273424355626538, -0.07569730117630939, 0.06966346143482299] - [0.10289371833291641, 0.2828966686529044, -0.3926064275280634, 0.00681596214149866] - [-0.011187114619719166, 0.5390145759711332, -0.359451029339345, -0.16837647997999777] - [0.09786282826499192, 0.01746334548390642, -0.1688509830443156, 0.05352490867385959]
B1: 7.322439483272806e-09 - -9.730568065217953e-09 - -6.1021945943488954e-09 - 2.770807511935113e-09
B2: -1.5574969357879077e-09 - -2.6482126381566467e-09 - -1.7593262860945236e-09 - -4.211588690209889e-09
