Number: 4143
Error: 9.395074697439868e-16
A1: [0.06621316467547653, -0.1139520963356378, -0.02398396727305811, 0.07172285117189256] - [0.037402601341460284, 0.1881933591297874, -0.14740895738327855, -0.07818702078286902] - [-0.06022937883978365, 0.3289507929091233, -0.12775311703735345, -0.1409683295235241] - [0.039046090525173396, -0.05332275119129799, -0.037418656773101834, 0.05169505457661575]
A2: [-0.009108591043750251, -0.3468032016544994, 0.24945507494571173, 0.10645666389329905] - [0.08003983721365245, 0.0362822693046397, -0.050250099749130465, -0.06607194687807347] - [-0.04245287690933748, 0.2308318276810791, -0.04053130711222089, -0.14784790251190028] - [0.0681348238362898, -0.29346780260386374, 0.14177128951397444, 0.0835619109717894]
B1: 3.51767704592393e-08 - -1.1345428220537129e-08 - -2.803836042033022e-08 - 1.4628738104810577e-08
B2: 2.089179998354962e-08 - 2.302492745902215e-08 - -1.6845393207380058e-08 - -1.012200743281112e-08
