Number: 7202
Error: 1.1040248610042346e-15
A1: [0.08043170988853765, -0.18046778554945078, -0.019588831799522456, 0.11962499693924103] - [0.03741561392874842, 0.13359642008427344, -0.13472615233092308, -0.036285791181211474] - [-0.0017028352399651241, 0.2281901002799487, -0.1228283988486088, -0.10365892644730137] - [0.03886326402932017, -0.11448098903529418, -0.04641641181444896, 0.12203425753473132]
A2: [0.03530738006423687, -0.02927353896825847, -0.07569740984800588, 0.06966334181116347] - [0.10289377702675676, 0.2828967278448836, -0.39260637076013666, 0.006816023602514834] - [-0.011187120894340154, 0.5390145696590869, -0.359451035278407, -0.1683764865917848] - [0.09786276464371564, 0.017463281573240032, -0.16885104360766912, 0.053524841892246634]
B1: 3.6463048215015455e-10 - -7.883467257351647e-09 - 2.1108312882136017e-08 - 1.0992513494616728e-08
B2: 1.4426188754520598e-08 - 1.333936510711027e-08 - -1.5897276292926984e-08 - 1.8187069248279298e-08
