Number: 3736
Error: 1.1398449501071635e-15
A1: [0.06621317393443085, -0.11395208728359471, -0.023983958021381473, 0.07172286041529394] - [0.037402587499231976, 0.18819334590446676, -0.14740897099127, -0.07818703439204748] - [-0.0602293155696724, 0.3289508536765785, -0.12775305512498009, -0.14096826794416664] - [0.0390460663234803, -0.05332277416262924, -0.03741868018742329, 0.05169503135245147]
A2: [-0.009108434809672002, -0.3468030359144435, 0.24945523244393614, 0.10645682769627407] - [0.0800398188632999, 0.036282249536056646, -0.0502501198050272, -0.06607196710425785] - [-0.042452821673316064, 0.23083188864301615, -0.04053124791908943, -0.14784784142292573] - [0.06813493322427552, -0.293467682162723, 0.14177140810131472, 0.0835620336161715]
B1: -5.060161256265194e-09 - 1.623842828500286e-08 - -1.4106952375035848e-08 - 4.177611483680598e-08
B2: -3.0101543472904666e-08 - 3.087890378101721e-08 - 1.0514839930915815e-08 - 3.864198838037655e-09
