Number: 4476
Error: 8.570590511029831e-16
A1: [0.06621317885012007, -0.11395208247777415, -0.023983953109558954, 0.07172286532273311] - [0.03740261686415886, 0.18819337396066707, -0.14740894212327105, -0.07818700552152481] - [-0.06022928599762453, 0.3289508820788784, -0.12775302618752274, -0.14096823916226797] - [0.039046145044184126, -0.05332269944385197, -0.0374186040277466, 0.051695106893717764]
A2: [-0.00910848740195358, -0.3468030917067963, 0.24945517942603035, 0.10645677255598278] - [0.08003982092718502, 0.03628225175947672, -0.05025011754928759, -0.06607196482935375] - [-0.042452868431131045, 0.2308318370382295, -0.04053129802655015, -0.1478478931351738] - [0.06813486015400232, -0.2934677626165707, 0.1417713288857862, 0.08356195169054889]
B1: -1.9282778708990277e-08 - -3.369744005760508e-09 - -2.2673616937180588e-08 - 2.6839931270802904e-08
B2: 1.677853542534727e-08 - 5.471404002862888e-09 - -5.7970194039049295e-08 - 7.663947603535044e-09
