Number: 7852
Error: 6.676860403130975e-16
A1: [0.08043165805966608, -0.1804678373724611, -0.019588883566418466, 0.11962494511629143] - [0.037415652129459874, 0.1335964582560618, -0.1347261142063206, -0.0362857530016615] - [-0.0017028324922946998, 0.22819010302754825, -0.12282839610496989, -0.1036589237003662] - [0.038863203366779515, -0.11448104952760248, -0.04641647243832826, 0.12203419690989505]
A2: [0.035307410612436925, -0.029273508335542875, -0.07569738080317362, 0.06966337378317868] - [0.10289373916217297, 0.2828966896589585, -0.3926064073822645, 0.0068159839527744985] - [-0.011187020366772537, 0.5390146707862485, -0.35945094012676504, -0.16837638066249036] - [0.09786282677605786, 0.01746334398820644, -0.1688509844616579, 0.05352490711093712]
B1: -4.062330919220666e-08 - -2.223102981777328e-08 - 1.2658865128443991e-09 - -1.6642200147167328e-08
B2: -2.9420375903880338e-08 - 6.8185797557688425e-09 - -1.0939216420953384e-08 - -3.407900931439429e-08
