Number: 2559
Error: 1.6599883027741787e-08
A1: [0.06311304667435708, -0.04818697317989565, -0.02375984357977978, 0.007537937633943817] - [0.04357702311641377, 0.19118870225384277, -0.14265255700526844, -0.09260687875422477] - [-0.1235635546290361, 0.41475174276814586, -0.10496805816974028, -0.18718067564756136] - [0.037154026763250615, 0.01932592799227666, -0.03297740511318058, -0.022897429517596078]
A2: [0.06430439640809903, -0.17283380553706007, 0.0871901588949514, 0.024811178066246654] - [0.02970609758863046, 0.20070828645890304, -0.1012952550637606, -0.12746605601705213] - [-0.09312836590509557, 0.513956912578139, -0.22532761779226182, -0.19482588625548317] - [-0.02599623389524277, 0.01845411943983249, -0.05036516075254176, 0.05690750655520679]
B1: -0.00020964356527977118 - 5.825701379057847e-05 - 0.00021046035394791106 - 0.000327892658643905
B2: 0.000270487356689009 - -4.594900300978947e-06 - 0.00012745906501570838 - 8.317128363084954e-06
