Number: 4189
Error: 1.0850470958040282e-15
A1: [0.06621317937422384, -0.1139520819653609, -0.02398395258584767, 0.07172286584597053] - [0.037402617045670064, 0.18819337413409354, -0.14740894194483561, -0.07818700534306185] - [-0.0602293905930607, 0.32895078162075436, -0.12775312853841256, -0.14096834096272343] - [0.039046114203900174, -0.05332272871634333, -0.03741863386472547, 0.05169507729898281]
A2: [-0.009108428305245516, -0.3468030290143777, 0.24945523900094094, 0.10645683451573675] - [0.08003983654290135, 0.03628226858204824, -0.05025010048222386, -0.06607194761739157] - [-0.042452843348378594, 0.23083186472104156, -0.040531271146959154, -0.1478478653947361] - [0.06813483274843996, -0.29346779279120305, 0.14177129917559617, 0.08356192096394802]
B1: -2.166699243165865e-10 - -1.0833442207196218e-09 - -2.3119137799948957e-08 - 8.27631659865154e-09
B2: -6.549358302416352e-10 - 5.536378585894624e-09 - -5.170232887359199e-09 - -1.6734050650823895e-08
