Number: 7645
Error: 2.6499503659211115e-16
A1: [0.08043169282797903, -0.1804678026080834, -0.01958884883968129, 0.11962497988063157] - [0.0374156354956924, 0.13359644163489115, -0.1347261308069415, -0.03628576962621081] - [-0.0017027801529493946, 0.2281901553657793, -0.12282834384225985, -0.10365887137499044] - [0.038863243805587006, -0.11448100920227662, -0.046416432025289445, 0.12203423732356936]
A2: [0.03530754632034859, -0.029273372252302542, -0.07569725177370164, 0.06966351581609888] - [0.10289384507614795, 0.28289679647181315, -0.3926063049436163, 0.006816094860119904] - [-0.011187312361879856, 0.5390143770495497, -0.359451216506785, -0.1683766883476013] - [0.09786271942777264, 0.017463236151635458, -0.16885108665038, 0.05352479443029695]
B1: 2.7098986360677593e-08 - 6.92847343500167e-08 - 3.1123814265245404e-08 - 4.550998044329588e-08
B2: 3.065862548865338e-08 - 4.7974358224185525e-08 - 5.65609322067669e-08 - 2.9166598076793393e-08
