Number: 8849
Error: 3.469096319931547e-05
A1: [0.07488674701937326, -0.18605549137928337, -0.02635400422595736, 0.11430047426430623] - [0.030472871290430394, 0.1266068262017893, -0.14261374708665386, -0.04307947267590849] - [-0.009981177979244832, 0.21995461773955444, -0.1315118183814152, -0.11190553427530828] - [0.034537595861551716, -0.11879565147308666, -0.05215219659052134, 0.11796958037822343]
A2: [0.057081822036298475, -0.007594525878961528, -0.05479523522675977, 0.09244072720250769] - [0.08477596259193912, 0.2646097178400693, -0.40988119386464433, -0.012158651273319575] - [-0.002258261141019676, 0.547504677197617, -0.35141996401386355, -0.1587829424092073] - [0.11419369138337351, 0.033824387605223556, -0.15296620613039902, 0.07061817889391347]
B1: 0.004846052968521901 - -0.01261722413565175 - 0.002437505732970845 - 0.0017088576726133863
B2: 0.004621792369953289 - 0.0026205329714153996 - -0.0014702167629882142 - 0.006003232589264143
