Number: 9655
Error: 2.467589586052785e-14
A1: [0.053172787012485415, -0.14800103401823683, -0.02699881071116526, 0.12182805896886982] - [0.005313725171174525, 0.1308366996260421, -0.11360073842195625, -0.022549758013757755] - [-0.014444614083849826, 0.2230914832702804, -0.12704131699713378, -0.08160607055512507] - [0.027146535910087966, -0.10001996222566606, -0.049424432427001806, 0.12229819641080436]
A2: [0.08925489075803689, -0.0729129418465062, -0.12362700102045593, 0.10728681782213967] - [0.10884184930191403, 0.24981430163558427, -0.4048451714164777, 0.04618960261915619] - [0.03663606188883751, 0.4625552487013602, -0.37771732326795415, -0.12147313620366627] - [0.14342663113443752, -0.04460642612694195, -0.2014993422148034, 0.10268006336350563]
B1: 1.529876875925081e-07 - -2.072240384080654e-08 - 3.4210897185000385e-08 - 2.0391662914155725e-07
B2: -5.688875959310541e-09 - -1.8643767842901577e-08 - -1.0926352687909656e-07 - -4.1261724645686394e-08
