Number: 862
Error: 1.177494435524415e-09
A1: [-0.012242810926197308, -0.014609017197999305, 0.017988444698370944, 0.0084875398945457] - [0.06584592201940201, 0.18950554118244523, -0.1453115208176674, -0.10999666213375665] - [-0.09628721039239611, 0.4217917538271072, -0.05345097224770952, -0.2720289054344026] - [-0.0012568108232841957, -0.018157032266616573, -0.0037662518812213207, 0.023451513388684068]
A2: [0.16159074037769594, -0.16775082793098178, 0.00850527125401088, -0.0023291495811246913] - [0.03549000658884498, 0.20752093556708798, -0.11720615933683247, -0.12578783977784241] - [-0.0862239434499544, 0.581527933153078, -0.23539884833421618, -0.25994570980816334] - [-0.0038360915137651062, -0.0045203959818420816, 0.0011091430660779818, 0.007242316806848642]
B1: 3.5161081492910304e-05 - 3.324855541491259e-05 - 3.486577533405042e-05 - 1.912070046406886e-05
B2: 3.450888412327209e-05 - -1.1562054363718058e-06 - -9.097507506326424e-06 - -2.5421783840479458e-05
