Number: 880
Error: 5.225609459746109e-09
A1: [-0.011989891100452553, -0.014349254817882394, 0.0182679921156843, 0.00875781053115754] - [0.06580349504550882, 0.18946472935425868, -0.14535538631383296, -0.11004389919944342] - [-0.09624586724007361, 0.42183170615353854, -0.05340611248729613, -0.27198073723642263] - [-0.001341367693992792, -0.018238355651418243, -0.0038562600622663646, 0.023353784268981128]
A2: [0.161742887029926, -0.16760151177096982, 0.008654375029488352, -0.002180776557465047] - [0.03549682377764973, 0.20752764751199967, -0.11719936854076962, -0.12578116806493528] - [-0.08607116992682602, 0.5816776079382678, -0.23525017381434052, -0.2597966913247611] - [-0.00377453203295766, -0.004459838479273127, 0.0011700848300801774, 0.007301235920254432]
B1: -2.0118748625195376e-06 - -1.4237055336143903e-05 - -6.5878868429302586e-06 - -2.1855038156793893e-05
B2: 7.540305499725918e-05 - 3.55900226114196e-05 - 4.4721786565566316e-05 - 7.169255611886532e-05
