Number: 3712
Error: 1.9530245357813812e-15
A1: [0.066212932770736, -0.11395232305803525, -0.023984198995835357, 0.07172261965632937] - [0.03740269232167265, 0.18819344605511665, -0.1474088679428148, -0.07818693133444551] - [-0.06022962116183519, 0.32895056017235424, -0.12775335415936978, -0.14096856537017002] - [0.039046054294165224, -0.053322785580484644, -0.03741869182533098, 0.051695019809032086]
A2: [-0.009108585107986008, -0.3468031953577092, 0.24945508092953136, 0.10645667011648831] - [0.08004009486464757, 0.036282546868757405, -0.05024981815113638, -0.06607166288885309] - [-0.04245291014633007, 0.2308317909985663, -0.040531342730285864, -0.14784793927097242] - [0.06813466254959315, -0.2934679801878124, 0.14177111466358472, 0.08356173013927752]
B1: -1.7501249991075938e-10 - 7.569017298286241e-08 - 8.17165819054554e-09 - -4.859484072718776e-08
B2: 5.7016389342976975e-08 - 7.139698054850241e-08 - -2.0029732765768026e-08 - -9.498155871935221e-08
