Number: 3880
Error: 8.615226272375931e-16
A1: [0.06621315298641743, -0.11395210776348079, -0.023983978952949764, 0.07172283950244636] - [0.0374025593824704, 0.18819331904082112, -0.14740899863219056, -0.07818706203542478] - [-0.06022943601703802, 0.3289507379935473, -0.127753172987638, -0.14096838517288812] - [0.03904610169698262, -0.05332274058742656, -0.03741864596474333, 0.05169506529722127]
A2: [-0.0091086304098476, -0.3468032434158065, 0.2494550352611061, 0.1064566226200545] - [0.08003980739693939, 0.036282237183493556, -0.050250132337101294, -0.06607197974276638] - [-0.04245285338927255, 0.23083185363927658, -0.04053128190718877, -0.14784787649961045] - [0.06813478350776064, -0.2934678470073224, 0.14177124579399195, 0.0835618657560574]
B1: -1.3238719332203874e-08 - -1.6463926788533375e-08 - -1.2827506433920386e-08 - 3.9184354761024806e-09
B2: -5.670787155525331e-09 - -1.5425163158880547e-08 - -6.050592647296595e-08 - 3.7932559269414196e-08
