Number: 8942
Error: 0.006418543178618322
A1: [0.02877146154052144, -0.23653389307810638, -0.07091188652774229, 0.07322210144084944] - [-0.01184251643280295, 0.0900088036890849, -0.16322336450716368, -0.06380522355656615] - [-0.012660065420923112, 0.21392237699529043, -0.13931241720801754, -0.11657752814875183] - [-0.029455470943052627, -0.19514369057752365, -0.12550487627139364, 0.04700297630597914]
A2: [0.10345769160631679, 0.05116383562817217, -0.023827252271079333, 0.15166539763693812] - [0.1471607027520166, 0.32386818412924967, -0.3556035119899876, 0.06683343471869953] - [0.12065689441297991, 0.6508344460971959, -0.22784804500362055, -0.01837713202221814] - [0.2138989095708031, 0.11832794587941829, -0.05276522893273172, 0.19002962495338777]
B1: 0.014226024017752817 - 0.02115045290086769 - 0.049367928713297524 - 0.048368847762655945
B2: -0.04125705248290026 - -0.03329651507024879 - -0.034282073623476114 - -0.027800373595162603
