Number: 7591
Error: 7.693945587093756e-16
A1: [0.08043170690781619, -0.1804677885298414, -0.019588834776687755, 0.11962499395885533] - [0.037415607408799345, 0.1335964135692554, -0.13472615883788072, -0.0362857976975513] - [-0.0017027921292642554, 0.22819014338971944, -0.12282835580104495, -0.10365888334811235] - [0.03886325188861372, -0.11448100114193434, -0.046416423947421986, 0.12203424540156693]
A2: [0.03530745294895711, -0.029273465881941806, -0.0756973405501118, 0.06966341809289509] - [0.10289376546594763, 0.2828967161859618, -0.3926063819415947, 0.006816011496657834] - [-0.011187114798525185, 0.5390145757912637, -0.35945102950859337, -0.1683764801683951] - [0.09786280296805136, 0.017463320071903262, -0.16885100712537265, 0.05352488212031492]
B1: 7.716091359823203e-09 - 1.5086202229629406e-08 - 7.285800197700005e-09 - 8.07290810871237e-09
B2: 1.2182591953730989e-08 - 1.4752073443285712e-08 - 1.1566667950896701e-08 - 1.1555555547126182e-08
