Number: 3022
Error: 2.5488853892727993e-08
A1: [0.06231633394503922, -0.04898518259292243, -0.024550648148787223, 0.006743198649413018] - [0.04408548635590003, 0.19167983207829434, -0.14212674916172155, -0.09204385133817423] - [-0.12317335591569929, 0.4151390127101892, -0.10457983935172135, -0.18679159562964082] - [0.03592794002956252, 0.0180907657759087, -0.03421005804703612, -0.024126198560559944]
A2: [0.06337949691384827, -0.17374949039777557, 0.086266634263004, 0.023894535701165422] - [0.02905013182303289, 0.20006252291520701, -0.10194934901329376, -0.1281085314486333] - [-0.09302035838294488, 0.5140625312787356, -0.22521565197789511, -0.19471778718567279] - [-0.025917424303016075, 0.018523701467841748, -0.05028518039313714, 0.05698828094451368]
B1: 0.0002098252453390478 - -0.00024801011301614625 - 3.956075697076759e-05 - -0.00026329617909584156
B2: -0.00028728338949119206 - -3.9805774140046476e-05 - 9.956456070759403e-05 - -0.00011893022111588564
