Number: 644
Error: 6.536816967349442e-15
A1: [-0.012153191282491215, -0.01451696205600217, 0.018087507281856506, 0.008583313796740953] - [0.06583551620513196, 0.18949553100041672, -0.14532227995399016, -0.11000824812943731] - [-0.09629324233061218, 0.42178592725548814, -0.053457515875515886, -0.2720359302968967] - [-0.0013221795091294922, -0.018219898124051566, -0.0038358337796770467, 0.023375958475740477]
A2: [0.1615869706160185, -0.16775452816253797, 0.008501578662778269, -0.0023328259643841825] - [0.035485645561953, 0.20751664506219358, -0.11721050185364092, -0.12579210582018935] - [-0.08621354414645231, 0.5815381223022725, -0.2353887261119017, -0.2599355676501987] - [-0.0038343792508998063, -0.0045187115339350445, 0.0011108389071103142, 0.007243955370665295]
B1: 6.119082236331505e-08 - 1.2518639717662498e-07 - 1.7638887015041136e-07 - 3.75021773907438e-09
B2: -1.2079708605547053e-07 - 2.5922434683907656e-07 - -1.8602151835847426e-07 - 1.971537589219246e-07
