Number: 8303
Error: 1.031193045348079e-15
A1: [0.08043164635346979, -0.18046784907734997, -0.019588895258681786, 0.11962493341138833] - [0.03741555614875385, 0.13359636234805522, -0.13472620999563817, -0.03628584892910853] - [-0.0017028413884822026, 0.22819009413154567, -0.12282840498814322, -0.1036589325941873] - [0.03886318370771961, -0.11448106913149225, -0.046416492084887524, 0.12203417726303299]
A2: [0.035307583418617006, -0.029273335051389886, -0.07569721650092325, 0.06966355464324364] - [0.10289380010071368, 0.282896751114674, -0.3926063484432366, 0.006816047764232738] - [-0.011187064153121748, 0.5390146267386795, -0.35945098157153743, -0.16837642680167178] - [0.0978626493624767, 0.017463165767618503, -0.168851153348213, 0.05352472088476529]
B1: -8.735326141652966e-09 - 8.119765780713396e-08 - -3.255715987474068e-08 - -2.1792405136735712e-08
B2: 2.8024380808975743e-09 - 1.2054850196651796e-08 - -1.0969641611137848e-08 - 7.370097565605044e-09
