Number: 6733
Error: 1.0494092402892634e-15
A1: [0.08043166158104569, -0.1804678338514706, -0.01958888004925235, 0.1196249486372674] - [0.037415571038344995, 0.13359637722633144, -0.13472619513586784, -0.03628583404785589] - [-0.00170283844101928, 0.22819009707895488, -0.12282840204498854, -0.10365892964750828] - [0.03886321266620488, -0.11448104025426058, -0.04641646314482753, 0.12203420620354326]
A2: [0.03530741939746717, -0.029273499526240185, -0.07569737245044558, 0.06966338297763407] - [0.10289375438505839, 0.28289670501101993, -0.3926063926589025, 0.006815999893351365] - [-0.011187144224216152, 0.5390145461900665, -0.3594510573606336, -0.16837651117529082] - [0.09786277694084478, 0.01746329392630373, -0.16885103190158177, 0.05352485480021323]
B1: -6.161858623209641e-09 - 5.059253123911211e-09 - -1.503007789464103e-08 - -9.812376754278872e-09
B2: -1.0306037024168166e-08 - -6.267146521852967e-09 - -8.236993915186476e-09 - -6.492633546513234e-09
