Number: 1602
Error: 9.732134307205758e-08
A1: [-0.00805723093456293, -0.015870360627869114, 0.0020947828636216524, 0.018555366170804503] - [0.0647009838492236, 0.18783925506947255, -0.14893301013389765, -0.112226380301977] - [-0.11004783192891278, 0.44427331207375587, -0.06814227621685401, -0.25535036730304145] - [-0.02353616263558673, 0.015178843279468644, -0.030104734663395583, 0.038731797790206725]
A2: [0.13181832092412724, -0.22440377493862462, 0.022892952469616736, 0.0703847200635439] - [0.032808492109616554, 0.20390869943188816, -0.11472636549703873, -0.12129845541762466] - [-0.09379464083763682, 0.5563554766091774, -0.2343853110034852, -0.2248211219549836] - [-0.02117497530724857, -0.019627967178436623, 0.007764622010196124, 0.031842661706771754]
B1: 6.435711498242321e-05 - -0.0008500410174164518 - 0.0004722465378098332 - -0.00015050356327360405
B2: 0.00040342490991935535 - -0.0009426672327754033 - -5.453592608485819e-06 - 0.00031316014949553123
