Number: 573
Error: 2.9751395277576443e-14
A1: [-0.012153159173847924, -0.014516929077431113, 0.018087542772724494, 0.008583348109505073] - [0.06583550506319125, 0.18949552028228428, -0.14532229147381978, -0.1100082605348732] - [-0.09629326801121164, 0.4217859024382563, -0.05345754373887666, -0.2720359602147762] - [-0.0013213350134839092, -0.01821908595812359, -0.0038349348400281875, 0.02337693457303103]
A2: [0.1615866290970621, -0.16775486324956626, 0.008501244031608918, -0.0023331588974055536] - [0.03548574247475819, 0.20751674041779358, -0.1172104053467734, -0.12579201101432366] - [-0.08621385343062059, 0.5815378193602506, -0.23538902705461437, -0.25993586924858125] - [-0.0038348844757320043, -0.00451920835798923, 0.0011103388590198873, 0.007243472006791858]
B1: -8.636925728222768e-08 - -1.233876755087377e-08 - -2.6159493056136954e-08 - 4.488158223363532e-09
B2: 2.796064824695904e-07 - 1.5844896207835064e-07 - -1.9451288855078024e-07 - 1.9965139433866097e-07
