Number: 6576
Error: 1.1241750007869254e-15
A1: [0.08043168089089528, -0.18046781454380809, -0.01958886076249156, 0.11962496794491162] - [0.03741556281628581, 0.13359636901049418, -0.13472620334154398, -0.03628584226536021] - [-0.0017027780207558429, 0.22819015749793226, -0.1228283417131911, -0.10365886924337049] - [0.03886319353867934, -0.11448105932810856, -0.046416482260163996, 0.1220341870879063]
A2: [0.03530743607912721, -0.029273482798440876, -0.07569735658973888, 0.06966340043680355] - [0.1028937363513675, 0.28289668682427427, -0.39260641010084946, 0.006815981009437038] - [-0.011187104351406001, 0.5390145863007044, -0.3594510196201662, -0.16837646915990273] - [0.09786280518216293, 0.0174633222960831, -0.16885100501768158, 0.053524884444411204]
B1: -1.4518174759813688e-09 - -1.828834111919406e-09 - -6.496151518411494e-10 - -2.010708317687573e-09
B2: -2.363784400757964e-09 - -1.7349432698376558e-08 - 3.608933070904594e-08 - -2.433821631087078e-08
