Number: 4791
Error: 1.1271977569998774e-15
A1: [0.066213160304569, -0.11395210060888696, -0.02398397164056041, 0.07172284680827909] - [0.037402597926494675, 0.188193355867023, -0.14740896074045234, -0.07818702414035837] - [-0.06022931547247687, 0.3289508537699471, -0.12775305502985027, -0.1409682678493214] - [0.03904616591187459, -0.05332267963700031, -0.0374185838389205, 0.05169512691854826]
A2: [-0.009108573618782702, -0.3468031831693381, 0.2494550925115445, 0.10645668216235193] - [0.08003993000034276, 0.03628236926245431, -0.05024999833855439, -0.06607184460643876] - [-0.042452744653198315, 0.23083197364705735, -0.04053116538123779, -0.14784775624167518] - [0.06813488615013168, -0.2934677339938662, 0.1417713570677955, 0.08356198083681993]
B1: 2.027120047093194e-09 - 3.504299739599854e-08 - -2.142399011586634e-09 - 1.4592335265914645e-08
B2: -4.66241382222911e-09 - 3.306831879835453e-10 - -1.038195694921113e-09 - 2.3296235487812344e-08
