Number: 845
Error: 3.5405875925802175e-10
A1: [-0.012163026485779155, -0.014527063841698698, 0.018076636436382937, 0.008572803613617733] - [0.06584174591028527, 0.1895015236996113, -0.14531583897733694, -0.11000131200833428] - [-0.09629487091982453, 0.42178435314262513, -0.05345928306780408, -0.2720378278910606] - [-0.0013023893664948227, -0.018200865252364515, -0.003814768052580529, 0.02339883271502693]
A2: [0.16157019194650868, -0.16777099111780744, 0.008485138150101853, -0.0023491822369343792] - [0.03548446600276205, 0.20751548443127235, -0.1172116764851405, -0.12579325963287302] - [-0.08621867359533464, 0.5815330979061127, -0.23539371740144327, -0.25994056865784193] - [-0.00384171775958504, -0.00452592815743264, 0.0011035754771986533, 0.007236934530872533]
B1: 1.5349680154002308e-05 - 7.150733669499025e-06 - 8.505987523185374e-06 - 6.609192914991033e-06
B2: -2.156733887216576e-06 - -2.720245826952934e-05 - -7.304233260737025e-06 - -1.2285865452205549e-06
