Number: 8812
Error: 1.4994100349616075e-05
A1: [0.08419548678043333, -0.17672200682515324, -0.015746426584634658, 0.12337788529412155] - [0.0416978613296782, 0.13785085727010948, -0.13035801732509514, -0.03201976892420063] - [0.00049319946567274, 0.23037435259173883, -0.12054614264793148, -0.10147102215548777] - [0.04286508990735431, -0.11050573660113838, -0.042336093543709166, 0.12602365248405253]
A2: [0.036665705503091665, -0.027947866914679452, -0.07433497513446531, 0.07108148764094846] - [0.10000013163629763, 0.2799660017682901, -0.3953604684610612, 0.0037849060979026367] - [-0.0075532358878951465, 0.5426071245705023, -0.3559466269837775, -0.1645488631053279] - [0.09894426581983323, 0.018521046373638217, -0.16775680553238792, 0.05465692837316959]
B1: -0.0025669353410035472 - -0.0009477937220489343 - -0.003135165642731904 - -0.0025082045872805506
B2: 0.0015356252226477705 - 0.0006815079086363949 - 0.002271937126733052 - 0.001290918920983538
