Number: 406
Error: 1.2644051842651116e-11
A1: [-0.012179413986237928, -0.014543893582485807, 0.01805852461581049, 0.008555293194834166] - [0.06582859811977514, 0.18948887617399315, -0.1453294326208373, -0.11001595084277792] - [-0.0963152827477778, 0.4217646267440829, -0.0534814310476261, -0.27206160808452895] - [-0.0013546430953114634, -0.018251117496695595, -0.00387038852251929, 0.023338436477616152]
A2: [0.1615663707861207, -0.1677747412825632, 0.008481393997888973, -0.0023529079711437943] - [0.035481916260837375, 0.2075129756769829, -0.11721421557550643, -0.12579575414706595] - [-0.0862201715705214, 0.5815316301221295, -0.2353951755511979, -0.25994203134209753] - [-0.0038509929225039228, -0.004535048732294488, 0.0010943958379327115, 0.007228060865966744]
B1: 2.1997050204976178e-06 - -9.715540612303695e-06 - 9.010020866220656e-06 - -1.8640108492960771e-06
B2: 5.648845088110185e-06 - -8.018112675727992e-06 - 1.1985022102906583e-06 - 2.980178351344478e-06
