Number: 3115
Error: 6.891096009033764e-06
A1: [0.06481541540663, -0.046671959748198676, -0.0222865710678023, 0.009087893380164537] - [0.04343010945092067, 0.19095781547663865, -0.1428855661056894, -0.09285478918958297] - [-0.12174561625120252, 0.41636840498667094, -0.10335466966684073, -0.1855187664951153] - [0.03693909894811205, 0.018886322858440916, -0.033483011962656115, -0.02316664237508951]
A2: [0.05070483150363914, -0.18624584354236556, 0.07359049508706154, 0.011323194901702615] - [0.028537031325134937, 0.19955926164167745, -0.10242821271402919, -0.12859982094491682] - [-0.09170275241335676, 0.5153704390806959, -0.22391429456842887, -0.19341251728716136] - [-0.029490695193060516, 0.014955452477670984, -0.05389221684047758, 0.05339062656238305]
B1: -0.0069892119015805745 - 0.0006922723191193753 - 0.001126372265883998 - 0.002315904696244781
B2: -0.002471698294315597 - -0.0019324246251221145 - -0.002611909644921883 - -0.002904985303673201
