Number: 725
Error: 2.292554914824913e-14
A1: [-0.012152708048243787, -0.014516465724140053, 0.01808804140100497, 0.008583830187966242] - [0.06583528514877074, 0.18949530873380993, -0.14532251884598657, -0.11000850538740077] - [-0.09629260558673876, 0.4217865426556442, -0.053456824933850344, -0.2720351884599656] - [-0.0013209784067822015, -0.018218743003561945, -0.0038345552467496783, 0.02337734674811015]
A2: [0.16158648646112556, -0.16775500320182624, 0.008501104266109148, -0.0023332979485089817] - [0.035485713519724495, 0.20751671192807286, -0.11721043418032062, -0.1257920393397401] - [-0.08621375536469135, 0.5815379154124869, -0.2353889316370685, -0.2599357736201262] - [-0.0038343467071386863, -0.004518679533182132, 0.0011108711144251077, 0.007243986505853635]
B1: -1.7332858394828893e-07 - -2.050869907222443e-07 - -3.662778068636017e-07 - -7.767971085594949e-08
B2: 1.812116797817433e-08 - -2.0552970489106887e-07 - -1.1165458382325911e-08 - -6.920311983898171e-08
