Number: 9406
Error: 1.1775282947870791e-11
A1: [0.05317166730186774, -0.14800215400448014, -0.02699992911749161, 0.12182693890387129] - [0.005314101910901941, 0.13083707690209048, -0.11360036159996706, -0.022549380441241326] - [-0.014446618514994973, 0.22308947776275245, -0.127043320015313, -0.0816080759647007] - [0.0271446238468941, -0.10002187351273739, -0.04942634794672608, 0.12229628050084607]
A2: [0.08924202293545179, -0.0729257800138484, -0.12363957892300415, 0.10727379168143822] - [0.10882586027584787, 0.24979830978775888, -0.40486084378057563, 0.04617334437863899] - [0.03662590905893275, 0.46254514850773326, -0.3777272288075244, -0.12148339452162409] - [0.14341818519676866, -0.04461484084926169, -0.20150758885433379, 0.10267149158520804]
B1: -8.686184160934506e-06 - 8.173304379660178e-06 - 1.1774780487911705e-07 - 8.280701647642904e-06
B2: 3.4431943055528757e-06 - 3.4967146165502356e-06 - 5.339155476481334e-06 - 4.829107986882475e-06
