Number: 8702
Error: 7.91359915514552e-14
A1: [0.08043173069374691, -0.18046776474640838, -0.019588811019083635, 0.11962501774217897] - [0.037414878501719026, 0.1335956852136236, -0.1347268862924806, -0.03628652620079994] - [-0.0017032819388108436, 0.22818965359062646, -0.12282884489343081, -0.10365937302691597] - [0.03886335019776595, -0.114480903108372, -0.046416325700735624, 0.12203434364979443]
A2: [0.03530758195687522, -0.029273336517243717, -0.07569721789050804, 0.06966355311318347] - [0.10289436411035664, 0.2828973199100608, -0.3926058029403791, 0.0068166383636816975] - [-0.011186601462529483, 0.5390150921885674, -0.3594505436236182, -0.16837593924989977] - [0.09786317606781614, 0.017463694868474378, -0.16885065195760288, 0.05352527375247581]
B1: -5.548531359595325e-08 - -2.1259030268090433e-07 - -1.0132655092506543e-07 - -3.553523392677168e-08
B2: 1.9059101113748936e-08 - 2.8246650962769186e-07 - 3.4309430075903683e-07 - -1.0034753110902451e-07
