Number: 3800
Error: 1.0646258141238529e-15
A1: [0.06621320129443355, -0.11395206053499816, -0.023983930682846745, 0.07172288772938691] - [0.03740264771777284, 0.188193403439194, -0.1474089117918219, -0.07818697518737452] - [-0.06022939739080772, 0.32895077509191617, -0.1277531351902942, -0.14096834757883767] - [0.03904623628556409, -0.05332261284107377, -0.037418515754818645, 0.05169519444986404]
A2: [-0.009108619552901048, -0.34680323189827916, 0.24945504620590137, 0.10645663400297245] - [0.0800398157137961, 0.03628224614313318, -0.050250123247255224, -0.06607197057572267] - [-0.04245282367102652, 0.2308318864382058, -0.04053125005992862, -0.14784784363230769] - [0.0681347674318478, -0.29346786470761, 0.14177122836614545, 0.08356184773199296]
B1: -5.951258721380413e-09 - 2.8438616579374653e-08 - -1.1030003554086258e-08 - 1.2358736185331355e-08
B2: 1.4997388541604966e-08 - 1.6542381910751457e-08 - 1.8236778027441934e-09 - -1.0202435441024493e-08
