Number: 5816
Error: 3.5371319939604213e-06
A1: [0.06770036282276806, -0.19329041508223652, -0.03230080232506539, 0.1068835125410606] - [0.015590560360794155, 0.11172195765427279, -0.15660753146899664, -0.058170466053258235] - [-0.005911299219969471, 0.22395400250245825, -0.12697747434088913, -0.10784260242209887] - [0.04204845617978041, -0.11133548359958112, -0.043084355113477114, 0.1253011581592054]
A2: [0.0345114459259162, -0.0301168194722391, -0.07638204605627093, 0.06896268859519407] - [0.11215858475114461, 0.2920104133931531, -0.3835667522735798, 0.016794447795813603] - [-0.012604015241490758, 0.5377624393663303, -0.36083985313274114, -0.17005956710828482] - [0.09647745724531089, 0.01614273886007288, -0.17017313949376373, 0.05201290007649736]
B1: -0.001456984272423203 - 0.0038240772698812982 - -0.0038587054087043174 - -0.0024869844489237474
B2: -0.0008044286839732568 - 0.0025016253077704362 - -0.0042851497788789425 - -0.0006884236971448998
