Number: 6511
Error: 1.2078983695241895e-15
A1: [0.08043168539222297, -0.1804678100429901, -0.019588856266546155, 0.11962497244572518] - [0.03741558156305758, 0.1335963877430773, -0.13472618463212552, -0.03628582352897302] - [-0.0017028106898553438, 0.22819012482952936, -0.12282837433445788, -0.10365890190375128] - [0.03886322014192709, -0.1144810327995198, -0.046416455673868144, 0.12203421367461974]
A2: [0.03530744062636704, -0.029273478238624032, -0.07569735226628285, 0.06966340519598488] - [0.10289373351492727, 0.28289668396376094, -0.3926064128442171, 0.006815978039269064] - [-0.01118709882488555, 0.5390145918601883, -0.3594510143891966, -0.1683764633364126] - [0.09786280140596282, 0.017463318502706285, -0.16885100861237884, 0.05352488048062939]
B1: -1.3507872167842029e-09 - 1.0452041223714867e-09 - -8.743181344437816e-10 - 1.0433730549202912e-09
B2: 6.151665159239957e-10 - -3.9786442092532554e-09 - 9.671472031473449e-09 - -6.858958159656229e-09
