Number: 1411
Error: 5.139607882267804e-10
A1: [-0.007323611667534846, -0.015131075698892637, 0.002855698322265903, 0.01931501625478983] - [0.06685677976263192, 0.18991333990523013, -0.1467040652786967, -0.10982891378863963] - [-0.11281529085782517, 0.44155985984200297, -0.0710290924366823, -0.25834882275379734] - [-0.02349402598693032, 0.015221614201725688, -0.030061987487056477, 0.038779922998948314]
A2: [0.13164908169478046, -0.22456652924991938, 0.022728501392522246, 0.07022208095709082] - [0.032694700358001594, 0.20379692332008273, -0.11484003777583665, -0.12141005421324993] - [-0.09443838948052767, 0.5557214235929429, -0.23502113989389622, -0.22545394296421853] - [-0.02117046002987513, -0.019614123718884307, 0.007777773899243761, 0.031852007092213266]
B1: 5.969267965741463e-05 - -5.1585468190180345e-05 - 3.7362375751572556e-05 - -1.9051559646212655e-06
B2: -3.6445727410924546e-05 - -5.916293528809606e-07 - 1.257042100716754e-05 - 2.624448937686307e-05
