Number: 3482
Error: 1.660065820659603e-09
A1: [0.06619161055163296, -0.11397317420945674, -0.02400551474859998, 0.07170133327679355] - [0.03735878955328856, 0.18815149455442173, -0.14745201319130694, -0.0782300995119819] - [-0.06030238412612842, 0.3288806678727649, -0.12782453550209924, -0.14103939829197784] - [0.039153557882913664, -0.053220747158400104, -0.03731465252323918, 0.05179819300004825]
A2: [-0.00905989968905752, -0.3467515467525143, 0.2495041596059487, 0.10650774530826815] - [0.08003254167916991, 0.036274407101021956, -0.05025807016766831, -0.06607997572568908] - [-0.04238183200384025, 0.23091020279726138, -0.04045521235495247, -0.1477693434736801] - [0.06810742556247291, -0.2934979667657951, 0.14174160998293264, 0.08353120670923474]
B1: -2.5606459327802493e-05 - 2.189456414457285e-05 - -0.00010671617032350164 - 1.5349433222177775e-05
B2: 5.847274623094432e-06 - 6.0947130196372446e-05 - -1.2995763363705936e-05 - -1.3091736512673184e-05
