Number: 3113
Error: 1.4801907370653016e-06
A1: [0.06271110680131811, -0.048748239193053634, -0.02435349955233905, 0.007022745110625472] - [0.0423602165354856, 0.1899359595278221, -0.14397870334714793, -0.09401382667016257] - [-0.12456375962765703, 0.41358752814150374, -0.1061577666782933, -0.18830566267546497] - [0.03460064654781154, 0.01657941490345005, -0.03577794666548031, -0.02545506882650923]
A2: [0.04835277571984517, -0.1885884679796919, 0.07125101292701641, 0.009019250842253232] - [0.0297550125020815, 0.20075770382015418, -0.10121507352436863, -0.12740779994875537] - [-0.09760315533336558, 0.5095822602423561, -0.22982686127515364, -0.1991306807473998] - [-0.022949871125603642, 0.021456967210015544, -0.047349468540814094, 0.059757823808027494]
B1: -0.00030541954328342944 - -0.0005271978834365276 - 0.0017788136919609607 - -0.001101455881565589
B2: -0.001068966480022207 - -0.00014291054602809166 - -0.0012757617848449046 - -0.0014783444574043405
