Number: 2620
Error: 3.982328559564369e-08
A1: [0.06396429542700378, -0.04734131194651532, -0.022916414463793815, 0.00838440138839641] - [0.0436750238520576, 0.19128302137948114, -0.14255074715383917, -0.09249737115285235] - [-0.12276269593386942, 0.4155492012078204, -0.10416449637767622, -0.1863793252856553] - [0.03778963317139849, 0.019959549323153275, -0.032343163123547354, -0.022264744598953567]
A2: [0.06322347374542706, -0.1739066848272044, 0.08611230059994322, 0.02374430116711365] - [0.029699426632088684, 0.20070194391298066, -0.10130233778034965, -0.12747254701210478] - [-0.0931219726978294, 0.5139645584929822, -0.22531929724159142, -0.19481936169534] - [-0.026689967581695194, 0.017765513328890547, -0.05105573592731215, 0.05623269823305518]
B1: -0.0003256162256639392 - 4.668678035990923e-06 - -1.5228990848781656e-06 - -3.223803988714544e-05
B2: 0.00011872550354807894 - 0.00012915078738127156 - 9.734904502986228e-05 - -6.4271971731593285e-06
