Number: 6317
Error: 8.249356744701616e-16
A1: [0.08043167802796566, -0.18046781740641035, -0.0195888636219965, 0.11962496508231099] - [0.03741558690247133, 0.13359639307845309, -0.13472617930334949, -0.03628581819251446] - [-0.001702801362002987, 0.2281901341571837, -0.12282836502026435, -0.10365889257838726] - [0.03886324753784985, -0.11448100548047915, -0.04641642829540367, 0.1220342410535169]
A2: [0.03530739579737155, -0.029273523191614293, -0.07569739488909344, 0.06966335827755168] - [0.10289380750739152, 0.2828967585842113, -0.39260634127968874, 0.0068160555202152195] - [-0.011187132037971184, 0.5390145584489994, -0.3594510458260849, -0.16837649833422774] - [0.09786283605231631, 0.017463353306654862, -0.16885097563130616, 0.053524916848037465]
B1: 1.3855924102461846e-08 - 6.08444928289978e-09 - 3.883358865469274e-08 - 2.8763039476829353e-09
B2: 3.676940671100519e-09 - 4.1587307796809274e-09 - 2.8835416487868114e-08 - 1.763894711927964e-08
