Number: 3700
Error: 6.642049009226491e-15
A1: [0.06621312032233466, -0.11395213969756988, -0.023984011591390294, 0.07172280689316689] - [0.03740291510349493, 0.18819365890787765, -0.14740864893124878, -0.07818671230346447] - [-0.06022964012334903, 0.328950541960902, -0.1277533727140348, -0.14096858382501312] - [0.039046596283081846, -0.053322271145586096, -0.037418167469330715, 0.05169553990742533]
A2: [-0.009108885595959702, -0.3468035141289496, 0.2494547780102129, 0.10645635507078091] - [0.08004028976054364, 0.03628275682765081, -0.050249605140933074, -0.06607144806975532] - [-0.042453104351379486, 0.2308315766615271, -0.04053155084824423, -0.14784815405475643] - [0.06813427563122569, -0.29346840620251746, 0.14177069520631994, 0.08356129633137821]
B1: -2.3157534938755434e-07 - 1.163555036172731e-07 - 3.5358219319643693e-07 - -1.0379361462940077e-07
B2: 4.931287380205045e-08 - 9.20306174377771e-08 - -7.28443836223019e-08 - -1.2794988536543332e-07
