Number: 4036
Error: 8.204219201569044e-16
A1: [0.06621321153154316, -0.11395205052665486, -0.023983920453762117, 0.07172289794931973] - [0.03740260044342132, 0.18819335827177375, -0.14740895826612302, -0.07818702166578574] - [-0.06022933845455116, 0.32895083169689854, -0.12775307751874923, -0.14096829021748516] - [0.03904619764332847, -0.05332264951880716, -0.03741855313987737, 0.05169515736835505]
A2: [-0.009108638550503976, -0.34680325205176143, 0.2494550270545798, 0.10645661408504191] - [0.08003984802391209, 0.03628228095038781, -0.050250087934130175, -0.06607193496275034] - [-0.042452945654219934, 0.23083175180991686, -0.04053138078197867, -0.14784797854119044] - [0.06813481612936509, -0.29346781108951764, 0.14177128115893298, 0.08356190233091396]
B1: 3.363836246492387e-08 - -3.984977355409175e-09 - -3.467535192705632e-08 - 2.6950476421491168e-08
B2: 1.1845543306602341e-08 - 6.341398988608655e-09 - 7.705649540247074e-09 - 1.124186776474032e-08
