Number: 1190
Error: 6.074054315109235e-08
A1: [-0.006955210332068509, -0.014753579297221838, 0.0032347922438637077, 0.019686509394369868] - [0.06730023349122143, 0.19034058662014658, -0.14624587100361008, -0.10933438308241752] - [-0.11181051955394032, 0.4425508829698724, -0.0699774399234727, -0.2572654620619276] - [-0.021089001890717628, 0.017589119136403243, -0.02759690670397095, 0.041313115083055095]
A2: [0.13085187875174495, -0.22534805882361889, 0.021946257087605826, 0.06944539229743878] - [0.0327665375553734, 0.20386869628517298, -0.11476810078349556, -0.12134078055478315] - [-0.09523104666490348, 0.5549380199379911, -0.23580498895107826, -0.2262422848447446] - [-0.02302937762560474, -0.021451644052414107, 0.005934212440475386, 0.03006687623154429]
B1: -0.0003423174947574809 - -0.0006521481166779622 - 0.0003713432468538161 - 7.882315338701767e-05
B2: -0.0003835703370871998 - 3.703129530806086e-06 - -4.776106514785477e-05 - -0.00030110752665219137
