Number: 2912
Error: 2.6188496966879343e-08
A1: [0.06339465130516074, -0.04791107065912958, -0.023482447087140108, 0.007815653648389653] - [0.04347619245742932, 0.19109139608275558, -0.14275563837861632, -0.0927163363504926] - [-0.12337772157374353, 0.414927415126249, -0.10479246373769521, -0.1870074806373887] - [0.03695208451701342, 0.01911474128185459, -0.0331854337597998, -0.02310510557762987]
A2: [0.06466292259951885, -0.17247226003108, 0.0875396712228262, 0.025161273627205022] - [0.02948293008277342, 0.20048872192489248, -0.10151787107622688, -0.1276843178530087] - [-0.0922300329007538, 0.5148394074295866, -0.2244233998278143, -0.19395505139698577] - [-0.024909895242882774, 0.019531534903832293, -0.04926913365768398, 0.05796807799170765]
B1: 9.926762194003366e-05 - -2.8597567494143228e-05 - 8.904969297447799e-05 - 0.00011711283618086709
B2: -0.00012741068007599482 - 6.811739996305123e-05 - -6.0443982165473975e-05 - -5.086106156389141e-05
