Number: 3121
Error: 3.92160604172144e-06
A1: [0.06156311855701084, -0.049917452710752985, -0.02550827060345517, 0.005843008047117924] - [0.04381802046427386, 0.19132132099710958, -0.14249323285287752, -0.09244919842622361] - [-0.12472691948838427, 0.41337881927165027, -0.10635882011416846, -0.18853465794235036] - [0.037570002114976776, 0.019485844474167114, -0.0329020269627562, -0.022564552481802145]
A2: [0.06672786440769587, -0.17029645202587004, 0.0895504724864438, 0.027114486722576964] - [0.024472083070301916, 0.19555766373166328, -0.10647778950210313, -0.1325759102869121] - [-0.09316878052315156, 0.5139278474738819, -0.22538465478546907, -0.19481531876098296] - [-0.04091705920436514, 0.0035992167944690233, -0.06531945440665532, 0.042266404150954374]
B1: -0.004098040544641167 - 0.0011828654863065028 - -0.0007141746590968121 - 0.004371969097521326
B2: 0.0006578063792127692 - -0.002297674312774208 - 0.0011131676402053683 - 0.0016532223651489308
