Number: 8533
Error: 1.1519240016197713e-15
A1: [0.08043171009260135, -0.1804677853453863, -0.019588831595718528, 0.11962499714329403] - [0.0374156332489877, 0.13359643938996094, -0.13472613304895167, -0.03628577187154851] - [-0.0017027855187013016, 0.2281901500001284, -0.1228283492001625, -0.1036588767393098] - [0.03886325356832612, -0.11448099946685071, -0.04641642226874917, 0.12203424708029871]
A2: [0.03530746807725355, -0.02927345071178406, -0.07569732616623881, 0.06966343392617853] - [0.10289371832893887, 0.2828966686489352, -0.39260642753189234, 0.0068159621373508235] - [-0.01118701990702448, 0.5390146712487173, -0.3594509396915399, -0.1683763801781185] - [0.09786282341923605, 0.017463340616074338, -0.16885098765711246, 0.0535249035873168]
B1: -1.153078702759902e-09 - 1.4727266011110803e-08 - -1.4411445262438973e-08 - 8.273678751636578e-09
B2: -1.2514081332583634e-10 - 2.2422994953680556e-09 - -2.6456919870216832e-08 - -3.4464672333146693e-10
