Number: 9689
Error: 1.1225193972894226e-14
A1: [0.053172187564126824, -0.1480016336856472, -0.026999409497841458, 0.12182745923104353] - [0.005313140221024669, 0.13083611406409268, -0.11360132328195222, -0.022550343789205424] - [-0.014444312740009886, 0.2230917847256752, -0.12704101589046535, -0.08160576910394657] - [0.02714648524605547, -0.10002001288837835, -0.049424483196765345, 0.12229814561785732]
A2: [0.08925521136011122, -0.07291262198526495, -0.12362668764032038, 0.10728714237820468] - [0.1088421445101909, 0.24981459689554347, -0.40484488205579355, 0.046189902794063493] - [0.03663582795773945, 0.4625550159870493, -0.37771755150348196, -0.12147337256150456] - [0.14342748841009184, -0.04460557204318823, -0.20149850515743054, 0.10268093335931856]
B1: 5.536527086906812e-08 - -3.852117259190173e-08 - -5.2349658025569065e-08 - -1.1111941734826001e-07
B2: -2.3132353130911724e-07 - 1.3090456375171855e-07 - 3.237381665970784e-07 - -9.892914834552584e-08
