Number: 3169
Error: 2.982393536437307e-05
A1: [0.07520445158163785, -0.03552209213711615, -0.011108911015182809, 0.020565866502544765] - [0.04741153169206813, 0.19500939316187063, -0.1384995000856925, -0.08818293373946899] - [-0.11023641911645321, 0.4293512094270139, -0.09047943877646963, -0.17225313061009886] - [0.06588963960217299, 0.049702786062251106, -0.0034601457890234954, 0.007256424775684982]
A2: [0.09910919600273621, -0.1391509941885992, 0.12262006397473453, 0.059763290253833166] - [0.0245678042225367, 0.19558018518974987, -0.10643044178779151, -0.13260933168217814] - [-0.06899585888663984, 0.5378678251979309, -0.2011678272414324, -0.17080530436087615] - [-0.0016960194008987534, 0.043290363512754136, -0.026213524676954873, 0.08123550319735282]
B1: 0.019103215314885222 - -0.003054127919695837 - -0.003823980825917592 - -0.007955346534529555
B2: -0.002246890593659713 - -0.00841028164853522 - -0.001346127686061115 - 0.004202891263582987
