Number: 8097
Error: 1.2075827903988726e-15
A1: [0.08043170788666722, -0.18046778755110193, -0.019588833799010493, 0.11962499493759714] - [0.037415547350093024, 0.1335963535560146, -0.1347262187768495, -0.03628585772295735] - [-0.0017028126644612666, 0.22819012285496018, -0.12282837630616954, -0.10365890387782448] - [0.038863227975585, -0.11448102498785082, -0.04641644784520468, 0.12203422150340877]
A2: [0.03530756763863864, -0.02927335087506827, -0.07569723150441496, 0.06966353812785936] - [0.10289374068895722, 0.2828966911986905, -0.39260640590557294, 0.006815985551529249] - [-0.011187182462695486, 0.5390145077235021, -0.3594510935543223, -0.16837655146836225] - [0.09786281911191717, 0.017463336289179038, -0.1688509917574267, 0.05352489906607748]
B1: 5.6259306697263155e-08 - 1.9187873583362763e-09 - -3.110999424810772e-08 - -1.1623963807712255e-08
B2: 2.4658267528784442e-08 - -2.0255497614164282e-08 - 8.652973963367339e-09 - 1.0437098914281222e-08
