Number: 6050
Error: 1.1943183005914625e-13
A1: [0.08043327869271621, -0.18046621692357895, -0.019587264871884086, 0.11962656556356432] - [0.03741746455619161, 0.13359826930913773, -0.13472430539368885, -0.03628394158094977] - [-0.0017015983028569523, 0.22819133719295387, -0.1228271637203446, -0.10365768983873798] - [0.03886491051347616, -0.11447934717113517, -0.046414766378935796, 0.12203590299580805]
A2: [0.035306423491378906, -0.02927449818816157, -0.07569831934155742, 0.06966234065436859] - [0.10289212558451503, 0.282895062386247, -0.392607968012344, 0.006814294300441637] - [-0.01118831661507372, 0.5390133668074119, -0.35945216705178634, -0.16837774656492385] - [0.0978623513292762, 0.017462866379251044, -0.16885143705479533, 0.053524408046903116]
B1: 1.2855237701932293e-07 - 4.1119156683989196e-07 - 9.893227367833761e-08 - -2.013279470405865e-07
B2: -4.941315374817825e-07 - -8.787047015103315e-07 - 2.4120087018719015e-06 - 2.0803993683678952e-07
