Number: 9025
Error: 0.00019588339094718217
A1: [-0.00017453027817497806, -0.22380452751080473, -0.07996678244385862, 0.061932482431653696] - [-0.07560765528625302, 0.04545030099356003, -0.196597515673849, -0.10613811376695266] - [-0.10803062107329901, 0.1379384815861288, -0.19836631628360862, -0.1682762162844888] - [-0.057189812990099474, -0.18611540739012863, -0.12848442868492707, 0.03765113554383325]
A2: [0.13371383190102026, -0.016759556432879907, -0.06229615118344832, 0.16628813301809453] - [0.17050872018106478, 0.29002305519507027, -0.36108956147068355, 0.08871020462753723] - [0.14775126144587072, 0.5816850813263125, -0.2812124605983399, -0.006293849905472517] - [0.19369323665237467, 0.007939215817510621, -0.15303241620189129, 0.15617109188734857]
B1: -0.010790384381507541 - 0.0090538480305868 - -0.0185530606935728 - -0.00469198375379179
B2: 0.004556682381127898 - -0.014331789870148421 - -0.0017607038182426244 - -0.010278948455046896
