Number: 8732
Error: 1.0622205301089214e-11
A1: [0.08043339992884127, -0.1804660956605959, -0.019587143761017903, 0.11962668679233868] - [0.0374202052519743, 0.13360100796377036, -0.13472157013881092, -0.03628120239594451] - [-0.0017032370857627814, 0.22818969845107856, -0.12282880010138515, -0.103659328184848] - [0.03886410293893636, -0.11448015244942976, -0.04641557342464353, 0.12203509592722914]
A2: [0.03530829465602736, -0.02927262186217442, -0.07569654027405343, 0.06966429902454935] - [0.10288904845160962, 0.2828919591513525, -0.3926109441834175, 0.006811072102549065] - [-0.011187470685198375, 0.5390142177818857, -0.3594513663677905, -0.16837685517970175] - [0.09786338175164556, 0.017463901477232525, -0.16885045616755026, 0.053525489650159484]
B1: 2.0453508296269935e-06 - 3.5372521542988073e-06 - 2.2429133122389045e-06 - 2.137811437422538e-06
B2: -2.565938046365895e-07 - -2.8712592035454387e-06 - 1.5795905469154388e-07 - 2.9225351020207947e-07
