Number: 9724
Error: 3.3283602623178085e-15
A1: [0.05317263706615688, -0.14800118401804035, -0.02699896049077082, 0.12182790894980891] - [0.005313715717238068, 0.13083669016442565, -0.11360074787176208, -0.02254976748175406] - [-0.014444371184559152, 0.22309172626005672, -0.12704107428832484, -0.08160582756937346] - [0.027146592569475245, -0.10001990556471696, -0.04942437564649902, 0.12229825321409896]
A2: [0.0892544622216045, -0.07291336939090778, -0.12362741990046848, 0.10728638400253292] - [0.1088418376768471, 0.2498142900082769, -0.4048451828119541, 0.04618959079791173] - [0.0366361690187193, 0.462555355273268, -0.3777172187477908, -0.12147302796335134] - [0.1434265484751398, -0.04460650847654463, -0.20149942292257333, 0.10267997947914946]
B1: -7.23749422152663e-09 - 6.546195613251178e-10 - 6.547197590429868e-08 - -1.041945731185921e-08
B2: -4.3219929636870646e-08 - 1.3156248212727542e-08 - -3.19798810859318e-08 - -5.722231458939603e-08
