Number: 9414
Error: 1.911726971941673e-11
A1: [0.053181496509656805, -0.14799232128746903, -0.02699011082129497, 0.12183677270817501] - [0.005322674124017836, 0.13084565821431224, -0.11359179062918551, -0.022540796052833423] - [-0.0144378519914835, 0.22309824747898452, -0.1270345604540288, -0.08159930636799452] - [0.02715791333727656, -0.10000858408746414, -0.04941303046851766, 0.12230960367276972]
A2: [0.08928134847217509, -0.07288654528047425, -0.12360113948190525, 0.10731360215306547] - [0.10882571419845559, 0.2497981636644084, -0.4048609868818084, 0.04617319587132949] - [0.03663491269468653, 0.4625541053209526, -0.37771844439488533, -0.12147429749669776] - [0.14340331739699486, -0.04462965332643322, -0.20152210586922073, 0.1026564031843927]
B1: 3.950135093884377e-06 - -1.8030120931857874e-06 - -2.614823158330731e-06 - -8.031405395035354e-06
B2: 4.531090200804089e-07 - -5.597832409728133e-07 - 1.6724174910012552e-06 - -1.4480415092175605e-06
