Number: 1665
Error: 1.0592130348344183e-07
A1: [-0.006202321576371044, -0.01400049444723504, 0.004021336335639959, 0.020456806725961167] - [0.06753897269191092, 0.19056968956636103, -0.14600016580547592, -0.10906954377979819] - [-0.10990707877075107, 0.4443998786621484, -0.06800161501705294, -0.2552145498852359] - [-0.021957632702116966, 0.01672802619949042, -0.02849478297712474, 0.0403960261113511]
A2: [0.13233795981399338, -0.22389061724675002, 0.023394533865872025, 0.07088948905667505] - [0.03251420086700106, 0.20361947484098156, -0.11501973272388852, -0.1215860282967028] - [-0.0939658782517863, 0.5561895099535313, -0.23456193022388297, -0.22499219993499842] - [-0.019760561139247162, -0.01823510549480275, 0.009170533359933416, 0.033201094186451736]
B1: 0.00020882494394669645 - 0.0009763388290947878 - 0.00017614373659990295 - 0.0002519646639333323
B2: -2.4710032738086248e-05 - 0.00036400888100327454 - 0.0002624694101123453 - 0.00021355284848977306
