Number: 7535
Error: 9.766089515132051e-16
A1: [0.08043172543783035, -0.18046777000192585, -0.01958881626882915, 0.11962501248675358] - [0.03741561400418211, 0.13359642015964623, -0.1347261522556396, -0.0362857911058221] - [-0.0017027646195429383, 0.2281901708988543, -0.12282832833160039, -0.10365885584573183] - [0.038863259359375305, -0.1144809936921386, -0.046416416481420864, 0.12203425286768534]
A2: [0.035307460116641536, -0.02927345869443226, -0.0756973337351679, 0.06966342559465293] - [0.10289377816999214, 0.2828967289978259, -0.39260636965440626, 0.006816024799644852] - [-0.011187070925863584, 0.5390146199256036, -0.3594509879821358, -0.16837643393827179] - [0.09786283618569702, 0.017463353440642603, -0.16885097550430508, 0.0535249169880075]
B1: 1.135350458728256e-08 - 1.4669117894917253e-08 - 1.5835250818891068e-08 - 1.3383756414728265e-08
B2: 1.078005531222442e-08 - 8.534881567080513e-10 - 2.3095518940250825e-08 - 7.594698817150142e-10
