Number: 3433
Error: 2.059762715461628e-08
A1: [0.06661496515844754, -0.11356007821361172, -0.023583390414684817, 0.0721235527006088] - [0.037977982571108244, 0.18874305564805166, -0.1468431962169318, -0.07762111180230724] - [-0.05981128326362023, 0.32935185716464954, -0.12734459991558877, -0.14056279299220933] - [0.03950127774821166, -0.05288956268369279, -0.03697771095698852, 0.052131669447071226]
A2: [-0.00870187375516122, -0.3463711002916492, 0.24986538168856748, 0.10688511356025715] - [0.08034545605257844, 0.03661144041318061, -0.04991657009918003, -0.06573558173652039] - [-0.04150398235857511, 0.23187864213806192, -0.03951489363271512, -0.14679853337312018] - [0.06874702843050098, -0.2927937703377726, 0.14243608919857456, 0.08424974136190902]
B1: -0.0002988545509131099 - 0.0002775184199647191 - -0.00013988218686940285 - -0.00016929407533426293
B2: -9.985690758430009e-07 - -0.00010855518801562052 - -9.042013992501688e-05 - -8.066759356447893e-05
