Number: 4276
Error: 1.3385368471654916e-15
A1: [0.06621323918987318, -0.11395202348639182, -0.023983892817134173, 0.07172292556123541] - [0.037402601728653756, 0.18819335949972235, -0.14740895700263745, -0.07818702040219333] - [-0.06022928190633312, 0.3289508860083642, -0.1277530221839994, -0.14096823518033227] - [0.03904607912884598, -0.053322762008254816, -0.03741866779866476, 0.051695043640569885]
A2: [-0.009108432629434475, -0.3468030336016871, 0.24945523464177605, 0.10645682998202524] - [0.08003980368572831, 0.0362822331854632, -0.05025013639324527, -0.06607198383333557] - [-0.04245283356178968, 0.2308318755221268, -0.040531260659258696, -0.14784785457113336] - [0.06813478536315298, -0.2934678449644651, 0.14177124780539124, 0.083561867836269]
B1: -2.7073206576338264e-08 - 7.776947984027499e-09 - 1.8199755013712248e-08 - 2.311851402364963e-08
B2: 3.407162413545799e-08 - -2.1506988644481525e-09 - 2.7711280438367356e-08 - -4.1591437531134844e-08
