Number: 9825
Error: 4.2817331720494384e-16
A1: [0.05317257646228526, -0.14800124464410624, -0.026999021027725053, 0.121827848316759] - [0.005313759621836542, 0.13083673411521063, -0.11360070397343174, -0.02254972351514417] - [-0.01444443544745771, 0.22309166197374034, -0.1270411385002578, -0.08160589185514705] - [0.027146461197418138, -0.10002003693652929, -0.04942450729554062, 0.1222981215082573]
A2: [0.08925426166046609, -0.07291356948801668, -0.12362761594275425, 0.1072861809684307] - [0.10884174730163657, 0.24981419961719778, -0.4048452713970965, 0.04618949890212437] - [0.03663596914892231, 0.46255515644335177, -0.37771741375064327, -0.12147322990617587] - [0.14342644099953938, -0.04460661555170773, -0.20149952786313938, 0.10267987040901873]
B1: 2.6969511828068246e-08 - 4.400957771170766e-08 - 3.808674242551787e-08 - -2.156556460166034e-09
B2: 3.351607370385233e-08 - 2.642969142448175e-08 - 4.6746663568073026e-08 - 1.711956320284173e-08
