Number: 8018
Error: 9.046964537163992e-16
A1: [0.08043171863924915, -0.18046777679973772, -0.01958882305927443, 0.11962500568895391] - [0.037415604045792236, 0.1335964102088013, -0.13472616219413264, -0.03628580105867066] - [-0.0017027900853226515, 0.22819014543361857, -0.12282835376008697, -0.10365888130471035] - [0.03886326409538373, -0.1144809889694199, -0.046416411748415376, 0.12203425760075856]
A2: [0.03530743216343849, -0.029273486724945286, -0.07569736031272302, 0.06966339633860164] - [0.10289368468621309, 0.2828966347206555, -0.39260646007073585, 0.006815926908533012] - [-0.011187111361758432, 0.539014579248503, -0.35945102625562164, -0.16837647654695737] - [0.09786277277044615, 0.017463289736927994, -0.168851035871572, 0.053524850422694184]
B1: -4.497539333788157e-09 - 1.676162604390459e-08 - -4.193775247998511e-09 - 4.406614545616085e-09
B2: 6.055379065225511e-08 - -8.094360811365755e-08 - 7.410605037700696e-09 - 4.78853576379107e-08
