Number: 2257
Error: 0.00023209308512865505
A1: [0.07019949405345251, -0.033684207649047296, -0.01037363116173997, 0.020788832218317402] - [0.05104650350951212, 0.19000033580199488, -0.15258049804690077, -0.09939150629889952] - [-0.12930299033219092, 0.42305380253268343, -0.09299911149284189, -0.17583564196715126] - [0.03106690648163926, 0.028367087264595574, -0.019249170241279766, -0.019576493467583767]
A2: [0.050178810578208694, -0.19726631771073136, 0.07684103524196496, 0.008578618846418695] - [0.024948717755634623, 0.19595661109365775, -0.10349341052349727, -0.13323535640034173] - [-0.0333389350253701, 0.5898367272780857, -0.16007173386070278, -0.13813018579327735] - [-0.15795597248299642, -0.09381055482462429, -0.1789545230937131, -0.06275285987407248]
B1: 0.011797923087729253 - 0.027469725212652136 - -0.06352078073689478 - -0.005220591162815602
B2: -0.002089879647241501 - 0.014451408417950059 - -0.005116260359011698 - -0.002037481408946028
