Number: 1337
Error: 5.135781382129486e-09
A1: [-0.007186549107927532, -0.014992744605130467, 0.0029984028591866275, 0.019455727167025236] - [0.06671740587296295, 0.1897792042747216, -0.14684823402277702, -0.10998395610729252] - [-0.11222442403967728, 0.44213953338718803, -0.07041305250238677, -0.2577090104091133] - [-0.023573983659764444, 0.015143166077390961, -0.0301431980564026, 0.038695557394231285]
A2: [0.13179620232215125, -0.22442191159616987, 0.022873480991997035, 0.07036592739897532] - [0.032754995199543294, 0.2038562061870551, -0.11478010434749078, -0.12135110265006627] - [-0.09430209992198134, 0.5558558662116456, -0.23488699732746654, -0.2253199031147314] - [-0.02079356240830673, -0.01924270961880515, 0.008151854418358803, 0.032214098060495876]
B1: -4.129970188949066e-05 - -7.07264878783362e-05 - -4.275474310000601e-05 - -1.6549220894804652e-05
B2: -1.8383206780758156e-05 - 3.9914866317873217e-05 - -7.312974155784189e-05 - 6.8921691822472e-05
