Number: 8763
Error: 9.958032000031085e-10
A1: [0.08046877151951183, -0.18043072625552423, -0.019551811531804526, 0.11966205517663529] - [0.037487763432963166, 0.13366851851270248, -0.13465414295718917, -0.03621368026124591] - [-0.0016833281711034521, 0.22820960813854385, -0.12280891796999623, -0.1036394239891056] - [0.03890791396327277, -0.11443646233562434, -0.04637178650579776, 0.12207888073786267]
A2: [0.03516821230281395, -0.02941309869268081, -0.07582972695898932, 0.0695176906527401] - [0.10281367602863016, 0.28281594216941686, -0.3926838416159438, 0.006732147531026914] - [-0.011360528645869445, 0.5388401233251451, -0.35961516854879944, -0.16855921037481467] - [0.09773340572903962, 0.017333328072950387, -0.1689741832273498, 0.05338905962006893]
B1: 1.2725876863316641e-05 - 1.7775952416670038e-05 - 2.7636738922986083e-05 - 1.351895176591146e-05
B2: -5.862909313482105e-06 - -1.4388310371407244e-05 - -5.5402391502689286e-06 - 4.085603488903589e-06
