Number: 7395
Error: 1.1037825060102598e-15
A1: [0.08043169522758445, -0.18046780020874623, -0.019588846442948882, 0.11962498227996224] - [0.037415559178305365, 0.13359636537526973, -0.13472620697226978, -0.036285845901323756] - [-0.0017028089073002199, 0.22819012661204127, -0.12282837255451552, -0.10365890012166971] - [0.038863207105132656, -0.11448104579973203, -0.04641646870236135, 0.12203420064592414]
A2: [0.035307492866986964, -0.029273425853504134, -0.07569730259655057, 0.06966345987143555] - [0.10289376179466453, 0.2828967124835188, -0.39260638549241705, 0.006816007652293671] - [-0.011187094433536767, 0.5390145962777159, -0.3594510102326763, -0.1683764587091152] - [0.09786281821936241, 0.0174633353925843, -0.16885099260710787, 0.05352489812921907]
B1: 7.190138199834138e-10 - -1.61152491624926e-08 - -1.9241242789251474e-08 - -1.2823861035697318e-08
B2: 1.7888308682422195e-09 - -2.6412297190900604e-08 - 5.82583046930151e-09 - -2.1592993420428587e-08
