Number: 1326
Error: 1.601245247677409e-09
A1: [-0.007259059632763401, -0.015065869654174618, 0.002923099592823713, 0.01938124708257295] - [0.06677707309887544, 0.18983659981880865, -0.14678655880712602, -0.10991758095365163] - [-0.1128267382695253, 0.4415492133319442, -0.07104071731757865, -0.2583612093480049] - [-0.023820899874036388, 0.014900711596497307, -0.030395120553643535, 0.038434880366867714]
A2: [0.1313903338299898, -0.22482140355946287, 0.022474450997428796, 0.06996921962912837] - [0.03267376363786668, 0.20377627484738117, -0.11486101558532659, -0.12143057188697166] - [-0.09511405033562452, 0.5550566441683337, -0.2356850987201041, -0.2261179368095909] - [-0.02108342354207419, -0.01952862069437851, 0.007864436855771383, 0.03193563860150457]
B1: 9.320901346404582e-05 - -0.00015168462552902365 - -6.988869261681893e-05 - 9.281335843488092e-05
B2: 5.95061526281177e-06 - 9.368893282745618e-05 - -4.5023427081265405e-05 - -4.167737019134969e-05
