Number: 2047
Error: 0.00024197673253960257
A1: [-0.007309589688753511, -0.020738828274973725, -0.0018029272690703669, 0.021318344312517157] - [0.04573751461254133, 0.17121087351134395, -0.16862693502471063, -0.13479883582044225] - [-0.017112138732436277, 0.5305152403540784, 0.021895361010395787, -0.16626950169225305] - [-0.07065726870098857, -0.027166426344210404, -0.07601077047214985, -0.011279520235021673]
A2: [0.14194952993373292, -0.2113556387118512, 0.026600895234673926, 0.08575932641839701] - [-0.028206419685673095, 0.1419985780485766, -0.17620195873252936, -0.18162253941033596] - [-0.0859141957787052, 0.56146450740177, -0.22582126328978128, -0.21929977026433972] - [0.09925844636427505, 0.10557460659261911, 0.12122209118543369, 0.15800058889898214]
B1: 0.006833077931352716 - 0.010156902090677461 - -0.02478544010377775 - 0.006010635177426071
B2: -0.013281731361614951 - 0.003828090858807488 - 0.03967462350225377 - -0.010567528284875987
