Number: 1139
Error: 9.639521882969585e-07
A1: [-0.00971793031959896, -0.017525737640086053, 0.00041978414971856836, 0.01683277346382149] - [0.06759239503155713, 0.19060307155896167, -0.14595152555471352, -0.1089888004042998] - [-0.1150900475222349, 0.439368341082845, -0.07334425423402595, -0.2608106103218468] - [-0.02940529858087052, 0.009381497708598424, -0.035983263990150616, 0.03256500080709015]
A2: [0.13380250180555206, -0.22245077393050375, 0.024865344185196668, 0.07230684881334878] - [0.03161339361557133, 0.20275538251243072, -0.1159199622284616, -0.1224674923981378] - [-0.0922670012908904, 0.5578997684226459, -0.23285496643611278, -0.22337548807135824] - [-0.016305467843581414, -0.014877356793693803, 0.012611438910884124, 0.036455374220459184]
B1: -0.0006225633167360356 - -0.00021308151783826766 - -0.0010820018053855128 - -0.0012223508824914494
B2: -0.001565447840607843 - 0.000244823175057383 - -0.002743040180280907 - 3.246560746831173e-06
