Number: 2754
Error: 7.4368373896303e-10
A1: [0.06399729213763555, -0.04731181277086489, -0.022886321142016205, 0.008413762939252677] - [0.0439045557826431, 0.19150502302553693, -0.14231453312953107, -0.09224526993057955] - [-0.12361221589369649, 0.41469554629452887, -0.10502515450317257, -0.18723821083679934] - [0.03725578894408669, 0.01942030664859921, -0.03287990799976312, -0.022800521823035616]
A2: [0.06344389997049568, -0.17368271838708088, 0.08632894459980137, 0.023962031199382162] - [0.029419826172019013, 0.2004266407994748, -0.10158082400408633, -0.12774591059406573] - [-0.09300957389329455, 0.5140751361171313, -0.22520477651253337, -0.19471031600489208] - [-0.025776102046345162, 0.01867130838624706, -0.0501376702272001, 0.05712415323915376]
B1: 1.1039774310151947e-05 - 6.484348959377081e-05 - 1.539310919737969e-05 - 0.00016211591825553167
B2: 0.00012580229557019847 - 9.067918354614991e-05 - 0.00015509210350239867 - -8.122828371540856e-05
