Number: 6959
Error: 6.324450501955732e-16
A1: [0.08043167691587463, -0.1804678185183773, -0.01958886473275628, 0.11962496397034596] - [0.03741558953176557, 0.13359639570575477, -0.13472617667929362, -0.03628581556467933] - [-0.0017028171621298602, 0.22819011835738942, -0.12282838079725523, -0.10365890837429852] - [0.03886323233404499, -0.11448102064161624, -0.046416443489520585, 0.1220342258591591]
A2: [0.0353074099596839, -0.02927350899012539, -0.07569738142377075, 0.06966337309997421] - [0.10289382181925597, 0.28289677301754074, -0.3926063274374233, 0.006816070506810133] - [-0.011187189030153477, 0.5390145011168732, -0.3594510997704412, -0.1683765583888705] - [0.09786279897108288, 0.017463316056750004, -0.16885101093022548, 0.053524877924796405]
B1: 3.2520555334228564e-08 - -6.11438383959159e-09 - -3.0430598089544232e-09 - 1.1332825217220746e-08
B2: 2.091056755285527e-09 - 1.1094174400724411e-08 - 1.5993932452480725e-08 - 7.907461578286609e-09
