Number: 8736
Error: 2.2410069896066234e-11
A1: [0.08043584956284468, -0.18046364628487677, -0.01958469704426859, 0.11962913614959599] - [0.03742136171281353, 0.13360216355803856, -0.13472041597404816, -0.03628004657351043] - [-0.00170302695494989, 0.2281899085791475, -0.12282859027546238, -0.10365911810984087] - [0.03886618297545551, -0.11447807823430978, -0.046413494703264425, 0.12203717467339796]
A2: [0.03531424409259663, -0.029266655962219952, -0.0756908836146067, 0.06967052573170071] - [0.10290019266770577, 0.28290319797062824, -0.39260016562514494, 0.006822741697814642] - [-0.011176241022039292, 0.5390255144403631, -0.35944073721750536, -0.1683650221348071] - [0.09787049166896893, 0.017471043744563233, -0.16884368797270727, 0.05353295272218902]
B1: -2.3449319831342804e-06 - -1.9585651213418504e-06 - -3.7571851172316033e-06 - -2.6196574525639138e-06
B2: 2.5512164922080532e-06 - -1.095350197728931e-06 - 2.2825806043247536e-06 - 2.6797176503319e-06
