Number: 8267
Error: 1.076407292076817e-15
A1: [0.08043169389307817, -0.1804678015431234, -0.0195888477759126, 0.11962498094557533] - [0.037415628009774535, 0.13359643415468653, -0.13472613827780092, -0.03628577710789803] - [-0.0017028160782618822, 0.228190119441224, -0.122828379714981, -0.10365890729072443] - [0.03886324740291829, -0.11448100561504067, -0.046416428430271404, 0.12203424091865517]
A2: [0.035307461775148444, -0.029273457031295354, -0.0756973321582285, 0.0696634273304161] - [0.1028936928411492, 0.282896642944808, -0.3926064521833888, 0.006815935447950103] - [-0.01118707586058367, 0.5390146149613945, -0.35945099265292785, -0.16837643913820508] - [0.0978627954342797, 0.017463312503834153, -0.16885101429704003, 0.053524874212303286]
B1: -1.9317372058855234e-08 - -1.0605859769151832e-10 - -1.564275042223919e-08 - 2.9009411082883134e-09
B2: -1.4249579090619739e-08 - -4.813534514399977e-09 - 2.4448064457653904e-09 - -1.9573193676369184e-08
