Number: 2475
Error: 2.2147816303905696e-07
A1: [0.06551779878625937, -0.0458278785564707, -0.021392888908191698, 0.00990291682140992] - [0.04258570493462788, 0.1902216059895975, -0.14369142579217437, -0.0937101687949495] - [-0.12363033271340647, 0.4146295128382693, -0.10508289828260284, -0.1873052517967237] - [0.03949956201624682, 0.02164729430518698, -0.030656773422456138, -0.020601033097941635]
A2: [0.06527012108056857, -0.1718638754483341, 0.08811527181274975, 0.025774404429842676] - [0.030523307744179273, 0.20151259141421893, -0.1004817710501063, -0.1266658630332297] - [-0.09378870500700852, 0.5133466136821238, -0.22597593991600937, -0.1954479373002331] - [-0.025193297622992834, 0.019270343489240296, -0.04954428498926634, 0.05771197175490061]
B1: 0.0007602393306073295 - 0.00016587650957482347 - -3.12252407494112e-05 - 0.0001732479126242537
B2: -0.0013070817626472525 - 0.0011984972049477371 - 0.0003474516290904009 - 0.0005430912531852556
