Number: 2365
Error: 1.0472030183917054e-05
A1: [0.0608601223043201, -0.0515849081493659, -0.027495188964629408, 0.004781446944437016] - [0.040826328800924794, 0.1884567546662608, -0.14587000548073348, -0.09560218686542549] - [-0.1237956863952823, 0.415095421450313, -0.10464685663620513, -0.18733322597216875] - [0.038750974977061176, 0.021263311971237396, -0.030841038907156254, -0.02134872445711217]
A2: [0.04057019135548727, -0.19605928122456853, 0.06373201637412684, 0.0011576867222647422] - [0.024372749107328204, 0.1954123935117074, -0.106659702084582, -0.13273659845285166] - [-0.09517455402255391, 0.5125452373080397, -0.22682326314749054, -0.19621024436393994] - [-0.030661450934161144, 0.0141505469508052, -0.05445528831552978, 0.05261642921710809]
B1: -0.005463600741756822 - -0.002098206111312398 - 0.002135826188111558 - 0.0029250751879831144
B2: -0.0012516114305621906 - 0.003838192203591306 - 0.0016776221709444488 - 0.0024116438067643235
