Number: 1260
Error: 1.8051677339659647e-08
A1: [-0.007731276212818271, -0.01554227993939884, 0.0024327560493779972, 0.01889603804669261] - [0.06706871852847111, 0.19011731781797517, -0.14648533123046603, -0.1095931039710255] - [-0.11277925087701109, 0.44159635197560315, -0.07098988542288649, -0.25831042687265104] - [-0.023553984166597233, 0.015163324487715743, -0.03012200571336884, 0.03871601191789115]
A2: [0.13206407205348478, -0.2241584393985852, 0.023137333662378294, 0.07062822838469339] - [0.03294757927409038, 0.2040456373639617, -0.11458818155297898, -0.12116250150692284] - [-0.0937403990053163, 0.5564106941527851, -0.2343352531101912, -0.22476713996303352] - [-0.02047529407295358, -0.01892973363303866, 0.00846855892016087, 0.03252087607751664]
B1: -9.862414756705501e-05 - -0.00037816122383825665 - 4.0211824493612095e-05 - -0.0001905962318388462
B2: -8.306326524050343e-06 - -0.00037718012831954934 - -0.0001460169061013445 - -0.00011417659637399469
