Number: 9280
Error: 8.293518735256375e-10
A1: [0.053195515103997185, -0.14797829760013345, -0.02697606483692087, 0.12185081155122555] - [0.005224337370036747, 0.13074724298200693, -0.1136900967916408, -0.022639237337832088] - [-0.014350825781191175, 0.22318531908043407, -0.126947556085525, -0.08151223708552074] - [0.027068697792153314, -0.10009779089660187, -0.04950236280647443, 0.12222022752999964]
A2: [0.0894776758164362, -0.07269054246304703, -0.12340926707224859, 0.10751239411842324] - [0.10893018472504361, 0.24990272374123437, -0.40475862989074135, 0.046279472948330305] - [0.0365528799022993, 0.4624725777369405, -0.37779849195699794, -0.121557151826536] - [0.1433514825436124, -0.04468126803734641, -0.20157270725292398, 0.1026037793485157]
B1: 2.1103116652781145e-05 - -1.002630184696138e-05 - -5.129938196996191e-05 - -5.757468707130804e-05
B2: -1.8250820920237275e-06 - 7.2640768261978e-07 - -1.3121891790427066e-05 - -1.82979553493496e-05
