Number: 7730
Error: 1.2298961008490662e-15
A1: [0.08043164936536774, -0.18046784606577357, -0.019588892250317267, 0.11962493642298845] - [0.03741556362863428, 0.13359636982222253, -0.1347262025307992, -0.03628584145345797] - [-0.0017028602651510873, 0.22819007525528556, -0.12282842383716082, -0.10365895146580931] - [0.038863198060402414, -0.11448105481908609, -0.04641647774131864, 0.12203419160681912]
A2: [0.03530738952253308, -0.029273529483790486, -0.07569740085520965, 0.06966335171032995] - [0.10289367133144045, 0.2828966212525386, -0.39260647298730084, 0.006815912924138758] - [-0.011187143431933331, 0.539014546987074, -0.3594510566107604, -0.1683765103403888] - [0.09786276341882566, 0.017463280342785603, -0.16885104477370844, 0.053524840606542244]
B1: -1.960526529567134e-09 - -4.988309962815893e-09 - -6.1795651300695556e-09 - -4.47049045559865e-09
B2: 2.0126171824847102e-09 - -4.896512119106063e-09 - 2.7441525422711712e-09 - 1.5935547141989618e-09
