Number: 1425
Error: 6.174582644447033e-10
A1: [-0.007222686285353025, -0.015029244466277606, 0.002960611083308797, 0.019418679375556608] - [0.06683008905348113, 0.1898876592310986, -0.14673164527400442, -0.1098586172891449] - [-0.11262797635521747, 0.44174347043621737, -0.07083391386443678, -0.25814598308375536] - [-0.023540371480248824, 0.015176083506873434, -0.03010928720797907, 0.0387309921122563]
A2: [0.13171420407840698, -0.22450241670140475, 0.022792518153470512, 0.07028576614865387] - [0.03270737391783739, 0.20380938928598805, -0.11482741524462453, -0.12139765696670413] - [-0.09459328116219383, 0.5555689634562988, -0.23517341118839574, -0.22560615231869788] - [-0.020863789651647778, -0.019311688509324184, 0.008081949333501107, 0.032146697448110086]
B1: 2.6539619041950948e-05 - -9.724511486679665e-05 - 3.75723923609103e-05 - 6.869873534016043e-06
B2: -1.8611946304347337e-05 - -1.5524883773760702e-05 - -3.800102957667438e-05 - -2.0829145363596963e-05
