Number: 6675
Error: 8.632138180585482e-16
A1: [0.08043167434481918, -0.18046782108914278, -0.0195888673007404, 0.11962496139958324] - [0.03741557314252663, 0.1335963793289206, -0.13472619303587893, -0.03628583194483988] - [-0.00170284439528115, 0.2281900911248201, -0.1228284079905327, -0.10365893560018118] - [0.038863218507389545, -0.11448103442946844, -0.0464164573073648, 0.1220342120410976]
A2: [0.035307421635719205, -0.029273497281797387, -0.07569737032234419, 0.06966338532020773] - [0.10289374256878607, 0.28289669309446164, -0.3926064040874453, 0.006815987519985426] - [-0.011187170659871638, 0.5390145195967336, -0.3594510823825502, -0.1683765390314711] - [0.09786277182790078, 0.017463288790102754, -0.16885103676877217, 0.05352484943328515]
B1: -7.875997875127526e-10 - 1.606243582853869e-08 - -1.6813741815253553e-08 - -7.526870826296682e-09
B2: 3.678249525019985e-09 - 5.450990709150548e-09 - 1.0468015039385074e-09 - 1.3427259558445e-09
