Number: 1418
Error: 6.869847314444627e-10
A1: [-0.007211987372134457, -0.01501844018330186, 0.002971732964053959, 0.01942967397796246] - [0.06686835288725551, 0.1899244766512244, -0.14669209885766787, -0.10981604302649575] - [-0.1126303120420874, 0.4417411927125759, -0.07083634561123578, -0.25814850741938283] - [-0.02367824608573087, 0.015040610048465582, -0.030249994050053523, 0.0385854165028371]
A2: [0.1316825951659962, -0.2245335366246127, 0.02276144231426443, 0.07025486120497529] - [0.03271320017847044, 0.203815124979202, -0.11482161380550111, -0.12139195788510716] - [-0.09434268823239841, 0.5558156390562097, -0.2349270903102589, -0.22535985533715786] - [-0.02116054637065456, -0.019604338704681132, 0.007787607099557357, 0.031861537722809835]
B1: 9.0740087769537e-05 - -0.00010435492899912863 - 2.519265920411808e-05 - 5.1587438524516104e-05
B2: 2.371842256425608e-05 - 1.1884210814908987e-05 - 2.7956408870462127e-05 - -1.0887840860448545e-05
