Number: 4899
Error: 9.670009679027943e-16
A1: [0.0662131571775431, -0.1139521036660114, -0.023983974765108274, 0.07172284368653292] - [0.03740257046010735, 0.18819332962475627, -0.14740898774200983, -0.0781870511443014] - [-0.06022938267122796, 0.3289507892292314, -0.12775312078657355, -0.14096833325239108] - [0.03904617427980685, -0.05332267169445083, -0.03741857574317994, 0.05169513494855335]
A2: [-0.009108531172473174, -0.34680313814049885, 0.24945513530131994, 0.10645672666499335] - [0.08003988001664276, 0.03628231541572735, -0.050250052967843725, -0.06607189969959669] - [-0.04245282137873649, 0.23083188896817197, -0.04053124760321896, -0.1478478410970804] - [0.06813472478857852, -0.29346791165958663, 0.14177118213663015, 0.08356179992114703]
B1: -6.4896805497690235e-09 - 2.9271744127936952e-08 - -1.693927228532571e-08 - -3.31598940027651e-08
B2: -1.810480466748017e-08 - -1.931093563103903e-08 - 1.9087482708221038e-09 - 1.0571081204886547e-09
