Number: 3578
Error: 2.1123526831219345e-12
A1: [0.06620812171351208, -0.11395702672706275, -0.023989006490472295, 0.07171781663259033] - [0.037397880854974044, 0.18818884898551097, -0.14741359803935858, -0.07819166169787675] - [-0.060229571322181305, 0.3289506080368956, -0.12775330511658245, -0.14096851710931033] - [0.03906351212239569, -0.053306215224932785, -0.0374018019570556, 0.0517117724180457]
A2: [-0.009094080939621482, -0.3467878086123236, 0.2494697024856158, 0.1064718770672779] - [0.080042983954943, 0.036285659306821434, -0.05024666055523162, -0.06606847852890504] - [-0.04245324446663301, 0.23083142204172066, -0.04053170129061982, -0.14784830915668382] - [0.06814834605329588, -0.2934529141596248, 0.14178594916587386, 0.08357707205600458]
B1: -1.8362774772808402e-06 - 8.618412911371215e-08 - -6.584885961620006e-06 - 4.7543340914986395e-06
B2: 4.530695331067728e-06 - -1.0883315913626832e-06 - -8.380238043602251e-06 - 1.1929079878502982e-06
