Number: 4635
Error: 6.735703297764478e-16
A1: [0.06621319929509248, -0.11395206248967554, -0.023983932680641893, 0.07172288573337166] - [0.03740260739482491, 0.1881933649133645, -0.14740895143236132, -0.07818701483143813] - [-0.060229295245275614, 0.3289508731970528, -0.1277530352367145, -0.14096824816265952] - [0.03904611953676043, -0.05332272365455873, -0.03741862870533964, 0.05169508241645612]
A2: [-0.009108574190423728, -0.3468031837757519, 0.24945509193525303, 0.10645668156300597] - [0.08003982247000911, 0.03628225342154209, -0.05025011586303952, -0.06607196312883021] - [-0.04245285328594662, 0.23083185375341309, -0.0405312817962652, -0.14784787638517607] - [0.0681347616275509, -0.29346787109841155, 0.14177122207345882, 0.08356184122431622]
B1: -1.6226157183574006e-08 - 6.259217038144069e-10 - -9.662398972642289e-09 - -4.537668831676118e-09
B2: 1.1831456334572436e-08 - 5.051274204451869e-09 - -4.1007773736620776e-08 - -3.414472110109439e-08
