Number: 5357
Error: 3.7521440303370135e-15
A1: [0.06621314336771127, -0.11395211716722034, -0.02398398856409085, 0.07172282989987651] - [0.037402545592609776, 0.18819330586564437, -0.14740901218857957, -0.0781870755930419] - [-0.06022916001476643, 0.32895100307863867, -0.12775290290798516, -0.14096811654554448] - [0.03904596945847532, -0.05332286610329382, -0.03741877390106495, 0.05169493839957884]
A2: [-0.009108415267834138, -0.34680301518411005, 0.24945525214336572, 0.10645684818436509] - [0.08003976758418559, 0.03628219429391175, -0.050250175849898444, -0.06607202362508562] - [-0.04245271212829697, 0.23083200954319563, -0.040531130526538506, -0.14784772027070675] - [0.06813486964966846, -0.29346775216183313, 0.14177133917938758, 0.08356196233652771]
B1: 2.5145995265797153e-08 - 7.893436363814628e-08 - -3.0720345154882966e-08 - -3.305602792195715e-08
B2: -1.7592296409916792e-08 - -1.1618273558761645e-08 - -8.290552019532256e-08 - -5.963774538836534e-08
