Number: 533
Error: 1.4716415409493518e-13
A1: [-0.012154256692350724, -0.01451805634099396, 0.01808632968283536, 0.008582175284463537] - [0.06583646133049469, 0.18949644017082284, -0.14532130277697256, -0.11000719582694087] - [-0.0962914977184741, 0.42178761339751786, -0.05345562275584654, -0.27203389773228703] - [-0.0013208333205588264, -0.018218603468247302, -0.003834400802448665, 0.023377514448831294]
A2: [0.16158667620968353, -0.16775481702382514, 0.00850129019606163, -0.002333112962388684] - [0.03548599088702463, 0.207516984838816, -0.11721015797492021, -0.1257917680015011] - [-0.08621373544491971, 0.5815379349261351, -0.2353889122519482, -0.25993575419304443] - [-0.003835367641276162, -0.004519683494143787, 0.001109860638409704, 0.00724300974264082]
B1: 2.9316303485404316e-07 - 6.365343365509969e-07 - 1.8801312996791002e-07 - -1.4965560259007355e-07
B2: 7.545158185121455e-07 - 4.6033198267170055e-07 - -6.018166296275007e-07 - -5.878846063399579e-07
