Number: 1860
Error: 9.098075373826084e-08
A1: [-0.004369472551102689, -0.012123792824802011, 0.005968488868508188, 0.022338769515735095] - [0.06908729860086059, 0.19206494813093727, -0.14439621891385962, -0.10734601561398287] - [-0.11400813752145689, 0.4404110722747072, -0.07232920310675099, -0.2596332628584729] - [-0.02371066009514851, 0.015041739078600281, -0.03035534765501666, 0.03855617061436357]
A2: [0.13269762100811325, -0.22357668173159337, 0.02373851263859919, 0.0712259670467202] - [0.032853001150193274, 0.2039666902160834, -0.11468063495366138, -0.12124633899075125] - [-0.09311280185840781, 0.5570334020693831, -0.23365851107363472, -0.22405468212215116] - [-0.020089358509895648, -0.018590225065330007, 0.008817080637990186, 0.03286030026286692]
B1: -4.796974361530825e-05 - 0.0011100465528386396 - -0.0003655195146258357 - -0.00021328181881594276
B2: -0.0011131157303801 - 0.0010300193769446002 - 0.00027051581386745843 - -0.00013189180458198898
