Number: 4094
Error: 1.1010741967864818e-15
A1: [0.06621318204221092, -0.11395207935699367, -0.023983949919952778, 0.07172286850948059] - [0.03740262077548947, 0.18819337769768127, -0.1474089382781405, -0.07818700167603897] - [-0.06022934336415811, 0.328950826981498, -0.1277530823230039, -0.1409682949958895] - [0.03904617894116083, -0.05332266727018887, -0.0374185712336009, 0.05169513942156083]
A2: [-0.009108558967066114, -0.3468031676261494, 0.2494551072819308, 0.10645669752394638] - [0.08003983257369222, 0.03628226430607235, -0.05025010482034352, -0.06607195199234853] - [-0.042452854110698476, 0.230831852843067, -0.04053128268030531, -0.14784787729747853] - [0.06813482326714852, -0.29346780323050836, 0.14177128889697768, 0.08356191033368547]
B1: 1.0233994531524342e-08 - -1.220203073785974e-09 - -1.8513519882595664e-08 - 1.4462968867290901e-08
B2: -4.869380861843083e-10 - 6.677552911035831e-09 - -3.522568887720629e-09 - 1.4316866035803977e-09
