Number: 5213
Error: 3.3612606703194796e-15
A1: [0.06621304066229748, -0.11395221757759633, -0.02398409118894607, 0.07172272736679504] - [0.03740252839368166, 0.18819328943314953, -0.14740902909650977, -0.07818709250246729] - [-0.060229580505741134, 0.3289505992195998, -0.12775331437597356, -0.14096852580052383] - [0.03904608433118951, -0.05332275707031857, -0.03741866276550954, 0.05169504863278385]
A2: [-0.00910855617608504, -0.34680316466531064, 0.24945511009523477, 0.10645670045021058] - [0.08003973142398231, 0.036282155339026546, -0.05025021537095176, -0.0660720634817033] - [-0.04245284642182863, 0.23083186132912784, -0.04053127444042103, -0.14784786879366305] - [0.06813476739856004, -0.29346786474427156, 0.14177122832970365, 0.08356184769472474]
B1: -1.501314538683047e-08 - 3.6654431869991716e-08 - 2.092843399949775e-08 - 9.470400524548519e-09
B2: -3.729179664754813e-08 - -6.33955849450309e-08 - 4.1086385385389e-08 - -9.199668058575193e-08
