Number: 8706
Error: 6.045221325520513e-13
A1: [0.08043166852856438, -0.18046782690482088, -0.019588873110027896, 0.11962495558404489] - [0.037415821627285455, 0.1335966276246878, -0.13472594504641303, -0.03628558359789141] - [-0.001702850643926212, 0.22819008487603734, -0.12282841423015471, -0.10365894184722418] - [0.03886308282423623, -0.11448116973191722, -0.046416592904008215, 0.12203407644237912]
A2: [0.035306519727486434, -0.029274401684167995, -0.07569822784765627, 0.06966244137822221] - [0.10289458715296518, 0.28289754484529844, -0.3926055872164366, 0.006816871921654006] - [-0.011187049266173085, 0.5390146417142042, -0.3594509674808386, -0.16837641111463528] - [0.09786273525980381, 0.017463252055614605, -0.1688510715794409, 0.05352481104896957]
B1: -4.608022178447298e-07 - -7.870690135790607e-07 - -3.998800819394794e-07 - -2.72820419053585e-07
B2: 3.6653652649614483e-07 - 5.3908998614787474e-08 - 3.7309280820129043e-07 - 4.119176748573768e-07
