Number: 7722
Error: 1.0056519353083718e-15
A1: [0.08043163087817763, -0.1804678645508701, -0.019588910715402107, 0.1196249179379099] - [0.037415607851832934, 0.1335964140119514, -0.134726158395716, -0.036285797254756516] - [-0.0017028585023842577, 0.2281900770180149, -0.12282842207697497, -0.10365894970351298] - [0.03886317619913213, -0.114481076619006, -0.0464164995886585, 0.122034169759136]
A2: [0.03530737736715646, -0.029273541672786726, -0.0756974124123992, 0.06966333898842283] - [0.10289365262118572, 0.2828966023834903, -0.39260649108362367, 0.00681589333178179] - [-0.011187144703293975, 0.5390145457081309, -0.359451057814132, -0.1683765116800645] - [0.09786276430935459, 0.01746328123736555, -0.1688510439259816, 0.05352484154130673]
B1: 1.5024459724051235e-10 - -1.092200831060565e-08 - -1.817108739822148e-08 - -1.1435806897994716e-08
B2: -2.419808830756999e-08 - 2.0635412367781962e-08 - -9.743631339233904e-09 - -2.405179134153303e-08
