Number: 1818
Error: 8.417078812364027e-08
A1: [-0.006906950107881495, -0.014698378695651656, 0.0033338263008249316, 0.019720831921611524] - [0.06718703654598251, 0.19023665289330202, -0.14636513839584658, -0.10946050405462769] - [-0.11160916088662565, 0.4427680836483227, -0.06981249870721774, -0.25703581968503464] - [-0.023300540910261965, 0.015446525171652634, -0.029935183426685878, 0.038991451711278]
A2: [0.13156009583468775, -0.2246839779453105, 0.02265136035801781, 0.07013673900211059] - [0.032052206048588924, 0.20317608940006682, -0.11547739805167992, -0.12203074439250272] - [-0.0969718206704823, 0.5532643689737793, -0.23742643887237547, -0.2278188111524902] - [-0.01972500320061732, -0.018229638027004866, 0.009203484077908988, 0.03322185444533698]
B1: -0.00029606927682312973 - 0.00020435386985894112 - -7.44411467792397e-05 - 8.942247094065735e-05
B2: -0.0001083546719050474 - 2.7836560322136775e-05 - -0.0005111094896749658 - -0.0003256339898316589
