Number: 6990
Error: 9.236394647755701e-16
A1: [0.08043169119620666, -0.1804678042396629, -0.01958885046949883, 0.11962497824904703] - [0.037415589905623936, 0.13359639607933044, -0.13472617630618008, -0.036285815191027915] - [-0.0017028122662943535, 0.2281901232531207, -0.1228283759085882, -0.10365890347976948] - [0.038863221562364145, -0.11448103138306742, -0.04641645425433796, 0.12203421509417302]
A2: [0.03530741628776325, -0.02927350264454321, -0.07569737540711405, 0.06966337972299652] - [0.10289373801737314, 0.2828966885044241, -0.3926064084895122, 0.006815982753997401] - [-0.011187050705152699, 0.5390146402669215, -0.3594509688428112, -0.16837641263099504] - [0.09786279949493562, 0.01746331658298566, -0.16885101043155173, 0.05352487847467161]
B1: -1.0644880551664168e-08 - -1.2792941752066504e-08 - 1.7238057141793534e-08 - -2.5608380316978553e-09
B2: 1.3326678968558814e-09 - -3.4723835240466167e-09 - 1.4081302312710428e-09 - -9.123959177001194e-09
