Number: 284
Error: 3.034761052033816e-08
A1: [-0.012765813121782422, -0.015146217826286505, 0.01741047357041122, 0.00792882456889723] - [0.06481803405557464, 0.18851674669989596, -0.14637426370724832, -0.11114108781049306] - [-0.09591136354993235, 0.42215539964769083, -0.053042625534755174, -0.271590867265069] - [-0.0009026182137160169, -0.01781613766830167, -0.003388999589635106, 0.02386092088286595]
A2: [0.16148579492214565, -0.16785377613212243, 0.008402570073372355, -0.002431350924391725] - [0.035550512881996316, 0.20758046852279047, -0.11714599302100479, -0.12572871511215755] - [-0.0860228778952768, 0.5817248815699002, -0.23520327130590016, -0.2597495577904105] - [-0.003744401996725957, -0.004430157164230391, 0.001200143847943613, 0.007330294150320621]
B1: 4.389492398926905e-06 - 0.00027024391599085845 - -9.643186133083359e-05 - -6.877313056948636e-05
B2: 0.0002432734325357765 - -0.0002760036472127086 - -0.00023102705404630112 - -0.00028630045043330683
