Number: 9005
Error: 4.6541180681122164e-05
A1: [0.17281296776522073, -0.05423130579461081, 0.09237905421291018, 0.23396435750920047] - [0.10962988339518669, 0.23308260848428466, -0.012252126951399909, 0.08023311612474324] - [0.07772284510107856, 0.32182062863797267, -0.01223340567419983, 0.016410258523060044] - [0.13821986178499387, 0.009654444506136109, 0.06656243670092284, 0.23387204524783808]
A2: [0.02489830280948603, -0.11281134982814266, -0.16475806958921574, 0.06402631205079688] - [0.061226205687094595, 0.188989735582032, -0.4647680112415775, -0.017581041636397433] - [0.0032184703679966663, 0.44849031391002186, -0.4202367060490485, -0.1457686213586138] - [0.0893507816709947, -0.08441599273547251, -0.2501587127565154, 0.057538347148603224]
B1: 0.0027207459865663947 - 0.009516427741128722 - -0.0029250990033853545 - -0.0001789771553715614
B2: -0.006214933136095611 - -0.004647779727155763 - 0.014062604951785695 - -0.004475051969747295
