Number: 7667
Error: 8.845306553462785e-16
A1: [0.08043170426750271, -0.18046779116985498, -0.019588837413828414, 0.11962499131885325] - [0.037415621495776326, 0.13359642764557111, -0.13472614477895642, -0.03628578361836807] - [-0.0017028057610962333, 0.22819012975817868, -0.12282836941290803, -0.10365889697630042] - [0.038863253722345274, -0.1144809993133481, -0.04641642211484293, 0.12203424723416867]
A2: [0.035307486258631525, -0.029273432480139413, -0.07569730887967137, 0.06966345295505472] - [0.1028937634043633, 0.28289671410688133, -0.39260638393553415, 0.006816009337881765] - [-0.011187132316774984, 0.5390145581685283, -0.3594510460900095, -0.1683764986279711] - [0.09786278960168976, 0.017463306644744717, -0.1688510198492937, 0.05352486808999996]
B1: -2.0393361864090945e-08 - 3.1379713290233826e-10 - 8.938780728291563e-09 - 3.1378052724228436e-09
B2: 2.4515729911245855e-09 - -8.49153228283166e-09 - 1.014880644478421e-08 - -1.542332981446037e-10
