Number: 5803
Error: 1.0940884018257709e-05
A1: [0.0664596085821171, -0.19465773589024404, -0.03369074439628133, 0.10553645050918874] - [0.0009945183631796931, 0.09695160647737103, -0.17155815379103034, -0.07301020225115794] - [-0.0035336999405687322, 0.22640863560118163, -0.12457558835068824, -0.10545068775599285] - [0.05907682072225535, -0.09427189951668614, -0.025799199835791854, 0.14248192151703093]
A2: [0.04192388838813659, -0.022801796309505865, -0.06913494990042915, 0.07701860638192531] - [0.12192051603646974, 0.3017886705296653, -0.3741644598388852, 0.027049307082021076] - [-0.012779713880084729, 0.5377183395353866, -0.3610169257699986, -0.17042754425128784] - [0.09939526819280448, 0.019119473499130922, -0.16734613947451935, 0.055042176428181544]
B1: -0.006518462352878978 - 0.0007364382022439554 - -0.006109805589200467 - -0.005194844848443646
B2: -0.00580631199087439 - -0.0035032228536158476 - -0.009510760576135018 - -0.001267978063743301
