Number: 8231
Error: 1.173384489115583e-15
A1: [0.08043164339384717, -0.18046785203664265, -0.01958889821476232, 0.11962493045210616] - [0.03741561020421242, 0.13359641636260627, -0.13472615604788934, -0.03628579490359457] - [-0.001702814001662335, 0.2281901215177827, -0.12282837764142293, -0.10365890521467701] - [0.03886318924718866, -0.1144810636075732, -0.046416486548943675, 0.122034182799064]
A2: [0.03530731258870783, -0.029273606630349263, -0.07569747400307977, 0.06966327119092493] - [0.10289373044915587, 0.28289668087198583, -0.3926064158093844, 0.006815974828975119] - [-0.011187033363792825, 0.5390146577116585, -0.35945095242870695, -0.16837639435794008] - [0.09786280768215867, 0.017463324807417045, -0.16885100263783695, 0.05352488706856851]
B1: -5.2802011527013966e-08 - 8.469229117162302e-09 - 2.0636385761773655e-08 - 8.783629290389095e-09
B2: -2.225153861179742e-08 - 1.7006295383798958e-08 - 1.56316096547496e-08 - -1.997657550002434e-08
