Number: 5932
Error: 1.2799559735118789e-09
A1: [0.08051305233487403, -0.18038645874691447, -0.019507584603107777, 0.11970633087609772] - [0.037614659814431316, 0.13379530587553953, -0.13452748531828682, -0.03608684404647801] - [-0.0015846484004555664, 0.2283082836389038, -0.12271037079208219, -0.1035407635531269] - [0.03887166645822003, -0.11447259907733043, -0.04640800682008842, 0.12204265699364113]
A2: [0.0354065871743486, -0.02917406860492163, -0.0756030894528422, 0.06976717599405718] - [0.10301595590469544, 0.28301993329468556, -0.3924882140692189, 0.0069439454941195205] - [-0.011283555929026343, 0.5389175544072395, -0.35954232321385626, -0.1684781111770301] - [0.09784752424982349, 0.017447964881225502, -0.16886555887185922, 0.053508842237570735]
B1: 6.24342801129111e-05 - -5.000570985022687e-05 - -7.609407880531258e-05 - -1.5270153788150327e-05
B2: 3.4763616570779085e-05 - -7.383268250164065e-05 - -1.650686308264321e-05 - 5.204074876815271e-05
