Number: 7482
Error: 5.964301873842313e-16
A1: [0.08043173231251596, -0.18046776312801766, -0.019588809402363416, 0.11962501936065524] - [0.03741563435130328, 0.13359644049136846, -0.13472613194906055, -0.03628577076997117] - [-0.0017027728242820985, 0.2281901626942917, -0.12282833652432612, -0.10365886404827968] - [0.03886327769647189, -0.11448097540650164, -0.04641639815600879, 0.12203427119338632]
A2: [0.03530748272329664, -0.029273436025250982, -0.07569731224103507, 0.0696634492549555] - [0.10289373022267735, 0.28289668064358153, -0.39260641602843827, 0.006815974591824413] - [-0.011187081500244786, 0.539014609288152, -0.35945099799102476, -0.16837644508085836] - [0.09786279348695022, 0.01746331054767634, -0.168851016150775, 0.053524872168254016]
B1: 1.82234948577011e-08 - 2.174573229858853e-08 - -2.562197270213887e-09 - 1.9492920763341945e-08
B2: 9.504532117067371e-09 - 7.537109057543565e-09 - 1.18693602167028e-08 - 8.496961960403616e-09
