Number: 7194
Error: 1.0540332893191603e-15
A1: [0.080431703244035, -0.18046779219320055, -0.019588838436079933, 0.11962499029549743] - [0.03741560776314851, 0.13359641392334026, -0.1347261584842377, -0.036285797343395876] - [-0.001702826692282901, 0.2281901088274482, -0.12282839031344212, -0.10365891790190057] - [0.03886325321340922, -0.1144809998208511, -0.0464164226234673, 0.12203424672554292]
A2: [0.03530737690384384, -0.029273542137392663, -0.07569741285286809, 0.06966333850347045] - [0.10289375912064233, 0.28289670978679904, -0.39260638807869913, 0.006816004852200492] - [-0.011187092394301826, 0.5390145983291146, -0.35945100830249227, -0.16837645656030878] - [0.09786278285539866, 0.017463299867761163, -0.16885102627132065, 0.05352486100857942]
B1: -1.0973694418676959e-08 - -4.033270778577057e-09 - 1.730910464405983e-08 - 4.743894722022703e-09
B2: 5.750492081330478e-09 - 5.228822341256463e-09 - -1.0020840353329186e-08 - 8.531942255773255e-09
