Number: 741
Error: 5.328812980272831e-15
A1: [-0.012153249060526953, -0.01451702139880023, 0.01808744341884494, 0.008583252054655767] - [0.06583503481850772, 0.18949506792671786, -0.1453227776654806, -0.11000878410487644] - [-0.096294598908974, 0.4217846161427966, -0.05345898792688634, -0.27203751077531657] - [-0.0013200567635892801, -0.0182178566427321, -0.0038335741885862622, 0.02337841201340336]
A2: [0.16158673008816551, -0.1677547641633512, 0.008501342981298659, -0.0023330604457188027] - [0.03548584601515895, 0.20751684229432477, -0.11721030223991807, -0.12579190972485998] - [-0.08621360495444984, 0.5815380627377228, -0.23538878528240506, -0.25993562694704747] - [-0.0038350108694842934, -0.004519332653294813, 0.0011102137544224742, 0.007243351081259541]
B1: 8.499433139855487e-08 - 4.737995095569627e-08 - 1.681097742089949e-07 - 2.955069791445829e-09
B2: 4.1905689551969395e-07 - 2.0139379379231848e-07 - -1.1587095700557628e-07 - -1.4121842728570691e-07
