Number: 1712
Error: 1.8867176231503598e-07
A1: [-0.005583804667129389, -0.013390018084139798, 0.004663909640384323, 0.021086755049068494] - [0.0664933506849189, 0.18956372974210844, -0.1470804197080733, -0.11023378809135047] - [-0.11343038975077696, 0.44093338276516986, -0.07167979667054068, -0.25902167777274604] - [-0.022520307404463463, 0.01615820965590852, -0.02906994947613109, 0.03979663641395858]
A2: [0.13014347937769333, -0.22602035444704222, 0.021257871458991946, 0.06875030409821127] - [0.03256047085970413, 0.20366545508624911, -0.11497374349638108, -0.12153815571117785] - [-0.0963806242469746, 0.5538346999584024, -0.23691683663218865, -0.22736281399560912] - [-0.02183435790661608, -0.020248588555717102, 0.00712657900617501, 0.03121449315143414]
B1: -1.2134763918936629e-05 - -1.9055717469334676e-05 - 0.0006639514826347196 - -0.00018868099897433697
B2: 6.097592940286899e-05 - -0.00029971943457045096 - -0.0005206388198241723 - -0.00024140649567063745
