Number: 2034
Error: 8.308371247914677e-05
A1: [0.013488554007461498, 0.004499815907329706, 0.0203521737462271, 0.03947887143726067] - [0.025603228137975564, 0.15050305310663925, -0.1894305903338528, -0.15577466196244408] - [-0.09278481655825631, 0.4588154683756109, -0.05421936459277804, -0.23737471530755574] - [-0.0013466781955703312, 0.04041262845287845, -0.00925815129976592, 0.060113968610605625]
A2: [0.12510714213531218, -0.23101252214043808, 0.014604355716518398, 0.06719566974469696] - [0.032017869568130075, 0.2025569851066219, -0.11532539934674275, -0.1221794489723549] - [-0.04765977664316067, 0.5978384020979908, -0.1882061493907338, -0.17934005132756617] - [-0.04124587556693109, -0.0415372797724588, -0.018236337244919926, 0.016848644905557382]
B1: -0.0008181763328685498 - 0.019026517910634047 - -0.0006922226352221034 - -0.02450297855450611
B2: -0.009978110023710036 - 0.01897190276838609 - -0.007805817552680398 - -0.007654797357399887
