Number: 957
Error: 7.178370379290364e-06
A1: [-0.012386260954900488, -0.014758263464322208, 0.01782899058318679, 0.008333211051175436] - [0.06537710580440553, 0.1890543003783279, -0.1457963806826533, -0.11051890268816003] - [-0.09582095569781672, 0.42224019826109666, -0.05294611530103648, -0.27148702249658413] - [-0.0016454538350756855, -0.018532993443950492, -0.004181192224931313, 0.023000816796428677]
A2: [0.16381384159707962, -0.16556922856990203, 0.010684130870003196, -0.00016152884177026935] - [0.03563104960472736, 0.20765975892329414, -0.11706562910730008, -0.1256497838473498] - [-0.08659406321257572, 0.5811660830672183, -0.2357590217626848, -0.2603065012412221] - [-0.006475705172608582, -0.007115297173089644, -0.0015039801610599135, 0.004716745654334088]
B1: -0.0018552239139627094 - -0.0014191476377959198 - -0.00043476403416377513 - 0.0005112213767985008
B2: 0.002018303986810033 - 0.0025310886753534476 - 0.001460342199327422 - 0.001596127803035484
