Number: 1225
Error: 4.908355047276382e-08
A1: [-0.005595225546020124, -0.013383729297409176, 0.0046525089909701875, 0.021088152109860456] - [0.06669658852765947, 0.18975961252363463, -0.1468700152745984, -0.11000692226867102] - [-0.11244044954283063, 0.4419299111560466, -0.07063242213224784, -0.25794445814872774] - [-0.024531967523015962, 0.014204250959010173, -0.031114525367084554, 0.037680839458973256]
A2: [0.13278004694309362, -0.22345294382072753, 0.023839812564034217, 0.07132767854986265] - [0.03329126936890128, 0.20438424338278152, -0.114246205274322, -0.12082718027597258] - [-0.0922767787726138, 0.5578508953179759, -0.23289963659133298, -0.22333011513412412] - [-0.019213580089437514, -0.01768659294620505, 0.009718847100223632, 0.033735339347197316]
B1: 1.8831988750919247e-05 - 0.0005654045658283817 - 3.199558911295031e-05 - -0.00026116916802843926
B2: 0.00033326305489979216 - 0.000520004524565111 - -0.00017253785871794935 - -0.0005027371750790707
