Number: 7145
Error: 1.2121275364827454e-15
A1: [0.08043169951946738, -0.18046779591734527, -0.019588842156191846, 0.11962498657135644] - [0.03741560687201359, 0.13359641303288036, -0.1347261593735956, -0.036285798234036354] - [-0.0017027544817370818, 0.22819018103644895, -0.12282831820863159, -0.10365884571063053] - [0.03886323446497938, -0.11448101851666298, -0.04641644135994513, 0.1220342279887684]
A2: [0.03530731167896874, -0.029273607542670596, -0.07569747486785613, 0.06966327023857519] - [0.1028937671376893, 0.28289671787188747, -0.39260638032471756, 0.006816013247219804] - [-0.01118703174643138, 0.5390146593387224, -0.35945095089795204, -0.16837639265354248] - [0.09786278463576277, 0.017463301656223423, -0.168851024576527, 0.053524862877381]
B1: -3.360880503035038e-08 - 1.2078750753173876e-08 - 3.409468504131477e-08 - 2.2286985785596104e-09
B2: -6.806288988110904e-09 - -8.008869148320446e-09 - 4.102622228988878e-08 - -1.1081486747011928e-08
