Number: 3023
Error: 2.1143823130578083e-08
A1: [0.062347939458424095, -0.04895376737242837, -0.024519398407664036, 0.006774473050312735] - [0.04399364109174816, 0.19159112236562417, -0.14222130557953921, -0.0921448618439742] - [-0.1234245416271104, 0.41488865201879455, -0.10483197289306921, -0.1870428130011688] - [0.03614000283362171, 0.018303073851960488, -0.03399843206183069, -0.023915589796557953]
A2: [0.06319039461093506, -0.17393771120057283, 0.08607808555692108, 0.023707709599982647] - [0.02903729842527421, 0.20004989006604967, -0.10196212954573575, -0.12812108232334288] - [-0.09316626369515228, 0.5139192078640881, -0.22536197468758043, -0.19485906235799305] - [-0.02592668873409606, 0.018514435833089822, -0.050294559126455876, 0.05697936269628257]
B1: 0.00016667734402858804 - -0.00025335472605470503 - -2.15890137709589e-06 - -0.00024864123102537274
B2: -0.0002629594196422061 - -2.5438511364758974e-05 - 0.00013641496145848234 - -0.00016362308061318293
