Number: 4395
Error: 1.0149977254506109e-15
A1: [0.06621311781291289, -0.11395214215100279, -0.02398401409886096, 0.07172280438797293] - [0.03740266432331823, 0.18819341930467473, -0.1474088954672806, -0.07818695886141058] - [-0.06022938896976025, 0.3289507831797963, -0.12775312694999447, -0.14096833938280084] - [0.039046028721560225, -0.05332280985292191, -0.037418716566008134, 0.05169499526922473]
A2: [-0.009108680411957722, -0.3468032964601302, 0.2494549848543983, 0.106456570195625] - [0.08003987925242975, 0.03628231459245367, -0.05025005380313554, -0.06607190054191577] - [-0.042452784435918225, 0.23083192974048766, -0.0405312080140127, -0.14784780023971658] - [0.0681347282134181, -0.2934679078887693, 0.14177118584958134, 0.0835618037609224]
B1: 2.9133890767276926e-08 - 1.0218549120817073e-08 - 8.97268758267856e-09 - -2.7029227802092042e-08
B2: -5.858791477172063e-08 - 5.295729240250674e-08 - 6.523686792428619e-10 - 9.387320582936824e-09
