Number: 6873
Error: 1.1590943714046732e-15
A1: [0.08043165445294102, -0.18046784097876742, -0.019588887168834633, 0.11962494150997655] - [0.037415559330197065, 0.13359636552704446, -0.1347262068206874, -0.03628584574951852] - [-0.001702843921134852, 0.22819009159895573, -0.122828407517081, -0.10365893512616174] - [0.038863201662233414, -0.11448105122735094, -0.04641647414178769, 0.12203419520641057]
A2: [0.035307419886894384, -0.029273499035459283, -0.07569737198510572, 0.06966338348987422] - [0.10289381038242752, 0.2828967614836444, -0.3926063384989793, 0.0068160585307799615] - [-0.011187133169113992, 0.5390145573111057, -0.35945104689674584, -0.1683764995261388] - [0.09786281291131588, 0.017463330060391847, -0.1688509976600265, 0.05352489255750277]
B1: 2.2538160508431263e-08 - -1.143901151584554e-08 - 3.0433606371422888e-09 - 7.370758057913834e-09
B2: 1.3843480750413173e-09 - 4.062995227323167e-09 - -6.911465534083422e-10 - 3.61918284520109e-09
