Number: 3682
Error: 2.3656187041257408e-15
A1: [0.06621378178909697, -0.11395149301199263, -0.02398335064346779, 0.0717234672497897] - [0.037402627906367364, 0.18819338451019463, -0.1474089312682607, -0.07818699466521804] - [-0.06022890346433362, 0.3289512494806359, -0.1277526518632759, -0.1409678668512991] - [0.039045914225210664, -0.05332291852991828, -0.03741882733762037, 0.05169488539759649]
A2: [-0.00910827886946677, -0.3468028704873638, 0.24945538964529337, 0.1064569911895077] - [0.08003964465274498, 0.03628206186181349, -0.05025031020723717, -0.06607215912247466] - [-0.04245207822595714, 0.23083270915849424, -0.04053045121061753, -0.1478470191974201] - [0.06813534766653004, -0.2934672258443219, 0.14177185739679687, 0.08356249828154214]
B1: 2.3959000535794036e-08 - -1.4151757320315262e-08 - -8.82976660071289e-09 - 7.035116095778218e-09
B2: -4.097087305358782e-08 - -1.8938674498046335e-07 - 1.7170248303105283e-07 - 7.401436886360057e-08
