Number: 5786
Error: 2.3779288105841552e-05
A1: [0.0952151521258504, -0.16684751978205517, -0.005859535330185258, 0.13364038951207852] - [0.05328950664867123, 0.1471431124635583, -0.12141518230313474, -0.022219177401423356] - [0.009811122022245804, 0.24040672510699443, -0.11111410286618582, -0.09201775771189216] - [0.044303739546845265, -0.10763262787519388, -0.03920361504595679, 0.1286577146112355]
A2: [0.007160426616720639, -0.05799902172270818, -0.1011868970243392, 0.04169157570743452] - [0.11036879023941279, 0.29040612330142807, -0.38598507094489287, 0.014170230666496288] - [-0.014566588844390212, 0.5364521761688827, -0.36271325304278673, -0.17328090946309388] - [0.09085321511949453, 0.01080957921955912, -0.17522734555798494, 0.045673990813538054]
B1: 0.0005066569759437406 - -0.004280752911647001 - 0.00338967477307509 - 0.002015478437738684
B2: 0.006540584631245103 - 0.01340590630504244 - 0.001323886487729995 - -0.007689248399266314
