Number: 7962
Error: 8.524879528058198e-16
A1: [0.08043168665981738, -0.18046780877555071, -0.019588855000472943, 0.11962497371317272] - [0.03741558724068594, 0.13359639341641477, -0.13472617896575387, -0.036285817854468674] - [-0.0017028062441220714, 0.22819012927516288, -0.12282836989522719, -0.10365889745919744] - [0.038863232580893727, -0.11448102039547199, -0.04641644324282841, 0.12203422610585324]
A2: [0.03530751378967403, -0.029273404872953213, -0.07569728270342167, 0.06966348176918859] - [0.10289374480284696, 0.2828966953474936, -0.3926064019266729, 0.006815989859370916] - [-0.011187163820067795, 0.539014526477321, -0.35945107590862807, -0.16837653182402443] - [0.09786280214964933, 0.01746331924976737, -0.16885100790443314, 0.05352488126125016]
B1: 1.8773664146464893e-08 - -1.1417570059474281e-08 - -3.232238719372803e-08 - -1.2302968675137809e-08
B2: 4.239628636915965e-09 - -2.9190381937730275e-08 - -2.4761658863956017e-09 - 1.7120000091292434e-09
