Number: 1523
Error: 5.446743798504719e-09
A1: [-0.007271864962357995, -0.015079039937824295, 0.002909027581757439, 0.01936779114500632] - [0.06645143240700038, 0.18952327750860232, -0.1471230997838108, -0.11027990578327984] - [-0.11293601783819891, 0.4414412015224365, -0.07115503396139689, -0.25847945928902066] - [-0.02316381885609457, 0.015545862798853482, -0.029724786558380553, 0.03912878398937171]
A2: [0.13152003758677647, -0.22469349168182948, 0.022601294262434502, 0.07009602639108721] - [0.03269293990605686, 0.20379507792311727, -0.1148417577437771, -0.12141189678130304] - [-0.0946273898923878, 0.5555350747523187, -0.2352075289565374, -0.22564049987402532] - [-0.020970212842118623, -0.019416699873584232, 0.007975856780292917, 0.032044343804476995]
B1: -6.199903677588281e-05 - -4.976326542282807e-05 - -7.956020749306233e-05 - 8.944454086238498e-06
B2: 2.303609764022281e-05 - -0.00030055758965156956 - -9.731924620153842e-06 - -8.431986975716133e-05
