Number: 2025
Error: 3.088697792898564e-05
A1: [-0.006601934648232512, -0.014822437733280397, 0.00030848414395667247, 0.018918715613629435] - [0.044941268500075224, 0.1685872219813702, -0.16962737481158247, -0.13412906117412504] - [-0.15983408974443994, 0.39732716606900015, -0.12299285486521165, -0.3101952955726459] - [-0.026568371823054174, 0.01373144041381812, -0.03440314730731012, 0.035721790012869195]
A2: [0.1049874199309779, -0.25223762502823754, -0.0021034151727173647, 0.04573824501798144] - [0.04653700884783364, 0.21655950552138745, -0.10126146648950696, -0.108079354966815] - [-0.12734339753145724, 0.5203997726138682, -0.2655726853181719, -0.2573676275995266] - [-0.052977431143604314, -0.0559225456629914, -0.02435777723775715, 0.0016620546007422516]
B1: 0.0034786700170230155 - -0.00892936133450246 - 0.005621777282269834 - 0.007294665026429943
B2: -0.0013466616069429584 - 0.017575021789218333 - -0.009047190935475315 - 0.00495199967976878
