Number: 7952
Error: 9.43303668429344e-16
A1: [0.08043169764877148, -0.18046779778784156, -0.019588844024659078, 0.11962498470087128] - [0.03741567475177778, 0.13359648086127052, -0.13472609162903426, -0.03628573039185593] - [-0.0017028029852352697, 0.22819013253397988, -0.12282836664111237, -0.10365889420118064] - [0.038863254242890624, -0.11448099879426714, -0.04641642159463634, 0.12203424775438604]
A2: [0.03530741538483002, -0.029273503549965964, -0.07569737626563032, 0.06966337877798891] - [0.10289379114257223, 0.2828967420805017, -0.39260635710746555, 0.006816038383788021] - [-0.011186988880102604, 0.539014702460703, -0.35945091032389886, -0.16837634748394814] - [0.09786286468888054, 0.017463382073461684, -0.16885094837105358, 0.05352494690699415]
B1: -1.4402585718937336e-08 - 2.3075470844710066e-08 - 3.4811691035812115e-08 - 1.410251025974824e-08
B2: 1.7684574272062614e-09 - 3.855349021091865e-08 - 1.6184603976155803e-09 - 8.086566030184369e-09
