Number: 2816
Error: 2.1977686417275503e-09
A1: [0.06333084123805388, -0.047975541574770054, -0.02354654133325126, 0.007752196580171999] - [0.043546885380818225, 0.1911598704899177, -0.1426826817355491, -0.09263818485149028] - [-0.12324956631613197, 0.4150553357018134, -0.10466336639479333, -0.18687825796215515] - [0.037012298141791695, 0.01917549629176043, -0.03312439500811715, -0.023043953803879018]
A2: [0.06395738800480892, -0.17317228719185618, 0.08683801282122955, 0.024467189310595314] - [0.02923744122627508, 0.20024702087032983, -0.10176237071876675, -0.12792431192791748] - [-0.09333841222505194, 0.5137520935705906, -0.22553432877334204, -0.195028695433811] - [-0.02559167578882898, 0.01885441281975742, -0.04995131238269044, 0.057304136828568]
B1: 1.6977661742937536e-05 - -1.094774275865432e-05 - -0.0001102303773092142 - -0.00010724099767400451
B2: -1.797845877461374e-05 - 3.8455964895860406e-05 - -5.2496800430860244e-05 - -1.6066707122493492e-05
