Number: 540
Error: 8.737223364498773e-14
A1: [-0.012154039600945033, -0.014517833365275318, 0.018086569635442425, 0.008582407272007533] - [0.06583609986494221, 0.1894960924563977, -0.1453216765006988, -0.11000759828259929] - [-0.09629182663006358, 0.4217872955097468, -0.05345597966503857, -0.27203428093205717] - [-0.0013212555801672314, -0.018219009563470487, -0.0038348502851977863, 0.0233770263866731]
A2: [0.1615865992551613, -0.16775489252981401, 0.008501214792073764, -0.002333187984697127] - [0.03548582365500644, 0.20751682029373786, -0.1172103245066775, -0.12579193159837807] - [-0.08621358105549388, 0.581538086150492, -0.23538876202534648, -0.2599356036406744] - [-0.003833971416164811, -0.004518310481090495, 0.0011112425645586719, 0.0072443455553665844]
B1: 1.5252170798292873e-07 - 3.019598513992495e-07 - 2.9653051582800915e-07 - 3.416317814594985e-07
B2: 3.9694684771918663e-07 - 1.1719060108298436e-07 - -2.3429646890643613e-07 - -7.028362319128133e-08
