Number: 536
Error: 2.0648403984899072e-13
A1: [-0.012154884624254125, -0.014518701291297127, 0.01808563562808526, 0.00858150426615209] - [0.06583639256457466, 0.18949637402097627, -0.14532137387488966, -0.11000727239088688] - [-0.09629320085120904, 0.4217859673486143, -0.05345747086067333, -0.2720358819689603] - [-0.0013191848831989846, -0.01821701813932021, -0.0038326460936461133, 0.023379419769694466]
A2: [0.16158661961494222, -0.16775487255319152, 0.008501234741777051, -0.002333168135692286] - [0.03548592233142978, 0.20751691738468228, -0.11721022624348663, -0.12579183506694777] - [-0.08621374714046552, 0.5815379234703846, -0.23538892363215358, -0.25993576559844217] - [-0.003834861481412177, -0.00451918574912929, 0.001110361614632334, 0.007243494001673957]
B1: 3.373890376799624e-07 - 5.983466873234034e-07 - 3.392255990332277e-07 - 8.008690041387144e-08
B2: -1.2269790915473073e-07 - 5.240434674991827e-07 - -8.583979871877594e-07 - 6.141171965261643e-07
