Number: 6115
Error: 1.3714347594937838e-15
A1: [0.08043163826831679, -0.1804678571615721, -0.019588903334110352, 0.11962492532719678] - [0.03741559537901716, 0.13359640154856509, -0.13472617084370278, -0.03628580972066908] - [-0.0017028871794907534, 0.22819004834152584, -0.12282845071210326, -0.103658978372991] - [0.038862891965659015, -0.11448136005480526, -0.046416783641025104, 0.12203388570230726]
A2: [0.03530749378076596, -0.02927342493720546, -0.0756973017277867, 0.06966346082786194] - [0.10289353336592295, 0.28289648211605006, -0.39260660642565964, 0.00681576845392864] - [-0.011187190832815651, 0.5390144993034641, -0.3594511014766343, -0.16837656028844367] - [0.09786261656242219, 0.01746313281835769, -0.1688511845713339, 0.053524686454979674]
B1: 6.5840313081708e-08 - 9.98027035258395e-09 - 5.2051368474585723e-08 - -6.779022009097026e-09
B2: 2.152390212096625e-07 - 2.7241380025774186e-07 - -3.5042846175734303e-07 - -3.4222374652895835e-08
