Number: 6359
Error: 1.2257350153845845e-15
A1: [0.08043172319200179, -0.18046777224749083, -0.019588818511963733, 0.11962501024118784] - [0.0374156419948915, 0.13359644812917434, -0.13472612432070272, -0.03628576313061352] - [-0.0017027862483428903, 0.2281901492705208, -0.1228283499287316, -0.10365887746876154] - [0.03886327502739131, -0.11448097806808513, -0.04641640082337782, 0.12203426852597213]
A2: [0.035307448124425427, -0.02927347071982926, -0.07569734513722558, 0.06966341304351668] - [0.10289380293989867, 0.2828967539779534, -0.39260634569730646, 0.006816050737381942] - [-0.011187032511229308, 0.5390146585693814, -0.3594509516219101, -0.16837639345936192] - [0.0978628298859089, 0.0174633471121982, -0.16885098150132438, 0.05352491037531337]
B1: -2.0693611834685832e-08 - 7.70990632504044e-09 - -5.16504958468068e-09 - -8.842113861672157e-09
B2: -1.4108126780597006e-09 - -1.061028525174167e-08 - 1.0194009106300242e-08 - -3.8155214609225094e-09
