Number: 5895
Error: 1.0321333367445085e-08
A1: [0.08017089148328498, -0.18072881835220853, -0.019849126250353875, 0.11936430063839533] - [0.036515006188198515, 0.1326963921477636, -0.13562476484407893, -0.0371857991380081] - [-0.0018886219227043795, 0.22800437605707352, -0.12301369568081787, -0.10384455662976641] - [0.03924293462919583, -0.11410242122262625, -0.04603671828961044, 0.12241381672138729]
A2: [0.034607501963273335, -0.02997512907595121, -0.0763627830695453, 0.06893068229642917] - [0.10256485273258246, 0.28256464720905733, -0.3929248164979713, 0.006471508915712014] - [-0.011252716147689724, 0.5389484575675062, -0.35951295039558345, -0.16844538480634516] - [0.0974739177946514, 0.017072719223268126, -0.169221108587233, 0.0531166775585727]
B1: -5.2702192183993754e-05 - -0.00014024372007818224 - -0.00014732906695984872 - -6.727663328406741e-05
B2: -0.0005139148237891053 - -0.0001479665930580751 - 0.00036188782139917695 - -0.00016647862141089652
