Number: 9152
Error: 2.0654802306498674e-06
A1: [0.05577829620436482, -0.1454256482987035, -0.02446633151596275, 0.12444829004577226] - [0.004144033325142772, 0.12963910390623204, -0.11486809531938522, -0.02371574276037151] - [-0.014562341449548911, 0.2230142515073448, -0.12715734542306512, -0.0816397761002892] - [0.026896504635387015, -0.10027574219574184, -0.049703126149529875, 0.12207811092007408]
A2: [0.08570002754042615, -0.07644634783861429, -0.127019355431237, 0.10372432719030385] - [0.10637420208575722, 0.2473526030871527, -0.4072684176205996, 0.04367522769354085] - [0.037948242711202916, 0.46384868209131086, -0.3764687865781059, -0.12019804882770999] - [0.13614659261320664, -0.051823897081599055, -0.20860438750535695, 0.09530482735277142]
B1: 0.0017012318289915023 - 0.00022945414415974933 - -0.0013028867209551106 - 0.00014230330313492025
B2: -0.001991301149850196 - 0.0003176556626630258 - -0.000993126808394312 - -0.0014157438837322902
