Number: 7279
Error: 1.062894680984528e-15
A1: [0.08043168475724893, -0.18046781067789142, -0.019588856900757533, 0.1196249718108245] - [0.03741558781739123, 0.13359639399268095, -0.13472617839024784, -0.03628581727810215] - [-0.0017028215813894845, 0.22819011393822777, -0.12282838521003885, -0.1036589127923743] - [0.03886323141133798, -0.1144810215617353, -0.046416444411640494, 0.12203422493702455]
A2: [0.035307463281629994, -0.029273455520699532, -0.07569733072594487, 0.06966342890716173] - [0.10289371501388542, 0.282896665305706, -0.39260643073818513, 0.006815958665993903] - [-0.011187116122790658, 0.5390145744590958, -0.3594510307620361, -0.16837648156383195] - [0.0978628083470776, 0.017463325475391842, -0.16885100200488795, 0.05352488776653671]
B1: 1.4589711037912685e-09 - -1.690651691310512e-08 - -1.259739145617655e-08 - -2.3424043528396774e-09
B2: -9.168336089695223e-09 - -9.416048539721255e-09 - -9.224682947516227e-09 - -9.035112282359825e-09
