Number: 1116
Error: 2.399862589037343e-06
A1: [-0.016135300709080237, -0.024026381310475402, -0.0062168489669103405, 0.010158623075229035] - [0.06262062586714835, 0.18580762256028618, -0.15111151801177056, -0.11449977856849299] - [-0.11393695328280044, 0.44058040599125126, -0.07210206446031629, -0.25964980686008443] - [-0.03864932333290411, 0.00019797347424504379, -0.04532936545809977, 0.022675548653656695]
A2: [0.1285203873850308, -0.2276080763282951, 0.01971571166161137, 0.06708831983899755] - [0.014815672475872153, 0.18623864181325578, -0.13264023177169032, -0.13891526197641813] - [-0.09779506343992868, 0.5525415586194515, -0.2383149121592216, -0.22883375243226362] - [-0.03126643823225504, -0.029660049103107624, -0.0021031407210901224, 0.02197257978231853]
B1: -0.00018111899336100985 - -0.0006828389108288823 - -0.0032965100878707665 - 0.0007877491629673008
B2: 0.0011029286164602006 - -0.0022859341899475654 - -0.0021494924719477875 - 0.0021144632778447225
