Number: 5941
Error: 6.093935265534556e-11
A1: [0.08048602467826976, -0.18041347998239762, -0.01953457964766222, 0.1196793067587735] - [0.03734586995915069, 0.13352672653325617, -0.1347957560076663, -0.036355495444784836] - [-0.001670787642695826, 0.2282221471189729, -0.1227963920149422, -0.10362688414516805] - [0.038907945295600016, -0.11443642911438304, -0.046371754004704537, 0.1220789130269536]
A2: [0.035436954226363906, -0.029143615807861338, -0.07557421514315178, 0.06979895667647212] - [0.10304979373813047, 0.2830540586312221, -0.3924554802450628, 0.00697938882367041] - [-0.011172512354468003, 0.5390292610159556, -0.359437212715219, -0.16836109620533316] - [0.09791784103630878, 0.017518602633046908, -0.16879861808234012, 0.05358265339861022]
B1: 2.3393674921681766e-05 - -2.4218092629982173e-05 - -1.4284835659168343e-05 - 5.451301883010168e-06
B2: 2.1244581526395375e-05 - -2.5706258058837856e-06 - -4.891314976881087e-06 - -1.2515010094946051e-05
