Number: 4005
Error: 8.627761217797116e-16
A1: [0.0662131703636516, -0.11395209077457724, -0.023983961589346982, 0.07172285685051884] - [0.0374025857727693, 0.18819334425496143, -0.14740897268849998, -0.07818703608943689] - [-0.060229393096253137, 0.328950779216567, -0.1277531309878874, -0.14096834339903797] - [0.03904619112876107, -0.05332265570218928, -0.03741855944250383, 0.051695151116904585]
A2: [-0.009108620808043156, -0.34680323322978823, 0.24945504494060383, 0.10645663268704209] - [0.08003980520351385, 0.03628223482054439, -0.050250134734397066, -0.06607198216041198] - [-0.04245290051950041, 0.23083180162340644, -0.04053133241381444, -0.14784792862387794] - [0.06813476519262308, -0.2934678671731206, 0.14177122593856992, 0.08356184522137654]
B1: 2.915298783481453e-08 - 4.660268279165398e-09 - 5.852908240273814e-09 - 2.1788151752614292e-08
B2: 1.3184264769724335e-08 - -9.73018229516262e-09 - 1.545001277485072e-08 - 2.7787724311950477e-08
