Number: 1390
Error: 1.4190162234953128e-10
A1: [-0.0073385526291014965, -0.015146130649266561, 0.0028401710532192756, 0.019299678837809774] - [0.06674622669796375, 0.18980695733268527, -0.14681835320674588, -0.10995189419150925] - [-0.11272481426009288, 0.4416486116430395, -0.07093479568758465, -0.2582508373720396] - [-0.023688449358605174, 0.01503057203066465, -0.030260450199961632, 0.0385746813694412]
A2: [0.13163941527065404, -0.22457610455170843, 0.022719017839083172, 0.0702125705184304] - [0.03257177758643487, 0.20367597907446, -0.11496245270979857, -0.12153029903376265] - [-0.09467858281516937, 0.5554849278593494, -0.23525718832168588, -0.2256900990907628] - [-0.02088212708778467, -0.019329816924478112, 0.008063739339201754, 0.032129074233662534]
B1: 1.722729437006451e-05 - -1.3888648520296899e-05 - 4.321335834255494e-05 - -3.4035626059043547e-06
B2: -1.4962389891346673e-05 - 3.6285385027923097e-06 - -8.434600043284301e-07 - 2.7780806791641902e-05
