Number: 5249
Error: 1.1166617389589316e-15
A1: [0.06621317477516996, -0.11395208646162319, -0.023983957181307625, 0.07172286125460212] - [0.03740256522222777, 0.18819332462036312, -0.14740899289120574, -0.07818705629396437] - [-0.060229463011806726, 0.3289507120661543, -0.12775319940329796, -0.14096841144620245] - [0.03904615700608558, -0.053322688089922465, -0.03741859245489811, 0.051695118372498176]
A2: [-0.009108768610751763, -0.34680339002464555, 0.24945489594177175, 0.10645647772455531] - [0.08003996546190333, 0.036282407464613836, -0.050249959581157945, -0.06607180551999976] - [-0.04245289122068203, 0.23083181188651328, -0.04053132244852462, -0.14784791833931535] - [0.06813467981853982, -0.29346796117333945, 0.14177113338477412, 0.0835617495017744]
B1: -7.344948359613303e-08 - -5.5767142359393014e-08 - 3.246671892559515e-08 - 2.3110654412846664e-08
B2: 1.5839423648551875e-08 - -1.7983313154084326e-08 - -3.6507851239887235e-08 - 1.2481470140475862e-08
