Number: 7630
Error: 9.411707451023974e-16
A1: [0.08043169399840897, -0.1804678014377864, -0.01958884767065776, 0.11962498105092352] - [0.037415614322299194, 0.1335964204775228, -0.13472615193815443, -0.03628579078788004] - [-0.0017027915285630938, 0.22819014399040802, -0.12282835520122283, -0.10365888274757115] - [0.03886324112257441, -0.1144810118777601, -0.04641643470659952, 0.12203423464221988]
A2: [0.03530749545972459, -0.029273423253597206, -0.0756973001313791, 0.06966346258498585] - [0.10289381923894943, 0.28289677041533495, -0.39260632993302774, 0.006816067804813955] - [-0.011187103660456929, 0.5390145869957649, -0.3594510189661641, -0.16837646843182988] - [0.09786284018874174, 0.01746335746189529, -0.16885097169365743, 0.05352492118989228]
B1: 2.2276313829332848e-08 - 2.8672109772780608e-08 - -1.092339125235894e-08 - 5.067202250106558e-09
B2: -6.216206079591273e-10 - 1.7096527531795722e-08 - 1.1402164337094234e-08 - 7.038784125491374e-10
