Number: 3513
Error: 4.218050112349198e-11
A1: [0.06620941304006421, -0.11395576517418561, -0.023987717284258785, 0.07171910650725277] - [0.03742211006944865, 0.18821199678089884, -0.14738977814672286, -0.07816784027055294] - [-0.0602908989828646, 0.328891713272626, -0.12781331339833485, -0.14102820731345514] - [0.039034569885377714, -0.053333690109430995, -0.03742980507991887, 0.051684000099081674]
A2: [-0.009132094024036367, -0.34682813609017904, 0.2494313878019133, 0.10643202108860177] - [0.08005096716944878, 0.03629426072611178, -0.050237937233870725, -0.06605967876635922] - [-0.04250162725303337, 0.23077802178788626, -0.040583547121978474, -0.14790182045594885] - [0.06812014635316362, -0.2934839652490037, 0.1417553837154696, 0.08354545466901736]
B1: 7.459402390750568e-06 - -2.7068038464714597e-05 - -1.6115104245359192e-05 - 1.1950367970210946e-05
B2: 6.807312466949016e-06 - 3.335468931259594e-06 - -5.12018725685172e-06 - -1.2159710705756638e-05
