Number: 35
Error: 0.0002349613100932492
A1: [-0.08581728652278917, -0.094436768303671, -0.06326980771318878, -0.06317908053851531] - [0.1059537058643581, 0.23652935989287352, -0.1129222435857061, -0.09530849237641462] - [-0.2292475482774258, 0.28622767230783913, -0.19579498673716395, -0.4046536910707891] - [-0.012365385917735304, -0.025209706843720127, -0.015155868805916257, 0.010621299539227578]
A2: [0.4343165354252542, 0.10199511809246913, 0.2719536339128486, 0.26357318814149644] - [0.1496435738877432, 0.3173350532890746, -0.010754799519697125, -0.01976114044358266] - [0.2123418196929795, 0.8798638419523314, 0.05330114308851822, 0.033322232276300656] - [0.5353377989890163, 0.5354265424203738, 0.5340476819616843, 0.5261472594200352]
B1: 0.05185685845576428 - 0.44667376366824657 - -0.041768084778701225 - -0.050206834726124125
B2: 0.0280734666622654 - 0.4832391192049445 - -0.02998480890501085 - -0.03246250158367831
