Number: 9801
Error: 1.0811137845822292e-15
A1: [0.053172526549575286, -0.1480012945751705, -0.026999070885431235, 0.12182779837997597] - [0.005313686486694731, 0.1308366609033642, -0.11360077709750918, -0.022549796753427907] - [-0.014444499256547776, 0.22309159814127147, -0.12704120225884702, -0.0816059556870121] - [0.02714639483228062, -0.10002010330154973, -0.04942457380065563, 0.12229805497448075]
A2: [0.08925479299342345, -0.07291303938377729, -0.12362709658108556, 0.1072867188528034] - [0.10884172946903603, 0.249814181781451, -0.4048452888764888, 0.046189480769481484] - [0.03663578288153422, 0.46255497114517546, -0.3777175954823962, -0.12147341810544628] - [0.14342635906048956, -0.04460669718555442, -0.20149960786952253, 0.1026797872543234]
B1: -2.6072234221566884e-08 - -1.2884786032970382e-08 - -5.928507020203179e-10 - 5.846659108198506e-08
B2: 1.8057053680089293e-08 - 1.1356783739522555e-08 - 1.1057318822039036e-08 - -6.3497704674834675e-09
