Number: 4769
Error: 7.279745154064041e-16
A1: [0.06621327323494636, -0.11395199020211304, -0.023983858798811156, 0.07172295954912783] - [0.03740270286555673, 0.188193456129196, -0.1474088575773027, -0.07818692096808429] - [-0.060229439852427714, 0.32895073430978444, -0.12775317674077205, -0.14096838890562954] - [0.03904615096486973, -0.05332269382414782, -0.03741859829966392, 0.05169511257522079]
A2: [-0.009108610293549493, -0.34680322207547903, 0.2494550555400442, 0.10645664371089997] - [0.08003986367887056, 0.036282297815270835, -0.05025007082410424, -0.06607191770747023] - [-0.04245276364001195, 0.23083195269207293, -0.04053118572823664, -0.1478477772403314] - [0.06813483262516176, -0.29346779292707953, 0.14177129904164723, 0.08356192082557543]
B1: 2.4405987056395976e-08 - 2.367498046174212e-08 - 7.615842987415145e-10 - 5.032311182518456e-09
B2: 3.1761811568525403e-08 - 5.565801471913716e-08 - -2.1864398912481907e-08 - -4.137140945936497e-09
