Number: 4991
Error: 9.766434800010123e-16
A1: [0.06621330380314368, -0.11395196031696662, -0.02398382825457368, 0.07172299006606118] - [0.037402648239983086, 0.18819340393817383, -0.14740891127841815, -0.07818697467394883] - [-0.06022937185374862, 0.3289507996188157, -0.1277531102012237, -0.14096832272396664] - [0.039046264610422356, -0.05332258595595048, -0.037418488351272414, 0.05169522163087524]
A2: [-0.009108539265232427, -0.3468031467256366, 0.2494551271430827, 0.10645671818019135] - [0.08003983389442744, 0.03628226572892696, -0.05025010337675047, -0.06607195053653635] - [-0.04245284953551217, 0.23083185789269325, -0.04053127777707614, -0.1478478722373191] - [0.06813476286107432, -0.293467869740202, 0.14177122341080275, 0.08356184260733854]
B1: -3.462006800898353e-08 - -2.4474427252851073e-09 - 1.7987551664745718e-08 - 6.4140974051234384e-09
B2: 3.6152710329301806e-08 - 3.170255939094939e-08 - -4.275328334892945e-08 - -2.835491294150234e-08
