Number: 8398
Error: 1.1289755302764605e-15
A1: [0.08043167891397453, -0.18046781652051003, -0.01958886273709145, 0.11962496596819962] - [0.03741557662842384, 0.13359638281219374, -0.13472618955679147, -0.03628582846080063] - [-0.0017028336165132258, 0.22819010190335626, -0.12282839722754617, -0.10365892482427835] - [0.038863225233819354, -0.11448102772190222, -0.04641645058522754, 0.12203421876335317]
A2: [0.035307430608943376, -0.029273488283705615, -0.07569736179071607, 0.06966339471166323] - [0.10289379115970552, 0.28289674209780175, -0.3926063570908599, 0.006816038401697309] - [-0.01118708934565876, 0.5390146013958877, -0.3594510054168697, -0.168376453347874] - [0.09786280062043518, 0.01746331771357058, -0.16885100936015118, 0.05352487965606489]
B1: 1.1672947556940661e-08 - -6.923332158029116e-09 - 5.774013974769427e-09 - 1.2717263941395827e-08
B2: 6.225996799641122e-09 - 8.881745330054085e-09 - 1.1061038545065607e-08 - 5.5805052629447396e-09
