Number: 9123
Error: 3.241287429942433e-06
A1: [0.07024599733702881, -0.1312734542683167, -0.009957619610843828, 0.1384627969925981] - [0.012055242964754192, 0.1376829913674758, -0.10683156742082107, -0.015607284396861659] - [-0.011125188410238691, 0.2267797208179528, -0.12348552925741614, -0.07766477144441677] - [0.039154117238081834, -0.08801553775813419, -0.037173413218412985, 0.13438197631921725]
A2: [0.07891893560061745, -0.08275000585082262, -0.13287907901354168, 0.09718780520750914] - [0.10900290358491403, 0.24995193571519042, -0.4047006390503584, 0.046307247068222535] - [0.03041619564295194, 0.4565858906621994, -0.3834717084152244, -0.12778099485306624] - [0.1519165653850598, -0.036288717206619234, -0.19356635271477524, 0.11111596189628231]
B1: -0.0012687500236241375 - 0.0030210429400982803 - 0.003819140128078359 - 0.0050971808878104525
B2: -0.0022459307743864943 - 0.0023331183272698665 - 0.004829648096069357 - 0.0004577124057656328
