Number: 5336
Error: 1.2655362562782814e-15
A1: [0.06621321068389191, -0.1139520513553308, -0.023983921300759138, 0.07172289710306402] - [0.03740266437787656, 0.18819341935693187, -0.14740889541356278, -0.07818695880769637] - [-0.0602292094394616, 0.32895095560864096, -0.12775295127226993, -0.14096816464970832] - [0.03904618215958593, -0.053322664215112385, -0.03741856811966765, 0.05169514251012846]
A2: [-0.009108988524574268, -0.3468036233179952, 0.24945467424860612, 0.10645624715748007] - [0.08003998385235749, 0.03628242727637739, -0.05024993948145759, -0.06607178524966258] - [-0.042452743041558084, 0.23083197542555473, -0.04053116365430634, -0.1478477544594347] - [0.06813482934671701, -0.2934677965369427, 0.14177129548725512, 0.08356191714973052]
B1: -1.155136363283127e-08 - -1.0858164956300118e-07 - 7.52649908054496e-09 - 1.8786555562002885e-08
B2: -1.4330822150491524e-08 - -3.74949259483653e-08 - -5.135855967887591e-08 - 1.6989362015229104e-08
