Number: 6442
Error: 8.99455968549864e-16
A1: [0.08043170926854415, -0.1804677861693731, -0.019588832418774186, 0.11962499631931947] - [0.037415604552631154, 0.13359641071525105, -0.13472616168835935, -0.03628580055213425] - [-0.0017028041895110232, 0.2281901313297349, -0.12282836784363116, -0.10365889540514178] - [0.03886322042353691, -0.11448103251870002, -0.04641645539243764, 0.12203421395605456]
A2: [0.0353074447839458, -0.029273474069545884, -0.07569734831331143, 0.06966340954734357] - [0.10289378365221151, 0.28289673452656744, -0.3926063643521005, 0.00681603054034651] - [-0.011187064584093557, 0.5390146263052138, -0.3594509819795568, -0.16837642725567828] - [0.09786281957516388, 0.01746333675455333, -0.1688509913164823, 0.053524899552383244]
B1: -1.7233517478148473e-09 - 1.7115364244326232e-08 - 8.620046191979262e-09 - 3.4997456796587096e-09
B2: 1.4902696034052723e-08 - 6.577893270869875e-09 - 1.2902474518871217e-08 - -9.806270676511795e-09
