Number: 3734
Error: 1.082900657167036e-15
A1: [0.0662131416291855, -0.11395211886692148, -0.02398399030127615, 0.07172282816426546] - [0.037402597626574316, 0.18819335558045244, -0.14740896103531723, -0.07818702443521387] - [-0.06022930078508133, 0.3289508678763591, -0.1277530406576543, -0.14096825355465642] - [0.03904604173147742, -0.053322797504424396, -0.03741870397935712, 0.05169500775370457]
A2: [-0.0091084049644795, -0.3468030042533345, 0.24945526253061426, 0.10645685898734698] - [0.08003982277726239, 0.03628225375251821, -0.050250115527287496, -0.06607196279019248] - [-0.04245278921077542, 0.23083192447073075, -0.04053121313091873, -0.14784780552054622] - [0.06813494094529415, -0.2934676736615367, 0.14177141647165314, 0.0835620422728693]
B1: -1.617342425152961e-08 - 1.2665325510722822e-08 - -3.168211225343903e-08 - 2.8120810714325787e-08
B2: -2.409218648209573e-08 - 3.7652139045391225e-08 - 2.5016148888003502e-08 - -7.225121641703865e-09
