Number: 9404
Error: 1.9924133168087232e-11
A1: [0.053168925808195856, -0.14800489644212142, -0.027002667548153253, 0.12182419617230945] - [0.005314205873593685, 0.13083718093970778, -0.1136002576771515, -0.022549276362811607] - [-0.01444386130319077, 0.2230922360014426, -0.12704056498287314, -0.08160531775138069] - [0.02714662375689011, -0.1000198735905638, -0.04942434381611319, 0.12229828550731348]
A2: [0.08922980783059492, -0.07293796694444139, -0.12365151882523107, 0.1072614259312148] - [0.10882715097906479, 0.24979960074400717, -0.40485957864865746, 0.04617465680142206] - [0.036621569750711035, 0.462540831767229, -0.37773146245788347, -0.12148777884343585] - [0.14341753037427168, -0.044615493196040114, -0.20150822823233686, 0.10267082705715497]
B1: -5.504664498275496e-06 - 7.4648363439804105e-06 - 2.7100657619125593e-06 - 1.0013924347520996e-05
B2: -2.4454181538549265e-06 - -9.368346777714612e-07 - 1.4536863281948967e-06 - 9.146152214661556e-07
