Number: 6512
Error: 1.015171188899021e-15
A1: [0.08043168537205155, -0.18046781006315923, -0.01958885628669346, 0.11962497242555606] - [0.037415580859403, 0.13359638703995527, -0.13472618533437805, -0.03628582423223783] - [-0.0017028096989610425, 0.22819012582040255, -0.12282837334501441, -0.10365890091312142] - [0.038863218977240106, -0.11448103396093823, -0.04641645683781298, 0.12203421251065662]
A2: [0.03530744108329612, -0.029273477780431136, -0.07569735183184068, 0.06966340567421091] - [0.10289373325170555, 0.28289668369830523, -0.3926064130988017, 0.006815977763637391] - [-0.011187098683222886, 0.539014592002696, -0.35945101425510984, -0.16837646318713764] - [0.0978628010903316, 0.017463318185639357, -0.16885100891283922, 0.053524880149319234]
B1: -1.542390183676245e-09 - 1.2012743685950198e-09 - -1.0991639310510762e-09 - 1.0568019591169015e-09
B2: 6.58060284956419e-10 - -4.462374933960316e-09 - 1.0588941529666805e-08 - -7.594265502164522e-09
