Number: 2587
Error: 1.2436584263193539e-08
A1: [0.06315233542234361, -0.0481483274192961, -0.023720779401279632, 0.00757768549200657] - [0.04379448001637722, 0.19139895988662498, -0.1424278796007766, -0.09236665705400011] - [-0.1236068417041774, 0.4147093842757688, -0.10501133235098106, -0.18722378739596107] - [0.03702034711711238, 0.01919131465021177, -0.03311133542317985, -0.02303060304611028]
A2: [0.0630671435988321, -0.17406312779232722, 0.0859566541494322, 0.02358911346985619] - [0.029305264533929766, 0.20031351427234126, -0.10169494566193787, -0.12785841917130214] - [-0.09305726207210654, 0.5140272534094342, -0.22525545442286962, -0.19475681565233005] - [-0.025250752442860055, 0.019196037620110615, -0.04961737585563989, 0.0576341124867944]
B1: 8.934585220602525e-05 - -1.3065989810563357e-05 - -0.00010820854855803978 - -0.00024010918052359403
B2: -0.00028562587912679595 - 0.00014349472254739093 - 6.42427470056128e-05 - -0.00032433937689999487
