Number: 5233
Error: 1.6559498826095543e-15
A1: [0.0662132063991343, -0.11395205554434716, -0.023983925582165593, 0.07172289282549064] - [0.03740255771956862, 0.1881933174520678, -0.14740900026690365, -0.07818706367031358] - [-0.060229336352455226, 0.3289508337156803, -0.12775307546181422, -0.1409682881713204] - [0.03904620414078171, -0.05332264335139077, -0.037418546853612726, 0.05169516360352357]
A2: [-0.009108419507692176, -0.3468030196819157, 0.2494552478693415, 0.10645684373925365] - [0.08003979592926891, 0.03628222482961867, -0.050250144870425166, -0.06607199238256731] - [-0.04245289537976433, 0.23083180729630903, -0.04053132690555071, -0.1478479229390889] - [0.06813468528916014, -0.2934679551499687, 0.141771139315442, 0.0835617556353232]
B1: 1.0811265604026055e-07 - -7.694128127674319e-08 - -1.4874687309593019e-08 - 6.609544048291404e-09
B2: -2.2643109163676122e-08 - -2.718542868324535e-08 - 2.3154136970378918e-09 - 3.008772173347953e-08
