Number: 8382
Error: 8.927756041379662e-16
A1: [0.08043171161892318, -0.1804677838192703, -0.019588830071251177, 0.11962499866940837] - [0.03741552392729223, 0.13359633015095762, -0.13472624215291037, -0.03628588113273104] - [-0.0017028294585241092, 0.22819010606125645, -0.12282839307564508, -0.10365892066739903] - [0.03886326825269026, -0.11448098482376318, -0.046416407593772954, 0.12203426175548156]
A2: [0.03530738801185011, -0.029273530998606936, -0.07569740229158378, 0.06966335012928461] - [0.10289379937565546, 0.28289675038347656, -0.39260634914449244, 0.006816047004984088] - [-0.01118707083519619, 0.5390146200167513, -0.35945098789627283, -0.16837643384279985] - [0.09786285266796825, 0.01746336999783702, -0.168850959814164, 0.053524934288911266]
B1: -1.421140159688272e-08 - 3.781175756071082e-09 - 6.3184744662520565e-09 - 2.120189117498345e-08
B2: 2.4829343238312733e-08 - -3.947440950680373e-08 - 4.055637737563279e-09 - 3.0354626957911376e-08
