Number: 1141
Error: 6.696318750931405e-07
A1: [-0.0070249027920954036, -0.014806574927829837, 0.003211595513364429, 0.019602400476803714] - [0.06833362450582472, 0.19131815687104037, -0.1451836510809028, -0.10816624195384063] - [-0.1088749576330912, 0.44546563432973874, -0.06687853586879784, -0.25407954800324356] - [-0.027759075483140886, 0.011002038185965374, -0.034310685648151554, 0.034307855195077265]
A2: [0.13165222595961343, -0.22457093652855342, 0.02274852839460434, 0.0702135707657528] - [0.03273904548021129, 0.20386096865299375, -0.11479871540969554, -0.1213669796044233] - [-0.09560281167498166, 0.5546021205430369, -0.23613449701337064, -0.22664252182329458] - [-0.021178394449430316, -0.019681049285376923, 0.007773238282025144, 0.031786849917745205]
B1: -0.00047503360289157946 - 0.00018192195169776994 - -0.001232711048858603 - -0.00025255889234698076
B2: -0.0009922563405176652 - 0.000566022275316915 - -0.0018795496734327365 - 0.001280050854329873
