Number: 1701
Error: 2.252337363537202e-07
A1: [-0.008999316452833495, -0.016831884614518906, 0.0011150106472939804, 0.017580167742144347] - [0.0672577290997416, 0.19029871742188925, -0.14629038443705142, -0.10938341365286079] - [-0.11251790560303668, 0.44182864884528905, -0.0707291960516167, -0.258033593951825] - [-0.02547308513619419, 0.013261583937129628, -0.03208199055574754, 0.03667987126784463]
A2: [0.13036258265986772, -0.22581719323861518, 0.021461735642131115, 0.06896171685555688] - [0.033065423003110286, 0.2041632848273124, -0.11447013803403397, -0.12104512906470458] - [-0.09567124153164258, 0.5545249665889055, -0.23622640140853055, -0.22666771621469914] - [-0.022370718122839053, -0.020790106674844697, 0.00658315549567023, 0.030696701472737262]
B1: -0.0007833378174261686 - 0.0008321551584285321 - -0.0004459290286922371 - -0.0006783635280046736
B2: 0.0002662120452483329 - -0.0006051803866049406 - -0.00014068263278914828 - 0.00023458220668488687
