Number: 9534
Error: 2.4984960052087924e-13
A1: [0.05317248197376926, -0.14800133917960276, -0.026999115414944944, 0.12182775379884211] - [0.005315255181578273, 0.13083823121372742, -0.11359920866687295, -0.022548225859743486] - [-0.014443388656106636, 0.22309270913319898, -0.12704009255137644, -0.08160484469995533] - [0.027146869380917604, -0.10001962876793062, -0.04942409826210317, 0.12229853071299769]
A2: [0.0892514523669666, -0.0729163723085406, -0.12363036195984538, 0.10728333700766027] - [0.10884117085377976, 0.24981362306760757, -0.40484583643693123, 0.04618891274237043] - [0.036635009973699034, 0.46255420226569527, -0.37771834957153283, -0.12147419903705811] - [0.1434249716814431, -0.0446080793951375, -0.20150096252021563, 0.10267837929587685]
B1: -4.613609602903055e-07 - 2.49280012984658e-07 - 9.96567359343376e-08 - -1.8049284044827284e-07
B2: -1.2891888483998187e-06 - -4.3601313726850303e-07 - -2.454151818442003e-07 - 1.2788209052633972e-07
