Number: 582
Error: 2.8363725778786792e-14
A1: [-0.012152953503391517, -0.014516717833208034, 0.018087770100231184, 0.008583567891862947] - [0.06583545819215066, 0.18949547519431656, -0.14532233993439284, -0.1100083127210855] - [-0.09629377107634056, 0.42178541623409216, -0.05345808962550015, -0.2720365463110884] - [-0.0013218052742418843, -0.01821953821603187, -0.0038354354178612125, 0.02337639102933982]
A2: [0.16158653369074416, -0.16775495685875416, 0.00850115054900205, -0.0023332519052177885] - [0.035485792871765606, 0.20751679000501008, -0.11721035516078969, -0.1257919617129849] - [-0.08621339042412796, 0.5815382728739059, -0.23538857653307205, -0.25993541774750667] - [-0.0038346889198145094, -0.00451901605325485, 0.001110532412061541, 0.007243659101319827]
B1: -4.002210334466537e-08 - 1.8953753480258756e-07 - -2.0624697299834597e-07 - -4.755046926114672e-08
B2: -3.8487191860101096e-07 - -4.255257349858819e-08 - 5.280054969846846e-07 - -1.4809817365616715e-07
