Number: 3589
Error: 6.9870005562512256e-12
A1: [0.06621161403464623, -0.11395361242195766, -0.0239855168931859, 0.07172130309880714] - [0.03739910742727004, 0.18819002091944736, -0.14741239218138824, -0.07819045581072155] - [-0.06022713184969299, 0.32895295100392435, -0.12775091806217814, -0.1409661427794213] - [0.039056582134235976, -0.05331279297263372, -0.037408506539808505, 0.05170512233923166]
A2: [-0.009106248925582535, -0.3468007169460495, 0.24945743602681594, 0.10645911955215827] - [0.08004361856406779, 0.03628634294551191, -0.05024596696143124, -0.0660677790246519] - [-0.04245919680600038, 0.23082485260907504, -0.04053807998312494, -0.1478548922790371] - [0.06815961685034543, -0.29344050445683173, 0.14179816774049397, 0.08358970881185816]
B1: 2.859015083941609e-06 - -1.8082183910001288e-06 - -5.567639131043654e-06 - 4.1909205592433175e-06
B2: 3.266886995190018e-06 - -1.1217745079503993e-06 - -2.061868629542419e-06 - 8.045874412201943e-07
