Number: 6588
Error: 9.254832457919674e-16
A1: [0.08043167946184585, -0.18046781597269568, -0.019588862189832277, 0.1196249665160254] - [0.0374155644249241, 0.13359637061791507, -0.1347262017361109, -0.036285840657613026] - [-0.0017027834481441644, 0.22819015207065962, -0.12282834713263284, -0.10365887466931033] - [0.03886319673585368, -0.11448105613990665, -0.046416479065026946, 0.12203419028309351]
A2: [0.03530743596289502, -0.02927348291499449, -0.07569735670025103, 0.06966340031515404] - [0.1028937363108129, 0.28289668678337554, -0.39260641014007336, 0.0068159809669704995] - [-0.011187101207420577, 0.5390145894634426, -0.3594510166443166, -0.16837646584697438] - [0.09786280684702761, 0.017463323968520753, -0.16885100343283882, 0.05352488619197776]
B1: -6.53079405715774e-10 - -2.414900365611872e-09 - 2.943064118316939e-10 - -2.2424066727712732e-11
B2: -1.441815472826809e-09 - -1.42974355237263e-08 - 3.3728515612605605e-08 - -2.041600011995532e-08
