Number: 7200
Error: 5.806477911413608e-16
A1: [0.08043170818214017, -0.18046778725565493, -0.01958883350387952, 0.11962499523303849] - [0.037415612086380064, 0.13359641824329954, -0.13472615416962042, -0.036285793022559236] - [-0.001702832920803237, 0.22819010259906106, -0.12282839653284262, -0.10365892412875848] - [0.03886326135607748, -0.11448099170103464, -0.0464164144859881, 0.12203425486315016]
A2: [0.0353073736424819, -0.029273545407775006, -0.07569741595373047, 0.06966333509010242] - [0.1028937796305917, 0.2828967304708175, -0.3926063682417412, 0.006816026329109933] - [-0.011187130006991048, 0.5390145604920834, -0.35945104390373184, -0.1683764961941002] - [0.09786275808998016, 0.017463274989694078, -0.16885104984640276, 0.05352483501295995]
B1: 2.693093840443444e-09 - -1.0799310332621447e-08 - 2.3724780070476385e-08 - 1.387824190709897e-08
B2: 1.3047610877344301e-08 - 1.2089136317564633e-08 - -1.3645950348849455e-08 - 1.6486805455117954e-08
