Number: 1380
Error: 3.762445329242832e-10
A1: [-0.007174949748687247, -0.014981029466869656, 0.0030102518217579232, 0.019467715498985155] - [0.06683453539733838, 0.18989192632977628, -0.14672708228207448, -0.10985365221161478] - [-0.11262725146877861, 0.4417442667890075, -0.07083312807428968, -0.258145191019753] - [-0.02356722564435073, 0.015149689181969616, -0.030136732508544924, 0.03870267218107659]
A2: [0.13162590298244922, -0.22458941072025415, 0.02270573230800814, 0.0701993573366782] - [0.03251232787730024, 0.20361747794926505, -0.11502165983757447, -0.1215884630520585] - [-0.09468736139620913, 0.5554763023709415, -0.23526580688077775, -0.2256987057365372] - [-0.02085180143032841, -0.019299931169632002, 0.008093812494035313, 0.03215819261940938]
B1: -3.396780847471236e-05 - 5.554882227340079e-05 - 6.177054781332857e-06 - -4.3067545606153925e-05
B2: 2.7937222031370408e-05 - -3.791381501953169e-05 - 1.249261381131803e-06 - -1.0164653562014901e-06
