Number: 8306
Error: 9.6264797932546e-16
A1: [0.08043164036977928, -0.1804678550603632, -0.019588901235218073, 0.11962492742838021] - [0.037415574150057064, 0.13359638033573573, -0.13472619203020106, -0.03628583093777318] - [-0.0017028356621194755, 0.22819009985778674, -0.12282839927016419, -0.10365892686935146] - [0.03886317534769744, -0.1144810774680539, -0.046416500439583216, 0.12203416890820519]
A2: [0.03530750765843163, -0.02927341102110794, -0.07569728853289674, 0.0696634753521544] - [0.1028938167708622, 0.28289676792629936, -0.3926063323200707, 0.006816065220289704] - [-0.011187101427574776, 0.5390145892419095, -0.35945101685269515, -0.1683764660789787] - [0.09786270168444233, 0.017463218327568295, -0.1688511035409915, 0.053524775805685716]
B1: 1.835995972411631e-08 - 7.117779640943781e-08 - -6.773732688863511e-09 - -1.840322989547553e-08
B2: 1.4837727257806163e-09 - 2.9792847461166656e-08 - -9.422516132570876e-09 - 7.3697176440336796e-09
