Number: 6649
Error: 1.043645367923872e-15
A1: [0.08043167458828611, -0.1804678208457034, -0.01958886705756461, 0.11962496164302233] - [0.03741561628336723, 0.13359642243710926, -0.13472614998099663, -0.03628578882789637] - [-0.0017029201038880918, 0.22819001541782907, -0.1228284835882918, -0.10365901128858382] - [0.038863282982295626, -0.11448097013550451, -0.04641639287354172, 0.12203427647593212]
A2: [0.035307433050607163, -0.02927348583533727, -0.07569735946921728, 0.0696633972671291] - [0.10289375147212275, 0.2828967020733615, -0.3926063954762547, 0.006815996843080546] - [-0.011187130792421304, 0.539014559701979, -0.35945104464715555, -0.16837649702173124] - [0.09786278915190313, 0.017463306192906994, -0.16885102027744833, 0.05352486761785359]
B1: -1.2682035086891693e-09 - 1.886947940081655e-09 - -1.0137847765250937e-08 - -4.315824553592622e-09
B2: -2.5940111698867758e-09 - 2.4128441036977664e-08 - -7.257519511195798e-08 - 3.8522557468117934e-08
