Number: 11
Error: 0.0024108289579522968
A1: [0.05235193971379697, 0.05933948462926141, 0.07401256046317567, 0.0511316059688979] - [0.14440213258511772, 0.27689490483306817, -0.08428575239796046, -0.06800126427224748] - [0.03383000040042674, 0.5519674317128931, 0.07324847084309764, -0.13971150642720556] - [0.34452972091300726, 0.3442073988094617, 0.34964350652133847, 0.3511339819429143]
A2: [0.41152571063504595, 0.07799412205316997, 0.24552838315861533, 0.24369815190102212] - [0.1916213463623839, 0.35817271560513936, 0.027592553280033766, 0.021754987173557755] - [0.3335971487850597, 1.0004324466435888, 0.16866413738116717, 0.16375779903566326] - [0.6489073566724206, 0.6487907374190216, 0.646584802384298, 0.6484762416979226]
B1: 0.06781090298003542 - 0.5227682026402392 - -0.05201156011472196 - -0.12023616046576817
B2: 0.052843549296550205 - 0.5591388862979009 - -0.12230262414162305 - -0.09614338425953711
