Number: 1318
Error: 7.016940554679464e-09
A1: [-0.006964113113439751, -0.01476820025865087, 0.0032299265570709485, 0.019684170038376803] - [0.06659820267207739, 0.18966448900064883, -0.14697146944814948, -0.11011656544624394] - [-0.11224551034260928, 0.4421191010645356, -0.07043475436517745, -0.25773186775374046] - [-0.023103130253023737, 0.01560601982102753, -0.02966222046532861, 0.039192602137322265]
A2: [0.13170475089130532, -0.2245121002569256, 0.022783657964837205, 0.07027664050096333] - [0.032611849029555044, 0.20371534614537734, -0.11492267313386013, -0.12149113784329062] - [-0.09490151119912614, 0.5552659006391447, -0.235476166972317, -0.22590901824962478] - [-0.02072148970819159, -0.019171876421812204, 0.008223479870360323, 0.03228349050740643]
B1: 1.6941253140232408e-05 - -3.3058407278905406e-07 - 3.4070442961960376e-05 - -7.477431762822743e-06
B2: -2.785526839310414e-05 - -9.984813075954701e-05 - -4.917218632400338e-05 - -6.084290893152569e-05
