Number: 8827
Error: 4.102048670766542e-05
A1: [0.07594593786572604, -0.18498641184900655, -0.02399992942099743, 0.11513479092445728] - [0.034038780862588214, 0.13017654069458945, -0.13799260140143632, -0.03967325352098154] - [-0.008625736316021884, 0.22123019126627355, -0.12965905752321405, -0.11058394972962027] - [0.033863619164029926, -0.11948954978370997, -0.05135847100569388, 0.11703661090353436]
A2: [0.04683924606311735, -0.017785596388698567, -0.06461932656740803, 0.08172487216112256] - [0.10769182238081224, 0.2877065501395828, -0.3878665570540154, 0.011835149450643432] - [0.019340046113876214, 0.5696004452349356, -0.3305336896155473, -0.1362243207139297] - [0.10697557743491894, 0.02655766134378732, -0.1600578595116544, 0.0630815339607526]
B1: -0.002617868700083463 - 0.00040153731927191185 - -0.009102143625068929 - -0.0009219307356255941
B2: 0.0016305593300964434 - 0.0013467757982357168 - 0.004285249447484574 - 0.0015477149653799335
