Number: 8674
Error: 7.082306256478234e-15
A1: [0.08043167245045357, -0.1804678229832786, -0.01958886919285478, 0.11962495950544694] - [0.03741562737966834, 0.13359643352506279, -0.13472613890656934, -0.03628577773762307] - [-0.001702799143434993, 0.22819013637569469, -0.12282836280494729, -0.10365889036039651] - [0.03886322146262938, -0.11448103148245922, -0.04641645435399022, 0.1220342149945528]
A2: [0.03530745498335568, -0.029273463841919325, -0.07569733861578909, 0.06966342022201134] - [0.10289368739052604, 0.2828966374479517, -0.39260645745517164, 0.006815929740375614] - [-0.011187097324617888, 0.5390145933693543, -0.35945101296916476, -0.16837646175552473] - [0.09786281620526797, 0.017463333369277547, -0.16885099452436553, 0.053524896015003424]
B1: -1.276994752700473e-10 - 2.6092868306353545e-08 - -4.789399923033371e-10 - -5.421324173839368e-09
B2: -5.7208059432814123e-08 - -9.030013282037518e-08 - -1.0170349384885614e-07 - -5.481969022645649e-08
