Number: 1196
Error: 2.2892251301022587e-08
A1: [-0.005632670246943922, -0.013420302304456089, 0.004608597094759289, 0.02104550907650996] - [0.06694054666402924, 0.18999461453306607, -0.1466175894274298, -0.10973485493916141] - [-0.11181325657281665, 0.44254759854537545, -0.06998079530323771, -0.2572684602578987] - [-0.022444371159655432, 0.01625639199794505, -0.028982963343513343, 0.039882886055066534]
A2: [0.13062810201344113, -0.22556791750899227, 0.021725959432021588, 0.06922567573187192] - [0.03264066158059101, 0.2037445849830251, -0.11489369690616143, -0.12146381368512811] - [-0.09406711333195297, 0.5560834242429655, -0.23466095048146682, -0.22509513684810387] - [-0.02126053897331611, -0.019706607579822535, 0.007689365259985594, 0.031766876980300465]
B1: 2.670082029464948e-05 - -0.0002452580214457286 - 0.0001616651600117237 - -0.00028677348158816967
B2: -0.00018198931074652548 - -0.00024457424962695236 - 8.733048844902803e-05 - -4.497829536694117e-05
