Number: 7933
Error: 8.798511814117544e-16
A1: [0.08043171564180597, -0.18046777979684492, -0.019588826053138723, 0.11962500269185071] - [0.03741555958375451, 0.13359636578040912, -0.1347262065675887, -0.03628584549608534] - [-0.0017028131971724798, 0.22819012232225971, -0.12282837683809858, -0.10365890441039304] - [0.03886324744398531, -0.1144810055740927, -0.046416428389209716, 0.1220342409597061]
A2: [0.035307545860035205, -0.029273372713889235, -0.0756972522112902, 0.06966351533425807] - [0.10289373547580907, 0.2828966859413009, -0.3926064109476666, 0.006815980092608489] - [-0.01118714803454107, 0.5390145423570031, -0.3594510609672553, -0.1683765151902925] - [0.0978628245371709, 0.017463341739123586, -0.16885098659293118, 0.053524904760827365]
B1: 2.0675903318844326e-08 - 2.22840023356877e-08 - -1.7933625713908637e-08 - 1.0677806962727345e-09
B2: 1.3725098488457506e-08 - -1.1256545699381337e-08 - 1.469270739436027e-08 - 5.228098766413282e-09
