Number: 4348
Error: 1.0623792486822365e-15
A1: [0.06621327885592274, -0.11395198470676264, -0.02398385318222239, 0.07172296516070271] - [0.037402659839855606, 0.18819341502103248, -0.14740889987486863, -0.07818696326938344] - [-0.06022928753011026, 0.3289508806069989, -0.12775302768712113, -0.1409682406538617] - [0.03904601203604274, -0.05332282569020553, -0.037418732708716755, 0.05169497925761459]
A2: [-0.009108540529489676, -0.34680314806675794, 0.24945512586866286, 0.10645671685467849] - [0.08003981880718329, 0.03628224947561428, -0.05025011986634417, -0.06607196716607733] - [-0.04245284101825703, 0.2308318672927449, -0.04053126864987402, -0.14784786281760187] - [0.06813491472348382, -0.29346770253316334, 0.14177138804442713, 0.08356201287301838]
B1: 8.046420474765745e-09 - -1.46457055702574e-08 - -2.9507177151713813e-08 - 3.504927763729943e-08
B2: -5.532187709691754e-08 - 5.590374962192954e-09 - -2.0317633561545124e-08 - 7.82875954836577e-08
