Number: 2403
Error: 3.7254588310712427e-06
A1: [0.07027838612308496, -0.04201177828370436, -0.01773397793107697, 0.0142274949621718] - [0.048357091173728335, 0.19552402161817087, -0.13810627883063528, -0.08728837264715845] - [-0.13218749314775166, 0.40687153933897185, -0.11332142778469824, -0.1957401325783244] - [0.03289643196996515, 0.015578682888911514, -0.0369844707420322, -0.026930928043696938]
A2: [0.039856759242338044, -0.1971649269061464, 0.06331509724761492, 0.0008873253360260954] - [0.03780561833662485, 0.20873456920319508, -0.09327507167588818, -0.11960570107087796] - [-0.09245893841177324, 0.5153269976226533, -0.223716681442933, -0.19330417951736517] - [-0.05121433856773149, -0.006648987133862095, -0.07492965778400827, 0.0325070871130263]
B1: 0.0032866105385710703 - 0.0070333194669896185 - -0.010475827287813341 - -0.0015843783281405332
B2: -0.005013537553154643 - -0.0020296499129715904 - 0.002592814148624608 - 0.0014095653646193146
