Number: 298
Error: 1.0442109357411063e-08
A1: [-0.012251649373294166, -0.014618134974002633, 0.017978683961057135, 0.008478190737041912] - [0.06545332888532693, 0.18912785896363624, -0.14571745341008638, -0.11043378474343525] - [-0.09683542569025633, 0.4212621369298714, -0.05404565207772111, -0.27266757414821996] - [-0.0019312858564718624, -0.01880548849654447, -0.004484059229427488, 0.022671934289098247]
A2: [0.1615838014507326, -0.16775765008917984, 0.008498619558785614, -0.002335786003162132] - [0.03556259258220619, 0.20759233910500258, -0.11713391788617558, -0.12571686323185272] - [-0.08619406376969632, 0.5815571567508411, -0.2353697534052179, -0.25991653014515326] - [-0.003860746436234361, -0.004544581938303919, 0.00108494335593158, 0.00721892332456078]
B1: -4.982007129642213e-05 - 0.00010809795647845542 - 1.2224259896297643e-05 - -3.949753876473204e-05
B2: -0.0003066997731842636 - -0.0003404280248868929 - 0.00033005450834863845 - 0.00027590285915302527
