Number: 5358
Error: 2.3470306696521183e-15
A1: [0.06621312845845093, -0.11395213174331577, -0.023984003461651277, 0.07172281501563688] - [0.03740253905741039, 0.1881932996217018, -0.14740901861318245, -0.07818708201821307] - [-0.060229180070247766, 0.32895098381643173, -0.12775292253310594, -0.14096813606511588] - [0.03904597509161187, -0.05332286075652346, -0.0374187684511855, 0.051694943805208275]
A2: [-0.009108495845993924, -0.34680310066466524, 0.24945517091327657, 0.10645676370278759] - [0.08003980589781372, 0.03628223556860862, -0.05025013397534937, -0.06607198139498202] - [-0.04245275306534219, 0.23083196436272266, -0.04053117439617126, -0.147847765545337] - [0.06813482670535077, -0.29346779944519663, 0.14177129262376467, 0.08356191418826077]
B1: -1.3579237780021079e-08 - 1.691634281802068e-08 - -5.423417253650024e-08 - -5.347975019051099e-08
B2: 2.8128951603177155e-08 - 3.948891981473815e-08 - -6.106147842825587e-08 - 9.057209223705336e-09
