Number: 6546
Error: 9.830705900253399e-16
A1: [0.08043168571374106, -0.18046780972150847, -0.0195888559454125, 0.11962497276720653] - [0.03741558302708712, 0.13359638920599884, -0.13472618317101312, -0.03628582206575448] - [-0.0017028065757835982, 0.22819012894351337, -0.12282837022640981, -0.1036588977907775] - [0.03886322177113496, -0.114481031174884, -0.046416454045698385, 0.12203421530281505]
A2: [0.035307428328974176, -0.02927349057002988, -0.07569736395848303, 0.06966339232542516] - [0.10289373728129772, 0.2828966877620971, -0.39260640920143336, 0.006815981983210123] - [-0.011187112725620518, 0.5390145778765411, -0.3594510275465396, -0.16837647798410793] - [0.09786279651274042, 0.01746331358722617, -0.16885101327040833, 0.053524875344337045]
B1: 3.9248440690823304e-10 - -1.2160119732720865e-09 - -7.558058360464203e-10 - -2.406419074188717e-09
B2: -1.913121161537313e-09 - -6.518646296065185e-09 - 1.0770359788939285e-08 - -8.726152272765578e-09
