Number: 4383
Error: 6.861165310660913e-16
A1: [0.06621310651751643, -0.11395215319398985, -0.023984025385397883, 0.07172279311153114] - [0.03740263711736289, 0.18819339331123025, -0.14740892221281998, -0.07818698560931783] - [-0.0602293940887871, 0.32895077826325325, -0.12775313195917082, -0.14096834436503888] - [0.03904606782906916, -0.053322772733532614, -0.03741867873078606, 0.051695032797229645]
A2: [-0.00910860930264621, -0.34680322102429284, 0.24945505653906072, 0.10645664474983682] - [0.0800398799648285, 0.03628231535990953, -0.05025005302452675, -0.06607189975669868] - [-0.042452735963214215, 0.23083198323794, -0.040531156068772486, -0.14784774663077793] - [0.06813471657888714, -0.2934679206988851, 0.14177117323663915, 0.08356179071648324]
B1: 2.2219282488495156e-08 - 2.2438751371883714e-08 - 2.2797148673472607e-08 - -3.256464852133434e-08
B2: -2.3721090053978326e-08 - 3.528649403224254e-08 - 5.320865465993469e-10 - 9.923869050323261e-11
