Number: 6466
Error: 1.235414582619733e-15
A1: [0.08043169300937884, -0.18046780242669686, -0.019588848658498144, 0.11962498006201118] - [0.03741559590380855, 0.13359640207297444, -0.13472617031994888, -0.03628580919616592] - [-0.0017028144688677077, 0.22819012105059752, -0.12282837810793715, -0.10365890568175513] - [0.038863233760581886, -0.11448101921908406, -0.046416442063891325, 0.12203422728481036]
A2: [0.035307454516930584, -0.02927346430964082, -0.07569733905931787, 0.06966341973397201] - [0.10289375152545724, 0.28289670212714874, -0.3926063954246711, 0.006815996898930939] - [-0.011187092564739752, 0.5390145981576736, -0.3594510084638348, -0.1683764567398756] - [0.09786281458117121, 0.01746333173784456, -0.1688509960704381, 0.05352489431031455]
B1: 2.169727754729168e-09 - 4.25668487853584e-09 - -2.505969404844883e-10 - 2.3445625383592035e-09
B2: 2.4856756811050333e-09 - -1.3431957148473539e-10 - 4.4543047875747555e-09 - -1.944701615842357e-09
