Number: 5471
Error: 4.075611260270623e-14
A1: [0.06621347596564861, -0.11395179200274437, -0.023983656228272015, 0.07172316193868432] - [0.0374032162044187, 0.18819394658942687, -0.14740835292613913, -0.07818641627216952] - [-0.06022942955707502, 0.32895074419597203, -0.127753166668072, -0.14096837888645133] - [0.039046369837852646, -0.05332248607936786, -0.03741838654868253, 0.051695322607098554]
A2: [-0.0091072017701264, -0.3468017278572273, 0.24945647545754643, 0.10645812046656922] - [0.08004071560859295, 0.036283215585876674, -0.05024913971406778, -0.0660709786922623] - [-0.04245248471414971, 0.23083226053004546, -0.04053088682124689, -0.1478474687603922] - [0.06813517309525277, -0.2934674180569568, 0.141771668142122, 0.08356230255312679]
B1: -3.866926605998357e-07 - 4.534821956880328e-07 - 1.1047818734058836e-07 - 1.5222850465820596e-07
B2: 3.105472422385092e-07 - 1.5553240765734184e-07 - 2.8439260501223745e-07 - 2.841358700805552e-07
