Number: 2929
Error: 6.4998689040627405e-09
A1: [0.06358363665074339, -0.047722128340581774, -0.023294999527687255, 0.00800310615709722] - [0.043273051779243336, 0.19089554420168597, -0.1429648617771098, -0.09293925025337586] - [-0.12379209257828358, 0.41451504099044784, -0.10520830994498528, -0.18742185078637033] - [0.03664579097468417, 0.018808966831899667, -0.0334910078679708, -0.02340909589410349]
A2: [0.06387179007611071, -0.1732596449374322, 0.0867503994091465, 0.024379954932196284] - [0.029572468201661543, 0.20057668263427703, -0.10142883471365316, -0.12759684473472482] - [-0.0933282276339114, 0.5137613929104276, -0.22552422350885648, -0.19501892006322277] - [-0.026179868595241504, 0.01826799268944843, -0.05054016919713149, 0.056731748936470365]
B1: -1.278519671622917e-05 - 7.498508134416083e-05 - -0.0002751815897167816 - 4.209034336700555e-05
B2: 0.00014487464998458178 - 1.9300950073873288e-05 - -6.246791682691638e-05 - -3.7745390883014804e-05
