Number: 2773
Error: 6.07808687041435e-09
A1: [0.0636903337895204, -0.04761762355979298, -0.0231904761228792, 0.008108836477515226] - [0.043931919237993514, 0.19153142587237, -0.14228636925756047, -0.09221524269991557] - [-0.12347470817215367, 0.41483244935964875, -0.10488777357024444, -0.18710112280359315] - [0.03710041385943975, 0.019264826233534968, -0.03303488921357689, -0.022954757814829908]
A2: [0.06299996630800955, -0.17412463565764122, 0.08588586382368664, 0.023523454456692985] - [0.029208012640326228, 0.20021796616904072, -0.10179185616668954, -0.12795327178882332] - [-0.09365879881050665, 0.513437739292542, -0.22585531981625326, -0.19533936060116322] - [-0.025720121047627956, 0.01872682469724782, -0.05008108533192048, 0.05717826591206123]
B1: -4.44867763689093e-05 - 7.112464983758643e-05 - 8.634133842652168e-05 - -3.460850038772181e-05
B2: 6.72661363857554e-05 - 8.225480286788248e-05 - 0.00015536082818310847 - 4.913701277352483e-05
