Number: 7489
Error: 7.079315259737361e-16
A1: [0.0804317287842709, -0.18046776665586312, -0.01958881292638964, 0.11962501583281317] - [0.037415632218502, 0.13359643836018145, -0.13472613407761205, -0.03628577290159096] - [-0.0017027765819279635, 0.22819015893672592, -0.12282834027647016, -0.10365886780492274] - [0.03886327333679027, -0.11448097975394841, -0.046416402512912264, 0.12203426683641429]
A2: [0.03530744254428588, -0.029273476315389655, -0.0756973504427531, 0.06966340720329087] - [0.10289369880556126, 0.282896648959828, -0.39260644641467235, 0.006815941693528367] - [-0.011187075582529713, 0.5390146152411632, -0.35945099238977474, -0.1683764388451598] - [0.0978627568766128, 0.01746327377081343, -0.16885105100146894, 0.05352483373934325]
B1: 1.390232252413496e-08 - 3.161338671444243e-08 - 5.887327285379565e-10 - 2.9765488846415403e-08
B2: 1.8437450173375937e-08 - 1.458630649167462e-08 - 2.322743150723392e-08 - 1.7139970961434822e-08
