Number: 6522
Error: 9.06602736642758e-16
A1: [0.08043168590756682, -0.18046780952770464, -0.01958885575181851, 0.11962497296101016] - [0.0374155720479664, 0.1335963782351876, -0.13472619412825765, -0.036285833038793465] - [-0.0017027958613591667, 0.22819013965770943, -0.12282835952767297, -0.10365888707921245] - [0.03886320406509028, -0.11448104883123894, -0.04641647174046061, 0.12203419760777483]
A2: [0.03530744139509342, -0.029273477467771442, -0.07569735153538792, 0.06966340600054075] - [0.10289373236327252, 0.282896682802332, -0.3926064139580823, 0.006815976833317932] - [-0.011187099434251469, 0.5390145912471879, -0.3594510149659744, -0.16837646397852296] - [0.097862800939371, 0.017463318033992068, -0.1688510090565439, 0.053524879990859676]
B1: -2.931430153488039e-09 - 1.9688628477160752e-10 - -2.961345173851474e-09 - -3.7379456009860536e-10
B2: 1.330332563057697e-09 - -1.0844754152265662e-08 - 2.271221486852734e-08 - -1.7407595527614374e-08
