Number: 134
Error: 9.620157882691805e-05
A1: [0.02440502811784888, 0.02357981278903902, 0.05939307024129927, 0.048534665459665144] - [0.08534627410820465, 0.2085860055679578, -0.12562057595936624, -0.08868913757288423] - [-0.05605438259696424, 0.4619039909507014, -0.009140890757850509, -0.224084986896223] - [0.04302433849677574, 0.02572822363099988, 0.04440880992033305, 0.0758321681098564]
A2: [0.2079430330746639, -0.12293747581992935, 0.05395299879359682, 0.042463385634318784] - [0.03777544452489896, 0.2094601085149482, -0.1158544436433983, -0.12454190465803425] - [-0.04297970037737312, 0.6238979561352909, -0.19340848976970915, -0.21821854729048693] - [0.030681148761443604, 0.02978778438793386, 0.035112454386329914, 0.0399409009506951]
B1: -0.003203380346659889 - 0.12460087205426353 - -0.0004377955470668939 - 0.0027224992889598454
B2: -0.0024377722606214207 - 0.13444878297659332 - -0.007317963140669686 - -0.0058553029942748115
