Number: 729
Error: 1.1698861916754107e-13
A1: [-0.012152552021101187, -0.014516305468228099, 0.018088213858056628, 0.008583996921069757] - [0.06583538314400714, 0.189495403001089, -0.1453224175274829, -0.11000839627954431] - [-0.0962918520000596, 0.4217872709847274, -0.05345600720237789, -0.27203431049525517] - [-0.0013207391116342529, -0.018218512869239718, -0.003834300525042074, 0.023377623333042923]
A2: [0.16158647163034065, -0.16775501775336527, 0.008501089734378213, -0.002333312406421466] - [0.03548575002924989, 0.20751674785090654, -0.11721039782373434, -0.12579200362395693] - [-0.08621363199222706, 0.5815380362553509, -0.23538881159121292, -0.25993565331325746] - [-0.003834237037147826, -0.004518571686597931, 0.0011109796611641545, 0.0072440914305620325]
B1: -7.132241466526926e-08 - -1.6035390313310154e-07 - -2.669849696393084e-07 - -1.0301078773218517e-07
B2: 2.3476781783582638e-07 - -3.146408537478646e-07 - 3.5915774997225177e-07 - 2.1026816257184213e-07
