Number: 6016
Error: 5.853672333320571e-13
A1: [0.08043134797339731, -0.18046814743021564, -0.01958919328564076, 0.119624635063613] - [0.03741665911345156, 0.1335974644454595, -0.13472510928107131, -0.03628474660452162] - [-0.001699788097953226, 0.22819314738160237, -0.12282535612830912, -0.10365588009662767] - [0.0388641802746167, -0.11448007535389874, -0.04641549613940207, 0.12203517321800696]
A2: [0.03531028334312974, -0.029270627679619257, -0.07569464941451484, 0.06966638042580689] - [0.10289893883641162, 0.28290193346762416, -0.39260137833909065, 0.006821428772865162] - [-0.011186698336048259, 0.5390149947620338, -0.3594506353335513, -0.1683760413316959] - [0.0978643226875783, 0.01746484671079408, -0.1688495604442953, 0.053526477337463685]
B1: 2.3409722037865008e-06 - -2.202636846850583e-06 - 4.5603216161826453e-07 - 1.331690440960252e-06
B2: -9.488199637720328e-07 - -2.120482066386836e-07 - 7.429660040882924e-07 - -1.1696086494276209e-07
