Number: 5707
Error: 0.02568752572154831
A1: [-0.09767428614223345, -0.29924632086645275, -0.19720036342520117, -0.058955866334386556] - [-0.016041887832837366, 0.11556668239533027, -0.20013536938532714, -0.09692152828941493] - [-0.07061661384752131, 0.25040330643587516, -0.1744370449792999, -0.16252621326335406] - [-0.696290327876461, -0.7565210608482852, -0.7594601825283971, -0.6028533866484462]
A2: [-0.8267721542857718, -0.988983724452586, -0.6683430405327626, -0.9614618754902048] - [-0.5500367529786898, -0.45983718684669156, -0.7397792954527701, -0.9672288414597535] - [-0.9199918280041195, -0.47310132406914107, -0.9952476731321254, -1.28766728805794] - [-0.7431786377312413, -0.921813721615631, -0.7291608699151652, -0.9996496118517438]
B1: -0.41587028138241483 - -0.5652499106851604 - -0.4501593529564511 - -0.45274159131526653
B2: -0.23434215459542596 - -0.11342037722356746 - -0.40375611885365875 - -0.2965835091748898
