Number: 6222
Error: 8.474876971660628e-16
A1: [0.08043165946134, -0.18046783597093222, -0.019588882166422315, 0.11962494651780657] - [0.03741557241642156, 0.1335963786033681, -0.1347261937605367, -0.03628583267053924] - [-0.0017028296599427802, 0.22819010585984917, -0.12282839327677092, -0.10365892086877358] - [0.03886322006764294, -0.11448103287359214, -0.04641645574810611, 0.12203421360038444]
A2: [0.03530736073641037, -0.029273558349550474, -0.0756974282245824, 0.06966332158242783] - [0.10289370822871291, 0.2828966584629378, -0.3926064373007061, 0.006815951560891214] - [-0.011187079004301102, 0.5390146117989973, -0.3594509956285928, -0.16837644245076486] - [0.09786277214963805, 0.01746328911330241, -0.16885103646248803, 0.053524849770990146]
B1: -2.9564542719288282e-08 - -1.1022491901537984e-08 - -2.1325416177871427e-10 - -1.0298269098121046e-08
B2: -1.661186344800323e-08 - -2.2622749708294972e-08 - -3.4755997686826986e-09 - -1.0679078718123075e-08
