Number: 731
Error: 5.122320726113144e-14
A1: [-0.012153143341951373, -0.014516912815313001, 0.018087560270028214, 0.008583365026470311] - [0.06583536720040004, 0.18949538766401813, -0.1453224340117728, -0.11000841403113472] - [-0.09629239372827819, 0.421786747413405, -0.0534565950422277, -0.2720349416345162] - [-0.001321493067095769, -0.018219237961163696, -0.0038351030858480924, 0.023376751887800806]
A2: [0.16158659681197488, -0.16775489492924325, 0.008501212392160529, -0.0023331903716292453] - [0.03548579263057038, 0.20751678976764248, -0.11721035540087504, -0.12579196194882744] - [-0.08621322086491973, 0.5815384389532622, -0.23538841154976756, -0.2599352524020587] - [-0.00383416833433036, -0.0045185041260636495, 0.0011110476603273798, 0.0072441571606895626]
B1: 6.66409586012318e-08 - -6.229707952855363e-08 - -1.0363792377974648e-07 - -1.678379442507655e-07
B2: 2.1503783471999492e-07 - -4.0644031902362637e-07 - 3.671225387488515e-07 - 2.2069827906654846e-07
