Number: 7657
Error: 3.819379526979853e-16
A1: [0.08043169869627688, -0.1804677967404501, -0.01958884297839557, 0.11962498574826196] - [0.0374156188372268, 0.1335964249890335, -0.13472614743221137, -0.03628578627544656] - [-0.0017027949117175889, 0.22819014060732573, -0.12282835857941624, -0.10365888612981829] - [0.038863247315264124, -0.11448100570244889, -0.04641642851784429, 0.12203424083106783]
A2: [0.035307516138697204, -0.029273402517430974, -0.07569728047005833, 0.06966348422775565] - [0.10289382216971271, 0.2828967733709713, -0.39260632709843063, 0.006816070873750192] - [-0.011187231921978827, 0.5390144579692325, -0.35945114036859444, -0.16837660358534998] - [0.09786275117355675, 0.017463268041818296, -0.16885105643042142, 0.05352482775300643]
B1: 1.0581062450356553e-08 - 4.896875175203688e-08 - 2.2263142033639508e-08 - 2.9149843305582884e-08
B2: 2.695978467384128e-08 - 2.2040318441454348e-08 - 3.921205564140125e-08 - 2.3342424063708416e-08
