Number: 283
Error: 6.512220158303842e-09
A1: [-0.01267887901739686, -0.015056932002518657, 0.017506567095776134, 0.008021725706184113] - [0.06478750123228134, 0.18848737817229128, -0.14640582749165007, -0.11117507799229287] - [-0.09611834285965755, 0.42195538775350333, -0.05326717076018897, -0.27183198225037414] - [-0.0007820718297037366, -0.017700201985699004, -0.0032606693748771748, 0.02400025405551053]
A2: [0.16147718387846532, -0.16786221824309383, 0.008394142449776279, -0.0024397462369315026] - [0.03555721294514191, 0.20758706116521747, -0.11713932189914526, -0.12572215886981666] - [-0.0860117297370809, 0.5817358141219061, -0.2351924306030413, -0.2597386919566977] - [-0.0037438717298327816, -0.004429627637379766, 0.0012006749119883608, 0.007330798516568248]
B1: -5.9320042446348676e-05 - 0.000181769806111664 - -0.00016997688949532978 - -0.00010877305611101722
B2: 0.00043543538374198325 - -0.00023341319904692214 - -0.00021741682213916548 - -0.00014685640670473017
