Number: 9101
Error: 1.871765141121039e-05
A1: [0.07405201486663764, -0.1280644848725691, -0.006141540237469186, 0.1417971118140958] - [0.01713329812094159, 0.14221763384856115, -0.10233663852059591, -0.011369933444999881] - [-0.01806572907983516, 0.21989080585160806, -0.12948602931823217, -0.08408089314615237] - [0.04490831916502453, -0.08277355748231303, -0.03134926522236571, 0.13966801552957334]
A2: [0.10154785252729902, -0.06053017510793215, -0.10984800205324967, 0.12007852119604324] - [0.13374912305877432, 0.2741403715021608, -0.38029048806476906, 0.0713149790276366] - [0.02823113087686203, 0.455077281739072, -0.3855283663950684, -0.12989448350991323] - [0.15038884784506704, -0.03771675357423885, -0.19537495588305423, 0.10956003085306473]
B1: -0.00037206410271467105 - -0.006885143978521966 - 0.005757559577900502 - -0.00086581897132365
B2: -0.0036077400916358746 - -0.0014749414155148474 - -0.0011581781864546947 - -0.0020483402336233403
