Number: 7958
Error: 9.924920223715379e-16
A1: [0.08043168792533481, -0.18046780751017677, -0.019588853736469, 0.11962497497854542] - [0.03741562230193818, 0.13359642845112987, -0.1347261439743632, -0.03628578281263925] - [-0.0017028055870682531, 0.2281901299322026, -0.12282836923913552, -0.10365889680231906] - [0.03886323710178288, -0.11448101588727035, -0.04641643872482057, 0.12203423062393227]
A2: [0.03530745999854319, -0.029273458812859754, -0.07569733384741836, 0.06966342547101403] - [0.10289377615439435, 0.28289672696511986, -0.3926063716038453, 0.006816022688990704] - [-0.011187063915574365, 0.5390146269776872, -0.3594509813467108, -0.16837642655132776] - [0.09786283969532715, 0.01746335696622359, -0.16885097216333037, 0.053524920671935254]
B1: -4.114653199252853e-09 - -1.6957520647624958e-11 - -4.206459773892584e-10 - -3.019081670931429e-09
B2: 7.544901491939285e-09 - -6.90520354074762e-09 - 3.781512407152515e-10 - 7.3979748113729465e-09
