Number: 5998
Error: 5.865632360160563e-12
A1: [0.08043347695585844, -0.18046601863703798, -0.019587066743635022, 0.11962676386896115] - [0.03741483506472101, 0.13359564174946292, -0.13472692972428427, -0.03628656966457369] - [-0.0016998997558293032, 0.22819303574723337, -0.12282546754494, -0.10365599168647933] - [0.03886485869319248, -0.11447939878742389, -0.04641481804156679, 0.12203585127598968]
A2: [0.035316674035645354, -0.02926421934291101, -0.07568857323249863, 0.06967306901078894] - [0.10288522504487817, 0.28288810320514857, -0.39261464216415376, 0.006807068415371305] - [-0.01118163222622302, 0.5390200911732571, -0.3594458401450328, -0.16837070298574908] - [0.09786715191213698, 0.017467688846876616, -0.1688468671945269, 0.05352944712569095]
B1: -1.92320442730315e-06 - 1.4805708223058084e-06 - -8.182265789037175e-07 - -1.2844973834943937e-06
B2: -8.742872637752721e-07 - -2.1138991036966363e-06 - -4.594526308435468e-06 - -1.9094334280361446e-06
