Number: 3930
Error: 5.624622192813918e-16
A1: [0.06621317709340584, -0.11395208419520605, -0.023983954864875805, 0.07172286356898167] - [0.037402576968107844, 0.18819333584270168, -0.1474089813441589, -0.07818704474586444] - [-0.06022937603975457, 0.32895079559839085, -0.1277531142974099, -0.14096832679834223] - [0.0390462012251679, -0.05332264611904962, -0.037418549674568265, 0.05169516080554166]
A2: [-0.009108530416809703, -0.3468031373387724, 0.24945513606320333, 0.10645672745733795] - [0.08003981117654776, 0.036282241255214946, -0.05025012820620217, -0.066071975576793] - [-0.04245288851166518, 0.23083181487599355, -0.04053131954575462, -0.1478479153436802] - [0.06813457001030576, -0.29346808207749364, 0.1417710143420133, 0.08356162638575643]
B1: 5.806535588322247e-09 - -4.110713481080954e-08 - 3.067124922447591e-08 - 2.136724658738341e-08
B2: 4.190914100899312e-09 - -9.04248413149643e-09 - 2.0608672955522248e-08 - 1.2986372362271638e-08
