Number: 3093
Error: 2.13255152799037e-06
A1: [0.06688943448333537, -0.04450414997346231, -0.020071780070823293, 0.011262350734495765] - [0.04540840079655845, 0.192936391102081, -0.14077975108823595, -0.09058737911791466] - [-0.12180705220225795, 0.4164278277959353, -0.10325723868564379, -0.18543725236034356] - [0.04150319230852696, 0.02356832220282032, -0.02871277839431487, -0.01861622109396882]
A2: [0.06673728822578616, -0.1703466895200629, 0.0895833405635742, 0.02717822523762548] - [0.034025012894152114, 0.2049535915039617, -0.09697595041041646, -0.12323356857464367] - [-0.09704503067983689, 0.5101241344532582, -0.22924523369913352, -0.19861293114184883] - [-0.024702327707806157, 0.019760365956224185, -0.04909532944391958, 0.05816097618017872]
B1: 0.0012496544956433233 - 0.0004728348203149821 - -0.0018761804303103632 - -0.0015664758402048847
B2: 0.00047165663868319627 - 0.00016147847795460607 - 0.0004762037792655419 - 0.001474637503833488
