Number: 2282
Error: 0.0002750681767169626
A1: [0.11830489395145308, 0.01538948176733395, 0.039519706388134866, 0.06683945036647958] - [0.06146922695829068, 0.20355215917303837, -0.13378717747731347, -0.0802174643751043] - [-0.11213859364137647, 0.4382411629222981, -0.08353647060826416, -0.1641414832728065] - [0.0645578502926778, 0.06107236763378832, 0.012858408908434378, 0.014063852732369292]
A2: [0.053953008505676234, -0.18757136964483012, 0.08215234013871728, 0.013954775898911498] - [0.003667947945488365, 0.17602306635757037, -0.12517884804554189, -0.15289574498757685] - [-0.21632545806484116, 0.4054330972375626, -0.3394742302960704, -0.314132555435931] - [-0.08368004199284756, -0.02936078811231735, -0.10591548462830291, 0.0015610269595683832]
B1: 0.0049326966903441094 - 0.01606687218456792 - 0.020450003711592675 - -0.020425147927754985
B2: 0.001438021950142997 - -0.004752006010403945 - -0.020974971313674116 - -0.0060991316672162265
