Number: 8000
Error: 9.623674584435936e-16
A1: [0.08043170868538882, -0.18046778675247055, -0.019588833001233805, 0.11962499573623074] - [0.03741557284547824, 0.13359637903209967, -0.1347261933322793, -0.03628583224170302] - [-0.001702815009504966, 0.22819012050996715, -0.12282837864777704, -0.10365890622224135] - [0.03886325186345262, -0.11448100116702375, -0.04641642397255292, 0.12203424537642997]
A2: [0.03530742600733778, -0.029273492898071532, -0.07569736616587391, 0.06966338989558407] - [0.10289369702934972, 0.28289664716854707, -0.3926064481326067, 0.006815939833587376] - [-0.011187105029852923, 0.5390145856181755, -0.35945102026232495, -0.16837646987481839] - [0.09786277865545763, 0.017463295648709114, -0.16885103026941337, 0.05352485660003143]
B1: -6.016666253719811e-09 - 8.039416161257418e-09 - 6.34675866267159e-11 - 4.429454309380599e-09
B2: 2.181366992640561e-08 - -2.4175686737469947e-08 - 7.366127172547088e-09 - 1.8651264040863706e-08
