Number: 9928
Error: 1.3769729273026357e-15
A1: [0.053172549258217836, -0.14800127185814474, -0.026999048201764703, 0.12182782109960874] - [0.00531376683248316, 0.13083674133343676, -0.11360069676385295, -0.022549716294316832] - [-0.014444466813827966, 0.22309163059588405, -0.12704116984179487, -0.08160592323270871] - [0.027146284966020368, -0.10002021316773368, -0.04942468389875785, 0.12229794482898972]
A2: [0.08925439844580159, -0.07291343301899107, -0.12362748223931219, 0.10728631944017887] - [0.10884180827912546, 0.24981426060544887, -0.4048452116273745, 0.046189560905549244] - [0.036636001496287235, 0.46255518862241174, -0.37771738219092005, -0.12147319722336507] - [0.14342661224801148, -0.044606444941051905, -0.20149936065380855, 0.10268004419804926]
B1: 1.1690937535322396e-08 - 2.908516192648128e-08 - 1.4864309704182603e-09 - -3.343888983686385e-08
B2: 1.3473569215682802e-08 - -3.979924357996355e-09 - 2.135156231968143e-08 - -6.46772980201892e-08
