Number: 8733
Error: 2.564835878260701e-12
A1: [0.0804354153833458, -0.18046408042698284, -0.019585130713145896, 0.1196287020175666] - [0.03742083362092109, 0.1336016358597801, -0.13472094301984802, -0.03628057437449825] - [-0.0017024334099001296, 0.22819050211135705, -0.1228279976015004, -0.10365852472336669] - [0.03886620137661058, -0.11447805989393517, -0.0464134763213009, 0.12203719306145984]
A2: [0.035311556194396104, -0.029269351299554103, -0.07569343923962946, 0.06966771256588507] - [0.10289374645761021, 0.28289669703652653, -0.39260640032845634, 0.006815991589571784] - [-0.011183162551914066, 0.5390185516161681, -0.35944728861572256, -0.16837231556578694] - [0.09786675872850363, 0.017467293818222627, -0.16884724149872363, 0.05352903436415007]
B1: 5.909909407247297e-07 - 1.0295470642852291e-06 - 5.109141707255104e-07 - 5.863096492013878e-07
B2: 2.6806758094952032e-06 - 4.6011222163863936e-08 - 2.190394451748578e-06 - 2.8588230735001927e-06
