Number: 2309
Error: 0.0001395133231260136
A1: [0.09288411752341613, -0.01754271246619786, 0.0019334476923737135, 0.03873153502640498] - [0.004105389978402137, 0.1530464297943498, -0.1840146484230427, -0.1347251005707038] - [-0.0971570399236695, 0.4471027440218551, -0.07439016900627167, -0.15494091176974947] - [0.05768312257504795, 0.04566184928627067, -0.006100038332397925, 0.0025957430080424254]
A2: [0.15259382823891196, -0.08753504727892165, 0.17843943075399654, 0.11283977353586172] - [0.06870008893933545, 0.2375060674891094, -0.06265606620322868, -0.08985449115065693] - [-0.0493785662016956, 0.5521952989963459, -0.18304237439870877, -0.1563142961918618] - [0.026022336987880985, 0.07000891875198513, 0.00264291046739654, 0.10858417338677195]
B1: 0.010301102363367681 - 0.018845885555312553 - 0.020896822893226794 - -0.007618973168870473
B2: 0.026013073435935095 - 0.005145759271346945 - 0.016098643458343994 - 0.010888906944246638
