Number: 1084
Error: 4.643670753306199e-06
A1: [-0.004261429227938243, -0.012031162201661288, 0.006041528520096738, 0.02225379789348685] - [0.0690585307394217, 0.19189330079909256, -0.14461866656389993, -0.10733158308902593] - [-0.09955262755235386, 0.45455961376673265, -0.05824650285553066, -0.24466873390238136] - [-0.01799251918387726, 0.02099092485259504, -0.023229816731797723, 0.0451820523852183]
A2: [0.14060943789022817, -0.21569396170145674, 0.03158279391375765, 0.07925186889838615] - [0.030450860911805214, 0.2017183238443664, -0.11688277409260839, -0.12381137326036766] - [-0.08165274078869549, 0.5685061972947885, -0.22130355621676603, -0.21385284743535662] - [-0.03402781386266723, -0.032622122742242715, -0.0045005967041581415, 0.019128991254710372]
B1: 0.010835492313682528 - -0.004753197556404565 - -8.029231351350057e-05 - 0.012755057206819199
B2: 0.0010075768111552073 - 0.014726759947976602 - -0.002030121007432625 - 0.004996999394313884
