Number: 7131
Error: 9.299982581108937e-16
A1: [0.08043169622447265, -0.1804677992119662, -0.019588845447245914, 0.1196249832767385] - [0.03741559998351301, 0.1335964061495939, -0.13472616624837003, -0.036285805118720746] - [-0.0017027697464854375, 0.22819016577202147, -0.12282833345103657, -0.10365886097130858] - [0.03886323569505666, -0.11448101729003592, -0.04641644013064912, 0.12203422921808252]
A2: [0.03530751855805451, -0.029273400091388856, -0.0756972781698075, 0.06966348675992644] - [0.102893719525826, 0.28289666985593903, -0.3926064263742962, 0.006815963390650008] - [-0.011187160573743922, 0.5390145297430143, -0.3594510728358383, -0.16837652840334666] - [0.09786281479993154, 0.017463331957597927, -0.1688509958621838, 0.05352489453993122]
B1: 3.3695981069143084e-08 - -1.8022284023599485e-08 - -1.4106848694889673e-08 - 1.1397136261874135e-08
B2: -1.5114408206950865e-09 - -2.2790456865274477e-09 - 3.1052663842966106e-08 - -6.2434221126025696e-09
