Number: 2757
Error: 1.4574005013412171e-08
A1: [0.06385346650067887, -0.04745510624295726, -0.02302885065492817, 0.008270938240028076] - [0.0439592607483668, 0.19155783813605662, -0.1422582055576122, -0.09218511540793234] - [-0.12399315607709811, 0.4143158999944323, -0.10540773697297334, -0.18761937312247043] - [0.03757565617147422, 0.01974063601583664, -0.03256046080601882, -0.022482567713653614]
A2: [0.0636281458885396, -0.17349938310229127, 0.08651278818134386, 0.024143982280356215] - [0.029435401852410212, 0.200441987318319, -0.10156528351761321, -0.12773068222783573] - [-0.09287899284606223, 0.5142032815086209, -0.22507380682216957, -0.19458387900028626] - [-0.025799655306341467, 0.01864781665136291, -0.05016113156401705, 0.05710108799137416]
B1: 3.8897937988316146e-05 - 8.617548078880977e-05 - -9.180356131237182e-06 - 0.00018056730993827296
B2: 1.4392806896931293e-05 - 7.740445489095313e-05 - 0.00037012832670980657 - -9.219683187926809e-05
