Number: 1619
Error: 1.743499912458161e-07
A1: [-0.006876453508925284, -0.01467969948631582, 0.003321653452419503, 0.01976525567381414] - [0.06704301460384526, 0.19009281935271338, -0.14651240398038548, -0.1096207392083973] - [-0.1112611189995519, 0.44308166800322923, -0.06940608847243672, -0.25666716536875656] - [-0.023929090540294184, 0.014791758576073268, -0.030505978743111367, 0.0383145872353685]
A2: [0.13161381596704255, -0.2246053882426456, 0.022688785874033408, 0.07018448303661477] - [0.032478740333430844, 0.2035845655788007, -0.1150544921389114, -0.12162094568069214] - [-0.09485988467793774, 0.555307476075481, -0.2354371419988468, -0.22586896093701112] - [-0.021293738340731987, -0.01974805014878484, 0.007645839783848254, 0.03172806038034305]
B1: -0.00036911472954337366 - -0.00024893384343029653 - -0.0004209589507720895 - -0.000464354503704711
B2: 0.00030467930822789365 - -0.0004889070936424265 - -0.00027053918458501826 - 0.0004346964482940664
