Number: 6457
Error: 8.926570940890908e-16
A1: [0.08043169544136063, -0.18046779999499052, -0.019588846229424327, 0.1196249824937152] - [0.03741559752786417, 0.13359640369580086, -0.13472616869912926, -0.03628580757300993] - [-0.0017028132017393274, 0.2281901223176989, -0.12282837684266405, -0.10365890441496492] - [0.03886323196537896, -0.11448102100924894, -0.046416443857950296, 0.12203422549072318]
A2: [0.03530745563088556, -0.029273463192604775, -0.07569733800018415, 0.06966342089984724] - [0.10289375716362234, 0.2828967078131658, -0.39260638997151254, 0.006816002802915324] - [-0.011187089148075093, 0.5390146015947175, -0.3594510052298888, -0.1683764531396151] - [0.09786281639773771, 0.01746333356267406, -0.16885099434118508, 0.053524896217118804]
B1: 2.218177610726423e-09 - 6.187621272959999e-09 - 3.981851898340742e-10 - 2.594605358285071e-09
B2: 5.2349104284945025e-09 - 1.5886822597458869e-09 - 6.636089957051806e-09 - -2.2867725632024556e-09
