Number: 1303
Error: 3.303478483388616e-09
A1: [-0.0070467139382513816, -0.014851424241681782, 0.0031439662966410106, 0.019599395056130287] - [0.06658863420148932, 0.18965526432545757, -0.1469813809481221, -0.11012720707437115] - [-0.11259603118556277, 0.4417755651530712, -0.07079988940015809, -0.25811142266303144] - [-0.023471680213664168, 0.015243995743419683, -0.030038358908360634, 0.03880356576511331]
A2: [0.1315550688041956, -0.22465960832858542, 0.022636491939227617, 0.07013031601792967] - [0.03235683669013672, 0.20346442530241104, -0.11517662447857659, -0.12174060245832072] - [-0.09389353114491497, 0.556257907228947, -0.23448546476483298, -0.22491826668971795] - [-0.021124494631483668, -0.01956947279725854, 0.007823807564480274, 0.031896239833747286]
B1: -0.00019018462001232187 - 0.0001264831083395356 - -7.596798768015796e-05 - -0.00012395684708849613
B2: -7.405102496674238e-05 - -7.738303441344733e-05 - -3.094349649959883e-05 - -5.706206548609087e-05
