Number: 1983
Error: 0.00011668827651238843
A1: [0.044963886216337366, 0.037991344130660035, 0.056964886934484815, 0.07346181758555231] - [0.10343799411420415, 0.22509241398756813, -0.10862171373551932, -0.06895832673021175] - [-0.06770699665709284, 0.4855876220307799, -0.024588775615438714, -0.20941556402374276] - [-0.007812968411502492, 0.030010367576833303, -0.013961255157918373, 0.055659433475332885]
A2: [0.12794819023863754, -0.22915294477926598, 0.01816618665249541, 0.06533552544278806] - [0.040680307648137064, 0.21132760574090304, -0.10709610443253398, -0.11405901758389103] - [-0.10187509799450661, 0.5468105905240594, -0.24305165490505062, -0.2346632938243686] - [-0.02481209368805607, -0.023797941910164995, 0.003776460229830732, 0.027267280713050082]
B1: 0.007007271401891694 - 0.007288289731074618 - 0.007747477309159964 - 0.006077356666019072
B2: 0.0020877607231851534 - -0.013016703059326035 - 0.00430378141301987 - -0.00590334547143796
