Number: 6063
Error: 6.219970030678443e-14
A1: [0.08043317956728253, -0.1804663160375155, -0.019587363878387422, 0.11962646644980791] - [0.03741725261264039, 0.1335980575271148, -0.1347245169130978, -0.03628415340583901] - [-0.0017025576955334992, 0.2281903778192358, -0.12282812170987294, -0.10365864897634854] - [0.03886441063038772, -0.1144798456518605, -0.04641526594382381, 0.12203540342329228]
A2: [0.0353062783416386, -0.02927464373862666, -0.07569845734876515, 0.06966218873891268] - [0.10289239362769301, 0.282895332704465, -0.39260770876420004, 0.006814574981117015] - [-0.01118892682010888, 0.5390127529617548, -0.35945274462376026, -0.1683783895599138] - [0.09786145271576195, 0.01746196367772615, -0.1688522924764416, 0.05352346479428389]
B1: 3.1959323920299204e-07 - 2.7929141200411356e-07 - 1.3281261175461925e-07 - 4.5396669024329946e-08
B2: -1.1050148933889222e-07 - -2.1086881436289265e-07 - 1.2427263185578037e-06 - 9.589932949915792e-08
