Number: 5155
Error: 1.264950430932826e-15
A1: [0.0662131076800095, -0.11395215205748266, -0.023984024223832393, 0.07172279427203118] - [0.03740262520272387, 0.18819338192766108, -0.14740893392578142, -0.07818699732332025] - [-0.060229497615461945, 0.3289506788313522, -0.12775323326431243, -0.14096844512513684] - [0.0390460976466574, -0.05332274443181157, -0.03741864988327386, 0.051695061410432376]
A2: [-0.009108515506580003, -0.34680312152141646, 0.24945515109380595, 0.10645674308985542] - [0.08003982185686283, 0.03628225276103302, -0.05025011653308389, -0.06607196380461032] - [-0.04245285213623213, 0.2308318550223658, -0.04053128056416877, -0.14784787511356712] - [0.06813476289074308, -0.293467869707564, 0.14177122344283338, 0.08356184264063982]
B1: -5.96274542939612e-08 - -3.2082659212172837e-09 - 9.687204834787708e-09 - -2.5180348342258693e-09
B2: 1.9117357143315066e-08 - -2.032488535428552e-08 - 9.299131888243927e-09 - 1.4212874792673188e-08
