Number: 5813
Error: 7.63187139968829e-06
A1: [0.06701945893157903, -0.19398898959907285, -0.03300146484982754, 0.1061878731522988] - [0.011260544164354467, 0.10738229502191904, -0.16098500781712066, -0.06253374751790694] - [-0.00501673457347047, 0.22484925916785703, -0.1260787284946, -0.10694635084363927] - [0.04571637084197649, -0.10767497078805918, -0.0393801306647204, 0.1289896192218702]
A2: [0.036519600617970674, -0.028124917993479534, -0.07444329584654424, 0.07112089141542892] - [0.11903535345266834, 0.2989024759808091, -0.37689672868646135, 0.024053030468348804] - [-0.01515172846665722, 0.5352313049217867, -0.36326343969388947, -0.17278320932260915] - [0.09620642907421494, 0.015879699924347516, -0.170427760530583, 0.0517252007600358]
B1: -0.0022580012640888774 - 0.005634637380083966 - -0.0049095365534738405 - -0.003112225315712403
B2: -0.0015213976573238057 - 0.0028093809980854314 - -0.005805149543358708 - -0.0019487906153766563
