Number: 1717
Error: 1.7833194179623695e-07
A1: [-0.005744445949717424, -0.013549766763433498, 0.004497654472214965, 0.02092182424769243] - [0.06656392133156618, 0.189631838228707, -0.14700734397980547, -0.11015531937908808] - [-0.11253178503653992, 0.44181427701369114, -0.07074240892542713, -0.2580490232768785] - [-0.0234978634615002, 0.015198466401791132, -0.030067406467412294, 0.03876484840919424]
A2: [0.13175823731832115, -0.2244352509352357, 0.022843394265903365, 0.07032672600273045] - [0.03333019905713314, 0.2044231548913744, -0.1142070371110449, -0.12078445015953712] - [-0.09566802905585582, 0.5545351090046955, -0.23621887181490295, -0.22666346493089645] - [-0.019923625206858656, -0.01836870558401995, 0.00901978683106389, 0.03304843399854208]
B1: -8.690801680025825e-05 - 0.0002984746652359212 - 0.000489496781245745 - -0.00032560045831700495
B2: -5.1302127359889214e-05 - -0.00032459254576532026 - -0.0005825443829028678 - -0.00024670495550381305
