Number: 145
Error: 6.671005237590254e-05
A1: [-0.0073826548907136485, -0.00932720268355395, 0.024102599498340684, 0.014294406837730832] - [0.07871648445734634, 0.20190999349016647, -0.13232431645663656, -0.09592960209727795] - [-0.0908609744711201, 0.42767436671847897, -0.047092055095197455, -0.26512964459327454] - [0.002007489647360617, -0.014464529862839623, 0.0005967747189169724, 0.02798023348246022]
A2: [0.17611029221734537, -0.15397377927029599, 0.022738573901332902, 0.011398448793225564] - [0.04488784917278196, 0.21647871102885866, -0.10832335600069844, -0.11711938291336435] - [-0.06136241452056816, 0.6059179174290776, -0.21125002481571503, -0.2360933587345834] - [0.01907575575668386, 0.018174615555762788, 0.023661215474141722, 0.02887677478278045]
B1: 0.008312753166587371 - 0.06733591810597363 - 0.003908781663760736 - 0.0033721733445740525
B2: -0.012841627868693173 - 0.09683987897821196 - -0.012613529273874971 - -0.01115181437029782
