Number: 10
Error: 0.0031630273259459288
A1: [0.05725078019011194, 0.06440170349794565, 0.07793946745447056, 0.05489204759360603] - [0.15558460755815143, 0.2883152674833444, -0.07397079372879509, -0.05821031198119515] - [0.03687768401676244, 0.554278342934626, 0.07546291851577377, -0.13541649294984043] - [0.3478956394279255, 0.34779268494440246, 0.3528366955617517, 0.35396211197585514]
A2: [0.3939809535806472, 0.06048206803341627, 0.22787490470048014, 0.22594850889967655] - [0.18339150413722866, 0.350006081819909, 0.019037922994680954, 0.01318255654181435] - [0.34302462207114864, 1.0096843424674118, 0.17761625177472876, 0.17428737515558207] - [0.6577599233285409, 0.6574099712351819, 0.6554426381293446, 0.6586752917711108]
B1: 0.060801475587597555 - 0.5263127192637006 - -0.06320663877723853 - -0.14545722735009142
B2: 0.05855705259306844 - 0.567213638449623 - -0.11826974389821389 - -0.08675534876759011
