Number: 6912
Error: 8.981457947434157e-16
A1: [0.08043167406103927, -0.18046782137289, -0.019588867584181005, 0.11962496111583554] - [0.037415584020567515, 0.13359639019872782, -0.13472618217951218, -0.03628582107282489] - [-0.0017028288557378224, 0.22819010666403125, -0.12282839247374197, -0.10365892006478544] - [0.038863226218549374, -0.11448102673994928, -0.04641644960111874, 0.12203421974746459]
A2: [0.03530740704438799, -0.029273511913486767, -0.07569738419560004, 0.06966337004880066] - [0.10289377789862295, 0.28289672872414695, -0.3926063699168898, 0.006816024515489078] - [-0.011187178412249206, 0.5390145117981131, -0.3594510897203571, -0.16837654720041248] - [0.09786279623595194, 0.017463313309177213, -0.1688510135338942, 0.05352487505379925]
B1: 2.3152972736373856e-08 - 4.292298421324849e-09 - -1.1950364580934782e-08 - 2.9257871059727895e-09
B2: -1.3489822945992902e-10 - 2.7465108073614915e-09 - 8.039423444064175e-09 - 2.0940710003290515e-09
