Number: 3715
Error: 1.8762613035933324e-15
A1: [0.06621292853192472, -0.11395232720212951, -0.023984203231319445, 0.07172261542463337] - [0.03740266288370231, 0.18819341792915337, -0.14740889688258882, -0.07818696027678596] - [-0.060229567944441, 0.32895061128468905, -0.12775330208397503, -0.14096851357487025] - [0.03904600352418157, -0.05332283376938723, -0.03741874094358482, 0.051694971089606905]
A2: [-0.009108631687283715, -0.3468032447710942, 0.24945503397335356, 0.1064566212806232] - [0.08003998910084545, 0.03628243293077498, -0.05024993374500387, -0.06607177946428544] - [-0.04245264041875176, 0.230832088687033, -0.04053105367934128, -0.14784764096207473] - [0.06813481923644349, -0.29346780766851566, 0.1417712845274106, 0.0835619058144779]
B1: 6.206923873955004e-08 - 3.7605070036192395e-08 - -1.0021324109614414e-07 - -2.1040879740242584e-08
B2: 4.7039494000015406e-08 - 5.510401571641532e-08 - -1.6255583213124534e-08 - -8.627898187913592e-08
