Number: 2784
Error: 2.527717163022098e-09
A1: [0.06299992102974294, -0.048305372641159014, -0.023874541000820655, 0.007423635981030093] - [0.04365201057934044, 0.1912612231043277, -0.14257458308313847, -0.09252300060807543] - [-0.12332701673511397, 0.41497950264618955, -0.10473966312817805, -0.1869535461645066] - [0.03667428436091885, 0.018838128447596875, -0.033460575639581935, -0.023378111836468558]
A2: [0.06360431603378357, -0.17352349920747662, 0.08648785385866668, 0.024120014614269897] - [0.02926966643700427, 0.200278718255745, -0.1017304064886986, -0.12789289833236553] - [-0.09320624006445019, 0.5138818596073119, -0.22540206304719337, -0.19490099217100476] - [-0.025470209085243237, 0.018975430458951108, -0.04983073609596184, 0.057421634605813454]
B1: 0.00012158299412505446 - -1.7099241758123334e-05 - 2.099183081272038e-05 - -6.486385496383811e-05
B2: 1.5812667472928556e-05 - -0.0001220180339554636 - -1.9236314865719242e-05 - 0.0001228646903559063
