Number: 1338
Error: 3.7235287466002603e-10
A1: [-0.007244623849493206, -0.015051356400385057, 0.0029380281009739407, 0.019396076718369588] - [0.06672196208324822, 0.18978358947082608, -0.14684352526584743, -0.10997888709181038] - [-0.11250506802866887, 0.44186436793691797, -0.07070549967824154, -0.25801291110114166] - [-0.023477104365530695, 0.015238351134920875, -0.03004433244303542, 0.03879783859271164]
A2: [0.13174642517165008, -0.22447089100882966, 0.02282451309585666, 0.07031726074328831] - [0.0327682830043888, 0.2038692801930728, -0.11476686777581048, -0.12133810324841926] - [-0.09427225870477074, 0.5558852407611369, -0.23485766784693143, -0.22529057385290382] - [-0.020860845338540164, -0.01930904759275409, 0.008085090884959813, 0.0321494395285207]
B1: -2.957642104758728e-05 - -1.731179439749448e-05 - 1.0574028420886532e-07 - -9.937326292984033e-06
B2: -3.9068121497661486e-05 - -2.48032647994368e-05 - -1.0421528295586585e-05 - 2.1129397886263102e-05
