Number: 3989
Error: 9.977442620573435e-16
A1: [0.06621315778893572, -0.11395210306828824, -0.023983974154193618, 0.07172284429690702] - [0.03740265886533291, 0.18819341408993745, -0.14740890083291203, -0.07818696422749154] - [-0.06022942156809367, 0.32895075187094147, -0.12775315884874433, -0.14096837111004515] - [0.03904611364134267, -0.05332272925031022, -0.03741863440897757, 0.05169507675913902]
A2: [-0.009108642047989281, -0.3468032557620571, 0.24945502352880491, 0.10645661041810861] - [0.08003975842868301, 0.03628218443064335, -0.050250185856633524, -0.06607203371674529] - [-0.04245282164412959, 0.23083188867520069, -0.040531247887824924, -0.14784784139065238] - [0.06813471115858419, -0.2934679266669822, 0.14177116736043666, 0.08356178463919442]
B1: 8.749904944517004e-10 - -3.098099888840925e-08 - 1.659420609861685e-08 - -8.044731298774051e-09
B2: -1.4019196954923497e-08 - 7.442368019838133e-09 - 8.233171663404044e-09 - -2.0701606695339282e-08
