Number: 5541
Error: 1.1139244137328833e-11
A1: [0.06620914119689694, -0.11395602974751179, -0.023987987463259825, 0.07171883454261335] - [0.03741070138099146, 0.18820109832890256, -0.1474009943161405, -0.07817905705315187] - [-0.06023912237929525, 0.3289414342509449, -0.12776265159776032, -0.14097781274768942] - [0.03903894488198969, -0.05332953411031929, -0.03742557007568029, 0.051688197495253024]
A2: [-0.009068734067845986, -0.34676091961672584, 0.24949525304802775, 0.10649845026385599] - [0.08004963691562829, 0.036292826441286334, -0.050239389458819034, -0.06606114566990032] - [-0.0424370735307751, 0.2308492693333115, -0.04051437254622934, -0.14783042569186491] - [0.06815726390102599, -0.2934430950962008, 0.14179561567984197, 0.08358706924024013]
B1: 5.103355263529141e-07 - -4.87469210879682e-06 - -3.139173368265108e-06 - -4.158204914692441e-06
B2: 9.770267459341406e-07 - -8.046533952174553e-06 - -2.2282682424989114e-06 - -4.835645762349301e-06
