Number: 961
Error: 1.7268403931443318e-05
A1: [-0.013456435214385004, -0.015861262465325456, 0.01664238125739294, 0.007185694560472841] - [0.06489324357569456, 0.18858825017887632, -0.14629732518352262, -0.11105866217128385] - [-0.09498177098977484, 0.4230485433361159, -0.05203753660885489, -0.27051013878322244] - [-0.0021060637906939027, -0.018979508375065998, -0.0046749073675726414, 0.022465178731056305]
A2: [0.16098956257005886, -0.16834227794190354, 0.00791513229371427, -0.0029141766890089698] - [0.03537821276300754, 0.2074110047893757, -0.11731763332996428, -0.12589710984231156] - [-0.08695069143722392, 0.5808194411887042, -0.23610684548243904, -0.2606548070212165] - [-0.0051644822335700025, -0.005820590499103402, -0.00020618024934274435, 0.005970036108208655]
B1: -0.0012811972101175006 - -0.001749373478499698 - -0.0009317903410239372 - -0.00042789879614346465
B2: 0.003520848796015991 - 0.0037233678800406723 - 0.0022140055196629748 - 0.0029243828422017477
