Number: 1742
Error: 4.770386372994584e-07
A1: [-0.007350532798723244, -0.015170999372337488, 0.00284661811847563, 0.019265733307552695] - [0.0650622081464693, 0.18818833695643986, -0.14856242379053106, -0.11182423852602624] - [-0.11410638247275688, 0.4402770651025429, -0.07240591727170799, -0.259742338751058] - [-0.02534279989344977, 0.013395456722820076, -0.03197903332225793, 0.03682956228977409]
A2: [0.13356578214711384, -0.22266459100251185, 0.02461913764107502, 0.07209709226140104] - [0.032768571299081624, 0.20387140713378527, -0.11476592600429902, -0.12133330157127221] - [-0.09039691620192143, 0.5597350073288745, -0.23100807972603374, -0.22144191322753679] - [-0.019559169132347756, -0.018022988206290582, 0.009366459512160516, 0.03338798166170786]
B1: 9.185564626203624e-05 - 5.3924824433991894e-05 - -0.00010729382983018 - 0.000385589763387842
B2: 0.0006209037939863367 - 0.0012480108459056705 - 0.00034946373054981183 - 0.0004288904586709803
