Number: 8401
Error: 9.99786984089427e-16
A1: [0.08043166440185025, -0.18046783103098965, -0.01958887723186302, 0.11962495145773375] - [0.03741559754837429, 0.13359640371630943, -0.13472616867852488, -0.03628580755243981] - [-0.001702835770372517, 0.22819009974954305, -0.12282839937825177, -0.10365892697756267] - [0.038863206618632004, -0.11448104628484776, -0.04641646918855229, 0.1220342001597365]
A2: [0.035307464021811306, -0.029273454778427688, -0.07569733002211262, 0.0696634296817754] - [0.10289377872996737, 0.2828967295625751, -0.39260636911275304, 0.0068160253859652796] - [-0.011187096496795482, 0.5390145942020999, -0.35945101218559217, -0.16837646088325844] - [0.09786277742059105, 0.017463294408203812, -0.16885103144494795, 0.05352485530383457]
B1: 2.3619386011859254e-08 - -1.0941437832370743e-08 - 4.0178933680071726e-09 - 4.660046868177437e-09
B2: -1.8909698724197487e-09 - 2.7076826582755212e-08 - 1.3343412882589542e-08 - -4.562726335708414e-09
