Number: 475
Error: 1.834407316626411e-12
A1: [-0.012154806017508398, -0.0145186205217978, 0.018085722552530395, 0.008581588299322884] - [0.06583624458249031, 0.18949623166612692, -0.145321526876958, -0.11000743715802629] - [-0.09629367419813988, 0.421785509929146, -0.053457984440368686, -0.27203643338855216] - [-0.0013229354676247305, -0.018220625058243168, -0.0038366383963421027, 0.023375084782431978]
A2: [0.16158607865302616, -0.1677554033574271, 0.008500704732113597, -0.0023336954320381594] - [0.03548796593999523, 0.20751892815930245, -0.11720819119493166, -0.12578983588640763] - [-0.0862120800208603, 0.5815395564242332, -0.2353873014543853, -0.2599341398988844] - [-0.003833022446946977, -0.004517377281924586, 0.0011121818250916598, 0.007245253475799703]
B1: -2.396843228849761e-06 - -1.6098604935931837e-06 - 8.837703503186671e-07 - -8.62415418345324e-08
B2: 2.3962684624781416e-06 - -1.2319795452026442e-06 - 8.406843645889164e-07 - -5.374836566540379e-08
