Number: 3344
Error: 3.160167893218691e-07
A1: [0.062158134071361636, -0.11793711474313547, -0.028085782285632313, 0.06763914626074538] - [0.03456328608960357, 0.1854638412306345, -0.1502119147761273, -0.0809891570401715] - [-0.04493024768323151, 0.3437656875336324, -0.11263562304076498, -0.12596317590048509] - [0.039289926045796744, -0.053105484628081095, -0.0371991525773359, 0.05191022422580597]
A2: [-0.009172058405085901, -0.3468621383420214, 0.24950691466884362, 0.10640738653011286] - [0.07916963189716361, 0.03535571121599088, -0.05124104545584852, -0.0670352499613512] - [-0.043616919873423324, 0.22950964888808417, -0.04181963970868712, -0.14917344385522813] - [0.0660592210287774, -0.29577159958991156, 0.13950947553585266, 0.08121674904432812]
B1: 0.0012737827350815017 - 0.00016599696954782155 - -0.0012077261713864598 - -0.00029872629911462865
B2: -0.0009536887505103568 - 0.0013474426252334786 - -0.00014985481920445313 - 0.0009625736396573797
