Number: 1793
Error: 1.302782841703599e-07
A1: [-0.009825972280689073, -0.017661238989336785, 0.0002818543966437632, 0.016719923715999244] - [0.0674271875895174, 0.19046854712980985, -0.14611760659614478, -0.10919308439604554] - [-0.1142091404275686, 0.440212724504194, -0.07252805231726274, -0.2598500237720463] - [-0.025339911971023227, 0.013443902276381484, -0.03200687070833344, 0.0368401184439458]
A2: [0.1326783596964019, -0.22355959101744804, 0.02376425412720921, 0.07125193768100717] - [0.032591387213787605, 0.20370021410451863, -0.1149441723981679, -0.12150970927755793] - [-0.09498354263182196, 0.5552107634620069, -0.23547791496217535, -0.2258887765876859] - [-0.019776431199366236, -0.01826076641721698, 0.00916114785087552, 0.03318978662167133]
B1: -0.0004179426764282483 - 0.00047991652647185986 - -0.00011164277783779576 - -0.0003059464036364688
B2: -0.0008523820153663358 - 0.0004210539881149356 - 5.1495263630062544e-05 - 0.00025882494921614286
