Number: 8793
Error: 3.4811047809678224e-06
A1: [0.08001808823225336, -0.18088138991963038, -0.020001898318591806, 0.11921142095046716] - [0.03654092813652511, 0.1327222235635054, -0.13559897773124402, -0.037160043092962364] - [-0.001236596556598035, 0.2286564331895219, -0.12236293910688298, -0.10319275154460941] - [0.0383101385450516, -0.11503256533957641, -0.04696918967531935, 0.12148147413904133]
A2: [0.03412433608956919, -0.030460006839487, -0.07682232889426191, 0.06842525716048722] - [0.10176582030355169, 0.28175907637404185, -0.39369738375248753, 0.005634923400950309] - [-0.011163686709476078, 0.5390379957671723, -0.3594288977435266, -0.1683516252722403] - [0.09648773215473, 0.016081878332775232, -0.1701600862566627, 0.052081600094296236]
B1: 0.0004519557968251681 - 0.0005586636561352284 - 5.6249651501976685e-05 - 0.0005673265787110261
B2: -0.0013338740151277327 - -0.0011892764191073141 - -0.001954841083967773 - -0.0012680119592212579
