Number: 6844
Error: 1.2599085755130888e-15
A1: [0.08043166752223041, -0.18046782791095833, -0.019588874115172388, 0.11962495457777322] - [0.03741555548171699, 0.1335963616814773, -0.13472621066149942, -0.036285849595866775] - [-0.001702862221976935, 0.22819007329850427, -0.12282842579112768, -0.1036589534221196] - [0.038863197034636324, -0.11448105584196117, -0.04641647876643603, 0.1220341905816896]
A2: [0.03530742888743822, -0.02927349001002134, -0.07569736342750477, 0.06966339290992038] - [0.10289374512158132, 0.2828966956689221, -0.3926064016184158, 0.006815990193134909] - [-0.011187057058952007, 0.5390146338752332, -0.3594509748568265, -0.1683764193261973] - [0.09786281680635228, 0.017463333973145437, -0.16885099395220426, 0.05352489664602324]
B1: -1.6615862098759931e-09 - -1.6054887311589574e-08 - 1.3581219522943932e-08 - -5.992321173750252e-10
B2: 8.89628752106676e-09 - -1.8691077402065352e-09 - -1.2132001509977346e-08 - -2.0683189892769114e-09
