Number: 5089
Error: 1.309177240905286e-15
A1: [0.06621330220784996, -0.11395196187662537, -0.023983829848635854, 0.07172298847342604] - [0.037402572786779414, 0.1881933318477454, -0.1474089854546966, -0.07818704885679034] - [-0.06022932852084958, 0.3289508412377056, -0.12775306779817527, -0.1409682805489709] - [0.039046184286544314, -0.053322662196397745, -0.037418566061973746, 0.05169514455115162]
A2: [-0.00910845835618266, -0.3468030608939628, 0.2494552087067297, 0.1064568030087941] - [0.08003977590577457, 0.03628220325859736, -0.05025016675496981, -0.06607201445291207] - [-0.042452885391724864, 0.23083181831967578, -0.04053131620195516, -0.14784791189279922] - [0.06813472940932719, -0.29346790657192195, 0.14177118714594356, 0.08356180510189486]
B1: 6.346251718280354e-08 - 3.578059855367965e-08 - 2.0437231652775672e-08 - 2.210640799951625e-08
B2: 3.4555438876653016e-08 - -3.339542992994894e-09 - 8.970446965756801e-08 - -6.882454460368705e-08
