Number: 1861
Error: 1.2947138320786212e-07
A1: [-0.004892922196857188, -0.01265197523336031, 0.00542456843230082, 0.021801458062535934] - [0.06900569317857602, 0.19198630878887954, -0.1444804288905406, -0.10743708781247754] - [-0.11361169514385977, 0.4407988006272773, -0.07191620717095694, -0.25920429460226035] - [-0.023563885311055324, 0.015185507642527966, -0.030205519358584097, 0.03871112727681489]
A2: [0.13241709928868525, -0.22385318601491871, 0.023461690491225175, 0.0709513234713274] - [0.03276985784778077, 0.2038847702753099, -0.11476338871832334, -0.12132761932592342] - [-0.09338481619873454, 0.5567651644885471, -0.23392701104499655, -0.22432257535769615] - [-0.019192047223515498, -0.017705324760107666, 0.009704602156910625, 0.03372104413692875]
B1: -0.00040945045175917467 - 0.000933354779399238 - -0.0007850629044723219 - -0.00013910246382812453
B2: -0.0008940895881134048 - 0.0011077576317065684 - 0.0003682650926589154 - 3.9285895424014924e-05
