Number: 1002
Error: 0.0010754954327465822
A1: [0.06358776315566539, 0.061462943654764755, 0.09505127583456588, 0.09001149412543878] - [0.045026940173851684, 0.16912154227625784, -0.16733868684678974, -0.13312338343206367] - [-0.056851879892192356, 0.4593384554539121, -0.01919900744048393, -0.2262949343420393] - [0.07042297203755021, 0.05265113142554636, 0.06372607843198747, 0.10534999691773153]
A2: [0.12953831074545835, -0.20177716279370336, -0.0195060643985165, -0.028731289830668715] - [0.021858424197514874, 0.19341056368876647, -0.13013704188104294, -0.13826023744340948] - [-0.048534105094450226, 0.6181408957310843, -0.1939181893202951, -0.2193569075256534] - [0.027536678703990874, 0.028383378725720596, 0.035081923344312115, 0.039872842905757336]
B1: -0.029123274289828822 - -0.023541593793974355 - -0.053452115285035844 - -0.0387033393483705
B2: -0.0011105927800232826 - 0.004568746686940704 - -0.002746007920049913 - -0.01289005783433022
