Number: 6153
Error: 8.019273349889967e-16
A1: [0.08043162333213127, -0.18046787209604925, -0.01958891825243136, 0.11962491039272458] - [0.03741553693616664, 0.13359634314996613, -0.13472622917009658, -0.0362858681311395] - [-0.0017029274948287137, 0.22819000802705058, -0.12282849096840932, -0.10365901867755203] - [0.0388631174786111, -0.11448113517471775, -0.046416558271766536, 0.12203411107511139]
A2: [0.035307484825909834, -0.029273433916831116, -0.07569731024194873, 0.06966345145562941] - [0.10289380933293747, 0.2828967604252516, -0.3926063395140485, 0.006816057431835804] - [-0.01118704063750081, 0.5390146503946435, -0.3594509593136141, -0.16837640202230442] - [0.09786282199490343, 0.01746333918529973, -0.16885098901305087, 0.05352490209232416]
B1: -1.7612546030074945e-08 - 1.0496314042311131e-08 - -3.1499003673245365e-08 - -1.2633566046454451e-08
B2: 2.904841832677284e-08 - 2.6993450137690857e-08 - -9.72375436474758e-08 - -1.2443130290819248e-08
