Number: 1076
Error: 1.2550597641052258e-05
A1: [-0.008368132116914341, -0.016440429835283425, 0.0015996666225892146, 0.01773335239462588] - [0.07313686983066203, 0.19582021967798496, -0.14055886347616398, -0.10286127576113585] - [-0.11506916250746296, 0.43848584389704354, -0.07644438591410083, -0.2623243944959333] - [-0.010953396080281681, 0.028263458675268593, -0.014413095685788349, 0.05305330190362597]
A2: [0.14626905372955706, -0.20986521014249535, 0.03648521646483608, 0.08546984582635506] - [0.021369429680137372, 0.19280429428499055, -0.12579322042141372, -0.13275172505205093] - [-0.07276736605477882, 0.5774456110900468, -0.21103432650598294, -0.20652801442135532] - [-0.006329624993029969, -0.005292248606946009, 0.022769256846828696, 0.045867285266469174]
B1: 0.005223730523671238 - 0.008674790524624453 - 0.0052089623326913425 - 0.005152120271086828
B2: -0.001804705135001419 - 0.013872387099082735 - 0.0032277761826983967 - -0.00022076516605288752
