Number: 2956
Error: 2.6640683810614397e-08
A1: [0.06271009538866798, -0.04859351948213868, -0.024161440432064366, 0.007135055502995314] - [0.04356023940438445, 0.19117286663329164, -0.14266875173039859, -0.0926225898078068] - [-0.12384390507373728, 0.41446573106929857, -0.10525878201900439, -0.18746991321083903] - [0.03665581983577526, 0.01882054506782119, -0.033480582358051736, -0.023397142402604897]
A2: [0.06424438148720488, -0.17288728600050954, 0.08712474357231574, 0.024749838227304054] - [0.02891104989519066, 0.1999251772025337, -0.10208814701536988, -0.12824430442521043] - [-0.0935462043474898, 0.5135480185216811, -0.22574025019441707, -0.19522788478157604] - [-0.026053597419048672, 0.018393078426043773, -0.05041382239075705, 0.056855823410209554]
B1: -7.535972194281932e-05 - 5.9273811881663434e-05 - -2.651539543508012e-05 - -5.874512004512665e-05
B2: 2.164703445296101e-06 - -0.0005377503177774366 - -2.0103367789644464e-05 - -9.534729427247773e-05
