Number: 5445
Error: 7.226639927324987e-16
A1: [0.06621309946863355, -0.11395216008530432, -0.023984032428745843, 0.07172278607444435] - [0.037402625311660886, 0.18819338203184865, -0.14740893381862696, -0.07818699721616776] - [-0.06022931977124776, 0.32895084964091464, -0.1277530592362282, -0.1409682720329311] - [0.03904624083169727, -0.05332260852561309, -0.037418511356186054, 0.05169519881273725]
A2: [-0.009108806606676895, -0.3468034303320042, 0.24945485763828387, 0.10645643788814428] - [0.08003983509085338, 0.036282267017863634, -0.05025010206881389, -0.06607194921779129] - [-0.04245291701981446, 0.23083178341314853, -0.040531350096133886, -0.14784794687205072] - [0.06813460236636834, -0.2934680464511418, 0.14177104941914284, 0.08356166266410099]
B1: -4.313916089265874e-08 - 2.0853147477186073e-07 - 1.5628893967474623e-08 - -1.492382688978661e-08
B2: 6.155927089086034e-08 - 8.63202672711349e-08 - 2.3846334074098513e-08 - 1.2390428288306839e-08
