Number: 7912
Error: 8.543648845907956e-16
A1: [0.08043169593048942, -0.1804677995059284, -0.01958884574088295, 0.11962498298278672] - [0.037415659059606414, 0.13359646518096746, -0.13472610728996165, -0.03628574607534429] - [-0.0017028122324734723, 0.22819012328693755, -0.12282837587481245, -0.10365890344595188] - [0.03886325824510525, -0.11448099480328523, -0.04641641759497414, 0.12203425175411221]
A2: [0.035307287242225434, -0.029273632046970883, -0.07569749810215072, 0.06966324466303365] - [0.10289361847312932, 0.2828965679456315, -0.3926065241112015, 0.006815857573820177] - [-0.01118708822285525, 0.5390146025254324, -0.359451004354112, -0.16837645216472027] - [0.09786270917058705, 0.01746322584779596, -0.16885109641458998, 0.053524783663631254]
B1: -3.433371649220602e-09 - 2.2267296145796124e-08 - 2.3107854267813237e-08 - 2.1533571678830817e-08
B2: 1.6155257589478998e-08 - 1.835276435870723e-08 - 3.071561937839463e-08 - 1.8041777032061615e-08
