Number: 830
Error: 1.0489665859472751e-11
A1: [-0.012151873665716136, -0.014515608702517582, 0.018088963618728453, 0.008584721822768268] - [0.06583893319539019, 0.18949881800763926, -0.14531874708554118, -0.11000444365844944] - [-0.09629739506624571, 0.42178191370702744, -0.05346202211314945, -0.2720407684638031] - [-0.0013030118742856755, -0.018201464121232476, -0.003815430500005585, 0.02339811319941969]
A2: [0.16158468357714606, -0.16775677215014081, 0.008499337677626067, -0.0023350553723866744] - [0.03548638359321814, 0.20751737123510844, -0.1172097669208867, -0.12579138381373373] - [-0.08621558103804905, 0.5815361271466548, -0.23539070814879348, -0.259937553745546] - [-0.0038384588940675287, -0.004522723349511889, 0.001106801017536699, 0.007240052303753691]
B1: 2.6972657768831516e-07 - 1.604499408614272e-07 - 8.456067128716208e-07 - -7.228194536033177e-07
B2: -1.594562035144985e-06 - -3.7150260232048787e-06 - -2.882920369211066e-06 - 1.0905765467202185e-05
