Number: 9001
Error: 0.0002970943629922411
A1: [0.09434816565801167, -0.13543750811804794, 0.013935055663058457, 0.15490308771245703] - [0.11843593931141591, 0.24246906474416502, -0.003645252184508556, 0.08926985159579544] - [0.061810000922868105, 0.30499088686270387, -0.02865439946858701, -0.00018435833267566037] - [0.12277186332512922, -0.006218325346204888, 0.05090755321553112, 0.21837397514892948]
A2: [0.055241337372618826, -0.07553470877105223, -0.13288427018542198, 0.0996027860619999] - [0.08970800728830712, 0.22068116382485686, -0.4359991084719978, 0.013664183876551439] - [0.02755672612120788, 0.47911439187768795, -0.3939697987798792, -0.11668173006643875] - [0.1129026389971583, -0.0547637311287653, -0.22443531446677834, 0.08570661515020699]
B1: -0.0064636707586542145 - 0.0078086756605299495 - -0.006931800475456626 - -0.005252978265378863
B2: -0.023680868289334807 - 0.008567552656422405 - 0.0435553504201344 - 0.0008951430052943988
