Number: 3003
Error: 9.657413351441832e-09
A1: [0.063307842232423, -0.047996308024191664, -0.02356788025752187, 0.0077283513823930275] - [0.04326564882384019, 0.19088852710686222, -0.14297132403264257, -0.09294576308161735] - [-0.12336839992504232, 0.414943461567961, -0.10477731052770435, -0.18698922528613235] - [0.03614553152205098, 0.01831104510216867, -0.03399006976955275, -0.02390609380785497]
A2: [0.06324419539696277, -0.17388439766839767, 0.0861294103582914, 0.023761359653501908] - [0.029356779700866864, 0.2003645971706322, -0.10164389650944891, -0.12780840041912392] - [-0.09334009604600116, 0.5137492537926468, -0.22553531104759064, -0.19502860019446006] - [-0.025931875814211913, 0.018510615404881758, -0.05029713214395791, 0.05697325765755733]
B1: -6.29457619876257e-05 - 0.00019361994896412293 - -0.00019754119781767367 - -0.0002689278008816904
B2: -9.719844294517437e-05 - 7.924734544957623e-05 - -0.00026806347867496596 - 9.942644394614636e-05
