Number: 2041
Error: 0.00011876016486809748
A1: [-0.03192068351832422, -0.042735343508645586, -0.025785982867654135, -0.006702582659286062] - [0.04087524199653241, 0.16582052064059383, -0.17390732255386365, -0.13897245409588582] - [-0.20155565047608748, 0.34980260601909, -0.1663314276609898, -0.3548233502652272] - [-0.04504714578953509, -0.0019000687806743494, -0.051055061587441886, 0.013836310248397543]
A2: [0.07968571621810064, -0.27338507046523247, -0.03162872736324802, 0.024547409972242907] - [0.0009402716037812692, 0.17185450039807695, -0.1465196853378511, -0.15263686842210333] - [-0.11287721546123153, 0.534674260390903, -0.251860477053782, -0.2443227443235173] - [-0.021506274962828267, -0.019037301313867015, 0.0013115474348909875, 0.03907656541447041]
B1: -0.001414334763307614 - 0.02677531244560924 - -0.017503441016199474 - -0.016489070380060613
B2: 0.006310976437735741 - -0.02577339475276125 - -0.01419260883127239 - 0.0075315800808235436
