Number: 8271
Error: 9.215379459784007e-16
A1: [0.08043169306539258, -0.18046780237071514, -0.019588848602608525, 0.11962498011798442] - [0.03741563508706417, 0.13359644122661948, -0.1347261312146126, -0.03628577003452875] - [-0.001702806515147737, 0.22819012900413424, -0.12282837016586856, -0.10365889773016233] - [0.03886324469850566, -0.11448100831186385, -0.046416431132960734, 0.12203423821592349]
A2: [0.03530747798403654, -0.02927344077757805, -0.07569731674699283, 0.06966344429474225] - [0.10289368604593101, 0.28289663609191995, -0.3926064587556411, 0.006815928332373373] - [-0.011187043097144968, 0.5390146479202451, -0.3594509616415556, -0.16837640461429837] - [0.09786284959535106, 0.01746336691125668, -0.16885096273910893, 0.053524931063686575]
B1: -1.6161185573057968e-08 - -8.800121765537977e-09 - -6.729855280882581e-09 - 1.6457253921935413e-08
B2: -6.33960614387246e-09 - 1.2705851855529475e-08 - 1.539873756741621e-08 - -9.907731567548062e-09
