Number: 2650
Error: 1.3108464499434266e-08
A1: [0.06263465528735083, -0.048669027811450424, -0.02423580052651089, 0.007062919726133693] - [0.04343625310214212, 0.19105217415043985, -0.14279701680760093, -0.09276053019767129] - [-0.12443513892705835, 0.4138778673818191, -0.10584657570735913, -0.18805535004502544] - [0.036236270236759786, 0.018400481511471497, -0.03389669400832762, -0.023811978195732712]
A2: [0.06276884936612397, -0.1743564284746897, 0.08565787980023984, 0.023295840139257815] - [0.028929062894301524, 0.1999430856810719, -0.1020699992687996, -0.1282263638676887] - [-0.09323511308009688, 0.5138540022007603, -0.22543270880323785, -0.19492796070575322] - [-0.025161789748011042, 0.019283768107980388, -0.04952578737989795, 0.05772327740791592]
B1: 0.0001330317565585004 - -0.00041155021571871595 - 4.81793025076892e-05 - 6.645821799102883e-05
B2: 5.125179306839442e-05 - -0.00029714815138365985 - -3.187634824252521e-05 - -9.731061049927001e-05
