Number: 4665
Error: 1.063976344908006e-15
A1: [0.06621311629495517, -0.11395214363503818, -0.023984015615638798, 0.07172280287253112] - [0.03740254283318726, 0.1881933032290943, -0.14740901490140276, -0.07818707830609495] - [-0.06022940758670591, 0.32895076529922396, -0.12775314516745015, -0.14096835750213793] - [0.039046127517193885, -0.05332271607983944, -0.03741862098454362, 0.05169509007456248]
A2: [-0.009108609720587111, -0.34680322146767, 0.24945505611758242, 0.10645664431156988] - [0.08003972156045507, 0.0362821447130906, -0.05025022615137748, -0.06607207435365019] - [-0.0424528444299627, 0.2308318635274074, -0.04053127230587079, -0.147847866590815] - [0.06813480985040724, -0.2934678180030299, 0.14177127435159875, 0.08356189529093969]
B1: 5.8057891727233246e-09 - -7.0156329011121396e-09 - 1.3806555931368904e-08 - 3.4056873806158354e-08
B2: 2.696203582040634e-08 - 1.887487318334245e-08 - -5.7212090162954745e-08 - 2.4777974782296704e-08
