Number: 3461
Error: 1.7076612985058617e-09
A1: [0.0659924628120489, -0.11416791256211077, -0.02420455849463243, 0.07150249210276823] - [0.037007877646925, 0.187816237588078, -0.14779691667703765, -0.0785750807446023] - [-0.06030251898728515, 0.32888053942512097, -0.1278246318458137, -0.14103959278212738] - [0.038696085726936884, -0.053654876575124556, -0.03775709279367623, 0.05135923412732857]
A2: [-0.009269005935687987, -0.3469733042448234, 0.24929339264879485, 0.10628865247893104] - [0.08006075881365085, 0.036304800550599696, -0.050227244767802035, -0.06604885204596518] - [-0.042216362925227985, 0.231092706408945, -0.04027790576728159, -0.14758643029736163] - [0.06800755446758332, -0.2936079272523867, 0.14163340939977834, 0.08341929173928343]
B1: -5.7547668046003685e-05 - -4.330070003192502e-05 - -9.62093318133833e-05 - -4.836199315680256e-05
B2: -0.0002366476258140887 - 0.0001890369937788291 - -1.3250386734386021e-05 - -0.00012838183545993138
