Number: 108
Error: 0.0003342844743705325
A1: [-0.06276658650987577, -0.06782429126551784, -0.03753890898840068, -0.044406143940836855] - [0.09944369478690758, 0.2238764754303318, -0.11219609875039802, -0.07514895373066782] - [-0.15718101897701664, 0.36375851648970575, -0.11923084527981058, -0.342307403824262] - [-0.06002285575880166, -0.07363104101308277, -0.0654353842382867, -0.0434403014819774]
A2: [0.24017503704179924, -0.09109058780573165, 0.08550366277621697, 0.07390121051566804] - [0.08791814794096528, 0.2574675975491145, -0.06770763729926889, -0.07707569442727197] - [-0.009406459410966232, 0.6577993307410785, -0.16084695474369315, -0.1855710888406416] - [0.10677786752038367, 0.10649987452385372, 0.11085737793475725, 0.1131371185641954]
B1: 0.0012719668529856095 - 0.25853753431798804 - 0.0041592776632402295 - -0.004852362434818196
B2: 0.009853490175141165 - 0.26383755577782425 - 0.010095260789410945 - 0.008126954415643251
