Number: 5343
Error: 1.5064959567811523e-15
A1: [0.06621316470855632, -0.1139520963032824, -0.023983967240007044, 0.07172285120489341] - [0.03740258973380818, 0.18819334803956267, -0.14740896879440774, -0.07818703219503167] - [-0.06022945290161692, 0.32895072177631984, -0.12775318951014314, -0.14096840160626609] - [0.03904605937120928, -0.05332278076137206, -0.03741868691341875, 0.05169502468092546]
A2: [-0.009108747255375464, -0.3468033673698945, 0.24945491746984014, 0.10645650011441585] - [0.08003992749225299, 0.03628236656047915, -0.05025000107975233, -0.0660718473709813] - [-0.04245286912658143, 0.23083183627087323, -0.04053129877161473, -0.14784789390411993] - [0.06813471005959136, -0.2934679278767173, 0.1417711661689546, 0.08356178340749718]
B1: 2.6190184210536194e-08 - -6.217022008924795e-08 - 2.9222260717748898e-08 - 3.3309653287534715e-08
B2: 1.2750312169894003e-08 - 7.635962424792546e-09 - 6.742204989713995e-08 - -4.260674610620856e-08
