Number: 5314
Error: 7.725293943408997e-16
A1: [0.06621321446698869, -0.11395204765677275, -0.02398391752063444, 0.07172290087980694] - [0.03740264233065215, 0.1881933982922939, -0.14740891708768092, -0.07818698048373289] - [-0.060229403961645445, 0.32895076878054524, -0.1277531416203314, -0.14096835397401694] - [0.039046121473238035, -0.05332272181642492, -0.0374186268317783, 0.05169508427473432]
A2: [-0.009108608017572661, -0.34680321966081784, 0.24945505783418914, 0.10645664609734927] - [0.08003992553887801, 0.03628236445613767, -0.05025000321466597, -0.066071849524046] - [-0.042452769789063954, 0.23083194590547532, -0.04053119231791569, -0.14784778404105442] - [0.06813487006460595, -0.2934677517049472, 0.14177133962922045, 0.08356196280176917]
B1: -1.2907441610818205e-07 - -1.8952586158437742e-08 - 3.874304867709704e-08 - 2.7605271692994154e-08
B2: -1.2725559835969578e-08 - -1.0266346303130776e-08 - 2.442121839738783e-08 - -3.1954096926631214e-08
