Number: 9728
Error: 1.0954665092356585e-15
A1: [0.053172476333221114, -0.14800134481001834, -0.02699912104649873, 0.12182774813939468] - [0.005313561712949202, 0.130836535998684, -0.11360090185263369, -0.02254992170317722] - [-0.014444477533077978, 0.22309161987261716, -0.12704118055262464, -0.08160593395582787] - [0.027146335737192776, -0.10002016239650931, -0.04942463302044258, 0.12229799572924174]
A2: [0.0892546206602942, -0.07291321131859116, -0.12362726503152013, 0.1072865443948189] - [0.10884184618110332, 0.2498142985140477, -0.40484517447613994, 0.04618959944525833] - [0.036635721453154795, 0.46255491003653026, -0.3777176554150383, -0.12147348017090642] - [0.14342654787316397, -0.04460650907625326, -0.2014994235103499, 0.10267997886824728]
B1: 2.4563314610052935e-08 - -2.7540304996760918e-08 - -8.624957383448864e-08 - -2.770781486405713e-08
B2: -1.0074727342179849e-08 - -1.871309726122241e-08 - 1.0792807735404557e-08 - -4.294649835249144e-08
