Number: 5853
Error: 5.580604322245497e-07
A1: [0.08237461142295979, -0.178532342942814, -0.01764382669508478, 0.12156972781181674] - [0.04179514707344919, 0.13796825971057747, -0.13035553207055653, -0.031908838104637995] - [-0.0015549863776024556, 0.22833446484612602, -0.12267660471861853, -0.10350908697435927] - [0.038489123416343037, -0.114860358600309, -0.04678183772408662, 0.12166466406293146]
A2: [0.03336772090965007, -0.03122492287473131, -0.07753718545635646, 0.06764108715579509] - [0.10424419262248195, 0.2842447596038692, -0.39130642084196254, 0.008235741225959431] - [-0.014328279528717305, 0.5358529355837927, -0.36241487692974966, -0.17167931488163116] - [0.09545429100227187, 0.015040165344712317, -0.17113772900504087, 0.051002988802744884]
B1: -0.00017428862418886345 - 0.002880284434818756 - -0.0013170414281857298 - -0.0006344981774028514
B2: 0.00027005788029486893 - -0.00040278423756709664 - -0.0001932473783725001 - 0.00015866425669244907
