Number: 7588
Error: 9.472843438247009e-16
A1: [0.08043171303649163, -0.1804677824018601, -0.019588828655340243, 0.11962500008683087] - [0.03741561335204929, 0.13359641950800713, -0.13472615290647266, -0.03628579175759347] - [-0.0017027857600572602, 0.2281901497587906, -0.12282834944116332, -0.1036588769806051] - [0.038863257489196876, -0.11448099555706846, -0.04641641835040745, 0.12203425099866934]
A2: [0.0353074411690766, -0.029273477694403218, -0.07569735175028157, 0.06966340576398244] - [0.1028937596301165, 0.28289671030060204, -0.3926063875859365, 0.00681600538569334] - [-0.01118713429446787, 0.539014556179038, -0.35945104796194316, -0.1683765007119329] - [0.09786278676879893, 0.017463303798967298, -0.16885102254602444, 0.05352486511638701]
B1: 1.3310245976408766e-08 - 1.8986120583771508e-08 - 1.583065283981417e-08 - 1.5382589172959923e-08
B2: 1.3367733721266422e-08 - 1.4535940041072233e-08 - 1.4649043898572432e-08 - 1.1923027937718524e-08
