Number: 3563
Error: 2.3710989840674145e-11
A1: [0.0662052666786117, -0.11395981798404725, -0.02399185941626907, 0.07171496650199287] - [0.037401324029948405, 0.18819213866324527, -0.14741021318194653, -0.07818827635691003] - [-0.06022144086435448, 0.3289584169954512, -0.12774534862628006, -0.14096060421570966] - [0.039038924211659054, -0.05332955306784807, -0.03742559017312939, 0.051688177619061165]
A2: [-0.009103122174416198, -0.3467973998949833, 0.2494605882822792, 0.10646239764165143] - [0.08005112773950104, 0.0362944325740252, -0.05023775983641156, -0.06605950227141981] - [-0.04247625721233849, 0.23080602360551403, -0.04055636324999176, -0.14787376039665961] - [0.06816165891320905, -0.2934382560204199, 0.14180038214766974, 0.08359199857851114]
B1: 6.893621367509754e-07 - -4.039360644014279e-06 - -9.726554166483328e-06 - 8.969363850658971e-06
B2: 5.417583656903404e-08 - 1.4633531802620686e-06 - 2.082316050803631e-06 - -2.246579130839278e-06
