Number: 1499
Error: 1.0753948338071085e-08
A1: [-0.007827552830026747, -0.01563975710520616, 0.002331469313207268, 0.01879709025995128] - [0.0665441043766825, 0.18961246694093872, -0.1470272810140006, -0.11017677962610298] - [-0.11349938632243162, 0.44088926052633615, -0.07174179168079885, -0.2590893241327915] - [-0.023469982667789754, 0.015244966143526197, -0.03003727145817713, 0.038805580829339284]
A2: [0.13147116514242316, -0.2247415696405051, 0.02255342408359299, 0.07004819229619999] - [0.03271498943906964, 0.20381687002099838, -0.11481983678431283, -0.12139025273893286] - [-0.09475773509608892, 0.5554068042038333, -0.23533551247734683, -0.22576857431124167] - [-0.021056361320399234, -0.019501758359582684, 0.007890622020937562, 0.031961292541210065]
B1: 1.0631593469727145e-05 - -0.00012483484058034921 - 1.7199321331939656e-05 - 3.224767581246742e-05
B2: -9.703847593205355e-05 - -9.04456440625019e-05 - 0.0001449405879381661 - -0.0003185418982958012
