Number: 6535
Error: 9.30208723774663e-16
A1: [0.08043168592945835, -0.1804678095058156, -0.019588855729953152, 0.11962497298289919] - [0.037415581114779085, 0.1335963872951381, -0.13472618507951084, -0.03628582397700322] - [-0.001702806483486343, 0.22819012903580868, -0.12282837013424769, -0.10365889769850485] - [0.038863218123034074, -0.11448103481274699, -0.046416457691474684, 0.12203421165698146]
A2: [0.035307438805516914, -0.02927348006451034, -0.07569735399752342, 0.06966340329026724] - [0.10289373465575453, 0.28289668511427046, -0.392606411740824, 0.006815979233882113] - [-0.011187100907758268, 0.5390145897648921, -0.3594510163606802, -0.16837646553120908] - [0.09786280002738337, 0.01746331711785611, -0.16885100992469682, 0.053524879033569235]
B1: -1.1185487581579683e-09 - 1.2794006617089274e-09 - -1.2936550970257792e-09 - 3.054368410989964e-10
B2: -5.188435903552574e-10 - -6.850462751042552e-09 - 1.2691763085865443e-08 - -1.0039685981707692e-08
