Number: 2281
Error: 0.0002124914160645831
A1: [0.1075855379826058, 0.004534848450833219, 0.028402940039208603, 0.05592945416591622] - [0.053344660737047564, 0.1954964025962427, -0.14279259685166187, -0.08971610425892851] - [-0.10910901890804639, 0.441342953353301, -0.080278636352997, -0.1607253601370213] - [0.059332827193894946, 0.05576701219036632, 0.007395856822441429, 0.008709395523707714]
A2: [0.05424764484417875, -0.1874206240409162, 0.08260875312958882, 0.014283454853210573] - [0.001628719934057696, 0.17401992166405703, -0.12719991288576024, -0.15491670261325785] - [-0.2280066151601092, 0.3944160704793885, -0.35092748484728364, -0.3252917181931859] - [-0.12929489331034896, -0.07342674842871953, -0.1510085736441765, -0.04229002449442788]
B1: 0.0005494523672031817 - 0.004580883687448325 - 0.0006314151931226513 - -0.038991255335369214
B2: 0.0037601255362134656 - 0.003966040341855121 - -0.013814670007109923 - -0.0018033940623298783
