Number: 7485
Error: 4.862884854059604e-16
A1: [0.08043173546068422, -0.1804677599802058, -0.01958880625795934, 0.11962502250846406] - [0.03741563775909619, 0.13359644389658232, -0.1347261285480576, -0.036285767364065837] - [-0.0017027702627369359, 0.2281901652557823, -0.1228283339665314, -0.10365886148741806] - [0.03886328047047105, -0.11448097264028721, -0.04641639538377716, 0.12203427396566152]
A2: [0.03530747682923878, -0.029273441935610742, -0.07569731784503406, 0.06966344308618876] - [0.10289372812185664, 0.2828966785249311, -0.3926064180603252, 0.006815972391959162] - [-0.01118707641264821, 0.5390146144060936, -0.3594509931755005, -0.168376439719884] - [0.09786279211012303, 0.017463309164586514, -0.1688510174614262, 0.05352487072303461]
B1: 1.92566250297752e-08 - 2.5584263982966866e-08 - 1.3954167137433748e-09 - 2.3373856833180036e-08
B2: 1.6660519411769597e-08 - 1.3602811847211278e-08 - 2.070896314289289e-08 - 1.5228577085101666e-08
