Number: 6560
Error: 1.0249109255706351e-15
A1: [0.08043168316392277, -0.180467812271038, -0.019588858492181956, 0.11962497021767948] - [0.03741557284622558, 0.13359637903284274, -0.13472619333158906, -0.03628583224097642] - [-0.0017027923504453067, 0.22819014316854833, -0.12282835602189965, -0.10365888356923565] - [0.038863208060461014, -0.11448104484708053, -0.046416467747635755, 0.12203420160066247]
A2: [0.03530742703839837, -0.029273491864175234, -0.07569736518554566, 0.0696633909746972] - [0.10289373350231995, 0.2828966839510465, -0.3926064128564107, 0.006815978026067305] - [-0.01118711785110229, 0.5390145727204878, -0.3594510323979179, -0.16837648338500907] - [0.09786278929866081, 0.017463306340332045, -0.16885102013774306, 0.053524867771899465]
B1: -1.6623228998976902e-09 - -1.5937156683277333e-09 - -3.665982593248766e-09 - -4.576851675334177e-09
B2: -3.7011032385789694e-09 - -1.3258848486365474e-08 - 2.1394399549499017e-08 - -1.763264289574833e-08
