Number: 1612
Error: 4.12289631057523e-07
A1: [-0.007734191560025642, -0.015544089583426892, 0.0024303905731116364, 0.018885457746508617] - [0.06561340833922157, 0.18871731017856141, -0.1479900183292673, -0.11121107960305092] - [-0.11436250759229385, 0.44004255984743995, -0.07263765807613266, -0.26002385239054215] - [-0.024095709220303782, 0.014629283749752869, -0.030675729224709385, 0.03813976671278125]
A2: [0.131049906960061, -0.2251604890681109, 0.02213583907983025, 0.06963309838628469] - [0.03252141223831296, 0.20362637048771523, -0.11501180597786871, -0.121579234277934] - [-0.09495395713359243, 0.5552142573559472, -0.23552772717879267, -0.22596146091653255] - [-0.021441923801110836, -0.01989367760327188, 0.007499695432501347, 0.031585702075998076]
B1: 0.000401051902806422 - 8.948019935491112e-05 - 0.00018278656206589664 - 0.0003949194091603795
B2: -0.00037340311159032803 - -0.00018238481673538793 - -0.0002954969887906652 - -0.00042358836646282685
