Number: 6025
Error: 4.914382586765083e-13
A1: [0.08043336672718604, -0.18046612890362057, -0.019587176944512102, 0.1196266535869618] - [0.03741898575090431, 0.13359978933549702, -0.1347227872514023, -0.03628242124104135] - [-0.0017001620637407484, 0.22819277341642485, -0.12282572956833541, -0.1036562539738862] - [0.038865637701198705, -0.11447862202002125, -0.046414039649148954, 0.12203662973469519]
A2: [0.03530597721860064, -0.029274945706805593, -0.07569874363955098, 0.06966187358725191] - [0.10289570113075498, 0.28289866828228416, -0.39260450979792055, 0.006818038420553615] - [-0.01118300337640841, 0.5390187117506451, -0.3594471379646436, -0.16837214781620793] - [0.09786469387128406, 0.017465219580045266, -0.16884920710501258, 0.05352686695740043]
B1: -1.479419496059398e-06 - 1.866058908415022e-06 - 5.344712563752634e-07 - -8.59172703652507e-09
B2: -9.58877845188036e-07 - -1.465575373488717e-06 - 3.1748679560254035e-06 - 4.286334112359176e-07
