Number: 3420
Error: 5.232880542747597e-08
A1: [0.0668813660931448, -0.11329989194456112, -0.02331787083413827, 0.07238949671614514] - [0.037626725778953936, 0.18840732763189763, -0.14718862350839204, -0.07796637272871676] - [-0.05859548629759175, 0.33051802345066755, -0.12615622378577482, -0.13938276079141892] - [0.040224114916890284, -0.05220267431213694, -0.036278015817028254, 0.05282453834293571]
A2: [-0.009178488769651471, -0.3468765915411527, 0.2493830185540198, 0.10638532332928197] - [0.0802820073497129, 0.03654303379554353, -0.04998686870515049, -0.06580656170221255] - [-0.04257105003956764, 0.2307010942933872, -0.04066049057145894, -0.14797995074191955] - [0.06896575454084777, -0.29255263445443924, 0.14267475227450643, 0.0844963196238754]
B1: 4.5961651559186124e-05 - 3.824374227027272e-05 - 0.0004108876841982851 - -3.6525996946761656e-06
B2: -0.0005327424097584363 - -0.00018429158946988412 - 0.0002633805162075296 - 0.00011175261388076893
