Number: 3446
Error: 2.709677639246715e-09
A1: [0.06606556034020049, -0.11409664554723417, -0.024131800985349266, 0.07157530976813373] - [0.03748639079707086, 0.18827342438756262, -0.14732644786961457, -0.07810451673446996] - [-0.06026994627915052, 0.32891176411705636, -0.12779289488888915, -0.14100819052749877] - [0.03877232351141779, -0.05358217907433407, -0.03768305882858001, 0.051432478433702813]
A2: [-0.00896433048300465, -0.3466499496930303, 0.24960065766204526, 0.1066085503545612] - [0.07992052155995158, 0.036153719032162975, -0.050380633976940675, -0.06620350224074788] - [-0.04220337757895861, 0.23110678288667127, -0.040264073230696744, -0.1475721931019965] - [0.0681373601379033, -0.2934651731869524, 0.1417743968513025, 0.08356504811228704]
B1: 7.336204135648183e-05 - -1.1557973037674392e-05 - -0.00019248842359177902 - 1.354130950963046e-06
B2: -1.7733042722701083e-05 - -4.420273538673712e-05 - -2.1991876489408796e-05 - -6.89466262206747e-05
