Number: 6591
Error: 1.1487634611910434e-15
A1: [0.08043168022249184, -0.1804678152121358, -0.019588861430095788, 0.11962496727658453] - [0.037415575842423526, 0.13359638202677315, -0.1347261903413611, -0.03628582924643822] - [-0.0017028027785973806, 0.22819013274061853, -0.12282836643478323, -0.10365889399460464] - [0.038863213610497965, -0.11448103931261898, -0.04641646220113536, 0.12203420714724993]
A2: [0.035307434934433, -0.029273483946301086, -0.0756973576780993, 0.06966339923875668] - [0.10289373817071816, 0.2828966886590661, -0.39260640834119753, 0.0068159829145634674] - [-0.011187101788530369, 0.5390145888788667, -0.3594510171943495, -0.16837646645931026] - [0.09786280445964637, 0.01746332157028011, -0.16885100570547062, 0.05352488368600394]
B1: 6.667039042856333e-10 - -1.3031917145459378e-09 - 1.3730049338331834e-09 - 1.2889643005318612e-09
B2: -5.12843192914738e-10 - -6.08769450306233e-09 - 1.817528512775821e-08 - -8.850824420325942e-09
