Number: 4615
Error: 7.575886513727402e-16
A1: [0.06621314410972672, -0.1139521164418424, -0.02398398782269999, 0.0717228306406148] - [0.03740260548626075, 0.1881933630898581, -0.14740895330862772, -0.0781870167078728] - [-0.06022940363155748, 0.32895076909798515, -0.12775314129715581, -0.1409683536526263] - [0.03904614823140573, -0.053322696418668485, -0.037418600944221676, 0.05169510995216565]
A2: [-0.009108574281716506, -0.34680318387258896, 0.24945509184327183, 0.10645668146730881] - [0.08003987729997261, 0.036282312489096816, -0.05025005593704083, -0.06607190269398806] - [-0.04245269832996207, 0.23083202477223694, -0.04053111573944426, -0.1478477050099252] - [0.06813476821197609, -0.29346786384868434, 0.1417712292116011, 0.0835618486066577]
B1: 4.457470645087967e-08 - 9.661682197410875e-09 - 3.299068035937e-08 - -1.1012690714670928e-08
B2: 2.5075265701589925e-09 - 1.7797934460508147e-08 - 4.685708762728131e-08 - 2.7948682790828538e-08
