Number: 9249
Error: 7.057032908747017e-08
A1: [0.05229507936147647, -0.14887953826475545, -0.027875822198676323, 0.12095013954073823] - [0.004244945885846101, 0.12976682731713884, -0.1146695241671395, -0.023619884427679715] - [-0.01549064904527401, 0.2220449139362021, -0.128086558782741, -0.08265220019189455] - [0.02615462313600818, -0.10101247895259768, -0.050418900280652365, 0.12130415707808616]
A2: [0.08942574981788373, -0.07274190810561927, -0.12345960243679775, 0.10745989158437859] - [0.10892793934569679, 0.2499000683594006, -0.4047608662268854, 0.046277335166322715] - [0.03642400739387039, 0.4623443750557553, -0.3779241344889953, -0.12168705134341418] - [0.14360930022703475, -0.04442382201269532, -0.20132051666225226, 0.10286541011028937]
B1: 7.907437574632824e-05 - 0.00014451366950290893 - 0.00010249643017441157 - 3.0409605989917127e-05
B2: -0.0001542102701898124 - -0.00017388935562699063 - -0.00010478631805225907 - -6.338810848496958e-05
