Number: 4584
Error: 1.2540124040257298e-15
A1: [0.06621314304452396, -0.11395211748323862, -0.02398398888706328, 0.07172282957720429] - [0.03740252552216883, 0.18819328668958302, -0.14740903191946295, -0.07818709532566792] - [-0.06022938878547454, 0.32895078335684635, -0.12775312676964226, -0.14096833920326057] - [0.039046104068833416, -0.05332273833614135, -0.03741864367005015, 0.051695067573249064]
A2: [-0.009108578327677455, -0.34680318816471795, 0.2494550877645996, 0.10645667722534155] - [0.08003980901800337, 0.03628223892988322, -0.050250130565315854, -0.06607197795594176] - [-0.042452910261268274, 0.23083179087197828, -0.040531342853232906, -0.1478479393976629] - [0.0681349477618648, -0.2934676661566572, 0.14177142386084357, 0.0835620499149828]
B1: -1.2562369310370093e-08 - -2.122503044396477e-08 - -4.593310984325851e-08 - 5.7243798883011394e-08
B2: 6.1688884317955965e-09 - -1.568612056268284e-08 - -2.6249442341574984e-08 - 3.313105120358639e-10
