Number: 4605
Error: 1.0048086831635382e-15
A1: [0.06621315216256116, -0.11395210856895965, -0.02398397977618319, 0.07172283867993767] - [0.03740257027359729, 0.18819332944654227, -0.1474089879253766, -0.07818705132768729] - [-0.06022940750381055, 0.3289507653788952, -0.12775314508632002, -0.14096835742141617] - [0.039046126419933234, -0.05332271712130675, -0.03741862204609989, 0.05169508902162521]
A2: [-0.009108413586437126, -0.3468030134001757, 0.249455253838745, 0.10645684994741521] - [0.08003986331502175, 0.03628229742330431, -0.050250071221789656, -0.06607191810852184] - [-0.04245271854522385, 0.2308320024614462, -0.040531137402904704, -0.14784772736721544] - [0.06813473648648784, -0.2934678987797824, 0.1417711948181577, 0.08356181303658128]
B1: -3.2378675541245306e-08 - -2.9411494147789743e-09 - 1.8845717267894308e-08 - -3.319781857887962e-08
B2: -1.3955797376467536e-08 - -1.995465093079195e-08 - 2.0895693080010397e-08 - -1.2428007277407667e-09
