Number: 1874
Error: 1.3800528385236168e-07
A1: [-0.004738821703018487, -0.012489808727221179, 0.005581455424011989, 0.02196295760698705] - [0.06764077038677706, 0.19067159602124314, -0.14588981594782527, -0.10895777378927843] - [-0.11121365507276902, 0.44313785128239724, -0.06941454179870535, -0.25661889177124364] - [-0.022221075044194818, 0.016500732889180095, -0.0288342809730546, 0.04012404955482759]
A2: [0.13124067900126182, -0.2250219169417546, 0.022284569767788216, 0.06978955623045274] - [0.03273767903195661, 0.2038523722950163, -0.11479234394874532, -0.12135646625878727] - [-0.09620452365913666, 0.5539758656396422, -0.23672492729929853, -0.22711076134336203] - [-0.019391697079837556, -0.017906133247702197, 0.009498059201437965, 0.03352486606094112]
B1: -0.00010605320001083165 - 0.0006435004917815128 - 0.00027635228678591533 - 0.0005573473560766032
B2: 0.000686316850130887 - 0.0002698190737559468 - 0.00027292789617467436 - 0.0003464284369328099
