Number: 4095
Error: 9.77417637797394e-16
A1: [0.06621318293965622, -0.11395207847960334, -0.023983949023211753, 0.07172286940541973] - [0.03740262077495115, 0.18819337769716693, -0.14740893827866972, -0.07818700167656824] - [-0.06022934381482557, 0.32895082654865687, -0.12775308276400044, -0.1409682954345141] - [0.03904618118939177, -0.053322665136253056, -0.037418569058512686, 0.051695141578987726]
A2: [-0.009108558538765594, -0.34680316717178944, 0.24945510771369675, 0.1064566979729962] - [0.08003983251980425, 0.03628226424801955, -0.050250104879240025, -0.06607195205174514] - [-0.042452857993372534, 0.23083184855790598, -0.04053128684113298, -0.14784788159157053] - [0.0681348263470444, -0.2934677998394078, 0.14177129223588278, 0.08356191378681901]
B1: 1.2000144714228469e-08 - -3.416923292138971e-10 - -1.9217580225491972e-08 - 1.6486722973080474e-08
B2: -5.43179922033754e-10 - 6.149950303629647e-09 - -2.8645717370851144e-09 - 2.2440666037978433e-09
