Number: 5750
Error: 0.0007972073156944165
A1: [0.008700197516670557, -0.2598773419560005, -0.0962235908346728, 0.044711396228820435] - [0.016296789603869686, 0.09013396417215257, -0.1680211487961701, -0.06538909313085067] - [-0.18145103684673597, 0.06698511642205596, -0.2970080060758766, -0.27952016085777365] - [-0.16991634439317987, -0.2935513490275101, -0.2425337209054328, -0.07873498663088954]
A2: [0.06240434541522309, -0.002262269389348613, -0.03299504284234484, 0.09451467112841025] - [0.23012294340755074, 0.41672938894158096, -0.2803064073259247, 0.12407887181664176] - [0.04604773210922059, 0.6009667281881645, -0.2998284625613684, -0.12169503468362554] - [0.1425833570708141, 0.0652553254794018, -0.11744004939415897, 0.09011148665429561]
B1: 0.030843375120910385 - -0.02543175695609271 - 0.025216884327386446 - 0.029031881656119144
B2: 0.05859299543738286 - 0.0760369187331913 - 0.00948270640560344 - -0.0016155149555975579
