Number: 9764
Error: 1.1348696402719731e-15
A1: [0.05317259336858454, -0.14800122773161867, -0.02699900414007635, 0.12182786523120098] - [0.0053137325830092215, 0.13083670704801875, -0.1136007310082025, -0.022549750592129002] - [-0.014444462174149037, 0.2230916352372161, -0.1270411652058273, -0.08160591859139434] - [0.027146468866028135, -0.10002002926788565, -0.04942449961070214, 0.12229812919636977]
A2: [0.08925480090025274, -0.07291303149526983, -0.12362708885245831, 0.10728672685717139] - [0.10884181643412251, 0.24981426876185517, -0.4048452036339034, 0.046189569197756526] - [0.036635933553099166, 0.46255512103277424, -0.3777174484797006, -0.12147326587119762] - [0.14342656160775738, -0.04460649539273341, -0.20149941009967703, 0.10267999280658947]
B1: 3.709716675684964e-08 - 2.2667900923988994e-08 - -1.0550600289990093e-08 - 2.3137725567536996e-08
B2: 1.6437007862767655e-08 - 2.526361843246311e-08 - 4.39735611405672e-08 - 3.119653806611823e-09
