Number: 8561
Error: 1.1305609492636778e-15
A1: [0.08043165850754096, -0.18046783692460222, -0.019588883119095405, 0.1196249455641278] - [0.037415505114260506, 0.13359631135220423, -0.1347262609283714, -0.03628589993530237] - [-0.0017027851033435894, 0.2281901504154793, -0.12282834878541517, -0.10365887632406168] - [0.03886321813090543, -0.11448103480482393, -0.046416457683592614, 0.12203421166490043]
A2: [0.035307290178536156, -0.02927362910252088, -0.07569749531054311, 0.06966324773634806] - [0.10289371020563826, 0.28289666045669754, -0.3926064353886578, 0.006815953631082125] - [-0.011187170942395876, 0.5390145193125264, -0.3594510826501949, -0.1683765393289275] - [0.09786271049588163, 0.017463227179098945, -0.16885109515310856, 0.053524785054854744]
B1: -2.1176308149856086e-08 - 3.7952743458934346e-09 - -6.883940832096171e-09 - 1.1213231544497058e-09
B2: 2.805130632441021e-08 - -4.656666026726173e-08 - 2.3167633592565967e-08 - 2.4215291167674634e-08
