Number: 6469
Error: 1.1739943857533436e-15
A1: [0.08043169182819562, -0.1804678036077463, -0.019588849838269008, 0.11962497888096287] - [0.037415595473680736, 0.13359640164317216, -0.13472617074921966, -0.036285809626055474] - [-0.0017028155550844752, 0.22819011996440394, -0.12282837919256352, -0.10365890676768202] - [0.038863234545634895, -0.11448101843623422, -0.04641644127933857, 0.12203422806937544]
A2: [0.03530745217326072, -0.02927346665979301, -0.07569734128764831, 0.06966341728106627] - [0.10289374792962577, 0.2828966985007989, -0.3926063989025116, 0.006815993133568901] - [-0.011187093265460657, 0.5390145974527731, -0.3594510091270821, -0.16837645747825006] - [0.09786281229811285, 0.01746332944440126, -0.16885099824376104, 0.05352489191384551]
B1: 2.5791523728929446e-10 - 2.2823730875627117e-09 - -1.5199581771170729e-09 - 9.961792566332748e-10
B2: 2.0306111175850846e-09 - -2.4661570737772345e-10 - 4.097179818240164e-09 - -1.1283199408836192e-09
