Number: 1730
Error: 4.1785630462911e-07
A1: [-0.00948582387298056, -0.017319535163586208, 0.0006082607319078598, 0.01708012285395059] - [0.06676291289586411, 0.1898236755619244, -0.14680234998188127, -0.1099334887792011] - [-0.11065617467147115, 0.4436566826621461, -0.068795993589915, -0.2560126120747135] - [-0.018267454702605414, 0.02034073047298664, -0.024736745013854092, 0.04429229445435132]
A2: [0.1301417559624768, -0.22603230472798852, 0.021251841478863973, 0.06874440307793674] - [0.03348122880299737, 0.20457182623884734, -0.11405626261176761, -0.12063568019841552] - [-0.09944551692262289, 0.5508179058275992, -0.23992716636297792, -0.23037184884103548] - [-0.021350187003432827, -0.0197820325856714, 0.007600393487968042, 0.031673102708127766]
B1: -0.0005206219901265941 - 0.0005186677671336808 - -9.295802900675129e-05 - -0.0007801347311810773
B2: 6.359343809321326e-05 - 0.001019772122576795 - 0.00022489203964079027 - -0.0009562580463495415
