Number: 7658
Error: 5.116331006761908e-16
A1: [0.08043170538692089, -0.18046779005056382, -0.01958883629575071, 0.11962499243814234] - [0.037415623892659455, 0.13359643004063998, -0.134726142386851, -0.036285781222813854] - [-0.0017027890493670494, 0.22819014646955124, -0.1228283527256483, -0.1036588802690318] - [0.03886325358851119, -0.1144809994468068, -0.04641642224859378, 0.1220342471004165]
A2: [0.03530751498768293, -0.02927340367162876, -0.07569728156442908, 0.06966348302309545] - [0.10289382835534039, 0.2828967796090963, -0.39260632111576965, 0.006816077351002156] - [-0.011187217588058032, 0.5390144723886475, -0.3594511268012133, -0.16837658848121176] - [0.09786276162730057, 0.01746327854311178, -0.1688510464791252, 0.05352483872602448]
B1: 1.0569393774967711e-08 - 4.8301199264333675e-08 - 1.5804536103305153e-08 - 2.4516620135864404e-08
B2: 2.3948715682434435e-08 - 1.951970727061258e-08 - 3.640134051767006e-08 - 2.0592347711087972e-08
