Number: 9292
Error: 4.205233788627584e-09
A1: [0.0528412989624813, -0.14833263441700034, -0.027329893967478997, 0.1214964170851803] - [0.00519261206477155, 0.13071548927379306, -0.11372177285789237, -0.022670991098968817] - [-0.01486331057579383, 0.222672642694127, -0.12745965422546013, -0.08202491914587953] - [0.026832542555161314, -0.10033393389116411, -0.04973902295861006, 0.12198344282762236]
A2: [0.08931263317204631, -0.07285523175823816, -0.12357059283410002, 0.10734530513676213] - [0.10899488473206327, 0.24996743823567955, -0.4046951988255737, 0.04634523678698138] - [0.036827297607310565, 0.4627455399151895, -0.3775307570852076, -0.12127991177281632] - [0.14352065238315714, -0.044512748006298584, -0.20140753819375412, 0.10277546065742732]
B1: -0.000130040172292675 - -0.00010116695988020542 - -1.4359374782684104e-05 - 1.146258328021868e-05
B2: 2.108458732253791e-05 - -0.0001327792975603445 - 9.368149482955053e-05 - -3.525510587602929e-05
