Number: 9202
Error: 3.740959154324506e-07
A1: [0.05361162288216526, -0.14756628348168077, -0.026562480774308426, 0.12226423376608549] - [0.007247165743283682, 0.13277660929922905, -0.11166383143466888, -0.020607705421644272] - [-0.013791006997190172, 0.22374647871709144, -0.1263884453951892, -0.08094968614505531] - [0.026893370696497217, -0.10027726056681535, -0.04968056572606863, 0.12204218158889069]
A2: [0.09052904584568812, -0.07163758919634783, -0.12237652392081119, 0.10857832151747017] - [0.10868231723623747, 0.24964808177178327, -0.40500466677314195, 0.04602831166284059] - [0.03635735865668942, 0.4622721490781169, -0.3779894586552339, -0.12175284967770891] - [0.1432201230351953, -0.04481546814628923, -0.20170170981538751, 0.10247074303566851]
B1: 0.0008794222032442334 - 0.0004485595678951587 - 0.000748103775501916 - 0.0003454295878716516
B2: 0.00032972395445414433 - -0.0001469149068909785 - -0.0001678981068842543 - 9.5981528074199e-05
