Number: 1980
Error: 4.2978474096141835e-05
A1: [0.005900286632115219, -0.00105717553248965, 0.01674753800726597, 0.03375620679376913] - [0.10246368479225826, 0.224139251910517, -0.10967461272347506, -0.07008649288271952] - [-0.08383144942528864, 0.46990780446585967, -0.04122432240178091, -0.22670257907903477] - [0.021491876984776503, 0.05855766217340877, 0.015594273829593948, 0.08609076034935945]
A2: [0.12638487061598616, -0.23077228478578588, 0.01657180842334586, 0.06367701505366843] - [0.04278139092246942, 0.21345503708221367, -0.10496112825623226, -0.11191263160930827] - [-0.09110768118221253, 0.5577978923192712, -0.23226202056472964, -0.22345937573174032] - [-0.013605553351794617, -0.012444088618814486, 0.01508634013410337, 0.038544361303722866]
B1: -0.004894373294903946 - -0.0028983423918773074 - -0.010978374575470306 - -0.007507023535780732
B2: -0.006981906600267225 - -0.017196834895063826 - -0.0017566287602609751 - 0.0026482801301735016
