Number: 4602
Error: 1.0661043828600822e-15
A1: [0.06621316371088797, -0.11395209727869804, -0.023983968236919163, 0.07172285020888462] - [0.0374025354074083, 0.18819329613425903, -0.14740902220151514, -0.07818708560686048] - [-0.06022948211676453, 0.3289506937172321, -0.12775321809817086, -0.14096843004058326] - [0.0390460844528375, -0.0533227569549116, -0.03741866264787508, 0.05169504874952062]
A2: [-0.009108444464327542, -0.34680304615675894, 0.24945522271102513, 0.10645681757365771] - [0.08003985846348405, 0.0362822921968105, -0.05025007652424172, -0.06607192345599788] - [-0.04245271058586549, 0.2308320112458767, -0.04053112887335006, -0.14784771856447704] - [0.06813469069724369, -0.2934679491956726, 0.14177114517825368, 0.0835617616984551]
B1: -3.384899546785197e-08 - -1.5027019768361198e-08 - 1.4649653622088612e-08 - -5.7335234191380065e-08
B2: 7.502494679458532e-09 - -2.6315245516367123e-08 - -1.3389362809706094e-08 - -8.605836594053566e-09
