Number: 9584
Error: 3.2950310647055466e-14
A1: [0.05317211121426095, -0.14800171006733678, -0.02699948576536235, 0.12182738284574829] - [0.005313391791565321, 0.13083636589387793, -0.11360107175245737, -0.02255009186157078] - [-0.014444388075500721, 0.22309170936063763, -0.12704109116773968, -0.08160584446536731] - [0.027146151796156103, -0.10002034634327078, -0.04942481735298501, 0.12229781131719501]
A2: [0.0892531863016264, -0.07291464236069806, -0.12362866707342642, 0.10728509234838529] - [0.10884121449386645, 0.24981366671411193, -0.40484579365495815, 0.04618895712769261] - [0.036635381556734375, 0.4625545719084933, -0.3777179870365105, -0.12147382359419596] - [0.14342674235279737, -0.04460631532587959, -0.20149923362122268, 0.10268017623236217]
B1: -6.464217932300184e-08 - 4.903766958406891e-07 - 2.3430042322470897e-07 - -4.501358656851138e-07
B2: 6.633727830121762e-08 - 1.8274089488476635e-07 - 7.564331273097815e-08 - 1.8802815819771963e-07
