Number: 8818
Error: 9.759222984926229e-05
A1: [0.08278643971123403, -0.17814681649641048, -0.017105561275991544, 0.12196474923972651] - [0.04319465504750148, 0.1393287469178402, -0.12881161522166584, -0.030529094537467785] - [-0.004958261800464229, 0.22490867592979633, -0.12593843521831502, -0.10692495982398084] - [0.042070334697249044, -0.11131296985085648, -0.04308258096910705, 0.125225539417022]
A2: [0.043068949435065486, -0.021531638987762735, -0.06823319251461421, 0.0777843323670481] - [0.11088969472239943, 0.29095361730143016, -0.384823482357716, 0.01519058401097434] - [-0.015242816001861354, 0.5348496917512523, -0.363211334500845, -0.1726503340582573] - [0.10687837220951782, 0.026489991893223704, -0.1601923363322087, 0.06298656822551835]
B1: -0.00412702253028947 - -0.005283305091664069 - -0.00025213283010319405 - -0.004790273382015759
B2: 0.005723757101771234 - 0.0045225890382617415 - 0.009566985210386552 - 0.005166032998420837
