Number: 9291
Error: 6.127044156783301e-09
A1: [0.05282355686455395, -0.14835038239814483, -0.027347615340994395, 0.12147866668028087] - [0.005167407837819161, 0.13069025977815482, -0.1137469735697722, -0.02269623043896188] - [-0.014870665843906916, 0.22266528570943186, -0.12746700212325854, -0.08203227681554637] - [0.026799148943134548, -0.10036732620486374, -0.04977248470109614, 0.12194996656380763]
A2: [0.08934441541116186, -0.07282351789438411, -0.1235395282070912, 0.1073774810718335] - [0.1090203880396326, 0.24999294956368234, -0.4046702025716916, 0.04637117082065558] - [0.036827469374363084, 0.46274571437746875, -0.3775305901538032, -0.12127973711662679] - [0.14352270142279758, -0.044510704119511364, -0.20140553729785604, 0.10277753962091421]
B1: -8.343179917569549e-05 - -5.293922513885549e-05 - 3.0011318825395685e-05 - 6.013275469312912e-05
B2: -3.164208553629513e-05 - -0.00019546468632049933 - 4.175567508641375e-05 - -9.332411630571944e-05
