Number: 7724
Error: 5.795955276609797e-16
A1: [0.08043163685382616, -0.18046785857589828, -0.019588904746898707, 0.11962492391287591] - [0.03741559468808945, 0.13359640085817073, -0.13472617153323052, -0.03628581041120802] - [-0.0017028587498131552, 0.22819007677059125, -0.12282842232404159, -0.10365894995087582] - [0.038863183225146765, -0.11448106961270882, -0.04641649256712097, 0.12203417678078385]
A2: [0.03530738069949668, -0.029273538331229847, -0.0756974092440492, 0.06966334247607478] - [0.1028936583263768, 0.2828966081371012, -0.39260648556563466, 0.0068158993059463414] - [-0.011187142380429874, 0.5390145480448495, -0.35945105561548824, -0.16837650923238412] - [0.09786276513517929, 0.01746328206694645, -0.16885104313984922, 0.05352484240815298]
B1: 2.262610308229864e-09 - -5.4052439373260076e-09 - -1.2231046350769292e-08 - -6.95574699671658e-09
B2: -1.859033884563963e-08 - 1.0957499214380691e-08 - -8.26330887025114e-09 - -1.8411034415014228e-08
