Number: 3632
Error: 2.91928574643133e-13
A1: [0.06621562797720529, -0.11394968807205606, -0.023981505908536035, 0.07172531033800088] - [0.03740458772873413, 0.18819525699127007, -0.14740700460572811, -0.07818506783880205] - [-0.06022823071443757, 0.32895189563172983, -0.12775199353927644, -0.14096721207797597] - [0.03904430294452409, -0.05332444791037734, -0.03742038621406095, 0.051693339191605715]
A2: [-0.009104633837399368, -0.34679900369390504, 0.2494590641628288, 0.10646081277847988] - [0.08003932843484453, 0.03628172120425118, -0.05025065581466394, -0.06607250765633112] - [-0.042452597343856986, 0.23083213620945803, -0.04053100752892521, -0.14784759332041736] - [0.0681384792167488, -0.29346377788004946, 0.141775252298491, 0.08356600931637191]
B1: 9.407694083826385e-08 - 9.89324775627565e-07 - 1.1092392526455556e-06 - 1.0999241693006056e-07
B2: 1.6349407168644754e-06 - -3.1347886436220225e-06 - 1.1496513785460512e-06 - 2.398181583251676e-06
