Number: 9485
Error: 9.865711619225191e-14
A1: [0.05317251476825029, -0.14800130638717185, -0.02699908267147733, 0.12182778659245906] - [0.0053133874344784586, 0.13083636151656733, -0.11360107612360369, -0.02255009623143851] - [-0.014443662890698457, 0.2230924348022012, -0.12704036656720127, -0.08160511903203166] - [0.02714617614484592, -0.10002032193105619, -0.04942479289141637, 0.12229783579366137]
A2: [0.08925498196957231, -0.07291285082479197, -0.1236269118212778, 0.10728691023210189] - [0.1088392826238521, 0.24981173451250757, -0.40484768725949166, 0.04618699276139409] - [0.036634588986169656, 0.46255378347822734, -0.37771876029579593, -0.12147462437070539] - [0.14342559254240728, -0.04460746084234533, -0.20150035629621085, 0.10267900937358612]
B1: 6.212031636717432e-07 - -5.433031073679455e-07 - -1.1401247006397208e-07 - -5.4863876845225095e-08
B2: -1.0491366881147962e-07 - -2.2541643286712212e-07 - 2.0505733414082436e-07 - -1.3366544506618297e-07
