Number: 9750
Error: 1.3056141556611246e-15
A1: [0.05317250891899357, -0.14800131221224955, -0.026999088496575927, 0.12182778074089057] - [0.005313736449676301, 0.1308367109187123, -0.11360072714218121, -0.022549746720031846] - [-0.014444606718406543, 0.22309149064000286, -0.1270413096356591, -0.08160606318724767] - [0.027146513914692555, -0.10001998421928684, -0.04942445446699812, 0.12229817435951429]
A2: [0.0892548667109842, -0.07291296583675853, -0.12362702452452647, 0.107286793479398] - [0.10884178913796866, 0.2498142414608851, -0.4048452303894117, 0.04618954144234539] - [0.03663567292204236, 0.46255486175788624, -0.3777177027643395, -0.12147352920543873] - [0.14342652222608582, -0.0446065346277306, -0.20149944855248028, 0.10267995284065863]
B1: -1.7409045036372778e-08 - -3.0234303710361864e-09 - -1.0774292687553996e-07 - -1.5142112032104484e-08
B2: -6.714244527833207e-08 - -3.992847616411055e-08 - -1.0118676745688356e-07 - -3.877364262800914e-08
