Number: 8680
Error: 1.2870895697443071e-14
A1: [0.08043165063588671, -0.1804678447953776, -0.019588890981339206, 0.119624937693371] - [0.03741559118981789, 0.13359639736259696, -0.13472617502431342, -0.03628581390742723] - [-0.0017028215042093145, 0.2281901140153946, -0.12282838513298251, -0.103658912715203] - [0.03886319384411142, -0.11448105902347346, -0.046416481954910556, 0.12203418739319923]
A2: [0.03530758382711139, -0.029273334641825917, -0.07569721611241803, 0.0696635550705866] - [0.10289378728931813, 0.28289673819456007, -0.39260636083423, 0.006816034348800413] - [-0.011187045663875022, 0.5390146453382093, -0.35945096407099836, -0.1683764073189659] - [0.09786289073715301, 0.01746340824015814, -0.1688509235746423, 0.05352497424899636]
B1: 3.507235032571496e-08 - -1.0101428606806722e-07 - -1.9535152808091777e-08 - 4.452237820068069e-09
B2: 1.0866961373422685e-07 - 9.42169945060485e-08 - 6.710015752104297e-08 - 1.0323271615712068e-07
