Number: 3837
Error: 1.0569228760489551e-15
A1: [0.06621314848854977, -0.11395211216083573, -0.023983983447287707, 0.07172283501212773] - [0.03740258781751662, 0.18819334620857345, -0.1474089706783624, -0.07818703407912374] - [-0.06022925610450299, 0.32895091078955924, -0.12775299693588624, -0.1409682100680449] - [0.0390460564743075, -0.05332278351107512, -0.037418689716160664, 0.051695021901057375]
A2: [-0.009108587627960872, -0.34680319803088633, 0.24945507838915076, 0.1064566674745437] - [0.08003978946083623, 0.03628221786116575, -0.05025015194025362, -0.06607199951236395] - [-0.04245281954943633, 0.2308318909870506, -0.04053124564306347, -0.14784783907398558] - [0.06813474375828651, -0.2934678907732575, 0.14177120270170235, 0.08356182118952704]
B1: 2.6900732702458553e-09 - -2.6643627619777326e-09 - -1.6020569886831557e-10 - -1.023578533445377e-08
B2: -1.6920227865577203e-08 - -1.7950811061556944e-08 - 5.068419740590602e-09 - 1.2677733568832427e-08
