Number: 3655
Error: 1.1602617918041746e-13
A1: [0.06621073046536746, -0.11395447614493835, -0.023986399571762504, 0.07172042104661097] - [0.03740251902975859, 0.18819328048548278, -0.14740903830228044, -0.07818710170876227] - [-0.06022911865798924, 0.3289510428018326, -0.12775286243610667, -0.14096807629351316] - [0.03904818688253073, -0.05332076141381295, -0.03741662862086998, 0.05169706626351698]
A2: [-0.009109526137638933, -0.3468041936524428, 0.24945413228066937, 0.10645568348439806] - [0.08004017066545796, 0.03628262852979698, -0.05024973530404284, -0.06607157933403744] - [-0.04245287826540495, 0.2308318261829043, -0.04053130856634425, -0.1478479040108813] - [0.06813373601775864, -0.2934690003480043, 0.1417701102077243, 0.08356069131296305]
B1: 3.255624095318252e-07 - -5.983308835427318e-07 - -2.0347398227326522e-07 - 2.9520070224021616e-07
B2: -2.776271620672509e-07 - 8.758045270144459e-07 - 1.420379533911855e-07 - -1.1146787138354092e-06
