Number: 5994
Error: 7.989774531001631e-12
A1: [0.08043548163567989, -0.18046401415308524, -0.01958506438650363, 0.11962876836506878] - [0.037406452144276764, 0.13358726511523294, -0.13473529598652656, -0.03629494797763054] - [-0.001703963810917865, 0.22818897177262334, -0.12282952560853574, -0.10366005463940672] - [0.03886343465711528, -0.11448081880708383, -0.04641624110108464, 0.12203442816072388]
A2: [0.035300495371948536, -0.02928044279937273, -0.0757039557074205, 0.06965613628300951] - [0.10287752683850955, 0.28288033961618503, -0.3926220877942692, 0.006799007255369319] - [-0.01118333505094705, 0.5390183782359641, -0.3594474518959216, -0.16837249730810333] - [0.09785833075681886, 0.017458827583472624, -0.16885526435651144, 0.0535201877893605]
B1: -4.233618563412942e-06 - -2.0349006736428908e-07 - -1.2297390087917174e-06 - -3.346516293622112e-06
B2: 4.22532645186178e-06 - -4.878510507407437e-06 - -2.2624698313366273e-06 - 1.2851745620699673e-06
