Number: 4145
Error: 9.296028586446104e-16
A1: [0.06621316481286436, -0.11395209620132028, -0.023983967135778318, 0.07172285130904973] - [0.03740260261201148, 0.1881933603437127, -0.1474089561342294, -0.07818701953370945] - [-0.060229380048639425, 0.32895079174808434, -0.12775311822026805, -0.14096833070007642] - [0.03904609301806486, -0.053322748825139384, -0.03741865436131225, 0.05169505696882162]
A2: [-0.009108658133547498, -0.34680327282629325, 0.24945500731308498, 0.10645659355330622] - [0.0800398419715341, 0.03628227443024162, -0.05025009454903615, -0.0660719416338241] - [-0.04245284094467478, 0.23083186737391653, -0.0405312685710643, -0.14784786273633765] - [0.06813479899531966, -0.2934678299548587, 0.1417712625839629, 0.08356188312046775]
B1: 3.852635400029294e-08 - -1.2564660668092561e-08 - -1.3064852396134607e-08 - 6.71742472986449e-09
B2: 1.9143026075537515e-08 - 2.1755636081837067e-08 - -1.652978973160503e-08 - -1.0805380193865814e-08
