Number: 5196
Error: 1.0172079484355989e-15
A1: [0.06621316395994674, -0.11395209703519202, -0.023983967988054737, 0.07172285045752341] - [0.03740263050199141, 0.18819338699075133, -0.14740892871619957, -0.07818699211327682] - [-0.06022929297767352, 0.32895087537489204, -0.12775303301772573, -0.14096824595553045] - [0.039046128787859694, -0.053322714873690946, -0.037418619755147285, 0.051695091293927145]
A2: [-0.00910865455020392, -0.3468032690245977, 0.24945501092520092, 0.10645659731052531] - [0.08003980929629115, 0.03628223922971686, -0.0502501302610462, -0.06607197764914662] - [-0.042452862669873276, 0.23083184339684107, -0.04053129185241232, -0.14784788676332575] - [0.0681347134105746, -0.29346792418718654, 0.14177116980170226, 0.08356178716446974]
B1: 7.103459860124571e-09 - -2.871264085856706e-08 - -5.709729385432038e-10 - 4.033173134743855e-09
B2: -1.5858853546737228e-08 - -5.931556263173533e-08 - 5.523860953209922e-08 - -3.6628104536511717e-08
