Number: 6960
Error: 1.1052729030956077e-15
A1: [0.0804316773999235, -0.18046781803438325, -0.019588864249286162, 0.11962496445433954] - [0.03741558790983292, 0.13359639408504975, -0.13472617829799458, -0.036285817185713505] - [-0.0017028191972724943, 0.22819011632229028, -0.12282838282941816, -0.10365891040889799] - [0.0388632308909589, -0.11448102208065242, -0.04641644493168717, 0.12203422441696993]
A2: [0.03530741553911393, -0.029273503395263436, -0.07569737611891961, 0.06966337893945268] - [0.10289381957434297, 0.282896770753575, -0.39260632960867387, 0.0068160681560582685] - [-0.01118718529855601, 0.539014504870728, -0.3594510962384029, -0.16837655445675606] - [0.0978628007283129, 0.01746331782197305, -0.16885100925745616, 0.0535248797693158]
B1: 3.098635239355155e-08 - -3.911805081417177e-09 - -3.6161644934163283e-09 - 1.1337664625020304e-08
B2: 2.80999448367072e-09 - 1.0629791425181368e-08 - 1.5158598784232563e-08 - 7.350503908411103e-09
