Number: 4284
Error: 7.89435960850546e-16
A1: [0.06621314221547706, -0.11395211829373694, -0.023983989715431264, 0.071722828749586] - [0.03740258661192657, 0.18819334505671545, -0.14740897186353932, -0.07818703526440954] - [-0.06022943669565056, 0.32895073734174074, -0.127753173651703, -0.14096838583335988] - [0.03904618991663282, -0.0533226568526474, -0.037418560615170654, 0.05169514995375676]
A2: [-0.009108643449790708, -0.3468032572490803, 0.24945502211565898, 0.10645660894843581] - [0.08003980757421036, 0.036282237374471685, -0.05025013214335608, -0.06607197954736022] - [-0.04245275172435091, 0.23083196584297572, -0.04053117295903976, -0.1478477640620456] - [0.06813486273356707, -0.2934677597762891, 0.14177133168237183, 0.08356195458276781]
B1: 5.336491350841548e-08 - -9.939071112968543e-09 - -1.4990251197819553e-09 - 1.136977248387256e-08
B2: 2.190975665582032e-08 - 1.7863075592701412e-08 - 1.510211299379854e-09 - 2.688855171077247e-09
