Number: 6756
Error: 7.460533605354779e-16
A1: [0.08043162099839694, -0.18046787442952256, -0.019588920583376936, 0.11962490805925337] - [0.03741554325463852, 0.13359634946365373, -0.134726222864215, -0.036285861816172056] - [-0.0017028647748268727, 0.22819007074570924, -0.12282842834023969, -0.10365895597428812] - [0.03886318371097451, -0.11448106912823112, -0.04641649208160773, 0.1220341772663088]
A2: [0.0353074318163188, -0.029273487073039756, -0.07569736064276197, 0.06966339597531132] - [0.10289374229892641, 0.2828966928223115, -0.3926064043484505, 0.006815987237403551] - [-0.011187122370014867, 0.5390145681746189, -0.35945103667516054, -0.16837648814675168] - [0.09786279489742715, 0.017463311964564503, -0.16885101480808032, 0.05352487364878204]
B1: -1.4472335750904915e-08 - -1.0681503009304948e-08 - -1.6996206021703467e-08 - -1.64417244235219e-08
B2: -2.424222113421632e-08 - -1.2660349405814489e-08 - -1.2706170098825831e-08 - -1.1551047692461523e-08
