Number: 3257
Error: 0.0007227331860322078
A1: [-0.05337528666491395, -0.23314076823596303, -0.15248539497435096, -0.05445638338972817] - [0.05562954678825131, 0.19558258387121646, -0.129791960267988, -0.05968283189818392] - [-0.15069357432835287, 0.26143854630522706, -0.20276270742819127, -0.21549847346950024] - [-0.0742193067721407, -0.14832898763563127, -0.14454412588722468, -0.05364434816894402]
A2: [-0.123780620511627, -0.49369139960773983, 0.13887894374840073, -0.017087946722200268] - [0.15348498829014598, 0.13538782618234677, 0.02225523928174159, 0.007004623147712393] - [-0.1757933650439895, 0.06128739285179826, -0.21549041555647794, -0.3177317731751578] - [-0.04923747964357946, -0.4393970797703961, -0.017197431616977336, -0.06927764086444049]
B1: 0.013629777818519977 - -0.13994586033403475 - 0.0017770966281103213 - 0.0008542643003824611
B2: -0.07606485323900583 - -0.10966395864930698 - 0.02805396666396237 - 0.018858071525011615
