Number: 4324
Error: 9.762257047503311e-16
A1: [0.06621332160303205, -0.11395194291490181, -0.023983810468651844, 0.07172300783609444] - [0.03740261670652247, 0.1881933738100625, -0.14740894227824067, -0.0781870056764944] - [-0.060229345559539856, 0.32895082487293, -0.1277530844713024, -0.1409682971325979] - [0.03904608675498349, -0.05332275476981607, -0.03741866042065015, 0.051695050958664064]
A2: [-0.009108362312381317, -0.34680295900633357, 0.24945530552770187, 0.10645690370552478] - [0.08003988444525213, 0.036282320186605314, -0.050250048127681905, -0.06607189481827959] - [-0.04245281742808776, 0.2308318933282992, -0.04053124336972304, -0.1478478367278142] - [0.06813482711185018, -0.29346779899734293, 0.1417712930650047, 0.08356191464426867]
B1: -4.8507434573984496e-08 - 4.4510377332595445e-09 - 2.8305101662545143e-09 - 2.312414419122249e-08
B2: 2.3367894363698604e-08 - -3.0134407796259156e-08 - -5.159795105985621e-09 - -2.4248559542192234e-08
