Number: 8388
Error: 8.425740309433866e-16
A1: [0.08043170507755415, -0.18046779035989693, -0.019588836604797703, 0.1196249921287879] - [0.037415535982523784, 0.133596342197062, -0.13472623012170096, -0.036285869084180335] - [-0.0017028302070685934, 0.22819010531272788, -0.12282839382309366, -0.10365892141574384] - [0.03886325922527224, -0.11448099382584516, -0.046416416615437245, 0.12203425273367607]
A2: [0.0353073644107073, -0.029273554665025125, -0.07569742473130196, 0.06966332542818342] - [0.10289381668809182, 0.2828967678428412, -0.39260633240011217, 0.00681606513360701] - [-0.01118707358409954, 0.539014617251453, -0.35945099049817564, -0.16837643673940847] - [0.09786284681565487, 0.017463364118905575, -0.16885096538519892, 0.05352492814590057]
B1: -1.1821788529583958e-08 - 9.728702573554991e-10 - 9.638407157277543e-09 - 2.948800514104309e-08
B2: 2.026346478718158e-08 - -2.8870547554301126e-08 - 4.59849041723088e-09 - 2.3877864344261427e-08
