Number: 7571
Error: 1.252289208057655e-15
A1: [0.08043172079898034, -0.1804677746402506, -0.019588820902132948, 0.11962500784843313] - [0.03741561219158208, 0.1335964183484181, -0.13472615406462765, -0.03628579291741786] - [-0.0017027682905702748, 0.22819016722790497, -0.12282833199725399, -0.10365885951578013] - [0.038863256476018716, -0.1144809965674034, -0.04641641936293996, 0.1220342499861209]
A2: [0.0353074244315361, -0.029273494478236503, -0.07569736766413544, 0.06966338824634517] - [0.10289373332096921, 0.28289668376816934, -0.3926064130318102, 0.0068159778361872] - [-0.011187116846987257, 0.5390145737305838, -0.35945103144750945, -0.1683764823269285] - [0.09786279044717207, 0.017463307494071875, -0.16885101904444894, 0.053524868977478664]
B1: 2.31163745426914e-09 - 2.8765023999683034e-09 - 9.806538597369997e-09 - 7.06995234475829e-09
B2: 1.1936881247163016e-08 - 4.847488987820818e-09 - 2.3491676425425645e-08 - 4.378969875910681e-09
