Number: 6726
Error: 3.689422369568972e-16
A1: [0.080431669747955, -0.18046782568548628, -0.019588871892108176, 0.119624956803244] - [0.03741557747024468, 0.13359638365336307, -0.13472618871678382, -0.036285827619519075] - [-0.0017028333409081656, 0.22819010217895722, -0.12282839695234475, -0.10365892454875827] - [0.03886321849092923, -0.11448103444588262, -0.04641645732381471, 0.1220342120246475]
A2: [0.0353074303500808, -0.02927348854333301, -0.07569736203684224, 0.06966339444073433] - [0.10289375499886817, 0.28289670563003927, -0.39260639206523373, 0.006816000536099969] - [-0.011187123416959084, 0.5390145671214305, -0.35945103766611614, -0.16837648924995294] - [0.09786279089470412, 0.017463307943634605, -0.1688510186184131, 0.05352486944722564]
B1: -4.2025783065161286e-09 - 1.6368022200510732e-09 - -1.010215464361533e-08 - -6.503074072178752e-09
B2: -6.015964466839207e-09 - -3.949154814187639e-09 - -5.396146203116368e-09 - -3.953217682692882e-09
