Number: 8095
Error: 1.1180849865910679e-15
A1: [0.08043172819604714, -0.18046776724402086, -0.019588813513912545, 0.11962501524465861] - [0.03741552127522407, 0.13359632750087858, -0.1347262447997667, -0.036285883783384126] - [-0.0017028075585231999, 0.22819012796078966, -0.12282837120770684, -0.10365889877324878] - [0.03886323401140993, -0.1144810189689642, -0.04641644181322531, 0.12203422753548264]
A2: [0.03530753211255392, -0.02927338649940798, -0.07569726528222108, 0.06966350094601985] - [0.10289373755776321, 0.28289668804092283, -0.39260640893402515, 0.006815982272715472] - [-0.011187154484252927, 0.539014535868817, -0.359451067072072, -0.16837652198655254] - [0.09786280901931815, 0.01746332615067458, -0.16885100136494252, 0.05352488847215143]
B1: 3.841803509794464e-08 - 4.329406683161112e-09 - -2.195191200433292e-08 - -5.8400657329423016e-09
B2: 3.516767993442037e-08 - -4.270344072825698e-08 - 1.1027988430007154e-08 - 8.999672066181016e-09
