Number: 4694
Error: 6.804394491703112e-16
A1: [0.06621313820694799, -0.11395212221270516, -0.023983993720843696, 0.07172282474774361] - [0.03740257708079647, 0.18819333595036794, -0.1474089812333755, -0.0781870446350921] - [-0.060229278696513934, 0.32895088909121517, -0.12775301904307004, -0.1409682320560815] - [0.039046048394400484, -0.05332279118027514, -0.03741869753324157, 0.0516950141474058]
A2: [-0.00910861513735609, -0.3468032272140006, 0.2494550506569827, 0.10645663863238382] - [0.08003990720000402, 0.03628234469997193, -0.050250023258029214, -0.06607186973748842] - [-0.04245282070098836, 0.23083188971614338, -0.04053124687699039, -0.14784784034750534] - [0.06813482420595655, -0.2934678021969711, 0.14177128991436241, 0.08356191138610847]
B1: 1.664563153418369e-08 - 2.520710123705011e-08 - 1.1305353598833587e-08 - 3.302969526936961e-08
B2: 2.866711912307465e-09 - 8.205816820571805e-09 - 7.144414997158783e-08 - 2.60087050657793e-10
