Number: 314
Error: 5.538076101267291e-09
A1: [-0.012082292709520413, -0.014444175299866047, 0.01816592144466416, 0.008659118943542451] - [0.06587670185229239, 0.1895351403863826, -0.1452797093331993, -0.10996240372788987] - [-0.0966465128962074, 0.4214445603143691, -0.053840817706448295, -0.2724475179721301] - [-0.0015982976258228445, -0.01848539740723263, -0.004129718856843753, 0.02305679055753283]
A2: [0.1613940158981244, -0.16794386572178288, 0.008312534664762936, -0.0025209182181790512] - [0.03543198725497531, 0.20746384913784602, -0.11726394229615925, -0.12584459674991183] - [-0.08654505937914331, 0.5812134046372066, -0.23571126872299125, -0.26025881443838295] - [-0.003953430908626651, -0.004635741195049799, 0.0009930860045044261, 0.0071301302974330705]
B1: -0.00017301152901100632 - -0.00029575466384724265 - -0.0001879756426764485 - -9.068170459746907e-05
B2: 0.00031787384115419934 - -0.0006772604506434578 - -0.00010824537179446856 - -8.778226350991924e-05
