Number: 8782
Error: 2.0675601535924724e-07
A1: [0.08050760432846914, -0.1803919015056884, -0.0195130041219536, 0.11970088332020051] - [0.03735583013152053, 0.1335366423521602, -0.13478577472651165, -0.03634554959889375] - [-0.0015069787788224746, 0.2283859738262736, -0.12263281633891693, -0.10346311686596694] - [0.03906391824645522, -0.11428091515552162, -0.04621585652191251, 0.12223478032498233]
A2: [0.03533637392243666, -0.029244588059946293, -0.07566979457995718, 0.06969364481971176] - [0.1032686201533782, 0.2832746215420943, -0.39224377329532406, 0.007208525218050655] - [-0.011743446283928002, 0.5384549039379978, -0.3599776055604463, -0.16896274807367923] - [0.09800087141178371, 0.017601893063405004, -0.1687195249667887, 0.05366977944295563]
B1: -0.0002729190385492752 - -0.00041104257337366514 - -6.968707198618023e-05 - -0.00032154084293197947
B2: 0.0001348494731337965 - 0.0004228646248531864 - 7.392488643363348e-06 - 0.000169938379007555
