Number: 711
Error: 5.0865984964041e-14
A1: [-0.01215403478457986, -0.014517828418598213, 0.018086574956807197, 0.008582412416507248] - [0.06583512097614581, 0.1894951508066678, -0.14532268858615283, -0.11000868817715599] - [-0.09629232923376682, 0.4217868097462491, -0.05345652505738722, -0.2720348664949509] - [-0.0013218408434236514, -0.01821957242388413, -0.0038354732819149842, 0.023376349916754476]
A2: [0.16158680367094816, -0.16775469196567577, 0.008501415080400358, -0.0023329887129181015] - [0.03548555855150072, 0.20751655945009786, -0.1172105884993557, -0.125792190938831] - [-0.0862137381241534, 0.5815379322998279, -0.23538891486139923, -0.25993575680818154] - [-0.003835053894779848, -0.0045193749628526705, 0.0011101711701244727, 0.007243309917491677]
B1: -1.3870634597558463e-07 - -1.4162418931713832e-07 - -1.6701393112437597e-08 - 2.5956510053081366e-08
B2: -1.510805318863766e-07 - 3.032564419818258e-07 - 3.5809445466654014e-07 - -2.8026706047891914e-08
