Number: 49
Error: 0.001140549288611783
A1: [-0.025318553844923097, -0.028488193153375495, 0.004710257191964414, -0.0029217353722138153] - [0.11826309944794237, 0.24685623357349143, -0.09663638344033297, -0.07467981143402364] - [-0.1600602038932322, 0.36033077152327947, -0.1216971876743902, -0.3378490902364553] - [-0.022750890448924775, -0.034400940934332803, -0.026275532525004412, -0.0021062468013568064]
A2: [0.379923569551782, 0.047871101981545386, 0.21960293802605438, 0.20928504012734941] - [0.14057678272865218, 0.3091189145636121, -0.019399933923664424, -0.028716960634809212] - [0.14435830691815527, 0.8110869279904802, -0.012037328118577488, -0.03483117951123825] - [0.43740954390891607, 0.4358593380646095, 0.4381935072746631, 0.4304478965989281]
B1: 0.054109855149261726 - 0.43783241384543065 - -0.013688188228890348 - -0.02820507808560568
B2: 0.00023821110766942231 - 0.4217817403439819 - -0.01931744836603514 - -0.013133841702763504
