Number: 5842
Error: 1.950431842676543e-06
A1: [0.07991428101549622, -0.1810044349665151, -0.02009088233152732, 0.11911423232166567] - [0.039720454127700325, 0.13588573774952553, -0.13242291425641978, -0.033981840174093274] - [-0.0030476693154743487, 0.22683577767466495, -0.12415790254224167, -0.10499685490152184] - [0.03647574733185326, -0.1168780462814416, -0.04877636808566724, 0.11966177371038429]
A2: [0.034019264222155066, -0.03057278373094127, -0.07691521335924946, 0.0683281866261589] - [0.09270240425672431, 0.27257947827582935, -0.40246662732344557, -0.0038317548264453216] - [-0.007199348901057254, 0.5430409791665816, -0.35566725438871327, -0.1641774728945172] - [0.09927241482810203, 0.018883869392718095, -0.16750269888169084, 0.05500663910009819]
B1: 0.0011314487262873013 - -0.0011810489610127018 - 0.0004188855420209627 - 0.00077781542554823
B2: -0.0004994769476462764 - -0.000851269118570483 - -0.0014135081661826327 - -0.0006220674863102685
