Number: 6326
Error: 1.3324419958064387e-15
A1: [0.08043169871372322, -0.1804677967229963, -0.01958884296097305, 0.11962498576570543] - [0.037415612952547465, 0.13359641910881206, -0.1347261533051788, -0.03628579215686926] - [-0.001702765750867882, 0.22819016976755804, -0.12282832946126973, -0.10365885697675699] - [0.03886328479837914, -0.11448096832451873, -0.04641639105861732, 0.1220342782908872]
A2: [0.03530741625367127, -0.02927350267873467, -0.07569737543951523, 0.06966337968729969] - [0.10289381523412758, 0.2828967663765255, -0.39260633380649224, 0.006816063611239971] - [-0.011187085052028086, 0.5390146057151962, -0.35945100135289243, -0.16837644882346958] - [0.09786284212217844, 0.017463359404126962, -0.16885096985319312, 0.053524923219420074]
B1: -3.4591300663432532e-09 - 4.050441262586147e-09 - 2.2600831897884326e-08 - -4.701258763418181e-09
B2: -1.0690022293801437e-08 - -1.0352836025023048e-08 - 2.851707237273663e-08 - 1.3746883286706617e-08
