Number: 8575
Error: 1.7222589964864424e-15
A1: [0.0804316710446999, -0.1804678243888641, -0.01958887059692749, 0.11962495809985435] - [0.03741552720507089, 0.13359633342629362, -0.1347262388815774, -0.0362858778567292] - [-0.0017028221004866692, 0.22819011341912607, -0.1228283857283891, -0.10365891331133072] - [0.038863217068966935, -0.11448103586378296, -0.04641645874485506, 0.12203421060362148]
A2: [0.03530736859573028, -0.029273550468449334, -0.07569742075226747, 0.06966332980823231] - [0.10289359902513744, 0.2828965483326355, -0.3926065429211238, 0.006815837209061884] - [-0.011187104134131131, 0.5390145865192515, -0.3594510194145408, -0.16837646893092334] - [0.0978626634722548, 0.017463179941589156, -0.16885113991667053, 0.05352473569548223]
B1: 3.671113218580325e-08 - 4.797502721959059e-08 - 2.2497897290305234e-11 - 4.821665949945234e-08
B2: 6.380586662857574e-09 - -1.188732931025249e-08 - 3.0451608239003086e-08 - 9.57247787759446e-09
