Number: 7587
Error: 5.822341909457743e-16
A1: [0.08043171518989344, -0.1804677802487022, -0.01958882650451322, 0.11962500223998676] - [0.03741561527995326, 0.13359642143445197, -0.13472615098241003, -0.03628578983075742] - [-0.0017027832830747438, 0.22819015223572028, -0.12282834696780744, -0.1036588745042836] - [0.03886325947326626, -0.11448099357856711, -0.0464164163676023, 0.12203425298150562]
A2: [0.035307433866693605, -0.02927348501698322, -0.07569735869330015, 0.06966339812125279] - [0.10289375379984424, 0.2828967044208483, -0.39260639322490193, 0.006815999280549776] - [-0.01118714359044557, 0.5390145468276147, -0.35945105676079586, -0.16837651050742075] - [0.09786277830329039, 0.017463295294952736, -0.1688510306046469, 0.05352485623036601]
B1: 1.1807058273537695e-08 - 1.6322048482673987e-08 - 1.6544319202329954e-08 - 1.515271763802946e-08
B2: 1.8072528647855937e-08 - 1.8736401370789115e-08 - 2.0076000341226575e-08 - 1.6103848782016168e-08
