Number: 7233
Error: 7.995022406974964e-16
A1: [0.0804316988584155, -0.18046779657832288, -0.019588842816453227, 0.11962498591037987] - [0.03741559824912882, 0.13359640441652199, -0.13472616797929754, -0.03628580685214403] - [-0.0017028421216232804, 0.22819009339843419, -0.1228284057201962, -0.10365893332712534] - [0.03886324995790408, -0.11448100306721914, -0.046416425876894485, 0.12203424347206268]
A2: [0.03530741928171329, -0.02927349964231271, -0.07569737256051895, 0.06966338285649284] - [0.10289375360722278, 0.2828967042265868, -0.3926063934112052, 0.006815999078845594] - [-0.011187073722769959, 0.539014617112013, -0.3594509906294776, -0.16837643688546777] - [0.09786280885466347, 0.01746332598528676, -0.1688510015216979, 0.053524888299335965]
B1: -6.21141126141022e-09 - 1.6646760951799633e-08 - 9.29157922997503e-09 - -2.91720821632624e-10
B2: 1.1344355104852603e-08 - 9.716294233375269e-09 - -1.6070540394374508e-08 - 1.4226953601714619e-08
