Number: 5673
Error: 0.0007683506606376325
A1: [0.056991941761775355, -0.12230442348495958, -0.03280653029215581, 0.06302261870354432] - [0.023281101118925934, 0.17484774870629477, -0.16132670931047266, -0.09248201399529539] - [-0.11555961040227491, 0.27358935180243205, -0.1833445184597182, -0.1977861862121778] - [0.0317972734352413, -0.05800917047333972, -0.043198077586407965, 0.04674173732389525]
A2: [0.010218461749773401, -0.32740309465306366, 0.2658761962199599, 0.12887111429368867] - [0.09224202646660584, 0.04945549239406799, -0.03757075636701838, -0.05246124990982692] - [-0.01979473351982497, 0.25541911917831345, -0.017860411533210996, -0.1217039767677582] - [0.12047131398791296, -0.2361455455146458, 0.1969451400227155, 0.1426767914023385]
B1: -0.009827741422658553 - -0.005893698259356428 - -0.013999302030978744 - -0.026352630875083084
B2: 0.012807206032132788 - 0.00406975798561713 - 0.026565575774060806 - 0.009156758238329586
