Number: 7016
Error: 1.0228829337604357e-15
A1: [0.08043171160767204, -0.1804677838305091, -0.019588830082439963, 0.11962499865818106] - [0.037415588354722334, 0.13359639452960273, -0.13472617785399124, -0.036285816741070336] - [-0.0017027897006279956, 0.228190145818306, -0.122828353375962, -0.10365888092012555] - [0.0388631829451383, -0.11448106989191904, -0.04641649284695542, 0.12203417650094862]
A2: [0.03530744047294541, -0.02927347839246834, -0.07569735241214873, 0.06966340503541013] - [0.1028937193779274, 0.28289666970678384, -0.39260642651734123, 0.00681596323577486] - [-0.011187108408958531, 0.5390145822189378, -0.3594510234607241, -0.1683764734355042] - [0.09786280261720622, 0.017463319719458394, -0.16885100745935186, 0.05352488175203905]
B1: 1.5982078551440484e-09 - -3.4616550332410287e-09 - -2.117507232048809e-09 - -4.447393237612855e-10
B2: 1.3778314978512929e-08 - -4.274017770713019e-09 - 2.4299252257118488e-08 - -3.701104266965114e-08
