Number: 5453
Error: 1.6690392354199895e-14
A1: [0.06621315624524834, -0.11395210457753017, -0.0239839756967722, 0.07172284275571593] - [0.03740252702849179, 0.1881932881288366, -0.1474090304385842, -0.07818709384465321] - [-0.060229728841496834, 0.3289504567502921, -0.12775345952902542, -0.14096867017272477] - [0.03904605433588788, -0.053322785540807535, -0.03741869178492158, 0.05169501984901136]
A2: [-0.009108941379949964, -0.346803573304766, 0.24945472177446698, 0.10645629658623842] - [0.080039328564968, 0.03628172134515711, -0.05025065567175573, -0.0660725075214723] - [-0.042452860178070914, 0.2308318461469057, -0.040531289182441574, -0.14784788400754462] - [0.06813447744009216, -0.293468183999755, 0.14177091398752176, 0.08356152259948156]
B1: -2.3239408350776575e-07 - 2.586903878543413e-07 - 1.7897495486119988e-07 - 9.467706894507458e-08
B2: 2.070927623382617e-08 - 3.492113473991811e-08 - -1.378818187018122e-07 - -3.3258184454554896e-08
