Number: 5292
Error: 9.914006848605497e-16
A1: [0.06621317799219925, -0.11395208331648482, -0.0239839539667999, 0.07172286446623186] - [0.037402545955629196, 0.18819330621244496, -0.14740901183173946, -0.07818707523617252] - [-0.060229365898583756, 0.3289508053381162, -0.12775310437398463, -0.1409683169279883] - [0.039046216859357434, -0.05332263127937119, -0.037418534548798864, 0.05169517580842307]
A2: [-0.009108596860629769, -0.3468032078251124, 0.24945506908143103, 0.10645665779477592] - [0.08003993744870078, 0.036282377286406445, -0.05024999019791236, -0.0660718363967694] - [-0.04245271073080682, 0.2308320110855725, -0.04053112902892914, -0.14784771872510993] - [0.06813487253937561, -0.2934677489801238, 0.14177134231210464, 0.08356196557643535]
B1: -7.124370601546732e-08 - -1.4971321735770725e-08 - 3.393809099474444e-08 - 4.1678337155531167e-08
B2: 2.053084193621447e-09 - -1.2840434629320906e-08 - -4.993467426098758e-08 - 1.4008698969907917e-08
