Number: 1803
Error: 1.4034138946726126e-07
A1: [-0.005920807062715643, -0.013712128920871713, 0.004349089277409199, 0.020731186225523696] - [0.06669628414488839, 0.18976485991071718, -0.14687238514147585, -0.11000641246337213] - [-0.11162252326747325, 0.44275242442663454, -0.06983042258356789, -0.2570503628134079] - [-0.022714374727516563, 0.016024033374442217, -0.029332691358875385, 0.03961172186494143]
A2: [0.13115955857036057, -0.22506589235842894, 0.02226499034144722, 0.06975667422393368] - [0.0328019562168598, 0.2039104283903223, -0.11473246331912734, -0.12130037187296688] - [-0.09291505903034784, 0.5572544719679781, -0.2334372360012907, -0.2238394100308733] - [-0.02187370045711138, -0.020343045412069244, 0.007074718742713, 0.031162027311772606]
B1: 0.000306740428451599 - -0.0002921440512045133 - -0.0002741584230083516 - 0.00010389033110674544
B2: 0.0008021290406556203 - -0.0001030836122314691 - 8.451943947068713e-05 - -2.5138283897558093e-05
