Number: 8857
Error: 5.974113471547771e-05
A1: [0.07830098813251171, -0.18246619443581, -0.023281745816348565, 0.11784706057079] - [0.03263882552040648, 0.12893620658531604, -0.1404858288886375, -0.04087515923066333] - [-0.005860831469508944, 0.22403492722735224, -0.12740927342872704, -0.10781422836988855] - [0.039628209058963165, -0.11346508581920184, -0.047462314950004095, 0.12322883579650797]
A2: [0.06203759882501987, -0.002609737447109542, -0.05021677034603854, 0.09767569295296531] - [0.09525237884596982, 0.27528859879152406, -0.39942686714718456, -0.0012568179341650842] - [-0.045621320408692184, 0.5036384402220941, -0.3927758966413426, -0.20446071458832044] - [0.13447678643866737, 0.05432186939075432, -0.13363110754320923, 0.0919428837715136]
B1: -0.004563420017156055 - 0.0022842390758256786 - 0.018194113711577132 - -0.007313572016745413
B2: 0.0005389852430092395 - -0.00024514297112226404 - -0.005830690394186076 - 0.0005170607202899546
