Number: 2722
Error: 5.755851079399872e-09
A1: [0.06332475147845794, -0.047982171129456554, -0.02355291693264916, 0.007746330444006544] - [0.04348880583524748, 0.1911035732934512, -0.14274264537820855, -0.09270250124072896] - [-0.12341227505486912, 0.4148947437829956, -0.10482318937435098, -0.18703654044851512] - [0.03677593759766034, 0.01893970380811424, -0.033358601137105065, -0.023276912409497554]
A2: [0.06350565584744093, -0.17362102584067868, 0.08639140208519878, 0.02402334766155021] - [0.029359494765872393, 0.20036711612535382, -0.1016406332305461, -0.12780498454844752] - [-0.09259645685288802, 0.5144809685364617, -0.2247911520532033, -0.19430984832414044] - [-0.024983616399689455, 0.01946005609997485, -0.049345099694802615, 0.05789620216353769]
B1: 2.4783599868048975e-06 - 0.00018306360346273117 - 3.300993302598992e-05 - 2.000613583261042e-05
B2: 3.485090180919299e-05 - 3.2758908811371563e-05 - -5.43184870398665e-05 - -6.033923815148397e-06
