Number: 7948
Error: 1.1247253398143557e-15
A1: [0.08043169977148892, -0.18046779566536453, -0.019588841904479796, 0.11962498682334625] - [0.03741566736488244, 0.1335964734799653, -0.13472609900121219, -0.036285737774659946] - [-0.0017028041922927612, 0.22819013132694801, -0.12282836784640273, -0.1036588954079161] - [0.038863255282196946, -0.11448099775787757, -0.046416420555992446, 0.12203424879304632]
A2: [0.035307438727268894, -0.02927348014296663, -0.07569735407190495, 0.06966340320834952] - [0.10289377077353816, 0.2828967215385967, -0.3926063768081423, 0.006816017054453237] - [-0.011187023514000163, 0.5390146676202345, -0.3594509431056844, -0.1683763839788417] - [0.09786285461886969, 0.017463371957647043, -0.16885095795706465, 0.05352493633677532]
B1: -7.402883868562714e-09 - 2.4898634562774334e-08 - 2.4598095683668866e-08 - 1.123793002446269e-08
B2: -2.17179188132275e-09 - 3.695066792004218e-08 - -5.3195559341874274e-11 - 4.352981824991719e-09
