Number: 367
Error: 1.1561481183986989e-10
A1: [-0.012127801044787284, -0.014490880699260602, 0.018115574525121306, 0.0086104518539897] - [0.0658782258387152, 0.18953661610669928, -0.14527812306579999, -0.10996069519218668] - [-0.09628972643769738, 0.42178932737915925, -0.053453696641530844, -0.2720318345373252] - [-0.001349535591925323, -0.018246206472667087, -0.00386494822739894, 0.0233443380288125]
A2: [0.16159565896582093, -0.16774601001695225, 0.008510088971128635, -0.0023243602659764996] - [0.03547519882205685, 0.2075063645646146, -0.11722090629407128, -0.12580232647589065] - [-0.08618429157816024, 0.5815667701477228, -0.2353602686650262, -0.25990705036684103] - [-0.003844350140642244, -0.004528517833420821, 0.0011009723788252279, 0.007234416804565392]
B1: -9.32408792900334e-06 - 3.2695192173642476e-05 - 1.2777009142979986e-05 - 2.6395287000620403e-06
B2: 1.5729535843076986e-05 - 2.70546429421136e-05 - 1.9787103440625184e-05 - 6.800756604838386e-07
