Number: 7017
Error: 1.2118850386635146e-15
A1: [0.08043171058834192, -0.1804677848497238, -0.019588831100551294, 0.11962499763896735] - [0.037415589071500395, 0.1335963952458383, -0.13472617713864138, -0.036285816024689325] - [-0.001702791392681689, 0.22819014412628835, -0.1228283550655383, -0.10365888261172769] - [0.03886318707118317, -0.11448106577745332, -0.046416488723539644, 0.12203418062442914]
A2: [0.03530744129038703, -0.029273477572765792, -0.07569735163493557, 0.06966340589095137] - [0.10289372098131679, 0.2828966713237813, -0.3926064249665639, 0.006815964914757671] - [-0.0111871096330472, 0.5390145809875481, -0.3594510246193508, -0.16837647472536904] - [0.09786280214046977, 0.017463319240553454, -0.16885100791317414, 0.053524881251621054]
B1: 1.8863381115932615e-09 - -3.77074652303805e-09 - -2.0459120396550884e-09 - -5.4046046898427684e-11
B2: 1.1989866230188342e-08 - -4.796709861499126e-09 - 2.239919151691238e-08 - -3.5303081550464065e-08
