Number: 899
Error: 2.964888968293925e-09
A1: [-0.01186831412074486, -0.014224472313722444, 0.018402357311718322, 0.00888766844159657] - [0.06578301741025891, 0.1894450302997911, -0.14537655766770133, -0.11006669651316399] - [-0.0961859173967297, 0.4218896131713757, -0.05334106699742758, -0.27191091231710124] - [-0.0011556429869440698, -0.018059698364542093, -0.0036585610517228273, 0.023568513582212413]
A2: [0.161667170644933, -0.16767573492909177, 0.008580240259215345, -0.002254487712794383] - [0.0355416725568814, 0.207571776287973, -0.11715470501597473, -0.12573729591671937] - [-0.08609716142147854, 0.5816522059240957, -0.23527541719907089, -0.2598219584309048] - [-0.003745586006807389, -0.0044313630504483155, 0.0011987458131713332, 0.007328924509308336]
B1: 3.391921809271607e-05 - -6.370387189266589e-05 - 2.5669620392760355e-05 - -5.5395469861511116e-06
B2: 0.0001567508554243609 - -0.00011068333706030352 - 4.343515080259625e-05 - -2.6996155719516123e-05
