Number: 3739
Error: 1.2732837299553723e-15
A1: [0.06621320604859138, -0.11395205588708275, -0.023983925932421924, 0.07172289247555841] - [0.03740257918824627, 0.1881933379638866, -0.1474089791616047, -0.07818704256310553] - [-0.06022933648287394, 0.3289508335906078, -0.1277530755894011, -0.1409682882985158] - [0.0390461039084749, -0.05332273848838058, -0.03741864382520711, 0.05169506741941129]
A2: [-0.009108456195348372, -0.3468030586013209, 0.24945521088522155, 0.10645680527454775] - [0.08003980612020925, 0.03628223580809103, -0.050250133732506023, -0.06607198115000067] - [-0.04245284494440717, 0.23083186295956593, -0.040531272857332566, -0.14784786715989784] - [0.06813487518857317, -0.29346774606263065, 0.14177134518495246, 0.08356196854734277]
B1: -2.580641268205268e-08 - 1.213931437065007e-08 - -1.148191463056426e-09 - 2.1523951708060363e-08
B2: -2.5004393208371852e-08 - 3.204983183506188e-08 - 4.453230226104534e-09 - 2.5087484922075802e-08
