Number: 4688
Error: 7.762713728221944e-16
A1: [0.06621314843947607, -0.11395211220883582, -0.023983983496344577, 0.07172283496310101] - [0.03740257576775296, 0.18819333469584465, -0.1474089825241976, -0.07818704592602803] - [-0.0602293147920501, 0.32895085442342065, -0.12775305436404322, -0.140968267187086] - [0.03904606731416702, -0.05332277322232835, -0.03741867922898968, 0.05169503230303502]
A2: [-0.009108631522726812, -0.34680324459629897, 0.24945503413903464, 0.10645662145323931] - [0.08003994349719448, 0.036282383802426134, -0.050249983587285184, -0.06607182972989968] - [-0.04245283125803804, 0.2308318780647454, -0.04053125819033217, -0.14784785202318268] - [0.06813471359214988, -0.2934679239874079, 0.14177116999847603, 0.08356178736782417]
B1: 1.4274803290764155e-08 - 6.950867532886899e-08 - -2.246373145590632e-09 - -1.6530082753772247e-08
B2: -5.252851761176711e-09 - 1.6707263149501424e-09 - 7.25750037688056e-08 - -6.866333244964076e-09
