Number: 4432
Error: 1.0941291738107828e-15
A1: [0.06621314761995584, -0.11395211301005044, -0.02398398431521161, 0.07172283414498486] - [0.03740263455829545, 0.18819339086621767, -0.14740892472857764, -0.07818698812529473] - [-0.0602293487179311, 0.3289508218394658, -0.12775308756192713, -0.14096830020657736] - [0.03904614005908768, -0.053322704175522526, -0.03741860885066251, 0.051695102109965176]
A2: [-0.009108532952780569, -0.3468031400290561, 0.24945513350667195, 0.10645672479845851] - [0.08003980048540284, 0.03628222973781903, -0.05025013989099121, -0.06607198736076053] - [-0.0424528112338548, 0.23083190016464394, -0.040531236731723874, -0.1478478298771971] - [0.06813482580411687, -0.2934678004372414, 0.14177129164724422, 0.0835619131780304]
B1: -5.2911676109758965e-09 - 1.03588947312347e-08 - -7.344631149995798e-09 - 8.912468572345667e-09
B2: -1.7169315300410423e-08 - 1.6605639192750464e-08 - -3.77396242257882e-09 - 4.372920736337429e-09
