Number: 8091
Error: 7.430684239399092e-16
A1: [0.08043173281355105, -0.18046776262703892, -0.019588808901928326, 0.119625019861636] - [0.037415515501940826, 0.1335963217319631, -0.13472625056154874, -0.03628588955347091] - [-0.0017028062145349183, 0.22819012930474955, -0.12282836986568595, -0.10365889742961895] - [0.038863236067401954, -0.11448101691874188, -0.04641643975854302, 0.12203422959019693]
A2: [0.0353074951819456, -0.029273423532157235, -0.07569730039543278, 0.06966346229419583] - [0.10289373271672526, 0.28289668315880057, -0.3926064136162173, 0.006815977203447487] - [-0.011187111179446558, 0.5390145794319076, -0.3594510260830598, -0.16837647635484623] - [0.0978627768128508, 0.017463293797718545, -0.16885103202346188, 0.053524854665900456]
B1: 5.868119919476579e-09 - 7.117586340711188e-09 - -9.914907385538286e-09 - 7.957582588374804e-09
B2: 3.9260300968342305e-08 - -4.641203313474777e-08 - 1.3361421781430687e-08 - 1.0031742804807623e-08
