Number: 1591
Error: 1.571093359696529e-07
A1: [-0.007075652295793347, -0.01488038990554099, 0.0031147120000540422, 0.01956782214244457] - [0.06626193129441424, 0.1893409554363381, -0.1473191685489799, -0.11049047492861726] - [-0.11208017389747986, 0.4422810670561664, -0.07026078285876994, -0.25755292506313215] - [-0.02335595271509602, 0.015355425186851674, -0.029921123687734346, 0.03892464976986644]
A2: [0.1312756184472934, -0.22493590308870703, 0.022360989095150368, 0.06985455861654936] - [0.03257127296275278, 0.2036753785120958, -0.11496243415313216, -0.12153053895581645] - [-0.09570665667276845, 0.5544739587773979, -0.2362671263178273, -0.2267010037279976] - [-0.02113123499221601, -0.01957901632316193, 0.007814072045843397, 0.03188638978519386]
B1: -0.0002430207695594282 - -0.00040501542663961133 - -0.00019383699229735964 - -0.00018800102666122163
B2: 0.0004765284947059521 - -0.0013522013002336302 - 0.000621670094877936 - 0.00034532112392077517
