Number: 7689
Error: 9.980957028042074e-16
A1: [0.08043166744579143, -0.1804678279873968, -0.01958887419151263, 0.11962495450134675] - [0.037415559828081084, 0.13359636602454672, -0.1347262063237795, -0.03628584525190496] - [-0.001702845977031485, 0.22819008954310077, -0.12282840956996215, -0.10365893718150379] - [0.03886321414276559, -0.1144810387818544, -0.04641646166920282, 0.12203420767918725]
A2: [0.035307513211637095, -0.029273405452587314, -0.07569728325307104, 0.06966348116427147] - [0.10289371350237608, 0.28289666378137646, -0.3926064322001054, 0.0068159570832422274] - [-0.011187170992073859, 0.539014519262553, -0.35945108269705883, -0.16837653938144204] - [0.09786276330252147, 0.017463280225952886, -0.168851044884422, 0.0535248404844603]
B1: -3.687154087574816e-08 - -2.6200097382631825e-08 - 1.4801089701950914e-08 - 3.365577993602349e-09
B2: -8.291767540283311e-09 - -1.57687501424938e-08 - -1.1332701450959187e-08 - -6.9857569766132854e-09
