Number: 5215
Error: 9.5728671426566e-16
A1: [0.06621307402084431, -0.11395218496448752, -0.023984057856576906, 0.07172276066935884] - [0.037402540808946505, 0.18819330129509973, -0.14740901689134958, -0.07818708029622795] - [-0.060229446750468305, 0.32895072768434735, -0.12775318349085787, -0.14096839561935245] - [0.039046114081048, -0.0533227288328297, -0.03741863398348615, 0.051695077181108565]
A2: [-0.0091085347807332, -0.3468031419682466, 0.24945513166368305, 0.10645672288202497] - [0.08003971946227241, 0.03628214245285264, -0.05025022844440266, -0.06607207666616136] - [-0.042452859993998074, 0.2308318463500925, -0.040531288984860525, -0.1478478838039151] - [0.06813476213511895, -0.29346787053952855, 0.1417712226236391, 0.08356184179346184]
B1: -4.9748911716115415e-08 - 2.0945732233692286e-08 - -8.884530904441054e-09 - -2.2808247412019058e-08
B2: -9.617444881817337e-09 - -3.1054034752465185e-08 - 2.5119316911217798e-08 - -3.793215814805067e-08
