Number: 8274
Error: 1.3463263003883367e-15
A1: [0.08043169640503113, -0.1804677990314545, -0.019588845266963174, 0.11962498345724164] - [0.03741563456791335, 0.13359644070786117, -0.1347261317327289, -0.03628577055339201] - [-0.0017028036775282394, 0.22819013184169307, -0.12282836733240368, -0.10365889489330005] - [0.03886324825743832, -0.11448100476291839, -0.04641642757629589, 0.12203424177264431]
A2: [0.03530743498924244, -0.02927348389128587, -0.07569735762598034, 0.0696633992961155] - [0.1028936741656904, 0.2828966241108535, -0.3926064702460655, 0.006815915892042428] - [-0.011187050976228524, 0.5390146399941675, -0.3594509690992955, -0.16837641291674638] - [0.09786291869706093, 0.017463436327275164, -0.16885089695862981, 0.05352500359784576]
B1: -1.9307698668374714e-09 - -3.4242105992948944e-08 - 1.6248602646621856e-08 - 3.278144528868848e-08
B2: 2.9159074635423865e-09 - 1.9635032569802677e-08 - 2.3998900244606006e-08 - -7.341595442223855e-10
