Number: 5334
Error: 1.120540648052719e-15
A1: [0.06621319930428486, -0.11395206248064373, -0.023983932671433738, 0.07172288574255663] - [0.0374026469045973, 0.1881934026623938, -0.14740891259113625, -0.07818697598678921] - [-0.06022927078481147, 0.3289508966897337, -0.12775301130124878, -0.14096822435583292] - [0.03904624980248768, -0.05332260001093248, -0.03741850267736652, 0.051695207421069575]
A2: [-0.009108961382468589, -0.3468035945245543, 0.24945470161030983, 0.10645627561442844] - [0.08003994435203991, 0.03628238472327564, -0.05024998265298866, -0.066071828787767] - [-0.04245272781992302, 0.23083199222502698, -0.040531147342246526, -0.1478477376249516] - [0.06813485555805242, -0.2934677676772398, 0.1417713239027738, 0.08356194653733393]
B1: -3.861962488553393e-08 - -6.842777139974744e-08 - 3.0636261734898296e-08 - 3.909806929151495e-08
B2: -2.0234358462877224e-08 - -4.0034505057828215e-08 - -4.608947631031847e-08 - 3.191328656439731e-08
