Number: 3205
Error: 0.05189515246130988
A1: [-0.04933931157464716, -0.18986645655305018, -0.15178072726334968, -0.11617691290658216] - [-0.07272162383948892, 0.07505858842801175, -0.2613704500967853, -0.2079478832167898] - [-0.45020249824480596, 0.07764809536587386, -0.43492330499821974, -0.4983563439500905] - [-0.4700713145697249, -0.48325822512255523, -0.525683740852181, -0.48320723283757905]
A2: [0.098459489651606, -0.08993466669373035, 0.14645895576330642, 0.11682359000229546] - [0.10523291586179509, 0.2885503359667654, -0.022823082710412442, -0.045439273428028684] - [-0.06066356768568128, 0.568720230350783, -0.19510353227995425, -0.165572887356443] - [0.07816861865693522, 0.13416666493708504, 0.03565829544099655, 0.12086910492596059]
B1: 0.10340583275671235 - -0.026005520565001716 - 0.06999426934875833 - 0.047693826670471215
B2: -0.1953817309090346 - -0.1304470388475821 - -0.12562777770488487 - -0.048228738958680586
