Number: 3674
Error: 2.629421975425555e-14
A1: [0.0662141058211156, -0.11395117622037751, -0.023983026865345248, 0.07172379073799098] - [0.037402163309022296, 0.18819294061869787, -0.14740938800330033, -0.0781874514404215] - [-0.060229362093013876, 0.3289508089932306, -0.12775310064997106, -0.14096831322419004] - [0.039045197221690926, -0.05332359908323204, -0.037419521014813266, 0.05169419735344931]
A2: [-0.009107341933385173, -0.34680187654498656, 0.24945633416160104, 0.10645797351484673] - [0.080039118857456, 0.036281495429794704, -0.05025088487167046, -0.06607273866597117] - [-0.04245239813204425, 0.2308323560899341, -0.0405307940350183, -0.14784737300182338] - [0.06813602284514943, -0.2934664824432875, 0.1417725893556611, 0.08356325528115735]
B1: -9.454303462976713e-10 - -1.4898045422062101e-07 - 3.6219510761943047e-07 - 1.2695387302052192e-07
B2: 1.8943329922288086e-07 - -1.6523196046146934e-07 - 1.526047802441383e-07 - 3.543267295961126e-07
