Number: 1788
Error: 3.6772473237869903e-07
A1: [-0.0037470845158172235, -0.011531881234864125, 0.006592759484455921, 0.022965720657605555] - [0.06726537219191604, 0.1903131153650397, -0.14628578364373424, -0.10937289142252758] - [-0.11326079388854346, 0.4411384837205041, -0.07154226644343537, -0.2588217731661524] - [-0.02789486723372705, 0.010931483022514137, -0.03460807250312409, 0.0341416681494394]
A2: [0.13036437514304827, -0.2258318024322984, 0.021492802673274584, 0.06899771151190043] - [0.03337568298547867, 0.20447163018344577, -0.11416315270967979, -0.12074245580787682] - [-0.09379916153384198, 0.5563728342851723, -0.23432140537421212, -0.22474088153439975] - [-0.022598558221885227, -0.021035837594718505, 0.0063685827624359904, 0.03049175821211927]
B1: 0.0004490442336572996 - 7.277525824313043e-05 - -0.0005770568108035446 - 0.0006628324727033478
B2: -0.000977935074329671 - 0.0007979467840538713 - -0.0006657681946224829 - 0.0003062530369327214
