Number: 5867
Error: 1.4105573619204223e-07
A1: [0.08160580376743684, -0.17929667997875198, -0.01841499103814179, 0.1207995115127762] - [0.03915855560740693, 0.13533669027066023, -0.13298676989202526, -0.03454376052330484] - [-0.0015293777201611579, 0.22836232450051866, -0.12265407508090762, -0.10348497275451117] - [0.038989097675587, -0.11435765409996511, -0.04628852651110181, 0.122161053711094]
A2: [0.03646955938047304, -0.02811018762163564, -0.07459148732838096, 0.0708819227647509] - [0.10638030082716682, 0.28640585749715664, -0.38923639673026206, 0.01046970963990606] - [-0.010717896862885077, 0.5394860222739292, -0.3590039352184776, -0.16787911290080032] - [0.0987691821185458, 0.018372442814633034, -0.16798656878184007, 0.054478505639056644]
B1: 0.00011800514136376427 - -0.0008784019609989514 - 0.0011227263935156932 - 0.00041694950414193605
B2: 0.00011100881679198852 - -0.0001980825998899637 - 3.97217888415282e-05 - -2.320497740350464e-05
