Number: 8913
Error: 0.0008287948697115088
A1: [0.10437544919126365, -0.14350993739835274, 0.027146113457594365, 0.16640964047410242] - [0.05387601842985019, 0.16577781732210406, -0.0880290140189698, 0.008800687921757179] - [0.013054096163239257, 0.25045491334314907, -0.09578210317567423, -0.07817721265800355] - [0.07181830118966552, -0.06485613151236336, 0.009050631294176256, 0.1773973720479035]
A2: [-0.033777219050115284, -0.09472969414036936, -0.15118162634947474, 0.004751208301949701] - [0.024750312415556266, 0.20427348476283386, -0.46838025101547553, -0.07048194822369458] - [-0.07350716189745372, 0.4699457828388897, -0.41492006111147023, -0.22318017152928765] - [0.0469495042505651, -0.03837601138332999, -0.21223918439192563, 0.011214573864629818]
B1: 0.029750455525012952 - 0.04908945167865805 - 0.03903989361863537 - 0.033826676306008184
B2: 0.02761272906512112 - 0.028214789446073314 - 0.018237847220075112 - 0.031306064497095984
