Number: 8846
Error: 5.999340705606297e-05
A1: [0.0861255867176436, -0.1746987060397621, -0.014770792302405609, 0.12546404727594013] - [0.0390030593650081, 0.13521269799849453, -0.13384948376938544, -0.03460366808445442] - [-0.008473661416702095, 0.22144956543883482, -0.12999517713898007, -0.11039700183016608] - [0.045500118612529145, -0.10773977533231716, -0.04080059031016021, 0.1288415826961137]
A2: [0.053560772172811806, -0.01113915839735288, -0.058198762859438, 0.08878006216565099] - [0.09965209460964564, 0.2795767138749763, -0.39556799398126297, 0.003443459969263948] - [-0.04053139032784489, 0.5091409524628715, -0.387445033680734, -0.19909396949895516] - [0.12595242649970553, 0.045573627727689095, -0.14192145072854365, 0.08300097607562693]
B1: -0.0032975679802064546 - -0.007056608188742441 - 0.011125408613134137 - -0.008791906345658324
B2: -0.00856889617337355 - -0.00807435382647756 - -0.005198778754554396 - -0.006809677588708391
