Number: 2572
Error: 1.3315032888392554e-08
A1: [0.06358605213554885, -0.047715790883200236, -0.023291138466740236, 0.008007624102075945] - [0.04397821491956765, 0.19157661351750455, -0.14223877390492873, -0.09216478426067135] - [-0.12328568766136169, 0.4150290000312533, -0.1046888999864645, -0.18690239093143107] - [0.037314176520431175, 0.019485718073431975, -0.03281816971288322, -0.022739161911910125]
A2: [0.06315330344553448, -0.1739776699594403, 0.08604239241429405, 0.02367383624956214] - [0.029359301881886422, 0.20036669370110932, -0.10164085609497714, -0.1278054847645479] - [-0.09362044887400166, 0.5134740147146728, -0.22582078197127764, -0.1953024952978591] - [-0.02618227013931104, 0.0182688261087112, -0.05055131254137745, 0.056726799301729025]
B1: -0.00015768228956495478 - -2.7703511979865013e-05 - -0.0001370986076154435 - -0.00010414864024455619
B2: 1.796272703853778e-05 - -0.0003514048434539549 - 0.0001339272066996196 - -1.0227183644577907e-05
