Number: 2842
Error: 1.7537131549707835e-08
A1: [0.06307242165402122, -0.04823253358685538, -0.023802157704713497, 0.0074961988857715454] - [0.04337839362763966, 0.19099723032595914, -0.1428561601744145, -0.092823417189003] - [-0.12358389606854846, 0.41472238327250127, -0.10499886863049047, -0.1872126496760534] - [0.03680240514257399, 0.01896578023157824, -0.03333356313799306, -0.02325224438915215]
A2: [0.06322841780936767, -0.1738980401415368, 0.08611028537662994, 0.023746733383307888] - [0.02949487529132578, 0.20050057958531908, -0.1015058702697234, -0.12767237476802862] - [-0.09332579318251374, 0.5137644044123395, -0.22552165947931105, -0.19501643365744678] - [-0.0260746823258801, 0.018373877974634197, -0.05043466483416274, 0.056833892432732895]
B1: 1.428056756703507e-05 - 0.00021261106363407823 - 4.3182488443800876e-06 - 0.00011623620608308482
B2: -4.327684632075468e-05 - -0.00016599054865760093 - 1.4229757153141225e-05 - 5.806526098614508e-05
