Number: 6790
Error: 8.816677530230253e-16
A1: [0.08043164206793826, -0.1804678533623671, -0.019588899539028728, 0.1196249291263883] - [0.03741554808568435, 0.13359635429104333, -0.13472621804279525, -0.03628585698780234] - [-0.0017028607471474772, 0.22819007477330297, -0.12282842431845759, -0.10365895194768363] - [0.03886318941520935, -0.11448106344000432, -0.046416486381007774, 0.12203418296699832]
A2: [0.03530738948597382, -0.02927352952046545, -0.07569740088990927, 0.06966335167200802] - [0.10289368187524009, 0.2828966318858019, -0.39260646278944744, 0.0068159239649684495] - [-0.011187128871161925, 0.5390145616346949, -0.35945104282863766, -0.16837649499723772] - [0.09786276098212561, 0.017463277894993152, -0.16885104709324905, 0.053524838048751786]
B1: 1.8058261831296252e-08 - 4.863467770465747e-09 - 2.0771179214658347e-08 - 1.8724715923708516e-08
B2: 8.747370099376679e-09 - 7.55400687131968e-09 - 6.1357012705822755e-09 - 8.759601021993593e-09
