Number: 829
Error: 1.5284786864644983e-12
A1: [-0.012149104201303764, -0.014512764184075383, 0.018092024711152635, 0.008587681315757528] - [0.06583952401635892, 0.18949938635200747, -0.1453181362283626, -0.11000378583799932] - [-0.09629283046733023, 0.4217863253153799, -0.05345706898164331, -0.27203545048794225] - [-0.0013198212133540242, -0.018217629962320386, -0.0038333234758966533, 0.023378684434438798]
A2: [0.16158563072747176, -0.16775584283237735, 0.008500265736268288, -0.0023341320532913935] - [0.03548646395077253, 0.20751745030155533, -0.11720968689936287, -0.12579130520563908] - [-0.08621460574184649, 0.5815370824505729, -0.23538975914704138, -0.2599366027041085] - [-0.003837754602529614, -0.004522030765230536, 0.001107498098554238, 0.00724072611054543]
B1: -1.1133227043768771e-06 - -9.299909964439501e-07 - -4.666082135312996e-07 - -1.2325080595434455e-06
B2: -2.370374820477826e-06 - -3.3075647541788554e-06 - -1.8942855671187772e-06 - 7.629185472850265e-06
