Number: 5304
Error: 1.3437471193860334e-15
A1: [0.06621321543383574, -0.11395204671153071, -0.023983916554544755, 0.07172290184503283] - [0.037402608032102255, 0.1881933655223379, -0.14740895080579236, -0.07818701420482714] - [-0.06022944495574933, 0.32895072940792086, -0.12775318173475306, -0.14096839387269045] - [0.039046168270776685, -0.05332267739789601, -0.03741858155667602, 0.05169512918222497]
A2: [-0.0091085946233315, -0.34680320545167354, 0.24945507133681033, 0.10645666014044412] - [0.0800398199025207, 0.03628225065566512, -0.05025011866900137, -0.06607196595872099] - [-0.04245278105875779, 0.23083193346759162, -0.04053120439493054, -0.14784779650485924] - [0.06813481371817381, -0.29346781374457254, 0.14177127854446056, 0.08356189962731086]
B1: -3.151828022997089e-09 - 5.142324521076263e-08 - 2.7145584743932365e-08 - 2.6351173486294904e-08
B2: -3.1266582058939885e-09 - -1.5131117145544678e-08 - 3.368706332931317e-08 - -7.558236656099128e-09
