Number: 223
Error: 8.67146997028348e-07
A1: [-0.01025110303761172, -0.012583075168213286, 0.020177966791013215, 0.010614641755499185] - [0.0693289913277887, 0.19285193827815578, -0.14170989059650582, -0.10611735917504554] - [-0.09212293878637964, 0.4258348592073481, -0.048916151827683885, -0.2671609601522394] - [-0.0070782707297814785, -0.023776570295340957, -0.009979279496168265, 0.016685224146085836]
A2: [0.16215675946948005, -0.16718771293844562, 0.009093391365522108, -0.0018059560995444502] - [0.0406316705295877, 0.21258572867693937, -0.11208158617171804, -0.12076003002664364] - [-0.08653780559704728, 0.5812111840106147, -0.23570914445436283, -0.2602827449199212] - [-0.0042692864118983, -0.0049442438308767815, 0.0006862068839349244, 0.0068196036297492]
B1: -0.00014733219955215515 - 7.089378471484848e-05 - -0.00033882301345912366 - -0.0002792476139693672
B2: -0.003002937580309026 - 0.00025376414460600856 - 0.003364920014028496 - -0.001441460239706754
