Number: 5217
Error: 1.3066561931677515e-15
A1: [0.06621310642381777, -0.11395215328559863, -0.023984025479031244, 0.07172279301795295] - [0.037402549221972434, 0.18819330933318004, -0.14740900862069797, -0.07818707202484511] - [-0.06022928407020263, 0.3289508839299987, -0.12775302430142713, -0.1409682372860969] - [0.03904611820339336, -0.053322724920045854, -0.03741862999524871, 0.051695081136962404]
A2: [-0.009108612148251753, -0.3468032240428672, 0.2494550536701999, 0.1064566417665815] - [0.08003971814144797, 0.036282141029947874, -0.05025022988798707, -0.06607207812200273] - [-0.042452888072491646, 0.23083181536103448, -0.04053131907481141, -0.14784791485755625] - [0.0681347207582579, -0.29346791609709233, 0.14177117776726142, 0.083561795402556]
B1: -6.043377588396087e-08 - -4.076546113583106e-09 - -3.267515955399676e-08 - -4.222404403585946e-08
B2: -3.63610407858015e-09 - -1.687552680775687e-08 - -1.0305769699935835e-08 - -3.187048525286757e-09
