Number: 3061
Error: 2.2685790202365649e-07
A1: [0.06318535299836753, -0.04811840724995983, -0.023690318987587097, 0.007601851016716163] - [0.04331472258148663, 0.19093682436607567, -0.1429173680295981, -0.09288925137506425] - [-0.12288362805682869, 0.4154327378339342, -0.1042835159454166, -0.18649031991427603] - [0.037101224618905956, 0.0192662166593998, -0.033041160530421304, -0.022969196681505044]
A2: [0.060226448754308846, -0.17688320202198055, 0.08311498081579025, 0.020781382940398503] - [0.029643746540562267, 0.20064891971199245, -0.1013589025291406, -0.12752761900285903] - [-0.09627458808756507, 0.5108674446096305, -0.2284778486447068, -0.19786933806718357] - [-0.02946929221204547, 0.01498798073025545, -0.05384569266186739, 0.05353195923462061]
B1: -0.000354985969802862 - 0.00014297961945217995 - -0.0002675061441357621 - -0.0002919972877325105
B2: -0.0002092014422166969 - 0.0012769919445871363 - -0.00030656704646630313 - -0.0005496488093163832
