Number: 4239
Error: 1.0896375790759192e-15
A1: [0.06621319832335937, -0.11395206343967787, -0.02398393365158325, 0.0717228847633026] - [0.037402598496424994, 0.1881933564115466, -0.1474089601801678, -0.07818702358000479] - [-0.060229449061412116, 0.3289507254651255, -0.12775318575209255, -0.1409683978686735] - [0.039046290955936695, -0.05332256094996263, -0.03741846286302208, 0.051695246912182545]
A2: [-0.00910842443234828, -0.3468030249058487, 0.24945524290517243, 0.1064568385762571] - [0.0800398352479498, 0.03628226718701499, -0.050250101897531284, -0.0660719490447194] - [-0.04245281259842285, 0.23083189865859388, -0.04053123819409633, -0.14784783138644306] - [0.06813483832261343, -0.29346778665379214, 0.14177130521854264, 0.08356192721361876]
B1: -4.38663139619962e-08 - 2.312775633079673e-08 - -8.77751515785141e-09 - 9.613889607446505e-09
B2: -4.350664765730937e-08 - -5.9399251747592674e-08 - 9.314340896307477e-09 - 5.1457930929286365e-08
