Number: 2023
Error: 8.39018948158446e-05
A1: [0.003742403423815521, -0.004575091023424869, 0.011169315451249088, 0.029793762641431656] - [0.047336993892918455, 0.17088457652208308, -0.16719576316428675, -0.13151446892357418] - [-0.17529773882450295, 0.38282948839921127, -0.13849437576023726, -0.3262213818821044] - [-0.0002934910562575558, 0.039076218569906916, -0.007496713508007018, 0.06359640077920327]
A2: [0.10082228113421716, -0.2562677734570948, -0.0054683644942299615, 0.04150122893586299] - [0.04695766300360955, 0.2168945653693434, -0.1008647209298513, -0.10770698491282321] - [-0.12473496414247999, 0.5231252048405175, -0.2628907608139657, -0.2549441940268825] - [-0.06963374636900631, -0.07185461094380613, -0.04005890469508669, -0.014528271333441834]
B1: -0.00572662037518023 - 0.00272385250757192 - -0.0005581058545831175 - -0.00634290921661454
B2: -0.00184799311249887 - 0.01092261462502797 - -0.0210655855640713 - 0.00398545383468874
