Number: 3677
Error: 2.3765839129934593e-14
A1: [0.06621407660072107, -0.11395120478804728, -0.023983056062960372, 0.07172376156663353] - [0.03740222730587449, 0.1881930017633932, -0.14740932508944024, -0.07818738852103412] - [-0.06022907720484501, 0.3289510826125973, -0.12775282187526907, -0.1409680359489697] - [0.03904543352041709, -0.05332337479707087, -0.03741929240351308, 0.05169442410821277]
A2: [-0.009107544428088428, -0.34680209135996865, 0.24945613002874767, 0.1064577612106698] - [0.08003927098483499, 0.036281659314509045, -0.050250718605078876, -0.0660725709877859] - [-0.04245265408030668, 0.23083207360944655, -0.04053106831935162, -0.14784765607099143] - [0.06813579193908458, -0.2934667366808389, 0.1417723390312351, 0.08356299639304281]
B1: -1.1974657507170945e-07 - 1.0650265275163169e-07 - 2.724848848469446e-07 - -4.7980970586339746e-08
B2: 1.1016917349670292e-07 - -3.4583391256999083e-07 - 1.3462917904868483e-07 - 5.1926441520399476e-08
