Number: 2867
Error: 1.1713185900310453e-08
A1: [0.06339250709142569, -0.04791393830797848, -0.02348515821666973, 0.007813704621566617] - [0.043678795707934266, 0.1912870880458303, -0.14254696982719597, -0.09249309118829854] - [-0.12359949185332508, 0.41470600391769563, -0.10501525808314395, -0.18722886344930934] - [0.03645105445792612, 0.018612713657877946, -0.03368548207526569, -0.023602367664033612]
A2: [0.06317607989885855, -0.17395011228873458, 0.08605684158845049, 0.02369303636768778] - [0.02945358178570878, 0.20045999440842951, -0.10154714763295142, -0.1277129850832573] - [-0.09287566860460648, 0.5142063777302172, -0.22507095954744197, -0.19458113590934636] - [-0.02564066863803039, 0.018805632683504325, -0.050000741213280527, 0.05725587715990629]
B1: -0.00020435583449921 - 0.0002809121379219268 - 0.00012574686845252104 - -0.0001035775804420821
B2: 0.00014344641774014164 - 7.354540290212947e-05 - 7.164127715619922e-05 - 3.119896506826607e-05
