Number: 1812
Error: 7.676135218129686e-08
A1: [-0.009233066508656209, -0.01705072153409587, 0.0009120100432333368, 0.01732958568686449] - [0.06697629890608721, 0.19003395087420225, -0.14658311366483215, -0.10969497538905214] - [-0.11459147683673214, 0.43984064727519273, -0.07292383534063591, -0.26026670347983955] - [-0.023151312234271762, 0.015593825521141469, -0.029780369207674035, 0.03914911047330961]
A2: [0.13342629383221263, -0.2228422611160098, 0.024489509255520434, 0.07196576364713023] - [0.03204448729699657, 0.20316720025184065, -0.11548567675681871, -0.1220393187568865] - [-0.09519887876312144, 0.5550109129245245, -0.23568021894599803, -0.2260786301218219] - [-0.020335227343351074, -0.018831077687788182, 0.008598484615011016, 0.03263662468772208]
B1: 0.0001648326781995308 - -0.0004147206279493503 - 0.0015091410899195517 - -0.00031526939221409006
B2: 1.586031181942209e-05 - 0.00038380777193035563 - 0.0005944189173427317 - -3.930991960469621e-06
