Number: 2106
Error: 0.000734971388410631
A1: [-0.03687797874153576, -0.07316866211039696, -0.10583469326250305, -0.03781311909089609] - [0.048262085891739616, 0.18109776786285234, -0.15425590690696042, -0.1255987426479603] - [-0.036910889337042854, 0.49312772181901393, -0.043187186547952824, -0.08761177758376383] - [0.16279546379793083, 0.16036197951771458, 0.09283194683104679, 0.1486865340939224]
A2: [0.11977804604076375, -0.23791677675978387, 0.019930488685128814, -0.004578786715201175] - [0.11687738316866318, 0.27375589685759205, -0.03714702683223172, -0.051690803144226256] - [0.05733381029970264, 0.5989321941688728, -0.12461629031233162, -0.1625148385740961] - [-0.1400895234870489, -0.1512265275309728, -0.22549459368671548, -0.09398198890599949]
B1: -0.0038113918478676623 - 0.011263950618864057 - 0.0251460886508441 - 0.009353524692795896
B2: 0.000713122293042736 - -0.054720588580745765 - 0.038826203095391074 - 0.0710895516763167
