Number: 8252
Error: 1.1428366781474626e-15
A1: [0.08043170970068465, -0.18046778573730954, -0.019588831987206783, 0.11962499675137521] - [0.03741556016838298, 0.13359636636464337, -0.13472620598401974, -0.036285844911709254] - [-0.0017028457661250605, 0.22819008975399527, -0.12282840935937729, -0.1036589369706643] - [0.03886326001668996, -0.11448099303667013, -0.04641641582453694, 0.12203425352458601]
A2: [0.03530738268739044, -0.029273536337787474, -0.07569740735401269, 0.06966334455666079] - [0.10289375448002716, 0.2828967051068049, -0.3926063925670166, 0.006815999992775189] - [-0.01118716851654925, 0.5390145217527983, -0.3594510803539968, -0.16837653677282677] - [0.09786272892921574, 0.017463245696268476, -0.16885107760567739, 0.05352480440377143]
B1: 1.638402350756924e-09 - 5.3058867771019466e-09 - -1.203654571753759e-08 - -3.02731613132187e-08
B2: 1.0705976697970315e-08 - -3.0766957579230084e-08 - -1.9529067875613997e-08 - 8.157180288862396e-09
