Number: 9256
Error: 7.48453350085695e-09
A1: [0.05275676200993326, -0.14841750094574074, -0.0274144540896617, 0.12141200470647381] - [0.004958842630558575, 0.13048139349684135, -0.11395584767772046, -0.022905058772604903] - [-0.014716233082075413, 0.2228196504179421, -0.12731266764799865, -0.08187758636872981] - [0.026982429832301147, -0.10018439204727911, -0.049589029047634806, 0.12213396171130268]
A2: [0.08959478105410433, -0.0725736156605147, -0.1232945799743544, 0.10763102093988676] - [0.10893379030481037, 0.2499059743593524, -0.4047550852914343, 0.04628324874246539] - [0.037063363744691685, 0.4629805486835788, -0.3773003806973148, -0.12104119761217093] - [0.14397835309081267, -0.04405644446343591, -0.20096038535417227, 0.10323995600473368]
B1: -9.51457868614656e-05 - -0.00011815134503756799 - 3.228388027648251e-05 - -4.5351208989597295e-05
B2: -9.755759641357032e-05 - -0.00021430915546737992 - 1.986383691675175e-05 - 3.831660635651589e-05
