Number: 4603
Error: 1.0336734472958182e-15
A1: [0.06621315894997089, -0.11395210193322507, -0.023983972994100017, 0.07172284545595711] - [0.03740254689848189, 0.18819330711320192, -0.14740901090490827, -0.07818707430925342] - [-0.060229456440052224, 0.32895071837831047, -0.12775319297244958, -0.14096840504999697] - [0.039046098307231575, -0.053322743804836537, -0.03741864924420767, 0.05169506204435552]
A2: [-0.009108435492738579, -0.3468030366393147, 0.24945523175520207, 0.10645682697987172] - [0.0800398603035129, 0.03628229417904789, -0.05025007451319586, -0.06607192142787591] - [-0.04245271137577592, 0.23083201037408374, -0.04053112971984824, -0.14784771943808694] - [0.06813470433037734, -0.29346793418501715, 0.14177115995786954, 0.08356177698369396]
B1: -2.2758247414900706e-08 - -1.3005953071704577e-09 - 2.619506200425303e-08 - -4.065915031150753e-08
B2: -8.777301424693161e-09 - -3.393017765706734e-08 - -1.0418647107618609e-08 - -1.5386170675984183e-08
