Number: 1768
Error: 1.2963615451449017e-06
A1: [-0.006841705331583045, -0.01466392414226124, 0.003367758473631921, 0.019790893858879496] - [0.06719888686283698, 0.19024715716733, -0.1463576147213305, -0.1094457732851564] - [-0.11043222962743138, 0.44387844180813535, -0.06860528681361776, -0.25575208213747747] - [-0.02136778824634811, 0.017304996354368704, -0.02795254747431293, 0.04103785792544952]
A2: [0.12683878684042665, -0.2292939723505964, 0.018010440270394616, 0.06553217548118558] - [0.03307299246220253, 0.20417257689475687, -0.1144640446711382, -0.12103724687001297] - [-0.09497421113900739, 0.5552285972489196, -0.23548656165035362, -0.22591224433036747] - [-0.027533423371982696, -0.025897469957450753, 0.001455431529642391, 0.02572905080656521]
B1: 0.0005421122017501907 - 0.0017569798083800774 - -0.0011235003426650941 - 0.0011057492838596815
B2: -0.0003159213385746703 - -0.0013136162911880909 - -9.39495387526721e-06 - 2.676550075067269e-05
