Number: 3962
Error: 9.233170327716497e-16
A1: [0.06621323226032612, -0.11395203026108988, -0.023983899741248156, 0.07172291864331855] - [0.037402588066949766, 0.18819334644688998, -0.1474089704331461, -0.07818703383388742] - [-0.06022927412834688, 0.3289508934786504, -0.12775301457293295, -0.14096822761023067] - [0.03904626251652757, -0.05332258794361752, -0.03741849037723552, 0.051695219621388275]
A2: [-0.009108535169282162, -0.346803142380407, 0.24945513127228522, 0.1064567224746266] - [0.08003979097029669, 0.03628221948729144, -0.05025015029049037, -0.06607199784860611] - [-0.04245274749260018, 0.23083197051347204, -0.0405311684240875, -0.14784775938181946] - [0.06813476018722237, -0.29346787268428415, 0.14177122051224242, 0.08356183960939366]
B1: 1.619795936086373e-08 - -8.345972612982668e-09 - 1.9728321549519774e-08 - -1.2417187347385458e-08
B2: 1.454294479185894e-08 - -3.831720195450147e-08 - -2.236457425658263e-08 - 5.12149307301046e-08
