Number: 4259
Error: 1.0175640947419722e-15
A1: [0.06621321143652464, -0.11395205061954404, -0.023983920548703266, 0.07172289785446345] - [0.0374026212647025, 0.1881933781650912, -0.14740893779720354, -0.07818700119506072] - [-0.0602293518165013, 0.3289508188634997, -0.12775309059396583, -0.14096830322235437] - [0.03904616056527527, -0.05332268471186527, -0.03741858901163735, 0.05169512178786619]
A2: [-0.00910869841444833, -0.34680331555798927, 0.24945496670628106, 0.10645655132099152] - [0.08003987230188775, 0.03628230710471926, -0.050250061399691494, -0.06607190820299776] - [-0.04245285221004257, 0.23083185494076308, -0.04053128064346164, -0.14784787519539055] - [0.06813471072378845, -0.29346792714564024, 0.1417711668891308, 0.08356178415177394]
B1: 2.361466924497625e-08 - 7.924025403236417e-09 - 5.204017299688728e-10 - -5.453600837481652e-09
B2: -1.1577974547369063e-09 - -1.92514278524686e-08 - 1.2821217892269985e-08 - 2.3758299487010453e-08
