Number: 8376
Error: 1.1017360503633108e-15
A1: [0.08043168961561499, -0.18046780582008853, -0.01958885204825161, 0.11962497666861141] - [0.03741556430469893, 0.13359637049780926, -0.13472620185595227, -0.03628584077768656] - [-0.0017028313494393172, 0.22819010417038182, -0.12282839496379154, -0.1036589225578093] - [0.03886323773555896, -0.11448101525525585, -0.04641643809146044, 0.12203423125731445]
A2: [0.035307454239355336, -0.0292734645879328, -0.07569733932317017, 0.06966341944339992] - [0.1028937466150192, 0.2828966971750697, -0.39260640017394466, 0.00681599175697213] - [-0.011187078610450658, 0.5390146121951225, -0.3594509952557377, -0.16837644203583774] - [0.09786283783643539, 0.01746335509884224, -0.16885097393285323, 0.053524918720663735]
B1: -6.934215226874247e-09 - 7.890426266426676e-09 - 1.6660171505508786e-12 - 2.6595339937584564e-10
B2: 1.1235347466828133e-08 - -1.3660658125540956e-08 - 6.246589820051155e-09 - 1.457604516512289e-08
