Number: 9045
Error: 0.00018093690859887006
A1: [0.03884779835013455, -0.18178963881615248, -0.044733882237582595, 0.10158914656446784] - [-0.011313848586854778, 0.10965522366805416, -0.13357088570806658, -0.04199510859484389] - [0.0065812982028150575, 0.2533552546694309, -0.09210888651956455, -0.05336304200752155] - [0.0015263277591067506, -0.12683419799805604, -0.07193092569200132, 0.0965557708893998]
A2: [0.03934269668060799, -0.11006482755822357, -0.15276649643854617, 0.07129536657185077] - [0.09447288949817415, 0.21927685551737472, -0.4350852046586376, 0.01548119275141955] - [-0.027967913245027894, 0.406601653124351, -0.44453101101842984, -0.18349141467318958] - [0.0985751961695281, -0.08432619208287867, -0.24448770275984916, 0.06148643483341323]
B1: 0.00868818471863064 - -0.002247172877626257 - 0.006672136443252472 - 0.0058398500655811
B2: 0.01766471955297573 - 0.01810423847061091 - -0.002312223839206023 - 0.019578438591883646
