Number: 2287
Error: 0.00024222129914730525
A1: [0.06913794490879674, -0.033277791767578016, -0.009879895914096267, 0.0184876418815905] - [0.08556648117062807, 0.22756720458846577, -0.10686384585915897, -0.05174996077189716] - [-0.12667905789632705, 0.4232678534138746, -0.10007217356827217, -0.18095303944588234] - [0.02330368104066695, 0.01972167590793443, -0.029563555933235265, -0.027047433128576742]
A2: [0.06733518004844177, -0.17411126987215134, 0.09447348129203098, 0.026833987750438444] - [0.03440721490008991, 0.20590528910001163, -0.09506669993214814, -0.12297335663023118] - [-0.09026734686772234, 0.525797908683661, -0.21596543231117252, -0.19370209751111317] - [-7.489751015297974e-06, 0.05095289990731876, -0.02253337249985169, 0.08201440255213549]
B1: -0.019682738255288566 - 0.0007718861253553522 - -0.01847795902786381 - -0.008193263599152366
B2: 0.008527238839906037 - -0.004622644113689216 - 0.004806377585597821 - 0.008803109402027172
