Number: 5435
Error: 1.2234020262040295e-15
A1: [0.06621317900832131, -0.11395208232299807, -0.023983952951438226, 0.07172286548069093] - [0.03740268560340495, 0.18819343963655288, -0.1474088745472015, -0.07818693793949415] - [-0.060229517133397345, 0.32895066008517126, -0.12775325236330665, -0.14096846412132796] - [0.03904610746712159, -0.05332273511046828, -0.03741864038211171, 0.051695070834433816]
A2: [-0.009108429114873392, -0.3468030298736275, 0.24945523818415713, 0.10645683366648677] - [0.08003998493286774, 0.036282428440400805, -0.05024993830031088, -0.06607178405872637] - [-0.0424528115586168, 0.23083189980614588, -0.04053123708009871, -0.14784783023647616] - [0.06813474018911904, -0.29346789470297674, 0.1417711988317238, 0.08356181718802565]
B1: -3.4197952832677483e-08 - -1.684004230303766e-08 - 1.7502254350637162e-08 - 7.386871786072823e-09
B2: -4.8838980864884225e-08 - -1.7461768022768967e-08 - -4.4732110340787515e-08 - 2.3580681992120035e-08
