Number: 7162
Error: 1.056116507323524e-15
A1: [0.08043171555580521, -0.1804677798828241, -0.019588826139029358, 0.11962500260586238] - [0.037415621934146256, 0.13359642808361294, -0.13472614434147473, -0.03628578318024735] - [-0.0017028313735136245, 0.22819010414631624, -0.12282839498782125, -0.10365892258188339] - [0.03886327124320189, -0.11448098184165555, -0.0464164046051603, 0.12203426474413155]
A2: [0.03530746791462941, -0.029273450874885837, -0.07569732632094252, 0.06966343375609862] - [0.10289375165136644, 0.2828967022541311, -0.39260639530288827, 0.00681599703077972] - [-0.011187183061489725, 0.5390145071211395, -0.3594510941209843, -0.16837655209946104] - [0.09786277122481656, 0.017463288184275783, -0.16885103734288276, 0.05352484880025682]
B1: 3.428773794341457e-08 - -2.1709443454169976e-08 - -9.597519928443008e-09 - 1.1966631665595881e-08
B2: 1.053177439919184e-08 - 8.826944573695409e-09 - -1.3168160059321553e-08 - 1.9679629225255408e-08
