Number: 5148
Error: 1.1639138004848013e-15
A1: [0.06621313597986857, -0.1139521243900228, -0.023983995946184885, 0.07172282252439494] - [0.03740262626548711, 0.18819338294305654, -0.14740893288100668, -0.0781869962784526] - [-0.06022922869723661, 0.32895093711287543, -0.1277529701165584, -0.14096818339269626] - [0.03904606307412014, -0.05332277724681509, -0.03741868333109183, 0.05169502823420043]
A2: [-0.00910838817219123, -0.34680298643986734, 0.24945527945846582, 0.10645687659273585] - [0.08003981436570062, 0.03628224469091308, -0.050250124720494796, -0.0660719720615324] - [-0.04245281989935069, 0.23083189060087153, -0.040531246017942696, -0.14784783946091046] - [0.06813478327982714, -0.293467847258368, 0.14177124554650405, 0.08356186550047968]
B1: 4.948076952272834e-08 - 1.022325717492556e-09 - 6.266176217219658e-09 - 8.280961643741464e-09
B2: -3.050007450848515e-09 - -2.3643080168726804e-08 - 9.762733160126347e-08 - -3.03911667917187e-08
