Number: 6248
Error: 9.484902156629024e-16
A1: [0.0804316567095319, -0.18046783872242864, -0.01958888491493996, 0.11962494376631276] - [0.03741555855073923, 0.13359636474818007, -0.1347262075985911, -0.03628584652854085] - [-0.001702830734259092, 0.22819010478555582, -0.1228283943495142, -0.10365892194280313] - [0.03886321403736826, -0.11448103888694357, -0.04641646177453816, 0.12203420757385768]
A2: [0.03530743266678612, -0.029273486220222553, -0.07569735983414154, 0.0696633968654135] - [0.1028937211421184, 0.2828966714859417, -0.39260642481103236, 0.006815965083119327] - [-0.011187145053215827, 0.5390145453561245, -0.3594510581452877, -0.1683765120488579] - [0.09786279045977055, 0.017463307506722307, -0.1688510190324368, 0.05352486899067993]
B1: 5.095991976255299e-09 - -8.448331132359858e-09 - -1.7081328082545888e-09 - -4.835939399481131e-09
B2: -8.125559742427035e-09 - -6.576735589755795e-09 - 6.049673212341792e-09 - 1.4474325093610982e-10
