Number: 9278
Error: 2.34318603640479e-09
A1: [0.05334217426921967, -0.1478315901631348, -0.02682956922784787, 0.12199754230926274] - [0.005281073698873025, 0.13080403558862785, -0.11363338571545321, -0.02258243059562763] - [-0.014177965344167579, 0.22335824120081943, -0.12677483026402186, -0.08133931184462664] - [0.027206216832299512, -0.09996027910166946, -0.04936455460020491, 0.12235810307215814]
A2: [0.08933541795966958, -0.07283246148339409, -0.12354832203220052, 0.10736839268772552] - [0.10887396276262384, 0.2498464863733812, -0.4048137412788884, 0.04622231282715186] - [0.036673720955045425, 0.4625927884761978, -0.37768058704261664, -0.12143506077241722] - [0.14349426625979253, -0.04453902107129406, -0.20143328144769257, 0.10274867051073688]
B1: -2.32613187603567e-05 - -2.132354264823419e-05 - -1.9952146756821385e-06 - -2.0512264400855942e-05
B2: -4.760187649443088e-05 - 2.9842840415188067e-05 - -8.629257851259164e-05 - -4.32566581323085e-05
