Number: 5536
Error: 2.6735765001073617e-11
A1: [0.06621686287634719, -0.11394848077079607, -0.023980271962181197, 0.07172654317585957] - [0.03741358238992606, 0.18820385084782867, -0.14739816214323215, -0.07817622459886622] - [-0.06020985061571763, 0.3289695481943244, -0.12773400805022647, -0.14094932322963707] - [0.039069184634159315, -0.05330083161197897, -0.03739631413945824, 0.05171721586660551]
A2: [-0.00911476897478943, -0.3468097553585121, 0.24944884591555808, 0.10645018525107255] - [0.08004210311199428, 0.036284710368825225, -0.050247623433986255, -0.06606944959876966] - [-0.04245327239992154, 0.23083139130677147, -0.0405317316017196, -0.14784834083557907] - [0.06813448383997175, -0.2934681768450318, 0.14177092017534315, 0.08356152875811372]
B1: -6.591689333771108e-06 - -2.150053163490896e-06 - -2.988993445788647e-06 - -4.251793918083683e-06
B2: -5.547414916863722e-07 - -5.373424586898519e-06 - 1.2720648869547886e-06 - 6.548569910570697e-06
