Number: 1198
Error: 4.2756102096555134e-08
A1: [-0.005764720208789969, -0.013553696983321657, 0.004471508386771185, 0.020910244814333664] - [0.06683987865008266, 0.18989778746067168, -0.14672160573386206, -0.10984691721283] - [-0.11157663304430604, 0.4427793515970413, -0.069734521665558, -0.25701227892546497] - [-0.02312224742487301, 0.015590269397359876, -0.02967530521083995, 0.039167337607506986]
A2: [0.1310886030904493, -0.22511491259004646, 0.02217860301757336, 0.06967567828871948] - [0.03271610099021329, 0.20381868783388402, -0.11481867426284584, -0.12139000737108381] - [-0.0938965016526013, 0.5562515106019555, -0.23449303103611072, -0.2249265053548271] - [-0.01995567408658838, -0.018420192329409505, 0.008983508838542903, 0.03302091620040055]
B1: 0.0004470027519688424 - -3.441945252203077e-05 - 8.474429629239389e-05 - -0.00011985735091265644
B2: 0.00023311316043146248 - -0.0003730297030907499 - 0.00011175643906851163 - 9.40652638556017e-05
