Number: 9430
Error: 9.775606958584255e-13
A1: [0.053169982105536244, -0.14800383994711272, -0.027001612570731328, 0.12182525268599906] - [0.005313690806799785, 0.13083666527038065, -0.11360077271923148, -0.02254979229350073] - [-0.014443926786123973, 0.2230921707210506, -0.12704063032112994, -0.08160538312520602] - [0.027145643233978507, -0.1000208546803266, -0.049425326790589565, 0.12229730176840352]
A2: [0.08924372962303385, -0.072924077170294, -0.12363791066024167, 0.1072755191720866] - [0.10885551361048697, 0.24982796837904936, -0.4048317777128396, 0.04620349683100567] - [0.036621686866205726, 0.46254094836733894, -0.3777313482017921, -0.12148766044984081] - [0.14341325996181695, -0.04461974767215013, -0.201512397908278, 0.10266649356697846]
B1: -2.5398358266253864e-06 - -2.4925226843524555e-06 - 2.186462454707259e-07 - 4.840196548316247e-07
B2: -1.6306311064043647e-06 - -9.743794713532622e-07 - -1.3433247659371385e-06 - -1.0699959633254876e-06
