Number: 6163
Error: 9.189167313988574e-16
A1: [0.08043160063176323, -0.18046789479384587, -0.019588940925656016, 0.11962488769494894] - [0.037415506423740204, 0.133596312660634, -0.1347262596217257, -0.03628589862666415] - [-0.0017028294733621053, 0.2281901060464259, -0.12282839309046288, -0.10365892068224376] - [0.03886318171471574, -0.11448107111888503, -0.04641649407659428, 0.12203417527129302]
A2: [0.03530744149717071, -0.029273477365413327, -0.07569735143833209, 0.06966340610737543] - [0.10289381174751283, 0.28289676286031995, -0.39260633717870236, 0.0068160599602503456] - [-0.011187115526998075, 0.5390145750584566, -0.3594510301981016, -0.16837648093603724] - [0.09786279321282493, 0.01746331027229984, -0.16885101641170966, 0.05352487188049257]
B1: 1.4297171243900643e-08 - 3.717776187592143e-08 - 8.629161331375916e-09 - 3.6557306424320765e-09
B2: 1.6996253132514735e-08 - 7.1981708769580586e-09 - 5.923027353857462e-10 - 3.407223849430233e-08
