Number: 2665
Error: 1.435694180579152e-08
A1: [0.06406538681477757, -0.0472444130882953, -0.022818960848705164, 0.008481429473877939] - [0.044197295113846694, 0.19178746935034788, -0.14201310009946339, -0.09192334901545542] - [-0.12316847484368251, 0.4151395627824605, -0.10457590766806614, -0.18678995496995748] - [0.0372398572975616, 0.019405024103403553, -0.032895106761886915, -0.02281565263576098]
A2: [0.06334257826694954, -0.1737840681821076, 0.08622914951466472, 0.023862646863213408] - [0.029580110602669078, 0.20058441036322808, -0.10142126848073511, -0.12758917681434245] - [-0.0929967789841657, 0.5140878866107543, -0.2251935596877368, -0.19469703372070293] - [-0.025449611073062605, 0.018996591096133456, -0.04981309799480379, 0.05744317548420563]
B1: 3.0130481600813575e-05 - 0.0002706463582481907 - 2.3647876402012633e-05 - 4.665325556331531e-05
B2: 9.468237805132573e-05 - 7.9069851151514e-05 - -0.00011717273646988679 - -6.683965025956122e-06
