Number: 5847
Error: 4.614003612800102e-07
A1: [0.08179510865794885, -0.17911621306626943, -0.0182189873867675, 0.12099188069331952] - [0.04162349117263315, 0.13779337578274306, -0.13052632713253323, -0.0320805474006674] - [-0.0019257574083940251, 0.22796146346779989, -0.12304338209444983, -0.10387806369653235] - [0.03793801730625512, -0.11541360637411739, -0.047325847866373554, 0.12111746388683192]
A2: [0.032737103574738, -0.031858910809031145, -0.07813504065958173, 0.06698421247948241] - [0.09773974049123027, 0.2776719240910584, -0.39759543298239447, 0.0014340137499890505] - [-0.01020750818667102, 0.5400070122803696, -0.3585150885075305, -0.16734258097488605] - [0.09707477670517553, 0.016671624113413396, -0.16959484915762574, 0.0527022460913074]
B1: 0.00034804531878326504 - 0.001533276628106844 - -0.001268526017531009 - -0.00036567081976735216
B2: 0.0004612960766366954 - -1.547935678872692e-05 - -0.00023215507418396106 - 0.0002619309458090857
