Number: 4920
Error: 5.734463889373872e-16
A1: [0.06621313856733362, -0.11395212186034862, -0.023983993360713267, 0.07172282510755548] - [0.037402539371080935, 0.18819329992129288, -0.1474090183049097, -0.07818708170990496] - [-0.060229368264566874, 0.32895080306603885, -0.1277531066890593, -0.14096831923069603] - [0.03904617173078012, -0.05332267411389071, -0.037418578209278686, 0.051695132502478536]
A2: [-0.009108600620240862, -0.3468032118135924, 0.2494550652916574, 0.10645665385290447] - [0.08003986412331376, 0.03628229829407193, -0.05025007033832987, -0.06607191721757988] - [-0.042452830489789796, 0.23083187891267237, -0.04053125736697248, -0.14784785117353616] - [0.06813474546495514, -0.29346788889404785, 0.14177120455176617, 0.08356182310312203]
B1: -9.047764866955804e-09 - 8.205009752554258e-09 - -1.7511712464404596e-08 - -1.8838912507897716e-08
B2: -7.950439245877691e-09 - -2.8067355611919123e-08 - 4.608752061772656e-09 - 3.4330900074648002e-09
