Number: 9293
Error: 1.1305469786970207e-09
A1: [0.0528657620077624, -0.14830816330450897, -0.02730545942638541, 0.12152089157871247] - [0.005148771626209036, 0.1306716045506782, -0.1137656025626351, -0.0227148927696664] - [-0.014818932084464753, 0.22271703500874768, -0.12741531442166046, -0.08198052556853107] - [0.026844439861879586, -0.10032203697606393, -0.049727101588512256, 0.12199536864836917]
A2: [0.08916838766529732, -0.07299915945989714, -0.12371158228260132, 0.10719927847658421] - [0.10889895543619268, 0.24987148179039187, -0.4047892233584475, 0.04624769138349067] - [0.03681538657657295, 0.462733686499731, -0.3775423770136303, -0.12129194743216806] - [0.14352939516004157, -0.044504039007474704, -0.2013990022285975, 0.10278433365897625]
B1: -0.00012847056228435907 - -9.178311890960627e-05 - 1.3495478888153205e-06 - 1.4987863900955908e-05
B2: 8.57602342547126e-08 - -0.0001258139314004081 - 6.355915084802631e-05 - -4.979747145444646e-05
