Number: 4565
Error: 7.640641566408171e-16
A1: [0.0662130623412779, -0.11395219638304098, -0.023984069526972795, 0.07172274900940143] - [0.03740245979965136, 0.18819322389617005, -0.14740909652973652, -0.07818715994165777] - [-0.060229556629918087, 0.3289506221514446, -0.127753291012341, -0.14096850256259877] - [0.03904619545949566, -0.05332265159153312, -0.03741855525261681, 0.05169515527276685]
A2: [-0.009108561989031745, -0.34680317083198203, 0.24945510423543651, 0.10645669435552048] - [0.08003983376844412, 0.03628226559318853, -0.050250103514507184, -0.06607195067543083] - [-0.042452771101421496, 0.23083194445723987, -0.040531193724169905, -0.14784778549229655] - [0.06813475429012779, -0.29346787917722467, 0.14177121411902768, 0.0835618329977137]
B1: -1.8623774468685484e-08 - -4.752680059062461e-08 - -1.5395319690487222e-08 - -4.112323051620976e-08
B2: -4.2537986561804054e-08 - -7.028544633613608e-08 - 6.994955573016093e-08 - -2.8944257923104364e-08
