Number: 5367
Error: 1.3468104649843898e-15
A1: [0.06621320340952869, -0.11395205846711504, -0.02398392856939283, 0.07172288984092907] - [0.03740263172239009, 0.18819338815685846, -0.14740892751637905, -0.07818699091335261] - [-0.06022976684889577, 0.3289504202469563, -0.12775349672054775, -0.14096870716440682] - [0.03904608062476466, -0.053322760588264496, -0.03741866635126424, 0.05169504507612995]
A2: [-0.009108615075668923, -0.34680322714829964, 0.24945505071893917, 0.10645663869732828] - [0.0800400574466795, 0.03628250655842684, -0.050249859047181336, -0.06607170413242393] - [-0.04245304539966053, 0.2308316417257933, -0.04053148767233778, -0.1478480888546464] - [0.06813454816185958, -0.2934681061324066, 0.14177099065674453, 0.08356160189115786]
B1: -1.1544118909313975e-08 - -3.8887334516232465e-08 - 2.1072831532108197e-08 - 1.1094697716853467e-08
B2: 5.290106322155983e-09 - -1.6225402699243207e-09 - 1.3356464215420587e-08 - -6.640631960960876e-08
