Number: 5992
Error: 1.3902380213796123e-11
A1: [0.08043458219359044, -0.18046491348141439, -0.01958596269486083, 0.11962786905804264] - [0.037403871852300236, 0.13358468674854615, -0.1347378711794651, -0.03629752686768333] - [-0.0017056184934653063, 0.2281873171253456, -0.12283117784462841, -0.10366170886943449] - [0.0388617968460044, -0.11448245201118525, -0.046417877819492366, 0.12203279139217195]
A2: [0.035294195165212004, -0.029286760492415555, -0.0757099458834372, 0.06964954242694069] - [0.10287246191028512, 0.28287523167010964, -0.3926269865434273, 0.006793703526965516] - [-0.011183281166759252, 0.5390184324636991, -0.3594474008905185, -0.1683724405273964] - [0.09785600664368396, 0.017456492886873818, -0.1688574767677606, 0.05351774822656893]
B1: -1.8864841501595149e-06 - 3.4115417449616497e-06 - 6.58270493587734e-07 - -1.4008491086723972e-06
B2: 2.7641500174522783e-06 - -8.053179965596232e-06 - -4.364851345685413e-06 - -2.590273593679023e-07
