Number: 4580
Error: 7.736680285793458e-16
A1: [0.06621312541357104, -0.11395213472019944, -0.023984006504179166, 0.07172281197584117] - [0.037402518508518307, 0.18819327998851496, -0.14740903881441908, -0.07818710222123458] - [-0.06022947073600183, 0.3289507046478517, -0.12775320696160852, -0.14096841896391565] - [0.03904612653240735, -0.05332271701455506, -0.0374186219372875, 0.05169508912954849]
A2: [-0.00910862688250503, -0.3468032396737538, 0.24945503881691863, 0.10645662631829057] - [0.08003982098498534, 0.036282251821746214, -0.050250117486091865, -0.0660719647656589] - [-0.04245284289376369, 0.2308318652228484, -0.040531270659612983, -0.14784786489183305] - [0.06813485453333976, -0.2934677688052069, 0.1417713227922272, 0.08356194538872234]
B1: 1.2307259045254127e-08 - -1.8027476711914866e-08 - -2.3261285091708876e-08 - 2.1533705151815556e-08
B2: 5.7600712687332225e-09 - -1.2995017575153498e-08 - 9.239000998671968e-09 - -5.710341162717648e-09
