Number: 3402
Error: 5.159821859133845e-08
A1: [0.06739608116676483, -0.11279582275465279, -0.02280278910319747, 0.07290434590866028] - [0.03743909032560554, 0.1882279700007881, -0.1473732269934546, -0.07815086793867221] - [-0.06601984641437778, 0.323384841622533, -0.13342492071365616, -0.146614484600137] - [0.037357306904708246, -0.054923354824995024, -0.039051464556720636, 0.050071672601297725]
A2: [-0.007664237823602671, -0.3452710770047213, 0.250910144060209, 0.10797278032341344] - [0.08014393037129172, 0.036394120168270344, -0.050138102741462465, -0.06596076872926948] - [-0.04275488485293478, 0.23049814913661926, -0.0408559657866309, -0.14818441272536548] - [0.06752409919547125, -0.2941387729753964, 0.14111914922085242, 0.08288327113432709]
B1: 0.0004638908266498215 - -0.0007182817375962433 - -0.0003702877234373718 - 7.716490228034277e-05
B2: -8.271168239027164e-06 - 0.00015578321400393848 - 0.00036748120711459404 - -0.0009371314167185039
