Number: 1420
Error: 7.991283625700882e-10
A1: [-0.007264689421379701, -0.015071626835804697, 0.0029169495985535048, 0.019375535430902018] - [0.06686133735677494, 0.18991772650615046, -0.14669934898579548, -0.10982384940357007] - [-0.11266317398701327, 0.4417089709122993, -0.0708705883699558, -0.25818409722436486] - [-0.023674775036074132, 0.01504402160089857, -0.030246451953539664, 0.038589081983129776]
A2: [0.13168863052193777, -0.2245275951834079, 0.022767374303220768, 0.07026076394873638] - [0.0327141606877715, 0.20381606975725922, -0.11482065692902467, -0.1213910184197891] - [-0.09436664189128505, 0.555792060371111, -0.23495063742852293, -0.22538339501217347] - [-0.0211200340620373, -0.019564386417467924, 0.007827789045246492, 0.03190046702702059]
B1: 7.781248828255127e-05 - -0.00011794198204001624 - 1.5420165750897817e-05 - 4.691257315317385e-05
B2: 3.080796563671801e-05 - -1.2730001008623205e-07 - 2.1573411593318186e-05 - 1.4681523023742135e-05
