Number: 1789
Error: 1.657149625689598e-07
A1: [-0.005203895441316898, -0.013000481738088559, 0.005080810231155893, 0.021468801306639973] - [0.067558419172389, 0.1905948786439001, -0.1459828162469741, -0.10904691901261161] - [-0.11425126140705016, 0.44016876666430027, -0.0725733522944334, -0.2598945714723838] - [-0.027578986750433684, 0.011242233413825107, -0.03428748500508116, 0.034475521794897684]
A2: [0.13087514063134612, -0.22533037351849033, 0.021994150540369763, 0.06949520538618234] - [0.03327145085399172, 0.20436913773438956, -0.11426705045500367, -0.1208446030252008] - [-0.09387895258657172, 0.5562948609796816, -0.23439857029016575, -0.2248162733672629] - [-0.02190898753974212, -0.02035763449666645, 0.007051066765614292, 0.031151181968983546]
B1: 3.068263018909305e-05 - -0.0001473726381654622 - -0.0008605719326336609 - 0.00031320260491470313
B2: -0.00032419224978108574 - 0.001152444838313651 - -0.00040389986235234545 - 0.0001397194360030721
