Number: 5207
Error: 2.2989447340130547e-15
A1: [0.06621309470596057, -0.11395216474160878, -0.02398403718769392, 0.07172278131976079] - [0.03740254719929112, 0.1881933074006404, -0.1474090106091517, -0.07818707401347354] - [-0.06022966051754103, 0.328950522372575, -0.12775339267085367, -0.14096860367431022] - [0.03904614382553747, -0.05332270060045602, -0.03741860520666989, 0.05169510572427323]
A2: [-0.009108499794983172, -0.34680310485393534, 0.24945516693250883, 0.10645675956258464] - [0.08003972390731028, 0.03628214724142637, -0.05025022358622985, -0.06607207176674501] - [-0.0424528534716358, 0.23083185354855085, -0.040531281995247526, -0.14784787659045823] - [0.06813477060201954, -0.2934678612171353, 0.14177123180256104, 0.08356185128637518]
B1: -4.25063784075678e-09 - 4.877660201840986e-09 - 7.814320113614808e-09 - 3.429829219627441e-09
B2: -4.2953546673136656e-08 - -4.5237563034890214e-08 - 1.2977883424088955e-07 - -1.2416571735569254e-07
