Number: 5436
Error: 1.1849045313903432e-15
A1: [0.06621316425822821, -0.11395209674348555, -0.023983967689960084, 0.07172285075534707] - [0.0374026814321085, 0.18819343565115837, -0.14740887864790847, -0.07818694204056417] - [-0.06022951505961729, 0.3289506620769237, -0.12775325033402796, -0.1409684621029629] - [0.03904611231973396, -0.05332273050454159, -0.037418635687363366, 0.05169507549106349]
A2: [-0.009108585933144776, -0.3468031962327206, 0.2494550800971422, 0.10645666925155818] - [0.08003997828973207, 0.03628242128385093, -0.05024994556086697, -0.06607179138093164] - [-0.04245277824791095, 0.2308319365697398, -0.04053120138314665, -0.14784779339626722] - [0.0681347744079828, -0.29346785702669137, 0.1417712359281252, 0.08356185555347777]
B1: -1.791345902156324e-08 - 4.437730930348772e-10 - -3.3457543124051367e-09 - -1.974937356583544e-08
B2: -1.9326923693202318e-08 - 1.3778828785005054e-08 - -1.5747476110582585e-08 - 4.4984675359615806e-08
