Number: 9570
Error: 1.3726649231533457e-13
A1: [0.05317361627200252, -0.14800020445920486, -0.0269979823686259, 0.12182888863269882] - [0.005313774255795688, 0.1308367487542262, -0.113600689349316, -0.022549708855583373] - [-0.01444443493565863, 0.22309166248117804, -0.1270411379921567, -0.08160589134161512] - [0.0271465732409468, -0.1000199249011646, -0.049424395020821354, 0.12229823383236069]
A2: [0.08925653605227205, -0.07291130036006727, -0.12362539280029962, 0.10728848339589196] - [0.10884361116743274, 0.24981606381031982, -0.4048434444559234, 0.0461913941210512] - [0.03663865256310242, 0.4625578258929131, -0.3777147956846341, -0.12147051866815335] - [0.14342854746489525, -0.04460451694207591, -0.2014974710895595, 0.10268200812174184]
B1: 1.6882889795294969e-07 - 2.2833714483283097e-07 - 4.0139191322521884e-07 - 3.1457891843935344e-07
B2: 5.659187101113351e-07 - 1.0917351245973514e-07 - 2.1284718310868394e-07 - 5.042019021655525e-09
