Number: 2382
Error: 6.966948286663426e-06
A1: [0.05550290103827394, -0.05673833144839504, -0.03239250498024413, -0.0003871089855556736] - [0.0367667788424716, 0.1845142268106671, -0.14999671857398364, -0.1000087521587681] - [-0.12459630845130018, 0.41433775928681543, -0.1054325135257362, -0.18814608607810596] - [0.04151014138432027, 0.024237875313729305, -0.027937164092039626, -0.018423525723613533]
A2: [0.0650964629866188, -0.17182961726297571, 0.08819845952398421, 0.025489583557062837] - [0.03793125900535259, 0.20880688913441742, -0.0931080582733452, -0.11943045490483824] - [-0.07965497570992316, 0.5279584436381273, -0.21101085557489313, -0.1809841519661737] - [-0.018346084706156243, 0.026237930873930223, -0.042211276720039, 0.06440012313697227]
B1: 0.003294757733085718 - -0.00208567260064222 - -0.00023218465476507752 - 0.004263987491810838
B2: 0.0018348966353199242 - 0.004461432984567903 - 0.0026395020389264764 - 0.005464112525772835
