Number: 2969
Error: 1.5195996017372664e-08
A1: [0.06367231295264716, -0.047634002830716705, -0.023206734269029097, 0.008091262971372326] - [0.04310327396734413, 0.1907316430225447, -0.14313926904487317, -0.09312513135269482] - [-0.12382172993102167, 0.41449023253920914, -0.10523422420638921, -0.18744496904716013] - [0.03672064797971409, 0.01888707114212116, -0.033414309955079664, -0.02333083467757807]
A2: [0.06390661266071149, -0.17322385064991075, 0.08678980506200752, 0.02441721606757067] - [0.029207730214306105, 0.2002176125546901, -0.10179248498672286, -0.12795384336529422] - [-0.09364257833709723, 0.5134543782424682, -0.22583628727432797, -0.19532050009721136] - [-0.02648712547839924, 0.017962896487320548, -0.050847558407704635, 0.05643412214294435]
B1: 0.00016844791815653608 - -8.429496143127653e-05 - 4.107304274150408e-05 - -0.00013053697371490444
B2: 0.00024886688968703854 - -0.00011178669632829336 - -3.365579180429368e-05 - 2.1779728346775628e-05
