Number: 6470
Error: 1.2195321372275258e-15
A1: [0.08043169170615562, -0.18046780372977247, -0.019588849960163086, 0.1196249787589368] - [0.037415595336668835, 0.13359640150626395, -0.13472617088595856, -0.03628580976299148] - [-0.0017028155374781602, 0.2281901199820099, -0.12282837917498299, -0.10365890675008041] - [0.038863234626917945, -0.11448101835517928, -0.04641644119810732, 0.12203422815060798]
A2: [0.035307451550624216, -0.029273467284151658, -0.0756973418796429, 0.06966341662940936] - [0.10289374680787848, 0.28289669736953116, -0.3926063999874507, 0.00681599195893524] - [-0.011187093259136083, 0.5390145974591354, -0.3594510091210958, -0.16837645747158564] - [0.09786281162200386, 0.017463328765216866, -0.1688509988873728, 0.053524891204150896]
B1: -4.0762151571888976e-11 - 2.039458561453985e-09 - -1.5731109872405183e-09 - 9.333391932817652e-10
B2: 1.5543236123401025e-09 - -6.408269754334476e-10 - 3.6584306918468794e-09 - -1.4195546399259404e-09
