Number: 895
Error: 9.032391995500843e-09
A1: [-0.011887822376003998, -0.014244482206557444, 0.018380796892816315, 0.008866838357321145] - [0.06574600880766443, 0.18940943193639104, -0.1454148216476167, -0.11010790091401744] - [-0.0960337680087972, 0.42203667793830457, -0.05317596399514718, -0.2717336420100829] - [-0.0012655498496853968, -0.018165403754165817, -0.0037755479022413487, 0.023441473245871897]
A2: [0.1615798391934822, -0.1677614343396118, 0.008494655051958505, -0.002339646611782974] - [0.03550332485691031, 0.20753404835882258, -0.11719289295827842, -0.12577480795252266] - [-0.0862042335684058, 0.5815473201179088, -0.2353796159177976, -0.25992638880825486] - [-0.0038244065832352915, -0.004508871132525544, 0.0011207269221255197, 0.007253513430208101]
B1: -9.327471613898447e-06 - -0.00010039456986427799 - -1.4753377202835352e-05 - -2.3371827489507173e-05
B2: 1.7176876304942224e-05 - -8.046326031868124e-05 - 8.249969473294318e-05 - 0.00016371246544890933
