Number: 8159
Error: 1.294594998443229e-15
A1: [0.08043165452072296, -0.18046784091102186, -0.01958888710117845, 0.11962494157772686] - [0.037415659755845564, 0.1335964658767261, -0.13472610659500986, -0.03628574537943484] - [-0.001702819385767751, 0.22819011613379256, -0.1228283830176429, -0.10365891059734211] - [0.038863230863102914, -0.11448102210844323, -0.04641644495953864, 0.12203422438912408]
A2: [0.03530738990377635, -0.029273529101457123, -0.07569740049274279, 0.06966335210937026] - [0.10289372044111833, 0.28289667077900676, -0.3926064254890362, 0.006815964349107769] - [-0.011187074285360825, 0.5390146165460222, -0.35945099116194235, -0.1683764374783388] - [0.09786286532691829, 0.017463382714383156, -0.16885094776366047, 0.0535249475766948]
B1: -9.944183053598352e-09 - 5.385033799613895e-09 - 5.9896140808347435e-09 - -1.6735066884038697e-08
B2: -3.194827965216524e-08 - 3.445914819442899e-08 - -7.990617755694996e-09 - -9.521945839028084e-09
