Number: 5675
Error: 0.0006492190436456947
A1: [0.07825074877760799, -0.10138713965570113, -0.011527041351042069, 0.08405086852999161] - [0.04597780127010306, 0.19650499108125122, -0.13910182468568938, -0.07052961802932987] - [-0.06496981681821937, 0.32223917518289896, -0.13402239578254216, -0.14948624240376737] - [0.06404856631059036, -0.027102378443928713, -0.011855365318255207, 0.07760321615840238]
A2: [-0.03920463116519673, -0.3797826277425361, 0.21663016362944065, 0.07718472201909572] - [0.0708697084699879, 0.02656052639346413, -0.06056231181299841, -0.07607206297594221] - [-0.06189221070498732, 0.20912969682958643, -0.062187334485970205, -0.16825323705561546] - [0.07679884294173993, -0.2839950948787576, 0.15083921977391204, 0.0936890642233667]
B1: -0.007282493378784631 - -0.007601078158169891 - -0.0148692446570992 - -0.03093516456043118
B2: 0.009772196315504762 - 0.00558326289537563 - 0.024466431857193105 - 0.0034626583029984392
