Number: 5229
Error: 1.1582473110996837e-15
A1: [0.06621320084169192, -0.11395206097760378, -0.02398393113524774, 0.07172288727737465] - [0.037402552473378564, 0.1881933124396849, -0.14740900542431262, -0.07818706882817822] - [-0.060229261905274355, 0.3289509052182028, -0.12775300261213463, -0.14096821571345206] - [0.03904613571983353, -0.05332270829406962, -0.03741861304865645, 0.051695097945954185]
A2: [-0.009108637904391564, -0.3468032513660234, 0.24945502770566397, 0.1064566147627406] - [0.08003983294523741, 0.03628226470637225, -0.050250104414139386, -0.06607195158275986] - [-0.04245285130531106, 0.23083185593943248, -0.040531279673741066, -0.1478478741945883] - [0.06813468528573877, -0.29346795515373486, 0.14177113931173912, 0.0835617556314871]
B1: 8.15760600243624e-08 - -7.557562194618614e-08 - -2.4547194875407383e-08 - 3.754430801852921e-09
B2: -1.2068175366159067e-08 - -2.01907850823275e-09 - -9.17211427923995e-11 - 5.7473976314683686e-08
