Number: 128
Error: 0.00013788408069404372
A1: [0.014671445195899337, 0.013314086277287692, 0.0485454216189054, 0.03818350763256225] - [0.084123397184053, 0.20760729884510823, -0.12702633728021412, -0.09028787800299579] - [-0.07057578468924273, 0.44782216109519357, -0.024966163116944967, -0.24105167248379109] - [0.02910816394742071, 0.012337114945286304, 0.02956229029022407, 0.05973696230469933]
A2: [0.2137254705808104, -0.117241535177192, 0.059623337932263855, 0.04811245749712447] - [0.07374374004935837, 0.2443258528715233, -0.08030218557274982, -0.0895552616319206] - [-0.04065622504473983, 0.6262422351273338, -0.19117538965833547, -0.21598390834688289] - [0.04583165690025659, 0.04486972060073837, 0.050133239649719226, 0.054471506532888715]
B1: 0.0006746299245667308 - 0.14543031898383665 - 0.001354669830882965 - 0.0029528578730697885
B2: 0.006076469450533615 - 0.1595600408990596 - -0.00038709222028525294 - -5.260511122477413e-05
