Number: 5074
Error: 1.0957124547472158e-15
A1: [0.06621325237602142, -0.11395201059488147, -0.023983879641344668, 0.07172293872523934] - [0.03740266178169522, 0.18819341687637564, -0.1474088979658652, -0.07818696136022031] - [-0.060229196490807005, 0.3289509680454044, -0.1277529386013192, -0.14096815204698038] - [0.03904611445745463, -0.053322728475595896, -0.037418633619313114, 0.05169507754234823]
A2: [-0.0091086698008087, -0.3468032852031522, 0.2494549955513567, 0.10645658132104399] - [0.08003985839352186, 0.036282292121445674, -0.05025007660066148, -0.06607192353309436] - [-0.042452782506046734, 0.23083193187035939, -0.04053120594581619, -0.1478477981054714] - [0.06813479129144585, -0.2934678384372138, 0.14177125423197043, 0.08356187448293222]
B1: -2.9066466392996477e-08 - 1.89442797217714e-08 - 1.3609967687806589e-08 - 8.902734293704097e-09
B2: 2.690703458836272e-08 - -2.591467157142562e-08 - -5.239049658272026e-08 - 2.5136058497976466e-08
