Number: 1051
Error: 9.332598362196124e-05
A1: [-0.02671488153167803, -0.03660657306856262, -0.014496180390296468, -0.0033089591201733333] - [0.07501953917464028, 0.19767882858187483, -0.13852395312338373, -0.1008187288408057] - [-0.09432357042554726, 0.4535899731509878, -0.06126645771761312, -0.2466652566157133] - [-0.05196180693992772, -0.014317658813530934, -0.0461356087317067, 0.008555643190551633]
A2: [0.1296359349280601, -0.22360961725043238, 0.014435136609694789, 0.06704647110770101] - [0.02786541442751264, 0.19916385560861133, -0.11915153417392166, -0.12678761894746868] - [-0.05740489048783963, 0.5972842482580899, -0.18855638392390078, -0.19906237469287236] - [-0.010969689406850924, -0.010265291810915326, 0.017993620244870556, 0.03993530687729838]
B1: -0.009092084280463153 - 0.012680032624133128 - 0.015305539862657208 - 0.0016414299721908415
B2: -0.0056283150172586355 - -0.003772779462895923 - 0.015541077821550286 - -0.010807611438502182
