Number: 9519
Error: 3.697085229368003e-13
A1: [0.05317424407043058, -0.1479995764455239, -0.02699735527342189, 0.12182951673082243] - [0.005314247861040427, 0.13083722283438798, -0.11360021583985454, -0.022549234606609903] - [-0.014444877727598983, 0.22309121951389393, -0.12704158044870853, -0.08160633430816346] - [0.027144121566787437, -0.10002237654800906, -0.04942685184263142, 0.12229577594722071]
A2: [0.08924908705808433, -0.07291873213265782, -0.12363267395631335, 0.10728094258212705] - [0.10884033492326899, 0.24981278699195353, -0.4048466558081078, 0.046188062761347695] - [0.03663564769924125, 0.4625548366751701, -0.377717727374211, -0.12147355468557748] - [0.1434271112171656, -0.04460594782745626, -0.20149887345091805, 0.10268055058128224]
B1: 6.731893406703992e-07 - -4.1660512668659106e-07 - -8.07072138152239e-07 - -1.0427152777200966e-06
B2: -9.460286772174566e-07 - -7.076709352120379e-07 - -1.1286405606973678e-06 - 5.653824798866788e-07
