Number: 40
Error: 0.0016240915219569232
A1: [-0.07390852297407613, -0.08170845437568247, -0.049200079611519267, -0.05023734623850515] - [0.09557723456864177, 0.22478651012403372, -0.12220568698845045, -0.10213103590206249] - [-0.20890017223655818, 0.3085454666748669, -0.17387417015338527, -0.38583319823066337] - [-0.02486160420169467, -0.03731519299598335, -0.028300259524834396, -0.0031667009837283507]
A2: [0.4130047316915719, 0.08080622457462525, 0.25143286041384866, 0.2421244885109557] - [0.1295971449189342, 0.29749536145887595, -0.030338498623278275, -0.039316583588814534] - [0.2025623150289571, 0.8699196710648452, 0.04394527098753247, 0.022996075940759753] - [0.5178150869285219, 0.5174857141884325, 0.5168927673050548, 0.508391410419292]
B1: 0.039770332358789934 - 0.4391727890621191 - -0.04517458512085204 - -0.05979518356037176
B2: 0.032585450975254046 - 0.4692902512721485 - -0.006198807052020035 - -0.010815404931686517
