Number: 6079
Error: 1.1785606094891222e-14
A1: [0.08043269895182312, -0.1804667965983698, -0.019587843918953116, 0.1196259858894218] - [0.03741666288241674, 0.13359746824371926, -0.13472510546754393, -0.03628474280886673] - [-0.0017015872635144356, 0.22819134822989082, -0.12282715269929727, -0.10365767880382913] - [0.038863957977542704, -0.11448029703455566, -0.04641571830838751, 0.12203495105168474]
A2: [0.03530746103172412, -0.029273457776947325, -0.07569733286456817, 0.06966342655264932] - [0.10289369717073926, 0.2828966473110639, -0.39260644799555744, 0.006815939981599215] - [-0.011187084497456706, 0.5390146062730796, -0.35945100082754255, -0.16837644823897058] - [0.09786255319280933, 0.017463069160478586, -0.16885124489478887, 0.05352461993751157]
B1: -1.3988185115384257e-07 - -1.902936278691043e-08 - -1.317185354425401e-07 - 2.333403898986793e-08
B2: 3.127968687094956e-07 - 5.483765221052317e-07 - -7.921304507972786e-07 - -1.6496719349175632e-07
