Number: 7753
Error: 7.275966619169434e-16
A1: [0.08043167778729371, -0.1804678176470662, -0.019588863862375405, 0.11962496484166828] - [0.037415482110214046, 0.13359628836549847, -0.1347262838867933, -0.03628592292672207] - [-0.0017028570881397764, 0.22819007843222905, -0.12282842066480117, -0.10365894828964582] - [0.03886322542701344, -0.11448102752927534, -0.046416450392146036, 0.12203421895642141]
A2: [0.03530743178778558, -0.029273487101640704, -0.07569736066990271, 0.06966339594545522] - [0.10289369959762049, 0.2828966497586126, -0.39260644564860714, 0.006815942522938407] - [-0.011187104156678533, 0.5390145864965827, -0.35945101943583646, -0.16837646895472735] - [0.0978628011258344, 0.017463318221306083, -0.1688510088790414, 0.053524880186585744]
B1: -1.8222981383594783e-08 - -3.5234736088017946e-08 - -1.5614644101439723e-08 - -1.5949669822944737e-08
B2: -1.0974140980610447e-09 - -5.4066758144085776e-08 - -2.0727473732483665e-08 - 1.5288355015554863e-09
