Number: 9098
Error: 0.00013766585965319154
A1: [0.08448758851989346, -0.11784888429570897, 0.003934276258988294, 0.15191104114782344] - [0.032346204056796314, 0.15726374977117674, -0.08757312197796377, 0.003480246398138317] - [-0.019819752894732583, 0.21817555523165763, -0.13091315433016765, -0.08562509836726112] - [0.05768881275054146, -0.07018148480802378, -0.018856548290905533, 0.15216635546685106]
A2: [0.06936402129498798, -0.09263435186837263, -0.14049707839519202, 0.08751571391169734] - [0.11420448467643479, 0.25444800151660496, -0.39903128249167075, 0.051396305627280536] - [0.057363716624987016, 0.48403288436500524, -0.3579015864725342, -0.100495952144793] - [0.16543412558224063, -0.022805596467278845, -0.18108315794788957, 0.12480411082717434]
B1: -0.003547555133280228 - 0.0021346410093905912 - 0.014244551905459025 - 0.009160546120660522
B2: -0.004336362154382901 - -0.004787483869389882 - -0.004755975541726939 - -0.0031026330254101545
