Number: 2120
Error: 0.0019119038387863149
A1: [0.1181276521579389, 0.07230131082841317, 0.030862907874779355, 0.14556441397722888] - [0.08123676497137466, 0.21120203303803217, -0.12514769937771428, -0.08502112930652045] - [-0.22109273581054703, 0.3028082565414642, -0.26083106999866545, -0.2606659805602723] - [0.33820066253766223, 0.3539090751793284, 0.3556462570865695, 0.2831478261774435]
A2: [0.07062140328654729, -0.28543919884681446, -0.02392116026784638, -0.03077552833634802] - [0.07285184247594623, 0.22774376218470252, -0.07661617383207082, -0.09297167693017941] - [-0.0653985302732272, 0.4555837247610589, -0.25907441465184344, -0.3411858047908122] - [0.0013341907077285414, 0.031854515116283184, -0.060761124003081694, 0.09396765630207832]
B1: -0.004886300637475326 - -0.07572027880386115 - 0.01096280641046967 - -0.04016709093647225
B2: -0.05026050808979815 - -0.03238848167808222 - 0.05717803247189052 - -0.0663799988841918
