Number: 8805
Error: 0.00010798081296786212
A1: [0.08086476905965262, -0.18003112984814074, -0.019158662275882143, 0.12005950415542596] - [0.035960408758924596, 0.13214362426500045, -0.13617868741589365, -0.03773970291604248] - [0.004145588453212315, 0.23404874838443177, -0.11700149272611049, -0.09780755375308157] - [0.03855463313602056, -0.11478484844395566, -0.04672800074845156, 0.12172740118359496]
A2: [0.0349705280010135, -0.02962314735559213, -0.07600394754276613, 0.06930970772100428] - [0.09501530087566656, 0.2749492377349479, -0.40023136669166315, -0.001433156579064043] - [0.009056642719915195, 0.5593508717600497, -0.340236100572962, -0.14705083161430715] - [0.09433372043546318, 0.013910238745771113, -0.17220465391726966, 0.0498202399356813]
B1: 0.002488759558395219 - 0.0059218616893846705 - -0.004588561681301602 - 0.003738026418375379
B2: -0.007253048547425357 - -0.006759032103430158 - -0.011614238969223584 - -0.006774515004742207
