Number: 9428
Error: 7.578125393586045e-13
A1: [0.05317114052626031, -0.14800268110076711, -0.027000455423126977, 0.12182641167135405] - [0.00531262544970892, 0.13083559881794288, -0.11360183790266892, -0.02255085912924828] - [-0.014441596654345147, 0.22309450168022527, -0.12703830204140584, -0.081603052176412] - [0.027144252383979946, -0.10002224548457465, -0.04942672054971214, 0.12229590742976051]
A2: [0.08924223776211451, -0.072925565582477, -0.12363936891268174, 0.10727400892737501] - [0.10885667816831539, 0.24982913313553554, -0.40483063621579746, 0.04620468097052026] - [0.03662393813432898, 0.4625431879085297, -0.3777291517421344, -0.1214853858469431] - [0.1434169514007148, -0.04461607000498541, -0.2015087935191047, 0.10267023973752902]
B1: -2.2170863877764287e-06 - -1.2397180063710515e-06 - 7.354021911649978e-07 - 1.1291624540957013e-06
B2: -1.0304513014365254e-06 - -8.411651864928182e-07 - -1.2212840345089054e-06 - -4.217264218806023e-07
