Number: 3650
Error: 1.75945008915581e-13
A1: [0.06621000778896084, -0.11395518266989318, -0.02398712168032892, 0.07171969958309682] - [0.03740309374359053, 0.1881938295851269, -0.14740847331453405, -0.07818653667112099] - [-0.06022975204212709, 0.32895043447323263, -0.12775348222670982, -0.14096869275166202] - [0.039048571438302974, -0.05332039640888016, -0.03741625657652116, 0.05169743528720049]
A2: [-0.009109994920420117, -0.34680469096064476, 0.24945365970380937, 0.10645519198758605] - [0.08004017784728464, 0.036282636266354265, -0.05024972745495241, -0.0660715714178424] - [-0.04245350939106875, 0.2308311296292517, -0.04053198490875104, -0.1478486020155317] - [0.06813336627631147, -0.2934694074521921, 0.14176970937050015, 0.08356027676098829]
B1: -1.3817982594231257e-07 - -2.6382623460422253e-07 - -6.127438857282564e-07 - -3.416764337274159e-07
B2: -6.64617203258323e-07 - 8.075695484196345e-07 - -2.72635516581074e-07 - -1.930530633069581e-06
