Number: 3465
Error: 6.454906566604856e-09
A1: [0.06599010150754263, -0.11417020377141836, -0.024206894332174052, 0.07150014403011211] - [0.03710016241454233, 0.1879044040396038, -0.14770621622954178, -0.07848436027430368] - [-0.060218999800827795, 0.32896075055304275, -0.12774290566993196, -0.14095828291069476] - [0.03885988525106428, -0.0534994378867837, -0.03759867009372981, 0.051516402453830344]
A2: [-0.009078440040795619, -0.34677117728519424, 0.24948550104915734, 0.10648839793004836] - [0.08013135368657277, 0.03638085010866891, -0.05015007295824275, -0.0659710415993912] - [-0.04235593217961727, 0.2309387151915896, -0.04042747288932354, -0.14774076402886832] - [0.06812442448694879, -0.29347925208846365, 0.14176008899240453, 0.08355030412353884]
B1: -4.390492130037426e-05 - 1.2867484010888806e-05 - 1.577279170801754e-05 - -4.498225603266679e-05
B2: -0.0002397086380762924 - 0.00010328559500859308 - -2.7327290578909033e-05 - -0.00015636108593989085
