Number: 7040
Error: 1.2400317866149882e-15
A1: [0.08043169678618356, -0.18046779865031934, -0.01958884488620673, 0.11962498383838517] - [0.03741559532098089, 0.13359640149058907, -0.13472617090161293, -0.036285809778670575] - [-0.001702810234503121, 0.22819012528486834, -0.12282837387977281, -0.10365890144852083] - [0.03886323347512077, -0.11448101950374147, -0.046416442349170126, 0.12203422699952661]
A2: [0.035307445641363504, -0.02927347320975538, -0.07569734749808246, 0.06966341044471923] - [0.10289371370790121, 0.28289666398863605, -0.3926064320013168, 0.006815957298430302] - [-0.011187123648804205, 0.5390145668881937, -0.3594510378855709, -0.16837648949425937] - [0.09786279858546071, 0.017463315669373924, -0.16885101129731309, 0.05352487752001929]
B1: 5.9451898023704165e-09 - -1.1028273455579972e-08 - -5.798511761597748e-09 - 6.971586538650638e-10
B2: -3.3031167689327682e-09 - -5.6269419410755105e-09 - 3.7437932706041994e-09 - -9.870418038699586e-09
