Number: 9986
Error: 1.1607211509224607e-15
A1: [0.05317247341474969, -0.1480013477294569, -0.026999123961590554, 0.12182774521961988] - [0.005313657572662611, 0.1308366319590635, -0.11360080600709284, -0.02254982570817846] - [-0.014444530526766738, 0.22309156685964834, -0.1270412335042469, -0.08160598696833267] - [0.027146356024784612, -0.10002014210916008, -0.04942461269018684, 0.12229801606823516]
A2: [0.08925455040927582, -0.0729132814069286, -0.12362733369965971, 0.10728647327732846] - [0.10884179600189142, 0.2498142483260543, -0.40484522366143866, 0.04618954842175209] - [0.03663595420909157, 0.46255514158128047, -0.3777174283266778, -0.12147324500097148] - [0.14342655236866736, -0.04460650459734224, -0.2014994191208276, 0.1026799834304063]
B1: -1.1535221017589481e-08 - 2.8813554720926625e-08 - 1.51645844256876e-08 - -9.370557441862937e-09
B2: -3.5305081822155133e-09 - -7.816529292914241e-10 - 1.7984951241494805e-09 - 1.4301866413733847e-08
