Number: 8966
Error: 0.001325717593567788
A1: [0.05834463798108537, -0.19557711822340212, -0.02547251868379486, 0.11682563212972735] - [0.08041815279915675, 0.1885016049368191, -0.050217110480044944, 0.045253254362089664] - [0.0939009291627796, 0.3173961045975021, -0.013801331006952109, 0.00876418237380978] - [0.05850641180569395, -0.09041584140464654, -0.019918135731934638, 0.1491983068087288]
A2: [0.196180251840566, 0.1324022555054645, 0.055036917690641105, 0.27638452195715246] - [0.466013337104778, 0.640899639877691, -0.05039954257356502, 0.41770961990516253] - [0.2035276273427398, 0.7233445344254574, -0.15484313476023026, 0.0956405256985669] - [0.32250058722038094, 0.22002219537764506, 0.04530072532465297, 0.33081682399051515]
B1: -0.002287401845745588 - -0.023478985461460725 - -0.03395348284122041 - -0.037603721939117894
B2: -0.047878615207053374 - -0.016992368995938412 - -0.0092542694602837 - -0.018631656941866963
