Number: 3915
Error: 1.144582783052261e-15
A1: [0.06621311061809948, -0.11395214918500075, -0.023984021288016293, 0.07172279720523755] - [0.03740253314543727, 0.18819329397312065, -0.14740902442520332, -0.0781870878307174] - [-0.060229361738038535, 0.3289508093344013, -0.12775310030259687, -0.1409683128787913] - [0.039046080284911175, -0.05332276091094935, -0.03741866668020875, 0.051695044749963226]
A2: [-0.009108660492177774, -0.3468032753284733, 0.2494550049353715, 0.10645659108036257] - [0.08003976575945547, 0.036282192327983846, -0.050250177844516304, -0.06607202563659495] - [-0.04245301357148135, 0.23083167685213232, -0.04053145356485964, -0.14784805365520765] - [0.06813465459978157, -0.2934679889407287, 0.14177110604522117, 0.0835617212262673]
B1: -5.8499607111629114e-08 - -4.2639127502405006e-08 - -6.9340916709073875e-09 - 6.957664763499002e-08
B2: -1.75035212484182e-08 - -3.2094203524938086e-08 - 2.657920309005789e-09 - -2.2510499303167364e-08
