Number: 3233
Error: 0.006848527423012123
A1: [0.15197953407375533, -0.006567121756989147, 0.05333986757794118, 0.15378687698830867] - [-0.20545624282638472, -0.059571118972535766, -0.3911992446093837, -0.31659888070034026] - [-0.3881398702747906, 0.07949370973233569, -0.41297364177359486, -0.4197088731880287] - [-0.2508358572887887, -0.29212190072032973, -0.30634465994173116, -0.20938088326660445]
A2: [0.010153005939539689, -0.4215681737648639, 0.2497624078212739, 0.04706454539335468] - [-0.4250913757944841, -0.33358773225647115, -0.4043697190098161, -0.4700119530816083] - [-0.22047537232427403, 0.11920838788827796, -0.20349265668299524, -0.33044498010051293] - [-0.1374551148876869, -0.40044815943561995, -0.040795180591779064, -0.11269046685536252]
B1: -0.06456441614279881 - -0.4023857040028755 - -0.15741462599870285 - -0.15833449507954536
B2: -0.2533270876585171 - -0.3942556674028519 - -0.1265343911485413 - -0.15614416620211188
