Number: 5924
Error: 2.4233013387027635e-09
A1: [0.08066245355291454, -0.18023708074494038, -0.01935835299529354, 0.11985571993440376] - [0.03770173276101554, 0.13388230248422536, -0.13444058555476288, -0.03599981826570045] - [-0.0015211117822162977, 0.22837181752708297, -0.1226469191224348, -0.10347724024070062] - [0.039052427595586206, -0.11429233228611117, -0.046227335550562555, 0.12222331799827892]
A2: [0.0352993843615742, -0.029281571608951975, -0.07570502555667928, 0.06965497987265218] - [0.1029461606228855, 0.28294955083606554, -0.39255572858530063, 0.006870837173314409] - [-0.01124282050653506, 0.538958547777661, -0.35950376980777266, -0.16843520561377345] - [0.097833553964537, 0.017433937243017346, -0.16887886374779434, 0.053494169767276764]
B1: 0.00010164998334837785 - 2.938231850758885e-05 - 2.8966011622339913e-06 - 4.477229921106713e-05
B2: 5.0366104073749685e-05 - 6.8606233827986e-05 - 6.601352832424903e-05 - 2.845374029747547e-05
