Number: 2354
Error: 1.1106461727838147e-05
A1: [0.06977207495280736, -0.043046178891907934, -0.019234046964895474, 0.013317227859251641] - [0.04427255072604807, 0.19170175322839156, -0.1424603055595781, -0.0918525054085977] - [-0.12742418244605302, 0.41152423343785416, -0.1082608759822869, -0.1909292745726486] - [0.030633377524748873, 0.013206083074076119, -0.03884992649367258, -0.029467122378300632]
A2: [0.02319423344254365, -0.21308226375287143, 0.04671022627208472, -0.015830465139000025] - [0.031982053399638596, 0.2028952841918911, -0.09909911194721804, -0.12531005995421504] - [-0.07071581882905492, 0.536316718336828, -0.20253040673190087, -0.17269676302494688] - [-0.02695632832280105, 0.017838121668116106, -0.05064173862318108, 0.056412440243693615]
B1: 0.0010465654967665595 - -0.0031825032986980534 - -0.001263626636948471 - 0.012560261286367044
B2: 0.005554959884574884 - 0.005120305904176042 - 0.004508392211961735 - 0.0031741236042212924
