Number: 1422
Error: 1.3836534474692177e-09
A1: [-0.0072491601517094915, -0.015055957424901597, 0.002933092798896579, 0.019391485733836738] - [0.06685261230664392, 0.18990933141119984, -0.14670836621065161, -0.10983355755143145] - [-0.11264975270845518, 0.4417221255067663, -0.07085660405507146, -0.2581695639704372] - [-0.023609257102281053, 0.015108398705980734, -0.030179586807872912, 0.03865825855100144]
A2: [0.13179093485169796, -0.22442690708427432, 0.022867969762329424, 0.07036077867766694] - [0.032689426586591665, 0.20379173091123, -0.11484528779235757, -0.1214152150382132] - [-0.09436868535101546, 0.5557900503645713, -0.2349526477236031, -0.2253853996540554] - [-0.021013892969420942, -0.019459714092058145, 0.007933066831407973, 0.03200246013516816]
B1: 8.721747072309511e-05 - -9.864785156897558e-05 - 7.057996051808551e-05 - 1.5739455762462838e-05
B2: 1.4668371698204174e-05 - -1.1794425194453249e-05 - -3.1775732264587403e-06 - 9.463817053970382e-06
