Number: 7183
Error: 1.2012353645814322e-15
A1: [0.08043170662363418, -0.18046778881398395, -0.019588835060521382, 0.11962499367471083] - [0.03741560919887773, 0.13359641535798283, -0.13472615705136906, -0.036285795908461906] - [-0.001702827908495814, 0.22819010761126113, -0.12282839152787452, -0.10365891911778903] - [0.038863258229156074, -0.11448099481918006, -0.04641641761091592, 0.12203425173817277]
A2: [0.03530753231319048, -0.029273386298208203, -0.07569726509159859, 0.06966350115616068] - [0.10289372084226177, 0.2828966711835477, -0.392606425101054, 0.006815964769150876] - [-0.011187181288279897, 0.5390145089049256, -0.35945109244260137, -0.16837655023096895] - [0.09786280694591572, 0.017463324067856962, -0.1688510033387012, 0.053524886295772525]
B1: 3.797472728525178e-08 - -1.5845636729633825e-08 - -2.1580316226308255e-08 - 7.57567295606209e-09
B2: 5.366457075105627e-09 - 4.883809675722223e-09 - -1.22641138906398e-08 - 9.758470239930734e-09
