Number: 1916
Error: 3.6728175900454622e-06
A1: [-0.0020617967352588276, -0.009771326878202627, 0.008336740263254644, 0.024690935077900038] - [0.06271771555138327, 0.18594096981897662, -0.15097283796362818, -0.11442828107934576] - [-0.10722078119492935, 0.44703736510824316, -0.06528849057636812, -0.2523068751653673] - [-0.016841999103382042, 0.02179038991381173, -0.023384571692301695, 0.04579702167723549]
A2: [0.13443107469900975, -0.22190645951745586, 0.025429882749747175, 0.07294685034410554] - [0.03264536465039596, 0.20375947149175735, -0.1148810849485291, -0.12144179943259426] - [-0.09261828506997517, 0.5574697964035075, -0.2331904194587344, -0.22355568536317197] - [-0.016003345500487688, -0.014582169396669627, 0.012830564600559926, 0.03677295891258897]
B1: 0.002931842421846634 - 0.002767117034937724 - 0.0021563007013436753 - -0.00011700571156461181
B2: -0.0004547223590608521 - -0.00012746893782054707 - 0.0008423863036761872 - 0.000505306343729165
