Number: 910
Error: 1.6542165924876572e-09
A1: [-0.012295890703726367, -0.014663679181008598, 0.017929731260015028, 0.008430717956976159] - [0.06581366478688246, 0.18947450474655247, -0.14534486901507968, -0.11003257841470288] - [-0.09616665841514815, 0.42190818551498743, -0.05332018626703458, -0.27188851626862376] - [-0.0013057193095967767, -0.018203982289992954, -0.0038182968452693, 0.023395117357714938]
A2: [0.16160288426843267, -0.1677387324319644, 0.008517307373748072, -0.0023170742278370003] - [0.03556957828710145, 0.2075992296740856, -0.11712691467928378, -0.12570999992336762] - [-0.08621768719590633, 0.5815342169674723, -0.23539264293480366, -0.25993943155317395] - [-0.003850425600339592, -0.00453443709484626, 0.0010949996416195406, 0.0072286306358988845]
B1: -7.533112212015749e-05 - -2.2797528194465866e-05 - -4.6894722709436575e-05 - -7.55701343362131e-06
B2: -0.00014988463873337205 - -0.00015344887089384455 - 2.9425975079412507e-05 - 0.00012977361407566867
