Number: 5262
Error: 1.6725335630081433e-15
A1: [0.06621319189782807, -0.11395206972158443, -0.023983940072084417, 0.07172287834852614] - [0.03740252481628828, 0.18819328601521557, -0.14740903261334473, -0.07818709601961722] - [-0.060229585720711916, 0.3289505942108074, -0.12775331947909516, -0.14096853087619157] - [0.03904617651294385, -0.05332266957471409, -0.03741857358264572, 0.05169513709151581]
A2: [-0.00910849791087495, -0.34680310285521243, 0.24945516883178065, 0.10645676153795466] - [0.08003977544464694, 0.03628220276184579, -0.05025016725888958, -0.06607201496115264] - [-0.042452790356147005, 0.2308319232064503, -0.04053121435839709, -0.14784780678737275] - [0.06813478507053199, -0.29346784528675407, 0.14177124748771006, 0.08356186750816973]
B1: 2.996357136408226e-08 - 8.994103939561195e-08 - -6.617957750124117e-08 - -6.480445494871026e-08
B2: 3.627449568077765e-08 - -3.1832177067036103e-08 - -6.355564573465292e-08 - 2.710400688345632e-08
