Number: 2089
Error: 0.0008449015693963986
A1: [0.002886118919444451, -0.044175673226500164, -0.022257891516379937, -0.027930041821935897] - [0.07119244802923608, 0.19980263615779226, -0.13692146978218664, -0.09875924138195902] - [0.0043589466459401476, 0.5736563498177384, 0.04977434810409091, -0.07779414188275964] - [0.17362788105252225, 0.19803385141019547, 0.1093163255684742, 0.16030531314232033]
A2: [0.13469650378065887, -0.1869326460278321, 0.09356043099435551, 0.08780465961187535] - [0.039757293633002753, 0.20562469769091643, -0.11562916804756082, -0.11966772276464982] - [-0.048173291890513475, 0.569436451267541, -0.1964745701794046, -0.18906334640172023] - [0.021659296650155053, 0.009172360250815071, 0.015489991600756228, 0.12833219528244078]
B1: -0.0026999211595503843 - -0.008786003534723714 - 0.0281839750176944 - -0.030436065420200678
B2: -0.07762706134106943 - -0.007722161324918729 - -0.019395357338604542 - -0.008757414242573692
