Number: 292
Error: 2.537641312982112e-08
A1: [-0.012385749296618004, -0.014755859757703304, 0.0178304924042354, 0.008334915458975356] - [0.06506266660679338, 0.18875205905647358, -0.14612135697295434, -0.11086873968218139] - [-0.09587893497444677, 0.4221866160319603, -0.053007661809296384, -0.2715531758540619] - [-0.0011004878348141753, -0.01800645460296503, -0.003599665612750415, 0.023632227178503842]
A2: [0.161690306842212, -0.16765317097391605, 0.008603011560739117, -0.0022319370754879577] - [0.03557989145703223, 0.20760935944108222, -0.117116703537246, -0.12569994952737848] - [-0.08604560658315971, 0.5817025584985643, -0.23522530494623597, -0.2597717352888558] - [-0.003745864987853939, -0.0044316257546177795, 0.0011986898411548677, 0.007328869724953031]
B1: 6.567750484407766e-06 - 0.0002535366776417858 - 3.410983344652918e-05 - -2.2888461654318467e-05
B2: -9.553767003020882e-05 - 0.0002850984903072918 - -0.0001363324378380146 - -0.00018417440115263563
