Number: 6416
Error: 9.42427646254223e-16
A1: [0.08043169768329088, -0.18046779775331412, -0.019588843990174774, 0.11962498473538943] - [0.03741559634616014, 0.13359640251499122, -0.13472616987847874, -0.03628580875405934] - [-0.001702809336714226, 0.22819012618264156, -0.122828372983298, -0.10365890055097128] - [0.03886322830580412, -0.11448102465855356, -0.04641644751519314, 0.12203422183342283]
A2: [0.035307429172297636, -0.029273489724374106, -0.07569736315666035, 0.06966339320805326] - [0.10289375171970315, 0.28289670232304326, -0.39260639523679886, 0.006815997102334268] - [-0.011187097228731128, 0.5390145934658636, -0.3594510128784016, -0.1683764616544893] - [0.09786281115337789, 0.01746332829445927, -0.16885099933347406, 0.053524890712245865]
B1: 1.1014935898771903e-10 - 2.941447480710786e-09 - 5.1206929088453985e-09 - 1.6439685568800605e-10
B2: 6.344256818457491e-09 - 3.1415479268358396e-09 - 4.194206918956494e-09 - -4.378262958378136e-09
