Number: 8342
Error: 8.947373160260774e-16
A1: [0.08043173131126247, -0.1804677641291781, -0.01958881040247136, 0.11962501835947824] - [0.0374155727431961, 0.13359637892994, -0.13472619343425293, -0.036285832343840405] - [-0.001702789208477461, 0.2281901463104413, -0.12282835288453335, -0.10365888042809931] - [0.03886328104347879, -0.11448097206888978, -0.0464163948111507, 0.12203427453829671]
A2: [0.03530718077787426, -0.029273738805727104, -0.07569759932744585, 0.06966313323691213] - [0.10289373990619231, 0.28289669040930304, -0.39260640666264346, 0.006815984731862191] - [-0.011187138599103596, 0.5390145518486775, -0.35945105203643524, -0.16837650524782868] - [0.0978628759632997, 0.017463393399119585, -0.16885093763847597, 0.05352495874137786]
B1: -6.755485728380638e-09 - 2.0860090092339424e-08 - 1.4363085390459418e-08 - 1.594275934332425e-08
B2: 2.790153089118621e-08 - -2.0033837071371582e-08 - 6.318888922938318e-09 - 2.8701990848835898e-08
