Number: 8503
Error: 9.700716764817282e-16
A1: [0.08043168047113362, -0.18046781496351308, -0.01958886118179292, 0.11962496752519443] - [0.03741540329257746, 0.13359620960754987, -0.134726362547223, -0.0362860017006152] - [-0.0017028014602615187, 0.22819013405890615, -0.12282836511840194, -0.10365889267662068] - [0.03886316884542161, -0.11448108395201022, -0.04641650693766223, 0.12203416241004077]
A2: [0.03530743616624218, -0.029273482711026734, -0.07569735650689831, 0.06966340052796371] - [0.10289369637624134, 0.2828966465099519, -0.39260644876428596, 0.0068159391497190575] - [-0.011186933125240732, 0.5390147585480819, -0.35945085755046885, -0.16837628873337612] - [0.09786279252661198, 0.017463309582961467, -0.16885101706496242, 0.053524871160207724]
B1: 7.577046124859205e-09 - 4.5548986172403745e-08 - -4.5269098335719594e-08 - 1.9286048695462208e-08
B2: -2.4378612881124192e-08 - 3.60439029351109e-08 - -5.734174607731127e-08 - 3.092262000227005e-08
