Number: 2726
Error: 2.9111785942574476e-08
A1: [0.06299113028396629, -0.04831446179188875, -0.023883334435197023, 0.007415428269691151] - [0.04344489597402277, 0.19106117483362797, -0.14278786245778238, -0.0927507939738397] - [-0.12313940824960143, 0.41516666484068787, -0.10454936619841208, -0.18676373142507346] - [0.03693777233653252, 0.019101775815595048, -0.03319703136317833, -0.023116115930497713]
A2: [0.06373356080111241, -0.17339430871414602, 0.08661852168020996, 0.024248351504970293] - [0.029482692266581945, 0.2004884933196841, -0.10151783953316008, -0.12768439413013138] - [-0.09278713005349686, 0.5142938282009368, -0.22498220705071545, -0.19449455411118344] - [-0.025246869086778496, 0.019198237706618698, -0.0496085370251042, 0.05763984659302369]
B1: -6.701875218883833e-05 - 7.437469726418297e-05 - -5.3108155497839845e-05 - -5.197743217746755e-05
B2: 2.6873220780393166e-05 - 0.00021407423800828737 - 8.281083903844598e-05 - 0.00020783692391373483
