Number: 4915
Error: 1.0546908516860348e-15
A1: [0.0662131369342188, -0.1139521234569691, -0.023983994992546522, 0.07172282347718134] - [0.037402562308724324, 0.1881933218366606, -0.14740899575544503, -0.0781870591584453] - [-0.06022942371637777, 0.32895074980758615, -0.12775316095095654, -0.14096837320075264] - [0.03904614251550425, -0.053322701843953664, -0.03741860647409878, 0.05169510446715776]
A2: [-0.009108560411539207, -0.3468031691585215, 0.2494551058256822, 0.10645669600947365] - [0.08003989710047717, 0.0362823338198977, -0.050250034296200355, -0.0660718808694107] - [-0.042452839887634736, 0.2308318685406516, -0.04053126743805655, -0.14784786156717303] - [0.06813469435482564, -0.29346794516839597, 0.14177114914356628, 0.08356176579938457]
B1: 6.325255608282247e-09 - 4.122831883985507e-08 - -1.3541413243372682e-08 - -3.2291849605445106e-08
B2: -6.087045901694329e-09 - -2.339047693739373e-08 - 1.3636388758207985e-08 - 3.0222588145995144e-09
