Number: 3919
Error: 1.074221958549667e-15
A1: [0.06621311832429358, -0.11395214165101562, -0.023984013587869425, 0.07172280489849872] - [0.037402542545015564, 0.18819330295377845, -0.14740901518469723, -0.07818707858939436] - [-0.060229308550527084, 0.32895086041805527, -0.1277530482564443, -0.14096826111257568] - [0.03904606938654522, -0.053322771255264, -0.03741867722401217, 0.051695034291774404]
A2: [-0.009108690792050478, -0.3468033074719182, 0.24945497439033673, 0.10645655931258714] - [0.08003975863030012, 0.03628218464783935, -0.0502501856362797, -0.06607203349452034] - [-0.04245299102905709, 0.2308317017313667, -0.04053142940749554, -0.14784802872412034] - [0.06813468259963533, -0.2934679581116472, 0.1417711363997843, 0.0835617526193039]
B1: -3.9280524531835245e-08 - -3.977121735155068e-08 - -1.0107913243729574e-08 - 5.193372240685562e-08
B2: -1.3857063141976058e-08 - -2.7034691751857315e-08 - -2.71028661840824e-08 - -5.347309223260766e-09
