Number: 4928
Error: 1.2813529300184716e-15
A1: [0.06621317234982926, -0.11395208883277282, -0.023983959604729314, 0.07172285883335577] - [0.037402586836672476, 0.18819334527145687, -0.14740897164258954, -0.07818703504345793] - [-0.060229330147139694, 0.3289508396757573, -0.12775306938957529, -0.14096828213182225] - [0.039046192836938026, -0.053322654080703635, -0.037418557789763864, 0.05169515275619487]
A2: [-0.009108603137741422, -0.3468032144842627, 0.24945506275378773, 0.10645665121344626] - [0.080039840384044, 0.036282272720096806, -0.05025009628397623, -0.06607194338353488] - [-0.04245281289499283, 0.23083189833133594, -0.04053123851172516, -0.1478478317144026] - [0.06813477307178736, -0.29346785849779433, 0.14177123448017354, 0.08356185405539257]
B1: 1.6466467908529802e-09 - -8.323347724779854e-09 - -5.673286269344371e-09 - 1.35910775777044e-10
B2: 7.899223846379061e-09 - 2.0248816386350143e-08 - -2.514300776853086e-08 - -2.991663086658743e-08
