Number: 1180
Error: 1.0819405088406039e-07
A1: [-0.007881993536900217, -0.0156857503903986, 0.002273811563098597, 0.018732425142465623] - [0.06829949981934219, 0.19130169288994017, -0.14521302493142285, -0.10822189224113517] - [-0.11417545513228144, 0.4402352765048989, -0.07244114695877872, -0.2598268375751829] - [-0.026419563102745035, 0.01235952156519444, -0.03302826974851611, 0.0356800135619189]
A2: [0.13113752265904616, -0.22506914758978117, 0.022227456651863185, 0.06972805236297946] - [0.03245724927596412, 0.20356501011599265, -0.11507541421804734, -0.12164429338381685] - [-0.09445127468890627, 0.5557071002587312, -0.23503494499557406, -0.2254804412144916] - [-0.022388729863539503, -0.020822280747651165, 0.00656767564968185, 0.030684110635877178]
B1: -0.0004601578953394718 - -0.0004081057009590018 - 0.00034068672971870065 - -4.2576677434385044e-05
B2: 0.00027865631226756593 - 0.0002683343120840436 - -0.00016657165467579547 - -0.00017279180458923093
