Number: 4003
Error: 9.650681892426153e-16
A1: [0.06621317001681985, -0.11395209111365842, -0.023983961935906576, 0.07172285650426917] - [0.03740258762905899, 0.18819334602852014, -0.14740897086362512, -0.07818703426440043] - [-0.060229399814692386, 0.328950772763878, -0.12775313756215456, -0.1409683499379452] - [0.0390462056923347, -0.053322641878997934, -0.03741854535273499, 0.05169516509226687]
A2: [-0.009108664202633178, -0.3468032792646808, 0.24945500119490316, 0.10645658719016907] - [0.08003979792798133, 0.03628222698271022, -0.05025014268614148, -0.06607199017967716] - [-0.04245290730883918, 0.2308317941302677, -0.04053133968954053, -0.14784793613263425] - [0.06813473912208216, -0.29346789587793687, 0.14177119767557686, 0.08356181599146432]
B1: 3.1149564843797074e-08 - -1.8898917561856063e-09 - 1.3844669996553802e-08 - 1.7002475670851515e-08
B2: 1.8664544631585236e-08 - -3.790732238665288e-09 - 2.379136242785998e-08 - 4.006688426269393e-08
