Number: 2109
Error: 0.0023982036673575076
A1: [-0.031992030400626106, -0.06774532050453672, -0.10484371947054835, -0.02706750627348275] - [0.107652683289261, 0.23728277757918717, -0.09304111011435694, -0.05776230726470777] - [-0.03474181970447022, 0.49217168187694627, -0.049239457851481774, -0.0786735802702699] - [-0.20360020541374457, -0.19268423233093074, -0.25949547466763523, -0.24169840324084002]
A2: [0.16705646415083777, -0.19123127926178524, 0.06536496442320802, 0.04162540713211676] - [0.11597187643575467, 0.27124744241810955, -0.03773270079978944, -0.05454033429699554] - [-0.06581497556841337, 0.4638607752947029, -0.2559239071259987, -0.30894283415354623] - [-0.035878947929682464, -0.035425538520835784, -0.12093911487777753, 0.012773031719543061]
B1: -0.025054586386262567 - -0.03478975645360659 - -0.0575623373406114 - 0.011679505898585772
B2: 0.06079804582770069 - -0.029344261478179454 - -0.009474173699800414 - 0.05482069173081369
