Number: 5310
Error: 1.6569633438623496e-15
A1: [0.06621322644114778, -0.11395203595019171, -0.02398390555587236, 0.07172291283387021] - [0.03740264034361176, 0.18819339639380966, -0.14740891904109513, -0.07818698243732027] - [-0.06022937870481068, 0.32895079303838626, -0.12775311690545335, -0.14096832939206413] - [0.0390461351555852, -0.0533227088296373, -0.03741861359455189, 0.05169509740448086]
A2: [-0.00910864466196243, -0.34680325853467164, 0.24945502089332527, 0.10645660767780024] - [0.08003990971419943, 0.0362823474084475, -0.05025002051010885, -0.06607186696634863] - [-0.04245272707020064, 0.2308319930524755, -0.04053114653882041, -0.14784773679579802] - [0.06813491307042951, -0.2934677043538521, 0.14177138625152505, 0.08356201101900716]
B1: -1.3032953919114294e-07 - 1.1891707058433497e-08 - 6.182301356456679e-08 - 5.278467277799101e-08
B2: -1.3542869185021925e-08 - -1.617385214329024e-08 - 2.4476689112736857e-08 - -3.615367288296502e-08
