Number: 3983
Error: 9.877172390340086e-16
A1: [0.06621316343695643, -0.11395209754648204, -0.02398396851060522, 0.07172284993544938] - [0.03740267137046644, 0.18819342603774214, -0.14740888853940803, -0.07818695193290019] - [-0.060229304444600194, 0.32895086436157095, -0.12775304423862371, -0.1409682571163597] - [0.03904606935290088, -0.053322771287218955, -0.037418677256558, 0.05169503425947235]
A2: [-0.009108603578868507, -0.34680321495231653, 0.24945506230918668, 0.10645665075089238] - [0.08003976858659122, 0.03628219537362304, -0.05025017475461429, -0.066072022520458] - [-0.042452801476436576, 0.2308319109335293, -0.04053122627532, -0.14784781908593422] - [0.06813472486282005, -0.2934679115780124, 0.14177118221715884, 0.08356180000418414]
B1: -1.1474088496596917e-08 - -3.4990397486201804e-08 - 5.280233440622418e-09 - -1.4557476789802649e-08
B2: -1.4390133188913142e-08 - 4.132256327373174e-09 - -3.172788077165217e-08 - -1.3676151391802428e-08
