Number: 6786
Error: 9.209504960490568e-16
A1: [0.08043163372383698, -0.18046786170552345, -0.019588907873152924, 0.11962492078324] - [0.037415545668575946, 0.1335963518757643, -0.13472622045508748, -0.03628585940357181] - [-0.0017028627933735507, 0.2281900727271205, -0.12282842636168764, -0.10365895399336361] - [0.03886318687364347, -0.11448106597443762, -0.04641648892095413, 0.12203418042701206]
A2: [0.03530740354633799, -0.029273515421212055, -0.0756973875214961, 0.0696633663877062] - [0.10289369575879342, 0.28289664588718666, -0.39260644936145667, 0.00681593850307887] - [-0.011187119285659058, 0.5390145712773714, -0.35945103375575194, -0.16837648489665705] - [0.09786277435106411, 0.017463291324742565, -0.16885103436688637, 0.05352485208178693]
B1: 1.052427325739233e-08 - -1.1523034049904388e-09 - 1.305877274075864e-08 - 1.0920433254716815e-08
B2: 1.6341999297682987e-09 - 5.072134804311049e-09 - 4.115625898171031e-09 - 6.101479568735786e-09
