Number: 8348
Error: 1.0034593068295192e-15
A1: [0.08043173469689455, -0.18046776074392862, -0.019588807020886688, 0.11962502174472484] - [0.03741557072731122, 0.13359637691557993, -0.13472619544612185, -0.03628583435860965] - [-0.0017027924290001807, 0.22819014308998828, -0.1228283561003398, -0.10365888364776102] - [0.03886328592663368, -0.11448096719943797, -0.04641638993110673, 0.12203427941841773]
A2: [0.035307199384033226, -0.02927372014811147, -0.07569758163690818, 0.06966315271023428] - [0.10289372937705178, 0.2828966797908037, -0.39260641684630093, 0.006815973706329667] - [-0.011187143807167236, 0.5390145466095512, -0.35945105696599194, -0.1683765107357347] - [0.09786286005171657, 0.01746337741516427, -0.16885095278530365, 0.05352494203943028]
B1: -9.748437132600319e-09 - 2.78085665892386e-08 - 1.8173514941034462e-08 - 2.448022953610056e-08
B2: 2.5263629808462235e-08 - -2.230440441067051e-08 - 9.00680736314081e-09 - 2.4733510589082805e-08
