Number: 9766
Error: 1.2221544553261243e-15
A1: [0.05317259364471874, -0.14800122745538483, -0.026999003864249565, 0.12182786550746666] - [0.005313721155688232, 0.13083669560871575, -0.11360074243378743, -0.022549762035562214] - [-0.014444456893841847, 0.22309164051945654, -0.12704115992970358, -0.0816059133092035] - [0.0271464584941015, -0.10002003963979723, -0.04942451000450942, 0.12229811879808553]
A2: [0.08925464761139684, -0.07291318442963958, -0.12362723868760428, 0.10728657167823383] - [0.10884187925547716, 0.24981433159429264, -0.40484514205684935, 0.046189633076105116] - [0.036635907884295056, 0.4625550954975278, -0.37771747352346396, -0.12147329180622773] - [0.1434265936827574, -0.0446064634371994, -0.20149937878121973, 0.10268002535745993]
B1: 7.43945535733648e-08 - 1.1681457406323446e-08 - -1.9762602888985124e-08 - 1.3109837828070835e-08
B2: 1.7255075961423717e-08 - 2.7718528573943685e-08 - 5.4282500734275084e-08 - 1.4724238137830385e-09
