Number: 4594
Error: 9.120570870126384e-16
A1: [0.06621315847947627, -0.11395210239320533, -0.02398397346422505, 0.07172284498625281] - [0.03740253393075962, 0.18819329472342136, -0.14740902365317368, -0.07818708705864821] - [-0.06022940354899359, 0.3289507691772837, -0.12775314121636253, -0.14096835357228338] - [0.03904607417864806, -0.053322766706790335, -0.03741867258781337, 0.05169503889028967]
A2: [-0.009108461002543396, -0.3468030637012041, 0.24945520603900256, 0.10645680023425343] - [0.0800398444814922, 0.03628227713420568, -0.050250091805756424, -0.06607193886727009] - [-0.042452738117052406, 0.23083198086078763, -0.040531158376835005, -0.14784774901289263] - [0.06813471330337785, -0.2934679243053629, 0.14177116968546422, 0.08356178704407273]
B1: -2.5242946765108115e-08 - -1.0281257583170061e-08 - 1.3852662161948252e-08 - -3.9281974723503005e-08
B2: 5.285883681299814e-09 - -2.417572062179555e-08 - -4.3009115071347867e-08 - -4.677768303883146e-09
