Number: 9999
Error: 7.766263165890428e-16
A1: [0.05317248458159109, -0.14800133655851133, -0.026999112807056996, 0.12182775639184722] - [0.005313663051045001, 0.13083663744319138, -0.11360080052953953, -0.022549820222069878] - [-0.014444458063759545, 0.2230916393491899, -0.1270411610986064, -0.08160591447946809] - [0.027146452678670087, -0.10002004545545067, -0.04942451583244749, 0.12229811296770818]
A2: [0.08925448513317508, -0.07291334653208106, -0.12362739750506632, 0.10728640719636594] - [0.10884180641954393, 0.2498142587455452, -0.40484521345012703, 0.046189559014685654] - [0.036635893813678634, 0.4625550815001191, -0.3777174872514705, -0.12147330602277358] - [0.14342637699175953, -0.044606679321045485, -0.20149959036123335, 0.10267980545161075]
B1: 4.3457200278643374e-08 - 2.637704710433561e-08 - 2.3395497262175724e-08 - 3.538944188554671e-08
B2: 1.0370041142696268e-08 - -6.216450276391477e-09 - 4.383140527837365e-08 - 2.3925090632501898e-08
