Number: 2496
Error: 1.864632443678642e-07
A1: [0.06005891233854125, -0.05124557777507563, -0.02679720885604874, 0.004492467126352207] - [0.04209819437424066, 0.18975964288193556, -0.144182199996595, -0.09423701174115204] - [-0.12658885366186046, 0.41171135942146103, -0.10802514523203154, -0.19023388598002666] - [0.03429142937481305, 0.016443312097809255, -0.03584833797072278, -0.025761753611281277]
A2: [0.06563030617075122, -0.17149453651737656, 0.08850517485510334, 0.026125853849336092] - [0.028898911435901835, 0.1999174866048926, -0.10209859603149828, -0.12825415538126597] - [-0.09415344216167779, 0.5129752248869265, -0.22635113280580837, -0.1958105416657857] - [-0.02584111819344313, 0.018625168363454864, -0.05020399899662605, 0.05706870620973229]
B1: 0.0006765074124873611 - 0.0001071028624391578 - -0.00029186437156406096 - 6.903025075084325e-05
B2: 0.0002871480045891644 - -4.961425067974362e-05 - 0.0002224815401497773 - 0.0002569898548829175
