Number: 1156
Error: 9.053348209006327e-07
A1: [-0.010308943150270899, -0.01811424147199081, -0.00023356028557738903, 0.0162410412200281] - [0.06836845771115004, 0.19136295613545296, -0.14514229421995553, -0.10814050896422712] - [-0.11517800569090685, 0.4392844539197512, -0.07347694323046416, -0.2609079243183005] - [-0.03179001501215406, 0.007108775168369347, -0.03847448529109166, 0.030032866913692998]
A2: [0.12759904240006556, -0.22856897152935843, 0.018755115584945203, 0.06628088459659466] - [0.03432301308873941, 0.20540942874323195, -0.11321659257873037, -0.11982216424333599] - [-0.09897665482935908, 0.5512386955326728, -0.23946480549637375, -0.22991744949863727] - [-0.02427042002089685, -0.02270216164707529, 0.004704193167791255, 0.02887359763967216]
B1: -0.00020326038101159535 - 0.0007424324219534737 - 0.0001667261469629941 - -0.00038657201569483715
B2: 0.0009732024081190503 - 0.0023705334268831666 - -0.00011084231389018646 - 0.0003940899050392559
