Number: 2839
Error: 3.045042647912552e-08
A1: [0.06353312002065835, -0.0477736006792225, -0.023345630333474497, 0.007953446066876228] - [0.043554245358007504, 0.1911670631134303, -0.14267502012500552, -0.09262994414405676] - [-0.12289538474334197, 0.41540871212820085, -0.10430738942880295, -0.18652364106063474] - [0.037440842674089106, 0.019605169835662403, -0.032695902775959386, -0.022617554820812687]
A2: [0.06371993685872493, -0.17340892938355393, 0.08660060025507306, 0.024232303743580767] - [0.0295761299094086, 0.20058061707794161, -0.10142487570803402, -0.12759283036190372] - [-0.09312483319604505, 0.513961645660264, -0.2253202265338029, -0.1948217179114116] - [-0.02580565698205867, 0.018641435216575613, -0.05016536774381053, 0.05709591127229562]
B1: 4.4208368814957925e-05 - 0.00019646364790119707 - -5.701701829999981e-05 - 8.269379902863536e-05
B2: -0.00012932301562012952 - -0.00013679654392811434 - -0.00010759790474804321 - -1.5603958641144947e-05
