Number: 9975
Error: 1.0168691072105532e-15
A1: [0.053172508668500505, -0.14800131246275255, -0.026999088746701948, 0.12182778049036493] - [0.005313728939057022, 0.13083670340029047, -0.1136007346515185, -0.022549754241158744] - [-0.01444456695733702, 0.22309153041573654, -0.1270412699059771, -0.08160602341190254] - [0.02714644860578987, -0.10002004952831431, -0.04942451991390974, 0.12229810888448556]
A2: [0.08925442665046415, -0.0729134048795545, -0.12362745467012642, 0.10728634799256895] - [0.10884170160127263, 0.24981415390877923, -0.40484531619228464, 0.046189452432813236] - [0.03663587072997736, 0.4625550585365247, -0.3777175097730794, -0.1214733293458977] - [0.14342647017469315, -0.04460658648518171, -0.2014994993761378, 0.10267990001699594]
B1: -3.2273763258684996e-08 - 1.8254490882624262e-08 - 9.848310273322197e-09 - -1.734501548724388e-08
B2: -1.7331694159802765e-09 - -7.557568539758863e-09 - 1.3823283572630038e-08 - -2.1493525687202305e-08
