Number: 4916
Error: 7.517966419030043e-16
A1: [0.0662131372160309, -0.11395212318145448, -0.02398399471095555, 0.07172282375852053] - [0.03740255920760403, 0.18819331887374982, -0.14740899880408437, -0.07818706220735436] - [-0.060229421708922516, 0.3289507517356375, -0.12775315898657832, -0.1409683712469394] - [0.039046147278128815, -0.053322697323445974, -0.0374186018664159, 0.05169510903742805]
A2: [-0.009108570601604516, -0.34680317996856863, 0.24945509555317047, 0.10645668532576148] - [0.0800398878531145, 0.03628232385784637, -0.050250044403032254, -0.06607189106206132] - [-0.04245283568582482, 0.23083187317801893, -0.04053126293523861, -0.14784785692014088] - [0.06813470905637678, -0.2934679289813854, 0.14177116508143436, 0.0835617822824936]
B1: 9.078950134966976e-10 - 2.985018519540557e-08 - -1.64474631963287e-08 - -3.066132819434113e-08
B2: -2.337058828397826e-09 - -1.983719634583224e-08 - 1.8095380951208464e-08 - 6.320590354670503e-09
