Number: 1532
Error: 3.3568666042413805e-09
A1: [-0.006985902499650138, -0.014790465359562901, 0.003206286425507678, 0.019661522333034386] - [0.0669918519981787, 0.1900432469365966, -0.14656451070753299, -0.10967871611620719] - [-0.11240917372069875, 0.44195771531286215, -0.07060606924743186, -0.2579088956302067] - [-0.0235650776602812, 0.015151693282513982, -0.030134303448184067, 0.03870520089729579]
A2: [0.13172540497610338, -0.22449152302989236, 0.02280335852808765, 0.07029687278572465] - [0.03266517876199098, 0.20376776547247474, -0.11486938995952838, -0.12143905313955856] - [-0.09453395089672338, 0.5556269639118957, -0.2351155682154649, -0.22554864223969381] - [-0.02105054316235173, -0.019495869759739565, 0.007896123022965088, 0.03196723859494322]
B1: 0.00013604673071866002 - -0.00011951149827955132 - 0.000117809829108857 - 3.0190086058470795e-06
B2: -4.238137964340423e-05 - 0.00010055991606009381 - -4.553951915496764e-05 - -6.523846709148608e-05
