Number: 5985
Error: 5.6075455252624195e-12
A1: [0.08042325835628264, -0.18047623599263463, -0.019597272638915086, 0.11961654670284251] - [0.037411664459201854, 0.1335924733677454, -0.1347300944912752, -0.036289738793284516] - [-0.001707161339223831, 0.22818577433694046, -0.12283271834527171, -0.10366325125996025] - [0.038854219827410705, -0.11449000770446548, -0.04642544976183048, 0.12202521920698971]
A2: [0.03526337461919577, -0.029317666651462553, -0.07573924978630912, 0.06961728534202088] - [0.10285877638910523, 0.28286142976539613, -0.39264022311194274, 0.0067793727234032545] - [-0.01117432152190756, 0.5390274456392931, -0.3594389203910492, -0.16836299943743752] - [0.09784703229467313, 0.0174474776269153, -0.1688660198103459, 0.053508328073722064]
B1: -4.571730510199689e-06 - 5.088711985929205e-06 - 3.197487491197817e-06 - -2.6579341766666885e-06
B2: 9.124233165005191e-07 - -6.327284013768916e-07 - -2.318244795295284e-06 - 2.1933467861404367e-06
