Number: 1918
Error: 2.6164182877674872e-06
A1: [-0.0010388690203840586, -0.008748450958365146, 0.009394876956778288, 0.02572935072039916] - [0.06249540858715554, 0.18572773833239087, -0.15120201822326357, -0.11467720148338975] - [-0.11581465520840332, 0.4385867964481965, -0.07425947712896616, -0.26162082744767434] - [-0.0246814488893367, 0.014064599030612811, -0.03140109639721931, 0.03751337946777028]
A2: [0.1275247341625611, -0.22866113248857253, 0.018633768389332277, 0.06618740535377379] - [0.03186401473895215, 0.20299396221955682, -0.11566039257623328, -0.1222075210762804] - [-0.09694633948775483, 0.5532360342803524, -0.23744572061451769, -0.22781257116697318] - [-0.016922895021139174, -0.015483104366711062, 0.011926698469278857, 0.035894446289353454]
B1: -0.0005771007364492368 - 0.001018058554838616 - -0.00039369924181369967 - -0.002702556323882284
B2: -2.4893773099121728e-05 - 0.00403901350566039 - -0.0005371158223004793 - -0.0009471952424052516
