Number: 4382
Error: 1.1430637307559948e-15
A1: [0.06621309905698523, -0.11395216048780325, -0.02398403284007427, 0.07172278566352018] - [0.037402633467059535, 0.18819338982361297, -0.14740892580134807, -0.07818698919816341] - [-0.06022939358725777, 0.3289507787449446, -0.12775313146840364, -0.14096834387691165] - [0.03904608616149413, -0.053322755333082346, -0.037418660994775026, 0.0516950503892295]
A2: [-0.00910859264588426, -0.3468032033540782, 0.24945507333059388, 0.10645666221353817] - [0.08003987625848702, 0.03628231136711828, -0.05025005707534658, -0.06607190384191496] - [-0.042452739130856, 0.23083197974193564, -0.04053115946334169, -0.14784775013406862] - [0.068134718091404, -0.29346791903353886, 0.14177117487635305, 0.08356179241229333]
B1: 1.217703876351255e-08 - 1.8562361934862128e-08 - 1.795574184687933e-08 - -3.442077309295744e-08
B2: -1.2104233818133586e-08 - 3.784639730742716e-08 - 4.133488708192689e-09 - -1.9099314705137705e-09
