Number: 2451
Error: 8.932177976619035e-07
A1: [0.0647746287490772, -0.04660174105388187, -0.022037543012156005, 0.009236296631485699] - [0.046376571598496355, 0.19387305518947381, -0.13982036065776204, -0.08956690079328176] - [-0.12123386806507602, 0.41705785729317696, -0.1026949210314787, -0.18495596740903997] - [0.04400148127707659, 0.026233423454018655, -0.02613258550039724, -0.016128770060859266]
A2: [0.06629965947320411, -0.1709138095886028, 0.08920503539717814, 0.026829827429942454] - [0.026733922626016253, 0.19775913009439985, -0.10427574849507663, -0.1303998553690985] - [-0.09226902414174262, 0.5149576929734058, -0.22428442938939364, -0.19382607214420228] - [-0.024507453965780888, 0.020039058709084488, -0.04869102076672036, 0.05852639761412185]
B1: -0.00043275139630525694 - -0.0018311362325610296 - 0.0018324039174132984 - 0.0015753995702247417
B2: -0.002306855151853093 - 0.0010363061493966414 - 3.749884490649084e-05 - 0.0015170190787116174
