Number: 2919
Error: 1.8275993966773424e-08
A1: [0.06408664906467113, -0.047221052626063756, -0.022796574334457288, 0.008502697116873632] - [0.043919805816096544, 0.19151978316539656, -0.1422987997277449, -0.09222832067391684] - [-0.12304843403433899, 0.41525610182070843, -0.10446165621190436, -0.18667778322669804] - [0.03762355694857537, 0.019787778045584504, -0.0325146518035486, -0.02243735214390638]
A2: [0.06318604467682408, -0.17394197359637337, 0.08606672509189832, 0.02370257505972913] - [0.02933914546664364, 0.20034702918730224, -0.10166115969690791, -0.12782503515281876] - [-0.09330678902788261, 0.5137824884048213, -0.225502474846796, -0.19499804018203282] - [-0.0258734024723255, 0.018573175095054684, -0.05023349638028285, 0.05702988694790807]
B1: -2.5699975518057744e-05 - 0.00011965312502403296 - 8.68251820266758e-06 - 3.688694309258589e-05
B2: 0.0004025212380926629 - -0.0001779723311542862 - 4.451818914538311e-05 - 0.00012157845538611882
