Number: 3943
Error: 1.3739090847635571e-15
A1: [0.06621320281421775, -0.11395205904917242, -0.023983929164248404, 0.07172288924662713] - [0.03740259646170578, 0.1881933544675091, -0.1474089621804575, -0.07818702558046801] - [-0.06022931990341861, 0.32895084951423115, -0.12775305936571352, -0.14096827216209581] - [0.03904620951258879, -0.05332263825294611, -0.03741854165676776, 0.051695168758234995]
A2: [-0.009108545253299741, -0.34680315307797555, 0.24945512110667425, 0.10645671190208049] - [0.08003983459520034, 0.036282266483818784, -0.05025010261094048, -0.06607194976419614] - [-0.0424528376111672, 0.23083187105297515, -0.04053126499874348, -0.1478478590496146] - [0.06813466580807044, -0.2934679765999112, 0.1417711181960858, 0.08356173379284104]
B1: 4.564038724692427e-09 - -3.056298479272589e-08 - 2.23661115848414e-08 - 1.365859663365585e-08
B2: 8.748747665529692e-09 - -1.1657199236138314e-08 - -9.91897281356785e-09 - 2.3218518238972465e-08
