Number: 2130
Error: 0.0006006642623367761
A1: [0.1946137555019964, 0.14156961654566627, 0.12214085506562815, 0.2291371869208595] - [0.11969024880631593, 0.24717812035250955, -0.09069598060370915, -0.03813195302140045] - [-0.024174168442105175, 0.48586743702131047, -0.034808136613368894, -0.10041463713212143] - [0.025956564777632384, 0.05824445929143897, 0.05490435772919859, -0.0014948966954177675]
A2: [0.12592706375455848, -0.22116876685299616, 0.05614777260296536, 0.03046965860396892] - [-0.022127172660876302, 0.14037023897224285, -0.15308609531993067, -0.1911983135673192] - [0.05041182878428191, 0.6083533483222376, -0.13308773026105558, -0.17503467534723774] - [-0.14104505075653015, -0.09209105373483559, -0.13216664313183768, -0.07959776355875513]
B1: 0.012676190007271286 - -0.009382021262514174 - 0.04812048791551545 - 0.02422162831084683
B2: 0.033846231167044556 - -0.005526167465855971 - 0.007463885420183161 - -0.02579718830332023
