Number: 7820
Error: 1.0583121118314574e-15
A1: [0.08043166155181945, -0.18046783388069984, -0.01958888007843742, 0.11962494860804807] - [0.0374156012856184, 0.13359640745070592, -0.13472616494884737, -0.03628580381733393] - [-0.0017028460654576322, 0.22819008945467698, -0.12282840965825895, -0.10365893726990608] - [0.03886321102144494, -0.11448104189441474, -0.04641646478853551, 0.12203420455980601]
A2: [0.035307526025816584, -0.029273392602954137, -0.07569727106947112, 0.06966349457566032] - [0.10289381227911565, 0.28289676339644226, -0.39260633666447364, 0.006816060516836219] - [-0.011187147481692332, 0.5390145429131598, -0.35945106044395236, -0.16837651460775208] - [0.09786282448057199, 0.017463341682278942, -0.16885098664681503, 0.05352490470142794]
B1: 8.81045698449063e-09 - 1.561557996172226e-08 - -2.598083754229455e-08 - -6.81530365359414e-09
B2: 7.533132221777853e-09 - -1.157010440260376e-09 - 1.4812956221701867e-08 - 3.7237739682288243e-09
