Number: 923
Error: 3.036458939922114e-09
A1: [-0.012283048121758617, -0.014650483081999878, 0.017943919245867752, 0.008444449904762594] - [0.06586514844291043, 0.18952402794060555, -0.1452916366813503, -0.10997525802689036] - [-0.09613826967330101, 0.4219356200182774, -0.053289390108169694, -0.2718554437715994] - [-0.0011549983089668152, -0.018059061107708416, -0.003657869382430727, 0.023569335762596663]
A2: [0.16160852990385774, -0.16773322994371076, 0.0085227823539854, -0.002311640135438347] - [0.03546734459345267, 0.20749863646831326, -0.11722872195390156, -0.1258100173559762] - [-0.0862071930039358, 0.5815444714447227, -0.2353824654234086, -0.25992925219081553] - [-0.003906515019796751, -0.004589588374695861, 0.0010394847977656886, 0.0071749476784633585]
B1: 3.899846681044536e-05 - -3.4629108952369164e-05 - -2.433198067066778e-07 - -5.128692961790817e-05
B2: 1.0999735818856813e-05 - 8.266457406047261e-05 - 5.098916047094169e-05 - 1.5677708844598841e-06
