Number: 988
Error: 0.00018508659760567076
A1: [-0.06782456935725992, -0.07119037360558235, -0.04529236641061564, -0.04916546454141629] - [0.03921859939565799, 0.16384211171707241, -0.17293309858734443, -0.13943456257016035] - [-0.12512703813506368, 0.394921173646945, -0.08784402144357191, -0.3030503689550875] - [-0.07608879761503792, -0.08901800387435974, -0.08610085313786672, -0.058748755683768035]
A2: [0.16542195395487092, -0.16713797019293933, 0.014691034017424071, 0.0028851733341024397] - [0.04032171615990402, 0.21168410413069808, -0.11197567461847256, -0.12089228014976953] - [-0.07429917778689948, 0.5896813035076773, -0.22126417655715588, -0.24677143856524533] - [0.010172013801637462, 0.007905367978260688, 0.016465848324199304, 0.021730925546441713]
B1: 0.008195289675679977 - 0.010850187842750271 - 0.002481081154382961 - 0.0006896301376689848
B2: -0.0010855217082696121 - -0.009102449768137826 - -0.01299523971713002 - -0.0011410078583124266
