Number: 6229
Error: 9.797126774676218e-16
A1: [0.08043166191579046, -0.18046783351675966, -0.019588879714906617, 0.11962494897197674] - [0.037415575336739525, 0.13359638152147588, -0.13472619084603746, -0.03628582975183891] - [-0.00170283077654086, 0.22819010474327492, -0.12282839439173406, -0.10365892198507365] - [0.03886322063346432, -0.11448103230935862, -0.04641645518264523, 0.1220342141658542]
A2: [0.03530743398394817, -0.02927348489941732, -0.07569735858180135, 0.06966339824396726] - [0.10289372740476586, 0.2828966778017413, -0.39260641875388336, 0.006815971641029066] - [-0.011187080130033115, 0.5390146106665508, -0.35945099669412195, -0.16837644363698878] - [0.09786279602774384, 0.017463313100022766, -0.16885101373208963, 0.05352487483524275]
B1: -1.1648217560425525e-08 - -7.218305585610416e-09 - -1.161119060355588e-08 - -5.955738737034808e-09
B2: -1.2849063563944162e-08 - -1.8943466570641536e-08 - -1.9055113472772457e-09 - -8.560537804398542e-09
