Number: 8930
Error: 0.00042576780553360506
A1: [0.10069702193211344, -0.16567096993159627, 0.001584785179060029, 0.14489064311576075] - [0.04801913611513761, 0.14819344361898712, -0.10666994867619607, -0.006364733775588945] - [0.002560539841456113, 0.2267327809998462, -0.1221496457697189, -0.10179364614004746] - [0.08221839087900835, -0.07999116039817684, -0.011654780170376175, 0.16200576013382478]
A2: [0.07496127910811126, 0.020050857462606653, -0.054192748549905495, 0.12388934734052154] - [0.14493084948647655, 0.3217177969118204, -0.35774173494226635, 0.0619056793667563] - [-0.035810728314246754, 0.4991852191816713, -0.3836493723888701, -0.17705965557949632] - [0.09137246636465876, -0.0012593450391242267, -0.17391149942597822, 0.06375620148227396]
B1: 0.03975349205636163 - 0.005985385283712374 - -0.007847513431604471 - -0.005783892025829194
B2: -0.007733773581495396 - -0.01213190511824018 - 0.0038581596589364634 - -0.018080314323762343
