Number: 4832
Error: 9.47047267106409e-16
A1: [0.06621317502474826, -0.11395208621764703, -0.02398395693192398, 0.07172286150376318] - [0.03740261038306955, 0.18819336776844073, -0.1474089484946781, -0.0781870118935003] - [-0.0602293139035547, 0.3289508552768275, -0.12775305349457297, -0.14096826632230725] - [0.039046026237068945, -0.053322812211140935, -0.037418718969657094, 0.05169499288503395]
A2: [-0.009108589835278976, -0.3468032003724702, 0.24945507616384355, 0.10645666516030232] - [0.08003987043429388, 0.03628230509279397, -0.050250063440811135, -0.06607191026148473] - [-0.04245282285715127, 0.2308318873364897, -0.04053124918757016, -0.14784784273214194] - [0.06813484908899836, -0.29346777479972697, 0.14177131688999792, 0.08356193928451086]
B1: -3.0284732565887886e-08 - 1.0583201375960445e-08 - 1.7153921461892397e-08 - 4.8369860257864157e-08
B2: 1.2219574919500238e-08 - -4.4789617821426307e-10 - 3.6274883987235546e-08 - -3.012975440314674e-08
