Number: 2091
Error: 0.0009333504352908933
A1: [-0.12290488313010735, -0.17112021493771465, -0.14940475999474273, -0.15762656100266423] - [0.06247595603150087, 0.1912331971549915, -0.14599225764215495, -0.10817639487511709] - [-0.04760427632707461, 0.5212329578356294, -0.004554748744854412, -0.1303304224972934] - [0.11819450271827217, 0.1412871581064229, 0.051405971919278, 0.1040883829123743]
A2: [0.11285927323952302, -0.21074444151990682, 0.067978517295179, 0.061457519028459986] - [0.029845288281058063, 0.19556421513885322, -0.1263549864989002, -0.1303429440973477] - [-0.003737815359726473, 0.6172184842630772, -0.14487753597292466, -0.136954155663448] - [-0.06257804795132173, -0.08322627706699401, -0.08432191757467224, 0.03000067579497015]
B1: 0.0024666757396706526 - -0.023967961790886706 - 0.04121129325940467 - -0.030955814574829876
B2: -0.0776601499089205 - 0.015721911166054127 - 0.005276688901031629 - 0.02053149088295151
