Number: 350
Error: 5.893663565943065e-10
A1: [-0.012077197502968465, -0.014438906177158118, 0.0181715088041981, 0.008664540682106285] - [0.06586317197112934, 0.18952213460023884, -0.1452936879003302, -0.10997745643851506] - [-0.09631899558878919, 0.42176104221614924, -0.053485456625063287, -0.2720659422466853] - [-0.001383715845824919, -0.018279076895341043, -0.003901330589306508, 0.023304823412281604]
A2: [0.16160703279292124, -0.16773485210272465, 0.008521232220299196, -0.0023132751246126466] - [0.035490359607798484, 0.20752128005722342, -0.11720581195912494, -0.1257874964440574] - [-0.08619395072430716, 0.5815573108295593, -0.23536966511532867, -0.25991647092387704] - [-0.0038432483621355304, -0.004527424253052764, 0.0011020797337141, 0.007235485181274394]
B1: -3.2557238392470335e-06 - -2.3631251089295912e-05 - -4.1074214778170706e-06 - 1.471184225706243e-05
B2: 8.968354857524591e-05 - -1.0430507517316332e-06 - -5.5906097708745855e-05 - -4.7708661393282947e-05
