Number: 9462
Error: 2.7098433938669785e-13
A1: [0.05317154808464231, -0.1480022734310973, -0.027000048293090394, 0.12182681943894352] - [0.005313362967067683, 0.13083633702282768, -0.11360110057839296, -0.022550120720987322] - [-0.014444342538863996, 0.22309175490620625, -0.1270410456716751, -0.08160579891856258] - [0.027146752643201613, -0.10001974543064177, -0.04942421516677541, 0.12229841377329556]
A2: [0.08925283366736918, -0.07291499415360976, -0.12362901170660383, 0.10728473544168206] - [0.10884055757085506, 0.2498130096917461, -0.40484643755203686, 0.04618828916475562] - [0.03663613610656638, 0.4625553225431793, -0.37771725084404, -0.12147306121036776] - [0.14342679962338684, -0.04460625826911789, -0.20149917768544398, 0.10268023434723514]
B1: 1.520593660756307e-06 - -3.8146735543944554e-07 - -8.4799102226616e-07 - -1.0138304655707056e-06
B2: 4.5619258082563573e-07 - 3.411983090385947e-07 - 7.977359007948184e-09 - -5.084334674382258e-08
