Number: 650
Error: 1.5262069237979225e-14
A1: [-0.01215342043784332, -0.014517197421891266, 0.018087253995593137, 0.008583068917621317] - [0.06583529802636841, 0.18949532112165035, -0.1453225055317656, -0.11000849104958783] - [-0.09629254215085961, 0.42178660396751294, -0.05345675609625869, -0.272035114553012] - [-0.0013224013844275143, -0.01822011150524647, -0.0038360699588620055, 0.023375702025005277]
A2: [0.16158691641560316, -0.16775458134254023, 0.008501525554824196, -0.002332878802392424] - [0.03548568523077042, 0.20751668409353838, -0.11721046235101422, -0.1257920670138218] - [-0.08621368828221558, 0.581537981121155, -0.23538886636178144, -0.2599357082045486] - [-0.003834433072210765, -0.004518764460686643, 0.0011107856367577335, 0.007243903878072713]
B1: 1.1013301869453766e-07 - 3.0410794048442665e-07 - 1.6007185853115276e-07 - 1.2198748139468066e-08
B2: -2.3284795249165152e-07 - -2.273989900699674e-08 - 4.0095931764705024e-07 - 9.535021343284622e-08
