Number: 938
Error: 1.3728797671908518e-08
A1: [-0.01223779453320069, -0.014604007667658882, 0.01799388744209826, 0.008492766098944953] - [0.0657220824240515, 0.18938640140727603, -0.14543954561135214, -0.11013453514825276] - [-0.09625490079172132, 0.42182287776284083, -0.05341595314880534, -0.27199134297170857] - [-0.0010475335193649822, -0.01795576450932373, -0.0035435027778686237, 0.023693465893001787]
A2: [0.16151063868147938, -0.16782923395959173, 0.008426918513423578, -0.0024070028441795133] - [0.03545899196121353, 0.20749043296814165, -0.11723701585462203, -0.1258181572335884] - [-0.08620868698015051, 0.5815430415742796, -0.23538386256095437, -0.25993063015217416] - [-0.0036612503978790943, -0.004348365654114908, 0.0012823063005911045, 0.00740969924640504]
B1: 6.5093388687020485e-06 - 4.534969356394803e-05 - -5.945787497215115e-05 - -7.063140402803814e-05
B2: 9.81991599186673e-05 - 0.00014452334568592845 - 0.0001340086626436393 - 1.6157143346048723e-07
