Number: 2601
Error: 9.41102823801382e-09
A1: [0.06295728764937837, -0.048342768147001475, -0.023914038413456237, 0.007384089126109081] - [0.0437947920869087, 0.19139919389041193, -0.1424274213619651, -0.0923661019240343] - [-0.1236197122270393, 0.41469637115378716, -0.10502475510623249, -0.18723748571479626] - [0.03698082051543064, 0.019151705157549794, -0.033150445374172395, -0.0230694424022732]
A2: [0.06345814409956227, -0.17367385761371537, 0.08634637134025028, 0.023975682442723606] - [0.029119806840843532, 0.2001307557325942, -0.10187988999650079, -0.12803990998551446] - [-0.09361422344596813, 0.5134806847441113, -0.22581297856313257, -0.19529667127057462] - [-0.025684318845545975, 0.018765172029331853, -0.05004978742137441, 0.05721118246834066]
B1: 4.6386276078991956e-07 - -9.152827228721682e-05 - -8.552681094059596e-05 - 1.472770276844131e-05
B2: -0.0002241265569164882 - 0.0001441283868435994 - -4.137305596202874e-05 - -0.00019755475860840823
