Number: 984
Error: 0.0002558004857477513
A1: [0.012878204832412057, 0.01066779253648583, 0.04336493031558001, 0.03550931476111517] - [0.04853875315461323, 0.17274726541199217, -0.16327487224310347, -0.12914843640431203] - [-0.045096337329395664, 0.47124971612819805, -0.0011960778435070388, -0.2128221677719777] - [0.06891310358163213, 0.049399668110055965, 0.0673799942512391, 0.10408951110642038]
A2: [0.14482056050013828, -0.1863833102750925, -0.006634947317492605, -0.018108368717266777] - [0.03784705288821428, 0.2094443469738825, -0.1146528240474651, -0.1234377961363424] - [-0.08230424850151338, 0.5827740988762877, -0.23013757454962805, -0.25544949502362047] - [0.004367610528274163, 0.0024899737913700974, 0.010136756801713803, 0.015582050384148019]
B1: 0.000503121621239902 - -0.00015834172932844073 - -0.005499024852710678 - -0.006725574396051429
B2: -0.021990934825927975 - 0.003466004801983523 - -0.01981481790875151 - -0.014571281777477997
