Number: 7634
Error: 2.292825710451e-16
A1: [0.08043167634997367, -0.18046781908422285, -0.01958886529799008, 0.11962496340450443] - [0.037415603914731324, 0.13359641007783193, -0.1347261623249844, -0.03628580118968229] - [-0.0017027964732600348, 0.22819013904581661, -0.12282836013867945, -0.10365888769094812] - [0.038863224763511006, -0.11448102819091398, -0.04641645105523799, 0.12203421829332438]
A2: [0.03530751614849314, -0.029273402507607436, -0.07569728046074375, 0.06966348423800726] - [0.10289382205873143, 0.28289677325904833, -0.3926063272057705, 0.00681607075753601] - [-0.011187248777697138, 0.5390144410129777, -0.35945115632291713, -0.1683766213467908] - [0.0978627528435354, 0.017463269719392327, -0.1688510548407103, 0.053524829505939016]
B1: 3.1094227672579375e-08 - 5.5122084845996956e-08 - 2.5578586679174285e-08 - 3.804559259053014e-08
B2: 2.6044696127229244e-08 - 5.0027598498598156e-08 - 4.324496713386432e-08 - 2.613696504283457e-08
