Number: 810
Error: 3.0494903247642975e-12
A1: [-0.01215879087229635, -0.014522713403402769, 0.018081318032762084, 0.008577329987529326] - [0.06583439816418077, 0.18949445549456864, -0.14532343590903965, -0.1100094929551263] - [-0.09629859507352351, 0.42178075392955316, -0.053463324268744644, -0.27204216649741747] - [-0.001321489424133252, -0.01821923447284648, -0.003835099183770112, 0.023376756109317304]
A2: [0.16159021227020015, -0.16775134754361054, 0.008504754953466606, -0.002329665773812072] - [0.03548665078914296, 0.20751763413740218, -0.11720950083906091, -0.12579112244213697] - [-0.08620859125680974, 0.5815429736502797, -0.23538390677510224, -0.2599307378103657] - [-0.0038307281537245286, -0.004515121125396562, 0.001114452601454259, 0.007247448518622899]
B1: -1.3646337496784445e-06 - 1.2512346220787647e-06 - -2.6022585273034365e-06 - -2.0820595074291784e-07
B2: 1.9162498208546527e-06 - -1.411413482729768e-06 - 1.583240169102855e-06 - -1.5320052626339344e-07
