Number: 518
Error: 1.1920239360247491e-13
A1: [-0.012152376196128122, -0.014516124880812126, 0.018088408197853862, 0.008584184813483286] - [0.06583547021502258, 0.18949548675939554, -0.14532232750409932, -0.11000829933506927] - [-0.09628978204138822, 0.4217892715726897, -0.05345376103723654, -0.27203189887995066] - [-0.0013174517844233354, -0.018215351385555224, -0.003830801261759179, 0.023381422945879037]
A2: [0.16158703008421357, -0.16775446981255204, 0.008501636939467682, -0.0023327679772974603] - [0.035485700342593615, 0.2075166989636233, -0.11721044730175176, -0.12579205222798903] - [-0.08621342850826731, 0.58153823556795, -0.23538861359251084, -0.25993545488282144] - [-0.0038346891799416584, -0.004519016312693653, 0.0011105321514977675, 0.0072436588501683455]
B1: -1.8970339381193202e-07 - 1.1429867060079061e-07 - -4.63757986604639e-07 - -3.3017951833112525e-07
B2: 4.874757719267674e-07 - 1.3743536247724425e-07 - -3.7895877094376955e-07 - -2.7052998087493623e-08
