Number: 3820
Error: 9.67582865472705e-16
A1: [0.06621321034231299, -0.11395205168930908, -0.023983921642066735, 0.07172289676208268] - [0.03740265519479685, 0.18819341058298084, -0.14740890444133503, -0.07818696783623812] - [-0.06022928986145018, 0.328950878367893, -0.1277530299684329, -0.1409682429229214] - [0.039046118752436965, -0.053322724399046034, -0.037418629464165645, 0.05169508166381589]
A2: [-0.009108588387193606, -0.34680319883631383, 0.2494550776237751, 0.10645666667852971] - [0.08003980398094411, 0.03628223350348671, -0.05025013607060013, -0.06607198350795258] - [-0.04245284116448316, 0.23083186713132364, -0.04053126880661948, -0.14784786297943026] - [0.06813475625912536, -0.29346787700927585, 0.14177121625382627, 0.08356183520529324]
B1: -7.58424079369984e-10 - 2.6559272447389955e-08 - 3.7265256476920265e-10 - 6.633371003783908e-09
B2: 1.283265381619441e-08 - 2.0984297044513557e-08 - -2.1666239603470417e-08 - 3.5220577376856065e-08
