Number: 3268
Error: 0.00017371626810443606
A1: [-0.008989408334849888, -0.1892059406881826, -0.10509600346246042, -0.008305014499750706] - [0.030269346352282463, 0.17672810590755392, -0.15249061978190642, -0.08329168170407508] - [-0.03554968309355264, 0.35809405347749546, -0.09755718694432501, -0.11122704405959702] - [0.021733222141373368, -0.06561148145097323, -0.054770313684513044, 0.03497651718696805]
A2: [0.02067176824411279, -0.3224129061158332, 0.28333328314591827, 0.13732407497475158] - [0.06989697937494814, 0.031040916382250698, -0.064887343544341, -0.08073784984198298] - [-0.08000792303574533, 0.17320407473110708, -0.09763959342447685, -0.20019304318566888] - [0.03177120491166544, -0.34680806465604885, 0.08652251592300658, 0.03294815933318609]
B1: -0.0047624882477015264 - -0.0027943070419984214 - 0.015458338369719483 - 0.013897327894108894
B2: 0.017942357814583906 - -0.021893857335106934 - -0.003979366252040363 - 0.008509540490279476
