Number: 9307
Error: 6.430364787727995e-10
A1: [0.053266397832452815, -0.14790739121284638, -0.026905288279962202, 0.12192171265649336] - [0.005398280425588061, 0.13092135519503378, -0.11351616868842292, -0.022465078036809333] - [-0.01440303869430267, 0.22313306969608934, -0.1269997627977443, -0.08156447581677634] - [0.027258088211858798, -0.09990840807864561, -0.049312623143634084, 0.12241003239683829]
A2: [0.08930054074317895, -0.07286736236017931, -0.12358239391949923, 0.1073330410951993] - [0.10891051365591178, 0.24988299860249621, -0.4047778769150107, 0.046259429113056284] - [0.036627162364082304, 0.46254639773515543, -0.37772600554047975, -0.12148213335397798] - [0.1435068375433277, -0.04452653643350695, -0.20142102933526893, 0.10276144747929677]
B1: 7.012146331851317e-05 - 4.91669323603173e-05 - 2.6036865187383643e-08 - 1.0766255427424842e-06
B2: 9.80836814308149e-06 - 4.651755120684767e-05 - 2.8388629023434604e-06 - 2.2094302527380977e-05
