Number: 1290
Error: 8.735097248156844e-09
A1: [-0.008184873999353777, -0.01599985847749825, 0.0019604389174369395, 0.018430390078555205] - [0.06689601469657663, 0.1899509923425663, -0.1466636375000474, -0.10978526712839644] - [-0.11344966156468904, 0.4409389146626854, -0.071689428050431, -0.2590358436586665] - [-0.02437906722373621, 0.014352577127637614, -0.030964734381320674, 0.03784562480660917]
A2: [0.13125504666896495, -0.22495540271220502, 0.022341500827218717, 0.06983698933773728] - [0.03241771209573544, 0.20352430894401227, -0.11511599693092055, -0.12168103102346453] - [-0.09532953238024208, 0.5548440463170383, -0.23589718834174542, -0.2263297248775679] - [-0.0212841953130601, -0.019727595751151208, 0.007665526923440267, 0.031742753813473704]
B1: 2.4037197434787547e-05 - -6.018040712853573e-05 - 5.835092625791475e-05 - 9.549363321432652e-06
B2: -5.258339034416268e-05 - 0.0003086284630692599 - 1.0312728929195913e-05 - -2.829405214450309e-05
