Number: 3586
Error: 1.3300703122633756e-11
A1: [0.06620957365260315, -0.11395560721861991, -0.023987555690057973, 0.07171926615065854] - [0.037397792429659335, 0.18818876451519545, -0.1474136849404163, -0.0781917486661646] - [-0.060230517602248394, 0.3289496991394717, -0.1277542311621081, -0.1409694381130212] - [0.03905813051757495, -0.05331132329352861, -0.037407008517379124, 0.05170660817932357]
A2: [-0.009090589181631104, -0.3467841043948411, 0.2494732224836239, 0.10647553806810935] - [0.08004184149179361, 0.03628442853192501, -0.05024790920576543, -0.06606973777365525] - [-0.042458792979848135, 0.23082529830419798, -0.0405376472780369, -0.14785444564858957] - [0.06815976289764367, -0.2934403436584972, 0.14179832611793142, 0.0835898725519137]
B1: -1.380011777611126e-06 - -1.0410075282658951e-06 - -1.0685363416893638e-05 - 9.38030580692091e-06
B2: 3.0117039137526265e-06 - -1.943318926175917e-06 - -5.092757943020683e-06 - 2.0139747853916977e-07
