Number: 9261
Error: 2.9926707643845013e-09
A1: [0.05336825734489661, -0.1478056692319152, -0.026803575093068254, 0.12202374187282798] - [0.005742139189080663, 0.13126553933572319, -0.11317265967987963, -0.022120712717706426] - [-0.014189014991946438, 0.22334709732700286, -0.12678585326998654, -0.08135023687594542] - [0.027482053538150083, -0.0996846435958042, -0.04908823622031771, 0.12263479142079187]
A2: [0.08910589247356616, -0.07306149677822286, -0.12377256887962206, 0.1071360454318387] - [0.10887359153107343, 0.24984584831054096, -0.4048141074886096, 0.04622198104303982] - [0.03719466006698297, 0.46311116778243555, -0.377172292478878, -0.12090858911025494] - [0.14328051516836396, -0.04475185705711704, -0.20164187245928294, 0.10253171628999029]
B1: 4.867441583606627e-05 - -9.593845962122686e-05 - -3.7612669235283013e-05 - 0.00013547287274654545
B2: 1.8776871621575603e-05 - -3.026030558349701e-05 - 5.518114917138426e-05 - 2.567984364608734e-05
