Number: 8344
Error: 9.674573245782752e-16
A1: [0.08043174445521764, -0.18046775098671233, -0.01958879727423293, 0.1196250315019312] - [0.037415562122208014, 0.13359636831699095, -0.13472620403407826, -0.03628584295894433] - [-0.0017027873289331686, 0.22819014818994562, -0.12282835100774084, -0.1036588785490564] - [0.03886329633814262, -0.11448095681714893, -0.04641637952623352, 0.12203428982345352]
A2: [0.03530718100441755, -0.029273738578558275, -0.07569759911205111, 0.06966313347401377] - [0.10289373905667061, 0.28289668955257163, -0.3926064074842906, 0.006815983842290139] - [-0.011187139100830698, 0.5390145513439578, -0.3594510525113319, -0.16837650577651483] - [0.09786287270753043, 0.017463390128541985, -0.16885094073776377, 0.05352495532388711]
B1: -1.4561142892622869e-08 - 2.3418348014557777e-08 - 1.4726300503177747e-08 - 2.0683280895681465e-08
B2: 3.534339743805548e-08 - -2.7324546423254544e-08 - 1.1607439951374628e-08 - 3.588781062914002e-08
