Number: 5351
Error: 2.0347221417717158e-15
A1: [0.06621312066960003, -0.11395213935812694, -0.023984011244397228, 0.0717228072398504] - [0.03740252110138141, 0.18819328246590908, -0.14740903626535024, -0.07818709967194183] - [-0.06022965195853608, 0.32895053059283325, -0.12775338429565405, -0.14096859534416262] - [0.03904602378575371, -0.05332281453778467, -0.03741872134117597, 0.05169499053270569]
A2: [-0.009108182611062925, -0.34680276837244384, 0.2494554866824896, 0.10645709211163552] - [0.08003973727353189, 0.03628216164069913, -0.05025020897765112, -0.06607205703414554] - [-0.04245275916136949, 0.23083195763479758, -0.04053118092889681, -0.14784777228727242] - [0.06813482958759871, -0.2934677962717286, 0.1417712957483826, 0.08356191741979166]
B1: 2.212746857089288e-08 - 8.026101759823833e-08 - -4.889487428641501e-08 - -6.100852397798808e-08
B2: 1.4104237060794876e-08 - 2.4484301937005034e-08 - 1.3030085719533504e-07 - -8.231538494078987e-08
