Number: 9730
Error: 2.9449085952093706e-15
A1: [0.05317243004609832, -0.14800139111414123, -0.02699916728258427, 0.12182770182996205] - [0.005313564205934034, 0.13083653849429586, -0.11360089935999591, -0.022549919206671664] - [-0.014444523671324013, 0.22309157371748428, -0.12704122665433523, -0.08160598011053263] - [0.02714628061983962, -0.10002021751375094, -0.0494246882540244, 0.12229794047184843]
A2: [0.0892545730930168, -0.0729132587758597, -0.12362731152707264, 0.10728649624103034] - [0.10884185502907015, 0.24981430736358176, -0.40484516580342256, 0.04618960844209473] - [0.036635722911711646, 0.46255491148749606, -0.37771765399199136, -0.12147347869722955] - [0.14342653804378058, -0.04460651886901449, -0.20149943310788893, 0.10267996889303234]
B1: 4.731428752176604e-08 - -1.1277359341695736e-08 - -5.2598140369960325e-08 - -4.877202099069823e-09
B2: -2.5495176182487826e-08 - -4.5868428849795745e-08 - -1.4195253295325068e-08 - -5.0102929881850246e-08
