Number: 2422
Error: 1.0230162786736121e-05
A1: [0.05570097736973054, -0.055862400213408756, -0.03107055546243271, 8.846688624665998e-05] - [0.03607175210855719, 0.18384921789588418, -0.15057799213186804, -0.10085386158518038] - [-0.10941658746528511, 0.42900257955709065, -0.09146275386515408, -0.173286367608126] - [0.03839175416049332, 0.02093623634016995, -0.03167576356402793, -0.021506558461633442]
A2: [0.04470359286460411, -0.19215945835193934, 0.06796638815034263, 0.005802351149918235] - [0.022740137201837294, 0.1938888343918851, -0.10824845966513458, -0.13433032101489478] - [-0.08656008749300514, 0.5210178819102513, -0.21744377981284038, -0.18772145731064646] - [-0.033555016025839574, 0.011135664985436715, -0.057298148464510486, 0.049779991643198435]
B1: 0.0019728550486294116 - -0.004121953860141213 - -0.006260535062710972 - 0.00159266848674723
B2: 0.002507340982659557 - -0.005159723892932306 - -0.006938473200397433 - -0.0036396277767408846
