Number: 7111
Error: 1.0648891920083748e-15
A1: [0.08043169669902671, -0.18046779873746605, -0.019588844973259377, 0.11962498375123831] - [0.03741560228462094, 0.13359640844895956, -0.13472616395184764, -0.03628580281888774] - [-0.0017028005755413335, 0.22819013494362297, -0.1228283642349547, -0.10365889179213741] - [0.038863240488258684, -0.11448101251028525, -0.04641643534050107, 0.1220342340083057]
A2: [0.03530730592338833, -0.029273613314169906, -0.07569748034018084, 0.06966326421473241] - [0.10289380011031851, 0.28289675112435747, -0.3926063484340195, 0.006816047774375863] - [-0.01118705538377867, 0.5390146355603893, -0.3594509732712269, -0.16837641756103122] - [0.09786275197861624, 0.017463268850531698, -0.1688510556640224, 0.053524828598015495]
B1: -3.9143141648628744e-08 - 2.3479264059909022e-08 - 2.407039260577304e-08 - -9.814150636279589e-09
B2: -2.7113521483747316e-09 - -2.2753572179658164e-09 - 8.544355075700824e-09 - -3.582518151182079e-09
