Number: 9015
Error: 0.0001683248183843395
A1: [0.14816176874815107, -0.07602759715585322, 0.06797777388604806, 0.20967821179598778] - [-0.0026946593725718504, 0.11975639744841828, -0.12432305925862559, -0.03265049788568408] - [0.013732470847464411, 0.2588115033637553, -0.07588290457593785, -0.04687323280821829] - [0.04276314855634931, -0.08551602101252992, -0.028830084030481304, 0.1379989749129436]
A2: [0.10909912697877212, -0.039224726257006105, -0.08626057141614052, 0.1424836201862597] - [0.1843988112510548, 0.3053780474375982, -0.3464696071855622, 0.10348405741147011] - [0.0473622495602397, 0.4830724034879147, -0.3808926622125986, -0.10731408129803151] - [0.18898867344471937, 0.004822885118243541, -0.1572242331084738, 0.15207538122352174]
B1: 0.0033240489407179623 - -0.005692529497749594 - 0.012675299016175489 - 0.003477820145075884
B2: 0.0338852135602655 - -0.0013600334800474081 - -0.005171965952577479 - 0.008525157870157478
