Number: 3189
Error: 0.0013812249704600811
A1: [0.19730409724515152, 0.08107580292640422, 0.10846518307407275, 0.14211673565165509] - [0.07588325775433319, 0.2217833404396273, -0.11090959356330292, -0.059276585464580034] - [-0.17237206017634604, 0.3655710318231679, -0.15253110314810356, -0.23167960149260114] - [-0.21617928068767212, -0.23116339529755003, -0.2794466702655696, -0.2622775306077395]
A2: [0.0853738344028573, -0.14682383199570162, 0.11162521100753553, 0.051173759544587305] - [0.062396207240302204, 0.23392797518056255, -0.06947828104772255, -0.09818744052695513] - [-0.0676481897413283, 0.5416488062643401, -0.20404724994034748, -0.18094000395922621] - [0.033315454247892035, 0.08051023936124702, 0.0013556717539451105, 0.09577885474252368]
B1: 0.023869753807048297 - 0.0020826702171070173 - 0.00815647325483108 - -0.0022665703451646042
B2: -0.06688634056701155 - 0.001873657183092679 - -0.021796553098880716 - 0.0067023111862380596
