Number: 5116
Error: 1.3433039457385054e-15
A1: [0.06621312638833382, -0.11395213376722003, -0.023984005530188326, 0.071722812948965] - [0.037402606156681, 0.18819336373044368, -0.14740895264951243, -0.07818701604870561] - [-0.06022928761142847, 0.32895088052891874, -0.12775302776665814, -0.14096824073275097] - [0.03904611290122607, -0.053322729952710424, -0.03741863512493233, 0.051695076048953466]
A2: [-0.009108604854792703, -0.34680321630569105, 0.24945506102281811, 0.10645664941330317] - [0.08003980077150286, 0.036282230046082685, -0.050250139578177574, -0.06607198704535448] - [-0.04245288445450811, 0.23083181935403482, -0.040531315197652046, -0.14784791085625537] - [0.06813472291263016, -0.29346791372505304, 0.14177118010286, 0.08356179781794468]
B1: -2.749052421838701e-08 - 7.574448498704843e-10 - 2.5315141782907366e-08 - 1.7242914390341618e-08
B2: -9.056450524492932e-09 - 1.0154191000758977e-08 - 7.738762329607362e-08 - -2.0283560204261817e-08
