Number: 1682
Error: 2.6406944602045496e-07
A1: [-0.0066868698994988155, -0.014493252986979607, 0.00351860390479877, 0.019957424764726468] - [0.06743649538414816, 0.19047081337887045, -0.14610578324082915, -0.10918427322615194] - [-0.1097508501278961, 0.44454981918302294, -0.06784257555247175, -0.2550389805006924] - [-0.0227654408207082, 0.015927573093695146, -0.029317369368384232, 0.039539082079618766]
A2: [0.13227119562966072, -0.22395186197012773, 0.02333442823588555, 0.0708213639002122] - [0.03287264746375659, 0.20397211544965127, -0.11466339894579342, -0.12123481447771793] - [-0.09449655795828053, 0.5556708003354939, -0.23507469396900577, -0.22551688734498365] - [-0.020387257009484572, -0.018847071857837423, 0.008549040684415159, 0.03259707497434386]
B1: -0.000189752550170344 - 0.00015770721380222016 - -0.00019299368436023005 - -0.00016620136829723618
B2: -0.0005668677800960794 - 0.00020434637211560498 - -0.000887251194229304 - -0.0003907124538907885
