Number: 3525
Error: 3.0148588495023245e-11
A1: [0.06620394913790349, -0.11396110703872876, -0.023993176863648255, 0.0717136518088729] - [0.037396783149504585, 0.18818779912787345, -0.14741467744933448, -0.07819274040501764] - [-0.06019816237477119, 0.32898077978911394, -0.12772256621164468, -0.14093794863501416] - [0.03902704074082662, -0.053340834675384335, -0.03743708841723789, 0.05167677461163747]
A2: [-0.009049772021113149, -0.346740804017829, 0.2495143741808577, 0.10651833190031751] - [0.08001722424300582, 0.03625790965298776, -0.05027481515251575, -0.06609687135700144] - [-0.04246847861567454, 0.23081460885181204, -0.04054802566078201, -0.14786515875531825] - [0.06820560792206681, -0.2933898674224365, 0.14184803067947488, 0.08364127391559813]
B1: 2.155246248701975e-06 - 1.4078755383272527e-05 - -7.839599596611098e-06 - 4.3222995912116905e-06
B2: 4.726546340736219e-06 - 2.6780135842011904e-06 - -5.304045201495562e-06 - 7.234182252649033e-06
