Number: 8697
Error: 2.9703232994948546e-13
A1: [0.08043177149331564, -0.18046772395143756, -0.019588770268323254, 0.11962505853705484] - [0.037415618286112055, 0.13359642443853426, -0.1347261479819432, -0.036285786826113976] - [-0.0017028659438998834, 0.22819006957681412, -0.1228284295075474, -0.1036589571430068] - [0.03886336756517787, -0.1144808857897117, -0.0464163083444367, 0.12203436100636271]
A2: [0.03530766036102655, -0.02927325789616723, -0.07569714334456823, 0.06966363517137415] - [0.10289273387562337, 0.28289567584066616, -0.39260737968377724, 0.006814931272982503] - [-0.011187394206743495, 0.5390142947165484, -0.3594512939753904, -0.16837677458960992] - [0.09786269658789748, 0.01746321320786412, -0.16885110839259504, 0.053524770456055734]
B1: -1.8002334832065154e-07 - -2.5756659754263878e-08 - -1.8647453983020664e-07 - -2.3262718378298358e-07
B2: 3.3564279733622066e-07 - 4.985369158241442e-07 - 3.864383422791517e-07 - 3.0338791600634515e-07
