Number: 6739
Error: 7.908133975930061e-16
A1: [0.08043164585569942, -0.18046784957503578, -0.019588895755795938, 0.11962493291371706] - [0.037415560422081474, 0.13359636661810304, -0.13472620573097832, -0.03628584465823869] - [-0.0017028480884047803, 0.2281900874317752, -0.12282841167824886, -0.10365893929231915] - [0.038863201777767725, -0.11448105111214053, -0.04641647402632656, 0.12203419532187337]
A2: [0.03530741712556215, -0.029273501804429, -0.07569737461054346, 0.06966338059983862] - [0.10289375114170714, 0.2828967017401419, -0.3926063957958292, 0.006815996497088257] - [-0.011187149277771691, 0.5390145411063685, -0.3594510621439329, -0.16837651650039984] - [0.09786277442336809, 0.017463291397375878, -0.16885103429805617, 0.05352485215768178]
B1: -1.0107449555791668e-08 - 2.130749775228929e-09 - -1.8911185800541005e-08 - -1.3951155702402943e-08
B2: -1.7585729951312268e-08 - -1.0071831260520592e-08 - -1.1312997642321701e-08 - -1.0003476052599747e-08
