Number: 4349
Error: 1.4230953170736099e-15
A1: [0.06621327692646131, -0.1139519865931082, -0.023983855110170847, 0.07172296323447783] - [0.03740265859066918, 0.18819341382751964, -0.14740890110291455, -0.07818696449753805] - [-0.06022930368548283, 0.3289508650906519, -0.12775304349581681, -0.14096825637752924] - [0.0390460068939029, -0.053322830570929014, -0.03741873768356327, 0.051694974323164056]
A2: [-0.009108526804127643, -0.34680313350629816, 0.24945513970507832, 0.10645673124497061] - [0.08003982069980502, 0.036282251514509846, -0.05025011779781659, -0.0660719650799856] - [-0.04245283217859446, 0.23083187704874028, -0.04053125917694539, -0.14784785304127449] - [0.0681348936167981, -0.2934677257725341, 0.1417713651627514, 0.08356198920853758]
B1: -9.918653134970167e-10 - -1.4611340628850927e-08 - -2.633181115136135e-08 - 2.7263859093151155e-08
B2: -5.2777712844773115e-08 - 4.667020871912754e-09 - -1.9295034589772037e-08 - 6.734317466634238e-08
