Number: 7700
Error: 1.0079187891882468e-15
A1: [0.08043167290495479, -0.18046782252885185, -0.01958886873887683, 0.1196249599598864] - [0.03741556588522599, 0.13359637207710695, -0.13472620027870325, -0.03628583919811549] - [-0.0017028327401173524, 0.22819010277973276, -0.1228283963524286, -0.10365892394812222] - [0.038863214975405354, -0.11448103795155158, -0.04641646083709375, 0.12203420851130926]
A2: [0.03530727113651911, -0.029273648197235932, -0.07569751341523981, 0.0696632278066486] - [0.1028936318540006, 0.28289658144005403, -0.39260651116938394, 0.006815871585519518] - [-0.011187112951578934, 0.5390145776492271, -0.35945102776041143, -0.16837647822220894] - [0.09786277740361898, 0.017463294391190105, -0.1688510314610775, 0.053524855286008116]
B1: 5.6628024658833526e-08 - -7.538801005007793e-09 - -3.6949656843364004e-08 - -1.1886558030015152e-08
B2: -8.611124825159997e-10 - 9.117496872173536e-09 - -4.006410507436233e-09 - 2.1617529549748284e-09
