Number: 5059
Error: 1.1560708108582303e-15
A1: [0.06621325492819567, -0.11395200809973326, -0.023983877091166887, 0.07172294127313644] - [0.03740263034490554, 0.18819338684064155, -0.14740892887064724, -0.07818699226773525] - [-0.0602294639106154, 0.32895071120313013, -0.12775320028272472, -0.1409684123209673] - [0.03904622603461665, -0.05332262257064729, -0.037418525672064114, 0.0516951846131107]
A2: [-0.009108654302743786, -0.3468032687621671, 0.2494550111748146, 0.1064565975698873] - [0.08003984437840488, 0.036282277023164194, -0.0502500919183704, -0.06607193898086561] - [-0.042452803217122546, 0.23083190901239992, -0.04053122814057498, -0.14784782101106933] - [0.0681347688424118, -0.2934678631545033, 0.14177122989511723, 0.08356184931350809]
B1: -8.273357705315898e-10 - 5.275890967049198e-09 - 8.398375806518072e-09 - 1.0322655605038419e-08
B2: 3.006884759329724e-08 - -8.344308340066903e-09 - 9.691541076589742e-09 - -1.5676629951687944e-08
