Number: 4185
Error: 9.84605002621099e-16
A1: [0.06621318838700695, -0.11395207315398342, -0.02398394358013678, 0.07172287484362819] - [0.03740261738283788, 0.1881933744562345, -0.1474089416133738, -0.07818700501157069] - [-0.06022939602478915, 0.3289507764038784, -0.12775313385358195, -0.1409683462493049] - [0.03904613548170942, -0.05332270852024872, -0.03741861327915483, 0.051695097717402154]
A2: [-0.009108395891706074, -0.3468029946286792, 0.24945527167674006, 0.10645686849956235] - [0.08003983216245578, 0.036282263863053325, -0.05025010526980165, -0.06607195244562175] - [-0.042452864604764926, 0.23083184126117498, -0.040531293926142735, -0.14784788890349695] - [0.06813482792926173, -0.2934677980973285, 0.1417712939511423, 0.08356191556075901]
B1: -1.8374096677785243e-09 - -2.749786977100123e-09 - -2.8444172779335426e-08 - 9.95149022772789e-09
B2: -3.732210550627371e-09 - 3.30627414705163e-09 - 5.660386336327946e-10 - -1.5132162193354072e-08
