Number: 687
Error: 2.095609048773447e-15
A1: [-0.01215336733010517, -0.014517142874430766, 0.01808731269561118, 0.008583125669126052] - [0.06583586578654478, 0.18949586728279372, -0.14532191851739484, -0.11000785890555878] - [-0.0962935398381622, 0.4217856397170326, -0.0534578387078621, -0.27203627690824284] - [-0.0013216019416181493, -0.01821934266812975, -0.003835218978690556, 0.023376626046897806]
A2: [0.1615866010061782, -0.16775489081360245, 0.00850121650181931, -0.002333186283127644] - [0.035485635304148735, 0.20751663496935827, -0.11721051206820456, -0.125792115854893] - [-0.08621367978231685, 0.5815379894457243, -0.23538885809254678, -0.2599356999161741] - [-0.0038347426500184253, -0.004519068892553514, 0.001110479227536281, 0.007243607695105946]
B1: 4.467688792141394e-09 - -1.6667251465259072e-07 - -4.773557725273436e-08 - -8.136154853480711e-09
B2: 1.6635158692717636e-07 - -6.53632316892905e-08 - -1.6761416641065653e-07 - -9.585201036442131e-08
