Number: 6712
Error: 8.626527368561541e-16
A1: [0.08043167859365996, -0.18046781684078328, -0.019588863056979985, 0.11962496564793872] - [0.037415583510046306, 0.1335963896885934, -0.13472618268901665, -0.03628582158306314] - [-0.0017028281558012061, 0.22819010736395354, -0.12282839177482956, -0.10365891936503507] - [0.03886322344751954, -0.11448102950320237, -0.046416452370382784, 0.12203421697815722]
A2: [0.03530742752591876, -0.029273491375306313, -0.07569736472201893, 0.06966339148494186] - [0.10289376283900074, 0.2828967135367121, -0.3926063844823606, 0.006816008745865485] - [-0.011187134109185986, 0.539014556365429, -0.3594510477865394, -0.16837650051672826] - [0.09786278368503368, 0.01746330070116975, -0.16885102548155143, 0.05352486187941728]
B1: -4.72835742531603e-09 - 4.648804779858388e-09 - -1.499013278689691e-08 - -8.102611552631698e-09
B2: -7.02236711833635e-09 - -7.136106249914739e-09 - -4.437142323280189e-09 - -7.628222673457657e-09
