Number: 4490
Error: 1.357509058209747e-15
A1: [0.06621318292188556, -0.11395207849700131, -0.023983949040990837, 0.07172286938766037] - [0.0374026282396204, 0.18819338482914852, -0.14740893094032043, -0.07818699433758657] - [-0.06022943747798066, 0.32895073659032986, -0.12775317441725625, -0.14096838659474714] - [0.0390461912863158, -0.05332265555255099, -0.037418559290019124, 0.051695151268181964]
A2: [-0.009108757481427417, -0.3468033782187167, 0.2494549071613272, 0.10645648939254491] - [0.08003983812547409, 0.03628227028695682, -0.050250098752539364, -0.06607194587300134] - [-0.04245270058842639, 0.23083202227969626, -0.04053111815974705, -0.14784770750764017] - [0.06813463364750774, -0.29346801200988937, 0.1417710833310094, 0.08356169773516987]
B1: 3.7241857972210104e-08 - 7.866787805536102e-09 - 3.9126050630531516e-08 - -5.5876211646731706e-08
B2: -2.270018502659659e-09 - -8.0095129994786e-09 - 8.458585138990328e-09 - -6.992214437307354e-09
