Number: 7537
Error: 9.18224639359523e-16
A1: [0.08043172776827755, -0.1804677676717426, -0.01958881394116848, 0.1196250148169346] - [0.03741561374377012, 0.13359641989943133, -0.13472615251553274, -0.03628579136608984] - [-0.0017027595920393313, 0.22819017592625065, -0.12282832331145785, -0.10365885081956998] - [0.038863260438897713, -0.11448099261564572, -0.04641641540258634, 0.12203425394653682]
A2: [0.03530743619217356, -0.029273482685070757, -0.07569735648226483, 0.06966340055512084] - [0.1028937503767703, 0.28289670096872316, -0.39260639653565715, 0.006815995696095378] - [-0.01118711056599737, 0.5390145800490375, -0.3594510255024144, -0.16837647570843192] - [0.09786280304856318, 0.017463320152781903, -0.16885100704873413, 0.053524882204829934]
B1: 7.451682690552826e-09 - 4.2351258568786974e-09 - 6.916171296393722e-09 - 5.098794588523333e-09
B2: 1.1960232748765161e-08 - 6.55838181912899e-10 - 2.5853742041279517e-08 - 8.458727648218912e-10
