Number: 8360
Error: 1.352739476398123e-15
A1: [0.08043166832240625, -0.18046782711089246, -0.019588873316005496, 0.11962495537782705] - [0.03741561958030141, 0.13359642573158995, -0.13472614669047592, -0.036285785532688644] - [-0.0017028182144029852, 0.22819011730513833, -0.12282838184798661, -0.10365890942627833] - [0.03886321218664413, -0.11448104073248046, -0.04641646362410204, 0.12203420572426878]
A2: [0.035307358789863935, -0.029273560301410057, -0.07569743007553455, 0.06966331954536817] - [0.10289369538843883, 0.28289664551373517, -0.39260644971967723, 0.0068159381153381] - [-0.01118714312759571, 0.5390145472931754, -0.35945105632276125, -0.16837651001964818] - [0.09786279406175263, 0.01746331112504856, -0.16885101560360607, 0.05352487277159667]
B1: 1.0393044271385019e-08 - 2.0001257220000007e-08 - 1.176291801978618e-08 - 9.915715074818339e-09
B2: -1.3966957532364747e-08 - 2.2161575685608006e-08 - -1.183054315760941e-10 - -1.782212905939189e-08
