Number: 9499
Error: 2.430463420834493e-13
A1: [0.053173466911835034, -0.14800035388915156, -0.02699813157397852, 0.12182873919864079] - [0.0053148115376952555, 0.13083778711368269, -0.11359965223800757, -0.022548670123357265] - [-0.014444851420305344, 0.22309124583454062, -0.12704155415875926, -0.08160630798843162] - [0.027148721014016372, -0.10001777707736115, -0.049422242667273415, 0.12230038711271815]
A2: [0.08926110093826349, -0.07290674601766049, -0.12362093074227642, 0.10729310463147915] - [0.10884156625305838, 0.24981401854026852, -0.40484544886536716, 0.0461893148085501] - [0.03663717934362833, 0.46255636035436437, -0.37771623301976254, -0.12147200714948139] - [0.1434271855250401, -0.044605873793594375, -0.2014988008909735, 0.1026806259932649]
B1: 3.171941490008203e-07 - 5.729369039637585e-07 - 3.7980445365122535e-07 - 7.84979508777948e-07
B2: 7.131749123419479e-07 - 2.5714408550475575e-07 - 5.3707919317745e-08 - -2.6970915405983065e-07
