Number: 3854
Error: 1.0540443396740055e-15
A1: [0.06621310305455609, -0.11395215657952351, -0.02398402884562494, 0.07172278965438499] - [0.03740254524072392, 0.1881933055293442, -0.1474090125346106, -0.0781870759390743] - [-0.06022941208794043, 0.32895076097612047, -0.12775314957204376, -0.14096836188323825] - [0.039046216161124254, -0.0533226319424194, -0.03741853522453435, 0.05169517513824104]
A2: [-0.009108593267758279, -0.34680320401383374, 0.24945507270371978, 0.10645666156152135] - [0.0800398166951433, 0.03628224720032566, -0.05025012217468827, -0.06607196949406383] - [-0.04245281391905595, 0.23083189720109362, -0.0405312396093178, -0.14784783284699712] - [0.06813475448658692, -0.2934678789609197, 0.1417712143322282, 0.08356183321794101]
B1: -2.855551167495472e-10 - -2.9006806850890637e-08 - -8.180382934378785e-09 - -1.634402422547588e-08
B2: -2.633544214078409e-08 - -2.666400878559033e-08 - 6.32977160296442e-08 - -7.649352107263172e-08
