Number: 1205
Error: 1.339090179625663e-07
A1: [-0.006541004181034261, -0.014336533882253604, 0.003665632189627109, 0.020114246200955192] - [0.06706291689641389, 0.1901123617490735, -0.14649119166911093, -0.10959921968747961] - [-0.11220287433975658, 0.4421651428577133, -0.07038721887103823, -0.2576898088967532] - [-0.02318901887381727, 0.015525738027387456, -0.02974412028025142, 0.03909682290891148]
A2: [0.13334650344651916, -0.22289461687247916, 0.024397918536352176, 0.07188212422604977] - [0.032869044126681415, 0.20396892441079778, -0.1146665754414687, -0.12124037376629311] - [-0.092917469976848, 0.557215159595853, -0.2335303569413969, -0.22396236621370322] - [-0.018534871538464986, -0.01701913374661031, 0.010392656412157364, 0.034387237966883775]
B1: -0.00014629406486291565 - -7.713008437675495e-05 - -0.0005185122327585861 - -0.000274047605070275
B2: 0.00020357853424182842 - -0.00013266865832018099 - -6.249178765325083e-05 - -8.602465524530886e-05
