Number: 6849
Error: 9.492794920407287e-16
A1: [0.08043166222263434, -0.18046783320995416, -0.019588879408431684, 0.11962494927878242] - [0.037415557615479406, 0.1335963638136247, -0.13472620853198852, -0.03628584746328632] - [-0.0017028564139093512, 0.2281900791064479, -0.12282841999156405, -0.10365894761560208] - [0.03886319879726519, -0.11448105408427896, -0.04641647700493033, 0.12203419234322295]
A2: [0.03530741940344628, -0.029273499520244602, -0.07569737244476248, 0.06966338298389352] - [0.10289373550184572, 0.282896685967543, -0.3926064109224977, 0.006815980119865764] - [-0.011187045176768195, 0.5390146458282888, -0.35945096361008244, -0.16837640680552443] - [0.0978628165424369, 0.017463333708029594, -0.1688509942034346, 0.053524896368997994]
B1: 2.570530153240558e-10 - -2.351331763042964e-08 - 2.1016192314955913e-08 - 1.222092884358776e-09
B2: 7.748989838288916e-09 - 2.1889488741896612e-09 - -5.983107963965737e-09 - 1.8404506519475142e-09
