Number: 1372
Error: 2.254364157000703e-10
A1: [-0.0072125722483074054, -0.01501901179220278, 0.002971145732361052, 0.019429075471517] - [0.06685489337409085, 0.18991151277852447, -0.146706046478365, -0.10983100402046854] - [-0.11263903776034821, 0.44173271412236176, -0.07084540511653291, -0.2581579499405311] - [-0.02368190858914493, 0.015037008566732322, -0.03025377189621599, 0.03858161207915495]
A2: [0.13157201001424432, -0.22464244813152123, 0.022652750094489398, 0.07014669171018484] - [0.03259075489487198, 0.2036946368252078, -0.11494357143292586, -0.12151175240687356] - [-0.09481391996736181, 0.5553517373195971, -0.23539019508836914, -0.22582309312892246] - [-0.020921794310288958, -0.019368955188100917, 0.00802439652480671, 0.03209094555423013]
B1: 4.241569459209872e-05 - -4.488240774477251e-05 - 5.896161881724355e-06 - 4.3939101698394925e-05
B2: 6.926155573693436e-05 - -2.892461741521128e-05 - 1.2198778981060877e-05 - 1.2546179379275836e-05
