Number: 113
Error: 0.0005684392646519698
A1: [-0.05226369357397567, -0.05700734104891588, -0.02587547315813373, -0.03302781858652937] - [0.11369108249618323, 0.23792943767076488, -0.09701537690988167, -0.05872479896294058] - [-0.1321933318413644, 0.3878669249666884, -0.09205265137985805, -0.3129631322260123] - [-0.031492052851136675, -0.04623969948560314, -0.035037251418204206, -0.010283591639500378]
A2: [0.23587994933721057, -0.09517095956479776, 0.0813244233516488, 0.06973625036725958] - [0.04278481702856386, 0.21168761536226405, -0.11225202621275583, -0.12086712412309829] - [-0.01840702656403135, 0.6488116091239867, -0.16956451284199614, -0.19431179267301577] - [0.099598096635564, 0.09945979596458591, 0.10364219966085156, 0.1061937765167394]
B1: -0.004026754167436116 - 0.2450428738374944 - -0.0016615935622833022 - -0.009999533083559118
B2: -0.007514257424951785 - 0.23225210683975137 - -0.005890805873990185 - -0.005767404063844726
