Number: 8446
Error: 9.744198958829018e-16
A1: [0.08043167984239592, -0.1804678155921827, -0.019588861809771072, 0.11962496689652696] - [0.03741557108768165, 0.13359637727562262, -0.1347261950865114, -0.03628583399849557] - [-0.0017028265989521643, 0.22819010892076758, -0.12282839022025954, -0.10365891780858956] - [0.03886322188941262, -0.11448103105690757, -0.04641645392749019, 0.12203421542104183]
A2: [0.03530747365714485, -0.029273445116459528, -0.0756973208609389, 0.06966343976617115] - [0.10289376273505556, 0.2828967134319184, -0.3926063845828383, 0.006816008636980396] - [-0.01118707730899406, 0.5390146135043445, -0.3594509940238751, -0.16837644066445265] - [0.09786283855683889, 0.01746335582253614, -0.16885097324706724, 0.05352491947684666]
B1: -8.102784568967827e-11 - 7.184279883040096e-09 - 5.857205683663559e-09 - 8.067347894514951e-10
B2: 7.854678847649233e-09 - 1.7095792439381887e-08 - 7.923991277384734e-09 - 1.098812345008238e-08
