Number: 1004
Error: 0.0024706598870475474
A1: [0.14204797019627452, 0.1403241163749155, 0.17716897127443412, 0.17055136516993297] - [0.05581025177341321, 0.1793285612844561, -0.15659939015374402, -0.12148604623462625] - [0.0439065446503302, 0.5559293728048125, 0.08441800569438018, -0.11622351487733497] - [0.18782104622126536, 0.16529885766268296, 0.1824881336477496, 0.2318540357870582]
A2: [0.14532760136196274, -0.18656450517503897, -0.0043463921085776895, -0.013171150520341075] - [0.02344603242679844, 0.19489497102535605, -0.1286131800747149, -0.1366824632484861] - [-0.08916415260834164, 0.5798813772400377, -0.2323315486239949, -0.25803321547224695] - [0.00015847597578050798, 0.0026539060532132256, 0.008815895094871492, 0.01434656236879938]
B1: -0.011861068422360569 - 0.0012645589810812638 - -0.01260191105879091 - -0.010558435180185628
B2: -0.04569949854818705 - -0.028319086018742678 - -0.04035780778809676 - -0.04822209321762894
