Number: 4546
Error: 1.0827912172870119e-15
A1: [0.0662130910180432, -0.11395216834710438, -0.023984040872709278, 0.07172277763804216] - [0.03740253008107819, 0.18819329104531077, -0.1474090274376981, -0.07818709084351164] - [-0.06022917847453009, 0.32895098534897443, -0.12775292097169524, -0.1409681345122545] - [0.03904604772005027, -0.05332279182029542, -0.03741869818563744, 0.05169501350033679]
A2: [-0.009108604073808254, -0.3468032154773168, 0.24945506181013047, 0.1064566502319692] - [0.08003983749033246, 0.03628226960272672, -0.05025009944670494, -0.06607194657307564] - [-0.042452906345761904, 0.23083179519335809, -0.04053133865725055, -0.1478479350672661] - [0.06813477527804943, -0.29346785606862824, 0.14177123687196447, 0.08356185652901686]
B1: -1.7859848355077046e-08 - -9.263882091159062e-09 - -2.7407533491228337e-08 - 1.1063171736842553e-08
B2: -2.5862756809254427e-08 - -3.430466008033692e-08 - 1.6198289679903725e-09 - -3.4090607888285425e-09
