Number: 3187
Error: 0.0021305010452747825
A1: [0.1753925975709953, 0.06026550019689397, 0.08764704501505925, 0.12118670000921178] - [0.10210566938428332, 0.247045718023288, -0.0834963312867783, -0.02976382762949685] - [-0.12138341579395753, 0.41626322015220535, -0.1014482503813321, -0.18106517237247197] - [-0.14657494729921694, -0.1627295665593637, -0.21211564039526298, -0.19642578216246454]
A2: [0.07649649505634269, -0.1572039000843499, 0.1014241357194935, 0.03993015475052359] - [0.04771794364216621, 0.21960291829155604, -0.08349171820246849, -0.1108827840814367] - [-0.10435955582101135, 0.5062935664357697, -0.2383445640988844, -0.21012001361272112] - [-0.04189380222836769, 0.007495602185800771, -0.06892272355239826, 0.03501591789023127]
B1: -0.013255953900518862 - -0.026563974735194118 - -0.028678776063929413 - -0.03566477529495471
B2: 0.018476860774811955 - 0.0471896976695891 - 0.018900194052542507 - -0.006645025431396591
