Number: 9028
Error: 0.0001361025671230452
A1: [-0.00021609153777803073, -0.22426324535356773, -0.07956298683204859, 0.0618316604737412] - [-0.05066383635483887, 0.0699706337998146, -0.1717930314064239, -0.08130069885593659] - [-0.11752959501579083, 0.1286579980162988, -0.2082179766033288, -0.17768285295163394] - [-0.03744659048088987, -0.16677640429104024, -0.1087562473875731, 0.057333660343146964]
A2: [0.10421355084433, -0.046172594202087004, -0.09048478443565923, 0.13657860106348885] - [0.16042537255841396, 0.27995305504362766, -0.37131595116369437, 0.07847866252503233] - [0.15374642134552133, 0.5872786929618276, -0.2741164135300376, -0.0003177569656486886] - [0.1726227924986904, -0.012991130805300725, -0.173305726039598, 0.1349492150943341]
B1: -0.003826742738226519 - 0.03288758422436071 - -0.010123493031366518 - 0.005996221637658702
B2: 0.013936032456151506 - -0.002144062439473354 - 0.020250881280805287 - 0.0015546278177481958
