Number: 2347
Error: 1.880666344405077e-05
A1: [0.06948372187069518, -0.04355010565139266, -0.01994754396049169, 0.012906446075690073] - [0.04569385592389653, 0.19310628463033952, -0.14093917290158683, -0.09010681888737788] - [-0.12401817243970652, 0.4151154232337883, -0.10456018177361114, -0.1872291906694035] - [0.03328203512488058, 0.01603984474127534, -0.035883527685086763, -0.0266871186755194]
A2: [0.08821931858950183, -0.1481431826075904, 0.11177258984673405, 0.04836875701543921] - [0.03146307056402305, 0.20238824819343304, -0.09961397534191183, -0.12581268531181566] - [-0.11662023238678723, 0.49105761068925174, -0.24865776646788487, -0.21720619490702997] - [-0.03787307844116832, 0.006973678113665048, -0.06145171888489402, 0.046010348067247575]
B1: 0.003603712622418827 - -0.0009243749128338852 - -0.00547854505698392 - -0.011666999575752814
B2: -0.00014087739958739765 - -0.002102361415209214 - -0.001490595767864927 - -0.0030213453882743766
