Number: 5080
Error: 6.539528438189277e-16
A1: [0.06621327229548282, -0.11395199112055263, -0.023983859737521, 0.07172295861126592] - [0.037402616375744414, 0.18819337349405715, -0.1474089426033989, -0.07818700600170238] - [-0.0602294013884608, 0.3289507712522873, -0.12775313910218428, -0.14096835146947853] - [0.03904621984599516, -0.05332262844465817, -0.03741853165935333, 0.05169517867443521]
A2: [-0.009108589398071743, -0.34680319990860997, 0.24945507660461208, 0.10645666561877473] - [0.08003983814370452, 0.03628227030661277, -0.05025009873253239, -0.06607194585289111] - [-0.04245283618267498, 0.23083187262967925, -0.04053126346769307, -0.14784785746961482] - [0.0681347570457306, -0.293467876143125, 0.14177121710640392, 0.08356183608729668]
B1: 1.9915494787120314e-08 - 3.788996746637553e-08 - 3.137037838281493e-08 - 2.6032247809923326e-08
B2: 2.9467165418643604e-08 - 1.446916236241978e-09 - 8.480714874845783e-08 - -3.50046825047642e-08
