Number: 9838
Error: 7.886271620326976e-16
A1: [0.05317250319492922, -0.1480013179383797, -0.026999094214308815, 0.12182777501408558] - [0.005313729785444041, 0.1308367042475352, -0.11360073380529677, -0.02254975339360356] - [-0.014444498765406884, 0.22309159863260938, -0.12704120176807435, -0.08160595519568682] - [0.027146451095888157, -0.10002004703803921, -0.049424517418373295, 0.12229811138106263]
A2: [0.08925446766421442, -0.07291336396064388, -0.1236274145803982, 0.10728638951223868] - [0.1088415873753871, 0.24981403966273513, -0.4048454281557015, 0.04618933628506247] - [0.03663566849020085, 0.46255485734903845, -0.37771770708829366, -0.12147353368319998] - [0.14342620713461524, -0.04460684854557656, -0.20149975621198712, 0.10267963307445097]
B1: -3.8808328944297646e-08 - -1.4095078735125092e-08 - -6.8964869206865925e-09 - 1.0368415231625001e-08
B2: -2.2353015478489673e-08 - -2.1866103894291084e-08 - -2.5358601412364786e-08 - -9.843329487153763e-09
