Number: 2931
Error: 4.9742533177192845e-08
A1: [0.0632744135552733, -0.04803019447320197, -0.023601487083748745, 0.007696175605500863] - [0.043122142962204235, 0.19074985093007596, -0.14312028015219627, -0.09310513324386822] - [-0.12357409466750267, 0.4147324083557858, -0.10498929819036265, -0.1872036133031867] - [0.036863715815820694, 0.019027327416798735, -0.033273250150448554, -0.02319237588440857]
A2: [0.06384347294225727, -0.17328778792487973, 0.08672216276303273, 0.024352036675288277] - [0.029593219217593714, 0.20059711482292192, -0.10140817225715666, -0.12757655058114753] - [-0.09302867054636442, 0.5140553423541673, -0.22522415628270934, -0.194728828871247] - [-0.02660576882574879, 0.01784440910401429, -0.05096627799421926, 0.05631721061689944]
B1: 8.762759939042967e-05 - 0.00020352634782433882 - -0.0001559194105667648 - 0.0003689110534053978
B2: -1.7910316578813128e-05 - 3.9455372522580526e-05 - -0.00012434781353649508 - -0.000167251593826785
