Number: 2276
Error: 0.00015645117819354916
A1: [0.05288433214968592, -0.05105197373208487, -0.02833817769425704, 0.0003777565048200329] - [0.014518016095817578, 0.1566807932352685, -0.18627071602433248, -0.13560952911976787] - [-0.15472646171035798, 0.3960708608548644, -0.1272273793455096, -0.20607096177105708] - [0.023293172109368862, 0.019199788087352766, -0.03011620672907104, -0.028234480708772734]
A2: [0.0763580094307432, -0.1667919162609613, 0.10541629250115953, 0.036266146204252406] - [-0.010775844443744484, 0.16180857269793905, -0.1395424901334064, -0.1672392164991496] - [-0.25813988199767257, 0.3669250935412837, -0.38014250522010007, -0.35377482592667747] - [-0.13135843037975503, -0.07321041326352448, -0.15315083940591584, -0.043329594397232135]
B1: 0.023955446062060678 - 0.005400482028236045 - 0.03499570697956696 - -0.031143002238098107
B2: 0.007732729170153816 - 0.012682550090402303 - 0.009805089544201617 - 0.005209201646721276
