Number: 797
Error: 6.882634265012256e-13
A1: [-0.012155458977037705, -0.014519291209097888, 0.018085000791597198, 0.008580890503555016] - [0.06583626219689888, 0.189496248613862, -0.1453215086628403, -0.11000741754149024] - [-0.09629517348246922, 0.4217840608281046, -0.05345961141373904, -0.27203818017742243] - [-0.0013249537311251502, -0.018222566136890734, -0.0038387868432531815, 0.023372751946702252]
A2: [0.161586770227387, -0.1677547247756182, 0.008501382312347594, -0.00233302131545329] - [0.03548642023459522, 0.20751740728668305, -0.11720973042770598, -0.12579134798655617] - [-0.0862129685988486, 0.5815386860465127, -0.2353881660802068, -0.2599350064140194] - [-0.0038351287986424835, -0.004519448618822136, 0.001110097030036944, 0.007243238262694738]
B1: 9.796067299928766e-07 - -4.0221484062295206e-07 - 8.07199148342478e-07 - 2.558396427412004e-07
B2: -1.8113707443424858e-06 - -6.593079156728714e-07 - -3.6648155572284143e-06 - 5.301735190622361e-06
