Number: 7188
Error: 9.660880329093386e-16
A1: [0.08043170520124669, -0.1804677902362104, -0.01958883648120827, 0.11962499225248571] - [0.037415608641536, 0.13359641480106296, -0.1347261576076003, -0.036285796465494916] - [-0.0017028285387122248, 0.22819010698105816, -0.12282839215716816, -0.10365891974783724] - [0.03886325661184138, -0.11448099643195601, -0.04641641922720029, 0.12203425012186311]
A2: [0.03530745160192256, -0.029273467232710817, -0.07569734183086592, 0.06966341668308891] - [0.10289374074893419, 0.28289669125916916, -0.3926064058475777, 0.006815985614341486] - [-0.011187134160377305, 0.5390145563139241, -0.35945104783500315, -0.16837650057066736] - [0.0978627950983683, 0.017463312166419487, -0.16885101461680269, 0.0535248738597082]
B1: 1.2372202665633236e-08 - -9.487566303264612e-09 - -1.0999215597385377e-09 - 6.207898578383018e-09
B2: 6.346518187338246e-09 - 5.798532217270127e-09 - -1.1839445757628812e-08 - 1.0148952373659092e-08
