Number: 9783
Error: 9.432885160442925e-16
A1: [0.053172486285505596, -0.14800133485404177, -0.02699911110511969, 0.12182775809649721] - [0.005313825606298467, 0.13083680016885135, -0.11360063799899495, -0.02254965743767248] - [-0.014444448016773205, 0.22309164939978948, -0.12704115105965838, -0.08160590442896355] - [0.02714645779050554, -0.10002004034341234, -0.0494245107096129, 0.1222981180926877]
A2: [0.0892543334589134, -0.07291349785564065, -0.12362754576199086, 0.10728625365215988] - [0.10884166145471083, 0.24981411375511722, -0.4048453555436582, 0.0461894116107784] - [0.036635859858348545, 0.46255504772146017, -0.3777175203799716, -0.12147334033027098] - [0.14342640233642326, -0.04460665407081643, -0.20149956561432955, 0.10267983117230131]
B1: 2.589652477097717e-09 - -3.1699983858780466e-09 - -7.172317357665194e-09 - -2.688073607497393e-08
B2: 6.393806747966795e-09 - -2.4837480701788853e-08 - -4.312123415428118e-08 - 2.642950469293421e-08
