Number: 1669
Error: 3.787789986778585e-08
A1: [-0.004925688649685884, -0.012711989218546256, 0.005348667261393511, 0.02176764652704258] - [0.06797950977917694, 0.19099362835306255, -0.14554476212875264, -0.10857959983694701] - [-0.11292585558293085, 0.44143955834016224, -0.07114836557718668, -0.2584813205773775] - [-0.020078037434986318, 0.018574662325849912, -0.02657580566701344, 0.04237884480785761]
A2: [0.13257116961839197, -0.22366093634580483, 0.02362480006356406, 0.07111708121793564] - [0.032403558253403984, 0.20351059060842788, -0.11513006162511338, -0.12169415685666614] - [-0.09343597348804923, 0.5567113359392935, -0.23403925927473437, -0.22447198486614633] - [-0.02016853592601927, -0.018637257549497892, 0.008765153586432964, 0.03280932159852165]
B1: 0.00018257002228043347 - 0.0010938680081466557 - 0.0002547807522315145 - -1.0727225787987896e-05
B2: 0.0002536801663140466 - 0.0006464275232879918 - 0.0008258794971205884 - -6.611071004550566e-05
