Number: 5398
Error: 1.938388010058225e-15
A1: [0.06621316091631833, -0.11395210001073569, -0.02398397102923974, 0.07172284741905496] - [0.03740267405326361, 0.18819342860116964, -0.1474088859018667, -0.07818694929515899] - [-0.06022957525071547, 0.3289506042666478, -0.12775330923363082, -0.14096852068585713] - [0.039046097797358875, -0.053322744288651726, -0.03741864973728888, 0.05169506155521966]
A2: [-0.009108577183752952, -0.3468031869510346, 0.2494550889173874, 0.10645667842482025] - [0.08003980752173943, 0.03628223731805785, -0.05025013220029727, -0.06607197960504751] - [-0.04245296413745849, 0.23083173141142554, -0.04053140058895595, -0.14784799898212836] - [0.06813458272241525, -0.2934680680798796, 0.14177102812347048, 0.08356164063972335]
B1: 9.164968835386786e-09 - -5.1882749932581764e-08 - 3.7369774162393074e-08 - 5.154626170494224e-08
B2: -3.327028839593936e-08 - -3.467462267207937e-08 - 5.7894403593985224e-08 - -2.494906472242528e-08
