Number: 4678
Error: 1.0188813083408944e-15
A1: [0.06621318380301915, -0.11395207763554341, -0.023983948160552774, 0.07172287026729782] - [0.037402575823027875, 0.18819333474865613, -0.14740898246985787, -0.07818704587168288] - [-0.06022953599926206, 0.3289506419659633, -0.12775327082444066, -0.14096848248328456] - [0.03904622985600002, -0.05332261894365266, -0.037418521975135295, 0.05169518828004497]
A2: [-0.009108475819151309, -0.3468030794193368, 0.2494551911023993, 0.10645678469978877] - [0.0800398733737844, 0.036282308259460404, -0.05025006022814519, -0.06607190702152325] - [-0.042452774736043426, 0.23083194044583033, -0.040531197619188226, -0.14784778951208752] - [0.06813465192776824, -0.29346799188247696, 0.1417711031484442, 0.08356171823077749]
B1: -2.4097009779329637e-08 - 6.041223887436732e-08 - -2.674262263589936e-08 - -8.718899411723564e-08
B2: -5.893389059447982e-09 - -6.35560606525052e-09 - -4.204843360522453e-08 - 1.1571338351468563e-08
