Number: 1748
Error: 1.2608101604082024e-06
A1: [-0.007186998185330292, -0.015005100240377626, 0.0030200210331526893, 0.019431565756616358] - [0.06598180760453992, 0.18907461800679906, -0.14761380367329957, -0.11080052962739247] - [-0.11210848754761725, 0.4422389552517607, -0.07033075480000549, -0.25757674263192976] - [-0.022944527482805833, 0.015756763494954588, -0.029539579131680167, 0.03936380501811311]
A2: [0.13101352166332653, -0.22517444032322242, 0.022110469422302357, 0.06960505394902523] - [0.031936566987705035, 0.20305354844818618, -0.11559448898545585, -0.12214745166140906] - [-0.09433433669423241, 0.5558674615054475, -0.23486870563224546, -0.22529891483173503] - [-0.021511912125499126, -0.01994988589037141, 0.007426466366113239, 0.03151049039766339]
B1: -0.0005969951980143473 - -0.001170160355852197 - -0.000660900086859634 - -0.00030458082614628966
B2: 0.00017308826979763395 - 0.0005519112691361171 - 0.00042248265143489904 - 0.00048198448418044094
