Number: 7039
Error: 1.2018712130801722e-15
A1: [0.08043169707942985, -0.18046779835710627, -0.019588844593311075, 0.11962498413159797] - [0.03741559461251659, 0.13359640078266094, -0.13472617160866562, -0.03628581048674245] - [-0.0017028094345962305, 0.2281901260847582, -0.12282837308103708, -0.1036589006488274] - [0.03886323257426563, -0.1144810204020685, -0.04641644324945127, 0.12203422609923134]
A2: [0.035307461726688895, -0.029273457079940373, -0.07569733220435818, 0.06966342727975476] - [0.10289369945038956, 0.2828966496101198, -0.3926064457909967, 0.006815942368733638] - [-0.011187137201045945, 0.5390145532551189, -0.3594510507130642, -0.16837650377472785] - [0.09786280038394762, 0.017463317476041504, -0.16885100958526975, 0.053524879407844825]
B1: 1.1441150646121622e-08 - -1.607778720322789e-08 - -1.0259600649170096e-08 - 1.5302135305137832e-09
B2: -3.752995464572205e-09 - -6.400155966887951e-09 - 3.4326797136808197e-09 - -1.1220773392721015e-08
