Number: 5322
Error: 1.0780200128880932e-15
A1: [0.0662131862282137, -0.1139520752645141, -0.02398394573724578, 0.07172287268842716] - [0.03740263321352002, 0.18819338958149098, -0.14740892605051958, -0.07818698944736346] - [-0.06022930712689928, 0.32895086178511806, -0.12775304686349256, -0.1409682597268115] - [0.039046153433727186, -0.05332269148068054, -0.03741859591103237, 0.051695114944419154]
A2: [-0.009108441151744775, -0.3468030426427974, 0.24945522605006293, 0.10645682104662232] - [0.08003990789060202, 0.036282345443913296, -0.05025002250320044, -0.06607186897635618] - [-0.04245289829475116, 0.2308318040791948, -0.04053133002930204, -0.14784792616290363] - [0.06813470448198401, -0.2934679340178884, 0.14177116012229637, 0.083561777153972]
B1: 2.9890828430832976e-08 - -5.499990930276087e-08 - -1.582695836044098e-08 - -2.5324249251098145e-08
B2: -6.207810390161818e-09 - -1.0179459321947842e-08 - -2.025270908201166e-08 - 1.3010631912521281e-09
