Number: 1328
Error: 2.8518055155832883e-09
A1: [-0.00732330163285455, -0.015130705662623532, 0.0028562786964302254, 0.019315266931668656] - [0.06678702756886239, 0.18984618130389613, -0.146776266464851, -0.10990650689108016] - [-0.11270029543884952, 0.4416731443657518, -0.0709089769327124, -0.25822428941642633] - [-0.02375745852710565, 0.014963017932220685, -0.030330403745727118, 0.038501859645508354]
A2: [0.13152192229395554, -0.22469188520098213, 0.022603821190668553, 0.07009783649128087] - [0.03266375353501117, 0.2037664263407621, -0.11487098130900014, -0.12144036249932537] - [-0.09509019683675296, 0.555080112929378, -0.23566165402551323, -0.22609449183525654] - [-0.020946267607759337, -0.019393349127905458, 0.008000451668599926, 0.032067407560844946]
B1: 0.00010478017238370446 - -9.432648296565615e-05 - -8.353366629190366e-05 - 0.00011106387996834775
B2: -4.852244414177482e-05 - 4.5921616604149504e-05 - -7.46788092523216e-05 - -4.5270540268269045e-05
