Number: 5880
Error: 1.200863835100287e-07
A1: [0.08045725556382216, -0.1804432376646702, -0.019562785356683106, 0.11965078654078627] - [0.03691169501468635, 0.13309241611436887, -0.13522875109655325, -0.0367892624650663] - [-0.00171236338683297, 0.22818033115986355, -0.12283753510836018, -0.10366825871764603] - [0.03943349504717242, -0.11391296736484934, -0.045845993971196417, 0.12260442159506715]
A2: [0.0367642205437111, -0.02781335228911842, -0.07431212066985665, 0.0711887991747413] - [0.1052086703586325, 0.2852290590935576, -0.390368446385009, 0.009240815502017675] - [-0.00841391181234011, 0.5418033336703444, -0.3568254041663086, -0.1654527223644001] - [0.09977427154016409, 0.01938270709524002, -0.16703106491396214, 0.055532258650479095]
B1: -7.46863990586418e-05 - -0.0009442268782251955 - 0.00028343307742393324 - 2.407503228780012e-05
B2: -0.00033010494876680027 - -6.33413061510573e-05 - 0.000578326530255946 - 3.739285272416135e-05
