Number: 7117
Error: 8.312692640374439e-16
A1: [0.08043169623291098, -0.1804677992035289, -0.01958884543881772, 0.11962498328517583] - [0.03741560091978853, 0.1335964070851604, -0.1347261653139604, -0.03628580418296402] - [-0.0017027960009248506, 0.22819013951814165, -0.12282835966703648, -0.10365888721874193] - [0.0388632399565449, -0.11448101304050684, -0.04641643587187603, 0.12203423347692237]
A2: [0.0353073921381742, -0.02927352686092712, -0.07569739836824402, 0.06966335444783811] - [0.10289380104101584, 0.2828967520629537, -0.3926063475338609, 0.0068160487489518865] - [-0.011187132003724036, 0.5390145584834412, -0.3594510457936878, -0.16837649829812554] - [0.09786274936631036, 0.017463266226343362, -0.16885105815076912, 0.05352482585594527]
B1: 2.4882046194609207e-10 - -1.4595171243004155e-08 - 1.3360995268251752e-08 - 1.0642079679651798e-08
B2: 1.2587960044770896e-09 - 1.889635459106182e-09 - 1.5435744102605043e-08 - -6.163575471762182e-10
