Number: 9080
Error: 6.17593770238047e-05
A1: [0.030992151798214643, -0.17272491368283624, -0.049742623441252416, 0.09789359718780284] - [-0.02288742160485825, 0.10081980688154349, -0.14330934751789423, -0.052525485466545944] - [-0.04261525160037813, 0.19738614496540133, -0.1494627833947487, -0.1054476462205476] - [0.0015144251146409302, -0.12663358208522443, -0.07438400037936693, 0.0960056092059592]
A2: [0.14348158190693747, -0.01895670681826655, -0.06386276573665253, 0.16319371618145473] - [0.12230877808249975, 0.26181864771712904, -0.3910704368687038, 0.058978071813672844] - [0.08405014837439134, 0.5105026531702512, -0.3347447305030527, -0.07426243462789825] - [0.16842551916747076, -0.01994058057876308, -0.17976938195759098, 0.1275042008723677]
B1: -0.007410556034814431 - 0.0038395238543492975 - -0.010437468042864249 - -0.005939081338870181
B2: 0.003732876348501407 - 0.0012630272196408293 - -0.021141560573109057 - 0.0011431520390879873
