Number: 6751
Error: 8.033773597947208e-16
A1: [0.08043162188178485, -0.18046787354623478, -0.019588919701045242, 0.11962490894254041] - [0.03741554407450756, 0.1335963502829022, -0.13472622204597956, -0.036285860996757145] - [-0.0017028628260904875, 0.22819007269440403, -0.12282842639435651, -0.10365895402607178] - [0.038863184958576505, -0.11448106788413044, -0.04641649083480067, 0.12203417851313542]
A2: [0.03530741696114642, -0.029273501969299662, -0.07569737476686804, 0.06966338042775957] - [0.10289373974165006, 0.2828966902433312, -0.3926064068218147, 0.006815984559561222] - [-0.011187143450356292, 0.5390145469685419, -0.3594510566281587, -0.1683765103598477] - [0.09786277754604285, 0.017463294534254475, -0.16885103132547263, 0.053524855435474174]
B1: -1.5280042200265633e-08 - -7.584107478939234e-09 - -2.107294755356169e-08 - -1.8200530192499723e-08
B2: -2.443649047518646e-08 - -1.248470188422718e-08 - -1.23997372048549e-08 - -1.1556341420858033e-08
