Number: 8864
Error: 1.1690293024590462e-05
A1: [0.07715390257344412, -0.1832950297889064, -0.0240617134759505, 0.1167418373423005] - [0.034411001255142376, 0.13111780882172672, -0.13802972907751046, -0.039117959163835286] - [0.0038846067568035735, 0.23391060645306744, -0.11750073694115201, -0.0980706793741278] - [0.03635932875728065, -0.11638449233075525, -0.05036616487257081, 0.12001648666845788]
A2: [0.008013437926600848, -0.056693445508918354, -0.1017449946408414, 0.04114594069784435] - [0.09247980442038072, 0.27252201677391513, -0.40199148598863477, -0.004174316189039577] - [0.007641621420503063, 0.556925031419416, -0.34219853110830284, -0.14843074865719802] - [0.08943654241594123, 0.009237438458488087, -0.17665310202039514, 0.04468770972118564]
B1: -0.005210060455453716 - -0.0039317377603253646 - 0.0008663802381972084 - 0.005461600955105876
B2: 0.0017596837729817964 - 0.0022464160764515623 - 0.0028596867726645376 - -0.0013619720405069974
