Number: 8625
Error: 8.812388209381437e-16
A1: [0.0804317206240519, -0.1804677748151252, -0.01958882107685898, 0.11962500767354729] - [0.03741561530022399, 0.13359642145477924, -0.13472615096195314, -0.03628578981036859] - [-0.0017027422768492067, 0.22819019324106954, -0.12282830602162234, -0.10365883350898766] - [0.038863257117144015, -0.11448099592799059, -0.04641641872219884, 0.12203425062691298]
A2: [0.035307426964153475, -0.029273491938592397, -0.07569736525616284, 0.06966339089695886] - [0.1028937932554725, 0.2828967442113521, -0.392606355063836, 0.006816040596225463] - [-0.01118711215605331, 0.5390145784494824, -0.3594510270074819, -0.16837647738388029] - [0.09786280911891596, 0.017463326250710346, -0.16885100127012503, 0.053524888576660275]
B1: 1.0883985126670887e-08 - 5.025587607450057e-08 - 1.987525423707914e-08 - 1.59442906368548e-08
B2: 6.172560084214602e-09 - 3.294685859667111e-08 - 3.4191596809151883e-09 - 1.2011065573856125e-08
