Number: 331
Error: 1.6161495802817576e-09
A1: [-0.012118666065126701, -0.01448150188872789, 0.01812567983869889, 0.008620239963085963] - [0.06575413332122361, 0.1894172433002409, -0.1454064278692056, -0.11009886208184426] - [-0.0965916006290865, 0.42149758260277814, -0.053781256494453214, -0.27238354568046286] - [-0.0016330135547623277, -0.01851882525076108, -0.004166695652491573, 0.023016667154168367]
A2: [0.16156779258121148, -0.16777336054274666, 0.008482776361097141, -0.0023515388630102685] - [0.035438918603524446, 0.2074706714026932, -0.1172570294233936, -0.1258378083545203] - [-0.08624597312714527, 0.5815063553562425, -0.23542028215277586, -0.2599671980201942] - [-0.0038770259575871694, -0.004560627491170711, 0.0010686678334166655, 0.0072031886981738765]
B1: 3.862494420160554e-05 - -0.00021452300490711664 - 3.5196608161895e-05 - 1.2211944007689385e-06
B2: 4.0766031486207226e-05 - -0.0002473457760600071 - -2.0009600355690282e-06 - -1.0878915602219632e-05
