Number: 4363
Error: 7.125942220366322e-16
A1: [0.06621304620440235, -0.1139522121593088, -0.02398408565117812, 0.07172273289962872] - [0.037402663427632335, 0.1881934184489094, -0.14740889634780846, -0.0781869597420134] - [-0.060229479516134284, 0.32895069621498063, -0.1277532155533352, -0.140968427509611] - [0.039046195748821, -0.05332265131690654, -0.03741855497268987, 0.051695155550452745]
A2: [-0.009108435873291305, -0.3468030370429194, 0.24945523137164588, 0.10645682658099091] - [0.08003985466031407, 0.03628228809970123, -0.05025008068091841, -0.0660719276479251] - [-0.04245270238677395, 0.23083202029497168, -0.04053112008694797, -0.1478477094965134] - [0.06813465859881745, -0.29346798453745054, 0.14177111038067852, 0.083561725710131]
B1: -5.6698592378397384e-08 - 1.6623681711169827e-08 - 2.492932072580913e-08 - -5.330764153983987e-08
B2: 2.7304166730253955e-08 - 4.319642673593576e-08 - -8.371301969741955e-09 - -1.3085534200589907e-07
