Number: 9350
Error: 4.166744852517573e-11
A1: [0.05318740249914412, -0.1479864101853228, -0.026984209400847756, 0.1218426844725788] - [0.005249110690874289, 0.13077201364079727, -0.11366534527471839, -0.022614466438361448] - [-0.014412721214978103, 0.2231233889078102, -0.1270094482921016, -0.08157416475959024] - [0.027138952765002177, -0.1000275437245049, -0.04943202980418498, 0.12229059664435625]
A2: [0.08926054597021563, -0.0729073013627602, -0.12362147575059275, 0.10729254302901171] - [0.1088128909243232, 0.2497853416952691, -0.40487355784724255, 0.04616015949136406] - [0.03663343740275535, 0.46255263781123185, -0.3777198853044047, -0.12147578761158571] - [0.14342422616850153, -0.04460882109671223, -0.20150169170490867, 0.10267762337975563]
B1: 1.0675243186538512e-05 - 2.9373883883491955e-06 - -7.527550349619886e-07 - -5.427414183228717e-06
B2: -1.0147232793135186e-05 - 4.09325250062462e-06 - 3.425942563431506e-05 - -1.580762545790568e-05
