Number: 5303
Error: 7.676075163532402e-16
A1: [0.06621321338845414, -0.11395204871120547, -0.023983918598320865, 0.07172289980308427] - [0.037402602298708745, 0.18819336004446643, -0.14740895644215884, -0.0781870198416922] - [-0.06022946348626455, 0.3289507116103568, -0.1277531998676335, -0.14096841190804635] - [0.039046175145894646, -0.05332267087228286, -0.037418574905221914, 0.05169513577967259]
A2: [-0.009108652462349577, -0.3468032668096449, 0.24945501302984127, 0.10645659949953852] - [0.08003980300182928, 0.03628223244880205, -0.05025013714046502, -0.0660719845870283] - [-0.04245277465975146, 0.2308319405299039, -0.04053119753752194, -0.14784778942782845] - [0.06813480376162892, -0.2934678247071182, 0.14177126775064156, 0.08356188846423791]
B1: 1.6584348020902325e-08 - 4.8133493979784934e-08 - 5.71353733963698e-09 - 1.0444132776827498e-08
B2: 1.473857097209041e-08 - 2.5726664182708866e-09 - 5.2790718145940814e-08 - 1.5234863665480097e-08
