Number: 8734
Error: 1.4658895382842428e-12
A1: [0.08043616101244423, -0.18046333487733834, -0.01958438597267355, 0.11962944756227442] - [0.03742135229275196, 0.13360215414136276, -0.1347204253796332, -0.036280055989462594] - [-0.0017023713707255673, 0.22819056414959357, -0.1228279356525053, -0.10365846270068964] - [0.03886682537425274, -0.1144774376433306, -0.046412852718733404, 0.12203781667189188]
A2: [0.035313820595956086, -0.029267080632400175, -0.07569128627178358, 0.06967008249897942] - [0.10289710092756453, 0.2829000799819281, -0.39260315592447326, 0.006819504201416609] - [-0.011179913783247616, 0.5390218197664486, -0.3594442135773594, -0.16836889223734822] - [0.09786919888427748, 0.017469745076220233, -0.16884491862426507, 0.05353159572428471]
B1: 9.414109700059642e-07 - 1.0097167187048112e-06 - 6.138903956102025e-07 - 8.748522266648781e-07
B2: 2.116082514290458e-06 - -8.713608567504772e-07 - 1.4584388212270654e-06 - 2.265797283225548e-06
