Number: 7256
Error: 5.936303330742988e-16
A1: [0.08043167837645164, -0.18046781705796616, -0.019588863273925488, 0.11962496543075586] - [0.037415579478945984, 0.1335963856605464, -0.13472618671207895, -0.03628582561192865] - [-0.0017028317063376751, 0.22819010381349605, -0.12282839532016201, -0.10365892291462019] - [0.038863222533745204, -0.1144810304144144, -0.04641645328357654, 0.12203421606494913]
A2: [0.035307474501386715, -0.029273444269910718, -0.07569732005833757, 0.06966344064984874] - [0.10289376333212742, 0.28289671403402716, -0.3926063840054044, 0.006816009262240407] - [-0.01118708621592778, 0.5390146045443389, -0.35945100245452927, -0.16837645004993848] - [0.09786282478711066, 0.017463341990204367, -0.16885098635503462, 0.05352490502321282]
B1: 1.2546490135994083e-09 - 6.33729523654548e-10 - -4.388573569448515e-09 - 6.413251852383839e-10
B2: 2.228592114149091e-09 - 3.82750141370493e-09 - 8.947801948957218e-10 - 2.5431779330452224e-09
