Number: 302
Error: 9.510669893287549e-09
A1: [-0.012736279469270575, -0.015115878581052889, 0.017443024875774597, 0.007960288391566336] - [0.06556441286528032, 0.18923472007208256, -0.14560260188465404, -0.1103101079264474] - [-0.09658155351103911, 0.4215074506767813, -0.053770222540546954, -0.27237180257202065] - [-0.0015861798106061615, -0.01847364251626754, -0.004116738684070037, 0.02307082208906717]
A2: [0.16155521269947912, -0.16778570967638257, 0.008470554949953711, -0.002363704376093159] - [0.03551464977161709, 0.2075451709985881, -0.11718164966259755, -0.12576375363281095] - [-0.08633864791734627, 0.5814155451337405, -0.2355104405311692, -0.26005753353291194] - [-0.003867969125046005, -0.004551694025863263, 0.0010777449218024766, 0.007211965169017163]
B1: -0.00016305298867366365 - -0.00013510397317446782 - -0.00010536264455344939 - -9.219211153264757e-05
B2: -0.0001456161526327581 - -0.0006105399943592324 - 0.0003049014566533075 - 0.00024601791945710964
