Number: 7332
Error: 8.25116939569621e-16
A1: [0.08043168833585179, -0.18046780709969534, -0.01958885332643509, 0.11962497538901791] - [0.03741559404209703, 0.1335964002126746, -0.1347261721779458, -0.03628581105684483] - [-0.0017028224659271498, 0.22819011305370718, -0.12282838609328316, -0.10365891367667668] - [0.03886323913949338, -0.11448101385526996, -0.04641643668841177, 0.12203423266037583]
A2: [0.03530746257966397, -0.029273456224606982, -0.07569733139336482, 0.06966342817247666] - [0.1028936680010784, 0.28289661789389947, -0.39260647620836875, 0.006815909436733036] - [-0.011187184789820248, 0.539014505382501, -0.35945109575690604, -0.1683765539206408] - [0.09786282586088668, 0.017463343068864507, -0.16885098533286846, 0.05352490615032694]
B1: 2.3663509619358235e-08 - -2.750665655234251e-08 - -2.0033569737178694e-08 - -8.405927444182315e-09
B2: -9.844006443189352e-09 - -7.562647372401703e-09 - -1.316858490069746e-08 - -7.536522499462467e-09
