Number: 9740
Error: 1.514858115125807e-15
A1: [0.053172468547746286, -0.14800135259832145, -0.02699912882332329, 0.1218277403501876] - [0.005313841998197541, 0.13083681657788687, -0.11360062160972449, -0.022549641022698002] - [-0.01444449238517208, 0.2230916050151034, -0.12704119539293254, -0.08160594881321272] - [0.027146377069511427, -0.1000201210642135, -0.049424591600828995, 0.12229803716662188]
A2: [0.08925416553513556, -0.07291366539123646, -0.12362770990238217, 0.1072860836578841] - [0.10884173639814806, 0.2498141887117427, -0.40484528208462245, 0.04618948781515703] - [0.03663588193055006, 0.46255506967887716, -0.377717498845268, -0.12147331802913967] - [0.14342633178078248, -0.044606724363736576, -0.20149963450582342, 0.10267975956987715]
B1: 5.3547660912539254e-08 - 8.501960929391029e-09 - 1.0769303346600785e-07 - 3.785070900304569e-08
B2: 4.427498063607232e-08 - 2.8934272444456736e-08 - -3.149005399098806e-08 - 9.595922639842968e-08
