Number: 6269
Error: 8.650049207866992e-16
A1: [0.08043164720997671, -0.1804678482209083, -0.01958889440313684, 0.11962493426784228] - [0.03741554843593524, 0.13359635464103117, -0.1347262176932414, -0.03628585663774212] - [-0.0017028287103888864, 0.22819010680938284, -0.12282839232860729, -0.10365891991947306] - [0.038863210658785466, -0.11448104225604494, -0.04641646515096828, 0.1220342041973746]
A2: [0.03530748104681828, -0.029273437706376373, -0.07569731383505164, 0.06966344750039405] - [0.10289367894179473, 0.28289662892745693, -0.39260646562662327, 0.006815920893196397] - [-0.01118718025558022, 0.5390145099437904, -0.3594510914650709, -0.16837654914284197] - [0.09786276111854991, 0.017463278032037097, -0.16885104696336475, 0.053524838191932496]
B1: 1.3655040670796369e-08 - -2.1178110218191937e-08 - -3.302149569063732e-08 - -1.2723321200146405e-08
B2: -2.4702907793052384e-08 - -2.340831260037266e-08 - -2.050377675497864e-09 - -1.1291253232023414e-08
