Number: 8933
Error: 0.0007223623371981535
A1: [0.0761808683828517, -0.19092418320246468, -0.02408887641321316, 0.11953063783656548] - [-0.0018933575689522152, 0.09905457917557647, -0.15579147945046154, -0.055400674010174844] - [0.019418619020883477, 0.2425545904910028, -0.10680768057793139, -0.08614355882815398] - [0.011413019317729192, -0.1513421305910229, -0.08386688119150057, 0.09025022075222061]
A2: [-0.073620390784946, -0.12637042340054833, -0.19737079557046094, -0.02957433281639995] - [0.1442079657615277, 0.3204470765669822, -0.3578683884240958, 0.0604298120124609] - [-0.044516825280202954, 0.4882523400679376, -0.3900160299753711, -0.18851641770275912] - [0.10493359880165615, 0.010512422619606013, -0.1591384884834965, 0.07571923143329554]
B1: 0.0474277176014068 - -0.02436951642700651 - -0.018763339334621626 - -0.02650208594547546
B2: -0.019791478067459397 - -0.035048398776615586 - 0.01796577565100766 - -0.05548494873738712
