Number: 1249
Error: 2.569012688958956e-08
A1: [-0.007520381904530258, -0.015329524527868319, 0.0026535434926821234, 0.019112573023008363] - [0.06702573522860526, 0.19007607523996517, -0.14652971810919807, -0.10964088946767479] - [-0.11342220429739154, 0.4409653153054028, -0.07165770453346702, -0.2590066928784253] - [-0.02476182103629072, 0.01397581869333124, -0.03135283948486382, 0.03744032695647068]
A2: [0.13210723236632443, -0.2241150759466845, 0.023179100464266376, 0.07066980821717796] - [0.03253562206619011, 0.2036403597617541, -0.11499839068530197, -0.1215654739899957] - [-0.09513978794235324, 0.5550347729513664, -0.23571144286911971, -0.22614275870761966] - [-0.02104579410261784, -0.01949197919628838, 0.007901864841593494, 0.03197210843736781]
B1: 0.00011387386059389538 - -0.000500384815677177 - 0.00013707643651082843 - 0.0003845053776061635
B2: -0.00013720008748589003 - -0.00018523236801959114 - -3.890075370882969e-05 - -6.335682159688666e-05
