Number: 9960
Error: 1.4300631976663982e-15
A1: [0.05317255626787685, -0.14800126484588505, -0.026999041199795917, 0.12182782811268862] - [0.00531377505718182, 0.13083674956677488, -0.11360068854038388, -0.02254970805800495] - [-0.014444446686058293, 0.22309165073105477, -0.1270411497299179, -0.08160590309771262] - [0.02714654425941162, -0.10001995387485639, -0.04942442405853261, 0.12229820478116699]
A2: [0.08925441735953746, -0.07291341414899852, -0.12362746375172128, 0.10728633858707735] - [0.10884159999813796, 0.24981405228771678, -0.4048454157829841, 0.04618934912017436] - [0.036635747362191926, 0.4625549358106455, -0.37771763013686027, -0.12147345399320494] - [0.14342629730723833, -0.04460675870878663, -0.20149966816625825, 0.10267972458485657]
B1: 2.530425142282923e-08 - -7.1181291836463045e-09 - -2.173944040755922e-09 - 1.0723197578876371e-08
B2: -1.6837164061697886e-08 - -1.1988838419505068e-09 - -5.344283893535482e-08 - 3.724510345543629e-08
