Number: 5618
Error: 4.216383018168617e-08
A1: [0.06658533098224456, -0.11358837787450095, -0.023613061736459533, 0.07209299738805916] - [0.037527091886808736, 0.18831220067057494, -0.14728710323697963, -0.07806592933360475] - [-0.05961041011043116, 0.32954433096018293, -0.1271489927430179, -0.14036707357112432] - [0.03943813226454139, -0.05295112433002748, -0.0370401121100222, 0.052070697706764126]
A2: [-0.010347417131229612, -0.3481174949221395, 0.24820618609721223, 0.10515808633986239] - [0.0801825926969902, 0.036436068439733335, -0.05009405384175207, -0.06591449384284925] - [-0.04219995492301783, 0.2311107690959766, -0.04026085667855949, -0.14756882112384825] - [0.06811433811959196, -0.2934904277136166, 0.14174754688027053, 0.08353756013726135]
B1: -0.0004875093670436914 - -0.00017905083824605177 - 0.00015092999532407913 - 0.0003259683674394085
B2: 0.00015286423630804256 - -0.00031860355024218665 - 0.00012430476970162939 - 0.00017630239168265116
