Number: 8166
Error: 7.969995674271706e-16
A1: [0.08043166998097293, -0.18046782545252324, -0.01958887165941517, 0.11962495703620984] - [0.0374156489537253, 0.13359645508278264, -0.13472611737560475, -0.03628575617556957] - [-0.0017028185699542156, 0.22819011694958852, -0.1228283822030243, -0.10365890978174687] - [0.03886323744551894, -0.11448101554449981, -0.046416438381317385, 0.12203423096744848]
A2: [0.035307268660379296, -0.02927365068018949, -0.07569751576963432, 0.06966322521522542] - [0.10289369343929791, 0.28289664354802446, -0.3926064516048665, 0.0068159360742903385] - [-0.011186955811425677, 0.5390147357265834, -0.35945087902357326, -0.1683763126384493] - [0.09786303550449935, 0.01746355366602195, -0.16885078576534457, 0.053525126207447794]
B1: -4.189607303477058e-08 - 1.9067810319093644e-08 - 3.017486516884996e-08 - -5.30778967822923e-08
B2: -3.153893957865938e-08 - 1.1569079976712574e-08 - -1.3873896410566998e-08 - -1.5511405572462816e-08
