Number: 780
Error: 2.0021040889464858e-13
A1: [-0.012151737801019167, -0.014515469180471438, 0.018089113814951954, 0.008584867009971296] - [0.06583605592837041, 0.1894960501914272, -0.1453217219268621, -0.11000764720116964] - [-0.09628876859469433, 0.4217902510451336, -0.053452661343047755, -0.2720307181806917] - [-0.0013265691422271833, -0.018224119709617584, -0.0038405063985505416, 0.02337088480351384]
A2: [0.16158761342849426, -0.16775389745802277, 0.008502208510868092, -0.002332199309673628] - [0.03548583584680758, 0.20751683228934759, -0.11721031236557013, -0.1257919196724268] - [-0.08621343011057603, 0.5815382339948403, -0.2353886151530752, -0.25993545644944227] - [-0.00383405588080117, -0.004518393541359253, 0.0011111589600354805, 0.007244264751870397]
B1: 3.105430346795155e-07 - 6.94889927522955e-07 - 1.3552523811707624e-07 - 1.3026994151924394e-07
B2: 3.3818667082904925e-07 - -4.818682269728192e-07 - 7.524089863838319e-07 - 5.3593132577463836e-08
