Number: 3976
Error: 9.50615705228234e-16
A1: [0.06621318159345066, -0.1139520797957264, -0.02398395036836024, 0.0717228680614728] - [0.03740265956698378, 0.18819341476031598, -0.14740890014313562, -0.07818696353765514] - [-0.06022927816807382, 0.3289508895987183, -0.1277530185259701, -0.14096823154200364] - [0.039046060646982274, -0.053322779550545235, -0.03741868567924263, 0.05169502590518027]
A2: [-0.009108530389825082, -0.3468031373101496, 0.24945513609041547, 0.10645672748563056] - [0.08003979188336408, 0.03628222047092721, -0.05025014929255971, -0.06607199684220201] - [-0.042452769077231035, 0.23083194669132115, -0.040531191555038044, -0.14784778325361747] - [0.06813474962755162, -0.2934678843109472, 0.141771209064532, 0.08356182777004126]
B1: -1.5863216645170263e-08 - -2.7439354424890565e-08 - -8.32981481862152e-10 - -1.2753297920198085e-08
B2: -7.0697225713030646e-09 - -1.8024777845713117e-09 - -3.206349995958289e-08 - -1.7581283133802716e-08
