Number: 7773
Error: 1.0673066904749232e-15
A1: [0.08043168360995494, -0.18046781182506402, -0.01958885804667621, 0.11962497066366454] - [0.0374156679075891, 0.13359647402225566, -0.13472609845962003, -0.03628573723226681] - [-0.0017027945081897317, 0.22819014101084564, -0.12282835817647736, -0.10365888572639691] - [0.03886322300392349, -0.11448102994556507, -0.04641645281369195, 0.12203421653483744]
A2: [0.03530733112507204, -0.029273588042765638, -0.07569745637883589, 0.06966329059112122] - [0.10289358842895294, 0.282896537646463, -0.3926065531695459, 0.006815826113186567] - [-0.011187185785722526, 0.5390145043806672, -0.3594510966995919, -0.16837655497000154] - [0.09786271159871485, 0.017463228286968033, -0.1688510941031524, 0.053524786212355305]
B1: 4.778990095543621e-09 - -2.0428381361173474e-08 - 1.2890256399108088e-08 - 8.484774846141928e-09
B2: -3.006370415143232e-08 - 7.244589109162481e-08 - -1.26004509923478e-08 - -2.7267415151968244e-08
