Number: 6027
Error: 3.300118445885461e-13
A1: [0.0804334072103487, -0.1804660884241825, -0.019587136509105894, 0.11962669406583495] - [0.03741874948708935, 0.13359955325380474, -0.13472302303978329, -0.036282657371377994] - [-0.001699973982306018, 0.22819296149177987, -0.12282554176553294, -0.10365606594441497] - [0.03886577812340118, -0.11447848199228719, -0.046413899317292236, 0.122036770069157]
A2: [0.035309132921370855, -0.0292717812714371, -0.0756957432416406, 0.06966517637467584] - [0.10289263073736912, 0.28289557182746883, -0.392607479441205, 0.006814823267743716] - [-0.011183766149460744, 0.5390179444255794, -0.35944785994406386, -0.16837295157717103] - [0.09786488606716671, 0.017465412649955554, -0.16884902414741962, 0.05352706870041189]
B1: -9.514115711281296e-07 - 2.23037936205014e-06 - -8.509550347481213e-08 - -1.7607103536811682e-07
B2: -1.256367724984354e-06 - -1.6972669766123234e-06 - 2.9833059610124863e-06 - 1.494042518232979e-07
