Number: 680
Error: 1.2058876029225611e-14
A1: [-0.012154192972496392, -0.0145179908940008, 0.018086400111266922, 0.008582243374488038] - [0.06583599910676823, 0.18949599553124719, -0.1453217806759479, -0.11000771046686428] - [-0.09629336584548732, 0.42178580787840825, -0.053457649904699145, -0.27203607419808845] - [-0.0013224697927013227, -0.018220177295453905, -0.0038361427777282887, 0.023375622956586323]
A2: [0.16158695705772907, -0.1677545414670356, 0.008501565375028988, -0.002332839182163557] - [0.0354856405376426, 0.20751664011871077, -0.11721050685670811, -0.1257921107352015] - [-0.0862134153433525, 0.5815382484631579, -0.23538860078407736, -0.2599354420483875] - [-0.0038345960766794844, -0.0045189247559703875, 0.0011106242998077645, 0.007243747926373134]
B1: -1.0852793287714747e-08 - 1.314319074373035e-07 - 2.705457178811913e-08 - 4.018543255622593e-09
B2: -2.778362688314645e-07 - 1.0412552808070208e-07 - 1.378674503416731e-07 - 4.9036722722765076e-08
