Number: 484
Error: 3.301892566805145e-13
A1: [-0.01215197434279494, -0.014515712132119, 0.018088852372961938, 0.008584614244631781] - [0.0658361245317543, 0.18949611618283976, -0.1453216509998428, -0.11000757082147052] - [-0.09629372367130612, 0.4217854620795916, -0.05345803816630815, -0.27203649105999295] - [-0.0013226521968219497, -0.018220352671928456, -0.003836336909078135, 0.02337541216023159]
A2: [0.16158633279730295, -0.1677551539732935, 0.00850095373543354, -0.002333447699103443] - [0.035487386556429586, 0.20751835808246882, -0.11720876815228118, -0.12579040267410677] - [-0.08621794173826597, 0.5815338148764071, -0.23539300511029865, -0.25993985594992175] - [-0.0038360148281752476, -0.004520319916723945, 0.001109220087904449, 0.007242390570146596]
B1: 1.8443802413679628e-07 - -5.764510248797452e-07 - -7.265380475305169e-07 - -9.845338859093938e-08
B2: -1.0750215711403208e-06 - -1.0334495585123132e-06 - -4.110033685948077e-07 - -3.0705525129268755e-07
