Number: 3162
Error: 5.620919489648618e-06
A1: [0.05579740128424609, -0.05521134116136438, -0.030440988722263557, 0.00119093103742611] - [0.03783522024140237, 0.18568514459193944, -0.1484479590838852, -0.09882775674043538] - [-0.13467822115596806, 0.4042640126735301, -0.11521336616060468, -0.1969274331871993] - [0.033997911826783474, 0.016815159186708964, -0.03556851020540308, -0.024742124515716717]
A2: [0.08384442980969885, -0.15401164064410316, 0.10705296589827017, 0.04407414181304178] - [0.02572903195082049, 0.19670735829495575, -0.10526022827606703, -0.13144867584969144] - [-0.11031179630081434, 0.49732617080772407, -0.24256142489718718, -0.2110850056190717] - [-0.05176887029585413, -0.006576448276464589, -0.0762311872077209, 0.03226179478405922]
B1: 0.0016313705346166184 - -0.005091633677542071 - 0.003580802592478121 - 0.0033088220912869206
B2: 0.0001187693434477697 - -0.0017059104657291772 - 0.0012916819563319158 - 0.006093096843310221
