Number: 8623
Error: 7.881800952203067e-16
A1: [0.08043172645237925, -0.18046776898745823, -0.019588815255500627, 0.11962501350120891] - [0.03741563615617415, 0.13359644229494413, -0.1347261301475583, -0.03628576896597109] - [-0.0017027556708366723, 0.22819017984736784, -0.12282831939599918, -0.10365884689940089] - [0.03886326964012523, -0.11448098344015341, -0.04641640620719755, 0.12203426314211105]
A2: [0.035307413476079415, -0.02927350546397044, -0.07569737808048875, 0.06966337678026507] - [0.10289379145707064, 0.2828967423976876, -0.3926063568032289, 0.006816038713039469] - [-0.011187109506030262, 0.5390145811153109, -0.35945102449917005, -0.16837647459146668] - [0.0978627931676594, 0.017463310226900723, -0.1688510164547282, 0.053524871833078795]
B1: 5.375572756723088e-09 - 4.230200116227168e-08 - 1.1322331465280287e-08 - 1.3666943356351133e-08
B2: 3.867698151463965e-09 - 1.7896555943695578e-08 - 1.5821808868604464e-08 - 5.638958632747074e-09
