Number: 5227
Error: 1.2623825824104972e-15
A1: [0.06621318969276223, -0.11395207187739821, -0.023983942275429142, 0.07172287614715499] - [0.03740254536152671, 0.18819330564478848, -0.14740901241581023, -0.07818707582029391] - [-0.06022921798926393, 0.3289509473971743, -0.12775295963848204, -0.1409681729709271] - [0.03904610910680103, -0.053322733554192814, -0.03741863879590008, 0.05169507240776658]
A2: [-0.009108572164484241, -0.34680318162645246, 0.24945509397745902, 0.10645668368729229] - [0.0800398021215848, 0.0362822315005074, -0.05025013810259361, -0.06607198555726213] - [-0.042452840282572755, 0.2308318681047661, -0.040531267861367064, -0.14784786200390107] - [0.06813472324039324, -0.29346791336415995, 0.14177118045812553, 0.08356179818548054]
B1: 5.868856320146171e-08 - -4.007363528450797e-08 - -1.5669721741810936e-08 - 7.88052070983631e-10
B2: -2.945626472608502e-08 - -1.671710456301189e-08 - -1.820889162977686e-08 - 4.446187936213607e-08
