Number: 2355
Error: 1.3983836653019404e-05
A1: [0.07113612017555865, -0.041687482198649775, -0.01787230495006799, 0.01466231026728081] - [0.04497736898945032, 0.19236866318755827, -0.14175597126218095, -0.09110514437707172] - [-0.12451765806573874, 0.41436302710262823, -0.10542493568960007, -0.18808481478543992] - [0.034216330926007885, 0.016732301567235337, -0.035363898320293775, -0.02595824487518532]
A2: [0.01989729097782276, -0.2163908818586107, 0.043389279768705546, -0.019101523954803586] - [0.03124996683724964, 0.2021754907435678, -0.09982531114100189, -0.12602279002911596] - [-0.0681271918810745, 0.5388801889504643, -0.19991656288040946, -0.17017480975248067] - [-0.016254071865032298, 0.028458691295391428, -0.03998353095015002, 0.06676047456573767]
B1: -0.002801896626239212 - -0.0020168163123469914 - 0.002650743751777436 - 0.014922293785631553
B2: 0.004198287715403382 - 0.004097266426762177 - 0.0034182876738180906 - 0.0023973589799863465
