Number: 4311
Error: 1.0011124550837464e-15
A1: [0.06621328884934535, -0.1139519749366593, -0.023983843196644032, 0.07172297513736722] - [0.03740260246263125, 0.18819336020098976, -0.1474089562810795, -0.07818701968057239] - [-0.06022923450584199, 0.3289509315338882, -0.12775297580070946, -0.14096818904648795] - [0.039045952799474176, -0.05332288191532603, -0.03741879001810859, 0.05169492241349992]
A2: [-0.009108626214698693, -0.34680323896532134, 0.24945503949015213, 0.10645662701852687] - [0.08003992586165573, 0.036282364803928206, -0.05025000286191841, -0.06607184916816336] - [-0.04245269034192342, 0.2308320335884046, -0.04053110717920944, -0.14784769617541899] - [0.0681348013985195, -0.293467827308838, 0.14177126518927943, 0.08356188581486286]
B1: 3.4417321247651836e-08 - 4.004905732331235e-08 - 9.944090576026152e-09 - -2.3122766721133298e-08
B2: 1.8242915569516137e-08 - -6.105013534061971e-09 - 2.049676654818581e-08 - 1.537473848754163e-08
