Number: 906
Error: 2.2589594308001628e-09
A1: [-0.012097115713315058, -0.014459505986276986, 0.018149450640363784, 0.008643146161557149] - [0.06577631069473534, 0.18943857576336284, -0.1453834905968686, -0.11007416468110438] - [-0.09619180826888363, 0.42188388816920586, -0.05334746940323113, -0.271917804952471] - [-0.0011074338563079689, -0.018013317705494723, -0.0036072395273394203, 0.023624258039290538]
A2: [0.16148428058610936, -0.1678551159689706, 0.008401078731885664, -0.002432722644150935] - [0.035586397356635026, 0.20761577790495922, -0.11711016656852964, -0.12569354468282187] - [-0.08627311490965632, 0.5814799149336071, -0.23544658961697415, -0.25999349643310465] - [-0.0037716772141591914, -0.004457006467240531, 0.001172936280403623, 0.007303972591503639]
B1: -2.4907493629993832e-05 - 3.860129234615625e-05 - -1.7831970690511795e-05 - 1.0153690408874628e-05
B2: 0.00012472581321203152 - -0.00025483796588871265 - 6.789558443862735e-05 - 3.406684285175502e-05
