Number: 8234
Error: 8.497196599657877e-16
A1: [0.08043163287756748, -0.18046786255173133, -0.01958890871846766, 0.1196249199370276] - [0.03741561899621715, 0.13359642514795736, -0.13472614727340193, -0.03628578611645946] - [-0.0017028084036574205, 0.2281901271156684, -0.12282837205161412, -0.10365889961816593] - [0.03886317921196408, -0.11448107361463558, -0.0464164965777737, 0.1220341727700764]
A2: [0.03530735561194996, -0.029273563488112896, -0.07569743309704619, 0.06966331621932878] - [0.1028937191033863, 0.2828966694299259, -0.3926064267828748, 0.006815962948312072] - [-0.011187038839163133, 0.5390146522036302, -0.35945095761127505, -0.16837640012751717] - [0.09786279108176225, 0.017463308131513436, -0.16885101844036882, 0.05352486964358889]
B1: -5.042273231578362e-08 - 1.1188841310781298e-08 - 1.2439677574510167e-08 - 1.0752738562580731e-08
B2: -3.0934723989516144e-08 - 2.2216704115910193e-08 - 1.983517254942723e-08 - -2.8085653061941183e-08
