Number: 7451
Error: 1.0473948569926135e-15
A1: [0.08043172357222096, -0.18046777186732224, -0.019588818132206743, 0.11962501062135912] - [0.037415631027103526, 0.13359643716968506, -0.13472613526663618, -0.036285774092329096] - [-0.0017027809924876035, 0.22819015452626093, -0.1228283446805712, -0.10365887221430461] - [0.03886327195387743, -0.11448098113297957, -0.04641640389494296, 0.12203426545436168]
A2: [0.03530737493820151, -0.0292735441084608, -0.07569741472179747, 0.06966333644623417] - [0.10289375913782335, 0.2828967098041307, -0.3926063880620778, 0.006816004870193629] - [-0.011187015972587732, 0.5390146752066484, -0.35945093596762995, -0.16837637603212502] - [0.09786283208103139, 0.01746334931730628, -0.168850979411685, 0.053524912679449144]
B1: -2.751465121871136e-08 - 9.346799669070969e-09 - 2.367210995941117e-08 - 7.349735801651628e-09
B2: 3.217607241892932e-09 - 4.418126142704395e-09 - 1.1393773834053563e-08 - 4.336542678326664e-09
