Number: 6644
Error: 1.1603488467434897e-15
A1: [0.08043167781746191, -0.1804678176168933, -0.01958886383224994, 0.11962496487182932] - [0.03741560587571576, 0.13359641203733483, -0.13472616036791069, -0.03628579922978263] - [-0.0017028866035365858, 0.22819004891746641, -0.12282845013698993, -0.10365897779717277] - [0.03886326372968197, -0.11448098933408814, -0.046416412113887515, 0.1220342572352842]
A2: [0.0353074419741121, -0.029273476887150963, -0.07569735098486507, 0.06966340660654745] - [0.10289374550838043, 0.2828966960590041, -0.3926064012443075, 0.006815990598169724] - [-0.011187115990870408, 0.5390145745918153, -0.35945103063716993, -0.16837648142481546] - [0.09786280225556242, 0.017463319356170678, -0.16885100780361612, 0.05352488137243372]
B1: -2.7036549523364765e-09 - 2.134218131716673e-09 - -7.9140320905803e-09 - -4.854897970434175e-09
B2: -2.11898099517086e-09 - 1.498153443477653e-08 - -4.883389264815112e-08 - 2.4286602594650047e-08
