Number: 925
Error: 9.470604916856e-09
A1: [-0.01243092633091028, -0.014802371571199697, 0.017780463510540086, 0.008286413633445292] - [0.06585515801833264, 0.18951441732172722, -0.14530196572261034, -0.10998638176398734] - [-0.09616158343960961, 0.42191308477484846, -0.05331468977534854, -0.2718826085973907] - [-0.0011388357751649732, -0.018043524221570423, -0.0036406693724291166, 0.023588008719404936]
A2: [0.16154973492967417, -0.1677909227151093, 0.008465163145990934, -0.0023689715763954857] - [0.035464674813459864, 0.20749600981331248, -0.11723137953223393, -0.125812628651459] - [-0.0862021091453379, 0.5815494482390059, -0.23537752193712339, -0.25992430095268915] - [-0.003808309605413642, -0.004493012996085089, 0.001136692487760585, 0.007268912090801063]
B1: -1.7929528354316757e-06 - -5.946031526934274e-05 - -2.7593354395099602e-05 - -5.3245894266196876e-05
B2: 7.82826297879925e-05 - 0.00014616545956284594 - 3.284862521580829e-05 - -2.4247389732384887e-05
