Number: 3958
Error: 8.255414907476355e-16
A1: [0.06621322149900083, -0.11395204078193429, -0.023983910494128083, 0.0717229079000534] - [0.037402596518105784, 0.18819335452139532, -0.1474089621250123, -0.07818702552501844] - [-0.06022923261498409, 0.32895093334993625, -0.12775297395041316, -0.14096818720620086] - [0.03904622100636535, -0.053322627343489734, -0.0374185305369238, 0.05169517978778767]
A2: [-0.009108557889248473, -0.34680316648274906, 0.24945510836848755, 0.10645669865397325] - [0.08003979530476342, 0.03628222415675454, -0.05025014555316363, -0.0660719930710534] - [-0.042452761200098464, 0.23083195538501866, -0.04053118311359022, -0.14784777454180428] - [0.06813476951551678, -0.29346786241341993, 0.1417712306250199, 0.08356185006814346]
B1: 9.972639761162759e-09 - -1.3422637114506676e-08 - 8.694515839104994e-09 - -1.9784811552521257e-08
B2: 1.4176225514500349e-08 - -3.039890846108541e-08 - -3.775137936105042e-08 - 5.0121609651123155e-08
