Number: 6569
Error: 9.992366727103682e-16
A1: [0.0804316820905765, -0.18046781334426273, -0.0195888595642448, 0.11962496914445583] - [0.03741557011475789, 0.1335963763034424, -0.13472619605761424, -0.03628583497093103] - [-0.0017027890180276663, 0.2281901465008949, -0.1228283526943612, -0.10365888023770738] - [0.03886320413067796, -0.11448104876583512, -0.046416471674914694, 0.12203419767332183]
A2: [0.03530743186156149, -0.02927348702767185, -0.07569736059974524, 0.06966339602266218] - [0.10289373504503158, 0.28289668550685126, -0.3926064113643204, 0.006815979641512131] - [-0.011187110286357108, 0.5390145803303538, -0.35945102523772454, -0.16837647541377015] - [0.09786279745164955, 0.017463314530406112, -0.16885101237662775, 0.05352487632988623]
B1: -1.5864678331893184e-09 - -1.6261187291378122e-09 - -1.952948284360132e-09 - -3.014483382791914e-09
B2: -2.4798492953763e-09 - -1.3257472861695371e-08 - 2.595272899533519e-08 - -1.82514890254366e-08
