Number: 6346
Error: 1.1918765946113022e-15
A1: [0.08043171079483281, -0.1804677846432553, -0.01958883089430888, 0.11962499784543495] - [0.03741562795032851, 0.13359643409524155, -0.1347261383372811, -0.0362857771673964] - [-0.0017027567072365433, 0.22819017881099593, -0.12282832043087956, -0.10365884793553966] - [0.03886329486455576, -0.11448095828659226, -0.04641638099885481, 0.1220342883508071]
A2: [0.03530740540771119, -0.029273513554693643, -0.07569738575171066, 0.06966336833581997] - [0.10289381958806648, 0.28289677076741704, -0.3926063295954203, 0.006816068170451913] - [-0.011187020064913464, 0.539014671089935, -0.35945093984120824, -0.16837638034423774] - [0.0978628230818889, 0.017463340277228748, -0.1688509879783079, 0.05352490323330393]
B1: -2.142787099375831e-08 - 2.3784480414614704e-08 - 1.5812171934816422e-08 - -7.209720557074905e-10
B2: -8.230865739511241e-09 - -9.414120902086804e-09 - 2.9717901854495463e-08 - 1.4115508000480922e-08
