Number: 3218
Error: 0.014075624380821536
A1: [-0.1526131765019903, -0.30348118849709205, -0.262469156419678, -0.1846432872703071] - [-0.049494617177767035, 0.11117117554703936, -0.21519712518558168, -0.12538913602080493] - [0.10013483512714005, 0.6228207822311855, 0.12521404724756527, 0.12517018790925744] - [0.16908833672719448, 0.16213842379373655, 0.14591331243046032, 0.2533637548596173]
A2: [0.4183162291384038, -0.15426457832715026, 0.3382093416071459, 0.12382702344301916] - [-0.06452833062430577, -0.04693740500482108, -0.23097767212534337, -0.3134977856886826] - [-0.051602971484243754, 0.24850073446605375, -0.2913979917012489, -0.4123157372673803] - [-0.12959778262280977, -0.3863800752475625, -0.2759773863729171, -0.3333920787523264]
B1: -0.2540597290957755 - -0.4237882618994288 - -0.27669892525076917 - -0.24484519506917063
B2: 0.04041444612642335 - -0.25546041062783914 - -0.10536804285457077 - -0.17094112186850627
