Number: 226
Error: 8.637674703911639e-07
A1: [-0.008134749234404073, -0.01041171509311703, 0.022519482002830195, 0.012877037092599172] - [0.06898960787055934, 0.19252631709047066, -0.14206083457432522, -0.10649518634580488] - [-0.09649104831739104, 0.4216144516635482, -0.05366028702592524, -0.27225709221399236] - [-0.004745384619431355, -0.021526236963213645, -0.007489557835868965, 0.01939336199106041]
A2: [0.1626318776685279, -0.1667219874966662, 0.00955144176825433, -0.0013332436731341567] - [0.0398290247343484, 0.21179509990262577, -0.11288131351023761, -0.12154432719717924] - [-0.08674509862744412, 0.5810092464886082, -0.23591357360562223, -0.26047845666461467] - [-0.004695850784965746, -0.005365487400585011, 0.00025982666313132926, 0.006412652251600586]
B1: -0.0006382483557104358 - 0.00012361360067666342 - -0.0004413922385680003 - -0.0004163968665666742
B2: -0.0029836440590025734 - -0.00034072911613376684 - 0.002595408968297946 - 0.0004115073866639994
