Number: 1998
Error: 6.194459476498821e-05
A1: [-0.013650246254431852, -0.021716403514371777, -0.005382064171792267, 0.012539633204793767] - [0.04744631196528614, 0.17130334688220547, -0.16656879153721976, -0.1312781411103881] - [-0.1095871987327086, 0.4448672372550781, -0.06819458543594191, -0.25395013790413473] - [-0.030799503301955168, 0.008699557244506193, -0.03685600603441144, 0.03286278052897304]
A2: [0.11637299750966827, -0.2410385379929444, 0.0074448107093357365, 0.05522890972766504] - [0.02223744042497868, 0.19274736440520762, -0.12559007876145276, -0.13227561679321656] - [-0.08320982909331602, 0.5647903101468617, -0.2243782448026141, -0.2160303190225527] - [-0.03636860824408637, -0.03581299956659761, -0.007833659672547563, 0.01612750497511842]
B1: -0.0063620213427319425 - -0.014864747439836115 - -0.00804538347002048 - -0.01107154759624328
B2: -0.002275006687612752 - -0.007953088892690073 - 0.0001725609358396602 - -0.0035157336258331345
