Number: 7553
Error: 1.0681594137823696e-15
A1: [0.08043172943741964, -0.18046776600278958, -0.01958881227402241, 0.11962501648588594] - [0.03741560793846279, 0.13359641409851764, -0.13472615830927295, -0.03628579716818145] - [-0.0017027483485416652, 0.22819018716950853, -0.12282831208442276, -0.10365883957907318] - [0.03886325786819806, -0.11448099517913116, -0.046416417971647965, 0.12203425137743483]
A2: [0.03530736468698347, -0.029273554388030715, -0.0756974244685414, 0.06966332571723963] - [0.10289365290457064, 0.2828966026692776, -0.39260649080953025, 0.006815893628512868] - [-0.011187228870376252, 0.5390144610390354, -0.3594511374801722, -0.16837660036978735] - [0.09786269903967011, 0.01746321567079626, -0.16885110605853965, 0.053524773029432225]
B1: -6.644818459501774e-11 - -2.040840592825952e-08 - -1.6823462515843468e-08 - -1.4577073798799517e-08
B2: -7.008076586889438e-10 - -1.5865795007355458e-08 - 1.905086969470986e-08 - -1.3864532973262204e-08
