Number: 3836
Error: 8.976758483027774e-16
A1: [0.06621315362934328, -0.11395210713492265, -0.023983978310528644, 0.07172284014429357] - [0.03740259237128891, 0.18819335055939312, -0.14740896620165544, -0.07818702960202081] - [-0.06022923200344301, 0.32895093393728975, -0.12775297335201627, -0.14096818661102253] - [0.039046031278961876, -0.05332280742553873, -0.037418714091809954, 0.0516949977233339]
A2: [-0.009108587435393532, -0.34680319782660235, 0.24945507858327623, 0.10645666767644016] - [0.08003978350068928, 0.03628221144037802, -0.050250158454358304, -0.0660720060817804] - [-0.04245282415374434, 0.2308318859054463, -0.040531250577225314, -0.14784784416618058] - [0.0681347399929398, -0.29346789491907216, 0.14177119861969964, 0.08356181696787322]
B1: 1.4312502565037935e-09 - 1.0318605262956605e-09 - 5.165000714367866e-10 - -8.558083033841699e-09
B2: -1.2704126025018378e-08 - -1.3954638220327214e-08 - -4.96319215809339e-09 - 2.9729684052743634e-08
