Number: 3565
Error: 1.3019489669584175e-11
A1: [0.0662053187745933, -0.11395976704599556, -0.02399180733136429, 0.07171501848735862] - [0.03740002684890356, 0.1881908993074074, -0.14741148840378138, -0.07818955171665083] - [-0.06022430963036508, 0.32895566169142076, -0.12774815591330302, -0.14096339624058768] - [0.039045992941326, -0.05332284371666939, -0.03741875134596661, 0.051694960829811586]
A2: [-0.009104149691277928, -0.3467984899489696, 0.24945955240980475, 0.10646132035080455] - [0.08004992078169514, 0.036293132316366605, -0.05023907898233219, -0.06606083259368616] - [-0.04247211777482828, 0.23081059216063057, -0.04055192716874397, -0.1478691822646537] - [0.06816880325972026, -0.29343038976039104, 0.1418081272357022, 0.08360000864302615]
B1: 1.286676597229964e-06 - -1.8994546214525403e-06 - -7.182042061501285e-06 - 3.6259607302331007e-06
B2: 1.0098388749926746e-06 - 3.5688908072852956e-07 - -2.1909517453075293e-06 - -1.7433607305660227e-06
