Number: 8699
Error: 3.0260455300731795e-13
A1: [0.08043195127448978, -0.18046754419054387, -0.01958859070207337, 0.11962523829772001] - [0.037415433546564895, 0.13359623983875926, -0.13472633235342074, -0.036285971463343] - [-0.001702930193832253, 0.22819000532828732, -0.12282849366339599, -0.10365902137578475] - [0.038863604531413264, -0.11448064948838105, -0.0464160715291508, 0.12203459782535267]
A2: [0.035307684799623484, -0.029273233390021126, -0.07569712010861525, 0.06966366074895196] - [0.10289248664576148, 0.28289542651251554, -0.3926076188017117, 0.006814672387737323] - [-0.011187310344677069, 0.5390143790787196, -0.3594512145979282, -0.16837668622148136] - [0.09786285387094479, 0.017463371206246716, -0.1688509586689404, 0.05352493555159417]
B1: -2.649484691994145e-07 - 2.6507577476851163e-07 - -1.2783568452731478e-07 - -2.207606002086268e-07
B2: 3.4427268370442896e-07 - 6.422139373370756e-07 - 5.684210419601694e-07 - 2.595769951461168e-07
