Number: 4775
Error: 5.131077779116898e-16
A1: [0.06621321925322626, -0.11395204297752837, -0.023983912738166406, 0.07172290565800392] - [0.03740265382281266, 0.18819340927217285, -0.14740890579008287, -0.07818696918512874] - [-0.06022935523518244, 0.32895081558003864, -0.12775309393929818, -0.14096830654949813] - [0.03904610552340723, -0.05332273695549634, -0.03741864226277369, 0.051695068969076836]
A2: [-0.009108618972822563, -0.3468032312828184, 0.2494550467905496, 0.10645663461116968] - [0.0800398403912596, 0.03628227272785663, -0.0502500962761187, -0.06607194337560122] - [-0.042452823634454816, 0.23083188647860284, -0.040531250020569135, -0.14784784359179654] - [0.06813477040790944, -0.2934678614308623, 0.14177123159224783, 0.08356185106869302]
B1: 2.646026448524876e-08 - 3.0262634921481e-08 - 2.0819617753153908e-08 - 2.4554737081932127e-08
B2: -4.20790463385928e-09 - 2.24156353364963e-08 - 4.324627186447627e-08 - 4.151395132757491e-08
