Number: 2837
Error: 9.904072824877585e-09
A1: [0.06367576767348704, -0.04763151905421536, -0.023204285523917408, 0.00809501155688255] - [0.043643424066756926, 0.19125318648415263, -0.14258315848051498, -0.09253182802861779] - [-0.12272714310486912, 0.4155764008146819, -0.10413842594635411, -0.18635528442859597] - [0.03746148278760028, 0.019625791079050135, -0.03267531957631579, -0.02259706990475456]
A2: [0.06391917271651204, -0.1732106449539934, 0.08679934877544063, 0.02442911896635493] - [0.02955969528825114, 0.20056442903083074, -0.10144124716410577, -0.12760891168543498] - [-0.09313223981019729, 0.5139543847825858, -0.225327655855092, -0.19482888860625108] - [-0.025785299365290962, 0.01866168936142518, -0.05014499565904436, 0.057115736613426206]
B1: 1.8694259451995964e-05 - 9.262402554981618e-05 - -0.0001586183054960114 - 5.706107322313633e-06
B2: -8.868999922031424e-05 - 2.2711355237684747e-05 - -0.0001468199537046832 - -5.2526065308922344e-05
