Number: 5688
Error: 0.009773580311782108
A1: [0.041799883093060285, -0.1369577761582368, -0.04830875888234065, 0.04847347627882259] - [0.09954390687307732, 0.24967523097304778, -0.0858617762427569, -0.015819332201069763] - [-0.15380155547603097, 0.21531148531099012, -0.23626383511830243, -0.2648928356041994] - [0.03458958922956098, -0.045793269015157116, -0.03489418443237151, 0.06292786896246225]
A2: [-0.07186599877104642, -0.4164378287369617, 0.17937381998663326, 0.05300008999815417] - [0.08553865773534411, 0.04278504870722449, -0.041610092302355454, -0.0593860199001556] - [-0.05027312123729665, 0.22141803410283714, -0.046854879822064315, -0.15209590388503574] - [0.07392114636035821, -0.28673456600950625, 0.16004743597702886, 0.08695319337033362]
B1: -0.051826665919237 - -0.07399618006267848 - -0.0576362886099509 - -0.05447939266804833
B2: 0.04499487390272665 - 0.1119048001124481 - 0.058639395823617185 - 0.0189771743234632
