Number: 2788
Error: 1.1032437836095698e-08
A1: [0.06323699704034343, -0.04806911634807928, -0.023639556807864497, 0.007658930456902072] - [0.043683659580061256, 0.19129183691083937, -0.1425419364095801, -0.09248811638795984] - [-0.12360594206861676, 0.41470130741114697, -0.10501990579525161, -0.18723276734950461] - [0.03663699841388227, 0.018800623301160203, -0.03349801563177838, -0.023415369203690226]
A2: [0.06267997055183978, -0.17444355104474865, 0.08556548599696213, 0.023206693905972433] - [0.029418316724719527, 0.20042518202382664, -0.1015822347332935, -0.12774738304659267] - [-0.09304692447302595, 0.5140382601481533, -0.22524236914494963, -0.19474659139611772] - [-0.0250481449226188, 0.01939526392970031, -0.04940817715971044, 0.057832716888492605]
B1: -0.00022371360066113756 - 3.804010664063443e-05 - 9.996281674893639e-05 - -2.094844754736968e-05
B2: 4.8708166908976815e-06 - -4.084947916116831e-05 - -0.00010245829672380342 - -6.138971593611656e-05
