Number: 1723
Error: 4.605447669396312e-07
A1: [-0.0066068477613350236, -0.01441703579431521, 0.0036009586366882304, 0.020037188422587685] - [0.06641627364375019, 0.18949003426124725, -0.14715993377656242, -0.11031950074177704] - [-0.11461601375625288, 0.43977321291247423, -0.07291365662153208, -0.2603048412070173] - [-0.025073767135213986, 0.013652359679490288, -0.031675838980235876, 0.03710236330662785]
A2: [0.13199573788310168, -0.22420506647890487, 0.02307647149980531, 0.07055893987136042] - [0.03358543379603525, 0.20467443100771224, -0.11395248704693084, -0.1205340228626731] - [-0.0926597858934121, 0.5574941740945634, -0.2332654543356459, -0.22370946488898066] - [-0.021482734440569546, -0.019908513347946584, 0.007474689820397569, 0.03155185836232912]
B1: 0.0003108166993647188 - 0.0005184333040626856 - -0.0005680927528070073 - 0.0005599402740806969
B2: 0.00033241286646265556 - -0.0005111113911990207 - -0.0006363687585348785 - -0.0005744122970437605
