Number: 4068
Error: 1.0453054456591138e-15
A1: [0.06621316834107102, -0.11395209275195771, -0.0239839636103407, 0.07172285483133507] - [0.03740262823497676, 0.18819338482471473, -0.14740893094489174, -0.07818699434214332] - [-0.06022938824579362, 0.32895078387516885, -0.12775312624151924, -0.14096833867818764] - [0.03904612768744146, -0.053322715918280736, -0.03741862081985855, 0.05169509023793421]
A2: [-0.00910852693961406, -0.34680313365002124, 0.24945513956852092, 0.10645673110298609] - [0.08003982440171795, 0.036282255502513745, -0.05025011375184765, -0.06607196099969212] - [-0.04245272588658849, 0.23083199435919066, -0.04053114527025519, -0.14784773548641314] - [0.06813472586474625, -0.2934679104748349, 0.141771183303348, 0.08356180112755356]
B1: -1.924662271667746e-08 - -5.028255937424636e-09 - 3.95104617012237e-08 - -1.3348976452913356e-08
B2: -6.011743910439455e-09 - 1.958313210264019e-08 - -3.921413843287189e-09 - -1.277431209198413e-08
