Number: 1964
Error: 1.6550739282906505e-05
A1: [-0.02442242446656541, -0.03184648348773943, -0.014270895026416479, 0.002314511788123589] - [0.05189473998325651, 0.17549747466803295, -0.16226073164493854, -0.126583428258755] - [-0.12550997126081256, 0.4291262772096819, -0.08427885135169429, -0.2719126508349479] - [-0.02512095821507893, 0.013192380263917967, -0.03255217991096855, 0.03665479169159845]
A2: [0.14711393971902648, -0.21022106755290104, 0.037114237944760285, 0.08392519136564908] - [0.04047979822822248, 0.2114545571154657, -0.10711526467222846, -0.1138682894517672] - [-0.09462052646904699, 0.5558483269312491, -0.23506365289019265, -0.2251693623235183] - [-0.02551785836194928, -0.02377126042768355, 0.0034717754898627388, 0.027806974722345022]
B1: -0.0012511578928356415 - 0.005065441820528551 - 0.008866067717287568 - 0.0034184472613741504
B2: -0.0021031592351733585 - 0.017517273025896597 - 0.0007348689166083021 - 0.003527393413644893
