Number: 1452
Error: 2.903696325964363e-09
A1: [-0.007184336948820168, -0.014990580873029149, 0.0030004551026946175, 0.019458027635969245] - [0.06683424910525038, 0.18989165844591932, -0.14672734092460557, -0.10985400286267458] - [-0.11270534454675175, 0.4416675935924542, -0.07091454285999442, -0.25822979911871674] - [-0.023452579847497393, 0.015262294450743657, -0.030019749956096773, 0.03882362674126651]
A2: [0.13171406277404293, -0.2245025468729184, 0.022792382570542075, 0.07028561921365163] - [0.0326361165318928, 0.2037392713071158, -0.11489837659106379, -0.12146737224251994] - [-0.09475763861756323, 0.5554071952048116, -0.23533497657660535, -0.2257676389720192] - [-0.02083351284044955, -0.019281848591118284, 0.008111988420906277, 0.03217574630361256]
B1: -5.2737083244907515e-05 - -3.965482227508011e-05 - -2.92802595604062e-05 - -8.268193639325919e-05
B2: 1.4659311284332393e-05 - -1.8273134122662134e-05 - 3.082202888810916e-05 - -3.1430749369557064e-05
