Number: 5641
Error: 1.0845953596712423e-05
A1: [0.06606715662200337, -0.11409852612789131, -0.024131366037360193, 0.07157044561299196] - [0.036103969315791934, 0.18694648243816728, -0.14868763376612304, -0.0794672366782183] - [-0.06327850327750698, 0.3260147573347574, -0.13073960319203398, -0.1439494204385083] - [0.039368479850528826, -0.05302679500944288, -0.03710692483525707, 0.05200471469410309]
A2: [-0.01652353688162312, -0.3546570501064318, 0.24195020924529453, 0.0986895866298692] - [0.07851695172623543, 0.0346443797386315, -0.05192391345273169, -0.06775248114511302] - [-0.0472024057922253, 0.2255971708324695, -0.04564543300484202, -0.15310266773523581] - [0.05870226006668071, -0.30384503274930935, 0.1315208076063614, 0.07298798733146518]
B1: 0.002023093069282397 - 0.0009944058957642064 - 0.002098489529545243 - 0.0036995765141329515
B2: -9.042834477861607e-05 - -0.001101829139034171 - -0.00020138890232534968 - -0.001073465831592427
