Number: 2687
Error: 2.482646915712321e-09
A1: [0.0639200312208367, -0.04738936733099083, -0.022963105915256635, 0.008337023299789232] - [0.04372140029964591, 0.19132817196090682, -0.14250309139464493, -0.09244666182047781] - [-0.12304389704900436, 0.41526248176862424, -0.10445213898743629, -0.18666673601082945] - [0.03643681328012747, 0.018600711171078563, -0.033697017986879435, -0.02361384694498597]
A2: [0.06335881089627667, -0.17376718925453247, 0.08624486349509078, 0.02387924334919471] - [0.029232143928192116, 0.20024165934784527, -0.10176785067745013, -0.12792956268439548] - [-0.09330969523957888, 0.5137810549885483, -0.22550665954760576, -0.19500008564363078] - [-0.02581308450105463, 0.01863527998329431, -0.05017618109546751, 0.05708934448835148]
B1: 2.5215205521905594e-05 - 7.524531489410123e-05 - 0.00011222112863406395 - 9.650707171482439e-05
B2: 0.00023689947070086766 - 6.345224381469496e-05 - -0.00017012695192248064 - 7.357306116060824e-05
