Number: 1609
Error: 3.442668721080609e-07
A1: [-0.00882292090714333, -0.016642856243532095, 0.00129863662093257, 0.01776773690132871] - [0.06512262529541626, 0.18824506520654916, -0.1484972802053817, -0.11175705344595388] - [-0.11560351824889423, 0.43882607877415863, -0.07393098832285162, -0.2613669349295894] - [-0.02498031511622661, 0.013759992927822566, -0.03157861555119638, 0.037206367216541227]
A2: [0.13176639810794394, -0.22445524189313995, 0.022840220481922406, 0.07033366814347942] - [0.03262638869571859, 0.20372956594667016, -0.11490724064247135, -0.1214765424718691] - [-0.09451774652636889, 0.5556436488905255, -0.23509854907164887, -0.2255325453406054] - [-0.020199128018351227, -0.018667618343786635, 0.008731582618816514, 0.03278016215565517]
B1: 0.00042492962916196536 - -0.0001764170034024824 - 0.00026026141819841163 - 0.0005428285144992101
B2: -5.5597051606596387e-05 - -0.00031854610373992286 - -0.00023882402480240435 - -0.0002787831680682748
