Number: 1289
Error: 9.312893449285947e-09
A1: [-0.008213912777372757, -0.016029153324877143, 0.0019302534569118081, 0.018400557657393388] - [0.06686996723492523, 0.18992593394971308, -0.1466905665960135, -0.10981424399471541] - [-0.11361264656315255, 0.44077914976699967, -0.07185925495131744, -0.2592123466822876] - [-0.024411166863432164, 0.014321051709644384, -0.030997492403718335, 0.03781172981313159]
A2: [0.13120208043412535, -0.22500756906869937, 0.022289423554539004, 0.06978521106262854] - [0.03243664730519782, 0.2035429377539765, -0.11509713964020075, -0.12166250436761933] - [-0.09533746690394716, 0.5548362231652691, -0.23590500873972362, -0.22633751894101548] - [-0.02136111452509977, -0.019803509449496482, 0.007589249326268462, 0.03166884023443997]
B1: 7.322813390079743e-05 - 2.3366578781200138e-05 - 0.00014259287263358798 - 3.9762306786173976e-05
B2: -6.447433113066815e-06 - 0.00026267395653030955 - 6.389378550071251e-05 - -4.907009937207536e-06
