Number: 2775
Error: 3.7237270259705494e-09
A1: [0.06372514995668284, -0.04758295240357139, -0.023155990897786295, 0.008143368690554641] - [0.0437945026355372, 0.19139874853577066, -0.14242788032356224, -0.09236636488070249] - [-0.12369416981496731, 0.41461366538219396, -0.10510819367434857, -0.18732073729735513] - [0.036861100127529654, 0.019025181345854958, -0.03327389601628398, -0.023192582264601965]
A2: [0.06299526936474345, -0.17412929438606994, 0.08588114485324151, 0.0235188482548278] - [0.029245003089189023, 0.20025439924423227, -0.10175501611059633, -0.1279170782743991] - [-0.09346798220775354, 0.5136250208749769, -0.22566415488637298, -0.19515452960277746] - [-0.02579337884007965, 0.018653953600526983, -0.05015438089416873, 0.05710691317865175]
B1: -0.00011356019711815268 - 0.000113593004749628 - 2.6349263007278433e-05 - 3.341051884035392e-05
B2: 2.5118153974276623e-05 - -9.798685377451504e-05 - 4.900630991347403e-05 - -6.510415889798195e-05
