Number: 8594
Error: 1.152495271334086e-15
A1: [0.08043170554264813, -0.1804677898948218, -0.019588836140229802, 0.11962499259386412] - [0.037415563756542154, 0.1335963699501067, -0.1347262024029334, -0.036285841325500334] - [-0.0017027571861537116, 0.22819017833207975, -0.12282832090910005, -0.10365884841431794] - [0.03886325153594318, -0.11448100149353044, -0.04641642429984325, 0.12203424504917855]
A2: [0.035307523540767195, -0.029273395094879164, -0.07569727343209025, 0.06966349197459172] - [0.10289364376751262, 0.2828965934547266, -0.3926064996468291, 0.006815884060781707] - [-0.011187142108799222, 0.5390145483180935, -0.35945105535849176, -0.16837650894604222] - [0.09786278263676645, 0.017463299648107694, -0.1688510264794837, 0.0535248607791028]
B1: 4.2553659193459723e-08 - -2.616158033945493e-08 - 1.1178797179972551e-08 - -2.084538273148958e-09
B2: 1.147215086311645e-08 - -8.971824096964981e-09 - 3.31882508471899e-08 - 1.5039741872284496e-08
