Number: 2219
Error: 0.0006263679850315411
A1: [0.003167192287945715, -0.09200582437994098, -0.06347831340351848, -0.02469164630724186] - [0.03325960873031045, 0.16734829364185178, -0.17650283655825416, -0.12943806947271533] - [-0.2154803468420489, 0.33458252643679665, -0.1846302104360226, -0.27197602538155674] - [-0.02518774573969474, -0.01959832804274492, -0.06278562666783769, -0.06130333375194137]
A2: [-0.027229345931001257, -0.31531544046297544, -0.021727551019370094, -0.07347817956114727] - [0.05898880898997949, 0.22641429369716523, -0.07171106481569958, -0.10171014415323298] - [-0.08413827139504966, 0.5427746292236264, -0.19891935252863993, -0.18749320069303138] - [0.07412441893079968, 0.15109529396023408, 0.06987207616965448, 0.16878340308968362]
B1: -0.036949553327748574 - -0.02690368439116888 - 0.022063459326488392 - 0.03951665139499616
B2: -0.027575331739954426 - 0.00921871507869714 - -0.0070716265629964924 - -0.026352650321687536
