Number: 9336
Error: 1.2089833114970743e-10
A1: [0.05312282374556011, -0.14805101402087184, -0.027048716930677716, 0.12177807355512403] - [0.005356961686458977, 0.1308799816909882, -0.113557510778101, -0.022506466706031077] - [-0.014543423461255965, 0.22299263572638992, -0.12714004577624982, -0.08170491081398201] - [0.02713838261494576, -0.10002811386692122, -0.049432601786016495, 0.12229002218706592]
A2: [0.08931151109429784, -0.07285645104467312, -0.12357166009839743, 0.10734413713073895] - [0.1088374549160465, 0.24980991229149974, -0.40484948109444985, 0.04618513754339129] - [0.036691265533087956, 0.4626101665632383, -0.37766346735124284, -0.12141735912907684] - [0.1435163831009503, -0.04451700620119388, -0.20141171286506238, 0.10277114862172497]
B1: 4.315979962228991e-05 - 9.98077179658841e-06 - 5.539451104198074e-06 - -1.6287903796705182e-05
B2: 1.6735846811082652e-05 - -2.642811469709088e-06 - -1.2385277422912634e-06 - 1.48915813446478e-05
