Number: 1029
Error: 0.000289149107406655
A1: [-0.04951471429473511, -0.06468845376599898, -0.041427278694339875, -0.03395547524245503] - [0.059147558422136995, 0.18249312494421452, -0.15454296781803784, -0.11838933324613725] - [-0.2932222288182134, 0.23450022052705172, -0.281387027339584, -0.48753683263884934] - [-0.2560454734666101, -0.24257231468411342, -0.2793026031313629, -0.23525208327743105]
A2: [0.2501387362418181, -0.09479812607223087, 0.10828147574278048, 0.13569438043116114] - [0.05789206828682661, 0.2282032255738145, -0.09138663206668589, -0.09929209578093703] - [-0.13040475226817907, 0.5314274212806628, -0.2654514033187497, -0.28532692724218894] - [-0.010481648425021566, -0.010945984941710347, 0.007832564934576576, 0.02535870425971677]
B1: -0.003461830816864823 - 0.0010368434503416363 - -0.038370811698646354 - -0.0075244294977685755
B2: -0.056549788187567805 - -0.0031865261270823675 - -0.013266473891883963 - 0.04167376390374458
