Number: 2514
Error: 6.407280411434193e-08
A1: [0.06287621609635795, -0.04842570965207673, -0.023995241291006986, 0.007300727958826597] - [0.04428558851960292, 0.19187152822478348, -0.14192740647153074, -0.09183148851632504] - [-0.12377968735113314, 0.41453156505694677, -0.10518827022779387, -0.18740220217979822] - [0.03692119341413114, 0.019090678772576992, -0.03321182343526559, -0.023132153123633134]
A2: [0.06275729486866266, -0.17437276150544684, 0.08564473889237248, 0.02328475264326043] - [0.029206423450290824, 0.2002181187583194, -0.10179277961297482, -0.12795429468852992] - [-0.09142470641982002, 0.5156388277028473, -0.22361815225130208, -0.19317160658423954] - [-0.022866338736456784, 0.021576048101178646, -0.047229999845560526, 0.05995923672271657]
B1: 0.0002495281965220371 - 8.5640458460026e-05 - 0.000373703571019149 - -0.0004545748860001551
B2: 0.0002530803469184401 - 0.0002112052803514927 - 0.00020989462699252622 - 0.00019206344214729333
