Number: 332
Error: 2.2090420708865465e-09
A1: [-0.012097579350387922, -0.014459843945709887, 0.01814898740095903, 0.008642772640125624] - [0.06574883005276655, 0.1894121418398925, -0.14541191063256978, -0.11010476661709435] - [-0.09655718013206746, 0.4215308493408082, -0.0537439071441198, -0.2723434430528217] - [-0.001588837211454826, -0.018476340080455445, -0.004119672218755339, 0.0230677288841084]
A2: [0.16155025158640746, -0.16779057011817966, 0.008465592289322386, -0.002368635717915071] - [0.03545030649618197, 0.20748187505827423, -0.11724569183175615, -0.12582667080936202] - [-0.08625890178017312, 0.5814936929919126, -0.23543285864952784, -0.2599798021100158] - [-0.0038796237880203846, -0.004563182884159651, 0.0010660961867502508, 0.007200702730643527]
B1: 1.8351755282464142e-05 - -0.0002411760427836802 - 1.7437802988380056e-05 - -9.069159059099964e-06
B2: 0.00010412730692545622 - -0.0001874704266339145 - 5.864935906008192e-06 - -6.922514899748526e-06
