Number: 6426
Error: 9.806506435600507e-16
A1: [0.08043169973885789, -0.18046779569797997, -0.019588841937065646, 0.11962498679072164] - [0.037415598635311985, 0.1335964048024105, -0.1347261675938881, -0.03628580646617557] - [-0.0017028094129064718, 0.22819012610645092, -0.12282837305937867, -0.1036589006271432] - [0.03886322618083996, -0.11448102677755424, -0.046416449638803245, 0.12203421970977936]
A2: [0.0353074398407154, -0.029273479026448695, -0.07569735301326966, 0.06966340437371459] - [0.10289375551966784, 0.28289670615525875, -0.39260639156152344, 0.006816001081453721] - [-0.011187090007034425, 0.5390146007306349, -0.35945100604291186, -0.16837645404473167] - [0.0978628102541634, 0.017463327391154512, -0.1688510001894677, 0.053524889768362956]
B1: -3.2614364281976126e-10 - 5.80946234446207e-09 - 3.3198504953048774e-09 - 1.2515735759345108e-09
B2: 8.460689073513932e-09 - 3.3306019508153807e-09 - 7.106035836085452e-09 - -5.693391620246829e-09
