Number: 79
Error: 0.00028657362156689884
A1: [0.029328577958840654, 0.029836770911581323, 0.06481671861187935, 0.05147860487512186] - [0.10549771434524588, 0.2318006932755712, -0.10818269474491604, -0.07662516780635309] - [-0.0670998884931582, 0.45444440370605466, -0.021498077771160938, -0.24040807425254235] - [0.029781157487608474, 0.017052138597095305, 0.02958941682169172, 0.05541614880103226]
A2: [0.279928274087959, -0.05277358155698619, 0.12388885656695639, 0.11218102319215008] - [0.10141693162359659, 0.2692975680865347, -0.055982573172591865, -0.06538922814158023] - [0.041179776205361444, 0.7075336206005112, -0.11169346271227118, -0.13625286022399885] - [0.24279512815176177, 0.24130418809014953, 0.24619088757666727, 0.2437413948648009]
B1: 0.0183793241361894 - 0.35547248576651674 - -0.0008360581922465194 - -0.021819303597660898
B2: 0.009976412329837966 - 0.3708783552089062 - 0.010053186922556209 - 0.01455607935057576
