Number: 2935
Error: 4.5741866105224584e-08
A1: [0.06348138471019706, -0.04782398102631228, -0.0233964207094163, 0.007901794243966599] - [0.043459331289591036, 0.19107555179136115, -0.14277289808052465, -0.09273386058803595] - [-0.12247104394648801, 0.41583213766295163, -0.10388131929016951, -0.18609938893920036] - [0.03760296331600742, 0.019767918353498757, -0.032534744363707825, -0.02245713399983439]
A2: [0.06344181189511476, -0.17368735811463312, 0.08632144805081389, 0.023955248120228208] - [0.029662465522959792, 0.20066530895466247, -0.10133923609743137, -0.12750883564924212] - [-0.0936177339862715, 0.5134772207600943, -0.2258146704239926, -0.19529961024258044] - [-0.02550752660960954, 0.018936444009290083, -0.049866923345729015, 0.05738701804222664]
B1: 0.00010810897005341362 - 0.0001185401472586161 - -9.975829561627934e-05 - -0.00016761099213750003
B2: 3.097223712335275e-05 - 0.00010352948239808489 - 0.00029063421947276647 - 0.0002049698251237458
