Number: 6434
Error: 8.96149612133745e-16
A1: [0.08043170339162893, -0.18046779204562266, -0.01958883828866227, 0.11962499044307548] - [0.03741560112388878, 0.1335964072891038, -0.13472616511026986, -0.0362858039789773] - [-0.0017028079972045103, 0.2281901275221227, -0.12282837164574952, -0.10365889921181907] - [0.03886322330150506, -0.11448102964880859, -0.046416452516303386, 0.122034216832234]
A2: [0.03530744182532505, -0.029273477036349832, -0.07569735112632898, 0.06966340645082475] - [0.1028937761636373, 0.28289672697443663, -0.39260637159495004, 0.0068160226987126924] - [-0.011187071407038845, 0.5390146194415724, -0.35945098843761986, -0.16837643444525743] - [0.09786281568531247, 0.017463332847008198, -0.1688509950193675, 0.05352489546930385]
B1: -1.7455942137657256e-09 - 1.4384195214772902e-08 - 7.513023694999702e-09 - 2.91723259842251e-09
B2: 1.1996852949341042e-08 - 5.3455848151057295e-09 - 1.0763314864333561e-08 - -6.686287166298192e-09
