Number: 5185
Error: 1.3459601146135708e-15
A1: [0.06621312934339581, -0.11395213087818691, -0.023984002577435628, 0.07172281589907095] - [0.03740256924170252, 0.18819332846067935, -0.1474089889397681, -0.0781870523421722] - [-0.06022922711208661, 0.32895093863523117, -0.1277529685655214, -0.1409681818499727] - [0.03904616891651575, -0.05332267678503694, -0.037418580931982325, 0.051695129801865976]
A2: [-0.009108725249951783, -0.34680334402578405, 0.24945493965343316, 0.10645652318584559] - [0.08003984080315339, 0.03628227317159602, -0.05025009582588208, -0.06607194292159295] - [-0.04245279986618524, 0.23083191271065215, -0.04053122454964236, -0.14784781730506058] - [0.06813475977226265, -0.29346787314112355, 0.14177122006211262, 0.08356183914427114]
B1: 4.905388119560144e-09 - -3.891174875203224e-08 - -4.0183636625871415e-08 - -2.988348262069355e-08
B2: 2.122186238247367e-08 - -2.6333822235684293e-08 - -7.793744573611404e-08 - 6.247478168131879e-09
