Number: 6370
Error: 1.1661646888873929e-15
A1: [0.08043171466381469, -0.18046778077471223, -0.019588827029953675, 0.11962500171397462] - [0.037415612255703244, 0.13359641841249445, -0.13472615400063467, -0.03628579285332814] - [-0.001702789334452105, 0.22819014618447764, -0.122828353010322, -0.10365888055404703] - [0.03886324848964192, -0.11448100453135905, -0.04641642734421655, 0.1220342420047164]
A2: [0.03530755994396064, -0.029273358591012755, -0.0756972388206933, 0.06966353007484725] - [0.10289376478003093, 0.2828967154942166, -0.39260638260502334, 0.006816010778410571] - [-0.01118706583293398, 0.539014625048925, -0.35945098316161156, -0.16837642857162474] - [0.09786286425856865, 0.017463381641208958, -0.16885094878079243, 0.053524946455433965]
B1: 2.623709938766571e-08 - 2.890405720926129e-09 - -8.928168077540307e-09 - 1.3563251711729239e-08
B2: 9.534818252608464e-09 - 1.1582145937811864e-08 - 9.070186154816406e-09 - 2.401388558514864e-09
