Number: 7132
Error: 1.0724634317962417e-15
A1: [0.08043169609853396, -0.18046779933789064, -0.01958884557303404, 0.11962498315081417] - [0.03741560025526716, 0.1335964064211424, -0.13472616597715734, -0.03628580484711712] - [-0.001702766001131035, 0.2281901695172962, -0.12282832971116564, -0.10365885722695357] - [0.03886323456397336, -0.11448101841794506, -0.0464164412610118, 0.12203422808770213]
A2: [0.03530749202295657, -0.029273426699878834, -0.07569730339904676, 0.06966345898807472] - [0.10289372629165887, 0.282896676679194, -0.3926064198304702, 0.006815970475464516] - [-0.011187146684788173, 0.5390145437148113, -0.3594510596896362, -0.1683765137680725] - [0.09786280942244842, 0.0174633265556546, -0.16885100098120093, 0.05352488889532582]
B1: 2.773444878517582e-08 - -1.2699707646463237e-08 - -6.119866549714051e-09 - 1.2347645179260597e-08
B2: -4.449750325300187e-09 - -5.281997243526288e-09 - 3.151390433531692e-08 - -9.4593087066373e-09
