Number: 4228
Error: 9.104048152577061e-16
A1: [0.0662132189550332, -0.11395204326905346, -0.02398391303610027, 0.07172290536035149] - [0.037402669808104215, 0.18819342454501725, -0.14740889007531735, -0.07818695346895792] - [-0.060229365964584225, 0.32895080527504883, -0.12775310443843654, -0.14096831699237136] - [0.03904611885504079, -0.053322724301652566, -0.03741862936489801, 0.0516950817622699]
A2: [-0.009108470154147516, -0.3468030734095245, 0.24945519681343709, 0.10645679063944564] - [0.08003983897580846, 0.03628227120298621, -0.05025009782319487, -0.06607194493578412] - [-0.04245285281363352, 0.2308318542745995, -0.040531281290298135, -0.14784787586294598] - [0.06813488144659428, -0.2934677391724166, 0.14177135196908938, 0.08356197556356978]
B1: -3.0477374204784193e-08 - 2.476400147912819e-08 - -1.7296996570305663e-08 - 3.5105368275141786e-08
B2: 4.557509686690812e-09 - 2.4060522246263437e-08 - 6.833518403505774e-09 - -2.0091219823775184e-08
