Number: 9419
Error: 7.958491925480938e-12
A1: [0.05317597166502755, -0.14799784817703585, -0.02699562958512352, 0.1218312451857178] - [0.005311788001606878, 0.13083476061155386, -0.113602675142777, -0.022551697600949057] - [-0.014435827933046316, 0.22310027237162697, -0.12703253794437974, -0.08159728149528524] - [0.02714245240563308, -0.1000240452002364, -0.04942852414162452, 0.1222941032176074]
A2: [0.08924425402848422, -0.07292355392913598, -0.1236373981218218, 0.10727605021722289] - [0.10884674585275887, 0.2498191990417009, -0.40484037179725463, 0.04619458146403424] - [0.036634466559591336, 0.46255366150233873, -0.37771887964120754, -0.12147474827641244] - [0.14343115432503462, -0.04460192010250583, -0.20149492549141038, 0.10268465316111199]
B1: 9.234137927679032e-06 - -7.524310989013899e-07 - 4.98612969511901e-06 - 1.353726016932694e-06
B2: 1.913510632855921e-06 - 1.8335086719982674e-06 - 1.6959357628702644e-06 - 3.53239068365076e-06
