Number: 2951
Error: 1.425916513803501e-08
A1: [0.062465959183025076, -0.048836351432163735, -0.02440301787127986, 0.006893244767735469] - [0.043896828582897555, 0.1914979266371072, -0.14232210485251734, -0.09225234527698457] - [-0.1232721868917526, 0.4150346458077578, -0.10468543062357528, -0.1868989235999677] - [0.03699902684863668, 0.019163673043179317, -0.03313820553062216, -0.023056585092924853]
A2: [0.06203139863478763, -0.17509115805895747, 0.08491502454385946, 0.022561786449287382] - [0.02900557140529404, 0.2000182819196663, -0.10199391129121393, -0.12815178466705027] - [-0.0934947873296153, 0.5135983703027485, -0.22568909485982416, -0.19517843277939007] - [-0.02587645866667974, 0.01856935245040474, -0.05023642361825284, 0.05702835891503472]
B1: -0.00023220250094286446 - -5.093088837135782e-05 - 0.00017958405335608254 - 8.727964550282528e-05
B2: -6.57702828438259e-05 - -0.00039168645762666186 - 0.0002789854409374331 - 8.081066827725998e-05
