Number: 5160
Error: 5.625536015672467e-16
A1: [0.06621316728388842, -0.11395209378552937, -0.023983964666724537, 0.0717228537758837] - [0.03740256973774303, 0.18819332893461077, -0.1474089884521211, -0.07818705185448221] - [-0.06022944546014473, 0.3289507289237119, -0.1277531822281715, -0.14096839436348318] - [0.03904618357385408, -0.053322662872844186, -0.037418566751504366, 0.05169514386720541]
A2: [-0.009108580695298763, -0.3468031906762925, 0.2494550853776544, 0.1064566747431832] - [0.0800398353236245, 0.03628226726857793, -0.05025010181469515, -0.06607194896125038] - [-0.042452816544514396, 0.23083189430346582, -0.040531242422760454, -0.1478478357506043] - [0.06813478884673325, -0.2934678411289831, 0.1417712515815544, 0.08356187174198403]
B1: -7.217763331559847e-08 - -1.9941963559857477e-08 - -1.2194733141334182e-08 - -2.372689032275717e-08
B2: -1.9050990084434256e-08 - 1.4555332223359685e-08 - -1.2179815568229483e-07 - -9.44354580287497e-09
