Number: 2794
Error: 6.586543633948327e-09
A1: [0.06341929199993558, -0.04788745835066354, -0.023458894119768918, 0.007839846356128435] - [0.04367011463181173, 0.1912787909943858, -0.14255585998040524, -0.09250295505960426] - [-0.12316194488709709, 0.4151435290597795, -0.1045744416826725, -0.18678907429279507] - [0.03715614837460003, 0.019320245245734943, -0.03297992692408367, -0.02289983306687268]
A2: [0.0640334091728975, -0.1730967376768888, 0.08691495310165172, 0.02454321631750815] - [0.029517110204654116, 0.20052252475992183, -0.10148374611805853, -0.12765066090259677] - [-0.09330710660035886, 0.5137828567913358, -0.22550307468368577, -0.19499853245236676] - [-0.025886645227035248, 0.018561257438164676, -0.05024737619717583, 0.05701618420318334]
B1: 0.0001718249607175265 - 8.759899404750946e-05 - -2.4125873626970554e-05 - 1.8846109375610594e-05
B2: 4.378878624638582e-05 - -3.3664804960202066e-05 - 9.005783489663611e-05 - 5.054626195784768e-05
