Number: 1977
Error: 4.176961290848545e-05
A1: [-0.02983874162464846, -0.03680410682188159, -0.01997470234103255, -0.002554690996667319] - [0.09429393544299504, 0.216290782817345, -0.11815905701031745, -0.07920546595530552] - [-0.09530382766868709, 0.45872640499355855, -0.05301916837388654, -0.2390141749114485] - [0.024744185410322563, 0.061668160103753256, 0.01860612309177999, 0.08918935233635276]
A2: [0.11823621129065229, -0.23911372699677272, 0.00833207750024557, 0.05515519386379228] - [0.04367582661747996, 0.2143830082478166, -0.10403914348189824, -0.11096881216961894] - [-0.10335912500350136, 0.5456933967633052, -0.244421418013542, -0.23563245529024518] - [-0.02173415397584548, -0.020514311268381193, 0.006960320735726985, 0.030651998989662727]
B1: -0.008850726100814586 - -0.0021384872006997725 - -0.016906769925249945 - -0.01041078721178654
B2: -0.004529279176219639 - -0.015867648055864225 - -0.004316094602421203 - 0.007846082552996243
