Number: 4788
Error: 8.131250906679327e-16
A1: [0.06621316510315697, -0.11395209591753078, -0.02398396684573837, 0.07172285159881371] - [0.03740260376877571, 0.18819336144892723, -0.14740895499704182, -0.07818701839643985] - [-0.06022930753327884, 0.32895086139511465, -0.12775304726101638, -0.14096826012227187] - [0.03904616569521743, -0.05332267984264356, -0.03741858404852961, 0.051695126710640964]
A2: [-0.009108572737046386, -0.34680318223395495, 0.24945509340041513, 0.10645668308680324] - [0.08003992034881323, 0.03628235886499811, -0.050250008887120015, -0.06607185524457312] - [-0.04245276382805459, 0.2308319524845356, -0.04053118592974567, -0.1478477774483018] - [0.06813487731953709, -0.2934677437167177, 0.14177134749459336, 0.08356197093611435]
B1: -9.481705859653926e-09 - 3.5434431983465914e-08 - -5.528613379674382e-10 - 1.9257459360224685e-08
B2: -1.4258830893285243e-09 - 6.406925271299483e-09 - 8.314546670674703e-09 - 2.9257822319836192e-08
