Number: 6251
Error: 7.921756115643538e-16
A1: [0.08043165871912213, -0.18046783671306596, -0.01958888290775253, 0.11962494577567351] - [0.03741555980563497, 0.13359636600212604, -0.1347262063461957, -0.036285845274340214] - [-0.0017028317131205595, 0.22819010380671523, -0.1228283953269425, -0.10365892292140336] - [0.038863213919797496, -0.11448103900418438, -0.04641646189203401, 0.12203420745635998]
A2: [0.03530743504522976, -0.029273483835200387, -0.07569735757274902, 0.0696633993547142] - [0.10289371895352402, 0.28289666927877233, -0.39260642692781167, 0.006815962791340289] - [-0.0111871469586401, 0.539014543439335, -0.35945105994881216, -0.16837651405667128] - [0.09786278857162667, 0.01746330560998981, -0.1688510208298266, 0.053524867008742386]
B1: 6.640105496505623e-09 - -8.008512101240287e-09 - -2.3099748286963657e-09 - -4.120681373099739e-09
B2: -6.197903317730907e-09 - -3.9575440656225615e-09 - 5.5664539343844885e-09 - 8.571719549900533e-10
