Number: 267
Error: 2.9473070028494997e-08
A1: [-0.014413744970751307, -0.01683875189688548, 0.015589315591732343, 0.006168055921002169] - [0.06477219518332476, 0.18847265217030498, -0.1464215830265187, -0.11119199919674519] - [-0.09856538368435756, 0.4195908177045326, -0.055921052537676284, -0.2746822970686181] - [-0.0026700537713417096, -0.019515389919877068, -0.005269330764756891, 0.02181860937796093]
A2: [0.1610640906850056, -0.16826728266408691, 0.007989708555260981, -0.0028424048959507105] - [0.035778622155635105, 0.207804991680649, -0.11691875353758316, -0.1255055131027035] - [-0.08609586807727583, 0.581653528448345, -0.2352751767806632, -0.25982118332332155] - [-0.003977031404454377, -0.004658826909672449, 0.0009697245026513095, 0.0071075059307720775]
B1: 0.00010462855293262372 - 0.0003350101067383484 - -0.00022602600852969805 - 1.6405264114124773e-05
B2: 0.00021792906573999353 - 7.178828686561653e-05 - -0.00038087435666376895 - -6.236031612413539e-05
