Number: 727
Error: 1.6256315684952774e-14
A1: [-0.012152484726763304, -0.014516236350068032, 0.01808828823863727, 0.008584068832810926] - [0.06583534493764691, 0.18949536624818342, -0.1453224570295185, -0.11000843881849169] - [-0.09629201714377034, 0.4217871113760453, -0.053456186402978285, -0.27203450289563913] - [-0.0013206593295358744, -0.01821843614144922, -0.003834215599567971, 0.023377715547643244]
A2: [0.16158646634793064, -0.1677550229362664, 0.008501084558452226, -0.002333317556063531] - [0.03548573043470942, 0.20751672857124198, -0.11721041733619231, -0.12579202279249765] - [-0.08621381222771739, 0.5815378597152788, -0.2353889869667528, -0.2599358290701016] - [-0.0038342753502346705, -0.004518609362679472, 0.0011109417404828275, 0.0072440547752312115]
B1: -7.805549233702295e-08 - -9.704959661223448e-08 - -2.873290658316093e-07 - -1.4055563466889193e-08
B2: 4.6309096326225e-08 - -3.6937145211533275e-07 - 1.1306790030112326e-07 - 4.8786014564913955e-09
