Number: 7955
Error: 9.167437313839213e-16
A1: [0.08043169350265325, -0.18046780193349016, -0.019588848165819638, 0.11962498055522668] - [0.03741565448381439, 0.13359646060864797, -0.13472611185661182, -0.036285750648591096] - [-0.0017028042682136943, 0.22819013125102894, -0.12282836792221213, -0.10365889548381656] - [0.03886324675249408, -0.11448100626364276, -0.04641642908025948, 0.12203424026864511]
A2: [0.03530741301973318, -0.029273505921604076, -0.07569737851433742, 0.06966337630266191] - [0.10289380139651069, 0.2828967524214648, -0.39260634718998366, 0.006816049121149711] - [-0.011186983014802055, 0.5390147083609865, -0.3594509047722563, -0.16837634130348522] - [0.0978628671562775, 0.01746338455208163, -0.16885094602224837, 0.053524949496954195]
B1: -1.8033009333130597e-08 - 1.6824390201502584e-08 - 3.24594905847941e-08 - 1.110549208475007e-08
B2: 8.568656028153201e-09 - 2.2924415939402443e-08 - 5.017827069338463e-09 - 1.1865937695593531e-08
