Number: 9395
Error: 5.6542495354468546e-11
A1: [0.053168311347708684, -0.1480055106709955, -0.027003281131900456, 0.12182358185516214] - [0.005313068522766703, 0.13083604222862408, -0.11360139502534307, -0.022550415555972883] - [-0.01444505134140672, 0.2230910458932407, -0.1270417538772008, -0.08160650781318769] - [0.027143177347157686, -0.10002331962854473, -0.049427797300077465, 0.12229483072200856]
A2: [0.08926806848391577, -0.07289979506892415, -0.12361412010496985, 0.10730015839825302] - [0.10887319042252984, 0.24984564861010378, -0.4048144510212668, 0.046221471020112904] - [0.036649459575121994, 0.4625685765012582, -0.3777042517203471, -0.12145959972368686] - [0.1434399877892851, -0.044593119094911364, -0.20148630051062902, 0.10269361771599078]
B1: 1.0398412165714596e-05 - -2.331997261780573e-05 - -2.662329655713617e-06 - -1.589453442214605e-05
B2: -5.95961444506161e-06 - -4.027249913092946e-06 - -2.9556616196677395e-06 - -2.724652034123873e-06
