Number: 9413
Error: 4.94067052986521e-12
A1: [0.05318189797494842, -0.14799191966714112, -0.02698970979518361, 0.1218371743717559] - [0.005323498964882295, 0.13084648392261786, -0.11359096591402718, -0.022539970050402963] - [-0.014438587359766523, 0.22309751183288615, -0.1270352952446055, -0.08160004200599281] - [0.027158772056833126, -0.10000772534062609, -0.04941216992283412, 0.12231046460058462]
A2: [0.08927922494197352, -0.07288866390782583, -0.12360321515991578, 0.1073114524468732] - [0.10882261078553877, 0.24979505970203378, -0.40486402883065675, 0.04617004022824915] - [0.03663814720223427, 0.4625573229974776, -0.37771528865645926, -0.12147102943665569] - [0.14341202611162585, -0.04462097704450094, -0.20151360258978523, 0.10266524110774786]
B1: -1.8267227910539679e-06 - 2.171035152552426e-06 - -3.233686144489973e-06 - -4.433458682214531e-06
B2: 3.9204988435763353e-07 - -7.448667799061996e-07 - 1.5163555743797782e-06 - -1.8095900994165579e-06
