Number: 89
Error: 0.00029539481559989967
A1: [0.05127695810995352, 0.05319773390379662, 0.08889846796503124, 0.0730798209051187] - [0.11504024270198615, 0.23997864738816418, -0.0974461998003474, -0.06222343131350264] - [-0.038313996479582495, 0.48288345830647167, 0.009735257784891576, -0.20893323441501455] - [0.06172380212947558, 0.048158805035350805, 0.06372366368569816, 0.09091089772294345]
A2: [0.28185287170695095, -0.050813793366025956, 0.12608940238589045, 0.1142770922116386] - [0.09529692754596691, 0.2633928828843572, -0.06143430779908944, -0.0708045527747092] - [0.040856480398465324, 0.7070259216192761, -0.11200097155198373, -0.13661983172942307] - [0.20412779010143378, 0.2029138140581926, 0.2077208953411971, 0.20660367070912544]
B1: 0.015824304150852744 - 0.3328005475073669 - 0.007994820098498414 - -0.014511401371748407
B2: 0.0057415983035208114 - 0.3349539753521372 - 0.004262230390472729 - 0.007496741325867971
