Number: 6587
Error: 1.104846045539333e-15
A1: [0.08043167918083544, -0.18046781625367425, -0.019588862470506677, 0.11962496623504709] - [0.03741556002588771, 0.13359636622220808, -0.13472620612638214, -0.03628584505421261] - [-0.0017027760510977164, 0.22819015946754836, -0.12282833974641683, -0.103658867274238] - [0.038863190226081604, -0.11448106263140985, -0.04641648557065092, 0.12203418377736736]
A2: [0.03530743653701948, -0.029273482339282078, -0.07569735615438097, 0.06966340091603773] - [0.10289373603117521, 0.2828966865013645, -0.39260641041053523, 0.006815980674148911] - [-0.011187101079259, 0.5390145895923686, -0.3594510165230089, -0.16837646571192602] - [0.09786280778200253, 0.017463324907748563, -0.16885100254280344, 0.05352488717339733]
B1: -1.1127854027833581e-09 - -2.701823872839185e-09 - -8.216008054835002e-11 - -6.024006823832507e-10
B2: -1.7767292323794682e-09 - -1.7447101386560654e-08 - 3.968988634173972e-08 - -2.4860598764675084e-08
