Number: 904
Error: 1.7893319609380961e-09
A1: [-0.012158416939717082, -0.014522448827402471, 0.018081702542156446, 0.008577655236038982] - [0.06579445826070957, 0.18945603185649892, -0.1453647284701913, -0.11005396074273005] - [-0.0963312462639162, 0.4217491391678854, -0.05349877074489102, -0.2720802399932414] - [-0.0010125826725507524, -0.01792210894392134, -0.0035062780506697647, 0.023733875975731355]
A2: [0.1614963248442354, -0.16784331258481375, 0.008412871250089007, -0.002420998330155091] - [0.03558281635002624, 0.20761225480936674, -0.11711373331298885, -0.12569704726950343] - [-0.08623972689356674, 0.581512606743979, -0.23541410957187517, -0.2599609479298531] - [-0.0037479942979977846, -0.0044337218151665496, 0.0011963722626410443, 0.007326629763052515]
B1: 3.190618841407406e-05 - -1.8938682440414963e-05 - 1.5087769788355263e-05 - -6.3116380534483664e-06
B2: 0.00028331032456916906 - -0.0002424067004567043 - 7.453476064392322e-05 - -0.00011429096605369542
