Number: 6358
Error: 1.1457769475654354e-15
A1: [0.08043172294589317, -0.18046777249357157, -0.019588818757778074, 0.11962500999510733] - [0.03741564248691475, 0.13359644862082518, -0.13472612382965987, -0.03628576263886283] - [-0.0017027852423461074, 0.22819015027649608, -0.12282834892420781, -0.10365887646303326] - [0.038863276411065815, -0.11448097668829381, -0.04641639944058507, 0.12203426990878663]
A2: [0.035307439462411994, -0.02927347940580095, -0.07569735337295314, 0.0696634039777755] - [0.1028938077857293, 0.2828967588649114, -0.3926063410104835, 0.006816055811676477] - [-0.011187027727561895, 0.5390146633815815, -0.3594509470940673, -0.16837638841864175] - [0.09786282870485624, 0.017463345925773283, -0.16885098262560955, 0.05352490913559195]
B1: -2.097077432284739e-08 - 1.2128803003949528e-08 - -5.719067510212919e-10 - -6.819729040365743e-09
B2: -4.925508111680493e-09 - -1.419394022425737e-08 - 8.044233424224814e-09 - -6.165402748086304e-09
