Number: 2205
Error: 0.0004429551466423047
A1: [0.013955597045839045, -0.07720073509187056, -0.0422597418902132, -0.0009727699947884305] - [0.038567335729440044, 0.17237231772477277, -0.16992511010234174, -0.12084178497049665] - [-0.06171727147439854, 0.475863123353869, -0.044604437100437266, -0.13772619974327788] - [0.022525514532878668, 0.02866319171639137, -0.012140623272664306, -0.01143105704896697]
A2: [-0.06508138820188165, -0.3552449217166534, -0.07362481534283742, -0.11316580372738663] - [0.05649931863472345, 0.22255062671204023, -0.07890839267173265, -0.10565429095831443] - [-0.06290975217938423, 0.5661814651345188, -0.16745101344231866, -0.1640393883944215] - [-0.026156592930650487, 0.059294095540382674, 0.003489302137836721, 0.08070351355752278]
B1: -0.0440653659516395 - -0.019386998369926137 - 0.025421167310063414 - 0.03336792572531726
B2: -0.009306333482347008 - -0.008903809682242109 - 0.018434575415450318 - 0.0011561272129354471
