Number: 8281
Error: 1.0869833532174098e-15
A1: [0.08043169943062331, -0.18046779600620452, -0.019588842244988674, 0.11962498648248845] - [0.037415639805763796, 0.13359644594174666, -0.13472612650531446, -0.03628576531844239] - [-0.0017027902502208987, 0.2281901452687138, -0.12282835392475563, -0.10365888146957572] - [0.038863249051926084, -0.11448100397065974, -0.04641642678231444, 0.12203424256663842]
A2: [0.03530732538099004, -0.029273593802689065, -0.07569746184032812, 0.06966328457941802] - [0.10289378284532569, 0.2828967337128383, -0.39260636513244046, 0.006816029695345214] - [-0.011187206634862215, 0.5390144834071312, -0.3594511164338921, -0.16837657693933558] - [0.09786281187886095, 0.017463329023213535, -0.16885099864283623, 0.053524891473728804]
B1: 4.546268941007102e-08 - -1.465744803888816e-08 - 3.660301079724805e-08 - -9.144188217641552e-09
B2: 3.936507523649485e-09 - 2.7088272441148257e-08 - 2.4801044677789675e-08 - 2.7427903324616124e-09
