Number: 941
Error: 5.894472634968647e-09
A1: [-0.012291433576350036, -0.014659092425600588, 0.017934604046549667, 0.008435460068208622] - [0.0657632015421646, 0.18942595401379145, -0.1453970327241198, -0.11008875865089458] - [-0.09572647305532728, 0.42233357233948743, -0.0528425739275049, -0.2713757804625226] - [-0.0008154779008836909, -0.017732616108627086, -0.0032965107611410043, 0.023961630317244353]
A2: [0.16175432946599147, -0.16759013956270968, 0.008665707200505288, -0.0021694070489002904] - [0.03551965795462825, 0.20755012452440408, -0.11717659615593508, -0.12575879575809268] - [-0.08620018392424053, 0.5815513609140835, -0.23537560604575009, -0.25992235539782055] - [-0.003758364822143599, -0.00444386673877627, 0.001186174074994473, 0.007316769391155161]
B1: 1.902031630770851e-05 - 8.020785398626189e-05 - -4.3943582270561895e-05 - 1.2608247360698067e-05
B2: -0.00015162915298288026 - 5.216737504065907e-05 - 0.00014823893709704634 - 1.9267203540938417e-05
