Number: 1467
Error: 1.642461168132364e-09
A1: [-0.007276517630247782, -0.015083672572583777, 0.002904539758385248, 0.019363257490926884] - [0.06672800685886915, 0.18978942686881428, -0.14683717551504452, -0.10997219247677674] - [-0.11253808044543911, 0.4418315954550256, -0.07074022058044147, -0.25804865413048117] - [-0.02383007699138131, 0.014891299189895017, -0.030405032473106195, 0.03842532646070485]
A2: [0.13160215174533624, -0.2246126321342988, 0.02268242746903567, 0.07017614932590681] - [0.03267569193452572, 0.2037782097556642, -0.11485896272255801, -0.12142867065039203] - [-0.09464882775481051, 0.5555142297185462, -0.23522813908528317, -0.22566092227703044] - [-0.0207679107762179, -0.019217191732171842, 0.00817704522505232, 0.032238592808246896]
B1: 7.583258920687684e-06 - 4.132651034380713e-06 - 7.043731136189e-05 - 2.9730981324541313e-05
B2: -4.967014711246055e-05 - 5.551524228123459e-05 - -3.2597313321743184e-05 - 9.753726722317203e-05
