Number: 9027
Error: 9.174810196105714e-05
A1: [0.00033783266888590645, -0.22359671924606864, -0.07916397130980624, 0.062399200036381317] - [-0.06013941519364748, 0.06063774464888297, -0.18116098094649127, -0.09074110476335122] - [-0.11414926061760755, 0.131962440523626, -0.2047530923593834, -0.17433371376765291] - [-0.0449237935958605, -0.17412167731965647, -0.11618253451081872, 0.049874283806705534]
A2: [0.11416212870603594, -0.03626043739462659, -0.08096682598360108, 0.14659574934525205] - [0.17318619657776713, 0.2926960871688372, -0.35885606774174555, 0.09143032044693761] - [0.15266912176156705, 0.5863109703817811, -0.2755420880686225, -0.0013879220006938076] - [0.18283140193290667, -0.002852237886647448, -0.16348175420631483, 0.14524412728382094]
B1: -0.0029105553474434998 - 0.02963524278616128 - -0.0074502530167313615 - 0.00612295836119736
B2: 0.006371203896382758 - -0.010760604804835879 - 0.007917463482610809 - -0.006999065163229808
