Number: 891
Error: 1.1607558689348904e-09
A1: [-0.012238248927626143, -0.014604383747511017, 0.017993473142509684, 0.008492383763157228] - [0.0657454585983714, 0.18940890279144196, -0.1454153906922389, -0.11010851419036892] - [-0.09633253970835534, 0.4217479331760167, -0.05350016461225441, -0.27208171511923596] - [-0.0014469446687393275, -0.01833985211202779, -0.003968636090563676, 0.02323180544783185]
A2: [0.16147353192197764, -0.16786574452311406, 0.008390481226399453, -0.002443293619975471] - [0.03548860531225141, 0.20751956532346547, -0.11720755121875298, -0.12578920654817086] - [-0.08631361852867497, 0.5814401743691041, -0.23548605996192573, -0.2600330639709451] - [-0.0038658388841200345, -0.004549613104531164, 0.0010797176133542862, 0.007213879819595404]
B1: -6.5858370806946775e-06 - -3.111436588867007e-05 - -7.31986798446794e-06 - -4.120002111493202e-06
B2: 2.2203844163398134e-05 - -0.00011219911338674197 - 6.146668397407694e-05 - 9.324599987268578e-05
