Number: 5956
Error: 7.009121498897815e-11
A1: [0.08043134015240191, -0.18046815581957978, -0.01958919972996425, 0.11962462800551114] - [0.037367887177503216, 0.1335487289850299, -0.13477378579752716, -0.03633349255044503] - [-0.0017184146332942538, 0.22817452144478928, -0.12284395359027747, -0.1036745007412147] - [0.038867462918003595, -0.11447680106442748, -0.04641221388715183, 0.12203845458534401]
A2: [0.035374927719176136, -0.029205809435589567, -0.07563318805241456, 0.06973403843631998] - [0.10297389216282042, 0.2829775181275891, -0.3925288868713375, 0.006899914586654879] - [-0.011162509853565665, 0.5390393265294342, -0.35942774136773026, -0.16835055383432326] - [0.09789834356743161, 0.01749902000881932, -0.16881717585500045, 0.05356218813936611]
B1: -1.5384290945083943e-05 - -1.0670435417712842e-05 - 1.6982026598748257e-05 - 5.464785184377335e-06
B2: -2.785003538339082e-06 - -3.8277744822952405e-06 - 3.543293729520657e-06 - -1.182238629386652e-05
