Number: 9846
Error: 8.471668421414057e-16
A1: [0.053172502811156284, -0.14800131832229035, -0.02699909459765417, 0.12182777463013145] - [0.00531372530603399, 0.13083669976342982, -0.11360073828402543, -0.02254975787932791] - [-0.01444451140587363, 0.22309158598751627, -0.12704121439853083, -0.08160596784066175] - [0.027146448477887684, -0.1000200496560343, -0.04942452004189453, 0.12229810875641085]
A2: [0.08925452763939896, -0.07291330412415012, -0.1236273559564914, 0.10728645022692651] - [0.10884158942932652, 0.24981404171703747, -0.40484542614244345, 0.04618933837356109] - [0.036635662512755345, 0.46255485140269614, -0.377717712920187, -0.12147353972263923] - [0.14342621771949304, -0.04460683800012197, -0.20149974587676955, 0.10267964381636877]
B1: -4.71718901195777e-08 - -2.4264628481457425e-08 - -9.944731822690098e-09 - 1.4403770394061712e-08
B2: -2.306144615315845e-08 - -1.759180633598619e-08 - -2.612552648187691e-08 - -7.646117937535167e-09
