Number: 9217
Error: 9.188309766932124e-08
A1: [0.054329565861719116, -0.14684725479040509, -0.025844873152171842, 0.12298322106291922] - [0.0030254864172475225, 0.12854912022059842, -0.11588551249325868, -0.024837409269470305] - [-0.01291986770219661, 0.2246170371579691, -0.12551840413733475, -0.08007928019773687] - [0.028896715738330442, -0.09827387466869282, -0.04767296846535222, 0.12405060708335619]
A2: [0.08811919641539596, -0.07403615219904869, -0.12473283160965355, 0.1061363824982338] - [0.10948887160658356, 0.25045872965361643, -0.4042125261436678, 0.04684803266227519] - [0.03778849971113548, 0.4636985895084266, -0.37659231458835346, -0.12030762032613304] - [0.1433411904698294, -0.04468903170026465, -0.20158167053614817, 0.10259292051747738]
B1: -0.00015082355820995614 - 2.3483776223514303e-06 - -0.00033434703376465955 - 0.00032767486161792774
B2: -0.00036532922024767596 - -0.0002276119522363417 - 0.0011784636723878852 - -0.0002515969717924219
