Number: 4567
Error: 6.067757462010885e-16
A1: [0.06621307327770816, -0.11395218569100267, -0.023984058599125502, 0.07172275992747747] - [0.03740246914835351, 0.1881932328282217, -0.14740908733924557, -0.07818715075035362] - [-0.06022956629139415, 0.3289506128721264, -0.12775330046649352, -0.14096851196589974] - [0.039046196651568686, -0.05332265046006215, -0.037418554099325624, 0.05169515641669264]
A2: [-0.00910857960535703, -0.3468031895201332, 0.24945508647658007, 0.1064566758857752] - [0.08003982399973639, 0.0362822550694956, -0.050250114191143766, -0.06607196144272656] - [-0.04245277182524827, 0.2308319436583808, -0.04053119449984973, -0.14784778629282153] - [0.06813474528134837, -0.29346788909627225, 0.1417712043526492, 0.08356182289721979]
B1: -4.743950358185861e-09 - -3.677726881759455e-08 - -4.061173428822106e-09 - -3.2860122838903585e-08
B2: -4.5618538938904164e-08 - -7.304348599318418e-08 - 5.674919314775996e-08 - -3.962537699970812e-08
