Number: 2044
Error: 9.014391807615622e-05
A1: [0.017242555080409137, 0.005451895439713824, 0.02414605185334992, 0.0440606446909951] - [0.04075172447242977, 0.16613118583564923, -0.17385714608160097, -0.13973902589679468] - [-0.15606078998526363, 0.39386456662934366, -0.12028021146242884, -0.30871446770465816] - [-0.06941161082029501, -0.026290939948728317, -0.07537390006015462, -0.010112811678162113]
A2: [0.10305866342247691, -0.24970423210969345, -0.009836389612512857, 0.047832243312236664] - [-0.017387206771685502, 0.15316572931092237, -0.16511891214022004, -0.17081101187931771] - [-0.12328119135187934, 0.5249602790272208, -0.26195278080489803, -0.2548218705604565] - [0.04775372136096074, 0.052519753685334084, 0.07062028725586306, 0.1072262892169761]
B1: 0.0020567074057888015 - 0.013280130019632625 - -0.027400064244400786 - 7.634892935858267e-05
B2: -0.01292913528405824 - -0.005801275391367195 - 0.020170840602911848 - 0.006436209386738917
