Number: 401
Error: 8.020127381038346e-12
A1: [-0.012196154730554016, -0.014561087533021246, 0.018040021127750015, 0.008537404012044822] - [0.06582585496295687, 0.1894862373735214, -0.14533226885090464, -0.11001900506530114] - [-0.09629759946484824, 0.42178171726868097, -0.05346224227300275, -0.2720410062658277] - [-0.0013343056612776536, -0.01823155876378913, -0.0038487396180075565, 0.023361943061677208]
A2: [0.16156115262484794, -0.16777986176882995, 0.008476280554898788, -0.002357995464571039] - [0.03548524918227291, 0.20751625499673126, -0.11721089672690714, -0.12579249383009497] - [-0.08623539586981631, 0.5815167172809279, -0.2354099901782274, -0.25995687825770597] - [-0.003838723703249523, -0.004522983721304948, 0.0011065391229083564, 0.007239798846615958]
B1: 1.5881793375033792e-06 - -2.1412851780284947e-05 - 6.064900368588197e-07 - -5.774989382863553e-06
B2: 2.1306071983370357e-06 - -5.339375979094402e-06 - -7.950672438652341e-06 - -6.20076797415519e-06
