Number: 4204
Error: 1.0089132707885762e-15
A1: [0.0662131678520897, -0.11395209323001385, -0.02398396409894056, 0.07172285434317308] - [0.03740261562173275, 0.188193372773618, -0.14740894334467536, -0.07818700674302527] - [-0.06022938979329217, 0.328950782388889, -0.12775312775580489, -0.14096834018432539] - [0.039046091408838496, -0.05332275035255582, -0.037418655918185675, 0.05169505542459202]
A2: [-0.009108478801376657, -0.34680308258287873, 0.24945518809624292, 0.10645678157330148] - [0.08003983976264079, 0.03628227205063006, -0.05025009696323189, -0.06607194406851902] - [-0.04245286913933417, 0.23083183625654408, -0.04053129878556418, -0.14784789391855532] - [0.06813485357596943, -0.29346776985918527, 0.14177132175464663, 0.08356194431545538]
B1: 3.609940002146528e-08 - 2.064931854235262e-09 - -2.4050108555225678e-08 - 2.597096600624653e-08
B2: 1.1226948809685993e-08 - 1.904662832645635e-08 - -1.4694584301768426e-09 - -1.1425119955045467e-08
