Number: 3529
Error: 3.749544506708557e-11
A1: [0.06621107356316434, -0.11395414163117826, -0.02398605781973276, 0.07172076423397117] - [0.03739447690889475, 0.18818559585524786, -0.14741694471107653, -0.07819500778381405] - [-0.06020513467487604, 0.32897408194144356, -0.12772938969147082, -0.14094473440639688] - [0.03905153526236106, -0.05331758434555559, -0.03741338997771361, 0.0517002796802275]
A2: [-0.009059755381121276, -0.3467513946260256, 0.24950430915797153, 0.10650786519570735] - [0.08000399744192072, 0.03624366043943619, -0.05028927093889158, -0.06611145029425622] - [-0.04247993817753681, 0.23080196154280513, -0.04056030642178532, -0.14787783245557856] - [0.0682058207464384, -0.29338963290576053, 0.14184826047758495, 0.08364151280098502]
B1: 7.03115201267399e-06 - 2.1777101016489486e-05 - -7.663183099734069e-06 - 8.572509900596325e-06
B2: 8.016938665082518e-08 - 1.0239762420780624e-06 - 5.271360632384021e-06 - 7.0060939541470335e-06
