Number: 2999
Error: 1.2836673982482508e-08
A1: [0.06349757783135594, -0.047807365523719184, -0.023380000803219465, 0.007916552244326684] - [0.04363517791791199, 0.19124553591673382, -0.14259071928943612, -0.09253928286743343] - [-0.1232911856847525, 0.41502048562851734, -0.10469983452798104, -0.18691213107707302] - [0.03659381457861492, 0.01876041247405527, -0.03354205596071641, -0.023460071795455673]
A2: [0.06396864098547256, -0.17316330526752838, 0.08685198526373471, 0.02447717437806995] - [0.029041141724318542, 0.20005362605578342, -0.10195843438685269, -0.1281172826745132] - [-0.09282944788959982, 0.5142504984235193, -0.22502354773686192, -0.19453409431359692] - [-0.025283260735795607, 0.0191558189560534, -0.04964785661874677, 0.05760454355050183]
B1: 6.713340393946319e-05 - -2.4015665490699013e-05 - 4.356601494724149e-05 - -1.2319065076699592e-05
B2: -3.5886621474263085e-05 - -3.170977273804573e-05 - -0.00028782527601421167 - 5.9485014222353456e-05
