Number: 802
Error: 3.349758126732148e-12
A1: [-0.012153829401015592, -0.014517617465430713, 0.018086801965369933, 0.008582631896508201] - [0.06583510956936159, 0.18949513983544927, -0.14532270037856332, -0.11000870087654012] - [-0.09629038259235943, 0.42178869114997014, -0.05345441272476958, -0.2720325985570381] - [-0.0013313662684951923, -0.018228733192806323, -0.003845612782839582, 0.023365340131024634]
A2: [0.16158741150459863, -0.16775409557412485, 0.008502010660113156, -0.002332396157755147] - [0.035486177155748234, 0.20751716811345705, -0.11720997248847938, -0.12579158577978994] - [-0.08621419507003567, 0.5815374847185474, -0.23538935947949655, -0.259936202407937] - [-0.0038352591509206824, -0.004519576803462489, 0.001109968011738198, 0.00724311355497478]
B1: 1.0961841100331202e-06 - 5.82940205813025e-07 - 1.651709650632049e-06 - 7.71910027604141e-07
B2: 1.427835638288546e-06 - -4.604242825125939e-07 - 2.8337707758617767e-06 - -3.906153949801471e-06
