Number: 3772
Error: 9.625457561764815e-16
A1: [0.06621321807979935, -0.11395204412473542, -0.023983913910657944, 0.07172290448657802] - [0.03740263862629973, 0.18819339475290978, -0.1474089207294381, -0.07818698412577862] - [-0.0602293045401223, 0.32895086426983794, -0.12775304433211898, -0.14096825720935083] - [0.03904615039872898, -0.05332269436158675, -0.03741859884744784, 0.05169511203194508]
A2: [-0.009108537646285293, -0.34680314500809817, 0.24945512877524198, 0.1064567198776422] - [0.08003981109374476, 0.036282241166011926, -0.05025012829671108, -0.0660719756680543] - [-0.04245286005388034, 0.2308318462837885, -0.04053128904926153, -0.14784788387040929] - [0.06813476968085501, -0.2934678622313536, 0.14177123080428977, 0.08356185025354564]
B1: -2.44127037477469e-10 - 1.3056302143540736e-08 - 3.064991752104268e-08 - -6.716052975099499e-09
B2: 7.46074597210819e-09 - 1.4346335761386356e-08 - -9.298821688783572e-10 - 3.9832444497335684e-08
