Number: 5947
Error: 1.7647263731346757e-10
A1: [0.08046257791162863, -0.18043692277974538, -0.019557999051329066, 0.11965586232350042] - [0.03731891911475941, 0.13349979752770624, -0.13482265621077075, -0.036382433353649275] - [-0.0016935372723329164, 0.22819939809307646, -0.12281911077616876, -0.10364962900621309] - [0.03890488572219684, -0.11443948207645603, -0.04637481267445993, 0.12207585517876757]
A2: [0.03540643549374155, -0.029174217163726104, -0.07560323135981518, 0.0697670152329343] - [0.1030252395771105, 0.2830292978936297, -0.39247922637711447, 0.006953680528468948] - [-0.011152339471355013, 0.5390495560872477, -0.3594181165735551, -0.16833983799658864] - [0.09791642777677582, 0.017517184755506197, -0.16879996199472258, 0.05358117039032478]
B1: -1.587904042341083e-06 - -1.8532200596866952e-05 - 6.123739198385569e-06 - 6.364715740935026e-06
B2: 7.654050369880841e-06 - 1.0779270103734565e-05 - -1.959899725727876e-06 - -2.1988894391600088e-05
