Number: 2315
Error: 5.7284375167105053e-05
A1: [0.02604292191185622, -0.08728936796491413, -0.0667709399692533, -0.030349319472159745] - [0.007999148298693097, 0.1570720105347321, -0.17916714295648226, -0.130212638609337] - [-0.15838888938670692, 0.3829460303436447, -0.13859773367831738, -0.21863662939658302] - [0.009532494204894161, -0.005193846669529309, -0.05705906531039781, -0.047127076561005274]
A2: [0.06056279049612736, -0.176227318224652, 0.08624079877962652, 0.021961847530378692] - [0.05071832357299945, 0.22055880662417887, -0.08052807353300101, -0.10716996778068981] - [-0.07812047070013287, 0.5247833061775831, -0.2116680155883125, -0.18300285218165008] - [0.0318764797282155, 0.07509399953243946, 0.008231706876915962, 0.11401133846145163]
B1: -0.024332112576667876 - 0.016307566532086412 - -0.0016974240141682199 - -0.005638377824143838
B2: -0.005528326098109031 - 0.024252143304467517 - -0.005100204156158366 - -0.0038071717574447604
