Number: 4945
Error: 6.64787248447483e-16
A1: [0.06621322652816744, -0.11395203586512863, -0.023983905468909248, 0.07172291292076895] - [0.037402662917244776, 0.18819341796130235, -0.14740889684954644, -0.07818696024379983] - [-0.060229381411417, 0.32895079043919645, -0.12775311955379645, -0.14096833202623923] - [0.03904614408652086, -0.05332270035280541, -0.03741860495419089, 0.051695105974725625]
A2: [-0.009108641477132043, -0.346803255156287, 0.24945502410420214, 0.106456611016752] - [0.08003984602660534, 0.03628227879874703, -0.05025009011698516, -0.06607193716417979] - [-0.04245280615351737, 0.23083190577162974, -0.040531231287304535, -0.14784782425860077] - [0.06813475490069971, -0.2934678785049035, 0.14177121478100227, 0.08356183368230859]
B1: 2.7939097461876754e-08 - -2.1919466193156638e-08 - 5.303959084362225e-09 - 1.5089614516937002e-08
B2: 1.553446683709096e-08 - 4.640981827476581e-08 - -1.24344426216983e-08 - -2.5261252071005566e-08
