Number: 7607
Error: 9.02257683087971e-16
A1: [0.08043173062491624, -0.18046776481542723, -0.019588811087946106, 0.11962501767324668] - [0.03741564450263251, 0.13359645063501424, -0.1347261218179571, -0.03628576062426561] - [-0.0017027739140043818, 0.22819016160459107, -0.12282833761245494, -0.10365886513771368] - [0.03886328058275711, -0.11448097252831685, -0.04641639527156258, 0.12203427407787672]
A2: [0.0353074294606222, -0.029273489435240975, -0.07569736288254046, 0.06966339350982513] - [0.1028937159960674, 0.28289666629623117, -0.39260642978823584, 0.006815959694494074] - [-0.011187104978148421, 0.5390145856702137, -0.35945102021338476, -0.16837646982033047] - [0.09786279540362872, 0.01746331247307334, -0.16885101432621896, 0.053524874180140035]
B1: 6.212385045548708e-09 - 7.934197331333402e-09 - 1.843491003225363e-08 - 1.366143511756285e-08
B2: 1.1179060279304958e-08 - 1.4325202702084188e-08 - 1.9980793408129136e-08 - 1.194775987349354e-08
