Number: 5878
Error: 1.6303739626675538e-07
A1: [0.08080099329180203, -0.18009978629031043, -0.019219516372886786, 0.11999447517664796] - [0.037238806504093086, 0.13341914734576593, -0.1349023815139412, -0.03646235918626804] - [-0.0017560607339637982, 0.22813656318654318, -0.12288106814647062, -0.10371190200764918] - [0.039518169219372644, -0.11382869079651964, -0.04576130920905515, 0.12268908328982588]
A2: [0.037000394024484635, -0.027576685009124063, -0.07408756713377661, 0.07143610832341908] - [0.10535093446120256, 0.28537216542096355, -0.3902309793274776, 0.009389901837096218] - [-0.008142716403967494, 0.5420760667389994, -0.3565686097600938, -0.16516678431337253] - [0.0999854603132467, 0.019594744680511346, -0.16682998467008894, 0.05575405926288767]
B1: 0.00018805310884596329 - -0.0007181397837318459 - 0.0007093547331035428 - 0.0003376157955807699
B2: -0.0005026911804447749 - -0.00018277958310797309 - 0.0003168342047127942 - -0.0002821111387050608
