Number: 6783
Error: 1.0131251524394408e-15
A1: [0.08043162633321939, -0.18046786909530407, -0.019588915254933507, 0.1196249133934665] - [0.03741554501180098, 0.1335963512194864, -0.13472622111055382, -0.036285860059982966] - [-0.0017028639583067835, 0.2281900715622121, -0.12282842752491524, -0.10365895515798595] - [0.03886318602982964, -0.11448106681588338, -0.046416489764230275, 0.12203417958372267]
A2: [0.03530742032948787, -0.029273498591642053, -0.07569737156429338, 0.06966338395309539] - [0.10289371192973518, 0.2828966621953731, -0.39260643372113396, 0.006815955436419464] - [-0.01118710755691241, 0.5390145830760753, -0.35945102265423967, -0.1683764725376652] - [0.0978627902787265, 0.01746330732485469, -0.16885101920478446, 0.053524868800649626]
B1: -2.3249410164371156e-09 - -1.2149573669400598e-08 - 5.044862351743627e-11 - -2.2333262329015595e-09
B2: -4.368325600571196e-09 - 4.358678120642517e-09 - 4.0792134916561356e-09 - 4.997050669875703e-09
