Number: 8331
Error: 9.510346043561946e-16
A1: [0.08043167740087928, -0.18046781803345616, -0.019588864248395135, 0.11962496445525107] - [0.03741561252039713, 0.13359641867703595, -0.13472615373630786, -0.03628579258867381] - [-0.001702813972590617, 0.22819012154685483, -0.12282837761238984, -0.10365890518560618] - [0.038863221506258205, -0.11448103143902902, -0.046416454310434334, 0.12203421503807806]
A2: [0.035307432892415856, -0.02927348599389546, -0.07569735961962124, 0.06966339710157068] - [0.10289377689053994, 0.28289672770752966, -0.39260637089182987, 0.006816023459822137] - [-0.011187082304639485, 0.5390146084789, -0.3594509987523806, -0.16837644592851972] - [0.09786281897925751, 0.017463336155884746, -0.16885099188370498, 0.053524898926807916]
B1: -4.143941014261285e-08 - -1.4036019529972779e-08 - -1.5084584110858007e-08 - -5.29540144973981e-10
B2: -1.5748301624356724e-08 - 2.135885280660006e-10 - -2.1641684966379553e-08 - -1.3647138619114555e-08
