Number: 4957
Error: 9.821802315797593e-16
A1: [0.06621319729292187, -0.1139520644470693, -0.02398393468121064, 0.07172288373458807] - [0.03740261989048638, 0.188193376852143, -0.14740893914815206, -0.07818700254614724] - [-0.06022933687210349, 0.32895083321679064, -0.12775307597023128, -0.14096828867708316] - [0.03904620243583323, -0.05332264496978753, -0.0374185485031482, 0.05169516196740786]
A2: [-0.009108527982023898, -0.3468031347559466, 0.24945513851757728, 0.10645673000999709] - [0.08003983748871633, 0.03628226960100217, -0.05025009944840278, -0.06607194657483206] - [-0.04245282971518405, 0.2308318797675763, -0.0405312565368743, -0.14784785031684852] - [0.06813477484332778, -0.293467856547256, 0.14177123640068917, 0.0835618560416122]
B1: -1.634209046561451e-08 - 3.1081486482591685e-09 - 5.59734546216553e-09 - -9.988572717368676e-10
B2: -1.2423558141252342e-08 - 1.1308418234986116e-08 - -2.408424752436669e-09 - -1.1681381417083715e-08
