Number: 2944
Error: 1.3629283205256716e-08
A1: [0.06400628843884625, -0.047301173946467254, -0.02287615948298971, 0.008422702399168265] - [0.04441031782734953, 0.19199393857822641, -0.14179319857269432, -0.09168739512360158] - [-0.12381070956904666, 0.41449700861115707, -0.1052270352995085, -0.18743886991051803] - [0.03666819523779776, 0.018831851828465813, -0.03346892076482169, -0.023385995064404162]
A2: [0.06442394311448406, -0.17270983971360854, 0.08730004692979453, 0.024924253562180934] - [0.02932072304274648, 0.20032871582856526, -0.10167987974255688, -0.127843401275577] - [-0.09327185872789859, 0.5138166504646237, -0.22546694329140057, -0.19496375363356105] - [-0.02601125286034007, 0.01843520452487304, -0.0503711718837358, 0.056897010083885]
B1: -2.511703323210279e-05 - -0.00015145655434238632 - -0.00022478147535878853 - 5.462054788219517e-05
B2: 7.879753513155007e-05 - 1.7738119487187097e-05 - -0.00023783378873986876 - -8.790549859143603e-05
