Number: 2677
Error: 6.490141503813801e-09
A1: [0.06378237066486327, -0.04752636693492735, -0.023099425663040064, 0.008200480827425822] - [0.04389410916156349, 0.19149491379170108, -0.14232521822790684, -0.09225669151411599] - [-0.12284897522179936, 0.4154568857565503, -0.10425614133747396, -0.18647144064430637] - [0.03718096787674093, 0.0193464009585543, -0.032953676501195656, -0.02287404067729138]
A2: [0.0633639343981821, -0.17376229687040118, 0.08624977527160696, 0.02388439332127342] - [0.029095776156325075, 0.2001073220027629, -0.10190379302947575, -0.12806304544917405] - [-0.09320929927891494, 0.5138794269196065, -0.22540630059861164, -0.19490287955757774] - [-0.025618693524866964, 0.018828456601054297, -0.04998194939586623, 0.05727860044599443]
B1: 0.00017513104487886145 - 0.0001874458341406801 - 4.060003618802318e-06 - 1.183013357121217e-05
B2: 2.1701172981414784e-05 - 3.585821944253892e-05 - -5.87700048527367e-05 - 0.00011880287763783921
