Number: 4206
Error: 9.45316159906182e-16
A1: [0.06621316354736634, -0.11395209743854089, -0.023983968400285917, 0.07172285004567416] - [0.037402611134553135, 0.18819336848642243, -0.1474089477559171, -0.07818701115465694] - [-0.06022938768243271, 0.32895078441625314, -0.12775312569024228, -0.14096833812987256] - [0.039046099873299336, -0.053322742318408535, -0.03741864772910218, 0.05169506354718159]
A2: [-0.009108491304034766, -0.346803095846244, 0.24945517549242488, 0.10645676846494734] - [0.08003983935628012, 0.0362822716128632, -0.05025009740736098, -0.06607194451641929] - [-0.042452875391632415, 0.23083182935612007, -0.040531305485773626, -0.1478479008333603] - [0.06813485064198115, -0.2934677730896342, 0.14177131857392022, 0.08356194102591231]
B1: 3.552858064149476e-08 - -3.34364102797087e-09 - -2.888505479168268e-08 - 2.2829799088407074e-08
B2: 1.973866845713507e-08 - 2.6736459832297283e-08 - 8.140248175838159e-09 - 3.0864855245834533e-09
