Number: 6169
Error: 1.0012013803394604e-15
A1: [0.08043160736841513, -0.18046788805795705, -0.01958893419705898, 0.1196248944308315] - [0.03741550632240567, 0.13359631255937612, -0.13472625972285815, -0.03628589872794255] - [-0.001702808545073492, 0.22819012697426805, -0.1228283721928169, -0.10365889975954014] - [0.03886321682881112, -0.11448103610333403, -0.04641645898487399, 0.12203421036356482]
A2: [0.035307403903626765, -0.029273515062937225, -0.07569738718177077, 0.06966336676162838] - [0.10289377131588298, 0.28289672208553984, -0.39260637628363604, 0.006816017622406277] - [-0.011187151860177704, 0.5390145385085624, -0.359451064588223, -0.16837651922160418] - [0.09786278109467823, 0.0174632980990312, -0.1688510279473941, 0.05352485916037546]
B1: 1.6396941171806395e-08 - 2.2930551755236937e-08 - 1.810459955035744e-08 - 4.187786939129622e-09
B2: 2.0366040413202878e-10 - -1.1153471820888017e-08 - 2.888618843977155e-08 - 3.8352358170035114e-08
