Number: 7385
Error: 1.345212208627785e-15
A1: [0.0804316989677651, -0.1804677964689889, -0.0195888427072398, 0.11962498601971595] - [0.03741553182545422, 0.1335963380431209, -0.13472623427061953, -0.0362858732390228] - [-0.0017028070683875983, 0.22819012845091496, -0.12282837071829479, -0.10365889828324762] - [0.03886318153840715, -0.11448107129470735, -0.046416494252794496, 0.12203417509508926]
A2: [0.035307393001229655, -0.0292735259954691, -0.07569739754769317, 0.06966335535114933] - [0.10289378550528774, 0.2828967363953736, -0.39260636255980585, 0.0068160324807704665] - [-0.011187003790103378, 0.5390146874617885, -0.3594509244366453, -0.168376363195023] - [0.09786283421792438, 0.01746335146391657, -0.16885097737750432, 0.05352491492249118]
B1: -3.243619755767656e-08 - 6.689851888217326e-10 - 1.6588696890379186e-08 - -9.264058584903351e-11
B2: 1.704574387829499e-08 - -3.4103005738365796e-08 - 2.0722459138948882e-08 - -2.6542684857509428e-08
