Number: 5923
Error: 1.6245306030588223e-09
A1: [0.08067187098427751, -0.18022766485016437, -0.019348945309049174, 0.11986513710776106] - [0.037697100856403085, 0.1338776727325281, -0.13444520854683897, -0.036004447608919445] - [-0.0015221177087533537, 0.22837081177299057, -0.12264792220986273, -0.10347824529961282] - [0.03907659524179529, -0.11426822951509774, -0.04620317848628048, 0.12224747294228142]
A2: [0.03533626211556884, -0.029244590547469914, -0.07566996511929562, 0.0696935756502985] - [0.10292829895174951, 0.28293153819539896, -0.3925730061969625, 0.006852129296893571] - [-0.01125031495168141, 0.5389510107863997, -0.359510864195217, -0.16844310588124314] - [0.09784620677817518, 0.0174466492367689, -0.16886682057961772, 0.05350744920729915]
B1: 9.691489410706465e-05 - 4.237893549298608e-05 - 5.467063997656687e-06 - 4.388042993374823e-05
B2: 2.6865817038199752e-05 - 5.5850145747510566e-05 - 6.448401961159509e-05 - 1.0453814732030166e-05
