Number: 7263
Error: 1.2584582954809924e-15
A1: [0.08043167997972374, -0.18046781545487567, -0.01958886167257041, 0.11962496703384484] - [0.03741558239745008, 0.13359638857684167, -0.13472618379938991, -0.03628582269504116] - [-0.0017028267448728719, 0.22819010877485474, -0.12282839036596183, -0.10365891795447958] - [0.038863224746630946, -0.11448102820773884, -0.04641645107210085, 0.12203421827645956]
A2: [0.03530751145500323, -0.029273407214086545, -0.07569728492329654, 0.06966347932580197] - [0.10289371697580083, 0.28289666728427226, -0.392606428840646, 0.006815960720405534] - [-0.011187131846929063, 0.5390145586411706, -0.3594510456452817, -0.1683764981328987] - [0.09786282370641926, 0.0174633409045973, -0.16885098738378332, 0.0535249038888391]
B1: 1.1984898595363109e-08 - -1.931902684985488e-08 - -2.2705716003746338e-08 - -7.676360789425474e-10
B2: -7.131982868380517e-09 - -6.6699442280557015e-09 - -6.847816070204167e-09 - -7.940504023941149e-09
