Number: 2872
Error: 7.019727074442198e-09
A1: [0.06345746011710554, -0.04784931009100224, -0.02342085393512259, 0.007877994352726974] - [0.043690203380314166, 0.19129809855153193, -0.14253521879920356, -0.09248060426959111] - [-0.12321280661296143, 0.4150913838057446, -0.10462704403232732, -0.18684221970798096] - [0.03711459353106752, 0.019277217163920977, -0.03302288955985686, -0.02294313004956224]
A2: [0.06363587626588514, -0.17349253273943532, 0.08651538466127805, 0.024147155869416174] - [0.029344476852910376, 0.20035252673499562, -0.10165589074382188, -0.12781980963597175] - [-0.09324433278857001, 0.5138445566736886, -0.22544046714795188, -0.19493832301289085] - [-0.026381570529107477, 0.018068703844786614, -0.050742067549625666, 0.05653486374931241]
B1: 0.00014473166372482181 - 0.00010676302023685853 - -0.00026355453045280423 - 0.0002438413107777949
B2: 8.891424505575791e-05 - 8.328624847008696e-05 - 6.037690758992474e-05 - 8.688226585237542e-05
