Number: 3614
Error: 1.0013162074935825e-12
A1: [0.06621163940240628, -0.11395358750999521, -0.023985491374286096, 0.07172132845826543] - [0.03740613908164099, 0.1881967391964502, -0.14740547951651256, -0.07818354260331026] - [-0.06023059037738398, 0.32894962932871463, -0.12775430253223702, -0.14096950869369054] - [0.03904667426710407, -0.053322197136410246, -0.03741809204272496, 0.05169561471285255]
A2: [-0.0091119631591788, -0.346806778978677, 0.24945167554939518, 0.10645312836070497] - [0.08004314212424028, 0.03628582966443369, -0.05024648766480436, -0.06606830411344711] - [-0.042450615464833016, 0.23083432352460648, -0.04052888370923, -0.14784540145955763] - [0.06813595589344351, -0.29346655617928097, 0.14177251679626804, 0.08356318022207873]
B1: 1.7744491810484438e-06 - -1.057533489662521e-06 - -2.1417697500363764e-06 - 1.3660926017381018e-06
B2: -7.443034772455649e-07 - 5.781987015806045e-07 - -7.639058186076128e-07 - -9.851347006815267e-07
