Number: 4093
Error: 6.741172440249777e-16
A1: [0.06621318106438683, -0.11395208031296658, -0.023983950897009526, 0.07172286753329754] - [0.03740262077671417, 0.18819337769885142, -0.1474089382769365, -0.07818700167483487] - [-0.0602293429151038, 0.32895082741278986, -0.12775308188358586, -0.14096829455883494] - [0.03904617674226905, -0.053322669357293816, -0.037418573360955124, 0.05169513731148032]
A2: [-0.009108555209234434, -0.3468031636396766, 0.24945511107016752, 0.10645670146382832] - [0.08003983246277707, 0.036282264186584944, -0.05025010494156748, -0.06607195211460183] - [-0.04245285566860526, 0.23083185112366403, -0.04053128434982004, -0.14784787902046503] - [0.06813482467440658, -0.29346780168105546, 0.14177129042258155, 0.08356191191148232]
B1: 8.947378520750612e-09 - -1.9844293024904792e-09 - -1.975076683178203e-08 - 1.438567040241583e-08
B2: -2.1842265396900606e-10 - 7.611117350804795e-09 - -3.779764635619664e-09 - 9.251410668958073e-10
