Number: 3906
Error: 7.02505739457785e-16
A1: [0.0662131323600466, -0.11395212792891739, -0.02398399956313163, 0.07172281891069497] - [0.037402556184362196, 0.18819331598524622, -0.14740900177617464, -0.07818706517968659] - [-0.060229469205500194, 0.32895070611786675, -0.12775320546389993, -0.1409684174744711] - [0.039046158860356936, -0.05332268633012278, -0.03741859066110038, 0.05169512015180638]
A2: [-0.009108650211945853, -0.34680326442274906, 0.24945501529878786, 0.10645660185862603] - [0.08003977727002849, 0.03628220472817153, -0.05025016526411029, -0.06607201294936693] - [-0.042452972442418656, 0.23083172224474843, -0.040531409489308425, -0.1478480081679867] - [0.06813471870596569, -0.2934679183569737, 0.14177117554254715, 0.08356179310121109]
B1: -5.781181379940605e-08 - -3.160543013066235e-08 - -1.1543955835636653e-08 - 6.468823851095175e-08
B2: -6.560627046289031e-09 - -1.6863195717752555e-08 - 4.0746328564401636e-08 - -2.910212452587116e-08
