Number: 6667
Error: 9.596961533851644e-16
A1: [0.08043167496035997, -0.18046782047367171, -0.01958886668593562, 0.11962496201505371] - [0.03741557898660767, 0.13359638516857844, -0.13472618720344223, -0.03628582610399607] - [-0.0017028551717923996, 0.22819008034853888, -0.12282841875126574, -0.10365894637381651] - [0.03886322827036254, -0.11448102469389423, -0.04641644755061269, 0.12203422179800284]
A2: [0.035307426104753965, -0.02927349280040185, -0.07569736607324405, 0.06966338999753845] - [0.10289377511410114, 0.2828967259159928, -0.3926063726100455, 0.006816021599691482] - [-0.01118722488394967, 0.5390144650492312, -0.359451133706806, -0.16837659616929052] - [0.09786275376418326, 0.017463270644219375, -0.1688510539642581, 0.053524830472257874]
B1: 3.771369350412004e-09 - 2.8528088734361806e-08 - -3.433976095522969e-08 - -1.0556011359723081e-08
B2: -3.911473268872954e-09 - 8.090208226063027e-10 - -1.7125386130045382e-08 - 5.322295633952468e-11
