Number: 2431
Error: 7.579257441173729e-06
A1: [0.06562231387105355, -0.045840258234786026, -0.02114448336403302, 0.010076487072629516] - [0.03676089705053598, 0.18450348283441814, -0.14983100759420673, -0.10017558865704222] - [-0.1298970183185514, 0.40854037460598824, -0.11179801492085045, -0.19383024943021054] - [0.05037540375241554, 0.03287128320655471, -0.01966341286905544, -0.009684722449734073]
A2: [0.06568596037203628, -0.17143333989738432, 0.08886428989422791, 0.026405789209346185] - [0.021733412929212728, 0.19285403441258037, -0.10929267357150446, -0.13534173036796296] - [-0.10060656222394783, 0.5070943460051094, -0.23184943483968692, -0.20156890775788308] - [-0.032637244144340126, 0.012091219792983825, -0.05639517406922065, 0.050706878932031144]
B1: -0.0002051887923103159 - -0.004005870255061517 - 0.001975692349998024 - -0.0010218248283646125
B2: -0.0035843082544854904 - -0.006016177415637519 - 0.004597061810070923 - 0.0069793075750642425
