Number: 7049
Error: 9.18967546639048e-16
A1: [0.08043169475684916, -0.1804678006794239, -0.019588846913114636, 0.11962498180928258] - [0.03741559798668644, 0.13359640415427732, -0.13472616824121866, -0.03628580711444157] - [-0.001702813739148602, 0.22819012178029746, -0.12282837737928712, -0.10365890495223107] - [0.038863237031334666, -0.11448101595750743, -0.04641643879522209, 0.12203423055353037]
A2: [0.03530738964434794, -0.029273529361650286, -0.07569740073933802, 0.06966335183777658] - [0.10289379160186357, 0.28289674254369046, -0.39260635666328897, 0.0068160388647832675] - [-0.011187067064062015, 0.5390146238104384, -0.3594509843268742, -0.16837642986894874] - [0.09786279533346301, 0.017463312402584065, -0.1688510143930048, 0.0535248741064808]
B1: -9.586319024977178e-09 - 9.159684628602181e-09 - 1.1499607146897145e-08 - 4.028673719281988e-11
B2: 1.021874873672634e-09 - 9.703475249188288e-11 - 7.10389474101323e-09 - -1.4178838268595523e-09
