Number: 5166
Error: 7.942245538795446e-16
A1: [0.06621316801663513, -0.11395209306915444, -0.023983963934549213, 0.07172285450740397] - [0.03740252265859654, 0.18819328395366045, -0.14740903473454023, -0.07818709814099463] - [-0.06022951754486275, 0.3289506596902163, -0.12775325276607757, -0.14096846452200806] - [0.03904614324602031, -0.05332270115054648, -0.03741860576736044, 0.05169510516814055]
A2: [-0.009108642623849021, -0.3468032563726413, 0.24945502294805594, 0.10645660981461139] - [0.08003984456557156, 0.036282277224792, -0.05025009171378253, -0.06607193877457385] - [-0.0424527883036671, 0.23083192547171502, -0.040531212158819344, -0.1478478045173997] - [0.06813479930383189, -0.2934678296152997, 0.14177126291802827, 0.0835618834662762]
B1: -3.279394828331362e-08 - -1.2985057803182184e-08 - -7.95408976201694e-09 - -1.3243993642940055e-08
B2: -3.36347500045898e-08 - 2.641802308020388e-08 - -3.962670381473725e-08 - -1.4036437671807175e-08
