Number: 4277
Error: 1.0377505576191673e-15
A1: [0.06621323703505522, -0.11395202559305709, -0.023983894970261353, 0.07172292341003363] - [0.037402600219331374, 0.1881933580576673, -0.14740895848641708, -0.0781870218861042] - [-0.06022928731551486, 0.3289508808131425, -0.12775302747710612, -0.14096824044496975] - [0.039046080959097826, -0.05332276027104801, -0.037418666027956744, 0.051695045396900015]
A2: [-0.009108446609108612, -0.34680304843193244, 0.2494552205489912, 0.10645681532510409] - [0.08003979996935971, 0.03628222918186974, -0.050250140455024385, -0.06607198792960421] - [-0.042452816941836335, 0.23083189386493336, -0.04053124284866281, -0.14784783619009823] - [0.06813481241917385, -0.29346781517461407, 0.14177127713672324, 0.08356189817105812]
B1: -1.2533754980935108e-08 - 9.131515022996497e-10 - 1.637135037634618e-08 - 2.6622727846517004e-08
B2: 3.6497448059599193e-08 - 8.850460686128682e-10 - 2.941594324581471e-08 - -3.9576863887619904e-08
