Number: 7430
Error: 9.582545117778374e-16
A1: [0.08043170044722489, -0.1804677949896982, -0.019588841229550843, 0.11962498749900537] - [0.037415605610653636, 0.133596411772473, -0.1347261606324419, -0.03628579949469853] - [-0.0017027836899062493, 0.22819015182889898, -0.12282834737404126, -0.10365887491100412] - [0.03886325633880427, -0.11448099670423038, -0.04641641950006508, 0.12203424984899423]
A2: [0.03530723528960921, -0.02927368414329676, -0.07569754749798376, 0.06966319028892287] - [0.10289368504817119, 0.2828966350856781, -0.39260645972064306, 0.0068159272875338] - [-0.011187133969135673, 0.5390145565063106, -0.3594510476540021, -0.16837650036912843] - [0.09786274311537468, 0.017463259946980485, -0.16885106410128142, 0.05352481929452675]
B1: -5.716459505863899e-09 - 2.8914405385966785e-08 - 5.782595052484562e-08 - 2.918870596705816e-08
B2: 7.241231645238501e-09 - 3.6025093287075244e-09 - 3.323291475316487e-08 - 1.2523179975350853e-08
