Number: 9222
Error: 1.0309357720508373e-07
A1: [0.0549748398988576, -0.14620118377952548, -0.025200210079511752, 0.123629622594454] - [0.004098897969299963, 0.12962246835557492, -0.11481348116060723, -0.023763607726050403] - [-0.01349494890027366, 0.22404210582759995, -0.12609220980613697, -0.08065471842723337] - [0.029353219686235874, -0.09781666042322386, -0.04721519380098482, 0.12450920010976736]
A2: [0.08893466432933281, -0.07322525290755308, -0.12393641037525736, 0.1069621118919694] - [0.10914721656726638, 0.25011828280055914, -0.4045470475539775, 0.04650042896207947] - [0.03645331325367908, 0.4623724847922099, -0.3778952598206055, -0.12165710288825826] - [0.1438028743631363, -0.044228639026525386, -0.20113023075391764, 0.10306141665844934]
B1: -2.8770679267237548e-05 - 0.00023644298954574088 - 0.00012174171446631581 - 0.00013980723375850386
B2: -0.0005556285532748105 - 0.00021061388124047129 - 0.0007917196007724296 - -0.0005265241161173338
