Number: 2263
Error: 3.171976378399514e-05
A1: [0.053238700639406486, -0.050713764924004284, -0.026560744918859798, 0.0027481963058498455] - [0.042458712381396035, 0.18210602695289785, -0.16045398998573887, -0.10841214172663867] - [-0.1134235312104021, 0.43938797886370806, -0.07627562402662981, -0.15853938398860265] - [0.018025146691243055, 0.0149825408486845, -0.032528041410129924, -0.03316116299256952]
A2: [0.025245058029712757, -0.22099405566626162, 0.05296870281143159, -0.016031344906261437] - [0.017078595107043387, 0.18856682431521626, -0.11154991741274789, -0.14081101949206415] - [-0.187025422072328, 0.4393747224855398, -0.3128706967935068, -0.284911206150543] - [-0.10287960577756183, -0.04005931207991436, -0.12344551598264172, -0.010202157389349882]
B1: 0.0037556027800299723 - 0.02416638874211232 - 0.0019651882581865447 - -0.013152237797427975
B2: 0.0005922021777511645 - -0.004001116732577494 - -0.0018441180649765368 - 0.005559027877736949
