Number: 2625
Error: 7.548113428524178e-08
A1: [0.06429533191621305, -0.047012078821215456, -0.02258867912224168, 0.008712967898881166] - [0.04372764432797043, 0.19133363703153858, -0.14249664242699783, -0.09243943250413378] - [-0.12229337777104266, 0.4160164099465287, -0.1036935344382459, -0.18590964034077556] - [0.037837783140890986, 0.02000739636753631, -0.03229533245850097, -0.02221710575180035]
A2: [0.06420929045610171, -0.17292554420380588, 0.0870953860815529, 0.024718374537250863] - [0.029951236032715035, 0.2009500462017976, -0.10105141811570884, -0.12722608176758352] - [-0.092459470627132, 0.514614865928482, -0.22465538031903692, -0.19417739311685656] - [-0.02493153208432704, 0.019514123365481705, -0.049295823964254956, 0.057945584193433756]
B1: -9.84749377696957e-05 - -0.00020926446016515437 - -0.0001414380697192264 - -0.00018734180842170316
B2: 1.4742043351504043e-05 - 0.00034786833037035237 - -5.330134331874291e-05 - 1.081407686904796e-05
