Number: 1021
Error: 0.0007297796739982761
A1: [-0.006037822845084119, -0.014126865416750567, 0.012954619619174344, 0.01534919735673873] - [0.08450228120001323, 0.20670713368372454, -0.12747532959057092, -0.0898568309540272] - [-0.1257333481737712, 0.39271975658468783, -0.1022184996494411, -0.3046936082950618] - [0.11487622820063992, 0.1021937728041885, 0.10154410059400032, 0.15573099313256017]
A2: [0.12717526832025788, -0.22056418920652388, -0.022014859440211053, -0.01541214182193082] - [0.07064713449821222, 0.24010183540590024, -0.08081657515447341, -0.08715877158646568] - [-0.13887204430913352, 0.5235875693937255, -0.27870376556633314, -0.30145429196587686] - [-0.028847332648339833, -0.0316724181943172, -0.017593525738757554, -0.006398472383062986]
B1: 0.021899762952426138 - -0.04779043575471811 - -0.006712742306560986 - -7.569886089379974e-05
B2: -0.004900074770537166 - 0.02432836512553461 - -0.012531355942093998 - 0.03944882610769043
