Number: 7085
Error: 1.049231903637447e-15
A1: [0.08043169563073797, -0.18046779980563396, -0.0195888460402708, 0.11962498268307153] - [0.03741559731267664, 0.13359640348077786, -0.13472616891388536, -0.03628580778807796] - [-0.0017028004022489882, 0.22819013511691222, -0.12282836406191537, -0.10365889161889097] - [0.03886324035180183, -0.11448101264635904, -0.046416435476870875, 0.12203423387193371]
A2: [0.035307568273119386, -0.02927335023881865, -0.07569723090135054, 0.0696635387921293] - [0.10289366811121528, 0.2828966180049682, -0.3926064761018409, 0.0068159095520455995] - [-0.011187128355324923, 0.5390145621536008, -0.35945104234039693, -0.16837649445368258] - [0.09786286475277438, 0.017463382137658474, -0.16885094831030248, 0.053524946974146205]
B1: 2.332557757201423e-08 - -9.038732324672814e-09 - -1.2330577485423527e-08 - 9.04980397835297e-09
B2: 2.6124472992630176e-09 - 2.9391059886527067e-09 - 9.559792333396732e-09 - 1.3524032802489523e-09
