Number: 7356
Error: 8.766158146450916e-16
A1: [0.08043162368055147, -0.1804678717476737, -0.019588917904426798, 0.11962491074110262] - [0.03741558079181766, 0.1335963869724234, -0.13472618540182418, -0.036285824299784115] - [-0.0017029070444470739, 0.22819002847699027, -0.12282847054796683, -0.10365899823262376] - [0.03886321760850397, -0.11448103532583627, -0.04641645820568223, 0.1220342111427683]
A2: [0.03530734677964297, -0.02927357234491186, -0.07569744149460368, 0.06966330697525201] - [0.1028936919466262, 0.2828966420426739, -0.39260645304854236, 0.00681593451121258] - [-0.011187075230686443, 0.5390146155951016, -0.35945099205675, -0.16837643847441397] - [0.09786275008674297, 0.01746326695005345, -0.16885105746498205, 0.053524826612181504]
B1: -4.3728504604146364e-08 - -2.2298888906288928e-08 - 2.6498025018085374e-09 - -1.0034897686468702e-08
B2: -2.880934007498103e-08 - 9.5247341309183e-09 - -5.195062689319348e-08 - 4.908241647467833e-09
