Number: 9207
Error: 1.8424271253450585e-07
A1: [0.05195461147019294, -0.1492253127288785, -0.028218623615346276, 0.12060465930689306] - [0.005015615093374192, 0.13054224728047298, -0.11389504802416171, -0.022843194351515654] - [-0.014575330147257695, 0.22296052053887458, -0.12717282804494132, -0.08173588118141344] - [0.025758584776698457, -0.1014140499613404, -0.0508190621534051, 0.12090214309594798]
A2: [0.09147913498999671, -0.07068861517028688, -0.1214479136234995, 0.10953935546446876] - [0.10891929596807484, 0.2498845320454693, -0.4047723386199685, 0.04626957624827617] - [0.03741022937848026, 0.46331937117205674, -0.37696201586885053, -0.12068906639511782] - [0.14318410948010535, -0.04485219660480334, -0.20173697586821784, 0.10243455675451145]
B1: 0.0007978237035566262 - 0.00011471174141574274 - 0.0006593789752549404 - -4.3237466334895564e-05
B2: 0.0006277300128785827 - 4.356285177734546e-05 - 0.00030708413128323244 - 0.0006194679639446946
