Number: 765
Error: 3.911732090781919e-14
A1: [-0.012153149731288263, -0.014516919377133314, 0.01808755320728777, 0.008583358199791407] - [0.06583572072763862, 0.1894957277424159, -0.14532206849528553, -0.1100080204136328] - [-0.09629339075853907, 0.42178578380042336, -0.05345767693889486, -0.272036103220377] - [-0.0013216525992865765, -0.018219391385706253, -0.0038352729044035033, 0.02337656749490865]
A2: [0.1615864197316979, -0.16775506867530635, 0.008501038881024233, -0.002333362998769247] - [0.03548563794699316, 0.2075166375696076, -0.11721050943657706, -0.12579211326911033] - [-0.08621356884762058, 0.5815380981034195, -0.23538875015073726, -0.2599355917362035] - [-0.003835253823848172, -0.004519571568199435, 0.0011099732872220504, 0.00724311864110695]
B1: 1.0461270779298247e-07 - -1.1598156108298297e-07 - -9.400959035237378e-08 - 1.5510432943705575e-07
B2: -7.402864240462807e-07 - 7.3305996918788e-07 - -1.458481989774911e-06 - 1.4126479388896477e-06
