Number: 9841
Error: 9.062231256991122e-16
A1: [0.0531724944234255, -0.14800132671310576, -0.026999102976142286, 0.12182776623835391] - [0.005313721100650152, 0.13083669555363492, -0.11360074248877362, -0.02254976209064299] - [-0.01444451101112857, 0.22309158638240426, -0.12704121400410046, -0.08160596744577761] - [0.02714645038023195, -0.10002004775369375, -0.04942451813553837, 0.12229811066358848]
A2: [0.08925448099658174, -0.07291335065910753, -0.12362740154841735, 0.10728640300899563] - [0.10884157052432904, 0.24981402280870418, -0.4048454446729924, 0.046189319150479684] - [0.036635641231679526, 0.46255483023235044, -0.37771773368306744, -0.12147356122443484] - [0.14342619988288285, -0.04460685577029878, -0.20149976329267574, 0.1026796257151316]
B1: -4.0402818167006174e-08 - -2.23864217597001e-08 - -1.5192890482644334e-08 - 7.989563887923733e-09
B2: -3.068274620631113e-08 - -2.6342486669046253e-08 - -3.281609611155483e-08 - -1.2873546510033083e-08
