Number: 7511
Error: 1.007109625524421e-15
A1: [0.080431711725472, -0.18046778371273098, -0.0195888299647914, 0.11962499877596164] - [0.03741560976036951, 0.13359641591904575, -0.1347261564909963, -0.03628579534728369] - [-0.0017027915624950318, 0.2281901439564774, -0.12282835523510341, -0.1036588827814928] - [0.038863254902376396, -0.11448099813662949, -0.04641642093557957, 0.12203424841345667]
A2: [0.03530741711913409, -0.02927350181086283, -0.07569737461668052, 0.06966338059312989] - [0.10289378144025743, 0.28289673229584583, -0.39260636649144703, 0.006816028224088503] - [-0.011187066472632526, 0.539014624405396, -0.35945098376705237, -0.1683764292457503] - [0.09786285035402147, 0.017463367673412656, -0.16885096201696753, 0.05352493186012476]
B1: -7.48713659790716e-09 - 8.419730470857893e-09 - 1.906647393069068e-08 - 3.962371684981734e-09
B2: 7.159691100946913e-09 - 5.1815531960748025e-09 - 1.2386826887618138e-08 - 3.5762652338472358e-09
