Number: 5395
Error: 1.5675276362806024e-15
A1: [0.06621314540809561, -0.1139521151724156, -0.02398398652529648, 0.07172283193685242] - [0.0374026768046958, 0.18819343122997673, -0.14740888319699774, -0.07818694659005092] - [-0.06022937186336523, 0.32895079960932794, -0.1277531102105846, -0.14096832273321683] - [0.03904603896085552, -0.05332280013414945, -0.037418706659711094, 0.05169500509497622]
A2: [-0.00910871891504635, -0.3468033373052808, 0.2494549460393994, 0.10645652982769704] - [0.080039739476979, 0.0362821640144525, -0.050250206569231, -0.06607205460543455] - [-0.04245291088993382, 0.23083179017844332, -0.04053134352697254, -0.14784794009264215] - [0.06813472814631212, -0.29346790796253713, 0.1417711857764247, 0.08356180368590482]
B1: -6.872669982012086e-09 - -1.0098661186467072e-07 - 2.480772601795629e-08 - 4.2246097625741144e-08
B2: -5.397595060893826e-08 - -1.098787994428683e-08 - 9.139526638012287e-09 - -8.041983121106657e-08
