Number: 1893
Error: 1.2758022212975504e-06
A1: [-0.015670807715799866, -0.023497433476578754, -0.005776901512172959, 0.010756400035600897] - [0.0689813939017083, 0.19196299915394702, -0.14450172132304182, -0.10746458864747725] - [-0.11063508959535838, 0.44367812537035395, -0.06882560966010184, -0.2560075725595498] - [-0.027128484894297457, 0.011673837637643307, -0.03384638027871885, 0.03494534513548279]
A2: [0.13110291976232835, -0.22518166755444674, 0.022105187447852562, 0.06963211818560391] - [0.03247590682107827, 0.20359412942154637, -0.11505011338055622, -0.12160927760368201] - [-0.09417238277972523, 0.5559635847462405, -0.23474859063875478, -0.22512668788706722] - [-0.020070564778450914, -0.018586331843073418, 0.008795966851953852, 0.032859714307949726]
B1: 0.0006099817451690538 - 0.00019439606003728038 - -2.601697479565643e-05 - -0.0007338285289204285
B2: 0.0016601419417353795 - 0.0008587098361370804 - -0.00078096001458312 - 0.000891551504769294
