Number: 6446
Error: 9.100713699563239e-16
A1: [0.08043170499525211, -0.18046779044218111, -0.019588836686956584, 0.1196249920465155] - [0.037415601966568346, 0.13359640813114554, -0.13472616426926937, -0.03628580313676452] - [-0.0017028066165769228, 0.2281901289027208, -0.12282837026714342, -0.10365889783155995] - [0.03886322366691968, -0.11448102928441946, -0.046416452151121626, 0.12203421719742151]
A2: [0.03530744940471677, -0.029273469435994404, -0.07569734391994334, 0.06966341438348361] - [0.10289376779028804, 0.2828967185300215, -0.39260637969354245, 0.006816013930590213] - [-0.0111870763540757, 0.5390146144650283, -0.3594509931200957, -0.1683764396581251] - [0.09786281631162823, 0.017463333476172883, -0.1688509944231557, 0.05352489612673186]
B1: -4.180530070175049e-10 - 1.1338170271927993e-08 - 4.019255906306407e-09 - 3.019167389426635e-09
B2: 1.1332822186617077e-08 - 4.356684692384976e-09 - 1.0443734566183438e-08 - -8.285179743954054e-09
