Number: 550
Error: 4.285749812386187e-14
A1: [-0.012152687075045812, -0.014516444182232007, 0.018088064586848952, 0.008583852603169588] - [0.06583576798417777, 0.1894957732012323, -0.14532201963636063, -0.11000796779857126] - [-0.09629206916517125, 0.42178706110338304, -0.053456242844972406, -0.27203456349767363] - [-0.001319874660576464, -0.01821768151033883, -0.0038333803400419234, 0.02337862250102595]
A2: [0.1615869662451786, -0.16775453245127322, 0.008501574382481562, -0.0023328302215880935] - [0.03548569193206729, 0.20751669068733358, -0.11721045567788844, -0.1257920604578595] - [-0.08621384612944065, 0.5815378265120599, -0.2353890199506998, -0.25993586212739317] - [-0.003835243641678143, -0.004519561552947816, 0.00110998337106258, 0.00724312838067439]
B1: -9.233536736639492e-08 - -1.7446401148959537e-07 - -1.196135513701084e-07 - -2.477446790335572e-07
B2: -6.392332552178884e-08 - 4.2951896955284074e-07 - -4.99714626993993e-07 - -7.498086655888898e-08
