Number: 8454
Error: 9.904577859005071e-16
A1: [0.08043172898419766, -0.18046776645594578, -0.019588812726727148, 0.11962501603271665] - [0.03741554063044401, 0.133596346841435, -0.1347262254830644, -0.03628586443886262] - [-0.0017028115755060743, 0.22819012394389326, -0.12282837521880997, -0.10365890278915284] - [0.03886329878608868, -0.11448095437602807, -0.04641637707981225, 0.12203429226992696]
A2: [0.03530745656902573, -0.02927346225183944, -0.07569733710814515, 0.06966342188164326] - [0.1028938059877257, 0.2828967570516663, -0.3926063427493733, 0.006816053928772613] - [-0.011187031867537991, 0.5390146592168271, -0.35945095101244046, -0.16837639278132424] - [0.09786283197955588, 0.01746334921533797, -0.16885097950822875, 0.05352491257285657]
B1: 1.0507726904939844e-08 - 2.993440636635079e-10 - -3.2458582438789256e-09 - 7.875887421343858e-09
B2: 2.174480876301034e-08 - -4.245743570604563e-08 - 8.256653652166409e-10 - 3.535805298691106e-08
