Number: 1366
Error: 1.5561650897080436e-09
A1: [-0.007171912854846407, -0.014978006500280501, 0.0030134219326337524, 0.019470832631656623] - [0.06686739509491635, 0.18992353912201038, -0.14669313498686876, -0.10981709516349863] - [-0.11256824990804482, 0.4418021184331501, -0.07077162545503252, -0.2580812961625918] - [-0.023435667021650366, 0.01527896891716208, -0.030002407200737304, 0.038841583323073074]
A2: [0.13167882214724236, -0.22453731543805755, 0.022757801631994805, 0.07025113995236532] - [0.03262905909995639, 0.20373231152390767, -0.11490544317649966, -0.12147429736561197] - [-0.0947874733571671, 0.5553778020427236, -0.23536418423683153, -0.2257971026753262] - [-0.020861911373426353, -0.019309896522819843, 0.008083809509147092, 0.032148505907700735]
B1: 3.329199304547405e-05 - -0.00019675277756396243 - -7.62109265225161e-05 - 4.5912490810568176e-05
B2: -7.422651245228445e-05 - -1.3397400937590278e-05 - -1.064325022956037e-05 - -1.955556085560987e-05
