Number: 3646
Error: 2.8058265372009583e-13
A1: [0.0662098097534879, -0.11395537627792399, -0.023987319559716856, 0.07171950188014348] - [0.0374037610452207, 0.18819446714603755, -0.14740781730591127, -0.07818588060464579] - [-0.060231456315867626, 0.3289487976158681, -0.12775514992562415, -0.1409703514824423] - [0.03904625968757628, -0.05332259063326161, -0.037418493116649486, 0.051695216906996556]
A2: [-0.009109806907494366, -0.3468044915100586, 0.24945384923777664, 0.10645538910697144] - [0.0800404563500717, 0.036282936293959615, -0.05024942306687551, -0.06607126444422645] - [-0.042452118112157676, 0.23083266513278577, -0.040530493957864205, -0.14784706330861558] - [0.06813435932694496, -0.2934683140589781, 0.14177078593489845, 0.08356139015660899]
B1: -2.5809326698361886e-07 - -3.854170911376783e-07 - -8.378487524421443e-07 - -5.431261036543805e-07
B2: -9.357917192606835e-07 - 9.62667706132647e-07 - -7.071375898740857e-07 - -1.6450824438361046e-06
