Number: 5891
Error: 4.686089319455678e-08
A1: [0.08018393614561894, -0.18071590961062167, -0.019836051442927893, 0.11937736474120249] - [0.036419507433543684, 0.1326009343241028, -0.13571997880269623, -0.037281204094959504] - [-0.002025790140955859, 0.22786722702294548, -0.1231505478106516, -0.10398163756016468] - [0.03923356059896086, -0.11411185073722775, -0.0460460336666675, 0.12240447613412418]
A2: [0.03497459853858775, -0.029607157262821336, -0.07601372714643004, 0.06931503818807831] - [0.10326527566149758, 0.2832706322747051, -0.3922475110167121, 0.007205157020029837] - [-0.010079526557724304, 0.5401282825094146, -0.3584024061640119, -0.1672087189491965] - [0.098114182291296, 0.017715684777676734, -0.1686115683057303, 0.053788987157192346]
B1: 3.145093549713088e-05 - -0.00035123623417033953 - -0.0002059513381341604 - -6.377040214079406e-05
B2: -0.0004213374727823367 - 2.7380271803771248e-05 - 0.0005367481803442104 - -9.707500936291374e-05
