Number: 4990
Error: 1.2003189157202234e-15
A1: [0.06621329606203312, -0.1139519678850913, -0.02398383598960959, 0.07172298233794187] - [0.03740264235471919, 0.1881933983152014, -0.14740891706408485, -0.07818698046012715] - [-0.06022935211888637, 0.32895081857308306, -0.12775309088984, -0.14096830351644754] - [0.039046278347273075, -0.053322572917435924, -0.03741847506131863, 0.05169523481291941]
A2: [-0.009108488631572943, -0.34680309301134865, 0.24945517818640667, 0.10645677126673452] - [0.08003983593928997, 0.03628226793182783, -0.05025010114183442, -0.0660719482826433] - [-0.04245285830449457, 0.23083184821472605, -0.040531287174246665, -0.14784788193545673] - [0.06813476332642998, -0.2934678692278264, 0.14177122391529207, 0.08356184312908652]
B1: -3.550618409084733e-08 - -7.558497308429267e-09 - 1.4858900762196262e-08 - 2.786734609652889e-09
B2: 3.2588091865858016e-08 - 3.266386522592305e-08 - -4.270547849568741e-08 - -3.28201813569812e-08
