Number: 178
Error: 3.2500356160415747e-06
A1: [0.009933949272955976, 0.008046758707759392, 0.04233431650106861, 0.03207314522909186] - [0.06848217288376911, 0.19204717957100656, -0.14258613397621397, -0.10705224560108567] - [-0.08137470270362633, 0.43628469357794436, -0.03729905446637472, -0.2546553718676015] - [-0.007769894517819409, -0.024562822938014837, -0.010559356927126094, 0.01585292074042456]
A2: [0.1756984537940505, -0.1540179191569053, 0.022431889375817735, 0.011096469241580365] - [0.049041600843405794, 0.2208386934613886, -0.10371941279647137, -0.1125742440781232] - [-0.06872788802938831, 0.5984900712482412, -0.218390233260726, -0.2432216351923901] - [0.008644601989159542, 0.007713579866487709, 0.013496998876427635, 0.019054068985855297]
B1: 0.0025515816184709782 - -0.0037316303795308795 - 0.002241250627514674 - 0.0012441247289311005
B2: -0.008677932716526634 - -0.0008356203000135342 - 0.010778909527545958 - -0.0011159110475296055
