Number: 6534
Error: 1.2617626730291976e-15
A1: [0.08043168593762892, -0.18046780949764596, -0.01958885572179235, 0.11962497299106882] - [0.03741558021004753, 0.13359638639109128, -0.13472618598243968, -0.03628582488123361] - [-0.0017028053971693425, 0.2281901301221025, -0.12282836904952123, -0.10365889661247776] - [0.03886321664235134, -0.11448103628927438, -0.04641645917121391, 0.12203421017721898]
A2: [0.03530744096067172, -0.029273477903394646, -0.07569735194843047, 0.06966340554587129] - [0.10289373392559367, 0.28289668437791265, -0.39260641244702593, 0.006815978469296818] - [-0.011187099008476089, 0.5390145916755028, -0.359451014562969, -0.16837646352986835] - [0.09786280008115912, 0.017463317171876467, -0.1688510098735058, 0.053524879090016284]
B1: -1.8535093537661853e-09 - 1.5373069324284336e-09 - -1.8865235679121463e-09 - 3.9763701274694527e-10
B2: -2.7871293834628525e-10 - -7.250508518696298e-09 - 1.380453713532598e-08 - -1.0790340568016255e-08
