Number: 8784
Error: 1.8870916263368645e-07
A1: [0.08042136222319694, -0.18047810723106392, -0.019599174131393723, 0.11961465988521548] - [0.037203018187896376, 0.13338398079609382, -0.1349383475507507, -0.03649826387788188] - [-0.0015248936098240743, 0.2283680778938754, -0.12265071570650801, -0.10348102156708312] - [0.03897392825276022, -0.11437062280776435, -0.04630583041150913, 0.12214485527315343]
A2: [0.03459601469964198, -0.02998696410653406, -0.07637374470379878, 0.0689187369262796] - [0.10266002758835734, 0.28266088827449365, -0.3928324161116945, 0.006571201988351348] - [-0.012215579377567114, 0.5379799779437078, -0.36042450653956654, -0.16946026731397126] - [0.09725120115168805, 0.016848845085966083, -0.16943318850705313, 0.05288282755624948]
B1: -0.000319596491273508 - -0.000381179836346235 - -0.00020760248137654917 - -0.0003471102421349887
B2: 3.348777980468351e-05 - 0.0003397328532966509 - -0.00011743377863042013 - 6.806508840131477e-05
