Number: 3334
Error: 1.20106289008143e-06
A1: [0.06982680982002784, -0.11044922271685206, -0.020476190908503254, 0.07526257224113125] - [0.03354708741891504, 0.1844874112314099, -0.1511998390868099, -0.08197969660741747] - [-0.06558951962583527, 0.32394444329861455, -0.13279422705786192, -0.14603234780192426] - [0.03734416483799401, -0.05495034396365716, -0.039091382490382715, 0.050032888811038775]
A2: [-0.010872773787279105, -0.3486394824067123, 0.24785573108478695, 0.10465127472168514] - [0.07935977496078718, 0.03557349680849912, -0.05103703770504545, -0.06682396054674694] - [-0.03987148433400396, 0.23358337665605491, -0.03785867832296408, -0.14506068261478783] - [0.06898739447061901, -0.2925810475076654, 0.14265318398444524, 0.08448932239410022]
B1: 0.0007465161366493862 - -0.0015586038409469455 - -0.0006096801949171296 - -9.09985915398569e-05
B2: 0.002385688800667486 - -0.00029578902999148984 - -0.002350562475051022 - -0.0007665796868458362
