Number: 4329
Error: 1.2993326988193987e-15
A1: [0.06621321434789557, -0.11395204777324291, -0.023983917639620284, 0.07172290076095983] - [0.03740260290715423, 0.18819336062570197, -0.14740895584407818, -0.07818701924353279] - [-0.06022943956126853, 0.32895073458944446, -0.1277531764558508, -0.14096838862240707] - [0.03904632699567373, -0.05332252674238206, -0.03741842799578658, 0.05169528149629395]
A2: [-0.009108609742860764, -0.3468032214913063, 0.24945505609526933, 0.10645664428823794] - [0.08003985348348579, 0.03628228683191894, -0.05025008196712535, -0.06607192894505497] - [-0.042452863325827095, 0.23083184267273157, -0.04053129255554001, -0.14784788748894434] - [0.06813496805816852, -0.29346764380936774, 0.14177144586435833, 0.08356207267105205]
B1: 5.081723918737444e-08 - -5.671169337016163e-09 - -3.93443716762218e-08 - 5.175206354230447e-08
B2: 8.581236788662023e-08 - 1.2053029668019588e-08 - 3.914599358954849e-08 - -7.157011215831748e-08
