Number: 3885
Error: 1.1798753678167643e-15
A1: [0.06621315667140364, -0.11395210416084231, -0.02398397527085542, 0.07172284318124826] - [0.037402564541957076, 0.18819332397035965, -0.14740899356001982, -0.07818705696280544] - [-0.06022938894332855, 0.3289507832052318, -0.12775312692409208, -0.1409683393570993] - [0.03904608933077155, -0.05332275232496335, -0.0374186579286371, 0.051695053430472475]
A2: [-0.009108660383951547, -0.3468032752136631, 0.24945500504447726, 0.10645659119382941] - [0.08003978995290946, 0.03628221839127108, -0.05025015140243934, -0.0660719989699927] - [-0.04245282296422697, 0.23083188721826917, -0.040531249302491405, -0.1478478428506339] - [0.06813484595226053, -0.29346777825315207, 0.1417713134898985, 0.0835619357679455]
B1: -3.640885886382673e-09 - -6.34951827634917e-09 - -2.4592056592260052e-08 - -1.4457412940660588e-08
B2: -1.1480911957904973e-08 - -1.9509730569050343e-08 - -4.777588697908717e-08 - 2.7264666544904523e-08
