Number: 4653
Error: 1.2774093817777013e-15
A1: [0.06621319193940793, -0.11395206968098362, -0.02398394003055236, 0.07172287839003283] - [0.0374026059576836, 0.1881933635402741, -0.14740895284518085, -0.07818701624438297] - [-0.06022962077618376, 0.3289505605423928, -0.12775335378214647, -0.14096856499481705] - [0.03904598673126408, -0.05332284970859745, -0.037418757190266515, 0.051694954974785205]
A2: [-0.009108740580113872, -0.34680336028902015, 0.24945492419929735, 0.10645650711263789] - [0.08003976439481236, 0.036282190857944346, -0.05025017933589023, -0.0660720271406417] - [-0.042452946251776306, 0.23083175115069587, -0.04053138142203363, -0.14784797920172935] - [0.06813459522054123, -0.2934680543195329, 0.14177104167240787, 0.08356165465161834]
B1: 2.7657246522130534e-08 - 2.8092394991946015e-08 - 4.485430593402922e-09 - -8.087549206494388e-09
B2: -5.722801659065133e-09 - -2.9745205942757565e-08 - 7.990600404456177e-08 - -2.5932966179879884e-08
