Number: 9866
Error: 9.718091099120655e-16
A1: [0.0531726013221045, -0.14800121977513658, -0.026998996195288456, 0.12182787318858043] - [0.005313794588655606, 0.13083676911870298, -0.11360066901190267, -0.02254968849901298] - [-0.014444459621391015, 0.2230916377909641, -0.12704116265504117, -0.0816059160376974] - [0.027146448731532335, -0.10002004940239206, -0.04942451978771768, 0.12229810901069772]
A2: [0.08925450567911024, -0.07291332603365727, -0.1236273774220003, 0.10728642799586133] - [0.10884172381636098, 0.24981417612778395, -0.4048452944171942, 0.046189475021709565] - [0.03663581059213877, 0.46255499871158845, -0.37771756844654525, -0.12147339010742725] - [0.14342647408789647, -0.044606582586582615, -0.2014994955552128, 0.1026799039882871]
B1: 5.1012991174362184e-08 - 1.7300414838160935e-09 - -3.25147626564567e-08 - -9.690334407560027e-09
B2: 1.0675344608458931e-08 - 5.62719278392572e-09 - -7.211750046860652e-09 - -2.1640744337413827e-08
