Number: 8405
Error: 6.940707014822579e-16
A1: [0.08043164980833485, -0.1804678456228513, -0.019588891807928475, 0.11962493686588593] - [0.037415639609555386, 0.1335964457456553, -0.134726126701151, -0.03628576551455851] - [-0.0017028289958298905, 0.22819010652394134, -0.12282839261362785, -0.1036589202048277] - [0.038863185754784535, -0.11448106709014305, -0.04641649003910445, 0.12203417930885703]
A2: [0.03530748558752603, -0.029273433153069874, -0.0756973095176582, 0.06966345225258455] - [0.10289376654282519, 0.2828967172720035, -0.39260638090001027, 0.006816012624266302] - [-0.011187096681357221, 0.5390145940164377, -0.35945101236028426, -0.16837646107773713] - [0.09786277256427482, 0.01746328952979969, -0.1688510360678563, 0.05352485020629464]
B1: 2.380430730075971e-08 - -1.528104089870961e-08 - -1.3658280368901626e-09 - -4.622216973370851e-09
B2: -1.8953390546629996e-08 - 4.3721983445309093e-08 - 7.077575191694306e-09 - -2.4513082460043845e-08
