Number: 8611
Error: 1.1000134178165122e-15
A1: [0.08043173185899287, -0.18046776358145872, -0.01958880985535285, 0.11962501890720408] - [0.03741562027869666, 0.13359642642948366, -0.13472614599339924, -0.03628578483465268] - [-0.0017027483717828487, 0.22819018714626202, -0.12282831210763584, -0.10365883960229831] - [0.03886328649143901, -0.11448096663613216, -0.04641638936662294, 0.12203427998295067]
A2: [0.03530731137772144, -0.029273607844701302, -0.07569747515458597, 0.06966326992355104] - [0.10289374483056626, 0.2828966953754752, -0.392606401899834, 0.006815989888368442] - [-0.011187114396459598, 0.539014576195714, -0.3594510291280815, -0.16837647974466743] - [0.09786272591376353, 0.01746324266710495, -0.16885108047624928, 0.05352480123857214]
B1: -1.531848986382971e-08 - 1.335016149705626e-08 - -6.216224184845809e-09 - 1.7904584674034343e-08
B2: 1.2029466037383198e-08 - -2.160591803771612e-08 - 6.919682791938697e-08 - 8.484339853606286e-09
