Number: 2959
Error: 2.4279056490280716e-08
A1: [0.06368335733014213, -0.04762376678377639, -0.023196884601159946, 0.008101047679918092] - [0.04343974285968539, 0.1910564933149646, -0.14279286025471466, -0.0927551635386754] - [-0.12354241843618512, 0.41476690000305927, -0.10495551092028041, -0.18716762857251337] - [0.0370167093548027, 0.01918246083908062, -0.033119795783942516, -0.023037984746390735]
A2: [0.06384113326064576, -0.1732882326058567, 0.08672345391553467, 0.024352155135916778] - [0.02900855437795576, 0.20002126522822114, -0.10199098605615158, -0.12814885696963982] - [-0.09334335731688509, 0.5137471486836958, -0.2255368500327529, -0.19503125365024868] - [-0.025925032461991352, 0.018520870421400305, -0.050285240895837684, 0.056980985529096057]
B1: 0.0003021378405633047 - -8.129804837505808e-05 - -0.0001928197961570627 - -0.00016709161223332306
B2: 0.00010456280961735858 - -0.0004326347688374819 - -0.00012667054617352948 - -6.599213524689486e-05
