Number: 1188
Error: 5.346767998907595e-08
A1: [-0.007093874780420603, -0.014893132152565379, 0.0030910347221465586, 0.019543781891509446] - [0.0675380674151458, 0.19056934922772306, -0.14600007438944745, -0.10906961018367124] - [-0.11251557720329397, 0.4418602054040509, -0.07071187166179596, -0.25802927390357405] - [-0.02266715921519799, 0.01603975098957993, -0.029206046187236896, 0.03964563509293061]
A2: [0.13129119364551015, -0.22491592094206275, 0.02237838504204751, 0.0698755236923223] - [0.03283309523454449, 0.2039342990925426, -0.11470172415507801, -0.12127576339066827] - [-0.09524882472245322, 0.5549207659729022, -0.23582217353637092, -0.22626059218775826] - [-0.02328406769327419, -0.021703296178618357, 0.005681282930572575, 0.029822404040160427]
B1: -0.000592490831185202 - -0.0008565158298711555 - 0.0003197189190384451 - 0.00011483163598834182
B2: -0.00016454233205296582 - 0.00024176880891494827 - -0.00020565824168818235 - -0.0005848932119455234
