Number: 6978
Error: 9.86885320253736e-16
A1: [0.08043168789195762, -0.1804678075435377, -0.019588853769797042, 0.11962497494517535] - [0.03741559132521186, 0.1335963974978439, -0.13472617488942076, -0.036285813772226366] - [-0.0017028188323551915, 0.22819011668719996, -0.12282838246503532, -0.103658910044078] - [0.038863229622727986, -0.11448102334532403, -0.04641644619911013, 0.12203422314952728]
A2: [0.035307450316538445, -0.02927346852164938, -0.07569734305298631, 0.06966341533779809] - [0.10289377746612957, 0.2828967282879855, -0.392606370335189, 0.006816024062607555] - [-0.011187112184192452, 0.5390145784211866, -0.35945102703406356, -0.16837647741360168] - [0.09786281114880281, 0.017463328289862173, -0.16885099933782377, 0.05352489070743752]
B1: 2.1840212547565678e-09 - -7.720035128519136e-10 - -3.7449001436293e-09 - 1.7866224494507042e-09
B2: 1.3235394893175979e-09 - -5.039379239218706e-10 - 3.2558367179087307e-09 - -2.2256029431764696e-09
