Number: 6098
Error: 5.178629923843416e-15
A1: [0.08043183755606388, -0.1804676578964385, -0.019588704284669783, 0.11962512459215074] - [0.03741581262643039, 0.13359661863149222, -0.13472595402919366, -0.03628559259364317] - [-0.001702586371056846, 0.22819034914352618, -0.12282815034409578, -0.10365867764487022] - [0.03886295411339402, -0.11448129808147756, -0.04641672153289103, 0.1220339478114199]
A2: [0.03530696278677165, -0.029273957399909914, -0.07569780658967248, 0.06966290508482317] - [0.10289390201248394, 0.2828968538913776, -0.39260624987556814, 0.006816154480885865] - [-0.011187467476153271, 0.5390142210100297, -0.35945136332530647, -0.16837685179730777] - [0.097862963652101, 0.017463481486846122, -0.16885085416455298, 0.053525050786359336]
B1: 4.981267963433373e-08 - 1.7608695386316844e-07 - 1.1782177143126394e-07 - 1.0841195214920077e-07
B2: 3.8797574526843113e-07 - 5.444640427406911e-07 - -5.967796997233008e-07 - -4.8854063528440806e-08
