Number: 4061
Error: 8.585147998921347e-16
A1: [0.06621317098178335, -0.11395209017025673, -0.02398396097170059, 0.07172285746761563] - [0.03740264445956078, 0.18819340032620235, -0.14740891499488265, -0.07818697839072311] - [-0.06022942628231793, 0.3289507473431911, -0.12775316346181348, -0.140968375698291] - [0.039046085776747654, -0.053322755698325154, -0.03741866136705032, 0.051695050019976596]
A2: [-0.009108529587773959, -0.3468031364593059, 0.24945513689893523, 0.10645672832653484] - [0.0800398264832697, 0.03628225774494159, -0.0502501114768297, -0.06607195870535643] - [-0.04245284194735892, 0.23083186626728244, -0.0405312696455869, -0.14784786384528148] - [0.06813476144282511, -0.29346787130180496, 0.1417712218734288, 0.08356184101717014]
B1: -2.111955449130221e-08 - -4.6813578891231116e-09 - -3.227253257384253e-09 - 1.7849120833358552e-09
B2: -3.159908882094719e-09 - 3.373418645440947e-08 - -1.6409020834173658e-08 - -2.9281179017681565e-08
