Number: 6040
Error: 1.5360608680378835e-13
A1: [0.08043379673235565, -0.1804656989427779, -0.01958674745174548, 0.11962708354397314] - [0.03741837396877337, 0.13359917803148166, -0.1347233977961739, -0.03628303267391388] - [-0.0017008934878454103, 0.22819204199553117, -0.12282645993499468, -0.10365698521063037] - [0.03886564527298012, -0.11447861447240225, -0.046414032086608964, 0.12203663729918104]
A2: [0.03530711978775177, -0.029273799966347755, -0.07569765731015829, 0.06966306940611532] - [0.10289169516771025, 0.2828946283163034, -0.3926083843069393, 0.006813843590465657] - [-0.011186801613085155, 0.539014890847626, -0.35945073307124975, -0.16837615015337526] - [0.0978635562081684, 0.017464076739474668, -0.16885029008834476, 0.05352567277882981]
B1: -1.1665577217474462e-07 - 7.658354264183501e-07 - 1.9827909656631593e-07 - -4.810296449442395e-09
B2: -1.0026524606722037e-06 - -1.5169865574231424e-06 - 2.6307220970066688e-06 - -4.7629697687115175e-09
