Number: 9703
Error: 1.1143680421596251e-14
A1: [0.053172841509011415, -0.14800097950026678, -0.026998756273546278, 0.121828113491175] - [0.005314279559446028, 0.1308372545975709, -0.11360018411559836, -0.02254920284452043] - [-0.014444472408599597, 0.2230916249987464, -0.1270411754324387, -0.08160592882958058] - [0.027146659759645135, -0.10001983837491109, -0.049424308314886305, 0.12229832057490962]
A2: [0.08925425396698461, -0.0729135771641876, -0.12362762346279021, 0.10728617318012672] - [0.10884151128238449, 0.24981396355614868, -0.40484550274148107, 0.046189258911760574] - [0.036635803358193796, 0.4625549915154599, -0.3777175755043973, -0.12147339741638014] - [0.1434262426689985, -0.04460681314393217, -0.20149972151565546, 0.10267966913605368]
B1: -5.059031837809571e-08 - -8.530790448521751e-09 - -1.029296338980918e-08 - -4.42021309430466e-08
B2: 1.084156860254221e-07 - -1.7368095395728023e-08 - 4.500755842932954e-08 - 1.0794314331674512e-07
