Number: 6021
Error: 5.994156560398391e-13
A1: [0.08043337443270406, -0.18046612120165373, -0.01958716925045411, 0.1196266612903868] - [0.03741970285220151, 0.13360050588486214, -0.13472207159216099, -0.036281704544361915] - [-0.001701451718068144, 0.22819148379659376, -0.12282701732337242, -0.10365754327788369] - [0.0388649736071238, -0.11447928424894692, -0.046414703317029835, 0.12203596605503116]
A2: [0.03530456539587576, -0.02927636143984323, -0.07570008597497706, 0.06966039596312293] - [0.10289890538853139, 0.2829018997374554, -0.39260141068456234, 0.006821393748627367] - [-0.011183386538801765, 0.5390183263070871, -0.35944750064007325, -0.16837255156954167] - [0.09786420577945187, 0.017464729268660252, -0.1688496717356351, 0.05352635462017803]
B1: -1.1914613411834491e-06 - 1.445716664164631e-07 - 5.82049254702161e-07 - 1.352281281573627e-07
B2: -1.0458563518597532e-06 - -1.9451978211009782e-06 - 2.498012573336109e-06 - 1.7360670286380828e-07
