Number: 5348
Error: 1.0943179798010301e-15
A1: [0.066213136393621, -0.11395212398548016, -0.023983995532717236, 0.07172282293748157] - [0.03740254299408769, 0.18819330338291368, -0.14740901474313925, -0.07818707814782726] - [-0.06022953242358463, 0.32895064539975427, -0.1277532673256985, -0.14096847900330634] - [0.03904599013128298, -0.053322846481399976, -0.03741875390079466, 0.05169495823745498]
A2: [-0.009108297150595409, -0.34680288988059677, 0.24945537121625644, 0.10645697202349629] - [0.08003975933167726, 0.03628218540360888, -0.05025018486939121, -0.06607203272118359] - [-0.04245278951594656, 0.23083192413374326, -0.040531213457964774, -0.14784780585814292] - [0.06813481098509942, -0.2934678167538038, 0.1417712755815511, 0.08356189656306084]
B1: -1.0013273565448067e-08 - 5.958027116522787e-08 - -1.9187303640696776e-08 - -2.9473066971957095e-08
B2: -7.75659898943317e-13 - 2.7218090915239397e-09 - 9.243942808399998e-08 - -9.815304457886697e-08
