Number: 5676
Error: 0.00046844417737264147
A1: [0.08343700136312787, -0.09620094816131747, -0.006301224751734236, 0.08922769951951594] - [0.056569190141467905, 0.20663489571997518, -0.1287174715890985, -0.06026119745395351] - [-0.07916948600476029, 0.3088376972815282, -0.14789833215160555, -0.16322502832093785] - [0.08187706320899141, -0.010025349697569349, 0.005465140417320578, 0.09466221675994282]
A2: [-0.05895010683204448, -0.40070599798451, 0.1970025179398263, 0.05659435907566264] - [0.06244588232977355, 0.017540682793374264, -0.06960074467428905, -0.08535639316727109] - [-0.06635107099052136, 0.20424236454730146, -0.06674327853621717, -0.17308201089207956] - [0.10039328201744702, -0.2581385364908145, 0.1764409692068349, 0.12023522528787484]
B1: 0.01809430334951071 - 0.012336316351565214 - 0.007055412489279855 - -0.017575921602785975
B2: -0.013428519770464678 - -0.01643017919847366 - 0.006975836693942347 - -0.02447067303813004
