Number: 1122
Error: 1.4741337478511539e-06
A1: [-0.010262828558202288, -0.018073459712614166, -0.00011375410466775058, 0.01620784671244592] - [0.06148570966923681, 0.18471308241082846, -0.15228007600015503, -0.11576642660636965] - [-0.12089314652548885, 0.4337111535480605, -0.07935453998002162, -0.26718067206228385] - [-0.021825119284907126, 0.01679963596984143, -0.028170496983940984, 0.04047681223880857]
A2: [0.12588290085692183, -0.2302043821934014, 0.017106673398934968, 0.06451303366161287] - [0.018492688278705663, 0.18985696567357055, -0.12898030981276337, -0.13531356287646532] - [-0.09973766967760615, 0.5506452604236669, -0.24020723763839502, -0.2307521755001342] - [-0.03018369505431928, -0.028591627847947398, -0.0010777356457336543, 0.023025777815826032]
B1: -0.0012269978012241782 - 0.001400544967235464 - -0.0023112082221227264 - -0.0004394774772394068
B2: -0.0006387201116556478 - 0.0010625880560867435 - 0.0013948354779124241 - -0.0016471012837744306
