Number: 6486
Error: 1.0953868860974572e-15
A1: [0.08043169106776996, -0.18046780436808585, -0.019588850597785437, 0.11962497812062403] - [0.03741559420848051, 0.13359640037892953, -0.13472617201189893, -0.03628581089055487] - [-0.0017028149994965363, 0.22819012051998006, -0.12282837863778905, -0.10365890621224236] - [0.03886323520056659, -0.11448101778314049, -0.04641644062482421, 0.12203422872390011]
A2: [0.03530744559063494, -0.02927347326062557, -0.07569734754632224, 0.06966341039163165] - [0.10289373556166144, 0.28289668602786594, -0.3926064108646428, 0.0068159801824994185] - [-0.011187091133673912, 0.539014599597275, -0.3594510071093005, -0.16837645523191092] - [0.09786280446187888, 0.017463321572522728, -0.16885100570334566, 0.053524883688347624]
B1: -5.0257617380309116e-09 - -1.5468695039798835e-09 - -3.4768863487276143e-09 - -1.070868470866798e-09
B2: -2.238118732644604e-09 - -3.664330072503455e-09 - -1.5238091343460653e-10 - -3.899154196025734e-09
