Number: 4744
Error: 8.846715555041354e-16
A1: [0.06621321573580863, -0.11395204641634335, -0.023983916252820425, 0.07172290214649392] - [0.03740264047766009, 0.18819339652178305, -0.1474089189093901, -0.0781869823055958] - [-0.06022932605021945, 0.32895084361060206, -0.12775306538060596, -0.14096827814440507] - [0.039046184073495804, -0.05332266239867486, -0.03741856626816416, 0.0516951443466395]
A2: [-0.009108464450735555, -0.34680306735925626, 0.24945520256285622, 0.10645679661895066] - [0.08003991972997794, 0.03628235819833823, -0.05025000956347586, -0.0660718559266699] - [-0.04245283294008898, 0.23083187620834072, -0.040531259992850045, -0.14784785388346552] - [0.0681347275613092, -0.29346790860675986, 0.14177118514245596, 0.08356180302982572]
B1: -1.9461000789137982e-08 - 5.1199195290867786e-08 - 1.2620564112947899e-08 - -2.5278394917267215e-10
B2: 1.1297568622919277e-08 - 3.927724300805643e-09 - 1.607518606166814e-08 - 2.701680431672557e-08
