Number: 7114
Error: 1.3330365110640934e-15
A1: [0.08043169631723848, -0.18046779911921096, -0.019588845354591062, 0.1196249833694937] - [0.037415601881242155, 0.1335964080458862, -0.13472616435442258, -0.03628580322204302] - [-0.0017027979576350095, 0.22819013756147333, -0.12282836162088158, -0.10365888917492984] - [0.038863239845342915, -0.11448101315139673, -0.04641643598300714, 0.12203423336578952]
A2: [0.03530733290956531, -0.029273586253353297, -0.07569745468206247, 0.06966329245868778] - [0.10289380775109742, 0.2828967588299842, -0.39260634104395703, 0.006816055775386732] - [-0.011187081470643774, 0.539014609317928, -0.3594509979630175, -0.16837644504966598] - [0.09786274866244449, 0.017463265519275885, -0.16885105882080395, 0.05352482511711541]
B1: -2.4859489200659867e-08 - 1.0924264683049531e-08 - 2.2663296860756947e-08 - -1.2037796873305192e-09
B2: -3.4429826898663787e-09 - -2.8983193125134553e-09 - 9.6363139028219e-09 - -4.7902958352643335e-09
