Number: 3845
Error: 8.307623050137548e-16
A1: [0.06621310972783123, -0.11395215005537525, -0.023984022177587248, 0.07172279631646022] - [0.03740255558388365, 0.1881933154115296, -0.14740900236649257, -0.0781870657700569] - [-0.060229386319059795, 0.3289507857257044, -0.12775312435613972, -0.1409683368029591] - [0.039046219503228154, -0.053322628770225144, -0.03741853199116435, 0.051695178345355676]
A2: [-0.009108590956297721, -0.3468032015617338, 0.24945507503388353, 0.10645666398496237] - [0.0800398312309937, 0.03628226285960554, -0.05025010628782702, -0.06607195347229726] - [-0.042452786093856644, 0.23083192791073515, -0.04053120979071828, -0.147847802073347] - [0.06813479062813195, -0.29346783916746827, 0.14177125351317862, 0.08356187373933972]
B1: 1.5876059875683198e-10 - -2.8812682188219362e-08 - -1.624456230303099e-08 - -2.6531267981822267e-08
B2: -3.492748183716531e-08 - -3.2201962127468056e-08 - 9.151004598806587e-08 - -9.17300662906765e-08
