Number: 4152
Error: 1.2239183306004926e-15
A1: [0.06621316604835847, -0.11395209499343571, -0.023983965901254227, 0.07172285254247016] - [0.03740260408088351, 0.1881933617471201, -0.14740895469021564, -0.07818701808956804] - [-0.06022938212232455, 0.3289507897564247, -0.12775312024945343, -0.14096833271834786] - [0.03904609980420759, -0.05332274238398868, -0.03741864779594517, 0.05169506348087823]
A2: [-0.009108647254357167, -0.34680326128517197, 0.24945501828030006, 0.10645660495954491] - [0.08003983423396716, 0.03628226609466488, -0.050250103005756996, -0.06607195016235279] - [-0.0424527958224579, 0.2308319171735995, -0.040531220216310185, -0.1478478128328656] - [0.068134763182972, -0.29346786938581987, 0.14177122375991846, 0.08356184296820356]
B1: 2.136477537497061e-09 - -7.698592565781903e-09 - 9.274878982598532e-09 - -2.2530988525423165e-09
B2: 1.4776031761093646e-08 - 1.8691247542579065e-08 - -1.5279200393416015e-08 - -1.3176674217042376e-08
