Number: 2487
Error: 6.208070701548756e-07
A1: [0.06155807979512466, -0.049763407792450046, -0.025320174957935954, 0.005971988456072104] - [0.04335737330904101, 0.1909719712360082, -0.1428896230608449, -0.09285544524671366] - [-0.12322191565309161, 0.4150557160877844, -0.10465558005839959, -0.186877325131914] - [0.03501486237985834, 0.017161297882968267, -0.03513263124600315, -0.025052028752666603]
A2: [0.06168041567887848, -0.17542829594900294, 0.0845580395581274, 0.022227572116328854] - [0.02920426684696673, 0.20021573683552726, -0.10179443289092135, -0.1279552736081215] - [-0.09440072483998857, 0.5127303258242374, -0.2265974041802332, -0.1960476465345917] - [-0.02852637005150982, 0.015947288185433416, -0.052890560359839, 0.05445765148171395]
B1: 0.00030333955665599855 - 0.0007535580993168834 - 0.000605413718258506 - 0.0009113767100756931
B2: 0.0005967918835351992 - 0.00026932301799921336 - -0.0005087265681600135 - -0.0004967908945566857
