Number: 9702
Error: 1.926190503786264e-15
A1: [0.053172829217195385, -0.14800099179660958, -0.026998768551828537, 0.12182810119343578] - [0.005314235375613096, 0.1308372103673895, -0.11360022829276893, -0.022549247090641628] - [-0.01444446435713302, 0.22309163305315496, -0.1270411673873587, -0.08160592077523583] - [0.02714665337211362, -0.10001984476244159, -0.049424314715905575, 0.12229831417114893]
A2: [0.08925424300176854, -0.07291358810406375, -0.12362763418093362, 0.10728616207971371] - [0.10884146930688102, 0.24981392157322768, -0.40484554388555827, 0.04618921623001066] - [0.03663568269319262, 0.46255487147830865, -0.3777176932311514, -0.12147351933286406] - [0.1434262382038523, -0.04460681759247307, -0.20149972587546808, 0.10267966460467053]
B1: -1.669829180341368e-08 - 1.2417076091624264e-08 - -4.377707411587216e-09 - -2.226377583736018e-08
B2: 7.020891749371835e-08 - -4.444402508768465e-08 - 1.602726570085561e-08 - 6.725087772909883e-08
