Number: 4182
Error: 1.0255916659281513e-15
A1: [0.06621319005059166, -0.11395207152757436, -0.023983941917857583, 0.07172287650442094] - [0.03740261787792959, 0.18819337492926105, -0.1474089411266607, -0.07818700452481449] - [-0.060229402852117614, 0.32895076984660554, -0.12775314053440326, -0.14096835289419304] - [0.03904612904212756, -0.05332271463245821, -0.03741861950923664, 0.05169509153790746]
A2: [-0.009108366010905719, -0.3468029629298207, 0.24945530179930753, 0.10645689982794947] - [0.08003982761785727, 0.036282258967218664, -0.050250110236789276, -0.06607195745478517] - [-0.04245288363286181, 0.23083182026058668, -0.040531314317403304, -0.14784790994785404] - [0.06813482210293506, -0.29346780451236837, 0.1417712876348422, 0.08356190902837039]
B1: -5.796277910287672e-09 - -5.731633246613667e-09 - -3.449427721919804e-08 - 9.37479588980163e-09
B2: -1.2426298812431304e-09 - 6.613943575050415e-09 - 1.9299968851685246e-09 - -1.641602613545134e-08
