Number: 7285
Error: 8.672693414214436e-16
A1: [0.08043167798375508, -0.18046781745061838, -0.019588863666152517, 0.11962496503810417] - [0.03741558094142543, 0.133596387121919, -0.13472618525251337, -0.03628582415025918] - [-0.0017028278445752683, 0.22819010767517525, -0.12282839146405462, -0.10365891905388869] - [0.038863223564009786, -0.11448102938704126, -0.046416452253968545, 0.12203421709457345]
A2: [0.03530744782059361, -0.029273471024498628, -0.07569734542610738, 0.06966341272551671] - [0.1028937523989731, 0.2828967030080826, -0.3926063945798096, 0.006815997813632507] - [-0.011187074999047987, 0.5390146158281218, -0.35945099183750234, -0.16837643823032683] - [0.09786281349631981, 0.017463330648055976, -0.16885099710314072, 0.053524893171562574]
B1: -1.1744795488169254e-08 - -8.501812313058747e-09 - -5.698436086689075e-09 - -5.643728948706387e-09
B2: -7.361608049869231e-09 - -7.592661445107415e-09 - -6.6118460552182255e-09 - -6.783310849613063e-09
