Number: 4007
Error: 7.639406398728372e-16
A1: [0.06621317432200578, -0.11395208690467962, -0.023983957634099152, 0.07172286080222973] - [0.03740258295911699, 0.18819334156670783, -0.1474089754545357, -0.07818703885571736] - [-0.060229379388056045, 0.3289507923825313, -0.12775311757385643, -0.1409683300571554] - [0.039046189594559605, -0.053322657158394744, -0.03741856092679196, 0.051695149644668495]
A2: [-0.009108577463945116, -0.3468031872484599, 0.24945508863540394, 0.10645667813097683] - [0.0800398113697796, 0.036282241463380265, -0.050250127995018316, -0.06607197536380706] - [-0.04245289176303243, 0.23083181128759198, -0.040531323030034386, -0.14784791893955002] - [0.06813479031606995, -0.29346783951109684, 0.14177125317482114, 0.08356187338942045]
B1: 1.792199412243173e-08 - 1.884236987392736e-09 - -1.0467022572660272e-08 - 1.7637234482410158e-08
B2: 1.4342933124092479e-08 - -9.33392305800856e-09 - 1.3405790583268545e-08 - 2.594561064231613e-08
