Number: 1579
Error: 1.2407272773199004e-07
A1: [-0.0057067096170675315, -0.013498972923443786, 0.004536632896686807, 0.020975095802174548] - [0.06595430911050035, 0.1890448987578431, -0.14763688643669282, -0.11083289536420961] - [-0.11275470944850464, 0.4416191322187595, -0.07096571626465427, -0.2582832202772957] - [-0.022140625170435593, 0.016549721288278734, -0.02868198760541156, 0.04020877452387891]
A2: [0.13129576847287183, -0.2249149594681192, 0.022380462346461627, 0.06987460144268454] - [0.03259816730360783, 0.203701894575123, -0.11493594883987765, -0.12150438954994824] - [-0.09448930751566331, 0.5556715630389848, -0.23507102449337908, -0.22550439631897531] - [-0.02117061008696875, -0.019615229210154992, 0.007776255728546458, 0.03184918823796317]
B1: -0.00011274295841110386 - -0.0002532645834457131 - -0.00019713900721255852 - -0.00011697866195880741
B2: -0.0005194693237077997 - 0.0005284210241704424 - 0.0003696257864931398 - -0.00026321721125811034
