Number: 2080
Error: 0.00020048433421928288
A1: [0.11182951808400975, 0.0678938635204298, 0.08158288633368274, 0.0938942789502927] - [0.06770889309974411, 0.19637621787704715, -0.14022953989307144, -0.10400953327038256] - [-0.1729209596674581, 0.3967954846695406, -0.1254039463179776, -0.2693459341003572] - [-0.026116493944216466, 0.0023263355800024615, -0.08657719723695442, -0.043851922405594546]
A2: [0.05556292128732278, -0.26035254870919305, 0.017478568351790236, 0.01575297141140461] - [0.05115447138712921, 0.21566515040927778, -0.10540091660898347, -0.10961733025188417] - [-0.1919843017910708, 0.4348673026417785, -0.3312403153833807, -0.3240115081638654] - [-0.022398799542234216, -0.025846636792765148, -0.024002741627286404, 0.08514932151521498]
B1: -0.00737800050747045 - 0.004425135203609608 - -0.02001252935312685 - 0.006933917936987032
B2: 0.0076735462326174755 - 0.007971739469659374 - -0.006610315603057377 - -0.023709154303110956
