Number: 7128
Error: 1.0217230525259717e-15
A1: [0.08043169642081349, -0.18046779901564758, -0.01958884525113979, 0.11962498347305695] - [0.03741559951682068, 0.13359640568325473, -0.13472616671413254, -0.03628580558515459] - [-0.0017027794919529018, 0.22819015602676138, -0.12282834318223589, -0.1036588707141756] - [0.038863238244286065, -0.11448101474796044, -0.04641643758304387, 0.12203423176572767]
A2: [0.03530755884552457, -0.029273359692489773, -0.07569723986498475, 0.069663528925124] - [0.1028937145096608, 0.2828966647972013, -0.3926064312258664, 0.006815958137992916] - [-0.011187186593939028, 0.5390145035676207, -0.35945109746452536, -0.16837655582172836] - [0.09786281846793721, 0.01746333564228802, -0.16885099237047888, 0.053524898390142205]
B1: 4.832278659437058e-08 - -2.3500864859844972e-08 - -2.1501561241848343e-08 - 1.5459601209771262e-08
B2: -2.5224487902078733e-09 - -3.0301186701300394e-09 - 2.1692963766430555e-08 - -6.1225700019801826e-09
