Number: 8305
Error: 8.93078817049036e-16
A1: [0.08043164118177351, -0.1804678542484608, -0.019588900424194644, 0.11962492824028192] - [0.03741556568974158, 0.13359637188182297, -0.13472620047365996, -0.03628583939340358] - [-0.0017028378239680438, 0.22819009769598414, -0.12282840142884768, -0.10365892903062354] - [0.03886317618439114, -0.11448107663370809, -0.04641649960342256, 0.12203416974437915]
A2: [0.03530754001555892, -0.029273378574489292, -0.07569725776808629, 0.06966350921732843] - [0.10289385412731566, 0.2828968055997913, -0.3926062961893612, 0.00681610433789974] - [-0.011187106629996902, 0.5390145840084584, -0.35945102177691163, -0.1683764715609405] - [0.09786265811110054, 0.017463174556034577, -0.16885114502007342, 0.053524730067953816]
B1: 1.4512692558369022e-08 - 7.889026443112388e-08 - -2.0383523867737277e-08 - -3.917217149411124e-08
B2: 1.0752285438676736e-08 - 3.260431289053251e-08 - -2.01097613170953e-09 - 1.6270440746639294e-08
