Number: 6295
Error: 6.497251249398757e-16
A1: [0.08043164460733383, -0.18046785082325623, -0.01958889700266724, 0.11962493166549684] - [0.03741555354513068, 0.1335963597463603, -0.1347262125942253, -0.036285851531376374] - [-0.0017028377196453915, 0.22819009780031813, -0.12282840132467317, -0.10365892892632543] - [0.03886320481291887, -0.11448104808550583, -0.04641647099310975, 0.12203419835514129]
A2: [0.03530744598803419, -0.02927347286212939, -0.07569734716847729, 0.06966341080755274] - [0.10289379955605223, 0.2828967505653877, -0.3926063489701184, 0.00681604719399788] - [-0.011186924354869836, 0.5390147673708549, -0.3594508492496248, -0.16837627949116135] - [0.09786286650571413, 0.017463383898576223, -0.1688509466416572, 0.05352494881420843]
B1: -4.4005974552655635e-08 - 9.33399709430253e-09 - -4.060462919480001e-09 - -3.4377065144415617e-10
B2: -1.786817870877353e-08 - -1.520043416026581e-08 - 2.8735680641130605e-09 - -5.7573961304216585e-09
