Number: 4405
Error: 1.1184925282262519e-15
A1: [0.06621316637438386, -0.11395209467472124, -0.023983965575501923, 0.07172285286794072] - [0.037402629091171355, 0.18819338564275057, -0.14740893010318043, -0.07818699350037352] - [-0.060229383669129694, 0.32895078827075924, -0.12775312176311165, -0.14096833422381388] - [0.03904608081400078, -0.05332276040873703, -0.037418666168312256, 0.05169504525771286]
A2: [-0.00910846242004744, -0.34680306520488235, 0.24945520461008852, 0.10645679874815306] - [0.08003988427183074, 0.036282319999786455, -0.05025004831721608, -0.06607189500941331] - [-0.042452793384325144, 0.2308319198644775, -0.04053121760347323, -0.14784781013630624] - [0.06813462875536594, -0.2934680173963642, 0.1417710780275044, 0.08356169225014336]
B1: -5.780178098763454e-08 - 4.8774050950088064e-08 - 2.5298096466978082e-08 - -3.4033516527269444e-08
B2: -4.520619659995344e-08 - 2.5700351428495712e-08 - -7.371868955427516e-09 - 9.563513147137793e-09
