Number: 7366
Error: 9.241718201125908e-16
A1: [0.08043165835800373, -0.18046783707414965, -0.019588883268440743, 0.11962494541459376] - [0.03741556295562939, 0.13359636914973483, -0.13472620320247267, -0.0362858421260919] - [-0.0017028575141459312, 0.22819007800623395, -0.12282842109018902, -0.10365894871554196] - [0.038863207299500754, -0.11448104560590851, -0.046416468508116, 0.12203420084017243]
A2: [0.03530752798913337, -0.029273390634222362, -0.07569726920284114, 0.06966349663054662] - [0.10289375201985954, 0.282896702625752, -0.39260639494648225, 0.006815997416645189] - [-0.011187073583656525, 0.539014617251955, -0.3594509904977995, -0.16837643673888214] - [0.09786277584129441, 0.017463292821753105, -0.16885103294830456, 0.05352485364606368]
B1: -1.2633808545000714e-08 - -8.129346710402358e-09 - -2.017516049131936e-08 - 1.2457625492266332e-08
B2: -4.449843483297972e-09 - -3.990830881775303e-09 - -1.279406601082438e-08 - -4.5779228769802674e-09
