Number: 9805
Error: 8.32456775930042e-16
A1: [0.05317252862570186, -0.1480012924982818, -0.026999068811594563, 0.12182780045710148] - [0.00531366813171268, 0.1308366425291345, -0.11360079544970927, -0.022549815134289913] - [-0.014444493210567379, 0.22309160418946802, -0.12704119621765061, -0.08160594963887402] - [0.027146384691374644, -0.10002011344243913, -0.04942458396295188, 0.12229804480780873]
A2: [0.0892548006684016, -0.07291303172654202, -0.12362708907902756, 0.10728672662241816] - [0.10884173808952302, 0.24981419040346042, -0.4048452804267471, 0.04618948953501325] - [0.036635784856750404, 0.46255497311011357, -0.3777175935552775, -0.12147341610974303] - [0.1434264218839742, -0.0446066345960661, -0.2014995465278317, 0.1026798510098614]
B1: 1.6483371981008968e-09 - -1.1115116108886704e-08 - -1.6250296765564251e-09 - 6.252152612445579e-08
B2: 2.5394643596661786e-08 - 2.0450730502803217e-08 - 2.605250133579766e-08 - -5.339908931260887e-09
