Number: 4713
Error: 1.08853382387242e-15
A1: [0.06621313599881597, -0.11395212437149693, -0.023983995927244418, 0.07172282254331483] - [0.03740257246594668, 0.188193331541191, -0.14740898577012695, -0.07818704917224535] - [-0.060229501121567115, 0.32895067546410356, -0.1277532366951669, -0.14096844853754018] - [0.039046034320930754, -0.05332280453830151, -0.03741871114886383, 0.0516950006423367]
A2: [-0.009108341262261073, -0.3468029366756728, 0.2494553267480158, 0.10645692577518373] - [0.08003988294035103, 0.0362823185653893, -0.05025004977242686, -0.06607189647702826] - [-0.04245276951768667, 0.23083194620512765, -0.040531192026984755, -0.14784778374079802] - [0.06813491785426695, -0.2934676990862499, 0.14177139143807135, 0.08356201638297708]
B1: -5.273569206111518e-08 - 9.156754490575094e-08 - 1.8562754064372664e-08 - 4.491431346004897e-08
B2: 2.0024843362474325e-09 - -2.7251599890292038e-09 - -1.8618226999075888e-08 - 4.84987666952382e-08
