Number: 3975
Error: 8.498364174141093e-16
A1: [0.06621318243755873, -0.1139520789704813, -0.023983949524914644, 0.07172286890416435] - [0.03740265610105404, 0.1881934114488555, -0.14740890355041006, -0.07818696694523118] - [-0.060229295693809054, 0.32895087276622, -0.12775303567561774, -0.14096824859941137] - [0.039046056974140694, -0.05332278303666684, -0.03741868923259369, 0.05169502238068213]
A2: [-0.009108523710151454, -0.34680313022405707, 0.24945514282413533, 0.10645673448890577] - [0.08003979309782291, 0.03628222177924763, -0.05025014796522491, -0.06607199550359671] - [-0.04245276495505152, 0.2308319512408165, -0.04053118713754601, -0.14784777869464003] - [0.06813475001999666, -0.2934678838788478, 0.14177120948998065, 0.08356182821004486]
B1: -1.1864399999251782e-08 - -2.370287338742193e-08 - 2.9228566097427294e-09 - -9.905772086039294e-09
B2: -6.995362813014115e-09 - -5.414180004758957e-10 - -2.618673669466292e-08 - -2.5518358260449948e-08
