Number: 4935
Error: 9.956311502386505e-16
A1: [0.06621320433331002, -0.1139520575640098, -0.023983927646348595, 0.07172289076316014] - [0.03740263148700448, 0.1881933879318314, -0.14740892774788555, -0.07818699114487168] - [-0.060229345702543, 0.32895082473563464, -0.12775308461118218, -0.14096829727156074] - [0.03904617169991916, -0.05332267414318392, -0.03741857823913501, 0.05169513247286505]
A2: [-0.009108558508418118, -0.3468031671396139, 0.2494551077442001, 0.10645669800478835] - [0.08003981101204352, 0.03628224107806214, -0.05025012838587184, -0.06607197575801207] - [-0.042452776502480076, 0.23083193849627495, -0.04053119951213499, -0.14784779146575508] - [0.0681348040736909, -0.2934678243634295, 0.14177126808915985, 0.08356188881415448]
B1: 1.8760808231258325e-08 - -3.1542426713820634e-08 - 8.113260084924062e-09 - 1.2808948947935922e-08
B2: 2.1386783726234897e-08 - 4.86400794669107e-08 - -2.2703487235795184e-08 - -3.20416346719327e-08
