Number: 2297
Error: 0.00010805036904025546
A1: [-0.017095218768888865, -0.12125899838674783, -0.10010597020627594, -0.0678130565825906] - [0.021316168863185287, 0.16839654136565005, -0.1688715350488559, -0.1181126541884091] - [-0.20199322023820793, 0.34906791020865274, -0.174230033122636, -0.2563548365768723] - [-0.034562470527190796, -0.040276635311198974, -0.09096506739560473, -0.08551889190284033]
A2: [-0.021157919366681745, -0.2632797348088547, 0.005409880768757238, -0.06024166872680589] - [0.06706449438801221, 0.23674604171844335, -0.06378253086566336, -0.09145952648035775] - [-0.08562570652692672, 0.5228731922233459, -0.21645113299154678, -0.1910684335076433] - [-0.04209689572100089, 0.002591010463146356, -0.06567979161085818, 0.0409372278144775]
B1: -0.018098048446038573 - -0.005560611328134197 - -0.038689295956853186 - 0.015106666073927893
B2: -0.005659029755606312 - -0.0118279138618245 - -0.005397932022987889 - -0.0023491598550020565
