Number: 7484
Error: 8.614759181768035e-16
A1: [0.08043173473148656, -0.1804677607093209, -0.01958880698628512, 0.11962502177934965] - [0.03741563693460662, 0.13359644307271673, -0.1347261293709044, -0.03628576818809873] - [-0.001702770765487164, 0.2281901647530428, -0.12282833446854553, -0.10365886199003413] - [0.03886327986654968, -0.11448097324251379, -0.04641639598731373, 0.12203427336211546]
A2: [0.035307476147324025, -0.029273442619411554, -0.07569731849339036, 0.06966344237249147] - [0.10289372645466723, 0.28289667684359227, -0.39260641967280957, 0.006815970646169039] - [-0.011187077796511749, 0.539014613013976, -0.3594509944853584, -0.1683764411781083] - [0.09786278970765012, 0.01746330675118574, -0.16885101974842637, 0.05352486820122182]
B1: 1.7350939098707808e-08 - 2.3667986975124594e-08 - -1.1683349084433795e-09 - 2.1484620157525614e-08
B2: 1.6430664484829366e-08 - 1.3685104635326575e-08 - 2.000372700302118e-08 - 1.5024687928188355e-08
