Number: 6572
Error: 9.71976051214743e-16
A1: [0.08043168197532333, -0.18046781345950286, -0.019588859679360176, 0.11962496902921581] - [0.03741557002675556, 0.13359637621550668, -0.13472619614544123, -0.03628583505888462] - [-0.001702788936714623, 0.2281901465822062, -0.12282835261316721, -0.10365888015641604] - [0.038863203936995376, -0.11448104895897415, -0.04641647186847386, 0.12203419747975962]
A2: [0.03530743383693158, -0.02927348504683814, -0.07569735872158918, 0.0696633980901019] - [0.10289373609269484, 0.28289668656340616, -0.3926064103510343, 0.0068159807385688815] - [-0.01118710732554313, 0.5390145833088278, -0.3594510224352507, -0.16837647229385597] - [0.09786280094512757, 0.01746331803977483, -0.1688510090510638, 0.053524879996902024]
B1: -1.4049029315075855e-09 - -1.603814073260094e-09 - -1.1597846131508972e-09 - -2.373604974009848e-09
B2: -2.0251860109888732e-09 - -1.28158667136411e-08 - 2.6560749484888744e-08 - -1.7845890352740294e-08
