Number: 5422
Error: 1.4067729363531511e-15
A1: [0.06621322330362446, -0.11395203901752349, -0.02398390869088361, 0.07172290970167286] - [0.0374025964164416, 0.18819335442441568, -0.14740896222483668, -0.07818702562488142] - [-0.06022934129091594, 0.3289508289724921, -0.12775308029408167, -0.1409682929775616] - [0.03904612750658682, -0.05332271608972695, -0.037418620994574846, 0.051695090064555894]
A2: [-0.009108726347359384, -0.34680334518974304, 0.24945493854691078, 0.10645652203531575] - [0.08003985898904872, 0.036282292763023104, -0.05025007594948707, -0.0660719228766884] - [-0.04245290085933125, 0.23083180124879082, -0.040531332777941506, -0.14784792899923038] - [0.06813471028944489, -0.2934679276236567, 0.14177116641775225, 0.08356178366515736]
B1: 2.5238708372221586e-08 - -7.670532891108764e-09 - 3.535359723592943e-08 - 3.793063654143296e-08
B2: -1.4009418233502629e-08 - -3.8703467465095196e-08 - 5.8401478621229324e-08 - -1.8084647539846406e-08
