Number: 5752
Error: 0.002013443566404369
A1: [0.05147329092676341, -0.21874704334145476, -0.0539576541303691, 0.08712778213983785] - [0.06701516427462689, 0.13916918271234482, -0.11788096858968519, -0.015048855852086169] - [-0.16393691365287413, 0.08310029244086167, -0.2798042141179261, -0.26229782956854125] - [-0.1390031114089545, -0.26453252555900486, -0.21217142615309692, -0.04826170769357604]
A2: [0.010951587213502392, -0.05510232052091943, -0.08115800857838676, 0.044106758703375805] - [0.23650947809053413, 0.42295096300651547, -0.27498954626729283, 0.13203320407391714] - [0.0073070610842300016, 0.5609896493720645, -0.33614919173032676, -0.15949545974396379] - [0.09943461272432048, 0.020812850131558633, -0.15803853251445368, 0.04812973981492119]
B1: 0.024941712348847605 - -0.013506629782209461 - 0.021288735379604386 - 0.026541362724036042
B2: 0.017156155703343154 - 0.04590605901992182 - -0.052394573114385855 - -0.07710344031703034
