Number: 5908
Error: 1.0758897178485826e-08
A1: [0.08054775173439435, -0.1803518442012665, -0.019472890602345843, 0.11974104250295653] - [0.037173923449807175, 0.13335482910043694, -0.13496736224837944, -0.036527341092922674] - [-0.0016414866870171675, 0.22825147391777778, -0.12276707131519743, -0.1035975593442179] - [0.03936840851768866, -0.11397721009518658, -0.045911455131273496, 0.12253914963009793]
A2: [0.03513052385775218, -0.029450797457103283, -0.07586556325416344, 0.0694781643357258] - [0.10235130555614086, 0.2823496458873496, -0.39313115236823504, 0.006247809552861071] - [-0.011933774224726282, 0.5382635695556771, -0.36015774572821724, -0.16916339923275442] - [0.09742744773042432, 0.017026077704256876, -0.1692654359733542, 0.053067792966469116]
B1: -0.00010021745669026364 - 6.472180300942978e-05 - -0.00011666158746409666 - -9.848288563003739e-05
B2: -0.00023970818491236907 - 1.364461960542203e-06 - 0.0002959514902201708 - -5.6472009071974363e-05
