Number: 8836
Error: 4.6783870280498514e-05
A1: [0.08366176113880863, -0.17722414606012607, -0.01664297507370019, 0.12287242884049711] - [0.03915250276072538, 0.13531830892396804, -0.13321136720432, -0.03454989276388448] - [-0.003458619990679893, 0.22642136558176068, -0.12476499772716688, -0.105405816881016] - [0.041001523010782644, -0.11230953696346571, -0.04462734453158736, 0.1241986707477692]
A2: [0.04376752765472909, -0.020915697164218504, -0.06755265652578366, 0.07851859641768197] - [0.1164005569698, 0.2964805062453541, -0.3794136695014507, 0.020949196069381455] - [-0.014727941706734696, 0.5352117455534788, -0.3629142744590676, -0.17203961819518243] - [0.10837026861992605, 0.02793786537988812, -0.15871081764704906, 0.06454837261267427]
B1: 0.0009935557851836353 - 0.0012162226999715307 - 0.005937584148222465 - 0.000844944824258005
B2: 0.007790589084526247 - 0.008751077627288044 - 0.012087161012854909 - 0.007955187365340712
