Number: 8636
Error: 1.7011372452225136e-15
A1: [0.08043172433610693, -0.1804677711034903, -0.019588817369241503, 0.11962501138517836] - [0.037415681149020316, 0.13359648725373716, -0.13472608524435684, -0.03628572399804904] - [-0.0017027780044292656, 0.2281901575142527, -0.12282834169689301, -0.10365886922703163] - [0.03886328099282188, -0.11448097211931572, -0.0464163948617328, 0.12203427448775174]
A2: [0.035307495328555254, -0.029273423385115082, -0.07569730025597177, 0.06966346244752311] - [0.102893787779518, 0.28289673868892884, -0.39260636036011654, 0.006816034862113481] - [-0.011187044081581606, 0.5390146469299677, -0.3594509625733218, -0.1683764056516452] - [0.09786285308741745, 0.017463370419199604, -0.168850959414849, 0.05352493472914885]
B1: 1.7716863731762793e-08 - 2.3447046047052872e-08 - 1.8937537061629414e-08 - 1.3846991651482473e-08
B2: -2.4913128028977454e-09 - -1.1042054653768812e-08 - 2.0205352258843886e-08 - -1.2092037437528794e-08
