Number: 7872
Error: 1.0930664820022495e-15
A1: [0.08043167700102005, -0.18046781843325232, -0.019588864647712766, 0.11962496405548204] - [0.037415606106412654, 0.1335964122678438, -0.13472616013766855, -0.03628579899921663] - [-0.0017028200550655232, 0.22819011546451218, -0.12282838368595078, -0.1036589112664563] - [0.03886322316537928, -0.11448102978456477, -0.04641645265234462, 0.12203421669618966]
A2: [0.03530734669995113, -0.029273572424801414, -0.07569744157042967, 0.06966330689191277] - [0.10289368876775748, 0.28289663883684674, -0.3926064561231139, 0.006815931182502642] - [-0.011187086211741323, 0.5390146045485485, -0.35945100245054246, -0.16837645004554233] - [0.09786277177619847, 0.017463288738174307, -0.16885103681802605, 0.053524849379059436]
B1: -1.741812813489442e-08 - -1.1024425125035372e-08 - 2.1412916639243683e-08 - -2.5592701393938654e-11
B2: -5.0627791725367735e-09 - 2.2961179680196104e-08 - 6.299145217197174e-10 - -2.2981389824085027e-09
