Number: 5948
Error: 7.886668940348158e-11
A1: [0.08046241294410243, -0.18043708759785498, -0.01955816380629668, 0.11965569739154135] - [0.03732345775904107, 0.13350433285261085, -0.13481812666908669, -0.03637789727482532] - [-0.001696723821354362, 0.22819621162913942, -0.12282229295993331, -0.103652814866806] - [0.03889599433652622, -0.11444834867105044, -0.046383698820997916, 0.12206696911109816]
A2: [0.035397611617916894, -0.02918306489901739, -0.07561162086927074, 0.06975778000417932] - [0.10301811408387469, 0.2830221123897223, -0.3924861177443878, 0.006946219473776518] - [-0.011147025494150859, 0.5390549017847499, -0.35941308657542953, -0.168334238296747] - [0.09791669354241764, 0.017517451917916038, -0.16879970885095205, 0.05358144940427762]
B1: -1.2625963591510738e-06 - -1.3320384731535958e-05 - 1.110027305753584e-05 - 9.176072643818554e-06
B2: 9.659712818452014e-06 - -5.926959054104931e-06 - -1.6264074602195312e-06 - -1.7414967841742842e-05
