Number: 5257
Error: 1.2795274456808177e-15
A1: [0.06621315623274165, -0.11395210458969106, -0.02398397570918233, 0.07172284274329396] - [0.037402547184676574, 0.18819330738670284, -0.14740901062350087, -0.07818707402782832] - [-0.06022941421711405, 0.32895075893081593, -0.12775315165565565, -0.14096836395536172] - [0.0390461418336393, -0.05332270249105234, -0.03741860713374541, 0.05169510381283593]
A2: [-0.009108574011531693, -0.3468031835858829, 0.24945509211541583, 0.1064566817507525] - [0.08003981298736022, 0.03628224320605148, -0.05025012622690773, -0.06607197358075802] - [-0.042452778899431824, 0.2308319358507495, -0.040531202080947716, -0.14784779411672594] - [0.06813480435508282, -0.2934678240536987, 0.14177126839397167, 0.08356188912961703]
B1: 1.667901472542278e-08 - 3.853853454831984e-08 - -6.20821690259242e-08 - -6.333928097851101e-08
B2: 4.17102686153037e-08 - -1.3605246203766134e-08 - -6.372763759348979e-08 - 3.2659451367278717e-08
