Number: 2525
Error: 3.990000885262773e-08
A1: [0.06334164635818602, -0.04796048707056516, -0.023533428717699173, 0.007763580011943095] - [0.043973102514107736, 0.19156972613444856, -0.14224753430489973, -0.09217408314890171] - [-0.12345044834027503, 0.4148623233437441, -0.10485584415625218, -0.18707000985406816] - [0.03684622269438379, 0.019017418296811413, -0.03328465814785842, -0.023203854304693905]
A2: [0.06311136693614541, -0.17402355845355114, 0.08599884723499111, 0.023634403149723003] - [0.029187897791356283, 0.20019876997837105, -0.10181151011298142, -0.12797287289048942] - [-0.09479730826200126, 0.5123218864842288, -0.22699958986384824, -0.1964410865623462] - [-0.026442921180183876, 0.01801298817604, -0.05081154055377318, 0.0564734956180501]
B1: 0.00024213930747022457 - 0.0004219308416301167 - -0.00037945622594636147 - -0.0001851420661772619
B2: -8.135588733600317e-05 - -0.00012940851565765977 - -6.730131996684731e-05 - -0.00010723523834564533
