Number: 4988
Error: 9.651045760278678e-16
A1: [0.06621330069163298, -0.11395196335894599, -0.023983831363642225, 0.07172298695977267] - [0.03740264360577286, 0.1881933995104988, -0.14740891583420287, -0.07818697923013643] - [-0.06022936911636152, 0.32895080224792766, -0.1277531075225765, -0.1409683200597265] - [0.03904627408704368, -0.0533225769610892, -0.037418479182950826, 0.0516952307247532]
A2: [-0.009108451744923172, -0.34680305388045973, 0.24945521537149606, 0.10645680994031133] - [0.08003983563421942, 0.036282267603179826, -0.050250101475258754, -0.06607194861889891] - [-0.04245285336877394, 0.23083185366207953, -0.040531281884942975, -0.14784787647675074] - [0.06813476873581431, -0.29346786327187424, 0.14177122977957346, 0.08356184919398656]
B1: -7.690478302777957e-09 - -8.468161893235344e-09 - 4.010751500922583e-09 - -2.915871735532102e-10
B2: 3.883403680780657e-08 - 3.506440315707074e-08 - -4.4955901088513746e-08 - -2.7908131478068353e-08
