Number: 9094
Error: 9.84605530047624e-05
A1: [0.07991335210282424, -0.12263889224357805, -0.0009019835947143284, 0.14709596781658268] - [0.03389155916601652, 0.1586960764258959, -0.0864564044194895, 0.004710786438165605] - [-0.03373095115423534, 0.20445023769224044, -0.1439865702920258, -0.09894253810424464] - [0.05348579571630205, -0.07449808615959765, -0.02323297267599829, 0.14778219829716913]
A2: [0.04476889853010727, -0.11715767115942952, -0.16367336734129484, 0.06267189030337239] - [0.046128309261098566, 0.1861858850499925, -0.46454832504658294, -0.01789965408338393] - [0.05305803903895469, 0.47975431859682316, -0.36260418611008616, -0.1049247661853188] - [0.13610399525690484, -0.052079038604246265, -0.20956248693741775, 0.09499358732788041]
B1: -0.0020685871207146685 - 0.015806348306200157 - 0.0008351668988203884 - 0.006251878608254377
B2: -0.002688914108419981 - -0.005586047163152832 - 0.006257680490126362 - -0.002065978277613078
