Number: 5122
Error: 1.6553097737842239e-15
A1: [0.06621319349189018, -0.11395206816318146, -0.023983938479290774, 0.07172287993990648] - [0.037402608397844206, 0.18819336587172597, -0.14740895044627453, -0.078187013845273] - [-0.06022960522045985, 0.3289505754825837, -0.12775333856030474, -0.14096854985483293] - [0.03904626900521147, -0.0533225817845188, -0.037418484099435954, 0.051695225848183875]
A2: [-0.00910843186596968, -0.3468030327920262, 0.2494552354112636, 0.106456830782287] - [0.08003980395317714, 0.03628223347365401, -0.05025013610079166, -0.06607198353844293] - [-0.04245295065586163, 0.23083174629033792, -0.04053138614150615, -0.14784798407221206] - [0.06813465149205476, -0.2934679923619746, 0.14177110267624882, 0.08356171774259467]
B1: 9.39519126068979e-10 - -3.50770333392233e-09 - 1.8356216952386202e-09 - -1.3027937131218639e-08
B2: 2.139418300033533e-08 - 1.989635675133675e-08 - -7.604413219746494e-08 - 3.826089044336759e-08
