Number: 7063
Error: 1.234539922096103e-15
A1: [0.08043169968560762, -0.18046779575122385, -0.019588841990249663, 0.11962498673747803] - [0.037415600915325795, 0.13359640708070022, -0.13472616531841464, -0.03628580418742447] - [-0.00170279862028808, 0.22819013689883494, -0.12282836228256347, -0.10365888983740564] - [0.0388632382969927, -0.11448101469540117, -0.04641643753037044, 0.12203423181840184]
A2: [0.035307433954802014, -0.029273484928640032, -0.07569735860951711, 0.06966339821346615] - [0.1028937863817301, 0.2828967372792533, -0.3926063617121342, 0.006816033398541357] - [-0.011187107203810965, 0.539014583431274, -0.3594510223200254, -0.1683764721655976] - [0.09786279930448352, 0.017463316391667302, -0.1688510106128497, 0.05352487827475898]
B1: 2.521850438340959e-08 - -1.807812918825259e-08 - -2.5703612336250157e-09 - 1.183794374657965e-08
B2: 5.4481071399740784e-09 - 2.3612670803035516e-09 - 9.018166164287553e-09 - -7.498533047212823e-10
