Number: 6673
Error: 1.2788050500495303e-15
A1: [0.08043167467705287, -0.18046782075694673, -0.019588866968903964, 0.11962496173177897] - [0.03741557440649003, 0.13359638059192736, -0.13472619177443398, -0.036285830681576633] - [-0.001702846149834516, 0.2281900893703042, -0.12282840974251719, -0.1036589373542663] - [0.03886322049407251, -0.1144810324483609, -0.046416455321947735, 0.12203421402654582]
A2: [0.03530742214657375, -0.029273496769529884, -0.07569736983663033, 0.06966338585487254] - [0.10289374741981588, 0.2828966979866627, -0.39260639939559316, 0.00681599259972332] - [-0.011187181786688457, 0.5390145084035499, -0.3594510929143216, -0.16837655075618957] - [0.0978627681268844, 0.017463285072251675, -0.1688510402918994, 0.05352484554842189]
B1: 3.1663168405724887e-09 - 2.1703412384921644e-08 - -1.6976889212727333e-08 - -5.062358687232157e-09
B2: -1.2741668940401718e-09 - 1.0032889335522975e-09 - -5.863336050486177e-09 - -2.3077104273907677e-09
