Number: 3432
Error: 4.1068919488565586e-08
A1: [0.06654604359301114, -0.11362749659608189, -0.023652273003909166, 0.07205474213924418] - [0.03793004764288367, 0.18869725003781568, -0.14689031429796634, -0.07766823008206938] - [-0.059738439775839876, 0.3294217551330519, -0.12727338086969392, -0.14049203223275925] - [0.03978675372124169, -0.052618547942544176, -0.03670157579689879, 0.0524055405037795]
A2: [-0.008499895226079865, -0.3461567773078112, 0.2500689499569167, 0.10709696018899821] - [0.08033394541876125, 0.03659903702753578, -0.04992918287892455, -0.06574829457393658] - [-0.0413523191031954, 0.23204604578377017, -0.03935241413704679, -0.1466307739252978] - [0.0689318878038698, -0.2925901972234023, 0.1426365815774591, 0.0844571297792155]
B1: -0.00036715422108483985 - 0.00023621765863067207 - -0.00019470069368355986 - -0.00022300224094909792
B2: -3.173151046704172e-05 - -7.367217010268419e-05 - -3.3615673204606673e-05 - 7.997954815721655e-05
