Number: 5833
Error: 3.433820234360807e-06
A1: [0.07498287267658495, -0.185955905655407, -0.025000785775180306, 0.11418963164231329] - [0.033735404509166976, 0.12988719116797182, -0.13839161221069826, -0.03996388005949046] - [-0.005718545378815661, 0.2241556932382612, -0.1268093376362265, -0.10765950779204199] - [0.033817506934205634, -0.11954251350977335, -0.05140347479366966, 0.11702080520214048]
A2: [0.031155270732320762, -0.03345475958184737, -0.07963089578814617, 0.06534781619327489] - [0.08852614270178788, 0.2683425445388358, -0.40650432630009825, -0.008182448503884112] - [-0.0032928032277261226, 0.5469894748230929, -0.3519695691408451, -0.16007463137076286] - [0.0997442773529778, 0.019363603899414772, -0.16705202958444176, 0.05549950733755714]
B1: 0.00044871387054469525 - -0.0022673868240761204 - -0.0015239910747470264 - -0.0007025404084752019
B2: 0.0007505265844469462 - 0.0011556607219719447 - -0.0005906895177155416 - 0.0006743674928612199
