Number: 2268
Error: 0.0004674101971332994
A1: [0.027385878195385287, -0.07636409221143971, -0.05223054050197955, -0.022413992468756645] - [0.029071740446058245, 0.16946189833302, -0.17378320047583032, -0.12303731426474461] - [-0.15399017126609427, 0.3996040037323255, -0.11775721156193167, -0.19614943824881514] - [0.013455382653856632, 0.010258128705157733, -0.03707896570654875, -0.03587038331423936]
A2: [-0.03486651072784452, -0.27998248325887437, -0.007251250044141146, -0.07540729405315476] - [-0.02420068340794937, 0.14821214555834186, -0.1531007327640921, -0.18099563960453757] - [-0.10171247658184558, 0.5222389957727521, -0.22442838331625656, -0.20146879184165326] - [0.09485121906152416, 0.15514993330736362, 0.07613092933772832, 0.18059879830702844]
B1: -0.026498681805782767 - -0.016915941132478372 - 0.03913020279435753 - 0.049096495344196946
B2: 0.0072440421959276986 - -0.007870515816499161 - 0.019711685359084748 - 0.009316537926906952
