Number: 1900
Error: 4.266375669694287e-06
A1: [-0.0008255655874373839, -0.00851400472567179, 0.009641466464642236, 0.025999645983960623] - [0.06944562059356853, 0.19240930025383624, -0.14402203146859519, -0.1069480053040319] - [-0.11145563236095166, 0.4428674222453119, -0.06968388231117545, -0.2568964960889011] - [-0.01935275981859572, 0.019310643211061927, -0.025921566540903232, 0.04315021463684718]
A2: [0.1313593751771544, -0.22492439577033485, 0.022356252277243284, 0.06987948464017184] - [0.032031734580318626, 0.20315739287672138, -0.11549176268631448, -0.12204344295164715] - [-0.09548468013834045, 0.5546683411364678, -0.23604464512633572, -0.22642318389753482] - [-0.02174289976025443, -0.020235417249731342, 0.007132117722325732, 0.031246226169410824]
B1: 0.001068158077934607 - 0.0014576364568848667 - 0.0010204371578595689 - 0.0007851820283605092
B2: -0.0018084480037775569 - 9.643779044933814e-05 - -0.0003330182334807954 - -0.0011676804957630718
