Number: 6376
Error: 1.1540682764662322e-15
A1: [0.08043170533748618, -0.18046779009998487, -0.01958883634513093, 0.11962499238871104] - [0.037415595014835865, 0.13359640118467553, -0.13472617120714947, -0.036285810084645424] - [-0.0017027945799008761, 0.22819014093914053, -0.12282835824809074, -0.10365888579809601] - [0.038863238414354205, -0.11448101457837169, -0.046416437413084155, 0.12203423193569053]
A2: [0.03530756460964801, -0.029273353912420398, -0.07569723438461957, 0.06966353495799776] - [0.10289375897581798, 0.28289670964074226, -0.39260638821878097, 0.006816004700549394] - [-0.011187073503848951, 0.5390146173322559, -0.35945099042229556, -0.16837643665474009] - [0.0978628659754194, 0.017463383365869226, -0.1688509471464624, 0.05352494825756928]
B1: 3.020353149025848e-08 - 1.9386888434302653e-09 - -7.841831892934608e-09 - 1.5492461640856004e-08
B2: 1.2410852511491418e-08 - 1.9300608030117338e-08 - 7.265907944789941e-09 - 7.820680354832312e-09
