Number: 4956
Error: 1.1294312888559017e-15
A1: [0.06621319951737936, -0.11395206227232055, -0.023983932458498867, 0.07172288595531236] - [0.0374026210324086, 0.18819337794317248, -0.1474089380255549, -0.07818700142345078] - [-0.06022933862206709, 0.32895083153604554, -0.12775307768264324, -0.14096829038028513] - [0.03904620156012234, -0.05332264580098003, -0.03741854935036966, 0.05169516112706548]
A2: [-0.009108544520096793, -0.3468031523002234, 0.24945512184569787, 0.10645671267075674] - [0.08003983993572647, 0.03628227223713099, -0.05025009677396254, -0.06607194387768278] - [-0.04245282814361535, 0.23083188150205272, -0.04053125485272208, -0.1478478485787573] - [0.06813477180959629, -0.29346785988751817, 0.14177123311183848, 0.08356185264024892]
B1: -1.604442352706886e-08 - 2.1635080102571164e-09 - 2.8533140556632524e-09 - -2.57808215148865e-09
B2: -9.907137123215765e-09 - 1.4571203924693582e-08 - -1.6350860617059715e-09 - -1.1358792396736237e-08
