Number: 7888
Error: 9.911700288598056e-16
A1: [0.0804316609554868, -0.1804678344769685, -0.019588880674061067, 0.11962494801178107] - [0.03741558572826682, 0.13359639190512135, -0.1347261804752081, -0.036285819366073134] - [-0.0017028245791020072, 0.22819011094057223, -0.12282838820336336, -0.10365891578928535] - [0.038863203695437595, -0.11448104919986708, -0.04641647210988031, 0.12203419723834852]
A2: [0.03530733413209212, -0.029273585027420924, -0.07569745351980384, 0.06966329373830046] - [0.10289367214106421, 0.2828966220690434, -0.3926064722042439, 0.006815913771940027] - [-0.011187059889280038, 0.5390146310280077, -0.3594509775357278, -0.16837642230868233] - [0.09786277183714724, 0.017463288799399776, -0.1688510367600065, 0.05352484944303553]
B1: -2.0291925829781794e-08 - -8.846284863362958e-09 - 2.881531201245453e-08 - 3.946794019648517e-09
B2: -1.5718674604665238e-08 - 4.1420503504184174e-08 - -1.060594015786723e-08 - -7.802422435427274e-09
