Number: 6270
Error: 7.675189248246801e-16
A1: [0.08043164423346129, -0.18046785119708678, -0.019588897376093393, 0.11962493129166668] - [0.03741554538302485, 0.13359635159043126, -0.13472622074006893, -0.036285859688961496] - [-0.0017028287925532732, 0.2281901067272202, -0.12282839241065138, -0.10365892000161551] - [0.03886320922196463, -0.11448104368883358, -0.046416466586873636, 0.1220342027614467]
A2: [0.0353074827893535, -0.029273435959021484, -0.07569731217827234, 0.06966344932414721] - [0.10289367710378423, 0.28289662707384694, -0.39260646740432253, 0.006815918968530072] - [-0.011187182857712755, 0.5390145073261371, -0.35945109392804453, -0.1683765518848016] - [0.0978627599702953, 0.01746327687855941, -0.16885104805642825, 0.05352483698663827]
B1: 1.2886536648772666e-08 - -2.3099864195386514e-08 - -3.5386810038261236e-08 - -1.4384404078680427e-08
B2: -2.5009714545138254e-08 - -2.3879092402252282e-08 - -2.2641442050250528e-10 - -1.0509030429347238e-08
