Number: 8109
Error: 9.021895468782021e-16
A1: [0.08043162201677505, -0.1804678734112748, -0.019588919566237272, 0.11962490907750727] - [0.037415679101558644, 0.13359648520777206, -0.1347260872878874, -0.03628572604446727] - [-0.001702839060324018, 0.2281900964596588, -0.12282840266338726, -0.10365893026664406] - [0.03886321059767794, -0.11448104231699142, -0.04641646521204154, 0.12203420413630023]
A2: [0.03530734010248069, -0.029273579040524834, -0.0756974478432643, 0.06966329998698581] - [0.10289374988029211, 0.2828967004680304, -0.39260639701582695, 0.006815995176188534] - [-0.011187018721813614, 0.5390146724409922, -0.3594509385697438, -0.16837637892918267] - [0.09786283543570354, 0.017463352687206612, -0.16885097621821699, 0.053524916200709614]
B1: -4.053543817999637e-08 - 9.588025337475272e-10 - 2.725483524516835e-08 - 6.227453506671807e-09
B2: -4.2467167141577695e-08 - 6.371361616427518e-08 - -1.4112697997071832e-08 - -8.219157596942719e-09
