Number: 6584
Error: 1.4462667796619054e-15
A1: [0.0804316791563124, -0.1804678162781945, -0.019588862495000393, 0.11962496621052686] - [0.0374155550467909, 0.13359636124687968, -0.134726211095558, -0.036285850030551285] - [-0.0017027671990694805, 0.22819016831938788, -0.12282833090734936, -0.10365885842457219] - [0.038863182667365076, -0.11448107016891379, -0.04641649312455096, 0.12203417622334868]
A2: [0.035307438586150194, -0.02927348028448376, -0.07569735420609422, 0.0696634030606759] - [0.10289373717882966, 0.28289668765875925, -0.39260640930053897, 0.006815981875911042] - [-0.011187100928235527, 0.5390145897442928, -0.35945101638006194, -0.16837646555278726] - [0.09786280994078235, 0.017463327076347943, -0.1688510004877853, 0.053524889439414004]
B1: -2.159240725031864e-09 - -2.936925206817116e-09 - -8.305516371994543e-10 - -2.2815357057400063e-09
B2: -1.8398013658450396e-09 - -2.0922668765594407e-08 - 4.6944860218841037e-08 - -2.990440563356475e-08
