Number: 6069
Error: 9.301896538457305e-15
A1: [0.08043306164009646, -0.18046643395123732, -0.019587481664427055, 0.11962634853621952] - [0.03741710442265429, 0.13359790944957817, -0.1347246648073782, -0.03628430151340629] - [-0.0017021089778432334, 0.22819082652697226, -0.12282767364952987, -0.10365820037871286] - [0.038864265421944454, -0.11447999045288482, -0.0464154110598174, 0.12203525830505989]
A2: [0.035306860459226326, -0.029274060010745426, -0.07569790388002784, 0.0696627979882151] - [0.10289304566910609, 0.28289599027994805, -0.3926070781188455, 0.006815257763973332] - [-0.011187972765243977, 0.5390137127071362, -0.35945184159121707, -0.16837738423834664] - [0.09786189732748292, 0.017462410311818766, -0.16885186923541812, 0.05352393149207842]
B1: 7.064890794791484e-09 - 9.203411411703484e-08 - -6.755431376637529e-08 - 1.7747418068367795e-08
B2: 2.5001955033983673e-08 - 1.0761629954735077e-07 - 1.2450393422501617e-07 - -1.2826371008813274e-07
