Number: 7121
Error: 1.0549322716778187e-15
A1: [0.08043169596152622, -0.18046779947488287, -0.01958884570987794, 0.1196249830138221] - [0.037415599891459816, 0.13359640605761017, -0.13472616634024004, -0.03628580521072306] - [-0.0017027935763163078, 0.22819014194269838, -0.12282835724597801, -0.10365888479478048] - [0.038863239708831605, -0.11448101328752494, -0.04641643611943148, 0.12203423322936302]
A2: [0.0353074528207662, -0.029273466010496345, -0.0756973406719964, 0.06966341795873889] - [0.10289378358267189, 0.28289673445643965, -0.39260636441934493, 0.0068160304675174916] - [-0.011187169751270896, 0.5390145205107476, -0.35945108152257005, -0.1683765380740249] - [0.09786276083281685, 0.017463277745006757, -0.16885104723539487, 0.05352483789204169]
B1: 2.2793574186052046e-08 - -3.0069144282011264e-08 - 2.881203291537467e-09 - 1.8597145021270735e-08
B2: 2.3907131923909625e-09 - 2.886758671948066e-09 - 1.7885754324181872e-08 - 9.683166025648794e-11
