Number: 2170
Error: 0.0005210172806390649
A1: [0.08879387569215626, -0.004014954289334403, 0.033454386439447946, 0.07786290631971206] - [0.03651635512244522, 0.16495974530307736, -0.17922545982525512, -0.12716625903645518] - [-0.2362849353084721, 0.2828567198370921, -0.22459367215038015, -0.35106011548759974] - [0.0390351447710319, 0.06736198512963763, 0.0278333357164153, 0.023825179462610254]
A2: [0.10885911258599312, -0.20432492098010194, 0.07888412202791187, 0.06527980499697086] - [0.023151538564807853, 0.191622639213739, -0.1064440281146773, -0.1379582306587797] - [-0.05579273051136904, 0.582723556481993, -0.16844449795790178, -0.15557363025017734] - [-0.11854575504378359, -0.02692077011316475, -0.09156586875707172, -0.009189906717689038]
B1: 0.009678201546240113 - 0.007770709937109533 - -0.018060014571483592 - 0.037066911086743655
B2: 0.02520608678210974 - 0.00298311582475791 - 0.05463950613865792 - -0.03377188392699293
