Number: 834
Error: 2.376512548090939e-12
A1: [-0.012153788314837132, -0.014517575235186216, 0.018086847354926012, 0.008582675800781227] - [0.06583988633467563, 0.18949973488554497, -0.14531776162217394, -0.110003382434504] - [-0.09629350366084795, 0.42178567467388733, -0.05345779947257359, -0.27203623479673794] - [-0.0013421030323123447, -0.018239058662537676, -0.003857041747870357, 0.023352930496323483]
A2: [0.1615859641138693, -0.1677555157355587, 0.008500592371691302, -0.0023338069311320195] - [0.0354863500479489, 0.20751733822877821, -0.11720980032814679, -0.1257914166204245] - [-0.08621322101428386, 0.5815384387810668, -0.23538841178865968, -0.25993525226921965] - [-0.0038393004437128693, -0.004523550913346933, 0.0011059680736537976, 0.007239247215715258]
B1: 8.16461244837368e-07 - 8.875313088051777e-08 - 1.4707921701375352e-06 - -1.3873313817988512e-06
B2: 3.522000309352949e-06 - -5.486163383509399e-06 - 5.714562373661397e-06 - -3.381802568324269e-06
