Number: 3720
Error: 1.5730040489074e-15
A1: [0.0662129399711269, -0.1139523160185604, -0.023984191801088774, 0.07172262684464067] - [0.03740261405266754, 0.18819337127444263, -0.14740894488722536, -0.07818700828567854] - [-0.06022946458501057, 0.32895071055565506, -0.1277532009425596, -0.140968412977454] - [0.03904597199215968, -0.05332286369836165, -0.037418771449773826, 0.05169494083112773]
A2: [-0.009108300932986292, -0.3468028938921217, 0.24945536740386304, 0.10645696805872536] - [0.08003993181692211, 0.03628237121953766, -0.050249996353094566, -0.06607184260402615] - [-0.04245275045300069, 0.23083196724626354, -0.04053117159650218, -0.14784776265591693] - [0.06813496841221539, -0.29346764341925435, 0.14177144624849206, 0.08356207306836119]
B1: 7.132156219488724e-08 - 4.5188539096112746e-08 - -1.2168733327643046e-07 - 2.309363367416589e-08
B2: 5.0265385417155515e-08 - 5.376067717407233e-08 - 2.1729478885350083e-08 - -5.1718249505675517e-08
