Number: 2303
Error: 5.23923223891942e-05
A1: [0.060130209682266046, -0.04860024771153203, -0.028473517063587625, 0.006756941559644441] - [-0.00027392663228277287, 0.14836045541648524, -0.1897014000694129, -0.14027302125139013] - [-0.12685044497502626, 0.4196781952371102, -0.10229082544483609, -0.1835292240551345] - [0.037661444498220766, 0.027807574637758674, -0.023416919389299646, -0.01613439915518184]
A2: [0.0719938711361131, -0.16877690282260455, 0.0980923462455381, 0.03254749496058208] - [0.07187372779595666, 0.24085450582803503, -0.05938717865373434, -0.08680409786843177] - [-0.09787437629334797, 0.5079888952000923, -0.23103795491538515, -0.20352162678273789] - [0.013554700394867208, 0.05662185978163309, -0.009849438671577834, 0.09590196234749115]
B1: -0.004018372513221938 - 0.014392475374513944 - 0.00035508980773347847 - 0.006977206531138449
B2: 0.02267208352557655 - -0.003545479492573312 - 0.00895491369632913 - 0.005734684280850746
