Number: 7867
Error: 9.401750072403552e-16
A1: [0.08043168828137509, -0.18046780715417496, -0.01958885338084604, 0.11962497533454851] - [0.03741563810185624, 0.13359644423907194, -0.1347261282059766, -0.036285767021496614] - [-0.0017028196896803531, 0.22819011582988952, -0.1228283833211007, -0.10365891090116869] - [0.03886324078594395, -0.11448101221344976, -0.04641643504300856, 0.12203423430580267]
A2: [0.035307394137106284, -0.02927352485644341, -0.07569739646772829, 0.06966335653997939] - [0.10289371103016309, 0.28289666128819274, -0.3926064345911931, 0.006815954494474399] - [-0.011187086315458403, 0.5390146044442132, -0.3594510025487131, -0.16837645015483246] - [0.09786279071029219, 0.017463307758391416, -0.1688510187939729, 0.05352486925366978]
B1: -2.2540335845790012e-08 - -1.5563177469113444e-08 - 6.593839976930665e-09 - -8.643280917151443e-09
B2: -1.2814716644783244e-08 - -1.4857482034515987e-08 - -4.2734027178692955e-09 - -1.5411751433258457e-08
