Number: 3050
Error: 6.166175168453228e-08
A1: [0.06260812955925563, -0.0486972900515217, -0.024264551793609753, 0.0070273102183425] - [0.04326475600582983, 0.19088689552032176, -0.14297091069410356, -0.0929468101524343] - [-0.12569672137127574, 0.41262495509366, -0.10711077178779554, -0.1893080305421037] - [0.036662705526166246, 0.018822523381423793, -0.033481472213727596, -0.023406276563200497]
A2: [0.06463667613049263, -0.1724977137495911, 0.08751768675845238, 0.025136968068506484] - [0.0304369965529183, 0.2014290799453423, -0.10056756242981049, -0.1267511127557829] - [-0.09278484398248413, 0.514291907156628, -0.22497989211805203, -0.194489033534521] - [-0.024711362825741528, 0.01972063189390627, -0.04908261239029641, 0.05816458302069269]
B1: -0.00045904065355489973 - 0.0007645202475899452 - 4.9856311341999685e-05 - 0.0004243116989748041
B2: 0.0002898173464753763 - 5.4586550801160265e-05 - 8.994619611757886e-06 - 0.0005783949074614336
