Number: 8888
Error: 0.00040332736884386234
A1: [0.0701160305759327, -0.18799144537598064, -0.027207608451124417, 0.11250586852939062] - [0.020917661462810502, 0.120360946822275, -0.14670067378999938, -0.04939124945608131] - [-0.01888382973592265, 0.2131178468144473, -0.13726708064437457, -0.11891953768328796] - [-0.003279154105006935, -0.1525585166265629, -0.08511877173065235, 0.08409592555723826]
A2: [0.12070854238959423, 0.05658043141336312, 0.0034820784593530014, 0.1558873769353391] - [0.14396624936226282, 0.32438006656086793, -0.3526130260585235, 0.04840350660552333] - [0.026386358738877826, 0.5752069971086371, -0.3240026725102862, -0.1286685074698039] - [0.14094048931467423, 0.06090141674888226, -0.12715056429020058, 0.09869875399582174]
B1: 0.01646835440270597 - 0.007139741858128768 - -0.008291249578791182 - -0.010216399382513676
B2: -0.026405559239056867 - -0.030761359968672995 - 0.0006708385822436196 - -0.008605795618963193
