Number: 5722
Error: 0.020919756303989737
A1: [-0.2990200961988088, -0.5365628854805157, -0.4044493576958781, -0.2592258258332756] - [-0.41521402928960427, -0.3127691317895381, -0.6008639530737063, -0.49361757984387655] - [-0.22355553881394694, 0.06098833283284852, -0.33846406376374044, -0.3167202876306062] - [-0.2533373242921436, -0.34717956010910267, -0.323828723748007, -0.15732861393898775]
A2: [-0.5581043223846885, -0.5995458605144206, -0.5248266617863145, -0.7577844937588398] - [-0.3210933878341599, -0.12306910535602522, -0.673354850770277, -0.6633562134134712] - [-0.6213779336316665, -0.04967330699294869, -0.8269796382808264, -1.0327682531900568] - [-0.48150513472050405, -0.5394085756275966, -0.602527797638828, -0.7733121581345601]
B1: -0.5375427435525003 - -0.724662959139157 - -0.5732287138765529 - -0.5760601445073418
B2: -0.4076163441843189 - -0.34602658906021766 - -0.5446166571624956 - -0.37186766446163444
