Number: 2438
Error: 3.0030861154808604e-06
A1: [0.0704341333535404, -0.04095914565358708, -0.01637212802308071, 0.014887589872584407] - [0.04536563393960781, 0.1928698082781032, -0.14091006365170095, -0.09069924747398683] - [-0.1161628246547906, 0.42223550108141367, -0.0977727334697326, -0.17998903412557293] - [0.029186670302026596, 0.011452785104486454, -0.04088939013901368, -0.03083871275909459]
A2: [0.0683610375127276, -0.1688342210617812, 0.09142452621819712, 0.028938842975254717] - [0.023609716203254267, 0.19469009627742578, -0.10740132883590675, -0.13347023108981496] - [-0.08975793213765795, 0.5175876791034519, -0.2213668961595894, -0.19124404684834004] - [-0.022463404407929075, 0.022159329079495478, -0.046379907535132804, 0.060599898469094075]
B1: -0.0009989404437528724 - -0.0033762862456305147 - -0.0004083946630946382 - -0.002990398203363585
B2: 0.0029654630405119347 - -0.0015765822321505822 - -0.0008791688637152066 - -0.004450050148527949
