Number: 3382
Error: 9.682929852852546e-08
A1: [0.06535454969155927, -0.11479081624682803, -0.024842533292484162, 0.07086629273028792] - [0.03757139744912332, 0.1883544629619459, -0.1472434342788692, -0.07802130166857858] - [-0.05328200804708531, 0.3356271483415004, -0.12095440716405345, -0.1342130894491221] - [0.03636420576554806, -0.05586871018472148, -0.04001412956952081, 0.049117409872311495]
A2: [-0.008149621131139078, -0.3457830629858949, 0.2504542859408301, 0.10746223375497398] - [0.0806253627740168, 0.036913634777050085, -0.04960877406630864, -0.06543078664302543] - [-0.04157914721028596, 0.231796827042456, -0.039587081867254965, -0.1468870220367284] - [0.06917077126679044, -0.2923237000717745, 0.1429187565074793, 0.08472614677336308]
B1: -2.7495673242057515e-05 - -0.00016303325241286314 - 2.7439626673590075e-05 - 2.0287741378616583e-06
B2: 0.00011524012327026006 - 2.087487412744815e-05 - -0.0004122139841181552 - -0.0008111446911813011
