Number: 8502
Error: 1.0148622918506048e-15
A1: [0.08043168438888286, -0.18046781104620743, -0.019588857268727985, 0.11962497144249627] - [0.03741542442780489, 0.1335962307267787, -0.1347263414541117, -0.03628598057709772] - [-0.0017028021903238114, 0.22819013332886035, -0.12282836584739429, -0.10365889340648733] - [0.03886317855669855, -0.1144810742679876, -0.046416497232574544, 0.12203417211528092]
A2: [0.03530736533390303, -0.02927355373926523, -0.07569742385355821, 0.06966332639442138] - [0.10289370758618017, 0.28289665781502654, -0.39260643792216676, 0.006815950888143043] - [-0.011186928059711592, 0.5390147636438234, -0.3594508527558222, -0.1683762833956661] - [0.09786279921450568, 0.017463316301274033, -0.1688510106985055, 0.053524878180301716]
B1: -1.712454117801613e-08 - 4.663808969018861e-08 - -4.324974400752113e-08 - 2.0909949313701772e-08
B2: -2.0406457802982328e-08 - 3.4052384652128856e-08 - -4.957063587677607e-08 - 2.95363531089564e-08
