Number: 1771
Error: 3.078578035754454e-07
A1: [-0.008416001823593425, -0.01624833258449054, 0.0017323586766513932, 0.018173427457457963] - [0.0669533413530626, 0.1900117452175323, -0.14661092016317936, -0.10971914155595633] - [-0.11399972564523535, 0.44039034310426833, -0.07231859025232265, -0.2596166033756661] - [-0.02547509115997553, 0.01327996066825743, -0.032139767619371144, 0.03669966715539852]
A2: [0.12889995780573377, -0.22726694216637996, 0.020040642804922824, 0.06755122882050962] - [0.03342860882278395, 0.20452261700968793, -0.11410990861169477, -0.12068937897677907] - [-0.09375658584409667, 0.5564241651788708, -0.23428618974618268, -0.22471134743967766] - [-0.0251646087733537, -0.023562085996474417, 0.003808238656304146, 0.028009122329778254]
B1: 0.00014747825514168592 - 0.0015750063708483497 - -0.0010113112613561307 - 0.0006303285090219651
B2: 0.00012577751394956746 - -0.0010045447849245093 - 0.0005361906057814528 - 0.0006682711734637771
