Number: 2500
Error: 2.5277210463954896e-07
A1: [0.06288318160237588, -0.04842708474714636, -0.023994022279586264, 0.007299888782571646] - [0.04139518723819087, 0.1890810877081379, -0.14490582842355967, -0.09500988721948346] - [-0.12285813285974499, 0.41543728882631764, -0.10427190957727063, -0.18649405894306556] - [0.03754842981789301, 0.01970988486798704, -0.0325907167245065, -0.022518948738088122]
A2: [0.06129861304627397, -0.1758094777144711, 0.08418585343060839, 0.021844651796575493] - [0.028292014714062817, 0.19931948233609723, -0.10270341638098433, -0.12884833397709325] - [-0.09595212139078897, 0.5112073244162854, -0.22815376827279332, -0.19755393346319963] - [-0.026802831428806212, 0.017668094219997453, -0.051166875944061815, 0.05613075110100889]
B1: 0.0010216723148162717 - -1.0160599641926551e-05 - 0.0001862690427227021 - -7.813732470811027e-05
B2: -5.1588119644474485e-05 - -0.0006995921165687775 - 0.0006348182763001967 - 0.0005145774608918557
