Number: 4864
Error: 1.10668893729157e-15
A1: [0.06621323030315569, -0.11395203217450459, -0.023983901696887456, 0.07172291668941154] - [0.037402604505446815, 0.18819336215277435, -0.14740895427282952, -0.07818701767216193] - [-0.060229474959381135, 0.32895070059147685, -0.12775321109435314, -0.1409684230744458] - [0.039046251546815125, -0.0533225983554581, -0.037418500989889046, 0.05169520909487441]
A2: [-0.009108496807207978, -0.34680310168438494, 0.24945516994461084, 0.10645676269505858] - [0.0800399187590828, 0.03628235715240409, -0.050250010624600924, -0.06607185699680669] - [-0.042452731531508664, 0.23083198812892985, -0.040531151319534706, -0.1478477417296496] - [0.06813491742027436, -0.2934676995641616, 0.14177139096757796, 0.0835620158963106]
B1: -3.992979372380405e-08 - -4.334126546527849e-09 - -3.256028556567532e-08 - -3.7168312757614113e-09
B2: -4.625066578868402e-08 - -1.5911415530286392e-08 - 2.2760300279552428e-08 - 1.3928535858529597e-08
