Number: 4236
Error: 9.451863943461682e-16
A1: [0.06621320262545356, -0.1139520592337211, -0.02398392935286533, 0.07172288905817722] - [0.03740261259382442, 0.1881933698806553, -0.14740894632134297, -0.0781870097199546] - [-0.06022943878699588, 0.3289507353331359, -0.12775317569815456, -0.14096838786881208] - [0.03904626522651013, -0.05332258537136584, -0.03741848775538357, 0.05169522222194062]
A2: [-0.009108464620779933, -0.3468030675394879, 0.2494552023915747, 0.10645679644088185] - [0.08003984590064074, 0.03628227866301457, -0.050250090254747096, -0.06607193730307251] - [-0.042452847369948976, 0.23083186028258593, -0.04053127545663252, -0.14784786984243475] - [0.06813489028172778, -0.29346772944454896, 0.141771361547228, 0.08356198546938258]
B1: -3.7821867859759095e-08 - 1.9905038926323226e-08 - -2.5490776101733158e-08 - 2.7381732722251654e-08
B2: -2.8131966356718617e-08 - -3.5718521916071506e-08 - 1.5859391665158568e-08 - 4.815703920091157e-08
