Number: 3103
Error: 1.8668720617821266e-06
A1: [0.0653829907630894, -0.04605345645896319, -0.02164823692043677, 0.009719825942943927] - [0.043029404693942945, 0.19061802684266355, -0.143248220022507, -0.09321939531236804] - [-0.12174290644742564, 0.41644008389577664, -0.1032580577814445, -0.18542663026800868] - [0.03870672339816061, 0.02071791744174676, -0.031585155248252006, -0.021378134547814155]
A2: [0.059268714785129684, -0.17772590012541997, 0.08214722774779343, 0.019803368819277325] - [0.03033449244452506, 0.20132347545757354, -0.10064150640802455, -0.12684007305604628] - [-0.084277957312259, 0.5226452731307003, -0.21646958292823457, -0.18623232355307995] - [-0.023390822633793034, 0.02101173111579152, -0.047796726222108024, 0.05937763489310821]
B1: -0.0030461461708802587 - 0.0005202274482951766 - 0.0025097002039852394 - 0.0021887634071896343
B2: 2.7632002080018106e-05 - 0.0025712511247588383 - 0.00021631510131811055 - -1.8893062760457933e-07
