Number: 8527
Error: 1.4652257131509612e-15
A1: [0.08043171311145311, -0.18046778232688016, -0.01958882858048018, 0.11962500016179714] - [0.03741563980240019, 0.13359644593841816, -0.13472612650859636, -0.03628576532176177] - [-0.0017028188313349447, 0.22819011668820227, -0.12282838246402329, -0.10365891004305558] - [0.038863229205916075, -0.11448102376089224, -0.046416446615633315, 0.12203422273303045]
A2: [0.035307302114598614, -0.029273617133441118, -0.0756974839618329, 0.06966326022870453] - [0.1028936890528368, 0.28289663912437224, -0.3926064558473907, 0.006815931481048792] - [-0.011187056944506012, 0.539014633990336, -0.3594509747484143, -0.1683764192057008] - [0.09786280063030321, 0.017463317723487318, -0.16885100935075378, 0.05352487966641643]
B1: -4.930625964606281e-08 - -7.716299771091846e-09 - -1.2567053218454958e-08 - 5.355138518136448e-09
B2: -1.0264648570868065e-08 - 6.968559407343923e-08 - -2.4508743999556802e-08 - 1.6102693590265835e-09
