Number: 9061
Error: 0.00011393082798895782
A1: [0.03134461033704924, -0.17817020753566576, -0.05172016448228791, 0.09663480566429698] - [0.027794677551412947, 0.14942263637983533, -0.09464926167483187, -0.002769155844324584] - [-0.02571321524935182, 0.21929662364142785, -0.1286488598137453, -0.08659779966811] - [0.040190284101603996, -0.08693424509844891, -0.034290346172249596, 0.1354617287009649]
A2: [0.012998520115366854, -0.14854296757243274, -0.18610504749355572, 0.0325487583518172] - [0.2011734352824362, 0.33491959369238344, -0.32309726977432196, 0.13283849785962426] - [0.09405935738505707, 0.5211939799141331, -0.3276457024067443, -0.06525991054421618] - [0.14963301394312867, -0.039088833856503344, -0.19771117717190023, 0.10793714894562437]
B1: -0.026795522069146906 - 0.000850913421806522 - 0.008771853449381941 - -0.011771184036981167
B2: -0.02433758776518113 - -0.007242998066776308 - 0.003904995181550265 - -0.006595109786791456
