Number: 5083
Error: 7.079896698036e-16
A1: [0.06621330199101323, -0.11395196208861216, -0.023983830065297286, 0.07172298825695765] - [0.037402598616173816, 0.18819335652598712, -0.1474089600624196, -0.0781870234622674] - [-0.06022937524782051, 0.32895079635896396, -0.12775311352247445, -0.14096832602734669] - [0.03904623304436993, -0.053322615917246324, -0.037418518890360374, 0.05169519133974951]
A2: [-0.009108430833932757, -0.3468030316972333, 0.2494552364516529, 0.10645683186431372] - [0.08003981390986367, 0.03628224419984886, -0.050250125218711, -0.06607197256396583] - [-0.04245287951443029, 0.23083182480620815, -0.04053130990361997, -0.14784790539275305] - [0.06813473265993171, -0.29346790299287184, 0.1417711906699099, 0.08356180874641002]
B1: 7.811276041276908e-08 - 3.568139654418526e-08 - 2.248348021945073e-08 - 2.378196717372587e-08
B2: 3.639534889398858e-08 - 3.4890343858582937e-09 - 1.1462987641729016e-07 - -5.7098037570657665e-08
