Number: 6362
Error: 9.888117539174332e-16
A1: [0.08043172303289052, -0.1804677724065841, -0.01958881867088476, 0.11962501008209474] - [0.03741563789809944, 0.13359644403548304, -0.13472612840933174, -0.03628576722513619] - [-0.0017027878750135465, 0.22819014764388496, -0.12282835155302041, -0.10365887909499802] - [0.03886326984718705, -0.1144809832337516, -0.046416406000281026, 0.1220342633489875]
A2: [0.03530748836415069, -0.029273430368805028, -0.07569730687782818, 0.06966345515877496] - [0.10289378691935815, 0.28289673782144387, -0.3926063611921603, 0.006816033961529229] - [-0.011187037861132492, 0.5390146531875679, -0.3594509566857071, -0.16837639909674484] - [0.0978628407461799, 0.017463358021869387, -0.1688509711630542, 0.05352492177506808]
B1: -1.0032821860247836e-08 - 1.7136383203966582e-09 - -1.2357593028689909e-08 - -4.904103078814125e-09
B2: -5.061748419144559e-09 - -1.2611134928474357e-08 - 2.7183190080159516e-09 - -9.4163372377993e-09
