Number: 3047
Error: 1.3086355918782414e-07
A1: [0.06283411362693457, -0.048471523486771216, -0.024039885352312426, 0.007252898276274619] - [0.043878474154414204, 0.19147951409085878, -0.1423390725401957, -0.09227204024562848] - [-0.12526082836770316, 0.41306055922633383, -0.10667215556100566, -0.1888715838047863] - [0.03645432942107099, 0.018614883981242433, -0.033687998338935286, -0.023610465827437227]
A2: [0.06175082936002799, -0.1753705479007686, 0.08464246659498867, 0.022285704982413338] - [0.029584876617333524, 0.20058939318524815, -0.10141617776801823, -0.12758517938419806] - [-0.09249964914684806, 0.5145721053343697, -0.22469420879838015, -0.19421284179397744] - [-0.023452722848404297, 0.02097350452219606, -0.04782262460919661, 0.05938987097220635]
B1: 0.0007315543107997918 - 0.000584531019304461 - -0.00012747474228405733 - -0.0002639472025639579
B2: 0.00021291383458433216 - -3.934718111266215e-05 - 0.00025754078134147487 - 0.0004587899964650092
