Number: 9665
Error: 1.3190911268711603e-14
A1: [0.053172189746364874, -0.14800163150281392, -0.02699940731809823, 0.12182746141454456] - [0.0053136657064156365, 0.13083664009970083, -0.11360079787706491, -0.022549817562533443] - [-0.014444202092205538, 0.22309189541320548, -0.12704090533131687, -0.0816056584165272] - [0.027146386954943782, -0.10002011117992204, -0.04942458169579378, 0.12229804707696587]
A2: [0.08925363540712195, -0.07291419429422566, -0.12362822808690384, 0.10728554699242188] - [0.10884114281417422, 0.2498135950231285, -0.40484586391083005, 0.04618888424435753] - [0.03663504080700188, 0.4625542329325082, -0.37771831948609513, -0.12147416787589708] - [0.14342607902510182, -0.04460697617944832, -0.20149988130092683, 0.1026795030632087]
B1: -6.127047968330155e-08 - 1.7943384116691872e-07 - 9.15464625366562e-08 - -2.049328178964142e-07
B2: -1.889267546153172e-07 - -7.110654467929605e-08 - -1.657313059360754e-08 - -5.703959578084596e-08
