Number: 3588
Error: 1.5995595597150492e-11
A1: [0.06620990463658026, -0.11395528362647624, -0.02398722496351115, 0.0717195965814159] - [0.03739867717504061, 0.18818960983860142, -0.14741281515723711, -0.07819087881804776] - [-0.06022672839342202, 0.328953338493858, -0.12775052325330494, -0.1409657501325926] - [0.039056858673100096, -0.05331253048912047, -0.03740823899509861, 0.05170538770888781]
A2: [-0.009101031856286875, -0.34679518244732865, 0.24946269531205928, 0.10646458940718798] - [0.08004264476332226, 0.0362852938836664, -0.050247031273549576, -0.06606885237963527] - [-0.042462971102834215, 0.23082068705776476, -0.040542124700082206, -0.14785906653883413] - [0.06816295461506143, -0.29343682942938876, 0.14180178622852196, 0.08359345109159236]
B1: 1.3210673209899604e-06 - -2.276619382229118e-06 - -8.617040546073869e-06 - 6.701242786798566e-06
B2: 4.25079611041684e-06 - -1.873242827823141e-07 - -2.2949841219973105e-06 - 8.093895532525011e-07
