Number: 1093
Error: 5.7610136371005096e-06
A1: [-0.010862305913818737, -0.018625727081129462, -0.0007524668313021864, 0.01554115184459583] - [0.06797936662975547, 0.19089656770038613, -0.14564844156860904, -0.10850892978091903] - [-0.10730850060111582, 0.4471848439621487, -0.06550841162642262, -0.2528261163725408] - [-0.03804862390642055, 0.0010317039279018623, -0.044421481701476265, 0.023646039048345863]
A2: [0.13001132636305893, -0.22621455016682607, 0.021274905126688844, 0.0686719926082263] - [0.033123892578239396, 0.2043300645051776, -0.11427109116430768, -0.12116732665844865] - [-0.09815292747235613, 0.5521773313206608, -0.2382976319643403, -0.22944237674627535] - [-0.022804591442528034, -0.021504561186222463, 0.006620173535994955, 0.029979884720523237]
B1: -2.9819628667314326e-05 - -0.0085010514334872 - -4.631754510479695e-05 - -7.142887756178508e-05
B2: -0.0016368410448427048 - 0.00676663945078565 - -0.004850703621108701 - 0.00011656283155838157
