Number: 1066
Error: 3.813355673292328e-05
A1: [0.0009683415939858871, -0.007393195261483637, 0.011027887692333283, 0.026612804397962157] - [0.08131865035120522, 0.20365517144575884, -0.1323068706670841, -0.09388425263901934] - [-0.08759464731175332, 0.4634571579151619, -0.05378539629781319, -0.23552561524570115] - [-0.05011775359521012, -0.009952081969202307, -0.0497445024121061, 0.01286120145788644]
A2: [0.13775492117250976, -0.21756200632959694, 0.02652047575817345, 0.07814892554184132] - [0.019321500630376544, 0.19081518390422747, -0.12771138074478192, -0.1349016819330607] - [-0.0905033106332723, 0.5603001212822084, -0.22429172870696726, -0.22815283403081713] - [-0.0025697758442753274, -0.0016639719447370765, 0.026818075779184262, 0.049264930895657845]
B1: -0.01067919054506469 - 0.002626304090765543 - 0.0010624981582767756 - -0.008933140560380172
B2: 0.0013550943634056838 - -0.0025105463200501407 - -0.00916072529629182 - 0.00608402862199282
