Number: 6291
Error: 1.0295794688642288e-15
A1: [0.08043164786166469, -0.180467847569294, -0.01958889375222783, 0.11962493491945597] - [0.037415556795110466, 0.1335963629938802, -0.13472620935072147, -0.036285848283196996] - [-0.0017028368758261346, 0.2281900986441194, -0.12282840048208937, -0.10365892808273136] - [0.038863206760268595, -0.11448104614362113, -0.046416469047000974, 0.12203420030128069]
A2: [0.03530740724752966, -0.029273511709786103, -0.07569738400243375, 0.06966337026139034] - [0.10289379762367258, 0.28289674861660763, -0.3926063508390904, 0.006816045170513204] - [-0.011186927733382463, 0.5390147639721908, -0.3594508524474587, -0.1683762830512203] - [0.09786286136048647, 0.017463378729944468, -0.16885095153957844, 0.05352494341339142]
B1: -4.8217067047075364e-08 - 1.0745392599597639e-08 - 7.707944126129506e-09 - 1.8320004295999014e-09
B2: -1.2722063567550327e-08 - -1.0629780538653097e-08 - 6.587238109974969e-09 - -1.6101151706462404e-09
