Number: 5633
Error: 3.0870139170246434e-06
A1: [0.06518607253515908, -0.11495524129885121, -0.02500971522181764, 0.07069743473548486] - [0.03719524039242768, 0.18799472569233028, -0.14761299827104207, -0.07839222087009502] - [-0.06227811261329289, 0.3269848187933256, -0.12975560267018185, -0.14295934846953437] - [0.037504112316257325, -0.054784038805804104, -0.03890788651064191, 0.05021865697236919]
A2: [-0.009459840766728098, -0.3471771304807992, 0.24909696679771473, 0.1060869957082717] - [0.07913368953186202, 0.03530665274292909, -0.05124197948433423, -0.06707152494127556] - [-0.04300453262179426, 0.23022294380884856, -0.04112746316340398, -0.14846096115092014] - [0.06953516136396362, -0.29192508146891905, 0.14328323745229235, 0.08512820739124491]
B1: 0.0009373422188290984 - 0.0010624286121016639 - 0.0008232083296595765 - 0.00013664839460989994
B2: -0.0009769222657743594 - -0.0006822644823190903 - -0.001160463981812204 - -0.0009638251645010816
