Number: 1388
Error: 4.121379350279772e-10
A1: [-0.007367958645554159, -0.015175806911341457, 0.0028096031785770216, 0.019269473585139297] - [0.0667632693968469, 0.18982335560361363, -0.14680073859252124, -0.10993293452059617] - [-0.11273031820781247, 0.4416432157156259, -0.07094053085107056, -0.2582567978044059] - [-0.023599042688856615, 0.015118422403219282, -0.030169202932859938, 0.03866907405056536]
A2: [0.1315918773623352, -0.22462289079914685, 0.022672273051174023, 0.07016609467647765] - [0.03255782371302539, 0.20366224810004804, -0.11497634922010337, -0.12154395086853124] - [-0.09459705550838095, 0.5555651858349621, -0.23517705022887384, -0.22560995858768026] - [-0.02099441511471203, -0.01944055153630957, 0.007952361842294546, 0.03202116482182234]
B1: 1.701598400425745e-05 - 8.857006902371675e-06 - -1.8217997687988877e-06 - 2.2781744468132412e-05
B2: -2.548270048090172e-05 - 8.365040357977097e-07 - -2.1283071448979008e-06 - 4.0774023613380626e-05
