Number: 7186
Error: 9.327964450719801e-16
A1: [0.08043170646076171, -0.180467788976838, -0.01958883522319916, 0.11962499351185693] - [0.03741560944192603, 0.13359641560084723, -0.134726156808805, -0.03628579566554822] - [-0.0017028296030836582, 0.22819010591670938, -0.12282839321998126, -0.10365892081192465] - [0.0388632586919013, -0.11448099435773346, -0.046416417148465644, 0.12203425220063034]
A2: [0.035307487984924495, -0.029273430749079215, -0.0756973072383613, 0.06966345476183565] - [0.10289373108843668, 0.28289668151668246, -0.392606415191086, 0.006815975498391024] - [-0.011187153473677384, 0.5390145368854293, -0.35945106611546723, -0.16837652092175986] - [0.09786280158512406, 0.017463318682681073, -0.16885100844182935, 0.05352488066868808]
B1: 2.4354370516018642e-08 - -1.0812244872822298e-08 - -9.26126863335374e-09 - 7.639879739403565e-09
B2: 5.530287536915186e-09 - 4.939254461520958e-09 - -1.4285264542622184e-08 - 9.924526599140605e-09
