Number: 6181
Error: 9.682762055830377e-16
A1: [0.0804316213116613, -0.18046787411629026, -0.019588920270484624, 0.11962490837248514] - [0.03741552112990914, 0.13359632735567226, -0.1347262449448588, -0.03628588392864178] - [-0.0017028098733443218, 0.22819012564602562, -0.12282837351914326, -0.10365890108745597] - [0.03886322874842506, -0.11448102421717157, -0.04641644707285541, 0.12203422227577108]
A2: [0.035307398733377904, -0.029273520247486678, -0.07569739209757329, 0.06966336135039958] - [0.10289372235568657, 0.2828966727098097, -0.39260642363728543, 0.006815966353903163] - [-0.011187131398352926, 0.5390145590924342, -0.3594510452206717, -0.16837649766024798] - [0.09786278023576263, 0.01746329723620857, -0.1688510287650253, 0.053524858258793426]
B1: 3.4892306710636834e-09 - 2.8251043377164686e-09 - 9.348730376740672e-09 - 2.5069356507149387e-09
B2: -1.3269928935105541e-08 - -2.2915844045186238e-08 - 3.435208103817849e-08 - 2.5171119728185396e-08
