Number: 8181
Error: 6.803950863609867e-16
A1: [0.08043171512057747, -0.1804677803180334, -0.01958882657378945, 0.11962500217065256] - [0.03741557136275415, 0.13359637755053966, -0.13472619481196701, -0.03628583372354982] - [-0.001702812268751034, 0.22819012325065643, -0.12282837591104875, -0.103658903482227] - [0.038863256036776775, -0.11448099700541678, -0.04641641980190897, 0.1220342495471487]
A2: [0.03530759740942816, -0.02927332102189951, -0.07569720319864327, 0.0696635692861483] - [0.1028937910833168, 0.28289674202073595, -0.39260635716476594, 0.006816038321720041] - [-0.011187136616164323, 0.5390145538434612, -0.35945105015951656, -0.16837650315835115] - [0.09786270831661036, 0.01746322498992151, -0.16885109722756697, 0.05352478276728128]
B1: 3.717041438354201e-08 - -1.1238722375694913e-09 - -4.978200411257965e-09 - 4.515120225360874e-08
B2: 3.257811373528544e-08 - 6.777056020592906e-09 - 2.013202827518556e-08 - 2.6626087772767e-08
