Number: 1751
Error: 1.0385563325439437e-06
A1: [-0.006965388325521885, -0.014781837221325797, 0.003252008434352017, 0.019658388590110258] - [0.06592504555461594, 0.18902038225242493, -0.1476729247124461, -0.1108634772592927] - [-0.11329474254204833, 0.44107597475564897, -0.07156752019671611, -0.2588607621132435] - [-0.024395857962499844, 0.014331477506768484, -0.031022152676423737, 0.037832168292348464]
A2: [0.13064332311088966, -0.22553791359363703, 0.02174684370710965, 0.06924445130733144] - [0.03180691964354546, 0.20292615223764293, -0.11572352043563135, -0.12227423804556559] - [-0.09591431201760425, 0.5543154748864272, -0.23641881235732895, -0.22684743082238787] - [-0.021553507404714015, -0.019991054081397664, 0.007384282477455326, 0.03147039051835969]
B1: -0.00046542325030085856 - -0.0012334057166869163 - -0.0003134503714645333 - -0.00038353064101629477
B2: 1.4058633909262166e-05 - 0.0009078673456360041 - 0.0002178578429445526 - 0.00029888554924354044
