Number: 6075
Error: 2.412662195233366e-14
A1: [0.08043287299598643, -0.1804666225739277, -0.019587670082914153, 0.11962615991371021] - [0.03741687733829667, 0.13359768253724372, -0.13472489143905067, -0.036284528471811295] - [-0.0017016849424160312, 0.22819125055315168, -0.12282725023511686, -0.10365777645660075] - [0.038864100207993, -0.11448015520323458, -0.04641557616854447, 0.12203509319376032]
A2: [0.035307504550042154, -0.029273414138303467, -0.07569729148770336, 0.06966347209936664] - [0.10289354564125908, 0.28289649449550763, -0.39260659455274227, 0.006815781308041957] - [-0.011187161788206204, 0.5390145285213385, -0.3594510739847157, -0.16837652968298425] - [0.09786229778210677, 0.017462812587986418, -0.168851488029008, 0.05352435183928054]
B1: -1.6560665058348601e-07 - -1.2730015625595027e-08 - -1.8590714648991478e-07 - 2.928253491736198e-08
B2: 2.769137672751722e-07 - 4.803934784005977e-07 - -5.208122266135605e-07 - -1.3104862809687066e-07
