Number: 5777
Error: 0.00010976703159030417
A1: [0.1093784694641937, -0.15398381556700744, 0.007186444475540163, 0.14702410554484344] - [0.07317248804906842, 0.1641532224346309, -0.10377896040946122, -0.003906518536293151] - [0.021457799407779542, 0.2534104474803239, -0.0990843184491379, -0.08008999805522511] - [0.0655624324736274, -0.08456631653436493, -0.016897279717166615, 0.15060095178579114]
A2: [0.011413242840131923, -0.05453250186330041, -0.09529321201618192, 0.04821588319400502] - [0.10383712875037533, 0.28448097838001846, -0.39359930219429023, 0.005582323286346956] - [0.023438361130511596, 0.5751615453576793, -0.3266381187639312, -0.1343729279333511] - [0.11748256783360998, 0.037702022941373994, -0.14934340744593017, 0.07332163929332083]
B1: 0.008460856978186403 - -0.005866734311905392 - -0.0029711267563030143 - -0.0007440177488459189
B2: -0.006751716593329399 - -0.0001968640405044578 - -0.0012395574117739176 - -0.021895194440965236
