Number: 407
Error: 3.794637237344434e-11
A1: [-0.012171876429004346, -0.014536151848663432, 0.018066855860389797, 0.008563347903638751] - [0.06582908729809189, 0.18948934674132695, -0.1453289268464201, -0.11001540619458276] - [-0.09631340238872196, 0.4217664440519667, -0.05347939068992638, -0.27205941737096634] - [-0.0013514869174700776, -0.018248082180667653, -0.003867028949573124, 0.023342084498939097]
A2: [0.16156917239741958, -0.1677719923235664, 0.008484139201863451, -0.0023501767164424885] - [0.035480714036446745, 0.20751179277000018, -0.11721541275062561, -0.1257969302129481] - [-0.0862129701237985, 0.5815386840682165, -0.23538816815592065, -0.259935008722821] - [-0.003853638673392429, -0.004537650472278714, 0.0010917772201639055, 0.007225529646425326]
B1: -1.7681874480998462e-06 - -1.0163676559576636e-05 - 8.102515034248971e-06 - -3.0508058269079687e-06
B2: 7.708933535024455e-06 - -6.562733333911258e-06 - 3.350466035189676e-06 - 4.665330570945619e-06
