Number: 3538
Error: 2.2696139853054722e-11
A1: [0.06622173777652059, -0.11394371539593058, -0.023975401657952606, 0.07173141046641213] - [0.037396548079742964, 0.1881875751123428, -0.14741490849629535, -0.07819297150950541] - [-0.06024115924247714, 0.3289394798630711, -0.12776464299435566, -0.14097979582894093] - [0.039056516639165956, -0.05331285562950498, -0.03740857038122306, 0.051705059888478906]
A2: [-0.009129222088657801, -0.3468250876183822, 0.24943427888457131, 0.10643503322953118] - [0.08000276753334297, 0.03624233525926361, -0.05029061468088361, -0.06611280605573923] - [-0.04248796995887535, 0.230793097291471, -0.04056891401695534, -0.14788671497628922] - [0.06813819498700506, -0.2934640914519626, 0.14177494598537585, 0.0835656917315951]
B1: 6.707776855830731e-06 - 1.3292573005554583e-05 - -7.582616361064412e-06 - 9.244321376368998e-06
B2: 3.6341599963227297e-06 - 1.0579300514798752e-05 - 3.991482575395678e-06 - 6.933225651628401e-06
