Number: 313
Error: 4.3409541221049585e-09
A1: [-0.012050185073820018, -0.01441120093608706, 0.018201413367417603, 0.008693429824641118] - [0.06586357989565148, 0.1895225175300882, -0.14529327763769512, -0.10997701369911218] - [-0.09670423300692461, 0.4213887835862269, -0.05390344896158633, -0.27251476191397805] - [-0.0016464955380791505, -0.01853174216136495, -0.0041810226342325575, 0.02300108402935565]
A2: [0.16141291047132444, -0.16792532700703214, 0.008331046129672424, -0.0025024996144914634] - [0.03543945668683666, 0.20747119812749795, -0.11725650675098247, -0.12583729185515793] - [-0.08652864028368622, 0.5812294867814627, -0.23569529678591372, -0.26024280583582665] - [-0.0039427950168974026, -0.0046252811094903675, 0.0010036133309458898, 0.007140307228140933]
B1: -0.00015374883080500836 - -0.0002598883129595782 - -0.00016514945981732963 - -7.908114060207269e-05
B2: 0.00029300266898529674 - -0.0007263054819745694 - -0.0001389610854141143 - -0.00011703020551106073
