Number: 6367
Error: 9.956748008579945e-16
A1: [0.08043171804948554, -0.18046777738942477, -0.019588823648331064, 0.11962500509925884] - [0.03741562103361617, 0.13359642718376377, -0.13472614524021198, -0.036285784080277605] - [-0.0017027881657288098, 0.228190147353176, -0.12282835184330991, -0.10365887938563563] - [0.03886325519507254, -0.1144809978447465, -0.046416420643058794, 0.1220342487059795]
A2: [0.03530752859876631, -0.029273390022904567, -0.07569726862328882, 0.06966349726868534] - [0.10289376892928959, 0.2828967196786907, -0.3926063785919155, 0.006816015123292208] - [-0.011187051271601191, 0.5390146396971107, -0.3594509693790006, -0.1683764132278317] - [0.09786285097477405, 0.017463368296990377, -0.1688509614260992, 0.05352493251176736]
B1: 1.0517396185533273e-08 - 3.0830219224634285e-09 - -1.1040899628163738e-08 - 7.0634359056722265e-09
B2: 1.8822656289900796e-09 - 9.761689432839935e-10 - 3.917974792104086e-09 - -4.6563926659108694e-09
