Number: 4220
Error: 6.036502083536828e-16
A1: [0.06621319887517571, -0.11395206290019186, -0.023983933100199726, 0.07172288531419367] - [0.03740264015630533, 0.18819339621473674, -0.1474089192253088, -0.07818698262152679] - [-0.06022934934899333, 0.32895082123340796, -0.12775308817939926, -0.14096830082078468] - [0.03904613380228615, -0.053322710114292605, -0.03741861490393914, 0.051695096105810016]
A2: [-0.009108538407521797, -0.3468031458156802, 0.24945512800782002, 0.10645671907951387] - [0.08003983845315832, 0.03628227063994224, -0.050250098394421745, -0.06607194551186135] - [-0.042452841282479274, 0.2308318670010956, -0.04053126893305857, -0.1478478631099266] - [0.06813483521182506, -0.2934677900789096, 0.14177130184614153, 0.08356192372585525]
B1: -9.92103400333769e-09 - 1.0068625372253767e-08 - -1.1713142523918666e-08 - 2.0327097869097678e-08
B2: 7.388740420815027e-09 - 2.1435585146123494e-08 - 3.7338313429622834e-10 - -1.792349409245999e-08
