Number: 6364
Error: 1.156475373544045e-15
A1: [0.08043172167736301, -0.1804677737619581, -0.019588820024791453, 0.11962500872672202] - [0.03741563186244699, 0.13359643800439874, -0.13472613443295792, -0.03628577325744526] - [-0.0017027877751147119, 0.2281901477437817, -0.12282835145326779, -0.10365887899512581] - [0.03886326452067691, -0.11448098854531341, -0.04641641132339693, 0.12203425802578788]
A2: [0.03530750685337515, -0.029273411828441256, -0.07569728929851859, 0.06966347450976351] - [0.10289377871643599, 0.28289672954890216, -0.39260636912591756, 0.006816025371868129] - [-0.011187045277825502, 0.539014645726637, -0.35945096370576457, -0.16837640691197753] - [0.09786284542619877, 0.017463362723176275, -0.16885096670798125, 0.05352492668756677]
B1: -5.841322678696684e-10 - 1.8803604785181328e-09 - -1.1988204498024412e-08 - 1.8606478140335727e-10
B2: -2.42844227515465e-09 - -7.4283542203363785e-09 - 2.878022896862989e-09 - -7.815306976028558e-09
