Number: 9051
Error: 4.1739475392028844e-05
A1: [0.007921763479720453, -0.20804197337820413, -0.07511243042152833, 0.07178971253267961] - [0.02208188060516127, 0.14434421682152815, -0.09957532328990479, -0.008118757539700438] - [0.004530316332692683, 0.25169650834654833, -0.09528769361112713, -0.055316970480641874] - [0.03440594852147561, -0.09231730390495532, -0.03847893632740531, 0.13008416871300676]
A2: [0.16823654262419088, 0.016622295615951112, -0.026531426572221815, 0.19966699589722695] - [0.020461181288510995, 0.14692386133527327, -0.5066297321554397, -0.05842237837494528] - [0.03691267384929535, 0.46949896825763593, -0.3801516585153856, -0.11942135750340202] - [0.16499624136593063, -0.019186103952528774, -0.17929584854053565, 0.12758408892716408]
B1: -0.003408064110566115 - -0.02280187233900687 - -0.04683818622753039 - -0.015900641996623603
B2: -0.04422408716532005 - -0.019145453301530016 - -0.01891994326258138 - -0.018876540883161746
