Number: 4016
Error: 9.519203251859042e-16
A1: [0.0662132049803221, -0.11395205693147821, -0.023983926999842187, 0.07172289140909256] - [0.037402564460043676, 0.18819332389210056, -0.14740899364054214, -0.0781870570433323] - [-0.06022930827831678, 0.32895086067949875, -0.12775304799006992, -0.14096826084763137] - [0.03904624069140411, -0.053322608659205364, -0.037418511492306454, 0.05169519867775374]
A2: [-0.009108466685651769, -0.3468030697299681, 0.2494552003100169, 0.10645679427600557] - [0.08003982771305654, 0.03628225906977454, -0.05025011013274366, -0.06607195734985823] - [-0.04245282869191564, 0.23083188089681836, -0.04053125544051268, -0.14784784918524285] - [0.06813484099230348, -0.2934677837143274, 0.1417713081127686, 0.0835619302068776]
B1: -1.3002716694320602e-08 - 6.098537693537645e-09 - -3.333855088869279e-08 - 7.336724953159379e-09
B2: 1.2430556130274315e-09 - -3.490917620539582e-08 - -1.0341890294807068e-08 - 1.7396472749312907e-08
