Number: 4634
Error: 1.0149798041307664e-15
A1: [0.06621320071245841, -0.11395206110398297, -0.0239839312643883, 0.07172288714835884] - [0.0374026082097901, 0.18819336569200848, -0.14740895063118808, -0.07818701403019401] - [-0.060229333207977055, 0.32895083673595427, -0.12775307238478378, -0.14096828511092782] - [0.03904610836995105, -0.053322734253678436, -0.037418639508858376, 0.051695071700659005]
A2: [-0.009108569445209198, -0.3468031787418262, 0.24945509671886185, 0.10645668653810027] - [0.08003982800495159, 0.03628225938425831, -0.05025010981366564, -0.06607195702808992] - [-0.04245284980333828, 0.23083185759703062, -0.04053127806416759, -0.147847872533548] - [0.06813477324876274, -0.2934678583029678, 0.14177123467195926, 0.08356185425382096]
B1: -2.0313162036616768e-08 - -2.0304809916747317e-09 - -1.3819014691460647e-08 - -5.7976835434685125e-09
B2: 1.928370396444465e-08 - 1.2291254571349968e-08 - -2.3734834235570802e-08 - -2.5011581791116664e-08
