Number: 1555
Error: 1.4966711223272507e-09
A1: [-0.0064121628170129025, -0.014211525036491113, 0.003802725537600662, 0.02025074643823653] - [0.06694747012934643, 0.19000050394282292, -0.1466103653488273, -0.10972803521108822] - [-0.11243533486397374, 0.441932026163657, -0.07063347833545565, -0.2579373021751935] - [-0.02376598043988197, 0.014954250061891496, -0.03033957701774573, 0.038492962045594985]
A2: [0.1316231160616439, -0.2245925428726939, 0.022702874743007286, 0.07019704835456667] - [0.03278865613739129, 0.2038892335524194, -0.11474640626424995, -0.12131824044144487] - [-0.0945207774082291, 0.555639564116698, -0.23510249347770845, -0.22553537737014995] - [-0.02093374644034086, -0.01938097812074764, 0.008011955289661558, 0.032079439105594014]
B1: -5.071144477248693e-05 - -4.608902678043373e-05 - 6.421554391073983e-05 - -4.080744293451426e-05
B2: -2.8199372069982658e-05 - 2.2355280032448627e-05 - 0.00010690686228870662 - -0.00015472979794805972
