Number: 9911
Error: 1.1648740152271336e-15
A1: [0.05317251261818983, -0.1480013085116459, -0.026999084801417862, 0.12182778444190182] - [0.005313727074712697, 0.13083670153396562, -0.1136007365156065, -0.022549756108152033] - [-0.014444499725173617, 0.22309159767248699, -0.12704120272708685, -0.08160595615580075] - [0.027146571718865958, -0.10001992641532584, -0.04942439654104708, 0.12229823231048713]
A2: [0.08925468435822823, -0.07291314776771729, -0.12362720276863104, 0.10728660887806808] - [0.10884178693119988, 0.249814239253757, -0.4048452325524651, 0.04618953919844923] - [0.03663596547920169, 0.46255515279273035, -0.3777174173309919, -0.12147323361398005] - [0.14342657487720079, -0.044606482172676105, -0.2014993971431752, 0.10268000627287185]
B1: 5.1081941374451393e-08 - -4.655466272024739e-09 - -1.6011418174379094e-08 - -4.710853053393302e-09
B2: 3.7161429414508254e-09 - 1.7065833453997644e-09 - 7.153500602834297e-09 - 7.001076583520834e-08
