Number: 3732
Error: 1.3198907201274495e-15
A1: [0.06621311306860285, -0.11395214678926668, -0.023984018839446654, 0.07172279965161496] - [0.037402600383828, 0.18819335821481917, -0.14740895832472672, -0.07818702172438263] - [-0.06022930118838085, 0.3289508674890148, -0.12775304105229873, -0.14096825394717905] - [0.03904601492044171, -0.05332282295244144, -0.03741872991813008, 0.05169498202555034]
A2: [-0.00910837405179568, -0.34680297145978334, 0.2494552936934213, 0.10645689139762665] - [0.08003983013059081, 0.0362822616741639, -0.05025010749051481, -0.06607195468517489] - [-0.04245275917749688, 0.23083195761735867, -0.040531180946042716, -0.14784777230484225] - [0.06813495844401617, -0.2934676543946607, 0.1417714354419762, 0.08356206189219337]
B1: -3.109276837333798e-09 - 2.754921642312815e-08 - -3.279128331312698e-08 - 3.719879316009642e-08
B2: -3.1692434704224406e-08 - 2.6954263127550277e-08 - 1.7003780456444212e-08 - -2.810315768321641e-08
