Number: 5017
Error: 1.0416141999811506e-15
A1: [0.06621317296149451, -0.11395208823476888, -0.023983958993537204, 0.07172285944400147] - [0.037402652830161136, 0.18819340832378095, -0.14740890676591809, -0.07818697016104993] - [-0.06022933838002326, 0.3289508317685169, -0.12775307744579079, -0.14096829014470438] - [0.03904621705430477, -0.053322631094457146, -0.037418534360244386, 0.05169517599547849]
A2: [-0.009108674046561823, -0.34680328970725555, 0.24945499127127352, 0.10645657686956896] - [0.08003980824957652, 0.0362822381021, -0.05025013140508375, -0.06607197880286232] - [-0.04245287294595744, 0.23083183205554003, -0.04053130286459435, -0.14784789812831953] - [0.06813473650258955, -0.2934678987619652, 0.14177119483572315, 0.08356181305469991]
B1: -2.316107158624396e-08 - -9.963223636829252e-09 - 1.4145430686456938e-09 - -5.945938030001359e-09
B2: 2.0406587793165876e-08 - 1.0152561066228853e-08 - -6.23520656110009e-08 - 2.9355910279729626e-08
