Number: 3085
Error: 4.883160272014996e-07
A1: [0.06457559130386055, -0.04674845895881908, -0.022320978518643383, 0.008977485484550622] - [0.04261687460301399, 0.19026563634622848, -0.14363592670554828, -0.09365606654868519] - [-0.12056025382036405, 0.41773006031372717, -0.10196518257843776, -0.18417610414538385] - [0.03809750714688468, 0.020239247767166332, -0.03206013950244279, -0.021986905335722142]
A2: [0.06173955392608021, -0.17534724861053147, 0.08461609303821718, 0.022264758927976327] - [0.03044429766847905, 0.2014331249771515, -0.10055632403124413, -0.126741214791425] - [-0.09231553537576126, 0.5147614418417239, -0.22450230608912436, -0.19403472394925222] - [-0.027689860065186426, 0.016778399234324483, -0.05206283295554537, 0.055261824499636146]
B1: -0.0011433792504703033 - -0.002370194438703154 - 4.715493897819282e-05 - 0.0001608531714802359
B2: -0.0001751775809109295 - -7.388516876585198e-05 - 3.411624734914957e-05 - -0.0005692034560393659
