Number: 3528
Error: 3.752165819463532e-11
A1: [0.06620976140688369, -0.11395542449814959, -0.023987368984260703, 0.07171945428695185] - [0.03739504146377904, 0.18818613521289534, -0.14741638969730309, -0.07819445274177166] - [-0.06020083707940468, 0.3289782099243195, -0.12772518406248257, -0.14094055172223846] - [0.03904903917982254, -0.05331995366556435, -0.037415804943081776, 0.051697884417516]
A2: [-0.009054663051985573, -0.34674599249660865, 0.2495094429276952, 0.10651320417107045] - [0.08000731526541807, 0.036247234715872725, -0.05028564481792637, -0.06610779329275879] - [-0.04247733360468555, 0.23080483607852234, -0.040557515197739764, -0.147874951933685] - [0.06820848416520496, -0.29338670040333736, 0.14185114812792984, 0.08364449894279559]
B1: 6.124135832299358e-06 - 2.006136040821619e-05 - -8.050281752529149e-06 - 8.023771380824185e-06
B2: 3.664415608668747e-07 - 4.6924911828896505e-07 - 4.52714959100168e-06 - 6.791265098362348e-06
