Number: 683
Error: 1.3387971119229956e-14
A1: [-0.01215389087917099, -0.014517680613112633, 0.01808673401568925, 0.00858256619623211] - [0.06583598505691804, 0.18949598201586956, -0.1453217952022631, -0.11000772610996493] - [-0.09629384382620527, 0.4217853459178027, -0.0534581685711427, -0.2720366310690357] - [-0.0013220779539593827, -0.018219800457387095, -0.0038357256782291173, 0.02337607585647976]
A2: [0.16158679371727566, -0.16775470173154483, 0.008501405327661745, -0.002332998416486559] - [0.03548564259660151, 0.2075166421446085, -0.11721050480633985, -0.12579210872099597] - [-0.08621350575019694, 0.581538159909833, -0.23538868875315316, -0.25993553020865123] - [-0.0038346515450718515, -0.00451897930221985, 0.0011105693994479986, 0.007243694858036391]
B1: 3.891641872511726e-08 - 6.412967227292014e-08 - 1.2687270171605824e-08 - 1.641632950133237e-08
B2: 3.29369632806024e-08 - -1.9723097296607539e-07 - 8.658236840995803e-08 - -2.624385777516334e-08
