Number: 6600
Error: 8.8342604977827315e-16
A1: [0.08043168190146804, -0.1804678135333497, -0.0195888597531271, 0.11962496895536899] - [0.037415599318554975, 0.13359640548513668, -0.1347261669120064, -0.036285805783311184] - [-0.0017028439755142346, 0.22819009154458, -0.12282840757138132, -0.10365893518052686] - [0.03886324813790667, -0.11448100488210719, -0.04641642769572787, 0.12203424165319933]
A2: [0.03530743833861946, -0.029273480532699018, -0.07569735444144335, 0.0696634028016082] - [0.10289374288880071, 0.28289669341719165, -0.3926064037779304, 0.006815987855086314] - [-0.011187097231704224, 0.5390145934628725, -0.359451012881216, -0.16837646165762177] - [0.09786280582566766, 0.017463322942515045, -0.16885100440510728, 0.053524885119882105]
B1: 3.0705593359940898e-09 - 2.1005576300288752e-09 - 4.1265550087963775e-09 - 3.868261489698563e-09
B2: 1.510104123627091e-09 - 1.0766712652535034e-08 - -1.5107637160801455e-08 - 1.4920996998628188e-08
