Number: 4983
Error: 1.2030247314425463e-15
A1: [0.06621329928445181, -0.11395196473468168, -0.023983832769718716, 0.07172298555495332] - [0.0374026454261325, 0.18819340124972936, -0.1474089140446497, -0.07818697744042495] - [-0.06022942306425489, 0.32895075043389604, -0.1277531603128324, -0.14096837256605546] - [0.03904624108507643, -0.05332260828534425, -0.037418511111272396, 0.05169519905567725]
A2: [-0.009108420492380729, -0.3468030207264667, 0.249455246876893, 0.10645684270684364] - [0.08003983960342677, 0.036282271879149695, -0.05025009713714559, -0.06607194424395024] - [-0.04245282186973356, 0.23083188842628435, -0.040531248129388686, -0.1478478416400942] - [0.06813478875414476, -0.29346784123087793, 0.1417712514813266, 0.08356187163816285]
B1: 4.9678237007839974e-08 - -3.200574451341959e-10 - -8.209077238847349e-09 - 2.5697280986792153e-09
B2: 4.09488254005862e-08 - 2.575411081210086e-08 - -5.5576479973003195e-08 - -2.1609674598808243e-08
