Number: 1580
Error: 4.6076408523732296e-08
A1: [-0.006222437396190995, -0.0140193519685038, 0.004000559383694009, 0.020445385778284624] - [0.06599000652478451, 0.18907923739068022, -0.1476000007956277, -0.11079318442907543] - [-0.11283845282000282, 0.4415369831687158, -0.07105290002165668, -0.2583739391088314] - [-0.022791340226880747, 0.01591032835757913, -0.029346072138387205, 0.03952179142296666]
A2: [0.13132646764801262, -0.22488483436815238, 0.022410544717432635, 0.06990452333456529] - [0.032622736943429896, 0.20372604665438873, -0.11491148033991674, -0.12148034190754389] - [-0.09444221065441244, 0.5557178572923942, -0.23502492793720356, -0.2254581900078377] - [-0.021059088176094753, -0.019505417350212773, 0.007886767818156297, 0.03195628357955584]
B1: 3.014338456649868e-06 - -0.00014634419162382723 - -0.00016226990446324024 - -1.392759231082348e-05
B2: -0.0003220825922990025 - 0.0003760866026422248 - 0.00011685525556275468 - -0.0001741755633705749
