Number: 1829
Error: 1.8036503329786925e-07
A1: [-0.006854764140772607, -0.014639843543261023, 0.0033854366389680824, 0.019780002113353266] - [0.06693458580427514, 0.18999353243266875, -0.14662642649098293, -0.10974124938362534] - [-0.11233404503305386, 0.4420612959974934, -0.07057025019791686, -0.25781537484270073] - [-0.022590789219922667, 0.01614430545065863, -0.029213657098947615, 0.03974182676453024]
A2: [0.13236137639285672, -0.2239008860847258, 0.02343679390813414, 0.07091476286263092] - [0.03327737393397769, 0.2043828712543115, -0.11425696462664482, -0.12083136308838645] - [-0.09309761724907438, 0.5570694300440517, -0.23362387526596326, -0.224017849352586] - [-0.020241099743305003, -0.01873730174915614, 0.008691582963476073, 0.03272651095604895]
B1: 0.00014694593864424252 - 0.0014072686297192942 - 0.00020561961353259087 - 9.919640267190465e-05
B2: 0.00016818230986627035 - -0.00023612177648453273 - 0.00035599547031806174 - 0.00021184621966466964
