Number: 5969
Error: 1.4098551635424482e-11
A1: [0.0804101969673542, -0.18048929590077406, -0.019610317637044024, 0.1196034872458368] - [0.037422877214777786, 0.13360367734452397, -0.13471890529850686, -0.03627853294813442] - [-0.0017158277119218544, 0.22817710825079202, -0.12284137154108986, -0.10367191508211168] - [0.03884973776308046, -0.11449447692977126, -0.04642992829342516, 0.1220207402649509]
A2: [0.035245909391225336, -0.029335181927314286, -0.07575585603390159, 0.06959900607790091] - [0.10286804641603528, 0.2828707770923826, -0.3926312579072881, 0.0067890794386336805] - [-0.01114387372219218, 0.5390580752448487, -0.3594101010175089, -0.1683309156107846] - [0.09785995816600274, 0.017460461827159567, -0.1688537154406863, 0.05352189604354663]
B1: -1.8276796077125674e-06 - 5.960392869635123e-06 - 2.747401328197482e-06 - -3.5027199959553085e-06
B2: -6.095321390939666e-06 - 1.0185160915163215e-05 - 6.722032576701714e-06 - 1.3552773887752394e-06
