Number: 6010
Error: 2.2300296736326133e-12
A1: [0.08043000938595929, -0.18046948586207237, -0.019590530263218827, 0.11962329663528107] - [0.037413569503862, 0.13359437717395958, -0.1347281927507713, -0.036287834509920985] - [-0.0016977799635268997, 0.22819515547340838, -0.12282335091505601, -0.10365387248938437] - [0.03886367889197301, -0.11448057532480148, -0.04641599718839726, 0.12203467215451122]
A2: [0.03531206056781262, -0.029268845539483543, -0.07569295965710196, 0.06966824048815451] - [0.10290013031702855, 0.2829031350496969, -0.39260022594866845, 0.00682267643140644] - [-0.011191272832370603, 0.539010392994795, -0.35945496520441966, -0.16838086164718502] - [0.09786323784432616, 0.017463756941347792, -0.16885059314869416, 0.05352533860509982]
B1: 4.570234628991541e-06 - -4.159453047386781e-06 - 1.6155487775050445e-06 - 2.4076105389021853e-06
B2: 4.6109740639824676e-07 - 3.272451828242128e-06 - -2.5918689868931065e-06 - -9.223118028818283e-08
