Number: 8785
Error: 1.590335961478162e-07
A1: [0.08032178155526216, -0.18057765350936433, -0.01969866471505266, 0.119515097865465] - [0.03728258578184886, 0.13346347714630288, -0.1348589486755384, -0.03641873995472394] - [-0.0016693820175691762, 0.22822362554069853, -0.12279502347660805, -0.10362546274541626] - [0.03888682893178177, -0.11445745578732411, -0.04639290570811484, 0.12205781691521275]
A2: [0.03472222789473272, -0.029860434458551206, -0.07625372011632903, 0.06905083847060482] - [0.10270178799716059, 0.28270298314251824, -0.3927920110769349, 0.006614931432516391] - [-0.012025635314815531, 0.5381710219791378, -0.3602446988458344, -0.16926010257617793] - [0.09734510714227237, 0.01694314950776787, -0.1693437753499641, 0.05298140238405261]
B1: 5.433811471975818e-05 - -5.9968198375086735e-06 - 0.0001397880120720808 - 3.3272539903135426e-05
B2: -0.00039137966615276844 - -0.00014933580813267054 - -0.0005032529827168766 - -0.00030327096302639183
