Number: 7637
Error: 2.888962578804302e-16
A1: [0.0804316882183436, -0.18046780721719693, -0.019588853443808583, 0.1196249752715204] - [0.037415643938745094, 0.13359645007155363, -0.13472612238071385, -0.03628576118783636] - [-0.0017027718608586095, 0.22819016365769323, -0.12282833556231128, -0.10365886308511342] - [0.038863239471344416, -0.11448101352435591, -0.04641643635677375, 0.12203423299201839]
A2: [0.03530754044624565, -0.02927337814265181, -0.07569725735872887, 0.06966350966821837] - [0.1028938453514995, 0.282896796749502, -0.3926063046772997, 0.006816095148452962] - [-0.011187282007567469, 0.539014407584909, -0.35945118777574153, -0.16837665636223267] - [0.09786274295030851, 0.01746325978116547, -0.16885106425842963, 0.053524819121280445]
B1: 3.416908858180944e-08 - 6.64878363143817e-08 - 2.2668147031649494e-08 - 4.068639857905058e-08
B2: 2.2450612842811265e-08 - 5.85146226019396e-08 - 5.4623894499058153e-08 - 2.346943228807994e-08
