Number: 1967
Error: 2.1473419989945487e-05
A1: [-0.03348712330031462, -0.04090859059800152, -0.023508509375991585, -0.006791055137353454] - [0.06629669033874716, 0.18939739679336667, -0.14727735566882677, -0.11045492578153243] - [-0.125425765458354, 0.42921936662127724, -0.08416383820716361, -0.2717638600442028] - [-0.02496336542837165, 0.013235162780008962, -0.03258029695277771, 0.03661437117379246]
A2: [0.14616350434042416, -0.2113815779612488, 0.036031166811358824, 0.08265008614340663] - [0.0436528348869803, 0.21453140954188252, -0.10397589527656766, -0.11080400801765714] - [-0.08476817106831268, 0.5656203948466908, -0.22527638346347073, -0.21522610624268024] - [-0.025963652261912797, -0.02411171109142853, 0.003133570851558207, 0.02759127572802727]
B1: -0.001414230157093235 - 0.005164868145663354 - 0.009509464715563853 - 0.0016325249253998967
B2: -0.003631158673223158 - 0.002612598093601407 - -0.000697879746591681 - 0.0030613445345779745
