Number: 9227
Error: 1.3129619872927709e-08
A1: [0.05321437145184675, -0.14796159463488043, -0.026958759723639793, 0.12186931798690726] - [0.006231280741893103, 0.13175623190515134, -0.11268196359536843, -0.021629231621598428] - [-0.013023687337847903, 0.22451318212878546, -0.1256211769377037, -0.08018374218297772] - [0.027010146717703624, -0.10015894815906026, -0.049563217074738285, 0.12216133868454604]
A2: [0.08989152522693034, -0.07227321142935007, -0.12300181213994141, 0.10793103852623613] - [0.10932876651407789, 0.25030052731511726, -0.40436834999503557, 0.04668498422173957] - [0.0365597110516885, 0.46247887401056464, -0.3777913820395693, -0.12154972645438539] - [0.14438066080322262, -0.04365343387734417, -0.20056565263608173, 0.10364787934774608]
B1: 0.00012786434291971882 - 0.00029824038462398573 - 0.0003049386371474287 - 0.00012922512243544656
B2: 0.0002843626633714834 - -0.0004141133022866557 - 0.000346613574630819 - 0.0004595553354469687
