Number: 8513
Error: 1.5332152956614795e-15
A1: [0.08043160436732505, -0.18046789105870573, -0.019588937194603705, 0.11962489143007558] - [0.037415621111031534, 0.1335964272611882, -0.13472614516272605, -0.03628578400278168] - [-0.0017029140112671775, 0.2281900215102909, -0.12282847750461663, -0.10365900519759641] - [0.03886322886581879, -0.11448102410003885, -0.04641644695551108, 0.12203422239314306]
A2: [0.0353076665826859, -0.02927325165732303, -0.07569713742931058, 0.06966364168315896] - [0.10289376761791943, 0.28289671835622293, -0.39260637986018054, 0.0068160137500308466] - [-0.011187131877038323, 0.5390145586108871, -0.3594510456738722, -0.16837649816451605] - [0.0978628298157851, 0.017463347041724493, -0.16885098156799883, 0.05352491030160136]
B1: 4.301585132539737e-08 - -4.4445622117693486e-08 - -5.059235298613281e-09 - -3.440424162657643e-08
B2: 4.976407987562192e-08 - -6.57257768063975e-08 - 5.339824884597125e-08 - 4.4478874849623925e-09
