Number: 9196
Error: 3.6472566820570716e-07
A1: [0.05311840406561731, -0.14805878790827037, -0.02705532693620122, 0.12177215706451974] - [0.006501741535436021, 0.1320300049826246, -0.11241153345934103, -0.021353901694111756] - [-0.01490180965964055, 0.22263741413662705, -0.12749812001025546, -0.08205825373009278] - [0.026181149731961832, -0.10098664745578029, -0.05039311071626575, 0.12133158209815502]
A2: [0.08412571469830704, -0.07803205606063329, -0.12863390912580336, 0.10210013863543611] - [0.10729113838186308, 0.2482572894922498, -0.4063675892466301, 0.044613751930384145] - [0.03237373695513706, 0.45830821784835685, -0.3818749285096859, -0.12577633496200508] - [0.14273977892805387, -0.045292553366922554, -0.2021698155225141, 0.10198296038590636]
B1: -0.0011363114891365209 - 7.528339926275441e-06 - -0.0003783087068703514 - 0.00010668103553121725
B2: 7.79499873004486e-05 - -0.00012608548470373685 - -0.00033461269222973 - -0.00023114756305847456
