Number: 1120
Error: 1.8357261420928151e-06
A1: [-0.013230447244488465, -0.021081623429021215, -0.003196705830866841, 0.01315144991898298] - [0.06186715267676875, 0.18508110728390256, -0.1518870744512498, -0.11534080234581034] - [-0.11844287878869947, 0.4361289927814323, -0.0768006223161298, -0.264526426027358] - [-0.030916933482766973, 0.007827496155106738, -0.03744129861175015, 0.03085541368180823]
A2: [0.12754843295552953, -0.22856503864595026, 0.01874795464243191, 0.06614094607091181] - [0.0170069692167829, 0.18839465979696174, -0.13045960793772465, -0.1367679085581103] - [-0.09559981009795857, 0.5547164184452481, -0.23614317440529853, -0.22668420822946397] - [-0.03162588444144695, -0.03001553110758227, -0.0024972166702062057, 0.021638492078824755]
B1: -0.0017063288802683096 - 0.002157930770441767 - -0.0038683411987568443 - 0.00017770644191699044
B2: -0.000538993923434711 - 0.00022833408169145507 - 0.0002990339430699799 - -0.0014195634376219473
