Number: 3408
Error: 2.1930637518026688e-07
A1: [0.06768310426184418, -0.11251543446663234, -0.022516148914827543, 0.07319074346441441] - [0.03757608668891209, 0.1883587702427361, -0.1472385951719866, -0.07801620280042167] - [-0.06555225409692457, 0.32383332706114254, -0.13296759376004672, -0.1461590878051949] - [0.03803806801916357, -0.05427653373232526, -0.0383921694824409, 0.05072584802083112]
A2: [-0.006885769091380213, -0.3444456034881862, 0.251691248911871, 0.10878867743617608] - [0.08059008939138311, 0.03687462605649571, -0.049651363451970625, -0.06546913177210098] - [-0.042159284209687724, 0.23115526152659463, -0.040219362496387384, -0.14752592603396897] - [0.0681309938863585, -0.29347105261089923, 0.14177399018556122, 0.0835629728642953]
B1: 0.0006454763010519241 - -0.0007789943255475775 - -0.0002510714675099045 - 0.00027229026422183713
B2: -0.00010739258403705132 - 0.00017628003562476362 - 0.0008205051698713103 - -0.0006983385385452509
