Number: 80
Error: 0.0004542145512266538
A1: [0.030632723052811863, 0.03123010519622269, 0.06623238739205912, 0.05275116389775231] - [0.10008283801847825, 0.226381794831859, -0.1137347121038136, -0.08201978485251685] - [-0.06437367884898566, 0.45714386935400736, -0.018541781572801935, -0.23743085236715708] - [0.03177383483703062, 0.018984585530077126, 0.031726512686980804, 0.057661384699535294]
A2: [0.278757730462326, -0.05390734806679968, 0.12277849732703607, 0.11106504802881634] - [0.09619186596212782, 0.26420006500100235, -0.06111052375700713, -0.07041013717298378] - [0.040352132900157024, 0.7067035288269291, -0.11249975996436709, -0.13706769265870902] - [0.23993606990960328, 0.23842804113047017, 0.24334381428512747, 0.24098935399703889]
B1: 0.01660240769215216 - 0.35292028085634225 - -0.0012098772346439063 - -0.023387821614083246
B2: 0.013105820465059021 - 0.37098253785433255 - 0.013108815646728058 - 0.017198611924784987
