Number: 5647
Error: 4.988009444565333e-06
A1: [0.06623539298350227, -0.11394631326988518, -0.023972217915816302, 0.0717151461532646] - [0.039377147351797565, 0.1900627596285796, -0.14547676010380164, -0.0762572799402485] - [-0.06225712374084089, 0.32695759215368697, -0.12976398755995291, -0.14300420618845236] - [0.04426675036688156, -0.04839363375817064, -0.032379524376891546, 0.05668402052113671]
A2: [-0.003429901021356388, -0.3407649569329648, 0.2550804268752288, 0.11242846681203846] - [0.08332466279851775, 0.039823536647170324, -0.046690714614246585, -0.06245428982579234] - [-0.03782954014246768, 0.23594132791393152, -0.035650366558125424, -0.14273375039327613] - [0.07202754320063871, -0.2891777426656646, 0.14591538325918935, 0.0879713813792978]
B1: 0.0011203334706670343 - 0.0007390051369731672 - 0.0011660324203107632 - 0.0013960911941300102
B2: -0.00021745803848659262 - -0.0002519305651179217 - -0.00012717884533828498 - -0.002511801113442386
