Number: 1610
Error: 4.5659079292385243e-07
A1: [-0.00875839045735892, -0.01657768953788087, 0.0013657075627912787, 0.017833879552096997] - [0.06523887314347995, 0.18835692802303738, -0.1483771316066467, -0.11162772267537936] - [-0.1157243223893856, 0.43870760596733244, -0.07405681023644942, -0.2614979173287837] - [-0.024765022591821204, 0.013971568379944954, -0.03135887317123958, 0.03743350004069685]
A2: [0.13141423541753056, -0.2248018466778217, 0.022494053659036353, 0.0699893351057037] - [0.03255186257828655, 0.20365627096207006, -0.11498143939430024, -0.12154945412038282] - [-0.09481465681444731, 0.5553513885062364, -0.23539044526069203, -0.22582446062265937] - [-0.020685570000681393, -0.019147476058736203, 0.008249410600285605, 0.03231264446691402]
B1: 1.0233499748991005e-05 - -0.0005379060144877802 - -0.00017512391410796614 - 0.00017645297518388916
B2: 0.0004513076123891627 - 0.0004416166882772781 - 0.0005593351838650478 - 0.0002069087251075247
