Number: 7866
Error: 8.483106554976095e-16
A1: [0.08043169023995106, -0.18046780519582084, -0.019588851424612037, 0.11962497729290074] - [0.0374156471111772, 0.1335964532415743, -0.13472611921460692, -0.03628575801716628] - [-0.0017028198024526065, 0.22819011571711967, -0.12282838343370786, -0.10365891101391085] - [0.03886324432724343, -0.11448100868208845, -0.04641643150396578, 0.12203423784490113]
A2: [0.03530740146766678, -0.029273517505607784, -0.07569738949791573, 0.06966336421219659] - [0.1028937144314718, 0.2828966647183683, -0.39260643130148976, 0.006815958056138584] - [-0.011187082757101145, 0.5390146080237942, -0.3594509991806461, -0.1683764464052721] - [0.09786279472400383, 0.017463311790359804, -0.16885101497317467, 0.05352487346675526]
B1: -2.6691066313394208e-08 - -1.874580471814905e-08 - 2.293471602017504e-09 - -1.246683539677529e-08
B2: -1.3450953501488871e-08 - -2.162569224321279e-08 - -3.847216119958357e-09 - -1.7400003320607362e-08
