Number: 7446
Error: 1.1374662459935332e-15
A1: [0.08043171847601512, -0.18046777696295072, -0.019588823222318724, 0.11962500552573556] - [0.037415628184123244, 0.1335964343288567, -0.13472613810395154, -0.036285776933734366] - [-0.0017027869583312316, 0.2281901485605446, -0.12282835063767977, -0.103658878178556] - [0.03886326757261404, -0.11448098550194735, -0.04641640827341429, 0.12203426107582148]
A2: [0.03530736991735686, -0.02927354914319221, -0.07569741949555586, 0.06966333119137892] - [0.10289375174425412, 0.28289670234781206, -0.3926063952130435, 0.006815997128049534] - [-0.011187031252159883, 0.5390146598359412, -0.3594509504300869, -0.16837639213273328] - [0.09786282739540889, 0.017463344610370767, -0.16885098387209702, 0.05352490776107381]
B1: -1.5553382966618e-08 - 1.9236369803440016e-08 - 3.4609904615850583e-08 - 1.6548546399124412e-08
B2: -2.1994324344180874e-09 - -2.6553123561102946e-09 - 9.218491096074177e-09 - -7.800764618666336e-10
