Number: 9175
Error: 1.586004029920126e-07
A1: [0.05426688786857073, -0.14690724854491852, -0.02591582351255846, 0.12293077837085593] - [0.007805687332472019, 0.13333607282076168, -0.11111879346659688, -0.020044316694672406] - [-0.013660931698138775, 0.22388992591887044, -0.12625553948285753, -0.08080193246875046] - [0.029457327018555735, -0.09771039898986947, -0.04711377611059, 0.12462088150055015]
A2: [0.0887590639814495, -0.07342415702223873, -0.12410101230127533, 0.1067880013673871] - [0.10846403567039135, 0.24943388666752517, -0.4052171905903488, 0.04580724400358973] - [0.03831328995407738, 0.464218254462108, -0.3760846270156566, -0.11977845573513395] - [0.14157846348613373, -0.04644462736723745, -0.20329894227916998, 0.10080593059392515]
B1: 0.0006841878057235125 - -0.00013629313881094693 - -0.0003677870308958261 - 0.00030040102910690433
B2: 0.0006050232083932538 - 0.00016477499733995473 - 0.0007606615137838405 - -0.00024916062935664065
