Number: 3572
Error: 2.7931131768294627e-11
A1: [0.06620667029246531, -0.113958445720186, -0.02399045680462125, 0.0717163676742625] - [0.03739903612715953, 0.18818995276013809, -0.1474124623441826, -0.07819052582545931] - [-0.060231986512147874, 0.3289482884299828, -0.12775566831722415, -0.14097086781400095] - [0.03905841258321337, -0.05331105549923716, -0.0374067356455358, 0.05170687885115411]
A2: [-0.009108969052505137, -0.3468036025938328, 0.24945469392744096, 0.10645626752312619] - [0.08004793442572623, 0.03629099240618407, -0.05024124995906862, -0.06606302197655574] - [-0.04242102160136173, 0.23086698526959187, -0.04049717000940835, -0.14781267141711846] - [0.06811874838929723, -0.29348550254543593, 0.1417538624500391, 0.0835438872036008]
B1: -1.6554599841010247e-06 - 9.343862999583167e-07 - 1.0927061439497345e-05 - -1.3887816238956839e-05
B2: 3.968818493614233e-06 - -2.26467866536344e-07 - -7.278289979814625e-06 - 1.2428893882138826e-06
