Number: 6807
Error: 8.706554774132666e-16
A1: [0.08043168456231066, -0.18046781087280706, -0.019588857095467246, 0.11962497161590734] - [0.037415583593793336, 0.13359638977227814, -0.13472618260543717, -0.03628582149936272] - [-0.0017028384411930404, 0.22819009707878196, -0.12282840204516272, -0.1036589296476822] - [0.03886322583942398, -0.11448102711800948, -0.046416449980003285, 0.12203421936857478]
A2: [0.035307413087508746, -0.029273505853651967, -0.07569737844987381, 0.06966337637357697] - [0.1028936587183761, 0.2828966085324028, -0.3926064851864627, 0.006815899716345864] - [-0.01118709224300173, 0.5390145984813264, -0.359451008159292, -0.1683764564008612] - [0.09786278440486013, 0.01746330142426966, -0.1688510247963244, 0.053524862635000586]
B1: -1.3918086910674895e-08 - -3.281511053449972e-08 - -1.6578476638268137e-09 - -1.1152768443690394e-08
B2: -1.3307530434163965e-08 - -1.9240865453582735e-08 - -1.8041729945519228e-08 - -1.730703082591901e-08
