Number: 5428
Error: 1.3351762323234543e-15
A1: [0.06621322333277754, -0.11395203898902086, -0.023983908661756235, 0.0717229097307727] - [0.03740266654864075, 0.1881934214310119, -0.14740889327949425, -0.0781869566734422] - [-0.06022952858693287, 0.3289506490846642, -0.12775326357107833, -0.14096847526882883] - [0.03904612833489241, -0.05332271530353096, -0.03741862019321842, 0.051695090859404526]
A2: [-0.009108655271255471, -0.34680326978936304, 0.24945501019805255, 0.10645659655451717] - [0.08003981869306376, 0.03628224935277002, -0.05025011999061814, -0.06607196729178216] - [-0.042452808011592964, 0.23083190372084741, -0.040531233278970506, -0.14784782631361626] - [0.06813484035846996, -0.2934677844126587, 0.14177130742455304, 0.08356192949575926]
B1: -4.904174312567298e-08 - -4.7054290376155777e-08 - 5.533104895733061e-09 - 2.627530206837496e-08
B2: -1.4783590478360712e-08 - -3.2854468762232205e-09 - -2.391568126028123e-08 - 4.7296298366611475e-08
