Number: 8597
Error: 9.168043875072311e-16
A1: [0.08043168170719837, -0.18046781372757367, -0.019588859947181174, 0.11962496876113592] - [0.037415540812119986, 0.13359634702304907, -0.13472622530163997, -0.03628586425721297] - [-0.0017027785715848906, 0.228190156947103, -0.12282834226322141, -0.10365886979404267] - [0.03886322122617688, -0.11448103171823974, -0.04641645459029779, 0.12203421475824894]
A2: [0.03530753895075557, -0.029273379642271318, -0.07569725878042793, 0.06966350810277279] - [0.10289361775934942, 0.2828965672258386, -0.3926065248016176, 0.0068158568264847725] - [-0.01118714498569503, 0.539014545424039, -0.35945105808154376, -0.16837651197751904] - [0.09786275368712143, 0.017463270566788154, -0.1688510540377427, 0.05352483039147984]
B1: 7.148191954050118e-08 - -2.1504619822437067e-08 - 2.2616206129051122e-08 - 1.777087231792765e-08
B2: 1.6018074587451824e-08 - 1.325960367208898e-08 - 2.3200323825357245e-08 - 2.12940574784602e-08
