Number: 7654
Error: 3.127163808855889e-16
A1: [0.08043168381702824, -0.18046781161801365, -0.019588857839855235, 0.1196249708707114] - [0.037415610236065024, 0.13359641639438152, -0.13472615601623697, -0.03628579487184486] - [-0.0017028075319721466, 0.22819012798734034, -0.12282837118119475, -0.10365889874670593] - [0.038863233197505676, -0.11448101978058786, -0.04641644262660883, 0.12203422672208246]
A2: [0.035307533112261896, -0.0292733854969205, -0.07569726433179395, 0.06966350199241601] - [0.10289384358157365, 0.2828967949645545, -0.39260630638914934, 0.006816093295083304] - [-0.011187248287035437, 0.5390144415065671, -0.3594511558584917, -0.1683766208297649] - [0.09786275329266632, 0.017463270170566748, -0.16885105441316464, 0.05352482997737962]
B1: 1.9367472403662308e-08 - 6.004024475971093e-08 - 2.0007539554609948e-08 - 3.2637720139993656e-08
B2: 3.247538975759543e-08 - 2.7926621193441355e-08 - 4.5357414736451274e-08 - 2.8490720636685987e-08
