Number: 9786
Error: 1.2204774347593315e-15
A1: [0.0531724764814148, -0.14800134466173426, -0.026999120898403065, 0.12182774828768005] - [0.0053138270852800115, 0.13083680164938447, -0.11360063652023568, -0.02254965595660403] - [-0.01444448166936356, 0.22309161573487898, -0.1270411846856045, -0.08160593809355986] - [0.027146483296586928, -0.10002001483737884, -0.04942448514973779, 0.12229814366357643]
A2: [0.08925437610619098, -0.07291345530697889, -0.12362750407558308, 0.10728629682528729] - [0.10884164908985852, 0.24981410138808502, -0.40484536766360113, 0.04618939903788469] - [0.03663584185556027, 0.4625550298123436, -0.37771753794438984, -0.12147335851977682] - [0.14342651175190932, -0.044606545062852616, -0.20149945877958214, 0.10267994221109553]
B1: 5.464941280681339e-08 - -8.118573229665815e-09 - -3.201778993990257e-08 - -3.077018503679266e-08
B2: 7.479164211115047e-09 - -9.84242798947582e-09 - -4.714742324901826e-08 - 4.319961567594216e-08
