Number: 4849
Error: 9.672990191867646e-16
A1: [0.06621303583394567, -0.11395222229801699, -0.023984096013488124, 0.07172272254656889] - [0.03740252775574993, 0.18819328882362582, -0.14740902972367498, -0.07818709312967863] - [-0.060229380193797054, 0.3289507916086758, -0.12775311836229808, -0.1409683308411392] - [0.039046150682717516, -0.05332269409193726, -0.037418598572588835, 0.05169511230451272]
A2: [-0.009108533151591727, -0.34680314024003467, 0.2494551333061636, 0.10645672459000408] - [0.08003986018990088, 0.036282294056655125, -0.050250074637341345, -0.06607192155308403] - [-0.04245280027296661, 0.2308319122617469, -0.04053122498550056, -0.1478478177549476] - [0.0681348518904325, -0.29346777171523086, 0.14177131992700917, 0.08356194242542797]
B1: -1.0108085430312858e-08 - 3.7625334738012265e-08 - 1.4840262967549895e-08 - 4.0812653206993704e-08
B2: 4.119517810515027e-08 - 2.627545824012182e-08 - -5.275463193396707e-08 - 3.3924576102577925e-08
