Number: 1822
Error: 1.0847257786435965e-07
A1: [-0.006027884009835416, -0.013808536684861024, 0.004247862431324767, 0.020625792579959727] - [0.06711304611940341, 0.19016532664883393, -0.14644165561863368, -0.10954282723083936] - [-0.11190116555390128, 0.44248335366933905, -0.07011667751396039, -0.25734984730179333] - [-0.02374100024509014, 0.015013840398519253, -0.03038609569855197, 0.03852722149984792]
A2: [0.130972880709412, -0.22526425300225394, 0.022073141351919703, 0.0695607889225238] - [0.03233108166645826, 0.20345112109593755, -0.11519944276415213, -0.12175748395295542] - [-0.09811589258392855, 0.5521349194646187, -0.23855312854055544, -0.22894488338179783] - [-0.02000063379318883, -0.01850067324132387, 0.008930168850324343, 0.03295749107978284]
B1: -0.0009202250654657095 - 0.0008530016518366998 - -0.00025177941791167916 - -0.00036516789210157627
B2: 0.00022344360092422887 - 5.009544035462983e-05 - -9.726174232627737e-05 - 0.00010493963474816545
