Number: 7644
Error: 2.5552620379589995e-16
A1: [0.0804316931894946, -0.1804678022466088, -0.01958884847859836, 0.11962498024210562] - [0.03741563824221712, 0.13359644437933715, -0.1347261280658895, -0.036285766881207625] - [-0.0017027782578651841, 0.2281901572608231, -0.12282834194995054, -0.10365886948041211] - [0.03886324416557842, -0.11448100884329548, -0.04641643166552781, 0.1220342376833368]
A2: [0.035307558374283184, -0.029273360165028864, -0.07569724031296342, 0.06966352843183762] - [0.10289386356468942, 0.2828968151172669, -0.3926062870617326, 0.006816114220312518] - [-0.011187307470395582, 0.539014381970209, -0.3594512118768844, -0.16837668319327842] - [0.09786273264630398, 0.017463249430292434, -0.16885107406718294, 0.05352480830543951]
B1: 3.1323886096785796e-08 - 7.32449043511097e-08 - 2.0596086496336917e-08 - 4.1041763956328386e-08
B2: 3.0531288870404965e-08 - 5.0578632206284995e-08 - 5.776416046799618e-08 - 2.9339912421623122e-08
