Number: 6623
Error: 7.797650606186838e-16
A1: [0.08043168221608926, -0.18046781321876404, -0.019588859438882035, 0.1196249692699543] - [0.03741559724779404, 0.13359640341594312, -0.1347261689786412, -0.03628580785292505] - [-0.0017028491994213746, 0.22819008632078425, -0.12282841278763992, -0.10365894040303983] - [0.038863244591751105, -0.1144810084183108, -0.04641643123962368, 0.12203423810924778]
A2: [0.03530746229079006, -0.029273456514279452, -0.07569733166803247, 0.06966342787016047] - [0.10289375089668293, 0.2828967014930378, -0.3926063960328125, 0.006815996240510949] - [-0.01118708221694683, 0.5390146085671873, -0.3594509986694264, -0.16837644583604183] - [0.09786282944781045, 0.01746334667210762, -0.16885098191836292, 0.053524909915449705]
B1: -4.927541132434783e-10 - 5.354660983447337e-09 - 5.873185052003953e-10 - -4.4756206139400585e-10
B2: 3.978673566564785e-09 - 1.1248140620678368e-08 - -1.8073774781158054e-08 - 1.503306051668559e-08
