Number: 8319
Error: 9.205740260668328e-16
A1: [0.08043164415671121, -0.18046785127386084, -0.019588897452814932, 0.11962493121487776] - [0.037415636723766715, 0.13359644286208944, -0.13472612958116317, -0.03628576839871178] - [-0.0017028262481823201, 0.22819010927152408, -0.12282838987000927, -0.10365891745792373] - [0.03886318508845648, -0.11448106775463168, -0.04641649070503187, 0.1220341786429082]
A2: [0.035307416529996416, -0.029273502401575096, -0.07569737517683559, 0.06966337997655739] - [0.10289367992294828, 0.28289662991698333, -0.3926064646777142, 0.006815921920730456] - [-0.01118714480454096, 0.5390145456062264, -0.35945105791002924, -0.16837651178670135] - [0.09786278159341297, 0.017463298599994168, -0.16885102747267958, 0.053524859683923516]
B1: 2.451320303968046e-08 - -3.3623333146534426e-09 - 8.095494795827926e-09 - -6.3157630988624305e-09
B2: -1.0828235147543441e-08 - 5.1694176221271425e-08 - -4.978818772396828e-09 - -8.694682993472907e-09
