Number: 2994
Error: 1.9064256944516e-08
A1: [0.06314967252820998, -0.04815442815219246, -0.02372504107463174, 0.0075710681312466275] - [0.0439839676992587, 0.19158253628962282, -0.1422314889043151, -0.09215564165050519] - [-0.12373309525631195, 0.4145796733199036, -0.10514374350742263, -0.18735457432158992] - [0.03734167152622226, 0.019510006722447834, -0.032794661906341595, -0.022715948640478247]
A2: [0.06413746194634448, -0.17299500260452375, 0.08702047105830821, 0.024644475072408113] - [0.028888776508690255, 0.19990346210110183, -0.1021103169563918, -0.12826638496126247] - [-0.0929262643593501, 0.5141555792977048, -0.22512055187089197, -0.19462791834221652] - [-0.025064033538341697, 0.019374148981843056, -0.04942821978313573, 0.057817738585741595]
B1: -0.00013348870675895477 - -7.082976680024987e-05 - 0.0001855741503180135 - 0.0002838437413680399
B2: 7.714634773772094e-05 - -0.00013222456936431789 - 0.00021015940162959402 - -7.223219990480602e-05
