Number: 9445
Error: 2.441446210253642e-13
A1: [0.053172164148213734, -0.14800165713288418, -0.026999432918563642, 0.12182743578976754] - [0.005311755016835643, 0.1308347273790256, -0.11360270827286609, -0.0225517309138929] - [-0.014446674471074348, 0.22308942210092417, -0.1270433757827167, -0.0816081317159649] - [0.027144552226027872, -0.10002194583007544, -0.04942642019618881, 0.12229620781498045]
A2: [0.0892593028803901, -0.07290853991275953, -0.12362268826090664, 0.10729128442579963] - [0.10884277705364734, 0.2498152295723532, -0.4048442620179666, 0.04619054599176078] - [0.03663564762692186, 0.46255483656616103, -0.37771772742411913, -0.12147355480297077] - [0.1434258857127062, -0.044607168828081925, -0.20150007002559775, 0.10267930680654644]
B1: -1.2119207781039587e-07 - -1.2737546880292213e-06 - -6.333827606295078e-08 - -1.46210980501921e-07
B2: 2.8791386727474306e-07 - -2.876680223346916e-07 - -1.7162629773227406e-07 - -8.409850162321437e-08
