Number: 633
Error: 7.382920686753088e-14
A1: [-0.012151780746676636, -0.014515513291487897, 0.018089066351100927, 0.008584821117979617] - [0.0658354578037795, 0.18949547482078338, -0.14532234033588812, -0.11000831315351234] - [-0.09629194933333397, 0.4217871769162853, -0.0534561128179585, -0.2720344238911392] - [-0.0013201553938784849, -0.018217951498241427, -0.003833679174127905, 0.02337829801480169]
A2: [0.16158626899933207, -0.16775521656529382, 0.00850089119298273, -0.002333509942990837] - [0.035485500959583506, 0.20751650278358072, -0.11721064585016164, -0.1257922472786856] - [-0.08621401659968639, 0.5815376595365614, -0.2353891858243827, -0.2599360283627236] - [-0.003835150095853004, -0.004519469562043972, 0.0011100759581980592, 0.007243217879959944]
B1: -6.619745052059194e-08 - -4.118496099331441e-08 - -3.161261945326492e-08 - -7.280796049210437e-08
B2: 2.038504044744896e-09 - 1.314123291608164e-07 - -6.142204048216407e-07 - -2.52626088613542e-07
