Number: 5931
Error: 9.165299077621403e-10
A1: [0.08052544680453039, -0.18037406624864274, -0.019495204292646357, 0.1197187242797465] - [0.037633584168215405, 0.133814214531518, -0.13450859834074003, -0.03606792988871889] - [-0.0015773368043367694, 0.228315594882381, -0.12270306918251296, -0.10353345357646893] - [0.03888202891616675, -0.11446226442928932, -0.04639764903139562, 0.12205301391197906]
A2: [0.03534456933762878, -0.029236261064095416, -0.07566205632592678, 0.06970226978298753] - [0.10303194776432024, 0.2830360624423254, -0.39247274762231593, 0.0069606886377787825] - [-0.01124688039960673, 0.5389544517013594, -0.359507609113381, -0.16843946766036982] - [0.09784319028879163, 0.01744361156806056, -0.16886968504784214, 0.053504292417405425]
B1: 6.686187572501394e-05 - -5.455494025422329e-05 - -6.597791748852146e-05 - -7.3504908122219424e-06
B2: 3.707783108729199e-05 - -6.43149053053352e-05 - -1.1650109525050333e-05 - 5.208954899606666e-05
