Number: 8102
Error: 9.657636389188076e-16
A1: [0.08043166029916225, -0.1804678351332206, -0.019588881329620077, 0.11962494735552441] - [0.03741561184096759, 0.13359641799808358, -0.13472615441446698, -0.03628579326780286] - [-0.0017028261695469532, 0.22819010935016165, -0.1228283897914831, -0.10365891737930671] - [0.03886321337514492, -0.11448103954731803, -0.046416462436342905, 0.12203420691204203]
A2: [0.03530737297587956, -0.02927354607621483, -0.07569741658760405, 0.0696633343925041] - [0.10289373819484894, 0.28289668868341433, -0.392606408317844, 0.006815982939836131] - [-0.011187097881795425, 0.5390145928088732, -0.35945101349652026, -0.16837646234267145] - [0.09786287986947244, 0.017463397323087607, -0.1688509339200768, 0.05352496284162736]
B1: 2.2326182182552835e-08 - 5.197396595030971e-09 - 6.537036036234455e-09 - -1.9860356853268607e-08
B2: -8.83123772283394e-09 - 2.3832766124060235e-08 - -4.887166524388882e-09 - 4.457796941785466e-09
