Number: 3290
Error: 3.0738114536088245e-05
A1: [0.10825728583482255, -0.07306112538488951, 0.016954134911582076, 0.11288887015931982] - [0.031503269817836396, 0.18126042741607876, -0.15280515570078806, -0.08361957510550638] - [-0.03421473242848492, 0.35450252202480026, -0.10184030984714143, -0.11523261710441021] - [0.05496710739078278, -0.037981952193847986, -0.022259183788499837, 0.06682895704131388]
A2: [0.02605193038134613, -0.31225365108095443, 0.2848683823166235, 0.14238525153245485] - [0.10100860759701678, 0.05950352687403701, -0.027774521087865173, -0.043499418721783416] - [-0.001041593429583207, 0.27236667641479173, 0.0016586440052608143, -0.10399369416820128] - [0.0987236910696139, -0.2632612956793809, 0.17305712600700873, 0.1161894632825121]
B1: -0.001756085415770995 - -0.009877644514396846 - -0.0028127854814806712 - -0.0017380341728265945
B2: -0.0055201642522264005 - -0.008566416357988375 - -0.0014675463714654926 - 0.006117844727525355
