Number: 8279
Error: 7.441090121802362e-16
A1: [0.08043169845985974, -0.18046779697685822, -0.01958884321459151, 0.11962498551183573] - [0.03741563755701246, 0.13359644369469756, -0.1347261287495853, -0.03628576756594821] - [-0.001702793887019433, 0.22819014163199297, -0.12282835755622944, -0.10365888510540379] - [0.03886324851493381, -0.11448100450614514, -0.046416427318964525, 0.12203424202997988]
A2: [0.035307339519086135, -0.029273579625490268, -0.07569744839797832, 0.06966329937643974] - [0.10289374537326441, 0.2828966959227567, -0.3926064013749636, 0.006815990456675373] - [-0.011187163428521234, 0.5390145268711699, -0.35945107553806327, -0.16837653141140227] - [0.09786287170276328, 0.017463389119224335, -0.1688509416942449, 0.05352495426922828]
B1: 3.868549467097163e-08 - -2.7877882081090393e-08 - 4.112374480393388e-08 - 1.1260912503459393e-08
B2: 4.3157189111308535e-09 - 2.5834229116736613e-08 - 2.5222529134087885e-08 - 2.5525253671563924e-09
