Number: 4207
Error: 8.577743788861567e-16
A1: [0.06621316289575788, -0.11395209807558808, -0.02398396905138306, 0.07172284939515926] - [0.03740261037468458, 0.1881933677604196, -0.14740894850292616, -0.07818701190173205] - [-0.06022938564427953, 0.3289507863737869, -0.12775312369582575, -0.14096833614618318] - [0.039046104524700406, -0.05332273790347391, -0.03741864322902682, 0.05169506801071714]
A2: [-0.009108511335024454, -0.34680311709599215, 0.249455155299363, 0.10645674746354908] - [0.08003983918008215, 0.03628227142304751, -0.05025009759993533, -0.06607194471062883] - [-0.04245286995467548, 0.23083183535668272, -0.04053129965931594, -0.1478478948202915] - [0.06813484130282928, -0.2934677833724473, 0.1417713084493787, 0.08356193055499779]
B1: 3.685925244249254e-08 - -6.844728211326021e-10 - -2.27135264805282e-08 - 2.347471457375652e-08
B2: 1.794740705552676e-08 - 2.425911929367869e-08 - 6.791012057868619e-09 - 3.342756925179039e-09
