Number: 618
Error: 5.817311013671982e-14
A1: [-0.01215380649270453, -0.014517593941390919, 0.018086827289125182, 0.008582656372572843] - [0.06583524259709235, 0.18949526780103934, -0.14532256284081177, -0.1100085527645695] - [-0.09629436535974881, 0.42178484186842236, -0.053458734496085965, -0.27203723868142954] - [-0.0013222329331624202, -0.018219949503460814, -0.003835890647150621, 0.023375896725737047]
A2: [0.16158671534180108, -0.16775477862853877, 0.008501328537668312, -0.0023330748207569] - [0.035485576049201634, 0.20751657666649645, -0.11721057107517396, -0.1257921738216009] - [-0.0862134059586578, 0.5815382576579041, -0.23538859164785125, -0.2599354328955631] - [-0.0038351607759870682, -0.004519480064656415, 0.0011100653882251251, 0.007243207662050368]
B1: 2.9914929014735503e-07 - 2.201401296304788e-07 - 2.6429516919439883e-07 - 9.585987256513466e-08
B2: 1.0869902692726542e-07 - 4.6518816810610694e-07 - 5.303859306677748e-07 - 5.2897102138778275e-08
