Number: 1785
Error: 3.748476680164325e-07
A1: [-0.004927650654666743, -0.012723412089612623, 0.0053616232844028045, 0.02175448321100063] - [0.0668479566632672, 0.18991172399136425, -0.14671817340546447, -0.10983695590137622] - [-0.11417894720845911, 0.44023694901483373, -0.0724983617953496, -0.2598154180559225] - [-0.025957757932391155, 0.012830924417338418, -0.03262665663113793, 0.036185636600463]
A2: [0.13060423680247235, -0.22559430288232588, 0.02172770768576967, 0.06923140233613474] - [0.033822522401873854, 0.20491096720628638, -0.11371792769840512, -0.12030486171279035] - [-0.09590004709483733, 0.5543062850494336, -0.23638651583788842, -0.22680818992031254] - [-0.021511086413219128, -0.01996224632687162, 0.007445426160459986, 0.03153575886048704]
B1: 0.00017393856442477672 - 0.0003242060582194003 - 0.00014290079047378604 - 0.0001801000785897239
B2: 0.0003074453985836805 - 0.0009549841055482966 - -0.000949079324793977 - -0.0010160060809429488
