Number: 9623
Error: 3.256632312017534e-14
A1: [0.05317312967888792, -0.14800069122797355, -0.026998468423404066, 0.12182840179942403] - [0.005313837298515242, 0.13083681187104157, -0.11360062631139886, -0.022549645728026042] - [-0.014444495458814332, 0.22309160193990774, -0.1270411984650157, -0.08160595188641535] - [0.02714654285207803, -0.10001995528440917, -0.04942442547084366, 0.12229820336920325]
A2: [0.08925406054053027, -0.07291377014129542, -0.12362781252844915, 0.10728597737069152] - [0.10884273067732406, 0.2498151831652528, -0.40484430750033795, 0.046190498823239265] - [0.03663642636586698, 0.46255561128189265, -0.3777169676663268, -0.1214727679461573] - [0.14342791640527708, -0.044605145644446925, -0.20149808726103358, 0.10268136770223159]
B1: 2.1431771256446952e-07 - 2.5236664414560922e-08 - 5.56225046269898e-08 - -3.431110418307583e-07
B2: 6.057006256317444e-08 - -1.12284995352543e-07 - -9.562816710864575e-08 - -2.637947976518984e-07
