Number: 96
Error: 0.0006204996648854006
A1: [0.01691910969382491, 0.016696164956141443, 0.05075589241395623, 0.037690623648040274] - [0.10332864974764243, 0.22784719536337572, -0.10909212367588567, -0.07287925071697568] - [-0.07154009769698778, 0.4495447585290012, -0.02631318725653497, -0.24621136580172348] - [0.026385830425535554, 0.012738275673829675, 0.0262754999999206, 0.05206683640053305]
A2: [0.2642848140543779, -0.06775580452537612, 0.10899115137394344, 0.09726199156572245] - [0.07717518973745786, 0.24615039575846243, -0.07910871900531917, -0.08815220636720075] - [0.02161662870215952, 0.6882524210369618, -0.13071865251903808, -0.15538084410216782] - [0.17337066882038316, 0.17243384272051496, 0.1770988477907877, 0.17705447258746554]
B1: 0.01813040753172662 - 0.3274919127372659 - 0.014946112460133084 - -0.010418682228967382
B2: -0.010673545495181853 - 0.2960081771064879 - -0.011676424058756331 - -0.008409650099517435
