Number: 6540
Error: 9.851234780467034e-16
A1: [0.08043168599459567, -0.18046780944068566, -0.019588855664893715, 0.11962497304802906] - [0.0374155845519128, 0.13359639072967044, -0.13472618164922567, -0.03628582054177347] - [-0.0017028103477789152, 0.22819012517159848, -0.12282837399288234, -0.10365890156176615] - [0.03886322369242421, -0.11448102925898665, -0.04641645212563342, 0.12203421722291016]
A2: [0.035307430245986725, -0.02927348864771513, -0.07569736213581259, 0.06966339433178738] - [0.10289373795912563, 0.2828966884456777, -0.3926064085458472, 0.006815982692995146] - [-0.011187108518663115, 0.5390145821085913, -0.35945102356456443, -0.1683764735510883] - [0.09786280025651387, 0.017463317348028844, -0.16885100970657949, 0.05352487927408174]
B1: 1.2475949697760345e-09 - -5.116198400747352e-10 - 4.761963375437509e-10 - -8.154810652265673e-10
B2: -6.599584553104475e-10 - -4.62313986865461e-09 - 9.376736321536298e-09 - -6.552688008986989e-09
