Number: 3756
Error: 1.0700896352187918e-15
A1: [0.06621316132160664, -0.11395209961456162, -0.02398397062430855, 0.07172284782363941] - [0.037402642983952884, 0.1881933989163497, -0.14740891644553225, -0.07818697984149288] - [-0.06022936394991278, 0.32895080721003733, -0.12775310246701954, -0.1409683150315678] - [0.03904632013782442, -0.05332253325170742, -0.03741843463058685, 0.05169527491539431]
A2: [-0.009108571379732656, -0.34680318079404115, 0.24945509476885255, 0.10645668450994045] - [0.08003980172538264, 0.03628223107359883, -0.05025013853580254, -0.06607198599408824] - [-0.04245285526022381, 0.2308318515743713, -0.040531283912186016, -0.1478478785688043] - [0.06813470332266786, -0.2934679352946897, 0.14177115886555133, 0.083561775853657]
B1: -6.222868062977513e-09 - 1.1709344888937344e-08 - 2.995933327496749e-08 - -2.1886518528975352e-08
B2: -3.744292717928026e-09 - -1.3902172311849643e-08 - 1.1319022267837066e-08 - -7.106138638986576e-09
