Number: 6205
Error: 8.141303748981405e-16
A1: [0.08043164693688327, -0.1804678484939704, -0.019588894675903103, 0.1196249339947804] - [0.03741555650441502, 0.13359636270340472, -0.13472620964083773, -0.036285848573731336] - [-0.0017028278518948518, 0.22819010766785855, -0.1228283914713703, -0.1036589190612082] - [0.038863217379869246, -0.11448103555382287, -0.046416458434166995, 0.12203421091428125]
A2: [0.03530738885322226, -0.029273530154970202, -0.07569740149149277, 0.06966335100973972] - [0.10289371416511513, 0.28289666444972333, -0.3926064315590969, 0.006815957777174511] - [-0.011187067466099643, 0.5390146234060201, -0.35945098470744113, -0.16837643029255095] - [0.09786278081044084, 0.0174632978135007, -0.16885102821796896, 0.053524858862019215]
B1: -2.8729302573100466e-08 - -1.0290857429129926e-08 - -7.898184856925198e-09 - -1.040012591116364e-08
B2: -2.16571199897544e-08 - -2.7218501583964995e-08 - 2.0363754105450876e-09 - -7.67817860395415e-09
