Number: 253
Error: 2.3681005313180039e-07
A1: [-0.01058320942031897, -0.012907180971154479, 0.019821451508639395, 0.01026056828672177] - [0.06589682946747293, 0.1895542025627081, -0.14525881807702382, -0.10993950360879334] - [-0.09355209737420096, 0.42443394734512463, -0.05047918398721238, -0.2688412545865202] - [-0.0008332119614321104, -0.017750257585033617, -0.0033126294675698063, 0.02394216893754432]
A2: [0.1611394169888374, -0.16819202932259486, 0.008065195151778032, -0.0027686520071755634] - [0.03635959754037501, 0.2083769421782739, -0.11633974467510078, -0.1249370827456896] - [-0.08666395553668196, 0.5810962530554133, -0.235831994984403, -0.26037795186570484] - [-0.004058846796717188, -0.0047392805053620675, 0.0008878422191812465, 0.007028026962278333]
B1: 0.00016606923194456907 - 0.0005609653149362625 - 4.798200605012843e-05 - 0.000334760447585769
B2: -0.0016058138937196467 - 0.0014829462963965318 - 0.0002915183850404552 - -0.0005003685663048199
