Number: 9937
Error: 9.794014663299582e-16
A1: [0.05317249361298701, -0.14800132752381223, -0.02699910378563966, 0.12182776542756989] - [0.005313718435672523, 0.1308366928858851, -0.11360074515331932, -0.022549764759361643] - [-0.01444456300802323, 0.22309153436647616, -0.1270412659598194, -0.08160601946121158] - [0.027146550066947817, -0.10001994806730996, -0.04942441823872295, 0.12229821060349562]
A2: [0.08925449095774189, -0.07291334072098338, -0.12362739181171686, 0.10728641309277435] - [0.10884180334301387, 0.24981425566846704, -0.40484521646571614, 0.04618955588638022] - [0.03663592053224658, 0.4625551080796518, -0.377717461183485, -0.12147327902712451] - [0.14342638161472987, -0.044606674715313564, -0.20149958584726413, 0.10267981014309416]
B1: 2.293473465093648e-09 - 2.8102643100227283e-08 - 1.774528791004907e-08 - 3.039708944546082e-08
B2: -6.471414696019806e-09 - -9.270625715311142e-09 - 1.367943820418422e-08 - 3.6327380172824546e-08
