Number: 1069
Error: 4.2207048300373986e-05
A1: [0.009557413101603442, 0.001442944742397513, 0.01986882143159903, 0.03558497655424294] - [0.08053548287385973, 0.20289395845527763, -0.13312230517482285, -0.09474950599103352] - [-0.0953672880780767, 0.4565359232955428, -0.059649582316584994, -0.2427930713123753] - [-0.0452167813427087, -0.005203250722794607, -0.046386844374923596, 0.017720926628868826]
A2: [0.11575586010257383, -0.23947969763438734, 0.005449580251898868, 0.05678549992002447] - [0.017069192808103442, 0.18858928120972962, -0.12995956966424135, -0.13707185687329124] - [-0.06427182328260732, 0.5859897089345977, -0.20007489227579145, -0.20114545509212525] - [-0.0072405567759397755, -0.006227724555935946, 0.02190483673144437, 0.04518345801900451]
B1: -0.013185819439578104 - 0.004196328138366222 - 0.011044481399849825 - -0.00667603147865042
B2: 0.004376627214318943 - 0.007827689748403335 - -0.0004872015013691385 - -0.0012383913982838852
