Number: 7586
Error: 7.883722463439851e-16
A1: [0.08043171599388856, -0.18046777944479814, -0.019588825701479417, 0.11962500304389007] - [0.037415615670983476, 0.13359642182518622, -0.13472615059215895, -0.03628578943994381] - [-0.0017027819904256597, 0.2281901535283418, -0.12282834567705096, -0.10365887321197947] - [0.038863260077032134, -0.11448099297649562, -0.046416415764221126, 0.12203425358489627]
A2: [0.03530742719327353, -0.029273491708860705, -0.07569736503830828, 0.0696633911368005] - [0.1028937486563776, 0.2828966992337291, -0.39260639819959764, 0.006815993894591653] - [-0.01118715221924952, 0.5390145381473446, -0.35945106492815354, -0.16837651959988495] - [0.09786277056167747, 0.01746328751812649, -0.16885103797416703, 0.05352484810419913]
B1: 1.347868043713045e-08 - 1.699075287687731e-08 - 2.016404553719824e-08 - 1.7946815278377142e-08
B2: 1.799498812608344e-08 - 1.8308247629349745e-08 - 2.0420658417752426e-08 - 1.580770403343576e-08
