Number: 1850
Error: 3.790960212980651e-07
A1: [-0.008264286242897483, -0.016057645290241583, 0.0019190017506987896, 0.01833618707276291] - [0.06761133276555248, 0.19064520707652924, -0.14592362429753142, -0.10898850859143648] - [-0.10959340098561192, 0.44475126323229797, -0.0677244283058796, -0.2548456181195504] - [-0.022360688519399683, 0.016373386749190453, -0.028975960563633472, 0.039985447629997686]
A2: [0.13312587517756347, -0.22314970989414298, 0.02418217764795065, 0.07165703685029873] - [0.033202943559787715, 0.2043111428455454, -0.11433234687136752, -0.12090434229584322] - [-0.09305029999735381, 0.55710282116086, -0.2335716308404723, -0.22397758349914612] - [-0.01981612073971754, -0.018316014929574513, 0.009107963229337775, 0.033133435542963635]
B1: -0.00046283440368247863 - 0.0002029537156696082 - -0.0005834420778007188 - -0.0004043936734862211
B2: 0.00030160366728982453 - 0.00046217865595180214 - -0.0014567315017727264 - -0.0008104304116576327
