Number: 4295
Error: 7.911896503366097e-16
A1: [0.06621310599110576, -0.11395215370862026, -0.023984025911380515, 0.07172279258600593] - [0.03740257135717613, 0.18819333048183617, -0.14740898686012932, -0.07818705026232657] - [-0.06022938479676884, 0.32895078718774756, -0.1277531228665271, -0.14096833532132141] - [0.03904620219601044, -0.053322645197517345, -0.03741854873527744, 0.05169516173718232]
A2: [-0.009108482184369347, -0.3468030861716996, 0.2494551846858697, 0.10645677802643741] - [0.08003985028271471, 0.03628228338376238, -0.05025008546539481, -0.0660719324730473] - [-0.04245280858637152, 0.2308319030865367, -0.040531233894611635, -0.1478478269492844] - [0.0681347141237589, -0.29346792340212663, 0.14177117057503785, 0.08356178796375642]
B1: -5.236158537749568e-08 - 2.0316772552093993e-08 - 2.452219823377801e-08 - -2.5017161995175e-09
B2: 6.702792978714191e-09 - 7.472951587622712e-09 - 5.625468438159525e-09 - -2.450385087456845e-08
