Number: 4105
Error: 7.954810130265837e-16
A1: [0.0662131859176969, -0.11395207556811213, -0.023983946047508094, 0.07172287237846252] - [0.037402643002812506, 0.18819339893437828, -0.1474089164269783, -0.07818697982294495] - [-0.060229331672541034, 0.32895083821065, -0.12775307088227814, -0.14096828361669844] - [0.03904624215116207, -0.05332260727364576, -0.037418510080039866, 0.05169520007856572]
A2: [-0.009108606112439334, -0.3468032176400295, 0.24945505975509913, 0.10645664809458877] - [0.08003982761202867, 0.03628225896093873, -0.050250110243160104, -0.06607195746121158] - [-0.04245284342529413, 0.2308318646361445, -0.04053127122940231, -0.14784786547982204] - [0.06813479496401963, -0.2934678343934949, 0.14177125821364872, 0.08356187860063786]
B1: 2.53239787354751e-08 - 1.0655136280244704e-08 - 5.5631347391034876e-11 - 1.8560683749623296e-08
B2: -3.417021482265998e-09 - 1.2933130242608784e-08 - 1.7419089119429042e-08 - 3.097314278831649e-08
