Number: 5655
Error: 0.0001299137343955363
A1: [0.06655122729238132, -0.11360598027521333, -0.023646269961143742, 0.07201985684555305] - [0.04222155649656634, 0.19281921081132264, -0.14266710546156652, -0.07346247850075159] - [-0.07181232892625541, 0.3177363230538667, -0.13913587428097754, -0.1523279961430232] - [0.04282960938515194, -0.049610327593830925, -0.03371727281360923, 0.05525505564622707]
A2: [-0.015671323710320265, -0.35378766503835796, 0.24260836197122176, 0.09985157226291258] - [0.08322686051346792, 0.039713340453147526, -0.04684434349748575, -0.062483355168632175] - [-0.044639309784733905, 0.22840308169608364, -0.043045620190906624, -0.1500748153777079] - [0.07041343770152675, -0.2909857892136494, 0.14405895019690634, 0.086448867815761]
B1: -0.0030688221570949383 - -0.005434171904031596 - -0.004195818501196344 - -0.005529600372736363
B2: 0.005897398960986374 - 0.011095173163289543 - 0.007453416234921444 - 0.0036305048697253045
