Number: 8245
Error: 9.131254707259498e-16
A1: [0.080431698595759, -0.1804677968409794, -0.019588843078854057, 0.11962498564771659] - [0.037415552794206636, 0.13359635899605002, -0.13472621334350393, -0.03628585228179993] - [-0.0017028425930561866, 0.22819009292699746, -0.12282840619095454, -0.10365893379844167] - [0.03886324924742696, -0.11448100377571281, -0.04641642658693729, 0.12203424276201491]
A2: [0.035307409508500996, -0.029273509442494718, -0.07569738185278933, 0.06966337262780824] - [0.10289373108872271, 0.28289668151698094, -0.3926064151908024, 0.00681597549869396] - [-0.011187127135587695, 0.5390145633805714, -0.35945104118593496, -0.1683764931683526] - [0.09786276702088205, 0.017463283961191907, -0.16885104134481135, 0.05352484438754474]
B1: -3.2485663310876814e-09 - 2.612998943947461e-09 - -2.3942702404630293e-09 - -5.9012116474776805e-09
B2: 1.4698134654307514e-08 - -2.279434251321481e-08 - -8.359947899910463e-09 - 1.4460375531936612e-08
