Number: 5858
Error: 4.3521772290559924e-07
A1: [0.0821373210442391, -0.17876729487068915, -0.01788255711772989, 0.12133169089103475] - [0.04120583822061502, 0.13738141442108917, -0.13094386565805852, -0.03249774236943253] - [-0.0016315162384281968, 0.2282590832097224, -0.12275458245689015, -0.1035863706368316] - [0.038381332850906905, -0.11496591398388842, -0.046892742178458034, 0.12155524685346497]
A2: [0.03475127606614574, -0.02983552487412642, -0.07622342555048142, 0.06908642970680164] - [0.10001765073781156, 0.2799806869672678, -0.3953887437357592, 0.0038138264383657527] - [-0.011070574980955535, 0.5391316228224049, -0.3593355901236275, -0.16824994372861715] - [0.09739812344640414, 0.016994123072282756, -0.1692897813414643, 0.05304110433143432]
B1: -1.4735861764589139e-05 - 0.002097624954573781 - -0.00043306954728559793 - -0.00013629246011117989
B2: 0.0009308353933110699 - 0.00021733607538760032 - 0.0006324973427432872 - 0.0008615043068984534
