Number: 3175
Error: 7.89925945213625e-05
A1: [0.028996417831448674, -0.08224269305105736, -0.0573339696013601, -0.0258965412202527] - [0.041762116703244145, 0.18948398513062115, -0.1444034237506372, -0.09456628331884995] - [-0.1555808834156415, 0.3834362393509525, -0.13661794579291103, -0.21843807144513228] - [-0.011666605636320302, -0.02923333510709257, -0.08165336907590243, -0.07071264231074309]
A2: [0.05620123766976409, -0.18159878217665007, 0.07959401698789995, 0.017284289202004432] - [0.01871623363919434, 0.1899117187828255, -0.1122906302214428, -0.13839900133804478] - [-0.10983491993708704, 0.49799233305563545, -0.24217544503990365, -0.21048314828290476] - [-0.053852273227059044, -0.008374154471030126, -0.07847290307347607, 0.03026857882094778]
B1: -0.008419494078157874 - -0.013510299360718441 - -0.007249009787222885 - -0.0029130958526762587
B2: -0.004110838736425304 - -0.001531623353872599 - -0.010048429802527596 - -0.022231146713612832
