Number: 5604
Error: 2.370765889038412e-08
A1: [0.06623675287350178, -0.11392887077423457, -0.023960255540457196, 0.07174664031013597] - [0.03685662765900481, 0.18767173363218556, -0.14794566037282383, -0.07872381903691225] - [-0.06052456189729725, 0.3286675221446526, -0.12804151648221457, -0.14125516726349482] - [0.038831171855127807, -0.05352654460590499, -0.0376261040088599, 0.05148927576816963]
A2: [-0.009987527678293766, -0.34773578854229115, 0.24856941356941756, 0.10553548776612434] - [0.07946091639250567, 0.0356585891085776, -0.05088291947998034, -0.06671006804447817] - [-0.04192147884026203, 0.23141832358270067, -0.039962151865102394, -0.14726054404861127] - [0.06887155474835364, -0.2926566336530792, 0.14256942817540116, 0.08438744992939029]
B1: -0.0001466489788347318 - 7.009884880936301e-05 - 0.00015742396783811744 - 0.00010610037669940185
B2: 0.000335074458655528 - 6.564606973524433e-05 - 8.871749641584083e-05 - 7.865048555718008e-05
