Number: 9192
Error: 1.7016412274358712e-07
A1: [0.053037147717610936, -0.14813982980934556, -0.027136755265720257, 0.1216914138254852] - [0.0037298769662073824, 0.12925575778085585, -0.11518574868943866, -0.024128109331069625] - [-0.015929082604582, 0.22161128597111204, -0.12852453364630556, -0.08308404738930951] - [0.026963496112757196, -0.10020332307299029, -0.04960812956985792, 0.12211696837038966]
A2: [0.08624957845829188, -0.07591504602705883, -0.12655811787535043, 0.10425092933077239] - [0.10618442023975337, 0.24715130210251687, -0.4074516543760794, 0.04348832464874598] - [0.03141748337631033, 0.45735779724384823, -0.38280721503178244, -0.1267422838180743] - [0.1417350806899158, -0.04629232098377522, -0.2031497568707965, 0.1009632779046211]
B1: -0.0004504478246752449 - 4.0004465236041035e-05 - 0.0005678302964184824 - -0.00015731214207490344
B2: -7.696045983259281e-05 - 0.0006941867095163834 - 0.0002659617428230985 - -0.00014151830211581485
