Number: 9409
Error: 1.1974286576928397e-11
A1: [0.0531818160728001, -0.14799200156758308, -0.026989791588060492, 0.12183709246023494] - [0.005322253056677469, 0.13084523664252642, -0.11359221167226552, -0.022541217782989335] - [-0.014440360256769872, 0.2230957382942918, -0.12703706673190418, -0.08160181552066094] - [0.02715397802007681, -0.10001251936948972, -0.049416974065063325, 0.1223056583955137]
A2: [0.08923861768102902, -0.07292917731578928, -0.12364290741860012, 0.10727034448695948] - [0.10884140271137299, 0.2498138549443897, -0.40484560920267426, 0.0461891483092644] - [0.03663276982044681, 0.46255197358423544, -0.37772053510280207, -0.12147646259450388] - [0.14343736205158386, -0.04459573545666624, -0.2014888643390969, 0.1026909529286578]
B1: -8.804199107989525e-06 - 9.289379818737472e-06 - -3.1398876191722453e-07 - 7.918698804769707e-06
B2: 2.378134654128492e-06 - 1.4805112753684407e-06 - 1.7161312242522493e-06 - 1.1994907059545369e-06
