Number: 3742
Error: 9.487132913413637e-16
A1: [0.06621319716859439, -0.1139520645686401, -0.023983934805450816, 0.07172288361046489] - [0.0374025975982828, 0.18819335555342576, -0.1474089610631267, -0.0781870244630289] - [-0.0602293422555757, 0.3289508280462466, -0.12775308123822549, -0.1409682939169566] - [0.03904617276217885, -0.05332267313506425, -0.03741857721156545, 0.051695133492157576]
A2: [-0.009108505068791663, -0.3468031104484452, 0.249455161616332, 0.10645675403337988] - [0.08003980161666016, 0.036282230956475724, -0.050250138654630815, -0.06607198611392208] - [-0.04245285075148276, 0.2308318565505078, -0.040531279080431706, -0.1478478735823085] - [0.0681348463294608, -0.2934677778378056, 0.14177131389885905, 0.08356193619090549]
B1: -2.11172830560006e-08 - 1.3499132396194837e-08 - 1.0924805123245796e-08 - 2.1926889103910445e-08
B2: -2.293182515117654e-08 - 1.4501901571174168e-08 - 2.026851152361974e-09 - 1.318730698911656e-08
