Number: 8730
Error: 2.68969661090415e-11
A1: [0.08043004557622012, -0.1804694496470311, -0.019590494109200336, 0.11962333282098471] - [0.03741686689478825, 0.13359767212343218, -0.1347249018494635, -0.036284538905350855] - [-0.0017036800535474843, 0.22818925549280505, -0.12282924242103258, -0.1036597710343486] - [0.03886140846673061, -0.11448283937029062, -0.04641826618475766, 0.12203240312832977]
A2: [0.03530845756177685, -0.029272458503577806, -0.07569638537963659, 0.06966446952441396] - [0.10288471915583057, 0.28288759310354245, -0.39261513142983817, 0.006806538707577972] - [-0.011190100039042175, 0.5390115727418955, -0.3594538551148355, -0.16837962581113936] - [0.09786269446269946, 0.017463211062554617, -0.1688511104202415, 0.05352476822426061]
B1: 1.9782801393727553e-06 - 5.136341806671416e-06 - 2.826841825557105e-06 - 2.279981666592685e-06
B2: -2.4065964667795876e-06 - -2.732870597924901e-06 - -9.072356821585299e-07 - -1.7430071705391564e-06
