Number: 4471
Error: 8.230798029087765e-16
A1: [0.06621320003971484, -0.11395206176169459, -0.023983931936591825, 0.0717228864767668] - [0.03740262392853143, 0.18819338071019662, -0.14740893517845058, -0.07818699857609049] - [-0.06022941788982512, 0.32895075540364854, -0.12775315524947584, -0.14096836753005743] - [0.03904615516173852, -0.05332268984064762, -0.03741859423934831, 0.0516951166026365]
A2: [-0.009108476660142535, -0.346803080311421, 0.24945519025475354, 0.10645678381817933] - [0.08003981511628916, 0.03628224549947843, -0.050250123900264496, -0.0660719712342578] - [-0.04245284533671432, 0.23083186252663976, -0.0405312732776757, -0.1478478675936425] - [0.06813480119142147, -0.2934678275368896, 0.14177126496470524, 0.08356188558266554]
B1: -3.137134734086879e-08 - -4.15022468562107e-09 - -8.492759568296486e-09 - 9.347544384140568e-09
B2: 1.783426115668816e-08 - 6.678924662936607e-09 - -7.70114202136587e-08 - 3.4452712984936438e-09
