Number: 5301
Error: 1.5426787109507666e-15
A1: [0.06621322635838946, -0.1139520360310998, -0.023983905638564344, 0.07172291275125292] - [0.03740259241086697, 0.1881933505972992, -0.14740896616266755, -0.07818702956306073] - [-0.06022941777143231, 0.3289507555170053, -0.1277531551337546, -0.14096836741475946] - [0.03904621865620484, -0.05332262957387337, -0.037418532810409355, 0.051695177532695646]
A2: [-0.009108726183443492, -0.34680334501596677, 0.24945493871230376, 0.10645652220718499] - [0.08003979352174566, 0.03628222223604851, -0.050250147501638434, -0.06607199503618039] - [-0.04245277247665486, 0.23083194293929504, -0.04053119519803656, -0.14784778701341592] - [0.06813478043422486, -0.29346785039150325, 0.14177124246156983, 0.08356186231003296]
B1: 7.496255500797252e-08 - 7.193965955494536e-08 - 4.421296185479093e-09 - 1.597966193330524e-08
B2: 1.7078746314390247e-08 - -7.848330810462893e-09 - 3.3373590802439376e-08 - 2.414283433288636e-08
