Number: 2108
Error: 0.003434820078399201
A1: [-0.06532447891952241, -0.10043082641273345, -0.13757129722268885, -0.06389981747085614] - [0.08872259717154636, 0.21942976228704267, -0.11245646569296094, -0.07945623271362137] - [-0.043673534540480285, 0.48440920726874054, -0.055836559957478736, -0.09012064468685616] - [-0.13330818258398128, -0.12547696146561374, -0.19431155776814743, -0.16650658612903418]
A2: [0.15799402886893296, -0.19971326885451654, 0.057253247981846785, 0.0320601957676433] - [0.11847886574305748, 0.2743482453688504, -0.03514489295607098, -0.051639928387683706] - [-0.017368228793132552, 0.5166277189107839, -0.20417058706314437, -0.25458774382438437] - [-0.09541544450215539, -0.09953865187451064, -0.18241978278344712, -0.04730142734564322]
B1: -0.029593200933146713 - -0.04287273091398072 - -0.04705919821623776 - 0.014292322928783525
B2: 0.05920597604919752 - -0.02537960540896847 - 0.014310668497911808 - 0.08123833956043242
