Number: 6285
Error: 9.51516057654614e-16
A1: [0.08043165417355498, -0.1804678412581186, -0.019588887447885048, 0.11962494123062528] - [0.03741556187226228, 0.13359636806718922, -0.13472620428368642, -0.03628584320885777] - [-0.0017028347262354822, 0.22819010079366425, -0.12282839833564603, -0.10365892593371434] - [0.038863210952876134, -0.1144810419627797, -0.04641646485706518, 0.12203420449128242]
A2: [0.035307458086238995, -0.029273460730462168, -0.07569733566566503, 0.06966342346964367] - [0.10289376631188168, 0.28289671703906843, -0.3926063811234379, 0.00681601238248008] - [-0.011186973610598666, 0.5390147178213338, -0.3594508958712165, -0.16837633139367458] - [0.09786283920982995, 0.017463356478531186, -0.168850972625559, 0.053524920162400215]
B1: -3.260179905869716e-08 - 3.192701724605196e-09 - -1.425213716746473e-08 - -2.331663362892558e-09
B2: -1.8816757644661693e-08 - -1.7870111548777026e-08 - -2.2639412227700765e-09 - -8.829535733372443e-09
