Number: 6335
Error: 7.804905368552635e-16
A1: [0.08043170762021927, -0.18046778781750925, -0.019588834065126536, 0.11962499467118402] - [0.0374156239660349, 0.13359643011396352, -0.13472614231363594, -0.036285781149482915] - [-0.0017027557560508693, 0.22819017976216144, -0.12282831948108673, -0.10365884698460771] - [0.038863296027452414, -0.11448095712695908, -0.046416379836699356, 0.12203428951298106]
A2: [0.0353074318009087, -0.029273487088495222, -0.07569736065740805, 0.06966339595917877] - [0.10289381161175487, 0.28289676272340913, -0.392606337310003, 0.006816059818084968] - [-0.011187051177746845, 0.539014639791525, -0.3594509692901661, -0.16837641312893575] - [0.09786283826210804, 0.01746335552649823, -0.1688509735277285, 0.05352491916760062]
B1: -1.217162798359536e-08 - 7.706008970251084e-09 - 1.1585470286935182e-08 - -4.6836061722212014e-09
B2: -1.5789365322349797e-08 - -1.6196808459094674e-08 - 2.5475645273776148e-08 - 9.743087240750257e-09
