Number: 9865
Error: 7.341401237497107e-16
A1: [0.05317259479819784, -0.1480012263014406, -0.026999002712003683, 0.12182786666152848] - [0.0053137887115752595, 0.13083676323546006, -0.11360067488809203, -0.02254969438438007] - [-0.014444468044263288, 0.22309162936500762, -0.12704117107124518, -0.08160592446357505] - [0.027146437450360758, -0.10002006068354337, -0.04942453109268288, 0.12229809770086168]
A2: [0.08925445247741366, -0.072913379112327, -0.12362742942503019, 0.10728637413818125] - [0.10884173019371242, 0.24981418250626047, -0.4048452881661582, 0.046189481506361735] - [0.036635852568758585, 0.4625550404697932, -0.3777175274920592, -0.12147334769544534] - [0.14342649305144006, -0.04460656369367054, -0.201499477038954, 0.10267992323317482]
B1: 4.9106276975405984e-08 - 3.7972111263892655e-09 - -2.435257553888129e-08 - -1.4053552872391968e-08
B2: 1.1734024875835153e-08 - 6.616337754276623e-09 - -6.502295158299723e-09 - -2.0973454324053495e-08
