Number: 1531
Error: 7.097461802645896e-09
A1: [-0.0068823536851897425, -0.014685969157292568, 0.003313936653703458, 0.01976788295374805] - [0.06690036250607438, 0.18995521835541504, -0.14665907773641892, -0.109780495723297] - [-0.11218058653504319, 0.4421818205379203, -0.07036785837581587, -0.2576613625711779] - [-0.02329163017795541, 0.015420368727950703, -0.02985521095138781, 0.03899389573648328]
A2: [0.1316935532469479, -0.2245228547172551, 0.022772031052392543, 0.07026572044964839] - [0.03265702388596418, 0.20375974137173158, -0.11487751183425322, -0.12144703009811436] - [-0.09456137803483602, 0.5555999766523544, -0.23514253474025482, -0.2255756080977914] - [-0.021079791726227128, -0.019524713292020407, 0.007867114673298039, 0.031939130335926276]
B1: 2.077963722267368e-05 - -0.00021822534446214368 - 8.409016303775137e-06 - -8.550237820358955e-05
B2: -2.6554877015125263e-05 - 0.0001350408812409142 - -5.825981765030588e-05 - -5.711853401419138e-05
