Number: 3596
Error: 8.728808029268473e-12
A1: [0.06621219131059262, -0.11395304799555277, -0.023984939989751916, 0.0717218794022687] - [0.03740377762501812, 0.18819448298456293, -0.1474078010059859, -0.07818586426597302] - [-0.06022455071513905, 0.3289554300658193, -0.1277483923646263, -0.14096363052124938] - [0.039051289270167135, -0.05331781676185063, -0.037413627212427754, 0.05170004327802719]
A2: [-0.009106928943364088, -0.34680143836491373, 0.2494567505101397, 0.10645840650207798] - [0.08004646397771452, 0.036289408270903614, -0.05024285707234352, -0.06606464270749345] - [-0.04243402090805425, 0.23085263830142286, -0.040511100332715766, -0.1478270484830753] - [0.06812832416215857, -0.2934749590831285, 0.14176424327295115, 0.08355462367864246]
B1: 2.9561727897354036e-07 - -7.089046418792397e-07 - 7.705918815640147e-06 - -5.812901217911312e-06
B2: 2.462870238527167e-06 - 7.610316554091946e-07 - 1.410140917932761e-06 - -1.3339212059846781e-06
