Number: 1463
Error: 1.2127225845668977e-09
A1: [-0.007393888087420689, -0.01520209238921693, 0.002782565289092419, 0.019242775998975354] - [0.06673301206790042, 0.18979424308495121, -0.14683199732981386, -0.1099666271372848] - [-0.11266616581448681, 0.4417060153499254, -0.07087369219348451, -0.2581873680555006] - [-0.023250357632548686, 0.015460914448434268, -0.029813427965111924, 0.03903726586657327]
A2: [0.13163424337000137, -0.22458106987805249, 0.022713953599881365, 0.07020752032992655] - [0.03267988495254754, 0.20378233538389257, -0.1148547882173084, -0.1214245638466085] - [-0.09439357913493876, 0.5557655272675677, -0.2349771888085135, -0.22540988272378815] - [-0.020888263306973014, -0.019335840782627275, 0.008057711836513963, 0.032123001268058456]
B1: -1.4248284229399656e-05 - -2.4547199752379033e-05 - -5.939879456712575e-05 - 3.460273378663341e-05
B2: -5.2489700039913846e-05 - 5.721414819862476e-05 - 3.0232597436195016e-05 - -2.020029742738619e-05
