Number: 8254
Error: 8.581196320130654e-16
A1: [0.08043170257967036, -0.1804677928575168, -0.019588839099706653, 0.11962498963117443] - [0.03741557786636585, 0.13359638404923085, -0.13472618832129976, -0.03628582722353] - [-0.0017028393150676244, 0.22819009620491476, -0.12282840291776503, -0.1036589305213286] - [0.03886325270452116, -0.11448100032831797, -0.04641642313204652, 0.12203424621696199]
A2: [0.03530738629575937, -0.02927353271943929, -0.07569740392321501, 0.06966334833320294] - [0.10289375938335119, 0.28289671005174283, -0.3926063878245812, 0.0068160051272650735] - [-0.011187188120957432, 0.5390145020314631, -0.3594510989100338, -0.16837655743063343] - [0.09786267906941536, 0.017463195609683645, -0.16885112506906627, 0.05352475206731201]
B1: -3.5525608718784642e-09 - 1.5853145902858096e-08 - -2.1055545986979768e-08 - -4.0575180198781066e-08
B2: -4.757768347969454e-09 - -2.9527630155748123e-08 - -2.253768221215919e-08 - -7.817326959332547e-09
