Number: 2094
Error: 0.00038201464663765425
A1: [0.14817155618987157, 0.1017390616884887, 0.11965313640887472, 0.12191279066189903] - [0.03676296964530984, 0.1659911870102076, -0.17227136262995632, -0.136681390999069] - [-0.13941738827985278, 0.42886512154619333, -0.0997720365764856, -0.22400970033922707] - [-0.0766411459085842, -0.055348679781833526, -0.14580523976563634, -0.09728895073092868]
A2: [0.05444444170732865, -0.2734883480686169, 0.00164802661379633, -0.0059325135604252136] - [0.0374139695160088, 0.20305579210859193, -0.11899291308473539, -0.1235196885830222] - [-0.10828826400973701, 0.5095946112286247, -0.2529257379071558, -0.2435901081717102] - [-0.06676417838799005, -0.09429214374720246, -0.10205853276723904, 0.010555690221474932]
B1: 0.017049071511031404 - -0.03410547782711039 - 0.014078111114931869 - 0.010341019678045897
B2: 0.028626818446157404 - 0.03356861190403938 - -0.03593743134888454 - -0.030904653006654185
