Number: 8494
Error: 1.1018718661600949e-15
A1: [0.0804316956295769, -0.18046779980678518, -0.019588846041469085, 0.11962498268190783] - [0.037415667158522355, 0.13359647327375998, -0.13472609920708098, -0.03628573798086308] - [-0.0017028516676088777, 0.22819008385263953, -0.12282841525222304, -0.10365894287055959] - [0.03886330179240129, -0.11448095137813638, -0.04641637407540815, 0.12203429527438146]
A2: [0.03530722630760155, -0.029273693150079712, -0.0756975560383331, 0.06966318088867329] - [0.10289373098544076, 0.28289668141286956, -0.3926064152906815, 0.006815975390546862] - [-0.011187048114856777, 0.5390146428726377, -0.35945096639091784, -0.16837640990164565] - [0.0978627932421682, 0.017463310301768908, -0.16885101638379665, 0.053524871911305165]
B1: -6.080513060629286e-08 - 1.9770561076588932e-08 - -4.958539398055613e-09 - 1.2532053337678154e-08
B2: 1.519453525067721e-09 - -7.919702683795504e-08 - 2.377649153973169e-08 - -2.6833927896338527e-08
