Number: 3320
Error: 3.3434212544310113e-06
A1: [0.058111094291920844, -0.12193008373524002, -0.03226028624569796, 0.06352200365198515] - [0.03274211318905837, 0.18368631379495295, -0.15199943445942202, -0.08277243030747193] - [-0.06821877163223553, 0.32144145847054606, -0.13537513540300442, -0.14861006030529894] - [0.040635393114456984, -0.05180398663871621, -0.03595885416770852, 0.053156371349766265]
A2: [-0.005378021430915599, -0.3427767435189029, 0.2534778503473751, 0.11050355472268446] - [0.08860673131967386, 0.04558078440079023, -0.04092219101731385, -0.056610948476990504] - [-0.052585045564667046, 0.2193765126234836, -0.05158881343686011, -0.15922455499243254] - [0.06192252749874687, -0.3004921212493708, 0.13492843707732174, 0.07649971164735098]
B1: 0.0024155125243126 - 0.0030787070436188897 - 0.0005304221831895209 - -0.00018800282224297688
B2: -0.003447504665315106 - 0.006042826286952248 - 0.0041140602211252545 - -0.00140352227696851
