Number: 7639
Error: 2.1618414381370586e-16
A1: [0.08043168719755338, -0.1804678082378715, -0.019588854463377676, 0.11962497425084712] - [0.03741564107676811, 0.13359644721174274, -0.13472612523698824, -0.03628576404822792] - [-0.00170277547127551, 0.22819016004735332, -0.12282833916744214, -0.10365886669456686] - [0.03886323853422732, -0.11448101445884308, -0.046416437293293165, 0.12203423205548405]
A2: [0.03530755139807862, -0.029273367160528165, -0.075697246945856, 0.06966352113048935] - [0.10289385620053475, 0.2828968076906129, -0.39260629418424997, 0.006816106508971233] - [-0.01118729826497407, 0.5390143912305357, -0.3594512031637449, -0.16837667349321356] - [0.09786273773011052, 0.017463254537222986, -0.16885106922772436, 0.053524813641776706]
B1: 3.509953012541841e-08 - 7.148426793787721e-08 - 2.1792067713611258e-08 - 4.199399525685251e-08
B2: 2.6701023980021378e-08 - 5.84391791004873e-08 - 5.806676603120469e-08 - 2.6944023163185298e-08
