Number: 1061
Error: 0.00014111104458847882
A1: [-0.00880062409940939, -0.01751572700484908, 0.0013470586880555925, 0.016228338364202767] - [0.08165867858232242, 0.20402161916113273, -0.1318223580192185, -0.09345991776325978] - [-0.17583235258655228, 0.3749290204582845, -0.14988177332582697, -0.3329473546773825] - [0.02357318210754255, 0.06325076424046212, 0.02989867820768238, 0.09119151715113868]
A2: [0.16270267473783206, -0.19256620609570657, 0.04979581889996801, 0.10224768312683478] - [0.0212934685255531, 0.19276645286328553, -0.12568270939647935, -0.1330552551120921] - [-0.17238189455126238, 0.4801528245626587, -0.30168157132151796, -0.31080344362051143] - [-0.01870769935873893, -0.017813702526698897, 0.01104247723113298, 0.03331324911015701]
B1: -0.00023861209463690858 - 0.003177222559488672 - -0.01333849042158437 - -0.008415243574606074
B2: 0.007645531367868981 - -0.006529902390685786 - 0.011875524242460998 - -0.008217410209920383
