Number: 7974
Error: 8.464596608096239e-16
A1: [0.08043169281191004, -0.18046780262415435, -0.01958884885573546, 0.11962497986456322] - [0.03741552007987908, 0.13359632630643847, -0.1347262459927423, -0.036285884978072724] - [-0.001702825440738301, 0.2281901100789556, -0.12282838906373758, -0.10365891665069102] - [0.03886323228045644, -0.11448102069506567, -0.04641644354307333, 0.12203422580560319]
A2: [0.035307452555112515, -0.029273466276871555, -0.07569734092454876, 0.06966341768066903] - [0.1028937473415386, 0.28289669790772914, -0.39260639947128195, 0.00681599251774915] - [-0.011187119968343411, 0.5390145705905871, -0.3594510344019542, -0.16837648561600196] - [0.09786280665979796, 0.017463323780428114, -0.1688510036110577, 0.053524885995431]
B1: 4.1430822558975265e-09 - -1.585947977346668e-08 - -1.2081116951128725e-08 - -8.051387533541894e-09
B2: -1.1179222747553652e-08 - -1.6651495853057056e-08 - 2.6916016940368238e-09 - -1.1814660459404298e-08
