Number: 5272
Error: 1.393141824345868e-15
A1: [0.06621305999809383, -0.11395219867385611, -0.023984071868311536, 0.07172274667014629] - [0.037402568927950866, 0.1881933281609418, -0.14740898924818668, -0.07818705265062359] - [-0.060229404358474375, 0.32895076839950843, -0.1277531420085498, -0.14096835436013858] - [0.039046027583571855, -0.053322810933074005, -0.03741871766697798, 0.05169499417708153]
A2: [-0.00910877740195395, -0.3468033993506998, 0.24945488707941563, 0.10645646850749486] - [0.08003983734445767, 0.03628226944559089, -0.05025009960601651, -0.06607194673383672] - [-0.04245277420718881, 0.23083194102937968, -0.04053119705256228, -0.14784778892730793] - [0.06813483439350163, -0.2934677909802195, 0.14177130095841348, 0.083561922808072]
B1: -5.3253291540122375e-08 - 2.9178023814175572e-08 - 3.650650799052363e-08 - 4.03374312202013e-08
B2: -7.313408085319589e-09 - 1.9535497882171046e-08 - 7.423107052111783e-08 - -1.528518588973108e-08
