Number: 9134
Error: 1.6600278214281248e-06
A1: [0.05405058135511499, -0.1473087974023557, -0.026235649030869244, 0.1224975094928654] - [0.007859770704002636, 0.1333491553911639, -0.11117820236216226, -0.02000227183723334] - [-0.016879216266124618, 0.22079993739461173, -0.12942399437589514, -0.08377910207977096] - [0.027263548447279868, -0.09993467656481807, -0.04929020805621333, 0.12241047444712853]
A2: [0.10193994370030807, -0.06006391334922191, -0.11083519102837439, 0.12027993297746381] - [0.11988510119587872, 0.260885085523918, -0.39401086481481545, 0.05740135718705029] - [0.038714890790002086, 0.4647155764177886, -0.37559044965124444, -0.11942244807902326] - [0.15803924304904815, -0.030023140675455168, -0.18733114086022704, 0.11747058626913351]
B1: -0.0006293947017670476 - 0.0013830903858413589 - 0.004402297299543294 - 0.0009402788625817749
B2: 0.0007018312480871027 - 0.0008550158706315827 - 0.0020257610727170867 - 0.0010366846638542435
