Number: 3406
Error: 2.0659085549792434e-08
A1: [0.06762453132314351, -0.11257263106900542, -0.022574622823608805, 0.07313232230715205] - [0.03757298119373517, 0.1883558297973925, -0.1472416284745629, -0.07801922629741923] - [-0.06579079975169932, 0.32360430225844633, -0.1332010498484707, -0.14639143937690452] - [0.03735099265067711, -0.054928937010272245, -0.0390572251621622, 0.05006591242812864]
A2: [-0.007442072831548186, -0.3450354151279584, 0.2511327353596537, 0.10820616398592592] - [0.08072834874783108, 0.03702343082265137, -0.04950102550553745, -0.06531718090096061] - [-0.042081209231584066, 0.23124132651192092, -0.04013615298788244, -0.14743995253127148] - [0.0677393241511107, -0.2939020042975774, 0.1413511011475277, 0.08312446935862858]
B1: 0.0005330405837747517 - -0.0008114424445330016 - -0.00029533619029989134 - 0.0003305197893410487
B2: -1.9265527263056342e-05 - 0.00014134721178671843 - 0.00025827650903807937 - -0.0009600338797010475
