Number: 6643
Error: 4.813888577935347e-16
A1: [0.08043167882741918, -0.1804678166070504, -0.01958886282350028, 0.11962496588167124] - [0.037415601965701456, 0.13359640813027981, -0.13472616427013423, -0.03628580313763104] - [-0.0017028749963843856, 0.22819006052437116, -0.12282843854683236, -0.10365896619311825] - [0.0388632567212383, -0.11448099632286347, -0.04641641911786537, 0.12203425023119636]
A2: [0.03530744434478489, -0.029273474509921172, -0.07569734873086029, 0.06966340908771433] - [0.1028937437129391, 0.2828966942483246, -0.39260640298083466, 0.006815988718079949] - [-0.011187112430863554, 0.5390145781730562, -0.359451027267547, -0.16837647767351077] - [0.09786280576287128, 0.017463322879433172, -0.168851004464886, 0.053524885053967235]
B1: -2.7934813678057424e-09 - 2.6494730200509413e-09 - -7.136721891543517e-09 - -4.761536162906323e-09
B2: -2.1602524660732685e-09 - 1.1525327922983044e-08 - -4.06243097224085e-08 - 1.8991090507436723e-08
