Number: 2465
Error: 1.6714125954649995e-06
A1: [0.05797418867247648, -0.053340659422166044, -0.028838728423959886, 0.002441834729756502] - [0.04317658549865922, 0.19078614530518478, -0.14309032663896104, -0.09306722893997686] - [-0.12860120890485965, 0.4096601791229831, -0.11007954064926949, -0.19229123323753713] - [0.03265389273026642, 0.014796698092701838, -0.03748692300101228, -0.027404863404021443]
A2: [0.06057714596308669, -0.17655707549278354, 0.08342347860557107, 0.02114566597610634] - [0.029363615646847474, 0.2003659042481851, -0.10164551445395163, -0.1278061492009345] - [-0.09189982261989768, 0.5152282572512779, -0.22408701664408773, -0.19360174023245752] - [-0.024085297333344045, 0.020394254409822926, -0.04843818295397408, 0.05880642456892408]
B1: 0.0010694478955974062 - 0.0003871300202499548 - -0.0016959892269121988 - -0.001338225435769353
B2: -0.0005135109518602902 - -0.0008724093298228288 - -0.001851231385169179 - -0.0010730322878991414
