Number: 7212
Error: 1.379874846403475e-15
A1: [0.08043171989755205, -0.18046777554157037, -0.019588821802476283, 0.11962500694711206] - [0.03741562675334109, 0.13359643289915926, -0.13472613953188406, -0.036285778363723056] - [-0.001702852715933457, 0.2281900828043538, -0.12282841629898882, -0.10365894391860538] - [0.03886327888019088, -0.11448097422610123, -0.0464163969730421, 0.12203427237637167]
A2: [0.0353073527023551, -0.029273566405818914, -0.07569743586334216, 0.06966331317399538] - [0.10289377431176257, 0.2828967251068471, -0.39260637338604387, 0.006816020759519751] - [-0.011186981183696657, 0.5390147102030385, -0.35945090303920285, -0.1683763393738494] - [0.09786281591828044, 0.017463333081033514, -0.16885099479758853, 0.0535248957138312]
B1: -4.05316581497621e-08 - 3.2503446684880606e-08 - 2.75919667059924e-08 - -9.350801706010951e-09
B2: 1.2163626578041492e-08 - 1.0665096647451948e-08 - -3.99353863846036e-08 - 1.913062271246606e-08
