Number: 8752
Error: 1.2981476727749857e-09
A1: [0.0804455190369913, -0.18045397799281446, -0.019575039278182743, 0.11963880445643935] - [0.03740345673404971, 0.13358427214189325, -0.1347382851901275, -0.036297941638272144] - [-0.0016802974473861761, 0.2282126374922699, -0.12280589425710696, -0.10363639474019583] - [0.03888301424295924, -0.11446129431828993, -0.046396674354054854, 0.12205399540318933]
A2: [0.03529022840290149, -0.02929073816823368, -0.07571371749299956, 0.06964539076700706] - [0.10290271409413126, 0.2829057406957037, -0.392597726870007, 0.006825382015113084] - [-0.011166877873468997, 0.539034933227676, -0.35943187472625526, -0.16835515587146282] - [0.09785641827081443, 0.01745690622192689, -0.16885708496239038, 0.05351818027526424]
B1: 3.5698200787515774e-05 - 2.822058719187105e-05 - 2.4318534127701273e-05 - 3.2894707610523264e-05
B2: -7.573328683164311e-06 - 1.0195255864498107e-05 - -1.4906900811914566e-05 - -1.122823676434917e-05
