Number: 8193
Error: 4.907548944012709e-16
A1: [0.08043170336688917, -0.18046779207039235, -0.019588838313427597, 0.11962499041830273] - [0.037415557114844865, 0.13359636331341523, -0.13472620903148402, -0.03628584796356238] - [-0.0017028178345678494, 0.22819011768495784, -0.1228283814687174, -0.10365890904655937] - [0.03886324272572494, -0.11448101027911475, -0.046416433104481805, 0.12203423624436677]
A2: [0.03530761302020162, -0.02927330536794603, -0.07569718835609024, 0.0696635856244876] - [0.10289381737803562, 0.28289676853861573, -0.3926063317328352, 0.006816065856098869] - [-0.011187163537905784, 0.5390145267611471, -0.35945107564157974, -0.16837653152667578] - [0.09786265453048311, 0.017463170959144465, -0.16885114842856772, 0.05352472630945635]
B1: 4.760501268912072e-08 - -2.696410243538418e-09 - -2.888262947307271e-09 - 6.597974214397341e-08
B2: 3.4982381178967217e-08 - 1.8662947851431714e-08 - 2.5566290516570436e-08 - 2.862484601127044e-08
