Number: 7142
Error: 1.2038223291406038e-15
A1: [0.0804316942808649, -0.18046780115535418, -0.01958884738853016, 0.11962498133335246] - [0.03741559991015937, 0.13359640607629558, -0.1347261663215778, -0.03628580519203389] - [-0.0017027285132063669, 0.22819020700442416, -0.12282829227812511, -0.10365881974903149] - [0.03886322350274094, -0.11448102944813662, -0.046416452315197414, 0.12203421703334362]
A2: [0.035307345891432904, -0.029273573235579994, -0.07569744233907248, 0.06966330604562099] - [0.10289375704359309, 0.282896707692122, -0.39260639008759696, 0.006816002677227931] - [-0.011187058499899908, 0.5390146324256818, -0.35945097622069905, -0.16837642084459922] - [0.09786278737437644, 0.017463304407294034, -0.1688510219695434, 0.05352486575203314]
B1: -1.7191911468764935e-08 - 1.0417928344647123e-08 - 2.9148629510572703e-08 - 7.50861621828151e-09
B2: -9.21446569189961e-09 - -1.0102084989331966e-08 - 6.12028342593457e-08 - -1.8232651011088786e-08
