Number: 1056
Error: 4.0166178864278194e-05
A1: [0.010895234474451416, 0.002448710510108601, 0.024011223511025217, 0.03628596459144179] - [0.08016050323075508, 0.20260454700826538, -0.1333030912496965, -0.09510607327522785] - [-0.1437711185931777, 0.4057365435624418, -0.11600240419791819, -0.29919819106648066] - [0.034914289808032156, 0.07382355240388415, 0.04367465804986926, 0.10259505232376318]
A2: [0.1627094111768732, -0.19198994983253545, 0.04862880914771017, 0.1013410610892993] - [0.024294676041517242, 0.19568644111456915, -0.12270480078669417, -0.1301635518593773] - [-0.15482768145577927, 0.4990105337097297, -0.28354893702814954, -0.2945475058718949] - [-0.014157377949195712, -0.01328476925789674, 0.015367235471980725, 0.03735612234913564]
B1: 0.0013538134291753094 - 0.009171334396685738 - -0.005373501418175329 - -0.003889950538121181
B2: 0.003514452113004691 - -0.006416448173455325 - 0.004602257552559356 - -0.005704180094170057
