Number: 8059
Error: 8.520464581601777e-16
A1: [0.08043170746455305, -0.18046778797316562, -0.019588834220613804, 0.11962499451553357] - [0.03741558359308512, 0.13359638977156915, -0.13472618260608088, -0.03628582150004789] - [-0.001702807924907632, 0.22819012759441376, -0.12282837157355293, -0.10365889913953476] - [0.03886324694887438, -0.11448100606780792, -0.046416428884002964, 0.12203424046490552]
A2: [0.03530737094433955, -0.029273548113374268, -0.0756974185191638, 0.06966333226627577] - [0.1028936811659381, 0.28289663117050745, -0.3926064634755026, 0.006815923222297955] - [-0.01118698323589458, 0.5390147081385623, -0.3594509049815002, -0.16837634153648737] - [0.097862791955365, 0.017463309009109296, -0.16885101760874507, 0.0535248705605841]
B1: -3.59214363753547e-08 - 1.2665369095181843e-08 - 3.3633271005178784e-08 - 1.0057935940007973e-08
B2: 1.4704849800863175e-08 - -8.637637804773851e-09 - 9.194906448267409e-09 - 6.957903404406858e-09
