Number: 4934
Error: 1.063734825774353e-15
A1: [0.06621319804321191, -0.11395206371354653, -0.02398393393151035, 0.07172288448361842] - [0.03740262246075669, 0.18819337930786156, -0.14740893662138005, -0.078187000019151] - [-0.06022933472044548, 0.3289508352833439, -0.12775307386474427, -0.14096828658292154] - [0.039046182658056004, -0.05332266374212389, -0.03741856763749757, 0.05169514298842115]
A2: [-0.009108558443802713, -0.3468031670710671, 0.24945510780933824, 0.10645669807253386] - [0.08003981291508197, 0.036282243128178134, -0.050250126305961, -0.0660719736604404] - [-0.0424527767493017, 0.23083193822386797, -0.040531199776638306, -0.14784779173872983] - [0.06813480449685648, -0.29346782389750686, 0.14177126854791133, 0.08356188928859991]
B1: 1.899062080027574e-08 - -2.9096258337745528e-08 - 8.357499057344447e-09 - 1.3144037053088002e-08
B2: 1.843163314099677e-08 - 4.435281923289779e-08 - -2.586980064073579e-08 - -3.4310450680692854e-08
