Number: 3638
Error: 4.2845084106451315e-13
A1: [0.06621630511521061, -0.11394902606602449, -0.023980829299326895, 0.071725986338874] - [0.037402047768097746, 0.18819283022864217, -0.147409501584526, -0.07818756503515308] - [-0.060228281143785846, 0.3289518471936489, -0.1277520428902199, -0.14096726116002353] - [0.039047997338671134, -0.05332094132725259, -0.0374168120062147, 0.05169688437253429]
A2: [-0.009107501538350705, -0.34680204587657815, 0.24945617325866412, 0.10645780615523592] - [0.08004029745007792, 0.03628276511081726, -0.050249596736218684, -0.06607143958655703] - [-0.0424512539983282, 0.23083361881357925, -0.04052956794300022, -0.14784610763024914] - [0.06813656083372574, -0.29346589010442203, 0.14177317258283867, 0.083563858453539]
B1: 7.888992051167026e-08 - 3.728968629777079e-07 - 4.498196229344887e-07 - 1.523544839679224e-08
B2: 1.7999639176995698e-06 - -1.608701611292834e-06 - 4.5684698634893463e-07 - 6.237062094837119e-07
