Number: 7274
Error: 1.0702951545457287e-15
A1: [0.0804316888491923, -0.1804678065864112, -0.019588852813706658, 0.11962497590230065] - [0.037415592130619624, 0.13359639830264508, -0.1347261740856134, -0.036285812967262916] - [-0.0017028179369860297, 0.22819011758255384, -0.12282838157097105, -0.10365890914894331] - [0.038863236314732805, -0.11448101667210088, -0.04641643951136983, 0.12203422983737201]
A2: [0.03530749572528881, -0.02927342298730682, -0.07569729987891481, 0.06966346286295619] - [0.10289369633806497, 0.28289664647138296, -0.3926064488011982, 0.006815939109686295] - [-0.011187143950050037, 0.5390145464658603, -0.35945105710115355, -0.1683765108863746] - [0.09786281235945313, 0.01746332950601813, -0.1688509981853647, 0.05352489197822315]
B1: 1.082952926025276e-08 - -2.5749115751114706e-08 - -2.4147074199007825e-08 - -2.28570796130095e-09
B2: -1.029503557140467e-08 - -1.069752315820391e-08 - -1.0913350656614048e-08 - -1.0790668912361977e-08
