Number: 605
Error: 1.466386622556372e-13
A1: [-0.01215390817761593, -0.01451769838213366, 0.018086714896335707, 0.008582547711004668] - [0.06583518574670123, 0.18949521311333015, -0.1453226216191608, -0.11000861606178391] - [-0.09629176510161892, 0.42178735497493686, -0.05345591290290508, -0.2720342092507589] - [-0.0013220812080449145, -0.018219803586782823, -0.0038357291406397567, 0.02337607209510612]
A2: [0.16158659981869553, -0.16775489197557558, 0.008501215344701428, -0.0023331874397308702] - [0.03548573210716308, 0.2075167302167585, -0.11721041567109675, -0.12579202115650776] - [-0.08621368382891927, 0.5815379854853512, -0.23538886202434406, -0.25993570386095016] - [-0.00383451923714197, -0.004518849191551179, 0.001110700357008908, 0.007243821442040384]
B1: 1.277878503453883e-07 - 3.2204660202273115e-07 - 1.1427139521469912e-07 - 2.3082098857844852e-07
B2: -6.032599096218151e-07 - -1.7106695881376026e-07 - 1.2774455924634185e-06 - -4.483896605311807e-07
