Number: 2374
Error: 3.401390655798457e-06
A1: [0.062235301542458016, -0.04997893100762179, -0.025746167658749486, 0.006334543688822021] - [0.043265695608689286, 0.19081518560540853, -0.14332936999563659, -0.092914719172502] - [-0.13017364395887138, 0.4087056256220997, -0.11104076630646711, -0.1937189314705772] - [0.028703481919910324, 0.011192387039904491, -0.040857460686254295, -0.031272678165036906]
A2: [0.09128690634080518, -0.1456633481926155, 0.1142876906622506, 0.05131189240062911] - [0.02911767511337748, 0.2001079975576547, -0.10190096533132899, -0.1280609714898384] - [-0.08714113402148496, 0.5205747280111817, -0.21861019146888788, -0.18828805383079114] - [-0.01573241449440184, 0.028970833145517905, -0.039558517214573076, 0.0670857871256683]
B1: 0.0022701193075990375 - 0.0002760617898362747 - -0.0005349969613614373 - -0.004717054101734901
B2: -0.00018689806429178848 - -0.003578141347335864 - -0.0015934728014103598 - -0.002508587163472287
