Number: 4238
Error: 9.826329939992964e-16
A1: [0.06621319995225705, -0.11395206184718062, -0.023983932023963896, 0.0717228863894667] - [0.03740260293963486, 0.18819336065673217, -0.14740895581215172, -0.07818701921160252] - [-0.06022944677373901, 0.3289507276623094, -0.12775318351351053, -0.14096839564213204] - [0.039046282057435225, -0.05332256939608527, -0.03741847147202532, 0.05169523837308232]
A2: [-0.009108429649869753, -0.34680303044082283, 0.24945523764543562, 0.1064568331059709] - [0.08003983729752759, 0.03628226939499736, -0.050250099657459545, -0.06607194678562647] - [-0.042452821261156494, 0.23083188909786498, -0.04053124747742273, -0.14784784096709852] - [0.06813485200937748, -0.2934677715840701, 0.14177132005631335, 0.0835619425590091]
B1: -4.400841587974118e-08 - 2.2441265282308118e-08 - -1.3077633978833853e-08 - 1.399176103971939e-08
B2: -3.9678698424080304e-08 - -5.307850007363658e-08 - 1.0951413830239165e-08 - 4.94464907938591e-08
