Number: 457
Error: 3.1337477537656008e-12
A1: [-0.012158553475906598, -0.014522469502033132, 0.018081580543766667, 0.008577583743576079] - [0.0658298699686023, 0.1894900995634, -0.145328117662674, -0.11001453465349748] - [-0.09630290412566413, 0.4217765894517508, -0.05346799992311496, -0.2720471866775876] - [-0.0013316611285671407, -0.01822901657810909, -0.0038459264796950666, 0.023364999403407014]
A2: [0.16158352620911465, -0.16775790776231836, 0.008498203812306525, -0.002336183648670413] - [0.03548626827504077, 0.20751725777950045, -0.1172098817428268, -0.12579149663891376] - [-0.08621185344234115, 0.5815397783717123, -0.2353870809622913, -0.2599339189311381] - [-0.003834652495667116, -0.004518980210940319, 0.0011105685122163452, 0.007243694000785394]
B1: -1.3262614372224722e-06 - -7.678246663444978e-07 - 3.526942092999303e-07 - 2.2351013296141844e-07
B2: 1.1464775762821885e-06 - -5.3916885409751585e-06 - -1.353864764787622e-06 - -1.8406334548447996e-07
