Number: 1360
Error: 1.0756017967452898e-09
A1: [-0.007378503992649431, -0.015186506609278925, 0.002798693366476691, 0.019258617678147565] - [0.066870564061508, 0.189926585508262, -0.14668987698915473, -0.10981356874631482] - [-0.11259485054082369, 0.44177605368899053, -0.07079931790877149, -0.2581101020806328] - [-0.023475494631855633, 0.01523985370735123, -0.030043003715789017, 0.03879954518855685]
A2: [0.13157718923680867, -0.22463735137624916, 0.022657866664761755, 0.07015178225043908] - [0.032674180070384834, 0.2037766941463479, -0.11486052792098664, -0.12143017151594211] - [-0.09448287933501325, 0.5556777354170502, -0.23506471861570238, -0.22549766221050402] - [-0.020983325615864933, -0.01942967077069616, 0.007963356701333737, 0.032031795541373725]
B1: 1.3857231792317328e-05 - -0.00021734084810015873 - 9.550405888560439e-05 - -8.189527614811879e-06
B2: -0.00012173767488889574 - -3.710010462057419e-05 - -4.8441512990513884e-05 - -1.9445715530556136e-05
