Number: 6252
Error: 7.594195930752292e-16
A1: [0.08043165925075749, -0.18046783618149081, -0.019588882376752836, 0.11962494630724815] - [0.03741556016248407, 0.13359636635870506, -0.1347262059900576, -0.036285844917688784] - [-0.0017028319410044956, 0.22819010357883615, -0.12282839555449278, -0.10365892314922648] - [0.03886321391545145, -0.11448103900851823, -0.04641646189637728, 0.12203420745201664]
A2: [0.03530743595458574, -0.02927348292332923, -0.07569735670814548, 0.06966340030645442] - [0.10289371806228258, 0.2828966683799668, -0.39260642778980853, 0.006815961858079896] - [-0.011187147535394498, 0.5390145428591404, -0.3594510604947224, -0.16837651466441791] - [0.09786278784025677, 0.017463304875293125, -0.168851021526043, 0.05352486624104164]
B1: 7.806660671408864e-09 - -7.211784380831699e-09 - -1.957076876571719e-09 - -3.2255510336811607e-09
B2: -6.79732724385752e-09 - -4.390717100217847e-09 - 4.357163691940516e-09 - 1.675045535083173e-12
