Number: 1152
Error: 1.8115936218676452e-07
A1: [-0.0092806691734717, -0.01707812985254031, 0.0008401803517476211, 0.01729677100006425] - [0.06890927998113655, 0.19188092281599614, -0.14458389302978647, -0.10753623209202846] - [-0.11423259175983196, 0.44021285917164926, -0.07249058109560612, -0.2598834298272136] - [-0.028653814846875268, 0.01017573992877076, -0.035262062288195686, 0.03335069458983026]
A2: [0.12667474909042015, -0.22947963060833632, 0.017847697351876423, 0.06537413007521539] - [0.035220576767750214, 0.20629617850352977, -0.11232381136029146, -0.11894391084441301] - [-0.10064031764089937, 0.5496039456722249, -0.24109472052289405, -0.23156125159285526] - [-0.027574563717080402, -0.025969433284834798, 0.0014262088920873757, 0.02569292649876099]
B1: -0.00011995225549904596 - 0.0022110123626075087 - -0.00010388190863732887 - 0.00044026948954116907
B2: 0.0006842834752957251 - 0.0013776541977668802 - 0.00021787794953526682 - -3.2675976539965125e-05
