Number: 3996
Error: 9.958416412851056e-16
A1: [0.06621317891331685, -0.11395208241596964, -0.023983953046391407, 0.0717228653858353] - [0.037402613828788046, 0.18819337106058048, -0.14740894510728503, -0.07818700850578131] - [-0.060229430952763514, 0.32895074285748493, -0.12775316803202755, -0.14096838024393574] - [0.03904622620568736, -0.053322622408502836, -0.03741852550675347, 0.05169518477710067]
A2: [-0.009108662478411394, -0.3468032774355497, 0.24945500293307638, 0.10645658899792071] - [0.08003976092258962, 0.03628218711729499, -0.05025018313093593, -0.06607203096790115] - [-0.0424528510811028, 0.23083185618671564, -0.04053127943365871, -0.14784787394685] - [0.06813471032210945, -0.2934679275879783, 0.14177116645361573, 0.08356178370135185]
B1: 1.665959716788737e-08 - -1.7987716834235908e-08 - 2.5518013568501913e-08 - 4.3040603786688825e-09
B2: -5.625755493875356e-09 - -2.532106028859173e-08 - 1.8900802463188613e-08 - 1.8186381773865084e-08
