Number: 7347
Error: 1.151130994471299e-15
A1: [0.08043166413293883, -0.18046783129986782, -0.01958887750040916, 0.11962495118886952] - [0.03741558113545111, 0.13359638731579684, -0.13472618505887532, -0.036285823956341064] - [-0.0017028523933687565, 0.228190083126903, -0.12282841597690719, -0.10365894359613105] - [0.038863222048400876, -0.11448103089839924, -0.046416453768614384, 0.12203421557990571]
A2: [0.035307382347182156, -0.029273536678998492, -0.07569740767742351, 0.0696633442005215] - [0.10289370614625286, 0.2828966563628134, -0.3926064393148458, 0.006815949380291633] - [-0.011187097768683353, 0.5390145929226765, -0.3594510133894655, -0.16837646222347602] - [0.09786278363872558, 0.017463300654651064, -0.16885102552565137, 0.05352486183082377]
B1: -1.5082509347442657e-08 - -9.385696446875063e-09 - 6.472615131478081e-09 - -4.416778390947738e-09
B2: -9.042076451809515e-09 - 1.2173729619742525e-09 - -1.6660741614622197e-08 - 5.428323022327338e-10
