Number: 9110
Error: 4.1115789985875986e-05
A1: [0.036037165064881305, -0.16558239125226867, -0.04380337779389353, 0.10424930126321161] - [-0.009828719188269401, 0.11572519505811213, -0.128582170556096, -0.03758401726714411] - [-0.012172411506025107, 0.22582900422692728, -0.12412744309211596, -0.07843191678266141] - [0.009159289692331676, -0.11802820850569327, -0.06682434605573845, 0.10439363139093737]
A2: [0.07734309183862083, -0.08446175240070615, -0.13456392611342807, 0.09563734600173952] - [0.11881300904330991, 0.25962585798865856, -0.39489996434209307, 0.05623435954975067] - [0.061142826856216276, 0.4874333103958826, -0.3531049923409515, -0.0967076984083926] - [0.1630771153958939, -0.025086515646758054, -0.18236132339679195, 0.12240722206974453]
B1: -0.0018854825365903418 - 0.004321287612462121 - -0.00040881454285181685 - 0.006344436053768146
B2: 0.0013753856980042527 - -0.005921036023977691 - -0.006243508461840229 - -0.002241913312299184
