Number: 3625
Error: 2.058486145458786e-13
A1: [0.06621572746669127, -0.11394959080377942, -0.02398140650041475, 0.0717254096606893] - [0.03740489757963025, 0.18819555303228486, -0.14740669999934786, -0.0781847632039392] - [-0.0602269604097487, 0.328953115695491, -0.1277507504861332, -0.14096597572055267] - [0.03904554750822683, -0.05332326661805176, -0.03741918214292394, 0.051694533482511296]
A2: [-0.009102643444281558, -0.3467968921995754, 0.24946107066352913, 0.10646289959101685] - [0.08003881250115162, 0.03628116539963834, -0.05025121970103401, -0.06607307632920592] - [-0.04245283957469766, 0.23083186886644344, -0.04053126712142195, -0.1478478612217551] - [0.06813910189856741, -0.2934630922816643, 0.14177592735162473, 0.08356670746089213]
B1: 3.0004643127198965e-07 - 7.840844591251739e-07 - 5.579733768498901e-07 - 5.407162400934053e-07
B2: 1.5804776988703462e-06 - -2.4358459726315723e-06 - 1.3715570392742373e-06 - 2.574106402537646e-06
