Number: 1720
Error: 1.5913707847373186e-07
A1: [-0.0076332350909513085, -0.015453923909923811, 0.0025341213031173627, 0.018982410675884628] - [0.06643337676168144, 0.18950638768942182, -0.14714225548475857, -0.11030050975924932] - [-0.1146724682442726, 0.43971698270515647, -0.07297268138619666, -0.26036640441788605] - [-0.025860011057457926, 0.012878975671301885, -0.0324783135459843, 0.03627175998386466]
A2: [0.1326079471291029, -0.22360111853414313, 0.02367799408227532, 0.07115677725765931] - [0.0337200432591614, 0.2048068173346947, -0.1138188139170808, -0.12040286969981465] - [-0.09394260185456864, 0.556232396311256, -0.23452491180699062, -0.22496909694870937] - [-0.02000312588334345, -0.018448564780905626, 0.008940923388327169, 0.032972218946060596]
B1: 0.0003504409259448665 - 0.0007224752147691572 - 6.21934265367181e-06 - 0.0003404667509911959
B2: 0.00044725606051844446 - -0.0002526969949621066 - -0.00010550716331675239 - 0.00013471688475892238
