Number: 6570
Error: 9.808009498142462e-16
A1: [0.08043168206718666, -0.18046781336764992, -0.01958885958760667, 0.11962496912106867] - [0.03741557018745299, 0.1335963763760825, -0.134726195985064, -0.0362858348982762] - [-0.0017027891353088391, 0.2281901463836162, -0.12282835281147066, -0.10365888035495725] - [0.03886320420553936, -0.1144810486911838, -0.046416471600101, 0.1220341977481367]
A2: [0.03530743258605743, -0.029273486301172044, -0.07569735991090397, 0.069663396780926] - [0.10289373546809734, 0.28289668593350764, -0.39260641095513676, 0.006815980084523895] - [-0.011187109194142147, 0.5390145814290833, -0.35945102420391967, -0.1683764742628647] - [0.09786279871915327, 0.017463315803675293, -0.1688510111700466, 0.053524877660352924]
B1: -1.4206014785242345e-09 - -1.511700690669776e-09 - -1.5536765644669942e-09 - -2.6774758483260467e-09
B2: -2.427917028820858e-09 - -1.3151529400065651e-08 - 2.592721312533482e-08 - -1.8127027636713432e-08
