Number: 3002
Error: 5.604447805987766e-09
A1: [0.06327159767816253, -0.04803243213003555, -0.023603821365410133, 0.007692360456855862] - [0.04335389481123943, 0.1909737790429926, -0.14288043411009885, -0.09284869311642956] - [-0.12371592055013217, 0.4145970339357321, -0.10512631796327115, -0.18733699756168035] - [0.03621814170212307, 0.01838384409136801, -0.03391748970504432, -0.023833829287735295]
A2: [0.06338681291785232, -0.173742434965941, 0.08627166199629695, 0.023902285643062543] - [0.029307700910244896, 0.20031624065039014, -0.10169280596947897, -0.12785643173400113] - [-0.09325813853999516, 0.5138297074390942, -0.22545317116892352, -0.19494923330762556] - [-0.025845818336458118, 0.018596234797370003, -0.0502109718820457, 0.05705700558723049]
B1: -8.552391259294987e-05 - 0.00014087545290139883 - -0.00019632514880967255 - -0.0002726350460346546
B2: -7.73410329632611e-05 - 3.444740632215504e-05 - -0.00031245548764523767 - 4.297695060141512e-06
