Number: 7680
Error: 8.444635566753906e-16
A1: [0.08043168432505987, -0.1804678111100393, -0.019588857332426265, 0.1196249713786879] - [0.037415593139299604, 0.1335963993105554, -0.13472617307893298, -0.0362858119591376] - [-0.0017028315481697732, 0.2281901039716553, -0.12282839516222613, -0.10365892275649241] - [0.03886323346407624, -0.11448101951476536, -0.04641644236020335, 0.12203422698849015]
A2: [0.03530745321849103, -0.029273465611662813, -0.07569734029384656, 0.06966341837499643] - [0.1028936460087082, 0.28289659571489134, -0.39260649747912924, 0.006815886407555973] - [-0.011187094007703319, 0.5390145967060933, -0.35945100982960365, -0.16837645826040473] - [0.09786277605717478, 0.017463293038621607, -0.16885103274280663, 0.05352485387268159]
B1: -4.660313676432145e-08 - -4.965840327762929e-08 - 3.577951794633991e-08 - 5.761970187300252e-09
B2: -1.4064678796288438e-08 - -2.556100275806625e-08 - -1.2677696883671607e-08 - -1.4638029039976641e-08
