Number: 3327
Error: 7.055688175861249e-07
A1: [0.06193096831176144, -0.1181732533800318, -0.028413743111843935, 0.06735383467739059] - [0.03448933784925817, 0.18537757143237404, -0.15025839145045447, -0.08104207226854171] - [-0.06584910641630246, 0.32370166591533667, -0.1330338813895059, -0.14628145997573605] - [0.04199199788406901, -0.05053849607987834, -0.03462641947891636, 0.05446719876502064]
A2: [-0.01065372280037628, -0.3483709924590132, 0.24812983311416906, 0.10492717518999642] - [0.08212132851821939, 0.038573986152465385, -0.04800453064463072, -0.06376472629530754] - [-0.04305088767975973, 0.22999486797115817, -0.04132384368647229, -0.14862610852296795] - [0.07008356216613548, -0.2914199942945652, 0.14381193478629656, 0.0857013330921318]
B1: -0.0006559447631727237 - -0.0010560731681859288 - 0.0022597581539460622 - 0.0006209271917021102
B2: -0.0017583069483195792 - 0.002816605986451713 - 0.00015361308887987366 - -0.002149390327771674
