Number: 8160
Error: 1.2684319421486842e-15
A1: [0.08043165669668825, -0.1804678387353031, -0.019588884927815103, 0.11962494375344347] - [0.03741565881380989, 0.13359646493540364, -0.13472610753516817, -0.036285746320948414] - [-0.0017028195105051318, 0.2281901160090578, -0.12282838314219771, -0.10365891072204628] - [0.038863231656915465, -0.1144810213168584, -0.04641644416623195, 0.12203422518244321]
A2: [0.03530734736156929, -0.02927357176132731, -0.07569744094140622, 0.06966330758441379] - [0.10289371703453434, 0.28289666734351143, -0.39260642878384255, 0.006815960781920843] - [-0.011187038733833591, 0.5390146523095929, -0.35945095751158496, -0.16837640001652301] - [0.0978628928873847, 0.017463410400209243, -0.16885092152783612, 0.053524976506162884]
B1: -2.369701644499755e-08 - 6.8465459202225055e-09 - 1.624250887723282e-08 - -1.8576543583708666e-08
B2: -3.1737872876891165e-08 - 3.1175108490023245e-08 - -8.567905379991974e-09 - -1.0241560864538281e-08
