Number: 6943
Error: 8.907079104083856e-16
A1: [0.08043167053445281, -0.18046782489907623, -0.019588871106548146, 0.1196249575896529] - [0.03741558834619215, 0.13359639452107813, -0.1347261778625055, -0.03628581674959635] - [-0.0017028095480716501, 0.22819012597128469, -0.12282837319434502, -0.1036589007622725] - [0.03886323891974632, -0.11448101407439726, -0.0464164369080153, 0.12203423244076728]
A2: [0.03530747228684807, -0.02927344649057275, -0.07569732216389556, 0.06966343833211087] - [0.10289380679944911, 0.28289675787025886, -0.39260634196438504, 0.006816054778877442] - [-0.011187244160172307, 0.5390144456580283, -0.35945115195220495, -0.16837661648129487] - [0.09786281068548558, 0.017463327824437432, -0.16885099977887194, 0.05352489022110553]
B1: 4.1164005906593295e-08 - 3.0039582816889856e-09 - -3.114776996420736e-08 - 1.2087438145055276e-08
B2: -8.437111841112222e-09 - 1.3106794424734732e-08 - 1.582852281385494e-08 - 5.654239316114995e-09
