Number: 5048
Error: 7.632707742646377e-16
A1: [0.0662132388919215, -0.11395202377765092, -0.023983893114852346, 0.07172292526377883] - [0.0374025832442248, 0.18819334183911915, -0.14740897517423476, -0.07818703857541778] - [-0.06022942510144811, 0.32895074847724154, -0.12775316230633904, -0.14096837454883496] - [0.039046179717675614, -0.05332266653299234, -0.037418570482189766, 0.05169514016682636]
A2: [-0.009108428678335433, -0.3468030294104726, 0.24945523862470065, 0.10645683412434179] - [0.08003983430902854, 0.03628226617557126, -0.05025010292361473, -0.066071950079555] - [-0.04245279387921772, 0.23083191931826105, -0.04053121813372631, -0.1478478106837303] - [0.06813480304093711, -0.29346782550054684, 0.14177126696953046, 0.08356188765623841]
B1: 4.575920293013159e-08 - -7.61127897175476e-09 - -9.137684166579346e-10 - 4.811034661258567e-09
B2: 4.134065817862643e-08 - 3.873835012889535e-08 - -9.977057856367245e-08 - 7.95867346535398e-08
