Number: 5656
Error: 0.00010245245171498854
A1: [0.05832696234440162, -0.12160151926245982, -0.031843685627809176, 0.06384190561435488] - [0.03463946131531428, 0.1856105783746067, -0.15010479337824453, -0.08089058966846062] - [-0.08921352189774796, 0.3010898237855534, -0.15613315578527248, -0.16920756003910087] - [0.0338465661523999, -0.05806007713344039, -0.04237484948169016, 0.046675793588462286]
A2: [-0.004154692166522438, -0.341561857806792, 0.2541355026526998, 0.11199204157243221] - [0.08850228855987007, 0.04540498030593837, -0.041113864880050095, -0.0566463592414595] - [-0.03548874576989933, 0.23851223834657523, -0.033307386409703384, -0.13990617764787436] - [0.08159901023816157, -0.278656626829293, 0.1561039915615394, 0.09904671668521095]
B1: 0.007739608890348146 - 0.004809390537665903 - 0.006237642815014254 - 0.004166153714973205
B2: -0.004395278939159383 - -0.0009151460635476658 - -0.0005941958719855936 - -0.008264540881386874
