Number: 2313
Error: 0.00014568253813743406
A1: [0.030344468972356105, -0.08233833198753206, -0.06205437633841229, -0.025186299158317507] - [0.007202319649848495, 0.15619100326030125, -0.18024609830523017, -0.13121021967726185] - [-0.15414223426436224, 0.387882449900336, -0.1337738671106703, -0.21355704099141704] - [0.012636181529830256, -0.0014777459242683831, -0.05331814641048929, -0.04338438004603423]
A2: [0.12045736877667362, -0.11748126194644737, 0.14622484116916715, 0.08133132552196078] - [0.0478651746932479, 0.21751117640512246, -0.08341769686404195, -0.11009747093194923] - [-0.07879941418889874, 0.5238065389036691, -0.21244146816199758, -0.18404705174694405] - [0.056122986612853976, 0.09942707361912113, 0.03268366796975591, 0.13784876534650337]
B1: -0.016982133476975497 - 0.02234677052096047 - 0.011281258699408124 - -0.01543390864155351
B2: -0.009873021365332895 - 0.008211929633145215 - -0.011563413679949128 - -0.01123610788148844
