Number: 4585
Error: 1.3027240477219447e-15
A1: [0.06621314627087971, -0.113952114328981, -0.02398398566323964, 0.07172283279814531] - [0.037402527379915194, 0.18819328846453384, -0.14740903009315579, -0.07818709349919921] - [-0.0602293747627575, 0.32895079682489836, -0.12775311304783604, -0.14096832555525704] - [0.03904609973860202, -0.05332274244623546, -0.037418647859405414, 0.05169506341791008]
A2: [-0.009108561007974268, -0.3468031697912369, 0.24945510522443554, 0.10645669538409205] - [0.08003980990623112, 0.03628223988675862, -0.050250129594533705, -0.06607197697691679] - [-0.04245290498283231, 0.2308317966975808, -0.04053133719665633, -0.1478479335599194] - [0.06813493951764693, -0.29346767523388967, 0.14177141492332385, 0.08356204067170475]
B1: -2.046497172614314e-08 - -2.3381801425388387e-08 - -4.660545205236101e-08 - 5.096303228953466e-08
B2: 8.58138502945998e-09 - -1.35436156160798e-08 - -3.02102167482651e-08 - 3.7056112591687863e-09
