Number: 47
Error: 0.0011663465952962472
A1: [-0.028197091276272453, -0.03154737037128124, 0.0014346595596616907, -0.006020205609531341] - [0.12482548054213669, 0.2537841279526132, -0.09019852420023136, -0.06894454836213658] - [-0.16523165499620218, 0.354822532643505, -0.12718217017339206, -0.342898281218437] - [-0.019335483321075327, -0.030961787430242808, -0.022641199452498522, 0.001436109116506555]
A2: [0.381727333410695, 0.049626136014315564, 0.22132141545707518, 0.2111735493877354] - [0.12473139149934082, 0.293091736574092, -0.0349647146893732, -0.04394935983202955] - [0.16491628938773462, 0.8318090586695202, 0.007731714915390023, -0.014625552658855068] - [0.4664834394891967, 0.4652656333064964, 0.4666214196245629, 0.45832540351458007]
B1: 0.03462670633834248 - 0.42283960122875397 - -0.036885460547755294 - -0.05171778230420115
B2: 0.02158732100663979 - 0.4500116024078875 - -0.0032481570232646183 - 0.0003158035952482525
