Number: 3078
Error: 1.088199201968644e-06
A1: [0.06166419657518905, -0.04963145141258035, -0.025197901696306077, 0.006091070490071975] - [0.042810269444887056, 0.19045527071958032, -0.1434343234865281, -0.09344230957880922] - [-0.1251312779475504, 0.41319755426089455, -0.10654255707689922, -0.18874311479792313] - [0.034599513369985284, 0.016760686786344983, -0.03554173425062467, -0.02545863908011972]
A2: [0.06037908812315855, -0.17672175712477473, 0.08327071517281512, 0.020929072369593606] - [0.030370352736002464, 0.2013656705108019, -0.10063526796187529, -0.12681649224261896] - [-0.09516589619326035, 0.5119619038947012, -0.2273625427877334, -0.19679550612633806] - [-0.028117559552521456, 0.01633971399749502, -0.05248713839074246, 0.05484917420048219]
B1: 0.0001451704989699274 - 0.00040173791911347814 - -0.0001931850733759142 - -9.696680300402846e-05
B2: 0.0011342573640151202 - 0.00017423659377966793 - 0.0012921018686367944 - 0.0010868834337569462
