Number: 5036
Error: 9.704030876340478e-16
A1: [0.06621320645451353, -0.11395205549020121, -0.02398392552680547, 0.07172289288080802] - [0.03740264645102953, 0.18819340222895106, -0.1474089130370948, -0.0781869764327815] - [-0.0602294552212962, 0.32895071954877914, -0.12775319177984248, -0.14096840386382245] - [0.03904621415981544, -0.053322633841789806, -0.037418537160559304, 0.05169517321790048]
A2: [-0.009108571841090573, -0.3468031812834553, 0.24945509430366164, 0.10645668402625497] - [0.08003982144249694, 0.03628225231464264, -0.05025011698598687, -0.06607196426133218] - [-0.042452805393175384, 0.23083190661077693, -0.04053123047251195, -0.14784782341769923] - [0.0681347852029324, -0.29346784514091384, 0.14177124763146304, 0.08356186765660321]
B1: -1.963161323321944e-08 - -1.4329492390695502e-08 - -1.2488318644228081e-08 - -1.3124170701688188e-08
B2: 1.003822399271067e-08 - -2.420218721618495e-08 - -5.458455808798169e-09 - -3.2409326938977322e-09
