Number: 2414
Error: 2.500017569521035e-06
A1: [0.06882101913608782, -0.043064667752308224, -0.018654069490867297, 0.012829668303837204] - [0.03371211221466892, 0.1815322084284617, -0.15305351163609865, -0.10341578946253861] - [-0.13387752301414851, 0.4049025015696853, -0.11546626877808479, -0.19746944477451683] - [0.029461184510428076, 0.0120164931326423, -0.04056669286731627, -0.030322495143073825]
A2: [0.057570980269265735, -0.17930677207565712, 0.08102180393048238, 0.01859627617856116] - [0.02771369118689627, 0.1987787176432524, -0.10333207429112948, -0.12947481531830599] - [-0.10116119394161013, 0.5065307089846713, -0.2325643902726557, -0.20205499802834914] - [-0.025162191309785576, 0.019371681513167455, -0.04891562813776413, 0.05789072050983748]
B1: -0.003933570243071361 - -0.001186613817462376 - -0.0007856712582706743 - -0.0011981705209714705
B2: -0.0034283885207868157 - -0.002728488460885705 - 0.002738271325340946 - -0.0005785412972661362
