Number: 3224
Error: 0.005804621603291074
A1: [0.3222846307453524, 0.18978158815036467, 0.23126737673351033, 0.32824459815157353] - [-0.24388083475288197, -0.08979096558771522, -0.4259575362367476, -0.34821767047094176] - [-0.1318901554813815, 0.35898867675407414, -0.1396562621359117, -0.14441285091442777] - [-0.133354944333543, -0.16360462929108305, -0.18055644430591875, -0.08071093226046441]
A2: [0.20996181416090914, -0.2233480203723387, 0.3706672838041434, 0.16515851252750105] - [-0.33217063675252956, -0.19060203963120181, -0.32256834119013356, -0.3895984135928464] - [-0.24658355347365102, 0.1800288926625449, -0.25336745116238524, -0.3690524745836623] - [-0.261972552916533, -0.41459546689212556, -0.18434492619237375, -0.24031032099792307]
B1: -0.13626021049341933 - -0.3951534337326919 - -0.21199401612897834 - -0.1978958122552679
B2: -0.13098402986166108 - -0.3490075922042175 - -0.06507220871614433 - -0.13325837068569354
