Number: 6478
Error: 9.578931260468897e-16
A1: [0.08043169100773231, -0.1804678044281167, -0.01958885065775129, 0.11962497806059325] - [0.03741559399380462, 0.13359640016441607, -0.1347261722261471, -0.03628581110511184] - [-0.0017028150224238621, 0.2281901204970532, -0.1228283786606828, -0.10365890623516355] - [0.03886323426156779, -0.11448101871950411, -0.04641644156322467, 0.1220342277854849]
A2: [0.03530744927726318, -0.029273469563800548, -0.07569734404112463, 0.06966341425008953] - [0.10289373869324644, 0.2828966891860291, -0.3926064078358153, 0.0068159834617273945] - [-0.011187090211162102, 0.5390146005252893, -0.3594510062361234, -0.1683764542598276] - [0.09786280667175726, 0.017463323792453144, -0.1688510035996853, 0.05352488600800142]
B1: -3.785242075690207e-09 - 2.7107277719917488e-11 - -3.0396336961944565e-09 - -6.129510369485602e-11
B2: -1.5830864921993356e-09 - -3.3292073043005553e-09 - 7.865549467930171e-10 - -3.902711163275366e-09
