Number: 4816
Error: 8.278811718005576e-16
A1: [0.06621318931100782, -0.11395207225063572, -0.02398394265687686, 0.07172287576604734] - [0.03740261481017549, 0.18819337199824152, -0.14740894414249262, -0.0781870075409296] - [-0.06022939114576876, 0.3289507810898773, -0.12775312907928435, -0.14096834150048507] - [0.0390463267351204, -0.05332252698951755, -0.03741842824771672, 0.051695281246409784]
A2: [-0.009108539655979067, -0.34680314714016003, 0.2494551267491435, 0.10645671777045934] - [0.08003987105032705, 0.036282305756437504, -0.05025006276752133, -0.06607190958248191] - [-0.042452755695420646, 0.23083196146019558, -0.04053117721450969, -0.14784776845393693] - [0.06813473174092444, -0.2934679040048134, 0.14177118967357272, 0.08356180771595664]
B1: 3.56456183104456e-08 - 2.111645696111672e-08 - -1.3594584307201985e-08 - -5.2793284281680846e-08
B2: -1.6049386454632356e-08 - -1.738236244136515e-08 - -2.381743333335548e-08 - 4.745396813895391e-08
