Number: 9625
Error: 2.0111495152203708e-14
A1: [0.05317305930707473, -0.1480007616254967, -0.02699853871757103, 0.1218283313938008] - [0.005313852543047037, 0.13083682713160488, -0.1136006110691538, -0.022549630461989472] - [-0.014444369420753386, 0.22309172802404803, -0.12704107252680027, -0.08160582580345037] - [0.027146371223744258, -0.10002012691211268, -0.04942459746097304, 0.1222980313049963]
A2: [0.08925519956736071, -0.07291263374873737, -0.12362669916524517, 0.10728713044186522] - [0.10884274108150266, 0.24981519357134263, -0.4048442973021158, 0.04619050940242262] - [0.03663654232977181, 0.4625557266424018, -0.3777168545261579, -0.12147265077954418] - [0.14342748416693402, -0.04460557627271442, -0.20149850930412466, 0.10268092905125668]
B1: 1.6540957877295044e-07 - 1.1559865037868399e-07 - 6.146560523342746e-08 - 3.123021212377666e-08
B2: 2.734545222352276e-07 - 8.919967378954414e-08 - 4.069000995346016e-08 - 3.106835598702085e-08
