Number: 5661
Error: 7.896849009722092e-05
A1: [0.06600068259485224, -0.11403923518904469, -0.024167119911839906, 0.07143746380683921] - [0.027483439454892653, 0.178846591895583, -0.15711732698849518, -0.08793397738630625] - [-0.04164503092177854, 0.3463777195402757, -0.10984063672677064, -0.12358350678176959] - [0.05052707668497324, -0.041934371068389875, -0.026120668234997254, 0.06274697048339847]
A2: [-0.02247904145341108, -0.3611804077185867, 0.2361023042301569, 0.09304786988593458] - [0.08936801521500508, 0.046310396622090244, -0.04006962368151592, -0.055616698334780265] - [-0.041854962445127875, 0.2313778534803904, -0.0398808208698604, -0.14674242445975888] - [0.08518615297098003, -0.27477866548701957, 0.16012648752533357, 0.1033048459975962]
B1: 0.0009348316613065916 - -0.007047208996434401 - -0.002862994142313417 - -0.009066175978094951
B2: 0.0019764996814550777 - -0.0012588526058018397 - 0.011294307917034292 - 0.0009521735221237268
