Number: 4364
Error: 7.595288290340631e-16
A1: [0.06621304338509548, -0.11395221491561384, -0.023984088468272952, 0.07172273008505364] - [0.03740266139979653, 0.18819341651144963, -0.14740889834132662, -0.07818696173570816] - [-0.06022947443953614, 0.3289507010907743, -0.12775321058567563, -0.14096842256866843] - [0.039046190522070603, -0.053322656277940424, -0.03741856002939515, 0.051695150534805334]
A2: [-0.009108426189218054, -0.34680302676963387, 0.24945524113407358, 0.10645683673421286] - [0.08003985374166238, 0.03628228711005006, -0.050250081684952264, -0.06607192866048481] - [-0.04245270641516576, 0.23083201584898963, -0.040531124403930315, -0.14784771395176202] - [0.06813466234483545, -0.29346798041292166, 0.14177111444172183, 0.08356172991010999]
B1: -6.022257055829559e-08 - 1.6420115951292973e-08 - 2.2801156726309524e-08 - -5.184493128942845e-08
B2: 2.7687097402189246e-08 - 4.401775639372796e-08 - -9.198178175318508e-09 - -1.273496885230703e-07
