Number: 105
Error: 0.00043118860254050663
A1: [-0.05725232780972683, -0.06191283663872493, -0.031425046372918895, -0.038832837518027755] - [0.12201400878333761, 0.2457966566223547, -0.08910817488476007, -0.05057230906709929] - [-0.14864649438741795, 0.3724244163294242, -0.10996776660638002, -0.3328707525140308] - [-0.05271792707083099, -0.06616282806901008, -0.057686609150071545, -0.03557645021153902]
A2: [0.23978187539909937, -0.0917049546686215, 0.08510027330016061, 0.0735017640156808] - [0.06826508557634442, 0.2373408470789809, -0.08741606784503844, -0.09637144845695234] - [-0.0062713477088684145, 0.6608552293778557, -0.15781383670903637, -0.18252767126330802] - [0.12455674309139661, 0.12434930986501996, 0.12850918659736205, 0.1301727143088277]
B1: -0.0015666608002761857 - 0.27238318582762605 - 0.000199217343422123 - -0.012941012161189251
B2: -0.005672627994289306 - 0.28270477388128434 - -0.006355976940356351 - -0.006097184712599036
