Number: 8558
Error: 1.2706891789841758e-15
A1: [0.08043165888789743, -0.18046783654428855, -0.019588882739193708, 0.11962494594444102] - [0.03741552113900563, 0.13359632736482138, -0.13472624493555518, -0.03628588391943382] - [-0.001702781415624895, 0.22819015410311946, -0.12282834510309554, -0.10365887263732704] - [0.03886321979473454, -0.11448103314566373, -0.04641645602082348, 0.12203421332769573]
A2: [0.035307258219444033, -0.029273661150000886, -0.07569752569692453, 0.0696632142877785] - [0.1028937139302949, 0.28289666421296444, -0.3926064317862137, 0.006815957531335042] - [-0.011187195848321873, 0.5390144942580559, -0.3594511062242617, -0.16837656557309857] - [0.09786269780406369, 0.017463214429554053, -0.16885110723492783, 0.05352477173261164]
B1: -2.566275954861394e-08 - -1.3364806672038493e-10 - -5.508952306284491e-09 - -7.203272492532727e-10
B2: 3.345589739689938e-08 - -3.833991850479228e-08 - 2.0479540176955295e-08 - 2.7860229313416937e-08
