Number: 2741
Error: 1.1348057192050679e-08
A1: [0.0635838184485237, -0.04772379211347013, -0.023295977799879703, 0.008003645197524629] - [0.043852377647514824, 0.19145467559513288, -0.1423682216390871, -0.09230262430428307] - [-0.12408355179505597, 0.4142255756541621, -0.1054981682415502, -0.1877092114578193] - [0.03705488324858757, 0.019219155841701432, -0.03308036315545398, -0.023000109128094554]
A2: [0.06347539121401571, -0.17365145309424115, 0.08636048328890897, 0.02399297601749092] - [0.029313055892523168, 0.20032140692997874, -0.10168700430235408, -0.12785041957551105] - [-0.09329061033974188, 0.5137994587316608, -0.22548678095707775, -0.19498241370859776] - [-0.02553470811012984, 0.01891171365893382, -0.04989647500494658, 0.057359443564618924]
B1: 1.374219540500807e-05 - -0.00019335884042692895 - 6.899248261268402e-05 - 2.331348265348198e-05
B2: 4.253931038076251e-05 - -4.800494959194098e-05 - 0.00022489252298783444 - -9.532722859109185e-05
