Number: 1516
Error: 3.6802895286367126e-09
A1: [-0.00739136183028456, -0.015199630979638539, 0.002784832431800249, 0.01924501330913248] - [0.06646169832972529, 0.18953316337794845, -0.14711248055215242, -0.11026847374879926] - [-0.11285870562941296, 0.4415170341070876, -0.07107439201225906, -0.2583958305154703] - [-0.02384091316680088, 0.01488053552359635, -0.030415911925805655, 0.03841400081025791]
A2: [0.13188860681941045, -0.22433077260434667, 0.02296363185017101, 0.07045646283005083] - [0.032662666227912786, 0.20376530104555865, -0.11487192380078834, -0.12144151258882017] - [-0.09456675161621506, 0.5555947846508584, -0.23514797836312537, -0.22558078342848956] - [-0.02073230020350369, -0.019182127111810547, 0.008211866635468012, 0.03227288082551313]
B1: 2.775689816060378e-05 - -8.314526006074366e-05 - 2.377357062255713e-05 - -6.65433649531043e-05
B2: 1.1403702307372711e-05 - -0.00022396992889234225 - -1.7007636735342435e-05 - 5.5075304632231045e-05
