Number: 13
Error: 0.0008854175850006576
A1: [0.059729954063910434, 0.06812537926813833, 0.08349314811984852, 0.05770879338995941] - [0.16883084818636454, 0.3043040846160545, -0.05698637206361522, -0.04680265391624207] - [-0.024179582027289277, 0.49189170132107213, 0.014176365700488677, -0.19460873104858079] - [0.28711314859931897, 0.283507820100531, 0.29203289622835643, 0.3003164725778997]
A2: [0.44405134407860924, 0.11042873154776105, 0.27826799121122264, 0.27667790629883093] - [0.2132668421156107, 0.3796298804169647, 0.04985509775412179, 0.04422853879545113] - [0.3145493862698548, 0.9817279263019305, 0.15043589111366656, 0.14269078283955453] - [0.6206739736574581, 0.6210538922681045, 0.6182450801361647, 0.6178295822164701]
B1: 0.06846023498768762 - 0.4988875740845359 - -0.038645181986137075 - -0.07776927596353729
B2: 0.06522558269329463 - 0.5708799976276367 - -0.09562669260135093 - -0.06584860728776977
