Number: 5224
Error: 1.0592490996292138e-15
A1: [0.06621315039810426, -0.11395211029397023, -0.0239839815392522, 0.07172283691844146] - [0.03740252858968027, 0.188193289620417, -0.14740902890382557, -0.07818709230976696] - [-0.06022915529739066, 0.32895100760935597, -0.1277528982918617, -0.14096811195425135] - [0.03904611126275262, -0.05332273150784219, -0.03741863671008752, 0.05169507447664322]
A2: [-0.009108518088681858, -0.34680312426063786, 0.24945514849078163, 0.10645674038269534] - [0.08003975678321971, 0.0362821826581571, -0.050250187654783375, -0.06607203553019785] - [-0.04245281765108177, 0.2308318930821931, -0.04053124360862504, -0.14784783697441897] - [0.06813478318879385, -0.29346784735860015, 0.14177124544778588, 0.08356186539842002]
B1: -3.648190925603275e-09 - 8.383271067223266e-09 - -1.3531862027922845e-08 - -1.6362709697763642e-08
B2: -4.196081396005476e-08 - -3.5683259830819614e-08 - -4.780439125189082e-09 - 2.862088065206564e-08
