Number: 216
Error: 1.2344554787496399e-06
A1: [-0.011346443987707568, -0.01370610879998711, 0.018965003981984738, 0.009449675147583108] - [0.06995089737834478, 0.19344830881354905, -0.14106669866772115, -0.10542515270251548] - [-0.09417019827255543, 0.42388242743157806, -0.05112904363217732, -0.26953126443637554] - [-0.0026670080526422623, -0.019584405168552917, -0.00530513161595276, 0.02174431114858887]
A2: [0.16123156619888787, -0.16809393283212282, 0.00821561611101915, -0.002749588344055512] - [0.04261621616416775, 0.21454235646058012, -0.1101020397019383, -0.11881726402271256] - [-0.08610748850275472, 0.5816293618890108, -0.2352774843101395, -0.2598864193409614] - [-0.002252423013950245, -0.0029537615495218365, 0.0026989144166870223, 0.008743547353348213]
B1: 0.001011087776885016 - 0.0021610488052406502 - 0.0003000152719635223 - 0.0005574858119770051
B2: 0.000989118069857959 - 0.0010538351159456825 - 0.0006271033062960002 - -0.0006900454547119335
