Number: 6189
Error: 9.065217844295097e-16
A1: [0.08043163084429608, -0.18046786458473513, -0.019588910749248116, 0.11962491790403117] - [0.037415534560692715, 0.1335963407762906, -0.13472623154083643, -0.036285870505298114] - [-0.0017028152409651748, 0.22819012027851932, -0.12282837887890513, -0.10365890645364419] - [0.03886322706828435, -0.11448102589259715, -0.046416448751925556, 0.12203422059667476]
A2: [0.03530742816653689, -0.029273490732918742, -0.07569736411291833, 0.06966339215541366] - [0.10289372254288408, 0.282896672898596, -0.39260642345623037, 0.00681596654992659] - [-0.011187070920658253, 0.5390146199308565, -0.3594509879772544, -0.1683764339327432] - [0.0978627905087935, 0.017463307555968418, -0.16885101898577018, 0.05352486904213862]
B1: -1.5575010025091987e-08 - -2.525237440304467e-09 - -1.0053268770662252e-08 - -3.758611218694223e-09
B2: -2.7750591361514062e-08 - -3.5853863502258943e-08 - 1.5693515048415023e-08 - 4.237826233568837e-09
