Number: 9503
Error: 1.2113225269683758e-13
A1: [0.053172054169237495, -0.14800176715353672, -0.026999542761242366, 0.12182732577251028] - [0.005314251848614401, 0.1308372268355044, -0.11360021184415468, -0.02254923060398777] - [-0.014444689260406538, 0.22309140805335761, -0.1270413921276338, -0.08160614577109543] - [0.02714873577171729, -0.10001776232286898, -0.04942222788150688, 0.12230040190419189]
A2: [0.08926197379340964, -0.07290587518378536, -0.12362007755673177, 0.10729398824401885] - [0.10884204581763116, 0.24981449818909274, -0.4048449787998462, 0.04618980244196263] - [0.03663800087075517, 0.4625571776062514, -0.3777154314981525, -0.12147117710200504] - [0.1434276463752426, -0.04460541466014123, -0.20149835091138948, 0.10268109368110223]
B1: -1.7287399142218738e-07 - 6.560787572896294e-07 - 3.6972074585891264e-07 - 8.208214777390841e-07
B2: 6.68836884148829e-07 - 2.9094724949190143e-07 - 6.883238967545616e-07 - -4.953385971055343e-07
