Number: 211
Error: 5.193738555195265e-06
A1: [-0.014644685426213864, -0.017105577195272646, 0.015307823756658763, 0.00591523076504727] - [0.06981884269561772, 0.19332099124054553, -0.1412028784393074, -0.10557218833026816] - [-0.10122575005099817, 0.41711642509145047, -0.05876976969832118, -0.2777215869646504] - [0.013850335755234682, -0.0038019807602714915, 0.01224221147263012, 0.04076866025439528]
A2: [0.15601720614801357, -0.17321849938862177, 0.0031377428805133417, -0.007889603545200867] - [0.043255207828055246, 0.21517361434758683, -0.10946181702135754, -0.1181881923462581] - [-0.08789049935372398, 0.5798765623193737, -0.2369952524147576, -0.26165031524445054] - [-0.0027059742373277736, -0.003396659433819912, 0.002268568496443642, 0.00830295585005676]
B1: 0.004337014614481052 - 0.0018504800605756106 - 0.0020566938229574392 - 0.0013104257634915565
B2: 0.0062383402224183695 - 0.0007545685501905205 - -0.004885679340891057 - 0.004704781563997367
