Number: 1628
Error: 6.722290982442418e-08
A1: [-0.007488789936934718, -0.015298940485982187, 0.0026850019428928877, 0.01913635732302393] - [0.06642014149945745, 0.18949332265153299, -0.14715640752938913, -0.11031373980567519] - [-0.11452660522592711, 0.43987879471227825, -0.07280959700806472, -0.2602052543770197] - [-0.023937858815025942, 0.014781718758851444, -0.030514724212922097, 0.03830626190870867]
A2: [0.13109528450137498, -0.2251138671557805, 0.02218027435686474, 0.06967680268684383] - [0.032298996308095546, 0.2034079741691545, -0.11523343180093384, -0.12179681665348405] - [-0.09492723446142073, 0.5552433515603443, -0.23550230504010836, -0.22593603020297404] - [-0.020264294627236005, -0.018731318087905464, 0.008669629569627878, 0.03271583160274022]
B1: 9.545361739718541e-05 - 0.0002384222216991488 - 0.0003311738181835123 - 0.0003935592896105216
B2: 0.000427998046088945 - -0.0006612817001854527 - 0.00045371367827363475 - 0.0001864283115114487
