Number: 1175
Error: 1.7970244175643903e-07
A1: [-0.0060471681323218075, -0.013831298499996873, 0.004183649484755817, 0.020617039492457596] - [0.06848536045404688, 0.1914803314346384, -0.14502067146433906, -0.10801476643619494] - [-0.1133915766342939, 0.4410069710195181, -0.07162328365712432, -0.25897841357505036] - [-0.020778607544027605, 0.017907719274525228, -0.027265007300967578, 0.04163691546504169]
A2: [0.13263577926340564, -0.2235949738535787, 0.023700099098489833, 0.07119298503089498] - [0.03212774837086899, 0.20324159524101107, -0.1154029901607387, -0.12196795525441839] - [-0.09665080570684283, 0.5535395244116389, -0.23719242500117957, -0.22764190279374522] - [-0.020211472949434924, -0.018676241656185217, 0.0087257487536691, 0.03277663897612231]
B1: 0.00035661973875048485 - 4.402068379572846e-05 - -0.0006812886078246524 - 0.0003721371793741912
B2: 0.00010340230483588467 - 0.0001944546693092127 - 0.0008963879950777547 - 0.00011233019234711318
