Number: 5535
Error: 3.8502843861996145e-12
A1: [0.06621675860778392, -0.1139485827176476, -0.023980376154858953, 0.07172643907709146] - [0.037414541055383575, 0.18820476678185527, -0.14739721970489422, -0.07817528207676464] - [-0.06020681689517723, 0.3289724619838583, -0.1277310393962944, -0.14094637055445527] - [0.039066844930725354, -0.053303052317687324, -0.03739857770248584, 0.051714970671822874]
A2: [-0.009105635233707087, -0.34680006588412493, 0.24945805372159546, 0.1064597616087238] - [0.080041784896894, 0.036284367558888496, -0.050247971214411935, -0.06606980033065334] - [-0.04245068141518379, 0.2308342508739195, -0.04052895492891189, -0.1478454752359619] - [0.0681383665961708, -0.2934639017669778, 0.14177512953912105, 0.08356588211824598]
B1: -1.986879694601745e-06 - -3.842897754507195e-07 - -1.7333361638668882e-07 - -1.0721577966828956e-06
B2: -3.0559527585702683e-06 - -8.329124495988794e-06 - -8.555926715008164e-07 - 4.400974937999592e-06
