Number: 5284
Error: 1.1412468336347527e-15
A1: [0.0662130717656803, -0.11395218716923523, -0.02398406010996014, 0.07172275841798288] - [0.0374025577163396, 0.18819331744900583, -0.14740900027006026, -0.07818706367347146] - [-0.06022939104144917, 0.32895078118976073, -0.12775312897731964, -0.14096834139899642] - [0.03904607003546452, -0.05332277063928165, -0.03741867659615083, 0.051695034914431524]
A2: [-0.009108539996624967, -0.34680314750147356, 0.24945512640551817, 0.1064567174134397] - [0.08003987846011465, 0.036282313738877366, -0.05025005466899174, -0.06607190141526802] - [-0.042452898403266576, 0.23083180395939853, -0.040531330145626515, -0.14784792628294535] - [0.06813471546240889, -0.29346792192803745, 0.1417711720260612, 0.08356178946496108]
B1: 1.362099885052919e-07 - -7.577805757561671e-08 - 5.013258134100505e-10 - -1.9286836905222542e-08
B2: -1.6513359372173197e-08 - 2.2919092626597805e-08 - -3.388817622191385e-08 - -1.1393004674701996e-08
