Number: 3291
Error: 4.9860731603930785e-05
A1: [0.10742236227838058, -0.07389941276305699, 0.016175675022755166, 0.11209124961511728] - [0.03521657228732164, 0.1849182902743354, -0.14918296222385202, -0.07997956887563076] - [-0.0345523875136253, 0.35414775228910034, -0.10221918555361308, -0.1156066086151282] - [0.053947303378424086, -0.039033503341196873, -0.023253218777686137, 0.06583372452559123]
A2: [0.015954579986725462, -0.3226124914474792, 0.27476830307299627, 0.13191891939270065] - [0.10305988508181112, 0.061603812709558205, -0.02551036628465052, -0.04121288369053416] - [-0.006997502833573884, 0.2661112214718665, -0.00453329713983922, -0.11043649815206999] - [0.0942317120748555, -0.26796481308996056, 0.16835335027491616, 0.1112731992302175]
B1: -0.006376289334664261 - -0.010005290895668938 - -0.00460656902564183 - -0.002800120387328067
B2: -0.005164611864029559 - -0.008791532631064773 - -0.00230705449469364 - 0.005499807300392734
