Number: 4826
Error: 9.758543700356767e-16
A1: [0.0662131845502625, -0.11395207690499451, -0.023983947413884828, 0.07172287101329153] - [0.03740262833391492, 0.18819338491926044, -0.14740893084761783, -0.07818699424487947] - [-0.060229436238527945, 0.3289507377807345, -0.12775317320441645, -0.14096838538829842] - [0.039046126884581804, -0.05332271668024944, -0.037418621596514344, 0.051695089467540346]
A2: [-0.009108438656582422, -0.34680303999575074, 0.24945522856570684, 0.10645682366269563] - [0.08003987475560141, 0.036282309748077154, -0.05025005871787141, -0.06607190549844334] - [-0.042452822380122816, 0.23083188786296718, -0.04053124867636953, -0.14784784220455766] - [0.06813479462766918, -0.29346783476390276, 0.14177125784876174, 0.08356187822345734]
B1: -4.650989706974907e-08 - 1.6246557371852914e-08 - 3.0237639917198235e-08 - 4.816855093297767e-08
B2: -8.250070544110917e-09 - -2.4930300350429364e-08 - 2.6729948340201124e-08 - 2.5856282919739027e-08
