Number: 6817
Error: 7.981128452459881e-16
A1: [0.08043168343825978, -0.18046781199673093, -0.019588858218174052, 0.11962497049198481] - [0.03741558021846798, 0.13359638639950705, -0.1347261859740371, -0.036285824872818354] - [-0.0017028432233123212, 0.22819009229676435, -0.12282840682028014, -0.10365893442852524] - [0.038863221784002304, -0.11448103116205048, -0.04641645403284071, 0.1220342153156736]
A2: [0.03530748858290521, -0.02927343014944531, -0.07569730666982218, 0.0696634553877063] - [0.10289375516182152, 0.28289670579437415, -0.3926063919076273, 0.006816000706732854] - [-0.01118707007677475, 0.5390146207797655, -0.35945098717847856, -0.16837643304353098] - [0.09786284323359473, 0.017463360520596282, -0.16885096879518258, 0.053524924386027024]
B1: -1.7205291073986082e-08 - -8.23933885307691e-09 - -1.945210336121233e-08 - -1.608700050139736e-08
B2: -1.3601116525393227e-08 - -1.9320423075681407e-08 - -2.1015626407019542e-08 - -1.836938402520273e-08
