Number: 69
Error: 0.0007212057558313569
A1: [0.016959817801552673, 0.016570392354441882, 0.05146264083588369, 0.03969782769313805] - [0.12491619316785146, 0.2514103206399374, -0.08822068016578963, -0.05906033393968103] - [-0.08929898810315212, 0.4323493492365715, -0.04552616396370724, -0.2639181081907938] - [0.013763603654789635, 0.001474017943528518, 0.012477688623908424, 0.03793445524920433]
A2: [0.29021994848022525, -0.04243899191734464, 0.13349400179297005, 0.12199561886168299] - [0.11259061021748533, 0.28049124656267294, -0.04567793659502792, -0.055062136802615305] - [0.05512225285197352, 0.7214857312340097, -0.0981408155919405, -0.1225498231959754] - [0.3065632820653235, 0.30460392746993115, 0.30939348706528946, 0.30474264367118464]
B1: 0.03668264909465446 - 0.40154563614360866 - -0.0020388301497474637 - -0.022652066120272533
B2: -0.00890077346471782 - 0.37570146145734584 - -0.011787300903471624 - -0.0037068708584322833
