Number: 1270
Error: 6.061645371823305e-10
A1: [-0.006999469783819033, -0.014803664225105914, 0.0031930220817168523, 0.019647825846321614] - [0.0665778513366192, 0.18964493211963532, -0.14699261996964486, -0.110139195605376] - [-0.11250211429041444, 0.44186833515656915, -0.07070159687144689, -0.25801002190903793] - [-0.023467543413635716, 0.015248576300841029, -0.030034146812761727, 0.03880771042427648]
A2: [0.13157033650933395, -0.22464476488507004, 0.02265199888027314, 0.0701456855583066] - [0.032918042296560354, 0.20401652015944363, -0.11461766001261826, -0.12119148023147738] - [-0.09503855103723266, 0.5551316754878477, -0.23561112530987782, -0.22604330454509547] - [-0.02087969714483958, -0.019328642041243824, 0.00806739384785618, 0.03213209194883213]
B1: 0.00013581485561396694 - 0.0001501289250942084 - 1.9686621987020307e-05 - 0.00014667380275349583
B2: 2.5589673150745596e-05 - 0.00014147654508132586 - 0.00016091429924786863 - 0.00014880481338234885
