Number: 7241
Error: 1.025967565453982e-15
A1: [0.08043169349516288, -0.18046780194096787, -0.01958884817329243, 0.11962498054774005] - [0.03741559234547916, 0.13359639851734076, -0.13472617387118344, -0.03628581275252313] - [-0.001702841698589167, 0.2281900938214586, -0.1228284052977823, -0.10365893290420451] - [0.03886324263035413, -0.11448101037420487, -0.04641643319977438, 0.1220342361490673]
A2: [0.0353074103402677, -0.029273508608488933, -0.07569738106193476, 0.06966337349830351] - [0.10289379142378494, 0.2828967423641, -0.39260635683551437, 0.006816038678302433] - [-0.01118707858290997, 0.5390146122228843, -0.3594509952297072, -0.1683764420067653] - [0.097862799203458, 0.017463316290181545, -0.16885101070902384, 0.053524878168715546]
B1: -2.8805464145164685e-09 - 1.3503555533536258e-08 - 1.786419104706347e-08 - 5.936495511243213e-09
B2: 1.3716081561841538e-08 - 1.2807697929633123e-08 - -8.423375541716607e-09 - 1.5787456997416375e-08
