Number: 9367
Error: 1.463759548926938e-11
A1: [0.05317070657553879, -0.14800311269633254, -0.027000887528675657, 0.12182598002693111] - [0.005302316698139677, 0.13082527775202366, -0.11361214565770754, -0.022561182853481777] - [-0.014456554659332889, 0.22307953856304946, -0.12705324759119527, -0.0816180143963638] - [0.02715507294753638, -0.10001142308857071, -0.04941587556130657, 0.12230675822688836]
A2: [0.08924150448203415, -0.07292629965318041, -0.12364008698320936, 0.10727326628897284] - [0.10883974479765764, 0.24981219883697434, -0.4048472338519592, 0.04618746407082198] - [0.03663254942930564, 0.4625517544811866, -0.37772075058411064, -0.12147668503451217] - [0.14344622478006974, -0.044586903612884234, -0.2014802106520255, 0.10269994838704963]
B1: 8.496385226389341e-06 - 5.757929936561269e-06 - 5.469902285846138e-06 - -2.398214053356479e-06
B2: 3.280917269459711e-06 - 1.2987011216168625e-05 - -5.6515102288183374e-06 - 3.2136444822699247e-06
