Number: 2359
Error: 1.3501078806685688e-05
A1: [0.0683768610395019, -0.04429214621740714, -0.020358515989964198, 0.01205513211316298] - [0.04445536504721683, 0.1918782305155657, -0.14227049269829098, -0.09169675264903612] - [-0.12051201326927909, 0.4182887826578418, -0.10148695492309036, -0.18415289833446957] - [0.04142435307792378, 0.023849809245624503, -0.0283145694198568, -0.018859534916550826]
A2: [0.020637145457731838, -0.21576509941703018, 0.0439909792398775, -0.01845370120777272] - [0.029244515256713302, 0.20020295083171663, -0.10181626869385639, -0.12797793394124754] - [-0.0713675247176971, 0.5357948736674818, -0.2030661781365047, -0.17322737023448104] - [-0.020108096802348464, 0.02464390562533092, -0.04384544430223956, 0.06297860972398328]
B1: -0.0032215046245392606 - -0.0016529097547287042 - 0.0037653655826702594 - 0.014390472560582485
B2: 0.0019975086926342163 - 0.0043295030237267 - 0.003466847954854058 - 0.003818109474160204
