Number: 9440
Error: 4.4714565126078075e-13
A1: [0.05317004745215064, -0.1480037745944958, -0.027001547291820218, 0.12182531806231454] - [0.00531551940512557, 0.1308384957224799, -0.11359894443391567, -0.022547961186296043] - [-0.014448734027599002, 0.2230873617808633, -0.12704543372685878, -0.08161019203201167] - [0.027148652664407042, -0.1000178453755385, -0.04942231108018386, 0.12230031871765858]
A2: [0.08925661986575122, -0.07291121672608879, -0.12362531083066836, 0.10728856833316941] - [0.10884560707283632, 0.24981806009805224, -0.404841488050443, 0.04619342363182539] - [0.03662895874610057, 0.462548182467241, -0.377724253420833, -0.1214803130833981] - [0.1434180521049101, -0.0446149732895494, -0.2015077188485193, 0.10267135693580134]
B1: -8.620964929215861e-07 - -2.9491618588273187e-06 - -6.681335202770318e-07 - -8.262943365027049e-07
B2: -1.6245076106300516e-06 - -9.825222426909997e-07 - -4.5322609896470326e-07 - -1.897700920952134e-06
