Number: 1539
Error: 1.2403636695527697e-08
A1: [-0.007541393231582862, -0.015351047929263499, 0.002628792477898668, 0.01909094543730038] - [0.0674292839651077, 0.19046413352694277, -0.1461123624456797, -0.109192075827167] - [-0.11320881599311608, 0.441173738689513, -0.0714393983266812, -0.2587748169524395] - [-0.024305269626951852, 0.0144244198891843, -0.030889801114620963, 0.03792370937935802]
A2: [0.13166530977229265, -0.2245507601226895, 0.02274430805331754, 0.07023823091566568] - [0.0327320223114836, 0.2038335315162092, -0.1148028191357799, -0.12137366570569173] - [-0.0946297527261579, 0.5555325754212159, -0.2352096884433615, -0.2256427185862013] - [-0.020840546784891747, -0.019288815209899658, 0.0081044034955801, 0.032169053550649356]
B1: 0.00033653695193110715 - 7.991003096498436e-05 - 0.0002940861051740739 - 0.00023103066711530954
B2: 0.00012736696413811484 - 0.00024734889195552375 - 0.00015849487993704035 - 5.241827433061728e-05
