Number: 4021
Error: 9.279667421638793e-16
A1: [0.06621321484198704, -0.1139520472901897, -0.02398391714591624, 0.07172290125420684] - [0.037402571003772214, 0.1881933301441887, -0.14740898720755524, -0.07818705060977667] - [-0.06022927782195903, 0.3289508899311447, -0.12775301818727872, -0.14096823120513693] - [0.03904624649910086, -0.05332260314675959, -0.037418505873554254, 0.0516952042508824]
A2: [-0.009108480531502754, -0.34680308441825536, 0.24945518635213623, 0.10645677975938307] - [0.08003983151674397, 0.03628226316743629, -0.05025010597552908, -0.06607195315734346] - [-0.04245280254959419, 0.23083190974911783, -0.04053122742535972, -0.14784782027280868] - [0.06813482975890735, -0.2934677960827913, 0.14177129593467794, 0.08356191761215767]
B1: -2.0446621059772805e-08 - 6.329934310399441e-09 - -2.821005208572921e-08 - 8.733063380476701e-11
B2: -3.973667751722172e-09 - -3.570438085282386e-08 - -2.2087284461941335e-08 - 7.859991905081392e-09
