Number: 6802
Error: 8.599346642866986e-16
A1: [0.08043167487789064, -0.18046782055613036, -0.0195888667683075, 0.1196249619325934] - [0.03741557226515742, 0.1335963784522162, -0.13472619391150045, -0.036285832821723256] - [-0.001702845807805067, 0.22819008971232693, -0.12282840940098881, -0.10365893701232821] - [0.03886321491943231, -0.11448103800735566, -0.04641646089303654, 0.12203420845537004]
A2: [0.03530740132254353, -0.029273517651157484, -0.0756973896358513, 0.06966336406026341] - [0.10289365158142733, 0.28289660133488204, -0.3926064920892259, 0.0068158922429171175] - [-0.011187099251604427, 0.5390145914309203, -0.35945101479308605, -0.16837646378607155] - [0.09786277446459359, 0.017463291438788216, -0.1688510342588137, 0.053524852200955556]
B1: -8.591628096951703e-09 - -2.9661194185367604e-08 - 3.988491356708545e-09 - -5.803547428441361e-09
B2: -7.522818500146582e-09 - -1.3654490259517573e-08 - -1.416370625459114e-08 - -1.209732979541231e-08
