Number: 8070
Error: 1.0242417259564157e-15
A1: [0.08043170801651763, -0.18046778742126351, -0.019588833669310024, 0.11962499506743494] - [0.037415584860102526, 0.13359639103762777, -0.1347261813415869, -0.03628582023373194] - [-0.001702808450979144, 0.2281901270683533, -0.12282837209885474, -0.10365889966546611] - [0.038863252756956256, -0.11448100027602541, -0.04641642307962291, 0.12203424626937745]
A2: [0.03530749380070189, -0.029273424917221135, -0.07569730170870777, 0.06966346084858178] - [0.10289376700348296, 0.2828967177365459, -0.3926063804544873, 0.006816013106651934] - [-0.011187139652503316, 0.539014550789027, -0.3594510530334713, -0.1683765063578516] - [0.09786283593391162, 0.01746335318769213, -0.1688509757439521, 0.053524916723669255]
B1: 3.0091276140628774e-08 - -6.500419228636379e-09 - -8.781133735128613e-09 - -2.4131654932763315e-09
B2: 7.04135914691547e-09 - -8.441509215780187e-09 - 4.619863956998206e-09 - -1.7005793495642046e-09
