Number: 2202
Error: 8.527771305110261e-05
A1: [-0.0089059701646465, -0.0988052531686313, -0.063797457758037, -0.0227692733205756] - [0.03755928078146917, 0.17136491743371918, -0.17117322149350023, -0.12204798282902322] - [-0.05853513966536635, 0.4785891045088218, -0.04084612510416576, -0.13694812456235944] - [-0.001449284852437966, 0.005738323653848721, -0.03494077621465283, -0.03508831593896619]
A2: [0.09009264099791224, -0.20050108403649802, 0.08921424183377369, 0.04272075860706688] - [0.05125034440726019, 0.21740450484728324, -0.08421023941939769, -0.11079194345508339] - [-0.11421397772205846, 0.5158129851083247, -0.22310255615883837, -0.21450628177169972] - [-0.1028640103206472, -0.01727953058827902, -0.07503044009271227, 0.005942772903256458]
B1: 0.00957884029283251 - -0.024345752747572974 - -0.005145622848234674 - 0.014213343859404766
B2: 0.005766351087216704 - 0.00039700621394916057 - 0.0027914231241346465 - 0.008459752732337301
