Number: 5518
Error: 1.0063419423181459e-11
A1: [0.0662131408986393, -0.11395211956108084, -0.023983991024613554, 0.07172282744038082] - [0.0374013143688819, 0.18819212952879646, -0.14741022257304714, -0.07818828608630171] - [-0.0602289443167666, 0.3289512102832493, -0.1277526918204424, -0.14096790659246972] - [0.03904540209409234, -0.05332340460023189, -0.03741932280656425, 0.05169439394769954]
A2: [-0.009110717816948995, -0.3468054578311801, 0.2494529309811082, 0.10645443413261063] - [0.08003815730871307, 0.03628045956945825, -0.05025193578316954, -0.06607379848772672] - [-0.0424540005288721, 0.2308305875863355, -0.04053251120772048, -0.14784914516878697] - [0.06813397008406827, -0.2934687426239396, 0.14177036397989679, 0.0835609537864557]
B1: 1.9168366896924007e-06 - 1.5493359435959639e-06 - 6.581168092927168e-08 - 2.827522876298324e-07
B2: -2.3458480402738854e-06 - -7.779879883509715e-07 - -1.9059983336261838e-06 - -3.7277360891872682e-06
