Number: 1099
Error: 2.9930201213383045e-06
A1: [-0.010080851278818108, -0.017845620162685972, 8.86307087860222e-05, 0.01635606800768562] - [0.06423071870493866, 0.18731906173081844, -0.1494833380983792, -0.11269001841260823] - [-0.1084052895968553, 0.44605666861705884, -0.06644589673934595, -0.2539176288030613] - [-0.03150944731388148, 0.007406575261024732, -0.037911306272786716, 0.03039837507063975]
A2: [0.13103171724686616, -0.2251790903730184, 0.02224588476340612, 0.06959114698279018] - [0.019673282946659598, 0.19105792093339918, -0.12773068859426406, -0.13425356063390292] - [-0.09429433104441047, 0.5559727371050307, -0.23470732952642734, -0.22550818713509604] - [-0.014056241317206439, -0.012782340892807982, 0.015198234818227541, 0.03841685940723712]
B1: -0.002215336638669945 - -0.0021993788284821905 - 0.0007640356263082511 - -0.0025764965893100844
B2: -0.0034755688113899145 - -0.002478974262202246 - -0.0021868283956328082 - -0.0034153467645360166
