Number: 7671
Error: 8.825908519897505e-16
A1: [0.08043169706261444, -0.1804677983739272, -0.019588844610101807, 0.11962498411478786] - [0.03741561348819694, 0.13359641964405228, -0.1347261527705806, -0.03628579162151177] - [-0.0017028172586249688, 0.22819011826089527, -0.12282838089360296, -0.1036589084707609] - [0.03886324715128562, -0.11448100586596693, -0.0464164286817154, 0.12203424066719303]
A2: [0.035307474158756715, -0.029273444613480207, -0.0756973203840893, 0.06966344029123504] - [0.10289370935819672, 0.28289665960202587, -0.3926064362083038, 0.006815952743684287] - [-0.011187110641962502, 0.5390145799726195, -0.3594510255743076, -0.1683764757884869] - [0.09786278443096218, 0.01746330145049774, -0.168851024771496, 0.05352486266242426]
B1: -3.7719711008929455e-08 - -2.6014462417716335e-08 - 2.113892707541203e-08 - 2.42536280784949e-09
B2: -4.403183986751236e-09 - -1.7294632959600654e-08 - 9.971533738828476e-10 - -6.5880258400062586e-09
