Number: 3038
Error: 7.011964568479798e-08
A1: [0.06443776111933437, -0.04687298858421732, -0.022450328799989577, 0.008846546047703062] - [0.04479126406556979, 0.1923612097273141, -0.14139934261090237, -0.09126774782904738] - [-0.12364069430785547, 0.4146748040003229, -0.1050463859229598, -0.18725563705675358] - [0.03832197405616272, 0.020487083211693145, -0.03182149041962746, -0.02174951749979206]
A2: [0.06277594133363772, -0.17435044665804675, 0.08566535327869135, 0.023297635791949305] - [0.0288046245190236, 0.199820751336176, -0.1021935967575862, -0.12834884617320472] - [-0.09345447336697237, 0.5136351771932408, -0.22565116817119615, -0.19513787782972022] - [-0.026641749774096748, 0.017802717581489807, -0.05101150485654507, 0.05628382495540372]
B1: 0.0005274615675423509 - 4.584839045172743e-05 - 0.000135787889889119 - -0.0002956826559427339
B2: -7.116932718595302e-07 - -9.827530084848198e-05 - -0.0005166690216751658 - 4.5960759924218116e-05
