Number: 8445
Error: 1.1413535511015425e-15
A1: [0.08043167710583876, -0.18046781832843004, -0.019588864543056247, 0.11962496416028229] - [0.037415581589844385, 0.13359638776983712, -0.1347261846052739, -0.036285823502150184] - [-0.001702826105638725, 0.2281901094140705, -0.12282838972766838, -0.10365891731540777] - [0.03886321759932982, -0.11448103533495113, -0.04641645821483945, 0.12203421113362524]
A2: [0.03530747317175517, -0.029273445603191447, -0.07569732132244229, 0.06966343925815935] - [0.10289376015817842, 0.28289671083317175, -0.39260638707516304, 0.006816005938617871] - [-0.01118707909331433, 0.539014611709382, -0.3594509957127773, -0.1683764425446485] - [0.09786283831622881, 0.017463355580831615, -0.16885097347611297, 0.053524919224285]
B1: 3.6639629385121044e-09 - 1.1655905306328559e-08 - 1.033259618297548e-08 - 5.141433999793349e-09
B2: -3.064690190554934e-09 - 1.2208462476700873e-08 - -4.863305550165316e-10 - -1.4878400887614235e-09
