Number: 737
Error: 1.678074908994075e-14
A1: [-0.012153900560397706, -0.01451769055609027, 0.018086723315006766, 0.008582555851431315] - [0.06583502442023098, 0.18949505792399932, -0.1453227884164193, -0.1100087956823585] - [-0.09629313002591837, 0.42178603579407387, -0.05345739401331135, -0.2720357994561402] - [-0.001321996914154638, -0.018219722519319657, -0.003835639414684656, 0.023376169526160333]
A2: [0.16158696588650273, -0.16775453280547017, 0.008501574025550292, -0.00233283057497349] - [0.0354858702655744, 0.20751686615507625, -0.11721027809109089, -0.12579188600167499] - [-0.08621322759943921, 0.5815384323562547, -0.23538841810267933, -0.25993525896903885] - [-0.0038345198006705236, -0.004518849748930876, 0.0011106997937402462, 0.007243820902002665]
B1: -9.389341883223733e-08 - -1.7187921336008253e-07 - -2.217683579283905e-08 - -1.6240764099802636e-07
B2: -3.392705059850376e-08 - -2.0735628994967175e-07 - 2.596279604309421e-07 - -1.5245754908950444e-07
