Number: 8066
Error: 1.0143568904100291e-15
A1: [0.08043170915713423, -0.18046778628077606, -0.019588832530056926, 0.11962499620792136] - [0.03741558189279775, 0.13359638807256868, -0.1347261843029797, -0.03628582319939317] - [-0.0017028070074855855, 0.22819012851181614, -0.12282837065747446, -0.10365889822235769] - [0.038863251631821694, -0.11448100139800249, -0.04641642420404028, 0.12203424514494221]
A2: [0.03530749046018948, -0.02927342826697263, -0.07569730488482958, 0.06966345735237876] - [0.1028937216508495, 0.28289667199900986, -0.39260642431899534, 0.006815965615869708] - [-0.01118711628502392, 0.5390145742958787, -0.35945103091560643, -0.16837648173476438] - [0.09786280786213676, 0.017463324988232935, -0.1688510024665051, 0.05352488725749015]
B1: 1.654302471876516e-08 - 8.87715194204217e-09 - -6.83026961616707e-09 - 5.491748308752343e-09
B2: 1.174450865245892e-08 - -8.304874054508289e-09 - 7.74711451090874e-09 - 2.693784834668252e-09
