Number: 6642
Error: 1.0062760986698255e-15
A1: [0.08043167965638688, -0.18046781577817658, -0.01958886199552377, 0.11962496671054426] - [0.037415599306156205, 0.13359640547274743, -0.1347261669243803, -0.03628580579570307] - [-0.0017028664488811748, 0.22819006907169215, -0.12282843001184399, -0.10365895764789616] - [0.038863251815746375, -0.11448100121458875, -0.04641642402023149, 0.12203424532875327]
A2: [0.03530744667626819, -0.029273472171989265, -0.07569734651411636, 0.06966341152786515] - [0.10289374217812018, 0.28289669270047946, -0.39260640446529127, 0.006815987110899954] - [-0.011187109190161628, 0.5390145814330877, -0.35945102420015307, -0.16837647425866895] - [0.09786280901456815, 0.01746332614592098, -0.16885100136948186, 0.053524888467191306]
B1: -2.740214123032216e-09 - 3.3929786962416784e-09 - -6.275209352862609e-09 - -4.55151010914481e-09
B2: -2.6385490189321693e-09 - 8.588102568195832e-09 - -3.518842322103583e-08 - 1.4790065732599176e-08
