Number: 3435
Error: 1.2875140192804676e-08
A1: [0.06674375687519885, -0.11343410254535066, -0.023454677061934458, 0.07225213487588739] - [0.03801706537850075, 0.1887804098978643, -0.14680477352556276, -0.07758269887968072] - [-0.06007384658129459, 0.3290997928447404, -0.12760138929628645, -0.14081809261578457] - [0.03889177364029679, -0.05346816316625411, -0.03756726325024377, 0.05154692383712519]
A2: [-0.009228166898856801, -0.34692952790867104, 0.2493348955589911, 0.10633316074605118] - [0.08039876534541213, 0.03666887935874056, -0.049858245003275445, -0.06567676856077559] - [-0.041858911261928915, 0.23148687958704853, -0.039895167895216896, -0.14719111893658804] - [0.06833015623930325, -0.29325283445738115, 0.14198400653443674, 0.08378212563959928]
B1: -0.0001834622189453102 - 0.0003202862711825076 - -2.6450408462285445e-05 - -7.22128497164062e-05
B2: 0.00017448443273613572 - -4.100585473903467e-06 - -6.96286019462575e-05 - -0.000239581507665197
