Number: 496
Error: 1.336394890650062e-13
A1: [-0.012153285150576662, -0.014517058476920981, 0.01808740351312838, 0.008583213481228421] - [0.06583575988956329, 0.18949576541343843, -0.14532202800709615, -0.1100079768127199] - [-0.09629326608454679, 0.4217859043100319, -0.05345754164557405, -0.27203595796559255] - [-0.0013225782228453026, -0.01822028155499734, -0.0038362581853591004, 0.023375497638234235]
A2: [0.16158572238669638, -0.1677557528765627, 0.00850035562276465, -0.0023340427786602584] - [0.03548581967670087, 0.20751681638058395, -0.1172103284673993, -0.1257919354875624] - [-0.08621397913376923, 0.5815376962303915, -0.23538914936719157, -0.2599359918215613] - [-0.0038363201266635293, -0.004520620141363247, 0.0011089179130397584, 0.007242098479328524]
B1: 9.159027457303159e-07 - -1.9543695314971876e-07 - 3.40435409076141e-07 - 2.1163006566874323e-07
B2: 1.083446737362054e-06 - 3.022940761121744e-07 - 4.959814205721007e-07 - 1.9501720756397898e-07
