Number: 4054
Error: 7.365337579382902e-16
A1: [0.06621317626134572, -0.1139520850086757, -0.02398395569628121, 0.0717228627383172] - [0.037402638552884684, 0.18819339468277504, -0.14740892080159904, -0.07818698419795116] - [-0.060229419743392854, 0.3289507536234663, -0.1277531570632064, -0.14096836933410184] - [0.039046097482308646, -0.05332274458785068, -0.037418650042310174, 0.051695061252758405]
A2: [-0.009108572671465403, -0.3468031821643798, 0.24945509346664985, 0.10645668315562827] - [0.08003983481354232, 0.036282266719032924, -0.05025010237231452, -0.06607194952353265] - [-0.04245295021537131, 0.2308317467759464, -0.040531385669890785, -0.1478479835856533] - [0.0681348143918227, -0.2934678130026285, 0.14177127927526753, 0.08356190038280546]
B1: 3.972385919077393e-09 - 6.433411791274039e-10 - -4.170046265196893e-08 - 2.3215443753506844e-08
B2: -4.794145779502341e-09 - 3.046330060419218e-08 - -1.6794410194368107e-08 - -2.9431056215780947e-08
