Number: 9113
Error: 1.6962724063076807e-06
A1: [0.04305357110243924, -0.15853908445609732, -0.03689389047057277, 0.11125655241724644] - [-0.00802256716176664, 0.11762520429903006, -0.12665880507570396, -0.03562466659043766] - [-0.00750852907488438, 0.230508609296461, -0.11955197325014984, -0.07379434300745136] - [0.01420743389309419, -0.11292984678579547, -0.06180211430401328, 0.10950209344101441]
A2: [0.07552882458731401, -0.08618359044370194, -0.13637895017452437, 0.09382918518165381] - [0.10888908404639762, 0.24975356344775904, -0.4047184134901896, 0.046160186198398755] - [0.053231634798695485, 0.47945198897333585, -0.3609300293817332, -0.10471681136227294] - [0.1517435129826228, -0.036426149527169355, -0.19352193121354733, 0.11089254808784167]
B1: -0.004165350912800302 - 0.0011748653118721982 - -0.003706386560626927 - 0.0016127566083923592
B2: 0.0035006876735348856 - -0.004570110413473859 - -0.0011788471052455371 - -0.0009216806640328658
