Number: 4639
Error: 1.0545120066463757e-15
A1: [0.0662131938825853, -0.11395206778123144, -0.023983938088901383, 0.07172288032994827] - [0.037402607900751644, 0.18819336539674344, -0.1474089509349963, -0.07818701433402915] - [-0.06022921754232536, 0.3289509478264854, -0.12775295920117308, -0.14096817253607716] - [0.03904616819753343, -0.05332267746756458, -0.037418581627651284, 0.051695129111886645]
A2: [-0.009108594729086702, -0.34680320556404043, 0.24945507123040955, 0.10645666002935698] - [0.0800398058172057, 0.03628223548170965, -0.050250134063595964, -0.06607198148393119] - [-0.04245286650200778, 0.23083183916736755, -0.04053129595910661, -0.1478478910016206] - [0.06813472470315031, -0.2934679117537316, 0.14177118204389202, 0.08356179982530769]
B1: -1.8040242254982393e-08 - -6.097198444552476e-09 - -1.2683251166635917e-08 - -1.496305190689628e-08
B2: 2.88093645894304e-09 - 2.218183668537978e-10 - -5.075110863425776e-08 - -3.142350721513326e-08
