Number: 1921
Error: 2.3612835249916635e-06
A1: [0.0007876350533397878, -0.0069189447450259105, 0.011286034346930781, 0.027589465979547242] - [0.06351151609888461, 0.18670816296041665, -0.150150064310813, -0.11355343034758708] - [-0.11196877216905336, 0.4422923297109505, -0.07029020902435368, -0.2575081570887154] - [-0.02276995410527094, 0.015881818162154563, -0.029485061688972507, 0.0394932385058112]
A2: [0.12228017100280243, -0.23378641898429975, 0.01345482235357845, 0.0610365311089615] - [0.030780456916382783, 0.20193223859314072, -0.11673779425301085, -0.12326602997771141] - [-0.10109351268830416, 0.5491803933482559, -0.2415270755457935, -0.23189551820314563] - [-0.02304577156915523, -0.02148841792703945, 0.0058686488225269, 0.030015400204807616]
B1: -0.0013144607737549615 - 0.0010261820271877768 - -0.0007493645290400597 - -0.0018569190393554818
B2: -0.0015034965931155502 - 0.004494327045019299 - -0.0028590162880802014 - -0.002700070403691337
