Number: 1587
Error: 3.80322177638379e-08
A1: [-0.008052376694779935, -0.01586558699099743, 0.002098699429230853, 0.01856559763319836] - [0.06646290483544597, 0.18953420888858463, -0.1471112567263981, -0.11026711628261915] - [-0.1149735458952967, 0.4394437449005343, -0.07327705652814098, -0.26068585890195406] - [-0.02487449465047886, 0.013863534865054993, -0.03147170026975452, 0.037322276478386485]
A2: [0.13195338010498384, -0.22426861144432875, 0.023026688982090118, 0.07051698812462828] - [0.032660898187854025, 0.2037635455750973, -0.11487338324912462, -0.12144293803269927] - [-0.0950523006998953, 0.5551175045118306, -0.235625094527861, -0.22605816405161958] - [-0.020280567423531126, -0.018738820630633975, 0.008658599360487736, 0.032704095927208396]
B1: -0.00019257301026635892 - -0.00015496408374731264 - -0.0002497208116233168 - -4.455204952749832e-05
B2: 0.0011831075035070992 - -0.001347739532827475 - -0.0007782815843402093 - 0.00045942555166839896
