Number: 7782
Error: 1.0117715328179405e-15
A1: [0.08043169761050116, -0.18046779782610295, -0.019588844062870512, 0.11962498466261168] - [0.03741560334244516, 0.133596409505977, -0.13472616289611736, -0.036285801761645746] - [-0.0017027918926784747, 0.22819014362630127, -0.12282835556479564, -0.10365888311158371] - [0.03886323668350223, -0.11448101630437563, -0.046416439142830085, 0.12203423020591411]
A2: [0.03530738079856525, -0.029273538231881818, -0.07569740914985608, 0.06966334257976248] - [0.10289369632005212, 0.2828966464532357, -0.3926064488186271, 0.0068159390908471] - [-0.011187217330747613, 0.5390144726474947, -0.3594511265576789, -0.1683765882100573] - [0.09786271690241874, 0.017463233614798228, -0.16885108905436358, 0.05352479177951162]
B1: 9.32630464017973e-11 - 1.1604729377615025e-08 - -1.691223521738978e-08 - -8.774008051951739e-09
B2: -2.1157657318446867e-08 - 4.2268809128045694e-08 - -1.9147305400602916e-08 - -1.638596701135747e-08
