Number: 6965
Error: 7.614470810407506e-16
A1: [0.08043168101861782, -0.18046781441609888, -0.01958886063491859, 0.11962496807262056] - [0.03741558619954426, 0.1335963923760557, -0.13472618000487546, -0.03628581889505471] - [-0.0017028224017626172, 0.22819011311786866, -0.12282838602921653, -0.10365891361253285] - [0.03886322835443456, -0.1144810246100582, -0.04641644746659534, 0.12203422188202209]
A2: [0.035307431923939994, -0.029273486965119225, -0.0756973605404352, 0.06966339608794958] - [0.10289381136606572, 0.2828967624756334, -0.3926063375476126, 0.006816059560792842] - [-0.011187170260887351, 0.5390145199980898, -0.35945108200492176, -0.16837653861104002] - [0.09786280605658304, 0.01746332317447965, -0.16885100418528765, 0.05352488536226465]
B1: 2.3779058945521885e-08 - 1.2949518743044872e-09 - -6.2129616588347564e-09 - 9.565612067302126e-09
B2: 4.5793053093683355e-09 - 7.79828581805118e-09 - 1.153091250967023e-08 - 4.871245352536214e-09
