Number: 5653
Error: 8.861874065285423e-05
A1: [0.07175417312625003, -0.10856097674039927, -0.018465028553596687, 0.07719251918538125] - [0.047521204379393264, 0.19784883487325686, -0.13747107704251693, -0.06826897757289233] - [-0.06069061642177321, 0.3283846389123041, -0.12826701083690334, -0.1415298905283227] - [0.046699887394583965, -0.04603647827677873, -0.030013768692269904, 0.05893857795616181]
A2: [-0.014451820453914523, -0.3524771740205937, 0.24389900348630109, 0.10102352722762811] - [0.08159056228739875, 0.03795011468275884, -0.048609463915591164, -0.06431971642950376] - [-0.04498477208307432, 0.22802992818044657, -0.04336876866906467, -0.15053454978472985] - [0.06836821038060592, -0.2932320244860695, 0.14189447820669496, 0.08405851996065003]
B1: -0.0014453146903752843 - -0.0036683000363063115 - -0.002522178822306473 - -0.003503469880423267
B2: 0.005104734349281376 - 0.010599168612454647 - 0.00425707518444241 - 0.005028756521351661
