Number: 2073
Error: 0.00015533009281222768
A1: [-0.02675437200799484, -0.06625786412171211, -0.05609481107583837, -0.043066314615656014] - [0.0699037716040752, 0.19805017012118117, -0.1386077481941418, -0.10313539445177435] - [-0.1759033229066996, 0.38573055787526445, -0.12451921749219635, -0.27955841807908327] - [-0.004587746238089958, 0.020076963531761884, -0.05464983478523739, -0.0165147388690718]
A2: [0.15959157818984826, -0.1601782664487823, 0.10917789210075023, 0.11548395293711153] - [0.03578902144124832, 0.20005438333153344, -0.12025859106088613, -0.12439460240707052] - [0.026507086449952564, 0.662436152433485, -0.1160617342199189, -0.1048266008647289] - [0.01920519090804312, 0.016076392831053977, 0.014333181622969244, 0.11481313503403882]
B1: -0.0014136322026294685 - -0.0006939662571911268 - -0.011375958777981329 - -0.009349122931630692
B2: -0.0314159072824778 - 0.011442858472119826 - 0.013422188447347886 - 0.007788882156026082
