Number: 290
Error: 2.5413985376327683e-08
A1: [-0.01258295729608626, -0.014958411865784938, 0.017612530312409863, 0.00812418656220595] - [0.06496420814980115, 0.18865734816363786, -0.14622315025168495, -0.11097835811982558] - [-0.09572678153409729, 0.4223336894691757, -0.05284251838900617, -0.2713758959136071] - [-0.0012261047760494287, -0.018127249938784104, -0.0037333676800945115, 0.02348703986611411]
A2: [0.1616808457953909, -0.1676624512029364, 0.00859374130359311, -0.0022411609821409283] - [0.03556451314042065, 0.20759423352657227, -0.11713202799873529, -0.1257150010395306] - [-0.08603719073854689, 0.5817108095577472, -0.23521713294241262, -0.2597635241787003] - [-0.0037158591690518786, -0.004402121592793524, 0.0012284002427504004, 0.007357589520948736]
B1: -0.00010095564194896307 - 0.00013449556904889188 - -8.23436746448782e-05 - -9.170791631566189e-05
B2: 7.176759888373578e-05 - 0.00030498868166057723 - 4.8093752813489466e-05 - -0.0001431136416225262
