Number: 3481
Error: 8.514104452005889e-10
A1: [0.06619694484290527, -0.11396795973010751, -0.024000185049917157, 0.0717066583989895] - [0.03734782893725893, 0.18814102204582056, -0.147462786918804, -0.07824087582424571] - [-0.06024160172349888, 0.3289390445756968, -0.12776505400921573, -0.14098024108441204] - [0.03920032746563731, -0.05317635449900632, -0.037269400514061635, 0.051843074593306296]
A2: [-0.009055942198739512, -0.346747347931711, 0.2495081477459485, 0.10651189608371041] - [0.08004623098081926, 0.03628915398118227, -0.05024310762173822, -0.06606488532548442] - [-0.042408558598292304, 0.2308807041417374, -0.040483859449391375, -0.14779890833514991] - [0.06811968643126676, -0.293484467165857, 0.14175490323011428, 0.08354495558728951]
B1: -1.1843537788657982e-05 - 2.7917312457546894e-05 - -8.73847390608383e-05 - 2.2087854371496057e-05
B2: -6.315968177153852e-06 - 6.419212264677568e-05 - -8.634277862197527e-06 - -3.368437903089716e-05
