Number: 6201
Error: 9.565264673278881e-16
A1: [0.08043164655085874, -0.18046784887995124, -0.019588895061466084, 0.11962493360879996] - [0.03741555636821762, 0.13359636256731036, -0.1347262097767638, -0.036285848709853304] - [-0.001702826719531878, 0.22819010880019738, -0.1228283903406653, -0.10365891792914743] - [0.03886321909574844, -0.11448103384275907, -0.0464164567193812, 0.12203421262909399]
A2: [0.03530740005222216, -0.02927351892499496, -0.07569739084363315, 0.06966336273071529] - [0.10289371651272972, 0.2828966668172626, -0.39260642928851536, 0.006815960235471104] - [-0.011187063589052772, 0.5390146273061922, -0.3594509810377343, -0.16837642620716856] - [0.09786278399018088, 0.017463301007704473, -0.16885102519106393, 0.05352486219971322]
B1: -2.5491371791731677e-08 - -7.323258964665963e-09 - -8.173525344033051e-09 - -7.767744143431667e-09
B2: -2.376080079616526e-08 - -3.0070400996148855e-08 - 9.48562550894516e-10 - -8.531486183866654e-09
