Number: 9281
Error: 1.5943426368246413e-09
A1: [0.05312433423586766, -0.14804950255999805, -0.02704716706186823, 0.1217795954672147] - [0.005203402883049917, 0.13072628806587966, -0.11371102068741798, -0.022660196968434243] - [-0.014442241250252279, 0.22309387005416842, -0.12703890169573454, -0.08160368788801346] - [0.02699177379339814, -0.10017471261282801, -0.04957945042507489, 0.12214310346682855]
A2: [0.08951988947092786, -0.07264842965612577, -0.12336800409862789, 0.10755512466497981] - [0.10895776322317535, 0.2499303093412515, -0.4047315962771658, 0.046307511974983506] - [0.036533650268120915, 0.4624534472885427, -0.3778172551678401, -0.12157658099371772] - [0.14332663508503318, -0.04470602244182067, -0.20159697190142456, 0.10257856623123376]
B1: 3.658592209682052e-05 - -1.3766379898610583e-06 - -5.829005796252761e-05 - -5.906292576210449e-05
B2: 1.7757071825224258e-05 - -3.0117484254602356e-05 - 2.8195680682347344e-05 - -2.1635941857762655e-05
