Number: 117
Error: 0.00019963456356243792
A1: [-0.028445826324145846, -0.03200143070212369, 0.0005859245150004822, -0.007703445900237674] - [0.08779185438401896, 0.2121525278249371, -0.1236608738375441, -0.08705316326860048] - [-0.11201090350871694, 0.4074890367841469, -0.07009821033413167, -0.2893957005972906] - [-0.010298076111726069, -0.025759877157315966, -0.012456937931360004, 0.01422608041480151]
A2: [0.22923676788872388, -0.10176161736110192, 0.07482309809184505, 0.06325959690400008] - [0.07542480524590507, 0.2450967547388535, -0.07933775161352155, -0.0885255397754382] - [-0.028302452740464036, 0.6388576045605269, -0.1791886564049121, -0.20396557980784416] - [0.0763721318026029, 0.075943670817371, 0.0805292033699513, 0.08384894114672588]
B1: 0.0030321543550170978 - 0.21363931254347862 - 0.004206444373879403 - 0.00036955304767875364
B2: 0.005834454070678681 - 0.20688661419852722 - 0.002801948950797325 - 0.0014328065763141327
