Number: 8545
Error: 1.3259753980602217e-15
A1: [0.08043168129252794, -0.1804678141421957, -0.019588860361355057, 0.11962496834651258] - [0.03741559062934583, 0.1335963968025718, -0.1347261755836701, -0.03628581446758458] - [-0.0017027557641176034, 0.22819017975407968, -0.12282831948914423, -0.10365884699266548] - [0.038863246663127696, -0.11448100635267132, -0.046416429169551444, 0.12203424017939106]
A2: [0.03530752441428524, -0.029273394218943705, -0.07569727260156608, 0.06966349288883752] - [0.10289381156444546, 0.28289676267571345, -0.392606337355618, 0.006816059768377265] - [-0.011187160843491641, 0.5390145294716638, -0.359451073091336, -0.16837652868738956] - [0.09786289063420647, 0.017463408136768808, -0.16885092367265672, 0.05352497414097696]
B1: 1.2533151981131517e-08 - -3.369754607806094e-08 - 3.6739694453663606e-08 - -1.5292745977288322e-08
B2: 4.9206760623479546e-08 - -2.2218481494320654e-08 - 9.671838606740394e-09 - 3.844718656756778e-08
