Number: 4458
Error: 1.1493939460602693e-15
A1: [0.06621319111771846, -0.11395207048431634, -0.02398394085158704, 0.07172287756974498] - [0.0374026224632403, 0.1881933793102113, -0.14740893661894394, -0.07818700001671185] - [-0.060229421531687415, 0.3289507519058425, -0.12775315881318358, -0.14096837107460433] - [0.03904617048128071, -0.05332267529991256, -0.037418579418201, 0.05169513130344085]
A2: [-0.009108605943163766, -0.34680321746041276, 0.24945505992571132, 0.10645664827205571] - [0.0800398002138041, 0.03628222944523463, -0.050250140187829806, -0.06607198766012273] - [-0.042452816189067565, 0.23083189469576515, -0.04053124204192504, -0.1478478353574728] - [0.06813472595565195, -0.29346791037468195, 0.14177118340193468, 0.08356180122954927]
B1: 2.335566721654353e-09 - -1.0161475898289356e-08 - 9.279653413081646e-09 - -8.937279665147866e-09
B2: -4.7858528705449405e-09 - 2.6519533832687124e-09 - -6.454562225389056e-09 - -5.403622365972258e-09
