Number: 6137
Error: 8.792776546961566e-16
A1: [0.08043160652930544, -0.18046788889697749, -0.019588935035165952, 0.11962489359181572] - [0.03741553080537907, 0.1335963370238126, -0.1347262352886687, -0.03628587425853306] - [-0.0017029076544624654, 0.2281900278670013, -0.1228284711570935, -0.10365899884247944] - [0.03886303659670956, -0.11448121582963354, -0.04641663910212903, 0.1220340302434781]
A2: [0.03530742008031577, -0.029273498841505464, -0.07569737180119035, 0.06966338369230274] - [0.10289382267609772, 0.28289677388165685, -0.3926063266087263, 0.0068160714040811955] - [-0.011187100509609589, 0.5390145901654183, -0.35945101598382495, -0.16837646511167528] - [0.09786279821330197, 0.017463315295521798, -0.16885101165158065, 0.0535248771293718]
B1: -4.1363758811326255e-08 - 3.854608931503007e-08 - -5.916564674744433e-08 - -7.1290816160437975e-09
B2: 7.68914047163586e-08 - 8.149155573056105e-08 - -2.0131788534289157e-07 - -1.9266877707479078e-08
