Number: 458
Error: 8.692142598245355e-13
A1: [-0.012157855793077285, -0.014521752911377667, 0.018082351691776903, 0.008578329297092964] - [0.06583013148715797, 0.18949035113259163, -0.14532784727614428, -0.11001424347871071] - [-0.09630216493395531, 0.4217773038620036, -0.05346719781696987, -0.2720463254836689] - [-0.0013312415711468637, -0.018228613088211144, -0.0038454798798624326, 0.02336548434080128]
A2: [0.1615833166091403, -0.16775811341518743, 0.008497998433335843, -0.0023363879842596812] - [0.03548635436912427, 0.20751734249030307, -0.11720979600962314, -0.12579141241667674] - [-0.08621216848738301, 0.5815394697851262, -0.2353873875138119, -0.25993422614865364] - [-0.00383506811344119, -0.00451938892008948, 0.001110157147710273, 0.007243296363143338]
B1: -1.7335839150140015e-06 - -2.0219148121327216e-06 - -3.764121096150974e-07 - -1.6245992399943e-07
B2: 1.8367895174843427e-06 - -3.793224950206262e-06 - -9.700577623254217e-09 - 1.133594656908864e-06
