Number: 4197
Error: 1.1681285412789285e-15
A1: [0.06621317245919855, -0.11395208872585852, -0.02398395949544689, 0.07172285894255012] - [0.03740261740484884, 0.18819337447726442, -0.14740894159173543, -0.07818700498993043] - [-0.06022938447672098, 0.3289507874951621, -0.1277531225533225, -0.14096833500982467] - [0.0390460996491826, -0.053322742531132054, -0.03741864794592827, 0.0516950633321166]
A2: [-0.009108480704572607, -0.34680308460187215, 0.24945518617764784, 0.10645677957790474] - [0.08003984028073559, 0.036282272608766604, -0.05025009639698373, -0.06607194349746275] - [-0.04245282560197985, 0.23083188430706778, -0.04053125212921697, -0.14784784576788884] - [0.06813483364743411, -0.2934677918013713, 0.14177130015019215, 0.08356192197188607]
B1: 5.002682543896795e-09 - -3.0977628022228836e-10 - -1.7349213169876213e-08 - 7.2926047165025635e-09
B2: 4.198723166784539e-09 - 1.0216487089257632e-08 - -6.900009561409961e-09 - -1.527263051422942e-08
