Number: 397
Error: 5.4139195281268544e-11
A1: [-0.012176908025668327, -0.014541318875290858, 0.01806129471221509, 0.008557971398538484] - [0.06582238645064854, 0.18948290080471675, -0.1453358550643713, -0.11002286689520288] - [-0.09627847061615263, 0.4218002048340578, -0.05344148500778102, -0.2720187202905662] - [-0.0012925538047951397, -0.018191405672291557, -0.003804295827078284, 0.023410201040081385]
A2: [0.16156723125809216, -0.16777389817896587, 0.008482236198961992, -0.0023520701460383433] - [0.03548227782047469, 0.20751333121905424, -0.11721385585741495, -0.12579540081652693] - [-0.08624032006390035, 0.5815118933851228, -0.2354147824713575, -0.25996168112198664] - [-0.0038374706643583955, -0.004521752007150955, 0.0011077788141810644, 0.007240997109012429]
B1: -3.48797510517012e-06 - -1.6415776542105014e-05 - -8.854012253434795e-06 - -4.440623371954544e-06
B2: 3.3692581576769977e-06 - -1.5619065472096177e-05 - -3.658022552129421e-06 - 4.865202344172068e-06
