Number: 6395
Error: 1.0829035234500882e-15
A1: [0.08043169550170838, -0.18046779993464937, -0.019588846169148556, 0.1196249825540562] - [0.03741558229453005, 0.13359638847399638, -0.1347261839021103, -0.03628582279790547] - [-0.001702802379433226, 0.22819013313977424, -0.12282836603620358, -0.10365889359554703] - [0.03886322839339249, -0.11448102457121097, -0.046416447427660566, 0.12203422192095678]
A2: [0.035307427850194396, -0.029273491050134364, -0.07569736441369863, 0.06966339182432826] - [0.10289375764505228, 0.28289670829868196, -0.3926063895058798, 0.006816003307042644] - [-0.011187064424429516, 0.5390146264658305, -0.359450981828432, -0.16837642708743386] - [0.09786281596549432, 0.017463333128464584, -0.1688509947526527, 0.053524895763403836]
B1: -7.319736353628276e-09 - 8.99131009607471e-09 - 6.617018456820639e-09 - 4.584785588571059e-09
B2: 2.604176780598382e-09 - 1.0708238920662226e-08 - -5.6751447059290596e-09 - -2.4868172439313e-10
