Number: 9888
Error: 9.580058656288033e-16
A1: [0.05317255571125695, -0.1480012654027408, -0.026999041755850873, 0.12182782755574714] - [0.0053137552584301044, 0.13083672974724037, -0.11360070833615814, -0.022549727884691544] - [-0.014444427200629684, 0.2230916702235956, -0.12704113025994895, -0.08160588360536983] - [0.027146557758833012, -0.10001994037529471, -0.04942441053047573, 0.12229821831501936]
A2: [0.08925463012712326, -0.07291320187342094, -0.12362725577786945, 0.1072865539783399] - [0.10884178024014415, 0.24981423256152205, -0.40484523911098913, 0.04618953239483944] - [0.03663588689012318, 0.46255507461257317, -0.37771749400642485, -0.12147331301812059] - [0.1434264696567448, -0.04460658700122885, -0.20149949988184646, 0.10267989949139829]
B1: 2.8032120463894208e-08 - 1.607769479266621e-08 - 1.3854213365913425e-08 - 2.2603117513324804e-08
B2: -6.197611550585137e-10 - 2.747881616375478e-09 - 1.4569459890142871e-08 - 4.20673151544157e-08
