Number: 7393
Error: 8.985598660300013e-16
A1: [0.08043169860293119, -0.18046779683378178, -0.01958884307163807, 0.11962498565492345] - [0.03741554424762119, 0.13359635045588603, -0.13472622187320413, -0.03628586082373714] - [-0.0017028061140961545, 0.22819012940518574, -0.12282836976540115, -0.1036588973292111] - [0.0388631937125946, -0.11448105915468557, -0.04641648208636525, 0.12203418726170985]
A2: [0.035307485860086106, -0.029273432879784594, -0.07569730925862635, 0.06966345253795814] - [0.10289377850661881, 0.2828967293373073, -0.3926063693288289, 0.006816025152144646] - [-0.011187061525110927, 0.5390146293824228, -0.3594509790841173, -0.16837642403237896] - [0.09786283487748655, 0.01746335212647907, -0.16885097674964358, 0.05352491561481657]
B1: -9.85346430964208e-09 - -1.6501408062792697e-08 - -1.5892780200666712e-08 - -1.3086702180695981e-08
B2: 2.2037316913994896e-09 - -3.904578399007673e-08 - 6.510196131263714e-09 - -3.2188016269981285e-08
