Number: 6574
Error: 1.1689323149968152e-15
A1: [0.08043168168016483, -0.18046781375462792, -0.019588859974165745, 0.11962496873409102] - [0.03741556825224969, 0.13359637444234385, -0.13472619791641138, -0.03628583683240753] - [-0.0017027862455435568, 0.2281901492733199, -0.12282834992593644, -0.1036588774659632] - [0.03886320136466497, -0.11448105152408562, -0.046416474439165155, 0.12203419490902796]
A2: [0.03530743488417626, -0.029273483996696912, -0.07569735772588262, 0.06966339918615738] - [0.10289373638405556, 0.28289668685723973, -0.392606410069234, 0.006815981043666208] - [-0.01118710582101496, 0.5390145848223299, -0.35945102101118254, -0.16837647070848155] - [0.09786280287480834, 0.017463319978233093, -0.16885100721413315, 0.05352488202243927]
B1: -1.2600658476339817e-09 - -1.5596797453717182e-09 - -7.39132667490977e-10 - -2.006884761263161e-09
B2: -2.147485131151618e-09 - -1.3959900497259935e-08 - 2.889050485393095e-08 - -1.9465828406812384e-08
