Number: 4835
Error: 1.1069849223023172e-15
A1: [0.06621316390619063, -0.11395209708774348, -0.023983968041755826, 0.07172285040386592] - [0.03740259805980738, 0.1881933559943969, -0.1474089606093911, -0.07818702400928451] - [-0.06022928187826106, 0.3289508860353837, -0.12775302215649315, -0.14096823515277643] - [0.03904601182767232, -0.05332282588800639, -0.037418732910270924, 0.051694979057612396]
A2: [-0.009108681778863852, -0.34680329791009123, 0.24945498347635675, 0.10645656876259994] - [0.08003986944603925, 0.0362823040281613, -0.05025006452091646, -0.0660719113507608] - [-0.04245280295945594, 0.23083190929677655, -0.04053122786444338, -0.14784782072609118] - [0.06813488148578543, -0.2934677391295247, 0.14177135201117988, 0.08356197560720359]
B1: -6.6395025896394475e-09 - 5.357816838103309e-09 - 2.5761807096538172e-09 - 3.269366816317807e-08
B2: 2.3051402991702146e-08 - 1.3523252499250838e-08 - 3.3698446990966654e-08 - -4.0335309310859404e-08
