Number: 7828
Error: 9.961372958316826e-16
A1: [0.08043165555783052, -0.18046783987401058, -0.019588886065259357, 0.11962494261474362] - [0.03741558899051672, 0.1335963951649105, -0.13472617721945165, -0.036285816105625174] - [-0.0017028356435508916, 0.22819009987636082, -0.12282839925161106, -0.10365892685078061] - [0.03886319583931216, -0.11448105703394167, -0.04641647996099445, 0.12203418938710883]
A2: [0.035307506063009975, -0.029273412620972963, -0.07569729004987712, 0.06966347368244274] - [0.10289375086883695, 0.28289670146497636, -0.3926063960597262, 0.006815996211352711] - [-0.01118707087855762, 0.5390146199731899, -0.35945098793732877, -0.1683764338884546] - [0.09786284576029647, 0.01746336305879611, -0.16885096638987235, 0.053524927038185746]
B1: -3.3150435243339144e-08 - 4.64213803248002e-11 - 1.2956475657630505e-09 - -1.2077029078159582e-08
B2: -2.433173047928807e-08 - 1.622321692082399e-08 - -1.671021248273079e-08 - -2.4180733472803585e-08
