Number: 6398
Error: 1.0596780730574062e-15
A1: [0.08043169609416044, -0.18046779934226445, -0.019588845577404927, 0.11962498314644059] - [0.037415586581859624, 0.13359639275808102, -0.13472617962332342, -0.03628581851295087] - [-0.0017028045002803753, 0.22819013101897231, -0.12282836815394546, -0.10365889571582818] - [0.03886322845668476, -0.11448102450809633, -0.04641644736440864, 0.1220342219842097]
A2: [0.03530741784139996, -0.029273501086611912, -0.07569737392992806, 0.06966338134903444] - [0.10289376020663568, 0.28289671088200585, -0.3926063870283504, 0.006816005989395589] - [-0.01118706582831986, 0.5390146250535666, -0.35945098315724405, -0.1683764285667629] - [0.0978628157176806, 0.017463332879523622, -0.16885099498855521, 0.05352489550327998]
B1: -9.737058667223352e-09 - 8.08924046450101e-09 - 8.138428830916091e-09 - 2.8441577162188524e-09
B2: 5.271918672979761e-09 - 1.0098699115971903e-08 - -1.188074497928509e-09 - 1.7814913512880285e-10
