Number: 9238
Error: 5.5478499067342976e-08
A1: [0.053580790903247466, -0.14759398607425825, -0.026591939616926116, 0.12223657281970751] - [0.005468527867907898, 0.13099183921263913, -0.11344558615827281, -0.022394086950634346] - [-0.014272209875079359, 0.22326378248227474, -0.12686903811049027, -0.08143305045270376] - [0.027738969902280048, -0.09942891392159732, -0.048831804447772124, 0.12289272925617785]
A2: [0.08931951131421179, -0.07284688483459811, -0.12356282934189529, 0.107352316944695] - [0.1094012945424592, 0.25037324512147435, -0.4042971095756707, 0.04675877113470209] - [0.036816220690087414, 0.4627340735945726, -0.37754149655635283, -0.12129055593901983] - [0.1429089605254929, -0.04512092252607426, -0.20200378258388232, 0.10215463070266614]
B1: 0.0001140030562096623 - 0.00012161609922583519 - -0.00018767059484430242 - 3.57583609325689e-05
B2: -0.00018229398961314104 - 0.00018617547100525993 - -0.0003150825238706109 - -0.00039591713321359074
