Number: 6355
Error: 8.289166479756678e-16
A1: [0.08043172060242315, -0.1804677748367761, -0.019588821098445904, 0.119625007651905] - [0.037415640049546256, 0.13359644618530148, -0.13472612626217176, -0.036285765074881134] - [-0.0017027798270736396, 0.22819015569165285, -0.12282834351686443, -0.10365887104920612] - [0.03886327966168286, -0.1144809734467994, -0.04641639619203952, 0.12203427315738331]
A2: [0.03530740859008624, -0.02927351036351643, -0.07569738272595121, 0.06966337166652159] - [0.10289382524120388, 0.2828967764685335, -0.3926063241277805, 0.006816074090115395] - [-0.011187009812446524, 0.539014681403554, -0.3594509301370301, -0.1683763695408487] - [0.09786282491929361, 0.017463342122991256, -0.16885098622921843, 0.05352490516198158]
B1: -2.9119302990815296e-08 - 2.0976273637542214e-08 - 8.898275571611381e-09 - -6.546790128981861e-09
B2: -3.1617362776818713e-09 - -1.0681971109926945e-08 - 1.45861442281684e-08 - 9.957013245827351e-11
