Number: 1867
Error: 1.2190863529062061e-07
A1: [-0.008246405496105481, -0.016033489010042902, 0.0019380089890076396, 0.018362006225441183] - [0.06817547242438231, 0.19118664196018334, -0.14533770038521374, -0.10836203851996029] - [-0.10932895247063522, 0.4449928736928085, -0.06745395411108096, -0.25457279425566726] - [-0.021523172812015302, 0.017188795814617016, -0.028122899842897446, 0.0408636721587434]
A2: [0.13110134093044984, -0.22515223084598654, 0.0221602258184288, 0.06966084201452913] - [0.032079096851558124, 0.20320487530233022, -0.11545044384750407, -0.12200269126814771] - [-0.09470194612666809, 0.5554630372283548, -0.23523149755506706, -0.22562302664677816] - [-0.01921562907449061, -0.017729015609908496, 0.009674181849668985, 0.03369432809708139]
B1: -0.0005587893874528789 - 0.0010003808873360282 - -0.0008595840054177131 - 0.00021899788313884143
B2: 0.0005741563782661939 - 3.3594120162576196e-05 - -0.0004796537396832616 - -4.45936029935986e-05
