Number: 1576
Error: 7.544900564085173e-08
A1: [-0.0069166997128670225, -0.014720059551877104, 0.0032788885665588465, 0.019732298268948237] - [0.06625022839756395, 0.18932963869065347, -0.14733101515637287, -0.11050369230437977] - [-0.11060401274555595, 0.443727679553207, -0.06872504741750299, -0.2559542323728257] - [-0.022047771915354536, 0.016641166475321382, -0.028587158662777244, 0.04030684314190407]
A2: [0.1315574136493209, -0.22465756153561856, 0.02263783421880901, 0.07013070706553763] - [0.03259312216303692, 0.20369692754678126, -0.11494103346897085, -0.12150936888413207] - [-0.09410673042043592, 0.5560477481472922, -0.2346947684032441, -0.22512809950194956] - [-0.021072123187182483, -0.019518075375293275, 0.007873951151979272, 0.03194407539293286]
B1: -3.13320257897849e-05 - -0.00013896824450164235 - 9.234817286907973e-05 - -7.825179767583503e-05
B2: -0.0005653906987838473 - 4.335595489145057e-05 - 0.0007695106049581985 - -4.754083910870038e-05
