Number: 1419
Error: 1.7792728155776261e-10
A1: [-0.0072285801483162595, -0.015035185892722935, 0.0029544849837110708, 0.019412628706419844] - [0.06686472726035206, 0.1899209881779517, -0.14669584571566877, -0.10982007737292628] - [-0.11263603363090242, 0.44173558125402634, -0.07084230790188324, -0.2581547043248178] - [-0.023680449642496975, 0.015038445373999282, -0.03025224309522824, 0.03858309019568244]
A2: [0.13171751860036626, -0.2244991653489383, 0.022795781492427423, 0.07028900266102657] - [0.03270824684207343, 0.20381025078441056, -0.11482654629916855, -0.1213968034907019] - [-0.09434079634508963, 0.5558175019759133, -0.23492523197888068, -0.22535799403446205] - [-0.02112126031165103, -0.01956559650592971, 0.007826573224949528, 0.031899288049083686]
B1: 9.249104459051355e-05 - -0.00010184242769810246 - 4.023912535017152e-05 - 4.289255908520557e-05
B2: 2.247743070723912e-05 - 2.7919732900422356e-06 - 1.9344467753777497e-05 - -7.709204051289686e-06
