Number: 4089
Error: 1.0208880316614827e-15
A1: [0.06621317578170587, -0.11395208547759682, -0.023983956175544878, 0.07172286225948235] - [0.0374026250925263, 0.1881933818223168, -0.14740893403416222, -0.07818699743168556] - [-0.060229347053627535, 0.32895082343796656, -0.12775308593330073, -0.14096829858676813] - [0.03904616633196602, -0.053322679238359864, -0.037418583432574946, 0.05169512732164016]
A2: [-0.009108545608366998, -0.3468031534546549, 0.24945512074871667, 0.1064567115298152] - [0.08003983263599329, 0.036282264373188475, -0.05025010475225196, -0.06607195192367879] - [-0.04245284607439819, 0.23083186171242892, -0.040531274068286875, -0.14784786840963154] - [0.06813481819052732, -0.29346780882009127, 0.14177128339342918, 0.08356190464185312]
B1: 4.194850465961148e-09 - -1.939292757158764e-09 - -1.5693377506367712e-08 - 1.21247923678562e-08
B2: -3.2024157761987403e-09 - 1.0080834500245189e-08 - -4.6194096108893825e-09 - -3.33993638445623e-09
