Number: 7438
Error: 1.2816220227989212e-15
A1: [0.08043171062115302, -0.18046778481692288, -0.01958883106778837, 0.11962499767177093] - [0.037415620707307445, 0.13359642685770007, -0.1347261455658693, -0.036285784406408124] - [-0.0017027941425385898, 0.22819014137649027, -0.12282835781136846, -0.10365888536084615] - [0.03886326174187893, -0.11448099131631907, -0.04641641410043375, 0.12203425524871045]
A2: [0.03530733274737975, -0.029273586415974943, -0.07569745483631907, 0.06966329228898971] - [0.10289371709672582, 0.2828966674062295, -0.39260642872369034, 0.006815960847039807] - [-0.011187094147242687, 0.5390145965657208, -0.35945100996168966, -0.1683764584074355] - [0.09786278761872418, 0.01746330465275785, -0.16885102173694852, 0.053524866008528765]
B1: -7.088690665903078e-09 - 2.0819195298377505e-08 - 3.6868085612085106e-08 - 1.7639860599800484e-08
B2: 2.0197282376877097e-09 - -2.0397840524004023e-09 - 1.90708564227298e-08 - 3.5900413663651747e-09
