Number: 973
Error: 0.00027602877360213075
A1: [0.05918601874737015, 0.05843216122157928, 0.09650565529819091, 0.08452144180512429] - [0.07663722650360055, 0.19984404388118418, -0.1341995464652392, -0.09803063819925639] - [-0.03403814677708833, 0.48175576817696036, 0.013666848665671954, -0.19997908239285192] - [0.0748235422295707, 0.05477742278508095, 0.07677104630676693, 0.11085236257667752]
A2: [0.1633019571623523, -0.1667830002695475, 0.010252096212632015, -0.0004893457521062332] - [0.0384068674002611, 0.2103054384292016, -0.11429735218072708, -0.12291407988835018] - [-0.072731176022167, 0.5943437468805437, -0.22226469258110126, -0.24669686417901845] - [0.011276785738495748, 0.010141057405574494, 0.016052283376968304, 0.021743261947379147]
B1: 0.0039065651048222905 - -0.002689802134541626 - -0.004742662333756631 - -0.001523656033806585
B2: 0.008940087284222319 - 0.02170205691780905 - 0.012130469233676531 - 0.005623775280628492
