Number: 6778
Error: 8.221579138805854e-16
A1: [0.08043162302256987, -0.18046787240557866, -0.01958891856162447, 0.11962491008319508] - [0.03741554488842076, 0.13359635109619955, -0.1347262212336882, -0.03628586018329484] - [-0.0017028654796420852, 0.22819007004090922, -0.12282842904402305, -0.10365895667891527] - [0.03886318497536676, -0.11448106786738704, -0.04641649081802123, 0.12203417852991519]
A2: [0.035307449107511275, -0.02927346973402212, -0.07569734420251947, 0.06966341407242267] - [0.10289374039600317, 0.2828966909032379, -0.392606406188933, 0.006815985244764646] - [-0.011187088585309285, 0.5390146021608364, -0.3594510046972072, -0.1683764525466212] - [0.09786281743233342, 0.017463334601974544, -0.16885099335631126, 0.05352489730310132]
B1: -9.564848139153504e-09 - -1.5232386821388374e-08 - -7.1135443827690226e-09 - -9.89008568313457e-09
B2: -1.594739825524307e-08 - -5.318598076691391e-09 - -5.2017330007524996e-09 - -4.212980411757331e-09
