Number: 8352
Error: 1.0673398482445517e-15
A1: [0.0804317059821426, -0.18046778945542502, -0.019588835701301766, 0.11962499303325708] - [0.037415591683365494, 0.13359639785577104, -0.13472617453182462, -0.03628581341416714] - [-0.0017028032901542946, 0.2281901322290672, -0.12282836694559046, -0.10365889450601466] - [0.038863254874447646, -0.11448099816447745, -0.046416420963503, 0.12203424838553581]
A2: [0.035307228831057386, -0.029273690619646398, -0.07569755363899047, 0.06966318352967332] - [0.10289370857640992, 0.2828966588136307, -0.3926064369644306, 0.006815951925050268] - [-0.011187157816539393, 0.5390145325166228, -0.3594510702261976, -0.16837652549786558] - [0.09786283228328829, 0.017463349520433186, -0.16885097921910355, 0.05352491289168151]
B1: -1.9061433864972642e-10 - 2.438952994933522e-08 - 1.5834442884755186e-08 - 1.7545527381181934e-08
B2: 1.1652488514588375e-08 - 1.0378997385765644e-09 - 8.238620978657162e-09 - 9.395988782093545e-09
