Number: 7696
Error: 8.833005510537337e-16
A1: [0.08043166648497577, -0.18046782894810384, -0.019588875151179512, 0.11962495354064066] - [0.037415557932188696, 0.13359636413008888, -0.13472620821589426, -0.03628584714674735] - [-0.0017028424513664624, 0.22819009306869065, -0.12282840604945906, -0.10365893365677963] - [0.03886321092132032, -0.11448104199425939, -0.04641646488859548, 0.12203420445974394]
A2: [0.03530734776436785, -0.02927357135745009, -0.07569744055838407, 0.06966330800592588] - [0.10289365357366903, 0.2828966033440565, -0.39260649016239463, 0.006815894329170831] - [-0.011187138398011201, 0.539014552051021, -0.35945105184603793, -0.16837650503597543] - [0.09786277021034905, 0.01746328716520111, -0.16885103830861123, 0.053524847735423584]
B1: 2.6335264610565888e-08 - -1.6366214679185207e-08 - -2.5165873192269965e-08 - -9.950995817571152e-09
B2: -6.051498645992848e-09 - -5.224900595934863e-09 - -9.611089530719284e-09 - -3.778907598737768e-09
