Number: 9604
Error: 2.397041208722973e-14
A1: [0.05317276627239308, -0.1480010547693526, -0.026998831429842808, 0.12182803821727937] - [0.005313884809984176, 0.13083685943123372, -0.11360057880763413, -0.02254959814991312] - [-0.014444196171384985, 0.2230919013360116, -0.12704089941491709, -0.08160565249265718] - [0.027147225356837775, -0.10001927278388831, -0.04942374152749046, 0.12229888760578703]
A2: [0.08925383577524872, -0.0729139943868442, -0.12362803222985932, 0.1072857498332452] - [0.10884306675118677, 0.24981551929786386, -0.40484397808368655, 0.0461908405521461] - [0.036635946047523245, 0.4625551334627691, -0.377717436288996, -0.12147325324658229] - [0.14342678502267356, -0.04460627281344722, -0.20149919195807567, 0.10268021953538112]
B1: 5.129688925298193e-08 - -1.1266450727303935e-07 - 1.280596329121824e-07 - -2.124853186968938e-07
B2: -9.678688499658455e-08 - 9.312738475041992e-09 - 3.320232932134581e-08 - -2.5516343767188744e-07
