Number: 4227
Error: 7.002595293299386e-16
A1: [0.06621322685949413, -0.11395203554123104, -0.0239839051378422, 0.07172291325154653] - [0.037402684141609605, 0.188193438239709, -0.14740887598438213, -0.07818693937677731] - [-0.06022935235901521, 0.32895081834244794, -0.12775309112482908, -0.14096830375037228] - [0.039046074566954, -0.053322766338236655, -0.03741867221214489, 0.051695039262935304]
A2: [-0.009108479436111486, -0.34680308325623654, 0.24945518745637216, 0.10645678090781407] - [0.08003983956001719, 0.036282271832346356, -0.050250097184688, -0.06607194429185557] - [-0.042452852961943024, 0.23083185411091595, -0.04053128144923244, -0.14784787602697066] - [0.06813488259774161, -0.29346773790495323, 0.14177135321704398, 0.08356197685421822]
B1: -2.711920520495388e-08 - 2.399395355350546e-08 - -1.72144485877317e-08 - 3.5793846109563156e-08
B2: 1.2047178777083356e-08 - 3.705065776700267e-08 - 9.182193342517746e-09 - -3.812557572245763e-08
