Number: 1143
Error: 3.920722749161544e-07
A1: [-0.007847734839250527, -0.015635516595833635, 0.002348968722924116, 0.01875969269851713] - [0.0692117125114087, 0.19216456460909398, -0.14427455783009105, -0.10719101629154318] - [-0.11023001641828985, 0.44414046149621833, -0.06830127352235033, -0.25554684957312396] - [-0.02230253107528321, 0.016365907468783747, -0.028746574515321418, 0.040072831187878855]
A2: [0.12986770357092847, -0.22633054457615673, 0.020991957390616524, 0.06847630627907568] - [0.03355151850764397, 0.20465870252228338, -0.11398955353946601, -0.12057257726290478] - [-0.09731943553747942, 0.5529014469057449, -0.23782040053431538, -0.22832161828526873] - [-0.025956400648752972, -0.02439216780660236, 0.0030290464600323855, 0.027208192465203312]
B1: 0.00019478272148725493 - 0.0008161740951619079 - -0.000595986169032732 - 0.0012009239056191333
B2: -0.0007979310688136965 - 0.001126142507486075 - -0.0002786868488450617 - 0.00077699569882098
