Number: 8335
Error: 8.38075039194346e-16
A1: [0.08043170093046843, -0.18046779450653108, -0.019588840746939284, 0.11962498798215414] - [0.03741560054439974, 0.13359640671010178, -0.13472616568844364, -0.03628580455803791] - [-0.0017027963065423864, 0.2281901392125267, -0.12282835997220676, -0.1036588875242717] - [0.03886324602203429, -0.11448100699205171, -0.04641642981027902, 0.12203423953861872]
A2: [0.03530726332658827, -0.029273656028701103, -0.07569752084100582, 0.06966321963291273] - [0.10289375751626062, 0.28289670816882456, -0.3926063896303984, 0.006816003172150086] - [-0.011187115659064648, 0.5390145749255383, -0.3594510303231404, -0.16837648107516318] - [0.09786285919930972, 0.01746337655887769, -0.16885095359674168, 0.05352494114468226]
B1: -2.852507718859579e-08 - 5.956331782735795e-09 - 9.617747325329257e-10 - 9.948918950050996e-09
B2: 1.1891951690791273e-09 - -1.0369570188719091e-08 - -1.4436489108536065e-08 - 3.371280411137435e-09
