Number: 6624
Error: 1.1940458234381447e-15
A1: [0.08043168201437761, -0.18046781342045284, -0.0195888596403525, 0.1196249690682657] - [0.03741559640037181, 0.13359640256916225, -0.13472616982437494, -0.03628580869987787] - [-0.001702848226529621, 0.22819008729365525, -0.12282841181617264, -0.10365893943040771] - [0.03886324351520642, -0.1144810094918343, -0.046416432315482384, 0.12203423703337218]
A2: [0.035307461733712193, -0.029273457072898138, -0.07569733219769484, 0.06966342728711789] - [0.10289375063589981, 0.2828967012300414, -0.39260639628503846, 0.006815995967432855] - [-0.011187084397751441, 0.5390146063733751, -0.35945100073360475, -0.16837644813403255] - [0.0978628284086802, 0.01746334562825069, -0.16885098290754738, 0.05352490882470091]
B1: 2.77702084828579e-10 - 6.16716608131434e-09 - 7.389496966625262e-10 - 1.1512947472436815e-10
B2: 2.8373992351211747e-09 - 9.668269762477235e-09 - -1.846884397833259e-08 - 1.33879869259887e-08
