Number: 6730
Error: 8.643752943298883e-16
A1: [0.08043166501960843, -0.1804678304132973, -0.019588876614801087, 0.11962495207543744] - [0.037415573841003295, 0.13359638002686852, -0.13472619233879388, -0.03628583124675008] - [-0.001702836426744144, 0.22819009909318705, -0.1228284000336626, -0.10365892763377071] - [0.03886321505417563, -0.11448103787299137, -0.046416460758378394, 0.12203420859002986]
A2: [0.035307428254631755, -0.029273490644577804, -0.07569736402916809, 0.06966339224761921] - [0.10289375405421067, 0.2828967046773643, -0.3926063929788941, 0.006815999546905398] - [-0.011187127146250335, 0.5390145633698955, -0.3594510411959707, -0.16837649317963815] - [0.09786278848228738, 0.017463305520244568, -0.1688510209148773, 0.05352486691497295]
B1: -6.099390934355755e-09 - 6.398300113993655e-10 - -1.2276595368725444e-08 - -8.60529395665986e-09
B2: -7.0904607747157255e-09 - -3.877777796552279e-09 - -5.717366144659469e-09 - -4.100942490610161e-09
