Number: 3221
Error: 0.01064814942515291
A1: [0.10427232753274991, -0.037917548181819166, 0.0032902603667646912, 0.09166245359301216] - [-0.28199653346793924, -0.13438311689185073, -0.46945217603556655, -0.395311870446641] - [-0.11834514903802891, 0.37500552336493087, -0.1222954228232307, -0.12918328214748453] - [-0.13446927976050166, -0.16789110787945521, -0.18273485508516288, -0.08481980105228781]
A2: [0.495970642467615, -0.04107541812492649, 0.5420306130200918, 0.32254843398715566] - [-0.04106154757855552, 0.010576441499244114, -0.10793928199261038, -0.19612849827264783] - [0.014932488082175798, 0.34837640779493084, -0.09769391623829021, -0.2264122833852407] - [-0.06561435890243772, -0.29307325187565836, -0.086426304359815, -0.15049237293676176]
B1: -0.12568967198516437 - -0.29395185482248676 - -0.13674139241404223 - -0.10089325044048614
B2: -0.15394270485380937 - -0.4279738704197254 - -0.1719626117396471 - -0.25029725211028353
