Number: 5176
Error: 9.404176660389657e-16
A1: [0.06621314333498102, -0.1139521171992631, -0.023983988596831693, 0.07172282986717401] - [0.03740249161261272, 0.18819325429131747, -0.14740906525512723, -0.07818712866428115] - [-0.06022929335578029, 0.32895087501173836, -0.12775303338773095, -0.14096824632354996] - [0.0390460663078575, -0.05332277417743859, -0.03741868020251711, 0.05169503133736508]
A2: [-0.009108515636238743, -0.3468031216589869, 0.24945515096307147, 0.10645674295391988] - [0.08003985473387294, 0.03628228817895438, -0.050250080600420605, -0.06607192756684893] - [-0.042452758991049146, 0.2308319578228326, -0.04053118074633381, -0.14784777209886132] - [0.06813482821873308, -0.2934677977788394, 0.1417712942644779, 0.08356191588509236]
B1: 3.982112913175435e-08 - -1.8482783613767994e-09 - 4.862625403579846e-09 - 9.490346695284347e-09
B2: -2.4749027434274795e-08 - 6.098514684056563e-09 - 1.0964191170397499e-07 - -1.449746586323013e-08
