Number: 6890
Error: 1.0415124745847722e-15
A1: [0.08043166580927644, -0.1804678296237181, -0.01958887582607774, 0.11962495286501507] - [0.03741557880962482, 0.13359638499172932, -0.1347261873800723, -0.036285826280880965] - [-0.0017028322923693974, 0.22819010322747313, -0.12282839590534171, -0.10365892350049974] - [0.03886322003340063, -0.11448103290774, -0.046416455782326366, 0.12203421356616004]
A2: [0.03530753401422099, -0.029273384592472192, -0.07569726347430364, 0.06966350293650525] - [0.10289375191800994, 0.2828967025230335, -0.39260639504499945, 0.006815997309990136] - [-0.011187109829397305, 0.5390145807900334, -0.35945102480519714, -0.16837647493226315] - [0.09786283877396446, 0.01746335604068073, -0.16885097304045987, 0.053524919704865476]
B1: -1.2941138474229077e-08 - 1.9623783234679234e-08 - -3.2495422025803055e-08 - -6.0642381951086945e-09
B2: -1.0303807402802414e-08 - -5.878091316013373e-09 - -9.35934536446684e-10 - -5.477213856232431e-09
