Number: 4978
Error: 9.409965645478529e-16
A1: [0.0662132453942011, -0.11395201742067941, -0.02398388661767872, 0.07172293175514279] - [0.03740263512016233, 0.18819339140307062, -0.14740892417620993, -0.07818698757288128] - [-0.06022941223037914, 0.32895076083924724, -0.127753149711435, -0.1409683620216765] - [0.03904619172225863, -0.053322655138717714, -0.037418558868180796, 0.05169515168653659]
A2: [-0.0091085164760684, -0.3468031225499509, 0.24945515011662497, 0.10645674207334603] - [0.08003984243549879, 0.03628227493009995, -0.05025009404185548, -0.06607194112237745] - [-0.04245278536823362, 0.2308319287114993, -0.040531209013011375, -0.14784780127092054] - [0.06813479968232741, -0.2934678291985041, 0.14177126332850457, 0.08356188389063623]
B1: 3.5193137306991796e-08 - -6.898713616865937e-09 - -1.9254535544986292e-08 - -6.300264514023721e-09
B2: 3.418626858783591e-08 - 2.108219545007968e-08 - -2.6658588083173628e-08 - -1.3882449312570846e-09
