Number: 1356
Error: 1.8854664750847693e-09
A1: [-0.007077212858890565, -0.01488247327863437, 0.0031119336187478315, 0.019568060985533965] - [0.06684884656780485, 0.18990568795035329, -0.14671234348799717, -0.10983772701438531] - [-0.11267743939983665, 0.4416951105824644, -0.07088535244945263, -0.25819952994928935] - [-0.02375037534670994, 0.014969796177509789, -0.030323488875928294, 0.0385093593083552]
A2: [0.1315620663975894, -0.22465224848221776, 0.022643002533012067, 0.070137000879565] - [0.032752495206396635, 0.20385374065372908, -0.11478255652584218, -0.12135357438933457] - [-0.09465460780561392, 0.5555087580025878, -0.23523347992832483, -0.22566644907370642] - [-0.020874236597875608, -0.019322133317634663, 0.008071547502150755, 0.0321365966625355]
B1: -1.5706557459319217e-05 - -0.00024329749989541625 - 0.00012899741897280458 - -6.100635225724216e-05
B2: 2.0628260971191454e-05 - -7.16660939860931e-05 - -6.701932908987325e-05 - -7.16034684320637e-05
