Number: 2972
Error: 3.138484676357673e-08
A1: [0.06254628522898711, -0.04875583472448749, -0.02432260508727946, 0.006973605393900684] - [0.04332214525506015, 0.1909430910582651, -0.1429136966880722, -0.09288416624103556] - [-0.12372901815562881, 0.41458304804553503, -0.10514066133315968, -0.1873516367574469] - [0.036674780345233235, 0.018841348088624397, -0.03345982731057119, -0.023376068252915844]
A2: [0.06376837019024005, -0.1733616824193078, 0.0866520507024186, 0.024280633404134867] - [0.02920202198132557, 0.20021201857965334, -0.10179816026548368, -0.12795941017046158] - [-0.09292272438069406, 0.5141608120190111, -0.22511501678562282, -0.19462326660891321] - [-0.025214483487067577, 0.01922853126110543, -0.04957407860377688, 0.05767330396853981]
B1: 0.00013351713780450366 - 0.00019984543512611231 - -3.7423626209325304e-05 - -0.00016603582733113183
B2: -0.00016906113750532188 - -7.719615176176827e-05 - -1.3762488508358082e-05 - -0.0001374663353566007
