Number: 3110
Error: 1.3460358037963468e-06
A1: [0.06356649640080289, -0.04788680026539986, -0.023492245621860905, 0.00788375175186153] - [0.0421899551219249, 0.18978451968759683, -0.14414035606494296, -0.09418060865560493] - [-0.12283301169012413, 0.41532496176063377, -0.10439977192980984, -0.18655779054832786] - [0.039542429438884856, 0.021541555186015412, -0.030803954968607564, -0.02053428145358115]
A2: [0.06425518240540351, -0.17277902862368996, 0.08711966309336538, 0.024754837427108014] - [0.030774658804059316, 0.20176033510648422, -0.10019987652032564, -0.12640976603300708] - [-0.10109616419745135, 0.5061569488392628, -0.23332832071096113, -0.2025233294966311] - [-0.024187159388398428, 0.020226918515809125, -0.048592150939054106, 0.058551697285505404]
B1: 0.00545480751897149 - 0.0001762130537767536 - -0.0004693631183706184 - -0.0020936963498080718
B2: -0.0009162451684695979 - 0.00027106163365474886 - -0.0007080209296091057 - 0.00024294378654085656
