Number: 7920
Error: 1.0811939047971531e-15
A1: [0.08043170752695308, -0.18046778791077828, -0.019588834158286196, 0.11962499457792548] - [0.03741556437380944, 0.13359637056683607, -0.1347262017870866, -0.03628584070868709] - [-0.0017028252694435925, 0.22819011025024594, -0.12282838889269296, -0.10365891647944206] - [0.038863240676948886, -0.11448101232213871, -0.04641643515193418, 0.12203423419687534]
A2: [0.0353073252785571, -0.029273593905435578, -0.07569746193764071, 0.06966328447212868] - [0.10289364078475483, 0.2828965904466145, -0.3926065025316751, 0.006815880937331065] - [-0.011187099025389429, 0.5390145916584638, -0.3594510145789608, -0.16837646354771263] - [0.0978627352402936, 0.017463252036081168, -0.16885107159788576, 0.05352481102830077]
B1: -1.5149733478547653e-08 - 2.1490545889391013e-09 - 1.3752698483899104e-08 - 4.1744106061177096e-09
B2: 2.0630984101869714e-08 - -5.573584036357583e-08 - 2.085395697703362e-08 - 1.7900221481300931e-09
