Number: 885
Error: 7.765048319020773e-10
A1: [-0.012181781345811537, -0.014546366644513612, 0.01805589100798081, 0.008552740620080442] - [0.0657990631666492, 0.18946046661423102, -0.1453599684368684, -0.11004883316790794] - [-0.09627315489728033, 0.42180532934672194, -0.05343572399831315, -0.27201252983743124] - [-0.00116161652953079, -0.01806547325102025, -0.0036649182415005198, 0.02356155899694705]
A2: [0.16160603280936117, -0.16773576304166127, 0.008520295572856707, -0.0023141560455334034] - [0.03549657651960327, 0.20752740668418554, -0.11719961386857752, -0.12578140878136704] - [-0.0861876423166669, 0.5815635467068707, -0.23536349260823924, -0.25991024182071415] - [-0.0037746756138699266, -0.004459970770735487, 0.001169947305842838, 0.007301105382522259]
B1: -1.847367438934625e-05 - -2.533896710500501e-05 - -2.1134756510162207e-05 - -2.605395874168978e-05
B2: 3.656917621512269e-05 - -2.890988652448125e-05 - 1.662602202942773e-05 - -3.9338017380840116e-05
