Number: 3396
Error: 5.541960213831784e-08
A1: [0.06671834401017764, -0.11345805702916884, -0.023479777779559625, 0.07222790005754504] - [0.03717032248558779, 0.18797137410447756, -0.14763733304739424, -0.0784150684843828] - [-0.06500487519298694, 0.3243613204084777, -0.13243049291203354, -0.14562595660353206] - [0.03776027937119346, -0.054541889997249286, -0.0386624269094764, 0.05045777084033269]
A2: [-0.010720808546442678, -0.34851231714058667, 0.24783943185496263, 0.10477016234692621] - [0.07973896973944175, 0.03595809469103512, -0.05057936986170778, -0.06640691443008621] - [-0.043015936307459444, 0.23021020289740984, -0.041134316604104, -0.1484733545284997] - [0.06715540400512765, -0.2945443476489062, 0.14072214263502988, 0.08246983383150144]
B1: -0.0002903159484351353 - -0.00018310452676967705 - -8.095157630341718e-06 - 2.4054290393829884e-06
B2: -0.00024829415849905484 - -0.00011804548830787477 - 0.0002730883547105079 - -0.000968833813633325
