Number: 4560
Error: 6.231451888386699e-16
A1: [0.06621304858677692, -0.11395220983017594, -0.023984083270679118, 0.07172273527798384] - [0.03740245563510237, 0.18819321991722526, -0.1474091006238069, -0.07818716403609122] - [-0.06022951739486265, 0.3289506598345649, -0.1277532526192216, -0.1409684643759835] - [0.03904619345745472, -0.05332265349179472, -0.03741855718952562, 0.05169515335158836]
A2: [-0.009108548204183217, -0.3468031562084253, 0.24945511813181187, 0.10645670880817627] - [0.08003983284973712, 0.03628226460347814, -0.05025010451860292, -0.06607195168804975] - [-0.042452820496703514, 0.23083188994160198, -0.04053124665806723, -0.14784784012155375] - [0.06813471080202221, -0.29346792705947156, 0.14177116697377473, 0.08356178423957185]
B1: -2.3952069673125907e-08 - -4.048066079024014e-08 - -2.4594733097408138e-09 - -2.1877362002048907e-08
B2: -5.266528230476236e-08 - -7.917624771390466e-08 - 7.802509664850517e-08 - -2.659973578410163e-08
