Number: 1831
Error: 8.125240117720173e-08
A1: [-0.007202435129528727, -0.014989820551299082, 0.0030239366748355014, 0.019423374396419984] - [0.06694080005194056, 0.18999950156573722, -0.1466200265240307, -0.1097343459471184] - [-0.11255782006847637, 0.44184285869035733, -0.07080318266770053, -0.2580574075399833] - [-0.02261888656939243, 0.016117037161269103, -0.02924195039712958, 0.03971192983127236]
A2: [0.13205700049952923, -0.22420117579213833, 0.023137417224545796, 0.070616367320525] - [0.03349996920961371, 0.2046021427658969, -0.11403546194126331, -0.12061364725564461] - [-0.09250446816952931, 0.5576522036841818, -0.2330413288317742, -0.22343605685788476] - [-0.020794278291498703, -0.01928283920930962, 0.008143099846511213, 0.03219488180227541]
B1: 0.0003056111482411145 - 0.0010526745927127476 - -2.4490402672377163e-05 - 0.00019982517727112434
B2: 0.00021903362584040602 - 3.056801280860972e-05 - 0.0003505130821754603 - 9.26510146484164e-05
