Number: 5920
Error: 3.927469698610604e-10
A1: [0.08069460938600181, -0.18020493095046122, -0.01932622908276184, 0.11988787562611543] - [0.03765126945066961, 0.13383187088848253, -0.13449095098102778, -0.036050254255985376] - [-0.001549473668745059, 0.22834345706121412, -0.12267523385027529, -0.10350559215204527] - [0.03916150533977761, -0.11418354691444713, -0.04611830491439569, 0.12233233871231076]
A2: [0.03549479780799734, -0.0290856102861168, -0.07551924030972122, 0.06985949636845933] - [0.10285629508750072, 0.2828589258801608, -0.3926426544060625, 0.006776715139459676] - [-0.011273804352107966, 0.5389273893157456, -0.35953310028670366, -0.16846786903817734] - [0.09790485610099545, 0.017505571872087382, -0.1688109957812232, 0.05356900441696653]
B1: 1.6579057300431135e-05 - 4.03572855272984e-05 - -3.656813097404239e-05 - -1.605892637889455e-05
B2: -4.311807221786406e-05 - 1.5799640806105375e-05 - 9.113428347794323e-05 - -3.351853080915584e-05
