Number: 3600
Error: 2.9797088689999063e-12
A1: [0.06621139857656796, -0.11395382299079207, -0.023985732075691234, 0.0717210880145343] - [0.037405421026778456, 0.18819605314259363, -0.14740618541509606, -0.07818424854805726] - [-0.060223251812593734, 0.3289566775931387, -0.12774712136396157, -0.14096236630020725] - [0.03904890273842343, -0.05332008196336716, -0.03741593609729124, 0.0516977531523809]
A2: [-0.009102890577796901, -0.3467971543046719, 0.2494608215530691, 0.10646264050159528] - [0.08004800257186676, 0.036291065780275286, -0.050241175468334995, -0.06606294682079976] - [-0.04245864411813824, 0.23082546252236272, -0.04053748760789383, -0.14785428090102437] - [0.0681416653507758, -0.29346026979189743, 0.14177870645270144, 0.08356958164583295]
B1: -9.134202441266731e-07 - -1.941800965672568e-06 - 2.4281528338291417e-06 - -1.0351257065212636e-06
B2: 3.3092087964847907e-07 - 1.1563060276258401e-07 - 3.1101711687628026e-07 - -4.714071622988813e-06
