Number: 2907
Error: 5.527365406034818e-09
A1: [0.06342989253527065, -0.04787649829478985, -0.023447675531199443, 0.007850352671299013] - [0.043373155575690034, 0.19099188099917558, -0.14286174435657809, -0.09282965695626808] - [-0.12325933756284836, 0.41504498459350625, -0.10467370160740061, -0.1868892536069832] - [0.0370050614917317, 0.019167355228860726, -0.03313263963248167, -0.023052665311277334]
A2: [0.06325969706816051, -0.17386791250042868, 0.08614013729917053, 0.023775256247733183] - [0.02934069225327558, 0.20034868915087298, -0.1016596253259738, -0.1278235318856765] - [-0.09344034156550574, 0.5136519264879847, -0.22563638580679177, -0.1951274794833026] - [-0.02556663360041856, 0.018878702867532477, -0.049926445151003765, 0.05732855676397222]
B1: 0.000135133532376316 - -7.749463693468812e-05 - 0.00023893865619564853 - -2.178215487555654e-05
B2: 9.833070829884972e-05 - 2.761271570406778e-05 - -1.4841978927865279e-05 - -1.2534558153049033e-07
