Number: 3265
Error: 0.00010463412023821222
A1: [-0.021039733249768225, -0.20119846835468208, -0.11790277229952399, -0.020874194036198702] - [0.03433218721947692, 0.17945754241937115, -0.14908191035085405, -0.07969894633019686] - [-0.02997192110034145, 0.365969674070977, -0.08979237827451828, -0.1035029589145182] - [0.016908690189709724, -0.06863437179954958, -0.058379968219520725, 0.03142984443428576]
A2: [0.013156001017838665, -0.33274169861598246, 0.2770159691541606, 0.12958482168275307] - [0.0695426892147458, 0.0320651015087467, -0.06686331713137188, -0.08228752299128586] - [-0.12019059790076346, 0.12655218695657108, -0.1447381859863726, -0.24742174021540903] - [-0.004998166043848696, -0.3890866345944174, 0.042553015941295465, -0.010999720959951748]
B1: -0.012483369289613543 - -0.03168218878485359 - 0.004898348087262774 - 0.003835955574537719
B2: 0.0014086382459041012 - -0.03438997435182635 - 0.012921499027525119 - 0.018787725135444383
