Number: 7190
Error: 9.568457769342033e-16
A1: [0.08043170462288818, -0.18046779081450345, -0.019588837058875316, 0.11962499167419322] - [0.03741560849888948, 0.1335964146585244, -0.13472615774996263, -0.036285796608062436] - [-0.0017028281947521367, 0.22819010732501094, -0.12282839181371162, -0.1036589194039689] - [0.038863255640780255, -0.11448099740029205, -0.046416420197642784, 0.12203424915140544]
A2: [0.035307421576147933, -0.02927349734153201, -0.07569737037899811, 0.06966338525786822] - [0.10289374714360656, 0.2828966977081135, -0.3926063996627333, 0.006815992310496504] - [-0.011187116218753805, 0.539014574362561, -0.3594510308528611, -0.16837648166495797] - [0.0978627909577655, 0.017463308006982637, -0.16885101855838966, 0.05352486951342446]
B1: 2.886899188814286e-09 - -6.7010303387244385e-09 - 6.4313857000820434e-09 - 5.6899430766182495e-09
B2: 5.848101985087585e-09 - 5.310965129370577e-09 - -1.1869626213894606e-08 - 9.357598715699381e-09
