Number: 5553
Error: 8.413202000884032e-10
A1: [0.0661985149439673, -0.11396641515311765, -0.023998602255765042, 0.07170822824637717] - [0.037375572771685794, 0.18816753712267284, -0.1474355270041422, -0.07821359334828401] - [-0.060240983735874026, 0.3289396515835584, -0.12776446829330657, -0.1409796207355034] - [0.039022930510626073, -0.053344731583971676, -0.03744106159970703, 0.05167283145510889]
A2: [-0.009001151435607055, -0.3466892263999638, 0.24956338589426375, 0.1065693127957521] - [0.08006396035214378, 0.036308257037938454, -0.05022373484181286, -0.06604535744590959] - [-0.042421708814904334, 0.23086622689416494, -0.04049790705765051, -0.14781343103215697] - [0.06816747054309111, -0.29343185762735324, 0.1418066812800199, 0.08359851491623124]
B1: 2.170385505797508e-05 - 1.1743851342394668e-05 - 2.081029222072415e-05 - 2.0834545643504955e-05
B2: -5.372395508965011e-06 - 2.496527587625278e-06 - -8.001739515894834e-06 - -1.4619674289889261e-05
