Number: 5391
Error: 8.737750993563888e-16
A1: [0.06621323355508343, -0.11395202899519156, -0.023983898447490173, 0.07172291993589873] - [0.037402670936898086, 0.1881934256236888, -0.147408888965495, -0.0781869523590586] - [-0.060229246596074384, 0.3289509199218674, -0.1277529876312981, -0.14096820081320005] - [0.039046203794533406, -0.05332264367998948, -0.03741854718847265, 0.05169516327138026]
A2: [-0.009108796694263701, -0.3468034198165967, 0.2494548676309049, 0.10645644828065258] - [0.08003981810814417, 0.03628224872262145, -0.05025012063000358, -0.06607196793647932] - [-0.04245288251015388, 0.23083182149999343, -0.040531313114163026, -0.14784790870581546] - [0.0681347834323538, -0.2934678470904649, 0.1417712457116102, 0.08356186567144368]
B1: 7.161084165076617e-09 - -1.4673430545466449e-07 - 2.606903237187708e-09 - -6.014508364340313e-09
B2: -2.8033831934756246e-08 - 4.044876343534212e-09 - -1.6732536283333308e-08 - -3.9440616372506666e-08
