Number: 5216
Error: 2.0157905608277646e-15
A1: [0.06621309234566437, -0.1139521670491583, -0.02398403954613702, 0.0717227789634258] - [0.03740254657374821, 0.18819330680297983, -0.14740901122410616, -0.07818707462848344] - [-0.06022935976797831, 0.3289508112263538, -0.1277530983748605, -0.14096831096113804] - [0.03904611900974206, -0.05332272415469064, -0.037418629215133725, 0.051695081910743595]
A2: [-0.009108576895908759, -0.34680318664574333, 0.24945508920776238, 0.10645667872665832] - [0.08003971917545924, 0.036282142143873, -0.05025022875787293, -0.066072076982293] - [-0.042452874669352145, 0.23083183015351846, -0.040531304711512055, -0.14784790003424378] - [0.06813473999932529, -0.29346789491191466, 0.14177119862637355, 0.08356181697525436]
B1: -3.2516012853222305e-08 - 3.0126347436454044e-08 - 9.584486597536482e-10 - -1.1038022175046282e-08
B2: -2.765135474021248e-08 - -4.715950532566891e-08 - -1.6059525278402786e-08 - -4.231590996126142e-08
