Number: 6378
Error: 8.33922931560456e-16
A1: [0.0804317028788251, -0.18046779255836762, -0.019588838800852274, 0.11962498993033067] - [0.03741559073427904, 0.1335963969073583, -0.13472617547917728, -0.03628581436283118] - [-0.0017027960630428612, 0.2281901394560301, -0.12282835972906123, -0.10365888728084222] - [0.03886323589528318, -0.11448101709037327, -0.04641643993055003, 0.1220342294181851]
A2: [0.03530756250509323, -0.0292733560227961, -0.0756972363856024, 0.06966353275535189] - [0.10289375829152493, 0.2828967089506415, -0.3926063888806201, 0.0068160039839943315] - [-0.011187073788505416, 0.5390146170459016, -0.359450990691729, -0.1683764369546927] - [0.09786286540714757, 0.017463382795012507, -0.16885094768742015, 0.05352494766106857]
B1: 2.881701055091982e-08 - 1.0292906235923018e-09 - -8.31096491913625e-09 - 1.4565166701631908e-08
B2: 1.3796726604298082e-08 - 2.179056079201741e-08 - 7.528471360319042e-09 - 9.835519946540509e-09
