Number: 6690
Error: 1.0178220050078583e-15
A1: [0.08043167463416157, -0.1804678207998332, -0.019588867011743966, 0.11962496168889258] - [0.03741557004890289, 0.13359637623763831, -0.1347261961233386, -0.03628583503674997] - [-0.0017028349332128727, 0.22819010058668646, -0.12282839854231813, -0.10365892614063801] - [0.03886321367773306, -0.11448103924557101, -0.04641646213394385, 0.12203420721444279]
A2: [0.03530742531298326, -0.029273493594362498, -0.07569736682604922, 0.06966338916886425] - [0.10289377492059126, 0.28289672572084057, -0.3926063727972053, 0.006816021397057932] - [-0.01118717457936973, 0.5390145156538573, -0.35945108609243936, -0.16837654316158415] - [0.09786276906130165, 0.01746328601091924, -0.1688510394023949, 0.05352484652925605]
B1: -4.383847442141306e-09 - 1.501699404788543e-08 - -2.7003557892572574e-08 - -1.2160237912729822e-08
B2: -6.480510089644658e-09 - -5.4424719870446715e-09 - 8.318549701303123e-10 - -1.1642631325942355e-08
