Number: 6409
Error: 1.0386862607680022e-15
A1: [0.08043169772244327, -0.18046779771416613, -0.01958884395106914, 0.11962498477453738] - [0.037415594468625316, 0.13359640063887743, -0.1347261717522725, -0.03628581063055409] - [-0.001702808055719413, 0.22819012746360906, -0.12282837170417878, -0.10365889927031835] - [0.038863228077995984, -0.11448102488572237, -0.04641644774285611, 0.12203422160575628]
A2: [0.035307416245166874, -0.029273502687259853, -0.07569737544760544, 0.06966337967840262] - [0.10289375815664303, 0.2828967088146145, -0.39260638901107603, 0.0068160038427530385] - [-0.011187082661532562, 0.5390146081199501, -0.3594509990902381, -0.16837644630451584] - [0.09786281406178378, 0.017463331216094585, -0.1688509965648611, 0.05352489376512658]
B1: -5.427334472579759e-09 - 5.63364482291155e-09 - 8.84941188574111e-09 - 1.0942123614269613e-09
B2: 6.7007590907036646e-09 - 5.208363608327916e-09 - 3.5399907913084065e-09 - -3.147120115480259e-09
