Number: 9339
Error: 1.7161751036624752e-10
A1: [0.053169848697848285, -0.14800397077894736, -0.02700174386256004, 0.12182512120112736] - [0.005335808419965121, 0.1308588052671624, -0.11357866094611886, -0.02252764909884813] - [-0.014511871543804305, 0.2230241999972664, -0.1271085192317459, -0.08167334841335061] - [0.02716729151874667, -0.09999920439888925, -0.04940363178102914, 0.12231900508140488]
A2: [0.08929503271341523, -0.07287289283601299, -0.12358776676936725, 0.10732745523303218] - [0.10882416934745699, 0.24979662375475484, -0.4048625033337896, 0.0461716282443738] - [0.03668692096099946, 0.4626058440333908, -0.37766770569203884, -0.12142174890720235] - [0.14352006784767182, -0.04451333561884681, -0.20140811404690487, 0.10277488780379161]
B1: 3.563873218604939e-05 - 3.121827426900343e-06 - -5.757304670821063e-06 - -2.9920708479701983e-05
B2: 7.475069188995003e-06 - 1.6450361957559472e-05 - -1.0499811127641554e-05 - 1.281095107730192e-05
