Number: 7893
Error: 1.1116217380900879e-15
A1: [0.08043167114823252, -0.18046782428537766, -0.019588870493504554, 0.11962495820336176] - [0.037415577788987714, 0.1335963839718525, -0.1347261883986637, -0.03628582730095214] - [-0.0017028251119727733, 0.22819011040771273, -0.1228283887354544, -0.10365891632201414] - [0.03886321765516636, -0.1144810352793146, -0.046416458159048234, 0.12203421118940047]
A2: [0.03530744525798845, -0.02927347359417136, -0.07569734786257487, 0.06966341004345568] - [0.10289370687051304, 0.2828966570932398, -0.3926064386143535, 0.006815950138715608] - [-0.011187181206304275, 0.5390145089873954, -0.35945109236508815, -0.1683765501444925] - [0.09786276210993329, 0.01746327902794102, -0.16885104601969594, 0.053524839232640335]
B1: 2.4331318321206517e-08 - 1.480384660607608e-08 - -1.0684738421727072e-08 - 8.315705097774644e-09
B2: -9.888466838798506e-10 - 2.696869060432804e-08 - -2.3085826394392217e-10 - 4.408682452270498e-09
