Number: 1406
Error: 1.2625517442373907e-09
A1: [-0.007303615829859147, -0.01511088548848144, 0.0028764852746182377, 0.01933556137341764] - [0.06681945738600473, 0.1898774270485271, -0.146742646641445, -0.10987043134743384] - [-0.11285773124180175, 0.4415182715527454, -0.07107331565272648, -0.2583947716696379] - [-0.02349598879561606, 0.015219679836814338, -0.030063994661100598, 0.03877785045351718]
A2: [0.13141971025486185, -0.22479228851508878, 0.022502981291585983, 0.06999780962512019] - [0.032687367756235666, 0.2037897113997182, -0.11484734176958251, -0.12141722391316857] - [-0.09489437117828688, 0.555272537965834, -0.23546929984795975, -0.22590218077473703] - [-0.02090779828824699, -0.019355107097008748, 0.008038286049521118, 0.03210441991917785]
B1: -5.035333403798704e-05 - -2.6213983879546385e-06 - -7.853245229820972e-05 - 2.3577114487683705e-05
B2: -5.8882461784166864e-05 - -3.540784985848944e-05 - 1.4460435408547792e-06 - -9.193535926516202e-06
