Number: 249
Error: 3.4027531976597093e-07
A1: [-0.008932245111567285, -0.011212853262735046, 0.02164470855676397, 0.012023857096454607] - [0.0666517945066396, 0.19028025516715527, -0.1444782213880842, -0.10909865325255742] - [-0.09410149234448856, 0.42390352441040835, -0.05107406094955253, -0.2694805577437266] - [0.0005545887980532631, -0.01641665819877162, -0.0018348702412052365, 0.025546212506794955]
A2: [0.16162335714245418, -0.16771624037276783, 0.008540559810166982, -0.002296886516530865] - [0.036629836189044924, 0.20864314113018442, -0.1160704228237397, -0.12467262175422925] - [-0.08663584663638639, 0.581123054178786, -0.23580717329000245, -0.26035261351607436] - [-0.004449001808562143, -0.005122818323398766, 0.0005002202464705347, 0.006653907135226669]
B1: 0.00038412621056109367 - 0.0003926533672242034 - 0.0006134340964657291 - 0.0005743545699889823
B2: -0.0007648527398298186 - 0.002080064499358208 - -0.0006120980684604549 - -0.0004279910756711467
