Number: 2211
Error: 0.00015222398277711435
A1: [0.08050722339831434, -0.01503222500064565, 0.018184337994402663, 0.05935327976590451] - [0.0432448576730932, 0.1765471371085726, -0.1658688870640018, -0.11697541160271639] - [-0.2002894225107696, 0.3464142907602625, -0.175296648509258, -0.2644799599740395] - [0.038012098816199234, 0.04377544101226204, 0.0029131735228951046, 0.0046864356772714465]
A2: [0.13860084381193372, -0.15586606173975323, 0.12559924141284806, 0.08720540767673426] - [0.07163749119644308, 0.2381213098943233, -0.061306450771096005, -0.0900417361027755] - [-0.16851421182694404, 0.46287262106479665, -0.2740487934863134, -0.26654600540802714] - [-0.17788180108151178, -0.09135219347000496, -0.15662290966555267, -0.06883065294495555]
B1: 0.04363580275361238 - -0.028597613470885096 - -0.004187777778706898 - -0.010722207359242255
B2: -0.006551444925471989 - 0.013099042506678206 - -0.00407040065479768 - -0.016920872600581678
