Number: 1844
Error: 1.1912683132134829e-07
A1: [-0.006492529417974035, -0.01427114944243687, 0.0037601420679214963, 0.020154830495308983] - [0.06757025326735545, 0.1906054160285122, -0.14596748134068957, -0.10903423125568333] - [-0.11314963458999865, 0.44126467711321765, -0.07142475599010326, -0.25869525426441764] - [-0.023462056295331376, 0.015290238115219337, -0.030099055306990457, 0.03882262462371785]
A2: [0.131101263864041, -0.22514214048421224, 0.022195288626773585, 0.06967993830783309] - [0.033509498860111, 0.20461277323158558, -0.11402691198641328, -0.12060449506733757] - [-0.09320569995449716, 0.5569519629117088, -0.23372767127123303, -0.2241304376863039] - [-0.020774040802549763, -0.019260148982000687, 0.008161577517373092, 0.03221449796272493]
B1: 0.0002700526387018102 - 3.143663084940497e-05 - -0.0005772842799085427 - 0.0004076038063429704
B2: -2.7925335843764082e-05 - 0.00037158244490167065 - 0.0005384340975909279 - 0.0003564605232681165
