Number: 8661
Error: 7.03347010829024e-15
A1: [0.080431655483145, -0.18046783994865995, -0.019588886139875684, 0.11962494254007858] - [0.03741557458281242, 0.1335963807681732, -0.1347261915982287, -0.03628583050523073] - [-0.001702814501040846, 0.2281901210184176, -0.12282837814006856, -0.10365890571390303] - [0.03886319666892894, -0.1144810562065754, -0.04641647913189223, 0.12203419021626406]
A2: [0.035307336842489226, -0.0292735823095181, -0.07569745094295167, 0.06966329657513126] - [0.10289375307257531, 0.2828967036874326, -0.39260639392826235, 0.006815998518942387] - [-0.011187159912364842, 0.5390145304083288, -0.35945107221000566, -0.1683765277062192] - [0.09786272717048908, 0.017463243929541343, -0.1688510792799385, 0.05352480255773083]
B1: -5.8968054228343645e-09 - -1.9567440288623248e-08 - -9.882341001946854e-09 - -1.0932813812176343e-08
B2: 6.628458003626455e-08 - 7.20075300448378e-08 - 8.294105356528747e-08 - 6.086942176713167e-08
