Number: 9967
Error: 1.3957242627315127e-15
A1: [0.05317251796026835, -0.14800130316757065, -0.026999079465177177, 0.1218277897866119] - [0.005313750279723182, 0.1308367247633345, -0.11360071331408698, -0.022549732870401174] - [-0.01444454682022084, 0.22309155056022564, -0.12704124978480452, -0.08160600326760264] - [0.027146530813220965, -0.10001996732102572, -0.049424437533086826, 0.122298191300805]
A2: [0.08925448720558617, -0.07291334446446292, -0.1236273954793404, 0.10728640929433948] - [0.10884154836233832, 0.24981400064280743, -0.4048454663960457, 0.046189296615589556] - [0.036635710244745, 0.46255489888633017, -0.3777176663505018, -0.1214734914956134] - [0.14342630471811463, -0.044606751325509814, -0.20149966093018332, 0.10267973210568955]
B1: 3.072984418226831e-08 - -2.7055934382369856e-08 - -1.975471308754859e-08 - -3.005368395908669e-09
B2: -5.655446845929482e-09 - -1.0054346933986084e-08 - 7.607530688891549e-10 - -1.7283563101414806e-08
