Number: 612
Error: 6.285564449165849e-14
A1: [-0.012152303555674494, -0.014516050270583157, 0.01808848848938362, 0.008584262435982867] - [0.0658350773987074, 0.1894951088871564, -0.145322733641518, -0.11000873669643005] - [-0.0962927970444431, 0.421786357619455, -0.05345703268522972, -0.2720354115156715] - [-0.0013209265740015041, -0.018218693155746122, -0.0038345000698717818, 0.023377406659433775]
A2: [0.16158648400507664, -0.16775500560835088, 0.008501101865654389, -0.0023333003420428567] - [0.03548563282359429, 0.20751663252856975, -0.11721051453869985, -0.12579211828155176] - [-0.08621376781478948, 0.5815379032212036, -0.2353889437459774, -0.25993578575986476] - [-0.0038351444188499274, -0.00451946397924562, 0.0011100815781784127, 0.007243223311433251]
B1: -2.7758119767794265e-07 - -1.9547617587840106e-07 - -2.9348721758691784e-07 - -1.4018800808073692e-07
B2: -8.499667248666863e-08 - 7.861395821709227e-07 - -9.214507402167739e-07 - -6.405362389011035e-08
