Number: 504
Error: 2.651698183362843e-13
A1: [-0.012155197552027326, -0.014519022708076035, 0.018085289734171183, 0.008581169861386486] - [0.06583565636771146, 0.18949566583007046, -0.14532213503910155, -0.11000809207334303] - [-0.09629391535939688, 0.4217852767924773, -0.05345824618879887, -0.2720367144068023] - [-0.0013221755941499982, -0.018219894348110638, -0.0038358296058688852, 0.02337596300319005]
A2: [0.16158640825123946, -0.16775507993242564, 0.008501027649925776, -0.00233337416953242] - [0.03548548199124958, 0.2075164841214816, -0.11721066473806192, -0.12579226583138606] - [-0.0862137017299103, 0.5815379679453261, -0.23538887944760417, -0.25993572131651765] - [-0.003835195651840198, -0.004519514362879848, 0.0011100308690436963, 0.007243174296507675]
B1: 3.2444910055237405e-07 - 6.276598702638419e-07 - 4.866593621133371e-07 - 5.275062630781791e-07
B2: 2.5977511661346836e-07 - 2.3885724779051613e-07 - -3.895164790932111e-07 - -1.5751606474989056e-07
