Number: 2077
Error: 0.00027181470247256167
A1: [-0.022839520427736345, -0.06443355410945056, -0.057625443697451345, -0.040655441385019156] - [0.08138976993460699, 0.20932109460120243, -0.12608441841318613, -0.08949247700777344] - [-0.10880607511466817, 0.45626179125928074, -0.05667543299056101, -0.20579858300350407] - [0.07058351547994168, 0.09593414286531102, 0.016921346350442734, 0.05725104210216555]
A2: [0.089596215390453, -0.2278356864179516, 0.046597632327516694, 0.04777011788720926] - [0.04557074140976891, 0.2099496658908974, -0.11085468358758796, -0.11506148637233299] - [-0.1450954972415465, 0.48447697678611645, -0.28669543384447765, -0.278061477712664] - [-0.013357931747531466, -0.016790479806284574, -0.01599303239252829, 0.09016678354152713]
B1: 0.013235204002399829 - -0.005652339220438737 - 0.03622213241464402 - -0.0028287699533824555
B2: -0.030432425449657373 - 0.019525752912530846 - 0.020177547846602112 - 0.01916531918741951
