Number: 9284
Error: 5.62667626887258e-10
A1: [0.05292914639893283, -0.14824475868129136, -0.027242142996387525, 0.12158430771426933] - [0.005218459182275277, 0.13074136845276693, -0.11369593769052762, -0.022645098060469555] - [-0.014703274124311447, 0.2228327386347432, -0.12729974047955986, -0.08186482683707638] - [0.02685187152067694, -0.10031460659652222, -0.04971964416554834, 0.12200284137238857]
A2: [0.08943011187826756, -0.07273800626875229, -0.12345576033836586, 0.10746423979871948] - [0.10900043151857679, 0.24997299004469922, -0.40468976988343053, 0.046350890574687734] - [0.03669059013078823, 0.46260956553822, -0.37766413822287326, -0.12141802300832648] - [0.1434741297479719, -0.044559079432637594, -0.20145296082798458, 0.10272824668770004]
B1: -1.2817792772750742e-06 - -2.9968536078030465e-07 - -4.894859904596931e-06 - 8.015198233366124e-06
B2: 3.238317217042099e-05 - -0.00011216401193851934 - 7.988997426816465e-05 - -2.4663360599505833e-05
