Number: 5739
Error: 0.0027147833643404932
A1: [-0.054307740801375515, -0.31310989526128424, -0.15808682527857024, -0.016275251141600052] - [-0.08054714053187202, 0.0022060220490825524, -0.2639041283765046, -0.16040609161878813] - [-0.18191658954516565, 0.0778482120704431, -0.2962351749113248, -0.27768925117475246] - [-0.14896872938849454, -0.26145356160473165, -0.2194065913028712, -0.055095754797354665]
A2: [-0.08239839176611166, -0.1448493119418406, -0.15972041830465078, -0.0615733217328189] - [0.036908025230533485, 0.2238106847693226, -0.4545952538985657, -0.08838339708436516] - [-0.11799727237774565, 0.43810391357237644, -0.44355943908315904, -0.30028927199599614] - [-0.017392297243341903, -0.09286964006863446, -0.2583522400488528, -0.08473412764559682]
B1: 0.004179805227520917 - -0.17359869649676563 - -0.02458194732931287 - -0.027299000953436126
B2: -0.06464706425942009 - -0.05509117213045303 - -0.12400720654334811 - -0.07741949762537537
