Number: 778
Error: 6.052436713098894e-13
A1: [-0.012151907137832969, -0.014515643106557743, 0.018088926647115405, 0.008584686054138414] - [0.06583616703715599, 0.18949615707339465, -0.14532160705012676, -0.11000752349271269] - [-0.09628783002183124, 0.4217911581610747, -0.053451642878317114, -0.27202962469838965] - [-0.0013284912187471148, -0.018225968204782984, -0.0038425523866336673, 0.023368663208097308]
A2: [0.16158722297532752, -0.16775428055814534, 0.008501825929533587, -0.002332579946524318] - [0.035485685368229644, 0.20751668422882882, -0.11721046221393244, -0.12579206687898947] - [-0.08621382050432926, 0.5815378516054945, -0.23538899502088162, -0.2599358371401498] - [-0.003834242968331071, -0.004518577518469516, 0.0011109737886283366, 0.00724408575957642]
B1: 2.846537240737726e-07 - 6.66205474997921e-07 - 2.9116558777853187e-07 - 1.1747909546358053e-07
B2: 4.764270812163066e-07 - 1.2283116576339664e-07 - 1.3521021291701678e-06 - -6.227023353940521e-07
