Number: 8789
Error: 8.230709572652051e-07
A1: [0.08075337693304158, -0.1801461168346533, -0.01926761696851111, 0.11994665716141673] - [0.03759737730555768, 0.13377797655925178, -0.1345447922186965, -0.036104126894126946] - [-0.0012168891097746272, 0.22867612924961583, -0.12234323372286937, -0.10317306959900568] - [0.03915246876843538, -0.11419255410655091, -0.046127485217964594, 0.12232330513321008]
A2: [0.03553610866119784, -0.029044385876792752, -0.07547979964482762, 0.06990272943796375] - [0.10296262260908927, 0.28296598480001356, -0.39253968321584987, 0.006888094577615296] - [-0.010707526342685784, 0.539496901449552, -0.3589969714383038, -0.16787104412121617] - [0.0980019330407825, 0.017602892201158828, -0.16871843672035058, 0.053670920095547345]
B1: 0.00018556877015172657 - 0.00019146320052113762 - 0.0001031446714359356 - 0.0002076733846966535
B2: -0.0006840530497932071 - -0.0006465874928896385 - -0.0008740920920480467 - -0.0006692710755579599
