Number: 1035
Error: 0.00043982195688471265
A1: [-0.01086547870047395, -0.0260316063026696, -0.001628486054159111, 0.006665079925668412] - [0.050085633686669816, 0.1739510838364329, -0.16423312850659544, -0.12849151270349385] - [-0.11037357196743469, 0.4200731359633234, -0.08148814350721192, -0.2793818240894955] - [-0.13895314302271441, -0.11641255670771145, -0.1515935147214838, -0.10115408509616344]
A2: [0.12459487823795445, -0.2195538787977554, -0.002389416647876931, 0.03688948759428455] - [0.04864010559909673, 0.21926021638085874, -0.09945419587504958, -0.1080192269251903] - [-0.13843370073365904, 0.5250999274493389, -0.27270418136371716, -0.28620150409665174] - [-0.034543157967985516, -0.033143240499592365, -0.011803086702999743, 0.010323173613572]
B1: 0.001862427091140829 - 0.02830078758119863 - 0.0006288463569337471 - 0.0017093223544331956
B2: -0.022197419036097392 - -0.026483969257748492 - 0.010207816685836864 - -0.0038602414204946117
