Number: 981
Error: 2.608410485511564e-05
A1: [-0.02914751022985993, -0.032441663239064666, -0.001873278276057662, -0.009071555621176168] - [0.04946283023527238, 0.17363066355216536, -0.16225112319420246, -0.12814126732437525] - [-0.14735804269236993, 0.3719992176992783, -0.10990817101875838, -0.3301926348030911] - [-0.0035053244252602825, -0.020773701483480116, -0.007937881727725783, 0.021529279881631072]
A2: [0.16617991973130727, -0.16479883983080462, 0.013621931337815495, 0.002528180463879725] - [0.04243432345433393, 0.21409137346881751, -0.11021712487975659, -0.11895686336632313] - [-0.06283133752778249, 0.6027786382984307, -0.21202778729500682, -0.2368390752917339] - [0.010627868201641157, 0.00912246436561235, 0.0158156447963702, 0.02121797837981654]
B1: 0.0036586247121369302 - 0.008182688895505054 - 0.000984145500519706 - -0.0007881339597479806
B2: -0.015357011762036663 - 0.00902513820934105 - 0.010146188954003202 - 0.0024935524789321227
