Number: 2296
Error: 0.000217032601585596
A1: [-0.025895044876060782, -0.12936448430452793, -0.10795954559624814, -0.0761936415909945] - [0.03273039689122233, 0.178950057760698, -0.1576706592845192, -0.10610250418253558] - [-0.20970192035467056, 0.3419814305251798, -0.181476452749715, -0.2637027069149075] - [-0.04852342588797752, -0.05338920075830855, -0.10394105119838755, -0.09888096687980014]
A2: [-0.015328147484806676, -0.2574007170907221, 0.01131954701698321, -0.054468180005199915] - [0.06761219648652791, 0.2374804445817435, -0.06313969399517431, -0.09089766074071529] - [-0.05989675912974613, 0.5495382557762515, -0.19012416884169328, -0.1659219941577253] - [-0.05095697283960833, -0.0061482923958015735, -0.0745209068456207, 0.03221292390719542]
B1: -0.0038663730832190686 - -0.0009253757976195454 - -0.03563229995035935 - 0.025011749563909468
B2: -0.010146214120170397 - -0.022434439203393417 - -0.006332601608007433 - -0.004429613140832948
