Number: 5870
Error: 2.0514300169252353e-07
A1: [0.08148295659547694, -0.17941902323684558, -0.01853796564382223, 0.1206765522195903] - [0.03859029310714114, 0.13476903914057498, -0.13355381134997749, -0.0351116829477659] - [-0.0014771373968714137, 0.22841483477254293, -0.12260218748968581, -0.10343287304946153] - [0.039180562800042285, -0.11416616212086078, -0.04609779030068333, 0.12235211533317263]
A2: [0.036845124662704155, -0.02773313640870918, -0.07423475218520956, 0.07127443960804632] - [0.10702428192210482, 0.2870571015413233, -0.38861364587825176, 0.011142857337561759] - [-0.010410851573086029, 0.5397945821272166, -0.35871373393477163, -0.16755560563962704] - [0.09914479108931434, 0.018749901527440722, -0.16762939777486516, 0.05487245146872371]
B1: 5.5646298224162374e-05 - -0.001320165364772658 - 0.0010957126017189696 - 0.00036655411856219115
B2: 0.00023075253652021145 - 0.0001361104803502142 - 0.00012823228660978537 - -3.7289037291889007e-05
