Number: 503
Error: 1.2120388474875094e-13
A1: [-0.012154111252644432, -0.014517906967202596, 0.01808649042380457, 0.008582330698739522] - [0.0658357590432163, 0.18949576459952389, -0.1453220288816938, -0.11000797775451426] - [-0.09629358298890592, 0.4217855980232013, -0.053457885526750626, -0.27203632717798104] - [-0.0013219464679699558, -0.018219673993015627, -0.0038355857080174848, 0.02337622783579093]
A2: [0.16158632224600172, -0.16775516431759377, 0.008500943379550225, -0.002333458011460026] - [0.03548550552511576, 0.20751650727718768, -0.11721064130278915, -0.12579224280915813] - [-0.08621319212571348, 0.5815384671014105, -0.23538838358450606, -0.2599352243751749] - [-0.003834989174815679, -0.0045193113186142156, 0.001110235231439138, 0.007243371839621287]
B1: 1.6224798740566718e-07 - 3.409981209997516e-07 - 5.530893768219809e-07 - 4.229901565669936e-07
B2: 3.8960209781459786e-07 - 3.4847772010765195e-07 - -4.0594314643211473e-07 - -2.3143316528135676e-07
