Number: 1210
Error: 2.8796842687868e-08
A1: [-0.008536777724457892, -0.016351351658949298, 0.0015911097030644687, 0.018065142890395045] - [0.0670496750273299, 0.19009956509308934, -0.1465049101374448, -0.10961408038704144] - [-0.11340818954687253, 0.4409829269324131, -0.07164323817185213, -0.25899451417619457] - [-0.023667037671616112, 0.015056163850520452, -0.03023231323472997, 0.038592129873290214]
A2: [0.13261004136144655, -0.2236198144508072, 0.02367347709743547, 0.07116224602426614] - [0.03297569118477504, 0.20407378392370001, -0.11456042912117076, -0.12113600124559384] - [-0.09509721565508, 0.555069474385809, -0.23567297972884105, -0.22610455363433044] - [-0.0200548597757289, -0.01851783312957584, 0.008884965327616373, 0.03292713887720002]
B1: 0.0003098712935101997 - 4.462332705164657e-05 - -4.139881561438441e-06 - 0.0004226465915503411
B2: -0.00014298192363087792 - 0.00037676074189908846 - 0.00017611656288569707 - 0.0003062859045696558
