Number: 8337
Error: 1.1529513156564767e-15
A1: [0.08043171006032156, -0.18046778537771171, -0.019588831628002387, 0.11962499711096493] - [0.03741559325167859, 0.1335963994229, -0.13472617296663414, -0.036285811846719404] - [-0.0017027927289491216, 0.22819014279004396, -0.1228283563998513, -0.1036588839476327] - [0.038863256273576195, -0.11448099676927888, -0.046416419565269214, 0.12203424978378961]
A2: [0.035307228864556825, -0.029273690586046827, -0.07569755360713891, 0.06966318356473486] - [0.10289374816041034, 0.2828966987335729, -0.3926063986792636, 0.006815993375221991] - [-0.011187126896788028, 0.5390145636207895, -0.359451040959914, -0.16837649291671802] - [0.09786286767429059, 0.017463385072407203, -0.16885094552909216, 0.05352495004063479]
B1: -9.532890836482429e-09 - 7.38484495870497e-09 - 4.307725248896446e-09 - 3.8430573180834455e-09
B2: 1.4980744781417204e-08 - -7.3354084441014035e-09 - -2.8869421121332633e-09 - 1.6572250868434513e-08
