Number: 4033
Error: 8.439484236365965e-16
A1: [0.06621322999442641, -0.11395203247635825, -0.023983902005367815, 0.07172291638121635] - [0.03740259241120057, 0.18819335059753278, -0.14740896616241178, -0.07818702956277235] - [-0.06022929928832445, 0.3289508693138908, -0.12775303919299474, -0.1409682520978702] - [0.039046238420595826, -0.05332261081457075, -0.03741851368923723, 0.05169519649866134]
A2: [-0.009108633446950197, -0.34680324663768713, 0.24945503219942733, 0.10645661943584085] - [0.08003984692586558, 0.03628227976747697, -0.05025008913423275, -0.0660719361730433] - [-0.04245292653011899, 0.2308317729164684, -0.04053136028783028, -0.14784795739064802] - [0.0681348133042922, -0.2934678142000472, 0.14177127809628032, 0.08356189916348356]
B1: 3.466104666935269e-08 - 1.004102494830804e-10 - -2.7386069211907318e-08 - 2.7027494126514254e-08
B2: 1.656084406283935e-08 - -8.86342908238753e-09 - 1.1600545158223647e-08 - 2.304457048931212e-08
