Number: 5551
Error: 8.816654857266044e-10
A1: [0.0662046409353953, -0.11396042638925181, -0.02399248145787256, 0.07171434371867119] - [0.037398819875567056, 0.18818974783504597, -0.14741267344259795, -0.07819073762413396] - [-0.06023122307473269, 0.3289490255504781, -0.1277549177855606, -0.1409701214292022] - [0.039061516792896656, -0.053308107706448324, -0.03740373096743622, 0.05170985915883813]
A2: [-0.009132662957166911, -0.3468287390036505, 0.24943080946409305, 0.10643142856998966] - [0.08003822201149946, 0.03628052946015809, -0.05025186542434038, -0.06607372718408502] - [-0.04248650605269906, 0.23079471285921935, -0.04056734631016235, -0.14788509502559727] - [0.06809267754698077, -0.293514207623022, 0.14172559852546088, 0.08351465753636474]
B1: 1.9609396914333704e-05 - 1.2329899808390126e-05 - 2.25264023644839e-05 - 2.4103495341021943e-05
B2: -1.2204071232089068e-05 - -4.527433203143228e-06 - -1.1879319238061693e-05 - -5.472100479652018e-06
