Number: 9162
Error: 6.788847289381943e-07
A1: [0.04715418992797929, -0.15402943310863965, -0.03304649650699927, 0.11582496570531398] - [0.005153834565547294, 0.13066287506757518, -0.11380707414999985, -0.022711165310398372] - [-0.017832910141135933, 0.2197226965001728, -0.1304295937651327, -0.08495547343543132] - [0.023713235555734548, -0.10345638611686128, -0.05288480474312677, 0.11887297261125047]
A2: [0.08548094412021863, -0.07671421630854774, -0.12729613737579176, 0.10346984800594879] - [0.10676074745615352, 0.24773067367542226, -0.40688931584832216, 0.04407382983390494] - [0.03128434690805152, 0.4572188313876838, -0.3829561539739007, -0.1268955697185733] - [0.14366050374398062, -0.044355879510318386, -0.20126368348973991, 0.10292681145066344]
B1: -0.0011199120899510768 - 0.0003449469123946728 - 0.0006458970655718571 - 0.00027492252535579265
B2: 0.0004997682252329648 - -0.0025254085581156026 - -0.0006184541904680552 - -0.00039062046694024385
