Number: 2360
Error: 1.8595648698688255e-05
A1: [0.0676849900036858, -0.04494730236435648, -0.020986634099943367, 0.011402991460489068] - [0.0438569720992412, 0.19131290658149638, -0.14286613782214616, -0.09234369051547943] - [-0.12049884063178261, 0.41830660344272474, -0.10146267141681253, -0.1841302837658833] - [0.04172003221285165, 0.024149217896746775, -0.028012899317171346, -0.018547640179873513]
A2: [0.02366973112461895, -0.21277301232673687, 0.046986484982717604, -0.015475233534496166] - [0.02863821317395831, 0.19960668092050646, -0.10241820959367064, -0.1285690778740416] - [-0.07449560724452248, 0.5327467208270048, -0.2061799363063785, -0.17623982037980587] - [-0.02171928039653818, 0.023044379368797222, -0.04546748448965327, 0.06139267751370679]
B1: -0.0016729824130861078 - 0.00018312397440104953 - 0.00546648488355085 - 0.01462521082744559
B2: -0.0001645136861326943 - 0.0026984430000422197 - 0.001753494581175753 - 0.0022367966554632138
