Number: 4453
Error: 8.91207719147818e-16
A1: [0.06621316557287432, -0.11395209545832062, -0.023983966376384107, 0.07172285206777267] - [0.037402632099414246, 0.18819338851692308, -0.14740892714584586, -0.07818699054277645] - [-0.060229437530985246, 0.3289507365393969, -0.1277531744691536, -0.14096838664636982] - [0.0390461633452473, -0.05332268207316881, -0.037418586322076196, 0.05169512445562355]
A2: [-0.009108631102825391, -0.3468032441508639, 0.24945503456248666, 0.10645662189353673] - [0.08003978802401701, 0.036282216313342906, -0.050250153510571625, -0.06607200109598953] - [-0.04245282223968586, 0.2308318880179329, -0.04053124852600229, -0.14784784204922277] - [0.06813475821749342, -0.29346787485301185, 0.1417712183768639, 0.08356183740100367]
B1: 1.6022977548021615e-08 - -1.3345090003104705e-08 - 3.884458268412936e-09 - 1.5708573430743506e-09
B2: -1.3087296552759131e-08 - 1.7101370744212962e-08 - 1.9744300887558717e-08 - -1.7110823120624107e-09
