Number: 874
Error: 1.3620322837802254e-08
A1: [-0.012188796209944085, -0.01455355249238961, 0.018048142956719013, 0.008545253729244176] - [0.06582764694065149, 0.18948796095087442, -0.14533041564976779, -0.11001700970765345] - [-0.09628190541228072, 0.42179686925325427, -0.053445219482162916, -0.2720227311169028] - [-0.0011980712558400536, -0.018100555998431297, -0.003703729736689724, 0.02351939890830199]
A2: [0.16150668507635796, -0.1678332802895223, 0.00842292562639223, -0.002411065538237511] - [0.035487757576884334, 0.2075187255159904, -0.11720839666445743, -0.12579003618922277] - [-0.08626715902322481, 0.5814856231680389, -0.2354408851726809, -0.25998782756454736] - [-0.003867845612058657, -0.004551608844088751, 0.0010777236664462478, 0.007211952643982169]
B1: 1.1561882843888266e-06 - 0.0001178335717677542 - 1.8611967707485015e-05 - 2.1953371892964257e-05
B2: -4.6991382767942746e-05 - -7.177114878129605e-05 - -7.503071277151136e-05 - -0.00011155452772529861
