Number: 6468
Error: 8.989575610159284e-16
A1: [0.0804316920573662, -0.1804678033786017, -0.01958884960937246, 0.11962497911010726] - [0.037415595614831126, 0.13359640178421572, -0.13472617060835052, -0.03628580948498327] - [-0.0017028154146778432, 0.22819012010480758, -0.12282837905236246, -0.10365890662731286] - [0.03886323439084862, -0.1144810185905861, -0.046416441434026214, 0.12203422791468538]
A2: [0.03530745280331172, -0.02927346602799936, -0.07569734068860412, 0.06966341794048325] - [0.10289374880779611, 0.2828966993864224, -0.3926063980531569, 0.006815994053141832] - [-0.011187092937355371, 0.5390145977828354, -0.3594510088165235, -0.1683764571325139] - [0.09786281284123498, 0.01746332998999388, -0.16885099772674414, 0.05352489248394717]
B1: 5.55852582136392e-10 - 2.660970195118994e-09 - -1.3336544095486318e-09 - 1.2107351394061668e-09
B2: 2.16667896182009e-09 - -2.0524720315637574e-10 - 4.198404606123632e-09 - -1.2618376141810718e-09
