Number: 4881
Error: 1.1777591750921565e-15
A1: [0.06621307227961254, -0.11395218666677188, -0.023984059596413556, 0.07172275893108039] - [0.03740257548520832, 0.18819333442590022, -0.14740898280195028, -0.07818704620380522] - [-0.060229267889315964, 0.3289508994710197, -0.12775300846771775, -0.14096822153763156] - [0.039046181950012804, -0.05332266441417384, -0.03741856832250589, 0.051695142308975005]
A2: [-0.009108617652929188, -0.346803229882589, 0.24945504812115896, 0.1064566359950772] - [0.08003986316598061, 0.03628229726274964, -0.05025007138464308, -0.0660719182727758] - [-0.042452839843533076, 0.23083186858932156, -0.04053126739079641, -0.14784786151840107] - [0.06813474150460315, -0.29346789325455747, 0.1417712002583756, 0.08356181866284898]
B1: 1.919547272053408e-08 - 1.4947764322470453e-08 - 7.314949330258767e-09 - 6.641260054152614e-09
B2: 1.971926940942936e-08 - -1.1079655734562655e-08 - -1.9946895217073093e-08 - 4.740765420535949e-08
