Number: 9680
Error: 8.834129641528348e-15
A1: [0.053172611504942104, -0.14800120958909863, -0.026998986024308235, 0.12182788337622498] - [0.005313745533359692, 0.1308367200107851, -0.11360071806177663, -0.022549737623263743] - [-0.014444317314257533, 0.22309178014941466, -0.12704102046159158, -0.08160577367976342] - [0.027146679526877854, -0.10001981860813401, -0.04942428850640104, 0.12229834039227822]
A2: [0.08925366666861446, -0.07291416310465018, -0.12362819752902551, 0.1072855786398538] - [0.10884169913846645, 0.24981415144539085, -0.40484531860581185, 0.046189449928841136] - [0.03663575287413075, 0.4625549412943308, -0.3777176247582181, -0.12147344842360408] - [0.1434256131849011, -0.04460744028396564, -0.20150033615256357, 0.10267903031248336]
B1: -2.6328729050240416e-08 - -1.3659741542933407e-07 - 2.5298274751106027e-08 - 2.3065327990315952e-08
B2: -2.0844698738356974e-08 - 1.2705936120358192e-07 - 1.1102715564479194e-07 - 1.9474620150594016e-08
