Number: 2523
Error: 2.425437224924421e-08
A1: [0.06316548432445084, -0.048136131506109237, -0.023708017667361372, 0.007588692690881421] - [0.04416341148869664, 0.19175348205530565, -0.14205176874287737, -0.09196495597878487] - [-0.12346271431696017, 0.4148497938745677, -0.10486838321272215, -0.18708265719821962] - [0.03685307837671861, 0.019024084484601973, -0.03327802113057596, -0.02319735525892005]
A2: [0.0631574253276265, -0.1739773695944999, 0.08604464247714406, 0.02367990823996283] - [0.029308911671665105, 0.2003181487526805, -0.10169089747582302, -0.12785437683686057] - [-0.09452713690021367, 0.5125879415090313, -0.2267286256176114, -0.1961790324320386] - [-0.02619200488774704, 0.01826321132969777, -0.050560158058088236, 0.05671818119217409]
B1: 0.00020382591806358168 - 0.00038250957012480366 - -0.00038442354397410025 - -0.0002686934032482849
B2: -3.1468957716237794e-05 - -4.131221653091215e-05 - 6.984883869476553e-05 - -3.073229854514857e-05
