Number: 583
Error: 6.422528911749151e-15
A1: [-0.012153274855189236, -0.014517047894534408, 0.0180874149091899, 0.00858322449005122] - [0.06583543662927213, 0.1894954544517409, -0.14532236222852257, -0.11000833672918778] - [-0.09629315473492253, 0.42178601191762094, -0.05345742082098498, -0.27203582824250755] - [-0.0013220921582441122, -0.018219814117195844, -0.00383574079666049, 0.02337605943912313]
A2: [0.16158654044426432, -0.16775495023238804, 0.008501157166365224, -0.002333245321458205] - [0.03548581142404769, 0.20751680825917113, -0.11721033668623239, -0.12579194356405293] - [-0.0862134844330801, 0.5815381807924288, -0.235388668006988, -0.2599355094203616] - [-0.0038346938592551177, -0.0045190209105590564, 0.001110527523230437, 0.007243654375623321]
B1: -8.520159377350059e-08 - 1.6963437031885024e-07 - -2.0030601425533212e-07 - -5.897442638465623e-08
B2: -3.5750396574008747e-07 - 1.1012170930421012e-08 - 6.412262459556632e-07 - -1.7702362087253042e-07
