Number: 5046
Error: 9.301341818115382e-16
A1: [0.06621322314280417, -0.11395203917483328, -0.023983908851611037, 0.07172290954109166] - [0.03740257932678865, 0.18819333809627248, -0.14740897902537617, -0.0781870424268997] - [-0.06022934493286642, 0.3289508254748382, -0.12775308385804174, -0.14096829652246323] - [0.03904613300906124, -0.053322710867101115, -0.03741861567124917, 0.05169509534468457]
A2: [-0.009108442129389665, -0.3468030436799076, 0.24945522506481846, 0.10645682002166941] - [0.08003983365938787, 0.036282265475722685, -0.050250103633634496, -0.06607195079560339] - [-0.04245279047093305, 0.23083192307984451, -0.040531214481280886, -0.1478478069143074] - [0.0681348064071979, -0.2934678217941579, 0.14177127061887362, 0.08356189143042529]
B1: 3.94921499428262e-08 - -5.032405432544862e-09 - 2.6512428577643926e-10 - 5.137515253284828e-09
B2: 3.321868433267812e-08 - 3.3062529380386094e-08 - -1.1163005751030793e-07 - 7.847508733560027e-08
