Number: 3581
Error: 2.1750261803661437e-12
A1: [0.0662085506065743, -0.11395660741927394, -0.023988577936463664, 0.07171824480454493] - [0.037397679319367994, 0.18818865643678034, -0.1474137961513198, -0.0781918598580171] - [-0.060229794633857754, 0.3289503935449585, -0.12775352365922646, -0.14096873445722322] - [0.0390625749098484, -0.05330710480876633, -0.03740270868162166, 0.05171087305861256]
A2: [-0.00908470898564138, -0.34677786642432507, 0.24947915026348166, 0.10648170315393336] - [0.08004189367917505, 0.0362844847602507, -0.050247852167351725, -0.06606968026000641] - [-0.04245277235801242, 0.23083194306802413, -0.04053119535507565, -0.14784778703432191] - [0.06815141378814003, -0.29344953642473387, 0.14178927488659515, 0.08358051159549565]
B1: -4.409206056223094e-06 - -2.5956161764032373e-07 - -1.1346984535900325e-05 - 8.264325048774075e-06
B2: 3.4462786475204163e-06 - -2.2041609363455473e-06 - -8.44874478023893e-06 - 9.593165250429403e-08
