Number: 6999
Error: 9.598848718211931e-16
A1: [0.08043169304015706, -0.1804678023959214, -0.019588848627753317, 0.1196249800927868] - [0.03741558851486749, 0.13359639468962664, -0.13472617769416528, -0.03628581658101393] - [-0.0017028093732892778, 0.2281901261460641, -0.122828373019819, -0.1036589005875365] - [0.03886321608889592, -0.11448103684117501, -0.0464164597243182, 0.12203420962410669]
A2: [0.0353073997872303, -0.029273519190714217, -0.07569739109561152, 0.06966336245340042] - [0.10289370391478879, 0.28289665411240833, -0.3926064414730877, 0.006815947043610592] - [-0.01118703641325769, 0.5390146546440612, -0.3594509553152208, -0.16837639757112718] - [0.09786279683855999, 0.017463313914527132, -0.16885101296024954, 0.05352487568634217]
B1: -1.074887936250858e-08 - -4.9595071315087044e-09 - 2.215228296647346e-08 - -3.5931948151385103e-09
B2: 5.52014830094792e-09 - -4.289194689818866e-10 - 6.6945954292466545e-09 - -9.94941209487435e-09
