Number: 4469
Error: 8.128864290413318e-16
A1: [0.06621319268098882, -0.11395206895597822, -0.023983939289543187, 0.07172287913039063] - [0.037402622626670656, 0.18819337946635692, -0.14740893645827963, -0.07818699985603271] - [-0.06022936796487714, 0.32895080335382393, -0.12775310639585788, -0.14096831893920025] - [0.03904615237139952, -0.05332269248913316, -0.03741859693890874, 0.051695113924995845]
A2: [-0.009108506742397998, -0.3468031122239719, 0.24945515992910333, 0.10645675227859236] - [0.08003980782775812, 0.03628223764764421, -0.050250131866211904, -0.06607197926784554] - [-0.042452839624431894, 0.23083186883106396, -0.04053126715617215, -0.14784786127607907] - [0.06813477779883757, -0.2934678532931234, 0.14177123960490556, 0.08356185935528193]
B1: -3.051888584744455e-08 - -1.0990789427244558e-08 - -9.437630681742861e-09 - -1.824726520574637e-09
B2: 1.8207282115041966e-08 - 8.38754579563513e-09 - -7.286494730163742e-08 - 6.7495086514086346e-09
