Number: 5605
Error: 4.15586500471761e-08
A1: [0.06643838494053766, -0.11373176978100343, -0.02375892437970756, 0.0719477863869874] - [0.0368109238897972, 0.18762804470931402, -0.14799064277570267, -0.07876881765077193] - [-0.06035104798508044, 0.3288341173459621, -0.12787191372205514, -0.14108648212526864] - [0.03895035720953499, -0.053413449233333084, -0.037510902473030884, 0.0516035362139919]
A2: [-0.009312472336225211, -0.3470198586605065, 0.24924980287188975, 0.106243150272813] - [0.07942317150972665, 0.035617938422614424, -0.05092417281553179, -0.06675166662266203] - [-0.04237441551378595, 0.2309185815145319, -0.040447453931711425, -0.14776142195934974] - [0.06856533929096922, -0.29299364948927176, 0.14223752908423656, 0.08404417290319434]
B1: 0.00032083359426508904 - 0.000341096168575776 - 7.750095564993905e-05 - -8.923318366157619e-05
B2: 0.000264083909215878 - -9.254048555760114e-05 - -5.5485987095122045e-05 - -5.953223791327427e-05
