Number: 3724
Error: 1.4739492596954215e-15
A1: [0.06621300066952922, -0.11395225667657727, -0.023984131150317337, 0.07172268744117591] - [0.03740260224705279, 0.18819335999499098, -0.14740895649304267, -0.07818701989252827] - [-0.060229405862022085, 0.32895076695581055, -0.12775314347972216, -0.1409683558236862] - [0.03904591635978392, -0.05332291650247999, -0.037418825272234245, 0.05169488744570128]
A2: [-0.009108314702402769, -0.3468029084993188, 0.24945535352302997, 0.10645695362224905] - [0.080039871844903, 0.036282306612455135, -0.05025006189912806, -0.06607190870664179] - [-0.042452634212275485, 0.2308320955368936, -0.04053104702825286, -0.14784763409790042] - [0.06813498211920727, -0.29346762832722806, 0.14177146110820119, 0.08356208843647225]
B1: 2.384772884101668e-08 - 4.9416576813108353e-08 - -9.372488072243645e-08 - 2.5147928581651187e-08
B2: -9.304806928641472e-09 - 2.808044366696624e-08 - -6.877227694132107e-09 - -6.286575661834014e-08
