Number: 4327
Error: 1.2489689427514865e-15
A1: [0.06621326071354612, -0.11395200244370983, -0.02398387131035432, 0.07172294704879724] - [0.037402604010336626, 0.18819336167971795, -0.14740895475956534, -0.07818701815892343] - [-0.0602294063037845, 0.32895076653142735, -0.1277531439120378, -0.14096835625363105] - [0.039046233580150344, -0.05332261540888683, -0.03741851837219419, 0.05169519185372143]
A2: [-0.009108507133079799, -0.3468031126384056, 0.2494551595352632, 0.10645675186896472] - [0.08003986352665769, 0.03628229765129031, -0.05025007099051168, -0.06607191787523858] - [-0.042452858818777445, 0.2308318476469878, -0.04053128772560843, -0.14784788250432546] - [0.06813493465395655, -0.29346768058884504, 0.14177140965098262, 0.08356203521878033]
B1: 1.5248386949700424e-08 - -1.6247579059076433e-09 - -2.739613275493933e-08 - 4.947924243643228e-08
B2: 7.094071996529117e-08 - -2.7649723681631712e-09 - 2.400026586245993e-08 - -5.799706435470528e-08
