Number: 526
Error: 7.422042743983442e-14
A1: [-0.01215226059150538, -0.014516006140953863, 0.01808853597830058, 0.008584308350717641] - [0.06583622900955788, 0.1894962166878092, -0.14532154297662586, -0.11000745449311983] - [-0.09629164479488853, 0.4217874712513664, -0.053455782350829484, -0.27203406908339567] - [-0.0013217503779856987, -0.018219485416362365, -0.0038353769797536633, 0.023376454482424074]
A2: [0.1615859830621355, -0.16775549711764237, 0.008500611024478372, -0.002333788683007274] - [0.03548579908252849, 0.20751679611654533, -0.1172103489758297, -0.12579195563556028] - [-0.08621415069285243, 0.5815375281910102, -0.23538931630348994, -0.25993615912215795] - [-0.0038353701299494365, -0.0045196859417647945, 0.0011098581750087623, 0.007243007362198848]
B1: 4.440606119481251e-07 - 6.013802076589126e-07 - 1.0750967590871551e-07 - -1.982983844272713e-07
B2: 3.325519294120555e-07 - 6.385300768699546e-08 - 4.93316240523736e-07 - -3.2276092707115944e-07
