Number: 5674
Error: 0.0005438840510866613
A1: [0.06404398169100284, -0.11533754070734184, -0.025737561436768117, 0.06999975941315609] - [0.03074507077673725, 0.18196638176530258, -0.15403250146449005, -0.08529242319519327] - [-0.08858921079371446, 0.2995255001694276, -0.1570485385867133, -0.1720327789961091] - [0.03997503337301693, -0.05009364088607367, -0.03521132301946189, 0.0546179799265583]
A2: [-0.004095552348511833, -0.34260974404967254, 0.25159855699312156, 0.11393759248689192] - [0.08548769666110302, 0.04223532128191233, -0.04482403304606118, -0.05992690003309715] - [-0.03671129185971937, 0.2368200491443394, -0.03565091192149633, -0.14040472817771465] - [0.0953394754115405, -0.2636831721263382, 0.17038490344186874, 0.11448855978300085]
B1: 0.015603251844716998 - 0.017517680699225605 - 0.009594526347794443 - -0.0036057276285017294
B2: -0.011712759630780396 - -0.020476961754953837 - 0.0002835448491220957 - -0.017371576339948756
