Number: 8188
Error: 4.836701872328199e-16
A1: [0.08043172819785777, -0.18046776724223387, -0.019588813512144886, 0.11962501524644072] - [0.03741556141153841, 0.1335963676068565, -0.13472620474335245, -0.036285843669249945] - [-0.001702807528236848, 0.2281901279910698, -0.12282837117747476, -0.10365889874297689] - [0.03886326545875446, -0.11448098760988007, -0.0464164103859342, 0.12203425896327215]
A2: [0.0353076412908107, -0.029273277019149616, -0.07569716147670476, 0.06966361521269238] - [0.10289382060112799, 0.2828967717890614, -0.3926063286154998, 0.0068160692311432436] - [-0.011187166356965754, 0.5390145239252742, -0.3594510783098862, -0.16837653449721185] - [0.09786263607060916, 0.017463152415308086, -0.16885116600120229, 0.05352470693263294]
B1: 5.1346395728009656e-08 - -4.249671924219538e-09 - -5.021287899207509e-09 - 7.229260583682225e-08
B2: 4.1326859935751716e-08 - 2.085508153894214e-09 - 2.1461495354978715e-08 - 3.244669787504395e-08
