Number: 238
Error: 6.472143053824034e-07
A1: [-0.017683548499590654, -0.02020300051506522, 0.0119617035235331, 0.0026634275598162427] - [0.06816052233770864, 0.19173076841631964, -0.14291815623029572, -0.10741830161817068] - [-0.09047916426512795, 0.4274077547778137, -0.047136440938134634, -0.26525292841321624] - [0.0018776734985976222, -0.01514780842658828, -0.00042634702778882066, 0.02707277715986876]
A2: [0.16331441403981145, -0.16605411660923708, 0.0102046769168865, -0.0006506377770258379] - [0.037713909711683945, 0.20971138051569374, -0.11498931712118259, -0.12361172539368888] - [-0.0867912574325119, 0.5809643029089044, -0.23596712095783445, -0.2605154241797716] - [-0.004598690705372332, -0.0052736428874077396, 0.0003466635822640925, 0.006504762001769772]
B1: -0.00011829152441157788 - 0.0001687236459671433 - 0.0009419845480992565 - 0.00048570555827267414
B2: -0.0002858415131730066 - 0.0027634529555714605 - 0.0004994762392823472 - -0.00017556342077978298
