Number: 7214
Error: 1.3585007432938557e-15
A1: [0.08043172372643657, -0.18046777171311962, -0.019588817978170178, 0.11962501077555919] - [0.03741563071535678, 0.13359643685817615, -0.13472613557776295, -0.036285774403902175] - [-0.0017028614432258672, 0.2281900740772478, -0.1228284250135026, -0.10365895264356843] - [0.038863285235310886, -0.1144809678888163, -0.046416390621972024, 0.12203427872754172]
A2: [0.035307350159942796, -0.029273568955263122, -0.07569743828063616, 0.069663310513086] - [0.10289377320627027, 0.28289672399197247, -0.39260637445526164, 0.006816019601908033] - [-0.011186966682449296, 0.5390147247907789, -0.35945088931345237, -0.16837632409338382] - [0.09786282119900386, 0.017463338385776937, -0.1688509897706802, 0.053524901256869935]
B1: -4.599609681807155e-08 - 3.605614580777617e-08 - 2.6693610946712816e-08 - -1.2897317767930198e-08
B2: 1.6899673867095135e-08 - 1.567909955529879e-08 - -4.4914378806932696e-08 - 2.5304824383409047e-08
