Number: 8374
Error: 8.446696482058781e-16
A1: [0.08043168283476408, -0.1804678126001723, -0.019588858820995335, 0.1196249698885341] - [0.03741558165592002, 0.13359638783590005, -0.13472618453930196, -0.03628582343607496] - [-0.0017028289467583132, 0.22819010657301173, -0.1228283925646283, -0.10365892015576939] - [0.03886322882283641, -0.11448102414296739, -0.046416446998504564, 0.1220342223501301]
A2: [0.035307481685584334, -0.029273437065794, -0.07569731322758516, 0.06966344816879261] - [0.10289372841697166, 0.2828966788225782, -0.39260641777487715, 0.0068159727009860045] - [-0.011187082526350933, 0.5390146082558663, -0.35945099896223126, -0.16837644616214892] - [0.09786282744801754, 0.01746334466317241, -0.16885098382197547, 0.053524907816230365]
B1: 2.1294576208818675e-09 - 1.1203332755726248e-08 - 1.157909212538625e-09 - -4.3298489911202786e-09
B2: -1.2512161470765942e-10 - -7.537116831268619e-09 - 1.1594356228034146e-09 - 2.1136305320953444e-09
