Number: 3260
Error: 0.0002704456284238518
A1: [-0.027607716519817076, -0.20744062634660088, -0.12517378629296574, -0.027611643207529887] - [0.07108307737580882, 0.21239347880646808, -0.11292777778125664, -0.04316648811936225] - [-0.08654350268041548, 0.31719648769101144, -0.1423439843344939, -0.15562140244313158] - [-0.035299374907463446, -0.11472579702987577, -0.1080171899975704, -0.017613016164478287]
A2: [-0.06493113763665169, -0.4242485315681137, 0.19799717270554112, 0.04597853386987042] - [0.07826928567848992, 0.04581143624539446, -0.06069407175652747, -0.07531776142572574] - [-0.16483336573749216, 0.07411085846556117, -0.19920890506460773, -0.30178558667095706] - [-0.04459332549634419, -0.43470781516005663, -0.007380156578705945, -0.060329686600532464]
B1: 0.0006777865338168329 - -0.08617227713104725 - -0.01321442550874658 - -0.012873506114159747
B2: -0.03688059889668094 - -0.08502678217783564 - 0.018339439539919653 - 0.02221443846560082
