Number: 7412
Error: 8.4426439900338965e-16
A1: [0.08043167729154274, -0.18046781814275667, -0.019588864357544526, 0.11962496434596898] - [0.03741557927900922, 0.13359638546075916, -0.1347261869116187, -0.03628582581175553] - [-0.0017028065013051383, 0.22819012901798555, -0.12282837015204244, -0.10365889771631624] - [0.038863228665985294, -0.11448102429938825, -0.04641644715524947, 0.12203422219337529]
A2: [0.0353073190508561, -0.029273600150381093, -0.07569746785881172, 0.06966327795410363] - [0.10289369471449805, 0.28289664483404303, -0.3926064503714953, 0.00681593740958622] - [-0.011187137737333307, 0.5390145527156373, -0.3594510512206843, -0.16837650433980816] - [0.09786275857689743, 0.017463275478831263, -0.16885104938290418, 0.05352483552408288]
B1: -2.0015555397634696e-09 - 1.2228932825071634e-08 - 2.8626843736127865e-08 - 1.5135516174841168e-08
B2: 5.6776528493195205e-09 - 3.04826665168712e-09 - 2.4444595656889345e-08 - 9.668848352457283e-09
