Number: 9456
Error: 1.541455408280174e-13
A1: [0.05317326600710449, -0.14800055487867658, -0.026998332266539336, 0.12182853818721033] - [0.005314524153640603, 0.13083749942395756, -0.11359993956594898, -0.022548957892890843] - [-0.01444214325093778, 0.22309395499616133, -0.1270388481267136, -0.08160359884911618] - [0.027146998605987228, -0.10001949946667306, -0.04942396867947579, 0.12229866037062043]
A2: [0.08925540635339824, -0.07291242741605336, -0.12362649698435424, 0.10728733985603599] - [0.10884287907441906, 0.2498153316040664, -0.40484416202841883, 0.046190649726409266] - [0.0366345744767518, 0.46255376903000195, -0.3777187744492637, -0.12147463904812529] - [0.1434251603860459, -0.044607891412914276, -0.20150077825870494, 0.10267857077321088]
B1: -1.3649558430839948e-06 - 5.672928730086458e-07 - 6.537804514189056e-07 - 6.336345781789055e-07
B2: -2.5023596075904e-07 - 6.392128263631746e-08 - -1.4209301416891309e-07 - 9.219145811172839e-08
