Number: 8051
Error: 1.0126874590672345e-15
A1: [0.08043170267312764, -0.18046779276404873, -0.019588839006309155, 0.1196249897246555] - [0.03741558986498507, 0.1335963960387227, -0.13472617634667883, -0.03628581523162219] - [-0.0017028098612943915, 0.22819012565806834, -0.12282837350710421, -0.10365890107540461] - [0.038863242188837174, -0.1144810108144871, -0.04641643364100627, 0.12203423570782676]
A2: [0.03530744072873242, -0.029273478135973505, -0.07569735216894381, 0.06966340530309831] - [0.1028936887171783, 0.28289663878583327, -0.39260645617203677, 0.0068159311295412466] - [-0.011187030333837238, 0.5390146607597099, -0.3594509495608011, -0.16837639116515155] - [0.09786278496621753, 0.01746330198817131, -0.16885102426197104, 0.05352486322426574]
B1: -2.769164032057556e-08 - 1.9447975919884053e-08 - 4.43851432010798e-09 - 8.596817947605163e-09
B2: 8.486794091463464e-09 - -1.0064868583188155e-08 - 2.577952550370374e-09 - 6.694994947224883e-09
