Number: 8596
Error: 7.609586916064359e-16
A1: [0.08043168931771857, -0.18046780611791485, -0.01958885234576032, 0.11962497637078717] - [0.037415548260464185, 0.13359635446575635, -0.13472621786813618, -0.036285856812994566] - [-0.0017027717996559737, 0.22819016371888806, -0.12282833550120707, -0.10365886302392073] - [0.03886323085103904, -0.11448102212038737, -0.046416444971568056, 0.12203422437712955]
A2: [0.03530752596315674, -0.029273392665789908, -0.07569727112890645, 0.06966349450987837] - [0.10289362831021952, 0.28289657786625133, -0.39260651459694057, 0.006815867874767048] - [-0.011187145961276061, 0.5390145444426394, -0.35945105900495516, -0.1683765130055199] - [0.09786276137614291, 0.017463278290782366, -0.1688510467182731, 0.05352483846242804]
B1: 5.618102913711171e-08 - -2.60163676905478e-08 - 1.4893683701536264e-08 - 7.506393547105765e-09
B2: 2.162161069008942e-08 - 1.3437186209013587e-08 - 3.337920451179239e-08 - 2.6008047262747902e-08
