Number: 5774
Error: 0.00012895673142527625
A1: [0.10531708412581105, -0.1587057390755672, 0.002733018266622578, 0.1426899089333908] - [0.06162935365719038, 0.15113646594971275, -0.1161514250458282, -0.016032638668349957] - [0.024302845708532472, 0.2571141792298492, -0.09590920244376175, -0.07700695253828982] - [0.0829729134773228, -0.0661548768791387, 0.0010869787309869122, 0.16838261121965573]
A2: [0.03825294289576591, -0.028033644398084243, -0.06868627874955921, 0.07754485422931862] - [0.09686248462755175, 0.27788956909980456, -0.4011507618459333, -0.002941164456063374] - [0.01807305568176725, 0.5699307366547743, -0.33160983897948204, -0.14057860575233452] - [0.11966291141643605, 0.03991597662965843, -0.14692399959597657, 0.07549737489418125]
B1: 0.005502364628457771 - -0.01601408976129662 - -0.01518020506207425 - -0.010300068702347896
B2: -0.0014658429297757167 - -0.0001816630670155913 - 0.012833552821720624 - -0.0051583741329143335
