Number: 6100
Error: 3.0032823221100997e-15
A1: [0.08043175328954022, -0.18046774215340328, -0.01958878845043158, 0.11962504033526505] - [0.03741570826945028, 0.13359651435351816, -0.13472605817823186, -0.03628569689279512] - [-0.0017026035435198318, 0.22819033197142205, -0.12282816749141863, -0.1036586948127551] - [0.038862923331766004, -0.11448132877672174, -0.046416752294905585, 0.12203391704892172]
A2: [0.035307000205466135, -0.029273919877713796, -0.07569777101249883, 0.06966294424755684] - [0.10289393390131735, 0.28289688605086144, -0.3926062190331296, 0.006816187873157427] - [-0.011187421999932784, 0.5390142667575032, -0.3594513202811242, -0.16837680387740786] - [0.09786298464410509, 0.01746350257433979, -0.16885083418155336, 0.05352507282113457]
B1: 2.462922255433444e-08 - 1.8056439487407434e-07 - 9.834827353884661e-08 - 1.0979064083520193e-07
B2: 3.730832354526351e-07 - 5.122526451198126e-07 - -5.620868228514964e-07 - -1.9301750406956876e-08
