Number: 8045
Error: 7.822996385423449e-16
A1: [0.08043171744544347, -0.1804677779934061, -0.01958882425165612, 0.11962500449528421] - [0.037415572548636575, 0.1335963787354806, -0.13472619362852484, -0.03628583253837839] - [-0.0017028066760680352, 0.22819012884322684, -0.12282837032654138, -0.10365889789102824] - [0.03886325403409171, -0.11448099900247469, -0.046416421803299406, 0.12203424754571933]
A2: [0.03530753914603648, -0.029273379446469454, -0.0756972585948731, 0.06966350830732214] - [0.10289374506881373, 0.28289669561571756, -0.3926064016694313, 0.006815990137874476] - [-0.01118718194976018, 0.5390145082394933, -0.35945109306880657, -0.1683765509278788] - [0.09786278905538144, 0.01746330609593423, -0.16885102036934618, 0.05352486751655008]
B1: 1.678442785525282e-08 - 2.0765666549401976e-08 - -4.333168724303096e-08 - 7.346455641238877e-10
B2: 8.007232094604041e-09 - -1.0513384214579058e-08 - 2.4173779393086202e-09 - 7.818248998084072e-09
