Number: 8927
Error: 0.0005999096398909001
A1: [0.10296292920116544, -0.16194661496406426, 0.00561434276725583, 0.14851940341796716] - [0.07577294190640624, 0.17529297877965075, -0.07997871467222614, 0.02021555262024562] - [-0.018125435005889992, 0.20782010599443002, -0.1401445865097276, -0.12025176361144585] - [0.1066771960139568, -0.054183749425331953, 0.014003384759019348, 0.18729656134305905]
A2: [-0.0013279638911686958, -0.0585174177662743, -0.1270324533012985, 0.044721368931406796] - [0.1618312346854908, 0.33894434454765276, -0.34153387570988386, 0.07975762492844173] - [0.0991304979623897, 0.6363696714263218, -0.2557636607268638, -0.03498670887809209] - [0.19052891393376958, 0.09950371488389001, -0.07988973337144746, 0.16827960611210208]
B1: 0.005475417894214549 - 0.01786968118003652 - 0.0426621593855702 - 0.036746373776355756
B2: 0.015377098244548998 - 0.01993668594366274 - -0.008902301558340665 - 0.039226047941417555
