Number: 3035
Error: 2.3944701847477078e-08
A1: [0.06359123985323976, -0.04771601968037586, -0.023288832924065788, 0.008007056854081039] - [0.04441209015323037, 0.19199512989928408, -0.14178991702967642, -0.09168461553334253] - [-0.12300725589610872, 0.41530565693105675, -0.10441079926857455, -0.1866231697592925] - [0.037672397110757996, 0.019836855834648, -0.03246991938232558, -0.02239439683924227]
A2: [0.06240133004614373, -0.17472347005772826, 0.08529091197670721, 0.022927687069970195] - [0.02890888981177364, 0.19992347717435074, -0.10208981359119496, -0.12824676444342428] - [-0.09339938667035841, 0.513689377422777, -0.22559637336050986, -0.1950844672083409] - [-0.025481817582719102, 0.018956873649501646, -0.04984989115098867, 0.05741349855685819]
B1: 0.0001473031117097999 - -0.0001357523994294749 - -0.0002234333200484507 - -0.0002572891058849306
B2: -6.698659556191378e-05 - -0.0002806602562135269 - 0.00014279387396209939 - -0.00019595735182161196
