Number: 425
Error: 2.6412892250332497e-11
A1: [-0.012171219026724904, -0.014535478114312161, 0.01806758159566877, 0.00856404943811648] - [0.06584540111772844, 0.18950503993299345, -0.1453120597641046, -0.1099972423199362] - [-0.09628240270806392, 0.421796404197499, -0.0534457531041208, -0.272023301137661] - [-0.0013132274612217495, -0.018211288119429868, -0.0038263040662818684, 0.02338630606481848]
A2: [0.16159509567481692, -0.16774655629289764, 0.0085095403703173, -0.002324904671292097] - [0.03548051357840913, 0.20751159553306342, -0.11721561229791329, -0.12579712620330497] - [-0.086210442941929, 0.5815411601242493, -0.235385708119765, -0.2599325431835928] - [-0.00382944368820333, -0.004513857881702361, 0.0011157243130106686, 0.007248677732925559]
B1: 5.457280883545117e-06 - 7.668245324654729e-06 - -8.497401108507052e-07 - 4.267634459926567e-06
B2: 4.187727305564641e-06 - -2.0335256970205516e-06 - -2.1591100280867147e-06 - -1.1232682660437317e-06
