Number: 3074
Error: 6.474096181364783e-07
A1: [0.06421137823836007, -0.04710108103043419, -0.02267782754962691, 0.00861543275203803] - [0.04341569736743541, 0.19103600649127028, -0.14281280588705333, -0.09277804784418539] - [-0.12323092159527681, 0.41508466183159765, -0.10463704853020049, -0.18684343431293393] - [0.03695501026031579, 0.0191152389930034, -0.03319198149049723, -0.023120009463407185]
A2: [0.06239681647569544, -0.17471557465929846, 0.08528153405893149, 0.022923577745997428] - [0.03131251520111806, 0.20229359458002022, -0.09969660082106872, -0.125894889674445] - [-0.09073495211233452, 0.5163088777681157, -0.2229239927435952, -0.19250370626109695] - [-0.021856272126896018, 0.02256394978392294, -0.04622357243789743, 0.06094556389689649]
B1: -0.0003448209699366717 - 0.0012620516747717287 - -0.0005176465221977673 - -0.0014803794726379075
B2: -0.0009015433827788672 - -0.0015792160921203851 - -0.0006001809525044709 - -0.0005660347627435718
