Number: 3604
Error: 4.455240294655117e-12
A1: [0.06621015308495705, -0.1139550406329799, -0.0239869765713684, 0.07171984462260034] - [0.03740562085264571, 0.18819624406327326, -0.14740598897351095, -0.07818405209549333] - [-0.060225971575917685, 0.32895406541837985, -0.12774978279488838, -0.14096501336291145] - [0.039049184623490496, -0.05331981440757468, -0.03741566335304196, 0.05169802364713573]
A2: [-0.009102506086793012, -0.3467967464363868, 0.24946120914813458, 0.1064630436083442] - [0.08004739886128505, 0.036290415408528204, -0.05024183529167615, -0.06606361224183177] - [-0.042469240783090334, 0.23081376736075998, -0.04054884343107414, -0.14786600044370332] - [0.06814804206954758, -0.29345324871949874, 0.14178561944682466, 0.083576731136683]
B1: -1.2107210128614576e-06 - -1.7895848724070783e-06 - -3.796563569337901e-06 - 2.861133725773248e-06
B2: 3.8092413301396536e-07 - 5.637028544626333e-07 - 1.4966512243293657e-07 - -4.982506684709075e-06
