Number: 3725
Error: 1.5668125143675557e-15
A1: [0.0662130156381707, -0.11395224204243778, -0.02398411619342218, 0.0717227023846962] - [0.03740259446753587, 0.18819335256219352, -0.14740896414090254, -0.07818702754106566] - [-0.0602293894153944, 0.3289507827518804, -0.12775312738602684, -0.14096833981655238] - [0.039045938953016196, -0.05332289505784139, -0.037418803414044924, 0.05169490912640616]
A2: [-0.009108309536864378, -0.34680290301948186, 0.24945535873036326, 0.10645695903804035] - [0.08003986515523204, 0.03628229940575851, -0.050250069210560515, -0.06607191608016058] - [-0.04245263699875658, 0.23083209246155642, -0.04053105001436014, -0.1478476371796426] - [0.06813498783815994, -0.2934676220304017, 0.14177146730810256, 0.08356209484848737]
B1: 4.811110592982621e-09 - 3.436416519541404e-08 - -9.953390584957023e-08 - 1.4496528863484763e-08
B2: 9.957151310489022e-09 - 4.145734881460213e-08 - 7.999850283402964e-09 - -2.8916231211913465e-08
