Number: 6124
Error: 1.5373197156671601e-15
A1: [0.08043157229750611, -0.18046792312490598, -0.019588969226035167, 0.119624859363924] - [0.037415499747269876, 0.13359630598920302, -0.13472626628489554, -0.03628590529943952] - [-0.0017028303599664393, 0.22819010515984958, -0.12282839397577093, -0.10365892156861754] - [0.03886296511476356, -0.1144812871109782, -0.04641671053852749, 0.12203395880595552]
A2: [0.03530735086385624, -0.029273568249411918, -0.07569743761127204, 0.06966331124972808] - [0.10289351863863871, 0.28289646726377327, -0.3926066206696997, 0.0068157530323088595] - [-0.011187155832751322, 0.5390145345122921, -0.35945106834834234, -0.16837652340763404] - [0.09786271430635296, 0.017463231006901593, -0.16885109152550992, 0.05352478905434258]
B1: -2.013939226968345e-08 - -5.119299389770663e-08 - -1.0557400228424406e-08 - -6.582801269409588e-09
B2: 1.1648606144310686e-07 - 1.3750989064154311e-07 - -3.102250799216971e-07 - -2.459504210690817e-08
