Number: 4195
Error: 8.802273370463716e-16
A1: [0.06621317324156643, -0.11395208796097392, -0.023983958713692893, 0.07172285972360504] - [0.03740261633426933, 0.18819337345439835, -0.14740894264419718, -0.07818700604248524] - [-0.06022938244976044, 0.3289507894419458, -0.12775312056985863, -0.14096833303702896] - [0.039046106933745744, -0.05332273561689935, -0.037418640898356656, 0.05169507032246331]
A2: [-0.009108471109203813, -0.346803074422686, 0.24945519585065332, 0.1064567896381247] - [0.08003983971687863, 0.03628227200133112, -0.05025009701324729, -0.06607194411895914] - [-0.04245282684510533, 0.23083188293507742, -0.040531253461399394, -0.14784784714273877] - [0.06813483305934318, -0.29346779244888505, 0.1417712995126449, 0.08356192131252756]
B1: 3.0524181736106777e-09 - -1.43817143467802e-10 - -1.770751659232843e-08 - 7.1743424266465475e-09
B2: 2.863036633165804e-09 - 8.031410296933803e-09 - -6.635070054531728e-09 - -1.3363560770512947e-08
