Number: 9646
Error: 1.931955150276503e-14
A1: [0.053172862660056, -0.14800095834317714, -0.026998735147158205, 0.12182813465299933] - [0.005313802572643784, 0.1308367771087403, -0.11360066103215373, -0.022549680502905636] - [-0.014444630587114603, 0.2230914667610763, -0.1270413334872436, -0.08160608706408054] - [0.027146320348994394, -0.10002017778604055, -0.049424648442489755, 0.12229798030226352]
A2: [0.08925414239420573, -0.07291368847949334, -0.12362773252271507, 0.10728606023141607] - [0.10884220059689396, 0.24981465299226419, -0.40484482708016906, 0.04618995982457674] - [0.03663613516061681, 0.4625553215917917, -0.37771725178066595, -0.12147306217192039] - [0.14342644830095777, -0.04460660827936188, -0.20149952073574798, 0.10267987781785033]
B1: -8.042743922167531e-10 - 1.57070363196147e-07 - 1.0310292792047062e-07 - -8.775947462881265e-08
B2: 3.301102979656353e-07 - 1.282608216949843e-07 - 4.990219181181002e-08 - 8.944245870493507e-08
