Number: 8524
Error: 1.0704598163835365e-15
A1: [0.08043172737052542, -0.18046776806942522, -0.01958881433846088, 0.11962501441923802] - [0.03741557293710447, 0.133596379123731, -0.13472619324066046, -0.03628583215001557] - [-0.001702811601910219, 0.22819012391747107, -0.12282837524518656, -0.10365890281556234] - [0.03886322716919866, -0.11448102579189418, -0.04641644865105241, 0.12203422069757891]
A2: [0.03530731114939977, -0.029273608073649867, -0.07569747537163611, 0.06966326968458314] - [0.10289372179374874, 0.28289667214314945, -0.3926064241807708, 0.006815965765508453] - [-0.011187105947164197, 0.539014584695413, -0.3594510211306197, -0.16837647084137375] - [0.09786280119463965, 0.017463318290391164, -0.1688510088135408, 0.05352488025878496]
B1: -4.0319659497997636e-08 - -2.2592687852511337e-08 - 9.48993467624803e-10 - 8.913227583181388e-10
B2: -2.4323459484837423e-08 - 6.16938037558162e-08 - -2.009047691280286e-08 - 4.722456108205373e-09
