Number: 5279
Error: 1.534705484440705e-15
A1: [0.06621304698284444, -0.11395221139826509, -0.02398408487334747, 0.07172273367673873] - [0.03740257000744857, 0.1881933291923299, -0.14740898818695686, -0.07818705158929982] - [-0.06022941456497973, 0.32895075859668116, -0.12775315199607146, -0.1409683642939451] - [0.03904603390635259, -0.05332280493172115, -0.037418711549892555, 0.05169500024449869]
A2: [-0.009108666802906036, -0.34680328202272803, 0.24945499857328915, 0.10645658446428882] - [0.08003986627902866, 0.036282300616374254, -0.05025006798221187, -0.06607191484152514] - [-0.0424529351831171, 0.23083176336702832, -0.040531369560268836, -0.1478479669599122] - [0.06813468625669025, -0.29346795408468174, 0.14177114036434055, 0.0835617567201069]
B1: 1.5066592357897173e-07 - -6.785967581093463e-08 - -8.77716769402257e-10 - -2.300946302589224e-08
B2: -1.8955954624228276e-08 - 3.093850370129825e-08 - 2.5622281762234047e-09 - -1.7151299205815456e-08
