Number: 8381
Error: 8.949233435245325e-16
A1: [0.08043171158187436, -0.18046778385631526, -0.019588830108255937, 0.11962499863236346] - [0.03741552374298452, 0.1335963299667901, -0.13472624233685035, -0.03628588131693596] - [-0.0017028294398054261, 0.22819010607997475, -0.12282839305695378, -0.10365892064868532] - [0.038863268249816674, -0.11448098482662913, -0.04641640759664502, 0.12203426175260934]
A2: [0.03530739487139699, -0.029273524120088212, -0.07569739576959889, 0.06966335730852861] - [0.1028937935893101, 0.28289674454802344, -0.39260635474097605, 0.006816040945844197] - [-0.011187071256399563, 0.5390146195930356, -0.3594509882949519, -0.1683764342866355] - [0.09786285246911477, 0.0174633697980789, -0.1688509600034601, 0.053524934080180324]
B1: -1.4754795872700715e-08 - 4.025377678277994e-09 - 4.968949605191559e-09 - 1.824827669701795e-08
B2: 2.556356044357123e-08 - -3.929228456572778e-08 - 4.7254636042074706e-09 - 3.1249580384313907e-08
