Number: 4903
Error: 7.892348150390554e-16
A1: [0.06621314340366775, -0.11395211713208933, -0.023983988528174568, 0.07172282993577299] - [0.037402565657285364, 0.1881933250359845, -0.14740899246355263, -0.07818705586626183] - [-0.060229276720959776, 0.3289508909887122, -0.1277530171098415, -0.14096823013327328] - [0.03904613222225299, -0.05332271161392972, -0.03741861643248162, 0.05169509458963338]
A2: [-0.00910850680715384, -0.3468031122927487, 0.2494551598637756, 0.10645675221066593] - [0.08003987591789546, 0.036282311000205604, -0.05025005744753762, -0.06607190421732786] - [-0.042452798379608046, 0.23083191435137929, -0.04053122295648265, -0.1478478156609712] - [0.06813475842826583, -0.2934678746209098, 0.14177121860522765, 0.0835618376373492]
B1: -1.9179843108534137e-08 - 2.178097086317708e-08 - -2.472669539726837e-08 - -3.830939387056111e-08
B2: -1.3402741120818637e-08 - -2.262016573637005e-08 - -3.5404850740196176e-08 - 1.6859498327517854e-08
