Number: 3131
Error: 3.283369187691846e-06
A1: [0.06560932310876978, -0.045918419602678305, -0.02153076307434866, 0.009832765695495307] - [0.04258551895161473, 0.1900873310804764, -0.14379219510500285, -0.09387075851896091] - [-0.12210849742739956, 0.41594445649648276, -0.10378109498294301, -0.185944992083679] - [0.03289399387013821, 0.01474571033323761, -0.03768947883165295, -0.02718986819084257]
A2: [0.056502357630798056, -0.1804721745287502, 0.079316688607176, 0.016920755729480874] - [0.020933647827724146, 0.19207656905841677, -0.11000227325937274, -0.13603790626587664] - [-0.10684297536526555, 0.5004863171768955, -0.23909316681357082, -0.20805839614603241] - [-0.03288092781710887, 0.011631396693661651, -0.05726082402330386, 0.05011346147336753]
B1: 0.004599850590801842 - -0.006651031615275897 - 8.455671077905801e-05 - -0.004467924241386087
B2: -0.0024582298067331596 - -0.002396960379925405 - -0.0024432139980912655 - -0.0035163287415362196
