Number: 5807
Error: 9.158351543286686e-07
A1: [0.06630866394361801, -0.19475407886225574, -0.033773124373700225, 0.10543288036515577] - [0.0041493184113963405, 0.10020286997710794, -0.1682445779697913, -0.069747189366529] - [-0.003865611403522356, 0.2260276908581644, -0.12491513252574392, -0.10578886013593496] - [0.05397724727911151, -0.09940870134615754, -0.031008936913628615, 0.13731494726765184]
A2: [0.041046929847688034, -0.023628674002631092, -0.07005518005267854, 0.07598428262254427] - [0.12105716964410228, 0.3009189800517059, -0.3749634853289275, 0.02617236582572921] - [-0.012344057717760816, 0.5381093546468708, -0.36060403761172966, -0.1698870513114515] - [0.09936062971594585, 0.01906730820327316, -0.1674008072352225, 0.055030649885512595]
B1: -0.005228931235505566 - 0.0030432646175861332 - -0.006406631385701664 - -0.00485695007426822
B2: -0.004192631059673455 - 0.0003753982897976736 - -0.0085337825610042 - -0.0030237273111151323
