Number: 3374
Error: 4.4293927175454014e-08
A1: [0.06548776532399123, -0.11466180488758791, -0.024711107785459423, 0.07099798904810932] - [0.03890796665722946, 0.18963002946647245, -0.14593102449592046, -0.07670873465425716] - [-0.05424473121251379, 0.33471519592720594, -0.12188590711605152, -0.13514166583921433] - [0.03647520790818919, -0.055765560964758064, -0.039908012278228294, 0.04922299481169183]
A2: [-0.007403727038700297, -0.3449927105956109, 0.2512222610647674, 0.10824290839792874] - [0.08065997582068257, 0.03695128708595222, -0.04957416110598947, -0.06539226489044787] - [-0.0407056187161141, 0.23276091183607403, -0.0386482534700646, -0.1459232615359501] - [0.07043716147469467, -0.29092869366657176, 0.14429766432862579, 0.08614345445562306]
B1: 0.0004137178957309843 - -0.0003052978308466604 - -0.0001363277473273337 - -4.942988041727479e-05
B2: 0.00028250160784098165 - 0.00014728135233203505 - -0.00021180292040404793 - -0.00019987889603764112
