Number: 8891
Error: 0.00014870423201344894
A1: [0.08641167998634572, -0.17114699019667948, -0.009817611853789196, 0.12985243398249544] - [0.03362390064859144, 0.1336499806277734, -0.1326880881205046, -0.03542056820065931] - [0.01512710884357828, 0.24768106054867062, -0.10283483912410218, -0.08458414674194421] - [0.04333971018104625, -0.10506708676646204, -0.03745278679726087, 0.13158172961542458]
A2: [0.06094635810946195, -0.003018268550828193, -0.05380052089586726, 0.09412381657482183] - [0.10711807565359763, 0.2873454294628947, -0.3882821564006716, 0.010284498217968226] - [-0.05412269750343097, 0.4942482628685434, -0.39979311178678256, -0.2113390962408301] - [0.05291075067991677, -0.02749620947771874, -0.2103673193589098, 0.008577055820516724]
B1: 0.017974028184690072 - 0.0054607548666494666 - -0.003914072890591381 - -0.004920022802412764
B2: -0.010819300508974481 - -0.013672466674672302 - 0.008104257585362325 - -0.010622640973293233
