Number: 709
Error: 5.3594219365821294e-14
A1: [-0.012154136397924571, -0.014517932785942052, 0.018086462643365744, 0.008582303830872476] - [0.06583511343399792, 0.18949514355143457, -0.14532269638408163, -0.1100086965745905] - [-0.09629318731450257, 0.42178598042528787, -0.05345745617768938, -0.2720358662008179] - [-0.0013223785138736421, -0.018220089510900483, -0.003836045614540732, 0.023375728459993656]
A2: [0.16158694038289578, -0.1677545578282854, 0.008501549036023244, -0.0023328554376940264] - [0.03548558465565285, 0.20751658513478433, -0.11721056250454763, -0.12579216540220814] - [-0.08621360999513533, 0.5815380578019137, -0.23538879018728595, -0.2599356318630541] - [-0.0038350021476853974, -0.00451932407606467, 0.001110222387293263, 0.007243359425560192]
B1: -8.754010809451167e-08 - -1.1876266085194874e-07 - 3.996332248241146e-08 - 4.6298362021858584e-08
B2: -7.26811311704233e-08 - 2.9101105996745095e-07 - 4.447112839581318e-07 - 9.64136250709651e-08
