Number: 6645
Error: 7.960837325283709e-16
A1: [0.08043167698562195, -0.18046781844863904, -0.019588864663095274, 0.11962496404008435] - [0.03741560882294087, 0.13359641498232933, -0.13472615742655797, -0.036285796284190104] - [-0.0017028956663346472, 0.22819003985486155, -0.12282845918651868, -0.10365898685755219] - [0.038863269053529076, -0.11448098402518174, -0.046416406793432785, 0.12203426255582248]
A2: [0.0353074400818704, -0.02927347878462638, -0.07569735278398383, 0.06966340462611073] - [0.10289374688402951, 0.2828966974463285, -0.39260639991379787, 0.0068159920386756] - [-0.011187118552644237, 0.5390145720147616, -0.35945103306194387, -0.1683764841242468] - [0.09786279956616152, 0.017463316654536546, -0.16885101036375103, 0.053524878549437535]
B1: -2.4923713933186337e-09 - 1.7386994461129685e-09 - -8.337260497339636e-09 - -4.7557859270816105e-09
B2: -2.254152853862512e-09 - 1.7478093574057677e-08 - -5.5325556903264724e-08 - 2.8191143414709674e-08
