Number: 593
Error: 2.4349825667041835e-14
A1: [-0.012153747904772727, -0.014517533765337326, 0.018086892046330617, 0.008582718981313825] - [0.06583530029227326, 0.18949532330132288, -0.1453225031890535, -0.11000848852676127] - [-0.0962928060625766, 0.42178634890362915, -0.05345704247038872, -0.2720354220217275] - [-0.0013216249644854914, -0.018219364809420952, -0.003835243483851239, 0.02337659943708592]
A2: [0.16158686737571462, -0.16775462945745778, 0.008501477506871738, -0.0023329266085577354] - [0.03548580447891811, 0.2075168014255844, -0.11721034360246133, -0.12579195035818908] - [-0.08621351775807812, 0.5815381481511009, -0.23538870043220778, -0.25993554191692275] - [-0.0038348870576427867, -0.004519210896709184, 0.0011103363038822884, 0.007243469536869178]
B1: 7.211893584859308e-08 - 1.1239380830635019e-07 - 1.1220078525042051e-07 - -5.4887208481342533e-08
B2: 5.55388465272368e-07 - 8.619757821075296e-08 - -8.692500140627955e-07 - 3.2202436255442257e-07
