Number: 6967
Error: 1.1323579046019298e-15
A1: [0.08043168258344575, -0.1804678128514482, -0.019588859071961662, 0.11962496963726978] - [0.037415586989924685, 0.13359639316583793, -0.13472617921606986, -0.03628581810511209] - [-0.0017028220148928865, 0.22819011350473015, -0.12282838564291325, -0.10365891322576636] - [0.03886322864210092, -0.11448102432319913, -0.046416447179112294, 0.12203422216950967]
A2: [0.03530744753364167, -0.029273471312243327, -0.07569734569892918, 0.06966341242519472] - [0.10289380879619987, 0.28289675988395685, -0.39260634003315337, 0.006816056869767875] - [-0.011187167721010175, 0.5390145225531162, -0.35945107960087264, -0.16837653593468282] - [0.09786281162150891, 0.017463328764718417, -0.16885099888783814, 0.05352489120362493]
B1: 2.0680350409090675e-08 - 6.187583075033992e-09 - -1.107753895851159e-08 - 8.574542934434747e-09
B2: 4.1640843959196335e-09 - 6.121070348185088e-09 - 9.804298584740614e-09 - 3.521099435473683e-09
