Number: 5608
Error: 7.552405890949761e-08
A1: [0.06601014321427139, -0.11415077912758943, -0.024187281226396996, 0.07151991961691183] - [0.036744683451558166, 0.18756470205234638, -0.14805591359123274, -0.07883413859329721] - [-0.06013787943054971, 0.3290385083364712, -0.12766401773057165, -0.14087967962538261] - [0.03909688145353449, -0.053274590851813, -0.03736956788851704, 0.051743732482807656]
A2: [-0.008797031315537671, -0.34647322531783326, 0.24976878460719962, 0.10678311161317686] - [0.07930169655616952, 0.03548708361556962, -0.051057047738686724, -0.06688563379044225] - [-0.042575777755616454, 0.2306963529570791, -0.04066307764564892, -0.14798406171793854] - [0.06905517290971873, -0.29245442454848564, 0.14276880064666506, 0.08459349077490295]
B1: 0.0005498828338822109 - 0.0006194307583402637 - -0.0002896641731145489 - -0.0007550365027462847
B2: 0.0002914432494512723 - 0.0003023031514794676 - 1.634432658638484e-05 - 4.494958002286278e-05
