Number: 3315
Error: 3.4314284141426457e-06
A1: [0.05583145969996537, -0.12418080413240297, -0.0345937578740912, 0.06120180424000699] - [0.034770849373555617, 0.18557680747639232, -0.1499900320421582, -0.08075695295006086] - [-0.0509429788353465, 0.3380018444134774, -0.11836550215090978, -0.13172856129650803] - [0.03547476981947601, -0.05666178824954579, -0.04100634289738227, 0.04817022032313047]
A2: [-0.011719121640498754, -0.34955854019702676, 0.24710411299220764, 0.10384034538630173] - [0.09023478517974699, 0.04733819030894258, -0.039158945179475206, -0.05484848966228814] - [-0.05896937066222102, 0.21221649467129028, -0.05848527725136126, -0.16632802847676859] - [0.056701300616568764, -0.3063424049437329, 0.1292263918404683, 0.07060683274577267]
B1: 0.0013412950385650083 - 0.003129843674475435 - 0.0006175669943729165 - 0.00017534820680429285
B2: -0.004045706612900293 - 0.0060910696783524395 - 0.0045571865163511645 - 0.0003109880591017787
