Number: 8375
Error: 9.036918982177585e-16
A1: [0.08043168621759449, -0.1804678092177246, -0.019588855442209428, 0.1196249732709786] - [0.037415573099989136, 0.1335963792864437, -0.13472619307818595, -0.036285831987267446] - [-0.0017028302588315842, 0.22819010526096636, -0.12282839387478056, -0.10365892146749256] - [0.03886323316981383, -0.11448101980818849, -0.04641644265429664, 0.12203422669440643]
A2: [0.035307467665601826, -0.029273451124552492, -0.07569732655763663, 0.06966343349539236] - [0.10289373629636243, 0.28289668676884017, -0.39260641015402525, 0.006815980951847037] - [-0.011187080764790518, 0.5390146100279334, -0.35945099729487207, -0.16837644430593554] - [0.09786283317467687, 0.017463350415879576, -0.16885097837055496, 0.05352491382734544]
B1: -1.90314699562037e-09 - 1.1058259303731009e-08 - 1.5454685123289963e-09 - -1.1417553882476352e-09
B2: 3.934894472830798e-09 - -1.2310215596524819e-08 - 2.0843730609442224e-09 - 6.830703851295941e-09
