Number: 6563
Error: 1.0454157071830762e-15
A1: [0.08043168252171762, -0.18046781291317043, -0.01958885913361922, 0.11962496957554769] - [0.03741557100622457, 0.13359637719423434, -0.13472619516792383, -0.03628583407995818] - [-0.0017027902294523868, 0.228190145289496, -0.1228283539040122, -0.10365888144880879] - [0.038863205525203545, -0.1144810473752231, -0.046416470281277725, 0.1220341990669807]
A2: [0.035307428384150755, -0.029273490514700667, -0.0756973639060219, 0.06966339238317351] - [0.1028937336181464, 0.28289668406785595, -0.3926064127443849, 0.006815978147354548] - [-0.011187115913267395, 0.5390145746698811, -0.3594510305637157, -0.1683764813430441] - [0.09786279123940633, 0.01746330828990541, -0.16885101829027946, 0.053524869809051134]
B1: -2.0284441511459646e-09 - -1.8804315281334523e-09 - -3.6283947165411145e-09 - -4.499703750054245e-09
B2: -3.0299453230325013e-09 - -1.3430424567123648e-08 - 2.4146576191037903e-08 - -1.8199628747357165e-08
