Number: 7565
Error: 9.840520883224452e-16
A1: [0.08043172084650499, -0.18046777459273133, -0.019588820854665102, 0.11962500789595236] - [0.03741560510699774, 0.1335964112691957, -0.13472616113509597, -0.03628579999807785] - [-0.0017027606874565448, 0.22819017483085663, -0.12282832440527222, -0.10365885191469543] - [0.03886325089698202, -0.11448100213078338, -0.04641642493842172, 0.1220342444105516]
A2: [0.035307405096715934, -0.029273513866533, -0.07569738604745128, 0.06966336801037469] - [0.10289370240489323, 0.2828966525897089, -0.39260644293344654, 0.006815945462555814] - [-0.011187133233705751, 0.5390145572461273, -0.359451046957908, -0.16837649959417153] - [0.09786277222342162, 0.01746328918742939, -0.16885103639229299, 0.053524849848488106]
B1: 1.5959880553641527e-09 - -3.398742092917856e-09 - 4.773300024402721e-09 - 2.9675355437343138e-09
B2: -5.540969648929426e-10 - -1.2530727378783093e-08 - 1.702686990101494e-08 - -1.1395302832709297e-08
