Number: 6969
Error: 1.1044984808243154e-15
A1: [0.08043168432371597, -0.1804678111113751, -0.019588857333772233, 0.11962497137734124] - [0.037415588409440925, 0.1335963945842798, -0.134726177799382, -0.036285816686382165] - [-0.0017028208045964533, 0.22819011471500075, -0.12282838443438887, -0.10365891201579291] - [0.03886322930190258, -0.11448102366524912, -0.04641644651973108, 0.12203422282890125]
A2: [0.03530745746808328, -0.029273461350324458, -0.0756973362533883, 0.06966342282266488] - [0.10289380599082232, 0.2828967570547698, -0.392606342746478, 0.006816053932127751] - [-0.011187164193219782, 0.5390145261019483, -0.3594510762617421, -0.16837653221732704] - [0.09786281508324286, 0.017463332242198593, -0.16885099559249128, 0.053524894837318475]
B1: 1.7617310654708655e-08 - 8.740599314769674e-09 - -1.4359077574431162e-08 - 7.28510960399953e-09
B2: 3.8045329948832775e-09 - 4.660816236243626e-09 - 8.430014257659096e-09 - 2.361739488608816e-09
