Number: 3391
Error: 6.626157337557857e-08
A1: [0.06563871999661765, -0.11451299603668912, -0.02455821331533942, 0.07115031883201861] - [0.03681991550983342, 0.18763682081184904, -0.14798168419667063, -0.07875954467873077] - [-0.061250785914465374, 0.3279680514570099, -0.12875615994074194, -0.1419717151927176] - [0.03776339411502204, -0.054539718521105396, -0.038659989716791764, 0.05046038339605491]
A2: [-0.011066231265172586, -0.3488782723019203, 0.24749710007908157, 0.10440757940621637] - [0.07986821510936468, 0.03609746860625645, -0.0504376615536001, -0.06626464666246965] - [-0.04318106312740727, 0.23002816014062027, -0.04130949922618679, -0.14865643253219082] - [0.06697214450641928, -0.29474574053871855, 0.14052635665417917, 0.08226384509386545]
B1: 1.3951303042253593e-05 - -2.384033305506959e-05 - 0.000268160601039695 - 0.0002908196771611192
B2: 0.00014319896846884874 - 0.00016469757206673624 - -6.0286126646206324e-05 - -0.00033905978929328753
