Number: 1319
Error: 3.8690723172222565e-09
A1: [-0.006935851298335093, -0.014739681872916011, 0.003259286435708205, 0.019713199799198732] - [0.06658943036626855, 0.18965604871214173, -0.14698054007598899, -0.1101263235908911] - [-0.11226851248055585, 0.4420965443323744, -0.07045875642137243, -0.25775677064143804] - [-0.023134393405921525, 0.015575296220874571, -0.029694165187244836, 0.039159602050140296]
A2: [0.13166789491411776, -0.22454835644901464, 0.02274741245869499, 0.07024060494890007] - [0.03261729234130957, 0.20372070492928576, -0.11491725260149901, -0.12148581388123393] - [-0.09500691487948328, 0.5551621525595191, -0.23557977541620756, -0.22601262472145317] - [-0.020776472864675363, -0.019226072285523248, 0.008168936313186045, 0.03223064753985158]
B1: 3.8574454267432766e-05 - -3.35538272860759e-05 - -3.614585932905302e-05 - 2.2627043674133885e-05
B2: 3.6759659673908196e-05 - -0.0001020929760750757 - 3.3489339978817875e-05 - 2.971188310986715e-05
