Number: 673
Error: 4.6962651818375567e-14
A1: [-0.012152595298604685, -0.014516349918746637, 0.01808816602382678, 0.008583950674627335] - [0.06583571141270388, 0.18949571878174598, -0.14532207812646028, -0.11000803078534566] - [-0.09629224449524763, 0.42178689164538463, -0.05345643310495751, -0.27203476776997093] - [-0.001321306498163343, -0.01821905853497102, -0.003834904488330779, 0.023376967530209194]
A2: [0.16158716141809737, -0.16775434095497999, 0.008501765615657093, -0.002332639959114752] - [0.03548571219001505, 0.2075167106195929, -0.11721043550460394, -0.12579204064065191] - [-0.0862132353353291, 0.5815384247805392, -0.23538842562974413, -0.25993526651354976] - [-0.003834574390142096, -0.00451890342987413, 0.0011106457645587023, 0.007243768674610388]
B1: 6.430422788270722e-08 - 2.5127213534056925e-07 - 1.5561634789076028e-07 - 3.9312101420535246e-08
B2: 3.4606514745417065e-07 - 6.452004124010053e-08 - 2.83987255913827e-07 - 3.289328608621149e-07
