Number: 5824
Error: 1.7002322745669725e-06
A1: [0.07052266821207638, -0.1904387184836437, -0.029454916561915158, 0.10972632756613308] - [0.02532936345690074, 0.12146738721272715, -0.14680304757308985, -0.04838271981943854] - [-0.0063966607968556416, 0.22347522792752567, -0.12747738789006302, -0.10833361959415211] - [0.03541348551153136, -0.11795587573932914, -0.04977308172715244, 0.1186358204368757]
A2: [0.03416453848981823, -0.030449609079241973, -0.07674529999577524, 0.06853986739765001] - [0.09195921913698034, 0.271757113077274, -0.40316991089426546, -0.004530371876673479] - [-0.00040141435117974046, 0.5499380749237726, -0.34923718186801095, -0.15706368672972906] - [0.10166436200676122, 0.021309067539441246, -0.1652207241656397, 0.05750716874222162]
B1: 0.0011812302296496356 - -0.0015716982043327533 - 0.0007386006864482326 - 0.0005586614467155257
B2: 0.00011086555536446164 - 0.0013567031371664495 - -0.0026843191806726714 - 8.942363622113918e-05
