Number: 7033
Error: 9.942436985820958e-16
A1: [0.0804317003656527, -0.18046779507125554, -0.019588841311017513, 0.11962498741744552] - [0.037415594037125154, 0.13359640020770486, -0.1347261721829107, -0.03628581106181521] - [-0.0017028058654326717, 0.22819012965384575, -0.1228283695170992, -0.10365889708061632] - [0.03886322506397043, -0.11448102789128731, -0.046416450754961126, 0.12203421859360372]
A2: [0.035307470743857476, -0.029273448037831575, -0.07569732363094812, 0.06966343671719871] - [0.10289369725173123, 0.2828966473928011, -0.3926064479175104, 0.006815940066416979] - [-0.011187142450507833, 0.5390145479743462, -0.35945105568179475, -0.16837650930626863] - [0.09786280171074804, 0.017463318808877054, -0.1688510083222415, 0.05352488080055316]
B1: 1.2593308922980318e-08 - -1.8962761991689865e-08 - -1.2565927533514771e-08 - 1.2942969190334013e-09
B2: -1.3073176655857827e-09 - -6.344871266376221e-09 - 6.991251185183116e-09 - -1.6178309627178346e-08
