Number: 1952
Error: 1.4911706139546355e-05
A1: [-0.017657654423463672, -0.02536113777400332, -0.00797098721317012, 0.00873373004189543] - [0.058011102545859755, 0.18138246067698993, -0.15588381817663063, -0.1197601272823638] - [-0.10717787008304809, 0.4470962994333196, -0.0652804356769521, -0.2522221544254554] - [0.0026958040038985217, 0.04102285508415987, -0.0033758286079085195, 0.066479654841721]
A2: [0.14507076409770497, -0.2118081764294442, 0.03549245245183839, 0.08286935425770758] - [0.034744252084658554, 0.2058748397382112, -0.11281030327608066, -0.11942055571728302] - [-0.09660312329973536, 0.5534953593381026, -0.23728362321989704, -0.22763251218747962] - [-0.015087724669516855, -0.013825301128332253, 0.01359989525233347, 0.037531064911186206]
B1: 0.0020519444198260797 - 0.0020307118030671975 - 0.002535113943862982 - 0.00453541620487481
B2: -0.005317562488196507 - 0.00204647851056651 - 0.003927515004996141 - 0.008384567783995699
