Number: 4700
Error: 9.162422282880193e-16
A1: [0.06621313736350604, -0.11395212303730154, -0.02398399456362496, 0.07172282390571562] - [0.03740257177866887, 0.18819333088454326, -0.1474089864457743, -0.07818704984795175] - [-0.06022946177679613, 0.32895071325259617, -0.12775319819469144, -0.14096841024413498] - [0.039046053454174334, -0.05332278637773186, -0.03741869263808054, 0.051695019002818844]
A2: [-0.0091083218742563, -0.34680291610805775, 0.24945534629286314, 0.10645694610243416] - [0.0800399280181153, 0.03628236712703087, -0.0502500005050315, -0.06607184679129105] - [-0.042452741819057296, 0.23083197677500333, -0.04053116234408242, -0.14784775310720868] - [0.06813500789096322, -0.2934675999520836, 0.14177148904638096, 0.08356211733055437]
B1: -6.778868539988152e-08 - 5.941354390582533e-08 - 1.8750853689652548e-09 - 5.3644561824799666e-08
B2: 8.614930783171759e-09 - 8.789983288372333e-09 - 8.18185396226082e-09 - 3.6360024702676137e-08
