Number: 2039
Error: 0.00017042994248390433
A1: [-0.07590506119292313, -0.08595916553694839, -0.070588224971188, -0.051839133767408986] - [0.05719858698212997, 0.1811285748316003, -0.15732897490829692, -0.12079987904452533] - [-0.18010593690821705, 0.3712064200223446, -0.14401159478319164, -0.331333547584856] - [-0.0658509558033429, -0.02199705914210881, -0.0724410384392248, -0.008008282272943212]
A2: [0.08386700759511949, -0.26994106130581064, -0.027161349639979286, 0.02820070972384433] - [0.020757847277776145, 0.19181891935899728, -0.1266883004283881, -0.13308383886589542] - [-0.09687634199910541, 0.5499254935951574, -0.23643299143045107, -0.22828097765977584] - [-0.06903658403575579, -0.06847298158113896, -0.04635773149129886, -0.007860165578322417]
B1: 0.0011927864592538515 - 0.04217129780010751 - 0.00045425384561359645 - -0.018617790324630016
B2: 0.013464142489845768 - -0.03428360056201741 - -0.006530796854202896 - 0.006590749499088726
