Number: 5943
Error: 2.189121858750552e-10
A1: [0.08047216484042462, -0.18042733769713262, -0.019548423377234236, 0.11966544824838574] - [0.0373218945444221, 0.13350276990264828, -0.13481968545284528, -0.036379458723552145] - [-0.0016789254993694951, 0.22821400947975737, -0.12280451889844474, -0.10363502032979972] - [0.03891819998260484, -0.11442620405653815, -0.04636150578317357, 0.12208916156426969]
A2: [0.03543796157479262, -0.02914260581084367, -0.07557325724589027, 0.06980001100245477] - [0.10303609079565705, 0.28304024037760517, -0.392468732577844, 0.006965041206502937] - [-0.011167130739129864, 0.5390346756690738, -0.35943211803707736, -0.168355424904046] - [0.09792283056285808, 0.017523615230018975, -0.1687938678516704, 0.05358789101704308]
B1: 1.9745755041606696e-05 - -1.524137127545476e-05 - -8.62443890949091e-06 - 6.972103802728459e-06
B2: 1.2023213892543685e-05 - 2.9066587739320973e-05 - -2.9857002680477174e-06 - -2.3019971186824667e-05
