Number: 776
Error: 4.942733400582018e-13
A1: [-0.012153647458125274, -0.014517430593974373, 0.018087003068474047, 0.008582826320837844] - [0.06583631094337575, 0.18949629550511096, -0.14532145826371895, -0.11000736326761067] - [-0.09629158160751411, 0.42178753231474064, -0.053455713795574, -0.27203399547395013] - [-0.0013270212421902213, -0.018224554502749624, -0.0038409876460055764, 0.023370362252293615]
A2: [0.16158697081602263, -0.16775452796876142, 0.008501578853984466, -0.0023328257664287574] - [0.03548560274291317, 0.20751660293122304, -0.1172105444931975, -0.12579214770770905] - [-0.08621390753523898, 0.5815377663593511, -0.23538907970563855, -0.25993592200706805] - [-0.0038344185614241463, -0.0045187501922223355, 0.0011107999939417466, 0.007243917764304282]
B1: 1.8115269234011094e-07 - 4.332828933571506e-07 - 3.0575508257558933e-07 - 7.687311829208255e-08
B2: -1.3670249314653907e-07 - 7.430532813661631e-07 - -7.288740006939713e-07 - 1.6458782527192596e-06
