Number: 6721
Error: 9.5913023611705e-16
A1: [0.08043167444896009, -0.18046782098501365, -0.019588867196724064, 0.1196249615037122] - [0.03741558115546011, 0.1335963873357893, -0.13472618503891126, -0.036285823936345024] - [-0.0017028303172948148, 0.22819010520250607, -0.1228283939331584, -0.10365892152595185] - [0.03886322203846781, -0.1144810309082998, -0.04641645377853664, 0.12203421556998124]
A2: [0.03530742759578897, -0.029273491305242857, -0.07569736465558725, 0.06966339155806862] - [0.10289375807093927, 0.28289670872818345, -0.39260638909396695, 0.006816003753007739] - [-0.011187130927916716, 0.5390145595656731, -0.35945104477539946, -0.16837649716451294] - [0.09786278609343575, 0.01746330312052684, -0.16885102318890902, 0.05352486440745591]
B1: -3.75339696440388e-09 - 4.449004977693327e-09 - -1.1689663190253903e-08 - -6.74838595823828e-09
B2: -5.239969157153195e-09 - -4.075127106490232e-09 - -4.557067204090911e-09 - -4.03405666861582e-09
