Number: 3026
Error: 1.0900595620708182e-08
A1: [0.06333688608043525, -0.047968775137186816, -0.023539765579069005, 0.007755616012628911] - [0.04374997812255647, 0.1913557946151032, -0.14247216203273558, -0.09241282291720081] - [-0.12458638414335776, 0.4137305398131056, -0.10599837299793217, -0.18820503712345107] - [0.03728146912321738, 0.01944612334866156, -0.03285888485724879, -0.022781415539371234]
A2: [0.06273002665861575, -0.1743960282082878, 0.08561887297455445, 0.023252909116184866] - [0.02904478345153813, 0.20005733928951905, -0.10195457768567402, -0.12811373701487627] - [-0.09364815449522747, 0.5134458824553199, -0.22584517080177435, -0.19532573790338179] - [-0.02579685634092923, 0.018643638725603453, -0.050164613436266894, 0.05710603866786429]
B1: 7.47148115156802e-05 - -5.843309790914298e-05 - -5.248006861820805e-07 - 2.5577054005478857e-05
B2: 0.0001769329217276897 - -0.0004335195685709403 - 2.4092651458566317e-05 - -2.3041192172063627e-05
