Number: 9330
Error: 1.2269611671332764e-10
A1: [0.05308999849828972, -0.1480838525210167, -0.027081506377345077, 0.12174523050839535] - [0.005322362651272997, 0.13084534764518618, -0.11359210371529257, -0.022541114972786214] - [-0.014546036358304247, 0.22299002072516133, -0.12714265605767505, -0.08170752419461896] - [0.027105703531843658, -0.10006079366927742, -0.049465350325695816, 0.12225725763605647]
A2: [0.08930907696670029, -0.07285887635529134, -0.123574039780582, 0.10734167346447433] - [0.10886560523055228, 0.24983806892000912, -0.4048218886794244, 0.046213761849679985] - [0.03665818609315848, 0.46257725882792955, -0.37769574184117877, -0.12145078217131416] - [0.14342617644763256, -0.04460687968907362, -0.2014997935197469, 0.10267960241349312]
B1: 6.609648246112702e-06 - -6.630798610738352e-07 - 9.990418470240054e-06 - 1.0794938388236956e-05
B2: 3.8904832249967e-06 - -1.2976132550551757e-06 - -1.6361800138846572e-05 - 1.1231024176264155e-05
