Number: 5270
Error: 5.835153954867634e-16
A1: [0.06621307901565199, -0.11395218008126895, -0.02398405286567765, 0.07172276565578871] - [0.03740256696804662, 0.18819332628838514, -0.1474089911749232, -0.07818705457753053] - [-0.060229371106470316, 0.3289508003362798, -0.12775310947006874, -0.14096832199665993] - [0.039046047550103664, -0.053322791981566524, -0.03741869835000757, 0.051695013337207066]
A2: [-0.009108667287673029, -0.34680328253699944, 0.24945499808460087, 0.10645658395603949] - [0.0800397868000385, 0.036282214994837254, -0.05025015484811506, -0.06607200244499281] - [-0.04245285395692993, 0.23083185301294903, -0.040531282515319435, -0.1478478771271678] - [0.06813473892337522, -0.29346789609658736, 0.14177119745990927, 0.08356181576891591]
B1: -1.855613975167293e-08 - 6.607713989067221e-08 - 4.497323202983027e-08 - 4.8452124878079725e-08
B2: 2.502118564122483e-09 - 1.645497979953718e-08 - 9.435996334413526e-08 - -7.777374802213116e-09
