Number: 1228
Error: 6.28747473356188e-09
A1: [-0.00684422981796755, -0.014644800258555494, 0.0033556825586689917, 0.019806038864753475] - [0.06653848373252466, 0.18960748553061083, -0.14703340007384072, -0.11018282976073478] - [-0.11307833537428999, 0.4413041401086846, -0.07129644589835156, -0.2586346675583624] - [-0.02363915722205287, 0.015081489804568884, -0.030203750473174924, 0.03862346774342648]
A2: [0.13289875348531788, -0.2233358264463946, 0.023956598110252227, 0.07144382351907794] - [0.033330548715100355, 0.2044228719747695, -0.11420706639202402, -0.12078873110833287] - [-0.09182827595810589, 0.5582936532041612, -0.23245835303486026, -0.22288855846488853] - [-0.018963551654135956, -0.01743917073476414, 0.009966963680752224, 0.033975858993206945]
B1: 4.253912227706065e-05 - 0.0007861860184981914 - 4.943238666867044e-05 - -0.00031192796691955553
B2: 0.00029903585911818427 - 0.00032955174089604425 - 0.00012340538893054238 - -0.00020800170381150883
