Number: 8466
Error: 9.223473136489232e-16
A1: [0.08043170547620433, -0.18046778996127508, -0.019588836206611008, 0.1196249925274088] - [0.03741566973392082, 0.13359647584719747, -0.13472609663682794, -0.036285735406900874] - [-0.0017027783788389314, 0.22819015713985238, -0.12282834207074757, -0.10365886960134502] - [0.03886323159638148, -0.11448102137717577, -0.04641644422670374, 0.12203422512197942]
A2: [0.03530737232023332, -0.029273546733639317, -0.07569741721102244, 0.06966333370635276] - [0.10289370500439646, 0.2828966552113154, -0.3926064404192399, 0.006815948184642938] - [-0.011187180123497594, 0.5390145100766319, -0.3594510913402843, -0.16837654900341043] - [0.09786275699820123, 0.017463273892936844, -0.16885105088578556, 0.05352483386702686]
B1: -5.751579262034647e-10 - 2.6276398463484098e-08 - 1.866419727911908e-08 - 8.281344615846088e-09
B2: 7.438191354945924e-09 - 5.338929249095045e-08 - 2.1392847496933265e-08 - -4.236111427974008e-09
