Number: 9775
Error: 9.322358462292475e-16
A1: [0.05317255123575515, -0.14800126987993023, -0.0269990462264677, 0.12182782307805744] - [0.0053137668719356245, 0.1308367413728993, -0.11360069672445976, -0.022549716254855023] - [-0.014444388129776416, 0.2230917093087047, -0.12704109122007937, -0.08160584452060361] - [0.027146425262721787, -0.10002007287112835, -0.04942454330599356, 0.12229808548225939]
A2: [0.08925452999306868, -0.0729133017759619, -0.12362735365588437, 0.1072864526096312] - [0.1088417374324173, 0.24981418974622016, -0.40484528107083523, 0.04618948886682932] - [0.03663584791852901, 0.46255503584376884, -0.37771753202905617, -0.12147335239392922] - [0.14342633267471408, -0.04460672347307678, -0.20149963363295975, 0.10267976047707195]
B1: -6.628918491032304e-08 - 2.0606730366461655e-08 - 1.7346461824321142e-08 - 2.1531335603523e-08
B2: 1.2952796425184471e-08 - -1.627417233283539e-08 - 1.9790630162074407e-08 - -6.8761928793336436e-09
