Number: 5770
Error: 0.00013627046183932538
A1: [0.08760001280312615, -0.17788588238785857, -0.015789351161352244, 0.1244014110362984] - [0.025246703303258428, 0.11167248057779376, -0.15416872928946246, -0.05358015545421124] - [0.0257105166891412, 0.2602073178176334, -0.09377091440085636, -0.07507360958175198] - [0.11149797626376974, -0.035802578463572425, 0.030666703032770016, 0.19758465650371784]
A2: [0.08005626044891848, 0.01318450613404171, -0.02693454931357849, 0.12330830930987925] - [0.07048151208467023, 0.2520853353980473, -0.42819782546794516, -0.03287990888593876] - [-0.014103020009287412, 0.5378315791348792, -0.3618484041220288, -0.17558965841080246] - [0.10527985196719754, 0.0254940904199932, -0.1599638692085294, 0.060074320161066085]
B1: 0.01007358891595762 - -0.014748962149433394 - -0.01324382932750116 - -0.007117643922175568
B2: -0.015139135592844091 - -0.026297647209120787 - 0.01775693524582406 - 0.010310265555522691
