Number: 4866
Error: 1.0194409628667145e-15
A1: [0.06621322771774524, -0.11395203470213974, -0.02398390428026854, 0.07172291410834056] - [0.03740260727023958, 0.1881933647943471, -0.14740895155482586, -0.07818701495391801] - [-0.060229440053077135, 0.3289507341170844, -0.127753176937089, -0.14096838910089557] - [0.039046241545800525, -0.05332260784805159, -0.037418510665541325, 0.05169519949778558]
A2: [-0.00910853656236553, -0.34680314385832234, 0.24945512986780424, 0.10645672101399899] - [0.0800399152636377, 0.036282353386811135, -0.0502500144449196, -0.06607186084956501] - [-0.04245275624706407, 0.2308319608513688, -0.04053117780565816, -0.14784776906406188] - [0.06813490076379375, -0.2934677179036328, 0.14177137291038033, 0.08356199722136569]
B1: -2.2393413096561117e-08 - 1.0212147301747956e-08 - -1.7654473839340057e-08 - 1.25630452600909e-08
B2: -4.880386605388853e-08 - -2.2985603275180895e-08 - 1.592658290238179e-08 - 7.32306829166894e-09
