Number: 4022
Error: 1.0964140030292792e-15
A1: [0.066213216864992, -0.11395204531239238, -0.02398391512449885, 0.07172290327381664] - [0.0374025754144817, 0.18819333435832203, -0.14740898287148968, -0.07818704627332772] - [-0.060229268227243365, 0.3289508991463382, -0.12775300879845708, -0.14096822186681385] - [0.039046245278496275, -0.05332260430531127, -0.03741850705444828, 0.05169520307957698]
A2: [-0.009108504675918672, -0.34680311003171377, 0.2494551620123642, 0.10645675444527401] - [0.08003983401384597, 0.03628226585753089, -0.050250103246338135, -0.06607195040497826] - [-0.042452818450022085, 0.23083189220041242, -0.04053124446489186, -0.1478478378580895] - [0.06813482736838782, -0.29346779871485856, 0.14177129334312302, 0.08356191493194204]
B1: -1.2884049491950556e-08 - 4.009722296362203e-09 - -2.857072240367116e-08 - 2.523924535289352e-09
B2: -2.385525699239169e-09 - -3.0457176311716545e-08 - -2.3220457741366866e-08 - 7.071136907486426e-09
