Number: 2966
Error: 2.601539328435001e-08
A1: [0.06381150231606215, -0.04749554630248615, -0.023069197955562653, 0.008228955270049] - [0.04317548003380088, 0.19080133328153595, -0.1430650032841036, -0.09304582930492754] - [-0.12353393196180266, 0.414776703528055, -0.10494571216185804, -0.18715761237972903] - [0.03679567160551964, 0.01896193064126932, -0.03333979631818601, -0.02325676634204775]
A2: [0.06294335074198251, -0.17418179491178057, 0.08582911969407377, 0.023465892114327345] - [0.029178030753019328, 0.20018833163800712, -0.10182208704981631, -0.12798292769609942] - [-0.0940626329071059, 0.5130420649939078, -0.22625718700088385, -0.19572739361862798] - [-0.026526558802670408, 0.017923466611394184, -0.05088700778113839, 0.05639568017369773]
B1: -1.9987062217650638e-05 - -7.207340734421645e-05 - 0.0003196725579930592 - 0.0003154340926692212
B2: 0.00018834285621192724 - 9.896110798534406e-05 - 6.480411317040345e-05 - 0.0001535376551948995
