Number: 8207
Error: 9.079414953862782e-16
A1: [0.08043170294267551, -0.180467792494559, -0.019588838737136793, 0.11962498999413353] - [0.03741558776992643, 0.13359639394529707, -0.1347261784374791, -0.03628581732545715] - [-0.0017028115648011473, 0.22819012395459087, -0.12282837520813085, -0.10365890277846668] - [0.03886324385947828, -0.11448100914854417, -0.046416431971453384, 0.12203423737741215]
A2: [0.03530729569227368, -0.029273623573515255, -0.0756974900680176, 0.069663253507002] - [0.10289373724314078, 0.282896687723629, -0.39260640923832624, 0.006815981943261286] - [-0.011187032291187055, 0.5390146587906625, -0.3594509514134641, -0.1683763932276972] - [0.09786286208558703, 0.017463379458301995, -0.16885095084920065, 0.05352494417435324]
B1: -4.162921689760225e-08 - 4.7647575659478714e-09 - 2.1990913511390574e-08 - -1.0044041424816132e-08
B2: -3.1307060390405383e-09 - -9.55657470584917e-09 - -1.941570724913093e-09 - -5.967421484419178e-09
