Number: 9481
Error: 8.992836071732491e-14
A1: [0.05317229337535885, -0.1480015278627424, -0.02699930382141641, 0.12182756509163137] - [0.005314670954405873, 0.13083764638309603, -0.11359979279669746, -0.022548810899602416] - [-0.014442759574874712, 0.22309333844982274, -0.127039463965069, -0.0816042153923423] - [0.027148323794021375, -0.10001817428362045, -0.04942264070960705, 0.12229998890405483]
A2: [0.08925865005732182, -0.07290919121733382, -0.12362332637446362, 0.10729062355197662] - [0.10884196028148904, 0.2498144126447409, -0.40484506263546854, 0.04618971547524561] - [0.0366361685937009, 0.4625553548674293, -0.3777172191504016, -0.12147302837878728] - [0.14342599030059958, -0.04460706456551654, -0.20149996791870853, 0.10267941303223933]
B1: -3.4344500855471517e-07 - -1.1313352107150641e-07 - 7.291244649454857e-08 - 3.5813332148903084e-07
B2: 1.230167210007614e-07 - 2.1956097724023722e-08 - 2.696903147746081e-07 - -4.488706643616421e-07
