Number: 7656
Error: 4.227091016662293e-16
A1: [0.08043169180852956, -0.18046780362741738, -0.019588849857908066, 0.11962497886130077] - [0.03741561378712405, 0.13359641994275293, -0.13472615247225248, -0.036285791322752316] - [-0.0017028009315875692, 0.22819013458758414, -0.12282836459047299, -0.10365889214808216] - [0.03886324083938603, -0.11448101216015336, -0.0464164349895967, 0.12203423435921407]
A2: [0.03530751828227481, -0.02927340036792461, -0.07569727843197012, 0.06966348647124007] - [0.1028938181601427, 0.2828967693273721, -0.3926063309764361, 0.006816066675147145] - [-0.011187245922509316, 0.5390144438851964, -0.359451153620414, -0.16837661833818354] - [0.09786274187838005, 0.017463258704361755, -0.16885106527883575, 0.05352481799610558]
B1: 1.130627711947136e-08 - 5.048594018523564e-08 - 2.8010183624235806e-08 - 3.3657202517696115e-08
B2: 2.991937426545635e-08 - 2.4519043177167797e-08 - 4.197564578902615e-08 - 2.6041866786076082e-08
