Number: 8644
Error: 1.793918065635118e-15
A1: [0.0804317186149836, -0.1804677768239661, -0.019588823083523974, 0.1196250056647083] - [0.03741566814044473, 0.13359647425500484, -0.13472609822701143, -0.03628573699941994] - [-0.001702792508225092, 0.22819014301076684, -0.12282835617945415, -0.10365888372695614] - [0.038863270896352414, -0.11448098218745223, -0.04641640495176798, 0.12203426439755678]
A2: [0.0353075085230006, -0.029273410154178114, -0.07569728771082442, 0.06966347625690276] - [0.10289379089664887, 0.28289674183251573, -0.39260635734526456, 0.006816038126199329] - [-0.0111869880579978, 0.5390147032876899, -0.3594509095456222, -0.16837634661781475] - [0.09786285860597037, 0.017463375962853783, -0.16885095416153065, 0.05352494052181718]
B1: 1.9991776926434265e-08 - 1.7194359946744925e-09 - -1.862087784265991e-09 - 2.4972747390293817e-08
B2: -2.4971921329819854e-08 - -2.713204605016335e-08 - 6.743385252172104e-09 - -3.246036866975625e-08
