Number: 3997
Error: 1.0879551259640205e-15
A1: [0.06621317864713218, -0.11395208267620596, -0.02398395331236719, 0.07172286512009736] - [0.037402606174983415, 0.18819336374789047, -0.1474089526315612, -0.07818701603072312] - [-0.06022941962017974, 0.32895075374180394, -0.12775315694263173, -0.1409683692141847] - [0.03904623784144896, -0.05332261136427914, -0.03741851424954478, 0.05169519594290326]
A2: [-0.009108671424133907, -0.34680328692556645, 0.24945499391497294, 0.10645657961881613] - [0.08003976778206408, 0.036282194506915416, -0.05025017563391937, -0.06607202340722504] - [-0.04245286812064349, 0.23083183738081237, -0.04053129769390928, -0.1478478927919483] - [0.06813471168118171, -0.29346792609157973, 0.14177116792698166, 0.08356178522512403]
B1: 1.981060608157056e-08 - -1.5897938014585753e-08 - 2.2773474784690912e-08 - 6.11908936884461e-09
B2: 5.320159363128537e-10 - -2.076892576212388e-08 - 2.0267966038143696e-08 - 2.9732097691393646e-08
