Number: 9968
Error: 1.0919814578977417e-15
A1: [0.053172513156236834, -0.14800130797336766, -0.026999084263913255, 0.12182778498026424] - [0.005313742539339987, 0.13083671701483443, -0.11360072105329722, -0.022549740621698827] - [-0.01444455291253233, 0.2230915444656834, -0.1270412558722926, -0.08160600936208764] - [0.027146515647281294, -0.1000199824869393, -0.0494244527310147, 0.12229817609632858]
A2: [0.08925450211459716, -0.07291332958992786, -0.12362738090623684, 0.10728642438718096] - [0.10884154857923452, 0.24981400085974198, -0.4048454661834457, 0.04618929683613528] - [0.03663571454517981, 0.4625549031643891, -0.3777176621547827, -0.12147348715057595] - [0.14342632134063252, -0.044606734764903115, -0.2014996446997318, 0.10267974897482104]
B1: 2.6679806935102314e-08 - -3.1371178381169916e-08 - -2.4621257884604617e-08 - -1.0113388109784571e-08
B2: -7.463437954323003e-09 - -1.0940151500173757e-08 - -1.4156785544432335e-09 - -1.5883643805315748e-08
