Number: 2817
Error: 7.9685628903252e-09
A1: [0.06329261911961666, -0.04801363066584615, -0.02358442760216512, 0.007714258438235207] - [0.043525629003991415, 0.19113933864575144, -0.1427045777227801, -0.09266156321304234] - [-0.1233095501624897, 0.41499549916421824, -0.10472364514501377, -0.18693832560282078] - [0.03699798950357469, 0.019161141821630378, -0.03313870940605835, -0.0230582082830227]
A2: [0.0638836944449385, -0.17324561760389082, 0.08676448372253248, 0.024394378388032913] - [0.029192141991709063, 0.20020239501166287, -0.1018075106518689, -0.12796864486487478] - [-0.09350701902927461, 0.5135865959526035, -0.22570331948280328, -0.19519203309309557] - [-0.025831679064230922, 0.018615696797581502, -0.050191526114350814, 0.057070423471782934]
B1: 0.0001409292617207999 - 2.097836946483447e-06 - -7.837270783320424e-05 - -3.241335757072486e-05
B2: -6.619965377598449e-05 - -3.304341227605805e-05 - -6.869214451082988e-05 - -3.820460551252442e-05
