Number: 9863
Error: 9.078712773447199e-16
A1: [0.05317256912091381, -0.14800125198816036, -0.026999028360983366, 0.12182784097186514] - [0.005313768139272678, 0.13083674264158573, -0.11360069545727595, -0.022549714985689754] - [-0.014444479979373264, 0.2230916174255273, -0.1270411829969063, -0.0816059364029438] - [0.027146438245328926, -0.10002005988857658, -0.049424530296037876, 0.12229809849784964]
A2: [0.08925442905083843, -0.07291340248472916, -0.12362745232379038, 0.10728635042275352] - [0.10884175066962196, 0.24981420298578236, -0.40484526809581267, 0.04618950232678433] - [0.03663590555926033, 0.4625550931845718, -0.3777174757918802, -0.12147329415535064] - [0.14342650630093232, -0.0446065504935274, -0.20149946410197186, 0.10267993667923683]
B1: 3.390997942792938e-08 - 2.9086410028106467e-09 - -1.429881737975528e-08 - -1.7473240823916165e-08
B2: 1.3776896286869262e-08 - 1.1144908439159854e-08 - 3.6029937128655612e-09 - -4.020360030311762e-09
