Number: 3938
Error: 1.377572564119062e-15
A1: [0.06621319168447751, -0.11395206993019855, -0.02398394028525451, 0.07172287813556524] - [0.037402595918739345, 0.18819335394874162, -0.1474089627142353, -0.07818702611429282] - [-0.06022943948259246, 0.3289507346650609, -0.1277531763788203, -0.1409683885458465] - [0.039046214856433274, -0.053322633180771184, -0.037418536486777065, 0.0516951738862479]
A2: [-0.009108534801410606, -0.34680314199014994, 0.2494551316431299, 0.10645672286032029] - [0.08003982974474878, 0.03628226125849156, -0.05025010791220989, -0.06607195511047924] - [-0.04245286504442011, 0.23083184077591734, -0.040531294397312956, -0.1478478893897763] - [0.06813459989197591, -0.2934680491764512, 0.14177104673664367, 0.08356165988865881]
B1: 1.1995640754994828e-08 - -3.3480435560560504e-08 - 3.434575877879857e-08 - 2.2819836703535996e-08
B2: 3.7219452327115543e-10 - -4.447337590781324e-09 - 2.77968561543425e-08 - -6.146234698721392e-09
