Number: 8481
Error: 9.649965508439342e-16
A1: [0.08043168397992022, -0.18046781145512472, -0.019588857677192872, 0.11962497103357973] - [0.03741551463681899, 0.13359632086747944, -0.13472625142490308, -0.03628589041808914] - [-0.0017027959581160548, 0.22819013956094994, -0.12282835962428737, -0.1036588871759305] - [0.03886319904885358, -0.11448105383336488, -0.04641647675349252, 0.12203419259467949]
A2: [0.03530754326352353, -0.02927337531756552, -0.0756972546799068, 0.0696635126166139] - [0.10289378605992776, 0.2828967369547618, -0.3926063620232961, 0.00681603306148654] - [-0.011186982518312202, 0.5390147088604024, -0.3594509043021944, -0.16837634078046584] - [0.09786285759359872, 0.01746337494589348, -0.16885095512525772, 0.053524939459195765]
B1: 1.1781797483712485e-08 - -1.1402351738460417e-08 - -2.529950652408378e-08 - -4.664304779083893e-09
B2: -2.3373730424800696e-08 - 8.82965444366068e-09 - -4.859515617007814e-08 - 4.767690131112535e-09
