Number: 9394
Error: 4.8563509265181504e-11
A1: [0.0531624681715037, -0.1480113558762534, -0.027009117829952, 0.12181773593786008] - [0.005308031470751129, 0.13083099989684968, -0.11360643134027407, -0.022555459750604225] - [-0.014447664727845864, 0.22308843162411063, -0.12704436515715742, -0.08160912206094798] - [0.02713958896708998, -0.1000269079176292, -0.04943139320973592, 0.12229123329713447]
A2: [0.08927327761783756, -0.07289459803775278, -0.12360902832018152, 0.107305431775609] - [0.10887939197833567, 0.24985185131553111, -0.40480837227913186, 0.04622777694696473] - [0.036652445179563335, 0.4625715465737108, -0.3777013388128866, -0.1214565831484] - [0.1434433013505805, -0.044589817814323064, -0.20148306510656383, 0.1026969804456197]
B1: 1.4965717989604782e-05 - -2.307403299622541e-05 - -4.836211099721704e-07 - -1.586112083457188e-05
B2: -9.308567585292429e-06 - -6.856612215486931e-06 - -6.301773854085914e-06 - -6.283322034016782e-06
