Number: 5411
Error: 1.280819727819581e-15
A1: [0.06621314418378217, -0.1139521163693479, -0.02398398774864009, 0.07172283071460586] - [0.03740251549306751, 0.1881932771075704, -0.14740904177873895, -0.07818710518582067] - [-0.06022926968563194, 0.32895089774559544, -0.12775301022532418, -0.1409682232856766] - [0.03904616113455444, -0.05332268417126292, -0.037418588460594926, 0.05169512233437877]
A2: [-0.009108517596133233, -0.34680312373808664, 0.24945514898709303, 0.10645674089900205] - [0.08003977864863852, 0.03628220621351088, -0.05025016375685557, -0.06607201142960786] - [-0.04245285115133195, 0.23083185610938112, -0.04053127950898826, -0.14784787402429947] - [0.06813469026841487, -0.2934679496675728, 0.14177114471319296, 0.08356176121802131]
B1: 2.230837622731835e-08 - 5.162870888223487e-08 - -2.0520043183760597e-08 - -3.360097785683027e-08
B2: -1.4355645644237155e-08 - -2.468276452978597e-08 - 1.7496097974300125e-08 - -1.4385810415385149e-08
