Number: 1852
Error: 8.932878406988414e-08
A1: [-0.007759074111084587, -0.015547185528940246, 0.002444448944393723, 0.018855569212245557] - [0.06770140230273311, 0.1907319467986956, -0.1458301934207396, -0.10888824037448132] - [-0.11079641150076079, 0.4435701882539958, -0.06897994982175494, -0.25615043376000757] - [-0.02275303230913901, 0.015987243091107852, -0.02937712940339056, 0.03957002096690114]
A2: [0.13220703628660124, -0.22405520725071476, 0.02327527552527368, 0.07075695907497007] - [0.0331502846016064, 0.20425937638908598, -0.11438453295346887, -0.12095567277562108] - [-0.09454382326484342, 0.5556307524391993, -0.23504233462647342, -0.22544738644555157] - [-0.021891507126125736, -0.020364417257584474, 0.0070460136771773995, 0.03113751590233737]
B1: -2.6912472724854896e-05 - 0.0003293096938980835 - -3.681360698332072e-05 - -0.0004906093602296689
B2: 0.0003862142733460388 - 0.0009057361154026309 - -0.0005939953626291683 - -0.00026102437311988454
