Number: 1641
Error: 8.15955885305557e-08
A1: [-0.006809252460803679, -0.014613576975939995, 0.0033904753602332503, 0.01983387158258796] - [0.06639588038006271, 0.18946998191736591, -0.14718164988010535, -0.11034082440358099] - [-0.11317875953368642, 0.44119805679951957, -0.0714079436125875, -0.2587526271036261] - [-0.022384870262733284, 0.01630798189874677, -0.028930437633791998, 0.0399465927443858]
A2: [0.13137141127177623, -0.22484159967978384, 0.02244821002706602, 0.06994560791705506] - [0.03287091317274545, 0.20397067332988209, -0.11466413695191151, -0.12123742233065368] - [-0.09479650485977499, 0.5553721615176593, -0.2353769822397326, -0.22580773739775403] - [-0.020926647579482333, -0.019384502021934067, 0.008014139572084272, 0.03207937095325964]
B1: -0.00021368254928763125 - -0.0002375374939926569 - -9.036057231269003e-05 - -0.00013432878539268813
B2: -0.00015099619233028037 - 0.00030914331399319863 - 0.0003096449755731212 - -0.00026138640193455395
