Number: 6272
Error: 9.098397131305017e-16
A1: [0.08043164501495233, -0.1804678504156842, -0.019588896595536757, 0.1196249320730685] - [0.037415546536517685, 0.13359635274305112, -0.1347262195888744, -0.03628585853610759] - [-0.0017028291795603767, 0.22819010634022133, -0.12282839279709187, -0.10365892038851936] - [0.038863209370091814, -0.11448104354112208, -0.04641646643884084, 0.12203420290948183]
A2: [0.03530748206740993, -0.029273436682961868, -0.0756973128646867, 0.06966344856855451] - [0.10289367866566394, 0.28289662864898263, -0.39260646589369325, 0.006815920604047024] - [-0.011187177505127143, 0.5390145127106489, -0.35945108886170885, -0.1683765462445917] - [0.09786276166172085, 0.017463278577678754, -0.16885104644630144, 0.05352483876208548]
B1: 1.0500454337014717e-08 - -2.381990173758309e-08 - -3.6227426805226955e-08 - -1.529238137857847e-08
B2: -2.316830878814572e-08 - -2.2069554395094315e-08 - 8.574607253714077e-10 - -9.15354605880864e-09
