Number: 4168
Error: 9.183277342070963e-16
A1: [0.06621319064551469, -0.11395207094594646, -0.023983941323402373, 0.0717228770983452] - [0.03740262127763302, 0.188193378177446, -0.14740893778449313, -0.07818700118235032] - [-0.06022943854051156, 0.3289507355698725, -0.12775317545695813, -0.14096838762891695] - [0.039046084917295734, -0.05332275651408294, -0.03741866219853427, 0.05169504919523508]
A2: [-0.009108511186749291, -0.34680311693870336, 0.2494551554488384, 0.10645674761900417] - [0.08003982188750576, 0.03628225279398827, -0.050250116499737395, -0.06607196377091337] - [-0.042452807972986534, 0.23083190376352292, -0.04053123323729352, -0.14784782627088966] - [0.06813476606512756, -0.2934678662124414, 0.14177122688445154, 0.08356184619963161]
B1: -2.5130019169163888e-08 - -2.1237916143618724e-09 - 3.882432378851065e-09 - -2.4626612688755178e-09
B2: 3.0831827822564983e-09 - 1.2341197729265186e-08 - -1.038919755027562e-08 - -3.407821701308553e-08
