Number: 91
Error: 0.00034431693573620396
A1: [0.04092138770313738, 0.04222495064054361, 0.07739506298513901, 0.06237615998192461] - [0.09166734975858197, 0.2167244191432982, -0.12158817928676102, -0.08708546604459874] - [-0.04595177801976891, 0.4752464176467376, 0.0014475475992505853, -0.2175428582550655] - [0.05145595483640847, 0.03790845920002067, 0.05283810760811447, 0.07958594201571127]
A2: [0.2789864128410446, -0.053575362218432135, 0.12332094579152635, 0.11151565980935803] - [0.08191165589579374, 0.25035715132472214, -0.07467299597942051, -0.08378062906929012] - [0.035537859580717444, 0.7018247765237359, -0.11717397476138558, -0.1418079591894847] - [0.20050228814807938, 0.19928142895058787, 0.20409978224528152, 0.20310896485165492]
B1: 0.01883648012447932 - 0.3403942347856239 - 0.012025219113320499 - -0.014476525630538311
B2: -0.0006096352326938346 - 0.32465540733173237 - -0.002129407453290467 - 0.0016366160300050553
