Number: 1518
Error: 4.596898475792598e-09
A1: [-0.007538611333595114, -0.01534825095979701, 0.002631731039931421, 0.019093760299841177] - [0.06648882128205108, 0.18955926415530835, -0.1470844443115492, -0.11023829717623793] - [-0.11328342744897561, 0.4411005800503529, -0.071517037948437, -0.25885576188484954] - [-0.02348392201126467, 0.015231335118830023, -0.030051520359024225, 0.038790887036437634]
A2: [0.13197973024738893, -0.22424109845980672, 0.02305322516647279, 0.07054555224596301] - [0.03266823768875695, 0.20377077823529618, -0.11486636734238181, -0.12143606409820322] - [-0.0944812310795548, 0.5556789559893623, -0.23506391669279011, -0.22549674190843036] - [-0.02087816344355231, -0.01932595350435805, 0.00806719072145669, 0.032132729035807]
B1: 7.060142160671238e-05 - -8.193826689349736e-05 - 1.1376536765242782e-05 - -6.224371085554003e-05
B2: 9.912695180973682e-05 - -0.00018457578361907151 - 0.00014107939970595302 - -2.002408464653905e-05
