Number: 6729
Error: 1.2935342170052489e-15
A1: [0.08043166608477395, -0.18046782934825242, -0.01958887555090918, 0.11962495314048131] - [0.0374155747053607, 0.13359638089057171, -0.13472619147615872, -0.03628583038287148] - [-0.0017028357877955124, 0.22819009973212206, -0.12282839939564949, -0.1036589269949926] - [0.03886321579893922, -0.11448103713031786, -0.04641646001408937, 0.12203420933433058]
A2: [0.03530743026463193, -0.02927348862901822, -0.07569736211808592, 0.0696633943513028] - [0.10289375420007908, 0.2828967048244707, -0.39260639283781207, 0.006815999699650958] - [-0.011187123383204977, 0.5390145671553859, -0.35945103763416714, -0.16837648921438503] - [0.09786279103497096, 0.01746330808453947, -0.16885101848488818, 0.05352486959446019]
B1: -5.736775154696607e-09 - 2.567201966512635e-11 - -1.137191351660833e-08 - -7.996463284153908e-09
B2: -6.6893469113843884e-09 - -3.744143544245639e-09 - -5.505260173533419e-09 - -3.922395415622178e-09
