Number: 7610
Error: 9.12889428512156e-16
A1: [0.08043173114456308, -0.18046776429583927, -0.019588810568920586, 0.11962501819283418] - [0.03741564643577277, 0.1335964525666914, -0.1347261198886686, -0.036285758692196156] - [-0.0017027779812426665, 0.2281901575374395, -0.12282834167373814, -0.1036588692038665] - [0.038863280274324376, -0.11448097283588403, -0.04641639557979875, 0.12203427376963569]
A2: [0.035307450512752414, -0.02927346832488444, -0.07569734286642577, 0.06966341554314436] - [0.10289373425958696, 0.2828966847147532, -0.39260641212399117, 0.006815978819056713] - [-0.011187052073805794, 0.5390146388901027, -0.35945097013822885, -0.16837641407322707] - [0.09786283561466834, 0.017463352867016183, -0.16885097604788118, 0.05352491638860648]
B1: 1.6312652551763445e-09 - -1.2077986317540197e-09 - 1.2346623768243485e-08 - 6.907241101818743e-09
B2: -8.797392959555631e-10 - -1.4840973153765942e-10 - 8.688990061997719e-09 - -1.165505897559622e-10
