Number: 6882
Error: 1.2199773806765333e-15
A1: [0.08043165969669391, -0.1804678357356084, -0.0195888819313516, 0.1196249467531306] - [0.03741556732594819, 0.13359637351674405, -0.1347261988408678, -0.03628583775819647] - [-0.0017028379879785096, 0.22819009753198546, -0.12282840159261167, -0.10365892919458884] - [0.0388632096814768, -0.11448104323061255, -0.04641646612765411, 0.12203420322066995]
A2: [0.03530750572989867, -0.029273412955025016, -0.0756972903666756, 0.06966347333389308] - [0.10289377498544157, 0.2828967257862407, -0.3926063727344812, 0.0068160214649622825] - [-0.011187131935215273, 0.5390145585523639, -0.3594510457288339, -0.16837649822593653] - [0.0978628320324022, 0.017463349268453426, -0.16885097945799057, 0.053524912628419526]
B1: 8.316564781347505e-09 - 2.014232093100668e-08 - -1.8797764641238965e-08 - 6.320887081389893e-09
B2: -2.416970384847355e-09 - 1.1369856944432605e-09 - 3.177829101509878e-10 - 7.468993069509825e-10
