Number: 431
Error: 7.624667373187187e-12
A1: [-0.012150317772399229, -0.01451401046867391, 0.018090683732511305, 0.008586384676145946] - [0.0658443215981681, 0.18950400146564905, -0.1453131759003105, -0.10999844424908041] - [-0.09631062068765855, 0.42176913176320296, -0.05347637319364948, -0.2720561766616087] - [-0.0013382380029870562, -0.018235341426556997, -0.003852927192058837, 0.023357397837666074]
A2: [0.16158793719968642, -0.16775357990521, 0.008502526161907812, -0.0023318832670375326] - [0.035480685630714416, 0.20751176482228573, -0.11721544096851062, -0.12579695789085332] - [-0.08622009981336437, 0.5815317011447486, -0.23539510469170027, -0.25994196015896753] - [-0.0038297974413829595, -0.004514205801193209, 0.0011153740983657792, 0.007248339210327322]
B1: 2.6394629988304575e-06 - 3.832798585610001e-06 - -2.299728367043201e-06 - 2.1252330009198764e-06
B2: -5.278364441501089e-06 - 5.799605514514565e-06 - 5.637005554906499e-06 - 3.838590517599587e-06
