Number: 412
Error: 2.1877522960398645e-11
A1: [-0.012130156087862132, -0.014493301255085975, 0.018112969235230057, 0.00860793077988436] - [0.0658329152107063, 0.1894930290238846, -0.14532496910707757, -0.1100111441964003] - [-0.0962882959574835, 0.4217907088197291, -0.05345214752544949, -0.27203016703455707] - [-0.001315972031841796, -0.018213927146330654, -0.0038292249362509422, 0.023383133925595646]
A2: [0.16158607354198182, -0.16775540906737962, 0.008500699846301332, -0.0023337002245687843] - [0.03547983370712289, 0.2075109265882779, -0.11721628935762193, -0.1257977913497818] - [-0.0862158803656729, 0.5815358340012292, -0.23539099930535018, -0.25993784597915665] - [-0.0038547132340832407, -0.004538707074242753, 0.0010907137604536444, 0.007224501712109185]
B1: 7.059339424189141e-08 - 1.4036003287829887e-08 - 5.275096661771324e-06 - 4.723124845963971e-06
B2: -7.640346575088974e-07 - -9.228476425158878e-06 - 2.1094911716612737e-06 - 1.868716664155756e-06
