Number: 1214
Error: 9.060905587169753e-08
A1: [-0.00970310902531404, -0.01752878970772614, 0.0003787950995212356, 0.0168675814740576] - [0.06710605732650807, 0.1901537504080318, -0.1464465801289679, -0.10955136847805845] - [-0.11372174091354412, 0.44067506491532565, -0.0719695931920432, -0.25933355445405404] - [-0.023659894075133824, 0.015062884026976805, -0.030224753323497115, 0.03860003448439496]
A2: [0.13261896891633232, -0.22361069691349564, 0.02368229182540151, 0.0711713432896147] - [0.033082588596814594, 0.2041789478811974, -0.11445399604277472, -0.12103138501963805] - [-0.09566927230637179, 0.5545071756018329, -0.23623511390556062, -0.2266662373746722] - [-0.020177285225270968, -0.01863745619409602, 0.00876382033878815, 0.03281033090100871]
B1: 0.0004179826119489841 - -7.257378607439962e-05 - 2.8176236904423958e-05 - 0.0006022087635917565
B2: -0.0004768513804732654 - 0.0010203901492310805 - 0.0002650241522754883 - 0.0007244863519124038
