Number: 566
Error: 7.90792795999434e-15
A1: [-0.012153217810757242, -0.014516989303241195, 0.018087477961681545, 0.008583285449447437] - [0.06583552630170188, 0.18949554071287536, -0.14532226951500274, -0.11000823688788258] - [-0.09629304111270857, 0.421786121732243, -0.053457297526101316, -0.2720356958662903] - [-0.0013220651712737951, -0.01821978816283304, -0.003835712069430869, 0.02337609063222761]
A2: [0.1615869574169676, -0.16775454111316523, 0.008501565731814549, -0.0023328388309971585] - [0.035485730307236424, 0.2075167284457793, -0.1172104174633962, -0.12579202291729163] - [-0.08621358092023912, 0.5815380862835078, -0.23538876189250818, -0.25993560350969375] - [-0.003834562190519321, -0.004518891431239322, 0.001110657843209125, 0.0072437803467223175]
B1: 2.0555406769843083e-07 - -1.5006116965234792e-07 - -1.3902780078192971e-08 - 8.704597103245283e-08
B2: -1.374789795700183e-07 - 2.9055981301894954e-07 - 2.376990920445116e-07 - -6.47754201958069e-08
