Number: 9515
Error: 4.592666094579066e-13
A1: [0.05317298897020674, -0.14800083200513117, -0.026998608988064846, 0.12182826102772629] - [0.005312670617510831, 0.13083564394173944, -0.11360179283952655, -0.022550814068828934] - [-0.014445675101799222, 0.22309042185115702, -0.12704237718827308, -0.08160713196319838] - [0.027142245834791003, -0.10002425226797979, -0.04942873152243076, 0.12229389545846307]
A2: [0.08924846235986139, -0.07291935538225987, -0.12363328457519414, 0.10728031019079273] - [0.10884003597643253, 0.24981248799324893, -0.40484694883242656, 0.04618775878663131] - [0.0366343687236598, 0.4625535643564543, -0.37771897520381925, -0.12147484692170743] - [0.14342539040446073, -0.04460766222881711, -0.2015005536724842, 0.1026788042425848]
B1: -2.5284117739447644e-07 - -5.192001749783233e-07 - -9.365552661211887e-07 - -1.1664521779362016e-06
B2: -8.264854505527172e-07 - -6.054466340149163e-07 - -8.444960253998034e-07 - 8.517700145972295e-07
