Number: 9326
Error: 1.0882110390517187e-10
A1: [0.05310037765380072, -0.14807347026046705, -0.02707113843378566, 0.12175561368956339] - [0.0052806022949730795, 0.13080354484851564, -0.11363385652780679, -0.02258293411399996] - [-0.014497766861174642, 0.22303830686607387, -0.1270944244900547, -0.08165923757203085] - [0.02709792951093309, -0.10006856795031262, -0.049473140281338805, 0.12224946313297207]
A2: [0.0892145172024633, -0.07295321648238652, -0.12366647075174096, 0.10724594730335793] - [0.10885760886739905, 0.24983007136222965, -0.4048297271590019, 0.046205630765119035] - [0.03660808201811339, 0.46252741395384217, -0.37774462583150514, -0.12150140698395322] - [0.1433517312468095, -0.04468105125326559, -0.20157248272552641, 0.10260405094899923]
B1: -4.526145131976604e-05 - -1.4935931346002217e-05 - -7.688638981111109e-07 - 1.6131909159562567e-05
B2: -1.0826087827003895e-05 - 4.708565363728953e-06 - -2.09214223377499e-05 - 3.2931498998763536e-06
