Number: 6709
Error: 7.973048611760503e-16
A1: [0.08043167667616583, -0.18046781875806023, -0.01958886497218141, 0.11962496373066356] - [0.03741558025782816, 0.13359638643883676, -0.13472618593475474, -0.036285824833479786] - [-0.0017028291512817578, 0.2281901063684942, -0.12282839276885259, -0.10365892036024996] - [0.0388632190826174, -0.11448103385585487, -0.046416456732503615, 0.12203421261596792]
A2: [0.03530743131813797, -0.02927348757259832, -0.07569736111642607, 0.06966339545391136] - [0.10289376418568899, 0.2828967148948298, -0.39260638317986146, 0.006816010156045044] - [-0.011187128198776052, 0.5390145623110921, -0.359451042192209, -0.16837649428872153] - [0.09786278756376732, 0.017463304597546477, -0.16885102178924877, 0.053524865950825715]
B1: -5.676565103148855e-09 - 2.3338569120876357e-09 - -1.5731592208014514e-08 - -8.630025639900617e-09
B2: -7.633170138189289e-09 - -8.608959671848241e-09 - -4.386274207441635e-09 - -9.776869599936218e-09
