Number: 9153
Error: 7.145484045526602e-07
A1: [0.054536766057361796, -0.14666407022037242, -0.02570210473339752, 0.12320790032274026] - [0.0030743890940971843, 0.12856889162355645, -0.11593305436893551, -0.02478954163453049] - [-0.015197725144907226, 0.22237545540696346, -0.12779345923392357, -0.08228206031216992] - [0.026141214607920366, -0.10103106304662497, -0.050460342227924976, 0.12131905729900763]
A2: [0.0863941986686519, -0.07576149007724976, -0.12635026807201144, 0.10442192801281812] - [0.10524873975490863, 0.24622607503711452, -0.40837146379823513, 0.042532127592677105] - [0.03347624896211778, 0.45940082000085586, -0.38082982208779254, -0.12470995666041951] - [0.1360183958845918, -0.051952175443727724, -0.2087276010898331, 0.09517565356313734]
B1: 0.00035851264992737696 - -0.00045975884263899997 - -0.0011315976280290598 - -0.0010921410487807572
B2: -0.0011805003174517 - 0.0006353588344359411 - -0.00022743546664376162 - -0.0006235567075433142
