Number: 3177
Error: 0.00031429192237556917
A1: [0.002719747384051365, -0.10886776312986259, -0.08361747178880374, -0.052270247835140324] - [0.032276523789150253, 0.1801819532866279, -0.1542639489014931, -0.10512554914367689] - [-0.15920570251932345, 0.3793200894105091, -0.14052435351345757, -0.22225459565822708] - [0.029174916045628503, 0.01107711293042516, -0.041038622011720455, -0.029923993870757483]
A2: [0.05288302825950114, -0.18464126362754504, 0.07615783024809011, 0.013693590091005323] - [0.028178532739942322, 0.1993888813036438, -0.10286760498348506, -0.12928196811863799] - [-0.09883078667459663, 0.5091961259476564, -0.23116904699853558, -0.200092546632576] - [-0.042642369094281256, 0.0032642876671375425, -0.06723695057360257, 0.040987191215944296]
B1: -0.020959288978593324 - -0.017181150350439815 - -0.008095392706189631 - 0.0025318548313143707
B2: 0.016001492964323197 - 0.00011780534156359632 - 0.006658854355240886 - -0.0005991399574181884
