Number: 2691
Error: 1.387023603350613e-08
A1: [0.06388647200939444, -0.04742280105938663, -0.02299642385101284, 0.00830366027246477] - [0.0437117666799517, 0.191318874888277, -0.14251302004898764, -0.09245726367091686] - [-0.12255333049390715, 0.4157515809671803, -0.1039594602009383, -0.18617586371826653] - [0.03639359781001025, 0.018557284138024925, -0.03374025797279606, -0.02365686242090534]
A2: [0.06348880265473508, -0.17363784959739342, 0.08637457878492799, 0.02400744773990002] - [0.02936688150150594, 0.20037437023043295, -0.10163359500921922, -0.12779772473089834] - [-0.09336449487286123, 0.5137272384194033, -0.2255615738400389, -0.19505324313958375] - [-0.025822462802017443, 0.018625911275260854, -0.05018554605545059, 0.057080100895345355]
B1: 3.09484083705081e-05 - 5.819910797271927e-05 - -3.294200104362777e-05 - -4.4840650949900486e-05
B2: 0.00012315612382504727 - 6.388974220589218e-05 - -0.00032306894222598997 - 0.00013743711387194163
