Number: 232
Error: 3.5534605002172553e-07
A1: [-0.017114121071692513, -0.0196223735262793, 0.012590057082045034, 0.0032725897203777447] - [0.06831132974681464, 0.1918752066501362, -0.14276232089507782, -0.10725054124151799] - [-0.09108900367543353, 0.4268237134137188, -0.04779704002145692, -0.2659617879245467] - [0.0014492204547491496, -0.015563919399890828, -0.000885535001285264, 0.02657108824156839]
A2: [0.16314716517862174, -0.16621790871137943, 0.010045561825916068, -0.000820497122637783] - [0.03861932158382558, 0.21060372456402018, -0.11408628091086967, -0.12272602505052355] - [-0.08646631849584732, 0.5812835737499135, -0.23564646987879706, -0.26020039453245075] - [-0.004674765710813857, -0.005347495446604651, 0.0002740494472175703, 0.0064317052845961785]
B1: -0.00033061880952777877 - 0.00045769226488278784 - 0.00017950023779210786 - -9.48866979159613e-05
B2: 0.0008649783938782096 - 0.0010228271688736271 - -0.0003095232373190537 - -0.000869138834993296
