Number: 7300
Error: 1.1326209861617427e-15
A1: [0.08043167083536198, -0.18046782459820226, -0.019588870805998644, 0.11962495789052732] - [0.03741557407137525, 0.1335963802570681, -0.13472619210887526, -0.03628583101650392] - [-0.0017028354527219621, 0.2281901000671904, -0.12282839906106212, -0.10365892666000508] - [0.03886321509369198, -0.11448103783358865, -0.046416460718889385, 0.12203420862951986]
A2: [0.03530741332921145, -0.02927350561127829, -0.07569737822008821, 0.06966337662655926] - [0.10289378880779482, 0.28289673972590756, -0.3926063593656657, 0.006816035938978069] - [-0.011187043325358786, 0.5390146476907292, -0.35945096185765335, -0.16837640485466895] - [0.0978628112049414, 0.017463328346254997, -0.16885099928438554, 0.05352489076636224]
B1: -1.6579197836794227e-08 - 1.0183191164515243e-08 - 1.1788196789775518e-08 - -2.590643449470982e-09
B2: 2.140212645204398e-09 - 3.0818738765832897e-09 - 3.0464393679364664e-09 - 3.660310424185179e-09
