Number: 5817
Error: 3.503168240618142e-06
A1: [0.06786962260609046, -0.19311637803295792, -0.03212619834826921, 0.10705674424592149] - [0.017001791609995053, 0.1131346872731583, -0.1551837876779583, -0.05675032210993296] - [-0.006340603422378329, 0.22352514146372923, -0.12740775198197443, -0.10827236137766227] - [0.04101964315723224, -0.1123620301753135, -0.0441229706116615, 0.12426681545529802]
A2: [0.034664980921944435, -0.029960280678594044, -0.07624142007491784, 0.06911383793006527] - [0.10859088941180536, 0.2884324274038433, -0.387028985698391, 0.013028806201981552] - [-0.010004475684207155, 0.5403597527771093, -0.3583690051250243, -0.16729403850569938] - [0.09769760770176328, 0.01736048948867397, -0.1690082907573329, 0.053303922480498166]
B1: -0.0017496187146312566 - 0.0021243633845200267 - -0.003875478354088506 - -0.002742407456825611
B2: -0.0003669703140015778 - 0.002356111264929883 - -0.003364645838558784 - 0.0003679523764733663
