Number: 5918
Error: 3.924858379201413e-09
A1: [0.08070191981027877, -0.18019762379959878, -0.019318924239946092, 0.11989518693082267] - [0.037609578320215005, 0.1337902066919328, -0.13453256124278667, -0.036091922920893006] - [-0.001563371515663001, 0.22832956053060152, -0.12268910675099123, -0.10351948422697083] - [0.03922203723945381, -0.11412317648422785, -0.0460577976703518, 0.12239283960754338]
A2: [0.03555257364515088, -0.029027669152573893, -0.07546431218206157, 0.0699199607514259] - [0.1027517954180275, 0.2827535416518124, -0.39274372938968777, 0.006667274990916831] - [-0.011284979310650551, 0.538916154721118, -0.35954368052270314, -0.16847965458408262] - [0.09793151145524873, 0.017532354259058795, -0.16878562544520845, 0.05359697702559061]
B1: -7.202819532813039e-05 - 3.623301543433639e-05 - -6.331427206168168e-05 - -7.161288205748988e-05
B2: -7.40981425521866e-05 - 8.851866697910794e-06 - 0.00013261546943014974 - -4.145998756444543e-05
