Number: 8792
Error: 2.8496468626770264e-06
A1: [0.0802758368596309, -0.18062364056382268, -0.019744554987437067, 0.11946916396935238] - [0.03689437476226242, 0.13307544551445252, -0.13524635768721668, -0.03680675905462621] - [-0.0013374482662053223, 0.2285555691668304, -0.12246362433742984, -0.1032935866678278] - [0.03854588792314793, -0.1147974579156506, -0.04673366630606673, 0.12171709532633737]
A2: [0.03541777842324874, -0.029163155548562983, -0.07559225247063335, 0.0697788824224687] - [0.10266843992676929, 0.2826692426262451, -0.3928241904274424, 0.006580034344769475] - [-0.009938988328563486, 0.5402698256902742, -0.35826938045119555, -0.1670612291276386] - [0.09767259572245797, 0.01727197909219717, -0.1690319195556021, 0.05332522960961431]
B1: -0.0010337946746573645 - -0.0009434108438766339 - -0.0014428132972767974 - -0.0009284722357709458
B2: 0.0007327326341823707 - 0.0007510018949908953 - 0.00035007061771741895 - 0.0006445563743143976
