Number: 2744
Error: 4.7104595575036065e-09
A1: [0.06382316904592954, -0.04748532359448109, -0.02305881851372796, 0.00824114664845383] - [0.04389042187599299, 0.19149140834644887, -0.1423290444569386, -0.09226077642489075] - [-0.12297680086922448, 0.4153289269217843, -0.10438676207801399, -0.18660197738720224] - [0.03690680199378747, 0.019070838618697586, -0.033228317318099464, -0.02314735156777782]
A2: [0.06364775620874429, -0.17347996147529995, 0.08653233438748563, 0.02416319109766564] - [0.02942142827389997, 0.20042818762677903, -0.10157911428083613, -0.12774435087004393] - [-0.09340454183022213, 0.5136875860648836, -0.22560083010349616, -0.1950927852286676] - [-0.025745332134298277, 0.01870217950454137, -0.05010708995880802, 0.05715436568357015]
B1: 3.315429213335202e-05 - -0.00020499758950848676 - -1.4957812262591307e-05 - -0.00011247754158747497
B2: 0.00011840758039480086 - -1.3073591112036111e-05 - -0.0001441399368677219 - -2.103000850996352e-05
