Number: 3701
Error: 1.398412688040229e-15
A1: [0.06621308642762293, -0.11395217283484656, -0.023984045459509367, 0.07172277305533775] - [0.03740288083180329, 0.188193626163625, -0.1474086826229451, -0.0781867459981458] - [-0.06022963837530196, 0.32895054363979975, -0.12775337100349116, -0.14096858212367347] - [0.039046549676734106, -0.053322315382518505, -0.03741821255939376, 0.05169549518347355]
A2: [-0.009108770561682692, -0.3468033920954198, 0.24945489397525644, 0.10645647567808] - [0.0800402644177673, 0.03628272952619666, -0.05024963283915591, -0.06607147600319521] - [-0.04245325591870391, 0.23083140938221416, -0.040531713273894064, -0.14784832168271697] - [0.06813432134018589, -0.2934683558748726, 0.14177074475929544, 0.08356134757968563]
B1: -2.425638239049861e-07 - 5.3468090118324926e-08 - 3.2757052123969804e-07 - -1.1061853222184158e-07
B2: 8.647412631059432e-08 - 1.2059208643534825e-07 - -2.7223289331261226e-08 - -1.0356923857515036e-07
