Number: 7713
Error: 6.495331018133638e-16
A1: [0.08043166362161065, -0.18046783181114479, -0.019588878011120667, 0.11962495067760277] - [0.037415604070391496, 0.13359641023337201, -0.13472616216962277, -0.0362858010341031] - [-0.0017028367723923557, 0.22819009874754376, -0.12282840037879936, -0.10365892797932072] - [0.03886320977804146, -0.11448104313433033, -0.04641646603114617, 0.12203420331717532]
A2: [0.03530736556346481, -0.029273553509124944, -0.07569742363521069, 0.0696633266345918] - [0.10289364160698579, 0.28289659127581307, -0.3926065017364192, 0.006815881798313029] - [-0.011187133105327873, 0.5390145573752728, -0.3594510468363929, -0.16837649945889582] - [0.09786277423553769, 0.01746329120869879, -0.16885103447688862, 0.053524851960557285]
B1: 1.781627510201695e-08 - -9.205319271522494e-09 - -2.6577299757823076e-08 - -1.1701023189866089e-08
B2: -1.7217821227846024e-08 - 6.818798918162813e-09 - -1.0355607065036382e-08 - -1.6865347310791632e-08
