Number: 2493
Error: 3.27863529102006e-07
A1: [0.05851257845837861, -0.05279005184023726, -0.02833290596283907, 0.0029540830696426486] - [0.04232955202433651, 0.18998228893924532, -0.1439449042515932, -0.0939833776788387] - [-0.1277624406013475, 0.41053675221212427, -0.10920799100190284, -0.19141314204814838] - [0.032777707994535416, 0.014924356680201185, -0.037363040577305044, -0.02727036560993028]
A2: [0.06610608067908484, -0.17101957140608462, 0.08897823508075361, 0.02659715970433107] - [0.0291704303826998, 0.20018470168836325, -0.10182797924438285, -0.1279882987310906] - [-0.09303479212138722, 0.5140743555494026, -0.22522990466913506, -0.19472598279637746] - [-0.025960253415830893, 0.018505933522556372, -0.05032285987456852, 0.05695394720567933]
B1: -0.0004271371248553151 - -7.578860947435027e-05 - -0.000631540589425466 - -0.00010470750735506388
B2: -8.681342731386814e-05 - 4.080002054197317e-05 - -0.000791568140889798 - -0.00039061967417843815
