Number: 8265
Error: 9.852545651919176e-16
A1: [0.08043168934549391, -0.1804678060901928, -0.019588852318059374, 0.11962497639851027] - [0.03741562211656223, 0.13359642826593462, -0.13472614415927112, -0.036285782997845885] - [-0.0017028194505646899, 0.22819011606899317, -0.12282838308234632, -0.10365891066212728] - [0.038863240163855596, -0.11448101283378836, -0.04641643566472139, 0.12203423368409134]
A2: [0.03530743514359531, -0.029273483736504593, -0.07569735747922185, 0.06966339945766181] - [0.10289370002393207, 0.2828966501885499, -0.3926064452362886, 0.006815942969363147] - [-0.011187107734712366, 0.5390145828971578, -0.35945102282254704, -0.16837647272501693] - [0.09786277099526648, 0.017463287953660332, -0.16885103756144226, 0.0535248485593448]
B1: -1.923107212211903e-08 - -2.7881224283368578e-09 - -1.8699452215580297e-08 - -8.21569740330087e-09
B2: -1.009029857645434e-08 - 1.397559371253589e-09 - 2.98219275586401e-09 - -1.491876677326114e-08
