Number: 980
Error: 0.000565133540244787
A1: [-0.044357667687551255, -0.048090348390825696, -0.018219417711834923, -0.025242693173439332] - [0.050096006612745846, 0.17424284060164338, -0.1615727292232015, -0.12744199815155138] - [-0.17695634165871238, 0.34326127013309116, -0.14129572715210215, -0.3641855339446987] - [-0.037397018699521896, -0.053536584290058184, -0.04325833521832778, -0.017059735900430043]
A2: [0.17373743671036798, -0.15717215924134087, 0.02082253192573255, 0.009845082143291363] - [0.04343265560017827, 0.21511995035706913, -0.10925922950567042, -0.11798819162413886] - [-0.05296074622069813, 0.6127778352198823, -0.20271124118023118, -0.22729241709215847] - [0.017366038018430636, 0.0159030962256088, 0.022303538118644543, 0.027623326807369845]
B1: -0.005020194982182376 - -0.003754428027754511 - -0.010087211729435122 - -0.0068177832553995826
B2: -0.00101910133555555 - 0.025564178713010182 - 0.02492310594201246 - 0.012645318159464822
