Number: 5964
Error: 2.5313443444827255e-11
A1: [0.08041825114631163, -0.18048124283594547, -0.019602273122349367, 0.11961154049028117] - [0.03740280820604283, 0.13358362360730464, -0.13473893424593752, -0.03629859081256695] - [-0.001722345305025934, 0.22817059087438915, -0.12284787923162876, -0.10367843074999893] - [0.0388595760091914, -0.11448466625423723, -0.046420096313527344, 0.12203057237517172]
A2: [0.03528000567915155, -0.02930099222458221, -0.07572343803985912, 0.06963469169673231] - [0.10289683376178382, 0.28289980784081037, -0.3926034156227402, 0.006819223807327985] - [-0.011147543305334252, 0.5390543835626603, -0.35941357453708844, -0.168334782518445] - [0.09787179269639998, 0.01747234980716164, -0.16884244991798725, 0.053534318446308]
B1: -2.308894465418248e-06 - 2.7337545208187964e-06 - 5.496442774895244e-06 - -5.908747827605785e-07
B2: -5.988416647165789e-06 - 1.112195993380481e-05 - 1.0187081721874682e-05 - -5.266662838007178e-06
