Number: 1324
Error: 1.6746584598001933e-09
A1: [-0.007188256743253895, -0.014994411752251089, 0.0029967471765756245, 0.019453965502336974] - [0.06670163243584705, 0.1897640124326006, -0.14686454833450652, -0.11000150437092994] - [-0.11276598714268002, 0.4416087921991745, -0.07097736092408659, -0.25829543155587936] - [-0.023691882296652048, 0.015027495480938624, -0.030263378349181344, 0.03857107905803237]
A2: [0.13142532369818052, -0.2247869932155105, 0.02250886611362463, 0.07000343717739406] - [0.03266003799346425, 0.20376276881566313, -0.11487468424743269, -0.12144399888440904] - [-0.09514922120334136, 0.5550220400221275, -0.23571966197487243, -0.22615250203267526] - [-0.0210431477128877, -0.01948893470238079, 0.00790439706680359, 0.031974354593584824]
B1: 8.309710120444217e-05 - -0.00013462178024375106 - -7.65357919013585e-05 - 7.983362258460969e-05
B2: 2.03144510755005e-06 - 9.050111776041788e-05 - 9.719959932660297e-07 - -9.89300978251401e-06
