Number: 4444
Error: 1.0194838631906632e-15
A1: [0.06621308259179128, -0.1139521765850577, -0.023984049292344583, 0.07172276922595584] - [0.037402672843532006, 0.1881934274451668, -0.1474088870912538, -0.07818695048464265] - [-0.06022936467824203, 0.3289508065104616, -0.12775310317974814, -0.14096831574039626] - [0.039046138080757256, -0.05332270605327801, -0.03741861076463064, 0.05169510021153683]
A2: [-0.009108517945405492, -0.34680312410858777, 0.24945514863547055, 0.10645674053286519] - [0.08003973148776213, 0.03628215540760783, -0.05025021530146791, -0.06607206341156327] - [-0.042452794771272305, 0.23083191833375852, -0.040531219089778296, -0.14784781167021604] - [0.06813485103546368, -0.2934677726564474, 0.14177131900044243, 0.08356194146701124]
B1: -3.4089486208025604e-09 - -1.3781195992255052e-08 - -4.236634424045448e-09 - 1.3812249572508376e-08
B2: -5.3276162574973123e-08 - 4.0985716252121384e-08 - 1.004701273697592e-08 - -8.263741413953355e-09
