Number: 2870
Error: 1.5875509838340667e-08
A1: [0.06363782008267152, -0.04766962666111144, -0.02324216339029057, 0.008057083007937248] - [0.0437450926313412, 0.19135110030661087, -0.14247870449212727, -0.09242019638321619] - [-0.12321745537396034, 0.41508677173418185, -0.10463170210387202, -0.1868467513203342] - [0.0369601919087906, 0.019122594451825722, -0.03317707292441471, -0.023096478450038482]
A2: [0.06332080429847443, -0.1738060694696758, 0.08620116157524509, 0.023835972455484748] - [0.029377269402301395, 0.20038482769901372, -0.10162321016366559, -0.1277877074954586] - [-0.09282402989000046, 0.5142570812061339, -0.22501923564228998, -0.19453117465486736] - [-0.02650898975485337, 0.017941990774974353, -0.05086967216318776, 0.05641063341637881]
B1: -7.50698333001036e-06 - 0.00016246951122394246 - -0.00017312625872330318 - 0.00024609889633948813
B2: 0.00016786313705551733 - 0.00010605100991387139 - 9.202000595343252e-05 - 6.911124752953332e-05
