Number: 6290
Error: 9.667513262193269e-16
A1: [0.08043164878830002, -0.1804678466427636, -0.01958889282670053, 0.11962493584598546] - [0.03741555760492059, 0.1335963638030774, -0.13472620854252496, -0.036285847473835474] - [-0.0017028365210279605, 0.22819009899891002, -0.12282840012781068, -0.10365892772802787] - [0.038863207417937584, -0.11448104548779782, -0.04641646838975109, 0.12203420095854092]
A2: [0.035307413513594454, -0.029273505426390022, -0.07569737804474266, 0.06966337681951046] - [0.10289379377952798, 0.28289674473983717, -0.3926063545570959, 0.006816041145130539] - [-0.011186932336317026, 0.5390147593418014, -0.3594508568042339, -0.16837628790149614] - [0.09786285870842781, 0.01746337606582238, -0.16885095406416534, 0.05352494062959165]
B1: -4.6415591992969096e-08 - 1.0067613700861766e-08 - 5.0480959865396166e-09 - 1.5155565253871818e-09
B2: -1.3850608794994482e-08 - -1.1906299876697543e-08 - 5.10744145519947e-09 - -2.8643259344326757e-09
