Number: 4196
Error: 1.3316916923974716e-15
A1: [0.06621317277651911, -0.113952088415629, -0.02398395917837531, 0.07172285925933816] - [0.03740261678550618, 0.18819337388552454, -0.14740894220059675, -0.07818700559884559] - [-0.06022938313466411, 0.32895078878413364, -0.1277531212400649, -0.1409683337036305] - [0.03904610364396873, -0.05332273873943167, -0.03741864408110609, 0.0516950671655572]
A2: [-0.009108476245329875, -0.34680307987131276, 0.24945519067297056, 0.10645678425317712] - [0.08003984000673638, 0.036282272313590956, -0.050250096696449274, -0.06607194379947112] - [-0.04245282599115979, 0.23083188387754466, -0.040531252546277596, -0.1478478461983072] - [0.06813483325684139, -0.2934677922314309, 0.14177129972675198, 0.0835619215339595]
B1: 5.368913099336949e-09 - 1.2113586669441497e-09 - -1.6041204332073136e-08 - 8.553417830441131e-09
B2: 2.1565786186691475e-09 - 7.541239774046427e-09 - -8.153210394302952e-09 - -1.5541554176974105e-08
