Number: 8542
Error: 1.0070620010805009e-15
A1: [0.08043169063009323, -0.18046780480568808, -0.019588851034954766, 0.11962497768301113] - [0.03741558910268791, 0.1335963952770697, -0.1347261771072871, -0.036285815993396524] - [-0.001702758875304016, 0.22819017664295935, -0.1228283225957753, -0.1036588501030218] - [0.03886325354955437, -0.11448099948556997, -0.046416422287512214, 0.12203424706153801]
A2: [0.03530752305817388, -0.02927339557880533, -0.0756972738909425, 0.0696634914695244] - [0.10289380868471269, 0.2828967597715407, -0.39260634014086104, 0.006816056752881845] - [-0.011187147902916405, 0.5390145424894205, -0.35945106084276673, -0.16837651505149104] - [0.09786289227411471, 0.01746340978413582, -0.168850922111566, 0.05352497586234267]
B1: 1.788034146918565e-08 - -2.1347740570021268e-08 - 4.170714493332833e-08 - -6.274254893908199e-09
B2: 3.536304930954691e-08 - -3.149230059774456e-08 - -2.870360349952351e-10 - 2.7429118885245808e-08
