Number: 4483
Error: 1.1592083976963708e-15
A1: [0.06621315900397927, -0.11395210188042204, -0.023983972940126524, 0.07172284550989734] - [0.03740261222687455, 0.1881933695300557, -0.14740894668207757, -0.07818701008073481] - [-0.06022912063193979, 0.3289510409035579, -0.1277528643703854, -0.14096807821546406] - [0.03904615359620555, -0.05332269132659354, -0.03741859575394976, 0.051695115100331805]
A2: [-0.009108629046673394, -0.34680324196960727, 0.2494550366352557, 0.10645662404930285] - [0.0800398260184441, 0.036282257244220205, -0.05025011198483177, -0.06607195921765002] - [-0.04245283683782546, 0.23083187190653273, -0.04053126416992427, -0.14784785819420052] - [0.06813483495883142, -0.29346779035753007, 0.1417713015717927, 0.08356192344213464]
B1: 3.3011224104784456e-08 - 7.653919496377574e-09 - -6.5309474124026705e-09 - 2.4964193531724492e-08
B2: -6.5604517303708136e-09 - -8.946298354354665e-09 - 3.62152645436425e-08 - -4.7684307746766515e-09
