Number: 6432
Error: 8.620671098496565e-16
A1: [0.08043170361189733, -0.1804677918253792, -0.019588838068657247, 0.11962499066331873] - [0.0374156010241401, 0.1335964071894306, -0.13472616520981978, -0.03628580407867073] - [-0.0017028076199936304, 0.22819012789932552, -0.12282837126909094, -0.10365889883470886] - [0.03886322311792747, -0.11448102983187099, -0.046416452699763994, 0.12203421664877051]
A2: [0.035307441744382946, -0.029273477117515823, -0.07569735120328769, 0.06966340636611001] - [0.10289377005252015, 0.2828967208114535, -0.3926063775055415, 0.006816016299478166] - [-0.011187076324909275, 0.5390146144943687, -0.35945099309248896, -0.1683764396273917] - [0.09786281397037316, 0.01746333112426817, -0.16885099665187803, 0.0535248936691751]
B1: -1.3022886907274433e-09 - 1.2139338502973909e-08 - 6.258309448511415e-09 - 2.6446699416544045e-09
B2: 1.1578868131135892e-08 - 4.903704150093121e-09 - 1.0144304380800378e-08 - -7.36091939223003e-09
