Number: 9643
Error: 3.826445042709202e-14
A1: [0.053172363305141634, -0.14800145788163444, -0.026999233951628104, 0.12182763505735014] - [0.005313362916177355, 0.13083633699145267, -0.11360110062181034, -0.0225501207791524] - [-0.014444851399096586, 0.223091245868434, -0.12704155412425175, -0.08160630795469626] - [0.027145741670823835, -0.10002075646286966, -0.049425228340948424, 0.12229740015385662]
A2: [0.08925354642845634, -0.07291428306685482, -0.123628315060552, 0.10728545691755892] - [0.10884203456800824, 0.24981448693400043, -0.40484498982061257, 0.04618979100208603] - [0.036635903629993555, 0.46255509126590433, -0.3777174776734305, -0.12147329610386579] - [0.14342626199117567, -0.044606793895149814, -0.20149970265103423, 0.10267968874409025]
B1: 6.593871276889111e-08 - 2.2149338518300772e-07 - 1.72261520027405e-07 - -1.205747684808571e-07
B2: 4.575692745912216e-07 - 1.9169737948725287e-07 - 1.0922940939237535e-07 - 1.7293190265936032e-07
