Number: 8705
Error: 8.093218091633504e-13
A1: [0.0804315408108494, -0.18046795460790258, -0.019589000674961925, 0.11962482788096537] - [0.03741532926465212, 0.13359613563507267, -0.13472643642784507, -0.03628607568766616] - [-0.0017030429731194367, 0.22818989255108738, -0.12282860627768505, -0.10365913412504224] - [0.0388629627259598, -0.11448128949295124, -0.04641671292567113, 0.12203395641880181]
A2: [0.0353066183918032, -0.029274302747053428, -0.07569813403862896, 0.06966254464083278] - [0.10289503112303963, 0.2828979925832104, -0.39260515781376604, 0.00681733682217157] - [-0.01118693479127937, 0.539014756871797, -0.3594508591275398, -0.16837629048884292] - [0.09786266546719478, 0.01746318194551794, -0.16885113801768603, 0.05352473778966466]
B1: 3.931600082534093e-07 - -2.2044565321628547e-07 - 2.8452531704371037e-07 - 4.501395477323946e-07
B2: -5.902906445477258e-07 - -8.736346741154058e-07 - -5.817947284733068e-07 - -5.679696005999016e-07
