Number: 4026
Error: 6.598074725615519e-16
A1: [0.06621322291175097, -0.11395203940075892, -0.023983909082485082, 0.07172290931042748] - [0.037402589611419124, 0.18819334792253142, -0.1474089689148118, -0.07818703231541581] - [-0.06022923862110241, 0.3289509275813986, -0.1277529798276374, -0.14096819305181602] - [0.039046240459600645, -0.053322608879224645, -0.03741851171656832, 0.0516951984553124]
A2: [-0.009108571147339662, -0.34680318054752063, 0.24945509500311297, 0.10645668475359875] - [0.08003984051686337, 0.03628227286314458, -0.05025009613890877, -0.06607194323719785] - [-0.04245285861537868, 0.23083184787141622, -0.0405312875076883, -0.147847882279477] - [0.06813481919774027, -0.2934678077111013, 0.141771284485349, 0.08356190577113126]
B1: 4.812852180098865e-09 - -4.115921022279348e-09 - -3.0723527305576303e-08 - 6.43225876402539e-09
B2: 2.3754382983182116e-09 - -1.3922842022837172e-08 - -2.6954175817579862e-08 - 4.138267742048676e-09
