Number: 8313
Error: 1.0439498185736373e-15
A1: [0.0804316402852895, -0.1804678551448439, -0.019588901319607235, 0.11962492734389901] - [0.0374156301109087, 0.13359643625423567, -0.1347261361808478, -0.03628577500791226] - [-0.0017028287125633696, 0.22819010680719531, -0.12282839233078238, -0.10365891992164784] - [0.038863179010058674, -0.1144810738159712, -0.046416496779556095, 0.12203417256828902]
A2: [0.03530733665784965, -0.029273582494633254, -0.07569745111842208, 0.06966329638186534] - [0.10289362318383007, 0.28289657269632407, -0.3926065195551049, 0.006815862506667464] - [-0.011187060964250234, 0.5390146299465711, -0.35945097855319397, -0.1683764234414547] - [0.09786295801699453, 0.017463475826042765, -0.1688508595285147, 0.05352504487087487]
B1: -1.9498139384035403e-08 - -2.615160899421342e-08 - 2.202479833905514e-08 - 5.738025828226944e-08
B2: -6.395117766054936e-09 - 5.6575379398076005e-08 - -1.2555150350706521e-09 - -3.602415634231541e-09
