Number: 1235
Error: 9.109663595417937e-08
A1: [-0.008120229401709571, -0.01593323544235585, 0.002031135144781968, 0.018496212877663145] - [0.0664539623680197, 0.18952620267637865, -0.14712080068556993, -0.1102769654880839] - [-0.11317166967734782, 0.4412124177838234, -0.07139334180962732, -0.2587353254727922] - [-0.02438185442091225, 0.01435157518542601, -0.030961588114092373, 0.037840220335371266]
A2: [0.13167014593776655, -0.22454439084901034, 0.022748648671277256, 0.07024259670864572] - [0.033414840949169744, 0.20450591977630814, -0.11412289687472156, -0.12070585249036989] - [-0.09390017095814308, 0.5562562220701263, -0.23449405545073093, -0.22492450858732838] - [-0.020942375566507146, -0.019389518701281024, 0.008003899946985983, 0.032073103097277]
B1: 8.169786024180303e-05 - 0.0010021069676046921 - 0.00030726826755854517 - -1.480420733243932e-05
B2: 0.00016495535871179228 - 0.00010045700671430823 - 0.00020747360328840712 - 0.0003833439463550648
