Number: 9218
Error: 1.2939119229074383e-07
A1: [0.054436918684103254, -0.14673968691854652, -0.025737548977544867, 0.1230908412360548] - [0.0031704940321206953, 0.1286940526740905, -0.11574074054181828, -0.024692441908951222] - [-0.012866291576496575, 0.22467061486646525, -0.12546482632206726, -0.08002576710419919] - [0.02899109579208698, -0.09817929842769775, -0.04757827025539524, 0.12414546286236665]
A2: [0.08813792886294669, -0.07401781904773233, -0.12471467629163116, 0.10615534784037456] - [0.10923482989842934, 0.25020522424704567, -0.4044614602432006, 0.046589621405506404] - [0.03768294134465973, 0.46359378176644295, -0.3766953630463959, -0.12041432920571209] - [0.14286996740124536, -0.04515748533701985, -0.202041630405723, 0.10211454497061873]
B1: 0.00014607084865260147 - 0.00018306027380716525 - -0.0001649718912242567 - 0.0005032308172059902
B2: -0.0005485452706152727 - -0.00037754568666489873 - 0.000996745403441062 - -0.00043224137208998153
