Number: 9853
Error: 1.3165229267881871e-15
A1: [0.053172498278629396, -0.14800132285648124, -0.0269990991251825, 0.12182777009542138] - [0.005313714590110003, 0.13083668903626977, -0.11360074899832413, -0.02254976861036096] - [-0.01444452739159091, 0.2230915699959463, -0.12704123037159126, -0.08160598383208206] - [0.027146427619383424, -0.10002007051450208, -0.04942454094439363, 0.12229808784490526]
A2: [0.08925454917271272, -0.07291328264063153, -0.12362733490833595, 0.10728647202574863] - [0.1088416847186921, 0.24981413702321553, -0.404845332740462, 0.04618943526620374] - [0.03663578316044699, 0.46255497142262847, -0.37771759521027504, -0.12147341782363853] - [0.14342630862051958, -0.04460674743766336, -0.20149965711978515, 0.10267973606601465]
B1: -3.928118518925487e-08 - -5.183368274647633e-09 - 1.488802236335058e-08 - 2.0704673989259322e-08
B2: -3.832215539583701e-09 - 2.157055489053562e-09 - -6.721399666924711e-09 - 7.320071741213679e-09
