Number: 2443
Error: 1.5318635330937435e-06
A1: [0.06046095764465929, -0.05091889805150874, -0.026276773226582364, 0.004980690071429156] - [0.04872805435349237, 0.1961384866311675, -0.1374256153572537, -0.08699354710147089] - [-0.12295758572051468, 0.41542788592183766, -0.10449549516332791, -0.18673699586532808] - [0.0353362503392773, 0.01760134219245072, -0.034763961203357764, -0.02473909835297185]
A2: [0.06286542770121772, -0.17432328002120664, 0.08588840696343267, 0.023474866220572804] - [0.024790895485793867, 0.19584998328684994, -0.10621199728977054, -0.13230448479598905] - [-0.08911602323739742, 0.5181440395892392, -0.22089348064077843, -0.19068873594940924] - [-0.022673560448077824, 0.021927681716371248, -0.04666017617513171, 0.06037767583468638]
B1: 0.0010102680911893355 - -0.0004799002200502353 - -8.889259497693895e-05 - -0.0006708502482266907
B2: 8.57192711787992e-05 - 0.0004032885886074166 - -0.003037732445400419 - -0.002294751887690757
