Number: 3531
Error: 4.733911770019625e-11
A1: [0.06621250354493945, -0.11395274357552221, -0.02398462891832967, 0.07172219181240246] - [0.0373925800659353, 0.18818378358205903, -0.14741880950120212, -0.07819687266751846] - [-0.060220888515745065, 0.3289589503220837, -0.12774480615070763, -0.140960067062057] - [0.039047519338723614, -0.053321396150113505, -0.03741727533370139, 0.051696426032971074]
A2: [-0.009074051124736885, -0.34676656011130824, 0.24948989725682816, 0.10649287695367253] - [0.07999519264202312, 0.03623417509721948, -0.050298894026076346, -0.0661211552008578] - [-0.04248193167785491, 0.2307997614495271, -0.0405624427891343, -0.1478800371115526] - [0.06819543849980265, -0.29340106414662376, 0.14183700459937276, 0.08362987242091918]
B1: 1.825230132104011e-06 - 2.2596501691951683e-05 - -9.109811994123399e-06 - 1.8068427695973808e-06
B2: 4.82603205235799e-06 - 8.53630285466385e-06 - 7.198334205098839e-06 - 1.1539749186298013e-05
