Number: 2608
Error: 5.500005764318948e-08
A1: [0.06351598812566131, -0.047786597803988896, -0.023360310649768616, 0.007938762673142835] - [0.044006291459463075, 0.19160338324212392, -0.1422095555282008, -0.0921334283491402] - [-0.12307636494958643, 0.4152379304850489, -0.10447909582210183, -0.1866939917840872] - [0.03689621402696705, 0.019066157927828578, -0.03323488134640241, -0.02315305276862521]
A2: [0.06415736215878443, -0.17297762743783984, 0.08704393995330331, 0.024666430762742716] - [0.02930053883056309, 0.20030885748382304, -0.1016998080684382, -0.12786293611805977] - [-0.09247372595137701, 0.5146006441524826, -0.22466961410199135, -0.19419173426404002] - [-0.024404114561813565, 0.020039157679400118, -0.04876782488469091, 0.05845778682644584]
B1: -2.3669348165565585e-05 - 7.044114788870069e-07 - -6.678149964263901e-05 - -0.00022549094492070273
B2: 5.131308267977209e-05 - 9.981524497451504e-05 - 7.218932759851794e-05 - 0.00024024211363892677
