Number: 4932
Error: 1.4086071668255156e-15
A1: [0.06621318832529922, -0.11395207321429825, -0.02398394364179661, 0.07172287478201485] - [0.03740260886517716, 0.18819336631820416, -0.14740894998687842, -0.07818701338583149] - [-0.06022932300243773, 0.32895084653785506, -0.12775306239818776, -0.14096827517803692] - [0.039046194940236194, -0.05332265208433077, -0.037418555754891746, 0.05169515477454462]
A2: [-0.009108579790590801, -0.3468031897166308, 0.24945508628983656, 0.10645667569162416] - [0.08003982793528329, 0.03628225930922547, -0.0502501098897507, -0.06607195710483793] - [-0.042452785226941105, 0.23083192886744158, -0.040531208861596564, -0.1478478011146561] - [0.06813479315169943, -0.29346783638898905, 0.1417712562486914, 0.0835618765686194]
B1: 1.2855771520979566e-08 - -2.5775509805425347e-08 - 5.768521822449739e-11 - 6.028269517365489e-09
B2: 1.6772347970650723e-08 - 3.9833876016411136e-08 - -2.7003724225436717e-08 - -3.400407972235964e-08
