Number: 6212
Error: 1.047819580332617e-15
A1: [0.08043165090936893, -0.18046784452193468, -0.01958889070816745, 0.11962493796681234] - [0.03741556138804916, 0.13359636758334265, -0.13472620476693442, -0.03628584369280246] - [-0.0017028288842640764, 0.22819010663551134, -0.12282839250222795, -0.10365892009330191] - [0.03886321733601175, -0.11448103559755729, -0.04641645847799656, 0.12203421087045101]
A2: [0.03530737466353873, -0.02927354438390103, -0.07569741498285464, 0.0696633361586873] - [0.10289371139785825, 0.28289666165898025, -0.39260643423555097, 0.006815954879450898] - [-0.011187072449151163, 0.5390146183932464, -0.3594509894240048, -0.1683764355433699] - [0.09786277682738515, 0.017463293812327224, -0.16885103200957807, 0.053524854681104767]
B1: -2.9031321136460254e-08 - -1.0358962198553006e-08 - -3.7734194625552515e-09 - -1.0031295298948766e-08
B2: -2.1411597650596955e-08 - -2.6741697237821654e-08 - -1.3975648521749223e-09 - -1.038243190302041e-08
