Number: 2952
Error: 2.5976817278129773e-08
A1: [0.0623533751134522, -0.04894859226803609, -0.02451463588028791, 0.006781424057281946] - [0.04374503099537639, 0.19135135391613292, -0.1424784115803976, -0.09241928751234048] - [-0.12337720505971514, 0.41493014816748636, -0.10479075891615616, -0.18700380340307207] - [0.03687003984266781, 0.019034612377528282, -0.0332669522772297, -0.023184673878832853]
A2: [0.06222579103183679, -0.1748975014496178, 0.0851093500251381, 0.022754156352287128] - [0.02896427013246115, 0.1999775885440476, -0.1020350867496698, -0.12819221641179934] - [-0.09338061305390011, 0.5137105344399742, -0.2255745226971216, -0.19506769102136134] - [-0.025843528075583308, 0.018602122839152205, -0.05020346087614133, 0.05706044709186909]
B1: -0.00040792094201610345 - -3.798091411518272e-05 - 0.00015097964667699375 - 6.461045083421343e-05
B2: -0.00012535942819645384 - -0.0004422617868703711 - 0.00021568801323576208 - 2.8283130712274893e-05
