Number: 1058
Error: 6.828135482469674e-05
A1: [0.016179177525894206, 0.0079950552700684, 0.02912838039156134, 0.04192820236498917] - [0.07930072616042212, 0.2017392293881621, -0.13429312560195453, -0.09608724774719013] - [-0.16957824226935836, 0.3805375168183013, -0.1436171254118184, -0.32681889726160007] - [0.04112351699994482, 0.08038253842407381, 0.04948880839438365, 0.10953394128360668]
A2: [0.1656295600364523, -0.18938760510547123, 0.051926173558545646, 0.10468407748503937] - [0.021097288004506536, 0.1925590815329976, -0.12581134507744177, -0.13331183785233547] - [-0.1716439120674856, 0.48176115557855553, -0.30015011669037034, -0.31079740898819125] - [-0.00901966582817165, -0.008245238749284785, 0.020254900928901358, 0.04260865737570075]
B1: -0.003606387036406937 - 0.009731427378842049 - 0.004223567133265214 - -0.006694839084368122
B2: 0.009214937862034695 - -0.005312630170331356 - -0.00516295788237741 - 0.004889289513727879
