Number: 6564
Error: 8.473567138745647e-16
A1: [0.08043168254863199, -0.1804678128862591, -0.019588859106737022, 0.119624969602459] - [0.03741557135725762, 0.1335963775450017, -0.1347261948175902, -0.03628583372911958] - [-0.0017027906661927943, 0.2281901448527649, -0.12282835434011315, -0.10365888188543264] - [0.03886320597616393, -0.11448104692552828, -0.04641646983060469, 0.1220341995176608]
A2: [0.03530742904741733, -0.029273489849599585, -0.07569736327539671, 0.06966339307735414] - [0.10289373392600797, 0.2828966843783304, -0.39260641244662525, 0.006815978469730666] - [-0.011187114769340959, 0.5390145758206306, -0.3594510294809648, -0.16837648013764844] - [0.09786279243514039, 0.01746330949107847, -0.16885101715201836, 0.05352487106418303]
B1: -1.8780493872782293e-09 - -1.7660888748903983e-09 - -3.220150840771038e-09 - -4.126438764267375e-09
B2: -2.9528988073556122e-09 - -1.3144306927023827e-08 - 2.383290612323119e-08 - -1.7833134687968542e-08
