Number: 991
Error: 0.0007321307584511495
A1: [-0.0473183178129869, -0.04955638924256722, -0.0232229137380062, -0.026957189224448883] - [0.03793177438130529, 0.16264331142407118, -0.17429103503728474, -0.14082969627303019] - [-0.12150905855911087, 0.3990996355420651, -0.08439319450545343, -0.2982588070434299] - [-0.0798285123422298, -0.09152956630404427, -0.09044703365840052, -0.06222903735566581]
A2: [0.17642998685427821, -0.15711182925772946, 0.026041010404363, 0.014370484848271319] - [0.04101061164497716, 0.21220066281226913, -0.11119475281425538, -0.12009539823113953] - [-0.06196534094293492, 0.6012005141298342, -0.2085692273072821, -0.2341679740906109] - [0.020576039805894397, 0.017977358450548337, 0.02718870492242309, 0.03204888861334426]
B1: 0.01780486860419561 - 0.025287170542275375 - 0.009314433774057676 - 0.0069397042687561
B2: 0.004862477516081064 - -0.018979317905530965 - -0.017284196728357876 - -0.005918053287218464
