Number: 8974
Error: 0.0010235301229433594
A1: [-0.04162162037453773, -0.2825157029863304, -0.1219442339134604, 0.020112436215130952] - [-0.025211438653961138, 0.09464872450648566, -0.1516602287966867, -0.05675155211464872] - [0.09077321343397173, 0.3159707989867574, -0.008883590151030636, 0.014440899850621287] - [-0.027049875242285904, -0.1635755238321791, -0.10220891252643317, 0.06675272846945407]
A2: [-0.10462236621259187, -0.18184142607627818, -0.2560792753365174, -0.031026335117999265] - [0.0906530331620177, 0.2504489784781609, -0.4309572526272786, 0.030770909952285284] - [-0.10253251385243904, 0.4024598899085755, -0.47965479116364024, -0.2179060759824094] - [0.036532294755943225, -0.07988381617956694, -0.2603751861062701, 0.03784735864750566]
B1: 0.017941814164952545 - -0.037623198473761596 - 0.0068530346013649 - -0.008472641747466904
B2: -0.005476153223264086 - 0.040473050602988 - 0.03924773720068552 - 0.03132650411027946
