Number: 7306
Error: 9.214060879694665e-16
A1: [0.08043167428016806, -0.18046782115378654, -0.01958886736531176, 0.11962496133493986] - [0.037415580224803444, 0.1335963864058388, -0.13472618596770816, -0.03628582486648446] - [-0.00170283428764344, 0.22819010123224395, -0.12282839789768958, -0.10365892549523754] - [0.03886321918941505, -0.1144810337493599, -0.046416456625776405, 0.1220342127226973]
A2: [0.03530737369155766, -0.029273545358563278, -0.07569741590708111, 0.0696633351414733] - [0.10289381211661164, 0.28289676323254725, -0.39260633682167784, 0.006816060346707882] - [-0.011187010653823404, 0.5390146805571345, -0.35945093093332026, -0.16837637042754705] - [0.09786280801987772, 0.017463325146703675, -0.1688510023163613, 0.05352488742308366]
B1: -2.44161778280747e-08 - 2.5999938864052497e-08 - 2.9394238827632708e-08 - -1.1260745364811265e-09
B2: 4.018407713312839e-09 - 5.394809535875065e-09 - 3.985136761483405e-09 - 5.577079830734125e-09
