Number: 2271
Error: 0.00012531134076682098
A1: [0.03037463379104859, -0.0736460407402528, -0.05027821115036224, -0.020904214581070755] - [0.010054945004389216, 0.15146940829684155, -0.19262407159866535, -0.14257280855822038] - [-0.12200445407104417, 0.4305855494063359, -0.08910102647144842, -0.16868545897221368] - [0.024374807827069887, 0.020722175755698104, -0.027609202328244032, -0.0264338045276086]
A2: [0.04059389070567305, -0.20423220643563603, 0.06878365771932973, 8.04297325818909e-06] - [-0.018885098740688437, 0.15360385598340368, -0.14773031494540592, -0.17551222597419167] - [-0.17558740515428856, 0.4489528173397851, -0.2982397900883478, -0.27348620962578346] - [-0.02473815451208094, 0.03520547800461157, -0.04465901112602294, 0.06257894425028945]
B1: 0.00013187716108675925 - -0.011934284240940583 - 0.03330701675358699 - 0.0012897897563437476
B2: 0.000893177546024069 - -0.011135455576959075 - 0.021550183246871985 - 0.00842722566989156
