Number: 6705
Error: 9.16799832274016e-16
A1: [0.08043167220015392, -0.18046782323356514, -0.019588869442841394, 0.11962495925516284] - [0.0374155729106458, 0.13359637909721528, -0.1347261932672978, -0.03628583217659229] - [-0.0017028312193197736, 0.2281901043005003, -0.1228283948338627, -0.10365892242773606] - [0.038863210057412736, -0.11448104285573123, -0.04641646575195746, 0.12203420359637247]
A2: [0.035307432141493296, -0.029273486746965692, -0.07569736033359048, 0.06966339631564218] - [0.10289376673931126, 0.282896717470125, -0.3926063807100316, 0.006816012830061063] - [-0.01118713250784694, 0.5390145579763194, -0.35945104627083735, -0.16837649882934103] - [0.0978627867114492, 0.01746330374135146, -0.16885102260060028, 0.053524865056168984]
B1: -8.274045477954687e-09 - 6.318254934544438e-10 - -2.0121062727220906e-08 - -1.1682566657338231e-08
B2: -6.493978744461259e-09 - -9.132878536458514e-09 - -2.21961154153919e-09 - -1.1679561196606664e-08
