Number: 4219
Error: 9.24490609523239e-16
A1: [0.06621319544505885, -0.11395206625365688, -0.023983936527624795, 0.0717228818898335] - [0.037402635915499714, 0.18819339216293487, -0.1474089233943459, -0.07818698679093246] - [-0.0602293504041594, 0.3289508202199791, -0.12775308921192258, -0.14096830184775447] - [0.03904613857115873, -0.053322705587858565, -0.037418610290214205, 0.051695100682072455]
A2: [-0.009108550537783186, -0.3468031586839906, 0.24945511577941182, 0.10645670636159786] - [0.08003983721440243, 0.03628226930544727, -0.05025009974831144, -0.0660719468772472] - [-0.042452837204472495, 0.23083187150183648, -0.040531264562905664, -0.14784785859980556] - [0.06813482125326167, -0.2934678054478955, 0.14177128671371284, 0.0835619080757278]
B1: -8.195635591367312e-09 - 5.408785179784866e-09 - -1.1225380488842672e-08 - 1.4277574218837669e-08
B2: 9.422916059719531e-09 - 2.2519855071083156e-08 - 1.9825672108930084e-09 - -1.3059009717845544e-08
