Number: 771
Error: 2.581031094169282e-13
A1: [-0.012154999226952973, -0.014518818999144936, 0.018085508956433568, 0.008581381799786698] - [0.06583591058095899, 0.1894959103733593, -0.1453218722034971, -0.11000780903100879] - [-0.09629631800743756, 0.42178295466161014, -0.053460853353666064, -0.27203951360481937] - [-0.0013179208093545224, -0.018215802457423238, -0.003831300536829325, 0.023380880813336436]
A2: [0.16158675501175113, -0.16775473970914956, 0.008501367400987284, -0.002333036146660119] - [0.035485591467167746, 0.20751659183666804, -0.11721055572168551, -0.12579215873837013] - [-0.08621369480336238, 0.5815379747301049, -0.23538887271006545, -0.25993571456194037] - [-0.0038347659761057773, -0.004519091831140333, 0.0011104561379476402, 0.00724358538074298]
B1: 1.9441564258294045e-07 - 9.048622862684091e-08 - 2.591850931944409e-07 - 1.454704843066726e-07
B2: 1.9589214864437618e-07 - 1.095837455161002e-06 - 3.8439908609915e-07 - -1.0472836150454508e-06
