Number: 2820
Error: 7.450191806437627e-09
A1: [0.06334733443580062, -0.0479591185936589, -0.023530198791729354, 0.007768575360632574] - [0.043534063479874256, 0.19114748318113087, -0.14269588581056672, -0.09265226508992595] - [-0.1233114242772526, 0.4149935696690864, -0.10472558034719051, -0.186940284494298] - [0.0370613232405928, 0.019224547050192217, -0.033075476601626116, -0.02299530225948268]
A2: [0.06312713928762675, -0.17399845665165192, 0.08600979624414147, 0.023646989432519264] - [0.02912152497772608, 0.20013282632820378, -0.1018778747823062, -0.12803775060102796] - [-0.09357470258952355, 0.5135201550532721, -0.2257711532338344, -0.19525758735016535] - [-0.026311701066360063, 0.0181382468245562, -0.050671960118167804, 0.05660299062986719]
B1: 7.772226395416127e-05 - -3.1512657954248504e-05 - 3.7499814820108726e-05 - 0.00014649860357057894
B2: -9.53136952792021e-06 - -1.3036928897812503e-05 - 2.075412059354131e-05 - 3.804053377483843e-05
