Number: 7400
Error: 1.010393490303687e-15
A1: [0.08043168782040305, -0.1804678076150887, -0.0195888538412735, 0.11962497487362685] - [0.03741558029908537, 0.13359638648006408, -0.13472618589357385, -0.03628582479224368] - [-0.001702814411640172, 0.22819012110781875, -0.12282837805079623, -0.10365890562454064] - [0.03886322578968326, -0.1144810271676175, -0.04641645002971741, 0.12203421931886171]
A2: [0.03530751034919243, -0.0292734083229464, -0.07569728597468293, 0.0696634781684491] - [0.10289373984562322, 0.28289669034819614, -0.3926064067212488, 0.00681598466844969] - [-0.011187141950542786, 0.5390145484772962, -0.35945105520858245, -0.16837650877941282] - [0.09786279742686387, 0.01746331450550973, -0.16885101240023112, 0.053524876303877006]
B1: 1.8825750836251375e-08 - -1.4541590308504534e-08 - -2.389344651201827e-08 - -1.0829679698794195e-08
B2: -2.5805949324773823e-09 - -1.037884378127661e-08 - 1.5875775461347302e-09 - -8.352631078901808e-09
