Number: 4861
Error: 1.1431423795103906e-15
A1: [0.06621319166304761, -0.11395206995114278, -0.023983940306672266, 0.07172287811415189] - [0.0374025888210083, 0.18819334716735353, -0.14740896969183676, -0.07818703309253236] - [-0.060229514983028455, 0.32895066215093954, -0.12775325025914935, -0.14096846202859462] - [0.03904628523907041, -0.05332256637601427, -0.037418468393741314, 0.05169524142635143]
A2: [-0.009108490541992087, -0.3468030950379814, 0.2494551762605157, 0.1064567692637877] - [0.08003992069982843, 0.03628235924314136, -0.05025000850347934, -0.06607185485767321] - [-0.042452729356769615, 0.2308319905291012, -0.04053114898900363, -0.14784773932447526] - [0.06813494090727858, -0.2934676737040024, 0.14177141642970767, 0.08356204222951566]
B1: -4.1523356389685814e-08 - 3.257157262782624e-09 - -2.8088733476119832e-08 - 8.757793022124582e-09
B2: -4.229399581619101e-08 - -1.530336980191721e-08 - 2.605249605028748e-09 - 3.46688659966809e-08
