Number: 1086
Error: 1.0949104609804134e-05
A1: [-0.004502155161629804, -0.012242926344990579, 0.005815404013622838, 0.022041858546623203] - [0.07099132106179112, 0.19376464909703103, -0.14260304987200753, -0.10515470267725771] - [-0.10039444124213846, 0.4538468253472573, -0.058833849276956236, -0.24549416053801223] - [-0.018611076845321605, 0.0203220406069506, -0.02409619447573306, 0.04446915279851985]
A2: [0.15065778423046022, -0.20583789579934442, 0.04159852551470427, 0.08900079749669994] - [0.03083473051341002, 0.20209309598303038, -0.11652436465794441, -0.12342863943079256] - [-0.08468999902505504, 0.5654892163910166, -0.22451676706509016, -0.21664033182394232] - [-0.020851566939492184, -0.01962662075484684, 0.008657719202239584, 0.031810686846266825]
B1: 0.012402586970864554 - -0.007704461518323118 - 0.0009978476684666664 - 0.011238811691859888
B2: 0.00024255686708855861 - 0.01307753773227228 - -0.003193780120389451 - 0.004700885344191498
