Number: 5568
Error: 3.6899421574322136e-10
A1: [0.06622666333562174, -0.1139388813210901, -0.023970466895819553, 0.0717363372884336] - [0.03741055840100895, 0.18820097473594327, -0.14740112787909504, -0.07817919231698085] - [-0.06010224559311719, 0.3290729239604634, -0.1276286939847639, -0.1408445781139274] - [0.03921290089366351, -0.05316440523198319, -0.03725725852264091, 0.051855140726605777]
A2: [-0.009197884922011736, -0.34689792237779804, 0.2493650619735118, 0.10636304977966747] - [0.08002236975496518, 0.03626345470116179, -0.05026919330888238, -0.06609119892701909] - [-0.04242462020752129, 0.23086301781592627, -0.040501037030206674, -0.14781664728719657] - [0.06814544947907103, -0.2934560991675608, 0.14178279915807576, 0.08357382851206605]
B1: 1.981826283077195e-05 - 1.0317866707166813e-05 - 5.171861286693082e-06 - 6.072754771804737e-06
B2: -4.323764518815539e-05 - 1.2431455926093015e-05 - 6.747054712676584e-06 - 1.7159275908356715e-05
