Number: 4133
Error: 9.90638771831027e-16
A1: [0.06621318151322211, -0.11395207987416116, -0.02398395044852591, 0.07172286798137939] - [0.037402613556322996, 0.1881933708002588, -0.14740894537513238, -0.07818700877366108] - [-0.06022940342785584, 0.3289507692936386, -0.1277531410977883, -0.14096835345454872] - [0.039046087535974355, -0.05332275402853317, -0.03741865966505324, 0.05169505170814804]
A2: [-0.009108474388757443, -0.34680307790177534, 0.24945519254456924, 0.10645678619969472] - [0.08003983974663262, 0.03628227203338517, -0.05025009698072724, -0.06607194408616303] - [-0.0424528405073235, 0.2308318678566059, -0.04053126810238277, -0.14784786225264263] - [0.06813483514082999, -0.29346779015707064, 0.1417713017691886, 0.0835619236462686]
B1: -3.082418756049957e-09 - -3.0370752144237123e-09 - -2.6897084911360163e-08 - 4.674137125031256e-09
B2: 6.778667333196761e-09 - 6.810397538531604e-09 - -2.2870854658611156e-08 - -2.6285634573440204e-08
