Number: 8607
Error: 7.019409985206928e-16
A1: [0.08043171044455746, -0.180467784993469, -0.01958883124418329, 0.11962499749521398] - [0.03741557284793653, 0.13359637903462204, -0.13472619332965324, -0.03628583223913928] - [-0.0017027425660452818, 0.22819019295187407, -0.1228283063104, -0.1036588337981116] - [0.03886326038209745, -0.11448099267220267, -0.046416415459327565, 0.12203425388983562]
A2: [0.03530732100647611, -0.029273598189316276, -0.0756974659996627, 0.0696632800010599] - [0.1028937333618699, 0.28289668380944716, -0.3926064129922221, 0.0068159778789901] - [-0.011187119453032109, 0.5390145711089833, -0.3594510339142516, -0.16837648507293884] - [0.09786275137438973, 0.017463268243536244, -0.16885105623931815, 0.05352482796387005]
B1: -5.342295834536356e-09 - 2.048558662697931e-08 - 1.2328657212102239e-08 - 2.5241193441164375e-08
B2: 6.4637493477765645e-09 - -2.8901854925487974e-08 - 6.385715811783327e-08 - 6.387374662712627e-09
