Number: 4611
Error: 1.334394121930917e-15
A1: [0.06621310881893454, -0.11395215094400649, -0.023984023085795662, 0.0717227954090488] - [0.03740259273700028, 0.18819335090880285, -0.14740896584212868, -0.07818702924248352] - [-0.06022922817184502, 0.32895093761744687, -0.1277529696025963, -0.14096818288151108] - [0.039046176925032094, -0.05332266918374704, -0.037418573184089386, 0.0516951374868953]
A2: [-0.009108447835953187, -0.34680304973352594, 0.24945521931211093, 0.1064568140386918] - [0.0800398757003359, 0.036282310765830536, -0.050250057685352095, -0.06607190445714435] - [-0.04245267585004213, 0.23083204958244022, -0.040531091649095324, -0.14784768014801442] - [0.06813476582274043, -0.2934678664793323, 0.14177122662144573, 0.08356184592788889]
B1: 1.690824427432967e-08 - 1.4149500468802859e-08 - 4.3381287633608834e-08 - -1.2871190479506275e-08
B2: -3.572666535917707e-08 - -1.061955136306013e-08 - 6.594252787670209e-08 - 1.1624753024179631e-08
