Number: 6870
Error: 1.3129442624691851e-15
A1: [0.0804316550210472, -0.18046784041072564, -0.019588886601407767, 0.1196249420780178] - [0.03741555998333311, 0.13359636617968615, -0.13472620616885275, -0.03628584509674428] - [-0.0017028449681346684, 0.22819009055197825, -0.12282840856254784, -0.10365893617288212] - [0.03886320206434354, -0.11448105082636933, -0.04641647373993381, 0.12203419560827075]
A2: [0.035307394125873505, -0.02927352486773161, -0.0756973964783546, 0.0696633565281704] - [0.1028938243401045, 0.2828967755597816, -0.3926063249992967, 0.006816073146507741] - [-0.011187134435010843, 0.5390145560376584, -0.3594510480949447, -0.1683765008600586] - [0.09786280915534716, 0.017463326287338515, -0.16885100123546548, 0.053524888614958153]
B1: 2.362122728697827e-08 - -2.642102653309427e-08 - 4.681706314349118e-09 - 3.157849673375918e-09
B2: 3.2991828175799987e-09 - 5.542710404853174e-09 - 8.142948721491315e-10 - 5.189838837699469e-09
