Number: 4965
Error: 9.812320509565964e-16
A1: [0.06621316049565941, -0.11395210042204443, -0.023983971449596114, 0.07172284699908016] - [0.037402629930175124, 0.18819338644438802, -0.14740892927836638, -0.07818699267548887] - [-0.06022933320149497, 0.32895083674221076, -0.1277530723783887, -0.1409682851045588] - [0.03904617771204517, -0.05332266843669846, -0.03741857242260293, 0.05169513824217037]
A2: [-0.009108524550543893, -0.34680313111568956, 0.2494551419768193, 0.10645673360770978] - [0.08003983064710597, 0.03628226223063381, -0.05025010692588615, -0.06607195411580782] - [-0.042452812300805894, 0.2308318989871163, -0.04053123787497052, -0.14784783105725247] - [0.06813478747649139, -0.29346784263762726, 0.1417712500962283, 0.08356187020567991]
B1: 1.4003483449468066e-08 - 8.324615341266428e-09 - 4.194008610284368e-09 - 4.439264539582893e-09
B2: -6.5894580335032425e-09 - 1.1036554663617071e-08 - 1.8846874204606555e-08 - 1.834117286091524e-08
