Number: 7781
Error: 1.0633260520846708e-15
A1: [0.08043169488205848, -0.18046780055423667, -0.019588846788050816, 0.11962498193448061] - [0.03741561632977814, 0.1335964224834806, -0.13472614993466164, -0.036285788781506866] - [-0.0017027923240726978, 0.22819014319491623, -0.12282835599555823, -0.1036588835428628] - [0.03886323413555839, -0.11448101884516906, -0.046416441689150365, 0.12203422765955384]
A2: [0.035307371930827273, -0.029273547124146586, -0.0756974175811982, 0.0696633332987231] - [0.1028936859009965, 0.2828966359457535, -0.39260645889580714, 0.0068159281805817255] - [-0.011187218207904524, 0.5390144717651059, -0.359451127387928, -0.16837658913434708] - [0.09786271270957222, 0.01746322940288005, -0.16885109304568635, 0.0535247873783925]
B1: 4.553772392971065e-09 - 1.3366464507192216e-08 - -9.989690809984124e-09 - -3.0809793362292697e-09
B2: -2.0872965187421048e-08 - 4.856256406971751e-08 - -1.6283240796833505e-08 - -1.6657565389817406e-08
