Number: 692
Error: 3.095033469338172e-14
A1: [-0.012153292620448633, -0.014517066139906339, 0.018087395272361608, 0.008583205505049846] - [0.06583568321711142, 0.1894956916587033, -0.14532210727821884, -0.11000806217829898] - [-0.09629199547457373, 0.42178713231869147, -0.053456162888626556, -0.2720344776495249] - [-0.0013212252811384728, -0.0182189804272481, -0.0038348180359624637, 0.023377061403231758]
A2: [0.16158650665077806, -0.1677549833921859, 0.008501124048701727, -0.0023332782665732633] - [0.035485711353924095, 0.20751670979711065, -0.11721043633700064, -0.12579204145849668] - [-0.0862136322519497, 0.5815380360015463, -0.23538881184383173, -0.25993565356684006] - [-0.0038347543210577252, -0.004519080369610229, 0.001110467675963607, 0.007243596529056242]
B1: 3.565160799292594e-08 - -2.7748923227749027e-07 - -5.098232852800989e-08 - -5.424601324550788e-08
B2: 5.6490708295037615e-08 - -4.041146656674025e-07 - 3.9294129025193597e-07 - 7.089719979833293e-08
