Number: 1882
Error: 2.1948776682692471e-07
A1: [-0.002320252421305318, -0.01004005122458943, 0.008097490627570723, 0.02445619686712077] - [0.06855493612911742, 0.19155133033605093, -0.14494404709342365, -0.10794038912696644] - [-0.11571764814833502, 0.4387072573248062, -0.0741131935267756, -0.26150877665573785] - [-0.024108232127816223, 0.014643222332153105, -0.03076071282115935, 0.038129040229246534]
A2: [0.13132510625758725, -0.22494706174451506, 0.022350972720024516, 0.06986402519418873] - [0.03326086774129638, 0.20436655839850296, -0.11427040850063452, -0.12084340311505219] - [-0.09469315762820603, 0.5554575400975642, -0.2352520095464134, -0.22563323270927876] - [-0.021664393933035677, -0.020151728109274816, 0.0072369299398204155, 0.03133948259715507]
B1: 0.0005920059520929 - -0.00018713874579591658 - 0.00043151755385943105 - 0.00036057008981114306
B2: -0.0003106294741589092 - 0.0012565908122966073 - -0.00017790982926974182 - -0.0009179258460948851
