Number: 3463
Error: 2.7013622584631414e-09
A1: [0.0660314930430157, -0.11412974874957657, -0.024165551826640506, 0.07154146145197796] - [0.037022192599147255, 0.18782991448808717, -0.14778285191358698, -0.07856101239187699] - [-0.06027829710383933, 0.32890380218801113, -0.1278009280404779, -0.14101600572679343] - [0.03880566336645166, -0.053550890267581835, -0.037651109845944324, 0.051464377097232825]
A2: [-0.00925000148445615, -0.34695315416062417, 0.24931254595631497, 0.10630855101005483] - [0.08009205168564193, 0.036338512070272486, -0.05019303520538955, -0.06601436045684679] - [-0.042327126043533524, 0.23097049051456345, -0.040396605293316575, -0.14770891521549] - [0.06800500418956859, -0.29361073096534296, 0.14163062979512836, 0.08341642298734044]
B1: -8.878367422167886e-05 - -3.0639600953632976e-05 - -4.3569475231214226e-05 - -8.396130547300993e-05
B2: -0.00020375628134942122 - 0.00019613780191481974 - 9.839448061360961e-06 - -0.00010155973169401421
