Number: 9826
Error: 6.589670965914225e-16
A1: [0.05317258110990238, -0.1480012399947813, -0.02699901638523112, 0.1218278529666168] - [0.00531376768080693, 0.1308367421826313, -0.11360069591568331, -0.022549715444810655] - [-0.014444426602214493, 0.2230916708222219, -0.12704112966201803, -0.08160588300674831] - [0.027146466423791156, -0.10002003171016584, -0.04942450205814466, 0.12229812674791007]
A2: [0.0892542675657055, -0.07291356359643285, -0.12362761017056358, 0.10728618694648258] - [0.10884173696090861, 0.24981418927464558, -0.4048452815330065, 0.04618948838741019] - [0.036635950492923376, 0.46255513788442504, -0.37771743195236646, -0.12147324875566681] - [0.1434264121960119, -0.04460664424795337, -0.20149955598728966, 0.10267984117815905]
B1: 2.5229220055497415e-08 - 4.822614137149955e-08 - 4.3982575214146556e-08 - 5.944013226791503e-09
B2: 2.3449453216110738e-08 - 1.4753042688313591e-08 - 3.5788881204380066e-08 - 7.4390030879456944e-09
