Number: 1432
Error: 2.178736000886783e-10
A1: [-0.00725490533320743, -0.015061771623504172, 0.002927117096233055, 0.01938556695340573] - [0.06677142379584854, 0.18983121051613974, -0.14679228188629534, -0.10992388645393941] - [-0.1126419944427964, 0.44172971276924505, -0.07084851972420825, -0.25816119001296256] - [-0.023567647769946486, 0.015149273058986983, -0.030137133869328443, 0.03870218544666623]
A2: [0.13161717844785575, -0.2245978957177191, 0.022697110609506122, 0.07019091454067307] - [0.032689959017824934, 0.20379225190645803, -0.11484475785206698, -0.12141469398207184] - [-0.09477938955825743, 0.5553857653464677, -0.23535634431166486, -0.22578907054095265] - [-0.020752583788570367, -0.01920202263108622, 0.008192251602349364, 0.03225355469890679]
B1: -8.463764977500634e-06 - -1.950807574245192e-05 - 1.9159945287731525e-05 - 9.965467625708626e-07
B2: -2.1779785133767294e-06 - -2.753945188994403e-05 - 1.5248103283724633e-05 - -2.2532401600076782e-05
