Number: 3723
Error: 2.7537033859534377e-15
A1: [0.06621298495504066, -0.11395227203989645, -0.023984146852474325, 0.07172267175306024] - [0.03740260921889411, 0.1881933666561091, -0.1474089496391899, -0.07818701303806809] - [-0.06022942285369129, 0.3289507506362589, -0.12775316010676283, -0.1409683723612967] - [0.03904590006148482, -0.05332293197220806, -0.03741884104028751, 0.05169487180568141]
A2: [-0.009108320930872731, -0.3468029151067613, 0.24945534724416474, 0.10645694709203099] - [0.08003987899253016, 0.03628231431250218, -0.050250054087175366, -0.06607190082835233] - [-0.04245262973264194, 0.23083210048090105, -0.04053104222769485, -0.1478476291435939] - [0.06813497530118888, -0.29346763583417546, 0.14177145371680547, 0.08356208079219929]
B1: 3.376782117690135e-08 - 5.5359480675671314e-08 - -9.825291192023784e-08 - 2.619566726144308e-08
B2: -1.645603488803457e-08 - 2.435474516763649e-08 - -1.243853207599203e-08 - -8.425106126717866e-08
