Number: 9415
Error: 2.1336355185084948e-11
A1: [0.05318140833528465, -0.14799240949646755, -0.02699019889855914, 0.12183668449231574] - [0.005321726871742506, 0.13084470996306172, -0.1135927377394848, -0.022541744643419296] - [-0.014436640646719468, 0.22309945928416589, -0.1270333500583041, -0.08159809457372845] - [0.02715639155765648, -0.10001010590275708, -0.04941455547938107, 0.12230807798815302]
A2: [0.08927952213532576, -0.07288836738720562, -0.12360292467208124, 0.10731175328483636] - [0.1088298582920386, 0.2498023084909893, -0.4048569248670975, 0.0461774097055308] - [0.0366342190746813, 0.4625534153109722, -0.37771912112045486, -0.12147499831245559] - [0.1434028843529351, -0.044630084760777414, -0.2015225286856156, 0.10265596372233558]
B1: 8.870638722653906e-06 - -2.0837143336577476e-06 - -3.4314358375264e-08 - -7.38683903748124e-06
B2: -7.600839312706213e-07 - -1.6585016966628055e-06 - 3.405222871471453e-07 - -2.123515641209072e-06
