Number: 5263
Error: 9.927661382761398e-16
A1: [0.06621317726062538, -0.1139520840317007, -0.023983954697801003, 0.07172286373588731] - [0.03740252986528715, 0.18819329083919437, -0.14740902764979036, -0.07818709105562384] - [-0.06022955452402276, 0.32895062417355386, -0.1277532889518293, -0.14096850051311105] - [0.03904615853772126, -0.05332268663614356, -0.03741859097309028, 0.0516951198422736]
A2: [-0.009108491303764144, -0.34680309584612035, 0.24945517549234836, 0.10645676846513372] - [0.08003977254057767, 0.036282199633335475, -0.05025017043286634, -0.0660720181620809] - [-0.042452781466302755, 0.2308319330177957, -0.040531204831716475, -0.14784779695557834] - [0.06813479526545553, -0.29346783406174326, 0.14177125853995215, 0.08356187893851051]
B1: 2.3392176631683686e-08 - 8.891907131520179e-08 - -6.550739472246013e-08 - -6.337292327971735e-08
B2: 3.681141101651226e-08 - -1.9562229396402377e-08 - -3.04325496052636e-08 - 2.7310216469727696e-08
