Number: 4151
Error: 9.8599971362618e-16
A1: [0.06621316542970833, -0.11395209559826099, -0.023983966519418785, 0.07172285192485832] - [0.03740260360094105, 0.1881933612885677, -0.14740895516203584, -0.07818701856142997] - [-0.060229380993984435, 0.328950790840133, -0.12775311914532655, -0.14096833162015954] - [0.039046099645004766, -0.05332274253509806, -0.03741864794996872, 0.051695063328105445]
A2: [-0.009108650983108839, -0.3468032652407949, 0.2494550145213787, 0.1064566010501521] - [0.08003983519776625, 0.03628226713295268, -0.05025010195237937, -0.06607194910003071] - [-0.04245280000601196, 0.23083191255636926, -0.04053122469957233, -0.14784781745971876] - [0.06813476649446429, -0.29346786573972206, 0.14177122734989597, 0.08356184668099874]
B1: 5.874268230243998e-09 - -8.880373949199855e-09 - 6.579646956130741e-09 - -2.0142569213781267e-09
B2: 1.588649691856558e-08 - 1.9658135828048596e-08 - -1.4750601446188645e-08 - -1.1880696203998126e-08
