Number: 8326
Error: 1.1156906468311152e-15
A1: [0.08043165111163755, -0.18046784431972196, -0.01958889050620447, 0.11962493816900978] - [0.03741563442482105, 0.133596440564883, -0.13472613187552757, -0.03628577069638247] - [-0.0017028271075385203, 0.22819010841218632, -0.12282839072810704, -0.10365891831705] - [0.038863194296766074, -0.11448105857216356, -0.04641648150258981, 0.12203418784549473]
A2: [0.03530757913824486, -0.02927333934358625, -0.07569722057064443, 0.06966355016337303] - [0.1028937310752238, 0.2828966815033834, -0.39260641520385064, 0.006815975484560594] - [-0.011187115525683303, 0.5390145750597134, -0.3594510301968918, -0.16837648093461546] - [0.09786270536896097, 0.01746322202883232, -0.16885110003356987, 0.05352477967322645]
B1: 8.408284793349132e-09 - -2.501074833897158e-08 - -2.1728015251581828e-08 - -3.58624065909834e-08
B2: -2.8226271203077798e-08 - 2.4859535736075992e-08 - -2.2112600629591833e-08 - -2.6239809158780784e-08
