Number: 3897
Error: 9.893657596118715e-16
A1: [0.06621314491117401, -0.11395211565826803, -0.02398398702185533, 0.07172283144075652] - [0.03740256169302296, 0.18819332124839674, -0.14740899636074012, -0.07818705976377324] - [-0.06022937280694228, 0.32895079870333344, -0.12775311113397908, -0.1409683236519151] - [0.03904609745533852, -0.05332274461343235, -0.03741865006839193, 0.05169506122689382]
A2: [-0.009108655469827722, -0.34680327000054295, 0.2494550099983631, 0.10645659634602213] - [0.08003977827722068, 0.03628220581320628, -0.05025016416330641, -0.06607201183921557] - [-0.042452817108357695, 0.23083189368117468, -0.0405312430271078, -0.14784783637425875] - [0.0681348589362212, -0.293467763957234, 0.1417713275657721, 0.08356195032537865]
B1: -2.8227039245407714e-09 - -4.0776169809336794e-10 - -2.590413036198921e-08 - -1.4507024342515757e-08
B2: -1.542977364416862e-08 - -2.364560938357282e-08 - -1.36695782269883e-09 - -6.274565872600345e-09
