Number: 1220
Error: 3.2312491726233786e-08
A1: [-0.008259148313677012, -0.016071629378774648, 0.0018818334957125093, 0.018351320933981303] - [0.0670756504534736, 0.19012429789789675, -0.14647812432242627, -0.10958514567435255] - [-0.11303444823551803, 0.4413482647372093, -0.07125269567246378, -0.25858859550569824] - [-0.023996221745150068, 0.01473147130321122, -0.030568623719650675, 0.038245549207692936]
A2: [0.13185842068495532, -0.22436028353834953, 0.022933729388994968, 0.07042700803543431] - [0.03318608519083521, 0.20428078093612687, -0.1143509332900456, -0.12093007087505346] - [-0.09467575582044181, 0.5554869791283529, -0.2352582045949928, -0.22568885283471993] - [-0.020996162223496182, -0.019445773032317155, 0.00795075668508112, 0.032022532809938505]
B1: 0.0001408961973187522 - 6.102778135899071e-05 - 0.00025179493567518887 - 0.00019891137009569126
B2: -0.0004014399757242866 - 0.001085131189419582 - -9.901382952365415e-05 - 9.004690289478561e-05
