Number: 6197
Error: 1.1419355801725095e-15
A1: [0.08043164230646126, -0.18046785312386804, -0.019588899300788474, 0.11962492936488724] - [0.03741555084278905, 0.13359635704606374, -0.13472621529118278, -0.03628585423222112] - [-0.0017028242648778032, 0.22819011125479913, -0.12282838788960523, -0.10365891547514847] - [0.03886322077768406, -0.1144810321655436, -0.04641645503851735, 0.12203421430998423]
A2: [0.035307417750103424, -0.0292735011781631, -0.07569737401672402, 0.06966338125347939] - [0.10289372013906002, 0.2828966704743702, -0.392606425781177, 0.006815964032770476] - [-0.011187058841437851, 0.539014632082125, -0.35945097654401653, -0.16837642120443758] - [0.09786278903625957, 0.01746330607673634, -0.16885102038752633, 0.05352486749645645]
B1: -2.474985743431857e-08 - -7.47771663389022e-09 - -1.3250547395940552e-08 - -8.360306757251076e-09
B2: -2.3290623100924203e-08 - -3.013018363495529e-08 - 6.262071293554834e-09 - -3.9467125135043305e-09
