Number: 8016
Error: 1.1065981837965771e-15
A1: [0.08043168670681398, -0.1804678087285571, -0.01958885495352834, 0.1196249737601655] - [0.03741565548332418, 0.133596461607404, -0.13472611085908978, -0.036285749649631306] - [-0.0017027913556647832, 0.22819014416330352, -0.12282835502856915, -0.10365888257471347] - [0.03886323583449471, -0.11448101715099965, -0.04641643999129651, 0.12203422935743366]
A2: [0.0353074343857341, -0.02927348449650313, -0.07569735819978929, 0.06966339866447158] - [0.10289368449604054, 0.2828966345288687, -0.3926064602546685, 0.006815926709394764] - [-0.011187104422564443, 0.5390145862290853, -0.35945101968751303, -0.16837646923489802] - [0.09786277733976104, 0.0174632943270267, -0.1688510315218737, 0.05352485521898027]
B1: -4.04601941842923e-09 - 1.8836290797229598e-08 - -2.088092012770894e-09 - 6.388297382445218e-09
B2: 6.354133982290102e-08 - -1.0675249524479073e-07 - -1.5524804172216354e-09 - 4.969121866090552e-08
