Number: 4412
Error: 9.773516035175713e-16
A1: [0.06621312409130249, -0.11395213601291813, -0.023984007825401537, 0.0717228106558178] - [0.03740263656074511, 0.1881933927794228, -0.14740892276001566, -0.07818698615655868] - [-0.060229400342882114, 0.3289507722565356, -0.12775313807906444, -0.14096835045201112] - [0.0390461171902714, -0.053322725881746545, -0.037418630975482425, 0.05169508016478975]
A2: [-0.009108433146397275, -0.3468030341501265, 0.2494552341205934, 0.10645682943996626] - [0.08003987576053796, 0.03628231083068726, -0.05025005761957243, -0.06607190439075776] - [-0.042452798433346074, 0.23083191429206812, -0.040531223014200694, -0.14784781572032843] - [0.06813466148151817, -0.2934679813634665, 0.1417711135057916, 0.0835617289421786]
B1: -6.213884327803695e-08 - 4.839442263355956e-08 - 1.8455098836831915e-08 - -2.5208513426561992e-08
B2: -3.807946783566968e-08 - 2.7843110523264498e-08 - -9.503787369728874e-09 - -9.811478082624303e-09
