Number: 6035
Error: 3.232008961922228e-13
A1: [0.08043396750078739, -0.180465528194041, -0.019586576887367018, 0.11962725429306723] - [0.03741880270525541, 0.1335996064412745, -0.1347229699167309, -0.03628260417637938] - [-0.0017006840116985617, 0.2281922514697641, -0.12282625076305594, -0.10365677578894936] - [0.03886590904333599, -0.11447835144120584, -0.046413768483079154, 0.12203690090639767]
A2: [0.03531198375180568, -0.029268922548601608, -0.07569303271646531, 0.06966816007786508] - [0.10289267163494115, 0.28289561307145905, -0.3926074398821807, 0.0068148660946564825] - [-0.011188131851437818, 0.5390135526761091, -0.3594519921705362, -0.16837755187364267] - [0.09786330914626164, 0.01746382855409907, -0.16885052527460456, 0.053525413444319894]
B1: 1.201524984410064e-06 - 6.781273068471322e-07 - -6.370655060229061e-07 - -1.7772869723130122e-07
B2: -1.0509011417151764e-06 - -1.6276809246014266e-06 - 2.895757864155585e-06 - 8.430445860975409e-08
