Number: 3254
Error: 0.0008600580515085275
A1: [-0.03424990775698616, -0.21720059180469226, -0.13399241025298747, -0.035593787100431935] - [0.08236280456628503, 0.21665357534007568, -0.10440466356016316, -0.03400880109664183] - [-0.2775940718057831, 0.14881366656726705, -0.32494532865621634, -0.33655866909617627] - [-0.14959670941996284, -0.21468197310449222, -0.2166361256038586, -0.12478760584742167]
A2: [-0.16277088299202788, -0.5414229186777682, 0.10022518810323507, -0.059779325622050516] - [0.08447224293852762, 0.058692342536929024, -0.05233127853680583, -0.06910231597330538] - [-0.1877740761560056, 0.047273762935573976, -0.2338662774470625, -0.33578803222651227] - [-0.05580333633425633, -0.4461027450320689, -0.03036634368513995, -0.08143520738169051]
B1: -0.010919442177572528 - -0.17266184660839248 - -0.026400054260671584 - -0.024459337756386267
B2: -0.09989240669694902 - -0.14593723378315115 - 0.03515995148192601 - 0.022745689335900827
