Number: 5134
Error: 1.1994378460322738e-15
A1: [0.06621318854318699, -0.1139520730013025, -0.023983943424118206, 0.07172287499949963] - [0.037402594151935684, 0.1881933522607213, -0.14740896445109852, -0.07818702785133613] - [-0.060229159553541974, 0.32895100352167533, -0.12775290245655554, -0.14096811609660498] - [0.03904613538377512, -0.05332270861312743, -0.03741861337385832, 0.05169509762341526]
A2: [-0.009108520650145788, -0.3468031269779214, 0.24945514590874548, 0.10645673769710055] - [0.08003980329618257, 0.03628223276588355, -0.050250136818847824, -0.06607198426259674] - [-0.04245283702871729, 0.23083187169590044, -0.04053126437445352, -0.14784785840527961] - [0.06813473217106533, -0.2934679035311576, 0.14177119013981085, 0.08356180819833646]
B1: 7.212733856929831e-08 - -2.4424547498919932e-08 - -5.095990657462145e-08 - -3.6535917847438835e-08
B2: 3.8977981156761965e-09 - 1.5931703205297898e-08 - -5.6308119953028095e-08 - 1.0311440076331835e-08
