Number: 3609
Error: 1.6025045900046485e-12
A1: [0.0662097128142758, -0.11395547105188683, -0.023987416477258723, 0.07171940509858014] - [0.03740570160570291, 0.1881963212181349, -0.14740590958886104, -0.07818397270868947] - [-0.06023080590784237, 0.3289494223194504, -0.12775451343281952, -0.14096971848286652] - [0.03904484154206923, -0.05332393669404978, -0.03741986517014757, 0.05169385598965483]
A2: [-0.009102403109839898, -0.3467966372097914, 0.24946131296180288, 0.10646315157085239] - [0.08004706993507393, 0.03629006105824878, -0.05024219478531341, -0.06606397478637915] - [-0.04246187986542755, 0.23082189137499948, -0.04054095512912805, -0.14785785950915714] - [0.06814133682610397, -0.29346063151501983, 0.14177835027387495, 0.08356921327637042]
B1: -1.5971215338917324e-06 - -2.97303761659355e-06 - -5.75263692705847e-07 - 9.136753818104122e-07
B2: -9.729632334887481e-07 - 2.065236385985868e-07 - -1.0524180433865306e-06 - -3.966464999147462e-06
