Number: 5354
Error: 2.8923146314610976e-15
A1: [0.06621314202518197, -0.11395211847975349, -0.02398398990556891, 0.0717228285595982] - [0.03740253579034004, 0.18819329650022856, -0.14740902182496884, -0.0781870852302833] - [-0.06022943252378969, 0.3289507413482286, -0.12775316956952396, -0.14096838177289556] - [0.039045980554932934, -0.05332285557092676, -0.037418763165597405, 0.051694949047878754]
A2: [-0.009108085284115842, -0.34680266512409685, 0.24945558479687435, 0.10645719415336544] - [0.08003976707559331, 0.03628219374601274, -0.050250176405751364, -0.06607202418567155] - [-0.04245276206483577, 0.23083195443036558, -0.04053118404035793, -0.14784777549838551] - [0.06813480873639739, -0.29346781922971216, 0.14177127314374915, 0.08356189404185904]
B1: 9.369111467257026e-08 - 8.420265861304315e-08 - -4.596767404985208e-08 - -5.877339920462859e-08
B2: 1.084282353322068e-10 - 7.077889167613679e-09 - 6.101990776329075e-08 - -9.448132552922401e-08
