Number: 9254
Error: 5.608435368881165e-09
A1: [0.052614634791638644, -0.14855972531206862, -0.027556471115718517, 0.12126982116420969] - [0.004831988492182029, 0.13035442625011442, -0.11408266441572318, -0.023032079405080532] - [-0.014992920794271117, 0.2225428408201136, -0.1275891601927377, -0.08215434509645797] - [0.026638805820608128, -0.10052809505632183, -0.04993345435756589, 0.1217895035987477]
A2: [0.08960506992943058, -0.07256327568151805, -0.12328447787077058, 0.10764143715089274] - [0.10889845894435475, 0.24987062621961653, -0.4047897223238636, 0.046247336647988024] - [0.037004017629203495, 0.4629214922907821, -0.3773582708385642, -0.12110112551298917] - [0.14403994309258075, -0.04399501733810426, -0.2009002024353812, 0.10330245604646007]
B1: -3.352265581966226e-05 - -4.5266745824738716e-05 - 0.00011279338235637783 - 1.129265298859607e-05
B2: -5.005520139228233e-06 - -0.00011136293594334432 - 0.00011145474257321358 - 0.00013752899985101775
