Number: 2223
Error: 0.000259553845953859
A1: [0.07329002004587992, -0.025328977328992947, 0.0015480340223572794, 0.03725852418180767] - [0.01912006165768624, 0.153968513684454, -0.19081844063940256, -0.14479907789297583] - [-0.15138387974194145, 0.39660200885897784, -0.12004014870289764, -0.2089296112720614] - [0.0457275066515655, 0.048740751185346626, 0.004943243499357965, 0.0037449523030481935]
A2: [0.15369795475864095, -0.13242873606711922, 0.16033627553530844, 0.10625548990338402] - [0.08196974894697731, 0.2497768587129694, -0.04799690235416333, -0.078911659126757] - [-0.08149762072577846, 0.5436948418112796, -0.19978694541567135, -0.18586667270191481] - [-0.0036371394794313706, 0.07034498744338112, -0.013457919247665578, 0.0915614100797451]
B1: 0.013158006286911977 - -0.026838102764609986 - 0.011955597066096179 - -0.010429938532521868
B2: -0.029791910058512897 - -0.004924255838821794 - -0.0036505298179674945 - -0.025700689755564343
