Number: 4682
Error: 7.583498906553696e-16
A1: [0.06621319566734188, -0.11395206603634693, -0.02398393630554065, 0.07172288211170971] - [0.03740258632847203, 0.1881933447858974, -0.14740897214220003, -0.07818703554311152] - [-0.06022940173604077, 0.32895077091845715, -0.12775313944233246, -0.1409683518077965] - [0.03904618773927221, -0.053322658919286926, -0.037418562721678046, 0.05169514786434908]
A2: [-0.00910842965794905, -0.34680303044957345, 0.24945523763708508, 0.10645683309724625] - [0.08003984723675199, 0.036282280102402885, -0.05025008879441394, -0.06607193583035709] - [-0.042452733282394975, 0.23083198619657996, -0.04053115319586969, -0.1478477436659863] - [0.0681347819309627, -0.29346784874350934, 0.1417712440842618, 0.08356186398812122]
B1: -4.260031551102119e-08 - 7.470010652357096e-08 - -3.3857043499505335e-08 - -6.183469534875962e-08
B2: -3.059880235919953e-08 - -1.9186828977417824e-08 - 1.5925286674329703e-08 - -3.186419318552552e-08
