Number: 8366
Error: 1.1680124154116534e-15
A1: [0.08043164551107071, -0.1804678499196433, -0.019588896100064673, 0.11962493256909863] - [0.037415674963399696, 0.13359648107277092, -0.13472609141772895, -0.036285730180270634] - [-0.0017028165372042399, 0.22819011898230185, -0.12282838017324307, -0.1036589077495265] - [0.03886318008467984, -0.11448107274435454, -0.04641649570560958, 0.12203417364225815]
A2: [0.035307502364906526, -0.029273416329276162, -0.07569729356590306, 0.06966346981189829] - [0.1028936936375887, 0.28289664374802637, -0.3926064514130781, 0.006815936281944905] - [-0.011187114550851146, 0.5390145760403608, -0.3594510292741882, -0.1683764799074043] - [0.0978627708157515, 0.01746328777331422, -0.16885103773234003, 0.05352484837091486]
B1: 3.537435425015119e-08 - 6.693273711231113e-09 - 5.139938022595686e-09 - -1.0862189760285038e-08
B2: -2.975828619894505e-08 - 5.83397564874294e-08 - 4.992594671860095e-09 - -3.5717374683284645e-08
