Number: 8799
Error: 1.582046783467743e-05
A1: [0.07993295958365068, -0.18096621323393597, -0.020087056493116703, 0.11912650722549765] - [0.036414375622396376, 0.13259577799924277, -0.1357251011994134, -0.0372864706848347] - [-3.7986640877275346e-05, 0.22985573059099318, -0.12116718879196943, -0.10199394633864145] - [0.038343684483466235, -0.11499882486938504, -0.046935844741576395, 0.12151521063623826]
A2: [0.03697849183687205, -0.027600301792838587, -0.07410478594026686, 0.07141210700652062] - [0.10344191033052859, 0.2834478813331122, -0.3920738529275819, 0.00738980117044885] - [-0.007937535054949638, 0.542280849512583, -0.3563706495319357, -0.16495238695499173] - [0.0990862255961012, 0.0186901259676163, -0.1676832002514913, 0.054808851207464565]
B1: 0.0011619016179512938 - 0.0014709317270433341 - 0.000665204168787059 - 0.0012493510309304354
B2: -0.0025892326006681033 - -0.0018431531024928022 - -0.00450375788235596 - -0.002204231644736421
