Number: 9422
Error: 3.757360065500845e-12
A1: [0.05317518200663042, -0.14799863813562766, -0.026996418385659336, 0.12183045512159058] - [0.005309584015371328, 0.13083255427296644, -0.11360487882704982, -0.022553904756230887] - [-0.014434812468180557, 0.2231012882536075, -0.1270315232627654, -0.08159626563602602] - [0.0271419459614459, -0.10002455175336462, -0.04942903173229593, 0.12229359534079647]
A2: [0.08925667307943916, -0.07291116366383343, -0.12362525882179361, 0.10728862227443908] - [0.10885078380674837, 0.2498232377235881, -0.40483641382763824, 0.046198687397364116] - [0.03664272934263228, 0.46256188127177517, -0.37771081804181444, -0.12146639981860884] - [0.1434376730698164, -0.044595425624028955, -0.20148856051216757, 0.10269126867233558]
B1: 2.4166517744157685e-06 - -1.1166541814322784e-06 - 3.25921610646542e-06 - 3.1345584689162674e-06
B2: 3.0384711930556765e-06 - 1.3870630383296561e-06 - 4.4046891004907855e-06 - 3.089245541498211e-06
