Number: 1322
Error: 6.520546128887913e-10
A1: [-0.007062293707549557, -0.014867291341361421, 0.0031277517938123702, 0.019583337933426797] - [0.06664270335313636, 0.18970731058175658, -0.14692546837884182, -0.11006705977108448] - [-0.11257925214212301, 0.4417918780890388, -0.0707826973577822, -0.25809323608238594] - [-0.023459223350401313, 0.015256109307776636, -0.030025835368918577, 0.038816690878632286]
A2: [0.13150908653865304, -0.22470459002380305, 0.022591238461496594, 0.0700853338699587] - [0.032646284267381316, 0.2037492347666868, -0.11488838116474122, -0.12145745338970049] - [-0.09512522610684924, 0.5550456767366336, -0.23569607328742292, -0.22612891682098657] - [-0.020952303237888954, -0.01939939033693763, 0.00799451352675223, 0.03206166230650522]
B1: 0.00010108087059719086 - -7.12149589843146e-05 - -4.259396126849304e-05 - 8.823533734590492e-05
B2: -1.4425894948053238e-05 - 3.147901707263587e-06 - 8.757255553148251e-06 - -3.83220497275401e-06
