Number: 8465
Error: 9.127378951529324e-16
A1: [0.08043171098240084, -0.18046778445570227, -0.019588830706998246, 0.1196249980329764] - [0.037415663571808984, 0.13359646968974956, -0.1347261027866617, -0.036285741565599286] - [-0.0017027808118879498, 0.22819015470685527, -0.12282834450023426, -0.1036588720337447] - [0.038863245204787115, -0.11448100780696006, -0.046416430626969526, 0.12203423872192729]
A2: [0.035307375329867545, -0.0292735437156814, -0.07569741434949348, 0.06966333685625396] - [0.10289370984208214, 0.28289666009005726, -0.3926064357402883, 0.0068159532503985236] - [-0.011187174061238371, 0.5390145161750478, -0.3594510856022097, -0.16837654261541235] - [0.09786275944309292, 0.017463276348948814, -0.16885104855840172, 0.05352483643336127]
B1: -2.7862214948915215e-09 - 2.2200991619146014e-08 - 1.4999857939063824e-08 - 5.516812135738724e-09
B2: -2.7539417419986355e-10 - 3.0085299319985695e-08 - 1.1467311419029508e-08 - -1.0228448404832281e-08
