Number: 4354
Error: 9.223537331936679e-16
A1: [0.06621314760889144, -0.1139521130208669, -0.023983984326262035, 0.0717228341339345] - [0.037402662167054325, 0.18819341724451338, -0.1474088975870531, -0.07818696098136639] - [-0.060229448114571316, 0.328950726374454, -0.12775318482561304, -0.14096839694717433] - [0.03904617984653425, -0.053322666410774176, -0.03741857035764115, 0.05169514029043837]
A2: [-0.009108468841018612, -0.346803072016518, 0.24945519813717276, 0.10645679201611963] - [0.0800398424281814, 0.03628227492219284, -0.05025009404994138, -0.06607194113046407] - [-0.04245274253325532, 0.230831975986851, -0.04053116310948973, -0.1478477538969703] - [0.0681347470764745, -0.29346788711974586, 0.14177120629896056, 0.08356182490985617]
B1: -3.5022969176117256e-08 - 4.354077905374381e-09 - 7.471601826909078e-09 - -2.4287592392095556e-08
B2: -8.607161675656845e-09 - 1.5799804192518618e-08 - -6.121715283192318e-10 - -7.278008531388887e-08
