Number: 3892
Error: 1.0732885103975413e-15
A1: [0.066213163491004, -0.11395209749363848, -0.023983968456607184, 0.07172284998940306] - [0.037402574282275766, 0.18819333327657145, -0.14740898398454066, -0.07818704738647965] - [-0.06022930976853157, 0.32895085924822914, -0.12775304944832488, -0.14096826229804416] - [0.03904605992164813, -0.05332278023898441, -0.03741868638097466, 0.051695025209163976]
A2: [-0.009108673683083983, -0.34680328932197135, 0.2494549916377398, 0.10645657725040934] - [0.08003977778631596, 0.036282205284361095, -0.05025016469983774, -0.06607201238030247] - [-0.04245281602832516, 0.23083189487316638, -0.04053124186970211, -0.1478478351797822] - [0.0681348757984584, -0.29346774539116177, 0.1417713458460764, 0.08356196923107939]
B1: -3.2186639195469426e-09 - -1.5841747783636526e-09 - -2.9657732431633316e-08 - -1.6361698941332296e-08
B2: -1.451678003823815e-08 - -1.8489980351234218e-08 - -3.282992156726483e-08 - 2.3818021895260405e-08
