Number: 7875
Error: 1.3255071365952557e-15
A1: [0.08043166802226161, -0.1804678274109938, -0.019588873615734994, 0.11962495507774926] - [0.037415599528884916, 0.13359640569529407, -0.13472616670209062, -0.03628580557310094] - [-0.001702821838636704, 0.22819011368097908, -0.12282838546691047, -0.10365891304955142] - [0.03886321194435379, -0.11448104097410003, -0.046416463866219594, 0.12203420548213834]
A2: [0.035307315176725314, -0.02927360403521472, -0.07569747154235036, 0.0696632738994789] - [0.10289367340567922, 0.28289662334439103, -0.39260647098112433, 0.006815915096175806] - [-0.011187067100241092, 0.539014623774038, -0.3594509843610676, -0.16837642990711402] - [0.0978627657185817, 0.01746328265300391, -0.16885104258449204, 0.05352484302054165]
B1: -1.995053078545142e-08 - -9.515477703834228e-09 - 3.287892499019338e-08 - 4.490583480152192e-09
B2: -1.0262750906939161e-08 - 3.591867468801049e-08 - -3.6704825805373955e-09 - -4.781841303415158e-09
