Number: 7515
Error: 5.456831694414625e-16
A1: [0.08043171554434675, -0.1804677798942888, -0.019588826150482946, 0.11962500259440016] - [0.03741561013207979, 0.1335964162904747, -0.13472615612002667, -0.036285794975779335] - [-0.0017027853224611006, 0.22819015019637817, -0.12282834900420596, -0.1036588765431243] - [0.03886325823706346, -0.11448099481130082, -0.04641641760301748, 0.1220342517460711]
A2: [0.0353074233257437, -0.02927349558708689, -0.07569736871551085, 0.06966338708901544] - [0.10289378660300454, 0.28289673750240923, -0.3926063614981038, 0.0068160336302364784] - [-0.011187078386863888, 0.5390146124201025, -0.35945099504414013, -0.1683764418001824] - [0.09786285540963803, 0.017463372752025183, -0.16885095720434454, 0.05352493716687266]
B1: -2.480387663197181e-09 - 6.288886907536947e-09 - 2.1027997436586374e-08 - 2.037678582871786e-09
B2: 6.847148898440096e-09 - 5.088742421873925e-09 - 1.2701476022272121e-08 - 1.8612119784651773e-09
