Number: 1543
Error: 1.3894529176431439e-08
A1: [-0.0079139903365943, -0.01572706324628277, 0.0022414388984547218, 0.018708253753181334] - [0.0673008722190909, 0.19034057059398565, -0.1462450932272494, -0.10933491627270599] - [-0.11321775434080684, 0.44116496091229546, -0.07144874055675984, -0.2587844884414857] - [-0.02397919063868657, 0.014744822183911713, -0.030557018215491873, 0.03826795170405515]
A2: [0.13166142085423155, -0.22455465386916687, 0.02274049207156984, 0.07023447624909115] - [0.03274516724831531, 0.2038464617934635, -0.11478972748059682, -0.12136080631214732] - [-0.09470574258908213, 0.5554576934987108, -0.2352843681083942, -0.22571735674300047] - [-0.020804954652267834, -0.01925376594096452, 0.00813969569928303, 0.03220327498349878]
B1: 0.0002551962532970491 - 8.160670584552758e-05 - 0.00021282497525188434 - 0.00019769272292956082
B2: 0.0001714974457102503 - 0.0001387790982656868 - 0.00012670057906795541 - 0.00012687460661294392
