Number: 4998
Error: 1.376714018023938e-15
A1: [0.06621325871321111, -0.11395200439929849, -0.023983873309118893, 0.07172294505180259] - [0.037402634652889954, 0.18819339095662552, -0.14740892463557223, -0.07818698803228454] - [-0.06022931126500399, 0.3289508578110199, -0.12775305091262606, -0.1409682637542453] - [0.039046268932743135, -0.053322581853365726, -0.03741848416957333, 0.05169522577862151]
A2: [-0.009108741506240999, -0.34680336127128997, 0.2494549232657942, 0.10645650614187423] - [0.08003981807648505, 0.03628224868848625, -0.050250120664843176, -0.06607196797142481] - [-0.042452834817103526, 0.23083187413679737, -0.04053126200427835, -0.14784785595935807] - [0.06813474523008814, -0.2934678891526347, 0.1417712042971554, 0.08356182283980863]
B1: -4.913560493635597e-08 - 3.019049227131284e-10 - 1.575251031827498e-08 - 5.035276366174071e-09
B2: 7.185076665205608e-09 - 2.317132461490467e-08 - -1.7834596121735556e-08 - -3.548862131820109e-08
