Number: 3505
Error: 2.336314990294382e-10
A1: [0.06619987342790644, -0.11396509186535375, -0.023997250388859102, 0.07170958304495831] - [0.03741990872595148, 0.18820989349340253, -0.14739194046820359, -0.07817000513720636] - [-0.06021310549745374, 0.32896642886809835, -0.12773718977216725, -0.14095249343867244] - [0.039096043642972624, -0.053275342256099326, -0.03737032975169036, 0.05174299139620171]
A2: [-0.009162147035416396, -0.34686001799859034, 0.24940109161504675, 0.10640051220577122] - [0.08002277493086848, 0.036263888831543904, -0.050268750542475336, -0.06609075294469996] - [-0.0424843063610183, 0.230797135349222, -0.04056498501232027, -0.14788266471949102] - [0.06809380778007518, -0.29351296474487815, 0.14172683044275675, 0.08351592339652089]
B1: 1.272282706092341e-05 - -1.4999958754626932e-05 - 2.5263418125075045e-05 - 4.684695805735492e-06
B2: -1.0767857580520027e-05 - -1.6073852998867554e-05 - 3.1042477938821072e-06 - -1.309092357658967e-06
