Number: 8146
Error: 1.2117902886422598e-15
A1: [0.08043166941536471, -0.18046782601806666, -0.019588872224345993, 0.11962495647066711] - [0.037415610543899115, 0.13359641670202307, -0.13472615570890512, -0.03628579456412296] - [-0.0017028130551881586, 0.2281901224642372, -0.12282837669633205, -0.10365890426845181] - [0.038863224467407496, -0.11448102848619042, -0.046416451351159384, 0.12203421799740291]
A2: [0.03530751879421972, -0.029273399854528336, -0.07569727794512443, 0.06966348700696554] - [0.10289375719852063, 0.2828967078483664, -0.39260638993772634, 0.0068160028394332415] - [-0.011187205735252934, 0.539014484312109, -0.3594511155823594, -0.16837657599142325] - [0.09786269011374275, 0.017463206704242087, -0.1688511145555435, 0.05352476366021282]
B1: 3.537368546091822e-08 - -8.557870340267575e-09 - -1.0741829264918468e-08 - 2.4957022414997542e-08
B2: 1.0731086700300758e-09 - 3.237865943970788e-08 - 4.5994272258004325e-09 - 1.1817220501682712e-08
