Number: 588
Error: 2.948700353320785e-14
A1: [-0.012153720133646942, -0.014517505241369482, 0.01808692274180215, 0.008582748658128601] - [0.06583535864761939, 0.18949537943669428, -0.1453224428547293, -0.11000842355393597] - [-0.09629225638437895, 0.4217868801581789, -0.05345644600311926, -0.27203478161924693] - [-0.00132171473143935, -0.018219451139599076, -0.0038353390378169537, 0.023376495681622308]
A2: [0.16158674805902506, -0.16775474652730266, 0.008501360595502532, -0.0023330429257773333] - [0.03548581152727629, 0.20751680836071215, -0.11721033658352958, -0.1257919434630783] - [-0.08621380803694753, 0.5815378638235451, -0.23538898288426582, -0.2599358249827212] - [-0.00383470088083942, -0.004519027815330519, 0.0011105205737101998, 0.007243647657936405]
B1: -9.714191339765571e-08 - 1.4313762051874367e-07 - 4.143410458278424e-08 - -6.661369651562485e-08
B2: 3.104502186489551e-07 - 5.7168008634557964e-08 - -5.593129710837993e-07 - 2.2086707011591723e-07
