Number: 7015
Error: 7.824554572505123e-16
A1: [0.08043171171336327, -0.18046778372482983, -0.019588829976875083, 0.11962499876386024] - [0.03741558793869482, 0.1335963941138901, -0.1347261782691898, -0.03628581715686739] - [-0.001702789282609944, 0.22819014623631514, -0.12282835295855597, -0.10365888050221905] - [0.038863181453094905, -0.11448107137977524, -0.046416494338048106, 0.12203417500983255]
A2: [0.03530743902450987, -0.029273479844910036, -0.07569735378930291, 0.06966340351946541] - [0.10289371851768557, 0.2828966688392411, -0.39260642734935597, 0.006815962334976034] - [-0.011187106432068859, 0.5390145842076187, -0.35945102158955483, -0.16837647135238673] - [0.09786280312499651, 0.017463320229558436, -0.16885100697596833, 0.05352488228505348]
B1: 1.3566935401250205e-09 - -2.1453078220195008e-09 - -1.7551463046153205e-09 - -6.209970126320014e-10
B2: 1.4509225486355395e-08 - -3.9320384106070246e-09 - 2.4868928920285583e-08 - -3.735798220444e-08
