Number: 4852
Error: 1.0349326397750774e-15
A1: [0.06621308482934224, -0.11395217439749383, -0.023984047056540402, 0.0717227714597394] - [0.037402543020109494, 0.18819330340769, -0.14740901471763723, -0.07818707812231394] - [-0.060229470409402366, 0.3289507049614887, -0.1277532066420064, -0.14096841864603996] - [0.03904620413891947, -0.05332264335328398, -0.03741854685547124, 0.05169516360170422]
A2: [-0.009108518864396465, -0.34680312508357813, 0.2494551477089542, 0.10645673956932968] - [0.0800398953501073, 0.03628233193424616, -0.050250036209264826, -0.06607188279870904] - [-0.04245276615599168, 0.2308319499152798, -0.040531188424452934, -0.14784778002293966] - [0.06813493959146405, -0.29346767515277217, 0.14177141500322765, 0.0835620407542484]
B1: -3.3867971834546983e-08 - 2.3866057348470567e-08 - -6.9036312049508125e-09 - 4.085746138882564e-08
B2: 1.6425622706834002e-08 - 1.9969045572399186e-08 - -2.5117400739832558e-08 - 4.630935344681961e-08
