Number: 6239
Error: 8.477248742806354e-16
A1: [0.08043165576640836, -0.1804678396654454, -0.01958888585693592, 0.11962494282329691] - [0.03741556166394966, 0.13359636785903423, -0.13472620449158398, -0.03628584341705496] - [-0.0017028295223733864, 0.22819010599741568, -0.12282839313940286, -0.10365892073124086] - [0.03886321604291138, -0.11448103688702876, -0.04641645977027302, 0.12203420957815433]
A2: [0.03530743810160783, -0.029273480770368666, -0.07569735466678551, 0.06966340255354729] - [0.10289371579804904, 0.28289666609651626, -0.3926064299797451, 0.006815959487095535] - [-0.011187135107648714, 0.5390145553610133, -0.35945104873159806, -0.16837650156885983] - [0.09786278643724401, 0.01746330346589851, -0.16885102286161965, 0.05352486476833412]
B1: 1.4043565960508926e-09 - -1.0537561484774099e-08 - -9.261311760613118e-09 - -6.856490240271544e-09
B2: -1.1974927404226874e-08 - -1.3579104516413798e-08 - 3.928442035094918e-09 - -3.5671213892254196e-09
