Number: 7970
Error: 8.96005078971829e-16
A1: [0.08043169306769472, -0.1804678023683987, -0.019588848600256722, 0.11962498012031862] - [0.03741549838001241, 0.13359630462299443, -0.13472626764937373, -0.03628590666591997] - [-0.0017028159139154883, 0.22819011960557548, -0.12282837955086298, -0.10365890712641043] - [0.03886323058798917, -0.11448102238278343, -0.04641644523446242, 0.12203422411418764]
A2: [0.0353074752017986, -0.029273443567550676, -0.07569731939233622, 0.06966344138284877] - [0.10289374494949219, 0.2828966954953818, -0.3926064017848395, 0.006815990012929515] - [-0.011187146686108785, 0.539014543713468, -0.35945105969093855, -0.16837651376940155] - [0.09786280026858753, 0.017463317360147567, -0.16885100969508457, 0.05352487928675003]
B1: 1.1446129606678994e-08 - -1.5872328579982385e-08 - -2.102770470260917e-08 - -1.028989153786322e-08
B2: -2.915922188525914e-09 - -4.760163041087302e-08 - 6.899872364956602e-09 - -6.980576773704578e-09
