Number: 8031
Error: 1.017433290018787e-15
A1: [0.08043177567077811, -0.1804677197746662, -0.019588766095937925, 0.11962506271396971] - [0.03741549483003161, 0.13359630107569764, -0.13472627119228064, -0.036285910213933716] - [-0.001702797433809008, 0.22819013808528885, -0.12282836109781414, -0.10365888865123564] - [0.03886330977489119, -0.11448094341810358, -0.04641636609801551, 0.12203430325187618]
A2: [0.03530745034689303, -0.029273468491202, -0.07569734302409957, 0.06966341536953012] - [0.10289377715662311, 0.28289672797585086, -0.39260637063449905, 0.006816023738463466] - [-0.011187149354159577, 0.5390145410295011, -0.3594510622163135, -0.16837651658081254] - [0.09786280540612612, 0.01746332252104932, -0.16885100480447318, 0.05352488467948298]
B1: 1.3665273206986172e-08 - -7.2087482818297845e-09 - -1.4325038649071939e-08 - -6.3999670303030715e-09
B2: 1.2543508117047752e-08 - -2.824402209665545e-08 - -1.1386931212155774e-09 - 6.0798257009862826e-09
