Number: 5131
Error: 1.4432380885560243e-15
A1: [0.06621317477187924, -0.11395208646487211, -0.02398395718461856, 0.0717228612513038] - [0.037402587242357156, 0.18819334565908458, -0.14740897124374552, -0.07818703464458375] - [-0.06022904012818928, 0.3289511182232908, -0.12775278559387482, -0.14096799986245542] - [0.03904607300431847, -0.05332276782142995, -0.037418673723944904, 0.05169503776334655]
A2: [-0.009108494735880627, -0.34680309948700544, 0.24945517203268022, 0.10645676486674108] - [0.08003980375182014, 0.0362822332567352, -0.05025013632086247, -0.06607198376038304] - [-0.042452862217069225, 0.2308318438965622, -0.04053129136722584, -0.14784788626255627] - [0.06813473030525077, -0.29346790558549346, 0.14177118811710104, 0.08356180610641932]
B1: 3.424278657476023e-08 - -5.629558231388313e-09 - -1.2786379422154184e-08 - -1.1626932179460983e-08
B2: -6.655953349949356e-09 - -1.1733720383847312e-09 - 2.1490259710672934e-08 - -2.9425474455751268e-08
