Number: 2126
Error: 0.001461113177172317
A1: [0.06449977523692027, 0.018238487612949793, -0.006151930973853759, 0.0914044533251806] - [0.09682997255589587, 0.2258034544375896, -0.11199509828016768, -0.06485099422198563] - [0.15709316603889684, 0.6661697148060441, 0.1271431319958408, 0.10336608688515869] - [-0.18007558293093645, -0.14808410139388878, -0.13768758219328509, -0.2293920195275094]
A2: [0.020239125350693447, -0.32838873870839796, -0.06493282557828318, -0.06655213626367282] - [-0.003625014346200694, 0.1574138031181003, -0.13952130812683053, -0.17153582031454723] - [0.008541569891651134, 0.5516917578035139, -0.1891822349692971, -0.22363498092684297] - [-0.23544672914290923, -0.18977631463704997, -0.2568663672063552, -0.15134379741992685]
B1: 0.021566963296746077 - -0.03670467593428868 - 0.057700298197310054 - 0.02072353253732933
B2: 0.05193768465256726 - -0.011133081687264366 - -0.046446208296978715 - 0.08520757000007864
