Number: 9691
Error: 5.9784798434871006e-15
A1: [0.05317236355360162, -0.14800145763145825, -0.026999233702293932, 0.1218276353053468] - [0.005313037701992756, 0.13083601143759105, -0.11360142578540983, -0.022550446452804254] - [-0.014444590909943059, 0.2230915064538824, -0.12704129384019938, -0.08160604737311832] - [0.02714650344694581, -0.10001999468748099, -0.04942446495743996, 0.12229816386499713]
A2: [0.0892551998246971, -0.07291263349396851, -0.1236266989158347, 0.1072871307005669] - [0.10884210385919967, 0.24981455623738402, -0.40484492190164806, 0.04618986145907716] - [0.03663576560465716, 0.46255495395838386, -0.37771761233833195, -0.12147343556133125] - [0.1434275154379805, -0.044605545115926584, -0.20149847876704427, 0.10268096078820531]
B1: 8.921818853711767e-08 - 1.3488038170247138e-08 - -6.7685164491568745e-09 - -8.640044663020442e-08
B2: -2.2144067121023797e-07 - 1.3333639481897993e-07 - 1.9114710521243356e-07 - -1.700216539715041e-07
