Number: 2156
Error: 0.0002604162824478688
A1: [0.05110671008861084, -0.025204829435922595, 0.035567003264594305, 0.04003767948293743] - [0.034692363903085326, 0.16149736262234649, -0.187408086693824, -0.13088391401512953] - [-0.04446674629140411, 0.49513466782111654, 0.012857327837477086, -0.14270817253454804] - [-0.01791709565761085, -0.007520285852863832, -0.052899520474354644, -0.039985475489142656]
A2: [0.15414135055690628, -0.16893829290094983, 0.132829189192279, 0.09002374640761635] - [0.04828125349264034, 0.2171138154533844, -0.0793543914678439, -0.11345824525854292] - [-0.22157659551481954, 0.44408757588479436, -0.33680783679892873, -0.2951416480995483] - [-0.06980349779984799, -0.00037421038332219325, -0.047335703095933095, 0.005081337073762057]
B1: 0.011514561625771056 - 0.004753102310865977 - -0.01831028917815512 - 0.03267151746496787
B2: 0.0029927764537379838 - 0.006824361771508629 - -0.025657794815713286 - 0.01788458251281822
