Number: 2905
Error: 6.477468805595092e-08
A1: [0.06403673060605078, -0.04727214903523325, -0.022846415565400513, 0.008452452208844873] - [0.043482279022141405, 0.1910972456448806, -0.14274935281720322, -0.09270963539817212] - [-0.12281693658633298, 0.4154858302773929, -0.10422947181501171, -0.18644669614135548] - [0.03745862055607993, 0.019621468525344042, -0.032679675138070956, -0.022601906783699187]
A2: [0.0626504424281874, -0.17447388093132668, 0.08553247634865306, 0.023173464238680493] - [0.02927026097300918, 0.20027935915484307, -0.10172981574236716, -0.12789246479955102] - [-0.0938186156447512, 0.5132807871835857, -0.22601551154773245, -0.19549392811750924] - [-0.025975052479973202, 0.01847268957563442, -0.05033522149574787, 0.056930843463538515]
B1: -5.6026706050207214e-05 - -0.000193129148661473 - 9.281811404054723e-05 - -0.0001742059523472441
B2: 0.0003037422288131238 - 2.780364674825149e-05 - 0.00010653233904408388 - 0.0001166996640376007
