Number: 6551
Error: 1.2061492827089754e-15
A1: [0.08043168555273136, -0.1804678098824999, -0.01958885610622966, 0.11962497260621525] - [0.037415581881318966, 0.13359638806109786, -0.13472618431449832, -0.03628582321088794] - [-0.0017028040464350247, 0.22819013147280803, -0.1228283677007646, -0.10365889526210396] - [0.03886322022903567, -0.11448103271265556, -0.04641645558681502, 0.12203421376167421]
A2: [0.03530742765826798, -0.02927349124259116, -0.07569736459618173, 0.06966339162345815] - [0.1028937367879712, 0.28289668726458367, -0.39260640967857224, 0.006815981466625062] - [-0.011187114377827925, 0.5390145762144789, -0.3594510291103893, -0.16837647972509726] - [0.09786279484207366, 0.017463311908960097, -0.16885101486077445, 0.05352487359068025]
B1: -1.8904659301831264e-10 - -1.6431466108538026e-09 - -1.4158376709963696e-09 - -3.1340004425403255e-09
B2: -2.443200849622073e-09 - -7.593429651524712e-09 - 1.2062459298918238e-08 - -1.0080021975722526e-08
