Number: 6473
Error: 1.1029371906370543e-15
A1: [0.08043169129732479, -0.180467804138557, -0.019588850368505075, 0.11962497835015265] - [0.03741559486007115, 0.13359640103002696, -0.1347261713616066, -0.036285810239325166] - [-0.0017028155311871332, 0.2281901199883008, -0.12282837916870117, -0.10365890674379107] - [0.03886323467925033, -0.11448101830299376, -0.04641644114580828, 0.12203422820290784]
A2: [0.03530745016505054, -0.02927346867355768, -0.0756973431970281, 0.06966341517925563] - [0.10289374304832065, 0.28289669357806546, -0.3926064036236452, 0.006815988022127741] - [-0.011187092134597393, 0.5390145985903815, -0.35945100805669594, -0.16837645628661943] - [0.09786280932130799, 0.01746332645405585, -0.1688510010774855, 0.05352488878916824]
B1: -1.682575339902633e-09 - 1.0650332283989693e-09 - -2.17129387666288e-09 - 4.615141465821699e-10
B2: -1.2275509238700434e-11 - -1.9988699762535084e-09 - 2.1972674426878456e-09 - -2.522165007544118e-09
