Number: 3694
Error: 9.542931347130976e-15
A1: [0.06621329567156968, -0.11395196826676843, -0.02398383637972816, 0.07172298194811667] - [0.03740296765144964, 0.18819370911379144, -0.14740859727262304, -0.07818666064022724] - [-0.060229228206494206, 0.32895093758404537, -0.12775296963666966, -0.14096818291559166] - [0.03904695636424514, -0.053321929370567844, -0.037417819102996616, 0.051695885445182305]
A2: [-0.00910892612325047, -0.3468035571222618, 0.24945473715488628, 0.10645631257982686] - [0.08004019987276934, 0.036282659992788895, -0.05024970338318506, -0.06607154714611553] - [-0.04245302109829272, 0.2308316685448509, -0.04053146163082018, -0.14784806197992928] - [0.06813429765806762, -0.29346838195013547, 0.14177071908548725, 0.08356132102729749]
B1: -2.177601693078362e-07 - 6.439258487614685e-08 - 2.815665670948498e-07 - -8.720895582090528e-08
B2: 3.6479037401681057e-08 - 4.552491252893935e-08 - 2.9439227390600435e-08 - -1.5865727589710825e-07
