Number: 9917
Error: 1.2316269709609308e-15
A1: [0.053172549361862595, -0.1480012717544734, -0.02699904809825078, 0.12182782120328733] - [0.005313802751298421, 0.13083677728990406, -0.11360066085049393, -0.022549680324862403] - [-0.01444445844301435, 0.22309163896975726, -0.1270411614776159, -0.08160591485891534] - [0.02714646101034842, -0.10002003712368614, -0.049424507483101135, 0.12229812132064558]
A2: [0.08925444788068354, -0.07291338369842232, -0.12362743391821668, 0.10728636948466146] - [0.1088418432292984, 0.24981429556178728, -0.4048451773694538, 0.04618959644376896] - [0.03663606488938278, 0.4625552516856546, -0.37771732034144956, -0.1214731331727687] - [0.14342661507273252, -0.044606442126858846, -0.20149935789571727, 0.10268004706472682]
B1: -9.441206524455561e-09 - 1.0277628829382086e-08 - -1.3723402294038131e-08 - -2.8836233492747602e-08
B2: 5.463723278171183e-09 - -1.6379675119730692e-08 - 8.904366228173787e-09 - 1.2117904686969375e-08
