Number: 4077
Error: 9.160894177279275e-16
A1: [0.06621315891095746, -0.11395210197133887, -0.023983973033053763, 0.07172284541704756] - [0.03740264110422235, 0.18819339712040475, -0.14740891829343733, -0.07818698168956922] - [-0.06022936867937336, 0.32895080266763327, -0.12775310709497745, -0.14096831963462586] - [0.03904612751379127, -0.05332271608310327, -0.03741862098785954, 0.05169509007129715]
A2: [-0.009108511526327547, -0.34680311729893, 0.24945515510651817, 0.10645674726297857] - [0.0800398305530606, 0.03628226212927296, -0.05025010702877917, -0.06607195421953652] - [-0.04245278930569028, 0.23083192436591426, -0.04053121323268499, -0.14784780562556654] - [0.06813477568300688, -0.2934678556227393, 0.14177123731116398, 0.08356185698305092]
B1: -1.57888404791163e-08 - -2.2153106378605013e-09 - 9.855010793569163e-09 - -1.4444442487976116e-10
B2: -1.25694628103516e-08 - 2.0970130670345657e-08 - -4.386311310559211e-09 - -1.7061099715450728e-08
