Number: 1996
Error: 0.0001865109887224648
A1: [-0.05065591220931766, -0.058834079790367505, -0.043122244894066214, -0.025211644868755108] - [0.05045718087139716, 0.17422755472281537, -0.16335960954970705, -0.12788116446011377] - [-0.11359144377443738, 0.4409378274252724, -0.07216685946928547, -0.25825482483043855] - [-0.05741424519223354, -0.01745032813705852, -0.06345537959946577, 0.005007007348740253]
A2: [0.11556823349529981, -0.24189623407044783, 0.006407448991616754, 0.0542390787450333] - [0.027018352080824263, 0.19749648501137915, -0.12079642097875984, -0.12759287045750833] - [-0.07976433614162337, 0.5681600532080031, -0.2210615930029211, -0.21284626368408519] - [-0.02793221227465189, -0.027493950572541972, 0.0005242251495954251, 0.02410308505345877]
B1: 0.0024263585189672823 - -0.006375733680826752 - -0.0046642930772806904 - -0.004052367619615362
B2: -0.012690165080294215 - -0.014878526508083313 - -0.011092076479282582 - -0.017546428928876312
