Number: 3464
Error: 7.460254042642145e-09
A1: [0.06597814270937519, -0.11418189921022634, -0.024218849469069024, 0.0714882028522335] - [0.037072303051767695, 0.1878777883797143, -0.14773359779084028, -0.07851174816292844] - [-0.06025497465850439, 0.32892620070261885, -0.1277781068517869, -0.14099330126829832] - [0.03880545716189173, -0.05355109140426772, -0.03765131699410242, 0.05146417556722043]
A2: [-0.009170718708816743, -0.3468690591464961, 0.24939247207682003, 0.10639166103991206] - [0.08011390464799625, 0.036362053141035355, -0.050169147146558346, -0.06599027399227685] - [-0.04233932485386135, 0.23095703591750888, -0.040409676561033996, -0.1477224015375729] - [0.06805941095037425, -0.2935508306183724, 0.14168960902954864, 0.08347741716912271]
B1: -4.3109336550001446e-05 - 1.811110124112814e-05 - 1.4424036305362379e-05 - -4.2637909463603296e-05
B2: -0.0002496322274791578 - 0.00011466599627228495 - -3.083110358587199e-05 - -0.00015857969520623367
