Number: 7222
Error: 1.0575487335202889e-15
A1: [0.08043171208930944, -0.18046778334892805, -0.01958882960138112, 0.11962499913976193] - [0.03741561770987631, 0.1335964238625398, -0.13472614855732792, -0.03628578740217755] - [-0.001702835398112919, 0.2281901001218034, -0.1228283990065277, -0.10365892660540821] - [0.03886326577963663, -0.11448098728988947, -0.04641641006524615, 0.12203425928396068]
A2: [0.03530742684681175, -0.029273492056290304, -0.07569736536771605, 0.06966339077418605] - [0.10289371884451332, 0.2828966691688442, -0.3926064270332496, 0.006815962677217776] - [-0.01118697509104643, 0.5390147163320284, -0.35945089727237467, -0.16837633295381318] - [0.09786285930068808, 0.017463376660771406, -0.16885095350033238, 0.05352494125122189]
B1: -4.1097074082016246e-08 - 3.7965624384444336e-08 - -4.9388569698800026e-09 - -2.575430722088638e-08
B2: 3.879918063107792e-09 - 7.767563188859112e-10 - -2.983622673154991e-08 - 7.750876870717548e-09
