Number: 3878
Error: 8.357971673152774e-16
A1: [0.06621314982320085, -0.11395211085600951, -0.02398398211368389, 0.07172283634453855] - [0.037402556246529745, 0.18819331604464315, -0.14740900171506044, -0.07818706511856728] - [-0.060229458591970035, 0.3289507163115785, -0.12775319507812993, -0.14096840714456402] - [0.039046107998779986, -0.053322734606000434, -0.03741863986796629, 0.05169507134449327]
A2: [-0.009108607495870762, -0.3468032191076451, 0.24945505836048337, 0.10645664664411883] - [0.08003981944311254, 0.03628225016067643, -0.050250119171315326, -0.0660719664651866] - [-0.04245286370863756, 0.23083184225017672, -0.04053129296583359, -0.14784788791244693] - [0.06813474868512677, -0.2934678853485907, 0.14177120804287235, 0.08356182671341357]
B1: -1.8218377428683804e-08 - -2.411538690918693e-08 - -7.671652660980366e-09 - 9.236794452825565e-09
B2: 5.77459219789619e-10 - -9.718954587484363e-09 - -6.070667002805238e-08 - 4.4969372557332376e-08
