Number: 9433
Error: 2.7015419770286323e-12
A1: [0.053169565159454306, -0.14800425705628217, -0.027002029058748583, 0.1218248355344886] - [0.005315417771529688, 0.1308383940150034, -0.11359904602883006, -0.022548062919590137] - [-0.014446165064759858, 0.22308993164755056, -0.12704286681731353, -0.08160762218389672] - [0.027147947308662226, -0.10001855066750572, -0.049423017882470006, 0.12229961164682393]
A2: [0.08924580388306731, -0.0729220077076655, -0.12363588312880149, 0.10727761899296455] - [0.10885141038945406, 0.24982386443783058, -0.4048357996692356, 0.04619932458129625] - [0.03662088100325222, 0.4625401467135964, -0.37773213445251297, -0.12148847465278444] - [0.14341080799103617, -0.04462219048286469, -0.20151479206606376, 0.10266400526073442]
B1: -3.21101127837717e-06 - -3.4797236935109233e-06 - -1.3714363951737537e-06 - -1.3238827651377189e-06
B2: -1.6862275200880134e-06 - -7.385486065845978e-07 - -8.835558488876263e-07 - -1.4585284804493555e-06
