Number: 5910
Error: 7.3877248611189425e-09
A1: [0.08049388259827014, -0.18040570271896647, -0.019526722276886545, 0.1196871681520536] - [0.037244171040913834, 0.13342502978797263, -0.13489726297064003, -0.0364571365511469] - [-0.0015415270601922318, 0.22835143591476106, -0.1226672518994821, -0.10349762460096668] - [0.03934322518599942, -0.11400232161120086, -0.04593663819333195, 0.12251397473456675]
A2: [0.03523956810683222, -0.029341476030841165, -0.07576189579212529, 0.0695923088090069] - [0.10241518897400084, 0.28241407829756715, -0.39306934543133554, 0.006314722652474921] - [-0.011795828235448952, 0.538402319139767, -0.36002718938241274, -0.16901802524271628] - [0.09754743262527449, 0.01714658737138517, -0.16915122768444374, 0.05319375582691293]
B1: -2.7867435918222894e-05 - 0.00013528390867809507 - -2.9600236909887203e-05 - -2.252532185728873e-05
B2: -0.000275584969308622 - -0.00011649338250770236 - 0.00020868093141305745 - -3.97231627509198e-05
