Number: 2799
Error: 2.8720326850210914e-09
A1: [0.06346244429169597, -0.047844418760852825, -0.023416101874532535, 0.007882786148568374] - [0.04367620227092572, 0.19128470620960641, -0.14254955344012454, -0.09249615765836428] - [-0.12322480125277194, 0.41508067897960244, -0.10463780143566298, -0.18685217493720777] - [0.03714726949578952, 0.019311189608001662, -0.03298901773482667, -0.02290882980494984]
A2: [0.06356479760150431, -0.17356305117960558, 0.08644726924560772, 0.024080059481806793] - [0.02948136214559915, 0.20048731615465049, -0.10151935816913994, -0.12768563972251173] - [-0.0931926143310298, 0.5138952282827827, -0.2253882842972656, -0.1948875545684339] - [-0.02599948996784131, 0.018448975119093894, -0.050360242057437256, 0.056906372482956345]
B1: -4.830085219241959e-05 - 6.560096253083471e-05 - 4.073369140422785e-06 - 0.00011762577953424271
B2: 4.608149209774521e-05 - 3.183437822883262e-05 - 0.00010539991210034328 - 7.775767651074699e-05
