Number: 1373
Error: 9.985560093730638e-10
A1: [-0.007288649590199381, -0.015095782187268016, 0.0028920530274183284, 0.019350936218329205] - [0.0668550182725578, 0.18991163325732305, -0.14670591604599434, -0.10983086525021253] - [-0.1126694318698179, 0.44170291534448086, -0.07087708070617076, -0.2581908621375952] - [-0.023725294427624388, 0.014994377692166388, -0.03029805856134807, 0.03853580783651185]
A2: [0.13156153434920315, -0.22465275945399615, 0.02264244652719482, 0.07013644755827889] - [0.032580121101422686, 0.20368417556066135, -0.11495415881966717, -0.12152215316496155] - [-0.09482115607676254, 0.5553446113192931, -0.23539730911191575, -0.22583020536466855] - [-0.020921991624912595, -0.019369151088934205, 0.00802419838502076, 0.03209075411606903]
B1: 3.1339982444258236e-05 - -3.331772446042705e-05 - 5.7215498627747895e-06 - 3.171554265181936e-05
B2: 8.706141108453017e-05 - -2.6672770957479834e-05 - 2.120629800110361e-05 - 3.289240353354387e-05
