Number: 5719
Error: 0.03145317752994942
A1: [-0.3788948691127805, -0.6130108487455249, -0.4850177634048487, -0.3390726803740939] - [-0.4598137482523874, -0.35470395255284887, -0.6460302178950251, -0.5383035146021691] - [-0.29339729740753195, -0.005153526295844341, -0.4089344278219308, -0.38635997606724803] - [-0.4646269182507852, -0.5529390450229853, -0.5362456279212027, -0.36838177970702213]
A2: [-0.45476164167592614, -0.5121229632050692, -0.3473498666866024, -0.7257273697740698] - [-0.1908328344748513, -0.00622098005637825, -0.45416911164171975, -0.6205442014764461] - [-0.526190417027142, 0.02980501337937097, -0.6569624997321142, -1.0126222007214734] - [-0.3732852734043226, -0.44675810784084474, -0.41681470121621583, -0.7407230050567829]
B1: -0.4726842207277488 - -0.6638339383838588 - -0.5050749628884077 - -0.5115751480710026
B2: -0.5878866304971672 - -0.5273811596326989 - -0.7137956423113441 - -0.5308405894171944
