Number: 1404
Error: 1.0747825566217277e-09
A1: [-0.007285013649111209, -0.015092107843040183, 0.0028958247819774684, 0.019354669718072544] - [0.06679883852102621, 0.189857586681658, -0.14676396082964158, -0.1098933682861518] - [-0.11282763274512947, 0.44154778768968955, -0.0710419496300452, -0.2583621762003759] - [-0.023524341564270617, 0.015191820096691289, -0.030092934581750042, 0.03874791856251357]
A2: [0.13145543088656841, -0.22475714157942367, 0.02253810861855528, 0.07003272326660061] - [0.03267758282502109, 0.20378008484786644, -0.11485708668875286, -0.12142679472825714] - [-0.0949431699085044, 0.5552244924692128, -0.23551725720062905, -0.22595015776613725] - [-0.020804281688065397, -0.019253028023398056, 0.008140955747405023, 0.03220389616956662]
B1: -5.198919486378092e-05 - -1.5182954423819712e-05 - -5.1798380648308176e-05 - 9.116292242977534e-06
B2: -5.2130792804860516e-05 - -4.2597013338893384e-05 - -2.245407147886988e-06 - -1.880659738096415e-05
