Number: 3822
Error: 1.0314700993160871e-15
A1: [0.06621319463564695, -0.1139520670449807, -0.02398393733640638, 0.07172288108177687] - [0.03740263871674769, 0.18819339483932593, -0.14740892064051953, -0.07818698403685533] - [-0.0602292264682384, 0.3289509392535518, -0.12775296793559107, -0.14096818122372864] - [0.03904607417336204, -0.053322766711806927, -0.037418672592920726, 0.05169503888525902]
A2: [-0.009108588446903328, -0.3468031988996566, 0.2494550775635822, 0.1064566666159272] - [0.0800397976790661, 0.03628222671455658, -0.05025014295819678, -0.06607199045403346] - [-0.04245284342134721, 0.23083186464050626, -0.04053127122516563, -0.14784786547543896] - [0.0681347521360904, -0.2934678815489213, 0.14177121178405505, 0.08356183058260412]
B1: 5.591864312267242e-10 - 2.7404715019235676e-08 - 2.423261422802692e-09 - 7.426425662864902e-09
B2: 3.351099913018692e-09 - 8.450876136140129e-09 - -2.0950785105368974e-08 - 3.928122840648883e-08
