Number: 6728
Error: 1.0154272648357072e-15
A1: [0.08043166718202889, -0.18046782825112176, -0.019588874454966224, 0.11962495423761094] - [0.037415575547244284, 0.13359638173181812, -0.1347261906359526, -0.036285829541454255] - [-0.001702835078069309, 0.22819010044183313, -0.12282839868696244, -0.10365892628545581] - [0.0388632165890158, -0.11448103634245854, -0.04641645922451623, 0.12203421012391612]
A2: [0.03530743076128451, -0.02927348813099196, -0.07569736164587508, 0.06966339487110369] - [0.1028937543664472, 0.28289670499225084, -0.392606392676903, 0.006815999873862707] - [-0.011187122428125456, 0.5390145681161621, -0.35945103673016376, -0.16837648820798418] - [0.09786279163676828, 0.017463308689074173, -0.16885101791201618, 0.053524870226151586]
B1: -4.644986677841594e-09 - 8.655792693667762e-10 - -1.0185101593842996e-08 - -6.841034349276028e-09
B2: -7.290320171669396e-09 - -4.62137490511865e-09 - -6.292899461251545e-09 - -4.699845792013345e-09
