Number: 8139
Error: 1.1416419072625006e-15
A1: [0.08043170172690377, -0.18046779371018692, -0.01958883995144123, 0.11962498877851635] - [0.037415571984003825, 0.13359637817131123, -0.13472619419197107, -0.036285833102659724] - [-0.001702806032609432, 0.22819012948666614, -0.12282836968403534, -0.10365889724774714] - [0.038863233453311344, -0.11448101952550396, -0.04641644237098106, 0.12203422697772229]
A2: [0.03530748111233045, -0.029273437640632588, -0.07569731377264796, 0.06966344756885073] - [0.10289374890965497, 0.28289669948915425, -0.3926063979546155, 0.006815994159790078] - [-0.011187161503430673, 0.5390145288077427, -0.35945107371590146, -0.16837652938289477] - [0.09786273209383949, 0.017463248875283888, -0.1688510745931433, 0.05352480772557285]
B1: 2.1499985064293168e-08 - -4.816381258281945e-09 - -3.1682239692594216e-09 - 1.722392912216389e-08
B2: 1.676749553464401e-08 - -3.6391825612427095e-09 - 6.104157851459383e-09 - 9.886560221136172e-09
