Number: 6041
Error: 9.56579198571905e-14
A1: [0.08043364639625923, -0.180465849261871, -0.019586897608055428, 0.11962693322508769] - [0.03741811743223262, 0.13359892168931423, -0.13472365382107046, -0.036283289068027295] - [-0.0017007266098357223, 0.22819220886967487, -0.12282629330183986, -0.10365681837753235] - [0.03886558023078684, -0.11447867933225697, -0.04641409708756169, 0.12203657229728343]
A2: [0.03530633788974229, -0.02927458402710688, -0.07569840072857113, 0.06966225106412707] - [0.10289185217806185, 0.2828947866592686, -0.39260823244845283, 0.006814008003405809] - [-0.011186512016888108, 0.5390151821710207, -0.35945045896226074, -0.16837584499541214] - [0.09786358254068264, 0.01746410319171549, -0.16885026502159037, 0.053525700419379]
B1: -3.8542239338177296e-07 - 5.782810948861512e-07 - 2.8672755754183677e-07 - 1.6767349030738335e-08
B2: -8.188557113318086e-07 - -1.2811366307475189e-06 - 2.748586591276631e-06 - 1.6065377077540918e-07
