Number: 6411
Error: 1.3442386269765026e-15
A1: [0.0804316978909911, -0.1804677975456374, -0.019588843782722864, 0.11962498494306595] - [0.03741559519202132, 0.13359640136172593, -0.1347261710303179, -0.036285809907558815] - [-0.0017028083758810883, 0.2281901271434542, -0.12282837202387169, -0.10365889959039458] - [0.03886322806388173, -0.11448102489979702, -0.04641644775696137, 0.12203422159165081]
A2: [0.03530742196605128, -0.029273496950552126, -0.07569737000826415, 0.0696633856659314] - [0.10289375487075089, 0.28289670550083446, -0.3926063921891473, 0.006816000401942743] - [-0.011187090157907668, 0.5390146005788619, -0.3594510061857167, -0.168376454203712] - [0.09786281280362791, 0.017463329952215757, -0.16885099776254353, 0.053524892444471915]
B1: -2.4657075001664525e-09 - 4.355765384034076e-09 - 7.317807495577245e-09 - 7.442268882333538e-10
B2: 6.3622464159416706e-09 - 4.175947785800017e-09 - 3.5662335920401203e-09 - -4.00008040120944e-09
