Number: 4660
Error: 9.889405018116595e-16
A1: [0.06621312737241533, -0.11395213280512287, -0.0239840045468726, 0.07172281393140076] - [0.03740255593702213, 0.18819331574892045, -0.147409002019328, -0.07818706542288027] - [-0.06022943996472066, 0.3289507342019146, -0.12775317685067228, -0.14096838901495604] - [0.03904606962471112, -0.053322771029228735, -0.03741867699360391, 0.05169503452027797]
A2: [-0.009108652011761744, -0.3468032663319459, 0.24945501348423782, 0.10645659997162622] - [0.0800397413345288, 0.03628216601542341, -0.05025020453945301, -0.0660720525582143] - [-0.042452895020721255, 0.23083180769238704, -0.04053132652086967, -0.14784792254220047] - [0.06813470548175547, -0.29346793291730094, 0.14177116120605185, 0.08356177827460023]
B1: -9.733827966737758e-09 - -5.839394265745004e-09 - -1.072502800945905e-08 - -8.68467470042024e-09
B2: 2.178672470251521e-08 - 7.383062657899092e-09 - -2.7780443504578172e-08 - 1.1311332934379595e-08
