Number: 6076
Error: 1.2815929127629265e-14
A1: [0.08043282911373305, -0.1804666664512073, -0.01958771391269143, 0.11962611603646996] - [0.037416821751734705, 0.13359762699276678, -0.13472494691483172, -0.03628458402757041] - [-0.0017016398012443133, 0.22819129569333851, -0.12282720516005792, -0.10365773132749219] - [0.03886406929187333, -0.11448018603259806, -0.04641560706497087, 0.12203506229685021]
A2: [0.03530756792467368, -0.02927335058836939, -0.07569723123202071, 0.06966353842781577] - [0.10289358605294581, 0.2828965352501809, -0.3926065554671295, 0.006815823624995974] - [-0.01118706551849912, 0.5390146253652571, -0.3594509828634519, -0.16837642824016769] - [0.09786233872915714, 0.01746285372129199, -0.1688514490501166, 0.053524394820374514]
B1: -1.6688049268392975e-07 - -7.499028031727262e-09 - -1.7490201680662865e-07 - 5.282750367246419e-08
B2: 2.826451846819523e-07 - 4.970823056752902e-07 - -6.127828650358516e-07 - -1.4710487478895067e-07
