Number: 5350
Error: 9.075078247717688e-16
A1: [0.06621312815854714, -0.11395213203652961, -0.02398400376132724, 0.0717228147162293] - [0.03740253059607722, 0.18819329153745148, -0.14740902693133467, -0.07818709033710071] - [-0.060229532172728285, 0.32895064564070225, -0.12775326708021525, -0.1409684787591438] - [0.03904595034413198, -0.053322884245928605, -0.03741879239357524, 0.05169492005721747]
A2: [-0.009108198505059817, -0.3468027852334366, 0.24945547065989868, 0.10645707544768937] - [0.08003975537296279, 0.03628218113894486, -0.05025018919603546, -0.0660720370845641] - [-0.04245278411724506, 0.23083193009206013, -0.04053120767252052, -0.147847799887409] - [0.06813480263690284, -0.29346782594549337, 0.14177126653133262, 0.08356188720323762]
B1: 3.316904907555174e-08 - 6.768813994359876e-08 - -3.999940733032229e-08 - -5.194419793424088e-08
B2: 6.404103772938018e-09 - 1.1749992652344474e-08 - 1.0518157861844319e-07 - -1.0648334525206392e-07
