Number: 8450
Error: 1.0507660038148332e-15
A1: [0.0804316929637205, -0.1804678024723438, -0.019588848704135235, 0.11962498001635316] - [0.03741554486364385, 0.13359635107143156, -0.13472622125829867, -0.03628586020800743] - [-0.0017028277478474138, 0.22819010777189683, -0.12282839136747266, -0.1036589189571782] - [0.03886324386573435, -0.11448100914225817, -0.04641643196517144, 0.1220342373837055]
A2: [0.03530750284616476, -0.029273415846712014, -0.07569729310832259, 0.0696634703155749] - [0.10289381038665961, 0.282896761487932, -0.3926063384947774, 0.006816058535091946] - [-0.01118702396591348, 0.5390146671655781, -0.35945094353336254, -0.16837638445512734] - [0.09786286643005716, 0.017463383822533866, -0.1688509467135083, 0.053524948734584424]
B1: 2.0569317767996537e-08 - 2.0916049281121503e-08 - 1.9462069249558298e-08 - 1.88131541048662e-08
B2: 1.8582123686681487e-08 - -3.242870248531103e-10 - 9.683224352766353e-09 - 2.7187345776643134e-08
