Number: 1613
Error: 4.2318268135868647e-07
A1: [-0.006894927557803361, -0.014697201389963095, 0.0033028100846150083, 0.019747305149460916] - [0.06581631424933636, 0.18891254119999518, -0.14778029931817296, -0.1109853611492412] - [-0.11329112244672027, 0.441092793805783, -0.07152122774865188, -0.25886397228940294] - [-0.023344269896163287, 0.015367580718536956, -0.02990881460468394, 0.038932928068094064]
A2: [0.13131617620332586, -0.22489860310638332, 0.022397420071980496, 0.06989339105398379] - [0.032509922398566024, 0.20361508967991304, -0.11502326629450008, -0.12159047169375177] - [-0.09482215893454544, 0.5553439349967507, -0.23539844805114182, -0.22583194563484227] - [-0.021233100941127098, -0.01968805728423723, 0.007706698044758736, 0.03178632677890078]
B1: -0.0003185815098499114 - -0.0005467465992242527 - -0.000503194802389721 - -0.00023282926051188695
B2: 9.30197259775435e-05 - 0.000519688346186235 - 0.00020194632575026118 - 8.472909853167557e-05
