Number: 1102
Error: 3.2614195865582463e-06
A1: [-0.00837692328942326, -0.01612346616955829, 0.0018552286354371196, 0.018113106554986227] - [0.0642257920473399, 0.18732976002866167, -0.1494761734822325, -0.11270306170648216] - [-0.11948375983982758, 0.4351258303844905, -0.0779581186551349, -0.2658374328246132] - [-0.01984514042541597, 0.01889315881978893, -0.02606065260719547, 0.0426415158315083]
A2: [0.13157453042436562, -0.22463430571551796, 0.02275637557115911, 0.0701110004387482] - [0.015327332863255886, 0.18676953332591792, -0.13208140449716713, -0.13847936471413952] - [-0.09283832206622072, 0.5574070646742008, -0.23334069678807695, -0.22403360029757677] - [-0.014194336412067333, -0.012887885047112638, 0.014995827649485788, 0.038325750277938775]
B1: -0.0026647892001502283 - 0.0009268792425805759 - -0.0003852665736017812 - -0.0029826406774933786
B2: -0.0008325366930486182 - -0.0038622578019187753 - 0.0040755854707014046 - -0.0029758541075023473
