Number: 5055
Error: 1.2225193747452576e-15
A1: [0.06621322062591758, -0.11395204163547834, -0.023983911366524408, 0.07172290702842701] - [0.03740260191779906, 0.1881933596804592, -0.14740895681667693, -0.07818702021623648] - [-0.06022944696734452, 0.32895072747623144, -0.12775318370302496, -0.14096839583044063] - [0.03904620542352861, -0.05332264213393993, -0.037418545612620105, 0.051695164834464714]
A2: [-0.009108601368712043, -0.34680321260755975, 0.2494550645371247, 0.10645665306823042] - [0.08003984168712563, 0.03628227412388818, -0.05025009485978273, -0.06607194194725302] - [-0.04245280079206144, 0.23083191168884007, -0.04053122554178883, -0.14784781832905133] - [0.0681347786109294, -0.2934678523989713, 0.14177124048510747, 0.08356186026578247]
B1: 7.250969576879409e-09 - 1.8364755467232304e-09 - 5.805018179360482e-09 - 8.056243134797549e-09
B2: 1.9652150682922386e-08 - 1.5537959828517598e-08 - 1.4592225120936163e-08 - 6.580172086046476e-10
