Number: 2810
Error: 4.06522341275644e-09
A1: [0.06346744484318725, -0.04783939723680536, -0.023411119578390437, 0.007887797092479776] - [0.04372283887564795, 0.1913298238871636, -0.14250143377094152, -0.09244465930162436] - [-0.123353313507057, 0.4149521120958647, -0.10476735711010965, -0.18698173364875179] - [0.03693666893450493, 0.01909990178112188, -0.03319977503727939, -0.023118884647959033]
A2: [0.06403488461591825, -0.17309520141148027, 0.08691553355719454, 0.024543896410751723] - [0.029519451653742125, 0.20052483920837885, -0.10148136288523484, -0.12764832519706373] - [-0.0932005088515973, 0.5138874642602375, -0.2253961294676248, -0.1948951195645794] - [-0.02527128376951859, 0.019173123911221217, -0.04963078132809771, 0.05761602427190545]
B1: 9.015246873753949e-05 - 0.00014677779871388047 - -7.057053233312674e-05 - -0.0001465438536881074
B2: 4.97645617418971e-05 - 0.00016011577743196723 - 2.863683802802141e-05 - 2.057490486677768e-05
