Number: 2003
Error: 0.00023685093327727142
A1: [0.007599665807102109, -0.0007171896531391695, 0.01582731771733342, 0.03392247167905934] - [0.04867124176173139, 0.17242476333861184, -0.16554247512027312, -0.13005781934652264] - [-0.15688680880847328, 0.39840411353565713, -0.1172075054951995, -0.3049465594726267] - [-0.04204375641742111, -0.0026066292929384574, -0.04890686565107055, 0.020881255489833234]
A2: [0.13016341191449765, -0.22756690617304776, 0.021343100087427055, 0.06910358952392985] - [0.024255582092095725, 0.1944832275986659, -0.12370813475990439, -0.13030422223463012] - [-0.07505066731543594, 0.5724782509710075, -0.21648217460464106, -0.20764606055268311] - [0.0024630301550271506, 0.0016178315294034604, 0.03036965375340081, 0.053759805207908844]
B1: 0.0005963924518831432 - -0.004243695976206606 - -0.010524360089812201 - -0.0022681308576785256
B2: 0.0011905986255258405 - 0.009993462008530475 - 0.018340077446073258 - 0.010399096190116653
