Number: 6129
Error: 8.873041344756343e-16
A1: [0.0804315882246975, -0.18046790719951497, -0.019588953317887337, 0.11962487528929715] - [0.03741551730941702, 0.13359632353806217, -0.13472624875774047, -0.0362858877470202] - [-0.0017028801318092772, 0.22819005538906717, -0.12282844367473869, -0.10365897132717357] - [0.03886299053578301, -0.11448126176129782, -0.046416685133705476, 0.12203398421117742]
A2: [0.035307419471015004, -0.029273499452491736, -0.0756973723805051, 0.06966338305460447] - [0.1028936532948761, 0.2828966030628643, -0.392606490431984, 0.006815894037121691] - [-0.011187074599384622, 0.5390146162301884, -0.35945099145924886, -0.16837643780914477] - [0.09786276148613356, 0.017463278401290857, -0.16885104661344358, 0.053524838577780606]
B1: -4.092860321019556e-08 - -1.6134280933416088e-08 - -4.960306202599867e-08 - -1.1521920358388064e-08
B2: 1.0205003516196784e-07 - 1.1527419759603594e-07 - -2.5418200560970843e-07 - -2.1871860832082783e-08
