Number: 424
Error: 2.463021820714545e-12
A1: [-0.012163992080136824, -0.01452805522486352, 0.018075569606282413, 0.008571772326994673] - [0.06584538037089568, 0.18950501997831723, -0.14531208121386283, -0.10999726542082947] - [-0.09627549983926126, 0.42180307575798076, -0.05343826261980991, -0.2720152589105648] - [-0.0013047998795358037, -0.018203183107606147, -0.00381733312475849, 0.023396047001047086]
A2: [0.1615963916027987, -0.1677452847836398, 0.008510810176782223, -0.0023236413114950437] - [0.035480579436062185, 0.20751166033453272, -0.11721554671551096, -0.12579706177786332] - [-0.08620967660223158, 0.5815419107488088, -0.2353849624413087, -0.25993179588713705] - [-0.0038294582238654067, -0.004513872160468774, 0.0011157099430985605, 0.007248663840367077]
B1: 3.5836514219093576e-06 - 4.748173160195063e-06 - -2.468295742610825e-06 - 3.3205324788064432e-06
B2: 3.5339431075630973e-06 - 1.295778957542808e-06 - 2.059237565210783e-06 - 2.4883650414646872e-06
