Number: 4269
Error: 1.0085113247461884e-15
A1: [0.06621321588041865, -0.11395204627495678, -0.02398391610829649, 0.07172290229089964] - [0.03740261890858431, 0.1881933759139797, -0.14740894011344857, -0.07818700351151048] - [-0.0602293159215449, 0.3289508533386274, -0.12775305546927945, -0.1409682682865869] - [0.03904613035103725, -0.05332271339007945, -0.03741861824290303, 0.05169509279395101]
A2: [-0.00910859515170613, -0.3468032060123803, 0.24945507080452747, 0.10645665958632272] - [0.08003987018157234, 0.0362823048205323, -0.050250063717076014, -0.06607191054005944] - [-0.042452859525816594, 0.2308318468666231, -0.04053128848333176, -0.1478478832863587] - [0.06813469706183906, -0.2934679421880391, 0.14177115207826327, 0.08356176883420773]
B1: -2.394537346907438e-08 - 3.262260026961803e-08 - -6.662016011872243e-09 - -2.0058293660425422e-08
B2: 1.0265330821653128e-08 - -1.0098548161903725e-08 - 3.91930945421635e-09 - -1.5058663166510032e-08
