Number: 9687
Error: 2.124632180481067e-15
A1: [0.05317226155266389, -0.14800155966993603, -0.026999335590860384, 0.12182753325524533] - [0.005313121754262056, 0.13083609557791032, -0.11360134174599856, -0.02255036228197429] - [-0.014444345111068466, 0.22309175234271542, -0.1270410482359801, -0.08160580148653686] - [0.027146549362750988, -0.10001994877183769, -0.049424418944872775, 0.12229820989745704]
A2: [0.08925503133544939, -0.07291280159362692, -0.1236268636089037, 0.10728696013374883] - [0.10884210351323474, 0.24981455589136667, -0.4048449222406894, 0.046189861107330976] - [0.03663581621144789, 0.46255500430191626, -0.37771756296367126, -0.12147338442959126] - [0.1434272103974805, -0.0446058490203355, -0.2014987766126898, 0.10268065122199657]
B1: 1.0743617436016403e-07 - 2.404634932028948e-09 - 1.6572570123809404e-10 - -2.451481861800345e-08
B2: -2.336835931060194e-07 - 1.5585434519974037e-07 - 2.967748624941864e-07 - -1.1765183717383402e-07
