Number: 2710
Error: 2.7490083083597008e-09
A1: [0.06319103519390211, -0.04811552401783459, -0.023685636811703402, 0.007613387413277644] - [0.04370341160207795, 0.19131082111193723, -0.14252162460480777, -0.09246644931617999] - [-0.1230456627331024, 0.4152606437512443, -0.10445432309137846, -0.1866689743355222] - [0.036981524003340975, 0.019145807248515376, -0.03315310792175642, -0.023072402065456406]
A2: [0.06354914817410802, -0.17357762253566944, 0.08643525454900222, 0.024066635168562354] - [0.02904105793831104, 0.20005339829934257, -0.1019580805393701, -0.12811664449938054] - [-0.09363326321526658, 0.5134632402715233, -0.22583059763581942, -0.19531416402815394] - [-0.026106972096367052, 0.018342681167870436, -0.050469869222067, 0.056802312857831924]
B1: 2.7055079839191523e-06 - -6.0057145950998464e-05 - -7.485970946068478e-05 - -6.124812154253151e-05
B2: -0.0001071282698488028 - -4.622488558375285e-05 - -7.199293709645554e-05 - 6.820671178079152e-05
