Number: 6791
Error: 9.839068256763347e-16
A1: [0.08043164442771501, -0.1804678510028576, -0.019588897182073576, 0.11962493148589554] - [0.037415549435243466, 0.13359635563958103, -0.13472621669592516, -0.0362858556389908] - [-0.0017028599006148437, 0.22819007561981755, -0.12282842347316442, -0.10365895110137692] - [0.038863190796833404, -0.11448106206225761, -0.046416485000264116, 0.12203418434776367]
A2: [0.03530738881812347, -0.029273530190163002, -0.0756974015248928, 0.06966335097303009] - [0.10289367949738774, 0.2828966294877684, -0.39260646508927505, 0.006815921475009344] - [-0.011187128429242937, 0.5390145620792497, -0.3594510424103518, -0.1683764945315722] - [0.09786276036500528, 0.017463277275065733, -0.1688510476807076, 0.053524837400976244]
B1: 1.540236257845866e-08 - 1.7552048604181816e-09 - 1.842795764264272e-08 - 1.616692110379654e-08
B2: 1.2331516515062824e-08 - 1.039584181243217e-08 - 8.997974870170046e-09 - 1.1462437153408087e-08
