Number: 7350
Error: 1.1305166905534688e-15
A1: [0.08043165823663335, -0.18046783719550555, -0.019588883389664413, 0.11962494529323756] - [0.037415579540830884, 0.1335963857223835, -0.13472618665031824, -0.03628582555007795] - [-0.0017028598392933962, 0.2281900756811371, -0.12282842341192986, -0.10365895104006845] - [0.03886321994012964, -0.11448103300075395, -0.046416455875542245, 0.12203421347294481]
A2: [0.03530737708460997, -0.029273541956126057, -0.07569741268101261, 0.06966333869267159] - [0.10289370264669667, 0.28289665283355636, -0.39260644269957157, 0.006815945715746154] - [-0.011187085613844057, 0.5390146051500134, -0.35945100188463974, -0.168376449415504] - [0.09786276944028269, 0.017463286391624953, -0.16885103904165624, 0.05352484692708803]
B1: -2.2215655098795724e-08 - -9.83462529942574e-09 - 8.112269758055494e-09 - -6.446376152744033e-10
B2: -1.3733758306233436e-08 - -5.755289413678914e-10 - -2.32836336906922e-08 - -1.5393583508036101e-09
