Number: 2471
Error: 7.206752297924216e-07
A1: [0.06202390174210634, -0.04930875113832684, -0.024848444363443835, 0.006441477062754538] - [0.04223796259550663, 0.1898837073721349, -0.14405204667857593, -0.09409515577740392] - [-0.1297437457313797, 0.40852815733456543, -0.1112272119730556, -0.1934293411852362] - [0.03546050418294993, 0.017602273240042123, -0.03468970051016247, -0.024616870966928196]
A2: [0.06721575530341552, -0.16993503152380296, 0.09004503023459472, 0.027697638887654717] - [0.030189530336258433, 0.20118277422470027, -0.1008167044618955, -0.1269941922830469] - [-0.09381686754508967, 0.5133281856661428, -0.22600306648159219, -0.19547045004713096] - [-0.02615802912233735, 0.01831866364768971, -0.050506752664816086, 0.05677701075502851]
B1: -0.00027957519579403626 - 0.0006650050484389875 - 0.0006574786130908569 - 0.0007568997774473422
B2: -0.0020749898467514105 - -0.00014465423062071136 - 0.0003055134142323397 - 0.0004390479675056572
