Number: 6669
Error: 1.2562144843556716e-15
A1: [0.08043167480570632, -0.18046782062830785, -0.019588866840404354, 0.11962496186041773] - [0.037415577258139314, 0.1335963834414183, -0.1347261889284666, -0.03628582783150697] - [-0.001702852142451475, 0.22819008337781516, -0.12282841572636019, -0.10365894334528403] - [0.03886322527528638, -0.11448102768056502, -0.046416450543780415, 0.12203421880478814]
A2: [0.03530742498742035, -0.02927349392082587, -0.07569736713559032, 0.06966338882812734] - [0.10289376922827387, 0.28289671998021176, -0.39260637830274003, 0.006816015436369262] - [-0.011187216248818197, 0.5390144737358676, -0.35945112553346836, -0.16837658707014858] - [0.09786275648522831, 0.017463273377641544, -0.16885105137399992, 0.053524833328470016]
B1: 1.750717022506695e-09 - 2.5463915491993206e-08 - -3.2619147799341776e-08 - -1.1315625832795673e-08
B2: -1.2282914160684215e-09 - 2.3213042201946915e-09 - -1.1809688162525482e-08 - 7.591610745591674e-10
