Number: 3649
Error: 2.1751790251574717e-13
A1: [0.06621007533397764, -0.11395511663395533, -0.02398705418821766, 0.07171976701478575] - [0.037403085536273514, 0.18819382174361876, -0.1474084813828894, -0.07818654474027888] - [-0.060229994064523854, 0.32895020202468056, -0.1277537190550299, -0.1409689283065107] - [0.03904887611051761, -0.05332010722596097, -0.03741596181660889, 0.05169772765388863]
A2: [-0.009109959185088818, -0.34680465305140223, 0.24945369572820827, 0.10645522945366782] - [0.08004025712424141, 0.03628272167047419, -0.0502496408096506, -0.0660714840365989] - [-0.04245318612082355, 0.2308314864108819, -0.04053163847928791, -0.14784824448978845] - [0.06813357962559982, -0.2934691725450294, 0.14176994066203588, 0.08356051596540019]
B1: -2.7534228723539645e-07 - -3.9575611182294446e-07 - -8.003137326250362e-07 - -5.095507698190573e-07
B2: -4.602585543634769e-07 - 8.791589238726025e-07 - -2.605393443822797e-07 - -1.998377002902824e-06
