Number: 1816
Error: 4.790470012909103e-08
A1: [-0.008518071218984064, -0.01632634030350007, 0.0016577091559992795, 0.01806514069641535] - [0.06725630359721119, 0.19030340738031928, -0.1462935250639209, -0.10938342829040368] - [-0.11279624873392118, 0.44160285363702245, -0.07105039932590924, -0.2583219912223553] - [-0.023672451715917676, 0.015080867249255647, -0.0303141283367572, 0.03859858442213937]
A2: [0.13252078217122387, -0.22373655711030585, 0.023597034860004078, 0.07107758667523777] - [0.03194465711187087, 0.20306979703442368, -0.11558469086078924, -0.12213632648490985] - [-0.09520465035921516, 0.555005899639758, -0.23568801927781197, -0.22608123886433626] - [-0.020161975623257278, -0.01866082803621181, 0.0087700779517427, 0.03280196316861833]
B1: -0.00015949919703532633 - -0.00037223858829156775 - 0.0003534708853437335 - -0.00023301173560719114
B2: -0.0002454613648279914 - 0.0004885166330735847 - -0.0001395627464515612 - -7.899425766073178e-05
