Number: 2571
Error: 1.029100960917993e-08
A1: [0.06357487418548476, -0.047726929848124516, -0.02330223359210729, 0.007996495532833015] - [0.04370031227513692, 0.1913082752399103, -0.14252500271189522, -0.09247049711371813] - [-0.12302987951830495, 0.41528393222537857, -0.10443203004857068, -0.18664646286555373] - [0.03731532805369171, 0.01948687761701339, -0.032817010262259895, -0.022738004906296586]
A2: [0.06301153705633078, -0.17411876533074996, 0.08590096598470387, 0.023533804542370564] - [0.029443765623840858, 0.20044988801909905, -0.10155667808750561, -0.12772281392370455] - [-0.0936214522172027, 0.5134729987213172, -0.22582180081077338, -0.19530348925544957] - [-0.02616864016107916, 0.01828234610276143, -0.050537687483501466, 0.05674002970958968]
B1: -6.924052854964191e-05 - 0.00013637570153242674 - -9.476459328148383e-05 - -9.895457695826464e-05
B2: -5.803491929148342e-05 - -0.000418204997801931 - 9.810512312783818e-05 - -3.447150514404804e-05
