Number: 5836
Error: 3.3161943239819377e-06
A1: [0.07659193488128367, -0.18433982175419947, -0.023397981484492188, 0.11579705501223077] - [0.0360175315765518, 0.13217431582737654, -0.13611436036258204, -0.03768205601028229] - [-0.005092165621224689, 0.22478432481424218, -0.12618803196014614, -0.10703523507097723] - [0.0343364119661831, -0.11902119437562224, -0.050894955393450764, 0.11753398787202432]
A2: [0.030549734603406507, -0.03406025419243405, -0.08021055112241061, 0.0647073493141934] - [0.08961654796095252, 0.26945237164746844, -0.4054507447105179, -0.007050379639496299] - [-0.0032376238331587263, 0.5470394377117174, -0.3519168902785494, -0.16001149213403987] - [0.09966482445076773, 0.019281498307089185, -0.16712836622863006, 0.0554170030206753]
B1: 0.0018582545333451087 - 0.0001281278530459824 - -0.0011481232862530493 - 0.00024027436352267616
B2: -0.0008751234052114846 - -0.0006322308660072314 - -0.0019118028726050782 - -0.0008894466267606314
