Number: 262
Error: 1.5293075848064158e-08
A1: [-0.014016926313131303, -0.016431679680970486, 0.016027610318641056, 0.006591996811805775] - [0.06499240712785397, 0.1886844368025332, -0.14619389227037285, -0.11094674463326934] - [-0.09771265621110684, 0.42041461622722726, -0.054995215343487135, -0.27368872334731764] - [-0.003000533063250643, -0.019833195462081954, -0.005620638254669201, 0.02143686383200975]
A2: [0.16087050847512535, -0.16845692149630676, 0.007800311397682377, -0.00303096695167769] - [0.03589442854671784, 0.2079190091736006, -0.11680334196396346, -0.12539219664100795] - [-0.0862429619763618, 0.5815093705447152, -0.23541912577854007, -0.2599651275763133] - [-0.004109449207371588, -0.004788994302422354, 0.0008384742784859971, 0.006980653608537704]
B1: 0.00010080136871286283 - 0.00021943274955046486 - -0.0002713987131645385 - 5.526544148978235e-05
B2: -0.00034360325503431685 - 0.0006423717009696005 - 0.0001646511003820697 - 4.2082845067278126e-07
