Number: 3663
Error: 2.7075351798220927e-14
A1: [0.0662129688559573, -0.1139522877767009, -0.02398416293792608, 0.0717226556807729] - [0.03740172794450592, 0.18819252465703307, -0.14740981600030978, -0.07818787947502684] - [-0.060229492080843834, 0.32895068414761963, -0.1277532278477591, -0.14096843973813242] - [0.03904642775778219, -0.053322431106019266, -0.0374183305131982, 0.051695378188884124]
A2: [-0.009107591639086268, -0.3468021414461037, 0.2494560824341743, 0.10645771170845268] - [0.08003927734972113, 0.03628166617153259, -0.05025071164863162, -0.06607256397096242] - [-0.04245340355653727, 0.23083124643949582, -0.04053187148897787, -0.14784848496442227] - [0.06813527336683799, -0.2934673076542179, 0.1417717768467447, 0.08356241497339119]
B1: 6.404148797491166e-08 - -1.7537581538751528e-07 - 4.6313893267639074e-07 - 2.147338414495046e-07
B2: 3.443480583299242e-07 - 4.1697108315353533e-07 - -9.481183622521188e-08 - 8.51097632940779e-08
