Number: 1686
Error: 1.1238786153739563e-07
A1: [-0.008594889076696427, -0.016420214582976402, 0.0015342649067221115, 0.017997706935552426] - [0.06746214378761789, 0.1904955024440373, -0.14607918783415125, -0.10915584724911614] - [-0.1138934207921334, 0.4404863792622043, -0.07216155351994613, -0.25952371677519154] - [-0.023480563906532567, 0.015223133501295385, -0.030047974149119187, 0.038784154406689864]
A2: [0.13091117725953882, -0.225289358114814, 0.021996053962289205, 0.06949082478744363] - [0.03290840740622855, 0.20400728878833096, -0.11462776155658666, -0.12119987081896545] - [-0.09570263543790208, 0.554484582544124, -0.23626067043164017, -0.22670306044934843] - [-0.021522078440847286, -0.019964802257132517, 0.007421602740316227, 0.03150567628028592]
B1: 0.00038050782594975735 - 0.00038485866129668464 - 0.00010659104923909739 - 0.000306256765469991
B2: -0.00015473968834309843 - 0.000497256901562829 - 0.0011586932418370733 - 0.00026594297610582
