Number: 1769
Error: 7.995280174042369e-07
A1: [-0.007039054026628449, -0.014862207198045381, 0.0031624697592856905, 0.019588251516455973] - [0.0669618288863017, 0.19001961898727443, -0.14660223297351688, -0.10970967509870655] - [-0.1104363397936238, 0.4438756312954373, -0.06861006585751951, -0.25575631753553635] - [-0.021411390000273364, 0.01726353602345481, -0.02799748916194145, 0.04099201147130219]
A2: [0.1272940491401478, -0.22884647744691403, 0.018459141753581987, 0.06597848792810668] - [0.03322553011342166, 0.2043226939153356, -0.11431210043023723, -0.12088798323727033] - [-0.09519688182516756, 0.5550084316244039, -0.23570482542352655, -0.22613038164473506] - [-0.026806205442351023, -0.025180634233297375, 0.0021779193872607542, 0.026429256418132024]
B1: -0.0004013119697773869 - 0.001053638816142178 - -0.0017571522132267528 - 0.00023256800193855755
B2: 0.0004347557494145136 - -0.0005392439733473744 - 0.0009955390641607357 - 0.0010467509745768439
