Number: 8553
Error: 1.4372723242105515e-15
A1: [0.080431673879512, -0.18046782155437188, -0.01958886776550488, 0.11962496093434347] - [0.0374155439337994, 0.13359635014236465, -0.13472622218617844, -0.03628586113726606] - [-0.0017027677533022385, 0.22819016776515083, -0.12282833146077592, -0.10365885897865044] - [0.038863236450378216, -0.114481016536761, -0.04641643937579269, 0.12203422997298821]
A2: [0.03530738646478162, -0.02927353254997479, -0.07569740376255657, 0.0696633485100889] - [0.10289372712462229, 0.28289667751926906, -0.39260641902481586, 0.006815971347699482] - [-0.011187164028686363, 0.5390145262674721, -0.35945107610620075, -0.1683765320437301] - [0.09786274605512099, 0.017463262900077676, -0.1688510613029299, 0.05352482238038606]
B1: 1.2490376588561117e-08 - -1.4985653817668784e-08 - 7.571704680999807e-09 - 6.01861597790982e-09
B2: 5.133573602251985e-08 - -2.2979959767798423e-08 - 3.312622837334642e-08 - 4.4053084672861246e-08
