Number: 818
Error: 4.1701942104405404e-12
A1: [-0.012156640947717548, -0.014520505208557386, 0.01808369434172753, 0.008579627429985167] - [0.06583737434821982, 0.1894973184601073, -0.14532035879627728, -0.11000617927522306] - [-0.09629284126413644, 0.42178631489528035, -0.053457080700664364, -0.2720354630470349] - [-0.0013079328099157561, -0.018206196825086327, -0.0038206686516418184, 0.023392425262456055]
A2: [0.16158533651555326, -0.16775613148008478, 0.008499977487419577, -0.0023344189398819223] - [0.03548659461002035, 0.20751757886160324, -0.11720955678204382, -0.1257911774039029] - [-0.08621409193909625, 0.5815375857410139, -0.23538925916059242, -0.25993610175598914] - [-0.0038329599715127647, -0.004517315835920741, 0.001112243640077706, 0.007245313264610411]
B1: 4.339596102426721e-07 - 2.901099600431885e-06 - 4.413794679128601e-07 - 1.2805522314496009e-07
B2: 4.318318652384363e-06 - -1.896739415919161e-06 - 2.678634780798855e-06 - -3.969457931009454e-06
