Number: 3308
Error: 4.74359770634546e-06
A1: [0.07365101360771947, -0.10693348321380407, -0.016798318594111128, 0.07896147620653836] - [0.03299829438522217, 0.18375145467098367, -0.15172798084277844, -0.08246763294496216] - [-0.05802298429009204, 0.33138885979728133, -0.12531698662439572, -0.1386313277658149] - [0.032582540376394534, -0.05939304685644658, -0.04388415306460054, 0.04534533985418539]
A2: [-0.02254303661360862, -0.3611842349360339, 0.2362460142544474, 0.09247118984455345] - [0.09572958476222289, 0.05327355004812519, -0.033194752518507516, -0.048864359397917674] - [-0.06805630850817851, 0.20188754035437081, -0.06833964174555797, -0.17647848050447884] - [0.04712948277316075, -0.3171505582701584, 0.11875680574548861, 0.0597765053007519]
B1: -0.0006947275634028972 - 0.00494385173226357 - -0.0005280395158519854 - 0.0007068356209026525
B2: 0.005022314447076528 - 0.0018270979028192859 - -0.0023673639701476653 - 0.001391503927811107
