Number: 3034
Error: 1.6521194615921647e-08
A1: [0.06321139849629925, -0.04809430047727642, -0.023665082126109543, 0.007630357757960656] - [0.04410302645740848, 0.19169674142670642, -0.14210818894779106, -0.09202440441104084] - [-0.12240642877906623, 0.41590430631736813, -0.1038077350056684, -0.18602262491738802] - [0.03712962569539019, 0.019293433894653975, -0.033011797814638165, -0.022933486638561738]
A2: [0.062421601261752065, -0.1747033355603217, 0.08531085090656228, 0.022947791380207846] - [0.028879101688017585, 0.1998941181958719, -0.10211954479688745, -0.1282759215476199] - [-0.0937217151433455, 0.5133729580662304, -0.22591957062182644, -0.19539677577205314] - [-0.025460369157612232, 0.018978262245934678, -0.04982818377050567, 0.057434319075969416]
B1: -3.738710871533781e-05 - -7.415324215142716e-05 - -0.00017454183035921122 - 7.574627329041354e-06
B2: -0.00021292270772108382 - -0.0003270501508964331 - 0.00034012271963590923 - -0.0002902123586523681
