Number: 2026
Error: 0.00010664657074484485
A1: [-0.008069173794208146, -0.016269184335413352, -0.0012665950566634746, 0.017309873610821636] - [0.03875875827428651, 0.16271610205478915, -0.17600942177898532, -0.14099957872025598] - [-0.12462964111389002, 0.43121643745415583, -0.08670729960856259, -0.27265609911309013] - [-0.04932675800574475, -0.008277326538016713, -0.05767034459776353, 0.0116680548511022]
A2: [0.11135724231469551, -0.24604531277130123, 0.0037307247073698584, 0.052039603510327874] - [0.04506045817567583, 0.21515380986267268, -0.10269288100241096, -0.10950544579217458] - [-0.12380658243290657, 0.5237679701813611, -0.2622417783163646, -0.2538377254305129] - [-0.03671120597537973, -0.04018564727237313, -0.008793505214481351, 0.01737744856687611]
B1: 0.006519349022506642 - -0.012043359950179203 - 0.006542844217207634 - 0.012216811785069854
B2: -0.0022253237034716524 - 0.024930489600201482 - 0.008039742854655509 - 0.0039651976988195866
