Number: 1761
Error: 7.066371297962178e-07
A1: [-0.010020259018551778, -0.01787018718172054, 7.262773053870187e-05, 0.01652231574028784] - [0.06665804715093453, 0.18972595210253543, -0.1469161914125382, -0.1100476659912863] - [-0.11635110491854125, 0.4380753422570777, -0.07475987009949335, -0.2621663997232863] - [-0.027330878077375543, 0.01144489319337921, -0.034025853310470464, 0.03473723741266863]
A2: [0.13238742112712665, -0.22382561723372307, 0.02346194733260847, 0.07095106147462478] - [0.03264531576867621, 0.20375109104322925, -0.11488923173657409, -0.12145481929078425] - [-0.09177997799955519, 0.5583834118747636, -0.2323519534382054, -0.22277846338694338] - [-0.021155706086091325, -0.01960303106360143, 0.007777413248190704, 0.03185271187002278]
B1: 0.0009013398559861432 - 0.00012852644301017532 - -9.419400492562802e-05 - 0.0010278833432952968
B2: -6.490366739194385e-05 - 7.244666982456896e-06 - -0.00039321013934025587 - -0.0004929202059933655
