Number: 5663
Error: 4.858680662362452e-05
A1: [0.06754626234919378, -0.11244709455204874, -0.022581678910696085, 0.07304254896970845] - [0.02934977831074507, 0.18067001609418679, -0.1552635475586874, -0.08608381266224631] - [-0.01814986675444881, 0.3687121375001653, -0.08697348232247402, -0.10097285168705238] - [0.041922473913489564, -0.04979012225619311, -0.034284410483027564, 0.054776033242965275]
A2: [0.0018784686842300974, -0.3355462125873516, 0.2607016629782457, 0.11891802647247987] - [0.08546722008268914, 0.04212098452269416, -0.04441519396485649, -0.05989293688573598] - [-0.03557893358036837, 0.23823741616132038, -0.033241199503216606, -0.1396288490517229] - [0.06927558250920904, -0.29221421478976667, 0.14258137412827884, 0.08550376065599238]
B1: -0.0030247143800912375 - 0.00022473520873377527 - -0.00044010966418814984 - 0.001853015380971418
B2: -0.0033464511073351497 - -0.006103048190798496 - -0.010746673684398501 - -0.0019838749042806283
