Number: 645
Error: 1.9688877158541894e-14
A1: [-0.012152961624112417, -0.014516726173188076, 0.018087761123798295, 0.008583559213387862] - [0.06583551842518956, 0.1894955331360194, -0.14532227765864142, -0.11000824565762382] - [-0.09629378092099922, 0.42178540671678044, -0.05345810031075037, -0.27203655778123303] - [-0.0013218507286991222, -0.01821958193025355, -0.003835483803545645, 0.023376338490945905]
A2: [0.1615869717503913, -0.16775452704959698, 0.008501579774201209, -0.0023328248585557433] - [0.03548565189833042, 0.20751665129674446, -0.1172104955438096, -0.1257920996215731] - [-0.08621361580540807, 0.5815380521124078, -0.23538879583871744, -0.2599356375285284] - [-0.0038343683899462852, -0.004518700853617366, 0.0011108496567467498, 0.007243965761649294]
B1: 3.405139271425092e-08 - 1.550533548754205e-07 - 1.627930470970862e-07 - -2.4617847125187718e-08
B2: 6.6724251689572e-08 - 2.499235850927366e-07 - -3.8852440058862e-07 - 1.5291307743179998e-07
