Number: 3077
Error: 1.8654818635357851e-06
A1: [0.062342821302459855, -0.048957227704117035, -0.02452654194968213, 0.006763565112515198] - [0.04261069992862013, 0.19026241060179985, -0.1436399905662744, -0.09366202234957345] - [-0.12438917123855504, 0.4139350275939648, -0.10579838404473395, -0.18800131428594005] - [0.03508118722297485, 0.01724213764177026, -0.03506135198344403, -0.024980555495017157]
A2: [0.05989891611555135, -0.17719953579582806, 0.08279160074548098, 0.020455457596316368] - [0.03122835191810102, 0.20221074680088566, -0.0997803698228346, -0.12597712242451944] - [-0.09433661249771683, 0.5127755671369294, -0.22653185429993067, -0.19599222717794904] - [-0.027675625567115714, 0.01677894073781582, -0.05204534966114056, 0.0552796984446205]
B1: 0.00011614187230003358 - 0.002057740103305092 - 0.0005008157586066048 - 0.0001173807582801941
B2: -0.00033416066255603143 - -0.0013713008291804554 - -0.00012192547310975769 - -0.0003929644959208046
