Number: 4314
Error: 1.2744077089255142e-15
A1: [0.06621333939262711, -0.1139519255228519, -0.023983792693026185, 0.07172302559582669] - [0.03740261796307076, 0.18819337501060826, -0.14740894104295854, -0.07818700444110337] - [-0.06022921107766725, 0.3289509540353595, -0.12775295287527955, -0.14096816624436181] - [0.03904588252149263, -0.05332294862054595, -0.03741885800971643, 0.051694854973965615]
A2: [-0.009108724875616175, -0.34680334362910153, 0.2494549400309608, 0.10645652357796861] - [0.08003991882425365, 0.03628235722263227, -0.050250010553397194, -0.06607185692494784] - [-0.042452670876350095, 0.23083205507181256, -0.040531086319135684, -0.1478476746472332] - [0.0681348489053749, -0.29346777500173804, 0.1417713166912816, 0.08356193907880108]
B1: 6.40623590160541e-08 - 2.6473627567303486e-08 - -1.4760859238575087e-08 - -3.337820810875745e-08
B2: 5.961615519996155e-09 - -1.5613195438447052e-08 - 1.3708434530620111e-08 - 4.008182965058682e-08
