Number: 6533
Error: 1.1489644340444489e-15
A1: [0.08043168593835592, -0.18046780949691904, -0.019588855721066223, 0.11962497299179574] - [0.03741557891702388, 0.13359638509904626, -0.13472618727288696, -0.036285826173541015] - [-0.0017028037989519562, 0.22819013172028582, -0.12282836745364388, -0.1036588950146869] - [0.038863214569648696, -0.11448103835616023, -0.04641646124259581, 0.12203420810580454]
A2: [0.03530744271870366, -0.02927347614050021, -0.07569735027691674, 0.06966340738584303] - [0.10289373345187622, 0.2828966839001747, -0.3926064129051992, 0.006815977973245304] - [-0.011187097508042665, 0.5390145931848858, -0.35945101314277667, -0.16837646194880865] - [0.09786280029455507, 0.017463317386243085, -0.16885100967036673, 0.05352487931401263]
B1: -2.8650458140060612e-09 - 1.2629132015497309e-09 - -2.789641807017684e-09 - -1.4140136663679773e-11
B2: 4.875515884292625e-10 - -7.367588401607067e-09 - 1.5845847323366202e-08 - -1.1421674480816405e-08
