Number: 256
Error: 1.1877553360247587e-07
A1: [-0.012505613025271017, -0.014880533511735124, 0.01769711932790756, 0.008206634836950442] - [0.06558354139308446, 0.18925290556625446, -0.14558271459855388, -0.11028844510010326] - [-0.0943670342128079, 0.4236466002704379, -0.05136409585777913, -0.26979095571596856] - [-0.002224076595429043, -0.019087036993678263, -0.004793535859089892, 0.022334528835709525]
A2: [0.16070969699975804, -0.16861405383905237, 0.0076433991797987206, -0.00318748632743713] - [0.036118869789888396, 0.2081399862147789, -0.11657964396074832, -0.12517258219931407] - [-0.08658374608532624, 0.5811751559915909, -0.23575256277437587, -0.2602986902571465] - [-0.004279064713617561, -0.004955745309008668, 0.0006702164765755627, 0.0068179313492170305]
B1: 0.00025472457202001237 - 0.00032711262174771175 - -7.029634788461412e-05 - 0.0002539191190603736
B2: -0.001264144005143872 - 0.0012571523401559525 - 0.001038822661842147 - -0.00018697522811844493
