Number: 7348
Error: 1.1923773903830187e-15
A1: [0.08043166138044873, -0.1804678340520462, -0.019588880249608084, 0.11962494843669383] - [0.037415580817478734, 0.13359638699806511, -0.13472618537621414, -0.0362858242741373] - [-0.0017028560047087935, 0.22819007951563997, -0.12282841958295965, -0.10365894720650726] - [0.038863221444577656, -0.11448103150052794, -0.046416454372052864, 0.12203421497645778]
A2: [0.03530737590053953, -0.029273543143471487, -0.07569741380681225, 0.069663337453414] - [0.1028937031195732, 0.2828966533104462, -0.3926064422422115, 0.006815946210916814] - [-0.011187092214641432, 0.5390145985098456, -0.3594510081324413, -0.1683764563709911] - [0.09786277732699278, 0.017463294314208632, -0.16885103153401523, 0.053524855205562216]
B1: -2.1104287418846345e-08 - -1.2290231400015735e-08 - 5.5026758524908375e-09 - -5.565115935938303e-09
B2: -8.737163359478324e-09 - 3.16055564743063e-09 - -1.7385963048593677e-08 - 2.162479271593809e-09
