Number: 8042
Error: 8.648991682574596e-16
A1: [0.08043173025558399, -0.18046776518471644, -0.019588811456831893, 0.11962501730396188] - [0.037415552835994716, 0.13359635903775827, -0.13472621330189052, -0.03628585224010112] - [-0.001702805481866409, 0.22819013003740302, -0.12282836913408819, -0.1036588966971453] - [0.03886326504325963, -0.11448098802420233, -0.04641641080114601, 0.12203425854804514]
A2: [0.03530754527806782, -0.029273373297476417, -0.07569725276460572, 0.06966351472514827] - [0.10289377181006364, 0.28289672258391685, -0.3926063758056249, 0.006816018139840688] - [-0.011187217621367143, 0.5390144723551265, -0.3594511268328143, -0.16837658851623463] - [0.09786279609579907, 0.0174633131683748, -0.16885101366731464, 0.05352487490668538]
B1: 3.01050521909412e-08 - 1.5057347767924343e-08 - -4.871736963877257e-08 - -2.4996826115894396e-09
B2: 1.3697569183333392e-08 - -2.0947516556061878e-08 - 2.414973871514556e-09 - 1.1640879026008591e-08
