Number: 9681
Error: 1.6030595075078457e-14
A1: [0.05317258725381402, -0.14800123384914488, -0.026999010248720024, 0.12182785911341056] - [0.005313622991829865, 0.1308365973408162, -0.11360084058467892, -0.022549860337594114] - [-0.014444301302482311, 0.22309179616710023, -0.12704100446242675, -0.0816057576622868] - [0.027146707057685845, -0.10001979107735534, -0.049424260917504126, 0.1222983679930487]
A2: [0.08925367882991403, -0.0729141509714619, -0.12362818564170176, 0.10728559095113901] - [0.10884176661554837, 0.24981421893435046, -0.40484525246529035, 0.04618951854124034] - [0.036635861306856546, 0.4625550491628111, -0.3777175189659282, -0.12147333886627504] - [0.1434257189227163, -0.044607334939958235, -0.2015002329087148, 0.10267913761908679]
B1: 3.897058593988225e-08 - -2.021704310969905e-08 - 1.52635860880473e-07 - 7.472367345125276e-08
B2: -1.6785061648582387e-07 - 4.839720317246504e-08 - 5.53922006761437e-08 - -1.1710616473711899e-07
