Number: 3965
Error: 1.460282685537887e-15
A1: [0.06621323645780812, -0.11395202615740814, -0.023983895547060253, 0.07172292283375607] - [0.03740258517361564, 0.18819334368250593, -0.14740897327751523, -0.07818703667850814] - [-0.06022929876848369, 0.3289508698131638, -0.12775303868431256, -0.14096825159192602] - [0.0390462798010458, -0.05332257153780847, -0.03741847365504434, 0.05169523620779857]
A2: [-0.009108494453691683, -0.3468030991875133, 0.24945517231731215, 0.10645676516271625] - [0.08003978262184154, 0.036282210493612084, -0.05025015941487921, -0.06607200705047253] - [-0.04245271235522483, 0.23083200929327946, -0.04053113076947268, -0.1478477205211858] - [0.06813473688572914, -0.29346789834025816, 0.1417711952511619, 0.0835618134840945]
B1: 2.6465749660955654e-08 - -1.5754584816507313e-08 - 3.631360962080433e-08 - -1.3896484377394543e-08
B2: 1.6584406864148077e-08 - -3.8972164765387024e-08 - -1.1181766101173065e-08 - 5.2092088417079773e-08
