Number: 2319
Error: 4.43172763721426e-05
A1: [0.03447905440468483, -0.07992714133195819, -0.05915444513114558, -0.023561024897179587] - [0.013506066597774147, 0.1624762622923008, -0.1731519731556879, -0.12411514379464722] - [-0.14828606360378285, 0.39191887270686543, -0.1293399964948705, -0.21005218845306173] - [0.018931670780250914, 0.003277707852965783, -0.04865907877393016, -0.03901159531285413]
A2: [0.06329942362788117, -0.17199066988953923, 0.08888871696866467, 0.025000675663054518] - [0.03318688543444869, 0.20356754109684844, -0.09799798681617194, -0.12428635218415754] - [-0.05734724323988518, 0.5456860006590146, -0.19064425266896282, -0.1621790461884547] - [-0.01325278090947308, 0.029841370922313766, -0.037242180423533694, 0.06967695892178016]
B1: -0.004938858906483284 - 0.00889117606314847 - -0.01762689485656906 - -0.0034090136355064173
B2: -0.013527088858869963 - 0.02865743187266157 - -0.009672588415071647 - -0.007200489123462001
