Number: 1692
Error: 1.4644263135854372e-07
A1: [-0.010278766670473657, -0.018120596328088313, -0.00021644207964745797, 0.0162679346858166] - [0.0675660018691845, 0.19059543118279912, -0.14597168952414266, -0.1090404195449075] - [-0.11290205171648864, 0.44145462423383347, -0.07112931819390599, -0.2584499233851222] - [-0.02429692911841616, 0.014419488743604818, -0.030881388949285955, 0.03792220667457475]
A2: [0.13319021462040287, -0.22303913503431225, 0.024239203548948332, 0.07172217889663045] - [0.03326122600733636, 0.20435510313503327, -0.11427604623541224, -0.12085426799803109] - [-0.09458032969526511, 0.5555946729632765, -0.23515572649003133, -0.22559796922058792] - [-0.019162400033487025, -0.017630642516095495, 0.009763182144278158, 0.033776273150035736]
B1: -0.00046523488819906077 - 0.0010121326478850325 - -0.0007197557552515185 - -0.00022485123620601967
B2: -0.0008348952329033535 - 5.574015532601673e-05 - 0.0005184225427071294 - -2.4964115662090948e-05
