Number: 7486
Error: 7.491727433907466e-16
A1: [0.08043173470209818, -0.18046776073870593, -0.019588807015638327, 0.11962502174996466] - [0.03741563718788131, 0.13359644332579976, -0.1347261291181343, -0.0362857679349643] - [-0.0017027709282051817, 0.22819016459032826, -0.12282833463102528, -0.10365886215270871] - [0.03886327961170707, -0.1144809734966412, -0.046416396241993924, 0.12203427310743127]
A2: [0.03530746834592719, -0.02927345044238564, -0.07569732591086421, 0.06966343420748897] - [0.10289372134788007, 0.2828966716934637, -0.392606424612029, 0.006815965298619134] - [-0.011187075895605364, 0.5390146149262203, -0.35945099268610786, -0.1683764391750583] - [0.09786278406256227, 0.017463301080420685, -0.16885102512218805, 0.05352486227572118]
B1: 1.8745878736564494e-08 - 2.788245343286104e-08 - 2.2443102280148795e-09 - 2.573211881055368e-08
B2: 1.684108692624196e-08 - 1.3542844505324174e-08 - 2.121060550585963e-08 - 1.5429061532927284e-08
