Number: 881
Error: 7.282332902620906e-09
A1: [-0.011992759380339859, -0.014352203508294062, 0.01826482107943296, 0.00875474394872561] - [0.06580233202507317, 0.1894636107452801, -0.14535658875648422, -0.110045193958587] - [-0.09623517789580213, 0.4218420373590524, -0.053394513384777, -0.27196828316727534] - [-0.0014024112023658679, -0.01829706428728294, -0.0039212390397762534, 0.023283227180083643]
A2: [0.1617504336811642, -0.16759410432971378, 0.008661771653166743, -0.002173415286056182] - [0.035497921471160855, 0.20752872803822597, -0.11719827528144228, -0.1257800940563863] - [-0.08606739366621405, 0.581681309757055, -0.23524649751840293, -0.25979300531219834] - [-0.003779826288948283, -0.004465042209367389, 0.0011648461663813596, 0.007296173151884106]
B1: 7.141226102941472e-05 - 4.7562558832480104e-05 - 5.6644341148865994e-05 - 8.921791623562097e-06
B2: -5.743493831738751e-05 - -3.8414212446049795e-05 - -4.565619547692801e-05 - 1.8340691735021433e-05
