Number: 6618
Error: 9.734722080081708e-16
A1: [0.08043168267667415, -0.18046781275823132, -0.01958885897884787, 0.1196249697304866] - [0.03741559955158198, 0.13359640571798745, -0.13472616667944362, -0.03628580555041327] - [-0.0017028511193219456, 0.2281900844009246, -0.12282841470472942, -0.10365894232242802] - [0.03886324689651527, -0.11448100612001468, -0.04641642893632816, 0.12203424041257949]
A2: [0.03530746706064054, -0.029273451731236105, -0.07569732713292088, 0.06966343286232782] - [0.10289375642875098, 0.28289670707205733, -0.3926063906822693, 0.0068160020333957565] - [-0.011187063854750138, 0.5390146270389072, -0.35945098128921343, -0.16837642648714776] - [0.09786283836242576, 0.017463355627272702, -0.16885097343222855, 0.05352491927289637]
B1: 1.5924383855579125e-09 - 5.829048614078647e-09 - 7.056244607782385e-09 - 3.3653534774443775e-09
B2: 6.950024776340262e-09 - 1.5264861637660935e-08 - -1.635890298158311e-08 - 1.9140741896993974e-08
