Number: 8258
Error: 8.938607914276027e-16
A1: [0.08043168945083845, -0.180467805984861, -0.019588852212840756, 0.1196249765038422] - [0.037415598368307955, 0.13359640453565508, -0.1347261678602074, -0.03628580673294495] - [-0.0017028338222250408, 0.22819010169763976, -0.12282839743296468, -0.10365892502995219] - [0.038863236894237006, -0.11448101609423221, -0.04641643893225657, 0.12203423041650413]
A2: [0.03530740358087018, -0.029273515386523202, -0.07569738748871928, 0.06966336642391105] - [0.102893743698058, 0.28289669423333125, -0.3926064029952056, 0.006815988702493146] - [-0.011187170642160805, 0.5390145196145087, -0.3594510823659387, -0.16837653901265343] - [0.09786269035498736, 0.017463206946589406, -0.16885111432591146, 0.05352476391346595]
B1: -1.0668046231544663e-08 - 1.3589580535235919e-08 - -2.4062631509618312e-08 - -3.49688882463834e-08
B2: -1.1113946629152858e-08 - -1.2494688523981554e-08 - -1.5413021548240762e-08 - -1.5118119602769727e-08
