Number: 307
Error: 8.918095841632065e-09
A1: [-0.012319035407205317, -0.014687327173371402, 0.017904239783406977, 0.008406148130025494] - [0.06577202099885629, 0.1894344337400553, -0.1453879474162104, -0.11007895810283742] - [-0.0970572115644018, 0.4210476962530945, -0.054286441842270966, -0.2729259816535075] - [-0.001995752281144545, -0.018867572081462537, -0.004552772967318814, 0.02259741491435943]
A2: [0.16148668058229368, -0.16785296294639135, 0.008403340990908045, -0.002430571727634134] - [0.03547967328741152, 0.20751076097861476, -0.1172164732000398, -0.12579796285503658] - [-0.08643309210497173, 0.5813230487860742, -0.2356023484515802, -0.26014964704236104] - [-0.003904493491171323, -0.004587621866718957, 0.0010415419233013345, 0.007176971574013755]
B1: -0.00010371481030808699 - -0.00012833672249918472 - -8.016973859869503e-05 - -5.114158145670473e-05
B2: 0.00013177510086246608 - -0.0008253442164877461 - -4.7953236329827825e-06 - -2.123842035953863e-05
