Number: 4856
Error: 1.134911496614745e-15
A1: [0.06621315018876629, -0.1139521104986217, -0.023983981748407268, 0.07172283670947363] - [0.03740256566185302, 0.18819332504034575, -0.14740899245906472, -0.07818705586177337] - [-0.06022955957821095, 0.32895061931969233, -0.1277532938973812, -0.1409685054321175] - [0.039046259125348454, -0.05332259116219529, -0.03741849365790903, 0.051695216367320204]
A2: [-0.009108470092958334, -0.3468030733447886, 0.249455196874994, 0.10645679070345883] - [0.08003990893094447, 0.03628234656468963, -0.05025002136619121, -0.06607186782960338] - [-0.042452736487598695, 0.2308319826590916, -0.040531156630674366, -0.14784774721088542] - [0.0681349408738369, -0.2934676737408246, 0.14177141639344953, 0.08356204219202085]
B1: -3.839245587919703e-08 - 2.022666353778205e-08 - -1.2983159886234774e-08 - 2.701420566509182e-08
B2: -3.6617423204163e-08 - -1.4764287581946513e-08 - -1.4419481752468885e-08 - 2.6626039532887795e-08
