Number: 8442
Error: 9.269961579520017e-16
A1: [0.08043166922154224, -0.18046782621183394, -0.01958887241792587, 0.11962495627688602] - [0.037415614066424255, 0.13359642022183812, -0.13472615219340264, -0.036285791043559654] - [-0.001702823320326388, 0.22819011219932347, -0.12282838694643412, -0.10365891453083877] - [0.03886320269849468, -0.11448105019397013, -0.04641647310618016, 0.12203419624205068]
A2: [0.03530746463025352, -0.02927345416831573, -0.07569732944361289, 0.06966343031857214] - [0.1028937519964961, 0.28289670260222255, -0.39260639496904454, 0.006815997392157731] - [-0.011187085789228666, 0.5390146049735312, -0.3594510020506217, -0.16837644960034956] - [0.09786283281230813, 0.017463350051876474, -0.16885097871550092, 0.053524913446973334]
B1: -1.428931296780386e-09 - 7.13821522542743e-09 - 6.041521181981226e-09 - 1.923834404367337e-09
B2: -9.887251292975235e-09 - 2.8597476778087027e-08 - 7.459173378015644e-10 - -1.4233919584221399e-08
