Number: 354
Error: 1.8416094751949675e-10
A1: [-0.012049721801092825, -0.014410684614669898, 0.01820187625264475, 0.008693897764988915] - [0.0658716971291671, 0.18953033558485852, -0.1452848734634077, -0.1099679644002775] - [-0.09630249446551209, 0.4217769887346351, -0.053467550811872995, -0.2720467149934483] - [-0.0013155104701888713, -0.018213483529191384, -0.0038287277431384294, 0.023383660894251354]
A2: [0.16159882174847331, -0.16774290804509873, 0.008513186889252455, -0.002321279151371293] - [0.03550184005960442, 0.20753257674365075, -0.11719437834247132, -0.12577626475220527] - [-0.08622295807288373, 0.581528897781363, -0.2353978909870777, -0.25994475770899883] - [-0.003850062393358868, -0.004534128474760698, 0.0010953297300160232, 0.007228961362278452]
B1: -9.095236653702277e-06 - 9.648262675861317e-06 - -1.7951883192753948e-05 - 1.4759854829527371e-06
B2: -2.9498209389140007e-05 - 3.4568496474490633e-06 - 1.4752890861013634e-05 - 1.5609915605990114e-05
