Number: 387
Error: 5.621834856674158e-11
A1: [-0.012057391788408561, -0.01441856290220013, 0.018193397315945957, 0.008685688255949479] - [0.06582615172248907, 0.1894865228362866, -0.14533196232016407, -0.1100186746341687] - [-0.0962835521948472, 0.42179529412214617, -0.05344699855241309, -0.2720246403881273] - [-0.0013105853298823833, -0.01820874675191653, -0.0038234894398475622, 0.02338935963100253]
A2: [0.16160125444961163, -0.1677405176440271, 0.008515572300873351, -0.002318903667722504] - [0.035484101340942376, 0.20751512500634134, -0.11721204032445974, -0.12579361722471954] - [-0.08619398199215908, 0.5815572795707561, -0.23536969559325518, -0.25991649635422154] - [-0.0038116073751458647, -0.004496320053467882, 0.0011333764296051739, 0.007265740451769245]
B1: 1.762153539598064e-06 - -5.159238582577046e-06 - 6.876160377933226e-07 - -3.3213558570952983e-06
B2: -1.3279762678788999e-05 - -2.529773550968019e-05 - 1.5836248652768533e-05 - 3.5559585503174765e-06
