Number: 6179
Error: 9.356741881642997e-16
A1: [0.08043161856584995, -0.18046787686179058, -0.019588923013012828, 0.11962490562698741] - [0.03741551626526478, 0.13359632249470982, -0.13472624979981027, -0.03628588879059136] - [-0.0017028052729022264, 0.22819013024636953, -0.12282836892543689, -0.10365889648824173] - [0.038863232883900124, -0.1144810200933023, -0.046416442940015484, 0.12203422640867578]
A2: [0.03530738767646416, -0.02927353133498266, -0.07569740261033936, 0.06966334977813222] - [0.10289372319800752, 0.2828966735592796, -0.3926064228226039, 0.006815967235936613] - [-0.0111871509218859, 0.5390145394524505, -0.3594510637001087, -0.1683765182328914] - [0.09786277696335856, 0.017463293948919302, -0.16885103188014047, 0.05352485482383218]
B1: 8.493779319416722e-09 - 3.672450183055828e-09 - 1.5100356505956245e-08 - 3.3333856778411943e-09
B2: -1.13951125825657e-08 - -2.1877904072267612e-08 - 4.023248529465847e-08 - 3.1573489351926964e-08
