Number: 5744
Error: 0.0017848374601755433
A1: [-0.07001389846328045, -0.33306056533099815, -0.17385714849660786, -0.0328140080531227] - [-0.0786415625042721, 0.00048284947181903484, -0.2618755579807323, -0.1591754097331984] - [-0.2080599640683959, 0.04575686049353542, -0.3228110688175499, -0.3050193103998519] - [-0.22607132289760698, -0.3428800341058731, -0.2970630891604045, -0.13327232236732717]
A2: [0.04607000155834551, -0.016525480562246606, -0.04560887970248246, 0.07315699258091841] - [0.23552503967679028, 0.42367087932581193, -0.2718633247882096, 0.12235200887251618] - [0.03079060833505901, 0.5875010789467905, -0.31118970526956186, -0.142752533989823] - [0.13690299126903177, 0.06169402032252085, -0.12003092239995738, 0.07834361357501263]
B1: 0.08903267325027846 - -0.040415984909178346 - 0.07094187204858476 - 0.07117688824375376
B2: 0.04263634877607173 - 0.04059631866304232 - 0.020232111068807825 - 0.054533147150410195
