Number: 5930
Error: 6.668547229630429e-10
A1: [0.08054318525079127, -0.18035633060515222, -0.019477486186413612, 0.11973646117529795] - [0.03764637118056548, 0.13382699067691067, -0.1344958367203639, -0.03605514982082714] - [-0.001569841361753331, 0.22832308997256134, -0.12269558393759977, -0.10352595977948456] - [0.03890003115452216, -0.11444431156669135, -0.04637965589444082, 0.12207100610409703]
A2: [0.03529767965135262, -0.029283282656618174, -0.0757066394398479, 0.06965319627473945] - [0.10303800008481787, 0.28304216721403413, -0.39246689477111035, 0.006967023759925506] - [-0.011226685732939149, 0.538974769024625, -0.3594884947299703, -0.16841819017035672] - [0.09783568316756373, 0.017436070552026412, -0.16887683195337885, 0.053496411845537564]
B1: 8.089380476529306e-05 - -4.62687967086536e-05 - -4.900951365729818e-05 - 8.41084559370046e-06
B2: 3.5438050222232875e-05 - -5.130625646552312e-05 - -9.052229888857107e-06 - 4.4125384486921944e-05
