Number: 1123
Error: 2.7740375640698e-06
A1: [-0.009178060111477397, -0.01697343643881975, 0.0010128360967651474, 0.017325535041127584] - [0.06143644277131973, 0.18466559054013662, -0.15233045402985368, -0.11582162755016988] - [-0.12092947346463387, 0.43367195882757603, -0.07939258679187867, -0.2672189680914278] - [-0.018745753049336396, 0.019839843273432876, -0.02503173233209306, 0.043736932505200006]
A2: [0.12552235711930734, -0.23055996221966837, 0.016749346479258933, 0.0641619798060366] - [0.01910192857572576, 0.1904567305675345, -0.128373497422367, -0.13471738433307495] - [-0.10096601366478783, 0.5494356823242288, -0.24141569381353634, -0.23195743798836224] - [-0.02918367686981437, -0.027605102058520417, -9.135059063473234e-05, 0.023988087525584345]
B1: -0.00015970819444686437 - 0.0023658447087905963 - -0.0007371775813319167 - 7.548324990859251e-05
B2: -0.0013607247238923803 - 0.0004588758485206773 - 0.0008227212752789904 - -0.0020149964278239375
