Number: 8530
Error: 1.0218414803292573e-15
A1: [0.08043170526989339, -0.18046779016754969, -0.019588836412661254, 0.11962499232113534] - [0.03741567207035595, 0.1335964781819498, -0.13472609430493648, -0.036285733071683215] - [-0.0017028144786891766, 0.22819012104075675, -0.12282837811774851, -0.10365890569156977] - [0.038863237308330786, -0.11448101568121541, -0.04641643851838232, 0.12203423083040929]
A2: [0.03530741705319198, -0.02927350187696178, -0.07569737467939447, 0.06966338052410163] - [0.10289368533972802, 0.2828966353797511, -0.39260645943866507, 0.006815927592887573] - [-0.01118699483796932, 0.5390146964672926, -0.359450915963069, -0.16837635376205168] - [0.09786279630350055, 0.017463313377004224, -0.16885101346959971, 0.05352487512469313]
B1: -1.481127477416281e-08 - 1.8443306879782338e-08 - -2.9621479110035133e-08 - 1.218012644413374e-08
B2: -6.064422707824566e-09 - 4.927352290660146e-08 - -3.210531579477997e-08 - -5.886942030337442e-09
