Number: 2639
Error: 6.04451399533485e-08
A1: [0.06403982735996777, -0.04726794875105991, -0.022842346347994792, 0.008458997244491295] - [0.04403319342297897, 0.19162846398757427, -0.14218211677357606, -0.09210362016228225] - [-0.12247821121364545, 0.41583051312221553, -0.10387973822549314, -0.186094965235928] - [0.038236721267815806, 0.020405674237928363, -0.03189730823796432, -0.021821295165573868]
A2: [0.06330728314587156, -0.17382184042880178, 0.0861953433351292, 0.023827828367958825] - [0.029026587668209203, 0.20003930174250412, -0.10197289512396078, -0.1281309843716414] - [-0.09403791869250631, 0.5130660595210031, -0.22623749328602272, -0.1957060892522069] - [-0.026835248359899363, 0.017620273349522406, -0.05120131396008615, 0.056092608148895814]
B1: -0.00018675710873932434 - 0.0002036371964928599 - -6.916390740695984e-05 - -2.0592462709312213e-06
B2: -0.00015473157986584107 - -0.00018947011346112473 - -0.00011234483493234195 - -0.0002988315351734439
