Number: 4931
Error: 1.1232694591566027e-15
A1: [0.0662131828926067, -0.11395207852558929, -0.023983949070225642, 0.07172286935843977] - [0.03740260123050533, 0.1881933590237912, -0.14740895749234692, -0.0781870208919638] - [-0.06022931687605394, 0.3289508524219146, -0.12775305640326723, -0.14096826921535954] - [0.039046201315926975, -0.053322646032759886, -0.03741854958662042, 0.05169516089273187]
A2: [-0.009108583178245266, -0.34680319331039605, 0.2494550828747731, 0.10645667213985846] - [0.08003983058985227, 0.036282262168954534, -0.05025010698846054, -0.0660719541789125] - [-0.042452789874130765, 0.230831923738527, -0.04053121384170035, -0.1478478062542599] - [0.06813479009387836, -0.29346783975577523, 0.14177125293372514, 0.08356187314024689]
B1: 1.1569108875992956e-08 - -2.1402469697382643e-08 - -1.511387518821928e-10 - 5.739317075963769e-09
B2: 1.3818987231001908e-08 - 3.495641220748937e-08 - -2.9492400095654205e-08 - -3.57503074997393e-08
