Number: 3376
Error: 1.7983263308073917e-07
A1: [0.06550690825105203, -0.1146426657446031, -0.024691428736702478, 0.07101751110474876] - [0.038531263282108486, 0.18927062159779387, -0.14630083801491114, -0.07707860709626262] - [-0.053245370225069304, 0.3356712006882946, -0.12091137396743118, -0.1341718168934198] - [0.03620309765559278, -0.05602320094897292, -0.040170852603604354, 0.04896222102821755]
A2: [-0.0069164748271749454, -0.3444748885235441, 0.25171086835981665, 0.10875351960994867] - [0.08056592442813489, 0.03684976143741839, -0.04967622897680337, -0.06549598172616188] - [-0.040805689124621625, 0.23265061800177605, -0.03875567101607478, -0.14603335591809571] - [0.07035507831151146, -0.2910190053930145, 0.14420801048327372, 0.08605192548775352]
B1: 0.00046760005685283893 - -0.00031204804621280506 - 1.2362986805951028e-05 - 0.00013573521621954157
B2: 0.00028951494761478904 - 0.0002867054998641678 - 0.00015407849419908095 - -0.0004901160619794174
