Number: 7357
Error: 1.0356507913766858e-15
A1: [0.08043162017959518, -0.18046787524823352, -0.01958892140119698, 0.11962490724054618] - [0.037415580628405005, 0.13359638680913444, -0.13472618556491123, -0.036285824463106235] - [-0.0017029119047480004, 0.22819002361679297, -0.12282847540115151, -0.10365900309162758] - [0.03886321715783045, -0.11448103577524503, -0.04641645865606857, 0.12203421069237488]
A2: [0.03530734590644799, -0.02927357322052185, -0.07569744232482681, 0.0696633060613593] - [0.10289369176424666, 0.2828966418587465, -0.39260645322493753, 0.006815934320234654] - [-0.011187073983696928, 0.5390146168495288, -0.3594509908764467, -0.16837643716041828] - [0.09786274945269491, 0.017463266313121378, -0.16885105806855508, 0.053524825946637794]
B1: -4.608983028582839e-08 - -2.426191788322145e-08 - 1.120853825120256e-09 - -1.1688981284418783e-08
B2: -2.9612781468180764e-08 - 1.1039933441967032e-08 - -5.418730889668987e-08 - 6.045146903423989e-09
