Number: 3338
Error: 5.999019075646474e-07
A1: [0.06572585311030223, -0.11445404317180922, -0.024546406878705462, 0.07118509228989207] - [0.03391117070130948, 0.18483788250595795, -0.1508480075634262, -0.08162649693419138] - [-0.052732864780312715, 0.33628361556625025, -0.12024309149536269, -0.13353758243249544] - [0.03851807037164443, -0.05383694512457523, -0.03795054728394391, 0.051164868008550045]
A2: [-0.007403680163405271, -0.34498271574964323, 0.2513123720103893, 0.10826839356802537] - [0.07828304403601026, 0.03440821553741385, -0.05221544168023247, -0.06801153080021784] - [-0.04208881177707415, 0.23117073976182947, -0.04020028199146813, -0.14749473275036204] - [0.06728645255389773, -0.2944360947471529, 0.14082437121623073, 0.08258763185239856]
B1: 0.0022786394467721382 - -0.0008477772049832945 - -0.0009055261872184481 - 2.7976051360267863e-05
B2: 0.00045297024768097113 - 0.0002452504534412468 - -0.0006880682728695817 - 3.8186581325899585e-05
