Number: 7342
Error: 1.0341231804669573e-15
A1: [0.08043167239895993, -0.18046782303478276, -0.019588869244271653, 0.11962495945394641] - [0.03741558442829678, 0.13359639060615036, -0.1347261817725906, -0.03628582066531948] - [-0.001702842339185714, 0.22819009318087177, -0.1228284059374449, -0.10365893354463139] - [0.03886322618018832, -0.11448102677820697, -0.04641644963945961, 0.12203421970912517]
A2: [0.03530738967658943, -0.029273529329319318, -0.07569740070871296, 0.06966335187153752] - [0.10289371077629338, 0.2828966610321492, -0.3926064348367301, 0.006815954228619016] - [-0.011187119063581186, 0.539014571500765, -0.35945103354555985, -0.16837648466264205] - [0.09786281539519885, 0.017463332555572263, -0.1688509952955304, 0.05352489516476691]
B1: -4.289200282149452e-10 - -8.783530330959681e-09 - 5.179441127143213e-09 - -1.1483557418305959e-08
B2: -6.576221655881587e-09 - 1.5256276456395965e-10 - -1.2067447691194338e-08 - -1.0491399182808883e-10
