Number: 3130
Error: 3.296816246140321e-06
A1: [0.06620526422259297, -0.04531742775669401, -0.020933417030219986, 0.010434744885150178] - [0.042055692171126896, 0.18958255302634291, -0.14433574971542343, -0.09443929613922658] - [-0.1207281480141948, 0.41732906533471525, -0.10238471207847194, -0.18455332161344895] - [0.03761336128907621, 0.019476918005574283, -0.03295807318943663, -0.022506889718878473]
A2: [0.05701249646569037, -0.17996438787579452, 0.07982724223936317, 0.017420318286530755] - [0.021094644805099188, 0.19223526350299136, -0.10984168368847123, -0.13587683672660752] - [-0.10695740229172601, 0.5003772426987259, -0.23920791900096203, -0.2081712299965497] - [-0.030687674338599293, 0.01380792605562225, -0.05506545161429377, 0.05226347873988257]
B1: 0.00564136480862456 - -0.0068007339192354315 - -0.0002835008650305824 - -0.0061876944059008464
B2: -0.0026118653193978433 - -0.003218894166882696 - -0.002401297508027367 - -0.0022295574553278866
