Number: 5809
Error: 1.2698679589269378e-05
A1: [0.0651169995935651, -0.1959199574134305, -0.034942955978753014, 0.10425662064241036] - [0.006160516467363977, 0.10224467419015712, -0.1661742446627243, -0.06769563906093196] - [-0.006267453641563527, 0.22361943735918363, -0.12732519184406402, -0.1081962723533274] - [0.050637996023584014, -0.10275025336976698, -0.034392910195786566, 0.13394956205256006]
A2: [0.04457638795332205, -0.020111910426419525, -0.06670888742456835, 0.07969711600218624] - [0.11909191875636543, 0.2989548593431469, -0.37686054281808395, 0.02409842931759208] - [-0.007803642440360595, 0.5426125700757966, -0.3562815647585235, -0.1650031935395023] - [0.10264820128221738, 0.02232795292121612, -0.16426036037213126, 0.05854306830658379]
B1: -0.005549581214000577 - 0.001861323265070721 - -0.006416003536339195 - -0.005145321054632396
B2: -0.004960160086582157 - -0.0031905095139481265 - -0.007544696353888464 - -8.098262223155258e-05
