Number: 2802
Error: 1.0818998089314215e-08
A1: [0.06341196194257685, -0.04789468883439584, -0.023466112010989578, 0.007832710023570544] - [0.043713251881481285, 0.19132049760956427, -0.14251138132355123, -0.09245536363166099] - [-0.12364416640097682, 0.4146625280541764, -0.10505907960838183, -0.1872720240598414] - [0.03680094673100253, 0.018964240906094196, -0.03333503224414553, -0.023253259508231216]
A2: [0.0630362935246148, -0.17408896304467117, 0.08592000556430751, 0.02355787935067289] - [0.029527377849331172, 0.200532648942036, -0.10147349255874463, -0.12764059471394035] - [-0.09315879116271399, 0.5139284235772764, -0.22535436656597163, -0.19485476250064757] - [-0.024850889987178763, 0.019591361906218362, -0.04921049316476276, 0.05802504182995665]
B1: 6.719835340991298e-05 - 0.00017601593859567933 - 4.9251476527913625e-05 - -0.0002588962551020622
B2: 1.0720922211498875e-05 - 7.144660732620565e-05 - -5.340771188616895e-05 - -5.235654715583093e-05
