Number: 9603
Error: 3.5051792179081243e-15
A1: [0.05317264857168575, -0.14800117251317627, -0.02699894900074382, 0.12182792045992025] - [0.005313966297983211, 0.13083694100456686, -0.11360049733204693, -0.022549516547010623] - [-0.01444409915957384, 0.22309199838321056, -0.12704080247997246, -0.08160555544628383] - [0.027147182671486168, -0.10001931546919955, -0.04942378430288861, 0.12229884481195574]
A2: [0.08925388801640897, -0.07291394226656757, -0.12362798116584478, 0.10728580271845042] - [0.10884299891276503, 0.24981545144751316, -0.40484404457841683, 0.046190771572317296] - [0.03663615617908376, 0.4625553425009424, -0.37771723127423823, -0.12147304093559376] - [0.14342659722096632, -0.04460645991570292, -0.20149937533016035, 0.10268002894733277]
B1: -1.3588900969062077e-08 - 9.80630575372173e-09 - 1.4381065446363019e-07 - -1.826402185006113e-07
B2: -6.036734616497205e-08 - 8.321074472920755e-08 - 1.3149364738641226e-07 - -5.243874463711524e-08
