Number: 826
Error: 6.650296741734174e-12
A1: [-0.012153218029146868, -0.01451698951761945, 0.0180874776940871, 0.008583285207228062] - [0.06583955897918281, 0.18949941998413727, -0.14531810007978352, -0.11000374690980637] - [-0.09628929173680656, 0.42178974543866143, -0.053453229040106784, -0.2720313276973627] - [-0.0013409504439081143, -0.01823795035331707, -0.0038558148271397377, 0.023354262574958703]
A2: [0.16158832808531887, -0.16775319625685006, 0.008502908723741183, -0.002331502566109407] - [0.03548684702279617, 0.20751782721837705, -0.11720930543051496, -0.12579093046988007] - [-0.08621221918687211, 0.581539420087917, -0.23538743693131878, -0.25993427551250864] - [-0.0038349001957367285, -0.004519223808007412, 0.0011103232768341334, 0.007243456980545258]
B1: -2.594991834970075e-06 - -9.268250951704865e-07 - -1.9943778614955803e-06 - -1.0042577718372555e-06
B2: -2.705509472253569e-06 - -3.507396222216924e-07 - -3.16160805812887e-07 - -6.05686574499306e-06
