Number: 2517
Error: 7.490788165909701e-08
A1: [0.06289898229061311, -0.04840239957521341, -0.023972401945544654, 0.007323694134860404] - [0.04449338967686391, 0.19207212687812517, -0.14171292487937007, -0.09160274766551485] - [-0.12359108668302467, 0.41472053660937735, -0.1049982079163224, -0.1872126266511606] - [0.03696294605598386, 0.019133195893465894, -0.033169401130253844, -0.023089704645798806]
A2: [0.06316869529781116, -0.1739644141712183, 0.08605544226870998, 0.023691147232170487] - [0.029419455575081705, 0.20042769309227565, -0.10158058446570442, -0.12774592943563318] - [-0.09162087423930312, 0.5154445349097195, -0.2238151500828742, -0.19336231347966237] - [-0.023657311022614935, 0.02078749821027422, -0.0480222613448816, 0.0591880231661801]
B1: 7.046595309665913e-05 - 0.00010567372522565479 - 0.00030577910704436133 - -0.0003170211616293142
B2: 0.00024577480387542996 - 0.0003400017288141508 - 0.00036507855141587056 - 0.0002542253628659377
