Number: 8905
Error: 0.0003370396317043694
A1: [0.03899384846083956, -0.21127692509246146, -0.046043294810972024, 0.09330096872501038] - [0.0023613618439986255, 0.11060543581187654, -0.14987263735243805, -0.05290439228713578] - [-0.046284156852115066, 0.19035484976960226, -0.1602285278950902, -0.14250778455745128] - [-0.0016729689643991685, -0.1402039724590952, -0.07101575562624987, 0.09748727453582733]
A2: [0.23147149634333566, 0.1706672159032713, 0.10373411432749144, 0.2793406803907976] - [0.24775631300134293, 0.42949560341553894, -0.25314756749272027, 0.16143306595444928] - [0.009306763717612283, 0.5547256128610879, -0.336191689232015, -0.13861299863730295] - [0.11164279891663093, 0.028092909896890852, -0.15071016289734668, 0.07677715029139098]
B1: 0.02229885351133748 - -0.00844377589263344 - -0.027606215884295793 - -0.028920924725004123
B2: 0.008976147463039541 - 0.009636790296186476 - -0.0064501182975684225 - 0.007708629915385016
