Number: 2611
Error: 2.6394508243683012e-08
A1: [0.06300499689861766, -0.04829593714655158, -0.023866650218603746, 0.0074318040542913945] - [0.04375388678502818, 0.19135954426363275, -0.14246948391420466, -0.09241097933158741] - [-0.1237030361289154, 0.4146129828910185, -0.10510842533597885, -0.1873209290289921] - [0.03605247270646571, 0.0182205619038031, -0.0340776802575127, -0.02399157433420828]
A2: [0.06347433140010679, -0.1736572714294976, 0.08636268691966338, 0.023991784839699513] - [0.029244903753359898, 0.20025405941518787, -0.1017552631238079, -0.12791736272969148] - [-0.0928663996599634, 0.5142152814058283, -0.22506311926140807, -0.19457207715946456] - [-0.02496274447082373, 0.01948361211569383, -0.04932685186384524, 0.05791380102163622]
B1: -9.496409815072955e-05 - 0.00016353642058249905 - -7.409197107352857e-05 - -0.0003379830618311021
B2: -1.3127048261656361e-05 - -6.419196542621028e-05 - -9.093117792221968e-05 - 0.00016428917521871982
