Number: 7336
Error: 8.510291474540386e-16
A1: [0.08043168400453553, -0.18046781143052126, -0.01958885765257258, 0.11962497105819635] - [0.03741559137575535, 0.13359639754835087, -0.1347261748389748, -0.036285813721709484] - [-0.0017028283583589432, 0.22819010716140076, -0.12282839197708782, -0.10365891956753594] - [0.03886323459334804, -0.1144810183886574, -0.046416441231660534, 0.12203422811705594]
A2: [0.035307417945107396, -0.029273500982615348, -0.07569737383135304, 0.06966338145759372] - [0.10289369636859777, 0.28289664650217505, -0.39260644877166834, 0.006815939141661367] - [-0.011187150050411265, 0.5390145403291137, -0.35945106287528333, -0.16837651731453054] - [0.09786283189100461, 0.017463349126411093, -0.1688509795925839, 0.05352491247998479]
B1: 1.299540295572694e-08 - -1.6357551542600027e-08 - -4.996568922738363e-09 - -1.3918584637746874e-08
B2: -7.291120360897744e-09 - -4.149790962554902e-09 - -1.0838684102942244e-08 - -4.088634546040883e-09
