Number: 651
Error: 1.2177764287385583e-14
A1: [-0.01215342880249463, -0.014517206013227993, 0.018087244750093885, 0.008583059979016152] - [0.06583526281309618, 0.18949528724796755, -0.14532254193921235, -0.11000853025603201] - [-0.09629236743861909, 0.42178677282399263, -0.05345656651248334, -0.2720349110046485] - [-0.0013225555973045582, -0.018220259814407495, -0.003836234113497146, 0.023375523780712188]
A2: [0.1615869387327312, -0.16775455944572623, 0.008501547421982643, -0.0023328570463038143] - [0.03548570803383159, 0.20751670653017049, -0.11721043964347523, -0.12579204470653005] - [-0.0862136346542717, 0.5815380336495274, -0.23538881417995952, -0.25993565590926965] - [-0.003834451027996039, -0.0045187821179691395, 0.001110767864850642, 0.007243886699213949]
B1: 1.085024979477059e-07 - 2.6459419391474617e-07 - 1.1180796942866746e-07 - 2.00938336418033e-08
B2: -2.722755566811431e-07 - -5.46802080532787e-09 - 5.792367117050519e-07 - 1.9636234311561007e-07
