Number: 5468
Error: 4.315808236748411e-14
A1: [0.06621365375681591, -0.11395161818407244, -0.023983478576091666, 0.07172333943200439] - [0.03740304199570054, 0.1881937801448949, -0.14740852418655734, -0.07818658754775457] - [-0.060229371236636284, 0.3289508002100723, -0.1277531095986191, -0.14096832212394497] - [0.03904692509714562, -0.05332195904639684, -0.037417849352193985, 0.05169585544182255]
A2: [-0.00910722483043509, -0.3468017523205593, 0.24945645221066629, 0.10645809628928458] - [0.08004104647206296, 0.03628357202012031, -0.050248778099955205, -0.06607061400754043] - [-0.04245244952027598, 0.23083229937204322, -0.0405308491062971, -0.147847429837549] - [0.06813506025022642, -0.29346754230360306, 0.14177154580766624, 0.0835621760336588]
B1: -1.7663806856996493e-07 - 3.405556421882503e-07 - 1.5861345106304105e-07 - 1.5340776300514846e-07
B2: 2.455229449737594e-07 - 1.0085583725720332e-07 - 2.3375895995062109e-07 - 3.7375355869859197e-07
