Number: 7239
Error: 8.97761488801495e-16
A1: [0.08043169347063794, -0.18046780196549003, -0.019588848197788132, 0.11962498052321788] - [0.0374155921388545, 0.13359639831087247, -0.13472617407739648, -0.03628581295903338] - [-0.0017028411780437918, 0.22819009434199297, -0.12282840477799895, -0.103658932383798] - [0.03886324277467003, -0.11448101023029401, -0.04641643305555057, 0.12203423629329345]
A2: [0.03530741283680866, -0.02927350610504294, -0.07569737868825455, 0.06966337611120349] - [0.10289378080047164, 0.2828967316506261, -0.3926063671102458, 0.006816027554143816] - [-0.01118708359262035, 0.5390146071832934, -0.3594509999715088, -0.16837644728567008] - [0.09786279918674108, 0.017463316273388603, -0.16885101072493724, 0.05352487815116823]
B1: -1.717942136072591e-09 - 1.2741520097495433e-08 - 1.5965500328625204e-08 - 5.57358290916879e-09
B2: 1.3112005828438017e-08 - 1.2316231629140741e-08 - -8.960192316586117e-09 - 1.526140601710709e-08
