Number: 1884
Error: 7.896047875893261e-07
A1: [3.0744608788701175e-05, -0.007666070736030213, 0.010542875761282123, 0.026872037967169568] - [0.06869857229828094, 0.19168998990310518, -0.14479517815086462, -0.10778021163306226] - [-0.11523470795283852, 0.4391784861558324, -0.07361191532327484, -0.26098599530553734] - [-0.021567870668160287, 0.01713765787369531, -0.02816840476210948, 0.04081052352410982]
A2: [0.13097068112095506, -0.22529776150658465, 0.02199873389810699, 0.06951527606244695] - [0.03326668562693166, 0.20437227961690851, -0.11426432415415923, -0.12083736575754594] - [-0.09513795398285664, 0.5550196598872219, -0.23568862957805956, -0.22607058470762226] - [-0.02094881036126662, -0.019448760637568667, 0.007940440566085151, 0.03202393967536337]
B1: 0.00015414711048666218 - -0.00034919648380400957 - -8.17039365610214e-05 - 0.00033027050062544455
B2: -0.0017605228215537038 - 0.001038485663714988 - 0.0005403638225134884 - -0.000893982918589315
