Number: 9064
Error: 2.9730547904212338e-05
A1: [0.03874637240864335, -0.16905148380073076, -0.04400508018879255, 0.10449996963034867] - [0.022372586259117325, 0.14423096156729742, -0.0999687405150002, -0.008111942279454065] - [-0.032005195304763465, 0.21172549737883223, -0.13618111197053204, -0.09346314856012486] - [0.03602098966673591, -0.09145826625741717, -0.03901860398462526, 0.13108055969522253]
A2: [0.04071264595630279, -0.1222513371598066, -0.16127723649570838, 0.05918100554560718] - [0.2645296897943744, 0.40093761253739724, -0.25816739160190083, 0.20008528747840645] - [0.10551189178500037, 0.5325278929772416, -0.3156457436820226, -0.053270952131085784] - [0.18011092531578596, -0.008856618786301326, -0.16828112425420783, 0.13883374545713303]
B1: -0.018541480307197503 - -0.006920409209069744 - 0.01407533047130164 - -0.010960418422662759
B2: -0.013570987601177567 - -0.001226303740070306 - 0.006983276478760561 - -0.0006357567705465464
