Number: 5622
Error: 7.402661889116422e-08
A1: [0.06591082744931209, -0.11424739777660958, -0.02428684745340305, 0.07141966929952731] - [0.03733592005237063, 0.18812938750769231, -0.14747520881589984, -0.07825434402507067] - [-0.060673052038501686, 0.3285244492932748, -0.1281883353727058, -0.14140087288979708] - [0.038851844727074855, -0.05350705625450619, -0.03760694465529718, 0.051508540762646146]
A2: [-0.009419361270271012, -0.3471334042742173, 0.24914199290605582, 0.10613144986607512] - [0.07986421819063678, 0.03609319045654449, -0.05044197871751759, -0.066265383639452] - [-0.04304886354017613, 0.23017388001694733, -0.04117079858008755, -0.14850772187062583] - [0.06752386569786598, -0.29414039800597036, 0.1411070497614569, 0.08287525039937912]
B1: 0.00018296691005943917 - -0.00044070453685926406 - -2.0882769693489724e-05 - -6.494851014862696e-05
B2: 0.00028377130233298215 - -3.587873759810443e-05 - 0.00022921028455411287 - 0.00017585569865997928
