Number: 1496
Error: 3.22815134058838e-09
A1: [-0.007583684746430389, -0.015393687119275124, 0.0025849763973742486, 0.019047558593427563] - [0.06661309237426229, 0.18967884680023933, -0.1469559702168788, -0.11010003201038918] - [-0.11253850434636148, 0.4418312896374136, -0.07074046565962963, -0.258048795777788] - [-0.024231375882591312, 0.014496888956128119, -0.030814370703040588, 0.038001751133548034]
A2: [0.13154730222080344, -0.22466661107798347, 0.022628379433718593, 0.070122636835787] - [0.032687953250800615, 0.20379026941022435, -0.1148467543983925, -0.12141669462118483] - [-0.09470753801543838, 0.5554562325417713, -0.23528612176140468, -0.22571923169085523] - [-0.02101009660383201, -0.019456128254649954, 0.007936540606909258, 0.03200574890175109]
B1: -1.9377778742204034e-05 - -4.811236783793288e-05 - -2.6168998277376193e-05 - -2.1478433536433377e-05
B2: -7.828944951578716e-05 - -4.517507163303156e-05 - -0.00010009112900098067 - 0.00013448456577489875
