Number: 1044
Error: 7.001201758630923e-05
A1: [-0.0090397957481603, -0.021470391560133122, 0.0025704097404366383, 0.012081467126858009] - [0.06685958343403649, 0.18988437573036937, -0.14691536826250398, -0.10989689590478705] - [-0.1805203591339993, 0.36462401030947944, -0.14867751759375666, -0.34359096721715326] - [-0.025093042832323796, 0.005791854876819658, -0.0244883794122646, 0.030570948389098324]
A2: [0.11862626826112282, -0.2304887723563322, 0.0012110546977230664, 0.050613338054434825] - [0.029770634362663393, 0.20083230248301778, -0.11761742371721753, -0.12519585400344352] - [-0.01840509653920324, 0.6388361931058769, -0.1538863598061065, -0.16098506319318348] - [-0.01520058721248624, -0.014494753345978351, 0.011538599660166939, 0.03448400101023324]
B1: -0.010047957140073751 - 0.01622247659027453 - 0.0146566553103271 - 0.0035924187125914073
B2: 0.004869285302624067 - -0.0043234257732581065 - 0.0009667127240000142 - 0.012806157030738256
