Number: 6952
Error: 1.0676243004020321e-15
A1: [0.08043167225060749, -0.18046782318311588, -0.01958886939244545, 0.11962495930561161] - [0.03741559742984383, 0.1335964035978548, -0.1347261687969523, -0.03628580767097627] - [-0.0017028055545242045, 0.22819012996474694, -0.12282836920664444, -0.10365889676979076] - [0.038863240707775554, -0.1144810122913859, -0.04641643512112545, 0.12203423422768522]
A2: [0.03530739921180779, -0.029273519767728493, -0.07569739164271452, 0.06966336185115685] - [0.10289383147698235, 0.28289678275723307, -0.39260631809659635, 0.006816080619860564] - [-0.011187223877616496, 0.5390144660615602, -0.35945113275432433, -0.1683765951088583] - [0.09786279374937983, 0.017463310811295246, -0.16885101590094898, 0.05352487244370833]
B1: 4.385714509043221e-08 - -1.3371396438378358e-08 - -7.0575394303877626e-09 - 1.2696043190667011e-08
B2: -4.701206939467486e-09 - 1.2644332497775406e-08 - 1.950742971698493e-08 - 9.789434117089325e-09
