Number: 6225
Error: 9.887895853252021e-16
A1: [0.08043165826440794, -0.18046783716772868, -0.019588883361923114, 0.11962494532101126] - [0.03741557031200691, 0.13359637650054623, -0.13472619586075812, -0.03628583477378812] - [-0.0017028303667501038, 0.22819010515305693, -0.12282839398254333, -0.10365892157539226] - [0.03886321875192879, -0.11448103418561385, -0.04641645706298181, 0.12203421228548805]
A2: [0.035307391818160415, -0.02927352718183142, -0.07569739867246947, 0.06966335411287024] - [0.1028937161013295, 0.2828966664023707, -0.3926064296864163, 0.006815959804674593] - [-0.011187080615103411, 0.5390146101785872, -0.35945099715325124, -0.16837644414812464] - [0.09786278210911552, 0.017463299118082653, -0.16885102698171545, 0.053524860225205466]
B1: -2.211723031579305e-08 - -9.818891343229475e-09 - -5.3746607886118476e-09 - -8.824012621750417e-09
B2: -1.5735755192890797e-08 - -2.107682452805881e-08 - -2.1071456084371392e-09 - -9.47431447971813e-09
