Number: 8603
Error: 8.718576292144608e-16
A1: [0.0804316832636398, -0.1804678121713084, -0.019588858392600963, 0.11962497031740019] - [0.0374155478399243, 0.13359635404553583, -0.1347262182878379, -0.036285857233299974] - [-0.001702775435795124, 0.22819016008282594, -0.12282833913202323, -0.10365886665908933] - [0.038863228137390175, -0.11448102482642104, -0.04641644768348835, 0.12203422166516788]
A2: [0.035307394754529486, -0.029273524237298842, -0.07569739588075272, 0.06966335718618831] - [0.10289366399429292, 0.2828966138531658, -0.39260648008372523, 0.006815905241136382] - [-0.011187151966370816, 0.5390145384017282, -0.35945106468892374, -0.1683765193332798] - [0.09786271036803779, 0.017463227050671798, -0.16885109527481257, 0.05352478492066428]
B1: 4.7154190357173684e-08 - 6.542869726895997e-09 - 2.5560146505650084e-08 - 3.801905625039168e-08
B2: 1.8934803670736612e-08 - 9.269965915928973e-10 - 5.272069138126549e-08 - 2.060996480817678e-08
