Number: 453
Error: 2.205275892166057e-12
A1: [-0.012160626534963321, -0.014524598740169219, 0.01807928919932875, 0.008575368447398589] - [0.06582970063976123, 0.18948993667750294, -0.14532829273214742, -0.11001472318615303] - [-0.09630059661665254, 0.4217788196427802, -0.05346549597469256, -0.2720444983037831] - [-0.0013295947031196182, -0.018227029239329413, -0.003843726811643347, 0.023367387857104235]
A2: [0.1615872724577244, -0.16775423206361845, 0.008501874548679749, -0.00233253155759469] - [0.03548605371612451, 0.20751704666748017, -0.11721009540231936, -0.12579170653324556] - [-0.08621086397686364, 0.5815407475546476, -0.2353861181678393, -0.2599329540460501] - [-0.0038326912928265977, -0.0045170516075408295, 0.0011125096471742383, 0.007245570361782513]
B1: -8.238987076052931e-07 - 5.41398793139916e-07 - 2.2404453908241418e-07 - 2.736845908168414e-07
B2: 3.125367290837404e-06 - -6.905721518961941e-06 - -3.4290086421291496e-07 - -1.0916635357872401e-07
