Number: 9177
Error: 1.0850366238517151e-07
A1: [0.05402063891445582, -0.14715293826607223, -0.026158981818381603, 0.1226831083052701] - [0.007662787260027366, 0.13319474258494976, -0.11125822734211642, -0.020186718705408425] - [-0.013887609423622662, 0.2236631729435108, -0.12648048607897766, -0.08103032923218818] - [0.029641296047694075, -0.09752651335727522, -0.04692846798156057, 0.1248042889865042]
A2: [0.09163303631429555, -0.07055376999313986, -0.12129291587491957, 0.10969851821031683] - [0.10844682331436518, 0.24941645254579267, -0.40523394871012514, 0.045789708003096785] - [0.03635322873974587, 0.4622672520408196, -0.37799574496364824, -0.12175924955736192] - [0.14403491894895776, -0.04399690171985578, -0.20090116109863929, 0.10329957963179048]
B1: 9.566449124566657e-05 - -7.224515795485658e-05 - 0.0004693692847766151 - -0.00037162234829201567
B2: 0.0003562691452037546 - -0.00028995922591167235 - 0.0006811258992709376 - -0.0008518423474981262
