Number: 8883
Error: 0.00040288145700139485
A1: [0.06645699692294596, -0.19232093161812036, -0.03192681303815272, 0.10795017297425427] - [0.0214386741411109, 0.12013443337361401, -0.14744847266045627, -0.049936730112958023] - [-0.032372077437200705, 0.1989716184461442, -0.15143224830043175, -0.1329046838905323] - [-0.009292784919992057, -0.15981497189183097, -0.09264353924399407, 0.07681539304535076]
A2: [0.021732462628783842, -0.04273532015919063, -0.08969944863655811, 0.05414879297476153] - [0.09786945430075558, 0.27793827170986785, -0.39676419138306207, 0.0011390009971116045] - [0.0074893126795966885, 0.5563657735775349, -0.3420579548657197, -0.14828833213845] - [0.12015835786100088, 0.04014602835774864, -0.1470747808915138, 0.0770846215276896]
B1: 0.005209890007237676 - 0.004680503144512113 - 0.005960282273842198 - 0.005021545546566265
B2: -0.02169103225038742 - -0.023689382965919763 - -0.005128053544274754 - -0.0018987904227044938
