Number: 7926
Error: 1.0636724350799127e-15
A1: [0.08043173163747513, -0.18046776380298696, -0.019588810076594725, 0.11962501868569325] - [0.03741549792906082, 0.13359630417237717, -0.1347262680994378, -0.03628590711662729] - [-0.0017028094487177316, 0.22819012607063455, -0.12282837309513177, -0.10365890066293859] - [0.038863243204321885, -0.11448100980185827, -0.04641643262617156, 0.12203423672267763]
A2: [0.035307353793145604, -0.029273565311982157, -0.07569743482629536, 0.06966331431569849] - [0.1028936624366658, 0.2828966122822833, -0.3926064815902165, 0.0068159036100247] - [-0.011187101509659073, 0.5390145891593762, -0.3594510169303798, -0.16837646616547072] - [0.09786275656904438, 0.017463273461845976, -0.16885105129427005, 0.05352483341651622]
B1: -2.3244827058700897e-08 - -9.771975443471864e-09 - 7.72982551084217e-09 - -7.12962505301852e-09
B2: 2.342376275017669e-08 - -7.669369939221772e-08 - 1.0986667285819682e-08 - -2.7297521808535364e-09
