Number: 1108
Error: 4.137128965459886e-06
A1: [-0.012479153042933035, -0.020303479351210355, -0.0024063013720896404, 0.013922625258774515] - [0.0641092283377245, 0.1872349329845773, -0.14958866659295164, -0.11283936167596224] - [-0.12682325773859685, 0.42789011008270356, -0.08551541935497288, -0.27372353006310035] - [-0.02436986175232008, 0.014351382251701248, -0.030741001237340488, 0.037825931849071674]
A2: [0.12658164923348303, -0.2295301124033759, 0.017828745536251266, 0.06520211613578046] - [0.012623410827324126, 0.18409225438415966, -0.13480270448440987, -0.14108759032047055] - [-0.09142158912132689, 0.5588014674022025, -0.23202741097383003, -0.22258794336714136] - [-0.027916309466315858, -0.02637398891584203, 0.0013151948224645015, 0.025167131540125252]
B1: 0.0004766132931861594 - -1.2779122913036825e-05 - 0.0004602052022771384 - 0.002417099964160221
B2: 0.0015584537812076494 - -0.006619658931786399 - 0.0035440023673066865 - 0.00010034918804361997
