Number: 4027
Error: 7.563338192306356e-16
A1: [0.06621322473686392, -0.11395203761643136, -0.0239839072588044, 0.07172291113247738] - [0.03740258999403366, 0.18819334828809373, -0.14740896853867236, -0.07818703193924305] - [-0.060229246562992673, 0.3289509199536528, -0.12775298759910172, -0.14096820078148065] - [0.039046241257769704, -0.05332260812163286, -0.0374185109443665, 0.05169519922124402]
A2: [-0.009108583655653363, -0.3468031938168899, 0.24945508239359265, 0.10645667163931113] - [0.08003984166013371, 0.03628227409477443, -0.050250094889379114, -0.06607194197705811] - [-0.04245287252007183, 0.23083183252532852, -0.040531302408511515, -0.14784789765754933] - [0.06813481823292943, -0.2934678087734005, 0.14177128343940054, 0.08356190468939943]
B1: 8.296532997930147e-09 - -5.723651284324795e-09 - -3.269104458574311e-08 - 8.15655868141541e-09
B2: 7.317135718010176e-09 - -1.06385839169853e-08 - -1.82617753122283e-08 - 1.0016987443149081e-08
