Number: 8635
Error: 1.2045279198637687e-15
A1: [0.08043172496095854, -0.18046777047870938, -0.01958881674513706, 0.11962501200995863] - [0.03741567202830036, 0.13359647813992048, -0.1347260943469041, -0.036285733113716634] - [-0.0017027704280089418, 0.22819016509051135, -0.12282833413156552, -0.10365886165263334] - [0.03886327822555358, -0.11448097487881802, -0.046416397627237906, 0.12203427172220335]
A2: [0.03530749253193121, -0.029273426189473716, -0.07569730291497406, 0.06966345952056084] - [0.10289378597061011, 0.2828967368646688, -0.3926063621096709, 0.006816032967926107] - [-0.01118705584592392, 0.53901463509546, -0.359450973708561, -0.16837641804810657] - [0.0978628548225426, 0.01746337216221674, -0.16885095776311768, 0.053524936550460395]
B1: 1.946201890578758e-09 - 1.2814797030259561e-08 - 7.039852142075562e-09 - -2.7617244188914048e-09
B2: 2.007683150809989e-08 - 1.786246088110154e-08 - 3.714390059381771e-08 - 1.1845807470301328e-08
