Number: 676
Error: 9.238573614659614e-15
A1: [-0.012153664613272159, -0.014517448214812411, 0.018086984107872458, 0.008582807987686087] - [0.06583588336950473, 0.1894958841969087, -0.14532190033815967, -0.11000783932869529] - [-0.09629256353244724, 0.4217865833009818, -0.0534567792986966, -0.2720351394640119] - [-0.001322143384139866, -0.018219863382673545, -0.0038357953263118195, 0.023376000230205272]
A2: [0.1615871234148691, -0.16775437824263115, 0.008501728378382053, -0.0023326770069998282] - [0.03548561375489725, 0.20751661376627534, -0.11721053352731893, -0.12579213693566968] - [-0.08621346945995471, 0.5815381954560387, -0.23538865344139118, -0.259935494820287] - [-0.0038346181782419517, -0.004518946490026556, 0.0011106024247636882, 0.0072437267811569245]
B1: -5.434908916238487e-08 - 3.1656534870246353e-07 - 1.0224079706604266e-07 - 2.1832668712239222e-08
B2: -1.1926827621598358e-07 - 6.081738640779695e-08 - 3.3482707569214897e-07 - 2.4853192055235505e-07
