Number: 3992
Error: 1.1383274561389844e-15
A1: [0.06621317461160459, -0.11395208662155226, -0.023983957344727493, 0.07172286109134264] - [0.03740264288161729, 0.18819339881858382, -0.14740891654612867, -0.07818697994209826] - [-0.06022945492658811, 0.3289507198319547, -0.12775319149139333, -0.1409684035771243] - [0.039046173206135154, -0.05332267271366806, -0.03741857678204079, 0.05169513391815754]
A2: [-0.009108650753441722, -0.34680326499718495, 0.24945501475291487, 0.10645660129091467] - [0.08003975164039845, 0.036282177117714365, -0.05025019327584425, -0.06607204119895359] - [-0.04245282405307409, 0.23083188601653917, -0.04053125046934602, -0.1478478440548555] - [0.06813470568340799, -0.29346793269539334, 0.14177116142481427, 0.08356177850050664]
B1: 5.984465150568092e-09 - -2.73401008254612e-08 - 2.401585240429117e-08 - -4.262430868205962e-09
B2: -1.327176176045532e-08 - -1.8094288861106683e-08 - 2.200111617745473e-08 - -8.285537279657255e-09
