Number: 8078
Error: 7.762354825687107e-16
A1: [0.08043170469818371, -0.18046779073922153, -0.019588836983676645, 0.11962499174948002] - [0.03741558675852143, 0.13359639293460995, -0.13472617944695017, -0.036285818336364475] - [-0.0017028117762940623, 0.22819012374310924, -0.12282837541930122, -0.10365890298989365] - [0.03886324897678441, -0.1144810040455887, -0.04641642685738639, 0.12203424249155502]
A2: [0.03530734406348475, -0.02927357506857441, -0.07569744407718319, 0.06966330413259277] - [0.10289383328826596, 0.2828967845838802, -0.39260631634466203, 0.006816082516428982] - [-0.011187093848432136, 0.53901459686629, -0.3594510096788481, -0.16837645809258472] - [0.09786287377590597, 0.017463391201810664, -0.16885093972076823, 0.05352495644538191]
B1: 2.5308406735170833e-09 - -3.002008443440049e-08 - 1.926769031729378e-08 - -2.2233405193921756e-08
B2: 6.746294756688649e-10 - -1.1681208505132494e-08 - -8.501365152659957e-10 - -6.965608109094611e-09
