Number: 2606
Error: 3.523403004691955e-08
A1: [0.06372378164435809, -0.04757939544559117, -0.02315439483770672, 0.008144903468355403] - [0.04401402831870686, 0.191610888833912, -0.14220159447268366, -0.0921249353056555] - [-0.12300833609492642, 0.41530583844064933, -0.10441076144959974, -0.18662590638514373] - [0.03740378878638378, 0.019574870698704536, -0.032727878387940945, -0.02264864234057051]
A2: [0.06441236377171046, -0.17272395520723113, 0.08729825024000823, 0.024918326927035706] - [0.029306966881031533, 0.20031517736029789, -0.10169339587588619, -0.12785665931657614] - [-0.09244765047411747, 0.5146261375636095, -0.2246435448036974, -0.194166476603471] - [-0.024424184403062384, 0.020019053392018572, -0.04878804303401814, 0.05843828794591684]
B1: 0.0001933525426913373 - 2.2900829876517482e-05 - 0.00012444167336191731 - 7.57246995269596e-05
B2: -0.0001013584717588697 - 2.4870769600216126e-05 - -9.187536151472061e-06 - -1.649672565966273e-05
