Number: 4040
Error: 1.107842301756007e-15
A1: [0.06621319419993771, -0.11395206747095404, -0.023983937771766495, 0.07172288064680238] - [0.03740261040092892, 0.18819336778549542, -0.14740894847712976, -0.07818701187592728] - [-0.060229375830429456, 0.3289507957994368, -0.1277531140925748, -0.14096832659459385] - [0.03904615745587871, -0.05332268766321107, -0.037418592019888945, 0.051695118804044156]
A2: [-0.009108667116460934, -0.34680328235578467, 0.24945499825749212, 0.10645658413518835] - [0.08003985057106482, 0.03628228369440139, -0.0502500851502367, -0.06607193215521813] - [-0.04245293624933569, 0.23083176218973478, -0.04053137070333137, -0.14784796813974002] - [0.06813480097015655, -0.29346782778047387, 0.14177126472488275, 0.08356188533463163]
B1: 3.763228976955193e-08 - -9.527663814933389e-09 - -2.7395679377816055e-08 - 2.2512076206447527e-08
B2: 6.9901211558237144e-09 - 2.089579758135935e-08 - 3.0118053074515448e-09 - -9.794188511804692e-10
