Number: 3944
Error: 1.0520681620244915e-15
A1: [0.06621320381892365, -0.1139520580669185, -0.023983928160330948, 0.0717228902496469] - [0.03740259686955101, 0.18819335485717748, -0.14740896177951435, -0.07818702517948943] - [-0.06022929672806394, 0.32895087177287513, -0.1277530366876822, -0.1409682496060386] - [0.03904620557145746, -0.05332264199371846, -0.03741854546968013, 0.05169516497628244]
A2: [-0.009108545565954104, -0.3468031534096531, 0.24945512079149038, 0.10645671157427929] - [0.08003983125184654, 0.03628226288206825, -0.05025010626503695, -0.06607195344932051] - [-0.04245282682258509, 0.2308318829599306, -0.04053125343726777, -0.14784784711784252] - [0.06813468113069317, -0.293467959729025, 0.14177113480729578, 0.08356175097234621]
B1: 2.5028404753060285e-09 - -3.184395064574085e-08 - 1.7203976564041627e-08 - 5.851309571578799e-09
B2: 1.2031351257499377e-08 - -1.0336959816394039e-08 - -1.5303511271284313e-08 - 3.000243853059871e-08
