Number: 8552
Error: 1.2162539644672614e-15
A1: [0.08043167589050171, -0.18046781954360988, -0.01958886575691979, 0.11962496294510354] - [0.03741555287696114, 0.13359635907875805, -0.13472621326083553, -0.03628585219905807] - [-0.001702765062014673, 0.22819017045638104, -0.12282832877342863, -0.10365885628808108] - [0.038863239017388855, -0.11448101397695412, -0.04641643681041771, 0.12203423253840355]
A2: [0.035307421737286036, -0.029273497179917157, -0.0756973702258168, 0.0696633854264958] - [0.1028937327226622, 0.28289668316481825, -0.39260641361045784, 0.006815977209654924] - [-0.01118714988887932, 0.5390145404916126, -0.3594510627225285, -0.16837651714416277] - [0.0978627669010442, 0.017463283840816773, -0.16885104145891086, 0.05352484426176395]
B1: 3.537107478743287e-08 - 1.1417830026724302e-09 - 2.7220733182556955e-08 - 2.3283471233423446e-08
B2: 2.8430199484887258e-08 - -4.531788096036312e-08 - 6.834512640976727e-09 - 2.164942884346704e-08
