Number: 4062
Error: 9.969577335262887e-16
A1: [0.06621317138199222, -0.11395208977899121, -0.02398396057180581, 0.07172285786715286] - [0.03740263970025263, 0.18819339577900676, -0.14740891967364725, -0.07818698306990164] - [-0.060229416421255705, 0.328950756814196, -0.12775315381236083, -0.1409683661007383] - [0.03904609711100851, -0.053322744940273614, -0.03741865040153267, 0.051695060896456715]
A2: [-0.009108511803329432, -0.3468031175927853, 0.2494551548272753, 0.10645674697255723] - [0.08003982677680073, 0.03628225806115866, -0.05025011115601695, -0.06607195838181958] - [-0.042452827999340886, 0.23083188166118557, -0.04053125469833669, -0.14784784841929546] - [0.06813475447156617, -0.2934678789774678, 0.1417712143159094, 0.0835618332010975]
B1: -2.4806300870599e-08 - -3.668990957740485e-09 - 4.9778158568499554e-09 - 2.320580746054701e-09
B2: -5.218557176207453e-09 - 2.8542786420914763e-08 - -1.5072334296026003e-08 - -2.688021388952762e-08
