Number: 8364
Error: 9.985815302475921e-16
A1: [0.08043165703893432, -0.18046783839308547, -0.01958888458598503, 0.11962494409564521] - [0.037415643756665375, 0.13359644988965516, -0.13472612256228406, -0.03628576136971825] - [-0.0017028190282383027, 0.2281901164913207, -0.12282838266063005, -0.10365891023989598] - [0.038863196892954616, -0.1144810559832496, -0.04641647890804534, 0.12203419044008601]
A2: [0.035307460474784516, -0.02927345833525562, -0.07569733339458816, 0.069663425969437] - [0.10289369508872473, 0.2828966452114778, -0.3926064500095569, 0.006815937801494097] - [-0.0111871223577181, 0.5390145681869313, -0.35945103666357475, -0.16837648813375353] - [0.0978627785256295, 0.01746329551826035, -0.16885103039302002, 0.05352485646375963]
B1: 2.0285969328411304e-08 - 3.539965839822428e-09 - -4.387008801968284e-10 - -1.2104075529935347e-08
B2: -9.085690227887114e-09 - 5.049714967120409e-08 - 1.420598112849441e-08 - -1.4463994285140782e-08
