Number: 289
Error: 9.978733447932584e-09
A1: [-0.012655911029466211, -0.015033341379816073, 0.017531901872744764, 0.008046233201784537] - [0.06493490857201384, 0.18862916498870752, -0.14625344093259404, -0.11101097732041176] - [-0.09562617432615816, 0.4224309363241257, -0.052733324967440244, -0.27125867570677575] - [-0.001444280125571071, -0.018337068537917542, -0.003965601518111675, 0.02323486790232752]
A2: [0.16163954579106116, -0.16770296444893645, 0.008553257701700876, -0.002281432123898161] - [0.035563562023952826, 0.2075932990721396, -0.11713297767031774, -0.12571593384661223] - [-0.08605943925650687, 0.58168902731611, -0.23523880384057672, -0.2597852240643358] - [-0.0037354454297250455, -0.004421376075083481, 0.001209004506423652, 0.007338848811574826]
B1: -5.9434485288210205e-05 - 0.00020118159869798592 - -5.487897788834962e-05 - -7.03315233841198e-05
B2: -6.020731371853963e-05 - -1.0117222131345054e-05 - 0.00010739744644881161 - -0.00022944650058693067
