Number: 8460
Error: 8.607651339627098e-16
A1: [0.08043173317190237, -0.18046776226871447, -0.01958880854402889, 0.11962502021994341] - [0.037415635032194486, 0.13359644117173605, -0.13472613126941027, -0.03628577008940465] - [-0.0017027894043954936, 0.22819014611453098, -0.12282835308016113, -0.10365888062395913] - [0.03886329255689105, -0.114480960587743, -0.0464163833050393, 0.1220342860446013]
A2: [0.03530743619213808, -0.02927348268508302, -0.07569735648227818, 0.06966340055507052] - [0.10289376993215862, 0.28289672069010496, -0.3926063776218856, 0.006816016173386425] - [-0.01118708388438316, 0.5390146068897416, -0.35945100024763915, -0.16837644759315223] - [0.09786281487229606, 0.01746333203026794, -0.16885099579326915, 0.05352489461584449]
B1: -2.069936668724008e-08 - -1.3178518753247928e-08 - -1.880348795040859e-08 - -1.764302814645559e-08
B2: 6.875534703662033e-10 - -2.3502531743632712e-08 - 1.6189955588244477e-09 - -2.233835902572455e-09
