Number: 7070
Error: 8.676187055202079e-16
A1: [0.0804317011365393, -0.18046779430045645, -0.01958884054105286, 0.119624988188244] - [0.03741560269119538, 0.13359640885522575, -0.13472616354608347, -0.03628580241253859] - [-0.0017027948191386732, 0.22819014069990326, -0.1228283584869796, -0.10365888603727069] - [0.03886323901498192, -0.11448101397942695, -0.046416436812838746, 0.12203423253594478]
A2: [0.035307397806654456, -0.02927352117676795, -0.07569739297872048, 0.0696633603805148] - [0.10289379759995354, 0.2828967485926866, -0.3926063508620141, 0.006816045145659288] - [-0.011187108550761939, 0.539014582076289, -0.35945102359494396, -0.1683764735849267] - [0.09786278227510031, 0.017463299284823607, -0.16885102682372274, 0.05352486039945313]
B1: 2.760587075286172e-08 - -3.14344268054159e-08 - -2.285831597021195e-09 - 1.3911473505164577e-08
B2: 4.388899518204191e-09 - 1.1415469672860733e-09 - 7.701990622831851e-09 - -2.279241980777576e-09
