Number: 7386
Error: 1.0513247118688328e-15
A1: [0.0804317012748845, -0.18046779416213088, -0.019588840402879202, 0.11962498832657177] - [0.03741552796987783, 0.1335963341904627, -0.13472623811851347, -0.03628587709246337] - [-0.001702804668803586, 0.2281901308504477, -0.12282836832222432, -0.10365889588430409] - [0.038863178171074285, -0.1144810746525902, -0.04641649761798158, 0.12203417172984926]
A2: [0.03530737150992724, -0.029273547546212062, -0.07569741798136098, 0.06966333285818298] - [0.10289378423644725, 0.2828967351157645, -0.39260636378701214, 0.006816031152109623] - [-0.011186995708564832, 0.5390146955915291, -0.3594509167872889, -0.16837635467922868] - [0.09786283256665845, 0.01746334980513977, -0.16885097894940343, 0.053524913189200496]
B1: -3.890984259531725e-08 - -6.555906510921896e-11 - 2.000911309748713e-08 - -1.8056420062189798e-09
B2: 2.023170752575893e-08 - -3.528458550013419e-08 - 2.4132781459462512e-08 - -2.7191051378548955e-08
