Number: 4485
Error: 1.3944278885697899e-15
A1: [0.06621316541071226, -0.11395209561685818, -0.02398396653842135, 0.07172285190587725] - [0.03740261720642785, 0.18819337428768124, -0.14740894178679476, -0.07818700518501948] - [-0.06022916243645142, 0.32895100075261996, -0.1277529052778186, -0.1409681189028734] - [0.039046165991008484, -0.05332267956191027, -0.0374185837623892, 0.05169512699452288]
A2: [-0.009108695168262357, -0.3468033121142323, 0.2494549699786709, 0.10645655472446218] - [0.08003982862623699, 0.03628226005355958, -0.050250109134663046, -0.06607195634328034] - [-0.04245277826395729, 0.23083193655223355, -0.04053120139988107, -0.14784779341376966] - [0.06813474655221241, -0.293467887696991, 0.14177120573054122, 0.08356182432207819]
B1: 3.1385114510367536e-08 - 2.4027692899166197e-09 - 7.710110754918319e-09 - -1.6364247873028176e-08
B2: -1.986159927911561e-09 - -1.5052568281798345e-09 - 6.218799011216145e-08 - 5.763416174684703e-10
