Number: 8615
Error: 1.4472166688586187e-15
A1: [0.08043173713828294, -0.18046775830276604, -0.019588804582374827, 0.11962502418589165] - [0.03741565429675559, 0.1335964604217954, -0.13472611204312165, -0.036285750835437745] - [-0.0017027739738264527, 0.22819016154476668, -0.12282833767219264, -0.10365886519750785] - [0.03886329452037029, -0.11448095862973211, -0.04641638134280737, 0.12203428800689246]
A2: [0.0353073253245052, -0.029273593859345366, -0.07569746189412337, 0.06966328452033331] - [0.10289374159826654, 0.2828966921157437, -0.39260640502607613, 0.006815986503684567] - [-0.011187118194664378, 0.5390145723748557, -0.35945103272317536, -0.1683764837469569] - [0.09786270026211677, 0.017463216898784415, -0.16885110489502042, 0.053524774312765616]
B1: 6.277299086780132e-09 - 2.4170914303618074e-08 - 8.080242087798976e-11 - 3.1887515009170166e-08
B2: -9.309807167872914e-09 - -3.5070868416083926e-08 - 3.92842888737689e-08 - -1.4519129422277574e-08
