Number: 659
Error: 1.9849638858774723e-14
A1: [-0.012152606870243407, -0.014516361804333485, 0.018088153233594858, 0.00858393830900997] - [0.06583513729979096, 0.18949516650945641, -0.14532267170900615, -0.11000867000249556] - [-0.0962946854446072, 0.42178453250980324, -0.05345908182685856, -0.27203761159547457] - [-0.0013222686323653662, -0.018219983835212696, -0.003835928648641935, 0.02337585546424856]
A2: [0.1615864259976436, -0.1677550625249434, 0.008501045024308682, -0.0023333568918115807] - [0.03548574982699411, 0.20751674765174774, -0.11721039802539143, -0.12579200382197378] - [-0.08621362442074104, 0.5815380436730087, -0.2353888042226443, -0.2599356459301531] - [-0.0038349850590184767, -0.0045193072703492, 0.0011102393031252114, 0.007243375775419276]
B1: 5.415637793735252e-09 - 2.631684083776816e-07 - -7.781854372531204e-08 - 4.417959796431898e-08
B2: 8.40398639150054e-08 - 1.766165350332384e-07 - -3.5402641865408215e-07 - 3.742542041707617e-07
