Number: 4174
Error: 9.868486176842163e-16
A1: [0.0662131879368575, -0.11395207359407396, -0.023983944029933632, 0.07172287439423383] - [0.037402616629942965, 0.18819337373689424, -0.14740894235352783, -0.07818700575178972] - [-0.06022942262168735, 0.3289507508590237, -0.12775315987973826, -0.14096837213547847] - [0.039046105454161484, -0.0533227370212678, -0.0374186423298077, 0.05169506890263448]
A2: [-0.009108352620979338, -0.3468029487252023, 0.24945531529757256, 0.10645691386655608] - [0.08003982178847156, 0.03628225268730007, -0.050250116607976174, -0.06607196388007122] - [-0.04245289487344268, 0.23083180785478424, -0.04053132636325462, -0.1478479223795131] - [0.06813480843092197, -0.29346781956585155, 0.14177127281306118, 0.08356189369951758]
B1: 2.297040423579079e-09 - -3.1371689265960747e-09 - -3.110373977162202e-08 - 1.1990989810031869e-08
B2: -1.2493246047848502e-09 - 7.476110780978832e-09 - -4.0259334147639665e-09 - -2.722690779979167e-08
