Number: 1297
Error: 8.199619206676587e-09
A1: [-0.006909887079748305, -0.014713223979032812, 0.003286040218765573, 0.019739965713532086] - [0.06655647841328556, 0.18962429278603699, -0.14701462351993075, -0.11016298446288668] - [-0.11241301106126046, 0.44195513430282746, -0.07060919443913799, -0.25791324079395184] - [-0.023330918653995655, 0.0153824152575418, -0.02989484063197972, 0.03895220023362371]
A2: [0.13167462043625972, -0.22454212704997997, 0.022754074785362732, 0.07024718269414684] - [0.03234225861325556, 0.20345008460549216, -0.11519113830433791, -0.12175485748756917] - [-0.09469227112513227, 0.5554715716985584, -0.23527065760175042, -0.22570335360935787] - [-0.02088579418252143, -0.019334290296553237, 0.008060631380706866, 0.03212560646671284]
B1: -1.4625487292134693e-07 - 3.8014307864690506e-06 - -0.0001196465936439233 - 3.5249717867825596e-05
B2: 0.00011916599240521454 - -0.000166355044746428 - 6.444042640285058e-05 - 7.746344027917007e-05
