Number: 5274
Error: 1.1893321700515425e-15
A1: [0.06621304063627119, -0.11395221760301427, -0.023984091214939298, 0.07172272734081765] - [0.03740257502749922, 0.1881933339886492, -0.14740898325186225, -0.07818704665376881] - [-0.06022933514104824, 0.32895083487911986, -0.12775307427641755, -0.1409682869922924] - [0.039046002693514145, -0.05332283455781294, -0.03741874174729903, 0.05169497029228164]
A2: [-0.00910866272495171, -0.3468032776966741, 0.24945500268423867, 0.10645658873979182] - [0.0800398297504712, 0.036282261264701236, -0.05025010790579584, -0.06607195510409367] - [-0.04245283793233464, 0.23083187069862013, -0.0405312653427655, -0.14784785940463882] - [0.06813476514216957, -0.29346786722866297, 0.14177122588353105, 0.0835618451648934]
B1: 1.2279634780521542e-08 - -7.264991779748319e-09 - 1.0364060546109734e-08 - 6.819629771663951e-09
B2: -2.636783824954609e-08 - 2.178652805158473e-08 - 5.6933826306454717e-08 - -3.4510716750815304e-08
