Number: 1448
Error: 4.254819039784217e-10
A1: [-0.007016952814508656, -0.014821655823651997, 0.0031744834068537777, 0.019629950076073526] - [0.0668277754057303, 0.18988543048251577, -0.14673403020624545, -0.10986120484538159] - [-0.1125242942981672, 0.4418450975556446, -0.07072587167455172, -0.25803374794151895] - [-0.023269159095963287, 0.015442539513471038, -0.02983248923452584, 0.039017262103880984]
A2: [0.13163941873942672, -0.22457599948787138, 0.02271898105936049, 0.07021265567842663] - [0.03260707646758933, 0.2037107003292657, -0.11492729515803564, -0.12149578027476812] - [-0.09472292917071669, 0.5554413609449901, -0.23530085117349905, -0.2257335416271841] - [-0.02088095480863105, -0.019328623893409173, 0.008064925443694306, 0.032130175188661604]
B1: -1.5877897217777013e-05 - 1.0994574450706743e-05 - 5.18693736807871e-06 - -2.8748670526013094e-05
B2: 3.500834115339177e-06 - -3.598021767173542e-05 - 4.524470745490124e-06 - -2.2270381229116887e-05
