Number: 7141
Error: 9.588585990253105e-16
A1: [0.08043169351860764, -0.18046780191752507, -0.019588848149875916, 0.1196249805711823] - [0.037415598897039694, 0.13359640506394274, -0.13472616733267875, -0.036285806204592326] - [-0.0017027256526454615, 0.2281902098649237, -0.12282828942175303, -0.10365881688923428] - [0.03886322204132457, -0.11448103090545156, -0.04641645377568235, 0.12203421557283566]
A2: [0.03530735361020926, -0.029273565495454686, -0.07569743500015637, 0.0696633141241557] - [0.10289375533498882, 0.28289670596901667, -0.39260639174013695, 0.006816000888069891] - [-0.011187062356987142, 0.5390146285455888, -0.35945097987151703, -0.1683764249089457] - [0.09786278919110804, 0.017463306232289276, -0.1688510202401321, 0.05352486765900945]
B1: -1.4444503760689425e-08 - 9.67658233286439e-09 - 2.7943484152183997e-08 - 8.31007316419942e-09
B2: -9.726022093956623e-09 - -1.0595488689785536e-08 - 6.319676448073999e-08 - -1.9367391874396042e-08
