Number: 2235
Error: 0.0005380904249100764
A1: [0.10618568628725965, -0.0023880153854653847, 0.02104377030167501, 0.05098859850193253] - [0.008860561403125581, 0.14607676647848958, -0.19928485269240248, -0.15249717930719198] - [-0.10546998667037125, 0.43671979590216564, -0.0776217605060186, -0.16871432761814528] - [0.06719352117876691, 0.06060790715544876, 0.014482411862560229, 0.00860164243503777]
A2: [0.10960433380267, -0.15505931875721674, 0.12422095533996949, 0.06490457046877861] - [0.13450917911422455, 0.3022723432247616, 0.005645009197086057, -0.026919250683729294] - [0.007390650950516572, 0.6256511574442462, -0.11688001850860255, -0.10144711877921163] - [0.04375599603012434, 0.10464023622405977, 0.02502675726330036, 0.13506081970481504]
B1: -0.023998580469543274 - -0.02743005674715382 - -0.024323035027839994 - -0.0013628476626849108
B2: 0.001274583788948955 - -0.015795938799547844 - 0.0006792600783467433 - 0.0015045378871922097
