Number: 5144
Error: 1.2332989517252111e-15
A1: [0.06621320842926663, -0.11395205355960311, -0.02398392355364369, 0.07172289485220583] - [0.0374026455692999, 0.18819340138654755, -0.14740891390387648, -0.07818697729964358] - [-0.060229653522673454, 0.32895052909093336, -0.12775338582594817, -0.1409685968662598] - [0.03904625130967299, -0.05332259858049685, -0.03741850121933678, 0.05169520886728808]
A2: [-0.009108506801401774, -0.3468031122866037, 0.24945515986947447, 0.10645675221672846] - [0.0800398291423034, 0.036282260609530784, -0.05025010857053468, -0.066071955774435] - [-0.04245277684296557, 0.2308319381204153, -0.0405311998771357, -0.14784779184233027] - [0.06813479498830699, -0.2934678343668636, 0.14177125823958586, 0.08356187862779772]
B1: 5.612787824514266e-08 - -4.5716416352650465e-10 - -1.0837799859300181e-08 - 8.839388595412118e-11
B2: 1.5242149487169563e-08 - -2.8619647799447626e-09 - -3.911250838856112e-08 - 2.918020600202739e-08
