Number: 1038
Error: 0.00016493752634463092
A1: [0.025046667530788488, 0.01073483053438249, 0.0361903534024937, 0.044637175475699176] - [0.055672403467453925, 0.17927755668021444, -0.15848006802659526, -0.12228450241485282] - [-0.07965951472316489, 0.4545657154038168, -0.0460855792281072, -0.24118620674826396] - [-0.0380767813210514, -0.013452992888676171, -0.0448538165092864, 0.010128250010967718]
A2: [0.05723545204111509, -0.2870715667027612, -0.0631898391151738, -0.019193505589581845] - [0.035431366039465687, 0.20641035145794737, -0.11223187778790701, -0.12028921359030649] - [-0.17388373527208215, 0.4897344190382072, -0.3055475250933998, -0.3161074905435046] - [-0.04125709632405447, -0.03971702402170636, -0.016588851293346536, 0.006802898966488443]
B1: 0.015541117468208455 - 0.014349696594397004 - 0.022877582283884635 - -0.0004842012028407564
B2: 0.01392435883751264 - -0.003301031515566561 - 0.02803953860996947 - 0.017766346069814344
