Number: 236
Error: 2.1311110294558725e-07
A1: [-0.017942180611804793, -0.020469610349034936, 0.011675173422136274, 0.0023868074575225016] - [0.06812394285731177, 0.19169541955969457, -0.14295609957287903, -0.10745916587913734] - [-0.09016314359833509, 0.4277144393980245, -0.046792772866148614, -0.2648837727686893] - [0.0022357480976336252, -0.014804633237345625, -4.5476335659441346e-05, 0.027485498540988033]
A2: [0.1632759120196881, -0.1660917892079232, 0.010168265104673788, -0.0006899567448136296] - [0.03797286926196319, 0.20996663990603437, -0.11473097250703644, -0.1233583411032321] - [-0.08691957431545505, 0.5808380865891247, -0.23609199433456254, -0.26064206097779735] - [-0.004779347946629889, -0.005451640050733503, 0.00016766618009148276, 0.006331135536295407]
B1: -3.432802342477297e-05 - 0.0004916059645454956 - 0.0009449817558176037 - 0.0004420004029914328
B2: 0.00024204338577551467 - 0.0019007939242266703 - -0.0003904548006881714 - -0.0008612908975676232
