Number: 7767
Error: 8.544366180707394e-16
A1: [0.08043170096888934, -0.18046779446809555, -0.019588840708497788, 0.11962498802061639] - [0.037415619962798234, 0.13359642611375133, -0.13472614630888086, -0.0362857851504994] - [-0.0017027949964725595, 0.2281901405225731, -0.1228283586640453, -0.10365888621454944] - [0.03886323908674487, -0.11448101390787777, -0.04641643674111863, 0.12203423260766322]
A2: [0.03530738812090329, -0.029273530889296333, -0.07569740218786462, 0.06966335024337593] - [0.10289365620087654, 0.2828966059935621, -0.39260648762139305, 0.006815897080240358] - [-0.011187127498690658, 0.5390145630153486, -0.3594510415295844, -0.168376493550992] - [0.09786276741565049, 0.017463284357789755, -0.16885104096898754, 0.0535248448019044]
B1: -7.857438914838053e-09 - -2.925261645948806e-08 - -3.0528092548620763e-09 - -5.7980201594100785e-09
B2: -3.395920465728272e-08 - 5.813570686213768e-08 - -2.1087853149706647e-08 - -2.873060603834092e-08
