Number: 5439
Error: 5.234002283443108e-16
A1: [0.06621311075331898, -0.11395214905276908, -0.023984021152889386, 0.07172279734022047] - [0.03740266531091277, 0.1881934202484389, -0.14740889449628578, -0.07818695789034422] - [-0.06022953035626689, 0.32895064738530255, -0.12775326530244668, -0.14096847699087664] - [0.039046137881175336, -0.05332270624253474, -0.03741861095748408, 0.05169510002014955]
A2: [-0.00910899643049527, -0.34680363170472167, 0.24945466627864954, 0.1064562388687239] - [0.08003996027828857, 0.036282401880394805, -0.0502499652463138, -0.06607181123352673] - [-0.042452728474490546, 0.2308319915025224, -0.040531148044158416, -0.14784773834900583] - [0.06813478799729293, -0.2934678420643412, 0.141771250660185, 0.08356187078951373]
B1: 3.5302821862206624e-08 - 1.2470851806619492e-07 - -5.524569192869449e-09 - -5.051809563957906e-08
B2: 2.3548602367519595e-08 - 6.187100583645933e-08 - 1.3352691906406841e-08 - 5.7682850587723604e-08
