Number: 7205
Error: 7.94711602161114e-16
A1: [0.08043171262507778, -0.1804677828132207, -0.01958882906625451, 0.11962499967546857] - [0.037415617303979395, 0.13359642345694972, -0.1347261489624174, -0.036285787807850224] - [-0.0017028385217868897, 0.2281900969981971, -0.12282840212562535, -0.10365892972824724] - [0.03886326798470118, -0.11448098509101366, -0.04641640786158854, 0.12203426148765392]
A2: [0.03530738764589231, -0.02927353136563338, -0.07569740263946238, 0.06966334974618577] - [0.10289376815740876, 0.28289671890026097, -0.39260637933845527, 0.006816014315013435] - [-0.011187087202269918, 0.5390146035521144, -0.3594510033881199, -0.16837645108928537] - [0.09786278388135956, 0.017463300898388764, -0.16885102529467222, 0.05352486208550399]
B1: -8.069981707514964e-09 - 3.2386254092238693e-09 - 1.7922794115012703e-08 - 4.488212202896484e-09
B2: 1.2490328123226232e-08 - 1.1122727312540702e-08 - -2.2999603345523328e-08 - 1.6929119259447754e-08
