Number: 9791
Error: 1.1227936376318877e-15
A1: [0.05317247787863277, -0.14800134326400138, -0.02699911950272483, 0.12182774968557157] - [0.005313798486286057, 0.13083677302040228, -0.11360066511489221, -0.022549684595920112] - [-0.014444561804954152, 0.22309153556994815, -0.12704126475774902, -0.0816060182577389] - [0.027146550610756236, -0.1000199475233335, -0.04942441769359759, 0.1222982111487811]
A2: [0.08925449415856743, -0.07291333752758533, -0.12362738868300058, 0.10728641633327325] - [0.10884163665372444, 0.24981408894975876, -0.4048453798534142, 0.046189386392510544] - [0.03663578624075007, 0.4625549744869083, -0.377717592204974, -0.12147341471140151] - [0.1434265664581932, -0.04460649056032432, -0.20149940536363214, 0.10267999772901126]
B1: 9.795138112869829e-08 - -1.356183319712687e-08 - -4.8078767706067373e-08 - -1.309968453077162e-08
B2: -1.0836089880438632e-08 - 2.1684775546768075e-08 - -4.953496247370736e-08 - 5.61201853089604e-08
