Number: 5416
Error: 1.1894745743868949e-15
A1: [0.06621318754672839, -0.11395207397539311, -0.02398394441972039, 0.07172287400478322] - [0.037402534231172666, 0.18819329501057264, -0.1474090233577395, -0.07818708676319176] - [-0.06022927404537076, 0.3289508935582701, -0.12775301449150517, -0.14096822752890456] - [0.03904608304705249, -0.05332275828911051, -0.03741866400773517, 0.05169504740064135]
A2: [-0.009108614799265731, -0.3468032268550638, 0.24945505099750415, 0.10645663898708674] - [0.0800398351889664, 0.036282267123552994, -0.05025010196158948, -0.0660719491096489] - [-0.04245295724779297, 0.23083173901527002, -0.04053139320582692, -0.14784799136244697] - [0.06813456331500911, -0.29346808944816727, 0.14177100708393686, 0.08356161888057155]
B1: 6.374935682311393e-08 - 3.917095674410525e-08 - -1.1325487065836222e-08 - -3.637381797375226e-08
B2: -2.09870533491416e-08 - -4.598704595046206e-08 - 1.743785680459915e-07 - -4.406164107508744e-08
