Number: 2199
Error: 0.0005466916873416845
A1: [0.009415877890478359, -0.07954704821300863, -0.04429839695224058, -0.0030448395658045253] - [0.04658582068286607, 0.1797186654548043, -0.1624562852715125, -0.1124363243089409] - [-0.11992393201989103, 0.41715758774454403, -0.10204149205952152, -0.2025334308955166] - [-0.0058411189358269795, 0.003110770228346122, -0.03704644108266427, -0.03815371991856621]
A2: [0.244237643103505, -0.04711875716856799, 0.25222933539866094, 0.19833146283302416] - [0.036657252285982815, 0.2029671207850327, -0.09933316895751235, -0.12523063104533824] - [-0.1593775495448972, 0.47168054502064927, -0.273150338699863, -0.2592685067138247] - [-0.1540861063924528, -0.0681578264529754, -0.12586454647586076, -0.04371176421721469]
B1: 0.0590769114799064 - -0.01850372573466777 - -0.03335803012568646 - -0.00887734316990145
B2: 0.0023729195952004343 - -0.0019224659015130872 - -0.016399509245612263 - -0.00023483302262202518
