Number: 9331
Error: 9.494226635759407e-11
A1: [0.05309168802569572, -0.14808216222324694, -0.02707981865931015, 0.1217469212430908] - [0.0053317296257792655, 0.1308547241922374, -0.11358273836910296, -0.022531734758748194] - [-0.014550710620081215, 0.22298534498126216, -0.12714732665874978, -0.08171220006291262] - [0.027109634644978915, -0.10005686250335623, -0.04946141088943618, 0.12226119912162765]
A2: [0.08929910246032659, -0.07286882896169838, -0.12358378918918131, 0.10733157560188117] - [0.10885792832684021, 0.2498303903036851, -0.4048294134342751, 0.04620595566982315] - [0.03666910161198601, 0.4625881178269754, -0.3776850920532122, -0.12143975324749992] - [0.14345960489656842, -0.04457357446875872, -0.2014671534622072, 0.10271352741219643]
B1: 1.1618760009555586e-05 - -2.513131113269416e-06 - 3.1770879358037644e-06 - -3.6751971043282554e-06
B2: 1.3669254233576984e-05 - 3.529920810553234e-06 - -6.922387611736245e-06 - 1.879460078801406e-05
