Number: 1080
Error: 3.7504025172603164e-06
A1: [-0.005651318133830587, -0.01353777404604024, 0.004530420939787845, 0.02071246725644869] - [0.06734586792061929, 0.190223639569326, -0.1464404373492113, -0.1092784210757388] - [-0.11315605514038199, 0.4408314123752697, -0.07320512157303416, -0.25978028987033575] - [-0.009329120419493821, 0.029682420910881344, -0.013748154628202416, 0.05455306757022779]
A2: [0.14141528037893525, -0.21480231164175498, 0.03212307139358361, 0.08029575538595919] - [0.026301718015403222, 0.1976434901753751, -0.12096206815658665, -0.12789605460719713] - [-0.07782209994947871, 0.5723526757677022, -0.21692675294185151, -0.21064635992691838] - [-0.027486790591651402, -0.026170846712034825, 0.001924514912235155, 0.025429306989439713]
B1: 0.009593019273710063 - 0.0024469303788609937 - 0.001710712000072267 - 0.01121524310567103
B2: 0.0007073606902623851 - 0.015592777866258659 - 0.002817524713729305 - 0.0018429216032263167
