Number: 8411
Error: 1.347452817181647e-15
A1: [0.08043167553887973, -0.18046781989521796, -0.019588866108147238, 0.11962496259349505] - [0.03741561448512606, 0.1335964206402368, -0.13472615177552347, -0.03628579062507511] - [-0.0017028200051729977, 0.22819011551440652, -0.12282838363613441, -0.10365891121656988] - [0.038863220120942364, -0.11448103282042468, -0.04641645569484208, 0.12203421365366005]
A2: [0.03530755877862654, -0.029273359759540006, -0.07569723992832691, 0.06966352885483681] - [0.10289372648393381, 0.28289667687313874, -0.392606419644489, 0.006815970676818988] - [-0.011187098664751089, 0.5390145920212144, -0.35945101423761416, -0.1683764631677035] - [0.0978627725525374, 0.017463289518009087, -0.16885103607902938, 0.0535248501939741]
B1: 3.0627197591442575e-08 - -3.813795027126183e-09 - -2.36203148936612e-10 - -2.0414382761081294e-08
B2: -1.0798260220703572e-08 - 7.95253237014251e-09 - -1.9191574670011228e-09 - -1.2298487907631248e-08
