Number: 1880
Error: 5.170382182325885e-07
A1: [-0.004662774965439586, -0.012406414793161041, 0.005660375487884981, 0.022048536863679725] - [0.06762031346181996, 0.1906519070585284, -0.1459104400085353, -0.10898056950129575] - [-0.11550465501990452, 0.43891884936779646, -0.07388891810973795, -0.2612775766645568] - [-0.023818069033936316, 0.014928541535486966, -0.03046476915216832, 0.03843573346652668]
A2: [0.13266308679978456, -0.22362937993398757, 0.023667690173300386, 0.07117223862179088] - [0.03311757620463841, 0.20422580782328664, -0.11441291248842408, -0.12098364359030246] - [-0.09388900744725485, 0.5562488060726596, -0.23446334333379848, -0.22484358303681132] - [-0.02153642553906787, -0.020023785708360775, 0.007367706466205726, 0.031463851302262966]
B1: 0.00011272051284713614 - -0.0005230004008296388 - 0.0002528934467459495 - -0.0004051738885423828
B2: 6.386681922549997e-05 - 0.001496027448993722 - 0.0007385506432066529 - -8.214909810467022e-05
