Number: 9852
Error: 1.3850396648062396e-15
A1: [0.05317248976834027, -0.1480013313698984, -0.026999107626091635, 0.12182776158102834] - [0.005313710172754083, 0.13083668461428147, -0.11360075341501097, -0.022549773033945945] - [-0.014444533101672253, 0.22309156428377352, -0.12704123607715273, -0.08160598954420155] - [0.02714643019485746, -0.10002006793903255, -0.049424538363487404, 0.12229809042692355]
A2: [0.08925453513920968, -0.0729132966416828, -0.12362734862565568, 0.10728645781921] - [0.10884165563035252, 0.24981410792974373, -0.4048453612526526, 0.04618940568844266] - [0.0366357477906178, 0.4625549362368372, -0.37771762971884637, -0.12147345356030909] - [0.14342628726628578, -0.04460676871236158, -0.20149967797034612, 0.1026797143949669]
B1: -3.654866425878682e-08 - -8.640875606388158e-09 - 9.34230691375631e-09 - 1.995198430504631e-08
B2: -1.512106615797063e-08 - -7.531800324721244e-09 - -1.796250099185782e-08 - 5.564081223626409e-11
