Number: 3722
Error: 1.436175937204909e-15
A1: [0.06621297260162361, -0.11395228411725318, -0.023984159196197553, 0.07172265942037528] - [0.03740261224013087, 0.18819336954269295, -0.1474089466690842, -0.0781870100676983] - [-0.06022943429031396, 0.32895073965202115, -0.1277531712979642, -0.14096838349230512] - [0.03904591870733995, -0.05332291427427576, -0.037418823001048276, 0.05169488969844396]
A2: [-0.009108323004634275, -0.3468029173067039, 0.24945534515362489, 0.10645694491780033] - [0.08003988989051802, 0.03628232605276419, -0.05025004217628978, -0.06607188881632482] - [-0.04245263587966261, 0.23083209369665966, -0.040531048815088615, -0.14784763594197906] - [0.06813497055735279, -0.2934676410573551, 0.141771448574026, 0.08356207547347062]
B1: 2.8362751698318894e-08 - 4.2316265330031116e-08 - -1.2041762127831408e-07 - 1.0719704997451598e-08
B2: 8.845008561113889e-09 - 4.094896380680227e-08 - 4.337699971426018e-09 - -6.881422606702555e-08
