Number: 6127
Error: 1.0721668895976212e-15
A1: [0.08043159369847447, -0.1804679017263588, -0.019588947850655836, 0.11962488076244875] - [0.037415525183096585, 0.13359633140578148, -0.13472624089975002, -0.03628587987770231] - [-0.0017028907975247419, 0.22819004472357873, -0.1228284543248377, -0.103658981990044] - [0.03886297461207697, -0.11448127764031671, -0.04641670104726499, 0.1220339682973675]
A2: [0.03530738142859797, -0.029273537600130777, -0.07569740855072532, 0.0696633432390648] - [0.10289359598319925, 0.28289654526477215, -0.39260654586307303, 0.006815834023397743] - [-0.011187114713312855, 0.5390145758769942, -0.35945102942792756, -0.1683764800786188] - [0.09786274177771358, 0.01746325860322242, -0.1688510653745711, 0.053524817890343995]
B1: -2.7213847046924317e-08 - -2.757126038341351e-08 - -2.6755242307801676e-08 - -3.324342929651631e-09
B2: 9.077257303478119e-08 - 1.0869037587964251e-07 - -2.893242692732183e-07 - -4.854833110671797e-08
