Number: 1173
Error: 1.3694025271140285e-07
A1: [-0.005405008585288527, -0.013181936031505142, 0.00485203743143115, 0.021276619487863507] - [0.06851200478814183, 0.19150581143757053, -0.14499308865330904, -0.10798492888768467] - [-0.11202771335040859, 0.44234613731310785, -0.07020097153239216, -0.2575014807095888] - [-0.018594605847772026, 0.020056258011517582, -0.0250337434480658, 0.04394340145439628]
A2: [0.13198086598460507, -0.22424013860912184, 0.023057238006894517, 0.07055194902462061] - [0.03185481023991359, 0.20297346971682625, -0.1156744032304203, -0.1222357694553161] - [-0.09585001087013839, 0.5543271096130531, -0.23640477687778705, -0.22685339925529555] - [-0.020629155516673183, -0.01908904427444947, 0.008312395993271441, 0.03237417904926293]
B1: 0.0006188699535686245 - 0.000862571772479532 - -7.546658088869077e-05 - 0.0005289498368412802
B2: -0.00014028998791303275 - 0.00021841852490338178 - 0.0008488026308461989 - 0.00022992903470248825
