Number: 8081
Error: 9.739515327159372e-16
A1: [0.08043170248679862, -0.18046779295035606, -0.019588839192417665, 0.11962498953834759] - [0.03741557714805003, 0.13359638333141288, -0.1347261890382723, -0.0362858279415117] - [-0.001702813496953939, 0.2281901220224861, -0.12282837713744184, -0.10365890471009429] - [0.03886324027126225, -0.11448101272667964, -0.04641643555736118, 0.12203423379144386]
A2: [0.03530731831601141, -0.029273600887258902, -0.0756974685575939, 0.06966327718511248] - [0.10289380647732446, 0.28289675754539745, -0.3926063422758742, 0.006816054441486772] - [-0.01118703850605007, 0.539014652538754, -0.35945095729599014, -0.16837639977648458] - [0.09786284192407226, 0.017463359205099116, -0.16885097004169847, 0.05352492301137851]
B1: -2.6676644381888666e-08 - -8.6442733239312e-09 - 2.9841804320306634e-08 - -6.755000004084721e-09
B2: 8.603655540280516e-09 - -1.1826052089345048e-08 - 2.8845252610923505e-09 - -1.223675698770731e-10
