Number: 3562
Error: 1.623554782872738e-11
A1: [0.06620505029029394, -0.11396002954003871, -0.023992075654233766, 0.07171475049226081] - [0.03740183511625004, 0.18819262696473074, -0.1474097107515256, -0.07818777386231639] - [-0.06022124067647327, 0.32895860927637866, -0.12774515270291448, -0.14096040941104193] - [0.03903582695206126, -0.05333249286072995, -0.037428586696394824, 0.051685205456663635]
A2: [-0.009103100263835165, -0.34679737664248417, 0.24946061039044684, 0.10646242061006662] - [0.08005300980922538, 0.03629646011727231, -0.050235702825846225, -0.06605742781677033] - [-0.04247197722282967, 0.23081074729025203, -0.040551776643398645, -0.14786902691358356] - [0.068151552481289, -0.29344938368451606, 0.1417894257898825, 0.0835806674234577]
B1: 1.4778194217661209e-06 - -4.732302363139195e-06 - -7.125951851263943e-06 - 1.0811800129102453e-05
B2: -1.403683265907066e-06 - 4.378605415012239e-07 - 2.1221907193860324e-06 - -3.6845181702979634e-06
