Number: 9668
Error: 3.3161122725319864e-14
A1: [0.05317259881666337, -0.14800122228205712, -0.02699899869856495, 0.12182787068188483] - [0.005313737834768045, 0.13083671230381222, -0.11360072575952893, -0.022549745332546375] - [-0.01444432524899868, 0.22309177221141252, -0.12704102839053863, -0.0816057816172508] - [0.027146377151282732, -0.10002012098344065, -0.049424591520018664, 0.12229803724832439]
A2: [0.08925418948976005, -0.07291364149279553, -0.12362768648798905, 0.10728610790713768] - [0.10884075555165545, 0.24981320769230317, -0.4048462435028027, 0.04618849046594969] - [0.03663488881419261, 0.4625540817306156, -0.37771846777773244, -0.12147432144510577] - [0.14342712412213832, -0.04460593497489532, -0.2014988608540944, 0.10268056366569565]
B1: -4.911662551935969e-09 - 2.523114650945488e-07 - 1.5272279399205343e-07 - -3.1703727123923523e-07
B2: 7.548447197613366e-08 - -3.487262535231338e-08 - -2.1497785342985276e-07 - -1.1681906346222416e-08
