Number: 6683
Error: 1.0338489875343332e-15
A1: [0.08043167398443389, -0.18046782144948728, -0.01958886766069478, 0.1196249610392391] - [0.03741556985563614, 0.13359637604451785, -0.1347261963162203, -0.03628583522990965] - [-0.0017028387487986235, 0.22819009677118213, -0.12282840235231735, -0.1036589299552055] - [0.03886321525676639, -0.11448103767096905, -0.04641646055591668, 0.12203420879249474]
A2: [0.03530741915559216, -0.029273499768784142, -0.07569737268041674, 0.06966338272448518] - [0.10289374227509823, 0.28289669279828134, -0.39260640437149624, 0.006815987212451313] - [-0.011187157486838576, 0.5390145328483384, -0.35945106991399095, -0.1683765251505827] - [0.09786277348281412, 0.017463290452543724, -0.16885103519340214, 0.05352485117040579]
B1: 2.217065662403393e-09 - 1.619683390601452e-08 - -9.97441808645562e-09 - -2.542599055191561e-09
B2: -2.0171125470011914e-09 - 5.172177713068186e-11 - 2.978118103878492e-09 - -6.043405989474929e-09
