Number: 5256
Error: 1.502592435944731e-15
A1: [0.0662131566603537, -0.11395210417163502, -0.023983975281906107, 0.07172284317018818] - [0.037402547354355865, 0.18819330754881963, -0.14740901045669336, -0.07818707386100601] - [-0.06022942159215086, 0.32895075184749084, -0.12775315887243657, -0.14096837113332855] - [0.039046141243724616, -0.0533227030509783, -0.03741860770446885, 0.05169510324674655]
A2: [-0.009108584323611793, -0.34680319452535646, 0.24945508171990527, 0.10645667093912412] - [0.08003983182822176, 0.0362822635030319, -0.05025010563494903, -0.06607195281395067] - [-0.04245279389263155, 0.23083191930338617, -0.04053121814821109, -0.1478478106985755] - [0.06813478978217817, -0.29346784009904076, 0.14177125259558748, 0.08356187279077255]
B1: 2.715141703260436e-08 - 4.125069032886584e-08 - -3.5327161112158906e-08 - -3.75399770726387e-08
B2: 2.406151129795681e-08 - -3.160320817537915e-08 - -7.948264088499779e-08 - 1.4791239667729527e-08
