Number: 4904
Error: 9.582821743500682e-16
A1: [0.06621314517948684, -0.11395211539595347, -0.02398398675374906, 0.07172283170861186] - [0.037402569293163136, 0.18819332850982004, -0.14740898888920556, -0.07818705229159857] - [-0.06022923686708712, 0.3289509292661938, -0.12775297811117386, -0.14096819134435587] - [0.03904611634798057, -0.05332272668120381, -0.037418631790318777, 0.051695079356496046]
A2: [-0.009108507865730179, -0.3468031134157307, 0.24945515879663416, 0.10645675110080809] - [0.0800398763650612, 0.03628231148193087, -0.05025005695881129, -0.06607190372445174] - [-0.04245279857037594, 0.23083191414083648, -0.04053122316091703, -0.1478478158719527] - [0.06813475752448701, -0.2934678756160074, 0.14177121762544564, 0.08356183662404906]
B1: -1.915820705146285e-08 - 2.1895897579225233e-08 - -2.5343898737822712e-08 - -3.910506442552263e-08
B2: -1.0738163179375716e-08 - -2.0566404680880632e-08 - -4.9789659485156046e-08 - 2.081889884903357e-08
