Number: 9349
Error: 1.6373540997331628e-11
A1: [0.05319181486413994, -0.14798199613750254, -0.02697980188858686, 0.12184709889181966] - [0.005243003965156413, 0.13076590046475187, -0.11367145112468192, -0.022620581868319174] - [-0.014423733188753389, 0.223112372770232, -0.12702045151354846, -0.0815851805737255] - [0.027144531321650178, -0.10002196512556441, -0.04942643950063477, 0.12229618925888752]
A2: [0.08925868352952351, -0.07290915918220053, -0.12362329627471878, 0.1072906576902777] - [0.10881053842281524, 0.2497829889866345, -0.40487586378388657, 0.046157767470481406] - [0.03663717325650657, 0.4625563542486411, -0.3777162404944906, -0.12147201299975463] - [0.1434343406464804, -0.04459874447571346, -0.2014918159545187, 0.1026878878969791]
B1: 1.395413878779331e-05 - 4.989160934856527e-06 - -4.835746348981184e-07 - -7.4958559885879795e-06
B2: -1.0793319165290163e-05 - 9.427850173718717e-06 - 3.338117979950629e-05 - -1.5780782656629946e-05
