Number: 7253
Error: 9.315949786294947e-16
A1: [0.08043167812909537, -0.18046781730529443, -0.01958886352098601, 0.11962496518342783] - [0.03741557919697729, 0.13359638537879107, -0.13472618699348587, -0.03628582589374118] - [-0.001702835025951413, 0.2281901004939533, -0.12282839863491515, -0.10365892623334792] - [0.03886322206184701, -0.11448103088498827, -0.04641645375517405, 0.12203421559334421]
A2: [0.03530744538320748, -0.029273473468626094, -0.07569734774354173, 0.06966341017452723] - [0.10289379823521724, 0.2828967492333411, -0.3926063502475859, 0.006816045810866071] - [-0.011187053173112554, 0.5390146377842387, -0.3594509711787736, -0.16837641523158398] - [0.09786282509037193, 0.017463342294845068, -0.16885098606634935, 0.0535249053415383]
B1: -4.603780418516993e-09 - 1.781640263134009e-08 - 1.1226794267008779e-08 - 3.4146650168520764e-09
B2: 5.373958518911166e-09 - 7.122508666727545e-09 - 2.34420223633964e-09 - 6.18846073039592e-09
