Number: 529
Error: 1.5764678522184227e-14
A1: [-0.01215393565620055, -0.014517726604019383, 0.018086684524464314, 0.008582518348784882] - [0.06583639678263839, 0.1894963780784595, -0.14532136951386904, -0.11000726769454994] - [-0.09629171331814744, 0.42178740502447976, -0.053455856707195666, -0.27203414891669897] - [-0.0013218497151522603, -0.018219580951182722, -0.0038354827215928465, 0.023376339664922405]
A2: [0.16158617652053903, -0.16775530730255783, 0.008500800581973885, -0.0023336000887125446] - [0.03548587921346049, 0.207516874959815, -0.11721026918060821, -0.12579187724689334] - [-0.08621415177150209, 0.5815375271348628, -0.23538931735278273, -0.2599361601739815] - [-0.003835596519090763, -0.004519908567015589, 0.0011096341044682526, 0.007242790768279387]
B1: 2.379911882078656e-07 - 4.741577229804041e-07 - 1.656264242086358e-08 - -2.76210186715674e-07
B2: 1.1844711913407267e-06 - 4.352005248244617e-07 - 1.1471730384365527e-07 - -9.016330859524967e-07
