Number: 1213
Error: 6.089304588284525e-08
A1: [-0.009643636495691015, -0.017468697438032522, 0.00044044804665070356, 0.01692855014189439] - [0.06712529568115924, 0.19017227885193733, -0.14642668041065118, -0.10952995896940772] - [-0.1136777475327487, 0.4407182956697093, -0.0719238326163343, -0.2592860276322465] - [-0.023527245971489117, 0.015193301409396088, -0.03008930949202172, 0.038740016612616834]
A2: [0.13226436292257132, -0.22396013020384378, 0.02333343631503665, 0.07082429264769695] - [0.03305602073704795, 0.2041528067287541, -0.1144804503271686, -0.12105738681383242] - [-0.09578115190310789, 0.5543966270560456, -0.23634521488324808, -0.22677652231973205] - [-0.02078991499512357, -0.019242501210859898, 0.008155818185944123, 0.03222091410129797]
B1: 0.00040458198717461955 - -2.139167094401779e-05 - 0.00022460787485661295 - 0.0006238600903852605
B2: -0.0005034030476382847 - 0.0008524598386239725 - 0.00021468979769212037 - 0.0006393751876002984
