Number: 9926
Error: 1.0888164826373405e-15
A1: [0.05317253516239994, -0.14800128595914458, -0.02699906228204886, 0.12182780699699002] - [0.005313770364324564, 0.1308367448689798, -0.11360069323254901, -0.022549712757497113] - [-0.014444473586561883, 0.22309162382066886, -0.12704117660916942, -0.0816059300078622] - [0.0271462796708301, -0.10002021846290984, -0.04942468920511339, 0.12229793952034577]
A2: [0.0892544172622178, -0.07291341424608533, -0.12362746384683838, 0.10728633848861006] - [0.10884183673634437, 0.24981428906768824, -0.40484518373380257, 0.04618958984156678] - [0.03663597356080115, 0.4625551608322781, -0.37771740944617843, -0.12147322544858276] - [0.14342652237253214, -0.04460653448178737, -0.20149944840944425, 0.10267995298918178]
B1: -1.967753678781714e-08 - 2.3935752135120936e-08 - 1.354853170848816e-08 - -1.1053320053885972e-08
B2: 3.863318413300279e-08 - 1.5009011236443628e-08 - 4.3858061396940277e-08 - -3.139361088459287e-08
