Number: 3540
Error: 2.691118455503613e-11
A1: [0.06622531651761343, -0.11394021657529926, -0.023971825684988318, 0.07173498317129702] - [0.037401152464519194, 0.18819197436738333, -0.14741038199923087, -0.07818844468978524] - [-0.06024027619515601, 0.3289403277197749, -0.1277637790978146, -0.1409789363682688] - [0.0390618564165388, -0.05330778722776546, -0.03740340430886417, 0.05171018396120268]
A2: [-0.009128640002174095, -0.3468244701333304, 0.2494348653700566, 0.10643564352704742] - [0.08001295664977709, 0.03625331177025347, -0.050279478576707566, -0.06610157537353933] - [-0.04249823923653073, 0.23078176354704227, -0.0405799189217247, -0.14789807237825175] - [0.06813889756512226, -0.29346331789707236, 0.14177570730061553, 0.08356647944366474]
B1: 2.1538426048471075e-06 - 4.3263329606674515e-06 - -1.2975487492025443e-05 - 1.0286075798887149e-05
B2: 9.608940063432136e-07 - 6.0539380436441506e-06 - -2.590255105705063e-06 - 2.9984310660432806e-06
