Number: 9922
Error: 1.1339202740459667e-15
A1: [0.05317249988228034, -0.14800132125223384, -0.02699909752328867, 0.12182777169985007] - [0.005313784209374889, 0.13083675872854295, -0.11360067938960274, -0.022549698892928915] - [-0.014444488070512409, 0.22309160933141167, -0.12704119108165873, -0.08160594449698694] - [0.027146317625793077, -0.10002018050800499, -0.04942465117009184, 0.12229797757175091]
A2: [0.08925451885532595, -0.07291331288790151, -0.12362736454267279, 0.10728644133438676] - [0.10884180521312657, 0.24981425753890688, -0.4048452146326467, 0.04618955778796404] - [0.036635798638551015, 0.46255498682018165, -0.3777175801090767, -0.1214734021850316] - [0.1434262478178156, -0.04460680801391578, -0.20149971648838785, 0.10267967436118557]
B1: -3.513354280837724e-08 - 2.5867781526600284e-08 - 6.767737956901309e-08 - 7.846837453325056e-08
B2: 3.9241574137922254e-08 - -1.326871080188453e-09 - 3.722731111110911e-08 - 1.1439304832831757e-08
