Number: 8772
Error: 4.491938789729909e-08
A1: [0.08045192435412926, -0.18044756173728368, -0.019568640069888857, 0.1196452123371853] - [0.037335473477647825, 0.13351635686817162, -0.13480612771276307, -0.036365882172917134] - [-0.001662227192969955, 0.2282307174720204, -0.12278785068915957, -0.10361832667784052] - [0.03890945690162539, -0.11443491704232017, -0.046370245067856836, 0.12208042437932544]
A2: [0.03544470412458157, -0.029135851113813057, -0.07556684130965309, 0.06980707326877655] - [0.10289888147783702, 0.2829018596125447, -0.3926014297411818, 0.006821374122486847] - [-0.010915815571444071, 0.5392874762488324, -0.3591942357697762, -0.1680905937050376] - [0.0979784294049798, 0.017579455865740345, -0.16874093509249524, 0.053646259363295874]
B1: -0.00015711739157001108 - -0.00011080559944090633 - -0.00019632102316879236 - -0.00014754304722982013
B2: 4.601017542106312e-05 - 0.00013010455084226934 - -4.16829662049648e-06 - 4.079498578621899e-05
