Number: 2274
Error: 0.00033877956977333695
A1: [0.0385840753495865, -0.06559229092749042, -0.042783778451638076, -0.013867733076381401] - [0.007887977480427352, 0.14978815943298834, -0.1940276816291386, -0.14399004401901666] - [-0.1393816324846957, 0.41225254633456687, -0.10971130571182795, -0.188675977857836] - [0.019470566590696237, 0.01539363555333279, -0.033682094614223994, -0.03199312766330717]
A2: [0.11896028555224619, -0.12571531541930295, 0.14788522414866032, 0.07833400326913725] - [-0.01382437798840168, 0.15873655434230766, -0.1426240552395029, -0.17034000435740895] - [-0.20802854724117448, 0.416139366550623, -0.33010364690675903, -0.3050615943692946] - [-0.1581750923766893, -0.09823320836408457, -0.1797207014561697, -0.06885807449260115]
B1: 0.03814233439842885 - 0.0004203979817638485 - 0.019293486640761838 - -0.036691288405160026
B2: -0.0074557869367659355 - -0.012208378658020883 - 0.0047888857630938655 - -0.004067490101770005
