Number: 4969
Error: 8.323746011726632e-16
A1: [0.06621316685596, -0.1139520942038736, -0.02398396509428677, 0.0717228533487067] - [0.037402625647108785, 0.18819338235220742, -0.14740893348894937, -0.07818699688644433] - [-0.060229390792094016, 0.32895078142955925, -0.12775312873318206, -0.1409683411562534] - [0.039046127191160684, -0.0533227163892652, -0.037418621299902574, 0.05169508976173618]
A2: [-0.009108497343512328, -0.34680310225333727, 0.24945516940397833, 0.10645676213275332] - [0.08003983783762217, 0.036282269976873595, -0.050250099067068496, -0.06607194619026009] - [-0.04245279798142274, 0.23083191479083626, -0.04053122252978016, -0.14784781522059576] - [0.06813479844614599, -0.2934678305595901, 0.1417712619883671, 0.08356188250465214]
B1: 3.8248736858466326e-08 - 8.861083996385931e-09 - 5.081667742911671e-10 - 7.21601622581384e-09
B2: 9.742590051519682e-09 - 6.370557753637898e-09 - 1.38185451823385e-08 - 2.5470644529742094e-08
