Number: 466
Error: 1.0003122072661337e-12
A1: [-0.012147047103064771, -0.01451065128535362, 0.018094298555121936, 0.008589879637052803] - [0.06583322791153633, 0.18949332975741146, -0.14532464584971486, -0.11001079592068874] - [-0.0962872056983999, 0.4217917616612519, -0.0534509652870032, -0.27202889722264273] - [-0.0013163150400912873, -0.01821425804348623, -0.0038295911086354373, 0.023382736938028573]
A2: [0.16159035678429917, -0.16775120582684555, 0.008504896624913792, -0.0023295248316886306] - [0.035486795365632755, 0.2075177764021515, -0.11720935686296996, -0.12579098100915964] - [-0.08621271118211243, 0.5815389382143478, -0.23538791558754268, -0.259934755367931] - [-0.003834452601093015, -0.004518783649239317, 0.001110766332410235, 0.007243885218231369]
B1: 1.4502548212048691e-06 - -2.6213722791366636e-06 - -5.939748695496386e-07 - -1.5233266479247327e-07
B2: -2.1089957432426626e-06 - -5.698335690593129e-07 - -3.4081078813693277e-07 - -1.7939300644310852e-07
