Number: 2363
Error: 1.7627292670419362e-06
A1: [0.06643400554993012, -0.046117869786325524, -0.022098007248335782, 0.010236190088242562] - [0.04114546674507739, 0.1887462934992766, -0.1455742054818538, -0.09526942272394102] - [-0.12223085302345224, 0.416623540342903, -0.10312675350542677, -0.18580150575458187] - [0.03976496232090967, 0.022246725345687057, -0.02987828971862733, -0.020389656301687896]
A2: [0.033902329952656726, -0.20265704737818258, 0.05711990292329192, -0.005407961734992519] - [0.026071421524454644, 0.19708265701613403, -0.10497010117476449, -0.13107630603635306] - [-0.08820425388360459, 0.5193533968060542, -0.21986597545503456, -0.1894797819888368] - [-0.031749531287563214, 0.013073607995080633, -0.055532574939781185, 0.05157518344578022]
B1: -0.0017796925408356955 - -0.0006267039919725941 - 0.0032804114563681386 - 0.008091535555975322
B2: -0.001143289206635349 - 0.003942637912659383 - 0.0016467850976424519 - 0.0020061192307221035
