Number: 9309
Error: 2.641281893830698e-10
A1: [0.05327099240348768, -0.14790279558058878, -0.026900701943448724, 0.1219263087058731] - [0.005306004459098708, 0.13082898234172285, -0.11360843637408401, -0.022557485886678687] - [-0.014359188764338834, 0.22317693449143353, -0.12695594960973802, -0.08152061051870556] - [0.027217962963156952, -0.09994853387318235, -0.0493528378780038, 0.12236980337052046]
A2: [0.08917830923541167, -0.07298931622601484, -0.12370186687160106, 0.1072092994148749] - [0.10885808775375717, 0.24983055992398678, -0.40482926175525613, 0.04620611966209933] - [0.036652730149658884, 0.4625718298973171, -0.3777010609495644, -0.12145630024305143] - [0.14353997637108948, -0.04449352185286144, -0.20138867364175816, 0.10279507927262288]
B1: 4.9530059012900505e-05 - 3.283057230840625e-05 - -4.507493183968954e-06 - -1.7341077817840766e-05
B2: -1.5219992809294602e-06 - 4.7643569210172145e-05 - 1.8736111419068367e-06 - 8.570218971489401e-06
