Number: 4109
Error: 1.0274776262193448e-15
A1: [0.06621318808055851, -0.11395207345358346, -0.023983943886343857, 0.07172287453769424] - [0.037402645621565034, 0.1881934014364185, -0.14740891385254368, -0.0781869772482829] - [-0.060229347804582334, 0.32895082271671633, -0.12775308666814028, -0.14096829931765548] - [0.03904623224952368, -0.05332261667190607, -0.037418519659542925, 0.05169519057684589]
A2: [-0.009108650964175706, -0.3468032652207188, 0.24945501454046226, 0.10645660106998434] - [0.08003982215802088, 0.036282253085409284, -0.05025011620408098, -0.06607196347274812] - [-0.04245282463433689, 0.23083188537501512, -0.040531251092267094, -0.14784784469772788] - [0.06813475452869713, -0.2934678789145588, 0.1417712143778485, 0.08356183326515522]
B1: 2.474635107756434e-08 - 1.1644880965118715e-08 - 1.2539084623889419e-08 - 8.378112917149557e-09
B2: -1.8252649742443321e-09 - 1.3610319549720434e-08 - 2.098181024186779e-08 - 3.078082868220864e-08
