Number: 9885
Error: 9.447312180560937e-16
A1: [0.0531725834461171, -0.14800123765768922, -0.02699901405156408, 0.12182785530397842] - [0.005313787591621157, 0.1308367621143351, -0.11360067600786963, -0.022549695505910426] - [-0.01444441675254824, 0.22309168067550295, -0.12704111982013916, -0.08160587315356012] - [0.027146555419694296, -0.10001994271442845, -0.04942441287454684, 0.12229821596993813]
A2: [0.08925459763388675, -0.07291323429151873, -0.12362728753901366, 0.1072865210844591] - [0.10884177529342336, 0.24981422761392846, -0.4048452439597306, 0.04618952736488919] - [0.036635899877958664, 0.4625550875328299, -0.37771748133484356, -0.12147329989558087] - [0.14342645499740805, -0.04460660160596577, -0.20149951419542045, 0.1026798846145744]
B1: -1.1098911543942695e-08 - -5.772133630802746e-10 - 7.2553321510957e-09 - 6.796973339070046e-09
B2: -1.3451871861643103e-08 - -1.3229046577381822e-08 - -4.712330106673621e-09 - 1.1975265253117583e-08
