Number: 7944
Error: 8.532494891183128e-16
A1: [0.08043170185114062, -0.1804677935859484, -0.019588839827314724, 0.11962498890276044] - [0.037415641277027796, 0.1335964474118545, -0.13472612503708753, -0.03628576384806402] - [-0.001702808457247379, 0.22819012706208416, -0.122828372105113, -0.10365889967173261] - [0.03886325302446653, -0.11448100000927208, -0.04641642281228431, 0.12203424653671906]
A2: [0.03530747112783662, -0.0292734476527856, -0.07569732326581396, 0.06966343711901168] - [0.10289375198042304, 0.2828967025859857, -0.39260639498460964, 0.006815997375334253] - [-0.011187057927070788, 0.5390146330019105, -0.3594509756784516, -0.16837642024104274] - [0.09786284857106933, 0.01746336588233839, -0.16885096371418656, 0.0535249299885624]
B1: -2.4805600666153974e-09 - 2.5642396137203826e-08 - 1.1358946549510082e-08 - 5.859281156883237e-09
B2: -2.74530381965443e-09 - 2.9748759666870998e-08 - 2.4197835912825007e-09 - 2.4572490214401737e-09
