Number: 212
Error: 9.953723756494808e-07
A1: [-0.017732026397283093, -0.020256455254499296, 0.011902059887705391, 0.0026262058764443762] - [0.06979327242493676, 0.1932967070722385, -0.14122933959337453, -0.10560053036055672] - [-0.09803596739685567, 0.42017992474440413, -0.05531392132347643, -0.27401585623760855] - [0.007847115748066406, -0.009542038266729233, 0.005862627237164854, 0.03385054712764685]
A2: [0.15716264802863938, -0.17209322221735163, 0.004252601873663464, -0.006761236128886255] - [0.043138966485169156, 0.21505875878068012, -0.10957839543648215, -0.11830290043554899] - [-0.08759133607442689, 0.5801705307328547, -0.23670842617329405, -0.26135375237773] - [-0.0025804765351138043, -0.0032740017228853092, 0.002388449407039993, 0.008424126913862622]
B1: 0.0035184297735396173 - 0.002134848494511035 - 0.0016080555905772845 - 0.001131842424383348
B2: 0.006265229806501664 - 0.0005276150774535674 - -0.003056303454597697 - 0.0027153955460598638
