Number: 5380
Error: 7.475417313209289e-16
A1: [0.0662131694244266, -0.11395209169277713, -0.02398396252782057, 0.07172285591286695] - [0.0374026319194967, 0.18819338834518345, -0.14740892732260275, -0.07818699071955848] - [-0.06022928763348288, 0.32895088050767696, -0.1277530277881363, -0.14096824075405662] - [0.03904609234081092, -0.05332274946783746, -0.03741865501635038, 0.0516950563190122]
A2: [-0.009108484343586866, -0.34680308846244945, 0.24945518250873502, 0.10645677576241695] - [0.08003966292824477, 0.03628208154964339, -0.050250290232575164, -0.06607213897909787] - [-0.04245271711176849, 0.23083200404312726, -0.04053113586720793, -0.1478477257822483] - [0.06813482495696212, -0.29346780137025974, 0.14177129072814676, 0.08356191222796679]
B1: 1.2853595185018256e-08 - 9.290978791191535e-08 - 1.538195932697216e-08 - 1.607348972783484e-08
B2: 4.0970881820391374e-08 - 4.4426647910390073e-08 - 1.2587586725539169e-08 - 3.667694129797862e-08
