Number: 685
Error: 1.1618747009671883e-14
A1: [-0.012153496227607209, -0.01451727526542249, 0.01808717022491939, 0.008582987927195744] - [0.06583592622136838, 0.18949592541854773, -0.1453218560330743, -0.11000779161744662] - [-0.09629400702202974, 0.421785188191654, -0.05345834565822098, -0.27203682120017614] - [-0.001321944335226089, -0.018219671953947206, -0.003835583445477478, 0.023376230297332455]
A2: [0.16158668022994235, -0.16775481308173806, 0.008501294128359536, -0.002333109050924863] - [0.03548564197661957, 0.20751664153460103, -0.11721050542370555, -0.1257921093274935] - [-0.08621358812913982, 0.5815380792198239, -0.23538876891077956, -0.259935610540523] - [-0.00383470406351078, -0.004519030947541358, 0.0011105174188699855, 0.007243644612016328]
B1: 1.7067928229326138e-08 - -5.947406948613519e-08 - -3.51066373655029e-08 - -4.870288631210039e-09
B2: 1.2277018831253414e-07 - -4.541348505666843e-09 - -2.269514810626759e-07 - -8.036271144079841e-08
