Number: 853
Error: 1.7092829679809306e-10
A1: [-0.012186063941185647, -0.014550726669655976, 0.01805117265870708, 0.008548184717712655] - [0.06585804225346632, 0.18951720000646435, -0.14529898999761043, -0.1099831677381385] - [-0.09631104398985983, 0.42176872136923194, -0.053476832862208154, -0.2720566708947695] - [-0.0013336666646819734, -0.018230945411334857, -0.003848062056077851, 0.023362681298054626]
A2: [0.1615524468546651, -0.16778840210725254, 0.008467750501103077, -0.0023664802867768434] - [0.035488388344935264, 0.20751934360934168, -0.11720777058872522, -0.12578942252279007] - [-0.08622102563633434, 0.5815307935279583, -0.23539600650705308, -0.25994286161201324] - [-0.0038467593105979275, -0.004530886200087987, 0.0010985853732818156, 0.007232111434980623]
B1: 9.888755714590353e-06 - -1.5072698456025633e-06 - -4.426848848389947e-06 - 2.2429723383323124e-06
B2: 8.065381197080396e-07 - -2.5432060446209097e-05 - -8.181888187693307e-06 - -9.326279190231575e-06
