Number: 5991
Error: 1.0053644448475154e-11
A1: [0.08043354290232237, -0.1804659526497117, -0.01958700070634402, 0.1196268299054954] - [0.03740378764388576, 0.13358460259238752, -0.1347379552533971, -0.03629761104869522] - [-0.0017060548000990116, 0.2281868808297476, -0.12283161350178447, -0.10366214505445262] - [0.03886083964904148, -0.11448340651564293, -0.046418834377873947, 0.12203183480449574]
A2: [0.035290443839121055, -0.029290522229170366, -0.07571351260780163, 0.06964561625372301] - [0.10287004689306778, 0.2828727961345556, -0.39262932232773984, 0.006791174645267687] - [-0.01118293929302436, 0.5390187763875137, -0.3594470772988552, -0.16837208028285078] - [0.09785466239102156, 0.017455142512692416, -0.16885875641281797, 0.05351633719856234]
B1: -2.120944090043363e-06 - 3.7415617883003445e-06 - 5.195654478164406e-07 - -1.7149705838145511e-06
B2: 3.2856581473268353e-06 - -7.303159215082152e-06 - -3.7708823208533992e-06 - 4.914537144715266e-07
