Number: 793
Error: 3.1107797398095005e-13
A1: [-0.012154807997638722, -0.014518622586456868, 0.018085720320380392, 0.00858158615024209] - [0.06583660903419165, 0.18949658225614996, -0.1453211500635357, -0.1100070313732201] - [-0.09629526248547615, 0.42178397480896745, -0.0534597079922995, -0.27203828386996676] - [-0.0013195957816883477, -0.018217413309696933, -0.0038330834840249327, 0.023378944825948714]
A2: [0.1615848846495599, -0.16775657484698708, 0.008499534751555427, -0.0023348594952876463] - [0.0354863947733934, 0.20751738223470412, -0.11720975578176634, -0.1257913728954871] - [-0.0862149520535612, 0.581536743254981, -0.23539009605116465, -0.25993694058548855] - [-0.0038358143553508, -0.004520122778981545, 0.001109418495873267, 0.007242582365976754]
B1: -1.6384814440869135e-07 - -7.446305326067661e-07 - -5.938676714963392e-07 - -2.262616505378811e-07
B2: -9.705308438907615e-07 - -1.0803587080922393e-06 - -1.3961049080265618e-06 - 1.326215495928057e-06
