Number: 4780
Error: 7.79673211935442e-16
A1: [0.06621318772348388, -0.11395207380268994, -0.023983944243164017, 0.07172287418117736] - [0.03740263383313377, 0.18819339017338724, -0.14740892544147094, -0.07818698883825494] - [-0.060229270767373826, 0.32895089670676536, -0.12775301128405644, -0.14096822433881212] - [0.03904615815920876, -0.05332268699554408, -0.03741859133937082, 0.05169511947899884]
A2: [-0.009108560432821652, -0.3468031691811144, 0.24945510580419308, 0.10645669598709681] - [0.08003984832390289, 0.03628228127358114, -0.05025008760619584, -0.06607193463206157] - [-0.04245281352267943, 0.23083189763856543, -0.04053123918440333, -0.1478478324085762] - [0.06813478579546238, -0.29346784448852653, 0.14177124827381607, 0.08356186832094462]
B1: 2.143448083973533e-10 - 2.227483965951042e-08 - 1.137349840391073e-08 - 1.4834743462924936e-08
B2: -8.191046067323104e-09 - 1.0797297353206358e-08 - 2.779305489670198e-08 - 2.6638254256709728e-08
