Number: 8689
Error: 8.186383211359096e-14
A1: [0.0804316051401351, -0.18046789028593985, -0.01958893642267397, 0.11962489220282393] - [0.037415605534040566, 0.13359641169598632, -0.1347261607086565, -0.03628579957114366] - [-0.0017027324890720576, 0.22819020302864193, -0.12282829624816789, -0.10365882372381796] - [0.03886314475671705, -0.11448110797307459, -0.04641653101100736, 0.1220341383363216]
A2: [0.03530687024275388, -0.029274050199755597, -0.07569789458141829, 0.06966280822932701] - [0.10289394067577053, 0.28289689288276726, -0.39260621248064603, 0.0068161949665126636] - [-0.01118746428310544, 0.5390142242222299, -0.3594513603044466, -0.16837684843128883] - [0.09786235007261429, 0.017462865116449844, -0.1688514382537246, 0.05352440672886223]
B1: 1.288745763756608e-07 - -4.781399371587078e-08 - 1.043601625744283e-07 - 1.261942738037401e-07
B2: -1.6113317415312899e-07 - -2.3181189644007478e-07 - -2.510878738758317e-07 - -1.4653679188839435e-07
