Number: 4918
Error: 8.816955748700347e-16
A1: [0.06621313594592583, -0.11395212442317716, -0.023983995980063854, 0.07172282249054703] - [0.037402543565295994, 0.18819330392858188, -0.1474090141816742, -0.07818707758630458] - [-0.06022938752651095, 0.32895078456598764, -0.12775312553767068, -0.14096833797793262] - [0.03904616353036781, -0.05332268189741985, -0.03741858614290839, 0.05169512463326677]
A2: [-0.009108587162958507, -0.346803197537545, 0.2494550788578208, 0.10645666796211042] - [0.08003987071906851, 0.03628230539958409, -0.05025006312955221, -0.06607190994759121] - [-0.042452827167139155, 0.23083188257974704, -0.040531253806293854, -0.1478478474988185] - [0.06813473878520643, -0.2934678962487252, 0.14177119731028953, 0.08356181561391102]
B1: -2.5497515695315142e-09 - 1.6453207354461816e-08 - -1.4304249123745707e-08 - -1.9866694807238638e-08
B2: -9.471885940816955e-09 - -3.069950574041111e-08 - 8.654260937550575e-09 - 3.717302016673053e-09
