Number: 4599
Error: 5.26277043437957e-16
A1: [0.06621316572822009, -0.1139520953064462, -0.023983966221170105, 0.07172285222283156] - [0.03740252547249019, 0.18819328664211737, -0.14740903196830168, -0.07818709537451202] - [-0.06022948772110106, 0.3289506883345739, -0.12775322358224372, -0.14096843549516358] - [0.03904606863759535, -0.053322771966150775, -0.03741867794859809, 0.05169503357303318]
A2: [-0.009108449152072005, -0.34680305112971815, 0.24945521798535336, 0.10645681265881715] - [0.08003985473694171, 0.03628228818225845, -0.05025008059713862, -0.06607192756347831] - [-0.04245271658444356, 0.23083200462548184, -0.040531135301658514, -0.14784772519866973] - [0.06813468955983298, -0.29346795044800933, 0.14177114394519374, 0.08356176042321001]
B1: -2.946823059240327e-08 - -1.2031051269061599e-08 - 1.7381126473778796e-08 - -5.291170948836687e-08
B2: 6.913927375619935e-09 - -3.405694507531695e-08 - -3.658449624615301e-08 - -1.591225311430698e-08
