Number: 7636
Error: 1.823770957713766e-16
A1: [0.08043168171607096, -0.18046781371873322, -0.019588859938307567, 0.11962496876998974] - [0.03741562544787684, 0.13359643159468015, -0.13472614083474113, -0.03628577966846315] - [-0.0017027834870350336, 0.2281901520317647, -0.12282834717146661, -0.1036588747081879] - [0.03886323174672645, -0.11448102122729586, -0.046416444076470734, 0.12203422527220063]
A2: [0.035307534105914196, -0.029273384500519424, -0.0756972633870408, 0.06966350303237964] - [0.10289383964825467, 0.2828967909978538, -0.39260631019340597, 0.006816089176325894] - [-0.011187273494796484, 0.5390144161484541, -0.3594511797182111, -0.16837664739203706] - [0.09786274590920452, 0.017463262753520222, -0.16885106144174986, 0.0535248222271553]
B1: 3.310383313857771e-08 - 6.299238160063009e-08 - 2.2744022723754722e-08 - 3.941030671828708e-08
B2: 2.6772002628095703e-08 - 5.766111965645675e-08 - 5.263291251502945e-08 - 2.7220308778846812e-08
