Number: 2418
Error: 3.062562428971889e-06
A1: [0.07497832177721855, -0.036844828712005444, -0.01232998513543323, 0.01902291554855579] - [0.032630705290780854, 0.1805240065125988, -0.15412510763946355, -0.10460666715842908] - [-0.13376207221293976, 0.4049251577250728, -0.11556384078483693, -0.19744124350118447] - [0.02944601804884003, 0.012014734308336224, -0.040563499855247, -0.030339706456164406]
A2: [0.04268032354138171, -0.1940971076313506, 0.06606524880675475, 0.003877354515201591] - [0.024531026746488493, 0.1956411083777127, -0.10650492650901854, -0.1325932894477472] - [-0.08913607275138206, 0.5183512051518306, -0.2203721699787729, -0.1903728866683749] - [-0.029065791939210703, 0.015547108697286916, -0.052818200876894386, 0.054119867139131944]
B1: 0.0006446977179442872 - -0.0029128032375281437 - -0.005690437046716742 - 0.0007254424183987004
B2: -0.005190659942722445 - -0.004716614964561279 - 0.0014277078758276143 - -0.0024654575287399723
