Number: 5189
Error: 8.080206254510467e-16
A1: [0.06621316687436296, -0.11395209418590165, -0.023983965075924447, 0.07172285336704975] - [0.03740256646598048, 0.18819332580866566, -0.1474089916685145, -0.0781870550711602] - [-0.06022948429548455, 0.3289506916244362, -0.12775322023018595, -0.14096843216109964] - [0.03904621442208434, -0.053322633592809345, -0.03741853690682795, 0.05169517346955534]
A2: [-0.00910873378808736, -0.3468033530833852, 0.24945493104622338, 0.10645651423409859] - [0.08003982394906592, 0.03628225501493563, -0.05025011424641793, -0.06607196149853745] - [-0.04245285579561644, 0.23083185098367295, -0.040531284485696865, -0.14784787916068468] - [0.06813470870867738, -0.2934679293641611, 0.14177116470441364, 0.08356178189279484]
B1: -1.2628222012962559e-08 - -3.5108650478140485e-08 - -2.906067202895484e-08 - -2.227799696270343e-08
B2: 6.857349251165654e-09 - -6.634584296959786e-08 - -4.026166856153327e-08 - 8.11000380730639e-09
