Number: 8831
Error: 0.000312362076877239
A1: [0.07878639729350882, -0.182108277964333, -0.02128706554732324, 0.11799912392994533] - [0.03440155660843057, 0.1305735434135975, -0.1377403583220972, -0.03928836279535687] - [-0.0068183040477625394, 0.22306200970715598, -0.1279438725385162, -0.10875755132154111] - [0.03643296244701338, -0.1168810464542967, -0.048933610162774345, 0.11963315843951457]
A2: [0.03384763660381032, -0.030826065238710947, -0.07698171947818332, 0.06813757427603764] - [0.1107576273751721, 0.29079951808623417, -0.3848982369344841, 0.015042612884182866] - [-0.01830297513837748, 0.5316898854730367, -0.36623436660569303, -0.1758323091689531] - [0.10480320990179577, 0.024372373193252268, -0.16213114826515124, 0.06080293387323769]
B1: -0.004238557980464845 - -0.002799584529328717 - -1.6632011446426204e-05 - -0.0028480008890948913
B2: 0.015179737405506157 - 0.015480593130949733 - 0.01754328496770203 - 0.015160913008498655
