Number: 5375
Error: 7.492595533998731e-16
A1: [0.06621321316547144, -0.11395204892918244, -0.023983918821103855, 0.07172289958050179] - [0.037402657160450055, 0.18819341246121357, -0.14740890250880698, -0.07818696590356852] - [-0.06022948717495722, 0.32895068885877854, -0.12775322304784267, -0.14096843496359712] - [0.039046147524164306, -0.05332269708978419, -0.037418601628251204, 0.05169510927362524]
A2: [-0.009108599734819239, -0.34680321087410737, 0.24945506618390775, 0.10645665478133166] - [0.08003992290179902, 0.03628236161524824, -0.05025000609676695, -0.06607185243067527] - [-0.042452797206916255, 0.23083191564553496, -0.040531221700074165, -0.1478478143640545] - [0.0681348235665845, -0.2934678029011167, 0.14177128922085208, 0.08356191066911711]
B1: -2.2259342547251848e-08 - 1.1496742323642783e-07 - -6.342083135156819e-08 - -4.9325217195317545e-08
B2: 3.5197471764280937e-09 - -2.159346799842774e-09 - 6.777179777324774e-09 - -3.676534335447772e-08
