Number: 4023
Error: 1.1945684591705734e-15
A1: [0.06621321862409364, -0.11395204359260097, -0.02398391336677767, 0.07172290502996602] - [0.037402579068151774, 0.18819333784915562, -0.14740897927965188, -0.07818704268117234] - [-0.060229260350617694, 0.32895090671140137, -0.12775300109085672, -0.14096821420066946] - [0.0390462443184893, -0.05332260521651358, -0.03741850798322287, 0.05169520215834385]
A2: [-0.00910852384808175, -0.3468031303703876, 0.24945514268507626, 0.1064567343443021] - [0.08003983598636821, 0.036282267982502725, -0.05025010109048314, -0.06607194823081734] - [-0.04245282840184749, 0.2308318812169563, -0.0405312551296645, -0.14784784886443755] - [0.06813482481518345, -0.293467801526049, 0.14177129057520196, 0.08356191206932655]
B1: -1.070128624980919e-08 - -1.1928763402452797e-09 - -3.164424976443569e-08 - 6.013818805071564e-10
B2: 1.8210076676592359e-09 - -2.301477575135484e-08 - -2.1166474457357747e-08 - 9.46161083987674e-09
