Number: 1830
Error: 3.220296586760388e-07
A1: [-0.00665207079626168, -0.014434875273624323, 0.003595914602484731, 0.019988468228925423] - [0.06697215480734145, 0.19002967272815696, -0.14658762252382299, -0.10969945693869537] - [-0.11187501573384999, 0.4425117867301498, -0.07009209300764661, -0.25731818483524277] - [-0.02214131309416057, 0.016586089610514033, -0.02875493360094471, 0.04021624665594675]
A2: [0.1321452594642918, -0.2241139549295388, 0.023224236630148505, 0.07070302363987815] - [0.033450314732062655, 0.2045531572607141, -0.11408482678892423, -0.1206621804766018] - [-0.0928707086788906, 0.557292226680628, -0.23340109901049372, -0.22379549415019848] - [-0.020608244961231856, -0.01909935536743372, 0.008327520431503222, 0.03237364655194252]
B1: -0.0001322038984060337 - 0.0008375081173910893 - -0.0001919235867028238 - -0.00015996162570958576
B2: 0.000609255168691011 - 0.0003202789999660953 - 0.0007693499494560808 - 0.0005955437917098314
