Number: 4366
Error: 9.65240537266314e-16
A1: [0.06621303887706023, -0.11395221932291004, -0.023984092972771237, 0.0717227255845845] - [0.03740265832939195, 0.18819341357788597, -0.1474089013597699, -0.07818696475441889] - [-0.06022946648444259, 0.3289507087312047, -0.12775320280129024, -0.14096841482614872] - [0.03904617926172644, -0.05332266696583407, -0.0374185709234003, 0.05169513972925445]
A2: [-0.00910840831756453, -0.3468030078106084, 0.2494552591503277, 0.10645685547166465] - [0.08003985176511098, 0.03628228498073788, -0.050250083845210076, -0.06607193083908645] - [-0.04245271430469435, 0.23083200714161894, -0.040531132858657934, -0.147847722677281] - [0.06813466962918706, -0.29346797239253436, 0.14177112233865855, 0.0835617380772142]
B1: -6.349652831646047e-08 - 1.924162117013805e-08 - 2.2109721694371777e-08 - -4.575591248161961e-08
B2: 2.4728658157203633e-08 - 4.210408582098957e-08 - -1.4024431145359167e-08 - -1.2450419658630105e-07
