Number: 6869
Error: 1.01955549391759e-15
A1: [0.08043165494613978, -0.18046784048562456, -0.019588886676225617, 0.11962494200311893] - [0.03741555959736209, 0.13359636579400727, -0.1347262065540547, -0.03628584548250149] - [-0.0017028453659877628, 0.22819009015413366, -0.12282840895981842, -0.10365893657062904] - [0.0388632016767659, -0.11448105121285926, -0.046416474127264476, 0.122034195220934]
A2: [0.03530739112437075, -0.029273527877536114, -0.075697399332145, 0.06966335338677206] - [0.10289382473492782, 0.2828967759579558, -0.3926063246174287, 0.006816073559945466] - [-0.011187133658258162, 0.5390145568190441, -0.35945104735973143, -0.16837650004156712] - [0.09786280875476369, 0.017463325884932924, -0.168851001616795, 0.05352488819447589]
B1: 2.5969684772057385e-08 - -2.5916489046784143e-08 - 7.54258295256073e-09 - 5.065936125625653e-09
B2: 1.3369584041058109e-09 - 3.5422592015238696e-09 - -1.490192989478038e-09 - 3.235732528089975e-09
