Number: 4074
Error: 1.0902388489357114e-15
A1: [0.06621316235374722, -0.11395209860548428, -0.023983969592965823, 0.07172284885405947] - [0.03740263532776663, 0.18819339160139373, -0.14740892397213587, -0.07818698736877029] - [-0.060229373738018004, 0.32895079780908487, -0.12775311204506792, -0.14096832455809225] - [0.0390461302838797, -0.05332271345384004, -0.03741861830789174, 0.05169509272950429]
A2: [-0.009108525020571674, -0.34680313161421694, 0.24945514150309062, 0.1064567331149978] - [0.08003982785145719, 0.03628225921887171, -0.05025010998147841, -0.06607195719730781] - [-0.04245275414450219, 0.23083196317199453, -0.04053117555255894, -0.1478477667386087] - [0.06813475518803992, -0.29346787818859904, 0.1417712150926364, 0.08356183400439711]
B1: -1.608444929799245e-08 - -4.966350879352726e-09 - 2.253744304112463e-08 - -8.67992923397172e-09
B2: -8.332915781584292e-09 - 2.1481471727792946e-08 - -1.5085995341910323e-09 - -1.2325997040143513e-08
