Number: 876
Error: 1.0212250902715517e-09
A1: [-0.01220799123562308, -0.014573268377508036, 0.018026926554969052, 0.008524741988838591] - [0.06580911262061624, 0.189470132257165, -0.14534957838086346, -0.11003764540230411] - [-0.09635732560927107, 0.42172397830984315, -0.053527058670335206, -0.27211059724630227] - [-0.001341121481456996, -0.018238127192654056, -0.0038560003027921256, 0.023354060308019828]
A2: [0.1616051310342473, -0.16773668342419726, 0.008519389762570538, -0.0023150862370710477] - [0.03547997169988703, 0.20751106515549156, -0.11721614993572348, -0.12579765333603352] - [-0.08619227887125558, 0.5815589726890937, -0.23536802201643786, -0.25991480280371515] - [-0.00384166154943244, -0.004525857339227475, 0.0011036406175058025, 0.007237005814723745]
B1: -1.4150214936519976e-05 - 7.450098947287045e-05 - -3.390486916137767e-06 - 5.3503775541502714e-06
B2: 1.6555620230957732e-05 - -2.4271743838000077e-05 - -1.793127035874196e-05 - -3.441239876891223e-05
