Number: 2692
Error: 1.708238689872556e-08
A1: [0.06379040570927307, -0.047518501489618364, -0.02309163134713839, 0.008208308227728542] - [0.04371540464124581, 0.19132238948417007, -0.1425092739840854, -0.09245326248658227] - [-0.12254558255042401, 0.4157593119828146, -0.10395168629397014, -0.1861681184046078] - [0.036492726667039156, 0.018656546534139725, -0.03364125418652227, -0.02355832497578443]
A2: [0.06353528939569994, -0.17359160211696406, 0.08642094588398706, 0.02405331351781902] - [0.029400976290727368, 0.20040795048637855, -0.10159962465574435, -0.12776436705580793] - [-0.09331108228489768, 0.5137796452169915, -0.2255080433247827, -0.19500154819749488] - [-0.025746139965429824, 0.018701797102565684, -0.050109152117713475, 0.057154363513870994]
B1: -8.28106272730251e-06 - 1.797237557831912e-05 - -9.554179749916578e-05 - -0.000107177176114563
B2: 9.58896460337442e-05 - 8.699126051460927e-05 - -0.000279446979220938 - 0.0001639867605874487
