Number: 7529
Error: 1.0524131190556362e-15
A1: [0.08043172344206431, -0.18046777199746586, -0.019588818262208832, 0.11962501049121547] - [0.037415614550206706, 0.1335964207052576, -0.13472615171070298, -0.03628579056009996] - [-0.0017027698513426021, 0.22819016566716627, -0.12282833355573984, -0.1036588610761352] - [0.03886325967624226, -0.11448099337616091, -0.04641641616475583, 0.12203425318435535]
A2: [0.03530746395169634, -0.029273454848770433, -0.07569733008884381, 0.06966342960845073] - [0.10289379493410371, 0.2828967459042145, -0.39260635344037065, 0.006816042354110282] - [-0.011187052802136437, 0.5390146381574292, -0.35945097082762023, -0.1683764148406827] - [0.09786285704232701, 0.017463374392140647, -0.1688509556501292, 0.053524938880663356]
B1: 6.120195364378632e-09 - 1.3309167940599777e-08 - 1.7246008575166497e-08 - 1.0631552985545328e-08
B2: 1.8554175670246598e-08 - 1.0714717638654426e-08 - 2.854051375966603e-08 - 9.551159606175153e-09
