Number: 9401
Error: 4.361647730416031e-12
A1: [0.053172644912062424, -0.14800117589769718, -0.02699895250993793, 0.12182791716109903] - [0.005318315082254756, 0.1308412943788723, -0.11359614915260176, -0.02254516144301049] - [-0.014441530146443114, 0.2230945680769025, -0.12703823564110797, -0.08160298569386175] - [0.027148595553421445, -0.10001790173744539, -0.04942236783522322, 0.1223002623727056]
A2: [0.0892283505860927, -0.0729394209185521, -0.12365294323585256, 0.10725995069612489] - [0.10883627458642836, 0.24980872602808257, -0.4048506357415126, 0.046183933947076976] - [0.03662166797931925, 0.4625409294790829, -0.3777313666175759, -0.12148767959530375] - [0.14341531412492609, -0.04461770112013296, -0.20151039220024541, 0.10266857795157877]
B1: -1.4391906137994999e-06 - -1.285751648727661e-06 - 1.7735435180201087e-06 - 4.847029925905059e-06
B2: -3.2774540117999164e-06 - -1.666459568111981e-06 - 1.1648018591582375e-06 - 8.607857642250206e-07
