Number: 8493
Error: 9.154343832712346e-16
A1: [0.08043169798844745, -0.1804677974481816, -0.019588843685417943, 0.11962498504050917] - [0.03741566274732858, 0.13359646886590285, -0.13472610360948817, -0.03628574238961503] - [-0.0017028498838650835, 0.2281900856363462, -0.12282841347108953, -0.10365894108729104] - [0.03886330843354897, -0.11448094475562703, -0.046416367438491854, 0.1220343019114008]
A2: [0.03530726385528518, -0.029273655498551456, -0.07569752033838224, 0.06966322018630094] - [0.1028937348637479, 0.28289668532409123, -0.39260641153962933, 0.006815979451694583] - [-0.011187132250965974, 0.5390145582347172, -0.35945104602778116, -0.16837649855857284] - [0.09786279200504347, 0.01746330905901706, -0.16885101756146198, 0.05352487061272992]
B1: -5.376114656865518e-08 - 2.3058693856718693e-09 - 1.196153836525724e-08 - 4.816014424291597e-10
B2: 2.2585970175263268e-08 - -6.418963824626165e-08 - 4.251834182941699e-08 - -5.4129425907081e-09
