Number: 4806
Error: 8.173246944819925e-16
A1: [0.06621313878079091, -0.11395212165168202, -0.02398399314744466, 0.07172282532062613] - [0.03740257491889031, 0.18819333388481438, -0.14740898335869165, -0.078187046760598] - [-0.060229408503394574, 0.3289507644188183, -0.12775314606444774, -0.14096835839429483] - [0.03904614215738725, -0.05332270218387827, -0.037418606820602066, 0.05169510412347009]
A2: [-0.00910843953992776, -0.3468030409328369, 0.24945522767522066, 0.10645682273655178] - [0.0800398693661805, 0.03628230394213022, -0.050250064608196116, -0.06607191143878627] - [-0.04245286311375396, 0.23083184290688735, -0.04053129232808446, -0.14784788725432468] - [0.0681346649523198, -0.29346797754183507, 0.14177111726840116, 0.08356173283376421]
B1: -4.980435774274192e-09 - 1.4473010613814333e-08 - 3.2442076983842855e-08 - 9.58351139084418e-09
B2: 1.626439484607964e-08 - 1.873932492068528e-08 - 1.2395157592208953e-08 - 2.347650380071492e-08
