Number: 3670
Error: 1.93269293743093e-14
A1: [0.06621417222527298, -0.11395111129962246, -0.023982960513035126, 0.07172385703069314] - [0.037402037074517766, 0.1881928200100963, -0.14740951210157036, -0.07818757554960479] - [-0.06022960790303094, 0.32895057290635893, -0.12775334118508413, -0.14096855246552265] - [0.03904519630043537, -0.05332359995812686, -0.03741952190647372, 0.05169419646936521]
A2: [-0.00910714678539934, -0.3468016695239989, 0.2494565308881157, 0.10645817811597708] - [0.08003912721168138, 0.03628150442973038, -0.05025087574098225, -0.06607272945747741] - [-0.042452920535879936, 0.23083177953215858, -0.040531353864000946, -0.1478479507610695] - [0.0681359228041429, -0.29346659259336483, 0.1417724809011054, 0.08356314311580655]
B1: -8.51376028030935e-09 - -1.0162770070125344e-08 - 5.383758375905393e-07 - 1.5690946435758765e-07
B2: 1.6701073078697816e-07 - -1.3180322532443257e-07 - -7.78251492301775e-08 - 4.717076531908883e-07
