Number: 949
Error: 5.7548235850378e-07
A1: [-0.011703136064130705, -0.01405492586566356, 0.0185849071598252, 0.009064223358341627] - [0.06573702260245533, 0.18940074875004403, -0.14542410589621405, -0.1101179195523057] - [-0.09579248346001397, 0.42226958845212437, -0.05291425418903977, -0.27145260560887624] - [-0.0008107881406748406, -0.01772827716186599, -0.0032915341374550352, 0.023967170926578577]
A2: [0.16176148140800936, -0.16758306665144576, 0.008672730024691707, -0.0021623958486470182] - [0.035516234224573257, 0.20754676340403727, -0.11717999202972008, -0.1257621220345366] - [-0.08642315145323408, 0.5813329918066731, -0.23559254671500024, -0.26013977945130307] - [-0.004406494681044141, -0.005081216673386208, 0.0005446222889566922, 0.006696609629848115]
B1: -0.0004728522476141668 - -0.00043829039357595593 - -0.0002649698177989899 - -1.8240842204564486e-05
B2: 0.0004738251905187077 - 0.0005995502802881573 - 0.00032309076535240054 - 0.00036088220309375
