Number: 5512
Error: 8.994639136417283e-12
A1: [0.06621494984784067, -0.11395035104716746, -0.023982183502872487, 0.0717246333475481] - [0.03740316415336208, 0.18819389686312235, -0.14740840409861405, -0.07818646744953339] - [-0.060227918178493774, 0.3289521958096846, -0.12775168771412646, -0.14096690788526978] - [0.03905045631124173, -0.053318607337838816, -0.037414433031279726, 0.051699244023363476]
A2: [-0.009109798038369577, -0.3468044820892353, 0.24945385818546523, 0.10645539844854893] - [0.08003958761744175, 0.03628200041999933, -0.05025037254430687, -0.06607222197584707] - [-0.04245222509549455, 0.23083254705624062, -0.040530608600108216, -0.14784718162269364] - [0.0681350877389626, -0.2934675120413143, 0.14177157561067527, 0.08356220686709065]
B1: -9.374515615943466e-07 - -1.0964928291466004e-06 - -1.2465382097048672e-06 - -1.2744064656443721e-06
B2: 1.7091524234413842e-06 - 2.636878880996495e-06 - 7.917633326597681e-07 - 1.784651459362101e-06
