Number: 745
Error: 8.838623959548925e-14
A1: [-0.01215347164248118, -0.014517250013168682, 0.018087197398488786, 0.008583014200099841] - [0.06583504349174164, 0.18949507627001458, -0.14532276869809704, -0.11000877444807229] - [-0.09629397601189543, 0.4217852181625174, -0.05345831200919412, -0.2720367850699452] - [-0.001319847000141555, -0.018217654909449484, -0.0038333509025165777, 0.02337865446456213]
A2: [0.16158678582699523, -0.16775470947439886, 0.008501397596045505, -0.0023330061079239236] - [0.035485850914237664, 0.20751684711465657, -0.11721029736139343, -0.12579190493227918] - [-0.08621348505538959, 0.5815381801782037, -0.23538866861685784, -0.25993551002707094] - [-0.0038351591318384064, -0.004519478450710873, 0.00111006701035417, 0.007243209234178716]
B1: 1.563711046820428e-07 - 2.034372613315652e-07 - 1.696723361237536e-07 - 1.579340556336277e-08
B2: 3.063954502043373e-07 - 5.646817246920923e-07 - 3.12466505143695e-07 - -6.326633179858055e-07
