Number: 866
Error: 3.9323451223948e-09
A1: [-0.012047615332436406, -0.0144085330191833, 0.01820419418282967, 0.008696128034637342] - [0.06585345849517285, 0.18951279096726178, -0.14530372863931795, -0.10998827098125485] - [-0.09623853577276528, 0.42183879637550886, -0.05339815497562202, -0.2719721976493314] - [-0.0013112013364921164, -0.01820934094871172, -0.0038241494714779415, 0.023388646950478733]
A2: [0.16160296856867878, -0.1677388259725787, 0.008517256132206217, -0.0023172238297894713] - [0.03549199486015299, 0.2075228923808558, -0.11720417891760272, -0.1257858940423639] - [-0.08620768095557017, 0.5815438654044047, -0.23538302150415671, -0.25992984687480586] - [-0.0038241911940741628, -0.004508691101386964, 0.0011209235899220604, 0.0072537053489981065]
B1: 2.553212468727617e-07 - -1.3066770377864514e-05 - 8.931218733575157e-07 - -1.3532704565469849e-06
B2: 1.881944775566258e-05 - 6.768217329319244e-05 - 6.274214643530071e-05 - 7.85559583809569e-05
