Number: 3758
Error: 9.51019881278153e-16
A1: [0.06621316136562395, -0.113952099571528, -0.023983970580325854, 0.071722847867583] - [0.03740264833906526, 0.18819340403279547, -0.14740891118104632, -0.07818697457654156] - [-0.06022937551463923, 0.32895079610276007, -0.12775311378357584, -0.14096832628725683] - [0.03904632371327758, -0.0533225298580229, -0.03741843117145611, 0.051695278346437036]
A2: [-0.009108577319109702, -0.3468031870947967, 0.2494550887814186, 0.10645667828282382] - [0.08003980406843209, 0.036282233597735164, -0.05025013597498164, -0.06607198341152272] - [-0.04245284327690788, 0.23083186479991583, -0.04053127107038222, -0.1478478653156937] - [0.06813468661165618, -0.29346795369426193, 0.14177114074918562, 0.08356175711750018]
B1: -1.2444342527204925e-08 - 2.507133452280351e-09 - 2.02517053063027e-08 - -3.591863890254637e-08
B2: 6.655850815059222e-09 - -1.0404741983377968e-08 - 1.8198283094944796e-08 - -1.599710512779887e-08
