Number: 5444
Error: 3.870169541361769e-15
A1: [0.0662131082703247, -0.11395215148029714, -0.023984023633960273, 0.07172279486136678] - [0.03740265473793534, 0.1881934101466675, -0.14740890489034192, -0.07818696828532204] - [-0.06022937311018301, 0.328950798411728, -0.12775311143060142, -0.14096832394659092] - [0.039046241080292345, -0.05332260828965842, -0.03741851111568075, 0.05169519905129039]
A2: [-0.009109028764616481, -0.34680366600603296, 0.2494546336829478, 0.10645620496830585] - [0.08003998105332659, 0.03628242426103334, -0.05024994254042186, -0.06607178833483045] - [-0.042452849150497976, 0.23083185831759576, -0.04053127736492493, -0.14784787181149808] - [0.06813458729167317, -0.2934680630489594, 0.14177103307678046, 0.08356164576267629]
B1: -8.413932939814773e-08 - 2.459146772334525e-07 - 1.7897125474629037e-08 - -4.600060723368367e-08
B2: 3.419262350994729e-08 - 7.334949794123136e-08 - -2.3201669703515313e-09 - 1.0659949083970068e-08
