Number: 5265
Error: 1.082567090573901e-15
A1: [0.06621313569838165, -0.11395212466518474, -0.02398399622742959, 0.07172282224339299] - [0.03740254410115478, 0.18819330444060803, -0.1474090136548375, -0.07818707705943316] - [-0.06022947990299713, 0.3289506958430463, -0.1277532159320338, -0.1409684278860393] - [0.03904611046467556, -0.05332273226533544, -0.03741863748220159, 0.051695073710794764]
A2: [-0.00910841883275178, -0.34680301896592786, 0.24945524854969753, 0.10645684444685938] - [0.08003983779778133, 0.036282269933950784, -0.05025009911056608, -0.06607194623417274] - [-0.04245287674744021, 0.23083182786001938, -0.040531306938476626, -0.14784790233251324] - [0.06813470043438925, -0.29346793847447905, 0.14177115573425955, 0.08356177261585106]
B1: 5.293702861144358e-08 - 9.281422652552154e-08 - -4.007593288606611e-08 - -4.010466167798055e-08
B2: 2.1455386693039194e-08 - -7.694838628624658e-09 - 2.9474402435741964e-08 - 1.0742310682066181e-08
