Number: 7777
Error: 8.271816522269444e-16
A1: [0.08043168605407301, -0.1804678093812225, -0.019588855605480668, 0.1196249731075034] - [0.03741565931740331, 0.13359646543857095, -0.13472610703268953, -0.03628574581769405] - [-0.001702793120237333, 0.22819014239876853, -0.12282835679055716, -0.10365888433881494] - [0.03886322571789888, -0.11448102723920581, -0.046416450101446044, 0.12203421924712601]
A2: [0.035307334584647666, -0.029273584573620233, -0.0756974530895113, 0.06966329421193838] - [0.10289363863951997, 0.2828965882831682, -0.39260650460651486, 0.006815878690947453] - [-0.011187220211727121, 0.5390144697493308, -0.3594511292845921, -0.16837659124584242] - [0.09786269581088797, 0.01746321242732985, -0.16885110913215726, 0.053524769640294456]
B1: 1.5988411486496996e-08 - 1.1334117593488008e-08 - 1.2002518508522136e-08 - 1.3621513763165588e-08
B2: -1.4885950048085722e-08 - 7.743283262690416e-08 - -1.1760285072144622e-09 - -1.2628547758619365e-08
