Number: 9606
Error: 7.01697908490912e-15
A1: [0.05317283650550217, -0.14800098451056806, -0.026998761274226984, 0.12182810848413735] - [0.005313764325829173, 0.13083673882092, -0.11360069927342875, -0.022549718803966577] - [-0.01444431814769511, 0.22309177931523538, -0.12704102129456288, -0.08160577451241584] - [0.02714683864690279, -0.1000196594927217, -0.049424129052913796, 0.12229849991344571]
A2: [0.0892538751979375, -0.07291395505519728, -0.12362799369521739, 0.10728578974223825] - [0.10884288065564877, 0.2498153331694486, -0.4048441604932322, 0.0461906513253751] - [0.036635891957866984, 0.46255507965454934, -0.3777174890615045, -0.12147330789718423] - [0.1434264727179971, -0.04460658395478449, -0.20149949689642127, 0.10267990259722791]
B1: -6.660786229198715e-08 - -3.4808130265928507e-08 - 4.398726283850118e-08 - -2.3578279578067317e-07
B2: 4.493561507229258e-08 - 3.717309979223094e-08 - 5.989756529411112e-08 - -2.4471398569943457e-07
