Number: 1401
Error: 7.164716684794207e-10
A1: [-0.007243489987144321, -0.015050196530495464, 0.002938993910059305, 0.019397321466466493] - [0.06675864043012553, 0.18981890601197524, -0.14680551455686858, -0.1099380857912032] - [-0.1127238842083218, 0.4416495143215673, -0.0709338311814732, -0.2582498301169429] - [-0.02361425193838058, 0.015103476029371623, -0.03018470658420044, 0.0386530027958742]
A2: [0.13165253291171283, -0.22456317495819392, 0.022731918188064897, 0.07022540718804136] - [0.03264377090606529, 0.20374681795436592, -0.11489075856301602, -0.12145986948397552] - [-0.09478722896180759, 0.5553779832004279, -0.2353639767887808, -0.22579689265383182] - [-0.020733822801853152, -0.019183549614425168, 0.00821083852464545, 0.03227160397823637]
B1: 3.4950810915937327e-06 - -7.910934651467088e-05 - 5.9672316849433525e-05 - -2.9570469782687947e-05
B2: -1.1695897806383209e-05 - -4.128888344697047e-05 - 2.6240061361919377e-06 - -1.948344193754537e-05
