Number: 9605
Error: 2.365568209447556e-14
A1: [0.05317281928867922, -0.1480010017336664, -0.02699877847204013, 0.12182809125906108] - [0.005313818918879359, 0.13083679347113258, -0.11360064468869932, -0.022549664133931873] - [-0.014444267237414439, 0.22309183024406914, -0.12704097042463167, -0.08160572358400242] - [0.027147114696354138, -0.10001938344402765, -0.049423852421320455, 0.12229877666419427]
A2: [0.0892538435770708, -0.0729139866029978, -0.12362802460372324, 0.10728575773137451] - [0.10884302887213172, 0.24981548141209567, -0.40484401521247926, 0.04619080203572423] - [0.03663587506167104, 0.4625550628462784, -0.37771750554629235, -0.12147332496865591] - [0.14342674420611573, -0.04460631347792958, -0.20149923181187862, 0.10268017811325983]
B1: 2.235890411936378e-08 - -1.3105936906850765e-07 - 8.808606548317794e-08 - -2.3688433048010275e-07
B2: -5.322692447508748e-08 - 6.654373294879535e-09 - 2.261218858056309e-08 - -3.022926810066727e-07
