Number: 1714
Error: 3.571436571227205e-07
A1: [-0.004444463355948448, -0.012239994365823185, 0.0058485426793163636, 0.022256793322902528] - [0.06662683996829466, 0.18969219917254082, -0.1469423932318562, -0.11008532240277322] - [-0.11118339840542972, 0.4431349342176137, -0.06933829447265331, -0.25658915518617165] - [-0.021448557739057027, 0.01721055936731567, -0.027976208486941892, 0.040927934622139166]
A2: [0.12973054617182134, -0.22642702549952212, 0.02085160637856199, 0.06834595232630197] - [0.032933447122520276, 0.20403257454767287, -0.11460223980480228, -0.12117296567405661] - [-0.095697622090802, 0.5545060543120037, -0.2362468625593368, -0.22669209040548707] - [-0.022377501351724272, -0.02078421357023405, 0.006587957583583045, 0.0306919787006343]
B1: -0.0005929270291560864 - 0.00017103387918890296 - 0.00023457121724399906 - -0.0006330749513883385
B2: -0.0004161652426829833 - -0.00023832633526245795 - -0.000879378679316304 - -0.0005747862126432714
