Number: 3745
Error: 1.0338595499186261e-15
A1: [0.06621318660194676, -0.11395207489915678, -0.023983945363806637, 0.07172287306155135] - [0.037402613310996514, 0.18819337056585608, -0.14740894561632403, -0.07818700901486171] - [-0.06022934661950013, 0.3289508238549383, -0.12775308550850364, -0.14096829816426606] - [0.03904622682406921, -0.05332262182157465, -0.037418524908505536, 0.05169518537052242]
A2: [-0.009108551849697579, -0.3468031600757123, 0.24945511445691143, 0.10645670498612464] - [0.0800398040047864, 0.03628223352917197, -0.05025013604454333, -0.06607198348167291] - [-0.042452846847565465, 0.2308318608591157, -0.04053127489683877, -0.14784786926471696] - [0.06813483540799622, -0.2934677898628269, 0.1417713020589253, 0.08356192394591157]
B1: -1.6304776720274603e-08 - 5.5541812724746514e-09 - 9.942422815746574e-09 - 1.9150100849283826e-08
B2: -1.3400466744000674e-08 - 8.605875329267362e-09 - 8.582367869728364e-09 - 1.1008167871198713e-08
