Number: 7422
Error: 6.504966179967795e-16
A1: [0.08043167797327329, -0.18046781746110307, -0.019588863676628692, 0.11962496502762196] - [0.037415582460740976, 0.1335963886400828, -0.13472618373622652, -0.03628582263178625] - [-0.0017028055523746887, 0.22819012996689775, -0.12282836920449866, -0.10365889676763702] - [0.03886323015275678, -0.11448102281678861, -0.04641644566942465, 0.1220342236792233]
A2: [0.03530716322963739, -0.029273756402574014, -0.07569761601172957, 0.06966311487039062] - [0.10289368625885263, 0.28289663630663464, -0.3926064585496875, 0.006815928555293604] - [-0.011187105113950171, 0.5390145855336027, -0.35945102034192405, -0.16837646996343084] - [0.09786274471362415, 0.017463261552499745, -0.16885106257985058, 0.05352482097216741]
B1: -2.56223377630922e-08 - 3.1299966838780846e-08 - 7.296053462958514e-08 - 3.42041789724231e-08
B2: 1.4168251793899976e-08 - 1.0839990566582385e-08 - 3.5825331212267047e-08 - 1.8841911171659772e-08
