Number: 8471
Error: 1.0207867031538509e-15
A1: [0.08043167776242219, -0.18046781767191797, -0.019588863887255944, 0.11962496481679208] - [0.03741560825073186, 0.1335964144105424, -0.13472615799751295, -0.0362857968560317] - [-0.0017027921528890678, 0.22819014336609622, -0.12282835582463066, -0.10365888337171902] - [0.038863185416854275, -0.11448106742710712, -0.046416490376804856, 0.12203417897115328]
A2: [0.035307400978576306, -0.029273517996033668, -0.07569738996296584, 0.06966336370034468] - [0.10289379080929069, 0.28289674174442303, -0.39260635742976974, 0.006816038034754996] - [-0.011187097543322783, 0.5390145931493432, -0.35945101317615064, -0.16837646198602177] - [0.09786281402963075, 0.017463331183773145, -0.16885099659543124, 0.05352489373131985]
B1: -4.698508749178437e-09 - 4.1484341626428016e-08 - 1.3714303240784096e-08 - 1.3958627727366359e-08
B2: 7.62489377693528e-09 - 7.261565627905304e-08 - 1.1029127479403939e-08 - 8.736797686305053e-09
