Number: 4523
Error: 7.821142411788145e-16
A1: [0.06621310540611883, -0.11395215428055422, -0.02398402649592371, 0.07172279200197376] - [0.03740253019380102, 0.1881932911530097, -0.1474090273268817, -0.07818709073268393] - [-0.060229448661120386, 0.32895072584956714, -0.12775318536039748, -0.14096839747896403] - [0.03904598028701388, -0.05332285582521428, -0.03741876342484801, 0.05169494879084278]
A2: [-0.009108575867022017, -0.34680318555434936, 0.24945509024514473, 0.10645667980522913] - [0.080039830394972, 0.036282261958992854, -0.050250107201527505, -0.06607195439374332] - [-0.04245268419838626, 0.23083204036873253, -0.04053110059551711, -0.14784768938091472] - [0.06813479016831588, -0.29346783967381174, 0.14177125301446727, 0.08356187322373852]
B1: -1.2299493584009676e-09 - -6.655563686736068e-09 - 7.440142768736449e-09 - -4.583404818497698e-08
B2: 1.787456714211143e-08 - 2.205530302234531e-08 - -1.345183632121801e-07 - 2.8671157222148677e-08
