Number: 5986
Error: 1.943525898830239e-11
A1: [0.08042494823943121, -0.1804745463095515, -0.019595584836297145, 0.11961823636071603] - [0.0374099461640279, 0.1335907563901771, -0.13473180928579442, -0.03629145609446885] - [-0.0017069334479489972, 0.2281860022188215, -0.12283249080377606, -0.10366302343768592] - [0.03885523106978102, -0.11448899931231672, -0.04642443920486245, 0.12202622980028272]
A2: [0.03526923547733911, -0.029311789509570155, -0.07573367733250351, 0.06962341937418969] - [0.10285829058960806, 0.28286093988679856, -0.392640692952536, 0.006778864033078008] - [-0.011177330331770577, 0.5390244188660364, -0.35944176829553987, -0.1683661699253917] - [0.09784893525621875, 0.01744938926376829, -0.16886420830462587, 0.053510325565830005]
B1: -1.135750074910135e-06 - 7.68818136526734e-06 - 2.8620698952686537e-06 - -9.114659647903267e-07
B2: 5.417725893017041e-07 - -2.689009251055361e-06 - -3.4920559062474276e-06 - 1.0998161193725422e-06
