Number: 4232
Error: 8.659709320527707e-16
A1: [0.06621320216829954, -0.11395205968065925, -0.023983929809660853, 0.07172288860179067] - [0.03740263303132456, 0.18819338940729988, -0.14740892622971274, -0.07818698962654852] - [-0.06022940215192834, 0.3289507705190993, -0.12775313984923753, -0.1409683522127121] - [0.039046226546064086, -0.05332262208538872, -0.03741852517742457, 0.051695185103758916]
A2: [-0.009108493218654392, -0.346803097877359, 0.24945517356231428, 0.10645676645757166] - [0.08003985154151731, 0.03628228473985439, -0.0502500840895906, -0.066071931085565] - [-0.042452872732317834, 0.2308318322911061, -0.04053130263594523, -0.14784789789225547] - [0.06813492523512682, -0.2934676909593374, 0.14177139944007947, 0.08356202465859991]
B1: -2.8259585539583386e-08 - 2.247900381048959e-08 - -3.158454507511195e-08 - 4.5339394214595545e-08
B2: -9.304366955835076e-09 - -4.616405687231343e-09 - 9.93069631046559e-09 - 3.1055619088966376e-08
