Number: 9998
Error: 7.341305449211177e-16
A1: [0.05317247129778381, -0.14800134984719995, -0.026999126076221642, 0.12182774310163513] - [0.00531365544768734, 0.130836629831861, -0.11360080813174472, -0.02254982783614865] - [-0.014444482507525948, 0.22309161489647314, -0.12704118552302124, -0.08160593893195706] - [0.02714642991201497, -0.10002006822206466, -0.04942453864712067, 0.12229809014320434]
A2: [0.08925451588869715, -0.07291331584767961, -0.1236273674424786, 0.10728643833110606] - [0.10884181968654802, 0.24981427201488976, -0.4048452004458988, 0.046189572504910216] - [0.036635911040863715, 0.4625550986376672, -0.37771747044376525, -0.12147328861691664] - [0.14342640858278186, -0.04460664784768618, -0.20149955951532803, 0.10267983751131732]
B1: 3.8146173875503487e-08 - 2.6121444090759205e-08 - 2.0088844356211982e-08 - 2.7844643866163283e-08
B2: 1.6075974864505046e-08 - 2.8577486648157097e-09 - 4.161603717832423e-08 - 2.5579009766379707e-08
