Number: 7056
Error: 1.1739857220872324e-15
A1: [0.08043169671608019, -0.18046779872041488, -0.019588844956226342, 0.11962498376828978] - [0.03741559963193332, 0.13359640579827906, -0.13472616659924996, -0.03628580547010604] - [-0.0017028071340350148, 0.22819012838526986, -0.12282837078384472, -0.10365889834888035] - [0.03886323813568054, -0.11448101485626068, -0.04641643769157985, 0.12203423165718992]
A2: [0.03530740492831659, -0.02927351403540841, -0.07569738620753351, 0.06966336783410533] - [0.10289379939584463, 0.28289675040381956, -0.3926063491250517, 0.006816047026219484] - [-0.011187083015248765, 0.5390146077641099, -0.3594509994250216, -0.1683764466772688] - [0.09786279545618298, 0.017463312525862244, -0.16885101427618332, 0.05352487423529682]
B1: 7.16728451107914e-09 - -4.19346148865981e-09 - 4.810583159802164e-09 - 5.533227290545925e-09
B2: 4.753182236219219e-09 - 3.008315877122397e-09 - 9.153713515541372e-09 - 1.055494199586629e-09
