Number: 9095
Error: 7.160057599612333e-06
A1: [0.08255911178937979, -0.11994429979737217, 0.0017808392553164193, 0.1497802728762794] - [0.035196603342384745, 0.1600244892399422, -0.08507316236642484, 0.006072946434892589] - [-0.03031596378832805, 0.20779858888622407, -0.14080772319303952, -0.09570026989167019] - [0.05624993345393832, -0.07171975950338376, -0.020460211817010146, 0.15056386563723864]
A2: [0.047971105101208916, -0.11395957350893832, -0.16073112770983153, 0.06589596553849734] - [0.06165689109679464, 0.20176368443351686, -0.44959920502805995, -0.0020887442463679295] - [0.057439511061516166, 0.48410795204074164, -0.3582363735310615, -0.10047411850394096] - [0.14489000773965363, -0.043314552822517706, -0.2010307161229153, 0.10392337391812083]
B1: -0.006693226417242327 - 0.009079781931045416 - 0.0011008362847243665 - 0.00386010581978228
B2: 0.00174844747225383 - -0.0005744395189916391 - 0.007873861831849781 - 0.0025661034140554264
