Number: 8
Error: 0.0015804941183020858
A1: [0.07268492873391261, 0.08054898045645151, 0.09157125161198024, 0.06763817495409992] - [0.1938311066604045, 0.32805138863471217, -0.036351614347746274, -0.023303495050273487] - [0.024934986572237333, 0.5391816327204354, 0.059030185279543415, -0.1440866439056493] - [0.33395842298402434, 0.3329980526595107, 0.33747968807986867, 0.3402055781399032]
A2: [0.37086528362451376, 0.0372843904688731, 0.20433693441422993, 0.20329190421167226] - [0.2017192107837258, 0.36822653795240634, 0.03655214356207036, 0.032165132429599605] - [0.346902974626877, 1.01333448514174, 0.18058214198229514, 0.17980038630890224] - [0.6066709498069347, 0.6061694987003966, 0.6043523228749383, 0.6093670554461175]
B1: 0.06785641810467355 - 0.551549313621938 - -0.03285227538595026 - -0.14104324852255581
B2: 0.05323083679312874 - 0.5673786036178196 - -0.1239375390734473 - -0.07036080418516572
