Number: 5884
Error: 4.080736077789404e-08
A1: [0.08022026473905208, -0.1806798855479285, -0.01979956540499616, 0.11941378036484065] - [0.03651715163342209, 0.13269835353786208, -0.13562242792699858, -0.037183566388108366] - [-0.0019496302224470768, 0.22794323800572866, -0.12307443098480711, -0.1039054628068616] - [0.03927277761466413, -0.11407298350966524, -0.04600668778912671, 0.1224437506873218]
A2: [0.03620707379479592, -0.028371752517161473, -0.07484186029076713, 0.07060543231947608] - [0.10398162038739116, 0.28399238362198304, -0.3915549919659926, 0.007955499804786237] - [-0.008545459558458042, 0.5416710554799997, -0.3569501104032196, -0.1655915463428002] - [0.09937928333844513, 0.01898610928194845, -0.1674071482795868, 0.055117434315433485]
B1: 9.66250277794125e-05 - -0.0005274609234459251 - 0.00040498191134654527 - 0.00018977034767582055
B2: -0.0003936826748719267 - -9.929467869895515e-06 - 0.0005983222966865449 - -2.0983221824825244e-05
