Number: 268
Error: 3.4770884317668666e-08
A1: [-0.014444672602699857, -0.016870458391084375, 0.015555164473271061, 0.006135015546309428] - [0.06474384034718328, 0.188445382019529, -0.14645090218806092, -0.11122358041037729] - [-0.09849883012141289, 0.41965512856622245, -0.05584896678494574, -0.2746048065143459] - [-0.002527612935277712, -0.019378438002511277, -0.005117805704116143, 0.021983196137779437]
A2: [0.16109136326597406, -0.16824056521631717, 0.008016391465110247, -0.002815839843165748] - [0.035756353953168375, 0.2077830685593854, -0.11694094130594752, -0.12552730292802447] - [-0.08607620559359892, 0.5816727925141305, -0.23525592823743285, -0.25980193934648166] - [-0.003959020745846704, -0.004641123091640824, 0.0009875776925988746, 0.007124761321398811]
B1: 7.795626515999888e-05 - 0.00030397768113585224 - -0.0002441638586062052 - -6.534315541388874e-06
B2: 0.0004792672404057891 - 9.919033898456387e-05 - -0.0002781684246987084 - 3.473538131877739e-05
