Number: 3170
Error: 3.518780604626421e-05
A1: [0.08121568683156755, -0.029466137585164157, -0.005142734824263762, 0.02653674500479719] - [0.05224569361412996, 0.19974063754484284, -0.13349546257764194, -0.08283964093276527] - [-0.10184717566923698, 0.43781915707733604, -0.08205087601249034, -0.16386314701596383] - [0.06809672429186514, 0.051934865281683694, -0.0012688832848628908, 0.009437695685693812]
A2: [0.0945163600016137, -0.14368653815088434, 0.118026658226629, 0.05521033601901942] - [0.02512248453602831, 0.19612730563179132, -0.10587851550669647, -0.13206509463347407] - [-0.06760941507069952, 0.5392172921565879, -0.19976386735150653, -0.16943446691613673] - [-5.1828735640979846e-05, 0.04490314820055789, -0.02454501260066451, 0.08287211587515984]
B1: 0.009460147666218428 - -0.008290323560149308 - -0.009836970208922534 - -0.012408351447333538
B2: 0.0007427108392061492 - -0.0034652093206478454 - -0.00015722365486540383 - 0.0017276312926637564
