Number: 9547
Error: 2.536284885262973e-13
A1: [0.05317336105434048, -0.14800045977265786, -0.02699823730337758, 0.12182863329841331] - [0.0053120592839806125, 0.1308350319733806, -0.1136024040709673, -0.022551426254302887] - [-0.014445024235391403, 0.22309107296040598, -0.12704172682993745, -0.08160648085652673] - [0.027143976268513597, -0.10002252187522576, -0.049426997475583476, 0.12229563025276356]
A2: [0.0892586101829731, -0.07290923103960323, -0.12362336541234555, 0.10729058307883609] - [0.10884470711898096, 0.24981715995412254, -0.4048423702161692, 0.046192508501663815] - [0.03663848857774215, 0.4625576627620536, -0.37771495567906893, -0.12147068436560736] - [0.14342799585620972, -0.04460506649525565, -0.20149800968713524, 0.10268144831988399]
B1: -4.4414633804400883e-07 - -4.025480532378121e-07 - -7.001124583247467e-08 - 2.7185835701115905e-07
B2: 7.660368194553006e-07 - -5.6686799447957e-07 - 1.0384121381663995e-07 - -4.924210782304863e-08
