Number: 479
Error: 4.388085083794561e-13
A1: [-0.012153405248743011, -0.014517181803747913, 0.018087270809297153, 0.008583085170306605] - [0.06583662190598386, 0.18949659463476365, -0.14532113675825847, -0.11000701704611898] - [-0.09629486811249871, 0.4217843560149885, -0.053459280001521794, -0.2720378243753192] - [-0.0013250904335259958, -0.018222697541999684, -0.003838932310762247, 0.023372593980789842]
A2: [0.16158370705619615, -0.16775773027983962, 0.00849838094341896, -0.0023360074192961605] - [0.03548782022602983, 0.20751878478464947, -0.11720833629933773, -0.1257899784330885] - [-0.08621435598591053, 0.5815373271186038, -0.23538951604786068, -0.2599363593051235] - [-0.003834324027109999, -0.004518657224360988, 0.0011108935731750497, 0.007244008212002587]
B1: -1.5353729427265216e-06 - -4.2599592988035033e-07 - 1.7300358139175528e-06 - 4.354145312006324e-07
B2: 5.55828904883955e-07 - -2.179850033377988e-06 - 2.3576421755512786e-07 - 2.0028049658437247e-07
