Number: 7815
Error: 1.3874640381102193e-15
A1: [0.0804316572337994, -0.18046783819823056, -0.019588884391294692, 0.11962494429052108] - [0.03741561160761963, 0.13359641776489417, -0.13472615464741228, -0.03628579350105026] - [-0.0017028562149037907, 0.22819007930544785, -0.12282841979284491, -0.10365894741664357] - [0.038863210061229794, -0.11448104285193506, -0.04641646574813904, 0.12203420360018756]
A2: [0.03530744723740482, -0.029273471609280628, -0.07569734598057923, 0.06966341211513677] - [0.10289382353027002, 0.2828967747430853, -0.3926063257824981, 0.006816072298429528] - [-0.01118711540569516, 0.5390145751804719, -0.3594510300832861, -0.16837648080819545] - [0.09786281128507215, 0.01746332842675798, -0.1688509992080906, 0.05352489085046454]
B1: 3.073839776596347e-08 - 2.278113715573726e-09 - -1.3587624706660642e-08 - 6.875484756071802e-09
B2: 1.0552826543683083e-08 - -2.4376681654910537e-08 - 1.948066422235885e-08 - 4.8169957463551044e-09
