Number: 3914
Error: 8.593992679122394e-16
A1: [0.06621311354254607, -0.11395214632590629, -0.023984018365864695, 0.07172280012477603] - [0.037402536283060284, 0.188193296970906, -0.14740902134067946, -0.07818708474592088] - [-0.06022937726208394, 0.328950794424417, -0.12775311549350946, -0.14096832798799758] - [0.03904609236716786, -0.053322749442930514, -0.03741865499103079, 0.05169505634422657]
A2: [-0.009108639019167813, -0.3468032525489548, 0.24945502658212396, 0.10645661359365031] - [0.0800397717528211, 0.036282198784557164, -0.050250171294106555, -0.06607201903056428] - [-0.04245301383356616, 0.23083167656287906, -0.04053145384572002, -0.14784805394506392] - [0.06813463998691305, -0.29346800503014536, 0.14177109020345116, 0.08356170484252763]
B1: -6.833631694615475e-08 - -4.937595164862307e-08 - -9.122760671084153e-09 - 6.843430651369809e-08
B2: -7.812440712347357e-09 - -2.1126681112182736e-08 - 1.679666696559925e-08 - -1.5413923793008624e-08
