Number: 5427
Error: 2.8403564440144423e-15
A1: [0.06621322500138013, -0.11395203735770533, -0.023983906994462928, 0.07172291139657527] - [0.037402657644679524, 0.18819341292387629, -0.14740890203277254, -0.07818696542749456] - [-0.06022951480817389, 0.3289506623184283, -0.12775325008798555, -0.14096846185825337] - [0.03904613326923973, -0.05332271062002637, -0.03741861541939677, 0.05169509559446521]
A2: [-0.009108816724945065, -0.34680344106589583, 0.24945484743811794, 0.10645642727961104] - [0.08003980515653189, 0.03628223477006833, -0.050250134785250325, -0.06607198221203643] - [-0.04245278564106608, 0.23083192841023764, -0.040531209305905425, -0.14784780157277352] - [0.06813492066346256, -0.29346769599376793, 0.14177139448257342, 0.0835620195319931]
B1: -6.132944473774958e-08 - -1.9271887792422638e-08 - 4.5293392565236765e-08 - 8.590824431931336e-08
B2: -3.812138646610603e-08 - -3.512582682514116e-08 - -4.684252070455811e-08 - 1.2267129122670989e-08
