Number: 7427
Error: 4.994074223693609e-16
A1: [0.08043169408387785, -0.18046780135232424, -0.01958884758528886, 0.11962498113638541] - [0.03741559832195937, 0.13359640448929555, -0.134726167906613, -0.03628580677935499] - [-0.0017027887771417438, 0.22819014674177207, -0.12282835245382817, -0.10365887999688185] - [0.03886324931618454, -0.11448100370714173, -0.046416426518209514, 0.1220342428307395]
A2: [0.03530719509150246, -0.029273724452584506, -0.07569758571785529, 0.06966314821726884] - [0.10289367410073842, 0.2828966240453342, -0.3926064703088602, 0.00681591582397663] - [-0.011187149249218592, 0.5390145411350896, -0.3594510621169422, -0.16837651647027543] - [0.09786272696551879, 0.017463243723665384, -0.1688510794749078, 0.05352480234244529]
B1: -1.3001415675431704e-08 - 2.408379481478424e-08 - 5.923961399686983e-08 - 2.623176446098504e-08
B2: 2.32639965949662e-08 - 1.9718662593789013e-08 - 4.826626663934099e-08 - 2.7700081786749337e-08
