Number: 9653
Error: 4.278083712355197e-14
A1: [0.05317267356275482, -0.14800114750978005, -0.02699892403592858, 0.12182794546444162] - [0.005313538309183044, 0.13083651256799508, -0.11360092525571483, -0.022549945139214933] - [-0.01444474088231437, 0.223091356425329, -0.1270414436952606, -0.0816061973988189] - [0.027146376831034682, -0.10002012130447911, -0.049424591841618876, 0.122298036927566]
A2: [0.08925554215353342, -0.07291229195741558, -0.12362636430153963, 0.10728747724954697] - [0.10884154537181297, 0.24981399765188023, -0.4048454693266614, 0.04618929357528096] - [0.036635886706236756, 0.462555074430309, -0.3777174941848358, -0.12147331320318432] - [0.14342727363026353, -0.04460578602425653, -0.20149871487349483, 0.10268071539155058]
B1: 1.2282953967151535e-07 - -2.625875318475685e-07 - -1.836928173301267e-07 - 1.336408337671658e-07
B2: 1.6029072993292443e-07 - 1.5109350276562901e-07 - 7.57148214537476e-08 - 1.055600117537861e-07
