Number: 7030
Error: 8.56088572130426e-16
A1: [0.08043170300249046, -0.18046779243471636, -0.019588838677332562, 0.11962499005398217] - [0.0374155937226686, 0.13359639989348632, -0.13472617249674068, -0.036285811376097564] - [-0.0017028029029929393, 0.22819013261622234, -0.12282836655899688, -0.10365889411896717] - [0.038863217459341674, -0.11448103547457478, -0.04641645835474427, 0.12203421099370128]
A2: [0.035307458979155874, -0.029273459835072523, -0.07569733481667777, 0.06966342440416413] - [0.10289371186659381, 0.2828966621317011, -0.39260643378220544, 0.006815955370312045] - [-0.011187130428776702, 0.5390145600677815, -0.3594510443029633, -0.16837649663855253] - [0.09786280066216109, 0.017463317755520468, -0.16885100932042854, 0.053524879699878375]
B1: 7.507879941066083e-09 - -1.4661154966838904e-08 - -8.40610136355104e-09 - 7.555186726328078e-10
B2: 1.4025368920673812e-09 - -6.083600009403555e-09 - 1.0422597199722377e-08 - -2.034084128504869e-08
