Number: 154
Error: 4.329302443664718e-05
A1: [-0.01585536271580422, -0.01815751480664725, 0.014581375766983155, 0.00508243561684505] - [0.07957529934949613, 0.20266909740813385, -0.1312959547047404, -0.09490145186717898] - [-0.10078947749986675, 0.4178339215787259, -0.05803593200920254, -0.27688478151110785] - [-0.006114045320833966, -0.022566406930663488, -0.008221680071408319, 0.018417866941594495]
A2: [0.17019045132290747, -0.15963367613661603, 0.016985942853966943, 0.0056704485141019865] - [0.03941410875536733, 0.2112645785383562, -0.11354997075243087, -0.1222347833986292] - [-0.08454466582852256, 0.5832483179553082, -0.2337882136764156, -0.25866471291642784] - [0.010527917987231376, 0.009739272502791784, 0.015235543569387626, 0.020739747891546947]
B1: 0.0003035624613217401 - 0.027869177461972674 - -0.0024435102574060343 - 0.002483793347664097
B2: -0.012604349377529444 - 0.06001125430490974 - -0.008609833571285858 - -0.007517727216963242
