Number: 6165
Error: 1.0026632603892861e-15
A1: [0.08043160353435856, -0.18046789189157933, -0.019588938026531257, 0.11962489059721279] - [0.03741550655410789, 0.133596312790903, -0.1347262594916177, -0.03628589849636867] - [-0.0017028209244952662, 0.22819011459511035, -0.12282838455411306, -0.10365891213565831] - [0.03886319683873289, -0.11448105603731203, -0.04641647896221431, 0.12203419038591051]
A2: [0.03530743410193073, -0.029273484781107802, -0.07569735846962718, 0.0696633983674497] - [0.10289380804793273, 0.28289675912934087, -0.3926063407568869, 0.00681605608624759] - [-0.011187124681277947, 0.5390145658495746, -0.35945103886282054, -0.16837649058222826] - [0.09786278925615262, 0.01746330629762977, -0.16885102017820333, 0.0535248677272721]
B1: 1.4988963321236667e-08 - 3.586038044278585e-08 - 1.0731908571951191e-08 - 3.0593703791159726e-09
B2: 7.478123183788208e-09 - -3.0365224307795818e-09 - 1.0263135772314914e-08 - 3.3820983097586454e-08
