Number: 7900
Error: 9.756786500035473e-16
A1: [0.08043167509436186, -0.18046782033969558, -0.01958886655209479, 0.1196249621490398] - [0.03741564220809728, 0.13359644834220863, -0.13472612410790438, -0.036285762917523896] - [-0.0017028262904941064, 0.2281901092292165, -0.12282838991225037, -0.10365891750022103] - [0.03886323722871324, -0.11448101576069805, -0.04641643859797447, 0.12203423075078187]
A2: [0.03530740822318175, -0.029273510731408527, -0.07569738307484415, 0.0696633712825631] - [0.10289368717205222, 0.2828966372275992, -0.39260645766645913, 0.006815929511566903] - [-0.011187167588131514, 0.5390145226867921, -0.35945107947517435, -0.16837653579456788] - [0.09786274130408659, 0.01746325812745767, -0.1688510658255398, 0.05352481739330208]
B1: 2.3198325044002913e-08 - 2.4772275744142158e-08 - -7.281225804338794e-09 - 1.4944108251206486e-08
B2: 6.440468838545029e-09 - 1.6899572546278105e-08 - 1.7484065989272332e-08 - 1.0269108179310375e-08
