Number: 3850
Error: 7.877967431554897e-16
A1: [0.06621307780975444, -0.11395218126018386, -0.02398405407061463, 0.0717227644519513] - [0.037402534111637596, 0.18819329489625924, -0.1474090234753549, -0.07818708688078622] - [-0.0602293035414668, 0.3289508652289839, -0.12775304335489274, -0.1409682562373844] - [0.039046163099019315, -0.053322682306952196, -0.0374185865603372, 0.05169512421927558]
A2: [-0.009108589923602833, -0.3468032004662053, 0.24945507607493395, 0.10645666506768742] - [0.08003983841044866, 0.03628227059393761, -0.05025009844108691, -0.06607194555893188] - [-0.04245278287759031, 0.23083193146040912, -0.040531206344037236, -0.1478477985162767] - [0.06813480133098682, -0.2934678273831482, 0.14177126511611574, 0.08356188573922796]
B1: -2.0965686983445934e-10 - -3.3049101009316875e-08 - -1.801738193259892e-08 - -2.6109624489078e-08
B2: -4.5428464291707305e-08 - -4.04208866920393e-08 - 1.0172885018493392e-07 - -9.626220684555637e-08
