Number: 7309
Error: 1.1389549156635634e-15
A1: [0.0804316765184493, -0.18046781891575894, -0.019588865129706985, 0.1196249635729654] - [0.03741558390265664, 0.1335963900809082, -0.13472618229718336, -0.03628582119066866] - [-0.0017028330229933955, 0.22819010249686691, -0.12282839663489131, -0.10365892423092504] - [0.038863222170918844, -0.11448103077622349, -0.046416453646172674, 0.12203421570234796]
A2: [0.03530735466424335, -0.029273564438503978, -0.07569743399801723, 0.0696633152273338] - [0.10289382158525831, 0.28289677278155473, -0.39260632766372455, 0.006816070261761521] - [-0.011186997114039813, 0.5390146941776764, -0.3594509181176146, -0.16837635616021085] - [0.09786280597377095, 0.017463323091289944, -0.16885100426412333, 0.053524885275338566]
B1: -3.214158867981277e-08 - 2.914075716229583e-08 - 3.315481714429981e-08 - -4.8794850585382875e-09
B2: 8.627720348326866e-09 - 1.0097325645021779e-08 - 7.845445817957562e-09 - 9.722105646151981e-09
