Number: 9004
Error: 0.00011117101498452084
A1: [0.1606002971593989, -0.067019678735482, 0.0801439587428727, 0.22164003093611567] - [0.11407086923851197, 0.23765286780531758, -0.007870669958242267, 0.08473070618083328] - [0.07501791095939603, 0.31894373603574955, -0.015059414997426392, 0.013553053217960624] - [0.1382306351456259, 0.009577915047032487, 0.06651569603491206, 0.23388661137179514]
A2: [0.028493448615435634, -0.10778594966596278, -0.160773949258406, 0.06864810504903604] - [0.06576169523260811, 0.1942314919527658, -0.46013482141073203, -0.012473736450500915] - [0.007841011340668263, 0.45440357263389886, -0.4151984462799438, -0.14018190295843014] - [0.09228462867228593, -0.08023125981374082, -0.2467211754600229, 0.06137426642185221]
B1: -0.0006139851988381986 - 0.008216678731566167 - -0.005413180210295359 - -0.002844563511892665
B2: -0.00625758931979296 - 0.0004499780173178279 - 0.023745621394152754 - -0.0006598646867650108
