Number: 6202
Error: 6.807003728963528e-16
A1: [0.0804316468191323, -0.18046784861170806, -0.019588894793513292, 0.11962493387704287] - [0.03741555662802319, 0.1335963628269193, -0.13472620951747588, -0.03628584845019164] - [-0.0017028270630443214, 0.22819010845669227, -0.12282839068367478, -0.10365891827256819] - [0.03886321866231514, -0.114481034274976, -0.04641645715253831, 0.12203421219593008]
A2: [0.03530739671757277, -0.029273522268867664, -0.07569739401417326, 0.0696633592406408] - [0.10289371576735994, 0.28289666606556674, -0.3926064300094271, 0.00681595945495969] - [-0.011187064735241068, 0.5390146261531673, -0.3594509821226258, -0.168376427414948] - [0.09786278299415024, 0.01746330000714318, -0.1688510261392201, 0.05352486115420465]
B1: -2.6789447829748975e-08 - -8.514774259515261e-09 - -8.430596667696372e-09 - -8.868623242784244e-09
B2: -2.2627087523294274e-08 - -2.8737686797852886e-08 - 1.6774613257404976e-09 - -7.868155649045977e-09
