Number: 3119
Error: 2.0408647780592975e-06
A1: [0.060260321584355646, -0.05120970569901499, -0.026791003687415046, 0.0045528152188161995] - [0.04258915733196862, 0.19014186306318825, -0.14375011728179066, -0.09379274544810637] - [-0.12656335081848918, 0.41155687603690866, -0.10819083422803696, -0.19036709784476982] - [0.032534804036420964, 0.014458041508011634, -0.03790142563715876, -0.027570787246772803]
A2: [0.05565209777701976, -0.18133132058734613, 0.07851161065896167, 0.016190794475736965] - [0.02573295142923201, 0.19679897179024758, -0.10522170253248961, -0.13134309529709035] - [-0.09190633685857841, 0.5151680189140359, -0.2241192020321111, -0.19359813747933718] - [-0.03697378776846237, 0.007520996962883605, -0.06137610296900641, 0.04610167506325468]
B1: -0.008124360985758442 - 0.00011906446900206017 - -0.000552194589604526 - 0.0029052630659865152
B2: -0.0002064289758483414 - -0.0015929226901881762 - -7.383629447213838e-05 - -0.0005823323980809806
