Number: 5423
Error: 1.4815565245789072e-15
A1: [0.06621321918948246, -0.11395204303972942, -0.023983912801797288, 0.07172290559443482] - [0.037402608210816944, 0.18819336569314776, -0.14740895063005896, -0.07818701402907831] - [-0.06022941638012699, 0.3289507568533166, -0.12775315377201965, -0.14096836606031043] - [0.0390461321161484, -0.05332271171449801, -0.03741861653497401, 0.05169509448794656]
A2: [-0.009108761380046857, -0.34680338235381836, 0.24945490323078925, 0.10645648530555665] - [0.08003985591252419, 0.036282289448730014, -0.050250079311945375, -0.06607192626769923] - [-0.04245289401168794, 0.2308318088062402, -0.04053132543976325, -0.14784792142603093] - [0.0681347354611944, -0.293467899908592, 0.14177119370624594, 0.08356181188718315]
B1: -9.071312854279614e-09 - -4.434841635775108e-08 - 1.698541116752187e-08 - 2.640664337839203e-08
B2: 1.2334875368278405e-08 - -2.7074377204733236e-09 - 5.3144487956753945e-08 - 2.0774230305024398e-08
