Number: 3228
Error: 0.010314984201010171
A1: [0.22035480432789073, 0.0749318692483279, 0.1272443559359946, 0.2281113710147513] - [-0.34965788334766734, -0.19822290601720366, -0.5309853355923309, -0.4537526344966496] - [-0.2734777234384671, 0.20527204289964, -0.2904852762320034, -0.2957233611680911] - [-0.27888480198190657, -0.315696971329651, -0.32903014833159194, -0.22921461941928434]
A2: [0.4296306304841641, -0.09577848817855275, 0.5585332588158275, 0.34388083932067437] - [-0.06013924933797073, -0.03145559141219845, -0.10377866607923111, -0.18724548969156024] - [0.13795252779731346, 0.4205860200745593, 0.07072006501587383, -0.06447572332747807] - [0.1941315888747679, -0.12299388776744859, 0.20719687664194894, 0.1295752911263205]
B1: -0.18060483133001817 - -0.4152200298248084 - -0.23797350782750779 - -0.22927263061959915
B2: -0.14871745836261333 - -0.3719860721378935 - -0.059348562203461824 - -0.12477136493631076
