Number: 351
Error: 7.120588038925177e-10
A1: [-0.012033669675348895, -0.014394198133172371, 0.018219619912039523, 0.008711054711438187] - [0.06586572082612539, 0.18952458653263843, -0.14529105255787086, -0.1099746185052234] - [-0.09634221215297438, 0.4217386032674307, -0.05351064944234156, -0.2720929905319656] - [-0.0013946507183149057, -0.01828959348962204, -0.003912970375778444, 0.02329218485771208]
A2: [0.1616070793230696, -0.16773480641775262, 0.008521277669946412, -0.002313229789939413] - [0.03549420499648147, 0.20752506383885616, -0.11720198235714768, -0.1257837344625135] - [-0.08619791955791324, 0.5815534230516013, -0.2353735274783463, -0.25992034157375327] - [-0.003851379274054422, -0.004535420721040187, 0.0010940309263480638, 0.007227705274662464]
B1: -4.783035016986969e-06 - -1.2537430314128601e-05 - -7.380964586139703e-06 - 1.3510236515801298e-05
B2: 6.723777064145021e-05 - -8.478582521433613e-08 - -4.624638680827676e-05 - -4.161800974754006e-05
