Number: 190
Error: 5.311895481490861e-06
A1: [0.0058128305602689456, 0.00384361311299934, 0.03782302284496843, 0.027720174849627757] - [0.06517131438015625, 0.18886410692701608, -0.1459933063849311, -0.1107335640284294] - [-0.0915928373457104, 0.42642338224209675, -0.048337621583687186, -0.26651687089470866] - [0.0022073060116998932, -0.015027859568441085, -7.285811572040578e-05, 0.02730376947088088]
A2: [0.16509854588465386, -0.1643766352270305, 0.012029580146122204, 0.0008243156875471196] - [0.047020568406802764, 0.2188678897705773, -0.10571473631222406, -0.11451061515061768] - [-0.07236648986661202, 0.5949929983236468, -0.22189502304170244, -0.24662198388942622] - [0.006843333886153331, 0.005970433649273245, 0.011738064022244012, 0.017413789359814125]
B1: 0.00512034117309689 - -0.0020395250930016905 - 0.0014369958622273264 - 0.0005400569757237404
B2: -0.005447820606351645 - 0.00774311293856905 - 0.003630116526741464 - 0.0016640215520803204
