Number: 1204
Error: 8.999235400068984e-09
A1: [-0.006409753287021527, -0.014204081228657033, 0.003801993577080522, 0.020248928935807056] - [0.0670072903523054, 0.1900588227302996, -0.14654868147611552, -0.10966105233980486] - [-0.11225675273875202, 0.4421122716750124, -0.07044337456871623, -0.2577481917419435] - [-0.023542865829959847, 0.015177785702867706, -0.030105206318150005, 0.03872337137707127]
A2: [0.13338631896998746, -0.22285531303428138, 0.024437141356272347, 0.07192101748764883] - [0.0328578087564815, 0.2039578938659243, -0.11467774432693337, -0.12125136795803386] - [-0.09312187297197118, 0.5570139949286509, -0.23373128120742173, -0.22416342841229864] - [-0.018552858418358287, -0.017036900885379132, 0.010374819120841035, 0.03436978867967386]
B1: 0.00018733020571917432 - 1.34180985020194e-05 - -0.00021934870929831397 - 2.816754461107228e-05
B2: 0.00023859370530884624 - -0.0001976889795255864 - -9.046884068748126e-05 - -6.405023299790126e-05
