Number: 9710
Error: 2.8106828158372225e-15
A1: [0.053172502201396854, -0.1480013189325141, -0.026999095207025026, 0.12182777401996589] - [0.005313743443904854, 0.13083671791995094, -0.11360072014962119, -0.022549739716048622] - [-0.01444476114741613, 0.2230913361542364, -0.1270414639425801, -0.08160621767144448] - [0.027146333411922616, -0.1000201647219893, -0.04942463535081838, 0.12229799339795823]
A2: [0.08925487956625905, -0.0729129530114407, -0.12362701195891357, 0.10728680649313897] - [0.10884165906351494, 0.24981411136342307, -0.40484535788752296, 0.046189409179330315] - [0.03663617180998741, 0.4625553580501156, -0.377717216024586, -0.12147302514318102] - [0.14342657913689022, -0.044606477929082934, -0.20149939298405295, 0.10268001059579844]
B1: -2.2834580035564522e-08 - 8.351829643217414e-08 - -1.1143958598143372e-07 - 2.6874081505051616e-08
B2: 4.941560606523719e-08 - 1.2658410084193075e-10 - -6.71118635284149e-08 - 3.7212657278711854e-08
