Number: 9819
Error: 4.649264008275607e-16
A1: [0.053172578944565035, -0.14800124216091864, -0.02699901854818761, 0.12182785080023004] - [0.005313749760438986, 0.1308367242434681, -0.11360071383334071, -0.02254973339045235] - [-0.014444454511845799, 0.22309164290236955, -0.12704115754955528, -0.08160591092634002] - [0.027146447546521235, -0.10002005058740347, -0.04942452097523189, 0.12229810782267128]
A2: [0.08925423638752565, -0.072913594702515, -0.12362764064627949, 0.10728615538387187] - [0.10884184287909537, 0.24981429521151804, -0.4048451777127323, 0.04618959608770668] - [0.036636127473181776, 0.46255531394380767, -0.3777172592815983, -0.12147306993984451] - [0.14342665816426517, -0.04460639919583546, -0.2014993158205915, 0.10268009079562403]
B1: 7.034999302481904e-08 - 5.3707162802211144e-08 - 3.8589745428154864e-08 - -2.1687446623852283e-08
B2: 3.800032279068689e-08 - 3.245903054168223e-08 - 5.150721407187866e-08 - 1.4479881627390261e-08
