Number: 8464
Error: 8.629641995106221e-16
A1: [0.08043171712690343, -0.18046777831189573, -0.01958882456984264, 0.11962500417677716] - [0.03741565910464542, 0.1335964652259671, -0.13472610724492431, -0.036285746030288314] - [-0.0017027831539425141, 0.22819015236485068, -0.12282834683885972, -0.10365887437517422] - [0.038863259542244684, -0.11448099350973842, -0.046416416298647956, 0.12203425305047397]
A2: [0.035307376909572245, -0.029273542131607832, -0.07569741284752671, 0.0696633385095824] - [0.1028937245203468, 0.2828966748928933, -0.39260642154364633, 0.006815968620661269] - [-0.01118715847134364, 0.5390145318579248, -0.35945107084599787, -0.16837652618783766] - [0.09786276541642827, 0.0174632823494534, -0.1688510428721603, 0.0535248427034042]
B1: -1.3510744703062819e-08 - 1.1888343552790408e-08 - 2.051516179857365e-09 - -4.575488373138062e-09
B2: -4.278870058165727e-09 - 1.0333734825667876e-08 - 5.490731824028997e-09 - -1.2938399461136601e-08
