Number: 3321
Error: 2.296409592886084e-06
A1: [0.0572107420134054, -0.12280453083300612, -0.03315910531365804, 0.06262459333465212] - [0.033998797761996886, 0.1848904155663168, -0.15075728890516463, -0.08153382587467967] - [-0.06730129440119409, 0.3223195199196986, -0.13447296322927946, -0.14771359378329454] - [0.040593892535225606, -0.051847417747961526, -0.03599553073574637, 0.0531184297658523]
A2: [-0.004376695493168164, -0.34170682285671317, 0.25448526100599017, 0.11155549374467026] - [0.08824225269060852, 0.04518733290945813, -0.04131783398502125, -0.05700884853379486] - [-0.05106325086928297, 0.22107327028390436, -0.04994948478464613, -0.15753270560607618] - [0.06313559563344671, -0.2991411874546729, 0.13624980776201034, 0.07786754245336537]
B1: 0.0022314183864065563 - 0.00291661992454854 - 0.00012119304173972183 - -0.0005568425526678787
B2: -0.0040741793816063965 - 0.005449331817071759 - 0.0031116844130707464 - -0.0014719926149458832
