Number: 6765
Error: 8.936711956401296e-16
A1: [0.08043161412801249, -0.18046788129912883, -0.019588927445546564, 0.11962490118965355] - [0.03741553947086171, 0.13359634568274076, -0.13472622664045264, -0.03628586559785291] - [-0.0017028689830885185, 0.22819006653753746, -0.12282843254233985, -0.1036589601814267] - [0.03886317960347281, -0.11448107322420553, -0.04641649618649214, 0.12203417316135995]
A2: [0.03530744301716181, -0.02927347584121661, -0.075697349993145, 0.06966340769821036] - [0.10289373975536756, 0.2828966902571651, -0.3926064068085472, 0.006815984573925465] - [-0.011187102126556693, 0.5390145885388211, -0.3594510175142903, -0.16837646681550897] - [0.09786280950034588, 0.017463326633907126, -0.16885100090704883, 0.05352488897709532]
B1: -1.3414605198345216e-08 - -1.5097479492854657e-08 - -1.2272201421725696e-08 - -1.4197034331346258e-08
B2: -2.7898732441024434e-08 - -1.4118555261664393e-08 - -1.377095585568032e-08 - -1.2983332932960143e-08
