Number: 8255
Error: 8.35458294684145e-16
A1: [0.08043169975465855, -0.18046779568220844, -0.01958884192134066, 0.11962498680648538] - [0.03741558664363108, 0.13359639281985267, -0.13472617956152305, -0.036285818451126786] - [-0.0017028361138538505, 0.22819009940606008, -0.12282839972123824, -0.10365892732096917] - [0.03886324985594773, -0.11448100316889712, -0.04641642597880486, 0.12203424337015907]
A2: [0.03530738969299402, -0.02927352931280904, -0.07569740069316128, 0.06966335188877057] - [0.10289375558284226, 0.28289670621897967, -0.39260639150038706, 0.006816001147582214] - [-0.01118718515879709, 0.5390145050112906, -0.35945109610627896, -0.16837655430930812] - [0.09786267952619407, 0.0174631960685404, -0.1688511246342415, 0.05352475254678005]
B1: -7.320534396186052e-09 - 1.368323644731511e-08 - -2.4108907050910394e-08 - -4.1779019108092524e-08
B2: -6.4413645274823975e-09 - -2.3493070017017395e-08 - -1.8173559803029092e-08 - -1.0012985572786976e-08
