Number: 5297
Error: 1.1001256490687982e-15
A1: [0.06621323725090722, -0.11395202538198858, -0.02398389475459491, 0.07172292362549079] - [0.03740257214314247, 0.1881933312328524, -0.14740898608739936, -0.07818704948955503] - [-0.06022931303548349, 0.32895085611027763, -0.12775305264523862, -0.14096826547745717] - [0.0390462798248719, -0.05332257151479021, -0.03741847363170814, 0.051695236230894566]
A2: [-0.009108454357968896, -0.3468030566525122, 0.2494552127370311, 0.10645680720068207] - [0.08003991659444333, 0.036282354820427194, -0.05025001299039239, -0.06607185938278473] - [-0.04245276585643507, 0.23083195024575065, -0.04053118810356785, -0.14784777969173185] - [0.06813479578810103, -0.2934678334862843, 0.14177125910659585, 0.08356187952448267]
B1: 1.0961930108983143e-08 - 3.349373504212161e-08 - -5.468808529915537e-09 - -1.2793763794435798e-09
B2: 3.205755903458395e-08 - 2.1551035083574772e-09 - 3.788061411002287e-09 - 4.525239524155297e-08
