Number: 9386
Error: 4.850404063833498e-12
A1: [0.05316530676952695, -0.14800851545975105, -0.02700628192825294, 0.12182057671622126] - [0.005314659873286151, 0.1308376349239237, -0.11359980414023277, -0.02254882232221701] - [-0.014437941023060374, 0.22309815904973357, -0.1270346489023706, -0.0815993944586837] - [0.027151429162820203, -0.10001506736366374, -0.049419527657636436, 0.12230310423442076]
A2: [0.08928227920291712, -0.0728856180103374, -0.12360022988902532, 0.1073145441759908] - [0.10885926906477109, 0.24983172531803385, -0.404828096369011, 0.04620731576559006] - [0.03664973430761346, 0.46256884977948215, -0.3777039837838336, -0.12145932217116584] - [0.14343090669075237, -0.04460216569801466, -0.20149516730053088, 0.10268440205214392]
B1: 1.0377207782219506e-05 - -9.554602108554774e-06 - -3.5389354298456017e-07 - -9.999933764688801e-06
B2: -4.0457446566090305e-06 - -4.143222449114369e-07 - -3.818614329837782e-06 - -4.363915128814228e-06
