Number: 2401
Error: 2.2975527682235223e-06
A1: [0.0716894969690475, -0.04062250473459535, -0.016347160788977154, 0.01563050662875989] - [0.0501443595086312, 0.19722924937740163, -0.13629030468408146, -0.08532035320535009] - [-0.1329661135344848, 0.4061230114619786, -0.11405700349069445, -0.1965196950565872] - [0.025392531707776864, 0.008185302923100761, -0.04434422987126997, -0.0343911682783853]
A2: [0.03962880215483345, -0.19739349372744477, 0.0631141386588626, 0.0006979214780219391] - [0.03750887936508286, 0.20843962744762376, -0.09356986360728448, -0.11989386600513421] - [-0.09049563454517522, 0.517258046419896, -0.22179786826640865, -0.19146700332850294] - [-0.05010581030839204, -0.005549050851170693, -0.07380730584708953, 0.033602702460323625]
B1: 0.003440074147191716 - 0.006835459539777775 - -0.010707076904559664 - -0.0016357811124369519
B2: -0.002540572783901427 - 0.0005194251067288857 - 1.4136710779255855e-05 - -0.0026412269826082855
