Number: 5269
Error: 1.0970380238901527e-15
A1: [0.06621309045538792, -0.11395216889716814, -0.02398404143491916, 0.07172277707632622] - [0.037402570374706255, 0.18819332954321866, -0.14740898782591516, -0.0781870512282263] - [-0.060229269746540325, 0.3289508976870528, -0.1277530102851415, -0.14096822334518175] - [0.03904605243224027, -0.05332278734761932, -0.037418693626698966, 0.051695018022164634]
A2: [-0.009108598482473838, -0.34680320954564975, 0.24945506744648355, 0.10645665609436772] - [0.0800397733302481, 0.0362822004840317, -0.05025016956981046, -0.06607201729168816] - [-0.04245287859929308, 0.23083182581621026, -0.04053130892298336, -0.14784790438058523] - [0.06813470765682732, -0.2934679305222879, 0.14177116356406005, 0.08356178071350072]
B1: -2.116344068705289e-08 - 5.963516288698544e-08 - 2.0344876517354633e-08 - 2.3685367135412257e-08
B2: 1.2739696664746827e-08 - 2.753378516362224e-08 - 1.1986918931426476e-07 - 1.4019863597860824e-10
