Number: 4885
Error: 1.2232299376534553e-15
A1: [0.06621307398031713, -0.11395218500407167, -0.023984057897043273, 0.07172276062893174] - [0.037402569418103854, 0.18819332862919227, -0.14740898876637956, -0.0781870521687619] - [-0.06022930072154784, 0.3289508679374447, -0.12775304059541737, -0.140968253492536] - [0.03904617616130319, -0.05332266990860309, -0.03741857392289204, 0.05169513675406213]
A2: [-0.009108619906263831, -0.3468032322730203, 0.24945504584959427, 0.10645663363258176] - [0.08003985729760017, 0.036282290940827355, -0.050250077798443066, -0.06607192474103675] - [-0.04245284652130716, 0.2308318612193323, -0.04053127454695138, -0.1478478689037512] - [0.06813472942985928, -0.29346790654934674, 0.14177118716821382, 0.08356180512486582]
B1: 2.241237438540146e-08 - 1.65798193787216e-08 - 1.1125153142320467e-08 - 8.132180430092034e-09
B2: 1.5022094689925247e-08 - -1.3129178471263152e-08 - -1.4942011450754783e-08 - 3.8167034661886604e-08
