Number: 3860
Error: 9.748081551656516e-16
A1: [0.0662131176660191, -0.11395214229458035, -0.02398401424562892, 0.07172280424132563] - [0.03740254935379925, 0.18819330945910795, -0.14740900849114255, -0.07818707189524869] - [-0.06022946730470879, 0.3289507079434782, -0.12775320360390385, -0.1409684156244832] - [0.03904620752314738, -0.05332264014125712, -0.03741854358148532, 0.051695166849146705]
A2: [-0.00910859318104427, -0.3468032039218438, 0.24945507279113469, 0.10645666165243665] - [0.08003979905962318, 0.03628222820181248, -0.050250141449315514, -0.0660719889323583] - [-0.042452848884842374, 0.23083185861065098, -0.040531277080058374, -0.14784787151787143] - [0.06813470992208176, -0.2934679280284252, 0.1417711660199676, 0.08356178325284104]
B1: -3.0308225482088393e-09 - -2.4967064664836893e-08 - 1.926309719942767e-09 - -2.41861143176349e-09
B2: -7.824403375633027e-09 - -1.2521532257346052e-08 - 1.9281746640800434e-08 - -3.74026542601384e-08
