Number: 5759
Error: 0.0009779769770492104
A1: [0.08676867852208323, -0.1833406804357946, -0.018524910614966195, 0.12233905655072856] - [0.05013414498690265, 0.1267664087227981, -0.13320886010380206, -0.031201210351003657] - [-0.06977418127706694, 0.17077314079983838, -0.18748351149482567, -0.16937970105412564] - [0.09196890655793234, -0.04840972663549763, 0.014220487706580135, 0.17977427329598447]
A2: [-0.019647272264973453, -0.08747370538515155, -0.11220362150923947, 0.017195428106859412] - [0.1909320773484781, 0.37538390381273584, -0.3176737857374557, 0.08994651182788019] - [-0.02671259736514049, 0.5252911561076823, -0.3698354356092866, -0.190634365694759] - [0.07410276176807162, -0.005943446662638244, -0.1843815278758085, 0.025882589575140766]
B1: -0.02723007758373649 - 0.033377393781531775 - -0.007816684728339116 - -0.009917770663049394
B2: -0.016353067023493595 - -0.007758386154032154 - 0.0020695399797185116 - -0.07893301717564856
