Number: 543
Error: 1.2419472233589056e-13
A1: [-0.012151663908046296, -0.014515393284435836, 0.018089195496554106, 0.008584945976362009] - [0.06583595427685016, 0.18949595240685194, -0.14532182702604426, -0.11000776038034504] - [-0.09629306757950996, 0.42178609615309176, -0.05345732624491856, -0.27203572670053644] - [-0.0013220927638008038, -0.018219814697148107, -0.0038357414407768947, 0.023376058740902785]
A2: [0.16158663700448148, -0.16775485549142238, 0.008501251780164025, -0.0023331511847175844] - [0.03548577048687616, 0.20751676797991467, -0.11721037745213168, -0.12579198361071015] - [-0.08621365783353893, 0.581538010946957, -0.2353888367328164, -0.25993567851057137] - [-0.0038340637202707345, -0.004518401250014379, 0.0011111512062362235, 0.007244257245905384]
B1: 7.638283799796091e-08 - 1.8893298252064183e-07 - 2.4063123223876744e-07 - 3.167634309308591e-07
B2: -6.788300980767762e-07 - 9.615814625307331e-08 - 5.564224860108541e-07 - -1.566454996911116e-07
