Number: 8977
Error: 0.00034898773178250366
A1: [-0.017716800344465076, -0.2570828486087915, -0.09786716232238081, 0.04376657512559695] - [-0.08680059718080996, 0.03766673369702371, -0.2120131783300684, -0.11688507627823845] - [0.06264442373143109, 0.2897551688253828, -0.03499269919913836, -0.011260001438299177] - [-0.06394749846181975, -0.19648541299901798, -0.13835975708638487, 0.030757764529024616]
A2: [-0.1714293927571762, -0.25216404452640134, -0.32452803777530204, -0.09945468107073661] - [-0.028574930726993877, 0.12671658130989177, -0.5544192038006779, -0.09262122355830577] - [-0.20319373238938865, 0.2972638516385186, -0.5857710026872586, -0.321473012969426] - [-0.08574718174574766, -0.20705295240971514, -0.39016797174101, -0.08813524096289664]
B1: 0.01780557831481468 - -0.030821160452672053 - 0.005296062801581344 - -0.01055235725580609
B2: -0.005796004266675446 - 0.018591435118955404 - -0.03543140235507081 - 0.013928415788491126
