Number: 9429
Error: 3.1776368062172227e-12
A1: [0.053170660650668986, -0.1480031611538735, -0.02700093477174637, 0.12182593156110531] - [0.005313217697756554, 0.13083619167527225, -0.1136012457507939, -0.022550266058510893] - [-0.014442646443015544, 0.22309345151905355, -0.12703935099510688, -0.08160410233218157] - [0.02714497607776467, -0.10002152181476193, -0.049425995342381866, 0.12229663293851224]
A2: [0.08924122814300674, -0.07292657286674888, -0.12364035578378554, 0.10727298685298188] - [0.1088552826323865, 0.24982773735673502, -0.4048320041141402, 0.04620326196043349] - [0.03662242375760204, 0.4625416814182683, -0.377730629249253, -0.12148691592265745] - [0.14341484042917577, -0.04461817310214825, -0.20151085471002064, 0.10266809746569867]
B1: -3.572488861972589e-06 - -1.9236305672974235e-06 - -7.478716731519915e-07 - -3.469771255379851e-07
B2: -5.832876473296188e-07 - -1.7528976166345387e-07 - -6.723572204474092e-07 - -1.549585447820372e-08
