Number: 3107
Error: 1.3575461089062796e-06
A1: [0.06621963908179786, -0.045234526951415596, -0.020842155521101562, 0.010528943898942428] - [0.04313138331759927, 0.19070109959940093, -0.14315996144353296, -0.09313312871685385] - [-0.11999245238026487, 0.41816765317461696, -0.10152330084206522, -0.18370079817758547] - [0.04276483987530351, 0.02477310083017749, -0.027559819397150673, -0.01733756567105801]
A2: [0.06241021076748045, -0.1746087511778118, 0.0852809280002657, 0.02292500993070797] - [0.03089583788495138, 0.20187813252701708, -0.10008008704801377, -0.12629071593769936] - [-0.096169403384155, 0.510987575338224, -0.2283902561348982, -0.19775337264970683] - [-0.02193983881212012, 0.02245609509602486, -0.04634349892302154, 0.0607588809814877]
B1: 0.0034643640837255835 - -0.0004860218480915021 - -0.00025458599159990797 - -0.0021030494965303794
B2: 7.400493039459895e-05 - 0.0019055137724608166 - 0.0003386767595861146 - 0.0012494400423464457
