Number: 5470
Error: 6.102065665956338e-14
A1: [0.06621361166038504, -0.11395165934009381, -0.02398352063979843, 0.0717232974059184] - [0.037403143791837366, 0.18819387740412066, -0.14740842411324656, -0.07818648746557932] - [-0.06022936511858872, 0.3289508060858507, -0.1277531036121345, -0.14096831616964808] - [0.03904672871120776, -0.053322145449356144, -0.03741803934983154, 0.05169566698687662]
A2: [-0.009106679900619532, -0.3468011742372732, 0.24945700154917552, 0.10645866761675532] - [0.08004056318813088, 0.03628305138563759, -0.05024930630064034, -0.06607114669336621] - [-0.04245289339999411, 0.2308318094811362, -0.04053132478363674, -0.14784792074936873] - [0.06813466445512105, -0.2934679780892019, 0.14177111672945528, 0.08356173227679647]
B1: -3.6102934064464823e-07 - 5.563263052024946e-07 - 4.0057510941364933e-07 - 4.306786686498894e-07
B2: 1.0657212338504133e-07 - -5.7342322539991685e-08 - 7.800692972407336e-09 - 1.4673275397725383e-07
