Number: 1211
Error: 2.5181778249876836e-08
A1: [-0.008782679627467751, -0.016599626186060264, 0.0013355727221339743, 0.017812707095725633] - [0.06700181064016769, 0.19005348775048295, -0.1465544051916782, -0.10966734454032886] - [-0.11377659971474814, 0.440621590568766, -0.07202719358906681, -0.2593933611089905] - [-0.024118195710537953, 0.014612757907144003, -0.030692952738072182, 0.038115845758645385]
A2: [0.13226354175888894, -0.2239610339542841, 0.02333266528221182, 0.07082339246064254] - [0.03300012248300036, 0.20409781295115764, -0.11453610650824898, -0.12111209191313714] - [-0.095514016854158, 0.5546592036718156, -0.23608269256297865, -0.2265142112538741] - [-0.02071676040272931, -0.019170781855143777, 0.008228336363840096, 0.032290951301935454]
B1: 0.0004110058084211026 - 0.00010580868160582067 - 0.00025581865969224424 - 0.000581994431623815
B2: -0.00015404656688807367 - 0.0004709095179175046 - 0.0002590851733266656 - 0.000428923056631721
