Number: 1823
Error: 2.1266419745840645e-07
A1: [-0.006196142287462965, -0.01397780247040864, 0.004072600451983303, 0.02045356637378114] - [0.06708480054396587, 0.19013812605073643, -0.14647087125609679, -0.10957424161217269] - [-0.11186730186307084, 0.4425168244747137, -0.07008132241620088, -0.2573128420019744] - [-0.023869580050278737, 0.0148875632998136, -0.030517620781465492, 0.03839166404267894]
A2: [0.13101195800964238, -0.22522633569972417, 0.022111339642229964, 0.06959853303411478] - [0.03237919611312156, 0.20349859113026483, -0.11515147394396037, -0.12171032523059473] - [-0.0977479725241559, 0.5524962403188812, -0.23819199754379197, -0.22858391104327502] - [-0.02008662709490382, -0.01858533168556958, 0.008844865543057627, 0.03287496521466828]
B1: -0.0006002106541705243 - 0.0013077771360371284 - 2.6127598625387896e-05 - -0.00013706540639535277
B2: -0.00022549690580658056 - -0.0003717775798083266 - -0.0004314167249562556 - -0.00010843940990225406
