Number: 7895
Error: 7.380441279038963e-16
A1: [0.08043167240161601, -0.18046782303213627, -0.019588869241620187, 0.11962495945660187] - [0.03741559288568587, 0.13359639905712528, -0.13472617333204442, -0.03628581221261586] - [-0.001702826548485553, 0.22819010897123054, -0.12282839016986402, -0.1036589177581436] - [0.03886322322780189, -0.11448102972231791, -0.04641645258996397, 0.12203421675857239]
A2: [0.0353074832608119, -0.02927343548623947, -0.07569731172992561, 0.06966344981748135] - [0.10289371946111424, 0.2828966697906969, -0.3926064264368809, 0.006815963322903142] - [-0.01118721795507253, 0.5390144720194414, -0.35945112714864474, -0.16837658886789972] - [0.09786276156574467, 0.017463278481277076, -0.16885104653772895, 0.05352483866142015]
B1: 3.470861290612262e-08 - 1.810902718428609e-08 - -2.7014518676778087e-08 - 5.67383533916125e-09
B2: 4.4834646329735694e-10 - 1.9841498268280665e-08 - 3.541642965676967e-09 - 4.747695030354265e-09
