Number: 5937
Error: 2.208387355181294e-10
A1: [0.08050167613708244, -0.18039783162569317, -0.01951894681774534, 0.11969495640215463] - [0.03744193942007638, 0.13362272127635336, -0.1346998714210657, -0.03625947507717377] - [-0.0016398991546521522, 0.22825303475492997, -0.12276554571044353, -0.10359600224947156] - [0.03888704754573282, -0.11445726592688077, -0.04639263822564383, 0.12205802789492906]
A2: [0.03542815145712146, -0.029152442304812183, -0.07558258486786036, 0.06978974405828163] - [0.10306200439717546, 0.28306637162609066, -0.3924436726990924, 0.006992171361461417] - [-0.011198199718446104, 0.5390034184574045, -0.3594615286641206, -0.16838816540300586] - [0.09789906985621435, 0.017499745268754058, -0.1688164883934966, 0.05356294926900364]
B1: 3.27570316010586e-05 - -4.494189978314623e-05 - -3.8569077623460444e-05 - -4.522349363196226e-06
B2: 2.9349085087331057e-05 - -5.253354980251629e-05 - -1.4035346738675151e-05 - 1.2912690159800555e-05
