Number: 6972
Error: 1.153674464803021e-15
A1: [0.08043168598787108, -0.18046780944740853, -0.019588855671606918, 0.11962497304130627] - [0.037415589566429534, 0.13359639574039273, -0.13472617664469871, -0.03628581553003445] - [-0.001702820057551762, 0.22819011546202952, -0.12282838368843799, -0.10365891126894759] - [0.03886322994130706, -0.11448102302763905, -0.046416445880734035, 0.12203422346790833]
A2: [0.03530746988533637, -0.02927344889872701, -0.07569732444722177, 0.06966343581866641] - [0.10289380281077215, 0.2828967538477303, -0.39260634582218107, 0.006816050602150658] - [-0.011187160430098899, 0.5390145298875145, -0.3594510726998661, -0.16837652825199528] - [0.0978628194180725, 0.01746333659674583, -0.16885099146601384, 0.05352489938747817]
B1: 1.4338562438622621e-08 - 1.234332577304077e-08 - -1.8200814792320838e-08 - 6.08480403114451e-09
B2: 3.2790884783052967e-09 - 2.994730560350932e-09 - 6.7564389861589e-09 - 1.0556921615518097e-09
