Number: 3058
Error: 1.372694963533998e-07
A1: [0.06444283986342383, -0.04686775810270182, -0.022444471713278895, 0.00884998212420178] - [0.043471122616238, 0.19108732442591506, -0.14275664788224537, -0.09271759242345012] - [-0.12160650097526811, 0.41670348679108693, -0.10300105054310103, -0.18521225288652146] - [0.038445808489398076, 0.020610394083714824, -0.031698551587438284, -0.021632454084654622]
A2: [0.0626487585479456, -0.17447363594911108, 0.08553144869680782, 0.023174080351547752] - [0.030665482922706246, 0.20165479270124925, -0.10034041393985094, -0.12652751430986445] - [-0.09452825845459009, 0.5125809382042504, -0.22672751543614195, -0.19617761225349753] - [-0.027571891419364357, 0.016874646263316896, -0.05194632292563159, 0.055379597303747204]
B1: -2.9352773930788772e-05 - 0.0008251907908507641 - 0.0002764848686744348 - 0.0003747627114851008
B2: -4.437334951152826e-05 - 0.0006472705777706186 - -9.06273465702563e-05 - -0.00031197552655145156
