Number: 3020
Error: 3.126873461731855e-08
A1: [0.06276437665973346, -0.04853862917486919, -0.024106583648643348, 0.007188094149338547] - [0.04429492665185178, 0.1918821245464993, -0.14191112515617404, -0.09181350629837008] - [-0.12277252281023007, 0.4155384812168993, -0.10417756435821572, -0.18639082089588455] - [0.03588742950632248, 0.018050440006877676, -0.03425016180032083, -0.0241660044906767]
A2: [0.06358142831272656, -0.17354862903500817, 0.08646774586887576, 0.02409404011209262] - [0.02915641592632162, 0.20016726093675374, -0.10184340483134938, -0.12800451793349366] - [-0.09276626559223096, 0.5143121328187699, -0.22496082701516132, -0.1944717972991474] - [-0.02562229639137767, 0.018817574656334653, -0.049989365891130524, 0.05727549526727851]
B1: 0.0003626068031104826 - -0.00013343767249053296 - 0.0001416131248674262 - -0.00019241629738813538
B2: -0.00016726316054923085 - -0.00022078392164264342 - -6.669106577425196e-05 - 9.03305638402687e-05
