Number: 2783
Error: 4.414962689771193e-09
A1: [0.06298313106736388, -0.04832212921600323, -0.023891206195041818, 0.007406952173071503] - [0.043586870642037624, 0.19119829787537393, -0.14264168889567191, -0.09259467187378953] - [-0.12325808485881197, 0.4150482603446905, -0.10467039919378271, -0.1868845344669196] - [0.03689942222859857, 0.019063684144117413, -0.03323564625371255, -0.023154273360138592]
A2: [0.06385691188523591, -0.17327207628970653, 0.08673991305363217, 0.024369603446560285] - [0.029229059672601605, 0.20023870882415531, -0.10177088319610197, -0.12793264989469058] - [-0.09324443851985617, 0.5138443603572885, -0.2254403536966224, -0.19493801864673002] - [-0.025664658823823072, 0.018782004120948576, -0.05002540046783601, 0.057232257479883065]
B1: 0.00016484743548800823 - -5.4210623163140906e-05 - -2.6187778336199215e-05 - -6.645893386639312e-05
B2: -5.436111616018573e-05 - -0.00012790778143754731 - 2.8487967859321883e-05 - 0.00012653088950240185
