Number: 7972
Error: 8.201757586183539e-16
A1: [0.08043169362618222, -0.18046780180997443, -0.019588848042436935, 0.11962498067874237] - [0.03741551055229786, 0.1335963167860678, -0.13472625550134062, -0.03628589450037669] - [-0.0017028209949639741, 0.22819011452463522, -0.1228283846244723, -0.10365891220610304] - [0.03886323229999541, -0.1144810206755816, -0.046416443523546916, 0.12203422582512996]
A2: [0.035307463109225765, -0.029273455693568404, -0.07569733088981745, 0.0696634287266776] - [0.10289374420997797, 0.2828966947495914, -0.3926064025000885, 0.0068159892385508195] - [-0.011187135545497266, 0.5390145549205259, -0.35945104914609144, -0.168376502030168] - [0.09786280158716365, 0.0174633186847211, -0.16885100843988374, 0.05352488067082377]
B1: 5.825931658086052e-09 - -1.8107120026223928e-08 - -1.911092332506819e-08 - -1.1362910532734465e-08
B2: -4.779549642463263e-09 - -2.6455686117436944e-08 - 7.581862613332243e-09 - -6.975440581730168e-09
