Number: 6279
Error: 1.117093961292737e-15
A1: [0.08043164905446254, -0.18046784637663135, -0.019588892560856455, 0.11962493611211747] - [0.03741555345517075, 0.13359635965646804, -0.13472621268400667, -0.036285851621286856] - [-0.0017028321201441653, 0.2281901033997001, -0.12282839573337033, -0.10365892332831847] - [0.038863209714756874, -0.1144810431974243, -0.04641646609439542, 0.12203420325393267]
A2: [0.03530746510431019, -0.02927345369297974, -0.07569732899297626, 0.06966343081482058] - [0.10289371702705413, 0.2828966673359523, -0.39260642879106716, 0.006815960774043851] - [-0.011187089611370424, 0.53901460112866, -0.3594510056684055, -0.16837645362781364] - [0.09786279562352451, 0.017463312693964582, -0.16885101411687928, 0.053524874410943286]
B1: -7.553067876904034e-09 - -1.082536489615029e-08 - -2.2937354611348037e-08 - -8.061985837424882e-09
B2: -2.1951872829051734e-08 - -2.068745958468485e-08 - -1.739748288907738e-09 - -9.961616233889431e-09
