Number: 8237
Error: 1.3445805884041057e-15
A1: [0.08043161226875267, -0.18046788315821172, -0.019588929302639706, 0.11962489933056708] - [0.03741563498187918, 0.13359644112152086, -0.13472613131959135, -0.036285770139652326] - [-0.001702797317775337, 0.228190138201314, -0.1228283609819637, -0.10365888853524255] - [0.0388631590218044, -0.11448109374813448, -0.04641651675506721, 0.12203415259246549]
A2: [0.03530742278002721, -0.029273496134262705, -0.07569736923436485, 0.06966338651787327] - [0.10289370484561663, 0.2828966550511522, -0.39260644057281624, 0.0068159480183634736] - [-0.011187061936901771, 0.5390146289681276, -0.35945097947383226, -0.16837642446636136] - [0.09786277358772619, 0.017463290557905502, -0.1688510350935894, 0.053524851280580404]
B1: -3.86412396195186e-08 - 9.991451689414254e-09 - -2.532637091456754e-09 - 8.17275490084813e-09
B2: -4.490409550616436e-08 - 3.6682562475382105e-08 - 2.987366120121795e-08 - -4.1287472080053325e-08
