Number: 5643
Error: 2.763142066640118e-05
A1: [0.06663111953411073, -0.11354864769097403, -0.02356921871311443, 0.07213305837343005] - [0.03722203800334512, 0.18801151707813196, -0.14758994275096618, -0.07836694691561844] - [-0.06180636068212364, 0.3274224888010008, -0.12930391317283135, -0.14251777258759615] - [0.04296787384004218, -0.049617406414493484, -0.033627015188003394, 0.055462103442206666]
A2: [-0.007078328282691252, -0.34464244985539844, 0.2514492272979718, 0.10859744481106548] - [0.0818091004225113, 0.03818895264208293, -0.04833228211905577, -0.0641233138078516] - [-0.03963254870364224, 0.2339466928879325, -0.03755008445941514, -0.1447291698824599] - [0.06636247589007728, -0.2954172805872161, 0.13980592786141546, 0.08157750897359278]
B1: 0.0026117762777415608 - 0.002306624222137829 - 0.003156962256119906 - 0.004706849884323241
B2: -0.0013485737813115654 - -0.0026073309968080213 - -0.0007658209399485603 - -0.003227287147956238
