Number: 9617
Error: 7.975883305877982e-15
A1: [0.05317307469912798, -0.14800074622853307, -0.026998523342851827, 0.12182834679281915] - [0.005313866451226038, 0.13083684105414178, -0.11360059716317249, -0.022549616534364905] - [-0.014444492509609868, 0.22309160489016433, -0.12704119551811402, -0.08160594893621934] - [0.027146535610985494, -0.10001996252611224, -0.04942443272741624, 0.12229819610907439]
A2: [0.08925400393203452, -0.07291382661869732, -0.12362786786125861, 0.10728592006408437] - [0.10884166993008211, 0.2498141222307106, -0.40484534723752463, 0.04618942022867671] - [0.03663592856057061, 0.46255511606680216, -0.37771745334998186, -0.1214732709145081] - [0.14342694981064275, -0.04460610863882422, -0.20149903105664224, 0.10268038676710856]
B1: 5.8345355070313424e-08 - -4.038571285131755e-08 - -3.7574871185650537e-08 - -2.2698622808826748e-07
B2: 5.663078412736997e-08 - -9.759561684333988e-08 - -4.2226588880916633e-08 - -2.2132946533683854e-07
