Number: 6176
Error: 8.36305831681435e-16
A1: [0.08043161331590923, -0.18046788211113665, -0.019588928256676217, 0.11962490037764634] - [0.03741550739563912, 0.13359631363179736, -0.13472625865176305, -0.03628589765530365] - [-0.0017027969014327432, 0.22819013861766033, -0.12282836056622445, -0.1036588881190066] - [0.03886324051924733, -0.11448101247938294, -0.046416435309533544, 0.12203423403927728]
A2: [0.03530737731139861, -0.029273541728716834, -0.07569741246530551, 0.06966333892995936] - [0.10289372830659514, 0.28289667871122476, -0.3926064178816461, 0.00681597258537667] - [-0.01118717016357004, 0.5390145200959967, -0.3594510819127699, -0.1683765385085409] - [0.0978627748475756, 0.0174632918235123, -0.16885103389422784, 0.05352485260294733]
B1: 1.4567302067545934e-08 - 6.444586591701447e-09 - 2.204751984124673e-08 - 4.618346819626158e-09
B2: -1.4605577438003152e-08 - -2.6713231277927508e-08 - 4.442067846650462e-08 - 3.724647954967835e-08
