Number: 2334
Error: 4.7627893304685353e-05
A1: [0.05555721468831233, -0.05848684122609498, -0.036160970851717246, -0.0019654180041332866] - [0.04775786810923787, 0.19513843464856573, -0.13879136574899167, -0.0874673696756115] - [-0.13517285113324035, 0.4041776785967931, -0.11585470201492824, -0.1979301597710243] - [0.029703527152309995, 0.012902429083213294, -0.038690486009753035, -0.0297424257649985]
A2: [0.02735967653909977, -0.20823824917021286, 0.05163092672290198, -0.011757075516129676] - [0.029389649685525827, 0.2003341977619229, -0.10167467447558924, -0.12781772337118452] - [-0.05583716031624065, 0.5498247326435003, -0.18833044077006544, -0.1590042291958176] - [-0.0037408642394804216, 0.0406700375316224, -0.027254431616303868, 0.07970146783088242]
B1: -0.008050713328623763 - 0.004511283252802073 - 0.003176769886268119 - 0.016008144217638406
B2: 0.004130365338048399 - -0.008508272594612456 - 0.005088232485901484 - 0.005675574125901192
