Number: 3146
Error: 1.130585434175171e-05
A1: [0.0670073266881077, -0.04437556316354009, -0.01984461173692901, 0.011620886878666883] - [0.04431339586627257, 0.1918666972309473, -0.1418783471107681, -0.09183527301500874] - [-0.11271252629796412, 0.42542809613575505, -0.09402689704438973, -0.17612675969127867] - [0.04581657456780799, 0.02766907047662138, -0.024611578536973565, -0.014115603973922683]
A2: [0.04497521353857987, -0.19199948180431833, 0.067668368211172, 0.005170491782528278] - [0.03540936320736923, 0.2062948015404113, -0.0955885063868175, -0.12193054225822882] - [-0.09586811265359142, 0.5113164893044764, -0.22809076485776844, -0.19743653319669005] - [-0.023298761231095328, 0.02129193308637474, -0.047593018070555285, 0.05955838999753218]
B1: -0.008050657337527118 - -0.0007202639995388788 - -0.0016744939475106778 - 0.0007323868046099338
B2: -0.00020821097457778969 - -6.00871618523101e-05 - -0.003243514754342983 - -0.006780127258611611
