Number: 7261
Error: 7.867559688471788e-16
A1: [0.0804316800007564, -0.18046781543384538, -0.019588861651562876, 0.11962496705487512] - [0.03741558190562745, 0.1335963880853913, -0.1347261842902326, -0.036285823186591355] - [-0.0017028273937762489, 0.2281901081259653, -0.12282839101391503, -0.10365891860320975] - [0.03886322479887525, -0.11448102815564112, -0.0464164510198898, 0.12203421832867141]
A2: [0.03530750827082966, -0.02927341040706701, -0.07569728795076933, 0.06966347599322023] - [0.10289372334955194, 0.2828966737121177, -0.39260642267603607, 0.006815967394652518] - [-0.011187128193936115, 0.5390145623159519, -0.35945104218764307, -0.16837649428361404] - [0.09786282436022711, 0.017463341561379086, -0.1688509867614003, 0.053524904575124245]
B1: 1.34555498119111e-08 - -1.4844586187436497e-08 - -1.9020103835628632e-08 - 1.2300009729604572e-09
B2: -5.74372493100051e-09 - -4.991208001284309e-09 - -5.898733145876732e-09 - -6.227956477063056e-09
