Number: 1090
Error: 1.0149300667231206e-05
A1: [-0.008566567832893349, -0.016322027793443085, 0.0016187179486560866, 0.017889295908126532] - [0.07089183168297726, 0.1936748681044617, -0.1426704130183144, -0.10525782451455541] - [-0.10761740885415055, 0.4468772153295174, -0.06598865940332747, -0.2532265346234883] - [-0.030820825237664086, 0.008171820215282405, -0.03689626986109617, 0.0313818691947431]
A2: [0.1276235288228714, -0.2285745693215676, 0.018924834699474216, 0.06641721979766221] - [0.035189389306601176, 0.20637515979673235, -0.11219890517585833, -0.11916284709389532] - [-0.09525873031432255, 0.5550422746649335, -0.23527016010021592, -0.2267376310004137] - [-0.03871478704913208, -0.03725564697004874, -0.009156790474255175, 0.014726625307974443]
B1: 0.006886824529709277 - -0.009235818402786856 - 0.0010708125337769727 - 0.008611199627269837
B2: -0.0012606298233025907 - 0.009764485967905471 - -0.004704069846196866 - 0.0010139780655413445
