Number: 4569
Error: 8.419785848183499e-16
A1: [0.0662130861827207, -0.11395217307437319, -0.02398404570424078, 0.071722772810832] - [0.037402481650354064, 0.18819324477303634, -0.14740907504882036, -0.07818713845884108] - [-0.06022958507473718, 0.3289505948317542, -0.12775331884676866, -0.14096853024731493] - [0.03904619857524017, -0.053322648634185156, -0.037418552238237146, 0.05169515826266872]
A2: [-0.009108607784113501, -0.34680321941336306, 0.24945505806983226, 0.10645664634190441] - [0.08003979797905271, 0.03628222703777502, -0.05025014263025729, -0.06607199012332543] - [-0.0424527832656824, 0.2308319310320223, -0.040531206759860355, -0.14784779894549682] - [0.06813470116443743, -0.2934679376708596, 0.14177115652570563, 0.08356177343407262]
B1: -2.652401862070851e-09 - -3.730415550523763e-08 - 1.1511707220259868e-09 - -3.7772511018391543e-08
B2: -3.204166517744929e-08 - -5.7014530491365805e-08 - 6.121897896968472e-08 - -3.49077089051588e-08
