Number: 7410
Error: 6.179166270609938e-16
A1: [0.08043167725166775, -0.18046781818262714, -0.01958886439737185, 0.11962496430609854] - [0.03741557841465146, 0.13359638459705564, -0.13472618777425416, -0.03628582667563446] - [-0.001702810850726271, 0.22819012466865707, -0.12282837449509554, -0.10365890206457672] - [0.03886322700890714, -0.11448102595181595, -0.046416448811271604, 0.1220342205373271]
A2: [0.0353073855644347, -0.029273533452837546, -0.07569740461851115, 0.06966334756773855] - [0.10289369454177025, 0.2828966446598492, -0.3926064505385554, 0.006815937228714956] - [-0.01118716460004182, 0.539014525692706, -0.3594510766468378, -0.16837653264596528] - [0.0978627571417448, 0.017463274037150624, -0.16885105074907739, 0.05352483401764058]
B1: 1.2860800293432668e-08 - 5.61132744494764e-09 - 1.0506618504119876e-08 - 8.062269208112919e-09
B2: 6.3838125013381665e-09 - 4.145680302206766e-09 - 2.0791656585377927e-08 - 9.037527386814277e-09
