Number: 548
Error: 8.102450347957324e-14
A1: [-0.01215215361865727, -0.014515896267626918, 0.01808865421793023, 0.008584422663545753] - [0.06583585706957974, 0.18949585889761217, -0.14532192752983417, -0.11000786861089001] - [-0.09629135184465829, 0.4217877543816615, -0.05345546446541641, -0.27203372778260604] - [-0.0013218668746474622, -0.0182195974559362, -0.0038355009889080023, 0.02337631983142219]
A2: [0.16158682761251802, -0.16775466847308293, 0.008501438544988301, -0.002332965368913291] - [0.035485684461869414, 0.20751668333720422, -0.1172104631167849, -0.12579206776557628] - [-0.08621399150699782, 0.5815376841151384, -0.23538916140826913, -0.2599360038921814] - [-0.0038351412046604637, -0.00451946081922094, 0.0011100847586339182, 0.0072432263850294816]
B1: 6.61145428104279e-09 - -6.194378651210154e-08 - -1.6141939347963494e-09 - -1.3796497590464865e-07
B2: 1.3933961522667272e-07 - 4.6401069970812503e-07 - 3.5230423600337036e-07 - -5.194468266926894e-07
