Number: 7250
Error: 1.0015991281050014e-15
A1: [0.08043167953928756, -0.18046781589526198, -0.01958886211248002, 0.11962496659345895] - [0.03741558072969926, 0.13359638691035292, -0.13472618546381798, -0.03628582436186828] - [-0.0017028383772491318, 0.22819009714272726, -0.12282840198130583, -0.10365892958375116] - [0.038863223719757034, -0.114481029231731, -0.04641645209832051, 0.1220342172502238]
A2: [0.035307413349206236, -0.029273505591228172, -0.07569737820107321, 0.06966337664748276] - [0.1028938340467014, 0.2828967853487591, -0.3926063156111801, 0.00681608331071318] - [-0.011187019244599054, 0.5390146719151195, -0.35945093906468506, -0.1683763794799385] - [0.09786282425439104, 0.017463341455061624, -0.16885098686214928, 0.053524904464030805]
B1: -1.4212521578410786e-08 - 3.214418835637656e-08 - 2.4474318099945937e-08 - 3.0393045133836184e-09
B2: 1.1945898533943129e-08 - 1.3516562566160214e-08 - 5.82833846654259e-09 - 1.3050617822510795e-08
