Number: 5631
Error: 1.2257603885288896e-06
A1: [0.06472943210349978, -0.1154010768324472, -0.025465882298292733, 0.0702421349042548] - [0.03710338877956152, 0.1879072559107027, -0.147703309940569, -0.07848233446887977] - [-0.06294882379280978, 0.32634156584821183, -0.13041196461448679, -0.14361126632328247] - [0.03732297021709901, -0.054955655129720005, -0.0390834118653378, 0.050045076323797344]
A2: [-0.011738964357916772, -0.3495964132536628, 0.24680162905954, 0.10369802560041368] - [0.07884097676515828, 0.03499095657268919, -0.05156105295761101, -0.06739375259677836] - [-0.04427550755069546, 0.22881923329707696, -0.042487469713355354, -0.1498657815887989] - [0.06793904067571915, -0.2936835309462129, 0.1415546720452544, 0.08333926957676714]
B1: 0.0002610811975438834 - 0.0006056511628960711 - 0.0003593570820274489 - -0.0001965778083318412
B2: -0.0005984795510664217 - -0.0005179936215675853 - -0.0008912236226420039 - -0.0008092959326028643
