Number: 486
Error: 1.9084130777047373e-13
A1: [-0.01215374035572965, -0.01451752601162245, 0.018086900383394403, 0.008582727048573114] - [0.06583600115961422, 0.189495997504328, -0.145321778555838, -0.11000770818369895] - [-0.09629335817327515, 0.4217858153222226, -0.053457641562481575, -0.2720360652406298] - [-0.0013212179157524222, -0.018218973306889687, -0.0038348101675106778, 0.023377069947538794]
A2: [0.16158661708194932, -0.16775487503819012, 0.008501232286518496, -0.002333170563795754] - [0.035487154964680905, 0.20751813021194437, -0.11720899877363582, -0.12579062923044831] - [-0.08621706500699515, 0.5815346736296095, -0.23539215202207542, -0.25993900100614975] - [-0.0038361376547925425, -0.004520440701994461, 0.001109098518482989, 0.007242273057624089]
B1: 3.8322706613266825e-07 - -5.335488565810725e-07 - -1.5418479259182086e-06 - -2.5501727183335767e-07
B2: -1.5780589009902238e-06 - -5.065260353720146e-07 - -2.608047487956307e-07 - 1.573871339453615e-07
