Number: 9496
Error: 6.076812065019658e-14
A1: [0.05317342756571794, -0.14800039325152148, -0.026998170878110676, 0.12182869983209191] - [0.005314445083717015, 0.1308374202749649, -0.11360001863654295, -0.02254903709400931] - [-0.01444514444467991, 0.22309095270285875, -0.12704184695108683, -0.081606601117354] - [0.02714845298671393, -0.10001804510139904, -0.04942251125711018, 0.12230011840778542]
A2: [0.08925765510719084, -0.07291018387763801, -0.12362429893070194, 0.10728961631575727] - [0.10884072323670156, 0.24981317537564765, -0.4048462751833164, 0.046188457608130354] - [0.03663557135302134, 0.4625547607312433, -0.37771780185357284, -0.1214736318177355] - [0.14342600198988967, -0.044607052920123104, -0.2014999565088387, 0.10267942489836851]
B1: 2.2609376471618169e-07 - 2.1037173865942902e-09 - -8.167580901753111e-08 - 1.5317880781119685e-07
B2: 8.256276494073709e-07 - 2.4089871192810144e-07 - 2.589622853602597e-08 - -2.6962121908570626e-07
