Number: 7463
Error: 1.108766507339085e-15
A1: [0.08043173584016203, -0.18046775960077105, -0.019588805878935297, 0.1196250228878985] - [0.0374156410732098, 0.13359644720818745, -0.1347261252405477, -0.03628576405178824] - [-0.001702769805474298, 0.22819016571303535, -0.122828333509938, -0.10365886103027727] - [0.03886328392602857, -0.11448096919442716, -0.04641639193042148, 0.12203427741907144]
A2: [0.03530744852719178, -0.029273470315936367, -0.07569734475427706, 0.06966341346504534] - [0.10289376266510752, 0.282896713361351, -0.3926063846505336, 0.006816008563774036] - [-0.011187045368364713, 0.5390146456355406, -0.35945096379139113, -0.16837640700746054] - [0.09786282962048985, 0.017463346845572728, -0.1688509817539627, 0.053524910096683254]
B1: 1.31273904815394e-09 - 1.4998174075723897e-08 - 1.3046145760896797e-08 - 1.3190427084208518e-08
B2: 6.963870188012348e-09 - 9.66412320725569e-09 - 8.734492535715505e-09 - 7.32121742012146e-09
