Number: 3951
Error: 1.4388600702235737e-15
A1: [0.06621322282401085, -0.11395203948653404, -0.023983909170158364, 0.07172290922283915] - [0.037402584019079706, 0.18819334257942563, -0.14740897441251213, -0.07818703781360505] - [-0.06022927152762297, 0.3289508959765026, -0.12775301202801925, -0.14096822507900578] - [0.039046255539547964, -0.0533225945659031, -0.03741849712723037, 0.05169521292620125]
A2: [-0.009108573865214098, -0.34680318343075756, 0.24945509226325718, 0.10645668190403892] - [0.08003981184089973, 0.036282241970913766, -0.05025012748010283, -0.06607197484452941] - [-0.042452783787559956, 0.2308319304560814, -0.0405312073192159, -0.14784779952269936] - [0.068134767613796, -0.2934678645072994, 0.14177122856337188, 0.08356184793596129]
B1: 1.9829000038999877e-08 - -5.375713272636062e-09 - 1.4378993305382217e-08 - -7.635375565519589e-09
B2: 9.415071346446843e-09 - -3.82773511795742e-08 - -3.26383899177977e-08 - 4.766761334507009e-08
