Number: 9678
Error: 1.7515999386654027e-14
A1: [0.05317268776541862, -0.14800113330058864, -0.0269989098478626, 0.12182795967345468] - [0.005313789433774578, 0.1308367639571729, -0.11360067416807844, -0.022549693660921882] - [-0.014444496376253755, 0.22309160102178202, -0.12704119938194522, -0.08160595280562649] - [0.027146573255324533, -0.10001992487953122, -0.04942439500213968, 0.12229823385067416]
A2: [0.08925379525245514, -0.07291403481818969, -0.12362807184234842, 0.10728570880909659] - [0.1088416538194137, 0.24981410611840116, -0.40484536302712143, 0.04618940384732398] - [0.03663543879142373, 0.4625546288459803, -0.37771793119276487, -0.12147376576381766] - [0.1434254843058092, -0.044607568683095705, -0.20150046199192814, 0.10267889952122483]
B1: 1.4914887430495656e-07 - -1.4463684095956117e-07 - -2.20384161553815e-08 - 2.209264092821408e-07
B2: 7.759890865359507e-09 - 2.5055389150536853e-08 - -8.700678944665348e-08 - -2.5129261318484233e-08
