Number: 4103
Error: 9.697424253932762e-16
A1: [0.06621318564986775, -0.11395207582995617, -0.023983946315127066, 0.07172287211108284] - [0.037402638058403284, 0.1881933942103312, -0.14740892128771152, -0.07818698468410794] - [-0.06022933487411464, 0.3289508351357155, -0.12775307401514893, -0.14096828673271888] - [0.03904623062245061, -0.05332261821626278, -0.03741852123368243, 0.05169518901548875]
A2: [-0.009108574630740138, -0.34680318424286205, 0.2494550914915203, 0.10645668110143698] - [0.08003983168041598, 0.03628226334375783, -0.05025010579664374, -0.06607195297693874] - [-0.04245285275594677, 0.23083185433825512, -0.04053128122849987, -0.14784787579917408] - [0.06813481969949386, -0.2934678071586525, 0.14177128502929515, 0.08356190633368413]
B1: 2.32421306885704e-08 - 9.374702558619015e-09 - -8.081649567508504e-09 - 2.340508144069457e-08
B2: -3.783839009131712e-09 - 1.0378409197269073e-08 - 1.311878683144585e-08 - 2.4684983676418572e-08
