Number: 5438
Error: 1.056573333675161e-15
A1: [0.06621312911519314, -0.11395213110121173, -0.023984002805422747, 0.0717228156712821] - [0.037402679699851324, 0.1881934339961005, -0.1474088803508538, -0.07818694374366064] - [-0.06022952953707786, 0.3289506481720923, -0.12775326450083355, -0.14096847619357505] - [0.039046151761393276, -0.05332269306793774, -0.03741859752882861, 0.05169511333977132]
A2: [-0.00910891602933836, -0.346803546411962, 0.24945474733029366, 0.10645632316470321] - [0.08003994633063147, 0.03628238685479377, -0.050249980490280975, -0.06607182660693324] - [-0.042452733804707675, 0.23083198561979176, -0.040531153756210136, -0.14784774424399555] - [0.06813481106629449, -0.293467816664481, 0.14177127566911144, 0.08356189665398482]
B1: 5.136304565339878e-08 - 8.177675491662464e-08 - -9.488609458362745e-09 - -4.252581144311835e-08
B2: 5.885024963905207e-09 - 5.08460452461509e-08 - -8.079757781951305e-09 - 5.1903175492636305e-08
