Number: 835
Error: 8.945644866985081e-12
A1: [-0.012156974769782974, -0.014520848047026788, 0.018083325365136578, 0.008579270702213301] - [0.06584039503104146, 0.18950022422944954, -0.14531723567472565, -0.11000281605178952] - [-0.09629666529704357, 0.4217826190034287, -0.053461230218465924, -0.27203991825912605] - [-0.0013515613178622064, -0.01824815483590498, -0.0038671097842186953, 0.02334199833662249]
A2: [0.16158684866944725, -0.1677546478384508, 0.00850145908645463, -0.0023329445883078634] - [0.03548640655858384, 0.20751739383145107, -0.11720974405483374, -0.125791361336695] - [-0.086212005798359, 0.5815396290823656, -0.23538722934835093, -0.2599340672224061] - [-0.003839016126494046, -0.004523271322994798, 0.0011062494766140205, 0.00723951923345778]
B1: -4.708636820207726e-07 - -1.453288491147549e-06 - 1.3050728999029092e-07 - -2.1976492679651835e-06
B2: 6.078454514594728e-06 - -4.929357875772643e-06 - 9.176912533271279e-06 - -3.5252765311909535e-06
