Number: 2442
Error: 3.314556966602832e-06
A1: [0.05946296817343362, -0.05191604596363033, -0.0272578330699396, 0.003995358769801603] - [0.04852123336536911, 0.19593623943572655, -0.1376425812461314, -0.08722258951331871] - [-0.11648656745738686, 0.4218986039965834, -0.09802160882454614, -0.1802769666162832] - [0.03754118970611182, 0.019820127635165306, -0.03256430349152293, -0.02254938619532563]
A2: [0.06455914941119094, -0.17263149306500677, 0.08759146164557931, 0.025155112820217325] - [0.024830280988970974, 0.19589099898987314, -0.10617305327147802, -0.13226604750813867] - [-0.08751425119522449, 0.5197348854731477, -0.2192508614050659, -0.18912286179621612] - [-0.020391764873049417, 0.02421199243363868, -0.04435099102084782, 0.06261006132105319]
B1: -0.00045557186836606796 - -0.0017588679663574987 - -0.0018940522443026027 - -0.002615986118005675
B2: 0.001960575390646112 - -0.00017403262170282417 - -0.0037237119160779615 - -0.002204408415624337
