Number: 6170
Error: 6.830073046030244e-16
A1: [0.08043160803258062, -0.1804678873938668, -0.019588933533687618, 0.11962489509492115] - [0.03741550594777891, 0.1335963121850329, -0.13472626009673844, -0.03628589910236179] - [-0.0017028057016676326, 0.22819012981761325, -0.12282836935357427, -0.10365889691689309] - [0.03886322140843532, -0.11448103153656213, -0.04641645440816798, 0.12203421494034274]
A2: [0.035307396042975, -0.02927352294533075, -0.07569739465557335, 0.06966335853459832] - [0.1028937617230644, 0.2828967124113053, -0.3926063855616823, 0.006816007577318873] - [-0.011187158959355657, 0.5390145313670404, -0.35945107130774484, -0.16837652670226114] - [0.09786277930360875, 0.017463296299814652, -0.1688510296523753, 0.05352485728033437]
B1: 1.8748219107957112e-08 - 2.135155245452732e-08 - 2.1962790506886448e-08 - 6.442222441868203e-09
B2: -3.915125692159834e-09 - -1.5509507094825702e-08 - 3.056762359479092e-08 - 3.7214168439490223e-08
