Number: 4265
Error: 9.945466291972936e-16
A1: [0.06621321221856996, -0.11395204985497502, -0.023983919767271492, 0.07172289863519642] - [0.037402624469945675, 0.18819338122748294, -0.147408934646204, -0.0781869980437823] - [-0.060229329499398736, 0.32895084029784716, -0.12775306875576606, -0.1409682815016119] - [0.03904613947466596, -0.053322704730275346, -0.037418609416096996, 0.05169510154908562]
A2: [-0.009108625913284778, -0.3468032386456008, 0.24945503979405534, 0.10645662733449197] - [0.08003986970226533, 0.036282304304181355, -0.05025006424093111, -0.06607191106836274] - [-0.04245285690185593, 0.23083184976258814, -0.040531285671392615, -0.14784788038435795] - [0.06813470281419746, -0.29346793585444303, 0.1417711583143734, 0.08356177528366283]
B1: -1.1515404330217795e-08 - 2.1243144215408198e-08 - -6.692839363089149e-09 - -1.727299469057862e-08
B2: 4.335687024069094e-09 - -1.220316494345964e-08 - 3.6730892544906952e-09 - 1.4501185359801196e-09
