Number: 2482
Error: 6.046146683588963e-07
A1: [0.06564186106438849, -0.045700208555275415, -0.021274671673982858, 0.010023616980712772] - [0.04378216681570077, 0.19137989116557735, -0.14245472796988667, -0.09239030242096535] - [-0.11810889266891908, 0.4201437062587093, -0.09952934426368541, -0.1817700630267361] - [0.04023683183572398, 0.022386842577336228, -0.02992087960004371, -0.019866078262429556]
A2: [0.0630039404989283, -0.17411343758059927, 0.08587443565533731, 0.02353567728932662] - [0.03052536133991299, 0.2015157847353937, -0.10047726885484926, -0.126662490687681] - [-0.09165866991108419, 0.515424388373923, -0.22384341014703757, -0.19338881621495627] - [-0.024532617454838104, 0.01991935254264451, -0.04888655664787922, 0.05835006479080542]
B1: -0.0004519519065522098 - -0.0003977579736497635 - -0.00034690338271559356 - -0.0004130587508110308
B2: 0.00047101486648737573 - 0.0013967188101989042 - -0.0004836780994497414 - -0.00018624477122707148
