Number: 7676
Error: 8.36147106143715e-16
A1: [0.08043169103950888, -0.18046780439635055, -0.019588850626005554, 0.11962497809237022] - [0.03741560337494918, 0.13359640953845858, -0.13472616286367772, -0.036285801729157574] - [-0.001702825512341449, 0.22819011000735495, -0.12282838913523497, -0.10365891672227476] - [0.03886324106229797, -0.11448101193786668, -0.046416434766823084, 0.12203423458198973]
A2: [0.03530750826360684, -0.02927341041430257, -0.07569728795760082, 0.06966347598562653] - [0.10289368923728633, 0.2828966393103497, -0.3926064556689944, 0.006815931674164578] - [-0.011187123982381407, 0.5390145665526324, -0.35945103820131674, -0.1683764898457381] - [0.09786277400078267, 0.01746329097287583, -0.16885103470036056, 0.05352485171414131]
B1: -5.438577663778961e-08 - -3.9756340627374505e-08 - 3.205913801571881e-08 - 5.85179392286872e-09
B2: -1.1229655251708957e-08 - -2.387694841430754e-08 - -8.137393946483855e-09 - -1.2573198046845112e-08
