Number: 5911
Error: 7.104629093703248e-09
A1: [0.08048559554386078, -0.18041398425496058, -0.01953500773437726, 0.11967887860869297] - [0.037283924613542525, 0.1334647576194502, -0.13485759001602818, -0.03641740581468262] - [-0.0015062350119810174, 0.22838672775517443, -0.12263201047686598, -0.10346234190852678] - [0.03933365042709688, -0.11401186876493251, -0.04594621334260609, 0.1225044029567732]
A2: [0.03528626864663224, -0.029294657067303883, -0.07571749835029401, 0.06964119353153429] - [0.10246153964707302, 0.2824608235311603, -0.3930245059281391, 0.0063632701806238656] - [-0.011734156175489216, 0.538464350193947, -0.3599688211291239, -0.1689530321831283] - [0.09760009070985733, 0.017199475562035448, -0.1691011050048668, 0.053249037455746384]
B1: -2.411847712589529e-05 - 0.00012943001321128733 - -2.9986365599866754e-05 - -2.1924498778882212e-05
B2: -0.00025580479472944744 - -0.00012730288822923857 - 0.00020152564229699007 - -1.0207562456879587e-05
