Number: 4421
Error: 1.4588517198524019e-15
A1: [0.0662131197317823, -0.11395214027501734, -0.023984012181500102, 0.07172280630361318] - [0.037402629346771084, 0.18819338588695997, -0.14740892985190526, -0.07818699324907542] - [-0.06022939050544111, 0.3289507817048575, -0.12775312845272385, -0.14096834087744486] - [0.03904617254745533, -0.0533226733387826, -0.03741857741924819, 0.051695133286164846]
A2: [-0.009108543994633274, -0.3468031517427261, 0.2494551223754803, 0.10645671322168428] - [0.08003989589208256, 0.03628233251812609, -0.05025003561694379, -0.06607188220130006] - [-0.04245278555475057, 0.23083192850567738, -0.04053120921299423, -0.1478478014770963] - [0.06813467791507433, -0.2934679632694183, 0.1417711313213411, 0.08356174736721528]
B1: -2.7311115170181015e-08 - 5.025780789103469e-08 - 1.045129526316763e-08 - -3.574930125282886e-08
B2: -6.028089722379296e-09 - 2.279040466734319e-08 - 2.5133576383779285e-09 - -1.4712866277731988e-08
