Number: 6950
Error: 8.806509317683494e-16
A1: [0.08043167114392835, -0.18046782428966965, -0.019588870497801426, 0.11962495819905884] - [0.037415596600065264, 0.13359640276870421, -0.13472616962507752, -0.036285808500295204] - [-0.0017028051940939518, 0.22819013032516947, -0.12282836884674184, -0.10365889640945669] - [0.0388632410741566, -0.11448101192603308, -0.04641643475497778, 0.12203423459383857]
A2: [0.03530742249034453, -0.02927349642480645, -0.07569736950977769, 0.06966338621466993] - [0.10289382828372541, 0.2828967795368746, -0.3926063211850729, 0.006816077276053964] - [-0.011187236479839114, 0.5390144533841709, -0.3594511446826026, -0.16837660838826007] - [0.0978627994649407, 0.01746331655285424, -0.16885101046010473, 0.053524878443186465]
B1: 4.489600954123466e-08 - -8.202730996175689e-09 - -1.584989471264039e-08 - 1.2990269410528708e-08
B2: -6.421356365937754e-09 - 1.2210651597868626e-08 - 1.8878654808108642e-08 - 9.024316470546615e-09
