Number: 7744
Error: 1.0415560324202006e-15
A1: [0.08043166266652159, -0.18046783276612602, -0.019588878965067707, 0.11962494972262307] - [0.03741554458800477, 0.1335963507960038, -0.1347262215334897, -0.03628586048353989] - [-0.001702860499927495, 0.22819007502051408, -0.12282842407159353, -0.10365895170052303] - [0.03886321295599501, -0.11448103996529577, -0.04641646285521784, 0.12203420649315384]
A2: [0.03530742375590321, -0.029273495155737406, -0.0756973683065225, 0.06966338753922803] - [0.10289369541228444, 0.28289664553775623, -0.39260644969661157, 0.006815938140283265] - [-0.011187123654947723, 0.5390145668820178, -0.3594510378913929, -0.1683764895007115] - [0.09786278480230785, 0.017463301823531455, -0.16885102441799754, 0.05352486305221454]
B1: -5.08900316539899e-09 - -1.4639552478234097e-08 - 6.131067125383094e-10 - -5.414334857119163e-10
B2: 1.1603835896865207e-08 - -2.9773609971915392e-08 - 4.380188548364425e-09 - 9.906787734505587e-09
