Number: 1858
Error: 3.532710311715294e-07
A1: [-0.005347941880640088, -0.013111972037117775, 0.00495148787813476, 0.021333364069504458] - [0.06941493163879785, 0.19238051548641555, -0.14405796452251543, -0.10698106170876742] - [-0.11415640864732998, 0.44026815737648717, -0.07248370314390343, -0.25979318871632195] - [-0.024194448901078178, 0.014567387025246521, -0.030849103843177173, 0.03804561949868089]
A2: [0.13293971728183648, -0.22333748149169177, 0.023979558091686618, 0.07146408511540824] - [0.03322034287566888, 0.204328258441144, -0.11431533561367144, -0.12088738927723487] - [-0.09342742153991121, 0.5567249350825286, -0.2339633447734655, -0.22436142122069674] - [-0.022283299539835204, -0.020753576457967368, 0.0066471569609956385, 0.030755826621658086]
B1: 0.0003630288941124833 - 0.0009081633771166087 - 0.0003335135562103434 - -0.0006097344459881013
B2: -0.0003054396977353584 - 0.0019519970084335818 - 0.0004159052342421071 - 9.125832002134184e-05
