Number: 4119
Error: 8.494281892166657e-16
A1: [0.06621319413969663, -0.11395206752984753, -0.02398393783196096, 0.07172288058666339] - [0.03740263333070306, 0.1881933896933353, -0.14740892593540234, -0.07818698933221059] - [-0.0602294289376566, 0.328950744792884, -0.12775316606017126, -0.14096837828267306] - [0.039046147193583215, -0.05332269740378721, -0.03741860194831575, 0.05169510895623966]
A2: [-0.009108568276065905, -0.34680317750154555, 0.24945509789761033, 0.10645668776396724] - [0.08003984229631614, 0.03628227478012469, -0.050250094194068125, -0.06607194127584234] - [-0.04245274170424272, 0.2308319769018303, -0.04053116222109025, -0.14784775298015468] - [0.06813474321491204, -0.293467891371532, 0.14177120211261157, 0.0835618205803082]
B1: -2.1609542442285856e-08 - 1.2545651250371726e-08 - 2.4123765640038225e-08 - -1.6388907397017838e-08
B2: -7.834617746460862e-09 - -6.637996335538847e-09 - 1.3449466347548825e-08 - -2.4589398804015963e-09
