Number: 3188
Error: 0.0004858189472421671
A1: [0.21080392900131537, 0.09499181680974927, 0.12243281440638479, 0.15606307331611752] - [0.0856013204133979, 0.23114214124257287, -0.10072368360308594, -0.048283895633694895] - [-0.14318770414904292, 0.3945929433492882, -0.12325224696670795, -0.20264178566216443] - [-0.18992434378868403, -0.20546615005906138, -0.2543027153813747, -0.23780480800971565]
A2: [0.08834154463872285, -0.1449294862994108, 0.11343079705247872, 0.05179758823817791] - [0.05501676928734345, 0.22674113877708113, -0.07651095935868514, -0.10455208181898501] - [-0.08636120503822611, 0.5236606306240527, -0.22152494765036174, -0.19584132784456898] - [-0.009095163399118311, 0.03947919150847144, -0.0382400746977133, 0.061427478513932404]
B1: 0.01462216292710554 - -0.002094274421252835 - -0.0018853890286268868 - -0.011412743005640245
B2: -0.045475814385031225 - 0.0121394062297345 - -0.0077127636261449875 - 0.011494357905880475
