Number: 1091
Error: 1.2084396767499787e-05
A1: [-0.008689117052621473, -0.016443660273122173, 0.0014956245169588556, 0.01777096747746927] - [0.06953795626896488, 0.1923821878409556, -0.14405722351674233, -0.10676999613151009] - [-0.10544400919179069, 0.44900167818891257, -0.06366901081725945, -0.25083539047949027] - [-0.0336872255133881, 0.005341805533924296, -0.03987632090398241, 0.028316332964301298]
A2: [0.12584198660267037, -0.23032939152661133, 0.017164312758905613, 0.06465666768906231] - [0.03515114514641783, 0.20633435816827547, -0.11224008005485483, -0.1191971695005507] - [-0.09721513366983169, 0.5531088475464838, -0.23726371813107064, -0.2286054779762137] - [-0.03689827194403288, -0.03544950911894499, -0.007371044543342285, 0.016474918551980813]
B1: 0.005791404435941092 - -0.008078460058900318 - 0.0018549018695144107 - 0.00719088389830211
B2: -0.0023717380147074375 - 0.007523666515076003 - -0.005987733390859717 - -4.4699487986282066e-07
