Number: 1362
Error: 2.6557069174869306e-09
A1: [-0.0073671244712706085, -0.015175019767279651, 0.0028104976858799157, 0.01927031497320119] - [0.0668727181230174, 0.1899286589064236, -0.14668764384345384, -0.10981117281203161] - [-0.11257759943429357, 0.4417929591375093, -0.07078135487414695, -0.25809142092338194] - [-0.023435391040201415, 0.015279249716611347, -0.030002095290564936, 0.038841880099972394]
A2: [0.13162488601639424, -0.22459040399126112, 0.02270476748841843, 0.07019841249606465] - [0.03270960722240418, 0.20381156327623792, -0.11482523680232407, -0.1213955015757226] - [-0.094624880226204, 0.5555379121309382, -0.23520432571311953, -0.2256372592837893] - [-0.02091857897583762, -0.019365802905161055, 0.008027588880663909, 0.03209403093648656]
B1: 9.302559518767638e-06 - -0.00025645735372658977 - -1.3315897422012086e-05 - 8.048843044451412e-06
B2: -0.00010442171192690412 - -3.1379326310416973e-06 - -1.3130267519707082e-05 - 9.413375190620217e-06
