Number: 5341
Error: 1.0423890686952642e-15
A1: [0.06621318019814906, -0.11395208115982647, -0.023983951762572477, 0.0717228666684886] - [0.037402614272698184, 0.18819337148481607, -0.14740894467079627, -0.07818700806928652] - [-0.06022939696778976, 0.328950775497755, -0.12775313477656122, -0.14096834716705792] - [0.039046100438144556, -0.053322741782129424, -0.037418647182496205, 0.05169506408925202]
A2: [-0.009108858709705363, -0.34680348560514335, 0.24945480511376972, 0.10645638326093337] - [0.08003992423414669, 0.03628236305057008, -0.0502500046406697, -0.0660718509621369] - [-0.042452781835745954, 0.23083193261005766, -0.04053120522757411, -0.14784779736416087] - [0.06813480389431571, -0.29346782456102904, 0.1417712678944923, 0.08356188861302953]
B1: -2.048285363771101e-08 - -4.756086609891455e-08 - 4.448710685280156e-08 - 4.968939634597311e-08
B2: -5.806363361596357e-09 - -1.7355404818094472e-08 - 2.666053379435619e-08 - -3.760834345417466e-08
