Number: 1427
Error: 5.996897790104424e-10
A1: [-0.00729307111068906, -0.015100276714926123, 0.0028874373134459056, 0.019346384565732358] - [0.06680882584964597, 0.1898671994606304, -0.1467536230433709, -0.10988227387485784] - [-0.11273432924729693, 0.44163919978815414, -0.07094474611344032, -0.258261147581109] - [-0.02360626347783722, 0.015111337869577175, -0.030176545184325474, 0.038661430470843174]
A2: [0.13165381130595127, -0.22456184976970453, 0.022733132987667735, 0.07022672581638897] - [0.03270859921669693, 0.20381059429865647, -0.11482619521321, -0.12139645827305728] - [-0.09471345919163453, 0.555450662920897, -0.23529153802962907, -0.22572427359611358] - [-0.02075835076164977, -0.0192077102732677, 0.008186530702995628, 0.0322480164877134]
B1: -1.95428535453679e-05 - -9.252143089766677e-05 - -1.1898944140907122e-05 - 1.0613840080233291e-05
B2: -1.5395726908309232e-05 - 5.319395462486079e-06 - -3.3126898277812154e-05 - -1.0244087479462946e-05
