Number: 1155
Error: 2.0399746476419105e-07
A1: [-0.010039353047769074, -0.017842574496729133, 4.769169330872322e-05, 0.01651776803248861] - [0.06856799491748423, 0.19155425699173234, -0.14493618166675354, -0.10791801216917564] - [-0.11506686593346092, 0.439393899611055, -0.07336086445634457, -0.2607873442728738] - [-0.03135162454952505, 0.007537024891769043, -0.03802461546090914, 0.030497138485280663]
A2: [0.12733825347745045, -0.22882596403814914, 0.01849899085189734, 0.0660254067093092] - [0.034568408014438515, 0.20565177906820642, -0.11297238911984461, -0.1195821292683305] - [-0.09944627525716412, 0.5507768232906447, -0.23992525164158635, -0.23038059509951384] - [-0.02491345113241753, -0.023338049870985367, 0.004066269557294977, 0.028254401899819717]
B1: 0.00018072360089694877 - 0.0014865984698126564 - 0.00046420487870230717 - 5.422336176948362e-05
B2: 0.000518804219051433 - 0.0017505085350099459 - -0.00046921337437443673 - -0.00014883158605057234
