Number: 7685
Error: 1.1664887040111686e-15
A1: [0.08043167379370096, -0.18046782164020592, -0.01958886785119309, 0.11962496084853148] - [0.037415573057135505, 0.13359637924358944, -0.1347261931210837, -0.036285832030178114] - [-0.0017028406897102927, 0.2281900948303094, -0.12282840429038225, -0.1036589318955935] - [0.03886322147979373, -0.11448103146541622, -0.046416454336849655, 0.12203421501165562]
A2: [0.03530752828657864, -0.029273390335951624, -0.07569726891999456, 0.06966349694181775] - [0.10289369861459757, 0.2828966487672457, -0.39260644659937693, 0.0068159414935729315] - [-0.011187154167380848, 0.5390145361875962, -0.3594510667721047, -0.1683765216526935] - [0.09786276515602245, 0.01746328208788465, -0.16885104312000745, 0.05352484243003111]
B1: -5.1654171638603344e-08 - -3.592712868824536e-08 - 3.043309005514895e-08 - 7.931232365250845e-09
B2: -1.1808079266003255e-08 - -2.0723634644891433e-08 - -1.294132818620324e-08 - -1.1223019866500152e-08
