Number: 2902
Error: 5.752382419150749e-09
A1: [0.06393934499288415, -0.047369193538496515, -0.022942953709493414, 0.00835579997570707] - [0.043629219443419597, 0.19123914753460977, -0.14259799805517764, -0.09254800360841317] - [-0.12265409848356398, 0.4156480391532668, -0.10406599951185393, -0.18628381751897374] - [0.03760975274825471, 0.01977273409256484, -0.032528772058900424, -0.022451721697456677]
A2: [0.062392365119955044, -0.17473040657701724, 0.08527505599581119, 0.022918535979972624] - [0.029347241918289916, 0.2003552205193712, -0.10165311705771624, -0.12781713372963086] - [-0.09390797842644844, 0.5131931980329983, -0.22610509412017432, -0.19558051350203626] - [-0.02603159366584952, 0.018416588143629405, -0.05039183876465736, 0.05687576392370287]
B1: -4.1839331877189064e-05 - -7.625712121327905e-05 - 0.0001354561639580469 - -0.0001377427469658148
B2: 0.00010526234573329958 - -8.814038270940081e-05 - -0.00013194953886393754 - -0.0001110789978752846
