Number: 205
Error: 3.1554518391507973e-06
A1: [-0.022306525914274806, -0.02494862665841978, 0.006838913558856249, -0.002257355999362276] - [0.06932096638298238, 0.1928432007544764, -0.1417161383649465, -0.10612528283505998] - [-0.09519173000429301, 0.42293357840206625, -0.052233265326988375, -0.27070556581435756] - [0.01833178005634286, 0.00046835508377637575, 0.017003664388972856, 0.04592262702696414]
A2: [0.1589383527599584, -0.17034203801795894, 0.006017170760612299, -0.005038072897099424] - [0.044572083437860184, 0.21647271934460932, -0.10814694155261981, -0.11689025143618452] - [-0.08403170063272075, 0.5836586977602644, -0.23322834730317804, -0.25787728357790785] - [0.0007902979360105448, 5.3738675320825797e-05, 0.0057454071602641085, 0.011672750625611149]
B1: 0.0038825845802319264 - 0.0031359312722052646 - 0.0017689300795773707 - 0.0014603052352555664
B2: 0.011309792302053905 - 0.0020215971705369825 - -0.0059109861531941 - 0.0039303911293840765
