Number: 3607
Error: 3.1533700073641684e-12
A1: [0.06620942342858026, -0.11395575397511891, -0.023987705645936875, 0.07171911619579041] - [0.0374056739254148, 0.1881962947712383, -0.14740593680014571, -0.0781839999206023] - [-0.06022980487629787, 0.32895038375193564, -0.1277535338714441, -0.1409687442109119] - [0.039045118478674326, -0.05332367383674924, -0.03741959724001376, 0.051694121734711655]
A2: [-0.00909889650624113, -0.34679291723113603, 0.24946484794194043, 0.10646682806251108] - [0.0800488717431117, 0.036292002128806226, -0.05024022550940234, -0.06606198878944627] - [-0.042464516034001754, 0.23081898191865957, -0.04054378016965522, -0.14786077502554304] - [0.06814325536362233, -0.293458519113113, 0.1417804301672053, 0.08357136432536835]
B1: -2.7820891808414037e-06 - -3.868537555259916e-06 - -2.3658984859632518e-08 - 4.5488307335088603e-07
B2: -8.613680255633116e-07 - 3.04546035416284e-07 - -9.976561906858056e-07 - -4.8229473187844626e-06
