Number: 8148
Error: 1.0108627931752648e-15
A1: [0.08043166433603711, -0.180467831096819, -0.019588877297600303, 0.11962495139191957] - [0.03741562791636889, 0.13359643406134492, -0.13472613837104896, -0.03628577720127536] - [-0.001702813104589998, 0.22819012241483644, -0.12282837674566148, -0.10365890431784039] - [0.03886322684512018, -0.11448102611515033, -0.04641644897496157, 0.12203422037363808]
A2: [0.03530749849880528, -0.029273420206075967, -0.07569729724178129, 0.06966346576564937] - [0.10289376043221567, 0.2828967111095054, -0.39260638681013615, 0.006816006225580403] - [-0.011187202564019708, 0.5390144875022572, -0.35945111258071244, -0.16837657264979] - [0.09786267451399627, 0.017463191033540357, -0.16885112940551694, 0.05352474728558533]
B1: 3.0643080255225087e-08 - -9.561003184416534e-09 - -3.7825459697831095e-09 - 3.3515393414773375e-08
B2: -6.0465522370167475e-09 - 3.92478988179697e-08 - 3.145739962608057e-09 - 9.165147564236119e-09
