Number: 2452
Error: 1.1063536122599025e-06
A1: [0.06846515135475968, -0.04291657709858079, -0.018382319124919305, 0.01289763264622913] - [0.045694863144544136, 0.193213581717866, -0.140520681236762, -0.09031573008854306] - [-0.11933386963059466, 0.4189436762843263, -0.10078431664431915, -0.18305023096359851] - [0.04262927729569651, 0.024848487872916266, -0.02750678187328383, -0.017493310644809097]
A2: [0.06757645174606072, -0.16964251656015486, 0.09046505855506556, 0.028086690643461615] - [0.02761095398882822, 0.19862388544130682, -0.1034012948804382, -0.12953892156676963] - [-0.09424740636632813, 0.5130064642781931, -0.2262903341109326, -0.195758295059409] - [-0.026057972377010796, 0.018490210952279904, -0.05026587853515193, 0.05700080903628583]
B1: -0.002139008094418022 - -0.002274722790186754 - 0.0006566263750703613 - 0.00035185121280278324
B2: -0.0018291823435955933 - 0.0011958524066737891 - -3.353051200823888e-05 - 0.0007063178451243115
