Number: 3788
Error: 9.639071901800838e-16
A1: [0.06621326153096693, -0.11395200164456393, -0.023983870493588695, 0.07172294786482372] - [0.03740263382494549, 0.1881933901655434, -0.14740892544953552, -0.0781869888462948] - [-0.060229301458842005, 0.32895086722923583, -0.12775304131695978, -0.14096825421040932] - [0.03904614072736722, -0.05332270354127063, -0.03741860820415763, 0.05169510275120401]
A2: [-0.009108680329899102, -0.34680329637321766, 0.24945498493714802, 0.10645657028157623] - [0.08003981844753887, 0.03628224908815801, -0.05025012025942888, -0.06607196756252634] - [-0.042452804304923264, 0.23083190781185897, -0.04053122930643328, -0.14784782221410642] - [0.06813475655945304, -0.29346787667860275, 0.14177121657941075, 0.08356183554201393]
B1: 7.905539798507816e-09 - 3.180531551049859e-08 - -1.264026197654499e-08 - 2.4568937550575005e-08
B2: -1.4508701858061664e-08 - 1.8780555469109288e-08 - -8.187883747652253e-09 - 4.5935129193530365e-08
