Number: 9054
Error: 5.5549602039368255e-05
A1: [0.0010234428491310392, -0.2133634296475853, -0.08157541885048741, 0.06531483361856254] - [0.02891364141947551, 0.15132226448880637, -0.09247330269692378, -0.0011966950734047122] - [-0.001501817737988559, 0.24536291792755058, -0.10181592221830509, -0.06146630523307638] - [0.04276602628688698, -0.08361631355649472, -0.02989505333521262, 0.13860150424626935]
A2: [0.1804554944305468, 0.027224568300865486, -0.015514436277965143, 0.21049097866008334] - [0.015456358947601133, 0.14289878044324963, -0.5105290280297846, -0.06264634715948068] - [0.04526053427143941, 0.4766041536688823, -0.37199873291000723, -0.11200447860751206] - [0.17436827255407683, -0.010696595066583568, -0.17044238305970225, 0.13623980365238153]
B1: -0.009513695773806664 - -0.03109221325433351 - -0.05608364937575616 - -0.022946196947788006
B2: -0.05158055131479543 - -0.019572916830729915 - -0.01275596825935531 - -0.02045704262002908
