Number: 3717
Error: 1.413290992321281e-15
A1: [0.06621291060257128, -0.11395234473081955, -0.023984221146599614, 0.07172259752537204] - [0.03740263356513146, 0.18819338991726325, -0.1474089257049848, -0.07818698910173569] - [-0.060229524978864545, 0.3289506525507272, -0.12775326004040696, -0.14096847175743774] - [0.039046025162148106, -0.05332281323144624, -0.037418720009590505, 0.051694991853622044]
A2: [-0.009108544696837275, -0.3468031524877281, 0.24945512166766098, 0.10645671248543487] - [0.08003995114832461, 0.036282392045011845, -0.050249975224966076, -0.0660718212964784] - [-0.04245263000069387, 0.23083210018506448, -0.040531042514938165, -0.14784762944006946] - [0.06813488765754495, -0.2934677323337929, 0.14177135870255592, 0.08356198252730347]
B1: 9.463253204039198e-08 - 5.177673400540997e-08 - -1.0842444951437422e-07 - 1.499092406132688e-08
B2: 5.2756859170380696e-08 - 3.0647363595207904e-08 - -6.882214900679309e-09 - -7.884324326183351e-08
