Number: 4240
Error: 1.2578382556546635e-15
A1: [0.06621319920214541, -0.11395206258052978, -0.02398393277348676, 0.07172288564061374] - [0.03740259644416002, 0.18819335445074667, -0.14740896219770167, -0.07818702559771701] - [-0.06022945205482351, 0.32895072259011887, -0.12775318868126845, -0.14096840078209444] - [0.0390462950180456, -0.05332255709436176, -0.03741845893306732, 0.051695250810227134]
A2: [-0.009108420583399399, -0.346803020822716, 0.24945524678526337, 0.1064568426116698] - [0.08003983353069268, 0.036282265337037156, -0.05025010377439547, -0.0660719509375207] - [-0.04245280487700881, 0.2308319071804242, -0.040531229919525104, -0.14784782284685144] - [0.06813482616309896, -0.29346780004194595, 0.14177129203645766, 0.08356191358055731]
B1: -4.8385203906381344e-08 - 1.8804503169319754e-08 - -9.813257107373586e-09 - 9.96863048809089e-10
B2: -4.2520702808859176e-08 - -5.983548321051648e-08 - 1.3580998054612759e-08 - 5.646381660468364e-08
