Number: 3884
Error: 7.240142869078814e-16
A1: [0.06621315714092944, -0.11395210370180893, -0.02398397480169812, 0.071722843649986] - [0.03740256486828261, 0.1881933242821415, -0.14740899323921688, -0.07818705664197415] - [-0.060229385626066494, 0.32895078639127795, -0.12775312367801625, -0.14096833612848295] - [0.03904608621794249, -0.05332275527954237, -0.03741866094019443, 0.051695050443368556]
A2: [-0.00910865659102757, -0.34680327118996146, 0.24945500886809033, 0.1064565951705048] - [0.08003979218163076, 0.03628222079224303, -0.050250148966573024, -0.06607199651344288] - [-0.04245282891027523, 0.2308318806558366, -0.040531255674514856, -0.14784784942674364] - [0.06813483606029504, -0.2934677891446458, 0.1417713027660466, 0.08356192467721407]
B1: -3.730680250581061e-09 - -6.1198285512131144e-09 - -2.0924705263898262e-08 - -9.132073777298844e-09
B2: -1.2258624834808528e-08 - -2.017546266112111e-08 - -5.1707783905926773e-08 - 2.8597457992890986e-08
