Number: 4404
Error: 1.0861422542122361e-15
A1: [0.06621317164115458, -0.11395208952564499, -0.023983960312864188, 0.07172285812587313] - [0.03740262809195203, 0.188193384688064, -0.14740893108548989, -0.07818699448277] - [-0.06022937978046792, 0.32895079200560534, -0.1277531179578961, -0.14096833043906465] - [0.03904607377499782, -0.05332276708989433, -0.037418672978313035, 0.051695038503006815]
A2: [-0.009108430905041187, -0.34680303177240285, 0.24945523638008285, 0.10645683178990306] - [0.0800398737625387, 0.036282308678270064, -0.05025005980327179, -0.06607190659299907] - [-0.04245280611588799, 0.23083190581314325, -0.04053123124711328, -0.14784782421692497] - [0.06813464518516539, -0.29346799930644907, 0.14177109583898356, 0.08356171067097092]
B1: -6.275869959862974e-08 - 4.4421764483421545e-08 - 2.5323346256605997e-08 - -2.234605452427088e-08
B2: -4.8691380875975015e-08 - 2.435076208846382e-08 - -8.817188360178747e-09 - 1.116360692280069e-08
