Number: 8196
Error: 7.107503230130218e-16
A1: [0.08043170772404169, -0.18046778771373367, -0.0195888339614856, 0.11962499477495675] - [0.03741556591033464, 0.1335963721022487, -0.134726200253518, -0.03628583917294319] - [-0.001702813676421455, 0.22819012184301554, -0.12282837731665916, -0.1036589048895227] - [0.038863246775799526, -0.11448100624040637, -0.04641642905698851, 0.12203424029192354]
A2: [0.0353076440457692, -0.029273274256569896, -0.0756971588573197, 0.06966361809605003] - [0.10289381108200886, 0.2828967621891557, -0.3926063378222752, 0.0068160592632472055] - [-0.011187159845366517, 0.5390145304757097, -0.35945107214650435, -0.16837652763572586] - [0.09786273986387255, 0.01746325668066873, -0.16885106719656434, 0.05352481588157484]
B1: 6.077955133361224e-08 - 3.058192129015342e-09 - -1.602233895959319e-08 - 3.4083823025535935e-08
B2: 3.0891115831005266e-08 - 1.2941697828842571e-08 - 2.2603460032624197e-08 - 2.4251860789783978e-08
