Number: 7595
Error: 1.230732308390532e-15
A1: [0.08043170842664484, -0.1804677870111848, -0.019588833259675188, 0.11962499547751049] - [0.037415610884760336, 0.1335964170425856, -0.13472615536884558, -0.03628579422351576] - [-0.0017027919144642723, 0.22819014360451487, -0.1228283555865595, -0.1036588831333697] - [0.03886325452546952, -0.11448099851247848, -0.046416421312246395, 0.1220342480367839]
A2: [0.03530744261401379, -0.029273476245469634, -0.07569735037645262, 0.06966340727626477] - [0.10289374510065488, 0.282896695647829, -0.3926064016386477, 0.006815990171232572] - [-0.011187112549103278, 0.5390145780541021, -0.35945102737946477, -0.16837647779810277] - [0.09786279901536707, 0.01746331610123988, -0.16885101088807522, 0.05352487797128653]
B1: 4.2167344278622426e-09 - 9.531032626273104e-09 - 9.277737100426201e-09 - 7.73692591970019e-09
B2: 9.171494221763494e-09 - 1.1664263400989494e-08 - 9.029053057145178e-09 - 8.919246299837895e-09
