Number: 4913
Error: 9.93294308846479e-16
A1: [0.0662131332095475, -0.1139521270984072, -0.02398399871429492, 0.07172281975876076] - [0.03740256262444878, 0.18819332213831388, -0.1474089954450637, -0.07818705884803649] - [-0.06022941623456409, 0.32895075699346316, -0.12775315362969145, -0.14096836591886466] - [0.03904613378813028, -0.053322710127655375, -0.03741861491754653, 0.05169509609226754]
A2: [-0.009108545458102484, -0.3468031532952908, 0.2494551209001054, 0.1064567116873137] - [0.0800398988806375, 0.03628233573763895, -0.05025003235058847, -0.06607187890727807] - [-0.042452835064760934, 0.230831873863462, -0.040531262269682046, -0.14784785623326926] - [0.06813469697060054, -0.29346794228832057, 0.1417711519793142, 0.08356176873214342]
B1: -3.368770499197404e-10 - 3.9021633096770135e-08 - -1.9328017412347393e-08 - -3.9733938033191466e-08
B2: -3.1440068823135836e-09 - -1.95619978442954e-08 - 1.3256139080392202e-08 - 1.0196622353715915e-08
