Number: 6408
Error: 8.637217521858868e-16
A1: [0.08043169727195815, -0.1804677981646002, -0.019588844401015597, 0.11962498432410372] - [0.03741559377439212, 0.13359639994516967, -0.13472617244512242, -0.036285811324402714] - [-0.0017028080321700417, 0.22819012748715795, -0.12282837168066388, -0.10365889924677527] - [0.0388632282655308, -0.11448102469871385, -0.0464164475554408, 0.12203422179317452]
A2: [0.03530741240073143, -0.029273506542328572, -0.07569737910284384, 0.0696633756547821] - [0.10289376046561648, 0.28289671114318454, -0.3926063867778676, 0.006816006260586385] - [-0.011187077470477057, 0.5390146133419682, -0.3594509941767936, -0.16837644083451667] - [0.09786281488469306, 0.017463332042747026, -0.1688509957815051, 0.05352489462891381]
B1: -6.881910126014694e-09 - 7.146937889301138e-09 - 1.0493846550981588e-08 - 1.9479126291818436e-09
B2: 5.950841432195132e-09 - 5.064984601009601e-09 - 2.5420547552859056e-09 - -3.13115704571348e-09
