Number: 2849
Error: 4.926440320184241e-09
A1: [0.06368071384411914, -0.047626745422180976, -0.023199554278785863, 0.008099873522624593] - [0.04371118076459847, 0.1913184890178597, -0.14251351064993353, -0.09245740462240525] - [-0.1232634300061405, 0.41504163119097676, -0.10467727514247052, -0.18689208197393786] - [0.03687946745192683, 0.019042815475437326, -0.03325678868070941, -0.023175732876441545]
A2: [0.06319891072298454, -0.1739274120413826, 0.08608064842739963, 0.023717342534869283] - [0.02923481855934344, 0.20024440818334094, -0.1017650753046258, -0.1279269575560671] - [-0.0933561554554662, 0.513734602787072, -0.22555214831127096, -0.19504593933363762] - [-0.025942856691968132, 0.01850506871583129, -0.05030287096547014, 0.05696205679072458]
B1: -8.84442159243238e-05 - -0.00011293771069106128 - -6.000255387461838e-05 - -2.4991021480751817e-05
B2: 4.561508003905112e-05 - 6.932541590645457e-05 - -5.7465161053068464e-05 - -0.00014727135525138244
