Number: 7193
Error: 1.2064081329897495e-15
A1: [0.0804317032261186, -0.1804677922111149, -0.019588838453974865, 0.11962499027758311] - [0.037415607646377386, 0.13359641380665752, -0.13472615860077614, -0.03628579746010231] - [-0.0017028265831159168, 0.22819010893661282, -0.122828390204435, -0.10365891779276275] - [0.038863253189316216, -0.11448099984487645, -0.046416422647544885, 0.12203424670146493]
A2: [0.035307384836406164, -0.029273534182890124, -0.07569740531068667, 0.06966334680575485] - [0.10289375617102521, 0.28289670681214835, -0.39260639093153066, 0.006816001763521004] - [-0.011187095802215616, 0.5390145949008742, -0.3594510115281578, -0.16837646015134541] - [0.09786278489526098, 0.01746330191690206, -0.1688510243295032, 0.053524863149770174]
B1: -9.503229645368203e-09 - -4.989845695475446e-09 - 1.4534885508580178e-08 - 4.031162712334805e-09
B2: 6.182282321033114e-09 - 5.684993791758516e-09 - -9.301004814706295e-09 - 9.008676014275083e-09
