Number: 7076
Error: 9.561117978270942e-16
A1: [0.08043169869850804, -0.18046779673821145, -0.019588842976168898, 0.11962498575049121] - [0.037415601392815134, 0.13359640755782828, -0.1347261648418766, -0.03628580371019959] - [-0.0017027966440072927, 0.22819013887507375, -0.12282836030917627, -0.10365888786165225] - [0.03886324219923749, -0.11448101080410772, -0.04641643363061226, 0.12203423571822127]
A2: [0.035307481640070644, -0.029273437111481265, -0.07569731327096359, 0.06966344812126304] - [0.10289372942911398, 0.2828966798432762, -0.39260641679596514, 0.00681597376083751] - [-0.011187112918357259, 0.5390145776826429, -0.35945102772896864, -0.16837647818721363] - [0.09786282236783514, 0.017463339559925628, -0.16885098865802808, 0.0535249024837658]
B1: 8.730954695331956e-09 - -1.2361624547548745e-08 - -5.5371644948458555e-09 - 3.6326482312280688e-09
B2: -6.670918537463425e-10 - -2.024151935728606e-09 - -3.110234578541861e-10 - -3.853248472246366e-09
