Number: 2376
Error: 1.1436794889144492e-05
A1: [0.06055519909823144, -0.05166080046363045, -0.027396968233231036, 0.00465499959673896] - [0.046182601066818665, 0.19366161004298554, -0.14030128594621002, -0.0896881720605974] - [-0.1315993378347618, 0.4072837881318071, -0.11247967715241197, -0.19514996121138983] - [0.030554671756680758, 0.01309250920077413, -0.03897926162347641, -0.029398265322762088]
A2: [0.09085206046306081, -0.14610793622639484, 0.11386274548160608, 0.05090839238102993] - [0.031522064267310516, 0.20248076373030272, -0.09950010926902554, -0.12570445270630862] - [-0.07987834612663641, 0.527728110852609, -0.2113004637791966, -0.18123040241168725] - [-0.002061784686690077, 0.042561970652651285, -0.025898339697454583, 0.08035622416303584]
B1: -0.0029644351869649935 - 0.0013317325745062873 - -0.001746431977580163 - -0.005342316657627825
B2: -0.0008687748676227727 - -0.005768729194032537 - -0.00015429458518250068 - -0.0005168684345270469
