Number: 791
Error: 9.679861691721885e-13
A1: [-0.012153632116787844, -0.014517414837227974, 0.01808702002317969, 0.008582842714452792] - [0.06583682591422681, 0.18949679088521756, -0.14532092582862463, -0.11000678989923025] - [-0.09629430319509726, 0.4217849019464725, -0.05345866704798967, -0.272037166251778] - [-0.0013163137435281318, -0.018214256919013006, -0.0038295898638203534, 0.023382738305275534]
A2: [0.1615849200052021, -0.16775654015768493, 0.008499569394348247, -0.002334825029132198] - [0.035486288545669306, 0.2075172777138892, -0.11720986156419036, -0.1257914768142591] - [-0.08621518899686434, 0.5815365111690456, -0.23539032660557527, -0.2599371716413473] - [-0.003835746000473499, -0.004520055560916133, 0.0011094861509992335, 0.007242647762105039]
B1: -9.059285020711635e-07 - -9.52774206458119e-07 - -1.221623276130322e-06 - -5.535679870165502e-07
B2: -1.4453611705788035e-07 - -1.4562394499516483e-06 - 7.160310511117094e-07 - -2.379886616401359e-06
