Number: 97
Error: 0.00022141165670335692
A1: [0.009103154794849288, 0.008379590960364577, 0.042089671078376606, 0.02965316811751039] - [0.11457953120504573, 0.2388438802099326, -0.09735754267278326, -0.06030528119057126] - [-0.08143407208558698, 0.4396243432284109, -0.03705220011170113, -0.25731052748048655] - [0.01669957326006251, 0.0030435584795849985, 0.01599119574166091, 0.0413684219304998]
A2: [0.2616528668065856, -0.07031365030811748, 0.10642814603706961, 0.09471196820964506] - [0.08252937368027098, 0.25144938427848507, -0.07370645681094387, -0.08287030651629393] - [0.01946718133257059, 0.6861492300512814, -0.1328077634372821, -0.15747454399493926] - [0.16464469310351781, 0.16384215269446176, 0.16842231698894802, 0.16868279873497807]
B1: 0.009206753446815505 - 0.30837298838807686 - 0.007463673875754785 - -0.012812325143935429
B2: 6.444246761593865e-05 - 0.30493967556361845 - -0.0014229811744010529 - 0.0003376600718224751
