Number: 3082
Error: 2.470901569038775e-06
A1: [0.06589828608678469, -0.04541811512981313, -0.02100211295177035, 0.010294436844921652] - [0.04353807217602078, 0.19115795611149877, -0.14268472475323232, -0.09264137212372447] - [-0.11905546417053006, 0.4192474271395885, -0.10044205948436234, -0.1826636418729906] - [0.040006675494660075, 0.022168424576079114, -0.03014219489715105, -0.02008299688811878]
A2: [0.0687304551061442, -0.16840882443588764, 0.09160105546849175, 0.02917525871089984] - [0.027613838166925194, 0.19865006769128613, -0.10338145411160152, -0.1295130167753314] - [-0.09408768623198419, 0.5130215369189, -0.22627994341913132, -0.1957512205889656] - [-0.023973067440200186, 0.02046446159241627, -0.048336932748936405, 0.05888390102249925]
B1: 0.0030456419913052137 - -0.0017920662509664951 - 0.0003667937842221947 - 0.0016495306399671513
B2: -0.00025624216241296573 - -0.0005223428984819456 - -0.00012698695062135935 - -0.0005595132182016153
