Number: 5287
Error: 1.1574862670613765e-15
A1: [0.06621311494232669, -0.11395214495742692, -0.023984016967195456, 0.07172280152217005] - [0.037402542756865886, 0.18819330315623856, -0.147409014976372, -0.0781870783810835] - [-0.06022936318905807, 0.32895080794048204, -0.12775310172259333, -0.14096831429085555] - [0.039046124761869506, -0.05332271869496449, -0.0374186236501295, 0.05169508743055494]
A2: [-0.009108585428990425, -0.3468031956979608, 0.2494550806055714, 0.10645666978019638] - [0.08003993293361722, 0.03628237242237158, -0.050249995132638996, -0.06607184137339178] - [-0.042452819802791524, 0.23083189070742632, -0.04053124591447185, -0.14784783935412985] - [0.06813480481283529, -0.2934678235497083, 0.14177126889023284, 0.08356188964282783]
B1: 8.681930488332902e-08 - -7.31413100630171e-08 - 1.587997460760391e-08 - -2.3951705106229304e-09
B2: -7.934462142577921e-10 - 1.282565450871581e-08 - -4.2776367364197254e-08 - 5.103704296540665e-09
