Number: 111
Error: 0.00021393275522593576
A1: [-0.059473286503263806, -0.06451177529457854, -0.03388296254505347, -0.040742659117569364] - [0.09629336573583311, 0.2208777755220795, -0.11518933447877198, -0.07822505760883042] - [-0.1444977847726138, 0.3759297277646444, -0.1054370223155255, -0.32734635207656193] - [-0.04457378833698187, -0.058854100666492146, -0.04897488623810573, -0.025427738930192616]
A2: [0.23827945605251477, -0.09283393628214427, 0.0836634313537714, 0.07206645852310736] - [0.054492787246937464, 0.2235326949515417, -0.10075799068489093, -0.10956491687077685] - [-0.01605649303140943, 0.6511473888384973, -0.16729375938531035, -0.19203554598084466] - [0.10286370559890537, 0.10269526663312775, 0.10691758283473492, 0.10934978960524902]
B1: 0.0028651702298664026 - 0.26047988039179554 - 0.005083407883818919 - -0.005845907848830531
B2: 0.002168981456061067 - 0.23840648561061978 - 0.0033808474866686396 - 0.0021898250546043933
