Number: 2173
Error: 0.00032609094135610387
A1: [0.09418875573663466, -0.0018467433985167661, 0.03369042619281294, 0.08285796406734192] - [0.044327210825797, 0.17299712775850146, -0.17046153798438618, -0.11812392098673412] - [-0.07011067937275466, 0.4468553950734166, -0.0647889281758921, -0.18247054097449575] - [-0.02514304007627506, 0.005299071745472624, -0.03200574075093602, -0.04050068054701971]
A2: [-0.03345820273977349, -0.3350324148599236, -0.05192550173486803, -0.06439416021119984] - [0.03625816397566722, 0.20377585781711802, -0.09444594932052497, -0.12571880509092653] - [-0.03562284068919193, 0.5991029871568962, -0.1499444851486771, -0.13911577256788318] - [-0.08841260344027196, 0.004847835397872841, -0.06020114653883487, 0.022863176057610533]
B1: -0.047158196678016025 - 0.014871191718565432 - 0.0037499016396752086 - 0.006080629255133408
B2: 0.022050184549874556 - -0.005045217473291906 - -0.01889150051537742 - 0.0025844182202734624
