Number: 7617
Error: 1.228654929925931e-15
A1: [0.08043172847055466, -0.1804677669695449, -0.019588813239731603, 0.11962501551913121] - [0.03741564306573735, 0.13359644919920652, -0.13472612325198896, -0.036285762060364685] - [-0.0017027787158130929, 0.22819015680288474, -0.12282834240723318, -0.10365886993824097] - [0.03886327581653308, -0.1144809772811652, -0.04641640003474939, 0.12203426931461502]
A2: [0.03530747880261967, -0.02927343995677261, -0.07569731596875666, 0.06966344515153391] - [0.1028937557690895, 0.2828967064068068, -0.3926063913202728, 0.0068160013426357665] - [-0.011186958767725168, 0.5390147327527047, -0.35945088182191426, -0.16837631575344023] - [0.09786290122731299, 0.017463418778105307, -0.16885091358883977, 0.053524985260466486]
B1: 2.1185649055010585e-09 - -1.1829649605928299e-08 - 2.030258170507895e-08 - 8.99478201047358e-09
B2: 2.122491370251994e-09 - 6.957454817581695e-09 - 1.0532540099704989e-08 - 2.760175928061133e-09
