Number: 7090
Error: 9.414216360424832e-16
A1: [0.08043169500579456, -0.18046780043050656, -0.019588846664466975, 0.1196249820581995] - [0.03741559654897212, 0.13359640271765136, -0.1347261696760682, -0.03628580855135944] - [-0.0017028030905519862, 0.22819013242866634, -0.12282836674628246, -0.10365889430647661] - [0.03886323997462432, -0.11448101302247812, -0.04641643585380809, 0.1220342334949906]
A2: [0.03530755653140813, -0.0292733620130058, -0.07569724206522213, 0.06966352650315706] - [0.10289367079217913, 0.28289662070868565, -0.39260647350884736, 0.006815912359406235] - [-0.01118712523424928, 0.5390145652932923, -0.35945103938623035, -0.16837649116489678] - [0.09786286353040047, 0.017463380909724383, -0.16885094947392357, 0.05352494569105172]
B1: 3.272146723966604e-08 - -1.1751081184772298e-08 - -1.2798618435172777e-08 - 1.324115805848504e-08
B2: 3.938628737173052e-09 - 4.268664758744469e-09 - 1.0680571130558004e-08 - 3.1260771787493636e-09
