Number: 4927
Error: 7.728204989466986e-16
A1: [0.06621316846567314, -0.11395209263013173, -0.023983963485837232, 0.07172285495571824] - [0.03740258133603896, 0.18819334001597338, -0.14740897705013456, -0.0781870404514812] - [-0.06022933383005355, 0.3289508361385186, -0.12775307299345928, -0.14096828571632322] - [0.039046190853051554, -0.05332265596373549, -0.03741855970910889, 0.05169515085243419]
A2: [-0.009108611154853724, -0.3468032229891501, 0.2494550546718102, 0.10645664280795365] - [0.0800398448513383, 0.036282277532648885, -0.05025009140148228, -0.06607193845958297] - [-0.04245282007410752, 0.2308318904080384, -0.040531246205135464, -0.14784783965421325] - [0.06813476612778621, -0.29346786614342396, 0.14177122695222152, 0.08356184626990655]
B1: -2.7260248321305673e-09 - -5.970587380603544e-09 - -9.507137059822328e-09 - -3.831733983417675e-09
B2: 7.131548493577835e-09 - 1.6258182341272176e-08 - -2.182637075623954e-08 - -2.5995129081644368e-08
