Number: 3041
Error: 1.605100604994669e-07
A1: [0.0643821978188826, -0.046928657631462145, -0.022505613642514768, 0.008790649685459968] - [0.04493837205918356, 0.19250317138783304, -0.1412477987884153, -0.09110616958286719] - [-0.12203379187987645, 0.41627696287789967, -0.10343266921309356, -0.1856466482623035] - [0.03772059101872361, 0.01988434529647055, -0.0324223521861185, -0.02234831376639176]
A2: [0.06328833974114542, -0.17384035400777822, 0.08617660426975499, 0.023803809780425546] - [0.028924362679049232, 0.19993870130535843, -0.10207426596166022, -0.12823167224524934] - [-0.09318966361174576, 0.5138949981206183, -0.2253857156528457, -0.19488135556884673] - [-0.02623971708095229, 0.018202267266571124, -0.05060994550536415, 0.056675279394574674]
B1: -7.41990774610114e-05 - -0.0005310873940535702 - -0.00035404808480648034 - -0.0006625783215839062
B2: 1.5429143476542242e-06 - -7.743848099455293e-05 - -3.2134596156889765e-05 - -4.525735546274235e-05
