Number: 2046
Error: 0.00024677239254043795
A1: [-0.007260404838476026, -0.020523272967684282, -0.0017175796341991935, 0.021029708418689914] - [0.043905740474375, 0.16935063629881042, -0.1705505115591314, -0.1366350218671232] - [-0.032593698050703446, 0.5160599554792618, 0.006599616370562694, -0.18241108946345175] - [-0.08208805805939628, -0.03882440759618234, -0.0879274070984154, -0.022748175281568136]
A2: [0.1335106601653727, -0.2196676814874721, 0.019132115975996115, 0.07748673866564303] - [-0.024949354917599417, 0.14537051591050393, -0.17281764368211047, -0.17836144586608021] - [-0.10564565276218343, 0.5420978605715265, -0.2457275438964644, -0.23819279738595023] - [0.09256482840862246, 0.09826149396302745, 0.1151561761402634, 0.15102173377372013]
B1: 0.009927270746155466 - 0.011649181892863408 - -0.022967493912251846 - 0.012812160540873556
B2: -0.0184434455111447 - -0.00445174812647274 - 0.03848634880043508 - -0.01245749610376651
