Number: 4002
Error: 7.323891449332596e-16
A1: [0.06621317343087772, -0.11395208777589386, -0.02398395852452802, 0.07172285991259725] - [0.03740258785604561, 0.1881933462453905, -0.14740897064047995, -0.0781870340412354] - [-0.06022939453961624, 0.3289507778302963, -0.12775313240027691, -0.14096834480383133] - [0.039046225382672786, -0.05332262318967606, -0.03741852630299342, 0.051695183987327795]
A2: [-0.009108672583681504, -0.346803288155666, 0.24945499274604285, 0.1064565784030944] - [0.08003979386039071, 0.036282222600749085, -0.050250147131787326, -0.06607199466307238] - [-0.042452905535317116, 0.23083179608763765, -0.04053133778896373, -0.147847934171185] - [0.0681347321139582, -0.2934679035941907, 0.1417711900780913, 0.08356180813405727]
B1: 2.858073395057688e-08 - -6.330115604702564e-09 - 1.3881659085453976e-08 - 1.3344412059314767e-08
B2: 1.8991583172994603e-08 - -4.13923984429606e-09 - 2.4604326881887947e-08 - 4.679034770321702e-08
