Number: 3789
Error: 8.846974525614387e-16
A1: [0.06621326128508319, -0.11395200188495291, -0.023983870739279406, 0.07172294761935269] - [0.03740263065166411, 0.18819338713368908, -0.14740892856911395, -0.07818699196614928] - [-0.06022930515462617, 0.32895086367964055, -0.12775304493343503, -0.14096825780743313] - [0.03904612772034077, -0.0533227158870442, -0.03741862078801696, 0.05169509026952292]
A2: [-0.009108683500434558, -0.34680329973666263, 0.24945498174095906, 0.10645656695744093] - [0.08003981780098925, 0.036282248391638655, -0.05025012096607111, -0.0660719682751688] - [-0.04245280876036207, 0.2308319028945557, -0.04053123408106067, -0.14784782714165834] - [0.06813475701195641, -0.2934678761803763, 0.14177121706996842, 0.08356183604935458]
B1: 6.736979533687589e-09 - 3.3692214735680464e-08 - -1.2409366944084037e-08 - 2.5860675917011777e-08
B2: -1.9680680331526664e-08 - 1.541643010914347e-08 - -1.2898457494051667e-08 - 4.2400158410944784e-08
