Number: 4235
Error: 1.3285773256566006e-15
A1: [0.06621319804171115, -0.11395206371503208, -0.023983933933010897, 0.07172288448212776] - [0.03740261342387093, 0.18819337067370842, -0.14740894550534367, -0.07818700890388301] - [-0.06022942790651168, 0.3289507457832414, -0.12775316505115417, -0.14096837727907777] - [0.03904626931956043, -0.05332258148639656, -0.03741848379549348, 0.0516952261496763]
A2: [-0.009108481416619149, -0.3468030853572459, 0.24945518545984002, 0.10645677883136162] - [0.08003985024016888, 0.036282283337929426, -0.05025008551189015, -0.0660719325199423] - [-0.04245286052203064, 0.2308318457671347, -0.0405312895509209, -0.14784788438813945] - [0.0681349099105356, -0.29346770783237836, 0.14177138282674653, 0.08356200747690179]
B1: -2.920023618135907e-08 - 2.4292374844530683e-08 - -2.617881922135703e-08 - 3.968835630766019e-08
B2: -2.596694293744158e-08 - -3.165608696280026e-08 - 9.531940181395144e-09 - 4.658215082481078e-08
