Number: 3313
Error: 2.3276025122272316e-06
A1: [0.059570590873175955, -0.12056175581213109, -0.030859889253030372, 0.06492813080673591] - [0.03167334928477156, 0.18261052131850913, -0.15305100318376036, -0.08380599659515318] - [-0.05103217887481114, 0.3379456150490414, -0.11845004040860964, -0.13181313777744696] - [0.03194439174833388, -0.05998696616786062, -0.04445648272417377, 0.044760928110231135]
A2: [-0.014233702973524704, -0.3522570263544493, 0.2445795540426386, 0.10119951288110444] - [0.09168586745416041, 0.048903858397957384, -0.037580984895862334, -0.05326573421110375] - [-0.06160181610766481, 0.20924749052779082, -0.061335278104486225, -0.16925981957636377] - [0.05423145437206541, -0.30911915584216576, 0.1265264205452586, 0.06781729058578158]
B1: 0.0014471481255435904 - 0.004253813193507524 - 0.0007982200220790106 - 0.0007468971807571903
B2: -0.0018227204388324542 - 0.00652737449686224 - 0.001549138231184477 - 0.001993233174070142
