Number: 3079
Error: 9.196829686641932e-07
A1: [0.06212437996387851, -0.049173068246610094, -0.024741422180259168, 0.006548368329592162] - [0.04305681485943974, 0.1906933777463629, -0.14318032257277402, -0.0931709646644966] - [-0.12437213044002261, 0.4139541490083454, -0.1057798700363263, -0.1879832003369319] - [0.03536794161273183, 0.017529318809499504, -0.03477415397044412, -0.024694420887952977]
A2: [0.06067481072047939, -0.17642757163660677, 0.08356585502206379, 0.0212206021271735] - [0.029478852083604443, 0.20048753194824595, -0.1015235531903631, -0.1276886522150372] - [-0.09573492362494011, 0.5114037298993815, -0.2279324572878468, -0.19734672742585047] - [-0.028388628735424963, 0.01607044721838514, -0.05275797595365812, 0.05458502008991861]
B1: 0.001939897502972186 - 0.00020254071727527137 - 0.000797958639420201 - 0.0012158691284498858
B2: 0.0008221726632358904 - -7.403736515434182e-05 - 0.0009631110809097881 - 0.0007522244629809363
