Number: 24
Error: 0.0028959379595431497
A1: [-0.0007650499579687437, 0.0024757806343447524, 0.0252990307908462, 0.007300730695769011] - [0.13757963028749537, 0.2731425985229622, -0.08413723070154236, -0.07528243119216578] - [-0.13562622545216751, 0.3801932650661179, -0.0967605941062083, -0.30494142706105243] - [0.1397859397374486, 0.13024970318683662, 0.1437901745195863, 0.16521742849781804]
A2: [0.46459505316505406, 0.1316357213809549, 0.3007741171269072, 0.29530362000474275] - [0.1696887541381164, 0.33657633252199115, 0.008803008180877168, 0.0003429650811894048] - [0.27161214671823336, 0.9393355731281429, 0.11000099769634042, 0.09487390875260994] - [0.6083190393560397, 0.6091910532681396, 0.6054611151038228, 0.5999104996580639]
B1: 0.0412791928782206 - 0.4408160775126757 - -0.06845442825058495 - -0.07355870132269887
B2: 0.0649914135374251 - 0.5491238175534159 - -0.04360060961751977 - -0.04210439873531334
