Number: 4762
Error: 9.831426836958999e-16
A1: [0.06621319861382216, -0.11395206315571227, -0.02398393336137117, 0.07172288505324059] - [0.03740263555750681, 0.18819339182091036, -0.14740892374627781, -0.07818698714291139] - [-0.06022934839095171, 0.3289508221535454, -0.12775308724194173, -0.14096829988816315] - [0.03904620168648326, -0.05332264568107679, -0.037418549228183814, 0.05169516124825724]
A2: [-0.00910858566067677, -0.34680319594388614, 0.2494550803722192, 0.10645666953709185] - [0.08003988214648866, 0.03628231771017535, -0.05025005064006272, -0.0660718973520439] - [-0.04245275477302636, 0.23083196247821083, -0.04053117622603697, -0.14784776743379816] - [0.06813484587997357, -0.29346777833297993, 0.1417713134111197, 0.08356193568663596]
B1: 9.598340119589205e-09 - 1.795511430635005e-08 - -1.6406833388105254e-08 - -1.1868913251337036e-08
B2: 1.2134530745722569e-08 - 1.704121943313626e-08 - -7.099952512522176e-09 - -1.127185634092469e-08
