Number: 386
Error: 1.0123037375350221e-10
A1: [-0.012066385087452535, -0.014427800015649897, 0.018183457089701156, 0.008676077920240603] - [0.06582710896561361, 0.18948744366338632, -0.14533097264100647, -0.1100176088377205] - [-0.09627578419128226, 0.42180280185259605, -0.05343856925589225, -0.27201559028421146] - [-0.0013093775709071638, -0.01820758523134014, -0.003822203767458201, 0.023390755570570684]
A2: [0.1616032529222936, -0.1677385569669136, 0.00851753040497071, -0.002316955555739038] - [0.03548351039329989, 0.20751454351436832, -0.11721262882369407, -0.1257941953439206] - [-0.08618993638303238, 0.5815612420793836, -0.23536575922263772, -0.25991255145315906] - [-0.0038111265671856485, -0.0044958473170733666, 0.0011338523131015942, 0.007266200430126675]
B1: -1.7251768484298301e-06 - -9.38113396964326e-06 - -1.227256938244815e-06 - -5.140064995252587e-06
B2: 1.0054823682846991e-06 - -1.7283112019546607e-05 - 2.1463163561371493e-05 - 8.282634169569439e-06
