Number: 1361
Error: 2.1811237256195624e-09
A1: [-0.007312304274028122, -0.015119701385429377, 0.0028674977680293004, 0.01932661766368501] - [0.06687532644779974, 0.18993116815552732, -0.14668495101095472, -0.10980827094325545] - [-0.11255666065127164, 0.44181348999448855, -0.07075952949677465, -0.2580687475370727] - [-0.023437769390731975, 0.015276916384307502, -0.030004512389724906, 0.03883937092132737]
A2: [0.13159360735118783, -0.2246211905309174, 0.02267401014891875, 0.07016783260147434] - [0.03270454434813345, 0.20380657758740653, -0.11483028317783138, -0.12140045909296589] - [-0.09457383179478283, 0.5555881814530593, -0.23515413560225965, -0.22558707401103767] - [-0.02095416109162417, -0.01940090085697826, 0.007992290018516654, 0.03205982978425694]
B1: 2.6260236021745682e-05 - -0.00022791713385487164 - 4.7219225326470417e-05 - 1.364023528606046e-05
B2: -0.00012764187935768599 - -4.418541328064247e-05 - -5.347562928450269e-05 - -3.0348047410966715e-05
