Number: 168
Error: 2.0931615574231332e-05
A1: [-0.0323345943536403, -0.03540947542116142, -0.0044531266571392145, -0.013275483300724603] - [0.07162354318139995, 0.19505897233022998, -0.13938241996295186, -0.1035789119882255] - [-0.09111880964641644, 0.4269381038693865, -0.0477512466357639, -0.2659606912906248] - [-0.00022096107573196105, -0.01718604831036527, -0.0022573275526504314, 0.024775794924820342]
A2: [0.18322856648283423, -0.14666508880425222, 0.02983348020575768, 0.018433193668856034] - [0.04842315116055038, 0.22022045555545242, -0.10437621586640508, -0.11322816668608021] - [-0.08456425572815546, 0.5830806597304922, -0.23383320147779604, -0.25868599546964166] - [0.0009496303031136288, 0.0002131326700219909, 0.0058330143224867405, 0.011657762537070309]
B1: -0.0018907823428438387 - 0.0021753473700791073 - 0.007660593765077204 - 0.00468406707398555
B2: 0.017114096202939393 - -0.007874738184116874 - 0.004130785100836786 - 0.003722797935886672
