Number: 7447
Error: 9.093888819461157e-16
A1: [0.08043171899836292, -0.1804677764406621, -0.019588822700595514, 0.11962500604802369] - [0.03741562826189783, 0.1335964344065724, -0.13472613802633193, -0.03628577685600288] - [-0.001702785872784356, 0.22819014964606832, -0.12282834955372231, -0.10365887709329884] - [0.038863267927428356, -0.11448098514812878, -0.04641640791882608, 0.12203426143041526]
A2: [0.03530737036053019, -0.029273548698793155, -0.075697419074192, 0.06966333165520759] - [0.10289375401999831, 0.28289670464287053, -0.3926063930119728, 0.006815999511085236] - [-0.011187026134089754, 0.5390146649845381, -0.359450945585719, -0.16837638673964758] - [0.09786282939832407, 0.017463346622396406, -0.16885098196545026, 0.053524909863481455]
B1: -2.6313610577254e-08 - 9.452988282648193e-09 - 2.4948484965286828e-08 - 6.939187019200113e-09
B2: 9.741362200026145e-09 - 9.77456666706608e-09 - 2.0510966700916164e-08 - 1.0589505862808918e-08
