Number: 2646
Error: 4.307507255387417e-08
A1: [0.06308445223925441, -0.048220586232701985, -0.023789740330855447, 0.007509822607728764] - [0.043581929587742735, 0.1911928374149289, -0.14264696330998694, -0.0926002049636333] - [-0.12384782613580442, 0.4144638630740436, -0.1052562061273125, -0.1874668775894171] - [0.037078871518558806, 0.01924491676925797, -0.03305469859508794, -0.02297373969018017]
A2: [0.06340253827569084, -0.17372604954193005, 0.08628997630747176, 0.023921906493270906] - [0.02896017299485179, 0.19997378994005055, -0.10203903474982189, -0.12819592713014158] - [-0.09285533170869209, 0.5142269353979082, -0.22505222329273789, -0.19456008010982667] - [-0.025049630460712864, 0.01939571668248971, -0.04941378137592605, 0.05783229009360226]
B1: -0.00020799821232896537 - -0.0002851429054699187 - -0.00029227293916435094 - -0.000205152828567938
B2: 0.00010936069113864918 - -0.0003424314356477491 - 6.957857278841435e-05 - -0.00012845057920777224
