Number: 2748
Error: 9.766891715634959e-09
A1: [0.0642710454497673, -0.04703910440612739, -0.02261499323086456, 0.00868562647322684] - [0.043861424611736546, 0.19146339697784628, -0.14235892126792257, -0.09229267793005794] - [-0.12280090525202743, 0.4155042520367727, -0.10421031513294977, -0.1864262870968104] - [0.036627393710617254, 0.018790975284549868, -0.03350745438871191, -0.023425151713797505]
A2: [0.0634614292915699, -0.1736653163389263, 0.08634640396219373, 0.023979274204284966] - [0.029376465037697856, 0.20038391198441421, -0.10162399310941295, -0.12778834512339274] - [-0.0933228933029977, 0.5137676718161087, -0.2255189218570417, -0.1950137315834957] - [-0.02598642628190397, 0.018462312333696614, -0.05034820749137964, 0.05691957322082477]
B1: 4.528356971413228e-05 - -6.353950235487738e-05 - -2.799700003836563e-05 - 1.0791348431985472e-05
B2: 0.0003375016223302567 - 8.390333099176235e-05 - -0.00027153146990951455 - -4.707537524252578e-05
