Number: 476
Error: 1.7742242384777114e-12
A1: [-0.012154109265406353, -0.014517904890703013, 0.018086492669302956, 0.008582332855789418] - [0.06583618776653752, 0.1894961770117183, -0.1453215856196123, -0.11000750041660158] - [-0.09629461220181586, 0.4217846033610271, -0.05345900229250007, -0.2720375262144396] - [-0.001324935161613351, -0.01822254819943061, -0.0038387670112546026, 0.023372773463318158]
A2: [0.16158430853700637, -0.16775714013537935, 0.00849897030353977, -0.00233542105088987] - [0.035487917043412386, 0.207518880047804, -0.11720823988691945, -0.1257898837201148] - [-0.08621174517905196, 0.5815398844003608, -0.23538697564216873, -0.2599338133783769] - [-0.003833135925446686, -0.004517488874244083, 0.001112069507863255, 0.007245144906418253]
B1: -1.8400124484191547e-06 - 1.3442974105681614e-07 - 1.9948993119589915e-06 - 5.889676245879563e-07
B2: 7.531832001545897e-07 - -2.43615824051154e-06 - -5.480584275006186e-07 - -1.298995276351057e-06
