Number: 5912
Error: 3.226260071342405e-09
A1: [0.08050290364514692, -0.1803966698627912, -0.019517722474903652, 0.11969618400261578] - [0.03733332859542872, 0.1335141303885265, -0.1348082828115582, -0.03636802863653658] - [-0.0014901300244953754, 0.22840283027881395, -0.12261593150215468, -0.10344624265694484] - [0.0393261600429576, -0.11401933727864577, -0.04595370455518694, 0.12249691466175551]
A2: [0.03532040655796372, -0.029260433741050064, -0.07568504532418024, 0.0696769277458595] - [0.10253087295256604, 0.28253074399256756, -0.3929574370685466, 0.006435888320734816] - [-0.011686916252258364, 0.5385118646140501, -0.35992411317342116, -0.16890324916754168] - [0.0976401667729912, 0.017239726057444598, -0.1690629596301818, 0.05329110979310675]
B1: -4.459261311646162e-05 - 8.512349455819079e-05 - -7.37138291751398e-05 - -5.392025402093323e-05
B2: -0.00020974148569642914 - -9.969458390798769e-05 - 0.00021596122189401488 - 2.3458147724022642e-05
