Number: 5282
Error: 1.1116769282679645e-15
A1: [0.06621304820427389, -0.11395221020413095, -0.023984083652877106, 0.07172273489611765] - [0.03740257627981516, 0.18819333518515502, -0.14740898202073685, -0.07818704542253435] - [-0.060229415034439605, 0.32895075814578434, -0.1277531524554624, -0.14096836475086566] - [0.039046041611788845, -0.05332279761800204, -0.03741870409513438, 0.05169500763872746]
A2: [-0.009108584192519191, -0.34680319438627427, 0.24945508185204968, 0.1064566710765664] - [0.08003987118678783, 0.036282305903430505, -0.05025006261831441, -0.06607190943208661] - [-0.04245291915585254, 0.23083178105564467, -0.040531352384860775, -0.14784794923443184] - [0.06813469758296319, -0.29346794161400974, 0.14177115264307755, 0.08356176941889266]
B1: 1.3439329046219644e-07 - -8.885953180789225e-08 - -1.5195547610433703e-08 - -3.616719386784591e-08
B2: -2.2858885174789278e-08 - 3.584760071968231e-08 - -1.4739580285723083e-08 - -1.6980543575866733e-08
