Number: 1209
Error: 5.0808002362162365e-08
A1: [-0.008139628055681192, -0.01595040198792671, 0.002003938478802067, 0.018472918178192688] - [0.06704860649509534, 0.19009854936510473, -0.14650602182933792, -0.10961525293459876] - [-0.11318798762153848, 0.4411989334368257, -0.07141382628838933, -0.25875617317486144] - [-0.02351162960305141, 0.015208906366474558, -0.03007369723627472, 0.038756165609587875]
A2: [0.13279672977956167, -0.22343598938055093, 0.023857104913440258, 0.07134476769347332] - [0.03294576593941217, 0.20404434820014475, -0.11459022275552865, -0.12116528773789088] - [-0.0946370630070585, 0.5555224153862772, -0.23522065318681, -0.22565228913811763] - [-0.019652480248572197, -0.018121011496457298, 0.009284109846906658, 0.033313777455220024]
B1: 0.00011186678505940747 - -5.7227909989101365e-05 - -0.00025175251259813955 - 0.0001844553758897317
B2: 4.7108608154592844e-05 - 0.0002816888445332274 - 0.00019835100185879457 - 0.00020984356779449754
