Number: 887
Error: 1.0109542178286409e-09
A1: [-0.01220458525711438, -0.014569795927425298, 0.01803068427370668, 0.008528366109218751] - [0.0657878821355899, 0.18944971123909105, -0.1453715286160602, -0.11006128161547078] - [-0.09626672354129251, 0.42181154401361604, -0.053428745572285614, -0.27200503774526813] - [-0.0011797866808003843, -0.01808293926683424, -0.0036842581765176696, 0.023540568991724464]
A2: [0.16151596304114976, -0.16782412725583934, 0.00843204652827786, -0.002401951499302607] - [0.035492358265438305, 0.20752325693501786, -0.11720381429762015, -0.12578553536189344] - [-0.08627404967390565, 0.5814789190727916, -0.23544756647910614, -0.2599944953408925] - [-0.0038135030095497904, -0.0044981503989845436, 0.00113151747309946, 0.007263955265035076]
B1: -3.576624497641966e-05 - -1.795184624601607e-05 - -3.398837403709767e-05 - -1.2501096149833063e-05
B2: 4.786705747023548e-05 - -6.632805753825857e-05 - 3.8238628259462055e-05 - -7.444527899106365e-06
