Number: 5112
Error: 1.1560552500194882e-15
A1: [0.06621314450343933, -0.11395211605692343, -0.023983987429299334, 0.07172283103366904] - [0.03740261470033978, 0.1881933718933316, -0.14740894425044082, -0.07818700764889107] - [-0.06022920906878055, 0.32895095596489854, -0.1277529509094099, -0.140968164288871] - [0.039046018339341335, -0.05332281970739072, -0.037418726610457635, 0.05169498530625411]
A2: [-0.009108770220737816, -0.34680339173269525, 0.24945489431892748, 0.10645647603647418] - [0.08003980278479388, 0.0362822322149716, -0.05025013737776889, -0.06607198482626077] - [-0.04245281828483114, 0.23083189238277144, -0.040531244287748944, -0.1478478376753297] - [0.06813478864992535, -0.2934678413456507, 0.14177125136826027, 0.08356187152131357]
B1: -5.3636933256772315e-08 - -2.2611017193667736e-09 - 3.7366120298479836e-08 - 3.6762273128247756e-08
B2: 3.4706100205318382e-09 - 8.189341082567492e-10 - -1.0411588218316977e-08 - 3.7714940911370617e-08
