Number: 4140
Error: 1.1602572403620226e-15
A1: [0.06621317742991192, -0.11395208386622242, -0.02398395452863145, 0.07172286390492227] - [0.037402609555285314, 0.18819336697753936, -0.14740894930845871, -0.07818701270733551] - [-0.0602294010374301, 0.32895077158950986, -0.12775313875866015, -0.14096835112800032] - [0.039046073282751906, -0.05332276755715337, -0.037418673454568986, 0.05169503803060012]
A2: [-0.009108544773053806, -0.34680315256851896, 0.24945512159078836, 0.10645671240560034] - [0.08003983659329876, 0.036282268636341014, -0.05025010042714185, -0.06607194756184197] - [-0.042452889459092195, 0.23083181383038964, -0.04053132056103533, -0.1478479163914566] - [0.06813483919576294, -0.2934677856924118, 0.14177130616512734, 0.0835619281925994]
B1: 3.027236206983991e-08 - -1.0260979446009875e-08 - -3.61941142869936e-08 - 1.6956099839636336e-08
B2: 2.047034337120431e-08 - 2.236157081547105e-08 - -2.1343525112816282e-08 - -2.1821156364994885e-08
