Number: 3125
Error: 1.236934646862889e-06
A1: [0.06457277414325514, -0.04692403261730632, -0.0225370667302148, 0.00883493665284674] - [0.04509683368854352, 0.19254241383324053, -0.14118909236741753, -0.09107023605041087] - [-0.12157902127667376, 0.41650787660870875, -0.10321489638126095, -0.18537728949033594] - [0.041737483540778914, 0.023636362806370628, -0.02878484066504117, -0.01840799639234769]
A2: [0.059141173653570966, -0.17785044430956812, 0.08196783542728461, 0.019574157716431922] - [0.02396461156587067, 0.1950604111591109, -0.10698277602562208, -0.13306998563863454] - [-0.10040125921164524, 0.506824175307113, -0.23263550285843176, -0.2018217133459173] - [-0.023836026851963208, 0.020611783536521874, -0.04821485128121007, 0.05892727484982635]
B1: 0.004186073313253434 - -0.003928224729909669 - -0.0013377977482711373 - -0.006678338059650151
B2: -0.0006717045937005905 - -0.0040835152095021875 - -0.00036159053153800004 - 0.0003830677696723987
