Number: 1931
Error: 6.638867964853832e-07
A1: [-0.003942518599156723, -0.011614755429934414, 0.006374876903407868, 0.0227552820877442] - [0.07708598952906223, 0.1997510282691289, -0.13612146181526646, -0.09850442162173788] - [-0.1107214491693404, 0.4434756569582927, -0.0690602150711585, -0.25619351556315445] - [-0.021587003443229225, 0.017012092172292822, -0.02834466023750417, 0.04072060972384009]
A2: [0.13409020794913798, -0.2222797721216296, 0.024916435318112447, 0.07243605356188539] - [0.03042713835567218, 0.20159989864740932, -0.11708432532152234, -0.12360903368723149] - [-0.09258372347459351, 0.5574754984246965, -0.233240443734519, -0.2236081242636052] - [-0.01972114750778587, -0.018339632763421675, 0.009078735539699423, 0.033123359169184005]
B1: -0.0014394246879344686 - 0.0018238075533991748 - -0.0016516596198293976 - -0.0008156161829597051
B2: 0.0003160104780812892 - 7.969110285059155e-05 - -0.0007745873442069071 - -0.0011141184443152227
