Number: 592
Error: 1.489071227066574e-14
A1: [-0.012153466546737376, -0.014517244781682937, 0.0180872030321838, 0.008583019645176455] - [0.06583531672009181, 0.1894953391041891, -0.14532248620412516, -0.11000847023603187] - [-0.09629316426378699, 0.4217860027081407, -0.05345743116180515, -0.2720358393441231] - [-0.0013213187484610435, -0.018219070316263877, -0.003834917526680764, 0.02337695337193423]
A2: [0.1615868543754204, -0.16775464221295297, 0.008501464768635019, -0.002332939282038413] - [0.035485802310253556, 0.20751679929177333, -0.11721034576202477, -0.12579195247970684] - [-0.0862135925675458, 0.5815380748753988, -0.23538877322453072, -0.2599356148674598] - [-0.003834856804309882, -0.004519181146375277, 0.001110366247339019, 0.007243498481163067]
B1: -4.37514147284428e-09 - 5.3805853731635423e-08 - 7.236245914235255e-08 - -8.587858022053357e-08
B2: 5.858719507861639e-07 - 1.384841890207827e-07 - -8.04903290573232e-07 - 4.255684635078491e-07
