Number: 6530
Error: 8.520014813607726e-16
A1: [0.0804316860479849, -0.18046780938730247, -0.01958885561156833, 0.1196249731014122] - [0.03741557250008573, 0.13359637868696478, -0.13472619367703922, -0.03628583258692458] - [-0.0017027953962940525, 0.22819014012276462, -0.12282835906328879, -0.10365888661427146] - [0.03886320440711445, -0.11448104849017461, -0.04641647139865439, 0.1220341979495864]
A2: [0.03530744487466837, -0.029273473978572377, -0.07569734822705373, 0.06966340964229471] - [0.10289373255854097, 0.2828966829992576, -0.3926064137692213, 0.00681597703779255] - [-0.011187095856676555, 0.5390145948461016, -0.3594510115797233, -0.16837646020870586] - [0.09786280115085548, 0.01746331824643852, -0.16885100885522442, 0.0535248802128496]
B1: -3.1439779461803284e-09 - 1.7473719264065358e-09 - -2.928532323870706e-09 - 3.5017133979240394e-10
B2: 2.4502807697599333e-10 - -1.1954211809775947e-08 - 2.216335983522594e-08 - -1.8379566809346682e-08
