Number: 8747
Error: 2.9166450224670246e-10
A1: [0.0804405020481671, -0.18045899436727567, -0.01958005026975191, 0.11963378805935931] - [0.037425428340521365, 0.13360622706159048, -0.13471635758533085, -0.03627598224140676] - [-0.0016934543951766044, 0.22819948087662745, -0.12281903188830208, -0.10364954815002127] - [0.038875060845529, -0.11446922533611177, -0.04640462267099784, 0.12204604697275741]
A2: [0.035309820845676534, -0.029271091373178963, -0.07569508919308149, 0.06966589635043711] - [0.10290024515769508, 0.28290325098014374, -0.3926001148428346, 0.0068227966821443374] - [-0.01116728609486309, 0.5390345228438892, -0.3594322611798768, -0.1683555860238627] - [0.0978690696635816, 0.017469615337285478, -0.16884504163793715, 0.053531460100015]
B1: 2.9991398079759377e-06 - -3.4071997503978017e-06 - -4.888234851347539e-06 - 7.639388198441944e-07
B2: 1.3875645322107859e-05 - 2.0266387397377187e-05 - 1.2448945122730312e-05 - 1.4010798284502083e-05
