Number: 1759
Error: 3.8147178326859203e-07
A1: [-0.00909574701331706, -0.01693599689891402, 0.0010355295932705636, 0.017471025465063964] - [0.06657168906143869, 0.1896428696684639, -0.14700523434279608, -0.11014383922055661] - [-0.11572573469067601, 0.4386891475850113, -0.07410577879742229, -0.261490496217016] - [-0.026736923139535376, 0.012028955521145617, -0.03341721054089023, 0.03536310974589406]
A2: [0.13434030777492942, -0.22190138779230714, 0.025381180115228205, 0.07285887362915092] - [0.03232568557341698, 0.20343628639067105, -0.115207335787599, -0.12176729370407864] - [-0.09179184783707625, 0.558373619410023, -0.23236436450996295, -0.2227911519050461] - [-0.01844719325628187, -0.016930136763487962, 0.010462792589723685, 0.034453999041294175]
B1: 0.0009232608260844961 - -0.0006126737557029418 - 0.0006643036268904125 - 0.0007595958047726961
B2: 0.00023647807941164903 - 0.0005345360219178462 - -8.293501786362125e-05 - -0.00019057380900878147
