Number: 9994
Error: 1.1252955033175567e-15
A1: [0.05317246264224376, -0.1480013585059208, -0.026999134722221003, 0.1218277344419215] - [0.005313652105994877, 0.1308366264866643, -0.11360081147293093, -0.022549831182553305] - [-0.014444510671593651, 0.2230915867220925, -0.1270412136647922, -0.08160596710607466] - [0.027146398247877773, -0.10002009988614449, -0.04942457037804148, 0.12229805839861131]
A2: [0.0892545660925723, -0.07291326575989841, -0.12362731836971717, 0.10728648915399906] - [0.10884182365070497, 0.24981427597974598, -0.40484519656025875, 0.046189576535764644] - [0.0366359575642894, 0.46255514491902094, -0.3777174250531795, -0.1214732416109734] - [0.14342650163229054, -0.04460655514474707, -0.20149946866051852, 0.10267993194130735]
B1: -3.6896108730132572e-09 - -7.001162265247378e-11 - -6.864762549203179e-09 - -9.201896356008709e-09
B2: -1.912961105937831e-09 - -9.226714491277735e-09 - 1.1663743528848437e-08 - 5.684232944515602e-09
