Number: 1083
Error: 4.987501552913784e-06
A1: [-0.0039009370948141107, -0.01168537680281409, 0.006401054536497512, 0.022604948710872024] - [0.06872578830487636, 0.1915683069102086, -0.14497540798560923, -0.10771094057911085] - [-0.10022403948655968, 0.45383189200466245, -0.0591135219678183, -0.2454565082902184] - [-0.015554157167740163, 0.02342742382953137, -0.02061020157821289, 0.047807707443907374]
A2: [0.14424100693644964, -0.2121020810813145, 0.03511479870048479, 0.08286184497151926] - [0.02944761425145106, 0.20073291123212486, -0.11787121814015704, -0.12479848500585951] - [-0.08015707890081833, 0.5699942159103369, -0.21970131598547257, -0.2124990313171052] - [-0.028353923249593033, -0.027030785775850597, 0.001132226346465817, 0.0245897483753673]
B1: 0.011752121248389025 - -0.0027724803391298036 - 0.0014158093262108286 - 0.012752809862277366
B2: 0.00015733899739501503 - 0.014146453658929935 - -0.0020967499543758155 - 0.004008434246524466
