Number: 8251
Error: 9.486706354688228e-16
A1: [0.08043171356889821, -0.18046778186953438, -0.019588828123618358, 0.11962500061914684] - [0.03741555051363462, 0.13359635671720257, -0.13472621561953121, -0.03628585456110945] - [-0.0017028490960690312, 0.2281900864241225, -0.12282841268444579, -0.10365894029971953] - [0.038863264072941106, -0.11448098899180251, -0.04641641177087039, 0.12203425757831604]
A2: [0.03530738228959088, -0.029273536736686954, -0.07569740773223596, 0.0696633441403212] - [0.10289375231565734, 0.2828967029240663, -0.3926063946603689, 0.006815997726366738] - [-0.011187160909259577, 0.5390145294054605, -0.35945107315351676, -0.16837652875677658] - [0.09786274649204094, 0.01746326333897711, -0.1688510608869743, 0.05352482283898543]
B1: 3.3546797314686055e-09 - 1.747027019434294e-09 - -8.48258468043091e-09 - -2.5786851283568767e-08
B2: 1.7557059200887408e-08 - -3.2975325192984245e-08 - -1.930986034864288e-08 - 1.5382044713758394e-08
