Number: 3229
Error: 0.00836509200133433
A1: [0.22045179394386435, 0.07162964245553337, 0.12538495069327393, 0.2261565074095865] - [-0.32523079645584585, -0.17532003170777025, -0.5079753807073203, -0.4313864498614369] - [-0.2868120693044577, 0.18953577763010068, -0.30605661486518315, -0.31171343331418555] - [-0.2764887492599861, -0.31462526009446584, -0.32821528109263765, -0.2290305342257639]
A2: [0.40588949621226184, -0.11695802600001029, 0.543660022487867, 0.3301680510872138] - [-0.06750357908682685, -0.04295891913898385, -0.11034553951153556, -0.1930035104572787] - [0.14055426451382996, 0.4163835593753827, 0.07619906401640414, -0.059283287145602444] - [0.2067689458524761, -0.11916645259826053, 0.22250229417045836, 0.14416756110590423]
B1: -0.16319756719550388 - -0.4053898873164167 - -0.22237882197523087 - -0.21546351697761343
B2: -0.18164805022753702 - -0.3930649094747821 - -0.08294736991436445 - -0.14332916296308645
