Number: 5042
Error: 1.2026145768922071e-15
A1: [0.0662132299060014, -0.11395203256276897, -0.023983902093721227, 0.0717229162929388] - [0.03740260290659505, 0.1881933606251853, -0.1474089558446161, -0.07818701924408929] - [-0.06022943529275222, 0.3289507386890556, -0.12775317227894467, -0.14096838446780585] - [0.039046180426692806, -0.05332266586002566, -0.03741856979624452, 0.05169514084720294]
A2: [-0.009108456500912758, -0.3468030589258155, 0.24945521057702322, 0.10645680495393471] - [0.08003983388793372, 0.03628226572193149, -0.050250103383847784, -0.06607195054369525] - [-0.04245278548319792, 0.2308319285846023, -0.04053120913623709, -0.1478478013980774] - [0.06813480993452929, -0.29346781791042403, 0.1417712744428332, 0.08356189538520087]
B1: 1.99693761258093e-08 - -1.2378806100420356e-08 - -8.97649073472886e-09 - -5.1067698417443935e-09
B2: 3.527424861057848e-08 - 1.7497267898545243e-08 - -1.0675174342888526e-07 - 6.865541210228401e-08
