Number: 8150
Error: 8.764711751464759e-16
A1: [0.08043165944520207, -0.18046783598710014, -0.019588882182587492, 0.11962494650164301] - [0.037415651762813695, 0.13359645788974217, -0.1347261145721166, -0.03628575336803827] - [-0.0017028127239517021, 0.22819012279546666, -0.1228283763655804, -0.10365890393730358] - [0.03886323169686635, -0.1144810212770197, -0.04641644412630657, 0.1220342252223693]
A2: [0.0353074830662612, -0.029273435681303406, -0.07569731191487453, 0.06966344961384584] - [0.10289376138595258, 0.28289671207133654, -0.39260638588769353, 0.006816007224281075] - [-0.011187199245085804, 0.539014490840987, -0.3594511094392633, -0.16837656915251975] - [0.09786266593095473, 0.017463182411459225, -0.16885113757603037, 0.05352473827620134]
B1: 2.3968102177303924e-08 - -1.3063609587867006e-08 - -2.1826902574791596e-09 - 3.548367050607418e-08
B2: -1.2450255770317971e-08 - 4.984360298083439e-08 - 4.6020694364093574e-09 - 7.848803733311774e-09
