Number: 4995
Error: 1.0955392805975544e-15
A1: [0.0662132985209974, -0.11395196548107521, -0.023983833532573995, 0.07172298479278025] - [0.03740265143787474, 0.18819340699354398, -0.1474089081346442, -0.07818697152989702] - [-0.060229367483867154, 0.3289508038158481, -0.12775310592511618, -0.140968318470857] - [0.039046252891398535, -0.053322597079219054, -0.037418499689046494, 0.05169521038516018]
A2: [-0.009108665340635862, -0.34680328047165676, 0.249455000047635, 0.1064565859972247] - [0.08003982434687121, 0.03628225544348262, -0.05025011381167514, -0.06607196106006553] - [-0.04245284058977601, 0.23083186776573572, -0.040531268190489966, -0.14784786234369876] - [0.06813475122248644, -0.2934678825547604, 0.14177121079347893, 0.08356182955837281]
B1: -3.7282857608512706e-08 - 3.450725109524778e-09 - 2.1010830762447877e-08 - 9.942178258537962e-09
B2: 3.137956352572254e-08 - 2.911363684841531e-08 - -3.257466175345164e-08 - -2.4852231523731318e-08
