Number: 3873
Error: 3.868790246375189e-16
A1: [0.06621314272088982, -0.11395211779960644, -0.023983989210421115, 0.07172282925414718] - [0.03740255517842946, 0.18819331502414596, -0.1474090027650849, -0.07818706616868462] - [-0.060229409935905795, 0.32895076304302834, -0.12775314746618682, -0.14096835978870598] - [0.039046074811460656, -0.05332276610614225, -0.03741867197558239, 0.05169503949758554]
A2: [-0.009108569848862429, -0.3468031791700313, 0.2494550963120995, 0.10645668611496889] - [0.08003983540959689, 0.03628226736115864, -0.05025010172085078, -0.06607194886654646] - [-0.04245288407222446, 0.23083181977564218, -0.040531314788268755, -0.14784791043382164] - [0.06813468560947764, -0.29346795479768534, 0.14177113966273822, 0.08356175599388903]
B1: -1.9195649182228983e-08 - -2.9525315131873586e-08 - 9.583699200554276e-09 - 2.6930320778673408e-08
B2: 8.215299084700881e-09 - 1.4124497687747512e-09 - -5.442783658976044e-08 - 5.698909386162612e-08
