Number: 9560
Error: 6.257962480678131e-14
A1: [0.05317194398950166, -0.14800187735826836, -0.026999652808403093, 0.12182721554556486] - [0.005314090304482531, 0.13083706512933727, -0.11360037335201151, -0.022549392362031784] - [-0.014444204702731627, 0.22309189279613104, -0.1270409079429747, -0.08160566102723135] - [0.02714758957654604, -0.10001890857022602, -0.04942337654308236, 0.12229925274944578]
A2: [0.08925215272447554, -0.07291567355593617, -0.12362967737136371, 0.10728404601194551] - [0.10883926469547876, 0.24981171657219725, -0.40484770483874183, 0.046186974512788005] - [0.036633041038065514, 0.4625522435668978, -0.37772027056896634, -0.12147618840008084] - [0.14342405744941333, -0.044608990235779196, -0.20150185520162792, 0.10267745148481111]
B1: 3.1746561041372986e-07 - -7.024526071086733e-08 - -1.7421738575494604e-08 - 2.0060305984816767e-07
B2: -1.903502228892861e-07 - 4.691968200076251e-07 - 8.549819423494962e-08 - 8.727730224666721e-08
