Number: 694
Error: 8.77724757263901e-15
A1: [-0.012153320674118406, -0.014517094953885553, 0.0180873642645896, 0.008583175526454857] - [0.06583565995364186, 0.1894956692802234, -0.1453221313306111, -0.11000808807983889] - [-0.09629227066076225, 0.42178686635581397, -0.053456461498588397, -0.27203479825480337] - [-0.0013213965306353751, -0.018219145120806263, -0.0038350003254581447, 0.02337686346759275]
A2: [0.16158658493896125, -0.1677549065783621, 0.008501200758461447, -0.002333201946411517] - [0.035485744621089374, 0.20751674252971197, -0.11721040320918927, -0.12579200891458436] - [-0.08621353683229047, 0.581538129464852, -0.2353887189971145, -0.2599355605182501] - [-0.0038347269577244064, -0.004519053461229683, 0.0011104947590319832, 0.0072436227084077195]
B1: 2.1491436673313753e-08 - -3.140743410435042e-07 - -5.7854619710808277e-08 - -6.930765468441561e-08
B2: 3.818146394928576e-08 - -5.016043783023867e-07 - 2.463686002959621e-07 - 5.4329456852806346e-08
