Number: 1243
Error: 1.0731123252379084e-07
A1: [-0.0061248870481859655, -0.013921058384864477, 0.004105823881441255, 0.020546268010396475] - [0.06685625592041422, 0.18991312972332525, -0.14670490530365152, -0.10982941462152726] - [-0.11071333140966641, 0.4436210166924551, -0.06883192763846685, -0.25607254709109406] - [-0.022176054231134057, 0.01651654816832093, -0.028710862207233494, 0.04017054534463807]
A2: [0.131006170285417, -0.22519793866884685, 0.022095881923510235, 0.06959313660042785] - [0.03258087834401934, 0.2036850563739413, -0.1149533551604155, -0.12152132043477426] - [-0.09693101701782515, 0.5532727229110069, -0.23747287083482335, -0.22790367295992842] - [-0.022180509918882013, -0.020610152590155993, 0.006775723141980939, 0.03088180487886031]
B1: -8.886667409724655e-05 - -0.00042597427170322695 - -0.00010805080013209757 - 0.00029184401068332513
B2: 8.275566774687754e-05 - 0.0002346065096311508 - 0.0003370579917412687 - 5.248491584832572e-05
