Number: 8029
Error: 9.948230961761487e-16
A1: [0.08043177575068675, -0.1804677196947667, -0.01958876601612473, 0.11962506279386922] - [0.03741550321725762, 0.13359630945657594, -0.13472626282176614, -0.03628590183135364] - [-0.0017027949498370249, 0.22819014056920786, -0.12282835861747901, -0.10365888616792655] - [0.03886331310317698, -0.1144809400991582, -0.046416362771850364, 0.12203430657809344]
A2: [0.03530744370613034, -0.029273475150330828, -0.07569734933806192, 0.06966340841926226] - [0.10289376711163815, 0.2828967178456154, -0.39260638034988427, 0.006816013219907444] - [-0.011187141683047316, 0.5390145487463662, -0.3594510549554273, -0.16837650849750682] - [0.09786280260367132, 0.017463319705847632, -0.16885100747223256, 0.05352488173782215]
B1: 9.570965037319945e-09 - -7.046288530142977e-09 - -1.2506442774486928e-08 - -6.814305671930806e-09
B2: -5.403408680849115e-09 - -5.4412162234077174e-09 - -4.5357847633038015e-09 - -8.973741851966631e-09
