Number: 241
Error: 4.121989760353624e-07
A1: [-0.016442693018434405, -0.018927582964682017, 0.01333484971390308, 0.003990595915645626] - [0.06766308558047171, 0.19125253418205826, -0.1434327162366737, -0.10797246824177534] - [-0.09155035063510725, 0.42637117119253226, -0.04830036025128215, -0.266502832228895] - [0.0019720370187128558, -0.01505572926852051, -0.0003252894453592016, 0.027183568079853407]
A2: [0.1631256488897125, -0.1662402562085215, 0.010017022178476432, -0.0008334951129145932] - [0.0373899789510129, 0.20939205556845053, -0.1153125257715191, -0.12392874662876925] - [-0.08656057000681514, 0.5811914979927465, -0.23574164115680013, -0.2602879499935252] - [-0.004401377140085003, -0.005079063056681595, 0.0005424508231812947, 0.006694651375819033]
B1: 0.0001526721131101944 - 0.00038705514882309846 - 0.0010772796853235655 - 0.000634703227649542
B2: 0.0011566725251685062 - 0.002540230792159382 - -0.0009228758373252911 - -0.0006750274559230783
