Number: 9471
Error: 6.999761599868513e-14
A1: [0.05317274715822813, -0.14800107391498196, -0.026998850540135858, 0.12182801909173262] - [0.005314727795702732, 0.13083770328294417, -0.1135997359615859, -0.022548753974584095] - [-0.014443722033030754, 0.22309237563989823, -0.1270404256587102, -0.0816051781917555] - [0.027149061947406298, -0.10001743613110474, -0.04942190099603252, 0.12230072893881967]
A2: [0.08925383871383674, -0.07291399143563047, -0.12362802931238143, 0.10728575287835705] - [0.10884183549672932, 0.24981428784211832, -0.4048451849426219, 0.046189588594079796] - [0.03663552076704017, 0.46255471041093266, -0.37771785119994666, -0.1214736829263997] - [0.1434244337610558, -0.04460861531084268, -0.20150148774352986, 0.10267783339286768]
B1: -6.937647475667837e-07 - 3.783971585212441e-07 - 1.5497100134385752e-07 - 5.638708600320917e-07
B2: 8.119587181111294e-07 - 2.6996929390552825e-07 - -8.782419493535361e-08 - -4.23261480768872e-07
