Number: 4071
Error: 9.063931142910495e-16
A1: [0.06621316658000584, -0.11395209447366882, -0.02398396537002391, 0.07172285307322537] - [0.03740262755135113, 0.18819338417155698, -0.147408931616948, -0.07818699501425905] - [-0.06022938094832939, 0.32895079088397955, -0.12775311910065226, -0.14096833157572802] - [0.039046133438970836, -0.05332271045914681, -0.037418615255446784, 0.05169509575716425]
A2: [-0.009108539511185277, -0.3468031469864965, 0.2494551268952318, 0.10645671792237775] - [0.0800398247504244, 0.03628225587817055, -0.05025011337073128, -0.06607196061533961] - [-0.04245271484944509, 0.23083200654047073, -0.040531133442414366, -0.1478477232797461] - [0.06813473098849304, -0.29346790483336427, 0.1417711888579855, 0.08356180687222282]
B1: -1.4394780143991766e-08 - -5.600214334985694e-09 - 3.955513850240208e-08 - -1.587944497663132e-08
B2: -5.6450490106067486e-09 - 1.9120590757024624e-08 - -6.027968838880396e-10 - -9.151823649678476e-09
