Number: 6677
Error: 1.0040311515010124e-15
A1: [0.08043167410164462, -0.1804678213322898, -0.01958886754362421, 0.11962496115643645] - [0.03741557187900775, 0.13359637806635805, -0.13472619429688024, -0.03628583320765885] - [-0.0017028427933131962, 0.2281900927267539, -0.12282840639091024, -0.10365893399864073] - [0.0388632171088566, -0.11448103582407654, -0.046416458705006616, 0.12203421064343385]
A2: [0.03530742091477113, -0.029273498004739506, -0.07569737100781225, 0.06966338456565721] - [0.10289374724079264, 0.28289669780612015, -0.39260639956874205, 0.0068159924122597765] - [-0.011187173281609368, 0.5390145169593583, -0.3594510848640813, -0.16837654179408842] - [0.09786276975925569, 0.017463286712048075, -0.16885103873798793, 0.05352484726188075]
B1: 2.3631226717057553e-09 - 1.962952499509555e-08 - -1.5111123329227477e-08 - -4.614443370498302e-09
B2: -2.156286598437523e-09 - -5.847621601189594e-10 - -2.7661326895391806e-09 - -4.979203171794833e-09
