Number: 2432
Error: 7.63637718072768e-06
A1: [0.06416875628200722, -0.04728303172717166, -0.02259631702274193, 0.00863151703987531] - [0.036607221151900814, 0.18435760075299956, -0.14998701376003348, -0.1003497803028196] - [-0.12541740652239075, 0.4130153392255771, -0.1072483536339394, -0.18932421276804112] - [0.05183645434508391, 0.034323512332415755, -0.01819373469953061, -0.008233668943507848]
A2: [0.06764673609273894, -0.16949952227517046, 0.0907976489879009, 0.02832689288180485] - [0.022086115478309392, 0.19319915627711032, -0.10893693676758916, -0.13499023135753022] - [-0.09862631142378542, 0.5090085652113714, -0.22993991617999235, -0.19968249861760298] - [-0.029752792326919995, 0.014946932142492831, -0.05354115317720741, 0.053515464636055374]
B1: 0.00017402441880909792 - -0.0028826679756984762 - 0.0024981973305325594 - -0.0009702649056139263
B2: -0.0043758129550120995 - -0.007664736410780739 - 0.0016597680270013446 - 0.005357286781302926
