Number: 2575
Error: 1.9542164898684706e-09
A1: [0.06372777526681477, -0.04757459706597524, -0.023150647897588233, 0.008148374189140307] - [0.04413047434609982, 0.1917236011836364, -0.1420819545434474, -0.09199729442494206] - [-0.1234164504665126, 0.4148988027993176, -0.10482012105102244, -0.18703309751406724] - [0.037234495041724325, 0.019405894390854623, -0.03289778536929106, -0.022818411301554802]
A2: [0.06396732255636879, -0.17316753906780713, 0.08685432384071362, 0.02447793412334325] - [0.029184355741581992, 0.20019438460526598, -0.10181521511091776, -0.1279767159687999] - [-0.0932812347981787, 0.513807077763269, -0.22548081077975285, -0.19497381473844164] - [-0.025876530199080337, 0.018573041179698442, -0.05024529141266691, 0.05702465698295053]
B1: -5.5878705069235034e-05 - -0.0002426054268772304 - 8.733966237485417e-05 - 0.00021388435588301383
B2: 0.00013073687177822416 - -0.00011842341097895954 - 1.6174116533829466e-05 - 6.48246522526185e-05
