Number: 3864
Error: 8.730481143275522e-16
A1: [0.06621312867206877, -0.11395213153448097, -0.023984003248216677, 0.07172281522890409] - [0.03740255365668685, 0.18819331357022437, -0.14740900426107445, -0.07818706766480644] - [-0.06022950429717838, 0.32895067241426384, -0.1277532398025442, -0.14096845162842642] - [0.039046214756879465, -0.053322633275273146, -0.03741853658309229, 0.05169517379071414]
A2: [-0.00910858915874873, -0.3468031996548144, 0.24945507684597495, 0.10645666586959635] - [0.0800398077460798, 0.03628223755961739, -0.050250131955509814, -0.06607197935793789] - [-0.042452862001863684, 0.23083184413388083, -0.040531291136784955, -0.14784788602481455] - [0.0681347013050225, -0.2934679375161914, 0.14177115667823612, 0.08356177359151466]
B1: -6.977225471047886e-09 - -2.419692502861481e-08 - 5.597949318596164e-09 - 8.282899039679625e-09
B2: 4.9482282552345245e-09 - -1.6345703913614964e-09 - 2.8623898774892884e-09 - -1.7864345877320994e-08
