Number: 1716
Error: 2.5169202104488367e-07
A1: [-0.0049870087893040095, -0.012786173050007496, 0.005284996077431077, 0.021699613504304112] - [0.06660399238244585, 0.18967033273034786, -0.146965945000771, -0.1101107475110718] - [-0.11208182314468515, 0.4422549149809741, -0.07027393034451127, -0.2575618326380092] - [-0.022649734872437224, 0.016031236136621357, -0.029201887261017967, 0.03966005644754239]
A2: [0.13134398349301712, -0.224841998520106, 0.02243647994174616, 0.06992204734091288] - [0.03323118194139172, 0.20432564601123346, -0.11430568832905395, -0.12088144248062745] - [-0.09568475181242132, 0.5545186727120895, -0.23623496637418742, -0.2266797510589911] - [-0.020348824101118212, -0.018787029188166698, 0.008598374268204945, 0.03264007991558036]
B1: -0.0006568155291058364 - -0.00020866220899832201 - 7.545957972268516e-05 - -0.0007983039620136992
B2: 0.00034357957932463373 - 0.0001324239966100871 - -0.00028823531044867314 - 4.064741109438276e-05
