Number: 5599
Error: 6.2081650209478425e-09
A1: [0.06635604749135389, -0.11381219909759209, -0.02384087466645385, 0.07186587276733222] - [0.03745120506792828, 0.18823990160707088, -0.1473609968751958, -0.07813905017045099] - [-0.06020522932559668, 0.3289742997965689, -0.12772882482209624, -0.1409441686044833] - [0.03900213888037635, -0.053364267098698466, -0.03746068973312894, 0.05165333907998816]
A2: [-0.00898789042288931, -0.3466751683555786, 0.24957714586799926, 0.10658348325831388] - [0.07958529827039976, 0.03579259587325899, -0.050746933488939064, -0.06657296861215226] - [-0.042930555326855024, 0.2303045913747536, -0.041043406907336995, -0.14837632558292732] - [0.06724951164794453, -0.2944426129595591, 0.14081119857257635, 0.08256909731071826]
B1: 7.879384510061961e-05 - 0.00017462163958396323 - -0.00021654380058023706 - -5.12135552533038e-05
B2: -1.5162377620553115e-05 - -0.00015119167317006592 - -2.4271713965839763e-05 - -6.328435275595106e-06
