Number: 7102
Error: 1.109681536628645e-15
A1: [0.08043169519033617, -0.18046780024598577, -0.019588846480145947, 0.1196249822427201] - [0.03741559828952121, 0.13359640445688337, -0.13472616793898698, -0.036285806811774415] - [-0.0017028060128673945, 0.228190129506413, -0.12282836966431936, -0.1036588972280122] - [0.03886324001771646, -0.11448101297950697, -0.046416435810743444, 0.12203423353805594]
A2: [0.03530740977448043, -0.029273509175841282, -0.07569738159986562, 0.06966337290614281] - [0.10289369700306301, 0.2828966471420233, -0.39260644815802037, 0.006815939806028237] - [-0.01118707352478732, 0.5390146173111777, -0.3594509904420899, -0.16837643667684155] - [0.0978628121532397, 0.01746332929886757, -0.16885099838166434, 0.053524891761768244]
B1: -1.2444256280802319e-08 - 2.895121395054036e-08 - 1.4007771204487254e-09 - -9.280785068307853e-09
B2: 2.1952476475080708e-09 - 2.0895046071550024e-09 - 8.102497877299481e-09 - 1.970605794917802e-09
