Number: 4561
Error: 6.483924168607221e-16
A1: [0.0662130543243577, -0.11395220422081052, -0.02398407753760128, 0.07172274100593552] - [0.03740245902939927, 0.18819322316024606, -0.14740909728695298, -0.07818716069894181] - [-0.06022954439462443, 0.32895063390277257, -0.1277532790396008, -0.1409684906542601] - [0.039046201814337364, -0.0533226455597538, -0.03741854910451875, 0.05169516137094683]
A2: [-0.009108554101420304, -0.34680316246446663, 0.24945511218686203, 0.10645670262524813] - [0.08003982967070561, 0.03628226117875168, -0.05025010799310145, -0.06607195519205189] - [-0.042452807758585044, 0.23083190400016443, -0.040531233007406145, -0.14784782603369095] - [0.06813471407226186, -0.29346792345879913, 0.1417711705190257, 0.08356178790611049]
B1: -1.854799941020723e-08 - -3.8451022531471026e-08 - -9.041891170868103e-10 - -2.484386121567418e-08
B2: -5.239497095846987e-08 - -7.871886488613638e-08 - 8.036409263731615e-08 - -3.260204722709538e-08
