Number: 8367
Error: 1.1842170002392886e-15
A1: [0.0804316458728322, -0.18046784955792236, -0.019588895738735426, 0.11962493293081926] - [0.037415675826228706, 0.13359648193494622, -0.13472609055661963, -0.03628572931792031] - [-0.0017028165893599268, 0.2281901189301473, -0.12282838022532237, -0.10365890780166824] - [0.038863180138298425, -0.11448107269088591, -0.04641649565202476, 0.12203417369584398]
A2: [0.03530753572247707, -0.02927338287944635, -0.07569726184987735, 0.06966350472413817] - [0.10289369598713387, 0.2828966461175119, -0.39260644914062626, 0.00681593874225832] - [-0.01118711022728978, 0.5390145803897094, -0.3594510251818338, -0.1683764753515273] - [0.09786276132399, 0.01746327823837947, -0.1688510467679014, 0.05352483840767654]
B1: 3.4561110579280555e-08 - -5.0304481217378e-09 - -3.4284413125265744e-09 - -2.2662356541188748e-08
B2: -2.0412756617604697e-08 - 6.740528308313035e-08 - 1.4571556182440521e-08 - -2.6526244014118756e-08
