Number: 7814
Error: 1.0705261393024051e-15
A1: [0.08043165704170135, -0.1804678383903068, -0.019588884583163088, 0.11962494409844496] - [0.03741561280609244, 0.13359641896245975, -0.13472615345132735, -0.036285792303241304] - [-0.001702857570693942, 0.22819007794968674, -0.12282842114664996, -0.10365894877207187] - [0.03886321028177369, -0.11448104263201006, -0.04641646552773573, 0.12203420382059436]
A2: [0.03530741433243848, -0.029273504605256132, -0.07569737726623946, 0.06966337767656006] - [0.10289382608574868, 0.2828967773202523, -0.3926063233108712, 0.006816074974386977] - [-0.011187099715171366, 0.5390145909645809, -0.35945101523184586, -0.16837646427456293] - [0.09786280641168704, 0.01746332353120581, -0.1688510038472429, 0.05352488573500245]
B1: 3.477580922980216e-08 - -6.672509835175215e-09 - -1.0539240828923075e-08 - 9.113805024003855e-09
B2: 1.1600051125068499e-08 - -2.8318021434956066e-08 - 2.0567080629390876e-08 - 5.564936249186331e-09
