Number: 717
Error: 2.1568934137523282e-14
A1: [-0.012153299322877304, -0.014517073023864405, 0.018087387864123772, 0.008583198342650561] - [0.06583510939975364, 0.18949513967067802, -0.14532270055511357, -0.11000870106628712] - [-0.09629320907398972, 0.42178595939523655, -0.05345747978934994, -0.2720358915513554] - [-0.0013215497542626254, -0.018219292478304398, -0.0038351634270853067, 0.023376686366993964]
A2: [0.16158660147828618, -0.1677548903506523, 0.00850121696429542, -0.0023331858227562457] - [0.03548559464373469, 0.20751659496234362, -0.1172105525583168, -0.1257921556312652] - [-0.08621379203213345, 0.5815378794969355, -0.23538896731585532, -0.25993580937655447] - [-0.0038349278206111356, -0.004519250984947755, 0.0011102959528763875, 0.007243430536558129]
B1: -1.0237605226540554e-07 - 1.8797475790746717e-08 - -9.80515472887479e-08 - 3.3702249732805495e-08
B2: 1.4401693363071906e-07 - 5.67511853781109e-09 - 4.4588897822115845e-08 - 2.0794905554421093e-07
