Number: 2144
Error: 0.0004465956312004169
A1: [-0.09070622829831418, -0.17208360361490949, -0.12392564016630873, -0.08954127398777881] - [0.07349854403506027, 0.20035524278031036, -0.14558374670047342, -0.08948977854963] - [-0.32851336832347766, 0.1881625704878935, -0.2993255529957327, -0.4355496513456351] - [0.04814308956591664, 0.06767235070377516, 0.027194929379451074, 0.037752194147821015]
A2: [0.2312448907879427, -0.0810875463141554, 0.20491852492054174, 0.17002596152683516] - [0.03689602889348924, 0.20293469448819806, -0.08935722843287934, -0.13036989742162947] - [-0.1273660909678016, 0.5264210213933893, -0.2557325833819658, -0.22984676697807177] - [0.06469420530378811, 0.125911633983112, 0.10196572946623919, 0.11142273241352064]
B1: -0.004463865915522756 - 0.002401064024807595 - -0.06773479801432337 - 0.005340980483305086
B2: -0.03422514358971547 - 0.02216760878804847 - 0.03701695097468905 - -0.037363459048923034
