Number: 3744
Error: 7.804489230042408e-16
A1: [0.06621318917838492, -0.1139520723802938, -0.023983942789390218, 0.07172287563366544] - [0.037402609132450915, 0.18819336657353963, -0.1474089497241549, -0.0781870131230554] - [-0.06022934424259677, 0.3289508261378223, -0.12775308318260678, -0.14096829585087947] - [0.03904621189646263, -0.053322635990291016, -0.03741853935046267, 0.05169517104583239]
A2: [-0.009108545922630246, -0.34680315378801574, 0.24945512043193618, 0.10645671120033429] - [0.08003980355747137, 0.036282233047285596, -0.05025013653343349, -0.06607198397471399] - [-0.04245284677667244, 0.2308318609373583, -0.040531274820866305, -0.14784786918631238] - [0.06813484438508502, -0.2934677799786501, 0.14177131179096514, 0.08356193401089972]
B1: -2.1121573364599643e-08 - 2.260656223861139e-09 - 4.1289194046213175e-09 - 1.8480507907591025e-08
B2: -1.1737773880711622e-08 - 1.5220125915916774e-08 - 1.1396213486280988e-08 - 1.6919887048776414e-08
