Number: 7163
Error: 9.323478923707509e-16
A1: [0.08043171669354522, -0.18046777874521291, -0.019588825002649714, 0.11962500374347247] - [0.03741562272837688, 0.13359642887724246, -0.1347261435488266, -0.036285782386456654] - [-0.0017028340637589255, 0.22819010145612836, -0.12282839767412757, -0.1036589252714107] - [0.03886327419397276, -0.11448097889916564, -0.04641640165626963, 0.12203426769306851]
A2: [0.03530747515208276, -0.029273443617414796, -0.07569731943966236, 0.0696634413308766] - [0.10289375002417762, 0.2828967006131322, -0.3926063968766842, 0.006815995326875566] - [-0.011187187039744912, 0.5390145031191559, -0.35945109788649043, -0.1683765562914863] - [0.09786277244160183, 0.017463289406595757, -0.1688510361845817, 0.05352485007748491]
B1: 3.823919110955238e-08 - -2.061772381862297e-08 - -9.446711893879566e-09 - 1.396882117538466e-08
B2: 1.0169864615001605e-08 - 8.573106565952632e-09 - -1.7406113014600767e-08 - 2.0013906069434126e-08
