Number: 9003
Error: 0.00012934490938885907
A1: [0.14993961456114624, -0.07830162541473976, 0.06943531886762197, 0.21085907289519773] - [0.11875870883475045, 0.24248291412273373, -0.0032470248810450774, 0.0894809746036656] - [0.06301373692665242, 0.30670642125460124, -0.027120254858576096, 0.0013737595452536248] - [0.13859024479571508, 0.00984213295542541, 0.06680952467115632, 0.2342514520396981]
A2: [0.03199003895791687, -0.10270168333826668, -0.1568328805139733, 0.07327499388393253] - [0.07762843335999142, 0.20691939882995528, -0.4483059123271576, 0.00020618616702510612] - [0.008202895938610181, 0.4561955589954187, -0.4142533129990627, -0.138852013575313] - [0.09292246991184627, -0.07820498904429814, -0.24545977233154093, 0.06295613237930976]
B1: -0.0038737551342428057 - 0.00641779136618799 - -0.006162576091342281 - -0.0053895900412416035
B2: -0.020097336307942627 - -0.008638658945330979 - 0.02080105507049838 - -0.011412474083993722
