Number: 5796
Error: 1.3843954652163938e-05
A1: [0.07408748175027216, -0.18724088634650193, -0.026256438418144613, 0.113027675174449] - [0.006695804071931297, 0.10225080475620589, -0.166324334059747, -0.06763121683117186] - [0.002007469680070763, 0.2320829461122184, -0.11899501752476246, -0.09988102017797362] - [0.06602437918990785, -0.08712835828657015, -0.018534793956491852, 0.14963255731942487]
A2: [0.03496899425762137, -0.029866074820499123, -0.07551744309026447, 0.06998203451248282] - [0.12258075350779123, 0.30247396171410046, -0.37365107131987224, 0.027623526186050098] - [-0.017845446621786876, 0.5327854749321161, -0.3658267948195202, -0.1760540500267684] - [0.0948344610491014, 0.014621326113793935, -0.17163840807377104, 0.050124573082653764]
B1: -0.00560901331997795 - -0.0025120159639396194 - -0.002719875207824661 - -0.0031688751245423233
B2: -0.0060595704438211025 - -0.0026619491457637347 - -0.011046892725200704 - -0.004846135236745718
