Number: 4663
Error: 1.1652207842252679e-15
A1: [0.06621310207729127, -0.1139521575349871, -0.023984029822145213, 0.07172278867872851] - [0.03740253939299618, 0.1881932999422242, -0.14740901828337463, -0.07818708168836562] - [-0.06022937672727609, 0.32895079493802337, -0.1277531149702239, -0.14096832746732782] - [0.03904608586884111, -0.05332275561090661, -0.03741866127794673, 0.05169505010832947]
A2: [-0.009108622889225367, -0.3468032354375212, 0.24945504284239933, 0.10645663050498552] - [0.0800397288575689, 0.03628215257416916, -0.050250218176052026, -0.06607206631060461] - [-0.04245286474626932, 0.230831841105103, -0.04053129407760513, -0.14784788905984964] - [0.06813476529890877, -0.29346786705610156, 0.14177122605353548, 0.08356184534056477]
B1: 1.331484629329364e-09 - -1.2127916066645082e-09 - 6.712284353610604e-09 - 1.721555349690256e-08
B2: 3.724994302744481e-08 - 2.6916315867000047e-08 - -4.3081912784861205e-08 - 3.182947286013626e-08
