Number: 9817
Error: 8.625537720350331e-16
A1: [0.05317257189576801, -0.1480012492123057, -0.02699902558921422, 0.12182784374803564] - [0.005313738130672939, 0.13083671260150717, -0.11360072546134375, -0.022549745036616112] - [-0.014444467193522648, 0.22309163021605014, -0.12704117022119044, -0.08160592361253963] - [0.02714643774710722, -0.10002006038679973, -0.049424530795314045, 0.12229809799835781]
A2: [0.08925425492016495, -0.07291357621273256, -0.12362762253119276, 0.10728617414502188] - [0.10884187372002697, 0.24981432605789053, -0.40484514748266454, 0.046189627447547545] - [0.03663616666584575, 0.462555352932542, -0.37771722104328065, -0.1214730303406907] - [0.1434267209710939, -0.04460633662293749, -0.20149925449516295, 0.10268015453426203]
B1: 6.86874079019816e-08 - 4.20809555937008e-08 - 2.5254902946001526e-08 - -3.764948940374312e-08
B2: 4.6120781873353616e-08 - 4.152633581167353e-08 - 6.030673997897001e-08 - 2.1715192548436447e-08
