Number: 616
Error: 4.4478671958312194e-14
A1: [-0.012152945935618812, -0.014516710060800046, 0.01808777846512149, 0.008583575978091205] - [0.06583530009519507, 0.18949532311178402, -0.14532250339281574, -0.11000848874618217] - [-0.09629447467196375, 0.4217847362201038, -0.05345885311283455, -0.27203736603560486] - [-0.0013219804200321436, -0.018219706657318386, -0.0038356218550309757, 0.023376188588861327]
A2: [0.1615867978202234, -0.1677546977033398, 0.00850140935322009, -0.002332994415759495] - [0.035485602133294526, 0.20751660233143487, -0.11721054510038158, -0.12579214830460875] - [-0.08621332444830933, 0.5815383374971249, -0.23538851233537764, -0.25993535341074536] - [-0.003835123801943723, -0.0045194437053029815, 0.0011101019836564142, 0.007243243036250143]
B1: 4.1525622431600056e-08 - -4.7956419585559065e-08 - 4.287081803878143e-08 - -4.16901669892923e-08
B2: 2.090129635477222e-07 - 6.309828886967917e-07 - -4.918538282197755e-07 - -8.136348404080811e-08
