Number: 8141
Error: 9.856828590422333e-16
A1: [0.08043168897295837, -0.18046780646268795, -0.01958885269013703, 0.11962497602602734] - [0.037415586359320074, 0.13359639253574776, -0.1347261798452971, -0.03628581873530599] - [-0.0017028087766593454, 0.22819012674267475, -0.12282837242406759, -0.10365889999106477] - [0.038863229640301436, -0.1144810233278133, -0.04641644618156144, 0.12203422316708205]
A2: [0.035307513594925254, -0.029273405068200146, -0.07569728288855543, 0.06966348156535038] - [0.10289374968682843, 0.28289670027292346, -0.3926063972029429, 0.006815994973603275] - [-0.01118718482389522, 0.5390145053481875, -0.35945109578926865, -0.16837655395643691] - [0.09786272388449443, 0.017463240628599146, -0.16885108240792107, 0.053524799108447804]
B1: 3.3576327445570516e-08 - -3.806210702823181e-09 - -1.0075670448025146e-08 - 1.6293141473031678e-08
B2: 8.038474529565999e-09 - 7.725700904328184e-09 - 2.642305563946053e-09 - 8.212583741170146e-09
