Number: 8703
Error: 2.45647259770202e-13
A1: [0.080431626096605, -0.18046786933174547, -0.01958891549116722, 0.11962491315698483] - [0.037414965931853034, 0.13359577257748603, -0.13472679903659587, -0.03628643881912537] - [-0.0017031969747019747, 0.2281897385528629, -0.12282876005374979, -0.10365928808549946] - [0.0388631299857178, -0.11448112270247247, -0.04641654577246342, 0.12203412357461785]
A2: [0.03530754779562267, -0.02927337077298503, -0.0756972503706961, 0.06966351735983693] - [0.10289482753779539, 0.2828977872703398, -0.3926053547188975, 0.006817123638989853] - [-0.011186414416650954, 0.539015280349968, -0.35945036658011514, -0.16837574215372664] - [0.09786331639105393, 0.017463835829904576, -0.16885051837862655, 0.053525421045783055]
B1: 2.3180544661447058e-07 - -8.91279646836646e-08 - 1.7323492865347735e-07 - 2.783069246305654e-07
B2: -3.217339706628937e-07 - -3.716523326978375e-07 - -1.817749219268788e-07 - -3.969047493580375e-07
