Number: 7242
Error: 1.0567512607036993e-15
A1: [0.08043169388779864, -0.18046780154837658, -0.019588847781126125, 0.11962498094033097] - [0.03741559308215191, 0.13359639925345596, -0.13472617313597848, -0.03628581201625843] - [-0.0017028422826311817, 0.228190093237429, -0.12282840588096924, -0.10365893348809069] - [0.038863242957475536, -0.11448101004800147, -0.04641643287286136, 0.12203423647598542]
A2: [0.035307407954468316, -0.029273511000887056, -0.07569738333032323, 0.06966337100130657] - [0.1028938003929012, 0.2828967514093376, -0.3926063481607009, 0.006816048070275446] - [-0.011187068424756306, 0.5390146224416265, -0.35945098561479033, -0.16837643130276808] - [0.09786280183945426, 0.01746331893816793, -0.1688510081997252, 0.05352488093565252]
B1: -5.149066130604536e-09 - 1.665577553023152e-08 - 1.9770228227930026e-08 - 5.582659870380471e-09
B2: 1.3690794645624176e-08 - 1.2647819794557328e-08 - -8.863686254602225e-09 - 1.577402456718635e-08
