Number: 2986
Error: 3.953712771406319e-08
A1: [0.06423420747339095, -0.04707406197733713, -0.02265049997077863, 0.008647308480781015] - [0.04381089547544403, 0.19141533121190216, -0.1424099390756581, -0.09234624119317382] - [-0.1236737734333564, 0.41463895311969623, -0.10508438074035653, -0.18729580204819082] - [0.03707119204690575, 0.0192389680505164, -0.03306422988785362, -0.02298329270830857]
A2: [0.06368499732834774, -0.17344494058980775, 0.0865692975282889, 0.02419828881170375] - [0.029429013703400644, 0.20043559018327906, -0.10157205761132786, -0.1277374855090919] - [-0.0935244434051627, 0.5135687120871535, -0.22571968568198683, -0.19520761949932156] - [-0.02646192937153077, 0.017984569724314857, -0.05082610541453119, 0.056455635551345036]
B1: 7.562213106878635e-05 - 0.00029363942987840143 - 3.309065008054988e-06 - -9.909739171339748e-05
B2: 0.0002460955345269609 - 0.0001019222500620414 - -0.00032884308640306515 - -0.0002883596791530464
