Number: 3726
Error: 9.630412811691965e-16
A1: [0.06621302928696324, -0.11395222869865276, -0.02398410255534025, 0.0717227160105826] - [0.037402586798476446, 0.18819334523493048, -0.14740897168017436, -0.07818703508100527] - [-0.06022937439039945, 0.3289507971825512, -0.12775311268345707, -0.14096832519306182] - [0.03904596016224827, -0.053322874926843324, -0.03741878289482897, 0.05169492947900985]
A2: [-0.009108302147341747, -0.3468028951803435, 0.24945536617967573, 0.10645696678555894] - [0.08003986578819205, 0.036282300087636964, -0.050250068518769855, -0.06607191538249915] - [-0.042452682862968154, 0.23083204184290812, -0.040531099164303225, -0.14784768790378064] - [0.06813499960723066, -0.29346760907212377, 0.14177148006692247, 0.08356210804381155]
B1: 1.7223417315657345e-08 - 3.6320815867938914e-08 - -8.017372865437692e-08 - 3.086026596453346e-08
B2: 1.540240165648745e-08 - 4.0184183279545774e-08 - 9.099949385631606e-09 - -1.0701876583161246e-08
