Number: 4617
Error: 1.061954752363635e-15
A1: [0.06621316702888523, -0.11395209403484864, -0.02398396492152875, 0.07172285352130951] - [0.03740261246310417, 0.18819336975575943, -0.1474089464498556, -0.07818700984849362] - [-0.06022949492840082, 0.32895068141235695, -0.12775323063487987, -0.14096844250985655] - [0.03904613710737774, -0.053322706977182194, -0.03741861170635028, 0.051695099277421275]
A2: [-0.009108681771685792, -0.3468032979025358, 0.24945498348360085, 0.10645656877002763] - [0.08003987065872585, 0.03628230533457412, -0.050250063195542316, -0.06607191001412276] - [-0.042452758592778396, 0.23083195826253713, -0.04053118031940438, -0.1478477716582399] - [0.06813478139606734, -0.29346784933244374, 0.14177124350441198, 0.08356186338843735]
B1: 5.871248369917635e-08 - 1.3386717261176192e-08 - 1.9533571301689403e-08 - 5.3023650915796544e-09
B2: 9.281053651182126e-09 - 1.6952334364801357e-08 - 1.565383401455704e-08 - 2.0120669941831755e-08
