Number: 3827
Error: 1.2223196249833828e-15
A1: [0.06621316895295083, -0.11395209215374964, -0.023983962998947023, 0.07172285544218357] - [0.03740261379451782, 0.18819337102783085, -0.14740894514098044, -0.07818700853948317] - [-0.06022914895218282, 0.3289510137034175, -0.12775289208297091, -0.14096810577908847] - [0.0390460468066969, -0.05332279268720341, -0.037418699069248364, 0.0516950126239147]
A2: [-0.009108588009442253, -0.34680319843557855, 0.24945507800458283, 0.1064566670745813] - [0.08003976497459729, 0.03628219148246329, -0.05025017870233485, -0.06607202650168173] - [-0.04245285081644716, 0.23083185647880794, -0.040531279150051856, -0.1478478736541475] - [0.06813473129798008, -0.2934679044926105, 0.1417711891935146, 0.08356180721920677]
B1: 3.681730426111385e-10 - 3.187160312212501e-08 - 8.529434913080572e-09 - 9.931351290949876e-09
B2: -4.866804456727694e-09 - -9.236868541423203e-10 - 1.739821602451467e-08 - 3.2543115514482574e-08
