Number: 1304
Error: 4.447875368918877e-09
A1: [-0.007250816818210862, -0.015057426432492565, 0.002931854982823506, 0.019389742750124332] - [0.06657107595204333, 0.18963837141639775, -0.14699952304836691, -0.11014674086143227] - [-0.11272671721402087, 0.44164741567462545, -0.07093604230454015, -0.2582529427763589] - [-0.023675548361909285, 0.015043650782341397, -0.030246368645211543, 0.03858832261188798]
A2: [0.13142804444573494, -0.2247845809413842, 0.022511590864495504, 0.07000614040277463] - [0.03237809301756587, 0.20348533627119536, -0.11515545838019609, -0.12171980920580226] - [-0.09388157181968572, 0.5562697047666971, -0.2344736947181706, -0.22490650914097168] - [-0.02123002681208761, -0.01967350553067143, 0.00771913040689551, 0.0317948340765694]
B1: -0.000197288976153006 - 0.00011954896900178105 - 2.0223360171013442e-05 - -0.00014654755665575604
B2: -1.9168062123084187e-05 - -0.00010298721166363593 - -1.5965353140581224e-06 - -1.552199879239686e-05
