Number: 684
Error: 1.0358010918557193e-14
A1: [-0.012153742954279878, -0.014517528679052514, 0.018086897517394916, 0.008582724271133062] - [0.06583595950086793, 0.1894959574320244, -0.1453218216249832, -0.11000775456406295] - [-0.09629394779389286, 0.42178524543470913, -0.053458281388568105, -0.27203675219648693] - [-0.0013220087983319383, -0.018219733949227702, -0.0038356520643357877, 0.023376155788790827]
A2: [0.1615867332829784, -0.16775476102777162, 0.008501346111788035, -0.002333057331559598] - [0.03548564277257952, 0.20751664231776518, -0.11721050463108926, -0.12579210854884107] - [-0.08621354362236631, 0.5815381228141185, -0.2353887256041168, -0.25993556713971677] - [-0.003834677585968403, -0.004519004910188057, 0.0011105436252441404, 0.007243669943902452]
B1: 3.556171677317337e-09 - -2.9940631096289145e-08 - -3.791384848321159e-08 - -1.0422841436418571e-08
B2: 1.5539576775415353e-07 - -1.1748992465251672e-07 - 4.058856688202846e-08 - 1.1877762271562488e-09
