Number: 7251
Error: 8.209054127558437e-16
A1: [0.08043167857831383, -0.18046781685612687, -0.0195888630723047, 0.11962496563259498] - [0.037415579775176476, 0.1335963859565526, -0.13472618641643883, -0.0362858253158623] - [-0.0017028374936815427, 0.22819009802627593, -0.122828401099032, -0.1036589287004194] - [0.0388632225144771, -0.11448103043362844, -0.046416453302832394, 0.12203421604569298]
A2: [0.03530742096602458, -0.02927349795334295, -0.07569737095909672, 0.06966338461930638] - [0.10289382676135937, 0.282896778001586, -0.392606322657469, 0.006816075681897484] - [-0.011187026034376215, 0.5390146650848446, -0.35945094549135936, -0.168376386634561] - [0.09786282503838474, 0.01746334224262141, -0.1688509861158378, 0.053524905286968676]
B1: -1.3734068722288368e-08 - 2.7648854817757078e-08 - 1.9881472875693554e-08 - 1.4456168439942651e-09
B2: 1.2770388052113676e-08 - 1.4475768935510555e-08 - 7.979920326722872e-09 - 1.3653098828860277e-08
