Number: 5808
Error: 1.0083880987075497e-05
A1: [0.06543531252773861, -0.19561314059218302, -0.03463552155395247, 0.10456720337965751] - [0.005091248845484404, 0.10116132039945647, -0.16727169175575535, -0.06878417882068025] - [-0.005456635029699773, 0.22443422208113034, -0.12651109961809143, -0.10738333717683778] - [0.05214657209405683, -0.1012401739410509, -0.032863344922242715, 0.13547042922440924]
A2: [0.04369424672864678, -0.020992449875639682, -0.0675393124923868, 0.07877591778896394] - [0.11980746806681218, 0.2996698554587392, -0.37617129018903606, 0.02485230507199413] - [-0.0091307186482764, 0.5413011278733668, -0.35754549625874815, -0.1664371419774559] - [0.10174556900864638, 0.021435577420006773, -0.16512159965253878, 0.057575588036234304]
B1: -0.005405958336339617 - 0.00228687303237219 - -0.006268656284928275 - -0.0049335293177377075
B2: -0.0051460117656612 - -0.002494540797629232 - -0.008292470215839983 - -0.0013248582591569129
