Number: 6718
Error: 1.3054857036015622e-15
A1: [0.08043167550427009, -0.1804678199298232, -0.019588866142675885, 0.11962496255890169] - [0.03741558178911185, 0.13359638796896142, -0.1347261844065221, -0.0362858233030443] - [-0.001702829798101613, 0.22819010572168819, -0.12282839341472539, -0.1036589210068972] - [0.038863222540143905, -0.11448103040803159, -0.04641645327718023, 0.12203421607134554]
A2: [0.03530742636796339, -0.029273492536464447, -0.0756973658229879, 0.06966339027301573] - [0.10289376021936787, 0.282896710894846, -0.39260638701603506, 0.006816006002726721] - [-0.011187135176846582, 0.5390145552914002, -0.35945104879710316, -0.1683765016417597] - [0.09786278353593061, 0.01746330055138846, -0.16885102562348792, 0.053524861722907574]
B1: -4.0847329218695676e-09 - 5.444408449408932e-09 - -1.3308113355841237e-08 - -7.479493243888834e-09
B2: -5.9106061734053345e-09 - -5.033873190605515e-09 - -4.7317491603309904e-09 - -5.07575997871205e-09
