Number: 1664
Error: 5.103723849513e-08
A1: [-0.00663095443809366, -0.014433116034808543, 0.003575681847836156, 0.020016687247607908] - [0.06733720711329969, 0.19037551948014608, -0.14620874335470022, -0.10929393425832912] - [-0.10890108738454733, 0.4453864814262464, -0.06695306541872674, -0.2541257453541879] - [-0.023409649772441646, 0.015301034375343244, -0.029976965329209206, 0.03886365926642836]
A2: [0.13207432019525936, -0.22415009639194286, 0.023134931554688126, 0.07063181090165006] - [0.032485732537963455, 0.203591470292122, -0.1150481039835038, -0.12161391966493998] - [-0.09431247105923926, 0.5558483007744914, -0.2349032426760101, -0.22533272985020794] - [-0.019902952324776218, -0.018375526681565293, 0.009029381219926446, 0.03306409577238887]
B1: -2.977620560862932e-05 - 0.0007059395248811528 - -8.310973696898193e-05 - 0.0001051656324216737
B2: 6.489188507291665e-05 - 0.0004668430473839289 - -0.0003286974041610205 - 0.00045784114377782223
