Number: 5695
Error: 0.09154389804985616
A1: [-0.19036160630684523, -0.3634776230327946, -0.2758400159469532, -0.1738625048690925] - [-0.1979812380117321, -0.028950097990706747, -0.3704813458022775, -0.2951023117738791] - [-0.5461764211253828, -0.17974508494112265, -0.6240999127414784, -0.6502316278513136] - [-0.12247843913437412, -0.19017569776496662, -0.18308770814145214, -0.07622272889411834]
A2: [-0.09454240532561019, -0.4278755125398877, 0.1361944233269888, 0.031821770643501154] - [0.1065787135372728, 0.06997049441050052, -0.02845559743606581, -0.03585904763724103] - [-0.10087565665040223, 0.1771940693188287, -0.11189997386921026, -0.2067705068180368] - [0.0634700525384613, -0.2864597259420841, 0.14185455990280496, 0.07258238465730268]
B1: 0.10711805489120892 - 0.04322699798385639 - 0.09481333992502787 - 0.08575508476210994
B2: -0.13722201071249757 - -0.11094217250033027 - -0.07851567154449912 - -0.20370810533602784
