Number: 9465
Error: 4.835642225236722e-14
A1: [0.0531725092156303, -0.14800131194600777, -0.02699908822101534, 0.12182778103398086] - [0.005313403856240645, 0.13083637795508013, -0.11360105969734302, -0.022550079776905114] - [-0.014445031245402027, 0.22309106594795394, -0.12704173383330908, -0.08160648787081864] - [0.027147095466501577, -0.10001940260803059, -0.04942387162193407, 0.12229875746503661]
A2: [0.08925209707491766, -0.07291572904489324, -0.12362973170665355, 0.10728398976499731] - [0.10883885937454979, 0.2498113111960139, -0.4048481021127173, 0.04618656239548915] - [0.03663482545553438, 0.4625540187147655, -0.3777185295793833, -0.12147438545281186] - [0.14342560392702866, -0.04460744950785457, -0.20150034517814935, 0.10267902091504573]
B1: 6.499431134425219e-07 - -5.722783409070603e-07 - -4.6982612252530483e-07 - -3.873647118258824e-07
B2: 3.265706535386363e-07 - -2.3419933872466218e-07 - -8.093552116009575e-07 - -5.457717417011511e-07
