Number: 4180
Error: 9.257306182357004e-16
A1: [0.06621318808200356, -0.1139520734521712, -0.02398394388490112, 0.07172287453913645] - [0.037402618079711306, 0.18819337512204978, -0.14740894092829385, -0.07818700432643004] - [-0.06022941105767163, 0.328950761965623, -0.1277531485638749, -0.14096836088047765] - [0.039046111240759046, -0.05332273152884745, -0.037418636731468065, 0.0516950744555174]
A2: [-0.009108336417675366, -0.34680293153602887, 0.24945533163197833, 0.10645693085483535] - [0.08003982487965734, 0.036282256017392815, -0.05025011322948601, -0.06607196047289356] - [-0.04245288775749059, 0.23083181570839048, -0.04053131873751873, -0.14784791450953816] - [0.06813481440310071, -0.29346781299022207, 0.1417712792874789, 0.0835619003954333]
B1: -1.1243806469246412e-08 - 1.3640897954778114e-10 - -2.754553694304411e-08 - 1.4988429443140962e-08
B2: -5.808180211007955e-09 - 1.9089465979277127e-09 - -7.628368261799657e-09 - -2.8101382744432595e-08
