Number: 6889
Error: 8.328700176332836e-16
A1: [0.08043166423955843, -0.18046783119325838, -0.0195888773939189, 0.1196249512954763] - [0.03741557720236014, 0.13359638338568106, -0.13472618898413455, -0.03628582788725535] - [-0.0017028329682757125, 0.22819010255158123, -0.12282839658025842, -0.10365892417622567] - [0.03886321846992606, -0.11448103446682692, -0.046416457344804735, 0.12203421200365716]
A2: [0.03530753310251175, -0.02927338550670308, -0.07569726434114513, 0.06966350198230263] - [0.10289375273345931, 0.2828967033454037, -0.3926063942563075, 0.006815998163884797] - [-0.011187109767847233, 0.5390145808519506, -0.35945102474693863, -0.16837647486740567] - [0.09786283870749399, 0.01746335597390791, -0.16885097310373545, 0.05352491963509312]
B1: -1.2622778426347855e-08 - 1.9094699766116326e-08 - -3.203782014289234e-08 - -5.913346126996217e-09
B2: -9.738961658495365e-09 - -4.942314921076945e-09 - -4.1160437800299345e-10 - -4.69535215788817e-09
