Number: 9461
Error: 3.04480473226109e-13
A1: [0.05317155468758299, -0.14800226682626244, -0.027000041698073893, 0.12182682604434666] - [0.005313624444301264, 0.130836598774064, -0.11360083914028139, -0.022549858874231735] - [-0.014443960529114676, 0.22309213705561498, -0.12704066396431343, -0.08160541677261646] - [0.02714664517560855, -0.10001985289802272, -0.049424322860443105, 0.12229830603368234]
A2: [0.08925634341111462, -0.07291149252461604, -0.12362558103829571, 0.10728828846440082] - [0.10884059986300763, 0.24981305199115247, -0.4048463960974679, 0.04618833216806236] - [0.03663512875462099, 0.462554320431338, -0.3777182336673651, -0.12147407901211602] - [0.14342533439180233, -0.04460771804529815, -0.20150060835771763, 0.1026787473742115]
B1: 1.8567371827891894e-06 - -1.1400610954383837e-07 - -4.830380771564239e-07 - -7.022433021127745e-07
B2: -1.7182680559300658e-07 - -7.9218217928328e-09 - -1.4620564342751768e-07 - -3.1814168266733536e-07
