Number: 6343
Error: 9.759511538620413e-16
A1: [0.08043170837811443, -0.18046778705969993, -0.019588833308137533, 0.11962499542899262] - [0.03741562516739491, 0.13359643131441432, -0.1347261411146696, -0.03628577994878839] - [-0.0017027532716106272, 0.22819018224654852, -0.12282831700028406, -0.10365884450083065] - [0.038863297299346136, -0.1144809558586349, -0.04641637856561601, 0.12203429078408419]
A2: [0.03530741742238841, -0.029273501506785066, -0.07569737432831472, 0.06966338091048954] - [0.10289381272929625, 0.2828967638504353, -0.39260633622913177, 0.0068160609883145895] - [-0.011187030345848253, 0.5390146607476781, -0.3594509495723315, -0.16837639117762399] - [0.09786282627538005, 0.017463343485246148, -0.1688509849383124, 0.05352490658543178]
B1: -1.4924934227169053e-08 - 2.1248583570143022e-08 - 1.5546310045655137e-08 - 1.4682124780230145e-09
B2: -1.378711906674679e-08 - -1.4080258735600355e-08 - 2.8068159438344756e-08 - 1.228316469172271e-08
