Number: 4724
Error: 1.5531205800964388e-15
A1: [0.06621319726236942, -0.11395206447697181, -0.02398393471176787, 0.0717228837040533] - [0.037402613638339834, 0.1881933708786266, -0.14740894529450416, -0.07818700869304325] - [-0.06022935431107534, 0.3289508164675776, -0.1277530930350296, -0.1409683056500825] - [0.039046262377303756, -0.053322588075647374, -0.03741849051184269, 0.05169521948785517]
A2: [-0.009108821842403938, -0.3468034464954548, 0.2494548422795578, 0.10645642191364783] - [0.08003992840870501, 0.03628236754780759, -0.05025000007812855, -0.0660718463607761] - [-0.0424528343964388, 0.23083187460102692, -0.04053126155353393, -0.14784785549413076] - [0.06813468812223364, -0.29346795203082415, 0.14177114238674218, 0.08356175881141971]
B1: 5.010876440324439e-08 - 4.2941848026718105e-08 - -1.399605995045861e-08 - -3.035729484100611e-08
B2: 2.4613062316214618e-09 - 3.5965157827756696e-09 - -1.8375844072567167e-08 - -5.9388213918441485e-09
