Number: 7168
Error: 8.616314478454845e-16
A1: [0.08043171792268042, -0.18046777751621698, -0.019588823774984318, 0.11962500497246722] - [0.03741562316200554, 0.13359642931054286, -0.134726143116062, -0.03628578195306826] - [-0.0017028386640379777, 0.22819009685594777, -0.12282840226767051, -0.10365892987046171] - [0.03886327797342948, -0.11448097513031569, -0.046416397879221576, 0.12203427147017605]
A2: [0.035307480470959454, -0.029273438283826874, -0.07569731438254079, 0.06966344689765643] - [0.10289374925121973, 0.2828966998336141, -0.39260639762427896, 0.006815994517475832] - [-0.011187196556272136, 0.5390144935458668, -0.35945110689409304, -0.16837656631938047] - [0.09786277054803422, 0.017463287504415028, -0.16885103798713602, 0.05352484808985591]
B1: 4.363402806255321e-08 - -2.2991141467652498e-08 - -9.646469723683753e-09 - 1.6873461686437945e-08
B2: 1.2996880574095432e-08 - 1.1860720769876825e-08 - -2.0925214708863546e-08 - 2.3245973655451158e-08
