Number: 7941
Error: 9.001633901544353e-16
A1: [0.08043170440667635, -0.1804677910307021, -0.019588837274834632, 0.11962499145800429] - [0.037415612368485424, 0.1335964185251909, -0.1347261538880302, -0.03628579274059322] - [-0.0017028126950488893, 0.22819012282437284, -0.12282837633670994, -0.10365890390840325] - [0.03886325032366754, -0.11448100270249176, -0.04641642551136239, 0.12203424383759862]
A2: [0.035307505085104246, -0.02927341360159912, -0.07569729097963061, 0.06966347265892711] - [0.10289375417054968, 0.2828967047947, -0.3926063928663464, 0.0068159996687148046] - [-0.011187089317762813, 0.5390146014239919, -0.35945100539046737, -0.16837645331846277] - [0.09786284538491188, 0.017463362681689, -0.1688509667472061, 0.053524926644138895]
B1: 7.570762322265115e-09 - 2.470058798473815e-08 - -8.724034078740082e-10 - 3.8210979666564866e-09
B2: -3.806281831064738e-10 - 2.0601014230075286e-08 - 6.8986757546439825e-09 - 2.570774547176511e-09
