Number: 3217
Error: 0.018268959015775823
A1: [-0.2159153840954929, -0.3674116174744989, -0.32680274442290635, -0.2521441839921466] - [-0.049371213719821144, 0.11319561946956921, -0.2129408630284961, -0.12275118146446919] - [0.09715210451864914, 0.6262766413816823, 0.12838118727995107, 0.12811923358414784] - [0.17793434922809023, 0.1763570329368429, 0.15968576445647947, 0.2678768601615426]
A2: [0.38033236590349706, -0.19175928847308668, 0.27005733161996787, 0.058697269942792896] - [-0.08026940198287714, -0.06563450193430026, -0.2714107261918207, -0.3511172067174197] - [-0.08252046946874625, 0.21753502056717505, -0.3539715189972831, -0.47104216819590716] - [-0.15340681700856704, -0.4099660521370602, -0.3310355526263144, -0.3852064546255834]
B1: -0.2880547659645482 - -0.46082566983142437 - -0.3167720634097296 - -0.28772636322863204
B2: 0.08657962173770922 - -0.20204782892202777 - -0.07160459502925048 - -0.1355425764608823
