Number: 839
Error: 2.5360974888086257e-11
A1: [-0.012173992294427633, -0.014538326770283374, 0.018064515888934738, 0.008561085487892575] - [0.06583897795353189, 0.18949886106001812, -0.14531870080380502, -0.11000439382766902] - [-0.09630950545472768, 0.42177020920395986, -0.05347516330604297, -0.27205487768116027] - [-0.0013731787217312115, -0.018268944599484128, -0.0038901208207777357, 0.02331701232704983]
A2: [0.16158592193252144, -0.16775555716002594, 0.00850055101805251, -0.0023338479104308657] - [0.035486234444254444, 0.2075172244779851, -0.1172099154493789, -0.12579152969903915] - [-0.08621365509038732, 0.5815380135578374, -0.2353888341880738, -0.2599356753736339] - [-0.0038339891812192804, -0.004518327936418123, 0.0011112249241462054, 0.007244328632406027]
B1: -3.103995080123506e-06 - -5.609404388762871e-06 - -5.521303237402793e-06 - -1.9111251566965774e-06
B2: 4.560047271614795e-06 - -4.385399486258694e-06 - 7.119029926027858e-06 - -8.941234617560158e-06
