Number: 9502
Error: 1.7449176675215095e-13
A1: [0.053172355915271266, -0.14800146529610064, -0.02699924134743705, 0.12182762766448099] - [0.005314396200845258, 0.13083737133961998, -0.11360006751335947, -0.022549086047678937] - [-0.014444794511327557, 0.2230913027637643, -0.12704149729531639, -0.0816062510596948] - [0.027148882450861354, -0.10001761564285692, -0.04942208089199777, 0.1223005489572456]
A2: [0.08926218125056928, -0.07290566820562981, -0.12361987477311696, 0.10729419826076676] - [0.10884168878265107, 0.24981414109107825, -0.4048453287629466, 0.04618943939933659] - [0.036637737149307896, 0.4625569152571017, -0.3777156887976836, -0.12147144355878156] - [0.14342717652332293, -0.04460588276214971, -0.20149880968084496, 0.10268061685771233]
B1: -4.383823631014671e-07 - 6.276033828404444e-07 - 2.7223353544826165e-07 - 7.730537972443204e-07
B2: 7.802961728711427e-07 - 3.4546476590464416e-07 - 5.967216407267342e-07 - -4.3873923577685373e-07
