Number: 4146
Error: 1.0002041704110372e-15
A1: [0.06621316688997586, -0.11395209417062563, -0.023983965060297062, 0.07172285338267512] - [0.0374026043644509, 0.18819336201804945, -0.14740895441144722, -0.07818701781077493] - [-0.0602293835175507, 0.32895078841638686, -0.12775312161473956, -0.14096833407629056] - [0.039046092638821236, -0.053322749185102956, -0.03741865472821752, 0.051695056604895366]
A2: [-0.009108668652540224, -0.3468032839853012, 0.2494549967089822, 0.10645658252471639] - [0.08003984201591621, 0.03628227447805387, -0.05025009450052902, -0.0660719415849051] - [-0.04245283039701017, 0.23083187901497482, -0.04053125726776927, -0.1478478510710179] - [0.06813479097116583, -0.2934678387898031, 0.14177125388500494, 0.08356187412390739]
B1: 3.436077523814701e-08 - -1.345801264081218e-08 - -9.392089567466198e-09 - 3.3925221967782664e-09
B2: 1.9162777457676465e-08 - 2.226735665171674e-08 - -1.5598788766526186e-08 - -1.1654691671599942e-08
