Number: 5829
Error: 3.9159165883169536e-07
A1: [0.0728445928071414, -0.18810407541594448, -0.0271327957144757, 0.1120520906324613] - [0.030210421601844346, 0.12635544165053259, -0.1419129343701632, -0.04349075475565898] - [-0.00621489663878178, 0.22365756065063325, -0.12730073243227746, -0.10815386892406847] - [0.03378634871639142, -0.11957729065376249, -0.05141989150379081, 0.11699776147093349]
A2: [0.031986454055704265, -0.03262527438381882, -0.07883293892404843, 0.06623132995181893] - [0.08963792007547253, 0.26944789596482777, -0.40542441811544216, -0.006999276778468635] - [-0.0011843859118922128, 0.5491239650924606, -0.34997328184418386, -0.1578628899572221] - [0.10098870196539285, 0.02061938172542139, -0.16586517842586504, 0.05680409214782958]
B1: 0.0013313698564715382 - -0.0011261852161058594 - -0.000796614065105749 - 2.3681571600492205e-05
B2: 0.0003864097661108554 - 0.0012039348930744358 - -0.0017074238065464698 - 0.00011647944589589915
