Number: 66
Error: 0.0008315817977380246
A1: [0.007264101982280762, 0.006246517744023313, 0.04083390008895555, 0.03025828617423852] - [0.10238030219323824, 0.2295184741090858, -0.11158550813562075, -0.08394252395343427] - [-0.09656862207206096, 0.42503225775497266, -0.05338713912092816, -0.2715908288259977] - [0.005393561417983171, -0.006751889192701166, 0.003601913488521108, 0.02884437531914441]
A2: [0.2815109156602454, -0.05086616529251548, 0.12482923830403381, 0.1135275106541363] - [0.08430561217890309, 0.252760380501677, -0.07395262317631401, -0.08249848520372276] - [0.06485759701307632, 0.7311649713473314, -0.08869866940644756, -0.11302223313664637] - [0.341263481896193, 0.3389888212758776, 0.34368504773274927, 0.3378377369179457]
B1: 0.034547377790522346 - 0.41352896791427374 - -0.011012959478869098 - -0.0417138555656877
B2: 0.005376326648461146 - 0.39431830662826806 - 0.001134982506582523 - 0.007819795563651545
