Number: 2845
Error: 2.2576883940333094e-08
A1: [0.06314019246989974, -0.04816506856501663, -0.023735051053590975, 0.007563450411618293] - [0.043466896388944735, 0.19108265899972915, -0.14276504250146538, -0.09272608455715341] - [-0.123942567691703, 0.41436481676055614, -0.10535912809062234, -0.1875715887836355] - [0.036128635693292, 0.018290981613322915, -0.03400654317495442, -0.023922063948230442]
A2: [0.06287784517099246, -0.17424690162450976, 0.08576058116430238, 0.023400420152442595] - [0.029349524641738876, 0.2003574000355016, -0.10165074394577209, -0.12781466541441974] - [-0.09343964565542817, 0.5136526565859018, -0.22563577541258353, -0.19512673992989477] - [-0.026213879433375855, 0.018235462321125127, -0.050574039008779006, 0.05669826757024812]
B1: -5.814945757358687e-05 - 0.00014500870935792168 - 3.5463266508313786e-05 - 8.886664747582325e-05
B2: 2.9659592703165053e-05 - -7.884033863620898e-05 - -6.014706567012775e-05 - -0.0001487589423038794
