Number: 9366
Error: 1.1243557888586499e-11
A1: [0.05316820639174175, -0.148005613776601, -0.02700338493767383, 0.12182347866425171] - [0.005302245220976063, 0.130825206093095, -0.11361221713978477, -0.022561254379225983] - [-0.014455119188261985, 0.2230809746210583, -0.12705181322247802, -0.08161657836475192] - [0.02715400713081677, -0.10001248895071149, -0.04941694364400693, 0.12230568966948278]
A2: [0.08924615074827053, -0.07292166411804366, -0.1236355454451511, 0.10727796987309896] - [0.10885443674050098, 0.24982689345346829, -0.40483283305949475, 0.04620240335803111] - [0.03664006323178966, 0.4625592291749552, -0.37771341982939355, -0.1214690932316138] - [0.1434507542190196, -0.04458239110081002, -0.20147578815962247, 0.10270454509826148]
B1: 4.457076431240472e-06 - 7.08809656081244e-06 - 5.200632840643377e-06 - 2.4787808791216734e-06
B2: 4.019062814875724e-06 - 1.4110151859441487e-05 - -4.963427652132215e-06 - 4.033608937219978e-06
