Number: 3605
Error: 2.6343846792666887e-12
A1: [0.06620987522906838, -0.11395531227643645, -0.02398725420589615, 0.07171956723493177] - [0.037405579632370435, 0.18819620468032683, -0.1474060294972036, -0.07818409262325891] - [-0.06022713550999901, 0.328952947526339, -0.12775092176283398, -0.14096614618779912] - [0.03904968324963194, -0.053319341131224544, -0.03741518094195159, 0.05169850213220089]
A2: [-0.0091013190165901, -0.3467954871393147, 0.24946240582527512, 0.10646428818795926] - [0.08004786887832083, 0.036290921752993775, -0.05024132158786682, -0.06606309417572351] - [-0.04246816277035224, 0.2308149571312014, -0.04054768818011673, -0.14786480819681724] - [0.06814679606657006, -0.2934546206287457, 0.14178426865094707, 0.08357533412908999]
B1: -1.7988761845168509e-06 - -2.5202572823249304e-06 - -2.880345673398725e-06 - 2.158116152711402e-06
B2: 1.8179665773887269e-07 - 3.18679366314827e-07 - -3.391074927762171e-07 - -5.081813221637072e-06
