Number: 7929
Error: 1.2483948738159244e-15
A1: [0.08043172955181607, -0.18046776588840993, -0.019588812159760435, 0.11962501660027224] - [0.03741551201041386, 0.13359631824307333, -0.13472625404614044, -0.036285893043073864] - [-0.0017028086941578968, 0.22819012682517828, -0.12282837234167694, -0.10365889990858018] - [0.03886324561595508, -0.1144810073969929, -0.0464164302160751, 0.12203423913281199]
A2: [0.03530743333832766, -0.02927348554680026, -0.07569735919564494, 0.06966339756824663] - [0.10289368928031195, 0.2828966393537481, -0.3926064556273763, 0.006815931719218305] - [-0.011187119761432331, 0.5390145707987428, -0.35945103420610475, -0.16837648539797376] - [0.09786278527102836, 0.017463302294380235, -0.16885102397180463, 0.0535248635442156]
B1: -9.087980732222462e-09 - 2.4771494500789454e-09 - -3.82131560691549e-09 - -6.108012018279772e-09
B2: 2.4072022991910875e-08 - -5.389550592532219e-08 - 1.4771916996017537e-08 - 2.7592979810479082e-09
