Number: 4011
Error: 9.955531833744403e-16
A1: [0.06621319092338715, -0.11395207067428581, -0.02398394104574584, 0.0717228773757492] - [0.037402572225160496, 0.18819333131114188, -0.14740898600683744, -0.07818704940895232] - [-0.06022934062276818, 0.3289508296144439, -0.1277530796404378, -0.14096829232776492] - [0.039046217228682796, -0.05332263092913169, -0.03741853419170334, 0.051695176162672316]
A2: [-0.009108510878742166, -0.34680311661194435, 0.2494551557593554, 0.10645674794194873] - [0.08003982210849027, 0.036282253032049995, -0.0502501162582166, -0.06607196352734458] - [-0.04245288040302628, 0.23083182382520503, -0.04053131085619914, -0.14784790637580586] - [0.06813483170523554, -0.29346779393979944, 0.14177129804468766, 0.08356191979435175]
B1: 8.49836197137096e-09 - 2.9449452740456234e-09 - -3.0391598119811873e-08 - 1.7923521168083572e-08
B2: 9.157435792065787e-09 - -2.1352663032743684e-08 - 2.5206076178338297e-09 - 2.3198331715948253e-08
