Number: 7445
Error: 8.742013889730832e-16
A1: [0.08043171772759677, -0.18046777771128425, -0.01958882396984214, 0.11962500477740273] - [0.03741562762703018, 0.1335964337721853, -0.13472613865993455, -0.036285777490518804] - [-0.0017027875177736242, 0.22819014800111412, -0.12282835119630307, -0.1036588787378491] - [0.038863267192908016, -0.11448098588058776, -0.04641640865287835, 0.12203426069635145]
A2: [0.03530737353110908, -0.02927354551944496, -0.07569741605964414, 0.06966333497356027] - [0.10289374573671774, 0.2828966962892896, -0.39260640102345595, 0.006815990837283757] - [-0.011187045430822022, 0.5390146455727105, -0.3594509638505078, -0.16837640707327498] - [0.09786282117005932, 0.01746333835670458, -0.16885098979823035, 0.053524901226487315]
B1: -1.3110158423951918e-08 - 1.7978903777248653e-08 - 3.143697337813041e-08 - 1.4824406138777611e-08
B2: 9.628881351765082e-10 - 1.7503914604465721e-10 - 1.3205541622684127e-08 - 2.268310515437191e-09
