Number: 3069
Error: 1.7445181685330457e-06
A1: [0.06364381439658251, -0.04766385734410202, -0.023237490972565656, 0.008055447954830536] - [0.04293607522000029, 0.19057172696898866, -0.14330607554604574, -0.09330397742412903] - [-0.12366990999523964, 0.4146487646431886, -0.10507483754903602, -0.18727880012199088] - [0.03723245543229968, 0.019397253479438624, -0.032911912902512046, -0.022841140415411524]
A2: [0.06658388410145423, -0.17055340400791627, 0.08945532537415667, 0.027059915840978745] - [0.029696823816897727, 0.2007020915114411, -0.10130654805101948, -0.12747602357096677] - [-0.09017056597459995, 0.5168607125237643, -0.22236003166411494, -0.191956862999244] - [-0.021520608534845696, 0.02289557786500795, -0.04588958700437745, 0.06127212051008183]
B1: 0.0003944832357135905 - -0.0012531065747751272 - -0.00013537665376888884 - -0.00019818202830899326
B2: 0.0009501747591735465 - 0.0009310156764286187 - 0.0009636358334544405 - 0.0013137798466578885
