Number: 6752
Error: 7.852419545242178e-16
A1: [0.08043162311629397, -0.18046787231186545, -0.01958891846801223, 0.11962491017690853] - [0.03741554458897566, 0.13359635079698093, -0.13472622153253655, -0.03628586048257403] - [-0.0017028625942758998, 0.22819007292621368, -0.12282842616288134, -0.10365895379431907] - [0.038863185448121694, -0.11448106739595909, -0.04641649034556743, 0.12203417900237634]
A2: [0.03530741675321639, -0.029273502177804812, -0.07569737496456524, 0.0696633802101382] - [0.10289373903304465, 0.2828966895287118, -0.3926064075071685, 0.006815983817547728] - [-0.011187142949364796, 0.5390145474725215, -0.35945105615395945, -0.16837650983193536] - [0.09786277758840145, 0.01746329457680573, -0.16885103128515003, 0.053524855479936906]
B1: -1.4100314415134298e-08 - -6.74797900067857e-09 - -1.970059921476326e-08 - -1.695965873373735e-08
B2: -2.419241116067697e-08 - -1.2869135600038609e-08 - -1.2940100326030862e-08 - -1.1856371435612365e-08
