Number: 3305
Error: 1.3296270839969991e-05
A1: [0.07997505996002467, -0.10079276707203746, -0.010518553967965544, 0.08523078345126836] - [0.03904484233162245, 0.18937272855859308, -0.14573643322633004, -0.07647249818267694] - [-0.0627970711658542, 0.3269139657544422, -0.13000812262821243, -0.14328598455035219] - [0.03820544227589162, -0.054108400368307046, -0.038454815184116996, 0.050734207897241326]
A2: [-0.028381989508375144, -0.36748735121448173, 0.23040232363630397, 0.08632649569435048] - [0.09680480039473292, 0.0544581678065018, -0.03205088017782452, -0.04771367860614047] - [-0.06986638850799755, 0.1996522276824257, -0.07036705112536293, -0.17857873640654076] - [0.04372009854086976, -0.32111653730397033, 0.11498081854492638, 0.05586105295526974]
B1: -0.003315849543084152 - 0.002554826291795749 - -0.0009620649275895783 - 0.000708467827353718
B2: 0.008888858328592193 - -0.003086063915507221 - -0.001916578622774626 - 8.91934308739279e-05
