Number: 8034
Error: 9.198508526401593e-16
A1: [0.08043177109052269, -0.18046772435440275, -0.019588770670717064, 0.11962505813423735] - [0.037415493917485027, 0.1335963001638415, -0.1347262721030087, -0.03628591112597478] - [-0.0017028004274293402, 0.22819013509173233, -0.12282836408705143, -0.10365889164405706] - [0.03886330216877871, -0.11448095100287056, -0.046416373699281664, 0.12203429565049091]
A2: [0.03530744990771784, -0.029273468931591873, -0.07569734344166243, 0.06966341490988638] - [0.10289378829645761, 0.28289673921022773, -0.3926063598601888, 0.006816035403485704] - [-0.01118715364737597, 0.5390145367106784, -0.3594510662799428, -0.16837652110471724] - [0.09786280916394842, 0.01746332629596392, -0.16885100122726443, 0.05352488862396716]
B1: 1.8757324338410174e-08 - -7.76894827298792e-09 - -1.2121107154925022e-08 - -4.586912244826846e-09
B2: 2.756054570639795e-08 - -5.121674968556481e-08 - 3.1954927548510325e-10 - 1.890428962903298e-08
