Number: 8235
Error: 7.60689148983325e-16
A1: [0.08043162648736454, -0.18046786894121042, -0.0195889151010296, 0.11962491354755467] - [0.03741562363439216, 0.13359642978262207, -0.13472614264446842, -0.03628578148085363] - [-0.0017028051056441284, 0.22819013041361136, -0.12282836875842967, -0.10365889632103284] - [0.03886317301574774, -0.11448107979346313, -0.04641650277004153, 0.12203416657771118]
A2: [0.03530739059935835, -0.02927352840393668, -0.07569739983139678, 0.06966335283737697] - [0.10289371250886137, 0.282896662779434, -0.3926064331610191, 0.006815956042889931] - [-0.01118704851521866, 0.5390146424698629, -0.35945096676989097, -0.168376410323494] - [0.09786278254693953, 0.017463299557869946, -0.16885102656498252, 0.05352486068482021]
B1: -4.54994620771683e-08 - 1.0632496721976313e-08 - 4.651574339128971e-09 - 9.59120245340579e-09
B2: -3.4073591216005276e-08 - 2.767042542405415e-08 - 2.4021150286579895e-08 - -3.1050801348408e-08
