Number: 6303
Error: 1.1350394118563253e-15
A1: [0.08043164867105335, -0.18046784675999683, -0.019588892943806634, 0.11962493572875231] - [0.037415555163848084, 0.13359636136385272, -0.1347262109787329, -0.0362858499135555] - [-0.0017028369122858962, 0.22819009860766035, -0.12282840051849593, -0.10365892811918145] - [0.038863207227252984, -0.11448104567794727, -0.04641646858031413, 0.12203420076797485]
A2: [0.03530746657177674, -0.029273452221454388, -0.07569732759772903, 0.06966343235068384] - [0.10289380172974372, 0.2828967527575276, -0.3926063468677529, 0.006816049470171369] - [-0.011187018482663614, 0.539014672681623, -0.3594509383435777, -0.16837637867696392] - [0.09786285624752636, 0.017463373593726957, -0.16885095640678305, 0.05352493804644493]
B1: -8.630643918211758e-09 - 9.593501886151018e-09 - 5.5743111864477896e-09 - 2.6785855110255555e-09
B2: -1.9760545558684997e-09 - 3.7804601607667616e-10 - 1.5725598800292464e-08 - 7.752836312227208e-09
