Number: 7672
Error: 9.19237990403813e-16
A1: [0.08043169518748251, -0.18046780024884676, -0.01958884648299165, 0.11962498223987009] - [0.03741560973140249, 0.1335964158901011, -0.13472615651988964, -0.036285795376225255] - [-0.0017028193668585981, 0.22819011615270662, -0.12282838299874987, -0.10365891057843192] - [0.03886324507485618, -0.11448100793656918, -0.04641643075682173, 0.12203423859205409]
A2: [0.0353074774904675, -0.029273441272554535, -0.07569731721633809, 0.06966344377822851] - [0.1028937016501106, 0.28289665182852136, -0.3926064436634674, 0.006815944672196984] - [-0.01118711013535717, 0.5390145804822465, -0.3594510250947941, -0.1683764752546597] - [0.09786278283198044, 0.017463299844242927, -0.16885102629362445, 0.053524860984015515]
B1: -4.049284064968848e-08 - -2.937839426183357e-08 - 2.461165557941622e-08 - 3.7364050972812e-09
B2: -6.332183574806115e-09 - -1.8797439102987544e-08 - -1.700074283892777e-09 - -8.17586914096754e-09
