Number: 6504
Error: 7.175318713036217e-16
A1: [0.08043168614179688, -0.18046780929350106, -0.019588855517868514, 0.1196249731952135] - [0.03741558533852446, 0.13359639151568672, -0.13472618086418134, -0.036285819755597526] - [-0.0017028145238221323, 0.2281901209956443, -0.12282837816281113, -0.10365890573669487] - [0.038863225860048374, -0.1144810270974457, -0.046416449959390524, 0.12203421938918713]
A2: [0.035307440167387, -0.02927347869887356, -0.07569735270267504, 0.06966340471561229] - [0.10289373399689326, 0.28289668444981736, -0.392606412378066, 0.006815978543958013] - [-0.01118709797503873, 0.5390145927151042, -0.3594510135847984, -0.16837646244089896] - [0.09786280204491793, 0.017463319144567786, -0.1688510080041352, 0.053524881151324484]
B1: -1.3555168677241006e-09 - 6.067572072083768e-10 - -5.19414437958624e-10 - 9.85854189071371e-10
B2: 4.3338575610646197e-11 - -2.329806265513629e-09 - 5.166013548457573e-09 - -4.072191354040519e-09
