Number: 1284
Error: 4.841143732699294e-09
A1: [-0.007841735565785792, -0.015653567609112698, 0.0023171773080895037, 0.01878280272036222] - [0.06688983402569589, 0.18994506179057158, -0.1466700527199833, -0.10979214151201012] - [-0.11373536879438974, 0.44065890567133303, -0.07198702422833002, -0.25934530638912623] - [-0.024038406400884605, 0.014687351059085977, -0.030617010484368972, 0.038205236120833805]
A2: [0.13157375980128108, -0.22464170151773755, 0.022654902893525144, 0.07014863445559903] - [0.03254320687873459, 0.20364776197495268, -0.11499100534382739, -0.12155824256412652] - [-0.09451014957957776, 0.5556509667361184, -0.23509193503241832, -0.22552424863796686] - [-0.021067175793950614, -0.019513696364412924, 0.007880840653963637, 0.03195135663835315]
B1: -2.6402480633728274e-05 - 0.0002874870393397982 - 3.6481853336059995e-05 - -6.702748062838555e-05
B2: -3.9274099720780186e-06 - 4.952049605435261e-05 - 9.11604022012864e-05 - -6.57430747540089e-05
