Number: 9731
Error: 1.4839439197526936e-15
A1: [0.05317242549784319, -0.1480013956640638, -0.026999171825818048, 0.12182769727951678] - [0.005313596712969074, 0.13083657103542284, -0.1136008668578722, -0.022549886653798496] - [-0.014444537956524837, 0.22309155942705586, -0.1270412409282225, -0.08160599440082887] - [0.02714628646674513, -0.10002021166685066, -0.04942468239477447, 0.12229794633361475]
A2: [0.08925449972710332, -0.07291333197211014, -0.12362738323999917, 0.10728642197050114] - [0.10884188439023859, 0.24981433672993192, -0.4048451370238085, 0.04618963829727591] - [0.036635817760638865, 0.4625550058428931, -0.3777175614526498, -0.12147338286457002] - [0.14342655656937003, -0.04460650041242173, -0.20149941501925558, 0.10267998769347005]
B1: 3.1828732998400164e-08 - -3.034879686913504e-08 - -2.7316494285760905e-08 - -2.0282192490108445e-08
B2: -1.5842486153003323e-08 - -3.2879863720501e-08 - -1.5679431950349866e-08 - -2.976224606915317e-08
