Number: 3193
Error: 0.005469547881994034
A1: [-0.07793548579326381, -0.19426438187936562, -0.1665226349679682, -0.13158641377295419] - [0.04529834213485748, 0.1928097437575688, -0.14253815100225975, -0.09315932834626783] - [-0.22283760412412262, 0.31252907884027414, -0.20594915814694295, -0.28653405677152183] - [-0.019262524670469933, -0.03804251852075549, -0.08444444875856161, -0.07129196816679814]
A2: [-0.045838146362777527, -0.27124536054001785, -0.0069481597454889125, -0.05331837856597749] - [0.0386149536670619, 0.21020748876994524, -0.09107075711279472, -0.11783813377357687] - [-0.1222992635874553, 0.4872784187983383, -0.25532643114022535, -0.22910326412965903] - [0.03384078660314432, 0.07651399249668325, 0.0012240954019737509, 0.09086566523322445]
B1: -0.043368626173085636 - -0.07343863968552523 - -0.04166279720061784 - -0.03678411222969208
B2: 0.06768556400178075 - 0.08300652747389126 - 0.0235225410536873 - -0.03902433967786849
