Number: 3145
Error: 7.2980969078849906e-06
A1: [0.06591534448751533, -0.04547310591390059, -0.020954516717076634, 0.010499829307412131] - [0.045771694100814414, 0.19326279709912017, -0.14038044787925774, -0.09023536759259955] - [-0.1126540596595479, 0.42546316351323143, -0.09400595796512376, -0.17611798685398555] - [0.05082561414653009, 0.032649924031245094, -0.019627165751183125, -0.00915869244804863]
A2: [0.055860787313064, -0.1811497726276894, 0.0785571308940175, 0.015994379362782137] - [0.03696960974443496, 0.20783535013610335, -0.09402806183956061, -0.12039211498864204] - [-0.09840312609626899, 0.5088154805924653, -0.2306371235313209, -0.19990899528619774] - [-0.02997338146523288, 0.014628487665581504, -0.05429263369991887, 0.05300845652971908]
B1: -0.004669028902136997 - -0.0029832914837480936 - 0.0004387429373063957 - 0.001885164394329231
B2: -0.001174365033167838 - 0.0007101989510045325 - -0.0038142224878286017 - -0.005505107774157025
