Number: 45
Error: 0.0008236274353227789
A1: [-0.03486384332717124, -0.03881003069519816, -0.005983467576654511, -0.012632568430988481] - [0.1157287578252621, 0.24457951077377663, -0.10010739476185833, -0.07878875533995117] - [-0.17245385112883446, 0.347179071936429, -0.1348604753437122, -0.3500240803364977] - [-0.017918351337337938, -0.029582790899484887, -0.021094291713200215, 0.0029705605295594754]
A2: [0.40262550645884687, 0.07056386785457093, 0.24147826316049706, 0.23164017757252933] - [0.14177312818704974, 0.3100880984401514, -0.018322426949432605, -0.027537987553575557] - [0.17210399847419633, 0.8391166652922305, 0.01464981986488256, -0.007409021819820116] - [0.4732634846101529, 0.47223360575418566, 0.47328594162954535, 0.465059090852931]
B1: 0.05462233919605925 - 0.44327151298888534 - -0.020803924613542815 - -0.0351073569574874
B2: 0.006135444299987237 - 0.43525640526293585 - -0.02049820789638205 - -0.01627374342227356
