Number: 2543
Error: 2.6355596334880175e-08
A1: [0.06431646534480848, -0.04698789997585405, -0.02256667643109798, 0.008732299844402805] - [0.043504744652437456, 0.19111796035425896, -0.14272846492390026, -0.09268787916117924] - [-0.12295634949575715, 0.4153565432472668, -0.10435847677818831, -0.1865736610884381] - [0.03765433419286988, 0.01982824981517249, -0.03247626403429147, -0.02239866249227727]
A2: [0.06325176011223857, -0.1738846128713342, 0.08613931768345015, 0.023772310964096575] - [0.028990644706268116, 0.20000351611042796, -0.10200825461039517, -0.12816623513552405] - [-0.09406034898858032, 0.5130427616714112, -0.22626153580777725, -0.19572820997804022] - [-0.026223006397572246, 0.01822962646876257, -0.05059216547421697, 0.056686651762837215]
B1: 0.00010921677471309574 - 0.00030994970256882366 - -0.0001945022977082877 - -1.1804720062171656e-05
B2: 0.000154102215010225 - -0.00042138199861064884 - -1.4279719443406112e-05 - 6.255774986120648e-05
