Number: 6514
Error: 1.0590670802822412e-15
A1: [0.08043168544865129, -0.18046780998656817, -0.019588856210185312, 0.11962497250214704] - [0.03741557884182579, 0.13359638502390506, -0.1347261873479352, -0.03628582624869743] - [-0.001702806620071825, 0.22819012889922613, -0.12282837027063317, -0.10365889783505389] - [0.0388632155776898, -0.11448103735094811, -0.04641646023519705, 0.12203420911321916]
A2: [0.03530744152559504, -0.02927347733690887, -0.07569735141130868, 0.06966340613712488] - [0.10289373291647659, 0.2828966833602311, -0.3926064134230307, 0.006815977412603597] - [-0.011187098664492101, 0.5390145920215385, -0.35945101423738074, -0.16837646316740035] - [0.09786280084808256, 0.017463317942288403, -0.16885100914344453, 0.053524879895036515]
B1: -1.8786130132556265e-09 - 1.1896830738112853e-09 - -1.5235207637582265e-09 - 8.822230743562624e-10
B2: 7.322638777332984e-10 - -5.981588137695881e-09 - 1.3245127772623771e-08 - -9.876906464141072e-09
