Number: 8729
Error: 2.633520235114061e-11
A1: [0.08042999268496916, -0.18046950253396704, -0.019590546938573324, 0.11962327993534874] - [0.03741679514184818, 0.13359760042584243, -0.13472497345986897, -0.0362846106186573] - [-0.0017029476191833468, 0.2281899879143616, -0.12282851105835318, -0.10365903879516969] - [0.03886169573935493, -0.11448255290393636, -0.0464179790958857, 0.12203269022222489]
A2: [0.03531219498958598, -0.029268710732418768, -0.0756928318655777, 0.06966838113680407] - [0.10288677618153298, 0.2828896675872416, -0.39261314189740143, 0.006808692709867466] - [-0.011187157072441504, 0.5390145332652237, -0.35945106952150485, -0.1683765247140595] - [0.09786594965021383, 0.01746648106156818, -0.16884801168018887, 0.05352818510183138]
B1: -2.5792465506608804e-06 - 4.661168803484862e-07 - -1.81334625183692e-06 - -2.316297616660937e-06
B2: 2.85115691884136e-06 - 3.55651243465968e-06 - 4.6795168896699484e-06 - 3.2033004695069935e-06
