Number: 5374
Error: 1.0634909038975504e-15
A1: [0.0662132226158033, -0.11395203969003007, -0.023983909378188742, 0.07172290901497327] - [0.03740266338101076, 0.18819341840454037, -0.14740889639351812, -0.07818695978773886] - [-0.060229540944314985, 0.32895063721619083, -0.12775327566341546, -0.14096848729618736] - [0.03904617758080179, -0.05332266856110809, -0.03741857254943006, 0.05169513811634015]
A2: [-0.009108576909271615, -0.34680318665984866, 0.24945508919412543, 0.10645667871260976] - [0.08003989596396682, 0.03628233259552581, -0.05025003553823607, -0.06607188212213307] - [-0.04245274029423204, 0.23083197845763623, -0.04053116071037485, -0.14784775142104864] - [0.06813487355524073, -0.2934677478616661, 0.14177134341318134, 0.0835619667153462]
B1: -2.049777771831832e-08 - 8.741107242276371e-08 - -7.043065311922238e-08 - -6.11913349313454e-08
B2: -6.65267732194238e-09 - -1.5201235921979763e-08 - 1.5656367449436124e-08 - -5.316000159866208e-08
