Number: 3270
Error: 3.892617783259647e-05
A1: [0.014305191479029103, -0.16604732549599838, -0.08086277280689835, 0.01577653708092271] - [0.014202423732092321, 0.16174683598306644, -0.1684674998603904, -0.09935118725039027] - [-0.0422613171092719, 0.35029639805536694, -0.10540897240843433, -0.11903516406271583] - [0.03843242646451663, -0.05033618051797896, -0.03866731987778936, 0.05091827767875917]
A2: [0.011810372538916362, -0.3311047549034565, 0.27307519718514955, 0.12754329090973945] - [0.06634114434632238, 0.026328591713726337, -0.06819141246391375, -0.08419387731153198] - [-0.03725555398314576, 0.22242996896672879, -0.04851848819680747, -0.15074075926901467] - [0.07121827918692221, -0.3016537660088277, 0.13255862589407091, 0.07927233216841716]
B1: -0.0021827405407994953 - 0.0008477616202376218 - -0.00017487088791918667 - -0.0010160752611458445
B2: 0.01402108615820878 - -0.009832568438518324 - 0.0015025795718854713 - 0.006361003750874275
