Number: 7981
Error: 8.898714981375258e-16
A1: [0.08043169475085801, -0.1804678006854259, -0.01958884691910573, 0.11962498180328981] - [0.03741554851014637, 0.1335963547151893, -0.13472621761912051, -0.036285856563553036] - [-0.0017028343583668972, 0.22819010116151695, -0.12282839796830992, -0.10365892556593996] - [0.03886323767682834, -0.11448101531383771, -0.04641643815013969, 0.12203423119862136]
A2: [0.03530745700513891, -0.029273461814537435, -0.07569733669351432, 0.06966342233809765] - [0.10289370243125572, 0.2828966526162978, -0.3926064429079504, 0.00681594549016698] - [-0.011187137051704729, 0.5390145534053337, -0.35945105057175153, -0.16837650361730888] - [0.09786278719028296, 0.017463304222355862, -0.16885102214480083, 0.053524865558807054]
B1: 8.334450814594899e-09 - -1.0245209733460386e-08 - -1.1696230188139934e-08 - -1.2847314033548829e-09
B2: -1.7922359222264385e-08 - 2.661756233432805e-08 - 7.907878796105774e-10 - -1.4121961928854561e-08
