Number: 560
Error: 8.319767277874804e-14
A1: [-0.012154339647170836, -0.01451814154404941, 0.01808623799326745, 0.008582086636972701] - [0.06583548837037197, 0.1894955042245712, -0.1453223087326319, -0.11000827912057032] - [-0.09629298588459215, 0.42178617510935823, -0.053457237596807594, -0.2720356315226765] - [-0.0013212389603501427, -0.01821899358142878, -0.0038348325939566224, 0.023377045595542562]
A2: [0.16158614327402415, -0.1677553399243301, 0.008500768003552987, -0.002333632507026929] - [0.035485706341870385, 0.20751670486549598, -0.11721044132844613, -0.12579204636161584] - [-0.0862133681758675, 0.581538294666186, -0.23538855488476534, -0.2599353960514517] - [-0.003834796973663705, -0.004519122311024797, 0.0011104254647065477, 0.007243555722433375]
B1: -1.279349332785251e-07 - -3.16104217101559e-07 - -5.12445343172958e-08 - -5.087483889103593e-08
B2: 2.9027380155645214e-07 - 4.6827590535882516e-07 - -3.877974498743708e-07 - 1.6365363083463103e-07
