Number: 7498
Error: 1.0003994468658445e-15
A1: [0.08043170842817467, -0.18046778700965455, -0.019588833258145987, 0.1196249954790413] - [0.03741561566376045, 0.133596421817969, -0.13472615059936796, -0.03628578944716262] - [-0.0017027985991256646, 0.2281901369199972, -0.12282836226143112, -0.10365888981624509] - [0.03886325164896034, -0.11448100138091497, -0.046416424186922364, 0.12203424516206304]
A2: [0.0353074248710879, -0.02927349403746849, -0.07569736724621633, 0.06966338870638476] - [0.10289371333238316, 0.28289666360993926, -0.39260643236451537, 0.006815956905226374] - [-0.011187083491607632, 0.5390146072849116, -0.35945099987589446, -0.16837644717922534] - [0.09786277951464388, 0.01746329651181568, -0.16885102945151453, 0.05352485750189029]
B1: 2.0894924050068824e-09 - 2.0920174894542788e-08 - 3.5427848686302592e-09 - 1.6434438483383827e-08
B2: 8.44273710304172e-09 - 3.163246632978318e-09 - 1.2859460502333945e-08 - 8.527061539921315e-09
