Number: 6226
Error: 9.106502452268924e-16
A1: [0.08043165909238602, -0.18046783633984437, -0.019588882534935067, 0.11962494614889477] - [0.037415571412398665, 0.13359637760010515, -0.13472619476255893, -0.03628583367400591] - [-0.001702830468307569, 0.22819010505150164, -0.12282839408395209, -0.10365892167692262] - [0.03886321915085198, -0.11448103378781019, -0.046416456664312815, 0.12203421268416331]
A2: [0.035307401895708634, -0.02927351707640971, -0.07569738909087116, 0.06966336466012388] - [0.10289371868599194, 0.28289666900896965, -0.39260642718656524, 0.006815962511194969] - [-0.01118708092866258, 0.5390146098631577, -0.3594509974500416, -0.1683764444785331] - [0.09786278531297872, 0.0174633023365193, -0.16885102393184676, 0.05352486358822083]
B1: -2.0567008060383325e-08 - -1.0270767335858844e-08 - -7.926171309538912e-09 - -9.192061132629565e-09
B2: -1.3638259381507219e-08 - -1.912020117101658e-08 - -6.274445921629849e-10 - -7.901681065605045e-09
