Number: 6014
Error: 1.1818506082789022e-12
A1: [0.08043065215952695, -0.18046884316498232, -0.019589888266404357, 0.11962393933011845] - [0.037414896548939404, 0.1335957032126244, -0.13472686834188602, -0.036286508196785985] - [-0.0016991181622072608, 0.2281938173033777, -0.1228246871678357, -0.10365521033704811] - [0.03886376711586565, -0.11448048735260737, -0.04641590903227562, 0.1220347603174016]
A2: [0.03531531624794524, -0.029265580854194787, -0.0756898641871815, 0.06967164791493237] - [0.10289652177216756, 0.2828994958863768, -0.39260371609594075, 0.006818897750819309] - [-0.011187995185654028, 0.5390136901810186, -0.3594518628328782, -0.16837740786993344] - [0.09786569943566478, 0.017466229723650476, -0.1688482498676057, 0.05352792247737402]
B1: 3.4915521668688344e-06 - -2.932842275983209e-06 - -8.371549753234124e-08 - 1.3977327967494164e-06
B2: 4.215532556274121e-07 - 1.7580106350438292e-06 - 7.605462377090516e-08 - 6.034723745050127e-07
