Number: 2288
Error: 4.176576457049943e-05
A1: [0.04860107345854428, -0.05370948689816367, -0.030529176698309894, -0.0018239325018552452] - [0.08891620761380156, 0.23090651694419234, -0.10311233640788688, -0.04778325707614594] - [-0.12695789410714414, 0.4229472812671217, -0.10044243155153121, -0.18147498816741386] - [0.008147901423858689, 0.004537721124725516, -0.044939665198500865, -0.042085305334022674]
A2: [0.05503412927368559, -0.18653175557457596, 0.0820821338303955, 0.014727858944181793] - [0.04242331768234265, 0.21373970354491306, -0.0872174096026076, -0.11519144875467713] - [-0.0776072806765005, 0.5375661894451669, -0.20377685443583393, -0.1816648151427608] - [0.005463251979164271, 0.05587219882273613, -0.017117726325206136, 0.0872423917737348]
B1: -0.014889449877588553 - 0.007157442473967501 - -0.018214515535260562 - 0.0040163161426488205
B2: -0.0032480654513200678 - -0.017339850455268445 - 0.0018291030118778363 - 0.002016164623351314
