Number: 7184
Error: 8.972259319397622e-16
A1: [0.08043170695303167, -0.18046778848462375, -0.01958883473151774, 0.1196249940040707] - [0.03741560968349312, 0.13359641584223148, -0.13472615656771925, -0.03628579542411494] - [-0.0017028291086295113, 0.22819010641115298, -0.1228283927262511, -0.10365892031760247] - [0.038863259121488775, -0.11448099392935153, -0.04641641671915179, 0.12203425262995089]
A2: [0.035307516468713655, -0.029273402186508368, -0.07569728015632962, 0.06966348457320187] - [0.10289372457437336, 0.28289667494733395, -0.3926064214914039, 0.006815968677216267] - [-0.011187171126797374, 0.5390145191270167, -0.3594510828245343, -0.1683765395234632] - [0.09786280509932775, 0.017463322212869555, -0.16885100509653395, 0.05352488435745686]
B1: 3.23113080380983e-08 - -1.4765026583667167e-08 - -1.7919379056723866e-08 - 6.83469503181109e-09
B2: 6.88232198495955e-09 - 6.328557679381649e-09 - -1.2374758360566117e-08 - 1.1375526040047211e-08
