Number: 4892
Error: 1.132455890918268e-15
A1: [0.066213143373638, -0.11395211716144746, -0.02398398855818014, 0.07172282990579451] - [0.03740256971295759, 0.18819332891090526, -0.1474089884765154, -0.07818705187887191] - [-0.0602294333558417, 0.3289507405494105, -0.1277531703835714, -0.14096838258263714] - [0.03904623679305809, -0.05332261235917917, -0.03741851526366334, 0.051695194936999075]
A2: [-0.009108573752348605, -0.3468031833110133, 0.2494550923769365, 0.10645668202237811] - [0.08003985934240902, 0.0362822931436709, -0.050250075563584774, -0.06607192248720253] - [-0.04245283542358702, 0.23083187346743822, -0.04053126265421279, -0.14784785663011957] - [0.06813472970291574, -0.29346790624869973, 0.14177118746423473, 0.08356180543101224]
B1: 4.0170995488732294e-09 - 1.970370622519588e-08 - -1.3571188448025612e-09 - -9.395852052583638e-09
B2: -2.1964582662222138e-08 - -1.9500712591554567e-08 - 2.8858590938765023e-08 - 7.421975111468352e-09
