Number: 9802
Error: 9.561308035963256e-16
A1: [0.05317252660468293, -0.14800129452004285, -0.02699907083038477, 0.12182779843510955] - [0.005313678448503205, 0.1308366528567433, -0.11360078513448281, -0.02254980480295352] - [-0.014444498195066543, 0.22309159920314198, -0.1270412011982055, -0.08160595462515206] - [0.027146388424579268, -0.10002010970924062, -0.04942458022187294, 0.12229804855049775]
A2: [0.08925481429103671, -0.07291301813541302, -0.12362707576332115, 0.10728674041302058] - [0.10884172903028311, 0.24981418134262123, -0.4048452893065514, 0.04618948032334703] - [0.03663577643403255, 0.46255496473122193, -0.3777176017729006, -0.12147342461981839] - [0.1434263837020632, -0.04460667263576224, -0.2014995838091603, 0.10267981226148126]
B1: -1.2257891590932914e-08 - -1.0939306290643502e-08 - -4.701103906459512e-10 - 6.532829579170956e-08
B2: 1.8029631038552008e-08 - 1.0968639500503781e-08 - 1.3157585148126628e-08 - -9.432623638844263e-09
