Number: 5127
Error: 1.3966496242591736e-15
A1: [0.0662131708693155, -0.11395209028022726, -0.023983961084118096, 0.07172285735529148] - [0.03740258407561158, 0.1881933426334722, -0.14740897435690012, -0.07818703775801342] - [-0.060229109677321604, 0.32895105142508946, -0.12775285365062153, -0.14096806755317037] - [0.03904612090066186, -0.05332272235996297, -0.037418627385782215, 0.05169508372526292]
A2: [-0.009108406849030854, -0.34680300625302557, 0.24945526063061169, 0.10645685701112743] - [0.08003980346431955, 0.03628223294701496, -0.050250136635084014, -0.06607198407727252] - [-0.04245292119033453, 0.2308317788102164, -0.0405313545651669, -0.1478479514845512] - [0.06813469892439368, -0.29346794013707217, 0.14177115409732627, 0.08356177092281257]
B1: -2.101760025985e-08 - -5.486393456761657e-09 - 7.762577978297197e-09 - -7.642319051600077e-09
B2: 6.64981375624068e-09 - 1.2417274412748909e-08 - -2.8353949790009452e-08 - -7.567535092204178e-09
