Number: 1774
Error: 3.015502137831125e-07
A1: [-0.008647487987700065, -0.016479537249515383, 0.0014919537280532135, 0.01793544544568686] - [0.0665696919965826, 0.1896434510748453, -0.14700682616642122, -0.11014618015553498] - [-0.11529361643618156, 0.4391284123258511, -0.07366410209144587, -0.2610190934173671] - [-0.0266560564983834, 0.012126514439345029, -0.03334234693267504, 0.03545133262835821]
A2: [0.1330584644617575, -0.2231739426391409, 0.02413174689742627, 0.07161871545023402] - [0.03390308707180194, 0.20498959525400848, -0.1136371249122669, -0.12022493998526054] - [-0.09368994695629443, 0.5564872010392362, -0.2342187438573968, -0.22464344168399777] - [-0.01933254023377213, -0.01780919743508068, 0.009594982450725318, 0.03361538793593087]
B1: -0.0012377753541858386 - 0.0009371703184783683 - -0.0008276964781519524 - -0.0010751962693223466
B2: 5.2338169370203544e-05 - -0.000529201686856608 - -0.00015150311984878028 - -0.00010517050843367678
