Number: 5720
Error: 0.03953358395931195
A1: [-0.42306727739347544, -0.6591002280618892, -0.5291571660341676, -0.3833564082911033] - [-0.5138336558306897, -0.4101287742413585, -0.6999830869829031, -0.5923354538351908] - [-0.34281124595473267, -0.05665518039547814, -0.45835081174821235, -0.435949068472911] - [-0.45974026855502964, -0.5509212551519738, -0.5311402181742308, -0.36366574479549507]
A2: [-0.5738673892956379, -0.6253585391854066, -0.48896748543417556, -0.8231894457686628] - [-0.31802854625670435, -0.12945531864607204, -0.6101160231850123, -0.7207120515808427] - [-0.6408312200910206, -0.0790468352870409, -0.7948622273020325, -1.1053225938218327] - [-0.49372414732756725, -0.5616548266291083, -0.5611533096701822, -0.8383275103715452]
B1: -0.4882853494573445 - -0.6746325327271069 - -0.522220593511402 - -0.5267357994622133
B2: -0.5352418209607854 - -0.47839823925910574 - -0.6535404787692447 - -0.48310966920105924
