Number: 7582
Error: 9.415905147718467e-16
A1: [0.08043171725147177, -0.18046777818735737, -0.01958882444539985, 0.11962500430132968] - [0.0374156153773829, 0.1335964215318078, -0.1347261508851745, -0.03628578973338174] - [-0.0017027790266718455, 0.22819015649203236, -0.12282834271763646, -0.10365887024901659] - [0.03886326009040118, -0.11448099296316411, -0.04641641575086058, 0.12203425359825702]
A2: [0.03530741848886655, -0.029273500437342413, -0.07569737331435451, 0.06966338202670184] - [0.10289374132847742, 0.2828966918436372, -0.3926064052870497, 0.00681598622121372] - [-0.011187159334310874, 0.5390145309898456, -0.35945107166271967, -0.16837652709726708] - [0.09786276302380549, 0.017463279945967927, -0.16885104514973884, 0.05352484019189374]
B1: 1.4880977291095742e-08 - 1.7029982775886973e-08 - 2.3941701092109437e-08 - 2.0713052847053033e-08
B2: 1.6885407938597516e-08 - 1.5954233809532466e-08 - 2.079192770045519e-08 - 1.3840725976016007e-08
