Number: 6083
Error: 3.37292998834906e-14
A1: [0.08043257480219247, -0.18046692073391876, -0.01958796792012105, 0.1196258617539865] - [0.037416581683529355, 0.13359738710634456, -0.13472518650458223, -0.03628482396271547] - [-0.0017017910533040233, 0.22819114444436253, -0.12282735619075508, -0.10365788253933225] - [0.03886371813088349, -0.11448053620813853, -0.0464159580022309, 0.12203471135405446]
A2: [0.035307249012026636, -0.029273670383043907, -0.07569753445022226, 0.06966320465086763] - [0.10289384734379024, 0.282896798758674, -0.3926063027502534, 0.006816097234777777] - [-0.011187219237194733, 0.5390144707296509, -0.3594511283616592, -0.16837659021903628] - [0.09786287567817029, 0.01746339311273742, -0.16885093790983885, 0.053524958442339746]
B1: 8.758669035451165e-08 - 1.2746375373024385e-07 - 1.0092974125342981e-07 - 1.1634619683104373e-07
B2: 3.242195697478022e-07 - 5.757091546855603e-07 - -9.035700692154271e-07 - -2.1429982235336015e-07
