Number: 7301
Error: 8.940352334301113e-16
A1: [0.08043167125886069, -0.18046782417475155, -0.019588870383006354, 0.11962495831397764] - [0.03741557452341822, 0.13359638070876892, -0.13472619165773303, -0.03628583056471137] - [-0.0017028353227685673, 0.228190100197141, -0.12282839893129902, -0.10365892653008638] - [0.03886321546681689, -0.11448103746151089, -0.04641646034600226, 0.12203420900241285]
A2: [0.03530741510550693, -0.029273503830069873, -0.07569737653120837, 0.06966337848564434] - [0.10289378780231354, 0.2828967387118927, -0.39260636033815427, 0.006816034886092555] - [-0.011187045571301379, 0.5390146454313905, -0.35945096398348786, -0.16837640722129602] - [0.09786281118619679, 0.017463328327425125, -0.16885099930222922, 0.05352489074668651]
B1: -1.491066024484608e-08 - 1.0589098673003644e-08 - 1.1956692803601709e-08 - -1.638343355184267e-09
B2: 2.5600100517317474e-09 - 3.702491179857749e-09 - 3.335763415201461e-09 - 4.2531738683330406e-09
