Number: 5143
Error: 1.6630656616666744e-15
A1: [0.06621322851897282, -0.1139520339188282, -0.02398390347970349, 0.07172291490819677] - [0.03740265184798608, 0.18819340738540868, -0.14740890773144583, -0.0781869711266669] - [-0.060229751298262246, 0.3289504351827496, -0.1277534815034345, -0.14096869202916035] - [0.03904629912490181, -0.0533225531960266, -0.037418454959663304, 0.05169525475135335]
A2: [-0.009108527039103705, -0.34680313375558874, 0.24945513946803902, 0.10645673099864401] - [0.08003983369840867, 0.03628226551775627, -0.050250103590978805, -0.0660719507525953] - [-0.04245276355142223, 0.23083195278973972, -0.04053118563342857, -0.14784777714243322] - [0.06813480077884533, -0.2934678279912493, 0.14177126451706917, 0.08356188512003575]
B1: 4.737393528866221e-08 - -1.4615877749676983e-08 - -2.883478494906861e-08 - -1.5309587255520892e-08
B2: 3.137342253763288e-08 - 1.5657270642895637e-08 - -4.88825021021471e-08 - 5.397163694340722e-08
