Number: 6748
Error: 7.045759371403187e-16
A1: [0.08043161574372956, -0.18046787968359493, -0.01958892583176124, 0.11962490280518615] - [0.03741554135803319, 0.13359634756848376, -0.1347262247570413, -0.03628586371172675] - [-0.0017028643982546303, 0.2281900711222734, -0.12282842796421875, -0.10365895559781634] - [0.038863182300314277, -0.1144810705349326, -0.04641649349136903, 0.12203417585652533]
A2: [0.03530741907770405, -0.02927349984688782, -0.07569737275447232, 0.06966338264296716] - [0.10289374278954355, 0.28289669331709255, -0.39260640387393214, 0.006815987751151466] - [-0.011187143667471247, 0.539014546750132, -0.35945105683366263, -0.16837651058862926] - [0.09786277884093005, 0.017463295835031773, -0.16885103009282393, 0.053524856794684494]
B1: -1.75239162131389e-08 - -8.753694949401781e-09 - -2.3809873132959938e-08 - -2.0594319015164174e-08
B2: -2.982114300143519e-08 - -1.494365444356695e-08 - -1.4141736950580462e-08 - -1.416969777534114e-08
