Number: 9592
Error: 7.979519656659823e-15
A1: [0.05317280721527721, -0.14800101381057457, -0.026998790531666338, 0.1218280791810045] - [0.0053135972025299206, 0.13083657152137096, -0.11360086637197538, -0.0225498861622221] - [-0.014444483828320445, 0.22309161357315607, -0.12704118684442137, -0.08160594025238627] - [0.027146612282664392, -0.10001988585732145, -0.04942435589495014, 0.12229827297372628]
A2: [0.08925543928678438, -0.07291239458461586, -0.12362646484849772, 0.10728737311519367] - [0.10884089436741015, 0.24981334653130757, -0.4048461074392276, 0.046188631616358646] - [0.03663586077941154, 0.462555048638078, -0.37771751948175447, -0.12147333939990979] - [0.1434266533426813, -0.044606404003508175, -0.201499320532003, 0.10268008590183114]
B1: -4.8221055672559466e-08 - -2.0353418876466375e-07 - -3.059291049588261e-07 - 5.947641628816196e-08
B2: 4.208787146555571e-08 - 2.797362797472442e-09 - -2.115115805744239e-07 - -2.2127094045265149e-07
