Number: 1466
Error: 2.2982682973855783e-09
A1: [-0.007436887697053873, -0.015245502319616726, 0.002737838947651672, 0.019198564106375663] - [0.06674233633961485, 0.1898032144479122, -0.14682236359545697, -0.10995625315743138] - [-0.11253052376508652, 0.4418390020324725, -0.07073234723455957, -0.2580404777300529] - [-0.023521344700224628, 0.015194646969132752, -0.030089953928981422, 0.03875122958673025]
A2: [0.1315864941579058, -0.22462804756335408, 0.02266702122372839, 0.07016083817730705] - [0.03267393064395134, 0.2037764764817649, -0.1148607173164366, -0.12143039304634595] - [-0.09455704337347637, 0.555604590768954, -0.23513790290527062, -0.22557066739009454] - [-0.020743242103231443, -0.019192854234370844, 0.008201530452403513, 0.03226232066813775]
B1: -2.8365006004409267e-05 - -2.242222726465679e-05 - 3.7490367956316094e-05 - 2.7612312895902424e-05
B2: -7.219116612588943e-05 - 6.686018340483367e-05 - 2.0543562950645633e-05 - 0.00012109494870762765
