Number: 2532
Error: 2.8192972081069157e-08
A1: [0.06329869411287997, -0.04800284352183451, -0.02357579058825793, 0.007721304774307371] - [0.04342819276822402, 0.19104359963107623, -0.1428081110334322, -0.09277289482833524] - [-0.12373363744760013, 0.41458077604864246, -0.10513955704020864, -0.1873523182153029] - [0.03658676843445013, 0.018758065995404406, -0.03354317342223803, -0.023460874879951202]
A2: [0.06238403802646004, -0.17474840559695018, 0.0852736858147495, 0.022915871606684856] - [0.028366986437625696, 0.1993895659021389, -0.10262961722954703, -0.12877645221670483] - [-0.09299226492623676, 0.5140921751333453, -0.22519100492706196, -0.19469326172913756] - [-0.025946969256200395, 0.018505119234193915, -0.05031567425062057, 0.056955737848835813]
B1: -0.0003472911868928103 - -0.0001934050112417521 - 0.00032314687576987417 - 0.00016027805597082818
B2: 4.442070978279185e-05 - -1.0900517304729781e-05 - -7.754777040171423e-05 - 5.090840988239213e-06
