Number: 8916
Error: 0.0005609611114367908
A1: [0.10557768536341308, -0.1439764437972486, 0.027440831448853356, 0.167053654104009] - [0.0403039213460118, 0.15079739724993432, -0.10193429322838678, -0.004769057054896346] - [0.01744724872123778, 0.2535354798510494, -0.09205753432889448, -0.07423872164132005] - [0.07475764861201276, -0.06419771930547069, 0.010196717376852888, 0.17899593994829288]
A2: [0.04742326247947386, -0.013714717854042484, -0.07438512057457203, 0.08998362080026426] - [-0.0024536051013310384, 0.17617768419338467, -0.49544169601388793, -0.09772127366830302] - [-0.14759585998459918, 0.3945784612715126, -0.486334473694528, -0.2991696605419209] - [-0.022893396512350856, -0.10934363591767596, -0.2797271100913232, -0.06031878169933373]
B1: 0.019977582784832887 - -0.009104013334072968 - -0.024716454567313386 - -0.020424750924423883
B2: -0.021219099344349658 - -0.012590028920954757 - -0.019408670881175635 - -0.024247500478913053
