Number: 2290
Error: 7.347418499098128e-05
A1: [-0.0011737245022969585, -0.10299488928355374, -0.08009972595173433, -0.05074904851714733] - [0.07969112855987205, 0.22238675796875915, -0.1118597429168244, -0.05711976002772602] - [-0.125592726562565, 0.4242285331861398, -0.09923995213026936, -0.18054467760781578] - [-0.02005013022171752, -0.023631471683542373, -0.07343999994695356, -0.06997447646451324]
A2: [0.022162361963317202, -0.21978096532788144, 0.04907433745117597, -0.017590232785861668] - [0.05611185849446448, 0.2270946023087772, -0.07383857888891644, -0.10191206877260794] - [-0.0680881057184729, 0.5455628628507003, -0.1951029546535398, -0.17273172781511056] - [0.007803016770050566, 0.05702071154252045, -0.015044237529967933, 0.0893483079947966]
B1: -0.019150920142437758 - 0.004051745650868124 - -0.029464290916893784 - 0.015031845364421623
B2: -0.01308158355561827 - -0.008044278104583392 - 0.012717511428319344 - -0.0015754261156648896
