Number: 1548
Error: 6.602498952609804e-09
A1: [-0.006963577274010753, -0.014768000323933458, 0.003229524988338117, 0.019684402609926755] - [0.06699098707217226, 0.1900423918589191, -0.14656540193724515, -0.10967963560462032] - [-0.11211028995874862, 0.4422506679053344, -0.07029464570278378, -0.25758530657246953] - [-0.022557417884741776, 0.016141770719596975, -0.029105914294482876, 0.039768895299571894]
A2: [0.1316563257924479, -0.22455970307225934, 0.02273549788346255, 0.0702295324723089] - [0.0327533733950047, 0.20385453231268996, -0.1147815533240777, -0.12135277530996061] - [-0.09476089763521492, 0.5554033550273428, -0.23533855510301044, -0.2257714968271446] - [-0.02083361915660027, -0.01928207378066786, 0.00811126253353412, 0.03217573345583911]
B1: -4.873763138644931e-05 - -0.00011102666059510766 - -5.506358445815348e-05 - -2.6690999477219565e-05
B2: -0.00023147186820050153 - 0.00014240688582947998 - -0.00019966107679667483 - 3.429750513043168e-05
