Number: 7859
Error: 6.264512873084656e-16
A1: [0.08043166545309645, -0.18046782997986854, -0.01958887618182906, 0.11962495250887697] - [0.037415657298286706, 0.1335964634209746, -0.13472610904779478, -0.036285747835699315] - [-0.0017028308770152116, 0.2281901046427931, -0.12282839449205561, -0.10365892208551793] - [0.03886321398815773, -0.11448103893603234, -0.0464164618237191, 0.12203420752467134]
A2: [0.035307472713567774, -0.029273446062651785, -0.07569732175813357, 0.06966343877866828] - [0.10289374477448299, 0.28289669531890027, -0.3926064019541082, 0.006815989829678171] - [-0.011187042493711302, 0.5390146485273337, -0.3594509610704215, -0.168376403978388] - [0.0978628390359094, 0.017463356303822307, -0.16885097279105904, 0.05352491997977458]
B1: -4.089327602612174e-08 - -2.122002635432046e-08 - -9.269711711664355e-09 - -2.0768071546103073e-08
B2: -3.2728374915277644e-08 - -9.590586067346066e-09 - -1.5118375438614724e-08 - -3.7359144360421026e-08
