Number: 766
Error: 3.046359244300942e-13
A1: [-0.012152327547174933, -0.01451607490987327, 0.018088461968563715, 0.008584236798672852] - [0.0658356021301299, 0.1894956136566384, -0.14532219111471667, -0.11000815246005864] - [-0.09629169092071439, 0.4217874266656064, -0.053455832412483875, -0.27203412282802014] - [-0.0013237077502612103, -0.018221367859963016, -0.0038374605442627924, 0.02337419208743211]
A2: [0.16158652673954155, -0.16775496368263146, 0.008501143731349409, -0.00233325868086907] - [0.03548562336601689, 0.20751662322293288, -0.11721052395646797, -0.12579212753307498] - [-0.0862135502613714, 0.5815381163085828, -0.2353887320656412, -0.25993557361186476] - [-0.0038351171943327017, -0.0045194372102305815, 0.0011101085172704013, 0.007243249358901343]
B1: 7.106022092208905e-08 - -1.783712317602286e-07 - -8.543653278771233e-08 - 1.2636807872714766e-07
B2: -8.30837948365646e-07 - 8.476591738184458e-07 - -1.4803812501330862e-06 - 1.6144191308807807e-06
