Number: 5400
Error: 1.3561271728439204e-15
A1: [0.06621316371809843, -0.11395209727156155, -0.02398396822965681, 0.0717228502161352] - [0.03740264969723688, 0.18819340533062504, -0.14740890984571461, -0.07818697324112493] - [-0.06022959665812934, 0.3289505837059747, -0.12775333018167562, -0.14096854152123398] - [0.03904616142575315, -0.05332268389486942, -0.03741858817887027, 0.051695122613816036]
A2: [-0.009108490682680196, -0.34680309518722474, 0.24945517611830603, 0.10645676911622783] - [0.0800397829183292, 0.03628221081317703, -0.050250159090368465, -0.06607200672345549] - [-0.04245291154637209, 0.23083178945395724, -0.04053134423045043, -0.14784794081863442] - [0.06813462845156437, -0.2934680177303177, 0.14177107769808278, 0.08356169191027416]
B1: 2.126236039944179e-08 - -2.220213340670043e-08 - 5.209766194315186e-09 - 3.311200466759638e-09
B2: -3.124794384128311e-08 - -5.3742540461476254e-08 - 2.3798686820919695e-08 - -6.115693443980765e-10
