Number: 4757
Error: 7.956519689666607e-16
A1: [0.06621318293105706, -0.11395207848802186, -0.023983949031828496, 0.07172286939679569] - [0.037402639596353496, 0.18819339567975493, -0.14740891977578166, -0.0781869831720641] - [-0.06022940763546209, 0.3289507652524225, -0.12775314521514322, -0.1409683575495586] - [0.03904604795716573, -0.05332279159524462, -0.037418697956224815, 0.051695013727839835]
A2: [-0.00910850224050227, -0.34680310744823906, 0.24945516446733715, 0.1064567569984941] - [0.08003990524543399, 0.0362823425943434, -0.05025002539424765, -0.06607187189186368] - [-0.042452770806926964, 0.23083194478223457, -0.04053119340857779, -0.1478477851666556] - [0.06813483536996069, -0.2934677899049415, 0.14177130201726784, 0.08356192390299329]
B1: 7.603259991465617e-09 - 4.801801004456565e-08 - 1.0631622791702468e-08 - 1.3995518561005972e-08
B2: 8.38108951722455e-09 - -4.422328438467095e-09 - 1.6023598521994155e-08 - 5.0784219466372794e-08
