Number: 9010
Error: 0.0005289472168079713
A1: [0.1850394817858319, -0.04006500489777817, 0.10481673610858834, 0.24654093042474506] - [0.07459540077079801, 0.19747487839126465, -0.04694929290613434, 0.04496485121792959] - [0.0846118925212299, 0.3293567373342676, -0.004937197124094076, 0.02384329437484129] - [0.11389850508240106, -0.014439965251982049, 0.042514782712651925, 0.20946220156717457]
A2: [0.04823296636937344, -0.09532269930653454, -0.14401053600313152, 0.08383501760153496] - [0.08891798665388904, 0.21367594407451707, -0.4386477348959658, 0.008677972974048603] - [-0.001911589796420934, 0.43831952360604276, -0.4272858137252855, -0.1544131433661728] - [0.10269589938897455, -0.07612023291611987, -0.23941301128291903, 0.06775758468117485]
B1: 0.002869329927675819 - -0.001474381592082853 - -0.0003951805339898178 - -0.0019831047397776956
B2: -0.007638973413987407 - -0.016628561721640907 - -0.022192895308555748 - -0.01376903084439801
