Number: 2358
Error: 1.0021252033852784e-05
A1: [0.06773532243460254, -0.04494619637549534, -0.021023319650573826, 0.011406306456626882] - [0.04379065553025832, 0.19124334262065915, -0.142944101228805, -0.09241331077472803] - [-0.12336718097574587, 0.4154835144938137, -0.1042958245635261, -0.18696725967639308] - [0.03778887486898826, 0.02025882817570871, -0.03187079005451646, -0.022432017145952367]
A2: [0.019648789529936737, -0.2167235669808628, 0.043036049429596615, -0.01941060889910154] - [0.030289769894707722, 0.2012310053119752, -0.1007773833440152, -0.12695734637164247] - [-0.07030013020663305, 0.5368215871370344, -0.20201847535365383, -0.17221310691693767] - [-0.029342871136771944, 0.015471642857136439, -0.05307091540195427, 0.054003965908966695]
B1: 0.00018098576446877132 - -0.003111976998893245 - -3.5658376510302146e-05 - 0.0140068162853412
B2: 0.004143003060087828 - 0.00627185615867519 - 0.005285936321820591 - 0.005271450969730831
