Number: 4545
Error: 1.2545876766295557e-15
A1: [0.06621308509883689, -0.11395217413403648, -0.02398404678727052, 0.07172277172876992] - [0.03740252341132611, 0.18819328467281463, -0.14740903399457614, -0.07818709740096935] - [-0.06022920187824361, 0.32895096287099007, -0.1277529438731921, -0.14096815729057668] - [0.03904606199940728, -0.0533227782668632, -0.037418684370833, 0.05169502720296872]
A2: [-0.009108592794268669, -0.34680320351149796, 0.24945507318093363, 0.10645666205794325] - [0.08003984175939814, 0.036282274201731995, -0.05025009478086073, -0.06607194186761295] - [-0.04245288521351166, 0.23083181851619625, -0.040531316011111505, -0.14784791169582] - [0.06813477790597483, -0.29346785317517077, 0.14177123972088707, 0.08356185947540322]
B1: -2.073637822520996e-08 - -1.515102987422762e-08 - -2.7883222832783388e-08 - 3.5186499217954027e-09
B2: -2.8659854666192352e-08 - -3.4098077847606925e-08 - 3.800093096083154e-08 - -1.4777657689068332e-08
