Number: 7798
Error: 7.825705772817377e-16
A1: [0.08043167867777733, -0.18046781675668241, -0.019588862972957588, 0.11962496573204963] - [0.03741556508182627, 0.1335963712743152, -0.13472620108050065, -0.03628584000107012] - [-0.0017028361228840175, 0.22819009939703877, -0.12282839973024273, -0.10365892732998586] - [0.03886322700780333, -0.11448102595292085, -0.04641644881236432, 0.12203422053622834]
A2: [0.03530747090821558, -0.029273447873003924, -0.07569732347464816, 0.06966343688918034] - [0.1028937212851013, 0.2828966716301668, -0.39260642467274376, 0.00681596523288155] - [-0.011187015697880321, 0.5390146754829865, -0.3594509357075561, -0.16837637574271774] - [0.09786286065361224, 0.017463378019852212, -0.16885095221238533, 0.05352494267130209]
B1: -7.234640145902354e-09 - 5.478390831615278e-10 - 2.4349152249478484e-08 - 8.953007518429794e-09
B2: 2.1498083959269754e-08 - -2.1546626280997103e-08 - 1.700768817954576e-08 - 1.8953825325256065e-08
