Number: 3941
Error: 1.50015540688718e-15
A1: [0.06621319719005417, -0.11395206454765394, -0.02398393478399838, 0.07172288363190217] - [0.037402597407340844, 0.18819335537099913, -0.1474089612508258, -0.07818702465075399] - [-0.06022936744176371, 0.3289508038562849, -0.12775310588392627, -0.14096831843010985] - [0.03904620764233325, -0.05332264002812151, -0.03741854346617709, 0.05169516696351808]
A2: [-0.009108539060855502, -0.3468031465087572, 0.24945512734922198, 0.10645671839452284] - [0.08003982864322225, 0.036282260071831794, -0.05025010911611566, -0.06607195632460827] - [-0.04245284093827014, 0.23083186738097586, -0.04053126856419982, -0.14784786272926728] - [0.0681346443750354, -0.29346800019863206, 0.14177109496059634, 0.08356170976242884]
B1: 9.476603212889974e-09 - -3.0840889800238214e-08 - 2.6171627652223626e-08 - 1.196187771368897e-08
B2: 3.764223492610282e-09 - -8.851308031023495e-09 - 3.5106328972606636e-09 - 8.510446326352826e-09
