Number: 9688
Error: 9.075188310393387e-15
A1: [0.05317214706415998, -0.1480016742005148, -0.02699944995318788, 0.12182741871155289] - [0.005313162861665358, 0.1308361367284523, -0.11360130064477285, -0.022550321116627737] - [-0.014444250595665734, 0.22309184689276337, -0.12704095379533506, -0.08160570693742476] - [0.027146480862673694, -0.10002001727177616, -0.04942448758942018, 0.12229814122333406]
A2: [0.08925519574794097, -0.07291263756133985, -0.12362670290072579, 0.10728712657352586] - [0.10884212003292239, 0.24981457241396277, -0.4048449060482263, 0.04618987790496048] - [0.03663580987477444, 0.46255499799819483, -0.3777175691460893, -0.12147339083200645] - [0.14342735005174156, -0.04460570988621859, -0.20149864025238834, 0.1026807929482263]
B1: 1.196979304979068e-07 - 3.1708183197729108e-09 - -2.8685503066486713e-08 - -1.9718079709569592e-08
B2: -2.6154876909420737e-07 - 1.0184624937367428e-07 - 3.200767497668817e-07 - -1.1159028588413647e-07
