Number: 8839
Error: 0.00015234597308579013
A1: [0.07712619110775508, -0.18372409075574156, -0.023313768656330267, 0.11635740799167803] - [0.033373261567249, 0.12957194430441213, -0.1391093912993155, -0.04031006183343824] - [-0.005037921586862207, 0.22486321125503514, -0.12644884586255425, -0.10697122895867744] - [0.033746306432031685, -0.11950264771993335, -0.05204632171383958, 0.11697199161931399]
A2: [0.03336806191590223, -0.03135184570146535, -0.07741470662868435, 0.06765343366041732] - [0.1024588552078538, 0.2824252588971694, -0.3928544144870012, 0.006364090730872546] - [-0.004461808472587526, 0.5454930785451887, -0.3532353130665762, -0.16121336575488954] - [0.09219850191007889, 0.01169478607457975, -0.1740629708002123, 0.04759436833947453]
B1: 0.007044688340861607 - 0.00839194780473343 - 0.004024145728265888 - 0.008213462309384752
B2: -0.006559082341859106 - -0.005398785987875307 - -0.0014423619345224868 - -0.0065948258457847585
