Number: 9883
Error: 1.016742502057989e-15
A1: [0.053172603044964475, -0.14800121805164027, -0.026998994474321723, 0.1218278749122743] - [0.005313811694095945, 0.13083678624208286, -0.11360065190904972, -0.022549671369451126] - [-0.014444408712588631, 0.22309168871840657, -0.12704111178654479, -0.08160586511073159] - [0.02714655721430899, -0.10001994091981625, -0.049424411076146, 0.12229821776911382]
A2: [0.0892545399940552, -0.07291329179806112, -0.12362734388018606, 0.1072864627339211] - [0.10884176243072782, 0.2498142147489636, -0.4048452565676564, 0.04618951428577514] - [0.036635913272633984, 0.4625551008578096, -0.37771746826632907, -0.12147328636198171] - [0.14342644277026947, -0.04460661378756343, -0.20149952613416333, 0.10267987220603296]
B1: -3.0371181716796956e-08 - -1.0136178274050909e-08 - 3.744956588939794e-09 - -4.123148651242172e-09
B2: -1.622236762385647e-08 - -1.8838756274549123e-08 - -1.1605158004706005e-08 - -2.2467332178925084e-09
