Number: 4765
Error: 7.878526073445748e-16
A1: [0.06621321688907739, -0.11395204528884591, -0.02398391510045853, 0.07172290329782456] - [0.037402645284363496, 0.18819340111426355, -0.14740891418403165, -0.07818697757981957] - [-0.06022934666553519, 0.3289508238107143, -0.12775308555354972, -0.1409682982088522] - [0.039046239047267506, -0.05332261021960479, -0.03741851308285673, 0.05169519710009591]
A2: [-0.009108618115538048, -0.34680323037337446, 0.24945504765476934, 0.10645663550997965] - [0.08003986857577942, 0.03628230309064176, -0.05025006547206529, -0.06607191230998685] - [-0.04245275100001936, 0.23083196664232805, -0.040531172182738474, -0.14784776326100238] - [0.06813484573753924, -0.2934677784898062, 0.1417713132567076, 0.08356193552694145]
B1: 1.1897489811074798e-08 - 7.262688256691374e-09 - -2.3808300042766733e-08 - -1.9445597921657878e-08
B2: 1.6823638635332583e-08 - 3.1254608536711844e-08 - -1.395495227726244e-08 - -2.6895758889496542e-08
