Number: 5361
Error: 2.263348403694403e-15
A1: [0.06621314664090744, -0.11395211396716862, -0.023983985293464315, 0.07172283316757828] - [0.037402570447203264, 0.18819332961253935, -0.1474089877546012, -0.07818705115690264] - [-0.060229478345992356, 0.3289506973385549, -0.12775321440839857, -0.14096842637061652] - [0.03904600560490374, -0.05332283179440653, -0.037418738930558144, 0.05169497308614332]
A2: [-0.009108670703204915, -0.34680328616023126, 0.24945499464135593, 0.10645658037503601] - [0.08003992097998806, 0.03628235954490845, -0.05025000819728044, -0.06607185454893921] - [-0.042452954259276275, 0.23083174231355055, -0.040531390002937456, -0.14784798805726326] - [0.06813461863930795, -0.293468028533997, 0.14177106706087933, 0.08356168090899016]
B1: -8.915242097779321e-09 - -3.324059287274764e-08 - -1.9606285601094425e-08 - -1.9950295515050654e-08
B2: 3.630234551619691e-08 - 4.2502357198211695e-08 - -3.2030773902410626e-09 - 2.556799411162544e-10
