Number: 952
Error: 1.360631113416983e-06
A1: [-0.013179631790887476, -0.015571884002173802, 0.01695250052127955, 0.007485591632420957] - [0.06549298703559644, 0.18916594062321912, -0.1456764768755113, -0.11038975305863344] - [-0.0969246175012669, 0.42117494668656347, -0.05414315028079055, -0.27277239958356275] - [-0.002328751535847246, -0.019188620653297277, -0.004907817450255432, 0.022211718123165955]
A2: [0.16211690311447954, -0.1672343756922048, 0.009020915760604766, -0.001815934274039672] - [0.03554074008054977, 0.20757087790720777, -0.11715560008582, -0.12573815070848007] - [-0.08634652783594089, 0.5814081186590639, -0.2355180756643968, -0.26006510963452334] - [-0.004755737694089219, -0.00542450159535306, 0.00019886312822867816, 0.006362413300029567]
B1: 0.0001834775782987877 - 0.0006075981688491062 - 0.0005584487225561061 - 0.0005907333619909678
B2: -0.0007173087352646852 - -0.0005219836698550226 - -0.000722016000488958 - -0.0005820215593922992
