Number: 8957
Error: 0.004658878158159063
A1: [-0.011060731986025366, -0.26932182842105773, -0.10249024384525939, 0.03989602940627043] - [-0.040356602524250856, 0.06748523309438828, -0.18099037124695241, -0.0848122320849832] - [-0.06797238482543194, 0.1627744386428658, -0.18837521118077713, -0.16665452661473956] - [-0.006260344549465937, -0.1627301374798416, -0.09361222649196543, 0.07531118594802148]
A2: [0.0646663856581372, 0.011397363663821283, -0.06971816425220084, 0.13004464922886005] - [0.22945822084796147, 0.407096430302335, -0.2788538797290656, 0.16524252342370366] - [-0.06251101277426228, 0.463050604714081, -0.4136036396371113, -0.19018784478597128] - [0.04320897491418268, -0.055203063228821445, -0.2266979133458354, 0.03138392550440234]
B1: -0.03981626164145962 - 0.014053766832734745 - -0.05239463547220379 - -0.050395313272994964
B2: 0.032047217029423224 - 0.041039151607459606 - 0.05984590429100819 - 0.027491020999715697
