Number: 467
Error: 1.1920824971628431e-12
A1: [-0.012145870781378767, -0.014509443084222154, 0.018095598744298756, 0.00859113667261529] - [0.06583369302642551, 0.18949377717796909, -0.14532416496192951, -0.11001027806170126] - [-0.0962866223180062, 0.42179232548351003, -0.05345033225453136, -0.2720282175576541] - [-0.0013158315807265848, -0.018213793098100634, -0.0038290764879098742, 0.02338329573398602]
A2: [0.16159097114805143, -0.16775060303240552, 0.008505498598882529, -0.0023289259154711714] - [0.03548674618111303, 0.207517728008067, -0.11720940584168929, -0.12579102912447074] - [-0.08621288358862707, 0.5815387693424382, -0.2353880833462752, -0.2599349234911451] - [-0.0038342903789020917, -0.004518624124860081, 0.0011109268910863192, 0.007244040419001]
B1: 1.3379814773981093e-06 - -2.8134010148850598e-06 - -6.709465285213908e-07 - -2.995045200574477e-07
B2: -1.8909270341834133e-06 - 2.641870401527343e-07 - -4.6254859223399835e-07 - -4.860099734484116e-07
