Number: 5898
Error: 9.661747468142725e-09
A1: [0.08033327099371604, -0.18056642562228864, -0.019687029605203226, 0.11952662039752418] - [0.036679765483537526, 0.13286102344994458, -0.13546041613690857, -0.03702116868044463] - [-0.0018587957195625917, 0.22803420627922907, -0.12298395061870124, -0.10381475466292482] - [0.03931396397983767, -0.11403156404330987, -0.04596578760520314, 0.12248477550884965]
A2: [0.034652067611814316, -0.0299304400104675, -0.07632042339679833, 0.06897731712926872] - [0.10225057790747634, 0.2822478885073097, -0.39322871166390394, 0.006142324060698142] - [-0.011747312742446897, 0.5384510632585, -0.3599811510067585, -0.16896675449017803] - [0.09728293658470354, 0.016880935010863254, -0.1694029381655683, 0.0529161251215461]
B1: -9.657710232785215e-05 - -1.0952255840120437e-05 - -7.780908432212909e-05 - -6.087297785084482e-05
B2: -0.000449176893806938 - -5.9122827076513146e-05 - 0.0003468970562181819 - -0.00018119794527995822
