Number: 3470
Error: 3.0031091459233157e-09
A1: [0.06613393086630187, -0.11402958105883479, -0.024063164200509437, 0.07164374209085445] - [0.03724288140468938, 0.18804075655111702, -0.1475659331065366, -0.07834405164670648] - [-0.0600216490896549, 0.32915028730081286, -0.12754979669317787, -0.14076618685049444] - [0.03916953108226203, -0.05320556766922815, -0.03729914313281089, 0.0518135325556022]
A2: [-0.009149251700433219, -0.3468463182875926, 0.24941408493687608, 0.1064140927931365] - [0.08016075555440784, 0.0364125241287866, -0.0501179299376913, -0.06593863768125693] - [-0.042453485726140015, 0.2308310811963039, -0.04053201684217126, -0.14784864079897392] - [0.06801489674147078, -0.2935998440177481, 0.14164130504245853, 0.08342746752526632]
B1: -4.013209765582078e-06 - 4.9042682493766575e-05 - 6.0847157668538194e-05 - -4.8316603642002875e-05
B2: -0.00014454697024700953 - 0.00010386215811917098 - 1.6414862742026293e-05 - -9.225606326417346e-05
