Number: 2258
Error: 0.00020567992600885793
A1: [0.061756732499701324, -0.04207060590668367, -0.018498997197898857, 0.011927689270724089] - [0.05225971447494977, 0.19123121069914562, -0.15123630480153663, -0.0978397141327564] - [-0.13931428291680809, 0.41332674529117786, -0.10259515652540713, -0.1861633950404015] - [0.021771309685457187, 0.019055758598416163, -0.0284579625632834, -0.029228608809006476]
A2: [0.03660706017630796, -0.2105322615594412, 0.06358984544327813, -0.004785827492740478] - [0.021459467699040235, 0.19259273137014854, -0.10696472534996944, -0.13661455443473927] - [-0.0384738118570986, 0.5847998325134082, -0.1651619118756182, -0.14285808227569838] - [-0.16509206517365071, -0.10104933715959163, -0.18610046433988262, -0.0697738370452766]
B1: 0.012733657340194786 - 0.029076656252211175 - -0.06197543438665916 - -0.001855469911717087
B2: -0.0013923965178399555 - 0.009881364084029665 - -0.006048369448891258 - -0.0019717677532404736
