Number: 3616
Error: 6.103951054582407e-13
A1: [0.06621284223310271, -0.11395241155872242, -0.0239842894818374, 0.07172252927037254] - [0.03740593425213875, 0.1881965434967628, -0.14740568087815992, -0.07818374398500204] - [-0.06022927894616974, 0.3289508888829406, -0.12775301924874494, -0.14096823230448513] - [0.03904727714676938, -0.05332162490649871, -0.03741750877620967, 0.05169619324799679]
A2: [-0.00911072482626336, -0.34680546530158424, 0.2494529238995814, 0.10645442668685898] - [0.08004183404372026, 0.036284420481978406, -0.05024791732379687, -0.06606974591084783] - [-0.042449281518774855, 0.2308357957597901, -0.040527454189018666, -0.14784392615511252] - [0.06813580011599148, -0.29346672769828536, 0.1417723479122249, 0.08356300556022045]
B1: 1.3949012141213065e-06 - -5.911051124043937e-07 - -1.8608794386797715e-06 - 8.624668207916963e-07
B2: -1.746192623473244e-07 - 5.205078498705981e-07 - -9.350298444589605e-08 - 2.5229452636800664e-07
