Number: 7101
Error: 9.178519116186948e-16
A1: [0.0804316952500016, -0.1804678001863271, -0.019588846420551864, 0.11962498230237871] - [0.03741559837323778, 0.13359640454053656, -0.13472616785543723, -0.03628580672810422] - [-0.0017028058605950832, 0.22819012965868207, -0.12282836951226998, -0.10365889707578053] - [0.03886324004743208, -0.11448101294987474, -0.04641643578104676, 0.12203423356775309]
A2: [0.03530741408642513, -0.02927350485197038, -0.07569737750012272, 0.06966337741905977] - [0.10289370113124617, 0.2828966513052426, -0.39260644416529517, 0.006815944128838634] - [-0.011187074846359427, 0.5390146159817231, -0.3594509916929869, -0.16837643806942795] - [0.0978628132173644, 0.01746333036783258, -0.1688509973686863, 0.05352489287875254]
B1: -1.0285831689911078e-08 - 2.6161821398018948e-08 - 2.4658255876605942e-09 - -7.027429315458795e-09
B2: 1.2937283942636802e-09 - 1.2285167563150084e-09 - 7.295576011298857e-09 - 1.096152163628914e-09
