Number: 6931
Error: 1.2187984839822677e-15
A1: [0.0804316622000757, -0.18046783323250976, -0.019588879430960836, 0.11962494925622726] - [0.037415598276767104, 0.1335964044441371, -0.13472616795171788, -0.03628580682452244] - [-0.0017028042364363827, 0.22819013128280682, -0.12282836789048675, -0.1036588954520547] - [0.03886323764535288, -0.11448101534521414, -0.04641643818159652, 0.12203423116716597]
A2: [0.0353073495838535, -0.02927356953294878, -0.07569743882834218, 0.06966330991011828] - [0.10289369547266468, 0.2828966455986318, -0.39260644963819996, 0.006815938203466634] - [-0.011187029180541546, 0.539014661919923, -0.3594509484693011, -0.1683763899497498] - [0.09786277149707061, 0.017463288457767293, -0.16885103708370794, 0.05352484908602734]
B1: -1.681785352605543e-08 - -2.2429838198858472e-08 - 3.495473883024103e-08 - -6.116584804552138e-09
B2: -2.349373427459747e-08 - 1.1095902993972593e-09 - 6.173543196776842e-09 - -2.5020857064452795e-09
