Number: 7770
Error: 9.364692168630526e-16
A1: [0.08043168995604319, -0.18046780547969452, -0.019588851708175918, 0.11962497700902802] - [0.037415649445074264, 0.13359645557371405, -0.13472611688534833, -0.03628575568455464] - [-0.0017027945051448442, 0.22819014101389043, -0.12282835817343694, -0.10365888572335284] - [0.0388632289174718, -0.1144810240486123, -0.046416446903911765, 0.12203422244471045]
A2: [0.03530734830881265, -0.029273570811498856, -0.07569744004073588, 0.06966330857575002] - [0.10289358045006118, 0.2828965295998527, -0.39260656088663043, 0.006815817758127274] - [-0.011187150242486382, 0.5390145401358991, -0.3594510630571066, -0.168376517516896] - [0.09786273707908547, 0.01746325388323743, -0.16885106984746368, 0.05352481295842089]
B1: -6.287042937602613e-09 - -4.0935413273162916e-08 - 7.324820334372457e-09 - 1.7179336657631868e-10
B2: -4.1895563573671126e-08 - 5.702491419242594e-08 - -2.6052234405493144e-08 - -3.7653647219218265e-08
