Number: 2568
Error: 1.2768688401301802e-08
A1: [0.06381551440630781, -0.04748727846041832, -0.02306386297185475, 0.008235170169551907] - [0.04345807908846866, 0.19107427992628892, -0.14277458613830898, -0.09273709308785176] - [-0.12275909748512202, 0.41555374367910064, -0.10416015914755389, -0.18637561010969464] - [0.03741418651665728, 0.019585901364722342, -0.03271823165576363, -0.022639679466895747]
A2: [0.06271888748732657, -0.17441008754853088, 0.0856089861739392, 0.023244756688882023] - [0.029549070154200975, 0.20055360269647995, -0.10145173273302234, -0.12761975011122734] - [-0.09307653527858699, 0.5140076767623909, -0.22527566662743037, -0.19477565628803573] - [-0.02536340629353708, 0.01908300571662844, -0.049731721966022, 0.057524076195581655]
B1: 0.00016423251318433714 - 7.562347776533462e-05 - -0.00018454458573896138 - -0.0002625981987293592
B2: -0.00011531825640939274 - -0.00016555815243778386 - 4.785284241684588e-06 - -4.793375441281373e-05
