Number: 1191
Error: 5.013987988432502e-08
A1: [-0.007306935564848106, -0.015108553956673992, 0.002868992878602173, 0.019325149277928562] - [0.06720702143845816, 0.19025093013829153, -0.14634220285344035, -0.1094381545318757] - [-0.1116148082520801, 0.44274255193495554, -0.06977361341587907, -0.2570534548685097] - [-0.020957586668053602, 0.017717864476378853, -0.027463436249506513, 0.04145212498045074]
A2: [0.13060614095833595, -0.2255898109867758, 0.021704525085040505, 0.06920478573978289] - [0.03271302103041718, 0.20381598873815207, -0.11482144601987203, -0.12139312753208438] - [-0.09508834288588125, 0.5550783971178255, -0.23566480155160371, -0.22610150580214045] - [-0.022864711214268953, -0.021289046726658788, 0.006097685182090304, 0.030225050842216033]
B1: -0.0002794664169918716 - -0.0005692076086451263 - 0.00035234812060870845 - -1.6674301595538077e-05
B2: -0.0003927523628834825 - 2.5325539681357416e-05 - 0.0001561828669737591 - 0.00017365122277686215
