Number: 4579
Error: 1.185596539477542e-15
A1: [0.0662131195661413, -0.11395214043695892, -0.02398401234701976, 0.07172280613822508] - [0.03740251635915151, 0.18819327793494056, -0.1474090409274114, -0.078187104334414] - [-0.06022949309753045, 0.3289506831708278, -0.12775322884328522, -0.1409684407279022] - [0.03904613408706223, -0.0533227098439585, -0.03741861462840948, 0.05169509637908068]
A2: [-0.009108636019171031, -0.34680324936631957, 0.24945502960632868, 0.1064566167390016] - [0.080039818736042, 0.03628224939899085, -0.05025011994405802, -0.06607196724449592] - [-0.042452840619050136, 0.23083186773336045, -0.040531268221942335, -0.14784786237608832] - [0.06813484372506326, -0.29346778070557666, 0.1417713110750244, 0.08356193327066334]
B1: 1.9449077676394063e-08 - -1.4307790207438949e-08 - -1.6790755711987162e-08 - 2.3118974236875184e-08
B2: 2.991767455294502e-09 - -1.4432658405631098e-08 - 1.77087391047075e-08 - -9.974945259897123e-09
