Number: 6012
Error: 2.852663608144353e-12
A1: [0.08043009098422436, -0.18046940427573732, -0.019590448768255633, 0.11962337822062674] - [0.03741350493442701, 0.13359431265040983, -0.13472825719067408, -0.036287899043765136] - [-0.0016983570715936775, 0.22819457837805138, -0.12282392718484791, -0.10365444944642743] - [0.0388635192625991, -0.11448073450897531, -0.046416156723360115, 0.12203451262043549]
A2: [0.035316504973763936, -0.029264388841162864, -0.07568873396164667, 0.06967289204795736] - [0.10289644425919445, 0.2828994177123487, -0.3926037910650427, 0.006818816584010021] - [-0.011189499464317961, 0.5390121769345569, -0.3594532866688107, -0.16837899298383308] - [0.09786551375798704, 0.01746604320391446, -0.16884842662136365, 0.05352772757658969]
B1: 4.035650234119724e-06 - -3.887227710524957e-06 - -1.3975737679228623e-07 - 1.4339370384310145e-06
B2: 1.4240874319668685e-06 - 3.4718084188791603e-06 - -7.91850499280581e-07 - 1.030438026312356e-06
