Number: 4056
Error: 8.546249995988872e-16
A1: [0.0662131736732681, -0.11395208753891808, -0.02398395828232787, 0.07172286015458317] - [0.037402645061232156, 0.18819340090105868, -0.1474089144033943, -0.0781869777991812] - [-0.06022943027818175, 0.3289507435053845, -0.12775316737192868, -0.14096837958737715] - [0.03904608318883835, -0.05332275815467133, -0.037418663870764576, 0.05169504753658956]
A2: [-0.00910855855096811, -0.3468031671847354, 0.2494551077013973, 0.10645669796020152] - [0.08003983170919449, 0.0362822633747605, -0.05025010576519051, -0.06607195294521835] - [-0.04245291734549884, 0.23083178305318944, -0.040531350445229306, -0.14784794723280367] - [0.06813479846784332, -0.29346783053563064, 0.1417712620121324, 0.08356188252907445]
B1: -5.082857925101124e-09 - -1.4996147510739425e-09 - -3.120053903558614e-08 - 1.574411105130083e-08
B2: -3.620528928008913e-09 - 3.486000936763676e-08 - -1.8965413269624034e-08 - -3.2640404915785344e-08
