Number: 6130
Error: 1.1815051263560214e-15
A1: [0.08043158037793055, -0.18046791504539303, -0.019588961155271572, 0.11962486744342643] - [0.03741550697015845, 0.13359631320662915, -0.1347262590763974, -0.03628589808055143] - [-0.0017028631877216813, 0.22819007233279398, -0.12282842675546025, -0.1036589543876073] - [0.03886299981087757, -0.11448125251223229, -0.046416675864521056, 0.12203399348050768]
A2: [0.035307435230293574, -0.02927348364962436, -0.07569735739679422, 0.06966339954840865] - [0.10289367699909154, 0.282896626968262, -0.3926064675055831, 0.006815918858908779] - [-0.011187058004261194, 0.5390146329242962, -0.35945097575161467, -0.16837642032227265] - [0.09786277015241714, 0.017463287106995105, -0.1688510383637081, 0.05352484767456218]
B1: -4.141008419356286e-08 - -5.90526269467786e-09 - -5.3892326168552464e-08 - -9.682629073583515e-09
B2: 1.0187695495442276e-07 - 1.1220330041443685e-07 - -2.4484374373835935e-07 - -1.0734563831099334e-08
