Number: 6386
Error: 8.11023702838545e-16
A1: [0.08043169741356412, -0.18046779802300994, -0.019588844259578693, 0.11962498446569368] - [0.03741558326925767, 0.13359638944798652, -0.1347261829293247, -0.036285821823717625] - [-0.0017027998392555783, 0.22819013567989774, -0.1228283634997451, -0.10365889105604727] - [0.03886323006436924, -0.11448102290492357, -0.046416445757748545, 0.12203422359089507]
A2: [0.03530748101872564, -0.029273437734545316, -0.07569731386176237, 0.06966344747098924] - [0.10289375088064358, 0.2828967014768628, -0.39260639604832615, 0.006815996223716066] - [-0.011187063056366539, 0.5390146278420536, -0.35945098053353125, -0.16837642564585736] - [0.09786282612798083, 0.017463343337177084, -0.16885098507862764, 0.05352490643071129]
B1: 3.5779285207944816e-09 - 6.686917103662434e-09 - -3.4214386252581574e-09 - 8.159662356619375e-09
B2: 3.9144217356083675e-09 - 1.2976145882989147e-08 - -4.185788831282964e-09 - 1.1847817167535414e-09
