Number: 8011
Error: 9.983864401078313e-16
A1: [0.08043172570773131, -0.18046776973205542, -0.019588815999244346, 0.11962501275662933] - [0.03741557992718233, 0.13359638610844413, -0.13472618626468574, -0.036285825163921516] - [-0.0017027935225105645, 0.22819014199650392, -0.12282835719224242, -0.10365888474098098] - [0.03886327017285296, -0.11448098290900555, -0.046416405674819056, 0.12203426367445108]
A2: [0.03530743324963862, -0.02927348563574053, -0.07569735927997598, 0.06966339747542619] - [0.10289369341287471, 0.28289664352137894, -0.39260645163041685, 0.006815936046613484] - [-0.01118709235406893, 0.5390145983695621, -0.35945100826440124, -0.1683764565179231] - [0.09786277538484521, 0.01746329236321926, -0.1688510333828295, 0.05352485316695808]
B1: -9.501287919526658e-09 - 1.9766563544583783e-08 - -1.4151090275010813e-09 - 6.399940144394529e-09
B2: 7.427753006018438e-08 - -1.086419299310714e-07 - 7.821649801086096e-09 - 6.022247414289547e-08
