Number: 5268
Error: 8.311307428619189e-16
A1: [0.06621309768725026, -0.11395216182691066, -0.023984034208732154, 0.07172278429605186] - [0.037402566765174824, 0.18819332609455414, -0.14740899137436234, -0.07818705477698734] - [-0.06022926201467534, 0.3289509051130931, -0.12775300271919093, -0.1409682158199236] - [0.03904605718769818, -0.05332278283391091, -0.03741868902594789, 0.05169502258555979]
A2: [-0.009108546005957651, -0.34680315387643024, 0.24945512034757114, 0.10645671111300307] - [0.08003978227372759, 0.03628221011870961, -0.05025015979511172, -0.06607200743399073] - [-0.042452890313072304, 0.23083181288820492, -0.040531321475901244, -0.1478479173355325] - [0.06813469250245725, -0.29346794720784647, 0.1417711471353114, 0.08356176372273032]
B1: 5.696970556127623e-09 - 7.797215266160992e-08 - 1.6853729663649543e-08 - 1.9185810609572173e-08
B2: 2.453889649279382e-09 - 1.0074290022593354e-08 - 1.0607864603254162e-07 - -1.1796301350967925e-08
