Number: 3587
Error: 1.9069164341031936e-11
A1: [0.0662091961950639, -0.11395597624102737, -0.023987932855440427, 0.07171888933161048] - [0.03739825065704062, 0.18818920232519615, -0.14741323446223348, -0.07819129815433991] - [-0.06022762864716576, 0.3289524738395371, -0.12775140418639191, -0.14096662634898888] - [0.03905740105735496, -0.053312015674495596, -0.03740771425193611, 0.05170590818460571]
A2: [-0.009096056714517499, -0.34678990459624676, 0.24946771071026178, 0.10646980561299357] - [0.08004205294056792, 0.03628465632176998, -0.05024767810395693, -0.06606950470672791] - [-0.0424632258862875, 0.23082040586465738, -0.040542397754581426, -0.14785934831940298] - [0.06816340043248795, -0.2934363385662092, 0.14180226955531625, 0.08359395093780747]
B1: 4.3967160149413446e-08 - -2.0257496770295755e-06 - -1.034257239515383e-05 - 8.501213457041248e-06
B2: 4.186485030818343e-06 - -4.44823635232079e-07 - -3.293325218396684e-06 - 5.695121362791192e-07
