Number: 2160
Error: 0.000577515755789198
A1: [-0.08833981178511849, -0.1614664689190631, -0.10926394908402484, -0.09866501290094495] - [0.05930546728837917, 0.18506660230391814, -0.16052265898945747, -0.10275569556737743] - [-0.2048205613421505, 0.3351409534059325, -0.15738469700209057, -0.30923010299218295] - [0.06142544684649596, 0.0730932218307784, 0.028940510230898525, 0.041093603597645675]
A2: [0.0375585777749604, -0.29139998817998886, 0.011560823796880004, -0.03166246306931795] - [0.038424191672299275, 0.20754773598377058, -0.0897031890024302, -0.12244656877032421] - [-0.10178979347561325, 0.5550183551806159, -0.2139319726027487, -0.18300178458023023] - [-0.16938729150020862, -0.09287239467363062, -0.1488700996130299, -0.08067967864262575]
B1: -0.04113116364722136 - 0.0019211724716648674 - 0.01724632145558862 - 0.002097647616749793
B2: -0.04929099728388372 - 0.011660234634095937 - -0.02587257834480914 - 0.01712968783770055
