Number: 5856
Error: 2.8771754417085864e-07
A1: [0.08239953085575007, -0.17850584991283364, -0.017620105579915897, 0.12159413620477776] - [0.04149183308078141, 0.1376665178308426, -0.13065838188095066, -0.03221192922309041] - [-0.0015518968499201426, 0.22833833787371616, -0.12267456390571156, -0.10350651069727294] - [0.03854170182933769, -0.11480660957753895, -0.04673141998803044, 0.12171609102125888]
A2: [0.034299955737482464, -0.030288758697122532, -0.07665197147010135, 0.06861496829382842] - [0.10118009868818434, 0.28115331441003616, -0.3942661470361744, 0.005030037194517383] - [-0.012083589674395587, 0.5381121217415886, -0.3602930595154713, -0.16931633795850612] - [0.09676255001457708, 0.016355243790260578, -0.1698939862460022, 0.05237470729402761]
B1: 1.7267128823159994e-05 - 0.0025762810552453644 - -0.000694613395053525 - -0.00022955845610324335
B2: 0.0007962727662178799 - 0.00033580059483291017 - 0.00024154856960289262 - 0.0004641456168262833
