Number: 3967
Error: 7.692529275626246e-16
A1: [0.06621322689119612, -0.11395203551023757, -0.023983905106164386, 0.07172291328319896] - [0.03740259963417403, 0.18819335749858715, -0.14740895906167864, -0.07818702246141332] - [-0.06022929721456718, 0.3289508713056149, -0.12775303716374173, -0.1409682500795331] - [0.03904623735429375, -0.053322611826657505, -0.03741851472085172, 0.05169519547543494]
A2: [-0.009108481325070085, -0.3468030852600928, 0.24945518555215973, 0.10645677892736441] - [0.08003977866429941, 0.036282206230204776, -0.050250163740248696, -0.06607201141256988] - [-0.042452702362438276, 0.23083202032194422, -0.04053112006080342, -0.14784770946953452] - [0.06813472683390853, -0.29346790940775686, 0.1417711843540126, 0.08356180221413777]
B1: 2.2625887197567765e-08 - -2.5337169799263348e-08 - 3.563087835577184e-08 - -1.9584529594482945e-08
B2: 1.5499881170207226e-08 - -2.794448005176868e-08 - -1.0161222272391135e-08 - 4.04294087469193e-08
