Number: 8610
Error: 1.5596710778884692e-15
A1: [0.08043172787702463, -0.18046776756297603, -0.01958881383255991, 0.11962501492569051] - [0.03741560881321649, 0.13359641497268135, -0.1347261574360343, -0.036285796293781654] - [-0.0017027444757704284, 0.22819019104219082, -0.12282830821732814, -0.10365883570732605] - [0.0388632814858703, -0.11448097162765368, -0.0464163943690021, 0.12203427498049282]
A2: [0.03530730221735559, -0.029273617030401777, -0.07569748386417015, 0.0696632603362606] - [0.10289374924657863, 0.28289669982896515, -0.3926063976287189, 0.0068159945125700495] - [-0.011187114390803856, 0.5390145762014036, -0.35945102912272825, -0.16837647973870776] - [0.09786274019486105, 0.017463257013158536, -0.16885106688153342, 0.053524816229035495]
B1: -6.4557225039072944e-09 - 3.088232993873009e-08 - 1.2100447855589286e-08 - 3.138612157367828e-08
B2: -9.705464815838837e-09 - -4.4971833665165514e-08 - 4.896309773289259e-08 - -1.1399485827921355e-08
