Number: 125
Error: 1.1537893849870485e-05
A1: [0.004420569611466177, 0.0025431395387896893, 0.03712982347257878, 0.027252135880933073] - [0.08577796450529282, 0.2094074071724431, -0.1253863368273352, -0.08860208566040396] - [-0.07691414249422897, 0.44165733223315473, -0.03186679194317043, -0.24844262876217796] - [0.024308097344641837, 0.007718585655507646, 0.024453943129319665, 0.05420261587216742]
A2: [0.2153828403096541, -0.11557832975478957, 0.06124599880561571, 0.04972908377319602] - [0.05742296280119335, 0.22802440099139168, -0.09674808449740249, -0.1057336685012975] - [-0.04288044588005305, 0.6241331218005352, -0.1933602607037713, -0.21818291902018044] - [0.0499754810739303, 0.049116943392734716, 0.05425781123010308, 0.058454570161697174]
B1: 0.00038759817725538584 - 0.16866993227795302 - 0.0032394977710620268 - 0.0019258721070003577
B2: 0.005151104101974054 - 0.16865668321013216 - -0.0009927279007322996 - -0.000771392319631313
