Number: 641
Error: 6.379696679153295e-14
A1: [-0.012154246174917787, -0.014518045539165175, 0.0180863413067198, 0.008582186521667996] - [0.0658356301877696, 0.1894956406469045, -0.1453221621059103, -0.11000812122121578] - [-0.09629180441751752, 0.42178731697474825, -0.05345595556715628, -0.2720342550572637] - [-0.0013221061702258798, -0.01821982759284689, -0.0038357557127438957, 0.02337604324326078]
A2: [0.16158683332922133, -0.16775466286366755, 0.00850144414422634, -0.0023329597998684253] - [0.035485594506321876, 0.2075165948270071, -0.11721055269537664, -0.12579215576580313] - [-0.08621351543380869, 0.5815381504266166, -0.23538869817298397, -0.25993553965082206] - [-0.0038344788886572295, -0.004518809514901637, 0.0011107402901327109, 0.007243860044254518]
B1: 5.7150044382293444e-08 - -2.9474947979929145e-09 - 1.7111522518453852e-07 - 2.9213682979206798e-08
B2: -6.442066259027058e-07 - 4.052755252067815e-07 - 4.0288098600812976e-07 - -4.783412914319835e-08
