Number: 1505
Error: 6.4622026736461145e-09
A1: [-0.007807884272836243, -0.015619890519430068, 0.002351919157554389, 0.018817288831997424] - [0.0664714600037302, 0.1895425682300501, -0.14710237282491048, -0.11025759716863667] - [-0.11319367656885951, 0.44118887084843955, -0.07142326461873573, -0.25875835668315605] - [-0.0235410016570126, 0.0151752248017761, -0.030109772155918462, 0.03873059902008175]
A2: [0.13146176737094295, -0.22475084005862286, 0.022544035014058206, 0.07003903200447482] - [0.032596553595977074, 0.20370030144265786, -0.11493778534143292, -0.12150616414102541] - [-0.09461089888902174, 0.5555513640836964, -0.23519127999821945, -0.2256241799035325] - [-0.020713771554572713, -0.019163864211132888, 0.008230344397755409, 0.03229062328132961]
B1: -0.00013795676101704808 - -0.0002886081489448791 - -4.284687841914264e-05 - -7.187254122194036e-06
B2: -8.27093608849504e-05 - -2.235499667270397e-05 - 0.00017007124731319016 - -0.0003622996382086532
