Number: 2018
Error: 3.454408260322943e-05
A1: [-0.003291389085559711, -0.012071475681134994, 0.003983788574094805, 0.02294831136791655] - [0.04881117372555247, 0.17244036713760874, -0.16576901729378715, -0.13002946932325044] - [-0.06344917156134314, 0.4915869557083583, -0.021405387139912798, -0.20418835512531439] - [-0.022488167694422457, 0.01694569205856354, -0.029948347351503708, 0.04036502774711994]
A2: [0.13804533438915798, -0.22010186994361094, 0.031490438879859126, 0.07770389555927779] - [0.04319821503648285, 0.2129784268862479, -0.10454636689065669, -0.11155155294506283] - [-0.0926609073724103, 0.5546173743413098, -0.23099628687357712, -0.22388110823390378] - [-0.04358131908484478, -0.04571570465903946, -0.014135689199031187, 0.010423032919550544]
B1: 0.0028384542774131764 - 0.012814418713763088 - 0.01056187428047281 - -0.0014430281220022122
B2: 0.005241361231959682 - 0.001847722874827585 - 0.013300661839367182 - -0.0013469364636649276
