Number: 217
Error: 8.72879269338e-07
A1: [-0.009974921812994175, -0.012300492299926462, 0.020481358687923862, 0.01091431172020529] - [0.06992213463842041, 0.19342077785721545, -0.141096491512166, -0.10545716704510108] - [-0.09390715411218163, 0.424131689710298, -0.05084531884069938, -0.26922799671731396] - [-0.003931183999022087, -0.020789431166771916, -0.006646591207055341, 0.020291018177810836]
A2: [0.1614656976462546, -0.16786437648662142, 0.00843965624267495, -0.002513432179596285] - [0.04236135995647644, 0.21429080646987625, -0.11035662391610385, -0.11906729753929252] - [-0.08598598912096335, 0.5817489573907076, -0.23516196982072715, -0.25976425506567635] - [-0.0025163948863483913, -0.0032146368752107887, 0.0024344848702110623, 0.008491753286827691]
B1: 0.000764087750750826 - 0.0010461789299785584 - 0.00013527626484352183 - 0.00038997522004804194
B2: -0.00023551292037460292 - 0.0008444903134064066 - 0.0011824868962675688 - -0.0010065530405355273
