Number: 433
Error: 5.573579348404671e-12
A1: [-0.012145958522119414, -0.01450953307971492, 0.018095502000627765, 0.008591043011758786] - [0.06584343508494231, 0.18950314867213577, -0.1453140924808004, -0.10999943129048338] - [-0.0963112279459679, 0.4217685448161505, -0.053477032167444316, -0.27205688418012364] - [-0.0013368973526315389, -0.018234052142710167, -0.003851500140341604, 0.02335894737129824]
A2: [0.161586675284902, -0.1677548180412279, 0.008501289674085661, -0.0023331134767144886] - [0.03548090861430522, 0.20751198422532338, -0.11721521891917612, -0.12579673975469674] - [-0.08621973143468635, 0.5815320619526769, -0.2353947462929274, -0.2599416009746103] - [-0.00383006157724778, -0.004514465554681115, 0.0011151126518219047, 0.007248086489903382]
B1: 2.8833644769810713e-06 - 4.919757089066507e-06 - -7.123492732684057e-07 - 1.864985259458026e-06
B2: -4.5106263046723995e-06 - 5.219818619962924e-06 - 3.014795162296478e-06 - 2.2080048349336372e-06
