Number: 1777
Error: 2.3755533083783604e-07
A1: [-0.008326554379512132, -0.01615461243280533, 0.001825265272197472, 0.018265064759560544] - [0.06681278929793691, 0.18987795331580695, -0.14675505999867333, -0.10987594317106336] - [-0.11389126888231964, 0.4405069916304909, -0.07220142100174406, -0.25950173108046637] - [-0.025318286274270116, 0.013444769408894249, -0.031975652908981196, 0.036862562777202255]
A2: [0.13345531441953212, -0.22278425244203898, 0.024524908828178458, 0.0720101688607162] - [0.03411692639106006, 0.20519993332746977, -0.11342392981069795, -0.12001547859185593] - [-0.09488696392290878, 0.5553066134317609, -0.23539328382586142, -0.22581734826256952] - [-0.018204683316689688, -0.016697182833294997, 0.01071697703365983, 0.03470294645060356]
B1: -0.000750173092363261 - 0.001202835140786659 - 0.0002174761413307735 - -0.000927692785444496
B2: 0.00029108124623605797 - -0.0006827105012902452 - 0.0004733107049206865 - 0.000618003800235958
