Number: 8393
Error: 9.071345977434308e-16
A1: [0.0804317055719681, -0.18046778986553802, -0.01958883611097422, 0.1196249926231463] - [0.03741553768709465, 0.13359634390034084, -0.13472622842052784, -0.0362858673805555] - [-0.0017028296085217622, 0.22819010591126196, -0.12282839322542319, -0.1036589208173568] - [0.03886325948875956, -0.11448099356309595, -0.0464164163521169, 0.12203425299700084]
A2: [0.03530735427989521, -0.029273564823856714, -0.07569743436357149, 0.06966331482521321] - [0.10289381627034722, 0.28289676742155184, -0.3926063328041496, 0.0068160646961680045] - [-0.011187066738054143, 0.5390146241383302, -0.35945098401822945, -0.16837642952550844] - [0.09786287127278398, 0.01746338868727615, -0.16885094210354615, 0.05352495381786847]
B1: -2.245498598230989e-08 - 6.785474126650566e-09 - 9.276784154068489e-09 - 3.065427689622994e-08
B2: 2.305684534239311e-08 - -2.4543130869114704e-08 - 7.735950249710606e-09 - 2.6137383585242023e-08
