Number: 3986
Error: 8.575431922143734e-16
A1: [0.06621314887487385, -0.11395211178314915, -0.02398398306125948, 0.07172283539780563] - [0.03740267195914593, 0.18819342660018556, -0.147408887960691, -0.07818695135413177] - [-0.06022938174315673, 0.32895079012058814, -0.12775311987841728, -0.14096833234932166] - [0.03904606662929329, -0.05332277387236446, -0.03741867989155682, 0.05169503164586862]
A2: [-0.009108628063536385, -0.34680324092673254, 0.24945503762640878, 0.10645662508004787] - [0.08003976424014794, 0.036282190691257384, -0.05025017950503122, -0.06607202731121074] - [-0.04245281617291849, 0.23083189471357163, -0.040531242024656564, -0.14784783533969645] - [0.0681347170857178, -0.29346792014094597, 0.14177117378602486, 0.08356179128461033]
B1: -3.0426249657358877e-09 - -3.183378791730482e-08 - 1.1736449255043142e-08 - -9.823433519259516e-09
B2: -1.668053781188845e-08 - 1.9888831158355125e-08 - -8.97007311541139e-09 - -3.022749355526063e-08
