Number: 1922
Error: 3.6354175940117115e-06
A1: [-0.0005384911199725996, -0.008255682662514939, 0.009907217521038753, 0.02622817229905083] - [0.06405099914788676, 0.18722740130207702, -0.14959199359023456, -0.11295594101562177] - [-0.11068153700984636, 0.44353577289865864, -0.06896101578813826, -0.2561284577113286] - [-0.02193874127034557, 0.016680901035732207, -0.02864793399939858, 0.04036014541273587]
A2: [0.12347147668566523, -0.23261716708640412, 0.014607361750518898, 0.0621826640020326] - [0.030151411141521027, 0.20131612832179632, -0.11736201727692253, -0.12387940158868403] - [-0.10075476153350395, 0.5495137422576675, -0.2412023210271298, -0.23157085698862392] - [-0.02061144839132841, -0.01909947697539554, 0.008267285807577879, 0.03233782850785013]
B1: 0.0008017585704824396 - 0.0014821752512544394 - 0.0007323824046428171 - -0.0011705063558510834
B2: -0.001892118392465347 - 0.004286198519532915 - -0.002716200733405114 - -0.0025532506496886535
