Number: 1781
Error: 8.613725131786434e-08
A1: [-0.007244744218088564, -0.015061427491194155, 0.0029504526105731516, 0.01937576868220556] - [0.0661728547601612, 0.18926266658452462, -0.14741669771397725, -0.11058770628768436] - [-0.11083609691297601, 0.4435071812501855, -0.06901462623099879, -0.25619572109347527] - [-0.020668619910206656, 0.018018363592758276, -0.02722584771851194, 0.04176867388135939]
A2: [0.1312829548664065, -0.22492445685842896, 0.02239205983708841, 0.06989087417909745] - [0.03449029753551047, 0.20556756259879866, -0.11305213668951068, -0.11965038255849421] - [-0.09609500273295403, 0.554115605519288, -0.23657893334827496, -0.22700257328559673] - [-0.020734988981733378, -0.019194753836265514, 0.008211143341941639, 0.032276763369653315]
B1: -2.0483991833209218e-05 - 0.0010674404067387059 - 0.0005999065951739145 - -0.00023353574220229273
B2: 0.00025757477820747095 - 0.00010976396031888969 - 0.00021929265400368254 - -7.244974976909526e-05
