Number: 497
Error: 1.172674461681822e-12
A1: [-0.012151547400731629, -0.014515273629461518, 0.018089324253938308, 0.008585070470731756] - [0.06583580384673768, 0.18949580769841695, -0.1453219825591621, -0.11000792787071596] - [-0.09629285915755438, 0.4217862975971742, -0.053457100081213786, -0.2720354838753572] - [-0.001322949997162136, -0.018220639097528364, -0.003836653928364809, 0.02337506792700847]
A2: [0.1615854016037143, -0.1677560676187446, 0.008500041306278405, -0.0023343554992441467] - [0.03548573284001422, 0.20751673093931688, -0.11721041494025615, -0.1257920204362907] - [-0.08621386945218389, 0.5815378036631746, -0.23538904264356855, -0.2599358848659626] - [-0.003836171871174978, -0.004520474350727141, 0.0011090646500045674, 0.007242240319865678]
B1: 1.2764509889063308e-06 - 4.788520424659802e-07 - 9.079586155803645e-07 - 5.775153491908022e-07
B2: 9.15763874574575e-07 - -3.905828413718052e-07 - -3.345693075705598e-07 - -8.722277623588034e-07
