Number: 7581
Error: 7.9378304077366e-16
A1: [0.0804317166715156, -0.18046777876724787, -0.01958882502466259, 0.11962500372143972] - [0.037415614287072275, 0.1335964204423224, -0.1347261519733127, -0.036285790823088415] - [-0.0017027790554310185, 0.2281901564632738, -0.12282834274635353, -0.10365887027776809] - [0.038863259137338235, -0.11448099391355242, -0.04641641670331624, 0.1220342526457864]
A2: [0.03530741773238086, -0.0292735011959204, -0.07569737403361208, 0.06966338123495815] - [0.10289374049317031, 0.2828966910012408, -0.3926064060949482, 0.006815985346525597] - [-0.011187158975664566, 0.539014531350631, -0.3594510713232528, -0.16837652671934927] - [0.09786276303308311, 0.017463279955287757, -0.16885104514090712, 0.053524840201632215]
B1: 1.5401842204741737e-08 - 1.7377169259739402e-08 - 2.4684086887146177e-08 - 2.1358604670624892e-08
B2: 1.5517666343188858e-08 - 1.4369239618858508e-08 - 1.966837068213622e-08 - 1.2330178115386804e-08
