Number: 9600
Error: 1.0455390283687092e-14
A1: [0.05317250986875838, -0.14800131126675733, -0.02699908755063256, 0.12182778169039246] - [0.0053139035054020735, 0.13083687814595613, -0.11360056011521574, -0.02254957942802388] - [-0.014444145309775832, 0.22309195221586767, -0.1270408485937478, -0.08160560161304502] - [0.02714707998426179, -0.10001941815641172, -0.04942388720677298, 0.12229874186372547]
A2: [0.08925407877386816, -0.07291375195052012, -0.12362779470671773, 0.10728599582761791] - [0.10884263466820812, 0.2498150871388306, -0.4048444016083323, 0.04619040119915792] - [0.036636011284802227, 0.46255519836050485, -0.37771737264052374, -0.12147318733291997] - [0.1434268785026661, -0.04460617968177362, -0.20149910068297994, 0.10268031440227121]
B1: 1.7920317186818932e-07 - -1.1303906413071957e-07 - 1.590351379149126e-07 - -4.4404077644787406e-08
B2: -1.0859659385442876e-07 - 5.31358027478787e-08 - 7.135059173510904e-08 - 3.0423949784097706e-09
