Number: 1451
Error: 2.4979924620116257e-09
A1: [-0.00710395785804098, -0.014909462236901328, 0.003084023760993746, 0.01954058585462028] - [0.06684301726207993, 0.1899000958348851, -0.14671827630416476, -0.10984424874813693] - [-0.11265656670408987, 0.44171541614190246, -0.0708637112647722, -0.2581769798837545] - [-0.02327558930871819, 0.015436211318668689, -0.0298390815544751, 0.03901047727570668]
A2: [0.1317248919191889, -0.2244918889703274, 0.02280302850787514, 0.07029621028294511] - [0.03263047469385178, 0.20373372067002068, -0.11490399485774512, -0.12147289121476296] - [-0.09475932947800894, 0.5554055312292097, -0.23533663623632795, -0.22576930563813652] - [-0.020786312276350836, -0.019235304674047594, 0.008158799985988572, 0.03222111157458589]
B1: -4.47623077144406e-05 - -1.6939087153440086e-05 - 1.346825685645348e-06 - -7.19225952948183e-05
B2: -2.726314090657194e-05 - -4.988301249230253e-05 - 4.630022646953616e-06 - -8.879643533269437e-05
