Number: 5692
Error: 0.029195524703371965
A1: [0.021525717075821637, -0.15506895553191966, -0.06770322499109385, 0.029799180485125046] - [0.009940716038825709, 0.1696613499434244, -0.17016911433256277, -0.09881023045597048] - [-0.24032338856556723, 0.12882284737352423, -0.3234913451382253, -0.3539296324719642] - [0.11386955430532086, 0.03239616293070618, 0.04287764499895257, 0.14244095994380615]
A2: [0.03693210669152402, -0.2932834621105632, 0.28244992560446336, 0.16646948903983033] - [0.14033942835502217, 0.10560580434977371, 0.018462794344138944, -0.0006415924899937538] - [0.03858975668104771, 0.3259450896900698, 0.04637735517579076, -0.056565035047536405] - [0.1930741671146028, -0.14941681046120336, 0.28931323286541083, 0.21397555935386606]
B1: -0.1253207621869638 - -0.16312695600865107 - -0.1372257516065523 - -0.14151267702467377
B2: 0.12078266797639436 - 0.16796706279465082 - 0.16356143591256914 - 0.07623172125326177
