Number: 147
Error: 4.2264295115457666e-05
A1: [-0.007993389524312045, -0.009977335030342612, 0.023388684837651396, 0.013587323883032316] - [0.07464076635697331, 0.19794783905087238, -0.13648989177870818, -0.10042416788067758] - [-0.08865119585157917, 0.42975484750600723, -0.04474409150602447, -0.26261551424278423] - [0.0048297358651811645, -0.01181768789616055, 0.0035426621753666555, 0.031171035209733737]
A2: [0.1670776835469722, -0.16279038156662648, 0.013888265958602545, 0.002597584809952848] - [0.03325110960955828, 0.20508237058906176, -0.11986336918412303, -0.12844209497789252] - [-0.06820576401600857, 0.599231870992451, -0.2179030014105909, -0.24275616115523796] - [0.013922278066944948, 0.013100596460493793, 0.018565674974841583, 0.023955373525967105]
B1: 0.006074397551116775 - 0.05933132751542361 - -0.0005496772653223111 - 0.000985129320104825
B2: -0.007839912883321783 - 0.09509752742992242 - -0.007648190195935582 - -0.006611458465090653
