Number: 8418
Error: 9.514150995764027e-16
A1: [0.08043170392919373, -0.18046779150811723, -0.019588837751777437, 0.11962499098056918] - [0.03741555677488195, 0.1335963629736661, -0.13472620937078397, -0.036285848303356634] - [-0.0017028181669666831, 0.22819011735257347, -0.12282838180061954, -0.10365890937885416] - [0.03886326095347951, -0.11448099210247441, -0.04641641488832113, 0.12203425446082315]
A2: [0.03530739999439569, -0.02927351898292653, -0.07569739089871133, 0.06966336267029409] - [0.10289373836787072, 0.2828966888579323, -0.39260640815048786, 0.006815983121017979] - [-0.011187096482744184, 0.5390145942162357, -0.35945101217229214, -0.16837646086845223] - [0.09786282941101632, 0.017463346635108592, -0.1688509819533199, 0.053524909876733855]
B1: -1.7138512473194197e-08 - 3.1616767700780466e-09 - 1.8660540480309394e-10 - 4.747589193523347e-09
B2: 1.2334933980022407e-08 - -2.485182223471166e-08 - 1.666408858467892e-09 - 1.878517097133572e-08
