Number: 2602
Error: 4.849312974564005e-08
A1: [0.06335441411027087, -0.04794714458698998, -0.023520468164136547, 0.007778220165491847] - [0.043786971333557426, 0.19139162969609588, -0.1424354763550574, -0.09237469845997472] - [-0.12350655800603912, 0.41480917523613436, -0.10491112323385979, -0.18712430563850954] - [0.03747572707354961, 0.019647385145191053, -0.03265605630839592, -0.022577415879945998]
A2: [0.06366131534525588, -0.17347160268043615, 0.08654905036376649, 0.024176381142596935] - [0.029142482211167872, 0.20015310134874106, -0.10185729648962188, -0.12801770597941714] - [-0.09338987076307705, 0.513700984801564, -0.22558805938835402, -0.19507932724483748] - [-0.02538999981974159, 0.01905802819391838, -0.04975508611003932, 0.05749777928959314]
B1: -0.00011477102019038779 - -0.0002530170256904329 - -0.00021909697793090287 - -0.0001167449860429299
B2: -6.155343779865952e-05 - 0.00024948287451059445 - 0.00012428454892022514 - -0.00014286977569547574
