Number: 450
Error: 4.951059402599681e-13
A1: [-0.012160443750372597, -0.01452441099504784, 0.01807949124490526, 0.00857556378322996] - [0.06583020476480317, 0.1894904216260663, -0.1453277715094087, -0.1100141618958785] - [-0.09629395267119402, 0.42178524092675146, -0.05345828646977323, -0.27203675775869335] - [-0.00132243305041, -0.018220141735632692, -0.0038361034371926983, 0.023375665553740852]
A2: [0.16158935145917153, -0.16775219221618054, 0.008503911653453121, -0.0023305048007059466] - [0.03548567867812825, 0.2075166776549463, -0.11721046886844905, -0.1257920734175648] - [-0.0862108527095839, 0.5815407585941866, -0.23538610719391767, -0.2599329430510215] - [-0.0038309931843291487, -0.004515381724213812, 0.0011141903838391709, 0.00724719501376258]
B1: -4.0900927131612327e-07 - 1.4470358125808162e-06 - 4.237772422088953e-07 - 4.3537073162707826e-07
B2: 5.272508125821141e-06 - -7.461779556716711e-06 - 1.2576739872405614e-06 - 3.4825378816162637e-07
