Number: 7613
Error: 7.334844586332761e-16
A1: [0.08043173029779262, -0.18046776514251386, -0.019588811414678532, 0.11962501734616045] - [0.037415645761319304, 0.13359645189274835, -0.13472612056177813, -0.03628575936627598] - [-0.001702781757979085, 0.22819015376078355, -0.12282834544494482, -0.10365887297959499] - [0.038863278392973474, -0.1144809747119552, -0.04641639745995079, 0.1220342718894541]
A2: [0.03530746553551271, -0.02927345326057395, -0.0756973285829641, 0.06966343126607921] - [0.10289374355272128, 0.2828966940867583, -0.3926064031357894, 0.00681598855032064] - [-0.011186998568702908, 0.5390146927143352, -0.3594509194944395, -0.16837635769308246] - [0.09786287182039762, 0.017463389237430186, -0.16885094158234254, 0.05352495439280424]
B1: -3.947247415548179e-09 - -1.327404297132792e-08 - 1.3466289359186334e-08 - 3.655954427483332e-09
B2: -1.3763709379742813e-09 - -2.129779467145048e-09 - 8.024084329426459e-09 - -1.1297881566725878e-09
