Number: 822
Error: 5.472209776477105e-12
A1: [-0.012149709808103884, -0.014513386228760203, 0.018091355334659373, 0.008587034141590996] - [0.06583867429310061, 0.18949856895293404, -0.14531901476754697, -0.11000473191806517] - [-0.09629084698332586, 0.4217882423244017, -0.05345491666889858, -0.27203313962374037] - [-0.001313080147554343, -0.01821114707620032, -0.003826147829286364, 0.023386475839217838]
A2: [0.16158154676157158, -0.16775984986841788, 0.008496264131458939, -0.0023381134226179478] - [0.035486524837457796, 0.20751751020981982, -0.11720962626412541, -0.12579124565755812] - [-0.086217761136879, 0.5815339917665154, -0.2353928294332881, -0.2599396797649146] - [-0.0038362795416345672, -0.00452058021802872, 0.0011089580635787856, 0.007242137321512581]
B1: -2.5212133296113647e-06 - 1.1485737903498025e-06 - -1.7833634700085792e-06 - -9.317384818348858e-07
B2: 6.966860244110362e-07 - 2.3716726757453057e-08 - -9.185853561516496e-07 - 3.0905063142420364e-06
