Number: 935
Error: 2.4105607878382707e-08
A1: [-0.011938324099632516, -0.014296427022801218, 0.018324887090650846, 0.00881275304734371] - [0.06573693227655095, 0.18940068820867056, -0.14542419320956915, -0.11011800163830741] - [-0.0964814073385369, 0.4216039776601846, -0.05366172736019088, -0.27225519738632903] - [-0.0015716976379719352, -0.0184598368593074, -0.004101432354384982, 0.02308769807859285]
A2: [0.16142300976101281, -0.16791521181061034, 0.008341056387741356, -0.002492440646075624] - [0.03544983385484181, 0.20748142008369472, -0.11724613853509364, -0.12582712350467334] - [-0.0862758152930849, 0.5814772934799713, -0.23544917953814135, -0.2599960986874151] - [-0.0036893595256153183, -0.004376009386265923, 0.0012544794879805565, 0.007382790749832238]
B1: 9.854699304933446e-05 - 0.0001677788430141801 - 4.975094122915778e-05 - 1.5824454878649392e-05
B2: -2.854296514297712e-05 - -9.941914607874871e-05 - -0.0001171928244709 - -1.980873410519483e-05
