Number: 4785
Error: 8.971945237526806e-16
A1: [0.06621317251872798, -0.11395208866767212, -0.023983959435987117, 0.07172285900193932] - [0.037402611939264245, 0.18819336925527622, -0.14740894696482465, -0.07818701036351228] - [-0.060229298650392775, 0.32895086992664335, -0.12775303856874462, -0.14096825147675104] - [0.039046158950393185, -0.05332268624458096, -0.03741859057392505, 0.05169512023822956]
A2: [-0.009108546460913297, -0.34680315435912445, 0.2494551198891466, 0.10645671063586348] - [0.08003987553318706, 0.03628231058575812, -0.05025005786801621, -0.06607190464137182] - [-0.04245278777196704, 0.2308319260585971, -0.0405312115889564, -0.14784780392931465] - [0.06813482352126075, -0.29346780295085484, 0.14177128917215984, 0.08356191061844087]
B1: -7.478338327906729e-09 - 2.424484439787122e-08 - 3.821497546429007e-09 - 1.1179563243188913e-08
B2: -1.041801254228336e-08 - -4.906896040669112e-10 - 4.0169739533724795e-09 - 2.132837703666295e-08
