Number: 8811
Error: 1.673339206464726e-05
A1: [0.08387103794660258, -0.17704473185920527, -0.016077450549974608, 0.12305411024152138] - [0.04095790969544013, 0.13711364265233048, -0.13110397009011573, -0.03275852093070404] - [0.0008184243872682755, 0.23070141907545216, -0.12023074436351791, -0.10114507267869645] - [0.04241022891284487, -0.11095788266989842, -0.0427973171296865, 0.12556960908564188]
A2: [0.035647937466896755, -0.028966249736768524, -0.0753070332399178, 0.07001621411277516] - [0.09883971411351675, 0.27879552976415267, -0.39648545856161127, 0.002569349751631196] - [-0.0071852950606461395, 0.5429821227446294, -0.355600904792034, -0.16416109616840815] - [0.09782755415956365, 0.017400855054114865, -0.168824125025687, 0.053484648031158905]
B1: 0.0003680582735826961 - 0.0022543942764961062 - -0.0005918939116699674 - 0.0005149331654817832
B2: -0.003034528486519389 - -0.004029025989573843 - -0.0026287495912444905 - -0.0031111342605887726
