Number: 3933
Error: 1.0461161065769354e-15
A1: [0.06621318364994065, -0.11395207778518904, -0.023983948313486252, 0.07172287011451263] - [0.037402586849357655, 0.18819334528356405, -0.14740897163013283, -0.07818703503097905] - [-0.060229440445094956, 0.3289507337406306, -0.12775317732066743, -0.1409683894826282] - [0.039046213133457235, -0.05332263481615393, -0.03741853815369815, 0.05169517223286359]
A2: [-0.009108504294051717, -0.3468031096265962, 0.2494551623973251, 0.10645675484563422] - [0.08003980725354018, 0.03628223702901114, -0.05025013249382705, -0.06607197990082592] - [-0.042452850625202536, 0.23083185668987008, -0.04053127894510609, -0.1478478734426553] - [0.06813457872414588, -0.29346807248316975, 0.14177102378866174, 0.08356163615558994]
B1: 2.5106122927536155e-08 - -3.3123493631224186e-08 - 3.616059778413188e-08 - 5.136780208339648e-09
B2: -4.893556661989666e-09 - -1.1463919121125683e-08 - 2.8241827837605855e-08 - -9.20417720793394e-09
