Number: 7352
Error: 9.780249453505153e-16
A1: [0.08043164976416672, -0.18046784566701263, -0.01958889185200034, 0.11962493682173866] - [0.037415578499045844, 0.13359638468138693, -0.1347261876900275, -0.03628582659128589] - [-0.0017028710441779737, 0.2281900644764915, -0.12282843460040853, -0.10365896224196258] - [0.03886321823582341, -0.11448103470027729, -0.04641645757876248, 0.12203421176969784]
A2: [0.0353073821860478, -0.029273536840578453, -0.0756974078306281, 0.06966334403187703] - [0.10289370384481904, 0.2828966540418473, -0.39260644154076296, 0.006815946970354925] - [-0.011187082361878115, 0.5390146084213758, -0.3594509988065816, -0.16837644598879573] - [0.0978627632763717, 0.017463280199676717, -0.16885104490930328, 0.05352484045699121]
B1: -2.8286969965362885e-08 - -1.3695620630995479e-08 - 3.2255759421739585e-09 - -2.6252352165215303e-09
B2: -1.4132729968955432e-08 - 4.2747543453636466e-09 - -2.672147953335649e-08 - 2.3597872820984497e-09
