Number: 1565
Error: 1.3268005305555858e-08
A1: [-0.007924423032067099, -0.01573728003325071, 0.0022308055835835103, 0.01869744810202477] - [0.06685538623377607, 0.1899118983977887, -0.14670552969910192, -0.10983047094754678] - [-0.11288335649543264, 0.44149280714401584, -0.07110038861071054, -0.25842244384118995] - [-0.0231786087089606, 0.015531227650518746, -0.029740354101830794, 0.039112979848488216]
A2: [0.13181444403237366, -0.22440445857708036, 0.022890868637537802, 0.07038367892259605] - [0.032698893580932774, 0.2038009014709652, -0.1148357785074145, -0.1214060404733997] - [-0.09471143115163164, 0.5554519541839309, -0.23528969834435026, -0.2257224432136037] - [-0.020640450851569337, -0.019092035648231306, 0.00830262031945072, 0.03236076708772367]
B1: 0.00013130677668709428 - -0.00010583432427322511 - 2.5294330196057324e-05 - 0.00012586218492121795
B2: -8.562187184020909e-05 - -0.00016173193978604846 - -5.994496753795109e-05 - 0.00029705056542866286
