Number: 5477
Error: 1.7453182570848086e-13
A1: [0.06621277598850367, -0.11395247633935325, -0.02398435565761911, 0.07172246313469788] - [0.037403138332852706, 0.1881938721882548, -0.14740842947991398, -0.07818649283267404] - [-0.06022909745549736, 0.3289510631599407, -0.12775284169453902, -0.1409680556608548] - [0.039045927930303766, -0.05332290552571338, -0.03741881408476461, 0.05169489854218771]
A2: [-0.009108108371351583, -0.3468026896146987, 0.2494555615231883, 0.10645716994541436] - [0.08004134150911352, 0.03628388985883897, -0.05024845564115002, -0.06607028881136322] - [-0.042452355634613345, 0.23083240298883484, -0.040530748495672536, -0.14784732600302192] - [0.06813544711547069, -0.29346711635109096, 0.14177196520452273, 0.08356260977980717]
B1: 4.241970269392953e-08 - 8.239328300648365e-07 - 1.3684160166595836e-07 - 2.0844207275279834e-07
B2: 1.6900177091920633e-07 - -1.5881292159411985e-07 - -9.80556152462311e-08 - 4.163460572530811e-08
