Number: 8215
Error: 9.26099818821067e-16
A1: [0.08043169771672336, -0.18046779771991914, -0.019588843956840674, 0.11962498476877718] - [0.03741559744636444, 0.1335964036144118, -0.1347261687803208, -0.03628580765437856] - [-0.0017028126435125453, 0.22819012287590257, -0.122828376285263, -0.10365890385689062] - [0.03886324260193258, -0.11448101040256095, -0.04641643322819847, 0.12203423612064687]
A2: [0.035307331171446486, -0.029273587996214, -0.07569745633480629, 0.06966329063973588] - [0.1028937061153906, 0.2828966563317027, -0.39260643934470596, 0.006815949348000212] - [-0.011187065420301037, 0.5390146254639541, -0.35945098277095333, -0.1683764281369323] - [0.09786283264670297, 0.01746334988551346, -0.16885097887316344, 0.05352491327316477]
B1: -3.5817639835886706e-08 - 4.938456472157855e-10 - 8.044207178116393e-09 - -1.7065711425800795e-08
B2: -1.6005928760044227e-08 - -9.403811533553404e-09 - -8.524739279745485e-09 - -1.5135610036132346e-08
