Number: 2477
Error: 1.4819003664298028e-07
A1: [0.06628308469010394, -0.04506458800412186, -0.020636551399463698, 0.010661005428037386] - [0.0433804276721494, 0.1909896156286779, -0.14287175857190634, -0.0928351928795989] - [-0.12061784780835817, 0.4176350719072708, -0.10205532738443843, -0.18428829717683318] - [0.04103551921829515, 0.023184681439353115, -0.029123853570203858, -0.019074820116925045]
A2: [0.06211883658235615, -0.17499430332813298, 0.0849787936549021, 0.022660132584314707] - [0.0305133096992791, 0.2015032157077805, -0.10049076814464683, -0.12667513840332717] - [-0.09366244464997797, 0.5134669163982354, -0.225849989418336, -0.1953274615467559] - [-0.025107629690743025, 0.01935294834722583, -0.04945956921835204, 0.05779347080677071]
B1: 0.0011174499135906046 - -6.0705091619882615e-05 - 0.0002472045478563634 - 3.753589014952923e-05
B2: -0.0005700951888178655 - 0.0011814264736998324 - 0.0003945459985637456 - 0.0006292398009461098
