Number: 9449
Error: 1.4192699130998654e-13
A1: [0.053172683891113764, -0.148001137205342, -0.026998913745410913, 0.12182795578622849] - [0.005311962268568846, 0.13083493484839614, -0.11360250105963139, -0.022551523381948477] - [-0.01444423140613291, 0.22309186606724998, -0.1270409346404461, -0.0816056877644842] - [0.027144102330212496, -0.1000223957331671, -0.049426871054005256, 0.12229575675450728]
A2: [0.08925879129296457, -0.0729090503143736, -0.1236231883168631, 0.10729076652892582] - [0.10884435644019956, 0.24981680923371608, -0.4048427139186721, 0.046192151950593646] - [0.03663714287232085, 0.4625563240453246, -0.37771626859219076, -0.12147204403321259] - [0.1434280906864115, -0.04460497204832746, -0.20149791706813974, 0.10268154451917179]
B1: -1.060873864220976e-06 - 2.3747858528166612e-07 - 1.106348412916023e-06 - 1.1669699656843044e-06
B2: 2.1894425119815996e-07 - 1.6035385975389447e-07 - 3.137909291764903e-07 - 6.96911078146193e-07
