Number: 8261
Error: 8.171852681434363e-16
A1: [0.08043168562583672, -0.1804678098094291, -0.019588856033269042, 0.11962497267927753] - [0.03741560818896458, 0.13359641434887848, -0.13472615805911828, -0.03628579691772852] - [-0.0017028290318170278, 0.22819010648794538, -0.12282839264957046, -0.1036589202408227] - [0.03886323315687192, -0.11448101982110852, -0.04641644266724026, 0.12203422668146208]
A2: [0.03530741557939503, -0.02927350335481404, -0.07569737608065191, 0.06966337898164425] - [0.10289372237685135, 0.2828966727311749, -0.39260642361681714, 0.006815966376104308] - [-0.01118714347231668, 0.5390145469464026, -0.35945105664903715, -0.16837651038289964] - [0.09786272897014928, 0.017463245737392157, -0.1688510775667084, 0.05352480444673747]
B1: -1.1413509539309108e-08 - 8.220842028174934e-09 - -1.795574539707403e-08 - -1.9090697111498876e-08
B2: -1.416575636345546e-08 - -6.848835898710731e-09 - -1.1000187493276876e-08 - -1.8310219662224917e-08
