Number: 1047
Error: 0.00013044227043346795
A1: [-0.03946513825538385, -0.050899165488437745, -0.02781661427548673, -0.017812238730980326] - [0.06964450473347317, 0.19252622131490757, -0.14402039848075734, -0.10680453467066299] - [-0.17022065162072206, 0.3769786782256784, -0.13831304504881256, -0.3306727558866468] - [-0.0586992453611731, -0.024083844220959043, -0.055274853466928606, -0.0017201786212517837]
A2: [0.1477427079196223, -0.20353066546630702, 0.030550606968797824, 0.08200047067638024] - [0.0242921683377642, 0.19547548747927526, -0.12280507679769331, -0.13041225201107765] - [-0.0194495883565156, 0.6364642055125258, -0.15326004613995375, -0.16188866534638074] - [-0.020873647623289544, -0.02019469575434698, 0.007165183530062882, 0.029758202890964532]
B1: -0.013440743262609182 - 0.017361867983572966 - -0.0057105818238103855 - 0.0035706301294283296
B2: -0.008683625337540874 - -0.004106379467393385 - -0.0069847681327699996 - -0.00705999416222659
