Number: 1601
Error: 2.106650982876674e-08
A1: [-0.008233413634140863, -0.016048252660034523, 0.001911693687057129, 0.018374551265778184] - [0.06485954662569585, 0.18799181296814635, -0.14876912085339442, -0.11204999454400327] - [-0.10933302822705467, 0.44497423670593605, -0.06739747027806199, -0.25457623560323006] - [-0.023782502550262218, 0.014936726924464872, -0.030356109601653, 0.03847179278763952]
A2: [0.13186681819417498, -0.22435597521924683, 0.022940944145184612, 0.07043218899846179] - [0.03279154361069513, 0.2038920169418858, -0.11474324558561695, -0.12131504351416521] - [-0.09387139210192133, 0.5562800502942021, -0.23446068050114857, -0.22489652763736] - [-0.02117876204788391, -0.019631400871895792, 0.007761282542440231, 0.03183912714890201]
B1: 6.686424735861398e-05 - -0.0008109940637484394 - 0.0005940655298616724 - -0.00018320853217752964
B2: 0.0003696038705219218 - -0.0008136081873261755 - -0.0003673828803371173 - 0.00026100177174112664
