Number: 5434
Error: 1.7365300694739093e-15
A1: [0.06621321107180246, -0.11395205097601059, -0.02398392091311389, 0.07172289749036877] - [0.037402693915825395, 0.18819344757851297, -0.14740886637545078, -0.0781869297670202] - [-0.06022949236921575, 0.3289506838698489, -0.12775322813051174, -0.14096844001886383] - [0.039046091067482046, -0.05332275067641753, -0.037418656248236794, 0.0516950550971331]
A2: [-0.009108276180300743, -0.3468028676345169, 0.24945539235605207, 0.10645699400958054] - [0.08003998839151039, 0.036282432166344414, -0.05024993452021793, -0.06607178024653725] - [-0.04245283971716831, 0.2308318687287632, -0.04053126725581645, -0.14784786137862374] - [0.06813470622430007, -0.2934679320995491, 0.1417711620107304, 0.08356177910740303]
B1: -7.014970575532501e-08 - -5.1972932424257836e-08 - 1.3870100765381638e-08 - 8.177361818568865e-09
B2: -5.549913291154904e-08 - -2.9381237507103425e-08 - -3.862173650898922e-08 - 3.1291074896048126e-08
