Number: 2012
Error: 1.606993813527715e-05
A1: [-0.05286567745685637, -0.06221502646925891, -0.04732060994086966, -0.027725215564132346] - [0.06165838334023134, 0.1849095662977304, -0.1524774571910454, -0.11574188932379484] - [-0.13754133403231467, 0.4181940278009386, -0.09796927966726077, -0.28422476548811876] - [-0.05333842428681825, -0.013699846868539488, -0.06113870731139033, 0.008524169781926981]
A2: [0.13503068663048728, -0.22287633457185912, 0.027912399695872406, 0.07449490777507059] - [0.02599969831377982, 0.19593296675023456, -0.12180058515346927, -0.1285400832257381] - [-0.0835935795938119, 0.5640433732501888, -0.2231401418242744, -0.2151432047711313] - [-0.00022243741504715184, -0.0019062332421668614, 0.02874280362080966, 0.05197068745262916]
B1: 0.005514386091694821 - 0.015796790688582436 - -0.0017050560317682017 - 0.003289172880461556
B2: 0.004718128223331964 - 0.018117015468016525 - -0.00800170670230835 - 0.00041334347015187017
