Number: 7340
Error: 8.236437294265086e-16
A1: [0.08043167565082249, -0.1804678197832884, -0.01958886599629728, 0.11962496270543752] - [0.03741558648789782, 0.13359639266419263, -0.13472617971709333, -0.03628581860685937] - [-0.0017028386580534088, 0.22819009686192568, -0.12282840226170223, -0.10365892986448154] - [0.03886322858809259, -0.1144810243770601, -0.0464164472330896, 0.12203422211553287]
A2: [0.035307393452719306, -0.029273525542745316, -0.07569739711841499, 0.06966335582366512] - [0.10289371112372545, 0.28289666138253, -0.39260643450069826, 0.006815954592431045] - [-0.011187128765778176, 0.5390145617406992, -0.359451042728905, -0.16837649488618064] - [0.09786282892161267, 0.01746334614351252, -0.16885098241925411, 0.053524909363091365]
B1: 4.669651447706386e-09 - -1.0469723997283405e-08 - 2.996501716174662e-09 - -1.5649500405215106e-08
B2: -5.426363491678118e-09 - 3.6867880822821634e-10 - -1.040744188504791e-08 - 1.2320400091369045e-10
