Number: 3636
Error: 3.951512958111632e-13
A1: [0.06621648285512419, -0.1139488522983076, -0.023980651700153708, 0.07172616378053741] - [0.037402717786573565, 0.18819347038705483, -0.1474088429035738, -0.07818690629744537] - [-0.06022827899480852, 0.3289518492580576, -0.12775204078697855, -0.14096725906844615] - [0.039046748205115965, -0.0533221269595499, -0.03741802050358513, 0.05169568569039782]
A2: [-0.009106440198725998, -0.346800919961029, 0.24945724318555879, 0.10645891891042486] - [0.08003997147830738, 0.036282413945588586, -0.050249953004834653, -0.06607179887962247] - [-0.04245170045095904, 0.23083312607849996, -0.04053004638042936, -0.14784660138970507] - [0.06813732279965688, -0.2934650511462451, 0.14177399862839213, 0.08356471275841035]
B1: 1.0094919633625915e-07 - 7.130048011811273e-07 - 8.730186750283852e-07 - 9.195392401641703e-08
B2: 1.8502422608093909e-06 - -2.3206933314780088e-06 - 6.311519850365776e-07 - 1.2627692193182996e-06
