Number: 5198
Error: 1.3839252044546408e-15
A1: [0.06621315058084132, -0.11395211011532337, -0.023983981356660536, 0.07172283710087132] - [0.03740258041669617, 0.18819333913762892, -0.1474089779538926, -0.07818704135532505] - [-0.06022910885867702, 0.32895105221127596, -0.12775285284960897, -0.1409680667564182] - [0.03904604339974234, -0.053322795920979, -0.03741870236536735, 0.05169500935446514]
A2: [-0.009108623032751145, -0.3468032355895953, 0.24945504269765348, 0.1064566303547852] - [0.08003979663697594, 0.03628222559202322, -0.05025014409694025, -0.06607199160252034] - [-0.04245286380121845, 0.23083184214822258, -0.040531293064805074, -0.14784788801454626] - [0.06813472198390873, -0.29346791474760514, 0.14177117909599543, 0.083561796776721]
B1: 3.4955181923336047e-10 - -3.450675194531732e-08 - -5.465934744428146e-09 - -1.3475139930308425e-09
B2: -8.589683810551944e-09 - -2.4016516708763422e-08 - 5.8694194048971446e-08 - -1.8603268386927288e-08
