Number: 6268
Error: 5.353115849562159e-16
A1: [0.08043165026376332, -0.18046784516746742, -0.019588891353001497, 0.11962493732128023] - [0.03741555137798792, 0.13359635758085728, -0.13472621475705066, -0.03628585369731905] - [-0.0017028285013818449, 0.22819010701838544, -0.12282839211990625, -0.10365891971052178] - [0.03886321218631997, -0.11448104073279722, -0.04641646362440705, 0.12203420572395977]
A2: [0.03530748209351354, -0.02927343665678607, -0.07569731283986772, 0.0696634485958748] - [0.10289367783911449, 0.2828966278154181, -0.39260646669312094, 0.006815919738528592] - [-0.011187184071991579, 0.5390145061046155, -0.35945109507738515, -0.16837655316433042] - [0.09786275985935865, 0.01746327676711815, -0.1688510481620327, 0.05352483687019084]
B1: 1.4835728584510134e-08 - -2.142136646978197e-08 - -3.325255198923847e-08 - -1.2790043010538193e-08
B2: -2.294811976122297e-08 - -2.1480020036015637e-08 - -2.4990557460184085e-09 - -1.0736348200380992e-08
