Number: 8804
Error: 0.00010523163077088146
A1: [0.08086610339728731, -0.18002784104319713, -0.019162791396243568, 0.12006167386340161] - [0.03629792514340767, 0.13248475943608326, -0.1358510459808607, -0.03740075585365515] - [0.002780509184514621, 0.23267935074124899, -0.11835745554656701, -0.09917398033750115] - [0.03853614757746606, -0.11480155170950576, -0.046751499367344726, 0.12170968171407653]
A2: [0.04052565522156445, -0.024053595720967443, -0.0707134046776113, 0.0751217009123795] - [0.09904555090440628, 0.2790121344004543, -0.39632661472992503, 0.0027858665021683743] - [0.014041017271204837, 0.564366605231706, -0.33551137694727234, -0.14180121785552977] - [0.09940991664837394, 0.019008257619650956, -0.16736422795787584, 0.05514680862724843]
B1: -0.00578795925261423 - -0.002472766856721602 - -0.012914442512656516 - -0.004579466245727874
B2: 0.0041459799606176784 - 0.004540538177571505 - 0.0008275698431847497 - 0.0039466152284094325
