Number: 6144
Error: 1.212580461195962e-15
A1: [0.08043157407620183, -0.1804679213464018, -0.019588967449464936, 0.11962486114241977] - [0.0374154913157394, 0.13359629756406532, -0.13472627469962373, -0.03628591372629659] - [-0.0017028393207505208, 0.22819009619925026, -0.12282840292343289, -0.10365893052700495] - [0.038863067650855114, -0.11448118486263757, -0.04641660806777145, 0.12203406127832357]
A2: [0.035307460853219924, -0.02927345795582728, -0.07569733303486062, 0.06966342636559485] - [0.10289382139813054, 0.2828967725928438, -0.3926063278447572, 0.006816070065861279] - [-0.011187058161970144, 0.5390146327656467, -0.359450975900893, -0.16837642048846038] - [0.09786282305113876, 0.01746334024633931, -0.16885098800758333, 0.053524903201029136]
B1: -1.707905398683888e-08 - 3.889145281438895e-08 - -3.4407683497654926e-08 - 4.0023156874648435e-09
B2: 6.46857001767551e-08 - 6.160819219711939e-08 - -1.695899733360247e-07 - 1.1310366166447109e-08
