Number: 4641
Error: 1.0123122400076794e-15
A1: [0.06621320209971619, -0.11395205974772514, -0.02398392987821894, 0.07172288853328886] - [0.037402612620379735, 0.18819336990602858, -0.14740894629523968, -0.07818700969386218] - [-0.06022932354881776, 0.3289508460130409, -0.1277530629329013, -0.14096827570988948] - [0.03904613256551574, -0.05332271128814961, -0.03741861610044945, 0.05169509491899667]
A2: [-0.009108607829635797, -0.3468032194616607, 0.24945505802386325, 0.10645664629415806] - [0.08003980127748525, 0.036282230591132246, -0.05025013902524911, -0.06607198648771488] - [-0.042452874043308914, 0.23083183084433104, -0.040531304040655844, -0.14784789934200324] - [0.0681347062996103, -0.2934679320168039, 0.14177116209270177, 0.08356177919157266]
B1: -1.630243218558672e-08 - -6.769037696148338e-09 - -1.3550258198850163e-08 - -1.8758067012087944e-08
B2: 7.578411069552007e-09 - 1.7608424800845928e-09 - -1.1851132122753206e-09 - -2.4570556907827317e-08
