Number: 3598
Error: 1.8860078848315266e-12
A1: [0.06621229578432349, -0.11395294584424633, -0.02398483558582053, 0.07172198371092092] - [0.03740493402614757, 0.18819558784648396, -0.14740666417538742, -0.07818472734206067] - [-0.06022285815932917, 0.32895705567204225, -0.12774673614889653, -0.140961983176634] - [0.039049377583829675, -0.05331963125871949, -0.0374154766970964, 0.051698208809543914]
A2: [-0.009104847121704753, -0.3467992298857637, 0.2494588491769792, 0.10646058917463601] - [0.08004713653603454, 0.03629013281011602, -0.050242122000554536, -0.06606390139164688] - [-0.04244474599496605, 0.2308408013956218, -0.04052259378614264, -0.14783891005704505] - [0.06813340283963278, -0.29346936721067624, 0.14176974906312437, 0.08356031782194372]
B1: -4.785007432033552e-07 - -1.2384940646274752e-06 - 5.50773774713389e-06 - -3.783208244767451e-06
B2: 1.4560552553520791e-06 - 7.426660999523942e-07 - 1.3747740841184791e-06 - -2.8039016068998476e-06
