Number: 1753
Error: 2.657433238166764e-07
A1: [-0.0061512950266646455, -0.013960725649687963, 0.004098850246179841, 0.020494199850022966] - [0.06631431303492491, 0.18939511802664644, -0.14727073619165884, -0.11043038542850847] - [-0.11299553561334656, 0.4413691215857545, -0.0712562745414221, -0.2585365809766287] - [-0.024149603856442374, 0.014573638761872069, -0.03077160454169828, 0.038092377488118424]
A2: [0.13172516574000823, -0.22447337501174405, 0.022810377109474828, 0.07030223248068246] - [0.03187835612020689, 0.20299643616310054, -0.11565242928882814, -0.12220443393350966] - [-0.09532954258440957, 0.5548920937258306, -0.23584306424479454, -0.2262709694599307] - [-0.02022048628221837, -0.018677183957465864, 0.008705551900080233, 0.032750808442741766]
B1: 0.00029601029759712986 - -0.0004916471862506406 - 0.0005764799853085878 - 0.00015141325720444208
B2: -0.00044684056306235314 - 0.00013808461094552986 - -0.0006137099759725515 - -0.0005876032138145684
