Number: 9836
Error: 1.1034294189854347e-15
A1: [0.05317251531646163, -0.14800130581239354, -0.026999082106138925, 0.12182778714146153] - [0.005313742194933219, 0.1308367166700368, -0.11360072139768884, -0.022549740966616556] - [-0.01444448390697479, 0.2230916134964819, -0.1270411869214059, -0.08160594033195301] - [0.027146454210475315, -0.10002004392345785, -0.04942451429721736, 0.12229811450356347]
A2: [0.08925446030496878, -0.0729133713028712, -0.12362742177383552, 0.10728638206225284] - [0.10884160391619882, 0.24981405620646502, -0.40484541194251195, 0.04618935310417893] - [0.03663569449680015, 0.4625548832203185, -0.37771768171495756, -0.12147350740687148] - [0.14342621537020656, -0.04460684034065983, -0.20149974817064545, 0.10267964143222601]
B1: -4.374746179346889e-08 - -1.3025774420689022e-08 - -5.529666894276384e-09 - 6.765677768763993e-09
B2: -7.159992290839332e-09 - -1.0652775186485343e-08 - -1.1633208111953945e-08 - -5.028172469111972e-10
