Number: 9660
Error: 2.972659239815298e-14
A1: [0.05317271992358383, -0.1480011011313774, -0.026998877725789922, 0.12182799184758562] - [0.005313920541045204, 0.13083689520112737, -0.11360054308140966, -0.02254956236845359] - [-0.014444201435249396, 0.2230918960701595, -0.1270409046750765, -0.08160565775929732] - [0.027146700092037443, -0.10001979804377957, -0.04942426789856737, 0.12229836100986591]
A2: [0.08925367581638127, -0.07291415397847475, -0.12362818858822838, 0.10728558789992441] - [0.108842521936025, 0.2498149743883095, -0.40484451210521377, 0.046190286570646576] - [0.036636273734992765, 0.4625554594451845, -0.37771711658025386, -0.121472922160344] - [0.14342472745415785, -0.04460832271647048, -0.20150120099307217, 0.10267813143984345]
B1: -1.2683924162768137e-07 - -2.1370202577021418e-07 - -1.584452545667838e-07 - 1.716007435436714e-07
B2: -8.015663889902156e-08 - 6.621974827632705e-08 - 6.312179457073166e-08 - 2.5639063509110145e-08
