Number: 8806
Error: 8.364758642565227e-05
A1: [0.0777677936538737, -0.18313891262764953, -0.022222678131659165, 0.11695821764229555] - [0.03241734389170896, 0.12858993179473419, -0.1396809783095069, -0.04128635130770973] - [0.0013338663955963894, 0.23122873865128638, -0.11978375995601546, -0.10062208821843162] - [0.0353456504262607, -0.1179961531153944, -0.04990503860110148, 0.11851565809785848]
A2: [0.033416301916447885, -0.03118320380711773, -0.07748052768439971, 0.06768359428704228] - [0.09687807109102117, 0.27682540139528894, -0.398421303412116, 0.0005166803224433401] - [-0.001438348277506057, 0.5487960845899958, -0.3501925877377515, -0.15810418247972055] - [0.09435392714543232, 0.013928501146383089, -0.17218076581226371, 0.049841383029800714]
B1: -0.005707342078624935 - -0.0035286296077691624 - -0.009663124357424259 - -0.005018798070657593
B2: 0.004403580684685505 - 0.004669457217471544 - 0.00043393245092525345 - 0.004269249104161769
