Number: 9434
Error: 1.0966278100818192e-12
A1: [0.053169066824898796, -0.14800475557416337, -0.027002526844976973, 0.12182433695778419] - [0.005315746208363619, 0.1308387227887262, -0.11359871764523594, -0.022547734026725042] - [-0.014447005916413075, 0.22308909049619216, -0.12704370700077702, -0.08160846333094866] - [0.02714814096559033, -0.10001835702366588, -0.04942282382486997, 0.1222998057812975]
A2: [0.0892487689159474, -0.07291904952735447, -0.12363298489901747, 0.10728062058651164] - [0.10885193329423411, 0.2498243874389178, -0.40483528712395417, 0.04619985629059759] - [0.03662189687625596, 0.46254115730720535, -0.37773114331918767, -0.12148744823602] - [0.1434114966295192, -0.04462150439951122, -0.2015141196760333, 0.10266470413042245]
B1: -2.211060418922662e-06 - -3.5776921995300997e-06 - -3.2255156259519516e-07 - -2.8294321198679954e-07
B2: -2.5560782123967656e-06 - -1.2804877432934113e-06 - -1.5935286904338128e-06 - -2.128305421907942e-06
