Number: 2459
Error: 1.7417911558146718e-06
A1: [0.06740115781021812, -0.04396605248468598, -0.019480713709005854, 0.01180707125580234] - [0.04537855600177235, 0.19290809891069383, -0.14083212069519757, -0.09065354682253202] - [-0.11637490402514748, 0.42184788783806243, -0.09781197044369155, -0.18007647823222395] - [0.03859563772494809, 0.020760223697483378, -0.03155160318826437, -0.021504630397017638]
A2: [0.05615853620056547, -0.1809660945842258, 0.07902315938641849, 0.016795252944557817] - [0.027802982626892087, 0.1988239709376602, -0.10320550162256022, -0.1293381821756998] - [-0.09706082813746834, 0.510187633397515, -0.22922022038888046, -0.19856396588378972] - [-0.028899827302756618, 0.015623246600776484, -0.05321837994448904, 0.05415457242509431]
B1: 0.0019062539138575486 - 0.000701403476129156 - -0.0002047080497064918 - -0.00026564636708202203
B2: 0.001461835034572282 - -0.0011313197014031612 - -0.0008299092664190232 - -0.001429417108793749
