Number: 721
Error: 2.6145149982518975e-14
A1: [-0.012153363610895892, -0.014517139054228663, 0.018087316806407037, 0.00858312964343353] - [0.06583513541570635, 0.18949516469693042, -0.14532267365688428, -0.11000867210012256] - [-0.09629373033012813, 0.4217854556097664, -0.05345804541470487, -0.27203649884005593] - [-0.0013221303886587533, -0.01821985088441769, -0.003835781493478151, 0.023376015251226658]
A2: [0.161586666430306, -0.16775482662187166, 0.008501280606731958, -0.00233312250351633] - [0.03548569176576826, 0.20751669052368907, -0.11721045584315812, -0.12579206062075773] - [-0.08621358319316373, 0.5815380840540617, -0.23538876410819037, -0.2599356057270067] - [-0.003834503284491366, -0.004518833507240757, 0.0011107161407571042, 0.0072438367034136095]
B1: 4.450436347770843e-08 - 1.4527714297387187e-07 - -9.52536471549941e-08 - 6.054344080304737e-08
B2: -2.4557081333403936e-08 - -3.5597690535396145e-07 - -6.654288645123974e-08 - 4.031297804108758e-08
