Number: 6046
Error: 9.91345937997385e-14
A1: [0.08043335082945272, -0.1804661447950473, -0.019587192821354002, 0.11962663769211768] - [0.0374176175408901, 0.13359842217751114, -0.1347241527145827, -0.03628378868139981] - [-0.001701057151750423, 0.22819187833315246, -0.12282662336130902, -0.10365714883209598] - [0.038865181900444294, -0.11447907654545539, -0.046414495164691004, 0.12203617421418052]
A2: [0.03530492023941732, -0.029276005598485606, -0.07569974861265041, 0.06966076733722078] - [0.10289237360215144, 0.28289531250891703, -0.3926077281333452, 0.006814554011198276] - [-0.01118653704969317, 0.5390151569880904, -0.3594504826559195, -0.1683758713731466] - [0.09786321213405846, 0.017463731099897302, -0.16885061762476664, 0.05352531161252482]
B1: -5.34920908500506e-07 - 3.1170921439824264e-07 - 5.745167018882257e-07 - 1.8296992071243717e-07
B2: -7.60223843567456e-07 - -1.157286643750262e-06 - 2.4356365385086604e-06 - 7.660045738061554e-08
