Number: 1767
Error: 5.879351024324313e-07
A1: [-0.006994485420270654, -0.014818401790811201, 0.003209665553152249, 0.019633667444905394] - [0.06717786589190973, 0.19022680037116718, -0.14637935834008023, -0.10946915873888646] - [-0.1104293247783445, 0.4438799370166145, -0.0686017080385668, -0.255749175963797] - [-0.0212585001567196, 0.017410736744461777, -0.027840612367340787, 0.04115307071104004]
A2: [0.12684169335348927, -0.22929051431330433, 0.01801252399469029, 0.06553406299827237] - [0.03315879983831028, 0.20425697370784987, -0.11437845083913449, -0.12095313337683541] - [-0.09583273128716656, 0.554384600559525, -0.23633192318925217, -0.22675783320017195] - [-0.027122478499373125, -0.02549194544945276, 0.0018626314613076522, 0.026123398979230487]
B1: -0.00047142822763169976 - 0.0010254863446126983 - -0.0018723848746526933 - 0.00017253102976019774
B2: 0.00036442116736123964 - -0.0005291994092834624 - 0.0005949448224172437 - 0.0005669928236392994
