Number: 2256
Error: 4.353977429853289e-05
A1: [0.07847929158294722, -0.025458182828676526, -0.002403907312692251, 0.02949765814152003] - [0.05248340964195182, 0.19130960689985158, -0.15129056084092554, -0.09792350297974821] - [-0.1214350909721523, 0.43063101763388606, -0.08551057181567884, -0.16774843943343823] - [0.04028034047250342, 0.03760090109371439, -0.010097759420375964, -0.01000493894259655]
A2: [0.07334394501823194, -0.174539088488395, 0.0996016782832985, 0.0313835272616844] - [0.03372044284083599, 0.20448218923386088, -0.09477547864422178, -0.12470629330911197] - [-0.06616122683856464, 0.5579788304143405, -0.19293991244042571, -0.16989137834470946] - [-0.1539717856339971, -0.08965834735388452, -0.17495025733925193, -0.058759627778196835]
B1: 0.018052795679605396 - 0.034961991277462204 - -0.04936510738174288 - -0.012256362052464562
B2: -0.00986616097760341 - 0.010046091570246031 - -0.01158266324059315 - -0.009528710259726745
