Number: 244
Error: 1.6734896971160643e-07
A1: [-0.011951581582943797, -0.01431458835882856, 0.018302770080977263, 0.008793557752554164] - [0.0677010163499112, 0.19128917640338747, -0.14339341366337066, -0.10793016187016156] - [-0.09458910807463244, 0.4234336363998756, -0.05160056321616245, -0.27004650453564055] - [0.0009997983961489857, -0.015989635864156283, -0.001360512945460927, 0.026060220006961177]
A2: [0.1629437415326054, -0.16641962807901728, 0.00983651701344866, -0.0010101771595053606] - [0.037154447755372265, 0.2091598407910763, -0.11554757118788109, -0.12415926816605785] - [-0.08575178929563122, 0.5819857096938421, -0.23495219156051295, -0.2594956659290693] - [-0.0038397236311724274, -0.004525608641462278, 0.0010998815499530877, 0.00723394629017206]
B1: 0.0004910852853602899 - 0.0008212830958696433 - 0.0010347866952775525 - 0.0006456997204257826
B2: 0.001219906199372386 - 0.0025840665481169354 - -0.0011474378165581716 - -0.0003412222951765767
