Number: 6460
Error: 9.043629329498547e-16
A1: [0.080431694605252, -0.18046780083100444, -0.019588847064533198, 0.11962498165770206] - [0.03741559695233409, 0.1335964031207064, -0.13472616927351258, -0.03628580814822121] - [-0.0017028135508956174, 0.22819012196855004, -0.12282837719130911, -0.10365890476402803] - [0.03886323276853679, -0.1144810202083451, -0.04641644305530426, 0.12203422629338183]
A2: [0.035307455933630195, -0.029273462889022783, -0.07569733771233854, 0.06966342121670245] - [0.10289375571417607, 0.28289670635141784, -0.39260639137339776, 0.006816001285132852] - [-0.011187090669034488, 0.539014600064686, -0.3594510066695093, -0.16837645474230387] - [0.09786281628320208, 0.017463333447617437, -0.16885099445021554, 0.05352489609689361]
B1: 2.5324587514376918e-09 - 5.599546245455203e-09 - 1.4404575706194894e-10 - 2.585821621523769e-09
B2: 4.461621819074018e-09 - 1.2306440547297506e-09 - 6.1040250390794095e-09 - -1.8568337590619417e-09
