Number: 7054
Error: 1.1449682274913616e-15
A1: [0.08043169522534312, -0.18046780021098305, -0.019588846445180892, 0.119624982277723] - [0.037415598636169216, 0.1335964048032686, -0.13472616759303, -0.03628580646531856] - [-0.0017028107944460698, 0.22819012472493702, -0.12282837443889624, -0.10365890200831449] - [0.03886323763101669, -0.11448101535950826, -0.04641643819592212, 0.12203423115283972]
A2: [0.035307400670500255, -0.02927351830500124, -0.07569739025581157, 0.06966336337783934] - [0.10289379979304995, 0.282896750804396, -0.39260634874087985, 0.0068160474421514634] - [-0.011187073964781228, 0.5390146168685594, -0.359450990858556, -0.16837643714047654] - [0.09786279722135481, 0.01746331429906321, -0.16885101259585375, 0.05352487608815234]
B1: -2.0630348798604107e-10 - 3.513510356744533e-09 - 8.277019859313279e-09 - 3.2486476689515193e-09
B2: 3.3060644546306057e-09 - 2.1151486706227944e-09 - 8.286655699680053e-09 - 6.106636747197865e-10
