Number: 1339
Error: 5.488804920982036e-09
A1: [-0.0072630957554052486, -0.015070002224332791, 0.0029188208653585764, 0.019377104130083554] - [0.06672970244775879, 0.18979103834936592, -0.14683552545864198, -0.10997027573784703] - [-0.1127467246264982, 0.4416274279074255, -0.07095732052405385, -0.2582745933859712] - [-0.023413100013639686, 0.015301234666331015, -0.029979017065448796, 0.038865411857033724]
A2: [0.13168294061673763, -0.22453336064171178, 0.022762067385614374, 0.07025519297523335] - [0.032778472249384606, 0.20387930546189098, -0.1147567173887602, -0.12132813522205833] - [-0.09424505657002803, 0.5559120174900422, -0.23483093214407164, -0.22526383835941527] - [-0.0209285501342085, -0.01937580235975113, 0.008017911156015457, 0.03208437565132856]
B1: -7.98322583354454e-06 - 4.515084969408877e-05 - 7.264784242383586e-05 - -1.965987638829573e-06
B2: -5.974458526795124e-05 - -7.51894883041678e-05 - 2.8525972288461957e-05 - -3.5760656590272695e-05
