Number: 9071
Error: 4.343994719951089e-05
A1: [0.06891211702384933, -0.13588366885114408, -0.011815664286902349, 0.135927324868713] - [0.02446730808944913, 0.1475701395675936, -0.09626807628521736, -0.005192624033117268] - [-0.01768774347897398, 0.22348416702102714, -0.1235276612978153, -0.08004419724955686] - [0.04496997206721515, -0.08275990259128475, -0.029913972789631475, 0.14013937274021668]
A2: [0.22871819812032482, 0.06624254685851165, 0.01952606051914632, 0.2500902750258544] - [0.21937533569442988, 0.3578791048413831, -0.2984304459592477, 0.15648566247329715] - [0.10634601462753701, 0.5326305066335622, -0.31372831314614935, -0.05230223041697145] - [0.24775787088315265, 0.05898238186815607, -0.10261421290228573, 0.20793316248597582]
B1: 0.015265423815743324 - -0.012438327919394204 - -0.0030263905558697898 - 0.003382815107627975
B2: -0.0025417746669706663 - 0.00029571894089757723 - 0.0025348627446575636 - 0.000305870422438145
