Number: 4799
Error: 1.1284340397858595e-15
A1: [0.06621313760667988, -0.11395212279955683, -0.02398399432063592, 0.0717228241484836] - [0.03740257878088327, 0.18819333757468681, -0.14740897956205712, -0.07818704296362783] - [-0.06022937954126153, 0.3289507922353688, -0.1277531177238049, -0.14096833020608046] - [0.039046162703592194, -0.05332268268218154, -0.03741858694282675, 0.051695123839845605]
A2: [-0.00910845292276952, -0.34680305512991966, 0.24945521418409777, 0.10645680870538884] - [0.08003989988672708, 0.036282336821482575, -0.05025003125099959, -0.0660718777983486] - [-0.04245276186978099, 0.23083195464580486, -0.04053118383118375, -0.1478477752825293] - [0.06813476008759649, -0.29346787279394915, 0.14177122040405793, 0.08356183949774415]
B1: 2.565973541603762e-08 - 1.3101374417739771e-08 - 5.570842482594566e-09 - -1.843438450539148e-08
B2: 3.6213648853884636e-09 - 6.637830733783823e-09 - 6.112483166368614e-09 - 2.8115759800122603e-08
