Number: 1862
Error: 3.966070604170676e-07
A1: [-0.004302125688140477, -0.012055486159180466, 0.006038625202135558, 0.0224081314136206] - [0.06871323975504569, 0.19170475558777564, -0.1447825316588481, -0.10776259734600321] - [-0.11376556681965247, 0.4406469674293217, -0.072076478900686, -0.2593709090937374] - [-0.02348521876527828, 0.015262386617123142, -0.03012519106327053, 0.038794205189907054]
A2: [0.13181036849461436, -0.22445066762199067, 0.02286473796826385, 0.07035819402072646] - [0.03282740360127256, 0.20394128759940486, -0.11470624715327697, -0.12127141432715567] - [-0.09436897288618233, 0.5557959922685878, -0.23489427254360057, -0.22528959550755878] - [-0.01855803443611022, -0.017080063482256318, 0.010331476727685215, 0.03432910545202621]
B1: -0.0002769660190276911 - 0.0012116094397795981 - -0.0006158731226908324 - 0.00040079783060774463
B2: -0.001425364560949481 - 0.0004002210326957761 - 0.00021640797830404837 - -0.00016440705957190452
