Number: 6774
Error: 8.123980933392557e-16
A1: [0.08043161867880559, -0.18046787674885104, -0.019588922900194903, 0.1196249057399269] - [0.0374155428864523, 0.13359634909574628, -0.1347262232316677, -0.03628586218415434] - [-0.001702867763634708, 0.22819006775696526, -0.12282843132467156, -0.10365895896229833] - [0.03886318249663065, -0.11448107033916692, -0.046416493295177864, 0.12203417605271964]
A2: [0.035307467845544525, -0.029273450944161717, -0.07569732638663894, 0.06966343368380984] - [0.10289375641054926, 0.28289670705370135, -0.3926063906998741, 0.006816002014336232] - [-0.01118707659666429, 0.539014614220989, -0.35945099334969566, -0.16837643991376522] - [0.09786283479554932, 0.01746335204417009, -0.16885097682765557, 0.053524915528828224]
B1: -1.4733236222681007e-08 - -1.763171377354246e-08 - -1.1855176828098792e-08 - -1.5204216541890517e-08
B2: -2.5115278368165947e-08 - -1.2728461011774385e-08 - -1.2476475825266428e-08 - -1.1469951908820821e-08
