Number: 2327
Error: 3.6800173867614445e-05
A1: [0.076475324324853, -0.03889222376995154, -0.01807726496122538, 0.016960931988484675] - [0.0279432826489119, 0.17652443703945236, -0.15813672873738283, -0.10828281055515634] - [-0.1184947741100068, 0.42043009307391804, -0.10040771896041804, -0.18184604660453982] - [0.03923590114887749, 0.022518738408472648, -0.02953044928489134, -0.020242921542602255]
A2: [0.043479274016355894, -0.1908568611694093, 0.06864301197145484, 0.005361528217570709] - [0.020755268803046952, 0.19166154197164176, -0.11032430616996422, -0.13634215176962036] - [-0.058500781489011895, 0.5458032200971166, -0.19153206938968773, -0.16250535906405966] - [-0.03092286794674995, 0.012403042414238596, -0.05498954594115957, 0.05236836635134352]
B1: 0.0031530884561873362 - -0.0009937815912447936 - -0.0072682858439181534 - 0.010794294325654014
B2: -0.007875137952148475 - 0.014712232185750804 - -0.005349316722818125 - -0.005104944855267589
