Number: 2580
Error: 2.9084781064365837e-08
A1: [0.06333651116680153, -0.047964675074971645, -0.023538421801444866, 0.007760103148233709] - [0.0436531073584317, 0.19126242697777096, -0.1425736930702117, -0.09252250547560692] - [-0.12280732878088076, 0.41550644623430444, -0.10420814220901564, -0.18642330493877932] - [0.03651862786930568, 0.018688593323727198, -0.03361295075729934, -0.023530167159831052]
A2: [0.06409950278174177, -0.17303589454596238, 0.08698631654124571, 0.02460861467828179] - [0.029161748204162615, 0.20017211389151113, -0.10183781604270828, -0.12799888869456127] - [-0.09350692984081035, 0.5135857390909259, -0.22570684297995022, -0.19519226437552242] - [-0.026373249746417367, 0.018079301701444662, -0.05074218425086476, 0.0565412650750028]
B1: -5.9735883828773985e-05 - -0.00017123657840702362 - 0.00030981354016445135 - 0.00043290331448065105
B2: 0.00010031854736311627 - 0.0002887926638246583 - -0.00016975283219750173 - 0.00019898059115275324
