Number: 6261
Error: 9.093860912875566e-16
A1: [0.08043165572501082, -0.1804678397068382, -0.01958888589828376, 0.11962494278190416] - [0.03741555682062126, 0.13359636301937153, -0.13472620932526166, -0.03628584825770043] - [-0.001702829683222562, 0.22819010583656996, -0.12282839330001658, -0.1036589208920471] - [0.038863213848658484, -0.11448103907512376, -0.04641646196312768, 0.12203420738526519]
A2: [0.03530746525518982, -0.029273453541682804, -0.0756973288495216, 0.06966343097273246] - [0.10289369244797474, 0.2828966425482661, -0.39260645256362586, 0.006815935036146037] - [-0.011187170745102913, 0.5390145195109943, -0.35945108246320284, -0.16837653912131362] - [0.09786276959352723, 0.017463286545564588, -0.16885103889573916, 0.053524847087904774]
B1: 1.17208532386471e-08 - -1.6808254654128204e-08 - -2.2598630002129875e-08 - -9.895860070724051e-09
B2: -1.51020809864631e-08 - -1.3135040129536617e-08 - 4.119511451165068e-10 - -5.734610192035195e-09
