Number: 18
Error: 0.0008878425048506142
A1: [0.024145951740117064, 0.029645429289705448, 0.04893899441551369, 0.02744799787962499] - [0.14034673883614357, 0.27572390044705763, -0.08471534325407389, -0.07533626689701418] - [-0.0747640327221699, 0.44123922480892214, -0.034136928131490794, -0.24251564685906887] - [0.2223252485277311, 0.2155875036737524, 0.22853694009881287, 0.24427037758546277]
A2: [0.4544712338567224, 0.12114143824111054, 0.2900052181650055, 0.2860977288140464] - [0.17394706457029047, 0.3404834640762445, 0.012508227807896063, 0.004822005117080426] - [0.30588785707580296, 0.9733832307738562, 0.14265463633348816, 0.13147571347934403] - [0.643195987011636, 0.6440376754066588, 0.6397994500874593, 0.6365970053108572]
B1: 0.059992581479327324 - 0.48699288856535494 - -0.05910069433139431 - -0.08527315711611518
B2: 0.036673170176107925 - 0.5320152393451408 - -0.09602985246691616 - -0.07964210528330122
