Number: 658
Error: 6.077946337578126e-15
A1: [-0.01215281409932538, -0.014516574649891364, 0.018087924182810494, 0.008583716860677474] - [0.0658351432255779, 0.1894951722098139, -0.14532266558226006, -0.11000866340472727] - [-0.09629420238175138, 0.42178499938203684, -0.05345855764572048, -0.2720370488035151] - [-0.0013221274099601654, -0.01821984801923996, -0.0038357783219948463, 0.0233760186937065]
A2: [0.16158649068787415, -0.16775499905296248, 0.008501108410324873, -0.002333293827815192] - [0.03548573604068304, 0.20751673408697754, -0.11721041175393138, -0.12579201730855233] - [-0.08621355236341231, 0.581538114252974, -0.2353887341083295, -0.2599355756634148] - [-0.0038349435545996565, -0.004519266455956973, 0.00111028038252371, 0.007243415483973265]
B1: 4.1562852604531986e-08 - 2.4915802715666026e-07 - -7.723900323698339e-08 - 5.5457833316199877e-08
B2: 6.174905837773096e-08 - 1.1214785139119966e-07 - -2.0342091514547101e-07 - 3.198583892757041e-07
