Number: 2700
Error: 9.51871578952705e-09
A1: [0.063668071545741, -0.04764034077001908, -0.02321290324781282, 0.008086837519998908] - [0.04384960117558292, 0.191451991760858, -0.14237105871470596, -0.0923056447405332] - [-0.12395824105662605, 0.4143510799525641, -0.10537053159500302, -0.1875817895891526] - [0.03705989943805874, 0.019224494124178978, -0.03307473530581812, -0.022994448602414144]
A2: [0.0633982705934745, -0.17372795778840666, 0.08628445583250599, 0.023917749924061302] - [0.02946477541607307, 0.20047078075796337, -0.10153601934658477, -0.12770196791442281] - [-0.09318561284813608, 0.5139026898150579, -0.2253821491659994, -0.1948803421257113] - [-0.025574322405926518, 0.018872547530034478, -0.04993698492512079, 0.05732123378107435]
B1: 0.0001450429403928125 - 0.00018266468781175194 - 7.409842944521257e-05 - 4.947334505130886e-05
B2: 0.00018252780489222962 - -1.6099665285506484e-05 - 0.00017683309068137126 - -0.00012956644063887113
