Number: 1772
Error: 4.831757632044114e-07
A1: [-0.008862575639410461, -0.016697722805812668, 0.0012684696449929385, 0.017714591763913178] - [0.06683501089160036, 0.18989814636329316, -0.14673304287875358, -0.10985084973065422] - [-0.11516932806545227, 0.4392468091053782, -0.0735358136291698, -0.26088370553209334] - [-0.026717483462899906, 0.012062639795410206, -0.03340616313413696, 0.03538730946646018]
A2: [0.12982683231203546, -0.22635504483031424, 0.020953102071904713, 0.06845855053275077] - [0.03380759602864028, 0.20489571351397493, -0.11373250563951978, -0.12031867106727533] - [-0.0945417959780977, 0.555649685456897, -0.23505686940861548, -0.2254816803222311] - [-0.023420958753034224, -0.021842273764789727, 0.005538702789418279, 0.02968568873790369]
B1: -0.0006719945192379259 - 0.0013884971102000548 - -0.0010210167279048972 - -0.00030908748898476207
B2: 0.0003313259515090268 - -0.0006701152286083761 - 0.0005467052119377827 - 0.0006587018448782936
