Number: 8904
Error: 0.0003412291729184537
A1: [0.02836443051034367, -0.222522615968911, -0.058355573703515934, 0.0809868143396179] - [-0.007954057006335856, 0.09950540998554419, -0.16219514123725215, -0.06522959426299021] - [-0.06201686560142401, 0.17432233225321495, -0.17728364209069444, -0.15957730907810005] - [-0.011650067242721513, -0.15079589669081592, -0.08259544171571234, 0.08592169461824989]
A2: [0.22210236189509322, 0.16101948409347244, 0.09516881537946283, 0.2694162150211394] - [0.26660193469580856, 0.448534945156038, -0.23506126816951015, 0.18099687618690288] - [0.017852984975242014, 0.5635806748250872, -0.3283279104964779, -0.12989650614504314] - [0.1236571221384489, 0.04043030911183281, -0.1395202491047196, 0.08908245194300767]
B1: 0.01798780468269253 - -0.014741169492001785 - -0.012323632894998368 - -0.012915023300449802
B2: -0.01476567972214509 - -0.011618144534966459 - -0.03335257297258664 - -0.016314800306414363
