Number: 8038
Error: 9.446505872968468e-16
A1: [0.08043174927210475, -0.18046774617034936, -0.019588792463047826, 0.11962503631831116] - [0.037415528127770874, 0.13359633434823479, -0.13472623796088518, -0.03628587693463891] - [-0.0017028031209285642, 0.22819013239829053, -0.12282836677660702, -0.10365889433683749] - [0.038863281915128944, -0.11448097119968131, -0.04641639394002651, 0.12203427540942881]
A2: [0.035307475028505474, -0.029273443741327586, -0.07569731955709995, 0.069663441201475] - [0.1028937888030165, 0.2828967397210861, -0.3926063593702512, 0.006816035933926393] - [-0.011187170629638898, 0.5390145196271277, -0.35945108235404993, -0.16837653899949132] - [0.09786280923887211, 0.0174633263712284, -0.16885100115594184, 0.05352488870261254]
B1: 2.2957462084871447e-08 - -3.3411304153888137e-09 - -2.1509586709346232e-08 - -4.322745187638454e-09
B2: 1.6583898357749837e-08 - -3.541488112033348e-08 - -7.393531726729536e-10 - 1.2111452177834713e-08
