Number: 6019
Error: 5.375189267505322e-13
A1: [0.08043276984142855, -0.18046672572436012, -0.019587773118717962, 0.1196260567683705] - [0.037418902657203136, 0.13359970629328163, -0.13472287019828433, -0.03628250429892691] - [-0.0017010786759923363, 0.2281918568314988, -0.12282664482338243, -0.10365717033334511] - [0.038864682785930325, -0.11447957425352372, -0.04641499395130652, 0.12203567541542948]
A2: [0.035306290569484505, -0.029274631495489856, -0.07569844569896485, 0.0696622015477393] - [0.10289991785630617, 0.2829029207986014, -0.39260043144049445, 0.006822453950929388] - [-0.011184702327236076, 0.5390170026722549, -0.35944874606418803, -0.1683739380639181] - [0.09786386807118831, 0.017464390024681288, -0.16884999321119964, 0.053526000136650154]
B1: -2.8942462167254627e-08 - -1.4816413998621794e-06 - 1.499098257787991e-07 - 2.8863208485705864e-07
B2: -9.784993962210332e-07 - -1.4322767303485667e-06 - 2.024792710965238e-06 - 1.3114771733522553e-07
