Number: 4621
Error: 1.1252645789801608e-15
A1: [0.06621319719641339, -0.11395206454146105, -0.023983934777676408, 0.07172288363820988] - [0.037402622953897416, 0.18819337977900194, -0.1474089361366014, -0.07818699953432634] - [-0.06022955917984008, 0.32895061970235534, -0.12775329350756437, -0.14096850504438974] - [0.03904613902310875, -0.05332270515884347, -0.03741860985294505, 0.051695101115776854]
A2: [-0.009108627826785272, -0.3468032406754871, 0.2494550378649476, 0.10645662532826138] - [0.08003987536673635, 0.036282310406447985, -0.050250058049958274, -0.06607190482484596] - [-0.04245279111834925, 0.23083192236534356, -0.04053121517506609, -0.14784780763024866] - [0.06813481601801172, -0.2934678112122227, 0.1417712810378977, 0.08356190220597436]
B1: 2.0524436287444435e-08 - 1.961345557521637e-08 - 6.08941420699017e-09 - 1.3758417056666288e-08
B2: 1.975712401896644e-08 - 2.1185422624432917e-08 - -2.9776295145003934e-08 - 1.0916005657094408e-08
