Number: 643
Error: 1.6720120135904787e-14
A1: [-0.012153539982776101, -0.014517320207099463, 0.018087121862595132, 0.00858294116999087] - [0.06583553630178829, 0.1894955503325517, -0.14532225917580646, -0.11000822575382946] - [-0.09629280390497023, 0.4217863509866308, -0.05345704013105732, -0.27203541950941923] - [-0.0013223268352748486, -0.01822003981015338, -0.003835990603585265, 0.023375788191348647]
A2: [0.1615869418937871, -0.1677545563437868, 0.008501550519733666, -0.002332853964542837] - [0.035485631020485534, 0.2075166307544026, -0.11721051633418696, -0.12579212004550575] - [-0.0862135452047582, 0.5815381212657865, -0.23538872714150622, -0.2599355686821299] - [-0.0038343945635518776, -0.004518726591930564, 0.0011108237513797953, 0.007243940720608003]
B1: -9.193750968566613e-09 - 9.554195685500396e-09 - 1.1965432039695886e-07 - -3.188471303027566e-08
B2: -1.919040971278413e-07 - 4.0613443353560856e-07 - 1.0680644687070436e-07 - 2.5473794289964943e-07
