Number: 3747
Error: 1.1938330112437599e-15
A1: [0.06621318083901853, -0.1139520805333019, -0.0239839511222126, 0.07172286730829508] - [0.037402620665643344, 0.18819337759272148, -0.14740893838614208, -0.0781870017840411] - [-0.06022934941756269, 0.328950821167554, -0.12775308824652204, -0.14096830088755744] - [0.03904625336877291, -0.05332259662635163, -0.03741849922739779, 0.051695210843102406]
A2: [-0.009108557185385438, -0.34680316573604697, 0.24945510907805088, 0.10645669939194528] - [0.08003980352646714, 0.036282233013884495, -0.05025013656731917, -0.06607198400888847] - [-0.04245285202017404, 0.230831855150297, -0.04053128044001562, -0.14784787498543217] - [0.06813481331478351, -0.2934678141884437, 0.14177127810772824, 0.08356189917530561]
B1: -1.4813269018811665e-08 - 6.26472258071599e-09 - 1.5587750667746288e-08 - 1.200240232936491e-08
B2: -1.037229125385519e-08 - 3.829260389754117e-09 - 1.0081901652379243e-08 - 8.656993179124376e-09
