Number: 706
Error: 2.331344650417374e-14
A1: [-0.012153593135202723, -0.014517374799329909, 0.01808706311280082, 0.008582884370176043] - [0.06583517284446565, 0.18949520070179163, -0.14532263495886044, -0.11000863042700111] - [-0.09629408676813563, 0.42178511111809663, -0.05345843219254708, -0.27203691410818925] - [-0.0013224432572059195, -0.01822015177570943, -0.003836114531709148, 0.023375653627537872]
A2: [0.16158695424410896, -0.16775454422809344, 0.0085015626177838, -0.002332841924938188] - [0.0354855924390329, 0.2075165927930951, -0.117210554753759, -0.12579215778804415] - [-0.08621364133201476, 0.581538027107556, -0.2353888206790986, -0.2599356624212111] - [-0.003835069042629993, -0.004519389858782552, 0.0011101561776130152, 0.0072432954251459005]
B1: 1.0932772945515433e-08 - -2.211753045483487e-08 - 1.5905300596924011e-07 - 1.0624398006819813e-07
B2: -2.4019369008724618e-08 - 1.1021833709852908e-07 - 2.3787035015761758e-07 - 1.3866775958154625e-07
