Number: 5132
Error: 1.0224495277675163e-15
A1: [0.06621317920687518, -0.11395208212898204, -0.02398395275310313, 0.07172286567885659] - [0.037402588383428116, 0.18819334674930105, -0.14740897012198498, -0.07818703352272406] - [-0.060229066884603326, 0.3289510925251974, -0.127752811776139, -0.1409680259039013] - [0.03904609351301618, -0.05332274835532305, -0.037418653882450026, 0.051695057443736626]
A2: [-0.009108511897783356, -0.34680311769305655, 0.24945515473192212, 0.10645674687345788] - [0.08003980403384117, 0.036282233560552345, -0.05025013601262982, -0.06607198344953326] - [-0.042452849878404114, 0.23083185751423474, -0.04053127814465379, -0.14784787261650265] - [0.0681347338248194, -0.2934679017103078, 0.14177119193264043, 0.08356181005249151]
B1: 4.4021896219373674e-08 - -1.4462672663956715e-08 - -2.836329413910933e-08 - -2.2418449806771258e-08
B2: -1.0441533836652163e-09 - 7.86142938986715e-09 - -1.3331207556755503e-08 - -1.167313159919025e-08
