Number: 5590
Error: 4.72159560821493e-09
A1: [0.06630090506759725, -0.11386629081077095, -0.023896244426874606, 0.07181046884675592] - [0.03751937247603891, 0.1883049483374609, -0.14729412642230863, -0.0780721986487629] - [-0.060082947478705705, 0.32909150065116766, -0.12760968632395936, -0.14082572599380822] - [0.03914764181588229, -0.05322631660004231, -0.03732030301248803, 0.0517925710589791]
A2: [-0.009498350069386523, -0.3472166906061579, 0.2490623018062792, 0.10604811638603961] - [0.08029946740595369, 0.03656197021720342, -0.049966340045859474, -0.0657857741553395] - [-0.04250411210928962, 0.23077530317230766, -0.04058626337866391, -0.14790458651166707] - [0.06840135316201737, -0.2931743293568418, 0.14206019641776765, 0.08386072124078792]
B1: 5.886819759634188e-05 - -0.00019075415456687645 - 7.598658586242815e-05 - -4.673900620896274e-05
B2: -3.1252907473745676e-05 - -1.1764813321312789e-05 - -2.636837448799062e-05 - -4.4136524885227525e-06
