Number: 4126
Error: 9.108438503749723e-16
A1: [0.0662131878733674, -0.1139520736561446, -0.0239839440933723, 0.0717228743308507] - [0.03740262378258886, 0.18819338057076096, -0.14740893532192992, -0.07818699871956879] - [-0.06022942976510636, 0.32895074399816443, -0.1277531668698648, -0.14096837908801096] - [0.039046106439403996, -0.05332273608611302, -0.037418641376618794, 0.051695069848084925]
A2: [-0.009108563198025735, -0.346803172114538, 0.24945510301673873, 0.1064566930880167] - [0.08003985241534985, 0.03628228568122393, -0.050250083134539374, -0.06607193012240409] - [-0.04245271526952737, 0.23083200607682774, -0.04053113389260227, -0.14784772374435165] - [0.06813474022369559, -0.2934678946649926, 0.1417711988698441, 0.08356181722660076]
B1: -3.241826530890444e-08 - 8.598504087048584e-09 - 2.471747799911066e-08 - -2.7658870421701713e-08
B2: 8.145030946950581e-11 - -6.840094002628724e-10 - -3.032072901943979e-09 - -1.5665103937752705e-08
