Number: 2686
Error: 5.0003095811642425e-09
A1: [0.0637022045819437, -0.04760636884352774, -0.02317893471280631, 0.008120862741145958] - [0.04371264938869582, 0.19131971944625123, -0.1425121016469514, -0.09245628587279026] - [-0.12300386722131623, 0.41530236691670597, -0.10441194149354037, -0.1866266792498639] - [0.03643257337483285, 0.018596510108180687, -0.033701226969792615, -0.023618042520527065]
A2: [0.06338318078405838, -0.1737429497649048, 0.08626914205228728, 0.023903344217756604] - [0.029225659606625556, 0.20023527017693668, -0.1017743112412864, -0.12793591736386484] - [-0.09314252355539593, 0.5139451199618673, -0.22533913303629877, -0.19483819306839179] - [-0.025647965777384686, 0.018799487853660563, -0.05001093822334122, 0.057250094935525096]
B1: -1.138819818821281e-05 - 5.560173384125648e-05 - 0.00012230802716255092 - 9.253449313994025e-05
B2: 0.0001807424202001704 - 5.9644044645360034e-05 - -0.00015525255961954028 - 0.0001327969815741875
