Number: 4743
Error: 8.294792380510637e-16
A1: [0.06621321562441486, -0.11395204652524811, -0.023983916364126976, 0.07172290203528693] - [0.03740263977488395, 0.18819339585032788, -0.14740891960027308, -0.07818698299653991] - [-0.060229326661316286, 0.32895084302367655, -0.12775306597858965, -0.14096827873917236] - [0.0390461862926239, -0.05332266029236188, -0.037418564121231644, 0.0516951464761399]
A2: [-0.009108471678723069, -0.34680307502701097, 0.24945519527638768, 0.10645678904080719] - [0.08003991380994237, 0.036282351820767396, -0.05025001603373369, -0.06607186245186754] - [-0.042452842934841604, 0.23083186517753043, -0.040531270703609346, -0.14784786493726537] - [0.06813471775014246, -0.2934679194092636, 0.14177117450621957, 0.08356179202971731]
B1: -2.320983888820029e-08 - 4.564695460043182e-08 - 1.2577356695929878e-08 - 1.9558823408274132e-10
B2: 1.0329815791015166e-08 - 3.787339914016594e-09 - 1.5057445299205945e-08 - 2.509971905798552e-08
