Number: 2914
Error: 1.3650084934557805e-07
A1: [0.06387200995537841, -0.04743520907460387, -0.02300935125238, 0.00828952461369386] - [0.04333260505008671, 0.19095266866363114, -0.14290353652644275, -0.09287431506807392] - [-0.12317148841388688, 0.4151331983064714, -0.10458530014458339, -0.18680103775189683] - [0.03714281866691145, 0.019305960789449204, -0.03299488173516212, -0.02291542639869773]
A2: [0.06456137019590098, -0.17257348843684234, 0.08743836811289882, 0.025060946433881147] - [0.029448553947275802, 0.20045483904589442, -0.10155212514837865, -0.1277179606607848] - [-0.0922911652029671, 0.5147792881237364, -0.22448467502665434, -0.19401427880400496] - [-0.025046635267497414, 0.0193954427952872, -0.049406001765676805, 0.057834911720437525]
B1: 0.0003232067282390217 - 0.00012541889046951263 - 0.00025919456396524654 - 0.00031616454360794855
B2: -0.00019344317926792923 - 0.00017391794970253907 - -0.00010510843353567852 - -7.071155291776156e-05
