Number: 7525
Error: 8.478146912594068e-16
A1: [0.08043172604803099, -0.18046776939179432, -0.019588815659358084, 0.11962501309688452] - [0.03741561608120095, 0.13359642223509308, -0.13472615018275924, -0.03628578902995379] - [-0.0017027675741981142, 0.22819016794426225, -0.12282833128192941, -0.10365885879959841] - [0.038863261677797335, -0.11448099138022295, -0.04641641416447615, 0.12203425518466642]
A2: [0.035307455291247215, -0.029273463533172735, -0.07569733832309472, 0.06966342054435797] - [0.10289379520124789, 0.2828967461736259, -0.39260635318199216, 0.006816042633849155] - [-0.011187059343661156, 0.5390146315768878, -0.3594509770193205, -0.16837642173371037] - [0.09786285955839705, 0.017463376919655237, -0.16885095325499172, 0.05352494152171593]
B1: 6.640707676296833e-09 - 1.3247343863649045e-08 - 2.0892326110525776e-08 - 1.0028304642245993e-08
B2: 1.843736588498897e-08 - 1.0125554255533569e-08 - 2.9034655942411386e-08 - 8.90856544920179e-09
