Number: 723
Error: 3.902923892296701e-14
A1: [-0.01215309637954555, -0.014516864580217238, 0.01808761217770575, 0.00858341521104749] - [0.06583516489756018, 0.18949519305722967, -0.1453226431752221, -0.11000863927503565] - [-0.09629338509977335, 0.4217857892691903, -0.0534576707985736, -0.2720360966301087] - [-0.0013217322776430626, -0.01821946801418067, -0.0038353577174430726, 0.023376475400458646]
A2: [0.1615866109440942, -0.16775488106316097, 0.00850122623923873, -0.002333176594872428] - [0.035485711736399105, 0.20751671017340423, -0.11721043595618445, -0.12579204108430217] - [-0.08621357584971519, 0.5815380912469222, -0.23538875696273917, -0.25993559856600335] - [-0.0038343940759921146, -0.004518726114466286, 0.0011108242307204864, 0.007243941186582993]
B1: 2.729973231946162e-08 - 9.136937560968856e-08 - -1.5700904887020508e-07 - 2.2045399901677506e-08
B2: -3.4945859150320124e-08 - -4.5623287800831364e-07 - -1.6828976497906492e-07 - -7.84400521281228e-08
