Number: 8164
Error: 1.2044907952365804e-15
A1: [0.08043166075920308, -0.18046783467324828, -0.019588880870157595, 0.11962494781549446] - [0.03741565584061052, 0.13359646196445502, -0.13472611050244274, -0.03628574929250039] - [-0.001702820587766783, 0.22819011493181912, -0.12282838421788214, -0.10365891179902051] - [0.03886323293404503, -0.11448102004331279, -0.04641644288991603, 0.12203422645877911]
A2: [0.03530726359319431, -0.029273655761388934, -0.07569752058745802, 0.06966321991187621] - [0.1028937019218177, 0.28289665210253456, -0.39260644340067713, 0.006815944956717285] - [-0.011186960009110252, 0.5390147315038619, -0.35945088299678074, -0.16837631706168793] - [0.09786299202717168, 0.01746350999093649, -0.16885082715301644, 0.053525080570486154]
B1: -4.656555784129473e-08 - 1.5165475912613818e-08 - 3.493602727512453e-08 - -3.635248562194069e-08
B2: -3.379627298009538e-08 - 2.248969353040003e-08 - -1.1928226324398056e-08 - -1.4188389773008802e-08
