Number: 7329
Error: 8.584326815745065e-16
A1: [0.0804316887855003, -0.18046780665009773, -0.019588852877324224, 0.11962497583861506] - [0.037415594831210375, 0.1335964010011907, -0.13472617139040483, -0.036285810268168635] - [-0.001702821837539438, 0.22819011368208156, -0.12282838546581545, -0.10365891304845666] - [0.03886323997024832, -0.11448101302684634, -0.04641643585818611, 0.12203423349061447]
A2: [0.03530746540657306, -0.02927345338987914, -0.07569732870557433, 0.06966343113114229] - [0.10289367401273618, 0.2828966239565785, -0.39260647039397056, 0.006815915731815144] - [-0.011187185182934342, 0.5390145049870422, -0.35945109612899734, -0.1683765543348787] - [0.0978628329239346, 0.0174633501640395, -0.168850978609301, 0.05352491356422457]
B1: 2.455751040434851e-08 - -2.7416661744409947e-08 - -2.139633392538816e-08 - -1.118500174002014e-08
B2: -8.192178588673223e-09 - -5.847917025369823e-09 - -1.132534883898042e-08 - -5.956766264520704e-09
