Number: 3921
Error: 1.0727083414732555e-15
A1: [0.0662131255886873, -0.11395213454895807, -0.023984006329176345, 0.07172281215070082] - [0.037402551734261276, 0.1881933117334777, -0.14740900615096433, -0.07818706955486283] - [-0.06022927693083419, 0.3289508907870163, -0.12775301731528307, -0.14096823033783526] - [0.039046068663324766, -0.053322771941717355, -0.037418677923703736, 0.05169503359776433]
A2: [-0.00910863915007857, -0.34680325268783085, 0.24945502645015402, 0.10645661345639679] - [0.08003977468536216, 0.03628220194374477, -0.05025016808900441, -0.06607201579824802] - [-0.04245296296101223, 0.23083173270902263, -0.04053139932865481, -0.14784799768190166] - [0.06813464468892322, -0.29346799985302324, 0.14177109530088872, 0.08356171011435491]
B1: -3.0280134694229514e-08 - -4.391328360516551e-08 - -1.6030362127992588e-10 - 4.1651227059075065e-08
B2: 3.6211938835804685e-09 - -6.818353416851463e-09 - -3.067172897203014e-08 - 2.0013318270639306e-08
