Number: 2385
Error: 4.723746448723403e-06
A1: [0.061036579377295286, -0.05126168519202544, -0.02694145180979439, 0.005081302612073093] - [0.03632946597168134, 0.18404907930832473, -0.15047349768304935, -0.10048741129465341] - [-0.11543296248136245, 0.42347442813560815, -0.09625921831915864, -0.17898918984463646] - [0.05176598230541475, 0.034518361585101826, -0.017712594202129554, -0.008212884171838413]
A2: [0.0506639748261463, -0.1862508846301798, 0.07380384745613132, 0.01121318433877836] - [0.0397138575082998, 0.21056649694664917, -0.09133007991661701, -0.11768591978504381] - [-0.0858663144430901, 0.5218542893804675, -0.21723190444955567, -0.18702635430896375] - [-0.03355216183780047, 0.011037253084312979, -0.05745381434412869, 0.04951259510305397]
B1: 0.002798211443104447 - -0.0012238849529845539 - -0.0016250236980839502 - 0.0034247884671415687
B2: -0.0018261251813563857 - 0.0032467923664884876 - -0.0006749969148940227 - 0.002984946969060656
