Number: 3230
Error: 0.005862741533149906
A1: [0.32332570213618317, 0.17362952906228724, 0.22608096585205067, 0.32606326262527213] - [-0.20168978434788792, -0.052846766543814705, -0.38646145326338616, -0.31045282387756273] - [-0.24244368395524502, 0.23343915850192773, -0.2636914712401925, -0.270134463695957] - [-0.20083734954377985, -0.2389378836833701, -0.25483581602541505, -0.15693145390318478]
A2: [0.35069513541732467, -0.1591483437832477, 0.5048295711146052, 0.2937387037726422] - [-0.11252315221467485, -0.07997682788272603, -0.14654631686141725, -0.2261809412745237] - [0.10660993606195429, 0.3869697844741899, 0.05276612952912252, -0.08140618601779533] - [0.17818859476678128, -0.14367133154692213, 0.2048791114625189, 0.12750813516516732]
B1: -0.14126008348084468 - -0.3982866541641408 - -0.20551639078542183 - -0.20042765816208713
B2: -0.24265011737730693 - -0.4028164478760636 - -0.11003125197377864 - -0.15685060104043094
