Number: 5049
Error: 1.288442428765329e-15
A1: [0.06621323404519035, -0.11395202851607536, -0.02398389795778017, 0.07172292042518143] - [0.03740257868507872, 0.18819333748316283, -0.1474089796562255, -0.07818704305780495] - [-0.0602294053072241, 0.3289507674885237, -0.12775314293686765, -0.14096835528353976] - [0.03904616719608963, -0.05332267841802279, -0.0374185825964145, 0.05169512815096422]
A2: [-0.009108456031002715, -0.34680305842731224, 0.2494552110507297, 0.106456805446614] - [0.08003983564811516, 0.036282267618149844, -0.05025010146007083, -0.06607194860358405] - [-0.04245279476378317, 0.23083191834200262, -0.04053121908165979, -0.1478478116620233] - [0.06813479960085182, -0.2934678292882196, 0.141771263240155, 0.08356188379928073]
B1: 4.131856934003571e-08 - -4.546812588548144e-09 - 1.84487679071998e-09 - 7.044922476850725e-09
B2: 3.760493107660452e-08 - 3.937801360123303e-08 - -9.459024303711064e-08 - 7.55093817338335e-08
