Number: 8487
Error: 8.653629138650733e-16
A1: [0.08043171409173605, -0.1804677813467186, -0.019588827601381413, 0.11962500114195711] - [0.037415520336295395, 0.13359632656264495, -0.13472624573678038, -0.03628588472176783] - [-0.001702785554073778, 0.2281901499647691, -0.12282834923548012, -0.10365887677466541] - [0.038863254423860454, -0.11448099861375566, -0.0464164214137682, 0.12203424793527273]
A2: [0.03530754155526908, -0.029273377030540868, -0.07569725630409835, 0.06966351082874539] - [0.10289371028472953, 0.2828966605364779, -0.39260643531216355, 0.006815953713914953] - [-0.011187167132897639, 0.5390145231447334, -0.35945107904436974, -0.16837653531479305] - [0.09786280764970899, 0.017463324774839906, -0.16885100266871822, 0.05352488703449592]
B1: 4.157402330563787e-08 - -2.120166253102832e-08 - 3.26132879567302e-08 - 1.3802563349881588e-09
B2: 2.1690725581252247e-08 - 1.682918557924726e-08 - -8.546989590766104e-09 - 5.097089520360645e-08
