Number: 6516
Error: 1.1411014211651e-15
A1: [0.08043168561660763, -0.18046780981863086, -0.019588856042429797, 0.11962497267008419] - [0.03741557633563213, 0.1335963825196082, -0.1347261898491352, -0.03628582875350282] - [-0.0017028026757644236, 0.22819013284344947, -0.12282836633210086, -0.10365889389179912] - [0.03886321131803497, -0.11448104159864875, -0.04641646449213758, 0.12203420485621175]
A2: [0.03530744257588062, -0.029273476283718333, -0.07569735041271093, 0.06966340723636305] - [0.10289373221523103, 0.28289668265303397, -0.3926064141012661, 0.006815976678296836] - [-0.011187098135860272, 0.5390145925533234, -0.35945101373701943, -0.16837646261036232] - [0.0978628004736627, 0.017463317566165426, -0.1688510094998679, 0.05352487950201741]
B1: -2.567513742174619e-09 - 1.2100105878586058e-09 - -2.223014739360046e-09 - 6.412575376243171e-10
B2: 9.294549839612691e-10 - -7.794670527367734e-09 - 1.667552206476187e-08 - -1.2677067823643173e-08
