Number: 6431
Error: 9.967933262039382e-16
A1: [0.08043170310009742, -0.18046779233712115, -0.01958883857984519, 0.11962499015157728] - [0.037415600657390496, 0.1335964068229586, -0.13472616557583864, -0.036285804445217174] - [-0.0017028078251072995, 0.22819012769421623, -0.12282837147390428, -0.10365889903976779] - [0.038863223478717124, -0.11448102947209385, -0.04641645233920424, 0.12203421700933594]
A2: [0.035307441750858634, -0.02927347711102223, -0.0756973511971307, 0.06966340637288752] - [0.10289376629991433, 0.28289671702699876, -0.39260638113501206, 0.006816012369950374] - [-0.011187079376190515, 0.5390146114248877, -0.35945099598059166, -0.16837644284263484] - [0.09786281289338133, 0.01746333004237744, -0.1688509976771041, 0.05352489253868381]
B1: -1.2289366195379017e-09 - 1.0558037967752615e-08 - 5.2719188349346064e-09 - 2.2823135990618776e-09
B2: 1.1234316507200779e-08 - 4.7482562101990025e-09 - 9.807650465374127e-09 - -7.1148990955387085e-09
