Number: 4278
Error: 9.573173892789472e-16
A1: [0.06621322997994702, -0.11395203249050756, -0.023983902019833362, 0.07172291636676544] - [0.03740259878684485, 0.18819335668902368, -0.14740895989466116, -0.07818702329447284] - [-0.06022930007616398, 0.32895086855724087, -0.1277530399639256, -0.14096825286462827] - [0.039046090502430505, -0.053322751212874726, -0.037418656795099994, 0.05169505455478789]
A2: [-0.009108462254606702, -0.3468030650293562, 0.24945520477690414, 0.10645679892165769] - [0.08003979679020101, 0.03628222575700522, -0.050250143929663676, -0.0660719914337475] - [-0.04245279903599373, 0.23083191362692668, -0.040531223660057465, -0.14784781638691855] - [0.06813484186078887, -0.2934677827581206, 0.14177130905426893, 0.08356193118053823]
B1: 3.207667235822639e-09 - -6.8112583947203214e-09 - 1.382170935011929e-08 - 3.001143291952667e-08
B2: 3.766910311048898e-08 - 4.830769879555337e-09 - 2.9063911977783828e-08 - -3.4143923786132545e-08
