Number: 2797
Error: 1.6293842114135932e-08
A1: [0.063421527312673, -0.047885204969003226, -0.023456667593323207, 0.00784212727199864] - [0.04365444449341413, 0.1912636802837237, -0.14257197780701641, -0.09252013533803677] - [-0.12313532011161853, 0.4151699447146156, -0.10454785922687058, -0.1867625392906463] - [0.0371988731612987, 0.019362930792921503, -0.032937400241504856, -0.02285745346895254]
A2: [0.06388123962072727, -0.173248159333651, 0.0867629961297605, 0.024392739568497804] - [0.029469771268054456, 0.20047589563785662, -0.10153091494376848, -0.12769698910764934] - [-0.0932384740999384, 0.5138502178128975, -0.2254342615408574, -0.19493200324402796] - [-0.026618965672494412, 0.0178328504774719, -0.05098034295166958, 0.0563030313283759]
B1: -6.015116858040796e-05 - 5.566593950243839e-05 - 1.1857054503437793e-05 - 0.0003367201884868758
B2: 3.79715324846561e-05 - -1.7582811320642635e-05 - 0.00011951849039007699 - 8.534602259982564e-05
