Number: 1168
Error: 1.7553640898717395e-07
A1: [-0.004351662309618377, -0.01211480382386279, 0.005949391102621211, 0.02235857565672305] - [0.06831552061717554, 0.19131604051880766, -0.14519629973382245, -0.10820282012745425] - [-0.11061880001513165, 0.44373351289664775, -0.06873136887210929, -0.2559758570172365] - [-0.016837853635106544, 0.02178903094824563, -0.023235697247540855, 0.04580086381329114]
A2: [0.13252891799020866, -0.22370399766683144, 0.023598614652652346, 0.07109026418788038] - [0.03217147071527793, 0.20328622727654094, -0.11535858871184701, -0.1219266323192267] - [-0.0936667101045925, 0.5564741380282305, -0.23425647101674935, -0.2247039169874753] - [-0.019681870489197794, -0.018159014493171352, 0.009254116959593054, 0.03328499892075042]
B1: 0.00045446250870660076 - 0.0010647704911362756 - 0.00026693483414503617 - 0.00026170734758772934
B2: -0.000553664102148332 - 0.0006674068801122791 - 0.0005036262527765104 - -0.00011394362501947485
