Number: 7856
Error: 6.555318213898638e-16
A1: [0.08043167033816156, -0.18046782509535653, -0.019588871302604994, 0.11962495739338422] - [0.0374156592691815, 0.13359646539037842, -0.13472610708082638, -0.03628574586589581] - [-0.0017028288359906341, 0.2281901066837742, -0.12282839245401941, -0.10365892004503804] - [0.03886322030575004, -0.11448103263616918, -0.04641645551015237, 0.12203421383833732]
A2: [0.035307429629116344, -0.029273489266266942, -0.07569736272233367, 0.06966339368617187] - [0.10289373506904793, 0.28289668553109537, -0.39260641134108376, 0.0068159796666780684] - [-0.011187035379789463, 0.5390146556836866, -0.3594509543369308, -0.16837639648220995] - [0.09786282543935063, 0.017463342645418756, -0.16885098573411808, 0.053524905707831284]
B1: -4.360796475576356e-08 - -2.3565053597997346e-08 - -3.2943330162184573e-09 - -2.0089941726261214e-08
B2: -2.8340195482647255e-08 - -1.265795217033576e-08 - -1.1718403224048869e-08 - -3.366856311747558e-08
