Number: 1721
Error: 1.4561032165169756e-07
A1: [-0.007236716407394278, -0.01505334703529564, 0.002946434819248314, 0.01938982279682505] - [0.0663820581009489, 0.18945705031720236, -0.14719528781509958, -0.11035759658299732] - [-0.1150528015963185, 0.43934445492964436, -0.07336880671716028, -0.2607781415788511] - [-0.025845613805555376, 0.012893456303714041, -0.03246350531685088, 0.03628709533626081]
A2: [0.13260573872033052, -0.2236038596292998, 0.023675754254578435, 0.07115464814161936] - [0.03372675227760071, 0.20481343212323644, -0.11381205814015076, -0.12039616730440064] - [-0.09331933825799399, 0.5568455647383604, -0.2339129493153309, -0.22435703891442974] - [-0.020332339265468045, -0.01877357879158039, 0.008614633401428162, 0.03265617606035859]
B1: 0.0002584482985615344 - 0.0005627701801055072 - -0.00030861792365376444 - 0.0003593245122938598
B2: 0.0005349562673432789 - -0.00024227125276120488 - -0.00029984486729903756 - -0.00012347545056564546
