Number: 1757
Error: 3.623172378084691e-07
A1: [-0.006907862261706088, -0.014725968141315856, 0.003311621678918287, 0.019717388739726005] - [0.06660167272236159, 0.1896717910175345, -0.14697404411140508, -0.11011057924896854] - [-0.1134500379243417, 0.4409222894835668, -0.07173210102135709, -0.25902768987917524] - [-0.024510612626823036, 0.014218279537653747, -0.031142587951186528, 0.03771225846538574]
A2: [0.13393252838601327, -0.22230188918062946, 0.02498026999811376, 0.07246008242854875] - [0.03235515621426782, 0.20346527804504994, -0.11517795148051958, -0.12173841587326917] - [-0.09365181835442951, 0.5565440852821858, -0.23419258419948916, -0.2246195320533915] - [-0.017915242690515993, -0.016405259982693217, 0.01099042949409703, 0.03496489905768523]
B1: -7.072139115292563e-05 - -0.0009737080345313007 - 0.0003206059854332009 - -0.00029712030339939746
B2: 0.0003387416377746912 - 0.0009190910527517757 - 9.962218176102914e-05 - 2.0413365556541793e-05
