Number: 987
Error: 0.0001446743640120186
A1: [-0.047375136133896226, -0.05044875725307402, -0.022853769141363448, -0.02770666536077294] - [0.041651022964826125, 0.16616495092247216, -0.17041502697823516, -0.13675024150426074] - [-0.1082760887181426, 0.41096936918384874, -0.0696017290014394, -0.2840859595098014] - [-0.03799026638149528, -0.05262121623562114, -0.0458222499771962, -0.01596369362296459]
A2: [0.15458006403427363, -0.177546125918328, 0.0037468943858302885, -0.007919819117840603] - [0.03867275405468945, 0.21010816656323847, -0.11367658887815087, -0.122539397105291] - [-0.08056060983929217, 0.5837826298346401, -0.22764280954484978, -0.25310643364275676] - [0.006124801039090673, 0.004013355137312718, 0.012302115784586457, 0.01770323665017237]
B1: 0.004316619221456139 - 0.005160607013922493 - -0.002209971222388186 - -0.0030435333240784145
B2: -0.008346058351308437 - -0.007640351429646898 - -0.013191575257800642 - -0.006431385536718921
