Number: 9298
Error: 1.191826180314629e-09
A1: [0.0529893168544554, -0.1481845681188724, -0.02718204952023149, 0.12164450267499322] - [0.005250716058671185, 0.13077364351679716, -0.11366369351727552, -0.02261282947770765] - [-0.0147230510793094, 0.22281294793231723, -0.12731951147082887, -0.08188460414408866] - [0.027024295996480624, -0.10014219138198784, -0.04954688658543426, 0.12217566296803165]
A2: [0.08927568944986611, -0.07289212456489136, -0.12360669394532078, 0.10730789443317637] - [0.10889055385563191, 0.2498630620592986, -0.4047974507506462, 0.04623914071870023] - [0.036713963719131285, 0.4626327711422824, -0.3776413240364213, -0.12139442703598885] - [0.14343776027408184, -0.044595345011031795, -0.20148847404260314, 0.10269134054044293]
B1: -5.64714949179535e-05 - -6.461572388330526e-05 - -1.710323465989417e-05 - -1.2595142846550558e-05
B2: -5.078061168480547e-06 - -5.606067843723507e-05 - 3.498451809808103e-05 - -1.918005928845301e-05
