Number: 7521
Error: 1.1214442270681181e-15
A1: [0.08043172626431372, -0.18046776917553606, -0.019588815443333917, 0.11962501331314258] - [0.03741561566451342, 0.13359642181872097, -0.1347261505986165, -0.03628578944641044] - [-0.0017027682890411885, 0.22819016722943453, -0.12282833199572576, -0.1036588595142506] - [0.03886326262029503, -0.11448099044037024, -0.046416413222579, 0.12203425612657835]
A2: [0.0353074393377987, -0.029273479530745505, -0.07569735349144167, 0.06966340384735578] - [0.10289378697107533, 0.28289673787360387, -0.39260636114211034, 0.006816034015660194] - [-0.011187085853754842, 0.5390146049086755, -0.35945100211172015, -0.16837644966830026] - [0.09786285427175925, 0.017463371608970733, -0.16885095828753222, 0.05352493597247123]
B1: 7.0940739570338585e-09 - 8.598700752459565e-09 - 2.2335697816680767e-08 - 4.816376987466789e-09
B2: 1.4667366728861008e-08 - 7.019390934514964e-09 - 2.508960131486204e-08 - 5.499565925567374e-09
