Number: 300
Error: 1.1716054193883356e-08
A1: [-0.012650164841019388, -0.015027439016915181, 0.01753819983064493, 0.008052319080689829] - [0.06548049861994139, 0.18915399700644417, -0.14568936330030716, -0.11040353646755995] - [-0.09653902257755688, 0.4215485774265543, -0.05372404077886821, -0.27232224897041624] - [-0.001589382846360548, -0.01847670208647327, -0.004120126273620323, 0.023067120674638286]
A2: [0.16160799356089897, -0.16773391348014496, 0.008522303433071842, -0.00231222041401673] - [0.03553978364027639, 0.20756989929755046, -0.11715662532610704, -0.12573917041784718] - [-0.08625306228088793, 0.5814993745801138, -0.23542715857056098, -0.2599740658892002] - [-0.0038382122079496576, -0.004522423974504429, 0.0011072252718984153, 0.007240461743803846]
B1: -0.00010411128013547204 - -1.6093502675230125e-05 - -3.8807518426547076e-05 - -6.312838580667195e-05
B2: -0.0003157827592271019 - -0.0005483703505107234 - 0.0002883945562623287 - 0.00023477815134136166
