Number: 9506
Error: 6.930952808273195e-13
A1: [0.05317271179696983, -0.148001109281434, -0.026998885856413572, 0.1218279837197014] - [0.00531462093186404, 0.13083759630659844, -0.11359984281638348, -0.022548860999766863] - [-0.014443245160848515, 0.2230928526854869, -0.12703994916854622, -0.08160470115287978] - [0.02714746576759173, -0.10001903233003705, -0.0494235005686299, 0.12229912866784365]
A2: [0.08926030944305328, -0.07290753568765654, -0.12362170440976408, 0.10729230336673731] - [0.10884277487659895, 0.24981522737666742, -0.40484426418127023, 0.04619054376787968] - [0.03663837763985006, 0.4625575524145689, -0.37771506390389886, -0.1214707964255642] - [0.14342856307086338, -0.044604501378781344, -0.20149745583766224, 0.10268202397755397]
B1: 6.004732028165781e-07 - 7.607301698007512e-07 - 6.981353233035748e-07 - 9.58830303826574e-07
B2: -3.593803207549996e-08 - 1.31593805788509e-07 - 6.129040058805979e-07 - 3.396953057473709e-08
