Number: 960
Error: 1.0421772299165289e-05
A1: [-0.01569144304202739, -0.018157075204097407, 0.014171411672477402, 0.004794809089787268] - [0.06474224064402881, 0.1884430109226918, -0.14645345670962984, -0.1112269491559584] - [-0.09830743779670253, 0.4198337639460989, -0.05564737252418043, -0.2743885826881047] - [-0.005111392831131866, -0.0218703002633811, -0.007874932153270186, 0.018987905503537676]
A2: [0.1623730622573594, -0.16698332434710905, 0.009271660933264043, -0.0015657243106874676] - [0.0355739047037442, 0.20760373744604316, -0.11712260076591634, -0.12570569403658768] - [-0.08630393066723924, 0.581453081735252, -0.2354768677948852, -0.2600240432567435] - [-0.005246973846554618, -0.0059026694988543495, -0.0002875822033706662, 0.005891410967523379]
B1: 0.0012849249572255664 - 0.0021607442488357736 - 0.0017683106120875709 - 0.0014566419463029334
B2: -0.001290187282160308 - -0.0010393802346953442 - -0.00210227190798989 - -0.0012049384153692178
