Number: 905
Error: 1.5247511320619011e-09
A1: [-0.012231482282438956, -0.014597496828924486, 0.01800094126364509, 0.008499575421348542] - [0.06579759262123712, 0.1894590466595534, -0.1453614875937973, -0.11005047107371886] - [-0.09630451738898956, 0.42177496731457464, -0.05346976866911056, -0.27204910472575283] - [-0.0010275819670692219, -0.017936530544162436, -0.0035222426614094373, 0.02371654388459598]
A2: [0.16148945039241833, -0.16785005019183338, 0.008406140068928175, -0.002427691028544774] - [0.03558504880418612, 0.20761445120335884, -0.11711150981130738, -0.12569486358702195] - [-0.08625417920327012, 0.5814984569408759, -0.23542816804862418, -0.2599750353850404] - [-0.0037585330099420295, -0.004444082899419313, 0.0011859438476952279, 0.007316547912732526]
B1: -6.631612255663687e-07 - -1.0310716415936167e-05 - -7.597686060473585e-06 - -6.063898595832494e-06
B2: 0.0002242324311840663 - -0.000228697958274818 - 8.682169242882244e-05 - -5.4444665285838554e-05
