Number: 5259
Error: 1.0832545464984162e-15
A1: [0.06621316231153501, -0.11395209864673526, -0.023983969635159103, 0.07172284881188591] - [0.03740254524492637, 0.18819330553340277, -0.14740901253042393, -0.07818707593492008] - [-0.060229422889203105, 0.32895075060173684, -0.12775316014165808, -0.14096837239572343] - [0.039046150442065934, -0.0533226943202457, -0.037418598805372315, 0.051695112073586354]
A2: [-0.00910852800741999, -0.3468031347828523, 0.2494551384917301, 0.10645672998344226] - [0.08003980159592401, 0.036282230934226514, -0.05025013867707993, -0.06607198613664664] - [-0.04245281434968218, 0.23083189672580065, -0.040531240070738474, -0.14784783332321466] - [0.06813476345490896, -0.29346786908640116, 0.1417712240543772, 0.08356184327317365]
B1: 4.32957226443701e-08 - 7.483947070724814e-08 - -6.01492560631187e-08 - -6.150620519843016e-08
B2: 3.125215121610168e-08 - -2.8984867725132927e-08 - -7.881555709924377e-08 - 2.0937151328503017e-08
