Number: 8085
Error: 1.0776772303550875e-15
A1: [0.08043170450568726, -0.1804677909316961, -0.019588837175943275, 0.11962499155700561] - [0.037415560359635655, 0.13359636655570573, -0.134726205793235, -0.03628584472062557] - [-0.0017028136436745046, 0.22819012187576862, -0.12282837728394772, -0.10365890485677572] - [0.03886323285274666, -0.11448102012437589, -0.04641644297114957, 0.1220342263775393]
A2: [0.03530737466398935, -0.029273544383436597, -0.0756974149825641, 0.06966333615928753] - [0.1028937642635667, 0.28289671497337665, -0.3926063831045007, 0.006816010237563348] - [-0.011187035217502146, 0.539014655846916, -0.3594509541833029, -0.16837639631123244] - [0.09786279459103671, 0.01746331165676963, -0.16885101509975353, 0.053524873327179]
B1: -3.174771813101891e-08 - 8.41593370926204e-09 - 2.1455467882437792e-08 - 1.0379045353610505e-08
B2: 1.80297878118349e-08 - -1.723669649643615e-08 - 6.375701274362201e-09 - 5.804914306731138e-09
