Number: 9057
Error: 0.00032910143567455193
A1: [0.016986091807072945, -0.19475492846231884, -0.06600102892847802, 0.08182687866499126] - [0.02877872682336803, 0.15084456974760574, -0.09322543405456721, -0.0015492068363280338] - [-0.004622130000935294, 0.2420557215367926, -0.10575902951436848, -0.06475618654521124] - [0.0482033922737007, -0.07806634989520522, -0.02511770287685886, 0.14395225716756269]
A2: [0.13229782304012833, -0.024241319680502547, -0.06537867392672658, 0.1584775798005002] - [0.010030967995842202, 0.13735113273063926, -0.5161533143741462, -0.06814906840234121] - [-0.041936731440371064, 0.38414666590482577, -0.4620661909486278, -0.20514623655190237] - [0.131854475661294, -0.0560602307028204, -0.21463511348682937, 0.09034801549247493]
B1: 0.008854516115577589 - -0.041800326002891595 - -0.03707907361776093 - -0.011414862322274892
B2: -0.045461534856084014 - -0.020078101107264393 - -0.009827694930433506 - -0.01982699218260383
