Number: 3895
Error: 1.1107433818338343e-15
A1: [0.06621315085120211, -0.11395210985098077, -0.023983981086489074, 0.0717228373708152] - [0.037402565720798295, 0.18819332509666212, -0.14740899240112854, -0.0781870558038116] - [-0.06022935282184567, 0.32895081789790986, -0.12775309157774742, -0.1409683042008688] - [0.03904608476983163, -0.053322756654033264, -0.037418662341193086, 0.051695049053746014]
A2: [-0.0091086680478388, -0.3468032833438538, 0.24945499731858098, 0.10645658315865869] - [0.08003977687461394, 0.0362822043021966, -0.050250165696276355, -0.0660720133852022] - [-0.04245279170700196, 0.23083192171570668, -0.04053121580599753, -0.14784780828129815] - [0.06813489007732271, -0.29346772966949775, 0.14177136132575296, 0.08356198524033905]
B1: 5.564487734815034e-09 - 2.9965953428820748e-09 - -3.192679797302324e-08 - -3.0751219460953234e-08
B2: -1.4682584287405574e-08 - -2.145499109438359e-08 - -1.1326540841989157e-08 - 4.098679520847722e-09
