Number: 353
Error: 5.184514318018743e-11
A1: [-0.012036888638261021, -0.01439750382700644, 0.01821606118828569, 0.008707612643987731] - [0.06586999527300508, 0.18952869844091455, -0.145286633069253, -0.10996985927224848] - [-0.096317895400302, 0.4217621042826727, -0.05348426273839776, -0.27206465866332374] - [-0.001343534265360848, -0.018240434330620506, -0.003858558301724766, 0.023351269032222673]
A2: [0.16160337003702885, -0.16773844562827833, 0.008517643235375816, -0.0023168455360947334] - [0.03549954447350226, 0.20753031788677334, -0.11719666459257873, -0.12577851062266446] - [-0.08621152762178409, 0.5815400937488071, -0.2353867689906359, -0.2599336116326117] - [-0.003852994674892783, -0.004537011075587394, 0.001092429047046448, 0.007226157288252389]
B1: -8.359304436157088e-06 - 2.6049652086475885e-06 - -1.4547469009740028e-05 - 6.3193215659727e-06
B2: -7.391120413379304e-06 - -1.2644214302878147e-06 - -4.9621680578088506e-06 - -3.4626899306383956e-06
