Number: 1958
Error: 2.026046913437915e-05
A1: [0.008481953661909025, 0.0012179568692988639, 0.01954458093128469, 0.035854665801945] - [0.048001664908836665, 0.17176098934835798, -0.16623567066164147, -0.13088024619200794] - [-0.10804960968443172, 0.4462010172740546, -0.06625015011739807, -0.25320005755909614] - [-0.0354246255203656, 0.0031991895693051116, -0.04280071382809247, 0.0258896241976638]
A2: [0.12946994636999584, -0.2271400950271075, 0.020035441978505368, 0.0673014948145116] - [0.03505697999554686, 0.2061901430491665, -0.11248976498001963, -0.11911094247674969] - [-0.07969463475520887, 0.570075583061046, -0.2206857568434813, -0.21108788716275478] - [-0.009878883214412462, -0.008740914206048493, 0.0187154732657435, 0.042357172657856344]
B1: 0.0024579905150735677 - 0.002239274326937788 - -0.0035886308511730216 - -0.002401493936730783
B2: 0.0025285967846808105 - 0.018031527615095386 - -0.0045215397280159355 - -0.007347877066551446
