Number: 1520
Error: 1.7696060657558067e-09
A1: [-0.007455103726984549, -0.01526397010824357, 0.0027185411873929845, 0.019179553954513665] - [0.06644784450937165, 0.18951983047602103, -0.14712680423082633, -0.11028389111544436] - [-0.11323056544794984, 0.4411524096297397, -0.07146196330868558, -0.2587984780451398] - [-0.023362870650384858, 0.015350280042495171, -0.029927957838312855, 0.03891866413040255]
A2: [0.13190218939562706, -0.22431741234371186, 0.02297699689216073, 0.07046971919845486] - [0.03268381096064389, 0.2037860982514191, -0.1148508547886629, -0.12142082724507793] - [-0.09445614735182327, 0.5557036379765988, -0.23503925270399398, -0.22547211069294343] - [-0.02093074658740865, -0.019377794524914414, 0.00801502164649366, 0.032082230572946555]
B1: 4.689217345812274e-05 - -6.92392856822873e-05 - -2.10702083310482e-05 - -3.2956639619236354e-05
B2: 7.158989957008035e-05 - -0.0002536410977409836 - 7.095482178070312e-05 - -4.21656254687683e-05
