Number: 8116
Error: 1.1460321898015684e-15
A1: [0.0804317017255317, -0.18046779371154997, -0.019588839952795707, 0.11962498877715534] - [0.03741556017024531, 0.13359636636647876, -0.1347262059822177, -0.036285844909892666] - [-0.001702814982182084, 0.22819012053728593, -0.12282837862050154, -0.10365890619492941] - [0.03886323542607059, -0.11448101755827705, -0.046416440399471924, 0.12203422894926032]
A2: [0.035307550082716736, -0.029273368479511973, -0.07569724819637692, 0.06966351975371843] - [0.1028937492704416, 0.2828966998530036, -0.39260639760566696, 0.00681599453758648] - [-0.011187170795237456, 0.5390145194605318, -0.3594510825108074, -0.16837653917397818] - [0.09786277344649198, 0.017463290416031802, -0.16885103522802924, 0.0535248511323227]
B1: 2.6766158701940998e-08 - -1.900700017354729e-09 - -2.6924461845394195e-08 - -5.2224049025200855e-09
B2: 1.187844371776616e-08 - -2.042692064341594e-08 - -1.0102518555531497e-09 - 6.5652024362435286e-09
