Number: 1087
Error: 1.9040920980966885e-05
A1: [-0.005415523679223209, -0.013156466392365557, 0.00487508409940566, 0.021112016655706643] - [0.06941323147325423, 0.19223470453276295, -0.14423242775228765, -0.10691988723745542] - [-0.09750801821657377, 0.456748825273961, -0.055690889711786165, -0.24230256588971594] - [-0.02588676811357591, 0.013098037100251588, -0.031639597877557185, 0.036703367893927655]
A2: [0.15109114399176846, -0.20542874439728748, 0.04206380977744247, 0.08939103791257427] - [0.03136863162755702, 0.2026175165846184, -0.11600105297576367, -0.12290309734895648] - [-0.08692393265588044, 0.5632780589234254, -0.22681373932717389, -0.21875311023087132] - [-0.018936442096523263, -0.01774049681169956, 0.01057677815105773, 0.03365962101852257]
B1: 0.012656781627752736 - -0.008148544069436877 - 0.0017671519158970483 - 0.010817594215624405
B2: -0.0004636550632241874 - 0.011773592758796664 - -0.005264686909826651 - 0.0037804197699368
