Number: 6399
Error: 9.932362098370687e-16
A1: [0.08043169610856636, -0.18046779932786017, -0.019588845563016242, 0.11962498316084486] - [0.03741558745703955, 0.13359639363259856, -0.13472617874988732, -0.036285817638255745] - [-0.0017028050632910514, 0.22819013045597364, -0.1228283687161318, -0.1036588962786886] - [0.03886322846446633, -0.11448102450033659, -0.04641644735663203, 0.12203422199198644]
A2: [0.035307415688624826, -0.02927350324534135, -0.0756973759767582, 0.06966337909592073] - [0.10289376066049549, 0.2828967113397176, -0.3926063865893832, 0.006816006464653272] - [-0.011187066602220037, 0.5390146242750503, -0.35945098388975705, -0.16837642938224898] - [0.09786281558013353, 0.017463332741350892, -0.16885099511949106, 0.053524895358900274]
B1: -9.856287382548436e-09 - 8.112051978545936e-09 - 8.74255014745838e-09 - 2.7070949715517334e-09
B2: 5.402421085335946e-09 - 9.520403378303554e-09 - -6.506612088189521e-10 - -8.597391884204351e-11
