Number: 934
Error: 2.96964298629428e-08
A1: [-0.011897608584275098, -0.014254606870450244, 0.018369890234689455, 0.008856258722169158] - [0.06575189535507031, 0.1894150824151833, -0.14540872352637504, -0.11010134306500939] - [-0.09647899634051636, 0.4216063094654185, -0.053659110640469486, -0.27225238700798976] - [-0.0018104654203119097, -0.018689452422540536, -0.0043555818873792325, 0.02281175730056414]
A2: [0.1614719311970019, -0.1678672221227363, 0.008388979124253255, -0.002444766325635363] - [0.03546381905074628, 0.20749517753028027, -0.11723221579658062, -0.12581344806289887] - [-0.08623518469724793, 0.5815170833525083, -0.23540965400875402, -0.25995649088678774] - [-0.003663385526944734, -0.004350473651647049, 0.0012801791853316955, 0.007407628851773012]
B1: -3.054071079311859e-05 - 2.66533520722068e-06 - -4.877853978904568e-05 - -2.8371634518662415e-05
B2: 7.262507027299257e-05 - 0.0001201648423080224 - 8.473504081304708e-05 - 0.00024029160456222
