Number: 2195
Error: 0.0001538625790966501
A1: [0.031446227801685135, -0.05698219205735207, -0.021606222164619576, 0.01971505534216923] - [0.06811170116316714, 0.19996426608326978, -0.14117305926400137, -0.08898499200468321] - [-0.19427073732982084, 0.34476942235892233, -0.17347728601578064, -0.27979217364481535] - [-0.015209419761393336, -0.00373446389978245, -0.04328789653888393, -0.04588764984074213]
A2: [0.07094339326854249, -0.22124040885991436, 0.08928824702461174, 0.03239783361728873] - [0.044010039607370044, 0.2103655218549599, -0.09217501521917854, -0.11805971599114007] - [-0.05274356964250062, 0.5773363539573106, -0.170803778584965, -0.15800873828408624] - [-0.14360670199035636, -0.057400484611206164, -0.11529306401841236, -0.03424531216542894]
B1: -0.020626717232118397 - -0.015582554648542725 - -0.019367896714937955 - 0.022993350994298285
B2: -0.003672610013698732 - -0.009673122089687501 - 0.0011786614389173757 - -0.004648539178063754
