Number: 646
Error: 3.710271819051755e-14
A1: [-0.012152801595426314, -0.014516561807232478, 0.018087938003865416, 0.008583730222621166] - [0.06583550070771385, 0.18949551609255572, -0.1453222959769614, -0.11000826538425316] - [-0.09629396020295133, 0.421785233443723, -0.0534582948531748, -0.2720367666535353] - [-0.0013217071751249496, -0.018219443872301084, -0.003835330995421293, 0.023376504414872712]
A2: [0.16158698691276124, -0.16775451217283305, 0.008501594630790962, -0.002332810077373365] - [0.03548566489216307, 0.20751666408177044, -0.117210482604417, -0.12579208691024338] - [-0.08621361762743822, 0.5815380503276292, -0.23538879761177, -0.25993563930533964] - [-0.0038343650494972923, -0.004518697568761625, 0.001110852962916385, 0.0072439689575390966]
B1: -2.9729779448563656e-08 - 7.994484798806763e-08 - 9.022594157168248e-08 - -6.588830079856839e-08
B2: 2.733193910573253e-07 - 3.303953324343573e-07 - -3.4294679312073316e-07 - 2.2799578377976798e-07
