Number: 3184
Error: 0.0010038267989674803
A1: [-0.004912304734261716, -0.11727529005707221, -0.09057161261320787, -0.05782728877907771] - [0.08745989118412655, 0.23298265028833318, -0.09828318037048198, -0.04546472659202203] - [-0.10075382900346762, 0.43681285834400047, -0.08157608206483383, -0.16209811026539778] - [0.12146166320059301, 0.10310689700161853, 0.05242985544643597, 0.06538964614923345]
A2: [0.0507449134685194, -0.1861141226116911, 0.07320594155195898, 0.009803090670703422] - [0.04497640556914133, 0.21630965784163786, -0.08648705508105152, -0.11390984240987088] - [-0.08739483714449027, 0.5216950465886918, -0.221204304268325, -0.19280191271316602] - [-0.0168769150580169, 0.031093893184785767, -0.04310453435210022, 0.06182399277906454]
B1: -0.024142172240896598 - -0.020185687386007407 - -0.017910126510899946 - -0.016777066836488372
B2: 0.057044840712808895 - 0.0054905561147254416 - 0.009677089764430689 - -0.03549922960605459
