Number: 7826
Error: 8.488743817122981e-16
A1: [0.08043166401225683, -0.1804678314205414, -0.01958887762094173, 0.11962495106820452] - [0.037415588482194916, 0.1335963946569732, -0.13472617772676057, -0.0362858166136654] - [-0.001702833498621928, 0.2281901020212443, -0.12282839710982253, -0.10365892470642402] - [0.03886320684149569, -0.11448104606263378, -0.046416468965821266, 0.12203420038245462]
A2: [0.035307532280779014, -0.029273386330690956, -0.07569726512232562, 0.06966350112214949] - [0.1028937614592162, 0.2828967121452358, -0.392606385816844, 0.006816007301018311] - [-0.011187080793138744, 0.5390146099994737, -0.3594509973217072, -0.1683764443357819] - [0.09786285102774668, 0.01746336835020551, -0.168850961375595, 0.053524932567287284]
B1: -2.9388195831431643e-08 - 4.9463849191457475e-09 - -1.2098642986880654e-09 - -1.087717246511533e-08
B2: -2.266269503261872e-08 - 4.730044039240922e-09 - -1.723507286171224e-08 - -2.246311353095434e-08
