Number: 3760
Error: 9.815706493690708e-16
A1: [0.06621316028266147, -0.11395210063028975, -0.023983971662438534, 0.07172284678643807] - [0.037402653498412125, 0.18819340896220058, -0.14740890610901292, -0.0781869695040597] - [-0.06022938869631033, 0.3289507834424974, -0.12775312668237837, -0.14096833911668205] - [0.03904633164015061, -0.053322522334136556, -0.03741842350247314, 0.05169528595314894]
A2: [-0.009108574627524948, -0.3468031842394437, 0.2494550914947812, 0.10645668110480547] - [0.0800398052042666, 0.0362822348213547, -0.05025013473357856, -0.06607198215957857] - [-0.04245284432371477, 0.2308318636445936, -0.04053127219218272, -0.1478478664734228] - [0.06813469106859459, -0.293467948786973, 0.14177114558094087, 0.08356176211455842]
B1: -8.265317444805072e-09 - 5.8456118916801126e-09 - 2.3693158285649205e-08 - -3.2024874445045374e-08
B2: 6.225737137156003e-09 - -1.9114288738579855e-08 - 1.481626274049487e-08 - -3.769833410149485e-08
