Number: 9351
Error: 3.3750907254943695e-11
A1: [0.053188170765044854, -0.14798564162188851, -0.026983441967437672, 0.12184345319065273] - [0.0052525363367315085, 0.13077544289009474, -0.113661920113839, -0.022611035884992428] - [-0.01441616437355311, 0.22311994440829022, -0.12701288882426823, -0.0815776092718422] - [0.027141986896835314, -0.10002450952548898, -0.04942898921396583, 0.12229363861839024]
A2: [0.08927187564064312, -0.07289599852624279, -0.12361040123034564, 0.10730401223888507] - [0.10881806017900421, 0.24979051156398155, -0.4048684909279868, 0.04616541563363786] - [0.03662913032285006, 0.4625483531562497, -0.3777240874457214, -0.12148013936340217] - [0.1434097107748619, -0.044623282063702245, -0.20151586462555363, 0.10266289270691273]
B1: 9.301893818438556e-06 - -4.030831794051046e-07 - -4.6625146696106116e-07 - -2.6560064399837998e-06
B2: -1.216155383637935e-05 - 4.402218041289299e-06 - 3.071071932913936e-05 - -1.6271724992001272e-05
