Number: 6064
Error: 5.2235446349277644e-14
A1: [0.08043317140013506, -0.18046632420371445, -0.019587372035736916, 0.1196264582836219] - [0.03741724068479979, 0.13359804560836439, -0.1347245288170763, -0.03628416532700069] - [-0.00170253527937712, 0.22819040023482995, -0.12282809932662499, -0.10365862656624371] - [0.03886439011185559, -0.1144798661128292, -0.04641528644929697, 0.12203538291750554]
A2: [0.0353062632631047, -0.029274658858830967, -0.0756984716853382, 0.06966217295753296] - [0.10289244613594603, 0.2828953856583748, -0.39260765797895464, 0.0068146299649467865] - [-0.011188796795366725, 0.5390128837620252, -0.3594526215526682, -0.1683782525482136] - [0.0978615107094173, 0.017462021935166876, -0.16885223727031304, 0.05352352566877014]
B1: 2.7070931609353994e-07 - 2.60928397610204e-07 - 1.3353301544058322e-07 - 6.128959877269446e-08
B2: -9.261436504685377e-08 - -1.6456338119422605e-07 - 1.0702253072589892e-06 - 6.037066335016637e-08
