Number: 2206
Error: 0.0003266021243916853
A1: [0.032948712736619576, -0.05930418449175497, -0.02449849478371136, 0.016940301619719027] - [0.04262515405952221, 0.1761066355210927, -0.16590484417996143, -0.11655017328344355] - [-0.08823125678299237, 0.45099199518342836, -0.0698519708126482, -0.16219183761941847] - [0.026978671197177624, 0.03294093172100722, -0.007884807233553077, -0.006945817105800475]
A2: [-0.06536125737111836, -0.3556109558714901, -0.07446833735258468, -0.11359777816292957] - [0.06203182083043443, 0.22800815796951382, -0.07321047638994366, -0.10017486130487988] - [-0.0692000449573164, 0.560003710338103, -0.1734877959751673, -0.17010428511574924] - [-0.03904331756622134, 0.046566472705097464, -0.010291713617421238, 0.06795651874248951]
B1: -0.03902421185327519 - -0.021736787235400984 - 0.027291551326109716 - 0.033968817519276356
B2: -0.006072982419081772 - -0.006320808726759107 - 0.010885087629361585 - -0.0009523618852536099
