Number: 2765
Error: 5.325250599904464e-09
A1: [0.06358651520515403, -0.047721059494426954, -0.023293354927135, 0.008005843851599824] - [0.04406307929925927, 0.1916580708944922, -0.14215129777969565, -0.09207097161814454] - [-0.122951984269047, 0.41535380478396333, -0.10436254856492051, -0.18657767511817072] - [0.03742806013141263, 0.019592804803227965, -0.032707742293811654, -0.022629306670636055]
A2: [0.06354345858270166, -0.17358371417933074, 0.08642830035715368, 0.024060281036988047] - [0.02937485554638168, 0.2003823482190217, -0.10162555964543077, -0.1277899662359827] - [-0.09335412624940483, 0.5137368506423587, -0.22554985669441557, -0.19504423564342696] - [-0.025651925156330087, 0.01879468622668762, -0.05001296954773165, 0.05724476738793946]
B1: 5.719871637783485e-05 - 3.9304562210294915e-05 - 2.0471433367740962e-05 - -6.584920911506288e-05
B2: -2.794216731757497e-05 - 0.00012175022627612436 - 5.733411153539532e-05 - 4.8630896773692896e-05
