Number: 4325
Error: 1.171233453465452e-15
A1: [0.06621331119308531, -0.11395195309222032, -0.02398382087042865, 0.07172299744361857] - [0.037402609135571974, 0.1881933665765327, -0.14740894972106589, -0.07818701311997793] - [-0.060229365036608765, 0.3289508061662778, -0.12775310353041308, -0.1409683160891993] - [0.0390461259061978, -0.05332271760895588, -0.037418622543156074, 0.05169508852860299]
A2: [-0.009108399807225609, -0.3468029987824895, 0.24945526772948795, 0.10645686439423563] - [0.08003987657437447, 0.03628231170741671, -0.05025005673010195, -0.06607190349374316] - [-0.04245283056075083, 0.23083187883428435, -0.04053125744319965, -0.14784785125203426] - [0.06813485363210009, -0.2934677697974036, 0.1417713218155044, 0.0835619443783543]
B1: -3.2521960300763055e-08 - 1.4729930765285322e-09 - -4.898979552997477e-09 - 3.030106688247529e-08
B2: 4.5546237597898736e-08 - -2.275663013119382e-08 - 3.011964360173952e-09 - -4.0319108185594593e-08
