Number: 2172
Error: 0.00013768227232108007
A1: [0.1112454997701264, 0.01570903788481438, 0.051240307461489824, 0.09994780063518027] - [0.0402689948930088, 0.16896557175776872, -0.17477440434487834, -0.12273569891833878] - [-0.11583263887988365, 0.4017368294703341, -0.10872566278298722, -0.22883189952423927] - [-0.01715129379929613, 0.012833676885765172, -0.024811878673735743, -0.032479365359843575]
A2: [0.022262753909902233, -0.2834684574948127, -0.00022476707075552022, -0.013226225744875003] - [0.029751229105609435, 0.1976984360124055, -0.10049476668216839, -0.13182084285849202] - [-0.035682855901155434, 0.5997952291263128, -0.14976327332538056, -0.13850652337253663] - [-0.12096263896487718, -0.026976414910673367, -0.09206966802224877, -0.008504644790623522]
B1: -0.02309808769753558 - 0.014387175904697026 - -0.008466988597363584 - 0.022666286181130424
B2: 0.0293554117952363 - -0.006734816782529041 - -0.0012503612791388008 - -0.010543884334411755
