Number: 8470
Error: 8.05559817460994e-16
A1: [0.08043168277360258, -0.1804678126613052, -0.019588858882067378, 0.1196249698274001] - [0.0374156466347417, 0.13359645276550083, -0.13472611968998283, -0.036285758493284415] - [-0.0017027856262498253, 0.22819014989259617, -0.12282834930754732, -0.10365887684682165] - [0.038863189985694185, -0.11448106287108896, -0.04641648581087626, 0.12203418353715362]
A2: [0.03530739403058201, -0.029273524963244518, -0.07569739656904706, 0.06966335642853258] - [0.10289376994737626, 0.28289672070545685, -0.39260637760716444, 0.006816016189318634] - [-0.011187116736491226, 0.5390145738417003, -0.3594510313429489, -0.1683764822104813] - [0.09786280172743214, 0.01746331882561822, -0.16885100830635494, 0.05352488081804677]
B1: 3.032267405101181e-09 - 4.568393798956055e-08 - 2.2479204425561795e-08 - 1.9791344692322173e-08
B2: -1.706919252776521e-09 - 7.193231115974163e-08 - 1.0077818293666727e-08 - -8.745974313715367e-09
