Number: 1379
Error: 5.319078063061492e-10
A1: [-0.007178852942236027, -0.0149849692343182, 0.003006194602787625, 0.019463706722819028] - [0.06683603041996024, 0.1898933646467988, -0.14672553755889195, -0.10985198900729462] - [-0.11262628982424347, 0.44174521020072754, -0.07083212550330727, -0.2581441494801102] - [-0.0235879166707045, 0.01512935901844549, -0.030157850432330203, 0.03868082961218067]
A2: [0.1316427980057839, -0.22457278396106378, 0.02272234592313626, 0.07021587516975879] - [0.03251237774911942, 0.20361752619320433, -0.11502161112473822, -0.1215884152379714] - [-0.0947200192560122, 0.555444156195107, -0.23529790616365306, -0.22573080367186205] - [-0.020814763709001167, -0.019263408677868372, 0.008130549141964339, 0.03219378296486899]
B1: -2.8739707579469352e-05 - 5.6836520507119464e-05 - 5.252876668398384e-06 - -3.8841165211703045e-05
B2: 4.1949256655797256e-05 - -3.7875981755962664e-05 - 2.5835205096488074e-06 - 2.4799617243457106e-06
