Number: 4403
Error: 1.0013065778825355e-15
A1: [0.06621317850486001, -0.11395208281531997, -0.023983953454544665, 0.07172286497806084] - [0.037402627664935725, 0.1881933842800786, -0.14740893150527995, -0.07818699490259741] - [-0.0602293770110767, 0.3289507946654536, -0.12775311524793273, -0.1409683277436768] - [0.0390460646839028, -0.053322775718820506, -0.037418681773644685, 0.051695029779090046]
A2: [-0.00910844686725618, -0.34680304870581075, 0.24945522028871706, 0.10645681505439866] - [0.08003987438942567, 0.036282309353606775, -0.0502500591181202, -0.06607190590202981] - [-0.042452804540981236, 0.23083190755130698, -0.04053122955938181, -0.14784782247513895] - [0.06813464875950737, -0.2934679953709447, 0.14177109971391347, 0.08356171467846608]
B1: -5.6735944108240284e-08 - 4.2853486373651594e-08 - 2.4972964166630475e-08 - -2.2641853344199694e-08
B2: -5.069920601265428e-08 - 2.4842836355394792e-08 - -8.435081549335266e-09 - 1.5262956210998586e-08
