Number: 8089
Error: 1.0236926307091558e-15
A1: [0.08043172567479107, -0.18046776976499018, -0.019588816032152134, 0.1196250127236915] - [0.0374155252845298, 0.13359633150714753, -0.13472624079845225, -0.03628587977630135] - [-0.001702808000092818, 0.22819012751922982, -0.12282837164862939, -0.10365889921470026] - [0.03886323486647892, -0.11448101811629474, -0.04641644095870072, 0.1220342283900202]
A2: [0.03530748016502459, -0.02927343859061195, -0.07569731467335433, 0.0696634465773846] - [0.10289373122070386, 0.2828966816500831, -0.39260641506315064, 0.006815975636896441] - [-0.011187090323232306, 0.5390146004125156, -0.35945100634216515, -0.16837645437796342] - [0.09786275713535499, 0.017463274030720993, -0.16885105075519294, 0.053524834010969274]
B1: -8.736226347358744e-09 - 1.0462348347220677e-08 - -1.9769296000117116e-09 - 1.8205050037310447e-08
B2: 3.292268177470105e-08 - -4.110355707755964e-08 - 1.0285124287104784e-08 - 7.740119737744812e-09
