Number: 9353
Error: 5.500706912935884e-11
A1: [0.05319292511908492, -0.14798088542222487, -0.026978692805811232, 0.12184820998723919] - [0.005259650996419341, 0.13078256504110258, -0.11365480644933688, -0.022603911018087734] - [-0.014435086733525702, 0.22310101474085317, -0.12703179649951887, -0.0815965387248791] - [0.027154459613297443, -0.10001203656683084, -0.04941649002503815, 0.12230614331124372]
A2: [0.08926848647910142, -0.07289938011519509, -0.12361371389980377, 0.10730058121210444] - [0.1088289012684163, 0.2498013539863667, -0.4048578644659446, 0.046176438961018154] - [0.03662138154223702, 0.46254064473337597, -0.3777316474352112, -0.12148796851009387] - [0.14338749263540562, -0.04464541691953166, -0.20153755851389493, 0.10264034503578666]
B1: 2.229720302821973e-06 - -9.21009827174406e-07 - 2.3524055854787853e-06 - 6.381659343699917e-06
B2: -1.5198792703314428e-05 - 1.1545996868181574e-05 - 2.1765078005087557e-05 - -1.4469377813811301e-05
