Number: 1383
Error: 5.830854018817672e-10
A1: [-0.007228762410775302, -0.015035335952566715, 0.0029543064813217245, 0.019412444369107208] - [0.06682940260207831, 0.18988698838310522, -0.14673238562327437, -0.10985936264585042] - [-0.112651541230003, 0.4417204508809558, -0.07085844097720509, -0.25817149348518154] - [-0.02354531860590421, 0.0151712128734544, -0.030114373499918055, 0.03872579667252901]
A2: [0.13151070497273576, -0.2247027800047655, 0.022592456607734845, 0.07008673743953718] - [0.03253413559126844, 0.20363893772366687, -0.11499994098820268, -0.1215671269466458] - [-0.09458948101265706, 0.5555726496381177, -0.23516960028247574, -0.22560250283047045] - [-0.021059308771757542, -0.019504552778674817, 0.007887993793801467, 0.03195879523147235]
B1: -4.1661757665897686e-05 - 1.3528781438643235e-05 - 3.108103274462715e-07 - -3.7233864087148595e-05
B2: -1.6794333562292373e-05 - -3.944962831138937e-05 - -7.57989265355947e-06 - -5.841186025376426e-06
