Number: 6136
Error: 1.0109471101553294e-15
A1: [0.08043160411248769, -0.18046789131352192, -0.019588937449093888, 0.11962489117527382] - [0.03741552898068804, 0.13359633520050215, -0.134726237109724, -0.03628587608221348] - [-0.0017029031541042309, 0.22819003236726387, -0.12282846666332467, -0.10365899434332229] - [0.0388630322865783, -0.11448122012766908, -0.04641664340951386, 0.12203402593602551]
A2: [0.035307434880266726, -0.0292734840006192, -0.07569735772959535, 0.06966339918206632] - [0.10289380151931168, 0.28289675254530916, -0.39260634707128744, 0.006816049249825939] - [-0.011187077732610436, 0.5390146130782744, -0.3594509944249147, -0.16837644111073954] - [0.0978627966025174, 0.01746331367741014, -0.16885101318494214, 0.0535248754385716]
B1: -4.31149698633258e-08 - 3.140642442091079e-08 - -6.195579712208942e-08 - -8.268371127112452e-09
B2: 8.077656392809342e-08 - 8.597717109804721e-08 - -2.0614879464342327e-07 - -1.773993915897539e-08
