Number: 2521
Error: 2.6430510080457432e-08
A1: [0.06299751386972778, -0.048303661724831096, -0.023874510350845955, 0.007421895663408806] - [0.04437148471843086, 0.191954390382552, -0.1418377715284555, -0.09173633800797046] - [-0.12333647771130275, 0.41497525292730886, -0.10474180960789656, -0.18695677905714875] - [0.03687208403372521, 0.019042867291699933, -0.033259319830416266, -0.023178873824449903]
A2: [0.06298763187857694, -0.17414593083575303, 0.08587513732304863, 0.02351220732099916] - [0.02929917307368857, 0.20030872303205172, -0.10170057373499317, -0.12786383879633165] - [-0.09329804475658063, 0.5137956955428762, -0.22549654970319444, -0.19498794098674932] - [-0.025254512884046343, 0.019196643392877268, -0.04962153273836949, 0.05763156009404255]
B1: 0.00014677689080828775 - 0.00025885941983251577 - -1.787882626444248e-05 - -0.00023432412116754803
B2: 3.946402679025063e-05 - 0.00024266505658754008 - 0.00023470044292697327 - 8.054176660478443e-05
