Number: 902
Error: 8.130985370796849e-09
A1: [-0.011749284989072673, -0.01410224488546287, 0.018533913643511157, 0.009014841097344866] - [0.065757412784311, 0.18942039880795092, -0.14540302998212382, -0.1100952042771415] - [-0.09628673466727393, 0.4217921621996994, -0.0534504686758254, -0.272028379324174] - [-0.001167375921021823, -0.018070970013433878, -0.0036710490802114868, 0.023554967577154123]
A2: [0.1615759091003434, -0.1677652499347315, 0.0084908354333969, -0.002343431914527343] - [0.035572829479543516, 0.207602429295522, -0.11712367891716918, -0.1257068167162604] - [-0.08617276717568974, 0.5815781749780836, -0.23534896839884784, -0.25989566512524914] - [-0.003734590583499054, -0.004420546064585754, 0.0012096336350141124, 0.007339450277209047]
B1: 6.138533626280284e-05 - -5.089065188701447e-08 - 4.4217464370457886e-05 - 8.89603941199522e-06
B2: 0.000343237959722523 - -0.00026084975004255146 - 3.695367588352168e-05 - -0.00013351942389732031
