Number: 4331
Error: 6.052842120497427e-16
A1: [0.06621325936095185, -0.11395200376608268, -0.023983872661891253, 0.07172294569846303] - [0.03740260996319255, 0.18819336736726755, -0.1474089489074515, -0.07818701230629391] - [-0.06022939883971459, 0.3289507737002544, -0.12775313660813864, -0.14096834898902358] - [0.03904630675363189, -0.05332254595536393, -0.037418447579285495, 0.05169526207181684]
A2: [-0.00910873540593517, -0.34680335480014013, 0.24945492941545744, 0.10645651253739505] - [0.08003984640190843, 0.03628227920303286, -0.050250089706885194, -0.066071936750533] - [-0.04245283968806141, 0.23083186876082662, -0.04053126722438491, -0.14784786134647215] - [0.06813495929668786, -0.29346765345613773, 0.14177143636607112, 0.08356206284781094]
B1: 8.871583424618099e-08 - -5.335602919466218e-09 - -3.742275354010379e-08 - 4.0799655814332056e-08
B2: 9.855147080299525e-08 - 1.4128963725839038e-08 - 2.82962791992404e-08 - -5.394723360631757e-08
