Number: 811
Error: 3.2216598479799685e-12
A1: [-0.012157353445636458, -0.014521237017970635, 0.018082906820562773, 0.008578866043361869] - [0.06583446888681985, 0.1894945235268317, -0.14532336278788213, -0.11000941421271815] - [-0.09629481972485734, 0.42178440274488554, -0.05345922756848508, -0.2720377680411794] - [-0.0013266019604859076, -0.018224151291549, -0.003840541307811367, 0.02337084688989159]
A2: [0.16159041674488106, -0.1677511469188949, 0.008504955304798252, -0.0023294664362788187] - [0.035486640673834495, 0.20751762418472008, -0.11720951091167284, -0.12579113233813857] - [-0.08620777580168733, 0.5815437723878747, -0.2353831133106054, -0.2599299426111298] - [-0.0038305217476667834, -0.004514918150094942, 0.0011146568943762997, 0.007247645992850133]
B1: -5.748699217561919e-07 - 2.67545219806538e-06 - -1.8991409827599041e-06 - 1.557059990772141e-07
B2: 3.3023708945489756e-07 - -3.1057211399979025e-06 - 1.043603196047728e-06 - -3.5391322432346462e-06
