Number: 5791
Error: 4.906906695310328e-06
A1: [0.08069220235983608, -0.1808973329788303, -0.019924855546614963, 0.11944112340189855] - [0.020402583137886197, 0.11536617724539684, -0.15323667827520968, -0.05435568208627073] - [0.003189670231490757, 0.2334738478106087, -0.1177876446204631, -0.09867751798918659] - [0.061757765215576556, -0.09099675750237828, -0.022418389600545655, 0.14563049681962542]
A2: [0.018461757887990232, -0.04644779220461551, -0.09094145913870866, 0.05292009100743368] - [0.11745034924155835, 0.2973991991030644, -0.37880936825979206, 0.021993657708353424] - [-0.022350538650490834, 0.5284461200909527, -0.37010063584412145, -0.18113155994803623] - [0.08825793362298189, 0.008134435540368225, -0.17783625736822053, 0.04305185227483541]
B1: -0.002398818845795021 - -0.0026572391613090825 - 9.20417600497863e-05 - -0.0005854613988288369
B2: -0.0028493023900353375 - -0.0037530021678987787 - -0.006297026645129692 - 0.00016942510505407044
