Number: 120
Error: 5.557139084591883e-05
A1: [-0.011912712675260947, -0.014664160880591545, 0.0189650501376369, 0.009875359894295001] - [0.09267832248806859, 0.21649629834310352, -0.1184203348108187, -0.08128355333894648] - [-0.09455031970844012, 0.42449356472823996, -0.05107448736989374, -0.2690184280614916] - [0.0074641473725955585, -0.008559758327149516, 0.006495624757397312, 0.034750640618026664]
A2: [0.22155878877326518, -0.10941247954907234, 0.06729819582162566, 0.05575999465521089] - [0.06466780432699777, 0.23488639328420427, -0.0898439332212696, -0.0988994817965514] - [-0.036959431604595236, 0.6301672637746635, -0.18761581876068972, -0.21242221778663573] - [0.06318468009093389, 0.06256376668753914, 0.06740448451324278, 0.07116062318473754]
B1: -0.0019186544894343707 - 0.19192073231798235 - 0.0011248078539530949 - -0.0006463876431130692
B2: 0.008806428891983005 - 0.19517451049300547 - 0.003681174090268511 - 0.003043165165384709
