Number: 7223
Error: 6.011515732427746e-16
A1: [0.08043171052191649, -0.1804677849161434, -0.01958883116689973, 0.11962499757254809] - [0.03741561572189305, 0.13359642187606127, -0.13472615054134984, -0.03628578938905947] - [-0.0017028327061138879, 0.22819010281374477, -0.12282839631847066, -0.10365892391412784] - [0.038863263366216316, -0.11448098969653665, -0.04641641247712825, 0.1220342568720405]
A2: [0.035307442945585986, -0.02927347591298939, -0.07569735006120185, 0.0696634076232939] - [0.10289370829196563, 0.28289665852673646, -0.39260643723953725, 0.0068159516271608985] - [-0.011186981296181803, 0.5390147100898822, -0.35945090314567213, -0.16837633949237876] - [0.09786286500184767, 0.017463382387863418, -0.16885094807319584, 0.053524947235581544]
B1: -3.567225517141817e-08 - 4.019130246436756e-08 - -8.278595283921789e-09 - -2.4489022271633076e-08
B2: -1.1780115027835978e-09 - -4.4526298296059634e-09 - -3.17644886263674e-08 - 2.3798266926363214e-09
