Number: 2045
Error: 5.472932390482027e-05
A1: [0.017829252200672337, 0.005556575622353427, 0.024448788040507246, 0.04523330328546656] - [0.04327791849922686, 0.168671050881014, -0.17122407787096033, -0.1371796120625244] - [-0.11154420423525088, 0.4377414942831937, -0.07456583174521034, -0.26318177228533257] - [-0.07443037615190466, -0.031236590619442228, -0.08030175845870992, -0.015095656471242062]
A2: [0.11358190151875633, -0.239204429306126, 4.816278771210998e-05, 0.05823444291341529] - [-0.022919267527096193, 0.1475670865334045, -0.17070138263155174, -0.1762526612323922] - [-0.10264138930544035, 0.5449472965464425, -0.2423347717404284, -0.23526213319454797] - [0.06873534381993313, 0.07407469654222497, 0.09149994544083277, 0.12784824403513573]
B1: 0.010252013888021305 - 0.01999864855927344 - -0.021556505914955268 - 0.003688860116939791
B2: -0.02043077867361423 - -0.00614675569368443 - 0.027043241954769922 - -0.002292854341418739
