Number: 3922
Error: 1.0714878927185101e-15
A1: [0.06621312978452704, -0.11395213044688204, -0.023984002136629264, 0.07172281633949881] - [0.037402556137065716, 0.18819331594005786, -0.14740900182267008, -0.07818706522618595] - [-0.060229265756098375, 0.32895090151973005, -0.12775300638034748, -0.14096821946171473] - [0.03904607140546083, -0.053322769338985936, -0.03741867527077915, 0.0516950362291477]
A2: [-0.009108621503718306, -0.34680323396779167, 0.24945504423929427, 0.10645663195764948] - [0.08003977926007752, 0.03628220687202495, -0.050250163089099215, -0.06607201075588763] - [-0.04245295085899793, 0.23083174606556514, -0.04053138635965175, -0.14784798429752183] - [0.06813463304640821, -0.2934680126719488, 0.1417710826792715, 0.08356169706093335]
B1: -2.692389067559384e-08 - -4.619732616150576e-08 - 1.9790016923419255e-09 - 3.534466487241271e-08
B2: 1.0459983330661043e-08 - 1.122165114375646e-09 - -3.116572025667242e-08 - 2.9735539114444575e-08
