Number: 328
Error: 1.4912716181053899e-09
A1: [-0.0123033083646142, -0.01467114855474557, 0.01792159251256533, 0.008422930368185403] - [0.06577127893026823, 0.1894337362750951, -0.14538870208413854, -0.11007977268288203] - [-0.09661370330546279, 0.4214762221472049, -0.05380523647645381, -0.27240929856481944] - [-0.0016698374077635041, -0.018554238314715137, -0.004205889952389206, 0.02297410237289592]
A2: [0.16156437241321314, -0.167776717741827, 0.008479423654842454, -0.002354873890287851] - [0.0354521959392983, 0.2074837380543286, -0.11724380674525253, -0.12582481829301592] - [-0.08626571337108548, 0.5814870176674526, -0.23543949283211268, -0.2599864491164498] - [-0.003867828286087513, -0.004551579971024137, 0.0010777729599088784, 0.007211990498111131]
B1: 1.5118042939374522e-05 - -0.00023557517938161746 - 1.0961813607607432e-05 - -1.1086120841535626e-05
B2: -8.956501267092121e-05 - -0.0003197377858255109 - 8.62785203884668e-05 - 7.749531888005881e-05
