Number: 5781
Error: 0.00010315967652357518
A1: [0.10768004079135, -0.1550216008623122, 0.005978632313826382, 0.14566795465942398] - [0.07972501035645221, 0.17210976289970292, -0.09635849436766487, 0.0032546226600142164] - [0.017325842986859585, 0.24849336583763884, -0.10348916064582897, -0.08441968169468726] - [0.03768367769373248, -0.11323632639554998, -0.04504108540683304, 0.12257825263368466]
A2: [0.005310844816919682, -0.060219708042018115, -0.10212466516762503, 0.04069646432974049] - [0.1000960971149652, 0.28029046673960156, -0.39647064220379186, 0.002731155030234974] - [0.014308722217979259, 0.5657914356242002, -0.3353708011523637, -0.14350745854330044] - [0.10921420777045836, 0.029363197894630134, -0.1575331254684702, 0.06472566496674771]
B1: -0.0022381135313574137 - -0.005989332961051115 - 0.0064650988331826885 - 0.0032682010208220542
B2: 0.009834334960280513 - 0.021911812700750335 - 0.006715161792077335 - -0.015227699204534312
