Number: 3292
Error: 2.844263305519178e-05
A1: [0.10553557611125812, -0.0757644367142825, 0.014344835735195457, 0.11024060509805263] - [0.03742727262684288, 0.18712901470324395, -0.14703098017192515, -0.0778151477639283] - [-0.03588382455668225, 0.3528410450386949, -0.10356194681123922, -0.1169427251520646] - [0.05469508850679933, -0.038398184251046436, -0.022542436799783516, 0.0665354123316736]
A2: [0.003937213487088148, -0.3349835252647088, 0.26274466689673487, 0.11946372507309001] - [0.10337346007382364, 0.061874931116321356, -0.025136360349571753, -0.04082423290391235] - [-0.014040608761802936, 0.2586600463198592, -0.011897183106716839, -0.11807407878140364] - [0.0891146262611174, -0.27335793903672817, 0.16296318114510733, 0.10565831027762183]
B1: -0.007438925083197212 - -0.007089427341556365 - -0.0026867304122617673 - -0.0006846408137072425
B2: -0.004117123303424135 - -0.010560262500915085 - -0.003086850019099705 - 0.004323924555427919
