Number: 7562
Error: 1.1607996090896893e-15
A1: [0.08043172153724751, -0.18046777390206703, -0.01958882016474849, 0.119625008586616] - [0.037415605596412826, 0.1335964117582403, -0.1347261606466561, -0.03628579950893391] - [-0.001702760020262656, 0.2281901754980363, -0.12282832373905511, -0.10365885124767954] - [0.038863252385811675, -0.11448100064613194, -0.0464164234505408, 0.1220342458984559]
A2: [0.03530739039742249, -0.029273528606481802, -0.07569740002336366, 0.0696633526259818] - [0.102893687198844, 0.2828966372546061, -0.3926064576405444, 0.006815929539608953] - [-0.01118716121036914, 0.5390145291025982, -0.3594510734384507, -0.1683765290741341] - [0.0978627495785171, 0.017463266439522868, -0.1688510579487926, 0.05352482607872853]
B1: 4.158212143721432e-09 - -4.282373688160503e-09 - 2.9014376530648873e-09 - 2.055597107160559e-09
B2: -5.0683877805103714e-09 - -1.671029937060456e-08 - 1.171267900365563e-08 - -1.5414669522085975e-08
