Number: 1371
Error: 3.1928476702272635e-10
A1: [-0.0071967868459894046, -0.015003085509945963, 0.00298755710763127, 0.01944528883096768] - [0.06685922408154205, 0.18991567944662857, -0.14670157131025877, -0.10982618614586295] - [-0.1126192230154766, 0.4417521409983249, -0.07082475443245236, -0.2581364934053128] - [-0.023648273237234584, 0.015070058999010235, -0.030219437139926218, 0.038617122821465316]
A2: [0.13161366575100936, -0.22460145066018877, 0.022693713453822734, 0.0701874164986633] - [0.03259757407850885, 0.20370134437895723, -0.11493678295300394, -0.12150508335578585] - [-0.09480122658715112, 0.5553642356667802, -0.23537771682905317, -0.22581061718408402] - [-0.020883457842203718, -0.0193311493136423, 0.008062423744859814, 0.03212778426595308]
B1: 5.2545282844538283e-05 - -5.6681297089557485e-05 - -6.179617227462943e-06 - 5.791153286701499e-05
B2: 3.9027217203610205e-05 - -4.466198867420603e-05 - -5.525261778073078e-06 - -6.006528389870224e-06
