Number: 8517
Error: 1.16264611851601e-15
A1: [0.08043166815839263, -0.1804678272748575, -0.019588873479802104, 0.11962495521386275] - [0.03741561929658707, 0.133596425448123, -0.13472614697355043, -0.036285785816215846] - [-0.0017028625877997207, 0.2281900729326652, -0.12282842615643283, -0.1036589537878488] - [0.038863239542534414, -0.11448101345328347, -0.04641643628559897, 0.12203423306322433]
A2: [0.03530748120589309, -0.02927343754682173, -0.07569731368366396, 0.0696634476667128] - [0.10289378032299124, 0.28289673116911845, -0.39260636757198575, 0.006816027054072999] - [-0.01118718096573007, 0.5390145092294167, -0.3594510921375116, -0.16837654989084472] - [0.09786280332837557, 0.017463320433835493, -0.16885100678235773, 0.0535248824985099]
B1: 3.170776723205183e-08 - -3.026478158895895e-08 - 3.16730077447846e-08 - -9.01783352042438e-10
B2: 1.746512049096583e-09 - -2.3568538034036096e-08 - 6.606401619187065e-09 - -1.2216699215847503e-08
