Number: 4310
Error: 7.857357209579992e-16
A1: [0.06621326652831754, -0.11395199675888619, -0.023983865500155212, 0.07172295285379893] - [0.03740259589432707, 0.1881933539254207, -0.1474089627382263, -0.07818702613829041] - [-0.06022924610719913, 0.3289509203914238, -0.12775298715311315, -0.14096820033783308] - [0.03904599082930489, -0.053322845818840454, -0.037418753225514655, 0.051694958907347946]
A2: [-0.00910861464525211, -0.34680322669195, 0.24945505115320918, 0.10645663914845908] - [0.08003991892983914, 0.03628235733637647, -0.05025001043799886, -0.06607185680857418] - [-0.042452701875827795, 0.23083202085887625, -0.04053111953939471, -0.14784770893147858] - [0.068134797994654, -0.29346783105664126, 0.14177126149916133, 0.08356188199850145]
B1: 2.7862613987287996e-08 - 3.669119753834385e-08 - 8.786663591175447e-09 - -2.161193608330457e-08
B2: 2.576465096693197e-08 - -9.896885524108833e-10 - 2.5039748992216443e-08 - 2.3213683648731513e-09
