Number: 8247
Error: 1.1136507817872966e-15
A1: [0.08043171395681592, -0.1804677814816617, -0.01958882773616428, 0.11962500100701956] - [0.037415536734354736, 0.13359634294835263, -0.13472622937135642, -0.03628586833275604] - [-0.001702850789741352, 0.22819008473048688, -0.1228284143756385, -0.10365894199293954] - [0.03886326526626955, -0.11448098780182406, -0.04641641057830209, 0.12203425877090213]
A2: [0.035307393160515614, -0.029273525835694883, -0.07569739739627733, 0.06966335551790119] - [0.10289374051452975, 0.28289669102278375, -0.3926064060742763, 0.0068159853688781686] - [-0.011187140911378294, 0.5390145495226167, -0.3594510542250476, -0.1683765076843543] - [0.09786276941535393, 0.017463286366555104, -0.1688510390654248, 0.053524846900955984]
B1: 4.3948599257600154e-09 - 9.904417844797048e-10 - 1.9399457249667506e-11 - -1.0244679785391855e-08
B2: 2.2677932402886097e-08 - -3.6726692463097294e-08 - -1.8116628609229092e-08 - 2.215040814543841e-08
