Number: 4037
Error: 1.1535304926443769e-15
A1: [0.06621320583905184, -0.11395205609193712, -0.023983926141786214, 0.07172289226638225] - [0.03740260261420943, 0.18819336034581424, -0.1474089561320719, -0.078187019531546] - [-0.060229349799487686, 0.32895082080071514, -0.1277530886202336, -0.14096830125925885] - [0.0390461855202096, -0.053322661025612034, -0.037418564868588786, 0.051695145734879225]
A2: [-0.009108637573728312, -0.3468032510155548, 0.2494550280392586, 0.10645661510913808] - [0.08003984815663, 0.03628228109336304, -0.05025008778907703, -0.0660719348164655] - [-0.04245295280015203, 0.23083174392322012, -0.040531388439844045, -0.14784798644432476] - [0.06813481829775946, -0.29346780870202, 0.14177128350968252, 0.08356190476208597]
B1: 3.236551832921764e-08 - -5.350066435581567e-09 - -3.8163706143646176e-08 - 2.6808742137566984e-08
B2: 1.0473775950908922e-08 - 1.1192719075989026e-08 - 6.57232007248021e-09 - 7.807996275717347e-09
