Number: 5543
Error: 3.2140530834814195e-10
A1: [0.06621082080572198, -0.1139543875867893, -0.023986309102113742, 0.07172051137169205] - [0.037406584745897205, 0.1881971651376984, -0.14740504129129964, -0.07818310438666365] - [-0.06024298506510692, 0.32893772437619656, -0.12776643133375992, -0.14098157218377355] - [0.03902860561429175, -0.05333934777276956, -0.037435572958310806, 0.05167827584172788]
A2: [-0.009085176297290342, -0.3467783623169976, 0.24947867787375388, 0.10648121172865456] - [0.0800458498518913, 0.03628874665601869, -0.0502435284919716, -0.06606531984137771] - [-0.042445947014212955, 0.230839475969715, -0.04052388171210441, -0.1478402393584533] - [0.0681390896029447, -0.29346310584274427, 0.14177591310605445, 0.08356669267944004]
B1: 6.96670601706177e-06 - -1.3911057032513897e-05 - -8.32815079389595e-06 - -4.541950319122453e-06
B2: 1.6971316099839887e-05 - 1.2299242568549337e-05 - 1.3287430463271014e-05 - 8.79235234456054e-06
