Number: 8175
Error: 1.3241500093039845e-15
A1: [0.08043170822731806, -0.18046778721051165, -0.01958883345880563, 0.11962499527818153] - [0.03741559999014473, 0.13359640615626267, -0.13472616624161918, -0.036285805112020245] - [-0.0017028110625398583, 0.22819012445684206, -0.12282837470660339, -0.10365890227633758] - [0.038863254259627056, -0.11448099877757889, -0.04641642157792571, 0.12203424777110403]
A2: [0.03530743639813154, -0.029273482478515578, -0.07569735628641963, 0.06966340077066363] - [0.10289371513090818, 0.28289666542372893, -0.3926064306250064, 0.006815958788548055] - [-0.011187045666303089, 0.5390146453357803, -0.3594509640733304, -0.1683764073214901] - [0.09786296284720059, 0.017463480678241522, -0.16885085493050742, 0.05352504994107068]
B1: 4.768491921406084e-09 - 1.872012029495421e-08 - 2.650231742437565e-10 - -4.287335224716642e-08
B2: -4.4101322277807883e-10 - -1.3122269011108522e-08 - -4.238206677747395e-09 - -1.4390866903107496e-09
