Number: 9136
Error: 2.3560853336305337e-06
A1: [0.051456557890029106, -0.1498841037429895, -0.028835756687539352, 0.11993165044292763] - [0.006542286973707136, 0.1320241980313723, -0.11250345569224993, -0.021328551533777402] - [-0.015817734533328354, 0.22184416683777566, -0.12836884546117577, -0.08274777989612478] - [0.02572541033024249, -0.10147023267295276, -0.05084511761373652, 0.12087204162894818]
A2: [0.10951994526663907, -0.05252749580542436, -0.10348379044708005, 0.12793056873607883] - [0.1198761411625371, 0.2608750212495592, -0.39402137655415187, 0.05739315997864278] - [0.035919560823268554, 0.4619064561378817, -0.3783453878867616, -0.12225375980571297] - [0.15595998739925607, -0.0320884599749908, -0.1893412099945143, 0.11537066403886377]
B1: -0.0007296123525695258 - -4.3867282893774655e-05 - 0.0038410585824007982 - -0.0017911949285694452
B2: -5.7267606990796e-05 - -0.0007443918230898419 - -0.0004541311349274908 - -0.0004639062119848824
