Number: 9721
Error: 3.15200480592221e-15
A1: [0.05317267875002706, -0.14800114231887282, -0.026998918852871027, 0.12182795065376649] - [0.005313858809207033, 0.1308368334064057, -0.11360060480154424, -0.02254962418803637] - [-0.014444326178517623, 0.22309177128255833, -0.12704102931793157, -0.08160578254728189] - [0.027146650503894004, -0.10001984763042647, -0.049424317589912545, 0.12229831129571331]
A2: [0.08925428723631978, -0.07291354397154999, -0.12362759094320465, 0.10728620685962978] - [0.10884161868632965, 0.24981407097912528, -0.4048453974649345, 0.04618936812278131] - [0.036636002661319444, 0.4625551897814879, -0.3777173810543584, -0.12147319604615679] - [0.143426324685633, -0.04460673143252796, -0.20149964143362573, 0.1026797523694508]
B1: 1.5558342207563448e-08 - 4.051652638691032e-08 - 7.888353960143276e-08 - 2.9751562601319204e-08
B2: -1.289746242597957e-08 - 2.184465894133369e-08 - -8.561218355133763e-09 - -2.515108797450628e-09
