Number: 9598
Error: 4.9702351447906136e-15
A1: [0.053172657609787954, -0.14800116347131367, -0.026998939972402894, 0.12182792950280613] - [0.00531373145998477, 0.13083670592005248, -0.11360073213460631, -0.022549751715902927] - [-0.014444365075209305, 0.22309173236986093, -0.1270410681852398, -0.081605821456922] - [0.027146914747258107, -0.1000195833932307, -0.04942405279233732, 0.12229857620681273]
A2: [0.08925482684336292, -0.07291300561114565, -0.12362706349216311, 0.10728675312087495] - [0.10884187811774322, 0.24981433045498805, -0.4048451431737793, 0.0461896319192222] - [0.036636123439211514, 0.4625553099312736, -0.37771726321728266, -0.12147307401542683] - [0.1434271019424183, -0.044605957074335595, -0.20149888251344183, 0.10268054115709156]
B1: 1.5250150898304435e-07 - -2.3249110601650666e-07 - 2.7540131642889265e-08 - 5.9324045078111764e-08
B2: 4.817146401638248e-08 - 1.1908789988388798e-07 - 3.675362543836737e-08 - -5.7322789861939515e-08
