Number: 4427
Error: 1.0084244286584583e-15
A1: [0.06621313785099465, -0.11395212256070832, -0.023983994076506678, 0.071722824392418] - [0.0374026271205627, 0.18819338375996864, -0.14740893204043906, -0.07818699543780308] - [-0.06022936802045842, 0.3289508033004485, -0.12775310645024368, -0.14096831899330395] - [0.039046165858405625, -0.05332267968777736, -0.03741858389068085, 0.05169512686727895]
A2: [-0.009108562176784312, -0.34680317103113933, 0.24945510404621632, 0.10645669415869816] - [0.08003985824868322, 0.03628229196540871, -0.05025007675902744, -0.06607192369273003] - [-0.04245280264080207, 0.23083190964846362, -0.04053122752307351, -0.14784782037361144] - [0.06813475120631361, -0.2934678825726212, 0.14177121077607255, 0.08356182954017387]
B1: -8.207793370010454e-09 - 3.224180601110164e-08 - 1.803664562605831e-09 - -1.2096159098079478e-08
B2: -5.247027353876872e-09 - 1.6785441777162655e-08 - 1.7172426893462621e-09 - -5.699468761684554e-09
