Number: 8468
Error: 9.750505117651718e-16
A1: [0.08043169549669205, -0.18046779993965692, -0.019588846174190808, 0.11962498254903636] - [0.0374156788358479, 0.13359648494223555, -0.13472608755303658, -0.03628572631001569] - [-0.0017027758999628771, 0.22819015961867556, -0.12282833959550096, -0.10365886712313051] - [0.03886320803125244, -0.11448104487617283, -0.04641646777681683, 0.12203420157149637]
A2: [0.035307376516948166, -0.029273542525317046, -0.07569741322082918, 0.06966333809865934] - [0.1028937126827263, 0.28289666295481075, -0.3926064329928506, 0.006815956224962557] - [-0.011187172223532972, 0.5390145180237155, -0.35945108386277624, -0.16837654067896374] - [0.09786276540617733, 0.017463282339156824, -0.168851042881918, 0.05352484269264359]
B1: 4.3565732283223815e-09 - 3.5912600261203603e-08 - 2.513037765236671e-08 - 1.5113878585561754e-08
B2: 1.1450882595638593e-08 - 8.285806152889277e-08 - 2.8869210743534868e-08 - -2.450955364704754e-09
