Number: 8631
Error: 6.261251946754888e-16
A1: [0.08043171272810436, -0.18046778271017794, -0.019588828963364967, 0.11962499977850162] - [0.03741560927522107, 0.13359641543433698, -0.13472615697495002, -0.03628579583203453] - [-0.00170274876253466, 0.22819018675552297, -0.1228283124978121, -0.10365883999294148] - [0.03886324983209885, -0.11448100319259084, -0.04641642600260097, 0.12203424334639545]
A2: [0.035307465306652484, -0.029273453490049457, -0.07569732880049776, 0.0696634310264325] - [0.10289377136303923, 0.28289672213312483, -0.3926063762379411, 0.0068160176716934575] - [-0.011187123699630428, 0.5390145668370572, -0.3594510379337615, -0.1683764895477142] - [0.09786285599796017, 0.01746337334298013, -0.16885095664419264, 0.053524937784262594]
B1: 5.3407741728423706e-09 - 4.3694129537709166e-08 - 2.7027017995605554e-08 - 2.892735861451407e-10
B2: 9.78621267155344e-09 - 3.434534572904985e-08 - -1.1973789864879848e-09 - 1.4059066799434764e-08
