Number: 6253
Error: 9.017479169109273e-16
A1: [0.08043165898474587, -0.1804678364474723, -0.019588882642446383, 0.11962494604126692] - [0.03741555994378046, 0.13359636614016698, -0.13472620620832543, -0.03628584513627125] - [-0.0017028317559007555, 0.22819010376393595, -0.12282839536966006, -0.10365892296417213] - [0.03886321391560502, -0.11448103900836509, -0.0464164618962238, 0.12203420745217011]
A2: [0.03530743820256795, -0.02927348066912934, -0.07569735457079396, 0.069663402659213] - [0.10289371633681275, 0.28289666663985263, -0.39260642945866, 0.0068159600512601335] - [-0.011187148389043083, 0.5390145420004001, -0.35945106130271887, -0.16837651556393782] - [0.09786278668240415, 0.017463303712173774, -0.16885102262824317, 0.05352486502567263]
B1: 8.641607662337118e-09 - -7.131473276839213e-09 - -2.8135794748033646e-09 - -2.9550945262990948e-09
B2: -8.561154873967732e-09 - -6.172606314563072e-09 - 2.972005336079222e-09 - -1.4830711335731254e-09
