Number: 2472
Error: 3.589040380903445e-07
A1: [0.06307373414622455, -0.04826257819637341, -0.02380981765096589, 0.007482021451087322] - [0.04239133846422762, 0.19003243873084422, -0.143893313884443, -0.0939257151407252] - [-0.12821368828392324, 0.41005516213069737, -0.1096896887839786, -0.19189680554055094] - [0.036737156044693305, 0.01888077378231342, -0.033414921033532295, -0.02334767587940097]
A2: [0.06730177177376266, -0.16984759781826084, 0.09013290599362254, 0.02778249391949832] - [0.03030161581266098, 0.201293476430549, -0.10070434125639047, -0.12688399083841317] - [-0.09388985070013935, 0.5132539054979119, -0.2260763149703795, -0.19554250581440663] - [-0.0260825440563543, 0.018391528002578848, -0.050431630481892364, 0.05684922081755487]
B1: -0.0006713231319737649 - 9.930586782080193e-05 - 0.00023896157917464747 - 0.0003760316132173339
B2: -0.0015616693092192207 - 0.000573515305934395 - 0.0007862403969248497 - 0.0009353719131414134
