Number: 6402
Error: 1.1013982889533266e-15
A1: [0.08043169623514737, -0.18046779920129352, -0.019588845436586608, 0.11962498328741139] - [0.03741558974080949, 0.13359639591463998, -0.1347261764706679, -0.03628581535575091] - [-0.001702806441983959, 0.22819012907731012, -0.12282837009280609, -0.10365889765701357] - [0.038863228448390165, -0.11448102451636766, -0.046416447372697955, 0.12203422197592026]
A2: [0.03530741001673898, -0.029273508932914936, -0.07569738136951229, 0.06966337315967426] - [0.10289376214713714, 0.2828967128389766, -0.39260638515152313, 0.006816008021384792] - [-0.011187067805590846, 0.5390146230645019, -0.3594509850287731, -0.1683764306502835] - [0.09786281545565159, 0.017463332616302705, -0.16885099523798974, 0.05352489522823469]
B1: -9.626122298099376e-09 - 9.046882999955273e-09 - 1.1140034541510276e-08 - 3.1586618724561013e-09
B2: 4.8377416968526245e-09 - 7.097663771947958e-09 - -1.7530219913913937e-10 - -1.7190415567033484e-09
