Number: 1834
Error: 9.61773416358592e-08
A1: [-0.00839149481566337, -0.01618879013880092, 0.0017878070518055882, 0.018202583081559632] - [0.06696733744527995, 0.19002500101020084, -0.14659269222015547, -0.10970482718890251] - [-0.11422929169171162, 0.4402051850495784, -0.07254437214514875, -0.2598669551325027] - [-0.024788008883931442, 0.0139864146462422, -0.031453957860270436, 0.037421533713787106]
A2: [0.13194007115344855, -0.22431681448278956, 0.02302221634709187, 0.07050123777633395] - [0.03351243454799139, 0.20461481544457974, -0.11402329905608331, -0.1206015854098808] - [-0.09285263541092925, 0.5573075450165087, -0.2333838737514438, -0.22378018211882394] - [-0.021043656628358387, -0.01952852424648746, 0.007895858295263368, 0.03195538433913247]
B1: 0.0002972202053240112 - 0.0005129825407954812 - -0.000365541292790685 - 0.00017700888915639872
B2: -5.8559759089272254e-05 - 0.00047447114958580584 - -0.00017895566921304014 - -0.0004349538600429812
