Number: 8629
Error: 9.062084468404376e-16
A1: [0.0804317028213438, -0.18046779261581639, -0.019588838858280465, 0.11962498987287258] - [0.03741556023856002, 0.1335963664347899, -0.13472620591390738, -0.03628584484153224] - [-0.0017027354499777813, 0.2281902000677955, -0.12282829920474644, -0.10365882668393768] - [0.03886322595113865, -0.11448102700653298, -0.046416449868344825, 0.12203421948027751]
A2: [0.03530746098498685, -0.029273457823667675, -0.07569733290949415, 0.06966342650335304] - [0.10289383788021154, 0.2828967892148102, -0.39260631190331363, 0.006816087324759002] - [-0.01118709587017831, 0.5390145948324901, -0.35945101159250126, -0.16837646022293587] - [0.09786285155074873, 0.017463368875540616, -0.16885096087766088, 0.05352493311615085]
B1: 3.263007454227343e-09 - 5.5221655728414925e-08 - 1.684554338443749e-08 - 5.474905022499063e-09
B2: 1.6194001744083646e-08 - 6.116010344965955e-08 - -1.985950479137907e-08 - 2.9670315751455855e-08
