Number: 9129
Error: 3.5003139590699104e-06
A1: [0.06349298219874452, -0.1379344268452952, -0.01676704303506616, 0.131836587210791] - [0.013554209022185047, 0.13906887275981905, -0.10544672859468768, -0.014280976147836374] - [-0.014273296473132689, 0.22347063869051823, -0.12676976479254312, -0.08107271298405873] - [0.035247809737050356, -0.09196131365801478, -0.04122669102168159, 0.1303951745812631]
A2: [0.08489015759560664, -0.07697627509998345, -0.12731496122540287, 0.10309649010967926] - [0.11410376193984484, 0.2550989419689027, -0.3996676876489528, 0.05152063709242314] - [0.030057986000689964, 0.4561886701770599, -0.3839091833079963, -0.1281359874594889] - [0.15729118981240078, -0.030803352609359323, -0.18813272417090068, 0.11667499251496323]
B1: -0.002349253536560938 - 0.0027312867379466095 - 0.006082244730354731 - 0.004481480141291425
B2: 0.0001036990921000913 - 0.004276761621043122 - 0.004494443090376628 - 0.0023161917223524678
