Number: 9781
Error: 1.0063526818236778e-15
A1: [0.05317249821670565, -0.14800132291845822, -0.026999099187071853, 0.12182777003344906] - [0.005313816275368972, 0.130836790828137, -0.11360064732851143, -0.022549666781759785] - [-0.014444433637255524, 0.22309166378457057, -0.12704113669152603, -0.08160589004431602] - [0.027146450004491295, -0.1000200481294109, -0.049424518512047315, 0.12229811028689083]
A2: [0.08925431425046547, -0.0729135170196728, -0.12362756453766097, 0.107286234206868] - [0.1088416752863419, 0.24981412758918733, -0.40484534198598887, 0.04618942567513034] - [0.03663587474722661, 0.46255506253286877, -0.37771750585363956, -0.12147332528697155] - [0.14342633294883472, -0.044606723199968557, -0.20149963336530127, 0.10267976075526548]
B1: -3.154144106898962e-08 - 4.072846999429359e-09 - 1.2289154955955784e-08 - -2.0471040654974756e-08
B2: 7.284460389366154e-10 - -3.127482982217561e-08 - -3.8026177403238226e-08 - 1.2678172105772594e-08
