Number: 4712
Error: 1.2874387490174017e-15
A1: [0.0662131343393379, -0.11395212599389148, -0.023983997585420285, 0.0717228208866217] - [0.03740257078251671, 0.18819332993278748, -0.14740898742506794, -0.0781870508273326] - [-0.060229526241557696, 0.3289506513377211, -0.12775326127611727, -0.14096847298628104] - [0.03904603367579223, -0.053322805150642964, -0.03741871177301404, 0.05169500002325391]
A2: [-0.009108345895943858, -0.34680294159128, 0.2494553220768416, 0.10645692091702558] - [0.08003990463963369, 0.036282341941721453, -0.05025002605636175, -0.06607187255958501] - [-0.042452755272769246, 0.2308319619266773, -0.04053117676158658, -0.14784776798648291] - [0.06813496620493546, -0.2934676458501413, 0.14177144385478682, 0.08356207059290584]
B1: -6.902236707436384e-08 - 7.325168575979781e-08 - -1.8859898653018665e-09 - 3.83524649192883e-08
B2: 2.4258670491954393e-08 - 2.1563218044233125e-08 - -2.5602226564161754e-09 - 7.341344424272515e-08
