Number: 483
Error: 1.0194758496749015e-12
A1: [-0.01215186879617347, -0.014515603722747942, 0.018088969037807896, 0.008584727035966242] - [0.0658361263559687, 0.18949611793755647, -0.1453216491138827, -0.11000756879058833] - [-0.0962941165632211, 0.42178508235931733, -0.05345846449851513, -0.2720369487966435] - [-0.0013235399641112616, -0.0182212064483843, -0.0038372819063024264, 0.02337438605059039]
A2: [0.16158613681669656, -0.16775534626555524, 0.008500761707292236, -0.0023336387513306343] - [0.03548758230459091, 0.20751855068525818, -0.11720857322433272, -0.12579021118197803] - [-0.08621782242496973, 0.5815339317448641, -0.23539288901368277, -0.2599397396012616] - [-0.0038358012353301345, -0.00452010987465536, 0.0011094314934377467, 0.007242594921164848]
B1: 2.153620467199393e-07 - -7.774224697326209e-07 - 3.920812846073192e-07 - 1.5907979169995523e-07
B2: -6.48888691829032e-07 - -1.3468128775237918e-06 - -8.393740075065601e-07 - -8.805000048933492e-07
