Number: 8180
Error: 7.561562916899398e-16
A1: [0.0804317161225143, -0.18046777931620986, -0.019588825573050295, 0.11962500317247533] - [0.037415575213946915, 0.13359638139881755, -0.13472619096844807, -0.03628582987449078] - [-0.0017028113518841453, 0.22819012416750384, -0.12282837499552418, -0.1036589025656047] - [0.038863257514407425, -0.11448099553193272, -0.04641641832521964, 0.12203425102386126]
A2: [0.03530758705096955, -0.029273331409007484, -0.07569721304735236, 0.06966355844491726] - [0.10289378234836176, 0.28289673321164843, -0.39260636561310763, 0.006816029174957071] - [-0.011187126451605625, 0.539014564068645, -0.3594510405385222, -0.1683764924476213] - [0.09786274623880399, 0.017463263084603723, -0.1688510611280316, 0.053524822573169095]
B1: 3.821797032800697e-08 - 3.1755349588545102e-09 - -4.323247228081615e-09 - 3.365792741583245e-08
B2: 2.7235859119563076e-08 - 1.4448252376038105e-09 - 1.512603925526387e-08 - 2.1806361081395224e-08
