Number: 1208
Error: 1.660364736088358e-08
A1: [-0.007660067645151335, -0.015466256461399576, 0.0025024528069667387, 0.018965321514592827] - [0.06709150994671403, 0.19013985853337945, -0.14646166314632977, -0.10956750836167889] - [-0.11274001409023796, 0.4416383240442126, -0.07094697340652852, -0.2582712088554234] - [-0.023114535502498958, 0.015599198879855097, -0.029668306706513787, 0.039175343424663826]
A2: [0.13293296080215014, -0.22330184871125935, 0.023991110640109746, 0.07147793115842865] - [0.032916711806844835, 0.20401577291535394, -0.11461914737558351, -0.12119372138789886] - [-0.09395292991705365, 0.5561959258631514, -0.23454813525230514, -0.22497979688209618] - [-0.019342174363029346, -0.017815054048106318, 0.009591908365004847, 0.03361187702288187]
B1: -2.086468158961447e-05 - 1.2623195544356929e-05 - -0.0003375479695188757 - -1.5382009470001426e-05
B2: -4.395934519349704e-05 - -1.6336874835552783e-05 - -2.9507140538708614e-05 - -7.758068897056804e-05
