Number: 4055
Error: 1.1208762441544007e-15
A1: [0.06621317502266684, -0.11395208621967406, -0.02398395693398804, 0.07172286150171721] - [0.03740264143720836, 0.18819339743855026, -0.14740891796608765, -0.07818698136218928] - [-0.06022942443948661, 0.3289507491131281, -0.12775316165852638, -0.14096837390470526] - [0.03904609106189335, -0.05332275068186569, -0.03741865625384717, 0.05169505509165839]
A2: [-0.009108565341901829, -0.3468031743888565, 0.24945510085551756, 0.10645669084027695] - [0.08003983317971891, 0.03628226495893681, -0.05025010415799078, -0.0660719513243715] - [-0.04245293981932989, 0.23083175824966665, -0.04053137452907968, -0.14784797208802025] - [0.06813480973095128, -0.29346781813445305, 0.1417712742224317, 0.08356189515710508]
B1: -4.779639933941484e-10 - -1.3516996446672194e-10 - -3.930126058597773e-08 - 2.0261737175263414e-08
B2: -4.1354418802368425e-09 - 3.2619320112561367e-08 - -1.760456321514718e-08 - -3.071439126521887e-08
