Number: 4958
Error: 1.2300938295010803e-15
A1: [0.06621319402744695, -0.11395206763957245, -0.023983937944122874, 0.07172288047459345] - [0.03740261965752895, 0.18819337662956798, -0.14740893937716704, -0.0781870027751825] - [-0.060229335946461876, 0.32895083410581916, -0.1277530750644526, -0.1409682877761761] - [0.03904620144759139, -0.05332264590779039, -0.03741854945923984, 0.05169516101907935]
A2: [-0.00910851860867369, -0.3468031248123062, 0.24945514796676543, 0.10645673983742808] - [0.08003983563661092, 0.036282267605755654, -0.05025010147264663, -0.06607194861626405] - [-0.0424528296788692, 0.2308318798076555, -0.04053125649795792, -0.14784785027668573] - [0.06813477731122482, -0.2934678538300006, 0.14177123907612202, 0.08356185880857243]
B1: -1.6658651524686203e-08 - 2.5360442406308813e-09 - 5.57683793503308e-09 - -1.3595990971278753e-09
B2: -1.2126563667019746e-08 - 1.1002396393096786e-08 - -2.0293157542818831e-10 - -8.730915083595644e-09
