Number: 6464
Error: 1.2015811244994852e-15
A1: [0.0804316936650179, -0.18046780177113206, -0.019588848003643043, 0.11962498071757535] - [0.03741559629434333, 0.13359640246321364, -0.13472616993019226, -0.036285808805847475] - [-0.0017028139976747814, 0.2281901215217804, -0.12282837763743412, -0.10365890521068796] - [0.0388632334640357, -0.11448101951479801, -0.04641644236024854, 0.12203422698844849]
A2: [0.03530745533217169, -0.029273463492144856, -0.07569733828419738, 0.0696634205872106] - [0.10289375319569284, 0.28289670381155985, -0.39260639380924134, 0.006815998647912162] - [-0.01118709202113142, 0.5390145987045244, -0.3594510079492979, -0.16837645616705627] - [0.09786281541372582, 0.0174633325741862, -0.16885099527790032, 0.053524895184226214]
B1: 1.6825232270126337e-09 - 3.995291439708317e-09 - -8.811106599963243e-10 - 1.7069902969976988e-09
B2: 4.273299661809074e-09 - 1.4542555861397808e-09 - 6.150303002327541e-09 - -8.848805682811256e-10
