Number: 6638
Error: 9.767553869518582e-16
A1: [0.08043168068430999, -0.18046781475036985, -0.019588860968829752, 0.11962496773834998] - [0.03741559600519235, 0.1335964021742819, -0.13472617021876696, -0.036285809094838396] - [-0.0017028549232608662, 0.22819008059706675, -0.12282841850309892, -0.10365894612535176] - [0.03886324540122296, -0.11448100761111063, -0.046416430430667545, 0.12203423891821656]
A2: [0.03530745374202713, -0.029273465086687267, -0.07569733979608484, 0.0696634189229503] - [0.10289373957751936, 0.282896690077807, -0.39260640698055804, 0.006815984387690372] - [-0.01118710040105831, 0.5390145902746145, -0.3594510158810781, -0.16837646499728107] - [0.09786281794270246, 0.017463335114666544, -0.16885099287047808, 0.05352489783882838]
B1: -4.7237019687831375e-09 - 3.444657994750255e-09 - -6.1765866298197836e-09 - -6.140586192538528e-09
B2: -1.4720549104077236e-09 - 6.510746114131031e-09 - -2.646920990213012e-08 - 1.1136668065035169e-08
