Number: 3013
Error: 4.343400415113436e-08
A1: [0.06436724559016976, -0.046940913900716995, -0.022517792111861477, 0.008779922372532582] - [0.04389217287982193, 0.19149330497718692, -0.14232608008749245, -0.09225662469172448] - [-0.1233390906683288, 0.41497301997477304, -0.10474739756511807, -0.18695899747705322] - [0.03781643516123365, 0.01998385225147516, -0.032321980756121915, -0.022246231300962906]
A2: [0.06418586979835127, -0.172947855915495, 0.08706895361861856, 0.02469125163172221] - [0.029388547487333622, 0.20039593504612335, -0.10161211203470681, -0.12777731494762823] - [-0.09327063215974471, 0.5138173779114209, -0.22546604644541954, -0.19496096701620969] - [-0.026200703688173343, 0.01824315115447522, -0.05056689150754242, 0.05671160596081252]
B1: -4.153542025508673e-05 - -6.703505460260172e-05 - 0.00018328068472868707 - 0.00015519811694050643
B2: 0.00033425464690951394 - 0.0001945740832216535 - -2.2223030138925386e-05 - 0.00020628881557685424
