Number: 8579
Error: 1.238327851162785e-15
A1: [0.08043168712105439, -0.18046780831433007, -0.019588854539795513, 0.11962497417437298] - [0.03741553875786311, 0.13359634497034273, -0.13472622735180398, -0.03628586631033591] - [-0.0017028204260378713, 0.22819011509353984, -0.12282838405639175, -0.10365891163732835] - [0.038863230907599605, -0.11448102206398558, -0.04641644491504057, 0.12203422443365372]
A2: [0.03530750190761223, -0.02927341678786852, -0.07569729400067648, 0.06966346933320863] - [0.1028936456892144, 0.28289659539273854, -0.3926064977881812, 0.00681588607308011] - [-0.011187081292655691, 0.539014609496959, -0.35945099779452616, -0.168376444862131] - [0.09786276258409765, 0.01746327950423171, -0.16885104556837413, 0.05352483973038248]
B1: 2.9093348755502606e-08 - 7.917337536589624e-10 - -1.0021639697158729e-08 - 9.731830915282444e-09
B2: 1.8230336166844983e-08 - 6.9525169825713344e-09 - 5.1265739403481594e-08 - 2.25916997814277e-08
