Number: 1267
Error: 5.644835558682342e-09
A1: [-0.007159431385349182, -0.014965114793575238, 0.003026836066434725, 0.019483503894536285] - [0.06665265156038076, 0.18971692480148264, -0.14691532336190113, -0.11005597709780968] - [-0.11259858419706159, 0.44177371120888376, -0.07080202401802493, -0.25811453845896576] - [-0.02342446537543623, 0.015290844351626599, -0.02999010204418292, 0.03885310410901989]
A2: [0.1315255208119549, -0.2246887116468589, 0.022607934886382616, 0.07010188783934874] - [0.03292791109729824, 0.20402624951148843, -0.11460781532130321, -0.12118180336369071] - [-0.09494212139303006, 0.5552268852207966, -0.23551633728883378, -0.22594845357666396] - [-0.02096888622880045, -0.019416474000718, 0.007978988487205109, 0.03204647823269408]
B1: 0.0001894160338761432 - -1.3542968712601129e-05 - 0.00013260060480239875 - 0.00013998506673916882
B2: 3.67170724582155e-05 - 8.57700414467908e-05 - 0.00019835810498146042 - 0.00021360961327404604
