Number: 9898
Error: 9.949165840181437e-16
A1: [0.05317249635469516, -0.14800132478111444, -0.02699910104698227, 0.12182776817056865] - [0.005313672616756646, 0.13083664701890943, -0.11360079096530362, -0.02254981064289191] - [-0.014444510217364578, 0.2230915871764595, -0.12704121321096432, -0.08160596665172995] - [0.0271463089570684, -0.10002018917662586, -0.049424659857016114, 0.1222979688810525]
A2: [0.08925437676666402, -0.07291345464799395, -0.12362750342998179, 0.10728629749389812] - [0.10884165016871432, 0.2498141024671448, -0.4048453666061178, 0.04618940013491136] - [0.03663575162460156, 0.462554940050871, -0.3777176259782296, -0.12147344968656232] - [0.14342629382852629, -0.04460676217455999, -0.20149967156289494, 0.1026797210545703]
B1: -2.626047868475269e-08 - 3.0205596256802767e-09 - 1.4299896854087728e-08 - 7.572091411525082e-09
B2: 1.066979313654286e-08 - 2.4379286671896062e-08 - -3.4873243564515853e-09 - -1.4845037772231804e-08
