Number: 4863
Error: 8.356162912805512e-16
A1: [0.06621322229282048, -0.11395204000583718, -0.023983909700936532, 0.07172290869251978] - [0.03740260082220456, 0.18819335863368533, -0.14740895789373945, -0.07818702129339197] - [-0.060229487995918915, 0.328950688070591, -0.1277532238511452, -0.14096843576262566] - [0.039046260666689064, -0.05332258969921072, -0.03741849216671127, 0.051695217846410665]
A2: [-0.009108497754306992, -0.3468031026891074, 0.24945516898984832, 0.10645676170207853] - [0.08003991955790613, 0.036282358012964984, -0.05025000975153355, -0.06607185611632564] - [-0.042452732430644166, 0.2308319871365901, -0.04053115228308298, -0.14784774272405724] - [0.06813492504454245, -0.29346769116952837, 0.14177139923300439, 0.08356202444450223]
B1: -3.06916849989191e-08 - 7.902494966406426e-09 - -2.1494361054169325e-08 - 1.0214390082729547e-08
B2: -5.440680801752748e-08 - -2.5148214907409754e-08 - 9.773457910976307e-09 - 9.441886490239914e-09
