Number: 2610
Error: 2.227499780676503e-08
A1: [0.06321593547739278, -0.04808570262038559, -0.023657636355016828, 0.007641080334141669] - [0.04387444735101018, 0.1914760034161118, -0.14234533036674693, -0.09227840650375743] - [-0.12339517267728943, 0.4149199747539122, -0.10479926487529619, -0.1870129461194221] - [0.036143187050685165, 0.018311546678990563, -0.03398703831191422, -0.02390141709309122]
A2: [0.06371111520425, -0.17342165456997885, 0.08659885738282776, 0.024225655725109853] - [0.029246409162829633, 0.2002555360356122, -0.10175376007043116, -0.1279158917241521] - [-0.09271598942386863, 0.5143629024160973, -0.22491238402529504, -0.19442639407325615] - [-0.02466767960057514, 0.019777092526991003, -0.04903154467783536, 0.05820109749121963]
B1: 3.9949695478940395e-06 - 0.00020498589632175345 - -1.1655277423417839e-05 - -0.0002698258881079662
B2: -5.743792541143178e-05 - -0.00013869899562394042 - -0.00012703285079376656 - 0.0001995727840631887
