Number: 5646
Error: 2.247837966435281e-05
A1: [0.06573687332416113, -0.11443079259840402, -0.0244685478039519, 0.07122403621915793] - [0.03890646974015794, 0.18961485559482716, -0.14593825103519106, -0.0767163867751685] - [-0.06508905185228789, 0.324246483016277, -0.13253062261593143, -0.1457500010783077] - [0.04822612216783327, -0.04463519762198985, -0.028547262942313186, 0.06049907936419007]
A2: [-0.008109802974054512, -0.34573461115752335, 0.25038148622237827, 0.10750031178211905] - [0.08174161064122015, 0.038116379347321254, -0.04841449598739528, -0.06420581217313985] - [-0.04128506285148022, 0.2321238620617245, -0.03933920364278653, -0.14657241197431264] - [0.06633867159205943, -0.2954434647903667, 0.13976314898043016, 0.08156084437996018]
B1: -0.002499238621848542 - -0.002831357627387842 - -0.0022951369171457497 - -0.001228312729756746
B2: 0.0033649101105910403 - 0.0030708832978499218 - 0.004453469023118084 - -0.0006726341759989343
