Number: 3526
Error: 5.7328850954461174e-11
A1: [0.06620535673855454, -0.11395973086101414, -0.02399177032608209, 0.07171505703845411] - [0.037395828915704546, 0.1881868874661396, -0.14741561555712718, -0.07819367856172905] - [-0.060198404055616425, 0.3289805473401544, -0.12772280288447713, -0.14093818381077514] - [0.03903383222686204, -0.053334388156811595, -0.0374305176531259, 0.051683291753421914]
A2: [-0.009050546236790653, -0.34674162528516694, 0.24951359348169552, 0.10651752026900183] - [0.08001040168081702, 0.03625055974615868, -0.05028227178733029, -0.06610439135615975] - [-0.042467837097732, 0.23081531693392118, -0.04054733816854756, -0.14786444921812053] - [0.06820698689133536, -0.2933883490606781, 0.1418495253728172, 0.08364282007857575]
B1: -2.414543176204681e-06 - 1.5853483008282885e-05 - -9.273987843107513e-06 - -1.2395859717899683e-06
B2: 5.909516810733752e-06 - 4.790327038676894e-06 - 2.649026735924975e-07 - 1.0215179268688591e-05
