Number: 9102
Error: 4.8414730938257316e-05
A1: [0.06864584972062517, -0.133397390796272, -0.011463300754837692, 0.1364759174854408] - [0.011122084060372373, 0.1362614165386452, -0.10823580432414807, -0.01728425264269659] - [-0.018268757054831487, 0.21968088870943026, -0.12978131190701916, -0.08434130621842127] - [0.038739513815870256, -0.08887440254203896, -0.037458666057946136, 0.13357151763087047]
A2: [0.10581563273806056, -0.056258670494761895, -0.10583665874228744, 0.12439650530708586] - [0.12925925133783123, 0.2697263231197944, -0.3846863112771564, 0.06677075544257433] - [0.028199159989265483, 0.4550221705079876, -0.38543980782358045, -0.12992399988020098] - [0.1446305010248143, -0.04342571799628363, -0.20087010012702386, 0.10372445025953878]
B1: 0.004345087219175981 - -0.0032485042456355316 - 0.005596732507707583 - 0.0005633220536548512
B2: -0.006445502793599988 - -0.0038966282302490534 - -0.0029030022241737148 - -0.004948837971272805
