Number: 584
Error: 6.052373349283595e-14
A1: [-0.012153797823915957, -0.01451758503714796, 0.018086836870398585, 0.008582665637093607] - [0.0658354174759063, 0.18949543602701435, -0.145322382031427, -0.11000835805453937] - [-0.09629211904809744, 0.4217870128913915, -0.0534562969762616, -0.27203462161554876] - [-0.0013225070347524705, -0.018220213110895313, -0.0038361824193643636, 0.02337557991086387]
A2: [0.1615865190663081, -0.16775497120771948, 0.008501136219439197, -0.002333266161985923] - [0.03548583518045746, 0.2075168316338337, -0.1172103130293497, -0.12579192032413788] - [-0.08621364393531435, 0.581538024560457, -0.23538882320816454, -0.2599356649590214] - [-0.003834714549984215, -0.004519041257271563, 0.0011105070444400865, 0.007243634580188018]
B1: -6.457187241520637e-08 - 2.6495603755141234e-07 - -1.1517183493445274e-07 - -2.036014231070014e-08
B2: -4.3305276337420973e-07 - -5.01266435300162e-08 - 6.196538842658775e-07 - -3.5526469199981264e-07
