Number: 9505
Error: 5.146224845197862e-14
A1: [0.053172487101661205, -0.14800133406023175, -0.02699911030472226, 0.12182775891524043] - [0.005314523910402587, 0.1308374991831585, -0.11359993982327926, -0.022548958158199024] - [-0.01444355504287471, 0.22309254268912318, -0.12704025880589856, -0.08160501114626635] - [0.02714786794895985, -0.10001863014773163, -0.04942309753764384, 0.12229953187275286]
A2: [0.08926124376305515, -0.07290660352738135, -0.12362079114010219, 0.1072932492091025] - [0.1088420414541428, 0.24981449382460139, -0.40484498307700495, 0.04618979800472679] - [0.036637997033603716, 0.46255717378872757, -0.37771543524223405, -0.12147118097944129] - [0.1434275660058126, -0.04460549473045304, -0.201498429385361, 0.10268101211898918]
B1: -2.9479173872880384e-07 - 6.624236345350533e-07 - 3.683166406915565e-07 - 7.777301703386601e-07
B2: 2.502946331147686e-07 - 2.8629012853808757e-07 - 7.63627889695709e-07 - -2.0762377484518968e-08
