Number: 143
Error: 8.961019326068944e-05
A1: [0.003120413869996702, 0.0015229830691810466, 0.03575239075236442, 0.025569769314797992] - [0.07585215826962126, 0.1991885221590168, -0.13530238178392812, -0.09913763323097943] - [-0.08204445275218461, 0.43627768415801976, -0.03749542515710914, -0.2547706995170004] - [0.011043883637448532, -0.005671575481896372, 0.010234749960204337, 0.038491338408423045]
A2: [0.18502722676319114, -0.1452817344879657, 0.03147622958156078, 0.020088666819996544] - [0.05579000985040107, 0.22713791982968887, -0.09752525284487773, -0.10652489417418914] - [-0.05532957979043372, 0.6117998613569444, -0.20538791660953204, -0.23022160351777346] - [0.02361496596745207, 0.022641904683021463, 0.028147151687842112, 0.033209980286898484]
B1: 0.002695398468220083 - 0.06594737222282383 - 0.0009497327246610456 - 0.0011169409627160033
B2: -0.0030598047306726337 - 0.11313501100773954 - -0.003937940197773363 - -0.0031106068020257515
