Number: 2675
Error: 1.98194053422817e-08
A1: [0.06368539484225104, -0.04762294327526846, -0.02319550135077967, 0.00810426165932704] - [0.043902809791827924, 0.19150328724320737, -0.14231626353798893, -0.0922471260587637] - [-0.12240876586973927, 0.4158958644381747, -0.10381393407875364, -0.186030847029067] - [0.03665895499558406, 0.018823485915920313, -0.033475099357202484, -0.023392970063076148]
A2: [0.0631446538031189, -0.17398056635745682, 0.0860311255218358, 0.023667726667803576] - [0.029127768242167354, 0.20013883853619227, -0.1018719236688351, -0.1280317471557915] - [-0.09342728240017315, 0.5136654167643189, -0.22562486508726848, -0.19511402199704647] - [-0.025862359788564576, 0.01858605838365247, -0.05022594293543234, 0.057041328916965756]
B1: 4.55718521407294e-05 - 9.419591329521014e-05 - -0.00015879946077062936 - -0.00013514427378692376
B2: -5.463234008947458e-07 - 0.00013562399447092117 - -0.0001946324751045923 - 0.00026417355060237417
