Number: 8778
Error: 9.842120561468112e-08
A1: [0.08052106811882986, -0.18037842327920833, -0.019499568023776954, 0.11971434903997846] - [0.0372433835190718, 0.13342431190809068, -0.13489802134717796, -0.03645792833150533] - [-0.0015089759262718158, 0.22838398223068995, -0.12263481645142023, -0.10346511145227508] - [0.038953694289603095, -0.11439080808519193, -0.04632602139508547, 0.1221246325008172]
A2: [0.03566032101343756, -0.02891975141058617, -0.07536178931110435, 0.07003270991280613] - [0.1032517622897532, 0.2832576443736081, -0.3922600925767553, 0.007190875630293054] - [-0.01092446331873073, 0.5392786971755403, -0.35920238723978737, -0.16809973148573804] - [0.09824073005126105, 0.017842843615968135, -0.16849119922192532, 0.05392156457912785]
B1: -0.00017614842620177574 - -0.00019375561149439306 - -0.00011743381641397214 - -0.00017926307847704898
B2: 0.00012984520023103232 - 0.0002696069218152369 - 5.636801012588987e-05 - 8.993454541680824e-05
