Number: 2535
Error: 1.4808393417701037e-08
A1: [0.06329801576798555, -0.048003365614814, -0.023576414589717203, 0.0077207588142232594] - [0.043267777168026704, 0.19088872640492036, -0.14297315921830842, -0.09294918189462911] - [-0.12361907200494968, 0.41469515208485613, -0.10502452085334481, -0.18723752809102873] - [0.03669145433649033, 0.018863083667287176, -0.03343853585166638, -0.023356601619261765]
A2: [0.06414125390403543, -0.17300012258929062, 0.08702617257561501, 0.024651344843645825] - [0.028471834436553118, 0.1994927162326501, -0.1025251738964458, -0.12867390511756596] - [-0.09385080915063576, 0.513249148057572, -0.22605141859843172, -0.19552498129256587] - [-0.026629378766754048, 0.017826114860969643, -0.05099872729856506, 0.056291116266933686]
B1: 2.4053433974196526e-05 - 6.893895234670774e-05 - -2.530988264876145e-05 - 0.00015298295022780884
B2: 0.0001322514161284584 - 8.830271151136646e-05 - 4.73919361567209e-05 - 0.00011228941993825226
