Number: 9383
Error: 2.937699051394534e-11
A1: [0.05316113365839445, -0.14801268986356012, -0.027010450314379812, 0.12181640182315104] - [0.0053222609137019245, 0.13084524365116082, -0.11359220439916441, -0.022541210817748392] - [-0.014440823384243908, 0.22309527546750474, -0.12703752899343915, -0.08160227789465042] - [0.0271481486787967, -0.10001834786152683, -0.04942281498540999, 0.12229981551710421]
A2: [0.08923249491723279, -0.07293528769808633, -0.12364889299732423, 0.1072641456795143] - [0.10886823263885088, 0.2498406907523949, -0.4048193100552593, 0.046216430461016915] - [0.03664286237639627, 0.4625620135771932, -0.37771068847264827, -0.12146626541211429] - [0.14345974049094046, -0.04457343888837296, -0.20146701332369313, 0.10271366391664247]
B1: -9.38026776989685e-06 - 5.490985976986645e-06 - -2.1645393219283206e-06 - 5.01766675556746e-06
B2: -3.6199266830440777e-06 - 4.182482082847773e-06 - 3.51132871237394e-06 - 1.411197472565394e-06
