Number: 5011
Error: 8.167904808513295e-16
A1: [0.06621323699387834, -0.11395202563327828, -0.023983895011403075, 0.07172292336892386] - [0.03740268265066108, 0.1881934368152555, -0.147408877450076, -0.07818694084261527] - [-0.060229218066439626, 0.3289509473232044, -0.1277529597139491, -0.14096817304607087] - [0.03904617352474972, -0.05332267241111619, -0.037418576473667, 0.05169513422400085]
A2: [-0.009108568747244446, -0.3468031780013713, 0.2494550974225509, 0.10645668726996625] - [0.08003980818242447, 0.03628223802975798, -0.05025013147847712, -0.06607197887687885] - [-0.04245286146723424, 0.230831844724137, -0.040531290563562646, -0.14784788543331978] - [0.06813474403652764, -0.2934678904667937, 0.1417712030032213, 0.08356182150160879]
B1: 2.7993114636534518e-08 - 9.260820862503466e-09 - 1.6237447875895e-08 - 1.2854837573675661e-08
B2: 2.6640920480897372e-08 - 2.7820466516394963e-08 - 2.1872868006943487e-08 - 1.667161468951987e-09
