Number: 3294
Error: 1.8528780553565525e-05
A1: [0.10023710339147841, -0.08096869490987933, 0.009156333342941067, 0.1050153830344819] - [0.0368669332159449, 0.1867895425847473, -0.14758954864355087, -0.07836146946465625] - [-0.04191776997610175, 0.3470199645315244, -0.1095107919803904, -0.12286827570986492] - [0.05969927880324047, -0.03379757627337389, -0.01774628963338432, 0.0712944314874294]
A2: [-0.019940223704901984, -0.3596011968495437, 0.2388515427257044, 0.0947206065641681] - [0.10231145373573595, 0.060647738660794655, -0.026231949048469528, -0.04190129453682774] - [-0.028534337118896046, 0.24326158652525712, -0.027097264698168134, -0.13381599866968996] - [0.07861624582128864, -0.28447276923454545, 0.15186370300131125, 0.0941151692155408]
B1: -0.007583556814710741 - -0.0005947992070619481 - 0.0025715831675539964 - 0.004472328238990684
B2: 0.0037943377840464728 - -0.013077919720087539 - -0.00046510213793351943 - 0.005253562116312864
