Number: 5105
Error: 1.1890410033351924e-15
A1: [0.06621324029587207, -0.11395202240511026, -0.023983891712045253, 0.07172292666533546] - [0.03740262677380752, 0.1881933834287118, -0.14740893238129749, -0.0781869957786978] - [-0.060229378182900445, 0.32895079353993856, -0.12775311639460285, -0.14096832888402552] - [0.039046168706637074, -0.053322676984265766, -0.037418581135017726, 0.051695129600494515]
A2: [-0.009108615665911939, -0.3468032277745788, 0.2494550501242258, 0.10645663807846215] - [0.08003979528120252, 0.03628222413146232, -0.050250145578759536, -0.06607199309688472] - [-0.04245290568033583, 0.23083179592797154, -0.040531337944008865, -0.14784793433115406] - [0.06813467746260317, -0.2934679637673516, 0.14177113083080808, 0.08356174686024875]
B1: 5.328755686711805e-08 - -1.4542318381334171e-08 - 6.5416992271362324e-09 - 9.554761682019483e-09
B2: 2.9964326092936323e-08 - 7.669258696891745e-09 - -7.306621646023451e-08 - 4.2701844371286765e-08
