Number: 6112
Error: 1.6961894349430253e-15
A1: [0.08043161518708164, -0.18046788024020272, -0.019588926387752052, 0.11962490224858975] - [0.03741556771349251, 0.1335963739039673, -0.13472619845410996, -0.036285837370878475] - [-0.0017028409015884384, 0.2281900946184425, -0.12282840450195705, -0.10365893210743993] - [0.03886286843736955, -0.11448138351706763, -0.04641680715432404, 0.12203386218863846]
A2: [0.03530765377579084, -0.029273264499647282, -0.07569714960666071, 0.06966362828010651] - [0.10289359098244619, 0.2828965402215758, -0.3926065506997234, 0.006815828786866348] - [-0.011187106201118803, 0.5390145844399609, -0.3594510213709451, -0.16837647110901147] - [0.09786263012099419, 0.0174631464386031, -0.16885117166445138, 0.05352470068707366]
B1: 1.115522172595895e-07 - 2.8268320625799378e-09 - 6.796222268368693e-08 - -3.1927087342505425e-08
B2: 2.426307839904791e-07 - 3.10295647528335e-07 - -3.885988296918103e-07 - -2.0777450872667796e-08
