Number: 3332
Error: 1.6481301108641677e-06
A1: [0.06956108857533146, -0.11071152178622914, -0.020756064612598237, 0.07498852420408847] - [0.03350725132088441, 0.18444760313818356, -0.15123506070156686, -0.08201571896938088] - [-0.0687361067085711, 0.32092700988458184, -0.13586149382300514, -0.1490873403551293] - [0.03790976130946734, -0.054413345849346706, -0.038549789531352505, 0.050570621828723884]
A2: [-0.012861163995800064, -0.3507359354758686, 0.2458710965678011, 0.10257728512129302] - [0.07910198395264677, 0.03530339462036712, -0.051311858152886476, -0.06710452309180256] - [-0.038812190969779094, 0.23473118210015476, -0.03674307192759351, -0.14389969810753858] - [0.07018294851906409, -0.29127689132721063, 0.1439388774809601, 0.08582604989453999]
B1: -0.00048498434911799964 - -0.0016867612356088577 - 0.0005689404343863868 - 0.000453650755523532
B2: 0.0022509366949633298 - 0.00017961885341794416 - -0.002505124367960076 - -0.0012114845486382816
