Number: 1941
Error: 3.832847929402888e-06
A1: [-0.01703214077334577, -0.02476965026713603, -0.007274959262420383, 0.009282266179654594] - [0.06947561989707879, 0.1924108020855202, -0.1439987112724591, -0.10700362030640562] - [-0.12064199334431033, 0.433784276494243, -0.07947303215467197, -0.2669788946967433] - [-0.032658359191544965, 0.006176763496651564, -0.03972478196637252, 0.028988105194053305]
A2: [0.1295831767409096, -0.22690423240366903, 0.02042107770338772, 0.06797040825617384] - [0.03396346832847395, 0.20509326782215054, -0.11357388425492403, -0.12016457392676713] - [-0.0913009299130139, 0.5586617564227817, -0.23196978653109696, -0.2223175725105371] - [-0.021829094057018196, -0.020529809050590632, 0.006968012455927947, 0.031087428929610392]
B1: 0.0016895613314472752 - 0.001334827117832408 - 0.0023585975473918073 - 0.0004205729023636037
B2: -0.0007684428280721623 - -0.0001224058455488973 - -0.00023047473269885346 - -6.138671027488283e-05
