Number: 2851
Error: 1.4880671678173919e-08
A1: [0.06361209195520179, -0.04769515510511212, -0.023267584057530693, 0.00803177070285702] - [0.04374604020083293, 0.1913521273845253, -0.14247762726595853, -0.09241906868462467] - [-0.12284020931268137, 0.4154634127552055, -0.10425234483385835, -0.18646863065746067] - [0.03775162654125871, 0.019916208256130743, -0.032385801017224214, -0.02230878137351043]
A2: [0.06362218738487871, -0.17350623150811098, 0.08650271036354251, 0.02413527383801055] - [0.029293301100723226, 0.20030201442380155, -0.10170681478920461, -0.12786974897644957] - [-0.09314543461127966, 0.5139414226551752, -0.2253410081689903, -0.1948418909543539] - [-0.02574248478667801, 0.018704372433588752, -0.05010238732062497, 0.057157077628017305]
B1: -1.1320558999114806e-05 - -0.00019974866822549366 - -8.87254861345069e-05 - -3.835331888382004e-07
B2: -5.126598699485903e-05 - 0.00010603534251291236 - 1.448333468220551e-05 - 6.942925675791124e-05
