Number: 2654
Error: 2.576152457369417e-08
A1: [0.06292004535278797, -0.048385040788752255, -0.0239534041159651, 0.007345532207535081] - [0.043473450560812026, 0.19108816868799708, -0.14275873199105651, -0.09271971021014865] - [-0.12403307806261986, 0.41427826256764294, -0.10544336725658064, -0.18765391125493225] - [0.03633810970970515, 0.018502160812800778, -0.03379539298227867, -0.02371142485400681]
A2: [0.06344014228512408, -0.1736879550311135, 0.0863272537641128, 0.02395886147120589] - [0.029070894572061995, 0.20008280045111182, -0.10192866453162663, -0.128087531174012] - [-0.0934127162358629, 0.5136796086334718, -0.22561062186344877, -0.19509999299767372] - [-0.02597476392500309, 0.018474735179223593, -0.05033921852481625, 0.05693171528924409]
B1: 0.00010965379486471366 - -0.0004896308341563859 - -6.432119963343624e-05 - -0.00019991711551949211
B2: 3.285751573329617e-05 - -6.662258004412757e-05 - -6.235833920448422e-05 - -1.2269861769583713e-05
