Number: 3932
Error: 1.287779328677976e-15
A1: [0.06621318184526198, -0.11395207954953884, -0.023983950116748684, 0.07172286831286279] - [0.037402584300772826, 0.18819334284856454, -0.1474089741355871, -0.07818703753665494] - [-0.060229425788774084, 0.3289507478172146, -0.1277531629788584, -0.14096837521795672] - [0.03904621022552802, -0.05332263757624979, -0.037418540967022004, 0.05169516944238371]
A2: [-0.00910851084391767, -0.34680311657498347, 0.24945515579446298, 0.10645674797845471] - [0.0800398078277762, 0.03628223764762792, -0.05025013186621968, -0.06607197926788917] - [-0.04245286056833254, 0.23083184571600818, -0.04053128960056189, -0.1478478844393889] - [0.06813457616289376, -0.2934680753032218, 0.14177102101201586, 0.08356163328395051]
B1: 1.7127988974376783e-08 - -3.8264949330668235e-08 - 3.1693521507908406e-08 - 6.259070550868765e-09
B2: 3.120479608032362e-10 - -7.459181608952525e-09 - 2.9882272675643444e-08 - -8.611756013864738e-10
