Number: 2734
Error: 7.53693987572436e-09
A1: [0.06341680759222683, -0.04789024543517128, -0.0234614634635552, 0.007837933211601268] - [0.04342818387436673, 0.1910450684902458, -0.14280510469694005, -0.0927692179386125] - [-0.12298672699728665, 0.41531883698358824, -0.10439636422665964, -0.18661132956889706] - [0.036845568596393076, 0.019009476138649607, -0.033289296605196965, -0.023207974833426105]
A2: [0.06335146643212627, -0.1737746924092323, 0.08623702601823843, 0.023870677447283623] - [0.029507014853949475, 0.20051244280044953, -0.10149362120064016, -0.12766060284657832] - [-0.09348678736319822, 0.5136069862933471, -0.2256835133302674, -0.19517242577294086] - [-0.025985613813963037, 0.018463361133979603, -0.05034800779161483, 0.0569203532869202]
B1: -3.528373330887835e-06 - 0.00013053780323892659 - -1.9391684998754853e-05 - -4.062542980908807e-05
B2: 3.232884993447556e-06 - 0.00022122893363174905 - -0.0001728839065814661 - 1.3093045016474114e-06
