Number: 6519
Error: 9.367992943138966e-16
A1: [0.08043168581330369, -0.18046780962195708, -0.019588855845968926, 0.1196249728667578] - [0.037415573441592256, 0.1335963796277587, -0.13472619273740863, -0.03628583164593959] - [-0.0017027981666092266, 0.22819013735250854, -0.12282836182954779, -0.1036588893838473] - [0.03886320648011331, -0.11448104642299337, -0.04641646932697646, 0.1220342000212969]
A2: [0.03530744078874563, -0.029273478075796323, -0.07569735211189545, 0.06966340536593177] - [0.10289373234488991, 0.2828966827837933, -0.39260641397586177, 0.006815976814068655] - [-0.011187099953236867, 0.5390145907251069, -0.3594510154572052, -0.16837646452539623] - [0.09786280074500163, 0.017463317838738585, -0.1688510092415709, 0.05352487978683505]
B1: -2.3808759172805025e-09 - 4.704817687017952e-10 - -2.365530106159534e-09 - 9.821782092608226e-11
B2: 9.83427343204338e-10 - -1.0028144082447514e-08 - 2.0414870325683506e-08 - -1.6027072969677248e-08
