Number: 9923
Error: 8.40676566930305e-16
A1: [0.053172492521968914, -0.1480013286152482, -0.026999104875484625, 0.1218277643359919] - [0.005313774671654893, 0.13083674918082336, -0.11360068892587559, -0.022549708444096577] - [-0.01444449770118157, 0.22309159969721717, -0.12704120070470232, -0.08160595413109181] - [0.027146294800062858, -0.10002020333369681, -0.04942467404396666, 0.12229795468802127]
A2: [0.08925450161551807, -0.07291333008784397, -0.12362738139405956, 0.10728642388200549] - [0.10884181996214824, 0.2498142722905313, -0.4048452001757559, 0.046189572785140964] - [0.03663584305363861, 0.46255503100416895, -0.3777175367754953, -0.12147335730929526] - [0.14342631467628794, -0.044606741404460123, -0.2014996512068701, 0.10267974221156607]
B1: -4.1713682548935746e-08 - 1.6599404350112527e-08 - 4.6696671627096914e-08 - 4.917229932943343e-08
B2: 5.4203285593810066e-08 - 1.381810496503263e-08 - 5.2599526073029165e-08 - 1.9691939297238366e-08
