Number: 5617
Error: 7.209358081888714e-09
A1: [0.06653073203607701, -0.11364174721729453, -0.023667573510017182, 0.07203855698126431] - [0.03764374195720787, 0.18842368588449435, -0.14717238096555912, -0.07795109232105185] - [-0.05973460741945023, 0.32942505526968235, -0.1272704976140668, -0.14048794896393865] - [0.03924834232065781, -0.05313124905062065, -0.037223695329886106, 0.05188854800244476]
A2: [-0.00944136496901034, -0.3471563168623117, 0.24911959127127026, 0.10610792599423918] - [0.08026022089757338, 0.036519670835790684, -0.05000921829067038, -0.06582894735795669] - [-0.04226097191230515, 0.2310434570476386, -0.04032622604906023, -0.147636289795823] - [0.06767806378369112, -0.2939707668527552, 0.14127461889215912, 0.08304851359326434]
B1: -0.0004426341267985724 - -0.00010371065419282499 - 7.486478803366203e-05 - 0.00036676576029408975
B2: 4.149057716840042e-05 - -0.00041646038717871813 - -3.864022644052617e-06 - 9.572660213308082e-05
