Number: 579
Error: 2.97613048675562e-14
A1: [-0.01215320277609307, -0.014516973861768473, 0.018087494578495466, 0.008583301515054546] - [0.06583549881247243, 0.18949551426934672, -0.1453222979365311, -0.11000826749443031] - [-0.09629411289783926, 0.421785085869476, -0.053458460542807174, -0.27203694455017674] - [-0.001321562141844523, -0.01821930439147704, -0.0038351766111884315, 0.02337667205004384]
A2: [0.16158645516222434, -0.16775503390850477, 0.008501073603772733, -0.002333328459683315] - [0.035485794164899095, 0.2075167912773556, -0.11721035387310717, -0.12579196044796684] - [-0.0862135893697748, 0.5815380780071349, -0.23538877011415968, -0.25993561174951524] - [-0.0038347523621464594, -0.004519078440829891, 0.0011104696195063423, 0.007243598404046189]
B1: -1.1325855647458007e-07 - 1.3221747634193696e-07 - -2.0923556787390888e-07 - -4.5659676528510445e-08
B2: 1.7974694804264898e-07 - 1.1698400678921411e-07 - -2.3742001271087072e-07 - 1.5673175943580917e-07
