Number: 917
Error: 2.283440206778727e-09
A1: [-0.012194555161092059, -0.014559591854495443, 0.018041735842669247, 0.008539016793956513] - [0.06584521423173115, 0.18950485229213118, -0.14531224790487804, -0.10999745279271411] - [-0.09641393391279424, 0.4216691975692978, -0.053588518841059744, -0.2721766164113809] - [-0.0010731002478586312, -0.017980276946227846, -0.0035706818336043336, 0.023664008549581308]
A2: [0.16161048956227844, -0.1677312837837503, 0.008524728814826068, -0.0023096872831556868] - [0.035520017728413754, 0.20755046506851776, -0.11717626918268523, -0.12575848583507376] - [-0.08622011012367435, 0.581531836136181, -0.23539501798150816, -0.259941816995449] - [-0.003915270798742241, -0.004598198862159937, 0.0010308169754918981, 0.007166578449971574]
B1: -1.6779352272735416e-05 - -4.991164700488088e-05 - -1.5183488481942982e-05 - -1.3438409242876856e-05
B2: 6.028069944641061e-05 - 3.6250134456344272e-06 - 3.820363966366973e-05 - -0.00011768238530695224
