Number: 5084
Error: 4.4090785003927225e-16
A1: [0.06621330641728261, -0.11395195776125457, -0.02398382564250228, 0.07172299267579797] - [0.037402593397006696, 0.18819335153942546, -0.14740896519326144, -0.07818702859356305] - [-0.060229375897939134, 0.32895079573456126, -0.12775311415864082, -0.1409683266600917] - [0.039046233924928016, -0.05332261508145385, -0.03741851803845056, 0.051695192184742306]
A2: [-0.009108441796192124, -0.3468030433264482, 0.24945522540070214, 0.10645682037100461] - [0.08003980024673375, 0.036282229480758404, -0.050250140151716784, -0.06607198762376938] - [-0.04245290052376847, 0.23083180161906902, -0.04053133241801019, -0.14784792862821633] - [0.06813471480279011, -0.2934679226543029, 0.1417711713110946, 0.08356178872532796]
B1: 6.98997889647767e-08 - 2.4135335564972685e-08 - 1.2916368839878379e-08 - 1.4240083093139305e-08
B2: 5.0635324247555114e-08 - 1.850737667364598e-08 - 1.3373313254146295e-07 - -4.869025935629679e-08
