Number: 7923
Error: 9.888685834261045e-16
A1: [0.08043172385484257, -0.18046777158473806, -0.019588817849920996, 0.11962501090394975] - [0.03741551579903563, 0.1335963220288267, -0.13472625026507104, -0.03628588925655205] - [-0.0017028150626856706, 0.22819012045678627, -0.12282837870087973, -0.10365890627540823] - [0.03886324137557592, -0.11448101162547218, -0.04641643445375223, 0.12203423489506823]
A2: [0.035307324718745405, -0.029273594466794523, -0.07569746246990296, 0.06966328388622609] - [0.10289364835500756, 0.2828965980811155, -0.39260649520982094, 0.0068158888644846] - [-0.011187094315945776, 0.5390145963959955, -0.35945101012136393, -0.1683764585852147] - [0.09786274337942037, 0.017463260212229, -0.16885106384995419, 0.05352481957172308]
B1: -2.429181569718735e-08 - -7.867693792142568e-09 - 1.3604385570874606e-08 - -3.099948117048028e-09
B2: 2.1925874413576287e-08 - -7.544254497264237e-08 - 1.2961431433631305e-08 - -2.9093947974197473e-09
