Number: 6489
Error: 1.1065897847520341e-15
A1: [0.0804316909784749, -0.18046780445737082, -0.019588850686973733, 0.11962497803133916] - [0.0374155941480667, 0.13359640031856146, -0.13472617207219237, -0.03628581095093521] - [-0.0017028150919426576, 0.22819012042753592, -0.12282837873009982, -0.1036589063046638] - [0.03886323530086469, -0.11448101768312387, -0.04641644052459002, 0.12203422882413588]
A2: [0.035307446771833964, -0.02927347207615948, -0.07569734642325372, 0.06966341162788506] - [0.10289373536626091, 0.282896685830807, -0.39260641105363164, 0.006815979977886445] - [-0.01118709033568539, 0.5390146004000231, -0.3594510063539873, -0.16837645439104215] - [0.097862804250839, 0.017463321360522893, -0.1688510059042419, 0.05352488346682437]
B1: -5.353137762154812e-09 - -1.4426418978610502e-09 - -3.866504765923729e-09 - -1.056955000569624e-09
B2: -2.8212187231314498e-09 - -4.1742558490129795e-09 - -8.148731176794189e-10 - -4.308458833906911e-09
