Number: 8923
Error: 0.0010911988978165028
A1: [0.010681931830120697, -0.247926381889424, -0.07787166979803345, 0.06357708222879513] - [-0.01782946622570006, 0.08598450501376477, -0.16730149134255973, -0.06842193466575432] - [-0.05060135931911398, 0.1784872370535206, -0.16800980464134085, -0.1489193406342194] - [-0.04917844832465309, -0.1996505775569983, -0.12813968611981771, 0.04316135454163458]
A2: [-0.08249684525803852, -0.14324336375535285, -0.20375416547985256, -0.04019176913539382] - [0.10218125594311267, 0.27848566772687194, -0.39776094682973484, 0.015929413143975255] - [0.05195417358030159, 0.5896629098642001, -0.2987128139439406, -0.08651968168878296] - [0.1446160334597826, 0.05393554623239587, -0.12190444310470817, 0.11828297963114481]
B1: -0.029787602716437808 - -0.014502596493433132 - 0.020990030633540595 - 0.019265528849095343
B2: 0.025791988660576085 - 0.014582899063008196 - 0.014632747620117927 - 0.039752910326433376
