Number: 2600
Error: 5.965606834198635e-08
A1: [0.06269968600583566, -0.04859937961187482, -0.02416933288908939, 0.007128420871368613] - [0.043759135205867127, 0.19136477008535122, -0.14246414991961914, -0.09240532904518863] - [-0.12370864494349477, 0.41460771592912343, -0.10511405646848734, -0.18732642516140974] - [0.036616813668711314, 0.018787153260125117, -0.033514073429450154, -0.02343135336595374]
A2: [0.06323120654014158, -0.1738997715232404, 0.08611998371946729, 0.023751506461011693] - [0.029115465700940518, 0.20012647634992506, -0.10188421067737395, -0.128044166770761] - [-0.0938036172558949, 0.5132947055209642, -0.2260028637251892, -0.19548013837948214] - [-0.026024096640358336, 0.018427084800515872, -0.05039000232335498, 0.05688031623757068]
B1: 6.300960638263127e-05 - 4.026784550528251e-05 - 3.514455444545816e-05 - 9.655929990904724e-05
B2: -0.0002903585331918096 - 6.509593361633088e-05 - -0.00014027717613635259 - -0.00020879836659097302
