Number: 278
Error: 1.9479530745161782e-08
A1: [-0.01326724287199821, -0.015661171705609513, 0.01685637030737904, 0.007393072043245632] - [0.06470466045865986, 0.1884076977842173, -0.14649145672000738, -0.11126728651512305] - [-0.09703161429821741, 0.4210728855969022, -0.054257859728780375, -0.27289583676266865] - [-0.0009560116842302372, -0.017867396326706645, -0.0034456540800727083, 0.023799293569931705]
A2: [0.16139478708600588, -0.16794303144651718, 0.008313459925896122, -0.0025200789235842814] - [0.035613703845045655, 0.2076426466575173, -0.11708306033085622, -0.12566688046695276] - [-0.08600738932810058, 0.5817401300209888, -0.23518831945057694, -0.25973450714173923] - [-0.0037964404084124626, -0.00448128685249114, 0.0011486341537158497, 0.007280468369633591]
B1: -2.615048382600268e-05 - 0.00023200299877590335 - -0.00020208079530568908 - -8.879708104490046e-05
B2: 0.0007908262540494671 - -0.0002716255341030794 - -0.0003574021018469517 - -3.3463102636614324e-05
