Number: 9111
Error: 1.1783246810506266e-05
A1: [0.03605190109858793, -0.16553615003887046, -0.04378969534669676, 0.10429318547729936] - [-0.008189345991947943, 0.11739139361760098, -0.12691339998364584, -0.035899913343467336] - [-0.00955030151389378, 0.22844904291340581, -0.12155135636833364, -0.07583140534242011] - [0.010152689666307757, -0.11700879792286814, -0.06583038974988616, 0.10541834715469321]
A2: [0.0713592748371957, -0.09040714858634592, -0.1404821247294321, 0.08958976627384423] - [0.11593809847105499, 0.25677165070224667, -0.3977433188301013, 0.05331742081434399] - [0.05632318266748748, 0.48259512816247724, -0.35786558795466133, -0.10158327047918818] - [0.16190847335057068, -0.026263500871993483, -0.1835064211266051, 0.12121698652157054]
B1: -0.005514990171006051 - 0.0020871628449117626 - -0.0016796418564293779 - 0.004407908440815324
B2: 0.00525590563074748 - -0.0025958575270923785 - -0.003333833737136554 - 0.0013234029502848963
