Number: 5896
Error: 2.9026623020759475e-08
A1: [0.08027344626421391, -0.18062626669105858, -0.01974673199682226, 0.11946682519677411] - [0.03657500116500726, 0.13275634053595484, -0.13556491970486623, -0.03712585120891449] - [-0.0019105003697912723, 0.22798250222418473, -0.12303555193271368, -0.1038664326937665] - [0.03928553572849299, -0.11405993085742294, -0.04599416600526803, 0.12245638033757927]
A2: [0.034578112913251864, -0.030004584896226892, -0.07639072918555367, 0.06889990786201129] - [0.10242319229974148, 0.2824218603250873, -0.3930618030767876, 0.006323128203150883] - [-0.011486385083187669, 0.53871346730726, -0.3597341416674673, -0.16869169651347646] - [0.09736379464557332, 0.016962131930708516, -0.16932594782867408, 0.05300104198358034]
B1: -0.00013876562761185965 - -0.0001559928668621265 - -0.0001805178303262988 - -0.0001278225190338594
B2: -0.00042550121820664113 - -1.4656377528157705e-05 - 0.0004243634642294387 - -0.00013924119796135777
