Number: 4075
Error: 1.0534847117612e-15
A1: [0.06621316120039906, -0.11395209973305884, -0.023983970745408853, 0.07172284770264692] - [0.03740263743416988, 0.18819339361391893, -0.1474089219013801, -0.07818698529783127] - [-0.06022937168862468, 0.3289507997774138, -0.1277531100396528, -0.14096832256346328] - [0.039046129460264735, -0.053322714235584226, -0.03741861910471163, 0.05169509193915437]
A2: [-0.00910851911468743, -0.3468031253489955, 0.24945514745676003, 0.1064567393069961] - [0.08003982891068812, 0.03628226035996703, -0.05025010882379911, -0.06607195602979839] - [-0.04245276777973874, 0.23083194812329696, -0.04053119016462015, -0.14784778181866995] - [0.06813476287172629, -0.2934678697285225, 0.14177122342249604, 0.08356184261923263]
B1: -1.6209813441679465e-08 - -3.8349447401839195e-09 - 1.7744538820844018e-08 - -5.336879061821933e-09
B2: -1.0053315509011294e-08 - 2.105920888391008e-08 - -2.7760372997888777e-09 - -1.4239306047684776e-08
