Number: 6686
Error: 7.688807477333884e-16
A1: [0.08043167423306567, -0.18046782120088367, -0.019588867412360277, 0.11962496128784249] - [0.03741556982772093, 0.13359637601662375, -0.13472619634407987, -0.0362858352578094] - [-0.0017028366933217048, 0.22819009882661517, -0.12282840029984991, -0.10365892790027711] - [0.03886321419822518, -0.11448103872653959, -0.046416461613783384, 0.12203420773461142]
A2: [0.03530742181742192, -0.029273497099592104, -0.07569737014958357, 0.06966338551037934] - [0.10289376123142613, 0.28289671191549387, -0.39260638603718556, 0.006816007062499586] - [-0.011187171085921212, 0.5390145191681428, -0.3594510827858152, -0.16837653948041453] - [0.09786276929669861, 0.017463286247386953, -0.1688510391783123, 0.0535248467763463]
B1: -1.8851349106313856e-09 - 1.608079136471047e-08 - -2.0913260640486782e-08 - -8.756597482408167e-09
B2: -3.487740212568581e-09 - -2.114772639009317e-09 - 2.620336140394192e-09 - -8.247750519660416e-09
