Number: 4097
Error: 8.925146226307513e-16
A1: [0.06621318424528269, -0.11395207720315335, -0.023983947718609875, 0.07172287070885502] - [0.03740262269509691, 0.18819337953173573, -0.14740893639101926, -0.07818699978875092] - [-0.06022934704571772, 0.32895082344556353, -0.12775308592556064, -0.14096829857906953] - [0.039046186609157756, -0.053322659992016096, -0.037418563815070444, 0.05169514677985415]
A2: [-0.009108560353571556, -0.34680316909701525, 0.24945510588420702, 0.10645669607027097] - [0.08003983244093855, 0.03628226416305859, -0.050250104965435756, -0.06607195213867277] - [-0.04245286146302116, 0.23083184472858556, -0.040531290559346206, -0.14784788542887187] - [0.06813482885267078, -0.29346779708060317, 0.14177129495222418, 0.08356191659609011]
B1: 1.3636855029880356e-08 - 2.0190599428022385e-11 - -2.0333366037190687e-08 - 1.7780566110398595e-08
B2: 7.508009659600005e-10 - 7.808887517790714e-09 - 1.951689126316584e-09 - 6.9662616716243334e-09
