Number: 5250
Error: 1.8125099575968677e-15
A1: [0.06621317043571519, -0.11395209070410646, -0.02398396151735657, 0.07172285692243026] - [0.037402557627455896, 0.18819331736407174, -0.14740900035744944, -0.07818706376086854] - [-0.06022946896771882, 0.32895070634582046, -0.12775320523140704, -0.14096841724296597] - [0.039046151964448134, -0.05332269287526084, -0.03741859733251822, 0.05169511353448205]
A2: [-0.009108680479128545, -0.34680329653103675, 0.24945498478643632, 0.10645657012554252] - [0.08003997687674962, 0.036282419761658434, -0.05024994710539855, -0.06607179293830767] - [-0.04245291156001658, 0.2308317894388453, -0.04053134424490246, -0.14784794083376634] - [0.06813466854806197, -0.29346797358258, 0.14177112116652726, 0.08356173686554319]
B1: -3.294548735660176e-08 - -5.589459286110837e-08 - 4.579975814550822e-08 - 3.808054261337395e-08
B2: 7.786763934826292e-09 - -3.3977220518868644e-08 - -6.221969228234003e-08 - 2.6382097055948586e-09
