Number: 867
Error: 5.395795701547416e-09
A1: [-0.012050536581411258, -0.01441153412272052, 0.01820096499440727, 0.008693005975989713] - [0.06584690449724223, 0.18950648625818498, -0.14531050492185277, -0.10999556822055896] - [-0.09630249933487865, 0.4217769761126408, -0.053467563548602305, -0.27204671852193857] - [-0.0014173665888692235, -0.01831144243740915, -0.003937159493536413, 0.023265937654030826]
A2: [0.16158922186311525, -0.16775231242455876, 0.008503787465898173, -0.0023306235008052198] - [0.035491648792382376, 0.20752255199248312, -0.11720452343786344, -0.1257862324396191] - [-0.08622127704070726, 0.5815305493211759, -0.23539625014017965, -0.2599431036719691] - [-0.0038323029934228306, -0.004516667180354206, 0.0011128954515736813, 0.00724594547640215]
B1: 5.023129599466873e-05 - 6.33016128974196e-05 - 4.996713051217573e-05 - 2.9427991612895282e-05
B2: -8.609043257649716e-05 - -1.1899993501150803e-05 - -1.3804644645013103e-05 - 2.2852209009220505e-05
