Number: 8862
Error: 4.5318354124579e-05
A1: [0.08287059135360297, -0.1776951531802615, -0.01854641333188909, 0.12242775571948697] - [0.040770647844904195, 0.13732593914164315, -0.13197233535421127, -0.032784282204626806] - [0.0053165050968689035, 0.23527904521567944, -0.11619170086059019, -0.09665353716766727] - [0.042596702413671014, -0.1102876709111411, -0.04433162193037284, 0.12621326140275022]
A2: [0.01068388930397606, -0.054040225806148805, -0.09919681383957003, 0.04394018756503767] - [0.10114018323488998, 0.28125163252367, -0.3936277774118244, 0.004897436034855319] - [0.020716959154006447, 0.5701457904107626, -0.32975289089862764, -0.1346923021630468] - [0.08399954086510657, 0.0037337014987454172, -0.18183046789906146, 0.03898720696078297]
B1: -0.00014087666158079607 - -0.0048329406490858744 - -0.00700481758367031 - 0.006067126055946694
B2: 0.00484392712686637 - 0.005167960219427983 - 0.003959169319668414 - 0.0022100595954477496
