Number: 5312
Error: 1.9460913599086426e-15
A1: [0.0662132229306027, -0.11395203938228904, -0.023983909063662396, 0.07172290932921682] - [0.03740264179417379, 0.18819339777972452, -0.14740891761508074, -0.07818698101117953] - [-0.060229375170801513, 0.32895079643260966, -0.12775311344728232, -0.14096832595249223] - [0.03904612817603436, -0.05332271545437361, -0.03741862034704038, 0.05169509070681934]
A2: [-0.009108493519871357, -0.3468030981970278, 0.2494551732582517, 0.10645676614164175] - [0.08003992355605244, 0.036282362320069254, -0.05025000538177674, -0.06607185170955926] - [-0.042452785292309274, 0.23083192879520043, -0.0405312089317593, -0.1478478011869877] - [0.06813486605759227, -0.29346775611682563, 0.14177133528524632, 0.08356195830918817]
B1: -1.1714940749445389e-07 - 5.08238268579802e-09 - 6.736520832630091e-08 - 5.02042365647578e-08
B2: -3.38060065427502e-08 - -3.617781924005309e-08 - 2.5536015230129203e-09 - -5.818724693374003e-08
