Number: 817
Error: 1.9585490285920086e-12
A1: [-0.0121530405455792, -0.014516807228888706, 0.018087673870281498, 0.008583474870624112] - [0.06583678244607993, 0.1894967490750645, -0.14532097077107697, -0.11000683829827936] - [-0.09628835708328151, 0.42179064878102435, -0.0534522148326567, -0.27203023877098154] - [-0.0013156645750117266, -0.018213632600073294, -0.003828898852314677, 0.023383488660958105]
A2: [0.16158651247389835, -0.16775497766665104, 0.008501129739299894, -0.002333272544564685] - [0.03548669199347509, 0.20751767468021173, -0.11720945980638796, -0.12579108213771734] - [-0.08621285244270975, 0.5815387998258078, -0.23538805308297464, -0.2599348930637549] - [-0.0038320539230883113, -0.0045164248508509225, 0.0011131404103808058, 0.007246180110122167]
B1: -8.80635897118196e-08 - 2.134452360238612e-06 - -1.894972237417526e-07 - -1.7527793438354927e-07
B2: 5.081100724680044e-06 - -8.420415220633083e-07 - 4.9634974528315785e-06 - -2.463554575973174e-06
