Number: 9078
Error: 5.4735776797575174e-05
A1: [0.03564481963064818, -0.16809397725299116, -0.04483593356145998, 0.10274918034819325] - [-0.017653117281578944, 0.1060815380053476, -0.13787172521938637, -0.047123240952835904] - [-0.04850631927237788, 0.19162735570534473, -0.15501259269211587, -0.11122591207120523] - [0.004496932853064083, -0.12343752615224132, -0.07096122841203048, 0.09928792205432617]
A2: [0.1107839292649157, -0.051478572918827764, -0.09567062482465555, 0.1302478688527515] - [0.15531284523632272, 0.2946596106724026, -0.3591891637202489, 0.0923471422930337] - [0.11847932266712327, 0.5446942638683625, -0.301379293774106, -0.039600640127045506] - [0.1991733237272695, 0.010646766694265017, -0.14986498015898175, 0.15867219719976472]
B1: -0.011889517503404872 - 0.007463431246699409 - 0.0059695937103537555 - 0.00409762571225461
B2: 0.004997746886045282 - 0.0027349853562603464 - -0.01633305817532441 - 0.002904301835790612
