Number: 8412
Error: 9.27792561806876e-16
A1: [0.08043168106752956, -0.1804678143671939, -0.01958886058610761, 0.11962496812151395] - [0.0374156051319075, 0.1335964112940964, -0.13472616111010646, -0.036285799973113556] - [-0.0017028195393509415, 0.2281901159802186, -0.1228283831709944, -0.10365891075087215] - [0.03886322769044731, -0.11448102527216175, -0.046416448130159986, 0.1220342212184612]
A2: [0.035307534759729434, -0.02927338384486724, -0.07569726276524272, 0.06966350371651271] - [0.10289372687635667, 0.282896677268892, -0.39260641926494233, 0.006815971087742424] - [-0.011187097230751989, 0.5390145934637663, -0.3594510128802995, -0.16837646165665224] - [0.0978627922062746, 0.01746330926114079, -0.16885101736990316, 0.053524870823954074]
B1: 1.581641906089136e-08 - -2.590675343547057e-09 - -1.9578240160587655e-09 - -1.90327729254706e-08
B2: -5.791401529178641e-09 - 2.3620633574522888e-09 - -7.577583970864666e-10 - -6.176327011628403e-09
