Number: 8125
Error: 1.4498035711308112e-15
A1: [0.08043172765492362, -0.1804677677851001, -0.019588814054417078, 0.11962501470357936] - [0.03741553624257491, 0.13359634245692706, -0.1347262298621962, -0.03628586882429792] - [-0.001702800810853442, 0.22819013470831132, -0.12282836446992369, -0.10365889202738394] - [0.038863236426172156, -0.11448101656098433, -0.04641643940001153, 0.12203422994873757]
A2: [0.03530737707817753, -0.029273541962518728, -0.07569741268717334, 0.06966333868601451] - [0.102893740992397, 0.2828966915047039, -0.3926064056120901, 0.006815985869274127] - [-0.011187065710074828, 0.5390146251724443, -0.35945098304524026, -0.16837642844227751] - [0.09786279458900272, 0.017463311654704508, -0.16885101510169634, 0.053524873325038]
B1: -2.0427947855588624e-08 - -2.918942386693792e-09 - 1.8098811955487398e-08 - 1.245124417268769e-08
B2: 3.098222505429459e-08 - -3.770513985185445e-08 - 4.355131653557644e-09 - 1.275739567285559e-08
