Number: 5154
Error: 9.950666305540437e-16
A1: [0.06621309810769607, -0.11395216141589048, -0.02398403378863463, 0.07172278471578175] - [0.03740264178293004, 0.1881933977689302, -0.14740891762616448, -0.07818698102226178] - [-0.06022952770760382, 0.3289506499294752, -0.1277532627107238, -0.14096847441317573] - [0.03904608247274285, -0.05332275883433939, -0.03741866456354346, 0.05169504684936079]
A2: [-0.00910849202527222, -0.3468030966114812, 0.24945517476509887, 0.10645676770867463] - [0.08003981975355567, 0.03628225049517098, -0.05025011883187678, -0.0660719661229215] - [-0.04245285614619683, 0.23083185059673425, -0.0405312848613968, -0.14784787954842157] - [0.06813476046336796, -0.293467872380201, 0.1417712208113316, 0.08356183991911469]
B1: -3.352174159910625e-08 - 1.6186062387915947e-08 - 2.9544670227080638e-08 - 1.7396128290277397e-08
B2: 1.2044265370360645e-08 - -4.5510610223189513e-08 - 2.957383078340805e-08 - 4.093754366247793e-09
