Number: 9878
Error: 8.467993179544504e-16
A1: [0.05317264718361492, -0.1480011738967713, -0.026998950384328296, 0.12182791907220342] - [0.005313852903490127, 0.13083682749468736, -0.11360061070590506, -0.022549630101952076] - [-0.014444410586310352, 0.22309168684399908, -0.12704111365878265, -0.08160586698512134] - [0.027146509270719526, -0.10001998886331749, -0.04942445912085144, 0.1222981697037059]
A2: [0.08925434505094942, -0.07291348629037078, -0.12362753443110976, 0.10728626538714009] - [0.10884170802289866, 0.24981416033153536, -0.4048453098978371, 0.046189458962518005] - [0.036635931603366916, 0.4625551190931637, -0.37771745038194976, -0.12147326784112945] - [0.1434264018583628, -0.044606654547090535, -0.20149956608110034, 0.10267983068715342]
B1: -4.49128219092171e-08 - -1.3422936244857674e-08 - 9.286346825190154e-09 - -1.4199370079946423e-08
B2: 6.131249671717053e-09 - -2.132475280596458e-09 - -1.0679512442891969e-08 - -2.3730295716551118e-08
