Number: 7425
Error: 6.385235031976598e-16
A1: [0.08043168937556522, -0.18046780606010332, -0.0195888522879714, 0.11962497642861084] - [0.03741559395506979, 0.13359640012571133, -0.13472617226480121, -0.03628581114382534] - [-0.0017027932107175137, 0.22819014230829104, -0.12282835688091229, -0.10365888442927419] - [0.038863243770488894, -0.11448100923727375, -0.04641643206037096, 0.12203423728849093]
A2: [0.0353071655532285, -0.029273754072556217, -0.07569761380248721, 0.06966311730227935] - [0.10289368205654861, 0.28289663206866555, -0.39260646261410226, 0.006815924154869045] - [-0.01118711507367153, 0.5390145755144766, -0.35945102976902304, -0.1683764804583305] - [0.09786273886016289, 0.01746325567241346, -0.16885106815197004, 0.053524814827942184]
B1: -2.7669812915688225e-08 - 2.5901613651580275e-08 - 6.639059006301938e-08 - 2.8267662584101718e-08
B2: 1.7448621029887916e-08 - 1.3988349095709604e-08 - 4.1851374196128205e-08 - 2.224255111468824e-08
