Number: 8246
Error: 9.350448817656403e-16
A1: [0.08043170646731973, -0.1804677889703099, -0.019588835216705316, 0.11962499351837853] - [0.037415544726046655, 0.13359635093399622, -0.13472622139558801, -0.03628586034549084] - [-0.0017028467789894739, 0.22819008874115332, -0.12282841037075898, -0.10365893798325794] - [0.03886325744501699, -0.11448099560112775, -0.04641641839457086, 0.12203425095451031]
A2: [0.03530740094760722, -0.02927351802706597, -0.0756973899923947, 0.06966336366792153] - [0.10289373605747278, 0.28289668652790023, -0.3926064103850877, 0.006815980701694426] - [-0.011187134390974362, 0.5390145560819108, -0.35945104805333056, -0.16837650081359115] - [0.0978627680547323, 0.017463284999744668, -0.16885104036065096, 0.05352484547274891]
B1: 1.021808450034104e-09 - 2.152867124645968e-09 - -8.558079266132991e-10 - -7.935223611965449e-09
B2: 1.82520152651367e-08 - -3.037116076203693e-08 - -1.3856730413013567e-08 - 1.7869598321994286e-08
