Number: 5300
Error: 4.891757731158192e-16
A1: [0.0662132370685152, -0.11395202556030547, -0.023983894936844025, 0.07172292344340432] - [0.037402587712845825, 0.18819334610865615, -0.14740897078118365, -0.07818703418198537] - [-0.06022937872545249, 0.3289507930185769, -0.12775311692562905, -0.1409683294121287] - [0.039046247772685526, -0.053322601937565314, -0.03741850464115979, 0.05169520547322448]
A2: [-0.009108637586169676, -0.34680325102839615, 0.24945502802638891, 0.10645661509636967] - [0.08003983308815238, 0.03628226486034739, -0.050250104257874746, -0.06607195142522926] - [-0.04245277515527911, 0.23083193998301071, -0.04053119806854846, -0.14784778997586132] - [0.06813478172297571, -0.2934678489725381, 0.14177124385869513, 0.08356186375495381]
B1: 5.1089617617284554e-08 - 5.433134089969893e-08 - -8.965942779769309e-09 - -7.103356050445118e-10
B2: 3.473322212420202e-08 - 4.589384952010854e-09 - 3.7504018676517964e-08 - 4.567989503202071e-08
