Number: 3067
Error: 1.241530591742604e-06
A1: [0.06393300432949042, -0.04737484837415411, -0.02295064965145357, 0.008342421857610579] - [0.04347312081165584, 0.19108972586761563, -0.14275335146380502, -0.09271372049361536] - [-0.12317728077440195, 0.4151402114185994, -0.10457982152437464, -0.18678582586375106] - [0.03692369096850523, 0.019088382633008848, -0.033219921320683465, -0.02314767759516672]
A2: [0.06253681854947643, -0.17458146505176858, 0.08541912354685738, 0.023063179057715523] - [0.028931633389850074, 0.19994812774106116, -0.10206894187302705, -0.12822474835290873] - [-0.09359154199863612, 0.5135023808690992, -0.22578848789838407, -0.1952702768239647] - [-0.025418381255982468, 0.019018311489140648, -0.049790728985020884, 0.05747694990754062]
B1: 0.0016258076337160525 - 0.0001858979976005089 - 0.0010961456317154321 - 0.0008986944087774945
B2: -0.0004424534599140333 - 0.00016853162916135407 - -0.00027274468435509115 - -5.836929127059961e-05
