Number: 9026
Error: 0.00017886802122604902
A1: [-0.0020325935972415055, -0.22583224766975193, -0.0816137664829606, 0.06004593996336341] - [-0.06587408405919323, 0.05504186538691331, -0.18692387590447312, -0.09643801829012352] - [-0.11286181533049339, 0.1331779458738096, -0.20329358255816063, -0.17307749261806016] - [-0.050127773122679416, -0.17919508523943015, -0.12141862372608438, 0.0446928514219487]
A2: [0.12773730840559055, -0.02274027374423777, -0.06796699452652172, 0.16026869990525988] - [0.1667176131143105, 0.2862468594698206, -0.3649428813323324, 0.08487239858110956] - [0.15743654525073403, 0.5911659453178244, -0.27138771282036106, 0.003448911452601249] - [0.18913860707915173, 0.00341202472967123, -0.15741176261955275, 0.1515931207522255]
B1: -0.010743176180908904 - 0.01587081849173417 - -0.01928092670341095 - -0.0030843898944013723
B2: 0.010781235809999661 - -0.00667009648595126 - 0.009666049260985136 - -0.002712339379193624
