Number: 2982
Error: 1.4952172570990282e-08
A1: [0.06407210054405212, -0.04723565624106346, -0.022811104591781907, 0.008486821496532905] - [0.043882407342981294, 0.1914843358142971, -0.142336403586047, -0.09226764697592833] - [-0.12360147564318906, 0.4147109420242056, -0.10501193996252833, -0.1872236468207549] - [0.03806545221316162, 0.02023482834042214, -0.032070802493197, -0.021994178772612498]
A2: [0.06343954259123144, -0.17368903804345112, 0.0863246512039974, 0.023956020505613716] - [0.02939001242546682, 0.20039727446224412, -0.1016107578121126, -0.1277754264146386] - [-0.09359519847634451, 0.5134996425275599, -0.22579014230112848, -0.19527590689348823] - [-0.026892763050633494, 0.017556913492510214, -0.05125632670125313, 0.05603647613408054]
B1: 4.057657593812498e-05 - 0.0002195561324177888 - -3.749372140251497e-05 - 2.7842173936216323e-05
B2: 0.0006591687687898175 - 0.00041414383871628697 - -0.00010595536873611174 - -0.00035366952151368427
