Number: 5178
Error: 7.714563480410712e-16
A1: [0.06621316015613046, -0.11395210075400448, -0.023983971788882983, 0.07172284666009354] - [0.03740249388330685, 0.18819325646081292, -0.1474090630228603, -0.07818712643181683] - [-0.06022943390078293, 0.32895074002582797, -0.12775317091687757, -0.14096838311301624] - [0.03904608367300012, -0.05332275769507734, -0.037418663402306936, 0.05169504800116475]
A2: [-0.00910854144589994, -0.3468031490389311, 0.24945512494459005, 0.10645671589395597] - [0.08003985594111143, 0.036282289479494745, -0.0502500792809789, -0.06607192623620421] - [-0.04245276675627382, 0.2308319492526785, -0.04053118906783606, -0.14784778068687668] - [0.06813481613352552, -0.29346781108513326, 0.1417712811629839, 0.08356190233539788]
B1: 4.9653535681740684e-08 - 9.342451601487752e-09 - 1.3794329313426526e-08 - 1.889320892185421e-08
B2: -2.184776228990065e-08 - 1.6994219661704915e-08 - 8.292036142917808e-08 - -2.6205005086952816e-09
