Number: 4613
Error: 9.9035004988704e-16
A1: [0.06621312162130318, -0.11395213842772686, -0.023984010293474446, 0.07172280818993199] - [0.03740260116397748, 0.18819335896020903, -0.14740895755776373, -0.0781870209573851] - [-0.06022927841558755, 0.3289508893610788, -0.12775301876816908, -0.14096823178265044] - [0.03904617334472486, -0.05332267258204128, -0.03741857664791788, 0.051695134051192165]
A2: [-0.00910849568445776, -0.34680310049326224, 0.24945517107646215, 0.10645676387218322] - [0.0800398786402139, 0.036282313932920134, -0.05025005447223408, -0.06607190121674332] - [-0.04245266943032752, 0.23083205666762688, -0.04053108476948042, -0.14784767304806112] - [0.06813476352075754, -0.2934678690139134, 0.14177122412587445, 0.0835618433469435]
B1: 3.053019741189992e-08 - 9.609862681736675e-09 - 4.081426943273102e-08 - -1.7472433131539143e-08
B2: -1.6926438739174885e-08 - 7.3762409733856715e-09 - 6.607104292859686e-08 - 2.4587041271039903e-08
