Number: 7526
Error: 8.322643197254682e-16
A1: [0.08043172538183285, -0.180467770057917, -0.01958881632475966, 0.11962501243076247] - [0.0374156158119294, 0.13359642196602534, -0.13472615045149428, -0.03628578929907618] - [-0.0017027682389090216, 0.2281901672795655, -0.12282833194566709, -0.10365885946413192] - [0.03886326122159476, -0.11448099183514525, -0.046416414620388036, 0.12203425472874738]
A2: [0.03530745842893254, -0.02927346038680916, -0.07569733533982125, 0.0696634238282836] - [0.1028937962330996, 0.28289674721423497, -0.3926063521839983, 0.00681604371434813] - [-0.011187055161038921, 0.5390146357844572, -0.3594509730603745, -0.16837641732633868] - [0.0978628599296515, 0.01746337729259838, -0.16885095290158125, 0.05352494191141197]
B1: 6.780407064818025e-09 - 1.4134412748274522e-08 - 2.0534271573174166e-08 - 1.1053022238981315e-08
B2: 1.812453748777946e-08 - 9.986192906531208e-09 - 2.8493751172287544e-08 - 8.788515276694732e-09
