Number: 5735
Error: 0.0049695901809290784
A1: [0.044563956333706786, -0.2100171397551698, -0.05950567158822442, 0.08361314971009884] - [-0.005171783147723345, 0.08125762936035423, -0.18905163458190577, -0.08418031372629378] - [-0.03114919666323835, 0.2338920283096658, -0.14562151099557474, -0.1256191000143833] - [0.05491332418766033, -0.05424698767708152, -0.015332688144078732, 0.14996592302052686]
A2: [-0.09426691115370296, -0.15539857935697687, -0.16344975841465154, -0.07692819716666113] - [-0.062446982023917866, 0.12296273679711354, -0.537746447620304, -0.1897278370835742] - [-0.1432427042424876, 0.41342218403508185, -0.4587365933785594, -0.3288215477451156] - [-0.052979070287107265, -0.1277648196936941, -0.28324440261339584, -0.12425522875640946]
B1: -0.12657629729243414 - -0.32182849767950517 - -0.15832935471137494 - -0.16353124917354273
B2: -0.14781838883394793 - -0.12932417274748575 - -0.2287828848718679 - -0.17150750486681254
