Number: 3211
Error: 0.016609255971044155
A1: [-0.6131403154682534, -0.7580036635007006, -0.715658291007132, -0.6611804882516581] - [-0.3966650226929432, -0.24268785678397437, -0.58794053424748, -0.5330599957898866] - [-0.7755562316512817, -0.25227427313445216, -0.7560258762246881, -0.7901353553533218] - [-0.5480929069454823, -0.5667754580165112, -0.591500559753463, -0.5172009959029994]
A2: [0.270920243846241, 0.038301429554878155, 0.2834323321959307, 0.21130162841204708] - [-0.018813569332775382, 0.15300890502650422, -0.15272724473375812, -0.1786173585779659] - [-0.1021333417576243, 0.496401308136744, -0.2644230591902091, -0.2608842050516872] - [-0.11285910361330438, -0.08019129378675777, -0.18286438058814464, -0.11757651804162852]
B1: -0.48908802477131863 - -0.6373636741675258 - -0.5148498844760316 - -0.491156598472827
B2: -0.07227300182317754 - -0.05736467349747593 - -0.06863165300120738 - -0.03982459090022555
