Number: 6369
Error: 8.158762996759717e-16
A1: [0.08043171607996807, -0.1804677793587192, -0.019588825615493573, 0.1196250031299663] - [0.03741561544579423, 0.13359642160017102, -0.1347261508169, -0.03628578966500425] - [-0.0017027886267607763, 0.2281901468921539, -0.12282835230366683, -0.10365887984654455] - [0.03886325035908783, -0.11448100266715955, -0.046416425475961906, 0.12203424387300041]
A2: [0.035307547469013274, -0.029273371100464487, -0.075697250681708, 0.06966351701845533] - [0.10289376548511454, 0.2828967162052844, -0.39260638192307584, 0.006816011516736415] - [-0.011187060198698947, 0.5390146307167661, -0.35945097782868835, -0.16837642263463137] - [0.0978628585539666, 0.0174633759106584, -0.16885095421120183, 0.05352494046745603]
B1: 2.171574420085023e-08 - 4.58906700981183e-09 - -8.22865355791989e-09 - 1.2789401745429441e-08
B2: 5.287794323031172e-09 - 6.31683650953352e-09 - 5.737254688041347e-09 - -1.9800817173631743e-09
