Number: 9212
Error: 1.8221826637132544e-07
A1: [0.05375631825538297, -0.14742161149762148, -0.0264179924524222, 0.12240867402088851] - [0.0035593927465967876, 0.12908426402578516, -0.1153511181461473, -0.02430190815311276] - [-0.01386229228935183, 0.22367405795048875, -0.12646016204697333, -0.08102236334577591] - [0.028131066187455984, -0.09904039153981446, -0.048440730415547355, 0.12328197140478447]
A2: [0.09102792104510869, -0.07113675928946799, -0.12188907878667861, 0.10908174804782697] - [0.11093623289290341, 0.2519027494421337, -0.402794350327731, 0.048320338549714965] - [0.038533602699101964, 0.46443810653877227, -0.37586543197994227, -0.11955439330175713] - [0.1458164379140388, -0.04222868453772052, -0.1991654871919273, 0.10510582461662189]
B1: -0.0005476537708885073 - -0.00041913747340585313 - -0.00031670453199173073 - -0.00042587298068250877
B2: -0.0006261771062634258 - -0.00047543155155947855 - 0.0003703847992293702 - -0.0006074909102208579
