Number: 8976
Error: 0.0016847813140205513
A1: [-0.03469182514426772, -0.27417395309527476, -0.11481665761689228, 0.027023167725065238] - [-0.06298518272711863, 0.059925567230418614, -0.18861402109513786, -0.09359039945556158] - [0.06990053909635277, 0.2964916793377588, -0.02833611216008784, -0.004713660216621819] - [-0.05028840317380198, -0.18410521366256027, -0.12494214830024095, 0.04410750526360606]
A2: [-0.17301141434488307, -0.2528483221946429, -0.3269269849636145, -0.10103371547182521] - [0.0059353916332102775, 0.16242365600289288, -0.5188116233744567, -0.05700055746512193] - [-0.18832765691136621, 0.3133552383149437, -0.5702204852795519, -0.3061226892601772] - [-0.058473159858030845, -0.17844791670662413, -0.36126990660866, -0.060032240862387336]
B1: 0.04017625173011162 - -0.013979183573263738 - 0.02778319634740438 - 0.011182916373068102
B2: -0.030299106092428904 - 0.0037257121907562363 - -0.021605496721149444 - -0.002784871122757597
