Number: 3088
Error: 2.5794970966576915e-06
A1: [0.06292042481711706, -0.048414542536644505, -0.02397337805882818, 0.007329058980739649] - [0.042321123928203856, 0.18997403151387682, -0.1439458216042657, -0.09398368557121985] - [-0.12374180924676156, 0.4145414029952247, -0.10517224248388962, -0.18736644311138345] - [0.035377333062912575, 0.017491068649516835, -0.03479410618116236, -0.024699467741469534]
A2: [0.057009196296241245, -0.18003843773589992, 0.07988801895064608, 0.017585305891688153] - [0.03323464724639799, 0.2041772163349195, -0.09777157145041478, -0.12400915364078474] - [-0.09379891411007546, 0.5133075804567819, -0.225989311087777, -0.19547078751946625] - [-0.033073212883037544, 0.011434785114734275, -0.05745725375826959, 0.050017493106093096]
B1: -0.002677204571564767 - -0.00249818151730162 - 9.922275179648763e-05 - 0.00024334642610447654
B2: 0.0002741171745130435 - -0.00012945813141770706 - 0.0008506747346913655 - 0.00032249108964846145
