Number: 9835
Error: 1.074590242344734e-15
A1: [0.05317252234929852, -0.14800129877697257, -0.026999075081054834, 0.12182779417768887] - [0.00531374930635588, 0.13083672378891642, -0.11360071428734418, -0.02254973384516645] - [-0.014444475277092172, 0.2230916221295244, -0.12704117829835562, -0.08160593169899104] - [0.027146456093251666, -0.10002004204068499, -0.04942451241047012, 0.1222981163911237]
A2: [0.08925445177630464, -0.07291337981181299, -0.12362743011034359, 0.1072863734284291] - [0.10884161279180846, 0.24981406508364049, -0.40484540324270063, 0.046189362129123696] - [0.03663570960333552, 0.4625548982482506, -0.3777176669762678, -0.12147349214365764] - [0.14342622037841005, -0.04460683535111005, -0.20149974328056844, 0.10267964651473155]
B1: -4.1298771426930924e-08 - -7.516949371066934e-09 - -1.3624344172833636e-10 - 8.865610735917239e-09
B2: -4.171658158625332e-09 - -9.962603315883604e-09 - -9.380254233768613e-09 - -8.314133365571971e-10
