Number: 1150
Error: 8.820941883501011e-07
A1: [-0.007897983531074982, -0.015686181535981312, 0.0022810875948585663, 0.018717434758420293] - [0.06932586808489274, 0.1922798694545629, -0.14415366430907423, -0.10707083485506126] - [-0.11353949203141316, 0.4408931319905946, -0.07176727193232799, -0.25913154917133946] - [-0.025385541299606535, 0.013373960110451156, -0.03191830140788795, 0.03680635557409092]
A2: [0.12641530195793713, -0.2297349875938828, 0.017593542896114922, 0.06511789132698276] - [0.03493316981935916, 0.20601400194602246, -0.1126110028151811, -0.11922345077563364] - [-0.10155806852182092, 0.5487028519185307, -0.24199326607957894, -0.23246935930167886] - [-0.030021037418429417, -0.028388578267937965, -0.0010011405696230661, 0.023339099920385006]
B1: 0.000400340329937571 - 0.0011280710858360913 - 0.00024153742176414135 - 0.001533327041017519
B2: 0.0011844388275723905 - 0.0021024693571450323 - 0.0012832899530017406 - 2.3187286851845262e-06
