Number: 5999
Error: 2.584533939992037e-12
A1: [0.08043284039202658, -0.1804666551362122, -0.019587702560437466, 0.11962612736895571] - [0.037416216987132336, 0.13359702263518183, -0.13472555054761629, -0.036285188501429956] - [-0.001699588806505577, 0.2281933466876501, -0.12282515705961217, -0.10365568082448037] - [0.03886477549241051, -0.11447948176095091, -0.046414901202902696, 0.12203576811950194]
A2: [0.03531847470702597, -0.029262413680668713, -0.07568686117523037, 0.06967495360820596] - [0.10288740127667044, 0.2828902979146742, -0.39261253733633533, 0.006809347250728648] - [-0.011181820845580425, 0.5390199014211333, -0.35944601867908615, -0.1683709017415802] - [0.0978680446658927, 0.017468585659408727, -0.16884601735192692, 0.05353038422504668]
B1: -1.737433411067102e-06 - 2.7979293304211526e-07 - -1.1976740965545872e-06 - -1.4554981670155804e-06
B2: -4.696094952369678e-07 - -1.9537460529458404e-07 - -3.4853487001589817e-06 - -1.1728261194384035e-06
