Number: 1904
Error: 1.9224823107404108e-06
A1: [-0.010980389465062784, -0.01876343764096771, -0.0009224350644378779, 0.01556620770082388] - [0.06836429166011626, 0.19136845400705163, -0.14513994140036363, -0.10815105543464432] - [-0.1206374904178369, 0.43386131525637817, -0.07925396367622009, -0.26683915203490327] - [-0.032376328833249896, 0.006510352455300806, -0.03922022271823132, 0.02939877256347628]
A2: [0.13428404076061357, -0.2220578096136007, 0.02522034568758006, 0.07273471327102876] - [0.032162066929341385, 0.20328330505270156, -0.1153630531232012, -0.12191568710508775] - [-0.09334627995311509, 0.5567572767985279, -0.23395568914490805, -0.22432522952412606] - [-0.020455979599608487, -0.018980612642610816, 0.00839884525605901, 0.03248093215995451]
B1: -0.0009489795034005852 - 0.000718422140114695 - -0.00045174177456070905 - 0.0002263478080499618
B2: 0.001599940934454231 - 0.0026964096935296056 - -6.791366285247871e-05 - 0.0004229703765483603
