Number: 4884
Error: 1.138339103272172e-15
A1: [0.06621306497195317, -0.11395219381113034, -0.023984066898337746, 0.07172275163568585] - [0.03740257186377674, 0.18819333096586732, -0.1474089863620954, -0.07818704976426512] - [-0.06022928173357115, 0.3289508861743647, -0.12775302201489525, -0.14096823501194738] - [0.03904615796056048, -0.053322687184076054, -0.03741859153151205, 0.05169511928841765]
A2: [-0.009108612052838949, -0.3468032239417779, 0.24945505376656066, 0.10645664186645855] - [0.08003986028981638, 0.036282294164299206, -0.050250074528123655, -0.0660719214429486] - [-0.0424528434879252, 0.23083186456715346, -0.04053127129626431, -0.14784786554895257] - [0.06813473307159869, -0.2934679025396419, 0.14177119111620323, 0.08356180920791781]
B1: 1.692938778954993e-08 - 1.463374758203082e-08 - 5.544301623414989e-09 - 2.6896517283635925e-09
B2: 2.7867372683982202e-08 - -5.9118606806104444e-09 - -1.8799074435979232e-08 - 4.3911908568431006e-08
