Number: 6501
Error: 9.464959125893807e-16
A1: [0.08043168677530318, -0.1804678086600665, -0.019588854885119696, 0.11962497382864745] - [0.03741558695299587, 0.13359639312893623, -0.1347261792529268, -0.03628581814202042] - [-0.0017028153374859774, 0.22819012018199783, -0.12282837897528363, -0.10365890655014157] - [0.03886322795366002, -0.11448102500970952, -0.04641644786711296, 0.12203422148149756]
A2: [0.035307440576280345, -0.02927347828884927, -0.07569735231390463, 0.06966340514356369] - [0.10289373391627003, 0.28289668436850984, -0.3926064124560437, 0.0068159784595336875] - [-0.011187097089239383, 0.539014593606187, -0.35945101274637037, -0.16837646150750088] - [0.09786280204630331, 0.017463319145959465, -0.16885100800281638, 0.05352488115277868]
B1: -2.0117661314674104e-09 - 1.8601210869964153e-10 - -9.730086202671682e-10 - 6.235616673463262e-10
B2: -1.1456722744867707e-10 - -1.926722413511174e-09 - 3.875663771834714e-09 - -3.297004195091908e-09
