Number: 4723
Error: 1.0375441808306393e-15
A1: [0.06621318961288589, -0.1139520719555155, -0.023983942355248103, 0.0717228760674077] - [0.037402608560067024, 0.1881933660266808, -0.14740895028683593, -0.07818701368581656] - [-0.060229365398922416, 0.32895080581830516, -0.12775310388494632, -0.14096831644164298] - [0.03904624353607066, -0.05332260595904684, -0.03741850874011406, 0.05169520140759151]
A2: [-0.009108808747684681, -0.34680343260402163, 0.24945485548022436, 0.10645643564273086] - [0.08003992031093332, 0.03628235882419212, -0.0502500089285269, -0.0660718552863243] - [-0.04245282406762559, 0.23083188600052734, -0.04053125048478251, -0.147847844070872] - [0.06813471037058212, -0.2934679275344629, 0.14177116650606428, 0.08356178375588075]
B1: 4.376018425688365e-08 - 3.222485768098402e-08 - -2.1378737547008426e-08 - -3.368426603647116e-08
B2: 1.1697206329401652e-08 - 1.3779702162180908e-08 - -8.15929047087378e-09 - 5.32529216220293e-09
