Number: 7855
Error: 5.659400544785615e-16
A1: [0.08043166838461997, -0.1804678270486768, -0.01958887325381063, 0.11962495544006581] - [0.03741565792827815, 0.13359646405049022, -0.1347261084190577, -0.03628574720605618] - [-0.0017028293739656038, 0.22819010614581073, -0.12282839299120667, -0.10365892058286942] - [0.03886321758359704, -0.11448103535068276, -0.04641645823057062, 0.12203421111787625]
A2: [0.03530742275029815, -0.02927349616411069, -0.07569736926263482, 0.06966338648675134] - [0.10289373490585778, 0.2828966853665202, -0.3926064114989193, 0.006815979495794277] - [-0.011187032383452112, 0.5390146586978956, -0.3594509515008286, -0.16837639332486878] - [0.09786282444118045, 0.017463341642708394, -0.1688509866843126, 0.053524904660078816]
B1: -4.346835665698153e-08 - -2.3701806739099278e-08 - -2.205268505256045e-09 - -1.9616481626401054e-08
B2: -2.7848315122923767e-08 - -8.875893618311956e-09 - -1.0978889856516205e-08 - -3.310238007443488e-08
