Number: 9692
Error: 3.734852584360363e-15
A1: [0.053172253046214465, -0.1480015681794651, -0.026999344087903242, 0.12182752474469537] - [0.005313116083008673, 0.13083608990082876, -0.11360134741621863, -0.02255036796128904] - [-0.014444570714007968, 0.22309152665723364, -0.12704127366021536, -0.08160602716998608] - [0.02714636075819701, -0.10002013737598026, -0.04942460794717422, 0.12229802081370339]
A2: [0.08925522372040164, -0.07291260965351465, -0.123626675558522, 0.10728715489091754] - [0.10884206838845856, 0.24981452076039073, -0.4048449566698375, 0.04618982539151235] - [0.036635740671607124, 0.46255492915505697, -0.37771763666429026, -0.1214734607529949] - [0.14342745625727016, -0.04460560407617635, -0.2014985365518776, 0.10268090072947236]
B1: 9.793732499963027e-08 - 1.2942161693556233e-08 - -3.4132996133545806e-08 - -5.833295424152225e-08
B2: -2.0331472100234325e-07 - 5.9017574931834534e-08 - 1.666178437403646e-07 - -1.451977314793971e-07
