Number: 1733
Error: 3.7691943235666585e-07
A1: [-0.008159645097110126, -0.01598251052880583, 0.0019906500260743237, 0.018440804234938424] - [0.06693977620704111, 0.18999376198458856, -0.14661947887018484, -0.10973668426681911] - [-0.11149035916572547, 0.4428397572138751, -0.0696695928029994, -0.25691392709311855] - [-0.02172393029692824, 0.01694809594917514, -0.02827406537481606, 0.040646732958951104]
A2: [0.13045575510445245, -0.22572262858680114, 0.021561971727241214, 0.06905380716424023] - [0.033300885727777424, 0.20439423407387128, -0.1142360606146403, -0.12081235813385148] - [-0.09903314124160686, 0.5512269831462923, -0.23951467500958445, -0.22995667964565264] - [-0.020652662852474857, -0.019093857683605248, 0.008291919060982667, 0.03234399697616204]
B1: -0.0004444166168363284 - 0.0003232297978792533 - 0.0004546752034944175 - -0.0008364317741374113
B2: 2.0398014739047578e-05 - 0.0013914090326011905 - 0.00028751387993865795 - -7.619525939756857e-06
