Number: 8777
Error: 6.557966109833618e-08
A1: [0.08045786795443975, -0.1804416154620337, -0.019562694149583403, 0.11965115705200544] - [0.03720693422620842, 0.13338789433611573, -0.13493439906533258, -0.036494355689993395] - [-0.0015794262683296147, 0.2283135323059857, -0.12270516502907754, -0.10353554256642519] - [0.03885251792590482, -0.11449169771689618, -0.04642713485524984, 0.12202352125166792]
A2: [0.035482601304758395, -0.02909793208159561, -0.07553077519640333, 0.06984671361267746] - [0.1031126556986727, 0.2831173788578947, -0.39239464301302657, 0.007045214417154959] - [-0.010993456495041075, 0.5392093102003147, -0.3592676979730272, -0.16817242761394702] - [0.09808828410638046, 0.01768973051322909, -0.16863632829054442, 0.053761551338470326]
B1: 6.749191496642555e-05 - 7.23234979890515e-05 - 0.00011955031249595959 - 7.855035706392835e-05
B2: -0.00015922084513781437 - -0.00010369533272677552 - -0.00019826117449465953 - -0.00019787027824341832
