Number: 8555
Error: 9.163468193987186e-16
A1: [0.08043166610603625, -0.18046782932696734, -0.019588875529685818, 0.11962495316175546] - [0.03741553159583973, 0.1335963378137424, -0.1347262344995554, -0.03628587346839162] - [-0.0017027743356447375, 0.2281901611829486, -0.12282833803348121, -0.10365886555923633] - [0.0388632279838483, -0.11448102497953128, -0.04641644783692781, 0.12203422151172008]
A2: [0.035307312588825676, -0.029273606630249468, -0.07569747400306698, 0.06966327119108698] - [0.10289372267945261, 0.2828966730363742, -0.3926064233241316, 0.006815966692965449] - [-0.011187197723168216, 0.539014492372028, -0.3594511079988496, -0.16837656754868413] - [0.09786270166541035, 0.017463218308464337, -0.1688511035591665, 0.053524775785758476]
B1: 1.880365851585084e-08 - -1.1819082325251221e-09 - 2.0550747132102807e-08 - 2.2545760429252573e-08
B2: 4.112992662430958e-08 - -3.242275728699784e-08 - 2.538640852300126e-08 - 3.4733412829269644e-08
