Number: 5501
Error: 3.9203507399613524e-13
A1: [0.06621307803049184, -0.11395218104136565, -0.023984053849428043, 0.07172276467367682] - [0.037403324108380535, 0.1881940496857883, -0.14740824684732345, -0.07818631018381161] - [-0.06023003139595961, 0.3289501661629727, -0.12775375559238208, -0.14096896464299513] - [0.03904468583347773, -0.053324084479930395, -0.03742001578430355, 0.05169370660022568]
A2: [-0.009106248404755279, -0.346800716490219, 0.249457436536726, 0.10645912000666681] - [0.08004214379151352, 0.03628475414828455, -0.05024757879594455, -0.06606940451490263] - [-0.0424523016931646, 0.2308324625203088, -0.040530690687553564, -0.1478472663424391] - [0.06813526169225742, -0.2934673205100016, 0.14177176419103316, 0.08356240189162382]
B1: 1.3686310407397002e-07 - 7.081535035304911e-07 - 5.535052601637082e-07 - 6.025494821524549e-07
B2: 1.8089710244937619e-07 - -9.560194614526786e-07 - 1.3190436222670924e-06 - -4.863149380769871e-07
