Number: 9609
Error: 4.348910097836051e-15
A1: [0.053172742179127416, -0.14800107887166097, -0.0269988554966651, 0.1218280141121602] - [0.005313660437248572, 0.13083663482358499, -0.1136008031461565, -0.022549822839062327] - [-0.014444420832225378, 0.22309167659330334, -0.12704112389769368, -0.08160587723352143] - [0.02714609119669397, -0.1000204069408682, -0.049424878079385164, 0.1222977505644086]
A2: [0.08925421614900422, -0.07291361489248857, -0.12362766042590298, 0.1072861348974911] - [0.10884179704571345, 0.24981424936842175, -0.4048452226399686, 0.04618954948316892] - [0.03663586928760674, 0.4625550571022423, -0.3777175111796781, -0.1214733308024513] - [0.14342557911315554, -0.044607474231084056, -0.20150036942387237, 0.10267899573442116]
B1: -1.640358981547594e-07 - 3.6565792031947963e-07 - 2.9841124626325776e-08 - 2.9046962431042642e-08
B2: 1.7771674611783934e-07 - 3.1497215156909015e-08 - 6.627056563861248e-08 - -5.288739846582433e-08
