Number: 6914
Error: 9.328678380732282e-16
A1: [0.08043167518997091, -0.18046782024408622, -0.01958886645659915, 0.11962496224463826] - [0.03741558657059232, 0.13359639274682258, -0.13472617963456823, -0.036285818524212636] - [-0.001702825166166039, 0.22819011035352427, -0.12282838878957215, -0.10365891637619834] - [0.03886322757039973, -0.11448102539189275, -0.04641644825012974, 0.12203422109847475]
A2: [0.0353073742826596, -0.0292735447658296, -0.07569741534503334, 0.06966333576009806] - [0.10289376885603628, 0.282896719604815, -0.3926063786627615, 0.006816015046579462] - [-0.011187153652048663, 0.5390145367059975, -0.359451066284289, -0.16837652110972415] - [0.09786279082042477, 0.01746330786901668, -0.16885101868912553, 0.053524869369258654]
B1: 2.1098579827734834e-08 - -6.617588153576599e-09 - -6.173228673649788e-10 - 1.3218276716350275e-10
B2: 1.5088266708155162e-09 - 4.62202259241529e-09 - 8.970976913293217e-09 - 4.457327471850507e-09
