Number: 6467
Error: 9.466504662233338e-16
A1: [0.0804316924952593, -0.18046780294075818, -0.019588849172002945, 0.11962497954795036] - [0.03741559575313918, 0.1335964019224191, -0.13472617047031804, -0.03628580934675183] - [-0.001702814984316987, 0.22819012053515925, -0.12282837862263173, -0.10365890619706686] - [0.03886323410300722, -0.1144810188776197, -0.046416441721684194, 0.12203422762702287]
A2: [0.03530745358394613, -0.029273465245205802, -0.07569733994638721, 0.06966341875750218] - [0.1028937500432818, 0.28289670063239386, -0.3926063968582115, 0.006815995346876234] - [-0.011187092747071498, 0.5390145979742543, -0.3594510086364157, -0.16837645693200504] - [0.0978628136256143, 0.01746333077794111, -0.1688509969800661, 0.053524893307290454]
B1: 1.393027658465897e-09 - 3.502261111735823e-09 - -7.293143471688945e-10 - 1.8386373293380227e-09
B2: 2.15610391678399e-09 - -3.3158695890721313e-10 - 4.157296652014254e-09 - -1.7256255573662168e-09
