Number: 6614
Error: 9.20389602241006e-16
A1: [0.08043168179524023, -0.18046781363956546, -0.01958885985922787, 0.11962496884915333] - [0.03741559833606954, 0.13359640450339494, -0.13472616789253414, -0.036285806765252386] - [-0.0017028500006533228, 0.22819008551956937, -0.1228284135876987, -0.10365894120405796] - [0.03886324512855168, -0.11448100788301671, -0.046416430703165194, 0.1220342386457147]
A2: [0.035307468439833414, -0.02927345034822855, -0.07569732582160228, 0.06966343430580316] - [0.10289376026223665, 0.2828967109380783, -0.3926063869745726, 0.0068160060476162125] - [-0.011187054432523607, 0.5390146365173336, -0.3594509723708739, -0.16837641655861546] - [0.09786284207061124, 0.017463359352325538, -0.16885096990227697, 0.05352492316528506]
B1: 4.639604394219884e-09 - 7.031241856542203e-09 - 1.221705807924134e-08 - 7.409885881410108e-09
B2: 8.507866531448267e-09 - 1.6458544089683556e-08 - -1.3346123325517042e-08 - 2.017015673324522e-08
