Number: 6874
Error: 1.078167838412362e-15
A1: [0.08043165413414836, -0.18046784129752397, -0.019588887487246114, 0.1196249411912203] - [0.037415558562767647, 0.1335963647601959, -0.1347262075865877, -0.03628584651652282] - [-0.0017028435453631953, 0.22819009197471937, -0.12282840714185954, -0.10365893475049037] - [0.03886320107235415, -0.11448105181557476, -0.04641647473129108, 0.12203419461689793]
A2: [0.035307435337604845, -0.02927348354201427, -0.07569735729476795, 0.06966339966071934] - [0.10289380319905778, 0.28289675423930866, -0.3926063454466406, 0.006816051008741952] - [-0.011187131726631038, 0.5390145587621924, -0.3594510455314044, -0.16837649800614407] - [0.0978628162974988, 0.017463333461977346, -0.16885099443659968, 0.05352489611189265]
B1: 1.977246618111539e-08 - -5.6749287675364176e-09 - -3.7186663920630387e-10 - 7.31051600876694e-09
B2: 5.0654256532389525e-09 - 7.957725558211839e-09 - 2.714508934381158e-09 - 7.162616196963833e-09
