Number: 7843
Error: 8.311721607150888e-16
A1: [0.08043164254614234, -0.18046785288422731, -0.01958889906139171, 0.11962492960454009] - [0.037415557926525074, 0.13359636412443143, -0.1347262082215461, -0.03628584715240808] - [-0.0017028389361812444, 0.22819009658379955, -0.1228284025394211, -0.10365893014253269] - [0.038863177614559596, -0.11448107520755152, -0.04641649817413678, 0.12203417117368141]
A2: [0.03530729840785899, -0.029273620850456587, -0.07569748748599266, 0.06966325634906008] - [0.10289373326416691, 0.282896683710896, -0.3926064130867423, 0.006815977776705548] - [-0.011187041975949098, 0.5390146490481866, -0.35945096058034687, -0.168376403432805] - [0.09786278235945842, 0.017463299369576, -0.16885102674343472, 0.05352486048802272]
B1: 1.1081741220069972e-08 - 6.415165042252896e-10 - 2.892996292245344e-08 - 1.705054960962304e-08
B2: -6.428107885893563e-09 - 5.357911507940122e-08 - -2.236110899454989e-09 - -3.783064740631803e-09
