Number: 2221
Error: 0.00024587175804371086
A1: [0.015554953552472182, -0.08073047173472525, -0.05314341710301328, -0.015466934215369585] - [0.03220179558223776, 0.16625613815030663, -0.17765838116287255, -0.13089963064647353] - [-0.17933793865755798, 0.3695237199916117, -0.14826967227697258, -0.23650077477322454] - [-0.010373445630673609, -0.005613955768732692, -0.04922872112833415, -0.04853100849486624]
A2: [0.035984464387105675, -0.2509776409155157, 0.04254813405769872, -0.010486585022712408] - [0.06414325248146337, 0.23180889109736988, -0.06607165478138212, -0.09651073930228117] - [-0.08142285523732191, 0.5445680700875346, -0.1981438312367493, -0.18538338127860443] - [0.04682982570850274, 0.12209724222161701, 0.0393630572887284, 0.14128596600036267]
B1: -0.03568282760100269 - -0.04209248651731 - 0.002136117025991897 - 0.007309824016246854
B2: -0.016007664748454307 - 0.01614636520260159 - 0.0029686293773914 - -0.012842503986438773
