Number: 1599
Error: 9.333698373698373e-08
A1: [-0.008046993974148611, -0.015860291059335778, 0.0021054981279342746, 0.018566512201186793] - [0.06507071965059874, 0.18819495858849639, -0.1485508019656054, -0.11181514337504135] - [-0.10841219124504178, 0.4458772572198949, -0.06643789346003694, -0.2535790335469273] - [-0.023920505178100418, 0.014801017542642157, -0.0304969832454943, 0.0383263614491688]
A2: [0.13183446830725334, -0.2243875757311435, 0.022909551680882777, 0.07040064606302023] - [0.03286710133560116, 0.20396631008671043, -0.11466777606233557, -0.1212410953326926] - [-0.09464323843746521, 0.5555207708190668, -0.23522036051250933, -0.22565535484495347] - [-0.021076989127368696, -0.019530362312582417, 0.007863423832539568, 0.03193722285306452]
B1: -0.00013202135234644303 - -0.0009058621525305811 - 0.0005590490691221493 - -0.00034953541034523353
B2: 0.00027706943615270435 - -0.0006592902412327586 - -0.0005623178815991521 - 0.0002635518822146228
