Number: 3192
Error: 0.0035524443769013995
A1: [-0.034217276090443116, -0.1500401869551938, -0.12237945285564622, -0.08740447736007056] - [0.06352909848224168, 0.20995653515396945, -0.12405320553532502, -0.07370705892423604] - [-0.27006735875678206, 0.26759970799947336, -0.25144279905573846, -0.33027805702640994] - [-0.16589778930014604, -0.1814444116677026, -0.22841559671292996, -0.2120008436725926]
A2: [-0.00638335975355403, -0.2328647795322109, 0.029329591324670935, -0.02061327902480659] - [0.04919776125340932, 0.22070805839419416, -0.08135935063178434, -0.10904100471698254] - [-0.09375115437165682, 0.5159227064971853, -0.2282855879683547, -0.20409780722507534] - [0.05741701058565084, 0.10148317048990328, 0.023726340785224592, 0.11253989862714699]
B1: 0.015375839720479435 - -0.00796936389097877 - 0.014788824300631342 - 0.012729278438950161
B2: -0.01656831519414344 - 0.02185981646939436 - -0.050076750698079917 - -0.10213100706016817
