Number: 1020
Error: 0.001996517082779364
A1: [-0.03168261004778313, -0.039470901052703296, -0.014359325931421682, -0.011398810872241386] - [0.08073681310290998, 0.20317533775620178, -0.1313352811005476, -0.09400690930412935] - [-0.0932777724929502, 0.4228699346224802, -0.06791556958826224, -0.2693928461477508] - [0.12104650011695785, 0.10666210046751923, 0.10766163971598876, 0.16161254397456856]
A2: [0.09323093349773771, -0.254361441114743, -0.055991218960004904, -0.052368998085253075] - [0.06644361627717063, 0.23575750501796042, -0.08518354616081149, -0.09159748812573335] - [-0.15291600178452025, 0.5096575559410443, -0.2927389341555879, -0.31712829107459334] - [-0.04733393672043058, -0.050245988118369826, -0.03635207025647347, -0.026257779357432308]
B1: 0.05113684230999391 - -0.020454520833175352 - 0.028153267733627835 - 0.024438000379804148
B2: -0.01574568241005865 - -0.007612873305979945 - -0.03296702609900461 - -0.012834151093955715
