Number: 6723
Error: 1.1298775630987683e-15
A1: [0.08043167253948505, -0.1804678228942724, -0.019588869103915947, 0.11962495959445525] - [0.037415579676337136, 0.13359638585778583, -0.13472618651508705, -0.03628582541464866] - [-0.0017028315378713025, 0.2281901039819556, -0.1228283951519478, -0.1036589227462026] - [0.03886322060450814, -0.11448103233823521, -0.04641645521158259, 0.1220342141369128]
A2: [0.03530742913270117, -0.029273489764079754, -0.07569736319431104, 0.06966339316661425] - [0.10289375638847602, 0.28289670703144093, -0.3926063907212233, 0.006816001991222632] - [-0.011187126590307777, 0.5390145639291541, -0.3594510406697591, -0.16837649259382195] - [0.09786278878360487, 0.017463305822932658, -0.16885102062804258, 0.053524867231258266]
B1: -3.4501295379256506e-09 - 3.371621365774562e-09 - -1.0258511397675536e-08 - -6.042069209242685e-09
B2: -5.970036274899473e-09 - -4.45503163945762e-09 - -5.386839906830396e-09 - -4.387459238159182e-09
