Number: 5401
Error: 9.540933892577344e-16
A1: [0.0662131482596507, -0.11395211238457102, -0.023983983675973774, 0.07172283478362967] - [0.03740262080026901, 0.1881933777215157, -0.14740893825365758, -0.078187001651581] - [-0.060229543263493335, 0.3289506349886736, -0.12775327793277835, -0.14096848955334376] - [0.03904619138040203, -0.05332265546299465, -0.03741855919871392, 0.05169515135866864]
A2: [-0.009108461701214413, -0.3468030644425228, 0.2494552053342501, 0.10645679950163006] - [0.08003977672374657, 0.03628220413984766, -0.05025016586067936, -0.06607201355125798] - [-0.04245289106230047, 0.2308318120613504, -0.040531322278980514, -0.14784791816412687] - [0.0681346468857876, -0.29346799743352514, 0.14177109768247947, 0.08356171257833356]
B1: 1.07208940806244e-08 - -1.9010844793615867e-08 - -1.436562083442291e-08 - -1.9733634603229958e-08
B2: -2.0620696399136174e-08 - -4.046198943163992e-08 - -1.9040961009424375e-08 - 1.9947285008140842e-08
