Number: 1341
Error: 5.0895636727915525e-09
A1: [-0.0074030409247081205, -0.015211233486489588, 0.002773343187680855, 0.01923336098848066] - [0.06671212542039871, 0.18977412859838383, -0.14685369162632214, -0.10998982982315313] - [-0.11297145898744812, 0.44140705576559447, -0.07119153020378337, -0.25851794755045476] - [-0.023377072061638846, 0.015336627442126174, -0.029942253699784777, 0.03890344899911092]
A2: [0.13162175362672127, -0.22459356330509886, 0.022701862457715192, 0.0701953739350007] - [0.032785636436324754, 0.20388635395266896, -0.11474957641052999, -0.12132112750491555] - [-0.09431626011099735, 0.5558419285844999, -0.23490091813519637, -0.22533383958871242] - [-0.021006185954057354, -0.019452343199607005, 0.00794085974713906, 0.03200977065132597]
B1: -7.619556268051047e-05 - -5.204441011486559e-07 - -3.54454411193722e-06 - -5.300123628519057e-05
B2: -3.0224220076220516e-06 - -7.367947816145368e-05 - 0.0001470106233983279 - 2.047202243815751e-05
