Number: 9304
Error: 3.0044982396064764e-10
A1: [0.053204098185791256, -0.1479697123301709, -0.02696751474083688, 0.12185938438131387] - [0.005361417772448097, 0.1308844560952122, -0.1135530190902512, -0.022501986537907623] - [-0.014510454436757272, 0.2230256169850747, -0.12710709029873057, -0.081671929474846] - [0.02722708385120807, -0.09993941044802365, -0.04934368621556387, 0.12237895353418082]
A2: [0.0892359426441272, -0.07293180427939307, -0.1236455350306875, 0.10726764702829097] - [0.10885347441030167, 0.2498259546185518, -0.40483378611163656, 0.04620143020193998] - [0.03660338178891746, 0.4625227460361613, -0.37774920668516077, -0.12150616047284683] - [0.14344222677325602, -0.044590904573012465, -0.2014841134837592, 0.10269587580652456]
B1: 5.802645333563581e-05 - 3.1837252791513715e-05 - 6.6055197345745724e-06 - 3.8660256126543915e-06
B2: 7.18640133209938e-07 - 1.9950776695912996e-05 - 2.274247041129319e-05 - -3.402012037240141e-07
