Number: 9063
Error: 0.00017649548119269857
A1: [0.043055406457723856, -0.1658019754331317, -0.04020666120127502, 0.10842556868191307] - [0.02651144252121134, 0.14809781388309978, -0.09601560511110575, -0.0040865923352878235] - [-0.03300886165628904, 0.21134794560692155, -0.13663056276399616, -0.09418645230903923] - [0.038444917090382086, -0.08902646153077855, -0.03649996405769215, 0.13352590936184097]
A2: [0.008170134476543389, -0.1546568404677308, -0.19235736464621342, 0.026349927391658343] - [0.24880833392217883, 0.38446748384412976, -0.2744274930190255, 0.183296040981986] - [0.11402437170938282, 0.5411804032656692, -0.3076065767989508, -0.04464866280388694] - [0.16159574261710802, -0.02739518536225086, -0.18624859676308936, 0.11993895439392095]
B1: -0.02821710559409092 - 0.0034810248147822 - 0.016566822308840903 - -0.011613697686333573
B2: -0.0140679881864724 - -0.0028395588985230154 - 0.009015737230712969 - -0.0018508665944237607
