Number: 6814
Error: 6.625026455222441e-16
A1: [0.08043168754236213, -0.18046780789309322, -0.01958885411897901, 0.11962497459561845] - [0.03741558671366036, 0.13359639288978373, -0.13472617949178653, -0.0362858183812239] - [-0.0017028380144537656, 0.22819009750551197, -0.12282840161904822, -0.10365892922105682] - [0.03886322817418476, -0.1144810247898011, -0.04641644764673021, 0.12203422170188448]
A2: [0.03530746584040237, -0.02927345295485088, -0.07569732829310134, 0.06966343158520785] - [0.10289372263971348, 0.2828966729962475, -0.3926064233625836, 0.006815966651331203] - [-0.011187074293597467, 0.5390146165377913, -0.3594509911697925, -0.16837643748694486] - [0.09786282578308976, 0.017463342990714857, -0.16885098540693216, 0.053524906068675826]
B1: -2.0066882683931604e-08 - -2.0108688912367095e-08 - -1.6972284280934193e-08 - -1.819371422876015e-08
B2: -1.2965188889399695e-08 - -1.8389066226658577e-08 - -1.7674950683659034e-08 - -1.6975518811372173e-08
