Number: 9776
Error: 5.556978024579389e-16
A1: [0.053172541835436085, -0.14800127928370257, -0.026999055616424173, 0.12182781367320708] - [0.00531376876904554, 0.13083674327199815, -0.11360069482763702, -0.022549714355070617] - [-0.014444396136609331, 0.22309170129894185, -0.12704109922057222, -0.08160585253029233] - [0.02714642939723464, -0.10002006873662463, -0.04942453916276204, 0.12229808962727651]
A2: [0.0892545625619255, -0.07291326928242016, -0.1236273218208251, 0.10728648558006602] - [0.10884170616062806, 0.24981415846891505, -0.404845311723227, 0.04618945706888205] - [0.03663583253220649, 0.4625550205375053, -0.3777175470407196, -0.12147336793983171] - [0.1434263026412301, -0.04460675339469647, -0.20149966295805485, 0.10267972999800792]
B1: -6.937460344051668e-08 - 1.9406844413309227e-08 - 2.0599141944821333e-08 - 2.461181909964021e-08
B2: 7.997356442937566e-09 - -1.97729020979365e-08 - 1.0646993666706413e-08 - -6.237663116955996e-09
