Number: 6687
Error: 9.96038643288774e-16
A1: [0.08043167444893468, -0.18046782098503913, -0.019588867196749384, 0.11962496150368684] - [0.03741556990840722, 0.13359637609724898, -0.13472619626355434, -0.036285835177167804] - [-0.0017028361906707007, 0.22819009932925546, -0.12282839979793486, -0.10365892739776025] - [0.03886321427308285, -0.114481038651892, -0.04641646153897341, 0.12203420780942256]
A2: [0.03530742242584774, -0.02927349648948346, -0.0756973695711002, 0.0696633861471631] - [0.10289376761930327, 0.2828967183575857, -0.3926063798589149, 0.006816013751541376] - [-0.011187176631900197, 0.5390145135890844, -0.35945108803520365, -0.16837654532440768] - [0.0978627673933458, 0.01746328433537642, -0.16885104099018058, 0.05352484477844503]
B1: -1.1859102487710178e-09 - 1.831938278988184e-08 - -2.270718812930381e-08 - -8.847325013398198e-09
B2: -6.394400822136035e-09 - -4.996069518454784e-09 - 1.4326318459331603e-10 - -1.1102743274270044e-08
