Number: 4369
Error: 1.110818264828389e-15
A1: [0.06621304663955946, -0.11395221173387667, -0.023984085216364574, 0.07172273333405836] - [0.037402664870509326, 0.1881934198274801, -0.14740889492934992, -0.0781869583234296] - [-0.06022946529055847, 0.3289507098778648, -0.12775320163302623, -0.140968413664166] - [0.039046090430555715, -0.053322751281048415, -0.037418656864597936, 0.05169505448586669]
A2: [-0.009108450088842372, -0.3468030521233906, 0.24945521704107695, 0.10645681167677622] - [0.08003985554701176, 0.03628228905492791, -0.05025007971180835, -0.0660719266705878] - [-0.04245270913364266, 0.23083201284870866, -0.040531127317156336, -0.14784771695829863] - [0.06813464698979362, -0.2934679973194811, 0.14177109779538113, 0.08356171269429014]
B1: -5.4630818888772894e-08 - 1.95901512603081e-08 - 2.6078353267580203e-08 - -5.4837124917636693e-08
B2: 1.6886492355641184e-08 - 5.4594646623419095e-08 - -1.9393878881705836e-08 - -1.044853157771866e-07
