Number: 1546
Error: 1.540188653636934e-08
A1: [-0.007685958860261134, -0.015496972682658674, 0.002478509772684573, 0.018942456949639464] - [0.06711830729758594, 0.19016490209065587, -0.146433796625325, -0.10953800269964925] - [-0.1128344301197585, 0.4415407433168811, -0.07104928484205766, -0.25836941806779895] - [-0.022841087731043284, 0.01586306584711045, -0.029395410866399692, 0.039469431806162567]
A2: [0.1317287053577322, -0.2244884330469185, 0.02280667294409943, 0.07030032059605038] - [0.03275060780889626, 0.2038518131215568, -0.11478430828729753, -0.12135548250101726] - [-0.09470598595398383, 0.5554574389138167, -0.23528458556881562, -0.22571752710537987] - [-0.02073797272728846, -0.01918771130788192, 0.008206143032043244, 0.03226769294434854]
B1: 0.00011153900486411446 - 1.9443152180037838e-05 - 6.983599519526604e-05 - 0.000103498417087467
B2: -0.0001197604293758743 - 0.00011606434282701589 - -7.953960763698423e-05 - 0.00021408827260505653
