Number: 8546
Error: 9.289183884160438e-16
A1: [0.08043168468008717, -0.18046781075502, -0.019588856977845667, 0.11962497173368501] - [0.037415586554596945, 0.1335963927309067, -0.1347261796503003, -0.03628581854007642] - [-0.0017027550261197774, 0.22819018049206186, -0.12282831875222698, -0.10365884625486455] - [0.038863249632173864, -0.11448100339195727, -0.04641642620239687, 0.1220342431465919]
A2: [0.03530753225467703, -0.029273386356867735, -0.07569726514700123, 0.06966350109463677] - [0.10289380227649542, 0.2828967533089387, -0.3926063463388134, 0.006816050042553427] - [-0.011187143139481362, 0.5390145472812654, -0.3594510563340586, -0.1683765100321067] - [0.09786288333784388, 0.017463400807219337, -0.16885093061833886, 0.05352496648219069]
B1: 2.5688052884466068e-08 - -2.287134931502931e-08 - 4.053668292480117e-08 - -2.6723630213041895e-09
B2: 3.882806795535996e-08 - -3.3472995366375095e-08 - 3.437952612098416e-09 - 2.9350740688303227e-08
