Number: 8201
Error: 9.947154065519775e-16
A1: [0.08043171180356135, -0.18046778363467667, -0.0195888298868451, 0.11962499885400894] - [0.0374155784706805, 0.13359638465308887, -0.13472618771819728, -0.03628582661955322] - [-0.0017028082698234566, 0.22819012724949814, -0.12282837191797738, -0.10365889948436782] - [0.03886325021535801, -0.11448100281050104, -0.04641642561962285, 0.12203424372934304]
A2: [0.035307423420585564, -0.0292734954919429, -0.07569736862533381, 0.06966338718828845] - [0.10289379490086611, 0.2828967458706864, -0.39260635347247863, 0.006816042319247824] - [-0.011187094241093057, 0.539014596471268, -0.3594510100505118, -0.16837645850634775] - [0.09786270024245437, 0.01746321687903244, -0.1688511049136558, 0.053524774292058916]
B1: -1.1333496349793448e-08 - -1.1058765928269925e-08 - 1.514109993628411e-08 - 4.70502062231757e-08
B2: 1.7848144051334294e-08 - -1.5676717507575915e-09 - 1.1412614466695036e-08 - 1.1464255542041008e-08
