Number: 9921
Error: 1.196384278674967e-15
A1: [0.05317252204924941, -0.14800129907712106, -0.026999075380756046, 0.12182779387750567] - [0.005313796974962913, 0.13083677150751508, -0.11360066662595121, -0.02254968610934176] - [-0.014444469604889348, 0.22309162780379493, -0.12704117263065545, -0.08160592602477497] - [0.027146346939355432, -0.10002015119449242, -0.04942462179470072, 0.12229800695979831]
A2: [0.08925449519336728, -0.0729133364951437, -0.12362738767151454, 0.10728641738068055] - [0.10884181411841733, 0.2498142664457689, -0.40484520590374146, 0.04618956684308895] - [0.03663582309508276, 0.4625550111494606, -0.37771755624806136, -0.12147337747484695] - [0.14342626577451276, -0.044606790124099675, -0.20149969895522588, 0.10267969258429298]
B1: -3.852781845101508e-08 - 2.881330753942245e-08 - 6.803065044900359e-08 - 7.634808251598105e-08
B2: 3.51500818119677e-08 - -3.254478163488758e-10 - 3.4476367371764407e-08 - 7.978520603548344e-09
