Number: 9100
Error: 7.293365326863723e-05
A1: [0.07836169380683261, -0.12382858350953287, -0.0019374166357059306, 0.14600768504217757] - [0.02311467150274507, 0.14814057060282898, -0.09648521587952726, -0.005498757293542303] - [-0.018257574320715668, 0.21970848253458009, -0.12957846668733258, -0.08421012456943047] - [0.05066572567919724, -0.07708633431464272, -0.02566899732790378, 0.14533980334706764]
A2: [0.09650333628885102, -0.06557678058141303, -0.11459754035182154, 0.11497488637334423] - [0.1336425339268126, 0.2739710299080927, -0.3803454909208566, 0.07118985895667462] - [0.032954415479539895, 0.4597812506470275, -0.38110415676644643, -0.12513134500108247] - [0.1560805455568638, -0.032074185938760824, -0.1899513277837648, 0.11532798090180603]
B1: -0.005704484156646164 - -0.01002079267425045 - 0.004185808153946105 - -0.003025162402452173
B2: 0.003038934701178247 - 0.0038275401239933568 - 0.0019672105843118247 - 0.004387266645192471
