Number: 668
Error: 2.8885992776953807e-14
A1: [-0.012152404966136485, -0.014516154427899877, 0.018088376398673157, 0.008584154066969083] - [0.06583531370939823, 0.18949533620799788, -0.14532248931691222, -0.11000847358809104] - [-0.09629267995264702, 0.4217864707835891, -0.053456905628110514, -0.2720352750990651] - [-0.0013201896944173167, -0.018217984485395668, -0.0038337156868508957, 0.023378258368315235]
A2: [0.1615865404588459, -0.16775495021969983, 0.008501157176778415, -0.0023332453083064674] - [0.03548576639062489, 0.2075167639492129, -0.11721038153111663, -0.1257919876184079] - [-0.0862137261218785, 0.5815379440567683, -0.23538890318189076, -0.25993574510435874] - [-0.0038349165836163786, -0.004519239933755633, 0.0011103070763954172, 0.007243441287719734]
B1: -1.6088087992832154e-07 - 1.5240283866059923e-07 - -1.0179669506570608e-07 - -5.580325954175771e-08
B2: 2.1683363316809243e-07 - 4.5796714444908504e-07 - -5.534935630112333e-07 - -3.221751221139727e-07
