Number: 6242
Error: 1.04792841209295e-15
A1: [0.0804316538924386, -0.18046784153920295, -0.01958888772866495, 0.11962494094954118] - [0.037415557693516614, 0.1335963638916062, -0.13472620845410582, -0.03628584738528864] - [-0.0017028292707135695, 0.22819010624907013, -0.12282839288811151, -0.1036589204796482] - [0.03886321461915452, -0.11448103830679003, -0.04641646119312264, 0.12203420815528235]
A2: [0.03530743650987241, -0.029273482366506662, -0.07569735618018632, 0.06966340088762255] - [0.10289371552402518, 0.2828966658201667, -0.3926064302447773, 0.006815959200152394] - [-0.011187142573299506, 0.5390145478508326, -0.35945105579799447, -0.16837650943568183] - [0.09786278613660665, 0.017463303163893627, -0.16885102314780678, 0.053524864452762576]
B1: 2.7594075233809967e-09 - -1.0924359016228896e-08 - -7.761300017070654e-09 - -7.032318392226433e-09
B2: -1.2176023248085053e-08 - -1.2408625624495733e-08 - 5.270755632929746e-09 - -2.453368285436161e-09
