Number: 6105
Error: 4.229604956097822e-15
A1: [0.08043168422612176, -0.18046781120899166, -0.01958885743126651, 0.11962497127973917] - [0.037415642811796046, 0.13359644894541806, -0.13472612350545046, -0.03628576231418272] - [-0.0017027334111484756, 0.22819020210657343, -0.12282829716890187, -0.10365882464570914] - [0.03886287942295068, -0.1144813725623169, -0.04641679617574396, 0.12203387316739137]
A2: [0.03530725978556584, -0.02927365957962672, -0.07569752420725548, 0.06966321592640716] - [0.10289391033622212, 0.28289686228576916, -0.3926062418249957, 0.00681616319704069] - [-0.01118725084167764, 0.539014438936665, -0.35945115827625723, -0.16837662352189248] - [0.09786297068159096, 0.017463488548317672, -0.16885084747298149, 0.05352505816502115]
B1: 3.140713759699798e-08 - 1.6106292725601845e-07 - 8.892601733723927e-08 - 9.545981150040757e-08
B2: 2.9956746147455686e-07 - 4.058798888974372e-07 - -5.008379836703041e-07 - -3.757161997779896e-08
