Number: 9932
Error: 1.1191426223478096e-15
A1: [0.0531725559593704, -0.14800126515452552, -0.02699904150799141, 0.12182782780400082] - [0.0053137620066630985, 0.13083673650255903, -0.1136007015889385, -0.02254972112693907] - [-0.01444447305231582, 0.22309162435511498, -0.1270411760753386, -0.08160592947341652] - [0.027146350081089673, -0.1000201480527922, -0.0494246186463615, 0.12229801010950407]
A2: [0.08925443025640575, -0.07291340128194934, -0.12362745114541922, 0.10728635164299763] - [0.10884183475007536, 0.24981428708106937, -0.40484518568072936, 0.046189587821878285] - [0.03663599353607631, 0.46255518070362306, -0.3777173899572985, -0.12147320526613543] - [0.14342654420055895, -0.044606512735051264, -0.20149942709626056, 0.10267997514104357]
B1: -3.2036843009666403e-09 - 2.5814478889431637e-08 - -1.8116008419466507e-09 - -2.4749847953295693e-08
B2: 2.38793709770445e-08 - 1.4624805422345963e-08 - 3.494288254006971e-08 - -3.5095292698253964e-08
