Number: 6632
Error: 6.836281141375341e-16
A1: [0.08043168120774351, -0.1804678142269956, -0.0195888604460221, 0.11962496826172371] - [0.037415593427778455, 0.13359639959881872, -0.13472617279104532, -0.03628581167082457] - [-0.001702845787976979, 0.2281900897321559, -0.12282840938119045, -0.10365893699250586] - [0.0388632402203243, -0.11448101277746976, -0.04641643560826493, 0.1220342337405379]
A2: [0.03530745807919106, -0.029273460737527252, -0.07569733567236588, 0.06966342346226405] - [0.10289374359422095, 0.28289669412859886, -0.39260640309565725, 0.006815988593764671] - [-0.011187094726847216, 0.5390145959826702, -0.35945101051031547, -0.1683764590181649] - [0.09786282307461945, 0.017463340269926984, -0.16885098798522655, 0.053524903225672014]
B1: -2.6064024853335513e-09 - 5.070160787066313e-09 - -3.7595673328793785e-09 - -3.7120315161969612e-09
B2: 6.688016360815139e-10 - 6.167607108214648e-09 - -1.864845745535448e-08 - 9.65872345816278e-09
