Number: 2875
Error: 7.91662564721953e-09
A1: [0.0632592092410014, -0.04804680896373396, -0.023617246018879722, 0.007681141062958236] - [0.04362046883465373, 0.19123076733776423, -0.1426070030383712, -0.0925573478499509] - [-0.12323492462060408, 0.4150693138296025, -0.10464925318935564, -0.1868644962156543] - [0.03722857337061873, 0.019391351689254294, -0.032909073229814546, -0.022829996342448707]
A2: [0.06387057343146889, -0.17325899968492697, 0.0867493984832622, 0.024378877484100517] - [0.029371646173380308, 0.20037929274426958, -0.10162882022736935, -0.1277932325502556] - [-0.09387674077706999, 0.5132238653535196, -0.22607424570643256, -0.1955508954149387] - [-0.02548984861744367, 0.018955586364721687, -0.049849471157783765, 0.057403395622712065]
B1: 0.0001731547768672239 - 1.9106191355101228e-05 - -0.000140531573276826 - -5.811943512144859e-05
B2: -5.04659861208297e-06 - 5.1999501550649226e-05 - 3.813418269483033e-06 - 6.813195893647545e-05
