Number: 951
Error: 1.2019358882602456e-06
A1: [-0.012102719698422235, -0.014465508669333039, 0.018143113686033087, 0.008636982768961613] - [0.0656522527486537, 0.18931918330785077, -0.1455117694186917, -0.11021233932089146] - [-0.09590190233829285, 0.42216366354529555, -0.05303308523584191, -0.2715802598654883] - [-0.0011271739329052912, -0.01803273609892523, -0.0036284459848909844, 0.023601245217537408]
A2: [0.16228674723630915, -0.1670677543835456, 0.009187396208273737, -0.0016503341354950198] - [0.03557373624005781, 0.20760333655551536, -0.11712273300948267, -0.12570586867852138] - [-0.08617571101112759, 0.5815753751853517, -0.23535181196629917, -0.25989850915137575] - [-0.004570860257700942, -0.005242770512455638, 0.0003818855793192081, 0.006539316960658386]
B1: -0.0007263326792944847 - -0.0006452978838730202 - -0.0003098969752227911 - 4.112428186807984e-05
B2: 0.0006638524449754543 - 0.0008964107479388382 - 0.0006022141219435424 - 0.00058608182559129
