Number: 9842
Error: 7.716079810263536e-16
A1: [0.053172487147488796, -0.14800133399171622, -0.026999110244058724, 0.12182775895890917] - [0.005313714181614537, 0.1308366886273439, -0.11360074940676064, -0.02254976901943493] - [-0.014444518781373655, 0.2230915786093138, -0.12704122176819413, -0.08160597521879555] - [0.027146447947324886, -0.10002005018659649, -0.04942452057357685, 0.12229810822449949]
A2: [0.08925449244598013, -0.07291333923618551, -0.123627390356981, 0.10728641459956688] - [0.1088415695957197, 0.24981402187993104, -0.4048454455832088, 0.04618931820624623] - [0.036635636312672824, 0.46255482533893866, -0.37771773848229584, -0.12147356619445929] - [0.14342619668649714, -0.04460685895477914, -0.2014997664136696, 0.1026796224713241]
B1: -4.658068182433431e-08 - -2.7742781187405373e-08 - -1.9321814013851834e-08 - 5.334995165081958e-09
B2: -2.8140757577445897e-08 - -2.2023200477522115e-08 - -2.9532102816294888e-08 - -7.521682100348932e-09
