Number: 5734
Error: 0.006238655963871048
A1: [0.051843539920245124, -0.20168558015266336, -0.052371277028, 0.09106763162002891] - [-0.0014170490977872194, 0.08595095149124247, -0.18549273216025294, -0.08027068792211182] - [-0.016293834339535428, 0.2500246494399566, -0.1308766948159878, -0.11054753893524541] - [0.08685147579714193, -0.021556252627541975, 0.016582335190008672, 0.1820951774561228]
A2: [-0.05400267946067305, -0.1148761034438302, -0.12256301305655025, -0.03398353598307452] - [0.006317600127460327, 0.19157441723348803, -0.46686398753552955, -0.11336642462680611] - [-0.09744901348865424, 0.45939997391810505, -0.41241085858500065, -0.27924989647942594] - [-0.0067653020479190445, -0.08141735839167177, -0.23614559843561564, -0.07433873682161488]
B1: -0.1587709587253917 - -0.35664730639666115 - -0.19068545424585817 - -0.19590190264670682
B2: -0.17771046948865798 - -0.15767230271178992 - -0.2634030240949252 - -0.1983189125461124
