Number: 7605
Error: 8.135710955464104e-16
A1: [0.08043172752130912, -0.18046776791868288, -0.019588814187842273, 0.119625014569994] - [0.03741563942623545, 0.13359644556245923, -0.1347261268842394, -0.03628576569785069] - [-0.0017027755671619657, 0.2281901599514687, -0.12282833926319207, -0.10365886679043007] - [0.03886327733584257, -0.1144809757661194, -0.04641639851640818, 0.12203427083298014]
A2: [0.035307419438296954, -0.02927349948528614, -0.07569737241164792, 0.06966338302038343] - [0.10289370793869398, 0.2828966581704748, -0.39260643758122526, 0.006815951257251597] - [-0.011187131220306496, 0.539014559271535, -0.3594510450521804, -0.16837649747258418] - [0.09786277577963944, 0.017463292759822724, -0.16885103300700155, 0.05352485358135662]
B1: 1.0071330087189843e-08 - 1.402373236357016e-08 - 2.3311835747145953e-08 - 1.873026801411407e-08
B2: 1.153585132617382e-08 - 1.4755850648547879e-08 - 1.9120836116202372e-08 - 1.2213341302062938e-08
