Number: 5462
Error: 1.0569497061948452e-14
A1: [0.06621301565478432, -0.11395224202645866, -0.023984116177096493, 0.07172270240105916] - [0.03740238694237165, 0.18819315428588562, -0.14740916815412555, -0.0781872315723438] - [-0.060229227593971105, 0.3289509381713145, -0.12775296903812108, -0.14096818231948863] - [0.03904598876118366, -0.053322847782138326, -0.03741875522667276, 0.05169495692248818]
A2: [-0.00910807381587432, -0.34680265295816626, 0.24945559635697837, 0.10645720617703142] - [0.08004084954053882, 0.03628335986892334, -0.05024899333476135, -0.06607083106974185] - [-0.04245229162895069, 0.23083247362997675, -0.04053067990450779, -0.14784725521662434] - [0.06813494602555668, -0.2934676680692492, 0.14177142197732304, 0.08356204796738242]
B1: 3.4896916282445127e-07 - 7.020286082949213e-08 - -5.795089208868228e-08 - -1.980105593656223e-07
B2: 3.10260948936059e-08 - 9.514118182536263e-08 - 1.391896464970339e-07 - 4.4268335156323643e-08
