Number: 7436
Error: 1.0913372300635142e-15
A1: [0.08043170970188045, -0.18046778573609126, -0.019588831985961678, 0.11962499675260344] - [0.03741561909875274, 0.13359642525036292, -0.13472614717121878, -0.03628578601407168] - [-0.001702790534686647, 0.2281901449842651, -0.1228283542087992, -0.10365888175395725] - [0.038863261780683035, -0.11448099127762382, -0.046416414061654324, 0.12203425528749048]
A2: [0.035307302092571435, -0.029273617155569146, -0.07569748398253857, 0.0696632602054271] - [0.10289371651217903, 0.28289666681672165, -0.3926064292890566, 0.006815960234934144] - [-0.011187083003301918, 0.5390146077761296, -0.3594509994137006, -0.16837644666468352] - [0.09786278544822899, 0.01746330247238997, -0.16885102380312073, 0.053524863730216726]
B1: -2.4414203815727216e-08 - 1.202755863131437e-08 - 3.326869056765474e-08 - 9.785528016197428e-09
B2: 1.4378040861944076e-08 - 1.0717384867089385e-08 - 3.3262193746488637e-08 - 1.6267993760312624e-08
