Number: 1369
Error: 2.0918149264270507e-10
A1: [-0.007112489076503181, -0.014918023960987055, 0.0030751968531395808, 0.01953187142071874] - [0.06686127214324257, 0.18991764919454657, -0.14669945772556453, -0.10982390731457035] - [-0.11258994342556754, 0.4417808477323528, -0.0707942386793519, -0.2581047874619388] - [-0.0235749943679533, 0.015142063662253262, -0.030144633992970606, 0.03869448781739643]
A2: [0.13159799164293348, -0.22461687054869037, 0.022678308723261358, 0.07017210309661095] - [0.03263658647242444, 0.20373972569436885, -0.11489793879209016, -0.1214669242597454] - [-0.0947457827841428, 0.5554188204192092, -0.23532321627697614, -0.2257561236098816] - [-0.020950382040871473, -0.019397139083365367, 0.007996051016226649, 0.032063482441898786]
B1: 4.051375718912513e-05 - -0.0001222512241810976 - -2.9184555587800142e-05 - 5.707154248227892e-05
B2: 1.4285664644894368e-05 - -2.306128171340118e-05 - 8.655018414083857e-07 - -1.6109742649592956e-05
