Number: 9913
Error: 1.4525023544178349e-15
A1: [0.053172527727016375, -0.14800129339726825, -0.026999069709246988, 0.12182779955801183] - [0.005313750320647427, 0.13083672480427508, -0.11360071327319629, -0.022549732829440613] - [-0.014444480223271985, 0.22309161718152767, -0.12704118324062683, -0.0816059366469421] - [0.027146592639650965, -0.10001990549459099, -0.049424375576149496, 0.1222982532844223]
A2: [0.0892547139914128, -0.0729131182030586, -0.12362717380310019, 0.10728663887661732] - [0.10884181271379344, 0.24981426504089893, -0.40484520728054313, 0.04618956541483871] - [0.03663601247207131, 0.4625551995410843, -0.377717371482399, -0.121473186133725] - [0.1434266353350019, -0.04460642194005531, -0.20149933811136173, 0.10268006762762205]
B1: 6.852206236919206e-08 - 4.703614483731344e-09 - -1.4531839786694495e-08 - -3.736850021269498e-09
B2: 4.911993509578108e-10 - -5.89725427420164e-09 - 7.143075390519496e-09 - 6.981990486360224e-08
