Number: 5566
Error: 6.506355419434308e-10
A1: [0.06622425950616741, -0.11394123398956003, -0.02397287159797053, 0.07173393497433582] - [0.03735492006118871, 0.18814781472916295, -0.14745582445576116, -0.07823389361923304] - [-0.06021424120319831, 0.3289653548072803, -0.12773828933129652, -0.14095358370438002] - [0.03914221289710427, -0.0532315016423281, -0.037325648870464315, 0.05178730590138375]
A2: [-0.009119556975921823, -0.34681483053288265, 0.2494440218333673, 0.1064451754319321] - [0.08004346782088005, 0.036286182687608325, -0.05024613414441561, -0.06606794299225593] - [-0.042405552766358184, 0.23088406046087712, -0.04048060145557812, -0.14779555686536064] - [0.06817551044885901, -0.29342300235122964, 0.14181538991553663, 0.08360753523546001]
B1: -9.516180313697965e-06 - -1.3094247325286184e-05 - -2.0417300338268135e-05 - -2.0495251394120374e-05
B2: -2.3231684465212154e-05 - 4.529745205893385e-05 - 1.813585615385914e-06 - 1.7910054346010795e-06
