Number: 2492
Error: 1.8760848299939998e-07
A1: [0.058089785084102244, -0.05321265092229788, -0.028753071743660524, 0.0025331717878352015] - [0.04236390045701642, 0.19001507924251, -0.14390998522464882, -0.09394601345328717] - [-0.12696524948185064, 0.4113309124504733, -0.10840801369278565, -0.19061612262522057] - [0.03278574207416044, 0.014931932188125066, -0.03735560936121055, -0.027263291028074985]
A2: [0.06560701098912423, -0.17151660827745857, 0.08847979155558465, 0.02610454461122043] - [0.029197782163570392, 0.20021142217689428, -0.1018007112398233, -0.1279615048813905] - [-0.09351933653594233, 0.5135978545941821, -0.22571557732363978, -0.19519527024123545] - [-0.02629128997779262, 0.018175981528431993, -0.05065404964202461, 0.05663201625637638]
B1: 3.3016579379931805e-05 - 0.00012927139173463955 - -0.0003904673920356135 - 5.787832831423336e-05
B2: 0.0007028364889387063 - 0.00018633134542804308 - -0.00036119275670980824 - 8.611757941904562e-05
