Number: 1145
Error: 3.156363924783414e-07
A1: [-0.007968057197939122, -0.01575681812358256, 0.002218128792641999, 0.0186393524053097] - [0.06948990248555578, 0.1924340124037366, -0.14398597706989888, -0.1068835652936957] - [-0.11274582620908616, 0.44167784624790946, -0.07093227865773166, -0.2582724570417186] - [-0.019260411531989693, 0.019359021748033042, -0.025646206279368474, 0.043285466426720896]
A2: [0.12857105558396975, -0.22760914468920782, 0.01971565542345798, 0.0672148202601017] - [0.034352742223668624, 0.20544592912907408, -0.11319146152373052, -0.11978880726213206] - [-0.09951029778423182, 0.5507346030978136, -0.23997345470982298, -0.23047028066389996] - [-0.027916469218170502, -0.026321612896741845, 0.001082948849209748, 0.025338075898043527]
B1: -2.005205227224746e-06 - 0.001198695863857876 - -0.0009391827337847069 - 0.0011886123150905757
B2: -9.493314717847729e-05 - 0.0014118182289916085 - 0.001156082571991346 - 4.3493888904865864e-05
