Number: 8776
Error: 5.701156503223126e-08
A1: [0.08045841918052642, -0.18044106430141021, -0.01956214531824766, 0.1196517079466646] - [0.037212888731160396, 0.13339384832480472, -0.13492845761327046, -0.03648840342140699] - [-0.00158379847175418, 0.22830915803111948, -0.12270953241038814, -0.10353991452020986] - [0.03884009424523496, -0.11450408471787828, -0.04643955241323177, 0.12201110589091374]
A2: [0.035189268355765115, -0.029392031908726943, -0.07580969042656226, 0.06953971829586039] - [0.10288969886758355, 0.2828925613846148, -0.392610296298155, 0.0068117515471702835] - [-0.011216098834209673, 0.5389853756012102, -0.35947844844756544, -0.16840702557401152] - [0.09781725283747207, 0.01741750672059669, -0.1688943486943782, 0.05347706487226015]
B1: -0.00015714748727029356 - -0.00013697167352293136 - -0.00011594111202220471 - -0.0001409918058518384
B2: 0.00011381477739040268 - 0.00013053115899367427 - 9.148544941272891e-05 - 5.4698024486288265e-05
