Number: 7711
Error: 9.449657015455815e-16
A1: [0.0804316696961393, -0.180467825737304, -0.01958887194385537, 0.11962495675143754] - [0.0374155985414312, 0.13359640470859624, -0.13472616768756648, -0.03628580656000059] - [-0.001702832930677057, 0.22819010258917719, -0.12282839654270895, -0.10365892413863076] - [0.038863215721949465, -0.11448103720710288, -0.04641646009102567, 0.12203420925738909]
A2: [0.035307369637880594, -0.02927354942343995, -0.07569741976130408, 0.06966333089890565] - [0.10289363703027085, 0.28289658666025563, -0.3926065061629602, 0.006815877005827017] - [-0.01118713918764615, 0.5390145512566769, -0.35945105259344556, -0.1683765058680402] - [0.09786277392188213, 0.017463290893616548, -0.1688510347754687, 0.053524851631321375]
B1: 1.952292445953328e-08 - -1.420184477663558e-08 - -3.100714055901984e-08 - -1.3682469349607684e-08
B2: -1.3519656645247733e-08 - 5.364357676248414e-09 - -9.057876962424556e-09 - -1.2959210887227468e-08
