Number: 2499
Error: 2.1145588015215102e-07
A1: [0.06232234020528106, -0.04898688294772411, -0.024550732576119783, 0.006742300403743323] - [0.04152324591756078, 0.18920470876242942, -0.14477402367153064, -0.09486908848107993] - [-0.12339134747695478, 0.4149042028742538, -0.10480867727976914, -0.18702911579957363] - [0.03710126334132114, 0.019261013355360488, -0.033038185699827, -0.02296460219001095]
A2: [0.062460610172135576, -0.17465234599280124, 0.08534472393435664, 0.02299311257848986] - [0.028380586462372726, 0.19940679693146068, -0.10261516794956352, -0.12876162926849408] - [-0.0957029970708389, 0.5114524324161659, -0.22790416037606032, -0.19731246630771504] - [-0.02673470730460946, 0.017736069368580916, -0.051098699607677836, 0.056197313689763106]
B1: 0.0007222931150960147 - -0.00025942110523857954 - -0.0002545029941299567 - -0.000269992079801743
B2: 0.00031240997795060953 - -0.00038682652517034856 - 0.0008844733747559335 - 0.0007789382836998003
