Number: 3859
Error: 1.0022048925355053e-15
A1: [0.06621311406468236, -0.11395214581543865, -0.023984017844139373, 0.07172280064603294] - [0.03740254759336349, 0.18819330777713134, -0.14740901022178574, -0.07818707362604496] - [-0.06022945283888557, 0.3289507218370986, -0.1277531894485058, -0.14096840154522106] - [0.039046201245909185, -0.05332264609937305, -0.03741854965450236, 0.05169516082544144]
A2: [-0.009108593835766765, -0.3468032046164024, 0.2494550721311148, 0.10645666096599543] - [0.08003979885788355, 0.03628222798448107, -0.05025014166980544, -0.06607198915472044] - [-0.04245284502146101, 0.2308318628745218, -0.040531272939903794, -0.1478478672451137] - [0.0681347137819067, -0.293467923778586, 0.14177117020439356, 0.08356178758042279]
B1: -4.327487963616912e-09 - -2.7361519520718063e-08 - -1.2312885010768503e-09 - -6.761143734867562e-09
B2: -1.029395127295124e-08 - -1.4224309912403047e-08 - 2.4896446938299354e-08 - -3.9478902062868414e-08
