Number: 3098
Error: 1.1391074806987764e-06
A1: [0.06213550391498805, -0.049261723210691014, -0.02482091480064348, 0.0065346737465831264] - [0.04566297722241488, 0.19317069787790578, -0.1405323401890008, -0.09031128313376564] - [-0.12425006864688268, 0.4139667521106995, -0.10574374801803627, -0.18789817012456136] - [0.03631386313753167, 0.018342314602213732, -0.03393284598220789, -0.023760587747452315]
A2: [0.0607856916021813, -0.17624792086764424, 0.08365522086263415, 0.021290562106385084] - [0.030903734513688583, 0.20188257473996016, -0.10007815012469684, -0.1262852359602506] - [-0.08775448370593097, 0.519241020741166, -0.21994452736093337, -0.18960620868155836] - [-0.01952145748394004, 0.024891012714054653, -0.04392295778923577, 0.06318487639516777]
B1: -0.0019683057372067887 - 0.0010300810092603138 - 0.0012887428110838364 - -0.00013441656212822683
B2: 0.0011838536332156406 - 0.0001470019761942691 - 0.0006248477725017147 - 0.0008868315564775928
