Number: 44
Error: 0.0017195084404852308
A1: [-0.039925849046806426, -0.04434142500099787, -0.011594510749664836, -0.017579408600097383] - [0.11382827560009345, 0.24275084786904616, -0.10227983550921142, -0.08114614661881656] - [-0.178816695193473, 0.3404762018611625, -0.14165799462235001, -0.35634903304244925] - [-0.019380060882858617, -0.03115384040332135, -0.022605140404583043, 0.0015807317789875942]
A2: [0.41022346506524304, 0.07817063815794846, 0.24879742653991488, 0.23909934013559614] - [0.14661670801676174, 0.3148949311046592, -0.013609336434160135, -0.022889884053855388] - [0.17686706346310038, 0.8439450256334724, 0.01923381018626007, -0.0026402396674491463] - [0.4788198562032566, 0.47790152346097137, 0.47873636239335793, 0.4705134320878005]
B1: 0.062326783481513715 - 0.45278048137545224 - -0.015227510004005806 - -0.030035184528688193
B2: -0.0027474558889916414 - 0.4279476485162072 - -0.030912378702770114 - -0.02564428747134281
