Number: 7662
Error: 7.859563776745228e-16
A1: [0.08043171620223308, -0.18046777923647642, -0.01958882549336853, 0.11962500325222043] - [0.03741563092412385, 0.13359643706678268, -0.13472613536939526, -0.03628577419524346] - [-0.0017027834945273002, 0.22819015202427256, -0.12282834717894023, -0.10365887471567363] - [0.03886326376051616, -0.11448098930334806, -0.04641641208306872, 0.12203425726610055]
A2: [0.0353075102274261, -0.029273408445051646, -0.07569728609042496, 0.0696634780409749] - [0.1028938440947531, 0.2828967954820892, -0.3926063058928085, 0.006816093832456745] - [-0.011187177043917055, 0.5390145131746127, -0.35945108842526424, -0.16837654575847624] - [0.09786279067996916, 0.017463307727928683, -0.16885101882284076, 0.053524869221841236]
B1: 1.0194176095847196e-08 - 4.586740167254256e-08 - -1.6549609947985367e-09 - 1.1633973361002221e-08
B2: 1.2507991316738464e-08 - 7.484821549611146e-09 - 2.3874740537328536e-08 - 9.866629629494881e-09
