Number: 440
Error: 3.7609679104124735e-12
A1: [-0.012158754552669333, -0.01452267598069762, 0.018081358388616225, 0.00857736892117921] - [0.06583646085607893, 0.189496439737666, -0.14532130324249543, -0.1100071963799513] - [-0.09628528229906344, 0.42179362079067384, -0.05344887799441037, -0.27202665627580697] - [-0.0013127843165812324, -0.01821086229738448, -0.0038258325901832863, 0.02338681795689146]
A2: [0.16159209479464043, -0.16774950055769586, 0.00850659978799906, -0.002327830327644575] - [0.035483537154745844, 0.20751457053519787, -0.11721260141176766, -0.1257941683786767] - [-0.08621505366093044, 0.5815366437848338, -0.23539019480394596, -0.2599370395688293] - [-0.0038256688383941843, -0.004510145870202612, 0.001119460298424694, 0.0072522890697305975]
B1: 2.919580885581806e-06 - 3.6497037433057824e-06 - 9.56652202480959e-07 - 2.196151455722717e-06
B2: 1.4630484628050303e-06 - -1.2774636920838377e-06 - 2.7384937991511447e-06 - 1.099346265419237e-06
