Number: 4741
Error: 9.886789292646867e-16
A1: [0.06621321322175433, -0.1139520488742181, -0.02398391876490256, 0.07172289963665812] - [0.03740263823316416, 0.1881933943773187, -0.14740892111590223, -0.07818698451230309] - [-0.06022933625729556, 0.3289508338072607, -0.1277530753686529, -0.14096828807873146] - [0.03904618190374056, -0.05332266445812978, -0.03741856836733359, 0.051695142264515395]
A2: [-0.009108520682054103, -0.3468031270118171, 0.24945514587657516, 0.10645673766354052] - [0.08003992547729456, 0.03628236438984136, -0.050250003281989995, -0.06607184959184652] - [-0.04245284906434895, 0.23083185841263737, -0.04053127727222408, -0.14784787171625738] - [0.06813469687696419, -0.2934679423915034, 0.1417711518777121, 0.08356176862707504]
B1: -1.270099419797969e-08 - 5.111399729775266e-08 - 9.05002721944763e-09 - -7.39388683327854e-09
B2: 2.781544045077462e-09 - -1.6227920580820978e-09 - 7.467010729923421e-09 - 1.585318570060209e-08
