Number: 8669
Error: 3.832101052023001e-15
A1: [0.08043165013317843, -0.18046784529802654, -0.01958889148344639, 0.11962493719072068] - [0.03741555719067622, 0.1335963633891923, -0.13472620895571236, -0.036285847887735895] - [-0.0017028460936456533, 0.22819008942648328, -0.12282840968641773, -0.10365893729807808] - [0.038863199686973056, -0.11448105319700667, -0.046416476115772085, 0.1220341932324301]
A2: [0.03530753467916687, -0.02927338392569001, -0.07569726284179872, 0.06966350363208444] - [0.10289373113437382, 0.2828966815630441, -0.39260641514663497, 0.006815975546485485] - [-0.011187049114801175, 0.5390146418667091, -0.3594509673373847, -0.16837641095531278] - [0.0978628448662247, 0.01746336216059927, -0.1688509672409151, 0.05352492609959376]
B1: -7.19180924824248e-08 - 6.229478443935483e-08 - -2.0809852638735612e-08 - -4.6011497301002214e-08
B2: -6.663600996325714e-08 - -8.525230295222404e-08 - -8.137634734864801e-08 - -6.12941271769363e-08
