Number: 6361
Error: 1.2227015215879003e-15
A1: [0.0804317234444058, -0.1804677719951154, -0.01958881825986153, 0.11962501049356303] - [0.037415640532155243, 0.13359644666754522, -0.1347261257805244, -0.036285764592539495] - [-0.0017027878805678076, 0.2281901476383308, -0.12282835155856657, -0.10365887910055081] - [0.03886327224116369, -0.11448098084649343, -0.04641640360782991, 0.12203426574147623]
A2: [0.0353074740542851, -0.029273444718250233, -0.0756973204834587, 0.069663440181941] - [0.10289379208514823, 0.28289674303107687, -0.3926063561958768, 0.006816039370868166] - [-0.011187037513267193, 0.5390146535375081, -0.3594509563564452, -0.1683763987301868] - [0.0978628364358464, 0.017463353691929445, -0.16885097526621076, 0.05352491725061887]
B1: -1.4228017022335924e-08 - 2.919345562765434e-09 - -1.0634439658005806e-08 - -7.0977198419030956e-09
B2: -4.090860098186961e-09 - -1.2859088954513704e-08 - 5.0591485372413026e-09 - -8.010375687690931e-09
