Number: 4045
Error: 1.0407948533943127e-15
A1: [0.06621318613391847, -0.11395207535672344, -0.023983945831455977, 0.07172287259432059] - [0.03740262796266976, 0.18819338456454468, -0.14740893121259252, -0.07818699460986414] - [-0.060229400336282844, 0.32895077226292124, -0.12775313807255478, -0.14096835044559447] - [0.03904612460426398, -0.05332271884471852, -0.03741862380272591, 0.05169508727927973]
A2: [-0.009108669745783905, -0.3468032851450859, 0.24945499560689446, 0.1064565813784857] - [0.08003985029572426, 0.03628228339778067, -0.050250085451168276, -0.06607193245870496] - [-0.04245293150167765, 0.23083176742954695, -0.04053136561555265, -0.14784796288900773] - [0.06813479521765099, -0.29346783411423577, 0.14177125848860947, 0.08356187888500671]
B1: 3.4142848151806656e-08 - -1.2708500597999587e-08 - -2.6458706991315667e-08 - 1.884079484077648e-08
B2: 5.28706625435738e-09 - 3.176540099327098e-08 - -3.536645270371236e-09 - -1.2292519101850976e-08
