Number: 6581
Error: 9.601990487514859e-16
A1: [0.08043168001851549, -0.18046781541608908, -0.019588861633828236, 0.11962496707263148] - [0.037415560055645225, 0.13359636625194302, -0.13472620609668393, -0.03628584502447157] - [-0.001702774553099745, 0.22819016096551442, -0.12282833825061218, -0.10365886577663984] - [0.038863189773832615, -0.1144810630823897, -0.04641648602261173, 0.12203418332539945]
A2: [0.035307438338350094, -0.029273480532969257, -0.0756973544416993, 0.06966340280132612] - [0.10289373768431892, 0.28289668816853863, -0.3926064088116364, 0.006815982405232255] - [-0.011187101875151359, 0.539014588791729, -0.3594510172763381, -0.16837646655058586] - [0.09786280896863625, 0.017463326099779863, -0.16885100141320517, 0.053524888418976756]
B1: -1.24505867020178e-09 - -1.693674493167983e-09 - 9.576528568387235e-11 - -1.6215866325529913e-09
B2: -2.6138454311051064e-09 - -1.888841921035541e-08 - 3.9471807888295667e-08 - -2.6497528808732118e-08
