Number: 8613
Error: 8.883562181022365e-16
A1: [0.08043173546844638, -0.18046775997241374, -0.019588806250214957, 0.11962502251624559] - [0.03741564086168402, 0.13359644699689238, -0.13472612545142373, -0.03628576426306709] - [-0.0017027631226491959, 0.22819017239571154, -0.12282832683690381, -0.10365885434922716] - [0.03886329173730301, -0.11448096140498948, -0.046416384124101456, 0.12203428522555462]
A2: [0.03530731644587581, -0.029273602762530188, -0.0756974703358354, 0.06966327522790991] - [0.10289374422886326, 0.28289669476866564, -0.392606402481794, 0.006815989258298584] - [-0.011187118864337448, 0.5390145717011886, -0.3594510333570374, -0.1683764844526127] - [0.09786271346957692, 0.017463230166317317, -0.1688510923223404, 0.05352478817626213]
B1: -6.210467092673333e-09 - 1.8987745529523513e-08 - -3.646901665962845e-09 - 2.3239175118703743e-08
B2: 3.464066287928108e-10 - -2.855331087573896e-08 - 5.232795900161183e-08 - -4.207531353223711e-09
