Number: 9233
Error: 3.300729110144166e-08
A1: [0.053852604518276045, -0.1473224808694627, -0.026320703580900582, 0.12250838220949739] - [0.006549549689153535, 0.13207424127104248, -0.11236431153073784, -0.02131120831469279] - [-0.013344796959577175, 0.22419160729552393, -0.12594222771621247, -0.08050512979156826] - [0.02788753904986252, -0.09928083685628725, -0.048683303411582335, 0.1230415716555818]
A2: [0.08920145609141546, -0.07296389381910912, -0.1236777205321463, 0.10723273290106625] - [0.10902064896459492, 0.2499922270351678, -0.40467042372870454, 0.04637176495789856] - [0.03635522392588848, 0.462275223147288, -0.3779913447013874, -0.12175630271155168] - [0.14310944608950138, -0.044920878016783614, -0.20180771772507605, 0.10235800640475326]
B1: 0.00016418835652185445 - 0.00019410902241675048 - 8.15011383170211e-05 - 0.0001119821661516066
B2: 0.00016533687675311323 - 0.0003167365463244059 - 0.00010697996477368831 - 3.685904905181397e-05
