Number: 2419
Error: 8.552065831396328e-06
A1: [0.06895113301520975, -0.04279201319575758, -0.018193752840417958, 0.013102155519966586] - [0.030542557645478582, 0.17852520976033007, -0.15624890863360336, -0.10689041562569221] - [-0.1287790060081477, 0.40984833725546077, -0.11064360705898717, -0.1925015566291136] - [0.02769204778990394, 0.010271590330133851, -0.04229367727906556, -0.032071642116676444]
A2: [0.04069317654924291, -0.19607809437108806, 0.06405405558877611, 0.0019051353058743225] - [0.022720076601004863, 0.19386952580396383, -0.10829558677453328, -0.13435542573037956] - [-0.09390076546905834, 0.5137532628716132, -0.22503665221002994, -0.19491823197707367] - [-0.029780003370247728, 0.014847644193598247, -0.05353134573959876, 0.05343029405942947]
B1: -0.0017978928979623025 - -0.0036787190308251025 - -0.005165498743588597 - 0.001006568318985269
B2: -0.0022188475505885903 - -0.0071330529170414245 - -0.0010807097003066811 - -0.0039046332401863762
