Number: 330
Error: 1.412110692038868e-09
A1: [-0.012162726514639541, -0.014526756385614962, 0.018076979233180895, 0.008573157033813285] - [0.06577511624990137, 0.18943742805100994, -0.14538473372688307, -0.11007549966159884] - [-0.09662970078333208, 0.42146075954880596, -0.05382259860351727, -0.2724279354040384] - [-0.0016757070404153165, -0.018559884287550885, -0.004212140520059668, 0.022967319324749026]
A2: [0.16157596917158135, -0.1677653385212027, 0.00849078627195503, -0.0023435695104132175] - [0.03543479269830836, 0.20746661271175235, -0.11726113654287096, -0.12584184288782024] - [-0.0862412186479228, 0.5815110115300529, -0.2354156582802439, -0.25996256377100896] - [-0.00387357479772733, -0.004557232904407925, 0.0010720840260857842, 0.007206491041892604]
B1: 4.19040111926471e-05 - -0.0002093184407231025 - 3.7362193983699965e-05 - 2.4941059519720318e-06
B2: -1.2823410464725118e-05 - -0.0002803727569612701 - 4.808091852448474e-05 - 3.854219074298808e-05
