Number: 3242
Error: 0.0021742952648375253
A1: [0.07691546793170573, -0.10035631102924952, -0.02690883001824413, 0.07248887793705774] - [0.0392166636784779, 0.17349400228796405, -0.15224005493653975, -0.08033259311366658] - [-0.3989091704289104, 0.0494729229230284, -0.4357286077371342, -0.4450744392196527] - [-0.19944034391175935, -0.25296645312350086, -0.2628281294588457, -0.16909201598218243]
A2: [-0.2148053319019857, -0.633817658657466, 0.04774473035444818, -0.1351230566948597] - [-0.11495699299386654, -0.12605117765638416, -0.22285280708626465, -0.25413157347595183] - [-0.07461209668758778, 0.19027662822042055, -0.1368336929313348, -0.23341060077709713] - [0.0705237799056153, -0.28062297834608346, 0.07927563074152916, 0.03831076891366299]
B1: -0.09597003472723112 - -0.3327662038127166 - -0.11869862394035036 - -0.11615822718025798
B2: -0.23716611984847116 - -0.2947149155273844 - -0.05487890247693022 - -0.07441756649881537
