Number: 2255
Error: 0.00015401593011827046
A1: [0.08010602765192935, -0.023871865288428842, -0.0009843165305219812, 0.03129033899001301] - [0.057462725208918375, 0.19603388550455125, -0.14640398716792588, -0.09238289568767521] - [-0.12324194262914807, 0.42852426332237553, -0.0876933085514213, -0.16983160934260608] - [0.042279679850158056, 0.03959900885737422, -0.00808250232264243, -0.007959274809225297]
A2: [0.08621302545450102, -0.16195672830554186, 0.11210179604577865, 0.044052362534353205] - [0.037129029353452525, 0.20777711998700096, -0.09138099570892765, -0.12141451885727941] - [-0.0718051924501978, 0.5524436747162638, -0.19864732915183472, -0.17555486942244766] - [-0.1400498239003542, -0.07571250816335458, -0.16103082118586548, -0.045153425184466384]
B1: 0.02060852952077629 - 0.038838147939426866 - -0.040713166989116305 - -0.012113425292367553
B2: -0.012376159965529845 - 0.008943573442715869 - -0.013812629149341353 - -0.012687778234942364
