Number: 1292
Error: 8.509369008897235e-09
A1: [-0.008008772352424623, -0.015822169275880874, 0.0021435191858609334, 0.018611276656488783] - [0.06681998644269509, 0.18987783736002345, -0.14674222724789548, -0.10986984480491403] - [-0.11318601651832157, 0.4411973497892038, -0.0714147184522172, -0.2587503303698976] - [-0.024244738647125553, 0.0144845346165372, -0.03082763216949727, 0.037987449446308996]
A2: [0.13138084845864348, -0.22483151070647756, 0.022465196828362392, 0.06995997345225793] - [0.03238544594115909, 0.20349256458299936, -0.11514812998910268, -0.12171260105633046] - [-0.09523928612883976, 0.554932939808754, -0.2358084411325554, -0.2262410239733996] - [-0.021143185843268204, -0.019588432783710426, 0.007805362785758863, 0.031878254042663166]
B1: 8.574238209634722e-05 - -1.1840973180164054e-05 - 4.457775664385783e-05 - 7.735487801056787e-05
B2: -4.5394963690352886e-05 - 0.00014994431742745303 - -4.2352235968783904e-05 - -3.1961495748754664e-05
