Number: 4495
Error: 1.0800408067862804e-15
A1: [0.06621318910029587, -0.11395207245665723, -0.023983942867428363, 0.07172287555570123] - [0.03740263149819719, 0.188193387942498, -0.14740892773688896, -0.07818699113387258] - [-0.06022961808354819, 0.3289505631285966, -0.12775335114722397, -0.1409685623741768] - [0.039046205177859894, -0.05332264236721655, -0.037418545850410795, 0.05169516459866309]
A2: [-0.009108747697795943, -0.34680336783982074, 0.24945491702410433, 0.10645649965014384] - [0.08003983261360974, 0.03628226434910153, -0.050250104776689994, -0.06607195194830578] - [-0.04245275088935811, 0.2308319667645161, -0.04053117206417044, -0.14784776313852271] - [0.06813466562801838, -0.2934679767979837, 0.14177111800093467, 0.0835617335911955]
B1: 3.2466555918582246e-08 - -2.6093921803649674e-09 - 1.5911956354410357e-08 - -4.7895862982601996e-08
B2: 7.724818243062913e-09 - -3.09197446232014e-09 - -2.0868589738069024e-09 - -4.853016420870836e-09
