Number: 5211
Error: 9.37774060839131e-16
A1: [0.0662130350988799, -0.1139522230166933, -0.0239840967479983, 0.07172272181271386] - [0.03740252569784611, 0.18819328685745917, -0.1474090317467241, -0.07818709515291568] - [-0.06022957553937513, 0.32895060398953424, -0.1277533095161717, -0.1409685209668616] - [0.03904605043597079, -0.05332278924243356, -0.0374186955580348, 0.05169501610652109]
A2: [-0.009108542623684676, -0.3468031502883715, 0.24945512375728904, 0.10645671465912838] - [0.08003972698173084, 0.03628215055345443, -0.05025022022607166, -0.06607206837805037] - [-0.042452851437876735, 0.23083185579312537, -0.04053127981580058, -0.147847874341204] - [0.06813476707825948, -0.2934678650969353, 0.14177122798247166, 0.0835618473356083]
B1: -4.214613588902834e-08 - 6.358542915658568e-09 - -5.5438947032121915e-09 - -1.6333257447146937e-08
B2: -2.132927133029668e-08 - -3.849764940602221e-08 - 9.55800881833296e-08 - -9.148970848632198e-08
