Number: 4466
Error: 9.102286493029148e-16
A1: [0.06621319644441259, -0.11395206527665457, -0.023983935529073, 0.07172288288749869] - [0.037402624588351474, 0.18819338134061014, -0.14740893452979692, -0.07818699792737946] - [-0.06022941862807029, 0.3289507546946066, -0.12775315597187528, -0.14096836824857648] - [0.03904615556315215, -0.05332268945964116, -0.03741859385099421, 0.05169511698783744]
A2: [-0.009108529791417108, -0.346803136675363, 0.24945513669359617, 0.10645672811296605] - [0.08003980275492507, 0.03628223218275077, -0.05025013741052829, -0.06607198485923971] - [-0.04245282026063714, 0.23083189020213213, -0.040531246405177156, -0.14784783986047081] - [0.06813473984374668, -0.29346789508329946, 0.14177119845795474, 0.08356181680065258]
B1: -2.488709474546044e-08 - -1.0294514269147357e-08 - 2.3430690712142325e-09 - -1.1346610384956178e-08
B2: 1.3991318179109492e-08 - 6.600541249531494e-09 - -7.353960269591815e-08 - 2.453629019026507e-09
