Number: 1462
Error: 3.059570037060849e-09
A1: [-0.007298439954971366, -0.015105765708042066, 0.0028817962080420357, 0.01934082313818874] - [0.06673212115312488, 0.1897933860876711, -0.146832916793716, -0.10996761826176893] - [-0.11270342748845165, 0.4416694827759183, -0.07091252173771821, -0.2582277196562038] - [-0.023254947651728763, 0.015456407302777626, -0.029818126792796426, 0.03903240562431179]
A2: [0.13164954959203762, -0.22456601193726783, 0.02272899672422564, 0.07022248391446556] - [0.03267938307667218, 0.20378184149245512, -0.1148552883165707, -0.12142505376119862] - [-0.09439328297019653, 0.5557658259645223, -0.2349768877138279, -0.22540956071336699] - [-0.020969420630298965, -0.01941586721490919, 0.007977216739893161, 0.032045022050985465]
B1: -4.691901905691887e-06 - -2.5454854370242103e-05 - -9.416556729203396e-05 - 2.5704263955707985e-05
B2: -1.9624783185172013e-05 - 5.650873564960606e-05 - 2.5795401409458413e-05 - -7.184536768207641e-05
