Number: 5989
Error: 1.575062278742892e-11
A1: [0.08042979536583496, -0.18046969975242255, -0.01959074366326942, 0.11962308284905701] - [0.037406059511561444, 0.13358687271984335, -0.134735688011479, -0.0362953404937083] - [-0.0017062369215329887, 0.22818669871839228, -0.12283179533865762, -0.10366232711822018] - [0.03885814881888421, -0.11448608978053203, -0.046421523422017816, 0.12202914568230305]
A2: [0.03528146854330702, -0.029299522428928068, -0.07572204622992114, 0.06963622262522981] - [0.10286550622291046, 0.2828682168687008, -0.39263371403382663, 0.006786419884808942] - [-0.011181564860483897, 0.5390201590403293, -0.3594457763683082, -0.16837063199532876] - [0.09785151064377721, 0.017451976414044598, -0.1688617566798354, 0.053513028889426405]
B1: -4.3417247841766364e-06 - 2.3880077212613522e-06 - -7.911459617706415e-07 - -3.853064906400374e-06
B2: 5.700639031372272e-06 - -2.1466399108823903e-06 - -4.717406198101083e-07 - 4.0670130625936154e-06
