Number: 3214
Error: 0.012097797847822158
A1: [-0.21491730263642192, -0.3536654851214335, -0.314080484478526, -0.244319361229217] - [-0.37544266861125203, -0.2205947815352069, -0.5619307145505567, -0.49810454177139235] - [-0.24968976129468215, 0.279574591113823, -0.2208299923530858, -0.23426564220268997] - [-0.2772302026313677, -0.2932436257108215, -0.3120498986011059, -0.22120357046667383]
A2: [0.4839481991781795, 0.0022625814443783046, 0.45523830965757206, 0.2579004655821331] - [0.018269365580678678, 0.07811603635617109, -0.13309879471600297, -0.21111020812179118] - [0.037838684645841475, 0.41895673997095384, -0.16021993391548928, -0.2659348326709958] - [-0.014601367305743143, -0.19152026437983252, -0.11941799257254157, -0.15984056782022835]
B1: -0.46799864015415965 - -0.6193834121767493 - -0.4858741989647707 - -0.4548217466912697
B2: 0.057001103022335485 - -0.13281869450986106 - 0.007677614312716208 - -0.056098105313821305
