Number: 1395
Error: 5.609599402219902e-10
A1: [-0.007234075041507229, -0.015040690375003364, 0.0029487849178042092, 0.019406991348097438] - [0.06673364889312744, 0.1897948560741403, -0.14683135103269596, -0.10996588712586879] - [-0.11261104008799383, 0.44176016074449737, -0.07081623080781883, -0.2581276369019736] - [-0.023578914924364397, 0.015138205010990743, -0.030148640604854383, 0.03869031251871351]
A2: [0.13178433150900512, -0.22443348114060438, 0.02286151689050075, 0.07035424633098922] - [0.032594991715821656, 0.20369882226906685, -0.11493933398249749, -0.12150758737924654] - [-0.09464537595381191, 0.5555176111491209, -0.23522454997820585, -0.22565747049149976] - [-0.020695072508473973, -0.01914535033324969, 0.008249277035571113, 0.03230883490841686]
B1: -1.3399720559984874e-06 - -9.784442785749895e-05 - 7.088870060049555e-05 - -5.465275791037189e-05
B2: -1.5940540715250677e-05 - 1.0276242382579236e-05 - -1.8238136743148384e-05 - -1.800040978002874e-05
