Number: 1596
Error: 1.9321105888162804e-07
A1: [-0.006677733518071503, -0.014478781604103283, 0.003529089873631165, 0.019974079469550682] - [0.06528899875171233, 0.18840489201621752, -0.1483251231451577, -0.11157249889095626] - [-0.11027238752549257, 0.4440538177338115, -0.06837680390643724, -0.2555939660558368] - [-0.023029543291588482, 0.01567628413510643, -0.029587532293436213, 0.039267734133326355]
A2: [0.13166395425710972, -0.2245549065303086, 0.02274236919656541, 0.07023405859402475] - [0.03277917890286051, 0.20387977953085087, -0.11475549711092618, -0.12132714134704589] - [-0.09523401084057234, 0.554939912770016, -0.2358005961578317, -0.22623596155051315] - [-0.021295636147036452, -0.0197445759584223, 0.007647602078923352, 0.0317274829321313]
B1: -0.0001234613871944338 - -0.0006934998019463302 - 0.0006458317317787758 - -0.0003382045333259475
B2: -0.0004057814122134503 - -0.0011917649975808186 - 0.0007362814203102244 - -8.942849779618745e-05
