Number: 3367
Error: 3.547407492001569e-07
A1: [0.06622802100016882, -0.11394032519485776, -0.023974809816000798, 0.07173425498011472] - [0.04067925242348419, 0.19131946131570068, -0.1441925232162885, -0.07496987420928677] - [-0.06508425625966945, 0.32432516717672094, -0.1324722438653969, -0.14567327303320024] - [0.038426800636578905, -0.05391695324429822, -0.038022472457755814, 0.0510936115493707]
A2: [-0.008952783848997206, -0.3466396791457038, 0.24967804255785916, 0.10661927273560073] - [0.08098605518178671, 0.03730352602383478, -0.049222509886016445, -0.06503237605712045] - [-0.041077006145385876, 0.23234896595148102, -0.03904754892646535, -0.14633653798601026] - [0.0699319354746689, -0.29148659877710914, 0.14375132564950652, 0.08557494839224544]
B1: 0.0007174249026571802 - 0.0002993765295923839 - 7.489355558612705e-05 - 0.00010238107662270863
B2: -0.0002909240211174495 - -0.0003032534849353185 - 0.0011634521377867268 - 0.0001830239464199111
