Number: 8294
Error: 6.736756002576859e-16
A1: [0.08043167958685143, -0.18046781584773014, -0.01958886206503491, 0.11962496664097957] - [0.03741553344642117, 0.1335963396629013, -0.1347262326527396, -0.036285871618873915] - [-0.0017028423238299912, 0.2281900931962165, -0.12282840592212235, -0.10365893352928807] - [0.03886322581049301, -0.11448102714687092, -0.04641645000893958, 0.12203421933964596]
A2: [0.035307618778234254, -0.029273299593978282, -0.07569718288137857, 0.0696635916508432] - [0.10289379103145342, 0.2828967419684412, -0.3926063572149165, 0.006816038267405434] - [-0.011187057910194231, 0.5390146330188441, -0.35945097566245726, -0.1683764202232954] - [0.0978626141006971, 0.01746313034545659, -0.16885118691520803, 0.053524683871449916]
B1: -3.496240599018779e-08 - 6.607524240265259e-08 - -5.887379079347455e-08 - -3.7843194404167104e-08
B2: -4.002696965540281e-09 - -3.9176311179058175e-08 - -1.6829063031894372e-08 - -3.4065858003406783e-09
