Number: 7833
Error: 9.401968495213369e-16
A1: [0.080431639946116, -0.18046785548395777, -0.019588901658307605, 0.11962492700481171] - [0.03741558558520636, 0.133596391762178, -0.1347261806179768, -0.03628581950904908] - [-0.0017028400651586495, 0.2281900954548469, -0.12282840366674506, -0.1036589312712085] - [0.03886317575921184, -0.11448107705769095, -0.04641650002830033, 0.12203416931948799]
A2: [0.03530734043829873, -0.029273578703769097, -0.07569744752393713, 0.06966330033842251] - [0.10289373664533426, 0.28289668712075927, -0.39260640981651984, 0.006815981317279063] - [-0.011187058821471125, 0.5390146321021902, -0.3594509765250199, -0.16837642118349747] - [0.0978627936753029, 0.01746331073689114, -0.16885101597147106, 0.05352487236596186]
B1: 1.6218354597399103e-10 - -2.6878385764970737e-09 - 1.543088295297704e-08 - 5.367466775743221e-09
B2: -1.604855061715666e-08 - 4.568604312695738e-08 - -5.4664486767091804e-09 - -1.6140964801943134e-08
