Number: 3980
Error: 9.071323642135275e-16
A1: [0.06621317525779037, -0.11395208598980545, -0.023983956699048264, 0.07172286173644506] - [0.0374026687892943, 0.18819342357160737, -0.14740889107689795, -0.07818695447061486] - [-0.06022925558488453, 0.3289509112886218, -0.127752996427397, -0.14096820956228787] - [0.03904607043773092, -0.05332277025753885, -0.03741867620702156, 0.05169503530048753]
A2: [-0.009108568086162403, -0.34680317730008764, 0.2494550980890708, 0.10645668796306736] - [0.08003978112845367, 0.03628220888480499, -0.050250161047068205, -0.06607200869651954] - [-0.042452787622286735, 0.23083192622383655, -0.04053121142865994, -0.14784780376375978] - [0.0681347394529458, -0.2934678955136384, 0.14177119803427146, 0.0835618163624211]
B1: -1.687173220458296e-08 - -3.243759252245184e-08 - -9.867455278581236e-10 - -1.4430138430788166e-08
B2: -1.281360474281491e-08 - -6.588271569574752e-09 - -4.559325445745268e-08 - -6.208128328651886e-09
