Number: 9168
Error: 3.452863586434241e-08
A1: [0.05125224120113436, -0.14992549158755392, -0.028937539391851775, 0.11991947470480072] - [0.005067002427406718, 0.13058523665281732, -0.11387292634949299, -0.022792959157298832] - [-0.01619495249395617, 0.22135648373983283, -0.12879075846946833, -0.0833295944415507] - [0.02698753015441924, -0.100181065420757, -0.04959493317812484, 0.12214921767366504]
A2: [0.09109899973979278, -0.07109558191116634, -0.12181046673177164, 0.10915983893924597] - [0.10867198259622247, 0.24964320163914713, -0.40501384468558854, 0.046019180974994765] - [0.03716831887850488, 0.46307789645426206, -0.37720675973487944, -0.1209398792344341] - [0.14337688441591664, -0.04464529040833495, -0.2015408142524813, 0.10263583141810591]
B1: 0.0001153357258547211 - -0.0004955531593297935 - -0.0003646077043417519 - -0.0005802177149374034
B2: 4.318021250285795e-05 - -0.0008122056487781175 - -0.00037152816145038993 - 7.472041908492368e-06
