Number: 9431
Error: 5.518187689815189e-13
A1: [0.0531701383564626, -0.14800368364495206, -0.02700145649266976, 0.121825409010439] - [0.0053146113624255404, 0.13083758677755022, -0.1135998523076856, -0.022548870449414025] - [-0.014444487709182302, 0.2230916095995155, -0.12704119079622278, -0.08160594424160568] - [0.027146787501238234, -0.10001971043882614, -0.04942418011957009, 0.12229844892432241]
A2: [0.08924354738343848, -0.07292425898946411, -0.12363808879210943, 0.10727533467886512] - [0.10885379662560558, 0.24982625109276865, -0.4048334606925558, 0.046201750960849386] - [0.036621244569044406, 0.462540508377337, -0.3777317797329179, -0.12148810732786426] - [0.14341226817484204, -0.044620735755109296, -0.20151336631000608, 0.10266548708116786]
B1: -2.656072224610683e-06 - -2.0043800435688177e-06 - -2.5644094938813097e-07 - -3.955229051461979e-08
B2: -2.183323679812125e-06 - -1.4798729591807453e-06 - -1.7739811235208873e-06 - -1.7933017850173513e-06
