Number: 3143
Error: 2.3983069556866757e-05
A1: [0.05985307132520363, -0.051516529547559704, -0.02702651765079741, 0.004397529221158016] - [0.04792211744121773, 0.1953137625818202, -0.13818103101721066, -0.08788788762846465] - [-0.12238863153970486, 0.415762349692885, -0.10386084421280002, -0.18595926671201202] - [0.04713760763367518, 0.02895868616509202, -0.023344603210716425, -0.012860101315725066]
A2: [0.06624798596689707, -0.17077735210560263, 0.08894217912223099, 0.026340680985667622] - [0.037125636101107765, 0.20799481822016117, -0.09386984797032091, -0.1202312824169757] - [-0.10342920873670919, 0.5038522192665176, -0.23568466866666485, -0.20481240939839224] - [-0.040007231591441594, 0.0045916417719182095, -0.06436165522251248, 0.04314982411970378]
B1: 0.0030116391910789907 - -0.001143465031778694 - 0.004741687251873588 - 0.004195004748449567
B2: -0.003638815741467634 - 0.0012502884545699646 - -0.0034452753297091188 - -0.0007522619485139485
