Number: 3610
Error: 4.535789999380914e-13
A1: [0.06621022683423684, -0.11395496851696592, -0.023986902853789415, 0.07171991825702596] - [0.03740567188923544, 0.18819629282620745, -0.14740593880292724, -0.07818400192582753] - [-0.0602304400513187, 0.3289497737049905, -0.1277541554270012, -0.14096936239895397] - [0.03904699418264261, -0.053321893490760254, -0.037417782549874434, 0.0516959216887811]
A2: [-0.009105365954327128, -0.34679978033950126, 0.24945832614128682, 0.10646004518357854] - [0.08004544369681002, 0.036288309127576884, -0.05024397217353856, -0.06606576726662264] - [-0.04246094116584168, 0.23082292738855245, -0.04053994917417456, -0.14785682133760444] - [0.06814103625636073, -0.2934609624565581, 0.1417780244226453, 0.08356887627772448]
B1: -8.81359034405208e-07 - -2.276539382077021e-06 - -2.059352150456763e-06 - 1.3316807665620536e-06
B2: -3.3032785500905973e-07 - 2.929314288343976e-07 - -5.566642642710572e-07 - -3.0683146338807495e-06
