Number: 9951
Error: 1.1121886878210373e-15
A1: [0.053172510969942466, -0.14800131016046847, -0.02699908644780248, 0.12182778279291132] - [0.005313728133962023, 0.13083670259435007, -0.11360073545649295, -0.022549755047389212] - [-0.014444497013992615, 0.22309160038468678, -0.12704120001801572, -0.08160595344361139] - [0.027146535256846703, -0.10001996287740197, -0.049424433080081175, 0.12229819575573124]
A2: [0.08925452018950855, -0.07291331155681557, -0.12362736323855869, 0.10728644268495657] - [0.10884172408111302, 0.2498141763925828, -0.4048452941576919, 0.046189475290877455] - [0.03663586730620249, 0.4625550551305587, -0.37771751311347695, -0.1214733328051949] - [0.14342647327439903, -0.04460658339702971, -0.20149949634952846, 0.10267990316266483]
B1: 4.120048250304436e-09 - -8.713735860706687e-09 - -1.0667232528410585e-08 - -1.921965659118423e-08
B2: -2.7852794802412256e-08 - -1.0862968838847604e-08 - -5.801295380846532e-08 - 5.1268644253072765e-08
