Number: 8982
Error: 0.0009191466128282505
A1: [0.027503445193557116, -0.21073336853812275, -0.052724146450913306, 0.08830227637985591] - [-0.09570008481505725, 0.03262613814734785, -0.21938007933411993, -0.12419388614985233] - [-0.09448362424305168, 0.13771278705132137, -0.18973842794802634, -0.16500557997629683] - [-0.05822691101935791, -0.18735181196991477, -0.13161600831052092, 0.03747238363246048]
A2: [-0.21751853754599407, -0.301090553501804, -0.3699301589466766, -0.1460597794608296] - [0.033744680728723955, 0.18149484686069883, -0.490053037153209, -0.03297772045157105] - [-0.23843105167804265, 0.25666095981628834, -0.6235585204793352, -0.35876440389639125] - [-0.08014472674044422, -0.20893544195219155, -0.3879581776814932, -0.08548157068193586]
B1: 0.040414487609778754 - -0.022131920557400698 - 0.029474878750727917 - 0.009058094619395728
B2: 0.031755120275244755 - 0.0065420711245262764 - -0.01984248128352585 - 0.013048640212424582
