Number: 4377
Error: 1.0087862236018307e-15
A1: [0.06621305805036197, -0.11395220057806668, -0.02398407381451708, 0.07172274472571358] - [0.03740261879906517, 0.18819337580933912, -0.14740894022111153, -0.0781870036192019] - [-0.06022939510306072, 0.3289507772890993, -0.1277531329516782, -0.1409683453522109] - [0.039046179874251394, -0.05332266638444714, -0.03741857033080058, 0.05169514031703864]
A2: [-0.00910848286484019, -0.34680308689359035, 0.2494551839998853, 0.10645677731294215] - [0.08003985249103976, 0.036282285762770775, -0.05025008305181075, -0.06607193003895134] - [-0.042452758351883925, 0.23083195852842686, -0.040531180061349315, -0.14784777139179076] - [0.06813472838207012, -0.29346790770307246, 0.14177118603242564, 0.08356180395002616]
B1: -2.7537376142593634e-08 - 1.95538224287075e-08 - 1.2745306183769209e-08 - -2.1323379617149397e-08
B2: 2.3931111289234623e-08 - 2.848773409179047e-08 - -1.75852051275037e-09 - -4.290524382081798e-08
