Number: 5368
Error: 1.9655860378407654e-15
A1: [0.06621320963243535, -0.11395205238326714, -0.023983922351369747, 0.07172289605339223] - [0.03740263959517593, 0.18819339567877563, -0.14740891977682496, -0.07818698317311398] - [-0.06022979676819195, 0.32895039151107314, -0.12775352599782963, -0.1409687362842267] - [0.03904611644632114, -0.05332272658774071, -0.037418631695065006, 0.051695079450937945]
A2: [-0.00910859288738987, -0.34680320361008027, 0.24945507308673165, 0.10645666196046752] - [0.08004005350870956, 0.036282502316110916, -0.050249863351145056, -0.06607170847293885] - [-0.04245301754558729, 0.23083167246714587, -0.04053145782291328, -0.14784805804922815] - [0.06813458683953093, -0.29346806354678884, 0.1417710325869056, 0.0835616452557472]
B1: -1.9828994275667832e-08 - -6.211110456848448e-08 - 2.2627079046869936e-08 - 1.4855988386297049e-08
B2: 1.0914864990946351e-08 - 4.638899872361776e-09 - 5.074925917004571e-08 - -5.768173334893106e-08
