Number: 8074
Error: 1.0044848450180354e-15
A1: [0.08043170766055767, -0.1804677877771832, -0.019588834024844636, 0.11962499471151555] - [0.03741558538992262, 0.133596391567047, -0.13472618081282217, -0.03628581970420517] - [-0.0017028099516574358, 0.22819012556770693, -0.122828373597336, -0.10365890116574397] - [0.03886325152201136, -0.1144810015075046, -0.04641642431378112, 0.12203424503520005]
A2: [0.035307399400770996, -0.02927351957823887, -0.07569739146310857, 0.06966336204897242] - [0.10289381766021449, 0.2828967688231952, -0.39260633145992097, 0.006816066151593564] - [-0.01118712244731494, 0.5390145680968333, -0.35945103674835877, -0.16837648822817464] - [0.09786286961414145, 0.017463387021116317, -0.16885094368250478, 0.053524952076890855]
B1: 1.9795481241190555e-08 - -2.5860498472963777e-08 - 8.46220052983301e-09 - -1.8374346265491434e-08
B2: 3.3010143658376596e-09 - -1.1840825736695091e-08 - 8.367002374050089e-10 - -5.314646399635424e-09
