Number: 1715
Error: 1.825267796252242e-07
A1: [-0.004583827632487272, -0.01238002719829161, 0.005703901650666589, 0.022113660622705443] - [0.06662480613216211, 0.18969029796012668, -0.14694446202296024, -0.11008759131232179] - [-0.11115495337272746, 0.44316293621481767, -0.06930838770297203, -0.25655840503448996] - [-0.021781499831362558, 0.016883719561024284, -0.028315884922996155, 0.040576496237448696]
A2: [0.13030374357343613, -0.22586403971656227, 0.02141453031443754, 0.06890578394427169] - [0.033090867065436146, 0.20418752751884015, -0.11444544612832958, -0.12101883094466791] - [-0.09563264063728194, 0.5545699164984984, -0.23618341976167917, -0.22662840637982112] - [-0.0216703188015955, -0.020088120859837747, 0.0072886640329457965, 0.0313709773584423]
B1: -0.0006629016857692887 - 4.74204664531995e-05 - 0.00012383742481207008 - -0.0007254076751650936
B2: -0.00025732616388276185 - -7.775852042662604e-05 - -0.000716414041136392 - -0.00041639729234000354
