Number: 2519
Error: 7.140296674710826e-08
A1: [0.06280731485522789, -0.048493381168191026, -0.024062999857737456, 0.007233039066603529] - [0.044433860654141545, 0.19201463005140923, -0.1417738481094946, -0.0916679547181853] - [-0.12377485518204245, 0.4145378794162626, -0.10518216300705938, -0.1873957209636371] - [0.03677730339137926, 0.018947647164495433, -0.033354272740120566, -0.023273529399585005]
A2: [0.06325620855940094, -0.17387794618568578, 0.08614290258054132, 0.023777576229303172] - [0.029473959292969653, 0.20048120080280982, -0.10152632569022112, -0.12769266558956976] - [-0.09199669213345651, 0.5150745680546579, -0.22419202917996695, -0.19372677813073164] - [-0.02456351096073284, 0.01988491791235765, -0.048929631836237254, 0.05830494910415732]
B1: 0.00017011868357168258 - 0.000356641384907897 - 0.0005272043131993173 - 6.0938060088593245e-05
B2: 0.00011608475314910859 - 2.0494418989992438e-05 - 0.00025262429384146387 - 7.788565407163869e-05
