Number: 8474
Error: 8.847897312728223e-16
A1: [0.08043167195004697, -0.18046782348363494, -0.01958886969268142, 0.11962495900508067] - [0.037415556672579564, 0.13359636287142704, -0.13472620947289687, -0.03628584840561288] - [-0.001702802956574556, 0.22819013256264123, -0.12282836661249813, -0.10365889417252118] - [0.038863181927947375, -0.11448107090622309, -0.04641649386348864, 0.12203417548441463]
A2: [0.03530741166769478, -0.02927350727735129, -0.0756973797998623, 0.06966337488763946] - [0.10289387790334707, 0.28289682957763146, -0.3926062731934376, 0.0068161292348059635] - [-0.011187032349119934, 0.5390146587323852, -0.3594509514682602, -0.16837639328879156] - [0.09786286204798594, 0.017463379420538223, -0.16885095088495997, 0.053524944134841164]
B1: -1.6601630183270702e-08 - 5.273194642073901e-08 - 6.659020648274194e-09 - 1.4162816515969465e-08
B2: 3.522849941479652e-09 - 5.312581066690105e-08 - -4.65050044133811e-09 - 1.648442259966268e-08
