Number: 7823
Error: 8.337516912941518e-16
A1: [0.08043166461739619, -0.1804678308154704, -0.01958887701652597, 0.11962495167327476] - [0.03741559458436405, 0.13359640075452373, -0.13472617163674974, -0.03628581051487635] - [-0.0017028380672374438, 0.2281900974527264, -0.12282840167174906, -0.10365892927382032] - [0.03886321060164572, -0.11448104231303592, -0.04641646520806715, 0.12203420414026774]
A2: [0.03530753421367192, -0.02927338439245235, -0.07569726328455327, 0.06966350314512913] - [0.10289378260208544, 0.28289673346754396, -0.3926063653677256, 0.0068160294406740245] - [-0.011187107534800407, 0.5390145830983128, -0.35945102263330325, -0.16837647251436944] - [0.09786284187440612, 0.017463359155230253, -0.1688509700889924, 0.053524922959270506]
B1: -1.564612901678532e-08 - 8.384552830527488e-09 - -1.2370573500762088e-08 - -1.0480012099186442e-08
B2: -8.652269729600786e-09 - 2.0161013372877565e-09 - -2.6945205812862543e-09 - -1.0210920959440545e-08
