Number: 7459
Error: 7.798283778549588e-16
A1: [0.08043173185668723, -0.1804677635837946, -0.019588809857646817, 0.11962501890487881] - [0.03741563704164322, 0.13359644317967231, -0.13472612926408106, -0.03628576808112143] - [-0.0017027759130411207, 0.228190159605599, -0.12282833960856204, -0.1036588671362139] - [0.03886327911461866, -0.11448097399233433, -0.046416396738765194, 0.12203427261065207]
A2: [0.03530738788612377, -0.029273531124726904, -0.07569740241106972, 0.06966334999763052] - [0.10289376705986125, 0.28289671779340314, -0.39260638039998397, 0.006816013165721344] - [-0.011187008791184432, 0.5390146824308851, -0.35945092917027105, -0.16837636846483442] - [0.09786283619786511, 0.01746335345286582, -0.1688509754927234, 0.05352491700078175]
B1: -2.6651261039053217e-08 - 7.992764641665915e-09 - 2.0281371973324065e-08 - 6.772353561127268e-09
B2: 2.1692068409068966e-09 - 3.6537172996211794e-09 - 5.347339144213474e-09 - 2.628482155378131e-09
