Number: 315
Error: 6.363290648012108e-09
A1: [-0.012252629120800626, -0.014619116977015173, 0.017977637809008407, 0.008477098567299437] - [0.06592501568133421, 0.18958161432521006, -0.1452297541428199, -0.1099086122644543] - [-0.09654351988676432, 0.4215440905577298, -0.05372905712285539, -0.2723275300145256] - [-0.0015064344172973987, -0.01839706091873149, -0.004031932237566928, 0.023162965774888973]
A2: [0.16141818632047755, -0.16792015114179976, 0.008336211248154247, -0.0024973612964801707] - [0.03543509320289258, 0.20746690538724205, -0.11726084907320423, -0.1258415580196673] - [-0.08650629796166039, 0.5812513707373499, -0.23567355943507534, -0.26022102278069603] - [-0.003933415790305619, -0.004616060264868696, 0.0010128896612236495, 0.007149273469423956]
B1: -0.00015353449729825416 - -0.0002901214757725955 - -0.00016762105181411505 - -8.233587376432592e-05
B2: 0.000258095587719953 - -0.0007146053556738875 - -0.00011083066813071179 - -9.692309569213825e-05
