Number: 9044
Error: 0.00022784471797826722
A1: [0.058564964432037105, -0.1632004751406531, -0.025072842547616034, 0.12106673607089818] - [-0.00761396034290888, 0.11298727740292273, -0.12992187675689953, -0.038383274192964084] - [0.0064659959089479815, 0.2531490347589731, -0.09198647388165619, -0.05350709302018091] - [0.006932843130214361, -0.12186083275789261, -0.06652018224337866, 0.10186405956917556]
A2: [0.014806008006694397, -0.13417150992697952, -0.17671588349575382, 0.04687501250786985] - [0.10793709015539887, 0.2322929092591239, -0.4222352569918583, 0.02881057609768945] - [-0.048639206475598946, 0.3861785089768197, -0.46517514643940333, -0.2042441213580701] - [0.08394526990516415, -0.09875275802590236, -0.2588674676373224, 0.04686158312672209]
B1: 0.013141497498279826 - 0.0007770698300467328 - 0.017482227015266867 - 0.010708053853736126
B2: 0.025391859239003153 - 0.01954022051766308 - -0.00015304542595692716 - 0.02083033796667527
