Number: 5061
Error: 9.748278856497582e-16
A1: [0.06621327734081041, -0.11395198618796012, -0.023983854696141633, 0.07172296364813671] - [0.037402641269205936, 0.18819339727807352, -0.14740891813122067, -0.0781869815273589] - [-0.06022938568852668, 0.3289507863312151, -0.12775312373916156, -0.14096833618908328] - [0.0390461966454541, -0.05332265046576135, -0.03741855410511531, 0.051695156410923995]
A2: [-0.009108671019945355, -0.3468032864964648, 0.24945499432235738, 0.10645658004284576] - [0.08003984532870809, 0.036282278046912024, -0.050250090879743976, -0.06607193793342048] - [-0.04245280011188467, 0.23083191243952306, -0.04053122481288628, -0.1478478175768037] - [0.06813477067292636, -0.29346786113903295, 0.14177123187956628, 0.08356185136584597]
B1: -1.2368080176450045e-08 - 2.542962060009177e-09 - 4.904193654784349e-09 - 6.001487156929463e-09
B2: 4.5612133223102805e-08 - -1.1331687245932034e-08 - -2.2785667331015866e-08 - 1.9582859482794852e-09
