Number: 4828
Error: 8.547330767515919e-16
A1: [0.06621318238263231, -0.1139520790241858, -0.02398394957981398, 0.07172286884929904] - [0.03740262647003499, 0.18819338313844902, -0.14740893267995514, -0.07818699607737882] - [-0.06022941665583883, 0.32895075658884304, -0.1277531540419433, -0.14096836632888982] - [0.03904607416781104, -0.053322766717056776, -0.037418672598249964, 0.05169503887992138]
A2: [-0.009108431751408073, -0.3468030326704513, 0.24945523552674986, 0.10645683090239168] - [0.08003987324714187, 0.036282308123035144, -0.0502500603665307, -0.06607190716110097] - [-0.0424528421328537, 0.23083186606267134, -0.04053126984414661, -0.14784786405029063] - [0.06813478234238686, -0.29346784829050704, 0.14177124453035306, 0.08356186444941623]
B1: -5.456123009976915e-08 - 1.3093763435469273e-08 - 3.3714556431793645e-08 - 5.4862176593244123e-08
B2: -3.2174899256565955e-09 - -2.0369634864036888e-08 - 3.5277670384312607e-08 - 8.133075972630174e-09
