Number: 1286
Error: 5.910989817406249e-09
A1: [-0.00812758826900296, -0.01594202514854522, 0.0020200069193632023, 0.01848920498579912] - [0.06688688504515747, 0.1899422183824281, -0.14667309140346316, -0.10979542252629945] - [-0.11382483806764429, 0.44057117022101744, -0.07208030461529745, -0.25944216334285874] - [-0.0243390589443423, 0.014391936217181038, -0.03092387722292238, 0.037887835935627404]
A2: [0.13132550767949733, -0.22488609134632195, 0.02241080000675248, 0.06990590491946902] - [0.03252813364812038, 0.20363295750549343, -0.11500603100567743, -0.1215729935705581] - [-0.09479900843962387, 0.5553664961451135, -0.2353758282520842, -0.2258082066447144] - [-0.021385133533998932, -0.01982730126037268, 0.007565473620026505, 0.03164577980401986]
B1: -2.9658529217468167e-05 - 0.00016456667756700472 - 9.267556862178485e-05 - -8.716057914530199e-05
B2: -5.480106194122058e-05 - 0.00013057350546499452 - 3.686173469670254e-05 - -8.329500080268414e-05
