Number: 5766
Error: 0.0005004713622384017
A1: [0.06411003232809169, -0.2033414542742399, -0.0402704857181129, 0.1002105082579241] - [-0.010875256662827279, 0.07170041401216277, -0.19215969612315137, -0.09101394637411347] - [0.010046986426260876, 0.24644822287805845, -0.10875954706706362, -0.09026764513451743] - [0.1241891008615355, -0.021226736905377443, 0.0443573096219922, 0.21087020902830136]
A2: [0.09324646142443387, 0.02570438015145457, -0.011757127586809173, 0.1387384054009243] - [0.08003449621836381, 0.2624669849384377, -0.4207256993333167, -0.024697237481296618] - [-0.0025626895571342154, 0.5492535654617517, -0.34989397649251514, -0.16296543052944015] - [0.11630640095916207, 0.036263282637593514, -0.14806008447640304, 0.07237420100332898]
B1: -0.0065410672450180165 - 0.00979949487107503 - -0.006047989932328188 - -0.005510507090276045
B2: -0.035390126811024186 - -0.054994190361099704 - 0.012396100688368593 - 0.006701712292274317
