Number: 7935
Error: 1.0172841983193483e-15
A1: [0.08043171107248197, -0.18046778436565145, -0.01958883061699928, 0.11962499812304857] - [0.03741557474006233, 0.13359638092524612, -0.1347261914414796, -0.03628583034817304] - [-0.001702814792921246, 0.228190120726545, -0.12282837843151097, -0.10365890600571592] - [0.03886324790783475, -0.11448100511154496, -0.046416427925655854, 0.12203424142326726]
A2: [0.03530758623746737, -0.02927333222478445, -0.07569721382088852, 0.06966355759356267] - [0.10289376586898175, 0.28289671659241694, -0.39260638155176825, 0.006816011918671412] - [-0.011187166269931909, 0.5390145240128497, -0.3594510782274741, -0.16837653440553269] - [0.09786283566280544, 0.017463352915362624, -0.1688509760020338, 0.053524916439106056]
B1: 3.727671610608927e-08 - 2.3023292975972562e-08 - -2.8153849470802998e-08 - 2.974920454073992e-09
B2: 1.2553901587048187e-08 - 4.985532169780957e-09 - 1.6884166991572513e-08 - 8.156370641809436e-09
