Number: 6227
Error: 9.062341796685822e-16
A1: [0.08043166014977242, -0.1804678352825777, -0.019588881478813002, 0.1196249472061604] - [0.03741557290250344, 0.13359637908908215, -0.13472619327542323, -0.036285832184726564] - [-0.0017028306028495084, 0.22819010491696257, -0.12282839421829703, -0.10365892181142865] - [0.03886321970552471, -0.11448103323469408, -0.04641645610999353, 0.12203421323849131]
A2: [0.0353074153961601, -0.029273503538617348, -0.07569737625482213, 0.0696633787898192] - [0.10289372253580094, 0.28289667289145265, -0.39260642346308133, 0.00681596654250921] - [-0.0111870795787098, 0.5390146112211626, -0.35945099617228277, -0.16837644305603977] - [0.09786279001089856, 0.017463307055808616, -0.16885101945973366, 0.053524868519510216]
B1: -1.771795970326399e-08 - -9.604307742990762e-09 - -1.0205341845795376e-08 - -8.486910233898678e-09
B2: -1.2680251284688687e-08 - -1.8392014298357017e-08 - -4.350958686187774e-10 - -7.515510536580397e-09
