Number: 3349
Error: 1.1099353090455092e-06
A1: [0.06316867047093527, -0.11694361475777687, -0.02705886448627396, 0.0686596867975094] - [0.03529125124295813, 0.18616019005524642, -0.1494997617448404, -0.0802756907095536] - [-0.04740225997093419, 0.3413825742273764, -0.1150711594348337, -0.12838334832494294] - [0.03999756259598733, -0.0524356107454257, -0.036514806899733465, 0.05259019276287116]
A2: [-0.00793283269592207, -0.3455539523769241, 0.25075330177503713, 0.10770060687400737] - [0.07962587021706828, 0.03584349379890717, -0.050740321999361654, -0.06653299347274647] - [-0.04459032772342533, 0.22845023624002847, -0.04285129308599313, -0.15024149339549905] - [0.06642404973241277, -0.29536194441639774, 0.13992088276105863, 0.08163029325290284]
B1: -0.00034721282928302697 - 0.0005350911306963258 - -0.0004611089222262603 - -0.00034532983092876195
B2: -0.0008011641672250326 - 0.0019157999989715371 - -0.0016026949220342213 - 0.0008447077494599426
