Number: 1524
Error: 1.025939986249591e-08
A1: [-0.00722957002331088, -0.015036351136216337, 0.0029529962445839528, 0.019411243143299055] - [0.06652261231668083, 0.18959176262984767, -0.14704952789804698, -0.11020072261699082] - [-0.11279189155345237, 0.4415825088805691, -0.07100484710277241, -0.25832337046806975] - [-0.02295746137192785, 0.01574861884615495, -0.029514170399335453, 0.03934663346891388]
A2: [0.131344882601889, -0.22486585678566576, 0.02242909113788351, 0.06992475224993851] - [0.03268052484096221, 0.20378286287654415, -0.1148541172883101, -0.1214240453103339] - [-0.09478514945350477, 0.5553797951061219, -0.23536256857654478, -0.2257956055434516] - [-0.020979868451195385, -0.0194262191876156, 0.007966274917143846, 0.032035075251110476]
B1: -0.00015512056627925734 - -9.944329888497702e-05 - -0.00014287338546817738 - -4.1381091639669705e-05
B2: 7.633854191427035e-05 - -0.00017728006275273764 - 7.700752474840368e-05 - -9.929528227845448e-05
