Number: 7749
Error: 7.749030738111312e-16
A1: [0.08043167270997136, -0.1804678227238136, -0.019588868933626827, 0.11962495976492579] - [0.03741550075345666, 0.1335963069946312, -0.13472626528069737, -0.036285904293806556] - [-0.0017028591450457967, 0.22819007637536687, -0.12282842271869557, -0.1036589503460029] - [0.03886322176241859, -0.11448103118358606, -0.046416454054405774, 0.12203421529410415]
A2: [0.035307423751491825, -0.02927349516016089, -0.07569736831071676, 0.06966338753461102] - [0.10289368941376588, 0.2828966394883286, -0.39260645549830314, 0.006815931858962323] - [-0.01118711475657267, 0.5390145758334666, -0.359451029468878, -0.16837648012419343] - [0.097862791711172, 0.017463308763820885, -0.16885101784119955, 0.053524870304265317]
B1: -1.2595513196698396e-08 - -2.9064200088126227e-08 - -9.019821867742984e-09 - -9.378073800475048e-09
B2: 3.2824737197941228e-09 - -5.04074996211717e-08 - -1.2857218373811906e-08 - 4.33952609393304e-09
