Number: 1960
Error: 1.5801869685045273e-05
A1: [0.011374880197195344, 0.004179192469078077, 0.022634875708236545, 0.038886906810010405] - [0.05167778694290472, 0.17528136449639767, -0.16249372323772102, -0.12683853487651214] - [-0.12150701622663901, 0.4330370784431683, -0.08015788852783086, -0.26765660500850835] - [-0.05524173088240128, -0.016299360805192335, -0.06298591520355681, 0.005049515506837944]
A2: [0.1302476139485932, -0.22644448842365594, 0.020765523086010443, 0.06795807618326503] - [0.03597884501574356, 0.20708935051072597, -0.11156682475462719, -0.11820515067835585] - [-0.07977586023253178, 0.5700904161697985, -0.220711806080953, -0.21104986836851494] - [-0.010708428256973334, -0.009484599582482468, 0.01793847116960182, 0.04164329354216681]
B1: 0.0035950458773616424 - 0.004324111955599404 - -0.001393600106902043 - -0.0011085678548481666
B2: 0.0040698246728601345 - 0.015780556280407983 - -0.006287012091647965 - -0.01225681118099987
