Number: 2336
Error: 2.7361129943517024e-05
A1: [0.05194225545452847, -0.06188228486566481, -0.03922761446214386, -0.005291238102619383] - [0.0437269568054845, 0.1912532546552349, -0.14292238071230065, -0.0918881038459602] - [-0.1275847006412429, 0.4116630741570134, -0.10826199317634774, -0.19048722947714086] - [0.04596633611210364, 0.028941617571716503, -0.022865904253158344, -0.013964416170886711]
A2: [0.04369795680914512, -0.19215111788466288, 0.06775621341472662, 0.004196364079286349] - [0.030882031487467116, 0.20181342386554577, -0.10018703290096818, -0.12635937411027395] - [-0.07637516737932765, 0.5298919241847654, -0.20877145580235784, -0.17868637963940787] - [-0.0005024609163902945, 0.04398009526294476, -0.02400419414076323, 0.0828527008125987]
B1: -0.012037000949591715 - 0.001221553298508842 - 0.004086333250721893 - 0.0057371336565659355
B2: 0.0008987700918145856 - -0.006682916885590449 - 0.004464269583362447 - 0.008936099838859748
