Number: 3709
Error: 3.8817059199663555e-15
A1: [0.06621294860567986, -0.11395230757694376, -0.02398418317331501, 0.0717226354646973] - [0.03740272982446751, 0.1881934818864664, -0.14740883107470001, -0.07818689446306258] - [-0.060229662977137895, 0.3289505200110944, -0.12775339507735664, -0.14096860606807127] - [0.03904614778630779, -0.05332269684135353, -0.03741860137483244, 0.05169510952509733]
A2: [-0.00910854946068671, -0.34680315754148366, 0.24945511686525745, 0.10645670749073297] - [0.0800401390191184, 0.036282594435807614, -0.05024976989279452, -0.06607161422070847] - [-0.04245324829425206, 0.23083141779706512, -0.04053170510322981, -0.14784831325028697] - [0.06813459758787944, -0.29346805171360946, 0.1417710442387538, 0.08356165730504372]
B1: -7.317606391492868e-08 - 1.3841413148889047e-08 - 1.8005460916652826e-07 - -3.876217714916738e-08
B2: 7.400857908437983e-08 - 9.052376430101688e-08 - -2.253277344792081e-08 - -9.39531101818854e-08
