Number: 6641
Error: 1.143398712401437e-15
A1: [0.08043168018956626, -0.1804678152450576, -0.01958886146298192, 0.11962496724366274] - [0.03741559773455919, 0.13359640390233987, -0.13472616849284588, -0.036285807366429515] - [-0.0017028610601014134, 0.22819007446035702, -0.12282842463095421, -0.10365895226055453] - [0.038863248801085326, -0.11448100422078954, -0.04641642703297159, 0.12203424231596587]
A2: [0.0353074494264592, -0.02927346941419155, -0.07569734389927059, 0.06966341440623913] - [0.10289374056582402, 0.2828966910744995, -0.39260640602468283, 0.006815985422589957] - [-0.011187105283191627, 0.5390145853633612, -0.3594510205021221, -0.16837647014175697] - [0.09786281271804739, 0.017463329866246182, -0.16885099784401025, 0.053524892354639926]
B1: -3.3250325969672056e-09 - 3.603719940206439e-09 - -5.838314421412493e-09 - -4.9324209015516065e-09
B2: -2.8324621423868466e-09 - 6.861413387671919e-09 - -3.1744150455943334e-08 - 1.2307565198025934e-08
