Number: 3699
Error: 7.168804485241264e-15
A1: [0.06621316906894996, -0.11395209204028625, -0.023983962883022562, 0.07172285555797511] - [0.03740296156981205, 0.1881937033032603, -0.14740860325130198, -0.07818666661947093] - [-0.060229666745294445, 0.3289505163920176, -0.12775339876470107, -0.1409686097355616] - [0.039046612544066134, -0.053322255711306873, -0.03741815173738421, 0.05169555551164202]
A2: [-0.0091088669892739, -0.3468034943901642, 0.24945479676743054, 0.10645637457886149] - [0.08004029299671578, 0.036282760313946866, -0.050249601603979496, -0.06607144450275108] - [-0.04245310749513951, 0.23083157319186715, -0.04053155421721603, -0.14784815753165273] - [0.06813427777424128, -0.29346840384298173, 0.14177069752954805, 0.08356129873406341]
B1: -2.329434851588838e-07 - 1.1589188602773188e-07 - 3.673196747382665e-07 - -9.516479818831103e-08
B2: 4.072921998717225e-08 - 1.1496763643784634e-07 - -1.034692508091932e-07 - -9.515596545476814e-08
