Number: 1856
Error: 6.550725763350457e-08
A1: [-0.005488956170993133, -0.013254812459001022, 0.004804800849171771, 0.02118870693976141] - [0.06880544109682417, 0.19179418444876856, -0.1446882973195705, -0.10765949194046634] - [-0.11482086565291341, 0.43961948766560976, -0.07317588298654747, -0.26051229816306276] - [-0.024454344875175626, 0.014313332116714067, -0.03111438578547428, 0.037771675761458304]
A2: [0.1314292792715915, -0.22482313018993164, 0.022501290892666986, 0.06999150480465664] - [0.033038440129661686, 0.204149277045125, -0.11449599254695321, -0.12106507461239789] - [-0.09565130822023424, 0.5545370125929104, -0.23614047471678648, -0.2265418949353111] - [-0.022762014120120765, -0.02122489719731007, 0.006176175653054237, 0.03029786578051046]
B1: 0.000723115154167853 - 0.00082382166213457 - 0.0009127177280367037 - -9.364321532582623e-06
B2: -0.0002113622758907776 - 0.0016852641512544895 - 0.000772927640764005 - 0.00030896817152320847
