Number: 5893
Error: 3.288934185836133e-08
A1: [0.08010936495464777, -0.18079038491595056, -0.019910536405999234, 0.11930280109007188] - [0.036440750852627074, 0.13262218553363173, -0.1356988186366953, -0.03725998977708753] - [-0.00192893851619164, 0.2279640640634917, -0.12305390734712789, -0.1038848426276856] - [0.03921005428563063, -0.1141352402003633, -0.04606954434349022, 0.12238097376695123]
A2: [0.034725267042824665, -0.029857086717073704, -0.07625080368146497, 0.06905398826125704] - [0.10294838613077435, 0.282951242538173, -0.3925539267028967, 0.006873237387872799] - [-0.010646196126303051, 0.5395584078422727, -0.35893882145635114, -0.16780605264774298] - [0.09776427136015467, 0.017364297701368516, -0.1689446884090799, 0.05342156304976511]
B1: 9.754559086897239e-05 - -0.00016417255631985273 - -0.00013599434698595786 - 1.3342542488014439e-05
B2: -0.0005894864921604776 - -0.00022036672310305703 - 0.00033191463648891766 - -0.00021049210748680478
