Number: 6156
Error: 7.637900489941284e-16
A1: [0.08043160924918213, -0.18046788617740314, -0.01958893231854127, 0.11962489631138372] - [0.037415520558198204, 0.13359632678439387, -0.13472624551543128, -0.03628588450003567] - [-0.0017028819029974152, 0.22819005361790912, -0.1228284454433322, -0.10365897309788755] - [0.038863140063185614, -0.11448111265352441, -0.04641653570158335, 0.12203413364564951]
A2: [0.0353074666946984, -0.029273452098191724, -0.07569732748086104, 0.06966343247933797] - [0.10289380470761518, 0.28289675576067336, -0.39260634398759797, 0.00681605258844544] - [-0.011187069345003716, 0.5390146215159104, -0.3594509864858705, -0.16837643227242355] - [0.09786281065246591, 0.01746332779126873, -0.1688509998103105, 0.053524890186449736]
B1: -2.9934119176010432e-09 - 2.1681323149440323e-08 - -1.3563583714303006e-08 - -3.75093304343876e-09
B2: 2.9281789926821422e-08 - 2.3684485019008473e-08 - -5.483384644001533e-08 - 1.1690138191982529e-08
