Number: 9118
Error: 1.6156928029683776e-05
A1: [0.056215706691010614, -0.14537616198085318, -0.02390390590771599, 0.12436727411328566] - [0.013478868142899312, 0.13921699506798338, -0.10523211266172862, -0.014016241814502449] - [0.0007642836480309375, 0.23879938338629825, -0.11141713557178616, -0.06556113597823157] - [0.03402199823231643, -0.09309614117119527, -0.04213100768622685, 0.1293428439757502]
A2: [0.10787446332118142, -0.053813388630452895, -0.10448943747667357, 0.1265844353255585] - [0.10123931939312604, 0.24215450395642601, -0.41229985477332237, 0.03839725540937062] - [0.036262236360957906, 0.46245595981513266, -0.3776347562930075, -0.12188213608330303] - [0.12495794240794422, -0.06317578310204756, -0.2199134853465612, 0.0836977137364564]
B1: 0.006184027805270901 - -0.0006599294481252479 - -0.001919314348776405 - -0.0050059418220633626
B2: 0.0012386298610448936 - -0.0033450753621879414 - -0.003609284540872679 - -0.001462033852524641
