Number: 9223
Error: 1.6547151932574508e-08
A1: [0.05469755553435709, -0.14647839696121862, -0.025477154930506476, 0.1233524201175341] - [0.004436131050304745, 0.12995983311775383, -0.11447648892634252, -0.023426114469224775] - [-0.013182172412416615, 0.22435496110495232, -0.1257795447901679, -0.08034196641814674] - [0.029024784471722936, -0.0981448919693056, -0.04754425065584043, 0.1241801680395997]
A2: [0.08921053092670912, -0.07295066861333825, -0.12366691106877396, 0.10724144687731657] - [0.10891528854444264, 0.24988674662918348, -0.40477423561495424, 0.04626453817433973] - [0.036126706546560985, 0.4620480508423472, -0.378213941027545, -0.12198718795662299] - [0.14394463238563807, -0.044087470670792384, -0.20099168396206377, 0.10320529745219505]
B1: -6.6610252651616765e-06 - 0.0002545194326801299 - 0.0002555739390830802 - 5.26156989531296e-05
B2: -0.00034983273007839304 - 0.00010385590537013601 - 0.0008302637469761649 - -0.000281733607798547
