Number: 7824
Error: 9.73113536843856e-16
A1: [0.0804316651334622, -0.18046783029946287, -0.01958887650107697, 0.11962495218928186] - [0.03741559229703539, 0.1335963984689263, -0.134726173919521, -0.036285812800938025] - [-0.0017028359865583834, 0.22819009953336103, -0.12282839959411636, -0.10365892719369652] - [0.03886321004516407, -0.1144810428679559, -0.046416465764194205, 0.12203420358413195]
A2: [0.035307538145142314, -0.029273380450108178, -0.07569725954655679, 0.06966350725983454] - [0.10289377429619172, 0.2828967250911584, -0.392606373401082, 0.006816020743196619] - [-0.011187095973658726, 0.5390145947284103, -0.35945101169041754, -0.16837646033200593] - [0.09786284748714022, 0.017463364793494276, -0.1688509647460269, 0.05352492885080738]
B1: -2.560088198058498e-08 - 3.6046856560969007e-09 - -1.1184359652102371e-08 - -1.4315005767073998e-08
B2: -1.0257775516868465e-08 - 6.17374819678954e-09 - -4.656779646808585e-09 - -1.1311377898533539e-08
