Number: 1247
Error: 3.710879354413351e-08
A1: [-0.006928377334346051, -0.0147320201768791, 0.003269528214697245, 0.01972076709981531] - [0.06701176304892745, 0.1900626692826481, -0.14654414360036888, -0.109656422820541] - [-0.11271006198414325, 0.4416634429171471, -0.07091480161424306, -0.2582353037942858] - [-0.024108651800810472, 0.014617582017291892, -0.03068544077468757, 0.03813000377227481]
A2: [0.13194844605475864, -0.22427112506921, 0.023022779025449285, 0.07051443628434384] - [0.03242094305990059, 0.2035275644531383, -0.1151125762919023, -0.12167764279604189] - [-0.09592467548692292, 0.5542625283825844, -0.23648313353198896, -0.22691423310029338] - [-0.020799084965219535, -0.019248420246808548, 0.008146229552431168, 0.0322089276864156]
B1: 0.00010449389255030553 - -0.0005837713337713442 - -0.00015849394404478202 - 0.00038385933813592514
B2: -4.238024196131356e-05 - -4.997120941114001e-05 - 0.00019543357409860433 - 0.00014659286392925184
