Number: 525
Error: 9.472314297451959e-14
A1: [-0.012151174355050361, -0.014514890464771559, 0.018089736598753875, 0.008585469121101884] - [0.0658361680642269, 0.1894961580609587, -0.14532160598879393, -0.11000752234966069] - [-0.09629188997354925, 0.4217872342905603, -0.053456048399121325, -0.2720343547289089] - [-0.0013220654604856911, -0.01821978843609407, -0.0038357123748334484, 0.02337609029920242]
A2: [0.16158616276594243, -0.16775532079805522, 0.008500787105340406, -0.0023336134964259017] - [0.035485816584381366, 0.20751681333716715, -0.1172103315472793, -0.12579193851417864] - [-0.08621405291202393, 0.5815376239669274, -0.23538922115938982, -0.25993606377113626] - [-0.0038353701118849894, -0.004519685923939074, 0.0011098581929554587, 0.0072430073797570505]
B1: 2.7028236056728427e-07 - 4.3671891838598074e-07 - -7.225630801784807e-08 - -3.0345858367240486e-07
B2: -3.8792905093252764e-08 - 1.7667752449281662e-07 - 8.57886502305924e-07 - 1.961568402480588e-07
