Number: 1343
Error: 2.977242309108064e-09
A1: [-0.007466454011544787, -0.015275232936159969, 0.0027074215467235915, 0.019168228076937764] - [0.06669329949081576, 0.18975601719076743, -0.14687314764832668, -0.110010773226685] - [-0.11282831428027813, 0.4415473409376802, -0.07104242387547376, -0.25836293119791487] - [-0.023318552037490472, 0.015394119966763903, -0.029882536326654288, 0.038965232332288414]
A2: [0.13171996177311862, -0.2244968966939254, 0.022798389818313437, 0.07029140681887917] - [0.032785559646527566, 0.2038862775261345, -0.11474964729190593, -0.12132120442690424] - [-0.0943816315996404, 0.5557775808302541, -0.2349651701842419, -0.2253981055701897] - [-0.020953111072965602, -0.01939998893291848, 0.007993456032328676, 0.03206078882016042]
B1: -3.546468671645587e-05 - 8.511440150614154e-06 - -8.591672934779998e-05 - 1.699376411816767e-05
B2: -7.490943124763142e-05 - -0.00019935578081750402 - 7.270444867275394e-05 - 6.800827481672683e-06
