Number: 1279
Error: 8.89212765001542e-09
A1: [-0.006962379903324424, -0.014766203995570439, 0.0032313672486965254, 0.019685973712634707] - [0.06679244932292823, 0.18985136809672984, -0.14677073999846102, -0.1099004753559159] - [-0.11238691433566814, 0.44198098888886744, -0.07058176327594384, -0.257885177649039] - [-0.023267998076724434, 0.015444384980986731, -0.02983063310119274, 0.03901852007983394]
A2: [0.13167517291864173, -0.22454179158396476, 0.022754741131514464, 0.07024789750269779] - [0.03281581000179101, 0.20391592245108384, -0.11471951419255318, -0.12129154545550215] - [-0.09442642327236464, 0.5557335988593192, -0.2350095776458394, -0.22544184738843764] - [-0.02080519558373973, -0.019255271950192096, 0.00814081296526004, 0.03220325184425026]
B1: -0.00012831451445321338 - 0.0003790739817666096 - -0.00010047986357429982 - -8.82773257109197e-05
B2: 0.00010809296948355048 - 5.5929492131780395e-06 - 0.00011104708541042024 - 7.216842351398402e-05
