Number: 9669
Error: 1.7808101092989295e-14
A1: [0.0531727587562544, -0.14800106228364307, -0.026998838935221817, 0.12182803069851926] - [0.0053137374720930415, 0.13083671194078753, -0.11360072612212117, -0.022549745695744736] - [-0.014444506262733916, 0.22309159113138446, -0.127041209260986, -0.08160596269551602] - [0.027146357027094378, -0.1000201411075617, -0.049424611686624535, 0.12229801707298808]
A2: [0.08925435584695336, -0.07291347552027035, -0.12362752387889564, 0.10728627631558803] - [0.10884098501887697, 0.2498134372000121, -0.40484601858060637, 0.046188723794042395] - [0.03663507857770467, 0.4625542705067463, -0.37771828263496243, -0.12147412971343488] - [0.14342695293725397, -0.04460610552214343, -0.20149902800124353, 0.1026803899411376]
B1: -6.133537519046733e-08 - 1.0239917945950826e-07 - 2.8333939104131462e-09 - -2.8611313645006085e-07
B2: 1.9956686515812167e-07 - 2.325607402435295e-08 - -1.9127715190738496e-07 - 3.346404159765699e-08
