Number: 5666
Error: 4.034654587341067e-05
A1: [0.07133404932082442, -0.10863605369983713, -0.01874157505030525, 0.07691368866364016] - [0.027625698229088516, 0.17904578113689515, -0.15695284208748253, -0.0878079560463491] - [-0.056859269951285464, 0.33100141910986003, -0.1251830757173947, -0.13934396692090753] - [0.045587583036726206, -0.04587855383573393, -0.030505635032970903, 0.0587361620185121]
A2: [-0.019825258930303916, -0.35853547309606254, 0.23805610397628765, 0.09661898243796234] - [0.07967591519455045, 0.03589906878640585, -0.050887106728632975, -0.06624967074008917] - [-0.04414842576156703, 0.22878110513541197, -0.04282152300920568, -0.14888085099228157] - [0.06016388524920673, -0.30221329647781375, 0.13244740606526503, 0.0753137482766318]
B1: -0.006221269236365995 - 0.0026403619408866767 - -0.0018833155721093581 - 0.003665094223758443
B2: 0.006544746574617018 - -0.0017001937061363421 - 0.006397012137110586 - 0.00998356682777997
