Number: 1140
Error: 1.1197040873128338e-06
A1: [-0.007913977650456473, -0.015704255076450763, 0.0022910307121980777, 0.018687352564888363] - [0.06794542156966311, 0.19094371838549556, -0.14558572349487497, -0.1085971227341989] - [-0.11081588778053181, 0.4435614205748948, -0.06889595824330355, -0.25618219696654165] - [-0.02913956859383715, 0.009643824927813733, -0.03571606180981085, 0.03284837948827508]
A2: [0.13293714165497786, -0.2233042791278035, 0.024013473953093785, 0.07146492809934994] - [0.03221658689234556, 0.2033478524240589, -0.11531911862185575, -0.12187778804288887] - [-0.09356500704683919, 0.5566150899697504, -0.23413060735180438, -0.2246461478080178] - [-0.0184891584732814, -0.01702957326584058, 0.010443395652184169, 0.03436354031655095]
B1: -0.0009015467658589466 - -0.00032982925079767393 - -0.0015175542979085242 - -0.001044043369077062
B2: -0.0009720042980443456 - 0.0006324261879448231 - -0.002131618624035253 - 0.0011699866387971216
