Number: 6313
Error: 5.575315380934302e-16
A1: [0.08043166221034656, -0.18046783322223744, -0.019588879420702362, 0.11962494926649886] - [0.03741556766025678, 0.1335963738508029, -0.1347261985072234, -0.036285837424069434] - [-0.0017028239909905954, 0.22819011152867955, -0.12282838761611947, -0.10365891520133502] - [0.038863222842659556, -0.11448103010636423, -0.046416452974857844, 0.12203421637367573]
A2: [0.035307389836423037, -0.029273529169050103, -0.07569740055668406, 0.06966335203876915] - [0.10289380279898104, 0.28289675383583973, -0.39260634583360077, 0.00681605058981959] - [-0.011187147731698838, 0.5390145426616645, -0.35945106068053106, -0.16837651487126637] - [0.09786283342867892, 0.017463350671083348, -0.16885097812883793, 0.05352491409407084]
B1: 2.247295362326782e-08 - 9.412952119994573e-09 - 4.629594656482133e-08 - 8.529499162148483e-09
B2: 1.4044295658718655e-08 - 1.5246273213958995e-08 - 3.179710157554603e-08 - 2.292226003586366e-08
