Number: 1025
Error: 0.000178689237376388
A1: [-0.02822878364004687, -0.041187092440163706, -0.015512231726428793, -0.010750008630300262] - [0.07334385384845109, 0.1960955231169679, -0.13940285565322302, -0.10239842973076377] - [-0.25052466251047534, 0.2732121798510704, -0.2366070889037091, -0.4424944215843003] - [-0.11307121568113677, -0.10983956628542885, -0.13336638607415002, -0.0855022134581557]
A2: [0.24014609072042425, -0.1070623655086208, 0.0921637075515315, 0.1110846542992993] - [0.06793829168394352, 0.2379640624986834, -0.08259580347726317, -0.08977586775806708] - [-0.1103674591844675, 0.5515054371281647, -0.24984408158627552, -0.27009509619512034] - [0.009185292720175159, 0.007193286589535925, 0.02253963666455399, 0.03703318898685848]
B1: 0.004314439437449698 - -0.02188647698418591 - -0.03543588889169132 - -0.00870827094372512
B2: -0.05733884210478347 - 0.012270790031174407 - -0.03526398632519477 - 0.039024447662020685
