Number: 4787
Error: 7.537396494876239e-16
A1: [0.06621316739011435, -0.11395209368167898, -0.023983964560575805, 0.07172285388193293] - [0.037402606072484815, 0.18819336364996542, -0.147408952732319, -0.07818701613151673] - [-0.06022930539868854, 0.3289508634452725, -0.12775304517223138, -0.1409682580447213] - [0.03904616219064945, -0.0533226831690497, -0.03741858743908369, 0.051695123347617056]
A2: [-0.009108563277096969, -0.34680317219844153, 0.24945510293690434, 0.10645669300503265] - [0.08003990547957746, 0.036282342846580815, -0.050250025138337616, -0.06607187163378171] - [-0.04245277102674625, 0.23083194453962758, -0.04053119364413847, -0.14784778540976784] - [0.06813485966788017, -0.2934677631519252, 0.14177132835852332, 0.0835619511453897]
B1: -1.0407185041471518e-08 - 2.9733929070099786e-08 - -1.0178674938401419e-09 - 1.4479322545592515e-08
B2: -2.8106880507313386e-09 - 5.684977928912167e-09 - 7.697670992491862e-09 - 2.8127709870548973e-08
