Number: 6479
Error: 8.759061727046745e-16
A1: [0.08043169100946299, -0.1804678044263862, -0.019588850656022682, 0.11962497806232372] - [0.03741559401224022, 0.13359640018283772, -0.13472617220774824, -0.03628581108668645] - [-0.0017028150094056743, 0.22819012051007112, -0.12282837864768367, -0.10365890622214884] - [0.03886323439157695, -0.11448101858985982, -0.04641644143329836, 0.12203422791541325]
A2: [0.03530744892052678, -0.029273469921523645, -0.07569734438030491, 0.06966341387672603] - [0.10289373805908195, 0.28289668854648237, -0.3926064084491708, 0.006815982797664319] - [-0.011187090070989412, 0.539014600666298, -0.359451006103447, -0.16837645411212268] - [0.09786280626223216, 0.01746332338106525, -0.16885100398952654, 0.05352488557813322]
B1: -4.130208028581113e-09 - -2.3676106368368646e-10 - -3.1990516700474593e-09 - -2.3358045779080967e-10
B2: -1.7708903787582202e-09 - -3.464607958929178e-09 - 5.662510534975199e-10 - -3.985059500028141e-09
