Number: 5946
Error: 2.601010434207482e-10
A1: [0.08046357914652302, -0.18043592181279236, -0.019556999007693476, 0.11965686344002814] - [0.037315134265569136, 0.13349601540022224, -0.1348264334176202, -0.03638621602692957] - [-0.0016901293077917988, 0.2282028059674169, -0.1228157074715544, -0.10364622177362079] - [0.03891206683837922, -0.1144323209030579, -0.046367635735917206, 0.12208303201502284]
A2: [0.0354157015078318, -0.02916492609555779, -0.07559442147795557, 0.06977671321369548] - [0.10302889635671804, 0.2830329854506279, -0.392475689891265, 0.006957509267568625] - [-0.011156329114172156, 0.5390455425051688, -0.35942189310482586, -0.16834404220717472] - [0.09791815086697973, 0.017518915353231652, -0.16879832191641894, 0.05358297903420363]
B1: 2.2417757857404195e-06 - -1.893281421531165e-05 - 1.9671637406507815e-06 - 5.653741058313924e-06
B2: 7.0213393334241275e-06 - 2.3612632248751038e-05 - -2.113904262887661e-06 - -2.500031582806372e-05
