Number: 9421
Error: 6.1939411293091025e-12
A1: [0.053173881650461885, -0.14799993896430855, -0.026997717302063087, 0.12182915415131262] - [0.00530877117757985, 0.1308317405974529, -0.11360569152951283, -0.022554718716666367] - [-0.014436551222772643, 0.2230995488509649, -0.12703326064456855, -0.08159800501564883] - [0.027139542024542603, -0.10002695564909943, -0.04943144071171924, 0.12229118534813617]
A2: [0.08925758324060075, -0.07291025560052683, -0.1236243691731678, 0.10728954367776425] - [0.10884872154665637, 0.24982117509747548, -0.4048384352415458, 0.046196590430371] - [0.03664353207053079, 0.4625626798194088, -0.37771003485703136, -0.1214655887703585] - [0.14343836284127928, -0.044594738433331046, -0.2014878870003204, 0.10269196865172553]
B1: 3.7516889213529006e-06 - -1.3708288201197328e-06 - 3.4429871788359747e-06 - 2.6679763655219796e-06
B2: 3.5614493497253796e-06 - 3.0383302776155768e-06 - 3.781755646120064e-06 - 4.945611533631122e-06
