Number: 8093
Error: 8.644462501343282e-16
A1: [0.08043173277012106, -0.18046776267046438, -0.019588808945306967, 0.11962501981821066] - [0.03741551541741659, 0.13359632164750357, -0.13472625064590368, -0.036285889637947676] - [-0.0017028063290905756, 0.2281901291901962, -0.12282836998007406, -0.10365889754414413] - [0.0388632355845879, -0.11448101740020102, -0.04641644024104956, 0.12203422910768294]
A2: [0.0353075100659518, -0.029273408606985293, -0.07569728624388519, 0.06966347787189733] - [0.10289373523749726, 0.28289668570096554, -0.39260641117815775, 0.006815979843060922] - [-0.011187132040707308, 0.5390145584462233, -0.35945104582873105, -0.16837649833704652] - [0.09786279522816017, 0.017463312296788585, -0.16885101449325243, 0.053524873995948824]
B1: 2.235133293934902e-08 - 5.850449145725972e-09 - -1.5388885978636906e-08 - 4.4268113045720654e-10
B2: 3.823211845249206e-08 - -4.7228333354462485e-08 - 1.2256413989710001e-08 - 9.25156930530044e-09
