Number: 8568
Error: 9.854366212149295e-16
A1: [0.08043165338146592, -0.1804678420500972, -0.01958888823904127, 0.1196249404386379] - [0.03741554282162745, 0.13359634903103035, -0.13472622329613734, -0.0362858622488237] - [-0.0017028025490659355, 0.2281901329701292, -0.12282836620559463, -0.10365889376512816] - [0.038863209586874156, -0.11448104332487834, -0.046416466222179834, 0.12203420312617895]
A2: [0.03530731146072554, -0.029273607761472174, -0.07569747507565283, 0.06966327001040931] - [0.10289368929006829, 0.28289663936362225, -0.39260645561795005, 0.00681593172946329] - [-0.011187150327379825, 0.5390145400504952, -0.35945106313757896, -0.16837651760622577] - [0.0978627181595435, 0.017463234877617622, -0.16885108785778036, 0.053524793099184266]
B1: -2.3408347829652058e-08 - 1.1605637798422585e-08 - -1.2968810534519057e-08 - -1.2528102400651435e-09
B2: 1.528316721528341e-08 - -2.570082907879675e-08 - 3.124966653552635e-09 - 1.0647266409224799e-08
