Number: 4519
Error: 6.977743952676335e-16
A1: [0.06621310984130589, -0.11395214994447848, -0.02398402206421721, 0.0717227964297181] - [0.03740253527700023, 0.1881932960096623, -0.14740902232970676, -0.07818708573506636] - [-0.06022942441548683, 0.32895074913617117, -0.12775316163504596, -0.14096837388122382] - [0.039045984982833154, -0.05332285136811765, -0.03741875888179821, 0.05169495329700629]
A2: [-0.00910856962476831, -0.34680317893229873, 0.24945509653790407, 0.10645668634988836] - [0.08003981378263356, 0.036282244062750525, -0.050250125357862156, -0.06607197270424545] - [-0.04245277365915549, 0.23083194163437257, -0.04053119646514977, -0.14784778832104623] - [0.06813484277159412, -0.2934677817553651, 0.14177131004145588, 0.08356193220166093]
B1: -3.5071197962113206e-09 - -1.2382915264082212e-08 - -2.3159046988919334e-08 - -2.229828055580878e-08
B2: 1.7719117892724286e-08 - 1.9644488276467058e-08 - -1.389093928476618e-07 - 3.0965154707947665e-08
