Number: 9332
Error: 7.680770158862651e-11
A1: [0.05309948598762651, -0.14807436120209214, -0.027072029231360366, 0.12175472334489892] - [0.00534193719660989, 0.13086494225859036, -0.11357253252928172, -0.02252151275874285] - [-0.014557551699498461, 0.22297850157870025, -0.12715416236395452, -0.08171904353929162] - [0.027122587745912606, -0.1000439092832919, -0.04944843041836372, 0.122274185521409]
A2: [0.08927943397938512, -0.07288845349873992, -0.12360301407212164, 0.10731166404935445] - [0.10885323692549977, 0.24982569785393263, -0.40483401185528867, 0.04620118528203228] - [0.036676422824334726, 0.4625954010797765, -0.37767794902699636, -0.12143235598033646] - [0.14349253617260777, -0.044540764567339554, -0.20143499889124897, 0.10274694786165658]
B1: 1.698043497305679e-05 - -1.3701387390082252e-06 - -1.6397256843576225e-06 - -1.4961860934700043e-05
B2: 9.746227976873695e-06 - 4.643815288138288e-06 - -1.3531100608444965e-05 - 1.712072164318055e-05
