Number: 4944
Error: 1.0311881310275622e-15
A1: [0.06621322992580192, -0.1139520325434193, -0.023983902073941247, 0.0717229163127013] - [0.03740266906111614, 0.18819342383135618, -0.14740889080964933, -0.07818695420336845] - [-0.06022938825693335, 0.3289507838644494, -0.12775312625241805, -0.14096833868883307] - [0.039046133677710614, -0.053322710232464605, -0.03741861502437283, 0.05169509598630967]
A2: [-0.009108624559250362, -0.3468032372090925, 0.2494550411589631, 0.10645662875420057] - [0.08003983861939531, 0.036282270819066015, -0.0502500982126364, -0.06607194532857219] - [-0.04245280068843409, 0.23083191180322005, -0.04053122543071535, -0.1478478182144402] - [0.06813476416845933, -0.2934678683007213, 0.14177122482812704, 0.08356184407314862]
B1: 2.8690336737312967e-08 - -2.0346629139593228e-08 - 9.445250001453452e-09 - 1.7651754316645194e-08
B2: 1.6581400338890725e-08 - 4.794446855830405e-08 - -1.7268210081107356e-08 - -3.0423397481546567e-08
