Number: 9626
Error: 3.568351636178582e-14
A1: [0.053172844173576005, -0.14800097683795876, -0.026998753613889537, 0.12182811615666861] - [0.005313822628295871, 0.13083679718550448, -0.1136006409793648, -0.02254966041891949] - [-0.014444313419773504, 0.22309178404549898, -0.1270410165701859, -0.08160576978252373] - [0.027146325890721197, -0.10002017224493147, -0.04942464288953694, 0.12229798585685947]
A2: [0.08925563144606637, -0.0729122028688635, -0.12362627701729419, 0.10728756764569207] - [0.10884267489808729, 0.24981512737629508, -0.40484436217457054, 0.04619044210543669] - [0.036636569434068456, 0.46255575360566903, -0.3777168280818485, -0.1214726233941387] - [0.14342719405654197, -0.04460586530246564, -0.20149879257165834, 0.1026806346368144]
B1: 5.79128597392378e-08 - 7.937231554886377e-08 - 3.9562322916716466e-09 - 1.2846025311996034e-07
B2: 3.207266289781025e-07 - 2.0570734812286713e-07 - 1.3077077200787465e-07 - 2.1492027106120273e-07
