Number: 3183
Error: 0.0010554527716559784
A1: [-0.0009767255517796614, -0.11318194542520964, -0.08685016888946022, -0.054372429668955696] - [0.08349509276874133, 0.22916093680608948, -0.10226859170149527, -0.0496906878738306] - [-0.07886351318849621, 0.4585197692193666, -0.05998262671077371, -0.14090522483765877] - [0.17541400851379751, 0.1566525591937453, 0.1054297516102178, 0.1176166448691725]
A2: [0.05908366440823892, -0.17773430671890067, 0.08182808492715553, 0.018674947838649487] - [0.04793900663803153, 0.21929944778340782, -0.08334121552310314, -0.11058031402909728] - [-0.06828941160925199, 0.5407958474876036, -0.20119556937928662, -0.17245775306896355] - [0.007001710630485752, 0.055187889326289194, -0.018121935505780923, 0.08744635543286555]
B1: -0.0023216116356338523 - 0.007529714540175519 - 0.010820301774508656 - 0.01258108765827577
B2: 0.033048100154654036 - -0.026459738581911623 - -0.01181197327713079 - -0.0499190917053805
