Number: 2131
Error: 0.00040482555979699374
A1: [0.15135467173448802, 0.09507606166901993, 0.08170767755227183, 0.18348709293345034] - [0.1248740464871306, 0.2520889628909931, -0.08581440511959164, -0.032080755071800714] - [-0.07208327781630217, 0.4380909258355036, -0.07856591103931135, -0.15335753487508105] - [0.09477724972402607, 0.12786827245441573, 0.12027185539803831, 0.07282771193390622]
A2: [0.12347501442063086, -0.22173783430007346, 0.058002297633439864, 0.028380013538627503] - [-0.02028778805768379, 0.1421000572227377, -0.15048273002140483, -0.19014322841055842] - [-0.023480163946937874, 0.5416779487888094, -0.20097775190562414, -0.24125660454678044] - [-0.150081387673658, -0.09892057473073508, -0.13387606954963643, -0.09049795463800259]
B1: -0.014126872427377963 - -0.019783160311882538 - -0.0031451445991360003 - 0.023195785095424422
B2: 0.021141493073001567 - 0.016038389370474943 - 0.02615011329235866 - -0.019200909349628592
