Number: 6566
Error: 9.08173028961201e-16
A1: [0.08043168240323244, -0.1804678130316422, -0.019588859251962715, 0.11962496945707606] - [0.0374155710484632, 0.133596377236441, -0.13472619512576936, -0.03628583403774295] - [-0.0017027902260870092, 0.2281901452928613, -0.12282835390065175, -0.1036588814454443] - [0.038863205497858766, -0.11448104740249114, -0.04641647030860507, 0.12203419903965292]
A2: [0.03530743004519918, -0.029273488849057994, -0.07569736232671878, 0.06966339412164141] - [0.102893734242183, 0.2828966846971888, -0.3926064121408249, 0.006815978800812184] - [-0.011187113077370461, 0.5390145775226931, -0.35945102787947847, -0.1683764783547594] - [0.09786279422371214, 0.01746331128778585, -0.16885101544941433, 0.0535248729416017]
B1: -1.5587723612898558e-09 - -1.491008111613064e-09 - -2.532201882708144e-09 - -3.467224356386259e-09
B2: -3.062920651354451e-09 - -1.3385839532505172e-08 - 2.4161529812430374e-08 - -1.8137302688089272e-08
