Number: 248
Error: 9.583102105893638e-08
A1: [-0.009029021024259055, -0.011312432713388835, 0.021537081057849287, 0.011919982673154566] - [0.0670548703766746, 0.19066787298404475, -0.14406142839013242, -0.10864973574092417] - [-0.09474543736454985, 0.42328152731762747, -0.051772523037483066, -0.27023067911141824] - [0.0005526190865466567, -0.01641871891657153, -0.001836912473822478, 0.0255438104477985]
A2: [0.1618705987260572, -0.16747345576066888, 0.00878314503051818, -0.0020559229176243476] - [0.03672677277373865, 0.208738604818247, -0.11597383090056324, -0.12457776787739276] - [-0.08639439660949796, 0.5813590455406435, -0.23557315130296352, -0.2601179790274191] - [-0.0043011301861236115, -0.004977683482721458, 0.0006459938107871992, 0.006794937697053911]
B1: 0.00037827018389563336 - 0.0004218983294448345 - 0.000656373340861773 - 0.0005598796290032307
B2: 8.778846957733794e-05 - 0.002417976609362394 - -0.0005110934975388877 - -0.00011718796628696837
