Number: 8397
Error: 8.111171678664127e-16
A1: [0.08043168379587814, -0.18046781163915973, -0.019588857861025367, 0.11962497084954526] - [0.037415569198370406, 0.13359637538776437, -0.13472619697204014, -0.03628583588673771] - [-0.0017028329866626572, 0.22819010253319336, -0.12282839659861783, -0.10365892419459592] - [0.03886323154501118, -0.11448102142842224, -0.046416444278057606, 0.12203422507062205]
A2: [0.035307418811864034, -0.029273500113412065, -0.07569737300725496, 0.06966338236476768] - [0.10289379627892817, 0.2828967472604701, -0.39260635213960937, 0.006816043762263199] - [-0.011187086020495698, 0.539014604740883, -0.35945100226952303, -0.16837644984404193] - [0.0978628099708796, 0.017463327106544756, -0.16885100045911447, 0.05352488947096602]
B1: 9.390500394504865e-09 - -3.2253735884202605e-09 - 8.641133030846111e-09 - 1.7938208434177166e-08
B2: 6.104798984017807e-09 - -4.999023961262741e-10 - 7.2841953770218675e-09 - 6.326072418901345e-09
