Number: 8617
Error: 1.4554876091507358e-15
A1: [0.08043173571225477, -0.18046775972863235, -0.019588806006697677, 0.11962502276002653] - [0.037415664908966285, 0.13359647102597402, -0.13472610145205594, -0.03628574022910561] - [-0.0017027887627097296, 0.22819014675619995, -0.12282835243942203, -0.10365887998244376] - [0.03886329423975537, -0.11448095890955921, -0.04641638162324326, 0.12203428772645214]
A2: [0.0353073393328068, -0.029273579812301168, -0.07569744857517036, 0.06966329918150041] - [0.10289374303870667, 0.28289669356840846, -0.3926064036328994, 0.006815988012032991] - [-0.011187116564375857, 0.5390145740148676, -0.35945103118006727, -0.16837648202907] - [0.09786269728130857, 0.017463213904418476, -0.16885110773256445, 0.053524771183895765]
B1: 7.23410475431804e-09 - 2.0213261713318924e-08 - -4.910806710103978e-09 - 2.855924254099214e-08
B2: -8.62637294625405e-09 - -3.176302367238089e-08 - 3.701874796257313e-08 - -1.518921208084085e-08
