Number: 1132
Error: 3.1800648583835793e-06
A1: [-0.001746546023523461, -0.009453861629623065, 0.008741864644837566, 0.024969806280676844] - [0.0635719223379968, 0.18672455336053087, -0.15011651400311826, -0.1134501197155067] - [-0.10584301423318303, 0.4484746413008942, -0.0636625765096859, -0.2508652652541634] - [-0.021624608780407707, 0.0170377030291768, -0.02800228088762614, 0.04073461259028701]
A2: [0.13207834201051294, -0.2241295575697932, 0.023178066382003766, 0.07059672992348824] - [0.026213775385527573, 0.1974490598105849, -0.12129663912898789, -0.12774935230152856] - [-0.10052173759257502, 0.5498507694082909, -0.24097768143969556, -0.23150401257411132] - [-0.010845584602191394, -0.009538823978689236, 0.018055809900729053, 0.04165525343947196]
B1: 0.0005331685779539394 - -0.0018378360269721513 - 0.0035707578534617313 - -0.002426885008345967
B2: 0.0014307219702559219 - -0.0011645505551561338 - 0.0013949856648846895 - 0.001018706859251943
