Number: 5685
Error: 0.003188704469090993
A1: [0.007174957186580497, -0.17067939902947368, -0.08242345214362425, 0.013880942067404686] - [0.03613050501439424, 0.18787464321433217, -0.1484514298760913, -0.07942495483060255] - [-0.1914957204930505, 0.18702509301241274, -0.26706640510715873, -0.29211256249802164] - [-0.031850467734980625, -0.1121459468069549, -0.100821067659256, -0.0050933482300472045]
A2: [0.056575057301825916, -0.2785930782424549, 0.3104030524895037, 0.18312388004332752] - [0.105704433647823, 0.06510036701970465, -0.02101231621038169, -0.0374805675687406] - [0.011065910729662272, 0.29026969689859866, 0.017695506330052947, -0.08607960848075066] - [0.09770012167985773, -0.2602552563984678, 0.1817636862729219, 0.11402303965772008]
B1: -0.02933628186980816 - -0.03205984885734525 - -0.025446487310323035 - -0.011609340085084255
B2: 0.025966667848430502 - 0.059151656564146234 - 0.042332585848513835 - 0.015899642993495767
