Number: 9767
Error: 1.1130527026255032e-15
A1: [0.05317259600605293, -0.1480012250931836, -0.026999001505519447, 0.12182786786993863] - [0.00531372264302872, 0.13083669709761622, -0.11360074094667037, -0.022549760546124193] - [-0.014444446619480713, 0.22309165079757992, -0.12704114966347735, -0.08160590303117637] - [0.027146453461862056, -0.10002004467202918, -0.04942451504736465, 0.1222981137530581]
A2: [0.08925446588552668, -0.07291336573526574, -0.12362741631905874, 0.10728638771164847] - [0.10884188968807304, 0.24981434202872946, -0.4048451318308917, 0.04618964368423383] - [0.036635929065033955, 0.46255511656805465, -0.37771745285847963, -0.12147327040581068] - [0.14342658516467552, -0.04460647192355369, -0.2014993870983885, 0.10268001671300299]
B1: 7.40712980366425e-08 - 3.62977833605952e-10 - -1.4226962913324762e-08 - -1.6060725594487506e-09
B2: 2.7950027795691422e-09 - 1.1080159113422322e-08 - 4.286296062579255e-08 - -1.5676030219715222e-08
