Number: 3080
Error: 3.387501868219735e-07
A1: [0.06332541714867719, -0.047977520583151675, -0.023550973929515547, 0.0077408081677271465] - [0.043256012612516395, 0.19088578476599966, -0.14297508997606026, -0.09295171438483738] - [-0.12262729521515013, 0.4156921762190165, -0.10402746380496071, -0.18623707361228503] - [0.03688778181408321, 0.019049728909453896, -0.033256176024680555, -0.02318331475014152]
A2: [0.06283191791413155, -0.1742805684678946, 0.08571761846820741, 0.023350522812021754] - [0.028718921041752766, 0.1997390076346197, -0.10228073467617407, -0.12843208584263746] - [-0.095583781054108, 0.511552593612311, -0.2277805994170376, -0.19720040478214126] - [-0.027394311395701962, 0.017060075667461563, -0.05176227484090153, 0.055552952752272296]
B1: 0.0024008098479495117 - -0.0007826126067598567 - 0.0005690664362534129 - 0.0013716814083480364
B2: 0.0008548440831058794 - 0.0001465842894748375 - 0.000989617664722967 - 0.0006979493246561415
