Number: 9647
Error: 1.6667472693296327e-14
A1: [0.05317295947642537, -0.14800086149121605, -0.026998638437509593, 0.12182823151602505] - [0.005313883684088785, 0.1308368583051932, -0.11360057993304204, -0.022549599277132928] - [-0.01444460694421262, 0.22309149041259518, -0.1270413098630933, -0.0816060634127771] - [0.027146457256916456, -0.1000200408784422, -0.0494245112458683, 0.12229811755801702]
A2: [0.08925454219619211, -0.072913289602119, -0.12362734172870567, 0.10728646496294794] - [0.10884235521399115, 0.24981480763666478, -0.40484467552554315, 0.04619011704319091] - [0.03663634060189327, 0.462555525964089, -0.3777170513419489, -0.12147285459990546] - [0.14342663024710375, -0.04460642701092814, -0.2014993430811642, 0.10268006246332516]
B1: -6.102531540338342e-08 - 1.0494703383640356e-07 - 4.962580310555454e-08 - -9.007922460450417e-08
B2: 2.4462264739257234e-07 - 7.598309648527495e-08 - 1.7605510169881452e-08 - 2.8774311503354577e-08
