Number: 7272
Error: 9.408766430059656e-16
A1: [0.08043168986951774, -0.18046780556620126, -0.019588851794601167, 0.11962497692250958] - [0.03741559327891765, 0.13359639945007407, -0.13472617293960332, -0.03628581181960095] - [-0.0017028171586948983, 0.22819011836082848, -0.12282838079381936, -0.10365890837085984] - [0.03886323743315961, -0.11448101555681273, -0.046416438393655626, 0.12203423095510373]
A2: [0.03530750627546923, -0.029273412407946307, -0.07569728984793361, 0.06966347390485997] - [0.10289369313793788, 0.28289664324409625, -0.39260645189631993, 0.0068159357586865185] - [-0.011187149879877206, 0.5390145405006647, -0.35945106271386634, -0.16837651713483798] - [0.09786281478190545, 0.01746333193948926, -0.16885099587934602, 0.0535248945210085]
B1: 1.2780075022900252e-08 - -2.828443004801167e-08 - -2.7767636316219486e-08 - -2.7639559015287877e-09
B2: -1.0016864997268262e-08 - -1.0400140772257988e-08 - -1.079023121426048e-08 - -1.0760385191992245e-08
