Number: 7182
Error: 1.2587080713460368e-15
A1: [0.08043170665440307, -0.18046778878321856, -0.01958883502978927, 0.1196249937054762] - [0.03741560921320144, 0.1335964153722957, -0.13472615703707388, -0.036285795894146135] - [-0.0017028273679854334, 0.22819010815176002, -0.12282839098815551, -0.10365891857742289] - [0.03886325799538061, -0.11448099505229947, -0.046416417844542396, 0.12203425150454261]
A2: [0.03530754253753728, -0.029273376045582465, -0.07569725537041705, 0.0696635118570455] - [0.1028937188477245, 0.28289666917208267, -0.3926064270301447, 0.006815962680579332] - [-0.011187188683146576, 0.5390145014659521, -0.35945109944200565, -0.16837655802319587] - [0.09786280758838553, 0.017463324713249125, -0.16885100272711132, 0.05352488697015647]
B1: 4.1997487984709334e-08 - -1.6767863968701565e-08 - -2.3946194642904628e-08 - 8.221306837987682e-09
B2: 4.4717753380518035e-09 - 4.024192541273379e-09 - -1.236789083598287e-08 - 8.91472525546833e-09
