Number: 1296
Error: 5.571626088462772e-09
A1: [-0.007108949749903736, -0.014914109618028842, 0.003079068964335429, 0.019535505410336183] - [0.06658432635434731, 0.18965108564000055, -0.14698583662669415, -0.11013200528952732] - [-0.11252975426709562, 0.44184069258166847, -0.07073084789990262, -0.2580396625110971] - [-0.02350205823844679, 0.015214259291233982, -0.030069536507740687, 0.03877152360311916]
A2: [0.13172901618149124, -0.22448864322372705, 0.022807566044557696, 0.0703003577073728] - [0.03235077278457057, 0.2034584595794409, -0.11518265946142801, -0.1217465271351204] - [-0.09486301391841381, 0.5553034758093136, -0.23543850613764641, -0.22587117832565098] - [-0.02079082800952527, -0.01924070369509855, 0.00815483664492507, 0.03221685920432202]
B1: 8.273807167346398e-05 - 1.4627664733401762e-05 - -8.358036659312445e-05 - 9.95547825785256e-05
B2: 8.817001559666861e-05 - -0.00018164361270801634 - 2.015958019672054e-05 - 4.7887736769658484e-05
