Number: 6436
Error: 1.1019781415727186e-15
A1: [0.08043170479550511, -0.1804677906419055, -0.019588836886464726, 0.11962499184679132] - [0.037415602089904805, 0.13359640825438868, -0.13472616414617863, -0.03628580301349639] - [-0.00170280730340724, 0.22819012821590515, -0.12282837095296809, -0.10365889851820696] - [0.03886322243966812, -0.11448103050822687, -0.046416453377591156, 0.1220342159709327]
A2: [0.03530744101879178, -0.029273477845113877, -0.07569735189317017, 0.06966340560669984] - [0.10289378586345929, 0.28289673675658245, -0.39260636221341094, 0.006816032855846649] - [-0.011187063916909053, 0.5390146269763779, -0.3594509813480524, -0.1683764265526424] - [0.09786281843294527, 0.017463335607139127, -0.16885099240380003, 0.053524898353425034]
B1: -2.8732204045234035e-09 - 1.737448174403315e-08 - 9.29461213176965e-09 - 2.7824557092624283e-09
B2: 1.4046380195649306e-08 - 6.963471577567591e-09 - 1.2667356562234918e-08 - -6.217520320890399e-09
