Number: 8721
Error: 7.720876526218925e-12
A1: [0.08043234171810561, -0.1804671537865236, -0.01958820072319197, 0.11962562869747945] - [0.03741482814362512, 0.13359563489785214, -0.13472693654857515, -0.03628657653036688] - [-0.0017022189408316443, 0.2281907165690278, -0.12282778345054124, -0.10365831031220579] - [0.0388638795244521, -0.11448037526343063, -0.04641579670963451, 0.12203487264803115]
A2: [0.03530494292290705, -0.02927598284803636, -0.07569972705792878, 0.06966079108587354] - [0.10289759221852621, 0.2829005754097931, -0.39260268075157573, 0.006820018658976807] - [-0.01118679333946321, 0.5390148991665644, -0.3594507252394036, -0.16837614143626484] - [0.09786130139722705, 0.017461811671600665, -0.1688524365275943, 0.05352330596442641]
B1: 1.795019509926718e-06 - -5.565847705261463e-07 - 6.772257277500611e-07 - 1.3898278486941177e-06
B2: -1.6696637828604241e-06 - -1.8861552167598722e-06 - -2.3084979711993136e-06 - -1.9065985737656004e-06
