Number: 285
Error: 1.0293924060700811e-08
A1: [-0.012740411963717602, -0.015120128930550475, 0.017438536902905245, 0.007955959382935269] - [0.06483183517093803, 0.18853002090029386, -0.14635999755084772, -0.11112572514188211] - [-0.09583646735660169, 0.42222776338164447, -0.05296139260175639, -0.2715036247511882] - [-0.0011785889257383436, -0.01808153964343246, -0.0036827600078352335, 0.023541955569058463]
A2: [0.16149449522064488, -0.1678452459659632, 0.008411086593660567, -0.002422868181219601] - [0.035553692127564075, 0.2075835946647025, -0.11714282154351395, -0.12572560181679254] - [-0.08605790706695943, 0.5816905637485483, -0.23523736233823966, -0.2597837247706441] - [-0.0037655991249745608, -0.004451005137566663, 0.0011791476335434867, 0.007310006321278099]
B1: -4.504886233175402e-05 - 0.00021058497693896445 - -0.00011884033762807244 - -8.90244523647476e-05
B2: 0.00017387179879884074 - -0.0002499523280750958 - -3.834107315860353e-05 - -0.00022558371142334906
