Number: 4333
Error: 1.0403797464400715e-15
A1: [0.0662133083068876, -0.11395195591393018, -0.02398382375436935, 0.07172299456224447] - [0.03740261521955496, 0.18819337238936498, -0.14740894374004418, -0.07818700713843069] - [-0.060229347001074456, 0.3289508234884129, -0.12775308588190218, -0.14096829853562676] - [0.03904626917787825, -0.053322581620852814, -0.037418483932572334, 0.051695226013719155]
A2: [-0.009108750555768713, -0.34680337087174096, 0.24945491414304685, 0.1064564966536268] - [0.0800398387285456, 0.03628227093662433, -0.05025009809343272, -0.06607194520829121] - [-0.04245284784274473, 0.23083185976081771, -0.040531275963262864, -0.1478478703652359] - [0.0681349841845049, -0.2934676260535795, 0.1417714633468556, 0.08356209075163527]
B1: 1.0251135082766587e-07 - -2.3777147763436084e-09 - -3.844684785697334e-08 - 5.267219566146564e-08
B2: 1.046837421141736e-07 - 1.2246113586069464e-08 - 1.195716486650021e-08 - -3.3990273778907516e-08
