Number: 5762
Error: 0.0006712827619415396
A1: [0.07446469914227005, -0.19438287053024625, -0.030408216158448173, 0.11027027205120496] - [0.01741170351553034, 0.09696955826302793, -0.16493686836542304, -0.06335784545050452] - [-0.0366651662881304, 0.201800043012738, -0.15497037689444443, -0.13666374277160792] - [0.12221994858866093, -0.021023957699164566, 0.043403700713086885, 0.20944469293232482]
A2: [0.06018919690561726, -0.007751056600128502, -0.03966843393170526, 0.10375917349940317] - [0.13297544474380885, 0.3164194815397215, -0.3716759154108838, 0.029948907891405665] - [-0.0012618259062885714, 0.5505388534857871, -0.3471727428653599, -0.16192174978201412] - [0.10937993966680856, 0.029200536996146963, -0.152687765600785, 0.06482312927718797]
B1: -0.0423587794960934 - 0.004370528204473393 - -0.027217627098304605 - -0.029329588963785718
B2: -0.004447838173476024 - -0.008817368600526987 - 0.035898056402484634 - -0.02567972059491187
