Number: 4136
Error: 8.253436550744531e-16
A1: [0.06621318282194393, -0.11395207859468488, -0.023983949140830893, 0.07172286928790482] - [0.03740261332930088, 0.18819337058335475, -0.14740894559831225, -0.07818700899686093] - [-0.06022940689564836, 0.3289507659630151, -0.12775314449116612, -0.140968356829674] - [0.039046075437035956, -0.053322765512388376, -0.03741867137037154, 0.051695040097874755]
A2: [-0.00910849716580254, -0.3468031020646623, 0.2494551695832334, 0.10645676231920587] - [0.08003983678852745, 0.03628226884665826, -0.050250100213768016, -0.06607194734665629] - [-0.0424528858435735, 0.23083181782070095, -0.040531316686502714, -0.14784791239282877] - [0.06813484651533117, -0.2934677776332469, 0.1417713141002466, 0.08356193639918874]
B1: 1.8696228447526196e-08 - -7.350910091350602e-09 - -3.889895198020084e-08 - 1.5063805957502626e-08
B2: 1.5901981856169474e-08 - 1.702809406408219e-08 - -2.1901615070377138e-08 - -2.5357510624113103e-08
