Number: 5356
Error: 1.990756325630537e-15
A1: [0.06621315167528183, -0.11395210904529252, -0.02398398026303957, 0.07172283819350538] - [0.03740254927791244, 0.18819330938670203, -0.14740900856564443, -0.07818707196978623] - [-0.060229215011285024, 0.32895095025740734, -0.12775295672439252, -0.14096817007251042] - [0.03904592176353099, -0.053322911373615826, -0.03741882004438216, 0.051694892630922626]
A2: [-0.009108297948194006, -0.34680289072671294, 0.2494553704122011, 0.10645697118727773] - [0.08003975583472521, 0.036282181636394274, -0.05025018869136771, -0.06607203657559398] - [-0.042452694170844255, 0.2308320293620715, -0.04053111128267651, -0.14784770041052708] - [0.06813488693667757, -0.29346773312816365, 0.1417713579201081, 0.08356198171836067]
B1: 2.8577694075305406e-09 - 5.43659912496849e-08 - -7.66568937706788e-08 - -8.13033221991706e-08
B2: 1.4295596107305321e-08 - 1.973394089648542e-08 - 5.628861312138413e-09 - -6.748751373984705e-08
