Number: 2992
Error: 9.53718758654813e-09
A1: [0.06329592148335529, -0.04800882592243997, -0.02358020673982385, 0.00771613610476243] - [0.0438909194401864, 0.19149265220876271, -0.14232736438958565, -0.09225802959716105] - [-0.12308710621564185, 0.41522391444740797, -0.10449490646741531, -0.18670824084551815] - [0.037138934636083566, 0.01930696362132184, -0.03299701807260433, -0.022917143733291657]
A2: [0.06418526183467368, -0.17294727061555076, 0.08706829116407723, 0.02469199153130566] - [0.028909298316479225, 0.19992365426410472, -0.10208989586653562, -0.12824627857229004] - [-0.09325385450017983, 0.5138340336092992, -0.22544887285201234, -0.1949453413827136] - [-0.02547717739238668, 0.018963251533341392, -0.049841658876000235, 0.05741511032585854]
B1: -0.0002748085500068245 - 3.158174782742197e-05 - 0.00018059979442997193 - 0.00028645779776991897
B2: -8.77236802860894e-05 - -1.1491780740267874e-05 - 0.00015423544321671964 - 5.012040195503787e-05
