Number: 2380
Error: 7.304074294385347e-06
A1: [0.05570195866251338, -0.05653129021043265, -0.03219656754287232, -0.00018004551375009736] - [0.040759295400161, 0.18839290598353245, -0.14588301858292105, -0.09562756375402935] - [-0.12699578051882993, 0.4119159562218282, -0.10785207574304258, -0.19054844454573377] - [0.041602389798560103, 0.02427737211043517, -0.027886315051175833, -0.01836491917775262]
A2: [0.07784997559375927, -0.15910004841100486, 0.10092558870685514, 0.038113871239227215] - [0.036504161083265416, 0.20739879494185498, -0.09453150915142297, -0.12082681828718236] - [-0.07636242845264837, 0.5311954964836864, -0.20772214660573052, -0.17778683475779675] - [-0.006810656475177989, 0.03776182059380298, -0.030644767063609548, 0.0756996427250336]
B1: 0.003171970142577329 - 5.9798495717402686e-05 - 0.0018336031486509805 - 0.003862637085025467
B2: -0.00015858960091409344 - -0.00014667425701286364 - 0.00205443365534701 - 0.004941359323355268
