Number: 3232
Error: 0.0047386686066230805
A1: [0.20540815680613536, 0.04953599470921091, 0.10713013704263621, 0.20743294297445083] - [-0.20471642983540556, -0.05791418698669372, -0.3902031378404155, -0.3151897225549364] - [-0.3436260568470556, 0.12655470718222686, -0.3674039540564102, -0.37405426163827804] - [-0.2327215656457684, -0.27294889830365204, -0.28784312965314235, -0.19062969144761766]
A2: [0.09717533662603492, -0.3536959579310075, 0.3163164251772801, 0.11064658254645698] - [-0.3670136655882946, -0.28489867026382093, -0.35306264049888736, -0.4233910383131471] - [-0.1516667358808994, 0.17701070433232668, -0.1474307968312513, -0.2774429215007036] - [-0.07409928641291721, -0.34739844015348254, 0.010433812083417246, -0.06416595596479456]
B1: -0.07226473767597405 - -0.3931066550872136 - -0.1594098175590655 - -0.1589776617832367
B2: -0.2610727910605481 - -0.40786295168987863 - -0.13304399063801825 - -0.16710064908327746
