Number: 3806
Error: 9.63271229612458e-16
A1: [0.06621317700928582, -0.1139520842774485, -0.023983954948934884, 0.07172286348499748] - [0.037402653228030026, 0.1881934087038695, -0.14740890637481716, -0.07818696976989098] - [-0.06022942919414327, 0.32895074454658035, -0.12775316631115305, -0.14096837853231017] - [0.03904627620056462, -0.05332257495527726, -0.037418477138400116, 0.05169523275272251]
A2: [-0.009108603787153509, -0.3468032151732745, 0.24945506209921195, 0.1064566505325055] - [0.08003981676237605, 0.036282247272754725, -0.05025012210121659, -0.06607196941995229] - [-0.04245283408054553, 0.23083187494960397, -0.04053126121518743, -0.14784785514485455] - [0.06813476637994302, -0.2934678658658039, 0.14177122722577826, 0.08356184655261252]
B1: -7.994975677837835e-09 - 2.4363416772145194e-08 - -9.741601454674049e-09 - 6.430823871063678e-09
B2: 2.9635749503876773e-08 - 1.8130369090019888e-08 - 9.892987987377794e-09 - -2.609632250527097e-08
