Number: 8292
Error: 8.643498191585323e-16
A1: [0.08043168903273212, -0.18046780640291865, -0.019588852630447982, 0.11962497608578294] - [0.03741556106340974, 0.1335963672589892, -0.13472620509077635, -0.03628584401717995] - [-0.001702831787707117, 0.22819010373211493, -0.12282839540142543, -0.10365892299597604] - [0.038863236791104094, -0.11448101619707446, -0.046416439035324705, 0.12203423031343429]
A2: [0.03530760905211769, -0.029273309346995235, -0.07569719212886611, 0.06966358147142782] - [0.10289378851812575, 0.28289673943378324, -0.39260635964577656, 0.006816035635587758] - [-0.011187060103031412, 0.5390146308129279, -0.3594509777380299, -0.1683764225339595] - [0.09786262445758005, 0.017463140749447957, -0.16885117705610667, 0.05352469474278389]
B1: -3.454393810414902e-08 - 5.91217816393819e-08 - -5.672969505693508e-08 - -3.7323331508034684e-08
B2: -9.50589009667729e-09 - -3.269932827855435e-08 - -1.4512757895391728e-08 - -9.621037845861867e-09
