Number: 3765
Error: 1.1310853346786789e-15
A1: [0.06621317087749706, -0.11395209027221538, -0.023983961075917562, 0.07172285736349297] - [0.037402654784268796, 0.18819341019074956, -0.1474089048449169, -0.0781869682398522] - [-0.06022938216768054, 0.3289507897128829, -0.12775312029384847, -0.14096833276251353] - [0.03904629222685112, -0.05332255974373756, -0.03741846163351326, 0.051695248131726004]
A2: [-0.009108559317778741, -0.34680316799818295, 0.24945510692840084, 0.10645669715624981] - [0.08003980565081825, 0.03628223530241879, -0.05025013424552268, -0.0660719816673787] - [-0.042452863400891855, 0.23083184258981548, -0.04053129263605378, -0.14784788757208214] - [0.06813472780130875, -0.29346790834260905, 0.1417711854027817, 0.0835618032987744]
B1: -1.014013654780832e-08 - 4.9995752239080066e-09 - 2.4324663246648827e-08 - -2.4194939341915023e-08
B2: 1.1876232914171744e-08 - -1.5039129189614994e-08 - 1.2150716525588195e-08 - -3.6947631922664214e-08
