Number: 7864
Error: 6.210127324686212e-16
A1: [0.08043168995234912, -0.18046780548339025, -0.019588851711870213, 0.11962497700533158] - [0.03741565865320305, 0.13359646477486475, -0.13472610769557875, -0.036285746481533966] - [-0.0017028208233080984, 0.22819011469628592, -0.12282838445306869, -0.10365891203449391] - [0.03886324529949808, -0.11448100771256237, -0.04641643053233084, 0.12203423881655141]
A2: [0.0353074048374916, -0.029273514126462164, -0.07569738629392501, 0.06966336773907941] - [0.10289371554236358, 0.2828966658386883, -0.39260643022704905, 0.006815959219403596] - [-0.011187073472847345, 0.5390146173634236, -0.3594509903928863, -0.16837643662214258] - [0.09786279855802839, 0.01746331564182397, -0.16885101132342709, 0.05352487749122802]
B1: -3.397471005084341e-08 - -2.2859502105533748e-08 - -1.5688476176107148e-09 - -1.7215583462415518e-08
B2: -1.654481102416081e-08 - -2.8244079315944818e-08 - -4.883213607699512e-09 - -2.205429977692064e-08
