Number: 3917
Error: 1.1492718814717185e-15
A1: [0.06621311104930906, -0.1139521487634273, -0.023984020857144968, 0.07172279763572363] - [0.03740253374668813, 0.18819329454757502, -0.1474090238341275, -0.07818708723958925] - [-0.06022933546878503, 0.32895083456456187, -0.12775307459705923, -0.14096828731151426] - [0.03904606911670928, -0.05332277151138207, -0.03741867748506932, 0.05169503403283686]
A2: [-0.00910871544430756, -0.3468033336241227, 0.24945494953861339, 0.10645653346603119] - [0.08003975101419324, 0.03628217644310838, -0.050250193960254104, -0.06607204188917495] - [-0.04245301410492404, 0.2308316762633915, -0.04053145413651848, -0.14784805424517525] - [0.06813469702373118, -0.2934679422300776, 0.14177115203690557, 0.08356176879139428]
B1: -6.036159806157057e-08 - -4.92173574416468e-08 - -2.6070636280103087e-08 - 5.177666083723114e-08
B2: -1.4512631979240567e-08 - -2.8711871360466462e-08 - -7.144469165809398e-09 - -1.3269025818294297e-08
