Number: 2985
Error: 2.2131416385190504e-08
A1: [0.06385050733533759, -0.04745633980638754, -0.023030802149888462, 0.008266401686798595] - [0.04371963754542662, 0.19132719156766598, -0.1425039782368339, -0.09244670136204976] - [-0.12347995063599514, 0.41483216180941274, -0.10488971418825795, -0.18710179899339105] - [0.03767817193896993, 0.019846935477743213, -0.03245778940075055, -0.0223795283894132]
A2: [0.06364572101250729, -0.17348399073046114, 0.08653016575100232, 0.024159538226212886] - [0.029473871293254798, 0.20047979568801694, -0.10152732938047343, -0.12769352158838718] - [-0.09369005890485006, 0.5134062565793814, -0.22588552824062558, -0.19536802815138674] - [-0.026909388275005563, 0.017539759890542506, -0.051273649581028195, 0.056019914676835675]
B1: 6.468072542159584e-05 - 0.0002689438208283907 - -0.00010494948274014145 - -0.0002618714274666893
B2: 0.00032172295511185704 - 0.00021158161680848137 - -0.00022348984385978684 - -0.00038450575034957224
