Number: 2247
Error: 0.0001126972415094085
A1: [0.04128677195401052, -0.06309836052415814, -0.040716223561475244, -0.009128830405239985] - [0.07141962582486401, 0.20812665872856573, -0.13321091362475618, -0.07892814291182423] - [-0.12575333927708637, 0.42275797845528057, -0.09180527968979323, -0.17884288214722743] - [0.026710725608281055, 0.023989257370794215, -0.02288342450968434, -0.025941047489464342]
A2: [0.07557006976580724, -0.17465011308427514, 0.09848420717597453, 0.03309447776296308] - [0.05114681575450144, 0.2214113256375903, -0.0771496819522616, -0.10818798412442629] - [-0.1710127598457715, 0.45337672421026465, -0.29728419031755016, -0.2730880336098866] - [0.005215815745759066, 0.06884886872566626, -0.015475864925224386, 0.09693013043913165]
B1: -0.010876591445562996 - 0.01951977436004074 - 0.02723303653600964 - -0.012427707515963327
B2: 0.0008118240798836839 - 0.014698514784258857 - 0.013426292986026146 - 0.0043382192370250965
