Number: 9313
Error: 1.4208101532084455e-10
A1: [0.05324812211236489, -0.14792567441530774, -0.02692355133066948, 0.12190342750732511] - [0.005203487665838745, 0.13072635686307166, -0.11371094654257045, -0.02266015133963909] - [-0.014310576130588747, 0.22322556366697013, -0.12690737804488467, -0.08147198001622517] - [0.027135252884666238, -0.10003124415070075, -0.04943572938629065, 0.12228688125637685]
A2: [0.0892901434647548, -0.0728777595557929, -0.12359254795176396, 0.10732250551597065] - [0.10890517804228225, 0.2498776501304146, -0.40478310191026623, 0.04625399982410216] - [0.036664338717994856, 0.46258337559636237, -0.37768973590396565, -0.1214445706568232] - [0.1434731058584489, -0.044560138275619394, -0.20145396884148137, 0.1027272204285165]
B1: -2.0773735273139296e-05 - 5.018850340045399e-06 - -9.651701632435226e-06 - 1.4725725435977267e-06
B2: -5.430571996465703e-06 - 1.7484256511682897e-05 - 1.894032632642008e-05 - -1.4139046103288616e-05
