Number: 2437
Error: 1.4336417214280447e-06
A1: [0.07178372571792344, -0.0396153717812637, -0.01503272846677355, 0.016225112315537086] - [0.04481236385503419, 0.19233126268577877, -0.14148499875512427, -0.09130891328963414] - [-0.11688884999404368, 0.42151458145255266, -0.09852302181255278, -0.1807242387314972] - [0.030962680278340902, 0.013250557372739814, -0.039105331981396624, -0.029062912989657505]
A2: [0.06842354980149769, -0.1687668709086828, 0.09149753239584917, 0.02901455842088363] - [0.023137431739746944, 0.19422697745021567, -0.10787391234955748, -0.13393308806862725] - [-0.091148823413661, 0.516239331433639, -0.22272078456319627, -0.19257360011244706] - [-0.023958271465740155, 0.020678968294260438, -0.047858710499910515, 0.05915426244973161]
B1: -0.0005280911777277945 - -0.003176914544397881 - 0.0005415857451543333 - -0.0024757980432887346
B2: 0.001123100160333436 - -0.0028618746210838514 - -0.0011992299117505397 - -0.004385573882897893
