Number: 9258
Error: 5.52778613589512e-09
A1: [0.05301208980489584, -0.14816202927138689, -0.02715937606521305, 0.12166743369386379] - [0.005435947063242817, 0.13095901848723898, -0.11347884684281172, -0.022427323935286958] - [-0.014523660993503289, 0.22301230647995224, -0.12712022784789437, -0.08168496532335016] - [0.02717551767096851, -0.09999124860938795, -0.04939546960411032, 0.12232751579315429]
A2: [0.08928730139375209, -0.07288045641857235, -0.123595187796407, 0.10731971681117587] - [0.10864470397955732, 0.24961683251317798, -0.40503846199005805, 0.04598925217316522] - [0.037233563425747206, 0.4631498831076528, -0.3771343264946206, -0.12086924691389105] - [0.14381251781980073, -0.0442217194676953, -0.20112235361327999, 0.10307165071099912]
B1: -6.512513926192522e-05 - -0.00016904184531037507 - 7.979623111748914e-05 - 5.5073325362626374e-05
B2: -1.7071468411534278e-05 - -0.00017131967481895667 - 4.9699260763962926e-05 - 3.00790632692565e-05
