Number: 2224
Error: 0.0001487018245820747
A1: [0.08593291030723242, -0.013875052791019984, 0.012589119302622702, 0.0474716864209178] - [0.012103340603125968, 0.14733093882388584, -0.1979419293973455, -0.15232915387419876] - [-0.14074267746491886, 0.40683665991333257, -0.10934634755549641, -0.198513199656963] - [0.05786104035740253, 0.059871522530906704, 0.0158554034804722, 0.013936978957826909]
A2: [0.21074869198981772, -0.07532303735680909, 0.21723752196504303, 0.16280826772545956] - [0.0822177201173439, 0.25035744185820646, -0.047495819237822534, -0.07861658434771857] - [-0.07190847168819844, 0.5524999481683778, -0.19100377841050067, -0.17679852864103945] - [-0.034348905546756625, 0.03941438061533996, -0.04500592813159525, 0.061460825254162785]
B1: 0.027553944387630338 - -0.02876756579448138 - 0.0032734932725937537 - -0.025466605617867736
B2: -0.015780078121267686 - 0.0014699649687675825 - 0.009117098333154442 - -0.012049741086967995
