Number: 6782
Error: 9.676729939034156e-16
A1: [0.08043162319182189, -0.18046787223634583, -0.019588918392574827, 0.11962491025242777] - [0.03741554474020044, 0.1335963509480914, -0.1347262213816132, -0.03628586033143306] - [-0.0017028643731366127, 0.22819007114739112, -0.12282842793913769, -0.10365895557270507] - [0.03886318576123515, -0.11448106708372409, -0.04641649003265361, 0.12203417931529513]
A2: [0.03530742545125021, -0.02927349345571354, -0.07569736669458772, 0.06966338931357598] - [0.10289371701157243, 0.2828966673203406, -0.3926064288060476, 0.006815960757846177] - [-0.01118710429300164, 0.539014586359454, -0.35945101956487757, -0.16837646909836787] - [0.0978627951549009, 0.017463312223209213, -0.1688510145629826, 0.053524873919046055]
B1: -5.749254057254732e-09 - -1.4852638197649731e-08 - -3.391601871482586e-09 - -5.754012747113341e-09
B2: -9.917160039696323e-09 - 1.1298057097506083e-09 - 1.1616066377908707e-09 - 1.7315333808451969e-09
