Number: 5443
Error: 4.931503707491461e-15
A1: [0.06621311722760713, -0.11395214272317522, -0.023984014683705118, 0.07172280380361978] - [0.037402685391380815, 0.18819343943396546, -0.1474088747556536, -0.07818693814796626] - [-0.060229426395281185, 0.3289507472342494, -0.12775316357229213, -0.14096837580785151] - [0.03904624506386319, -0.05332260450860027, -0.037418507261707805, 0.05169520287397193]
A2: [-0.009109146640822002, -0.34680379105382986, 0.2494545148530505, 0.10645608138187126] - [0.08004001523849592, 0.03628246108819999, -0.0502499051780438, -0.06607175065520567] - [-0.04245279478373989, 0.23083191831985037, -0.04053121910354513, -0.14784781168419545] - [0.06813462729166228, -0.2934680190074308, 0.14177107644045703, 0.08356169060980538]
B1: -5.841610724989382e-08 - 2.54025541888471e-07 - 2.0521915397889776e-08 - -5.384370279734519e-08
B2: 1.3891923301587462e-08 - 7.043045118144803e-08 - -2.0935429578248485e-08 - 1.9788641099740572e-08
