Number: 6363
Error: 1.1068804034192244e-15
A1: [0.08043172270526436, -0.18046777273417317, -0.01958881899811917, 0.11962500975450599] - [0.0374156355835814, 0.13359644172271679, -0.134726130719238, -0.03628576953837212] - [-0.0017027878415699653, 0.22819014767732784, -0.12282835151962576, -0.10365887906156335] - [0.0388632678080895, -0.1144809852671266, -0.04641640803807918, 0.12203426131115729]
A2: [0.03530749799617613, -0.02927342071013839, -0.07569729771982604, 0.06966346523973939] - [0.10289378264624473, 0.28289673351206385, -0.39260636532505877, 0.006816029486953537] - [-0.01118704190799395, 0.5390146491165684, -0.35945096051614744, -0.1683764033610664] - [0.09786284316066135, 0.017463360447333594, -0.16885096886462522, 0.05352492430948883]
B1: -4.0382190337432414e-09 - 2.799684688261926e-09 - -1.1133232988295559e-08 - -1.2418735375725256e-09
B2: -6.1574778274125184e-09 - -1.2664729003794991e-08 - 4.0500631304060874e-10 - -1.089500734614568e-08
