Number: 1970
Error: 4.428284605619456e-05
A1: [0.016103312859758454, 0.009244135379712862, 0.02834941540105209, 0.04471863382496429] - [0.06883344896281623, 0.19185155477230575, -0.14461006864783366, -0.10761885181430937] - [-0.10281150535311223, 0.4513978009920193, -0.06051810883559692, -0.24707719305222237] - [-0.05818284663047797, -0.019601520829838667, -0.06671824810454158, 0.001192554453162178]
A2: [0.142156617599871, -0.21552196235514295, 0.03194228962169727, 0.07837278056094434] - [0.043007793836921875, 0.21382794269493974, -0.10465135686448411, -0.11150051557870216] - [-0.10700588058750814, 0.5434043424393148, -0.2472387377411248, -0.23725181069049253] - [-0.03339857062946281, -0.03149207315759921, -0.0042403659923774765, 0.020416105782343853]
B1: -0.0028302399434316683 - 0.003187068405563844 - 0.006690484425237636 - 0.0035253809389189975
B2: 0.011952731247095718 - -0.006660089415827405 - 0.003752074255217082 - -0.009579529637897852
