Number: 8667
Error: 8.57507071915617e-15
A1: [0.08043171875585692, -0.1804677766831183, -0.019588822942818683, 0.11962500580556297] - [0.037415638967706576, 0.13359644510433247, -0.134726127341621, -0.036285766156002784] - [-0.0017027876257094117, 0.2281901478931733, -0.12282835130408662, -0.10365887884574469] - [0.03886327052750358, -0.11448098255527599, -0.04641640532038103, 0.12203426402893432]
A2: [0.03530752614763666, -0.029273392480814803, -0.07569727095349255, 0.06966349470293787] - [0.1028937930790508, 0.2828967440334304, -0.3926063552344702, 0.006816040411486172] - [-0.011187014868454975, 0.5390146763173095, -0.3594509349223738, -0.16837637486885249] - [0.09786285873899517, 0.017463376096469606, -0.16885095403489903, 0.053524940661445496]
B1: -1.9289019936384862e-08 - 7.603926161613745e-08 - 2.0023094790233026e-08 - -1.7570538352936273e-09
B2: -6.630839170671419e-08 - -8.215542994135329e-08 - -7.585529437638589e-08 - -6.177426660110452e-08
