Number: 4878
Error: 1.0715528386775736e-15
A1: [0.06621308825737834, -0.1139521710460536, -0.023984043631187186, 0.07172277488203044] - [0.03740257687655938, 0.18819333575524191, -0.14740898143414555, -0.07818704483587963] - [-0.0602292771901897, 0.32895089053803594, -0.12775301756900792, -0.14096823058997035] - [0.03904621637697983, -0.05332263173736786, -0.037418535015547635, 0.05169517534549271]
A2: [-0.009108594285750837, -0.346803205093707, 0.24945507167739756, 0.10645666049425657] - [0.08003987519079424, 0.036282310216909676, -0.050250058242217205, -0.0660719050187554] - [-0.04245282152271568, 0.23083188880926797, -0.0405312477575143, -0.14784784125631265] - [0.06813476645397153, -0.29346786578427625, 0.14177122730584774, 0.08356184663562775]
B1: 1.5293268063188945e-08 - 1.7807814402057853e-08 - 4.614998217427595e-09 - 6.3902286195843494e-09
B2: 2.046710984430365e-09 - -1.9609000087207978e-08 - -1.5600083036433955e-08 - 4.7917733645552956e-08
