Number: 6391
Error: 9.14610828216957e-16
A1: [0.080431695540895, -0.1804677998954671, -0.019588846130008736, 0.11962498259323837] - [0.03741557916301669, 0.1335963853448532, -0.13472618702738395, -0.0362858259276841] - [-0.0017028000677534246, 0.22819013545140474, -0.12282836372790844, -0.10365889128448416] - [0.038863228631843674, -0.11448102433342895, -0.046416447189361304, 0.1220342221592598]
A2: [0.03530744821029826, -0.029273470633716905, -0.07569734505558112, 0.06966341313339526] - [0.1028937517618944, 0.2828967023655929, -0.392606395195992, 0.0068159971465147256] - [-0.011187062808925707, 0.5390146280909702, -0.35945098029932326, -0.1683764253851202] - [0.0978628156847041, 0.017463332846397162, -0.1688509950199467, 0.053524895468665394]
B1: -4.2806350983836485e-09 - 8.438322356678251e-09 - 1.084863801726498e-09 - 5.820882582578213e-09
B2: 1.0863188325401517e-09 - 1.1940299882738297e-08 - -8.609684126884982e-09 - -1.1380046341780332e-10
