Number: 3388
Error: 1.8869010372021965e-07
A1: [0.06491274150219048, -0.11522239172582109, -0.025283423257686427, 0.07042569220174871] - [0.036705770309095116, 0.1875278452079932, -0.1480938880160277, -0.07887181050507563] - [-0.05707664868168919, 0.3319774203992426, -0.12467144623320335, -0.13790906810171963] - [0.037212476900344946, -0.05506286428226655, -0.03919309812508058, 0.04993165458913006]
A2: [-0.010522927246949594, -0.3483016574454718, 0.24804876541679785, 0.1049763683367067] - [0.08001327446779022, 0.036253855491109516, -0.050278786268850156, -0.06610495371286634] - [-0.0427283999788167, 0.23052794551384295, -0.04082279156804804, -0.14815638292231448] - [0.0675868952858789, -0.2940685324488105, 0.14119524091089108, 0.08295237494718667]
B1: -0.00020680506908143752 - -0.0001273197656426884 - 0.00011722394173629429 - 0.00010050477434263237
B2: 0.0005545627408221196 - 0.000424935550205839 - -0.0007945723438848391 - 6.57623454074599e-05
