Number: 7139
Error: 1.0794738464822397e-15
A1: [0.08043169209066058, -0.18046780334531032, -0.019588849576115456, 0.1196249791433984] - [0.03741559691907073, 0.1335964030874709, -0.13472616930670647, -0.036285808181465554] - [-0.00170272083018414, 0.22819021468728148, -0.12282828460635352, -0.1036588120680605] - [0.038863219437633025, -0.11448103350183592, -0.046416456377714424, 0.12203421297076253]
A2: [0.035307372433192444, -0.029273546620410006, -0.07569741710349917, 0.06966333382444452] - [0.10289375135297357, 0.28289670195320576, -0.39260639559149063, 0.006815996718318777] - [-0.011187072996064487, 0.5390146178430543, -0.359450989941638, -0.16837643611971018] - [0.09786279273557709, 0.017463309792880813, -0.16885101686602622, 0.05352487137954721]
B1: -9.973792081833974e-09 - 5.308471876480885e-09 - 2.2341088480181704e-08 - 7.76187946312332e-09
B2: -7.573596529853611e-09 - -8.397814414447739e-09 - 6.95577316571486e-08 - -1.8499077850784622e-08
