Number: 8129
Error: 1.303514685588663e-15
A1: [0.08043173570064399, -0.1804677597402924, -0.019588806018319506, 0.1196250227483791] - [0.03741552989079802, 0.13359633610996, -0.1347262362013128, -0.03628587517255338] - [-0.0017027995317396832, 0.22819013598739754, -0.12282836319268318, -0.10365889074861184] - [0.038863239554388446, -0.11448101344154753, -0.04641643627378966, 0.12203423307500891]
A2: [0.03530729311643978, -0.029273626156467957, -0.07569749251706386, 0.06966325081109982] - [0.10289373882119071, 0.2828966893150709, -0.39260640771205413, 0.006815983595706547] - [-0.011187003426446645, 0.5390146878275496, -0.3594509240923261, -0.1683763628119642] - [0.09786281598108987, 0.017463333144091767, -0.1688509947377816, 0.05352489577972749]
B1: -4.721261367652949e-08 - -2.6338612970089962e-09 - 4.0686600049703513e-08 - 1.9283590751559547e-08
B2: 3.4416925167921736e-08 - -4.453336054127957e-08 - 6.062335512250748e-09 - 1.0301816323107528e-08
