Number: 5209
Error: 2.5531682042636385e-15
A1: [0.06621304262443321, -0.11395221565930885, -0.023984089228351033, 0.07172272932563743] - [0.03740252222771084, 0.18819328354197773, -0.14740903515813444, -0.07818709856462741] - [-0.06022948375887488, 0.32895069213977857, -0.1277532197051155, -0.14096843163884246] - [0.03904599979823827, -0.05332283730593323, -0.037418744548396686, 0.05169496751394103]
A2: [-0.009108477384337337, -0.3468030810798072, 0.2494551895244714, 0.10645678305887417] - [0.0800397259006747, 0.03628214938884853, -0.0502502214076011, -0.06607206956961459] - [-0.04245283991981408, 0.23083186850512954, -0.04053126747261754, -0.1478478616027082] - [0.06813479047353231, -0.2934678393378116, 0.1417712533451314, 0.08356187356591828]
B1: -6.709648431306527e-08 - -1.8994728611516414e-08 - -3.073504529109994e-08 - -4.136171412455144e-08
B2: -1.6071072726500303e-08 - -1.699564285227427e-08 - 1.2727185209600792e-07 - -9.23683964267694e-08
