Number: 5782
Error: 5.725256563045697e-05
A1: [0.10570540440420335, -0.15685315629216226, 0.004136619876173532, 0.14378567999127662] - [0.0768153937205635, 0.1695134166109122, -0.09900088747547268, 0.0005310915605468533] - [0.015562264018597047, 0.24658963311203932, -0.10528161088353238, -0.0862049410987385] - [0.03547790768164479, -0.11563317016558237, -0.047369535477690475, 0.12029242185337598]
A2: [0.005387692903021031, -0.06005314597800086, -0.10225127986936514, 0.04054886204576993] - [0.10197002781300275, 0.28211684568480894, -0.3945222363407205, 0.004867834065908819] - [0.009450147774024127, 0.5608488941118026, -0.3399789656819669, -0.14849927333662963] - [0.10611887140702997, 0.026237887629551856, -0.16053664387172087, 0.06150997800560027]
B1: 0.00026904418654011275 - -0.0030916441651639565 - 0.009124764047424334 - 0.005922021475024599
B2: 0.007476668493254766 - 0.019324819734321645 - 0.00324600331715842 - -0.017082583266959002
