Number: 1238
Error: 1.3850549611904456e-07
A1: [-0.007441609404372307, -0.015248945016980604, 0.0027369312464381266, 0.01919350279119238] - [0.0665273436746617, 0.18959677886675652, -0.14704496287086682, -0.11019534271028289] - [-0.11210869151980025, 0.4422538932670324, -0.07028558855253643, -0.2575838831409449] - [-0.023331995370438906, 0.015382057987511077, -0.029889881739650483, 0.03894941048952063]
A2: [0.13087467592428412, -0.22532717047520887, 0.021966378899013962, 0.06946463934291203] - [0.032990352757342356, 0.2040881451141326, -0.11454562390791556, -0.12112096809177099] - [-0.09604321158691446, 0.5541469264472902, -0.2366006083111732, -0.22703122044911914] - [-0.02219790558719832, -0.020627382156899122, 0.00675831167053326, 0.030865753990153413]
B1: 0.0001402722024027916 - 0.0004740617360851231 - 0.0003133012358744071 - 0.0002993950174542335
B2: -0.00011753458918445508 - 4.693756510530024e-05 - 3.302863038247042e-05 - -3.807121821587271e-05
