Number: 9876
Error: 4.7041293300466e-16
A1: [0.05317266757831878, -0.14800115349457374, -0.02699893001210722, 0.12182793947673905] - [0.00531386041871356, 0.1308368350177906, -0.11360060319182193, -0.02254962257613263] - [-0.014444426079225256, 0.22309167134541152, -0.12704112913943125, -0.08160588248356392] - [0.027146458685712735, -0.10002003944823194, -0.049424509812546286, 0.12229811899016799]
A2: [0.08925439178023774, -0.07291343966914225, -0.12362748875466074, 0.10728631269260527] - [0.10884170918667209, 0.2498141614955141, -0.4048453087571145, 0.04618946014587215] - [0.03663589967635629, 0.4625550873322775, -0.37771748153153556, -0.12147330009927189] - [0.14342641742794554, -0.04460663903549816, -0.20149955087875052, 0.10267984648772681]
B1: -6.299110036045768e-09 - -2.602499640121763e-11 - 3.182293346563062e-09 - -3.252561816260324e-09
B2: 2.063547952501604e-08 - 9.829550604322105e-09 - -1.3169532487512175e-08 - -3.881530584061787e-08
