Number: 2916
Error: 3.663736128907896e-08
A1: [0.06393763952123793, -0.047369712138000016, -0.022944285473116798, 0.008354706777999174] - [0.04336537884736079, 0.19098430181504344, -0.14286979136447614, -0.09283826807289487] - [-0.12319423484136646, 0.4151105867230359, -0.1046081234748886, -0.18682376437229076] - [0.0371921715079752, 0.019355474305386703, -0.032945566115160405, -0.02286632393696102]
A2: [0.06377007125014399, -0.17336080986801589, 0.08664920521070768, 0.02427939882148341] - [0.029339998881189638, 0.2003479061609862, -0.10166029596682301, -0.12782419771759587] - [-0.09280322068147769, 0.5142767333054986, -0.22499782418008427, -0.19451027246113997] - [-0.025859966845683917, 0.018586665341994116, -0.0502199734502835, 0.05704296327010797]
B1: 2.478787301415216e-05 - -4.154803670106672e-05 - -5.999538874965067e-05 - 0.00014833348894589539
B2: 0.00014221548497804316 - 0.0003757152672376172 - 0.00012849673198351224 - 0.0001730570763931351
