Number: 5498
Error: 4.463470288565463e-13
A1: [0.06621387250240664, -0.11395140432394864, -0.023983260000221055, 0.07172355781300603] - [0.037403579998351644, 0.18819429417093242, -0.1474079952872165, -0.07818605860139483] - [-0.06022757679987678, 0.3289525236700182, -0.1277513536644991, -0.14096657563361975] - [0.039046212290901855, -0.053322635622418034, -0.0374185389852461, 0.05169517140848583]
A2: [-0.009109437537527264, -0.34680409964928066, 0.2494542216018628, 0.10645577638606087] - [0.08004104037548697, 0.03628356545438991, -0.05024878476429811, -0.06607062072412619] - [-0.04245455647255995, 0.2308299740178138, -0.04053310699093511, -0.14784976002972547] - [0.06813314715374644, -0.2934696486978084, 0.1417694718361651, 0.08356003111839819]
B1: -1.1966168512048787e-07 - 1.5937443480148962e-08 - -2.9761527212914255e-07 - -1.800205646950583e-07
B2: 4.3202658409592673e-07 - -5.092575219859043e-07 - 1.7477656298185186e-06 - -1.83422963791985e-07
