Number: 1207
Error: 1.2876721622275317e-07
A1: [-0.007163836928976767, -0.01496528089326526, 0.003018285345199333, 0.019474833205726544] - [0.06713393810209946, 0.190180711441731, -0.14641779572273958, -0.10952029018557244] - [-0.11226531762552482, 0.44210392688730876, -0.07045227543428857, -0.257757318855346] - [-0.02275145070677733, 0.01595605775558218, -0.02929763539830459, 0.03955861993472614]
A2: [0.13307077654660215, -0.22316614525827796, 0.024126677612062185, 0.0716126363975482] - [0.03288587567621965, 0.20398544611300481, -0.11464984538523955, -0.12122389891110169] - [-0.09341975793488912, 0.5567207667042804, -0.23402403395791765, -0.2244557733195549] - [-0.01900997382176951, -0.01748751443883436, 0.009921423060014563, 0.03393100169937877]
B1: 7.237094419400235e-06 - 0.00018080974281559954 - -0.0003129623765176344 - -7.357161040530386e-05
B2: -0.0002335216912778997 - -0.0003573985306608706 - -0.00032836661816105156 - -0.00038684521723632455
