Number: 4081
Error: 9.587942154526923e-16
A1: [0.0662131617655361, -0.11395209918055077, -0.02398397018071528, 0.07172284826683546] - [0.03740263947955477, 0.1881933955681452, -0.14740891989061025, -0.07818698328688313] - [-0.060229361679670336, 0.328950809390461, -0.12775310024548187, -0.1409683128219705] - [0.039046136627233156, -0.05332270743296896, -0.03741861217090965, 0.05169509881665512]
A2: [-0.009108520528882754, -0.3468031268492362, 0.2494551460311221, 0.10645673782428941] - [0.08003983207706929, 0.03628226377106712, -0.05025010536312417, -0.06607195253973806] - [-0.0424528141073698, 0.23083189699323417, -0.04053123981114991, -0.14784783305529553] - [0.06813479430129778, -0.29346783512318264, 0.14177125749519298, 0.08356187785760306]
B1: -8.356803399799584e-09 - -8.069476585988014e-10 - -3.8656401583874166e-10 - 6.001481938908185e-09
B2: -1.1807117131063506e-08 - 1.8073247872763725e-08 - -5.211824904460987e-09 - -1.5040359870108765e-08
