Number: 2241
Error: 0.0004024000681284652
A1: [0.034661322981221335, -0.06968002728983014, -0.04727076068982522, -0.017384334273060804] - [0.049943074928568185, 0.1871510882996532, -0.15547681401210983, -0.10429154026707103] - [-0.1371723890481052, 0.4103706785913625, -0.10450220496029704, -0.1941542365337241] - [-0.0008529365689200052, -0.0031162218372395196, -0.050299337234984975, -0.05538927463963248]
A2: [0.016115620141169032, -0.23670769636657832, 0.03655167807370015, -0.026232760605941888] - [0.11825359617362427, 0.28766714905533947, -0.009964948484323463, -0.04263156452554508] - [-0.048324444733887764, 0.5739708558456516, -0.1728637134207786, -0.1549916496105685] - [-0.03259158425671918, 0.02861692791266139, -0.053363787076528064, 0.06074193397903439]
B1: -0.0013492878090352045 - -0.020366781669376995 - -0.007929630493413295 - 0.026128396841668657
B2: -0.014779921052216377 - -0.02304284194435174 - -0.015955480184464653 - -0.013190156119452286
