Number: 119
Error: 0.0001191132516392828
A1: [-0.015613214718672237, -0.018556596928850987, 0.014855047829731106, 0.005946884768597343] - [0.09388292425878743, 0.21778441148210873, -0.11721805381948214, -0.08003246470050215] - [-0.0998881331738131, 0.41929463837415937, -0.05689067099846873, -0.27524729665897274] - [0.0018954438829064816, -0.013953291593571095, 0.0005528271125137488, 0.02831651750378235]
A2: [0.2237524755945972, -0.10722628012499173, 0.0694481311512003, 0.057902600330450325] - [0.07241903489663393, 0.24245742991660452, -0.08218413565963638, -0.09134996791928841] - [-0.033841980138960025, 0.6332909161624268, -0.1845810548584152, -0.20937625491504827] - [0.06726300614315922, 0.06669959357711745, 0.07146282535193499, 0.07508431838406696]
B1: -0.0008808687204204025 - 0.1963939613994343 - 0.0013486229783113805 - -0.0003550018762779679
B2: 0.007929430116844343 - 0.1995874617524607 - 0.0034651430803733303 - 0.002740156213053984
