Number: 7490
Error: 6.196166177529853e-16
A1: [0.0804317260126481, -0.1804677694271721, -0.01958881569469841, 0.11962501306150684] - [0.03741562986345938, 0.1335964360069212, -0.13472613642796222, -0.03628577525532909] - [-0.0017027793267950398, 0.22819015619191732, -0.12282834301731832, -0.10365887054905734] - [0.038863270416842254, -0.11448098266570207, -0.046416405430999653, 0.12203426391828098]
A2: [0.035307435128784405, -0.029273483751401076, -0.07569735749332235, 0.06966339944216947] - [0.10289369218993567, 0.28289664228805556, -0.3926064528132211, 0.006815934766004907] - [-0.011187075699924436, 0.5390146151230683, -0.35945099250089146, -0.16837643896886262] - [0.0978627488692344, 0.01746326572701274, -0.16885105862397978, 0.05352482533420824]
B1: 1.2612421806533631e-08 - 3.280969454504234e-08 - 1.6612426098574255e-10 - 3.105387154247781e-08
B2: 1.7991675998253017e-08 - 1.3975408293511506e-08 - 2.277980353478065e-08 - 1.6807506062344588e-08
