Number: 3299
Error: 1.0098524990861548e-05
A1: [0.07444494248738973, -0.10598596986860555, -0.016313469856835138, 0.07948192851536443] - [0.05221121952851678, 0.20154455739361232, -0.13263720519218025, -0.06337524975632465] - [-0.057445755427264496, 0.3321248409496972, -0.12475152915798932, -0.1380477396644527] - [0.051819607074318555, -0.04129400091183125, -0.025331129188745166, 0.06376278722124548]
A2: [-0.02550440354817183, -0.3648734035512255, 0.2332809492595993, 0.0891635110702244] - [0.10056009088225122, 0.05859738515375817, -0.028036183557306492, -0.04367921467864709] - [-0.060514281323842796, 0.20914945694079295, -0.06073010682378054, -0.16862791642259936] - [0.0469771066080806, -0.31825940847800266, 0.11817228469202273, 0.05914848544187888]
B1: -0.006486073523188221 - -0.004261296024827741 - 0.0009261196397584047 - 0.003613797333874871
B2: 0.007314980226010862 - -0.013522403215643023 - 0.0013371482184506675 - 5.074777979457079e-05
