Number: 5776
Error: 5.443273730381069e-05
A1: [0.10843504594016344, -0.1551263729970946, 0.006120164198908534, 0.14599513624548976] - [0.06987781787785272, 0.16041756345707475, -0.10732433473935239, -0.007377386411165648] - [0.022305087601407435, 0.25451575372193813, -0.09813715226767272, -0.07917067227672096] - [0.07159279813068131, -0.07824525364831512, -0.010713410452027682, 0.15672878219726755]
A2: [0.01783652888060206, -0.048217580917666994, -0.08886052336940164, 0.05530104896051138] - [0.10406840620051859, 0.28484907906290596, -0.3936161277880521, 0.005472055666995249] - [0.024760196275540443, 0.5765441570347944, -0.32535451531333903, -0.13312889964332195] - [0.12001603748308158, 0.04025601040835825, -0.1468283545436432, 0.07595779972375362]
B1: 0.006303284096845567 - -0.010606216290828398 - -0.009513423557441166 - -0.006075029681717308
B2: -0.0036020601179661206 - 0.0012901414678557046 - 0.0046046825349780034 - -0.015426134021960181
