Number: 5984
Error: 2.0751555204111445e-11
A1: [0.08042148230963292, -0.18047801182884976, -0.019599046497614462, 0.11961477089377066] - [0.037413454535078626, 0.13359426207020575, -0.1347283080649743, -0.03628794975452805] - [-0.0017075964836953147, 0.2281853392074156, -0.12283315283068996, -0.10366368627721272] - [0.038853382173902745, -0.11449084299453825, -0.04642628684233999, 0.12202438209381372]
A2: [0.03525841169151779, -0.029322643383596154, -0.07574396849984857, 0.06961209109140794] - [0.10285816476843508, 0.28286081290211007, -0.39264081468594914, 0.006778732252691023] - [-0.011171999914144836, 0.5390297811108806, -0.3594367229396382, -0.1683605530789823] - [0.09784572898474811, 0.01744616836919245, -0.1688672604863912, 0.05350696002082661]
B1: -6.722833963671794e-06 - 3.5213571544708183e-06 - 2.9510492751444686e-06 - -4.058065174426031e-06
B2: 9.660047951285195e-07 - 1.5968051674754634e-06 - -1.0905588270256907e-06 - 3.0409311494748367e-06
