Number: 3084
Error: 1.6642395097916e-06
A1: [0.06578252328015737, -0.04554136060040169, -0.02112188907065587, 0.010177122783163213] - [0.04313599134814917, 0.19076800844367717, -0.14310036980900998, -0.09308445837417277] - [-0.11913005349005806, 0.4191622567134577, -0.10052435421244663, -0.182742254880233] - [0.03981325683280446, 0.021963924284999728, -0.03034240308046179, -0.020278797460422833]
A2: [0.06482182777243418, -0.1722868488430497, 0.08769493172528789, 0.02531107689130635] - [0.028989416025873536, 0.20000228278930401, -0.10200808192759474, -0.1281657325101258] - [-0.09262942865550075, 0.5144529381215035, -0.22481719676460443, -0.19433868050895328] - [-0.025636395794922932, 0.018816358460312817, -0.050004954005770055, 0.05726250593299405]
B1: 0.0009378502595846428 - -0.0017723557002000555 - 0.000666105917510411 - 0.0011099122763206385
B2: -0.000828117327593634 - -0.0007149009996038564 - -0.0007104078523735389 - -0.0011983822705857535
