Number: 4590
Error: 7.071923490129334e-16
A1: [0.0662131538552264, -0.11395210691411892, -0.023983978084845634, 0.07172284036976348] - [0.037402536860477294, 0.18819329752256866, -0.14740902077303605, -0.07818708417825558] - [-0.06022934204660038, 0.3289508282469735, -0.1277530810337305, -0.140968293713341] - [0.03904608163746882, -0.05332275962715594, -0.037418665371651644, 0.05169504604785822]
A2: [-0.009108458021794648, -0.34680306053909865, 0.249455209043871, 0.1064568033594024] - [0.08003983562446745, 0.036282267592656355, -0.05025010148597635, -0.06607194862968607] - [-0.04245277900038408, 0.23083193573946087, -0.04053120218899353, -0.14784779422825808] - [0.06813478003755805, -0.29346785082821014, 0.1417712420316849, 0.0835618618653118]
B1: -3.4338571539642394e-08 - -1.3866938154085498e-08 - -3.907519663384714e-09 - -1.648320316991253e-08
B2: 4.576214995357154e-09 - -1.769413720476393e-08 - -4.974790488633921e-08 - 2.000161167840125e-09
