Number: 3449
Error: 2.589453624131021e-09
A1: [0.0661543256333455, -0.11400977187693377, -0.024043000089670738, 0.0716639945186134] - [0.037182362210897865, 0.18798293042275285, -0.14762534551074769, -0.07840346804831327] - [-0.06015402647451958, 0.32902314673663297, -0.12767940498436697, -0.14089525492028013] - [0.03863508061592747, -0.05371255601025586, -0.03781591292786996, 0.051300761200435786]
A2: [-0.00886781612650681, -0.3465476299043534, 0.24969792380513559, 0.10670954611262116] - [0.07986565539840072, 0.03609461933496123, -0.05044056821043644, -0.06626393532985467] - [-0.042301194708822105, 0.23099891626501204, -0.04036887859966055, -0.14768031759862102] - [0.0682676331378608, -0.29332169148385884, 0.14191554917873372, 0.08371100164206982]
B1: 9.163404805979721e-05 - -7.82604626992552e-05 - -8.69616681719053e-05 - 5.3654937637285365e-05
B2: -0.00012376709619042625 - 0.0001101770827805325 - -7.275828627232466e-05 - -1.1431667144374578e-05
