Number: 5971
Error: 1.1502593471426498e-11
A1: [0.08041198790734502, -0.18048750516248568, -0.019608528988867474, 0.11960527789444636] - [0.037422197656950394, 0.13360299836352804, -0.13471958327173772, -0.036279211995141766] - [-0.001716837171008788, 0.2281760988306274, -0.12284237950658887, -0.10367292425819462] - [0.038847029282340205, -0.11449717781911468, -0.04643263504570417, 0.12201803347448871]
A2: [0.03524115329901636, -0.029339950874656018, -0.0757603779656383, 0.06959402829272014] - [0.10286162236418321, 0.28286429877949887, -0.3926374710385698, 0.006782352581735616] - [-0.011145904249655272, 0.5390560326217801, -0.35941202291658747, -0.16833305522356248] - [0.09785656232006218, 0.017457050643022318, -0.16885694801433854, 0.05351833150758894]
B1: 8.70496449821642e-07 - 9.687385992803337e-06 - 5.087247237832842e-06 - -1.097421145783513e-06
B2: -2.6508722479736454e-06 - 5.189055337282768e-06 - 6.669475868085564e-06 - 4.106921336918949e-06
