Number: 3248
Error: 0.0019433173741580545
A1: [0.005475134589998168, -0.17786216693936652, -0.09693152888811865, 0.00219736666489119] - [0.07833380383183682, 0.2098604046156124, -0.11156182835136225, -0.04040301842453212] - [-0.4025734070034971, 0.04005831664973041, -0.44171186989479, -0.45184965672847827] - [-0.21342174068193645, -0.2692549716786733, -0.2763063408430797, -0.18325588859806322]
A2: [-0.17428015666041352, -0.5636073487986997, 0.08827121799470154, -0.07931093452919843] - [0.11217854447519188, 0.10952952345216609, -0.026051687949132166, -0.04039599924323861] - [-0.08367752823895483, 0.17470758708375064, -0.14280635654185275, -0.23713690854905642] - [0.057136252959975, -0.30597745797278175, 0.07019798895765765, 0.028839443464218233]
B1: -0.03998305949532557 - -0.2732466213691921 - -0.07406272121459302 - -0.07145906647973344
B2: -0.16687474370119132 - -0.21154200248908375 - 0.016779036088557138 - -0.004516716882907855
