Number: 3378
Error: 3.1692160133043996e-08
A1: [0.06540099200384993, -0.11474594314031449, -0.024796826043610536, 0.07091212369871128] - [0.03814337175741191, 0.18890037946802749, -0.1466817568018048, -0.07745956160353633] - [-0.05279271022818136, 0.3361026158979325, -0.12047124237135357, -0.1337335172928319] - [0.03625140507907463, -0.05597667236583374, -0.04012374775871089, 0.04900882675977725]
A2: [-0.007035924223249434, -0.3446013094010402, 0.25158643033683353, 0.1086285826170598] - [0.08058318070760721, 0.03686826731359678, -0.04965638762130915, -0.06547710006641158] - [-0.04098506091674587, 0.2324526810668799, -0.038948388451870146, -0.14623116912470097] - [0.07007936502196446, -0.2913227184774051, 0.1439077679373287, 0.08574341777677341]
B1: 0.00023995240967745088 - -0.0003693899339198015 - -4.739112025415396e-05 - 4.382394426289142e-05
B2: 0.00037301053610756287 - 0.0002691427764641009 - -0.00018229537265969657 - -0.0004255196932373642
