Number: 735
Error: 2.6172569064870312e-14
A1: [-0.012154119770234081, -0.014517915707141518, 0.018086481022058613, 0.008582321600212234] - [0.06583511820991032, 0.1894951481457003, -0.14532269144611773, -0.11000869125699474] - [-0.09629286874757124, 0.4217862883152564, -0.053457110495012755, -0.272035495054416] - [-0.0013225586140500096, -0.018220262715927377, -0.003836237325576562, 0.023375520295582788]
A2: [0.16158697298762936, -0.16775452583797926, 0.008501580983516634, -0.002332823652383641] - [0.035485850956204934, 0.2075168471560027, -0.11721029731957208, -0.12579190489124228] - [-0.08621302705956851, 0.5815386287847386, -0.2353882229702683, -0.2599350634124859] - [-0.003834484164000404, -0.0045188147047821, 0.0011107350654056796, 0.007243854996707058]
B1: 5.125136829261876e-08 - -4.7911452723801826e-08 - 1.374379927452831e-07 - -9.72318658653147e-08
B2: -9.834257027612207e-08 - -3.94999321125763e-07 - 3.759942741871684e-07 - -1.2656922776381826e-07
