Number: 3421
Error: 1.2231246130367777e-08
A1: [0.06707581499203946, -0.1131098412530129, -0.0231235810546319, 0.07258348234315803] - [0.0376736764100412, 0.18845219533933627, -0.1471424520598041, -0.07792023047001471] - [-0.058678572572097645, 0.3304384058115515, -0.12623739805689402, -0.13946322966765187] - [0.04022611088619938, -0.05220084262175068, -0.036276143272731334, 0.052826569860141157]
A2: [-0.009367165357959064, -0.34707665147524447, 0.24919302859303263, 0.10618754187477335] - [0.08029905353601353, 0.03656140780010267, -0.0499681115090686, -0.06578762565432383] - [-0.04235751677120934, 0.2309367518767353, -0.04043137919807996, -0.14774358552698466] - [0.06893781832713468, -0.29258340526342735, 0.14264426331123167, 0.08446485649666706]
B1: -0.00015611727392685437 - -9.645888210473622e-06 - 0.00028846377553308673 - -9.124330587165786e-05
B2: -0.0005167297473568177 - -0.00010061084634399563 - 0.0001579745231399348 - 0.00013708209590038026
