Number: 1948
Error: 5.0517426342331675e-06
A1: [-0.006421228688867166, -0.01404588450675906, 0.003707536258223762, 0.02021436120108491] - [0.06586821506916235, 0.1889315891729044, -0.14774418912682222, -0.11102768416722655] - [-0.1230967094643758, 0.43137974485296976, -0.08206125284403532, -0.26959048384775774] - [-0.038299432132525964, 0.0006297678622453852, -0.0455063784148181, 0.02307465554599074]
A2: [0.13394669064705245, -0.22270235515645284, 0.02462895828557393, 0.07212573973333349] - [0.03407268013984795, 0.2052103298301638, -0.11346965374793226, -0.12006184524755449] - [-0.10351145579972296, 0.5466828446303655, -0.24397584062822805, -0.2342958637390735] - [-0.01995308104453833, -0.018644568836021953, 0.00882433884245521, 0.03289514329272424]
B1: -0.0004652790499071409 - -0.0014424624833118999 - -0.0024708177073720404 - 0.0009983480816038205
B2: -3.730303708735384e-05 - 0.0060726596400040335 - -0.0013932351809871316 - -0.003736092767456638
