Number: 9848
Error: 7.758633592594533e-16
A1: [0.053172494453366026, -0.14800132668315172, -0.026999102946231236, 0.12182776626831195] - [0.00531371703489427, 0.130836691483617, -0.11360074655391135, -0.02254976616213022] - [-0.014444520885646347, 0.22309157650427242, -0.1270412238707984, -0.08160597732381697] - [0.027146441963061978, -0.1000200561708486, -0.04942452657046131, 0.12229810222503103]
A2: [0.08925447113428703, -0.07291336049859692, -0.12362741118850833, 0.10728639302509603] - [0.1088415737875385, 0.2498140260724898, -0.40484544147441637, 0.0461893224685946] - [0.03663566485901156, 0.4625548537367444, -0.3777177106310622, -0.12147353735204829] - [0.14342624885208638, -0.04460680698348438, -0.20149971547848694, 0.10267967541084937]
B1: -3.181629079100259e-08 - -3.0668088841098385e-08 - -2.3066231632708992e-08 - 1.9774690370163315e-10
B2: -2.5629246874210022e-08 - -1.8701077932836906e-08 - -2.8652486313077846e-08 - -8.92507621753356e-09
