Number: 4454
Error: 1.0180385452498568e-15
A1: [0.06621317045776678, -0.11395209068258869, -0.023983961495325164, 0.07172285694446683] - [0.037402630561683484, 0.18819338704772537, -0.14740892865755317, -0.07818699205461734] - [-0.06022943188988618, 0.32895074195736246, -0.12775316894910646, -0.14096838115601196] - [0.039046164994880395, -0.05332268050739871, -0.03741858472611098, 0.051695126038629885]
A2: [-0.009108625676404138, -0.34680323839428284, 0.24945504003281224, 0.10645662758284044] - [0.08003979139837898, 0.036282219948497084, -0.05025014982258659, -0.06607199737668931] - [-0.04245282148546415, 0.23083188885033804, -0.04053124771774911, -0.14784784121508274] - [0.06813475137309169, -0.29346788238899163, 0.1417712109568761, 0.08356182972717116]
B1: 1.4692927743874705e-08 - -1.100554934218385e-08 - 6.576437876438615e-09 - 1.0457714350710119e-09
B2: -1.3133530896655229e-08 - 1.2544353178926452e-08 - 1.1804295629595104e-08 - -4.248734175660346e-09
