Number: 7270
Error: 9.646009583176565e-16
A1: [0.08043168977370044, -0.1804678056620077, -0.019588851890303887, 0.11962497682670323] - [0.037415592903414306, 0.1335963990748549, -0.1347261733143585, -0.03628581219489631] - [-0.0017028171399291769, 0.22819011837959385, -0.12282838077508104, -0.10365890835209911] - [0.03886323729362987, -0.11448101569595087, -0.04641643853309642, 0.12203423081566071]
A2: [0.035307519021553845, -0.02927339962660809, -0.07569727772911387, 0.0696634872450148] - [0.10289368698494901, 0.2828966370388867, -0.3926064578474115, 0.006815929315609821] - [-0.011187160046639144, 0.5390145302732628, -0.3594510723369317, -0.16837652784790563] - [0.09786281680298348, 0.017463333969760412, -0.1688509939554098, 0.05352489664248167]
B1: 1.8104320317523744e-08 - -2.9480539779268495e-08 - -3.0186205725293453e-08 - -9.154064438098604e-10
B2: -1.1668219287668535e-08 - -1.197930408685712e-08 - -1.2463686609829033e-08 - -1.2499664541543151e-08
