Number: 8416
Error: 9.50655551269127e-16
A1: [0.08043169742292619, -0.18046779801364837, -0.019588844250265892, 0.11962498447504417] - [0.03741557257657707, 0.1335963787634028, -0.13472619360057275, -0.036285832510413465] - [-0.001702818389194652, 0.22819011713035028, -0.12282838202252212, -0.10365890960102282] - [0.038863251061594134, -0.1144810019666005, -0.04641642477390391, 0.12203424457508484]
A2: [0.03530745142134393, -0.029273467413745268, -0.07569734200250719, 0.06966341649405099] - [0.10289373066880947, 0.2828966810935306, -0.3926064155969275, 0.006815975058988469] - [-0.01118709620877955, 0.5390145944918342, -0.359451011912978, -0.16837646057976682] - [0.09786282953999241, 0.017463346764670675, -0.16885098183054295, 0.05352491001211656]
B1: -1.3558289434196437e-08 - 2.7760175092728267e-09 - -1.8601294005610465e-09 - -6.650206841216836e-09
B2: 6.408458423046702e-09 - -1.7576947238800583e-08 - 1.222556121851858e-10 - 1.0525519363267487e-08
