Number: 4736
Error: 1.0781357515754043e-15
A1: [0.06621321708340173, -0.11395204509886765, -0.023983914906287655, 0.07172290349182313] - [0.037402636081043654, 0.18819339232111218, -0.14740892323160282, -0.07818698662819071] - [-0.06022932589200003, 0.32895084376255757, -0.1277530652257854, -0.14096827799041498] - [0.03904622306559102, -0.05332262538883953, -0.03741852854460912, 0.051695181763895176]
A2: [-0.0091086651910531, -0.3468032803130763, 0.2494550001983664, 0.10645658615389093] - [0.08003993613664173, 0.036282375873005666, -0.05024999163193764, -0.06607183784287086] - [-0.042452843793350445, 0.23083186423002852, -0.040531271623621135, -0.1478478658867423] - [0.06813468728280757, -0.29346795295506994, 0.1417711414767333, 0.08356175787027292]
B1: 9.257969995125332e-09 - 2.533209380674584e-08 - -1.2981149499840115e-08 - -2.8883495256569248e-08
B2: 8.60041229229939e-09 - 1.0156373692796834e-08 - 7.535281396075072e-09 - 9.4471478197648e-09
