Number: 4381
Error: 1.021766720250872e-15
A1: [0.06621309167186995, -0.11395216770788608, -0.02398404021939397, 0.07172277829079853] - [0.03740262772406835, 0.18819338433657445, -0.1474089314471487, -0.07818699484446358] - [-0.0602293936823573, 0.3289507786536068, -0.12775313156146229, -0.1409683439694702] - [0.03904610666170549, -0.05332273587505057, -0.037418641161502834, 0.05169507006146137]
A2: [-0.009108571849645062, -0.34680318129252685, 0.24945509429509705, 0.10645668401725421] - [0.08003987338030621, 0.03628230826649321, -0.050250060221034086, -0.06607190701431329] - [-0.0424527401218165, 0.23083197864825059, -0.04053116052529408, -0.14784775123003338] - [0.06813471449231426, -0.2934679229962916, 0.14177117097459455, 0.08356178837705151]
B1: 4.273989014938386e-09 - 1.9017009613918823e-08 - 1.7860801485938596e-08 - -3.41878820967776e-08
B2: -1.3185231638839514e-09 - 3.6347645459394875e-08 - 5.047637681383688e-09 - -6.480805575999673e-09
