Number: 9580
Error: 3.053558261409665e-14
A1: [0.05317218647357975, -0.14800163478067793, -0.02699941058920465, 0.12182745814220158] - [0.005314128506353203, 0.13083710338002316, -0.11360033515012724, -0.022549354107432112] - [-0.014443973501886413, 0.22309212408550028, -0.12704067692277357, -0.08160542974392763] - [0.027146579183798918, -0.10001991895690289, -0.049424389064406944, 0.12229823979034707]
A2: [0.08925350932631555, -0.07291432008375157, -0.12362835132782699, 0.10728541935470629] - [0.10884245652176784, 0.24981490896137354, -0.404844576228501, 0.04619022005243618] - [0.036636241209009664, 0.46255542708753994, -0.377717148317726, -0.12147295502680654] - [0.14342572108492999, -0.04460733279110701, -0.20150023080130292, 0.10267913981212735]
B1: -1.4763623141329586e-07 - 2.5047806393311057e-07 - 2.515339778931978e-07 - -5.268421186915996e-08
B2: -1.7561616218602387e-07 - 2.8534751496871135e-08 - 2.3486702031461708e-07 - 3.00795948387248e-07
