Number: 1973
Error: 9.50331218725403e-06
A1: [-0.00803332439438268, -0.014870226733632145, 0.003134640108645826, 0.020054984161982117] - [0.07858313548713379, 0.20122538610331367, -0.13445654444875127, -0.09671767449032158] - [-0.10334325723689992, 0.45092927128058446, -0.061133377126347935, -0.2475694320103893] - [-0.008542052837596039, 0.028951452128706055, -0.01583754209240879, 0.05366444938858686]
A2: [0.12959329403511924, -0.22791797231531888, 0.019553807170421846, 0.06612472591429149] - [0.04355834178214679, 0.21430661835555812, -0.10413627889137793, -0.11104489506257935] - [-0.09456046524518735, 0.5551861004241951, -0.23524161576752892, -0.22581553018452838] - [-0.020421081769292762, -0.018839219953368173, 0.008546903377931344, 0.032501119815554994]
B1: -0.003313793709316266 - 0.0010954195519259796 - -0.006409108996020419 - -0.0043437229913274806
B2: 0.0007756083180238908 - -0.012245524692908252 - -0.002851525696948097 - 0.0002288881798621729
