Number: 5102
Error: 1.3771966107207065e-15
A1: [0.06621323802749884, -0.11395202462279246, -0.023983893978636796, 0.0717229244007705] - [0.03740261329496827, 0.18819337055058957, -0.14740894563203255, -0.07818700903060477] - [-0.06022936739277903, 0.3289508039032712, -0.12775310583601987, -0.14096831838223076] - [0.03904615963178546, -0.053322685597783484, -0.03741858991463992, 0.051695120892159135]
A2: [-0.009108486544241895, -0.34680309079699717, 0.24945518029059327, 0.10645677345522479] - [0.08003977391862357, 0.03628220111786819, -0.050250168926814505, -0.06607201664319037] - [-0.04245287430755174, 0.2308318305528155, -0.04053130432376075, -0.14784789963415032] - [0.06813470794301406, -0.29346793020719597, 0.141771163874433, 0.0835617810342917]
B1: 4.047987602447828e-08 - -7.891837260066782e-09 - -2.291547802993312e-08 - -2.090179081068796e-08
B2: 2.0500812019889107e-08 - -6.795904755913906e-10 - -8.613994113460164e-08 - 2.6254064224982928e-08
