Number: 5669
Error: 2.0341955413944804e-05
A1: [0.07100207042831724, -0.10887325533399382, -0.019034876194805695, 0.07662631131073985] - [0.0157157128674688, 0.16771470396356045, -0.16862382417818786, -0.09953551818568178] - [-0.09046632339094295, 0.29808696366678455, -0.15853346906511867, -0.17293873056421113] - [0.050543580318922435, -0.0408362344826769, -0.025545057237838703, 0.06381278095597678]
A2: [-0.020104118652411684, -0.3589832749057005, 0.2367421088241829, 0.09668061839899057] - [0.09111386007774881, 0.04813024976765144, -0.0386891119361128, -0.05363342609026294] - [-0.02976327893688413, 0.24448528939520567, -0.028045501866441315, -0.13281746483591925] - [0.09426548098781318, -0.2649382079369406, 0.16885617753624513, 0.113481470232239]
B1: -0.0042463846835315055 - 0.007509661303094998 - 0.0017880515177071143 - 0.004964190431893294
B2: 0.00815282276682273 - -0.009469249315287113 - 0.009493277025747737 - 0.011222559321573743
