Number: 379
Error: 4.252212686064193e-11
A1: [-0.01218858779699052, -0.014553315753742914, 0.018048387038550242, 0.008545490653497878] - [0.06584785540860766, 0.1895074009460492, -0.14530952293954338, -0.10999450974441678] - [-0.09631304138037493, 0.4217667934124359, -0.05347899692633497, -0.27205899697475683] - [-0.0013336341960487955, -0.018230913495292957, -0.0038480236800422785, 0.023362718624764432]
A2: [0.1615954490369015, -0.16774621479338694, 0.008509883664590035, -0.0023245638528162867] - [0.03547611880732583, 0.20750727035042238, -0.11721998967970437, -0.12580142638150033] - [-0.08618093300330432, 0.5815700604761566, -0.23535699933172996, -0.2599037726417396] - [-0.0038237963411086344, -0.00450830673133651, 0.001121312743466846, 0.007254079049216061]
B1: -8.06795792932912e-06 - -5.386017349420624e-07 - 4.500261869907465e-06 - -4.7183899918748396e-06
B2: -1.0598473103575673e-05 - 1.6392620770710472e-05 - -4.143406949553684e-06 - -1.567664450017331e-07
