Number: 6941
Error: 1.1179988372638742e-15
A1: [0.0804316692897586, -0.1804678261436295, -0.01958887234975408, 0.11962495634510084] - [0.03741558746348342, 0.1335963936390375, -0.1347261787434556, -0.03628581763181615] - [-0.001702810097475133, 0.22819012542189293, -0.1228283737429442, -0.10365890131152937] - [0.03886323819301202, -0.11448101479909206, -0.046416437634286566, 0.12203423171448465]
A2: [0.03530746706413119, -0.02927345172773511, -0.07569732712958849, 0.06966343286597117] - [0.1028937955987884, 0.28289674657453695, -0.3926063527975181, 0.00681604305014905] - [-0.011187227637592919, 0.5390144622791581, -0.35945113631322345, -0.168376599070876] - [0.09786280854252553, 0.01746332567172974, -0.1688510018188313, 0.0535248879716951]
B1: 3.6465107140382304e-08 - 1.9192157669146712e-09 - -2.6967452162766838e-08 - 1.0752254476660847e-08
B2: -9.95594382466028e-09 - 1.2803287977856856e-08 - 1.4983182328794643e-08 - 4.603406981926779e-09
