Number: 6374
Error: 1.0326458271612046e-15
A1: [0.08043170803311624, -0.18046778740466, -0.019588833652723958, 0.1196249950840333] - [0.03741559979612434, 0.1335964059623454, -0.13472616643538773, -0.03628580530600539] - [-0.0017027929255509916, 0.22819014259345521, -0.12282835659616304, -0.1036588841441876] - [0.03886324125169045, -0.11448101174899808, -0.04641643457755589, 0.12203423477126336]
A2: [0.035307560291112886, -0.029273358242900147, -0.0756972384906256, 0.0696635304381801] - [0.10289376011999113, 0.28289671079462625, -0.3926063871121519, 0.006816005898666284] - [-0.0111870710675676, 0.5390146197830687, -0.3594509881163035, -0.16837643408754396] - [0.09786286387407223, 0.017463381254963644, -0.168850949146808, 0.05352494605183775]
B1: 3.1173300467208644e-08 - 5.393506473620706e-09 - -5.037652351989364e-09 - 1.7719817236622896e-08
B2: 7.3713136442807345e-09 - 1.3041042554440996e-08 - 3.4644763701901723e-09 - 2.315262007937461e-09
