Number: 304
Error: 1.2213767950621374e-08
A1: [-0.012635913203295015, -0.0150127876769659, 0.017553973099730072, 0.008067536351140638] - [0.0656821906510322, 0.18934801744539317, -0.14548082703969217, -0.11017897524163206] - [-0.09692973788563868, 0.4211709247242078, -0.054148081386321684, -0.27277745940467185] - [-0.001897694542664158, -0.018773242588062844, -0.004448365678860546, 0.02271075991906907]
A2: [0.16152105775208944, -0.16781922702942542, 0.008437066265385719, -0.002397021399601004] - [0.03549668237784136, 0.20752749413012225, -0.11719953767147094, -0.12578132627880134] - [-0.08639236186422052, 0.5813629363716278, -0.23556270520922426, -0.26010991539545436] - [-0.0038856815337734926, -0.004569116941619592, 0.0010601935725546563, 0.007194999655204537]
B1: -8.534802152213649e-05 - -5.960410789284634e-05 - -4.33492688473065e-05 - -4.2757758218567505e-05
B2: -8.840895456637141e-05 - -0.0008086891601940795 - 0.0001366189008744837 - 9.219068588316512e-05
