Number: 1439
Error: 5.488702459278916e-10
A1: [-0.007228400701257681, -0.015035033060744985, 0.002954677544650234, 0.01941277010042497] - [0.06677959610142346, 0.1898390727448156, -0.1467838317696872, -0.10991480051367193] - [-0.11271982721256299, 0.44165339822199484, -0.07092962386804873, -0.25824549132531394] - [-0.023386370041320288, 0.01532738239847736, -0.029952104429667618, 0.038893539564251074]
A2: [0.13162239671467532, -0.22459275437864157, 0.022702239882821933, 0.0701960185026314] - [0.03264697517748382, 0.20374995828639017, -0.11488756308580016, -0.12145674551300419] - [-0.094547210914631, 0.5556143152114514, -0.23512812926521298, -0.225560849559719] - [-0.02098542311653816, -0.019431627065654936, 0.007961306347707036, 0.032029803673318945]
B1: 1.3344285650452508e-05 - 2.31943619886524e-05 - -8.152765033973733e-06 - -5.2218336900628724e-06
B2: 3.626317267034265e-05 - -4.426412197763076e-06 - 5.5306663321524365e-05 - -3.279580429901003e-05
