Number: 8361
Error: 1.1582839773433536e-15
A1: [0.08043166641079455, -0.18046782902228733, -0.019588875225331235, 0.11962495346643409] - [0.037415622453405385, 0.1335964286025191, -0.13472614382309686, -0.036285782661176616] - [-0.001702818983205348, 0.22819011653635246, -0.12282838261566324, -0.10365891019487537] - [0.03886320985861695, -0.11448104305397404, -0.046416465950645476, 0.12203420339768897]
A2: [0.03530738941440223, -0.02927352959217227, -0.0756974009580477, 0.06966335159720007] - [0.10289369609887297, 0.2828966462301988, -0.3926064490325538, 0.006815938859265338] - [-0.011187136977214034, 0.53901455348024, -0.35945105050127774, -0.16837650353879122] - [0.09786278904389953, 0.017463306084372042, -0.16885102038028724, 0.053524867504495595]
B1: 6.150010602489942e-09 - 7.941566491353172e-09 - 1.1205471622155693e-09 - -3.460336312679536e-09
B2: -1.927537200047651e-09 - 3.7372188784591074e-08 - 1.3156320575535455e-08 - -6.568763523594008e-09
