Number: 5321
Error: 8.058651354133952e-16
A1: [0.06621318068554624, -0.11395208068332399, -0.02398395127556428, 0.07172286715506083] - [0.0374026293863946, 0.18819338592493004, -0.14740892981287865, -0.0781869932100553] - [-0.0602293323211727, 0.3289508375873691, -0.12775307151714377, -0.1409682842478674] - [0.03904612166194329, -0.05332272163730776, -0.03741862664920506, 0.051695084455826185]
A2: [-0.009108452074133824, -0.34680305422970936, 0.24945521503930565, 0.10645680959512231] - [0.08003991580924702, 0.036282353974551367, -0.0502500138485854, -0.06607186024825477] - [-0.04245288584434611, 0.23083181782017892, -0.04053131668699359, -0.14784791239328293] - [0.06813472302777648, -0.2934679135982461, 0.14177118022765572, 0.08356179794712916]
B1: 2.0490237886579307e-08 - -4.7438811636999364e-08 - -2.7069675749940934e-09 - -1.326701818466227e-08
B2: -1.022269955660992e-08 - -1.11195451402945e-08 - -1.67903955424934e-08 - -1.671446129317688e-08
