Number: 9052
Error: 0.00026359373100633685
A1: [0.011925680114139865, -0.20298284398479036, -0.0708186123090209, 0.07610433981015051] - [0.030276387679605367, 0.15300635015317446, -0.09116181686952957, 0.00024705227340328546] - [0.0042591258113957, 0.25145311403687415, -0.09570387114753702, -0.0555861588248917] - [0.04142866015736055, -0.08488814469799953, -0.031283330066293205, 0.13726511369425085]
A2: [0.1833594259620022, 0.03154336937873278, -0.011681390647358701, 0.21478764307841705] - [0.03143109711054626, 0.15877527938658806, -0.49499393523908275, -0.046476290911929424] - [0.08081291442668809, 0.5143905009074631, -0.3356879434556786, -0.07390908489230541] - [0.18532566581134963, 0.0014201132138633894, -0.15888298541416856, 0.14849743700437512]
B1: -0.01195602275609942 - -0.017703262665912847 - -0.05226008398450987 - -0.02032770269429588
B2: -0.05071040721390493 - -0.02474348211568758 - -0.022169639006512334 - -0.02452002944198308
