Number: 5996
Error: 2.205077888115299e-12
A1: [0.08043473991776276, -0.18046475580233462, -0.0195858052591108, 0.11962802670699899] - [0.0374106597837253, 0.13359146960049276, -0.13473109670519853, -0.03629074264892303] - [-0.001701891965351528, 0.2281910435768006, -0.12282745681866479, -0.1036579833563695] - [0.03886434011324547, -0.11447991590233075, -0.046415336260155274, 0.12203533303446984]
A2: [0.035310265832224026, -0.029270645292083546, -0.07569466607448232, 0.06966636213062523] - [0.10288134868137531, 0.2828841939225961, -0.3926183913434504, 0.006803009290554141] - [-0.011182113627241102, 0.5390196069201824, -0.3594462957973073, -0.16837121025306065] - [0.09786368054199251, 0.017464201693307698, -0.16885017171120925, 0.053525803319687267]
B1: -3.328550466814272e-06 - 1.0776034281835396e-06 - -1.3025285961217155e-06 - -2.4263849530708853e-06
B2: 1.686362953060021e-06 - -3.61735765028045e-06 - -3.4508629711041214e-06 - -3.55691743408714e-07
