Number: 1498
Error: 3.480734428506379e-09
A1: [-0.007746582419244952, -0.015558055539513825, 0.0024156403607016094, 0.01888025240100717] - [0.0665668589507465, 0.18963436108335963, -0.14700376038602347, -0.11015146571587411] - [-0.11331168415835066, 0.44107328627111336, -0.07154618615032864, -0.2588860593188788] - [-0.023555387826520797, 0.015161052164023409, -0.03012443812040928, 0.038715413160839776]
A2: [0.13146684457693827, -0.22474581630226179, 0.022549202641976067, 0.0700439671670787] - [0.032695454854245104, 0.20379764792801708, -0.11483928782642025, -0.12140936319450725] - [-0.09476489601336197, 0.5553997573480354, -0.23534253594287627, -0.22577561553815928] - [-0.021061755138804948, -0.019507077152684495, 0.00788528102400307, 0.03195610605813038]
B1: -3.257650796768523e-05 - -0.00011267357299852804 - -2.3599907843449554e-05 - -1.2817877884704567e-05
B2: -4.8118143346343126e-05 - -4.291238351648405e-05 - 0.00013488483255306852 - -0.0001793542593918928
