Number: 6601
Error: 9.186497313544904e-16
A1: [0.08043168192836278, -0.18046781350645802, -0.019588859726264517, 0.11962496898226066] - [0.03741560018914362, 0.13359640635506642, -0.1347261660431524, -0.036285804913204794] - [-0.001702845967128902, 0.2281900895530078, -0.12282840956007995, -0.10365893717161001] - [0.03886324943237836, -0.11448100359126827, -0.046416426402081025, 0.12203424294686649]
A2: [0.03530743921934855, -0.029273479649533935, -0.07569735360405763, 0.069663403723387] - [0.10289374319456936, 0.28289669372555537, -0.392606403482195, 0.006815988175270828] - [-0.011187096254080316, 0.5390145944463276, -0.35945101195587403, -0.16837646062746497] - [0.09786280671393553, 0.017463323834823376, -0.168851003559534, 0.05352488605227449]
B1: 3.077929439022402e-09 - 2.343567526675362e-09 - 4.25436269244581e-09 - 3.917714484926271e-09
B2: 1.8662365476929177e-09 - 1.1690854943462937e-08 - -1.6483042761541124e-08 - 1.612227634623152e-08
