Number: 8499
Error: 1.9608256438463895e-15
A1: [0.08043168895850317, -0.18046780647710423, -0.01958885270457018, 0.1196249760115951] - [0.03741551578893068, 0.13359632201874952, -0.13472625027503912, -0.03628588926658867] - [-0.001702821194119942, 0.22819011432547262, -0.1228283848233611, -0.10365891240520882] - [0.03886322318355545, -0.11448102976637237, -0.046416452634158646, 0.12203421671439818]
A2: [0.035307172448997455, -0.029273747157628795, -0.07569760724654254, 0.06966312451994493] - [0.10289376030169647, 0.28289671097792424, -0.3926063869363476, 0.006816006088896771] - [-0.011186930743146604, 0.539014760944387, -0.3594508552957574, -0.16837628622328957] - [0.09786283037656532, 0.017463347605068843, -0.16885098103417173, 0.053524910890239405]
B1: -8.462852464613152e-08 - 4.692834019830136e-08 - -2.5906363816939085e-08 - 2.699329912066695e-08
B2: -1.3548568363153996e-08 - -8.987824968513803e-09 - -2.34143647273765e-08 - 7.34303017950397e-09
