Number: 2071
Error: 0.00017178789883458208
A1: [0.016100584116796268, -0.020823219589905996, -0.009526647297907389, 0.0009474483933633523] - [0.06112889448996689, 0.18947539910889033, -0.14812745359326351, -0.11341217202995049] - [-0.17221516027770326, 0.38754008384837163, -0.12133012752992564, -0.2770571498147324] - [-0.0237178346343481, 0.0010477216217511043, -0.07171433505070485, -0.032707322253729465]
A2: [0.15851741770474462, -0.16282825958385058, 0.10432537734535013, 0.11331005586061832] - [0.034012758996755335, 0.19823180954912212, -0.12178427682891858, -0.12588024421585423] - [0.0069355737327762915, 0.6461863875447909, -0.1341148631653868, -0.12335900651169518] - [0.04252826867915974, 0.03933206651742107, 0.035833654069301925, 0.1326087476676563]
B1: -0.006488961712155951 - 0.0057128193964608755 - -0.02854121818014259 - -0.00027442241684613386
B2: -0.01056879617202958 - 0.0012474543722326608 - 0.0029780304513923853 - -0.0017023601682058824
