Number: 4080
Error: 9.52305452470675e-16
A1: [0.06621316035916694, -0.11395210055549215, -0.023983971585980764, 0.07172284686282655] - [0.03740264079335099, 0.18819339682338826, -0.14740891859904784, -0.07818698199520654] - [-0.060229363459013426, 0.32895080768150037, -0.12775310198664183, -0.14096831455376557] - [0.039046133124617424, -0.053322710757519334, -0.037418615559573085, 0.05169509545550694]
A2: [-0.009108515119217855, -0.346803121110426, 0.24945515148455727, 0.10645674349602866] - [0.08003983197758525, 0.0362822636638943, -0.05025010547185457, -0.06607195264939172] - [-0.0424528087852629, 0.2308319028670432, -0.04053123410776877, -0.14784782716924458] - [0.06813478984309175, -0.29346784003186344, 0.14177125266206625, 0.08356187285912849]
B1: -1.2359499115403998e-08 - -2.0432163501893697e-09 - 8.718233268155153e-10 - 3.5914884388808205e-09
B2: -1.1660030640733485e-08 - 2.003709299693889e-08 - -4.34475941777902e-09 - -1.5353363576152683e-08
