Number: 4248
Error: 1.0462672093832988e-15
A1: [0.06621323179627606, -0.11395203071476735, -0.023983900204931734, 0.07172291818004453] - [0.03740261292220304, 0.1881933701944007, -0.14740894599851995, -0.07818700939710296] - [-0.06022943188459006, 0.32895074196251245, -0.12775316894387206, -0.14096838115085378] - [0.03904625025351223, -0.053322599583175694, -0.0374185022412642, 0.051695207853685275]
A2: [-0.00910866308135443, -0.3468032780751047, 0.24945500232525614, 0.10645658836581309] - [0.08003986600518831, 0.03628230032137056, -0.05025006828162325, -0.06607191514336812] - [-0.04245281608613686, 0.23083189480933802, -0.0405312419316662, -0.1478478352437217] - [0.0681347539947758, -0.29346787950240477, 0.14177121379904498, 0.08356183266654006]
B1: 1.9797039565161993e-08 - 9.146358457316137e-09 - -6.8581976433169814e-09 - -1.0107148945409415e-08
B2: -2.7308856114065636e-08 - -4.9845277433624025e-08 - 4.274014324849742e-08 - 5.279305816276235e-08
