Number: 3846
Error: 5.152937469866303e-16
A1: [0.06621310661555277, -0.11395215309810415, -0.023984025287423216, 0.07172279320940503] - [0.03740255298795416, 0.18819331293129554, -0.1474090049184901, -0.07818706832228013] - [-0.060229393477887895, 0.32895077885004714, -0.12775313136134506, -0.14096834377048645] - [0.03904622927118468, -0.05332261949885224, -0.03741852254099492, 0.05169518771879152]
A2: [-0.00910859144289136, -0.3468032020779339, 0.24945507454335275, 0.10645666347479524] - [0.08003983684890723, 0.036282268911709666, -0.0502501001477646, -0.0660719472800985] - [-0.04245278076640343, 0.23083193379044792, -0.04053120408160535, -0.14784779618137991] - [0.06813480004207838, -0.2934678288022937, 0.14177126371881277, 0.08356188429412437]
B1: 1.2555365187607075e-09 - -2.9666606353705514e-08 - -1.7241452756676823e-08 - -2.6908226894879983e-08
B2: -3.7645418953273654e-08 - -3.479095379524237e-08 - 9.574381671619583e-08 - -1.0003437749809776e-07
