Number: 9021
Error: 0.0001492532601332492
A1: [0.010996525393047959, -0.21198113943551086, -0.06958902110951866, 0.07317807066598762] - [-0.07637210692574657, 0.04559790327578744, -0.19796525305890242, -0.10658993898346701] - [-0.07220078274570897, 0.17342953216874396, -0.1622342838816495, -0.13258391449063783] - [-0.05198719308361929, -0.18014190241043287, -0.12387971372702954, 0.043102269140819466]
A2: [0.10671170834533242, -0.04296368495527397, -0.08885769649363232, 0.13936555148804414] - [0.22587082054323201, 0.34497767127707435, -0.3065654242024643, 0.14461811236486793] - [0.010401097328536264, 0.4465351566234515, -0.41625350574739234, -0.1443249541168879] - [0.19298948968889748, 0.007443711284845734, -0.15382986784117714, 0.15547164341682015]
B1: 0.006577154019001779 - -0.01082790509042168 - 0.027209804182372815 - 0.0032954616162552026
B2: 0.010152799841949023 - -0.004887178069370337 - -0.009844849018085897 - -0.0004924294098438611
