Number: 6337
Error: 8.95159334355541e-16
A1: [0.08043170629468886, -0.1804677891428895, -0.019588835389071944, 0.11962499334580502] - [0.0374156226791597, 0.13359642882806236, -0.13472614359794696, -0.03628578243564524] - [-0.0017027519908469838, 0.2281901835272849, -0.12282831572139577, -0.10365884322040876] - [0.03886329853470291, -0.11448095462674499, -0.04641637733104653, 0.1220342920186732]
A2: [0.03530742996602361, -0.029273488928455434, -0.07569736240199251, 0.06966339403877143] - [0.10289381149191744, 0.2828967626025546, -0.39260633742590817, 0.00681605969259762] - [-0.011187045191214733, 0.5390146458137646, -0.3594509636237863, -0.16837640682071417] - [0.09786283587860028, 0.017463353132148602, -0.16885097579667255, 0.053524916665692084]
B1: -1.2131634210508315e-08 - 1.1560177841889785e-08 - 1.2790494269343227e-08 - -2.451539939568124e-09
B2: -1.5641479901190664e-08 - -1.5332244748359743e-08 - 2.8812919201596437e-08 - 1.2760826429014624e-08
