Number: 6259
Error: 1.3397639750490318e-15
A1: [0.0804316562009257, -0.1804678392309772, -0.01958888542293793, 0.11962494325776468] - [0.03741555739455276, 0.13359636359286864, -0.13472620875247374, -0.03628584768408685] - [-0.001702830192495134, 0.22819010532730824, -0.1228283938085435, -0.10365892140118377] - [0.038863213740394115, -0.1144810391830843, -0.046416462071323064, 0.12203420727706811]
A2: [0.03530745686453136, -0.029273461955548932, -0.07569733682724786, 0.06966342219099322] - [0.10289370008592545, 0.2828966502510413, -0.39260644517630167, 0.006815943034199693] - [-0.011187161996092097, 0.5390145283121899, -0.35945107418207883, -0.1683765299021696] - [0.09786277519688456, 0.017463292174409936, -0.16885103356170852, 0.05352485296960919]
B1: 1.078407371184032e-08 - -1.3235883121863425e-08 - -1.6156030501231057e-08 - -7.228734436380409e-09
B2: -1.4652536521688848e-08 - -1.2612748030892489e-08 - 2.0447882909334104e-10 - -5.628766475875466e-09
