Number: 1603
Error: 5.661459614355341e-08
A1: [-0.008311920521550243, -0.01612732060622251, 0.001830019992441897, 0.018293559493411923] - [0.06471861287238907, 0.18785623786349784, -0.14891480500403514, -0.11220672562597286] - [-0.11068318881299134, 0.4436502906655532, -0.06880430128657951, -0.25603845784317925] - [-0.02372241308043467, 0.014995873634153743, -0.03029481130476886, 0.03853503363646447]
A2: [0.1317210444207506, -0.22449954102027025, 0.02279694048956557, 0.07028954820128173] - [0.03292004812025136, 0.20401841365517479, -0.114615116903432, -0.12118927671136334] - [-0.094084490935155, 0.5560702607446477, -0.23467084994737752, -0.22510619335641177] - [-0.02102373011342083, -0.019479182390804473, 0.00791450003498845, 0.03198796278496998]
B1: 0.00010120828837456038 - -0.0008239355387166012 - 0.00035574693482832585 - -4.172413320368351e-05
B2: 0.0004495456852368839 - -0.0008567319540961513 - -9.690106604076811e-05 - 0.0002696263496238386
