Number: 7998
Error: 1.108512925816928e-15
A1: [0.0804317104784527, -0.18046778495960986, -0.019588831210314, 0.11962499752908977] - [0.03741555893675357, 0.13359636513390175, -0.13472620721329082, -0.036285846142723226] - [-0.0017028205424266865, 0.22819011497716324, -0.12282838417259787, -0.10365891175368656] - [0.0388632528964124, -0.11448100013696291, -0.04641642294025145, 0.1220342464087477]
A2: [0.035307432217333054, -0.029273486670900805, -0.07569736026148051, 0.0696633963950082] - [0.10289368945385417, 0.2828966395287592, -0.39260645545953204, 0.00681593190094461] - [-0.011187114521900188, 0.5390145760695142, -0.35945102924676803, -0.1683764798769044] - [0.09786277349712755, 0.01746329046691671, -0.1688510351798164, 0.053524851185471914]
B1: -5.539857379812187e-10 - 1.0488474409304963e-08 - 1.2020808831558122e-09 - 8.062218190464174e-09
B2: 5.888529888374001e-09 - 2.830750349972812e-10 - 6.587779634607459e-09 - 5.802094238092808e-09
