Number: 2681
Error: 9.089625331294597e-09
A1: [0.06365446308614943, -0.04765388526857253, -0.023226212508853563, 0.00807350739246214] - [0.04382430041809509, 0.19142752845095345, -0.14239711116342185, -0.09233347502089301] - [-0.12369425069108253, 0.4146140173095736, -0.10510520289811182, -0.18731739900640934] - [0.03755979763250383, 0.019725847720055513, -0.03257527850550175, -0.022497453227859423]
A2: [0.06379574385745083, -0.17333250651325932, 0.08668046326165693, 0.02431094616612711] - [0.02911342972020788, 0.2001247108198533, -0.10188615558903887, -0.12804577186437438] - [-0.09305006003157157, 0.5140358056442227, -0.2252465844383497, -0.19474863345000665] - [-0.025468604484077333, 0.018977811339943803, -0.0498315771400303, 0.0574247557437494]
B1: -5.484475210819509e-05 - 0.00010843331454878936 - -2.0003078396522823e-05 - -2.093673523264877e-05
B2: 2.9386196018775114e-05 - -3.0121141888666762e-06 - 0.0001816947043524708 - -0.00014420314456315423
