Number: 1181
Error: 1.2563218402739614e-07
A1: [-0.008209065353865298, -0.016016192059492087, 0.0019335201976518495, 0.018396470070448548] - [0.06824571107849667, 0.19124996982105516, -0.14526864903735023, -0.10828179087550432] - [-0.11378679324577112, 0.4406159317022142, -0.0720361087933057, -0.2594057505741656] - [-0.027060583624681802, 0.011728814530427314, -0.03368348391240094, 0.0350031282387097]
A2: [0.13098818860336822, -0.22521595428357125, 0.0220807400860529, 0.06958183017392429] - [0.03251309890796352, 0.20361985987365255, -0.11501987580448642, -0.1215894862837118] - [-0.09414918463456574, 0.55600474404659, -0.23473874369070963, -0.2251834057220738] - [-0.022613266088450282, -0.021043444233971788, 0.00634517467454865, 0.030468160601150575]
B1: -0.0003486460166015518 - -0.00023809991308149434 - 0.0006757023317903191 - 7.688454616276752e-05
B2: 0.00012931437145818458 - -1.061013755482309e-05 - -0.000521929837175073 - -0.00021633897795620622
