Number: 3541
Error: 3.009229693336813e-11
A1: [0.06622683640666026, -0.1139387306278701, -0.023970306972507096, 0.07173650049688785] - [0.037402870720428576, 0.18819361607779816, -0.14740869281208133, -0.07818675537916807] - [-0.06023847402897699, 0.3289420584932534, -0.12776201567652823, -0.14097718236957688] - [0.03906379516671849, -0.053305947001759495, -0.037401528632180964, 0.051712044395361895]
A2: [-0.00912826249713568, -0.34682406966806995, 0.24943524579650447, 0.1064360393249618] - [0.08001733256260181, 0.036258025844720404, -0.05027469596135184, -0.06609675214065451] - [-0.042499143254813763, 0.2307807658278007, -0.04058088771400098, -0.14789907216231338] - [0.0681368170509582, -0.2934656086284607, 0.14177345169903027, 0.08356414678930485]
B1: 1.4324371500326844e-06 - 1.8398606716911083e-06 - -1.2993957093876628e-05 - 1.115572830019778e-05
B2: -1.2791962425695933e-06 - 3.352769589901486e-06 - -5.769274343117781e-06 - 2.7018094697368268e-08
