Number: 5584
Error: 3.134937445983915e-08
A1: [0.06635689293775186, -0.1138115484961608, -0.02384031687336717, 0.07186636498061047] - [0.03748255530733036, 0.1882697740347672, -0.1473303343758699, -0.07810839751034934] - [-0.059977595051867595, 0.329192693661082, -0.12750663665489104, -0.14072319203828468] - [0.03920410623274039, -0.05317271774627801, -0.037265702949856726, 0.051846753133764294]
A2: [-0.009134117610632696, -0.3468302835267929, 0.2494294238137895, 0.10642996382393896] - [0.08005602101412018, 0.03629970922963532, -0.05023240976840897, -0.06605410431599644] - [-0.042493438103463586, 0.2307870755885621, -0.04057480857250256, -0.14789277884985702] - [0.06810147080844489, -0.2935045148210443, 0.14173511003281494, 0.08352450510559314]
B1: -6.535795198554972e-05 - -8.442697430875948e-05 - -7.576127792963807e-05 - -8.061176443797084e-05
B2: 9.109967982662702e-05 - 7.70412076937343e-05 - 9.687883072379016e-05 - 9.652847772197802e-05
