Number: 4323
Error: 7.399408332629672e-16
A1: [0.06621333044407847, -0.11395193427142408, -0.02398380163454439, 0.07172301666230282] - [0.037402627623266925, 0.18819338424027154, -0.1474089315462432, -0.0781869949435478] - [-0.060229323510894696, 0.3289508460494395, -0.12775306289579888, -0.14096827567313808] - [0.039046047191760934, -0.05332279232173866, -0.03741869869674805, 0.05169501299335773]
A2: [-0.009108362892375573, -0.3468029596216152, 0.24945530494301418, 0.10645690309743783] - [0.08003989442236907, 0.03628233093481665, -0.05025003722326255, -0.06607188382127016] - [-0.042452800838239005, 0.23083191163787697, -0.04053122559139075, -0.1478478183800794] - [0.0681348139484246, -0.29346781349084267, 0.1417712787945861, 0.08356189988564316]
B1: -4.9788617620302044e-08 - 9.740880518117951e-09 - 7.0790055527818235e-09 - 1.6374357886253143e-08
B2: -7.592069519683592e-10 - -3.357234780668847e-08 - -1.0289507139894479e-08 - 4.973906865957515e-10
