Number: 6565
Error: 1.1336173915439337e-15
A1: [0.08043168252598323, -0.1804678129089053, -0.019588859129358694, 0.11962496957981283] - [0.03741557144632087, 0.13359637763399754, -0.13472619472870442, -0.036285833640105666] - [-0.0017027907605397063, 0.22819014475842, -0.12282835443432193, -0.10365888197975437] - [0.038863206067257426, -0.11448104683469043, -0.04641646973956924, 0.12203419960869769]
A2: [0.0353074296314143, -0.029273489263987356, -0.07569736272014004, 0.06966339368857051] - [0.10289373415924487, 0.2828966846135468, -0.3926064122210416, 0.006815978713963829] - [-0.011187113774707056, 0.5390145768211971, -0.3594510285395225, -0.1683764790895676] - [0.09786279349321346, 0.017463310553964374, -0.16885101614480158, 0.053524872174815656]
B1: -1.6278966855754337e-09 - -1.543733338965841e-09 - -2.745266224113684e-09 - -3.6802570829412736e-09
B2: -3.0639724989636292e-09 - -1.3191387667914081e-08 - 2.364859075868647e-08 - -1.7851810663322356e-08
