Number: 7424
Error: 5.270581384027946e-16
A1: [0.08043168667968341, -0.18046780875567958, -0.019588854980629497, 0.11962497373303714] - [0.03741559148135712, 0.13359639765387107, -0.13472617473358478, -0.036285813616167555] - [-0.001702795792878956, 0.22819013972618485, -0.12282835945929287, -0.10365888701074635] - [0.03886324059042403, -0.11448101240841393, -0.04641643523840916, 0.12203423411040276]
A2: [0.03530715637300341, -0.029273763278172223, -0.07569762253093368, 0.06966310769418366] - [0.10289368697218512, 0.2828966370260212, -0.39260645785976145, 0.006815929302256679] - [-0.011187097988226837, 0.5390145927018274, -0.3594510135972677, -0.16837646245481197] - [0.0978627460918731, 0.01746326293701782, -0.16885106126784605, 0.05352482241887932]
B1: -3.766058335225561e-08 - 2.302618821248975e-08 - 6.53829241557359e-08 - 2.5410801244592438e-08
B2: 1.919920927879423e-08 - 1.5796255394831263e-08 - 4.330508917375899e-08 - 2.3959015320884636e-08
