Number: 8518
Error: 1.1325531976611154e-15
A1: [0.08043167795773726, -0.1804678174766216, -0.019588863692172942, 0.1196249650120892] - [0.03741561147747158, 0.13359641763492608, -0.1347261547770861, -0.03628579363099954] - [-0.0017028544143277706, 0.2281900811059636, -0.1228284179949266, -0.10365894561655739] - [0.03886323697337863, -0.11448101601522909, -0.04641643885311803, 0.12203423049566536]
A2: [0.035307447913882614, -0.029273470930909713, -0.07569734533736633, 0.06966341282309806] - [0.10289378171228958, 0.28289673257020714, -0.3926063662282727, 0.006816028508868533] - [-0.011187184433087638, 0.539014505741379, -0.35945109541945003, -0.16837655354451028] - [0.09786280106973592, 0.017463318164921995, -0.16885100893244154, 0.053524880127678975]
B1: 2.3402614825720676e-08 - -3.1509631788240033e-08 - 3.2528118748071074e-08 - 5.956246099462774e-10
B2: -2.7461023681049444e-09 - -8.375378190447059e-09 - 2.7211838278420845e-09 - -9.533372604911802e-09
