Number: 2694
Error: 2.7048348396359137e-09
A1: [0.06379139442893313, -0.0475175101304488, -0.023090665522545167, 0.008209272637352012] - [0.04377985272779055, 0.19138462939207415, -0.14244289645007305, -0.09238236988873649] - [-0.12322021494426756, 0.41508678296142687, -0.10462925167762174, -0.1868432028214778] - [0.03698088033920632, 0.019145445262402278, -0.03315367355663571, -0.023073056496724417]
A2: [0.06363717842355865, -0.1734902347538119, 0.08652257425402941, 0.024153860035667007] - [0.02947085166843897, 0.20047677246283555, -0.10153000151608162, -0.12769600123513625] - [-0.09314459817924431, 0.5139430116674154, -0.22534117140973733, -0.19484038549116214] - [-0.025531002838254872, 0.018915717679438844, -0.049893793905310055, 0.057363720627929264]
B1: 5.8642256872418964e-05 - 9.581463452688403e-05 - -4.287804181827873e-05 - -6.928849247485477e-05
B2: 4.052979052151828e-05 - -1.1277201424360448e-05 - -8.935047439688457e-05 - -7.742555178354871e-05
