Number: 240
Error: 2.751902216128907e-07
A1: [-0.01693590324495567, -0.01943441850883664, 0.012789120239430352, 0.003463088510696718] - [0.06793197379971852, 0.19151109006310238, -0.14315454997137175, -0.10767288875468331] - [-0.09132076127555216, 0.4265934691870691, -0.04805082826637721, -0.26623485741026065] - [0.0016467846073672267, -0.015368879360931438, -0.0006719056195704742, 0.02680684621736574]
A2: [0.1632390944188786, -0.16612848358673266, 0.010129252488613724, -0.0007230412186846996] - [0.03750660068096719, 0.209507046742453, -0.11519610994182804, -0.12381454863389874] - [-0.08634903875022099, 0.5813992355507485, -0.23553481837317738, -0.2600814008745505] - [-0.004288135076453547, -0.004967303777898215, 0.0006551966900693293, 0.006803280230220194]
B1: 0.0003305547628251976 - 0.0007162744522561869 - 0.001185078772859241 - 0.0006753931215680601
B2: -0.00016234672644962225 - 0.002438855437184006 - -0.0003522420923735059 - -0.0005827785189791612
