Number: 5915
Error: 4.940175523092412e-09
A1: [0.08064807799393736, -0.18025147593466648, -0.019372705800216126, 0.11984134948258064] - [0.0375058772058254, 0.1336865714815341, -0.13463606328777125, -0.03619556944624662] - [-0.0015409526520476907, 0.2283519896725783, -0.1226667041420097, -0.1034970635338679] - [0.03929551416535797, -0.11404989692246749, -0.04598434711652775, 0.12246628043582099]
A2: [0.03549037468781576, -0.029090023002194952, -0.07552344957970128, 0.06985484534352411] - [0.10262663335612243, 0.2826273188441692, -0.3928647969274889, 0.006536189575854506] - [-0.011447555633899396, 0.538752627188528, -0.35969756089712146, -0.16865099348110668] - [0.09782859486724803, 0.017428986263050453, -0.16888359477180623, 0.05348892707474361]
B1: -6.436457755658034e-05 - 8.443321514648661e-05 - -4.7767041318767654e-05 - -5.5818557911296466e-05
B2: -0.00018713821655359395 - -8.341128200958585e-05 - 0.00012899461314423754 - -7.441146006230206e-05
