Number: 1660
Error: 1.3133614339817885e-07
A1: [-0.007352276247891978, -0.015161198432887388, 0.0028256732384415112, 0.019276083653886448] - [0.06727602945167421, 0.19031664468870535, -0.14627198727922053, -0.10936194971630438] - [-0.10987678506591622, 0.44443077302616496, -0.06796919722815059, -0.25518290469621363] - [-0.022881136763426284, 0.015820111546864427, -0.029437644941872107, 0.0394220319266879]
A2: [0.13145297393555683, -0.22476158032021065, 0.022523642397740715, 0.07002436498268036] - [0.03256439565768656, 0.20366888783614154, -0.11496963973649514, -0.12153714244362895] - [-0.09498177527816881, 0.5551894517259208, -0.23556202296077228, -0.2259904221033739] - [-0.020525777559730944, -0.018989751465446986, 0.008412083339208329, 0.032464884188206644]
B1: 3.395847314260771e-06 - 0.000432446650895562 - -8.730940345525644e-05 - 0.00023548525705055894
B2: -0.0002173543034612898 - 0.00025376797856967506 - 0.0008515740031739044 - 5.42731623941427e-05
