Number: 5869
Error: 2.4641650669819437e-07
A1: [0.08153253576285521, -0.1793696109777845, -0.018488358713451235, 0.12072616513212962] - [0.03876701431161901, 0.13494556524056053, -0.1333774664180134, -0.034935066375980976] - [-0.0014882306019432267, 0.2284036554959494, -0.12261318006292632, -0.10344392481479608] - [0.039126084446969536, -0.11422065918033833, -0.046152051465120025, 0.12229775625857033]
A2: [0.036725156303636514, -0.0278535712152203, -0.07434870912569969, 0.07114904845258055] - [0.107095407809788, 0.28712831768396907, -0.3885449454469061, 0.011217581230827228] - [-0.010802940189392388, 0.5394002214231562, -0.3590845920461458, -0.16796862271602608] - [0.0989383680487391, 0.01854248837231372, -0.1678257414781894, 0.054655911028256905]
B1: 1.0727612664684042e-05 - -0.0013521875622304492 - 0.001073564769170512 - 0.00032924134827089154
B2: 0.00023722323389756974 - 7.839264803527504e-05 - 0.00012613096556700608 - -6.4570653574125965e-06
