Number: 7723
Error: 8.558768798970019e-16
A1: [0.08043163520552046, -0.1804678602240173, -0.019588906393233504, 0.11962492226475847] - [0.03741560018429686, 0.1335964063502184, -0.13472616604797438, -0.0362858049180452] - [-0.001702858144281729, 0.22819007737610977, -0.12282842171939676, -0.10365894934550601] - [0.038863181222682446, -0.11448107160955351, -0.04641649456830927, 0.1220341747795641]
A2: [0.035307379465625496, -0.0292735395685137, -0.07569741041719946, 0.06966334118469607] - [0.10289365494987672, 0.28289660473194483, -0.392606488831343, 0.006815895770259841] - [-0.011187145364989208, 0.5390145450424889, -0.3594510584404416, -0.16837651237731513] - [0.09786276361770069, 0.017463280542565525, -0.168851044584392, 0.05352484081529602]
B1: 2.5304199488830274e-09 - -7.1802725865190054e-09 - -1.3444921746868436e-08 - -7.486222502780463e-09
B2: -2.2899900278515105e-08 - 1.2213854307077196e-08 - -1.1048699614245429e-08 - -2.2651509606509623e-08
