Number: 5424
Error: 9.230110648952142e-16
A1: [0.06621321810049584, -0.11395204410438096, -0.02398391388992971, 0.07172290450727514] - [0.03740261841353663, 0.18819337544116, -0.1474089406000011, -0.07818700399813343] - [-0.06022946148084071, 0.3289507135364894, -0.12775319790495646, -0.1409684099558847] - [0.03904614285578674, -0.053322701520821525, -0.03741860614472218, 0.051695104793834254]
A2: [-0.009108800500195528, -0.34680342385403595, 0.24945486379413656, 0.10645644429032973] - [0.08003984014113504, 0.03628227245845123, -0.05025009654914341, -0.06607194365126079] - [-0.04245287654832632, 0.23083182807980182, -0.04053130672539742, -0.14784790211230234] - [0.06813477634202135, -0.2934678548972282, 0.14177123802482983, 0.08356185772188966]
B1: -2.1346917724623705e-08 - -3.808299572535271e-08 - 2.8659653413910238e-08 - 4.735278143841151e-08
B2: 2.4098208114626807e-09 - -9.690276904627356e-09 - 9.396878077757316e-09 - 1.685620815300921e-08
