Number: 6987
Error: 9.023505908389282e-16
A1: [0.08043169102133954, -0.18046780441451024, -0.019588850644156885, 0.11962497807419986] - [0.03741558923051466, 0.13359639540473212, -0.13472617697994418, -0.03628581586576322] - [-0.001702813137866749, 0.2281901223815669, -0.12282837677888447, -0.10365890435110928] - [0.0388632206894306, -0.11448103225355119, -0.04641645512671521, 0.12203421422178203]
A2: [0.03530743128492659, -0.02927348760589991, -0.07569736114800134, 0.06966339541915338] - [0.10289375566075709, 0.2828967062975489, -0.3926063914250611, 0.006816001229197422] - [-0.011187072182396715, 0.5390146186615753, -0.3594509891714913, -0.1683764352623153] - [0.09786280305766956, 0.017463320161925214, -0.1688510070400594, 0.05352488221438215]
B1: -7.389717606952616e-09 - -1.3243689341479253e-08 - 9.525951174884991e-09 - -1.4544473360728192e-09
B2: 9.217614365534584e-10 - -4.071122289492474e-09 - 1.6391526399264048e-09 - -1.0129842428035325e-08
