Number: 1508
Error: 3.1558442964098453e-09
A1: [-0.007473089809667926, -0.015282042466332536, 0.002699948091309405, 0.01916112992926061] - [0.0664928709797288, 0.18956316755802377, -0.1470802449503249, -0.11023378449049435] - [-0.11260783444471324, 0.4417631698782147, -0.07081281288300055, -0.2581240564697503] - [-0.02356458573400556, 0.01515206408184056, -0.030133847680880246, 0.03870571599100193]
A2: [0.1316334067415302, -0.22458193398921614, 0.022712770133662727, 0.07020688543245739] - [0.03258362250602534, 0.2036875585192059, -0.11495066018851635, -0.12151882389298826] - [-0.09462735862681498, 0.5555351539942956, -0.23520749998187773, -0.22564034213799744] - [-0.020680731289386745, -0.019131271979262583, 0.008263074830249219, 0.03232240607799532]
B1: -9.798568783885775e-05 - -0.00025409290286990284 - -3.330570127728686e-05 - -5.866167773912135e-05
B2: -7.784776232787471e-05 - -3.970171849383687e-05 - 8.916925843231803e-05 - -0.00022896975895107244
