Number: 3868
Error: 1.5114395452485044e-15
A1: [0.0662131421660792, -0.11395211834201886, -0.023983989764796113, 0.07172282870026796] - [0.037402553375195255, 0.1881933133012783, -0.14740900453780229, -0.07818706794155879] - [-0.06022952733379477, 0.328950650288872, -0.12775326234481307, -0.14096847404944998] - [0.03904617795729616, -0.053322668204037804, -0.03741857218545206, 0.05169513847743887]
A2: [-0.009108579263995317, -0.34680318915802144, 0.24945508682078796, 0.10645667624371066] - [0.0800398246798856, 0.03628225580218253, -0.050250113447818046, -0.06607196069309144] - [-0.042452878783321005, 0.23083182561280882, -0.04053130912046745, -0.14784790458448865] - [0.06813468493921063, -0.29346795553567884, 0.14177113893610435, 0.08356175524239605]
B1: -2.1182107710857004e-08 - -3.450962213168741e-08 - 2.0227803814162746e-09 - 1.3447628235781907e-08
B2: 8.98675904342938e-09 - -1.510664324782131e-09 - -4.6138587674024374e-08 - 3.185718956283424e-08
