Number: 4817
Error: 1.0562485133525786e-15
A1: [0.06621318315611631, -0.11395207826798683, -0.023983948806937855, 0.07172286962148525] - [0.03740261240828248, 0.18819336970339529, -0.14740894650373756, -0.07818700990238357] - [-0.06022941582496341, 0.3289507573868537, -0.12775315322889735, -0.14096836552021227] - [0.039046354571573856, -0.0533225005681853, -0.03741840131686454, 0.05169530795859384]
A2: [-0.00910856800628179, -0.3468031772153545, 0.24945509816946224, 0.10645668804674849] - [0.08003986694553267, 0.036282301334400795, -0.05025006725382458, -0.06607191410687935] - [-0.04245274550630938, 0.2308319727055089, -0.04053116629547043, -0.14784775718518664] - [0.06813475960826097, -0.29346787332172175, 0.14177121988440405, 0.083561838960318]
B1: 3.615177481414225e-08 - 1.9480183245541115e-08 - -1.8617426476678323e-08 - -5.1699619129763986e-08
B2: -1.4973209650911278e-08 - -1.8149477145110097e-08 - -2.3838827133293403e-08 - 6.796644020867988e-08
