Number: 4528
Error: 6.879984353353781e-16
A1: [0.06621309684365659, -0.11395216265167427, -0.023984035051665825, 0.07172278345388085] - [0.03740252034849008, 0.18819328174648223, -0.14740903700557711, -0.07818710041223663] - [-0.06022944492423659, 0.32895072943863646, -0.12775318170370809, -0.1409683938419312] - [0.03904599525343188, -0.05332284161964974, -0.03741874894533638, 0.05169496315278373]
A2: [-0.009108572692330093, -0.34680318218650025, 0.2494550934455218, 0.10645668313371724] - [0.08003984469931746, 0.03628227736886618, -0.05025009156769759, -0.06607193862716441] - [-0.04245267637659249, 0.23083204900134116, -0.04053109221337657, -0.1478476807303149] - [0.06813477333969645, -0.2934678582028379, 0.1417712347706234, 0.08356185435577002]
B1: 9.504572827366467e-09 - 8.604707661851116e-10 - 2.3091613550315e-08 - -3.472847005099344e-08
B2: 1.28557730750031e-08 - 1.9742702951756823e-08 - -8.868093962711115e-08 - 2.0801153056864863e-08
