Number: 8601
Error: 9.209581882880439e-16
A1: [0.08043168215308541, -0.1804678132817371, -0.019588859501827493, 0.11962496920697242] - [0.03741554235809994, 0.1335963485678597, -0.13472622375874013, -0.0362858627120884] - [-0.0017027740153786907, 0.22819016150321214, -0.12282833771368638, -0.10365886523905203] - [0.03886322502883564, -0.11448102792625225, -0.04641645079006222, 0.12203421855854496]
A2: [0.03530749805394047, -0.029273420652194272, -0.07569729766470863, 0.0696634652999348] - [0.10289362964779426, 0.28289657921517736, -0.3926065133032539, 0.006815869275400456] - [-0.011187138842127086, 0.539014551604248, -0.3594510522665057, -0.1683765055038458] - [0.09786273992434234, 0.017463256741410183, -0.16885106713905096, 0.053524815945080094]
B1: 5.3780888275129246e-08 - -2.53652953534022e-08 - 1.1333931594074034e-08 - 1.4606596474796639e-08
B2: 2.6357459650850812e-08 - 1.3015007168051628e-08 - 5.259660364646778e-08 - 2.903773246479159e-08
