Number: 7539
Error: 1.163436677701675e-15
A1: [0.0804317295973482, -0.1804677658428791, -0.019588812114284853, 0.11962501664579635] - [0.037415613526621386, 0.13359641968244695, -0.13472615273224883, -0.03628579158311829] - [-0.0017027556394015233, 0.22819017987880416, -0.12282831936460732, -0.10365884686798707] - [0.03886326125650044, -0.11448099180033748, -0.046416414585504606, 0.12203425476363139]
A2: [0.03530742029571772, -0.02927349862549317, -0.07569737159642423, 0.06966338391776801] - [0.10289372848059956, 0.2828966788867197, -0.3926064177133552, 0.006815972767616955] - [-0.01118714050513919, 0.5390145499313245, -0.3594510538404859, -0.16837650725632608] - [0.09786277773276573, 0.01746329472183356, -0.16885103114775193, 0.05352485563150347]
B1: 9.944009113950941e-09 - 2.0160247819943825e-09 - 4.567000815653289e-09 - 3.8622292009228345e-09
B2: 4.323196958194014e-09 - -8.102205067710425e-09 - 1.946617855395485e-08 - -7.229598207096056e-09
