Number: 1993
Error: 9.930983976249941e-05
A1: [-0.04013373075291987, -0.04813717822146504, -0.03192887436409992, -0.01430757296674418] - [0.0704475827739586, 0.19346474505627848, -0.14268136454805408, -0.10561017223439348] - [-0.0949929045789997, 0.4590637404386196, -0.05297916720646267, -0.2384280799458263] - [-0.0234325501037752, 0.01574095970495284, -0.029012247206292523, 0.040528139487619415]
A2: [0.1332432694513241, -0.22422124856442557, 0.02394083392112372, 0.07148708285866823] - [0.03337070866430774, 0.20384701157644147, -0.1144002948671326, -0.12131489423714426] - [-0.08414029979773184, 0.5639269254865165, -0.22538035393354336, -0.21724441408762651] - [-0.021874362244334013, -0.02137215437700521, 0.006678237047256573, 0.02998094920968742]
B1: 0.0022314196435455937 - -0.0044517768863811345 - 0.0035496314393246246 - 0.00016415805553260214
B2: -0.01013130684239352 - -0.003833672476337759 - -0.011206557712204614 - -0.011656563669811382
