Number: 9144
Error: 1.8462102905459395e-06
A1: [0.05449955868960129, -0.14674710307412686, -0.025766350833229684, 0.12311378735323936] - [0.006867301269670286, 0.13234943066873806, -0.11217696749463996, -0.021000532327592383] - [-0.012439863944131402, 0.2251789330149966, -0.12501280518841837, -0.0794422701561255] - [0.02712166881121165, -0.10004673580867503, -0.04945875043946312, 0.12231410211145274]
A2: [0.10577899246597144, -0.05636682622940144, -0.10730844215864556, 0.12407695488516196] - [0.11575877585490464, 0.25674992049849804, -0.398065649324171, 0.05320949329765884] - [0.05010467974082977, 0.4759799456072258, -0.36457959030655557, -0.10793199375729247] - [0.13949707632480285, -0.04848180468505024, -0.20535973602095045, 0.09869181108954751]
B1: 0.004013611042203963 - -0.0009663674148510706 - -0.002874111130847199 - -0.002989953435947035
B2: -0.0009596170308394554 - 0.0005640208382452362 - -0.0021356924419489278 - -0.001748821667101093
