Number: 7876
Error: 7.743468920469467e-16
A1: [0.08043166331050113, -0.18046783212222056, -0.01958887832186139, 0.11962495036652705] - [0.0374156055670914, 0.13359641172893033, -0.13472616067591583, -0.036285799538239544] - [-0.001702822984048501, 0.22819011253559174, -0.12282838661064514, -0.1036589141946575] - [0.03886320768816596, -0.11448104521834344, -0.04641646811969516, 0.12203420122859586]
A2: [0.03530731445273393, -0.02927360476120871, -0.07569747223071305, 0.06966327314174432] - [0.10289367132991373, 0.28289662125100856, -0.3926064729887788, 0.006815912922547893] - [-0.011187074382659862, 0.5390146164481838, -0.3594509912540446, -0.1683764375808427] - [0.09786276233226368, 0.017463279251282986, -0.1688510458080515, 0.05352483946601448]
B1: -1.6211019722912552e-08 - -7.369855668552915e-09 - 3.2892247742874666e-08 - 6.1677994533830165e-09
B2: -1.2102077911018646e-08 - 4.2179310071062044e-08 - -3.2026871511193736e-09 - -6.098444618517675e-09
