Number: 6917
Error: 9.734171951111017e-16
A1: [0.08043167677478061, -0.180467818659456, -0.019588864873684306, 0.11962496382926699] - [0.03741559051375363, 0.1335963966869994, -0.13472617569926362, -0.03628581458323561] - [-0.0017028194365000218, 0.22819011608306794, -0.12282838306829512, -0.10365891064806149] - [0.03886323011487337, -0.11448102285455992, -0.04641644570727741, 0.12203422364136696]
A2: [0.03530734492584341, -0.029273574203842693, -0.0756974432571196, 0.06966330503500552] - [0.10289375519087436, 0.28289670582367554, -0.3926063918795276, 0.006816000737158106] - [-0.011187122446312847, 0.5390145680978621, -0.35945103674738166, -0.16837648822715018] - [0.09786278450093507, 0.017463301520781776, -0.1688510247048707, 0.053524862735851664]
B1: 1.6703465991278704e-08 - -1.6131106528726057e-08 - 1.2462345982546013e-08 - -2.039840993419543e-09
B2: -8.489468824893471e-10 - 3.034537143181339e-09 - 6.158824937258816e-09 - 3.6767036906453974e-09
