Number: 6103
Error: 5.7913337483649875e-15
A1: [0.08043175184592831, -0.18046774359685794, -0.019588789892318055, 0.11962503889181035] - [0.03741573015904754, 0.1335965362265387, -0.13472603633224883, -0.03628567501533478] - [-0.0017027312899965353, 0.22819020422768801, -0.12282829505085181, -0.10365882252511811] - [0.03886289292277788, -0.11448135910037331, -0.046416782684518106, 0.12203388665883032]
A2: [0.035307130924958095, -0.0292737887966563, -0.07569764672618086, 0.06966308105974227] - [0.10289403409444711, 0.2828969870943545, -0.3926061221276869, 0.006816292790027283] - [-0.01118727035838176, 0.5390144193035491, -0.3594511767492192, -0.16837664408733102] - [0.09786305962630065, 0.01746357789761259, -0.1688507628034188, 0.05352515152806091]
B1: -4.317392948260742e-08 - 1.6705789056303734e-07 - 3.6973605833156795e-08 - 9.48982921525039e-08
B2: 3.6062542581205673e-07 - 4.827720972311558e-07 - -4.892561401140505e-07 - -2.1177471418348427e-08
