Number: 596
Error: 4.605900200575512e-14
A1: [-0.012153123700580425, -0.01451689264351454, 0.018087581980997004, 0.008583386016197554] - [0.0658352772248116, 0.189495301111402, -0.1453225270387916, -0.11000851421006587] - [-0.09629432728138991, 0.4217848786712243, -0.05345869317594975, -0.2720371943178495] - [-0.0013213647857699547, -0.018219114591225452, -0.00383496653202018, 0.0233769001603634]
A2: [0.16158675192578825, -0.167754742733144, 0.008501364384744631, -0.0023330391562849137] - [0.03548579032304815, 0.2075167874971743, -0.11721035769906853, -0.1257919642062933] - [-0.08621355397911039, 0.5815381126727497, -0.23538873567636326, -0.25993557723784755] - [-0.003834883025638766, -0.004519206931721756, 0.0011103402946168776, 0.007243473394418985]
B1: 4.130015715398391e-08 - 2.9004705175574143e-08 - 4.70256294030351e-08 - -2.9621776841883897e-08
B2: 3.804325524909945e-07 - 1.1643312852999799e-07 - -5.707145991417378e-07 - 2.541022485772278e-07
