Number: 2024
Error: 7.187613198784218e-05
A1: [-0.003200195805310677, -0.011455128565576496, 0.003899384650890394, 0.02252702793771162] - [0.047457775663913994, 0.1709838742020034, -0.16704674533901573, -0.13134724918084703] - [-0.1840582548256715, 0.37410447824795073, -0.1478501652316762, -0.33594631989623297] - [-0.01015079622453957, 0.029584008038321834, -0.017609691495879716, 0.05311401857671035]
A2: [0.10182685090193089, -0.2553027803783907, -0.004822722881232839, 0.04256379522623606] - [0.0466868259833941, 0.21667011216152032, -0.10112093399244727, -0.10795158698916853] - [-0.12536669596221783, 0.5224125453269889, -0.2636001383258263, -0.2554871488460495] - [-0.06171044776411399, -0.06429179681303814, -0.03260110131098396, -0.006822340951798231]
B1: -0.0019064052977088644 - -0.0012471451257017136 - 0.0015518228921201165 - -0.0007857148878145431
B2: -0.0021603841706688744 - 0.011700519778628283 - -0.021447292697640296 - 0.004756255872892463
