Number: 2653
Error: 1.6414684104679287e-08
A1: [0.06279748259246196, -0.04850705548027639, -0.024074750355280963, 0.007224055740071823] - [0.043478025650104155, 0.19109256309436862, -0.14275402505133636, -0.09271467427384478] - [-0.12422497429057056, 0.4140870703357201, -0.10563594106939714, -0.18784571016609766] - [0.03626000332508087, 0.018424004432754982, -0.03387331052248997, -0.02378891326271938]
A2: [0.06293297240713151, -0.17419283234061927, 0.08582148795033524, 0.023457910048361598] - [0.029161433551873412, 0.20017202269461096, -0.10183845291416917, -0.12799892460284995] - [-0.09340991343634009, 0.513682364759033, -0.2256078264901735, -0.1950972811958845] - [-0.025680200336917695, 0.018767834115185882, -0.05004446475301141, 0.05721853656576286]
B1: 0.00028226591797573944 - -0.00039406876117537834 - 2.0687467293971368e-05 - -0.00012818102498476464
B2: -9.143366907043895e-06 - -0.00018350091376082887 - -0.00010336438005703274 - -8.83589920131402e-05
