Number: 9552
Error: 4.1534311773979463e-13
A1: [0.053172066785479, -0.14800175451787764, -0.026999530147507486, 0.1218273384018548] - [0.0053135776871245845, 0.13083655197138855, -0.11360088589494101, -0.02254990570620291] - [-0.014445069136871906, 0.22309102804362382, -0.12704177169473682, -0.08160652577271105] - [0.02714509237707658, -0.10002140576767232, -0.04942587901188507, 0.12229674920005784]
A2: [0.08925676365339712, -0.07291107329407466, -0.12362517033463431, 0.10728871378696768] - [0.10884421856461728, 0.24981667131478877, -0.40484284909267143, 0.04619201172961718] - [0.03663775075639849, 0.4625569287794701, -0.3777156755344454, -0.12147142983790159] - [0.14342676708451302, -0.04460629069214225, -0.2014992094777296, 0.10268020131735664]
B1: -1.8744052071216473e-07 - 1.7338687078020702e-07 - 4.0024428838515735e-07 - 5.538632363161253e-07
B2: -3.894446159134398e-07 - -4.869864509818862e-07 - -4.820349164714298e-07 - -2.7930042135590923e-08
