Number: 7947
Error: 8.044011141245283e-16
A1: [0.08043170035887195, -0.18046779507804803, -0.0195888413177991, 0.1196249874106622] - [0.03741566484027245, 0.13359647095726587, -0.13472610152079215, -0.03628574029787161] - [-0.0017028049930273468, 0.22819013052623047, -0.12282836864596497, -0.10365889620843702] - [0.03886325533750662, -0.11448099770272313, -0.04641642050071805, 0.1220342488483216]
A2: [0.03530744235661029, -0.029273476503587255, -0.07569735062116846, 0.06966340700684376] - [0.10289377144673503, 0.282896722217507, -0.39260637615703464, 0.00681601775938809] - [-0.011187024400832387, 0.539014666728113, -0.35945094394509153, -0.16837638491332638] - [0.09786285577811683, 0.017463373122167183, -0.16885095685353493, 0.05352493755360582]
B1: -9.456207491437235e-09 - 2.3160977502522983e-08 - 2.1610526344532427e-08 - 8.791860402055921e-09
B2: 1.3822679770462428e-09 - 4.108946736683278e-08 - 4.2534392770851295e-09 - 7.706796161232991e-09
