Number: 6573
Error: 1.265184370252908e-15
A1: [0.08043168190786719, -0.18046781352695135, -0.019588859746735653, 0.11962496896176737] - [0.03741556975078403, 0.13359637593974402, -0.1347261964208629, -0.03628583533470328] - [-0.0017027885325601822, 0.22819014698635204, -0.12282835220960452, -0.10365887975236947] - [0.038863203531846996, -0.11448104936298553, -0.04641647227336408, 0.12203419707486304]
A2: [0.03530743425394901, -0.029273484628667287, -0.07569735832509446, 0.06966339852655601] - [0.10289373624456062, 0.2828966867165609, -0.3926064102041517, 0.006815980897594587] - [-0.011187106622046007, 0.539014584016521, -0.3594510217693756, -0.16837647155255622] - [0.09786280171971908, 0.017463318817889706, -0.16885100831370303, 0.0535248808099712]
B1: -1.4254362075137636e-09 - -1.6852419012766923e-09 - -1.0630489970315898e-09 - -2.2746223893990296e-09
B2: -1.8786276939291633e-09 - -1.2817538770813224e-08 - 2.7086704184384952e-08 - -1.792586978277494e-08
