Number: 9596
Error: 1.1390243755433287e-14
A1: [0.05317286496760882, -0.14800095603713395, -0.026998732843081328, 0.12182813696078815] - [0.005313732050866285, 0.13083670651145055, -0.11360073154387854, -0.022549751124067194] - [-0.014444580402990894, 0.22309151696310095, -0.1270412833426053, -0.08160603686158135] - [0.027146606416249625, -0.10001989172381943, -0.04942436177372601, 0.12229826709230762]
A2: [0.08925543655613967, -0.0729123973085563, -0.12362646751706403, 0.10728737035137716] - [0.10884140423980347, 0.24981385649351806, -0.40484560766565514, 0.046189150067920764] - [0.03663632953742503, 0.4625555149570127, -0.3777170621378362, -0.12147286577979191] - [0.14342706751693313, -0.04460599137167891, -0.20149891612690132, 0.10268050622088765]
B1: 9.051867006054471e-08 - -1.8597858242606236e-07 - -6.936953682414739e-08 - 1.6663408685097216e-07
B2: 1.1685089878480471e-07 - 4.7660306242770544e-08 - -1.0216970607835674e-07 - -1.0725768142534693e-07
