Number: 9671
Error: 1.6613134201231796e-14
A1: [0.0531727148857848, -0.14800110617021914, -0.026998882757316055, 0.12182798680683865] - [0.0053137269897947014, 0.1308367014475467, -0.11360073660278582, -0.02254975619283928] - [-0.014444536028095022, 0.2230915613551653, -0.12704123900274572, -0.08160599247144164] - [0.027146281986475666, -0.10002021614800234, -0.04942468688547903, 0.12229794184168216]
A2: [0.0892545655927653, -0.0729132662594349, -0.12362731885871447, 0.10728648864767902] - [0.10884154394982652, 0.24981399622956157, -0.404845470720367, 0.046189292129201955] - [0.03663553457833074, 0.462554724134675, -0.37771783773800705, -0.12147366898335583] - [0.1434262373955828, -0.04460681839859146, -0.20149972666550428, 0.10267966378369105]
B1: 3.5059512395952454e-08 - -3.023641863100685e-08 - -1.2397156341490823e-07 - 6.94263793422872e-08
B2: 9.448999797327154e-08 - -1.2322270823101835e-07 - -3.828766927812702e-07 - -9.42066942283105e-08
