Number: 4686
Error: 1.4743859301361095e-15
A1: [0.0662131566713943, -0.11395210416087133, -0.02398397527088609, 0.07172284318120485] - [0.03740257764553228, 0.18819333648993594, -0.1474089806781963, -0.07818704407986331] - [-0.06022927569297332, 0.32895089197594424, -0.12775301610398396, -0.14096822913280793] - [0.03904608802687394, -0.05332275356259383, -0.03741865919012933, 0.05169505217918719]
A2: [-0.009108575006938019, -0.3468031846419514, 0.24945509111208786, 0.10645668070690467] - [0.08003992404543184, 0.03628236284731546, -0.05025000484694251, -0.06607185117007686] - [-0.042452807642383746, 0.23083190412840693, -0.04053123288289057, -0.14784782590520054] - [0.06813472366542847, -0.2934679128963059, 0.14177118091887014, 0.08356179866181043]
B1: -7.0233926993216545e-09 - 7.387902654008121e-08 - -1.5392743991229035e-08 - -3.558979499571968e-08
B2: -1.329364013930554e-08 - -6.1827478703534446e-09 - 6.902889617621234e-08 - -2.117395425246319e-08
