Number: 4844
Error: 1.0238017292589219e-15
A1: [0.06621308528007525, -0.11395217395683696, -0.023984046606164267, 0.07172277190971155] - [0.03740255554508092, 0.18819331537445166, -0.14740900240463012, -0.07818706580821864] - [-0.06022948982228648, 0.32895068631647195, -0.12775322563831584, -0.14096843754017824] - [0.039046193443891083, -0.05332265350461225, -0.03741855720256227, 0.051695153338628105]
A2: [-0.009108634626927879, -0.34680324788933553, 0.2494550310098008, 0.10645661819878215] - [0.08003986575988899, 0.0362823000571241, -0.05025006854966615, -0.06607191541371753] - [-0.04245280116809023, 0.23083191127383496, -0.04053122594474866, -0.14784781874491734] - [0.06813485885707267, -0.2934677640446724, 0.1417713274795075, 0.08356195023629935]
B1: -1.226765008994601e-09 - 1.2327209225183501e-08 - -5.092472501366445e-09 - 1.8484918953850684e-08
B2: 2.792460337657169e-08 - 2.4668455184519195e-08 - -5.391649572552103e-08 - 4.665824037546424e-08
