Number: 2479
Error: 6.200020016592635e-07
A1: [0.06662446876586488, -0.04472368333838061, -0.020299960160766996, 0.01099870372538557] - [0.04401968860235657, 0.19160758667427855, -0.14221222429011351, -0.09213114445377057] - [-0.1184853202101991, 0.41976355088376804, -0.09991145880653561, -0.1821517636769871] - [0.0418412137066163, 0.023991552312091845, -0.02831964410199524, -0.018273759938712827]
A2: [0.061675806058113083, -0.1754337771433445, 0.08454271961632591, 0.022222580981263385] - [0.030574870655344855, 0.20156412938769955, -0.10042864454258695, -0.12661444708260636] - [-0.09276729803978372, 0.5143413876639137, -0.22495337083937916, -0.19446144173912805] - [-0.024672248264282555, 0.01978328521757363, -0.04902466859106586, 0.058216037621767185]
B1: 0.0007410457544102462 - -0.00016485512316982573 - 0.00021757760417426503 - -8.10581238842064e-05
B2: 0.00017163824678465597 - 0.001232821717231519 - 0.0004952976590952432 - 0.0007385506752079553
