Number: 8754
Error: 8.384566008269474e-10
A1: [0.08042549104827523, -0.18047400336255792, -0.019595042859387537, 0.11961877889370023] - [0.037373407195864135, 0.13355424583266898, -0.13476827422730958, -0.03632797433838879] - [-0.00169264973404707, 0.2282002857129958, -0.12281822814294188, -0.10364874363509809] - [0.0388620942106718, -0.11448215528913624, -0.04641758058448691, 0.12203308851355751]
A2: [0.03524537832866159, -0.02933571176746823, -0.07575636064289984, 0.0695984503080291] - [0.1028829747349809, 0.28288583412577656, -0.39261681862562264, 0.0068047119968029654] - [-0.01119407732742964, 0.5390075719773116, -0.35945761979565444, -0.16838381688265405] - [0.09781893951583966, 0.01741925746351719, -0.16889276253591065, 0.05347883978585075]
B1: 3.570537808777857e-05 - 2.5882848205076353e-05 - 1.856844866380275e-05 - 3.149932359192092e-05
B2: 1.918176815344468e-06 - 2.2033183803863477e-05 - -7.014849647664336e-06 - -3.85621341226001e-06
