Number: 4118
Error: 7.567871968662098e-16
A1: [0.06621319351457279, -0.11395206814100187, -0.023983938456594186, 0.07172287996258868] - [0.037402633962316745, 0.18819339029679924, -0.14740892531447772, -0.07818698871123103] - [-0.06022942194969459, 0.3289507515044352, -0.1277531592221647, -0.1409683714814449] - [0.03904615319906778, -0.05332269170360839, -0.037418596138210615, 0.051695114719168066]
A2: [-0.009108561205996523, -0.3468031700013061, 0.2494551050248839, 0.10645669517654952] - [0.0800398387364837, 0.03628227094516497, -0.0502500980847627, -0.06607194519957382] - [-0.04245275485569227, 0.23083196238707201, -0.04053117631470458, -0.14784776752516401] - [0.06813474988136607, -0.29346788403147395, 0.14177120933969198, 0.08356182805463681]
B1: -2.0205613634084012e-08 - 1.1327088180389979e-08 - 1.9309658323428833e-08 - -1.3563559605848756e-08
B2: -7.124288215261433e-09 - -4.647035153958448e-09 - 1.3288016848830955e-08 - -3.097017089627685e-10
