Number: 9248
Error: 1.4111045474818621e-08
A1: [0.05231282900273201, -0.14886181380929106, -0.027858115918463877, 0.12096790231999166] - [0.004190195072646291, 0.12971204056752517, -0.11472422454221287, -0.023674696834580847] - [-0.015510139507317226, 0.22202542087625726, -0.1281060327887989, -0.08267168905189996] - [0.02617548365810389, -0.10099165938620648, -0.050398035960019585, 0.12132507999614855]
A2: [0.08928137832282486, -0.07288586489752949, -0.12360067232724362, 0.10731374124495653] - [0.10891764862914387, 0.24988977055977518, -0.4047709607513736, 0.04626687759002092] - [0.0363759113564943, 0.4622964954628638, -0.3779710572622383, -0.12173562630062577] - [0.14336807744863836, -0.04466407789784435, -0.20155599612995, 0.10262061194758268]
B1: -6.448235808722038e-05 - -1.501835360759802e-05 - -0.00011378314518824855 - -0.00011730472710681207
B2: -9.631834680303539e-06 - 6.2370752973402705e-06 - 1.9666636713609257e-05 - 5.796658764342046e-05
