Number: 8378
Error: 8.464980378642045e-16
A1: [0.08043170193316997, -0.18046779350392783, -0.019588839745424098, 0.11962498898476023] - [0.0374155412474298, 0.1335963474579893, -0.1347262248672811, -0.03628586382218504] - [-0.001702830276191859, 0.22819010524360628, -0.12282839389211554, -0.1036589214848484] - [0.03886325490367404, -0.11448099813531927, -0.04641642093428429, 0.12203424841476031]
A2: [0.035307426028725615, -0.029273492876586184, -0.07569736614553935, 0.06966338991798082] - [0.10289376877383395, 0.28289671952194256, -0.39260637874220583, 0.006816014960453969] - [-0.011187074897854797, 0.5390146159298616, -0.35945099174167666, -0.16837643812375502] - [0.09786284550842395, 0.017463362805727096, -0.16885096662960125, 0.05352492677373676]
B1: -1.0169420938740253e-08 - 7.1270556108307285e-09 - 3.232074483876838e-09 - 9.56599329245741e-09
B2: 1.79787625297333e-08 - -2.983166860263619e-08 - 4.024429967192189e-09 - 2.2860279813325483e-08
