Number: 4829
Error: 1.241004046616578e-15
A1: [0.06621318062789691, -0.11395208073970906, -0.023983951333172368, 0.07172286709750846] - [0.03740262084945314, 0.18819337776836292, -0.1474089382054189, -0.07818700160333122] - [-0.06022937867048117, 0.3289507930717144, -0.12775311687169602, -0.14096832935856052] - [0.03904605886233346, -0.05332278124444899, -0.03741868740579336, 0.051695024192610135]
A2: [-0.009108432088693766, -0.3468030330282582, 0.24945523518673543, 0.10645683054876895] - [0.08003987009988973, 0.036282304732545116, -0.050250063806295535, -0.066071910630073] - [-0.04245285625928072, 0.2308318504719012, -0.04053128498256266, -0.1478478796735545] - [0.06813476877197414, -0.2934678632320929, 0.14177122981874138, 0.0835618492345123]
B1: -5.660192725661394e-08 - 1.2160436050595299e-08 - 3.625546881577486e-08 - 5.7828718534894607e-08
B2: -2.0888965739780525e-09 - -1.8051663097007444e-08 - 3.235359935242229e-08 - -9.303810735915735e-09
