Number: 6553
Error: 1.0407380746989847e-15
A1: [0.08043168523209085, -0.18046781020310412, -0.019588856426486785, 0.11962497228561135] - [0.0374155805800915, 0.13359638676085525, -0.13472618561313304, -0.0362858245113946] - [-0.0017028021665251348, 0.22819013335267782, -0.1228283658236072, -0.1036588933826958] - [0.03886321846658009, -0.114481034470165, -0.04641645734814755, 0.12203421200031403]
A2: [0.03530742746727175, -0.029273491434115652, -0.07569736477777844, 0.06966339142355983] - [0.1028937363330318, 0.2828966868057831, -0.39260641011858366, 0.006815980990236914] - [-0.01118711501797528, 0.5390145755705134, -0.3594510297163025, -0.16837648039964312] - [0.09786279399544333, 0.017463311058478703, -0.16885101566671148, 0.05352487270199371]
B1: -8.461260934513351e-10 - -2.12418948722664e-09 - -2.1578009473341938e-09 - -3.801887527709828e-09
B2: -2.1301046703788692e-09 - -7.908907140842087e-09 - 1.3988030635431442e-08 - -1.0708494973803256e-08
