Number: 553
Error: 2.3909507550787843e-14
A1: [-0.012153323064595807, -0.014517097408925572, 0.018087361625528847, 0.00858317297414749] - [0.06583570889240342, 0.1894957163574575, -0.1453220807320871, -0.11000803359134194] - [-0.09629251586897801, 0.42178662937167566, -0.053456727572753174, -0.2720350839305429] - [-0.0013191551544016983, -0.01821698954942363, -0.0038326144485136774, 0.02337945413069856]
A2: [0.16158728306948572, -0.1677542215935987, 0.00850188481891451, -0.002332521362002961] - [0.03548573102684421, 0.20751672915385075, -0.1172104167468971, -0.12579202221311145] - [-0.08621352694901598, 0.5815381391483906, -0.2353887093768219, -0.25993555087858067] - [-0.0038347652355872246, -0.004519091100714035, 0.0011104568774953196, 0.007243586087137423]
B1: -3.1974399572629863e-07 - -1.1699615090838806e-07 - -2.592798221112567e-08 - -1.8339937896931645e-07
B2: -1.336315306136829e-07 - 2.29037556755792e-07 - -1.0339346936898951e-06 - 1.397963036205822e-07
