Number: 5555
Error: 9.749669862308475e-10
A1: [0.0662023497645077, -0.11396266514222606, -0.02399476961533649, 0.07171205729145924] - [0.037358259677018744, 0.18815099625175247, -0.14745254671692565, -0.07823061472132066] - [-0.06023440982002668, 0.32894596701451406, -0.1277580340222758, -0.1409732212818783] - [0.039006686206757124, -0.05336014858166137, -0.0374567764721517, 0.05165724398414258]
A2: [-0.008969043217685936, -0.3466551641788777, 0.24959575449682106, 0.10660297843877552] - [0.08007638803110823, 0.036321645338387616, -0.05021015203482002, -0.06603165895237449] - [-0.042406195567108645, 0.23088334856105533, -0.04048128238745331, -0.14779627296803757] - [0.06818704050517321, -0.29341031001802786, 0.1418278970772212, 0.08362045748336526]
B1: 1.4057742797010828e-05 - 1.5826218917084473e-05 - 2.447461468790445e-05 - 2.3639787030403473e-05
B2: -1.3906622723892782e-06 - 7.142243308671886e-06 - -8.889261997699065e-06 - -2.4988932778421088e-05
