Number: 8103
Error: 1.1146293006796065e-15
A1: [0.08043165307317866, -0.18046784235838628, -0.019588888546964285, 0.1196249401303657] - [0.03741562401594332, 0.13359643016384531, -0.13472614226374902, -0.036285781099570806] - [-0.0017028285144269492, 0.22819010700533154, -0.12282839213293004, -0.10365891972356102] - [0.038863212474670505, -0.11448104044526555, -0.04641646333624377, 0.1220342060121271]
A2: [0.03530734890979514, -0.02927357020885965, -0.07569743946936987, 0.0696633092047782] - [0.10289373867866705, 0.2828966891713385, -0.3926064078499011, 0.006815983446463781] - [-0.011187083163641377, 0.5390146076148117, -0.3594509995654428, -0.168376446833666] - [0.09786288395586036, 0.017463401428062016, -0.16885093003009402, 0.05352496713099728]
B1: 1.4235561790193298e-08 - 5.011317170219414e-09 - 1.1797672021225936e-08 - -1.940200463997886e-08
B2: -1.5024316955023865e-08 - 3.1138365813957883e-08 - -6.7745437628287164e-09 - 2.267075233913765e-09
