Number: 451
Error: 2.865688606528756e-13
A1: [-0.012159764732302306, -0.01452371357488594, 0.018080241761695554, 0.00857628938998417] - [0.06582983074228378, 0.1894900618314402, -0.14532815821658404, -0.11001457833153037] - [-0.09629628557591327, 0.4217829862054969, -0.05346081796097284, -0.27203947571521314] - [-0.0013251567234852802, -0.018222761145790474, -0.003839002708900476, 0.023372517434165234]
A2: [0.16158896549563898, -0.1677525709102334, 0.008503533464805322, -0.002330881068069908] - [0.035485796848854986, 0.20751679392715897, -0.11721035119307098, -0.1257919578160054] - [-0.08621078650738438, 0.5815408234379572, -0.2353860427806423, -0.2599328784966911] - [-0.0038316263373599662, -0.004516004353210843, 0.0011135637081003205, 0.00724658924963531]
B1: -9.867266820559e-07 - 7.537227396222686e-07 - -1.0193480360105852e-07 - 7.903527238034485e-08
B2: 4.67999820998054e-06 - -7.116456446882965e-06 - 1.0517658046859263e-06 - 5.116160429116501e-07
