Number: 4001
Error: 8.013757838892604e-16
A1: [0.06621317532665749, -0.11395208592247871, -0.02398395663023604, 0.07172286180519534] - [0.03740258831253953, 0.1881933466815395, -0.14740897019171154, -0.07818703359242715] - [-0.06022939324570082, 0.3289507790730303, -0.12775313113412767, -0.14096834354449242] - [0.039046240635318516, -0.05332260871244347, -0.03741851154657036, 0.05169519862393119]
A2: [-0.009108677783741855, -0.34680329367211904, 0.24945498750390827, 0.106456572951113] - [0.08003978905514224, 0.03628221742411896, -0.050250152383651395, -0.06607199995953168] - [-0.0424529021273631, 0.23083179984886895, -0.04053133413686453, -0.14784793040211483] - [0.06813472587566721, -0.2934679104628245, 0.14177118331517932, 0.08356180113977575]
B1: 3.232698397431625e-08 - -3.6592765135515667e-09 - 2.0461536875243415e-08 - 1.648441896057402e-08
B2: 1.1789007113470068e-08 - -1.242541132125465e-08 - 1.8363959973975613e-08 - 4.4669141498183735e-08
