Number: 3631
Error: 2.6209076896914353e-13
A1: [0.066216529433376, -0.11394880675866183, -0.023980605158631572, 0.07172621028141762] - [0.037403829402936024, 0.18819453246107448, -0.1474077500994231, -0.07818581339708128] - [-0.06022681276138498, 0.3289532574998478, -0.1277506060115306, -0.14096583201616686] - [0.03904586940874432, -0.053322961079708325, -0.03741887071070406, 0.05169484238683034]
A2: [-0.009104290281800913, -0.34679863923529713, 0.24945941049847767, 0.10646117297704215] - [0.080039301776098, 0.03628169248545529, -0.05025068495118672, -0.06607253704010516] - [-0.042452554343958386, 0.23083218366652647, -0.04053096144938418, -0.14784754576448506] - [0.06813859768782582, -0.29346364743838566, 0.14177538073323215, 0.08356614214467181]
B1: 1.2390561134734486e-07 - 9.522140214459152e-07 - 1.0650541670794977e-06 - 1.7642499792971444e-07
B2: 1.9551995203443272e-06 - -3.0253756181741755e-06 - 1.4548709130143094e-06 - 2.4084949105274778e-06
