Number: 836
Error: 1.2750811446571633e-11
A1: [-0.012164942004499977, -0.014529031206782934, 0.018074519180453004, 0.008570756780623369] - [0.06584134310352102, 0.1895011362344293, -0.14531625545138957, -0.11000176046707066] - [-0.0963083131757299, 0.421771361521962, -0.05347386953487796, -0.272053488606839] - [-0.0013560270931903308, -0.018252449628864735, -0.0038718634648091214, 0.023336836676610035]
A2: [0.16158779925006067, -0.16775371515903917, 0.008502390495716798, -0.0023320178844460043] - [0.0354865748358784, 0.20751755940524938, -0.11720957648304113, -0.12579119671785105] - [-0.08621095813511262, 0.5815406552660116, -0.2353862099419463, -0.259933045566922] - [-0.0038376737200554226, -0.004521951230650974, 0.0011075781317764213, 0.0072408035446192495]
B1: 2.1679602904418954e-06 - 2.2214357995113038e-06 - 2.092188946811597e-06 - -4.0745902266878516e-07
B2: 3.304114161760147e-06 - -1.1678123567957833e-05 - 7.469891996384005e-06 - -3.085027333725248e-06
