Number: 9894
Error: 1.14719027874078e-15
A1: [0.05317250961033324, -0.14800131152060533, -0.026999087805956445, 0.12182778143259732] - [0.005313684821867292, 0.13083665923681814, -0.11360077876204369, -0.022549798420572142] - [-0.014444484240638059, 0.22309161316269888, -0.12704118725480198, -0.08160594066573336] - [0.02714638122818428, -0.1000201169056357, -0.04942458743346493, 0.12229804133580847]
A2: [0.08925445430332961, -0.07291337729062879, -0.12362742764025852, 0.10728637598660569] - [0.1088416778188778, 0.24981413012218645, -0.40484533950361584, 0.04618942825029947] - [0.0366357644620176, 0.4625549528214911, -0.37771761345340443, -0.12147343671599999] - [0.14342631920591908, -0.044606736891687246, -0.20149964678406507, 0.1026797468084672]
B1: -5.33766513336657e-09 - 1.607437922974579e-08 - 2.6920909149844603e-08 - 2.50884123346815e-08
B2: 6.390498924389897e-09 - 2.0374084392313978e-08 - -9.559745552363194e-10 - 6.872788033775932e-09
