Number: 6161
Error: 1.0701097628698302e-15
A1: [0.0804316003910586, -0.18046789503452323, -0.019588941166072904, 0.1196248874542718] - [0.03741550804698744, 0.13359631428265262, -0.1347262580017129, -0.03628589700431609] - [-0.0017028400432714701, 0.22819009547674202, -0.12282840364489608, -0.10365893124933241] - [0.03886316965457513, -0.11448108314518003, -0.04641650612905, 0.12203416321864785]
A2: [0.03530744840279608, -0.029273470440687673, -0.07569734487255611, 0.06966341333486602] - [0.10289381211561847, 0.2828967632315498, -0.3926063368226756, 0.006816060345710922] - [-0.011187104727007326, 0.5390145859228656, -0.3594510199756827, -0.168376469555702] - [0.09786279749347203, 0.017463314572418367, -0.16885101233681318, 0.05352487637378131]
B1: 1.0464770846144988e-08 - 3.442596447989034e-08 - 3.474051125517964e-09 - 1.8157287627895628e-09
B2: 2.3940684316402978e-08 - 1.5003214857996142e-08 - -9.809519568589961e-09 - 3.243892266647269e-08
