Number: 9726
Error: 2.4080067220296086e-15
A1: [0.05317256655327324, -0.14800125455682356, -0.02699903092591147, 0.12182783840293643] - [0.005313607815130194, 0.13083658214919208, -0.11360085575747385, -0.02254987553599737] - [-0.014444426300443944, 0.2230916711240015, -0.12704112936056206, -0.08160588270491854] - [0.027146487632144438, -0.10002001050184446, -0.04942448080513941, 0.12229814801013825]
A2: [0.08925459664074527, -0.07291323528260424, -0.12362728850989083, 0.10728652007909924] - [0.10884191116295698, 0.2498143635073543, -0.40484511078138036, 0.04618966552045837] - [0.03663597210767782, 0.4625551593868154, -0.37771741086400556, -0.12147322691668411] - [0.1434266463040119, -0.04460641101204094, -0.20149932740116044, 0.10268007875943333]
B1: -1.3080184766814902e-08 - -4.869758213375665e-08 - -5.030187880471598e-08 - -5.978305001738449e-08
B2: -3.2681464386703914e-08 - 1.1694185981861956e-08 - -1.8364548637640236e-08 - -6.079682890509521e-08
