Number: 2027
Error: 5.644693173039193e-05
A1: [-0.012362818867112187, -0.020533627160431733, -0.005777993683257634, 0.012817243412702382] - [0.03855772496931489, 0.16253172902669216, -0.1761880820627029, -0.14122668097775662] - [-0.08135651048720183, 0.47298194735983967, -0.042003595586792994, -0.22649871645294817] - [-0.06360256952235083, -0.022048470162840495, -0.07226233491102031, -0.0034716864506897545]
A2: [0.12313974133303707, -0.23459176278411634, 0.01489809205336008, 0.06356323189564571] - [0.0418676074435167, 0.21207779888865388, -0.10582666611022878, -0.1125923729634208] - [-0.1138309372983519, 0.5334047381263806, -0.2526014935479022, -0.24405354117163014] - [-0.007864145392749627, -0.012182873064106842, 0.019229170271460247, 0.045043569164694305]
B1: 0.012930399965633914 - -0.006300636828580491 - 0.009648606168776809 - 0.019960555576499957
B2: -0.01139279349325499 - 0.017938359682466827 - 0.013424620859525557 - -0.008135318892295643
