Number: 9150
Error: 3.0214748960403495e-06
A1: [0.05604381586527627, -0.14516718624955374, -0.024205744508817087, 0.12470590219764191] - [0.007374837883004163, 0.13287160365230094, -0.11165026304528164, -0.020473036039098187] - [-0.014115945265397792, 0.22346872898240575, -0.12670622636779297, -0.08117913287740383] - [0.02661888056610634, -0.10055235444752293, -0.0499761326079387, 0.12180102476812633]
A2: [0.08923836139315372, -0.0729065246178978, -0.12354512803760524, 0.10731123074103166] - [0.10915568454545903, 0.25013628148574996, -0.4045424881252546, 0.04650030007532627] - [0.044130173828165725, 0.47000320293949793, -0.37043679190455836, -0.1139611996686452] - [0.13674505358632677, -0.05122689480102566, -0.20802500020060902, 0.09590961183087052]
B1: 0.0016989814853315053 - -0.0010641426702633365 - -0.0034510816875083306 - -0.0011678572091082709
B2: -0.00016556186843127605 - 0.002254125370961485 - 9.155391081329921e-05 - -0.0004428919259924104
