Number: 6545
Error: 1.1164827688350694e-15
A1: [0.08043168575799496, -0.1804678096772596, -0.01958885590121151, 0.11962497281145539] - [0.037415583352322576, 0.13359638953098815, -0.1347261828464257, -0.036285821740699185] - [-0.001702807285258625, 0.22819012823405346, -0.12282837093484605, -0.10365889850006318] - [0.03886322221074641, -0.11448103073650626, -0.04641645360636706, 0.12203421574215327]
A2: [0.03530742845493565, -0.029273490443720015, -0.07569736383872051, 0.06966339245725756] - [0.10289373746136755, 0.2828966879436952, -0.3926064090272722, 0.006815982171769603] - [-0.011187112246377948, 0.5390145783586421, -0.35945102709292626, -0.1683764774791131] - [0.09786279709241713, 0.017463314169539643, -0.1688510127185938, 0.05352487595280908]
B1: 6.336314072102906e-10 - -1.0810417844417857e-09 - -4.799867572972085e-10 - -2.1375268283192165e-09
B2: -1.7966200724745981e-09 - -6.244525185546335e-09 - 1.0376500688429218e-08 - -8.371298685209225e-09
