Number: 5727
Error: 0.010360881462579512
A1: [-0.27545237269404943, -0.518242620367669, -0.3807862286526447, -0.23582917725556568] - [-0.3792364021942669, -0.2814437508489425, -0.5645962303636205, -0.4576735204046828] - [-0.2910057977292372, -0.01252808497685047, -0.4062152477840298, -0.38459336674772315] - [-0.12476125931695331, -0.22369436518870395, -0.1952831836801178, -0.02896619910483153]
A2: [-0.22327368841260994, -0.2686695988800882, -0.26506121254408704, -0.28304546628835936] - [-0.03616853712130583, 0.15900867183613432, -0.47255749399020486, -0.21721832960148513] - [-0.27717578239290874, 0.29295037047713196, -0.5611767869863717, -0.542604926316046] - [-0.1550276378613524, -0.21592052805579576, -0.35442333023727596, -0.30079113819571657]
B1: -0.379868822720178 - -0.5767784030947285 - -0.4135672289579815 - -0.41773756878864243
B2: -0.28493375384117403 - -0.2590930996980491 - -0.39579622048607377 - -0.1953251874510526
