Number: 8917
Error: 0.0007381918235753878
A1: [0.08824809181130494, -0.1623777686607253, 0.009161174067495465, 0.14896618713965454] - [0.02107600446478835, 0.13070749517814376, -0.12176909845522708, -0.024432772677933513] - [0.006008918857512254, 0.24128487732358514, -0.1041956016948854, -0.08625026090867975] - [0.053467156139002464, -0.08683298294659451, -0.012490180668069653, 0.15657739258822514]
A2: [0.07194894440584657, 0.01085241037885238, -0.05119368109768502, 0.11570394033834766] - [0.014066555086498601, 0.19250633671667197, -0.4797363600418749, -0.08008745695357672] - [-0.13674251633972023, 0.4049909354790001, -0.47621204832620373, -0.2874070884493969] - [-0.014962332474951148, -0.10182587393219321, -0.272335991399453, -0.0516554400476673]
B1: 0.002279138977799553 - -0.03443294519063243 - -0.047892402800709756 - -0.04113132968596078
B2: -0.02472739001554864 - -0.01576478708171891 - -0.019561348107232392 - -0.02987063679664667
