Number: 1744
Error: 8.403416419334076e-07
A1: [-0.007477651888339261, -0.015299154620868356, 0.002716091656231758, 0.019134218018682134] - [0.06537870178579014, 0.18849340598259998, -0.14823600203389786, -0.11147189160541872] - [-0.11312505633078057, 0.44124047302620895, -0.07138619203392166, -0.25867877242122866] - [-0.024461009140577014, 0.014263689108339543, -0.031082293143769892, 0.03776141417423385]
A2: [0.13363605873980625, -0.22259527538006862, 0.024688742936576736, 0.07216693157912778] - [0.032579821001716136, 0.20368592642338704, -0.11495388602761343, -0.12151805608429528] - [-0.0901520665312634, 0.5599783103399623, -0.23076331221464713, -0.22119604769391457] - [-0.019672171355966862, -0.01813529230193164, 0.009253139200632084, 0.03327887008756274]
B1: 0.0005062742686838942 - 0.0004890744508629219 - 7.392181589854058e-05 - 0.0007968169266193781
B2: -0.0004006314054818913 - -0.0003305384614849941 - -0.0003392958131134321 - -0.00036092905536646983
