Number: 279
Error: 2.368705769866328e-09
A1: [-0.01303642933564646, -0.015424120187473222, 0.017111456487853755, 0.007639699821655065] - [0.06470787985814436, 0.18841079348559653, -0.1464881320655759, -0.11126370738143514] - [-0.09687698018889401, 0.4212223001689818, -0.05409013802733557, -0.2727157142213913] - [-0.0008552816990471992, -0.017770548462415502, -0.003338476706898839, 0.02391569565707067]
A2: [0.16141325079708965, -0.1679249231773769, 0.00833153689067166, -0.002502079978445392] - [0.03561244384628406, 0.20764140368689574, -0.11708431638776111, -0.1256681098757521] - [-0.08605587507069132, 0.5816926315468998, -0.23523547524280602, -0.25978180599208806] - [-0.0038091621256329997, -0.0044937997986214595, 0.0011360433419765393, 0.007268290936819038]
B1: -1.4331670040265171e-05 - 0.0002742409754176172 - -0.0001596292335815881 - -7.386169934551646e-05
B2: 0.0007007350695838915 - -0.00037408149348533524 - -0.00038297379450053556 - -6.35450969087853e-05
