Number: 8937
Error: 0.00203648661687708
A1: [0.04786455556457217, -0.21975848049775204, -0.05286989725364889, 0.0908206550302012] - [-0.00974099087462512, 0.09004154739347008, -0.16307912447532355, -0.06347142744087997] - [-0.027112076951926904, 0.19822456220063264, -0.15313759989013181, -0.13132057738145864] - [0.027116774360766135, -0.14083764808962487, -0.07072744334656646, 0.10198981787015543]
A2: [-0.08918835542537255, -0.14137217372775185, -0.21081806222829136, -0.04776350965840373] - [0.06530705380087282, 0.2415490883736771, -0.4351586507122196, -0.020598024671846446] - [-0.05881340462986469, 0.47236528585040016, -0.4028424833843216, -0.20431860317300027] - [0.05984175000517104, -0.035285626063890144, -0.2026463816898693, 0.029276621574098733]
B1: -0.03635243558199959 - -0.05756036606621192 - -0.04294018912502384 - -0.04621487642097819
B2: -0.0052098941523458855 - -0.005547599290575397 - 0.029732040865245116 - -0.02764522427236614
