Number: 1775
Error: 2.0743692934003242e-07
A1: [-0.008494007998474523, -0.01632426295640098, 0.0016514038973273106, 0.01809307218555764] - [0.06664109222718825, 0.18971235232535935, -0.14693284616779592, -0.11006682437860207] - [-0.11491230748470294, 0.4395035860162651, -0.07326630667494181, -0.260606582100613] - [-0.0263054632400121, 0.012472382528490892, -0.032984093089479874, 0.03582110016705504]
A2: [0.13367946583696552, -0.22256286827600183, 0.024743223817166687, 0.07222676740572613] - [0.03396211295330755, 0.2050476396290104, -0.11357823199177801, -0.12016707669377676] - [-0.09379248834229247, 0.5563855985686518, -0.234318920609531, -0.22474347002021258] - [-0.01841242851998011, -0.016901676058385315, 0.010508562544727979, 0.03450059207854657]
B1: -0.0010733232565946832 - 0.001071505054044796 - -0.0004242420094470652 - -0.0010434503854201758
B2: -9.085577883682244e-06 - -0.0006952453798646965 - -0.00013172900941802113 - -5.3121709440950026e-05
