Number: 3683
Error: 8.000211575984643e-15
A1: [0.0662137366884864, -0.11395153710481154, -0.023983395708721614, 0.07172342222487103] - [0.037402678340024184, 0.18819343269615935, -0.14740888168808447, -0.07818694508068241] - [-0.0602288197409532, 0.32895132989230075, -0.12775256993656026, -0.14096778536522905] - [0.039046073468966845, -0.05332276738172045, -0.03741867327462684, 0.051695038209580185]
A2: [-0.009108365954352157, -0.3468029628707858, 0.2494553018558459, 0.10645689988584067] - [0.0800397122304424, 0.03628213466234215, -0.05025023634864365, -0.06607208463678342] - [-0.04245200577917624, 0.23083278911530997, -0.04053037357372527, -0.1478469390739668] - [0.06813528934312894, -0.29346729006092676, 0.14177179416859068, 0.08356243289025794]
B1: 7.97292141330307e-08 - 3.800920300513357e-08 - -2.7523240516784322e-08 - 3.561332818935702e-08
B2: -9.067412474782909e-08 - -2.2883545246009148e-07 - 1.1439495215724513e-07 - -1.4383183413121903e-08
