Number: 4604
Error: 9.995831013782627e-16
A1: [0.06621315572715222, -0.11395210508402488, -0.023983976214389507, 0.0717228422385468] - [0.03740255967552265, 0.18819331932079938, -0.14740899834409701, -0.07818706174733013] - [-0.060229430854965224, 0.32895074295138776, -0.12775316793638739, -0.14096838014858767] - [0.03904611345402506, -0.05332272942806408, -0.037418634590186635, 0.05169507657939157]
A2: [-0.009108425582038721, -0.3468030261256216, 0.24945524174608824, 0.10645683737069146] - [0.0800398619446961, 0.036282295947071636, -0.05025007271947688, -0.06607191961892617] - [-0.042452713628298694, 0.23083200788806305, -0.04053113213373826, -0.14784772192928883] - [0.06813471933514352, -0.2934679176641364, 0.1417711762244659, 0.08356179380678404]
B1: -2.235233106843508e-08 - 2.4130767972265287e-09 - 2.7389361912689995e-08 - -3.304389646032383e-08
B2: -1.545932033175011e-08 - -3.076982192357493e-08 - 2.260866059753431e-09 - -1.195086679196636e-08
