Number: 6622
Error: 1.152601174203947e-15
A1: [0.08043168231877236, -0.18046781311609256, -0.019588859336321717, 0.11962496937262568] - [0.03741559781375636, 0.1335964039814771, -0.13472616841380658, -0.036285807287276234] - [-0.0017028498434127958, 0.22819008567680654, -0.12282841343068844, -0.10365894104685938] - [0.03886324528144227, -0.11448100773055517, -0.046416430550372, 0.12203423879851029]
A2: [0.03530746293776088, -0.029273455865519184, -0.07569733105290107, 0.0696634285472858] - [0.10289375103522273, 0.28289670163275343, -0.3926063958988186, 0.006815996385582405] - [-0.01118707981369609, 0.5390146109847725, -0.3594509963946981, -0.16837644330365178] - [0.09786283064628779, 0.017463347876036442, -0.16885098077749042, 0.0535249111734611]
B1: -3.512631663283578e-10 - 5.49426739559681e-09 - 1.4311553099886687e-09 - -7.476963118305e-11
B2: 3.920998996953494e-09 - 1.1497635015777255e-08 - -1.8598740347051785e-08 - 1.5363997437140992e-08
