Number: 192
Error: 1.0407128228295711e-06
A1: [-0.00197092234468062, -0.00412411578879235, 0.029245276119793856, 0.01942359657151959] - [0.06630272348160614, 0.18994849428773836, -0.14482758066472576, -0.10947762408071587] - [-0.09018967049229418, 0.42776600596229286, -0.04682103144125418, -0.2648896806137024] - [0.009860512613867575, -0.007688927482845397, 0.008038801067449884, 0.03613065962876251]
A2: [0.16057321643010888, -0.1687871170094669, 0.007603829058456242, -0.003559959428020711] - [0.046724537860462635, 0.21857974827977208, -0.1060075898671024, -0.1147946585833097] - [-0.07502658843809346, 0.5924117936510299, -0.22447677159878093, -0.24918299546221662] - [0.0056297728572818765, 0.004787429656167016, 0.010538931145319511, 0.016268850067044423]
B1: 0.00622812139401528 - -0.001739298178895642 - 0.0012284418282978824 - 0.0005828274483673916
B2: -0.0006970789905499436 - 0.00559670028107109 - 1.0744374788831512e-05 - 0.0017625837230088926
