Number: 5972
Error: 1.5282575464184842e-11
A1: [0.08041269645359125, -0.18048679669560802, -0.019607821352248242, 0.11960598632372499] - [0.0374221009737614, 0.13360290177832249, -0.13471967967082932, -0.036279308571349124] - [-0.001717020127456482, 0.22817591588258013, -0.12284256219826781, -0.10367310716544577] - [0.038846181197795544, -0.11449802353160878, -0.04643348260132448, 0.12201718591302177]
A2: [0.03523967651349978, -0.029341431609673795, -0.07576178203035971, 0.06959248267022282] - [0.10286018747562409, 0.28286285184026216, -0.3926388587865993, 0.006780850073271049] - [-0.011145900721010767, 0.5390560361887886, -0.35941201955846225, -0.1683330514931479] - [0.0978551733725111, 0.017455655424919978, -0.168858270179971, 0.053516873564028004]
B1: 8.710537662430361e-07 - 1.0743822698891092e-05 - 6.995827125509084e-06 - -7.956389608202239e-08
B2: -2.1025218628743884e-06 - 2.8522817743583897e-06 - 5.868774354506879e-06 - 4.444191468642316e-06
