Number: 3733
Error: 9.144788627153324e-16
A1: [0.06621312773457304, -0.11395213245103394, -0.02398400418498521, 0.07172281429297181] - [0.03740259920849128, 0.18819335709186577, -0.14740895948017216, -0.07818702287993082] - [-0.06022930046367789, 0.3289508681850505, -0.1277530403431476, -0.14096825324184178] - [0.03904602869896759, -0.053322809874387866, -0.037418716587870965, 0.051694995247569896]
A2: [-0.009108389702055254, -0.3468029880622754, 0.24945527791653105, 0.10645687498917464] - [0.08003982587824449, 0.03628225709316622, -0.05025011213808924, -0.0660719593722144] - [-0.042452773631997724, 0.23083194166445617, -0.04053119643607056, -0.14784778829098963] - [0.06813494797052815, -0.29346766592643986, 0.14177142408769272, 0.08356205014946387]
B1: -1.143547772823836e-08 - 1.935085610274276e-08 - -3.282441356680699e-08 - 3.104762335758531e-08
B2: -2.7513408939118307e-08 - 3.29471179773323e-08 - 2.180264458842339e-08 - -1.7162737258117123e-08
