Number: 6474
Error: 9.541398017963392e-16
A1: [0.08043169120543234, -0.18046780423043907, -0.019588850460287653, 0.11962497825827069] - [0.037415594618684024, 0.13359640078882254, -0.13472617160251277, -0.03628581048057858] - [-0.0017028154132374016, 0.228190120106248, -0.12282837905092413, -0.10365890662587281] - [0.03886323454417567, -0.11448101843768935, -0.04641644128079687, 0.12203422806791712]
A2: [0.035307449730628084, -0.029273469109181695, -0.07569734361007126, 0.06966341472458523] - [0.10289374200961736, 0.28289669253054656, -0.39260640462826524, 0.006815986934453311] - [-0.0111870918657188, 0.5390145988608638, -0.35945100780219663, -0.16837645600329254] - [0.09786280869169944, 0.017463325821583414, -0.16885100167683184, 0.053524888128283966]
B1: -2.2161851897885704e-09 - 6.969612167929993e-10 - -2.4175040257048894e-09 - 2.3452542120593833e-10
B2: -1.795723348018461e-10 - -2.1118152659194143e-09 - 2.082279564094381e-09 - -2.661867594725836e-09
