Number: 1417
Error: 1.2357450670185202e-10
A1: [-0.007217346786786279, -0.015023847343179436, 0.002966161944160903, 0.019424169177069888] - [0.06686985296911512, 0.18992591992734287, -0.14669054891114044, -0.1098143734978238] - [-0.11265728089030563, 0.4417147549999736, -0.07086444606849648, -0.25817771352944174] - [-0.02365975038529889, 0.015058782815949405, -0.030231118024541703, 0.03860494481133008]
A2: [0.13171054438486718, -0.22450603129822239, 0.022788926220027886, 0.07028218117489736] - [0.03270693838992229, 0.20380896373288102, -0.11482784964037082, -0.1213980831985108] - [-0.09432561661137337, 0.5558324434777696, -0.23491030884588213, -0.2253430784957185] - [-0.021159034163031724, -0.01960284873375509, 0.007789107315097254, 0.03186298951644684]
B1: 9.00786382826774e-05 - -0.00010058866186259116 - 3.8518549492114915e-05 - 3.335426239469749e-05
B2: 2.304227379076765e-05 - 1.5982983919902595e-05 - 3.793697349542866e-05 - -2.6958867953586087e-06
