Number: 9333
Error: 5.687509431326382e-11
A1: [0.053101976249853675, -0.14807186986577706, -0.027069541620555766, 0.12175721522362022] - [0.005348699069678237, 0.13087171102648198, -0.11356577182627617, -0.022514741279269442] - [-0.014558413198754687, 0.22297763994575964, -0.12715502326318828, -0.08171990539212197] - [0.027125675536813193, -0.10004082139884521, -0.049445335997873895, 0.12227728164470093]
A2: [0.08927727609320267, -0.07289060704742933, -0.12360512321039427, 0.10730947941870325] - [0.1088475771554007, 0.2498200368189315, -0.404839559444871, 0.04619543020395349] - [0.036681691515588005, 0.4626006424157336, -0.3776728085275943, -0.12142703256508648] - [0.1435093799104098, -0.04452398301491508, -0.20141855218103719, 0.10276404173583811]
B1: 2.7879393502741542e-05 - 5.1642553657920635e-06 - 1.9017295111620496e-06 - -1.5583136937664302e-05
B2: 8.716144549627407e-06 - -1.7841705383203566e-06 - -1.3262331325157446e-05 - 1.3384441650085148e-05
