Number: 2516
Error: 9.404045815234386e-08
A1: [0.0628563578878643, -0.048445042664159034, -0.024014689762053527, 0.00728132796029745] - [0.04444574140705391, 0.19202613351693923, -0.1417621511813747, -0.09165522394535422] - [-0.12364521153674624, 0.41466629609030947, -0.10505276323498304, -0.18726703649595844] - [0.036928036854857765, 0.0190980273131225, -0.03320446374939448, -0.02312466036358239]
A2: [0.06312664197958992, -0.1740058969851258, 0.08601340020191876, 0.023649619599977332] - [0.029384907700287226, 0.2003937643423237, -0.10161497850977004, -0.1277796953893269] - [-0.09138537104140848, 0.5156763298727818, -0.2235789783787314, -0.19313393384589747] - [-0.02337862157014762, 0.021065261662696188, -0.047743146674005275, 0.059459710119943596]
B1: 0.00032496006561791643 - 0.00033318968289929317 - 0.000617050595911752 - -0.00010391604976001697
B2: 3.183579777789661e-06 - 9.902875554153179e-05 - 9.85250479649906e-05 - 2.0826395611070873e-05
