Number: 339
Error: 1.3431325533431345e-09
A1: [-0.012429286090660177, -0.014800538067495159, 0.017782350262975432, 0.008288299398933479] - [0.06580039541926018, 0.18946174532336327, -0.14535859445848123, -0.11004735273250128] - [-0.09627810892049458, 0.421800563768216, -0.053441087395739946, -0.2720183078800402] - [-0.0012453885587453027, -0.018146042208691888, -0.003754086474640189, 0.023464703654041016]
A2: [0.16157464644885594, -0.1677666268305711, 0.00848950495781752, -0.002344841433187496] - [0.035459841188679966, 0.20749124914244335, -0.1172362073553041, -0.12581735622097687] - [-0.08619835496308721, 0.5815530052703679, -0.2353739367270272, -0.2599207499173282] - [-0.0038396932792797477, -0.00452392043893442, 0.0011056104249646751, 0.0072388987968601]
B1: 2.2611888593134618e-05 - -0.00015326820905579402 - 3.298859482407985e-05 - 1.5179463096191302e-05
B2: -5.189847546684794e-05 - -7.604154576393299e-05 - 4.204829549243255e-05 - 4.6585662347099126e-05
