Number: 1837
Error: 2.1333314139902823e-07
A1: [-0.008120743541982816, -0.01591512726915733, 0.0020683983983101058, 0.018481199202335444] - [0.06676271080825537, 0.18982813517115132, -0.14680416290752546, -0.10993252050778309] - [-0.11327439767287736, 0.44114166191339776, -0.07155055700243824, -0.25883256789103426] - [-0.024470478462486976, 0.014298598334163129, -0.03112918886528576, 0.03775673517521505]
A2: [0.133030000236794, -0.22324392510262767, 0.02409355539128726, 0.07156643957917697] - [0.03378456890015892, 0.20488302802053332, -0.11375254678701524, -0.12033536826868547] - [-0.09514964617919117, 0.5550438629506502, -0.23564151327515112, -0.2260398870136394] - [-0.01981387293354632, -0.018314885256180247, 0.009115501592748635, 0.03313747018960605]
B1: 0.00017838727497509707 - 0.00041502131827525723 - 0.0006704649982508331 - 1.0787835050596816e-05
B2: -0.00018866848460310376 - 0.000556610341957667 - -0.00035689701967003075 - -0.0003390639785832627
