Number: 7786
Error: 9.93874223628085e-16
A1: [0.08043170329826865, -0.18046779213897948, -0.019588838381903954, 0.11962499034972954] - [0.03741556642581902, 0.13359637261729096, -0.13472619973918695, -0.03628583865782247] - [-0.001702794004415699, 0.22819014151460912, -0.1228283576734411, -0.10365888522275743] - [0.03886324231476205, -0.11448101068891901, -0.04641643351515864, 0.12203423583367401]
A2: [0.035307417058293114, -0.02927350187186569, -0.07569737467452856, 0.06966338052945856] - [0.10289371550395235, 0.28289666579995065, -0.39260643026419906, 0.006815959179178512] - [-0.011187174302273924, 0.5390145159326089, -0.3594510858302442, -0.16837654286950574] - [0.09786275456247438, 0.017463271446153235, -0.16885105320439, 0.05352483131026701]
B1: -9.045617359646931e-09 - 8.064853032639507e-09 - -1.8668373276254924e-08 - -1.3872765352795975e-08
B2: -1.5380755064072588e-08 - 2.4944823571630196e-08 - -2.0961848169038157e-08 - -9.775385223071388e-09
