Number: 8614
Error: 1.1204367233300283e-15
A1: [0.08043173705008762, -0.18046775839095153, -0.019588804670464807, 0.11962502409770628] - [0.037415645968080655, 0.1335964520994242, -0.13472612035520162, -0.0362857591594991] - [-0.0017027646886626936, 0.22819017082973178, -0.12282832840062417, -0.1036588559148224] - [0.03886329345952075, -0.1144809596876047, -0.04641638240298103, 0.12203428694670213]
A2: [0.035307317858281985, -0.02927360134621782, -0.07569746899293368, 0.06966327670614215] - [0.10289374540082356, 0.2828966959505721, -0.39260640134828784, 0.0068159904855099466] - [-0.011187121095843702, 0.539014569456373, -0.3594510354692127, -0.16837648680402192] - [0.09786271102757889, 0.017463227713212164, -0.1688510946469706, 0.05352478561296601]
B1: -1.146807642342187e-08 - 1.4062712470008761e-08 - -1.0207960601179874e-08 - 1.67827801156843e-08
B2: 7.424691480890717e-09 - -1.96855273378452e-08 - 5.776567394225686e-08 - 2.3366631009116968e-09
