Number: 9806
Error: 1.5366963685117801e-15
A1: [0.053172539569197, -0.14800128155076384, -0.026999057880160885, 0.12182781140587372] - [0.005313678088451003, 0.1308366524963151, -0.11360078549447793, -0.022549805163510406] - [-0.014444482077385289, 0.2230916153267286, -0.12704118509328025, -0.08160593850171803] - [0.027146386030111932, -0.10002011210370401, -0.049424582621390614, 0.1222980461499484]
A2: [0.08925478102207944, -0.07291305132743114, -0.12362710828270455, 0.10728670673385417] - [0.10884175752265306, 0.2498142098400187, -0.40484526137852744, 0.04618950929511269] - [0.03663579999628837, 0.462554988170876, -0.37771757878438933, -0.1214734008131841] - [0.1434263443442808, -0.044606711846953126, -0.20149962223862639, 0.1026797723197801]
B1: -2.7737502565162657e-08 - -7.259214715187479e-10 - 2.1030382874053146e-08 - 6.942250322327412e-08
B2: 1.2506582275351326e-08 - 3.755310826415519e-09 - 1.4832512095025526e-08 - -2.223225706013404e-08
