Number: 746
Error: 2.8938889982943116e-14
A1: [-0.0121533149230532, -0.014517089046221327, 0.018087370620720314, 0.008583181673000323] - [0.06583510928992357, 0.18949513956508718, -0.145322700668527, -0.11000870118838285] - [-0.09629329415638654, 0.42178587716462207, -0.05345757211456247, -0.27203599067537515] - [-0.0013208818655616713, -0.018218650157433375, -0.003834452482692856, 0.023377458334449944]
A2: [0.1615867261727213, -0.16775476800528613, 0.008501339144469721, -0.002333064262625255] - [0.03548583465805649, 0.20751683111969565, -0.1172103135494719, -0.12579192083504737] - [-0.08621352946006365, 0.5815381366838703, -0.2353887118242568, -0.25993555332833623] - [-0.003835175537001372, -0.00451949458313838, 0.0011100507731564022, 0.007243193538880534]
B1: 1.503903059133777e-07 - 2.1541456600284832e-07 - 1.5265098840513275e-07 - 3.921441567928063e-08
B2: 1.9801197916682683e-07 - 5.519008951873862e-07 - 2.4395015168934546e-07 - -3.533982590342913e-07
