Number: 8612
Error: 7.090011996291503e-16
A1: [0.08043173374866722, -0.18046776169199824, -0.01958880796793788, 0.11962502079666272] - [0.03741563399725494, 0.1335964401376587, -0.13472613230217542, -0.03628577112369369] - [-0.0017027598029393926, 0.22819017571535016, -0.12282832352205485, -0.10365885103040365] - [0.03886328965017685, -0.11448096348625864, -0.04641638620989779, 0.12203428313972549]
A2: [0.035307314125358834, -0.0292736050894649, -0.07569747254215978, 0.0696632727992438] - [0.10289374448117675, 0.2828966950231205, -0.3926064022377594, 0.006815989522507214] - [-0.01118711679130369, 0.5390145737865865, -0.3594510313948601, -0.16837648226819096] - [0.09786271881133729, 0.01746323553237409, -0.168851087237317, 0.05352479378335658]
B1: -7.221907056313942e-09 - 1.937909271599703e-08 - -1.7606690969272197e-09 - 2.395529003292082e-08
B2: -6.141195633487783e-12 - -3.08740772015518e-08 - 5.397055487107369e-08 - -4.159661231535439e-09
