Number: 9364
Error: 3.424818674774606e-11
A1: [0.05316901255647961, -0.14800480732721227, -0.027002579651793573, 0.12182428519343845] - [0.005326586571868777, 0.1308495724867926, -0.11358787964049262, -0.02253687890087114] - [-0.01445758813100653, 0.22307850497270798, -0.1270542801010376, -0.08161904799971909] - [0.027159818309558614, -0.10000667797476682, -0.049411120294172786, 0.12231151542985766]
A2: [0.0892470391024695, -0.07292077775442073, -0.1236346771779928, 0.10727886918965304] - [0.10887088383186706, 0.24984334367592906, -0.4048167120253263, 0.04621912741248614] - [0.03664432160618679, 0.46256346539471704, -0.37770926530447085, -0.12146479060570327] - [0.14345065898484732, -0.04458248609662139, -0.20147588137615985, 0.10270444855486476]
B1: -2.7875126755779292e-06 - 5.650678288461258e-06 - 3.1598999774786264e-06 - 6.801729651378043e-06
B2: 4.011652536691404e-06 - 1.3429896396212635e-05 - -7.194001885749687e-06 - 8.405547369920508e-06
