Number: 9347
Error: 5.7636339098258375e-11
A1: [0.05319640415478966, -0.14797740506222445, -0.02697521762881263, 0.12185169024747998] - [0.0052363068114701546, 0.1307591962636883, -0.11367814736902931, -0.02262728870356465] - [-0.014433926136979329, 0.2231021759141021, -0.12703063631230307, -0.08159537701041235] - [0.02714916775753288, -0.10001732863388547, -0.04942179332303814, 0.12230083724057043]
A2: [0.08926558322367564, -0.07290227521271717, -0.12361655215270931, 0.10729764251010412] - [0.1088086135750093, 0.24978106413667636, -0.40487775057875314, 0.04615581034981931] - [0.03664503101866345, 0.46256417121030113, -0.37770857424792936, -0.12146407370518841] - [0.14345085123991683, -0.04458229550140863, -0.20147569516636862, 0.10270464346230428]
B1: 2.168622853312631e-05 - 6.926918111785951e-06 - 8.689149958639216e-08 - -1.1257828006679242e-05
B2: -1.1567358431210523e-05 - 1.2279034732183369e-05 - 3.20897606641208e-05 - -1.7215745380903976e-05
