Number: 1403
Error: 9.852861864663417e-11
A1: [-0.00728983723835813, -0.015096972344366032, 0.00289080964883355, 0.01934971763518224] - [0.06678450196129083, 0.1898437915691762, -0.14677878085065824, -0.10990931651331237] - [-0.11280306301582974, 0.44157187950488114, -0.07101634523469587, -0.25833556971982863] - [-0.023556008972622194, 0.015160704721168893, -0.03012525768187897, 0.038714488463170306]
A2: [0.13153438276904944, -0.22467944444526106, 0.02261574101009548, 0.07010990657811973] - [0.032673223391420134, 0.20377579619273362, -0.11486142849241207, -0.1214310584899899] - [-0.0949036655006525, 0.555263375627955, -0.23547842637601124, -0.22591133179508197] - [-0.02076406377951991, -0.019213369192825364, 0.008180844783774323, 0.032242543822790765]
B1: -3.345219173531018e-05 - -4.589912377125373e-05 - -6.516297622912497e-07 - -1.8030237757408598e-05
B2: -3.6916220111274805e-05 - -3.624270728961078e-05 - -2.2551256392585604e-06 - -1.1070626378899624e-05
