Number: 3443
Error: 9.546942651363865e-09
A1: [0.06597896033690152, -0.11418143320873225, -0.024218477621850493, 0.0714887648695194] - [0.037836061678580064, 0.1886075258732916, -0.14698267699287249, -0.07776068402323416] - [-0.060423345392085, 0.3287643667777748, -0.1279430838609861, -0.1411576465200479] - [0.03895809412187588, -0.053405700381985444, -0.03750323537657972, 0.05161076402733803]
A2: [-0.00886411182082629, -0.3465435156513814, 0.24970174082016378, 0.10671387619283496] - [0.07997875247853692, 0.03621643957346518, -0.05031703507846558, -0.06613937388010549] - [-0.04257567527771598, 0.23069571332253858, -0.04066310075148515, -0.14798398415798716] - [0.06796223395788298, -0.2936580534258756, 0.14158464752118566, 0.08336884715324792]
B1: 9.066040029297534e-05 - 2.5680882651149965e-05 - -0.0002354726438717416 - -7.478675689189364e-05
B2: 0.00014797937993740105 - -0.00021261830826537918 - 5.540463872345097e-05 - -8.513805370005053e-05
