Number: 3574
Error: 1.8852647319796757e-11
A1: [0.066207169442941, -0.1139579577222356, -0.0239899580347149, 0.07171686597717308] - [0.0373988332293328, 0.18818975890859263, -0.14741266180038218, -0.07819072532575906] - [-0.06023120222838127, 0.3289490416746238, -0.127754900918756, -0.1409701044718832] - [0.039060742068308445, -0.053308844446317685, -0.03740448192636286, 0.05170911424984639]
A2: [-0.00910548795178966, -0.34679990968832203, 0.24945820318153858, 0.10645991730984274] - [0.08004624546482274, 0.03628917290226945, -0.05024309590166613, -0.06606488359649061] - [-0.04242472669555624, 0.23086289609380395, -0.04050114049446324, -0.14781676918889838] - [0.06811871387904271, -0.29348554055041, 0.1417538249872691, 0.08354384852471518]
B1: -2.5269572339891175e-06 - 7.589006783410629e-07 - 7.387782774961104e-06 - -9.857059127839817e-06
B2: 5.005442086029111e-06 - 2.2397346068774932e-07 - -7.251861330519201e-06 - 2.0165707252064e-06
