Number: 9808
Error: 1.2352935712533143e-15
A1: [0.053172559035737234, -0.14800126207706785, -0.02699903843507606, 0.12182783088180084] - [0.005313696727305619, 0.13083667115471737, -0.11360076685844456, -0.02254978649837107] - [-0.014444466016627043, 0.22309163139337057, -0.12704116904523383, -0.0816059224352273] - [0.02714639009080225, -0.10002010804302013, -0.04942457855213447, 0.12229805022095849]
A2: [0.08925464608762111, -0.07291318594985245, -0.1236272401769991, 0.10728657013563356] - [0.10884178873454145, 0.24981424105741334, -0.4048452307848502, 0.04618954103215238] - [0.03663588841651431, 0.4625550761310252, -0.3777174925172071, -0.12147331147590179] - [0.14342641789291652, -0.04460663857225943, -0.20149955042475404, 0.10267984695958957]
B1: -2.11457085344204e-08 - 1.0783378112497588e-10 - 1.5258498006829445e-08 - 3.2229980992048335e-08
B2: 2.509197301734532e-08 - 1.1256499542031972e-08 - 3.029611822328342e-08 - -1.572911954758373e-08
