Number: 7911
Error: 8.520802804154642e-16
A1: [0.08043169474683735, -0.18046780068944637, -0.01958884692311958, 0.1196249817992699] - [0.037415670600794745, 0.13359647671342034, -0.13472609577177083, -0.03628573454054977] - [-0.0017028092875382673, 0.22819012623180987, -0.12282837293418938, -0.10365890050180275] - [0.038863260709386505, -0.1144809923459197, -0.04641641513226345, 0.12203425421686176]
A2: [0.035307280615270754, -0.029273638692254928, -0.07569750440298355, 0.06966323772721573] - [0.10289361684001852, 0.2828965662986606, -0.3926065256907259, 0.006815855863716086] - [-0.011187083191151727, 0.5390146075871478, -0.35945099959148835, -0.16837644686264583] - [0.0978627072638182, 0.017463223932354194, -0.16885109822971275, 0.05352478166214729]
B1: -2.2740296253129933e-09 - 2.5266978711109742e-08 - 2.6011771248819553e-08 - 2.443143807160373e-08
B2: 1.3933903167420006e-08 - 2.9144440865507584e-08 - 3.013186603916832e-08 - 1.920643846964193e-08
