Number: 2295
Error: 0.00018504924488328038
A1: [-0.028320557668773116, -0.1313624310746208, -0.10971060612067389, -0.07835731654291683] - [0.05106407301756481, 0.19589573904887914, -0.13965196664103388, -0.08666141737604591] - [-0.2125649588528297, 0.339546577639044, -0.18404422127406936, -0.26627593346969103] - [-0.059732688743039566, -0.06383460667047594, -0.11424376741595757, -0.10953676204607281]
A2: [-0.011464197324432525, -0.25355947707383847, 0.015274716097182842, -0.0506445843993135] - [0.06796841797345066, 0.23803913867798043, -0.06267737868968215, -0.0905213209385115] - [-0.052011150756322316, 0.5581608178161467, -0.18165801028661704, -0.15809251069589442] - [-0.04212014658100359, 0.0033626239940222416, -0.06561383835299217, 0.04075597716128668]
B1: -0.0047557253456169 - -0.00042918154887577713 - -0.0367308961046245 - 0.026232976701676094
B2: 0.0029639542399422596 - -0.02344059837745476 - 0.009643843188482541 - 0.009672828375332756
