Number: 9573
Error: 5.0215579915712604e-14
A1: [0.05317351026769428, -0.14800031050159743, -0.026998088255529733, 0.12182878257625437] - [0.005314591823256323, 0.13083756718027897, -0.11359987190505103, -0.022548890135751752] - [-0.014444212077644302, 0.2230918854214656, -0.12704091531021047, -0.08160566840439565] - [0.027146413541957137, -0.10002008459919581, -0.04942455505617348, 0.12229807372750902]
A2: [0.08925612185233499, -0.0729117136010035, -0.12362579766672242, 0.10728806409056567] - [0.10884419672103293, 0.24981664946737253, -0.40484287049949164, 0.04619198952836935] - [0.03663831840976255, 0.4625574934788852, -0.3777151216999302, -0.12147085628536054] - [0.14342655448546376, -0.04460650249703516, -0.20149941705966093, 0.10267998557543766]
B1: -9.522855916209934e-08 - -1.0752628364015264e-07 - 1.28903058237141e-07 - 4.976668847229289e-07
B2: 2.4217594847473426e-08 - -3.655820259510279e-07 - -1.5686440838271778e-08 - 1.3891354029395685e-09
