Number: 3872
Error: 1.3402369097783356e-15
A1: [0.06621314354208155, -0.11395211699676576, -0.02398398838987378, 0.07172283007396081] - [0.03740255460898767, 0.18819331448008306, -0.14740900332488982, -0.07818706672853905] - [-0.06022944505781561, 0.32895072931038327, -0.12775318183440929, -0.14096839397207672] - [0.03904610112202171, -0.05332274113315822, -0.037418646520998376, 0.05169506474548317]
A2: [-0.00910856859374631, -0.3468031778385485, 0.249455097577371, 0.1064566874308901] - [0.0800398356768256, 0.036282267649040585, -0.050250101428784874, -0.06607194857200069] - [-0.04245288492893237, 0.2308318188301255, -0.04053131570635117, -0.14784791138130884] - [0.06813468130610674, -0.29346795953588806, 0.14177113499746605, 0.08356175116901052]
B1: -1.8838318410679215e-08 - -2.9726143713287775e-08 - 1.0531872829848426e-08 - 2.7361687219167386e-08
B2: 6.455053851986201e-09 - -1.9418550654906744e-09 - -5.7395841758945106e-08 - 5.082689701000054e-08
