Number: 6819
Error: 7.924657859756501e-16
A1: [0.08043167958017385, -0.18046781585438004, -0.01958886207164686, 0.1196249666343395] - [0.03741557401559992, 0.13359638020133352, -0.13472619216454582, -0.036285831072250425] - [-0.0017028478468000873, 0.22819008767337506, -0.12282841143699838, -0.10365893905077911] - [0.038863215917588005, -0.11448103701200155, -0.04641645989551686, 0.12203420945290534]
A2: [0.03530749205519807, -0.029273426667548532, -0.07569730336841075, 0.06966345902183778] - [0.10289376845636843, 0.2828967192017533, -0.3926063790493159, 0.006816014628067033] - [-0.011187076264670068, 0.539014614554962, -0.35945099303545536, -0.16837643956393308] - [0.0978628451333213, 0.01746336242896408, -0.16885096698676602, 0.05352492638012169]
B1: -1.6498720873285672e-08 - -4.849043606671062e-09 - -2.2274540755776762e-08 - -1.6340872504515153e-08
B2: -7.658318899994027e-09 - -1.3973672095658847e-08 - -1.766744908093402e-08 - -1.3637417738562683e-08
