Number: 6892
Error: 9.191216332221863e-16
A1: [0.080431666446468, -0.1804678289865987, -0.019588875189648042, 0.11962495350213387] - [0.03741558017732232, 0.1335963863583917, -0.13472618601509992, -0.03628582491394108] - [-0.001702831491660161, 0.22819010402816528, -0.12282839510580482, -0.1036589227000042] - [0.03886322132459437, -0.11448103162016984, -0.04641645449195536, 0.12203421485655129]
A2: [0.035307536936199965, -0.029273381662411436, -0.07569726069612338, 0.06966350599467326] - [0.10289374876459255, 0.2828966993428528, -0.3926063980949435, 0.006815994007901282] - [-0.011187106746291501, 0.5390145838915286, -0.3594510218869706, -0.1683764716834868] - [0.09786283943200429, 0.01746335670171375, -0.16885097241404856, 0.05352492039559309]
B1: -1.300046179153862e-08 - 2.2156128937162846e-08 - -3.137075341738209e-08 - -4.993198634661185e-09
B2: -1.5064715559251672e-08 - -1.0419535789353958e-08 - -4.740321304495297e-09 - -9.729317273148646e-09
