Number: 5974
Error: 2.100537563061523e-11
A1: [0.08041334074971068, -0.1804861524631312, -0.019607177908691223, 0.11960663049786985] - [0.03742278370216113, 0.13360358402092035, -0.13471899818276933, -0.03627862614953824] - [-0.0017160948443478933, 0.22817684113655473, -0.12284163832898937, -0.10367218215761198] - [0.03884617897994544, -0.11449802577687117, -0.04643348490031483, 0.12201718365579826]
A2: [0.0352383652926862, -0.029342746210996407, -0.07576302864481074, 0.06959111032658953] - [0.10285986350299278, 0.282862525362782, -0.392639172025384, 0.0067805108810779] - [-0.01114469384366235, 0.5390572503094117, -0.3594108771892833, -0.16833177974037528] - [0.09785286060298067, 0.01745333221711244, -0.16886047174819754, 0.0535144459076526]
B1: -3.49110622876788e-06 - 9.20761624323187e-06 - 9.336396939760724e-06 - -7.714770144544285e-07
B2: -1.7201255192204634e-06 - 2.2483067702189435e-06 - 4.797949488551947e-06 - 4.740932943779767e-06
