Number: 6580
Error: 9.351177155096102e-16
A1: [0.08043168013204081, -0.1804678153025766, -0.019588861520438657, 0.11962496718614384] - [0.0374155601022618, 0.1335963662985243, -0.13472620605016022, -0.036285844977880816] - [-0.0017027744549392295, 0.22819016106367285, -0.12282833815259539, -0.10365886567850552] - [0.038863189792445796, -0.11448106306382876, -0.04641648600401041, 0.12203418334400107]
A2: [0.035307437902695964, -0.029273480969828354, -0.07569735485591356, 0.06966340234536667] - [0.10289373733575788, 0.2828966878170193, -0.39260640914876005, 0.006815982040237833] - [-0.011187102239777274, 0.5390145884249282, -0.35945101762146436, -0.16837646693480504] - [0.09786280830275298, 0.017463325430867708, -0.16885100204708275, 0.05352488772001589]
B1: -1.5562742845383974e-09 - -2.0267198047933236e-09 - -3.2062942771111153e-10 - -1.9263181884361175e-09
B2: -2.2248736194294588e-09 - -1.8546073625011553e-08 - 3.983654984476046e-08 - -2.6191105823035997e-08
