Number: 732
Error: 7.807699915777694e-15
A1: [-0.012153611801119856, -0.01451739397087363, 0.018087042481282383, 0.008582864423753686] - [0.06583536639603946, 0.18949538689025985, -0.1453224348434113, -0.11000841492670353] - [-0.09629295756172516, 0.4217862024777264, -0.053457206868815985, -0.2720355985274452] - [-0.0013221009258604693, -0.01821982254939876, -0.003835750131464529, 0.023376049305674714]
A2: [0.16158671565541302, -0.16775477832393212, 0.00850132883952631, -0.0023330745157138883] - [0.03548581236377823, 0.20751680918374604, -0.11721033575033178, -0.12579194264463736] - [-0.08621309594300951, 0.5815385613138617, -0.23538828999631772, -0.2599351305843259] - [-0.003834237919114582, -0.004518572553939946, 0.0011109787882332544, 0.007244090586782192]
B1: 1.3911673626465958e-07 - 2.982503635480678e-08 - 3.707138799977271e-08 - -1.1849003041001076e-07
B2: 1.8654436818586859e-07 - -4.7250954658416843e-07 - 2.9712162265064286e-07 - 2.134071591560325e-07
