Number: 308
Error: 1.515478518118151e-09
A1: [-0.01223470313841409, -0.014600711374603746, 0.017997457508549506, 0.008496264209038448] - [0.06580270488975648, 0.1894639513420218, -0.14535622166423137, -0.11004479452395739] - [-0.09699728003061411, 0.42110560666516433, -0.05422141633889892, -0.2728561623459753] - [-0.0019284568060557372, -0.018802864717370738, -0.00448114428487096, 0.02267519416563347]
A2: [0.16148458391409698, -0.16785501853541285, 0.00840127602199419, -0.0024326249277450366] - [0.03547513161796407, 0.20750629343719873, -0.11722099482347134, -0.1258024046657445] - [-0.08643732429243779, 0.5813189078345602, -0.23560646956075998, -0.2601537774304132] - [-0.003903013271649795, -0.004586165892528927, 0.0010429978193254497, 0.007178379480964801]
B1: -0.00014022876508776154 - -0.00019263477347393387 - -0.00012038572900938 - -7.230608525650431e-05
B2: 0.00022324449702936772 - -0.0007755321204410657 - 6.475264163681484e-06 - -8.113838117086592e-06
