Number: 323
Error: 1.099829558541447e-09
A1: [-0.01240529742759927, -0.014775907538071955, 0.017808871073850804, 0.008313945948906666] - [0.06580027714843538, 0.18946162792861077, -0.14535872095630048, -0.11004748944252292] - [-0.09652145036862277, 0.42156539184701725, -0.05370512582260024, -0.2723018192104379] - [-0.0016226824628019915, -0.01850888033773936, -0.004155692070097551, 0.023028605101069095]
A2: [0.16150251162190069, -0.16783741861850263, 0.008418810461833166, -0.002415177063838922] - [0.03542586541696359, 0.20745782698255072, -0.11727003090501824, -0.12585057798143548] - [-0.08638195750178433, 0.581373150914028, -0.2355526009704165, -0.2600997991003599] - [-0.003908001272338097, -0.0045910839265454, 0.001038016080295795, 0.007173562440252146]
B1: -3.76982302272993e-05 - -0.00025384812488569005 - -5.661937913738496e-05 - -3.2769881572118186e-05
B2: -9.483000661551934e-05 - -0.0004744200952021225 - 1.94086704052261e-05 - 4.5279340931120085e-05
