Number: 1572
Error: 4.470940815394673e-09
A1: [-0.007073507761045821, -0.014878278324936395, 0.003115703945503364, 0.019571346620647422] - [0.06676301436344442, 0.18982304538852848, -0.1468009763020719, -0.10993323521935885] - [-0.11234354439366037, 0.44202210926831437, -0.07053780441353712, -0.2578379218092055] - [-0.02294938675560875, 0.015755647890860563, -0.029507174913945337, 0.039355038405376463]
A2: [0.13183972524936452, -0.2243798732117082, 0.022915477605754388, 0.07040720578278249] - [0.032683442453975996, 0.2037857513382229, -0.1148511017458487, -0.12142103052135748] - [-0.09444037575784159, 0.5557190383108581, -0.23502295286573138, -0.22545607173512744] - [-0.020739126241085135, -0.019189770362990657, 0.008204357501425556, 0.03226462070812041]
B1: -4.2421407316914395e-05 - -7.070348462862196e-05 - 3.949999056015213e-05 - -3.002145421086921e-05
B2: -0.00020128800235181112 - -0.00018465718329159226 - 0.00019367155813396116 - -9.983307289313824e-05
