Number: 7176
Error: 1.249308148882508e-15
A1: [0.0804317094143534, -0.1804677860235807, -0.019588832273138714, 0.1196249964651115] - [0.037415612606766985, 0.1335964187632928, -0.13472615365026988, -0.03628579250246031] - [-0.0017028279312528653, 0.2281901075885046, -0.12282839155059844, -0.10365891914054012] - [0.03886326176083453, -0.1144809912974127, -0.046416414081487375, 0.12203425526765652]
A2: [0.03530755607372952, -0.02927336247195126, -0.0756972425003733, 0.06966352602413466] - [0.10289371997498326, 0.28289667030890847, -0.39260642593987505, 0.006815963860983834] - [-0.011187209845942387, 0.53901448017693, -0.3594511194730582, -0.16837658032316621] - [0.09786280115809264, 0.017463318253707213, -0.16885100884833512, 0.05352488022044401]
B1: 5.0125642587439716e-08 - -2.2766486938041164e-08 - -2.9601079586561505e-08 - 9.01373444671016e-09
B2: 6.539080458164099e-09 - 6.084657128784825e-09 - -1.144164702436747e-08 - 1.222154471835408e-08
