Number: 3147
Error: 1.0321170020038167e-05
A1: [0.06780972605530665, -0.043565790285683706, -0.019023367416265632, 0.012452284139261518] - [0.04295379246135298, 0.1905651100312398, -0.14327471553848703, -0.09332662050536766] - [-0.11652826079819043, 0.42168006584990686, -0.09780249624544696, -0.17986978948591925] - [0.033380838250600446, 0.015319851592141892, -0.0369688952367106, -0.02639435274365069]
A2: [0.04317501738668844, -0.19381772494682786, 0.06586866816249008, 0.0033475962022094727] - [0.03424156965230636, 0.20514087733183814, -0.09675658954605314, -0.12308319265662052] - [-0.09222382568806543, 0.5149031320354085, -0.22442913786013108, -0.19388800073214205] - [-0.01811433075292902, 0.026471906385649585, -0.04238929181753908, 0.06465013258761708]
B1: -0.008587570884580498 - 0.00013191344941707137 - -0.003342992229673252 - -0.0008285617737894613
B2: 0.0015304178021524708 - -0.0003786917260211692 - -0.0008655334689653842 - -0.006302264790959442
