Number: 2540
Error: 3.463012482628525e-08
A1: [0.06405174445792597, -0.04725189322916019, -0.022829148303284485, 0.008469331112936913] - [0.04351101833731043, 0.19112396970375087, -0.14272214473119252, -0.09268108197271506] - [-0.12305191732018116, 0.41526110471137834, -0.10445456435508242, -0.18666944842644015] - [0.03774813700556691, 0.019922242221190264, -0.03238250374840419, -0.02230535758199465]
A2: [0.06485779564551553, -0.17228708832334622, 0.08774087080025496, 0.025358877435865984] - [0.028690999786167338, 0.1997084654288326, -0.10230681448332607, -0.1284594882594792] - [-0.09362550628153266, 0.5134696506802846, -0.2258257354825868, -0.19530683328556409] - [-0.02657330695785584, 0.01788149306082051, -0.050942690034172726, 0.056345570266716785]
B1: -0.0003864849998119903 - 0.00024065641114410938 - -0.00028993341781374625 - 8.22070004499179e-05
B2: 1.0863553149480973e-05 - -0.0001679843691795432 - -5.805609448263523e-05 - -0.00013526621025583498
