Number: 8582
Error: 1.0523847578962364e-15
A1: [0.08043170472383326, -0.18046779071354394, -0.019588836958063995, 0.11962499177514206] - [0.03741553585827548, 0.13359634207294938, -0.13472623024561453, -0.0362858692083174] - [-0.0017027805230769232, 0.22819015499565293, -0.12282834421185335, -0.10365887174501454] - [0.03886325481607812, -0.11448099822260055, -0.04641642102179634, 0.12203424832727404]
A2: [0.03530752303611889, -0.02927339560092627, -0.07569727391190532, 0.0696634914464242] - [0.10289366166860209, 0.2828966115077393, -0.3926064823331067, 0.006815902805803386] - [-0.011187083738757037, 0.5390146070362687, -0.3594510001098207, -0.16837644743966604] - [0.09786279481378844, 0.017463311880516127, -0.16885101488771725, 0.053524873560977765]
B1: 2.762151126613406e-08 - -4.1212326197719764e-09 - -3.6081079182878198e-09 - 2.997809774894011e-09
B2: -2.5396826686777354e-10 - -3.832982396203227e-08 - 4.1558968661185427e-08 - 5.623103745051932e-09
