Number: 1148
Error: 5.389109254015895e-07
A1: [-0.007910807335828832, -0.01569903724823456, 0.0022709255653055476, 0.01870228389361262] - [0.06927320178961986, 0.19222822450424273, -0.1442089268428879, -0.10712791195182227] - [-0.11576913540949374, 0.43871587742853374, -0.07409143014906966, -0.26154903718509154] - [-0.020532373280357355, 0.018124165597846346, -0.02695460036153268, 0.041937557874668026]
A2: [0.12702659191373547, -0.22913209080927638, 0.018195481183881708, 0.06571193267162488] - [0.035105806332331346, 0.2061854111426772, -0.11244048166754761, -0.11905277558016697] - [-0.10226264692331807, 0.5480128006902156, -0.24268153696331962, -0.23316966115618373] - [-0.02864153560389686, -0.027030094354202214, 0.00036464186106116103, 0.02465935825021833]
B1: 2.0655253187369783e-05 - 0.0019323298585317073 - -0.0008702060802695624 - 0.0009018215316387107
B2: 0.0005251267508172333 - 0.0010676274458814952 - 0.001597138531483061 - -0.001160047734361847
