Number: 2833
Error: 4.0000755572992216e-09
A1: [0.0633353921550677, -0.04797076128558785, -0.023541697572213967, 0.007757055350869876] - [0.04375410542025661, 0.19136006269868353, -0.14246915006199606, -0.09241005830393481] - [-0.12351082955218828, 0.4147949412893038, -0.1049256304280106, -0.1871396843223789] - [0.036719502451340154, 0.018882397068997844, -0.033416606271141694, -0.023334904056506567]
A2: [0.06401385651424212, -0.1731163251390965, 0.08689382373674649, 0.024522644214537544] - [0.029451302420378973, 0.2004576611588227, -0.10154925636421744, -0.12771499452660492] - [-0.0930103450961844, 0.5140740743907349, -0.22520552350713388, -0.1947108375938471] - [-0.02581585646152142, 0.01863132966326068, -0.05017561072967772, 0.05708595754733476]
B1: 3.34164804709097e-05 - 3.714211154762498e-05 - -0.00013076138062130847 - 6.373711586615545e-05
B2: -3.7847130027805274e-05 - 0.0001490235121186619 - -8.331617897488019e-05 - -0.00010193357869259412
