Number: 2900
Error: 5.512319604507249e-09
A1: [0.06390424764367143, -0.04740420692621796, -0.02297777437697133, 0.008320944108240455] - [0.04362883498518741, 0.19123882776463622, -0.14259835822354272, -0.09254838478241006] - [-0.12308719451607815, 0.4152164128970194, -0.10450091979564488, -0.18671707124940737] - [0.037227338404047836, 0.01938981298296085, -0.032910705296649176, -0.022831773981682766]
A2: [0.062499544244705295, -0.17462360406060565, 0.08538193897555557, 0.02302439532406071] - [0.029446621878316287, 0.2004531318259954, -0.10155409716820465, -0.1277198810106506] - [-0.093716361158811, 0.513381314215678, -0.22591305290810523, -0.19539489175210176] - [-0.025967305112930755, 0.018480603132398587, -0.05032753305173695, 0.0569383367348141]
B1: -9.429809983139929e-05 - 5.205055905163039e-06 - 9.040756535348484e-05 - -0.00011480851847999778
B2: 0.0001310737479812322 - -0.00017516338657115116 - -8.577768069152192e-05 - -6.899566764080186e-05
