Number: 8477
Error: 1.0308929368123954e-15
A1: [0.0804316700283806, -0.1804678254050838, -0.019588871612050186, 0.11962495708363369] - [0.03741554716777897, 0.13359635337381867, -0.1347262189587605, -0.03628585790514905] - [-0.001702810767521082, 0.22819012475186132, -0.12282837441200843, -0.1036589019813831] - [0.03886319002615895, -0.11448106283073844, -0.046416485770437596, 0.12203418357759274]
A2: [0.03530747015891468, -0.02927344862436108, -0.07569732418701441, 0.06966343610489713] - [0.10289385198650379, 0.2828968034408401, -0.39260629825989873, 0.006816102096129319] - [-0.011186984780512091, 0.5390147065847074, -0.3594509064434216, -0.16837634316421857] - [0.09786286975157903, 0.017463387159172013, -0.1688509435516209, 0.05352495222108678]
B1: -1.605338307358291e-08 - 1.7820506259794867e-08 - -2.155633949101785e-08 - -2.3699227759955554e-09
B2: -8.719358907557103e-09 - 2.3544630329780712e-08 - -1.8217938945184513e-08 - 4.407704909606038e-09
