Number: 2059
Error: 0.0002236789648438031
A1: [-0.052141929359474995, -0.06851390829594367, -0.055695948393775056, -0.04116366425104756] - [0.06045975214971555, 0.1855808005456988, -0.1541760161138763, -0.12021156297277744] - [-0.10793611564309527, 0.43875089864819455, -0.06412367109284403, -0.2269990859630458] - [-0.08267287323873099, -0.03896353022749359, -0.09496802880679912, -0.046416060396798256]
A2: [0.0004264782494497604, -0.3390763887599818, -0.0963535091833306, -0.05178680917082173] - [0.03649137078379487, 0.20155709530281635, -0.11602446309414935, -0.12035559166524426] - [-0.09404594120657128, 0.5605602613810217, -0.21781745952091996, -0.22572013077884068] - [-0.03247532377095049, -0.014480563489349972, -0.01449907142955556, 0.042808692200025235]
B1: 0.016833359216677567 - 0.00021037677857278867 - -0.018950045203707848 - -0.03444538173920664
B2: -0.017473401985479087 - 0.03601062762804387 - -0.012951391836092506 - -0.02911277042377736
