Number: 5889
Error: 1.4635585930002087e-08
A1: [0.08007776790360578, -0.18082212197190511, -0.019941982377053136, 0.11927125485399133] - [0.036381325632132124, 0.1325627552584831, -0.13575802788150515, -0.03731934071966431] - [-0.0019569548926677183, 0.22793602758652395, -0.12308182937179221, -0.10391282539474206] - [0.03920955234551236, -0.11413584035159738, -0.04606997429513334, 0.12238050799097512]
A2: [0.035348299712635804, -0.029232557838161435, -0.07565839935296866, 0.06970629728558138] - [0.10332596022460855, 0.2833317112464816, -0.3921889029429197, 0.007268713652619705] - [-0.009604109738423619, 0.5406063956837758, -0.3579523461826447, -0.1667075596364391] - [0.09850428676029059, 0.018107435677029847, -0.1682401788959476, 0.05419861940592662]
B1: 0.00010597366836852812 - -0.00031846169491097433 - 8.512732500526492e-05 - 9.077605778585646e-05
B2: -0.0005156012949996306 - -0.000136718046277157 - 0.00047498264287132935 - -0.0001077126337092469
