Number: 2267
Error: 0.0003319197937200921
A1: [0.034203480218000945, -0.0695919655434299, -0.04533545032575814, -0.015704543521875444] - [0.032667414056943615, 0.17286027814952717, -0.17021115322669667, -0.11924008797918148] - [-0.1439104258972811, 0.40958373266467035, -0.10714229907232808, -0.18628593726352957] - [0.01907501427376844, 0.015894442529443283, -0.03127772522393174, -0.030594708819536756]
A2: [-0.030452474821757378, -0.2757798689687416, -0.002808638631216928, -0.07108650395392502] - [-0.01931275339837303, 0.15297630129915502, -0.14818086820160023, -0.17625751489532532] - [-0.11749871333402924, 0.507015773008072, -0.2408709090556598, -0.2168889987499352] - [0.07814489360098262, 0.13884910006415252, 0.059213296521063705, 0.16464469527571693]
B1: -0.022153559359850535 - -0.010286130211607698 - 0.03988231034842086 - 0.043687687299914554
B2: 0.00835715355151501 - -0.006328568417373592 - 0.019488918380966495 - 0.010929985747675317
