Number: 2612
Error: 2.6682984990062573e-08
A1: [0.06280643542733451, -0.048493832333544325, -0.024063398911076308, 0.007234807207573294] - [0.043626741094205196, 0.19123672885238213, -0.1426004176107891, -0.09255079359630912] - [-0.12405825486668313, 0.4142587891939896, -0.10546513288221603, -0.18767628088219793] - [0.036110075265378884, 0.018278149779155418, -0.03402019985895542, -0.023934335011290872]
A2: [0.06318819056683239, -0.17394202187663688, 0.08607728657817547, 0.023709175679394165] - [0.02927756445470877, 0.20028624792590316, -0.10172271713819621, -0.12788540274954047] - [-0.093049803571904, 0.5140352624541348, -0.22524692377957892, -0.19474971327685286] - [-0.025493562507636448, 0.018955584027894937, -0.049858131449127735, 0.05739698145788451]
B1: -7.694012987881859e-05 - 0.0002375049063517644 - 2.881181330584042e-05 - -0.00022760037906614306
B2: -0.00012177921030817039 - -9.079955187111547e-05 - -0.00019275897347834146 - -7.092496008497678e-05
