Number: 6407
Error: 7.761901158968875e-16
A1: [0.08043169692970867, -0.1804677985068109, -0.019588844742855833, 0.11962498398189333] - [0.037415593109027874, 0.13359639928030903, -0.13472617310916088, -0.03628581198939837] - [-0.0017028079260783477, 0.2281901275932474, -0.12282837157472752, -0.10365889914071189] - [0.03886322839086908, -0.11448102457372732, -0.04641644743018239, 0.12203422191843491]
A2: [0.03530740937847859, -0.02927350957294063, -0.07569738197636189, 0.06966337249166524] - [0.10289376214114944, 0.282896712832938, -0.39260638515731433, 0.006816008015114775] - [-0.011187073477407721, 0.5390146173588547, -0.3594509903972685, -0.16837643662687798] - [0.09786281547321546, 0.01746333263394644, -0.1688509952212701, 0.05352489524667103]
B1: -8.265223116897376e-09 - 8.046928194946126e-09 - 1.1486593206483594e-08 - 2.3581371284686903e-09
B2: 5.6890909485982495e-09 - 5.3711928789770865e-09 - 2.031526737761795e-09 - -2.776363985778732e-09
