Number: 6316
Error: 8.556023420148179e-16
A1: [0.08043167414435927, -0.18046782128957675, -0.019588867500959235, 0.11962496119914826] - [0.037415582190374726, 0.13359638836992305, -0.1347261840060571, -0.036285822902000706] - [-0.0017028075633441935, 0.228190127955975, -0.1228283712125258, -0.10365889877807327] - [0.038863240974899384, -0.11448101202501118, -0.04641643485417213, 0.1220342344946456]
A2: [0.03530739457475279, -0.02927352441761467, -0.0756973960515431, 0.06966335699794786] - [0.10289380658071792, 0.28289675764967287, -0.39260634217595514, 0.006816054549852193] - [-0.011187135399690209, 0.539014555067229, -0.35945104900802327, -0.16837650187659056] - [0.09786283548776376, 0.017463352739534335, -0.16885097616872338, 0.05352491625544076]
B1: 1.5264844796294646e-08 - 6.412851218882362e-09 - 4.0008765224595755e-08 - 3.6813742387128006e-09
B2: 7.339544918042618e-09 - 7.933211074299636e-09 - 3.028075219577701e-08 - 1.963138057030265e-08
