Number: 2092
Error: 0.000810027989168475
A1: [-0.06059604301294417, -0.10814440359030894, -0.08750730723685224, -0.09350475312611971] - [0.051782684673725425, 0.18079685598796738, -0.1569221210454425, -0.1200340511293577] - [-0.089882586923433, 0.4788316713055487, -0.04796461336523912, -0.17389751190923936] - [0.04296319498837206, 0.06543936392366789, -0.024653721899671223, 0.02626866021846941]
A2: [0.09609759008999189, -0.2288188901780615, 0.0487104434564144, 0.041792588026387176] - [0.02748513189558074, 0.19324778569990514, -0.1288929935245508, -0.13289250719436224] - [-0.012435414981567758, 0.6080424687151391, -0.15349732917774886, -0.1454520279258656] - [-0.08613190838290061, -0.10938175703381964, -0.11343066535219783, 0.0011617265508275937]
B1: 0.013508879491084206 - -0.02002135054564013 - 0.047167183685987324 - -0.017860357573271257
B2: -0.055144141840840454 - 0.014178252587693495 - -0.014301620760379382 - -0.0013879875351820135
