Number: 1070
Error: 2.1230160908967196e-05
A1: [0.008468743228024093, 0.00038971899227995964, 0.018774529891312224, 0.034545218331524775] - [0.07902856837873531, 0.20144194297738985, -0.1346586553564007, -0.09640893628457217] - [-0.10396443799931038, 0.4482913069321183, -0.06791340518921271, -0.25173517282807517] - [-0.040854894026286497, -0.0009343389178657234, -0.0424265837192674, 0.02221002445370359]
A2: [0.12195929849030865, -0.2334494242186553, 0.011727375932663275, 0.06268754844986865] - [0.015786125777603455, 0.18732414305090747, -0.13124072476782242, -0.13830696156164313] - [-0.06923086857382926, 0.5810736457871428, -0.2054029814216151, -0.20549037678583362] - [-0.0016266255970670308, -0.0006826099551367447, 0.027411735649217294, 0.0505738683667274]
B1: -0.010441522770718768 - 0.008464879582524443 - 0.010684414742198644 - -0.006588457432012323
B2: 0.003617267963948378 - 0.009226795623753887 - 0.0014920123156261294 - -0.004522018388728172
