Number: 9276
Error: 3.1012124874681784e-09
A1: [0.053442390254399216, -0.14773134627495804, -0.02672946830264854, 0.12209780662291697] - [0.005428975346343276, 0.13095208939383546, -0.11348552768120032, -0.022434333945103135] - [-0.01409409510996667, 0.22344213727041295, -0.1266910263172941, -0.08125540861941645] - [0.02729216508815644, -0.09987434170325248, -0.049278428534241275, 0.12244427728202571]
A2: [0.08916959694211785, -0.0729978877125456, -0.1237104092923064, 0.10720053935606831] - [0.10879675601639004, 0.2497692598515591, -0.4048894227521186, 0.04614381693845684] - [0.03679160876164772, 0.4627100635263316, -0.3775655632278273, -0.12131595282393448] - [0.14360996378975166, -0.044423755493133994, -0.20132030307695675, 0.1028660740366069]
B1: -7.239254726173989e-05 - -4.910055303911546e-05 - 2.7631012211389472e-05 - 1.8753408956345948e-06
B2: 1.318077838397555e-05 - 9.927693832053821e-05 - -1.738981845666213e-05 - -4.918394611818085e-06
