Number: 9237
Error: 2.4918747324475533e-08
A1: [0.05368935432874956, -0.14748545988755532, -0.02648354709149924, 0.12234517974491511] - [0.005605891671060939, 0.1311293923297657, -0.11330817990369241, -0.022256483915882672] - [-0.014043680920650222, 0.22349239275801064, -0.12664067441408394, -0.08120439562142788] - [0.027912949258363823, -0.09925503967158893, -0.0486575281231848, 0.12306716401365868]
A2: [0.08933360424398007, -0.07283269335313707, -0.12354896662411895, 0.10736657461707823] - [0.10940421400061887, 0.2503761203767065, -0.4042942763476678, 0.04676175307213754] - [0.0370093897128209, 0.4629261762894833, -0.3773530597506682, -0.12109535093642693] - [0.14298128214700925, -0.04504881912341009, -0.20193311632670705, 0.10222801505725738]
B1: 5.48716447151119e-05 - 2.9054360272156194e-05 - -0.0002458703382064617 - 1.5308063924111145e-05
B2: -0.0001078334783752935 - 0.00023861977083323245 - -0.00022920345021020173 - -0.0003281248395281887
