Number: 783
Error: 1.4277615835814936e-12
A1: [-0.012152893232412205, -0.014516655927498422, 0.018087836714016467, 0.00858363229773202] - [0.0658358671457762, 0.18949586859052286, -0.1453219171115211, -0.1100078573916136] - [-0.0962959724573304, 0.4217832886274966, -0.05346047839542246, -0.272039111023778] - [-0.0013157928212310197, -0.018213755930635404, -0.0038290353588918157, 0.023383340407990814]
A2: [0.1615873998888074, -0.16775410697594526, 0.008501999276200534, -0.002332407480487205] - [0.035485832644330674, 0.20751682913842676, -0.11721031555468409, -0.12579192280517212] - [-0.08621328637525692, 0.5815383747829564, -0.2353884752928158, -0.2599353162874098] - [-0.0038342563009749115, -0.004518590629117405, 0.001110960592234751, 0.007244073004616673]
B1: -1.1346606333001623e-07 - 7.191752572327888e-07 - -8.71393848817163e-08 - -5.337117870584339e-08
B2: -3.341131589723843e-07 - -1.1019694277608962e-06 - -2.4431609304964046e-06 - 3.536958058315874e-06
