Number: 4772
Error: 6.480193861925137e-16
A1: [0.06621325274719421, -0.1139520102320348, -0.023983879270484593, 0.07172293909575965] - [0.03740267727626584, 0.18819343168036018, -0.1474088827335391, -0.07818694612654567] - [-0.06022943596737183, 0.3289507380411695, -0.12775317293908328, -0.14096838512438786] - [0.03904609331603924, -0.05332274854227871, -0.037418654073001684, 0.05169505725474394]
A2: [-0.00910859520331527, -0.34680320606712156, 0.24945507075237183, 0.10645665953217062] - [0.08003985971369754, 0.03628229354364589, -0.050250075157809326, -0.06607192207797323] - [-0.04245278902679654, 0.23083192467369268, -0.04053121293368312, -0.14784780531710479] - [0.0681348094313189, -0.29346781846446546, 0.14177127389732275, 0.08356189482104878]
B1: 2.3502397997257948e-08 - 3.1154915887473655e-08 - 1.5316756262550838e-08 - 1.9710005515354774e-08
B2: 1.1026058474267693e-08 - 3.74491845766165e-08 - 1.5856548100954422e-08 - 3.0420511015898376e-08
