Number: 2447
Error: 3.5571973166995302e-06
A1: [0.06253474215080165, -0.04884455355742549, -0.02424441812619583, 0.007023627378261204] - [0.04681204716498782, 0.19429330870095912, -0.1393817955908361, -0.08909385439049151] - [-0.13193097607853532, 0.4064330936008107, -0.11345124334008506, -0.1956825960751775] - [0.03643346627490736, 0.01867780971023468, -0.033674733688775715, -0.023651430138024825]
A2: [0.05890466372097726, -0.17828036571058165, 0.0818967206960155, 0.019541107838521626] - [0.025497358498880244, 0.19654143971798996, -0.10550883661296498, -0.1316128286358851] - [-0.09500249048407032, 0.5123043307693452, -0.2269107141104539, -0.19643553303145375] - [-0.030802851973035318, 0.013790486266068238, -0.05488173745387153, 0.05242794181770023]
B1: 0.002576274255653453 - 5.9905286789597295e-05 - 0.002590693844257982 - 0.003160688800806466
B2: -0.0005114472250197883 - 0.0011007366783157885 - 0.003086640641654151 - 0.0017937910641974714
