Number: 3368
Error: 1.554992877832432e-07
A1: [0.06607021477288406, -0.11409418906213838, -0.024131846338945634, 0.07157724380783587] - [0.04042145318013842, 0.19107369974082308, -0.14444546118068807, -0.07522288427703067] - [-0.06287220802457556, 0.3264458521735718, -0.13031159599496092, -0.14352386480433704] - [0.0378786538146534, -0.05443649664495014, -0.038552218120541354, 0.05056811495521857]
A2: [-0.008828850758347145, -0.3465078345619714, 0.24979976355555625, 0.10674923780996592] - [0.08092460233060178, 0.0372371331173196, -0.049288716620535265, -0.06510020468074898] - [-0.040951390888349024, 0.23248807932146134, -0.03891259022939275, -0.14619717136988533] - [0.07008102048617994, -0.29132206194833343, 0.14391278836009352, 0.08574244987917076]
B1: 0.0006285847203306502 - 0.0001299994112632343 - -5.4656256936556e-05 - -2.283789076882331e-05
B2: -0.00018692083605644825 - -0.0001056380435457812 - 0.0010844775179760205 - 3.1722484488204254e-05
