Number: 6400
Error: 7.93167652097022e-16
A1: [0.08043169610491802, -0.1804677993315081, -0.019588845566660226, 0.11962498315719693] - [0.03741558820387897, 0.13359639437887272, -0.134726178004536, -0.03628581689183004] - [-0.0017028055621270645, 0.22819012995714827, -0.12282836921423744, -0.10365889677739148] - [0.038863228474793614, -0.1144810244900383, -0.04641644734631133, 0.12203422200230729]
A2: [0.03530741393830069, -0.029273505000506666, -0.07569737764094325, 0.06966337726401582] - [0.1028937609643104, 0.282896711646111, -0.39260638629553746, 0.006816006782791971] - [-0.011187067455371638, 0.53901462341681, -0.3594509846972832, -0.16837643028124508] - [0.0978628154093724, 0.01746333256981302, -0.16885099528204453, 0.0535248951796566]
B1: -9.370023175635185e-09 - 8.634559795036329e-09 - 9.758348579733526e-09 - 3.1063882442069046e-09
B2: 4.796919449802339e-09 - 8.295474118816162e-09 - -8.998452101581488e-10 - -9.90095828755453e-10
