Number: 5769
Error: 0.00038241019958972975
A1: [0.08044227750448157, -0.18553903329241764, -0.02320877286943091, 0.11705620369811277] - [0.012561610469190382, 0.09799307284590844, -0.16736500883028274, -0.06663090484267056] - [0.025343587838083236, 0.2603510076965075, -0.09392541238435678, -0.07528852037441722] - [0.11778125984508912, -0.02900022658385723, 0.03724924531050714, 0.20405643975937668]
A2: [0.0834809339887159, 0.016460457775013582, -0.02310952417894266, 0.12726503226659186] - [0.06872519499618542, 0.250522638668903, -0.4303315810099687, -0.03527043283536676] - [-0.017053039491811806, 0.5348944273639091, -0.36450513142057783, -0.17883447735720495] - [0.10391053473776482, 0.024101402298686105, -0.16102651812390928, 0.05863079777834693]
B1: 0.0029951010465449597 - -0.01641062655847075 - -0.017591361231090917 - -0.012007342325913821
B2: -0.012350204778899358 - -0.027423514709275475 - 0.026359949941185797 - 0.02267453680698924
