Number: 3351
Error: 1.3986659493849202e-06
A1: [0.06451173548938105, -0.11562802112759463, -0.025710621389643497, 0.07000510713155793] - [0.03586548166200186, 0.18670936092977908, -0.1489355401473188, -0.0797112732749854] - [-0.05105592949589936, 0.3378683595350335, -0.11865562395779089, -0.1319470487227155] - [0.04036180499380431, -0.05209026114243919, -0.03616211911724526, 0.05294017411568425]
A2: [-0.0069758400620601735, -0.3445403917134012, 0.25172063607681583, 0.10870318781723884] - [0.0798336723904256, 0.036066578470881426, -0.05051167667028969, -0.06630372763386833] - [-0.044264189092327176, 0.22881460852563243, -0.042493990293611714, -0.14987722480474366] - [0.06706762778760503, -0.2946508571569818, 0.14062702003139008, 0.08235421171674465]
B1: -0.001003181157527436 - 0.0005832301086649365 - -0.00015437057529989304 - -0.00033211029874697653
B2: -0.0002822733321407811 - 0.0022213924207667717 - -0.0026228726295907307 - 0.0008273863095672118
