Number: 6191
Error: 8.227638716234125e-16
A1: [0.08043163272638527, -0.18046786270285908, -0.019588908869409342, 0.1196249197859054] - [0.037415537313433125, 0.13359634352694758, -0.13472622879358093, -0.03628586775408257] - [-0.0017028173512992494, 0.22819011816823023, -0.12282838098614934, -0.10365890856341503] - [0.03886322535449045, -0.11448102760158149, -0.0464164504646274, 0.12203421888394603]
A2: [0.03530742633656973, -0.029273492567947427, -0.07569736585282656, 0.0696633902401534] - [0.10289372191144878, 0.2828966722618016, -0.3926064240669462, 0.006815965888721305] - [-0.011187066085741276, 0.539014624794612, -0.3594509834009031, -0.16837642883801862] - [0.097862790516799, 0.017463307564010322, -0.16885101897814944, 0.05352486905054182]
B1: -2.0061699200664095e-08 - -5.515975405707257e-09 - -1.296800458110328e-08 - -6.693357880542737e-09
B2: -2.6187659164111412e-08 - -3.383517318910292e-08 - 1.4953534979359174e-08 - 3.3422970922375872e-09
