Number: 74
Error: 0.00029727457614682446
A1: [0.02850087343906821, 0.02889036575833506, 0.06404274586915212, 0.050807024454180824] - [0.10589679930773618, 0.23248361531341302, -0.1079584813946763, -0.07763068498853341] - [-0.06870599854921396, 0.45286431784186376, -0.02324656870258088, -0.2420183078374191] - [0.0297596085136954, 0.017183318664185245, 0.029488603319030356, 0.05515122127194146]
A2: [0.27906808857367715, -0.05357414154372679, 0.12284096951780087, 0.1112462981572957] - [0.09028316654308963, 0.25836500254076245, -0.06741768563971914, -0.07644159968468138] - [0.04690271402003318, 0.713249880832161, -0.10612136731304606, -0.13062562499593577] - [0.2800939454439771, 0.27826492550702314, 0.2831570528957178, 0.27940253413063987]
B1: 0.02558925467403495 - 0.3818638988580976 - -0.0033984070435784802 - -0.02915931520775529
B2: 0.0007613537270010646 - 0.3734141713243413 - 0.0003633447166581597 - 0.006625300175863595
