Number: 5349
Error: 1.0545048846955204e-15
A1: [0.06621313202988456, -0.11395212825170274, -0.02398399989302852, 0.07172281858106912] - [0.03740253641764082, 0.18819329709956253, -0.14740902120829108, -0.07818708461355092] - [-0.06022953476268597, 0.3289506431531786, -0.12775326961460295, -0.14096848127990058] - [0.03904597107749667, -0.05332286456656584, -0.037418772334715376, 0.05169493995320894]
A2: [-0.009108244365094373, -0.3468028338836096, 0.24945542442882654, 0.10645702736607032] - [0.08003975874564384, 0.03628218477228373, -0.05025018550989227, -0.0660720333671224] - [-0.0424527881684721, 0.23083192562089336, -0.04053121201396249, -0.1478478043678937] - [0.06813480437745191, -0.293467824029081, 0.14177126841824908, 0.08356188915470485]
B1: 1.550321719112182e-08 - 6.387175600133467e-08 - -2.9442323222511257e-08 - -4.0613856400394866e-08
B2: 3.066178393972094e-09 - 7.174640356918294e-09 - 9.911054440026756e-08 - -1.0242881481917665e-07
