Number: 857
Error: 4.905293504490192e-10
A1: [-0.012068454545301723, -0.014429932195579254, 0.018181164295269826, 0.008673862343646945] - [0.06584773682529678, 0.18950728685322663, -0.1453096446575935, -0.10999464162252792] - [-0.09627188276845779, 0.4218065691658912, -0.05343433883779524, -0.2720110468722226] - [-0.001318912260400894, -0.01821675574992313, -0.0038323565361359497, 0.02337973498870831]
A2: [0.1615987795614929, -0.1677429409303443, 0.008513148700677648, -0.0023213119597670574] - [0.035493115303286735, 0.20752399443801212, -0.1172030635608578, -0.12578479845779245] - [-0.08620988842925632, 0.5815417012761243, -0.23538517081701216, -0.25993200201528865] - [-0.0038292531096046187, -0.004513671116647458, 0.0011159118744072654, 0.007248860004274538]
B1: -1.6736715696459688e-05 - -1.859729079847699e-05 - -1.3083588903080711e-05 - -6.773830755337661e-06
B2: -6.103902851145285e-05 - -1.36731219512134e-06 - -2.7427237914238298e-05 - -8.529361180818796e-06
