Number: 5771
Error: 0.00015645319210795864
A1: [0.09539986000313658, -0.16959490239279512, -0.007726007365042198, 0.13239148691471067] - [0.03933084246315124, 0.12673857816786543, -0.13957178721605146, -0.03912590744429967] - [0.024697463483647708, 0.25868973531820566, -0.09500247598570094, -0.07624456057268533] - [0.10477459508614188, -0.04302579206278357, 0.02365135229204767, 0.19067525474264607]
A2: [0.07417045911276354, 0.007452358432106131, -0.03307584239759416, 0.11671438352823466] - [0.07493118209345802, 0.2563567399434621, -0.423468063629905, -0.02762332651376558] - [-0.007942602247664729, 0.5439668586298152, -0.3560985473119047, -0.16885157260523562] - [0.10833824009977137, 0.028563893441133123, -0.15724784905652608, 0.06335445128277975]
B1: 0.015830890108021495 - -0.011070665262824023 - -0.008120512066570693 - -0.001999814829019719
B2: -0.01951960026105006 - -0.026171894965807834 - 0.0068882861414338095 - -0.005793354997555527
