Number: 1574
Error: 4.34954852594432e-08
A1: [-0.006886483396327278, -0.014689555655896604, 0.0033101999725023297, 0.019763391711545255] - [0.06648949321415705, 0.18955986179851006, -0.14708370067381496, -0.11023751783217992] - [-0.11117660569525446, 0.44316627597524444, -0.06932174047311428, -0.2565742785739527] - [-0.022257822815226952, 0.01643496178339189, -0.028801469162520327, 0.04008511926417058]
A2: [0.13179507940547044, -0.22442376593269345, 0.022871600189218227, 0.07036332505991261] - [0.03265189939594905, 0.20375473547289133, -0.11488249912571943, -0.12145186999183478] - [-0.09420451165907866, 0.5559513399898546, -0.23479096577492561, -0.22522419994807966] - [-0.020811842990516173, -0.019261470510842073, 0.00813221994716067, 0.03219448286664295]
B1: -9.401562442735086e-05 - -0.00014273954081148204 - 1.3974585253820618e-05 - -9.714194849085188e-05
B2: -0.00040846076536968476 - -3.3907771014870885e-05 - 0.0005835759910903562 - -5.400952140719394e-05
