Number: 6492
Error: 9.998323447519913e-16
A1: [0.08043168988703496, -0.18046780554868713, -0.019588851777108635, 0.11962497694002386] - [0.037415592416812166, 0.13359639858861724, -0.13472617379999732, -0.03628581268123073] - [-0.0017028153463949217, 0.2281901201730891, -0.12282837898417952, -0.10365890655904815] - [0.03886323361012393, -0.11448101936911978, -0.046416442214253416, 0.12203422713444594]
A2: [0.03530744681210402, -0.02927347203577803, -0.07569734638496547, 0.06966341167003207] - [0.10289373507870928, 0.2828966855408149, -0.3926064113317478, 0.006815979676777773] - [-0.011187090560329687, 0.5390146001740389, -0.3594510065666179, -0.1683764546277578] - [0.09786280400887476, 0.017463321117458037, -0.1688510061345761, 0.053524883212840595]
B1: -5.075731775924584e-09 - -1.119674379049472e-09 - -3.629044626312328e-09 - -7.478131586367664e-10
B2: -2.363125850556087e-09 - -3.7313358760436955e-09 - -1.4461046938102654e-11 - -4.120597598062512e-09
