Number: 4274
Error: 1.0666836165983655e-15
A1: [0.06621322885939011, -0.11395203358602285, -0.023983903139510505, 0.07172291524808921] - [0.03740260638309058, 0.1881933639467208, -0.1474089524269692, -0.07818701582612032] - [-0.06022929441192834, 0.32895087399742867, -0.1277530344212376, -0.14096824735175223] - [0.039046101261703624, -0.05332274100057909, -0.03741864638586273, 0.05169506487950513]
A2: [-0.009108454788517503, -0.34680305710900633, 0.24945521230340287, 0.10645680674943926] - [0.08003981834957657, 0.03628224898262767, -0.05025012036649459, -0.06607196767049862] - [-0.04245284517631168, 0.2308318627036232, -0.04053127310583748, -0.1478478674163523] - [0.06813475784448536, -0.2934678752637106, 0.14177121797250555, 0.08356183698276687]
B1: -3.3776611551397985e-08 - 1.4811928033481383e-08 - 1.3608204121002646e-08 - 1.2899015607506873e-08
B2: 2.6092794115145376e-08 - -4.044271621451347e-09 - 1.8331293878225754e-08 - -3.3025648207736724e-08
