Number: 9914
Error: 1.431431776472215e-15
A1: [0.05317253365883704, -0.14800128746326827, -0.0269990637839655, 0.121827805492692] - [0.005313763357114767, 0.13083673785441222, -0.11360070023870526, -0.022549719774591744] - [-0.01444447343872417, 0.22309162396855883, -0.12704117646145127, -0.08160592985997417] - [0.027146567929454947, -0.10001993020475072, -0.04942440033847014, 0.12229822851143489]
A2: [0.08925459959748645, -0.07291323233245589, -0.1236272856196715, 0.10728652307218399] - [0.10884181614913524, 0.2498142684768466, -0.40484520391324474, 0.046189568907979005] - [0.03663605234241273, 0.4625552392039708, -0.3777173325829004, -0.12147314584986654] - [0.14342666234912968, -0.04460639502654397, -0.2014993117344025, 0.10268009504253028]
B1: 3.9393232651748974e-08 - -1.4876596057667613e-09 - -3.1302408365256524e-08 - -3.2905322040235355e-08
B2: -2.449109833578083e-09 - -1.205369048852488e-08 - 4.191065886204915e-09 - 5.442367213143763e-08
