Number: 5063
Error: 9.75325532692134e-16
A1: [0.0662132862320332, -0.1139519774954244, -0.02398384581189685, 0.07172297252443745] - [0.03740265127578636, 0.18819340683868596, -0.14740890829398337, -0.07818697168925157] - [-0.060229321842262644, 0.32895084765209864, -0.12775306126293956, -0.14096827404888115] - [0.0390461759881883, -0.05332267007287959, -0.037418574090342674, 0.05169513658796829]
A2: [-0.00910868869886181, -0.34680330525098924, 0.24945497650040477, 0.10645656150750053] - [0.08003984685489712, 0.036282279691053264, -0.05025008921170792, -0.06607193625122124] - [-0.04245279433282045, 0.23083191881763815, -0.040531218619825574, -0.14784781118539594] - [0.0681347768165615, -0.29346785437464296, 0.14177123853984247, 0.08356185825397178]
B1: -2.4796297966217125e-08 - 6.532494215436683e-09 - 7.45391002354943e-09 - 6.211328117930459e-09
B2: 4.8835126315849647e-08 - -1.9648877425308885e-08 - -4.8361396993885973e-08 - 8.627556960863922e-09
