Number: 4370
Error: 1.2086479580405675e-15
A1: [0.0662130439792344, -0.11395221433475244, -0.023984087874602083, 0.07172273067819815] - [0.037402657055353804, 0.18819341236062884, -0.14740890261224704, -0.07818696600700696] - [-0.06022945353005092, 0.3289507211731861, -0.12775319012488667, -0.14096840221792145] - [0.03904611299396396, -0.05332272986470712, -0.037418635035251134, 0.051695076137966006]
A2: [-0.009108474271955144, -0.34680307777788477, 0.2494551926622977, 0.10645678632211068] - [0.08003985795907556, 0.03628229165341138, -0.05025007707556029, -0.06607192401195494] - [-0.04245270518879969, 0.2308320172024798, -0.04053112308970815, -0.14784771259545412] - [0.06813463474193461, -0.2934680108049015, 0.1417710845175255, 0.08356169896218607]
B1: -4.698617378507205e-08 - 2.1533998686808273e-08 - 3.048333983080233e-08 - -5.792270835566605e-08
B2: 2.199129933325487e-08 - 5.1213313550452554e-08 - -1.5952545089635916e-08 - -9.659223193647556e-08
