Number: 6741
Error: 9.210117240276532e-16
A1: [0.08043163657341014, -0.1804678588562737, -0.01958890502698647, 0.11962492363248788] - [0.03741555454524511, 0.13359636074571465, -0.13472621159610504, -0.03628585053181967] - [-0.0017028530944964363, 0.2281900824257904, -0.12282841667701086, -0.1036589442970748] - [0.038863195789693404, -0.11448105708340997, -0.046416480010585286, 0.1220341893375207]
A2: [0.03530741679015212, -0.029273502140766735, -0.07569737492944699, 0.06966338024879558] - [0.10289375018392753, 0.2828967007742335, -0.39260639672218106, 0.0068159954941529296] - [-0.011187150628663302, 0.5390145397474193, -0.359451063422581, -0.16837651792388178] - [0.097862774025559, 0.017463290997757286, -0.16885103467674462, 0.05352485174011167]
B1: -1.3399977574980278e-08 - -1.0757399179385413e-09 - -2.218529104931381e-08 - -1.7284885695876935e-08
B2: -2.1001705510355774e-08 - -1.114680434181801e-08 - -1.1749417735344944e-08 - -1.0928723527942198e-08
