Number: 3266
Error: 0.00016520678872741882
A1: [-0.019778660762798553, -0.1999376184960366, -0.11649696741300437, -0.019548752198581584] - [0.03674821999050949, 0.1822506447194916, -0.14632386669715702, -0.07701377687240635] - [-0.03321705428257712, 0.3619064200878967, -0.09387200730181877, -0.1075591690981124] - [0.013905410698859056, -0.0721311994771339, -0.06187752618201271, 0.027954788007116742]
A2: [0.02068483482295573, -0.3236732907588059, 0.2844179929678146, 0.13759049988432315] - [0.0722335109748263, 0.03456050923808434, -0.0631743147646947, -0.07880353259055929] - [-0.11035882049305129, 0.13802612891890184, -0.1330190846344803, -0.23569593266651684] - [0.003929081110990464, -0.378805990289351, 0.05345818857299571, -0.00015289460612484367]
B1: -0.01162573670673474 - -0.020881187847006842 - 0.01254180158291164 - 0.011031838115048199
B2: 0.012775802600257694 - -0.029146069877586618 - 0.005416680844668777 - 0.016721714491920912
