Number: 8723
Error: 4.506281113772826e-12
A1: [0.08043183144278136, -0.18046766400343991, -0.0195887103882775, 0.11962511848036558] - [0.037414363068171065, 0.1335951701745219, -0.1347274006974503, -0.03628704134831487] - [-0.0017019197010408847, 0.22819101580114137, -0.1228274846495755, -0.1036580111526035] - [0.038863821306195166, -0.11448043331897977, -0.04641585489125507, 0.1220348144656791]
A2: [0.03530728066433533, -0.029273638643222796, -0.0756975043566125, 0.06966323777826204] - [0.10289710215335415, 0.2829000811860507, -0.3926031547369278, 0.006819505490154405] - [-0.011185820076606857, 0.5390158782332789, -0.3594498040223209, -0.16837511587868148] - [0.09786310016521821, 0.017463618619437068, -0.16885072421242783, 0.05352519407947234]
B1: 1.0071193077114485e-06 - -5.896508418109188e-07 - 3.747071324844762e-07 - 7.994117361578452e-07
B2: -1.7777420147134161e-06 - -8.98221772674157e-07 - -2.2702661647597197e-06 - -2.033184178402812e-06
