Number: 5885
Error: 5.5519011624814247e-08
A1: [0.08019958492661246, -0.1807005064768879, -0.01982025158484883, 0.11939308877687102] - [0.03646280956222166, 0.13264408527586954, -0.13567665976990986, -0.0372378791721927] - [-0.0020019603069062497, 0.2278909441340031, -0.12312667387182177, -0.10395777703191225] - [0.03924697769314494, -0.11409866338850308, -0.046032489773035645, 0.12241795537811662]
A2: [0.03601869892911597, -0.028560570655642922, -0.07502096974343639, 0.07040820341332242] - [0.10394184081385759, 0.2839523606236422, -0.3915934147738686, 0.007913827015727503] - [-0.008830183511058944, 0.5413847174158599, -0.35721965277983725, -0.16589169242009652] - [0.09917200447318424, 0.018777960304406278, -0.16760448407114395, 0.054899775972596876]
B1: 7.537060622296902e-07 - -0.0005865078949823241 - 0.00018455979961732428 - 5.087640890484455e-05
B2: -0.0003178887579039144 - 9.390985249014443e-05 - 0.0006812511358133069 - 3.7615827503765555e-05
