Number: 7845
Error: 9.240190369945267e-16
A1: [0.08043164284904968, -0.18046785258135445, -0.01958889875884672, 0.11962492990741273] - [0.03741558912355068, 0.1335963952978437, -0.13472617708668336, -0.03628581597266523] - [-0.0017028379048622882, 0.2281900976150964, -0.12282840150961227, -0.10365892911148905] - [0.03886317976244224, -0.11448107306569688, -0.04641649602762315, 0.1220341733202289]
A2: [0.035307322446371255, -0.029273596745458912, -0.0756974646304525, 0.0696632815079401] - [0.102893734201449, 0.2828966846561327, -0.3926064121802148, 0.006815978758176011] - [-0.01118703968544556, 0.5390146513523514, -0.35945095841233277, -0.1683764010192245] - [0.09786279069179868, 0.017463307739816133, -0.168851018811577, 0.053524869234257096]
B1: -1.9768318561547294e-09 - -8.005984379232968e-09 - 1.8367571999526828e-08 - 6.348536175128874e-09
B2: -1.1875842511753043e-08 - 4.840345556205897e-08 - -1.5769767943274355e-09 - -1.1758488990156308e-08
