Number: 748
Error: 1.8440138391402093e-14
A1: [-0.012152720506404572, -0.01451647851934577, 0.01808802763043295, 0.008583816876130874] - [0.0658353570292422, 0.18949537787984258, -0.14532244452773052, -0.11000842535546373] - [-0.09629166404688409, 0.42178745263857964, -0.05345580325116522, -0.272034091519211] - [-0.0013233987558509302, -0.01822107069439943, -0.0038371316294974174, 0.02337454923329996]
A2: [0.16158672293435514, -0.16775477118274426, 0.008501335971305863, -0.0023330674196044804] - [0.03548582412562527, 0.20751682075650368, -0.11721032403778284, -0.1257919311385062] - [-0.08621347990257658, 0.5815381852251613, -0.23538866360324792, -0.2599355050022749] - [-0.003835155243690186, -0.004519474627255815, 0.0011100708585080167, 0.007243212954187159]
B1: 1.3174306130248296e-07 - 2.3104593331607337e-07 - 1.1102768280103986e-07 - 3.0052834770074265e-08
B2: -4.569576270465314e-10 - 2.8317784981262467e-07 - 5.9466344364917075e-08 - 2.3372579062859002e-07
