Number: 7283
Error: 9.05997874544489e-16
A1: [0.08043168036809031, -0.18046781506655313, -0.019588861284668184, 0.1196249674221671] - [0.03741558332413902, 0.13359638950282932, -0.13472618287454732, -0.03628582176886544] - [-0.001702825633487386, 0.22819010988621607, -0.12282838925620404, -0.10365891684339086] - [0.03886322629947201, -0.11448102665925568, -0.046416449520249314, 0.12203421982833558]
A2: [0.0353074501627915, -0.029273468675822603, -0.07569734319917454, 0.06966341517687985] - [0.10289373889507386, 0.28289668938957524, -0.3926064076406071, 0.00681598367308078] - [-0.011187089192112655, 0.5390146015504024, -0.3594510052715526, -0.16837645318604827] - [0.09786281071720107, 0.017463327856296097, -0.16885099974868292, 0.05352489025439379]
B1: -6.873925796564094e-09 - -1.0518428477158638e-08 - -6.779066775995096e-09 - -3.887802426255923e-09
B2: -8.21508286861375e-09 - -8.42691353013788e-09 - -7.742058407721198e-09 - -7.721487990340198e-09
