Number: 3331
Error: 1.4072390857299921e-06
A1: [0.06852724635069239, -0.11172283566884997, -0.021795082469690107, 0.07395313907006262] - [0.0334676884279739, 0.18440880359792827, -0.1512715965795751, -0.08205273323393689] - [-0.06871637071823379, 0.32094683194357576, -0.13584028206740037, -0.1490675695395793] - [0.03886600314170543, -0.053506255471630446, -0.037629609733288355, 0.05148402174587915]
A2: [-0.013679829559016646, -0.3515980706120065, 0.24505557956375518, 0.10172445850848687] - [0.07907942596461619, 0.0352831688639394, -0.05133318714750355, -0.06712748230255602] - [-0.03842593201145028, 0.23514587941869305, -0.03633926118604325, -0.14347814292064778] - [0.0707520421231726, -0.29065697910994914, 0.1445504923494467, 0.08646221137746338]
B1: -0.001110882638433671 - -0.0017713166529413757 - 0.00109319295052734 - 0.0006507897945706236
B2: 0.0018701771642914155 - 0.0008343994668059691 - -0.0018787116019695583 - -0.001344472351122658
