Number: 4177
Error: 9.840282918437958e-16
A1: [0.0662131872849871, -0.11395207423137715, -0.02398394468129238, 0.07172287374345744] - [0.03740261836022906, 0.18819337539006545, -0.14740894065252344, -0.07818700405063517] - [-0.06022942001557136, 0.3289507533620539, -0.12775315732954762, -0.14096836959900372] - [0.03904609596965631, -0.05332274602360388, -0.03741865150575185, 0.051695059801198075]
A2: [-0.009108318789346105, -0.34680291283512693, 0.24945534940293937, 0.10645694933717594] - [0.08003982241735111, 0.036282253364783516, -0.05025011592064663, -0.06607196318690542] - [-0.04245289195425587, 0.23083181107657988, -0.04053132323493854, -0.14784791915100257] - [0.06813480819397125, -0.2934678198267446, 0.1417712725561836, 0.08356189343385191]
B1: -1.8132009523564537e-08 - -4.6065573334211174e-09 - -3.177542564688768e-08 - 1.0177897248281881e-08
B2: -1.839814362824479e-10 - 8.511285242088578e-09 - -6.102223096815309e-09 - -2.895487014372265e-08
