Number: 2637
Error: 9.789204066929979e-08
A1: [0.06341967427030053, -0.04788552670196373, -0.02345681062150757, 0.00784365535407675] - [0.04425874879111677, 0.19184623118441527, -0.14194977454095373, -0.09185542766863061] - [-0.12334789186763317, 0.41496384246649815, -0.10475307392147643, -0.1869650608016107] - [0.03725196850253216, 0.019419641034946228, -0.03288083392001446, -0.022800056100245023]
A2: [0.06280473193578341, -0.17432218588636456, 0.08569414005117053, 0.02333130315601797] - [0.02913620303053338, 0.20014728729845407, -0.10186366225514204, -0.12802371164859105] - [-0.09423427946866728, 0.5128732363157026, -0.22643429099615411, -0.19589641248142853] - [-0.026821359017351137, 0.017634179411751143, -0.05118744758007859, 0.056105972750707146]
B1: -0.00020568305713966248 - -3.3905793489595354e-05 - -0.0002631395909844756 - -0.0002887407894093012
B2: -2.3561252921004466e-05 - 0.0003867763450490399 - -4.853121450391559e-05 - -0.00013575228835468445
