Number: 180
Error: 9.882929896510048e-06
A1: [0.0078718078976925, 0.005927881249070872, 0.0400572053146477, 0.029873875587940812] - [0.06770975811107825, 0.1913046937750347, -0.14338082038243533, -0.10791096327438214] - [-0.0729182907445489, 0.44445365809930926, -0.02812368189361638, -0.24477005274119257] - [-0.008731049953041402, -0.02549911178996866, -0.011608544314533543, 0.014721963314327298]
A2: [0.1732252136531415, -0.15643264737026708, 0.020009947711429037, 0.008701044335313688] - [0.048896749001485114, 0.22069670912724712, -0.10386047655844456, -0.11271041682739236] - [-0.06737917023687232, 0.5998081686316872, -0.21706897731326705, -0.24189557711810983] - [0.009468558727541782, 0.008520338965735768, 0.01432000114408214, 0.019849010415991308]
B1: 0.0037179451897452922 - -0.0037037483093620045 - 0.0015931893077122164 - 0.0009303543743729512
B2: -0.007740980823873915 - 0.0004593709699970633 - 0.012643843750105663 - -0.0029656188149985415
