Number: 5732
Error: 0.00940613787711014
A1: [-0.009341403524651432, -0.2604944336230641, -0.11394084186964222, 0.030022935367046436] - [-0.06681639560362988, 0.022741031267260375, -0.2513286544824288, -0.14552914028780664] - [-0.07512256273900936, 0.19404140243406465, -0.18999700819112436, -0.1691798797617874] - [0.06425903626288543, -0.042221932307261734, -0.006166911400433683, 0.15966838545948803]
A2: [0.048037613637281894, -0.01266637331949199, -0.018777818877715215, 0.07728785871097164] - [0.1834001075754929, 0.36767691339806685, -0.28422699767844944, 0.08681921264639904] - [0.012694030214564497, 0.5695759436014474, -0.3005515322488516, -0.15775370266715266] - [0.11021086919642349, 0.03539833374599509, -0.11676075333244541, 0.054674688439674116]
B1: -0.21481043337457373 - -0.4175915792609036 - -0.24664316846495532 - -0.25189363326950553
B2: -0.2269114127419899 - -0.20718985394317982 - -0.3178151115687773 - -0.22060299402519462
