Number: 1244
Error: 7.294300436265671e-08
A1: [-0.006272052978991648, -0.014069609560990948, 0.003952604376250929, 0.020395073389209428] - [0.0669164689672586, 0.189971039489393, -0.1466426488585972, -0.10976242559635992] - [-0.11103837722354072, 0.44330232913899614, -0.0691710814712229, -0.25642461609593337] - [-0.02262884541219973, 0.016071632104384823, -0.029173529239630305, 0.03969247910942621]
A2: [0.13118650556713043, -0.22502057753095997, 0.02227329190308867, 0.06976947618526709] - [0.03256242425321388, 0.2036668494106254, -0.11497170992004714, -0.12153933246645347] - [-0.09681189541154792, 0.5533898088586576, -0.2373556437219759, -0.227786483483385] - [-0.022191966542272165, -0.020621425331702133, 0.006764356245006297, 0.03087071451388279]
B1: 8.46662350340409e-05 - -0.0003789890662315591 - 0.00015945618087425415 - 0.0004872729919964523
B2: 2.192234537311491e-05 - 7.606680962225245e-05 - 0.0003108718668072348 - 5.850978297211634e-05
