Number: 2099
Error: 0.001065738220095155
A1: [0.12366210180727497, 0.08379177687234451, 0.07909776380244071, 0.10848070413975963] - [-0.017879731962860138, 0.11425998863988168, -0.22806389553906167, -0.19682187625285721] - [0.00930124932255759, 0.5634779457876719, 0.04396621656601059, -0.06582321142496024] - [0.07504660659347405, 0.0832826797316645, 0.0057969822192394105, 0.057776328282335934]
A2: [0.1840373828165563, -0.1670927075036792, 0.1047939356026886, 0.08743002928209091] - [0.07476335141654887, 0.23784231114454862, -0.08031389079986544, -0.0878725854195024] - [-0.019491265616643674, 0.5649654592015686, -0.18293409725784934, -0.18794225761874475] - [0.05581425398328344, 0.020219475471768975, -0.005352102773080722, 0.10362735323335776]
B1: -0.008619455014652545 - -0.03869843599706492 - -0.02365045087560373 - 0.01735214231649789
B2: -0.0020554793715379417 - 0.0665737372381663 - -0.025377092030506483 - 0.019662683710932022
