Number: 197
Error: 1.4642544115058909e-06
A1: [-0.015208337042641852, -0.017677937104686358, 0.014656924423983909, 0.005311231484883121] - [0.06780512264586917, 0.19138952057761524, -0.1432786645754532, -0.10780872768617708] - [-0.08982860714266269, 0.42810201635401907, -0.046432287253873335, -0.264474007556397] - [0.01850591868798658, 0.0006120360911272647, 0.017201225083943603, 0.04610981821686184]
A2: [0.16166453447554652, -0.16768515334500905, 0.008692584509728799, -0.0024121124065072373] - [0.04591171616717691, 0.2177862904134435, -0.10681362190359933, -0.11558100655930692] - [-0.07803237542726976, 0.5895076433303502, -0.227387864137787, -0.25204771708265794] - [0.004447672370271412, 0.003641323968657796, 0.009373250707120747, 0.015170465416787576]
B1: 0.005045857402188453 - 0.0013138359442764307 - 0.0019566323922598863 - 0.0012969197580331177
B2: 0.008025069809606043 - 0.00453028679676218 - -0.004290930262030249 - 0.0025887305155192176
