Number: 4687
Error: 9.91286510441078e-16
A1: [0.06621315083788169, -0.11395210986402561, -0.02398398109982092, 0.0717228373574819] - [0.03740257618480362, 0.18819333509430847, -0.14740898211420472, -0.07818704551599884] - [-0.060229280851340675, 0.32895088702161596, -0.12775302115165865, -0.14096823415333296] - [0.03904607407692134, -0.05332276680337175, -0.03741867268624787, 0.05169503879265226]
A2: [-0.00910860606870358, -0.3468032175935908, 0.24945505979900412, 0.10645664814036883] - [0.08003992938661933, 0.036282368601301664, -0.0502499990093322, -0.06607184528289775] - [-0.042452819144940285, 0.23083189143349123, -0.04053124520947163, -0.1478478386265744] - [0.06813472190468536, -0.2934679148349579, 0.14177117901005626, 0.08356179668769549]
B1: 7.803788136733978e-09 - 7.232891375315209e-08 - -5.3718517666225385e-09 - -2.1524604905362354e-08
B2: -1.2750307553491643e-08 - -6.3275038078258295e-09 - 7.010086408023922e-08 - -1.911471516256669e-08
