Number: 815
Error: 4.311935926569088e-12
A1: [-0.012157167466964294, -0.01452104600015656, 0.018083112381935537, 0.00857906478260834] - [0.06583591366818906, 0.1894959133468946, -0.14532186901103508, -0.11000780559456481] - [-0.09629258147433396, 0.42178656597595643, -0.05345679879788405, -0.27203516037971864] - [-0.0013214926726254205, -0.018219237588452068, -0.0038351026597077498, 0.02337675236966456]
A2: [0.16158850178563672, -0.1677530258162, 0.008503078948124632, -0.0023313332447659975] - [0.03548698234864303, 0.20751796036969808, -0.11720917066708846, -0.12579079809441324] - [-0.08621062787748006, 0.5815409787842918, -0.23538588849493805, -0.2599327237866438] - [-0.003830819636526809, -0.004515211084737048, 0.0011143620573436615, 0.0072473609911184195]
B1: -4.461099925775281e-07 - 1.889814933703402e-06 - -8.091075000188715e-07 - -1.1713565397754872e-07
B2: 5.5145362498900436e-06 - -6.547963471495073e-07 - 5.735511199287601e-06 - -2.7550463639201933e-06
