Number: 4910
Error: 9.66455601142153e-16
A1: [0.06621312449503375, -0.11395213561818238, -0.02398400742196996, 0.07172281105887172] - [0.03740254845881838, 0.18819330860401143, -0.1474090093709663, -0.07818707277517108] - [-0.06022935642098985, 0.32895081444115637, -0.12775309509962748, -0.14096830770359875] - [0.03904613714402169, -0.053322706942367314, -0.037418611670831804, 0.051695099312620306]
A2: [-0.009108518079075856, -0.3468031242504748, 0.24945514850065245, 0.10645674039268825] - [0.0800398828954231, 0.03628231851699635, -0.05025004982150318, -0.06607189652654029] - [-0.042452805662063546, 0.230831906314028, -0.04053123076063896, -0.1478478237150725] - [0.06813474740103931, -0.2934678867623389, 0.141771206650671, 0.08356182527382601]
B1: -1.420675732749117e-08 - 2.6091940985530408e-08 - -2.3183794141936823e-08 - -3.7572062619986143e-08
B2: -1.40230256100662e-08 - -3.1315715384082774e-08 - -9.774365669303572e-09 - 1.2534662851554552e-08
