Number: 6689
Error: 1.1245521942283251e-15
A1: [0.08043167463562612, -0.18046782079836882, -0.019588867010281164, 0.11962496169035697] - [0.03741556999102364, 0.13359637617980288, -0.13472619618110254, -0.03628583509459715] - [-0.0017028353032733905, 0.22819010021663383, -0.12282839891183682, -0.10365892651059977] - [0.038863213989924504, -0.1144810389342557, -0.046416461821951326, 0.1220342075264402]
A2: [0.035307423871507315, -0.02927349503982538, -0.07569736819658583, 0.06966338766020298] - [0.10289377545141898, 0.28289672625617346, -0.3926063722837957, 0.006816021952912202] - [-0.011187180601342887, 0.5390145095959655, -0.35945109179236656, -0.1683765495071491] - [0.09786276633692556, 0.017463283274150868, -0.16885104199582404, 0.05352484366954744]
B1: -3.210149846253867e-09 - 1.7528143228712385e-08 - -2.7198105763667392e-08 - -1.1576450942526939e-08
B2: -6.9693817964066814e-09 - -5.767728726121357e-09 - 1.395250096129189e-10 - -1.1935358459275583e-08
