Number: 325
Error: 5.388350134203285e-09
A1: [-0.012554451291038014, -0.014929099909374955, 0.0176440032482159, 0.00815455661338279] - [0.06572792625993801, 0.1893920314252149, -0.14543352631206624, -0.11012804320357023] - [-0.09644170686025706, 0.42164245764356567, -0.053618594316326526, -0.2722089139040153] - [-0.0015033731250328054, -0.018394143448715768, -0.004028689552614832, 0.023166507342721722]
A2: [0.16152840000076052, -0.16781201576478882, 0.008444176094297021, -0.0023899412710575683] - [0.035442290582565955, 0.20747399039936937, -0.11725367281548325, -0.12583450935290647] - [-0.08633727897750625, 0.581416915014531, -0.23550912920156425, -0.26005623463109245] - [-0.0038918076303710546, -0.004575160361777151, 0.0010540410047653903, 0.007189051617702907]
B1: -6.231175742113934e-05 - -0.0003140536107545512 - -7.028644117920699e-05 - -5.147830473135617e-05
B2: -0.00012604228562701795 - -0.00032991074397452244 - 9.01857246903139e-05 - 8.563932288876432e-05
