Number: 8025
Error: 1.1748033421197234e-15
A1: [0.0804317693052523, -0.18046772613947137, -0.019588772453852318, 0.1196250563491709] - [0.03741551736876138, 0.13359632359736956, -0.13472624869845942, -0.03628588768768883] - [-0.0017027925265245452, 0.2281901429924687, -0.1228283561977146, -0.10365888374526078] - [0.038863309578778066, -0.11448094361366659, -0.04641636629400338, 0.12203430305588499]
A2: [0.035307433972734475, -0.029273484910646096, -0.07569735859246501, 0.0696633982322232] - [0.10289373412493974, 0.28289668457896333, -0.39260641225421083, 0.006815978678050192] - [-0.011187130550594553, 0.5390145599452171, -0.35945104441830167, -0.16837649676687158] - [0.09786278959628654, 0.017463306639299497, -0.16885101985443848, 0.05352486808432289]
B1: 2.804467562681489e-09 - 2.792102589812479e-10 - -8.466531912622075e-09 - -3.766006886457026e-09
B2: 4.459328134784258e-09 - -4.294950547100472e-09 - 1.5301932595642422e-09 - -1.0784536112075798e-10
