Number: 505
Error: 6.11915947216375e-13
A1: [-0.012156292233777831, -0.014520147058536994, 0.01808407977941723, 0.008580000066451128] - [0.06583555374837803, 0.18949556711464835, -0.14532224113844067, -0.11000820632963698] - [-0.09629402707234994, 0.4217851688235314, -0.05345836741077373, -0.2720368445582615] - [-0.0013223013758755496, -0.018220015315069216, -0.0038359634967954125, 0.02337581761978618]
A2: [0.16158659245194, -0.16775489920090483, 0.00850120813607721, -0.002333194600445872] - [0.03548548995705878, 0.20751649195930671, -0.11721065680560909, -0.1257922580387555] - [-0.08621398738978144, 0.581537688142279, -0.23538915740492622, -0.2599359998782562] - [-0.0038351746547937993, -0.004519493714853855, 0.0011100516509655262, 0.007243194384934861]
B1: -2.9452912951190806e-08 - 1.9972743160846236e-07 - -1.1636232010752296e-08 - 3.25101470520233e-07
B2: 1.1076821332744174e-06 - 8.853307280931145e-07 - 4.355929489466193e-07 - 5.933634117457293e-07
