Number: 210
Error: 8.25555557588907e-06
A1: [-0.013661478712651307, -0.016105182550522054, 0.016390823129010194, 0.006961224929802792] - [0.06981617027081456, 0.19331822775212654, -0.1412055659845058, -0.10557521447915293] - [-0.10259713220215133, 0.4158015986986302, -0.06025527514419757, -0.27931393009214844] - [0.01790472380851926, 7.316262421459504e-05, 0.016550417728081798, 0.04543994498602641]
A2: [0.15570301158959374, -0.1735254865299239, 0.0028369452653326335, -0.008200996319519965] - [0.043435977317228334, 0.21535216897754697, -0.10928096013643131, -0.1180098199831319] - [-0.08772197805995188, 0.580042076770908, -0.23682718636145278, -0.26148720611597526] - [-0.002464346285463107, -0.0031570767655857202, 0.002512025017326082, 0.0085359888209129]
B1: 0.004494267104098772 - 0.001562742163576297 - 0.0020722531446863263 - 0.0012990782165772318
B2: 0.007152705381412874 - 0.0013147592798617557 - -0.005740966143487192 - 0.006171267519457106
