Number: 8540
Error: 1.5066836278308717e-15
A1: [0.08043170661386197, -0.18046778882372963, -0.01958883507029703, 0.11962499366495405] - [0.037415587696555445, 0.1335963938720018, -0.13472617851061894, -0.036285817398749774] - [-0.0017027603112415753, 0.22819017520705218, -0.12282832402961029, -0.1036588515385763] - [0.03886326612460375, -0.11448098694581003, -0.04641640972047455, 0.1220342596287721]
A2: [0.03530751971910788, -0.029273398927105863, -0.07569727706569203, 0.06966348797483929] - [0.10289379596374434, 0.28289674694261197, -0.39260635244443065, 0.00681604343219279] - [-0.011187122938024478, 0.53901456760321, -0.3594510372128886, -0.16837648874518465] - [0.0978628826920384, 0.01746340015847592, -0.1688509312331046, 0.053524965804307295]
B1: 5.925680410952295e-09 - -2.598750108780395e-08 - 2.2220493851241243e-08 - -1.3666841229015201e-08
B2: 4.578118802216672e-08 - -1.4480862157423047e-08 - 1.9024159627429137e-08 - 4.0404151568875726e-08
