Number: 9345
Error: 6.788872364412518e-11
A1: [0.05319107676356887, -0.14798273451229768, -0.026980539143321755, 0.12184636017993332] - [0.0052449744618502415, 0.13076787331393902, -0.11366948110194249, -0.022618609206069673] - [-0.014419224207568965, 0.22311688357281004, -0.12701594583970802, -0.08158066982502102] - [0.027136304399078152, -0.10003019227132462, -0.04943468391387132, 0.12228794102842429]
A2: [0.08927458128052003, -0.07289329787200184, -0.12360775714169991, 0.1073067515958054] - [0.10880750615955903, 0.24977995685060903, -0.40487883618346626, 0.046154684432776406] - [0.036655987014893636, 0.46257507024310046, -0.3776978852641884, -0.1214530040470227] - [0.1434709312048686, -0.04456229039532987, -0.20145608921800967, 0.10272502135112345]
B1: 2.6589506383135065e-05 - 6.051670464677648e-06 - -2.0600302932485752e-06 - -1.7692120466561235e-05
B2: -4.998072257685347e-06 - 5.8245007049428e-07 - 3.36235014756876e-05 - -1.5883204881454206e-05
