Number: 3842
Error: 9.02378370607509e-16
A1: [0.0662131141868549, -0.11395214569599653, -0.023984017722062885, 0.07172280076800051] - [0.03740256116634369, 0.1881933207451905, -0.1474089968785067, -0.07818706028158559] - [-0.06022932237825373, 0.3289508471372993, -0.12775306178745421, -0.14096827457080388] - [0.039046153972078834, -0.0533226909698992, -0.037418595390346664, 0.05169511546096308]
A2: [-0.009108588677492932, -0.34680319914427654, 0.24945507733112665, 0.10645666637416606] - [0.08003981458912038, 0.03628224493153491, -0.050250124476455674, -0.06607197181536832] - [-0.042452799877097845, 0.23083191269868228, -0.04053122456139375, -0.14784781731710409] - [0.068134767028905, -0.29346786515126905, 0.1417712279293193, 0.08356184728021762]
B1: 1.6780447514604786e-09 - -2.0998102051534947e-08 - -9.282524966217562e-09 - -2.117355929068441e-08
B2: -3.2674155462686326e-08 - -3.0332372009631767e-08 - 6.884635978641158e-08 - -6.153806222418882e-08
