Number: 5266
Error: 1.145880694797072e-15
A1: [0.06621311612112833, -0.11395214380496027, -0.023984015789320225, 0.07172280269899388] - [0.03740255114534841, 0.18819331117086108, -0.1474090067298533, -0.07818707013383647] - [-0.0602294477079004, 0.32895072676470966, -0.12775318442778505, -0.14096839655123047] - [0.0390460883920712, -0.05332275321585129, -0.03741865883673, 0.051695052529655235]
A2: [-0.009108431745160475, -0.3468030326639357, 0.24945523553281793, 0.10645683090893494] - [0.08003984149289481, 0.036282273914641, -0.05025009507202481, -0.0660719421613383] - [-0.042452895517161596, 0.23083180714466936, -0.04053132705279731, -0.1478479230910364] - [0.06813468330253311, -0.29346795733732634, 0.1417711371617355, 0.08356175340796311]
B1: 4.5603234363972886e-08 - 8.68009288540707e-08 - -2.7923924183319378e-08 - -2.7830022701609373e-08
B2: 2.1821464039431716e-08 - 5.792033765594374e-09 - 6.388944217973982e-08 - 1.0942572089371882e-08
