Number: 6716
Error: 1.2195576459844026e-15
A1: [0.0804316769118288, -0.1804678185224239, -0.01958886473680018, 0.11962496396629965] - [0.03741558283259583, 0.13359638901165563, -0.13472618336511727, -0.036285822260138344] - [-0.0017028290553135308, 0.22819010646446042, -0.12282839267302485, -0.10365892026430734] - [0.03886322346062321, -0.1144810294901355, -0.046416452357287454, 0.12203421699125276]
A2: [0.03530742580987994, -0.02927349309609149, -0.07569736635360642, 0.06966338968892075] - [0.10289376153647223, 0.28289671222312884, -0.392606385742149, 0.006816007381927629] - [-0.011187137095378885, 0.5390145533614247, -0.35945105061303534, -0.16837650366338466] - [0.09786278222981949, 0.017463299239336278, -0.1688510268668209, 0.05352486035191583]
B1: -4.624644810814029e-09 - 5.5127317808919955e-09 - -1.4597928120050684e-08 - -8.211096267101097e-09
B2: -5.8196879341963066e-09 - -5.192233412900235e-09 - -4.1819032468913655e-09 - -5.341315624989423e-09
