Number: 4173
Error: 9.376984664652014e-16
A1: [0.06621318824441438, -0.11395207329338998, -0.023983943722618153, 0.07172287470127454] - [0.03740261620417978, 0.1881933733301063, -0.14740894277208585, -0.07818700617038467] - [-0.06022942379396212, 0.3289507497331186, -0.1277531610268569, -0.14096837327642747] - [0.03904610940861005, -0.05332273326785378, -0.037418638504009914, 0.05169507269736718]
A2: [-0.009108370854146054, -0.3468029680677426, 0.2494552969168803, 0.1064568947500764] - [0.08003982203799423, 0.03628225295610747, -0.05025011633526209, -0.06607196360504147] - [-0.04245288251224965, 0.23083182149736423, -0.04053131311651198, -0.1478479087085004] - [0.06813480288341965, -0.29346782567389385, 0.14177126679903335, 0.08356188747974219]
B1: -4.605225822090685e-09 - -4.719112693601113e-09 - -2.797065300967324e-08 - 8.345072871099113e-09
B2: 1.7488800010945914e-10 - 9.102443715412046e-09 - -1.1821074063684439e-09 - -2.4493156223417592e-08
