Number: 9613
Error: 9.52282773894139e-15
A1: [0.053172679693133926, -0.1480011413802332, -0.026998917913639002, 0.12182795159611702] - [0.005313759774013194, 0.13083673426484713, -0.11360070382429446, -0.022549723362131877] - [-0.014444451923807711, 0.2230916454906418, -0.12704115496451696, -0.08160590833606648] - [0.027146244540188953, -0.10002025359694992, -0.04942472441227057, 0.12229790429814406]
A2: [0.08925490477353183, -0.07291292786044341, -0.12362698731662704, 0.10728683201298876] - [0.10884038054494255, 0.24981283261803458, -0.40484661108378317, 0.04618810914926018] - [0.03663535382723025, 0.46255454432401777, -0.3777180140883426, -0.12147385160879731] - [0.1434262736429034, -0.04460678228813369, -0.20149969127581857, 0.10267970056793442]
B1: 7.394011181892313e-08 - -9.439422204402414e-08 - -1.395503432934378e-07 - 1.820467143812975e-07
B2: 7.028424858242242e-08 - -2.499671717651018e-08 - -5.7621912660969425e-09 - 2.303473520843588e-08
