Number: 8370
Error: 9.92089623154283e-16
A1: [0.08043166212725243, -0.18046783330534102, -0.019588879503748956, 0.11962494918338511] - [0.037415633708154906, 0.13359643984874486, -0.13472613259077676, -0.03628577141266804] - [-0.001702822834219178, 0.22819011268542091, -0.12282838646103848, -0.10365891404486116] - [0.03886320129886417, -0.1144810515897012, -0.04641647450494069, 0.12203419484326102]
A2: [0.0353075422708716, -0.029273376312941943, -0.07569725562373343, 0.06966351157772858] - [0.10289371134199281, 0.2828966616026859, -0.39260643428959136, 0.006815954821015117] - [-0.011187096043349117, 0.539014594658248, -0.3594510117563941, -0.16837646040544857] - [0.09786277868637737, 0.01746329567974019, -0.16885103023999778, 0.05352485663249203]
B1: 2.862933955852309e-08 - -2.7429358078386625e-09 - -2.8774802396863436e-09 - -1.9507170836031225e-08
B2: -8.24853417895438e-09 - 3.654064472242727e-08 - 1.1817896160432504e-08 - -1.0578049720492703e-08
