Number: 3199
Error: 0.025009374886568587
A1: [-0.04653681511755926, -0.17293989101273155, -0.14361378613688608, -0.11426363815390085] - [0.04646081318251413, 0.19348867616727983, -0.141958270480384, -0.09352466020680247] - [-0.3343052668996092, 0.20251397554287484, -0.3188502143570584, -0.3969011684595959] - [-0.28473699162513644, -0.29316383070525776, -0.3438172724063013, -0.32012537582456213]
A2: [0.02227911350571391, -0.18555486322433723, 0.07487025204218269, 0.04197280461548099] - [0.09051108846934824, 0.2661933704307877, -0.033696209406513876, -0.05727947231175116] - [-0.07114207720046396, 0.5449052658389514, -0.1960347315385962, -0.16567477792463634] - [0.08630499789784168, 0.13026656353079352, 0.060641689498300635, 0.15158374955629786]
B1: 0.10594473333170987 - 0.014396194682322436 - 0.0808048604476378 - 0.04775080213761949
B2: -0.0932593557842792 - -0.036275558912673866 - -0.06400075150030728 - -0.05887194852673511
