Number: 1449
Error: 1.8233588896013112e-09
A1: [-0.007020422633678285, -0.014825158215286465, 0.0031708745149214503, 0.019626386024478137] - [0.06683490329164343, 0.18989228889184648, -0.1467266625996079, -0.10985327533188398] - [-0.11254387371440856, 0.441825902097198, -0.07074627345580448, -0.258054949880751] - [-0.023241472336477557, 0.0154697415688778, -0.029804238776244562, 0.03904649261535775]
A2: [0.13165660471484422, -0.224559087349127, 0.02273588111866462, 0.07022945447315916] - [0.032613838097012716, 0.20371735270544405, -0.11492056176184369, -0.12148916597466779] - [-0.0947499943901221, 0.5554147205144693, -0.23532745588203308, -0.22576013995042585] - [-0.0208644400276274, -0.019312339859632002, 0.00808130721678165, 0.03214604103638165]
B1: -4.658711055644158e-05 - -2.1869049531472247e-05 - -1.879236134597808e-05 - -6.194171902609338e-05
B2: 2.192277714854552e-05 - -1.8599531737284493e-05 - 3.037005612335985e-05 - -1.727732943117285e-05
