Number: 1623
Error: 2.018356092615297e-07
A1: [-0.0062979007940876216, -0.014096507877419529, 0.003923098682535012, 0.020359114761993327] - [0.06692081462226956, 0.1899751780550186, -0.14663880935629853, -0.1097568039036773] - [-0.11353206287761657, 0.4408544142124362, -0.07177290715973862, -0.2591273845213364] - [-0.022325847982035296, 0.016366426759785745, -0.028869485094131092, 0.04000702882153743]
A2: [0.1320125551056262, -0.2242120914846147, 0.023081054192777502, 0.07057404372197175] - [0.032421180104320664, 0.20352808233374456, -0.1151118153560651, -0.12167725573095722] - [-0.09451175893081626, 0.555651312026598, -0.23509477514081834, -0.22552710233052284] - [-0.02001128873993699, -0.018482739128266572, 0.008918658710122575, 0.03295982175285093]
B1: -0.0003322595040941228 - -5.707208632975468e-05 - -0.0001362564084521873 - -0.00026123853603483214
B2: 0.0005904498843161589 - -0.0005715970744262103 - 0.0006207856090408668 - 0.0002570986120381671
