Number: 1590
Error: 8.67697056797989e-08
A1: [-0.008692535637683046, -0.016511935532606766, 0.0014332758349252666, 0.017907597455428356] - [0.06673897255980704, 0.18979992481055113, -0.14682590559764633, -0.10995992270904587] - [-0.11241392866357469, 0.44195371368466213, -0.07060874395738208, -0.2579143733789479] - [-0.024475520634630724, 0.01425542488512929, -0.03106418565861319, 0.03774303614010873]
A2: [0.13144552016235633, -0.22476860804372564, 0.022527933913127077, 0.07002063565234473] - [0.032582189010759606, 0.20368610950865415, -0.11495161073847282, -0.1215198779168074] - [-0.09564894501960505, 0.5545305657379521, -0.23621070439595496, -0.22664436814746114] - [-0.0207006949863833, -0.01915392820238849, 0.008241515860873488, 0.03230024428429436]
B1: 2.7674192463249784e-05 - -4.128652009074586e-05 - -7.020916621379867e-05 - 0.00012219600190893986
B2: 0.0007032044536879223 - -0.001679780945597793 - 4.1433169590433664e-05 - 0.00032758659805780504
