Number: 176
Error: 6.012817115658358e-06
A1: [0.005482121150254895, 0.0034674984284979275, 0.03739923107612294, 0.027291333935078037] - [0.06924672103830322, 0.19278191314234439, -0.14180031789140357, -0.10620276914081726] - [-0.08447958274876799, 0.4332920821024288, -0.040656758786275074, -0.2582767186218644] - [-0.006944541849330557, -0.02375507434033284, -0.009649571006002942, 0.016829727702786103]
A2: [0.17791859312164268, -0.1518465058417504, 0.024610834811982882, 0.013252563894938915] - [0.049389618231735426, 0.2211788375906403, -0.10337804793435547, -0.11224286612076496] - [-0.07163961474528148, 0.5956530650891039, -0.22122852680774285, -0.246057795986538] - [0.006986026794220761, 0.006092722635038813, 0.011849025233483705, 0.01746745982436]
B1: -0.0004969790847447311 - -0.005720729330159412 - 0.0015022663008606389 - 0.0009255992568106858
B2: -0.005543561631729968 - -0.0018612318060347312 - 0.010136669342376847 - 0.00022464340963190607
