Number: 3440
Error: 8.70797823550253e-09
A1: [0.06620670403416702, -0.11395891433585474, -0.02399107093037534, 0.0717160578054939] - [0.03799499362020954, 0.18875936337094826, -0.1468264420179734, -0.07760440793292246] - [-0.060437070814953836, 0.32875111152781794, -0.12795660077542506, -0.1411711862723794] - [0.03883717242863269, -0.05352030204277568, -0.037620124502021186, 0.0514946985398447]
A2: [-0.009074130419692416, -0.346766266919427, 0.2494900921634038, 0.10649400375320826] - [0.08001403297157896, 0.036254416653071005, -0.05027853596142434, -0.06610056514438101] - [-0.04233033201742264, 0.2309665101682924, -0.04040025712036345, -0.1477126506980584] - [0.06799647836082168, -0.29362033481461197, 0.14162191582552386, 0.08340746154025358]
B1: 7.106486184393657e-05 - 0.00015394014580087897 - -0.0001837431459177888 - -3.0378942822673882e-05
B2: 0.00019851595641313838 - -0.00021414547604320602 - 5.371696529843304e-06 - -0.00022365648926474913
