Number: 4703
Error: 7.96955616142853e-16
A1: [0.06621314196386975, -0.11395211853974044, -0.02398398996687146, 0.0717228284983583] - [0.037402572595708825, 0.18819333166516966, -0.14740898564256125, -0.07818704904466782] - [-0.060229541361324905, 0.32895063681599984, -0.12775327607144107, -0.14096848770202486] - [0.03904608749058681, -0.05332275407163303, -0.03741865970897452, 0.051695051664548484]
A2: [-0.009108274704098984, -0.34680286606795313, 0.24945539384467738, 0.10645699555771951] - [0.08003994556839925, 0.036282386033705226, -0.050249981323582237, -0.0660718274469681] - [-0.04245271515006914, 0.23083200620850775, -0.04053113376457075, -0.14784772361236273] - [0.06813508248778788, -0.29346751781785607, 0.1417715699164303, 0.08356220096721972]
B1: -8.459424173128833e-08 - 6.484981449393952e-08 - -5.4264833448627786e-09 - 6.317397814068753e-08
B2: 1.4733101642451642e-08 - 1.4443859900091316e-08 - -2.186875750351328e-08 - 4.632083545964123e-08
