Number: 1130
Error: 3.6959957406661203e-06
A1: [-0.002239839690661585, -0.00995286587379963, 0.0082331355249439, 0.02445514416551013] - [0.06292097683113554, 0.18609696254133606, -0.15079103165862023, -0.11417303742359153] - [-0.10642879170206827, 0.4479022110630001, -0.06426618896296098, -0.25151249447328844] - [-0.02061810856415328, 0.01802420417388143, -0.0269684171335605, 0.041789657447211775]
A2: [0.1286673083190563, -0.22747572549545167, 0.019826218672182677, 0.06725705889541359] - [0.02474125761882328, 0.19600208269303043, -0.12276212595857701, -0.12919198657758885] - [-0.10579387346101035, 0.5446840493762559, -0.24616329811880616, -0.2366853944343501] - [-0.013627810489992842, -0.012284227184386525, 0.0153055911175491, 0.03896775454752161]
B1: 0.0005223482320850177 - -0.0008312998837203341 - 0.003731624417804977 - -0.002901008988007238
B2: -0.000821826105666144 - -0.000909147321197112 - -0.000951212971929812 - -0.00021869006184895533
