Number: 4375
Error: 1.2201954325593425e-15
A1: [0.06621303941656954, -0.11395221879545689, -0.023984092433686575, 0.07172272612319165] - [0.037402619809707216, 0.1881933767749389, -0.14740893922757325, -0.0781870026255752] - [-0.0602293988082407, 0.32895077373047776, -0.1277531365773485, -0.14096834895838192] - [0.03904621292408814, -0.05332263501478067, -0.037418538356182536, 0.051695172032032145]
A2: [-0.009108444191126865, -0.34680304586683885, 0.24945522298651127, 0.1064568178602107] - [0.08003984686741439, 0.036282279704515565, -0.05025008919811272, -0.0660719362374431] - [-0.04245275760175635, 0.23083195935631382, -0.04053117925748402, -0.14784777056217907] - [0.06813471899448137, -0.2934679180392125, 0.14177117585537868, 0.0835617934248108]
B1: -3.7829051620683675e-08 - 2.5689938572020123e-08 - 1.86673721209869e-08 - -1.6903501305035272e-08
B2: 2.960967571629312e-08 - 2.2732139671943497e-08 - -1.0239611005895248e-08 - -7.024639534058891e-08
