Number: 3117
Error: 2.995674102974309e-06
A1: [0.06123948434754274, -0.05023253190564375, -0.02582081655860602, 0.005529736996794649] - [0.042278769560489815, 0.18984472476324638, -0.14406806714508505, -0.0941295674319186] - [-0.12570325062164858, 0.4124202553708915, -0.10732308831718172, -0.18949591347174727] - [0.031711758868766274, 0.013643905843060489, -0.03870620003505288, -0.028383252688778844]
A2: [0.06267827761982117, -0.17433754123953352, 0.08552525756830906, 0.023128585691552614] - [0.02739716839490418, 0.1984376617043798, -0.10356370152965634, -0.1297153234220964] - [-0.08992958098870478, 0.5171098939940545, -0.2221378738016043, -0.19169074813918952] - [-0.03632597724901389, 0.00816249356615797, -0.0607303382333029, 0.046736548422876875]
B1: -0.009184593906428042 - -0.0006938719439656101 - -0.0014971038191954691 - 0.002980229657401571
B2: -0.0007580352069671149 - -0.0008411038713126184 - -0.0008648179905805701 - -0.0017879044095247259
