Number: 9065
Error: 0.0002027271837812553
A1: [0.040541200176211156, -0.16669005710884618, -0.041980512035962605, 0.10648312235611432] - [0.01885437152592951, 0.14094563298671925, -0.10332681484045515, -0.011532675066447336] - [-0.03356581962798174, 0.2097691297170115, -0.13814170309978147, -0.09520792653491092] - [0.034353767786989294, -0.09316915572226926, -0.04079110054185525, 0.1293803278304806]
A2: [0.08501678929383068, -0.07790797099974126, -0.11863923165192289, 0.10411912948352048] - [0.28340962228383787, 0.4205558290062834, -0.23889729871551912, 0.22006569662643016] - [0.0877296991382401, 0.5145398856176475, -0.33275350192837694, -0.07138041334844998] - [0.20513191623036697, 0.016263990208097566, -0.1439502483569584, 0.1644220269985109]
B1: -0.004182221884598877 - -0.02472758655507874 - 0.009452705894760261 - -0.010425862905811004
B2: -0.015226703446854622 - -0.004345739676949869 - 0.002989881653330342 - -0.003786272192807698
