Number: 7913
Error: 8.159693459084901e-16
A1: [0.08043169561326527, -0.18046779982311664, -0.019588846057727868, 0.11962498266559876] - [0.037415646962000386, 0.13359645309251797, -0.1347261193634616, -0.03628575816624833] - [-0.001702816977011635, 0.22819011854250065, -0.12282838061240352, -0.10365890818922369] - [0.03886325429542409, -0.11448099874188213, -0.046416421542138195, 0.12203424780688595]
A2: [0.035307293330861085, -0.029273625941494803, -0.07569749231314546, 0.06966325103544303] - [0.10289361969737133, 0.2828965691802636, -0.3926065229271299, 0.006815858855779298] - [-0.011187093324170345, 0.5390145973936903, -0.35945100918262457, -0.16837645754014674] - [0.09786271049260818, 0.017463227175830272, -0.16885109515610988, 0.053524785051321265]
B1: 1.3369390838436496e-09 - 2.536200375330006e-08 - 2.5959104103845317e-08 - 2.4639866803152225e-08
B2: 1.1420089527405654e-08 - -7.853080333327307e-10 - 2.4464971251396677e-08 - 9.919462415359288e-09
