Number: 1617
Error: 2.3959914275049276e-08
A1: [-0.005853625699802985, -0.013646961925776522, 0.004385097148498659, 0.020816184733389587] - [0.0667221518886912, 0.1897840910147489, -0.14684403579457062, -0.10997767028183053] - [-0.11117601863513003, 0.4431655387510983, -0.06931728592563971, -0.2565745682090341] - [-0.02257511687363212, 0.016122758381031808, -0.029123942182337065, 0.039744356168470475]
A2: [0.13215948555584764, -0.22406894122749216, 0.02322568073806978, 0.07071781411094179] - [0.03255535773551428, 0.20365986067661782, -0.11497814633056025, -0.12154601167997507] - [-0.09408625786066123, 0.5560682257799038, -0.23467633397317614, -0.22510867990985384] - [-0.020617260178564988, -0.01908145770184214, 0.008316957905995013, 0.03237802685553188]
B1: -0.00020594734023552636 - -2.6166086381813913e-05 - -0.00029866685703591007 - -0.000255245009582742
B2: 0.00015326943592490494 - -0.0005284214224816576 - -0.00029724609253079426 - 0.0002440208653459702
