Number: 6347
Error: 8.913710046351184e-16
A1: [0.08043171160251075, -0.18046778383566886, -0.0195888300875967, 0.11962499865302065] - [0.037415629006396514, 0.13359643515051023, -0.13472613728331734, -0.03628577611191341] - [-0.0017027582349767422, 0.22819017728328836, -0.12282832195638284, -0.10365884946287211] - [0.038863293809613404, -0.11448095933857401, -0.0464163820531249, 0.12203428729652042]
A2: [0.03530739724334748, -0.02927352174163914, -0.0756973935142795, 0.06966335979092331] - [0.10289382528244939, 0.2828967765101291, -0.3926063240878888, 0.006816074133305074] - [-0.011187013816526986, 0.5390146773755907, -0.3594509339269777, -0.16837637376009096] - [0.09786282210727865, 0.01746333929818528, -0.16885098890607333, 0.05352490221027991]
B1: -2.291872352506073e-08 - 2.7856392866077154e-08 - 1.9259568374939e-08 - 3.504650393637467e-10
B2: -8.587502853258534e-09 - -1.0144696494828282e-08 - 2.7889428893171682e-08 - 1.2458700307754522e-08
