Number: 7589
Error: 9.679805610596042e-16
A1: [0.08043171070557759, -0.18046778473251016, -0.019588830983467267, 0.11962499775618302] - [0.0374156112020427, 0.1335964173596278, -0.13472615505219537, -0.03628579390640912] - [-0.0017027884091143886, 0.22819014710978996, -0.12282835208634188, -0.10365887962895527] - [0.03886325528986125, -0.11448099775023195, -0.046416420548341684, 0.1220342488007006]
A2: [0.03530745066562825, -0.029273468171585913, -0.07569734272107362, 0.06966341570314571] - [0.10289376770907756, 0.28289671844812914, -0.39260637977206786, 0.006816013845541323] - [-0.011187122795845052, 0.539014567746244, -0.3594510370782371, -0.16837648859544302] - [0.09786279748089412, 0.017463314559787273, -0.16885101234879524, 0.05352487636059073]
B1: 1.27079507845042e-08 - 1.9858404788714217e-08 - 1.228323764376602e-08 - 1.3079328422926028e-08
B2: 1.1183890812241877e-08 - 1.2896709165250767e-08 - 1.1719520650766678e-08 - 1.0140625123785798e-08
