Number: 6652
Error: 1.1814984950497937e-15
A1: [0.0804316739749039, -0.18046782145901613, -0.019588867670213388, 0.1196249610297102] - [0.037415613347765476, 0.13359641950372939, -0.1347261529107492, -0.03628579176187201] - [-0.0017029182445176662, 0.22819001727715965, -0.12282848173164372, -0.10365900942970957] - [0.038863279412443746, -0.1144809736953379, -0.04641639644111892, 0.12203427290829892]
A2: [0.03530742847669883, -0.029273490421896507, -0.0756973638180297, 0.06966339248003663] - [0.10289375427046883, 0.28289670489545754, -0.3926063927697313, 0.006815999773358359] - [-0.011187146213456626, 0.5390145441889632, -0.35945105924349635, -0.16837651327141961] - [0.09786278074055475, 0.017463297743298026, -0.1688510282845054, 0.053524858788673656]
B1: 1.0468701997853729e-11 - 5.141249211019466e-09 - -1.294867982648532e-08 - -4.584839536780463e-09
B2: -2.3214903865259307e-09 - 2.326596588448769e-08 - -6.954660485082923e-08 - 3.668391774236017e-08
