Number: 5326
Error: 1.3210580136763908e-15
A1: [0.06621318846233532, -0.11395207308031591, -0.023983943504875954, 0.07172287491880101] - [0.03740263129700272, 0.18819338775038869, -0.1474089279346023, -0.07818699133161264] - [-0.06022929937197777, 0.3289508692333021, -0.12775303927498002, -0.14096825217911274] - [0.039046254580530564, -0.05332259547579599, -0.03741849805477391, 0.05169521200613017]
A2: [-0.009108426206074082, -0.3468030267878256, 0.24945524111665063, 0.1064568367163035] - [0.08003988764775465, 0.03628232363659627, -0.050250044627446935, -0.06607189128846036] - [-0.04245289447730655, 0.23083180829234656, -0.040531325938386965, -0.14784792194097018] - [0.0681346939569281, -0.29346794560638595, 0.14177114871216145, 0.0835617653534995]
B1: 6.47256454108852e-08 - -4.776037347116459e-08 - -1.6247824456956508e-08 - -2.2056597065814213e-08
B2: -1.5974603502852585e-08 - -2.7430439570220316e-08 - -3.64400538763982e-08 - 3.308897764943929e-08
