Number: 8598
Error: 7.412509259301025e-16
A1: [0.08043167633937456, -0.18046781909478996, -0.019588865308587097, 0.11962496339392499] - [0.03741553535575508, 0.13359634157081354, -0.13472623074713339, -0.03628586971055545] - [-0.0017027827180220762, 0.22819015280075386, -0.12282834640358799, -0.10365887393937345] - [0.03886321478033527, -0.11448103814599274, -0.04641646103203252, 0.12203420831641322]
A2: [0.035307485301315805, -0.029273433440088287, -0.07569730978977678, 0.0696634519529659] - [0.10289362161611486, 0.28289657111533534, -0.39260652107139954, 0.0068158608650742145] - [-0.011187163274852877, 0.5390145270258004, -0.35945107539267945, -0.16837653124938778] - [0.09786273177998354, 0.017463248560007985, -0.16885107489197373, 0.053524807396177466]
B1: 6.894067212306604e-08 - -9.372587744394459e-09 - 2.923009103186704e-08 - 2.713005360753233e-08
B2: 1.961496356180589e-08 - 1.961188526156777e-08 - 2.5162131156995214e-08 - 2.4964401334113744e-08
