Number: 6639
Error: 9.350758975298443e-16
A1: [0.08043168060722146, -0.18046781482744967, -0.01958886104582611, 0.11962496766127025] - [0.03741559615665107, 0.133596402325626, -0.13472617006761, -0.036285808943463574] - [-0.0017028557364288362, 0.22819007978391612, -0.12282841931507629, -0.10365894693830272] - [0.038863245787060775, -0.11448100722635562, -0.04641643004507559, 0.12203423930381457]
A2: [0.03530745258601992, -0.029273466245891853, -0.07569734089520143, 0.06966341771306304] - [0.10289373963179332, 0.2828966901325416, -0.392606406928065, 0.006815984444523152] - [-0.011187101614981015, 0.5390145890534512, -0.359451017030082, -0.16837646627643418] - [0.09786281661551881, 0.017463333781445954, -0.1688509941338707, 0.05352489644571722]
B1: -4.662771558635832e-09 - 3.179277540565507e-09 - -6.362078264065139e-09 - -6.127337832500164e-09
B2: -1.5002982063187621e-09 - 6.690766691057076e-09 - -2.6942386818584957e-08 - 1.1385404081305575e-08
