Number: 4429
Error: 8.528769676258092e-16
A1: [0.06621314040203231, -0.1139521200666777, -0.023983991527470862, 0.07172282693917463] - [0.03740263280505143, 0.18819338919111206, -0.1474089264521508, -0.07818698984902049] - [-0.06022935875733343, 0.32895081219717126, -0.12775309738589505, -0.14096830997770754] - [0.0390461541697335, -0.05332269078222661, -0.03741859519908218, 0.051695115650698585]
A2: [-0.009108553880291975, -0.34680316222986274, 0.24945511240983562, 0.10645670285711405] - [0.08003983570431128, 0.03628226767866604, -0.05025010139873735, -0.066071948541661] - [-0.042452811752669704, 0.23083189959204786, -0.04053123728770635, -0.14784783045098626] - [0.0681347885609663, -0.2934678414435468, 0.14177125127209805, 0.08356187142160948]
B1: -6.191805066417875e-09 - 1.992475911052556e-08 - -4.411540159667527e-09 - -1.1136268522023794e-09
B2: -1.051521563937227e-08 - 1.9998972757061647e-08 - 1.6006250270823347e-09 - 6.314397902345418e-10
