Number: 133
Error: 0.00014621108795586054
A1: [0.023928527781395578, 0.02306685488405225, 0.05886114184656626, 0.04803692288334206] - [0.08598208081718108, 0.2092369028688728, -0.12498070175794981, -0.08800584507437993] - [-0.05694512843482836, 0.4610517975661252, -0.01010933454918689, -0.2251158741528411] - [0.042457811670726514, 0.025201868011733967, 0.04380748758385572, 0.07518873393778362]
A2: [0.20981289923554156, -0.12110891054576085, 0.0557883082929806, 0.04429166398235192] - [0.04067213489450016, 0.21226028863313368, -0.11301250680624782, -0.1217431499074993] - [-0.04184967843002676, 0.6250085377382337, -0.19231143171455717, -0.21711848924926216] - [0.032768144954778027, 0.031863765260741535, 0.03718034240534501, 0.041941532162740956]
B1: -0.005422756127370925 - 0.12591911816246448 - -0.0025700538306315146 - 0.0014498922109272446
B2: 0.002318992737170467 - 0.14164246407203832 - -0.0030045102288231854 - -0.002023281086827298
