Number: 9562
Error: 1.0634534568409572e-13
A1: [0.05317193769000901, -0.1480018836597463, -0.026999659100804048, 0.1218272092428412] - [0.005312988323879286, 0.13083596199405922, -0.11360147516494097, -0.022550495895960598] - [-0.014444577892457101, 0.22309151947025307, -0.12704128083684635, -0.08160603434973286] - [0.02714704983472743, -0.10001944831043078, -0.0494239174228786, 0.12229871163672953]
A2: [0.08925318064224753, -0.07291464801377363, -0.12362867261244201, 0.10728508660679814] - [0.10883881729123758, 0.24981126908913862, -0.40484814338090397, 0.0461865195815438] - [0.03663296926987186, 0.4625521721722601, -0.377720340589305, -0.12147626091157294] - [0.14342512337159083, -0.04460792828325783, -0.2015008144208427, 0.10267853322292643]
B1: 3.3001371668587107e-07 - -1.956479059180053e-07 - -2.437142279599015e-07 - 4.304625690906901e-08
B2: -3.083640616125061e-07 - 3.2348872609684766e-08 - -2.745266187807522e-07 - -5.455029367606152e-07
