Number: 2143
Error: 0.0005654130175158584
A1: [-0.1150591873686981, -0.19667794003793798, -0.15114083778760506, -0.11310564479809698] - [0.07962229540548703, 0.2064621040044688, -0.13878920749341053, -0.08259199081466878] - [-0.33293615362505513, 0.1825304955818324, -0.30604951064622454, -0.44030409072363846] - [0.051267064017318814, 0.07122540004078531, 0.0321909014891881, 0.04115505865995539]
A2: [0.23665199250973365, -0.07664607883112266, 0.20771273155741482, 0.17454896092550873] - [0.02759717080520796, 0.19299963660199662, -0.09852725387497056, -0.14048828843929073] - [-0.10362414495533372, 0.5473120537042867, -0.23548923053878848, -0.21053104344963564] - [0.021320497440173194, 0.08001894494294043, 0.0597484885926174, 0.06612027766444642]
B1: -0.00910413292941078 - 0.019996055948433396 - -0.060658301540650696 - 0.020705224050926195
B2: -0.06513390711250008 - 0.005502310474790825 - 0.010636594382063443 - -0.052340240634364724
