Number: 8340
Error: 1.1274192775235519e-15
A1: [0.08043172369619718, -0.18046777174338066, -0.01958881800843119, 0.11962501074528298] - [0.037415581116787264, 0.13359638729719323, -0.13472618507734646, -0.036285823974888255] - [-0.0017027897299769208, 0.22819014578895264, -0.12282835340526957, -0.1036588809494601] - [0.038863272120864684, -0.11448098096646364, -0.04641640372807898, 0.1220342656212285]
A2: [0.03530718999769781, -0.02927372956040291, -0.07569759056133543, 0.06966314288643707] - [0.1028937366611462, 0.2828966871367168, -0.39260640980121286, 0.006815981333829695] - [-0.011187141342569382, 0.539014549088849, -0.3594510546331911, -0.16837650813870783] - [0.09786287154690218, 0.017463388962633934, -0.16885094184260907, 0.05352495410560784]
B1: 6.242485563555189e-09 - 1.3361919202424203e-08 - 1.0713581086205383e-08 - 3.834838737984239e-09
B2: 2.8574829464460516e-08 - -9.561163122455038e-09 - 8.325292285484055e-09 - 2.9402596872299694e-08
