Number: 4506
Error: 7.255926494720739e-16
A1: [0.06621315053406562, -0.11395211016106323, -0.023983981403392255, 0.07172283705419057] - [0.03740259245950605, 0.18819335064367357, -0.14740896611491652, -0.07818702951529838] - [-0.06022949527584667, 0.3289506810786816, -0.12775323097481583, -0.14096844284809049] - [0.03904610364712771, -0.05332273873639839, -0.03741864407802862, 0.05169506716861739]
A2: [-0.00910849781890458, -0.3468031027575561, 0.24945516892474445, 0.10645676163437698] - [0.08003980255698974, 0.03628223196951995, -0.05025013762685063, -0.06607198507740734] - [-0.042452813835527535, 0.23083189729328077, -0.040531239519717474, -0.14784783275454508] - [0.06813468205147132, -0.29346795871506487, 0.14177113580550427, 0.0835617520048988]
B1: -4.604560116465397e-08 - 5.620979945533927e-09 - 1.188370601647638e-08 - -3.167453305593457e-08
B2: 5.422103167169217e-10 - -1.1242617085181723e-08 - -5.7694597444266884e-08 - -1.23193673850318e-09
