Number: 2684
Error: 2.525882629398648e-09
A1: [0.0636688540424567, -0.0476395797572162, -0.023211972832361948, 0.008087772490518837] - [0.043751581984408344, 0.1913573131563046, -0.14247200435258203, -0.09241346168521708] - [-0.12330719117027529, 0.4149999322734424, -0.10471654044808631, -0.1869301619213605] - [0.03684413004670814, 0.01900884562836595, -0.033290130062795575, -0.023208903711429703]
A2: [0.06350498003932653, -0.1736217772112785, 0.08639055957513449, 0.024023702633687832] - [0.029180763736569585, 0.20019104201891483, -0.10181904922766864, -0.12797986681805884] - [-0.09301119052054477, 0.5140739991889403, -0.22520755268292267, -0.1947109964629004] - [-0.025499996130805794, 0.018946630797835585, -0.04986289526588527, 0.05739416872167098]
B1: -5.487853877616768e-05 - 6.921885721320569e-05 - 9.72022745091292e-05 - 6.447360656459317e-05
B2: 0.00012127072520665643 - 2.8061267111248438e-05 - -2.7655967421077077e-05 - 1.551847653543238e-05
