Number: 8780
Error: 1.8332396479466154e-07
A1: [0.08041709890190771, -0.18048238211877415, -0.019603420825505716, 0.11961039144651645] - [0.037065282447453114, 0.13324633802440156, -0.13507577607895171, -0.03663593159101533] - [-0.0015334788146860886, 0.22835948193869732, -0.12265928892807669, -0.10348960780458223] - [0.0389259580421152, -0.11441847118353166, -0.04635374752714056, 0.12209691088790196]
A2: [0.03539302413376979, -0.02918776308627323, -0.07561594223318976, 0.06975294129219316] - [0.10309673529427472, 0.2831013165377556, -0.3924100390393137, 0.007028532151666146] - [-0.011299721504488606, 0.5389012406951629, -0.35955759370852103, -0.1684951652375243] - [0.09797537204754082, 0.01757630415155379, -0.16874381366743596, 0.0536430141507406]
B1: -0.00021161531437420843 - -0.00026695078220503735 - -0.0001485611091240713 - -0.0002320131906549162
B2: 0.00017520041700204615 - 0.0004884415253480512 - 3.235049661648291e-05 - 0.00016518008028503368
