Number: 1991
Error: 0.00012836875384003316
A1: [-0.007896626850088004, -0.015567849318194684, 0.0016265270855852078, 0.018857864480589293] - [0.0840034544151331, 0.2065039179808063, -0.12865758088435716, -0.09050673290192725] - [-0.08701019108018185, 0.4668668292254964, -0.044680169636804865, -0.2299290202862836] - [0.0006806308215006815, 0.039339554351921165, -0.004488124992467658, 0.06577920971756313]
A2: [0.13867448193202303, -0.2187606497587439, 0.029258358220351194, 0.07661991562538818] - [0.03771195887896878, 0.20819788779926024, -0.11003185710843871, -0.1170345953880437] - [-0.09826530129194726, 0.5499354628107423, -0.2394780346332197, -0.231391038954221] - [-0.023909802375824695, -0.02333056398061254, 0.004667253271147345, 0.02794037129428921]
B1: 0.002268795963796652 - -0.0033646117597597117 - 0.00888732739931488 - 0.004041522874974968
B2: -0.007973202968983337 - 0.00044479444783093215 - -0.012187524112029825 - -0.008865627324535153
