Number: 1618
Error: 4.0300537148789225e-07
A1: [-0.0062709430150157276, -0.014068366810318318, 0.003951202084072405, 0.020387376605432765] - [0.0669770657153801, 0.19002938009830578, -0.14658055172202392, -0.10969408264836272] - [-0.11069881713157384, 0.44363324380705066, -0.06882003148315198, -0.25605799377316873] - [-0.02326723282276214, 0.015442380206039708, -0.029830403196529003, 0.03901349344476867]
A2: [0.1319084717185029, -0.22431568813800573, 0.02297869825476907, 0.07047247340092004] - [0.03252721087918978, 0.20363220997834078, -0.11500619521884285, -0.12157354069445352] - [-0.09448333535762349, 0.5556777641836148, -0.2350668323961815, -0.2254989088219765] - [-0.020992717591024633, -0.0194514352539074, 0.007944470151733834, 0.03201728724893486]
B1: 8.840678415519634e-05 - 0.0002536542065518805 - 3.6433235989529237e-06 - -7.248357863683943e-05
B2: -0.00021620810543426604 - -0.0009379946992258625 - -0.0007877040346264015 - -3.178798713280578e-05
