Number: 5970
Error: 1.0083923664693581e-11
A1: [0.0804109184267342, -0.1804885745191337, -0.019609597109406202, 0.11960420858261908] - [0.03742299801613596, 0.13360379808007583, -0.13471878463813647, -0.03627841215480957] - [-0.001716102586403619, 0.2281768333873918, -0.12284164601660984, -0.10367218988247995] - [0.03884846725951668, -0.11449574387525085, -0.04643119799309998, 0.12201947055080867]
A2: [0.03524308098463479, -0.029338018003678846, -0.07575854519510503, 0.0695960458325032] - [0.10286538703999762, 0.2828680952929589, -0.39263382995136575, 0.006786294719571123] - [-0.011144255670697914, 0.5390576910357391, -0.3594104625174053, -0.16833131806753154] - [0.09785778558374188, 0.017458279414304355, -0.16885578357223913, 0.05351961553630563]
B1: -2.035295866085073e-06 - 6.972775019432198e-06 - 4.396861848707894e-06 - -2.751646787205245e-06
B2: -4.398272289311696e-06 - 8.205369413926817e-06 - 6.800964806129316e-06 - 2.8437094934979914e-06
