Number: 2618
Error: 9.412593645608671e-08
A1: [0.06323700045809505, -0.04806553230630789, -0.023636951137682244, 0.007662411875011269] - [0.04346110827551529, 0.19107656320987113, -0.14277101389672076, -0.0927327793699256] - [-0.12361237078706423, 0.41470255089110536, -0.10501761340140212, -0.18722976597560093] - [0.037174271155285814, 0.019343438496016246, -0.032957656166200326, -0.022876536725765326]
A2: [0.06289736112176249, -0.17423124226620246, 0.08578709070784948, 0.023422076669981626] - [0.029549235156433835, 0.2005539659567595, -0.10145199948933178, -0.1276195485303293] - [-0.09342378487899401, 0.5136682737881497, -0.22562174730153847, -0.19511182650763292] - [-0.026997572988138076, 0.017459544058987975, -0.0513635489772747, 0.05593293435636634]
B1: -4.0304772335345186e-05 - 0.0002905783588308444 - 0.0002728614368603937 - 0.00022663602196249427
B2: -5.375898573372573e-05 - -8.611086016088452e-05 - -5.320421992097908e-05 - -0.0002304378494656337
