Number: 3489
Error: 8.556065948371818e-10
A1: [0.06620901589451697, -0.11395615462300612, -0.02398812088603567, 0.07171871085666467] - [0.03742506443663957, 0.1882148179846508, -0.14738686654093655, -0.07816493873671725] - [-0.0602898597396691, 0.3288927048742553, -0.1278122924907981, -0.14102720227156554] - [0.038960420780808726, -0.053404069232927225, -0.037501524762895456, 0.051612851565531394]
A2: [-0.009163245281956675, -0.34686118200335775, 0.24939998656981857, 0.10639937973824974] - [0.07997871005694487, 0.036216416244562365, -0.05031690930865888, -0.06613931459661769] - [-0.04247802454025164, 0.23080405044801827, -0.04055826380713314, -0.14787572704649604] - [0.06810379205552763, -0.2935019675845643, 0.1417376630397081, 0.08352712927528015]
B1: 2.0942981265319383e-05 - 6.23949961931982e-05 - -3.7432441729759355e-05 - 3.134317843804256e-05
B2: 5.261105045222665e-06 - -3.055768519473633e-05 - -9.66997265691601e-06 - 1.6592617511084455e-05
