Number: 4260
Error: 8.316193018126833e-16
A1: [0.0662132115895542, -0.11395205046993422, -0.023983920395793758, 0.07172289800723622] - [0.03740262393621212, 0.18819338071753705, -0.14740893517090492, -0.07818699856852974] - [-0.06022935163678256, 0.32895081903611, -0.12775309041810357, -0.14096830304743804] - [0.03904615002739821, -0.05332269471402049, -0.03741859920668127, 0.05169511167560348]
A2: [-0.009108684519115614, -0.3468033008172157, 0.24945498071404168, 0.10645656588948715] - [0.08003987123251022, 0.036282305952693376, -0.0502500625684603, -0.06607190938169077] - [-0.042452853086523516, 0.2308318539734246, -0.040531281582732934, -0.1478478761647452] - [0.06813470991278589, -0.29346792803858923, 0.14177116600992612, 0.08356178324249036]
B1: 1.630646994537012e-08 - 8.934387328013386e-09 - -1.6242390145618822e-09 - -8.189653362228742e-09
B2: -3.704367224318351e-10 - -1.7136662273685945e-08 - 1.1540456451095684e-08 - 2.0719359917825672e-08
