Number: 3523
Error: 2.7235790169742988e-11
A1: [0.06620414422241058, -0.11396091627808294, -0.023992981924817823, 0.07171384656679669] - [0.037400253459985655, 0.18819111470968017, -0.14741126577820574, -0.07818932855548555] - [-0.06020825030969745, 0.32897109132829266, -0.12773243755789113, -0.1409477670483682] - [0.039018242403505946, -0.05334918620087672, -0.03744560084481983, 0.05166833168839966]
A2: [-0.009052398382541106, -0.34674359032261265, 0.24951172699574609, 0.10651557810761951] - [0.08002496898398684, 0.036266253053322484, -0.05026635086028912, -0.06608833485951295] - [-0.04246011115447473, 0.23082384359805155, -0.04053905857928354, -0.1478559047929152] - [0.06819545477939776, -0.2934010466400484, 0.14183702410600713, 0.08362989019372542]
B1: -3.1790415485509343e-06 - 1.0177965167090316e-05 - -5.557952855915462e-06 - -8.602542054998518e-07
B2: 3.7698396303608126e-06 - 1.0129484004678693e-06 - -7.846341201298156e-06 - -4.422639713254062e-08
