Number: 3343
Error: 7.703197566908907e-07
A1: [0.06272216632095601, -0.11738631299673223, -0.027525456115224067, 0.06820026788906251] - [0.0343041176200287, 0.18521587180514015, -0.15046598658763935, -0.08124351352485429] - [-0.04532061186767274, 0.34339221110881174, -0.11301455757375548, -0.1263406102777393] - [0.03889168035869534, -0.05348329600725758, -0.03758487613245201, 0.05152743355961611]
A2: [-0.010854600014825423, -0.3486465940085135, 0.2477989880286088, 0.10464161266840553] - [0.07900826170783073, 0.03518283453947567, -0.05141849443826451, -0.06721306371872673] - [-0.042464712752935674, 0.23077808763629512, -0.04057934032726422, -0.14789918800596866] - [0.06618250627506185, -0.2956378236397783, 0.13964093637751201, 0.08135430261031186]
B1: 0.0016058186009602314 - 0.00017114072148198897 - -0.0012404467280662283 - -9.156977412100131e-05
B2: -0.0005703119048248025 - 0.0013671303139784641 - -0.0007895611177990824 - 0.0009004173209266751
