Number: 5855
Error: 2.0890159237103672e-07
A1: [0.08241898827428147, -0.17848687657247989, -0.01760031989437731, 0.1216137459556311] - [0.04159936103060003, 0.13777354594111826, -0.13055102149784245, -0.032104474611968865] - [-0.0015579224727734996, 0.22833207745724735, -0.12268026804381141, -0.10351238171144121] - [0.038537820405773526, -0.11481087979034124, -0.04673466158121039, 0.1217125478058591]
A2: [0.03403845729665455, -0.030551366991284523, -0.07690027351843787, 0.06834180181244764] - [0.10267883582902644, 0.2826657664597956, -0.3928182282547123, 0.006597928497337575] - [-0.012985554719284437, 0.537204211136297, -0.361145750032772, -0.17026581257660756] - [0.09629309404569099, 0.015883313243062865, -0.17034032334138122, 0.051882476106765434]
B1: 7.319411848835754e-05 - 0.0028393115879280155 - -0.0007810862120815605 - -0.0002476188260054829
B2: 0.00044289713144176767 - -4.446957444990832e-05 - -0.00011826472875503131 - 0.00014758737862485903
