Number: 1000
Error: 0.00040099052288999876
A1: [-0.016796695771177525, -0.019252924825023655, 0.010704742276828785, 0.0073256675348022555] - [0.03444717216658144, 0.15912215986433448, -0.177894632516625, -0.14455813679967952] - [-0.15911606601191686, 0.3614188132192432, -0.12459218469797541, -0.3382647402333649] - [-0.05032081354162957, -0.06315288962981981, -0.058665994426141656, -0.025108428245108977]
A2: [0.11645033646570206, -0.21485097070696327, -0.03190511689650047, -0.04157379861353667] - [0.02163049309372045, 0.19318368053664095, -0.13031234685290602, -0.13851359067903868] - [-0.03664566577576418, 0.6285101294206257, -0.18287330647645772, -0.20842457690388289] - [0.03389179601493325, 0.03360539798857645, 0.04106002711561619, 0.04551713300060063]
B1: 0.0017105236682625306 - 0.008941716951735606 - -0.035341680508965814 - -0.022936629028502045
B2: -0.013351341539234021 - -0.021577850535199537 - -0.020881263092837197 - -0.03228433853416325
