Number: 1541
Error: 2.2806957423277852e-08
A1: [-0.0074524425561798184, -0.015261291234434092, 0.0027212558235862115, 0.019182303401057643] - [0.06750064848101639, 0.19053279598489828, -0.14603859725542373, -0.10911268315684823] - [-0.11293291664993069, 0.44144421766795006, -0.07115190916841646, -0.25847606514818505] - [-0.02401160915462847, 0.014712964202820106, -0.030590094892405793, 0.03823372536196295]
A2: [0.1317169844533212, -0.22449991450435183, 0.02279512291595768, 0.07028877310522293] - [0.03274649391199484, 0.20384777212371455, -0.11478840718045767, -0.1213595088971331] - [-0.09459932671252146, 0.5555625161822156, -0.23517977720917432, -0.22561278738261178] - [-0.020748939893048476, -0.01919847290232038, 0.008195257586550358, 0.03225708953592544]
B1: 0.0001818591544126896 - -5.025484129944121e-05 - 0.00013858023018701194 - 0.00012090868309997092
B2: 0.00017055803054616566 - 0.0004737476186715229 - 0.00013993061206368058 - 6.614014578499097e-05
