Number: 3180
Error: 0.00014750373677445164
A1: [0.03975880613752264, -0.07263422146844944, -0.047399252335747336, -0.015792968977381423] - [0.039293927321914064, 0.18678658668555856, -0.14713891399866327, -0.09741817565655916] - [-0.10142184766501926, 0.4362637881024132, -0.08291692361233395, -0.1644637937178126] - [0.13064048124827915, 0.11200015366804443, 0.06006968023764336, 0.07143767333755695]
A2: [0.06522042212296049, -0.1715234035759358, 0.08841307558009047, 0.025651764471283957] - [0.04653451796762835, 0.21783876806346397, -0.08449784698906551, -0.11129715147398578] - [-0.049138631873780564, 0.5591965662563586, -0.18092854110878254, -0.15119426423345741] - [0.031481014385793454, 0.07865500154093072, 0.007783202005738579, 0.114921753422291]
B1: -0.011625599539096832 - 0.0006564866324359452 - 0.01363358672677058 - 0.02536581796365564
B2: 0.014543395317370577 - -0.01752884521643497 - 0.00800488074978668 - 0.01387624371657904
