Number: 1317
Error: 2.8453511603322314e-09
A1: [-0.0070222913301033335, -0.014826910150687251, 0.0031694640544213427, 0.019624413447344728] - [0.06659238389627199, 0.1896588888710572, -0.1469774830263886, -0.11012303882024431] - [-0.11227756383728525, 0.44208767893619244, -0.07046813031707902, -0.25776658030023725] - [-0.02314253438491332, 0.015567304124004356, -0.029702409701792304, 0.0391509992846449]
A2: [0.13175730552280873, -0.2244603986618231, 0.022835341384070913, 0.07032802485804357] - [0.032606235857946475, 0.2037098198251426, -0.11492826278027513, -0.12149662781165557] - [-0.09476134494192301, 0.5554038618166843, -0.2353383874480571, -0.22577124068770604] - [-0.02066849382570571, -0.01911964102494928, 0.008276052608534933, 0.03233442395495393]
B1: -7.157259772066459e-05 - -4.8817923774857306e-05 - 9.492364906200996e-06 - -8.733552065935918e-05
B2: 1.6395369682376076e-05 - -3.5173572263685546e-05 - -1.2515920745837685e-05 - -3.0444221451837657e-05
