Number: 812
Error: 2.409785180219398e-12
A1: [-0.012156316527462702, -0.014520171996145942, 0.01808405292623632, 0.008579974109746556] - [0.0658348287173794, 0.18949486966898485, -0.14532299075471064, -0.11000901357773966] - [-0.09629238446701714, 0.42178675638311214, -0.05345658502503956, -0.27203493085339553] - [-0.0013271831387313684, -0.018224710219449353, -0.003841159956131106, 0.02337017515015459]
A2: [0.16159032895985678, -0.1677512330504819, 0.008504869288674863, -0.002329552011712452] - [0.035486805525193926, 0.20751778638739277, -0.11720934675044638, -0.12579097107144419] - [-0.08620795540675986, 0.5815435964650058, -0.2353832880755906, -0.2599301177460831] - [-0.003830253894116799, -0.004514654748885067, 0.0011149220054343116, 0.0072479022558542185]
B1: -1.2664432012242458e-06 - 1.5662097906833545e-06 - -2.3081447616006726e-06 - -2.963937839671278e-07
B2: 2.6637403598958847e-06 - -1.4246258769988222e-06 - 3.664286656466741e-06 - -3.2129202071079343e-06
