Number: 3445
Error: 5.596545727911153e-09
A1: [0.06603328878414416, -0.11412823340079517, -0.024164090859732763, 0.07154306457801336] - [0.037616703730154896, 0.18839793657233142, -0.1471983344307298, -0.07797638048212222] - [-0.06030662711912461, 0.3288765153664777, -0.1278288130614471, -0.14104393703851448] - [0.03886355910870926, -0.053495532566609744, -0.037594761859348416, 0.05152003805776764]
A2: [-0.008953059521086217, -0.34663795992515267, 0.249612034671987, 0.1066204436191325] - [0.0799355000240977, 0.036169851580488216, -0.05036427674473018, -0.0661870090037073] - [-0.04228952257592166, 0.23101165782099944, -0.040356405464363865, -0.1476674803916121] - [0.0680799535867062, -0.29352839902309663, 0.14171219355304598, 0.0835007288550106]
B1: 0.00011105109867493193 - 3.644873470044914e-05 - -0.00017835373153829475 - 1.189092075133095e-05
B2: 7.225117269387112e-06 - -0.00014976747153089943 - -2.9856239320584305e-05 - -0.00010158802959413344
