Number: 7818
Error: 1.1618485310102017e-15
A1: [0.08043165944514748, -0.18046783598713312, -0.01958888218259058, 0.11962494650161665] - [0.03741560531755384, 0.13359641147958953, -0.13472616092494538, -0.03628579978763185] - [-0.0017028504246263312, 0.22819008509560143, -0.12282841401104526, -0.10365894162791144] - [0.03886321032804529, -0.11448104258586843, -0.04641646548149342, 0.12203420386683728]
A2: [0.0353074948540901, -0.029273423860896014, -0.07569730070718722, 0.06966346195110523] - [0.10289381583026207, 0.2828967669777273, -0.39260633322984934, 0.006816064235402459] - [-0.011187136167113124, 0.5390145542952239, -0.35945104973444386, -0.1683765026851996] - [0.09786281835692748, 0.017463335530780444, -0.16885099247613466, 0.053524898273602024]
B1: 2.177728781096715e-08 - 1.5221102617481146e-08 - -1.6176866540244367e-08 - 3.2863790729043686e-09
B2: 2.232820908779551e-09 - -1.6724003813806044e-08 - 1.0235233611155528e-08 - -2.0461365744807348e-09
