Number: 7153
Error: 1.1043784766897058e-15
A1: [0.08043170901498152, -0.1804677864229069, -0.019588832672032028, 0.11962499606578582] - [0.03741561626277698, 0.13359642241653608, -0.13472615000154378, -0.03628578884847507] - [-0.001702806795339243, 0.22819012872396527, -0.1228283704456347, -0.10365889801026924] - [0.03886325680493648, -0.1144809962394013, -0.046416419034224866, 0.12203425031484005]
A2: [0.03530741767418567, -0.029273501254287036, -0.07569737408892918, 0.06966338117403859] - [0.10289374998011967, 0.2828967005687004, -0.3926063969192965, 0.0068159952807404275] - [-0.011187120505080202, 0.5390145700506692, -0.35945103490996566, -0.16837648618160572] - [0.09786278171117371, 0.017463298718331494, -0.16885102736054708, 0.05352485980751529]
B1: 2.4265649117725845e-09 - -4.93730447705078e-09 - 1.2439290687989855e-09 - 1.3157380575881344e-09
B2: 1.9927061925629315e-09 - 2.5997429886970237e-10 - 3.1820826960161988e-09 - 6.848096689885987e-09
