Number: 3223
Error: 0.0029741987432363956
A1: [0.27203545089034464, 0.13851078230226563, 0.17949740158929867, 0.27482317889976104] - [-0.25351622231404547, -0.10079421007278841, -0.43657299845533165, -0.3591267839181741] - [-0.11055275228965335, 0.3824531465529777, -0.11607898616027118, -0.12080143669962295] - [-0.12165552049113619, -0.1518871825741117, -0.1684707019314225, -0.06865097671600813]
A2: [0.2754139308214819, -0.17951910157932172, 0.40826961868452505, 0.19984608746551055] - [-0.27236524465629885, -0.14622521219547902, -0.279156555556627, -0.35014982350479423] - [-0.20127521029175643, 0.21159865878662165, -0.23065945973485524, -0.34807491914169214] - [-0.23736101868141757, -0.39840432414001853, -0.18072444536604815, -0.23708854383300482]
B1: -0.11519362858013268 - -0.35163009586727123 - -0.1752017628503737 - -0.15524084718029263
B2: -0.14744027763078005 - -0.3871896684297041 - -0.10932127464296731 - -0.181424074264693
