Number: 2983
Error: 5.243748436908704e-08
A1: [0.06411898267510831, -0.047188934075792006, -0.02276468348957546, 0.008533211996827465] - [0.043826355680894005, 0.1914302209826671, -0.14239411153949033, -0.09232930871140575] - [-0.12372987975166047, 0.41458297208695977, -0.1051408502796554, -0.18735212031323925] - [0.03772779885109888, 0.019896646461430013, -0.03240813686067257, -0.02233005066243481]
A2: [0.06339564438165658, -0.1737327359287898, 0.08628088406070931, 0.02391260555584111] - [0.029375550614308396, 0.20038300790535926, -0.10162519302406679, -0.12778963966125242] - [-0.09372781927119785, 0.5133693845505629, -0.2259231368771793, -0.19540447887589074] - [-0.02706418784097331, 0.01738621278780463, -0.0514280974523392, 0.0558693733686729]
B1: 0.0001831283055210177 - 0.0003754244467179938 - 8.158260496359187e-05 - 8.433769543614438e-05
B2: 0.00046122958841679967 - 0.00021436646210151657 - -0.0003043426679158259 - -0.0004627447328354963
