Number: 1511
Error: 7.606276942454626e-09
A1: [-0.007299587720260932, -0.015106975598154496, 0.0028802873809208795, 0.019339301047952655] - [0.06649655695469356, 0.18956671023921998, -0.14707644018670443, -0.11022969045119312] - [-0.11227147314297187, 0.4420928863868692, -0.07046233591542203, -0.2577598833992565] - [-0.02376884764182197, 0.014951343628345845, -0.03034235961863632, 0.038490065541358205]
A2: [0.13173079767555063, -0.22448608053856473, 0.022808493005552474, 0.0703021501295473] - [0.03255058982445796, 0.20365504796144368, -0.11498355930582879, -0.12155114481739826] - [-0.09466723976645482, 0.5554958901669803, -0.23524673685632372, -0.2256795293837611] - [-0.020812587939236807, -0.01926128567972451, 0.008132238915725612, 0.03219570673577583]
B1: -1.6471214828574088e-05 - -0.00021533685179752485 - -2.0105149274688637e-05 - -6.412579804397116e-05
B2: -2.4726273252925583e-05 - -8.574663536501092e-05 - 8.258763318011449e-05 - -3.4062635122572034e-05
