Number: 9501
Error: 6.31387500971538e-14
A1: [0.05317313460750042, -0.14800068631581276, -0.02699846351213126, 0.12182840673384379] - [0.0053147844961398995, 0.1308377600433387, -0.11359967927591258, -0.022548697203663245] - [-0.014444656449639598, 0.22309144087662655, -0.1270413593424484, -0.0816061129481903] - [0.027148780566888294, -0.10001771752618616, -0.04942218299035983, 0.1223004468150104]
A2: [0.08926192690788995, -0.07290592195952086, -0.12362012338445102, 0.10729394078308596] - [0.10884183859842306, 0.24981429093346072, -0.40484518191456703, 0.04618959173615512] - [0.03663772319801476, 0.4625569013785913, -0.37771570240905755, -0.12147145765452015] - [0.14342748112789264, -0.044605579291921264, -0.2014985122608755, 0.10268092598187943]
B1: -1.5281531685038647e-08 - 5.791008028874145e-07 - 3.2735316645893894e-07 - 7.785472364711542e-07
B2: 8.291217484428269e-07 - 4.357018315677375e-07 - 4.148010572769974e-07 - -1.4441907273031566e-07
