Number: 7594
Error: 9.315724060739221e-16
A1: [0.08043170850029681, -0.18046778693754115, -0.019588833186111265, 0.11962499555115406] - [0.03741561068729677, 0.1335964168452715, -0.1347261555659157, -0.03628579442086994] - [-0.0017027916187943991, 0.22819014390017844, -0.12282835529132252, -0.10365888283777873] - [0.038863254394719264, -0.1144809986428618, -0.04641642144291333, 0.1220342479061149]
A2: [0.035307444381034135, -0.029273474473562044, -0.07569734869639075, 0.0696634091256417] - [0.10289374893170503, 0.28289669951139323, -0.39260639793330454, 0.006815994182899595] - [-0.011187113611477822, 0.5390145769853911, -0.35945102838502624, -0.16837647891756294] - [0.09786279928343435, 0.017463316370526477, -0.16885101063289232, 0.05352487825266967]
B1: 6.341534359763052e-09 - 1.2091975796754817e-08 - 1.0363453809207813e-08 - 9.273873946007771e-09
B2: 8.319589202219801e-09 - 1.0762502368081943e-08 - 8.242771557202692e-09 - 8.045186198681916e-09
