Number: 7851
Error: 7.542836515845542e-16
A1: [0.08043165211341245, -0.18046784331804117, -0.01958888950556185, 0.1196249391707171] - [0.037415649866528476, 0.13359645599484354, -0.13472611646474264, -0.03628575526333906] - [-0.0017028340028724315, 0.22819010151700278, -0.12282839761333582, -0.10365892521054074] - [0.038863195381506954, -0.11448105749046536, -0.04641648041851209, 0.12203418892958563]
A2: [0.03530737739126179, -0.02927354164860199, -0.07569741238948403, 0.06966333901365782] - [0.10289373021032402, 0.28289668063113527, -0.392606416040381, 0.006815974578888449] - [-0.011187014746171673, 0.5390146764403735, -0.3594509348067371, -0.16837637473987466] - [0.09786281718689153, 0.01746333435542309, -0.16885099358993422, 0.05352489704544618]
B1: -3.984466263026867e-08 - -1.960348208363192e-08 - 1.1600254777067986e-08 - -1.1762140968617697e-08
B2: -3.0614359066024263e-08 - 1.5187645283680568e-08 - -1.098518769983008e-08 - -3.50114756474828e-08
