Number: 6068
Error: 1.153386027483474e-14
A1: [0.08043309399295871, -0.18046640160205246, -0.019587449350264713, 0.11962638088537202] - [0.037417136015884554, 0.13359794101886044, -0.1347246332771512, -0.03628426993771743] - [-0.001702227798253837, 0.2281907077091427, -0.12282779229593212, -0.10365831916738075] - [0.03886430946961844, -0.11447994652881353, -0.04641536704019793, 0.12203530232536496]
A2: [0.03530674041781115, -0.029274180384213595, -0.07569801801366237, 0.06966267235181317] - [0.1028929530578506, 0.28289589688267347, -0.39260716769115783, 0.006815160786425042] - [-0.011188153618787005, 0.539013530774872, -0.3594520127728176, -0.16837757481016022] - [0.097861808425073, 0.01746232100502007, -0.16885195386465343, 0.05352383817344218]
B1: -1.0694260830333911e-08 - 5.681345609224897e-08 - -1.0588665549933088e-07 - -4.725967079695448e-08
B2: -6.157051718513191e-08 - -1.5559045255480547e-08 - 2.8714708804002516e-07 - -1.3463216921392872e-07
