Number: 1600
Error: 4.05255659022158e-08
A1: [-0.007993250357691543, -0.015805960485107337, 0.002161386357683164, 0.018621480307194828] - [0.06487749929498099, 0.18800906109356003, -0.14875055670627207, -0.11203007043435577] - [-0.1090415900788836, 0.44526006425590425, -0.06709379152645623, -0.25426063791027154] - [-0.02367277118190765, 0.015044503627467917, -0.030244099323167316, 0.03858778914604765]
A2: [0.13186736394075824, -0.22435533489514894, 0.0229417108508548, 0.07043276659098818] - [0.03288126434807723, 0.20398024394128206, -0.11465368037456211, -0.12122723991064921] - [-0.09448537280746033, 0.5556760421997813, -0.23506516297086813, -0.22550017320052798] - [-0.02102102086935097, -0.0194755896457303, 0.007918532775733199, 0.03199088074537509]
B1: -3.5905365774145485e-05 - -0.0008573650654195912 - 0.0005884185475680968 - -0.00024931544871566793
B2: 0.0002684663346766133 - -0.000892596777749244 - -0.00022546256832531265 - 0.00025134418169679907
