Number: 8413
Error: 7.212119906507068e-16
A1: [0.08043168566982302, -0.18046780976542132, -0.019588855989316756, 0.11962497272328224] - [0.03741559689549571, 0.1335964030639176, -0.13472616933010786, -0.036285808204963785] - [-0.0017028191758127558, 0.228190116343749, -0.1228283828079885, -0.103658910387431] - [0.03886323404539974, -0.11448101893504296, -0.046416441779256544, 0.12203422756946461]
A2: [0.03530751133447713, -0.02927340733490778, -0.0756972850377273, 0.06966347919950094] - [0.1028937274072679, 0.282896677804309, -0.39260641875145136, 0.006815971643683205] - [-0.011187095734005562, 0.5390145949694398, -0.35945101146359304, -0.1683764600794821] - [0.09786281193617845, 0.017463329080785565, -0.16885099858827102, 0.05352489153388403]
B1: 3.2103329324034527e-10 - -2.1944691873027424e-09 - -4.446712556789717e-09 - -1.8480253608280447e-08
B2: -3.7788060894801565e-10 - -1.0510957825586107e-09 - 1.4694003414707958e-09 - 2.2034459550817798e-10
