Number: 4790
Error: 5.888805861256906e-16
A1: [0.06621316141826245, -0.11395209952008069, -0.02398397052774099, 0.07172284792010346] - [0.03740260011930491, 0.1881933579621048, -0.14740895858475164, -0.078187021984467] - [-0.0602293109433865, 0.3289508581198918, -0.12775305059794798, -0.1409682634412559] - [0.03904617240765202, -0.05332267347144923, -0.037418577554470304, 0.0516951331519707]
A2: [-0.009108573453698674, -0.34680318299421, 0.24945509267796429, 0.10645668233543332] - [0.08003992632482118, 0.03628236530286692, -0.05025000235568768, -0.0660718486576819] - [-0.042452749710412636, 0.23083196806561226, -0.040531170800741666, -0.14784776183475257] - [0.0681348831956968, -0.29346773724682174, 0.14177135386490786, 0.08356197752436008]
B1: -5.260165555150815e-09 - 3.0387538508854744e-08 - -6.1424209607411014e-09 - 1.1257243996537334e-08
B2: -9.408690362248994e-10 - 5.55803388876793e-09 - 7.38710294795276e-09 - 2.92608790836795e-08
