Number: 2249
Error: 0.0001458016041039486
A1: [0.03914087705773454, -0.06517540836512893, -0.042906613827398625, -0.010798709209758985] - [0.05756358691949481, 0.1951112120350269, -0.14769948439519978, -0.09349709837625662] - [-0.16794247300334486, 0.3813809725636628, -0.1350154855438398, -0.2195790445045391] - [0.021702229355054548, 0.018895024274676382, -0.02832527775112503, -0.030306344105152178]
A2: [0.09706044142993184, -0.15242901702147815, 0.12068800562324196, 0.05451060648830275] - [0.038748468868856314, 0.20916373872395044, -0.08961643011354058, -0.12023637754920954] - [-0.170245446337992, 0.4543089367543687, -0.2967415754652612, -0.2720363607731899] - [-0.012304955849440961, 0.05165168099863605, -0.033217050096981116, 0.0797056363108824]
B1: -0.0027083079986890382 - 0.02658666317479478 - 0.02396406740258711 - -0.017413860488739153
B2: 0.00528377296934285 - 0.018726748620939995 - 0.01843254214676136 - 0.0030224071926138237
