Number: 992
Error: 0.002078530404197523
A1: [-0.028617598786135977, -0.03020322273542869, -0.0029015882191660847, -0.007016064129633754] - [0.03922219511299401, 0.16389935529864097, -0.1729718190037702, -0.13939044895165842] - [-0.10746249169673164, 0.4129399264663289, -0.06946532328099546, -0.2820719433619305] - [-0.052537991609666046, -0.0647950891117697, -0.06184195544119024, -0.031204500220312206]
A2: [0.16699263013880988, -0.16668182092867345, 0.016823823056219808, 0.005613734741723494] - [0.03857286077866941, 0.20973829372628267, -0.11362157660313618, -0.12239517302740727] - [-0.06519081650344195, 0.597844438744195, -0.2115792264591067, -0.23703143171165955] - [0.018487157980102233, 0.015848446411118176, 0.02519385603682931, 0.030241622232500258]
B1: -0.016878737460853298 - -0.015188446997789644 - -0.025794379434147106 - -0.016820721865238433
B2: 0.04543965853438878 - 0.025381320416907896 - 0.023606963084700866 - 0.028868456703773304
