Number: 6301
Error: 9.55278734828593e-16
A1: [0.08043164873847578, -0.18046784669258203, -0.019588892876464866, 0.11962493579616704] - [0.03741555598116237, 0.1335963621805484, -0.13472621016304723, -0.03628584909669397] - [-0.0017028371297063737, 0.2281900983902445, -0.12282840073559805, -0.1036589283365439] - [0.03886320719096929, -0.11448104571412913, -0.04641646861657471, 0.12203420073171371]
A2: [0.03530749470960685, -0.02927342400579797, -0.07569730084465401, 0.06966346179999125] - [0.10289379542465976, 0.28289674639893136, -0.39260635296594626, 0.006816042867824645] - [-0.011186980762869846, 0.5390147106264016, -0.35945090264099294, -0.16837633893027631] - [0.09786286012037258, 0.01746337748418962, -0.16885095272008596, 0.05352494211167489]
B1: -1.8296722530898942e-08 - 7.6506125508186e-09 - -1.117826966788166e-08 - -2.993331931419835e-10
B2: -1.4694589985933572e-08 - -1.2387142895038304e-08 - 3.114001251954532e-09 - -4.256521291473147e-09
