Number: 3705
Error: 2.620830480271149e-15
A1: [0.06621300804908577, -0.11395224946189472, -0.023984123776550327, 0.07172269480834069] - [0.03740280511504573, 0.18819355382145755, -0.14740875705830403, -0.07818682044010698] - [-0.06022968506237206, 0.3289504987994674, -0.12775341668867174, -0.14096862756314182] - [0.03904629089177725, -0.05332256101118776, -0.037418462925114394, 0.051695246850647886]
A2: [-0.009108816112954528, -0.3468034404181893, 0.24945484805545703, 0.10645642792010959] - [0.08004022794333077, 0.036282690232730494, -0.0502496727036535, -0.06607151620625418] - [-0.0424531698669223, 0.23083150435443703, -0.04053162105734628, -0.14784822651254528] - [0.06813435273144468, -0.29346832131162154, 0.14177077879050085, 0.0835613827752451]
B1: -1.740038217133262e-07 - 8.885770058224006e-08 - 2.5162955114499086e-07 - -1.0235292783043574e-07
B2: 5.896620757602684e-08 - 9.193759421532723e-08 - -5.087579742412097e-08 - -1.1997971196651907e-07
