Number: 6004
Error: 4.123118382966573e-12
A1: [0.08043052343695235, -0.18046897185640118, -0.019590016796700874, 0.11962381064602333] - [0.03741983193688291, 0.13360063487464544, -0.1347219427780919, -0.036281575535779806] - [-0.0016994609950911044, 0.2281934744805424, -0.12282502946916743, -0.10365555306517658] - [0.03886396340383432, -0.11448029159710062, -0.046415712825023145, 0.12203495650724296]
A2: [0.03531911644091214, -0.029261770140256976, -0.07568625102017947, 0.06967562524268024] - [0.10289533047069864, 0.28289829443465014, -0.3926048683051526, 0.0068176502855973025] - [-0.0111865858954348, 0.5390151079177709, -0.3594505289111691, -0.16837592285003666] - [0.09786677617254654, 0.017467311384530344, -0.16884722488304987, 0.05352905270905376]
B1: 4.487706241977107e-06 - -3.238417188521189e-06 - 1.451620046921615e-06 - 1.963316650863269e-06
B2: -1.1464692952484767e-06 - 3.753383228383782e-06 - -1.5524698403966565e-06 - -6.577175635281707e-07
