Number: 1446
Error: 1.0408103005045028e-09
A1: [-0.00702407559345948, -0.014828842053617501, 0.003167082574778419, 0.019622634404327273] - [0.06680593046232047, 0.1898644111866922, -0.14675661036198048, -0.10988550649100422] - [-0.11246960313968601, 0.44189871649733603, -0.07066888224413714, -0.25797452478671967] - [-0.023424052760704986, 0.015290348352879084, -0.029990565818309296, 0.03885373509974753]
A2: [0.13158423069583647, -0.22463030803740827, 0.022664712672148198, 0.07015870791579955] - [0.03259837950475079, 0.20370214405570639, -0.11493595602537125, -0.12150428706738309] - [-0.09463852375101506, 0.5555244408871597, -0.23521788386911166, -0.22565058844657648] - [-0.020971388072019793, -0.019417793138266696, 0.007975226744765668, 0.03204328134376228]
B1: 2.154514446117429e-05 - 3.841480671868434e-05 - 3.316123270392192e-07 - 1.7178533002012884e-05
B2: 3.3158119499550104e-05 - -2.7146398029311022e-05 - -1.4243460603713603e-06 - 5.484303900533202e-05
