Number: 8127
Error: 1.1101945101704632e-15
A1: [0.08043173137593702, -0.18046776406450893, -0.01958881033785429, 0.11962501842416684] - [0.03741553353035901, 0.13359633974676527, -0.1347262325690056, -0.0362858715350098] - [-0.0017028001269618388, 0.2281901353921882, -0.12282836378703366, -0.10365889134367502] - [0.038863237858856134, -0.1144810151323213, -0.046416437968241075, 0.12203423138053071]
A2: [0.03530733928787668, -0.029273579857335145, -0.07569744861777274, 0.06966329913443363] - [0.10289374047195168, 0.28289669097984166, -0.3926064061154584, 0.006815985324292468] - [-0.011187038924298093, 0.5390146521179786, -0.3594509576918748, -0.1683764002172211] - [0.09786280115435815, 0.01746331824992165, -0.16885100885189305, 0.05352488021651218]
B1: -3.259066792540833e-08 - -3.280415907432296e-09 - 2.841472376278858e-08 - 1.628817282642124e-08
B2: 3.315692596556509e-08 - -4.007297495084151e-08 - 5.819197615481454e-09 - 1.2091986859941933e-08
