Number: 8677
Error: 4.98830741213812e-15
A1: [0.0804316713653624, -0.18046782406824805, -0.01958887027664858, 0.11962495842047967] - [0.037415611532945245, 0.13359641769033048, -0.1347261547217185, -0.03628579357556818] - [-0.0017028198602960824, 0.22819011565927416, -0.12282838349147614, -0.1036589110717286] - [0.038863219164216006, -0.11448103377442362, -0.04641645665093907, 0.12203421269756787]
A2: [0.03530733740856196, -0.029273581741893793, -0.07569745040474521, 0.06966329716759016] - [0.10289366890793965, 0.2828966188085082, -0.39260647533131227, 0.006815910386445316] - [-0.011187220451391533, 0.5390144695082206, -0.3594511295116942, -0.16837659149810622] - [0.09786269732191913, 0.01746321394519529, -0.168851107693931, 0.053524771226540764]
B1: 6.774686201343726e-08 - -1.1126967276748134e-08 - 3.427470769393511e-08 - 4.6276525728449257e-08
B2: -2.0482567314759597e-08 - -3.0179970645196246e-08 - -5.8135583474443795e-08 - -1.949463678102584e-08
