Number: 1839
Error: 1.441314577727479e-07
A1: [-0.007051227864092188, -0.014835546929214202, 0.0031804266374724503, 0.01958008062975913] - [0.06675235693786204, 0.18981820207076147, -0.14681468415145568, -0.10994406955275426] - [-0.11161972778829798, 0.44276413621099386, -0.06982632612662965, -0.2570405902427568] - [-0.022993512729917183, 0.015750005980330616, -0.02962063571512488, 0.039316094985223364]
A2: [0.13293724744373153, -0.22333523992371812, 0.02400201025612564, 0.07147556208584244] - [0.03372396928975694, 0.20482355107207875, -0.11381303955890136, -0.12039465480505096] - [-0.0968535415995968, 0.5533649106656514, -0.2373161801008547, -0.2277155911989416] - [-0.019307160564569506, -0.017814630893947064, 0.009617893692499971, 0.033624515665807424]
B1: -0.00026922469425764766 - -0.00011579649868624235 - 0.00092476107969175 - -0.0002268177262352006
B2: -8.922143555841323e-05 - 0.0006632675226263404 - -0.00021109016105074242 - -7.134538519572927e-05
