Number: 6401
Error: 1.3289071575646364e-15
A1: [0.08043169614117658, -0.18046779929525367, -0.019588845530445025, 0.11962498319345134] - [0.03741558892820328, 0.1335963951026488, -0.13472617728165495, -0.03628581616790697] - [-0.0017028060011016193, 0.22819012951818307, -0.12282836965256927, -0.1036588972162489] - [0.038863228481560055, -0.11448102448329085, -0.0464164473395492, 0.12203422200906953]
A2: [0.03530741282261612, -0.02927350611927708, -0.0756973787017214, 0.06966337609633037] - [0.10289376094673497, 0.2828967116283864, -0.3926063863125362, 0.0068160067643879205] - [-0.0111870686692681, 0.5390146221956731, -0.359450985846262, -0.16837643156037083] - [0.09786281511352769, 0.017463332272622596, -0.16885099556366942, 0.05352489486911581]
B1: -8.906293609592663e-09 - 8.866178501938745e-09 - 1.0364968637257406e-08 - 3.2892882499694503e-09
B2: 4.44618857214481e-09 - 7.333068003044946e-09 - -9.051691043258996e-10 - -1.6800564396132918e-09
