Number: 6071
Error: 1.081404182133977e-14
A1: [0.08043300365909761, -0.1804664919256469, -0.01958753957607162, 0.11962629056186756] - [0.037417041269734067, 0.13359784634451777, -0.13472472783437509, -0.036284364631275] - [-0.0017019315866575052, 0.2281910039142933, -0.12282749651813778, -0.10365802303492729] - [0.038864197324632324, -0.1144800583591101, -0.04641547911375873, 0.12203519025005932]
A2: [0.0353070733214126, -0.029273846559751078, -0.07569770149374587, 0.06966302077165479] - [0.1028932673001244, 0.282896213792011, -0.392606863760402, 0.006815489844109794] - [-0.011187719548313059, 0.539013967434402, -0.3594516019161902, -0.16837711741465558] - [0.0978620730203341, 0.017462586803843053, -0.16885170198739569, 0.05352411591247086]
B1: -2.704187653244724e-08 - 7.722818049205303e-08 - -9.379864627510271e-08 - 2.7791161995887965e-08
B2: 1.1307839901011293e-07 - 2.513618903325829e-07 - -1.7457168569700587e-07 - -1.5822721295283936e-07
