Number: 5973
Error: 1.965801244075984e-11
A1: [0.08041313640962419, -0.18048635678593455, -0.019607381969964827, 0.11960642620169429] - [0.03742240093424219, 0.13360320152890479, -0.1347193802422333, -0.03627900873795495] - [-0.0017167798621425601, 0.22817615614133835, -0.12284232230495774, -0.10367286697341886] - [0.038845899005559424, -0.1144983049456022, -0.04643376464477741, 0.12201690388128163]
A2: [0.035238606772863786, -0.029342504184211023, -0.07576279908592844, 0.06959136306543051] - [0.10286108397723141, 0.28286375609257997, -0.39263799164531965, 0.006781788871376103] - [-0.011143880366061247, 0.539058068634986, -0.3594101072286321, -0.16833092255989532] - [0.09785391147598058, 0.01745438783090164, -0.16885947140352078, 0.05351554898273813]
B1: -2.3841284387232617e-06 - 9.66445457803737e-06 - 9.41335399404026e-06 - -2.7355917925929156e-07
B2: -1.8442783216846151e-06 - 1.8774972673559804e-06 - 5.211501807984511e-06 - 4.621784784093847e-06
