Number: 8570
Error: 1.733615886567367e-15
A1: [0.08043165348716226, -0.1804678419444129, -0.019588888133471347, 0.11962494054432213] - [0.037415524145089, 0.1335963303686274, -0.13472624193546254, -0.03628588091501641] - [-0.001702813929031984, 0.2281901215904061, -0.12282837756889861, -0.10365890514205701] - [0.03886320555760897, -0.1144810473428361, -0.04641647024887755, 0.12203419909941794]
A2: [0.03530733515803632, -0.029273583998621913, -0.07569745254448924, 0.06966329481215049] - [0.1028936736362331, 0.2828966235769368, -0.39260647075815436, 0.006815915337639995] - [-0.011187141427518624, 0.5390145490034373, -0.35945105471364297, -0.1683765082281575] - [0.09786271383085537, 0.017463230529240727, -0.1688510919784216, 0.05352478855548256]
B1: 7.768363134345911e-10 - 2.7411229134628168e-08 - 6.417070333413767e-10 - 1.758298724022263e-08
B2: -7.673018525403368e-09 - -4.370269709444075e-08 - -3.7344387602903954e-09 - -8.108869343793836e-09
