Number: 5954
Error: 5.614816148318516e-11
A1: [0.08043795647466265, -0.1804615404521074, -0.019582591254419468, 0.11963124360503787] - [0.03735748181268323, 0.13353833146341373, -0.13478417044301877, -0.03634389214798095] - [-0.001716047626932797, 0.22817688838200895, -0.12284158977512487, -0.10367213422054121] - [0.0388741564624436, -0.11447012613266253, -0.04640552427610142, 0.12204514412454964]
A2: [0.0353664493951219, -0.029214311171929703, -0.07564124907245033, 0.0697251649988679] - [0.10297929606694868, 0.2829829674472918, -0.39252366056996507, 0.0069055729181253375] - [-0.011136487972949576, 0.5390655025897414, -0.3594031115967023, -0.16832313377726424] - [0.09791299417193099, 0.017513736601528072, -0.1688032297202325, 0.053577566484939734]
B1: -8.33729446272607e-06 - -1.7071324769790185e-06 - 1.8457329146915645e-05 - 9.241218328407008e-06
B2: 7.943946759191398e-06 - 5.566523195830333e-06 - 1.2035358927010323e-05 - -5.763636799783639e-06
