Number: 3905
Error: 1.0254652534356967e-15
A1: [0.06621313106839756, -0.11395212919170217, -0.023984000853767132, 0.07172281762121364] - [0.03740255410285799, 0.18819331399651051, -0.14740900382245287, -0.07818706722614566] - [-0.06022945390057378, 0.3289507208173995, -0.1277531904874048, -0.14096840257852897] - [0.03904614811609024, -0.05332269652817237, -0.03741860105581753, 0.05169510984149297]
A2: [-0.009108644321401052, -0.34680325817379853, 0.2494550212369938, 0.10645660803454343] - [0.08003977845058088, 0.03628220599996497, -0.05025016397383335, -0.06607201164813388] - [-0.04245296062032093, 0.2308317352923579, -0.04053139682027515, -0.14784799509318386] - [0.06813472452372843, -0.29346791195135863, 0.14177118184956747, 0.08356179962400369]
B1: -5.256674637251123e-08 - -2.790105364700489e-08 - -9.956101499131517e-09 - 6.0938822447318e-08
B2: -9.691216724023504e-09 - -2.0426305606274147e-08 - 3.4797126502614856e-08 - -2.9319483379386627e-08
