Number: 4307
Error: 8.5621721625606885e-16
A1: [0.0662131782399345, -0.11395208307431667, -0.02398395371925305, 0.0717228647135832] - [0.03740257128227466, 0.18819333041027422, -0.1474089869337615, -0.07818705033596607] - [-0.06022929826161149, 0.3289508702999837, -0.12775303818834455, -0.14096825109857258] - [0.03904613420306091, -0.05332270973386168, -0.0374186145161836, 0.05169509649039664]
A2: [-0.009108551270037322, -0.3468031594607709, 0.2494551150412015, 0.10645670559390286] - [0.08003990088609349, 0.036282337898094354, -0.05025003015878474, -0.06607187669681501] - [-0.04245274192798327, 0.2308319766548465, -0.04053116246085917, -0.14784775322764007] - [0.06813477268715228, -0.29346785892129523, 0.14177123406339315, 0.08356185362412487]
B1: 4.5926782593004476e-09 - 3.622090553942329e-08 - 1.8112912909770275e-08 - -9.19820249317978e-09
B2: 4.580216407567226e-08 - 1.3436451908574613e-08 - 3.212534205623861e-08 - -4.5084153436787304e-08
