Number: 9715
Error: 2.7784931254314625e-15
A1: [0.05317256633265297, -0.14800125477762763, -0.026999031146389803, 0.1218278381821628] - [0.005313727482996203, 0.1308367019423931, -0.11360073610797072, -0.022549755699450075] - [-0.014444495896421817, 0.2230916015024396, -0.12704119890151733, -0.08160595232577332] - [0.027146487804107836, -0.10002001033000267, -0.0494244806329223, 0.1222981481824774]
A2: [0.08925451387338156, -0.07291331785861398, -0.12362736941245213, 0.10728643629117827] - [0.10884143965672344, 0.24981389191793132, -0.40484557294851375, 0.046189186080923636] - [0.03663543675023005, 0.4625546268150479, -0.37771793318541497, -0.12147376782669586] - [0.14342626300735767, -0.04460679288110503, -0.20149970165711997, 0.10267968977610124]
B1: 3.8977322643984296e-08 - 3.985621379728927e-08 - -1.5366773389776838e-07 - 3.059157368866277e-08
B2: -9.989500944765132e-09 - -8.838341677117426e-10 - -5.9343495995917166e-08 - -1.1167247918252284e-08
