Number: 6658
Error: 9.633295868481598e-16
A1: [0.08043167448901169, -0.1804678209449666, -0.019588867156720306, 0.11962496154375928] - [0.03741559503458572, 0.13359640120441027, -0.13472617118743982, -0.0362858100649075] - [-0.001702884946513756, 0.22819005057445294, -0.1228284484823928, -0.10365897614059191] - [0.03886325192947703, -0.11448100110117658, -0.04641642390657359, 0.12203424544241305]
A2: [0.0353074246112424, -0.02927349429804433, -0.07569736749325534, 0.06966338843441613] - [0.10289376133688775, 0.2828967120218501, -0.3926063859351842, 0.0068160071729329854] - [-0.011187179426189008, 0.5390145107781298, -0.35945109068006015, -0.1683765482688462] - [0.09786276786631488, 0.017463284810497273, -0.16885104053994515, 0.05352484527490928]
B1: 2.41879755348358e-09 - 1.4328943647177881e-08 - -2.061908098753873e-08 - -6.057234860695711e-09
B2: -1.4358130515326153e-09 - 1.28055340139836e-08 - -4.0197337261094926e-08 - 1.867859770544329e-08
