Number: 5153
Error: 1.4910751097264978e-15
A1: [0.0662130910231076, -0.11395216834216484, -0.023984040867664137, 0.07172277764308234] - [0.03740265221069169, 0.18819340773195326, -0.1474089073748735, -0.07818697077006413] - [-0.06022954485396216, 0.32895063346132686, -0.1277532794891452, -0.1409684911013578] - [0.03904606715811148, -0.05332277337043059, -0.03741867937995214, 0.05169503215325555]
A2: [-0.009108482365153488, -0.34680308636363055, 0.24945518450337986, 0.10645677783676052] - [0.08003982014578136, 0.03628225091770995, -0.05025011840319794, -0.06607196569060156] - [-0.04245284953113102, 0.23083185789750743, -0.040531277772448575, -0.14784787223243284] - [0.06813476467530301, -0.29346786774269223, 0.1417712253774624, 0.0835618446414533]
B1: -1.1469955531207533e-08 - 2.6108865520356658e-08 - 3.811449288726396e-08 - 2.759729876550356e-08
B2: 9.299346897499703e-09 - -5.927955861696495e-08 - 5.1975789538714e-08 - -1.4604658896243418e-09
