Number: 8771
Error: 2.0738754838856405e-08
A1: [0.08038947171542636, -0.1805100119627591, -0.019631016621242336, 0.11958276564879264] - [0.03733009407003727, 0.13351098022670724, -0.1348114967340242, -0.036371259035723955] - [-0.0017412115303344433, 0.2281517291178732, -0.12286671737982871, -0.10369729134255633] - [0.038857896624489845, -0.11448633631476801, -0.0464217713304706, 0.12202889522661704]
A2: [0.035506549106790276, -0.029073834101645477, -0.07550803990990639, 0.06987180213315572] - [0.10294887549723254, 0.2829522787434678, -0.39255307633217057, 0.006873725977164981] - [-0.010916464703746744, 0.5392868256111538, -0.3591948507605995, -0.16809127738530885] - [0.09802916553386186, 0.01763042391256482, -0.16869263771104337, 0.05369951682565281]
B1: 1.652479266419743e-05 - 4.299411965751728e-05 - -1.6513517253673564e-05 - 2.0669454772415392e-05
B2: -0.00013732152532141217 - -5.981443499917273e-05 - -0.00018541893952344615 - -0.00011760319957277251
