Number: 129
Error: 0.00014917808181376757
A1: [0.018690823080828742, 0.0175175981075539, 0.0530227257288285, 0.04247825313283114] - [0.08892068488818065, 0.21219393047420787, -0.12202235941666545, -0.08487658560545747] - [-0.06812482019390183, 0.4502056549258164, -0.02229511672789468, -0.2381882013270107] - [0.03149348235064461, 0.014638088551699121, 0.03210685788620764, 0.06249627708809805]
A2: [0.21284550019117202, -0.11811325286975972, 0.05876150167584711, 0.04725371309549158] - [0.07111529424072362, 0.241828791087391, -0.08286773381637051, -0.09208078809933727] - [-0.04012448305922176, 0.6267439679473692, -0.1906524781610063, -0.21545754833998698] - [0.04403207128932233, 0.04305526237717927, 0.048345704100981345, 0.052743461200168734]
B1: 0.00032298666697202095 - 0.14043740755469608 - 0.0010621233849458843 - 0.003066467368513791
B2: 0.004490009600932936 - 0.15434226490848746 - -0.001983892458862749 - -0.0011674031238208147
