Number: 4901
Error: 9.273597184551609e-16
A1: [0.06621314755266763, -0.11395211307580493, -0.02398398438243062, 0.07172283407780998] - [0.037402566348981044, 0.18819332569685293, -0.14740899178356268, -0.07818705518621176] - [-0.060229325602623944, 0.3289508440405274, -0.1277530649425775, -0.14096827770874604] - [0.0390461526639779, -0.05332269221139836, -0.037418596655784286, 0.051695114205751444]
A2: [-0.009108521270038833, -0.34680312763558213, 0.2494551452838734, 0.10645673704714119] - [0.08003988096132252, 0.03628231643341736, -0.05025005193536346, -0.06607189865834934] - [-0.042452814158789785, 0.23083189693653502, -0.040531239866050964, -0.14784783311211022] - [0.06813473321249028, -0.29346790238451387, 0.1417711912689458, 0.08356180936588294]
B1: -1.124158150001861e-08 - 2.7451929962908382e-08 - -2.1151169357951904e-08 - -3.740487253554771e-08
B2: -1.5769106318355634e-08 - -2.194031849946733e-08 - -1.778711035748178e-08 - 1.0605207054416804e-08
