Number: 2020
Error: 0.00010158307543293416
A1: [0.01928911298407708, 0.010750807235729938, 0.02748402841193916, 0.04615777999022595] - [0.04671957019078723, 0.17038952056411846, -0.16788751128363347, -0.132296562808584] - [-0.06680327699193049, 0.48854292898834445, -0.02508362378239864, -0.2081854889831145] - [-0.0008894794735689448, 0.03823852382102759, -0.007917668434609887, 0.06314044949424712]
A2: [0.12793384346386702, -0.2299822879021534, 0.021512610300740434, 0.0678898951436767] - [0.04518675483254838, 0.21503928565168354, -0.10258243072557614, -0.1095312003823095] - [-0.11456832001589953, 0.533307323869127, -0.252616720138135, -0.24522243284650352] - [-0.05383002531614277, -0.05607229068349044, -0.024225218731339815, 0.0005977423668671322]
B1: -0.004515503772887633 - 0.002038963209981941 - 0.006635367963182081 - -0.002784185966072431
B2: 0.007113309478967083 - 0.008960781278208497 - 0.014171537947495606 - 0.004060306726451468
