Number: 474
Error: 6.995268794716954e-13
A1: [-0.01215408031713252, -0.01451787514890217, 0.018086524676904952, 0.00858236379871922] - [0.0658362188483528, 0.18949620691092528, -0.1453215534838109, -0.1100074658106519] - [-0.09629202546954502, 0.4217871034004851, -0.05345619536570371, -0.2720345125317359] - [-0.0013207647251486934, -0.018218537416584753, -0.0038343277052480837, 0.023377593805747058]
A2: [0.1615873013865475, -0.16775420365442895, 0.00850190281447384, -0.0023325034351803827] - [0.03548794655745228, 0.2075189090888661, -0.11720821049602105, -0.12578985484734953] - [-0.08621215530847837, 0.5815394826810442, -0.2353873747111531, -0.2599342133148764] - [-0.0038329251740216374, -0.004517281625713727, 0.0011122781028311019, 0.007245346540926186]
B1: -1.8118909324215997e-06 - -1.5412509915035354e-06 - 9.333892412896221e-07 - -1.6062471506954264e-08
B2: 2.0357703552901064e-06 - -1.7741511651906765e-06 - 4.220028319069194e-07 - -5.051801792478556e-07
