Number: 5417
Error: 1.6351050194471203e-15
A1: [0.06621320433895496, -0.11395205755840823, -0.02398392764067076, 0.07172289076883001] - [0.037402549794044226, 0.18819330987984992, -0.14740900805823917, -0.07818707146233787] - [-0.06022934500186768, 0.328950825408338, -0.12775308392542054, -0.14096829658938573] - [0.039046100409563335, -0.053322741809241826, -0.03741864721006645, 0.05169506406192185]
A2: [-0.009108604160038107, -0.34680321556854626, 0.24945506172280277, 0.10645665014170337] - [0.08003984846079286, 0.036282281421091085, -0.05025008745626255, -0.06607193448115803] - [-0.04245296787527818, 0.2308317272861708, -0.040531404594628825, -0.14784800311599108] - [0.06813454849450022, -0.2934681057661187, 0.14177099101713217, 0.08356160226413328]
B1: 7.192332474757045e-08 - 4.679118524012692e-08 - -2.4994044328115827e-09 - -3.0169213117320544e-08
B2: -3.62532462046005e-08 - -5.933388901902579e-08 - 1.6284052522276823e-07 - -5.58755095034263e-08
