Number: 1731
Error: 3.227466624040394e-08
A1: [-0.009822654854960053, -0.017659233811929305, 0.0002583266896967029, 0.016734064001615603] - [0.06698867248701337, 0.19004073836010907, -0.14656875112704376, -0.10968240962135159] - [-0.1107765168718345, 0.44353888140783804, -0.06892274405739765, -0.25614230544464955] - [-0.020226471000100006, 0.01841774279947124, -0.02674062937242671, 0.042225786038122194]
A2: [0.1300906448383201, -0.22608255799003243, 0.021201775030555054, 0.06869491650574958] - [0.03344117322721017, 0.2045323955614378, -0.11409616772255465, -0.12067487026460028] - [-0.09946021165269595, 0.5508044333732387, -0.23993922289064148, -0.23038293455046144] - [-0.021305510182717695, -0.01973811618671815, 0.007644142631352931, 0.03171564429607066]
B1: -0.00026017599584059165 - 0.0008160830543732945 - 0.00022873951532421043 - -0.0005897013919819415
B2: -0.0006312047577460985 - 0.0008346224015104064 - 0.00018786900554144592 - -0.0004842070431536278
