Number: 6851
Error: 1.1572482837620312e-15
A1: [0.08043166063842647, -0.18046783479398262, -0.0195888809907453, 0.11962494769475548] - [0.03741555792437915, 0.13359636412229062, -0.13472620822370424, -0.03628584715455768] - [-0.001702854741470919, 0.22819008077885064, -0.12282841832157433, -0.10365894594361] - [0.038863199355787484, -0.1144810535273241, -0.046416476446763937, 0.12203419290139811]
A2: [0.03530741813166048, -0.029273500795547962, -0.07569737365396007, 0.06966338165283166] - [0.1028937487502737, 0.2828966993284118, -0.39260639810879167, 0.0068159939929063945] - [-0.011187063344339795, 0.5390146275523554, -0.3594509808060828, -0.1683764259493306] - [0.0978628153563605, 0.017463332516558138, -0.1688509953325025, 0.05352489512400381]
B1: 5.407134886106789e-09 - -2.2035733955525778e-08 - 1.794506324079098e-08 - 2.751105924263511e-09
B2: 4.299805040608025e-09 - 2.463046879265135e-10 - -7.314758760801381e-09 - 5.2743885646199986e-11
