Number: 5197
Error: 1.2934690934531635e-15
A1: [0.06621315578813704, -0.11395210502439167, -0.023983976153451384, 0.07172284229942796] - [0.03740260172165428, 0.18819335949307983, -0.14740895700948203, -0.07818702040906189] - [-0.06022918401289081, 0.32895098002969975, -0.12775292639114136, -0.14096813990241966] - [0.0390460795797047, -0.053322761580277774, -0.037418667362433225, 0.051695044073191115]
A2: [-0.009108641644861816, -0.3468032553340831, 0.24945502393495664, 0.10645661084104407] - [0.08003980901220449, 0.03628223892367461, -0.05025013057153654, -0.0660719779622731] - [-0.04245286275181602, 0.23083184330640424, -0.040531291940225915, -0.14784788685395098] - [0.06813471624405076, -0.2934679210674167, 0.14177117287345414, 0.08356179034130681]
B1: 6.404859009038383e-09 - -3.184210982486784e-08 - -1.0810739599658039e-09 - 3.788910694380371e-09
B2: -1.165074545495126e-08 - -3.990565079770924e-08 - 6.243817531641738e-08 - -2.8171493527985887e-08
