Number: 1811
Error: 9.93830634269783e-08
A1: [-0.00900455748329287, -0.016820596201006503, 0.0011488673782806286, 0.017564194324234374] - [0.06694334871719537, 0.19000228139667696, -0.14661716029687874, -0.10973162338499574] - [-0.1141907769060204, 0.4402336691019483, -0.07250647290900245, -0.2598326798147637] - [-0.022770173179416233, 0.01596881896531506, -0.029390779896557653, 0.039551738866969804]
A2: [0.1333747500227134, -0.22289239020836296, 0.02443932089038294, 0.07191602404419639] - [0.03216883208501562, 0.2032893984555909, -0.11536192658690402, -0.1219178134734141] - [-0.09564300357397354, 0.5545727896173788, -0.23611670731719248, -0.2265163146806948] - [-0.02012269253494109, -0.018620949569856802, 0.008809565749534011, 0.03284140858290638]
B1: 0.00012658887383714865 - -0.0003033192913503965 - 0.001527542462944135 - -0.0002714159518749154
B2: -8.68791266338037e-05 - 0.0002926971024917702 - 0.0005759412366234003 - 2.8636276390951997e-05
