Number: 9340
Error: 4.6923872641438954e-11
A1: [0.053175103666540456, -0.14799871377312274, -0.026996494673133403, 0.12183037884088956] - [0.005315827264993536, 0.1308388025727512, -0.11359863905354349, -0.022547657987227118] - [-0.014493655078466849, 0.22304242356997334, -0.12709031732367848, -0.08165512582150711] - [0.027161616545761023, -0.10000487949975136, -0.049409318644619386, 0.12231331606732039]
A2: [0.08931150684022023, -0.07285645696564036, -0.12357166423214282, 0.10734413261760319] - [0.1088220848163752, 0.24979453871605115, -0.4048645465646087, 0.04616950860650523] - [0.03668161494030689, 0.4626005654249213, -0.3776728822770719, -0.1214271100432455] - [0.1435023524254499, -0.04453098539366903, -0.2014254108633016, 0.10275690929021931]
B1: 4.045917501092115e-05 - 6.148801822713831e-06 - -1.846601593563435e-07 - -2.2184983278913034e-05
B2: 1.371096589749756e-06 - 1.0155700488004292e-05 - -4.74364783463857e-06 - 3.243610386420943e-06
