Number: 3583
Error: 1.691837733073404e-11
A1: [0.06620897402178892, -0.1139561934584105, -0.02398815485288975, 0.07171866751816577] - [0.037396922271693014, 0.18818793312377982, -0.14741454038632262, -0.07819260417446262] - [-0.06023546382220091, 0.3289449485248382, -0.12775907125264724, -0.1409742522073696] - [0.039059999693401785, -0.053309549129211826, -0.03740520013719008, 0.05170840185179825]
A2: [-0.00907641696942298, -0.3467690698841284, 0.2494875093710182, 0.10649039697404271] - [0.08004172554176289, 0.03628430362454995, -0.050248035932427076, -0.06606986558248966] - [-0.042441025280899186, 0.2308449078725564, -0.04051860669884234, -0.14783479507369318] - [0.068143854610761, -0.29345785940681085, 0.14178107998809514, 0.08357203626436596]
B1: -7.220411666563731e-06 - 6.045634489478061e-07 - -1.1297749955693963e-05 - 8.149098016760052e-06
B2: 1.1940238702732438e-06 - -4.483152222653241e-06 - -9.367442697818943e-06 - -8.621046230903402e-07
