Number: 5016
Error: 1.2116674064811164e-15
A1: [0.06621317611582886, -0.11395208515092234, -0.023983955841678034, 0.0717228625930423] - [0.037402656815294956, 0.1881934121313073, -0.14740890284822541, -0.07818696624301079] - [-0.060229278283576354, 0.3289508894879017, -0.12775301863892058, -0.14096823165412065] - [0.03904620338225834, -0.05332264407146202, -0.03741854758750186, 0.05169516287562127]
A2: [-0.009108666332819995, -0.3468032815241985, 0.24945499904742582, 0.1064565849569918] - [0.08003980746377522, 0.0362822372555676, -0.050250132263919, -0.06607197966899002] - [-0.04245286957753137, 0.23083183577313401, -0.04053129925486237, -0.14784789440297771] - [0.0681347382996395, -0.29346789678334034, 0.14177119678389435, 0.0835618150695183]
B1: -1.454916441757727e-08 - -2.3442230211459216e-09 - 6.858113011933115e-09 - 7.141796420874605e-10
B2: 1.5432087742078256e-08 - 1.5792029481437383e-09 - -6.503049946713279e-08 - 1.5666747524342385e-08
