Number: 121
Error: 0.00012862641056710433
A1: [-0.011184224464750077, -0.01387349153008372, 0.019761699064502956, 0.01063117332427049] - [0.08535149069804658, 0.20925691939757302, -0.12599332879974667, -0.0893744150994958] - [-0.09033279529672535, 0.428598517221134, -0.046481049964529994, -0.2640979505911739] - [0.012058234215707373, -0.0041126600444965945, 0.01139691029883574, 0.04005820967862837]
A2: [0.22017336571224033, -0.11079607585008089, 0.06594104477909357, 0.05440785271097927] - [0.0536475592820402, 0.2240517897764096, -0.10077021030907778, -0.10966355567581904] - [-0.04040776531150744, 0.6267196062131243, -0.1909732071187633, -0.2157925183898296] - [0.05926687518887104, 0.0585953843111403, 0.06350681536755468, 0.06739179488444959]
B1: -0.0009760997206832205 - 0.19218028261287337 - 0.0029765331946102324 - 8.462702224246946e-06
B2: 0.00942556394556245 - 0.18911984830264972 - 0.0034858882527199746 - 0.002638281107468085
