Number: 5549
Error: 1.6987020419905659e-10
A1: [0.06621138857729325, -0.11395383021690314, -0.02398573974162132, 0.07172107961974135] - [0.03740836326900505, 0.18819886543868825, -0.14740329189861284, -0.07818135511162616] - [-0.060220443740474576, 0.3289593772386339, -0.12774437091506888, -0.14095963102148595] - [0.03907831740152797, -0.053292162177419215, -0.03738747754000218, 0.05172598076897671]
A2: [-0.00920097492274389, -0.34690120687783405, 0.2493619439780711, 0.10635980602534335] - [0.08003645276624631, 0.036278623421575326, -0.05025379910652249, -0.06607567746622847] - [-0.04249388595470501, 0.230786567888726, -0.040575254928152296, -0.1478932573968132] - [0.06807770128373915, -0.2935306970521944, 0.1417093627599675, 0.08349786593985062]
B1: 3.3057033524656723e-06 - 3.886868113195146e-06 - 1.157307345509156e-05 - 1.4637980242416692e-05
B2: -4.829887967895626e-06 - 2.4555895491579237e-06 - -6.471517755078914e-06 - 4.349506963387855e-06
