Number: 2118
Error: 0.00038415626960328265
A1: [-0.0654614414299989, -0.10551287321346328, -0.16046080103385474, -0.03489839862905526] - [0.06883811272775314, 0.1998773720017857, -0.1382942542136527, -0.09815057403898793] - [-0.2409125553057324, 0.2843897912132493, -0.27964950206987277, -0.27998084252593786] - [0.2808173151726239, 0.29599102527332444, 0.2897639596562764, 0.2263270478100083]
A2: [0.08070553452173714, -0.2785729770664724, -0.017290382835937347, -0.029988765032000493] - [0.07272723328738066, 0.22609851650351107, -0.0783966738286439, -0.0967745323985156] - [-0.159597626835633, 0.3522874350114267, -0.3566962917193771, -0.4558864794875838] - [0.022546439223754725, 0.04787893544513156, -0.045338125195526296, 0.10694283990192804]
B1: -0.01769389757864497 - -0.056173526308583584 - -0.04488571680671492 - -0.02138238226021139
B2: -0.07810114855427311 - -0.021979605031194498 - 0.018273813781087396 - -0.008504238406280106
