Number: 7868
Error: 6.064581963470611e-16
A1: [0.08043168703121696, -0.1804678084041915, -0.019588854629509288, 0.1196249740845332] - [0.0374156306518796, 0.13359643679473374, -0.134726135641109, -0.03628577446734642] - [-0.0017028194304902122, 0.22819011608907414, -0.12282838306229003, -0.10365891064204771] - [0.03886323829044956, -0.11448101470194089, -0.046416437536912686, 0.12203423181185931]
A2: [0.0353073849802376, -0.02927353403863842, -0.07569740517397366, 0.06966334695633496] - [0.10289370680215629, 0.28289665702430294, -0.3926064386804685, 0.006815950067137241] - [-0.011187088762089903, 0.5390146019829889, -0.3594510048645061, -0.1683764527329301] - [0.09786278616110601, 0.017463303188512875, -0.16885102312450884, 0.053524864478511056]
B1: -2.1190626881481795e-08 - -1.4877913969756904e-08 - 8.875879132212917e-09 - -7.2047404626369315e-09
B2: -9.883527596488092e-09 - -7.40073730544511e-09 - -2.310265511256536e-09 - -1.1508300181368914e-08
