Number: 172
Error: 2.743364403176496e-06
A1: [-0.01467166109349137, -0.01726472444776897, 0.015053393656819384, 0.0056538271769162] - [0.07069736191822627, 0.19417460737489942, -0.14031425681642176, -0.10459447921931993] - [-0.08883257073225127, 0.4291106724581356, -0.04533757170628562, -0.263333897626695] - [-0.005801841831382789, -0.02261860055179146, -0.008348811977013652, 0.018209285929298265]
A2: [0.18193868317758355, -0.14790821486873879, 0.028565548482866156, 0.01717038594929583] - [0.04944999315470601, 0.22123685289023126, -0.10333005883263616, -0.11220003077716448] - [-0.07867815824956981, 0.5887976941994518, -0.22809009248318926, -0.2529187079606021] - [0.003238986284246824, 0.0024329920317118095, 0.008122589929926562, 0.013877213926664043]
B1: -0.0026640434399434736 - -0.003633548865000465 - 0.0040870482428560385 - 0.0026018628564239317
B2: 0.0036020532082621255 - -0.007079673211982997 - 0.005869492967763831 - 0.00028432771896221704
