Number: 7022
Error: 1.1260694893806794e-15
A1: [0.0804317069832755, -0.180467788454382, -0.019588834701307224, 0.11962499403431262] - [0.03741559132466323, 0.13359639749729585, -0.13472617488996802, -0.0362858137727746] - [-0.0017027969648555127, 0.22819013855423326, -0.12282836062955367, -0.10365888818241445] - [0.03886320110356253, -0.11448105178445384, -0.04641647470010169, 0.12203419464808728]
A2: [0.03530744647429432, -0.029273472374520583, -0.07569734670614209, 0.069663411316472] - [0.10289372338204468, 0.28289667374488436, -0.3926064226446111, 0.006815967428670344] - [-0.011187116496237045, 0.5390145740834223, -0.35945103111550997, -0.168376481957351] - [0.09786280057169093, 0.01746331766463881, -0.16885100940655023, 0.05352487960491419]
B1: 2.9470781898607894e-09 - -7.81034683748171e-09 - -3.5013971539371843e-09 - 4.810463971059177e-10
B2: 6.979917097442213e-09 - -5.488940861568815e-09 - 1.70467361904226e-08 - -2.8385731369158535e-08
