Number: 4657
Error: 1.4283482612083475e-15
A1: [0.06621315217213956, -0.11395210855958822, -0.0239839797666112, 0.07172283868950446] - [0.03740257654737365, 0.18819333544071537, -0.14740898175777145, -0.07818704515953138] - [-0.060229499374586604, 0.3289506771419872, -0.1277532349856765, -0.1409684468372852] - [0.0390460441476797, -0.05332279521107661, -0.0374187016417873, 0.05169501007222933]
A2: [-0.009108687308976756, -0.34680330377673246, 0.24945497790143975, 0.10645656296446007] - [0.08003975787279796, 0.03628218383186933, -0.0502501864640767, -0.06607203432935606] - [-0.042452933015439884, 0.23083176575911749, -0.04053136723746853, -0.14784796456286248] - [0.06813462310525432, -0.29346802361729124, 0.14177107190208818, 0.08356168591548115]
B1: -2.950106830066021e-10 - 1.5478178698306768e-08 - -9.221102313176082e-09 - -2.206683826980791e-08
B2: -7.521087200433436e-09 - -2.743209909117792e-08 - -9.559527143734036e-09 - -2.0379388936819076e-08
