Number: 9338
Error: 9.961806540242655e-11
A1: [0.05316012153239084, -0.1480137017202434, -0.027011460300518535, 0.12181538927428445] - [0.005348599309947495, 0.13087161001989284, -0.1135658719676104, -0.02251484046681218] - [-0.014527478679791846, 0.22300858676030913, -0.1271241138849529, -0.08168896079975031] - [0.027166520110939073, -0.0999999758038504, -0.04940440486711919, 0.12231823144049261]
A2: [0.08931295051564528, -0.07285501583873681, -0.12357025322968895, 0.10734559423621201] - [0.10882880764016392, 0.2498012630502825, -0.4048579569905109, 0.04617634464234798] - [0.03668747292220018, 0.46260639327469466, -0.3776671672795881, -0.12142119118914714] - [0.1435106084629636, -0.04452275976018421, -0.20141735033558922, 0.10276528803513461]
B1: 3.948129302375491e-05 - 4.207766021004212e-06 - -1.4518925654494938e-06 - -2.4336017207681632e-05
B2: 8.474309198881528e-06 - 1.4633618793732677e-05 - -1.6080878933781017e-05 - 1.5110882270112593e-05
