Number: 4809
Error: 9.770432743856197e-16
A1: [0.06621316813724851, -0.11395209295123729, -0.023983963814022867, 0.0717228546278194] - [0.03740259463944822, 0.18819335272647456, -0.147408963971868, -0.07818702737205913] - [-0.060229372247794434, 0.3289507992403512, -0.127753110586839, -0.1409683231074988] - [0.039046198993419934, -0.053322648237216996, -0.037418551833609155, 0.051695158663988744]
A2: [-0.009108458088142691, -0.3468030606095646, 0.24945520897693477, 0.10645680328978353] - [0.08003987589752963, 0.036282310978260034, -0.05025005746980856, -0.06607190423978543] - [-0.04245280710959234, 0.23083190471643578, -0.0405312323118926, -0.14784782531595744] - [0.06813468027827166, -0.2934679606673267, 0.14177113388318402, 0.08356175001694821]
B1: 2.0222793014138322e-08 - 1.9703398171354562e-08 - 1.1985532364036232e-08 - -2.677807230562435e-08
B2: -9.87109106505613e-10 - 2.137464568326994e-09 - -6.980624080101904e-09 - 9.845433857248226e-09
