Number: 9014
Error: 0.00024009667018138402
A1: [0.15031587090468967, -0.07398842049864693, 0.07009238563512053, 0.21185145595478516] - [0.016773855033553643, 0.13925988171886655, -0.10478676153451348, -0.013140072287177026] - [0.03477838065008898, 0.27974797555019676, -0.0547590096809034, -0.02587886605028211] - [0.05806237609111509, -0.07024323385676651, -0.01345967541811975, 0.15335468123730736]
A2: [0.10044668829299169, -0.04717667134869437, -0.09447200236646876, 0.13415194915889095] - [0.1658276889780772, 0.2875028221781885, -0.3644094001808296, 0.08501963042051344] - [0.04277415071949303, 0.4790536623741529, -0.3851702932468366, -0.11161414386148634] - [0.17545067750908594, -0.007895393222135082, -0.17013370071608042, 0.1388251881561935]
B1: 0.008567399496349456 - 0.0009931391817518242 - 0.015078594842916638 - 0.00823697757911572
B2: 0.012132140960107632 - -0.010866605340574053 - -0.020041840122483938 - -0.004330108728485077
