Number: 2394
Error: 6.633998531279291e-06
A1: [0.07659558712769755, -0.035815120278222604, -0.011565290372646883, 0.020501705615711692] - [0.047775184485940786, 0.19496422676874842, -0.13874560501430952, -0.08791776455777894] - [-0.12146826626301763, 0.41756104971243296, -0.10239975597611184, -0.1850146172890091] - [0.037550065110330356, 0.020405658988638598, -0.03198597890999054, -0.022303851334759258]
A2: [0.06191566888320011, -0.17524855240248413, 0.08529468416290598, 0.022681380287432953] - [0.037287758213633095, 0.20821098059060975, -0.09379570124642962, -0.12012308204933822] - [-0.09716145016453943, 0.5107616187054659, -0.22861714912621087, -0.198090457518099] - [-0.03052535456311707, 0.01389595324429733, -0.05425321603139401, 0.052650651250155396]
B1: -0.002143232046693461 - 0.007192028067565045 - -0.0015344982129760973 - -0.0035211951445392213
B2: -0.002196784019066003 - 2.9911115083439827e-05 - -0.0005820899823668728 - -0.0022984585300222207
