Number: 9285
Error: 1.9300862717037985e-09
A1: [0.05289876947534097, -0.14827514562015107, -0.02727248608273439, 0.12155391593952748] - [0.005151086314401055, 0.1306739266946108, -0.11376329603353559, -0.022712564112889747] - [-0.014731380190129317, 0.22280462183865452, -0.12732782546252883, -0.08189294394412394] - [0.026801797349456803, -0.10036467848169597, -0.04976982336224871, 0.12195263832081187]
A2: [0.08937559485384465, -0.07279239994471831, -0.12350904949273576, 0.10740905151754758] - [0.10900291829292719, 0.24997547825923147, -0.404687331506183, 0.04635341743695231] - [0.03674945091907064, 0.46266811899552257, -0.3776067109845476, -0.12135855495071257] - [0.1435379178644389, -0.04449552864708306, -0.20139067851670717, 0.1027929797245911]
B1: -2.1419485283715376e-05 - -4.274504048824469e-06 - 1.0655612105582135e-05 - 2.6314786587823954e-05
B2: 1.22576769914674e-05 - -0.0001383783201018316 - 6.704686212089888e-05 - -5.52430462949115e-05
