Number: 2676
Error: 1.047537672263197e-08
A1: [0.06372420840521968, -0.047584293798503464, -0.02315704958929999, 0.008142770791210603] - [0.043881879059098614, 0.19148308965815217, -0.14233781562997164, -0.09227014479730146] - [-0.12257671489516958, 0.4157283651497088, -0.10398266700286282, -0.18619896509533074] - [0.03682352675381254, 0.01898835445961345, -0.033310699213221655, -0.023229358255519243]
A2: [0.06322221151745586, -0.17390335425531303, 0.08610844200413229, 0.023744379372460014] - [0.02909713156548438, 0.200108657923921, -0.10190245087455639, -0.12806172219090278] - [-0.09327625737250932, 0.5138136801110177, -0.2254734457358644, -0.1949677400401244] - [-0.025696159369890757, 0.018751385933344963, -0.050059528490603675, 0.05720316198824808]
B1: 9.503169287631064e-05 - 0.00012180489113689208 - -0.00010584267785175938 - -8.824551826205674e-05
B2: 2.7888852134733857e-05 - 0.00010772328521875561 - -0.00013736683307500783 - 0.00023363841970058233
