Number: 7359
Error: 9.169762862968665e-16
A1: [0.08043162510438659, -0.18046787032400008, -0.019588916482294647, 0.11962491216477497] - [0.0374155760489586, 0.1335963822331541, -0.13472619013523277, -0.03628582904001582] - [-0.0017029044287241223, 0.2281900310926571, -0.12282846793607442, -0.10365899561759911] - [0.03886321402563441, -0.11448103889865094, -0.046416461786268605, 0.12203420756212559]
A2: [0.03530734423676619, -0.029273574894821536, -0.07569744391233986, 0.06966330431385721] - [0.10289369071715466, 0.28289664080276783, -0.3926064542376715, 0.006815933223776748] - [-0.011187072060117884, 0.539014618784581, -0.3594509890557363, -0.16837643513347694] - [0.09786274864220869, 0.01746326549894863, -0.1688510588400859, 0.053524825095891584]
B1: -4.297988118318956e-08 - -2.071075803975121e-08 - 5.261028763510101e-09 - -7.72915338134414e-09
B2: -3.0713260453713246e-08 - 3.1063852709496917e-09 - -5.3146949783612546e-08 - -8.348615889489417e-10
