Number: 2995
Error: 1.4315609771621005e-08
A1: [0.06314590771273985, -0.0481581132107506, -0.023728727700760628, 0.007567363238148758] - [0.04396881732299075, 0.1915678951314146, -0.14224708015902143, -0.09217229033746739] - [-0.12389809164577958, 0.41441512893360616, -0.10530946978236287, -0.18751964830693887] - [0.03732270782691409, 0.01949095908837383, -0.03281367659366557, -0.022734945824116556]
A2: [0.06433935905359098, -0.17279410674003567, 0.08722178605687196, 0.024843833413071628] - [0.028911962797047823, 0.19992632186509027, -0.10208719703857161, -0.12824369299654703] - [-0.09298368989621217, 0.5140991591508006, -0.2251781043331642, -0.19468356707809498] - [-0.02528064942313978, 0.019158583414163807, -0.04964506327949215, 0.05760681905143154]
B1: -0.0002192381674652762 - -3.867708981010047e-05 - 0.00010208085184577149 - 0.000151715800297701
B2: 0.00013581783534177128 - -0.0001336943154207184 - 0.00019259206370010086 - -7.701608929249035e-05
