Number: 1100
Error: 2.387194096159869e-06
A1: [-0.010539107319665642, -0.01831311525715599, -0.00038933677967333376, 0.01589111675925271] - [0.06408426211259795, 0.18718309423789142, -0.1496302160453775, -0.11285525256817679] - [-0.11330007923068684, 0.44122758260737777, -0.07153405004593083, -0.25918778620898203] - [-0.028572654166137048, 0.01029444843225234, -0.03493402809205485, 0.03347674857955224]
A2: [0.13150167657577838, -0.22471220405591932, 0.022701772486119178, 0.0700450584330556] - [0.018078271820576315, 0.18948404001908933, -0.12932735884001434, -0.1358045189951427] - [-0.09401980933757678, 0.5562433412941713, -0.23446126488337907, -0.22522244059332083] - [-0.013582354654041548, -0.01230307399905879, 0.015647362346131982, 0.03888555505287371]
B1: -0.0025035642175809916 - -0.0007877385130622349 - 0.00023410561588181665 - -0.0029985853515285084
B2: -0.0025402880689721786 - -0.0029580052238585525 - 0.000391427135562276 - -0.003471884323937845
