Number: 8435
Error: 9.707394717245893e-16
A1: [0.08043167832830936, -0.18046781710609902, -0.019588863322048337, 0.11962496538261225] - [0.03741560144860826, 0.13359640761357386, -0.13472616478607607, -0.036285803654384434] - [-0.001702820924105395, 0.22819011459549338, -0.12282838455372151, -0.10365891213525724] - [0.0388632164847331, -0.11448103644642184, -0.04641645932872758, 0.12203421001971959]
A2: [0.035307417880832866, -0.02927350104702932, -0.07569737389247386, 0.06966338139034588] - [0.10289374998075092, 0.2828967005693695, -0.3926063969186493, 0.006815995281381515] - [-0.011187093815128807, 0.5390145968997618, -0.35945100964732973, -0.16837645805749962] - [0.09786281723950101, 0.017463334408236764, -0.16885099353983835, 0.05352489710063296]
B1: -6.013438328182789e-09 - 1.797631884790259e-09 - 2.414099459905114e-09 - 7.772660672720972e-09
B2: -1.7592138982544342e-09 - 2.0166629031058837e-08 - 3.837341292892246e-09 - -4.083968621516322e-09
