Number: 8580
Error: 1.7269723810990013e-15
A1: [0.08043169308124624, -0.18046780235481297, -0.01958884858673018, 0.11962498013388433] - [0.0374155421098868, 0.13359634831982964, -0.13472622400645914, -0.03628586296016885] - [-0.0017028138862882137, 0.22819012163315064, -0.12282837752621707, -0.10365890509932357] - [0.038863237502334926, -0.11448101548775684, -0.046416438324507404, 0.12203423102429067]
A2: [0.03530753125955283, -0.0292733873547496, -0.07569726609314766, 0.06966350005311696] - [0.10289365696104817, 0.2828966067602335, -0.39260648688619704, 0.0068158978763155865] - [-0.011187075779983268, 0.5390146150425102, -0.359450992576647, -0.168376439053252] - [0.09786278534564086, 0.017463302369303428, -0.1688510239008037, 0.05352486362253094]
B1: 4.770490545909354e-08 - 1.0847340074178107e-08 - 8.54439106253703e-09 - 2.1639884714681406e-08
B2: -8.639089641419932e-09 - -2.2546815294606874e-08 - 2.6618274586016742e-08 - -2.6776628941190628e-09
