Number: 2356
Error: 2.025217125853358e-05
A1: [0.06972082050137285, -0.04304832243757943, -0.019191298167392592, 0.01330751942252242] - [0.04452736596809242, 0.1919412422758002, -0.14220737768630334, -0.09159938824404193] - [-0.12436452396786735, 0.41450888190145235, -0.10527563557540126, -0.18793497669679782] - [0.035587979772727214, 0.018084450657791358, -0.034024988552379766, -0.024602024499786893]
A2: [0.01879720081958422, -0.21751508305707334, 0.042255881259183274, -0.02020903254507816] - [0.030987408828620177, 0.20191718004189707, -0.10008537355040756, -0.12627798841104867] - [-0.06734268858211898, 0.5396743608359048, -0.19910714119752163, -0.16939530554823304] - [-0.016927523242963892, 0.027792258583246195, -0.04066811078707003, 0.06608369107504361]
B1: -0.0013161022909805625 - -0.0003696282575586015 - 0.004404082290057058 - 0.01685621929296196
B2: 0.0021864126421487972 - 0.0029053337005759735 - 0.0024842254151176656 - 0.001868208611864887
