Number: 3163
Error: 4.026530586355731e-05
A1: [0.05159677450381022, -0.05937494630887248, -0.03460569610451786, -0.0029772741574173893] - [0.03694044747843262, 0.18481733467656306, -0.14937582504988856, -0.09981959387965891] - [-0.14094439310347012, 0.39808789778367737, -0.12147861082995264, -0.203157081788203] - [0.03085157616708548, 0.013788703262858323, -0.03863356816570209, -0.027768909083532595]
A2: [0.08978243086858899, -0.1481680743552927, 0.11304433889069097, 0.05006696633143351] - [0.02339860086547698, 0.19440851148317723, -0.10757818839115994, -0.13373552802897473] - [-0.10132491596988752, 0.5061430974566484, -0.23356148696441442, -0.202327746975935] - [-0.04125912428052179, 0.003887611655142344, -0.06573890612018483, 0.042537449703748814]
B1: 0.01344421230263201 - -0.0032004334614475476 - 0.0005763475062511561 - -0.002759815238769074
B2: -0.003962368006538265 - -0.006843113606714242 - -0.0020659175666843978 - 0.004436830778094768
