Number: 2340
Error: 3.248671632870308e-05
A1: [0.054417334015045185, -0.05912471711425614, -0.03604575509980092, -0.002518431016436476] - [0.04738436894295388, 0.19479880859413704, -0.13911978156453078, -0.08791912981005899] - [-0.12503433938954736, 0.414092992745538, -0.10574129267694045, -0.18809202555301863] - [0.03648980156266919, 0.019137520143877627, -0.03284914765645715, -0.02365026295433611]
A2: [0.11596486043420924, -0.12016573853266092, 0.13978625006710138, 0.07577786442515148] - [0.03196170453976461, 0.20288264689300106, -0.09911266522422747, -0.12531627488509237] - [-0.12025234333267457, 0.48706642983353965, -0.2525889110633587, -0.2210030836864211] - [-0.03956010291315659, 0.004964775428616987, -0.06327112392734736, 0.04448205105712115]
B1: 0.007054919870154967 - 0.002150796797009305 - -0.003361818220762821 - -0.017844460748670944
B2: -0.0004288122234139193 - -0.008458297106096063 - -0.0012283245130653407 - 0.000331307184560173
