Number: 3364
Error: 4.877693518481141e-07
A1: [0.06629936861191153, -0.11387182103894163, -0.02390553523346647, 0.07180391816662221] - [0.04141924961945856, 0.19202454881244976, -0.14346675128297134, -0.07424384191661855] - [-0.070102813977766, 0.3195177736384795, -0.13737076624321817, -0.15054701988164562] - [0.04121194654400985, -0.051276598344692115, -0.035330610289951644, 0.05376378489554498]
A2: [-0.009565792189768272, -0.34729111765367454, 0.24907040837898395, 0.10597691831908386] - [0.08118551235607754, 0.03751914107862879, -0.04900834876416792, -0.0648120986987239] - [-0.04155285506360507, 0.23182203688354988, -0.03955887883752103, -0.14686441544743845] - [0.06935341271587035, -0.29212501479296427, 0.14312462931417155, 0.08492506098224807]
B1: 0.0004907130555065552 - 0.00046371392381077455 - 3.9527417546271704e-05 - 3.175906276538193e-05
B2: -0.0003177536101829092 - 0.0007645267251750955 - -0.0005129210661834959 - 0.0010296560163657494
