Number: 8847
Error: 7.436490124681738e-05
A1: [0.0816805910044783, -0.17919068575558206, -0.019345548137090704, 0.12104703126739386] - [0.034635439483180555, 0.13080552797079728, -0.1383199753513402, -0.03894743499927669] - [-0.010459967037293808, 0.21945342073437812, -0.13200578107448208, -0.11237934831140205] - [0.04210332638720314, -0.11116724250215909, -0.0443272200422784, 0.1254746315591952]
A2: [0.06003237676181784, -0.004654110497132966, -0.0520442226222655, 0.09554553469981547] - [0.103903197511747, 0.2838604424068745, -0.3914626285503021, 0.007890947619191981] - [-0.037685677638554516, 0.5119726751309784, -0.3848093355540266, -0.1960879121590431] - [0.1332100071107585, 0.05286716392399245, -0.1349948305318363, 0.09060560994705871]
B1: -0.0071042309929070045 - -0.012195025852251155 - 0.008086658074764608 - -0.013106903290506917
B2: 0.0003433862442565952 - -0.000813360931772992 - -0.001528347502208712 - 0.0022023903253636685
