Number: 4123
Error: 8.453762546542454e-16
A1: [0.06621319229084012, -0.11395206933738809, -0.02398393967936652, 0.07172287874090975] - [0.0374026290214302, 0.1881933855761179, -0.14740893017174764, -0.07818699356893072] - [-0.06022943786794986, 0.32895073621583104, -0.12775317479882828, -0.14096838697432895] - [0.039046125940942436, -0.053322717575990115, -0.03741862250953378, 0.051695088561974]
A2: [-0.009108580708569196, -0.34680319069048976, 0.24945508536451563, 0.10645667472916584] - [0.08003985127798877, 0.036282284455960066, -0.05025008437761037, -0.06607193137603044] - [-0.04245271082866752, 0.23083201097803677, -0.040531129133600935, -0.14784771883292802] - [0.06813472934693955, -0.29346790664077743, 0.14177118707838937, 0.08356180503174487]
B1: -2.8432240006922995e-08 - 1.2485595952231859e-08 - 3.19695845405993e-08 - -2.588521443177717e-08
B2: -5.306846004319168e-09 - -6.5589429830733066e-09 - 9.373740514152518e-09 - -8.236577756474647e-09
