Number: 55
Error: 0.0002102994199168171
A1: [-0.010786027152372344, -0.012956437408689438, 0.02087543729752461, 0.011828061562748057] - [0.11559496599276664, 0.2441498880880632, -0.09872532118846361, -0.07638103946568352] - [-0.1343438551517422, 0.3866576949689977, -0.09407622592210682, -0.31107469548474004] - [-0.015103312271187346, -0.026927989457748328, -0.018180802010248777, 0.006381537264487515]
A2: [0.33111470425667666, -0.001029130020428484, 0.17253194526171067, 0.1617162517168093] - [0.11738822337933778, 0.28602320043697654, -0.041934977561215746, -0.05089901639263052] - [0.10531047099380339, 0.7717459823163688, -0.04962731139487352, -0.07326057097602223] - [0.3927967331472143, 0.39073125283767307, 0.39446380073246623, 0.38745213173025217]
B1: 0.04330754851859321 - 0.4245532134295107 - -0.014593310654504726 - -0.034370493734962704
B2: 0.0032433181673855623 - 0.41262887755256705 - -0.00802874464428159 - -0.0023756603646614624
