Number: 2139
Error: 0.0011232791043223093
A1: [-0.13258705654864866, -0.21090340687610468, -0.17967339246626907, -0.12622813556571655] - [0.10275488767999791, 0.22943349648558528, -0.11289961584015933, -0.05647322671859486] - [-0.32992075375612817, 0.18095261518521488, -0.31351327868937134, -0.43688844975618846] - [0.14197584916201958, 0.1682246910848836, 0.1363511657356983, 0.13326482531417697]
A2: [0.2353067728907853, -0.0837215767447914, 0.19477107358808635, 0.16867812677562533] - [0.001121226912624347, 0.16456684990902498, -0.12535904248227697, -0.16959200607382993] - [-0.12945095538895732, 0.5004427040466987, -0.27291102791698796, -0.2632281940392001] - [-0.12967533611286775, -0.08050090694005485, -0.08880409183781399, -0.09364122829198346]
B1: -0.03587863235717073 - 0.02174423800150725 - -0.08133444118465288 - 0.061148844213219505
B2: -0.090051618084611 - 0.010716544866064853 - 0.008184711196241104 - -0.04610211218820093
