Number: 8351
Error: 8.024518733858321e-16
A1: [0.08043171306718275, -0.18046778237118807, -0.019588828624733788, 0.11962500011748699] - [0.03741558688456152, 0.13359639306059962, -0.1347261793210665, -0.03628581821031211] - [-0.0017028005285963015, 0.22819013499056598, -0.12282836418807605, -0.10365889174519409] - [0.038863262501279625, -0.11448099055904976, -0.04641641334153159, 0.12203425600762653]
A2: [0.035307221020577664, -0.02927369845172744, -0.07569756106511165, 0.06966317535517659] - [0.10289371348535242, 0.2828966637642345, -0.39260643221656066, 0.0068159570654227905] - [-0.011187154660007989, 0.5390145356919808, -0.35945106723846515, -0.16837652217172583] - [0.09786283917136714, 0.01746335643984203, -0.168850972662085, 0.05352492012190674]
B1: -5.243915630363333e-09 - 2.2377983682793575e-08 - 1.3576678207734688e-08 - 1.6348989645556975e-08
B2: 1.8672183642183117e-08 - -7.773113322705851e-10 - 1.2284302066831134e-08 - 1.6640708256543618e-08
