Number: 4789
Error: 8.19057787879577e-16
A1: [0.06621316307521337, -0.11395209790015687, -0.023983968872090443, 0.07172284957427356] - [0.03740260129433372, 0.18819335908476534, -0.14740895742960816, -0.07818702082922133] - [-0.06022931108675238, 0.3289508579821968, -0.12775305073823728, -0.14096826358079068] - [0.03904616443648966, -0.053322681037381144, -0.037418585266307015, 0.05169512550275161]
A2: [-0.009108575025869094, -0.34680318466203464, 0.24945509109307365, 0.10645668068710029] - [0.08003992588872955, 0.036282364833071575, -0.050250002832310764, -0.06607184913835189] - [-0.04245275714604259, 0.23083195985920496, -0.040531178769046536, -0.14784777005826288] - [0.06813488306094735, -0.2934677373951865, 0.1417713537188266, 0.08356197737328157]
B1: -9.243237889708705e-09 - 3.31660508405137e-08 - -4.149205147592933e-09 - 1.5665120194262652e-08
B2: 1.2115777634993911e-09 - 8.344315432618415e-09 - 8.439329213694611e-09 - 3.1242365462641677e-08
