Number: 1016
Error: 0.002237857275256185
A1: [-0.09086299668965668, -0.09672596416672025, -0.0776506490946677, -0.07322393502670346] - [0.06986514421926668, 0.19303470452583243, -0.14248299289824295, -0.10597183617655616] - [-0.13163431893481062, 0.38547489469458823, -0.10859309968017486, -0.3127121537465557] - [0.00649457776594733, -0.007880508132903332, -0.012521506443399338, 0.03447773652908296]
A2: [0.15180580779623057, -0.19334397003611464, 0.0014294441272832137, 0.0017678540446448739] - [0.040583106618039905, 0.2095359441521362, -0.11168826624482826, -0.11876221941424231] - [-0.07870435373914511, 0.5858675114410826, -0.21948570365637093, -0.24374832884812464] - [-0.003093170884732953, -0.004746314261345379, 0.007513142270360694, 0.015316531899874449]
B1: 0.028805785441721896 - -0.004545715160860612 - 0.03846382502735813 - 0.026137489838897868
B2: -0.007829835603063754 - -0.016125717659601264 - -0.024536507935582392 - -0.03454009494941186
