Number: 2116
Error: 0.0011250999674415382
A1: [-0.10624479083136423, -0.1432425222551211, -0.2015624224685277, -0.07604473855675391] - [0.07218163342291055, 0.20334749875236166, -0.13435923052372595, -0.09448081593342349] - [-0.23723281876350805, 0.288934601914985, -0.27418127145805515, -0.27642779375720244] - [0.18651694107986672, 0.20169814780487494, 0.18525679212885304, 0.13344023263424712]
A2: [0.11292703500554288, -0.24873994496760257, 0.010827238385252853, -0.005022854513488613] - [0.0824759991649098, 0.23517357907687278, -0.07007877424390531, -0.08913428595077241] - [-0.18108742810260034, 0.32568452879430226, -0.38272397031066335, -0.4844865957670361] - [0.048299086598353885, 0.06918557665926872, -0.0247118403293118, 0.12450071776116807]
B1: -0.028649616326891024 - -0.049236506481094504 - -0.07442291064426146 - -0.01510755199508022
B2: -0.07376995043891038 - -0.017345794152625358 - -0.004247445783976738 - -0.0019413061242896101
