Number: 4082
Error: 1.0496872750320212e-15
A1: [0.06621316269702326, -0.11395209826987932, -0.023983969249959124, 0.07172284919675935] - [0.03740263861402717, 0.1881933947411924, -0.14740892074149023, -0.07818698413783834] - [-0.0602293603719176, 0.3289508106464852, -0.12775309896579237, -0.14096831154916384] - [0.0390461391683332, -0.05332270502105293, -0.03741860971248046, 0.051695101255122375]
A2: [-0.009108525453050732, -0.34680313207300995, 0.24945514106711206, 0.10645673266156727] - [0.08003983214573213, 0.03628226384503667, -0.0502501052880796, -0.06607195246405627] - [-0.04245281888887317, 0.2308318917160689, -0.04053124493519883, -0.14784783834345921] - [0.06813479837662939, -0.2934678306360634, 0.1417712619132468, 0.0835618824268045]
B1: -6.833400305172425e-09 - -1.7985895132186925e-09 - -3.5983495140746005e-09 - 6.129205539003738e-09
B2: -9.99731344062234e-09 - 1.879533675072428e-08 - -3.850280334219354e-09 - -1.2769891388043074e-08
