Number: 1573
Error: 6.778165393599027e-09
A1: [-0.00678014436639023, -0.014582218840946987, 0.0034207151181250193, 0.01987264442940691] - [0.06662915549320621, 0.18969424646249922, -0.146939339142693, -0.11008214814105567] - [-0.11194444614272067, 0.44241341909804766, -0.07012190011938109, -0.2574057525875221] - [-0.02247545893682853, 0.016221222548393817, -0.02902353454867594, 0.039855367841505264]
A2: [0.13184233843174822, -0.22437728536307477, 0.02291806260130753, 0.07040964491286245] - [0.03267349529924433, 0.2037759729902142, -0.11486099915425364, -0.12143074991801939] - [-0.09432550331597114, 0.5558321833281054, -0.23490996390058916, -0.22534314490042312] - [-0.020752479878436366, -0.019202942377676807, 0.008191109155213013, 0.03225165828962199]
B1: -7.170712461555686e-05 - -9.744569589832242e-05 - 2.2461809724370105e-05 - -6.256979825402584e-05
B2: -0.00036124092421204086 - -0.00011411124437591321 - 0.00033263897250993744 - -0.00016352381868184053
