Number: 7092
Error: 1.078244910390311e-15
A1: [0.08043169495432437, -0.18046780048197092, -0.019588846715875612, 0.1196249820067352] - [0.037415596869137646, 0.1335964030375746, -0.13472616935654058, -0.03628580823137125] - [-0.0017028038127055508, 0.22819013170652813, -0.12282836746737874, -0.10365889502843746] - [0.038863239874166795, -0.11448101312265374, -0.04641643595420162, 0.12203423339459551]
A2: [0.03530752597741931, -0.02927339265150241, -0.0756972711155708, 0.06966349452509953] - [0.10289367999059064, 0.28289662998516474, -0.39260646461226306, 0.006815921991485971] - [-0.011187113411995122, 0.5390145771860608, -0.35945102819620744, -0.1683764787073771] - [0.09786285322922185, 0.01746337056168944, -0.16885095927998064, 0.053524934878169575]
B1: 2.4572958649050898e-08 - -4.406105000088468e-09 - -8.588585756030361e-09 - 1.0122182188467122e-08
B2: 2.8554026609117174e-09 - 3.1687341141058933e-09 - 9.56305152669799e-09 - 2.2342568537500956e-09
