Number: 4301
Error: 1.2800286937178327e-15
A1: [0.06621312204813122, -0.1139521380104185, -0.023984009866958502, 0.07172280861608285] - [0.03740255478353184, 0.18819331464684427, -0.14740900315329172, -0.07818706655693083] - [-0.06022920262820234, 0.32895096215061637, -0.12775294460711986, -0.1409681580206759] - [0.039046132394307154, -0.05332271145066519, -0.037418616266094204, 0.05169509475469495]
A2: [-0.009108468281379576, -0.34680307142279976, 0.24945519870133517, 0.10645679260297058] - [0.08003986721960896, 0.03628230162964824, -0.050250066954334247, -0.06607191380480555] - [-0.04245279711681876, 0.23083191574504258, -0.04053122160338534, -0.14784781426439622] - [0.06813472429223406, -0.2934679122061946, 0.14177118159864274, 0.08356179936449444]
B1: -3.877028854090586e-08 - 3.2473460725495025e-08 - 3.244344523425556e-08 - 3.5515490579295166e-09
B2: 3.526046898402686e-08 - 6.481662754467437e-09 - 7.358571219916072e-08 - -9.072201605386096e-08
