Number: 600
Error: 1.1764611134317969e-14
A1: [-0.012153925011278507, -0.014517715671976782, 0.018086696290044366, 0.00858252972237499] - [0.06583520528451042, 0.18949523190787665, -0.1453226014187737, -0.11000859430838245] - [-0.0962931819006073, 0.42178598566249725, -0.05345745030009995, -0.27203585989195944] - [-0.001322357598992145, -0.018220069396520315, -0.0038360233498582535, 0.02337575263337253]
A2: [0.16158659250267876, -0.16775489915388245, 0.008501208176065396, -0.00233319457178279] - [0.03548576207444944, 0.2075167597024992, -0.11721038582934776, -0.1257919918407373] - [-0.08621368725910294, 0.5815379821254261, -0.23538886536222775, -0.2599357072059018] - [-0.003834682005355915, -0.004519009253594196, 0.0011105392559378308, 0.0072436657167078864]
B1: 5.922705110874735e-08 - 7.783419945892202e-08 - 4.7242691490409715e-08 - 1.0126592599087351e-07
B2: -2.1686605333064004e-07 - 1.0076351599277879e-07 - 9.155500733263275e-07 - -2.5898819466528565e-07
