Number: 3978
Error: 7.231108956502345e-16
A1: [0.06621318017961857, -0.1139520811779641, -0.02398395178108272, 0.0717228666500133] - [0.037402665332551044, 0.1881934202689239, -0.14740889447514136, -0.07818695786915913] - [-0.06022924912421891, 0.328950917493733, -0.12775299010537194, -0.14096820327426646] - [0.03904606776267181, -0.05332277279660308, -0.03741867879505163, 0.05169503273347233]
A2: [-0.009108538601316423, -0.34680314602126183, 0.2494551278124839, 0.10645671887632747] - [0.08003979178667055, 0.03628222036676053, -0.050250149398240254, -0.06607199694877983] - [-0.04245277617740164, 0.23083193885512843, -0.04053119916386413, -0.14784779110614243] - [0.06813475111122862, -0.2934678826773532, 0.14177121067298168, 0.0835618294335185]
B1: -2.1818857515251918e-08 - -3.0994830408252244e-08 - -6.553337220161946e-09 - -1.501320720836509e-08
B2: -9.448882703567011e-09 - -6.334547329158219e-09 - -4.401593489716266e-08 - -6.354645312028623e-09
