Number: 576
Error: 3.209691268314668e-14
A1: [-0.012154192598401668, -0.014517990510780043, 0.01808640052523747, 0.00858224377483724] - [0.06583550672543854, 0.18949552188128935, -0.14532228975520967, -0.11000825868413239] - [-0.09629307792457024, 0.42178608615367463, -0.05345733747209944, -0.2720357387543583] - [-0.0013220047444501245, -0.01821973004970805, -0.003835647747355742, 0.023376160475130775]
A2: [0.16158648535923117, -0.16775500428031836, 0.008501103191883786, -0.0023332990218326182] - [0.03548575892203562, 0.20751675660079155, -0.11721038896837005, -0.12579199492462426] - [-0.08621376990743154, 0.5815379011709723, -0.23538894578362554, -0.259935787800924] - [-0.0038348461461105944, -0.004519170665594382, 0.0011103767960706132, 0.007243508677985361]
B1: 6.151394322938127e-09 - 2.0420128334560777e-07 - -1.4576247448886732e-08 - 4.054560432889142e-08
B2: 5.708245626664587e-07 - -1.8088551701820381e-10 - -3.3778867118411993e-07 - 2.424843531911327e-07
