Number: 3601
Error: 1.422499077218378e-12
A1: [0.06621117562025851, -0.11395404096003647, -0.02398595485061711, 0.07172086543479936] - [0.03740568946938058, 0.18819630962122694, -0.14740592151465612, -0.0781839846281852] - [-0.060223196579332366, 0.32895673064269576, -0.12774706731915006, -0.1409623125385603] - [0.03904622606798425, -0.053322622553775186, -0.03741852569644816, 0.05169518459582922]
A2: [-0.00910271977503011, -0.34679697311435015, 0.24946099373610278, 0.10646281957584705] - [0.08004785561979595, 0.036290907470089825, -0.050241336079003426, -0.06606310879392235] - [-0.042462777571180346, 0.23082090057553079, -0.040541917189775234, -0.14785885235593743] - [0.06814428189023375, -0.2934573888567518, 0.14178154304231172, 0.08357251527552337]
B1: -1.0827966846076139e-06 - -1.9778114530526303e-06 - 2.757630217248789e-07 - 1.9931078173191522e-07
B2: 2.6452075102154784e-07 - 7.114467831474728e-07 - 9.57287048239882e-07 - -4.66226180397339e-06
