Number: 5376
Error: 1.5630587534618566e-15
A1: [0.06621320437129014, -0.11395205752684674, -0.023983927608383356, 0.07172289080107967] - [0.037402651892835335, 0.18819340742836246, -0.14740890768727674, -0.07818697108249624] - [-0.060229441154081395, 0.3289507330593644, -0.12775317801448435, -0.1409683901724419] - [0.039046127360668495, -0.05332271622824784, -0.0374186211357785, 0.05169508992448978]
A2: [-0.00910862856340074, -0.34680324145662567, 0.24945503712208816, 0.10645662455621696] - [0.08003996160267925, 0.036282403307125635, -0.0502499637989787, -0.06607180977373371] - [-0.04245286632472006, 0.23083183936316445, -0.04053129576922148, -0.1478478908054018] - [0.06813476382725558, -0.2934678686764359, 0.14177122445789272, 0.08356184369064029]
B1: -2.8330417888352925e-08 - 1.4074168244771866e-07 - -5.952136907031329e-08 - -3.9900468795934074e-08
B2: 1.4729496219038551e-08 - 1.1443861083218262e-08 - 5.88385145960426e-09 - -1.827394516713133e-08
