Number: 8354
Error: 1.2775839459688076e-15
A1: [0.08043169498879478, -0.18046780044752664, -0.019588846681503944, 0.11962498204116642] - [0.037415600340833764, 0.13359640650668586, -0.1347261658916072, -0.03628580476149595] - [-0.0017028080130033162, 0.2281901275063194, -0.12282837166152413, -0.1036588992276026] - [0.038863242660378806, -0.11448101034426822, -0.046416433169787864, 0.12203423617905984]
A2: [0.035307246146700604, -0.029273673256113394, -0.07569753717546067, 0.06966320165233332] - [0.10289371539244636, 0.2828966656875136, -0.3926064303720424, 0.006815959062425871] - [-0.011187148625811247, 0.5390145417621671, -0.35945106152695366, -0.1683765158132966] - [0.09786283500032292, 0.017463352249826234, -0.16885097663265713, 0.05352491574367737]
B1: -1.3996146147438003e-08 - 2.262451115103175e-08 - 1.1896511976382044e-08 - 2.019662787415014e-08
B2: 1.4371761841962824e-09 - 4.962032862630063e-09 - 2.966435676996064e-09 - -1.2503553350828146e-09
