Number: 8934
Error: 0.0007269007287674246
A1: [0.07911610597107392, -0.18863054244199934, -0.021644193881143983, 0.12192463725376397] - [0.00520834218374033, 0.10546401536895592, -0.1488034611222423, -0.048670607676235815] - [0.013906126118196641, 0.23717657215306656, -0.11259256864307383, -0.09170667942493765] - [0.02588793227057836, -0.13860259829292543, -0.07032951583093291, 0.10339887965795737]
A2: [-0.09537194073322183, -0.14785078646363758, -0.21797435739508125, -0.05254707831561265] - [0.13852181410789577, 0.3146802023714083, -0.3633641348391115, 0.05450110916809281] - [-0.03472735981205661, 0.4974353056828777, -0.3800810854124523, -0.17900022139621619] - [0.11011792389814945, 0.015297614066718814, -0.15383643437203467, 0.0807315271676892]
B1: 0.01870926261894252 - -0.04948352179128782 - -0.03753749718204301 - -0.046452075589849456
B2: -0.0024946966895099815 - -0.015060154614978147 - 0.037739789656436214 - -0.03950335723592915
