Number: 9327
Error: 3.8196633937949683e-10
A1: [0.05309062296415266, -0.14808322833607815, -0.027080882570850527, 0.1217458542742305] - [0.005290990243765694, 0.1308139433003545, -0.11362347053882572, -0.022572531625093484] - [-0.01451576611830645, 0.2230203013622482, -0.12711240963258053, -0.0816772433883409] - [0.027095040379857216, -0.1000714570380735, -0.049476035762479255, 0.1222465666251161]
A2: [0.08927800665123355, -0.07288987307292168, -0.12360441119355131, 0.1073102202527767] - [0.10887215617286018, 0.24984462154489065, -0.40481546782279904, 0.04622042306951003] - [0.0366109243394307, 0.46253024156724637, -0.37774185275318467, -0.1214985350435311] - [0.14333426355458134, -0.0446984540037948, -0.20158953850841138, 0.10258632403825672]
B1: -3.0366704855593566e-05 - -1.0302346481770521e-05 - 9.103396983255477e-06 - 3.008235638639294e-05
B2: -1.0937458025811513e-05 - -3.3713952685937995e-06 - -2.352190144533503e-05 - 8.883962157563629e-07
