Number: 9706
Error: 2.0911006239937766e-14
A1: [0.05317274460645881, -0.14800107643840435, -0.026998853069237345, 0.1218280165418978] - [0.00531416922871583, 0.13083714415119163, -0.11360029442949517, -0.022549313330848066] - [-0.014444585580615973, 0.22309151178530484, -0.1270412885148212, -0.08160604204199078] - [0.027146558220337194, -0.10001993991401091, -0.049424410068313544, 0.1222982187775947]
A2: [0.08925451048479452, -0.07291332123950006, -0.12362737272459856, 0.10728643286083887] - [0.10884175754611991, 0.24981420986338082, -0.40484526135554955, 0.04618950931896033] - [0.03663623348761001, 0.4625554194068189, -0.3777171558488112, -0.12147296282584968] - [0.14342647559381078, -0.04460658108658593, -0.2014994940848422, 0.10267990551655619]
B1: -7.363751427036405e-08 - -5.313321437711431e-09 - 1.3713868983890215e-08 - -4.428778911557995e-08
B2: 1.5761379682966006e-07 - 4.212169255915573e-08 - 7.140241421131065e-08 - 1.5732085354610126e-07
