Number: 9554
Error: 2.480712948742317e-13
A1: [0.05317259053722135, -0.14800123057390277, -0.02699900697350772, 0.12182786240575375] - [0.005314369359137595, 0.13083734447423215, -0.11360009434201185, -0.022549112916475832] - [-0.01444437494610299, 0.22309172248886602, -0.12704107805311726, -0.08160583133332235] - [0.02714676992089477, -0.10001972822649748, -0.04942419792928848, 0.12229843100821525]
A2: [0.08925530649501685, -0.07291252708147855, -0.12362659466088989, 0.10728723866342908] - [0.10884317140814964, 0.24981562397387932, -0.40484387550761386, 0.04619094695541718] - [0.03663643050468524, 0.46255561539733553, -0.377716963637449, -0.12147276378163364] - [0.14342524932362288, -0.044607802800473606, -0.20150069143970795, 0.1026786610393358]
B1: -8.940675472793052e-07 - -4.876252056987379e-07 - -3.100736500527962e-07 - -1.522626049653711e-07
B2: -1.3716142093350501e-07 - 3.869178443913375e-08 - -1.1235521495847131e-07 - 8.843678880077096e-08
