Number: 5810
Error: 1.0686517795300329e-05
A1: [0.06528166841239556, -0.19574599482104277, -0.03476761679076659, 0.10442903330497275] - [0.007412364212033914, 0.1035083430521809, -0.16489669075782196, -0.06642606270564408] - [-0.006426839604148827, 0.22345519438238834, -0.12748657580476044, -0.10835666188928367] - [0.049291509899356926, -0.10409815322971283, -0.03575826664046842, 0.1325920229353717]
A2: [0.04383483191647762, -0.020847374738831463, -0.0674285490221594, 0.07889866459558666] - [0.11877528532616591, 0.2986389743408073, -0.37716270194189155, 0.02376710993244198] - [-0.008209973258902213, 0.5421949385057024, -0.35666650594696375, -0.16542085541322396] - [0.1021693761093054, 0.021843945060864685, -0.1647203763801707, 0.05804119991662009]
B1: -0.005417994414890049 - 0.0019305844658960858 - -0.00655331053672755 - -0.005230642165153158
B2: -0.004018751366785762 - -0.002266016776447882 - -0.006592190592952851 - 0.0005471798801105041
