Number: 1072
Error: 3.2368293516001386e-05
A1: [0.001828957859373057, -0.006245894543188467, 0.012004365082746608, 0.027913537104111756] - [0.0733482921281586, 0.19596157879045495, -0.14045570518045059, -0.10266197595451396] - [-0.12184414837196135, 0.43106307448891096, -0.08532255330959725, -0.27043369907609294] - [-0.01828107241686447, 0.02128665271153041, -0.02038553853592527, 0.045677892272427766]
A2: [0.14030309479164974, -0.21553375639698408, 0.030047126259051222, 0.08021977894483359] - [0.013638382647229143, 0.18520671169764688, -0.13338845664832158, -0.14036727968340323] - [-0.08343471095313047, 0.5670403837407914, -0.22013211063618332, -0.21843588245726625] - [0.011723403803435787, 0.01249202997382566, 0.04054320657788461, 0.06332136579515128]
B1: -0.0037150890678529077 - 0.017403924796979168 - 0.007921711241373598 - -0.0065210374580986115
B2: -0.0013615036486726883 - 0.00813883919458596 - 0.003701340360712454 - -0.007171977187149897
