Number: 5315
Error: 1.342948244931333e-15
A1: [0.06621320355193129, -0.11395205832791902, -0.02398392842712583, 0.07172288998306804] - [0.03740263905801509, 0.18819339516550995, -0.1474089203049344, -0.07818698370127078] - [-0.0602293901105308, 0.32895078208379636, -0.1277531280664387, -0.14096834049302154] - [0.039046092562566026, -0.05332274925738629, -0.03741865480191479, 0.0516950565317027]
A2: [-0.00910867262544085, -0.34680328819945594, 0.2494549927036008, 0.10645657835969376] - [0.08003992505365055, 0.036282363933409376, -0.05025000374499171, -0.06607185005887416] - [-0.04245275764364846, 0.23083195930985567, -0.04053117930244489, -0.14784777060873874] - [0.06813487440915775, -0.2934677469214259, 0.1417713443391176, 0.08356196767279081]
B1: -1.0169081432577935e-07 - -2.84661733108478e-09 - 5.0167702226326675e-08 - 4.240383764925131e-08
B2: -2.0362786350524468e-08 - -1.7928913664884815e-08 - 6.989019255708414e-09 - -4.852650901895441e-08
