Number: 5559
Error: 9.168734644473703e-10
A1: [0.06625756536036803, -0.11390867930908527, -0.023939593729832506, 0.07176718340717878] - [0.03738775118592607, 0.18817917669794784, -0.1474235514080474, -0.07820161726729924] - [-0.060169001520782965, 0.3290087946897754, -0.12769402400365026, -0.1409095560437948] - [0.039024511696319104, -0.05334322428939489, -0.03743952736058008, 0.05167435265183763]
A2: [-0.009142027893788188, -0.3468386684778023, 0.24942136973736478, 0.10642161839945496] - [0.0800191279843928, 0.036259961717633384, -0.05027273442651787, -0.06609477076920658] - [-0.04255940008617924, 0.23071426779695253, -0.04064546326481897, -0.1479657066529485] - [0.0680324878404916, -0.2935804739198885, 0.1416603463812071, 0.08344718047007607]
B1: -5.575291600231537e-06 - 1.7632148404232608e-05 - 3.3670501430787206e-05 - 2.9589617490306507e-05
B2: 7.076567540092055e-06 - 1.301173988112234e-07 - 4.199784183055305e-06 - -3.003432865415783e-05
