Number: 7809
Error: 1.0508476340503307e-15
A1: [0.08043166751113921, -0.18046782792205493, -0.019588874126244056, 0.11962495456668679] - [0.037415594005333334, 0.13359640017593027, -0.13472617221462466, -0.03628581109358535] - [-0.0017028524725041735, 0.22819008304776778, -0.12282841605592497, -0.10365894367524282] - [0.038863220640206225, -0.1144810323026473, -0.0464164551759042, 0.12203421417258872]
A2: [0.035307410987400575, -0.029273507959546596, -0.0756973804466627, 0.06966337417561909] - [0.10289380615323808, 0.28289675721857566, -0.3926063425893457, 0.006816054102152317] - [-0.011187054301570354, 0.5390146366490479, -0.3594509722468324, -0.16837641642072423] - [0.09786282547052233, 0.01746334267673076, -0.16885098570444562, 0.05352490574055254]
B1: 2.604292431698796e-08 - -1.520097909332329e-08 - 1.5101663446416853e-09 - 1.0703991327807236e-08
B2: 2.4025736971685083e-08 - -3.316001922578187e-08 - 2.8344764688056163e-08 - 1.8010536089638267e-08
