Number: 4029
Error: 8.804201248346843e-16
A1: [0.06621322960058906, -0.11395203286139481, -0.023983902398896095, 0.07172291598803977] - [0.03740258907304134, 0.18819334740814836, -0.14740896944407833, -0.07818703284472896] - [-0.06022926895673242, 0.32895089844570563, -0.12775300951229168, -0.14096822257680808] - [0.03904624599361173, -0.05332260362655114, -0.037418506362597984, 0.05169520376580916]
A2: [-0.009108606810945918, -0.34680321838104256, 0.24945505905094723, 0.1064566473622445] - [0.08003984416155924, 0.0362822767895267, -0.05025009215546284, -0.06607193921992745] - [-0.042452892083281644, 0.23083181093414865, -0.04053132337322676, -0.14784791929373015] - [0.06813481509910961, -0.29346781222387414, 0.14177128004203618, 0.08356190117580645]
B1: 2.251189232411495e-08 - -7.447446571874955e-10 - -2.684250953931252e-08 - 1.804920146164613e-08
B2: 1.0910041366166177e-08 - -1.4425428558599894e-08 - -3.974910068526875e-09 - 1.6966109006986767e-08
