Number: 4815
Error: 9.890519227941298e-16
A1: [0.06621319665446962, -0.11395206507127474, -0.023983935319178383, 0.071722883097185] - [0.0374026177766375, 0.18819337483249524, -0.14740894122623302, -0.07818700462441189] - [-0.060229362447027444, 0.3289508086534567, -0.12775310099637865, -0.14096831356861997] - [0.039046293844944714, -0.05332255820765601, -0.0374184600678787, 0.05169524968461534]
A2: [-0.009108528662364578, -0.346803135477671, 0.2494551378317059, 0.10645672929665075] - [0.0800398714906973, 0.036282306230842123, -0.05025006228622206, -0.0660719090970958] - [-0.0424527610320985, 0.2308319555703183, -0.0405311829334967, -0.1478477743560895] - [0.06813472523686834, -0.29346791116604853, 0.14177118262256014, 0.08356180042372474]
B1: 3.2441600886877223e-08 - 1.9665261499176565e-08 - -1.2032571426648558e-08 - -5.1563951612435213e-08
B2: -1.7357154694436025e-08 - -1.6627294583004924e-08 - -2.3680729229678134e-08 - 2.3462579109903175e-08
