Number: 567
Error: 3.9121434258151975e-14
A1: [-0.01215317783973069, -0.014516948248953623, 0.01808752214168612, 0.008583328163093285] - [0.06583553081445598, 0.18949554505394742, -0.14532226484921906, -0.11000823186339083] - [-0.09629291514788475, 0.42178624347505905, -0.053457160839174164, -0.2720355491109797] - [-0.0013220139026724486, -0.018219738857029523, -0.003835657495698859, 0.023376149890142164]
A2: [0.16158700940723192, -0.16775449010192256, 0.008501616673859081, -0.002332788147713128] - [0.035485729918087947, 0.207516728062885, -0.11721041785090298, -0.125792023297982] - [-0.08621363792662504, 0.5815380304458925, -0.2353888173617115, -0.2599356590995486] - [-0.0038345824692420033, -0.004518911372780545, 0.001110637772202237, 0.007243760945475763]
B1: 9.283426895747137e-08 - -2.2882710173559257e-07 - -6.535934102192701e-08 - 4.3766099465087333e-08
B2: -5.742806928550982e-08 - 3.7407278329412647e-07 - 2.956526881968012e-07 - -5.420059168352192e-08
