Number: 9344
Error: 6.756187582458894e-11
A1: [0.05318798414679054, -0.14798582832834184, -0.026983628362381874, 0.12184326598471852] - [0.005252895349000945, 0.13077580275776343, -0.11366156143347386, -0.02261067736556924] - [-0.014417773816929646, 0.22311833454877272, -0.12701449646417112, -0.08157921877499147] - [0.027132899280291306, -0.1000335974764508, -0.049438096292604004, 0.12228452707444443]
A2: [0.08929342616533013, -0.07287449696941108, -0.12358933685775687, 0.10732582867390783] - [0.10881002104155622, 0.2497824722569177, -0.40487637114983943, 0.0461572416563266] - [0.03666074190793259, 0.4625798004822853, -0.3776932463003371, -0.1214481997970622] - [0.14347188342263226, -0.04456134138194844, -0.20145515979735215, 0.10272598786588105]
B1: 3.02417319045841e-05 - 4.088161970282969e-06 - -2.0720833916502837e-06 - -1.8488546139597762e-05
B2: -2.0690925778172274e-06 - -3.50484507068581e-06 - 3.201038163159865e-05 - -1.4225023214641452e-05
