Number: 51
Error: 0.00077628293264451
A1: [-0.022268155954048616, -0.02522837022391639, 0.008142063040010373, 0.00027909993798420235] - [0.12689220976640778, 0.2555714834989673, -0.08726050823346007, -0.06552031183878054] - [-0.1572449374183241, 0.3633026046719889, -0.11872316587438757, -0.3350034659225453] - [-0.0262568834689589, -0.03801123899787268, -0.02998753351204065, -0.005583485064354739]
A2: [0.3644324944732646, 0.0323785140783347, 0.20465970868208563, 0.19415915226323088] - [0.1357858378894712, 0.3044251658245738, -0.024047742457163405, -0.03329120062498886] - [0.1300689108461706, 0.7966666508757388, -0.025783308941688447, -0.04890912392113382] - [0.4200603735334009, 0.4182740348143908, 0.42121006182499854, 0.41372939043791906]
B1: 0.0476604948785372 - 0.42697152815446865 - -0.01602369223535455 - -0.030077792496856194
B2: 0.0025798598202521564 - 0.42332291066441896 - -0.0155103951706212 - -0.0084231974440375
