Number: 3447
Error: 4.9642665710870966e-09
A1: [0.06609900513851832, -0.114063913953147, -0.024098343360405356, 0.07160872371257129] - [0.037374377081368336, 0.18816639709130084, -0.1474365714672079, -0.07821465984176297] - [-0.060225630118784935, 0.32895434541672375, -0.12774950825278028, -0.1409650166775892] - [0.038714864326543634, -0.05363675897441997, -0.03773867655010878, 0.0513773332430443]
A2: [-0.00893799522361263, -0.3466220375684368, 0.24962719462096422, 0.10663609072482974] - [0.07990490664333454, 0.036136900237277926, -0.05039768827404384, -0.06622069849603854] - [-0.04219905489614916, 0.23111158980637322, -0.040259430933868336, -0.14756739537772423] - [0.0681896541017731, -0.2934075783221963, 0.14183106072752305, 0.08362363956817864]
B1: 4.350033991316833e-05 - -6.516955629181621e-05 - -0.00019403184590610894 - -1.1804503818560255e-05
B2: -2.8556530250044836e-05 - 4.8987879241477175e-05 - -9.795696610630613e-06 - -2.0485404189616846e-05
