Number: 3696
Error: 3.5561750785711475e-15
A1: [0.06621323664265936, -0.11395202597659868, -0.023983895362324443, 0.0717229230182762] - [0.037402971038229815, 0.1881937123496565, -0.14740859394313838, -0.07818665731046642] - [-0.06022945711629463, 0.32895071772896645, -0.12775319363421417, -0.14096840570836433] - [0.03904687820209445, -0.05332200355900191, -0.03741789472221911, 0.05169581043993788]
A2: [-0.009108808598147888, -0.3468034324463121, 0.24945485563094044, 0.10645643579869819] - [0.08004024082952499, 0.03628270411494193, -0.05024965861976809, -0.06607150200263624] - [-0.042453180377697554, 0.2308314927540191, -0.04053163232106278, -0.14784823813715345] - [0.06813430320307834, -0.29346837584476226, 0.14177072509684788, 0.0835613272444015]
B1: -2.6668043537051454e-07 - 2.689190012075892e-08 - 3.07768530443301e-07 - -1.1294166743641257e-07
B2: 7.398120043232566e-08 - 1.1074285042600604e-07 - -3.449913297678445e-09 - -1.2754898262628808e-07
