Number: 5743
Error: 0.0027250941373094585
A1: [-0.07262778006893436, -0.33468998048603177, -0.1763793426850842, -0.035231414405979704] - [-0.0840088489514287, -0.003994467906645208, -0.26717658683050044, -0.16436844122945704] - [-0.2078357119720744, 0.04714242150170017, -0.322461698171762, -0.3045641944312623] - [-0.22092289676864713, -0.3365946577286998, -0.2917159523516601, -0.12786039884270872]
A2: [0.0041082267189150555, -0.058730802614675906, -0.08370752026659556, 0.03007547582044492] - [0.2350609451372906, 0.42355636286360837, -0.27155060884467697, 0.12019071909373] - [-0.003739200974443347, 0.5527038426239682, -0.3422797036730823, -0.17879900913546803] - [0.10238909332581424, 0.026995462386721618, -0.15129666217502624, 0.04235821681243314]
B1: 0.06434942929805429 - -0.08103661962431773 - 0.042500407100444296 - 0.042641705708580925
B2: 0.05108955105125273 - 0.05020305908849747 - 0.02422994687936892 - 0.060799271341489554
