Number: 5507
Error: 8.746123086486884e-12
A1: [0.06621178281034495, -0.11395344731611327, -0.023985348054327983, 0.07172147162612748] - [0.03740133140376746, 0.1881921457917703, -0.14741020583176553, -0.07818826934167779] - [-0.060228395088875446, 0.3289517377526654, -0.12775215439601395, -0.14096737205729712] - [0.039043945397417276, -0.05332478727117514, -0.03742073213379243, 0.05169299606722704]
A2: [-0.00910862634589801, -0.3468032391053333, 0.2494550393549688, 0.10645662687947191] - [0.08004144121806156, 0.036283997276805646, -0.05024834666777361, -0.06607017890356663] - [-0.042450462251918064, 0.23083449263190278, -0.04052871947567746, -0.14784523200098248] - [0.06813700013564834, -0.2934654064174327, 0.1417736488238961, 0.0835643509952733]
B1: -7.193969910892796e-07 - -1.0756580521288674e-06 - -7.1781935593899e-07 - -8.345702667433698e-07
B2: 2.378960976149313e-06 - 2.3456161685398287e-06 - 9.784689535465977e-07 - 2.6442642549729473e-06
