Number: 5714
Error: 0.04404490164558765
A1: [-0.33874805393698804, -0.564669228434198, -0.4438849334113838, -0.29884033881313643] - [-0.35654545735920873, -0.2448992335355264, -0.5419428833153399, -0.4352925519554477] - [-0.22585358692340365, 0.07087178333082611, -0.33999275945119334, -0.31825823420440513] - [-0.6847777875738816, -0.7611151023453111, -0.7559492041488809, -0.5881622617330714]
A2: [-0.05331161676045219, -0.1318104675503404, 0.13818139832232268, -0.44477942034764123] - [0.2453404917609125, 0.4203814449819147, 0.10203407736903346, -0.35900770498448664] - [-0.1401547216940928, 0.3943453058728097, -0.18396644494421655, -0.7480442495313395] - [0.03540334903985858, -0.05734887577685421, 0.08400812401765992, -0.4645937373460062]
B1: -0.34843804695857933 - -0.5508853807138212 - -0.3771424081422459 - -0.38854540916816704
B2: -0.7237073042285904 - -0.6363605939580664 - -0.8720395970601509 - -0.6944666317240974
