Number: 1146
Error: 7.875301035947468e-07
A1: [-0.007852212938214349, -0.015640125646548465, 0.0023361893706597384, 0.01875997461464788] - [0.06932669176584577, 0.19227816205855966, -0.1441543930634624, -0.10706644521463772] - [-0.1151838058388972, 0.43929149843714543, -0.07347762884782832, -0.26091513360772534] - [-0.01833316885941423, 0.02027235267252669, -0.024701923693751338, 0.04426419987880019]
A2: [0.12800851586517684, -0.2281638510433429, 0.01916194530219572, 0.06666747347433187] - [0.03483442779473062, 0.2059196131633008, -0.11271164916486423, -0.1193172941153498] - [-0.10124317515230397, 0.549023233019954, -0.2416768797260792, -0.23217326333022212] - [-0.027615347476099176, -0.026021494166339434, 0.0013812452781381012, 0.025635557785337108]
B1: 9.520123495770055e-06 - 0.0020703398942760205 - -0.0011655438595902599 - 0.0008724425076254202
B2: -0.0001569818455172565 - 0.0006405269756235254 - 0.001298087739638481 - -0.0012154702720117614
