Number: 4264
Error: 9.901947350924925e-16
A1: [0.06621321199946657, -0.11395205006918215, -0.02398391998620296, 0.07172289841646072] - [0.037402624640463664, 0.18819338139040134, -0.14740893447857173, -0.07818699787613523] - [-0.060229333235605295, 0.32895083670942665, -0.12775307241179734, -0.14096828513797913] - [0.039046141065432756, -0.0533227032203796, -0.037418607877083294, 0.05169510307560292]
A2: [-0.009108635795129416, -0.3468032491286914, 0.24945502983225618, 0.10645661697391896] - [0.08003986984952807, 0.036282304462825495, -0.050250064079981276, -0.06607191090604628] - [-0.04245285637294839, 0.23083185034632314, -0.0405312851045946, -0.1478478797994063] - [0.06813470395392168, -0.2934679345995572, 0.14177115954994407, 0.083561776561504]
B1: -5.265805735212139e-09 - 2.0715625813054516e-08 - -4.253129522371128e-09 - -1.4173588759961407e-08
B2: 1.7781989915461565e-09 - -1.4807499395383692e-08 - 3.1152498262475413e-09 - 3.1231260425904376e-09
