Number: 4607
Error: 1.0793209741541738e-15
A1: [0.06621313396106698, -0.11395212636371345, -0.023983997963393577, 0.07172282050898872] - [0.03740257826051905, 0.1881933370775052, -0.14740898007362, -0.07818704347523517] - [-0.06022933405381734, 0.328950835923599, -0.1277530732124729, -0.14096828593413419] - [0.039046146905502524, -0.05332269767716701, -0.037418602226990075, 0.05169510867981162]
A2: [-0.009108395850163414, -0.34680299458478014, 0.2494552717185208, 0.1064568685429155] - [0.08003986554181675, 0.03628229982219946, -0.050250068788030615, -0.06607191565409735] - [-0.0424527253959255, 0.23083199490059642, -0.04053114474438036, -0.147847734943823] - [0.06813476493625026, -0.2934678674553935, 0.14177122566041125, 0.08356184493397359]
B1: -2.640215236090386e-08 - 9.38569126280552e-09 - 2.605346026993273e-08 - -1.316126701330751e-08
B2: -3.487901232185877e-08 - -2.9331713164895215e-08 - 2.7302387391934956e-08 - -8.520542148981414e-09
