Number: 4291
Error: 1.5862239598502677e-15
A1: [0.06621309307330427, -0.1139521663377491, -0.02398403881904194, 0.07172277968988479] - [0.03740258781157834, 0.18819334620290054, -0.14740897068419076, -0.07818703408495657] - [-0.060229555551316816, 0.3289506231874153, -0.12775328995684912, -0.14096850151295423] - [0.03904626893896388, -0.053322581847620745, -0.03741848416370011, 0.051695225784458454]
A2: [-0.009108660111735936, -0.3468032749247888, 0.24945500531889445, 0.10645659147931709] - [0.08003984544292718, 0.036282278169925415, -0.050250090755007186, -0.06607193780757362] - [-0.04245277208788704, 0.23083194336851848, -0.040531194781403775, -0.14784778658334596] - [0.0681347244837614, -0.2934679119953157, 0.14177118180627868, 0.08356179957922863]
B1: -2.1259381817596955e-08 - 9.204167680913285e-09 - 7.525563378023377e-09 - -2.5739607642624304e-08
B2: -8.360817351766148e-09 - 1.5731467130683546e-08 - -4.854094987008288e-08 - 3.6774198787439434e-08
