Number: 6180
Error: 5.141878245789716e-16
A1: [0.08043162011416533, -0.18046787531365058, -0.019588921466548757, 0.11962490717512594] - [0.03741551899585568, 0.133596325223234, -0.1347262470746601, -0.036285886061513076] - [-0.0017028079486012624, 0.2281901275707276, -0.12282837159721831, -0.10365889916322663] - [0.0388632304069207, -0.11448102256333033, -0.04641644541541656, 0.1220342239332359]
A2: [0.03530739255003319, -0.02927352644793386, -0.07569739797661494, 0.06966335487885429] - [0.10289372244358569, 0.2828966727984549, -0.3926064235522706, 0.006815966445946388] - [-0.011187142423542464, 0.5390145480014834, -0.35945105565624685, -0.16837650927788364] - [0.09786277827358333, 0.017463295265103897, -0.16885103063289197, 0.05352485619914257]
B1: 6.19394824272801e-09 - 3.118733394045191e-09 - 1.2430386883441163e-08 - 2.912365018388131e-09
B2: -1.1224838722829582e-08 - -2.1239391718761164e-08 - 3.790591913610337e-08 - 2.9002874339165202e-08
