Number: 4683
Error: 7.376343023933571e-16
A1: [0.06621318956056933, -0.11395207200665441, -0.02398394240752089, 0.07172287601518545] - [0.03740258550067364, 0.18819334399499207, -0.1474089729559894, -0.07818703635697297] - [-0.060229371729954705, 0.3289507997376649, -0.12775311008013768, -0.1409683226035223] - [0.039046167691265246, -0.053322677948110825, -0.03741858211746247, 0.051695128626051405]
A2: [-0.009108442619697734, -0.34680304419994673, 0.2494552245704636, 0.10645681950757266] - [0.08003984898494101, 0.03628228198570245, -0.05025008688374297, -0.06607193390346328] - [-0.04245273737786351, 0.23083198167657362, -0.04053115758473155, -0.1478477481954129] - [0.06813479621246475, -0.293467833018977, 0.14177125956676556, 0.0835618800002957]
B1: -3.8162232426860615e-08 - 7.820883002084085e-08 - -2.9635320522895537e-08 - -5.06935000968932e-08
B2: -3.337767752112829e-08 - -2.2640824448807015e-08 - 2.3787478408387307e-08 - -3.673610905888405e-08
