Number: 7990
Error: 8.449116365657679e-16
A1: [0.08043169324018029, -0.18046780219593198, -0.019588848427976594, 0.11962498029278498] - [0.0374155710367637, 0.1335963772247572, -0.13472619513738712, -0.03628583404941394] - [-0.0017028367414244584, 0.22819009877851018, -0.1228284003478785, -0.10365892794836161] - [0.03886323882957748, -0.11448101416432305, -0.046416436998124484, 0.12203423235065444]
A2: [0.03530747708320046, -0.029273441680945127, -0.0756973176035209, 0.06966344335193657] - [0.10289367142044197, 0.28289662134229915, -0.3926064729012247, 0.006815913017345903] - [-0.011187155045518324, 0.5390145353041983, -0.35945106760331313, -0.16837652257798943] - [0.09786277925359525, 0.017463296249568185, -0.1688510297000241, 0.05352485722788045]
B1: 1.5897272331310284e-08 - -8.840366605491438e-09 - -1.4657278662379053e-08 - 2.7926569750506797e-09
B2: -2.0294195489984107e-08 - 4.092052960199241e-08 - -3.086857376362126e-09 - -1.4861526354068066e-08
