Number: 9571
Error: 2.778505391558585e-13
A1: [0.05317389741145793, -0.14799992321614294, -0.02699770153895884, 0.1218291699073985] - [0.005314111503410803, 0.13083708635595967, -0.11360035215255747, -0.02254937113259181] - [-0.01444424576425189, 0.22309185172209495, -0.12704094897040816, -0.08160570210280008] - [0.027146595377333556, -0.10001990276457282, -0.04942437283759322, 0.122298256024985]
A2: [0.08925655665042932, -0.07291127980918764, -0.12362537266587838, 0.10728850424860926] - [0.10884396567367313, 0.24981641837910032, -0.40484309697114096, 0.04619175459250893] - [0.03663864638259841, 0.4625578197447545, -0.37771480171421884, -0.12147052491213503] - [0.14342791383253253, -0.044605148213911726, -0.20149808977612205, 0.10268136508914111]
B1: -1.9917555365024308e-07 - -1.646506110251773e-07 - 1.2561859226565241e-08 - 1.1479727753463525e-07
B2: 7.366098311204075e-07 - 2.0467285671683335e-07 - 3.7272312646451914e-07 - 2.3362729331816507e-07
