Number: 8919
Error: 0.0006525287557248969
A1: [0.020853886283779793, -0.23315525213250046, -0.06176478285435966, 0.0784787135968476] - [-0.03799151430634444, 0.06913605640763185, -0.18312973152031148, -0.08544207656771513] - [-0.04220656552722907, 0.19049082913465865, -0.15505570798195045, -0.13681178260203716] - [-0.03411007944130446, -0.17867848586251955, -0.10507759202195929, 0.0646545303766595]
A2: [0.118306238428708, 0.05726135901091027, -0.007271914969078214, 0.16424362932985953] - [0.12287883549179768, 0.30084280499204935, -0.37473724818401705, 0.034052491913435956] - [0.014425670968450155, 0.5547920474903141, -0.3317493851298621, -0.12928446837092966] - [0.11601636045542246, 0.02778380996787378, -0.14679588536792276, 0.0852185057283955]
B1: -0.02901141601254776 - -0.03773458200245621 - -0.03700973790370322 - -0.0302427710282111
B2: -0.0415643151674254 - -0.041200397045232914 - -0.03259003413769273 - -0.047920402468738854
