Number: 6951
Error: 1.1442917477957802e-15
A1: [0.08043167177200623, -0.18046782366166292, -0.019588869870474486, 0.119624958827065] - [0.03741559687718353, 0.13359640304561277, -0.13472616934851142, -0.03628580822333044] - [-0.001702805492727465, 0.22819013002654234, -0.12282836914493815, -0.10365889670801051] - [0.038863240823440885, -0.11448101217604517, -0.04641643500553378, 0.12203423434327867]
A2: [0.03530741403620303, -0.029273504902330952, -0.07569737754786794, 0.06966337736649407] - [0.10289382935500242, 0.28289678061724366, -0.3926063201489477, 0.006816078397837533] - [-0.011187230913381929, 0.5390144589838295, -0.3594511394138296, -0.16837660252268988] - [0.0978627974387093, 0.01746331451740623, -0.16885101238894593, 0.05352487631630318]
B1: 4.3651993973414366e-08 - -1.0447294153062412e-08 - -1.301878330828347e-08 - 1.2303126570650654e-08
B2: -4.930498375386129e-09 - 1.2954992772718831e-08 - 1.9692896160797568e-08 - 9.900318018889028e-09
