Number: 5835
Error: 6.441697755393462e-07
A1: [0.0760661794718506, -0.1848678429220032, -0.023921606285154905, 0.11527189797672338] - [0.035290102345802474, 0.13144525046357491, -0.13684003673595777, -0.038409267065768506] - [-0.005332809103515512, 0.2245428142162584, -0.12642682914091644, -0.1072751076635708] - [0.03413528769389326, -0.11922308692532226, -0.05109273159925101, 0.11733471010587977]
A2: [0.031038195150257013, -0.03357056881009031, -0.07974476194011, 0.06522055417765066] - [0.08900635644124673, 0.2688336102908186, -0.4060408010084685, -0.007686415170569334] - [-0.0035652774887165953, 0.5467111019584742, -0.35222736347850675, -0.16035822907784725] - [0.09964192052236101, 0.019259120457822493, -0.16714999530746913, 0.055392691410087284]
B1: 0.0012651799107718134 - -0.0011033604907540317 - -0.0010185236875326288 - -6.689003744353504e-06
B2: -0.0004012846052565719 - -5.7310057437663436e-05 - -0.0015111865917770747 - -0.0004433870895096043
