Number: 6735
Error: 8.95191482183815e-16
A1: [0.08043165674684682, -0.18046783868512195, -0.019588884877670992, 0.11962494380362063] - [0.037415567618247325, 0.13359637380882233, -0.1347261985491509, -0.03628583746605904] - [-0.0017028414541473413, 0.2281900940658911, -0.12282840505370494, -0.10365893265983221] - [0.03886320926842318, -0.11448104364250677, -0.046416466540444144, 0.12203420280787332]
A2: [0.0353074162503594, -0.029273502682052456, -0.07569737544267494, 0.06966337968384383] - [0.10289375372965595, 0.282896704350055, -0.3926063932927991, 0.00681599920704915] - [-0.011187150276871734, 0.5390145401013093, -0.3594510630896027, -0.16837651755318664] - [0.09786277299709135, 0.01746328996461147, -0.1688510356557791, 0.053524850660555255]
B1: -8.429965600093776e-09 - 4.209194330244449e-09 - -1.8067981629161022e-08 - -1.2445204887069419e-08
B2: -1.142610880923818e-08 - -6.329790485942061e-09 - -8.1290328689677e-09 - -6.562295958769708e-09
