Number: 9079
Error: 6.055915814113423e-05
A1: [0.03379464897000304, -0.16992835446415966, -0.0468248772246486, 0.10079382453688876] - [-0.02038752082054368, 0.10333286052785155, -0.1407132632039322, -0.04994594217824583] - [-0.049101868465922106, 0.1909350533718249, -0.15575740646817304, -0.11189034781843332] - [0.00299870166930863, -0.1250476348794746, -0.07269150118179667, 0.09763227091022092]
A2: [0.13235363538092845, -0.030023448139462127, -0.07468944921609522, 0.15199554559866438] - [0.13634636396040778, 0.2757829923456726, -0.3775254602610757, 0.07316423062496291] - [0.10186860368934339, 0.5281965596036422, -0.317474310755628, -0.05632050383605762] - [0.18367752207649907, -0.00476900839814128, -0.1649363782441832, 0.14296434380272444]
B1: -0.010499517276970998 - 0.005228491953784633 - -0.00434620981661164 - -0.0019620387973803485
B2: 0.0026890626981376253 - 3.3802524590515436e-05 - -0.02095196930888615 - 0.00017711793205519829
