Number: 3244
Error: 0.002584117104115956
A1: [0.034921650659041334, -0.14339860021242115, -0.06747137861533015, 0.032007968213007776] - [0.04837401312964955, 0.18249066423537472, -0.1418972460054686, -0.0701856611934501] - [-0.3938927937634199, 0.05181153719217196, -0.43200534440118143, -0.4417085861418194] - [-0.19599714394256607, -0.25102340458201194, -0.25979887154568676, -0.16641952326732543]
A2: [-0.29862687939684013, -0.7152126693426013, -0.01873927884731073, -0.20487283104066106] - [-0.15986186472787473, -0.18568727482794764, -0.266433346793917, -0.30100689361226984] - [-0.16057502232483378, 0.08980742616710768, -0.21181875619493842, -0.3151176035512663] - [-0.01651311617901873, -0.38401858219540114, 0.0028341749858669524, -0.04614304155371411]
B1: -0.07983289886976626 - -0.300405521852263 - -0.08305416035493403 - -0.07855443290537012
B2: -0.2220784844357871 - -0.2728998222131877 - -0.04293473391405574 - -0.06187627248633246
