Number: 4359
Error: 7.121477888581275e-16
A1: [0.0662130818417587, -0.11395217731832653, -0.02398405004178667, 0.07172276847717671] - [0.03740268212206009, 0.1881934363101683, -0.14740887796975227, -0.07818694136232945] - [-0.06022950600182465, 0.3289506707769301, -0.1277532414706697, -0.14096845328755742] - [0.03904612668129006, -0.0533227168732234, -0.0374186217932339, 0.051695089272472565]
A2: [-0.009108441187893588, -0.3468030426808814, 0.2494552260140422, 0.10645682100891317] - [0.08003985250788336, 0.03628228578091755, -0.050250083033402414, -0.06607193002038314] - [-0.042452703865112885, 0.230832018663389, -0.04053112167119418, -0.14784771113149348] - [0.0681346786947289, -0.2934679624109901, 0.14177113216657786, 0.08356174824133769]
B1: -5.52311608654289e-08 - 9.583699430862512e-09 - 1.8835473348984832e-08 - -5.185797232882867e-08
B2: 1.1183030664957246e-08 - 4.909450952057835e-08 - -9.83760949246114e-09 - -1.2825990816740438e-07
