Number: 261
Error: 2.8982810754500134e-08
A1: [-0.013900069317860605, -0.016311788233789034, 0.01615668818024771, 0.006716842605825753] - [0.0650791121632599, 0.18876781825837943, -0.14610425224746904, -0.11085019356848762] - [-0.09733044178517342, 0.4207838630665675, -0.05458037245360473, -0.2732434256700524] - [-0.0029876143177054956, -0.019820805006446656, -0.00560678835821917, 0.021451839322730915]
A2: [0.16082246745727702, -0.16850397395288136, 0.007753315479548368, -0.003077757423059517] - [0.03592125334984474, 0.2079454202346661, -0.11677660595332287, -0.12536594829189648] - [-0.08629862837769701, 0.5814548113882837, -0.23547351594463886, -0.26001955064455534] - [-0.0041449924548693454, -0.0048239333861592815, 0.0008032447703549644, 0.006946602794953762]
B1: 0.0001008893379253576 - 0.00019948959625455434 - -0.0002715009290976007 - 6.824823131805294e-05
B2: -0.0006464257532888878 - 0.0007053110489812858 - 0.00019255233831331545 - -0.00010251821740476109
