Number: 4293
Error: 1.0185031774154178e-15
A1: [0.06621309466161948, -0.11395216478492878, -0.023984037231974474, 0.0717227812755338] - [0.03740258102625632, 0.18819333971998595, -0.14740897735468242, -0.07818704075603852] - [-0.06022949900674284, 0.32895067749536094, -0.12775323462566773, -0.1409684464793689] - [0.03904624562425193, -0.053322603977066216, -0.03741850671990431, 0.051695203411403254]
A2: [-0.009108551262532025, -0.3468031594528193, 0.24945511504879742, 0.10645670560175795] - [0.08003984736284228, 0.03628228023822368, -0.05025008865664923, -0.06607193569139866] - [-0.04245279638435084, 0.23083191655344049, -0.04053122081844802, -0.14784781345431233] - [0.0681347144123886, -0.29346792308433317, 0.14177117088794092, 0.08356178828736249]
B1: -4.145742812024182e-08 - 1.7266029987736704e-08 - 1.9950855671494125e-08 - -1.0166205822801107e-08
B2: -1.0465292277454672e-08 - 6.847374714773207e-09 - -3.6555875840448884e-08 - 1.2059262391518232e-08
