Number: 1248
Error: 2.5752550903611672e-08
A1: [-0.007171436428325627, -0.014977330351488124, 0.003016595192015728, 0.019471053805204478] - [0.06703246620362964, 0.19008257286252128, -0.14652274590983022, -0.1096333948772289] - [-0.1130998028446132, 0.4412813673843191, -0.071321368002689, -0.25865746601337736] - [-0.02445951441534138, 0.014272844370586108, -0.03104394243356746, 0.037759530687142454]
A2: [0.13208996934367828, -0.22413195726643081, 0.0231620240792581, 0.07065283995145595] - [0.03245790130282309, 0.20356390487983447, -0.11507577460535805, -0.12164148737027658] - [-0.09550498299610988, 0.5546754641429078, -0.23607050095979965, -0.22650171579260045] - [-0.020764482739418624, -0.019214432536554093, 0.00818068937683401, 0.032242240566180635]
B1: 0.00018802918826637724 - -0.00048239441232249004 - 1.8059613788954786e-05 - 0.0004363680914502981
B2: -0.00015805169115032573 - -0.00020137721271304217 - 3.519883157067545e-05 - 2.193384736228572e-05
