Number: 4906
Error: 7.389127876785597e-16
A1: [0.0662131412118376, -0.1139521192749398, -0.02398399071828468, 0.07172282774762118] - [0.03740256704644464, 0.18819332636323233, -0.14740899109790234, -0.07818705450049074] - [-0.06022923205399146, 0.32895093388891045, -0.1277529734013602, -0.1409681866598733] - [0.03904610888446768, -0.05332273376529486, -0.03741863901102229, 0.05169507219442189]
A2: [-0.009108503962273754, -0.34680310927478086, 0.24945516273167287, 0.10645675519336352] - [0.08003987583246874, 0.03628231090817666, -0.050250057540904086, -0.06607190431148706] - [-0.04245279374917399, 0.23083191946180187, -0.040531217994334644, -0.14784781053989768] - [0.06813476501996708, -0.29346786736317626, 0.14177122575125375, 0.08356184502784414]
B1: -2.0498555223363175e-08 - 2.1449337941192578e-08 - -2.5686733115447773e-08 - -3.870114117332682e-08
B2: -1.0431469239600908e-08 - -2.2705379512308385e-08 - -5.297162875123644e-08 - 2.142582673718558e-08
