Number: 8889
Error: 0.0011516729719292186
A1: [0.07283397228628058, -0.18511986603657712, -0.024169480085424987, 0.1155272618407424] - [0.022772302664300203, 0.1223886946596623, -0.14444799220422347, -0.04715690967059706] - [-0.01168279143789655, 0.22045080262726338, -0.12999057045708948, -0.11167622446846807] - [0.007765210007038002, -0.14126247435184844, -0.07381674973743188, 0.09533926924669937]
A2: [0.11297840885382843, 0.04888994708757839, -0.003969534225747963, 0.14794422345118627] - [0.14111192873034398, 0.3215095234390939, -0.35537945889662276, 0.04546662723359092] - [0.013864366442334264, 0.5625646055453559, -0.33564687454701214, -0.14136148004289792] - [0.1268207603725668, 0.046672755506700754, -0.1403412851119652, 0.08442958820192226]
B1: -0.006851742682921436 - -0.016605772491827705 - -0.030485364244881727 - -0.03232819493827477
B2: 0.005503510496819991 - 0.0016960422314176195 - 0.030315445236936245 - 0.017197712196537485
