Number: 5171
Error: 1.2254863499888301e-15
A1: [0.06621314376966433, -0.1139521167742936, -0.023983988162490064, 0.07172283030112726] - [0.03740249312592771, 0.1881932557371873, -0.1474090637674225, -0.07818712717644477] - [-0.06022933980893063, 0.32895083039599243, -0.12775307884407208, -0.14096829153541318] - [0.03904607018103211, -0.053322770501164976, -0.0374186764553495, 0.05169503505410752]
A2: [-0.00910853400557411, -0.3468031411459302, 0.24945513244512046, 0.1064567236947118] - [0.08003985530332773, 0.03628228879241919, -0.050250079978040575, -0.06607192693918353] - [-0.04245275874939979, 0.23083195808952958, -0.04053118048737296, -0.14784777183160772] - [0.06813483414840944, -0.29346779125003103, 0.14177130069280247, 0.08356192253332706]
B1: 2.240197144373982e-08 - -5.213480747178459e-09 - 8.534022284746026e-10 - 1.2274997190590367e-09
B2: -3.857447399802647e-08 - 8.359739245822283e-09 - 8.382548065218442e-08 - -2.650756832231529e-08
