Number: 2186
Error: 0.0005757217339862747
A1: [0.07228870260184976, -0.012580787449614224, 0.024111902600043526, 0.06428246724543756] - [0.07851907567973318, 0.210314449955786, -0.13003005940846657, -0.07735960618375301] - [-0.07478019054408293, 0.4708291921231238, -0.04311666651626887, -0.15870714420816964] - [0.01286044680713485, 0.03502154891466225, -0.002911829459550724, -0.011038589800053289]
A2: [0.2958861472034321, -0.0032674186365706064, 0.31673823948447344, 0.2552590243626825] - [0.02470083888086953, 0.1915277722025999, -0.11009091212375546, -0.1366515379995468] - [-0.14688792697638078, 0.48775888140420376, -0.26625405465939916, -0.24684688355760123] - [0.0437768694384787, 0.13190497703827408, 0.06968743412940351, 0.14612242682064128]
B1: 0.05412572948702659 - -0.0007181103139287243 - -0.033792188236298495 - -0.03068443939203355
B2: 0.00526419040734678 - 0.00247052461554274 - 0.013214411270412596 - -0.0011064828257758667
