Number: 3923
Error: 9.941269987417304e-16
A1: [0.06621313673043518, -0.11395212365619285, -0.023983995196171885, 0.07172282327374996] - [0.037402560300506, 0.18819331991794186, -0.14740899772968916, -0.07818706113284317] - [-0.06022927377529709, 0.328950893817734, -0.1277530142274609, -0.14096822726662256] - [0.039046086776953856, -0.053322754748948535, -0.03741866039937546, 0.051695050979798395]
A2: [-0.009108611946707309, -0.34680322382929185, 0.24945505387363262, 0.10645664197765778] - [0.0800397801288937, 0.0362822078079891, -0.05025016213953235, -0.06607200979825768] - [-0.042452939746424265, 0.23083175833009884, -0.0405313744509729, -0.14784797200742675] - [0.06813462863460161, -0.29346801752954355, 0.14177107789644489, 0.08356169211447871]
B1: -1.6396301716678918e-08 - -4.090507053831797e-08 - 8.852117298594976e-09 - 3.441249009550296e-08
B2: 5.4098003593094796e-09 - -4.398969317060543e-09 - -3.229285381582e-08 - 2.391598306909435e-08
