Number: 1838
Error: 2.352138108347341e-07
A1: [-0.007645696367146487, -0.015435600119068029, 0.00256223269092069, 0.018969322451434477] - [0.06665772718413955, 0.1897271204857396, -0.1469127112618922, -0.11004932553484956] - [-0.11235223520361035, 0.4420458831506707, -0.07058956258287903, -0.25783389684547003] - [-0.023719628752482035, 0.015036453763227545, -0.030362294470447908, 0.038549475205911385]
A2: [0.1331620956893181, -0.2231139231412032, 0.024223326012400688, 0.07169549341309792] - [0.03376855030381559, 0.20486734724074554, -0.11376857015181296, -0.12035103877353184] - [-0.09637806523357004, 0.5538337201893344, -0.23684899746513988, -0.2272478417156534] - [-0.01933870683946657, -0.01784599221503597, 0.009586767087694795, 0.03359416731247516]
B1: -0.00039215508819057544 - -0.00020998359926789508 - 0.0006846724637069788 - -0.00038997655634099584
B2: 0.00015198902929755087 - 0.0009105861669183638 - -5.1839626175308195e-05 - 5.170067000820816e-05
