Number: 6002
Error: 2.169566725612661e-12
A1: [0.08043115796212046, -0.18046833739459855, -0.019589383013408332, 0.11962444510923737] - [0.03741951122409492, 0.1336003144010056, -0.13472226285590286, -0.036281896074329134] - [-0.0016997559178343344, 0.22819317956804408, -0.12282532394970172, -0.10365584790392254] - [0.0388641523246679, -0.1144801031978986, -0.04641552400768477, 0.12203514531999188]
A2: [0.035320743993122565, -0.02926013809299842, -0.07568470356331573, 0.06967732865873028] - [0.10289205969675881, 0.2828949958893474, -0.39260803176218495, 0.006814225303059202] - [-0.011184310286031254, 0.5390173971122484, -0.3594483749938558, -0.16837352495689137] - [0.09786805226671194, 0.01746859328877263, -0.16884601012060851, 0.05353039219743813]
B1: 2.389619801905548e-06 - -2.383292151239639e-06 - 1.6846982372898055e-07 - 5.381337177951285e-07
B2: -5.888992276345384e-07 - 3.3446116186903875e-06 - -1.3900943306433643e-06 - -3.3706991939088883e-07
