Number: 2553
Error: 2.2833314787402004e-08
A1: [0.06328270984407268, -0.04801786710465429, -0.02359161516215825, 0.007706195968803802] - [0.04457075140994522, 0.1921477740693972, -0.14162975863089192, -0.09151465241922195] - [-0.12362585086002863, 0.4146894711029995, -0.10503072361565113, -0.18724325998436708] - [0.03647210117971109, 0.018643555919643114, -0.033657899228820336, -0.023574583829730458]
A2: [0.06294562034123637, -0.1741871851630469, 0.08583464522172968, 0.023469283263514936] - [0.029604869384286907, 0.20060859887925164, -0.10139615237694996, -0.12756511405344256] - [-0.09308332712176408, 0.5140012790491683, -0.2252825491823389, -0.19478212860884128] - [-0.02503935441075061, 0.019406427980101386, -0.04940760950936813, 0.05783923379859654]
B1: -2.2218502901142303e-05 - -5.044255053398026e-05 - -5.891219639968814e-05 - -0.00019068616664937743
B2: -0.00022116156723088934 - -0.0002652331123776956 - -0.0001365865198812598 - -8.501560143710833e-06
