Number: 4630
Error: 7.508630637219047e-16
A1: [0.06621317660723576, -0.11395208467053687, -0.02398395535069443, 0.07172286308359081] - [0.03740260028723703, 0.18819335812254523, -0.14740895841966606, -0.07818702181936055] - [-0.06022947299492462, 0.3289507024782386, -0.1277532091720767, -0.14096842116250888] - [0.039046101838804595, -0.05332274045279944, -0.03741864582752692, 0.0516950654332969]
A2: [-0.009108591294142937, -0.34680320192010555, 0.24945507469315484, 0.10645666363070598] - [0.08003985472461331, 0.03628228816897676, -0.050250080610611786, -0.06607192757706706] - [-0.042452856713389595, 0.2308318499706797, -0.040531285469243124, -0.14784788017579265] - [0.06813482454628696, -0.2934678018222322, 0.14177129028336094, 0.08356191176773194]
B1: -5.464941558075036e-09 - 2.004170189001452e-08 - -1.0366796266316971e-08 - 2.1512989456425916e-08
B2: 1.4686345559400125e-08 - 1.1471963712952939e-08 - 1.9868484560729463e-08 - 5.406928612120827e-09
