Number: 7665
Error: 1.0057562658630733e-15
A1: [0.08043170923080782, -0.18046778620711204, -0.019588832456457907, 0.11962499628159151] - [0.03741562479629186, 0.1335964309435886, -0.1347261414850173, -0.036285780319680876] - [-0.0017027969351866576, 0.22819013858389997, -0.12282836059992068, -0.10365888815274613] - [0.03886325775102996, -0.1144809952959694, -0.04641641808872541, 0.12203425126034945]
A2: [0.03530749425713011, -0.02927342445951848, -0.07569730127479349, 0.06966346132634331] - [0.1028938005427202, 0.28289675156043087, -0.3926063480157845, 0.00681604822714337] - [-0.011187147436790645, 0.5390145429583298, -0.3594510604014474, -0.1683765145604439] - [0.09786279313002924, 0.017463310189133087, -0.16885101649054, 0.05352487179360442]
B1: -5.060461133749695e-09 - 2.1773234734579097e-08 - 3.6670253603362054e-09 - 6.837574757892361e-09
B2: 4.411700569907256e-09 - -4.033297279094709e-09 - 1.3259775898883744e-08 - 1.9592064102438915e-09
