Number: 6258
Error: 9.540929856447563e-16
A1: [0.08043165642640765, -0.1804678390055208, -0.019588885197725597, 0.11962494348322088] - [0.037415557649992714, 0.13359636384811527, -0.13472620849754274, -0.0362858474287884] - [-0.0017028304710575552, 0.22819010504875176, -0.12282839408669807, -0.10365892167967185] - [0.03886321366156094, -0.11448103926169624, -0.04641646215010601, 0.12203420719828392]
A2: [0.035307452708054486, -0.029273466123522177, -0.07569734077917069, 0.06966341784078682] - [0.1028937038691239, 0.2828966540663484, -0.3926064415172425, 0.006815946995762869] - [-0.011187158113153848, 0.5390145322182884, -0.3594510705067956, -0.1683765258105794] - [0.09786277795417599, 0.017463294944243462, -0.16885103093694698, 0.053524855863869215]
B1: 9.384351167043425e-09 - -1.2541867212517577e-08 - -1.394855631421491e-08 - -6.970584099368561e-09
B2: -1.2953337555858688e-08 - -1.0873609067661445e-08 - 1.559585941861638e-09 - -4.184439581394921e-09
