Number: 7181
Error: 1.0843053955363027e-15
A1: [0.08043170646857857, -0.18046778896902202, -0.01958883521539157, 0.11962499351967294] - [0.037415608987224964, 0.1335964151464902, -0.13472615726260012, -0.036285796119997445] - [-0.001702826273315213, 0.22819010924640695, -0.122828389895088, -0.10365891748304479] - [0.03886325725319054, -0.11448099579240673, -0.046416418586259556, 0.12203425076281381]
A2: [0.035307553644005604, -0.029273364908395393, -0.07569724481052538, 0.06966352348116593] - [0.10289371665969632, 0.28289666696548454, -0.3926064291463773, 0.006815960389394577] - [-0.011187196749174382, 0.5390144933518142, -0.35945110707667866, -0.16837656652264849] - [0.09786280829477792, 0.017463325422854625, -0.16885100205467124, 0.05352488771163829]
B1: 4.5517324342484624e-08 - -1.8651438586240592e-08 - -2.7382845214785216e-08 - 8.06156372558631e-09
B2: 4.225361950567984e-09 - 3.8454860315221004e-09 - -1.1082074932920885e-08 - 8.557929255062565e-09
