Number: 3671
Error: 1.7843756150534775e-14
A1: [0.06621417184340728, -0.11395111167309596, -0.023982960894675803, 0.07172385664947] - [0.03740206435276183, 0.188192846072633, -0.14740948528494388, -0.07818754873062289] - [-0.06022949990913992, 0.3289506766285168, -0.12775323550864706, -0.1409684473575043] - [0.03904517677747974, -0.053323618488459124, -0.0374195407941962, 0.051694177734933795]
A2: [-0.009107142717552847, -0.34680166520848366, 0.2494565349889786, 0.1064581823811388] - [0.08003911806388933, 0.03628149457492726, -0.050250885738997574, -0.06607273954046522] - [-0.04245300705243017, 0.2308316840471365, -0.04053144657852813, -0.14784804644510324] - [0.0681359172553306, -0.29346659870270525, 0.14177247488576838, 0.0835631368947993]
B1: -7.923673683893938e-08 - 1.8866267061099237e-08 - 5.26259263275497e-07 - 9.361113893732298e-08
B2: 1.640240053118202e-07 - -1.5753225732946084e-07 - -1.9913070714439353e-08 - 4.2784904051359337e-07
