Number: 1974
Error: 3.112577409366292e-05
A1: [-0.02471665576856866, -0.031605971201053185, -0.014274324080249683, 0.002919834693562745] - [0.08034133918636001, 0.2029219018053154, -0.13261079134474746, -0.0947378415256231] - [-0.11045070494458008, 0.4440019209847128, -0.0685600073119737, -0.2552407901421632] - [0.015722950776930925, 0.052700050502216704, 0.009006252713651377, 0.07930161049346425]
A2: [0.12402216671520268, -0.23342644020379769, 0.01405325122041473, 0.06066440240360674] - [0.04349241281066746, 0.21422836967906225, -0.10420853515678384, -0.11112438781006855] - [-0.09658687389268224, 0.553024434432324, -0.23732720336330035, -0.22807812850895912] - [-0.021221633780337888, -0.01969840836834564, 0.007706915123103373, 0.0315866184317279]
B1: -0.005202722094064595 - -0.0003623857393377744 - -0.010900395924640257 - -0.007233097552996404
B2: -0.0035734577883184395 - -0.010204954928139196 - -0.003009023882963107 - 0.00949320961222258
