Number: 6781
Error: 7.229803953509428e-16
A1: [0.08043162130651876, -0.18046787412143545, -0.01958892027562369, 0.11962490836733997] - [0.03741554427659057, 0.13359635048483243, -0.1347262218442993, -0.03628586079478611] - [-0.001702865017513252, 0.22819007050302823, -0.12282842858257086, -0.10365895621690975] - [0.03886318515350214, -0.11448106768975158, -0.046416490639999364, 0.12203417870793984]
A2: [0.03530743195186284, -0.029273486937121007, -0.07569736051388898, 0.06966339611717316] - [0.10289372423208186, 0.28289667460213136, -0.39260642182246563, 0.0068159683187753875] - [-0.011187100209466245, 0.539014590467346, -0.35945101569972304, -0.16837646479540333] - [0.09786280129649921, 0.01746331839274366, -0.1688510087165792, 0.05352488036572585]
B1: -5.544469574224731e-09 - -1.3640686094945297e-08 - -3.3515895548839765e-09 - -5.684156810730187e-09
B2: -1.6246346630425675e-08 - -4.1380018057878664e-09 - -3.964175869594702e-09 - -3.3422347755815036e-09
