Number: 2346
Error: 9.564862600166941e-06
A1: [0.06933879265697368, -0.04374484261980796, -0.020189284276560318, 0.01272729548869876] - [0.04644481457275816, 0.19383619896352483, -0.14015491350103818, -0.08924291328342517] - [-0.12148331197945497, 0.417666819320928, -0.10197549808529173, -0.1846454060232705] - [0.036775056951244924, 0.01955652437201834, -0.03234689631073411, -0.02319397331476785]
A2: [0.09983531016490067, -0.13653127668717313, 0.12340271404630665, 0.059840331224461175] - [0.031404916410145416, 0.20233179297067733, -0.09967121897002013, -0.12586831455185837] - [-0.12251320953721669, 0.4852241729227225, -0.2545975752307941, -0.22293848986379972] - [-0.029598012262245902, 0.015185981148558528, -0.05316878334632433, 0.054072274033949666]
B1: 0.001586373505286654 - 0.00028961136327356266 - -0.0023787486901822386 - -0.014849853111856062
B2: -0.002925741707658265 - -0.004875923627384545 - -0.0036778562827903686 - -0.004822703692173938
