Number: 9006
Error: 0.0002182359183613464
A1: [0.1812463111092082, -0.04529634514208623, 0.10085149089075937, 0.24249572401758016] - [0.10357105762738161, 0.22689531500080537, -0.018242375627561914, 0.07412029358175204] - [0.08481676203107631, 0.32909252310575443, -0.005068075002439485, 0.023642937286761066] - [0.13623960366039128, 0.007743348407929168, 0.06464367039207683, 0.2318831969732492]
A2: [0.0241244584720103, -0.11488807666892471, -0.16595445844102868, 0.06236308563982628] - [0.06353330491636502, 0.1906471439788679, -0.46271232361025794, -0.01565833826350732] - [-0.003223015140717817, 0.4409020956129609, -0.42698502541325184, -0.15311457517737775] - [0.0867897187924831, -0.08810399035222116, -0.25317562710282493, 0.054166337107547716]
B1: 0.0002893309968322018 - 0.004297718272963411 - -0.004831308975857155 - -0.0032809267364875727
B2: 0.005666637123636839 - 0.0019889511727821272 - 0.016289561825116143 - 0.003946603334825457
