Number: 1536
Error: 1.2312143109710545e-08
A1: [-0.007242273479034397, -0.01504918774907638, 0.002939752713994797, 0.019398181065529055] - [0.0673548360462064, 0.1903925036754918, -0.1461893170849758, -0.10927490096304777] - [-0.11292406624524616, 0.44145291130581954, -0.07114265565484795, -0.2584664738533492] - [-0.024396920531938475, 0.014334357735046478, -0.030983325640258456, 0.037826961126608154]
A2: [0.1317845203545199, -0.224433358666396, 0.022861497638955713, 0.07035468861386107] - [0.03271734108414602, 0.20381908955019978, -0.11481744189046958, -0.12138802839467758] - [-0.0944827282509307, 0.5556773814914112, -0.23506520800090583, -0.2254982892031861] - [-0.020821625606510293, -0.01927010912063052, 0.008123160541612561, 0.032187190021133065]
B1: 0.0002811275403893802 - -3.386264556107047e-06 - 0.00025002065253563696 - 0.00015773398039968932
B2: 0.00010874354474303055 - 0.000285344932321146 - 0.00012295836370567668 - -5.726759347065237e-05
