Number: 5573
Error: 7.96100069778706e-09
A1: [0.06626989690794372, -0.11389661190991666, -0.023927266819780264, 0.07177949828336343] - [0.03744333319802161, 0.188232292194293, -0.14736890665248428, -0.07814696901809065] - [-0.0601939731520582, 0.3289848345442119, -0.12771844144637115, -0.14093384565794081] - [0.0390548062571164, -0.05331445484597219, -0.03741019862887682, 0.05170344008353451]
A2: [-0.009016070714182816, -0.34670504679601716, 0.2495483634582943, 0.10655368015604454] - [0.08005680349029637, 0.036300550229451244, -0.050231556378585646, -0.0660532443424518] - [-0.042439183348567465, 0.2308469473857308, -0.04051664727046537, -0.14783275930490872] - [0.0681280722976713, -0.2934752297034858, 0.1417639578748125, 0.08355433955904505]
B1: -2.910918711527012e-05 - -5.438853373534194e-05 - -4.844328878755986e-05 - -3.53011961011565e-05
B2: 4.452189172392025e-05 - 6.50738980807441e-05 - 3.2801096594775425e-05 - 4.07668678650583e-05
