Number: 642
Error: 4.185070646741043e-14
A1: [-0.012154076934564658, -0.014517871711853167, 0.018086528368469242, 0.008582367374644335] - [0.06583559639729833, 0.189495608141897, -0.14532219704230281, -0.11000815884351219] - [-0.09629222568735642, 0.4217869098243987, -0.05345641269552013, -0.2720347458573977] - [-0.0013222220858248829, -0.01821993907083704, -0.0038358791011680405, 0.023375909264202945]
A2: [0.16158690529620426, -0.16775459225206837, 0.008501514660128863, -0.002332889642073174] - [0.03548561468137664, 0.20751661467785756, -0.11721053260484326, -0.12579213602938044] - [-0.08621348780117383, 0.5815381774925888, -0.23538867128560895, -0.2599355127049102] - [-0.003834423812243058, -0.004518755354259296, 0.001110794802353732, 0.007243912737518993]
B1: 7.486692185498241e-08 - 5.2369764876577916e-08 - 1.888397725796276e-07 - 3.300538218728615e-08
B2: -5.502734596755184e-07 - 3.494429273378936e-07 - 2.551451995016859e-07 - 6.206834056010157e-09
