Number: 5173
Error: 9.045926298845562e-16
A1: [0.0662131613317883, -0.11395209960461805, -0.023983970614147872, 0.07172284783377815] - [0.037402484500665675, 0.18819324749633107, -0.1474090722467178, -0.07818713565649] - [-0.06022942373603441, 0.3289507497885235, -0.1277531609702459, -0.14096837321988231] - [0.03904607766932881, -0.05332276339354534, -0.037418669210665244, 0.05169504223996793]
A2: [-0.009108495216641546, -0.34680309999704323, 0.24945517154788097, 0.10645676436270704] - [0.08003985818845186, 0.0362822919005211, -0.0502500768247679, -0.06607192375913647] - [-0.04245275352579281, 0.23083196385460733, -0.04053117488956263, -0.14784776605451538] - [0.06813483831159485, -0.2934677866661977, 0.14177130520608344, 0.08356192720100826]
B1: 4.1502745149192895e-08 - 3.02654432607674e-09 - 1.1573396430078725e-08 - 1.418581680744957e-08
B2: -3.298453001824435e-08 - 2.1286110575923027e-08 - 1.0145820933236787e-07 - -1.3228302861948484e-08
