Number: 4452
Error: 9.52204744584783e-16
A1: [0.06621315636247974, -0.11395210446289424, -0.023983975579550523, 0.07172284287283581] - [0.0374026368081461, 0.18819339301579735, -0.14740892251680135, -0.07818698591332265] - [-0.060229432876488256, 0.3289507410097862, -0.1277531699145368, -0.14096838211625026] - [0.03904616082079591, -0.05332268446928368, -0.03741858876439901, 0.051695122033131806]
A2: [-0.009108637176974167, -0.34680325059458217, 0.24945502843919287, 0.10645661552512639] - [0.08003978405376884, 0.036282212036248665, -0.050250157849826234, -0.06607200547208937] - [-0.04245282285814549, 0.23083188733536308, -0.04053124918876752, -0.1478478427332152] - [0.0681347660934517, -0.29346786618124404, 0.14177122691515795, 0.08356184623140075]
B1: 2.114657227084522e-08 - -1.2293913329237825e-08 - 4.482391502168708e-09 - 5.653741467248478e-09
B2: -1.7515447163413132e-08 - 2.0063276733401414e-08 - 2.027668083046578e-08 - -2.434057351193421e-09
