Number: 4379
Error: 1.1045933871901365e-15
A1: [0.0662130744765406, -0.11395218451895772, -0.02398405740122904, 0.07172276112432617] - [0.03740261973866599, 0.18819337670706404, -0.14740893929741164, -0.07818700269542078] - [-0.06022939233153466, 0.3289507799509977, -0.12775313023962653, -0.14096834265474478] - [0.03904615003242921, -0.053322694709186096, -0.03741859920177097, 0.05169511168049243]
A2: [-0.009108525965156794, -0.3468031326162739, 0.24945514055084037, 0.10645673212462352] - [0.0800398605838262, 0.0362822944810195, -0.050250074206856725, -0.06607192111889273] - [-0.04245275412967323, 0.23083196318831828, -0.04053117553666237, -0.14784776672218689] - [0.06813472600493573, -0.2934679103203996, 0.14177118345538278, 0.08356180128482045]
B1: -4.669113559099125e-09 - 2.646758848216029e-08 - 2.1429422393720692e-08 - -1.7970558777992434e-08
B2: 7.768144510218541e-09 - 2.2940342926229392e-08 - -4.946759357137048e-09 - -3.078929027218596e-08
