Number: 7403
Error: 1.1487484448745138e-15
A1: [0.08043168321788305, -0.1804678122170875, -0.019588858438290314, 0.11962497027163246] - [0.03741557890685459, 0.13359638508888663, -0.13472618728303118, -0.036285826183703615] - [-0.0017028150954869453, 0.22819012042398662, -0.12282837873364168, -0.10365890630820486] - [0.03886322631631475, -0.11448102664246422, -0.04641644950342197, 0.1220342198451656]
A2: [0.03530754475897781, -0.029273373817989855, -0.07569725325827861, 0.06966351418200135] - [0.10289371289017017, 0.2828966631639719, -0.3926064327922179, 0.006815956442162789] - [-0.011187198539605503, 0.5390144915507088, -0.35945110877139297, -0.16837656840924825] - [0.09786277147595371, 0.01746328843655962, -0.16885103710383106, 0.05352484906388474]
B1: 4.15567738669351e-08 - -1.1291710336781972e-08 - -3.0885183566468646e-08 - -9.121515836923149e-09
B2: -1.1193620845469472e-09 - -5.524882939540085e-09 - 4.646552701715942e-09 - -3.503655229784325e-09
