Number: 8745
Error: 8.819379355646164e-12
A1: [0.08044125026744633, -0.18045824622579654, -0.019579302922541352, 0.11963453620109228] - [0.03742929756607252, 0.13361009335673008, -0.13471249606298355, -0.036272115155409825] - [-0.001694996359689346, 0.22819793895624021, -0.1228205715665622, -0.10365108969405659] - [0.03887419338383742, -0.11447009035244027, -0.04640548954934948, 0.12204518006025898]
A2: [0.03530228953589874, -0.029278643563366825, -0.0757022498688984, 0.06965801405097609] - [0.10289335003165632, 0.28289629729533755, -0.3926067837132915, 0.006815576497557677] - [-0.011176753798285791, 0.5390249986207899, -0.3594412225690748, -0.16836556243358763] - [0.0978612253672487, 0.01746173531234614, -0.1688525089004579, 0.053523226174966]
B1: 3.478823150827088e-06 - -1.1952188049308765e-06 - -2.765822795167552e-06 - 1.662098803934036e-06
B2: 1.0279014364588946e-06 - 3.0953637857437265e-06 - 1.3010633919046922e-06 - 2.0972791411103263e-06
