Number: 5056
Error: 1.1068509836715674e-15
A1: [0.0662132216183013, -0.11395204066527086, -0.02398391037491955, 0.07172290801914517] - [0.037402610338312645, 0.18819336772569178, -0.14740894853866515, -0.0781870119374926] - [-0.06022949717694942, 0.3289506792526189, -0.1277532328352118, -0.14096844469837594] - [0.03904623474969069, -0.05332261429862118, -0.037418517240517625, 0.05169519297619702]
A2: [-0.009108617102182505, -0.3468032292982752, 0.249455048676358, 0.10645663657257504] - [0.0800398435049627, 0.036282276082217624, -0.05025009287299242, -0.06607193994359277] - [-0.04245280000220934, 0.23083191256056731, -0.04053122469535391, -0.14784781745550726] - [0.06813477750973612, -0.2934678536114295, 0.14177123929131036, 0.0835618590311458]
B1: 7.934300151738619e-09 - 8.503393896809137e-09 - 1.1968163060576849e-08 - 1.3551495541659715e-08
B2: 1.1191295043593033e-08 - 2.614570157096955e-09 - 3.076549152033332e-08 - -2.1507847280504454e-08
