Number: 2760
Error: 1.9839136765775914e-09
A1: [0.06370256551290211, -0.04760545178059881, -0.023178388490374575, 0.008121102591705162] - [0.04403721230593298, 0.19163310205182643, -0.1421779393236742, -0.09209939061027635] - [-0.12268668359191393, 0.41561838170284177, -0.10409584911593778, -0.18631203482199082] - [0.03719352844324069, 0.019357847461311292, -0.03294211018174707, -0.022862479819231295]
A2: [0.06372639456750923, -0.17340162028276745, 0.08661084008451331, 0.024241000814671163] - [0.029404545511686243, 0.20041159621295687, -0.10159599495793085, -0.12776089493196896] - [-0.09291004653959249, 0.5141727862639734, -0.22510481653318695, -0.1946140085104719] - [-0.025903896111317215, 0.018544105831719483, -0.05026531672879041, 0.05699948665937058]
B1: 7.275740813576043e-05 - 0.00010028542848607004 - -3.771984254151011e-05 - 0.0001558744572550054
B2: 5.022444621861174e-05 - 7.424126179613562e-05 - -7.607431635240215e-05 - 9.714342673817584e-05
