Number: 7996
Error: 9.953043087704079e-16
A1: [0.08043171632933714, -0.1804677791093881, -0.01958882536642554, 0.11962500337930594] - [0.037415537986932375, 0.13359634419993624, -0.13472622812136947, -0.0362858670809397] - [-0.0017028256177280363, 0.22819010990196995, -0.12282838924046838, -0.10365891682763355] - [0.03886325785464842, -0.11448099519264147, -0.04641641798517496, 0.12203425136390211]
A2: [0.03530743990227672, -0.0292734789647023, -0.07569735295472285, 0.06966340443812356] - [0.10289368088550463, 0.2828966308876911, -0.3926064637467334, 0.0068159229286396585] - [-0.011187125665064513, 0.539014564859888, -0.3594510397940317, -0.16837649161882745] - [0.09786276744550516, 0.01746328438776886, -0.16885104094057704, 0.05352484483324759]
B1: 4.9231441163070395e-09 - 1.2252825497375043e-08 - 1.3912867895837615e-09 - 1.1333434985066436e-08
B2: -7.896725968170528e-09 - 2.414031107282987e-08 - 6.492115263767424e-09 - -5.304096474682445e-09
