Number: 5396
Error: 1.3003243212367156e-15
A1: [0.06621313547314624, -0.11395212488535372, -0.023983996452447875, 0.07172282201857824] - [0.03740267872701558, 0.18819343306662437, -0.1474088813072094, -0.07818694470009539] - [-0.06022940458312493, 0.32895076818374736, -0.12775314222823922, -0.14096835457867046] - [0.03904602206896466, -0.053322816167318404, -0.037418723002066584, 0.05169498888531379]
A2: [-0.009108662396477164, -0.3468032773481133, 0.24945500301523904, 0.10645658908417178] - [0.08003977027601412, 0.03628219719379306, -0.05025017290769236, -0.06607202065808034] - [-0.04245293300988054, 0.23083176576560327, -0.04053136723151141, -0.14784796455635782] - [0.06813466969322701, -0.2934679723216478, 0.14177112240787437, 0.08356173814954813]
B1: -1.8136689324514564e-08 - -1.0052257230547239e-07 - 1.4481463577268837e-08 - 3.15831204898218e-08
B2: -3.199868756001008e-08 - 1.048459415529499e-08 - 4.084117482425836e-08 - -5.622847201074574e-08
