Number: 7224
Error: 1.0742255574367453e-15
A1: [0.08043170890456555, -0.18046778653331108, -0.01958883278231659, 0.11962499595538198] - [0.03741561313341961, 0.13359641928954702, -0.13472615312466546, -0.036285791976098936] - [-0.0017028348571559706, 0.22819010066274825, -0.12282839846636351, -0.10365892606459597] - [0.03886326165221132, -0.11448099140573136, -0.04641641419004077, 0.12203425515910092]
A2: [0.035307447720754566, -0.029273471124613447, -0.07569734552103108, 0.06966341262102413] - [0.1028937065964001, 0.28289665681678056, -0.3926064388794662, 0.006815949851656411] - [-0.011186989244968913, 0.5390147020936843, -0.35945091066937446, -0.1683763478682904] - [0.09786286377062137, 0.017463381151036732, -0.16885094924524396, 0.05352494594319517]
B1: -3.1363605342445e-08 - 4.049323527289385e-08 - -8.099055908312758e-09 - -2.212575665356332e-08
B2: -1.5865858163638542e-09 - -4.561200182420326e-09 - -3.2283374700154535e-08 - 2.103861632190402e-09
