Number: 5360
Error: 2.495566058132603e-15
A1: [0.06621313999262285, -0.11395212046688911, -0.023983991936531387, 0.07172282653045127] - [0.03740256006692579, 0.18819331969488193, -0.14740899795921247, -0.07818706136241643] - [-0.060229373329551174, 0.3289507982012224, -0.12775311164541708, -0.14096832416032484] - [0.03904600014764085, -0.05332283697424435, -0.03741874421028495, 0.05169496784928509]
A2: [-0.009108648186686254, -0.34680326227380276, 0.2494550173400478, 0.10645660398231216] - [0.08003988243885417, 0.0362823180251232, -0.05025005032047973, -0.06607189702980416] - [-0.0424528960160927, 0.23083180659407018, -0.04053132758741479, -0.14784792364278201] - [0.06813467738893259, -0.2934679638483771, 0.1417711307509211, 0.08356174677783307]
B1: 3.24271443494666e-08 - 1.0812024982435423e-08 - 1.355561110536317e-08 - 1.479653164919398e-08
B2: 1.6984586718624112e-10 - 5.169508078192111e-09 - -5.717892838615782e-08 - -2.7805239913091545e-08
