Number: 5945
Error: 2.263928567321318e-10
A1: [0.08046544036399854, -0.1804340609845977, -0.01955513998408634, 0.11965872445602765] - [0.037313676460891426, 0.13349455851510028, -0.1348278881138951, -0.03638767287901223] - [-0.00168647490594143, 0.22820646027306674, -0.12281205805837092, -0.1036425681525773] - [0.03891699468466128, -0.11442740662494652, -0.04636271068920304, 0.12208795693888073]
A2: [0.03542672177960729, -0.029153876026756113, -0.07558394369189661, 0.06978824723202474] - [0.10302856145618469, 0.2830326476968905, -0.392476014094799, 0.006957158047543434] - [-0.011160087247486947, 0.539041761755624, -0.35942545054172126, -0.1683480024825045] - [0.09792189242067233, 0.017522673445031393, -0.16879476043183145, 0.053586906419402384]
B1: 1.2072782579544228e-05 - -1.2825156017947964e-05 - -4.264991491389035e-07 - 8.37152282271728e-06
B2: 6.50810332624694e-06 - 3.0468676093975727e-05 - -3.343790649653266e-06 - -2.7280952111687044e-05
