Number: 1963
Error: 2.2209206460764596e-05
A1: [-0.01408031866301278, -0.0214293602142418, -0.0035875524909302, 0.0128975737520364] - [0.047441094882594924, 0.17119939778144094, -0.16688733905025113, -0.13156906116090722] - [-0.12301685569227075, 0.4315726245871509, -0.0816856784148056, -0.26922191573212884] - [-0.030701326536608745, 0.007738513321753249, -0.038170325121115116, 0.030817552754184862]
A2: [0.14444892342553628, -0.2127760407573769, 0.03453704621622802, 0.08141923688521775] - [0.039361307244531116, 0.2103673666453119, -0.10822325384871422, -0.11495077547629086] - [-0.0941614766454273, 0.5562276110277908, -0.23467060689434488, -0.2248460683056001] - [-0.023656247369336504, -0.022003402280206995, 0.0052632487070570335, 0.02949033180103417]
B1: 0.0013287283544190843 - 0.006909766245395875 - 0.009038773508896786 - 0.004449535478655297
B2: -0.0007908521630192107 - 0.01977746943726272 - -0.0002319952073013467 - 5.542522898261022e-05
