Number: 2880
Error: 1.0491795531325591e-08
A1: [0.06328425084869736, -0.048021837921347774, -0.023592297523334766, 0.007705879733546668] - [0.04365807403571128, 0.19126708954427568, -0.14256822950907505, -0.09251604457052223] - [-0.12330731450375297, 0.41499714390688397, -0.10472191740648468, -0.18693706090321893] - [0.0370530590110396, 0.01921548199589663, -0.033084517154967824, -0.02300467636708782]
A2: [0.06292233408217036, -0.1742026629424292, 0.08580343430819849, 0.023441918614120653] - [0.02928176419373993, 0.20029074427706767, -0.10171840868240195, -0.12788123609286628] - [-0.09292435894001606, 0.5141588179876218, -0.22511952465447457, -0.19462797554846065] - [-0.025624833779174308, 0.01882122310274939, -0.0499846238235408, 0.05727194525428078]
B1: -0.00019570360694009828 - -4.140363320357007e-05 - 0.00021910348593767232 - 1.7273924163053615e-06
B2: -7.33852108955161e-05 - 1.4934592599047154e-05 - -8.089161548495636e-05 - -6.374973121153326e-05
