Number: 4562
Error: 8.892192071981639e-16
A1: [0.06621307183883907, -0.11395218709771815, -0.02398406003686503, 0.0717227584910235] - [0.03740247351574561, 0.18819323700096868, -0.14740908304576353, -0.07818714645649216] - [-0.06022960510488575, 0.3289505755938908, -0.12775333844709283, -0.1409685497422303] - [0.039046220279861446, -0.053322628032967556, -0.03741853123973641, 0.05169517909067221]
A2: [-0.009108561223929054, -0.34680317002032857, 0.24945510500672682, 0.1064566951576902] - [0.08003982640852982, 0.036282257664455066, -0.05025011155847192, -0.06607195878769768] - [-0.04245279616265722, 0.23083191679813575, -0.04053122058076082, -0.14784781320904655] - [0.06813471534435754, -0.2934679220581679, 0.14177117189809801, 0.08356178933236308]
B1: -1.4194348564030716e-08 - -3.7296743678670757e-08 - -1.9437012489938698e-10 - -2.8552344202531666e-08
B2: -4.5716570797294776e-08 - -6.981046586693072e-08 - 9.181487429424589e-08 - -4.08755711975072e-08
