Number: 5328
Error: 1.0089219521104706e-15
A1: [0.06621318343652677, -0.11395207799381618, -0.02398394852673998, 0.07172286990142746] - [0.03740262582541434, 0.18819338252265475, -0.1474089333135939, -0.07818699671107987] - [-0.06022932193583871, 0.3289508475619213, -0.12775306135466372, -0.1409682741400451] - [0.03904629816729623, -0.05332255410481554, -0.03741845588598962, 0.051695253832523616]
A2: [-0.009108489965458245, -0.3468030944263553, 0.24945517684140786, 0.10645676986823022] - [0.08003988186848539, 0.03628231741067585, -0.050250050943849864, -0.06607189765849492] - [-0.04245286656006378, 0.23083183910342284, -0.04053129602124909, -0.1478478910656797] - [0.06813471412728277, -0.2934679233980378, 0.1417711705786981, 0.08356178796808454]
B1: 5.542504208028486e-08 - -4.754369972780612e-08 - -1.7355282089020955e-08 - -1.8987894064614178e-08
B2: -1.1771448134957346e-08 - -2.4087169510414156e-08 - -2.9839954400525776e-08 - 5.668854167754484e-08
