Number: 3390
Error: 3.812451810364088e-08
A1: [0.0653222552307805, -0.1148222195368409, -0.024874324852692968, 0.07083445569487128] - [0.03673259527563187, 0.1875534492799048, -0.14806749987794937, -0.07884539135389008] - [-0.05983757935104849, 0.32932535976292066, -0.1273733087042495, -0.14059630699122552] - [0.03761079950640332, -0.05468463429912989, -0.0388076593858296, 0.05031393020470756]
A2: [-0.010921150877392526, -0.34872429419995105, 0.24764450317506922, 0.10455944163766087] - [0.07991058270870745, 0.03614314427068549, -0.050391265371427886, -0.06621800643232197] - [-0.043088579882244044, 0.23013028639441727, -0.041209923778316934, -0.14855431110077907] - [0.06710747819126213, -0.2945966340811611, 0.14067378060299876, 0.08241537724323826]
B1: -4.623711773810019e-05 - -8.44841751229919e-05 - 0.0002067799258252092 - 0.00022738260738956194
B2: 0.00035744673506743507 - 0.0003256001045451874 - -0.0002881057409994547 - -9.336245323238461e-05
