Number: 9523
Error: 1.0205502387968856e-13
A1: [0.053172553959086793, -0.14800126717604725, -0.026999043518641113, 0.1218278258084163] - [0.005313557842880099, 0.13083653209167617, -0.1136009057533447, -0.02254992559737148] - [-0.014445901899950373, 0.2230901949671783, -0.12704260380841154, -0.08160735884372047] - [0.02714759776726747, -0.10001890036301768, -0.04942336832026863, 0.12229926096931702]
A2: [0.08925481057717041, -0.07291302185462495, -0.12362707940145577, 0.1072867366586265] - [0.10884105980130955, 0.2498135119969283, -0.40484594528898915, 0.04618879983323129] - [0.03663564453084095, 0.46255483352225474, -0.37771773046602136, -0.12147355788884966] - [0.1434265225804178, -0.04460653427230568, -0.20149944820328858, 0.10267995321078811]
B1: 4.9891665903227744e-08 - -3.3701882340795023e-07 - -2.363834062936961e-07 - -1.5448273451962402e-07
B2: 6.401590088905707e-08 - -1.8525143941494056e-07 - -9.605750318495934e-07 - -7.492943885571264e-07
