Number: 8638
Error: 9.82744690195759e-16
A1: [0.08043172342503045, -0.18046777201446373, -0.019588818279228554, 0.1196250104742059] - [0.03741570033785925, 0.13359650642805262, -0.13472606609375098, -0.03628570481983957] - [-0.0017027968356005934, 0.2281901386834831, -0.12282836050049308, -0.10365888805317729] - [0.03886328976971937, -0.11448096336704928, -0.04641638609042777, 0.12203428325919431]
A2: [0.03530749522487083, -0.029273423489086455, -0.07569730035455384, 0.06966346233900639] - [0.10289378679361295, 0.2828967376946571, -0.3926063613136723, 0.006816033829728967] - [-0.011187028073149485, 0.5390146630338778, -0.35945094742094713, -0.16837638878305158] - [0.0978628471127536, 0.017463364417360586, -0.1688509651023576, 0.053524928457713984]
B1: 3.646585984653144e-09 - 6.70987995394122e-10 - -2.5136976643992844e-09 - 1.646332874316335e-09
B2: 4.0165153250076385e-09 - -2.4829952646605724e-08 - 3.565467914818401e-08 - -1.2018118411202856e-08
