Number: 2848
Error: 1.424152836070639e-08
A1: [0.06361843773155255, -0.04768875778385191, -0.02326124406872671, 0.008038068732906599] - [0.04366295583187984, 0.19127193462702285, -0.14256316533133132, -0.09251044527405518] - [-0.12352957094053628, 0.4147763836805728, -0.10494449901098325, -0.18715837233869762] - [0.03643787850611521, 0.018600602873860096, -0.03369778289178296, -0.02361468645304438]
A2: [0.06301225066813025, -0.17411315022745485, 0.08589453100239351, 0.023533048175775114] - [0.029237398585989106, 0.20024694989409797, -0.10176249515298759, -0.1279244192507018] - [-0.0934429307344712, 0.513649432939093, -0.22563909277151034, -0.19512996142099343] - [-0.026072727423628823, 0.018375892065323033, -0.05043282218815131, 0.05683564077902762]
B1: -0.0001356412431284359 - -8.81726121828782e-05 - -7.302101849487603e-05 - -4.083719617419431e-05
B2: 0.00010617931470521698 - 7.096522241221509e-05 - -5.952374083325048e-05 - -0.00020286317672358413
