Number: 6423
Error: 1.1614428978573026e-15
A1: [0.08043169897276563, -0.18046779646398545, -0.01958884270224188, 0.11962498602471688] - [0.0374155980331158, 0.1335964042006701, -0.1347261681948844, -0.03628580706803817] - [-0.0017028095710229887, 0.2281901259483378, -0.12282837321726368, -0.10365890078521751] - [0.038863226999661056, -0.11448102596103107, -0.04641644882050391, 0.12203422052809156]
A2: [0.035307437534718086, -0.029273481338824143, -0.07569735520578146, 0.06966340196023721] - [0.10289375425826687, 0.2828967048831521, -0.3926063927815337, 0.006815999760582198] - [-0.011187092837552363, 0.539014597883234, -0.3594510087220574, -0.16837645702734869] - [0.09786281068175166, 0.017463327820687748, -0.16885099978243154, 0.05352489021719163]
B1: 9.496490214996579e-10 - 5.574971541297608e-09 - 4.502153795093691e-09 - 1.6531002515945384e-09
B2: 6.670524122749901e-09 - 2.0648157611325596e-09 - 5.15061736463796e-09 - -6.2417537455958016e-09
