Number: 3971
Error: 1.222550382992973e-15
A1: [0.06621319845140766, -0.11395206331448957, -0.02398393352363336, 0.07172288489113862] - [0.03740263777695955, 0.1881933939414278, -0.1474089215643986, -0.07818698496081429] - [-0.060229282260814636, 0.32895088566786723, -0.12775302253088427, -0.14096823552537746] - [0.03904611779103245, -0.05332272531157624, -0.03741863039429278, 0.051695080741231976]
A2: [-0.009108505291173699, -0.3468031106843929, 0.2494551613921434, 0.1064567538002047] - [0.08003978670637363, 0.036282214893824376, -0.050250154950717024, -0.06607200254840423] - [-0.04245273845675169, 0.23083198048599948, -0.04053115874091034, -0.14784774938850478] - [0.06813474054007762, -0.29346789431665815, 0.14177119921282907, 0.08356181758129663]
B1: 5.258272522765892e-10 - -2.6235328939051984e-08 - 1.4725786134255995e-08 - -1.557488100576247e-08
B2: 1.1976148741992146e-09 - -1.0777791343001633e-08 - -2.486462260074775e-08 - 2.9819311941109416e-10
