Number: 8998
Error: 7.01544263319657e-05
A1: [0.05281980976938227, -0.1789263326140342, -0.02772130752020929, 0.11301240758639493] - [0.09919527842044702, 0.22372093969130458, -0.022926262914677004, 0.07016796134315684] - [-0.02358004254064566, 0.21758120542114015, -0.11422749577223687, -0.08662530045814613] - [0.09403253060115874, -0.03526573549657565, 0.022019735088636912, 0.18955537160638727]
A2: [0.12443405446869428, 0.0018110095208607423, -0.06259043274312195, 0.1756205445328633] - [0.1171690154166913, 0.2519164118927539, -0.40765117178709304, 0.04427294504866555] - [0.08723930023587766, 0.546169496814838, -0.33275300117719353, -0.05073831636580977] - [0.17318439180655323, 0.012677610750107128, -0.16232173862182353, 0.15216037224812476]
B1: -0.006277275851831958 - 0.015687153619994336 - -0.006270727335670419 - 0.0013064771371857145
B2: -0.027132709749670726 - -0.0020692165681163287 - 0.05874803961944355 - -0.008157118322098535
