Number: 4739
Error: 7.890330853609068e-16
A1: [0.06621321230423408, -0.11395204977123574, -0.023983919681703467, 0.0717228987206771] - [0.037402636611671744, 0.1881933928280921, -0.14740892270995404, -0.07818698610649588] - [-0.060229340314770195, 0.3289508299102763, -0.1277530793390605, -0.14096829202778396] - [0.039046186338397196, -0.05332266024892173, -0.037418564076952175, 0.05169514652006111]
A2: [-0.009108572407690585, -0.34680318188456016, 0.2494550937324311, 0.1064566834320874] - [0.08003992904481855, 0.03628236823308461, -0.05024999938289181, -0.06607184565964018] - [-0.04245284885843331, 0.23083185863989825, -0.04053127705155725, -0.14784787148852294] - [0.06813469187332856, -0.29346794790071495, 0.1417711464532953, 0.08356176301708583]
B1: -5.641818745009067e-09 - 4.092734374303871e-08 - 7.41584643997006e-10 - -1.5434597385139114e-08
B2: 2.9635340516823005e-09 - 1.215562119388519e-09 - 6.7519439491145885e-09 - 1.307235351129677e-08
