Number: 8430
Error: 6.747189243536095e-16
A1: [0.08043169790656285, -0.18046779753006384, -0.01958884376720521, 0.11962498495862867] - [0.03741556697421176, 0.13359637316527137, -0.13472619919178072, -0.03628583810968224] - [-0.001702818497587208, 0.22819011702195982, -0.1228283821307561, -0.10365890970938661] - [0.038863247999748406, -0.11448100501984973, -0.046416427833795154, 0.12203424151514657]
A2: [0.035307345886692716, -0.029273573240281833, -0.07569744234374999, 0.06966330604084293] - [0.10289376058247575, 0.28289671126106863, -0.39260638666478825, 0.006816006382918911] - [-0.011187093175498847, 0.5390145975432067, -0.35945100904190463, -0.1683764573835009] - [0.09786279513362955, 0.01746331220181795, -0.16885101458324336, 0.05352487389671696]
B1: 2.7286674982931466e-09 - -9.811258429609182e-10 - 3.5334795653833946e-09 - 2.3212785014465723e-08
B2: 1.2352073416076597e-08 - -6.655701730689426e-09 - 5.659051127770845e-09 - 1.5954568367987876e-08
