Number: 3227
Error: 0.007408150755114142
A1: [0.328966440960125, 0.19040519637229303, 0.23800246914727763, 0.3381760287199198] - [-0.24960511318773254, -0.09568613321556385, -0.4299157672607607, -0.3518244309912915] - [-0.21159155738370433, 0.2714008475333841, -0.22589926127377055, -0.23098779591964655] - [-0.2023830072447294, -0.23606189710974584, -0.2514138311631644, -0.15166952190639016]
A2: [0.4126610514801812, -0.10090276270017999, 0.5422643861895782, 0.32853575916996575] - [-0.0967373051862169, -0.04871745908351695, -0.13202615239171983, -0.21318272879730674] - [0.0897977096428923, 0.3943743411205581, 0.0290660797749714, -0.10333188626360702] - [0.13085338608175784, -0.16046065552680072, 0.15132419127658386, 0.07705201391978884]
B1: -0.19069006361610383 - -0.4261885276149009 - -0.25048016190666933 - -0.24021019735250598
B2: -0.15466055023055525 - -0.3408246629096941 - -0.04651357074904193 - -0.10552110231102271
