Number: 8973
Error: 0.0002960077585317395
A1: [-0.03889292259316896, -0.2808594936167871, -0.11940880525844089, 0.022712920152819862] - [-0.03287071719188158, 0.08644137020849757, -0.15939638656183663, -0.064247344698809] - [0.08195642771063025, 0.30722706069351474, -0.0182265020417699, 0.005145455650472412] - [-0.03572959987504318, -0.17288664044055557, -0.11093253148367077, 0.05823649502430625]
A2: [-0.05760068936794839, -0.1330182028079589, -0.20706785356277285, 0.017248852886144417] - [0.1318360312276127, 0.2931843965834799, -0.38862359423643644, 0.07331327590623182] - [-0.05045639840634132, 0.45654546223493453, -0.4246361510647675, -0.16432666870677187] - [0.0906435844325743, -0.023764254074844372, -0.2029370060247735, 0.09356456692961636]
B1: 0.03378392448760038 - -0.017709345496157373 - 0.02554602127416307 - 0.012392701081775304
B2: -0.008597203833063876 - 0.033690224094173174 - 0.023917719528910385 - 0.026345784298673444
