Number: 7123
Error: 9.06132695759747e-16
A1: [0.08043169612061826, -0.18046779931580884, -0.019588845550976113, 0.11962498317289598] - [0.03741559967833764, 0.13359640584464935, -0.1347261665529375, -0.03628580542372716] - [-0.0017027899465747196, 0.22819014557236247, -0.1228283536215509, -0.10365888116600755] - [0.03886323952652288, -0.11448101346932203, -0.04641643630162403, 0.1220342330471676]
A2: [0.03530749808102032, -0.029273420625059297, -0.075697297639114, 0.0696634653284936] - [0.10289375694118308, 0.2828967075888427, -0.3926063901866477, 0.006816002569990044] - [-0.011187180339241862, 0.5390145098596242, -0.35945109154431715, -0.1683765492309371] - [0.0978627825596779, 0.01746329957069529, -0.168851026552825, 0.05352486069816785]
B1: 3.5166729070920774e-08 - -2.7978221798633804e-08 - -6.679396976411207e-09 - 1.8697967183582936e-08
B2: -3.995929975631296e-10 - -2.45069478119018e-10 - 1.6943799512812882e-08 - -2.9759052428136894e-09
