Number: 1408
Error: 4.501680850100477e-10
A1: [-0.007310691545647526, -0.015118031261941707, 0.002869128620952141, 0.019328291926110863] - [0.06683817891410022, 0.1898954414083065, -0.1467232938511975, -0.10984960520687659] - [-0.11286327600602743, 0.44151282754581905, -0.07107909394272192, -0.2584007804214685] - [-0.023490465431697832, 0.01522510916585234, -0.03005835559249181, 0.038783681488027494]
A2: [0.1315014684684998, -0.22471181651108368, 0.022583365637719927, 0.07007775142264111] - [0.03269663239363768, 0.20379882634831337, -0.11483811520728424, -0.12140816166988476] - [-0.09466606275644568, 0.5554972930444892, -0.2352449076577054, -0.22567775043992078] - [-0.021065521782327647, -0.019510643181662717, 0.007881853843295546, 0.03195284967090203]
B1: 1.1929588267906193e-05 - -3.5329914715465786e-05 - -3.254440809842676e-05 - 3.122812145001246e-05
B2: -4.898623131756097e-05 - -1.9032860618650956e-05 - 1.4183548676179409e-05 - 8.049722079190478e-06
