Number: 9081
Error: 2.3641754731257135e-05
A1: [0.026859148071375596, -0.17688014380490807, -0.05398376372756103, 0.09365184422534041] - [-0.0258805546183525, 0.097801633786781, -0.1463917979674262, -0.05560057248719247] - [-0.029516112216321423, 0.21057800573813049, -0.1365142990593475, -0.09229506241468743] - [-0.0003692006171359425, -0.12861792042580933, -0.07645836576577238, 0.09398558194141747]
A2: [0.1477545820345282, -0.014710651044998354, -0.059727168328066044, 0.16746416516592236] - [0.11175517015189075, 0.25132604009856396, -0.40122292425824463, 0.04832372201476494] - [0.060890261704779736, 0.48751043076344797, -0.35723342433374455, -0.09760039402881493] - [0.1503942833850882, -0.037872365364646186, -0.19731970735071042, 0.10922605485894388]
B1: 2.8743271148316818e-05 - 0.004355120946439768 - -0.011883854465427474 - -0.00698386789791647
B2: 0.005658769511014135 - 0.0038408098373737096 - -0.0202595667961619 - 0.003193631826373747
