Number: 4535
Error: 1.2918129910517735e-15
A1: [0.06621307968697611, -0.11395217942496073, -0.023984052194881377, 0.07172276632599309] - [0.03740251346076524, 0.18819327516572792, -0.14740904377673889, -0.07818710718399811] - [-0.060229421633047064, 0.32895075180854394, -0.12775315891232336, -0.1409683711731208] - [0.03904604299517325, -0.0533227963049724, -0.03741870275678923, 0.05169500896629479]
A2: [-0.009108555710741541, -0.3468031641717031, 0.24945511056450545, 0.10645670093797346] - [0.08003986670486958, 0.036282301075142694, -0.05025006751689025, -0.06607191437213823] - [-0.04245269669491095, 0.2308320265768071, -0.040531113987271855, -0.14784770320158405] - [0.06813483545782291, -0.29346778980814126, 0.1417713021125977, 0.08356192400158267]
B1: 5.12965424002619e-10 - -1.2557218333661737e-08 - -1.1718353763780398e-08 - -3.451262845879524e-08
B2: -2.7854303412737453e-08 - -2.073702973764e-08 - 1.852408746769486e-08 - -4.2011848848891824e-08
