Number: 7496
Error: 8.724820826522803e-16
A1: [0.08043171257976063, -0.18046778285853865, -0.019588829111524087, 0.11962499963015322] - [0.03741561911670214, 0.13359642526829738, -0.13472614715330633, -0.036285785996133565] - [-0.0017027942677362979, 0.2281901412512943, -0.12282835793638361, -0.10365888548601157] - [0.03886325599127601, -0.11448099705078531, -0.04641641984737368, 0.12203424950168001]
A2: [0.03530742721327534, -0.02927349168880299, -0.07569736501929278, 0.06966339115773629] - [0.10289371323161729, 0.28289666350831816, -0.3926064324619748, 0.006815956799709843] - [-0.011187080721204503, 0.5390146100718387, -0.35945099725364577, -0.16837644425995696] - [0.09786277786805751, 0.017463294857739668, -0.1688510310189592, 0.0535248557735118]
B1: 1.9286755054396884e-09 - 2.0772566461821782e-08 - 1.898630363437121e-09 - 1.683255837281391e-08
B2: 1.273377182834693e-08 - 7.664664165056882e-09 - 1.7300189389822023e-08 - 1.2411341137134603e-08
