Number: 1032
Error: 0.0002965370470395688
A1: [-0.07194147383600229, -0.08881490728116045, -0.06611799924664406, -0.058042611477211264] - [0.052284161745030665, 0.1759273297254449, -0.16187250526718971, -0.126116185238601] - [-0.24020907475623193, 0.2895288100791158, -0.22198461618290088, -0.4259239387218168] - [-0.22505682133289004, -0.2058962324273201, -0.24369604576053033, -0.19731918584467897]
A2: [0.22020012137870176, -0.12396649869479397, 0.0843040999367495, 0.11691476658271696] - [0.05207878899130016, 0.22254460288532163, -0.0964850090968535, -0.1047591460253095] - [-0.08469481730989327, 0.5784910366591024, -0.2225846304326402, -0.24042569142929032] - [-0.010469010369802408, -0.00975398191375793, 0.009628404548689682, 0.028920853229192175]
B1: -0.025295254821978436 - 0.0051984341652965465 - -0.025297664213644006 - -0.006996951497159668
B2: -0.04576711526629263 - -0.01458716672141434 - -0.011764164010046391 - 0.0055733163826696104
