Number: 3669
Error: 7.746618179090962e-15
A1: [0.0662142226058924, -0.1139510620446539, -0.023982910171840198, 0.07172390732676205] - [0.03740198143430096, 0.18819276684960126, -0.14740956680020587, -0.07818763025304673] - [-0.06022977195651097, 0.3289504153420464, -0.12775350171813893, -0.14096871213508097] - [0.039045420118448644, -0.05332338751857581, -0.037419305370061454, 0.051694411247514144]
A2: [-0.009107147922909141, -0.3468016707309025, 0.2494565297412863, 0.1064581769230856] - [0.08003914168568256, 0.03628152002238649, -0.050250859921723616, -0.06607271350380972] - [-0.042453081912747846, 0.23083160142647952, -0.04053152680194076, -0.14784812923789664] - [0.06813584702795372, -0.2934666760264636, 0.1417723987522356, 0.08356305815637516]
B1: -7.51431635683236e-08 - -3.902060224280737e-08 - 5.141227647188933e-07 - 1.0118065042321857e-07
B2: 2.8129512237956785e-07 - -9.765535965810041e-08 - -1.1150632877085318e-07 - 4.958167038791879e-07
