Number: 9761
Error: 1.2466473118460607e-15
A1: [0.05317257811936817, -0.1480012429864377, -0.026999019372479487, 0.12182784997463385] - [0.005313740245780738, 0.13083671471882172, -0.11360072334660246, -0.022549742918555982] - [-0.014444498332144302, 0.2230915990659774, -0.1270412013351944, -0.08160595476229364] - [0.027146483656942774, -0.10002001447699191, -0.049424484788582815, 0.12229814402487237]
A2: [0.0892546945146346, -0.07291313763488273, -0.12362719284113177, 0.10728661915979612] - [0.10884165815314989, 0.24981411045295995, -0.40484535877981004, 0.046189408253645176] - [0.036636093219740574, 0.46255527986863076, -0.3777172927009731, -0.12147310454855889] - [0.14342641890216215, -0.04460663756680524, -0.20149954943932147, 0.10267984798379086]
B1: -1.0360070876705038e-07 - 1.7812761250742563e-08 - 3.9561167496514305e-08 - 4.9468213298559995e-09
B2: -2.0915569761522875e-08 - -5.242320034175221e-09 - -7.161078276202972e-09 - -2.2922429376110296e-08
