Number: 8030
Error: 1.20124618307836e-15
A1: [0.08043177563651298, -0.18046771980892748, -0.01958876613016204, 0.11962506267970849] - [0.03741549918853986, 0.13359630543090723, -0.1347262668424567, -0.03628590585783977] - [-0.0017027963029571684, 0.22819013921611658, -0.12282835996861802, -0.10365888752068558] - [0.03886331133129512, -0.1144809418660675, -0.046416364542603256, 0.12203430480731281]
A2: [0.035307444679781655, -0.029273474173986763, -0.07569734841232524, 0.06966340943829241] - [0.10289377398452419, 0.28289672477683064, -0.39260637370251394, 0.0068160204168158595] - [-0.011187142606219438, 0.539014547817688, -0.3594510558292312, -0.16837650947028396] - [0.09786280592685677, 0.01746332304414842, -0.16885100430877062, 0.05352488522607982]
B1: 1.0130309250003736e-08 - -9.456798544995949e-09 - -1.3367082658709339e-08 - -8.033277231391492e-09
B2: 4.81447525454791e-09 - -1.5036167201528878e-08 - -1.376962806405023e-09 - -2.2347805917379275e-10
