Number: 800
Error: 9.261561246472317e-13
A1: [-0.012157237984539514, -0.014521118430798927, 0.01808303445305713, 0.008578989429053278] - [0.06583560733443344, 0.1894956186642245, -0.14532218573315672, -0.1100081466650614] - [-0.09629824654181723, 0.421781090769318, -0.05346294604638908, -0.27204176043529615] - [-0.0013204156541256858, -0.018218201792803156, -0.003833956217173625, 0.023377997192541182]
A2: [0.16158777657609874, -0.16775373737692528, 0.00850236837087745, -0.002332040262750586] - [0.035486206577620125, 0.20751719706258961, -0.1172099431897428, -0.12579155699799277] - [-0.08621269825929963, 0.5815389508437938, -0.23538790303053836, -0.2599347427896347] - [-0.003835132896299616, -0.004519452647955126, 0.001110092973652755, 0.007243234345124692]
B1: 7.918898568410265e-07 - -3.0359488749575676e-07 - 1.1153620098477524e-06 - 2.3336292180344829e-07
B2: -7.047734916679581e-07 - 4.1677801341992627e-07 - -1.4587889087760763e-06 - 1.7537924553338927e-06
