Number: 846
Error: 5.999573710409286e-11
A1: [-0.012161571784003322, -0.014525569710990893, 0.018078244331315493, 0.008574358123522125] - [0.06584641340629849, 0.1895060136109043, -0.14531101320900675, -0.10999611523942966] - [-0.09628489603257553, 0.4217939936695045, -0.05344845914779593, -0.27202620672283223] - [-0.0013070558828841732, -0.018205353059392092, -0.003819735380431271, 0.02339343906166564]
A2: [0.16157506087312923, -0.16776621386660195, 0.008489908935448669, -0.002344435587396417] - [0.03548533129417349, 0.20751633582238002, -0.11721081481606511, -0.125792413131337] - [-0.08621077060240874, 0.5815408389322223, -0.2353860274907049, -0.2599328618794591] - [-0.003838775987386984, -0.0045230352902867945, 0.001106487132524787, 0.007239749079706006]
B1: 6.200856133913078e-06 - -7.941810225591077e-06 - 2.68768110105124e-07 - 5.838872782212647e-07
B2: 2.1224757425819698e-05 - -1.2090485077358727e-05 - 1.1975028911001094e-05 - 7.243762461344868e-06
