Number: 4361
Error: 8.485864845715755e-16
A1: [0.06621306534403698, -0.11395219344738017, -0.02398406652656271, 0.07172275200714252] - [0.03740267992914879, 0.1881934342149899, -0.14740888012555237, -0.0781869435183208] - [-0.06022949809950127, 0.32895067836667763, -0.12775323373792244, -0.14096844559639665] - [0.03904612101082595, -0.053322722255411424, -0.03741862727921478, 0.05169508383103395]
A2: [-0.009108431531059039, -0.3468030324364922, 0.2494552357490107, 0.10645683113357862] - [0.08003985377555815, 0.03628228714656604, -0.05025008164790617, -0.06607192862312308] - [-0.04245270233224427, 0.2308320203551556, -0.04053112002851195, -0.14784770943620268] - [0.06813467115065791, -0.29346797071733527, 0.14177112398807956, 0.0835617397830504]
B1: -5.869793198531895e-08 - 1.233829096533187e-08 - 2.0385216268512283e-08 - -5.320558013664749e-08
B2: 1.6090608862941946e-08 - 5.257130547465821e-08 - -1.4632439738180618e-08 - -1.3109132804318422e-07
