Number: 242
Error: 6.096598647982705e-07
A1: [-0.015555047839710866, -0.018015713798135616, 0.014316853600667997, 0.004939928517844833] - [0.06753894097907859, 0.19113318798292497, -0.14356112764220075, -0.10811076976396147] - [-0.09217628310800106, 0.42576591779389467, -0.048980262436165385, -0.2672329054519998] - [0.0018890774936769564, -0.015135141445863285, -0.00041352686535547684, 0.027088050662578047]
A2: [0.163049902268252, -0.16631491784363178, 0.009941949742501526, -0.0009071157675961347] - [0.03729631319987693, 0.20929970859278546, -0.11540600394089842, -0.12402043523057796] - [-0.08649577993838749, 0.5812552025812284, -0.23567841098127115, -0.26022410042200494] - [-0.004343748430913033, -0.005022293107234245, 0.0005995809393742, 0.006750090391970381]
B1: 1.612753817907157e-05 - 0.00015381326275688424 - 0.0009080112976862468 - 0.0005478752869894337
B2: 0.001899346768071296 - 0.0027998434454882034 - -0.0009984197789310277 - -0.00048688572326735415
