Number: 9105
Error: 1.2741967351406354e-05
A1: [0.047624962008690944, -0.15423139082911858, -0.03234728605553261, 0.11560968965589198] - [-0.006416402202936132, 0.11887236543663401, -0.12552652476335505, -0.03459635145937388] - [-0.020177287720462213, 0.2177680290043159, -0.13192602785140317, -0.08638997498523286] - [0.017961257128275118, -0.10947280901866996, -0.0581599829643935, 0.1129243665105464]
A2: [0.11523363689670568, -0.04682962889929105, -0.09705518986417945, 0.13392733620096922] - [0.11925447023982541, 0.2599061882382802, -0.39445925871069154, 0.056647243167562776] - [0.04294608640285093, 0.46956996594038297, -0.3708651336983249, -0.11504167980112914] - [0.1412881346658864, -0.046731539580564335, -0.20387305702930936, 0.10033428132763687]
B1: 0.005326090368896528 - -0.0017718225100482555 - -0.004608525957797401 - -0.0036966177715496355
B2: 0.0019207759620661286 - 0.0009784534268234965 - 0.0010823875057712714 - 0.0014396484882371692
