Number: 3267
Error: 0.00019958304171695278
A1: [-0.01601915774558884, -0.19619685317568844, -0.11249141120630549, -0.015621991715393566] - [0.03518740206072836, 0.1811401304820772, -0.14767842760918873, -0.07842870481939457] - [-0.034092233560065514, 0.360244314479039, -0.09545257532696684, -0.10913294850892519] - [0.016124058301437073, -0.070534333589075, -0.06005036844092703, 0.02975456143315617]
A2: [0.02249285015753553, -0.32100789682109887, 0.28577809864810244, 0.13941367960043086] - [0.07172218219643102, 0.03351265040503266, -0.06324732914154386, -0.07900528937561015] - [-0.09742741781286944, 0.15305023930381673, -0.11783971606613133, -0.22047999432858278] - [0.01571594824051689, -0.3652461764637089, 0.06757998539074563, 0.0139540792826861]
B1: -0.007752438465239148 - -0.009983649271640808 - 0.017012642450092822 - 0.01533607028500382
B2: 0.01690934374892296 - -0.026270322975087634 - -0.0013302865836903417 - 0.012014096683342385
