Number: 2753
Error: 5.166577259380426e-09
A1: [0.06396603572756338, -0.047342942216252015, -0.022917280489663718, 0.008382778077348031] - [0.04387453461831741, 0.19147603809123548, -0.14234544575459232, -0.09227828481199608] - [-0.12317362420928891, 0.4151327295620769, -0.10458471041881287, -0.18679935573635656] - [0.03704729346100561, 0.019211496066136025, -0.033088131906035614, -0.023007773537845704]
A2: [0.06335456965227841, -0.17377160622456167, 0.0862398256202788, 0.02387380940306769] - [0.029397854040823113, 0.20040499616974053, -0.10160271448929183, -0.12776741068821346] - [-0.09308751912752515, 0.5139986425072389, -0.22528291832994535, -0.19478579984409553] - [-0.02584768545770785, 0.018600146200661156, -0.05020928345772241, 0.05705448372675572]
B1: 9.61167292196293e-06 - 6.767506723278713e-05 - 1.564598778196929e-05 - 0.00016093503164344558
B2: 0.0001419739482593644 - 7.64561278210499e-05 - -4.6198904699861284e-05 - -4.945662423121046e-05
