Number: 3303
Error: 6.565523393593176e-06
A1: [0.07458427004644619, -0.10594868486464812, -0.01598385808987759, 0.07977936582354145] - [0.046453159695092616, 0.19628569048996597, -0.13840437912987427, -0.06913956438600558] - [-0.061257673324869796, 0.3284119983598823, -0.12849479085186966, -0.14177802350103194] - [0.043110335583574834, -0.04949910250075336, -0.03371876405740264, 0.055434970138312376]
A2: [-0.02846203549857201, -0.3676932189176463, 0.23031887149511115, 0.08619188340295253] - [0.09751207536012693, 0.05524245247723872, -0.03130159306587659, -0.04696368416187562] - [-0.06906052558849657, 0.2003202746884071, -0.0695980208067978, -0.1777901476228863] - [0.04231360241143537, -0.322861616250344, 0.11337623057807913, 0.054190006993265906]
B1: -0.002887682897908964 - 0.0007199693962658602 - 0.0013575357834965732 - 0.0032910464229706045
B2: 0.007004946048628367 - -0.008560339336287717 - -0.0016485761337862157 - -0.0017514365818155793
