Number: 7950
Error: 7.361712807547921e-16
A1: [0.08043169896579631, -0.1804677964709659, -0.01958884270920904, 0.11962498601774567] - [0.037415672959788766, 0.13359647907063743, -0.1347260934174533, -0.03628573218285262] - [-0.0017028031018644135, 0.22819013241735317, -0.12282836675757085, -0.10365889431777872] - [0.03886325535462442, -0.11448099768565331, -0.046416420483611075, 0.12203424886542881]
A2: [0.03530742760366942, -0.029273491297331717, -0.07569736464809677, 0.0696633915663121] - [0.10289377872050352, 0.28289672955300754, -0.39260636912193614, 0.006816025376079305] - [-0.011187009046032297, 0.5390146821744953, -0.35945092941141804, -0.16837636873346115] - [0.09786285813242632, 0.017463375487185163, -0.1688509546123818, 0.053524940024860954]
B1: -1.3282757642714256e-08 - 2.0882384957315325e-08 - 2.603838203401605e-08 - 9.47237079300542e-09
B2: 3.0939644156784976e-09 - 4.198659586616585e-08 - 4.056534475884082e-09 - 9.489199405676678e-09
