Number: 4627
Error: 1.1983490386022016e-15
A1: [0.0662131817091935, -0.11395207968259156, -0.023983950252741207, 0.07172286817698496] - [0.037402605898574554, 0.18819336348379762, -0.14740895290329123, -0.07818701630249805] - [-0.06022953251103693, 0.32895064531627166, -0.12775326741104512, -0.14096847908823743] - [0.03904610640859484, -0.05332273611532482, -0.03741864140640652, 0.05169506981851952]
A2: [-0.009108607735646392, -0.3468032193619525, 0.24945505811862936, 0.10645664639270253] - [0.08003986422747121, 0.03628229840627294, -0.050250070224534524, -0.06607191710279946] - [-0.04245284348820586, 0.23083186456679428, -0.0405312712966257, -0.14784786554925775] - [0.06813483379197129, -0.2934677916423441, 0.14177130030656326, 0.08356192213383583]
B1: 3.397937420803039e-09 - 2.123073761849964e-08 - -8.872661371583418e-09 - 2.3036677840988867e-08
B2: 1.758350041041265e-08 - 1.5145815046418857e-08 - 8.893082210079307e-09 - 1.0382862738397607e-08
