Number: 7203
Error: 9.948256637299845e-16
A1: [0.08043171124006532, -0.18046778419807624, -0.019588830449610857, 0.11962499829061432] - [0.03741561548579579, 0.1335964216401423, -0.1347261507769782, -0.03628578962502663] - [-0.0017028368359667, 0.22819009868398124, -0.12282840044227353, -0.10365892804287699] - [0.03886326599964344, -0.11448098707050046, -0.04641640984538128, 0.12203425950382997]
A2: [0.035307383063721845, -0.0292735359604774, -0.07569740699613295, 0.06966334495044886] - [0.10289377377158894, 0.28289672456208903, -0.39260637390849285, 0.006816020193879194] - [-0.011187109427604864, 0.5390145811942159, -0.3594510244248893, -0.16837647450888932] - [0.09786277133605148, 0.01746328829601679, -0.16885103723699682, 0.05352484891701852]
B1: -1.8988298725783027e-09 - -3.4617246325236702e-09 - 2.0434273212239332e-08 - 9.285646051136262e-09
B2: 1.3300012970200263e-08 - 1.2090046542374679e-08 - -1.9505500667482962e-08 - 1.7432754886036633e-08
