Number: 5231
Error: 1.0655365968633103e-15
A1: [0.06621320129260175, -0.11395206053676855, -0.023983930684691093, 0.07172288772752791] - [0.037402555377513164, 0.18819331521439084, -0.14740900256932457, -0.07818706597293794] - [-0.0602293075946646, 0.3289508613359956, -0.12775304732111326, -0.1409682601819702] - [0.03904618022132111, -0.053322666054875074, -0.03741856999491423, 0.05169514065011948]
A2: [-0.009108667583001816, -0.34680328285030154, 0.24945499778692715, 0.106456583646408] - [0.08003984941706101, 0.036282282451224085, -0.050250086411395965, -0.06607193342715678] - [-0.04245286317360312, 0.23083184284089675, -0.04053129239224104, -0.14784788732042262] - [0.06813466038462009, -0.29346798257085066, 0.1417711123166028, 0.0835617277128552]
B1: 1.108707246547188e-07 - -8.142376384766028e-08 - -1.2795278773851798e-08 - 2.1414581285404776e-08
B2: -1.5763579711806727e-08 - -1.6492998821376875e-08 - 4.829740623673796e-09 - 4.444728241023039e-08
