Number: 359
Error: 4.7351495595877294e-11
A1: [-0.012072428750358874, -0.014434006337121894, 0.018176777025550976, 0.0086696284247301] - [0.0658787011205134, 0.18953707323908114, -0.14527763181159736, -0.1099601660513224] - [-0.09625851117104074, 0.42181949680331915, -0.05341982359355813, -0.2719954692259497] - [-0.0012471148906354743, -0.01814770681251371, -0.0037559227954227976, 0.02346271836235139]
A2: [0.16159726354684983, -0.1677444365672299, 0.00851166022281905, -0.002322797562768954] - [0.035498092094645356, 0.2075288896610689, -0.1171981094781784, -0.12577993066934426] - [-0.08621448004707905, 0.5815372014524804, -0.23538964232024706, -0.2599364900386051] - [-0.003845440278602604, -0.004529586652413167, 0.0010998986806185966, 0.007233378401373971]
B1: -9.183006043550781e-06 - 3.223011390352507e-05 - -8.293341515732317e-06 - -2.1503417784958926e-06
B2: -5.785285062940974e-05 - 1.3478384389534122e-05 - 3.9826763715645345e-05 - 3.210223747382692e-05
