Number: 4416
Error: 1.054976159615715e-15
A1: [0.06621309243417701, -0.11395216696261332, -0.023984039457683983, 0.07172277905181845] - [0.03740264705846104, 0.18819340280927896, -0.14740891243995533, -0.07818697583558488] - [-0.06022941072254735, 0.328950762287437, -0.1277531482359939, -0.14096836055431172] - [0.039046133427486335, -0.05332271046999128, -0.03741861526651759, 0.05169509574620316]
A2: [-0.009108465484279465, -0.34680306845555015, 0.24945520152106407, 0.10645679553547432] - [0.08003987811042065, 0.03628231336218436, -0.050250055051284534, -0.06607190180066197] - [-0.04245279560223347, 0.23083191741665823, -0.040531219980269505, -0.14784781258922633] - [0.06813468152470459, -0.29346795929505903, 0.14177113523452745, 0.08356175141427627]
B1: -5.044569429534883e-08 - 4.595702463024944e-08 - 1.2549995666337437e-08 - -2.6024292575492467e-08
B2: -3.2724319258903285e-08 - 3.400564115598778e-08 - -8.720876715499975e-09 - -1.8900082258968647e-08
