Number: 9427
Error: 2.1927472726173163e-12
A1: [0.05317112082996962, -0.14800270079771144, -0.027000475095440353, 0.12182639196975853] - [0.005311491685333311, 0.13083446388229247, -0.11360297148804166, -0.022551994478044592] - [-0.014440956829383832, 0.22309514173126618, -0.12703766272723657, -0.08160241213096026] - [0.02714318935274523, -0.10002330848623252, -0.04942778580877263, 0.12229484172420939]
A2: [0.08924101598198962, -0.07292678453688665, -0.12364056316862573, 0.10727277209017427] - [0.1088571846883184, 0.24982963974138833, -0.40483013972561666, 0.04620519600617266] - [0.03662628934161854, 0.4625455268741734, -0.377726857779997, -0.12148301026240652] - [0.1434204639903263, -0.04461257051181878, -0.201505363767114, 0.10267380441979615]
B1: -2.2317906277493475e-06 - 5.015752421297963e-07 - 8.630717203168195e-07 - 1.4732926038703705e-06
B2: -1.0627549568816985e-06 - -1.1491271611695227e-06 - -9.86431992862998e-07 - -5.10321338965973e-07
