Number: 4921
Error: 1.0028020129173674e-15
A1: [0.06621314284146027, -0.11395211768173362, -0.02398398908994083, 0.07172282937450912] - [0.03740254460933245, 0.18819330492608813, -0.14740901315530636, -0.0781870765598462] - [-0.06022936551397189, 0.3289508057078358, -0.1277531039974879, -0.14096831655360073] - [0.03904617202008926, -0.05332267383928909, -0.03741857792938151, 0.051695132780103126]
A2: [-0.009108606308707634, -0.3468032178481556, 0.24945505955716601, 0.10645664788886604] - [0.08003986118741462, 0.03628229513126982, -0.05025007354709748, -0.06607192045359368] - [-0.04245283141492978, 0.23083187789163295, -0.04053125835838774, -0.14784785219670374] - [0.06813474865059904, -0.29346788538652324, 0.14177120800530418, 0.08356182667480717]
B1: -6.753118190432012e-09 - 9.567846700004082e-09 - -1.3917249079726316e-08 - -1.3509118365838332e-08
B2: -9.241731324090178e-09 - -2.616519901727763e-08 - -2.483046578802498e-09 - -3.6842757727419027e-09
