Number: 7010
Error: 9.504172803474398e-16
A1: [0.08043170385699003, -0.18046779158031342, -0.01958883782385432, 0.11962499090838431] - [0.03741558727786458, 0.13359639345356, -0.13472617892870334, -0.03628581781733159] - [-0.001702797646793658, 0.2281901378723097, -0.12282836131049307, -0.1036588888641705] - [0.038863195260124585, -0.11448105761149314, -0.04641648053981668, 0.12203418880828087]
A2: [0.03530743164951936, -0.02927348724029869, -0.07569736080135056, 0.06966339580073873] - [0.10289371041026077, 0.28289666066300795, -0.3926064351907518, 0.0068159538453183375] - [-0.011187096872209534, 0.5390145938244985, -0.3594510125409391, -0.1683764612788301] - [0.09786280424600205, 0.01746332135566302, -0.16885100590884353, 0.0535248834617442]
B1: 8.938755823638335e-10 - 2.7539587714741996e-09 - 1.9793995238178978e-10 - -1.410704398783969e-09
B2: 1.1873659418689196e-08 - -1.2592501762692526e-09 - 1.8634571422576085e-08 - -2.531749937882491e-08
