Number: 1706
Error: 1.8672146493979019e-07
A1: [-0.009964958521425765, -0.017810075381671717, 0.00010945777360523768, 0.01658765333702167] - [0.06669003313095262, 0.18975276539172897, -0.14687715634497567, -0.1100149693462117] - [-0.11266836794140386, 0.441682768947404, -0.07088507412243636, -0.2581965449039477] - [-0.024609560276041206, 0.01410812095937151, -0.031201422179143977, 0.03759124734926772]
A2: [0.13251475177320118, -0.22369039033026106, 0.02358644643640237, 0.07106917936988555] - [0.03189289522094473, 0.20300841304625936, -0.11563877859340078, -0.12219221715171807] - [-0.0946976664332906, 0.555488765132826, -0.23526459576224715, -0.22570835173201112] - [-0.01991308353791481, -0.018357806538236075, 0.009029136930944075, 0.03306143851909693]
B1: 0.0005926044152811745 - -0.000494982755455105 - 0.0004109604386567855 - 0.00046384064487750565
B2: -0.0003782340599663103 - -0.00035838276143019616 - 0.00045278596900096365 - 0.00011232111168497466
