Number: 4748
Error: 8.792603240963249e-16
A1: [0.06621320886010626, -0.11395205313839692, -0.02398392312312672, 0.07172289528233071] - [0.03740264019260527, 0.18819339624943277, -0.14740891918962062, -0.07818698258585116] - [-0.060229341339330514, 0.32895082892624516, -0.12775308034163355, -0.14096829302496636] - [0.03904615744679259, -0.05332268767175079, -0.03741859202861973, 0.05169511879534924]
A2: [-0.009108434535560718, -0.34680303562397413, 0.24945523272007203, 0.10645682798334866] - [0.08003991358577543, 0.03628235157927552, -0.05025001627873498, -0.06607186269894962] - [-0.04245281482268451, 0.23083189620379813, -0.04053124057754618, -0.147847833846335] - [0.06813475718183842, -0.2934678759933222, 0.14177121725392217, 0.08356183623984424]
B1: -1.8709799450166402e-08 - 5.865392284114528e-08 - 1.587363472683909e-08 - 5.000704012412998e-09
B2: 9.039071376258668e-09 - -1.7563540760842858e-10 - 1.3702761281071686e-08 - 2.8775056143284278e-08
