Number: 3637
Error: 5.088577111935219e-13
A1: [0.0662166563629723, -0.11394868266754853, -0.02398047832779618, 0.071726336997094] - [0.03740220049120043, 0.1881929761457418, -0.14740935144532866, -0.07818741488333421] - [-0.06022812883857749, 0.3289519934745988, -0.12775189385318872, -0.1409671129248195] - [0.039047593311825245, -0.05332132481517097, -0.037417202889872415, 0.051696496663877524]
A2: [-0.009106963880359937, -0.34680147550547114, 0.24945671526680394, 0.10645836985958575] - [0.08004019993767461, 0.03628266006182567, -0.05024970331176544, -0.06607154706671892] - [-0.04245131719867368, 0.23083354906060702, -0.04052963567155294, -0.14784617752724655] - [0.06813694064464038, -0.2934654719158345, 0.14177358433497547, 0.08356428429189511]
B1: 1.258465740885964e-07 - 5.293979865677713e-07 - 6.809935550149853e-07 - 1.0769917533695573e-07
B2: 1.9302825950506247e-06 - -1.9662263094490367e-06 - 5.750980077069333e-07 - 9.672689969993932e-07
