Number: 442
Error: 3.3636260637486118e-12
A1: [-0.012164607233811919, -0.014528687308808422, 0.018074889366426067, 0.008571114645766719] - [0.06583475730790252, 0.18949480099192967, -0.145323064566545, -0.11000909310624656] - [-0.09628442469359544, 0.4217944496303008, -0.05344794740272281, -0.27202565713807625] - [-0.00130918551235273, -0.018207401282183643, -0.0038220017841613684, 0.02339097756135726]
A2: [0.1615904761824478, -0.16775108868917102, 0.008505013767430021, -0.0023294082924322085] - [0.035483674423829895, 0.20751470559888485, -0.11721246472542303, -0.12579403410083204] - [-0.08621537505229156, 0.5815363289728397, -0.23539050756363517, -0.25993735300519427] - [-0.0038275883281433, -0.004512033458214353, 0.001117560433044039, 0.007250452601786597]
B1: 1.3942359042447897e-06 - 3.4571721535067745e-06 - 1.2715821016942083e-06 - 1.026439463244212e-06
B2: 7.46881349128938e-06 - -2.3561884363185585e-06 - 3.1151210073994918e-06 - 3.302203198529549e-07
