Number: 2174
Error: 0.000576727209301808
A1: [0.06426905769328818, -0.03148459277385806, 0.004459040505825015, 0.053513390134783026] - [0.04866836485988758, 0.17725920776873358, -0.16591950229499075, -0.11323915436802491] - [-0.013978581303964482, 0.5016879230940428, -0.011234552822268346, -0.1262742072385] - [-0.03438077257007618, -0.003435469407660004, -0.04038199662404315, -0.049682508966114966]
A2: [-0.04543488742007348, -0.3449400739930096, -0.06091276260395666, -0.07442676603120467] - [0.03947260796347351, 0.20672672979670553, -0.09160764668261379, -0.12272158678302181] - [-0.03767078747271103, 0.5964924256804912, -0.15219652480455345, -0.14161121854488315] - [-0.06363168088043673, 0.029166130373380637, -0.036000466192419464, 0.046917156360455195]
B1: -0.04981700218227187 - 0.021816657008606768 - 0.014472362999889786 - -0.0003615418447872774
B2: 0.0026179751504248824 - -0.00928806642784147 - -0.04479336250763628 - 0.01015306364486083
