Number: 8945
Error: 0.001236201319487906
A1: [0.06771936618151991, -0.19664563405374652, -0.032030007787057, 0.11226425876976147] - [0.030877483627363936, 0.1334997000617946, -0.11999968374376131, -0.020727823123201577] - [0.03167062421098017, 0.2589619349911393, -0.09554110234783914, -0.07242066977385002] - [0.002055292391400579, -0.16281701963856832, -0.09350620899081481, 0.07878620410011489]
A2: [0.045800020669484354, -0.0073789687798721144, -0.08158356202055247, 0.09438044618934477] - [0.06757828568307749, 0.24319665011441208, -0.4351663755737544, -0.013119957042300985] - [0.06224335999976131, 0.5907329815164547, -0.28617744439997206, -0.07664406956360349] - [0.13747660249460578, 0.04046334533898961, -0.12915711254801807, 0.11378890315877532]
B1: 0.010639350281760093 - 0.02629019479635685 - 0.05492881861210579 - 0.05725860649021951
B2: 0.0004713318294505553 - 0.010237364088799397 - -0.002919113467669973 - 0.021913769439376327
