Number: 8983
Error: 0.0007159702057247992
A1: [0.037240184855867664, -0.20122638999197753, -0.043068533382762605, 0.09773659645029491] - [-0.09191669133816936, 0.036742972832304904, -0.21538899655627539, -0.12025002245044394] - [-0.12054256254095304, 0.11263241828588344, -0.21540050129031307, -0.1904390270132164] - [-0.05352054095590902, -0.18239516015403198, -0.12678065932009708, 0.042229487751409986]
A2: [-0.19967890951828934, -0.28445486968628486, -0.35298730112106463, -0.1284835166770978] - [0.05512364181059451, 0.20134467830142322, -0.46845621539372273, -0.012067230038720796] - [-0.21979666281493104, 0.27370085738046507, -0.6061598752174483, -0.3405972302199172] - [-0.05757692281887582, -0.18825206301670808, -0.3664984662176996, -0.06351627580820687]
B1: 0.03548636768025716 - -0.0244631429518698 - 0.025868189926909032 - 0.006567587657956293
B2: 0.04050306563466537 - 0.007491626110850584 - -0.012628219952444297 - 0.0157166012968574
