Number: 5683
Error: 0.00015648144738893887
A1: [0.027635777198842717, -0.15022798073692756, -0.06167819142794301, 0.03472229679286614] - [0.03938921098796034, 0.19044603387440356, -0.14555704014432633, -0.07686151846926578] - [-0.054380155929095994, 0.3271464557079764, -0.12777873566343795, -0.14895870960190366] - [-0.04860735978907359, -0.13068925087219807, -0.11852474135882446, -0.02440920524554229]
A2: [0.12573481003104026, -0.20395330547111687, 0.38299433578783704, 0.2521314755092452] - [0.09641759220032564, 0.0549592467951172, -0.031427707300273035, -0.04781260322294471] - [0.02336630410460994, 0.3042719922583703, 0.031243729841096603, -0.07360304822789644] - [0.07527318929802979, -0.2851054146182038, 0.1551671443473156, 0.09005347863391625]
B1: -0.023332174005819044 - 0.0016200276482806093 - -0.0050575814385214295 - 0.018138855898287363
B2: -0.006469967128478348 - 0.011222528695077286 - -0.023714817632283187 - 0.003207636183721385
