Number: 5748
Error: 0.0027421174486240304
A1: [-0.03036373489840311, -0.29730535795666263, -0.1348386736047462, 0.006016107126360767] - [-0.029446827734692736, 0.04600275716394284, -0.21327549252542968, -0.11075747338923476] - [-0.19691451553383038, 0.053023180895963196, -0.3121813308768665, -0.29466363541848517] - [-0.19982341567106499, -0.3214750799823196, -0.27188621799108903, -0.1081603614181256]
A2: [0.13278970644513574, 0.0699901770562898, 0.032623109129021416, 0.16353190885281563] - [0.21901662365474814, 0.4057336030611107, -0.2898110239833122, 0.11108240746217907] - [0.10067313146562044, 0.6572898194130743, -0.24889144429122065, -0.06825570246698645] - [0.20255032655839625, 0.1269779985784256, -0.06128280177853155, 0.14858875572907748]
B1: 0.05432030304774823 - -0.01845313029025432 - 0.04791682579520008 - 0.04918800018847984
B2: 0.07598540093384742 - 0.08259785415373937 - 0.04503627504115782 - 0.05055803825933797
