Number: 4418
Error: 6.759446134198193e-16
A1: [0.06621310907455158, -0.11395215069409508, -0.023984022830367845, 0.07172279566426726] - [0.037402632980925894, 0.1881933893591486, -0.14740892627925223, -0.07818698967610638] - [-0.06022940102739602, 0.3289507715990975, -0.12775313874888958, -0.14096835111823325] - [0.03904616232350314, -0.05332268304297501, -0.03741858731058204, 0.051695123475145405]
A2: [-0.009108481543456831, -0.3468030854918197, 0.24945518533195124, 0.1064567786983096] - [0.08003988037162657, 0.03628231579815081, -0.05025005257991552, -0.06607189930830802] - [-0.04245279451675949, 0.23083191861465413, -0.04053121881703306, -0.14784781138873368] - [0.06813468765929745, -0.2934679525406095, 0.14177114188501416, 0.08356175829228274]
B1: -4.481534772200207e-08 - 4.5417715568045244e-08 - 1.0559629659362495e-08 - -2.6625317420935535e-08
B2: -1.5087292447625362e-08 - 2.635451381897618e-08 - -1.1106255634025954e-09 - -1.853254123085193e-08
