Number: 4468
Error: 8.064466026024016e-16
A1: [0.06621319231679476, -0.11395206931203389, -0.023983939653451518, 0.07172287876680783] - [0.037402623000540154, 0.18819337982356393, -0.14740893609073724, -0.07818699948845782] - [-0.06022936896668358, 0.32895080239164415, -0.12775310737616602, -0.14096831991423672] - [0.03904615277263073, -0.05332269210829957, -0.03741859655073092, 0.0516951143100218]
A2: [-0.009108526793525612, -0.34680313349507086, 0.24945513971574262, 0.10645673125609009] - [0.08003980401085008, 0.03628223353574168, -0.05025013603787401, -0.06607198347493] - [-0.04245283671065499, 0.23083187204688635, -0.04053126403365572, -0.1478478580535545] - [0.06813476466598614, -0.2934678677529537, 0.14177122536763773, 0.08356184463094297]
B1: -2.5904277670722275e-08 - -1.1818388838163664e-08 - -7.048968842745419e-09 - -4.993868733390082e-09
B2: 1.682231968832239e-08 - 7.676563116053603e-09 - -7.273485912507225e-08 - 5.8530240517056875e-09
