Number: 3961
Error: 9.652389816470028e-16
A1: [0.06621322941537242, -0.11395203304246804, -0.023983902583969166, 0.07172291580313939] - [0.03740259055136018, 0.18819334882057528, -0.14740896799078035, -0.07818703139130556] - [-0.06022926276321969, 0.32895090439422564, -0.1277530034516921, -0.14096821654880592] - [0.0390462509166651, -0.053322598953767134, -0.03741850159971301, 0.05169520849003486]
A2: [-0.00910854273516275, -0.34680315040662674, 0.24945512364518774, 0.10645671454221088] - [0.0800397923573136, 0.03628222098150623, -0.050250148774559404, -0.06607199631980297] - [-0.04245275280268326, 0.23083196465293188, -0.040531174114584685, -0.1478477652545744] - [0.06813476417530423, -0.2934678682932298, 0.14177122483571047, 0.08356184408077376]
B1: 1.4781229678996376e-08 - -7.948795827265542e-09 - 1.6876602322263563e-08 - -1.3155627470762167e-08
B2: 1.3290676256137073e-08 - -3.737279700741732e-08 - -2.762903332897316e-08 - 4.9581019725675395e-08
