Number: 634
Error: 4.534579145242803e-14
A1: [-0.012151865372563837, -0.01451560021092573, 0.01808897281384994, 0.008584730685407804] - [0.06583547976831632, 0.18949549594974135, -0.14532231762647776, -0.1100082886982012] - [-0.09629227847294226, 0.4217868588083464, -0.05345646997401147, -0.2720348073550683] - [-0.0013204955701661787, -0.018218278651525872, -0.0038340412808404805, 0.023377904827834424]
A2: [0.1615862114436391, -0.16775527303709686, 0.00850083479768301, -0.0023335660518397578] - [0.03548549261868997, 0.20751649457671675, -0.11721065415611014, -0.1257922554382412] - [-0.0862140870454853, 0.5815375905350707, -0.2353892543706576, -0.25993609705801324] - [-0.0038351550655869285, -0.00451947444917188, 0.0011100710393363452, 0.007243213125249937]
B1: -1.9302770142638627e-07 - -2.0439163885304276e-07 - -1.3812129883166196e-07 - -1.392856329323097e-07
B2: 2.359214730151651e-07 - 3.5666396608285333e-07 - -4.898429643166658e-07 - -9.176391597852413e-08
