Number: 3757
Error: 1.2479871592402016e-15
A1: [0.06621316124835534, -0.113952099686176, -0.023983970697502396, 0.07172284775051113] - [0.03740264618432784, 0.18819340197409035, -0.14740891329931838, -0.07818697669500085] - [-0.060229371343782374, 0.3289508001086364, -0.12775310970222234, -0.14096832222785535] - [0.03904632277973401, -0.053322530744107186, -0.03741843207462817, 0.051695277450598806]
A2: [-0.00910857597782841, -0.3468031856719058, 0.24945509013355258, 0.10645667968908488] - [0.08003980330292755, 0.03628223277306722, -0.050250136811634934, -0.06607198425528024] - [-0.042452846110356386, 0.23083186167274308, -0.04053127410681968, -0.1478478684493847] - [0.06813469073191919, -0.2934679491576679, 0.14177114521595247, 0.08356176173708238]
B1: -9.512694517520715e-09 - 6.448789676574375e-09 - 2.425999143191242e-08 - -3.0728040905361186e-08
B2: 1.9464251202320937e-09 - -1.2422235376948067e-08 - 1.502266140352567e-08 - -1.3410346756698614e-08
