Number: 6404
Error: 1.0280038368511653e-15
A1: [0.0804316963506807, -0.18046779908577326, -0.019588845321191425, 0.11962498340293153] - [0.037415591133804875, 0.13359639730658104, -0.13472617508044815, -0.03628581396352718] - [-0.0017028072453058856, 0.22819012827400534, -0.12282837089495181, -0.10365889846012111] - [0.038863228392666455, -0.11448102457193497, -0.04641644742838616, 0.12203422192023118]
A2: [0.035307403776919495, -0.029273515189993018, -0.07569738730225019, 0.06966336662902338] - [0.10289376518264176, 0.28289671590024396, -0.3926063822156234, 0.006816011200002675] - [-0.01118706471588552, 0.5390146261726361, -0.35945098210430126, -0.16837642739455147] - [0.0978628165292062, 0.017463333694740568, -0.1688509942160357, 0.05352489635511804]
B1: -1.2150519764406665e-08 - 8.966110995823762e-09 - 1.227255704138052e-08 - 2.331862464465575e-09
B2: 6.477338936500784e-09 - 7.729108273574134e-09 - 2.0142087283027426e-09 - -7.839618580837801e-10
