Number: 2626
Error: 3.107606512127958e-08
A1: [0.06415917601090607, -0.0471478149292826, -0.022723651309522048, 0.00857781394062289] - [0.04360352595115743, 0.1912137394636511, -0.14262448921530252, -0.0925759613404693] - [-0.1223878350861325, 0.41592213859193633, -0.10378845833058956, -0.18600418330404825] - [0.03765589227614751, 0.01982514351200658, -0.03247705453096377, -0.022397985730045686]
A2: [0.06408095814558233, -0.1730531219315349, 0.08696734785790068, 0.02459164899190207] - [0.029924360609551504, 0.20092360056521114, -0.10107820802951258, -0.1272523832295393] - [-0.092526898274516, 0.5145487492898289, -0.22472298025536303, -0.19424268425798835] - [-0.024800800455004844, 0.019644148771123585, -0.049165003439698825, 0.05807297034867702]
B1: 0.00011009239088560237 - -6.366785320868716e-05 - 2.143825401661404e-06 - -0.00012026955495673032
B2: -0.00017706542479228038 - 0.00028712191839617746 - -0.0002599918289172431 - -0.00015445834350531992
