Number: 9834
Error: 9.886457206290992e-16
A1: [0.053172527957365996, -0.14800129316684474, -0.026999069479169812, 0.12182779978845966] - [0.005313751662871451, 0.13083672614790276, -0.11360071193118619, -0.02254973148532842] - [-0.014444469589330098, 0.22309162781936884, -0.12704117261509693, -0.08160592600919975] - [0.027146457634078764, -0.1000200404998608, -0.04942451086639341, 0.12229811793586574]
A2: [0.08925442068974958, -0.0729134108264816, -0.12362746049649921, 0.10728634195857165] - [0.10884161973896957, 0.24981407203202718, -0.4048453964331413, 0.046189369193173097] - [0.03663572604218555, 0.4625549146015649, -0.37771765093770543, -0.12147347553431097] - [0.14342623041305438, -0.04460682535384088, -0.20149973348260714, 0.10267965669825077]
B1: -3.316385199505721e-08 - -2.6182779982444894e-10 - 4.823970646808389e-09 - 8.296594008972945e-09
B2: -6.959234601275355e-09 - -1.3310665222015668e-08 - -1.0665725051168282e-08 - -5.269394775244911e-09
