Number: 9477
Error: 1.132124664897706e-13
A1: [0.053172663191225024, -0.1480011579117028, -0.026998934413719807, 0.12182793508525958] - [0.005315717768337872, 0.13083869429480605, -0.1135987461401794, -0.02254776260775693] - [-0.014442016283352076, 0.22309408201470352, -0.12703872126024124, -0.08160347183376582] - [0.027149876362622054, -0.10001662171734767, -0.04942108486468978, 0.12230154542072857]
A2: [0.0892571539820497, -0.07291068383297682, -0.12362478874045754, 0.10728910902838734] - [0.10884276452014179, 0.24981521702680584, -0.4048442743246271, 0.046190533247177666] - [0.03663638332566849, 0.4625555684820316, -0.37771700964642324, -0.12147281142013693] - [0.1434257600409635, -0.04460729396851741, -0.20150019274697564, 0.10267917935394504]
B1: -3.054695120595623e-07 - 4.077405960543437e-07 - 3.0002225409449307e-07 - 5.960953454114186e-07
B2: 2.84796774845061e-07 - 1.5103042906859894e-07 - 3.6675194365691135e-07 - -6.126888400700352e-07
