Number: 2428
Error: 7.376800352691191e-06
A1: [0.06875423351765735, -0.042733606786481755, -0.01800920766196977, 0.013184704598991086] - [0.038853869465860065, 0.18652681000407295, -0.14767879392075844, -0.09784887053950267] - [-0.14044414971217484, 0.39798939750689866, -0.12255196809635219, -0.20444848831047846] - [0.03859361099024514, 0.021067787192102234, -0.03149105501159896, -0.021412310457727547]
A2: [0.06149119855938373, -0.17555965544251756, 0.08473065312038894, 0.022318370370259032] - [0.021651769725866774, 0.19277887505870037, -0.10938383323650624, -0.13542899422544347] - [-0.10374625713822122, 0.5040945467963355, -0.23479374805238035, -0.20452281979819284] - [-0.0368649026626513, 0.007902891761418254, -0.06055904525806485, 0.046598651552833555]
B1: 0.0010417296379229173 - -0.0035849474054077987 - 0.0028407675780545054 - 0.0013270232334248297
B2: -0.003406999339430167 - -0.0036854119121747194 - 0.007397159799565399 - 0.00491000161615745
