Number: 78
Error: 0.00019823784192458588
A1: [0.028685328412025347, 0.02913641853928659, 0.06413633121932974, 0.05088265006089015] - [0.11966153311706454, 0.24580974542152928, -0.09352888068377388, -0.06182870013708815] - [-0.06749567525470017, 0.4540512000073721, -0.021925547802870808, -0.24080927273413427] - [0.03191408404203019, 0.019186102548567435, 0.031835786550068024, 0.057675905592326326]
A2: [0.27773145114213366, -0.0549414937131446, 0.12170309577572819, 0.11002638112610988] - [0.09756639708980296, 0.26548483689770136, -0.05987646918395555, -0.06917431404700146] - [0.042727037472769486, 0.7090699038965972, -0.11018834740257764, -0.13473817425816775] - [0.2507245136803199, 0.24916732737758318, 0.25404850061250583, 0.2513217745238453]
B1: 0.02029891132353782 - 0.3617713979684458 - -0.0008687465319400095 - -0.02349586935523162
B2: 0.002690545943996975 - 0.36666505459858234 - 0.0028091897513441277 - 0.008031957092064312
