Number: 5087
Error: 8.99544267900012e-16
A1: [0.0662133050561016, -0.11395195909202036, -0.02398382700261792, 0.07172299131689891] - [0.03740257731426166, 0.18819333617344847, -0.14740898100383457, -0.07818704440553458] - [-0.06022938189808906, 0.3289507899717446, -0.1277531200300332, -0.14096833249990567] - [0.03904621944831647, -0.05332262882212735, -0.037418532044103704, 0.05169517829280984]
A2: [-0.009108405262891878, -0.3468030045704165, 0.24945526222958503, 0.1064568586741046] - [0.08003978126116777, 0.03628220902788469, -0.05025016090183594, -0.06607200855007961] - [-0.04245291588754261, 0.23083178466270404, -0.040531348882405935, -0.14784794561991818] - [0.06813470531806198, -0.2934679330973715, 0.14177116102875795, 0.08356177809123398]
B1: 7.606078883017614e-08 - 1.5831659302833168e-08 - 1.630544517514734e-10 - 5.119680137166272e-09
B2: 5.1499191582864356e-08 - 1.9588692867389192e-08 - 1.3275930714327079e-07 - -5.626211701099017e-08
