Number: 6532
Error: 9.379984761237138e-16
A1: [0.08043168596117396, -0.1804678094741036, -0.019588855698275467, 0.11962497301461117] - [0.03741557711719582, 0.1335963833005804, -0.1347261890691288, -0.03628582797237208] - [-0.0017028014587266843, 0.2281901340604612, -0.12282836511684507, -0.10365889267508618] - [0.03886321169504355, -0.11448104122269816, -0.04641646411536923, 0.12203420523298598]
A2: [0.03530744428437008, -0.02927347457050335, -0.07569734878830162, 0.06966340902448333] - [0.1028937329953369, 0.28289668343976065, -0.392606413346758, 0.006815977495181821] - [-0.011187096197501667, 0.5390145945032436, -0.3594510119023216, -0.1683764605678453] - [0.09786280057805624, 0.017463317671033804, -0.16885100940049205, 0.05352487961159667]
B1: -3.6040486241401765e-09 - 1.1653792150843529e-09 - -3.4265501299437107e-09 - -2.3759734919811397e-10
B2: 9.547847129157624e-10 - -8.12615104121488e-09 - 1.815205863569972e-08 - -1.287398414403993e-08
