Number: 5702
Error: 0.06482267200668007
A1: [0.014473023925693218, -0.16375039458501553, -0.07627967022183998, 0.049006686259570845] - [0.006462386363408873, 0.1618285888512522, -0.17246601388481078, -0.07816716314225977] - [0.23482305229721095, 0.5753740492827385, 0.14816157549618933, 0.14095977266385679] - [-0.5079377217536434, -0.5510777887302656, -0.5637898037053546, -0.42336531194634724]
A2: [-0.5755003409184345, -0.8080018320463546, -0.5236588955988524, -0.4411758111632285] - [-0.4283720829820569, -0.39872942184592486, -0.7170215224285073, -0.5812953837884706] - [-0.675088184656564, -0.296218894866862, -0.8555937269732865, -0.7715595739512207] - [-0.4982935858428964, -0.7461020674792835, -0.5902226326857389, -0.4803439441947992]
B1: -0.45556596008070493 - -0.5686932371746803 - -0.48514320753360696 - -0.4899775798485763
B2: 0.336594918248053 - 0.4262454836169133 - 0.19920728660864098 - 0.29751530261602915
