Number: 3512
Error: 7.251129817920128e-11
A1: [0.0662100617858689, -0.11395513095902339, -0.023987069103595715, 0.07171975416915151] - [0.03742295331611492, 0.18821280242769206, -0.14738894901083405, -0.07816701127699541] - [-0.06028910545769356, 0.3288934358415432, -0.12781155847931278, -0.1410264617548825] - [0.03903840109916847, -0.05333005373219559, -0.03742609843325369, 0.051687676609430265]
A2: [-0.00912812684155684, -0.34682392748767754, 0.24943538689111758, 0.10643618043564762] - [0.08004216980781563, 0.03628478331145114, -0.0502475521300074, -0.06606937540487401] - [-0.04251297402814464, 0.2307654983715469, -0.040595706441137365, -0.14791436964572918] - [0.06812694551086433, -0.2934764789293683, 0.14176275443838732, 0.08355307770758112]
B1: 6.840602409412539e-06 - -2.5758224770806127e-05 - -1.827870727036924e-05 - 1.1383253617628735e-05
B2: 5.731053359068228e-06 - 2.7255668728360714e-06 - -6.694141739038227e-06 - -1.2395396720172161e-05
