Number: 5034
Error: 1.1727459543056741e-15
A1: [0.06621320328633375, -0.11395205858758342, -0.023983928692498806, 0.07172288971794542] - [0.037402672286480275, 0.1881934269129795, -0.14740888763886337, -0.07818695103230354] - [-0.06022951033309788, 0.32895066661687644, -0.12775324570902902, -0.14096845750295803] - [0.03904626010157643, -0.05332259023555693, -0.03741849271341147, 0.05169521730415551]
A2: [-0.009108634310763504, -0.3468032475538728, 0.2494550313285645, 0.10645661853032182] - [0.08003981508355285, 0.03628224546424419, -0.05025012393594314, -0.0660719712703017] - [-0.04245281918654981, 0.23083189138759533, -0.04053124525400719, -0.14784783867260773] - [0.0681347684713076, -0.29346786356311033, 0.1417712294928121, 0.08356184889742291]
B1: -2.6578306839355778e-08 - -6.922317303203927e-09 - -4.049874081345852e-09 - -6.854755179654865e-09
B2: -8.290663329008842e-09 - -5.2298310529523927e-08 - 4.9143608670094144e-08 - -5.0556699267433726e-08
