Number: 32
Error: 0.0010759547809110368
A1: [-0.06810394773835082, -0.07425549678010979, -0.04468669280035184, -0.048407537475220114] - [0.12568963596929358, 0.2578307976744053, -0.09282520804559173, -0.07793157941853145] - [-0.22578260739780767, 0.28895979154453677, -0.1925339676149503, -0.3999771946349978] - [0.009931872058750318, -0.0027262272901519106, 0.007908452196782084, 0.033640366460520515]
A2: [0.4521572072485211, 0.1199075793088778, 0.2890249944343649, 0.28146378852916026] - [0.16976477183351943, 0.33762985532138345, 0.008729173079100656, -0.00024385519794503478] - [0.2180599640069792, 0.8855259742013911, 0.05883424249378927, 0.039611853308627674] - [0.5445130086149721, 0.5446240867178331, 0.5431621900570768, 0.5358169378470263]
B1: 0.05818052502124089 - 0.44446533888649825 - -0.03994674371826237 - -0.04123391354735543
B2: 0.027603165243973854 - 0.5005138883281318 - -0.04809525090964108 - -0.04097236062755297
