Number: 6989
Error: 9.71661496504669e-16
A1: [0.08043169118792326, -0.18046780424794537, -0.019588850477772337, 0.11962497824076457] - [0.037415589561120004, 0.13359639573508725, -0.1347261766499976, -0.03628581553534101] - [-0.001702812488472445, 0.22819012303094735, -0.12282837613044098, -0.10365890370188828] - [0.03886322096295316, -0.11448103198079623, -0.04641645485336698, 0.12203421449513457]
A2: [0.03530742195270066, -0.029273496963937412, -0.0756973700209634, 0.06966338565196749] - [0.1028937446063387, 0.28289669514931076, -0.3926064021167506, 0.006815989653606729] - [-0.011187058660538988, 0.5390146322640849, -0.3594509763727579, -0.16837642101386271] - [0.09786280079058747, 0.01746331788453097, -0.16885100919817495, 0.05352487983468416]
B1: -9.243912235557618e-09 - -1.2881719420810424e-08 - 1.4606392323380185e-08 - -1.9273575981320073e-09
B2: 8.853277439922547e-10 - -4.074583254267108e-09 - 1.198268476398892e-09 - -9.991312224547857e-09
