Number: 8816
Error: 5.277720947639075e-05
A1: [0.07920049043147748, -0.18172773670060555, -0.020709884214781527, 0.11838138405671733] - [0.038388273782154154, 0.1345312819332784, -0.1336332875533547, -0.03533018250417877] - [-0.0062481113762884195, 0.22362290477525346, -0.12724692970687337, -0.10821278049448739] - [0.03812865456999204, -0.1152393030568895, -0.047044923062298315, 0.12128843087250629]
A2: [0.035494688497995475, -0.02912870501630633, -0.0754340535981214, 0.06985640894578626] - [0.10308202872762606, 0.2830748665129363, -0.39237120525904384, 0.007013419174273284] - [-0.016138592493234058, 0.5339547927511034, -0.3640636257100687, -0.1735940545488096] - [0.0985567467945604, 0.018127035242104385, -0.16811169137849694, 0.054250676773293594]
B1: -0.0026028824207731597 - -0.0032221132235666417 - -0.0012065266922019176 - -0.002970333976209548
B2: 0.0044879943135830965 - 0.0035216550564937353 - 0.007281106120127251 - 0.004075414880861032
