Number: 5129
Error: 1.133879992495151e-15
A1: [0.06621317130652282, -0.11395208985279032, -0.02398396064725489, 0.07172285779176385] - [0.03740258542703986, 0.18819334392467105, -0.14740897302834213, -0.07818703642933805] - [-0.060229043030503415, 0.32895111543577177, -0.1277527884339185, -0.14096800268722542] - [0.03904607618771892, -0.053322764799860145, -0.03741867064410387, 0.05169504081818077]
A2: [-0.00910844088198888, -0.34680304235658505, 0.24945522632229747, 0.10645682132949708] - [0.08003980346286599, 0.0362822329454491, -0.05025013663667259, -0.06607198407887466] - [-0.04245289612790276, 0.23083180647058235, -0.040531327707335675, -0.14784792376653652] - [0.06813471707111794, -0.2934679201568029, 0.1417711737700678, 0.08356179126856687]
B1: -2.4043834233766e-09 - -1.9487130738119885e-09 - 6.216758767561908e-09 - -3.4823108573277284e-09
B2: -3.221090615260158e-09 - 5.898567189211564e-10 - 2.8663690654160695e-08 - -3.025691044246813e-08
