Number: 1533
Error: 2.893557851278447e-09
A1: [-0.0071216760204219146, -0.014927482557582217, 0.00306513626615869, 0.019522059503484613] - [0.06709058693480249, 0.19013824781852037, -0.14646245434070954, -0.10956887459732895] - [-0.11266808175025284, 0.441703881973782, -0.07087587617050871, -0.25818926621557925] - [-0.023892476860982295, 0.01483000310407298, -0.03046846138125917, 0.0383595412172605]
A2: [0.13165585486617962, -0.2245599807385774, 0.02273497633733223, 0.07022890260034721] - [0.032685786516854526, 0.20378804234848805, -0.11484886728543578, -0.12141889510395915] - [-0.09459676793265548, 0.5555651214017354, -0.23517730553194588, -0.2256103694744524] - [-0.021026553011997493, -0.019472211653677036, 0.007919915965360827, 0.03199029388237534]
B1: 0.00017558514673860013 - -9.623081126259907e-05 - 0.0001498213219970951 - 5.2384722510086765e-05
B2: 3.4320163262467134e-05 - 0.0001586985436766377 - 5.2229093525935976e-05 - -1.4291614809903857e-05
