Number: 1725
Error: 4.485109511782779e-07
A1: [-0.006243060369898324, -0.014049210094321429, 0.0039789851043962165, 0.020411108321942324] - [0.06669060108772186, 0.18975398944612196, -0.14687653546542265, -0.11001420083513853] - [-0.11178212264209898, 0.44255148601118866, -0.06996214723860064, -0.2572352001600937] - [-0.02186026721997081, 0.016809728497133202, -0.028397619410777813, 0.040496137537823294]
A2: [0.13191671604044913, -0.22428383783587322, 0.02299869371605827, 0.07048182611976019] - [0.03361803418181431, 0.20470646836229892, -0.11391994820449945, -0.12050193665172786] - [-0.09431744840562929, 0.5558626865078699, -0.23489314573826145, -0.2253375438868677] - [-0.02092512138085373, -0.019359801281873566, 0.008026959932522688, 0.0320873504428958]
B1: -0.00030875830160811995 - 3.502108833086556e-05 - -0.0007666497531234472 - -0.00015136002245809388
B2: 0.0007037317352034792 - 0.0003340439342120799 - 0.00029036873158530535 - 1.9772630587252648e-05
