Number: 3537
Error: 2.6897594287966092e-11
A1: [0.06622104978271869, -0.11394438803736524, -0.02397608912600608, 0.07173072363127803] - [0.03739623598603508, 0.18818727689654252, -0.14741521531244717, -0.07819327834591222] - [-0.060239038158914536, 0.3289415172152293, -0.12776256729325075, -0.14097773145728065] - [0.039057226823682206, -0.05331218157820203, -0.03740788328726532, 0.05170574137321626]
A2: [-0.009124177882333441, -0.3468197365235439, 0.2494393640376253, 0.10644032180729043] - [0.08000038242851867, 0.03623976584604186, -0.05029322148550634, -0.06611543496768121] - [-0.042487352446753744, 0.23079377880584664, -0.04056825225452202, -0.14788603206329543] - [0.06814458279030472, -0.29345705822989765, 0.1417818711261995, 0.08357285366420476]
B1: 7.445786017499101e-06 - 1.5043465660320545e-05 - -8.014511270988756e-06 - 9.080108245772554e-06
B2: 4.914162641231723e-06 - 1.1399424321043238e-05 - 5.5681451808726295e-06 - 9.1203566965001e-06
