Number: 9362
Error: 1.6798249544284772e-11
A1: [0.05316697300671434, -0.14800684759062094, -0.0270046169227808, 0.12182224465900719] - [0.005343682089039316, 0.13086668554379172, -0.1135707868374638, -0.022519759396054426] - [-0.014451297164066103, 0.22308479834940315, -0.12704799403217498, -0.0816127546465258] - [0.027156249373262886, -0.10001024697839418, -0.049414696801268566, 0.12230793730340343]
A2: [0.08925779503744322, -0.07291004652224939, -0.12362416371727938, 0.10728975783842946] - [0.10887177857483352, 0.24984423874446518, -0.404815835281129, 0.04622003734899341] - [0.036636330431869236, 0.4625555157202497, -0.3777170620292732, -0.12147286465772372] - [0.14342272831197359, -0.04461031308540974, -0.201503153415447, 0.10267610340444056]
B1: -4.224105720205386e-06 - -2.053727784512617e-06 - 2.474813417927038e-06 - 8.506506536510627e-06
B2: 1.1015234857218533e-06 - 3.1251223346279003e-06 - -1.027624163131839e-05 - 6.795482135139828e-06
