Number: 6116
Error: 1.3370908913741691e-15
A1: [0.0804316136159449, -0.18046788181115267, -0.019588927957005495, 0.11962490067763962] - [0.037415560117280665, 0.13359636631351549, -0.13472620603517968, -0.03628584496287417] - [-0.0017028603662254309, 0.22819007515422315, -0.1228284239380954, -0.10365895156687754] - [0.038862904098766526, -0.11448134795574669, -0.04641677151564811, 0.12203389782787513]
A2: [0.03530743600008913, -0.029273482877699084, -0.07569735666487976, 0.06966340035408207] - [0.10289351866208292, 0.28289646728741574, -0.39260662064701857, 0.0068157530568548] - [-0.011187220607590928, 0.5390144693510921, -0.3594511296590878, -0.16837659166318403] - [0.09786262427859115, 0.017463140569625762, -0.1688511772260473, 0.05352469455444949]
B1: 5.7979549655449565e-08 - 2.4571897719767402e-08 - 5.6688076694811335e-08 - 1.32436681466575e-08
B2: 2.023699399016318e-07 - 2.524259649236565e-07 - -3.436073443737409e-07 - -2.2285434059191202e-08
