Number: 9861
Error: 1.039161100110825e-15
A1: [0.05317255194917185, -0.14800126916621278, -0.026999045513797088, 0.1218278237918439] - [0.005313754439208746, 0.13083672892715592, -0.1136007091552633, -0.022549728705071322] - [-0.014444492476118011, 0.2230916049242065, -0.12704119548375764, -0.08160594890414785] - [0.02714643166745706, -0.10002006646643644, -0.04942453688778307, 0.12229809190326402]
A2: [0.08925443645086102, -0.07291339510181874, -0.12362744509049477, 0.1072863579140197] - [0.10884177561196506, 0.24981422793252578, -0.40484524364749974, 0.04618952768878957] - [0.036635952418314174, 0.4625551397998059, -0.377717430073848, -0.12147324681029649] - [0.14342650237818766, -0.044606554401661676, -0.20149946793219278, 0.1026799326982932]
B1: 2.1292816786753154e-08 - 1.3244581550431456e-08 - 9.72758029399541e-09 - -4.500554220526279e-09
B2: 1.4816809696932702e-08 - 1.3533881559757613e-08 - 7.990091858382954e-09 - 4.091517917255308e-09
