Number: 4142
Error: 1.0472117212161622e-15
A1: [0.06621316789715515, -0.11395209318595319, -0.0239839640539076, 0.07172285438816424] - [0.03740260319311987, 0.18819336089892238, -0.1474089555629552, -0.0781870189623848] - [-0.060229383863341944, 0.328950788084273, -0.12775312195311114, -0.14096833441284176] - [0.039046086416228115, -0.0533227550913537, -0.03741866074836926, 0.05169505063362708]
A2: [-0.009108566719601347, -0.3468031758503774, 0.24945509946666944, 0.10645668939584242] - [0.08003983609844256, 0.0362822681032391, -0.050250100967991505, -0.0660719481072841] - [-0.04245288872362295, 0.2308318146420992, -0.04053131977287705, -0.1478479155780552] - [0.06813483327032738, -0.2934677922165756, 0.14177129974138264, 0.08356192154909031]
B1: 3.532440370924044e-08 - -9.794696587145678e-09 - -3.23699281406117e-08 - 1.8305990675441425e-08
B2: 1.999200910827151e-08 - 2.194330275976957e-08 - -1.8854436845281804e-08 - -1.3862086582160487e-08
