Number: 5086
Error: 1.2020037932812594e-15
A1: [0.06621330075324258, -0.11395196329872569, -0.023983831302099752, 0.07172298702126151] - [0.03740258223267952, 0.18819334087266465, -0.1474089761686522, -0.07818703956992455] - [-0.06022943230615899, 0.32895074155751103, -0.12775316935643327, -0.14096838156100938] - [0.03904624844309707, -0.0533226013013403, -0.0374185039925978, 0.05169520611654851]
A2: [-0.009108492668903493, -0.3468030972943132, 0.24945517411639717, 0.10645676703384234] - [0.08003977556212959, 0.03628220288839467, -0.05025016713055217, -0.0660720148316853] - [-0.0424529346090567, 0.23083176400054375, -0.04053136894507586, -0.14784796632514208] - [0.06813468396935063, -0.2934679566031596, 0.14177113788475643, 0.0835617541554716]
B1: 7.915791900166489e-08 - 3.810674641707905e-08 - 3.206524139718586e-08 - 3.1554100404215363e-08
B2: 3.755449455305713e-08 - 1.198407947226186e-08 - 1.3149164153490013e-07 - -6.812977029060986e-08
