Number: 2698
Error: 1.3595079052265644e-08
A1: [0.064027441618622, -0.04728234387370029, -0.02285678195551178, 0.008443496922458257] - [0.04388508482264188, 0.1914862557247325, -0.14233451384058096, -0.0922666152711313] - [-0.12368922968610653, 0.4146192407054449, -0.10510034217290044, -0.18731258089368166] - [0.03716468823194925, 0.0193294846574543, -0.03297007154595871, -0.022890300229310927]
A2: [0.0636546302881691, -0.1734728851722725, 0.08654001688019489, 0.024170978911648152] - [0.029542302777165, 0.20054714491422923, -0.10145880455413626, -0.12762609675118547] - [-0.09313652889204307, 0.5139508835888537, -0.2253330009500974, -0.19483273141305868] - [-0.025541140906853287, 0.01890557494718738, -0.0499038184397182, 0.05735363493136022]
B1: 5.8571302149001306e-05 - 0.00010632397520521169 - -3.589396065103673e-05 - -4.83757355063573e-05
B2: 0.00028165118213345193 - 8.656716394868193e-05 - 0.00017343453643435812 - -9.652358663985483e-05
