Number: 2688
Error: 3.0999080647208078e-09
A1: [0.06393216317824249, -0.04737728312119047, -0.022951099280257674, 0.008349048981350615] - [0.043712187558102966, 0.19131927694570752, -0.14251258144453913, -0.09245679701768807] - [-0.12292974196109109, 0.4153763001670957, -0.10433749492881585, -0.1865525122663798] - [0.03637206812703158, 0.018535820424931702, -0.03376170876104263, -0.02367822611634064]
A2: [0.06336016959848065, -0.17376583186979078, 0.08624624136931928, 0.023880548312175644] - [0.029252319134064977, 0.20026153270680072, -0.10174774791189466, -0.127909816040748] - [-0.09338578423599618, 0.513706375756715, -0.22558290992524146, -0.19507378401791847] - [-0.025881044106297654, 0.01856769008424724, -0.050244188599129394, 0.057023166789988596]
B1: 1.7129125919884394e-05 - 4.996173735539524e-05 - 6.84141365702884e-05 - 6.23967514548788e-05
B2: 0.0002605024421253581 - 0.00010081111111402635 - -0.00018442731268084349 - 0.0001235755593837087
