Number: 8421
Error: 9.498922142762451e-16
A1: [0.08043170817028515, -0.1804677872675055, -0.019588833515756472, 0.11962499522117706] - [0.03741554853612699, 0.13359635474114515, -0.13472621759312453, -0.03628585653754963] - [-0.0017028177838271075, 0.22819011773570483, -0.12282838141804095, -0.10365890899581685] - [0.03886326619979309, -0.11448098687088279, -0.04641640964534967, 0.12203425970387735]
A2: [0.03530732698011403, -0.029273592199145482, -0.0756974603199264, 0.06966328625310304] - [0.10289375081352477, 0.2828967014092101, -0.39260639611320064, 0.006815996153415899] - [-0.011187093547902588, 0.5390145971685815, -0.35945100939439395, -0.16837645777591476] - [0.09786283496828004, 0.01746335221764988, -0.16885097666315285, 0.05352491571003848]
B1: -2.522980230144384e-08 - 2.2809917957729372e-09 - 1.9249932542485016e-09 - 2.015163595896278e-08
B2: 1.7742158395692968e-08 - -2.6017543099849086e-08 - 4.42564034434885e-09 - 2.5274729357036235e-08
