Number: 1936
Error: 8.369460115401286e-07
A1: [-0.014768038899194983, -0.02249798383000882, -0.004881326484743483, 0.011628775942231013] - [0.07578089249378352, 0.19848612390773562, -0.13747274064676138, -0.09997256293373427] - [-0.11451719326706405, 0.4397871174223265, -0.07304503337971886, -0.2603215299920953] - [-0.022777236386061432, 0.015884421162552623, -0.029591119099963162, 0.03944781603891748]
A2: [0.13505052743700752, -0.2213912336592726, 0.025850866160644286, 0.07337928562572617] - [0.032633601705361164, 0.20378171414557614, -0.11489256293119841, -0.12145820086703542] - [-0.09619270768496911, 0.5538712510257922, -0.23677544457040495, -0.2271297018814217] - [-0.02158344820719443, -0.02022271548735059, 0.007232423969718207, 0.03134403885233458]
B1: -0.001947048332301213 - 0.00016742833027898175 - 0.00011600954787830439 - -0.000410677332784853
B2: -0.0013407983525701166 - -0.0015797697466258596 - 0.0014239905958390742 - 0.0017419369512487186
