Number: 9288
Error: 3.5995785003138784e-10
A1: [0.05284227164371702, -0.1483316619968059, -0.027328921375010914, 0.12149739003526941] - [0.005132297278494996, 0.130655118470617, -0.11378207407304337, -0.022731377409367412] - [-0.014818231860085596, 0.22271773770623723, -0.12741461112174474, -0.08197982869188149] - [0.02676220322343033, -0.10040426947455211, -0.049809501277178175, 0.12191293815568775]
A2: [0.08924051330071386, -0.07292717837194124, -0.12364108794557965, 0.10727230570790562] - [0.10898017087008496, 0.2499527264911982, -0.40470962567979085, 0.04633028341770047] - [0.03684378589813086, 0.4627619576674874, -0.37751467321836724, -0.1212632478949886] - [0.14361144332847475, -0.044422280376464195, -0.20131888970078232, 0.10286759532638688]
B1: -0.00010025413705546186 - -5.3028452897167016e-05 - 1.4211278601170598e-05 - 3.631123536946201e-05
B2: 2.2358706501701223e-05 - -0.00015371887639795942 - 9.532703525893201e-05 - -5.55403239931968e-05
