Number: 2640
Error: 7.00830407338194e-08
A1: [0.06412655296439461, -0.04718165317422965, -0.0227564743591197, 0.008544957777822255] - [0.04387924913023777, 0.19147981858763455, -0.14234069787599904, -0.09227301542472917] - [-0.1222728161153401, 0.41603513767612926, -0.10367353034913829, -0.18588955051010025] - [0.03825867599623502, 0.020427525354515173, -0.03187549924313286, -0.021799673462254324]
A2: [0.06372859966264174, -0.1734024922834807, 0.08661556258171199, 0.02424410157889751] - [0.028927515776046957, 0.19994170760716554, -0.10207162733959022, -0.1282279583343668] - [-0.09386424263125494, 0.5132365652942128, -0.22606342456045414, -0.19553777720848867] - [-0.026787205394230084, 0.01766802108224522, -0.05115321082006018, 0.05613947500303707]
B1: -0.00040491412661695437 - 6.233055688586306e-05 - -0.00011648065154874236 - 4.937813966029146e-05
B2: 0.00015524003466384738 - -7.000505282570367e-05 - 0.00024663119467696696 - 8.940546434423096e-05
