Number: 7940
Error: 9.392128677243621e-16
A1: [0.08043170518704447, -0.18046779025042237, -0.019588836495399595, 0.11962499223828328] - [0.037415607530911305, 0.133596413691278, -0.13472615871596558, -0.0362857975754877] - [-0.0017028131803572192, 0.22819012233907482, -0.12282837682130776, -0.1036589043935821] - [0.038863250008281065, -0.11448100301699315, -0.046416425826547904, 0.12203424352240816]
A2: [0.03530751957260786, -0.02927339907402604, -0.07569727720507721, 0.06966348782165047] - [0.1028937595531322, 0.28289671022296425, -0.39260638766037953, 0.0068160053050599564] - [-0.01118710151994919, 0.5390145891490269, -0.3594510169401189, -0.1683764661763139] - [0.09786284484349587, 0.017463362137810516, -0.1688509672625997, 0.05352492607582915]
B1: 1.2289757258664104e-08 - 2.3393363071206003e-08 - -6.456107714887678e-09 - 3.0732802274031417e-09
B2: 3.181724246898873e-09 - 2.1022289204832357e-08 - 1.0308534028690591e-08 - 5.198420881387675e-09
