Number: 1336
Error: 5.135982211663212e-09
A1: [-0.007140289728069958, -0.014946056236131032, 0.0030464957090104426, 0.01950324151963444] - [0.06671827258248716, 0.1897800370396835, -0.14684733762267063, -0.10998299220711923] - [-0.11199602496960812, 0.4423634783647874, -0.07017504461802851, -0.25746168480998305] - [-0.02359570775983867, 0.015121829597744852, -0.0301653600015635, 0.03867262109471295]
A2: [0.1318219877225594, -0.22439654252470304, 0.022898854736281334, 0.07039114041848081] - [0.032732846531320504, 0.20383441396596294, -0.11480216662657311, -0.12137277035018479] - [-0.0943663270079839, 0.5557926453061581, -0.23495013087354868, -0.22538302973464655] - [-0.020734298620202003, -0.019184279567600406, 0.00821066432039726, 0.032271051464336245]
B1: 1.542902062912599e-05 - -5.7625874575402494e-05 - -4.498276829265274e-06 - 2.6945047425441538e-05
B2: -3.851250931125927e-05 - 4.519312076290217e-05 - -0.00014072273469419727 - 7.777565393696443e-05
