Number: 9618
Error: 7.722564915958432e-15
A1: [0.053173153652253724, -0.14800066724629576, -0.02699844447672195, 0.12182842578405566] - [0.0053138329746899885, 0.13083680754254434, -0.11360063063461372, -0.022549650058062014] - [-0.014444529530246969, 0.22309156785600037, -0.12704123250943017, -0.08160598597003624] - [0.027146485852305804, -0.10002001228458389, -0.04942448259099967, 0.12229814622410096]
A2: [0.08925374972903212, -0.07291408023384169, -0.12362811633681725, 0.10728566272674213] - [0.10884209659286603, 0.24981454896875924, -0.4048449290256906, 0.046189854070187455] - [0.03663615270172071, 0.4625553390416569, -0.37771723466676166, -0.12147304444865917] - [0.1434268695776078, -0.04460618857297627, -0.20149910939717178, 0.10268030534368382]
B1: -3.3718772951002727e-09 - 5.819232507998908e-08 - 2.1910206105537653e-08 - -3.0387542950087555e-07
B2: 1.144869672909276e-07 - -8.076446468013586e-08 - -3.078457035387938e-08 - -2.450750142585033e-07
