Number: 5843
Error: 1.2729115994322178e-06
A1: [0.08043668044583809, -0.18048009549707641, -0.019570849365895468, 0.11963579541475183] - [0.04030045293272292, 0.13646709439871435, -0.13184493358412555, -0.03340243472036112] - [-0.0026707275103905253, 0.2272139572316107, -0.123783111782801, -0.10462079770127117] - [0.03689966809101466, -0.11645361324044673, -0.0483554784155334, 0.12008398873316072]
A2: [0.03401738277287181, -0.03057431323754927, -0.07691727504460594, 0.06832542645089214] - [0.09361886118242388, 0.2735062702369351, -0.4015803446319894, -0.0028740030732683905] - [-0.007954387491509706, 0.5422794967631684, -0.35638204083341274, -0.1649719227901524] - [0.098879603256437, 0.01848836302142801, -0.16787670316987763, 0.05459476735734058]
B1: 0.0009378717903412606 - -0.0009403232936766295 - 0.0002653266077288614 - 0.0006224812624097778
B2: -0.0003456647073840583 - -0.0008514390233400459 - -0.0011996858252505673 - -0.00042125125068358455
