Number: 3208
Error: 0.029762186356073295
A1: [-0.5164964964362462, -0.6618130310120213, -0.6194821839805345, -0.5757760420679126] - [-0.28423974572689303, -0.1323697734880711, -0.47591804576750046, -0.42364408058876113] - [-0.8162350680014454, -0.29350747477749284, -0.8014056022181678, -0.8521870196341987] - [-0.6320811093590584, -0.6501351710408881, -0.683864841696859, -0.62632952731364]
A2: [0.05910510890829986, -0.11220190872736019, 0.10380972912749648, 0.08375535356278652] - [-0.03838637823445423, 0.15541121682215236, -0.1597751378644441, -0.16812917318974477] - [-0.2227423273322228, 0.4245537990249593, -0.3569383350693656, -0.3106307272256797] - [-0.17719659869870433, -0.10246540222450243, -0.2196551667285777, -0.11657471679565101]
B1: -0.23500968094617714 - -0.3754803548608738 - -0.2678507651858305 - -0.26485836486152325
B2: -0.011522536816591033 - 0.07171164940455134 - 0.03302332898351985 - 0.11331422233850638
