Number: 6379
Error: 9.447119332597026e-16
A1: [0.08043170147031492, -0.18046779396671836, -0.01958884020767835, 0.11962498852198132] - [0.037415588333908435, 0.13359639450880434, -0.13472617787476515, -0.036285816761872175] - [-0.0017027968350071955, 0.2281901386840822, -0.1228283604998953, -0.10365888805260055] - [0.03886323452030101, -0.11448101846149673, -0.04641644130465606, 0.12203422804405749]
A2: [0.03530755697503049, -0.029273361568154337, -0.07569724164351285, 0.06966352696753865] - [0.10289375792880684, 0.28289670858484495, -0.3926063892314362, 0.006816003604175351] - [-0.011187072757943574, 0.5390146180826103, -0.35945098971628026, -0.16837643586875314] - [0.09786286308832655, 0.01746338046564389, -0.16885094989478666, 0.05352494522706023]
B1: 2.899945662114454e-08 - 3.395035237770475e-09 - -5.866984533084798e-09 - 1.6135664504633218e-08
B2: 1.0541837810270795e-08 - 1.9200491526833983e-08 - 3.6504313998238236e-09 - 7.2031965105338504e-09
