Number: 9117
Error: 1.3004790632835492e-05
A1: [0.05238583903830414, -0.14922209312013493, -0.02770961290286087, 0.12052501462740467] - [0.010358575386962499, 0.13609386796439463, -0.10832800932142397, -0.017136351742056913] - [0.00020897486835293752, 0.23825141680886203, -0.11194389217686844, -0.0660959378530316] - [0.030262171401458145, -0.09685890044495485, -0.04586337639480241, 0.12557902984441172]
A2: [0.10452165223489351, -0.05716806380205725, -0.10779718413240685, 0.12319310910440624] - [0.10112048093957807, 0.24202523862537775, -0.4124126470048811, 0.03827244593964905] - [0.0411963029002102, 0.46737883866705615, -0.37277962965985556, -0.11689704944267355] - [0.1275302462378802, -0.060610104393692465, -0.217375259306138, 0.08630450208578004]
B1: 0.0034637414091358296 - -0.002042439356660859 - -0.004929735887605971 - -0.0062293922131234055
B2: 0.003281905041610706 - -0.0026188566407311523 - -0.0028305698743347485 - -0.000215785076600974
