Number: 8005
Error: 9.97698177803992e-16
A1: [0.0804317105877071, -0.18046778485036738, -0.019588831101189863, 0.11962499763833193] - [0.0374155902995175, 0.13359639647292884, -0.1347261759130173, -0.03628581479733212] - [-0.0017028027555858615, 0.2281901327636253, -0.12282836641179927, -0.10365889397159232] - [0.03886325528107198, -0.11448099775899515, -0.04641642055711107, 0.12203424879192541]
A2: [0.03530743103753856, -0.029273487853958616, -0.07569736138321582, 0.06966339516022703] - [0.10289369493679366, 0.28289664505823137, -0.39260645015650114, 0.006815937642377638] - [-0.011187091608849434, 0.5390145991192267, -0.3594510075590335, -0.16837645573266055] - [0.09786277612060593, 0.017463293102327023, -0.1688510326824317, 0.05352485393926616]
B1: -7.730720503843366e-09 - 1.941776314891551e-08 - 2.2932725801728557e-09 - 9.048668889522504e-09
B2: 5.030884280057967e-08 - -8.027654666670015e-08 - 3.4930403697273186e-09 - 4.0691691484473447e-08
