Number: 8519
Error: 1.5310228361105137e-15
A1: [0.08043168663938423, -0.1804678087959569, -0.019588855020905176, 0.11962497369274555] - [0.03741560383881171, 0.13359641000204814, -0.13472616240052576, -0.036285801265427624] - [-0.0017028469208485452, 0.22819008859928366, -0.12282841051241762, -0.1036589381250773] - [0.03886323406506246, -0.11448101891538331, -0.04641644175958136, 0.12203422758915677]
A2: [0.035307410004140644, -0.029273508945500418, -0.07569738138156053, 0.06966337314653877] - [0.10289379024873954, 0.28289674117910385, -0.3926063579719198, 0.006816037447763311] - [-0.011187197897237206, 0.5390144921969255, -0.3594511081635947, -0.16837656773211648] - [0.09786279888019139, 0.01746331596541794, -0.16885101101675112, 0.05352487782937529]
B1: 4.866024439969149e-10 - -4.957733884908436e-08 - 2.1452085462682516e-08 - -1.304666243465849e-08
B2: 1.2796715044927416e-08 - 2.571129105069762e-08 - 1.7988126429226795e-08 - 1.1829137777223675e-08
