Number: 1705
Error: 9.887530348656647e-08
A1: [-0.010236598825795317, -0.01808355111555159, -0.00017268834394654968, 0.01630877446780512] - [0.06682615977343855, 0.1898837327630669, -0.14673643349945079, -0.10986353809447139] - [-0.11354804495589883, 0.44081996554026887, -0.0718020336374366, -0.2591489703773164] - [-0.025573050349322266, 0.01316168610857493, -0.03218479361594427, 0.036574170184766656]
A2: [0.13171646240074592, -0.22447805411955657, 0.022799674284153932, 0.07028802920828853] - [0.03212640252014175, 0.20323842143894258, -0.11540603707192273, -0.12196376367713126] - [-0.0952505210128401, 0.5549431209142908, -0.23580917700364373, -0.22625231014180583] - [-0.020721132536899677, -0.019156612849999966, 0.008225904743954232, 0.03228430439671585]
B1: 0.00043089253691740495 - -9.240779507586289e-05 - 0.0004092875139749461 - 0.0003085350215674611
B2: 9.605435139007636e-05 - -0.00042305780189343236 - 0.00048740360360139377 - 0.00035446447474727456
