Number: 4353
Error: 7.861792114536845e-16
A1: [0.06621317098451103, -0.11395209016761357, -0.02398396096898595, 0.07172285747032396] - [0.03740266158913436, 0.18819341669235, -0.14740889815519284, -0.07818696154955625] - [-0.06022942257829793, 0.3289507509006405, -0.12775315983732047, -0.1409683720932828] - [0.03904614586232105, -0.05332269866731527, -0.03741860323623751, 0.051695107678808534]
A2: [-0.009108464402346991, -0.346803067307783, 0.24945520261175688, 0.10645679666982166] - [0.08003983841577764, 0.0362822705996851, -0.05025009843526967, -0.06607194555302875] - [-0.042452758655203995, 0.23083195819367683, -0.04053118038640116, -0.14784777172722666] - [0.0681347790269925, -0.2934678519408485, 0.14177124093639168, 0.08356186073226936]
B1: -3.476775716173071e-08 - -7.044718020327094e-10 - -2.113343629717925e-09 - -1.5519269038546217e-08
B2: -1.626412675559105e-08 - 1.4507449619357925e-08 - -3.916489373570103e-09 - -4.7636039841424696e-08
