Number: 1877
Error: 5.825184902310523e-07
A1: [-0.009393885499758434, -0.0171851317545329, 0.0007391008339481375, 0.01718566158375243] - [0.0671785635265373, 0.1902267173404087, -0.14636761533711348, -0.10947201178490196] - [-0.10932042785957845, 0.444988336428265, -0.06744063966245195, -0.2545767445256772] - [-0.02372970021552128, 0.015016372415041675, -0.030374560136428422, 0.03852963536346394]
A2: [0.13286924828791963, -0.22342294294548457, 0.023877996080986112, 0.0713773399211666] - [0.03303955159084396, 0.204149276966016, -0.11449088853385463, -0.12106040495616069] - [-0.09526053307883299, 0.5549006626420623, -0.235806897037245, -0.22618863907255374] - [-0.019841046788666605, -0.018349964926244734, 0.009052542086856493, 0.03309370501701776]
B1: -0.00021612309910331456 - -0.0001407847711327638 - 0.0004682473835891459 - -0.00016710587134049386
B2: 0.0015494627288513002 - 0.00103452527665014 - -0.0008235889742850184 - 0.00029256764743436716
