Number: 5047
Error: 9.17578254319995e-16
A1: [0.06621323290496757, -0.11395202963081844, -0.023983899097108224, 0.07172291928687217] - [0.037402582180072905, 0.18819334082239347, -0.14740897622037816, -0.07818703962165366] - [-0.060229395456375574, 0.32895077694973446, -0.12775313329740004, -0.14096834569591743] - [0.03904616211633616, -0.053322683239540376, -0.037418587510911226, 0.05169512327637153]
A2: [-0.009108432116559392, -0.346803033057883, 0.2494552351586594, 0.10645683051955747] - [0.0800398339915667, 0.036282265833574176, -0.0502501032705822, -0.0660719504294685] - [-0.04245279220187155, 0.23083192116947895, -0.04053121633621938, -0.1478478088286543] - [0.06813480490876976, -0.29346782344398775, 0.1417712689944366, 0.0835618897504165]
B1: 4.58364504185819e-08 - -4.327063227782124e-09 - 1.7765587090713778e-09 - 7.129086967663946e-09
B2: 3.5944406851765166e-08 - 3.351264318841516e-08 - -1.0773320150049831e-07 - 7.691363798747955e-08
