Number: 5271
Error: 8.224611037621004e-16
A1: [0.06621306971461194, -0.11395218917446576, -0.02398406215941865, 0.07172275637035783] - [0.03740256649909086, 0.1881933258403297, -0.14740899163594265, -0.07818705503859073] - [-0.06022941912668403, 0.32895075421544046, -0.12775315645985544, -0.14096836873372015] - [0.03904603973827465, -0.05332279939627134, -0.037418705907698316, 0.051695005840881256]
A2: [-0.0091087501043652, -0.34680337039230996, 0.24945491459786184, 0.10645649712746003] - [0.08003982383040663, 0.036282254887104105, -0.050250114376086154, -0.06607196162931707] - [-0.042452791758984726, 0.23083192165820177, -0.040531215861714036, -0.14784780833885594] - [0.06813481240324064, -0.2934678151923625, 0.14177127711892212, 0.08356189815304065]
B1: -4.307796819126605e-08 - 5.1480363150624105e-08 - 4.697525303792455e-08 - 5.1306961207315074e-08
B2: -2.710119906993042e-09 - 1.4576441446077758e-08 - 8.101967528022144e-08 - -1.1345846145701544e-08
