Number: 546
Error: 1.3530851641835421e-13
A1: [-0.012151864593847891, -0.014515599409419292, 0.018088973677944157, 0.008584731520194894] - [0.06583588589006852, 0.1894958866216902, -0.1453218977319762, -0.11000783652216102] - [-0.09629183350646221, 0.42178728886374856, -0.053455987126560384, -0.2720342889428337] - [-0.0013230676285166658, -0.018220752240969616, -0.0038367791534310016, 0.02337493195875825]
A2: [0.16158666691121285, -0.16775482614792406, 0.008501281083811445, -0.0023331220300842706] - [0.035485694997574445, 0.20751669370363637, -0.11721045262520609, -0.12579205745885857] - [-0.08621409855705697, 0.5815375792598654, -0.23538926557185708, -0.25993610828192] - [-0.003834831315064398, -0.0045191560821313615, 0.0011103914739712265, 0.007243522865486693]
B1: 1.5730740744046837e-07 - 2.157204561434125e-07 - 2.9551101453155357e-07 - 1.0452898813092527e-07
B2: -2.2988873208221832e-07 - 2.0111686868607272e-07 - 6.510235505744309e-07 - -7.530075884274819e-07
