Number: 8199
Error: 9.108568649322423e-16
A1: [0.08043171238110351, -0.1804677830571997, -0.019588829309993012, 0.11962499943148579] - [0.03741557417714124, 0.13359638036279897, -0.13472619200318212, -0.036285830910714724] - [-0.001702809054098232, 0.2281901264652401, -0.12282837270110379, -0.10365890026843315] - [0.0388632506015524, -0.11448100242539026, -0.04641642523367413, 0.12203424411529794]
A2: [0.03530750915007174, -0.029273409525352206, -0.07569728711467476, 0.06966347691332968] - [0.10289380187559628, 0.2828967529046099, -0.3926063467266049, 0.006816049622800191] - [-0.011187120777702076, 0.5390145697763862, -0.35945103516803834, -0.16837648646884434] - [0.09786271237206742, 0.017463229063817226, -0.16885109336702903, 0.05352478702418107]
B1: 1.5949781191348075e-08 - -6.9367619062186575e-09 - 2.21621404283137e-09 - 4.204265754015101e-08
B2: 2.4380374040120742e-08 - 3.4223354433399236e-09 - 1.6450814975479846e-08 - 1.7430626305974683e-08
