Number: 4792
Error: 1.0244919284441851e-15
A1: [0.06621315902422477, -0.11395210186061995, -0.023983972919899843, 0.07172284553008361] - [0.03740259603558582, 0.1881933540603875, -0.14740896259936084, -0.07818702599943127] - [-0.06022931967114511, 0.3289508497373549, -0.12775305913842083, -0.14096827193579423] - [0.03904616124071984, -0.053322684070687125, -0.03741858835810843, 0.051695122436054744]
A2: [-0.009108575084902912, -0.34680318472466026, 0.24945509103356195, 0.10645668062520666] - [0.08003992555423935, 0.03628236447273005, -0.050250003197888984, -0.06607184950703476] - [-0.042452739030495554, 0.2308319798526094, -0.04053115935573494, -0.14784775002319012] - [0.06813488116057152, -0.2934677394875791, 0.1417713516586393, 0.08356197524261347]
B1: -9.287843701215807e-10 - 2.2156033132465356e-08 - -1.2866997201201838e-08 - 3.7837344276279754e-10
B2: 1.09065146492001e-09 - 5.691912957274715e-09 - 1.193317233020235e-09 - 2.764659329144711e-08
