Number: 7192
Error: 9.843889750068562e-16
A1: [0.08043170343966437, -0.18046779199759327, -0.0195888382406844, 0.1196249904911045] - [0.03741560767916288, 0.1335964138394182, -0.13472615856805595, -0.03628579742733497] - [-0.0017028267106721708, 0.22819010880905927, -0.12282839033180452, -0.10365891792028498] - [0.03886325356319605, -0.11448099947204582, -0.04641642227390323, 0.12203424707511243]
A2: [0.035307395944308616, -0.029273523044264962, -0.07569739474943145, 0.06966335843137614] - [0.10289375377822156, 0.28289670439903686, -0.3926063932458194, 0.006815999257906458] - [-0.011187102894627165, 0.5390145877661597, -0.3594510182412816, -0.1683764676248648] - [0.09786278620081748, 0.017463303228397044, -0.16885102308669755, 0.05352486452017908]
B1: -4.867479907296591e-09 - -5.092324135022328e-09 - 1.2753031058829926e-08 - 5.286283880400345e-09
B2: 5.02642010436683e-09 - 4.533677724271859e-09 - -1.061288647569825e-08 - 8.041175241072224e-09
