Number: 7740
Error: 1.007189939371155e-15
A1: [0.08043165662536123, -0.18046783880660225, -0.019588884999004668, 0.11962494368215268] - [0.037415557698496284, 0.13359636389657276, -0.13472620844912095, -0.036285847380310765] - [-0.001702862532122376, 0.22819007298836252, -0.12282842610081296, -0.10365895373217557] - [0.038863207404524154, -0.11448104550118725, -0.04641646840315123, 0.12203420094513329]
A2: [0.03530741780129837, -0.02927350112681155, -0.07569737396809106, 0.06966338130709465] - [0.10289369185898138, 0.2828966419542963, -0.3926064531333216, 0.0068159344194584] - [-0.011187131123751564, 0.5390145593686668, -0.35945104496078595, -0.16837649737084218] - [0.09786277795320061, 0.017463294943270712, -0.16885103093791076, 0.05352485586288894]
B1: -1.4167008965738512e-09 - -7.967701615396589e-09 - 4.073828745483645e-09 - 2.930740356100412e-09
B2: 1.376389435852318e-08 - -2.260408650162444e-08 - 9.78678033964407e-09 - 1.1328011449417458e-08
