Number: 3409
Error: 1.1306601973026155e-07
A1: [0.06767398148437836, -0.1125244009212945, -0.022525310250497473, 0.07318158379932402] - [0.03762250025526639, 0.1884031280995352, -0.14719294549898002, -0.07797054516575747] - [-0.06494860912306376, 0.32441332944885704, -0.1323765576422602, -0.14557107540367337] - [0.03796861416989588, -0.054342539689992635, -0.038459458202190766, 0.05065915981994533]
A2: [-0.007106823607153286, -0.34467996119217276, 0.2514688705472251, 0.10855714958489945] - [0.08071471243711638, 0.03700882172100053, -0.049515455034037564, -0.06533181348865448] - [-0.042042923378480986, 0.23128362973969466, -0.04009497044614844, -0.14739726568328432] - [0.0681486178996559, -0.2934516744139895, 0.1417928691890299, 0.08358265612548639]
B1: 0.0005871990037848859 - -0.0007588447991324522 - -0.0002032514967016256 - 0.0003122033614997665
B2: -8.063954445836492e-05 - 0.00014535387487538275 - 0.0005673869842759306 - -0.0007314754243831089
