Number: 4116
Error: 9.083884960344034e-16
A1: [0.06621319329825685, -0.11395206835248381, -0.023983938672740346, 0.07172287974663581] - [0.03740263651668839, 0.18819339273732774, -0.14740892280333473, -0.07818698619986586] - [-0.06022941124319311, 0.32895076178743793, -0.1277531487454152, -0.14096836106104504] - [0.039046167579105485, -0.053322678054620494, -0.03741858222600588, 0.05169512851840887]
A2: [-0.00910857096359677, -0.34680318035259633, 0.24945509518833373, 0.10645668494623661] - [0.08003983587882324, 0.0362822678666457, -0.050250101208023194, -0.0660719483493548] - [-0.04245276586611985, 0.23083195023527872, -0.04053118811391509, -0.14784777970228374] - [0.06813475158825233, -0.2934678821521174, 0.14177121119012165, 0.08356182996837216]
B1: -1.2452625096698845e-08 - 1.3145063545316367e-08 - 1.9616674814385794e-08 - -8.296372287170554e-09
B2: -8.61575485188041e-09 - -4.079025114006608e-09 - 1.3548266651604406e-08 - 3.1350529282049596e-09
