Number: 5613
Error: 5.25087294012577e-08
A1: [0.06649976720011029, -0.1136719942903616, -0.02369830582215526, 0.07200805437342479] - [0.03732304743194419, 0.18811754719447182, -0.14748731999865672, -0.07826587140570233] - [-0.06042276094940655, 0.32876420056861666, -0.12794371147369726, -0.14115766351075323] - [0.038983135265729496, -0.05338295846432827, -0.037480176292344104, 0.05163408885247381]
A2: [-0.008672283786065455, -0.3463405696137361, 0.24989454616241144, 0.1069139894539136] - [0.07989894120505475, 0.03613044990659706, -0.05040408732385193, -0.06622717394801315] - [-0.04226225340449698, 0.23104216573910896, -0.0403274872868858, -0.14763765458675834] - [0.06827924182553657, -0.2933088525480672, 0.14192673689709026, 0.08372280757661214]
B1: -0.0003942782152407641 - 0.0003213586817381502 - -0.00029947397173500737 - -0.00026108072162853044
B2: 3.681573413829054e-05 - -0.0002002199777524557 - 0.00016744998320396403 - 0.00016024998624824212
