Number: 9887
Error: 9.119860436574039e-16
A1: [0.053172563683497966, -0.14800125742757034, -0.026999033792398038, 0.1218278355318316] - [0.005313764805758838, 0.13083673930458015, -0.11360069879027704, -0.022549718323901007] - [-0.014444423582125799, 0.22309167384342454, -0.12704112664430978, -0.08160587998557471] - [0.027146560488439133, -0.10001993764569309, -0.0494244077951119, 0.12229822105156173]
A2: [0.08925462826557193, -0.07291320373066765, -0.12362725759747854, 0.10728655209383617] - [0.10884178271135031, 0.24981423503316416, -0.4048452366887296, 0.046189534907624716] - [0.036635894344710165, 0.46255508202837214, -0.37771748673335725, -0.12147330548621778] - [0.14342647057655106, -0.044606586084848535, -0.20149949898373515, 0.10267990042485099]
B1: 1.8696601681364966e-08 - 1.2276142988756011e-08 - 1.2608196565147796e-08 - 1.9103959031688446e-08
B2: -4.830947550593288e-09 - -2.506166735975867e-09 - 9.069225564103893e-09 - 3.423721212356614e-08
