Number: 1221
Error: 3.409596221587132e-08
A1: [-0.007577410380032756, -0.015383723964246665, 0.0025908417938420077, 0.019051682326948337] - [0.06695809465769877, 0.19001117865756187, -0.14659962800243803, -0.10971592066984259] - [-0.11257720197637357, 0.44179642424463295, -0.07077599511186249, -0.2580933009390798] - [-0.023753958581385563, 0.014969360711350273, -0.030321238348804794, 0.03850147210259209]
A2: [0.13210602463784454, -0.22411653737984724, 0.023177159601591685, 0.07066898014459705] - [0.03320780033080452, 0.20430215258460174, -0.11432930645393649, -0.1209088179341454] - [-0.09399310165239884, 0.5561595468067646, -0.23458706561032006, -0.22501769598693322] - [-0.020494262857907803, -0.018950579366573878, 0.008448550177000408, 0.03250473281249088]
B1: 1.115833762520922e-05 - 0.00010085186535738174 - 9.150651896444985e-05 - -1.6864208130520935e-05
B2: -0.0002673512712810895 - 0.001089963810744196 - -0.00011119155002811898 - 2.3993136249944756e-05
