Number: 2344
Error: 5.704922217688726e-05
A1: [0.06071766406300454, -0.05258005843619168, -0.029196045768214877, 0.003972409945931218] - [0.043440801308721896, 0.19087532462961546, -0.1433625311806488, -0.092534043001177] - [-0.12696215607093592, 0.4120869550395712, -0.10771075089304835, -0.19018028174431398] - [0.030921143603393417, 0.01351901366794029, -0.03847747609739968, -0.02916429403196365]
A2: [0.12113106011909686, -0.11521339886971448, 0.1447480961828834, 0.08087827579413011] - [0.031551529444730234, 0.20247817718411448, -0.09952335472896529, -0.12572204401270046] - [-0.13113239443001695, 0.4766451216647913, -0.2633167933567628, -0.23135232641850745] - [-0.0009817084953724986, 0.043581887664122285, -0.024550619025830757, 0.08190972903266552]
B1: -0.008052006129198094 - 0.0007526032661473976 - 0.005790457284914885 - -0.021698008626859312
B2: -0.004904133801160702 - -0.007039403050166666 - -0.004803026230388125 - -0.005952211950083049
