Number: 1345
Error: 4.213164331649718e-10
A1: [-0.007360553550191596, -0.015168371904090304, 0.0028175028167943864, 0.019277008089300017] - [0.06672506200660373, 0.18978657998834791, -0.14684031828160715, -0.10997543611508462] - [-0.11280810402153457, 0.44156711608423516, -0.0710213998514096, -0.2583410419511389] - [-0.023289496126671107, 0.015422663820277158, -0.029852887780238486, 0.0389959083215802]
A2: [0.13174018719447986, -0.22447698177777528, 0.02281824426315375, 0.07031118559658979] - [0.03278121778112554, 0.20388200440723658, -0.11475396642410145, -0.12132545432784766] - [-0.09463243267776296, 0.5555306929091154, -0.23521168532475736, -0.2256446722967573] - [-0.02087422413899248, -0.019322182488632617, 0.00807166366170791, 0.03213661528622971]
B1: -2.8337790158758285e-05 - -7.675399813030309e-06 - -0.0001629183215103569 - 2.7320552481396697e-05
B2: -2.8901001287843963e-05 - -0.0002143720271945083 - 9.580916367645449e-05 - -2.2514495889252904e-06
