Number: 7053
Error: 9.158103747330691e-16
A1: [0.0804316949408085, -0.18046780049548541, -0.01958884672937528, 0.11962498199322089] - [0.03741559842382894, 0.133596404591089, -0.13472616780494717, -0.036285806677541214] - [-0.0017028117882153541, 0.22819012373118897, -0.12282837543121046, -0.10365890300181854] - [0.03886323748924458, -0.11448101550088252, -0.04641643833760391, 0.12203423101115571]
A2: [0.03530739780402134, -0.029273521179408415, -0.07569739298122355, 0.06966336037775867] - [0.10289379949846075, 0.2828967505073066, -0.3926063490258027, 0.006816047133673563] - [-0.011187070944113859, 0.5390146199072438, -0.3594509879994282, -0.1683764339574943] - [0.09786279717917463, 0.017463314256691172, -0.16885101263600655, 0.053524876043876894]
B1: -2.7801399284491676e-09 - 5.863888944204972e-09 - 9.56438580781757e-09 - 2.5146914151278055e-09
B2: 2.7152691577991436e-09 - 1.6260176380833803e-09 - 7.931411143214065e-09 - 2.2234381546839037e-10
