Number: 5449
Error: 8.272220336408182e-15
A1: [0.06621320189728128, -0.11395205994557972, -0.023983930080509742, 0.07172288833117167] - [0.037402625390231495, 0.18819338210690842, -0.14740893374139238, -0.07818699713892328] - [-0.0602291977580175, 0.3289509668279829, -0.12775293984126898, -0.14096815328008055] - [0.03904622740163775, -0.05332262127295966, -0.03741852434934735, 0.05169518592507857]
A2: [-0.009107920746197398, -0.34680249057578116, 0.24945575066593215, 0.10645736666196802] - [0.08003935839702964, 0.03628175348279935, -0.050250623067092604, -0.06607247463992429] - [-0.04245308178377249, 0.23083160157025048, -0.04053152666313141, -0.14784812909391898] - [0.06813481756263222, -0.2934678095117864, 0.14177128271176007, 0.08356190393753117]
B1: 1.8571879066648973e-07 - -5.8093471484785904e-08 - -5.210284200819909e-08 - 6.916606824217505e-08
B2: 5.927113379629122e-08 - 9.407272404851217e-08 - 4.104750623204131e-08 - 2.8326111211266803e-08
