Number: 621
Error: 1.0096907481423326e-13
A1: [-0.012154627535625873, -0.014518437236856183, 0.0180859197882448, 0.008581778992548595] - [0.06583525469045953, 0.18949527943434671, -0.1453225503373165, -0.11000853929982407] - [-0.096292654030691, 0.42178649583920563, -0.05345687749872691, -0.27203524489780684] - [-0.0013223141610228422, -0.018220027621638154, -0.003835977111645017, 0.023375802839866157]
A2: [0.1615869833895252, -0.16775451562874893, 0.00850159118080354, -0.00233281351130321] - [0.03548558756411378, 0.20751658799638695, -0.11721055960848743, -0.1257921625570289] - [-0.08621315472878387, 0.5815385037368919, -0.235388347192591, -0.25993518790850795] - [-0.0038349903902668617, -0.0045193125117773455, 0.0011102340286153248, 0.0072433706753072995]
B1: 2.8328258892062645e-07 - 7.237165747218424e-08 - 2.7791094145877703e-07 - 2.8762724344745648e-08
B2: -8.332944919462359e-08 - 4.0590360623333847e-07 - 1.3106299656166613e-06 - 1.8923269184161874e-07
