Number: 346
Error: 2.6255437126211835e-10
A1: [-0.012155180968051963, -0.014519003921846381, 0.018085314307734506, 0.008581207215018228] - [0.06584677731237516, 0.1895063633902729, -0.1453106387899334, -0.1099957104537842] - [-0.09629491875885048, 0.42178431376186404, -0.05345932951901446, -0.2720378912504322] - [-0.001394860013681786, -0.018289793498675006, -0.003913192832251468, 0.02329194221816004]
A2: [0.16159762291899699, -0.1677440850501177, 0.008512012699370115, -0.0023224482048690718] - [0.03547730150553012, 0.20750843134954652, -0.11721881622052414, -0.12580027110407332] - [-0.08618942808517241, 0.5815617421082564, -0.23536526187684426, -0.2599120582926081] - [-0.0038157597638716336, -0.0045003907613000976, 0.001129289793668548, 0.007261786234799495]
B1: 1.0280254092632507e-05 - -6.686630338357794e-05 - 1.5142339468549181e-05 - 1.9588091087524885e-05
B2: 0.00010798968927397835 - -1.4011003872363254e-05 - -6.00634111000283e-05 - -6.053399776876118e-05
