Number: 8135
Error: 1.089303398256473e-15
A1: [0.08043172775738892, -0.1804677676826497, -0.01958881395208012, 0.11962501480602901] - [0.03741554113172371, 0.1335963473423811, -0.13472622498277914, -0.03628586393785063] - [-0.0017028008201384432, 0.228190134699026, -0.12282836447919611, -0.10365889203666714] - [0.03886324027706537, -0.11448101272089954, -0.04641643555157476, 0.12203423379723564]
A2: [0.035307392316356, -0.02927352668219175, -0.0756973981988797, 0.069663354634393] - [0.1028937448269156, 0.2828966953717653, -0.39260640190339086, 0.006815989884570512] - [-0.011187086807045393, 0.5390146039496413, -0.3594510030140195, -0.16837645067285087] - [0.09786277113605141, 0.017463288095077457, -0.16885103742742444, 0.053524848707115776]
B1: -1.0387619854680901e-08 - -3.5553298850241394e-09 - 1.7883555920938954e-08 - 1.827852171034276e-08
B2: 3.096351409830193e-08 - -3.1622522983387866e-08 - 8.604075888294023e-09 - 9.860957130570841e-09
