Number: 1344
Error: 3.1292766796569974e-09
A1: [-0.007397765371442334, -0.015205920242341162, 0.0027788230395192543, 0.019238784143548404] - [0.06672497729750808, 0.18978649798530303, -0.1468404051957298, -0.109975530675609] - [-0.1128815649573169, 0.441495113990475, -0.07109793332293021, -0.25842059487955427] - [-0.023304736975518735, 0.015407691279864312, -0.029868439827878148, 0.038979817657245584]
A2: [0.1317477975841783, -0.2244694962965215, 0.02282574286080373, 0.07031862615924857] - [0.03278477126543667, 0.20388550137754047, -0.11475043000179452, -0.12132197661205414] - [-0.09445972094001487, 0.5557007102670446, -0.2350419260380369, -0.22547487679329184] - [-0.02091583164800223, -0.019363219449235348, 0.008030412560008715, 0.03209662227218867]
B1: -5.447707124252084e-05 - -2.7533978165633282e-05 - -0.00015243333872900093 - 9.616698510109445e-06
B2: -2.872311374343955e-05 - -0.00018749140717899042 - 0.00011092700804117022 - -1.1978936314897624e-06
