Number: 5670
Error: 1.3645608136822467e-05
A1: [0.06824005041403508, -0.11151811093200198, -0.021748423352616234, 0.07395319706319438] - [0.013998457093589, 0.16606733642771543, -0.17032441194230288, -0.1012763676146475] - [-0.09711158431271026, 0.29155191918540774, -0.16513410930287398, -0.17954043867577413] - [0.04792041322991253, -0.04318423206178829, -0.027979548287419394, 0.061507625484449]
A2: [-0.010944737609819984, -0.34941973539412546, 0.24554532421914055, 0.10639182243158701] - [0.09488544218999075, 0.05218449113095168, -0.03466238233170519, -0.04948739186049416] - [-0.022898794239720067, 0.25200168602963907, -0.020916012791262907, -0.12519367468380463] - [0.10759237222484215, -0.2503418395868291, 0.18307482159614516, 0.12837706658827133]
B1: -0.0026757069725575145 - 0.00853093712092806 - 0.002235569338219366 - 0.002281394060663005
B2: 0.006148488405140681 - -0.0119916953956334 - 0.008293505059801354 - 0.007814344273694492
