Number: 5513
Error: 9.959513850036397e-12
A1: [0.06621340221085999, -0.11395186409854972, -0.023983729923287966, 0.07172308830960088] - [0.03740187368361295, 0.18819266390731076, -0.14740967272825029, -0.07818773619158548] - [-0.06023052211002934, 0.3289496948756623, -0.12775423576717984, -0.14096944223442595] - [0.03904787061059469, -0.05332106158816481, -0.037416934608934034, 0.05169676275660441]
A2: [-0.009106321010310107, -0.3468007935230702, 0.24945736334620003, 0.10645904391903513] - [0.080040419042124, 0.036282896100281764, -0.05024946384596799, -0.06607130555984114] - [-0.04245025985896485, 0.23083471600081493, -0.040528502581349095, -0.14784500815275461] - [0.06813735575325518, -0.2934650148732505, 0.14177403434733807, 0.0835647497191522]
B1: 2.100806421525852e-06 - 1.7665021678457847e-06 - 1.3321975676950633e-06 - 1.317164443066498e-06
B2: -1.3314063660135153e-06 - -3.580530498533796e-07 - -2.081529514622451e-06 - -1.884947608188948e-06
