Number: 5940
Error: 3.1246250613386735e-10
A1: [0.08049277393322833, -0.1804067318015763, -0.019527838257980764, 0.11968605535132511] - [0.03736105402341262, 0.13354189872283295, -0.13478060109212756, -0.03634031909031432] - [-0.001665569959246423, 0.22822736466105759, -0.12279118139836077, -0.1036216675484849] - [0.038902427583566115, -0.11444193085022772, -0.04637726821587237, 0.12207339862916855]
A2: [0.035447065347009137, -0.029133477251496655, -0.07556460181141206, 0.06980953902571821] - [0.10304950353153883, 0.28305376586363085, -0.3924557614073162, 0.006979084151023451] - [-0.011182042636682153, 0.5390196737078851, -0.359446233766935, -0.16837113888223612] - [0.09791721676553014, 0.01751797517290622, -0.1687992126799063, 0.05358199797274696]
B1: 3.593964916481958e-05 - -1.759762587543825e-05 - -1.4202733771315387e-05 - 1.0696756527515565e-05
B2: 2.1204053419737257e-05 - -2.3258830721615696e-05 - -1.0623723612838379e-05 - -1.0866999852612956e-05
