Number: 6147
Error: 5.118561076162816e-16
A1: [0.08043158824430749, -0.1804679071798999, -0.01958895329830024, 0.11962487530890771] - [0.037415504417442194, 0.13359631065585292, -0.13472626162402648, -0.03628590063185095] - [-0.0017028678635764372, 0.22819006765703193, -0.1228284314244672, -0.1036589590622138] - [0.038863081113912075, -0.11448117143736318, -0.04641659461329333, 0.12203407473301318]
A2: [0.03530748314204102, -0.0292734356053574, -0.07569731184294878, 0.06966344969327769] - [0.10289381568176471, 0.2828967668279623, -0.3926063333735489, 0.006816064079988453] - [-0.011187033947164898, 0.5390146571248848, -0.35945095298107, -0.16837639497245796] - [0.09786283062940697, 0.017463347859079024, -0.16885098079356722, 0.05352491115574815]
B1: -1.832849725652888e-08 - 2.4984367275979125e-08 - -3.5459896645349295e-08 - -2.7317479843128857e-09
B2: 5.4319417482105804e-08 - 5.1474057471895e-08 - -1.510394698467967e-07 - 4.0152873697203494e-09
