Number: 8678
Error: 1.0139285979028613e-14
A1: [0.08043167564197178, -0.18046781979212334, -0.019588866005152646, 0.11962496269660063] - [0.037415613154211526, 0.13359641931036897, -0.1347261531036826, -0.03628579195519993] - [-0.0017028198170783028, 0.22819011570249062, -0.1228283834483216, -0.10365891102852229] - [0.038863223139839885, -0.1144810298099569, -0.04641645267784841, 0.12203421667072091]
A2: [0.035307384032523884, -0.029273534988984634, -0.07569740607514241, 0.06966334596448293] - [0.10289366071672416, 0.282896610547776, -0.39260648325375974, 0.006815901809062828] - [-0.011187211912462927, 0.5390144780980768, -0.35945112142938807, -0.16837658250036677] - [0.09786271763788544, 0.017463234353566056, -0.16885108835439347, 0.05352479255163133]
B1: 9.960420474216351e-09 - -9.334377269450647e-08 - -3.4781025998544586e-08 - -1.7000055143867508e-08
B2: 7.469186955383931e-08 - 6.963623280835297e-08 - 3.858659322350655e-08 - 7.094594480779292e-08
