Number: 9576
Error: 3.902796016202214e-14
A1: [0.05317298251100429, -0.14800083845154974, -0.026998615429919406, 0.12182825456428392] - [0.005314604070262848, 0.1308375794412676, -0.1135998596591895, -0.02254887787215592] - [-0.014444116555012288, 0.22309198097956429, -0.12704081986290514, -0.08160557284789434] - [0.027146355015693208, -0.10002014312488418, -0.04942461370553329, 0.12229801505256223]
A2: [0.08925486780292423, -0.07291296474945329, -0.12362702346002066, 0.10728679458011596] - [0.10884369750938365, 0.24981615016786482, -0.40484335982220115, 0.046191481918735865] - [0.03663759556492841, 0.4625567743958197, -0.3777158269420988, -0.12147158662571032] - [0.1434259387813484, -0.04460711590675107, -0.2015000182405572, 0.10267936073740043]
B1: -8.88047623577826e-08 - 4.7509910844221775e-08 - 2.880349183736883e-07 - 3.8188938235861683e-07
B2: -3.979529300293638e-08 - -2.025521859077728e-07 - 1.3909634041953265e-07 - 2.5642346481515897e-07
