Number: 3052
Error: 2.651509587090563e-07
A1: [0.06251155929394693, -0.04879366230492168, -0.024360410196713617, 0.00693107988645853] - [0.04299246960136865, 0.19062404676376574, -0.14325112841968754, -0.09324603082627536] - [-0.12524784764501776, 0.41307189521751747, -0.10666031338809777, -0.18885904242416907] - [0.03634282197390675, 0.01850191992024069, -0.03380138482095498, -0.02372512991010074]
A2: [0.06675900358706281, -0.17038503356909174, 0.08963229731482363, 0.027233905530852528] - [0.030632070708291565, 0.20162132888806597, -0.10037324354407881, -0.1265602157860938] - [-0.09266372337983687, 0.514410682766265, -0.22485863692438698, -0.19437157149974957] - [-0.025656793166646825, 0.01877967043123322, -0.05002871879509805, 0.05724403627187635]
B1: -0.0010599132476728794 - 0.0005974062235286729 - 5.3384300204934875e-05 - 0.00048707524345810937
B2: 0.0003824151629380798 - 0.00014486816113209005 - 0.00021488183771885033 - 0.0005379686939411678
