Number: 2103
Error: 0.0006277871622231911
A1: [-0.019212110550665573, -0.0563344200343127, -0.07964588377804512, -0.026966565200542338] - [0.043194253636880064, 0.17467038337078636, -0.16239794630395563, -0.12961589812608332] - [-0.26951488822845854, 0.2759881282796721, -0.2544061157539513, -0.3462538509244178] - [0.14483053586704764, 0.14530165203540402, 0.07449336983115351, 0.12976689782384213]
A2: [0.14362795876436607, -0.21265444557987587, 0.05073297156623653, 0.02784542163489534] - [0.10930040934138836, 0.268253295142384, -0.045252847768971, -0.05683398455427527] - [0.0695255999306407, 0.6252925338740349, -0.10463463511776225, -0.12988333842728508] - [-0.10833582451826182, -0.12942222324668679, -0.18264751227921228, -0.06446875963419724]
B1: 0.010784556794791917 - 0.011453604322300415 - 0.028889068823031556 - 0.03118107842841071
B2: 0.015258212881972832 - -0.018593510741386737 - 0.08279132172397172 - 0.01083710718257737
