Number: 4419
Error: 8.764235900944193e-16
A1: [0.06621311453048798, -0.11395214536008043, -0.02398401737871291, 0.07172280111104756] - [0.03740262979460362, 0.18819338631483368, -0.14740892941165146, -0.07818699280878275] - [-0.06022939683090318, 0.32895077562959846, -0.12775313464244872, -0.14096834703387864] - [0.03904616976987222, -0.05332267597516051, -0.037418580106467536, 0.05169513062076479]
A2: [-0.009108503744189856, -0.3468031090433165, 0.2494551629515914, 0.10645675542206154] - [0.0800398860273205, 0.03628232189095259, -0.05025004639856519, -0.06607189307447053] - [-0.04245279133658003, 0.2308319221244954, -0.04053121540902853, -0.14784780787157745] - [0.0681346840473008, -0.2934679565175731, 0.14177113796926316, 0.0835617542425698]
B1: -3.680653225039894e-08 - 4.897944179964744e-08 - 1.2296093134366854e-08 - -2.8156092034213554e-08
B2: -1.1660148752104242e-08 - 2.2333154658053066e-08 - -7.029375527011326e-10 - -1.9377942196664157e-08
