Number: 5430
Error: 1.992274767053006e-15
A1: [0.06621321827637633, -0.11395204393243023, -0.02398391371418929, 0.07172290468285732] - [0.037402680931612295, 0.18819343517297304, -0.14740887913992765, -0.07818694253262522] - [-0.06022955516163607, 0.32895062356107857, -0.12775328957553747, -0.1409685011334257] - [0.03904613267449104, -0.05332271118454119, -0.03741861599479866, 0.051695095023734455]
A2: [-0.009108365373127437, -0.3468029622538333, 0.24945530244160835, 0.10645690049602714] - [0.0800398492326006, 0.03628228225255237, -0.05025008661270335, -0.06607193363045318] - [-0.04245284683014647, 0.2308318608784766, -0.04053127487833513, -0.14784786924527032] - [0.0681346980453537, -0.2934679411048813, 0.1417711531440072, 0.08356176993734965]
B1: 4.5484109733961074e-08 - -2.1783743433319063e-08 - 9.835080315665844e-09 - -6.405215032730345e-09
B2: -4.2713932332746914e-08 - -2.311467793721656e-08 - -6.215657692445823e-08 - 3.174395241824578e-08
