Number: 7735
Error: 1.0144992487643428e-15
A1: [0.08043165615992548, -0.18046783927198526, -0.019588885463883828, 0.11962494321677011] - [0.037415553264304485, 0.13359635946573686, -0.1347262128744778, -0.03628585181204644] - [-0.0017028606288329218, 0.22819007489161144, -0.12282842420031018, -0.10365895182939407] - [0.03886320611751535, -0.1144810467845842, -0.04641646968933985, 0.12203419965892444]
A2: [0.035307404660068195, -0.029273514304387818, -0.07569738646261873, 0.0696633675533861] - [0.10289368469521039, 0.2828966347297266, -0.39260646006203076, 0.006815926917948727] - [-0.011187143169025367, 0.5390145472515498, -0.35945105636191205, -0.16837651006335383] - [0.09786276608050903, 0.017463283016575615, -0.16885104223995576, 0.05352484340044047]
B1: -8.728031729957137e-11 - -2.177982447244818e-09 - 3.256013575149699e-09 - 2.668481224463221e-09
B2: 7.446762380291507e-09 - -1.871530904365927e-08 - 3.929136500233813e-09 - 6.462940376234168e-09
