Number: 8291
Error: 9.084609780725099e-16
A1: [0.08043169358111181, -0.18046780185505382, -0.019588848087506466, 0.11962498063364388] - [0.037415573514727456, 0.13359637970088364, -0.13472619266426722, -0.036285831572758075] - [-0.0017028268420574047, 0.22819010867765924, -0.12282839046301668, -0.10365891805164582] - [0.03886324210534789, -0.1144810108977439, -0.046416433724466834, 0.1220342356243761]
A2: [0.03530760173815071, -0.02927331668119104, -0.07569719908290758, 0.06966357381658349] - [0.10289378935720984, 0.28289674027998846, -0.3926063588342246, 0.006816036514230181] - [-0.011187064205092696, 0.5390146266864004, -0.3594509816207286, -0.1683764268564354] - [0.09786262902506745, 0.017463145337710675, -0.16885117270814584, 0.05352469953714927]
B1: -3.3065018460290566e-08 - 5.551889438819979e-08 - -5.499132594877179e-08 - -3.788154870414745e-08
B2: -1.1774300956363218e-08 - -2.9880255902482006e-08 - -1.3162683455667847e-08 - -1.2252275280980937e-08
