Number: 3428
Error: 3.397229296266869e-08
A1: [0.06649134604176314, -0.11368115392374391, -0.0237071003193792, 0.0720000488914224] - [0.03776227171466742, 0.1885369164581703, -0.14705524814934928, -0.0778331501512278] - [-0.05935661344827588, 0.32978813037372406, -0.1269000815768132, -0.14012113703540843] - [0.04076989775800972, -0.05168513863537169, -0.035750547994164196, 0.05334868270761072]
A2: [-0.008694415014310319, -0.3463629750677096, 0.24987252363839088, 0.10689321335637403] - [0.08041265383291725, 0.036683826166052015, -0.049843340644059174, -0.06566171542075058] - [-0.041281441441879715, 0.23212428764227036, -0.0392768157602269, -0.14655251051993853] - [0.06914279918451496, -0.2923578760513089, 0.14286559276504826, 0.08469403313838418]
B1: -0.00029695645475479916 - 0.0003038702702884782 - 6.214863797757946e-05 - -6.721643339588416e-05
B2: -0.0003324410003162596 - -7.897732073977187e-05 - 1.5381625650205794e-05 - 0.00047073983987770863
