Number: 6681
Error: 1.0436324473907624e-15
A1: [0.08043167382036281, -0.18046782161353978, -0.019588867824569693, 0.11962496087518676] - [0.037415569900788, 0.13359637608963554, -0.1347261962711584, -0.0362858351847828] - [-0.0017028403630343998, 0.2281900951569808, -0.12282840396418968, -0.10365893156901049] - [0.03886321596159187, -0.11448103696812159, -0.04641645985154032, 0.12203420949688217]
A2: [0.035307419318546376, -0.029273499605379213, -0.07569737252548199, 0.06966338289503447] - [0.10289374193357366, 0.2828966924538582, -0.39260640470181435, 0.0068159868548251295] - [-0.011187160818453156, 0.5390145294968522, -0.35945107306743584, -0.1683765286612222] - [0.09786277268860355, 0.01746328965472056, -0.168851035949439, 0.05352485033674306]
B1: 8.982330848420591e-10 - 1.5429935798006828e-08 - -1.2179357581961546e-08 - -4.30151961606931e-09
B2: 1.2426626401868985e-09 - 3.6612005193224017e-09 - 5.12486382027539e-09 - -2.4056409858210203e-09
