Number: 6053
Error: 1.0912473224883376e-14
A1: [0.08043312438614417, -0.18046637121268547, -0.019587418994011306, 0.11962641127457209] - [0.03741720585291401, 0.13359801080189357, -0.1347245635811629, -0.03628420014074818] - [-0.0017016516834648114, 0.2281912838132256, -0.12282721702281017, -0.10365774320499173] - [0.03886474566467896, -0.11447951155747534, -0.046414931122788966, 0.12203573824944298]
A2: [0.03530743352352075, -0.029273485362064425, -0.07569735901696148, 0.06966339776321752] - [0.10289259311433932, 0.28289553388414246, -0.39260751582367426, 0.006814783872794839] - [-0.011188909230793376, 0.5390127706565756, -0.35945272797498173, -0.16837837102533826] - [0.09786165490867062, 0.01746216679062766, -0.16885210000172093, 0.053523677031357866]
B1: 4.648361222231796e-07 - 3.4550998156790305e-07 - -1.334346566877894e-07 - -2.1967035112011598e-07
B2: -6.400125665403963e-07 - -9.920529358341668e-07 - 2.04367444981677e-06 - -9.548500306325125e-10
