Number: 1349
Error: 2.783361230573163e-09
A1: [-0.007234133933448054, -0.015040806730807122, 0.002948903318251958, 0.019406868829877414] - [0.0667143971390741, 0.18977632062502597, -0.14685135547416078, -0.10998729551715226] - [-0.11257170803906735, 0.4417988173317293, -0.07077508040559562, -0.25808505510505847] - [-0.02343671951036782, 0.015278001407436148, -0.030003193248348697, 0.03884048535906149]
A2: [0.13163356565350043, -0.22458190064297745, 0.0227133571582144, 0.07020693391448554] - [0.03275790595262546, 0.2038590648749332, -0.11477717341295099, -0.12134826639111589] - [-0.09491341467471524, 0.5552540722590601, -0.23548787785579983, -0.22592093845000802] - [-0.020837683392260508, -0.019286123990146883, 0.008107857994878601, 0.032171750418740784]
B1: 1.7508545902865734e-05 - -1.6193274987665023e-05 - -6.267136853623496e-05 - 2.268773452082856e-05
B2: 2.6495252504709175e-05 - -0.0002452112415295914 - 5.743455861994796e-05 - 4.0285015932211914e-05
