Number: 9797
Error: 1.0596056169591194e-15
A1: [0.053172517520752006, -0.1480013036073119, -0.02699907990430167, 0.12182778934680102] - [0.005313722686587565, 0.1308366971412179, -0.11360074090310215, -0.022549760502493618] - [-0.014444512548819895, 0.22309158484412794, -0.12704121554060038, -0.08160596898402851] - [0.02714643721954949, -0.10002006091435033, -0.04942453132397812, 0.12229809746945482]
A2: [0.08925455682506797, -0.07291327500600434, -0.12362732742841215, 0.1072864797724474] - [0.10884168599462776, 0.24981413829937085, -0.40484533148980273, 0.046189436563597794] - [0.03663581739902053, 0.4625550054830578, -0.37771756180541416, -0.12147338322996078] - [0.1434265047996375, -0.044606551989224696, -0.2014994655678691, 0.10267993515568097]
B1: 4.747944360487334e-08 - -9.536182662349796e-09 - -2.5819770439239558e-08 - 8.103085867860843e-09
B2: 1.268435463252327e-08 - 1.4773872591009241e-08 - -4.693746539621259e-09 - 1.1514078667790816e-08
