Number: 8586
Error: 1.0933317419208337e-15
A1: [0.08043173316258884, -0.18046776227800748, -0.019588808553311802, 0.11962502021065069] - [0.03741558495973415, 0.13359639113724972, -0.13472618124198793, -0.03628582013405537] - [-0.0017027459142921727, 0.2281901896037021, -0.1228283096537402, -0.10365883714546431] - [0.03886328848658424, -0.11448096464658264, -0.046416387372744575, 0.12203428197685524]
A2: [0.03530753582022377, -0.029273382781463544, -0.07569726175690702, 0.0696635048263412] - [0.1028936657264397, 0.2828966156000147, -0.3926064784084143, 0.006815907054944476] - [-0.011187106826305939, 0.5390145838110204, -0.35945102196274975, -0.1683764717677533] - [0.0978628093967614, 0.01746332652981839, -0.16885100100563566, 0.053524888868312075]
B1: 1.1363415846574544e-08 - -3.660070164770265e-08 - -1.6207204922058288e-08 - -2.5023386011705793e-08
B2: -6.253465932465197e-09 - -5.2210627452509293e-08 - 2.7911254777812795e-08 - -3.4469608176554142e-09
