Number: 1327
Error: 9.153692460335568e-09
A1: [-0.007281135123483132, -0.015088151130654395, 0.0029001330152111557, 0.019358574683687364] - [0.06679039218799844, 0.18984941666854668, -0.14677278886181228, -0.1099027641581843] - [-0.1127678908535034, 0.441606890229953, -0.07097940687225619, -0.25829748551476234] - [-0.02378869564978081, 0.014932339197736613, -0.030362269682037132, 0.038468880609415744]
A2: [0.13147437096963088, -0.22473869018797776, 0.022557073384536823, 0.07005136076777269] - [0.032659739886718, 0.20376247646801374, -0.11487497914444622, -0.12144428930755283] - [-0.0951513267578471, 0.5550199437149633, -0.23572173768792035, -0.22615457280139434] - [-0.020986740425472036, -0.01943326935703615, 0.007960319270554357, 0.032028527710470454]
B1: 4.594953395388676e-05 - -0.00017027919074399245 - -0.00014612279945607794 - 6.091863636959183e-05
B2: 2.4250791504675075e-05 - 0.00012052473987555118 - -1.9875410060019898e-05 - -8.299695757377374e-06
