Number: 623
Error: 1.2575879065127659e-13
A1: [-0.012154801298096547, -0.014518615708739444, 0.018085727728127308, 0.008581593307105992] - [0.06583519909484857, 0.18949522595370977, -0.14532260781830783, -0.11000860119997893] - [-0.09629341508668639, 0.4217857602909905, -0.05345770333596576, -0.2720361315660805] - [-0.0013225446964206437, -0.01822024933145236, -0.003836222509152872, 0.023375536379352264]
A2: [0.16158700891445635, -0.16775449058457023, 0.008501616190775056, -0.002332788628057978] - [0.03548560932766822, 0.20751660941023287, -0.11721053793610205, -0.12579214126663155] - [-0.08621316379630996, 0.5815384948551898, -0.23538835601595307, -0.2599351967507383] - [-0.00383489724018825, -0.004519220910418801, 0.001110326224468558, 0.007243459794843952]
B1: 5.878185104762864e-07 - 5.490428502716926e-07 - 5.499673129529367e-07 - 2.267251673178894e-07
B2: -2.8529690836734416e-07 - -8.576048014322664e-08 - 9.281061247370722e-07 - -1.9550903332755735e-08
