Number: 9843
Error: 8.013036096215674e-16
A1: [0.053172489003397314, -0.14800133213512526, -0.02699910839019537, 0.12182776081571299] - [0.005313715549113926, 0.1308366899962775, -0.11360074803946817, -0.022549767650007022] - [-0.014444519795688058, 0.22309157759462822, -0.1270412227817052, -0.08160597623347167] - [0.02714644829002101, -0.10002004984390087, -0.049424520230157774, 0.12229810856806653]
A2: [0.08925454601304884, -0.07291328579298811, -0.12362733799681137, 0.10728646882712736] - [0.10884158940667027, 0.24981404169437704, -0.4048454261646512, 0.046189338350523315] - [0.036635648235830744, 0.4625548372000576, -0.37771772684946764, -0.12147355414763893] - [0.14342618889334866, -0.04460686671890129, -0.20149977402300442, 0.1026796145625556]
B1: -5.689231251774289e-08 - -2.2720496516541464e-08 - -6.969760069096202e-09 - 1.833558955530137e-08
B2: -2.4887024063552032e-08 - -1.8363387901328538e-08 - -2.64741088134564e-08 - -4.479149830632718e-09
