Number: 6617
Error: 7.429152246341407e-16
A1: [0.08043168284324038, -0.18046781259168396, -0.019588858812480806, 0.1196249698970338] - [0.03741560016658035, 0.13359640633252035, -0.13472616606567067, -0.036285804935755575] - [-0.001702851455682541, 0.22819008406457117, -0.12282841504059754, -0.10365894265869885] - [0.038863247408025055, -0.11448100560994039, -0.046416428425144325, 0.12203424092377135]
A2: [0.03530746884953011, -0.02927344993739868, -0.07569732543206803, 0.06966343473459533] - [0.10289375931681027, 0.28289670998462796, -0.3926063878889765, 0.00681600505761646] - [-0.0111870572411161, 0.539014633691989, -0.359450975029267, -0.16837641951812837] - [0.09786284159677502, 0.017463358876334, -0.16885097035333826, 0.05352492266791116]
B1: 2.6425198417581544e-09 - 6.016274156238431e-09 - 9.466432723783222e-09 - 5.014563769440849e-09
B2: 8.367972128010551e-09 - 1.689486168911354e-08 - -1.51490944959526e-08 - 2.0743344854082508e-08
