Number: 2225
Error: 0.0004059855901383841
A1: [0.08770178491087664, -0.013447694190272518, 0.012596342885172975, 0.04664860769929806] - [0.006324429395986123, 0.1418913814041996, -0.2037768698081042, -0.15848535591795893] - [-0.12536350453979686, 0.42201617265472813, -0.0936391548432417, -0.18304154684018598] - [0.06023666419234104, 0.06105522889493814, 0.01677633119717954, 0.014190912654101119]
A2: [0.24385794733361607, -0.041346956458783224, 0.25063340013031404, 0.19569543026120934] - [0.08715516278488947, 0.25535183980424014, -0.04243867990536393, -0.07372993025441235] - [-0.06505501951507078, 0.5587512889810373, -0.18484723039407114, -0.17034973594519542] - [-0.04313020298898622, 0.029571976628653095, -0.05489891712400743, 0.05262078713352224]
B1: 0.029700627482840646 - -0.03396648585367635 - -0.005224556478932579 - -0.0379719284662961
B2: -0.0014624414723350496 - -0.00022011832282793436 - 0.017961061382638678 - 0.0022477637182497547
