Number: 8960
Error: 0.0020463625402211754
A1: [0.056616198360204185, -0.20208301012749214, -0.029081869857252883, 0.11381649577358985] - [0.05323800023150707, 0.15911395445931587, -0.08103903352166408, 0.015327858951393727] - [-0.014983763223039494, 0.21380176296293113, -0.1308799945208648, -0.10898938061427987] - [0.05336963120764463, -0.10167259112841892, -0.028326086350311752, 0.14106758083774204]
A2: [0.33092269840229305, 0.2773755008954106, 0.18907355569981868, 0.4096567784338789] - [0.42459325414299137, 0.6036962666248269, -0.08770976984035261, 0.3706997160266562] - [0.1753956441125076, 0.7009654024089076, -0.1826263566713345, 0.061118922702192595] - [0.2555346571402215, 0.15719751868492615, -0.020492451177931678, 0.2561937370123493]
B1: -0.05684874391695264 - 0.00432319366597117 - -0.06053652586911881 - -0.05368783407693059
B2: -0.05649620587584889 - -0.050002850906605695 - -0.016678470691489772 - -0.051072324637353186
