Number: 5636
Error: 4.607629702029299e-06
A1: [0.06750452979936565, -0.11268933739160311, -0.02269320991215607, 0.07301018252481849] - [0.03761825012136505, 0.18839783865884718, -0.14719742770328492, -0.07797703796961428] - [-0.05748916836201603, 0.33158338163359713, -0.1250693076146897, -0.13830196569278286] - [0.03937023603988865, -0.0530142658357531, -0.03710264703549096, 0.052007488749991886]
A2: [-0.005946637931018885, -0.3434460848154638, 0.2526325918816766, 0.10976952044045796] - [0.07999526519046568, 0.03623594305013841, -0.05030237861597315, -0.06612251379477557] - [-0.04106838487597185, 0.23236253146698851, -0.03905744519232385, -0.14632084281955826] - [0.0693056318378098, -0.29217567962653146, 0.14303034369562764, 0.08487050693307027]
B1: -0.0003091609907930734 - -0.00104788012429233 - -0.0008075965323854637 - -0.0006338862577117356
B2: 0.0010899140661539616 - 0.001622638170513702 - 0.001061275457329564 - 0.0017965345249274323
