Number: 1172
Error: 3.0811477409607067e-07
A1: [-0.005042059631266545, -0.012814915338133127, 0.005229761248373795, 0.02164940813911482] - [0.0684892636529333, 0.19148382010094053, -0.14501659861573457, -0.10801011462745226] - [-0.11173992086152906, 0.4426292969550443, -0.06990064069046796, -0.2571898108405459] - [-0.01769576939730963, 0.020940760647777532, -0.024115376055917598, 0.04489275869607107]
A2: [0.1317469000894703, -0.22447079507223303, 0.022827843862576854, 0.07032306548849965] - [0.03175013049010396, 0.2028707172822426, -0.11577843698583094, -0.12233855360830691] - [-0.09534315241641979, 0.5548256472265695, -0.23590632392252395, -0.2263543680976674] - [-0.020735625043785427, -0.019194602433527396, 0.008207359539135269, 0.032271515238346704]
B1: 0.00034774331304191045 - 0.0008278834824488035 - -0.0001668642090072444 - 0.000272235453980957
B2: 4.689299616380968e-05 - 0.000611369577916572 - 0.00115255697300856 - 0.00041259188550032646
