Number: 1956
Error: 3.826017572912132e-06
A1: [0.007451645525813656, 0.00011398399895784853, 0.018336643994531682, 0.034691995463128136] - [0.05394852480977375, 0.1774808030946692, -0.1600959168903587, -0.12427561210649805] - [-0.11417802975706291, 0.44020904099414776, -0.07258497739166771, -0.2597990738107257] - [-0.04184741067663275, -0.0030003456681284534, -0.04912530333376145, 0.019278111927040167]
A2: [0.13643335997272193, -0.22033263200340347, 0.026890175493823845, 0.07414517086084113] - [0.03502731229061682, 0.2061520270940273, -0.11252987411406808, -0.11915690611299276] - [-0.08903053123786629, 0.560919442549654, -0.2298787143102873, -0.22028593359744086] - [-0.01624969438275827, -0.014997060851979875, 0.012380495748314055, 0.036228205063260424]
B1: 0.0007257696493497515 - 0.0018886639284125344 - 0.0002447501691262622 - 0.00042270456092404385
B2: 0.004742890719564577 - 0.009840307092518232 - -0.0015308837555007204 - -0.00604334145266701
