Number: 7232
Error: 1.0540031299532695e-15
A1: [0.0804316997286415, -0.1804677957081955, -0.019588841947267864, 0.11962498678050643] - [0.037415599450406026, 0.13359640561688996, -0.13472616678041402, -0.03628580565153232] - [-0.0017028420134609318, 0.22819009350659436, -0.12282840561219206, -0.10365893321899178] - [0.03886325103814782, -0.11448100199000705, -0.04641642479733924, 0.12203424455163496]
A2: [0.03530741967237969, -0.029273499250565778, -0.07569737218907813, 0.06966338326536746] - [0.10289375094360095, 0.2828967015403587, -0.39260639598742586, 0.006815996289644999] - [-0.011187067070078644, 0.5390146238043845, -0.3594509843325584, -0.16837642987529716] - [0.09786281217906008, 0.017463329324804794, -0.1688509983570865, 0.05352489178886899]
B1: -8.576124899372632e-09 - 1.8345013094120297e-08 - 8.293547799966836e-09 - -2.052715297358978e-09
B2: 1.0936571049664868e-08 - 9.210083289473014e-09 - -1.710338748032473e-08 - 1.391487629638768e-08
