Number: 9934
Error: 1.2120839770966377e-15
A1: [0.053172533958987196, -0.1480012871629903, -0.026999063484119054, 0.12182780579301557] - [0.005313747624676199, 0.13083672210549316, -0.1136007159687433, -0.022549735529203245] - [-0.014444508126378604, 0.22309158926821226, -0.12704121112162958, -0.08160596455999002] - [0.027146433063574907, -0.1000200650704634, -0.04942453548886245, 0.12229809330283455]
A2: [0.08925445609938835, -0.072913375498728, -0.123627425884693, 0.10728637780462075] - [0.10884185632465894, 0.24981430865945947, -0.4048451645334693, 0.04618960975945803] - [0.03663597838467045, 0.46255516563105475, -0.3777174047397674, -0.12147322057468365] - [0.1434264777884612, -0.04460657889979041, -0.20149949194193134, 0.10267990774365765]
B1: 4.1331188515543356e-10 - 4.2296652515037794e-08 - 2.0101587716681165e-08 - 7.909496632647723e-09
B2: 9.51209295994714e-09 - 3.1045411884434345e-09 - 2.422081226557009e-08 - -8.928801619040852e-09
