Number: 2184
Error: 0.0003024276060457139
A1: [0.05206663816692432, -0.034678185973487846, 0.0022104545649231228, 0.04407140067067025] - [0.07315531655429611, 0.20462512772837738, -0.13613151230580106, -0.08355220647460072] - [-0.07337145614572226, 0.4693128964190766, -0.0445246818191991, -0.1598973003717254] - [0.015307547085020402, 0.03876106002114085, 0.0009421941811583474, -0.007746494622246417]
A2: [0.2949751272605101, -0.00412829952270177, 0.31276637373532057, 0.2554997478522624] - [0.02771090666253196, 0.1945408143478721, -0.10671470360905602, -0.13378916708010857] - [-0.10795979366426234, 0.5259049417688789, -0.22625305529773718, -0.20965872767876934] - [0.12424765898918122, 0.21200343804830257, 0.15202765389716622, 0.22387251768632446]
B1: 0.028713716125770384 - 0.0069703932083938994 - -0.029320685810292665 - -0.053950502562039274
B2: -0.0033545584088940745 - -0.0016884523398027283 - 0.005795447475893856 - 0.0025388281393769595
