Number: 27
Error: 0.002165091816499367
A1: [-0.03954365620947635, -0.04146220734668833, -0.015455382879879744, -0.0256565151794617] - [0.09287355385780734, 0.22494068263772862, -0.1300144461033757, -0.11586666372014069] - [-0.13974338178442605, 0.3774486851652392, -0.10055231549968305, -0.3108777952421328] - [0.13062282717286589, 0.12192170781081994, 0.13451830131772916, 0.1552522799715138]
A2: [0.4602290162884045, 0.12746499837228548, 0.29679362153343786, 0.29046453381717907] - [0.1651372036340896, 0.3322485780708936, 0.004400586073763322, -0.004325324638216541] - [0.2513187300463317, 0.9190504997302428, 0.09059398609767119, 0.07371982010070904] - [0.5861880698471176, 0.5869266573021299, 0.5837917857045057, 0.5773893385668356]
B1: 0.0703509169247708 - 0.4763736488726866 - -0.03751860972309036 - -0.04939109263220813
B2: 0.018828258962163034 - 0.4919224268307707 - -0.07637687319948736 - -0.08141647843834388
