Number: 1642
Error: 1.899227173188596e-08
A1: [-0.006974877121349821, -0.014780655867262757, 0.003218275350953482, 0.01966377047724346] - [0.06646877665679736, 0.1895401168012792, -0.14710631086254336, -0.11025974482289441] - [-0.11330391634213195, 0.4410750155752104, -0.0715386030367431, -0.2588886637063822] - [-0.022938385732986594, 0.01576425593885903, -0.029495420377437565, 0.03936231309789915]
A2: [0.13126512869479592, -0.2249461943845745, 0.02234327884165666, 0.06984167619604006] - [0.03291788897056754, 0.20401688435653048, -0.11461737064565429, -0.12119146899524891] - [-0.09489733674589557, 0.5552729121545045, -0.23547628061472736, -0.22590684389450033] - [-0.020831015143054497, -0.01929026194978954, 0.008109085399779175, 0.03217128648226859]
B1: -0.00013822103625252654 - -0.000176653069661941 - 2.9957698406977716e-05 - -2.2352878604618644e-05
B2: -0.00013493824146333915 - 0.00018578635492788096 - 9.292555949970025e-05 - -0.0002176526089004291
