Number: 9250
Error: 1.1131003140312353e-08
A1: [0.052345743059251874, -0.1488288251726641, -0.02782518293814363, 0.12100082321649476] - [0.004374087283276445, 0.12989608746253606, -0.11454042831475005, -0.023490575377529837] - [-0.015430010264609042, 0.22210557226990166, -0.12802596248694037, -0.08259154768777668] - [0.026166020228382953, -0.10100104402880171, -0.05040743841609628, 0.12131557452793582]
A2: [0.08948608309897468, -0.07268178094429385, -0.12340066709597682, 0.1075209713938632] - [0.10883446518899303, 0.24980659161135282, -0.4048524741570082, 0.04618228818445779] - [0.036390951151778754, 0.4623115280454315, -0.3779563818425539, -0.12172046423428237] - [0.14379967976538505, -0.04423421079944386, -0.20113467380626585, 0.1030586125086603]
B1: 9.798388872041383e-06 - 9.196024044753713e-05 - 0.00012559274695765868 - -4.003669577972013e-05
B2: 1.980054227531541e-06 - -2.7680094455190718e-05 - 8.508439625175576e-05 - 0.00012412346143868502
