Number: 759
Error: 1.7999864976482602e-13
A1: [-0.012154254420548235, -0.014518054006004878, 0.018086332192720312, 0.008582177711465803] - [0.06583597466657609, 0.18949597202088359, -0.14532180594469535, -0.11000773767812642] - [-0.09629429520353784, 0.4217849096694493, -0.0534586583692187, -0.2720371569421355] - [-0.0013200204921532646, -0.01821782176025286, -0.0038335355807430343, 0.02337845393520375]
A2: [0.1615863036619189, -0.1677551825593603, 0.008500925151594013, -0.0023334761511985443] - [0.03548569354833662, 0.2075166922774972, -0.11721045406812904, -0.1257920588766765] - [-0.08621371884974616, 0.5815379511768827, -0.23538889610806804, -0.2599357380105926] - [-0.0038353513422806134, -0.004519667465518062, 0.0011098767678446076, 0.007243025341481962]
B1: 9.056515500174835e-09 - -1.5594177641051615e-08 - -1.579456550170341e-07 - 5.1241162210398306e-08
B2: 4.735020428002683e-07 - -3.7740533634629487e-07 - 8.993820513555614e-07 - -1.0360077159386155e-06
