Number: 763
Error: 1.4488511576681483e-14
A1: [-0.01215315163478253, -0.014516921332189401, 0.018087551103437117, 0.008583356165669468] - [0.06583577479025735, 0.18949577974835619, -0.1453220125992842, -0.11000796022033564] - [-0.09629298872685245, 0.4217861723574455, -0.05345724068645719, -0.2720356348342885] - [-0.0013218843505110195, -0.018219614264914606, -0.0038355195960508353, 0.023376299629664213]
A2: [0.1615863397472984, -0.16775514715346695, 0.008500960509313838, -0.002333440972626504] - [0.035485636623909224, 0.2075166362677874, -0.11721051075410902, -0.1257921145634442] - [-0.08621379072637443, 0.581537880773777, -0.23538896604657733, -0.25993580810133565] - [-0.003835249123464489, -0.0045195669460275645, 0.001109977939547117, 0.007243123137879937]
B1: -3.0371160774746447e-08 - -1.6023640830325524e-07 - -1.9461908048440494e-07 - 5.58696556335933e-08
B2: -4.4022617110186985e-07 - 3.896970295470251e-07 - -9.174679854142047e-07 - 9.348282076972573e-07
