Number: 5054
Error: 8.490769141547203e-16
A1: [0.06621321331849807, -0.11395204877960324, -0.023983918668209068, 0.07172289973327134] - [0.037402589567088106, 0.18819334788018832, -0.14740896895837452, -0.07818703235900792] - [-0.06022939999881854, 0.328950772586963, -0.1277531377423685, -0.1409683501169781] - [0.03904617256197673, -0.0533226733249211, -0.03741857740509651, 0.051695133300130564]
A2: [-0.009108583521027076, -0.3468031936739982, 0.24945508252921159, 0.1064566717805204] - [0.08003983984607088, 0.036282272140546655, -0.05025009687194865, -0.06607194397650432] - [-0.042452801785305035, 0.230831910592638, -0.04053122660618567, -0.14784781942753808] - [0.06813477997188858, -0.2934678509005003, 0.14177124196051522, 0.0835618617916637]
B1: 1.702178599775814e-08 - 5.1644764325160054e-09 - 9.575876612784615e-09 - 1.2290845091286459e-08
B2: 1.6151056122671965e-08 - 1.9684242840274138e-08 - -7.364764278035072e-09 - 1.1653445098568941e-08
