Number: 8053
Error: 1.0468709064965413e-15
A1: [0.08043170089412173, -0.1804677945428531, -0.019588840783188097, 0.11962498794585275] - [0.03741559217243787, 0.133596398344429, -0.13472617404382348, -0.03628581292544759] - [-0.0017028101629476494, 0.2281901253564215, -0.12282837380831586, -0.10365890137697739] - [0.03886324099636162, -0.1144810120036161, -0.04641643483272209, 0.12203423451609233]
A2: [0.035307415264914786, -0.02927350367021823, -0.07569737637965668, 0.06966337865249274] - [0.10289368185108345, 0.2828966318614669, -0.39260646281283884, 0.006815923939744417] - [-0.011187002140066717, 0.5390146891216386, -0.3594509228747398, -0.16837636145644058] - [0.09786278677087003, 0.017463303801032382, -0.1688510225440561, 0.05352486511856047]
B1: -3.4381872029126434e-08 - 1.8219508150114718e-08 - 1.6355931209505697e-08 - 1.0119767555490094e-08
B2: 8.17232533433019e-09 - -1.0304947434988966e-08 - 2.4577054311207978e-09 - 5.577308308464087e-09
