Number: 7165
Error: 9.787243916438361e-16
A1: [0.08043171778238327, -0.18046777765649819, -0.019588823915113608, 0.11962500483218616] - [0.03741562330391724, 0.1335964294523472, -0.134726142974433, -0.036285781811235124] - [-0.0017028372722400842, 0.22819009824771577, -0.12282840087791082, -0.10365892847903548] - [0.03886327728647735, -0.11448097581533982, -0.046416398565735685, 0.12203427078365103]
A2: [0.035307484072200475, -0.029273434672625397, -0.07569731095852597, 0.06966345066674484] - [0.10289374775818506, 0.282896698327908, -0.3926063990683228, 0.006815992954050659] - [-0.011187193001605556, 0.5390144971217354, -0.35945110352952275, -0.16837656257370529] - [0.09786277359201861, 0.01746329056224537, -0.16885103508945917, 0.05352485128504774]
B1: 4.2489625971500854e-08 - -2.0663149744532837e-08 - -1.0285613689613301e-08 - 1.566308998891013e-08
B2: 1.102557145777004e-08 - 9.644576475806817e-09 - -2.1023687618792806e-08 - 2.146751053930352e-08
