Number: 8938
Error: 0.0003079458265133151
A1: [0.020000497429683038, -0.24675217488407566, -0.08009590679601843, 0.06374185003114392] - [-0.03538624238227993, 0.06522841220128339, -0.18782196905071888, -0.08823048998389668] - [-0.030154142890128917, 0.1954967695748177, -0.15626031304599694, -0.13422130683866093] - [-0.01931267693131053, -0.1862898309356616, -0.11625246447993987, 0.05648828748193232]
A2: [-0.03433921490327489, -0.08642254802795296, -0.15745946024103494, 0.008741598867452592] - [0.08751095929308292, 0.2639753429802093, -0.41350045060411794, 0.00285642951040066] - [-0.021209715646559678, 0.5097543527130615, -0.3662142211243619, -0.1654007916329673] - [0.09428358827103778, -0.0009020578040766156, -0.16915843280294546, 0.06515435158373943]
B1: -0.02603612820475768 - -0.03692580645974433 - -0.02186944056449339 - -0.02412529933466253
B2: -0.02966268566417612 - -0.02845126251892159 - 0.0023105120322276414 - -0.04267161551146542
