Number: 4447
Error: 8.383290017853862e-16
A1: [0.0662130900990234, -0.11395216924558701, -0.023984041791004194, 0.07172277672058869] - [0.03740266999806544, 0.18819342472651632, -0.1474088898885656, -0.0781869532822018] - [-0.06022937906550088, 0.32895079269228844, -0.12775311725827274, -0.14096832974319906] - [0.03904614401200672, -0.053322700423557745, -0.03741860502634385, 0.05169510590323004]
A2: [-0.009108557927950003, -0.3468031665237971, 0.249455108329425, 0.10645669861336719] - [0.08003973724347067, 0.03628216160815438, -0.05025020901080708, -0.06607205706748749] - [-0.0424528068396028, 0.23083190501440887, -0.04053123202267222, -0.1478478250173245] - [0.06813484167073323, -0.2934677829674172, 0.14177130884817665, 0.08356193096742695]
B1: 1.2118838554328433e-08 - -3.071987875675089e-08 - 1.8730143983270335e-09 - 2.272658234194667e-08
B2: -4.8053096690434705e-08 - 4.126497736977487e-08 - 1.4759867186531634e-08 - -7.278693444736933e-09
