Number: 1559
Error: 2.5427091661523804e-08
A1: [-0.0056996760453240656, -0.013492523524685199, 0.00454342040124822, 0.02098254949568731] - [0.06693499051491283, 0.18998849092763948, -0.14662325789646405, -0.1097419150998216] - [-0.11290062540486831, 0.44147590242035906, -0.0711183437338989, -0.2584411508921439] - [-0.023946974283954835, 0.01477634885589679, -0.030524477574931312, 0.0383018823719109]
A2: [0.13142641091587634, -0.2247861065963, 0.022509572248341977, 0.07000481289982553] - [0.032752056039322006, 0.20385323253600457, -0.11478282531036574, -0.12135402215375214] - [-0.09464824775603431, 0.555514139538586, -0.23522765458305464, -0.22566042627628358] - [-0.021126448742588354, -0.01957098542206753, 0.00782092921765313, 0.031894318572751816]
B1: -8.158234591686104e-05 - -7.962590375181938e-05 - 4.330547284701621e-06 - -7.739034271346087e-05
B2: -0.00028349537704473304 - -6.727776780231904e-05 - 0.00013795625106727147 - -0.00033701532020962604
