Number: 394
Error: 1.0285918970644304e-11
A1: [-0.012128226961251902, -0.014491318257801821, 0.01811510227644792, 0.008609992638068754] - [0.0658222792438745, 0.18948279766524928, -0.1453359659636808, -0.11002298626502993] - [-0.0963051341633922, 0.4217744351933169, -0.05347041810063713, -0.27204978445164285] - [-0.0013174322229996885, -0.018215331592017055, -0.003830778054422645, 0.023381445844433385]
A2: [0.1615787253237256, -0.1677626211400572, 0.008493498169604595, -0.0023408654354143362] - [0.03548447096821553, 0.2075154889766548, -0.11721167203727106, -0.12579325546805997] - [-0.0862244968983027, 0.5815273914979608, -0.2353993865980321, -0.25994625178917424] - [-0.003825347697431307, -0.004509831087116359, 0.0011197772233346153, 0.0072525951507599745]
B1: 5.872749860147388e-07 - -1.0653043619554665e-05 - -4.890510697569905e-06 - -3.923525333550447e-06
B2: -1.4265292399633684e-05 - -2.381941143466363e-05 - 7.359859843508777e-06 - 7.63955897000423e-06
