Number: 9067
Error: 0.00014116722262743107
A1: [0.04008394934930181, -0.16571387698178977, -0.04181510571518873, 0.10653585929368956] - [0.012169564308639498, 0.1347873487617938, -0.10966343078068566, -0.017996167746261026] - [-0.033325434601586594, 0.20913812151986186, -0.13863409742093397, -0.09534840265364865] - [0.030785914868800314, -0.0966879738101326, -0.04447021828384174, 0.125807318172528]
A2: [0.1630369452061419, 0.00019187174395004364, -0.0435125129734641, 0.18327467196269706] - [0.2679690917386541, 0.40586678950672256, -0.2526555158819682, 0.20519024731653324] - [0.07759835819338955, 0.5041603104897899, -0.34225389571723247, -0.08164825944033323] - [0.22992802265354279, 0.04110758582714882, -0.11988227703643255, 0.18973174811472363]
B1: 0.020367711479858663 - -0.02200363036670913 - 0.00888395201604046 - 0.0016812008103954945
B2: -0.014313673720514682 - -0.0047230357471263595 - -0.0006765728012592203 - -0.004378210326611752
