Number: 7002
Error: 9.2168022843253e-16
A1: [0.08043169316921268, -0.1804678022668804, -0.01958884849885202, 0.11962498022182769] - [0.03741558787779035, 0.1335963940530317, -0.134726178329973, -0.03628581721773815] - [-0.0017028090823145773, 0.2281901264370326, -0.12282837272927036, -0.10365890029663946] - [0.038863215580186634, -0.11448103734845665, -0.04641646023270326, 0.1220342091157136]
A2: [0.035307408801769156, -0.029273510151242448, -0.07569738252470216, 0.06966337188809224] - [0.10289370410795283, 0.28289665430721184, -0.392606441286262, 0.006815947245881558] - [-0.011187054451009407, 0.5390146364987223, -0.35945097238834667, -0.16837641657813435] - [0.09786279914474628, 0.01746331623120345, -0.16885101076490927, 0.053524878107086796]
B1: -6.840489421032576e-09 - -1.4466969397869561e-09 - 1.5612442209388877e-08 - -2.8326107531062845e-09
B2: 6.108188666258392e-09 - 1.8893727271875496e-10 - 7.458767312044009e-09 - -9.860766165044566e-09
