Number: 152
Error: 3.939704289951939e-05
A1: [-0.014330379548306514, -0.016561513836444483, 0.01627546212555648, 0.0067271628536426] - [0.07620287879884766, 0.19941825770291277, -0.1347854746695998, -0.09864658086424259] - [-0.09559474853482158, 0.42290780974795494, -0.05238711527692885, -0.2708118905230477] - [-0.0011190428242581242, -0.017700697656984163, -0.0028976417330420856, 0.024199591449031402]
A2: [0.16616442284404714, -0.16360765827144272, 0.013024124949012358, 0.001732555865074612] - [0.03290682743228784, 0.20482989571770033, -0.12007831032168807, -0.12864644828447416] - [-0.08032331152885157, 0.587387488563442, -0.22968319717988261, -0.2545533782396963] - [0.009363667815317687, 0.008598527368244908, 0.01407304579191741, 0.019616355574829856]
B1: 0.0029563507221400933 - 0.03889896738526456 - -0.0015124528243972682 - 0.0017533583263512115
B2: -0.011845108300117391 - 0.0709861479021927 - -0.009194511080754997 - -0.007919850888696815
