Number: 3190
Error: 0.0025221319148729555
A1: [0.11418874114885684, -0.001877483301810215, 0.025592636320019332, 0.05971847456899951] - [0.06796285138472924, 0.21415420036637137, -0.11922845696213666, -0.06827215061911251] - [-0.22737106761581397, 0.31094501833025023, -0.20767268352658824, -0.2862669790098746] - [-0.23148025242629353, -0.24598862554696616, -0.293770611914575, -0.276100907851925]
A2: [0.06288725328539033, -0.16737330123398983, 0.09180704159132731, 0.03431078697841532] - [0.06903664522900399, 0.24039606997727594, -0.06314822070245002, -0.09245685826100662] - [-0.05639798399583595, 0.5525924346718366, -0.19347291054413815, -0.17203763060619623] - [0.074403311570753, 0.12021465717371355, 0.039683486923172646, 0.12907182244231363]
B1: -0.02026217353410338 - -0.05285637936368419 - -0.036679773325701825 - -0.04476159112757351
B2: -0.01414988675359611 - 0.05289548340784812 - 0.007164529773904107 - 0.010640296870856193
