Number: 7934
Error: 9.216546721940725e-16
A1: [0.08043171348979859, -0.18046778194860857, -0.01958882820257298, 0.11962500054008912] - [0.03741556745624428, 0.1335963736469407, -0.13472619871078476, -0.03628583762795637] - [-0.0017028138261201778, 0.22819012169332545, -0.1228283774661254, -0.10365890503917287] - [0.03886324785203738, -0.11448100516718575, -0.04641642798141765, 0.12203424136750457]
A2: [0.03530757104105351, -0.029273347463227163, -0.07569722826946539, 0.06966354168888907] - [0.10289375343487202, 0.2828967040527804, -0.3926063935778844, 0.006815998898353909] - [-0.01118716041942561, 0.5390145298982505, -0.35945107268983467, -0.16837652824065888] - [0.09786283068883452, 0.0174633479187678, -0.1688509807369382, 0.05352491121806285]
B1: 3.155560887386658e-08 - 2.3061014151971047e-08 - -2.4033762087635007e-08 - 2.644222729156475e-09
B2: 1.2888977743682804e-08 - -3.3991192893428345e-09 - 1.5445512949175762e-08 - 6.456217573658844e-09
