Number: 8022
Error: 1.3053336606484334e-15
A1: [0.08043176420200766, -0.18046773124213825, -0.01958877755099491, 0.11962505124650909] - [0.03741552856480135, 0.1335963347849362, -0.13472623752472776, -0.03628587649785069] - [-0.0017027901103977268, 0.22819014540854404, -0.12282835378512533, -0.10365888132977874] - [0.038863304693940594, -0.11448094848479572, -0.04641637117572809, 0.12203429817408347]
A2: [0.03530742883005865, -0.029273490067544785, -0.07569736348206318, 0.06966339284986328] - [0.10289370668838241, 0.2828966569095554, -0.39260643879050966, 0.006815949947995467] - [-0.011187122054267388, 0.5390145684922195, -0.35945103637633025, -0.16837648781400938] - [0.09786277790752583, 0.01746329489737309, -0.16885103098139784, 0.05352485581494752]
B1: 1.9363012938084406e-09 - 1.1943078265785123e-08 - -1.6474371024742068e-09 - 3.6946652308437723e-09
B2: 3.1372430843450034e-08 - -3.692338029131403e-08 - 6.8559676202960045e-09 - 2.3034509479743874e-08
