Number: 2253
Error: 9.221663491824507e-05
A1: [0.06525566769989789, -0.038834651097715944, -0.016120800597819923, 0.01605063519937658] - [0.06924728980075237, 0.2072124734925524, -0.13478423329537906, -0.07919928945626549] - [-0.14944250514443638, 0.40159359774523096, -0.11486821036156981, -0.1978064696486297] - [0.02738477394729659, 0.024576911318688, -0.022900359152387844, -0.02361345530997617]
A2: [0.0936797867487461, -0.15478636302723428, 0.1188586272360806, 0.051395397373199626] - [0.036205181968216295, 0.2068406123801532, -0.09227600112079119, -0.12240120857354393] - [-0.06064514246864738, 0.5629081853938023, -0.18760081599698947, -0.1653842394741985] - [-0.0976495993322436, -0.033482769842802004, -0.11864952672621608, -0.0038240241844820135]
B1: 0.008759905844901262 - 0.029564478152642175 - -0.03743891082541542 - -0.013006196400164526
B2: 0.0014660769157304855 - 0.022875219795456092 - -0.0009040122115727325 - -0.0019167888900835043
