Number: 1799
Error: 2.768303970717354e-07
A1: [-0.010356991982857956, -0.018190923353741166, -0.0002628754321489158, 0.016173725956941755] - [0.06684352777250498, 0.18990669974362248, -0.1467203009675949, -0.10984257095589464] - [-0.11255330379508273, 0.4418386426262215, -0.0708013989585003, -0.2580579281950256] - [-0.0224605628637835, 0.01627343050467841, -0.02907248761437138, 0.039879933136973744]
A2: [0.13095176360428287, -0.22526842313303455, 0.022060983896016618, 0.06955475584470484] - [0.03254393762003566, 0.20365538496808133, -0.11499018748333074, -0.12155405903115399] - [-0.09364140802170956, 0.5565367663504523, -0.23415342482897455, -0.2245582951805919] - [-0.022275971672028362, -0.020737409755959328, 0.00667589258048606, 0.03077676947757991]
B1: 0.0004377153094070792 - 0.0003359410342703616 - 0.00014734459508882112 - 0.00011764244795176221
B2: -0.0004142647632928258 - -0.00033012611561128913 - 4.067427411588107e-05 - -8.502694713512747e-05
