Number: 1704
Error: 2.0073494922627265e-07
A1: [-0.010418698131602108, -0.018266570644922136, -0.0003616988098209053, 0.016121869929685416] - [0.066893510146963, 0.1899485058627289, -0.1466668169632157, -0.10978861260599332] - [-0.11381586799750272, 0.44055713202402086, -0.07208130228218965, -0.25943894005835916] - [-0.02610178885823474, 0.012642565768281449, -0.03272432863281601, 0.036016036604180325]
A2: [0.13121922234260552, -0.2249691190407108, 0.022309109879342894, 0.06980129085923305] - [0.03237106069784925, 0.20347940847111848, -0.11516218274766213, -0.12172440641688669] - [-0.09548675928876488, 0.5547095179351693, -0.23604230459747755, -0.22648494591463098] - [-0.021281769254374514, -0.01971118710760581, 0.007668212951908118, 0.03174500160571218]
B1: 3.9957090365784676e-05 - 4.6868564556295795e-05 - 0.0001323161460073153 - -2.2138280587228606e-05
B2: 0.00033077310495052345 - -0.0003079820141161867 - 0.0005562254771941488 - 0.0004973744176375823
