Number: 1027
Error: 0.0005172679523141899
A1: [-0.09778293466838861, -0.11412301940152891, -0.09381196795097313, -0.08556457378926653] - [0.0655553563121514, 0.18863431407549489, -0.14770009158929606, -0.11116678601375242] - [-0.3215143425119658, 0.20442380419630826, -0.31361143673802366, -0.5210935619321827] - [-0.16898675212625236, -0.15996059119280986, -0.18900855186892163, -0.14280638839851517]
A2: [0.250533902382805, -0.09534720218635179, 0.1055073656369345, 0.12916723922584758] - [0.06261952096607347, 0.23278945824741287, -0.08724827803107242, -0.09484493171716388] - [-0.14524728462299177, 0.5157530958496913, -0.280346685762572, -0.30122731237897443] - [-0.00719599373504938, -0.00860989713263491, 0.009259983727718668, 0.025347210960828252]
B1: 0.0005378524838477224 - -0.014507755957196403 - -0.04832330766266404 - -0.014036263639049444
B2: -0.05760623664216752 - 0.015085449126856474 - -0.037838440974541504 - 0.03333767156353316
