Number: 8467
Error: 8.441967730076451e-16
A1: [0.08043170001770537, -0.18046779541915572, -0.019588841658583257, 0.1196249870695333] - [0.03741567139084342, 0.1335964775028659, -0.1347260949832069, -0.03628573375089612] - [-0.0017027772474927359, 0.22819015827117445, -0.12282834094105784, -0.10365886847030074] - [0.03886321966613306, -0.11448103327394374, -0.04641645614935007, 0.12203421319914579]
A2: [0.03530736975255033, -0.029273549308423696, -0.07569741965234876, 0.06966333101900038] - [0.10289369796873904, 0.282896648115948, -0.3926064472240436, 0.006815940817293597] - [-0.011187188526641762, 0.5390145016233693, -0.35945109929406316, -0.16837655785807434] - [0.09786275351768287, 0.01746327039658768, -0.16885105419902122, 0.053524830213624155]
B1: 1.1648714353790062e-08 - 3.965465504056074e-08 - 3.2463590427446336e-08 - 2.0722975787785456e-08
B2: 2.777130797463718e-09 - 6.073820375830106e-08 - 1.792807339874073e-08 - -9.202021070071483e-09
