Number: 8941
Error: 0.000655192501158799
A1: [0.023608583984628867, -0.24195640537315127, -0.0761204567406252, 0.06796108248408339] - [-0.021779865038154655, 0.07984798564613409, -0.17331943806614336, -0.07386121626925761] - [-0.0225847483730963, 0.20380403399780248, -0.14904259425568867, -0.126462364214259] - [-0.03499037946861455, -0.2009199828870281, -0.1311487903465156, 0.04141380096601454]
A2: [0.11757166542930672, 0.065594793155234, -0.00957387382716104, 0.16551889434794803] - [0.16844641296896787, 0.3454699558347395, -0.33427943416782413, 0.08805347942238537] - [0.10765675648804135, 0.6381243733926056, -0.24039763919793927, -0.03212206341128332] - [0.20827453957622774, 0.11291571578340336, -0.05799934971299141, 0.18368074448650043]
B1: -0.029812019619547013 - -0.027906035699867878 - -0.007814514367333703 - -0.008883411894125951
B2: -0.003337413406342327 - 0.00191226636273525 - 0.005082918034380232 - 0.006133524049549635
