Number: 5242
Error: 1.4234309984266459e-15
A1: [0.06621321390878049, -0.11395204820251109, -0.023983918078411423, 0.07172290032253445] - [0.037402589859796415, 0.18819334815989308, -0.14740896867058637, -0.07818703207120221] - [-0.06022947954978022, 0.3289506961823346, -0.12775321558638666, -0.14096842754225467] - [0.039046204772004586, -0.05332264275225459, -0.03741854624292661, 0.05169516420925019]
A2: [-0.009108843462771958, -0.34680346943071305, 0.24945482048416112, 0.10645639924647594] - [0.08003994994120515, 0.03628239074439538, -0.05024997654437821, -0.06607182262725235] - [-0.042452857703148904, 0.23083184887840583, -0.04053128652990498, -0.1478478812703281] - [0.06813469924775974, -0.29346793978100094, 0.1417711544478585, 0.08356177128542341]
B1: -9.060020855887029e-08 - -5.0243030710550196e-08 - 5.919023338871097e-08 - 5.142526205365652e-08
B2: -2.3393919011984767e-08 - -2.5810545235672924e-08 - 1.7561611176178198e-08 - -1.2627767009706636e-08
