Number: 3087
Error: 2.624971623070685e-06
A1: [0.06245984607705076, -0.04886477110867095, -0.0244232823728955, 0.006874348457000554] - [0.041883356245785944, 0.1895549150697253, -0.14439348342683636, -0.09446412678963696] - [-0.12318918300327825, 0.4150989671618045, -0.10461243857182746, -0.18681117216439982] - [0.034778037452745436, 0.016902938904945368, -0.035383438784881885, -0.025291715074684983]
A2: [0.056534910335065816, -0.1805141644566156, 0.07941709110411822, 0.0171198949989822] - [0.03218759438391349, 0.20314729047145438, -0.09881633142150714, -0.1250341476657252] - [-0.09222863724075375, 0.5148477125451288, -0.22441499428281084, -0.1939505283493433] - [-0.030867485710572618, 0.013625160594114902, -0.05524747893148609, 0.05216569639943767]
B1: -0.0017310680647336608 - -0.00045805325294058074 - 0.0017135846068283955 - 0.0008981466540866562
B2: -0.0012499422082355427 - -0.00183123010165409 - -0.0005750821130804918 - -0.0014649117734359253
