Number: 8767
Error: 4.1355189209282356e-09
A1: [0.08043434461150918, -0.1804651476546061, -0.019586197094776974, 0.1196276325730628] - [0.037350522128359966, 0.13353138631251285, -0.13479111110073008, -0.036350844485516974] - [-0.0016887113399828603, 0.2282042256459564, -0.12281429294044048, -0.10364480554224258] - [0.0389025740921955, -0.1144417863525462, -0.04637712242451909, 0.12207354443699733]
A2: [0.03528329541497589, -0.029297697625636346, -0.07572030814184967, 0.06963813988869343] - [0.10281244015021965, 0.28281469301022233, -0.3926850364701932, 0.00673085509896032] - [-0.011224452602536645, 0.5389770097701801, -0.3594863700618811, -0.16841581981334935] - [0.0978106356730298, 0.017410908177704874, -0.1689006657018419, 0.053470128040998204]
B1: 2.7595299103534728e-05 - 2.4038448327491934e-05 - 5.989657504137937e-06 - 2.1654775062138323e-05
B2: -5.656777504137467e-05 - 2.7540669558762374e-05 - -9.73280048721773e-05 - -4.678467934705981e-05
