Number: 1335
Error: 5.7945368043544354e-09
A1: [-0.007126349067903625, -0.014931983613631036, 0.0030609914349554544, 0.01951756040760141] - [0.06672681995688738, 0.18978826035902832, -0.1468385021713197, -0.10997348378072354] - [-0.11190760902824672, 0.44245017920824864, -0.07008290753854161, -0.2573659418335885] - [-0.02352651453752794, 0.015189831525512258, -0.030094727927775625, 0.03874566931728652]
A2: [0.13184009193615956, -0.2243787326087708, 0.02291667435821523, 0.07040884536873634] - [0.03271420302539815, 0.2038160702418181, -0.1148207371722854, -0.12139100937004872] - [-0.09443486282962346, 0.5557251829782003, -0.23501749905736036, -0.22545039131231134] - [-0.020690979898671975, -0.019141572046056137, 0.008253655010849011, 0.03231268452606954]
B1: 5.1521640580511267e-05 - -6.304153921329672e-05 - 6.133330419664239e-06 - 5.6406714308891254e-05
B2: -3.618595735538053e-05 - 5.2538763344862944e-05 - -0.00012585731499730824 - 9.875489692593844e-05
