Number: 5790
Error: 2.3255145129224668e-05
A1: [0.08333155835661836, -0.17833769021563864, -0.017360310499790928, 0.1220272910932935] - [0.025613560542778076, 0.12039994574908217, -0.1481962778926165, -0.049264791742956865] - [0.004999015785294457, 0.23532400456047833, -0.11597346623804206, -0.0968651611857454] - [0.059745167868062096, -0.09288992286819737, -0.02432677860754079, 0.1436915057228149]
A2: [0.016505726445957183, -0.048444515969825984, -0.09272081824695111, 0.0509699949276585] - [0.1165608684017173, 0.29652269580903096, -0.37972108930610426, 0.02100162207237563] - [-0.021667493352180253, 0.5291658053656237, -0.36945187880281705, -0.1804737294462896] - [0.08825012106678587, 0.008140317943178946, -0.1778220251628436, 0.043023986840908975]
B1: -0.0005727519502900872 - -0.002455715619794509 - 0.0019286432314956224 - 0.001021433347085295
B2: -0.003066276425760521 - -0.001586095745261995 - -0.0070356800878805005 - -0.003949744349764131
