Number: 2486
Error: 9.274686163429418e-07
A1: [0.06330701814080562, -0.04802287535503537, -0.02358808957682749, 0.0077072505428231455] - [0.043865096125990835, 0.19146153130741067, -0.14236746169216402, -0.0922974161431577] - [-0.12202221271430494, 0.4162499130719487, -0.10345243322034937, -0.1856784496528827] - [0.03592603077324477, 0.018073131027073912, -0.03422325934286984, -0.02414714656591388]
A2: [0.061306046814418674, -0.17580126712441543, 0.08418373560525391, 0.021858210768140488] - [0.02952188298339904, 0.20052835527838325, -0.10147771607301243, -0.12764446224085393] - [-0.09373766127352832, 0.5133814309796554, -0.2259316971175828, -0.19540491667526386] - [-0.02765139137274641, 0.016817393075334315, -0.052013492515594284, 0.055310230543283045]
B1: -0.0007819071156223685 - -4.1290962483772565e-05 - -0.0001821141091990125 - -7.401905958660397e-05
B2: 0.0011872432872836358 - 0.0011217857325352032 - 0.00025369793588153275 - -1.063153678852193e-05
