Number: 3179
Error: 0.0003005208476334963
A1: [0.013390309385351944, -0.09871085496443154, -0.07331387755058112, -0.04184325937633189] - [0.03569629318150662, 0.18336507087094545, -0.15081844324208246, -0.10139297092112719] - [-0.13118414972000517, 0.4067884417138761, -0.1126295231935058, -0.19422535286626383] - [0.08861663684117398, 0.07012029687355889, 0.018210093656119176, 0.02951731771382051]
A2: [0.07697381768681313, -0.15977522385588147, 0.1004480429844841, 0.03803969235355169] - [0.04311602508380932, 0.21440225501315172, -0.08788488521142038, -0.11454845322305923] - [-0.06667968119536255, 0.5415660448713056, -0.19866933104600434, -0.1684883163973686] - [-0.006883034909909488, 0.0396936870369071, -0.031128903023340287, 0.07639261454090046]
B1: -0.021979634514101006 - -0.012956040299793008 - -0.0017933239955066627 - 0.011873257117690396
B2: 0.023982750002595234 - -0.004982566846451712 - 0.013523999355073391 - 0.011717575441613486
