Number: 3775
Error: 9.823161977430556e-16
A1: [0.06621323581082426, -0.11395202678994282, -0.0239838961935476, 0.0717229221878458] - [0.03740263837236558, 0.1881933945102931, -0.14740892097907468, -0.07818698437543745] - [-0.06022928343528428, 0.328950884539862, -0.1277530236801748, -0.1409682366684849] - [0.03904613653845748, -0.05332270751722784, -0.03741861225679332, 0.0516950987314804]
A2: [-0.009108527061286361, -0.34680313377906036, 0.24945513944588601, 0.1064567309754426] - [0.08003982259953799, 0.03628225356105171, -0.05025011572152838, -0.06607196298609276] - [-0.04245281231798619, 0.2308318989681346, -0.04053123789355588, -0.14784783107626018] - [0.06813477750696553, -0.2934678536144556, 0.14177123928855578, 0.0835618590280734]
B1: 1.952202412217143e-08 - 2.214785179821294e-08 - 3.232798066787013e-08 - 6.9695467799508195e-09
B2: -1.6005836902977416e-09 - 1.3874280860783502e-08 - -9.271085920369349e-09 - 4.9036770929949476e-08
