Number: 7278
Error: 1.0738128076606546e-15
A1: [0.08043168542026762, -0.18046781001494777, -0.019588856238531585, 0.11962497247376748] - [0.03741558854706242, 0.1335963947217999, -0.1347261776620305, -0.036285816548835136] - [-0.0017028210094853305, 0.22819011451011978, -0.122828384638972, -0.10365891222062275] - [0.038863232182076365, -0.11448102079315985, -0.04641644364139318, 0.12203422570728394]
A2: [0.03530746827142246, -0.029273450517106104, -0.0756973259817118, 0.06966343412951868] - [0.10289371131435238, 0.28289666157477483, -0.39260643431632586, 0.0068159547920432885] - [-0.011187121024206876, 0.5390145695284451, -0.35945103540133516, -0.16837648672862318] - [0.0978628087996733, 0.017463325930046226, -0.16885100157404598, 0.053524888241614665]
B1: 2.280388927939823e-09 - -1.9211650005972444e-08 - -1.5205196142983833e-08 - -3.0412256589902995e-09
B2: -8.390130532902303e-09 - -8.653692965171483e-09 - -8.520446406291185e-09 - -8.406141673145798e-09
