Number: 6725
Error: 1.209325176071165e-15
A1: [0.0804316706165541, -0.18046782481698556, -0.01958887102454766, 0.1196249576717439] - [0.037415578156738453, 0.13359638433933727, -0.1347261880316579, -0.03628582693340558] - [-0.0017028327786285976, 0.22819010274122478, -0.12282839639088844, -0.10365892398662876] - [0.03886321914885627, -0.11448103378980197, -0.04641645666630691, 0.12203421268216563]
A2: [0.03530742997975009, -0.02927348891468801, -0.07569736238894789, 0.069663394053143] - [0.10289375541982558, 0.2828967060545694, -0.39260639165808925, 0.006816000976903945] - [-0.01118712437426454, 0.5390145661584151, -0.3594510385722264, -0.16837649025869933] - [0.09786279025461359, 0.017463307300632506, -0.16885101922773774, 0.05352486877533883]
B1: -4.558099104153507e-09 - 1.5752894558889069e-09 - -1.0736631106112615e-08 - -6.950374312002985e-09
B2: -5.202375664629856e-09 - -3.303962076654543e-09 - -4.594784094665875e-09 - -3.3280380674438836e-09
