Number: 7619
Error: 1.1344602960558361e-15
A1: [0.0804317276284915, -0.1804677678115127, -0.01958881408078787, 0.11962501467716426] - [0.03741564037191297, 0.13359644650742092, -0.13472612594044575, -0.03628576475269679] - [-0.0017027791220375378, 0.22819015639666895, -0.12282834281286283, -0.10365887034435699] - [0.038863274558720504, -0.11448097853544792, -0.04641640129176043, 0.1220342680575842]
A2: [0.03530748249738487, -0.02927343625178837, -0.07569731245581784, 0.06966344901850316] - [0.10289376759524296, 0.28289671833332874, -0.3926063798821669, 0.006816013726339207] - [-0.011186960797998852, 0.5390147307103215, -0.3594508837436142, -0.16837631789280855] - [0.09786290488467647, 0.01746342245210461, -0.1688509101072636, 0.05352498909950432]
B1: 3.4252407522600074e-09 - -9.72638173490952e-09 - 1.1525278083406036e-08 - 4.435464114487778e-09
B2: -4.246870814675751e-09 - 1.0173994332485173e-09 - 3.2065318579187992e-09 - -3.2350857527046715e-09
