Number: 9981
Error: 1.2602178440010013e-15
A1: [0.05317249656870813, -0.14800132456699067, -0.02699910083315584, 0.12182776838473992] - [0.0053136880198451815, 0.13083666243817177, -0.11360077556452672, -0.022549795218066156] - [-0.014444536457234152, 0.22309156092700866, -0.12704123943001996, -0.0816059929009167] - [0.02714636701722666, -0.10002013111673497, -0.04942460167455754, 0.12229802708861036]
A2: [0.0892544697967022, -0.07291336183309025, -0.12362741249599322, 0.10728639167079934] - [0.10884175804367514, 0.24981421036114093, -0.4048452608678256, 0.04618950982487759] - [0.03663592954846489, 0.46255511704896796, -0.37771745238681986, -0.1214732699173686] - [0.14342653785788817, -0.04460651905407591, -0.2014994332893482, 0.10267996870434314]
B1: -3.055251392883354e-08 - 3.631367827995791e-08 - 2.2326525786431753e-08 - -1.3218323147220998e-08
B2: -6.7004288520082595e-09 - -2.877327854580785e-09 - -3.379808448516909e-09 - 3.4746798677661275e-09
