Number: 3824
Error: 1.0412150503001483e-15
A1: [0.06621318288375588, -0.11395207853425411, -0.023983949079074706, 0.0717228693496088] - [0.037402627001733364, 0.18819338364642677, -0.14740893215727593, -0.07818699555463032] - [-0.06022918665484601, 0.3289509774921037, -0.1277529289765637, -0.14096814247424583] - [0.03904605526407252, -0.05332278465978461, -0.03741869088702207, 0.05169502073970268]
A2: [-0.009108588801315322, -0.34680319927563263, 0.24945507720630256, 0.10645666624434531] - [0.0800397853663973, 0.03628221345028072, -0.050250156415248576, -0.06607200402535175] - [-0.04245284634984675, 0.23083186140842962, -0.040531274363463383, -0.14784786871425176] - [0.06813474400305305, -0.2934678905037583, 0.14177120296705073, 0.08356182146395655]
B1: -8.502538355334935e-10 - 2.7051543805152306e-08 - 3.15896646340369e-09 - 6.612848250472656e-09
B2: 1.9391136625677757e-10 - 4.427128838698491e-09 - -6.572942365840429e-09 - 3.977498511088616e-08
