Number: 5632
Error: 1.8702555097120612e-06
A1: [0.06478819054177512, -0.11534388231166291, -0.025407195665778055, 0.07030063183487117] - [0.037003908611386443, 0.18781210960023076, -0.1478010710337859, -0.0785801287935141] - [-0.06287918834049758, 0.32640805725652633, -0.1303437480872051, -0.14354373882137256] - [0.03716031296453894, -0.05511012086236835, -0.03924058455024935, 0.049889049096937685]
A2: [-0.011143646626264079, -0.348964386967441, 0.24740092275197642, 0.10432201367996276] - [0.07887754894711128, 0.035030484991787035, -0.05152145627377987, -0.06735363102214754] - [-0.04405851896767699, 0.22905900060428216, -0.042255733584265945, -0.14962613628410273] - [0.0680085879858163, -0.293606792841121, 0.1416295940932764, 0.08341710801271537]
B1: -0.0007596836527507412 - -0.0004492602250493514 - -0.0007186357291481995 - -0.0011893567775846357
B2: 0.0004726920424745441 - 0.0006879264176918406 - 0.0003604344519558074 - 0.00047563066987899114
