Number: 7991
Error: 9.641830995280125e-16
A1: [0.08043170325714027, -0.18046779218010586, -0.019588838422993315, 0.11962499030860127] - [0.03741555273645022, 0.1335963589382932, -0.1347262134012381, -0.03628585233959086] - [-0.0017028349257207605, 0.22819010059417527, -0.12282839853483318, -0.10365892613314243] - [0.0388632473144375, -0.114481005703274, -0.04641642851867064, 0.12203424083024135]
A2: [0.035307476679033056, -0.02927344208623041, -0.07569731798779872, 0.06966344292893216] - [0.10289367192178364, 0.2828966218478957, -0.39260647241633323, 0.006815913542323379] - [-0.01118715490606303, 0.5390145354444854, -0.35945106747131544, -0.16837652243104076] - [0.09786277826080862, 0.01746329525226585, -0.16885103064509402, 0.05352485618577916]
B1: 1.608405060650173e-08 - -7.868419530117669e-09 - -1.3939267947244549e-08 - 3.4524199018144835e-09
B2: -2.1329856125768035e-08 - 4.4956385204849276e-08 - 7.596433475189316e-11 - -1.5805207929668093e-08
