Number: 9186
Error: 1.5078449932145763e-07
A1: [0.05304199359412512, -0.14813356897503566, -0.027132441142129277, 0.1216984271581471] - [0.00453382786785349, 0.13006222721626917, -0.11438218682185965, -0.02332147269553522] - [-0.015260563235237778, 0.22228392280882514, -0.1278540551939555, -0.08241171341642625] - [0.028367412317185984, -0.09879855083499117, -0.048200662274349396, 0.12352577991204225]
A2: [0.0917767889392152, -0.07040358394915291, -0.12115549237391915, 0.1098470433249116] - [0.10661677203376214, 0.24758463908217138, -0.40702755792484374, 0.043928412939363136] - [0.03377203761110091, 0.4596994780769337, -0.3805114039378717, -0.12436437723853008] - [0.14295127447731845, -0.04507911167856753, -0.20196109014048977, 0.10219888421756697]
B1: -0.0002231489928790337 - -0.000556973284867346 - 0.0007771803466161198 - -0.0011514953569785426
B2: -0.00018737239801382632 - -7.650255445076871e-06 - -5.239027708376947e-05 - 0.0002692003830991218
