Number: 7799
Error: 1.1535439659416507e-15
A1: [0.08043167690867195, -0.18046781852558744, -0.019588864739947705, 0.11962496396314627] - [0.03741556667651, 0.133596372867792, -0.1347261994889943, -0.036285838407269726] - [-0.001702838771010881, 0.22819009674896834, -0.1228284023744924, -0.10365892997740603] - [0.03886322560993142, -0.11448102734686985, -0.04641645020934553, 0.1220342191392252]
A2: [0.0353074635599871, -0.029273455241555956, -0.07569733046125836, 0.06966342919847086] - [0.1028937263533197, 0.282896676741399, -0.39260641977082644, 0.006815970540042665] - [-0.011186994291454271, 0.5390146970170896, -0.35945091544588387, -0.1683763531860463] - [0.0978628688164348, 0.017463386219803742, -0.16885094444189822, 0.05352495123959892]
B1: -2.3625911113105465e-09 - -2.3702337905265907e-09 - 3.259666059979602e-08 - 1.50564240042522e-08
B2: 2.238277111411055e-08 - -2.4033327431960948e-08 - 1.8309851283709228e-08 - 1.9425789963187012e-08
