Number: 7862
Error: 7.796276371094048e-16
A1: [0.08043168181834494, -0.1804678136164733, -0.01958885983614855, 0.11962496887225638] - [0.03741565825781479, 0.133596464379776, -0.134726108090179, -0.036285746876703065] - [-0.0017028240989688805, 0.22819011142069495, -0.12282838772393341, -0.1036589153092805] - [0.03886323479052759, -0.11448101819204105, -0.046416441034604856, 0.12203422831411234]
A2: [0.035307429855847436, -0.029273489038909518, -0.07569736250676036, 0.06966339392347028] - [0.10289372618771278, 0.28289667657438444, -0.3926064199310002, 0.006815970366630277] - [-0.011187062172691865, 0.5390146287309785, -0.3594509796970292, -0.1683764247147898] - [0.09786281329380683, 0.0174633304446295, -0.16885099729590328, 0.053524892958979595]
B1: -3.699144036674494e-08 - -2.276990503492778e-08 - -4.944395605197797e-09 - -1.9016598826441717e-08
B2: -2.1723170498213652e-08 - -2.1296175186138945e-08 - -8.080295884957916e-09 - -2.689958326082117e-08
