Number: 2555
Error: 9.87988139287053e-09
A1: [0.06298673294684412, -0.0483127561623731, -0.02388495253969844, 0.007412496876240761] - [0.04425592318551001, 0.19184395881180857, -0.14195375755888118, -0.091860635048296] - [-0.12390845393081686, 0.414407852194354, -0.10531446113493668, -0.18752590017016052] - [0.036685446155129316, 0.01885699529413876, -0.033445044032102175, -0.023362779873162202]
A2: [0.06332000166151291, -0.1738142089988214, 0.08620817805214354, 0.023838962437958106] - [0.02967308586262244, 0.20067579756662282, -0.10132816500954119, -0.12749835277223306] - [-0.09294778331551154, 0.51413432321842, -0.22514668313729852, -0.19465085998864085] - [-0.02524429001136853, 0.01920243905646099, -0.04961266407858602, 0.05763971767353671]
B1: -0.0001644455139850016 - -7.139689168643703e-06 - 5.3662414791211695e-05 - 1.487100957361378e-05
B2: -2.6513442997029408e-05 - 0.0001316892922313268 - -9.074835342034799e-05 - -3.074021167246945e-05
