Number: 8143
Error: 1.259995262706866e-15
A1: [0.08043168010538855, -0.18046781532925346, -0.01958886154710402, 0.11962496715947019] - [0.03741559926733134, 0.13359640543398987, -0.13472616696300452, -0.036285805834444414] - [-0.0017028104972875405, 0.22819012502208327, -0.12282837414217652, -0.10365890171123376] - [0.03886322813018622, -0.11448102483369062, -0.04641644769071439, 0.1220342216579054]
A2: [0.03530753616021249, -0.02927338244050381, -0.07569726143372933, 0.06966350518232985] - [0.10289375111168969, 0.2828967017098773, -0.3926063958248346, 0.00681599646563943] - [-0.0111872022800154, 0.5390144877879536, -0.3594511123118963, -0.168376572350526] - [0.09786271538778019, 0.017463232093238048, -0.1688510904962562, 0.05352479018967914]
B1: 3.909942158720669e-08 - -6.387720410723611e-09 - -1.765497088992311e-08 - 1.3625764481242449e-08
B2: 5.031777143746126e-09 - 2.0186091651719315e-08 - 4.343278016979312e-09 - 1.028778110039456e-08
