Number: 4751
Error: 1.034277219751715e-15
A1: [0.06621320196472379, -0.11395205987969131, -0.023983930013098058, 0.07172288839852012] - [0.037402639517617506, 0.1881933956045278, -0.14740891985318533, -0.07818698324947457] - [-0.060229356307579245, 0.3289508145500581, -0.12775309498868467, -0.14096830759323956] - [0.03904613141464855, -0.05332271238049559, -0.03741861721386062, 0.05169509381460359]
A2: [-0.009108410331243804, -0.3468030099470116, 0.24945525712022376, 0.10645685336022837] - [0.08003988528651576, 0.03628232109288231, -0.05025004720819496, -0.06607189389103617] - [-0.04245281575114126, 0.23083189517909733, -0.040531241572515773, -0.14784783487317102] - [0.06813477571845684, -0.29346785558373273, 0.14177123734937633, 0.08356185702277574]
B1: -2.9749456736183417e-08 - 5.0159056662692694e-08 - 2.00852009779265e-08 - 1.4579997535298602e-08
B2: 5.725830780994099e-09 - -4.791153920800238e-09 - 1.0760856490303903e-08 - 3.03202234152135e-08
