Number: 2497
Error: 3.6556786175928667e-07
A1: [0.06074062696233555, -0.050565097648367426, -0.02612048396946764, 0.005170270866837134] - [0.04199913021654348, 0.18966414814296642, -0.14428399930765468, -0.09434578868651586] - [-0.12576858142190714, 0.41253086961075536, -0.1071997188654518, -0.1894112912609804] - [0.035040431285913984, 0.017194626977321853, -0.03509911873929775, -0.025015833107429757]
A2: [0.06481500389204733, -0.17230690864180967, 0.08769237081317645, 0.02531995638023091] - [0.028759751030190597, 0.199780397142459, -0.10223728537812767, -0.12839040400664742] - [-0.09467627771730655, 0.5124613968574662, -0.22687513864400224, -0.1963173185339839] - [-0.026014727615531686, 0.01845246229057594, -0.05037786558642994, 0.05689924823677375]
B1: 0.0012837629056682534 - 0.0004930516557162648 - 0.00019053931624937476 - 0.0003847942745923398
B2: 0.00014540577458979075 - -0.0004234564259272846 - 0.00028015425487440534 - 0.00021188355193127274
