Number: 7134
Error: 1.104113857679065e-15
A1: [0.0804316948166107, -0.18046780061966877, -0.019588846853424578, 0.11962498186903728] - [0.03741559937464179, 0.13359640554118354, -0.13472616685602806, -0.03628580572725468] - [-0.0017027535171388133, 0.22819018200102267, -0.1228283172454512, -0.10365884474629268] - [0.03886323006550115, -0.11448102290379307, -0.046416445756617804, 0.12203422359202565]
A2: [0.03530744176229826, -0.029273477099550464, -0.07569735118625216, 0.06966340638485648] - [0.10289373899208513, 0.28289668948740965, -0.3926064075467821, 0.006815983774664486] - [-0.011187121608502694, 0.5390145689406652, -0.3594510359543804, -0.16837648734432123] - [0.09786279858235568, 0.01746331566625427, -0.16885101130027008, 0.05352487751675997]
B1: 1.2138431099840613e-08 - -7.55188396085276e-09 - 4.2653525577542445e-09 - 9.615020430049571e-09
B2: -3.3758944020054714e-09 - -4.247825626524674e-09 - 4.418870370508941e-08 - -1.0095307009555953e-08
