Number: 2217
Error: 0.00015559399656886583
A1: [0.031193017537769634, -0.06484706568337112, -0.03535747216385323, 0.0033875238016493254] - [0.02723395138851051, 0.1619369133926243, -0.18226809051978013, -0.1350595649272053] - [-0.24063206566307965, 0.3098731200453735, -0.21080702669836562, -0.2978132050731365] - [-0.0019672157071852136, 0.002715156007942452, -0.04006857305152035, -0.03923674161000086]
A2: [0.010774949701726728, -0.278848639148614, 0.01219275269213077, -0.03673178805603476] - [0.07648373768181926, 0.2434012696213961, -0.05539331269034902, -0.08475876749649448] - [-0.1326106060639906, 0.4961682693551215, -0.2441339458032333, -0.23354274536432254] - [-0.0023406664302960123, 0.07705347701995158, -0.0002527066619687282, 0.09625164821992319]
B1: -0.01426810379508831 - -0.04575682033218728 - 0.017238232592878787 - 0.017992626225172843
B2: -0.013029579674561694 - 0.0236345153022638 - 0.01160239619237406 - -0.01643833771341729
