Number: 9011
Error: 0.0001474677873162888
A1: [0.17741644988920907, -0.04745459097678067, 0.09720881877427619, 0.23893303337656321] - [0.061728984569847045, 0.18449485839528793, -0.05979487056792359, 0.032027199498677966] - [0.07588677206116422, 0.32069442286241795, -0.013626731194063392, 0.015161363100110967] - [0.10151507052049408, -0.02681752788929089, 0.030124959970222007, 0.19701506850082545]
A2: [0.053954410731473605, -0.0904768942125797, -0.13873937913031506, 0.08906901703067921] - [0.09921329529140112, 0.2234130725016133, -0.4287614864416526, 0.01881055486752571] - [0.0009076453870384585, 0.440326633104962, -0.424860502888018, -0.15209029633029947] - [0.1111253368286383, -0.06858607315886998, -0.2315661754542295, 0.07575115768996213]
B1: -0.005812883688251827 - -0.01153463835314183 - -0.007448127973076052 - -0.010083541173189247
B2: 0.0030698240060196627 - -0.007449137496487261 - -0.01614599170383833 - -0.004465195546510169
