Number: 6371
Error: 9.538568792202006e-16
A1: [0.08043171332925135, -0.18046778210912445, -0.01958882836292129, 0.11962500037956368] - [0.0374156094170431, 0.13359641557598273, -0.13472615683363873, -0.03628579569041587] - [-0.0017027899664884768, 0.22819014555245473, -0.12282835364143296, -0.10365888118591472] - [0.03886324673872998, -0.11448100627735724, -0.046416429094012765, 0.12203424025489266]
A2: [0.03530756185873611, -0.029273356670941175, -0.07569723700015016, 0.06966353207886851] - [0.1028937634448692, 0.2828967141477231, -0.39260638389637403, 0.00681600938030066] - [-0.011187067958879984, 0.5390146229102984, -0.35945098517386465, -0.1683764308118095] - [0.09786286495535143, 0.017463382341161206, -0.16885094811750065, 0.053524947186829416]
B1: 2.5193283473308892e-08 - 2.7053973134167167e-10 - -1.1062641395041607e-08 - 1.1740175382393362e-08
B2: 1.375659526449668e-08 - 1.672084486386835e-08 - 1.2451927603605543e-08 - 6.736473078072369e-09
