Number: 7394
Error: 9.712249672519428e-16
A1: [0.08043169685472956, -0.1804677985817854, -0.019588844817749362, 0.1196249839069215] - [0.037415550930313846, 0.13359635713352078, -0.13472621520382697, -0.03628585414474636] - [-0.001702807460192912, 0.2281901280591177, -0.122828371109527, -0.10365889867494861] - [0.038863199760705736, -0.11448105312354774, -0.046416476042108204, 0.12203419330606192]
A2: [0.035307489605414986, -0.029273429124096927, -0.07569730569761338, 0.06966345645784873] - [0.10289376981810137, 0.2828967205750505, -0.3926063777322517, 0.006816016054001021] - [-0.011187078745309333, 0.5390146120595152, -0.3594509953834191, -0.16837644217789224] - [0.0978628262474834, 0.017463343457221746, -0.16885098496485232, 0.05352490655612782]
B1: -3.2413619965111113e-09 - -1.521475741210245e-08 - -1.6562996541295984e-08 - -1.1858310554800508e-08
B2: 8.572198447697908e-10 - -3.433725644844751e-08 - 5.073137936139901e-09 - -2.8352713092192138e-08
