Number: 5887
Error: 3.019690706720738e-08
A1: [0.08007079892454567, -0.1808291695769458, -0.019948879671174938, 0.11926431489650702] - [0.03639034583985333, 0.13257172979603082, -0.1357489883976308, -0.03731030890793934] - [-0.0019421422828894308, 0.22795080247791324, -0.1230670167649618, -0.10389800628189036] - [0.039210870731793725, -0.11413458848561006, -0.04606861034790216, 0.12238184944532934]
A2: [0.03570280404312819, -0.028877208296800672, -0.07532132722330637, 0.07007746020961227] - [0.10353516654616707, 0.2835425065075332, -0.3919866515472319, 0.007487846286546906] - [-0.009177338780013899, 0.5410355899103256, -0.35754832201809483, -0.16625766885984122] - [0.09886444044133308, 0.018469106436576545, -0.16789729960774682, 0.05457680615809705]
B1: 0.0001022522318073988 - -0.0003880146087077263 - 0.00023183211236765648 - 0.0001395399117139492
B2: -0.0004914934619338728 - -0.00013144895297585743 - 0.0005148102397088122 - -6.523587673701867e-05
