Number: 2240
Error: 0.0001170422853465218
A1: [0.04597124173864782, -0.05907279189118503, -0.03654740860890976, -0.006801483269153703] - [0.04362042348161495, 0.18093656952701648, -0.16213383433211784, -0.11164501684345397] - [-0.13149641701634582, 0.4152360808024304, -0.0995650363903059, -0.18957250074922272] - [0.010514859908396824, 0.007507384972112462, -0.039543430306315186, -0.04491307450314823]
A2: [-0.0036993504397026047, -0.2571744977198191, 0.01612242540643326, -0.04589428641845571] - [0.1205952877702388, 0.2898253078354919, -0.007699171006467458, -0.040366886431995555] - [-0.04561860537858928, 0.5763723447310856, -0.17013358772217008, -0.15239568481459523] - [-0.016156391008613633, 0.04452554341742496, -0.03674426771310328, 0.0767001530211142]
B1: -0.01573181858570829 - -0.021891084919385496 - -0.01246897725421085 - 0.025517949454356356
B2: -0.011931808162482925 - -0.016573665374445035 - -0.011438678616414741 - -0.01067815826616998
