Number: 7369
Error: 7.784300339861541e-16
A1: [0.08043166902427182, -0.18046782640908965, -0.019588872614926773, 0.11962495607964363] - [0.03741555882449183, 0.13359636502172398, -0.13472620732537874, -0.03628584625494104] - [-0.0017028423691421812, 0.22819009315091454, -0.12282840596736054, -0.10365893357458013] - [0.03886320534438666, -0.11448104755553581, -0.046416470461984216, 0.1220341988862735]
A2: [0.03530757840429331, -0.029273340079621502, -0.07569722126872463, 0.0696635493954538] - [0.10289376870105696, 0.2828967194485237, -0.3926063788126422, 0.006816014884290558] - [-0.011187082572509758, 0.5390146082094877, -0.35945099900594923, -0.16837644621074552] - [0.09786279051237114, 0.017463307559562952, -0.16885101898238236, 0.053524869045910584]
B1: 2.9906931501440294e-09 - -2.2360614886541313e-09 - -2.5096126084705027e-08 - 1.8141384022397854e-08
B2: 2.9159920774017977e-09 - -7.0972293526362926e-09 - -8.883686498288062e-10 - -6.570726224564962e-09
