Number: 3549
Error: 2.7029331600109176e-11
A1: [0.06622535366366701, -0.11394018008850212, -0.02397178848815481, 0.07173502016494074] - [0.03740711309690776, 0.18819766957327613, -0.14740452217165942, -0.0781825845356502] - [-0.060228258438553395, 0.3289518694208156, -0.12775201976383252, -0.14096723971828598] - [0.039057907739703045, -0.05331153488615695, -0.03740722455675081, 0.05170639469878739]
A2: [-0.009130448308365978, -0.3468263884882476, 0.2494330416579442, 0.10643374762994892] - [0.08003672365101955, 0.03627891542716536, -0.05025350261572011, -0.06607537883930868] - [-0.04243713272717762, 0.2308492042001521, -0.04051443545565977, -0.14783049050019542] - [0.0680741706591467, -0.2935345847196014, 0.14170553680584294, 0.08349390832825983]
B1: -4.220953261039826e-06 - -1.011815908836195e-05 - 6.876139852611886e-06 - -3.678365646203645e-06
B2: -1.036147301069561e-06 - 3.951423128791623e-06 - -2.872346411269981e-06 - -3.2978449237771256e-06
