Number: 2955
Error: 5.5244681050255554e-08
A1: [0.06248075639474519, -0.04882198499397273, -0.02438867949993564, 0.00690749191797067] - [0.04365182462174742, 0.19126133492356442, -0.14257440999084695, -0.09252182582417601] - [-0.12391013559310457, 0.41439947950862, -0.10532547359657543, -0.18753640796104143] - [0.03660168093397556, 0.01876618074146811, -0.03353475204885113, -0.023451087251958113]
A2: [0.06415556913677457, -0.17297584462449014, 0.08703578577369052, 0.024661820456253744] - [0.028921713508828776, 0.19993567794089373, -0.10207751651179456, -0.12823386849866927] - [-0.0934654303777715, 0.5136273186063258, -0.2256593393836878, -0.19514967212192189] - [-0.025923671902199876, 0.018522363966521422, -0.050283745204988586, 0.05698237965327332]
B1: -0.0003922517432504717 - -5.467977394898824e-05 - -0.00010532298146991086 - -0.00013188119157074883
B2: 0.00016781699107832327 - -0.0003913847742962949 - 0.00019203468116983663 - 7.425778855203197e-05
