Number: 9346
Error: 3.8901103618032234e-11
A1: [0.05319620057492576, -0.14797760870917906, -0.02697542096549141, 0.1218514865185013] - [0.005237522890132586, 0.13076041369549377, -0.11367693152849913, -0.022626071087844805] - [-0.014433619115193379, 0.22310248305249603, -0.12703032949520784, -0.08159506987471596] - [0.02714748628056117, -0.10001901014517339, -0.04942347836254919, 0.12229915141151818]
A2: [0.08928182861512746, -0.07288606788972744, -0.12360067299341035, 0.10731408812634546] - [0.10881047529659346, 0.24978292623218767, -0.40487592580323056, 0.046157703433297365] - [0.036649725489877494, 0.4625688412979932, -0.37770399419524464, -0.12145933052516744] - [0.14345384852259183, -0.044579309119169436, -0.20147276873326062, 0.10270768528645917]
B1: 2.5017043895885497e-05 - 4.910875599566959e-06 - -6.994085426385814e-07 - -1.3284903967453433e-05
B2: -9.41418816928654e-06 - 1.0848093846650666e-05 - 3.240508852774503e-05 - -1.6403928450279683e-05
