Number: 2940
Error: 1.8154116569322286e-08
A1: [0.06416710363502776, -0.04714095000701218, -0.02271694004833368, 0.008582311270555315] - [0.04423021213970469, 0.19182001539981275, -0.14197879934767707, -0.09188561000739387] - [-0.12345949943470988, 0.41484722745724656, -0.10487390479161914, -0.18708754740391928] - [0.036798308542596636, 0.018962229886550563, -0.03333864582746638, -0.023256612464182758]
A2: [0.06277948385884596, -0.17434618698185497, 0.08566065999701843, 0.023300763955410572] - [0.029490393679558795, 0.2004958392721194, -0.10151080455968023, -0.12767734867257544] - [-0.09267862555002351, 0.5143989284439265, -0.22487314200747868, -0.1943897330958507] - [-0.025569274248055822, 0.018874849978996067, -0.04992867458952089, 0.05732726894278599]
B1: -0.0003650584201434793 - 3.9762084818920255e-05 - 0.00022079351826809904 - -6.784605053414619e-06
B2: 4.071717562655679e-06 - -4.33330057300129e-05 - -0.0001912112924816525 - 9.384238390421393e-06
