Number: 2404
Error: 1.3279680831419544e-05
A1: [0.06473974320114717, -0.04746157290282607, -0.02317098997626995, 0.00872609874570877] - [0.04706990212343323, 0.19429604237545306, -0.13941629757685378, -0.08870556767057118] - [-0.12936222968646882, 0.40964555635557615, -0.11052759844812171, -0.19291109520155922] - [0.03699351829461487, 0.019619029449007, -0.0329587784552157, -0.022857286600349858]
A2: [0.037116296561993445, -0.19988822985383511, 0.06059177201513074, -0.001820306007899153] - [0.036013850538199145, 0.2069726966609834, -0.09504631486387972, -0.1213500519506672] - [-0.08463775184638828, 0.5229922961297409, -0.2159236779145966, -0.18574620654848611] - [-0.049663779370878465, -0.0051080524462655125, -0.07339921147643022, 0.033998745284437686]
B1: 0.006128167002538452 - 0.005182524719179 - -0.011038398048788802 - 0.0013244777300614183
B2: -0.00441694408341812 - -0.001762443688863857 - 0.0025753502525302004 - 0.0028223620565314862
