Number: 8126
Error: 9.496091624797008e-16
A1: [0.0804317292887816, -0.18046776615142757, -0.019588812422513424, 0.11962501633725026] - [0.03741553510072015, 0.13359634131593723, -0.13472623100177455, -0.036285869965519316] - [-0.0017028004185410857, 0.22819013510061523, -0.12282836407818587, -0.10365889163517637] - [0.03886323710060844, -0.11448101588844092, -0.046416438726005316, 0.12203423062275447]
A2: [0.035307365721064465, -0.02927355335104143, -0.07569742348539049, 0.0696633267995843] - [0.10289374137495925, 0.2828966918905129, -0.39260640524208057, 0.006815986269872228] - [-0.011187059183776122, 0.5390146317376672, -0.3594509768679457, -0.1683764215653014] - [0.09786279288680469, 0.017463309944763812, -0.16885101672208136, 0.053524871538287125]
B1: -2.3338146171685433e-08 - -2.734342536631706e-09 - 2.2255982323497508e-08 - 1.5371374933689886e-08
B2: 3.147774669257097e-08 - -3.90818157742671e-08 - 4.5946995953475335e-09 - 1.1985484447858864e-08
