Number: 1726
Error: 3.0648098133233755e-07
A1: [-0.007092342974257161, -0.014905718817357395, 0.0030960985478242775, 0.019538752472154947] - [0.06676264180936974, 0.18982331566588823, -0.14680215133425778, -0.10993400897637438] - [-0.11068746001772119, 0.44362468152811757, -0.0688222357937354, -0.2560493956131011] - [-0.020193230982510968, 0.01844758663931139, -0.02669698986020865, 0.042256667929789535]
A2: [0.13169733281422624, -0.2245000873635676, 0.02278290617231954, 0.07026730525925591] - [0.033660821225697454, 0.20474853499526247, -0.11387732774919573, -0.12046000631156585] - [-0.09589223099436603, 0.5543130838848943, -0.23644009102901695, -0.22688495249632767] - [-0.020668640313624736, -0.019107407436097838, 0.008280870575717771, 0.0323335273277498]
B1: 0.00014975022513904975 - 0.00076102800740574 - -8.002138525224156e-05 - 6.895809440132057e-05
B2: -5.079738260883849e-05 - -3.248422157948365e-05 - -5.970199068201787e-05 - -0.0005962348303473464
