Number: 4167
Error: 1.0894517217836244e-15
A1: [0.06621319091888235, -0.11395207067868769, -0.023983941050249293, 0.07172287737125407] - [0.03740262283154409, 0.18819337966210245, -0.14740893625687956, -0.07818699965460155] - [-0.06022944150477677, 0.32895073272285946, -0.12775317835761274, -0.14096839051397053] - [0.0390460766190307, -0.053322764390482655, -0.037418670226827704, 0.05169504123212918]
A2: [-0.009108549180832147, -0.34680315724448774, 0.24945511714734353, 0.10645670778428276] - [0.08003982168461084, 0.03628225257541231, -0.05025011672148998, -0.06607196399454891] - [-0.04245278958142852, 0.23083192406158837, -0.04053121352817342, -0.14784780593052071] - [0.0681347565634816, -0.2934678766741687, 0.1417712165837503, 0.0835618355465302]
B1: -3.0166885718126386e-08 - -2.071323568932019e-09 - 1.1307738342357623e-08 - -5.808058275006101e-09
B2: 4.77316844979278e-09 - 1.4099980056318578e-08 - -1.285668182248403e-08 - -3.616400655029318e-08
