Number: 5872
Error: 1.5710786596915217e-07
A1: [0.08134055581000098, -0.17956107490330742, -0.01868035814582142, 0.12053409569729469] - [0.03825880461131611, 0.1344379354190547, -0.13388460461562746, -0.03544297859880224] - [-0.001482896503980403, 0.22840924776086544, -0.12260808791040687, -0.10343869834742578] - [0.03928739204556293, -0.11405935139350545, -0.045991339599391966, 0.12245873268948092]
A2: [0.03713238627620871, -0.027444850568439226, -0.07396184322537887, 0.07157477453772702] - [0.1061887252300935, 0.28621532981348596, -0.38942133743202884, 0.010267734605594433] - [-0.008867742319186515, 0.5413467823991385, -0.3572539431865612, -0.16593011719611378] - [0.09980841554782148, 0.01941663197787397, -0.16699806356726463, 0.05556870197238616]
B1: 0.00029118785377371724 - -0.00085710675764633 - 0.0012408158279032797 - 0.0005713963337866062
B2: 6.536982117462366e-05 - 8.021436679046673e-05 - 0.00010615156840187927 - -0.0001412602893257137
