Number: 9727
Error: 3.297257350994836e-15
A1: [0.05317251029641826, -0.14800131083434584, -0.026999087120747098, 0.12182778211896271] - [0.0053135756179012025, 0.13083654991820934, -0.11360088794980562, -0.022549907778621894] - [-0.014444457586638194, 0.22309163982635616, -0.12704116062198187, -0.0816059140022734] - [0.027146392298266635, -0.10002010583554383, -0.04942457634008267, 0.12229805243402862]
A2: [0.08925462311047518, -0.07291320887408104, -0.12362726263654346, 0.10728654687520917] - [0.1088418757179592, 0.24981432805610926, -0.4048451455243199, 0.04618962947908393] - [0.03663582685337563, 0.46255501488831924, -0.3777175525813352, -0.12147337367751182] - [0.1434265920345123, -0.04460646507939763, -0.20149938039062187, 0.10268002368478146]
B1: 3.96861582203921e-08 - -4.14755296492932e-09 - -4.197732610220422e-08 - -8.767869989663665e-09
B2: -5.10323726935439e-08 - -4.0168142253248046e-08 - -3.14000539077901e-08 - -8.282015781756917e-08
