Number: 6015
Error: 8.492498286134893e-13
A1: [0.08043099319247302, -0.18046850217083754, -0.01958954764188027, 0.119624280323605] - [0.03741585387051768, 0.13359665981089824, -0.13472591292338074, -0.03628555140330605] - [-0.0016994536204355771, 0.22819348185215052, -0.12282502213781725, -0.10365554570710876] - [0.03886399196521636, -0.11448026313455924, -0.04641568432755646, 0.12203498502629848]
A2: [0.03531317307219035, -0.029267729957597154, -0.07569190189380115, 0.06966940484540281] - [0.10289752651638978, 0.2829005091594787, -0.3926027443187956, 0.00681994986587083] - [-0.011187266220982326, 0.5390144234917064, -0.35945117285035316, -0.16837663973300365] - [0.09786520336057287, 0.017465731390922317, -0.16884872209958807, 0.053527401758983593]
B1: 3.0947798739176596e-06 - -2.3779508881627384e-06 - 2.940337636073005e-07 - 1.5076130635871667e-06
B2: -4.7034036245811296e-07 - 5.753759842452094e-07 - 3.6667157954264906e-07 - 1.0020388814405387e-07
