Number: 9581
Error: 2.5083327955101097e-14
A1: [0.05317205073589556, -0.14800177056809935, -0.02699954617715699, 0.12182732233887941] - [0.005313952311142591, 0.13083692700036423, -0.11360051131842484, -0.022549530551252278] - [-0.014443985337241928, 0.22309211224592057, -0.12704068874868069, -0.08160544158352197] - [0.027146611998804585, -0.10001988614188989, -0.049424356180118714, 0.12229827268880869]
A2: [0.0892532805655929, -0.07291454831528615, -0.12362857493411437, 0.10728518777364972] - [0.1088419801851457, 0.24981443254065275, -0.40484504313017183, 0.04618973570146896] - [0.03663594652906783, 0.4625551339409819, -0.3777174358219236, -0.12147325276279766] - [0.14342614260850836, -0.04460691283719834, -0.20149981921989718, 0.10267956758971838]
B1: -1.0820009548294091e-07 - 3.844833324608378e-07 - 2.938508399206342e-07 - -2.1653501940428087e-07
B2: -1.727195000830652e-07 - 8.778075364624962e-08 - 2.3690039522155943e-07 - 2.8055290913311517e-07
