Number: 613
Error: 6.595507538937777e-14
A1: [-0.012152283745874628, -0.014516029923875441, 0.018088510385209373, 0.008584283605029677] - [0.06583507813206019, 0.18949510959261526, -0.14532273288329514, -0.11000873587991263] - [-0.09629250506324635, 0.42178663981428977, -0.053456715850555336, -0.2720350713430683] - [-0.0013210032102969169, -0.01821876685815585, -0.003834581646744731, 0.023377318080617136]
A2: [0.161586675260967, -0.16775481795438724, 0.008501289265292462, -0.0023331138940650585] - [0.035485633411685175, 0.20751663310720436, -0.11721051395306281, -0.1257921177062477] - [-0.08621353028682084, 0.5815381358790467, -0.2353887126231235, -0.25993555413432534] - [-0.0038350746959401644, -0.004519395415639448, 0.0011101505868684348, 0.0072432900174672615]
B1: -2.480969270025101e-07 - -2.0055407904935603e-07 - -2.594110568082747e-07 - -1.1846734003898308e-07
B2: -1.892946925517177e-07 - 8.20376461545024e-07 - -9.157651918642326e-07 - -1.787625436817681e-07
