Number: 3156
Error: 1.866044734550391e-05
A1: [0.06386009103609645, -0.047440132012454214, -0.0227250040283911, 0.008820734402351461] - [0.03708861620118867, 0.18492933144045923, -0.14928335015632307, -0.09974340597165457] - [-0.12369911826755957, 0.4147044667870565, -0.10466515736717283, -0.18659057641877058] - [0.04648013073760485, 0.028571023099329847, -0.023684319052412556, -0.013105520314405296]
A2: [0.05748581472763405, -0.17984844427989324, 0.08030485753291015, 0.01716056608981728] - [0.0251654049108981, 0.19617988755730406, -0.10582844304931066, -0.13201025801349658] - [-0.11308433980690484, 0.4945688348252778, -0.24529617904745277, -0.21390833232464937] - [-0.053015721763889835, -0.007958305883951924, -0.07730138700679198, 0.03105280178979172]
B1: -0.007295665200805566 - -0.0008127304418437054 - 0.006720643044775304 - 0.010051638958067738
B2: 0.0022595524276726358 - -0.0008341025382980704 - 0.0017232502259631154 - 0.005317077701334416
