Number: 2890
Error: 1.6893973622045768e-09
A1: [0.06342302171326562, -0.04788360656597893, -0.023454700419831914, 0.00784342214119035] - [0.04394080650010862, 0.19154010602766725, -0.1422770220322279, -0.0922051679879323] - [-0.12342680150497755, 0.4148780088447916, -0.10484192173505051, -0.18705674367183603] - [0.03690744441148239, 0.01906955060695052, -0.03323012177641678, -0.023149627228686773]
A2: [0.0645138950992375, -0.17261886216593936, 0.08739087339623981, 0.025014003566703025] - [0.02960748678016712, 0.20061163330640178, -0.10139381949282524, -0.12756245926134036] - [-0.09306918125293633, 0.5140167435308818, -0.2252645394761499, -0.1947680622218657] - [-0.025896214510734896, 0.018551217604748316, -0.05025639660719393, 0.05700754745066248]
B1: 0.00012073019135961785 - -7.876262426729529e-05 - -0.00032507325312441005 - 0.00015805569617304596
B2: -0.000150205760687236 - -6.56892087809377e-05 - -9.78324989080107e-06 - -1.451777464140338e-05
