Number: 9535
Error: 1.221237271529605e-13
A1: [0.05317203637569731, -0.1480017849404879, -0.026999560520921794, 0.12182730798672144] - [0.0053153312334103964, 0.1308383073460338, -0.11359913262578118, -0.022548149699895943] - [-0.014443246822018254, 0.2230928510196429, -0.12703995082909844, -0.0816047028147682] - [0.02714733460040901, -0.10001916354968908, -0.04942363206158657, 0.12229899711459992]
A2: [0.08925149117775422, -0.0729163335874364, -0.12363032402366862, 0.10728337629558765] - [0.10884141485946609, 0.24981386711623818, -0.4048455972643555, 0.04618916085278611] - [0.03663554793407901, 0.4625547374269338, -0.37771782471066795, -0.12147365549805894] - [0.14342598202187104, -0.04460707281747218, -0.2014999760102952, 0.10267940462513205]
B1: -2.9599260965774637e-07 - 1.523973199973547e-07 - -9.420620739656885e-08 - -4.2643037213252425e-07
B2: -1.4060271636352388e-06 - -3.2605482408096006e-07 - -1.5649405865574506e-07 - 9.479079502173028e-08
