Number: 360
Error: 1.6760398031243712e-10
A1: [-0.012059846400887461, -0.014421082945080694, 0.01819068443772163, 0.008683073629841312] - [0.06588006594528847, 0.18953838615925, -0.14527622068155516, -0.10995864643659453] - [-0.09625585261632855, 0.4218220661414137, -0.05341693885141223, -0.2719923714649875] - [-0.0012530755896414075, -0.018153439311097495, -0.0037622680030348285, 0.023455829118851048]
A2: [0.1615994471208125, -0.16774229412397834, 0.00851379971439388, -0.0023206688232149985] - [0.0354936603715466, 0.2075245292619573, -0.11720252246769254, -0.12578426604131882] - [-0.08620722917848886, 0.5815443035277919, -0.23538258713700996, -0.2599294192387079] - [-0.0038453908811001527, -0.004529538606426825, 0.0010999466796359524, 0.007233424858576926]
B1: -1.4975424841019823e-05 - 2.6480601557327277e-05 - -8.787518442800818e-06 - -3.670216286437728e-06
B2: -4.817839239584589e-05 - 2.1093647954963335e-05 - 4.484308182919459e-05 - 3.183415575691496e-05
