Number: 7036
Error: 9.309152535459434e-16
A1: [0.08043169844824502, -0.1804677969884461, -0.019588843226132573, 0.11962498550025683] - [0.03741559389063484, 0.13359640006132545, -0.13472617232910908, -0.036285811208224356] - [-0.0017028075973997486, 0.22819012792191556, -0.12282837124653047, -0.1036588988121212] - [0.038863229302566124, -0.11448102366458655, -0.04641644651906616, 0.12203422282956516]
A2: [0.03530747777984535, -0.029273440982383252, -0.07569731694121974, 0.0696634440811221] - [0.1028936872983431, 0.2828966373549379, -0.392606457544298, 0.006815929643766346] - [-0.011187150204452047, 0.5390145401741533, -0.35945106302107255, -0.16837651747686921] - [0.09786280218493397, 0.01746331928521988, -0.16885100787084711, 0.05352488129829395]
B1: 1.6449270410183653e-08 - -2.1078234396888425e-08 - -1.4675022370700864e-08 - 2.1802557301622174e-09
B2: -3.3114268380070928e-09 - -7.003918333002645e-09 - 4.396951109034168e-09 - -1.4016067365420025e-08
