Number: 6084
Error: 2.3563209692900664e-14
A1: [0.08043257769550517, -0.18046691784093385, -0.019587965030265882, 0.11962586464696719] - [0.03741662511903133, 0.13359743050897435, -0.13472514315561784, -0.03628478055127193] - [-0.0017019182347310384, 0.22819101726564245, -0.12282748318597445, -0.103658009686826] - [0.038863636469400005, -0.11448061764044917, -0.04641603961168086, 0.12203462974332088]
A2: [0.03530720794572865, -0.029273711562922147, -0.07569757349554034, 0.06966316167049968] - [0.10289386820640899, 0.2828968197983597, -0.39260628257221947, 0.006816119080995445] - [-0.011187250577938995, 0.5390144392019669, -0.35945115802635647, -0.16837662324389496] - [0.09786291926380158, 0.017463436896627164, -0.1688508964191742, 0.05352500419308891]
B1: 5.716493677081399e-08 - 7.209417597495931e-08 - 6.830851365447151e-08 - 5.3738254509103935e-08
B2: 4.799729594569164e-07 - 7.393986255134314e-07 - -7.600450731276901e-07 - -9.89536806256533e-08
