Number: 1424
Error: 5.647111780642494e-10
A1: [-0.0072143667638655895, -0.015020847085472999, 0.00296926079484582, 0.019427225163045937] - [0.06683850135779948, 0.1898957537128454, -0.14672295053809123, -0.10984925774470589] - [-0.11263929073646607, 0.4417323790538512, -0.07084570362000632, -0.258158235228334] - [-0.023543715999342664, 0.015172798164003996, -0.030112698501537076, 0.038727459768581086]
A2: [0.13177032339988548, -0.22444718838155062, 0.022847701114523913, 0.0703406291298308] - [0.032690121779602406, 0.20379241407857224, -0.11484459541386119, -0.1214145346386388] - [-0.0944878203538393, 0.5556727765691493, -0.23506975041470313, -0.22550249511991918] - [-0.020916336171148884, -0.01936350736353466, 0.008029830205691832, 0.03209620428597238]
B1: 4.189783316334605e-05 - -0.0001104295733666625 - 4.88516866894909e-05 - -9.038328053979115e-06
B2: 1.3190242061163073e-05 - 9.96560714244705e-06 - -8.43963399306214e-06 - 1.0385029411196656e-05
