Number: 1423
Error: 1.2268361533604404e-09
A1: [-0.007218444441354479, -0.015024960706619107, 0.00296502269702018, 0.01942303684762035] - [0.06684622906838422, 0.18990318943670004, -0.14671496350121127, -0.1098406597643891] - [-0.11264168603523324, 0.4417300324228804, -0.07084819892987239, -0.25816082872231166] - [-0.023561532487693132, 0.015155292606249407, -0.03013088028085575, 0.03870864798525291]
A2: [0.1318017300504891, -0.22441628110969955, 0.02287858405558584, 0.07037133247076681] - [0.03268362132943235, 0.20378601822580308, -0.11485106877690955, -0.12142089406221729] - [-0.09440871401807516, 0.5557506470852602, -0.23499199394646153, -0.22542474237622423] - [-0.020966435089935943, -0.01941291281633759, 0.007980138748779545, 0.032048063232988803]
B1: 6.172588560656879e-05 - -0.000113048350966823 - 6.13624885045988e-05 - -9.272358476435268e-06
B2: 2.555530317995761e-05 - 1.3209200200172124e-05 - 4.38778514523985e-06 - 2.1222684212542297e-05
