Number: 875
Error: 7.326382444849362e-09
A1: [-0.012240677949704014, -0.01460683994483265, 0.017990798294047924, 0.008489812654326655] - [0.06581493030969097, 0.18947572842140084, -0.1453435634411142, -0.11003116815768733] - [-0.096347659920184, 0.4217333197814226, -0.05351657036419079, -0.2720993369260444] - [-0.0012754045517974627, -0.01817492732240004, -0.0037860475779554806, 0.023430016437861564]
A2: [0.1615411636582115, -0.16779944901156058, 0.00845671039012744, -0.0023774505185917465] - [0.03548423437743575, 0.20751525916223781, -0.1172119051016323, -0.12579348304002047] - [-0.08624153690664833, 0.5815107219476846, -0.235415953035793, -0.25996284021029603] - [-0.0038613315589933477, -0.0045452018654362596, 0.0010841714549712556, 0.007218185476366879]
B1: -6.911883607898745e-05 - 1.2596706837252153e-05 - -4.927597455350417e-05 - -2.2402579937089135e-05
B2: 9.065981340988547e-05 - 5.358508429092229e-05 - 5.104116610510122e-05 - 4.47353522908746e-06
