Number: 8749
Error: 9.258892279174816e-10
A1: [0.08043108677927525, -0.18046840855958493, -0.019589454235268852, 0.1196243738734844] - [0.0374047121495637, 0.1335855265790175, -0.1347370323873152, -0.036296686933805306] - [-0.0016966180303631033, 0.22819631731012813, -0.12282219087777821, -0.10365271094001563] - [0.038866202813693254, -0.11447805850063006, -0.0464134750131113, 0.12203719445359247]
A2: [0.03528497540219543, -0.029296005459694484, -0.07571871205336729, 0.06963989292837894] - [0.10288389261677959, 0.2828867597052431, -0.3926159308632646, 0.006805673182930165] - [-0.011193039531527013, 0.5390086158637781, -0.3594566374980214, -0.16838272328521295] - [0.09784589216708699, 0.01744633248492152, -0.16886710522841958, 0.05350713129913073]
B1: 9.24450319154853e-07 - -5.908796592752253e-06 - -6.804324530975753e-06 - -1.230078125664663e-06
B2: 2.631477098268996e-05 - 3.6687299314315855e-05 - 2.2446256208810794e-05 - 2.4206797858699036e-05
