Number: 2828
Error: 2.5169375373079648e-08
A1: [0.06338467645176397, -0.04792184906901096, -0.023493062892887055, 0.007805777305777368] - [0.04365146584958526, 0.19126086698184463, -0.14257493510254118, -0.09252305077138367] - [-0.12359577307968347, 0.41471008837683726, -0.10501110196624765, -0.18722482744952107] - [0.03672142658531478, 0.018884144149918198, -0.033414870938522065, -0.023333156055148827]
A2: [0.06322566942301652, -0.17390051336971837, 0.08610782171882192, 0.02374416298119654] - [0.02918002221376808, 0.20019043429174319, -0.10181957587605976, -0.12798048858818828] - [-0.09321529878376816, 0.5138729185828828, -0.22541092459432188, -0.1949093773220925] - [-0.02593456445217809, 0.01851330996940628, -0.05029443817442813, 0.0569703380136]
B1: 8.750779573269787e-05 - 4.322009905044445e-05 - 0.00016331164712113364 - 0.00020188392314454554
B2: -3.4067926139816e-05 - 8.673971334423723e-05 - -4.301103638651995e-05 - -0.00010519063148647184
