Number: 7718
Error: 8.274375638363526e-16
A1: [0.08043163718849529, -0.180467858241267, -0.01958890441262975, 0.11962492424750673] - [0.03741561449574679, 0.13359642065083693, -0.13472615176504024, -0.03628579061452299] - [-0.0017028520400564826, 0.22819008348020497, -0.12282841562410912, -0.10365894324290999] - [0.03886318222272147, -0.11448107061232081, -0.046416493568907466, 0.12203417577898154]
A2: [0.03530736992467425, -0.029273549135853442, -0.07569741948862395, 0.06966333119906584] - [0.10289364712585493, 0.28289659684152074, -0.3926064963986384, 0.00681588757737146] - [-0.011187137500690471, 0.5390145529536943, -0.35945105099670366, -0.1683765040904379] - [0.09786276922256833, 0.01746328617292757, -0.16885103924891556, 0.05352484669857657]
B1: 4.979855146031545e-09 - -1.1349288244984524e-08 - -2.4298389293478578e-08 - -1.4255508776006507e-08
B2: -2.3639515549743067e-08 - 2.3561425249252443e-08 - -9.022976653471191e-09 - -2.3571467226540993e-08
