Number: 3019
Error: 1.563472383952037e-08
A1: [0.06280186154135654, -0.048501185857914006, -0.024069347734578667, 0.0072254422122183335] - [0.04430470095742511, 0.19189157624273373, -0.14190108446600525, -0.09180277201969748] - [-0.12258052510895899, 0.41572980543756305, -0.1039848990948023, -0.18619888704698667] - [0.03605777678288048, 0.01822122154469991, -0.03407984190875064, -0.023996399941455148]
A2: [0.06344296253029032, -0.17368661427697835, 0.08632932141301926, 0.0239573506865925] - [0.02921920439345543, 0.20022913451429844, -0.10178081587698064, -0.1279430732209805] - [-0.09275395278119147, 0.5143242509659467, -0.22494846611557268, -0.1944599344103764] - [-0.025415577133813816, 0.019023389545767096, -0.04978219054881001, 0.057476676186730455]
B1: 0.00027331462135991684 - -0.00022647442389229963 - -6.526495124291784e-06 - -0.0002950396316585294
B2: -0.00012752766609786106 - 1.788429656683315e-05 - 0.00011205976066876087 - 8.371631973276748e-05
