Number: 2945
Error: 3.780557689399515e-08
A1: [0.06380530684094023, -0.047501443138199845, -0.023075320970014867, 0.008223177949136788] - [0.044363244077928896, 0.19194845942978506, -0.141841671690017, -0.0917391877990088] - [-0.12387013252537699, 0.41443776767716817, -0.10528675204847897, -0.1874982957628044] - [0.03668527246185316, 0.018848968486714388, -0.033451896160161386, -0.02336899969256857]
A2: [0.06449423381526831, -0.1726399144812487, 0.08737009710366916, 0.024993627277739763] - [0.029217685112682554, 0.20022721123689394, -0.10178252802496619, -0.12794421560055827] - [-0.09371573357787719, 0.5133809475792663, -0.22591151377911498, -0.19539348250744473] - [-0.02599090083672307, 0.01845544378549682, -0.05035087234206391, 0.05691681328823313]
B1: 0.00035557782742367953 - -8.730338864760574e-05 - -0.00017956592137592414 - 6.755025669473612e-05
B2: 8.531728826522141e-05 - 2.197652605538507e-06 - -0.00021367088745166945 - -0.00011633846953255008
