Number: 9765
Error: 1.5893286075424088e-15
A1: [0.053172593047178196, -0.1480012280531441, -0.026999004461130044, 0.12182786490963879] - [0.00531372502965267, 0.13083669948674204, -0.1136007385604122, -0.022549758156135743] - [-0.014444460850445956, 0.22309163656140366, -0.12704116388317396, -0.08160591726721925] - [0.027146463419376873, -0.10002003471452901, -0.049424505068843674, 0.12229812373587723]
A2: [0.08925475610822933, -0.07291307618370879, -0.12362713263528448, 0.1072866815128535] - [0.10884185548545665, 0.24981430782007852, -0.4048451653560578, 0.04618960890614458] - [0.03663590681217793, 0.46255509443099163, -0.37771747456947513, -0.12147329288946462] - [0.14342658730078933, -0.04460646979539779, -0.20149938501265832, 0.10268001888080758]
B1: 6.037414058110743e-08 - 1.2362768017131142e-08 - -2.4806845731944905e-08 - 1.5319689572386734e-08
B2: 2.8921253101637246e-08 - 3.917053243107969e-08 - 6.161777304797221e-08 - 1.4526491480878845e-08
