Number: 4929
Error: 8.674546411496927e-16
A1: [0.06621317463452428, -0.11395208659913271, -0.02398395732182727, 0.07172286111421651] - [0.037402589916273925, 0.18819334821380784, -0.1474089686151049, -0.07818703201570555] - [-0.0602293194431257, 0.3289508499563818, -0.1277530589152536, -0.14096827171383558] - [0.039046201163887205, -0.053322646177070325, -0.037418549733714036, 0.051695160746832586]
A2: [-0.009108596969255221, -0.34680320794047503, 0.2494550689721822, 0.10645665768075807] - [0.08003983819119109, 0.0362822703577678, -0.050250098680637414, -0.06607194580054648] - [-0.042452803568389895, 0.23083190862472908, -0.04053122851698534, -0.1478478213995568] - [0.06813477926723638, -0.2934678516763513, 0.14177124119662443, 0.08356186100161571]
B1: 2.2913497108820344e-09 - -1.666335649483739e-08 - -7.3179401568715355e-09 - -1.2624680101594144e-09
B2: 1.30061217459332e-08 - 2.927651086331521e-08 - -2.5273682887455215e-08 - -3.028326883400201e-08
