Number: 8338
Error: 1.1027471842758526e-15
A1: [0.0804317142169064, -0.18046778122159762, -0.019588827476387502, 0.11962500126707509] - [0.0374155897504285, 0.13359639592429984, -0.13472617646090798, -0.03628581534602996] - [-0.0017027916089007568, 0.2281901439100686, -0.12282835528144269, -0.10365888282788298] - [0.0388632609958968, -0.11448099206021073, -0.046416414845957696, 0.12203425450317527]
A2: [0.03530721179112243, -0.029273707706702384, -0.07569756984037884, 0.06966316569557159] - [0.10289374657158917, 0.28289669713126775, -0.3926064002159522, 0.006815991711496489] - [-0.011187129702704548, 0.5390145607981376, -0.359451043615781, -0.16837649587340356] - [0.09786287178914056, 0.017463389205973626, -0.16885094161201342, 0.05352495435987875]
B1: -1.0769830788855322e-08 - 1.1434850400673763e-08 - 7.087454153937316e-09 - 8.046838609768577e-09
B2: 1.694387614895472e-08 - -1.0248862376885656e-08 - -1.7705627931489192e-09 - 1.8421576251266466e-08
