Number: 6513
Error: 7.270250245476387e-16
A1: [0.08043168537712743, -0.18046781005808393, -0.019588856281623646, 0.11962497243063136] - [0.037415580060128656, 0.13359638624128586, -0.13472618613205983, -0.036285825031069426] - [-0.0017028085233533024, 0.22819012699598523, -0.12282837217112795, -0.10365889973782742] - [0.03886321764175494, -0.11448103529267552, -0.046416458172447154, 0.12203421117600147]
A2: [0.035307441304335364, -0.029273477558780528, -0.07569735162167947, 0.06966340590555253] - [0.10289373310978285, 0.282896683555178, -0.39260641323606743, 0.006815977615023546] - [-0.011187098681998282, 0.5390145920039279, -0.3594510142539507, -0.16837646318584723] - [0.09786280093392136, 0.01746331802851765, -0.1688510090617316, 0.053524879985139336]
B1: -1.7068877641284529e-09 - 1.2064171692757478e-09 - -1.309155147128632e-09 - 9.759120340175004e-10
B2: 7.323201888166987e-10 - -5.005907054916084e-09 - 1.1673100509839138e-08 - -8.43284206492668e-09
