Number: 1443
Error: 8.333523220548788e-10
A1: [-0.007119608408046415, -0.014925247258139708, 0.003067772719613026, 0.019524511836094844] - [0.0667916951109528, 0.18985071403429765, -0.14677132481548238, -0.10990134245028779] - [-0.1124565066186401, 0.4419115562087056, -0.07065523646918703, -0.2579603439255013] - [-0.02367728246246762, 0.015041535449320197, -0.030249008261294803, 0.03858639552933889]
A2: [0.13158984216440273, -0.22462478725053214, 0.022670227561496666, 0.0701641979631567] - [0.03261333441880254, 0.2037168585846735, -0.11492106396057525, -0.12148965560273098] - [-0.09451752137440463, 0.5556435423059278, -0.23509894464163408, -0.22553166615928583] - [-0.021039438072930496, -0.019484892013768927, 0.007907728976008574, 0.03197789704612089]
B1: 2.8649536903744255e-05 - 3.192847531551142e-05 - -2.026609714959061e-05 - 1.5780538863663453e-05
B2: 1.4357189128849195e-05 - -4.204274156872879e-06 - -3.164179796458348e-05 - 7.485744888573054e-05
