Number: 264
Error: 1.8175389694602063e-08
A1: [-0.0143335628599873, -0.016756612914094353, 0.015677815774957436, 0.006253706357643942] - [0.06488193063597884, 0.18857818918534003, -0.14630811800574764, -0.11106978025417183] - [-0.09817693741224495, 0.41996608421909176, -0.05549923620067836, -0.27422966867908627] - [-0.002941782476754015, -0.019776668562707402, -0.005558291734405681, 0.02150467963379957]
A2: [0.16096342958854767, -0.16836588790938442, 0.007891231531639549, -0.0029404563901775575] - [0.03584793709719527, 0.20787323493005264, -0.11684967862719498, -0.125437689921649] - [-0.086196775732658, 0.5815546391452402, -0.23537381353783557, -0.2599198495025869] - [-0.004036378002515024, -0.00471715421766612, 0.0009108868631221011, 0.0070506406655443145]
B1: 8.493925488414993e-05 - 0.0002975408594709447 - -0.0002560810589099635 - 3.415806974559164e-05
B2: -2.109192731743144e-05 - 0.00040991815565194603 - -3.179558437864892e-05 - 3.2616071095539084e-06
