Number: 4970
Error: 8.350406435865207e-16
A1: [0.0662131692422593, -0.1139520918708995, -0.023983962709860123, 0.07172285573100125] - [0.03740262509780199, 0.18819338182738188, -0.1474089340289601, -0.07818699742650284] - [-0.06022940139750825, 0.3289507712436332, -0.12775313911102043, -0.14096835147827558] - [0.03904611918008022, -0.05332272399308837, -0.03741862905036034, 0.051695082074209246]
A2: [-0.00910849584377213, -0.34680310066235054, 0.24945517091585273, 0.10645676370514674] - [0.0800398388645488, 0.03628227108316689, -0.05025009794469717, -0.06607194505835859] - [-0.04245279562908598, 0.2308319173870145, -0.0405312200089275, -0.14784781261900679] - [0.06813479962721945, -0.2934678292591801, 0.14177126326876197, 0.0835618838288497]
B1: 4.316147849095219e-08 - 9.78331363482604e-09 - 5.553394368081849e-10 - 8.505741586012188e-09
B2: 1.1896379554033237e-08 - 4.499027769271506e-09 - 1.1144068411100897e-08 - 2.5066355213597336e-08
