Number: 506
Error: 1.116446804944765e-13
A1: [-0.012156617818379789, -0.014520481467087185, 0.018083719910372366, 0.008579652141687598] - [0.06583552371053315, 0.189495538219544, -0.14532227219486865, -0.1100082397737129] - [-0.09629383319096646, 0.42178535620634716, -0.05345815702593695, -0.272036618676626] - [-0.0013219291222618156, -0.018219657313110437, -0.003835567244783726, 0.02337624788314448]
A2: [0.16158674877233217, -0.1677547458246299, 0.008501361304102974, -0.0023330422107007754] - [0.03548550496648694, 0.2075165067275751, -0.1172106418590396, -0.12579224335563383] - [-0.08621424388598424, 0.5815374369049648, -0.23538940698495114, -0.2599362500009914] - [-0.003835021708261927, -0.0045193433109543026, 0.001110203031033029, 0.007243340713616002]
B1: 1.701983595153233e-07 - 5.248115240682885e-07 - 6.762983836999779e-09 - 4.349686761017122e-07
B2: 4.46741480967482e-07 - 4.866730174318644e-07 - 1.1133133246804197e-07 - 3.66370991441324e-07
