Number: 4999
Error: 1.2873614037190228e-15
A1: [0.06621325122455571, -0.11395201172060902, -0.02398388079189721, 0.0717229375757152] - [0.0374026364577562, 0.18819339268105326, -0.14740892286125018, -0.07818698625780557] - [-0.060229314915136, 0.32895085430526594, -0.12775305448443167, -0.1409682673068403] - [0.039046247229628406, -0.053322602453164086, -0.03741850516662466, 0.05169520495205813]
A2: [-0.009108736857572313, -0.3468033563397884, 0.24945492795207572, 0.10645651101574216] - [0.08003981613847652, 0.03628224660069769, -0.05025012278297398, -0.06607197010754097] - [-0.042452840106513, 0.23083186829909225, -0.04053126767260838, -0.1478478618092295] - [0.06813474102318855, -0.29346789378460214, 0.14177119973648053, 0.08356181812311199]
B1: -3.710911712980615e-08 - 5.434841324667635e-09 - 2.1092220746746326e-08 - 1.0697353988144818e-08
B2: 5.593307965450324e-09 - 1.9789601052059415e-08 - -1.2414752794725825e-08 - -3.0279180239544875e-08
