Number: 9737
Error: 1.6819000234987602e-15
A1: [0.053172477126211315, -0.14800134401671147, -0.026999120254328487, 0.12182774893278377] - [0.00531383855626647, 0.13083681313233195, -0.11360062505116572, -0.022549644469490236] - [-0.014444552396947467, 0.2230915449813572, -0.1270412553571946, -0.08160600884639815] - [0.027146443848698888, -0.10002005428516524, -0.04942452468082681, 0.12229810411547791]
A2: [0.08925424896729951, -0.07291358215201509, -0.12362762835000422, 0.10728616811878178] - [0.10884177690157096, 0.24981422922230867, -0.40484524238344993, 0.0461895290000667] - [0.03663595992186571, 0.46255514726439373, -0.37771742275306025, -0.12147323922892063] - [0.14342639753453307, -0.04460665885489869, -0.2014995703029859, 0.10267982629916217]
B1: 3.559263816448546e-08 - 1.1422154106646281e-08 - 9.844093844640394e-08 - 3.0690513553442236e-08
B2: 8.70466270972302e-09 - 3.3078795423559837e-08 - -5.367627501615397e-08 - 5.94171136838546e-08
