Number: 1436
Error: 2.9466053006244684e-10
A1: [-0.007176307470389633, -0.014982460839311597, 0.0030088310432298984, 0.019466281340891536] - [0.06676853033947801, 0.18982842574424463, -0.1467952708254252, -0.1099271088112962] - [-0.11258380504987904, 0.4417867551173316, -0.07078787865416411, -0.25809819535011397] - [-0.023444982400044608, 0.015269794528590789, -0.03001192991466905, 0.03883166950522118]
A2: [0.1316116690101404, -0.22460331379704648, 0.02269169199305, 0.07018552952579098] - [0.032674149170202865, 0.203776695642575, -0.11486050213016274, -0.1214301608523393] - [-0.09465284827361499, 0.5555103299728131, -0.2352319633786925, -0.22566468588619124] - [-0.0208564526597749, -0.019304450361544066, 0.008089227995263829, 0.03215374017000009]
B1: 8.568837714593518e-07 - 3.3596678700460885e-05 - -6.9305476381792925e-06 - 1.4574711421396204e-05
B2: 3.0223110359149816e-05 - -3.2963478011868555e-05 - 5.310174433001177e-05 - -1.708002435868918e-05
