Number: 1680
Error: 2.346420777875304e-07
A1: [-0.007787450546955171, -0.015603221646200071, 0.0023745120146703054, 0.018826878062829715] - [0.06766012597315287, 0.19068603342127366, -0.145874636538856, -0.10893540171037158] - [-0.11137528912048093, 0.4429578620738505, -0.06953481760705019, -0.2567987069934089] - [-0.024227521911924225, 0.014491932003432718, -0.0308095651704294, 0.03799543978260628]
A2: [0.1317812227381314, -0.22443503547728752, 0.022852208594761645, 0.07034272163765971] - [0.03280913988268543, 0.20390958936612927, -0.11472661980753965, -0.12129695357780579] - [-0.09483376831008485, 0.5553380326598856, -0.23540692495629006, -0.22584799948184223] - [-0.021100911385498237, -0.01955204863139146, 0.007841206770759435, 0.03191161905375058]
B1: -0.00038105124526016036 - -8.662493630770887e-05 - -0.0003936496154355758 - -0.0003995585555673794
B2: -0.00011875401877395645 - 0.0009385421496552965 - -0.00026144595190933533 - -2.2073584550377128e-05
