Number: 9796
Error: 8.111366233312711e-16
A1: [0.05317251088042263, -0.14800131025008173, -0.026999086537311482, 0.12182778270327069] - [0.005313730022959121, 0.1308367044852827, -0.11360073356784241, -0.022549753155777928] - [-0.014444515447201113, 0.22309158194468418, -0.1270412184366884, -0.08160597188344439] - [0.027146445677846905, -0.10002005245606624, -0.04942452284783873, 0.12229810594924488]
A2: [0.08925444446378696, -0.07291338710745458, -0.12362743725811849, 0.10728636602573016] - [0.10884167609104313, 0.24981412839403838, -0.40484534119722776, 0.046189426493380925] - [0.03663584449719816, 0.4625550324402362, -0.37771753536708047, -0.12147335585073242] - [0.14342655245959318, -0.044606504506782885, -0.201499419032051, 0.10267998352272736]
B1: 7.206064260667693e-08 - -2.730105206804807e-09 - -2.8301399917475683e-08 - -1.0703797247874252e-08
B2: 8.19369318623784e-09 - 1.240206496896953e-08 - -1.2130176487806309e-08 - 1.3697479394752433e-08
