Number: 8528
Error: 1.507316812210049e-15
A1: [0.08043170691150575, -0.18046778852612452, -0.019588834773013156, 0.11962499396255885] - [0.03741566243048359, 0.13359646854937476, -0.13472610392560064, -0.03628574270621411] - [-0.0017028230487234745, 0.2281901124709043, -0.12282838667523589, -0.10365891425931781] - [0.038863229278223034, -0.11448102368878811, -0.046416446543372535, 0.1220342228052925]
A2: [0.035307345997975685, -0.029273573128695576, -0.07569744223796712, 0.0696633061573011] - [0.10289368704304351, 0.2828966370975222, -0.3926064577912387, 0.0068159293765050226] - [-0.011187032417536494, 0.539014658663591, -0.359450951533042, -0.16837639336084653] - [0.09786279854589867, 0.017463315629601857, -0.1688510113349767, 0.053524877478475556]
B1: -1.6606427569350186e-08 - 2.2070211918909122e-08 - 1.0426728764401406e-10 - 2.7652771447107333e-08
B2: -3.2798079390512294e-08 - 4.393690812163558e-08 - -5.314287864876159e-08 - -2.5841677966551996e-08
