Number: 1162
Error: 1.2161324124577576e-07
A1: [-0.007292245212453237, -0.015075874731302565, 0.002897217447643124, 0.019339054730228247] - [0.06795806780372593, 0.19097037416993878, -0.14556618201971325, -0.10859908180911157] - [-0.1116585676813966, 0.44272513798116275, -0.06981094044295964, -0.25710015322413843] - [-0.0253799230380598, 0.013403656866403725, -0.03194430410008567, 0.03679028338946496]
A2: [0.13183086394706817, -0.224396872656509, 0.02291491794569209, 0.07041233892171327] - [0.033271449332429384, 0.2043709715662596, -0.11426321976588438, -0.12085095225693789] - [-0.09307427691137975, 0.5570548089732936, -0.23366854563569622, -0.2241202275301419] - [-0.020021136598963474, -0.018501275469764752, 0.008919572758222952, 0.03295886130175501]
B1: -0.00016695708326356837 - 0.0006385741223938453 - 0.0004752720089432409 - -0.0003667382124178237
B2: -0.0003575957197580926 - 0.001775483044060274 - -0.0009659129576395321 - -0.00023450840733200677
