Number: 5413
Error: 9.970490171733083e-16
A1: [0.06621316600349601, -0.1139520950372192, -0.023983965946048087, 0.07172285249770319] - [0.0374025278677097, 0.18819328893071, -0.14740902961351351, -0.07818709301951911] - [-0.06022936858272564, 0.32895080276020733, -0.1277531070002771, -0.140968319540144] - [0.039046131991161276, -0.053322711833123794, -0.0374186166558885, 0.051695094368016024]
A2: [-0.009108618930413611, -0.34680323123754814, 0.2494550468329465, 0.10645663465582485] - [0.08003979548976216, 0.03628222435619975, -0.05025014535049138, -0.06607199286696074] - [-0.0424529026695899, 0.23083179925089026, -0.040531334717832886, -0.14784793100128937] - [0.06813463933764623, -0.2934680057443134, 0.14177108949951697, 0.08356170411552923]
B1: 4.477415786231833e-08 - 4.007462703600559e-08 - -1.125280729368633e-08 - -2.5773556786277968e-08
B2: -7.2197245288251526e-09 - -1.6861256620704652e-08 - 1.0474198261862004e-07 - -1.3957252477016661e-08
