Number: 6806
Error: 8.86306509197656e-16
A1: [0.08043168235162337, -0.180467813083244, -0.01958885930351119, 0.11962496940547254] - [0.03741558059996109, 0.13359638678071176, -0.13472618559330413, -0.03628582449153656] - [-0.0017028404434565926, 0.22819009507656107, -0.12282840404449463, -0.10365893164941138] - [0.038863223015517756, -0.1144810299339908, -0.04641645280211007, 0.12203421654642364]
A2: [0.03530741056173545, -0.029273508386411212, -0.07569738085134656, 0.06966337373008097] - [0.10289365648598088, 0.282896606281061, -0.39260648734560605, 0.0068158973787017085] - [-0.011187093477500045, 0.5390145972394648, -0.35945100932777135, -0.16837645770169535] - [0.09786278233005215, 0.017463299340024083, -0.1688510267714071, 0.05352486045712741]
B1: -1.3507543237522674e-08 - -3.3076162953131384e-08 - -9.898323788249942e-10 - -1.0709057877600335e-08
B2: -1.166153294285158e-08 - -1.7779094676954717e-08 - -1.7147064022149338e-08 - -1.5977244122098165e-08
