Number: 4165
Error: 1.14887273071003e-15
A1: [0.06621319089921136, -0.1139520706979191, -0.02398394106990492, 0.07172287735161613] - [0.037402625409286676, 0.18819338212496034, -0.1474089337227613, -0.0781869971202589] - [-0.060229445778504344, 0.3289507286181802, -0.12775318253962967, -0.14096839467349487] - [0.039046061699075874, -0.05332277855194019, -0.03741868466138412, 0.05169502691477728]
A2: [-0.00910862725808128, -0.34680324007224783, 0.24945503843836747, 0.10645662592454985] - [0.08003982152720099, 0.036282252405836796, -0.05025011689352996, -0.06607196416804972] - [-0.04245275327091711, 0.2308319641361236, -0.04053117461639489, -0.14784776577246553] - [0.06813473832157071, -0.2934678967593095, 0.14177119680775827, 0.08356181509397613]
B1: -3.996581051492229e-08 - -3.4278808927444264e-09 - 2.450923385960738e-08 - -1.3688801321261226e-08
B2: 9.605400333085667e-09 - 1.9081654514554493e-08 - -1.6027267442640778e-08 - -3.8016654126597304e-08
