Number: 5751
Error: 0.0008028209125945914
A1: [0.032589906146628406, -0.2369212921263914, -0.07262533041178515, 0.06840214046302048] - [0.04565448145510537, 0.11847063987951376, -0.13901729175038519, -0.03625330158497117] - [-0.17330421631386625, 0.07444900262351979, -0.28900525645445624, -0.2715180455253536] - [-0.15606705279949, -0.28057111893600184, -0.2289324993379639, -0.06509614916594525]
A2: [0.034137889174482496, -0.031272557880471195, -0.05944257102283604, 0.06677549410635034] - [0.23373419054059527, 0.4202558437826903, -0.277267232364765, 0.12852621161182343] - [0.0247763641392101, 0.5790322674835571, -0.3197592055725719, -0.142495991162789] - [0.1188490088989608, 0.040827203086748476, -0.1397598496302212, 0.06696697212433908]
B1: 0.030647676588260165 - -0.016684260966259037 - 0.02594594714800714 - 0.03057467233080344
B2: 0.031565287865370176 - 0.05599379405979678 - -0.03095464814166072 - -0.049119214750918294
