Number: 1832
Error: 7.320099735604777e-08
A1: [-0.00796499035892016, -0.01575890286253879, 0.0022315292987394597, 0.018640290890755976] - [0.06690397009902707, 0.189964063564796, -0.1466580849814592, -0.10977532619833469] - [-0.11365122271159367, 0.44077138788423664, -0.0719418593363153, -0.25924125651620467] - [-0.02317092706283122, 0.015574810972007216, -0.02980493598033664, 0.03912900166259707]
A2: [0.13171209781972815, -0.2245409485019817, 0.022798235542287475, 0.07027873694698583] - [0.0334064421409791, 0.20451022356062343, -0.1141286756977368, -0.12070523966695478] - [-0.09215536703709891, 0.5579953639024869, -0.23269838325823922, -0.22309340367998937] - [-0.021177350296585226, -0.019660633032056684, 0.007763228692117997, 0.03182668334217805]
B1: 0.0003757989951096977 - 0.0008212545164795459 - -0.00041788258353814614 - 0.00029343796472909605
B2: 0.00021976064287336305 - 0.0001397324956333028 - 0.0003123390997706231 - -0.000157311341546581
