Number: 4470
Error: 1.0697216060776259e-15
A1: [0.06621319645884072, -0.11395206526254839, -0.023983935514655892, 0.07172288290190232] - [0.037402623238112186, 0.18819338005054784, -0.14740893585718567, -0.0781869992548856] - [-0.060229393335840514, 0.32895077898640446, -0.1277531312223907, -0.14096834363220268] - [0.03904615383178058, -0.05332269110299401, -0.037418595526038496, 0.051695115326393926]
A2: [-0.009108484964870336, -0.34680308912143354, 0.24945518188283242, 0.1064567751111299] - [0.08003981211055888, 0.036282242261446544, -0.05025012718535572, -0.06607197454724334] - [-0.0424528415452997, 0.23083186671107678, -0.040531269214648565, -0.14784786340048459] - [0.06813478943057022, -0.29346784048608904, 0.14177125221481693, 0.08356187239659092]
B1: -3.225479198053934e-08 - -6.5678603215507985e-09 - -7.82972224958151e-09 - 4.293251965446815e-09
B2: 1.717801658848391e-08 - 6.5807681254758824e-09 - -7.583033264823237e-08 - 4.1727653991253e-09
