Number: 2718
Error: 1.935358812457392e-09
A1: [0.063565650494511, -0.047742218039600125, -0.023314319879463887, 0.007985276390373887] - [0.043581884676979314, 0.19119345876947832, -0.14264679448847398, -0.09260013219332176] - [-0.1238478768286435, 0.4144606459805368, -0.10526032579206501, -0.1874720580956167] - [0.03688236120868705, 0.01904631981908916, -0.03325230602646697, -0.02317112547548938]
A2: [0.06312422498960521, -0.17400051077401446, 0.08601119380974774, 0.023646712757705777] - [0.029196868033092436, 0.20020690571495772, -0.10180270576151279, -0.12796415102446734] - [-0.09285549467005962, 0.5142266864534489, -0.22505085153137594, -0.19456078567655172] - [-0.025242063030110094, 0.01920297162197119, -0.04960388506652268, 0.05764451649180845]
B1: 3.775185977447362e-05 - 0.00013116494204058594 - 3.228214288191621e-05 - 2.1811418517758452e-05
B2: 0.0001215421995330133 - 1.5377244811362885e-05 - 0.00010021200341222886 - -7.22008866787747e-05
