Number: 7971
Error: 9.816252758984524e-16
A1: [0.08043169327237285, -0.18046780216374375, -0.019588848395823297, 0.11962498032497339] - [0.03741550262966782, 0.13359630886943372, -0.13472626340818533, -0.03628590241861837] - [-0.0017028182169648218, 0.22819011730257518, -0.12282838185054043, -0.1036589094288452] - [0.03886323116522391, -0.11448102180716857, -0.046416444657595424, 0.12203422469106368]
A2: [0.03530746821592723, -0.02927345057274314, -0.07569732603442354, 0.06966343407138702] - [0.10289374581384135, 0.2828966963670666, -0.39260640094885174, 0.006815990918028494] - [-0.01118713899259455, 0.539014551452869, -0.35945105240884895, -0.16837650566248924] - [0.09786280206748857, 0.01746331916723083, -0.1688510079826449, 0.053524881175007866]
B1: 6.722885697909736e-09 - -1.853280300734243e-08 - -2.0966890769199434e-08 - -1.2248680763843932e-08
B2: -1.7529857627807493e-09 - -3.7006668852602085e-08 - 9.286362203202225e-09 - -5.16828244713319e-09
