Number: 72
Error: 0.0006018970960789329
A1: [0.026108556662685512, 0.026328582093383932, 0.06145926437117592, 0.04850924544215456] - [0.11208981530896638, 0.2386760464513417, -0.10155885626267881, -0.07162396781515479] - [-0.07652050884610455, 0.4451001265104371, -0.03171385371640321, -0.2503742084571916] - [0.023057404590873604, 0.010618395572556543, 0.02234653723730426, 0.04791166731847109]
A2: [0.28907759097718577, -0.043663454953667566, 0.1325250257282612, 0.12092428597685874] - [0.11403421316385073, 0.2818186704865281, -0.044016239991393445, -0.05355000788678383] - [0.046899596648477586, 0.7133001621045513, -0.10611726339954246, -0.13059150519093263] - [0.2823076606582879, 0.2805249390482084, 0.28539634929369134, 0.28158024440406804]
B1: 0.01837977134435697 - 0.3678629473946992 - -0.012735167084639527 - -0.026612506291530565
B2: 0.01907486023121633 - 0.39670643184266635 - 0.016774813562404366 - 0.021016917697526505
