Number: 2803
Error: 7.771000431337698e-09
A1: [0.06340436492406902, -0.047902251669326615, -0.023473636449423827, 0.007825176828595229] - [0.04371564615956939, 0.1913228159824373, -0.14250890885523862, -0.09245271207862407] - [-0.12368436641059163, 0.4146224138067038, -0.10509949643792615, -0.1873123392487086] - [0.03674965468511989, 0.01891283796062806, -0.033386299496284765, -0.023304310537629984]
A2: [0.06297831756271231, -0.17414665159181753, 0.0858621325295621, 0.023500569560352364] - [0.029589211539097007, 0.20059356451573512, -0.10141187754149343, -0.12758007824167442] - [-0.09310749391990687, 0.513978774911618, -0.22530295627942476, -0.1948050657225068] - [-0.024860190498092617, 0.019582094087850558, -0.04921972627846098, 0.05801604421538379]
B1: 2.9446020173349945e-06 - 0.00021855081184196212 - 5.8367158400445625e-05 - -0.0002465176967371058
B2: 2.6897152746692597e-05 - 0.00010418906691220906 - -5.236628889502455e-05 - -4.461829200021857e-05
