Number: 6172
Error: 9.033976609882633e-16
A1: [0.08043160881295842, -0.1804678866135774, -0.01958893275424289, 0.11962489587520984] - [0.037415503184423236, 0.1335963094237688, -0.13472626285458805, -0.03628590186418671] - [-0.0017027975397038483, 0.22819013797940282, -0.12282836120356093, -0.10365888875710753] - [0.03886323519788329, -0.114481017785813, -0.046416440627506744, 0.12203422872122037]
A2: [0.035307385113370095, -0.02927353390516584, -0.07569740504729552, 0.06966334709557385] - [0.1028937468726453, 0.28289669743484813, -0.3926063999248098, 0.006815992026752953] - [-0.011187167929247425, 0.5390145223436463, -0.3594510797979367, -0.1683765361541559] - [0.09786277692418509, 0.017463293909567686, -0.16885103191743125, 0.05352485478271257]
B1: 1.5012038004033867e-08 - 1.180651817197374e-08 - 2.0440925769631894e-08 - 2.8545602620657463e-09
B2: -8.978444226286344e-09 - -2.154317988248026e-08 - 4.211859250475424e-08 - 4.1696501226393235e-08
