Number: 6231
Error: 9.054593614639153e-16
A1: [0.0804316630989493, -0.1804678323337348, -0.019588878533162515, 0.11962495015500044] - [0.037415576710515756, 0.13359638289421236, -0.13472618947499854, -0.03628582837882367] - [-0.0017028307232213253, 0.22819010479659332, -0.12282839433849259, -0.10365892193176834] - [0.03886322126124279, -0.11448103168334195, -0.046416454555266794, 0.12203421479324249]
A2: [0.03530743863404876, -0.029273480236455027, -0.07569735416054778, 0.06966340311080482] - [0.10289372680793457, 0.2828966771998446, -0.3926064193311306, 0.006815971016059235] - [-0.011187090377300405, 0.5390146003581622, -0.3594510063933772, -0.1683764544348992] - [0.09786279587299566, 0.017463312944570698, -0.1688510138793998, 0.053524874672807456]
B1: -8.211689818252251e-09 - -7.640114351575316e-09 - -1.162847599887194e-08 - -5.912494756578766e-09
B2: -1.0222716072809444e-08 - -1.652832708508436e-08 - -1.9204195578432357e-10 - -6.675665616979157e-09
