Number: 7937
Error: 8.485231079276022e-16
A1: [0.08043170806585316, -0.18046778737193975, -0.019588833620033098, 0.11962499511676315] - [0.037415588064186, 0.13359639423928565, -0.13472617814390397, -0.036285817031429954] - [-0.0017028149592157626, 0.22819012056025406, -0.12282837859756196, -0.10365890617196602] - [0.03886324851302457, -0.1144810045080535, -0.04641642732085166, 0.12203424202808096]
A2: [0.035307561390605674, -0.029273357140368033, -0.07569723744500144, 0.06966353158866183] - [0.10289376528989419, 0.2828967160084142, -0.3926063821118546, 0.006816011312282547] - [-0.01118714084696473, 0.5390145495874495, -0.3594510541640481, -0.16837650761650322] - [0.09786284020570639, 0.017463357478926533, -0.1688509716774807, 0.05352492120766665]
B1: 2.921561742731622e-08 - 2.4538134082688062e-08 - -1.8630465545962155e-08 - 4.352583661971118e-09
B2: 6.5398150977629404e-09 - 1.1591954760053318e-08 - 1.2917242783991147e-08 - 5.399679676874418e-09
