Number: 5393
Error: 7.284230849585699e-16
A1: [0.0662131997885955, -0.11395206200712106, -0.023983932187476492, 0.07172288622608312] - [0.037402676011145324, 0.18819343047179157, -0.1474088839771194, -0.07818694737024172] - [-0.06022930954579707, 0.32895085946202185, -0.127753049230236, -0.14096826208083968] - [0.03904613941529727, -0.05332270478642931, -0.0374186094732955, 0.05169510149228218]
A2: [-0.00910880618736049, -0.3468034298872554, 0.2494548580609989, 0.10645643832768555] - [0.0800398265171498, 0.03628225778151782, -0.05025011143944563, -0.06607195866789274] - [-0.04245291469832604, 0.23083178597528387, -0.040531347608180605, -0.1478479443045604] - [0.06813475287520616, -0.29346788073506747, 0.14177121258483422, 0.08356183141141671]
B1: 2.1201067424325755e-08 - -1.38068215905715e-07 - 1.8581852544557137e-08 - 1.4316907342622364e-08
B2: -4.400268410753745e-08 - -8.383504973915262e-09 - -7.192888384941555e-09 - -6.120385293792259e-08
