Number: 669
Error: 4.673440403187091e-14
A1: [-0.012152599979546, -0.014516354726645395, 0.0180881608499106, 0.008583945672503349] - [0.06583535716122269, 0.1894953780068104, -0.14532244439152622, -0.11000842520884282] - [-0.09629218823341108, 0.4217869460219293, -0.05345637205385892, -0.2720347022220684] - [-0.0013199926511930388, -0.018217794985615113, -0.0038335059407800607, 0.02337848611727586]
A2: [0.16158667923540063, -0.16775481405672768, 0.008501293155173999, -0.0023331100204233707] - [0.035485749690231244, 0.20751674751719043, -0.11721039816153296, -0.12579200395572218] - [-0.08621363724823945, 0.5815380311081907, -0.2353888167048193, -0.25993565843920063] - [-0.003834843249074922, -0.004519167818538512, 0.0011103796597088929, 0.0072435114490878505]
B1: -1.9923467471411347e-07 - 7.126684863008382e-08 - -1.192416554608434e-07 - -8.247845820869424e-08
B2: 2.777089854828678e-07 - 5.030632080896926e-07 - -3.770552173861003e-07 - -3.467947028317836e-07
