Number: 3355
Error: 6.025910475190549e-07
A1: [0.06575781385623371, -0.11440684524503886, -0.024457672579843687, 0.0712548741330241] - [0.039269456897441914, 0.18996501066668084, -0.14558518597313994, -0.07636146328031375] - [-0.06612286104950851, 0.3233802580395741, -0.133429186492996, -0.14663504405691397] - [0.04292721345921255, -0.04965367493835614, -0.03367619215228771, 0.055405308261137515]
A2: [-0.008974882378971302, -0.3466644236998452, 0.24969893008644284, 0.10660084676293458] - [0.08132320424723762, 0.037670503282481685, -0.04887822203151754, -0.06465961388282244] - [-0.04316930549884817, 0.23002975646835636, -0.04130764005642252, -0.14866004462819654] - [0.06774714389288058, -0.29389904815189516, 0.14137488061173561, 0.08311909502433418]
B1: -0.0005786832655258073 - 0.0011465934454975818 - 0.00010627617719282669 - -0.0001181781429250776
B2: -0.0006912407809595857 - 0.0015101878664429485 - -0.0006357493893443087 - 0.0010481089243603988
