Number: 570
Error: 3.9906423153327225e-14
A1: [-0.012152792968586526, -0.014516552946842346, 0.01808794754073851, 0.008583739442641786] - [0.06583546360270402, 0.18949548039906117, -0.14532233434032954, -0.11000830669696288] - [-0.09629319501705239, 0.42178597298601284, -0.05345746453123871, -0.2720358751728155] - [-0.0013214795331300663, -0.018219224944993638, -0.0038350886764747963, 0.02337676753246301]
A2: [0.16158694160482276, -0.16775455662725583, 0.00850155023850699, -0.002332854245672948] - [0.03548576149513839, 0.20751675913251988, -0.11721038640611146, -0.1257919924074644] - [-0.0862137613897852, 0.5815379095140257, -0.2353889374956721, -0.25993577949483276] - [-0.003834766670669478, -0.004519092511600508, 0.0011104554574651421, 0.007243584714427863]
B1: -1.5724613292910626e-07 - -2.2049315601072402e-07 - -5.310694416733745e-08 - -2.2952368415014173e-08
B2: -1.255733652965735e-07 - 2.884717608514586e-07 - 1.577958200590088e-07 - -5.314561155911913e-09
