Number: 8434
Error: 1.0755540867780583e-15
A1: [0.08043168157579661, -0.18046781385897973, -0.019588860078444213, 0.11962496862972843] - [0.03741559472205597, 0.1335964008921129, -0.13472617149922547, -0.03628581037721031] - [-0.0017028207419280492, 0.22819011477766685, -0.1228283843718109, -0.10365891195312851] - [0.038863221731481705, -0.11448103121439762, -0.04641645408532245, 0.12203421526320705]
A2: [0.035307404227330176, -0.029273514738293246, -0.07569738687408163, 0.06966336710050738] - [0.10289375261259431, 0.28289670322354876, -0.3926063943731619, 0.006815998037301724] - [-0.01118709189017486, 0.5390145988361967, -0.3594510078253145, -0.16837645602911347] - [0.09786281951289869, 0.01746333669197484, -0.16885099137570614, 0.053524899486955005]
B1: -5.242923201595127e-09 - 3.857773925881454e-09 - 4.810078104798898e-09 - 1.2601220636669819e-08
B2: -1.5503945515713564e-09 - 1.337908120973088e-08 - 1.832507700930896e-09 - -2.5803312862537847e-09
