Number: 9579
Error: 7.630902970659555e-15
A1: [0.053172438000553095, -0.1480013831614989, -0.02699915933966317, 0.12182770979064983] - [0.005314293214823444, 0.1308372682608827, -0.11360017046683533, -0.02254918916652738] - [-0.014444065384094203, 0.22309203216959447, -0.12704076873227185, -0.08160552165889337] - [0.02714635553213289, -0.1000201426081194, -0.04942461318777152, 0.12229801557032789]
A2: [0.0892539316297803, -0.07291389875700571, -0.12362793853945685, 0.10728584686494806] - [0.10884275998439756, 0.2498152124775349, -0.4048442787767887, 0.046190528620637175] - [0.03663630702697527, 0.46255549256287026, -0.37771708410275023, -0.12147288852656808] - [0.1434253110026316, -0.04460774134637044, -0.20150063121129771, 0.10267872364555719]
B1: -6.408286498628836e-08 - 6.126078691925418e-08 - 1.9964366307271291e-07 - 2.3342628860407266e-07
B2: -1.5707227665509593e-07 - -1.0160053726972527e-07 - 1.554576176948546e-07 - 2.8790683849249985e-07
