Number: 3686
Error: 1.4070125637354717e-14
A1: [0.06621364846739293, -0.11395162335460213, -0.023983483860681675, 0.07172333415183467] - [0.03740284829555881, 0.18819359507719655, -0.14740871460872543, -0.07818677798659787] - [-0.060228742635847606, 0.3289514039475068, -0.12775249448607723, -0.14096771032057734] - [0.03904650356357832, -0.05332235915207969, -0.03741825717253572, 0.05169545093289176]
A2: [-0.009108618533236933, -0.34680323081745534, 0.24945504723344453, 0.10645663507085781] - [0.08003987350716718, 0.03628230840354979, -0.05025006008232364, -0.06607190687387238] - [-0.04245201888914336, 0.2308327746462534, -0.04053038762292269, -0.14784695357319635] - [0.0681350481924919, -0.29346755557839904, 0.14177153273788878, 0.08356216251575715]
B1: 2.4363233423197615e-08 - 7.790219905176703e-09 - -2.1191028287894096e-07 - -6.616152060697391e-08
B2: -1.0163399739513376e-07 - -1.689542889948036e-07 - 5.6350069715845884e-08 - -8.72527281151285e-08
