Number: 4035
Error: 9.844073415428684e-16
A1: [0.06621321749563298, -0.11395204469584345, -0.023983914494352675, 0.0717229039033999] - [0.03740259785504542, 0.1881933557987565, -0.14740896081069496, -0.07818702421058256] - [-0.06022932622109715, 0.3289508434464538, -0.12775306554781418, -0.1409682783109372] - [0.03904621066545645, -0.05332263715869691, -0.03741854054140477, 0.05169516986452975]
A2: [-0.009108634764932129, -0.3468032480358603, 0.24945503087078125, 0.10645661805400831] - [0.08003984769162543, 0.036282280592419835, -0.05025008829730065, -0.06607193532900459] - [-0.0424529415830505, 0.2308317563031135, -0.04053137641915126, -0.14784797403862884] - [0.06813481685083055, -0.29346781029515234, 0.14177128194107141, 0.08356190313981045]
B1: 3.741556073046391e-08 - 1.2696169744699694e-09 - -2.9651232624679268e-08 - 3.1051167332282265e-08
B2: 9.857569253020417e-09 - -2.5410026510435994e-09 - 5.4699615924027445e-09 - 1.1365653298530409e-08
