Number: 7456
Error: 1.2067245580541071e-15
A1: [0.08043172910402444, -0.1804677663361455, -0.01958881260701804, 0.11962501615253054] - [0.037415635110492645, 0.13359644124998346, -0.1347261311913836, -0.036285770011202145] - [-0.001702779397043713, 0.22819015612167082, -0.1228283430874633, -0.10365887061928654] - [0.0388632761257601, -0.11448097697280492, -0.04641639972571898, 0.12203426962365127]
A2: [0.035307348375603606, -0.029273570744526217, -0.07569743997719339, 0.06966330864561175] - [0.10289376799312379, 0.28289671873458627, -0.39260637949734434, 0.00681601414298316] - [-0.01118698966714934, 0.5390147016689854, -0.3594509110689438, -0.16837634831318435] - [0.09786283850817294, 0.01746335577368231, -0.16885097329345858, 0.053524919425851344]
B1: -4.298597560554882e-08 - 4.26807018452833e-09 - 2.560048108676119e-08 - 3.277813609648387e-09
B2: 3.6471910464881113e-09 - 4.494673720781889e-09 - 8.343566360962808e-09 - 4.126911097054107e-09
