Number: 7896
Error: 7.491946009637712e-16
A1: [0.08043167312498183, -0.18046782230885244, -0.019588868519119486, 0.11962496017988497] - [0.03741560516450717, 0.13359641132665379, -0.13472616107768773, -0.0362857999405957] - [-0.0017028264420208437, 0.228190109077693, -0.12282839006355518, -0.1036589176517073] - [0.03886322701034509, -0.11448102595038984, -0.046416448809831076, 0.1220342205387647]
A2: [0.03530749448114977, -0.02927342423486827, -0.07569730106175682, 0.06966346156076682] - [0.10289372289663584, 0.28289667325537565, -0.39260642311408717, 0.006815966920393061] - [-0.011187229821004974, 0.5390144600827353, -0.3594511383800235, -0.16837660137142987] - [0.09786276060364776, 0.017463277514804015, -0.16885104745358406, 0.05352483765153289]
B1: 3.852813744922671e-08 - 1.9989479534863648e-08 - -3.192481428339616e-08 - 5.4032686598430565e-09
B2: -1.940943226864984e-09 - 1.5515206683016505e-08 - 3.1704028598998607e-09 - 2.5240670366902254e-09
