Number: 5457
Error: 1.703977750574273e-14
A1: [0.06621327611096549, -0.11395198739040248, -0.023983855925206417, 0.07172296242022559] - [0.03740254085194653, 0.18819330133619258, -0.1474090168491083, -0.07818708025395354] - [-0.060229010747552325, 0.3289511464410237, -0.12775275684435283, -0.14096797126708602] - [0.039046346579927574, -0.05332250815333327, -0.03741840904839211, 0.051695300289941265]
A2: [-0.009108167795198102, -0.3468027526552198, 0.2494555016177068, 0.10645710764525616] - [0.08003931615353507, 0.03628170797449956, -0.05025066923670983, -0.06607252120162305] - [-0.04245283619166329, 0.23083187261967658, -0.04053126347774476, -0.14784785747960566] - [0.06813456772506646, -0.29346808459253804, 0.1417710118646677, 0.0835616238250295]
B1: -2.534197639573421e-07 - 4.0035924806339834e-07 - 6.52585746074002e-08 - 1.3602367995558814e-08
B2: 7.843743353651253e-08 - 1.2379452009975683e-07 - 5.732844671559961e-08 - 6.909902455679646e-08
