Number: 7874
Error: 1.1452820839271523e-15
A1: [0.08043167129638133, -0.1804678241372449, -0.019588870345530265, 0.11962495835149496] - [0.0374156002163629, 0.13359640638225181, -0.13472616601598233, -0.036285804886003706] - [-0.001702821089210216, 0.22819011443038956, -0.12282838471858129, -0.10365891230032497] - [0.03886321568780299, -0.1144810372411563, -0.04641646012515589, 0.12203420922326087]
A2: [0.03530732141527019, -0.029273597779415097, -0.0756974656108136, 0.06966328042878464] - [0.10289367716454036, 0.2828966271351535, -0.39260646734560073, 0.006815919032249284] - [-0.01118706712746219, 0.5390146237466545, -0.359450984386833, -0.16837642993579782] - [0.09786276853249412, 0.017463285479715627, -0.16885103990582634, 0.05352484597423001]
B1: -1.7663441090816284e-08 - -7.2589536371316984e-09 - 3.4218647177800104e-08 - 6.387874953813749e-09
B2: -1.3612993504169333e-08 - 2.6471151673704232e-08 - -7.689272979664077e-09 - -8.659721733951607e-09
