Number: 6555
Error: 9.554301171570145e-16
A1: [0.08043168487364276, -0.18046781056151162, -0.019588856784506274, 0.11962497192720421] - [0.03741557916046314, 0.13359638534230134, -0.13472618702993275, -0.03628582593023657] - [-0.001702800198571596, 0.2281901353205894, -0.12282836385853506, -0.10365889141526746] - [0.03886321655611073, -0.11448103637527285, -0.04641645925739953, 0.12203421009103205]
A2: [0.03530742730167769, -0.029273491600167716, -0.07569736493522311, 0.06966339125024763] - [0.10289373562466587, 0.28289668609140517, -0.3926064108037058, 0.006815980248474115] - [-0.01118711584615785, 0.539014574737391, -0.35945103050019506, -0.16837648127232835] - [0.09786279257478392, 0.017463309631357175, -0.16885101701908686, 0.053524871210763325]
B1: -9.138709743010571e-10 - -1.8109786040081699e-09 - -2.400814387407499e-09 - -3.852263207952834e-09
B2: -2.8190378254932246e-09 - -9.283618525684586e-09 - 1.501387644083106e-08 - -1.2366511062912969e-08
