Number: 4917
Error: 6.666255894070397e-16
A1: [0.06621313632268475, -0.11395212405483748, -0.023983995603600622, 0.07172282286667363] - [0.037402550516036075, 0.1881933105695442, -0.14740900734856302, -0.0781870707525889] - [-0.06022940308923715, 0.3289507696188342, -0.12775314076644384, -0.1409683531247997] - [0.03904615595867083, -0.053322689084195504, -0.03741859346827657, 0.05169511736737774]
A2: [-0.00910857997104846, -0.3468031899080663, 0.24945508610791964, 0.10645667550242484] - [0.08003987522687894, 0.036282310255783705, -0.050250058202776594, -0.0660719049789815] - [-0.04245282669484392, 0.2308318831010001, -0.04053125330016409, -0.14784784697647896] - [0.06813473265010717, -0.29346790300372105, 0.1417711906592637, 0.08356180873535062]
B1: 1.4288483215772259e-09 - 2.2266968006723248e-08 - -1.2401560800241027e-08 - -2.0663514812340247e-08
B2: -8.709081680851583e-09 - -2.854213919444164e-08 - 1.0477279320134195e-08 - 2.4238918578916887e-09
