Number: 9033
Error: 0.00022787961723533568
A1: [0.05030214714936359, -0.1740864284181281, -0.03050895092228002, 0.11232187738994355] - [-0.02125251851683517, 0.09877289281830141, -0.14254753117502555, -0.052049222715373815] - [-0.06633574857522227, 0.18014394379399515, -0.15983385237562783, -0.12638122498460547] - [-0.0012836201877276226, -0.13115360379364507, -0.07307931758307931, 0.09343184770738153]
A2: [0.07251142214419547, -0.07783071456657358, -0.12081500919181899, 0.10462979300838171] - [0.20479746682953662, 0.324656414302778, -0.3289214447852314, 0.12383775480981984] - [0.10452796305913818, 0.5376633361037166, -0.3200239495226961, -0.050357189638123925] - [0.16498709717158405, -0.020489926393649383, -0.1806658036887782, 0.12740568733684812]
B1: -0.022637973446676448 - 0.01679594805933362 - -0.008542970877536096 - -0.013365430922383823
B2: 0.011771561632314895 - 0.002479503481783867 - 0.010460806578675631 - 0.0017114930145572414
