Number: 5582
Error: 4.681048295364933e-09
A1: [0.06637704031648875, -0.11379185641781701, -0.023820193127357617, 0.07188647152038856] - [0.03749181339752075, 0.18827861657430026, -0.1473212376708504, -0.07809929943578356] - [-0.05993246496023969, 0.32923602585395617, -0.1274624944961497, -0.1406792855736183] - [0.03920445871233017, -0.05317239123224384, -0.037265375437814156, 0.05184707928926483]
A2: [-0.009242750470367397, -0.34694551948767627, 0.2493198960773978, 0.10631606294076168] - [0.08006976821429364, 0.03631451817662324, -0.05021738404005606, -0.0660389520902564] - [-0.042404777894210106, 0.2308849214179122, -0.040479786529967095, -0.1477947209734318] - [0.06816914828746147, -0.29343000267478836, 0.14180848608254132, 0.08360038594596651]
B1: -6.219317589804753e-05 - -1.8294898448267326e-05 - 6.614239924025862e-06 - -7.654572721868552e-07
B2: 3.882006097200127e-05 - 2.008966850217706e-05 - 4.286335427152573e-05 - 4.214464627430094e-05
