Number: 7860
Error: 6.185099561594807e-16
A1: [0.08043167422223726, -0.18046782121172075, -0.019588867423173544, 0.11962496127701626] - [0.03741565969522713, 0.13359646581610074, -0.13472610665563045, -0.03628574544008676] - [-0.0017028274624315818, 0.22819010805730394, -0.12282839108247147, -0.10365891867184557] - [0.0388632252324961, -0.11448102772324943, -0.04641645058654582, 0.12203421876202125]
A2: [0.03530746136668974, -0.029273457440913433, -0.07569733254661447, 0.06966342690294418] - [0.10289373977350139, 0.2828966902754754, -0.3926064067909951, 0.006815984592924098] - [-0.011187048677147012, 0.5390146423070171, -0.3594509669231856, -0.16837641049408159] - [0.09786283158450966, 0.01746334881852921, -0.1688509798843176, 0.05352491215824002]
B1: -3.9433329575458305e-08 - -2.1546990877207802e-08 - -8.184256271946917e-09 - -2.0189678861768095e-08
B2: -2.995604328685205e-08 - -1.9165365397911436e-08 - -1.4135191110060722e-08 - -3.4962818832585234e-08
