Number: 4169
Error: 7.843758119700539e-16
A1: [0.06621318991876937, -0.1139520716564514, -0.023983942049577323, 0.07172287637281953] - [0.03740261861279697, 0.18819337563137614, -0.1474089404042311, -0.07818700380232012] - [-0.060229432586670364, 0.3289507412882082, -0.12775316963088093, -0.14096838183417526] - [0.03904610007122508, -0.05332274213054529, -0.0374186475376147, 0.05169506373711167]
A2: [-0.009108468705425494, -0.3468030718726577, 0.24945519827388074, 0.10645679215835271] - [0.08003982231117136, 0.036282253250397516, -0.050250116036695006, -0.06607196330393919] - [-0.042452825498032004, 0.23083188442179456, -0.04053125201782453, -0.1478478456529284] - [0.06813477524984514, -0.2934678560996662, 0.14177123684157183, 0.08356185649739771]
B1: -2.3893661622458132e-08 - -3.106468633861207e-09 - -4.1205975420453424e-09 - -8.017931807280886e-11
B2: 1.4812348658993487e-09 - 1.0612232468453961e-08 - -5.235655651747014e-09 - -2.8978061234106076e-08
