Number: 5458
Error: 2.878375778354703e-14
A1: [0.06621328753007312, -0.1139519762264924, -0.02398384451509182, 0.07172297382014768] - [0.03740252432266112, 0.18819328554355505, -0.1474090330986855, -0.07818709650496324] - [-0.060228875034060464, 0.328951276786526, -0.12775262404311571, -0.1409678391800446] - [0.03904639103007865, -0.05332246596288306, -0.037418366044359525, 0.05169534294482252]
A2: [-0.009108437062042438, -0.3468030383041912, 0.24945523017219284, 0.10645682533443641] - [0.08003952178014813, 0.036281929492912944, -0.050250444498894244, -0.06607229455558032] - [-0.04245286370886679, 0.23083184225012393, -0.040531292966152016, -0.14784788791244094] - [0.06813454316923816, -0.29346811162944575, 0.1417709852438725, 0.08356159629356452]
B1: -1.992848389626938e-08 - 4.1145846573245443e-07 - 1.0869287072080202e-07 - 5.110729744558637e-08
B2: -1.043918870648068e-08 - 5.775554308569942e-08 - -4.6210700376642305e-08 - -2.8451749804086205e-08
