Number: 8725
Error: 3.92010861303039e-13
A1: [0.08042963037692273, -0.18046986481680088, -0.019590908821178258, 0.11962291766619931] - [0.03741310460337438, 0.1335939126646644, -0.13472865665373343, -0.036288299115719694] - [-0.0017032256077875948, 0.22818970992323254, -0.12282878864409559, -0.1036593167108497] - [0.038861622413552135, -0.11448262603846168, -0.04641805238201854, 0.12203261693979402]
A2: [0.03531016791521385, -0.029270743409578026, -0.07569475918667758, 0.06966625959048775] - [0.10289273917832978, 0.2828956811865977, -0.3926073745561878, 0.006814936826661762] - [-0.01118683017656582, 0.5390148621092424, -0.3594507601074132, -0.16837618025315573] - [0.09786463917072497, 0.017465164623438355, -0.16884925917480645, 0.0535268095294493]
B1: -5.695147920378092e-07 - 7.248354953967146e-08 - -2.2581927513365117e-07 - -4.3259367308497373e-07
B2: -1.4695567771556203e-07 - 1.0882942945664699e-06 - -1.4283763967586843e-08 - -2.721379965365121e-07
