Number: 7922
Error: 7.945474607355054e-16
A1: [0.08043171839231114, -0.18046777704665082, -0.01958882330592052, 0.11962500544204234] - [0.03741553177565568, 0.13359633799335466, -0.13472623432028577, -0.03628587328878253] - [-0.0017028184988462556, 0.22819011702069894, -0.12282838213200908, -0.10365890971065173] - [0.038863241072939515, -0.1144810119272593, -0.04641643475619581, 0.1220342345926199]
A2: [0.03530732762005588, -0.02927359155746004, -0.07569745971137021, 0.06966328692275804] - [0.10289364653278074, 0.28289659624342356, -0.392606496972256, 0.006815886956348605] - [-0.011187096711864686, 0.5390145939857867, -0.3594510123891564, -0.16837646110987445] - [0.0978627413482446, 0.01746325817181436, -0.16885106578350448, 0.053524817439652546]
B1: -2.36862297200712e-08 - -7.231854326745444e-09 - 9.927163211630109e-09 - -3.7091526455724498e-09
B2: 2.5930119238467273e-08 - -6.426076570162595e-08 - 2.0009831193101358e-08 - 2.8940134422390923e-09
