Number: 7467
Error: 1.0470608282409663e-15
A1: [0.08043173201602527, -0.1804677634244748, -0.019588809698499625, 0.1196250190641984] - [0.03741563398999106, 0.13359644013032954, -0.13472613230965308, -0.03628577113108341] - [-0.001702772152280875, 0.2281901633662787, -0.12282833585330866, -0.10365886337645766] - [0.03886327949026541, -0.11448097361774208, -0.04641639636335824, 0.12203427298606505]
A2: [0.03530748473702935, -0.02927343400594877, -0.07569731032640206, 0.06966345136254358] - [0.10289376220447109, 0.2828967128968051, -0.3926063850960553, 0.006816008081420597] - [-0.011187066607577196, 0.5390146242696469, -0.3594509838947814, -0.16837642938794514] - [0.09786282797868852, 0.017463345196303492, -0.16885098331685228, 0.05352490837332742]
B1: 8.995028929910725e-09 - 1.033301350141838e-08 - 7.544920439799596e-10 - 8.189555848648939e-09
B2: 3.773524502105168e-09 - 6.476332569354778e-09 - 3.3898586617066626e-09 - 3.5538472060010357e-09
