Number: 8798
Error: 1.2460417871643152e-05
A1: [0.07998454486551798, -0.18091456638825854, -0.02003568977973906, 0.11917810048173909] - [0.03678116061414143, 0.13296269043288672, -0.13535945778107647, -0.0369197510421419] - [-0.0005769337069027327, 0.229316358008279, -0.12170505316934052, -0.10253293291634628] - [0.03847555558046166, -0.11486717542490767, -0.04680427057542902, 0.12164704102377369]
A2: [0.0385160402329444, -0.02605809924269673, -0.07264214962829504, 0.07302147037866992] - [0.10443202337247541, 0.2844466512487718, -0.3911157498174397, 0.00842669858163285] - [-0.00650254463817934, 0.5437249006468468, -0.3550118319844113, -0.1634401271070894] - [0.10049013343119449, 0.020100758853145554, -0.16634604764695962, 0.05628263540415227]
B1: -0.0021150799962443116 - -0.0017831367876571084 - -0.00266023343152552 - -0.0020155901864278214
B2: 0.0014561902730662057 - 0.0021707447729827733 - -4.588884008451368e-05 - 0.0016338478130738768
