Number: 4924
Error: 1.216920549729122e-15
A1: [0.06621315672706929, -0.1139521041064191, -0.023983975215228902, 0.07172284323681467] - [0.037402564454898625, 0.188193323887185, -0.1474089936455914, -0.07818705704840576] - [-0.060229355785589536, 0.3289508150514184, -0.12775309447786198, -0.14096830708517458] - [0.0390461759015137, -0.05332267015518404, -0.03741857417423068, 0.051695136504763706]
A2: [-0.00910862841042885, -0.34680324129458456, 0.24945503727662285, 0.10645662471645077] - [0.08003985648182456, 0.036282290062004986, -0.050250078690034464, -0.06607192564020034] - [-0.04245284399581336, 0.23083186400662223, -0.04053127184053861, -0.1478478661106531] - [0.06813474596852308, -0.2934678883395984, 0.14177120509767943, 0.08356182366771239]
B1: -1.1064933148231147e-08 - 1.0146590272954299e-08 - -1.3837178259348598e-08 - -9.493298125743963e-09
B2: -2.2569068724888547e-09 - -6.262802272489398e-09 - -1.3820802603533653e-08 - -1.6327991026707028e-08
