Number: 164
Error: 2.1788808242123595e-05
A1: [0.007654859382553988, 0.005895629892846312, 0.04042858166946014, 0.029906841622267734] - [0.06846731461585549, 0.19200069014509694, -0.14271296054350652, -0.10714537734450591] - [-0.07573695276881158, 0.4418982907913228, -0.030800493330954908, -0.24778205300007136] - [0.022432702283525886, 0.004733193459022426, 0.02218170445382031, 0.05124650972291093]
A2: [0.18291847233355651, -0.14702259263990133, 0.029513772697133026, 0.01812052044534736] - [0.04695851422108057, 0.21877052136603325, -0.1058692015711478, -0.11469500406323059] - [-0.09080957477812149, 0.5770436301689813, -0.23991145328035116, -0.2647903860698532] - [-0.0006315818673620079, -0.0012875276713274716, 0.004249186083881393, 0.010119916914198751]
B1: -0.001025793876235602 - 0.009076159369511177 - 0.009924053955602596 - 0.006367742115929432
B2: 0.010204917405950337 - -0.0023214858377469992 - 0.004284033435250828 - 0.005409588090208039
