Number: 423
Error: 2.734428487250604e-11
A1: [-0.01215812670785395, -0.014522030817363507, 0.018082052662289384, 0.008578040216121718] - [0.06584527421917487, 0.1895049178676226, -0.14531219096492565, -0.10999738361180739] - [-0.09626923778387599, 0.42180912798184783, -0.0534314674954423, -0.2720079632644006] - [-0.0012974881491195688, -0.018196151231754484, -0.0038095499721164353, 0.023404498195977966]
A2: [0.16159668714345987, -0.16774499483391425, 0.008511099751927704, -0.0023233532034595767] - [0.03548043837808806, 0.20751152154360356, -0.11721568718460783, -0.12579719977213472] - [-0.08620797496658467, 0.5815435775005701, -0.2353833066760966, -0.25993013652599517] - [-0.0038307550710645582, -0.004515147441029464, 0.0011144263808176625, 0.007247423107633177]
B1: 9.820931986267779e-07 - 2.493519473435766e-06 - -4.3140010204430656e-06 - 2.1575843456653018e-06
B2: 4.717470769657319e-06 - 3.642665577395408e-06 - 4.2919266661579025e-06 - 4.472609519488315e-06
