Number: 6415
Error: 1.3896047055767885e-15
A1: [0.0804316980285553, -0.1804677974080888, -0.01958884364532318, 0.11962498508061442] - [0.03741559636207507, 0.1335964025308941, -0.13472616986259553, -0.03628580873815322] - [-0.0017028090273944808, 0.22819012649195472, -0.12282837267443115, -0.10365890024173409] - [0.03886322804929206, -0.11448102491434574, -0.04641644777154174, 0.1220342215770702]
A2: [0.03530742789807168, -0.029273491002124424, -0.07569736436817755, 0.06966339187443699] - [0.1028937524649885, 0.282896703074654, -0.39260639451596874, 0.00681599788275717] - [-0.011187095511310913, 0.5390145951935276, -0.3594510112528268, -0.16837645984478275] - [0.09786281147597573, 0.0174633286185245, -0.16885099902638193, 0.05352489105086872]
B1: -6.818063343456397e-10 - 3.088763739878233e-09 - 5.320834969868451e-09 - 9.63162796179272e-11
B2: 6.850842686195739e-09 - 3.671153295448133e-09 - 4.593861224098981e-09 - -4.2069691638398625e-09
