Number: 4229
Error: 1.1526309232436461e-15
A1: [0.06621321347650648, -0.11395204862515326, -0.02398391851032783, 0.07172289989101928] - [0.037402661833263885, 0.18819341692559846, -0.1474088979151971, -0.07818696130953054] - [-0.06022937390951727, 0.32895079764437857, -0.12775311221287947, -0.14096832472499876] - [0.039046149075840544, -0.05332269561720755, -0.037418600127282174, 0.051695110762481296]
A2: [-0.009108474450278025, -0.34680307796704707, 0.24945519248254644, 0.10645678613518778] - [0.08003984176282962, 0.0362822742054064, -0.05025009477713944, -0.06607194186386402] - [-0.04245285796757218, 0.23083184858639366, -0.04053128681346192, -0.14784788156300674] - [0.0681348923603219, -0.29346772715592767, 0.14177136380062214, 0.08356198779987366]
B1: -2.8165758860142944e-08 - 2.6719958421264577e-08 - -1.8553316298918872e-08 - 3.996719058313265e-08
B2: 1.9859666248966157e-10 - 1.6891524971791038e-08 - 4.289147017977679e-09 - -8.063215935669333e-09
