Number: 4679
Error: 1.2465082810183286e-15
A1: [0.0662131895640133, -0.1139520720032874, -0.0239839424040796, 0.07172287601862383] - [0.0374025802815204, 0.18819333900844412, -0.14740897808681755, -0.07818704148825481] - [-0.06022950280792414, 0.3289506738444311, -0.1277532383453455, -0.14096845017887366] - [0.03904622108942232, -0.05332262726456271, -0.03741853045650959, 0.05169517986753629]
A2: [-0.009108473448159833, -0.34680307690408835, 0.24945519349257417, 0.10645678718564151] - [0.08003988545730059, 0.03628232127686283, -0.05025004702155722, -0.06607189370279523] - [-0.04245277404489136, 0.23083194120862752, -0.04053119687852325, -0.14784778874770074] - [0.068134635979878, -0.2934680094417731, 0.14177108585941384, 0.08356170035027641]
B1: -1.738563999773668e-08 - 7.398828497110566e-08 - -2.1746101921841343e-08 - -8.84606978191622e-08
B2: -1.6186761762531482e-08 - -1.2896351119618373e-08 - -2.8124284418643776e-08 - -4.263933604635255e-09
