Number: 5506
Error: 4.492350267446233e-12
A1: [0.06621163374330284, -0.11395359305240677, -0.023985497004157443, 0.07172132280945702] - [0.03740117047053319, 0.1881919920306324, -0.14741036404112753, -0.07818842756503491] - [-0.060229497718592054, 0.3289506787351144, -0.1277532333649807, -0.14096844522345214] - [0.03904286356011938, -0.053325814113175864, -0.03742177877642795, 0.05169195792269539]
A2: [-0.009106058655781853, -0.3468005151974483, 0.24945762782082628, 0.10645931895140358] - [0.08004215072192394, 0.036284761614528205, -0.05024757122139482, -0.06606939687428418] - [-0.04244916036852212, 0.23083592946417575, -0.04052732432962162, -0.1478437921755841] - [0.0681382813468708, -0.29346399575505705, 0.14177503777583275, 0.08356578745991913]
B1: 1.3836297321321984e-06 - 1.2166453007056616e-06 - 1.7064549653463061e-06 - 1.5546892181427843e-06
B2: -2.6985378723641867e-08 - -4.345951021511029e-07 - -8.863343362450688e-07 - -3.2053008256225285e-07
