Number: 4626
Error: 1.0422474236266839e-15
A1: [0.06621319051211741, -0.11395207107638357, -0.023983941456725937, 0.07172287696513452] - [0.037402611913230466, 0.18819336923039365, -0.14740894699042326, -0.07818701038910733] - [-0.06022954953405143, 0.3289506289665989, -0.12775328406876602, -0.14096849565636407] - [0.039046113909930166, -0.053322728995336896, -0.037418634149113124, 0.05169507701688586]
A2: [-0.009108615617533868, -0.34680322772339445, 0.24945505017297223, 0.10645663812898104] - [0.08003986412689724, 0.036282298297926036, -0.05025007033445601, -0.06607191721365434] - [-0.042452835094631, 0.2308318738304523, -0.04053126230174725, -0.14784785626629307] - [0.06813482761100081, -0.2934677984478531, 0.1417712936058027, 0.08356191520383681]
B1: 5.094898822422965e-09 - 1.6178765238340884e-08 - -9.89369620744099e-09 - 1.7244908827328946e-08
B2: 2.19293466875096e-08 - 1.9534140252683785e-08 - -7.441141158003149e-09 - 1.0357157437779415e-08
