Number: 188
Error: 5.869923860038989e-06
A1: [0.007148923638336123, 0.005206253442167944, 0.0392908733401273, 0.029138777620950986] - [0.065180710578786, 0.1888739226888793, -0.14598398832051787, -0.11072268417531206] - [-0.08686852784771489, 0.4309863367438063, -0.04322620142888912, -0.26101570878157654] - [-0.003665788900008176, -0.02066082964922318, -0.00629465003599795, 0.020530406684677177]
A2: [0.16794481705452893, -0.1616000102885263, 0.01482234581356439, 0.0035772992662190624] - [0.04741969253504141, 0.21925659871741268, -0.10531979163548048, -0.1141268584162189] - [-0.06991622753921505, 0.5973692835372059, -0.21951472606143413, -0.2442694284094749] - [0.008066847982728493, 0.007162775851552394, 0.012947903983450916, 0.01856553353965438]
B1: 0.004957809540064475 - -0.0022243978276504923 - 0.0017193597848356745 - 0.0006458507139053471
B2: -0.006824273253464167 - 0.00737568561191778 - 0.0074904105287229555 - 0.0005347623510806761
