Number: 7664
Error: 9.862232710587792e-16
A1: [0.08043171194734827, -0.18046778349087927, -0.019588829743165618, 0.1196249989978217] - [0.03741562695198594, 0.13359643309765112, -0.1347261393336185, -0.03628577816518094] - [-0.0017027921539564815, 0.22819014336502813, -0.12282835582569082, -0.10365888337279187] - [0.03886326007135578, -0.11448099298215528, -0.04641641576987815, 0.12203425357923314]
A2: [0.03530750053164007, -0.029273418167654407, -0.07569729530906363, 0.0696634678932925] - [0.10289381871502196, 0.28289676988696066, -0.3926063304397638, 0.0068160672561865775] - [-0.011187157344919872, 0.5390145329911039, -0.3594510697797165, -0.16837652500097539] - [0.09786279357334801, 0.01746331063446831, -0.16885101606852887, 0.05352487225894438]
B1: -2.379276620270609e-09 - 2.7876697324737455e-08 - -2.68511115239645e-09 - 4.745895850489849e-09
B2: 1.133002691086336e-08 - 4.093315633374472e-09 - 2.091043950914608e-08 - 8.622551189625479e-09
