Number: 7129
Error: 1.563159601449216e-15
A1: [0.08043169652531976, -0.18046779891115314, -0.01958884514675848, 0.11962498357755127] - [0.03741559960113724, 0.1335964057675075, -0.13472616662998396, -0.03628580550088472] - [-0.0017027777788697885, 0.228190157739808, -0.1228283414716609, -0.10365886900154961] - [0.0388632380754647, -0.11448101491630804, -0.04641643775175768, 0.12203423159701121]
A2: [0.035307561961747426, -0.029273356567647933, -0.0756972369021191, 0.06966353218658847] - [0.10289371046919812, 0.28289666072244696, -0.3926064351337496, 0.0068159539070387675] - [-0.011187185192620547, 0.5390145049772974, -0.3594510961381466, -0.16837655434511048] - [0.097862821911399, 0.017463339101412855, -0.16885098909252538, 0.053524902004655296]
B1: 4.79399722883203e-08 - -2.330663185520148e-08 - -2.304666673305831e-08 - 1.4237080469314231e-08
B2: -1.875767213639829e-09 - -2.4888541487661507e-09 - 2.3475556244966172e-08 - -5.680326744079975e-09
