Number: 4066
Error: 8.512017634304364e-16
A1: [0.0662131706293946, -0.11395209051477072, -0.023983961323812912, 0.0717228571158183] - [0.03740262816947541, 0.18819338476213257, -0.14740893100928468, -0.07818699440654198] - [-0.06022939166163743, 0.32895078059443994, -0.127753129584062, -0.14096834200275232] - [0.03904612530526942, -0.05332271817934813, -0.03741862312453004, 0.05169508795197622]
A2: [-0.009108498536407137, -0.346803103518651, 0.2494551682015412, 0.10645676088220327] - [0.0800398262281035, 0.03628225747005448, -0.05025011175571189, -0.0660719589866067] - [-0.042452766687570795, 0.2308319493286809, -0.040531188994208454, -0.14784778061077236] - [0.06813473473493527, -0.29346790070836665, 0.14177119291949133, 0.0835618110726784]
B1: -2.8251782920381736e-08 - -4.967819164501889e-09 - 2.748460542662165e-08 - -5.942306418297379e-09
B2: -6.02112406270683e-09 - 2.0118757284512486e-08 - -6.213170838856539e-09 - -1.5201652419026833e-08
