Number: 4953
Error: 1.1063205740298923e-15
A1: [0.06621320330986762, -0.11395205856458111, -0.023983928668987055, 0.07172288974143576] - [0.03740262879745143, 0.1881933853621462, -0.14740893039192177, -0.0781869937891424] - [-0.06022934572082545, 0.32895082471807313, -0.12775308462907276, -0.14096829728935406] - [0.03904619193146154, -0.05332265494015042, -0.03741855866578282, 0.05169515188728988]
A2: [-0.009108593655169082, -0.3468032044247556, 0.24945507231308284, 0.1064566611553936] - [0.08003984647357967, 0.03628227928026623, -0.050250089628467956, -0.0660719366715148] - [-0.04245282351599178, 0.23083188660937257, -0.04053124989358635, -0.14784784346079338] - [0.06813476202602915, -0.29346787065962504, 0.1417712225055301, 0.08356184167109537]
B1: -5.453240464679845e-09 - 3.594692507514928e-09 - 2.151339832294173e-09 - 8.388986793197285e-10
B2: -6.178795697914408e-09 - 1.9432982230989716e-08 - -3.3857595114617727e-09 - -1.36694876562827e-08
