Number: 5746
Error: 0.00388157397733323
A1: [-0.05513858651900608, -0.32028746395931923, -0.15927509669741943, -0.01837079559701056] - [-0.058533324717932565, 0.018613381022674912, -0.24203418798207926, -0.13947254618451219] - [-0.2050160878439878, 0.04667707259342348, -0.32002703812783423, -0.302402461305709] - [-0.21992482469344474, -0.3393156040991649, -0.29144467786640693, -0.12772181075234132]
A2: [0.14169774051668832, 0.07980713475843973, 0.04176460787919504, 0.1707757838680271] - [0.22503539082953783, 0.4123620307960963, -0.28307047733517626, 0.11475278335199222] - [0.10769190154837124, 0.6651293235188518, -0.2414699594538631, -0.06307801834705445] - [0.21216881500347534, 0.13749514622407083, -0.051415253248588366, 0.1562256004815493]
B1: 0.10101588104742068 - 0.004225513741533737 - 0.09055728581507345 - 0.09077991117746516
B2: 0.03929660317294766 - 0.03897220658719712 - 0.01752634821200439 - 0.04112287632012269
