Number: 5965
Error: 7.752435786749303e-12
A1: [0.08041564810073992, -0.18048384552900756, -0.019604873020761526, 0.11960893776117942] - [0.0374082038474052, 0.1335890151379193, -0.13473354939774637, -0.036293198181215826] - [-0.0017206317027142213, 0.22817230441929723, -0.12284616823392719, -0.10367671765508216] - [0.03885711926755461, -0.11448711611001865, -0.04642255148641333, 0.12202811716807589]
A2: [0.035269832400619906, -0.029311193440289436, -0.07573311058705433, 0.06962404420883762] - [0.10288701199922674, 0.28288990291878113, -0.3926129149953923, 0.006808939017636789] - [-0.01114691219416662, 0.5390550184896437, -0.35941297713196896, -0.16833411746195812] - [0.09787022064251912, 0.01747077070781315, -0.1688439463647651, 0.05353266830931119]
B1: 1.5175511285997203e-06 - 4.7132159644519886e-06 - 1.6118732695927097e-06 - -1.6072753140838991e-06
B2: -6.731930561494388e-06 - 1.1353659331126723e-05 - 9.118137317572026e-06 - -4.065560616720065e-06
