Number: 7296
Error: 1.0528259194986451e-15
A1: [0.0804316687217209, -0.18046782671160383, -0.01958887291711227, 0.1196249557771277] - [0.037415571642991086, 0.133596377830522, -0.13472619453242066, -0.03628583344354286] - [-0.0017028359405472258, 0.22819009957937567, -0.12282839954817303, -0.10365892714770011] - [0.03886321329038414, -0.11448103963183559, -0.04641646252104796, 0.12203420682733288]
A2: [0.035307408925093875, -0.029273510027576926, -0.07569738240746889, 0.06966337201717451] - [0.10289379018462717, 0.2828967411144251, -0.39260635803401117, 0.006816037380722291] - [-0.011187037725052194, 0.5390146533244389, -0.3594509565568389, -0.16837639895343304] - [0.0978628108351725, 0.01746332797480414, -0.16885099963638178, 0.053524890378225415]
B1: -2.2817888679781504e-08 - 7.210160261663853e-09 - 9.511349263945183e-09 - -6.680167346395056e-09
B2: -1.4131401295022096e-09 - -1.5199722868428122e-09 - 1.6165620377703413e-10 - -7.204149635847879e-10
