Number: 414
Error: 1.5838759410417524e-11
A1: [-0.012117401712569623, -0.014480201329956985, 0.01812706661950271, 0.00862156028000031] - [0.06583634582128174, 0.18949632912681874, -0.14532142215346885, -0.11000732453723275] - [-0.09628639677493384, 0.4217925442779164, -0.05345008680946983, -0.27202795443519756] - [-0.0013114729682366484, -0.018209600405852937, -0.003824435983612539, 0.02338833405699372]
A2: [0.1615912519082919, -0.16775032810593024, 0.008505773877140892, -0.002328651979052985] - [0.03547983479150896, 0.20751092765667156, -0.117216288269319, -0.12579779027626253] - [-0.08621459142038043, 0.5815370966004297, -0.23538974497491497, -0.25993658889779253] - [-0.0038486050724797953, -0.004532700513819356, 0.001096759329538605, 0.007230345558660036]
B1: -2.6203324603275567e-06 - -5.000116512293831e-06 - -9.503838386954796e-07 - 2.2749340159188946e-06
B2: -8.342626458511709e-06 - -1.0263884393541471e-06 - 7.000326246452851e-06 - 5.524049382724745e-06
