Number: 160
Error: 1.4514705656405865e-05
A1: [0.018615072100147526, 0.017261822556436063, 0.052843982501703676, 0.04183416156213249] - [0.06502013319246357, 0.18865614099767394, -0.14636500407583658, -0.11105231209724419] - [-0.07697162759540735, 0.44076631859117843, -0.032072819996693605, -0.24913064773397448] - [0.020198888567894546, 0.002650557460346937, 0.019872326040434294, 0.0487630422760325]
A2: [0.1810885903683223, -0.14889116832888974, 0.027691854822392427, 0.01631436113081853] - [0.045690119203105194, 0.2175008399064048, -0.10718208789359926, -0.11598326491625936] - [-0.09048671532464314, 0.5774070509488952, -0.23957684456334916, -0.2644596914502675] - [0.0030600851938685685, 0.002377993273042946, 0.007890623694158775, 0.013638769173261902]
B1: -0.004539440658894704 - 0.009523441520290025 - 0.0032093347662097396 - 0.003575378904464723
B2: -0.004927071057189769 - 0.023665543741136424 - -0.0010677668504749025 - -0.00037871096129996886
