Number: 754
Error: 1.4763371370089323e-13
A1: [-0.012152546277033414, -0.014516299567782548, 0.018088220206453003, 0.00858400306053935] - [0.06583595185176298, 0.1894959500739706, -0.1453218295332493, -0.11000776308016498] - [-0.09629047054450915, 0.4217886061390156, -0.05345450815843147, -0.27203270103120875] - [-0.0013262371745340683, -0.01822380045082511, -0.003840153032846186, 0.023371268499544573]
A2: [0.1615864727444694, -0.16775501666104692, 0.008501090825361907, -0.0023333113196163974] - [0.035485760308490766, 0.20751675796486316, -0.11721038758760069, -0.1257919935681118] - [-0.08621364889272015, 0.5815380196995812, -0.23538882803713837, -0.25993566979249805] - [-0.0038352280544376644, -0.004519546227475516, 0.0011099987931817907, 0.007243143294329905]
B1: 2.9945085666159555e-08 - 1.9506491172648904e-07 - -2.671329541088245e-08 - 1.0276331497465059e-08
B2: -8.138601162350214e-08 - -4.741381229104652e-07 - 1.0745317212075221e-07 - 6.335872162865736e-07
