Number: 4083
Error: 9.532254032573916e-16
A1: [0.06621316412566206, -0.11395209687316596, -0.023983967822441485, 0.0717228506230005] - [0.03740263715329561, 0.18819339334556262, -0.14740892217750134, -0.07818698557397641] - [-0.06022935873955362, 0.3289508122142805, -0.12775309736845747, -0.14096830996042026] - [0.03904614253261656, -0.0533227018278024, -0.037418606457648954, 0.05169510448352531]
A2: [-0.00910852860100012, -0.34680313541249297, 0.24945513789369222, 0.10645672936111367] - [0.08003983235592656, 0.036282264071476306, -0.05025010505834902, -0.066071952232375] - [-0.04245282270205069, 0.23083188750760847, -0.04053124902155129, -0.14784784256069075] - [0.06813480106906852, -0.2934678276715696, 0.14177126483211133, 0.08356188544552737]
B1: -6.912906059593889e-09 - -3.274730648189838e-09 - -6.856050056824437e-09 - 5.353106754046229e-09
B2: -7.847892179069833e-09 - 1.9293718439778117e-08 - -2.4602390054445527e-09 - -1.0116576536693045e-08
