Number: 7227
Error: 9.702049682504637e-16
A1: [0.0804317052310926, -0.1804677902063678, -0.019588836451396686, 0.1196249922823288] - [0.037415607476349845, 0.13359641363675906, -0.1347261587704628, -0.03628579763003475] - [-0.0017028395205091493, 0.22819009599949383, -0.12282840312288945, -0.1036589307267049] - [0.03886325754558573, -0.11448099550083186, -0.04641641829404886, 0.12203425105502798]
A2: [0.03530741668488944, -0.029273502246318882, -0.07569737502954631, 0.0696633801386359] - [0.10289373992400025, 0.2828966904272339, -0.3926064066454416, 0.006815984750515573] - [-0.01118702102721818, 0.5390146701218689, -0.3594509407519747, -0.16837638135834454] - [0.09786283201990859, 0.017463349255901896, -0.1688509794698769, 0.05352491261529394]
B1: -2.557764975706921e-08 - 2.8721904014153202e-08 - 3.6581379319927852e-09 - -1.3384624034796684e-08
B2: 7.981165655144573e-09 - 5.556225922111538e-09 - -2.2704425726782528e-08 - 1.1349947330409047e-08
