Number: 9804
Error: 1.3261066383242803e-15
A1: [0.053172520807111046, -0.14800130031974668, -0.026999076621567957, 0.12182779263474064] - [0.0053136615056647634, 0.1308366358961372, -0.11360080207475462, -0.022549821769682274] - [-0.014444501268854186, 0.223091596128229, -0.12704120426955956, -0.0816059577000371] - [0.02714638181991628, -0.10002011631389279, -0.04942458684046722, 0.12229804192905319]
A2: [0.08925482127980508, -0.07291301116280342, -0.12362706893201324, 0.10728674748796305] - [0.10884172268567488, 0.2498141749968947, -0.40484529552549253, 0.04618947387198965] - [0.03663576930364086, 0.46255495763793153, -0.3777176087296667, -0.12147343182416297] - [0.14342646475518164, -0.04460659188453752, -0.20149950466781083, 0.10267989451711156]
B1: 1.7370552636432452e-08 - -1.9760523155204432e-08 - -1.778885365481935e-08 - 5.832836908912376e-08
B2: 3.4392503343710796e-08 - 3.1009661304660856e-08 - 3.321116106923901e-08 - 5.866775348184124e-09
