Number: 767
Error: 2.8818527290850715e-13
A1: [-0.01215224182627138, -0.014515986865778248, 0.018088556715942224, 0.008584328401385392] - [0.06583557319926263, 0.18949558582637724, -0.14532222102669173, -0.11000818467167493] - [-0.09629148708188888, 0.42178762367237693, -0.05345561122320812, -0.2720338853460223] - [-0.0013238010756111403, -0.018221457612450264, -0.003837559885855972, 0.02337408421907098]
A2: [0.16158664438741988, -0.16775484825030818, 0.008501259007194737, -0.0023331439904439285] - [0.03548560224442081, 0.20751660244074416, -0.11721054498957911, -0.12579214819544846] - [-0.08621357069992207, 0.5815380962890713, -0.2353887519530581, -0.2599355935425334] - [-0.003834947677978763, -0.004519270512218532, 0.001110276297337687, 0.007243411540477404]
B1: 9.031965572626051e-08 - -1.595097711600291e-07 - -9.527495066740928e-09 - 1.1728917355125435e-07
B2: -8.050288310628177e-07 - 8.871000201854895e-07 - -1.328547095917538e-06 - 1.3557873326097462e-06
