Number: 2763
Error: 1.1041819137863594e-08
A1: [0.06351048932498818, -0.04779681183797345, -0.023368708046148715, 0.007930408488726826] - [0.044011920606337816, 0.19160866580803554, -0.14220398920027502, -0.09212724040451915] - [-0.12241246828222958, 0.41589172846441946, -0.10382060356497515, -0.18603770249336055] - [0.037019190683224394, 0.019183221442148776, -0.0331161881763689, -0.02303581295456246]
A2: [0.06382008530081312, -0.1733083973460946, 0.0867043067387191, 0.024333530864824465] - [0.029421550356465858, 0.2004283525793645, -0.10157902134974715, -0.1277442610567723] - [-0.09313208383763552, 0.5139548224878071, -0.225327299509413, -0.19482912939987043] - [-0.025686890220553267, 0.018759926374683593, -0.05004799394221706, 0.05721074346678267]
B1: 9.196033363340943e-05 - 4.8499533216806034e-05 - -1.4912050696705876e-05 - -1.1994811403388442e-05
B2: 1.0230333481283361e-05 - 5.8966094654740606e-05 - -0.00021206009787091992 - 0.00012697645767232067
