Number: 4300
Error: 1.0556459581394432e-15
A1: [0.06621312636348937, -0.11395213379149396, -0.02398400555498656, 0.07172281292419908] - [0.037402558005716645, 0.18819331772542314, -0.14740899998563708, -0.07818706338899589] - [-0.060229196552496624, 0.3289509679859986, -0.12775293866179088, -0.14096815210732436] - [0.03904611717573249, -0.053322725895564575, -0.03741863098955847, 0.05169508015078144]
A2: [-0.009108489139350454, -0.3468030935498416, 0.24945517767460107, 0.10645677073452978] - [0.08003987077394328, 0.03628230545868423, -0.050250063069648916, -0.06607190988713516] - [-0.04245278511064308, 0.23083192899579882, -0.040531208737094766, -0.14784780098602343] - [0.06813472119786668, -0.2934679156132271, 0.14177117824405067, 0.08356179589513771]
B1: -3.831668737132337e-08 - 3.1118558346096485e-08 - 3.0815044617005774e-08 - -3.075375138530828e-09
B2: 3.147853524027548e-08 - 6.468287087990258e-09 - 7.559234311031857e-08 - -8.2248134177975e-08
