Number: 5828
Error: 2.8895426127851043e-06
A1: [0.07231304752134933, -0.18863821755363389, -0.027663315588222284, 0.11152036876705276] - [0.02920118814797982, 0.1253444337677587, -0.14292189758347715, -0.044500987176304636] - [-0.006222476156781899, 0.2236499771225697, -0.12730770986934156, -0.10816123389472616] - [0.03391932380576107, -0.11944533532005276, -0.05128298002473443, 0.11713290752337098]
A2: [0.031800500240187914, -0.03281315429705031, -0.07900809979981589, 0.06604039830537249] - [0.09022490064545356, 0.27003479497212307, -0.40485477506448536, -0.006378138561608009] - [-0.0004217470675603054, 0.5498954444633443, -0.3492509772564732, -0.15706223821254106] - [0.10128825015185117, 0.02092205998978758, -0.16557944445869957, 0.057117889344323255]
B1: 0.0011215695763088609 - -0.0008849784600953308 - -0.0015109874993501674 - -0.0004541357582953109
B2: 0.0011961427212867023 - 0.0020491070961182207 - -0.0011821620694488846 - 0.0008158673972963094
