Number: 7502
Error: 1.0395109005637114e-15
A1: [0.08043170398871335, -0.1804677914486132, -0.019588837692299025, 0.1196249910400869] - [0.03741561156408273, 0.133596417721394, -0.134726154690877, -0.03628579354456948] - [-0.0017028035213812634, 0.22819013199784643, -0.12282836717647976, -0.10365889473718717] - [0.03886324701817976, -0.11448100599870002, -0.04641642881475216, 0.12203424053416041]
A2: [0.0353074220465824, -0.029273496869786066, -0.07569736993172209, 0.06966338575023544] - [0.102893734330907, 0.2828966847866778, -0.3926064120550107, 0.006815978893738686] - [-0.011187082366005841, 0.5390146084172269, -0.3594509988104871, -0.16837644599314028] - [0.0978628031366599, 0.017463320241278595, -0.16885100696486943, 0.05352488229730034]
B1: -2.767792494117656e-09 - 1.4289860667844804e-08 - 6.88426693699487e-09 - 9.27450882733314e-09
B2: 4.474993162017807e-09 - -6.841667301946801e-10 - 8.815465746803905e-09 - 4.789212689027761e-09
