Number: 5425
Error: 1.1129217364053739e-15
A1: [0.06621321670327095, -0.11395204547038282, -0.023983915286058425, 0.0717229031123946] - [0.03740262858800194, 0.18819338516217696, -0.14740893059771953, -0.07818699399496733] - [-0.060229505067450964, 0.328950671673878, -0.12775324055627965, -0.14096845237781408] - [0.039046148478115765, -0.05332269618431006, -0.03741860070530127, 0.05169511018908946]
A2: [-0.009108837843990266, -0.3468034634698261, 0.24945482614820974, 0.10645640513750801] - [0.08003982466027812, 0.03628225578115846, -0.0502501134688068, -0.06607196071459144] - [-0.04245285866884481, 0.23083184781261698, -0.04053128756510247, -0.14784788233836313] - [0.0681348169491746, -0.29346781018718987, 0.14177128204672607, 0.0835619032497587]
B1: -3.39041751300404e-08 - -3.118683988500479e-08 - 3.9533549847055546e-08 - 6.721572438875242e-08
B2: -9.117570493259593e-09 - -1.7440718695737477e-08 - -2.711427516332832e-08 - 1.3014624187364979e-08
