Number: 3288
Error: 5.748260862177678e-05
A1: [0.10839751291902021, -0.07287611777223588, 0.0169692567942735, 0.11294428183526911] - [0.021560951759527016, 0.17150487029479988, -0.16250762564801044, -0.09336781875264082] - [-0.035128526252324564, 0.3536859303702635, -0.10261795556431588, -0.1160189194949658] - [0.05935076348525867, -0.03362864642812858, -0.01800953870383285, 0.07107190621426789]
A2: [0.04448034852213201, -0.2934072935895098, 0.3032951821845083, 0.1614822688903427] - [0.0938842085301164, 0.05213537810930625, -0.035595717284001356, -0.051379877397509] - [0.009502117138877688, 0.28333997303864744, 0.012535103217504676, -0.0926286074390258] - [0.10676511203807158, -0.25491570954667087, 0.18140355979370384, 0.12495459957413609]
B1: 0.011373153260689514 - -0.007308081145559631 - 0.004272458798219687 - 0.0030625516422248668
B2: -0.0036581576765066575 - -0.008027182826913209 - 0.0022458321880914865 - 0.00847124793226019
