Number: 2825
Error: 1.629407880585291e-08
A1: [0.06366335899799738, -0.047644303745869754, -0.023217041341124657, 0.008082244599053434] - [0.04366804046722029, 0.19127685942551037, -0.14255789362851368, -0.09250485507895301] - [-0.12324335839941748, 0.4150613483819029, -0.10465728275002441, -0.1868722515015247] - [0.03719324560666257, 0.019356624565211058, -0.03294376302290579, -0.0228642238797647]
A2: [0.06253612945019389, -0.17458658843429367, 0.08542019052881313, 0.0230631075712785] - [0.02907148474986587, 0.2000835243199041, -0.1019277329508147, -0.1280867165496867] - [-0.09324724370797417, 0.5138415541603911, -0.2254429540069075, -0.194940335245384] - [-0.026002466940770172, 0.01844577480718546, -0.050362420604630614, 0.056904189789071774]
B1: -0.0001506718363052236 - -1.4871599960659211e-05 - 0.0001846999783981772 - 0.00017393207884968632
B2: -8.009417515306756e-05 - 2.0187518710662003e-05 - -4.319681983216785e-05 - -0.00010607180925155416
