Number: 4843
Error: 9.945651632771295e-16
A1: [0.06621309096361239, -0.11395216840030727, -0.023984040927087686, 0.07172277758370973] - [0.037402559152794355, 0.18819331882137777, -0.14740899885797096, -0.07818706226124594] - [-0.06022948403695382, 0.32895069187296855, -0.1277532199771291, -0.14096843190944025] - [0.039046184782731065, -0.053322661725464904, -0.0374185655819494, 0.051695145027279114]
A2: [-0.009108660977448777, -0.34680327584307563, 0.24945500444608046, 0.10645659057173261] - [0.08003986504515524, 0.0362822992871516, -0.05025006933082883, -0.06607191620151327] - [-0.04245279961638766, 0.2308319129863867, -0.040531224281885166, -0.1478478170287961] - [0.06813485592958818, -0.2934677672679538, 0.1417713243058377, 0.08356194695405629]
B1: 1.337647461423242e-08 - 1.3215265406858047e-08 - -1.6091819961203271e-09 - 1.796431597784783e-08
B2: 2.322253691329441e-08 - 1.946060578746711e-08 - -5.400599527391515e-08 - 3.835873221499797e-08
