Number: 7234
Error: 8.563707438687835e-16
A1: [0.08043169788703847, -0.18046779754958986, -0.01958884378666868, 0.11962498493911383] - [0.03741559696392061, 0.13359640313228655, -0.13472616926194483, -0.036285808136640264] - [-0.0017028419908101339, 0.2281900935292444, -0.12282840558957472, -0.10365893319634717] - [0.03886324873388297, -0.11448100428780512, -0.04641642710013548, 0.1220342422488024]
A2: [0.03530741914466846, -0.0292734997797366, -0.07569737269081954, 0.06966338271306062] - [0.10289375560482632, 0.2828967062411441, -0.3926063914791488, 0.006816001170627891] - [-0.011187079983568887, 0.5390146108138714, -0.35945099655546203, -0.16837644348268785] - [0.09786280591886323, 0.01746332303613267, -0.1688510043163906, 0.05352488521770249]
B1: -4.037769617314148e-09 - 1.5029220650550082e-08 - 1.0057672288944615e-08 - 1.2513060047257267e-09
B2: 1.1693499097835405e-08 - 1.0193852645444703e-08 - -1.4872461380457419e-08 - 1.4454734950049245e-08
