Number: 5247
Error: 1.1530357777945248e-15
A1: [0.06621318649032713, -0.1139520750082584, -0.023983945475345055, 0.07172287295009777] - [0.037402579370101316, 0.18819333813770014, -0.14740897898276026, -0.07818704238428856] - [-0.06022945598164111, 0.3289507188182522, -0.1277531925239862, -0.14096840460389015] - [0.03904617084092379, -0.05332267495839867, -0.037418579070142566, 0.051695131648575775]
A2: [-0.009108845555743298, -0.3468034716510217, 0.2494548183742468, 0.10645639705211399] - [0.08003997111199876, 0.036282413551377665, -0.05024995340593586, -0.06607179929234178] - [-0.042452875317090626, 0.23083182943863853, -0.040531305405651474, -0.14784790075061005] - [0.06813468603035, -0.2934679543338911, 0.1417711401189553, 0.0835617564663302]
B1: -9.048762681380681e-08 - -4.175134743298474e-08 - 5.577688256017343e-08 - 4.458815650332205e-08
B2: -6.464017495844844e-09 - -2.7659072340521558e-08 - -2.205451187540084e-08 - -7.51326116927891e-09
