Number: 6731
Error: 9.976063994632432e-16
A1: [0.08043166421788418, -0.18046783121493076, -0.019588877415566714, 0.11962495127380475] - [0.03741557312522402, 0.13359637931163099, -0.13472619305314695, -0.036285831962132864] - [-0.001702836875733467, 0.2281900986442073, -0.12282840048199455, -0.10365892808264021] - [0.03886321449441749, -0.11448103843117861, -0.04641646131777985, 0.12203420803061962]
A2: [0.03530742537662745, -0.029273493530542306, -0.07569736676553734, 0.06966338923547498] - [0.10289375399785392, 0.28289670462052924, -0.3926063930334016, 0.00681599948789164] - [-0.0111871325199883, 0.5390145579641054, -0.35945104628232954, -0.16837649884213468] - [0.09786278479798789, 0.01746330181918641, -0.16885102442209135, 0.053524863047657176]
B1: -5.7814679199624515e-09 - 2.356443094240212e-09 - -1.2772985112661768e-08 - -8.639334553226354e-09
B2: -8.187007789782926e-09 - -4.782288305295728e-09 - -6.704800198046706e-09 - -4.999638509817032e-09
