Number: 7313
Error: 1.0369440270903314e-15
A1: [0.08043168007219635, -0.18046781536241457, -0.019588861580209387, 0.11962496712630648] - [0.03741558677138499, 0.13359639294746525, -0.13472617943417112, -0.03628581832352945] - [-0.0017028292443109886, 0.2281901062754685, -0.12282839286174174, -0.10365892045325119] - [0.038863227623265544, -0.11448102533917837, -0.04641644819730062, 0.12203422115130581]
A2: [0.0353074101677977, -0.029273508781435895, -0.0756973812259212, 0.06966337331779793] - [0.10289378085934164, 0.2828967317099955, -0.3926063670533074, 0.006816027615788872] - [-0.011187060092404208, 0.5390146308236766, -0.35945097772803414, -0.16837642252268153] - [0.09786281287899967, 0.017463330027927906, -0.16885099769078973, 0.05352489252357765]
B1: -9.902674634537125e-09 - 1.4495945655469195e-08 - 1.3436510114191247e-08 - -2.7089328349765862e-09
B2: 5.38065384792519e-09 - 7.070057862625543e-09 - 3.6221554992297878e-09 - 6.298914819883149e-09
