Number: 6149
Error: 8.95447337014349e-16
A1: [0.0804316136907469, -0.18046788173634215, -0.019588927882287478, 0.1196249007524412] - [0.03741552991151971, 0.13359633613063532, -0.13472623618074678, -0.036285875151895325] - [-0.0017029213248899399, 0.2281900141968583, -0.12282848480750429, -0.10365901250926007] - [0.03886309068686653, -0.11448116189127418, -0.0464165850464389, 0.12203408430001801]
A2: [0.03530749671353082, -0.02927342199633014, -0.0756972989393584, 0.06966346389732239] - [0.10289381239102265, 0.28289676350929116, -0.3926063365563101, 0.0068160606340991895] - [-0.011187017291955087, 0.5390146738794371, -0.359450937216563, -0.16837637742227024] - [0.09786283293218188, 0.01746335017232867, -0.16885097860147608, 0.05352491357291342]
B1: -2.5594995433543564e-08 - 1.0521744954337937e-08 - -4.3079658976070723e-08 - -1.251871169427976e-08
B2: 4.07946428698834e-08 - 3.995659955263928e-08 - -1.3893397975257808e-07 - -1.5468313337608695e-08
