Number: 7661
Error: 9.087671215557872e-16
A1: [0.08043171721502546, -0.18046777822379878, -0.01958882448178731, 0.11962500426489704] - [0.037415632115056344, 0.13359643825681378, -0.13472613418083587, -0.03628577300497077] - [-0.0017027800590863748, 0.2281901554596402, -0.1228283437485293, -0.10365887128114955] - [0.03886326469057348, -0.11448098837590084, -0.0464164111536042, 0.12203425819557974]
A2: [0.03530750977048189, -0.029273408903259655, -0.0756972865248821, 0.06966347756273367] - [0.10289383612005426, 0.2828967874397092, -0.3926063136058365, 0.006816085481787053] - [-0.011187185807736897, 0.5390145043585214, -0.35945109672041853, -0.16837655499321022] - [0.09786278246862727, 0.017463299479236884, -0.16885102663951365, 0.053524860602613154]
B1: 9.265409514123529e-09 - 4.4924711069385284e-08 - 3.7440814250719045e-09 - 1.4988628813934278e-08
B2: 1.623058405394757e-08 - 1.2066461074825785e-08 - 2.842226097362468e-08 - 1.3431378907521973e-08
