Number: 9092
Error: 0.00014242319427339333
A1: [0.07151668374343975, -0.1311659356171977, -0.009331173680366407, 0.13863853806798407] - [0.023941235179199653, 0.1486363397895934, -0.09642519154489142, -0.005285851132520114] - [-0.03408041030359794, 0.20431238371555852, -0.14397113033510814, -0.09899334228505535] - [0.045317405807862865, -0.08271135417101227, -0.03138518664503801, 0.13959189074066447]
A2: [0.027937603203794143, -0.13397183808691215, -0.17951388689872805, 0.04567248544788655] - [0.0439476881852762, 0.1839481086426901, -0.46668515674267763, -0.020161459476169895] - [0.04153804851852736, 0.4683042199618699, -0.374040932805887, -0.11662013596413973] - [0.13026837689206536, -0.057897032254791064, -0.21542622886582216, 0.08904246107873169]
B1: -0.013769346490177074 - 0.004027975981932529 - -0.007082191433318017 - -0.0018233014250330732
B2: 0.005944822674263086 - 0.003003807520792094 - 0.008935356462958316 - 0.006164754583705226
