Number: 4465
Error: 1.0560004140489607e-15
A1: [0.06621319762767873, -0.11395206411983055, -0.0239839343467355, 0.07172288406877911] - [0.03740262524509653, 0.1881933819680856, -0.14740893388416615, -0.07818699728169161] - [-0.06022943752681239, 0.32895073654340173, -0.12775317446507148, -0.14096838664230815] - [0.03904615676666409, -0.053322688317312725, -0.03741859268663643, 0.051695118142740984]
A2: [-0.009108546406559715, -0.3468031543014213, 0.2494551199440214, 0.10645671069290459] - [0.0800397998162488, 0.03628222901695518, -0.05025014062233333, -0.06607198809831681] - [-0.04245280971246135, 0.2308319018437441, -0.0405312351013419, -0.1478478281945962] - [0.0681347203835691, -0.29346791650978626, 0.14177117736125966, 0.08356179498221844]
B1: -2.471965912626609e-08 - -1.4387272787562793e-08 - 3.942576683296529e-09 - -2.0661570410025206e-08
B2: 1.587339877346586e-08 - 9.948468167991973e-09 - -6.797283484076501e-08 - 4.639563106759265e-09
