Number: 8377
Error: 1.2207386393850512e-15
A1: [0.0804316962897298, -0.1804677991467292, -0.019588845382116696, 0.11962498334196431] - [0.0374155516603154, 0.1335963578629947, -0.13472621447514257, -0.03628585341506676] - [-0.0017028307792978255, 0.2281901047405111, -0.12282839439448485, -0.10365892198782004] - [0.038863247069831665, -0.11448100594717772, -0.046416428763135224, 0.12203424058578631]
A2: [0.03530743942338614, -0.02927347944487932, -0.07569735341003739, 0.06966340393691514] - [0.10289375825008738, 0.28289670890888274, -0.3926063889206468, 0.006816003940570234] - [-0.011187076688295765, 0.5390146141287417, -0.359450993436372, -0.16837644001040075] - [0.09786284182127779, 0.017463359101809833, -0.16885097013953315, 0.05352492290344199]
B1: -5.500019044972102e-09 - 1.0636349679274494e-08 - 4.834246755501627e-09 - 8.290665779318282e-09
B2: 1.0693402907237846e-08 - -2.670629335643193e-08 - 8.027605253628237e-10 - 1.5090477973225743e-08
