Number: 2335
Error: 4.403114922078662e-05
A1: [0.052617268259552666, -0.061294484763411344, -0.038779488044927826, -0.004721742115171527] - [0.04678975149551853, 0.19419357544899182, -0.13980466529906918, -0.08855417944982719] - [-0.13329650645774124, 0.406032788715433, -0.11393662035662128, -0.19608307337007758] - [0.035371111954588766, 0.018483621546514107, -0.0331842582014399, -0.024246930814071036]
A2: [0.031971750323055714, -0.20376933922141904, 0.05613428843473928, -0.0073206529974280884] - [0.030457690890374887, 0.20139325787199652, -0.10060960754788195, -0.12677205447870984] - [-0.06510803363273102, 0.5408553896238874, -0.19754414087441177, -0.16786482586986184] - [0.0022645501065926034, 0.046722466357806865, -0.021231174777391983, 0.08556847072425487]
B1: -0.01154734933213045 - 0.0030526414129364173 - 0.005306354023382295 - 0.012072896859390746
B2: 0.002989769063314424 - -0.007953766089498807 - 0.0050913544094882 - 0.0072766439526334185
