Number: 907
Error: 2.197177224930399e-09
A1: [-0.01208744743031585, -0.014449582735982977, 0.018160132883241347, 0.008653471472456953] - [0.06578392042802493, 0.18944589535840878, -0.14537562249440444, -0.11006569235871123] - [-0.09615935556437365, 0.4219152485366336, -0.0533122567359648, -0.2718800013899121] - [-0.001221311178026627, -0.018122825503843643, -0.0037284551189607842, 0.02349264677384109]
A2: [0.1614904752037365, -0.16784903259828088, 0.008407152489202692, -0.002426675526036925] - [0.03558471254982808, 0.2076141201686264, -0.11711184406987155, -0.12569519337306423] - [-0.08627862569208249, 0.5814745214309568, -0.23545194838197037, -0.25999886570561676] - [-0.0037887108820557954, -0.0044737547552064945, 0.0011560787812720877, 0.0072876757041991005]
B1: -4.70082988211043e-05 - 4.768614800367544e-05 - -3.036205730499978e-05 - 1.242729852726319e-05
B2: 4.133507914615183e-05 - -0.0002436761383558002 - 4.7412892427615855e-05 - 8.768584708579554e-05
