Number: 6
Error: 0.0051691552844830135
A1: [0.07964078155002872, 0.0871888416239995, 0.09654329135670585, 0.07412051038709293] - [0.2129339711653136, 0.34651941876456976, -0.01774294141481537, -0.0021245853737983256] - [0.042406517517156475, 0.5554194233282443, 0.07010320257545279, -0.13016775578576906] - [0.33594533308345204, 0.33569672006257006, 0.3367369357294611, 0.33735605123644175]
A2: [0.3593275823813094, 0.02555547635157737, 0.19197316660327543, 0.19318706566881821] - [0.26401621240057177, 0.43024371801186, 0.09743145290261376, 0.09698872468651866] - [0.33371341655964165, 0.9999740796313161, 0.16653096700567158, 0.1677050097237559] - [0.4355502313923668, 0.43529158104951854, 0.4341699773640175, 0.43686751700493665]
B1: 0.07694530345001556 - 0.5740044686331611 - 0.05736032310736279 - -0.07671589430022094
B2: 0.08802437490198105 - 0.61187704500113 - -0.08721549892101085 - -0.021262279755486967
