Number: 7686
Error: 9.919622080095505e-16
A1: [0.08043167228185051, -0.18046782315188523, -0.019588869361235862, 0.11962495933685366] - [0.03741556979770055, 0.13359637598662122, -0.13472619637402428, -0.03628583528780766] - [-0.0017028420182755289, 0.22819009350177244, -0.1228284056170023, -0.1036589332238042] - [0.03886321973132813, -0.11448103320897508, -0.04641645608420116, 0.12203421326427666]
A2: [0.03530754754648737, -0.029273371022773755, -0.07569725060790054, 0.06966351709938207] - [0.10289371295875069, 0.2828966632331373, -0.3926064327258931, 0.006815956513987368] - [-0.01118716961931934, 0.5390145206434953, -0.3594510813977154, -0.16837653793492413] - [0.09786276216208452, 0.017463279080328596, -0.16885104597004516, 0.053524839287373886]
B1: -5.574499200936794e-08 - -3.463254133676092e-08 - 2.6609220331517897e-08 - 5.9481865254329364e-09
B2: -7.874012928836579e-09 - -1.6253237568253936e-08 - -9.430716499116153e-09 - -7.25635092561446e-09
