Number: 6118
Error: 7.845092891387782e-16
A1: [0.08043161963107845, -0.18046787579669735, -0.01958892194906282, 0.11962490669208786] - [0.03741556596412602, 0.13359637215593917, -0.13472620019998233, -0.036285839119265924] - [-0.0017028800627864528, 0.22819005545808305, -0.12282844360581761, -0.10365897125817936] - [0.038862919230978746, -0.11448133286599962, -0.04641675639307709, 0.12203391295068426]
A2: [0.03530738512346424, -0.02927353389504466, -0.07569740503769341, 0.06966334710614519] - [0.10289351294057617, 0.28289646151734965, -0.3926066261807856, 0.006815747065600182] - [-0.011187224328124364, 0.5390144656083669, -0.35945113318065297, -0.16837659558364332] - [0.09786264657385468, 0.01746316296630508, -0.16885115600241649, 0.053524717957230815]
B1: 2.3284626114677282e-08 - 4.750343297921717e-09 - 3.1969027655139796e-08 - 7.86469254817975e-09
B2: 1.886009458947509e-07 - 2.319679366309485e-07 - -3.185119735506049e-07 - -2.3332309803718567e-08
