Number: 1320
Error: 6.38947130942223e-09
A1: [-0.006942868096801939, -0.014746766092943505, 0.003251967201452528, 0.019705995098724585] - [0.06659665594197989, 0.18966300211367002, -0.1469730713627997, -0.1101182852184336] - [-0.11232550310736658, 0.44204066456990365, -0.07051818078466676, -0.25781847741194674] - [-0.023196618408057874, 0.015514149525398134, -0.029757713676629344, 0.03909391530275703]
A2: [0.13160995572560263, -0.2246053570382985, 0.02269043509720563, 0.07018395702094733] - [0.03262538070379769, 0.20372866529768255, -0.11490919790666312, -0.12147790199157397] - [-0.09507745184974735, 0.55509271945303, -0.2356491110026553, -0.22608195835508954] - [-0.020842610120707317, -0.019291265621387967, 0.008103329421145954, 0.03216708591065218]
B1: 5.5673753971356046e-05 - -5.83778774969945e-05 - -6.0821719980696616e-05 - 4.329701715715489e-05
B2: 5.880495945909098e-05 - -8.084771066725148e-05 - 6.445332683903118e-05 - 6.282416612242477e-05
