Number: 4873
Error: 1.1249907682441933e-15
A1: [0.06621314032193779, -0.11395212014495557, -0.023983991607487976, 0.0717228268592096] - [0.037402586360848984, 0.1881933448168389, -0.14740897211036125, -0.07818703551127106] - [-0.06022931336596842, 0.3289508557931665, -0.12775305296850586, -0.14096826579907282] - [0.03904627660132556, -0.05332257457464224, -0.03741847675047411, 0.0516952331374747]
A2: [-0.009108575541777846, -0.3468031852093156, 0.24945509057302262, 0.10645668014626401] - [0.08003988920242289, 0.036282325311436894, -0.050250042928318396, -0.066071889574823] - [-0.04245278880730024, 0.23083192491595117, -0.04053121269843627, -0.14784780507437636] - [0.06813481431737944, -0.29346781308469433, 0.1417712791943025, 0.08356190029921212]
B1: -3.1985633785871585e-09 - 5.868436541925669e-10 - -1.1954231664728284e-08 - -3.1848071534620733e-09
B2: -2.5323975935864764e-08 - -2.3127723274310437e-08 - 6.64704015042714e-09 - 5.104059568496763e-08
