Number: 556
Error: 2.8754531140316484e-14
A1: [-0.012154025553057874, -0.014517818936892602, 0.018086585162750638, 0.008582422283301432] - [0.06583559800933873, 0.18949560969263757, -0.14532219537549443, -0.11000815704853799] - [-0.0962929552150825, 0.42178620475101153, -0.05345720431644868, -0.27203559579105024] - [-0.0013198604043688194, -0.018217667800512906, -0.0038333651647724765, 0.023378638978215308]
A2: [0.16158678522341724, -0.1677547100642445, 0.008501397010154055, -0.002333006694006125] - [0.035485701791476795, 0.20751670038823455, -0.1172104458597979, -0.12579205081299263] - [-0.0862134711216118, 0.5815381938311363, -0.23538865505470333, -0.2599354964388147] - [-0.003834723462651393, -0.004519050022257128, 0.0011104982226921212, 0.0072436260527088]
B1: -3.003806365826173e-07 - -8.542429509228499e-08 - 8.130832138116628e-08 - -7.489860299315055e-08
B2: -1.2536865316162098e-07 - 1.5594200232288522e-07 - -1.0646288210977622e-06 - 9.995105937468293e-08
