Number: 3867
Error: 1.0506391936050943e-15
A1: [0.06621313949881186, -0.11395212094968124, -0.023983992429970225, 0.07172282603747701] - [0.037402553562089894, 0.18819331347984342, -0.14740900435407053, -0.07818706775781077] - [-0.0602295236502083, 0.3289506538267524, -0.1277532587402735, -0.1409684704642977] - [0.03904618745699667, -0.05332265918728341, -0.037418562994811125, 0.051695147593453526]
A2: [-0.00910857903968966, -0.34680318892006806, 0.2494550870469085, 0.10645667647888295] - [0.08003982236734963, 0.0362822533109181, -0.05025011597528905, -0.066071963242024] - [-0.042452875765009536, 0.23083182894400722, -0.040531305885923845, -0.14784790124634725] - [0.06813468653690642, -0.2934679537765446, 0.14177114066816213, 0.08356175703371023]
B1: -1.5453217711747835e-08 - -2.9673805296964996e-08 - 6.38497174636212e-09 - 1.6226994807664654e-08
B2: 5.576486622551436e-09 - -4.387303987138156e-09 - -3.8285172926092094e-08 - 1.817821063410093e-08
