Number: 6929
Error: 9.490066011393473e-16
A1: [0.08043166765137368, -0.1804678277818293, -0.01958887398618135, 0.11962495470690249] - [0.03741559844038161, 0.13359640460762776, -0.13472616778842947, -0.036285806660998586] - [-0.0017028061814819266, 0.22819012933780283, -0.12282836983268439, -0.1036588973965811] - [0.03886323674044234, -0.11448101624758511, -0.0464164390859304, 0.12203423026281787]
A2: [0.03530732348380651, -0.029273595705185243, -0.0756974636439347, 0.06966328259358812] - [0.10289368466417423, 0.2828966346984084, -0.3926064600920311, 0.006815926885397646] - [-0.0111869985701953, 0.5390146927128473, -0.3594509194959416, -0.16837635769455866] - [0.09786276489953669, 0.01746328183022336, -0.16885104336413345, 0.05352484216076446]
B1: -2.4605888655130426e-08 - -2.820853710132679e-08 - 4.528966158483998e-08 - -9.609582227060208e-09
B2: -1.9285862899511145e-08 - -4.5532979673212803e-10 - 3.4523830282559576e-09 - -2.5793326529125187e-09
