Number: 8509
Error: 1.0127350610376965e-15
A1: [0.08043161745019897, -0.18046787797731303, -0.019588924127374265, 0.11962490451145562] - [0.03741546617843356, 0.13359627244583058, -0.13472629978664413, -0.03628593884957595] - [-0.0017028978242886986, 0.22819003769692586, -0.12282846134134043, -0.10365898901493681] - [0.03886321735600159, -0.11448103557755802, -0.04641645845799269, 0.12203421089047797]
A2: [0.035307694581542114, -0.029273223581033434, -0.07569711080828562, 0.06966367098693044] - [0.10289381632295888, 0.28289676747461984, -0.39260633275324763, 0.006816064751241684] - [-0.011187081046253518, 0.5390146097448406, -0.3594509975612992, -0.16837644460248924] - [0.09786289701994282, 0.017463414551565228, -0.16885091759383983, 0.05352498084392151]
B1: 5.681122501818961e-09 - -4.56348253581189e-08 - -2.6543120944080407e-08 - -5.2955154687850253e-08
B2: 1.7271805065634444e-08 - -9.590294096405778e-08 - 7.1992248653807404e-09 - 1.6182856084995942e-08
