Number: 7175
Error: 1.2098982852795568e-15
A1: [0.08043171062876608, -0.18046778480930553, -0.019588831060177992, 0.11962499767938554] - [0.03741561394099906, 0.1335964200965151, -0.1347261523186962, -0.03628579116896726] - [-0.0017028294324052764, 0.22819010608738413, -0.12282839304955309, -0.10365892064129201] - [0.03886326413151072, -0.11448098893338941, -0.04641641171232158, 0.12203425763685942]
A2: [0.0353075582813191, -0.029273360258255835, -0.07569724040142442, 0.06966352833461588] - [0.10289372032358114, 0.2828966706604649, -0.3926064256027158, 0.006815964226016726] - [-0.011187213866894103, 0.5390144761319952, -0.3594511232789776, -0.1683765845601822] - [0.09786279966764183, 0.0174633167564769, -0.16885101026714808, 0.053524878655956266]
B1: 5.254816885129371e-08 - -2.3047161554641352e-08 - -2.9760945182697536e-08 - 1.0079449022845327e-08
B2: 7.211840923333651e-09 - 6.681885886782393e-09 - -1.3118180132673705e-08 - 1.3515736124149523e-08
