Number: 6200
Error: 1.0497644722171718e-15
A1: [0.08043164602010425, -0.18046784941064564, -0.01958889559158596, 0.11962493307810608] - [0.03741555576343799, 0.13359636196298846, -0.1347262103803384, -0.03628584931429792] - [-0.001702826341131061, 0.22819010917859014, -0.12282838996281852, -0.1036589175508476] - [0.03886321948378816, -0.11448103345580833, -0.04641645633158875, 0.12203421301689253]
A2: [0.035307404485799346, -0.029273514479154942, -0.07569738662824718, 0.06966336737093763] - [0.10289371747710416, 0.28289666778982187, -0.39260642835578524, 0.006815961245312496] - [-0.011187062120317427, 0.539014628783688, -0.3594509796475453, -0.1683764246595098] - [0.09786278530826094, 0.0174633023317801, -0.16885102393633775, 0.05352486358326905]
B1: -2.545690173988855e-08 - -7.463847895491625e-09 - -9.550003732346257e-09 - -8.015634120562073e-09
B2: -2.319435106416948e-08 - -2.968887850418341e-08 - 2.1482134785327873e-09 - -7.40640210361505e-09
