Number: 7000
Error: 1.1392424443270864e-15
A1: [0.08043169318536644, -0.18046780225072845, -0.01958884848271757, 0.1196249802379796] - [0.037415588258083686, 0.1335963944330372, -0.13472617795043743, -0.03628581683765548] - [-0.0017028091673107592, 0.22819012635203823, -0.12282837281414208, -0.10365890038161296] - [0.038863215743562635, -0.11448103718553916, -0.046416460069431405, 0.12203420927898805]
A2: [0.035307404024932, -0.029273514941291646, -0.07569738706645843, 0.06966336688861449] - [0.1028937042277803, 0.2828966544280562, -0.3926064411703664, 0.006815947371358408] - [-0.011187044809459926, 0.5390146461977793, -0.35945096326240955, -0.16837640641849788] - [0.09786279800359038, 0.017463315084856827, -0.16885101185121593, 0.0535248769092447]
B1: -9.131570685061193e-09 - -3.491331759421302e-09 - 1.885568902327474e-08 - -3.453644969766221e-09
B2: 6.0561050367682015e-09 - 6.360161559400235e-11 - 7.3547965160507904e-09 - -9.791436570530683e-09
