Number: 5497
Error: 1.1152655695315767e-13
A1: [0.06621360297073657, -0.11395166783266823, -0.023983529320313918, 0.07172328873372119] - [0.03740355992353281, 0.18819427499065902, -0.14740801502212392, -0.07818607833804218] - [-0.06022894996423122, 0.3289512048196638, -0.12775269736352637, -0.14096791210587614] - [0.03904643779156776, -0.05332242158546149, -0.03741832082050697, 0.05169538780183379]
A2: [-0.009109777357520256, -0.3468044601438141, 0.24945387903261274, 0.10645542010446957] - [0.08004083842960152, 0.036283347900963124, -0.050249005479125745, -0.06607084331352465] - [-0.042454563916608005, 0.23082996580219425, -0.040533114968409285, -0.14784976826238874] - [0.06813314770815432, -0.2934696480873609, 0.1417694724370552, 0.08356003174008815]
B1: 3.451954740870387e-07 - 8.738283718572817e-08 - 3.853570472856523e-08 - 1.4465828978054307e-07
B2: -2.3465226319152066e-08 - -9.322280613633883e-07 - 1.1390617273197975e-06 - -5.173385344132864e-07
