Number: 7973
Error: 1.0462970028877072e-15
A1: [0.0804316938134284, -0.18046780162274942, -0.019588847855414596, 0.1196249808659672] - [0.03741551691961, 0.13359632314856107, -0.13472624914671488, -0.03628588813659139] - [-0.0017028234602296105, 0.2281901120594221, -0.12282838708612855, -0.10365891467071082] - [0.038863233001664825, -0.11448101997588127, -0.04641644282232453, 0.12203422652636332]
A2: [0.035307455944697995, -0.029273462877911383, -0.07569733770176927, 0.06966342122823284] - [0.10289374822912994, 0.2828966988028534, -0.3926063986128146, 0.006815993447186083] - [-0.011187124584428304, 0.5390145659469704, -0.35945103877118556, -0.1683764904801244] - [0.0978628057924535, 0.017463322909138605, -0.1688510044367146, 0.05352488508500295]
B1: 6.697649318460045e-09 - -1.484815620171076e-08 - -1.2385229364368194e-08 - -7.381664566796662e-09
B2: -1.1918316750980947e-08 - -2.2951723816729894e-08 - 1.4954733412156428e-09 - -1.2924696747657916e-08
