Number: 8912
Error: 8.482500367707998e-05
A1: [0.07741385118480773, -0.1701152528765424, 0.00038868012941408077, 0.1396364690771666] - [0.03075542516501102, 0.1428680254058376, -0.1112088759840618, -0.014386852567387521] - [-0.006673545518379544, 0.23105068097520493, -0.11533043859540416, -0.09772949114627238] - [0.03750002883443911, -0.09855057032193103, -0.024746734712055997, 0.14360773376042374]
A2: [0.009664878313302906, -0.05119976275988307, -0.10953779996559565, 0.04978837485692575] - [0.11601317379131912, 0.29637426880507856, -0.38010828297032834, 0.02461508041307743] - [0.025006489608670787, 0.5691988641182086, -0.3208531082248718, -0.12069057173455325] - [0.13588354760285815, 0.05114696805359304, -0.12701709544963258, 0.10354039978388768]
B1: 0.010849749606398694 - 0.03943874452044275 - 0.03534357642676313 - 0.030725752536749692
B2: 0.034491439315831846 - 0.03374745278681345 - 0.02652300120626051 - 0.037544651530758456
