Number: 4534
Error: 9.565622617707102e-16
A1: [0.06621308319069232, -0.11395217599954076, -0.023984048693914954, 0.07172276982382919] - [0.03740251381671107, 0.18819327550581005, -0.14740904342681682, -0.07818710683404503] - [-0.06022941828866309, 0.32895075502064186, -0.12775315563970593, -0.1409683679181056] - [0.03904604146619967, -0.05332279775621701, -0.037418704236020194, 0.05169500749907466]
A2: [-0.009108552751005678, -0.3468031610318884, 0.24945511354818886, 0.10645670404109314] - [0.08003986348883947, 0.03628229761055801, -0.050250071031826854, -0.06607191791692067] - [-0.042452683706907086, 0.23083204091115953, -0.04053110006882338, -0.14784768883735716] - [0.06813481050623334, -0.29346781728090154, 0.14177127506269055, 0.08356189602627424]
B1: 1.7917713713795876e-09 - -1.0209884452798238e-08 - 1.6596187372860683e-09 - -3.5594287839307044e-08
B2: -1.4469587227453126e-08 - -6.655148640744037e-09 - 1.2175869190428616e-08 - -2.289380033109614e-08
