Number: 6547
Error: 1.196470640375546e-15
A1: [0.08043168566433537, -0.18046780977090857, -0.019588855994759114, 0.11962497271780649] - [0.03741558269831106, 0.1335963888774716, -0.1347261834991341, -0.03628582239434842] - [-0.0017028058935661195, 0.2281901296257163, -0.1228283695451912, -0.10365889710874208] - [0.038863221324332405, -0.11448103162043265, -0.04641645449221623, 0.1220342148562902]
A2: [0.035307428189458444, -0.02927349070993149, -0.07569736409113276, 0.06966339217940677] - [0.10289373717190985, 0.28289668765178083, -0.39260640930723184, 0.006815981868665009] - [-0.01118711310244318, 0.5390145774974708, -0.3594510279032103, -0.16837647838117928] - [0.09786279617466889, 0.01746331324761687, -0.16885101359223043, 0.053524874989471886]
B1: -6.35732602172452e-11 - -1.6484653579814082e-09 - -1.226886680552999e-09 - -2.9019404705747506e-09
B2: -1.6141766145906817e-09 - -6.3811083474407354e-09 - 1.1568273450967562e-08 - -8.688949672398614e-09
