Number: 8217
Error: 6.664126520142292e-16
A1: [0.08043169260115053, -0.18046780283491248, -0.019588849066296668, 0.1196249796537887] - [0.037415595699551385, 0.13359640186892094, -0.13472617052365307, -0.03628580940022374] - [-0.0017028148021151683, 0.22819012071734604, -0.12282837844070502, -0.10365890601491713] - [0.038863238064787226, -0.11448101492697345, -0.04641643776245259, 0.12203423158632146]
A2: [0.03530741446867122, -0.02927350446860979, -0.07569737713671158, 0.06966337781915388] - [0.10289370313643223, 0.28289665332746244, -0.3926064422259181, 0.006815946228599536] - [-0.011187088406813862, 0.5390146023403417, -0.35945100452823103, -0.16837645235857518] - [0.09786285162369572, 0.017463368948822455, -0.16885096080826273, 0.053524933192792806]
B1: -1.1628828712743339e-08 - 3.845296439964124e-09 - -5.888112408399847e-09 - -2.4675763333371756e-08
B2: -1.392361176553394e-08 - -5.677036854996164e-09 - -5.707955382785345e-09 - -1.2893417588009876e-08
