Number: 859
Error: 4.1665381595340076e-10
A1: [-0.012163725422738384, -0.014527786601554134, 0.018075859737089462, 0.008572053228123865] - [0.06584844572154497, 0.1895079688440645, -0.14530891162433004, -0.1099938522803297] - [-0.09630427495509415, 0.42177526185894554, -0.0534694888027537, -0.27204878593014253] - [-0.0013004725166252513, -0.018199022222267474, -0.0038127281790528906, 0.023401048024678402]
A2: [0.1616148078891481, -0.16772721379520844, 0.008528853768716142, -0.0023056864431003164] - [0.03549485087552396, 0.2075257020957058, -0.11720133530670711, -0.12578310067388032] - [-0.0861982625421406, 0.5815530885651149, -0.23537385899584637, -0.2599206655444777] - [-0.0038214278009711935, -0.00450597581745892, 0.0011236568587537888, 0.007256346598399276]
B1: -1.3347895781271826e-05 - -2.06662103573787e-05 - -8.780798211819794e-06 - -6.032486834135435e-06
B2: -4.065301287143565e-06 - 2.7697967372649727e-05 - -3.831956380039854e-06 - 7.506781132549606e-06
