Number: 7108
Error: 1.042723289383018e-15
A1: [0.08043169662427953, -0.1804677988122048, -0.019588845047917185, 0.11962498367649967] - [0.037415601533315745, 0.1335964076982229, -0.13472616470165585, -0.03628580356977677] - [-0.001702802960122416, 0.22819013255909282, -0.12282836661604424, -0.10365889417608203] - [0.03886324084316096, -0.11448101215637899, -0.046416434985824956, 0.12203423436298738]
A2: [0.03530732072792757, -0.029273598468683514, -0.07569746626421058, 0.0696632797092854] - [0.1028937664609598, 0.2828967171894142, -0.3926063809792431, 0.006816012538585359] - [-0.011187049236172607, 0.539014641744663, -0.3594509674523828, -0.16837641108308543] - [0.09786276894826129, 0.01746328589736548, -0.1688510395100154, 0.0535248464106149]
B1: -3.794752809102097e-08 - 3.213854756964219e-08 - 1.875293528283066e-08 - -1.3435329419445488e-08
B2: -1.4443167791920358e-09 - -1.1797853527484675e-09 - 7.790434431883285e-09 - -1.916969709551474e-09
