Number: 3309
Error: 6.6848792811336184e-06
A1: [0.06941537936445186, -0.11103265329631552, -0.02103341107783239, 0.07473576485544241] - [0.03121470358999082, 0.18209093940198934, -0.15349503232181097, -0.08423529892975973] - [-0.05464319201752861, 0.3345805687006218, -0.12199359946354035, -0.13533236836940515] - [0.03056201114059374, -0.061291029308804035, -0.045838768559342304, 0.04340656088676504]
A2: [-0.02079082176401742, -0.3592970148456361, 0.23800116933291166, 0.0943134384387472] - [0.09513197032224352, 0.05262414822118248, -0.03384024867266686, -0.04951209808431726] - [-0.0669504263301483, 0.20316761293152402, -0.06713444925123083, -0.17523367264411485] - [0.048703187089705856, -0.3153658311956462, 0.12047898706220743, 0.06156041426826235]
B1: -0.0001835414015746938 - 0.005400802039519262 - -0.0005100948858264871 - 0.0005316707758196229
B2: 0.0032646273039236254 - 0.00389292925445416 - -0.002183633006549322 - 0.002553556477920612
