Number: 3072
Error: 1.3565117799437826e-06
A1: [0.0625618058919428, -0.048744105288268606, -0.024310533713973716, 0.006981342464989346] - [0.04230225673746262, 0.18996021493314774, -0.1439585442529459, -0.09400075730375468] - [-0.12498524306176023, 0.4133356473969131, -0.10639680735121117, -0.18859548898132428] - [0.03578364813748697, 0.017942676819354898, -0.0343602066663341, -0.0242818421549976]
A2: [0.06575855222089794, -0.17137224680493177, 0.08863312418578435, 0.026244111663587495] - [0.03125569732976221, 0.20223758799222435, -0.09975332856562484, -0.12595051143154842] - [-0.0888417402487188, 0.5181660457371163, -0.22102765729265805, -0.1906699386733893] - [-0.019745012104809587, 0.024662562731836375, -0.044111697111289205, 0.06300105510469399]
B1: 0.0005013317963914129 - 0.0009283255436046208 - 0.00016492857723265485 - -0.0005968319869003115
B2: -0.0007423291686558505 - -0.0014418923990215595 - -0.0006563632894827007 - -0.0004363043111427873
