Number: 5556
Error: 1.5942452530610512e-09
A1: [0.06621125789949285, -0.11395395540162555, -0.023985867839453126, 0.07172095101861832] - [0.03735467920561162, 0.188147575767465, -0.14745606628194735, -0.07823413467035804] - [-0.06021171567000178, 0.32896776497842106, -0.12773582550286555, -0.14095113234814258] - [0.039026896931184794, -0.053340963580142335, -0.037437221856024806, 0.051676639667609804]
A2: [-0.008986423025204502, -0.34667360068874853, 0.24957823424739847, 0.10658475792424997] - [0.08007125539935067, 0.036316116252098976, -0.05021576169488343, -0.06603731593143645] - [-0.042427223017214334, 0.23086014209197342, -0.04050381620476988, -0.14781952756534117] - [0.0681666006477386, -0.29343281446211467, 0.14180573835921936, 0.08359754166635631]
B1: -2.9127925847473734e-05 - -1.3559569288836792e-05 - -5.9520559883682215e-06 - -7.192288845951008e-06
B2: 2.8382338778187788e-05 - 4.3794803647459216e-05 - 1.8203920611397412e-05 - 3.5149452068489344e-06
