Number: 1457
Error: 2.2428038663209527e-09
A1: [-0.007232663805489552, -0.01503936298639865, 0.002950199606650966, 0.01940840335580332] - [0.06678676025090967, 0.18984596143917892, -0.14677643432728443, -0.10990683207370283] - [-0.11266116418415897, 0.44171091026835074, -0.070868490889409, -0.2581819552973436] - [-0.023989552202419204, 0.014734631407847028, -0.030567898653984238, 0.03825675898045424]
A2: [0.13161207898721075, -0.2246029120602458, 0.022692116237953357, 0.07018588811073534] - [0.032650057704556125, 0.2037529866689985, -0.11488449294875054, -0.1214537368451677] - [-0.09474996394989833, 0.5554147514391526, -0.2353274379738088, -0.22576008832788846] - [-0.021125819714780503, -0.019570085684771917, 0.007822088728913866, 0.031894808353917]
B1: 9.094665192513438e-05 - 5.217069846593161e-05 - -1.1388721668260507e-05 - 2.2290499012803977e-05
B2: 4.766925117878202e-05 - -3.680957098922991e-05 - -4.467705048784586e-05 - 3.058208557612717e-05
