Number: 5593
Error: 8.916077212067942e-08
A1: [0.06634109309494853, -0.11382701150155985, -0.023856062556745588, 0.07185059614488731] - [0.037580972420515696, 0.18836379544065107, -0.147233553231085, -0.07801163248936811] - [-0.05996550042343979, 0.3292042757171036, -0.12749470925196302, -0.14071140773023857] - [0.03924323772889006, -0.05313560101032443, -0.03722778554821912, 0.051884309252414385]
A2: [-0.009213584244413642, -0.34691459590657014, 0.24934939029232187, 0.1063466855199316] - [0.07996752007984605, 0.036204363403770146, -0.05032915918426997, -0.06615166220660072] - [-0.04208522737211155, 0.231237617705822, -0.040137390249111074, -0.14744132531938925] - [0.06824087084442891, -0.2933510275706784, 0.14188618189073654, 0.08368077676873001]
B1: -0.00036106109817894043 - -0.00017665241783882795 - -5.748818119287279e-05 - 3.1674248610901704e-05
B2: 0.0001136140830609257 - 0.0001600663782845294 - 0.00014321457632869398 - 0.00015800388504391024
