Number: 6787
Error: 9.587060594077024e-16
A1: [0.08043163555936549, -0.1804678598702028, -0.01958890603981917, 0.11962492261855887] - [0.03741554566907991, 0.1335963518762679, -0.13472622045458452, -0.036285859403068124] - [-0.0017028626199411794, 0.22819007290054918, -0.1228284261885092, -0.10365895381997753] - [0.03886318687543321, -0.1144810659726529, -0.04641648891916553, 0.12203418042880068]
A2: [0.035307399255823775, -0.0292735197235933, -0.07569739160086175, 0.06966336189721709] - [0.1028936915943528, 0.2828966416874019, -0.39260645338924904, 0.006815934142300603] - [-0.011187122340570814, 0.5390145682042383, -0.35945103664729194, -0.16837648811572475] - [0.09786277026694426, 0.01746328722204539, -0.16885103825470366, 0.05352484779479006]
B1: 8.549323435659895e-09 - -3.6093116323254304e-09 - 1.1097013885622042e-08 - 8.998986541097583e-09
B2: 1.0822108080602116e-08 - 1.278347035581823e-08 - 1.1621260536399758e-08 - 1.3548788999520857e-08
