Number: 8835
Error: 5.406687471963526e-06
A1: [0.08739297041980264, -0.173511166568385, -0.012840446519764438, 0.1265915005970323] - [0.0433524168161914, 0.139498158031499, -0.12894423422062093, -0.030363354506185866] - [0.0003185203963138568, 0.23018279185413731, -0.12092640728026109, -0.10163968515305775] - [0.04552003080265686, -0.107825295269048, -0.04002321555846581, 0.12870052039402358]
A2: [0.043835712745523385, -0.020841408890914334, -0.06749018088066426, 0.07858750867974133] - [0.11792284695547932, 0.29801625281574157, -0.37795081446763173, 0.022541805181285582] - [-0.017730376878733977, 0.5322079187025058, -0.3657411622953021, -0.17520875403867975] - [0.1104813692262789, 0.030060475233291035, -0.15671014391869947, 0.06676129891352503]
B1: 0.005147617080211692 - 0.0051254218342069394 - 0.011674657656847026 - 0.004886592642693809
B2: 0.004503876291440191 - 0.004855345285431178 - 0.006702585435286202 - 0.0048260314795029
