Number: 8541
Error: 1.4219254179588199e-15
A1: [0.08043170022831135, -0.180467795208557, -0.01958884144821271, 0.11962498728013289] - [0.03741558419347712, 0.13359639037157453, -0.13472618200671713, -0.03628582089988781] - [-0.0017027600402738335, 0.22819017547801426, -0.12282832375903939, -0.10365885126768079] - [0.03886326125844356, -0.1144809917983143, -0.0464164145835345, 0.12203425476563617]
A2: [0.035307518668221245, -0.029273399980899117, -0.07569727806486456, 0.06966348687497487] - [0.10289380374883432, 0.28289675479377246, -0.392606344914784, 0.006816051584305141] - [-0.011187141105020724, 0.5390145493278609, -0.35945105440839287, -0.1683765078883306] - [0.09786288719547885, 0.01746340468240007, -0.16885092694611037, 0.053524970531441785]
B1: 2.505851126088624e-08 - -1.037485592047322e-08 - 4.7004723024043153e-08 - 3.1152983386642045e-09
B2: 2.2252001071654266e-08 - -4.2460351518033744e-08 - -7.012516389063977e-09 - 1.708680620807811e-08
