Number: 9073
Error: 0.0002450322063706139
A1: [0.06953669357549871, -0.1349676318944726, -0.010975905228217269, 0.13664000374488397] - [0.022821785281444133, 0.1460530614962831, -0.09760620061248325, -0.006714860204962187] - [-0.015672993201300844, 0.22497999487470796, -0.12176113608648541, -0.07819052134853718] - [0.0424889282226359, -0.08540759056896706, -0.03243515848350955, 0.1376051847649192]
A2: [0.17933904714493948, 0.016983321168380874, -0.02874063496626254, 0.19996482830602186] - [0.2315113123456853, 0.3703322815764286, -0.2860062459366857, 0.16919949777808954] - [0.1286788759055767, 0.5548308229800669, -0.29182648713661347, -0.029588738132382105] - [0.2434106649998862, 0.05466865078411554, -0.10684954793404695, 0.20353078530783164]
B1: -0.007402662754632536 - -0.01713273564636036 - -0.0018972647990407852 - -0.002996806736923393
B2: -0.0141703146682607 - -0.013324936659335894 - -0.015279129997961868 - -0.013065871241279453
