Number: 8952
Error: 0.005496519059386585
A1: [0.09791673739956885, -0.16708346749317213, 0.000560668031055693, 0.1421065289721768] - [0.063946222739311, 0.1652581127909129, -0.08369756115630889, 0.011957330402432617] - [0.040149021044415895, 0.26622859369323576, -0.08546011835333413, -0.06447649467579283] - [0.06605477948733385, -0.09980720388621907, -0.027192152584534723, 0.14111560993554956]
A2: [-0.003570811830931081, -0.056504366100286085, -0.13201505163743812, 0.04834094933352484] - [0.10990395242173955, 0.2869623100227868, -0.39378105867701807, 0.03364205501554607] - [-0.010999090410474782, 0.5160002016021551, -0.3593289608465881, -0.14764995358770333] - [0.11767301736548065, 0.020364503488692703, -0.1497957785642935, 0.09770681678612417]
B1: 0.030459854966365246 - 0.025751472417078286 - 0.019175315912376617 - 0.011664547728525085
B2: 0.10162293207615433 - 0.11183223579358853 - 0.10257033108336486 - 0.11176626126594434
