Number: 9675
Error: 1.2912952342431661e-14
A1: [0.05317266967391954, -0.14800115139871636, -0.026998927919375613, 0.12182794157318588] - [0.00531373147571355, 0.13083670593826555, -0.11360073211744495, -0.022549751700664075] - [-0.014444604656186605, 0.22309149270207715, -0.12704130757634477, -0.08160606112411163] - [0.027146365429798338, -0.10002013270474586, -0.04942460326607766, 0.12229802549703638]
A2: [0.08925451945958972, -0.07291331228584846, -0.12362736395232457, 0.10728644194578076] - [0.10884147198844632, 0.24981392425545168, -0.40484554125639993, 0.046189218957015166] - [0.036635378155509504, 0.46255456852570387, -0.3777179903519467, -0.12147382702857426] - [0.14342595293293864, -0.04460710180157294, -0.20150000441842458, 0.10267937510087642]
B1: 9.860070697719202e-08 - -1.8272254313116188e-07 - -2.1476582893758973e-07 - 1.88147352147491e-07
B2: 4.3177092031863586e-08 - -9.592859914572249e-08 - -3.366004281796653e-07 - -8.275386936556523e-08
