Number: 9165
Error: 2.860966248599125e-07
A1: [0.04891526606743224, -0.15226482011330947, -0.03127850937806678, 0.11758447430699112] - [0.004615565237171614, 0.1301283716175143, -0.11433406436803434, -0.023248045710730213] - [-0.017405759442186704, 0.22014707485338492, -0.13000188547160021, -0.08453535789739937] - [0.025218870551868184, -0.10195014829356627, -0.051371156396128215, 0.12037899770663041]
A2: [0.08893782491754663, -0.07325925557053822, -0.12392135940787544, 0.106970664581731] - [0.10836153558902764, 0.2493325441699623, -0.40531901464225645, 0.04570308859442016] - [0.03480413300338937, 0.46072349337148955, -0.37951713568209233, -0.12333304697260554] - [0.1446749307337641, -0.04334799596670624, -0.20027298370240362, 0.10395556725572]
B1: -0.0007889317814097383 - -0.00020273187211264696 - 2.967262372370399e-06 - -0.0004167685184065103
B2: 7.393503352609858e-05 - -0.0018353481266706149 - -0.0007111360635171768 - -0.00025608669525455574
