Number: 1153
Error: 4.219273378750879e-07
A1: [-0.009957980217190306, -0.017760063449613832, 0.0001346312748505248, 0.016601103588585794] - [0.06866440585056773, 0.19164626350985373, -0.14483683953791665, -0.10780944995761038] - [-0.11427567969102663, 0.4401695021555024, -0.0725357950701832, -0.2599302296881406] - [-0.029855014850970883, 0.00900050354307641, -0.036491416614294406, 0.032080515773511224]
A2: [0.12692423183006438, -0.22923384096235458, 0.018092599058423788, 0.06561898271797008] - [0.03521333011905051, 0.2062885404254872, -0.11233062264283639, -0.11895148163826899] - [-0.10012604969375433, 0.5501094083994752, -0.24059075015416698, -0.23105332203127268] - [-0.02645110742104521, -0.024858619419853515, 0.0025407966431867258, 0.02677384929467772]
B1: -4.2183004018173204e-05 - 0.002630972526272822 - 5.6805824604780044e-05 - 0.00023316772001581083
B2: 0.0005095577559057923 - 0.0008908810159414565 - -0.00022115651780985166 - 0.00017654826320441356
