Number: 808
Error: 3.940597297044055e-12
A1: [-0.012158256915483227, -0.014522164973832373, 0.018081908217319666, 0.008577900582162774] - [0.06583415642505418, 0.18949422295141197, -0.14532368584624947, -0.11000976210706247] - [-0.096302244807506, 0.42177722651963284, -0.05346728466198472, -0.2720464186047051] - [-0.0013115495676190717, -0.01820967513316449, -0.0038245185385788454, 0.023388244886045077]
A2: [0.16158838462274225, -0.16775314077713663, 0.00850296415640195, -0.0023314474877635842] - [0.03548669266765555, 0.20751767534284432, -0.11720945913652421, -0.12579108147305307] - [-0.08621283785030148, 0.58153881411432, -0.23538803885630297, -0.2599348789017306] - [-0.0038317978070895615, -0.004516172998213384, 0.0011133939020221242, 0.007246425147597929]
B1: -7.36148542126934e-07 - 6.904700321407438e-07 - -1.5441149122970916e-06 - 4.0064343605845876e-07
B2: 1.2379042739065419e-06 - -6.592217061506561e-07 - -7.340707126071365e-07 - 4.210986952840499e-06
