Number: 7391
Error: 7.817712015230301e-16
A1: [0.08043170199147691, -0.18046779344561983, -0.01958883968714405, 0.11962498904308215] - [0.037415533176192776, 0.13359633939283724, -0.13472623292257221, -0.03628587188903247] - [-0.0017028032944842828, 0.22819013222473747, -0.12282836694991765, -0.10365889451035175] - [0.03886318393315986, -0.1144810689066754, -0.04641649185956804, 0.12203417748835335]
A2: [0.03530746036453281, -0.029273458445853398, -0.07569733349948714, 0.06966342585411157] - [0.10289378368921069, 0.2828967345638837, -0.3926063643162924, 0.006816030579073319] - [-0.011187039903014511, 0.5390146511334835, -0.3594509586183208, -0.16837640124843498] - [0.09786283854496378, 0.017463355810637942, -0.1688509732584408, 0.053524919464471445]
B1: -1.9829876607429147e-08 - -1.4591679178931031e-08 - -8.913416505603908e-09 - -1.2302139589615015e-08
B2: 8.728677457131361e-09 - -4.2837073270083604e-08 - 1.3091264028633407e-08 - -3.472894460191479e-08
