Number: 8779
Error: 1.4635125521682215e-07
A1: [0.08052349553792963, -0.1803759970021632, -0.01949714446221331, 0.1197167758083658] - [0.03715165894948344, 0.13333265275082065, -0.13498956753617697, -0.03654960254444983] - [-0.0014580867034488232, 0.22843487131394094, -0.12258400103456936, -0.10341423608155174] - [0.039003881972644816, -0.11434076385952528, -0.04627586603514852, 0.12217478734862394]
A2: [0.035606095257335935, -0.02897412859019954, -0.07541334593206121, 0.06997595143106737] - [0.10321504445591065, 0.28322061525506925, -0.3922956058368181, 0.007152423660144004] - [-0.01100358328190691, 0.53919910661786, -0.35927727642103807, -0.16818310644497297] - [0.09817546526938996, 0.017777283049321094, -0.16855332757588956, 0.05385305356056326]
B1: 0.0001363751855693942 - 0.00010213759453771431 - 0.00018841556174494184 - 0.00012685785019441497
B2: -0.00026482053761631044 - 5.486436725904702e-06 - -0.00039222890319800483 - -0.00027289821893420566
