Number: 5742
Error: 0.0031191189823172472
A1: [-0.07107824002284796, -0.33231385300207755, -0.1748003243311254, -0.03352015227308997] - [-0.08516154588387077, -0.004449936309819847, -0.2683376909997531, -0.16539071237685124] - [-0.20592827241821499, 0.05024022132771888, -0.32044271172337524, -0.3024216814983263] - [-0.20924329531010438, -0.3240265688132826, -0.2799098584364736, -0.11596721706592654]
A2: [-0.02584052990534713, -0.08873475565336955, -0.11056607345464475, -0.001056482383198814] - [0.221778800143924, 0.4104288491049836, -0.2832780001110214, 0.10497551948856235] - [-0.03110296846676837, 0.5252193501993678, -0.36665050519698655, -0.20773454176129108] - [0.07436303239406672, -0.0010851935680948957, -0.17643670106906376, 0.012762101611064162]
B1: 0.04252582256053799 - -0.11599661577563457 - 0.017675827053858187 - 0.017517759378996613
B2: 0.04233126621280754 - 0.0436824549421177 - 0.008266220337440296 - 0.04652893827858026
