Number: 4249
Error: 8.916209176312685e-16
A1: [0.06621322464497227, -0.11395203770626251, -0.023983907350622856, 0.07172291104074284] - [0.037402606084619934, 0.18819336366155456, -0.14740895272038795, -0.07818701611956554] - [-0.06022940628352797, 0.32895076655092054, -0.12775314389218403, -0.1409683562339067] - [0.03904626106478951, -0.05332258932151924, -0.03741849178171503, 0.0516952182283056]
A2: [-0.009108663833854586, -0.3468032788733898, 0.2494550015666673, 0.10645658757685707] - [0.08003987215512275, 0.03628230694661141, -0.050250061560095614, -0.0660719083647659] - [-0.042452823703498614, 0.2308318864023467, -0.04053125009473033, -0.14784784366823484] - [0.06813473993281817, -0.2934678949852306, 0.141771198554529, 0.08356181690048943]
B1: 1.662061651387013e-08 - 1.4192855071087593e-08 - -5.897708944279962e-09 - -1.1893114113805705e-08
B2: -2.2646687544245288e-08 - -4.820770960852605e-08 - 3.741446751639896e-08 - 5.5420453461706785e-08
