Number: 5665
Error: 8.715655670141065e-05
A1: [0.06989438031774495, -0.11008126886758296, -0.02020019873232688, 0.07544491736216698] - [0.029987015269887746, 0.18129753403867366, -0.1546314620610955, -0.0854652858420737] - [-0.03445958946974025, 0.35271658274690515, -0.10313832972971869, -0.11724634963124515] - [0.0411400617236013, -0.05024776685152366, -0.03489014650741559, 0.054306311631131636]
A2: [-0.004984393173012393, -0.34284964786281297, 0.25336728364897154, 0.11202800256413263] - [0.07946736580982568, 0.03568108336277589, -0.05108574124965653, -0.06648641486526553] - [-0.040872390442835714, 0.2323951251919284, -0.039163057236735896, -0.145327158461231] - [0.05509208467293167, -0.3077563249562595, 0.12695798172934367, 0.06963209350443392]
B1: -0.0018318311026480263 - 0.006906481351396033 - 0.0029456042407572155 - 0.009808194595784886
B2: -0.0019732931414699895 - -0.0070622849966582935 - -0.008782657224198607 - 0.0008695311996662573
