Number: 4691
Error: 5.542864745339446e-16
A1: [0.06621313677383683, -0.11395212361378942, -0.023983995152829337, 0.07172282331703879] - [0.03740257354996494, 0.18819333257689805, -0.1474089847044535, -0.07818704810647693] - [-0.06022934050131575, 0.3289508297310795, -0.1277530795216185, -0.14096829220935003] - [0.0390460433620242, -0.05332279595681541, -0.03741870240189735, 0.05169500931828284]
A2: [-0.009108742797224307, -0.34680336264100875, 0.24945492196422267, 0.1064565047881116] - [0.08003990868598175, 0.03628234630079496, -0.05025002163394018, -0.06607186809961056] - [-0.04245285637631567, 0.23083185034269832, -0.04053128510804239, -0.1478478798030068] - [0.06813473008453967, -0.2934679058285955, 0.14177118787779378, 0.08356180585880585]
B1: 5.6149541969085e-08 - 2.628031149952635e-08 - 1.6847644104311107e-08 - 2.0856894030437757e-08
B2: 9.719736761738383e-09 - 1.607347023289823e-08 - 8.131078911577586e-08 - 1.3385142330342965e-08
