Number: 8683
Error: 2.7497087675228636e-15
A1: [0.08043173631687427, -0.18046775912409005, -0.019588805402795343, 0.11962502336457526] - [0.037415684587338384, 0.13359649068943288, -0.13472608181288218, -0.03628572056163996] - [-0.0017027490336849551, 0.22819018648437442, -0.12282831276856271, -0.10365884026401767] - [0.03886328054051351, -0.11448097257036531, -0.04641639531374769, 0.12203427403572176]
A2: [0.03530768598375926, -0.029273232202646028, -0.07569711898288636, 0.06966366198829056] - [0.10289411415882567, 0.28289706783812796, -0.3926060446898695, 0.0068163766282558075] - [-0.011186808309241613, 0.5390148841084799, -0.35945073940898115, -0.16837615721087473] - [0.09786305694972208, 0.017463575208727166, -0.16885076535060073, 0.05352514871758969]
B1: 6.345859187988369e-08 - -4.5192388269883e-08 - 3.8813151241485067e-08 - 5.698295137220291e-08
B2: 1.1935553396856715e-08 - -5.688881053109314e-09 - -2.314340973625701e-08 - 1.0774675876019018e-08
