Number: 1764
Error: 6.614604457508519e-08
A1: [-0.00860313181137865, -0.016440678743078845, 0.0015414291986422996, 0.017979731715089087] - [0.06706212167276704, 0.19011493544196728, -0.14649895872242902, -0.10959794645588641] - [-0.11362175639031111, 0.44075124182360154, -0.07192193966291212, -0.2592084770105465] - [-0.02453082440355926, 0.01419639088809001, -0.031174095960497875, 0.03769586940780789]
A2: [0.12837735961758667, -0.22777682479145395, 0.019520851079960745, 0.06703319268836175] - [0.03316260034327138, 0.20426060444520458, -0.11437438213994053, -0.12094906720148965] - [-0.09492779466816426, 0.5552792317236956, -0.23544467332181032, -0.22587103440473952] - [-0.025299196114492797, -0.02369260646580548, 0.003669747508916921, 0.027873690034507098]
B1: -0.0003016539326808428 - 0.00088394457963907 - -0.0015946112676266592 - 0.00022986833212279047
B2: -7.120428150391372e-05 - -0.00036469933774611256 - -0.0003156122086054179 - -0.00039755726142134355
