Number: 4752
Error: 9.280728975118747e-16
A1: [0.06621319900743444, -0.11395206277089551, -0.023983932968066734, 0.07172288544619368] - [0.03740263888791587, 0.1881933950028905, -0.14740892047223036, -0.07818698386857437] - [-0.06022936284878502, 0.3289508082675863, -0.1277531013895254, -0.14096831395965387] - [0.03904612228392983, -0.05332272104703507, -0.03741862604753002, 0.05169508505266049]
A2: [-0.009108411312694426, -0.346803010988176, 0.2494552561308323, 0.10645685233123242] - [0.08003987994321168, 0.03628231533661621, -0.05025005304811835, -0.06607189978054716] - [-0.04245281460147899, 0.23083189644793373, -0.04053124034049367, -0.1478478336016901] - [0.06813478120041808, -0.293467849547865, 0.1417712432923427, 0.0835618631690545]
B1: -3.123946537624931e-08 - 4.717721987769306e-08 - 1.9211292842072858e-08 - 1.5139608295439854e-08
B2: 6.078911321025213e-09 - -4.5089236465629435e-09 - 1.104443661318634e-08 - 3.191904580462877e-08
