Number: 5037
Error: 1.050652764622905e-15
A1: [0.06621320842268007, -0.11395205356601618, -0.02398392356018357, 0.07172289484567139] - [0.037402632715643105, 0.18819338910571687, -0.14740892654003415, -0.07818698993691518] - [-0.06022943071761569, 0.32895074308323813, -0.12775316780197352, -0.14096838001491527] - [0.039046191657328796, -0.05332265520032412, -0.03741855893097761, 0.051695151624249154]
A2: [-0.009108541640537177, -0.346803149245457, 0.24945512474855927, 0.10645671568983378] - [0.08003982456452258, 0.03628225567795567, -0.05025011357379429, -0.06607196082016614] - [-0.042452799254429165, 0.2308319133858593, -0.04053122389400215, -0.1478478166284968] - [0.06813479301591688, -0.29346783653850156, 0.14177125610147126, 0.08356187641637308]
B1: -8.303137245503132e-09 - -9.641001092830374e-09 - -8.505247275024466e-09 - -8.366111156235306e-09
B2: 1.1506074777879276e-08 - -1.8582001006423895e-08 - -3.9288663271587605e-08 - 1.1500328799086708e-08
