Number: 3312
Error: 5.344973657744653e-06
A1: [0.06170533214754807, -0.1184951875486605, -0.028728768852382087, 0.06705509919534092] - [0.030358918598529096, 0.1813468753874698, -0.15434911342151406, -0.08509832259974275] - [-0.05120529004948756, 0.3377962209814503, -0.11861801357885894, -0.13198041860937298] - [0.03039256156705785, -0.061448361246716335, -0.04597484702616882, 0.04326122475376955]
A2: [-0.01607626907914258, -0.35422898236633477, 0.24272613426818504, 0.09926595230580554] - [0.09207658066105727, 0.04932686230499364, -0.03716149615478626, -0.05284401367840922] - [-0.06319383886570981, 0.2074536968289532, -0.0630583588544301, -0.17103198602303404] - [0.05264625652720317, -0.310897751965508, 0.124793956182891, 0.06602840289172315]
B1: 0.0018949754524906818 - 0.0047759399691718945 - 0.0017209973425544992 - 0.0017245453563047735
B2: -0.0008596206543479942 - 0.006271956202546223 - -0.00022943255709961677 - 0.00247833092390901
