Number: 3576
Error: 1.612355748824619e-12
A1: [0.0662075530977851, -0.11395758263843994, -0.023989574668609872, 0.07171724897773908] - [0.037398252684871534, 0.18818920424098837, -0.14741323251002159, -0.07819129611401025] - [-0.060230364818638436, 0.3289498459423302, -0.12775408153839546, -0.14096928941800757] - [0.03906234433243171, -0.05330732364256166, -0.03740293176986944, 0.05171065179673032]
A2: [-0.009097769156971736, -0.34679172124059776, 0.24946598443179457, 0.10646801013167549] - [0.08004430331039063, 0.03628708063716334, -0.05024521857130568, -0.06606702429716649] - [-0.04243880695259798, 0.23084735621386845, -0.040516229460710575, -0.1478323416157552] - [0.06813412710776917, -0.2934685698749979, 0.14177053443256443, 0.0835611298042279]
B1: -2.247556905893337e-06 - 9.946024304144535e-07 - 4.4582879879388554e-08 - -1.4375122956959888e-06
B2: 3.896509346965638e-06 - -1.4754534234357178e-06 - -8.909563601476013e-06 - 6.28664805860775e-07
