Number: 8975
Error: 0.00045592901428714703
A1: [-0.041787447503711446, -0.281816938675661, -0.12197077319408696, 0.02000015572986136] - [-0.0385031298149872, 0.082749827151606, -0.16457998980259908, -0.06965695755041176] - [0.08406054828653592, 0.30985163863508997, -0.014891146070776313, 0.008559711193843252] - [-0.034681299490773976, -0.16993478018584882, -0.1096053037743892, 0.059364843965259914]
A2: [-0.13401365346054667, -0.2124413377226639, -0.2862833603971262, -0.06103249455613156] - [0.03309655816496964, 0.19075501811882561, -0.49117530168265916, -0.02895114670251206] - [-0.14574874504794696, 0.35755111593548244, -0.5252409226653811, -0.2623242868221243] - [-0.01773791905793832, -0.13613500002627985, -0.3180626722031994, -0.018098419570504114]
B1: 0.015298038518503242 - -0.0359895449346602 - 0.00436205635069958 - -0.010711906639960647
B2: -0.015567485327485371 - 0.026961358799710122 - 0.020177095118835312 - 0.018386906638212214
