Number: 8476
Error: 1.0903005855086243e-15
A1: [0.08043167029774372, -0.18046782513575113, -0.019588871343009098, 0.11962495735296608] - [0.037415554892151884, 0.13359636109234557, -0.13472621124977815, -0.036285850185054876] - [-0.0017028097683037078, 0.22819012575105746, -0.12282837341425397, -0.10365890098243237] - [0.03886318879769894, -0.11448106405575086, -0.04641648699811478, 0.12203418234989631]
A2: [0.03530744009551085, -0.029273478770911705, -0.07569735277098834, 0.06966340464036039] - [0.10289387763602907, 0.2828968293080466, -0.3926062734519841, 0.006816128954885325] - [-0.011187002431745153, 0.5390146888281969, -0.3594509231507409, -0.1683763617638909] - [0.0978628715313814, 0.017463388947069235, -0.16885094185736038, 0.053524954089295446]
B1: -1.959627330251006e-08 - 3.6085919781548705e-08 - -8.92771626152871e-09 - 4.57355266788773e-09
B2: -2.780010417508806e-09 - 3.317238334090857e-08 - -1.024396237910868e-08 - 8.348207569517789e-09
