Number: 1301
Error: 3.4880875029974276e-09
A1: [-0.0068246817990989025, -0.014627311468816089, 0.003374697657086272, 0.019827466924911274] - [0.06659374818911808, 0.18966017790718512, -0.1469761004719913, -0.1101215183255317] - [-0.11242632698180922, 0.44194198925068634, -0.07062307929776149, -0.2579276518103633] - [-0.023247469157188352, 0.01546434501346949, -0.029809603051372053, 0.03904028900903981]
A2: [0.1314580048047265, -0.22475513993455154, 0.022541065625156786, 0.07003542740141454] - [0.03234870387344987, 0.20345642486696786, -0.11518472229340052, -0.1217485567865338] - [-0.094109033895388, 0.5560457535057897, -0.23469731108691555, -0.2251300857006924] - [-0.021185981106758067, -0.019630120926866026, 0.007762848017949474, 0.031837157445078326]
B1: -0.0001765594328639675 - 6.307130862862955e-05 - -6.307268438088799e-05 - -0.00011752431562079771
B2: -8.215677500284925e-05 - -6.798556642564676e-05 - -3.4524044695521545e-05 - -6.695589247978324e-05
