Number: 3234
Error: 0.0053744862972866046
A1: [0.16524865312474524, 0.004548718484505082, 0.06555400232241124, 0.1658448222977711] - [-0.1566687135140084, -0.011973755277191453, -0.3434043181347608, -0.269165565711256] - [-0.39082174510568357, 0.07503509646587977, -0.41698428819298944, -0.424022859316993] - [-0.2353306592895304, -0.2775272975742046, -0.2918624477919105, -0.19539643685506577]
A2: [-0.03822102809424065, -0.4582188011804412, 0.21164214464649933, 0.013039603254984766] - [-0.41253249551678217, -0.32233491782526746, -0.3998804847730208, -0.4592498999343339] - [-0.22560651228242587, 0.11564397501863483, -0.21038588984281972, -0.3319207385490762] - [-0.1349665175570724, -0.39753749872359373, -0.040793987916603755, -0.1072150053477158]
B1: -0.0743386556481569 - -0.414164717012854 - -0.167601748320893 - -0.16912460773878554
B2: -0.25336647790723266 - -0.3740000073157521 - -0.11133514453881019 - -0.13747311076311042
