Number: 661
Error: 5.909094757296519e-14
A1: [-0.012152402653416083, -0.01451615205264016, 0.01808837895493331, 0.008584156538396238] - [0.06583512083169349, 0.18949515066784128, -0.145322688735579, -0.11000868833806861] - [-0.0962951438612093, 0.42178408945770185, -0.053459579263901325, -0.27203814567332507] - [-0.0013227221622820473, -0.018220420002625103, -0.0038364114164498283, 0.02337533125958059]
A2: [0.16158633493928692, -0.1677551518684995, 0.008500955801728643, -0.0023334456610809113] - [0.03548578282606664, 0.20751678012053915, -0.11721036516459668, -0.12579197154034205] - [-0.08621378147068641, 0.5815378898430107, -0.23538895703773247, -0.25993579907748077] - [-0.003835027023525262, -0.004519348537209023, 0.0011101977682659442, 0.0072433356266744355]
B1: 2.4686918183037204e-08 - 4.2065929945479005e-07 - 1.889041798296786e-08 - 7.276291893628283e-08
B2: -1.2859552191960104e-07 - 1.696103443233168e-07 - -5.202456159735968e-07 - 3.398463164740727e-07
