Number: 54
Error: 0.00014791839042089028
A1: [-0.013057332642673655, -0.015367888040627154, 0.01835112166413269, 0.009480763698366073] - [0.12138316618748579, 0.2500305495954759, -0.09277918646549412, -0.07086717570983429] - [-0.13990062622469127, 0.3810052780430165, -0.10005886979349685, -0.31690183426666235] - [-0.017792028882664665, -0.0295861584835096, -0.02103030928481742, 0.003456727873952075]
A2: [0.33817399103022155, 0.0060597286401455445, 0.17932960630290765, 0.16858638896784486] - [0.12125565079722446, 0.28990813310484487, -0.03819109081679022, -0.047204474222434775] - [0.11127408571684463, 0.7777365396663508, -0.04387715774411779, -0.06740027192475928] - [0.39925427194993723, 0.39723785928398747, 0.4008095086622417, 0.39367309591385813]
B1: 0.03778589001602749 - 0.4158531518944472 - -0.020840526350973887 - -0.03728172474432974
B2: 0.012320432722951129 - 0.42536455176480803 - -0.0011838413642700713 - 0.003557969749644887
