Number: 8328
Error: 6.777671719112725e-16
A1: [0.08043166097532763, -0.18046783445714845, -0.0195888806543078, 0.11962494803157406] - [0.037415625673899444, 0.13359643182058392, -0.1347261406090133, -0.03628577944245699] - [-0.0017028238804102749, 0.22819011163924596, -0.12282838750570356, -0.10365891509078261] - [0.038863204222189564, -0.11448104867459365, -0.04641647158349036, 0.12203419776475023]
A2: [0.03530757114056954, -0.02927334736338091, -0.0756972281747487, 0.06966354179295575] - [0.1028937785213969, 0.28289672935222643, -0.39260636931448506, 0.006816025167565198] - [-0.01118706733493459, 0.5390146235378888, -0.3594509845831977, -0.16837643015445433] - [0.09786277152148083, 0.01746328848224658, -0.168851037060527, 0.05352484911169438]
B1: -3.458783669462592e-08 - -2.6026789854884212e-08 - -2.3671466494395976e-08 - -1.2645375877472313e-08
B2: -3.161514262845552e-08 - 6.568535071601918e-09 - -3.0224067166772686e-08 - -2.920053751319137e-08
