Number: 4217
Error: 9.474458494338152e-16
A1: [0.0662131907710562, -0.11395207082321096, -0.023983941197959557, 0.0717228772236751] - [0.037402630991317, 0.18819338745821254, -0.1474089282351951, -0.07818699163220963] - [-0.06022935267259136, 0.3289508180412753, -0.12775309143167635, -0.1409683040555691] - [0.039046142170389826, -0.05332270217160419, -0.037418606808078445, 0.05169510413593407]
A2: [-0.009108583660646596, -0.3468031938221689, 0.24945508238854897, 0.10645667163408605] - [0.08003983550498166, 0.03628226746391139, -0.05025010161661106, -0.06607194876141094] - [-0.042452832990364016, 0.23083187615278766, -0.040531260046900816, -0.14784785393916122] - [0.0681347970875672, -0.29346783205537713, 0.14177126051576971, 0.08356188098152123]
B1: 7.907250434632732e-09 - 5.898582706737056e-09 - -1.5860364653104162e-09 - 1.3727385297518124e-08
B2: 5.453491462136539e-09 - 1.660288856146506e-08 - -2.809185516260977e-09 - -1.4199392107185203e-08
