Number: 953
Error: 2.0086200732208588e-06
A1: [-0.01348683722268074, -0.01588754781584722, 0.016612843642692145, 0.007157166584124049] - [0.06540142102687098, 0.189077834355648, -0.1457711721366037, -0.11049174950875551] - [-0.09706299829171988, 0.4210410835692117, -0.054293381606018605, -0.27293369082973695] - [-0.002640762222424811, -0.01948883370170991, -0.005240052179603859, 0.021850931324566277]
A2: [0.16187423232651127, -0.16747248354666885, 0.008783067152880027, -0.0020525288516347394] - [0.035463540018204426, 0.2074949096090523, -0.11723249347193478, -0.12581367582975392] - [-0.08680353324612383, 0.5809604377004278, -0.23596285885111126, -0.2605107879363913] - [-0.005262223626216171, -0.005922611353902066, -0.0003025305967424702, 0.005877815346559653]
B1: -0.0008078134360506433 - -0.0006982428618886059 - -0.00025637407994700417 - 0.00013722450033436148
B2: 0.0010120200081315364 - 0.0011323305764177351 - 0.0008421859602099714 - 0.0009038404097737875
