Number: 4628
Error: 7.638612994197259e-16
A1: [0.06621317954735687, -0.11395208179611814, -0.023983952412881065, 0.07172286601877688] - [0.03740260359998592, 0.18819336128765207, -0.14740895516298003, -0.07818701856238662] - [-0.06022951165125055, 0.32895066535095413, -0.12775324699888463, -0.14096845878586434] - [0.03904610449804848, -0.053322737928744236, -0.037418643254796734, 0.05169506798513754]
A2: [-0.009108601195656983, -0.34680321242405326, 0.2494550647115315, 0.10645665324951833] - [0.08003986331400618, 0.03628229742220981, -0.050250071222899255, -0.06607191810964154] - [-0.04245284993169039, 0.23083185745537413, -0.04053127820171229, -0.14784787267549904] - [0.0681348370352788, -0.29346778807132584, 0.14177130382261757, 0.08356192577017711]
B1: 5.525309675042541e-09 - 2.8254629575306576e-08 - -4.514356073149012e-09 - 3.0453785544395106e-08
B2: 1.0348071621376161e-08 - 7.048577396392558e-09 - 7.145143510649551e-09 - 2.379285315407456e-09
