Number: 6508
Error: 9.903577514853953e-16
A1: [0.0804316856260727, -0.18046780980916685, -0.019588856032976037, 0.1196249726795482] - [0.03741558304146291, 0.1335963892203637, -0.13472618315666596, -0.03628582205138664] - [-0.0017028123469131045, 0.22819012317250692, -0.12282837598908944, -0.1036589035603668] - [0.03886322244506504, -0.1144810305028453, -0.04641645337219778, 0.12203421597632626]
A2: [0.03530743999381193, -0.029273478872928714, -0.07569735286770794, 0.0696634045339471] - [0.10289373388908733, 0.28289668434109655, -0.39260641248233447, 0.006815978431069428] - [-0.011187098753563263, 0.539014591931936, -0.3594510143216885, -0.16837646326125777] - [0.09786280195116774, 0.017463319050391165, -0.16885100809337925, 0.05352488105291727]
B1: -1.2586719864754036e-09 - 6.316416912905516e-10 - -6.433291660182225e-10 - 8.942849451288702e-10
B2: 5.48677717577792e-10 - -3.1053541532459125e-09 - 7.967724038248195e-09 - -5.526468898854729e-09
