Number: 7325
Error: 3.964995956960029e-16
A1: [0.08043168320108107, -0.1804678122338847, -0.019588858455066405, 0.11962497025483362] - [0.037415590439842106, 0.1335963966131458, -0.13472617577302354, -0.03628581465710443] - [-0.001702827060470564, 0.2281901084592617, -0.12282839068109958, -0.10365891826999388] - [0.038863236298818174, -0.11448101668797313, -0.04641643952727683, 0.1220342298214662]
A2: [0.03530749621009735, -0.029273422501157397, -0.07569729941796197, 0.06966346337035682] - [0.10289367101647512, 0.2828966209348881, -0.39260647329191584, 0.006815912594292933] - [-0.011187201493872962, 0.5390144885788167, -0.35945111156766324, -0.16837657152227603] - [0.09786283666074407, 0.017463353917846265, -0.1688509750520987, 0.05352491748665625]
B1: 3.4478123412012425e-08 - -2.7797601679608445e-08 - -2.7044981017581696e-08 - -6.784687812567762e-09
B2: -7.884186037697763e-09 - -4.065474105185735e-09 - -1.0892724973478064e-08 - -3.876994331252558e-09
