Number: 8833
Error: 9.966185060563746e-05
A1: [0.08985520820112135, -0.1710713701416465, -0.010249410151887283, 0.1290386045314766] - [0.04577914120995436, 0.14190547963217498, -0.12639606791001298, -0.02794987096384631] - [0.0023916511256788977, 0.23224080137686082, -0.11875013353002001, -0.09957660781237336] - [0.04860820868060306, -0.10477271698007529, -0.036785583842083414, 0.131769657151342]
A2: [0.03882236835494846, -0.025853223467938856, -0.07225379738306693, 0.07334080678340239] - [0.11658131435130417, 0.2966668545300184, -0.379260462259858, 0.021137139722787853] - [-0.034042187638870736, 0.5158404443245449, -0.3811383771940353, -0.19238827640560488] - [0.10974884502808596, 0.02933141725916358, -0.15741847837696848, 0.06599094693104153]
B1: 0.0009640553652922271 - -0.0002755615853500832 - 0.011756430376642904 - 0.00015926520336165262
B2: 0.011551937245720307 - 0.011490298771452953 - 0.012544224816762721 - 0.011725391336130523
