Number: 9745
Error: 1.0250634938314664e-15
A1: [0.05317254780788491, -0.14800127330905966, -0.026999049650547488, 0.12182781964853745] - [0.005313829679064092, 0.13083680424585148, -0.11360063392695025, -0.022549653359192543] - [-0.014444504268826779, 0.22309159312710272, -0.12704120726717316, -0.08160596070110507] - [0.02714650304817325, -0.10001999508578106, -0.049424465356443556, 0.12229816346538709]
A2: [0.08925458181199987, -0.07291325007695539, -0.12362730300453506, 0.1072865050675428] - [0.10884180020545596, 0.24981425253031947, -0.4048452195411408, 0.04618955269604906] - [0.036635972533407175, 0.4625551598103092, -0.3777174104485848, -0.1214732264866012] - [0.1434265035280927, -0.04460655325609302, -0.20149946680945605, 0.10267993386526145]
B1: -1.9667996901014416e-08 - -6.443106084090318e-09 - 6.944340336886591e-09 - -6.3157173415896115e-09
B2: 4.744832910724462e-09 - 1.2091416996957571e-08 - -3.4136264624842395e-08 - 2.984836402815783e-08
