Number: 2886
Error: 8.077826690745183e-09
A1: [0.06348857116192047, -0.04781829085181573, -0.02338976385840697, 0.007908542374556704] - [0.04387623129180639, 0.1914777577971682, -0.14234352878695897, -0.09227614740521922] - [-0.1233611439407906, 0.4149434715480028, -0.1047759774705654, -0.1869910064799474] - [0.036971671367179534, 0.01913390617964341, -0.03316592283775971, -0.023085722951624255]
A2: [0.06437270902930764, -0.17275933278515607, 0.087250033796209, 0.024874536392980387] - [0.029474349299825568, 0.20048047155533968, -0.10152649525869331, -0.12769276084687778] - [-0.09306942116249581, 0.5140164841511482, -0.22526482222029628, -0.19476835725339453] - [-0.026207260457010793, 0.018241833347783863, -0.050567661525243314, 0.05670469131438928]
B1: 5.265227782679294e-05 - -0.0001022852213605521 - -0.00032342370473351995 - 0.00018675395514506052
B2: -0.0001720248774614502 - -5.650969758021878e-05 - -3.541778766360684e-05 - -3.684293744485007e-05
