Number: 884
Error: 1.3144077079251012e-10
A1: [-0.012124347231872515, -0.014487371584034053, 0.018119373898217883, 0.008614118192778237] - [0.06579744286384086, 0.18945890780936575, -0.14536164370504692, -0.11005063730984208] - [-0.09626036681098327, 0.4218176896086388, -0.05342184718997707, -0.2719976309641574] - [-0.0012513421928683393, -0.018151768701218818, -0.003760429100825299, 0.023457847140308144]
A2: [0.16164671973834613, -0.16769584777748053, 0.008560159091052974, -0.002274498944558921] - [0.035497208501877694, 0.2075280280966542, -0.11719898466605386, -0.12578079067817124] - [-0.08615343749426391, 0.5815970454994672, -0.2353302126024413, -0.25987689240660605] - [-0.0037722162298899535, -0.004457553549194537, 0.001172381035952118, 0.007303458089313341]
B1: 3.3642195585564726e-06 - -1.2675844452628618e-05 - -2.9293441566342673e-06 - -2.0810564467480287e-05
B2: 1.0088927665859903e-05 - -2.7929857308575652e-05 - 6.799642041514213e-06 - -6.164041808494521e-06
