Number: 9845
Error: 8.920942629364543e-16
A1: [0.05317249773463791, -0.14800132340067498, -0.026999099668577685, 0.12182776955116459] - [0.00531372178765441, 0.1308366962413604, -0.11360074180187235, -0.022549761402669136] - [-0.014444515099669323, 0.22309158229236736, -0.12704121808940308, -0.08160597153577628] - [0.027146448660482877, -0.10002004947343951, -0.04942451985891432, 0.12229810893946992]
A2: [0.08925455482873774, -0.07291327699768528, -0.12362732937974524, 0.10728647775151492] - [0.10884159647708558, 0.24981404876603994, -0.4048454192342786, 0.046189345539901096] - [0.036635659808596004, 0.4625548487126071, -0.3777177155585, -0.12147354245484521] - [0.14342620149052193, -0.04460685416864702, -0.20149976172295508, 0.10267962734662246]
B1: -5.579081432384477e-08 - -2.2291090522653263e-08 - -4.807598070727041e-09 - 2.0173975651064524e-08
B2: -2.2209525792076976e-08 - -1.6186262662688254e-08 - -2.4728091616187932e-08 - -4.770410981129156e-09
