Number: 4571
Error: 1.046162041803941e-15
A1: [0.06621307849133157, -0.11395218059388583, -0.02398405338959357, 0.0717227651323507] - [0.03740247197512415, 0.18819323552900974, -0.14740908456031324, -0.07818714797117582] - [-0.06022953705143158, 0.3289506409555107, -0.1277532718539871, -0.14096848350727847] - [0.03904617245779367, -0.05332267342389109, -0.03741857750599998, 0.051695133200070825]
A2: [-0.009108629857546362, -0.3468032428298044, 0.2494550358178056, 0.1064566231991285] - [0.08003978087144425, 0.036282208607986415, -0.05025016132789127, -0.06607200897972679] - [-0.04245279470422411, 0.23083191840775244, -0.04053121901784304, -0.14784781159607896] - [0.06813467750411309, -0.2934679637218786, 0.14177113087565452, 0.08356174690651047]
B1: 2.258011320566925e-09 - -3.4498302919461774e-08 - 5.898309274781328e-09 - -3.6507120484852805e-08
B2: -3.3244480698633566e-08 - -6.197008989563806e-08 - 3.69360572732421e-08 - -2.622705526149403e-08
