Number: 3548
Error: 1.755381310580348e-11
A1: [0.0662267380781607, -0.11393882663093467, -0.02397040517417379, 0.07173640227474593] - [0.0374068582082464, 0.18819742602859213, -0.14740477274718392, -0.07818283512702595] - [-0.06022805903451836, 0.3289520609780523, -0.12775182462134368, -0.1409670456267747] - [0.03906096644984399, -0.053308631710899855, -0.03740426537784933, 0.05170932990307626]
A2: [-0.009131887570387026, -0.34682791531298696, 0.24943159081577956, 0.10643223863945288] - [0.08003484346745227, 0.03627688994624407, -0.05025555754920997, -0.06607745122065907] - [-0.042442665759148304, 0.23084309763082275, -0.04052036480699454, -0.14783660985727817] - [0.06807691106485951, -0.29353156743220277, 0.1417085077016389, 0.08349698084684777]
B1: -3.4417531138134535e-06 - -8.912869037705647e-06 - 5.642194253061667e-06 - -1.8995579321734815e-06
B2: -1.8790319809205051e-06 - 3.420174177068045e-06 - -3.973554330532681e-06 - -3.886481641397639e-06
