Number: 9718
Error: 2.3816776810093212e-15
A1: [0.053172686109017535, -0.14800113495720527, -0.026998911502017525, 0.1218279580162932] - [0.005313844053195615, 0.13083681863488197, -0.11360061955537179, -0.022549638964866503] - [-0.014444330844857153, 0.2230917666144846, -0.12704103398059277, -0.08160578721529674] - [0.027146648156794587, -0.10001984997755343, -0.04942431994198763, 0.12229830894263506]
A2: [0.08925430182161824, -0.07291352941999255, -0.12362757668652571, 0.1072862216247648] - [0.10884145921983673, 0.24981391148449866, -0.4048455537728816, 0.046189205973193946] - [0.03663565185558858, 0.4625548408011237, -0.3777177233179037, -0.12147355049032967] - [0.14342620734735548, -0.04460684833377662, -0.20149975600428222, 0.10267963329031553]
B1: 3.0806033852925304e-08 - 4.053992374239224e-08 - -3.521403509656188e-08 - 3.092196794613065e-08
B2: -2.080423741007955e-08 - 1.1461776243110174e-08 - -3.9446921598839853e-08 - -1.8431028836990098e-08
