Number: 7836
Error: 8.807959381830153e-16
A1: [0.08043163927551633, -0.18046785615448194, -0.019588902328105902, 0.11962492633428834] - [0.03741557071478294, 0.13359637690300988, -0.13472619545877007, -0.036285834371234754] - [-0.001702840336183072, 0.22819009518382802, -0.12282840393737278, -0.10365893154216067] - [0.03886317391582093, -0.11448107889590912, -0.046416501870517164, 0.12203416747724241]
A2: [0.03530729063513457, -0.02927362864467867, -0.07569749487620993, 0.06966324821407117] - [0.10289373286360375, 0.28289668330693335, -0.39260641347416225, 0.006815977357257823] - [-0.011187041660545407, 0.5390146493654714, -0.35945096028180973, -0.16837640310045374] - [0.09786278318846621, 0.017463300202354645, -0.16885102595427212, 0.05352486135821007]
B1: 6.2814620466325686e-09 - -9.247994699032466e-10 - 2.699902377903695e-08 - 1.3351538028316769e-08
B2: -1.0310281513259387e-08 - 5.3149832693291705e-08 - -2.692268716297796e-09 - -9.09333716868191e-09
