Number: 144
Error: 2.3293404017206574e-05
A1: [-0.0010680185769441864, -0.002808292846006779, 0.031103410292753254, 0.02106764264006054] - [0.0756255543747323, 0.19895068659732312, -0.13552275995317403, -0.09937728898645916] - [-0.08534327807254266, 0.43304681974608855, -0.04109145089956896, -0.25865525509403386] - [0.007628203266553206, -0.009009264000834051, 0.0065860217144174844, 0.034509211446589715]
A2: [0.18093904836991365, -0.14926350178180806, 0.027470268939089874, 0.016104026657434] - [0.05093675858803246, 0.22239755051530613, -0.10232737598770997, -0.11123632269873612] - [-0.05832565580864757, 0.6088793701799255, -0.208298955583376, -0.23313751719969078] - [0.021423120677313306, 0.02048448545922897, 0.025981345371704465, 0.031117840901197784]
B1: 0.006050572516966822 - 0.06711163002099743 - 0.0030573256868861092 - 0.002618333771203055
B2: -0.008585918615217037 - 0.10424128236060744 - -0.008875009464089412 - -0.007600044303910032
