Number: 5188
Error: 8.168496749167782e-16
A1: [0.06621316112732417, -0.11395209980451484, -0.023983970818452664, 0.07172284762965628] - [0.03740255480437003, 0.1881933146667836, -0.1474090031327733, -0.07818706653643301] - [-0.06022946039768624, 0.32895071457698405, -0.12775319684519565, -0.14096840890188175] - [0.03904621095455325, -0.05332263688406393, -0.03741854026155151, 0.051695170142070715]
A2: [-0.00910874247582177, -0.3468033622996895, 0.24945492228819802, 0.10645650512550131] - [0.08003982100070939, 0.03628225183871461, -0.05025011746879901, -0.06607196474828074] - [-0.042452861142638756, 0.23083184508238797, -0.04053129021576155, -0.14784788507426905] - [0.06813470491471997, -0.29346793354145884, 0.14177116059141134, 0.08356177763908496]
B1: -1.882865734330696e-08 - -3.382770613465695e-08 - -3.2384264344498225e-08 - -2.6421505739760798e-08
B2: 1.0862164543362635e-08 - -6.048122770843577e-08 - -5.651184230779665e-08 - 1.3657498828110702e-08
