Number: 1265
Error: 4.514926595542885e-09
A1: [-0.007338031494679684, -0.015145369688830316, 0.002841256233313397, 0.01930004122208263] - [0.06674032219270612, 0.1898012929739734, -0.14682471758707583, -0.10995844214367406] - [-0.11283461607850336, 0.4415422469774918, -0.07104790604480629, -0.25837017509722693] - [-0.023616691652325356, 0.01510190222472014, -0.030186243154297826, 0.038650091068961244]
A2: [0.13194105205973922, -0.2242797082679988, 0.02301648986529619, 0.07050809903936912] - [0.03294932347034934, 0.20404733266981456, -0.11458647887677569, -0.1211608376925626] - [-0.09450897165802577, 0.5556534565608385, -0.2350906108291548, -0.22552266789167702] - [-0.0205814983735743, -0.019034440902836274, 0.008363231089030402, 0.03241878045767611]
B1: 0.00016279839162692817 - -3.8006556737782125e-05 - 8.361088061591165e-05 - 8.288336932406746e-05
B2: 2.0604907907733282e-06 - -3.4959295985561414e-05 - 0.00012867413452818062 - 0.00014189271558862846
