Number: 2836
Error: 9.86987088628371e-09
A1: [0.06366352626917227, -0.04764373932216084, -0.023216433564305028, 0.008082842800046081] - [0.04369184594933347, 0.1912999495406285, -0.1425332788553536, -0.0924785528051909] - [-0.12280432187776373, 0.41549942724700134, -0.10421595857007658, -0.1864325402485831] - [0.037348599391758545, 0.019512684075463062, -0.032788102966090735, -0.02270932800496225]
A2: [0.0639584857028381, -0.17317150147530588, 0.08683856630490237, 0.024467949394592632] - [0.02952780337885731, 0.20053301565766532, -0.10147302850308078, -0.1276401251415827] - [-0.09311419619399694, 0.5139720966897477, -0.2253095716329181, -0.1948114097826347] - [-0.025813689142401765, 0.018633460530445133, -0.05017341901437253, 0.05708808498364099]
B1: 1.5095822460097948e-05 - 6.701680172349273e-05 - -0.00017093968272026053 - 7.754069368180153e-06
B2: -9.128449806527532e-05 - 6.120712301737081e-05 - -0.00016912073985669217 - -9.271627819848946e-05
