Number: 5713
Error: 0.018010992935839916
A1: [-0.1831849440975727, -0.40370055281069434, -0.2886736434063163, -0.14289135368593703] - [-0.20099002405549618, -0.08575042561238835, -0.3871757607441653, -0.27978576372972935] - [-0.061747851903105645, 0.24092143638292957, -0.1760436762136982, -0.15360224435086586] - [-0.5970226246804942, -0.6674721896096323, -0.668629660759737, -0.5001679481823827]
A2: [-0.024534160542359733, -0.10668156822968368, 0.1913824795419139, -0.45660630835281835] - [0.29052056996111436, 0.464275977985594, 0.17664495120207743, -0.36511573701061395] - [-0.11428262606093417, 0.4166467637998872, -0.13174095270618663, -0.766364546503595] - [0.06797911571060955, -0.02807180199912898, 0.14234423827562326, -0.47562581843039403]
B1: -0.3505952970574672 - -0.554034587859605 - -0.37916356978567345 - -0.3910790886770477
B2: -0.7104617542542409 - -0.6199000535612269 - -0.8746926652410546 - -0.6691207389318942
