Number: 701
Error: 8.92996665806428e-15
A1: [-0.012153210580726636, -0.014516981876604882, 0.018087485951080885, 0.008583293174063832] - [0.06583531561102562, 0.18949533803718302, -0.1453224873507394, -0.11000847147077446] - [-0.09629358711221034, 0.42178559402727367, -0.05345789000603038, -0.2720363319847804] - [-0.0013220172064358727, -0.01821974203534241, -0.00383566101457485, 0.02337614607065937]
A2: [0.16158685953838406, -0.16775463715028277, 0.00850146982151837, -0.0023329342499203345] - [0.0354856207671294, 0.20751662066598353, -0.11721052654431421, -0.12579213007582693] - [-0.0862137128340015, 0.5815379570715888, -0.23538889025301146, -0.2599357321464154] - [-0.003835085578316608, -0.004519406119499055, 0.001110139811383734, 0.007243279604986819]
B1: 2.080530581280907e-08 - -9.797602031515282e-08 - 1.6487510025837495e-07 - 8.048202324921306e-08
B2: -5.660698903026953e-08 - -2.012279814624487e-07 - 2.0908996612471645e-07 - 1.2031034998670362e-07
