Number: 4656
Error: 1.0834074503939763e-15
A1: [0.0662131606031692, -0.11395210031696353, -0.023983971342198273, 0.0717228471063846] - [0.037402582651713374, 0.18819334127299847, -0.14740897575673728, -0.07818703915796633] - [-0.0602295247911404, 0.3289506527307772, -0.1277532598568227, -0.14096847157466372] - [0.03904603116944652, -0.05332280752953164, -0.037418714197797846, 0.051694997618169355]
A2: [-0.009108701192657435, -0.34680331850513135, 0.2494549639054289, 0.10645654840819331] - [0.08003976243681159, 0.036282188748617356, -0.05025018147587253, -0.06607202929879585] - [-0.042452945262129706, 0.2308317522429298, -0.04053138036149138, -0.14784797810721906] - [0.06813459736015501, -0.29346805196372794, 0.14177104399195145, 0.08356165705051746]
B1: -1.032049914337775e-08 - 8.085012283469806e-09 - -2.206256017870109e-08 - -3.89156211385557e-08
B2: -1.2578269231830873e-09 - -2.159937760216016e-08 - 1.4522536732309804e-08 - -1.6120460275775514e-08
