Number: 8648
Error: 2.1838754617924864e-15
A1: [0.08043167992549431, -0.18046781550907426, -0.019588861726752626, 0.11962496697963748] - [0.037415597013495186, 0.1335964031818858, -0.1347261692122409, -0.03628580808697092] - [-0.0017028155505338935, 0.2281901199689494, -0.12282837918802574, -0.1036589067631155] - [0.0388632233896823, -0.11448102956080418, -0.04641645242816645, 0.12203421692041179]
A2: [0.035307385902044665, -0.029273533114268318, -0.07569740429761046, 0.0696633479211318] - [0.10289369855823872, 0.28289664871045167, -0.3926064466538889, 0.006815941434578092] - [-0.011187158671379304, 0.5390145316567272, -0.3594510710353821, -0.16837652639855277] - [0.09786275944152804, 0.017463276347370563, -0.16885104855991342, 0.05352483643172168]
B1: 3.516367025976604e-08 - 1.4435703229533269e-08 - 3.075832971382709e-08 - 3.580334820785612e-08
B2: -1.599432894221084e-08 - -4.116644272648162e-09 - 1.1357075257216584e-08 - -1.8210832834762427e-08
