Number: 2584
Error: 3.999971521967156e-09
A1: [0.0633852465924155, -0.0479162344006648, -0.02349006360275775, 0.007808662141074718] - [0.04375339743813141, 0.19135930010468932, -0.14247025156796106, -0.09241193980781795] - [-0.12331330308388162, 0.41500203899481625, -0.10471643043218849, -0.18692987399309172] - [0.03713802149796762, 0.019309119441100017, -0.032994021682853585, -0.022913982614226672]
A2: [0.06349363903434224, -0.17363874469121585, 0.08638205078297334, 0.02401030990539469] - [0.02915650518087382, 0.20016695038472018, -0.10184315467026465, -0.12800401698200725] - [-0.09289537864897199, 0.5141861445270558, -0.22509343490973577, -0.19459991616928354] - [-0.02526843207766997, 0.019178416427878216, -0.04963550810082714, 0.057617028240159296]
B1: 0.0001164778669553045 - -0.0001575178149808192 - 7.77508430955987e-05 - -2.372096608571987e-05
B2: -0.00017773856726509854 - 0.0002164736005013173 - 2.1039581039454648e-05 - -0.00021293229372459953
