Number: 6082
Error: 3.485727995363932e-14
A1: [0.08043260911356301, -0.18046688642643824, -0.019587933649780315, 0.11962589606143628] - [0.037416605382242826, 0.13359741078711074, -0.1347251628531013, -0.03628480027713948] - [-0.001701732218797917, 0.22819120327762915, -0.12282729744238234, -0.10365782372050981] - [0.03886378089707304, -0.11448047361809097, -0.0464158952760334, 0.12203477408124107]
A2: [0.035307261915050285, -0.029273657444338932, -0.0756975221821646, 0.06966321815530038] - [0.10289379737493713, 0.2828967483657226, -0.39260635107944786, 0.0068160449100705895] - [-0.011187219235885943, 0.5390144707309694, -0.3594511283603965, -0.16837659021765364] - [0.09786278615429428, 0.017463303181641073, -0.16885102313071168, 0.05352486447136408]
B1: 5.528311104262525e-08 - 1.0964548988083658e-07 - 6.708009004119272e-08 - 1.084519280160973e-07
B2: 3.0289116070135996e-07 - 5.51550795370409e-07 - -9.028363691104604e-07 - -2.2159709692727002e-07
