Number: 368
Error: 2.31027153671662e-11
A1: [-0.01215223976609859, -0.014515982031551121, 0.01808856246752763, 0.008584335644870246] - [0.06587460147565512, 0.18953312960801294, -0.14528187029065537, -0.10996473058130966] - [-0.09631381835773978, 0.4217660428020833, -0.05347983909295099, -0.27205990289429777] - [-0.0013519926612061215, -0.018248569454868836, -0.0038675639307927012, 0.023341498187101063]
A2: [0.16159395407176524, -0.16774768268307055, 0.008508418605054845, -0.0023260221374871615] - [0.03547302715072911, 0.2075042278120944, -0.11722306882695235, -0.12580445092347162] - [-0.08618768147383549, 0.5815634497695058, -0.23536356707507236, -0.259910355653298] - [-0.0038457385896377336, -0.004529883429979137, 0.0010995977746652518, 0.007233088146173601]
B1: -5.339560534226563e-06 - 3.751153800047479e-05 - 1.5949738352588555e-05 - 5.04966765351543e-06
B2: 1.323857889862265e-05 - 1.4205816589927698e-05 - 1.236974307924378e-05 - 3.4292083217909595e-06
