Number: 4504
Error: 9.312934816266672e-16
A1: [0.06621316792977877, -0.1139520931540848, -0.023983964021330465, 0.07172285442071122] - [0.03740261307577249, 0.18819337034111971, -0.1474089458475449, -0.0781870092461324] - [-0.06022959151772274, 0.3289505886436301, -0.12775332515145738, -0.1409685365182132] - [0.039046161280929415, -0.05332268403254528, -0.03741858831923645, 0.05169512247466835]
A2: [-0.009108524224538821, -0.34680313076978686, 0.24945514230545962, 0.10645673394952845] - [0.08003980956134668, 0.036282239515216905, -0.050250129971490344, -0.06607197735704326] - [-0.04245278987564343, 0.23083192373687125, -0.04053121384337738, -0.14784780625584298] - [0.06813461384732436, -0.2934680338107361, 0.14177106186569352, 0.08356167553552991]
B1: -4.846951769381962e-08 - 6.873371538349609e-09 - 2.4737856609537158e-08 - -5.069641556125746e-08
B2: -3.6419575805207587e-09 - -1.848708316766095e-08 - -1.0341672167785768e-08 - -1.8022034977736876e-08
