Number: 1176
Error: 1.9418698320576297e-07
A1: [-0.006527334820228198, -0.014316548219186473, 0.0036839000013899888, 0.02012382849428719] - [0.06844957467995692, 0.1914459516724495, -0.14505770763138476, -0.10805466379133309] - [-0.11452423149277999, 0.43989534092610183, -0.07280475239428345, -0.26020503012120766] - [-0.02194140875682334, 0.016763941048432453, -0.02845299972222848, 0.04040895747500764]
A2: [0.1325207682433139, -0.22370794217007509, 0.02358688648362501, 0.07108053122285515] - [0.03221751120785832, 0.2033297317353815, -0.11531374146369595, -0.12187982740061544] - [-0.09651922655639192, 0.5536694336873118, -0.23706373667601385, -0.2275127914265262] - [-0.020500407144668924, -0.018960836965770663, 0.00843919091699506, 0.03249905820214744]
B1: 0.00025636859268282706 - -8.806512605317269e-05 - -0.0005810330774967032 - 0.0003441286656308047
B2: 6.105909436317241e-05 - -2.2878812285296826e-05 - 0.0008639039376154833 - -0.00012022257043852434
