Number: 5583
Error: 1.5394469642424472e-08
A1: [0.0663853605259528, -0.11378372003332592, -0.02381187597888767, 0.07189478081195459] - [0.03750269848064603, 0.18828901762019665, -0.14731053484868906, -0.07808859596898624] - [-0.059913270089777954, 0.3292544669935023, -0.12744370266454091, -0.1406605957225677] - [0.039231494157649704, -0.05314672672400839, -0.03723921331036707, 0.05187302830143486]
A2: [-0.009156093154194576, -0.34685359423862244, 0.24940726479460104, 0.10640692119169977] - [0.08007662920326988, 0.03632190926976204, -0.05020988485442489, -0.06603138958516265] - [-0.04240726411812138, 0.2308821782322786, -0.04048245343371568, -0.14779747231855522] - [0.0681738474458496, -0.2934248284862936, 0.1418135792475028, 0.08360565345881611]
B1: 3.841463608314765e-05 - 5.5959629047913386e-05 - 7.196651209800984e-05 - 6.35548082043372e-05
B2: -5.057180725671489e-05 - -7.116720727911094e-05 - -5.939984459256317e-05 - -5.219497772995544e-05
