Number: 2111
Error: 0.0020007483900295053
A1: [0.13093256118483437, 0.0920729166694655, 0.06153345286905203, 0.1448827436504823] - [0.10826891974379291, 0.23778742624849553, -0.09366646325487182, -0.056160174450266366] - [-0.10711424128768043, 0.4194610718245502, -0.13010807602599422, -0.14855044342540635] - [-0.2681045667851747, -0.25321080755253994, -0.31397853644247403, -0.3118275406097091]
A2: [0.1633110364384155, -0.1961234550307582, 0.0597009386588322, 0.04102024797832581] - [0.10929561253753756, 0.26354682771984045, -0.044603429976607864, -0.06164336399863783] - [-0.1479983601295655, 0.3741651008829127, -0.343859901357054, -0.4023147101929562] - [0.040023652411678434, 0.04799280253557088, -0.04213492807759539, 0.09375890506827245]
B1: -0.023814596229629247 - -0.02962302003362692 - -0.07523062853108328 - 0.00021591617191774742
B2: 0.06050998086815088 - -0.011055528830258524 - -0.017107312967226153 - -0.05929504911479988
