Number: 6800
Error: 9.672367104362122e-16
A1: [0.08043167102169688, -0.18046782441188744, -0.01958887061989038, 0.11962495807684005] - [0.03741556905929194, 0.13359637524877707, -0.13472619711097816, -0.036285836025812875] - [-0.0017028477072083107, 0.22819008781296415, -0.12282841129761102, -0.10365893891122455] - [0.038863211648441115, -0.11448104126916726, -0.0464164641619434, 0.12203420518641181]
A2: [0.035307396350090524, -0.02927352263736362, -0.07569739436359559, 0.06966335885605142] - [0.10289365344317242, 0.282896603212428, -0.3926064902885704, 0.006815894192436455] - [-0.011187105185940674, 0.5390145854611883, -0.35945102041006366, -0.16837647003928968] - [0.09786276964013225, 0.017463286592382044, -0.1688510388513881, 0.05352484713684116]
B1: -5.101265619937285e-09 - -2.5612530549013148e-08 - 6.102910814604172e-09 - -2.5908626744107595e-09
B2: -3.393199621122987e-09 - -9.106894470715243e-09 - -9.785028255272146e-09 - -7.716618308301272e-09
