Number: 2291
Error: 0.00028558704156068503
A1: [-0.019088995025620427, -0.12083458816458896, -0.09808766649894005, -0.0684356322520451] - [0.07494639187633444, 0.21797276480013492, -0.11642582410855574, -0.061975478622647226] - [-0.13549327515023984, 0.41460134763825107, -0.1089665851909132, -0.19033254627582813] - [-0.033993120026075734, -0.03753090202141926, -0.08747614072608047, -0.08372486826011928]
A2: [0.02300190974790669, -0.21855182187077746, 0.05022145227924793, -0.016633847355326248] - [0.06021597446732865, 0.23101862415195232, -0.06989650579787074, -0.0979482797381964] - [-0.044714827906776416, 0.5687242782867132, -0.171504035251959, -0.15015924105981762] - [-0.007092600305713194, 0.04105902889064844, -0.030467134777497275, 0.0747465985713836]
B1: -0.018676331340265317 - -0.004656548693445912 - -0.04138675367515557 - 0.0124857790317106
B2: -0.010560506217551866 - -0.0032787935904475133 - 0.019190829763842635 - 0.0020703020052646173
