Number: 1658
Error: 9.403534205831486e-08
A1: [-0.0069280505840366505, -0.014733178414460715, 0.0032666986412286637, 0.01971173801010634] - [0.06725437912491437, 0.19029581722135103, -0.14629436477518012, -0.1093860252660624] - [-0.11366093088982084, 0.44072128300280317, -0.07191250631456607, -0.25927980327468136] - [-0.021970926817661728, 0.016714424257006998, -0.028508588226123625, 0.04038289901807131]
A2: [0.13137026478441657, -0.22484290386566053, 0.022442727593439467, 0.06994346698994158] - [0.03260130618731438, 0.2037052335311202, -0.11493281690566667, -0.12150109609212442] - [-0.09494477322444897, 0.5552259469330385, -0.2355253498119385, -0.22595405856959438] - [-0.020986640452798855, -0.019444206668175968, 0.00795517514469147, 0.032021714073591695]
B1: 2.47446325367635e-05 - 0.00027839217817532863 - -3.5659639827293935e-05 - 0.0001956680881745484
B2: -0.00022586204525733194 - 5.670088462186513e-05 - 0.0011008725242657503 - -0.000401377400985918
