Number: 2198
Error: 0.0005045375663473437
A1: [0.017288268960705826, -0.07136191069479007, -0.036023410470569624, 0.005306749140757322] - [0.05128834746736851, 0.1841666154018629, -0.1577659630031906, -0.10728177332442136] - [-0.1494501269529119, 0.3876301567381569, -0.13156341652113906, -0.23380720260361196] - [-0.007946516919105976, 0.0016504055558287057, -0.03830881364037758, -0.039820893966088386]
A2: [0.22397745705205938, -0.0676304563615781, 0.2340738598267548, 0.17939237621493043] - [0.037127257860001664, 0.20346085851094334, -0.09893382623277587, -0.1247883777234274] - [-0.14363772961240592, 0.4873524753710649, -0.2585155041163502, -0.24446203531229627] - [-0.16700422450303049, -0.08095981248415239, -0.13851128495930523, -0.05624077135128845]
B1: 0.03991806196050799 - -0.027395080251985955 - -0.04312050142026475 - -0.009994145676741274
B2: 0.007093709849296556 - 0.0053570122782154945 - -0.011336191304681005 - 0.003635767036476328
