Number: 2928
Error: 2.7548418709703675e-08
A1: [0.06369105512115239, -0.04761511364481865, -0.023188534948406853, 0.008109724776945266] - [0.04338696088941617, 0.19100552487861178, -0.14284754594948926, -0.09281400577491289] - [-0.1238508313957943, 0.41445646192049485, -0.10526733474203565, -0.18748066355101317] - [0.03654750134808772, 0.018710471390764784, -0.03358922784359268, -0.02350684484275688]
A2: [0.06387166574529192, -0.1732597867261627, 0.08675027170736355, 0.024379800257873247] - [0.02954592669352471, 0.20055054602183103, -0.10145526930710037, -0.12762280825091138] - [-0.09340198898157186, 0.513689007190557, -0.2255981080025593, -0.19509036062947852] - [-0.025863200337192922, 0.01858293064459691, -0.050223321979444215, 0.057040004582081076]
B1: 6.905050799583555e-05 - 0.0001658694261618666 - -0.00014820518850873973 - 9.47332052159201e-06
B2: 2.8945628955777184e-05 - -0.00016152530002168088 - -0.00015478614386741155 - -9.836265121641654e-05
