Number: 9392
Error: 3.283581894298407e-11
A1: [0.05316456029290955, -0.1480092627477944, -0.027007027872307823, 0.12181982933481303] - [0.00530872650838031, 0.13083169564230268, -0.11360573642351005, -0.022554763752048526] - [-0.014443500598828927, 0.22309259742096305, -0.12704020420402087, -0.08160495622728879] - [0.027143499744902808, -0.10002299697522676, -0.04942747404682259, 0.12229515425648607]
A2: [0.0892966815049337, -0.07287124838553598, -0.12358615169870481, 0.10732912427379418] - [0.10887010370297122, 0.24984256148973877, -0.40481747657524625, 0.04621833242822824] - [0.0366570360479932, 0.46257611355741535, -0.3776968597338809, -0.12145194465800743] - [0.14343235356169404, -0.04460072471550783, -0.20149375470420144, 0.10268587023024281]
B1: 1.6881600740337155e-05 - -2.643057638577136e-05 - -2.842265598303922e-06 - -2.1846249326285475e-05
B2: -5.173584024824543e-06 - -2.656329359610288e-06 - -4.5449047551476724e-06 - -3.873891410876939e-06
