Number: 8566
Error: 1.655676857121559e-15
A1: [0.08043165738917415, -0.18046783804284283, -0.019588884236125047, 0.11962494444588845] - [0.03741553658830285, 0.13359634280242388, -0.1347262295170419, -0.03628586847869528] - [-0.0017027931313555549, 0.22819014238763852, -0.12282835680167321, -0.10365888434993123] - [0.03886321555880001, -0.11448103736971166, -0.04641646025405934, 0.12203420909439325]
A2: [0.035307303431850734, -0.029273615812552247, -0.07569748270942592, 0.06966326160734293] - [0.1028936996643316, 0.2828966498259294, -0.3926064455840852, 0.006815942592813389] - [-0.011187152628491074, 0.5390145377356597, -0.35945106531563703, -0.16837652003098028] - [0.09786272099641131, 0.017463237727388798, -0.16885108515725908, 0.053524796076964316]
B1: -3.513403385492212e-08 - 1.3528757173858582e-09 - -2.081294624936129e-08 - -1.0959676988680789e-08
B2: 2.898972918319119e-08 - -2.350603100038258e-08 - 1.645310336065864e-08 - 2.3563667299788467e-08
