Number: 6296
Error: 6.889581654470558e-16
A1: [0.08043164356125898, -0.18046785186921258, -0.019588898047491195, 0.11962493061954149] - [0.03741555245359235, 0.13359635865564815, -0.13472621368358859, -0.036285852622310016] - [-0.0017028377925267146, 0.22819009772743834, -0.1228284013974478, -0.10365892899918731] - [0.03886320435910308, -0.11448104853804804, -0.04641647144663633, 0.12203419790160755]
A2: [0.035307475926583565, -0.0292734428407731, -0.07569731870330258, 0.0696634421415093] - [0.10289379642757172, 0.28289674741035525, -0.3926063519959431, 0.006816043918020402] - [-0.011186923880771223, 0.5390147678477812, -0.35945084880088035, -0.16837627899158678] - [0.09786286720484536, 0.017463384600887588, -0.16885094597612985, 0.05352494954806903]
B1: -4.210821221876282e-08 - 6.319582807681359e-09 - -1.5890986409967654e-08 - -3.515084001281296e-09
B2: -2.110609883665374e-08 - -1.8233673528636592e-08 - 2.575673265593351e-10 - -8.51500863368377e-09
