Number: 1232
Error: 1.4798098554053554e-07
A1: [-0.007718467970196145, -0.015527572493868588, 0.0024481702496783352, 0.018908629852505236] - [0.0664926684981993, 0.1895634245356885, -0.14708077936441033, -0.11023386656870418] - [-0.11251778884191348, 0.4418535944866657, -0.07071234037438603, -0.2580275827690008] - [-0.022401795700832294, 0.016297384035667495, -0.02894152112708691, 0.039929796496087105]
A2: [0.13252504265373222, -0.22370319797536983, 0.023589329261060957, 0.07107866162025231] - [0.03326205175669753, 0.204355546147644, -0.11427515479745282, -0.12085555650941256] - [-0.09247809044912736, 0.5576554241364351, -0.23309638971756663, -0.22352652007271095] - [-0.019224132314115218, -0.017695420142161064, 0.009708497796340879, 0.03372525328163265]
B1: -0.00014910610450219732 - 0.0007773319964272966 - -0.0002559343194100416 - -0.000448664306058747
B2: 8.169299778353504e-05 - 0.00011646685545274065 - 0.0002814089079827694 - 0.0005525008839077272
