Number: 5958
Error: 1.0126607952194804e-10
A1: [0.08042705678393479, -0.18047243854092201, -0.019593478009168316, 0.11962034511356089] - [0.03737778707045786, 0.13355862140533056, -0.13476390559188026, -0.03632359812483999] - [-0.001720549667543754, 0.22817238647028162, -0.12284608572972835, -0.10367663533007852] - [0.038864774199492656, -0.11447948238454296, -0.04641490110078132, 0.12203576745475143]
A2: [0.035369985890219384, -0.029210764722195852, -0.07563788663881603, 0.06972886620172947] - [0.10296315987070466, 0.2829666952445771, -0.3925392667257381, 0.006888676571407026] - [-0.011175039934707465, 0.5390267223772206, -0.3594396010180473, -0.16836375710538373] - [0.0978878126658282, 0.017488441710768958, -0.16882720036426682, 0.05355113414072535]
B1: -1.9645685428978528e-05 - -1.6004892410344225e-05 - 1.300384643809269e-05 - 9.04227588896966e-07
B2: -6.520085654852333e-06 - -2.24967329907033e-06 - 3.18462984355387e-06 - -1.2436727307798718e-05
