Number: 8144
Error: 9.31256800281251e-16
A1: [0.08043167616103476, -0.18046781927316055, -0.019588865486741616, 0.11962496321556683] - [0.03741560383960069, 0.13359641000279876, -0.13472616239984528, -0.03628580126470768] - [-0.0017028113985174853, 0.22819012412087256, -0.12282837504208695, -0.10365890261222321] - [0.038863227000418325, -0.11448102596028802, -0.04641644881976244, 0.12203422052883961]
A2: [0.035307539155751376, -0.029273379436680465, -0.0756972585856041, 0.06966350831748057] - [0.10289375253815436, 0.28289670314844817, -0.3926063944451755, 0.00681599795935459] - [-0.011187206697034675, 0.53901448334459, -0.3594511164927087, -0.16837657700488468] - [0.09786270993844573, 0.01746322661911749, -0.16885109568367837, 0.053524784469661725]
B1: 4.258664155833649e-08 - -4.541385444363453e-09 - -1.566501625445981e-08 - 1.742047412866402e-08
B2: 1.1136959031008916e-10 - 2.1491365334221325e-08 - 1.1195116590763999e-09 - 7.640697527521973e-09
