Number: 3186
Error: 0.0010991097896856585
A1: [0.11397355571625735, -0.00025518756005012133, 0.02693059916383434, 0.06022535105064414] - [0.09860041200249203, 0.24368254388626495, -0.08701385592033027, -0.03348932187979508] - [-0.125235184096346, 0.4124358348989577, -0.10562998555874652, -0.18553845160482718] - [-0.09061504462418352, -0.1074605630892494, -0.15739422725472163, -0.14259575420264148]
A2: [0.08064406589297156, -0.15400011078637038, 0.10456150542843916, 0.04178192720379256] - [0.04955904763131527, 0.22125953268911613, -0.08178090473290509, -0.10935197680576397] - [-0.09395552095567578, 0.5161957483422498, -0.2279390876938413, -0.20004431310864604] - [-0.03275828046600063, 0.01630619030023868, -0.05945331969685485, 0.04481182855682783]
B1: 0.017410858760280038 - 0.01230572655393658 - 0.007659262470344602 - -0.0013637378383530626
B2: 0.003433172547385687 - 0.002693187494913826 - -0.016020915705765693 - -0.05789365134063397
