Number: 1059
Error: 7.33280715080653e-05
A1: [0.008268609043408088, -7.459958281003792e-05, 0.020298269321356817, 0.03379776770090394] - [0.07974755044231403, 0.2021666342542763, -0.13383868971033072, -0.09559246117744613] - [-0.176331456025899, 0.374033602076998, -0.15076673978787225, -0.33394471728791425] - [0.03677407231290494, 0.07618600251014104, 0.04452326541491376, 0.10503296259547569]
A2: [0.165667485829297, -0.18945973266430163, 0.052196598919462406, 0.10490424106774113] - [0.02025919417443282, 0.1917396841768206, -0.12663525146448212, -0.13412928777546626] - [-0.17484381432572416, 0.4782912364851325, -0.30347722910877023, -0.31374272276350207] - [-0.008612471652102027, -0.007846240694898364, 0.020653039191893867, 0.04309725520487754]
B1: -0.0019391938539295478 - 0.012017488424948734 - 0.007418004642551309 - -0.0054378007980944425
B2: 0.006077998458087621 - -0.009141613524293803 - -0.004001396034083269 - -0.0012928984625171919
