Number: 5724
Error: 0.03007731601024361
A1: [-0.1244192131299486, -0.36340357125309497, -0.22894984481531283, -0.08451463375061277] - [-0.2641556118850802, -0.1632322297640022, -0.449098921970054, -0.3424933535426708] - [-0.05165997153849393, 0.23135066492992035, -0.16568233223443696, -0.14480954422563097] - [-0.012533286394401613, -0.10806880160013362, -0.0820206622348027, 0.0834806683596462]
A2: [-0.3225099022431723, -0.35470549029671067, -0.34504558603912966, -0.47209945241007534] - [-0.11218092716629009, 0.09632337709938753, -0.5234345501951692, -0.39419791964053463] - [-0.3840040578202397, 0.19720836090434152, -0.6453887659295954, -0.7399310463201462] - [-0.2512431032093471, -0.29952350984487547, -0.42905851174740184, -0.48943909669124075]
B1: -0.5460284359920238 - -0.7411912268483212 - -0.5819743803892344 - -0.5849525589090357
B2: -0.31761088811980304 - -0.24772299614855325 - -0.4820029182047533 - -0.2980693584618057
