Number: 3748
Error: 9.69638863088293e-16
A1: [0.06621317736664933, -0.11395208392807467, -0.023983954591856912, 0.07172286384175358] - [0.03740262390142742, 0.18819338068429334, -0.14740893520511814, -0.07818699860273617] - [-0.06022934919148376, 0.3289508213846899, -0.12775308802529467, -0.14096830066751986] - [0.03904626568134539, -0.05332258493972625, -0.03741848731539817, 0.05169522265837792]
A2: [-0.009108550546804843, -0.3468031586935447, 0.24945511577034526, 0.10645670635214013] - [0.08003980179847772, 0.036282231152343976, -0.05025013845591408, -0.06607198591352029] - [-0.04245286163541427, 0.23083184453830982, -0.0405312907440949, -0.14784788561953618] - [0.0681347960987408, -0.2934678331440779, 0.14177125944385938, 0.08356187987291505]
B1: -1.9051358406094635e-08 - 4.700025578755895e-09 - 1.7220647437496798e-08 - 2.254179806194725e-09
B2: -5.581881996855952e-09 - 5.7973620181274035e-09 - 1.4593946005027677e-08 - 1.2906461745565739e-08
