Number: 9631
Error: 1.8312453232449238e-14
A1: [0.05317166914853919, -0.1480021522944134, -0.026999927343576872, 0.12182694056547826] - [0.005313577879912177, 0.13083655218062065, -0.11360088569059472, -0.0225499055122797] - [-0.014444416368821792, 0.22309168105854824, -0.12704111943792665, -0.08160587276856643] - [0.027146500438407092, -0.1000199976968393, -0.04942446797320763, 0.12229816084880561]
A2: [0.08925598908076272, -0.07291184606174266, -0.12362592744123886, 0.10728792968981224] - [0.10884216311103663, 0.2498146154991909, -0.4048448638243223, 0.04618992170742922] - [0.03663665032262177, 0.4625558340733708, -0.37771674916288317, -0.12147254166662942] - [0.14342709102447299, -0.04460596795001585, -0.20149889317259212, 0.10268053007703136]
B1: 4.887308496624122e-08 - -2.5040442096405802e-08 - 3.141811607100036e-08 - 2.8884357303570914e-07
B2: -1.5477284151056757e-07 - 1.388384179836572e-07 - 1.4586045405503402e-07 - 3.301868069956824e-07
