Number: 7444
Error: 1.095871182927217e-15
A1: [0.08043171674642462, -0.18046777869234526, -0.01958882494984106, 0.11962500379634268] - [0.037415627064683286, 0.13359643321026404, -0.13472613922116092, -0.03628577805255416] - [-0.00170278992510081, 0.2281901455938383, -0.1228283536001055, -0.10365888114453377] - [0.03886326633090713, -0.11448098674016953, -0.04641640951432992, 0.12203425983488635]
A2: [0.03530737601753465, -0.029273543026142355, -0.07569741369558093, 0.06966333757587272] - [0.1028937406166292, 0.2828966911257468, -0.3926064059755402, 0.0068159854758051645] - [-0.011187057850686341, 0.539014633078768, -0.3594509756061872, -0.16837642016051121] - [0.09786281579737717, 0.017463332959584257, -0.16885099491267902, 0.053524895586923485]
B1: -1.8962942468853446e-08 - 8.936702999114381e-09 - 2.096822158646525e-08 - 5.41934269736815e-09
B2: 1.2588390823931647e-08 - 1.0870866861456903e-08 - 2.5538087347497875e-08 - 1.3118800372945188e-08
