Number: 4517
Error: 1.0150612077954355e-15
A1: [0.06621311658272475, -0.11395214335370747, -0.023984015328089026, 0.07172280315982342] - [0.03740254180035436, 0.18819330224228528, -0.14740901591674932, -0.07818707932154122] - [-0.06022946114035423, 0.3289507138639497, -0.12775319757183765, -0.14096840962473398] - [0.0390459989265426, -0.05332283813326938, -0.03741874539172229, 0.05169496667754811]
A2: [-0.009108574001587983, -0.3468031835754168, 0.2494550921256713, 0.10645668176103551] - [0.08003979867580528, 0.03628222778837341, -0.05025014186876038, -0.06607198935533957] - [-0.04245284903586677, 0.23083185844403706, -0.040531277241759686, -0.14784787168475777] - [0.0681348465809146, -0.29346777756114123, 0.14177131417112673, 0.08356193647260704]
B1: -9.626423213321756e-09 - -2.1277919339227548e-08 - -3.955183925602001e-08 - -5.188889206127847e-09
B2: 2.1408535732920143e-08 - 2.22270335706973e-08 - -1.3453103624671505e-07 - 3.1121022022143345e-08
