Number: 402
Error: 3.0607139345602536e-11
A1: [-0.01219458685843593, -0.014559477269726317, 0.01804175408342553, 0.008539079418948211] - [0.0658259824467407, 0.18948636001242913, -0.14533213703077094, -0.11001886312266877] - [-0.0963077552884468, 0.4217719019103615, -0.05347326261909075, -0.27205283825259297] - [-0.0013459628803469614, -0.0182427696123983, -0.0038611484243331307, 0.023348469317344557]
A2: [0.1615609190900715, -0.1677800907815872, 0.008476051833743887, -0.0023582230121343014] - [0.035485431837136615, 0.20751643474204173, -0.11721071479883842, -0.12579231510437275] - [-0.08623355275987107, 0.5815185227427851, -0.2354081965772523, -0.25995508072994283] - [-0.003839922231414993, -0.004524162242277761, 0.001105352957731977, 0.007238652278150995]
B1: 3.506224308182456e-06 - -1.9528229923881068e-05 - 3.5864295221614595e-06 - -4.91893927068337e-06
B2: -2.735325675072378e-06 - -6.4270702064847895e-06 - -7.3790695924984095e-06 - -6.796705696960917e-06
