Number: 5344
Error: 1.4959054395917396e-15
A1: [0.06621315867700704, -0.11395210220004799, -0.02398397326682185, 0.07172284518346757] - [0.03740257901738718, 0.18819333780074562, -0.14740897932947172, -0.07818704273102747] - [-0.06022946518933767, 0.3289507099746271, -0.1277532015341879, -0.14096841356564196] - [0.03904603770504137, -0.05332280132611242, -0.03741870787473152, 0.05169500388980848]
A2: [-0.009108664852966122, -0.34680327995409566, 0.24945500053893851, 0.10645658650862279] - [0.08003989555382834, 0.036282332153692406, -0.05025003598657605, -0.0660718825741998] - [-0.04245287161750168, 0.2308318335217502, -0.04053130144097659, -0.14784789665897252] - [0.06813471194183986, -0.2934679258042887, 0.14177116820948543, 0.0835617855178342]
B1: 2.8448594166772137e-08 - -3.557564500101435e-08 - 2.8182611222869575e-08 - 2.9445762125968872e-08
B2: 5.64583114103557e-09 - 1.7689562110032302e-09 - 6.835477330154949e-08 - -6.195176448696472e-08
