Number: 975
Error: 0.0024159726958791245
A1: [0.03131687659260813, 0.029701063731824566, 0.06582337291884499, 0.05498284213907978] - [0.07688372717587169, 0.2000665623550077, -0.13394537980116522, -0.09774853210574122] - [-0.06701349570177148, 0.44977413719583303, -0.021943202488283055, -0.2379177999180518] - [0.03577767516551141, 0.017047653633117825, 0.03537552472445248, 0.06629436870817665]
A2: [0.16680099779980156, -0.16341306882673462, 0.013737399102226919, 0.0029638778455582443] - [0.038776146520549774, 0.21067761892023323, -0.11392271001645778, -0.12254945948230887] - [-0.07255016790109348, 0.5946254428242436, -0.22205699937152368, -0.24651006674113024] - [0.011503124400123476, 0.010484547999867696, 0.016301812888859995, 0.021959300351716435]
B1: -0.01669179399934205 - -0.027334065535325636 - -0.023300725890270456 - -0.012631105082524748
B2: 0.026166098293313417 - 0.05250602826956037 - 0.027830929540528012 - 0.019411533961918026
