Number: 2503
Error: 2.17693970117512e-07
A1: [0.06443119565928355, -0.04688237943628322, -0.022457682852847136, 0.008838514689065852] - [0.04186947319661351, 0.18953889541820365, -0.1444169471501932, -0.09448839660478557] - [-0.1234154932910084, 0.41488621943292975, -0.10482897529619589, -0.1870472006551479] - [0.0371066771342647, 0.01927049385916197, -0.0330302768656936, -0.02295461874977924]
A2: [0.061283627981954206, -0.17582888189711043, 0.08417231655014805, 0.021829527630465] - [0.028113555309863356, 0.19914347810265604, -0.10288124776080373, -0.1290230621263585] - [-0.09593285456108572, 0.5112241997095658, -0.22813420732471218, -0.19753546939404037] - [-0.027076553470969034, 0.017395331159281043, -0.0514410507414924, 0.05586344412998679]
B1: 0.0007382237199989919 - -2.3160016590241268e-05 - 1.2125082454835206e-05 - -0.00010133931660184938
B2: -0.0005262629305945756 - -0.00017283866566948901 - -3.248841605174612e-05 - -0.0002214845671469713
