Number: 6958
Error: 9.476476648182052e-16
A1: [0.0804316763393736, -0.180467819094813, -0.019588865308568015, 0.11962496339391077] - [0.03741559111900219, 0.13359639729179, -0.13472617509521959, -0.036285813978321965] - [-0.0017028151294652336, 0.2281901203900106, -0.12282837876756669, -0.10365890634217638] - [0.03886323377448674, -0.11448101920521696, -0.04641644204999665, 0.12203422729870558]
A2: [0.03530740164073117, -0.02927351733208718, -0.07569738933332525, 0.0696633643932882] - [0.10289382460145322, 0.28289677582335077, -0.3926063247465184, 0.006816073420177125] - [-0.011187193011741139, 0.5390144971115371, -0.3594511035391007, -0.16837656258440833] - [0.09786279633123789, 0.01746331340489727, -0.16885101344318715, 0.05352487515381864]
B1: 3.492291720443105e-08 - -8.721011334717918e-09 - -1.2394588955738397e-09 - 1.1856783659145828e-08
B2: 8.988482250537352e-10 - 1.1172584947084262e-08 - 1.6447830131232106e-08 - 8.080343824476414e-09
