Number: 2667
Error: 4.060434146659042e-09
A1: [0.06395024979395521, -0.047359106015235804, -0.022933057990757004, 0.008367139415972329] - [0.04419221865241772, 0.1917826174010319, -0.1420182905302643, -0.09192889024941833] - [-0.12352135647748265, 0.41478764722869477, -0.1049304162075912, -0.18714320613489113] - [0.037592553624033784, 0.01975821636053894, -0.03254292687978865, -0.022465158119147684]
A2: [0.06295290624695819, -0.17417174347083378, 0.08584038877307619, 0.023477809763489423] - [0.02948235380297131, 0.20048811223945182, -0.10151865971508199, -0.12768483760279395] - [-0.09317616723856341, 0.5139118207122158, -0.22537334621964522, -0.1948707639893007] - [-0.025638101906129057, 0.01880909292562774, -0.0500017245870426, 0.0572596687634153]
B1: 5.7614249279153994e-05 - 0.00024919472833741723 - -6.621925038062925e-05 - -3.6636720466356035e-05
B2: 0.00014107060011173773 - 0.00017482187105849579 - 6.702999662762835e-05 - -0.00010777522913203343
