Number: 150
Error: 6.52323369304891e-05
A1: [-0.0035478912496663966, -0.005421616460871123, 0.028244683448725768, 0.01826316547952266] - [0.06659287106928888, 0.19015506466159293, -0.14472619610424906, -0.10931789053410218] - [-0.08311379092167853, 0.4350426226547975, -0.0388123241149834, -0.2562344088109864] - [0.01123411319817394, -0.005735284473851809, 0.010268193066136138, 0.03848151276205585]
A2: [0.16383271383364983, -0.1659141532191304, 0.010722757707799312, -0.0005536017953532976] - [0.02938537336231845, 0.20134664530964097, -0.12363734713412117, -0.13214267322170184] - [-0.07675355384829415, 0.590877299608518, -0.22621454214765438, -0.25107979368221967] - [0.009437619855226294, 0.008682050910232879, 0.014136195874310337, 0.019677086263816066]
B1: 0.006340469239129134 - 0.050703422652992575 - 0.00011143522681401593 - 0.0019899058494135444
B2: -0.010303971041617187 - 0.08099008797566509 - -0.009699661249042433 - -0.008103938179215502
