Number: 8791
Error: 1.7536544308501275e-06
A1: [0.08021846237937443, -0.18068102448027973, -0.019801821204618285, 0.11941178129666116] - [0.03686385172102695, 0.13304493243441695, -0.1352767734118674, -0.03683727925363447] - [-0.0015365709911868914, 0.22835642240188844, -0.12266239825128182, -0.10349267792340931] - [0.03848449282503079, -0.1148587049564695, -0.04679496797302761, 0.12165572008008714]
A2: [0.035481924366329604, -0.02909881286779029, -0.07553125647910931, 0.06984600843751752] - [0.10280258284340744, 0.28280452913239523, -0.3926944355391259, 0.006720495050497647] - [-0.010412799526731256, 0.539793273831128, -0.3587179221409513, -0.1675604826173753] - [0.09785303468335138, 0.0174532409190904, -0.16886013057012475, 0.053514616200355594]
B1: 0.0003366363093739482 - 0.00037582691066942345 - 0.000108955380331948 - 0.00039875314997072915
B2: -0.0009172147659668457 - -0.0009590329364764299 - -0.001169266672918552 - -0.0009421414533710332
