Number: 1222
Error: 2.2954599139187012e-08
A1: [-0.006746700729625122, -0.01454548416487776, 0.0034546743104991945, 0.019905046526238757] - [0.06670582802186495, 0.189768446626643, -0.14686036542293107, -0.10999656047087104] - [-0.11205395038238954, 0.44230930320672585, -0.0702305413033633, -0.25752654572417044] - [-0.023556364482776933, 0.015163375350089998, -0.03011945474657055, 0.03871022035763379]
A2: [0.13232794220727248, -0.2238980773617944, 0.02339533601452191, 0.0708858496378901] - [0.03321981952359289, 0.20431398157569877, -0.11431733682371398, -0.12089705189101976] - [-0.0934438708601974, 0.5567007036859074, -0.2340470984568009, -0.2244777042044047] - [-0.020037451022863112, -0.018499872247640305, 0.008901626155465766, 0.03294361620427987]
B1: 1.745692457757566e-06 - 0.00024461492887553393 - 3.590973913379373e-05 - -0.0001178495143748299
B2: -0.0002453528283538354 - 0.0009332612295375167 - -0.00025783143074454705 - -0.0001437547682136271
