Number: 6499
Error: 1.0591855750496061e-15
A1: [0.08043168730055351, -0.18046780813487567, -0.01958885436049741, 0.1196249743538378] - [0.03741558797914619, 0.1335963941543099, -0.1347261782288211, -0.036285817116438523] - [-0.0017028155126033555, 0.22819012000688418, -0.1228283791501446, -0.10365890672521222] - [0.03886322912676571, -0.11448102383989602, -0.04641644669475478, 0.12203422265387416]
A2: [0.03530744030156725, -0.029273478564322185, -0.07569735257509823, 0.06966340485604652] - [0.10289373385578728, 0.28289668430751375, -0.3926064125145418, 0.006815978396199377] - [-0.011187096596081544, 0.5390145941022864, -0.3594510122795859, -0.16837646098784304] - [0.09786280229553189, 0.01746331939632171, -0.168851007765567, 0.05352488141438766]
B1: -2.0843102721084197e-09 - 1.0851807946113555e-11 - -8.063549115812669e-10 - 6.050204030778714e-10
B2: -7.241791597083517e-10 - -2.352660873900783e-09 - 2.8023154910735963e-09 - -3.5029103766533797e-09
