Number: 5141
Error: 1.258640067738792e-15
A1: [0.06621322619534732, -0.11395203619052927, -0.02398390580150558, 0.07172291258847087] - [0.03740265251952576, 0.18819340802701928, -0.1474089070712712, -0.07818697046643373] - [-0.060229832509486846, 0.32895035718374666, -0.12775356097199836, -0.14096877107031658] - [0.03904628829814067, -0.05332256347239317, -0.037418465434201305, 0.051695244361864436]
A2: [-0.009108509222409182, -0.34680311485490806, 0.2494551574288845, 0.10645674967843952] - [0.08003983433722589, 0.03628226620594476, -0.05025010289279085, -0.06607195004847659] - [-0.04245276438003393, 0.2308319518752357, -0.04053118652140359, -0.1478477780588432] - [0.06813479869795981, -0.2934678302823872, 0.14177126226119316, 0.08356188278698769]
B1: 8.325995795152674e-08 - 4.230434478716266e-09 - -1.2778264425304631e-08 - 9.9267220584314e-10
B2: 1.0129372371658167e-09 - -1.2918543206456838e-08 - 4.345161007929785e-08 - 3.3944421776551708e-09
