Number: 4606
Error: 1.1385274115155095e-15
A1: [0.0662131432418406, -0.11395211729033297, -0.023983988689903108, 0.07172282977418763] - [0.037402574811208934, 0.18819333378192296, -0.14740898346455633, -0.0781870468664719] - [-0.060229370107179346, 0.3289508012963154, -0.12775310849217436, -0.14096832102408785] - [0.03904613738973243, -0.05332270670918174, -0.03741861143318249, 0.05169509954836988]
A2: [-0.009108400988856432, -0.34680300003612474, 0.2494552665382515, 0.1064568631552807] - [0.08003986445110563, 0.03628229864719161, -0.05025006998011522, -0.06607191685630415] - [-0.04245272369911995, 0.23083199677329386, -0.040531142926018365, -0.14784773306722263] - [0.06813475337173396, -0.29346788018841385, 0.14177121312337373, 0.08356183196803367]
B1: -3.269366339747512e-08 - 1.6009805781600659e-09 - 2.011604115831876e-08 - -2.3864130191204734e-08
B2: -2.346113381419027e-08 - -2.3259781051217827e-08 - 2.5559127437232612e-08 - -3.5914871723793647e-09
