Number: 3544
Error: 5.187187700123437e-12
A1: [0.066229074584489, -0.11393654240724822, -0.02396807052173795, 0.07173873489221208] - [0.03740714042338803, 0.18819769556852672, -0.1474044953459183, -0.07818255759757882] - [-0.060237245464235846, 0.32894323821823607, -0.12776081365337158, -0.140975986669865] - [0.039065148697520154, -0.05330466218635708, -0.0374002191617271, 0.05171334324843898]
A2: [-0.009130441805810258, -0.3468263815780241, 0.24943304856051937, 0.10643375444156515] - [0.08002750822790386, 0.03626898786344866, -0.05026357455292683, -0.0660855362872417] - [-0.0424752831369035, 0.23080709922491544, -0.04055531854080168, -0.14787268362008102] - [0.06810619338232127, -0.293499326476914, 0.14174025262158663, 0.08352981186694386]
B1: -9.360693577264762e-07 - -4.610387656728234e-06 - -5.686728817769854e-06 - 7.3414540180379765e-06
B2: 6.040808328055036e-07 - 4.570551194531268e-06 - -5.983685001063728e-06 - 4.6247242444304666e-07
