Number: 9741
Error: 1.2516778567009802e-15
A1: [0.05317247545907586, -0.14800134568445122, -0.026999121919609206, 0.12182774726484988] - [0.005313838554084667, 0.130836813130167, -0.11360062505330573, -0.022549644471664625] - [-0.014444486193075699, 0.2230916112094673, -0.12704118920573795, -0.08160594261890698] - [0.02714637816525537, -0.10002011996846857, -0.04942459050276688, 0.12229803826515223]
A2: [0.08925420393072855, -0.07291362708442542, -0.1236276723718695, 0.10728612252690474] - [0.10884174194945669, 0.24981419426403276, -0.404845276643268, 0.0461894934598688] - [0.03663593754812252, 0.46255512500705837, -0.37771744458199086, -0.12147326183472494] - [0.143426355038048, -0.04460670119309073, -0.2014996117971189, 0.10267978317219191]
B1: 4.224235586887383e-08 - 1.1587936583364045e-08 - 1.112328686190219e-07 - 3.667132307023646e-08
B2: 4.246353986067766e-08 - 2.2832236054520306e-08 - -3.0422341195788535e-08 - 9.031797341010655e-08
