Number: 8593
Error: 8.049143847796756e-16
A1: [0.08043171363606351, -0.1804677818023225, -0.01958882805649117, 0.11962500068635534] - [0.037415573870793355, 0.13359638005670338, -0.1347261923088343, -0.03628583121685167] - [-0.0017027517065544106, 0.22819018381156259, -0.12282831543752325, -0.10365884293618084] - [0.03886326167932341, -0.11448099137861519, -0.046416414162925856, 0.1220342551862549]
A2: [0.035307503001852966, -0.029273415690597666, -0.07569729296028355, 0.06966347047844772] - [0.1028936603583597, 0.2828966101863761, -0.3926064836003576, 0.006815901433790851] - [-0.011187144945652048, 0.5390145454643211, -0.3594510580436425, -0.16837651193532455] - [0.09786279534971366, 0.017463312418878465, -0.16885101437754982, 0.0535248741235237]
B1: 3.138150418444719e-08 - -1.99440113096309e-08 - 1.2469650775958998e-08 - -5.28243547014125e-09
B2: 4.0220191578491994e-09 - -2.127585210561906e-08 - 2.897141349100379e-08 - 7.1178408191657485e-09
