Number: 1079
Error: 8.311999729276179e-06
A1: [-0.006918585992680852, -0.01485586443086309, 0.0031923757016382804, 0.01936744199990476] - [0.06658060790666699, 0.1894782752426374, -0.14724872204121803, -0.11014692097471088] - [-0.11751878911119824, 0.43642655018506604, -0.07800722458596991, -0.2646302849376239] - [-0.010220023386333151, 0.02884110860079266, -0.01444551508217021, 0.053654493376755305]
A2: [0.14413950848352022, -0.21209076870818588, 0.03470939873744958, 0.08305977056661504] - [0.025231739537110696, 0.19659307431255954, -0.1220106760605857, -0.12894957112521088] - [-0.07615205030766334, 0.5740207165444792, -0.21509083049154246, -0.20918164697321923] - [-0.021387791563307695, -0.02015858272328424, 0.007938653950343048, 0.031321076158999706]
B1: 0.00902832580438785 - 0.0040545670886920045 - 0.0026709656473291902 - 0.010000120004999065
B2: 0.0004878465781567637 - 0.015616439624576008 - 0.0037958602676648016 - 0.0004707560591657165
