Number: 6128
Error: 6.438973997563438e-16
A1: [0.08043159582780154, -0.18046789959727225, -0.019588945723874675, 0.11962488289153278] - [0.03741552743139541, 0.13359633365237938, -0.1347262386559308, -0.036285877630648805] - [-0.0017028967613925482, 0.22819003875983795, -0.1228284602799733, -0.10365898795231951] - [0.03886298050057101, -0.11448127176834764, -0.04641669516252299, 0.1220339741822021]
A2: [0.03530740022333111, -0.029273518753413035, -0.07569739068094494, 0.06966336290980342] - [0.10289362640678414, 0.2828965759465679, -0.3926065164377877, 0.006815865881349291] - [-0.011187095003119946, 0.5390145957047517, -0.35945101077181446, -0.16837645930928702] - [0.09786275146546737, 0.017463268335043285, -0.1688510561524628, 0.053524828059337365]
B1: -3.352615600526557e-08 - -2.0917417529929314e-08 - -3.7696192034692336e-08 - -6.785135985573993e-09
B2: 9.362301916071542e-08 - 1.0991196194392936e-07 - -2.7341696823512585e-07 - -4.1657684799553144e-08
