Number: 4389
Error: 1.0280553558038637e-15
A1: [0.06621315559933252, -0.11395210520898892, -0.023983976342101226, 0.07172284211097671] - [0.037402637338421196, 0.18819339352243755, -0.14740892199550146, -0.0781869853919806] - [-0.06022940613301864, 0.32895076669543144, -0.12775314374494592, -0.14096835608742336] - [0.03904597440881736, -0.05332286140453125, -0.03741876911176952, 0.05169494315011287]
A2: [-0.009108639870398947, -0.34680325345189095, 0.2494550257239798, 0.10645661270122009] - [0.08003989967989679, 0.03628233659868396, -0.05025003147708206, -0.06607187802628985] - [-0.04245271426959061, 0.2308320071803566, -0.040531132821035695, -0.14784772263846127] - [0.06813466349452253, -0.2934679791470548, 0.1417711156880902, 0.08356173119914038]
B1: 3.025804136866267e-08 - 2.7090502543228958e-08 - 3.4386956437252597e-08 - -5.185019779953399e-08
B2: -4.689331602827527e-08 - 4.115396671101596e-08 - 8.706749557739507e-09 - 4.5364663759506735e-08
