Number: 2194
Error: 0.00024228358845871273
A1: [0.03796517790357221, -0.050317171479310446, -0.014919711312169433, 0.026453775480802768] - [0.07368437546468844, 0.20519662303661926, -0.13567137749411565, -0.08294193436258482] - [-0.1972401201887725, 0.342789510782669, -0.17501530593407832, -0.282242898883011] - [-0.014061237417422006, -0.00168106787119393, -0.041079311422282376, -0.04391037502529436]
A2: [-0.001202561498952516, -0.29360453860999014, 0.02096669675975278, -0.03700084292982208] - [0.040687620962924276, 0.2071023326748572, -0.09535144509180873, -0.12126438249491264] - [-0.046414172151170247, 0.5837834589257067, -0.16501817810037606, -0.15206084223105684] - [-0.095596928054988, -0.009434264075983946, -0.06851383001294697, 0.011473445552118579]
B1: -0.04297751541046996 - -0.011249749424866527 - -0.004244082674751511 - 0.01405006539276495
B2: -0.0024924173117825566 - -0.009773758389591738 - 0.010154874869192585 - -0.0033056301465934686
