Number: 8495
Error: 1.0229568310412788e-15
A1: [0.08043169368810618, -0.1804678017480362, -0.01958884798061939, 0.11962498074065865] - [0.03741565928920551, 0.1335964654104015, -0.13472610706071486, -0.03628574584581857] - [-0.001702850652866439, 0.2281900848673593, -0.1228284142389678, -0.10365894185608884] - [0.038863291796603916, -0.11448096134588102, -0.04641638406483617, 0.12203428528479753]
A2: [0.03530723161155632, -0.02927368783145311, -0.07569755099538818, 0.06966318643982455] - [0.10289371892011175, 0.2828966692451442, -0.3926064269601235, 0.006815962756405197] - [-0.011186969712904761, 0.5390147217422009, -0.35945089218157283, -0.16837632728698473] - [0.09786278704717005, 0.01746330407859313, -0.16885102228104762, 0.053524865408589396]
B1: -6.778582956937042e-08 - 1.909823763326969e-08 - -4.12825365147918e-08 - 7.489768417953188e-09
B2: 4.623065833473221e-09 - -6.588985198892875e-08 - 2.6151900259298278e-08 - -2.1218062294557744e-08
