Number: 5191
Error: 9.37945888299864e-16
A1: [0.06621317235864334, -0.11395208882417518, -0.02398395959594856, 0.07172285884212566] - [0.03740261453954649, 0.18819337173971432, -0.1474089444085073, -0.07818700780697266] - [-0.06022947349120436, 0.3289507020013649, -0.1277532096577458, -0.14096842164552142] - [0.039046213221006425, -0.05332263473282761, -0.03741853806883102, 0.0516951723169871]
A2: [-0.009108709623225275, -0.34680332744831105, 0.24945495540659776, 0.10645653956958634] - [0.08003983324997922, 0.036282265034672384, -0.05025010408106373, -0.06607195124686673] - [-0.04245283298836268, 0.23083187615508582, -0.04053126004460503, -0.14784785393681074] - [0.06813472685278142, -0.29346790938678197, 0.14177118437431233, 0.0835618022356039]
B1: -3.6430680882006657e-10 - -4.4242211344440705e-08 - -2.7737440139653555e-08 - -1.8305324275361896e-08
B2: 2.978784963232357e-09 - -6.778607160492956e-08 - 8.146749484626631e-09 - -9.123237712719642e-09
