Number: 2501
Error: 1.5767400242900945e-07
A1: [0.06342774186131767, -0.04788362851397746, -0.02345353005119687, 0.00784120455561462] - [0.04146976605181834, 0.1891530763028869, -0.14482888990589562, -0.09492788121252145] - [-0.12289173846877138, 0.4154053635576942, -0.10430465685952255, -0.1865261171794676] - [0.03753065493436236, 0.019693130520459824, -0.03260783877242322, -0.022535429248299967]
A2: [0.06097449257580864, -0.17613335360805157, 0.08386298774416752, 0.021524251250566773] - [0.028213210931183726, 0.1992417956558469, -0.10278193191055178, -0.1289254763578081] - [-0.09606365659939252, 0.5110972328277159, -0.22826543746376302, -0.19766204612959398] - [-0.026926596059615917, 0.01754485143051081, -0.05129077116397228, 0.056009996335792296]
B1: 0.0008656038495850908 - -0.00013742631416158377 - 7.332594695318817e-05 - -0.00019190209720848435
B2: -0.00010189084660176055 - -0.00044888078010099343 - 0.0005668631887669782 - 0.0004203712939082979
