Number: 75
Error: 0.0007751660642031697
A1: [0.029269828938476357, 0.029713703929305196, 0.06486710528342801, 0.051552387700374736] - [0.10946512157956588, 0.2359493465906711, -0.10423185744260066, -0.07354511194541141] - [-0.06734061445555325, 0.4542122846981947, -0.02176254783478901, -0.2405528210575997] - [0.03134484685736072, 0.018713083641432753, 0.031186925363978695, 0.05692092350262705]
A2: [0.2784018329001961, -0.05426503256132391, 0.12223499323703073, 0.11061627295321087] - [0.09072604679909609, 0.258746391519537, -0.06689586112774948, -0.07596529518384623] - [0.04598185783799972, 0.7123222531248266, -0.10701887070578235, -0.13153628520551067] - [0.273013047893378, 0.27126301817127874, 0.2761386593518862, 0.27263380447013447]
B1: 0.03432583856838391 - 0.3916416469251499 - 0.006480383450486054 - -0.022391623402754475
B2: -0.016431934120500355 - 0.35351451062107375 - -0.015630056252360774 - -0.0075308942324769975
