Number: 8457
Error: 1.0849261618058245e-15
A1: [0.08043173652625007, -0.18046775891474712, -0.019588805193692313, 0.11962502357390786] - [0.03741557814440943, 0.1335963843270073, -0.134726188043846, -0.03628582694567755] - [-0.001702799209988774, 0.22819013630914683, -0.12282836287139759, -0.10365889042693556] - [0.038863304349449596, -0.11448094882827906, -0.04641637151999568, 0.12203429782983048]
A2: [0.03530743505326948, -0.029273483827101487, -0.07569735756510255, 0.06966339936312371] - [0.10289378911758244, 0.2828967400383506, -0.3926063590659736, 0.00681603626329604] - [-0.011187056892789088, 0.5390146340423196, -0.3594509746994442, -0.16837641915123877] - [0.09786281564096018, 0.01746333280242799, -0.16885099506154905, 0.053524895422689664]
B1: -1.0389213272663644e-09 - -5.478915995928553e-09 - -1.0699098787570753e-08 - -1.2262675659790058e-09
B2: 1.1189247643795524e-08 - -4.2697329772509305e-08 - -3.0409284256458813e-09 - 1.9212663296853052e-08
