Number: 3887
Error: 9.452484583109309e-16
A1: [0.06621316078551223, -0.11395210013867103, -0.02398397115997564, 0.07172284728845202] - [0.03740256912660869, 0.18819332835068237, -0.14740898905295619, -0.07818705245534331] - [-0.060229354687780096, 0.3289508161057846, -0.1277530934036412, -0.14096830601694177] - [0.03904607670569619, -0.05332276430820461, -0.03741867014297281, 0.051695041315315424]
A2: [-0.009108666597334461, -0.34680328180509473, 0.24945499878082097, 0.10645658467943392] - [0.08003978545277442, 0.03628221354333521, -0.05025015632083238, -0.06607200393014898] - [-0.04245281211216523, 0.2308318991952865, -0.04053123767298745, -0.14784783084865455] - [0.0681348635361669, -0.2934677588924896, 0.14177133255256175, 0.08356195548277187]
B1: -1.615279498002359e-09 - -4.90946384449725e-09 - -2.9037953655159057e-08 - -2.1838921785423505e-08
B2: -1.1125128957629917e-08 - -1.72692532112395e-08 - -4.2869000968302706e-08 - 2.9400521222861782e-08
