Number: 3801
Error: 1.1118082122192055e-15
A1: [0.06621319723489855, -0.11395206450381519, -0.02398393473919571, 0.07172288367666514] - [0.037402649807161445, 0.18819340543546256, -0.14740890973779291, -0.07818697313316393] - [-0.06022940375358066, 0.3289507689808265, -0.12775314141652658, -0.1409683537715817] - [0.039046245121136844, -0.053322604454685014, -0.037418507206699606, 0.05169520292857352]
A2: [-0.00910861592081129, -0.34680322804519714, 0.2494550498673789, 0.10645663781102203] - [0.08003981619353855, 0.036282246659953436, -0.05025012272292385, -0.06607197004693893] - [-0.042452825470668164, 0.23083188445200772, -0.04053125198849693, -0.1478478456226455] - [0.06813476763906369, -0.293467864479456, 0.14177122859078764, 0.08356184796432067]
B1: -8.159855720314224e-09 - 2.5845413561490918e-08 - -1.2589355550488289e-08 - 9.416269416622082e-09
B2: 2.02152271311155e-08 - 1.9312155574366772e-08 - 4.9031991329785155e-09 - -1.0965561340308205e-08
