Number: 6039
Error: 1.4083222563108498e-13
A1: [0.08043385000094722, -0.18046564568026985, -0.019586694246850063, 0.11962713680648282] - [0.03741847449883294, 0.1335992784850962, -0.13472329746691783, -0.03628293219982166] - [-0.0017008443157607927, 0.22819209116706513, -0.12282641083439019, -0.10365693605134972] - [0.03886571641001528, -0.1144785435347893, -0.04641396099467511, 0.12203670839214723]
A2: [0.03530795262128054, -0.02927296482918842, -0.07569686546290341, 0.06966394105771827] - [0.10289168836747328, 0.28289462145836847, -0.39260839088424165, 0.006813836469560116] - [-0.011187055381012685, 0.5390146355662434, -0.35945097326804276, -0.16837641755781044] - [0.09786353678955492, 0.01746405723259313, -0.1688503085735095, 0.05352565239563649]
B1: 8.539880335010501e-08 - 8.061005486906493e-07 - 3.034737097610411e-08 - -8.13345195846897e-08
B2: -9.878269860517e-07 - -1.515757927645667e-06 - 2.7141289648525776e-06 - 3.6933066852013294e-08
