Number: 7638
Error: 2.532920277149115e-16
A1: [0.08043168963339349, -0.18046780580230726, -0.019588852030450146, 0.119624976686409] - [0.037415647976330374, 0.1335964541060831, -0.13472611835117285, -0.036285757152487254] - [-0.0017027695446060805, 0.22819016597389638, -0.12282833324944972, -0.10365886076947882] - [0.03886324132692703, -0.11448101167398071, -0.046416434502373, 0.12203423484644806]
A2: [0.0353075407878457, -0.029273377800107088, -0.07569725703393967, 0.06966351002573955] - [0.10289384352282034, 0.28289679490530273, -0.3926063064459751, 0.006816093233559839] - [-0.011187294069291632, 0.5390143954512431, -0.35945119919243657, -0.16837666907208065] - [0.09786273395854246, 0.017463250748499543, -0.1688510728180162, 0.05352480968286146]
B1: 3.3903382504556555e-08 - 6.830880155603127e-08 - 2.6891765105629963e-08 - 4.383101137139901e-08
B2: 2.2402684178169143e-08 - 5.8473948078414354e-08 - 5.611689274976375e-08 - 2.3336503836663454e-08
