Number: 2548
Error: 4.7445339299926854e-08
A1: [0.06291485756894391, -0.04838376493119982, -0.023955517182721184, 0.007341705490733342] - [0.04445221610751701, 0.19203300594997225, -0.14175228524570715, -0.09164548917267984] - [-0.12330400447888014, 0.4150101826657392, -0.10470753503439195, -0.18692133705977945] - [0.03643497840842033, 0.018606892017301535, -0.03369442024565053, -0.02361089449134441]
A2: [0.061930995163649756, -0.17519810563632882, 0.08482231900568844, 0.022467424818382386] - [0.029242274982138043, 0.20025135705711877, -0.10175750299048344, -0.12791996818513748] - [-0.09377468482741243, 0.513322635259521, -0.2259754378867553, -0.1954517047598404] - [-0.025728437121142825, 0.018721000137709984, -0.05009733146983501, 0.05716822688147182]
B1: -9.553033731560319e-05 - -2.2086561647340132e-05 - -0.00025129145129027376 - -0.0003024847029728224
B2: -0.00023166846111242022 - 0.00014153846211398957 - 7.79338676675016e-05 - -1.0519429817665917e-05
