Number: 6877
Error: 9.493513996776676e-16
A1: [0.08043165543604792, -0.18046783999577184, -0.019588886186903205, 0.1196249424929712] - [0.03741556016143176, 0.1335963663576501, -0.13472620599110893, -0.036285844918744245] - [-0.0017028416155855871, 0.22819009390445577, -0.12282840521490741, -0.10365893282122779] - [0.03886320279160406, -0.1144810501011497, -0.046416473013136665, 0.12203419633507932]
A2: [0.03530746536909681, -0.029273453427459316, -0.07569732874120969, 0.06966343109193447] - [0.10289378648670247, 0.28289673738511395, -0.392606361610612, 0.006816033508463374] - [-0.01118712780407249, 0.5390145627081473, -0.3594510418186176, -0.16837649387280693] - [0.09786282162378014, 0.01746333881248612, -0.16885098936632476, 0.05352490170275438]
B1: 1.5966639353198506e-08 - 8.618892807437345e-09 - -4.282605106152527e-09 - 9.638947992506623e-09
B2: 3.125769381753464e-09 - 6.356335712060011e-09 - 1.6476092112412104e-09 - 5.488924324015435e-09
