Number: 585
Error: 6.512977920079085e-14
A1: [-0.012153985794160483, -0.014517778101920323, 0.018086629106380314, 0.008582464768997282] - [0.065835404132118, 0.18949542319085508, -0.14532239582773648, -0.11000837291150926] - [-0.09629164825581503, 0.42178746790415733, -0.05345578611008802, -0.27203407311900285] - [-0.0013225603078261584, -0.01822026434452077, -0.003836239126821909, 0.023375518336033536]
A2: [0.16158652072065427, -0.16775496958449868, 0.008501137840452219, -0.0023332645492150452] - [0.03548584426153359, 0.20751684056898073, -0.1172103039863284, -0.12579191144049628] - [-0.08621374377910206, 0.5815379267637781, -0.23538892035956233, -0.2599357623217198] - [-0.0038347323849360782, -0.004519058795688057, 0.0011104893921760168, 0.007243617516960231]
B1: -1.1026135368716397e-07 - 2.271750807908176e-07 - -1.0933838337492627e-07 - -3.708148168379812e-08
B2: -3.0533694870541767e-07 - 1.4041267643586197e-08 - 5.589873367718502e-07 - -2.979829624033061e-07
