Number: 229
Error: 3.77369908275232e-07
A1: [-0.013428223792159553, -0.01584184540806812, 0.01666583846244225, 0.007215037905521886] - [0.06863628447158847, 0.19218718745772034, -0.1424262337121137, -0.10688863249276706] - [-0.09345683603591787, 0.4245404619153115, -0.05036701741218843, -0.26872118123212113] - [-0.0018283147763021091, -0.018717480453392173, -0.004379085684474339, 0.022774599732237496]
A2: [0.16314495495734108, -0.1662191642874883, 0.010048153856465908, -0.0008271111458378903] - [0.03914802394983752, 0.21112440856189577, -0.1135596634413509, -0.1222095704401642] - [-0.08654952044628522, 0.5812014720532785, -0.23572583935203684, -0.2602843753458733] - [-0.004606697672139638, -0.005279326265399011, 0.00034425582738820956, 0.00649723300892554]
B1: -0.00034434908709574596 - 0.00022423542662990044 - 0.0001625430446852543 - -4.9423441438383654e-05
B2: -0.0017213711833923536 - 0.0001590629237145408 - 0.0009676177809496735 - -0.0005799063124323812
