Number: 2038
Error: 8.033609724945003e-05
A1: [-0.06902877855816032, -0.07880828059927686, -0.06360040178979293, -0.04493204538403363] - [0.05412328217658844, 0.17809491757668502, -0.1604544362100652, -0.12417136658560791] - [-0.1793302533734022, 0.3722937396389638, -0.14290657541495919, -0.3301169067406995] - [-0.05278652292366638, -0.009223110192638419, -0.059666745405348505, 0.005573254119099279]
A2: [0.08914849597830365, -0.26508287459007984, -0.02179903779840247, 0.03313043694931578] - [0.02354065844303817, 0.19459296974612023, -0.12382937792266166, -0.1303720838138698] - [-0.08158792059792652, 0.5648014520931856, -0.22165220195143165, -0.21302282627111113] - [-0.06306839042079808, -0.06314405243038128, -0.04086922900144784, -0.0023434706379664993]
B1: -0.0036580417391435804 - 0.035474293463628945 - -0.005032272842865086 - -0.026347920110335793
B2: 0.01736662761866881 - -0.023435661219955974 - -0.004532477168867736 - 0.012102155469595
