Number: 7534
Error: 1.1166365334824964e-15
A1: [0.08043172413158296, -0.1804677713080253, -0.019588817573514643, 0.1196250111806554] - [0.03741561376964498, 0.13359641992528662, -0.13472615248970943, -0.03628579134022931] - [-0.0017027669746486763, 0.2281901685437988, -0.12282833068325787, -0.10365885820020902] - [0.038863258766390296, -0.11448099428345948, -0.046416417074028014, 0.12203425227506888]
A2: [0.035307465237276785, -0.02927345355963431, -0.0756973288665294, 0.06966343095394915] - [0.10289378675437669, 0.2828967376550661, -0.39260636135169863, 0.006816033788745233] - [-0.011187059130898389, 0.5390146317909196, -0.35945097681793586, -0.16837642150951487] - [0.09786284608455352, 0.017463363384524835, -0.1688509660812277, 0.05352492737857675]
B1: 7.39687016377025e-09 - 1.2982251593657914e-08 - 1.4186598378816987e-08 - 1.1138245331214316e-08
B2: 1.720398171103671e-08 - 7.981640519319474e-09 - 2.8733780511919595e-08 - 7.377082427457556e-09
