Number: 5588
Error: 2.3034424433787167e-08
A1: [0.06617801708848271, -0.11398641252811027, -0.024019035848651518, 0.071687803169505] - [0.03741760701253032, 0.1882077296968221, -0.1473941712067754, -0.07817224238581078] - [-0.06034535544298816, 0.32883951171243586, -0.12786646615890954, -0.14108109230363294] - [0.038959340781563545, -0.05340501764792314, -0.03750247938572135, 0.05161189572550308]
A2: [-0.009373842971786348, -0.34708460589623347, 0.249187797597155, 0.10617864455766682] - [0.08013891780699932, 0.03638901117230544, -0.05014180623337917, -0.06596273224453646] - [-0.042627767961823174, 0.23063882522950754, -0.04071877093984938, -0.14804134269579483] - [0.06814540768653812, -0.293456138686236, 0.14178273770087782, 0.08357376601382478]
B1: -2.2180201042239586e-05 - -0.00018470425891464227 - -5.17241062101134e-05 - -0.00011465417342631221
B2: 4.9921199963038856e-05 - 6.298611097027093e-05 - 5.323995494466434e-05 - 7.202047530950091e-05
