Number: 7442
Error: 1.1883479885414274e-15
A1: [0.08043171424435779, -0.18046778119412862, -0.01958882744891605, 0.11962500129456172] - [0.03741562590212991, 0.13359643204859062, -0.13472614038139782, -0.03628577921446349] - [-0.0017027960247594787, 0.22819013949430977, -0.12282835969083317, -0.10365888724256446] - [0.0388632638818399, -0.1144809891823637, -0.04641641196183647, 0.12203425738734132]
A2: [0.03530736645543024, -0.029273552614693867, -0.07569742278711379, 0.0696633275680994] - [0.10289373367302393, 0.282896684123211, -0.3926064126913065, 0.0068159782048388675] - [-0.011187070759755906, 0.5390146200927023, -0.3594509878249103, -0.1683764337632398] - [0.09786280737606205, 0.01746332449996395, -0.16885100292923066, 0.05352488674728939]
B1: -9.256144830387031e-09 - 1.7605142795510825e-08 - 3.028447483446718e-08 - 1.4055438001755565e-08
B2: -4.360557567880254e-10 - -4.3380132766559786e-09 - 1.4004813241355692e-08 - 3.005834138404018e-10
