Number: 1630
Error: 4.6976360583751925e-08
A1: [-0.007627557977142776, -0.01543914984628787, 0.0025405005910845656, 0.018993675109147644] - [0.06616756716946996, 0.18925025593742315, -0.14741746952478185, -0.1105946355213631] - [-0.11373335176497108, 0.44065634765735884, -0.07198332481404662, -0.2593472130257968] - [-0.024449926808140336, 0.014278325628599157, -0.03103751157829241, 0.037765808950551094]
A2: [0.13149474381619403, -0.22472066631891538, 0.022572876745575392, 0.07006713551668134] - [0.032394485430964445, 0.20350192588311652, -0.11513843215590691, -0.12170341797784194] - [-0.09410610394790157, 0.5560516514632214, -0.23469573730761348, -0.22512913938704446] - [-0.019463898216557037, -0.017942070406530498, 0.009463279384004635, 0.03348468511694949]
B1: -0.0001432160722738793 - -1.852015969205261e-05 - 9.514791689534897e-05 - 0.00039083231716045917
B2: 0.0002306396053811335 - -0.0005310254765857835 - 6.62665862839077e-05 - 7.89693811582088e-05
