Number: 5795
Error: 6.90189000823208e-06
A1: [0.07448501622653111, -0.18687936429950955, -0.02590331291087827, 0.11339464518124917] - [0.007990054767776459, 0.10345917271635491, -0.16512911547329875, -0.06640528365051192] - [0.001167427709251101, 0.2312855329144629, -0.11983159415290376, -0.1007172402576788] - [0.06569627398881393, -0.08739735861184172, -0.018801576110490978, 0.14934612883188636]
A2: [0.03158738221729279, -0.03325394608985906, -0.07869061298083259, 0.06646640261110298] - [0.12157449878679977, 0.3014769666570768, -0.37465605235421456, 0.026525892793397465] - [-0.01917760392980874, 0.5314827919060747, -0.3670907391216396, -0.177520021613913] - [0.09323957646558595, 0.013044095429454405, -0.17314781063844908, 0.04841519532124999]
B1: -0.005788861032730222 - -0.002800263859632284 - -0.002858510213302695 - -0.003308876685821588
B2: -0.0051484279313129926 - -0.0046516462116485665 - -0.009206824337610674 - -0.000827090957317997
