Number: 9634
Error: 1.123995961805107e-14
A1: [0.05317164169833494, -0.14800217975438712, -0.026999954763359726, 0.12182691310234205] - [0.005313432114336739, 0.13083640626221185, -0.11360103143407874, -0.022550051483386607] - [-0.014444618734135608, 0.2230914786189686, -0.12704132164317516, -0.08160607520631713] - [0.02714631267397307, -0.10002018546078421, -0.04942465613354753, 0.1222979726074733]
A2: [0.08925483014540793, -0.07291300231761677, -0.1236270602655798, 0.10728675646393711] - [0.1088422683130954, 0.24981472071998045, -0.40484476070577313, 0.046190028679693226] - [0.036636574775315185, 0.4625557589191295, -0.3777168228706126, -0.12147261799755044] - [0.14342765755676282, -0.044605403527542484, -0.20149834000250627, 0.10268110501480715]
B1: 1.4058440387201983e-07 - -2.1920293799750818e-08 - 5.224245230711409e-09 - -1.1569827436711453e-07
B2: -1.8507107781664952e-07 - 4.016106376698517e-08 - 6.553195499728005e-08 - 1.80736902251516e-07
