Number: 5118
Error: 1.044919992596188e-15
A1: [0.06621314287602353, -0.11395211764796954, -0.023983989055437523, 0.07172282940898422] - [0.03740259859688127, 0.18819335650756558, -0.14740896008137594, -0.07818702348122644] - [-0.06022953999225745, 0.328950638130745, -0.12775327473181153, -0.1409684863696338] - [0.03904620285936793, -0.05332264456773159, -0.03741854809337069, 0.05169516237385415]
A2: [-0.009108535991834444, -0.34680314325302963, 0.2494551304429347, 0.10645672161221513] - [0.0800398023283745, 0.03628223172327783, -0.050250137876606975, -0.06607198532933622] - [-0.04245292098768518, 0.23083177903387833, -0.04053135434797054, -0.14784795126043868] - [0.06813468779778235, -0.2934679523879103, 0.14177114203506994, 0.08356175844786402]
B1: -8.174243153631458e-09 - 1.1720647043032986e-08 - 3.300466022642521e-08 - 2.1049231797816104e-08
B2: 2.650618856011623e-09 - 9.241508225884577e-09 - 6.983680362318231e-08 - -2.3465576037355493e-08
