Number: 4494
Error: 1.3849531273911094e-15
A1: [0.06621318947754443, -0.11395207208783918, -0.02398394249047627, 0.0717228759323166] - [0.037402631696102216, 0.18819338813158273, -0.14740892754233334, -0.07818699093929957] - [-0.06022958941577863, 0.32895059066241555, -0.12775332309463372, -0.1409685344724667] - [0.039046203820544155, -0.053322643655530064, -0.03741854716356898, 0.05169516329616768]
A2: [-0.009108815494165609, -0.34680343976112304, 0.2494548486792038, 0.10645642856938814] - [0.08003983634495328, 0.0362822683688264, -0.0502501006985457, -0.0660719478355326] - [-0.042452747162339786, 0.23083197087788104, -0.040531168070153854, -0.1478477590165848] - [0.06813469920257847, -0.2934679398309614, 0.14177115439896798, 0.0835617712344424]
B1: 6.01832714025466e-08 - -5.794803534896119e-09 - 7.730249829845023e-09 - -4.339752831210967e-08
B2: 9.640535947251392e-09 - 8.421162088132231e-11 - 6.288663633333415e-10 - -1.1878830973096583e-09
