Number: 2709
Error: 1.8286014282304746e-09
A1: [0.0631018270573648, -0.048204417244926474, -0.023774055287588504, 0.007524833539372333] - [0.04370942634353173, 0.1913166275415811, -0.14251543181877555, -0.09245983556372359] - [-0.1231250847316341, 0.4151814815078856, -0.10453406653751438, -0.186748423582215] - [0.037025164537651714, 0.019189552588994987, -0.033109488190326386, -0.023028990484428052]
A2: [0.06356313561207255, -0.1735636993297222, 0.08644923111107693, 0.024080491568869874] - [0.02907101100545566, 0.2000829050333272, -0.10192824136472876, -0.12808733012268092] - [-0.09359093374105686, 0.5135047949352016, -0.22578818428481295, -0.19527314806871562] - [-0.02607338094946523, 0.018376095485450362, -0.050436267770727, 0.05683503313067464]
B1: -6.08253400660827e-05 - -8.722943985932996e-06 - -1.4414798049162437e-05 - -5.375285219449474e-07
B2: -0.00011465756366535175 - -3.317070194809227e-05 - -1.983961124975347e-05 - 8.213779984763241e-05
