Number: 8165
Error: 1.0027354360271878e-15
A1: [0.08043166683370073, -0.18046782859943886, -0.019588874802923855, 0.1196249538892975] - [0.037415651410428026, 0.1335964575376258, -0.13472611492379744, -0.03628575372022812] - [-0.001702819099675055, 0.22819011641987902, -0.12282838273196944, -0.10365891031132621] - [0.03886323603630185, -0.1144810169497621, -0.04641643978963635, 0.12203422955910741]
A2: [0.035307277325586556, -0.029273641991015877, -0.07569750753085022, 0.06966323428428886] - [0.10289369392666985, 0.28289664403953263, -0.39260645113348636, 0.0068159365846393385] - [-0.011186965101402432, 0.5390147263811974, -0.3594508878167551, -0.16837632242760386] - [0.09786302876671296, 0.017463546897588656, -0.16885079217929194, 0.05352511913497774]
B1: -3.890533209840742e-08 - 1.849246170076965e-08 - 2.7473955742151178e-08 - -5.294015767039244e-08
B2: -3.269379270252588e-08 - 1.5048281781160082e-08 - -1.3576809823846196e-08 - -1.5366868059052496e-08
