Number: 9755
Error: 8.207463911809599e-16
A1: [0.05317252518720498, -0.1480012959380556, -0.026999072246289838, 0.12182779701694875] - [0.005313727904571019, 0.1308367023646597, -0.11360073568596442, -0.022549755277176297] - [-0.014444585645423627, 0.22309151172071454, -0.12704128857934763, -0.08160604210673629] - [0.02714651036540693, -0.10001998776856812, -0.049424458023768145, 0.12229817080120858]
A2: [0.08925463902101405, -0.07291319300018459, -0.12362724708445551, 0.10728656298194462] - [0.10884165231779874, 0.24981410461657863, -0.40484536449958286, 0.04618940232011461] - [0.03663561593802166, 0.4625548050703561, -0.3777177583607781, -0.1214735867804855] - [0.14342636360870772, -0.04460669265431534, -0.20149960342859027, 0.10267979186999582]
B1: -3.454623771834982e-08 - -1.1988610120966681e-08 - -9.409242486149616e-08 - -2.1550452556072365e-08
B2: -4.206872279743846e-08 - -1.6308416637734037e-08 - -6.722721968771401e-08 - -2.0148888541036116e-08
