Number: 4671
Error: 1.0703498987099664e-15
A1: [0.06621316375906833, -0.1139520972315824, -0.02398396818877397, 0.07172285025698609] - [0.03740255868059484, 0.18819331837022055, -0.14740899932218504, -0.07818706272550015] - [-0.06022945700842424, 0.32895071783235824, -0.12775319352864284, -0.14096840560321963] - [0.039046227645949116, -0.053322621041348765, -0.03741852411328572, 0.05169518615925532]
A2: [-0.009108546985204857, -0.3468031549153103, 0.249455119360548, 0.10645671008613279] - [0.08003974555156884, 0.0362821705583809, -0.05025019993047055, -0.06607204791009479] - [-0.04245278608942516, 0.2308319279155515, -0.04053120978590943, -0.14784780206847914] - [0.06813485696716999, -0.29346776612549347, 0.14177132543065551, 0.08356194811744118]
B1: -1.4043706087375769e-08 - -2.9490208120575747e-08 - -6.21241173937687e-09 - 1.4121968693816025e-08
B2: 1.2704690432285567e-08 - 1.5764773922635872e-08 - -4.965264411311016e-08 - 8.847162966196304e-09
