Number: 1136
Error: 1.2069224383973441e-06
A1: [-0.008122838797961714, -0.01590799317766672, 0.002091018166488509, 0.018455132458980127] - [0.06608763696498599, 0.18915134868733885, -0.14751019583522368, -0.1106586511736042] - [-0.11297846685240498, 0.4414535237999595, -0.07112718553419303, -0.2585458686641336] - [-0.02927214629389067, 0.009509464901222864, -0.03583281270671637, 0.03269352874081245]
A2: [0.13514683743504902, -0.2211236792408667, 0.026190930715608015, 0.07360877747504023] - [0.02900401974197595, 0.20019122557314736, -0.11851897787159975, -0.1250182059049639] - [-0.09069644325903004, 0.5594665557576816, -0.23131180154394615, -0.221846083971367] - [-0.013875788457341238, -0.012494358421042557, 0.015030067321840175, 0.038774056041344346]
B1: -2.937024661216485e-05 - -0.0026984492053881816 - 0.0005151991315172301 - -0.0008257730536164511
B2: -8.169461239175831e-05 - 0.0003884750588513319 - -0.0012168769170917834 - 0.0011021012740158485
