Number: 2129
Error: 0.0010957998844987288
A1: [0.21594163406722544, 0.1656463164237013, 0.14106064476546876, 0.2517151791559667] - [0.11468737658361478, 0.24246884598735027, -0.09536868107226905, -0.04398096309142776] - [0.02306526111325124, 0.5327969766249667, 0.007949891607850944, -0.04792555830055377] - [-0.028049643100473955, 0.004134813192710897, 0.0041364699605460145, -0.060567855953639796]
A2: [0.11615527002918433, -0.23231530455093058, 0.0422186608838989, 0.021227018103908445] - [-0.022393733780491913, 0.14011506123551123, -0.15427530736537498, -0.19073477422147206] - [0.09589812485704263, 0.6474249776397627, -0.09267784274483977, -0.13601518469878876] - [-0.15456772916581063, -0.10691118606804247, -0.1528134714318117, -0.08901787299289549]
B1: 0.020960865660892856 - -0.014049472412884286 - 0.07351679291282695 - 0.017591426400144335
B2: 0.05110893575129902 - -0.011494716241485358 - 0.0002117866142250669 - -0.014401680839215933
