Number: 9379
Error: 2.5518268099014496e-11
A1: [0.05316733545548944, -0.14800648563492544, -0.02700425528983305, 0.1218226067173005] - [0.005313798379673414, 0.13083677210815595, -0.11360066567615204, -0.02254968529107651] - [-0.014455200245080459, 0.2230808932422668, -0.1270518943913996, -0.08161665977056573] - [0.027136001712243875, -0.10003049471995001, -0.0494349873684797, 0.12228763799788714]
A2: [0.08926063985504354, -0.07290720782854232, -0.12362138251607148, 0.10729263761403222] - [0.10881633092934348, 0.24978877985354467, -0.4048701835665019, 0.04616365570342033] - [0.03664794341223876, 0.46256706828697075, -0.3777057312319345, -0.12146113164412778] - [0.1434369323593024, -0.04459616191445383, -0.2014892833474127, 0.10269051753663927]
B1: -1.375801854310179e-05 - 1.654242014485996e-05 - -4.2296441876727335e-06 - 6.938368257776644e-06
B2: -7.582999070584114e-07 - -1.732165338588194e-06 - 5.7553673659220945e-06 - 2.396919535225278e-06
