Number: 9043
Error: 0.00025894856184785047
A1: [0.09195953127588885, -0.1312452739757964, 0.008357789273419125, 0.15418538937440904] - [0.006199134825980085, 0.126225589749568, -0.11608042823270971, -0.0246724884505787] - [0.005751948908773602, 0.25234445708718145, -0.0924411117950965, -0.054252156451171686] - [0.02292203572947875, -0.10653387353602575, -0.050415461960084035, 0.11775111348630994]
A2: [-0.001049861275144171, -0.1496495596440963, -0.19204562147291682, 0.03120998439949152] - [0.12380674939853042, 0.2476601266095783, -0.4070542149137907, 0.044540625382232815] - [-0.05707930137094913, 0.37788586935303053, -0.47374203134056975, -0.21267076312123828] - [0.07624726581746477, -0.10631051870632215, -0.26637985552013943, 0.03923391398530165]
B1: 0.016446348639017734 - 0.006075177976969527 - 0.02618053047903548 - 0.014844949070659258
B2: 0.02809079167470343 - 0.013750272426828072 - -0.0009509390301215769 - 0.01466771868947761
