Number: 2635
Error: 3.280883676218014e-08
A1: [0.06272233386316324, -0.04857998401081003, -0.024147768144052457, 0.0071517040080921485] - [0.04416573098210207, 0.19175641451976955, -0.14204555409345956, -0.09195768395989526] - [-0.1242560539923531, 0.4140588204100099, -0.10566505789239893, -0.18787366264217925] - [0.03624321097544723, 0.01840954709495546, -0.03388835084197773, -0.02380268878590859]
A2: [0.0628704438630701, -0.1742569310730956, 0.08575971264715863, 0.023396155747978018] - [0.02929692879504758, 0.20030564495321368, -0.10170350172704554, -0.12786642287897573] - [-0.09389668556078994, 0.5132046383686911, -0.22609595550916364, -0.19556942592280688] - [-0.026135664711315405, 0.018316443276770213, -0.050501191288951135, 0.05677361279640934]
B1: 0.00020776519524869444 - 6.143775876970707e-05 - 7.343448534106178e-05 - -6.11913783423606e-05
B2: -7.978152579068851e-05 - 0.0005346694563417131 - -0.00012967093692978262 - -0.00014606607907802688
