Number: 5792
Error: 1.4366489349943302e-05
A1: [0.07857132001424395, -0.18294942035422707, -0.021978996197231124, 0.1173674450205459] - [0.016076498613849098, 0.11119515806199307, -0.15741034820529828, -0.05857478166868592] - [0.0020237515531196766, 0.23226580830518326, -0.11895916871099659, -0.09984747014015549] - [0.06355014911308071, -0.08931163043167277, -0.020719802641797676, 0.14735666574759343]
A2: [0.019560962167900615, -0.04530837844730076, -0.08996988129428594, 0.05397595364540524] - [0.11772989015776872, 0.29766691011063134, -0.3784936101215049, 0.022335346012600968] - [-0.02290501475284473, 0.5278585034561858, -0.370627368131613, -0.18165939777114196] - [0.08813217786815963, 0.007996822893451034, -0.1779757062139163, 0.04293613235218528]
B1: -0.005213713661715183 - -0.003045963273809166 - -0.002632820235312802 - -0.0029926504671575387
B2: -0.001819415870796044 - -0.003998826052240943 - -0.004993782424275947 - 0.0036258358794472225
