Number: 2387
Error: 7.206220231224751e-06
A1: [0.06792932080782628, -0.044447875293442234, -0.02016082386257024, 0.011902111847925098] - [0.03597092552747767, 0.18368397613611492, -0.1508520149035235, -0.10088052743208782] - [-0.1089256933187916, 0.4299476625136015, -0.08975506579530182, -0.1724875668612984] - [0.05347529131137682, 0.036269489222740654, -0.015984013041495958, -0.006499313559336084]
A2: [0.05271393869240628, -0.18425083674717863, 0.07589095716127539, 0.013303895920555682] - [0.03976343931875555, 0.21061876505619306, -0.09128373271450281, -0.11764383465555635] - [-0.09247960627327495, 0.5153681748384261, -0.22387362677059877, -0.19346990186260793] - [-0.029551644733370255, 0.01496057109186132, -0.05340808013843408, 0.05345881550726185]
B1: -0.003578406572765235 - 0.003180113247092586 - 0.00030995633968010274 - -0.0004588873809208353
B2: -0.0020675067627002625 - 0.004558323279338758 - -0.002528230059576462 - -0.00022169069903300734
