Number: 5502
Error: 1.0532710504590412e-13
A1: [0.0662126329571556, -0.11395261616856453, -0.023984498573788447, 0.07172232034698846] - [0.03740277576333992, 0.18819352577919915, -0.14740878591312256, -0.07818684929732549] - [-0.06023019854243848, 0.32895000562851107, -0.12775391915241094, -0.14096912732319575] - [0.03904357918942907, -0.053325134866268845, -0.03742108642734728, 0.051692644650205295]
A2: [-0.009105019197661497, -0.34679941249840196, 0.24945867568902275, 0.10646040875891943] - [0.08004216427494988, 0.0362847762148325, -0.05024755640872326, -0.06606938193721597] - [-0.04245197761714471, 0.23083282018885531, -0.040530343395599355, -0.14784690792842847] - [0.06813546882229606, -0.29346709245203906, 0.14177198873945024, 0.08356263412135317]
B1: -5.77721298312622e-07 - 5.3883243242396386e-08 - 3.465556447686117e-07 - 4.0277456359281785e-07
B2: 4.2158966880409035e-07 - -6.141826485041947e-07 - 1.3399192949609413e-06 - -3.6731735391315643e-07
