Number: 9317
Error: 2.734860301832815e-10
A1: [0.05320781497034358, -0.1479659955914147, -0.026963816545134495, 0.12186310211718746] - [0.005149227687372771, 0.1306720384447158, -0.1137652042547003, -0.022714491332659445] - [-0.014327918073309494, 0.22320821503069713, -0.12692470818500237, -0.08148932749957376] - [0.02709005267063408, -0.10007644389735107, -0.04948102889866824, 0.12224156604657986]
A2: [0.08924070515714262, -0.072927084825337, -0.12364087326758072, 0.10727245839645676] - [0.10888956426203975, 0.24986203247477806, -0.4047984054269986, 0.04623812327780145] - [0.03663226757050244, 0.46255147292329407, -0.3777210277867601, -0.12147697243801713] - [0.1434066600908992, -0.04462633163820814, -0.20151884860967262, 0.10265979180081257]
B1: -5.2698655138866526e-05 - -7.607656154233275e-06 - -8.383800628994408e-06 - 1.21625965099925e-05
B2: -1.571934720737611e-05 - 1.9364814408333103e-05 - 5.230659179474521e-07 - -1.5923151161486255e-05
