Number: 9267
Error: 2.421832281526775e-09
A1: [0.05370541569288025, -0.14746829648832602, -0.026466748063212874, 0.12236100849273697] - [0.00568378207978754, 0.13120714273950376, -0.11323087674882443, -0.022179167984140994] - [-0.013868270365773346, 0.22366800427749534, -0.12646536634712252, -0.08102944429716416] - [0.027749691187467583, -0.099416902726397, -0.04881996172358174, 0.12290304135567783]
A2: [0.08943724525998814, -0.07273089118353662, -0.12344874128578527, 0.10747149199221519] - [0.10908225992534423, 0.25005469758187093, -0.4046095690639141, 0.0464341503577638] - [0.0367056721893942, 0.4626246501489667, -0.37764939791130014, -0.12140272350425954] - [0.14348501923522716, -0.044548191426846996, -0.2014422546920935, 0.10273925782915742]
B1: 4.5130160979332e-06 - 1.0363518999050451e-05 - -5.496241594979985e-05 - -3.260095431809945e-05
B2: -3.0307234033764864e-05 - 9.857493184472051e-05 - -3.5729910592386504e-05 - -7.62511739873195e-05
