Number: 2407
Error: 6.121453669366404e-06
A1: [0.04931381862957766, -0.06262978139845704, -0.03829522102942126, -0.0065923048960555815] - [0.04217149948276572, 0.18962394464604884, -0.14439797432093224, -0.09409497643668993] - [-0.12069855169842211, 0.41815042427492827, -0.10196312711004298, -0.1842387091932018] - [0.04303513421090587, 0.025548622928095375, -0.027052190964426102, -0.01684613758666257]
A2: [0.051096082233297785, -0.18591677856600883, 0.07454879759886747, 0.012046077234547134] - [0.03613752328729164, 0.20711371832184902, -0.09488971476201602, -0.12119290141140503] - [-0.09989788529857999, 0.5078963916683629, -0.23132656290131906, -0.20068388082681718] - [-0.041529458064389506, 0.0029891539579734155, -0.06531448959373898, 0.041885551641738045]
B1: 0.0010339113410539201 - 0.006377766843864796 - -0.005767890978232593 - -0.0011571663256091064
B2: -0.0016342302467814139 - -0.0022132861784016885 - -0.000764966574712461 - 0.002570363018736161
