Number: 6554
Error: 9.469981283337035e-16
A1: [0.08043168509200943, -0.1804678103431697, -0.01958885656640071, 0.11962497214554593] - [0.03741558002724309, 0.13359638620842526, -0.13472618616487989, -0.036285825063936766] - [-0.0017028013782855941, 0.22819013414090056, -0.12282836503652177, -0.10365889259466662] - [0.038863217731001654, -0.11448103520367912, -0.04641645808325726, 0.12203421126519276]
A2: [0.03530742736627231, -0.02927349153539444, -0.07569736487380739, 0.06966339131785293] - [0.10289373597799616, 0.28289668644773425, -0.3926064104619694, 0.006815980618462641] - [-0.011187115465571473, 0.5390145751202474, -0.3594510301399619, -0.16837648087129103] - [0.09786279320606059, 0.01746331026550532, -0.16885101641815253, 0.053524871873398536]
B1: -1.0611024122126153e-09 - -2.136366348279584e-09 - -2.4684843586316474e-09 - -4.009307990492274e-09
B2: -2.2592941520270334e-09 - -8.29676501913432e-09 - 1.4530640987490118e-08 - -1.1214663921659096e-08
