Number: 5785
Error: 2.8487293433273112e-05
A1: [0.09800519356567573, -0.16417029646675807, -0.0031823680810316004, 0.13635133515014622] - [0.06022496958757719, 0.15380609296945957, -0.11474540148709851, -0.015469847124410768] - [0.01094671394792622, 0.2416350313517866, -0.1099599012620091, -0.09086810514958252] - [0.040141871929913434, -0.11158270289683728, -0.04319295553141867, 0.12461939141776501]
A2: [0.005294485716717396, -0.05993204468276012, -0.10282616081593245, 0.03990116003189735] - [0.10874015080298063, 0.2888021075524282, -0.3876483589549497, 0.012356301648116415] - [-0.011611092434973814, 0.5394715789451616, -0.35991113649775563, -0.17026286252079326] - [0.09242567945336742, 0.012405842033322402, -0.17369344870931747, 0.04729665071109757]
B1: 0.003955303080735869 - -0.0017795004566329906 - 0.007072132061608454 - 0.0055021546716444705
B2: 0.004749182395037913 - 0.013096946721555007 - -0.0006100447587918088 - -0.012743855941502864
