Number: 5648
Error: 8.144314465376568e-08
A1: [0.06651694243701568, -0.113673813206935, -0.02369256437498004, 0.07199019867997758] - [0.039710749370734016, 0.19037979888689607, -0.14514993306055543, -0.07593263430835369] - [-0.05994371161257796, 0.32917135713304296, -0.1275043753453026, -0.14076218414932412] - [0.03808959604679204, -0.05425939386690847, -0.038358164914419436, 0.05074062592227214]
A2: [-0.0008912382283785812, -0.3380687663976742, 0.25762423217212127, 0.11510553943292842] - [0.08436685207163044, 0.04094748758589128, -0.04555704104559081, -0.06130055841574236] - [-0.036087041672030126, 0.23786658043908654, -0.03379444365179464, -0.14079472184857425] - [0.07546308892552185, -0.28539464602307835, 0.14962816664808018, 0.09184823154754101]
B1: 4.494529995672765e-05 - -1.314508876930744e-05 - 0.00012234545665164732 - -0.0001857793003236382
B2: -0.00017892609012949852 - 0.0007051224535138994 - -0.0012892722633086303 - 0.00015314395668904104
