Number: 4974
Error: 6.792694443051441e-16
A1: [0.0662131879087943, -0.11395207362149436, -0.02398394405797373, 0.07172287436620955] - [0.03740262588998131, 0.18819338258425578, -0.14740893325018692, -0.07818699664766078] - [-0.06022942309024479, 0.3289507504089344, -0.12775316033826434, -0.14096837259135075] - [0.03904611783324773, -0.053322725271452195, -0.037418630353376746, 0.051695080781773026]
A2: [-0.009108490452047133, -0.34680309494258477, 0.2494551763512018, 0.10645676935806811] - [0.08003984224398505, 0.036282274723784945, -0.05025009425116907, -0.06607194133346833] - [-0.04245278784359631, 0.23083192597954216, -0.040531211665703636, -0.1478478040085713] - [0.0681348035751624, -0.2934678249123341, 0.14177126754870398, 0.08356188825520977]
B1: 5.059154286478902e-08 - 5.163722401427568e-09 - -6.637049991783279e-09 - 5.37215277810957e-09
B2: 2.315894592150393e-08 - 7.129344475749655e-09 - 1.605131161562787e-09 - 2.2006727405223112e-08
