Number: 5794
Error: 1.4154967530348257e-05
A1: [0.07544120927794042, -0.1859673313396762, -0.02499558987165576, 0.1143171185835227] - [0.009917979934691193, 0.10528744508267478, -0.1633107543159451, -0.06455323157142956] - [0.0009987968836052809, 0.23115810897465316, -0.11999532239243235, -0.1008814105032411] - [0.06542404777935854, -0.0876049382067001, -0.01900549611456775, 0.14912018018272086]
A2: [0.026079806691385838, -0.038754362364379805, -0.08388644907423191, 0.060701463958608905] - [0.11984839862005003, 0.2997626181816356, -0.37636289903272185, 0.024660279845789352] - [-0.021395838039982844, 0.5293008644612346, -0.3691962004073939, -0.17993791100515813] - [0.09056984798435198, 0.010399609972521031, -0.17568249122118304, 0.04555989907323335]
B1: -0.006613861426980386 - -0.003006766310340971 - -0.003900659558460554 - -0.004143422071876939
B2: -0.0031748662010256407 - -0.004613796507194451 - -0.006634448568617365 - 0.002894087878349356
