Number: 8263
Error: 8.658476095338372e-16
A1: [0.08043168689787664, -0.18046780853753305, -0.01958885476275007, 0.11962497395117237] - [0.03741561544406165, 0.13359642159848428, -0.13472615081847686, -0.03628578966665033] - [-0.0017028239618915, 0.22819011155776267, -0.12282838758706796, -0.10365891517225016] - [0.038863236013121125, -0.11448101697287469, -0.04641643981281103, 0.12203422953593636]
A2: [0.0353074222074578, -0.029273496708419996, -0.07569736977876161, 0.0696633859186173] - [0.10289371101915193, 0.28289666127708446, -0.39260643460184574, 0.0068159544829494295] - [-0.011187128694015697, 0.5390145618128462, -0.35945104266102484, -0.16837649481052042] - [0.09786274839069234, 0.017463265246269472, -0.16885105907957393, 0.05352482483194634]
B1: -1.1938112546433623e-08 - 5.595448030751971e-09 - -1.497090477547005e-08 - -1.0851546801932646e-08
B2: -1.699548547813517e-08 - -6.828483125193576e-09 - -8.349523886956011e-09 - -2.1191286098113765e-08
