Number: 3959
Error: 9.90281251848866e-16
A1: [0.06621322322507918, -0.1139520390944282, -0.023983908769404316, 0.07172290962323499] - [0.03740259583029716, 0.18819335386424088, -0.1474089628011809, -0.07818702620124689] - [-0.060229238754695734, 0.32895092745308324, -0.12775297995837157, -0.14096819318184517] - [0.03904622630427261, -0.053322622314916975, -0.03741852541137635, 0.051695184871716864]
A2: [-0.009108551992652265, -0.3468031602273798, 0.24945511431279419, 0.10645670483623482] - [0.08003979387156318, 0.03628222261278705, -0.05025014711957034, -0.0660719946507609] - [-0.042452757838389386, 0.23083195909521131, -0.040531179511048496, -0.14784777082387868] - [0.0681347671186737, -0.2934678650524501, 0.1417712280266091, 0.08356184738083738]
B1: 8.949096905133396e-09 - -1.4384143645278071e-08 - 9.088234581104279e-09 - -2.0144964379253723e-08
B2: 1.571595579124734e-08 - -2.9769803483105385e-08 - -3.366245999525871e-08 - 5.1422771717006044e-08
