Number: 7779
Error: 8.077349308414667e-16
A1: [0.08043168964182298, -0.18046780579387878, -0.019588852022020594, 0.1196249766948436] - [0.037415640482825245, 0.13359644661824766, -0.13472612582973953, -0.03628576464183895] - [-0.001702793119803575, 0.2281901423992023, -0.12282835679012405, -0.10365888433838132] - [0.03886322921399548, -0.1144810237529204, -0.04641644660757722, 0.12203422274104973]
A2: [0.03530735140616032, -0.029273567705581607, -0.07569743709581275, 0.06966331181745658] - [0.10289366150839736, 0.2828966113461342, -0.39260648248802327, 0.006815902637985573] - [-0.011187219724359555, 0.5390144702396056, -0.35945112882328745, -0.1683765907322868] - [0.09786270324777449, 0.01746321989804417, -0.16885110205271503, 0.05352477744659586]
B1: 1.017192342374226e-08 - 1.2569961700934407e-08 - 1.5927804618556853e-09 - 5.51830004879322e-09
B2: -1.3578381937699028e-08 - 6.763566860622558e-08 - -4.018328032178029e-09 - -1.0726284884777221e-08
