Number: 4759
Error: 8.028466274995858e-16
A1: [0.0662131878926475, -0.11395207363730583, -0.023983944074131968, 0.07172287435005906] - [0.037402638317341065, 0.18819339445774516, -0.147408921033149, -0.07818698442954265] - [-0.060229388573510595, 0.32895078356038776, -0.1277531265622362, -0.1409683389969754] - [0.03904609990136047, -0.05332274229174121, -0.03741864770193097, 0.05169506357408498]
A2: [-0.009108539080763605, -0.3468031465299456, 0.2494551273290053, 0.1064567183735339] - [0.08003989600811891, 0.0362823326431141, -0.05025003549010027, -0.06607188207344128] - [-0.04245276555003405, 0.2308319505840575, -0.0405311877750903, -0.14784777935274063] - [0.06813483901860373, -0.29346778588763367, 0.14177130597274346, 0.08356192799378827]
B1: 9.973675958942144e-09 - 3.701532008214537e-08 - 8.544953780835652e-10 - 5.001657502645288e-09
B2: 9.520049790252705e-09 - 3.0161636529007954e-09 - 7.450853415347039e-09 - 2.8821126380326844e-08
