Number: 3269
Error: 7.763174190384388e-05
A1: [0.0012822243422037222, -0.17899266132028052, -0.09437158365224388, 0.002342174579943462] - [0.022881100995459633, 0.16987996159282934, -0.15982698503326823, -0.09067183743863874] - [-0.03860953654151922, 0.35445134998947675, -0.10121718508169258, -0.11486678315952079] - [0.029358261262462992, -0.05869430892025687, -0.0474453444871893, 0.042226412198760624]
A2: [0.016877836468739887, -0.3260410639364503, 0.2788501044224247, 0.1331148405377705] - [0.06797459582327092, 0.028504664435323776, -0.06668445960839244, -0.08261452979858326] - [-0.05900193451317341, 0.19742046046897607, -0.07345962549157296, -0.17586594056562463] - [0.051218734377223143, -0.3245261754785266, 0.10926427291382981, 0.05581413817458637]
B1: -0.0036813783249909837 - -8.990713430930648e-05 - 0.008370255597176128 - 0.007136914635547262
B2: 0.01745175922874189 - -0.01540991553689336 - -0.002071565893280553 - 0.007335218213822459
