Number: 5460
Error: 4.1928657524967135e-14
A1: [0.06621321028866903, -0.11395205174188382, -0.023983921695929427, 0.07172289670833117] - [0.037402455704698336, 0.1881932199836913, -0.1474091005554426, -0.07818716396768308] - [-0.06022894158632659, 0.32895121286649226, -0.1277526891674966, -0.14096790395411324] - [0.03904628142401924, -0.053322569997075284, -0.03741847208477526, 0.051695237765418955]
A2: [-0.009108921541154036, -0.3468035522588881, 0.24945474177311283, 0.1064563173859204] - [0.08004018111772634, 0.03628263978722628, -0.05024972388163639, -0.06607156781962686] - [-0.04245259750658045, 0.2308321360460711, -0.0405310076940941, -0.14784759350414287] - [0.06813480520032601, -0.29346782312320313, 0.14177126930976106, 0.0835618900771637]
B1: 3.40864553317513e-07 - 2.2297896915025022e-07 - 5.892883506318312e-08 - -2.0258443389625667e-08
B2: -7.008769433288931e-08 - 1.8880770498545125e-08 - -8.022865339288385e-08 - -8.154910723375079e-08
