Number: 6095
Error: 6.871119001072777e-15
A1: [0.08043193731931088, -0.1804675581445064, -0.01958860464071619, 0.11962522434398952] - [0.03741591401437897, 0.13359671994268218, -0.1347258528432758, -0.03628549126187703] - [-0.0017024437606575464, 0.2281904917508742, -0.1228280079424986, -0.10365853507254462] - [0.03886305465656292, -0.11448119782047915, -0.04641662105378955, 0.12203404829209247]
A2: [0.03530700083845247, -0.02927391924298885, -0.07569777041060734, 0.06966294491006939] - [0.10289395443043865, 0.28289690675420937, -0.39260619917759715, 0.0068162093701681845] - [-0.011187410843336722, 0.5390142779806397, -0.3594513097211178, -0.16837679212128465] - [0.09786304202080086, 0.017463560212021497, -0.16885077956264047, 0.05352513304803047]
B1: 9.923828744296084e-09 - 1.2793073520596877e-07 - 7.361578150310566e-08 - 6.389414426367317e-08
B2: 4.624530866943555e-07 - 6.409325748720992e-07 - -6.048099369323584e-07 - -5.618871328306252e-09
