Number: 1758
Error: 3.1624872199199317e-07
A1: [-0.008174493610025048, -0.016005447600513475, 0.001993994997890877, 0.018416865484297315] - [0.0665320651172842, 0.1896047145730436, -0.1470461057743397, -0.11018796157553822] - [-0.11464158198655398, 0.4397530288011283, -0.07297495265977066, -0.26031720091436866] - [-0.025607186686986548, 0.01313995206479532, -0.03226302742129157, 0.03655521430512428]
A2: [0.13449019284314231, -0.22175337946072876, 0.025528444830674655, 0.07300516714435186] - [0.03229812713823672, 0.2034091529832238, -0.11523474369845628, -0.12179421060955983] - [-0.09230747297541002, 0.5578668233904217, -0.23287134613505392, -0.22329823968400628] - [-0.01791510491815028, -0.016405195020523906, 0.010990437359048404, 0.03496503899744506]
B1: 0.0007898264722236532 - -0.0006291383112579747 - 0.0008148847971627687 - 0.0005422528375420598
B2: 0.00019209029556652678 - 0.0005570140136182101 - -1.7722118379809702e-05 - -0.00010217330547791301
