Number: 9794
Error: 1.5043718307018597e-15
A1: [0.05317249794681618, -0.14800132318844178, -0.02699909945666159, 0.12182776976342942] - [0.005313751403008676, 0.13083672588775194, -0.11360071219103342, -0.022549731745583366] - [-0.014444528122324407, 0.22309156926491688, -0.12704123110177984, -0.08160598456309065] - [0.027146475092715044, -0.10002002304124687, -0.049424493370925776, 0.12229813543885454]
A2: [0.08925431478083867, -0.07291351649051553, -0.1236275640192241, 0.10728623474376871] - [0.10884165518959997, 0.24981410748890634, -0.40484536168467755, 0.0461894052402615] - [0.03663586617566592, 0.4625550540059043, -0.3777175142164856, -0.1214733339474266] - [0.14342662123727745, -0.044606435985267645, -0.20149935187660065, 0.10268005332080832]
B1: 1.0671828699992834e-07 - -9.622994970875849e-10 - -4.07875468605398e-08 - -3.9260534347511175e-08
B2: 3.561264846354503e-09 - 1.5765802607533948e-08 - -2.3218711105195336e-08 - 2.7983130052643424e-08
