Number: 93
Error: 0.0009614740129925056
A1: [0.032279750546630355, 0.033077198054977656, 0.06779457626673917, 0.05344315989612525] - [0.10279293333396872, 0.22771634777977878, -0.10988074834675432, -0.07447158408485167] - [-0.05103827916702599, 0.4701660099226337, -0.004069079053246768, -0.22328370817916668] - [0.04813605140911593, 0.03458236889360073, 0.0493454336526558, 0.07597311222044632]
A2: [0.26859656823011335, -0.06365212703865775, 0.11316524897252977, 0.10141858466037192] - [0.05669423927125442, 0.22579636092034563, -0.0997151164847341, -0.10830578779665131] - [0.028459052359696358, 0.6949232236963236, -0.12406212622772753, -0.14870948893676658] - [0.20183928332291087, 0.20049364603784828, 0.20539713914854935, 0.20435932544797342]
B1: 0.0032530770959634144 - 0.327391377625182 - -0.001391437379759281 - -0.028137300382867932
B2: 0.013931968063989629 - 0.3317626711222535 - 0.012266669981257328 - 0.01342738028528235
