Number: 9685
Error: 8.135206969558193e-15
A1: [0.053172286456136746, -0.1480015347573112, -0.02699931071482666, 0.12182755817073417] - [0.005313226678472728, 0.1308362006120685, -0.11360123683778144, -0.022550257209798467] - [-0.014444311560446016, 0.22309178590554507, -0.12704101471203105, -0.08160576792393853] - [0.027146565634062064, -0.10001993250059665, -0.04942440263928768, 0.12229822621010945]
A2: [0.08925442286283564, -0.07291340865911776, -0.12362745837226109, 0.10728634415838238] - [0.10884200355263741, 0.24981445591315907, -0.4048450202213307, 0.04618975946486354] - [0.03663588851858214, 0.4625550762328499, -0.37771749241712277, -0.12147331137245652] - [0.1434268302236787, -0.04460622777815589, -0.20149914781950143, 0.10268026540778012]
B1: 3.546781470487657e-08 - 1.1963974984463215e-08 - 1.349526283121976e-07 - -8.609348628534816e-08
B2: -2.831940153561092e-07 - 7.711951618060603e-08 - 2.0462656001556967e-07 - -1.6716633879152273e-07
