Number: 3319
Error: 2.7123439092677202e-06
A1: [0.05825431925612161, -0.12179479813453549, -0.032123108777697286, 0.0636598155749296] - [0.03226318203771126, 0.1832231610443589, -0.15247245076222637, -0.0832429398530932] - [-0.06732069777251797, 0.3223037581752866, -0.13449021346293727, -0.1477320708640711] - [0.04018930649567797, -0.05222196651179395, -0.036397075991023736, 0.052724232999899555]
A2: [-0.007727512545950821, -0.3452795892115912, 0.2511116678218207, 0.10803213673517496] - [0.08841314666731805, 0.04537221266865535, -0.04113673987311167, -0.05683150631649389] - [-0.054431084554097606, 0.21731975008651694, -0.053576544915068476, -0.1612767493939464] - [0.06071612587171506, -0.3018371844888745, 0.13361359055012675, 0.07513919439392998]
B1: 0.0023128284300150672 - 0.0026611461303769676 - 0.001518854874022795 - 0.0005098859804656306
B2: -0.003146976752494033 - 0.006465247357192665 - 0.004817761566779448 - -0.0011539444122238714
