Number: 68
Error: 0.00036171307668027286
A1: [0.012638705807332042, 0.011971808018574835, 0.04672512142562855, 0.03551434505445292] - [0.12195450078391736, 0.2486071734875688, -0.09130489011296615, -0.06268407662706355] - [-0.09172672324904489, 0.429907509362402, -0.04814978860065532, -0.26647447071239455] - [0.011912383690413959, -0.00033690197134782565, 0.010508218386508426, 0.03588460213401046]
A2: [0.28232033434645587, -0.05020465447609488, 0.12573310547146058, 0.11432751083596471] - [0.09440689695356175, 0.26256182355231955, -0.06377519136001815, -0.07266776879552503] - [0.059391559868378914, 0.7257237298249041, -0.09399981251289692, -0.1183818925649172] - [0.3231718606176628, 0.3210724376068569, 0.3257953529897635, 0.3205640055946124]
B1: 0.03551525495193125 - 0.4080872332239501 - -0.006285648963528255 - -0.03345721356042086
B2: -0.006606617666508687 - 0.380029473557825 - -0.009945146930033292 - -0.0020928374858478205
