Number: 7031
Error: 8.668482174895276e-16
A1: [0.08043170203729409, -0.18046779339980343, -0.019588839641374867, 0.11962498908889602] - [0.037415593882824394, 0.1335964000535209, -0.134726172336904, -0.03628581121603049] - [-0.0017028040250936349, 0.22819013149414555, -0.12282836767945467, -0.1036588952407684] - [0.038863220302308286, -0.11448103263958655, -0.04641645551358918, 0.12203421383490097]
A2: [0.035307462475303676, -0.02927345632925492, -0.07569733149258462, 0.0696634280632615] - [0.10289370742742505, 0.28289665765485683, -0.3926064380757117, 0.006815950721854204] - [-0.011187134045191467, 0.5390145564297965, -0.35945104772597897, -0.1683765004492945] - [0.09786280098012996, 0.01746331807493566, -0.16885100901774272, 0.05352488003364213]
B1: 9.04249283649376e-09 - -1.5975922052201508e-08 - -9.667513282773922e-09 - 9.125526820847291e-10
B2: 4.091034438017961e-10 - -6.156375294443171e-09 - 9.169617164796139e-09 - -1.8773463043704525e-08
