Number: 4407
Error: 1.2442389809067763e-15
A1: [0.06621315481697401, -0.11395210597386214, -0.023983977123842416, 0.07172284132992542] - [0.037402629925265746, 0.1881933864396716, -0.14740892928320126, -0.07818699268032156] - [-0.060229387864889086, 0.3289507842409627, -0.12775312586883497, -0.14096833830745456] - [0.03904609532825777, -0.05332274663234908, -0.03741865212625208, 0.0516950591857566]
A2: [-0.009108435979036827, -0.34680303715511496, 0.2494552312650342, 0.10645682647009864] - [0.08003987897074195, 0.03628231428899614, -0.0502500541110031, -0.06607190085239639] - [-0.042452798821327714, 0.23083191386386778, -0.04053122342997734, -0.1478478161494216] - [0.06813463921531428, -0.2934680058795123, 0.14177108936709149, 0.08356170397766909]
B1: -6.442772076014603e-08 - 4.85560721488629e-08 - 2.35283697620058e-08 - -2.8804010913584062e-08
B2: -4.215017650026391e-08 - 2.515084897576891e-08 - -8.019998151201212e-09 - 2.87218545022813e-09
