Number: 753
Error: 1.3522830457771926e-14
A1: [-0.012152348830078598, -0.014516096769552242, 0.01808843844489109, 0.008584214055464546] - [0.0658358795180779, 0.1894958804920227, -0.14532190431995545, -0.11000784361647785] - [-0.09629005001706263, 0.4217890125718295, -0.053454051836055345, -0.2720322110965837] - [-0.0013259859961216695, -0.01822355888819429, -0.0038398856616729793, 0.023371558819459508]
A2: [0.16158653453494082, -0.16775495603423513, 0.008501151370097645, -0.0023332510826140204] - [0.035485768623727314, 0.20751676614647827, -0.11721037930719379, -0.12579198543367492] - [-0.0862135791145785, 0.5815380880470952, -0.23538876014043822, -0.2599356017484955] - [-0.0038351940909117257, -0.004519512828631888, 0.0011100324089096459, 0.0072431757881636395]
B1: 2.491033109855829e-08 - 1.5664423281195848e-07 - -3.746432908223835e-08 - 1.0562598015766874e-08
B2: 6.558553870300204e-08 - -2.829457027020522e-07 - 4.5278327596739694e-07 - 2.770452342997702e-07
