Number: 4908
Error: 9.782321912136421e-16
A1: [0.06621313255500857, -0.11395212773831939, -0.023983999368320224, 0.07172281910532018] - [0.03740255807304867, 0.18819331778975884, -0.14740899991943962, -0.07818706332280835] - [-0.06022928109651719, 0.32895088678622536, -0.12775302139150607, -0.14096823439190895] - [0.039046119009077083, -0.05332272415538856, -0.03741862921579519, 0.051695081910115404]
A2: [-0.00910851495729118, -0.34680312093875515, 0.24945515164769533, 0.10645674366570426] - [0.08003988118042842, 0.036282316669457096, -0.050250051695893194, -0.06607189841684588] - [-0.04245280401882152, 0.2308319081276077, -0.04053122899967844, -0.14784782189771334] - [0.06813474898832163, -0.29346788501467586, 0.14177120837143506, 0.08356182705345751]
B1: -1.6041330638538114e-08 - 2.475578041449595e-08 - -2.467707263564769e-08 - -3.917522813949929e-08
B2: -1.126489662161434e-08 - -2.6166044838393633e-08 - -3.5367260128362336e-08 - 1.928690516639264e-08
