Number: 9809
Error: 8.899392453297937e-16
A1: [0.053172566573175296, -0.14800125453685906, -0.026999030905945517, 0.12182783842287345] - [0.0053137045389059934, 0.13083667897451023, -0.11360075904802656, -0.022549778675754684] - [-0.014444460552553884, 0.22309163685944555, -0.12704116358548528, -0.08160591696920391] - [0.0271463920668867, -0.10002010606693881, -0.049424576571881575, 0.1222980522020649]
A2: [0.08925456396635108, -0.07291326788121673, -0.12362732044802212, 0.10728648700179583] - [0.10884180169535017, 0.24981425402050855, -0.4048452180807551, 0.04618955421103138] - [0.0366359396845916, 0.4625551271323395, -0.3777174424975139, -0.12147325967609429] - [0.14342648558722795, -0.04460657113008444, -0.20149948432712209, 0.10267991565822013]
B1: 2.938621495819602e-09 - 9.56848871850159e-09 - 1.6900983779484166e-08 - 1.8513821950788748e-08
B2: 2.5161343334318064e-08 - 9.491415099522405e-09 - 3.164435076279588e-08 - -1.771904575265624e-08
