Number: 4947
Error: 7.409092631912146e-16
A1: [0.0662132184398152, -0.11395204377273463, -0.023983913550913647, 0.07172290484599116] - [0.037402647954008494, 0.1881934036649416, -0.14740891155955604, -0.07818697495511068] - [-0.06022936645019058, 0.3289508048086426, -0.12775310491361608, -0.14096831746479938] - [0.039046166664551366, -0.05332267892257082, -0.03741858311068827, 0.051695127640867505]
A2: [-0.009108650337475014, -0.3468032645557084, 0.24945501517217172, 0.10645660172718012] - [0.08003985286179328, 0.036282286162196864, -0.05025008264652088, -0.06607192963028291] - [-0.04245281432960403, 0.23083189674801524, -0.04053124004910711, -0.14784783330102116] - [0.06813474677830268, -0.2934678874479947, 0.14177120597555837, 0.08356182457562783]
B1: 2.475089236113281e-08 - -1.7870229312031775e-08 - 3.271354051711555e-09 - 1.2878471197190156e-08
B2: 7.602872773329887e-09 - 3.696932077421718e-08 - -8.358662642250361e-09 - -2.086995202978798e-08
