Number: 4261
Error: 9.632537110537497e-16
A1: [0.06621321165120858, -0.11395205040965764, -0.023983920334187735, 0.07172289806878714] - [0.037402624155286134, 0.18819338092684734, -0.1474089349555384, -0.07818699835314415] - [-0.060229346861556274, 0.3289508236224517, -0.1277530857453489, -0.1409682983998159] - [0.039046146666180954, -0.05332269790436101, -0.03741860245854663, 0.05169510845014245]
A2: [-0.00910867035248818, -0.34680328578864095, 0.24945499499529203, 0.10645658074242041] - [0.08003987058104245, 0.036282305250875994, -0.05025006328047754, -0.06607191009975387] - [-0.04245285401171877, 0.23083185295232198, -0.04053128257420842, -0.14784787718797604] - [0.0681347084918839, -0.293467929603064, 0.1417711644695317, 0.083561781649397]
B1: 8.274503087144727e-09 - 1.0138947039916041e-08 - -4.229660234856176e-09 - -1.161244892535929e-08
B2: 2.172498180240229e-09 - -1.434608853243128e-08 - 1.1119581253111663e-08 - 1.7653804587164732e-08
