Number: 3346
Error: 1.56147790621358e-06
A1: [0.061162806642738064, -0.11890902664953894, -0.029074534343534544, 0.06664896023874955] - [0.03524941214966253, 0.18612009343256514, -0.14953851516568112, -0.08031516848284598] - [-0.04488639285565083, 0.34380481773749083, -0.11259867052519718, -0.12592551515622533] - [0.040258332112764555, -0.05218654992153819, -0.03626146771278753, 0.05284075944435153]
A2: [-0.007981728798487428, -0.34560151325375926, 0.25071169180913644, 0.1076544522852787] - [0.07933502862766925, 0.03553214065139869, -0.05105952553639261, -0.0668533135391286] - [-0.0444116566574908, 0.22863896540724032, -0.04266947202272707, -0.15004950546263185] - [0.06614536353722224, -0.29567315585133136, 0.1396095032957339, 0.08131519349560072]
B1: 0.0010501993983465146 - 0.0007830905158207465 - -0.00044544173334365916 - 8.248057268090341e-05
B2: -0.002199886395942162 - 0.000665745454101744 - 0.0012236649521157055 - 0.0005910043180385687
