Number: 5187
Error: 7.088310955124224e-16
A1: [0.066213149737793, -0.11395211093953107, -0.023983982199044875, 0.07172283625924016] - [0.037402559039687006, 0.18819331871334288, -0.14740899896913182, -0.0781870623724232] - [-0.060229382850868034, 0.3289507890565246, -0.1277531209624043, -0.1409683334272137] - [0.03904619785331722, -0.05332264931927967, -0.03741855293657026, 0.05169515756996756]
A2: [-0.009108739755752888, -0.34680335941412976, 0.2494549250302728, 0.10645650797733833] - [0.08003982387683706, 0.036282254937124586, -0.050250114325359016, -0.06607196157814982] - [-0.04245284981779434, 0.23083185758114602, -0.04053127807963793, -0.1478478725494623] - [0.06813471567450034, -0.29346792169451297, 0.1417711722560188, 0.08356178970273666]
B1: -8.591974450786645e-09 - -2.6848404544242273e-08 - -2.7329972941679917e-08 - -2.097512241797206e-08
B2: 7.140719740844891e-09 - -5.843471142833357e-08 - -7.417870316037889e-08 - 3.6270734781693746e-09
