Number: 494
Error: 7.59418119341659e-13
A1: [-0.012155257686607693, -0.014519084474047102, 0.018085223262176413, 0.00858110559491101] - [0.06583576558794814, 0.1894957708949245, -0.14532202211561104, -0.11000797046831229] - [-0.09629270243243905, 0.4217864490717642, -0.053456930013538684, -0.2720353012799287] - [-0.0013205263011920976, -0.018218308185895697, -0.0038340739772764446, 0.023377869325256925]
A2: [0.16158696041209294, -0.16775453816547278, 0.008501568689543522, -0.002332835872058423] - [0.03548603261681737, 0.20751702589888849, -0.11721011641944155, -0.12579172717705156] - [-0.08621387665015182, 0.581537796612955, -0.23538904964614957, -0.2599358918836158] - [-0.0038363691901416312, -0.004520668389146095, 0.0011088693521812028, 0.007242051538775301]
B1: 1.2879912975763984e-06 - 1.4773060460323636e-07 - 2.5283797287031945e-07 - 7.256730001554795e-08
B2: -1.1582402943191487e-06 - -4.5726874191210186e-07 - -5.794843210564202e-08 - 2.814380205785118e-07
