Number: 309
Error: 5.782021452366254e-09
A1: [-0.012058993595642964, -0.014420245799471824, 0.018191678046780818, 0.008684026577286648] - [0.0657903254601761, 0.1894520453935005, -0.14536902104452798, -0.11005857706962327] - [-0.09694202157557956, 0.42115900180189, -0.05416146093161485, -0.2727917870332514] - [-0.001875482817275045, -0.018751929072038397, -0.004424760147945861, 0.022736420553372733]
A2: [0.16151446547253787, -0.16782569767006117, 0.008430537162800563, -0.002403509829640336] - [0.035477661771146925, 0.20750878409640408, -0.11721847614071973, -0.1257999299725949] - [-0.08641569804991207, 0.5813400951800628, -0.23558543576273688, -0.26013269707081] - [-0.003885575204643619, -0.004569017121873252, 0.0010602448211801407, 0.007195052188674814]
B1: -0.00017141081442550882 - -0.00025678871734765836 - -0.0001505185292683745 - -9.152813275188099e-05
B2: 0.0003054248323843473 - -0.0007253016669174739 - -5.348768062574214e-05 - -4.842271287592305e-05
