Number: 9771
Error: 1.3535894833693035e-15
A1: [0.05317260240537746, -0.14800121869150937, -0.02699899511325218, 0.12182787427234659] - [0.005313741161932879, 0.1308367156359394, -0.11360072243056749, -0.02254974200110775] - [-0.01444434579285357, 0.2230917516611213, -0.1270410489166789, -0.08160580216857864] - [0.027146397375690783, -0.10002010075810082, -0.0494245712518344, 0.1222980575243749]
A2: [0.0892543314960169, -0.07291349981399319, -0.12362754768066912, 0.1072862516650843] - [0.10884189480011436, 0.24981434714167472, -0.40484512682010537, 0.04618964888228915] - [0.03663593199651666, 0.46255511948427736, -0.377717449998379, -0.12147326744392255] - [0.14342649725538728, -0.044606559505408774, -0.2014994729341908, 0.10267992749948246]
B1: -2.237206740818688e-08 - 3.6696460847636955e-08 - 1.3203039746632327e-08 - 1.3912307127472826e-08
B2: 2.192475651558343e-08 - -1.1765244010811747e-08 - 6.041709418341936e-08 - -3.0081893433388656e-08
