Number: 789
Error: 5.620650756864037e-13
A1: [-0.012152952308625817, -0.014516716604927168, 0.01808777141623015, 0.008583569167883795] - [0.06583647638925715, 0.18949645465703036, -0.14532128720690285, -0.1100071790601515] - [-0.09629062232923387, 0.42178845944004184, -0.05345467287044039, -0.27203287787010344] - [-0.0013236587063163024, -0.018221320692430886, -0.0038374083318639092, 0.023374248774884015]
A2: [0.1615859042012834, -0.16775557449591857, 0.008500533746627058, -0.0023338655722289227] - [0.03548629723193372, 0.20751728626060992, -0.11720985291407547, -0.1257914683171008] - [-0.08621413135132322, 0.5815375471307638, -0.23538929748035417, -0.25993614027385603] - [-0.0038349859077290572, -0.0045193081051607695, 0.0011102384586893553, 0.007243374967020641]
B1: -7.390262026548058e-07 - -7.841801796722795e-07 - -1.0429838529404794e-06 - -4.82402109142156e-07
B2: 2.5445561577532424e-07 - -8.544226727296399e-07 - 1.933001923708023e-06 - -3.2524380281174507e-06
