Number: 1397
Error: 1.1925122763950082e-09
A1: [-0.007186825080720119, -0.014993005343783287, 0.0029979057962695533, 0.01945552305884077] - [0.06673840255304907, 0.18979943095750873, -0.1468264360311805, -0.10996059914008546] - [-0.11258680943064646, 0.4417839166627342, -0.07079098093684685, -0.2581013982639767] - [-0.023568395175495895, 0.015148541324548457, -0.030137901934137883, 0.03870141722775902]
A2: [0.1318157175679187, -0.2244025913042151, 0.02289237930966765, 0.07038493076036229] - [0.03257875074786179, 0.20368284316689003, -0.11495550732864468, -0.12152347510578085] - [-0.09453361103896656, 0.5556276230783493, -0.2351146915415556, -0.22554761891631886] - [-0.02074428001899653, -0.019193867311150727, 0.008200468679849318, 0.03226155357017592]
B1: 4.1456216019356e-05 - -0.00011103166863991027 - 9.131942950736423e-05 - -2.180071110183076e-05
B2: -8.521871846205275e-06 - -7.416376374032345e-06 - -1.3813713658971215e-05 - -2.702558848218217e-05
