Number: 5040
Error: 8.95755489030496e-16
A1: [0.06621320793115322, -0.1139520540465593, -0.02398392405132476, 0.07172289435496931] - [0.03740261111838116, 0.188193368470992, -0.1474089477718003, -0.07818701117055937] - [-0.060229333597044944, 0.32895083636229194, -0.12775307276546055, -0.14096828548954402] - [0.039046139148287785, -0.053322705039977956, -0.03741860973175337, 0.05169510123595503]
A2: [-0.00910846193990808, -0.34680306469572836, 0.24945520509402414, 0.10645679925145261] - [0.08003982804007462, 0.036282259422117664, -0.050250109775217905, -0.06607195698933534] - [-0.042452789637270213, 0.23083192399992317, -0.04053121358789575, -0.14784780599231176] - [0.0681348077299708, -0.2934678203377324, 0.14177127205288573, 0.08356189291349123]
B1: 1.3711872655046428e-08 - -1.5793309274102297e-08 - -1.2410429178412212e-08 - -9.143234600729494e-09
B2: 2.6526498320354957e-08 - 7.926058630981363e-09 - -8.654204757218195e-08 - 5.597383568586614e-08
