Number: 166
Error: 5.762840134495162e-06
A1: [-0.010868312267846066, -0.013241024342638935, 0.01962705707836935, 0.009896582088188643] - [0.07000219835417854, 0.19348859148972505, -0.1410910729431729, -0.10540919877062915] - [-0.08267992366296881, 0.4351412122324873, -0.03845803431639995, -0.2559944675442384] - [0.012135039985249837, -0.005235516730926286, 0.011065013880598308, 0.039205706551069266]
A2: [0.18320546884049796, -0.14671074291988045, 0.02980493459874483, 0.018407121111635436] - [0.04779013420313194, 0.2195938704976081, -0.10502189445696299, -0.11386258151978691] - [-0.08725871602415954, 0.5804767580581752, -0.2364563345025402, -0.2613206487107261] - [0.0003460645180397723, -0.000356513096818395, 0.005226853208858275, 0.011068736190462607]
B1: -0.0008723266308471911 - 0.006120754547250775 - 0.009232736663787993 - 0.0057971669608055535
B2: 0.013866572988875865 - -0.00653032177135621 - 0.004375633460376825 - 0.0047872427946983615
