Number: 4798
Error: 1.2158207296350094e-15
A1: [0.06621314043914209, -0.11395212003039037, -0.02398399149039671, 0.07172282697619206] - [0.03740258096915068, 0.18819333966542823, -0.1474089774108224, -0.07818704081220286] - [-0.06022937131458575, 0.32895080013664285, -0.12775310967366263, -0.14096832219923539] - [0.039046161504532516, -0.053322683820284676, -0.037418588102877494, 0.05169512268921402]
A2: [-0.009108489500784297, -0.34680309393341946, 0.24945517731013378, 0.10645677035538091] - [0.08003989993081984, 0.03628233686898307, -0.05025003120280875, -0.06607187774974853] - [-0.04245274813961293, 0.23083196979924156, -0.04053116911741211, -0.1478477600975109] - [0.06813479198271721, -0.2934678376760978, 0.14177125498139187, 0.0835618752579867]
B1: 3.3141063663431603e-08 - 1.9377431594391266e-08 - 7.94166257543097e-09 - -9.031304314535417e-09
B2: -1.2871912444196212e-08 - -1.1353513637302816e-08 - -1.1928405064506018e-08 - 1.1097605633176727e-08
