Number: 4600
Error: 7.446582179774914e-16
A1: [0.06621316796291209, -0.11395209312169191, -0.023983963988231865, 0.07172285445377329] - [0.03740252095887049, 0.1881932823296593, -0.14740903640553618, -0.07818709981213921] - [-0.060229511169305125, 0.3289506658138555, -0.12775324652727876, -0.1409684583167903] - [0.03904606449262981, -0.05332277590039764, -0.03741868195871493, 0.051695029595477116]
A2: [-0.009108449122691818, -0.34680305109855036, 0.24945521801497103, 0.10645681268962076] - [0.08003985619426325, 0.03628228975221061, -0.05025007900436981, -0.06607192595718508] - [-0.042452714817300306, 0.2308320065758084, -0.040531133407919355, -0.14784772324427842] - [0.06813468631171718, -0.2934679540243221, 0.14177114042392605, 0.08356175678147729]
B1: -2.8436499012306963e-08 - -1.0751957918771978e-08 - 1.9177229100137073e-08 - -5.306060343748891e-08
B2: 6.117461461427994e-09 - -3.94677090342009e-08 - -4.0523942116865176e-08 - -2.1642320787704012e-08
