Number: 6074
Error: 1.4525935934788348e-14
A1: [0.08043288950615829, -0.1804666060656334, -0.01958765359249145, 0.11962617642198778] - [0.0374168769404546, 0.13359768213968104, -0.1347248918361284, -0.0362845288694592] - [-0.0017016863459508305, 0.22819124914967645, -0.12282725163657363, -0.1036577778597324] - [0.038864151883006445, -0.11448010367323241, -0.04641552452645064, 0.12203514483666668]
A2: [0.03530737685958295, -0.029273542181960755, -0.07569741289400068, 0.0696633384573918] - [0.10289349539197905, 0.2828964438197468, -0.39260664315314014, 0.006815728689686905] - [-0.011187330125094753, 0.5390143591803803, -0.35945123331907686, -0.16837670706555366] - [0.09786226373572192, 0.017462778386736207, -0.16885152043891444, 0.05352431610164308]
B1: -1.1132241598064479e-07 - 2.4119501714172273e-08 - -1.495310974178579e-07 - 3.227579145365569e-08
B2: 1.3277374439406495e-07 - 3.1816535662677207e-07 - -5.534429326956111e-07 - -2.258930820304762e-07
