Number: 7647
Error: 2.0332565752324895e-16
A1: [0.08043168833454711, -0.1804678071010064, -0.019588853327740147, 0.11962497538771302] - [0.03741562456781456, 0.13359643071528407, -0.13472614171304564, -0.03628578054803541] - [-0.0017027911000619693, 0.22819014441890015, -0.12282835477334461, -0.10365888231918176] - [0.03886323858317715, -0.11448101441003053, -0.046416437244371334, 0.1220342321044054]
A2: [0.035307550339769025, -0.02927336822176514, -0.07569724795208427, 0.06966352002285457] - [0.10289385669765456, 0.28289680819195145, -0.39260629370344186, 0.006816107029528019] - [-0.011187293118672238, 0.539014396407533, -0.3594511982926527, -0.16837666807038076] - [0.09786273599913786, 0.017463252798377033, -0.1688510708754991, 0.05352481182482052]
B1: 2.6592828099872596e-08 - 6.895874487677382e-08 - 2.122500654707594e-08 - 3.873621425471076e-08
B2: 3.3866488827812284e-08 - 4.391450644533569e-08 - 5.525269960413713e-08 - 3.141266077074335e-08
