Number: 7850
Error: 9.058797014387217e-16
A1: [0.08043164711258702, -0.1804678483183001, -0.019588894500407492, 0.119624934170463] - [0.03741564650432878, 0.13359645263518902, -0.1347261198202426, -0.03628575862367596] - [-0.0017028353831427673, 0.22819010013676194, -0.12282839899158514, -0.10365892659044265] - [0.03886318856540375, -0.11448106428743998, -0.046416487230271565, 0.12203418211771894]
A2: [0.035307362450623374, -0.029273556630563448, -0.07569742659487083, 0.06966332337667819] - [0.10289372770273952, 0.28289667810226893, -0.3926064184656854, 0.006815971953083267] - [-0.011187014465510948, 0.5390146767227083, -0.3594509345410853, -0.16837637444413303] - [0.09786281245570097, 0.01746332960271245, -0.16885099809372664, 0.053524892079242235]
B1: -3.6232638851498864e-08 - -1.747979518311839e-08 - 1.5829614815304155e-08 - -8.37882814095158e-09
B2: -3.121006451213642e-08 - 2.2802487852367092e-08 - -1.0866859249215657e-08 - -3.5281056957100096e-08
