Number: 8285
Error: 1.1874339079918038e-15
A1: [0.08043170080916578, -0.18046779462781806, -0.019588840868094523, 0.11962498786087351] - [0.037415615558797626, 0.13359642171313263, -0.13472615070396873, -0.03628578955197646] - [-0.0017028052114319405, 0.22819013030782268, -0.12282836886406132, -0.10365889642679324] - [0.038863250619935744, -0.11448100240705035, -0.04641642521530393, 0.12203424413367354]
A2: [0.03530749166917362, -0.02927342705459305, -0.07569730373530982, 0.06966345861769117] - [0.10289379831534749, 0.28289674931415226, -0.3926063501700228, 0.0068160458946963254] - [-0.011187133195837742, 0.5390145572841708, -0.3594510469221096, -0.16837649955423656] - [0.09786268593558702, 0.017463202507087976, -0.16885111853291018, 0.0535247592745503]
B1: 4.753494684378742e-09 - 2.998417804727204e-08 - -1.7480238052486276e-08 - -3.3012322107310003e-08
B2: -1.0165398387162564e-08 - -4.919531495621271e-09 - 1.9833234798573034e-09 - -1.1126223994434233e-08
