Number: 5957
Error: 1.0058287132863202e-10
A1: [0.08042883814792606, -0.18047065745470184, -0.01959169876506413, 0.11962212627641922] - [0.03737282316609034, 0.13355366124919657, -0.1347688596295297, -0.03632855929142372] - [-0.0017194336209466795, 0.22817350248603346, -0.12284497120543493, -0.10367551952082944] - [0.03886535953777328, -0.11447889861715593, -0.04641431605130168, 0.1220363524583925]
A2: [0.03537531556094548, -0.029205420467289855, -0.07563281929815206, 0.06973444432493543] - [0.10296981371911616, 0.2829734053001881, -0.3925328313537427, 0.0068956440029640615] - [-0.011171301939540988, 0.5390304823946548, -0.3594360630707298, -0.16835981830998178] - [0.09789244718899698, 0.017493097082311344, -0.16882278870327966, 0.0535559988708286]
B1: -1.8750027827191257e-05 - -1.4754553710203498e-05 - 1.4779792086128397e-05 - 2.653348256227143e-06
B2: -5.002279084185492e-06 - -4.357378117842518e-06 - 2.687583922042235e-06 - -1.2262876339215792e-05
