Number: 196
Error: 5.734788521707765e-06
A1: [-0.01224948592801253, -0.014648960630453671, 0.017918808575775123, 0.008465443218173878] - [0.06760813464191212, 0.1912005412358113, -0.14348173128007877, -0.10802757770029757] - [-0.08959542236598189, 0.4283278988165672, -0.04618022567349911, -0.2642028333802141] - [0.018223370062848677, 0.00033761535527586546, 0.016903256504514894, 0.04578161404451579]
A2: [0.16068444929916628, -0.16865124658987732, 0.007727824833884881, -0.0033865290431284727] - [0.04606246752543773, 0.2179335908627374, -0.10666400714826473, -0.11543482036913814] - [-0.07771071844147154, 0.5898163979552317, -0.2270772957599065, -0.2517458246752521] - [0.004535100550210499, 0.0037247327899869883, 0.009458950941118748, 0.015248149338454154]
B1: 0.004829621496894327 - -0.0004136536983998015 - 0.001104119920309541 - 0.0007080282986873278
B2: 0.007442034059381012 - 0.005623143213358279 - -0.002894063072834852 - 0.003374977843005915
