Number: 246
Error: 3.1746483273847227e-07
A1: [-0.009644429338386412, -0.011944831233695306, 0.020855235806370855, 0.011261139021734526] - [0.06760185354970687, 0.19119387990286388, -0.1434958661662442, -0.1080405504897247] - [-0.09547074248542455, 0.42258113947152165, -0.052558696429228356, -0.2710751478605653] - [0.000634350657322261, -0.016340537328434598, -0.0017497629216877478, 0.02563801609183865]
A2: [0.16256690957971728, -0.16678992098373255, 0.009466105954186763, -0.0013773406430758485] - [0.03696874222884018, 0.20897686603997592, -0.11573274089384075, -0.12434101188169297] - [-0.08567122720039301, 0.582066010713777, -0.2348717210618323, -0.25941479829745767] - [-0.0037785360648406215, -0.004464627465878747, 0.0011617559826070808, 0.007293767580720856]
B1: 0.0005179630671798337 - 0.0008105084095554338 - 0.0008564156546073482 - 0.0005852912435435763
B2: 0.0008916825459477809 - 0.0026345113007658315 - -0.0008279535746328383 - -4.800951005978768e-05
