Number: 2421
Error: 4.095542541471337e-06
A1: [0.06078463082225107, -0.050842527870362704, -0.026117855850651312, 0.005086409331486044] - [0.0325657792136984, 0.18047760813979014, -0.1541662077708961, -0.10468462375529375] - [-0.11765320003763909, 0.42084843302739994, -0.09963538169798061, -0.18146625077343992] - [0.032633965444989574, 0.015198257389677, -0.037385196057101895, -0.02719373919621662]
A2: [0.04192476556950391, -0.19489456186378867, 0.06521867635556243, 0.003080532549644102] - [0.021795717013439023, 0.19296322190905804, -0.10919979218638347, -0.13525453222786177] - [-0.09254365908394867, 0.5151453964623558, -0.22351984807727374, -0.19353662525796972] - [-0.03218747587482824, 0.01248211866596639, -0.05593192424106255, 0.05110383550229765]
B1: -0.0016442693443414202 - -0.005149076845641171 - -0.006198464076293763 - 0.0006433433367390482
B2: 0.0018723090899777734 - -0.006236221428252962 - -0.0038892837782104027 - -0.003408953604771885
