Number: 8355
Error: 7.298889419830306e-16
A1: [0.0804316900598943, -0.18046780537586837, -0.01958885160451055, 0.11962497711282957] - [0.037415603520908974, 0.13359640968435382, -0.13472616271786864, -0.03628580158318284] - [-0.0017028098318373549, 0.22819012568752434, -0.12282837347769497, -0.10365890104595096] - [0.038863237373957416, -0.1144810156158536, -0.046416438452840256, 0.12203423089592473]
A2: [0.03530726361389769, -0.029273655740606985, -0.07569752056783491, 0.06966321993361048] - [0.1028937082964165, 0.2828966585312609, -0.39260643723523686, 0.006815951631856713] - [-0.011187151622366954, 0.539014538747739, -0.35945106436326535, -0.16837651897086472] - [0.09786282428053272, 0.017463341481277556, -0.16885098683722438, 0.053524904491411125]
B1: -7.576763729553457e-09 - 2.0493934702446366e-08 - 1.0775357283151114e-08 - 1.5519929204050462e-08
B2: 2.0206563324136348e-09 - 1.1615955207103182e-08 - 5.665438685191856e-09 - -1.0893452640557538e-09
