Number: 7675
Error: 7.476849966419621e-16
A1: [0.08043169156805483, -0.18046780386786448, -0.019588850098091606, 0.11962497862085578] - [0.03741560374827741, 0.13359640991150426, -0.13472616249109337, -0.036285801356036144] - [-0.0017028243972378938, 0.2281901111224347, -0.12282838802176406, -0.10365891560746879] - [0.038863241451060064, -0.11448101155019562, -0.046416434378308724, 0.12203423497051019]
A2: [0.03530750080762005, -0.029273417890911185, -0.07569729504666498, 0.06966346818213495] - [0.10289369127644322, 0.2828966413668129, -0.39260645369674757, 0.006815933809458434] - [-0.011187119914520417, 0.5390145706447559, -0.359451034350994, -0.1683764855592952] - [0.09786277623725623, 0.017463293219522148, -0.1688510325713806, 0.053524854061708316]
B1: -5.246088248196144e-08 - -3.8798652261738584e-08 - 2.958382801303182e-08 - 4.344020612033955e-09
B2: -8.461884804200218e-09 - -2.087221930192212e-08 - -5.2083677548578555e-09 - -9.916830767029033e-09
