Number: 9155
Error: 8.132861520950086e-07
A1: [0.051274158033854905, -0.14992222399266314, -0.028954084625121543, 0.11994472567530724] - [0.002103375424355351, 0.12759818111938803, -0.11689569702917744, -0.025764982236619226] - [-0.016457667784137858, 0.2211095707281561, -0.1290544940995914, -0.08355418182814454] - [0.024215048325160606, -0.1029575160809044, -0.052391363691927005, 0.11938373605282974]
A2: [0.08741867507918671, -0.0747521216895672, -0.12536471001245109, 0.10545055356892304] - [0.10428160336474197, 0.24525583986922744, -0.40931998942617887, 0.04155000094695376] - [0.027835841840891787, 0.45378802623498726, -0.3863311282747831, -0.13039988142004572] - [0.13871521900453945, -0.04927074390593573, -0.20609335063527445, 0.09791121216363742]
B1: -0.0004226508776574547 - 0.00016220515686210296 - 0.001046948820655363 - -0.0007229285295497764
B2: -0.0006497935244484297 - -0.0005507375958377434 - -0.00023641450295669328 - -0.0006675887642614741
