Number: 1902
Error: 8.305662721329472e-07
A1: [-0.005876414646965955, -0.013611797684466395, 0.004386808550673472, 0.020810097927579516] - [0.06884151988718162, 0.19182770703767077, -0.14464654470407606, -0.10762013168500992] - [-0.11618586533717526, 0.43822741241984375, -0.07461409102331869, -0.26201870620454876] - [-0.026569841261274055, 0.01221688737095273, -0.033290994910631665, 0.03552970652035878]
A2: [0.13388515181189456, -0.22244417993660606, 0.0248313512391716, 0.0723445018677081] - [0.032421728789898185, 0.2035401364890709, -0.11510469656010507, -0.12166246118892998] - [-0.09294699693003378, 0.5571587792457818, -0.23356040567503614, -0.22393396361712914] - [-0.019276053490659292, -0.017809130682235025, 0.009569656788486845, 0.03361198404154367]
B1: 0.0008442955980836402 - 0.0014134143685760148 - 0.001043160809723773 - 0.0010510133607077885
B2: -0.00012603854186953966 - 0.0007374187292785172 - 0.0004300155155717569 - 0.00035053790552069895
