Number: 755
Error: 2.1575484123745635e-14
A1: [-0.012152787447053818, -0.014516547274078204, 0.018087953640843302, 0.008583745342455503] - [0.06583597346607141, 0.18949597086602654, -0.1453218071859385, -0.11000773901479226] - [-0.09629075392022873, 0.4217883322610738, -0.053454815654836285, -0.2720330311774894] - [-0.0013257829570027689, -0.018223363622005485, -0.0038396695334001903, 0.023371793498354443]
A2: [0.16158642217499639, -0.16775506627817782, 0.008501041275398344, -0.0023333606177210666] - [0.03548575624429911, 0.2075167539659817, -0.1172103916347701, -0.12579199754393122] - [-0.08621371784665334, 0.5815379521593781, -0.23538889513184696, -0.259935737032784] - [-0.0038352593135097834, -0.004519576966829943, 0.0011099678542131613, 0.007243113387922375]
B1: 1.8430715311803343e-08 - 2.1692009433454745e-07 - -2.682296365344628e-08 - -3.0982105385522248e-09
B2: -4.43054316363659e-08 - -5.246046954358327e-07 - 3.0684969428032087e-07 - 1.7123553956591844e-07
