Number: 662
Error: 8.878302037126189e-14
A1: [-0.01215224386053398, -0.014515988956041672, 0.01808855446907126, 0.0085843262270228] - [0.06583510895690817, 0.18949513924480016, -0.14532270101306838, -0.11000870155945001] - [-0.09629499525787599, 0.42178423308025126, -0.0534594180115241, -0.2720379725431536] - [-0.0013230120725886585, -0.018220698814276588, -0.0038367200165197297, 0.023374996171805034]
A2: [0.16158629534245847, -0.1677551907196437, 0.0085009170031939, -0.002333484262495932] - [0.03548576503262228, 0.20751676261303478, -0.11721038288346387, -0.125791988946909] - [-0.08621384291831648, 0.5815378296552205, -0.23538901682842917, -0.25993585899816896] - [-0.003835078867730322, -0.004519399519456043, 0.0011101464550454549, 0.007243286025756154]
B1: -8.461145542101712e-08 - 2.4424288843714657e-07 - -7.748169081566824e-08 - 8.469980164088853e-09
B2: -4.858823562919905e-08 - 4.7615652397857053e-07 - -1.0860701697600938e-07 - 6.380007473452539e-07
