Number: 5874
Error: 7.499683291706527e-08
A1: [0.08119177229565863, -0.1797095499345491, -0.018829090275113695, 0.12038527192426583] - [0.03793712999461196, 0.13411664250183453, -0.13420559764337214, -0.035764464298973314] - [-0.0015242672687731523, 0.22836803816214873, -0.12264951094651337, -0.10348011075074048] - [0.03942089490961659, -0.11392602414711192, -0.0458581816520089, 0.12259203264897389]
A2: [0.03718450584170701, -0.02739238872058803, -0.07391240913905613, 0.0716291028050335] - [0.10580055192563702, 0.28582454852353034, -0.38979649051586823, 0.00986107633089919] - [-0.00827241714799515, 0.5419456149180751, -0.3566909113886125, -0.1653031234673318] - [0.10003678212716755, 0.019646129979351383, -0.16678090134313592, 0.055808194641416765]
B1: 7.181748740450611e-05 - -0.0009656587431482746 - 0.00087317306761468 - 0.00030484032478855696
B2: 0.0001757563030944541 - 0.0002997277042554432 - 0.00047127887537237127 - 9.231308843607953e-05
