Number: 5703
Error: 0.06313060047919818
A1: [-0.05701704121570922, -0.2401983798504158, -0.15038192194525057, -0.021478646582655858] - [-0.062307111952118896, 0.08912133710945454, -0.24298459789177393, -0.14575673004921308] - [0.19785899582036945, 0.5323968622103133, 0.10760767988633507, 0.10449811069289311] - [-0.5978221175063515, -0.6445920716998306, -0.655679998428128, -0.5109249111159865]
A2: [-0.7676414042388673, -0.9898988261706363, -0.7220723435256706, -0.63511685144596] - [-0.5785297367234715, -0.5428348342929888, -0.8785021775415541, -0.7399723125983424] - [-0.8661180236858411, -0.47835047453646506, -1.0542468969731311, -0.9656594047147206] - [-0.6890766842579542, -0.927555340927062, -0.7886689592456645, -0.6749242243833088]
B1: -0.4218842157420976 - -0.5407821106072377 - -0.4533206222216424 - -0.45652516692997785
B2: 0.2605926205683018 - 0.3578771062925518 - 0.0938184742023163 - 0.24009324943853302
