Number: 297
Error: 7.246935161532854e-09
A1: [-0.012245637442496723, -0.014611960580075255, 0.017985331864271918, 0.008484618886754272] - [0.0654046248964966, 0.18908100760393648, -0.14576780831795916, -0.11048801068658687] - [-0.0967331030135161, 0.4213610383474688, -0.05393460797146621, -0.2725483586456244] - [-0.0018525961809457833, -0.01872980353930735, -0.004400290789378036, 0.022762889503396593]
A2: [0.1615945767742958, -0.1677470802198674, 0.0085091852852228, -0.0023252756922780525] - [0.03557017263890201, 0.20759979648779797, -0.1171263719413444, -0.12570945015583848] - [-0.08616368202643211, 0.5815869122234051, -0.23534019145412077, -0.2598869004427358] - [-0.0038515586806716884, -0.004535548301190091, 0.0010940455712056207, 0.0072277212642238575]
B1: -4.244794454969332e-05 - 0.00013546860213439952 - 1.8112151098007826e-05 - -3.825268493256451e-05
B2: -0.0002913483618910464 - -0.0002529953710961685 - 0.00029448709570366576 - 0.00023793909232604034
