Number: 2671
Error: 2.2052916294754382e-08
A1: [0.06335686592805331, -0.047950140439316245, -0.02352098335756325, 0.007778294509564071] - [0.04411454853640587, 0.19170769498473336, -0.14209822223139698, -0.09201425390998705] - [-0.12321876230670005, 0.4150888717333486, -0.10462693789033473, -0.1868408731255058] - [0.03728425800774811, 0.019449566362619047, -0.032850745265031525, -0.02277155031464069]
A2: [0.06276377306968646, -0.17435977756621182, 0.0856514690928947, 0.023291239594688547] - [0.029233571352543557, 0.20024304969581055, -0.1017665098041049, -0.12792825798827076] - [-0.09351732024787426, 0.5135769629884346, -0.22571522024985835, -0.19520125087340418] - [-0.02600539845327736, 0.01844372963289716, -0.050369258859491554, 0.056902004475207775]
B1: 0.00020586435125823668 - 0.00028550090282482244 - -6.908922016668529e-05 - -4.970775989487469e-05
B2: -0.00014021359215016197 - 0.00012717838740051004 - 3.7440495845086663e-05 - -0.00015116075313248876
