Number: 76
Error: 0.0005265508345821324
A1: [0.026328734343855624, 0.026604371402451407, 0.061597443188418005, 0.048621462957611224] - [0.12073732699395642, 0.24700607604591346, -0.09250440597592405, -0.061297028321150845] - [-0.06856442921426938, 0.4529893623277976, -0.023080601930859816, -0.24190344868710756] - [0.03185387680560331, 0.019183417223361147, 0.03174261780232981, 0.05752206558832253]
A2: [0.2731413392583046, -0.05946214693162073, 0.11713115278925561, 0.10552404654041832] - [0.08319483078664633, 0.2512980597703466, -0.07430436700892636, -0.08322173097586612] - [0.04476261261534842, 0.711104390259344, -0.10820624399909624, -0.13273540702791276] - [0.2702428793786293, 0.2685048150917761, 0.2733814695697926, 0.2699701159296606]
B1: 0.030230600292836775 - 0.3862342014061973 - 0.00390642608376811 - -0.026263509214903835
B2: -0.015096720382082277 - 0.3532530993928279 - -0.014304350608667284 - -0.006757316039905481
