Number: 7978
Error: 8.599519328917414e-16
A1: [0.080431695910085, -0.1804677995263302, -0.019588845761264868, 0.11962498296238439] - [0.03741553426489293, 0.133596340480717, -0.13472623183599094, -0.036285870800915866] - [-0.001702831686479425, 0.2281901038333475, -0.12282839530033433, -0.10365892289476547] - [0.03886323715407196, -0.1144810158351271, -0.046416438672563086, 0.12203423067618983]
A2: [0.03530745216302187, -0.029273466670046544, -0.07569734129734426, 0.06966341727030421] - [0.10289372570623273, 0.28289667608880686, -0.39260642039668137, 0.006815969862444815] - [-0.011187123933372347, 0.5390145666019087, -0.35945103815494583, -0.1683764897940851] - [0.09786279802548724, 0.017463315106844082, -0.16885101183037374, 0.053524876932228245]
B1: 4.649258333183198e-09 - -1.307975242268144e-08 - -1.0967977507773305e-08 - -4.649798570253971e-09
B2: -1.5824755200189076e-08 - 1.3657850521493909e-08 - 2.574220994868242e-09 - -1.3456028811107418e-08
