Number: 5547
Error: 5.5707680263712546e-11
A1: [0.0662224208690386, -0.11394304545746299, -0.023974716994711175, 0.07173209280190981] - [0.03741130491383678, 0.188201675592119, -0.14740040040301974, -0.07817846323002318] - [-0.060203389485882275, 0.3289757551489139, -0.12772768414708677, -0.14094303362906097] - [0.03906851109422046, -0.053301470450919944, -0.03739696524842024, 0.051716570133802764]
A2: [-0.00922926182068019, -0.34693121444216524, 0.2493334274682893, 0.1063301478860378] - [0.08004460366641791, 0.036287404219362454, -0.050244890612061624, -0.06606669342405422] - [-0.042471918397002366, 0.23081081250443683, -0.040551713656405156, -0.14786896234797148] - [0.06809535825072911, -0.2935112559405703, 0.14172850450969843, 0.08351766250396943]
B1: -1.0453155670768495e-05 - 4.62847281728444e-07 - 2.7158989611860487e-06 - 6.597847855037085e-06
B2: 1.3099888261849252e-07 - 2.991966983558124e-06 - -6.296536956881725e-06 - -4.043910510313894e-06
