Number: 1272
Error: 1.0234595748815138e-08
A1: [-0.0068888179648260535, -0.01469199548917892, 0.0033079998938145678, 0.019761489949037047] - [0.06660224826012019, 0.18966838618141676, -0.14696738394864867, -0.11011205929795045] - [-0.1119621925634582, 0.4423976056696612, -0.07013895341641646, -0.25742534768926567] - [-0.0229935906952288, 0.015714210094779465, -0.029550393683436045, 0.03930810836469243]
A2: [0.13192006078545002, -0.22430072986275895, 0.02299584655576923, 0.070487539007146] - [0.03292942232471452, 0.20402770527821715, -0.11460634046364143, -0.12118036250350178] - [-0.09483987423644587, 0.5553270491162321, -0.23541585663520337, -0.22584807275302907] - [-0.02047530523523685, -0.01892999529933854, 0.00846842094523219, 0.03252059869275222]
B1: 3.3589600081327185e-05 - 0.00028597812160041186 - -0.00016632669444738166 - 9.297305412705659e-05
B2: 1.049560375347537e-05 - 3.9087243230818957e-05 - 4.461338170448017e-05 - 3.589228344570647e-05
