Number: 4147
Error: 7.370796034763673e-16
A1: [0.066213165711262, -0.11395209532299908, -0.02398396623808592, 0.07172285220593946] - [0.03740260357605539, 0.1881933612647911, -0.1474089551865004, -0.07818701858589668] - [-0.060229381488292634, 0.32895079036537717, -0.12775311962902747, -0.14096833210125873] - [0.03904609512544404, -0.053322746824894504, -0.037418652322493015, 0.051695058991085716]
A2: [-0.009108662876976759, -0.34680327785833065, 0.24945500253127628, 0.10645658858007986] - [0.0800398400095434, 0.036282272316615426, -0.05025009669338048, -0.06607194379637654] - [-0.042452824108638945, 0.23083188595521217, -0.040531250528901656, -0.14784784411631618] - [0.06813478498509096, -0.2934678453807334, 0.1417712473955215, 0.08356186741241048]
B1: 2.593948579446185e-08 - -1.344941898681677e-08 - -6.901734835373642e-09 - 1.1211167924860433e-09
B2: 1.9653386718756013e-08 - 2.2936145657550867e-08 - -1.4102515954612997e-08 - -9.795764754463246e-09
