Number: 7237
Error: 1.0316891463894796e-15
A1: [0.08043169523031148, -0.18046780020601585, -0.01958884644021878, 0.11962498228269038] - [0.037415593852546836, 0.13359640002326773, -0.13472617236711887, -0.0362858112462904] - [-0.0017028414674052988, 0.2281900940526378, -0.1228284050669366, -0.1036589326730822] - [0.038863245213643954, -0.11448100779816486, -0.046416430618130985, 0.12203423873075143]
A2: [0.03530741552871788, -0.02927350340568833, -0.0756973761288206, 0.06966337892857746] - [0.10289376876972003, 0.28289671951776896, -0.39260637874623344, 0.006816014956191984] - [-0.01118708768372495, 0.5390146030677874, -0.3594510038438297, -0.16837645159660825] - [0.09786279970950344, 0.017463316798528822, -0.16885101022730115, 0.05352487869989833]
B1: -1.3558497740922106e-09 - 1.1944645621402397e-08 - 1.323739514466513e-08 - 4.348347459041732e-09
B2: 1.3006987539336787e-08 - 1.1896573259946969e-08 - -1.0927177444875623e-08 - 1.5373756753710855e-08
