Number: 3399
Error: 1.5019035110636027e-08
A1: [0.0671111264760277, -0.11307425478039906, -0.02308742430352346, 0.07261993937460465] - [0.03733055107148104, 0.1881243518122251, -0.14747987888405883, -0.0782575580804992] - [-0.06570905325371056, 0.3236840517592648, -0.13312028064416168, -0.14631174041927808] - [0.03731055394550845, -0.0549681594063124, -0.039097071067359254, 0.05002648392544281]
A2: [-0.009121192581594842, -0.34681603882532297, 0.24944643703961197, 0.10644631210673776] - [0.08001972022381838, 0.03626035927847969, -0.05027360491951578, -0.06609771691186948] - [-0.04282841827909268, 0.23041701544122276, -0.0409344607187896, -0.14826596017751725] - [0.06729693174119308, -0.29438869833466824, 0.14087425983279636, 0.08262864096948898]
B1: 5.786980279259252e-05 - -0.0005556919555001539 - -0.00027294838611028287 - 1.3460198950988249e-05
B2: -3.59429049286714e-05 - 9.14986662023154e-05 - 0.0002287855439854372 - -0.0009694500075122224
