Number: 9147
Error: 1.367838370773079e-06
A1: [0.05523369861302622, -0.14599168230856438, -0.025020871086577585, 0.12387606568595692] - [0.008758778176662188, 0.13425193474302208, -0.11027934219461653, -0.019089155805459057] - [-0.013996444484478471, 0.2236030275526267, -0.12657569678550382, -0.08103515324745857] - [0.025787841908079943, -0.10138166491758314, -0.05079837728713427, 0.12096926076529449]
A2: [0.09570254674404043, -0.06644533492308133, -0.1171976792816838, 0.11386563771045781] - [0.11283163898148528, 0.2538177170830926, -0.40093802596268197, 0.0502345402923384] - [0.049695498925029856, 0.4755577586570406, -0.36499671992087523, -0.10834625552415086] - [0.13838624101080674, -0.04958856380240155, -0.2064320616535317, 0.09756941127935281]
B1: 0.0034629790290654815 - -0.0004961133234128497 - -0.003358536073796764 - -0.001157767526311117
B2: -0.0012394002941932282 - 0.0010836826675862821 - -0.0018152703132894258 - -0.002227677452914808
