Number: 1107
Error: 4.9680374481852326e-06
A1: [-0.011823817342692236, -0.019636095136763128, -0.0017255541074220695, 0.014592167100789609] - [0.06391507414667398, 0.18704448480540356, -0.14979013436048047, -0.11305325086774418] - [-0.12299702068833922, 0.4316646064624519, -0.08154673448070636, -0.26959574577477774] - [-0.023924336295013813, 0.014800312130628724, -0.030278260569653236, 0.03830218158692889]
A2: [0.12675266907496546, -0.22936386295569497, 0.017997794576815246, 0.06537259352491422] - [0.012471550004105698, 0.18394498060874695, -0.13495052069290814, -0.14124149039792858] - [-0.0903207854771608, 0.5598858959555704, -0.23093706254187207, -0.22151047745674013] - [-0.024558534885933965, -0.023067708721606614, 0.004651833280742189, 0.02839327620301086]
B1: 0.00021412640050293206 - -0.0018004990518200616 - 0.0017347689831077686 - 0.002040397562604249
B2: 0.0005443648994908288 - -0.007373519461821317 - 0.0038043299385920834 - -0.0010555113346211453
