Number: 2429
Error: 1.1955327960866977e-05
A1: [0.07119147125259909, -0.040291912461623614, -0.015591813307449175, 0.015616274177077349] - [0.03939828067180747, 0.18705486709603136, -0.1471114970062537, -0.09725383329477658] - [-0.14285985481824395, 0.39557945954522117, -0.12494336145293718, -0.20686458771148564] - [0.03881628453862345, 0.021281568164350378, -0.0312628945042346, -0.02119993132130666]
A2: [0.06198075124942291, -0.17508428334272405, 0.08521323142024587, 0.022783546937863917] - [0.022144439957398784, 0.19325974352258457, -0.10889465289524773, -0.13494489243778135] - [-0.10534085494210256, 0.502514201879435, -0.2364336142462286, -0.20609458108662929] - [-0.03681772951059145, 0.0079521152971656, -0.060518339368205706, 0.046644631005338444]
B1: 0.0015604452847251954 - -0.0019059292310728642 - 0.004644720814056423 - 0.0022530167696184
B2: -0.0050245861069231415 - -0.004643289841825369 - 0.007857620390094761 - 0.004657930608380197
