Number: 8161
Error: 9.826942033298525e-16
A1: [0.0804316609341739, -0.18046783449829748, -0.019588880695396473, 0.11962494799044483] - [0.037415655650467436, 0.1335964617744556, -0.13472611069220722, -0.036285749482538196] - [-0.0017028191661927696, 0.22819011635336278, -0.12282838279838956, -0.1036589103778259] - [0.03886323313090305, -0.11448101984700736, -0.04641644269318368, 0.1220342266555146]
A2: [0.03530730227940475, -0.029273616968180084, -0.07569748380503347, 0.069663260401121] - [0.10289371543352109, 0.28289666572891053, -0.39260643033232295, 0.0068159591054280525] - [-0.01118700246002517, 0.5390146887997528, -0.3594509231775713, -0.1683763617936158] - [0.09786291272685466, 0.01746343032991958, -0.16885090264191302, 0.053524997331112024]
B1: -3.913317441317868e-08 - 7.487377921526992e-09 - 2.776544137125782e-08 - -1.7273632909750425e-08
B2: -3.028493640242403e-08 - 2.571008795363083e-08 - -9.102804585563762e-09 - -1.070640867363864e-08
