Number: 404
Error: 3.5993783990098516e-11
A1: [-0.012189494491459061, -0.014554247085359065, 0.018047382656465983, 0.00854452110617622] - [0.06582714937219271, 0.18948748254462652, -0.14533093051247736, -0.11001756387244366] - [-0.09631480841625127, 0.42176508520424527, -0.05348091622715848, -0.27206105547174997] - [-0.00135433668067252, -0.018250822791835212, -0.0038700622114488763, 0.023338790631583676]
A2: [0.16156300041038113, -0.1677780484081029, 0.008478091399038712, -0.0023561937961578162] - [0.035483370469658444, 0.20751440650764436, -0.11721276749159897, -0.12579433159955777] - [-0.08622698375292055, 0.5815249573582374, -0.2354018043400197, -0.2599486745628575] - [-0.003846630748890589, -0.004530759154436527, 0.0010987132487506833, 0.0072322341765362974]
B1: 6.913031260741086e-07 - -1.7071473418512857e-05 - 4.70022515691794e-06 - -4.497333761330432e-06
B2: 5.443893048249949e-06 - -3.842211663199627e-06 - 5.62644261875153e-07 - 1.5152290997177826e-06
