Number: 7481
Error: 6.607043208956933e-16
A1: [0.08043173139711371, -0.18046776404331627, -0.01958881031667115, 0.1196250184453575] - [0.037415633192299305, 0.13359643933324164, -0.13472613310575524, -0.036285771928333176] - [-0.0017027734466819502, 0.22819016207190512, -0.1228283371458147, -0.10365886467051344] - [0.038863276901504124, -0.11448097619923846, -0.04641639895047001, 0.12203427039891261]
A2: [0.03530748556520936, -0.029273433175478047, -0.07569730953897881, 0.06966345222932344] - [0.10289373157501017, 0.2828966820073916, -0.3926064147204792, 0.006815976007913824] - [-0.01118708345327987, 0.5390146073234681, -0.35945099983961626, -0.16837644713883818] - [0.09786279467700405, 0.01746331174314324, -0.16885101501792005, 0.05352487341742231]
B1: 1.477781289676222e-08 - 1.6985224355982644e-08 - -7.215605376991535e-09 - 1.4716077801270646e-08
B2: 1.2311213510897577e-08 - 1.0733602408087667e-08 - 1.4182660824535383e-08 - 1.1161071424977998e-08
