Number: 57
Error: 0.00029849128864532673
A1: [-0.006633313461680519, -0.008544442410865615, 0.025481954402503178, 0.01609420511747729] - [0.11351104899392304, 0.24178771293138068, -0.10067615031338516, -0.07747238461907167] - [-0.12499317044865887, 0.396188828147699, -0.08402025530377041, -0.30132745227491237] - [-0.009869111404096196, -0.02173667139569402, -0.012640426701956298, 0.012014859750647582]
A2: [0.31413887604956287, -0.01804268232010935, 0.15616048380020534, 0.1452219155209932] - [0.1032359688051772, 0.2718680438532331, -0.055742380514296426, -0.06445971193066208] - [0.09681685496088277, 0.7631993012598922, -0.05782254460478048, -0.08163303313179762] - [0.38533618002077796, 0.38318269788756193, 0.38710923052426366, 0.38019626640237125]
B1: 0.04422870781466179 - 0.43050042088157187 - -0.012103426149430453 - -0.03786910495417005
B2: -0.005094599476795944 - 0.40003880654932744 - -0.014062159849971681 - -0.0071547967928649306
