Number: 462
Error: 2.311209252362147e-12
A1: [-0.012155157012763257, -0.014518980991525841, 0.018085334652370937, 0.008581213253103683] - [0.06583171190329032, 0.18949187142312582, -0.14532621326780676, -0.11001248384423835] - [-0.0962960225073671, 0.421783240388768, -0.05346053256632116, -0.27203916925014127] - [-0.0013268714883847691, -0.01822441032841836, -0.003840828086855671, 0.023370535430227015]
A2: [0.16158629102325955, -0.16775519501762542, 0.008500912854920313, -0.002333488365875423] - [0.035487046916479456, 0.20751802390952304, -0.11720910636518812, -0.12579073492731077] - [-0.08621192485629667, 0.5815397084183258, -0.23538715045983455, -0.2599339885781377] - [-0.003835236767636936, -0.004519554775037408, 0.001109990207795818, 0.007243134993312821]
B1: 7.224227635405214e-07 - -2.4592120867211042e-06 - -6.312793275971825e-07 - 1.7917103222059064e-07
B2: 3.009288658629716e-07 - -2.338978951227023e-06 - 1.9382059551745104e-06 - 2.914917855121162e-06
