Number: 3293
Error: 7.5173200308398756e-06
A1: [0.10292408130054595, -0.07833199040646772, 0.011789596484153213, 0.10766614187726731] - [0.03803988216860458, 0.18780890846881432, -0.1464402412433962, -0.07721660066924842] - [-0.038446751268167954, 0.3503601539406471, -0.10609823171496685, -0.1194690916691469] - [0.05669441905128873, -0.036573107616999966, -0.020626838404892423, 0.06843553639674119]
A2: [-0.010338409443000289, -0.34972347715010604, 0.24845864486167774, 0.10466513527377266] - [0.10257899604649895, 0.06097944830108953, -0.025968654633740186, -0.04164845581412745] - [-0.021408174323788456, 0.2508386315730398, -0.01961975472297834, -0.12607347834754262] - [0.08420905806065587, -0.27853640701477866, 0.15778880627348937, 0.10027195728895168]
B1: -0.006979288703221608 - -0.002481273556193004 - 0.0011648252567046237 - 0.002996147480928817
B2: -0.0015030597467401022 - -0.012501653049768281 - -0.002858594649437229 - 0.003746626586425072
