Number: 3764
Error: 1.2464163228450197e-15
A1: [0.06621316677149307, -0.11395209428646313, -0.023983965178699284, 0.07172285326437985] - [0.03740265567504622, 0.1881934110418267, -0.14740890396921452, -0.0781869673640723] - [-0.06022938918191962, 0.3289507829760962, -0.1277531271575672, -0.14096833958931518] - [0.03904630735987533, -0.053322545380047756, -0.03741844699282176, 0.05169526265353769]
A2: [-0.009108560720911879, -0.3468031694866891, 0.24945510551391478, 0.10645669568514028] - [0.08003980543611072, 0.036282235071117205, -0.050250134480185914, -0.06607198190403449] - [-0.04245286245519548, 0.23083184363354578, -0.040531291622607456, -0.14784788652617672] - [0.06813472346792744, -0.293467913113856, 0.14177118070497421, 0.08356179844024664]
B1: -1.5305485539647794e-08 - 2.001333502961005e-10 - 1.9797150179784338e-08 - -3.012442781014765e-08
B2: 1.6199898176392057e-08 - -1.231761961727903e-08 - 1.833070061521779e-08 - -3.7943098076289765e-08
