Number: 4396
Error: 8.171637591746456e-16
A1: [0.0662131242998356, -0.11395213580904133, -0.023984007617029075, 0.07172281086400849] - [0.037402660919174734, 0.1881934160522468, -0.14740889881381447, -0.07818696220824031] - [-0.06022938663627229, 0.3289507854209831, -0.12775312466658087, -0.14096833711166823] - [0.03904603481545055, -0.05332280406883078, -0.03741871067037321, 0.051695001116989776]
A2: [-0.009108651032641406, -0.34680326529328054, 0.2494550144714236, 0.10645660099822225] - [0.08003987976245416, 0.03628231514189614, -0.050250053245707825, -0.06607189997975466] - [-0.042452786555684074, 0.2308319274009841, -0.04053121028563629, -0.1478478025840954] - [0.06813471309090165, -0.2934679245393108, 0.14177116945532153, 0.08356178680579836]
B1: 1.580303091043067e-08 - 1.4541224610983744e-08 - 1.0349232680823209e-08 - -2.9060992164875323e-08
B2: -5.722521791472136e-08 - 5.0951056296989784e-08 - 1.7130780296479577e-10 - 9.941745392773094e-09
