Number: 7801
Error: 1.08489326284144e-15
A1: [0.08043167613884668, -0.1804678192953255, -0.019588865508852613, 0.11962496319340886] - [0.03741556674380568, 0.1335963729350367, -0.1347261994218326, -0.036285838340011256] - [-0.0017028418902861415, 0.2281900936297596, -0.12282840548920068, -0.10365893309584889] - [0.038863225402133945, -0.11448102755408412, -0.04641645041701069, 0.12203421893155683]
A2: [0.03530745033764502, -0.029273468500468084, -0.0756973430329075, 0.0696634153598713] - [0.1028937353831994, 0.282896685847915, -0.39260641103724, 0.006815979995638827] - [-0.011186955438954994, 0.5390147361013217, -0.35945087867110387, -0.1683763122458605] - [0.09786288353419444, 0.017463401004507807, -0.16885093043152852, 0.05352496668843811]
B1: 8.472936074927614e-11 - -1.393260134964482e-08 - 4.1301313311071385e-08 - 1.9799851639605498e-08
B2: 3.098103651548976e-08 - -2.1789076381298434e-08 - 2.7412172234607152e-08 - 2.7100017200584913e-08
