Number: 5834
Error: 2.315387002101466e-06
A1: [0.07552427674803443, -0.18541210968160565, -0.024461388611727048, 0.11473055663049692] - [0.034499495162752074, 0.130652877130904, -0.13762881118885278, -0.0391996815493178] - [-0.005482870710824231, 0.2243922257160641, -0.12657555820360938, -0.10742461919127548] - [0.03395989462733637, -0.1193992887543527, -0.05126466087235835, 0.1171612254199557]
A2: [0.031182579629590496, -0.03342643450507178, -0.07960620426291194, 0.06537391417912494] - [0.08855956781128427, 0.26837956114470957, -0.40647266228928625, -0.008151049084462628] - [-0.0036242126485376545, 0.5466536194565734, -0.3522833444734026, -0.16042200888149097] - [0.09962037553266612, 0.01923818233061063, -0.16717030924086745, 0.05536977591035936]
B1: 0.0005853674140565331 - -0.0021325822465781516 - -0.0013439463947976563 - -0.0005270441973889782
B2: 0.0005644240921064392 - 0.000874207572900168 - -0.0006992854863663868 - 0.0004822267582369371
