Number: 1530
Error: 1.0427275769066602e-08
A1: [-0.006796345610603108, -0.01459917508455366, 0.0034033518909125913, 0.019856224814524426] - [0.06682422177912184, 0.18988195930844612, -0.14673777919582437, -0.10986519779684674] - [-0.11200724349914605, 0.4423517623426539, -0.07018721621815283, -0.2574736580150597] - [-0.02307057797962234, 0.015637558880477454, -0.02962959607875685, 0.03922726877287052]
A2: [0.13164021711461057, -0.22457532629079158, 0.022719575980346653, 0.07021356371345394] - [0.032674841427348895, 0.20377726991952616, -0.11485976822072262, -0.1214295994276563] - [-0.09459755427426345, 0.5555643789804859, -0.2351781021492559, -0.22561117417984175] - [-0.021030042208993422, -0.01947566611614084, 0.007916466763687685, 0.031986931407103715]
B1: -2.7700161659332692e-05 - -0.00023343565764351494 - -3.432574795753484e-05 - -9.328791946888835e-05
B2: -4.8013471388159907e-05 - 8.99086677550887e-05 - -9.599903180874611e-05 - -9.202889679448239e-05
