Number: 6777
Error: 8.884007370370494e-16
A1: [0.08043162261215764, -0.18046787281594442, -0.019588918971545972, 0.11962490967282972] - [0.03741554477789027, 0.1335963509857527, -0.13472622134399845, -0.036285860293764106] - [-0.0017028659104645033, 0.22819006961009597, -0.12282842947421468, -0.10365895710962271] - [0.03886318463376989, -0.11448106820802527, -0.04641649115940043, 0.12203417818853063]
A2: [0.03530745677478369, -0.029273462045542962, -0.07569733691257567, 0.06966342209705607] - [0.10289374732292243, 0.2828966978889467, -0.39260639948930753, 0.0068159924982620365] - [-0.011187083377877001, 0.5390146073993289, -0.35945099976826, -0.16837644705936705] - [0.09786282464749654, 0.017463341849957095, -0.1688509864879438, 0.05352490487667485]
B1: -1.1049108885313575e-08 - -1.5692599883124996e-08 - -8.44838874915363e-09 - -1.144460410245301e-08
B2: -1.8467056773142108e-08 - -7.724716800537347e-09 - -7.592157129533481e-09 - -6.503228626958041e-09
