Number: 517
Error: 3.2160196170916786e-13
A1: [-0.01215241362064805, -0.014516163319754189, 0.018088366832180756, 0.008584144821081462] - [0.06583542020567275, 0.18949543865248927, -0.14532237920943428, -0.11000835501551579] - [-0.09628937570385371, 0.42178966429114206, -0.053453320111902465, -0.27203142547599063] - [-0.0013175977780378683, -0.01821549178999616, -0.003830956667394762, 0.023381254201139012]
A2: [0.1615870626176012, -0.1677544378916552, 0.008501668817212564, -0.002332736261343671] - [0.0354856507983587, 0.20751665021559768, -0.11721049663839594, -0.1257921006949907] - [-0.08621352161056026, 0.5815381443744987, -0.23538870418431623, -0.25993554567156174] - [-0.0038347456780152512, -0.004519071871144541, 0.0011104762323540338, 0.007243604797199879]
B1: -2.5163789745359725e-07 - 1.3777192924332377e-07 - -4.786264031709601e-07 - -2.920322496845692e-07
B2: 7.294215254306881e-07 - 1.1818542061097995e-07 - -9.258857033046561e-07 - -8.136719792066389e-07
