Number: 9464
Error: 2.5503286583688533e-13
A1: [0.05317222448196377, -0.14800159678456085, -0.026999372640961063, 0.12182749616286037] - [0.005313306748772266, 0.13083628074577194, -0.1136011567894074, -0.02255017702035958] - [-0.014445009340256715, 0.22309108786106321, -0.12704171194519234, -0.08160646595763316] - [0.027146831825675212, -0.10001966624828966, -0.04942413581818069, 0.12229849315530689]
A2: [0.0892509862645083, -0.07291683728593243, -0.1236308174883063, 0.10728286525785481] - [0.10883961868644133, 0.24981207064182548, -0.40484735784037545, 0.04618733448329705] - [0.03663575413144918, 0.46255494255763685, -0.3777176235173299, -0.12147344714537658] - [0.14342659829062496, -0.04460645884910223, -0.20149937426875836, 0.10268003003047768]
B1: 1.2910581646193635e-06 - -2.597686202850948e-07 - -5.022689874951862e-07 - -5.213817529458216e-07
B2: 2.7085969164081825e-07 - -1.7618227804319957e-07 - -6.930057980381237e-07 - -4.823292361391154e-07
