Number: 6393
Error: 8.832679446693744e-16
A1: [0.08043169529699667, -0.18046780013933786, -0.01958884637361546, 0.11962498234936787] - [0.03741557981245714, 0.13359638599380208, -0.13472618637923756, -0.036285825278603426] - [-0.001702800954893729, 0.22819013456428336, -0.12282836461374984, -0.10365889217138771] - [0.038863228375651586, -0.11448102458890208, -0.046416447445390155, 0.12203422190322692]
A2: [0.035307437512841704, -0.02927348136076134, -0.07569735522658134, 0.06966340193734144] - [0.10289375469973641, 0.2828967053283688, -0.3926063923545502, 0.006816000222865584] - [-0.01118706355426658, 0.5390146273411837, -0.35945098100480427, -0.16837642617051232] - [0.09786281562928963, 0.017463332790730618, -0.16885099507269766, 0.05352489541049821]
B1: -7.729759834942986e-09 - 6.980426541931974e-09 - 2.136689475294226e-09 - 3.3778277627322546e-09
B2: 3.924972514955028e-09 - 1.3995818542166705e-08 - -5.430329767850338e-09 - 2.1803737711303903e-09
