Number: 4516
Error: 1.0338521057675477e-15
A1: [0.06621311547617154, -0.11395214443553299, -0.023984016433773975, 0.07172280205512768] - [0.03740254244846665, 0.18819330286151273, -0.14740901527960526, -0.07818707868434036] - [-0.06022942323704251, 0.3289507502680044, -0.1277531604818844, -0.14096837273427357] - [0.03904599645669833, -0.053322840477553174, -0.03741874778121482, 0.05169496430745896]
A2: [-0.009108571687294632, -0.34680318112031505, 0.24945509445868932, 0.1064566841874447] - [0.08003979197699367, 0.03628222057183632, -0.05025014919017797, -0.06607199673892407] - [-0.04245287936871121, 0.2308318249668599, -0.04053130974761384, -0.1478479052317043] - [0.06813485139408368, -0.2934677722616373, 0.14177131938906415, 0.08356194186905208]
B1: -4.8294262630795775e-09 - -1.6807498609331576e-08 - -3.909445120444704e-08 - 9.470843535988217e-09
B2: 1.7102124069754986e-08 - 1.6714600636738085e-08 - -1.3719406426674933e-07 - 2.990991625167392e-08
