Number: 1230
Error: 4.3408420728740246e-08
A1: [-0.007487340388026964, -0.0152941254343971, 0.002687942496243657, 0.019145840635303238] - [0.06647975050905787, 0.18955097765796702, -0.1470941024270487, -0.11024819308567557] - [-0.11292530618904308, 0.4414540767409742, -0.07113689845882211, -0.2584688431557272] - [-0.022825395765327088, 0.01588114806769708, -0.0293736343907508, 0.039482537478167164]
A2: [0.1327533377420142, -0.22347870723918825, 0.023813727226165652, 0.07130179596834955] - [0.03322395079155019, 0.2043180325086298, -0.11431313758050474, -0.12089292336844264] - [-0.09197799286635676, 0.5581470562253052, -0.2326051432082977, -0.22303522319302788] - [-0.018728321578227052, -0.017206844023025455, 0.010200239535527619, 0.034201895778886035]
B1: 4.704005925216826e-05 - 0.0009674647978945067 - -0.0001503797013489836 - -0.00037865489329055207
B2: -3.651334049489325e-05 - 3.3924004464401785e-06 - 3.7145989830454645e-05 - -3.1251310783735304e-05
