Number: 2250
Error: 0.00015592442283909628
A1: [0.04245542730464588, -0.06182158404590096, -0.03948408907636701, -0.00731229846640285] - [0.05574073971832301, 0.19353881979274884, -0.14950057473888465, -0.09518833998718627] - [-0.1766728653616886, 0.3730532081928193, -0.14376314732251905, -0.22763281080144188] - [0.021357407488914893, 0.018527762953064072, -0.02878670573886556, -0.030386842305228475]
A2: [0.10449588649905758, -0.14469042644321206, 0.12844304876262352, 0.06192449357787173] - [0.040198910358218064, 0.21065281765058563, -0.08823775242902403, -0.11873189397910491] - [-0.14525516625669213, 0.47911096589698493, -0.27182119879337335, -0.2476659908430131] - [-0.03508477853367879, 0.028949120490683076, -0.056039880841628045, 0.057429818871740534]
B1: 0.00016191800663004335 - 0.026596704735777955 - 0.007310280823922533 - -0.0200912651510132
B2: 0.008383806912318116 - 0.022734618620624047 - 0.01982904456332527 - 0.004346890559007522
