Number: 5392
Error: 1.1245553721717324e-15
A1: [0.06621322279754378, -0.11395203951233894, -0.023983909196586647, 0.07172290919641428] - [0.03740267374004248, 0.18819342830190516, -0.14740888620978831, -0.07818694960310815] - [-0.060229276876854115, 0.32895089083879586, -0.1277530172623082, -0.1409682302848454] - [0.03904618239482153, -0.05332266399182094, -0.03741856789199956, 0.051695142735956746]
A2: [-0.00910881849415917, -0.34680344294280124, 0.24945484565463205, 0.10645642542471334] - [0.0800398596393266, 0.03628229346354021, -0.050250075238856565, -0.06607192215991967] - [-0.04245290381462312, 0.23083179798716152, -0.04053133594480767, -0.1478479322676493] - [0.06813476978512309, -0.2934678621165943, 0.14177123091674895, 0.08356185037045742]
B1: 2.3625439614667867e-08 - -1.5488454958468064e-07 - 8.353962546245426e-09 - -4.540325427593128e-09
B2: -3.2577961474353234e-08 - 8.289399753956126e-10 - -9.705579427033097e-09 - -4.5683394330186174e-08
