Number: 679
Error: 1.5169295458776903e-14
A1: [-0.012153992174669144, -0.014517784654005774, 0.01808662205354474, 0.008582457950280339] - [0.0658359820778804, 0.18949597915018132, -0.14532179828232908, -0.11000772942682192] - [-0.09629340872200011, 0.42178576643902127, -0.053457696430799354, -0.27203612415129724] - [-0.0013227156481117595, -0.018220413738836528, -0.003836404482770733, 0.023375338788945214]
A2: [0.16158699947187755, -0.1677544998516063, 0.00850160693409071, -0.002332797834245495] - [0.03548564211864551, 0.20751664167429967, -0.11721050528234252, -0.12579210918857542] - [-0.08621340290880604, 0.5815382606427709, -0.23538858868481574, -0.2599354299228487] - [-0.0038345943163826984, -0.004518923024924973, 0.0011106260421072886, 0.007243749610507709]
B1: 1.970598330543927e-08 - 1.940892626281558e-07 - 8.416199812886431e-08 - 2.8462142078688708e-08
B2: -1.4348024259490649e-07 - -5.1458820902846416e-08 - 2.329377492307095e-07 - 2.554019390762116e-07
