Number: 2168
Error: 0.0007855200864207998
A1: [0.09212625976539723, 0.0035034860956177985, 0.042710242369523886, 0.0825181700759738] - [0.037094564559211625, 0.16510063531834857, -0.17939726823712268, -0.12673814233002834] - [-0.24866522288055196, 0.2745299257536709, -0.23045371050927996, -0.36145809197261586] - [0.04222285709753866, 0.06677424129527969, 0.02623472627588363, 0.025437067004590128]
A2: [0.2130498298192624, -0.1092741500976843, 0.17414684861409802, 0.15941808904419233] - [0.02079846959502387, 0.18961001275986236, -0.10840328745009103, -0.1399786850256275] - [-0.0993073429896954, 0.5441298491637002, -0.2090680064728643, -0.1941408128987588] - [-0.030435290970038276, 0.05404686257696443, -0.011546479255794363, 0.0699052004206387]
B1: 0.04153372975441776 - -0.0017691907683208522 - -0.01283267018964561 - 0.034785859992953444
B2: 0.023939128288129614 - 0.0029285493406551975 - 0.0777499114476341 - -0.05184391372164969
