Number: 5387
Error: 1.0939281679604488e-15
A1: [0.0662131998336779, -0.11395206196305419, -0.02398393214243201, 0.07172288627108606] - [0.03740264713784517, 0.18819340288529232, -0.1474089123617944, -0.07818697575742727] - [-0.060229214906016515, 0.3289509503584887, -0.12775295662125252, -0.1409681699699339] - [0.0390461498599092, -0.05332269487278917, -0.037418599368477246, 0.051695111515052135]
A2: [-0.009108667169033781, -0.34680328241102987, 0.2494549982040893, 0.1064565840804235] - [0.08003962389680679, 0.036282039501665544, -0.050250332891607755, -0.06607218200038067] - [-0.04245282233305538, 0.23083188791488568, -0.040531248626189946, -0.1478478421525108] - [0.0681347867866211, -0.2934678433972864, 0.1417712493479491, 0.08356186943217962]
B1: -1.0351198197026247e-08 - -1.8760306785504946e-08 - 1.755447737731571e-08 - 2.3175372160833948e-08
B2: 6.973221464553271e-09 - 3.154445089506571e-08 - -1.3608813306081084e-08 - 1.4817485305357765e-09
