Number: 3580
Error: 1.0613989083729947e-11
A1: [0.06620960932499469, -0.11395557235211398, -0.023987520036870602, 0.07171930174606807] - [0.037397476088114924, 0.18818846226005775, -0.14741399594956645, -0.07819205966219586] - [-0.06023366390390559, 0.32894667730606875, -0.1277573099271667, -0.14097250032801423] - [0.039063855236343224, -0.05330588956043294, -0.03740146999885609, 0.05171210167314601]
A2: [-0.009089150722186436, -0.346782578416269, 0.24947467258997807, 0.10647704618633592] - [0.08004217259362759, 0.03628478523318486, -0.050247547328932884, -0.06606937283343403] - [-0.04245736168698256, 0.23082687800243923, -0.0405361134671142, -0.14785286270983125] - [0.06815371051774989, -0.2934470076296941, 0.14179176476699204, 0.08358308668237859]
B1: -3.1338439151682175e-06 - -6.572405980306009e-07 - -1.0879152765098411e-05 - 7.760128376469108e-06
B2: 4.288303406980467e-06 - -1.3863277910895717e-06 - -7.91343321183269e-06 - 2.3310846891123596e-06
