Number: 9312
Error: 4.020694325688041e-10
A1: [0.05326386418268128, -0.1479099267802877, -0.026907825750406685, 0.12191917682213478] - [0.005209400755101446, 0.1307322767212314, -0.11370503252276178, -0.022654228765943335] - [-0.014318983887857873, 0.22321715304252057, -0.12691577863467834, -0.08148039098163372] - [0.027162279405734253, -0.10000421782402477, -0.04940864443806169, 0.1223139765534872]
A2: [0.08926684233579996, -0.07290100293891363, -0.12361532499325692, 0.10729891852038984] - [0.10891358936671286, 0.24988606300921126, -0.40477485742442676, 0.046262552545432996] - [0.03666022434287561, 0.46257928336267257, -0.37769374995376226, -0.1214487277524769] - [0.14349645483739895, -0.0445368780374027, -0.20143117009490416, 0.10275091475557817]
B1: -2.660891400656856e-07 - 2.1071770249500455e-05 - -3.202341222757176e-06 - 7.658572133866149e-06
B2: -1.8733306651704357e-05 - 3.0147546747279837e-05 - -1.9791949464382922e-06 - -1.5801086607937754e-05
