Number: 6336
Error: 1.1219623159263181e-15
A1: [0.08043170667986908, -0.1804677887577529, -0.019588835004352302, 0.11962499373094125] - [0.037415623000709906, 0.13359642914936917, -0.13472614327703747, -0.036285782114273156] - [-0.0017027533957572362, 0.22819018212240466, -0.12282831712424899, -0.10365884462494404] - [0.03886329758244104, -0.1144809555763344, -0.046416378282701606, 0.1220342910670032]
A2: [0.03530743160054129, -0.029273487289416835, -0.07569736084791474, 0.06966339574947242] - [0.10289381116393316, 0.2828967622717867, -0.3926063377431302, 0.006816059349150023] - [-0.011187048652124828, 0.5390146423322114, -0.35945096689961126, -0.1683764104675981] - [0.09786283725916126, 0.017463354518989338, -0.16885097448246847, 0.05352491811483244]
B1: -1.2595853089930755e-08 - 8.736223149999514e-09 - 1.1366790730633509e-08 - -4.229906279673145e-09
B2: -1.4897961285767816e-08 - -1.4835288214377014e-08 - 2.8429339198992403e-08 - 1.2455856806367924e-08
