Number: 6964
Error: 1.3943455874782297e-15
A1: [0.08043167980090304, -0.1804678156336757, -0.01958886185117738, 0.11962496685504487] - [0.03741558515032584, 0.1335963913276314, -0.13472618105200332, -0.03628581994369192] - [-0.0017028232500798316, 0.22819011226956956, -0.12282838687629169, -0.10365891446062367] - [0.03886322783387146, -0.11448102512916039, -0.04641644798682673, 0.12203422136178253]
A2: [0.03530742311735431, -0.029273495796062678, -0.07569736891362495, 0.06966338687090287] - [0.10289381303782832, 0.2828967641615844, -0.3926063359307056, 0.006816061311372509] - [-0.011187172060566105, 0.5390145181876768, -0.35945108370835693, -0.1683765405074243] - [0.09786280291477917, 0.01746332001838482, -0.1688510071760817, 0.05352488206439353]
B1: 2.5721067451521825e-08 - -1.3461247866961554e-09 - -3.4134694158257407e-09 - 1.0251632469902334e-08
B2: 5.126956913938609e-09 - 9.172515385015605e-09 - 1.2861994733533142e-08 - 5.946654873277002e-09
