Number: 1558
Error: 7.52065638104176e-09
A1: [-0.005847808261223115, -0.013642009102918896, 0.004389424257640488, 0.0208304014636396] - [0.06694162661624996, 0.18999487700000578, -0.14661640013379842, -0.10973453329859652] - [-0.11268321327057487, 0.44168903315525293, -0.07089179068691763, -0.2582057228364131] - [-0.02411153442061952, 0.014614685596299479, -0.030692387610861762, 0.0381281505431129]
A2: [0.1315720882179816, -0.22464280439113685, 0.022652723339038495, 0.07014712639608418] - [0.0327794915845546, 0.20388021417400384, -0.1147555234242171, -0.12132720407300071] - [-0.09457370952127678, 0.5555874758329863, -0.23515444539005018, -0.22558725270812607] - [-0.02097807170455777, -0.01942473569350574, 0.007968004197936546, 0.032036797551288965]
B1: -0.00013271336039273124 - -0.00016230990491093023 - -5.292748823339851e-05 - -0.00011198185074512757
B2: -8.300293605531312e-05 - 2.5940979941074262e-05 - 0.0001923412551524971 - -0.00028506039172824203
