Number: 1566
Error: 2.224567105213685e-08
A1: [-0.008191495717841044, -0.016006736285063758, 0.0019532002763723542, 0.01842312723330573] - [0.06687313960557818, 0.18992898186222135, -0.1466871753393379, -0.10981072181637694] - [-0.11280411176290434, 0.4415705025354081, -0.07101780401039678, -0.25833663631949266] - [-0.02288120905328395, 0.015823363447274058, -0.029436875683192896, 0.039426943959218703]
A2: [0.13184323342903045, -0.22437619984444956, 0.022919102181747343, 0.070411670516647] - [0.03267496644970968, 0.2037773558895866, -0.11485960474073555, -0.12142943748801117] - [-0.09474170371152342, 0.5554221373105338, -0.2353194624050912, -0.22575221647200494] - [-0.020608861199208142, -0.019060970114671654, 0.008333863843836787, 0.032390956997338224]
B1: 0.0001401325994217425 - -9.00284361051303e-05 - 3.318554702184291e-05 - 0.00013718124823503672
B2: -7.972858481372514e-05 - -0.00018826266396314897 - -6.03992439796227e-05 - 0.00045375242626845334
