Number: 7640
Error: 1.7795458589482285e-16
A1: [0.08043168286562843, -0.18046781256930583, -0.019588858790123148, 0.11962496991941682] - [0.03741562973058669, 0.13359643587414866, -0.1347261365605634, -0.03628577538812493] - [-0.001702784101026102, 0.22819015141778676, -0.12282834778455833, -0.10365887532201487] - [0.038863233691263294, -0.11448101928821601, -0.04641644213317149, 0.12203422721552983]
A2: [0.035307553451117066, -0.029273365101811423, -0.0756972449938514, 0.06966352327921486] - [0.10289385722082607, 0.28289680871956335, -0.3926062931974371, 0.006816107577364679] - [-0.01118730682658197, 0.5390143826178624, -0.3594512112675006, -0.16837668251487026] - [0.09786273268432086, 0.017463249468482146, -0.16885107403099356, 0.053524808345344795]
B1: 3.4386161073850476e-08 - 7.241939961981296e-08 - 2.3368092619333813e-08 - 4.319005717831529e-08
B2: 3.215720413840331e-08 - 5.8242291070090676e-08 - 5.989157595560943e-08 - 3.153677951121944e-08
