Number: 389
Error: 1.8024760091704968e-10
A1: [-0.012059365984481265, -0.014420590612154281, 0.018191215046182495, 0.00868357853865908] - [0.06581989364855119, 0.18948050280427792, -0.14533843257688417, -0.1100256423642724] - [-0.09627006507920778, 0.4218083292107709, -0.05343236350319419, -0.272008927209066] - [-0.0013048939429290032, -0.01820327320039519, -0.0038174312192736644, 0.023395937979918853]
A2: [0.1615979577239337, -0.16774375201552996, 0.008512342167533158, -0.0023221173144775033] - [0.03548488628461929, 0.20751589741687096, -0.11721125861295088, -0.12579284930412613] - [-0.08620122791200929, 0.5815501824931784, -0.2353767458597391, -0.25992356190133103] - [-0.003813697971494037, -0.004498375696181645, 0.0011313072981010697, 0.007263740408129634]
B1: 1.33764605970369e-06 - -8.627373140950786e-06 - -1.7253960780337756e-06 - -3.6902221388660864e-06
B2: 1.284483416894216e-05 - -2.8788611829746703e-05 - 2.316903700551311e-05 - 1.0768780066751278e-05
