Number: 752
Error: 1.606467541797016e-13
A1: [-0.012152185403042805, -0.014515928913264047, 0.018088619081059798, 0.00858438869616559] - [0.06583582815327775, 0.18949583108125348, -0.1453219574266714, -0.11000790080604093] - [-0.09629003064661151, 0.4217890312930397, -0.053454030816846236, -0.2720321885291194] - [-0.0013260386416949954, -0.018223609518337812, -0.003839941701063349, 0.02337149797009307]
A2: [0.16158661145177833, -0.16775488056592316, 0.008501226736239523, -0.002333176099534394] - [0.03548578932163827, 0.20751678651178534, -0.11721035869597679, -0.12579196518580515] - [-0.08621351970444371, 0.5815381462391779, -0.23538870233217762, -0.25993554381484446] - [-0.003835155637869424, -0.0045194750149151865, 0.0011100704681786717, 0.007243212577241944]
B1: 1.2822444180416316e-07 - 2.987615173641197e-07 - 7.615058807399062e-08 - 5.579430069102025e-08
B2: -1.9186064418931565e-07 - -3.851504157873644e-07 - -1.51917390721585e-09 - 5.410660593872624e-07
