Number: 5142
Error: 1.263991310157483e-15
A1: [0.06621323114304667, -0.1139520313533928, -0.02398390085768899, 0.07172291752786683] - [0.037402652455789664, 0.18819340796612388, -0.14740890713392843, -0.07818697052909658] - [-0.060229800736453516, 0.3289503877000318, -0.1277535298807631, -0.14096874014629984] - [0.039046304555098256, -0.05332254804188227, -0.03741844970612538, 0.05169525996223503]
A2: [-0.00910851255206257, -0.34680311838714095, 0.24945515407229035, 0.1064567461874864] - [0.08003983407230277, 0.03628226592054693, -0.05025010318233533, -0.06607195034048084] - [-0.04245276539805655, 0.23083195075168625, -0.04053118761235205, -0.14784777918473424] - [0.06813479906215572, -0.2934678298813931, 0.14177126265601653, 0.083561883195317]
B1: 6.626476022090705e-08 - -4.2486264149418735e-09 - -1.938008434428943e-08 - -6.0927433507650466e-09
B2: 1.791439149581478e-08 - 2.7201901674153323e-09 - -2.7883404303761005e-08 - 3.55029578467809e-08
