Number: 6907
Error: 8.989610161390117e-16
A1: [0.08043166978545388, -0.18046782564799116, -0.01958887185465437, 0.11962495684073839] - [0.03741557995586015, 0.13359638613709693, -0.13472618623612084, -0.03628582513528067] - [-0.001702832873103438, 0.22819010264675144, -0.1228283964852257, -0.10365892408107888] - [0.038863223768796064, -0.11448102918282763, -0.046416452049311156, 0.12203421729923383]
A2: [0.03530746072592415, -0.029273458083474816, -0.07569733315588059, 0.06966342623235154] - [0.10289379085675728, 0.28289674179225816, -0.3926063573839516, 0.006816038084549258] - [-0.01118721684040489, 0.5390144731407502, -0.35945112609344165, -0.16837658769350278] - [0.097862806518917, 0.017463323638915958, -0.1688510037451771, 0.05352488584756517]
B1: 2.3473810118922825e-08 - 1.8498171412545398e-08 - -3.362882240651969e-08 - 4.007716929561198e-09
B2: -2.9129172210312543e-09 - 1.2027802633882484e-09 - 8.34081526005878e-09 - 7.001597114603917e-11
