Number: 3555
Error: 2.4783718544767627e-11
A1: [0.06621420389369978, -0.11395108057892214, -0.023982929377288156, 0.07172388892429146] - [0.03740726484110939, 0.18819781462438853, -0.14740437299312723, -0.07818243540444221] - [-0.06023265640972477, 0.328947645264983, -0.12775632335587064, -0.1409715202661878] - [0.039038849098748496, -0.05332962442904454, -0.03742566296403685, 0.05168810559268938]
A2: [-0.009106638524168197, -0.3468011301005029, 0.2494570437139167, 0.10645871089741862] - [0.08004777098034156, 0.03629081646158928, -0.05024142852316598, -0.066063202184814] - [-0.04241729192875363, 0.23087110167489844, -0.04049317354540782, -0.14780854725078033] - [0.06809181235831832, -0.29351516037148273, 0.14172466182780086, 0.08351368783453299]
B1: 1.4480449319424203e-06 - -7.891753465993817e-06 - 1.4105338028996847e-05 - -1.714714543499805e-06
B2: 1.2732111636717112e-06 - 1.6864344287095278e-06 - 7.751697759508258e-07 - 1.0313605449764058e-06
