Number: 9839
Error: 8.337584635527354e-16
A1: [0.05317250016739521, -0.14800132096702592, -0.0269990972385051, 0.12182777198509225] - [0.005313726790783456, 0.13083670124973457, -0.11360073679950326, -0.02254975639248666] - [-0.014444503060413538, 0.2230915943360302, -0.12704120605968044, -0.0816059594922259] - [0.027146450798071944, -0.10002004733585476, -0.04942451771681746, 0.12229811108248985]
A2: [0.08925446916471519, -0.07291336246361312, -0.12362741311370462, 0.10728639103124062] - [0.10884157965908277, 0.2498140319450695, -0.4048454357191698, 0.046189328438928715] - [0.036635657158190164, 0.46255484607599123, -0.37771771814436883, -0.12147354513274138] - [0.1434262044178355, -0.044606851252237255, -0.20149975886468724, 0.10267963031736496]
B1: -4.696912251139581e-08 - -2.578812995663959e-08 - -1.8929490923672595e-08 - 4.2448490947680156e-10
B2: -1.6594423340490912e-08 - -1.4645799948364317e-08 - -1.935705367213998e-08 - -2.2672098230641997e-09
