Number: 2949
Error: 5.7162995013194803e-08
A1: [0.06272152077195561, -0.04858155589425863, -0.0241496218860941, 0.0071470962066204485] - [0.044034817989175364, 0.1916312417992753, -0.14217992836611215, -0.09210049220691865] - [-0.1228023422277503, 0.41550246102775584, -0.10421408905112475, -0.18642942832136433] - [0.03729958882010928, 0.019464400979358615, -0.03283823553792637, -0.022758136003912344]
A2: [0.062216364980834216, -0.17490725536613325, 0.08509879087689706, 0.022743953351311144] - [0.02911685983094554, 0.20012793826750708, -0.10188296317410672, -0.12804283698696436] - [-0.09391654807933111, 0.5131840765757465, -0.2261121722398039, -0.19558738031522277] - [-0.026042783112539564, 0.018403831547115748, -0.05040292716708393, 0.056866311643148156]
B1: 0.00026200215321710524 - -0.00019316754905564882 - 7.22616970224655e-05 - 2.4730337732459067e-06
B2: 5.6214105068097723e-05 - -6.220611704877278e-05 - 0.0005176904622175963 - 0.00031861955858944425
