Number: 3974
Error: 8.071796794286406e-16
A1: [0.06621318564676919, -0.11395207583298621, -0.023983946318222774, 0.07172287210798907] - [0.03740265242040663, 0.1881934079322469, -0.1474089071687684, -0.07818697056390983] - [-0.06022929873044278, 0.3289508698497014, -0.12775303864708787, -0.1409682515548994] - [0.03904606487589638, -0.05332277553661939, -0.037418681587910396, 0.051695029963292886]
A2: [-0.009108518992678763, -0.3468031252195539, 0.24945514757977774, 0.1064567394349199] - [0.08003979244768765, 0.036282221078865584, -0.05025014867578591, -0.06607199622019132] - [-0.04245275961459329, 0.23083195713488058, -0.04053118141449786, -0.14784777278829161] - [0.06813474874629531, -0.29346788528124934, 0.1417712081091649, 0.08356182678198928]
B1: -1.0076247986513422e-08 - -2.432826935401609e-08 - 4.557181318482195e-09 - -1.1231750776378652e-08
B2: -4.178170164153609e-09 - -4.1361574790916075e-12 - -2.2412081620825263e-08 - -2.2988586244208197e-08
