Number: 1287
Error: 2.797474089708734e-08
A1: [-0.00821556521966202, -0.01603080597798878, 0.00192854353788458, 0.01839884720158209] - [0.06686792346088391, 0.18992397261362565, -0.146692685414331, -0.10981651793603898] - [-0.11385145090281756, 0.4405450712626458, -0.07210805885860476, -0.25947096980458484] - [-0.024413567827020546, 0.014318718851574996, -0.030999931466758113, 0.03780918110098161]
A2: [0.13123778211501058, -0.22497244935503405, 0.022324538558443015, 0.06982012944491417] - [0.03249508745173581, 0.2036004413039796, -0.11503894114870565, -0.12160532619983064] - [-0.0950139801321629, 0.5551547906183254, -0.2355870996685725, -0.2260195261609854] - [-0.02143828944343067, -0.019879709638323407, 0.007512738668553755, 0.0315946888190248]
B1: -5.42580581500164e-05 - 5.291767438046207e-05 - 5.881583739452189e-05 - -9.700400116694024e-05
B2: 4.8880450343425724e-05 - 0.00023612387090880317 - 0.00014523141608076392 - 2.017842217571047e-05
