Number: 2971
Error: 2.9191001182619774e-08
A1: [0.06284318615796396, -0.04846004679168626, -0.024028383239896384, 0.0072683011651243495] - [0.04322461733343084, 0.19084887517383717, -0.14301419566032966, -0.09299151990969806] - [-0.12385279458538277, 0.41445951466249764, -0.10526512256574969, -0.1874756855168024] - [0.036645381623606914, 0.018811824987482774, -0.033489290198321774, -0.023405416271876405]
A2: [0.06396848796093907, -0.17316247446109514, 0.08685159594468751, 0.024478315122620612] - [0.02920610113958784, 0.2002160277613626, -0.10179409968707342, -0.1279554240631852] - [-0.09319242778721464, 0.5138961212259945, -0.22538526756461685, -0.1948845099788715] - [-0.02583168188538265, 0.018614700738653355, -0.05019173297364197, 0.05707229263993072]
B1: 0.00012457067391076946 - -6.798327801148183e-06 - -0.00010884842433322333 - -0.0002710647946449057
B2: 0.0001119239287509848 - 4.631007885660046e-05 - 0.00010405596727814778 - 2.605068039729006e-05
