Number: 7245
Error: 1.1096357785886665e-15
A1: [0.08043169021121252, -0.18046780522454609, -0.019588851453315913, 0.11962497726416488] - [0.03741559088942562, 0.13359639706238938, -0.1347261753243355, -0.03628581420776999] - [-0.0017028422564516138, 0.22819009326360787, -0.1228284058548282, -0.10365893346191819] - [0.0388632375853688, -0.11448101540503182, -0.046416438241544615, 0.12203423110721766]
A2: [0.03530739444628643, -0.02927352454643038, -0.07569739617373503, 0.06966335686353411] - [0.10289383499672915, 0.2828967863068499, -0.39260631469232526, 0.0068160843055307205] - [-0.011187024256429416, 0.5390146668733962, -0.359450943808493, -0.16837638476107727] - [0.09786281293385467, 0.017463330083032497, -0.1688509976385707, 0.053524892581157155]
B1: -1.6523761478836106e-08 - 3.0771763003563944e-08 - 2.754398008561346e-08 - 2.6938057070534325e-09
B2: 1.5402161698109285e-08 - 1.502601556167868e-08 - -2.8656514267290415e-09 - 1.712874414741751e-08
