Number: 8506
Error: 1.1568992870512678e-15
A1: [0.0804316511354681, -0.18046784429585724, -0.01958889048238184, 0.11962493819287877] - [0.03741539646191281, 0.13359620278206275, -0.13472636936426824, -0.03628600852748917] - [-0.0017028491572793174, 0.22819008636290136, -0.12282841274558573, -0.10365894036091246] - [0.038863199876792064, -0.1144810530077185, -0.04641647592606345, 0.1220341934221295]
A2: [0.035307639689466, -0.029273278624924775, -0.07569716299910802, 0.0696636135365642] - [0.10289373751671303, 0.28289668799956896, -0.3926064089737108, 0.006815982229729097] - [-0.011187059632397205, 0.5390146312864122, -0.3594509772925628, -0.16837642203802627] - [0.0978628027660882, 0.017463319869009973, -0.16885100731762062, 0.05352488190829788]
B1: 3.9818731058760175e-08 - -9.02361973680488e-09 - -4.374553476699101e-08 - -2.5740096516467482e-08
B2: 4.733570801937962e-09 - -3.828309582059542e-08 - -1.891152175372567e-08 - 3.919251793459552e-08
