Number: 7838
Error: 9.47216420197494e-16
A1: [0.08043163912609749, -0.18046785630388412, -0.019588902477346376, 0.11962492618488638] - [0.037415562836148504, 0.13359636903033892, -0.1347262033217056, -0.03628584224550449] - [-0.0017028408154451061, 0.2281900947045761, -0.12282840441593314, -0.10365893202129484] - [0.03886317314657004, -0.1144810796630015, -0.04641650263927821, 0.12203416670846942]
A2: [0.03530727227725264, -0.029273647053334715, -0.07569751233067189, 0.06966322900057939] - [0.10289373055546311, 0.2828966809792036, -0.39260641570656696, 0.006815974940299281] - [-0.011187015529999221, 0.5390146756518718, -0.35945093554864777, -0.16837637556581989] - [0.09786278695053661, 0.017463303981537167, -0.16885102237302044, 0.05352486530715463]
B1: -5.987614924191435e-09 - -2.772310486644096e-09 - 3.5713029882595834e-08 - 1.3085372345753804e-08
B2: -5.220995120206549e-09 - 5.8475609364019964e-08 - 7.191594015004085e-10 - -3.38104980165202e-09
