Number: 8496
Error: 9.314794246583372e-16
A1: [0.08043169355163705, -0.18046780188449013, -0.019588848116926433, 0.11962498060420482] - [0.03741562729435847, 0.1335964334397735, -0.13472613899180627, -0.036285777822938826] - [-0.0017028426145971403, 0.22819009290545578, -0.1228284062124699, -0.10365893381996608] - [0.0388632744278644, -0.11448097866587646, -0.04641640142250719, 0.12203426792685426]
A2: [0.03530726924972288, -0.029273650089186858, -0.075697515209408, 0.06966322583215336] - [0.10289370190548201, 0.28289665208611436, -0.39260644341647005, 0.00681594493963117] - [-0.011186881333591192, 0.5390148106486338, -0.35945080852841327, -0.16837623415885725] - [0.09786277839977786, 0.0174632953918687, -0.16885103051282438, 0.0535248563316644]
B1: -5.293853161309325e-08 - 2.901531245824277e-08 - -7.218105620048568e-08 - 1.3436699095168223e-08
B2: -1.9518632239684666e-09 - -5.191741390303504e-08 - 1.2259183537979645e-08 - -1.6219408587356097e-08
