Number: 3855
Error: 8.77782457536162e-16
A1: [0.0662131058176034, -0.11395215387822155, -0.023984026084746066, 0.07172279241279506] - [0.03740254582934807, 0.18819330609173454, -0.147409011955948, -0.07818707536036054] - [-0.060229422687096475, 0.3289507507962192, -0.12775315994375022, -0.1409683721991595] - [0.03904621318426395, -0.05332263476794172, -0.03741853810454639, 0.05169517228161407]
A2: [-0.009108594245899349, -0.3468032050514892, 0.24945507171766423, 0.10645666053599334] - [0.08003980942057157, 0.03628223936352553, -0.050250130125384145, -0.06607197751227158] - [-0.042452822958316414, 0.2308318872247968, -0.040531249296152205, -0.1478478428440869] - [0.06813474104066883, -0.29346789376547455, 0.1417711997555446, 0.08356181814256572]
B1: -8.692137897932854e-10 - -2.8377342211221946e-08 - -6.0541432171758125e-09 - -1.4416106805087119e-08
B2: -2.3201454141014316e-08 - -2.449014063601532e-08 - 5.313890878036359e-08 - -6.807653810118073e-08
