Number: 3120
Error: 4.39793143450559e-06
A1: [0.06090167553885554, -0.05057382456977592, -0.026159805266660997, 0.005187581157121632] - [0.04368011541712461, 0.19119246905211815, -0.14263113867896385, -0.09259381470175593] - [-0.12581054490631166, 0.41230228079041426, -0.10744126067883465, -0.18961793323555962] - [0.03491339731243667, 0.016831746164085667, -0.03554134420985221, -0.0252076022541821]
A2: [0.06447849045832228, -0.17253750378330032, 0.08731071235598546, 0.02490128591984436] - [0.024871608844616727, 0.1959506354598233, -0.10607983749220078, -0.13218550177452412] - [-0.09238181213806011, 0.5147010015501823, -0.2245958474920515, -0.19405566468893998] - [-0.041768223008749175, 0.002749271209008218, -0.06617290495107282, 0.04143463758726581]
B1: -0.005770776811481679 - 0.001390300615371117 - -0.00040336907124596886 - 0.005069592707767206
B2: 0.00014018914198086173 - -0.002316887617923087 - 0.00045186836628210417 - 0.00045799849508952606
