Number: 823
Error: 5.962325977084575e-12
A1: [-0.012148888339923678, -0.01451254249746545, 0.018092263303740818, 0.008587911973816077] - [0.06583911097033499, 0.18949898901778559, -0.14531856328162934, -0.11000424572229725] - [-0.09628754576965934, 0.421791432886124, -0.053451334460408464, -0.27202929356102384] - [-0.0013213218721244823, -0.01821907326741341, -0.003834920869409948, 0.023376949821871475]
A2: [0.16158214844898602, -0.16775925951296902, 0.008496853684783706, -0.002337526856288614] - [0.035486695881517843, 0.2075176785054527, -0.11720945593716914, -0.12579107833029615] - [-0.08621718827387359, 0.5815345528834929, -0.23539227202108623, -0.2599391211302616] - [-0.003836327538764993, -0.004520627417868185, 0.0011089105563126685, 0.007242091401111599]
B1: -2.269994656627667e-06 - 1.9568260892790344e-06 - -1.4759558070328389e-06 - -5.569027530040361e-07
B2: -2.8042803130836153e-06 - -2.429096716709563e-06 - -3.3364443105288115e-06 - -9.722023446154014e-07
