Number: 3493
Error: 2.2608668554366654e-10
A1: [0.06625090917423239, -0.11391519651387651, -0.02394625981514509, 0.07176053395265301] - [0.037406783087734166, 0.18819735192740386, -0.14740483989418535, -0.07818291153277097] - [-0.06023394530216209, 0.32894641015505277, -0.127757580120463, -0.1409727797162296] - [0.03898628031114073, -0.05337952553944914, -0.0374765125869613, 0.051637664196083156]
A2: [-0.009119543239496606, -0.346814820428121, 0.24944404281550692, 0.10644519197036384] - [0.07999208925210613, 0.03623082991698523, -0.05030228740678844, -0.06612457129484432] - [-0.04239976803438874, 0.23089042528330514, -0.0404743988389517, -0.14778917841145897] - [0.06811156971262225, -0.29349340400965085, 0.14174609346009864, 0.08353584718098787]
B1: -9.72621215799793e-06 - 1.1152624318561175e-05 - -1.7175556744344146e-06 - -1.8262874395716242e-05
B2: 3.50417986415205e-05 - -1.1185401199976011e-05 - 8.651821778533516e-06 - 1.360080550477889e-06
