Number: 6340
Error: 8.217146521157623e-16
A1: [0.0804317058875463, -0.1804677895499859, -0.019588835795727615, 0.11962499293870898] - [0.03741562242299713, 0.13359642857209372, -0.13472614385359907, -0.0362857826916659] - [-0.0017027498214533302, 0.2281901856966322, -0.12282831355517848, -0.10365884105159415] - [0.03886329985719817, -0.11448095330796124, -0.04641637600939398, 0.12203429334034646]
A2: [0.035307424165175426, -0.02927349474534818, -0.07569736791736212, 0.06966338796755132] - [0.10289381120696467, 0.2828967623151834, -0.3926063377015107, 0.006816059394210349] - [-0.011187036747245681, 0.5390146543080987, -0.3594509556313902, -0.16837639792300393] - [0.09786283052822603, 0.01746334775743708, -0.16885098088988015, 0.05352491104953793]
B1: -1.3463711535961726e-08 - 1.6843390695839107e-08 - 1.3965195189494813e-08 - -9.917203223844847e-11
B2: -1.3938269716637235e-08 - -1.3307697016620433e-08 - 3.1991816561189265e-08 - 1.5737029682545597e-08
