Number: 305
Error: 1.8054409221333897e-08
A1: [-0.012574931067153612, -0.014950151718407344, 0.01762138303776053, 0.008132700466945782] - [0.06575666531376848, 0.18941965796617063, -0.14540382480425434, -0.11009605593185434] - [-0.09708911647735347, 0.4210168839219668, -0.05432104239378447, -0.2729631450287464] - [-0.002032616969992263, -0.01890300397299998, -0.004591998905575225, 0.022554811080199754]
A2: [0.16147150359978027, -0.16786785579645785, 0.008388503544117774, -0.00244533785541249] - [0.035485036959461, 0.20751603599789076, -0.11721113233278696, -0.12579271666460617] - [-0.08643351075421862, 0.5813226300048916, -0.23560274335438183, -0.2601500426424156] - [-0.00391296888822016, -0.004595955816048782, 0.0010331779612716187, 0.007168885027725297]
B1: -0.00013429555820478222 - -0.00013024509347191497 - -9.91223729715124e-05 - -6.874407591326022e-05
B2: 9.311776787699855e-05 - -0.000750956959165558 - 0.00023078424617446744 - 0.00017077465176360267
