Number: 7889
Error: 9.725633720669875e-16
A1: [0.08043166545108385, -0.1804678299818807, -0.019588876183839848, 0.11962495250686445] - [0.03741557309648366, 0.13359637928289883, -0.1347261930818212, -0.036285831990858525] - [-0.0017028231704858112, 0.22819011234915837, -0.12282838679680973, -0.10365891438104514] - [0.03886320715364535, -0.11448104575136436, -0.04641646865387652, 0.12203420069440679]
A2: [0.03530736123200271, -0.029273557852557107, -0.07569742775351944, 0.06966332210126014] - [0.10289368087013366, 0.2828966308721962, -0.39260646376159664, 0.006815922912543212] - [-0.011187088435832118, 0.5390146023111915, -0.3594510045556974, -0.1683764523891401] - [0.0978627700473109, 0.01746328700142226, -0.16885103846381694, 0.05352484756429241]
B1: -9.18372091418053e-09 - -2.9123444969884162e-09 - 2.0077680565766095e-08 - 5.483047755952402e-09
B2: -1.0410535841070087e-08 - 3.989961259225901e-08 - -8.753453765275247e-09 - -2.6551768227991852e-09
