Number: 1257
Error: 1.1735119808898912e-08
A1: [-0.007938779630756074, -0.015751741610445954, 0.00221731039918627, 0.018682818139404568] - [0.0670560369950525, 0.1901051392656237, -0.14649842129721466, -0.10960720747377822] - [-0.11348961885747304, 0.44089971560507046, -0.07172966243466317, -0.25907983276134017] - [-0.024252646217719585, 0.014476631151344009, -0.030834717915719415, 0.0379781716597436]
A2: [0.13203266847830633, -0.22418918388724696, 0.023106310819394255, 0.0705973631759936] - [0.03278910613227742, 0.20388969189731113, -0.11474599212218264, -0.1213175368020861] - [-0.0935395962014876, 0.5566087872888246, -0.23413799406954086, -0.22456976014721947] - [-0.02115222248138906, -0.019597463769556484, 0.007796993474377188, 0.031870239888885515]
B1: -0.00015004644885173422 - -0.0005003263200358745 - 0.0002497974207264152 - -0.00012662080926851633
B2: 2.1828967396096516e-05 - -0.00018141705511040852 - -0.00011741456525586112 - -3.347735204503931e-05
