Number: 9964
Error: 9.869578676223602e-16
A1: [0.05317253039417663, -0.1480012907290933, -0.026999067044975122, 0.12182780222651451] - [0.005313766630156742, 0.1308367411309132, -0.11360069696613162, -0.02254971649691266] - [-0.014444521803205181, 0.2230915755864016, -0.12704122478759516, -0.08160597824166158] - [0.027146560488776093, -0.10001993764552218, -0.0494244077949399, 0.12229822105176627]
A2: [0.08925439424114838, -0.07291343721392736, -0.12362748634924302, 0.10728631518363632] - [0.10884157820646252, 0.24981403049219703, -0.4048454371430374, 0.0461893269618493] - [0.03663572035832988, 0.4625549089472914, -0.3777176564831813, -0.12147348127713635] - [0.14342625370202597, -0.044606802151587285, -0.20149971074298248, 0.1026796803327196]
B1: 2.8688934514097656e-08 - -5.015305364846442e-09 - 2.0762797442588447e-09 - 2.1127200672733464e-08
B2: 5.786084622228019e-09 - 9.572281829452935e-09 - -1.978524150658016e-09 - 2.2376205408000396e-08
