Number: 5601
Error: 1.956911278324946e-08
A1: [0.06616379596662661, -0.11400013268225823, -0.024032935563022988, 0.07167398601944043] - [0.037183811763238324, 0.18798438941933496, -0.14762392769028393, -0.0784020234288837] - [-0.06054588621191838, 0.3286471517969629, -0.12806207922627336, -0.14127563287717293] - [0.038825720697990486, -0.05353167308912742, -0.03763126112120223, 0.05148415756961554]
A2: [-0.009965803658885499, -0.3477125613043723, 0.2485914059978132, 0.10555829448940669] - [0.07935148445968476, 0.03554071603170249, -0.0510024815451674, -0.06683067152932015] - [-0.04210241514808459, 0.23121852982368152, -0.04015604990943808, -0.14746058666669176] - [0.06801972216934181, -0.2935946113203326, 0.14164604710968837, 0.08343250147649145]
B1: -5.981496338830268e-05 - 0.00026872534185269463 - 0.0001248942613951527 - 0.0003390725985814452
B2: 0.00015737015610151224 - -3.0296643368156353e-05 - 9.14845712707904e-05 - 6.822397134271358e-05
