Number: 5997
Error: 5.294275149406824e-12
A1: [0.08043408583866814, -0.18046540981561326, -0.019586458573346413, 0.11962737269189981] - [0.03741304290813132, 0.13359385093723947, -0.13472871831898173, -0.03628836083583109] - [-0.0017006511564039153, 0.22819228436237599, -0.12282621783628651, -0.10365674288247813] - [0.03886471172871566, -0.11447954533419812, -0.04641496489769263, 0.12203570441063283]
A2: [0.03531402555675681, -0.02926687515812567, -0.07569109137452956, 0.06967029709041676] - [0.10288317607353965, 0.28288603683495145, -0.3926166239077112, 0.0068049228401969065] - [-0.011181715253846886, 0.5390200076592603, -0.3594459187305554, -0.1683707904739579] - [0.09786574907575339, 0.017466279632131924, -0.16884820260266642, 0.053527974605481955]
B1: -2.4191705854183813e-06 - 1.7947090017793384e-06 - -8.483472112947978e-07 - -1.584491369768445e-06
B2: -1.941469108486513e-07 - -3.236815583605529e-06 - -4.596707775146421e-06 - -1.6583117265164428e-06
