Number: 2233
Error: 0.00010610324280929341
A1: [0.09555496057491375, -0.012201497515839793, 0.011587511224678628, 0.04185984035124529] - [-0.008645083385131109, 0.1288736327833734, -0.21769721958226326, -0.17260169335781927] - [-0.1320279234950592, 0.4102777115788441, -0.10452195953022722, -0.19574686810768507] - [0.05419891629476234, 0.048258655399475436, 0.0023710467981246947, -0.0032884974402857814]
A2: [0.18232418923895088, -0.08762898647090246, 0.19451705629396654, 0.1361805169057902] - [0.13059306861746842, 0.29827772553540244, 0.0016007943112906764, -0.030808559549162128] - [0.0013812056622729786, 0.6201275855493366, -0.12236722347556997, -0.10714241587429774] - [0.022063196860317023, 0.08489747352351665, 0.004520030246811357, 0.11437133509788767]
B1: 0.01133861868523844 - -0.012393979672861492 - -0.00607745661428539 - -0.004193269606327352
B2: 0.0009886876741574272 - -0.021327654087842006 - 0.004143698217090576 - 0.0016975892705332523
