Number: 161
Error: 4.201022948533073e-06
A1: [0.01730214934027688, 0.015891046672054064, 0.05133367198092215, 0.040385275808885124] - [0.06578155717950883, 0.18939599402283372, -0.14555465041300755, -0.110185858038958] - [-0.07567293565702159, 0.44200683304957816, -0.030670591400085757, -0.2476326526905786] - [0.02207845386001336, 0.004443761082461004, 0.021867746824272206, 0.05091804989488989]
A2: [0.1814092333153423, -0.14855310563483567, 0.028015203620957916, 0.016634061197328145] - [0.04620758868005953, 0.21801468212277467, -0.10665286102972782, -0.11546367891338294] - [-0.09001468632414697, 0.5778508124226365, -0.23912486620222223, -0.2640050096939434] - [0.0025476953102282636, 0.001858554100836469, 0.007385508637255685, 0.013151219244239416]
B1: -0.0026854800713312704 - 0.010214174964864018 - 0.005339862475516075 - 0.00467111616012021
B2: -0.001357402662740198 - 0.015448795784826877 - -8.39640514027891e-05 - 0.0008608340458435564
