Number: 2122
Error: 0.0008848020579117511
A1: [0.12275984338279672, 0.07610416018440799, 0.041431007118341294, 0.15022148495629803] - [0.06375179748164625, 0.19473537357388432, -0.14271082920418365, -0.10395104001953152] - [-0.02154349983206516, 0.49541125024918875, -0.060349951182971553, -0.06441265497466156] - [0.19592690623232878, 0.21687856682096232, 0.22073770100111095, 0.14422551578343343]
A2: [0.05458477511551414, -0.29886539483237884, -0.036408269107430294, -0.04035225044869537] - [0.030514200189215634, 0.18847305593922864, -0.11398133217306497, -0.13587856156476086] - [0.048766373614251714, 0.575153180262028, -0.14491958591317156, -0.20804149141927455] - [-0.13563988321826193, -0.09729446219413132, -0.1827000019855431, -0.04527529131884452]
B1: 0.0013039408507471244 - -0.05686564633952166 - 0.05605117156325425 - -0.03209506852472585
B2: 0.0032949366555556983 - -0.036690843216216684 - 0.04409871780068466 - 0.01310100184978169
