Number: 9956
Error: 8.561657418064726e-16
A1: [0.053172569492547075, -0.1480012516163556, -0.026999027989704338, 0.12182784134373369] - [0.005313759214662772, 0.1308367337076429, -0.11360070438050218, -0.022549723922862877] - [-0.014444374915600418, 0.22309172252779305, -0.12704107801628078, -0.08160583130164722] - [0.027146470492816845, -0.10002002764131927, -0.04942449798071118, 0.1222981308271374]
A2: [0.08925446925449232, -0.07291336237404784, -0.12362741302598397, 0.10728639112190334] - [0.10884167661055495, 0.2498141289136497, -0.40484534068801087, 0.046189427021614445] - [0.036635833269793416, 0.4625550212712494, -0.37771754632110177, -0.12147336719461228] - [0.14342641471275708, -0.044606641740553926, -0.2014995535299123, 0.10267984373220378]
B1: -2.3846214269872816e-09 - -2.1101924045326336e-08 - -2.086614900541299e-08 - -2.207421232446219e-08
B2: -2.043919679683265e-08 - 1.8428410400809184e-11 - -7.74647491898129e-08 - 4.497600069310599e-08
