Number: 6840
Error: 9.600128403624824e-16
A1: [0.08043167140408945, -0.18046782402953895, -0.019588870237954904, 0.1196249584591889] - [0.037415553218849096, 0.13359635942032214, -0.13472621291985853, -0.03628585185748118] - [-0.0017028664927858472, 0.22819006902778652, -0.12282843005568349, -0.10365895769178872] - [0.038863195843621655, -0.11448105702963335, -0.046416479956691785, 0.12203418939141517]
A2: [0.03530744247274211, -0.029273476387142474, -0.07569735051077235, 0.06966340712841541] - [0.10289377530108394, 0.282896726104561, -0.3926063724291966, 0.006816021795485358] - [-0.011187102970427049, 0.5390145876899163, -0.3594510183130317, -0.16837646770472567] - [0.09786281376471714, 0.01746333091767498, -0.1688509968476438, 0.053524893453296314]
B1: 3.8472410402925405e-10 - -1.6812177237077973e-09 - -4.4677890345547575e-09 - -2.748479164260385e-09
B2: 1.0437819279117313e-08 - -4.163618645960508e-09 - -1.5934421048710884e-08 - -4.227578615676303e-09
