Number: 8848
Error: 4.1321698468482616e-05
A1: [0.07736930511979127, -0.18354704823204857, -0.023779433094222743, 0.11676226070531226] - [0.031081392259889064, 0.12721904380874766, -0.14195984532817701, -0.042481801075166845] - [-0.011600210858735149, 0.21831021741933743, -0.1331559392646692, -0.11351891138680559] - [0.03781977494642094, -0.11548613902115926, -0.04875133737554896, 0.12122383390165993]
A2: [0.05714062214546485, -0.007542479482959917, -0.054762549375839055, 0.09250984612344025] - [0.09738718635830562, 0.27730474165056634, -0.39773034060356327, 0.0010586679299997908] - [-0.025926958023094894, 0.5237557254099379, -0.37375141352433294, -0.18370184812876733] - [0.12497159026744427, 0.044620486586230745, -0.1427715328038008, 0.08194415850290676]
B1: 0.0020105769773792 - -0.0074620315244298225 - 0.010794292370911165 - -0.002887310397323553
B2: -0.0035732229052362124 - -0.005456259755883333 - -0.008283611320545243 - -0.0014912619187877917
