Number: 2283
Error: 0.00016604397500880784
A1: [0.12877310003596504, 0.025981492173624367, 0.050372901149819495, 0.07748737797190568] - [0.06783871231125535, 0.20988677190202212, -0.126694882482814, -0.0727251440079471] - [-0.13200148442152812, 0.41826342659751603, -0.10441182761416695, -0.18466633669040283] - [0.06373215122642295, 0.060275334172385786, 0.012018241552348267, 0.013290353740847041]
A2: [0.057056628586779685, -0.18442880463913333, 0.0850380884971131, 0.01695211720132644] - [0.008714466682397335, 0.18091890260598525, -0.12022031004230523, -0.14796566643350195] - [-0.19352620433887197, 0.42713622268781215, -0.31707777802585047, -0.2923298208444971] - [-0.058301795577829316, -0.004948981461691052, -0.08072526706257001, 0.025953413565772066]
B1: -0.0058812196519839885 - 0.008307071320795341 - 0.011650967725987928 - -0.021225839933292228
B2: 0.02052655184821759 - 0.004410078075845909 - -0.011674026912831271 - 0.0078391318552193
