Number: 9953
Error: 8.554589306373844e-16
A1: [0.05317253497606159, -0.14800128614552663, -0.026999062468144062, 0.1218278068106056] - [0.005313740002166212, 0.13083671447499962, -0.11360072359008723, -0.02254974316245007] - [-0.014444443350316935, 0.22309165406801465, -0.1270411463968222, -0.08160589976078518] - [0.027146507596498722, -0.10001999053770173, -0.04942446079877015, 0.1222981680250988]
A2: [0.08925450326661181, -0.0729133284405793, -0.12362737978017395, 0.10728642555339728] - [0.10884171105323837, 0.24981416336240964, -0.404845306927526, 0.04618946204380517] - [0.03663586048564663, 0.46255504834549194, -0.3777175197679526, -0.12147333969648985] - [0.1434264582780358, -0.044606598337537634, -0.20149951099218155, 0.10267988794381645]
B1: 1.8133950414810237e-09 - -1.2775536376773982e-08 - -1.3988289463976526e-08 - -2.0363126616410045e-08
B2: -2.8159273332511424e-08 - -8.857964369531936e-09 - -7.169487357274483e-08 - 4.828938368144738e-08
