Number: 4283
Error: 1.0382957331133474e-15
A1: [0.0662131574806036, -0.11395210336973481, -0.023983974462284122, 0.07172284398909361] - [0.037402589149423994, 0.18819334748112204, -0.14740896936898484, -0.07818703276963447] - [-0.06022941479349425, 0.3289507583775567, -0.12775315221954395, -0.14096836451647468] - [0.03904617733406855, -0.05332266879554492, -0.03741857278838253, 0.05169513787938875]
A2: [-0.00910858305265441, -0.3468031931771733, 0.24945508300147168, 0.10645667227152533] - [0.08003979922807977, 0.036282228383298656, -0.05025014126520113, -0.06607198874666083] - [-0.042452754604259284, 0.23083196266453124, -0.04053117604526293, -0.14784776724711415] - [0.06813488154312522, -0.29346773906615037, 0.14177135207374328, 0.08356197567175289]
B1: 4.397433404669076e-08 - -1.968450445352538e-08 - -2.9797449795522746e-10 - 1.9585813169419656e-08
B2: 2.8600534927758406e-08 - 2.121485126033944e-08 - 9.32983661897933e-09 - 3.341873963235265e-09
