Number: 4190
Error: 8.544166079096322e-16
A1: [0.06621317796943262, -0.11395208333875974, -0.023983953989536577, 0.07172286444353684] - [0.03740261653319805, 0.1881933736444613, -0.14740894244863495, -0.07818700584690572] - [-0.060229387757111834, 0.328950784344527, -0.12775312576332012, -0.14096833820255703] - [0.0390461146121793, -0.05332272832881999, -0.037418633469728846, 0.051695077690772105]
A2: [-0.009108435329443061, -0.34680303646595323, 0.24945523191991023, 0.10645682715124931] - [0.08003983755182355, 0.03628226966894651, -0.050250099379529296, -0.0660719465053338] - [-0.04245283474715734, 0.23083187421388285, -0.04053126192955067, -0.14784785588211022] - [0.06813483192783033, -0.29346779369473003, 0.14177129828597607, 0.0835619200438929]
B1: -5.19326691723456e-09 - -2.488849598589024e-09 - -2.252451178106856e-08 - 5.097085245843056e-09
B2: 1.0093359771926315e-09 - 6.772108584719128e-09 - -4.282644831301104e-09 - -1.3981105075079189e-08
