Number: 6042
Error: 1.302876663851654e-13
A1: [0.08043359581310626, -0.1804658998392896, -0.01958694813075649, 0.11962688264768684] - [0.03741803391993077, 0.1335988382404553, -0.13472373716663041, -0.036283372533886755] - [-0.0017008029769021563, 0.22819213250389034, -0.12282636955740878, -0.10365689472439062] - [0.03886550231699777, -0.11447875702757128, -0.04641417495187495, 0.1220364944318169]
A2: [0.0353055090024278, -0.02927541520716629, -0.07569918882376153, 0.069661383542707] - [0.10289213064104581, 0.28289506748569415, -0.3926079631226118, 0.006814299595080955] - [-0.011186172101309408, 0.5390155241139726, -0.3594501372249221, -0.16837548681411224] - [0.09786360136824612, 0.017464122104871506, -0.16885024709905114, 0.05352572018217033]
B1: -6.362977627700446e-07 - 3.7115494397135184e-07 - 4.2128349746435337e-07 - 9.720788910373652e-08
B2: -7.971497650004204e-07 - -1.2465067261751907e-06 - 2.698774898139435e-06 - 1.5315335967805456e-07
