Number: 4563
Error: 1.0760608873631713e-15
A1: [0.06621307443111943, -0.11395218456336638, -0.023984057446619106, 0.07172276107895338] - [0.03740247415155044, 0.1881932376084372, -0.14740908242071873, -0.07818714583139193] - [-0.06022960892570203, 0.32895057192420635, -0.12775334218591927, -0.1409685534609459] - [0.03904622011351263, -0.05332262819085982, -0.03741853140067324, 0.05169517893104148]
A2: [-0.009108564181981686, -0.3468031731583573, 0.24945510202474186, 0.10645669205633469] - [0.08003982525989257, 0.036282256427044156, -0.05025011281386615, -0.0660719600537524] - [-0.04245278575477466, 0.23083192828490803, -0.04053120942727083, -0.14784780169833397] - [0.06813472141001113, -0.2934679153796263, 0.14177117847384463, 0.08356179613307323]
B1: -6.122389420858792e-09 - -3.182730930323441e-08 - 4.521413833070027e-09 - -2.6372300284223622e-08
B2: -5.024578613407884e-08 - -7.533332635718466e-08 - 8.266287439056572e-08 - -4.75691459938011e-08
