Number: 4069
Error: 9.571864913837357e-16
A1: [0.06621316807000631, -0.113952093016965, -0.023983963881192723, 0.07172285456072527] - [0.037402626806992585, 0.1881933834603729, -0.14740893234870953, -0.07818699574608537] - [-0.060229385974458864, 0.3289507860566602, -0.12775312401892536, -0.14096833646754806] - [0.03904613081919566, -0.053322712945738183, -0.0374186177899914, 0.051695093243199604]
A2: [-0.009108537684006839, -0.3468031450481453, 0.2494551287371941, 0.10645671983807485] - [0.08003982376588953, 0.03628225481754429, -0.05025011444677203, -0.06607196170051727] - [-0.042452710293506356, 0.23083201156868893, -0.040531128560089086, -0.14784771824104806] - [0.06813472257926767, -0.2934679140922913, 0.14177117974157127, 0.08356179744392354]
B1: -1.7314508691314723e-08 - -6.564371513240521e-09 - 4.258289760651078e-08 - -1.7639004315493764e-08
B2: -4.332903827097085e-09 - 2.021272344205008e-08 - -1.027382750154312e-09 - -9.37500942742793e-09
