Number: 7441
Error: 1.0476381548975464e-15
A1: [0.08043171318210714, -0.18046778225625892, -0.01958882850989652, 0.11962500023243243] - [0.03741562441901852, 0.13359643056660178, -0.13472614186155402, -0.03628578069675327] - [-0.0017027960803130506, 0.22819013943875735, -0.12282835974630545, -0.10365888729810324] - [0.03886326315660251, -0.11448098990556578, -0.0464164126866117, 0.1220342566625547]
A2: [0.03530736124328956, -0.029273557841250415, -0.07569742774275393, 0.06966332211303214] - [0.10289372738563202, 0.28289667778245786, -0.39260641877239166, 0.0068159716210235664] - [-0.01118708248654063, 0.5390146082959731, -0.3594509989245743, -0.1683764461201544] - [0.09786280019207248, 0.017463317283297277, -0.16885100976792775, 0.05352487920644352]
B1: -8.124722859796791e-09 - 1.7057525107570908e-08 - 2.960489381553308e-08 - 1.3399723241068209e-08
B2: 2.2706402096635693e-09 - -1.7834059214850011e-09 - 1.727835693568686e-08 - 3.0172008659212086e-09
