Number: 3123
Error: 9.48146469275076e-07
A1: [0.0632181683089922, -0.048270992220777784, -0.023874197843367594, 0.007489231504152798] - [0.04337462620858867, 0.19088304943183168, -0.1429579426952024, -0.09295724460766926] - [-0.1221076330480226, 0.4159870318461826, -0.1037371138995157, -0.18590586308688353] - [0.042720193584650484, 0.024636688939494385, -0.027780903570538265, -0.017428645128719944]
A2: [0.06090221852616936, -0.17609664349209428, 0.08373059275247227, 0.021330947618014216] - [0.02447279251499247, 0.19555996551461724, -0.10647658025563157, -0.13257329015773087] - [-0.09637975591018588, 0.5107737656249391, -0.22860362508854903, -0.19792426922122666] - [-0.02911934279884979, 0.015347449601965421, -0.05350572966886743, 0.05377464053818522]
B1: 0.0011581806951232038 - 9.36100310653694e-06 - -6.094148692560803e-05 - -0.0007465274162433127
B2: -0.0004093519674999706 - -0.0037271383419349565 - 0.0002655193695652474 - 0.001680165363419731
