Number: 713
Error: 4.349864436080642e-14
A1: [-0.01215345956108467, -0.014517237604991007, 0.018087210752537285, 0.008583027109549765] - [0.06583510234144639, 0.18949513288087683, -0.14532270785279824, -0.11000870892501916] - [-0.09629230849036066, 0.42178682979443977, -0.05345650254831342, -0.2720348423278093] - [-0.001321228678096622, -0.018218983693850426, -0.0038348216519395414, 0.023377057477058778]
A2: [0.16158672578580663, -0.16775476838408282, 0.008501338765565433, -0.0023330646401399217] - [0.03548554974496741, 0.207516550785075, -0.11721059726899882, -0.12579219955389961] - [-0.08621388138802225, 0.581537791973186, -0.23538905426226517, -0.2599358965120719] - [-0.0038351511204393267, -0.004519470572099021, 0.0011100749401698198, 0.007243216898672017]
B1: -3.930602794772932e-08 - 1.2583859366289055e-07 - 1.0289326553115748e-07 - 1.2999118263177785e-07
B2: -1.3222084685572965e-07 - 1.2738254182091363e-07 - -1.6229370405914158e-07 - -1.9528930159222403e-07
