Number: 7517
Error: 9.738048137985637e-16
A1: [0.08043171869741594, -0.18046777674157674, -0.01958882300118389, 0.1196250057471092] - [0.03741561161462137, 0.13359641777189418, -0.13472615464043908, -0.03628579349405901] - [-0.0017027801973179195, 0.22819015532141199, -0.12282834388656683, -0.10365887141934901] - [0.03886325972030401, -0.1144809933322228, -0.04641641612072208, 0.12203425322838977]
A2: [0.03530742871151617, -0.02927349018641837, -0.07569736359478323, 0.06966339272580649] - [0.10289378657811506, 0.28289673747730854, -0.3926063615221766, 0.0068160336041735645] - [-0.011187084307985108, 0.539014606463665, -0.3594510006486144, -0.16837644803946988] - [0.0978628550497399, 0.017463372390490048, -0.16885095754694449, 0.053524936789097054]
B1: 1.375103896940057e-09 - 6.462735469177327e-09 - 2.161209681701629e-08 - 2.3311185815510435e-09
B2: 8.50661389650098e-09 - 5.252491912737468e-09 - 1.5599974837601072e-08 - 2.336461159543434e-09
