Number: 2001
Error: 2.1899489607735744e-05
A1: [0.00974496393511421, 0.0015887408542225143, 0.01825432713571877, 0.036275187554395065] - [0.04475227463740409, 0.16866466661590407, -0.16948566158292225, -0.13434199781719763] - [-0.141759026153368, 0.4132523019824065, -0.1015279211932089, -0.2885828719306768] - [-0.012984579484973056, 0.026099914583157538, -0.019292197923972937, 0.051406981871851096]
A2: [0.1244666210954959, -0.2331003294955477, 0.015636652576379494, 0.06337280397932443] - [0.02276226374333945, 0.19311486177784656, -0.12514793135889593, -0.13176833191497075] - [-0.0781809179446878, 0.569530748772424, -0.21952650945625318, -0.2108589891097571] - [-0.014305992475134914, -0.014546646903867273, 0.013854699145983584, 0.03750567346231806]
B1: 0.0031425953038767586 - -0.0028275624320375538 - -0.003869009797662682 - -0.001507165436756575
B2: 0.0009638976943652094 - -0.010041186339550624 - -0.003573641721175383 - 0.004214223672259333
