Number: 2136
Error: 0.0007012076497090226
A1: [-0.07721924563542454, -0.14775875246956555, -0.13258903760012272, -0.05968762110756697] - [0.12478447812521588, 0.25133160805982896, -0.08807208114363839, -0.03168973723906834] - [-0.261751476694438, 0.24832090576992558, -0.2516345358876122, -0.36271049002597255] - [0.22017700697472944, 0.2528173554325447, 0.22794723096085023, 0.2140404649913914]
A2: [0.16821459717445775, -0.16287013751951376, 0.11857602644124236, 0.08723497819319084] - [-0.01372317933520189, 0.14882372439189775, -0.1410307853767946, -0.1854147264679081] - [-0.16295827710904695, 0.44042453596231335, -0.3193500200332886, -0.3316932548039123] - [-0.1597390736618377, -0.10871475526181024, -0.12094227209865967, -0.11787432310010766]
B1: -0.034453459679982715 - 0.014529950278394294 - -0.07583746478730731 - 0.06258358928972403
B2: -0.09054289811932996 - 0.0099730626595674 - 0.008778981174358965 - -0.04245753986276206
