Number: 6798
Error: 9.799933120938106e-16
A1: [0.08043166654132498, -0.18046782889175195, -0.019588875094905044, 0.11962495359697987] - [0.03741556563677068, 0.13359637182884615, -0.13472620052667994, -0.03628583944643826] - [-0.0017028498664554358, 0.22819008565376306, -0.12282841345369666, -0.10365894106989541] - [0.0388632080422433, -0.11448104486524474, -0.04641646776584328, 0.1220342015824553]
A2: [0.03530739369662172, -0.029273525298171555, -0.07569739688647954, 0.06966335607890818] - [0.10289366416489894, 0.282896614025151, -0.39260647991865716, 0.006815905419651714] - [-0.011187114372388056, 0.5390145762199476, -0.35945102910523474, -0.16837647971937136] - [0.09786276580802629, 0.01746328274284513, -0.16885104249930452, 0.05352484311437695]
B1: -7.695777321703017e-10 - -1.8072707094162166e-08 - 6.757422690935921e-09 - 1.0456423684917732e-09
B2: 3.274331565435674e-09 - -1.8489985672504239e-09 - -2.644608672573131e-09 - -7.301363533796362e-10
