Number: 1562
Error: 3.641959034371558e-08
A1: [-0.006549690431496933, -0.014350169970489017, 0.0036598481533223455, 0.020109467271866497] - [0.06687629070789113, 0.18993201305155363, -0.14668392593566945, -0.109807215647337] - [-0.11279641237526876, 0.44157804254592886, -0.07100977609502998, -0.2583283006202398] - [-0.025007868395482385, 0.013734044684466441, -0.031607280560461706, 0.0371818526726704]
A2: [0.13145787516412555, -0.224755211954397, 0.02254044847939903, 0.07003545852544249] - [0.03275474478188928, 0.20385587234098715, -0.11478015227311922, -0.12135140642018227] - [-0.09473627921040423, 0.5554275259824515, -0.23531410639270497, -0.2257468293266015] - [-0.021038190690049748, -0.019484060011712743, 0.007908355291734165, 0.031978962110333624]
B1: 2.3045132593954053e-05 - -0.00014623444865293826 - 3.597868271818457e-06 - 1.2883475018270668e-05
B2: 0.000113031966815688 - -5.6881867454173664e-05 - 2.1531268165413548e-05 - -0.00041307741874554635
