Number: 6885
Error: 1.4594360533045735e-15
A1: [0.08043166169568264, -0.18046783373684608, -0.019588879934753032, 0.11962494875189103] - [0.03741557157740705, 0.13359637776498517, -0.13472619459788, -0.03628583350909263] - [-0.0017028359390249014, 0.22819009958089537, -0.12282839954665803, -0.10365892714618205] - [0.03886321358131206, -0.11448103934172169, -0.04641646223030379, 0.12203420711808143]
A2: [0.035307521410770606, -0.02927339723078195, -0.0756972754575031, 0.06966348974562699] - [0.10289376770579788, 0.28289671844481395, -0.39260637977525736, 0.006816013842111434] - [-0.01118712983322204, 0.5390145606668946, -0.35945104373925163, -0.16837649601099275] - [0.09786283581178495, 0.01746335306502729, -0.16885097586026293, 0.05352491659554121]
B1: -9.427809520779747e-10 - 1.965428801479891e-08 - -2.8831488313266032e-08 - -3.1452136751897615e-10
B2: -2.9172073102680366e-09 - 1.1167931898088243e-09 - 2.8271195853733957e-09 - 8.621579196157782e-10
