Number: 7178
Error: 7.551644928771051e-16
A1: [0.0804317072585464, -0.18046778817914363, -0.019588834426368214, 0.1196249943095506] - [0.03741561045989605, 0.1335964166180467, -0.1347261557928633, -0.03628579464814209] - [-0.0017028255957769432, 0.22819010992393085, -0.12282838921854175, -0.10365891680568735] - [0.03886325759543496, -0.1144809954511228, -0.04641641824423313, 0.12203425110484557]
A2: [0.03530753817929486, -0.029273380415879114, -0.07569725951417881, 0.0696635072956732] - [0.10289372374518975, 0.28289667411111297, -0.39260642229337994, 0.006815967808940141] - [-0.011187194755426117, 0.5390144953574542, -0.35945110518955214, -0.16837656442176693] - [0.09786280162936599, 0.017463318727124217, -0.16885100839971345, 0.05352488071512752]
B1: 4.361403909904628e-08 - -1.9929333550236933e-08 - -2.40129112820098e-08 - 8.948179085600692e-09
B2: 3.3709420886073008e-09 - 3.0390750410677823e-09 - -1.073355647365277e-08 - 8.091757970390682e-09
