Number: 9266
Error: 6.748199445828279e-09
A1: [0.05369011586296696, -0.14748361435407442, -0.026482036555277734, 0.1223457102260672] - [0.005757416294859509, 0.1312808489028742, -0.11315727117403636, -0.022105423253779316] - [-0.013883652464829872, 0.2236526098455772, -0.12648073649531913, -0.08104482158148503] - [0.02773826409537796, -0.09942834381318506, -0.04883142292462453, 0.12289159559101255]
A2: [0.08947045431315631, -0.07269776443540894, -0.1234162717953672, 0.10750511237209687] - [0.10910710280067448, 0.25007952657013544, -0.4045852177498966, 0.04645941481649263] - [0.036727985619129586, 0.4626468593606002, -0.37762762529348437, -0.12138017040960161] - [0.14345177488946503, -0.04458130476009239, -0.2014747072691394, 0.10270551916765266]
B1: 2.8795483604484425e-05 - 1.7471712105482595e-05 - -5.834502841215968e-05 - -1.8782643699018022e-05
B2: 2.4357791970806346e-05 - 0.0001309502884829076 - 2.7626600258908188e-05 - -8.797063756053941e-06
