Number: 1472
Error: 2.750414396238943e-09
A1: [-0.00713605677079037, -0.014941955694306909, 0.0030504717888800905, 0.01950743549973243] - [0.0667447977840168, 0.1898055823861774, -0.14681981893036536, -0.10995351169417003] - [-0.11293795497652256, 0.441439576532833, -0.07115692512479406, -0.25848160908967355] - [-0.02381389579829986, 0.01490720544057869, -0.030388361184059947, 0.0384425033261471]
A2: [0.13174871821823989, -0.224468375532841, 0.02282658121151696, 0.07031942470927055] - [0.032676963684995834, 0.2037794626254956, -0.11485769294707038, -0.12142742717841132] - [-0.09480515444837705, 0.5553602757580186, -0.23538189691722036, -0.22581479889073403] - [-0.021004193848271596, -0.019450227001848525, 0.007942619784469218, 0.03201148244182347]
B1: 4.157571728676169e-05 - 7.410541575732108e-06 - -2.3936540592344512e-05 - -5.543169967813975e-05
B2: 9.325355380913405e-05 - 2.2091702186535733e-05 - -5.13306594107429e-06 - -0.00014775484131583256
