Number: 8214
Error: 9.7624341468621e-16
A1: [0.08043169866947425, -0.18046779676727617, -0.01958884300522896, 0.11962498572141934] - [0.03741559704936238, 0.13359640321771019, -0.13472616917653188, -0.03628580805116078] - [-0.001702812283940261, 0.22819012323546717, -0.12282837592621718, -0.10365890349741427] - [0.03886324314359059, -0.114481009862423, -0.046416432686885556, 0.12203423666196833]
A2: [0.03530730465147417, -0.02927361458953406, -0.07569748154970726, 0.06966326288376003] - [0.10289370763401853, 0.28289665786321894, -0.3926064378759076, 0.006815950938223504] - [-0.011187056972121107, 0.5390146339625219, -0.35945097477455135, -0.16837641923480784] - [0.09786283097119464, 0.017463348202384276, -0.16885098046814168, 0.05352491151442971]
B1: -4.2964155249637094e-08 - 9.657186088650112e-11 - 1.2758356371210113e-08 - -1.536965980283922e-08
B2: -1.5925873894501728e-08 - -1.0421897845792182e-08 - -8.909150963694226e-09 - -1.5313484495365572e-08
