Number: 7087
Error: 9.216369265645274e-16
A1: [0.0804316954181998, -0.18046780001814802, -0.019588846252554838, 0.11962498247055764] - [0.03741559677994119, 0.1335964029484456, -0.13472616944555935, -0.036285808320518316] - [-0.0017028010716614523, 0.228190134447514, -0.12282836473034775, -0.1036588922881248] - [0.038863240273406464, -0.11448101272453444, -0.04641643555521631, 0.12203423379358705]
A2: [0.03530758389399081, -0.029273334574742262, -0.07569721604922236, 0.06966355514106261] - [0.10289366303491468, 0.2828966128855847, -0.39260648101157297, 0.006815904236417812] - [-0.011187135083010892, 0.5390145553857872, -0.3594510487082993, -0.1683765015428789] - [0.09786287204547206, 0.01746338946352797, -0.1688509413681251, 0.053524954629103325]
B1: 3.751354214447829e-08 - -1.5212055226276244e-08 - -1.4563218633030132e-08 - 1.5717263267504247e-08
B2: 2.538861764482013e-09 - 2.933787063798648e-09 - 1.0041640648289803e-08 - 1.5055991859921947e-09
