Number: 5569
Error: 4.0910419231383295e-10
A1: [0.0662460043142693, -0.11391997199056175, -0.023951140789186007, 0.07175564612463575] - [0.03743470293856536, 0.18822404380858831, -0.14737739201053007, -0.07815545440757497] - [-0.06006404799845081, 0.32910961236589015, -0.1275913143726692, -0.14080739971873743] - [0.03922527518421397, -0.05315265876100153, -0.037245285190831104, 0.05186701666421804]
A2: [-0.009195322804358, -0.3468952039712539, 0.2493676472470751, 0.10636573701890623] - [0.08001862859153638, 0.03625942466942397, -0.05027328196961564, -0.0660953226248526] - [-0.0424328554197188, 0.2308539296355819, -0.04050986295851402, -0.14782575609111792] - [0.06813404371542305, -0.2934686566123023, 0.14177043369227788, 0.08356103955714526]
B1: -6.1800471300935546e-06 - -4.081205402979211e-06 - 3.254988007976168e-06 - 2.5211208937333727e-06
B2: -3.188248592887199e-05 - 1.688361595634823e-05 - 1.424535169384308e-05 - 2.744695692743357e-05
