Number: 5201
Error: 1.6179645434167845e-15
A1: [0.066213156976244, -0.11395210386283404, -0.023983974966276553, 0.07172284348554107] - [0.037402556404333785, 0.18819331619543628, -0.14740900155988906, -0.07818706496340977] - [-0.06022911652638599, 0.3289510448468469, -0.12775286035278713, -0.1409680742192397] - [0.03904601578230204, -0.05332282213444378, -0.037418729084338354, 0.051694982852439515]
A2: [-0.009108564447397313, -0.3468031734398578, 0.2494551017570086, 0.10645669177820057] - [0.080039761794503, 0.03628218805674053, -0.05025018217773312, -0.06607203000665493] - [-0.04245285882572315, 0.23083184763946857, -0.04053128773288145, -0.14784788251185618] - [0.06813474491209189, -0.2934678895027653, 0.14177120395228548, 0.08356182248334153]
B1: -5.683020120960011e-09 - -3.114751604791513e-08 - -9.061934558301499e-09 - -6.843041692177458e-09
B2: -5.261568382640534e-09 - 9.059150340338335e-09 - -5.2904591488613545e-08 - 2.9842057792723e-08
