Number: 5537
Error: 9.641807286356142e-11
A1: [0.06621735741308857, -0.1139479972788242, -0.023979777809010453, 0.07172703688641824] - [0.03741484618236447, 0.1882050583158749, -0.14739691973915886, -0.07817498208574235] - [-0.06021396666936091, 0.32896559489182453, -0.1277380358067926, -0.14095332931227927] - [0.039064938869123364, -0.053304861572174345, -0.037400421790155874, 0.0517131415787841]
A2: [-0.009113485962401729, -0.3468083942920602, 0.24945013922466208, 0.10645153035858804] - [0.08004339821147358, 0.036286105564707294, -0.05024620796789055, -0.0660680221135853] - [-0.04245225701215977, 0.23083251194882431, -0.040530643523471854, -0.14784721790390049] - [0.06813599897778622, -0.2934665086177435, 0.14177256267248384, 0.08356322745535417]
B1: -2.1405961517019917e-06 - 3.5796000021879763e-06 - 2.1796524732877624e-06 - 3.3017867447052274e-07
B2: -6.837886616761988e-06 - -1.332894325310689e-05 - -7.979150223535074e-06 - -3.6105790749556936e-06
