Number: 8693
Error: 3.982643421536915e-15
A1: [0.08043148382373738, -0.1804680115885739, -0.01958905759400617, 0.11962477090028507] - [0.037415634727113005, 0.1335964408669401, -0.1347261315737574, -0.03628577039425078] - [-0.0017027373254523365, 0.22819019819235747, -0.12282830107747046, -0.10365882855891362] - [0.03886300754957378, -0.11448124479514123, -0.04641666813071075, 0.12203400121445741]
A2: [0.03530775174051392, -0.029273166263980518, -0.07569705646191055, 0.06966373080965034] - [0.10289405806963506, 0.2828970112729088, -0.3926060989386755, 0.006816317894799285] - [-0.011186889871371718, 0.5390148020599201, -0.35945081660948697, -0.1683762431554808] - [0.09786300907506432, 0.017463527116350585, -0.16885081092422777, 0.05352509846491643]
B1: 3.953587303056253e-08 - -1.4941102371842493e-07 - -1.6784089476855917e-08 - -1.1703863845213801e-09
B2: 3.126778985874356e-08 - -8.032915093489768e-08 - -1.9711639732346993e-07 - 4.451953234802453e-08
