Number: 8713
Error: 9.68218641392454e-13
A1: [0.08043097700344118, -0.18046851835141836, -0.019589563808076253, 0.1196242641381333] - [0.037414949346086225, 0.13359575600340176, -0.1347268155896948, -0.03628645539580751] - [-0.0017030460673147492, 0.2281898894569426, -0.12282860936727542, -0.10365913721829456] - [0.0388626938734935, -0.11448155759149067, -0.046416981606901976, 0.12203368773348365]
A2: [0.03530788093583468, -0.02927303671078872, -0.07569693362389815, 0.0696638660261838] - [0.10289229285612753, 0.28289523107626496, -0.39260780623397873, 0.006814469462826907] - [-0.011187496565210706, 0.5390141917471777, -0.35945139086045313, -0.16837688244758958] - [0.09786306665900206, 0.01746358496213497, -0.16885075610790581, 0.05352515890933415]
B1: -3.684981048130276e-07 - 4.3855425839008494e-07 - -6.624277776522339e-08 - -2.2837543409738554e-07
B2: 8.4303449845092e-07 - 1.1995523583420515e-06 - 6.575039666768617e-07 - 8.086616433774859e-07
