Number: 4808
Error: 1.1704169038211089e-15
A1: [0.0662131590515415, -0.11395210183391091, -0.023983972892600364, 0.07172284555735953] - [0.03740258845135491, 0.18819334681416966, -0.14740897005523917, -0.0781870334559685] - [-0.06022938335303252, 0.32895078857437376, -0.12775312145377513, -0.1409683339159882] - [0.03904618126379911, -0.053322665065517715, -0.03741856898643435, 0.05169514165043821]
A2: [-0.009108450820317956, -0.34680305289955005, 0.2494552163035625, 0.10645681090969217] - [0.08003987384193537, 0.036282308763797476, -0.05025005971645442, -0.06607190650550795] - [-0.04245282546277773, 0.23083188446076075, -0.04053125197986481, -0.14784784561384784] - [0.06813467572516939, -0.29346796568048106, 0.1417711289471901, 0.08356174491209115]
B1: 1.5140701136116276e-08 - 2.1590496259470517e-08 - 2.2549037801809002e-08 - -1.0924490181816026e-08
B2: 7.315195309090299e-10 - 3.3190312881462204e-09 - -4.684329732481439e-09 - 1.0091875161501016e-08
