Number: 5324
Error: 8.559014882094316e-16
A1: [0.06621319179230063, -0.11395206982476322, -0.023983940177524327, 0.07172287824317733] - [0.03740263600129349, 0.1881933922450213, -0.1474089233099232, -0.07818698670652462] - [-0.060229288001166795, 0.3289508801543578, -0.12775302814816386, -0.14096824111214] - [0.039046208664272324, -0.05332263905784618, -0.03741854247726731, 0.05169516794432681]
A2: [-0.009108475371927122, -0.34680307894494916, 0.24945519155301346, 0.10645678516871712] - [0.08003992657088664, 0.036282365567905143, -0.05025000208674437, -0.06607184838654288] - [-0.04245289355797664, 0.23083180930697197, -0.04053132495320027, -0.14784792092423077] - [0.06813471325644242, -0.2934679243568668, 0.14177116963462488, 0.08356178699171381]
B1: 3.467917203177477e-08 - -6.668803151759559e-08 - -3.872544957092105e-09 - -1.4649717952387032e-08
B2: -1.57866781567147e-08 - -2.4976931120786515e-08 - -3.680983886186975e-08 - 1.427870048767534e-08
