Number: 1804
Error: 8.423744224450498e-08
A1: [-0.005370370780486404, -0.013156116166659917, 0.004921685497994298, 0.021296769357911638] - [0.0666356768983393, 0.18970651323190932, -0.1469349872885478, -0.11007385670579738] - [-0.11182874741576279, 0.4425505220176042, -0.07004480147667828, -0.25727380415520645] - [-0.023281866680487234, 0.015466458627075559, -0.029911735136012165, 0.03901239691950779]
A2: [0.13113651795336026, -0.22508916877898277, 0.0222420121106722, 0.06973357189652067] - [0.03282113381732961, 0.2039295514225174, -0.11471320170981326, -0.12128134769943183] - [-0.0931731129976281, 0.5570010774142404, -0.23369054866050992, -0.22409221866657156] - [-0.021729981794072855, -0.020201814238485223, 0.007217214807730672, 0.03129985829601051]
B1: 0.00040584860959943836 - -0.0002155911730502267 - -0.00018050375232208862 - 0.00023877183513662786
B2: 0.0006006715146381284 - -0.00023433650949457622 - -7.080266882109954e-05 - -8.609882304189913e-05
