Number: 5339
Error: 1.158427345106441e-15
A1: [0.06621319609467619, -0.11395206561852984, -0.02398393587852316, 0.07172288253833495] - [0.037402638609076874, 0.18819339473658328, -0.14740892074626927, -0.07818698414264348] - [-0.06022931264686454, 0.32895085648347383, -0.1277530522650192, -0.140968265099288] - [0.03904613044132643, -0.05332271330420099, -0.03741861815539611, 0.05169509288066603]
A2: [-0.009108920465342524, -0.34680355111801525, 0.24945474285848546, 0.10645631851368464] - [0.08003996379105822, 0.03628240566463929, -0.05024996140728443, -0.06607180736165777] - [-0.042452773238306346, 0.2308319420986865, -0.04053119601424385, -0.1478477878557573] - [0.06813480340804556, -0.2934678250964314, 0.1417712673673305, 0.08356188806783367]
B1: -1.4333801789273146e-08 - -9.22375738822429e-08 - 1.7889945366901052e-08 - 2.6799887202323463e-08
B2: 5.409829601224061e-10 - -1.547190012041972e-08 - 3.7032320687029396e-09 - -6.984850371403207e-09
