Number: 5914
Error: 9.362455040631897e-10
A1: [0.08058781794503744, -0.18031174268239644, -0.019432901957178353, 0.11978109244927573] - [0.03744624760039391, 0.13362697879909086, -0.13469558009869215, -0.03625516860466898] - [-0.0015106963183984282, 0.22838225350888877, -0.12263648176666686, -0.10346681035044358] - [0.039305146836273175, -0.11404029129625617, -0.045974715644088955, 0.12247590937109937]
A2: [0.03542052877496285, -0.02916005277207878, -0.07558985636748265, 0.06978173295531699] - [0.10260942760532196, 0.2826099658822499, -0.3928814443455506, 0.006518166538925823] - [-0.011542809426264877, 0.5386568143218456, -0.35978771902838363, -0.16875137919284897] - [0.0977533622418717, 0.01735342000260047, -0.16895520994465418, 0.053409945758703045]
B1: -6.510623211642874e-05 - 6.346077895000285e-05 - -8.013255027413046e-05 - -7.01232761331005e-05
B2: -0.00017117016845256795 - -7.184362157447224e-05 - 0.0001810258129341387 - -8.879538487944231e-06
