Number: 3018
Error: 2.7169385623134547e-09
A1: [0.06297632457247039, -0.04832726732445764, -0.023896396287410186, 0.007398730396385809] - [0.044304005568747334, 0.19189091854643556, -0.14190182678989569, -0.09180355432507653] - [-0.12249338385408802, 0.41581658738080896, -0.1038975276009342, -0.1861118786872533] - [0.036149498446130586, 0.0183132656626106, -0.033988013811059994, -0.023904913924765358]
A2: [0.06357264299034293, -0.1735576198870744, 0.08645848882861441, 0.024085498470774448] - [0.029227488774393108, 0.20023728113214995, -0.10177257939129038, -0.12793496508805932] - [-0.09274735925921024, 0.5143307547676309, -0.22494183943874374, -0.19445361813131035] - [-0.025506324733362954, 0.01893317144551635, -0.049872921220133114, 0.05738820938697829]
B1: 0.00031739095681115604 - -0.0001800078485392337 - 6.789628627964412e-05 - -0.00023503934407989696
B2: -0.0001212983092507236 - 5.773156435995221e-06 - 4.549329737013532e-05 - 9.112760059984049e-05
