Number: 9460
Error: 5.199361479084291e-13
A1: [0.05317165375191933, -0.14800216772600508, -0.02699994274356108, 0.12182692515574994] - [0.005313942268002381, 0.13083691693086452, -0.11360052136415914, -0.02254954060143495] - [-0.014443476520473687, 0.22309262124131066, -0.1270401803387455, -0.0816049325913265] - [0.027146703620514526, -0.10001979445299042, -0.0494242642914266, 0.12229836462846742]
A2: [0.08925823986990163, -0.07290960045050084, -0.12362372730707018, 0.10729020830888278] - [0.10884074746146631, 0.2498131996154621, -0.40484625142233155, 0.04618848224952401] - [0.03663447885776109, 0.46255367391464686, -0.3777188677395773, -0.12147473565128446] - [0.1434244366720125, -0.044608612423404505, -0.20150148490369912, 0.1026778363329071]
B1: 1.7340146778666464e-06 - -3.5885684994248756e-08 - -3.318048605769707e-07 - -5.800539621867966e-07
B2: -3.9737219707428166e-07 - -1.8879234794637708e-08 - -1.9853730604205688e-08 - -2.7827865334134894e-07
