Number: 8676
Error: 1.220177211059853e-15
A1: [0.08043167052298196, -0.18046782491053276, -0.019588871118021794, 0.11962495757819544] - [0.03741561631516256, 0.13359642246892922, -0.13472614994902957, -0.036285788795999876] - [-0.0017028124314090833, 0.22819012308800313, -0.12282837607346601, -0.10365890364482423] - [0.03886321871279486, -0.11448103422457762, -0.046416457102072574, 0.12203421224642728]
A2: [0.035307373868497235, -0.029273545181120023, -0.07569741573899769, 0.06966333532675743] - [0.1028936677418676, 0.2828966176325399, -0.3926064764591236, 0.006815909165399896] - [-0.01118718761975355, 0.5390145025356751, -0.35945109843573864, -0.1683765569023694] - [0.0978627305310797, 0.01746324730540568, -0.1688510760808723, 0.05352480608524995]
B1: 6.849569095472462e-09 - -4.116870095979853e-08 - -1.7534571661660032e-08 - -1.0289475844155351e-08
B2: 2.039854294303362e-08 - 2.3392037093400775e-09 - -2.012219500553926e-08 - 1.9118760774993785e-08
