Number: 3811
Error: 1.0232773928380697e-15
A1: [0.06621320942176405, -0.11395205258928674, -0.02398392256189336, 0.07172289584307862] - [0.03740267284769523, 0.18819342744912443, -0.1474088870871837, -0.07818695048055177] - [-0.06022942957496938, 0.32895074418081843, -0.1277531666838065, -0.14096837890295932] - [0.039046241570679305, -0.0533226078246462, -0.03741851064164891, 0.05169519952151408]
A2: [-0.00910859587146151, -0.3468032067759572, 0.24945507007895107, 0.10645665883168005] - [0.08003980981597128, 0.03628223978948437, -0.050250129693244605, -0.06607197707644623] - [-0.042452836607398195, 0.23083187216080994, -0.040531263923064206, -0.14784785793946129] - [0.06813475912694698, -0.2934678738516764, 0.14177121936282458, 0.08356183842065444]
B1: -2.281364588571639e-09 - 2.7415481522134685e-08 - -3.1224782072418414e-09 - 8.467287696211231e-09
B2: 3.1798209997998096e-08 - 3.169000951370577e-08 - -1.400111460660794e-08 - 1.982665160789822e-09
