Number: 4505
Error: 1.0607985348129187e-15
A1: [0.06621315877064181, -0.11395210210854637, -0.023983973173279757, 0.0717228452769446] - [0.037402601563895736, 0.18819335934230125, -0.14740895716460295, -0.07818702056419237] - [-0.06022954898594428, 0.32895062949307435, -0.1277532835323593, -0.1409684951229587] - [0.039046129618808566, -0.05332271408504839, -0.03741861895128849, 0.051695092091337505]
A2: [-0.009108519583427902, -0.3468031258462971, 0.24945514698412383, 0.10645673881547613] - [0.08003980629745276, 0.03628223599906908, -0.05025013353873913, -0.06607198095458257] - [-0.04245280008303802, 0.23083191247136756, -0.040531224782016845, -0.14784781754482532] - [0.06813464258110331, -0.2934680021736214, 0.14177109301585436, 0.0835617077513709]
B1: -4.737651780620487e-08 - 4.496880641157611e-09 - 1.7016419636874127e-08 - -4.4896883372893014e-08
B2: 1.5905433910374824e-10 - -1.257270792044498e-08 - -3.775845210010295e-08 - -7.785082765758385e-09
