Number: 4104
Error: 8.237317326943049e-16
A1: [0.06621318589050956, -0.11395207559469192, -0.0239839460746741, 0.0717228723513208] - [0.03740264046174037, 0.1881933965065565, -0.14740891892504696, -0.07818698232123449] - [-0.060229333600029605, 0.32895083635940375, -0.12775307276840459, -0.14096828549268023] - [0.03904623599335053, -0.05332261311840764, -0.03741851603751647, 0.05169519416946276]
A2: [-0.009108587421438462, -0.3468031978117959, 0.249455078597331, 0.10645666769108593] - [0.08003983010115939, 0.03628226164244588, -0.05025010752268154, -0.06607195471763276] - [-0.04245284831009156, 0.23083185924497782, -0.04053127646414503, -0.14784787088222487] - [0.06813480938487829, -0.2934678185154968, 0.14177127384725424, 0.08356189476909036]
B1: 2.4704268260374196e-08 - 1.0679367721119571e-08 - -3.853767540608329e-09 - 2.1998952363828827e-08
B2: -4.273727296419628e-09 - 1.0849037587761099e-08 - 1.4563947941872972e-08 - 2.6963424173462115e-08
