Number: 8420
Error: 8.426613156629907e-16
A1: [0.08043170723254008, -0.18046778820514459, -0.01958883445238049, 0.1196249942835388] - [0.037415549971292185, 0.13359635617522464, -0.13472621616081845, -0.0362858551031788] - [-0.0017028179326507202, 0.2281901175868844, -0.12282838156664666, -0.10365890914460074] - [0.038863265256076494, -0.11448098781195133, -0.046416410588465226, 0.12203425876074685]
A2: [0.03530734985353473, -0.029273569262463234, -0.07569743857211726, 0.06966331019256414] - [0.1028937468312337, 0.2828966973931221, -0.39260639996482477, 0.006815991983381809] - [-0.011187094989390972, 0.5390145957184956, -0.3594510107587974, -0.16837645929485767] - [0.09786283176911542, 0.01746334900393385, -0.16885097970855717, 0.05352491235196465]
B1: -1.7196130618106655e-08 - 7.378575201088704e-09 - 6.254510332821839e-09 - 2.0230534035126597e-08
B2: 9.987274407723175e-09 - -3.274507957851655e-08 - -2.8242904991035274e-09 - 1.7666344051534465e-08
