Number: 9645
Error: 2.603208433288517e-14
A1: [0.05317255698727257, -0.14800126412824213, -0.02699904048295007, 0.12182782883289395] - [0.005313622321992104, 0.13083659666915712, -0.11360084125541865, -0.02254986100765739] - [-0.014444677208858331, 0.22309142012231228, -0.12704138007203508, -0.08160613370241843] - [0.027146110990689497, -0.10002038714386534, -0.04942485824228328, 0.1222977704120472]
A2: [0.08925370185162722, -0.07291412800323978, -0.1236281631393858, 0.10728561425696201] - [0.10884187643085949, 0.24981432876902998, -0.40484514482544, 0.04618963020431539] - [0.03663579440990389, 0.4625549826141289, -0.3777175842339695, -0.12147340645672915] - [0.14342635233438958, -0.04460670388846985, -0.20149961443875541, 0.10267978042755299]
B1: 2.3162696234731785e-07 - 2.993452938334892e-07 - 2.6801465780194346e-07 - 4.6312272756630205e-08
B2: 2.5488174819879467e-07 - 4.901413755054717e-08 - -2.3383658706383374e-08 - 4.420332410326794e-08
