Number: 901
Error: 1.6721385153567587e-09
A1: [-0.012036835714216609, -0.014397576148870633, 0.018216089281663263, 0.00870757482918029] - [0.06578168700636136, 0.18944374961138563, -0.14537793296330856, -0.1100681779936248] - [-0.09633809068775225, 0.42174253263618766, -0.05350619398774735, -0.2720882056091909] - [-0.0010015476829923892, -0.017911496025324394, -0.0034945331266579517, 0.023746626941894746]
A2: [0.16160053441997102, -0.16774109640823043, 0.008514959674885829, -0.0023194327343867244] - [0.03556569449905182, 0.20759540975259996, -0.11713078411827922, -0.12571379627595708] - [-0.08614711819316018, 0.5816032905385693, -0.23532401581649126, -0.25987065920529856] - [-0.003732172097798801, -0.004418169554109543, 0.0012120254097358063, 0.007341762830662475]
B1: 2.6436186907272068e-05 - -6.332360574336255e-05 - 1.2104898493013766e-05 - -1.460605717564341e-05
B2: 0.00030735759664025 - -0.00015479164221084978 - 9.050748873004822e-05 - -0.00012801770656557774
