Number: 9486
Error: 4.984734325390428e-14
A1: [0.053172708222318996, -0.14800111286155018, -0.026998889430289875, 0.12182798014017777] - [0.0053133776546596, 0.1308363517266649, -0.11360108590203752, -0.022550106025288078] - [-0.014443906161852094, 0.22309219144169937, -0.1270406096460621, -0.08160536239028002] - [0.02714584104779703, -0.10002065702782263, -0.049425128695774964, 0.12229749984432646]
A2: [0.08925315792133891, -0.0729146706553153, -0.12362869477335142, 0.10728506369191919] - [0.1088392420765777, 0.24981169395755082, -0.404847727004072, 0.04618695153115917] - [0.036634341558658454, 0.4625535373379624, -0.3777190016987145, -0.12147487436473028] - [0.14342556269043893, -0.04460749058313549, -0.20150038544426427, 0.10267897907891904]
B1: 6.879186332579284e-07 - -4.743522068350021e-07 - -1.4048456650086188e-07 - -2.0112466893501186e-07
B2: 1.150280605614201e-09 - -5.108950745203086e-08 - 2.6076151964299776e-07 - 1.6839608890503908e-07
