Number: 3480
Error: 1.4380683015880524e-09
A1: [0.06620138345101512, -0.11396362101492508, -0.023995750384679874, 0.0717110892761861] - [0.03734581646265147, 0.18813909903191475, -0.14746476372829032, -0.07824285439983632] - [-0.06017840483201583, 0.3289997400210747, -0.12770320948371836, -0.14091873412838257] - [0.039239838241788075, -0.05313885177675065, -0.03723117077730611, 0.05188099034131865]
A2: [-0.009058316082175142, -0.346749865533814, 0.24950575311680137, 0.1065094083814495] - [0.08006657078465458, 0.036311065218719976, -0.050220876337708546, -0.06604246395584816] - [-0.04247577978338201, 0.23080651362265894, -0.04055590292392915, -0.14787326262677897] - [0.06814364527101614, -0.29345808778396765, 0.14178087838851325, 0.08357182120474355]
B1: 1.7502576079239334e-05 - 4.546740369168771e-05 - -5.2847614029352426e-05 - 3.898476281840713e-05
B2: -3.0476792967484364e-05 - 5.349936554575758e-05 - -1.4274488734407319e-05 - -5.663021303183728e-05
