Number: 9140
Error: 1.3679701536923591e-06
A1: [0.050178696761838046, -0.15112062523666997, -0.03010805502516578, 0.11871389071351998] - [0.005750275493340726, 0.13122679040846186, -0.11329805788776197, -0.02212762813148736] - [-0.01462349736080291, 0.22301033277193397, -0.12718572831905425, -0.08160221246944663] - [0.024348815777163562, -0.10283882455131835, -0.05223798847438254, 0.11950252737213175]
A2: [0.11079962444928859, -0.05130589176285058, -0.10232761118767258, 0.12918860981056285] - [0.12001540959421984, 0.26101259078504696, -0.3938879960414502, 0.05753588275782962] - [0.049919665767712784, 0.475816167073308, -0.3647261356869662, -0.10811581358033953] - [0.14776557984399705, -0.04024902443103374, -0.19730969718882022, 0.10706928574450643]
B1: 0.002297582564621913 - -0.0013063157544000086 - -0.0016316142773338386 - -0.0032605260450789195
B2: 0.0010237645055015208 - 0.0005823675149956081 - -0.0008658201925381367 - -9.056336292013925e-05
