Number: 5081
Error: 4.682088199289541e-16
A1: [0.06621328264197623, -0.11395198100526657, -0.023983849399147963, 0.07172296894039469] - [0.037402609758795634, 0.1881933671720096, -0.1474089491083673, -0.07818701250724616] - [-0.06022939842843621, 0.32895077409523305, -0.12775313620567436, -0.14096834858854745] - [0.03904622608504334, -0.053322622522783095, -0.037418525623279526, 0.051695184661498694]
A2: [-0.009108549133817, -0.34680315719462773, 0.2494551171946352, 0.10645670783357063] - [0.08003982384602361, 0.03628225490392955, -0.050250114359065685, -0.06607196161211087] - [-0.04245286204334993, 0.23083184408831942, -0.04053129118095698, -0.1478478860704573] - [0.06813473920553473, -0.29346789578589866, 0.1417711977659589, 0.08356181608521353]
B1: 3.2008655311821096e-08 - 2.9646361785305665e-08 - 2.377288846674294e-08 - 2.0056276733138425e-08
B2: 4.056216405639881e-08 - 1.1835744029955906e-08 - 1.0718504497896361e-07 - -3.477972648475021e-08
