Number: 9407
Error: 4.736110231986913e-12
A1: [0.05317488650501737, -0.14799893364449493, -0.026996713483578433, 0.12183015961814841] - [0.005316513000597924, 0.13083949053520355, -0.11359795086956001, -0.022546965945356753] - [-0.014444931989668062, 0.22309116489734981, -0.12704163483243758, -0.08160638885462396] - [0.02714725872439695, -0.10001923864709855, -0.049423707519460146, 0.12229892205631689]
A2: [0.0892429695937033, -0.07292483551430164, -0.123638653581476, 0.10727475002898415] - [0.10882908774510647, 0.24980153781690786, -0.4048576802396552, 0.046176626147573584] - [0.03662798817170445, 0.4625472168070882, -0.37772520031953666, -0.12148129384176243] - [0.14342244552607342, -0.044610596403108146, -0.2015034290180344, 0.10267581511411168]
B1: -7.846808422087091e-06 - 1.0042996740458331e-05 - 1.0358074317660308e-06 - 9.42307772891498e-06
B2: 2.5046472882474265e-06 - 2.1487121422774394e-06 - 3.48140768452103e-06 - 2.9851644061012912e-06
