Number: 6758
Error: 9.35077814950423e-16
A1: [0.080431619121917, -0.18046787630578995, -0.019588922457613202, 0.11962490618298773] - [0.03741554232342307, 0.1335963485331431, -0.13472622379357502, -0.03628586274687168] - [-0.0017028661790358102, 0.22819006934153027, -0.12282842974239266, -0.10365895737812231] - [0.03886318248312088, -0.11448107035263891, -0.04641649330867898, 0.12203417603921829]
A2: [0.035307440523427235, -0.029273478341848517, -0.07569735236415563, 0.06966340508824624] - [0.10289374462534095, 0.2828966951684706, -0.3926064020983729, 0.006815989673499807] - [-0.011187110860032391, 0.5390145797532537, -0.3594510257807136, -0.16837647601827896] - [0.097862804737813, 0.01746332184971107, -0.16885100544067122, 0.05352488397798542]
B1: -1.51122193569638e-08 - -1.3143999051939291e-08 - -1.60016347980154e-08 - -1.6607219956541458e-08
B2: -2.4776531505599145e-08 - -1.264293181702102e-08 - -1.258375306104648e-08 - -1.1531257018488441e-08
