Number: 3746
Error: 8.838252557730153e-16
A1: [0.06621318420082098, -0.11395207724662505, -0.023983947763048245, 0.0717228706644554] - [0.037402617115062056, 0.1881933742003823, -0.1474089418766358, -0.07818700527484317] - [-0.06022934867003757, 0.32895082188551067, -0.12775308751503817, -0.14096830016000805] - [0.039046240355755185, -0.053322608977813025, -0.03741851181705461, 0.0516951983556722]
A2: [-0.009108558242542258, -0.3468031668575263, 0.2494551080123407, 0.10645669828357243] - [0.08003980452642184, 0.03628223409112277, -0.05025013547442515, -0.06607198290671405] - [-0.04245284641418874, 0.23083186133741712, -0.04053127443241538, -0.14784786878541767] - [0.06813482832821847, -0.29346779765797926, 0.14177129438375566, 0.08356191600816251]
B1: -1.2391783668490234e-08 - 7.746462146977961e-09 - 1.4322058634261531e-08 - 1.9616849919420076e-08
B2: -1.4317809232039557e-08 - 3.284789185032137e-09 - 6.662432813248968e-09 - 6.38350651540824e-09
