Number: 1564
Error: 1.1274311905889652e-08
A1: [-0.007532380942735675, -0.015341712437114234, 0.0026383321083610542, 0.019100124365277405] - [0.06686655626741908, 0.18992264639481504, -0.14669398472453515, -0.10981804491677163] - [-0.11289164934821166, 0.44148467622114157, -0.07110902857119504, -0.2584314239257352] - [-0.023932085184215367, 0.014790950173621567, -0.030509359247004823, 0.03831754295800894]
A2: [0.13167520937508076, -0.22454143968498994, 0.022754018668771466, 0.07024767774619842] - [0.03273807963265009, 0.20383946582712978, -0.11479675437092504, -0.12136771075197836] - [-0.09469755684989775, 0.5554656242984402, -0.23527605587813455, -0.22570879592577406] - [-0.020794223013300223, -0.019243617913726946, 0.008150172119183995, 0.03221312748093264]
B1: 3.9743820409718204e-05 - -0.0002007700193400449 - -3.765523692283471e-05 - 3.881348669526537e-05
B2: 7.243612528829616e-05 - -6.395993289443682e-05 - 3.9116626181730175e-05 - 0.0001333611863104151
