Number: 9574
Error: 8.469234566833042e-14
A1: [0.053173294481456176, -0.14800052636687808, -0.026998303803699015, 0.1218285666856565] - [0.005314650805534282, 0.1308376262248072, -0.11359981293146705, -0.02254883107052437] - [-0.014444203114207282, 0.22309189438836988, -0.12704090635375728, -0.08160565943786026] - [0.02714635378265594, -0.10002014435821142, -0.04942461494138777, 0.12229801381634128]
A2: [0.08925579764499421, -0.072912037058251, -0.1236261145689619, 0.10728773588624334] - [0.10884415957814814, 0.24981661231802132, -0.40484290690634894, 0.046191951761032954] - [0.0366381380752633, 0.46255731408294337, -0.3777152976428157, -0.12147103848966766] - [0.14342621758660032, -0.044606838140658744, -0.2014997460118441, 0.10267964367860936]
B1: -2.969501788687331e-07 - -2.8220569435046664e-07 - -3.528764499120838e-08 - 3.126482495458729e-07
B2: 1.2495085414816673e-07 - -1.8009451082596744e-07 - 1.932778090304552e-07 - 2.5834298802402133e-07
