Number: 1005
Error: 0.0005545352028641216
A1: [0.12426380540074276, 0.12155786994966626, 0.1567512320016594, 0.1512264656270301] - [0.05591695040141325, 0.17935563940333918, -0.15665897203350204, -0.12148414135289592] - [0.03451356744079429, 0.5460816531668642, 0.07277274334594261, -0.12775460972536268] - [0.17121561217010645, 0.14838348981911492, 0.16328854734075848, 0.2124955538343593]
A2: [0.15749337082437231, -0.17503081600176001, 0.007360507739708441, -0.0012503367595902894] - [0.02606056355076835, 0.19730932838138102, -0.12605282082481167, -0.1340981679177965] - [-0.09838285531550646, 0.5710754834300639, -0.2409219332860524, -0.2666127382004176] - [-0.0058120537684865445, -0.0030059129286450006, 0.003171302476249636, 0.008906986550201685]
B1: -0.02451585929807589 - -0.012139530993855431 - -0.015825598953861 - -0.013495287155313484
B2: -0.02548570063723133 - -0.01543854498794587 - -0.018779956609864236 - -0.022892680858530447
