Number: 5159
Error: 7.692304600315928e-16
A1: [0.06621316595116229, -0.11395209508847445, -0.023983965998405497, 0.07172285244539359] - [0.03740257495205233, 0.18819333391653195, -0.14740898332605407, -0.07818704672796183] - [-0.060229333835835334, 0.32895083613284887, -0.12775307299913058, -0.14096828572191597] - [0.03904617965881331, -0.05332266658885929, -0.03741857053918014, 0.051695140110284185]
A2: [-0.00910859571509921, -0.3468032066099113, 0.24945507023633326, 0.10645665899577327] - [0.08003982948341727, 0.03628226097700835, -0.05025010819770178, -0.06607195539845499] - [-0.042452824619768036, 0.23083188539114408, -0.040531251076502336, -0.14784784468149972] - [0.06813477995780305, -0.29346785091604993, 0.1417712419451229, 0.08356186177589084]
B1: -6.678472170159094e-08 - -1.1187489173818805e-08 - -3.5647061717409425e-09 - -1.5049725917238324e-08
B2: -2.1559278402915445e-08 - 2.9216777772289977e-09 - -1.1869725778734664e-07 - -1.893939283261827e-08
