Number: 8056
Error: 1.0636898935878176e-15
A1: [0.08043170537645272, -0.18046779006102956, -0.019588836306217123, 0.11962499242767174] - [0.037415587262719784, 0.1335963934384266, -0.13472617894375835, -0.036285817832445985] - [-0.0017028087878961998, 0.22819012673144362, -0.12282837243527785, -0.10365890000229297] - [0.038863244540203755, -0.11448100846971908, -0.046416431291138496, 0.12203423805773192]
A2: [0.03530736877957059, -0.029273550284130097, -0.0756974205774019, 0.06966333000061399] - [0.10289368210904865, 0.2828966321216218, -0.39260646256333787, 0.0068159242098714086] - [-0.011186968436763499, 0.5390147230259609, -0.3594508909737772, -0.1683763259421525] - [0.09786279289893576, 0.01746330995697178, -0.16885101671052546, 0.05352487155102467]
B1: -4.140392655803055e-08 - 1.3062335925856979e-08 - 3.520474268756897e-08 - 1.0514801923388057e-08
B2: 1.1669484625910304e-08 - -1.0492969227037335e-08 - 5.894838509028519e-09 - 5.9103194316075635e-09
