Number: 6825
Error: 1.0068300127112789e-15
A1: [0.08043167085874216, -0.1804678245748242, -0.01958887078265031, 0.11962495791390387] - [0.037415560048206606, 0.13359636624451116, -0.13472620610410882, -0.036285845031906704] - [-0.0017028570675545072, 0.22819007845281705, -0.12282842064425216, -0.10365894826907275] - [0.038863203452755624, -0.1144810494418532, -0.04641647235240652, 0.12203419699581998]
A2: [0.03530747729538506, -0.029273441468185096, -0.07569731740185107, 0.06966344357409114] - [0.10289379206926877, 0.28289674301505885, -0.39260635621122825, 0.0068160393542256725] - [-0.011187118816390403, 0.5390145717494388, -0.35945103331157946, -0.16837648440217154] - [0.09786282849831342, 0.017463345718289298, -0.1688509828222152, 0.05352490891877728]
B1: -3.150275061471812e-09 - 1.050816550609473e-08 - -2.139714646401118e-08 - -7.1990619620641475e-09
B2: 4.271775135360636e-09 - -3.0258254720034293e-09 - -1.0875431509772027e-08 - -4.010138796013435e-09
