Number: 9879
Error: 9.398188848894019e-16
A1: [0.05317263958786556, -0.14800118149531158, -0.026998957971704186, 0.12182791147279237] - [0.005313849250040868, 0.1308368238374074, -0.11360061435880002, -0.022549633760552502] - [-0.014444405646290116, 0.22309169178582808, -0.1270411087226736, -0.08160586204333858] - [0.027146527080443194, -0.10001997105362638, -0.04942444127356564, 0.1222981875586821]
A2: [0.08925435329847872, -0.07291347806191337, -0.123627526369402, 0.1072862737363628] - [0.10884171416277692, 0.24981416647249688, -0.40484530387957063, 0.04618946520570155] - [0.036635939644073655, 0.46255512709203256, -0.37771744253703476, -0.1214732597170284] - [0.14342640374607318, -0.04460665266641104, -0.2014995642379144, 0.10267983260287024]
B1: -4.948375466683531e-08 - -1.3185085612375344e-08 - 1.3272906713220643e-08 - -1.2823095877929552e-08
B2: -4.27573459827527e-09 - -1.1588903118408356e-08 - -1.50079246206187e-08 - -2.3289553075060452e-08
