Number: 6904
Error: 1.12485843624433e-15
A1: [0.08043166549675028, -0.18046782993620902, -0.01958887613823028, 0.11962495255252452] - [0.03741557927202229, 0.13359638545377667, -0.13472618691859625, -0.036285825818739736] - [-0.0017028298910942907, 0.228190105628697, -0.12282839350758247, -0.1036589210998655] - [0.03886322306616547, -0.11448102988348635, -0.046416452751494065, 0.12203421659703993]
A2: [0.035307484811998725, -0.029273433930781405, -0.07569731025514836, 0.06966345144104155] - [0.10289379119154882, 0.2828967421298911, -0.3926063570601457, 0.006816038435124889] - [-0.011187222288582387, 0.5390144676600769, -0.35945113125025996, -0.16837659343443773] - [0.0978628128255013, 0.017463329974186776, -0.16885099774171705, 0.05352489246742576]
B1: 1.714413372392626e-08 - 1.973527586788172e-08 - -4.512814735233371e-08 - -2.9450904470959336e-10
B2: -6.544619654418412e-09 - -2.7221240788664847e-10 - 7.425734681132372e-09 - -3.030980984678046e-10
