Number: 1416
Error: 7.491275456289354e-10
A1: [-0.007247016596308566, -0.015053787450011452, 0.0029353202942220937, 0.019393691920771526] - [0.06686922144003737, 0.18992531213969002, -0.14669120218258228, -0.10981507552094925] - [-0.11273383157641215, 0.441639707366192, -0.07094421039268588, -0.2582606155872605] - [-0.02363732411086355, 0.01508081760774763, -0.030208230589410183, 0.038628623151826136]
A2: [0.1316749868511163, -0.22454102709084953, 0.022753964457258035, 0.07024741869989844] - [0.03271168809396243, 0.20381363764453697, -0.11482312008385588, -0.1213934366351305] - [-0.0943367461759097, 0.5558214868892025, -0.23492124651271393, -0.22535401984506798] - [-0.02118797016620652, -0.019631384822994126, 0.007760407400222996, 0.03183518376180855]
B1: 8.792898048330814e-05 - -9.897102913826354e-05 - 2.429380808178988e-05 - 4.322200438414885e-05
B2: 1.5406771896090226e-05 - 8.340511481548564e-06 - 4.719058172209863e-05 - 1.0632104249984334e-05
