Number: 4771
Error: 6.739401492117602e-16
A1: [0.06621326687262732, -0.1139519964222563, -0.023983865156137155, 0.07172295319748634] - [0.03740269506957089, 0.188193448680659, -0.14740886524135513, -0.0781869286328146] - [-0.06022944158347845, 0.328950732647205, -0.12775317843467598, -0.14096839059042288] - [0.03904611605859487, -0.0533227269558886, -0.03741863207033068, 0.05169507907876059]
A2: [-0.009108598953514152, -0.3468032100454908, 0.24945506697183048, 0.10645665560029578] - [0.0800398611994633, 0.03628229514424037, -0.05025007353395316, -0.06607192044032871] - [-0.04245278089571841, 0.23083193364763885, -0.04053120422010975, -0.14784779632445602] - [0.06813481662550426, -0.2934678105433681, 0.1417712816965017, 0.08356190288704222]
B1: 2.404153601988023e-08 - 2.9496510032798494e-08 - 1.1668318389159908e-08 - 1.6043631389839707e-08
B2: 2.2620911423099935e-08 - 4.863761721853621e-08 - -3.075880776208736e-09 - 1.5069117095440597e-08
