Number: 2524
Error: 5.456739436677474e-08
A1: [0.06325524295207265, -0.0480466338652305, -0.02361906155678431, 0.007677802318624709] - [0.04406596539373451, 0.19165939148523753, -0.14215200415425328, -0.09207203434094724] - [-0.12348098066316732, 0.4148317453172849, -0.1048866237366405, -0.18710074238103921] - [0.03685244852871332, 0.01902355887732842, -0.03327853800332372, -0.023197814580127554]
A2: [0.06318926489262995, -0.17394585899978315, 0.08607647380654021, 0.02371135413566395] - [0.02927950488750712, 0.2002891010125545, -0.10172021204766381, -0.12788318748164956] - [-0.09483854561073075, 0.512281778136228, -0.22704082645203796, -0.1964808788338907] - [-0.02644801644833155, 0.01800820021917657, -0.05081652432883701, 0.056468692914176694]
B1: 0.00014832226447744084 - 0.0003355917740414319 - -0.000529933140958112 - -0.0003155274108639081
B2: 1.6173458111705928e-05 - -4.345254253223752e-05 - 6.908739938334008e-05 - -1.8916877663574825e-06
