Number: 5693
Error: 0.028926474400865827
A1: [-0.092181479463533, -0.2656310604460338, -0.17952856461086802, -0.079891054107303] - [-0.10008465216714658, 0.06546531457825944, -0.27645877335929436, -0.20317563094591673] - [-0.4662819226174732, -0.09272157286970059, -0.5455863000474579, -0.5732655687984918] - [0.03765256038890946, -0.03943334836543049, -0.029782130436333216, 0.07229165305655127]
A2: [-0.1274871261439583, -0.4637090330553806, 0.1259161236571429, -0.010818710364366935] - [0.05906221825069537, 0.018124091994033337, -0.06330391868464529, -0.09474927456893052] - [-0.12030240482033065, 0.15508421697155497, -0.11109304688097371, -0.23544124462765023] - [0.035158239919027, -0.3179343941869993, 0.13283352271418042, 0.03500287070446473]
B1: -0.10430477723034562 - -0.14234710422747138 - -0.11220593490699302 - -0.11312477086998605
B2: 0.10029992681022289 - 0.1400571580066129 - 0.16999096523053797 - 0.03441368799220054
