Number: 8958
Error: 0.0006745801957220279
A1: [-0.0016121692380238646, -0.26000122693844424, -0.09154102208193818, 0.05089541210047101] - [-0.017198322834955586, 0.0899278597164708, -0.15594516297169533, -0.0598093042132415] - [-0.05055581446096838, 0.17944847988683385, -0.1693960564734842, -0.14764292826201486] - [0.0008005300764016903, -0.15509797163517006, -0.08509494375580648, 0.08388106387705026]
A2: [0.1956586310124145, 0.14288126680291968, 0.058030707686094696, 0.26714601765724266] - [0.2850441879486744, 0.46284937574812635, -0.2245530984241974, 0.2239850697684717] - [0.0546107384054101, 0.5807298290937348, -0.2995134364625721, -0.06696543427134077] - [0.14690363558290387, 0.04898355941347089, -0.12563703377734484, 0.1406855330790351]
B1: -0.04256930536266664 - 0.013302948634818014 - -0.04380742778021005 - -0.038498072347619226
B2: -0.027365513045826323 - -0.01590108452940313 - 0.0069206066652954465 - -0.024715234125744327
