Number: 2406
Error: 8.011627623929517e-06
A1: [0.05197034168366567, -0.06002267521877346, -0.03569065566592673, -0.003951749915250383] - [0.04359770891746267, 0.19098414124238827, -0.142947733522521, -0.09252580211569113] - [-0.12208771762728804, 0.4167922603228396, -0.10333081019266316, -0.18563067568565053] - [0.04485196937099541, 0.027367420992497008, -0.025236839533411357, -0.015044023121956908]
A2: [0.044035125648335165, -0.19297463625798442, 0.06748967032456993, 0.005031766479837101] - [0.03535633572671215, 0.20633482976375653, -0.0956817154208948, -0.12197430843833253] - [-0.0896081706459963, 0.5180580234724028, -0.22095551036598918, -0.190625321046513] - [-0.04438848580255186, 0.0001416480552781504, -0.06816061478209248, 0.03910869851583915]
B1: 0.0035833584041584194 - 0.004113268364646372 - -0.009120559573985665 - 0.00035740936511074973
B2: -0.002494074434225006 - -0.0008062000499290798 - 0.0013202221663635187 - 0.004565473547340426
