Number: 2674
Error: 2.7359559004941756e-08
A1: [0.0636396326103172, -0.0476685131366099, -0.02324083752172662, 0.008058857812005767] - [0.04397426478112279, 0.1915722721820509, -0.14224267935325097, -0.09216853614941399] - [-0.12242009007936024, 0.41588466361129883, -0.10382522389876157, -0.18604209345184386] - [0.036737186408354924, 0.018901798520039863, -0.033396999229017184, -0.023315234004138635]
A2: [0.06301516980384052, -0.17410945398984948, 0.08590200941296633, 0.02353978937827452] - [0.02914112003510088, 0.2001519915884558, -0.10185862812131144, -0.12801868478952044] - [-0.09347824755738088, 0.5136153643306559, -0.22567597317409707, -0.19516340208197872] - [-0.025927307121024586, 0.018521435892461573, -0.050290985191674145, 0.056978067768186876]
B1: 0.0001519477185238448 - 0.00022471468346240109 - -7.24104312375772e-05 - -5.968807867760442e-05
B2: -0.00012524844985633036 - 6.0519273515239626e-05 - -0.0002565329127120454 - 0.0001284174963300449
