Number: 7080
Error: 1.0302090486936495e-15
A1: [0.08043169670549531, -0.18046779873099839, -0.01958884496679857, 0.11962498375770611] - [0.03741559901545779, 0.13359640518227023, -0.13472616721449704, -0.03628580608624004] - [-0.001702798065920167, 0.22819013745319125, -0.12282836172900724, -0.10365888928318565] - [0.03886324120187698, -0.11448101179866942, -0.04641643462733734, 0.12203423472148058]
A2: [0.03530752770093427, -0.029273390923220285, -0.07569726947687395, 0.06966349632894446] - [0.10289368862705414, 0.2828966386949264, -0.39260645625918783, 0.006815931035123975] - [-0.011187119502690048, 0.5390145710590376, -0.35945103396118394, -0.1683764851253538] - [0.09786284391610883, 0.017463361206214546, -0.16885096814546283, 0.05352492510243442]
B1: 4.905256903401074e-09 - -2.5627437704560497e-09 - -7.301598771435036e-09 - 1.2635486392532164e-09
B2: 7.591159467518682e-12 - -2.902516336989055e-10 - 3.864401457846786e-09 - -1.9952475680970117e-09
