Number: 4655
Error: 7.494554725020668e-16
A1: [0.06621316995623217, -0.11395209117290983, -0.023983961996475636, 0.07172285644375063] - [0.03740258893695178, 0.18819334727811798, -0.14740896957786584, -0.07818703297854827] - [-0.06022955194461284, 0.328950626651352, -0.12775328642761538, -0.1409684980025473] - [0.039046016208104384, -0.05332282173027979, -0.03741872867240061, 0.05169498326109549]
A2: [-0.009108711040740437, -0.3468033289523965, 0.24945495397766737, 0.10645653808302677] - [0.08003976602278969, 0.03628219261174141, -0.050250177556604894, -0.0660720253462487] - [-0.042452949754182026, 0.2308317472852291, -0.040531385175346775, -0.147847983075252] - [0.06813458568033381, -0.2934680648237022, 0.14177103132991462, 0.08356164395530224]
B1: -2.240223107453806e-09 - 1.5156969179504894e-08 - -1.6999588269126115e-08 - -3.562769218656058e-08
B2: -6.08680683306875e-09 - -2.8099185087121642e-08 - 2.8469934589068803e-08 - -2.4408308487802673e-08
