Number: 9868
Error: 7.769246064811165e-16
A1: [0.05317261645565458, -0.1480012046360253, -0.02699898107842027, 0.12182788832942666] - [0.005313808229314402, 0.13083678277366517, -0.1136006553733117, -0.022549674839120664] - [-0.014444447613394433, 0.22309164980335763, -0.12704115065655125, -0.08160590402541626] - [0.027146459609800583, -0.10002003852414353, -0.049424508886505826, 0.1222981199166065]
A2: [0.08925454843477838, -0.07291328337685989, -0.12362733562964333, 0.10728647127871213] - [0.10884171530835728, 0.24981416761827926, -0.40484530275668085, 0.04618946637055632] - [0.036635774213759055, 0.4625549625224947, -0.37771760393910886, -0.12147342686310669] - [0.14342645340523472, -0.0446066031922098, -0.20149951575004166, 0.10267988299877644]
B1: 4.669572359837135e-08 - -4.382046426649485e-09 - -4.2883721864008125e-08 - -9.213048155586992e-09
B2: 1.4628172369801799e-08 - 8.828708194628983e-09 - -5.525143657357362e-09 - -2.1937459491298807e-08
