Number: 3484
Error: 1.0783965353733042e-09
A1: [0.06618643378098692, -0.11397823417113978, -0.02401068679684277, 0.07169616568199075] - [0.03738847954721505, 0.1881798622494514, -0.14742282813225466, -0.07820090863133224] - [-0.06039950014084188, 0.32878739583377875, -0.12791957344101004, -0.14113391740554274] - [0.03906886249940795, -0.05330113819380593, -0.03739659928551444, 0.05171691653781756]
A2: [-0.009099460682868862, -0.34679351550046145, 0.24946428181073302, 0.10646626321395158] - [0.08002219331543593, 0.036263259604163184, -0.05026938239963787, -0.06609138417657635] - [-0.042453947519861826, 0.2308306148655145, -0.040532480417310494, -0.1478490967617428] - [0.06810980129736127, -0.2934953508023138, 0.14174418246113019, 0.0835338679534891]
B1: 1.271033894224255e-06 - 5.316499540474149e-05 - -8.608267998199888e-05 - 4.1107034449753805e-05
B2: -1.4642852629419157e-05 - 7.559751285780444e-06 - -6.158131527114547e-05 - -1.1721213453070071e-05
