Number: 4564
Error: 8.028922045335632e-16
A1: [0.06621306360904766, -0.11395219514360161, -0.02398406826019789, 0.07172275027504359] - [0.037402462457741564, 0.1881932264357951, -0.14740909391662985, -0.07818715732832004] - [-0.06022957055249684, 0.32895060877956955, -0.12775330463615764, -0.14096851611314187] - [0.03904620216400924, -0.05332264522785885, -0.037418548766222345, 0.0516951617064944]
A2: [-0.00910856318765729, -0.34680317210353534, 0.24945510302711216, 0.10645669309882834] - [0.08003982889277393, 0.036282260340696766, -0.050250108843335105, -0.06607195604950687] - [-0.04245277817830288, 0.23083193664676313, -0.04053120130803014, -0.1478477933190515] - [0.06813473744715345, -0.29346789772205306, 0.14177119585963668, 0.08356181411365084]
B1: -7.36279036093234e-09 - -3.481142197502144e-08 - -5.084044614361097e-10 - -2.9297215669762213e-08
B2: -5.28776262826109e-08 - -8.063836213918144e-08 - 6.749945634412547e-08 - -4.152403845682387e-08
