Number: 114
Error: 0.0004903932295558203
A1: [-0.04647241802974229, -0.05093208863061263, -0.019442377389713557, -0.026866270786053303] - [0.11255086691302957, 0.23674232349822033, -0.09813822514147416, -0.05988501105465028] - [-0.1262375841032279, 0.393661073027201, -0.08557390457776404, -0.3060100926035201] - [-0.025207948957377522, -0.040163070070311765, -0.02834189599620005, -0.0030182297219638263]
A2: [0.23470764755916382, -0.09631922675087917, 0.0801803016902462, 0.06859654013986918] - [0.04653956709369782, 0.21556144483660478, -0.10841420139720837, -0.11709901033142878] - [-0.02006858936784739, 0.6471461669084728, -0.17117634355949157, -0.195928036945007] - [0.09522722042416339, 0.09504296016447154, 0.09928780339499454, 0.1019865905687234]
B1: -0.0059755005652255685 - 0.2341374141613583 - -0.0036171184849181906 - -0.010036522930410463
B2: -0.0037759651433206644 - 0.23014396056143366 - -0.002979797494688051 - -0.0031872896918937964
