Number: 7136
Error: 6.75858866906479e-16
A1: [0.08043169289011637, -0.18046780254594497, -0.019588848777615457, 0.11962497994276294] - [0.03741559747674167, 0.13359640364471984, -0.13472616875014662, -0.036285807624103494] - [-0.0017027351310137252, 0.22819020038675614, -0.12282829888624551, -0.10365882636507406] - [0.038863223627229236, -0.114481029323997, -0.04641645219078745, 0.12203421715775507]
A2: [0.035307408748243126, -0.029273510204917443, -0.07569738257560296, 0.06966337183207498] - [0.10289374519395304, 0.28289669574191323, -0.39260640154841564, 0.006815990268925364] - [-0.011187096679052537, 0.539014594018808, -0.35945101235810734, -0.1683764610752955] - [0.09786279693490052, 0.01746331401130543, -0.16885101286854112, 0.05352487578746874]
B1: 2.6829864046705336e-09 - 5.720588919728051e-11 - 1.4602751966205446e-08 - 1.0207571938784764e-08
B2: -7.45075666587157e-09 - -8.295149636515042e-09 - 5.6835888998055935e-08 - -1.659412761057789e-08
