Number: 8480
Error: 7.676447082767548e-16
A1: [0.08043168100378492, -0.18046781443092283, -0.019588860649769477, 0.11962496805778439] - [0.03741552140443339, 0.13359632762997184, -0.13472624467077304, -0.03628588365422353] - [-0.0017027987709454496, 0.2281901367481807, -0.12282836243299815, -0.10365888998800916] - [0.03886319640372021, -0.11448105647107504, -0.04641647939694033, 0.12203418995119013]
A2: [0.03530752831301846, -0.029273390309419462, -0.07569726889469279, 0.06966349696932678] - [0.10289380089615661, 0.282896751916902, -0.3926063476738726, 0.0068160485971599846] - [-0.011186972811171654, 0.5390147186254381, -0.35945089511415096, -0.16837633055173948] - [0.09786286223348993, 0.01746337960688855, -0.16885095070837144, 0.05352494432955945]
B1: 3.78553645495931e-09 - -6.8716750148056066e-09 - -2.866807564195499e-08 - -5.3859779851259325e-09
B2: -2.3127196277005584e-08 - 9.943707056874802e-09 - -4.5153489425465074e-08 - 2.1664628656891136e-09
