Number: 3697
Error: 9.977363903990504e-15
A1: [0.06621323687011865, -0.11395202575424243, -0.023983895135047027, 0.07172292324535745] - [0.03740299291659369, 0.18819373325295033, -0.1474085724350214, -0.07818663580045408] - [-0.06022955373214292, 0.32895062493483984, -0.12775328817674894, -0.14096849974240172] - [0.03904676409782603, -0.053322111862357274, -0.03741800511424657, 0.051695700944256906]
A2: [-0.009108668489058643, -0.3468032838122932, 0.249454996873684, 0.10645658269561464] - [0.08004025676682985, 0.036282721283981426, -0.050249641201195475, -0.06607148443617387] - [-0.04245331402420928, 0.2308313452532593, -0.04053177554205144, -0.14784838594534636] - [0.0681343418021024, -0.2934683333454688, 0.14177076694196417, 0.08356137052116246]
B1: -2.7512849986013725e-07 - 2.5635180045473303e-10 - 3.3541127427142755e-07 - -1.0364606831780456e-07
B2: 9.326021297883647e-08 - 1.6950236310724887e-07 - -2.8794912035836243e-08 - -4.657284999641721e-08
