Number: 1853
Error: 6.184909661202374e-08
A1: [-0.0068546667909582335, -0.014634170333380894, 0.0033848272058089467, 0.01978504733031235] - [0.06797463750480989, 0.19099490346180534, -0.1455475895895015, -0.1085841085453405] - [-0.11305814366323616, 0.4413517918682754, -0.07133773987698543, -0.2586010767878963] - [-0.02378742318026993, 0.01497046062327942, -0.030433265247290505, 0.03847710674147945]
A2: [0.1316896997274504, -0.224564971643411, 0.022764853630909153, 0.07025027885759033] - [0.03310278899772996, 0.2042126501717024, -0.11443173214667009, -0.12100206339811354] - [-0.09529722134791016, 0.5548882179724592, -0.23578429429172898, -0.2261888396174846] - [-0.022510921008926852, -0.020975886478221777, 0.006430220236396315, 0.030541644401353426]
B1: 0.0003950940160012927 - 0.0006060737994654788 - 0.0004709233426597551 - -0.00021331340242692953
B2: 6.348179593473934e-05 - 0.0010690907641600152 - 7.322406136222042e-05 - -5.0357148719115804e-06
