Number: 2728
Error: 3.2437181966084047e-09
A1: [0.0632076556414297, -0.048098713450632366, -0.02366874456113879, 0.0076303448000257955] - [0.043501642819797896, 0.19111598106768468, -0.1427294222997705, -0.09268837906608746] - [-0.12284742475018538, 0.4154577151451738, -0.10425622496277977, -0.18647166626056857] - [0.03714698002627365, 0.019311322889976418, -0.03298810623061111, -0.022908185610098383]
A2: [0.06362548865479817, -0.17350189548927503, 0.08651060673991955, 0.02414152396125272] - [0.02950608824356369, 0.2005115425714534, -0.10149452763107779, -0.12766149982124134] - [-0.09306785437181299, 0.5140182681623278, -0.22526359935961254, -0.19476653503159364] - [-0.02558484936808977, 0.018862060461902693, -0.04994686653498332, 0.05731067505665644]
B1: 2.7060843746597135e-05 - 0.00014568425829030357 - 8.845045508864473e-05 - 8.150132104232172e-05
B2: -9.939480356071205e-06 - 0.00019495679633934492 - 1.9361990017553167e-05 - 0.0001711610803735757
