Number: 1906
Error: 2.630836171638001e-06
A1: [-0.01144684435942156, -0.01923112096498143, -0.0014095011544432911, 0.015088567252263528] - [0.06869043112234192, 0.19168307867961737, -0.144802769587989, -0.10778767762341597] - [-0.11956991259539458, 0.4349096821449461, -0.07814205385862635, -0.2656805784354865] - [-0.03156057701421072, 0.007315120013739147, -0.0383893013297266, 0.030262876029176926]
A2: [0.13213696781603307, -0.22418138730016274, 0.023111570677478366, 0.07064166159704076] - [0.032108802013026023, 0.20323039374458976, -0.11541633367618444, -0.12196761191616651] - [-0.09512386371587835, 0.5549978311983795, -0.23570235446287, -0.22606822913271019] - [-0.021234490020531998, -0.01975322856995633, 0.007625486970362204, 0.031734232202413754]
B1: -0.0016485853017678708 - 0.0003876166377807142 - -0.0010715205142621518 - -0.00033623380109044205
B2: 0.0016816346833300215 - 0.004059433015805431 - -0.002647001767334901 - -0.0017959260448388394
