Number: 5616
Error: 9.86495748813956e-09
A1: [0.0665046042068313, -0.11366728809549985, -0.02369363884921045, 0.07201254934165753] - [0.037574501874846976, 0.18835761147763982, -0.14724035684159406, -0.07801901067217344] - [-0.0598875927553304, 0.32927813441196896, -0.12742016668060843, -0.14063684364603823] - [0.03914335667263779, -0.05323090096311099, -0.03732525102141217, 0.05178778083685555]
A2: [-0.009172823176351349, -0.34687139704534464, 0.24939028111574496, 0.10638940890115905] - [0.08029299145252415, 0.03655494846840785, -0.049973414210319325, -0.06579284238576988] - [-0.042240703820230374, 0.23106585470823235, -0.040304479169376774, -0.14761386501034401] - [0.06768122128767393, -0.29396729897722595, 0.1412781122357567, 0.083052123942416]
B1: -0.0005277748288786029 - -5.194470588230441e-05 - -4.679354342042191e-05 - 0.00025470565688678285
B2: 6.790165338383685e-05 - -0.0003793856547501841 - 3.373211079764547e-05 - 0.00013900276701562657
