Number: 4549
Error: 1.6261202539700664e-15
A1: [0.0662131069889486, -0.11395215273309453, -0.023984024914337033, 0.071722793582144] - [0.03740254578850751, 0.18819330605269513, -0.14740901199608997, -0.07818707540053825] - [-0.06022915134836222, 0.3289510114021719, -0.1277528944276257, -0.14096810811094884] - [0.039046027604932504, -0.05332281091281371, -0.037418717646346626, 0.05169499419764292]
A2: [-0.009108612616196065, -0.34680322453944773, 0.2494550531986257, 0.10645664127574714] - [0.08003983084276842, 0.036282262441398164, -0.05025010671211126, -0.06607195390017423] - [-0.042452936502146744, 0.23083176191093566, -0.04053137097400076, -0.14784796841905398] - [0.06813476032078628, -0.29346787253720996, 0.14177122065686032, 0.08356183975918206]
B1: -2.452232340023547e-08 - -1.2336253649947389e-08 - -3.177065300090529e-08 - 1.3315540234820235e-08
B2: -6.5329877399232915e-09 - -2.0657302321082984e-08 - -6.048169015268718e-08 - 3.3607109940048755e-08
