Number: 8008
Error: 9.414622678419106e-16
A1: [0.08043170700628756, -0.18046778843138137, -0.01958883467832698, 0.1196249940573214] - [0.03741560548833265, 0.13359641165024866, -0.134726160754466, -0.036285799616930375] - [-0.001702798441612487, 0.2281901370775068, -0.1228283621041421, -0.10365888965877017] - [0.0388632526137283, -0.11448100041885338, -0.046416423222754986, 0.12203424612623948]
A2: [0.03530742150591985, -0.029273497411939627, -0.07569737044577145, 0.06966338518436892] - [0.10289370688937421, 0.2828966571122522, -0.39260643859611327, 0.006815950158463247] - [-0.011187086413722652, 0.539014604345339, -0.3594510026417253, -0.1683764502583827] - [0.09786278296467497, 0.017463299977526152, -0.1688510261673119, 0.053524861123300196]
B1: -1.1242808514099979e-08 - 1.574687055270006e-08 - 2.3186943743428113e-09 - 4.8703986638093465e-09
B2: 6.210726755685985e-08 - -9.82491143123554e-08 - 3.647077722633535e-09 - 5.008660956272684e-08
