Number: 2769
Error: 6.593991179006329e-09
A1: [0.0634544572894956, -0.04785256334629111, -0.023424181666599132, 0.007874819680756392] - [0.04408581613795089, 0.19168001218108963, -0.14212789157497432, -0.09204599429478205] - [-0.12327674416620643, 0.415029877188468, -0.10468888336563736, -0.18690289777515412] - [0.0373892256184586, 0.019554007057147143, -0.03274646772189099, -0.022667784516978005]
A2: [0.06295087292310067, -0.17417349132590937, 0.08583705275966426, 0.02347491928426772] - [0.029274780919079063, 0.20028375077864768, -0.10172530540976034, -0.12788791960689627] - [-0.0935986607427475, 0.5134967894279948, -0.22579499309311843, -0.19528111959347041] - [-0.02565792342848364, 0.0187887033874952, -0.05001888738830805, 0.05723887604931091]
B1: -5.2808164982942455e-06 - 0.00013452557025577498 - 0.00013848975316931608 - 5.254150548061621e-06
B2: -0.0001234315024271921 - 0.00011121371154217615 - 8.074637059858366e-05 - -2.86218258555978e-05
