Number: 5546
Error: 1.413873119923745e-10
A1: [0.06622901248871256, -0.11393660172774217, -0.023968131071353826, 0.07173867300766865] - [0.037415529706712324, 0.18820571175874679, -0.14739624740932558, -0.07817430977520959] - [-0.06020572337348185, 0.3289735130914073, -0.12772996840056328, -0.14094530547270856] - [0.039059277675655056, -0.053310234589042264, -0.03740589838820709, 0.051707709519153384]
A2: [-0.00921510804523356, -0.34691619939459917, 0.24934769550660002, 0.10634498698421398] - [0.08004947601784637, 0.036292653104676394, -0.050239565394419074, -0.06606132304368893] - [-0.04246349968520852, 0.23082010386106067, -0.04054269186290998, -0.1478596517177309] - [0.06809445504977639, -0.2935122503197316, 0.14172752526815335, 0.08351664975170214]
B1: 1.4615135246551962e-05 - -1.9242626064455635e-06 - 4.526108834741045e-06 - 1.3851036351296468e-05
B2: 4.8729494656132075e-06 - 5.057338091574801e-06 - -5.475348090185464e-07 - -2.550173686475981e-06
