Number: 1001
Error: 0.0016926018161512498
A1: [0.01289950992901158, 0.010461522063416946, 0.04188376285682627, 0.03791804060858603] - [0.038203942516778444, 0.16265787171506113, -0.17414983565004122, -0.14049715804217416] - [-0.12213753654147802, 0.3966912599710004, -0.08651258804581918, -0.2977249456133308] - [-0.01079252666081388, -0.025377644935975142, -0.018620388467064826, 0.01772361806944516]
A2: [0.1196488076787526, -0.2115050633954514, -0.028910984494858717, -0.038356534942181796] - [0.02089712484949941, 0.19248402429061745, -0.13104939134537552, -0.13920142238315458] - [-0.03494566707344867, 0.6306735391673548, -0.18110647801574964, -0.20652625406661168] - [0.03577719736422441, 0.03588008417983591, 0.04297115277481208, 0.04747912075518584]
B1: 0.011567740163646489 - 0.020052798156881897 - -0.02443856136123467 - -0.015225202796985896
B2: -0.03219730716589092 - -0.037449428289413285 - -0.038382487860828735 - -0.04753316555801103
