Number: 4949
Error: 8.875564718329981e-16
A1: [0.06621321299966167, -0.11395204909131985, -0.023983918986797664, 0.07172289941496769] - [0.03740264120007844, 0.18819339721201803, -0.14740891819918756, -0.07818698159532958] - [-0.060229357798535194, 0.32895081311808816, -0.12775309644761257, -0.14096830904432925] - [0.039046176801996194, -0.05332266930048171, -0.037418573303043524, 0.05169513736887802]
A2: [-0.00910863353786658, -0.34680324673398344, 0.24945503210770234, 0.10645661934062581] - [0.08003985160463846, 0.036282284807882065, -0.050250084020518185, -0.06607193101594708] - [-0.04245281920755476, 0.23083189136441934, -0.040531245276502925, -0.14784783869583684] - [0.06813474980482562, -0.29346788411566926, 0.14177120925659425, 0.08356182796890911]
B1: 1.2338344840677859e-08 - -1.3154209414429281e-08 - 3.9782479332849436e-10 - 6.531858711033015e-09
B2: 4.875253730034351e-09 - 3.309385470044846e-08 - -3.6457425718788886e-09 - -1.5237066448686687e-08
