Number: 9183
Error: 1.6410043505711954e-07
A1: [0.054163363736266006, -0.14700926927433228, -0.026011189005144063, 0.12282305994121989] - [0.005955334939766307, 0.131486926818882, -0.11296034794265711, -0.021896559170332713] - [-0.013677096302799488, 0.2238723675558147, -0.12626838577515023, -0.0808239105309308] - [0.028182290390435637, -0.09898530801463405, -0.048388342584836715, 0.12333976265451163]
A2: [0.09370472466793553, -0.06848173064751702, -0.11927031224253416, 0.11179796763196057] - [0.10718365371427398, 0.24815205077979285, -0.4064718406791046, 0.04450475227298682] - [0.03446465282475017, 0.4603884344577911, -0.37983643285280394, -0.1236651186649839] - [0.1442225439199829, -0.04381179979436809, -0.20071912846840803, 0.10348884732588388]
B1: 4.3961120053889764e-05 - -0.0002649604309213343 - 0.0012378849888298367 - -0.0010457390510425924
B2: 9.416122407927423e-05 - 0.00015025495804794095 - 0.00041248830802730285 - -0.0001477223705287104
