Number: 4919
Error: 6.026449371157939e-16
A1: [0.06621313514792168, -0.11395212520334874, -0.02398399677744174, 0.07172282169388214] - [0.03740253641705548, 0.18819329709892124, -0.14740902120894347, -0.0781870846141955] - [-0.060229372798761484, 0.3289507987111913, -0.1277531111259569, -0.1409683236437305] - [0.039046170591438015, -0.053322675195312294, -0.03741857931155484, 0.05169513140915237]
A2: [-0.00910859387875896, -0.34680320466194675, 0.24945507208768372, 0.10645666092097023] - [0.08003986719964304, 0.03628230160815741, -0.05025006697608028, -0.06607191382678083] - [-0.04245282865277678, 0.2308318809401091, -0.04053125539835961, -0.14784784914187382] - [0.0681347427686298, -0.2934678918628127, 0.1417712016286957, 0.08356182008005185]
B1: -8.431815338121383e-09 - 9.462556795875669e-09 - -1.8424676157847512e-08 - -2.166200099180048e-08
B2: -8.320649581125608e-09 - -3.089628488996842e-08 - 9.150251932167891e-09 - 7.3593359375892736e-09
