Number: 4430
Error: 1.1476216161063175e-15
A1: [0.0662131429382281, -0.11395211758715736, -0.023983988993265367, 0.07172282947111411] - [0.03740263353636299, 0.18819338988983061, -0.1474089257332155, -0.07818698913002156] - [-0.06022935521657279, 0.32895081559787737, -0.1277530939211152, -0.14096830653156284] - [0.039046149015844904, -0.0533226956741044, -0.037418600185297905, 0.0516951107049695]
A2: [-0.009108549491833087, -0.3468031575743964, 0.2494551168338016, 0.1064567074581718] - [0.08003982555697442, 0.036282256747079224, -0.050250112489196516, -0.06607195972629161] - [-0.042452814733216444, 0.23083189630253378, -0.04053124048177648, -0.14784783374735622] - [0.06813480394382489, -0.29346782450636, 0.14177126794859177, 0.08356188866862294]
B1: -5.743108847019055e-09 - 1.4663360435983862e-08 - -7.05738230785574e-09 - 3.005631760419832e-09
B2: -1.1473080465643074e-08 - 2.0531742947288093e-08 - 1.2606191463457614e-09 - 3.59348830914428e-09
