Number: 3278
Error: 6.788867041940337e-05
A1: [0.08405428114608701, -0.09677411175286768, -0.008423324780339329, 0.08779820936733891] - [-0.01616288666849349, 0.13381567659023386, -0.1990301727877436, -0.13006338625632521] - [-0.05858790631439452, 0.3315152899081261, -0.12448704422976341, -0.13795426965537338] - [0.07369450552490993, -0.018473667661961492, -0.004379158524571909, 0.08478035195139846]
A2: [0.05426524073828315, -0.28522378532412423, 0.31338624146273886, 0.17229880350593796] - [0.07469500237347654, 0.033005782866032035, -0.05737838602511513, -0.07349067376170702] - [0.019956951158824603, 0.291217672184779, 0.020241530119397035, -0.0832155254740827] - [0.11306555590419934, -0.2507758690893619, 0.18504163899357293, 0.1300360850281447]
B1: 0.02584460849090484 - -0.007888993750523349 - -0.009188713581900885 - -0.0109752240194279
B2: -0.0039006361253507505 - 0.008180480713309296 - 0.00969889109323834 - -0.00010857096237917776
