Number: 6265
Error: 8.592900719656955e-16
A1: [0.08043165216491399, -0.18046784326653198, -0.019588889454123935, 0.11962493922221383] - [0.037415553052010365, 0.1335963592536128, -0.13472621308636365, -0.036285852024223846] - [-0.0017028287817280345, 0.22819010673804524, -0.12282839239984196, -0.10365891999079314] - [0.038863212816838646, -0.11448104010404797, -0.04641646299429009, 0.1220342063540866]
A2: [0.03530748150569133, -0.02927343724623413, -0.07569731339876123, 0.06966344798065474] - [0.10289367802860373, 0.28289662800651555, -0.3926064665098495, 0.006815919936951586] - [-0.01118718954630588, 0.539014500597649, -0.3594511002589396, -0.16837655893281017] - [0.09786275922546243, 0.017463276130338545, -0.16885104876546053, 0.05352483620480582]
B1: 1.652920688771737e-08 - -2.1186860938985694e-08 - -3.197740381287985e-08 - -1.2507819403457248e-08
B2: -2.0867302269025474e-08 - -1.9224293483203674e-08 - -2.1811984048826492e-09 - -9.634077421808197e-09
