Number: 6365
Error: 1.1965029829027144e-15
A1: [0.08043172055466674, -0.18046777488452725, -0.019588821146145314, 0.11962500760415395] - [0.03741562786649567, 0.13359643401147178, -0.1347261384209472, -0.03628577725118308] - [-0.0017027875349039277, 0.2281901479839874, -0.12282835121340868, -0.10365887875497912] - [0.03886326084942347, -0.11448099220626388, -0.04641641499231096, 0.12203425435681617]
A2: [0.03530751488609856, -0.029273403773500153, -0.07569728166111162, 0.06966348291688404] - [0.10289377508445628, 0.28289672588609727, -0.39260637263872006, 0.0068160215686533555] - [-0.01118704771766099, 0.5390146432722488, -0.3594509660151207, -0.16837640948291877] - [0.09786284749381856, 0.017463364800201046, -0.16885096473974198, 0.053524928857895504]
B1: 1.6031706939234053e-09 - 3.1247971443411107e-10 - -1.3606590605278662e-08 - 7.292042131928092e-10
B2: 3.063061188698258e-09 - -2.9548586326120376e-10 - 7.188579445033533e-09 - -3.1471403693243412e-09
