Number: 2964
Error: 4.8027437135921174e-08
A1: [0.06418002651129717, -0.04712862824981591, -0.022704275320454003, 0.008594392264660565] - [0.04337915118987887, 0.19099797299169038, -0.14285529750500828, -0.09282186861427238] - [-0.12311726897519888, 0.4151916791916633, -0.10452768027265676, -0.18674119207282253] - [0.03720245374545378, 0.01936909310217303, -0.032933764329946706, -0.022852729701581677]
A2: [0.06244367028710259, -0.17467866450346553, 0.08533069024496559, 0.02297237021475581] - [0.029100101870089146, 0.20011156179597486, -0.10189973346757125, -0.12805919859150272] - [-0.09341065604299069, 0.5136816042110045, -0.22560399555034805, -0.195096053288851] - [-0.02558439973851368, 0.018859989333731494, -0.04994428477260462, 0.05731287868438752]
B1: -0.00015024265366688253 - -7.662965376989688e-06 - 0.00018775725521179862 - 0.00029792077484458413
B2: -5.0096359334475996e-05 - -0.00017164352118072395 - -0.00018095763503425905 - -7.195260841197066e-05
