Number: 1741
Error: 2.7908736854086884e-07
A1: [-0.006445180447716319, -0.0142568433806672, 0.003786078006031114, 0.02019639236810118] - [0.0651927271873392, 0.18831382413017647, -0.1484273827584399, -0.11167910080494388] - [-0.11413132728301704, 0.44025223145928405, -0.07243075148351508, -0.25976980622193524] - [-0.025114926913061896, 0.013618828799981086, -0.031745234265349975, 0.037069767282058505]
A2: [0.13355103818832745, -0.22267919786616913, 0.024604362687692807, 0.07208202133339614] - [0.03288954569013214, 0.20399029445209257, -0.11464545753918856, -0.12121489647138593] - [-0.0905339261420953, 0.5595987894120539, -0.23114518169079032, -0.22157965243597152] - [-0.019547672206061448, -0.01801106422122732, 0.00937871622672034, 0.03339945542458585]
B1: 0.0004803039414518288 - 0.0006265909192945104 - 0.00028776141837028176 - 0.0006796528160128906
B2: 0.0003537895388868202 - 0.0008329765378151897 - -0.00033965313787188907 - -0.0002344646241674415
