Number: 8704
Error: 6.378988799487553e-13
A1: [0.0804316564060968, -0.18046783902576993, -0.019588885217948156, 0.11962494346299736] - [0.037415199708567076, 0.13359600617711942, -0.13472656572575187, -0.03628620517195743] - [-0.001703061396910972, 0.22818987412768593, -0.12282862467450162, -0.10365915254391575] - [0.03886310473236976, -0.11448114788504998, -0.04641657100975542, 0.1220340983369466]
A2: [0.03530723416896835, -0.029273685266964476, -0.07569754856380671, 0.0696631891165019] - [0.10289531807192315, 0.2828982819673491, -0.39260488028014234, 0.0068176372988975106] - [-0.01118642692086783, 0.5390152677711687, -0.3594503784156797, -0.16837575532979218] - [0.09786313099908343, 0.017463649594736966, -0.16885069486026397, 0.05352522644514967]
B1: -2.847407917742e-07 - -8.978670840125457e-07 - -4.379092219507443e-07 - -2.7557275967384576e-07
B2: 3.5282848187567326e-07 - 1.3823550967423279e-07 - 3.9725420408663907e-07 - 2.7690043077531744e-07
