Number: 7830
Error: 1.241315845260586e-15
A1: [0.08043164689187839, -0.1804678485389816, -0.019588894720849882, 0.11962493394978106] - [0.03741559126706511, 0.13359639743973611, -0.1347261749474393, -0.03628581383033782] - [-0.0017028380049288658, 0.228190097515033, -0.12282840160953168, -0.10365892921152844] - [0.038863184859568446, -0.11448106798287269, -0.04641649093374209, 0.12203417841418893]
A2: [0.03530741937201944, -0.02927349955173358, -0.07569737247466822, 0.06966338295102514] - [0.10289374176400178, 0.28289669228286873, -0.3926064048658088, 0.006815986677267589] - [-0.011187062050292927, 0.5390146288541103, -0.3594509795811737, -0.1683764245858155] - [0.09786281887624768, 0.017463336052463734, -0.1688509919817756, 0.053524898818719135]
B1: -2.3069731212840448e-08 - -3.903974853858952e-09 - 7.554867482776023e-09 - -6.461401254415067e-09
B2: -1.872630388384715e-08 - 3.362087414172698e-08 - -8.598758302869222e-09 - -1.917229511564494e-08
