Number: 7873
Error: 8.138911601354406e-16
A1: [0.08043167447864828, -0.1804678209553384, -0.01958886716706846, 0.1196249615333984] - [0.03741560184769116, 0.13359640801234549, -0.13472616438790447, -0.03628580325557905] - [-0.0017028204209356406, 0.22819011509864986, -0.1228283840512852, -0.10365891163222876] - [0.03886321956036475, -0.11448103337946233, -0.04641645625506189, 0.12203421309341574]
A2: [0.03530733318162914, -0.029273585980512575, -0.07569745442349478, 0.06966329274354016] - [0.10289368264256936, 0.28289663265967435, -0.3926064620473194, 0.006815924768541173] - [-0.011187075859696003, 0.5390146149623379, -0.3594509926520933, -0.16837643913724523] - [0.09786277008320954, 0.017463287037484638, -0.16885103842964386, 0.05352484760197438]
B1: -1.6779070071605664e-08 - -8.196340218515791e-09 - 2.9119745764074048e-08 - 4.225765501669396e-09
B2: -1.0453232920466249e-08 - 2.333005328656047e-08 - -4.967459374986409e-09 - -6.464859180525939e-09
