Number: 2332
Error: 3.168354952003828e-05
A1: [0.07374389572347682, -0.040803277154127356, -0.01915922430024662, 0.015491311635497409] - [0.04299901736893348, 0.19065847423984889, -0.14344684964158366, -0.09249267435549738] - [-0.12477589868185873, 0.41438025461291256, -0.10592476394526087, -0.18774565762008114] - [0.03141829379723362, 0.01464197321411128, -0.037050480360125496, -0.028009868368065016]
A2: [0.02672620003392843, -0.2085086754445902, 0.051225321825129566, -0.012078879665600535] - [0.025625726568590905, 0.19659954345318403, -0.1054277572519081, -0.1315064820644208] - [-0.04182076906354787, 0.5632378892941521, -0.17445544791805195, -0.14570710052358948] - [-0.031193946330333774, 0.013046968113590867, -0.05477763016694684, 0.05287162490785382]
B1: -0.0005725285042479269 - 0.0020890029673538563 - -0.010620242095634759 - 0.016510136762526873
B2: 0.008176209850715096 - -0.003285334585852569 - 0.005642948505580005 - 0.0037215736855249404
