Number: 6646
Error: 9.598227168246506e-16
A1: [0.08043167625712237, -0.18046781917705612, -0.019588865390723784, 0.11962496331166798] - [0.03741561126302198, 0.13359641742056366, -0.13472615499133875, -0.03628579384546065] - [-0.0017029033789856124, 0.22819003214237502, -0.12282846688787714, -0.10365899456814483] - [0.038863273542681445, -0.11448097954862761, -0.046416402307140926, 0.12203426704218479]
A2: [0.035307437946546415, -0.029273480925856424, -0.07569735481422205, 0.06966340239126195] - [0.10289374829316875, 0.2828966988674273, -0.392606398550897, 0.0068159935142505694] - [-0.011187122215564472, 0.5390145683299934, -0.3594510365289765, -0.16837648798399493] - [0.09786279640514652, 0.017463313479143087, -0.16885101337283193, 0.05352487523139994]
B1: -1.9280573927283004e-09 - 1.9432885110766285e-09 - -8.688653293033352e-09 - -4.424736458051289e-09
B2: -2.634077193418203e-09 - 1.9328484311901078e-08 - -6.10936450138193e-08 - 3.1241171162852956e-08
