Number: 2317
Error: 2.9323919281212764e-05
A1: [0.029272167062896835, -0.08464175391035952, -0.06396132616002442, -0.027998830951927595] - [0.010773852323663183, 0.15981120888725994, -0.1761172181143987, -0.12712698597885094] - [-0.15441414663335118, 0.38631291693458014, -0.13507438974322578, -0.21547323836468887] - [0.013596316738445928, -0.0016361946351862904, -0.0535302391227938, -0.0437447148330898]
A2: [0.041413709910777016, -0.19451594068826875, 0.06702905768022197, 0.0030820700496540735] - [0.04695817843637587, 0.21702861568634674, -0.08425536110388968, -0.11078355796829915] - [-0.07332188194872129, 0.5297549150217588, -0.20676955240218392, -0.1780144807987586] - [0.009920735926959133, 0.053061886910984964, -0.013902199607491445, 0.09243461734293779]
B1: -0.016002633915590113 - 0.017105602927634144 - -0.005501803480549509 - 0.002913630120288384
B2: -0.011291935086883732 - 0.026084718096899603 - -0.008856959829285865 - -0.006828096492037733
