Number: 3089
Error: 3.3064970109481996e-06
A1: [0.06361427280309966, -0.04773224969535486, -0.0232923445991288, 0.008015611588235386] - [0.04266711095466829, 0.19030507638730457, -0.14359224596321135, -0.09360411109592738] - [-0.12332155448801954, 0.41495044305441103, -0.10475677309969819, -0.18694765908328326] - [0.036233593980016736, 0.018336417880282695, -0.0339479679593272, -0.023851308848804778]
A2: [0.060068705431039975, -0.17699176496246605, 0.08293723092163542, 0.02060323701433396] - [0.0348223363027745, 0.20573958323050737, -0.09618828053762962, -0.12245539466933301] - [-0.09528670106565576, 0.5118483339844723, -0.22748088820398815, -0.19691118770909663] - [-0.03528854123377046, 0.009234622890960352, -0.05967639458701727, 0.04786008380154738]
B1: -0.00021096657116245103 - -0.0023158525040541905 - 0.0011646071739607102 - 0.0027681686368269546
B2: -0.0008629286653182554 - -0.0015021064844369834 - -0.00033300181456060026 - -0.0006486447564343088
