Number: 1133
Error: 1.1739424349044574e-06
A1: [-0.002809907686067401, -0.010529975820420893, 0.007630932657978034, 0.023885808540322594] - [0.06411582909392456, 0.18724910746905013, -0.14955276883326366, -0.11284669492826485] - [-0.10715847515632142, 0.44718000367116134, -0.06504096013405625, -0.2522780968937608] - [-0.023296511556934286, 0.015392667745671218, -0.029715114943135407, 0.03897756859620174]
A2: [0.13400768015936065, -0.222237339443599, 0.02507465313177764, 0.07248430411969582] - [0.02665898487987015, 0.19788704389474765, -0.12085382793670754, -0.12731262871241078] - [-0.0950590313483578, 0.5552052335327118, -0.23560396260385374, -0.22613982093265625] - [-0.012142333534934243, -0.010806690209249074, 0.016763424754432335, 0.0404188316018666]
B1: 0.0009869067983684042 - -0.002678349240261908 - 0.0030422652800877795 - -0.0009005111321689543
B2: 0.0011683671602992472 - -0.001280241874777246 - 0.0009501395411723147 - 0.0008364140712509608
