Number: 9844
Error: 7.775665850576111e-16
A1: [0.053172491374683495, -0.14800132976296726, -0.026999106021522477, 0.12182776318814294] - [0.005313717264486864, 0.13083669171344944, -0.11360074632435489, -0.022549765932215065] - [-0.014444519361112506, 0.2230915780293632, -0.1270412223474733, -0.08160597579874075] - [0.027146448575358483, -0.10002004955856382, -0.049424519944218356, 0.12229810885412915]
A2: [0.08925455071720326, -0.07291328109971194, -0.12362733339864439, 0.10728647358928466] - [0.10884159320933455, 0.2498140454977123, -0.40484542243730576, 0.04618934221716889] - [0.0366356542404307, 0.4625548431734142, -0.3777177209910801, -0.12147354808076147] - [0.1434261955157105, -0.044606860121204864, -0.2014997675568413, 0.10267962128316782]
B1: -6.077516140307292e-08 - -2.7038233165233604e-08 - -1.0332688410717267e-08 - 1.477312938205712e-08
B2: -1.916508879583604e-08 - -1.2388927933114222e-08 - -2.1017963688449396e-08 - 7.072310110535072e-10
