Number: 6672
Error: 1.0350851082207622e-15
A1: [0.08043167478120006, -0.18046782065281133, -0.0195888668648813, 0.11962496183591427] - [0.037415574956300365, 0.13359638114132155, -0.13472619122571916, -0.03628583013207085] - [-0.0017028472539486052, 0.22819008826621368, -0.12282841084501471, -0.10365893845808574] - [0.038863221622056146, -0.11448103132354283, -0.04641645419468284, 0.12203421515382841]
A2: [0.03530742325636755, -0.02927349565666654, -0.07569736878145282, 0.0696633870163924] - [0.10289375538680373, 0.2828967060212674, -0.39260639169002753, 0.006816000942325114] - [-0.011187194073776876, 0.5390144960431741, -0.35945110454431495, -0.16837656370352708] - [0.09786276404059667, 0.017463280967376777, -0.16885104418177993, 0.053524841259149046]
B1: 3.6383626735302037e-09 - 2.4160018531993884e-08 - -2.1610779945942122e-08 - -6.31944852279649e-09
B2: -2.4621097976374243e-09 - 1.5354344649314498e-10 - -8.114375279482193e-09 - -2.7960915814961336e-09
