Number: 2197
Error: 7.600690333461908e-05
A1: [0.020131756392445025, -0.0684577779567978, -0.03308755119795495, 0.008158195420778908] - [0.05592199470741699, 0.1885089313229959, -0.1532049441534246, -0.1022679085627495] - [-0.17537494949890883, 0.3620386384014759, -0.15696708843522497, -0.2610036455784023] - [-0.01490422929040244, -0.0048437241197126935, -0.04465177871964199, -0.046714312596703784]
A2: [0.1696857306205757, -0.12206862157727585, 0.1824623468916125, 0.12708257871878748] - [0.04263484998788923, 0.20894525002345818, -0.09355022627376064, -0.11942000356266168] - [-0.09806624937117758, 0.5323536425504031, -0.21422846077642263, -0.20102882823730028] - [-0.17283473466965402, -0.08670169214202925, -0.14408508049187002, -0.061946238420074635]
B1: 0.01615920790275715 - -0.023539725001665734 - -0.03623020773681176 - 0.011077855075302855
B2: 0.0006817858844793724 - -0.0009013072078396835 - -0.015578579904638064 - -0.003114197626563153
