Number: 4616
Error: 9.048403185369552e-16
A1: [0.06621315435585035, -0.11395210642468448, -0.023983977584617608, 0.07172284086954309] - [0.03740260707428436, 0.18819336460710717, -0.14740895174747867, -0.0781870151465855] - [-0.06022946321593574, 0.3289507118704473, -0.12775319960292528, -0.14096841164480375] - [0.03904613584033252, -0.053322708179813674, -0.03741861293217422, 0.05169509806155091]
A2: [-0.009108638787695357, -0.34680325230328424, 0.24945502681537557, 0.10645661383636179] - [0.08003987360800077, 0.03628230851178694, -0.050250059972154114, -0.0660719067633642] - [-0.04245273281000446, 0.23083198671797048, -0.04053115268958847, -0.1478477431435017] - [0.06813477585814583, -0.29346785542992887, 0.14177123750077752, 0.08356185717941365]
B1: 4.905042611010781e-08 - 6.5518158113809826e-09 - 2.02589606850753e-08 - -6.445431140612638e-09
B2: 1.1943414467095193e-08 - 2.2890529605370277e-08 - 3.898526670869491e-08 - 2.996627116815204e-08
