Number: 8194
Error: 5.209115688642978e-16
A1: [0.08043170242903534, -0.18046779300814017, -0.01958883925016046, 0.11962498948055551] - [0.037415558935663736, 0.13359636513285617, -0.13472620721429276, -0.03628584614375166] - [-0.0017028177394682591, 0.22819011778005535, -0.12282838137375715, -0.10365890895148527] - [0.03886324194569009, -0.11448101105696075, -0.04641643388401996, 0.1220342354648163]
A2: [0.03530762869140317, -0.029273289653401976, -0.0756971734560831, 0.06966360202606992] - [0.10289381511154645, 0.2828967662528913, -0.3926063339249558, 0.006816063482756531] - [-0.011187163294318899, 0.5390145270061868, -0.35945107541101906, -0.1683765312700003] - [0.09786268853471979, 0.017463205118047914, -0.1688511160586796, 0.053524762002771044]
B1: 5.6841356681243725e-08 - 2.7357826247337763e-09 - -5.547557256337925e-09 - 5.624469115430732e-08
B2: 3.009085763301539e-08 - 1.5296803710490606e-08 - 2.174527451528746e-08 - 2.407493796490983e-08
