Number: 5570
Error: 8.755382439456464e-10
A1: [0.06628570265008826, -0.11388116076843312, -0.023911474217071155, 0.07179527737352528] - [0.03744916662995187, 0.18823786358498887, -0.14736317286711317, -0.07814123410292328] - [-0.06004850026518523, 0.3291245470366443, -0.12757609803536502, -0.14079226549291407] - [0.03920919882286175, -0.05316791615793911, -0.03726083606289893, 0.051851591737496046]
A2: [-0.009184140809739153, -0.34688334130247017, 0.2493789224307697, 0.10637746220583398] - [0.08001782406662221, 0.036258558206176, -0.05027416091184944, -0.06609620930343935] - [-0.042444471568746596, 0.23084110999824023, -0.04052231221010456, -0.14783860426418594] - [0.06812026851223835, -0.29348382297115827, 0.14175549936712273, 0.08354559389062502]
B1: -1.7425759836538788e-06 - 1.4018366446297048e-06 - 1.307857257991019e-05 - 1.3015340847926638e-05
B2: -4.0242738116515146e-05 - 5.777567566371874e-07 - -1.954903201018954e-05 - -7.115131142638743e-06
