Number: 4450
Error: 1.089842918282725e-15
A1: [0.06621313155664948, -0.11395212871439842, -0.023984000365913513, 0.07172281810863695] - [0.03740264929137515, 0.1881934049426769, -0.14740891024482994, -0.07818697364026615] - [-0.06022941472973828, 0.32895075843874455, -0.12775315215719563, -0.1409683644544174] - [0.03904615467567957, -0.05332269030199831, -0.03741859470959482, 0.05169511613620956]
A2: [-0.009108611422002845, -0.3468032232725972, 0.24945505440254914, 0.10645664252779645] - [0.08003976678773199, 0.0362821934357833, -0.05025017672061777, -0.06607202450311624] - [-0.04245281778100485, 0.23083189293880674, -0.04053124374790551, -0.14784783711809338] - [0.0681347932551119, -0.293467836275092, 0.14177125636100144, 0.08356187668461484]
B1: 1.905516628868605e-08 - -1.9303488232394263e-08 - 3.7925628249726e-09 - 1.2455412798459514e-08
B2: -2.9013770303052107e-08 - 2.8131942742777268e-08 - 1.9225079309067553e-08 - -4.284579648218864e-09
