Number: 516
Error: 2.4531951144914653e-13
A1: [-0.012151964441175932, -0.014515701966223711, 0.01808886331163624, 0.008584624821940036] - [0.0658353725112551, 0.18949539277244834, -0.14532242852133412, -0.11000840811852108] - [-0.09628962670723401, 0.42178942170062894, -0.053453592481047196, -0.2720317179078587] - [-0.0013185032494554872, -0.018216362597019597, -0.0038319205132860395, 0.023380207625377167]
A2: [0.16158700501652795, -0.16775449440771353, 0.008501612377704327, -0.00233279241408267] - [0.0354856050623181, 0.20751660521457596, -0.11721054218278444, -0.1257921454365696] - [-0.08621381585608032, 0.5815378561618894, -0.23538899049575085, -0.25993583260550585] - [-0.0038349438698362997, -0.004519266767446378, 0.00111028007059751, 0.007243415181360934]
B1: -2.608094270713038e-07 - 1.6868023627540562e-07 - -4.880996842990682e-07 - -2.3382876125042566e-07
B2: 1.2013930056521489e-06 - 1.4225592914018163e-07 - -8.710442097802931e-07 - -1.0367225821578627e-06
