Number: 7891
Error: 1.2939616176353771e-15
A1: [0.08043166984846928, -0.1804678255849935, -0.01958887179171307, 0.11962495690374728] - [0.03741556572394771, 0.1335963719159433, -0.1347262004396656, -0.036285839359309686] - [-0.0017028231486200646, 0.2281901123710236, -0.12282838677497618, -0.10365891435918533] - [0.03886321231414449, -0.11448104060534756, -0.04641646349666629, 0.12203420585169833]
A2: [0.03530741247147257, -0.029273506471368685, -0.07569737903561866, 0.06966337572885456] - [0.10289369732350201, 0.2828966474652036, -0.3926064478481037, 0.006815940141608869] - [-0.011187141055834812, 0.53901454937734, -0.359451054361743, -0.1683765078365987] - [0.09786276748973778, 0.017463284432215818, -0.168851040898464, 0.05352484487967659]
B1: 1.036884382913451e-08 - 6.892152044824908e-09 - 2.461614391086148e-09 - 7.068149203929353e-09
B2: -4.03887180376709e-09 - 3.47995305149873e-08 - -4.953578976847289e-09 - 2.821835228304495e-09
