Number: 8223
Error: 9.273886827683643e-16
A1: [0.0804316699132347, -0.1804678255202585, -0.019588871727084033, 0.1196249569684647] - [0.03741558461011861, 0.13359639078788133, -0.1347261815909896, -0.036285820483513] - [-0.001702823333130622, 0.22819011218651267, -0.12282838695922955, -0.10365891454365564] - [0.03886321641749898, -0.1144810365135118, -0.046416459395946436, 0.12203420995248773]
A2: [0.03530759269094717, -0.029273325753415163, -0.07569720768490967, 0.06966356434774733] - [0.10289371065076382, 0.28289666090556737, -0.39260643495814807, 0.0068159540971925595] - [-0.01118717669505708, 0.5390145135255167, -0.3594510880951409, -0.16837654539079347] - [0.09786280297929195, 0.01746332008315959, -0.1688510071146698, 0.05352488213209863]
B1: 5.049997043343001e-08 - -1.5731619916566301e-09 - -3.0596347101658254e-08 - -1.4083985299299983e-08
B2: -2.53857235791943e-09 - 7.938590022819818e-09 - 6.421392565789682e-09 - -1.956665865172945e-09
