Number: 4553
Error: 6.201474036310124e-16
A1: [0.06621309872805481, -0.11395216080938507, -0.023984033168748278, 0.07172278533511413] - [0.037402521033992976, 0.18819328240143424, -0.14740903633167768, -0.07818709973827699] - [-0.06022942540767322, 0.32895074818321607, -0.12775316260596403, -0.1409683748468797] - [0.03904613630019589, -0.053322707743328854, -0.03741861248727977, 0.05169509850284279]
A2: [-0.009108574286162206, -0.3468031838773063, 0.249455091838791, 0.10645668146266815] - [0.08003983809318399, 0.03628227025217033, -0.05025009878782105, -0.06607194590859972] - [-0.04245292223844257, 0.23083177765322788, -0.040531355688458406, -0.14784795264395395] - [0.06813471938530481, -0.2934679176089122, 0.14177117627888294, 0.08356179386300182]
B1: -3.0214709134405745e-08 - -2.2545035061442052e-08 - -1.4141964003330302e-08 - 1.2371616681906895e-08
B2: -2.5243991219735985e-08 - -4.258143678027704e-08 - 3.150244692672747e-08 - -6.973205530875282e-09
