Number: 8069
Error: 1.1407524762883923e-15
A1: [0.08043170853984805, -0.18046778689799234, -0.019588833146605245, 0.11962499559070562] - [0.037415583717293116, 0.13359638989568326, -0.13472618248211937, -0.03628582137590835] - [-0.0017028079457774398, 0.22819012757354423, -0.12282837159439265, -0.1036588991603992] - [0.03886325258899733, -0.11448100044351299, -0.04641642324747475, 0.12203424610152293]
A2: [0.035307511478624695, -0.02927340719040554, -0.07569728490073611, 0.06966347935041607] - [0.10289375584390566, 0.28289670648225856, -0.3926063912478929, 0.006816001420956664] - [-0.011187142814029426, 0.5390145476086444, -0.3594510560259296, -0.1683765096892564] - [0.09786282942532548, 0.01746334664950171, -0.1688509819397142, 0.053524909891783296]
B1: 3.059453103094011e-08 - -4.368212659093402e-09 - -1.3525678996033242e-08 - -1.1392726135996764e-09
B2: 1.0851462135710222e-08 - -6.08782511130565e-09 - 7.954890583068755e-09 - 1.8641547170656495e-09
