Number: 1233
Error: 5.566443289948301e-08
A1: [-0.007806717026722561, -0.015616711600810065, 0.002356634943099767, 0.018818063262081245] - [0.06649270378637705, 0.18956346559819476, -0.14708075333206774, -0.1102338443901504] - [-0.11260210794836466, 0.44177089373606343, -0.07080013028392904, -0.2581188137849033] - [-0.022854033255120625, 0.01585295585849096, -0.029402894719765017, 0.039452579628106506]
A2: [0.13229051244085932, -0.22393394206940515, 0.02335871402777713, 0.07084930192304621] - [0.03330282466049411, 0.20439567842115314, -0.11423452162620673, -0.12081560705650031] - [-0.0928743732677116, 0.5572655962817822, -0.23348582652520797, -0.223916060611843] - [-0.019689192226963668, -0.018153896355283753, 0.009247149895790868, 0.03327808039631287]
B1: -9.586705640574221e-05 - 0.0008395567692714315 - -0.00011427633567169933 - -0.00033753895025309026
B2: 0.00010391265209003661 - 0.00010551373856034505 - 0.00027477243683147155 - 0.000551369035023631
