Number: 8325
Error: 8.288241363175534e-16
A1: [0.08043164841897604, -0.18046784701207866, -0.019588893195646516, 0.11962493547665562] - [0.03741563879518829, 0.13359644493194286, -0.1347261275138681, -0.03628576632843594] - [-0.0017028277013241891, 0.22819010781841326, -0.12282839132102338, -0.10365891891067733] - [0.038863191404538075, -0.11448106145627514, -0.046416484392974994, 0.1220341849550641]
A2: [0.035307574711958736, -0.02927334378211475, -0.0756972247791103, 0.0696635455307942] - [0.1028937201600934, 0.2828966704956175, -0.392606425760833, 0.00681596405484057] - [-0.011187123731914649, 0.5390145668045372, -0.3594510379642856, -0.16837648958178866] - [0.09786269942033711, 0.017463216053151417, -0.16885110569628592, 0.05352477342912071]
B1: 1.837351026093057e-08 - -2.2559852660472075e-08 - -1.832682968224367e-08 - -3.6806582184122515e-08
B2: -2.9305824757672442e-08 - 2.9188527327586772e-08 - -2.1631020817219482e-08 - -2.7303712016257406e-08
