Number: 8233
Error: 1.09730742566086e-15
A1: [0.08043163888910629, -0.18046785654087347, -0.019588902714117076, 0.11962492594787967] - [0.03741561470327556, 0.13359642085826479, -0.1347261515577899, -0.03628579040702313] - [-0.0017028115193862302, 0.22819012400000607, -0.12282837516278099, -0.10365890273306319] - [0.038863184986404016, -0.1144810678564008, -0.04641649080701352, 0.12203417854092734]
A2: [0.03530731517457081, -0.029273604037333343, -0.07569747154446874, 0.06966327389730581] - [0.10289372660401513, 0.2828966769942118, -0.39260641952835773, 0.0068159708025561875] - [-0.01118702770655256, 0.53901466340264, -0.3594509470739953, -0.16837638839672053] - [0.09786280092795314, 0.01746331802248987, -0.1688510090674152, 0.053524879978864695]
B1: -5.646987472604472e-08 - 1.1458679816996051e-08 - 2.1060525487924634e-08 - 1.1717290717672658e-08
B2: -2.79749707101233e-08 - 1.7132671482743416e-08 - 1.5868378266405545e-08 - -2.5291411676628758e-08
