Number: 1800
Error: 7.182450752084991e-08
A1: [-0.009495582427967867, -0.01732101362154896, 0.0006330070534363431, 0.017058624129149092] - [0.06682611624743197, 0.18988989654890903, -0.1467382844534133, -0.10986194339911393] - [-0.11193819501213584, 0.4424420072181895, -0.07016039914921895, -0.25739189957569764] - [-0.022069192148656123, 0.016657929318343114, -0.02867372577082115, 0.04029316531776205]
A2: [0.13109727030735338, -0.22512583692316157, 0.02220398691126552, 0.06969667618603072] - [0.03261614282211032, 0.20372677167210693, -0.11491805675859051, -0.12148305357495534] - [-0.09325089298425698, 0.5569221138958824, -0.23376871158537973, -0.22417274334604545] - [-0.022130839621503536, -0.02059494113129688, 0.0068198291238987085, 0.030915894455374383]
B1: 0.00016165374556156913 - -0.00013708471549679798 - -0.00020967972170226362 - -0.00010658514282017178
B2: 0.00010187487805474979 - 4.604517542875392e-05 - 0.0002898591472817844 - 0.0001710272930470309
