Number: 435
Error: 5.928762359400693e-12
A1: [-0.012151186327184243, -0.014514902596880843, 0.018089723646332448, 0.00858545647852055] - [0.06584284607833067, 0.18950258206846088, -0.145314701464839, -0.11000008708868009] - [-0.09630738689163963, 0.4217722571012306, -0.05347286416946748, -0.2720524091853099] - [-0.0013327213069395751, -0.018230036000517327, -0.0038470548879085973, 0.0233637741581578]
A2: [0.16158833740471304, -0.16775318721138371, 0.008502918235912905, -0.002331493184750629] - [0.03548169547631462, 0.20751275844531974, -0.11721443536136845, -0.12579597000635065] - [-0.08621882578302291, 0.5815329490225518, -0.23539386510537114, -0.25994071786508055] - [-0.0038282357098297845, -0.004512670051598772, 0.001116919778979562, 0.007249833318948628]
B1: 1.5347378268359433e-06 - 2.9091096278354884e-06 - -1.3717235959350832e-06 - 1.1128099574596045e-06
B2: -1.869395587091113e-07 - 8.382062274139372e-06 - -2.5775510898025413e-06 - -1.691602615882967e-06
