Number: 9862
Error: 1.1880368061383579e-15
A1: [0.05317256042363604, -0.14800126068863428, -0.026999037048674183, 0.12182783227039405] - [0.005313761170720626, 0.13083673566572648, -0.11360070242477172, -0.022549721964067706] - [-0.014444485996205314, 0.223091611406492, -0.12704118900897496, -0.08160594242192287] - [0.027146435530196224, -0.10002006260370433, -0.04942453301689703, 0.12229809577581803]
A2: [0.08925443592277443, -0.0729133956286842, -0.12362744560668329, 0.10728635737942153] - [0.10884176358316816, 0.24981421590160677, -0.4048452554380436, 0.046189515457604684] - [0.03663592797637788, 0.4625551154850473, -0.3777174539206212, -0.12147327150573319] - [0.14342650387280698, -0.044606552912609086, -0.20149946647282624, 0.10267993421508724]
B1: 3.2414114606072096e-08 - 1.3056799268142725e-08 - 2.479498293479693e-09 - -5.683010992256353e-09
B2: 8.805262861657443e-09 - 6.80703170151437e-09 - 5.603443040842153e-10 - -5.075617215943735e-09
