Number: 649
Error: 1.947434017497105e-14
A1: [-0.012153227946551166, -0.014516999713571739, 0.018087466756744275, 0.008583274616922692] - [0.06583534057892643, 0.18949536205541648, -0.14532246153613837, -0.11000844367158548] - [-0.0962930999243172, 0.42178606488872167, -0.053457361347464746, -0.2720357643865479] - [-0.001322342124954746, -0.018220054514402558, -0.003836006879057144, 0.02337577051904854]
A2: [0.1615869368095239, -0.1677545613326494, 0.008501545537592711, -0.0023328589211343937] - [0.0354856798622258, 0.20751667881126432, -0.11721046769707119, -0.12579207226564743] - [-0.08621367393527775, 0.5815379951740037, -0.23538885240163088, -0.2599356942140885] - [-0.0038344126631659034, -0.004518744390929144, 0.0011108058368009242, 0.007243923404040926]
B1: 3.342400411633067e-08 - 1.9366966759783974e-07 - 1.0804927720958667e-07 - -3.414432399523024e-08
B2: -4.4917980162966425e-09 - 1.5447586384192372e-07 - 2.6117689092504204e-07 - 2.4908391031750686e-07
