Number: 1675
Error: 5.1124256289238846e-08
A1: [-0.00820193325778445, -0.016019763118776, 0.001943530153575279, 0.01840129478036934] - [0.0679021264881106, 0.19091902099518165, -0.14562463507686213, -0.10866595621540266] - [-0.11493388491816273, 0.4394704846309103, -0.07324163274869241, -0.2606542220344977] - [-0.025294481163191166, 0.01344621152261146, -0.03189865700965164, 0.0368693610761102]
A2: [0.13128054687547955, -0.2249298573183531, 0.02235866382226411, 0.06985423891464566] - [0.03264434650461045, 0.20374736763059664, -0.11489070146245721, -0.12145826527766208] - [-0.09458923465057545, 0.5555773179310356, -0.23516897177919818, -0.22560679489403412] - [-0.022237719122441577, -0.02067607856291785, 0.0067144709784395015, 0.03082019958189304]
B1: 0.0001886295514116735 - 0.0005336817853276018 - 0.0003473852506100633 - -0.00014701585114337812
B2: 0.00011929509825379112 - 0.0009646426103808607 - 2.9097633382913347e-05 - -8.078908671060018e-05
