Number: 1578
Error: 1.2232478356369072e-07
A1: [-0.00572526424530323, -0.013517730349002844, 0.004517342300909223, 0.02095603895910538] - [0.06601652065141891, 0.18910476199348042, -0.14757257959515122, -0.11076368651721392] - [-0.11216740222454773, 0.44219494385853664, -0.07035385161450176, -0.2576472181688367] - [-0.02180301840354773, 0.016881490978372785, -0.02833743518929527, 0.04056520724740494]
A2: [0.13135364057007767, -0.22485801000217756, 0.02243741461014482, 0.06993127386620726] - [0.03259950751324503, 0.2037032077069248, -0.11493463771319391, -0.12150309260095617] - [-0.09436328508568323, 0.5557954920003647, -0.23494707095587458, -0.2253804405091636] - [-0.021160427220483117, -0.019605157329034537, 0.0077863676448067754, 0.03185904521844765]
B1: 5.801005182827493e-05 - -6.741715245433466e-05 - 2.1720971196324156e-05 - 1.4786393173853342e-05
B2: -0.00079537448585586 - 0.0002645837146845553 - 0.0003678219753813695 - -0.0004267311957002663
