Number: 7323
Error: 1.0588997371874493e-15
A1: [0.08043168381558904, -0.18046781161944622, -0.01958885784129308, 0.11962497086927146] - [0.03741558953947996, 0.13359639571346504, -0.13472617667159173, -0.03628581555696785] - [-0.001702825454713768, 0.22819011006498444, -0.12282838907769364, -0.10365891666466555] - [0.03886323634301037, -0.11448101664390482, -0.04641643948311265, 0.12203422986563098]
A2: [0.03530752938906778, -0.029273389230419385, -0.07569726787180472, 0.06966349809573237] - [0.10289366102563008, 0.2828966108592504, -0.39260648295493283, 0.006815902132421534] - [-0.011187219956859859, 0.539014470005707, -0.35945112904329046, -0.1683765909773607] - [0.09786283354406448, 0.01746335078699012, -0.16885097801897722, 0.05352491421515878]
B1: 4.303843577911374e-08 - -3.0609149847891095e-08 - -3.4690776466686114e-08 - -1.0191091370731117e-09
B2: -8.067586225328798e-09 - -4.79216845945772e-09 - -1.1108442828755858e-08 - -4.856241962024236e-09
