Number: 946
Error: 1.6941346676701534e-07
A1: [-0.012497975483691231, -0.014871264162052337, 0.01770626553225804, 0.008214654212459899] - [0.06570964751201253, 0.18937442645136304, -0.14545241354908944, -0.11014840695396501] - [-0.09688896956772673, 0.42120989688539684, -0.05410420137556832, -0.2727303714010377] - [-0.001910462498591122, -0.01878580626315887, -0.004462235136777744, 0.022695820300261946]
A2: [0.16175743255730698, -0.1675870874492171, 0.008668760203452154, -0.0021663467985475627] - [0.035542327786199444, 0.2075724344196168, -0.11715401404312528, -0.12573660374395598] - [-0.0863444223011569, 0.5814100804912486, -0.23551594788006522, -0.2600630067444213] - [-0.004129748596598191, -0.004809065574252509, 0.0008185421555564679, 0.006961395382765969]
B1: 9.193379997867162e-06 - 0.0001967235014907589 - 6.345173080926473e-05 - 0.00014474806177416908
B2: -0.00025032932502711794 - -8.393340416540395e-05 - -0.00042035451680920893 - -0.00033754760012721994
