Number: 5851
Error: 8.805946993689911e-07
A1: [0.08232204652688241, -0.17858624190153802, -0.01769531909118761, 0.12151760759024857] - [0.04187291659747479, 0.13804502922100773, -0.13027785596276706, -0.031831189092330577] - [-0.001598234052922906, 0.22829059828144083, -0.12271890191152827, -0.10355188739323895] - [0.03841236436480685, -0.11493800674801755, -0.046856714589701504, 0.1215889173590747]
A2: [0.03278297061493394, -0.03181221810687073, -0.07809236263041702, 0.06703039027281159] - [0.10358392050203975, 0.2835765380939929, -0.3919454632149688, 0.007545610519264294] - [-0.014350566615821894, 0.5358316002495735, -0.36243516167403145, -0.17170296636110666] - [0.09520256624486886, 0.014787482782147652, -0.17137669655194962, 0.050739082474781816]
B1: -0.0004600107336234445 - 0.0024246429086783408 - -0.0018240688175927822 - -0.0010279957073751735
B2: 0.0006808683922878444 - 5.0744926768646716e-05 - 0.00010932763964146202 - 0.0005011474767208366
