Number: 966
Error: 0.00011061000945963642
A1: [-0.02477967937054345, -0.027464277942357243, 0.004142350562719343, -0.004879535521067147] - [0.06352132817476637, 0.18727102644737553, -0.14771473735386606, -0.11258283664050239] - [-0.11292421506239561, 0.4057361896041291, -0.07148781670249621, -0.2913617708956068] - [-0.016823788614773943, -0.03310413306506344, -0.02032210694690912, 0.0055102038245294915]
A2: [0.16129509875164297, -0.16805550464323407, 0.008210439396309183, -0.002612349017637203] - [0.03602609787387232, 0.20804571413162876, -0.11667302170018216, -0.12526240946434844] - [-0.08432123154860982, 0.5833872566343753, -0.2335518818334339, -0.25808809975542135] - [-0.0023222241800367176, -0.0030254300042448596, 0.002604464746091163, 0.008689557597539586]
B1: 0.007813805075688334 - 0.008462921734943365 - 0.0063496903118752755 - 0.0036091272641308675
B2: -0.003601918849060033 - -0.005728104653335155 - -0.001821580281268876 - -0.0023570247069452915
