Number: 2623
Error: 2.5698755552376246e-08
A1: [0.06440471852225607, -0.04690290396729726, -0.02248017250431475, 0.008821569905038998] - [0.04378428669063157, 0.1913884090206956, -0.14243826920143862, -0.0923771173737971] - [-0.12222112751741424, 0.41608866905556224, -0.10362084110401473, -0.18583731967554978] - [0.03802556096375305, 0.020195614088601755, -0.032107679946171266, -0.022030315791316597]
A2: [0.06425671840051037, -0.17287854655682255, 0.087142764564574, 0.024765133889484692] - [0.029901551691911173, 0.20090107308089325, -0.10110092190657143, -0.1272747134143389] - [-0.09261692022887535, 0.514460282314204, -0.22481315365127175, -0.1943299833251781] - [-0.02569999275318277, 0.018749980480597606, -0.05006494239786625, 0.05719706359685223]
B1: -0.00017821589943037505 - -0.00011121061178933001 - -4.9702264339749105e-05 - 6.844295658882231e-05
B2: 3.9198376158590306e-05 - 0.00014696901200207554 - -2.5705138065598893e-06 - 8.20175777826782e-07
