Number: 6005
Error: 1.6075127447163318e-12
A1: [0.08043042857201085, -0.18046906671345894, -0.01959011155463647, 0.11962371578797164] - [0.03741938662114013, 0.13360018989497585, -0.13472238720730048, -0.036282020605171945] - [-0.0016991463438595586, 0.2281937891241991, -0.12282471528225915, -0.10365523849959346] - [0.03886399806997901, -0.11448025703138774, -0.04641567818767705, 0.122034991148216]
A2: [0.03531645737386501, -0.029264436564166493, -0.07568877923007651, 0.06967284223465398] - [0.10289767789500523, 0.28290066178939094, -0.3926025979023467, 0.0068201083850692595] - [-0.011188137381424938, 0.5390135471711767, -0.3594519974286198, -0.16837755770776142] - [0.09786544678472711, 0.017465975945375987, -0.1688484903766962, 0.053527657281186615]
B1: 4.099899725947257e-06 - -4.297302779214062e-06 - 1.303362357892884e-06 - 1.7066789667852443e-06
B2: -3.644479858375113e-07 - 4.5301449836668405e-06 - -9.495132295578412e-07 - 3.693922892605394e-08
