Number: 9242
Error: 2.9392355751315306e-08
A1: [0.05302957516292638, -0.14814512354845552, -0.02714238160113079, 0.1216850677652898] - [0.004436228783659612, 0.12995843710663188, -0.11447789849477816, -0.023428106649731016] - [-0.015008319340351675, 0.22252741586899621, -0.1276046155132724, -0.08216957343742494] - [0.027080776825260146, -0.10008675874922557, -0.04949116805887004, 0.1222327851151759]
A2: [0.0889604583348531, -0.07320546737606302, -0.12391402718252545, 0.10698883478737879] - [0.10906682507458472, 0.2500389006101348, -0.40462482464656635, 0.046418606872621906] - [0.036750421706843533, 0.46266870954193395, -0.37760569293273355, -0.12135711335700676] - [0.14269311625089218, -0.04533612325419183, -0.20221470725596696, 0.10193560164112125]
B1: 0.00013221951773014753 - 9.961849283270254e-05 - -0.00017073610832382728 - 9.803682812585376e-05
B2: -0.00018543072179988488 - 0.0002633872095502574 - -0.00021267827959881402 - -0.00031390707632637284
