Number: 7388
Error: 1.0086254446228018e-15
A1: [0.08043170675283687, -0.18046778868479912, -0.019588834931477245, 0.11962499380389828] - [0.03741551803463088, 0.1335963242627356, -0.1347262480339638, -0.03628588702220655] - [-0.0017027990961783787, 0.22819013642295383, -0.12282836275775871, -0.1036588903131663] - [0.038863170602667606, -0.11448108219975701, -0.046416505181565315, 0.12203416416614654]
A2: [0.03530739325340562, -0.029273525742595893, -0.07569739730792732, 0.06966335561507828] - [0.10289378321934953, 0.28289673409003474, -0.39260636477073607, 0.006816030087060147] - [-0.011187008282540932, 0.5390146829425561, -0.3594509286888376, -0.16837636792885824] - [0.09786283369022986, 0.017463350933821842, -0.16885097787983563, 0.05352491436858405]
B1: -3.5674981429384874e-08 - -6.108805321885408e-09 - 1.0689228087375694e-08 - -6.8423421248996775e-09
B2: 2.141895251808331e-08 - -4.438529644695275e-08 - 2.573531319746766e-08 - -3.47662554864245e-08
