Number: 6700
Error: 8.099341708598307e-16
A1: [0.0804316684849613, -0.1804678269483369, -0.01958887315359178, 0.11962495554039455] - [0.03741556524481889, 0.13359637143719044, -0.1347262009178505, -0.03628583983817285] - [-0.001702832858036184, 0.22819010266181886, -0.12282839647017979, -0.10365892406601515] - [0.03886320158153904, -0.11448105130781826, -0.04641647422243038, 0.12203419512576659]
A2: [0.03530742694112495, -0.029273491961717576, -0.07569736527803327, 0.06966339087289154] - [0.10289377067442154, 0.28289672143863304, -0.3926063769040447, 0.006816016950697113] - [-0.011187153739996417, 0.5390145366175288, -0.35945106636752405, -0.16837652120240346] - [0.09786277705292501, 0.017463294038893858, -0.16885103179488833, 0.05352485491786082]
B1: -8.958019661949696e-09 - 4.93164382083661e-09 - -2.562755325181269e-08 - -1.4277340864677445e-08
B2: -6.989452631727192e-09 - -1.1272783561570759e-08 - -1.261233428832258e-09 - -1.5432698936228127e-08
