Number: 5026
Error: 8.60053390462057e-16
A1: [0.06621317793392172, -0.11395208337345933, -0.023983954025013965, 0.07172286440808204] - [0.037402638983972114, 0.18819339509468166, -0.14740892037778588, -0.07818698377412149] - [-0.060229398410647984, 0.3289507741123442, -0.12775313618825615, -0.14096834857122978] - [0.039046201072815326, -0.053322646263495456, -0.0374185498218072, 0.051695160659457486]
A2: [-0.009108717815921404, -0.3468033361396054, 0.24945494714778613, 0.10645653097986674] - [0.08003981020002426, 0.036282240203289434, -0.050250129273356724, -0.06607197665303532] - [-0.04245284596048025, 0.23083186183830584, -0.04053127394595055, -0.147847868283482] - [0.06813475057312059, -0.2934678832697396, 0.14177121008949867, 0.08356182883031413]
B1: -3.9116066150391605e-08 - 2.760342632005085e-10 - 8.26130600612323e-09 - 2.708477473860934e-10
B2: -7.615673218962734e-09 - -2.2372245227232634e-08 - 2.0079311877126348e-08 - -1.901444181708828e-08
