Number: 2941
Error: 9.218629052947797e-09
A1: [0.0642255460749614, -0.047082722578536705, -0.022658992708990775, 0.008640328609327196] - [0.044333511965856665, 0.19191978094534087, -0.14187237382312168, -0.0917719343861791] - [-0.12351168355040609, 0.4147952445149251, -0.10492636471754843, -0.18713964991291906] - [0.03680259988340517, 0.018966520682800594, -0.033334448110794404, -0.02325234472665984]
A2: [0.06320849928905033, -0.1739192752801133, 0.08608836758393999, 0.023724304735696453] - [0.02945417405683656, 0.20046016573558287, -0.10154690107688832, -0.1277128011220304] - [-0.09272199600685742, 0.5143563610875974, -0.22491644429689558, -0.19443161207443654] - [-0.0257382032015658, 0.0187068170320313, -0.050097774225800196, 0.057162823896138956]
B1: -0.00039473834948988115 - -4.870665318161156e-05 - 6.954200784996546e-05 - -2.4133579520982113e-07
B2: 3.723731526981119e-05 - -2.782869669423704e-05 - -0.0002039582006175445 - -2.0264500245726137e-07
