Number: 6801
Error: 9.75020578310473e-16
A1: [0.08043167287825514, -0.18046782255553942, -0.019588868765552013, 0.11962495993318628] - [0.03741557039393627, 0.13359637658241127, -0.13472619577899314, -0.03628583469190786] - [-0.0017028468767733252, 0.22819008864338144, -0.12282841046839192, -0.10365893808101119] - [0.03886321307565366, -0.11448103984596, -0.0464164627356403, 0.12203420661273733]
A2: [0.03530739722065004, -0.02927352176439626, -0.07569739353587882, 0.06966335976718648] - [0.10289364767980497, 0.2828965974001462, -0.3926064958628238, 0.00681588815734809] - [-0.011187100832294147, 0.5390145898408025, -0.3594510162892431, -0.1683764654516997] - [0.09786277118943229, 0.01746328814872932, -0.1688510373765549, 0.05352484876310201]
B1: -7.413652034497299e-09 - -2.965415463315524e-08 - 5.679722137753121e-09 - -4.55367981455489e-09
B2: -6.108917000806187e-09 - -1.2094138508251075e-08 - -1.2749361294786094e-08 - -1.0602318168546485e-08
