Number: 3005
Error: 5.1670581275762616e-08
A1: [0.06336835690285125, -0.04793599819113976, -0.023507880854831596, 0.0077884269677910775] - [0.04317943075637585, 0.19080520384630517, -0.14306013257445993, -0.09304060474259371] - [-0.12301581858080732, 0.41529493898447534, -0.10442322656129605, -0.18663639320756356] - [0.03622006141068298, 0.0183855545398381, -0.03391573270488378, -0.023832148589792025]
A2: [0.06307127304320391, -0.17405655759025948, 0.08595692932247485, 0.023590437098098903] - [0.029277710146814736, 0.2002867395569245, -0.10172269891265355, -0.12788574265904368] - [-0.0930797824199175, 0.5140046997781114, -0.22527440328918721, -0.19477650650274778] - [-0.025406497787164934, 0.019033033156176726, -0.049771304527223885, 0.057484764436923644]
B1: -3.959145846188333e-05 - 0.0001450482612225025 - -0.0002929141062448215 - -0.000303693293642967
B2: -5.656375965414862e-05 - 0.0001883715729052107 - -0.00012296985422752816 - 0.000223072833271858
