Number: 9166
Error: 2.2600440977343141e-07
A1: [0.049734458624371106, -0.15144480011331843, -0.030457820347308973, 0.11840290622500041] - [0.004478444122600658, 0.12999285580795567, -0.11446776960360466, -0.023384134704890428] - [-0.017107007324030386, 0.22044520714789134, -0.12970299482275566, -0.08423848740632596] - [0.025800772017123892, -0.1013681205506613, -0.05078665771810161, 0.12096129843770145]
A2: [0.0902402112397896, -0.07195651824663285, -0.12264873312934382, 0.10829009660276388] - [0.10882428360077552, 0.249795839628, -0.40486499757949496, 0.046174112289887104] - [0.03588011589416915, 0.4617950410660947, -0.3784659057369616, -0.12224406662160558] - [0.14480798593904828, -0.043216225942510456, -0.20014301619809768, 0.10409028762787102]
B1: -0.0006125618286471127 - -0.00038247516410446457 - -0.00016719827114011965 - -0.000640599635152678
B2: -1.3490005884089827e-05 - -0.001450739727458984 - -0.0006305012831434853 - -0.00016880355380475878
