Number: 4853
Error: 1.5154936609703315e-15
A1: [0.0662131024667343, -0.11395215715423507, -0.023984029432989287, 0.07172278906753148] - [0.037402549397752324, 0.1881933095010967, -0.1474090084479246, -0.07818707185204696] - [-0.06022950530695956, 0.3289506714442813, -0.12775324079071215, -0.14096845261107865] - [0.039046227802517076, -0.053322620892670966, -0.03741852396171887, 0.051695186309566675]
A2: [-0.009108516147610955, -0.34680312220149806, 0.2494551504477207, 0.10645674241772742] - [0.08003990677040888, 0.03628234423717481, -0.05025002372753435, -0.06607187021099435] - [-0.04245275514061291, 0.23083196207251017, -0.04053117661995425, -0.14784776784037196] - [0.06813496777155821, -0.29346764412532467, 0.14177144555311652, 0.08356207234926315]
B1: -2.8337617036784833e-08 - 3.1931784128338324e-08 - -1.3734741685255667e-09 - 5.299542152675625e-08
B2: -5.9957191453632906e-09 - 2.8482380347513132e-09 - -3.149975185552677e-08 - 3.846677534703374e-08
