Number: 9893
Error: 6.275075901896715e-16
A1: [0.05317251513648486, -0.148001305992423, -0.026999082285896436, 0.12182778696141319] - [0.005313692949143885, 0.13083666737261698, -0.11360077063599909, -0.022549790281835836] - [-0.014444476099398496, 0.2230916213069198, -0.12704117912000734, -0.08160593252158851] - [0.02714640665628138, -0.10002009147758292, -0.049424561951734586, 0.12229806682851804]
A2: [0.08925448673929956, -0.07291334492966578, -0.12362739593508847, 0.10728640882251678] - [0.10884168944895724, 0.2498141417543177, -0.40484532810389123, 0.04618944007605927] - [0.03663577261848226, 0.4625549609355158, -0.37771760549554967, -0.12147342847493936] - [0.14342633257506068, -0.044606723572340135, -0.20149963373025445, 0.10267976037595539]
B1: -4.298681868606178e-09 - 1.3017579521303407e-08 - 2.3907118232963106e-08 - 2.3821431118274824e-08
B2: 1.173608004971433e-08 - 2.4613939752102645e-08 - 7.641454400993293e-09 - 1.920833799947184e-08
