Number: 2189
Error: 0.0005623383950201534
A1: [0.05121976830029508, -0.03483071638265083, 0.0014273345553809397, 0.04217445558170589] - [0.074205387596323, 0.2060279332318938, -0.134649534849414, -0.08202128705196843] - [-0.1425986341556813, 0.4011282449003436, -0.11442474835307725, -0.22605771090526147] - [-0.02097904678190294, -0.0024825093010715817, -0.04065341895464347, -0.04616680088576316]
A2: [0.09525230291629315, -0.2005851061544305, 0.11952456338358891, 0.059231404314328655] - [0.023345038489795075, 0.19012524984574475, -0.11192427411755194, -0.13794002343105136] - [-0.09106789193560264, 0.5414528023296554, -0.21069714780387375, -0.19423042964423337] - [0.06614534573287438, 0.15262095233294193, 0.09085590063657778, 0.16592119780001738]
B1: -0.0025743212351228787 - 0.01941332493942906 - 0.006721587461286661 - -0.025463174484082855
B2: -0.017214419693017426 - -0.02259808325467757 - -0.012898761720834744 - -0.027531214658916777
