Number: 221
Error: 1.056369560797724e-06
A1: [-0.007385344000654289, -0.009646544189780205, 0.023344880848907658, 0.013678224642375782] - [0.0695741113646206, 0.19308707967928185, -0.14145642723254306, -0.10584450210696782] - [-0.09430617267282512, 0.4237344308239724, -0.0512831908870285, -0.26970145772533777] - [-0.005800346905711696, -0.02255916206469067, -0.008623691735802762, 0.01815374465301781]
A2: [0.16192348245595944, -0.167416185695579, 0.008871197156140221, -0.002042215842349841] - [0.04126841574943361, 0.2132129924478615, -0.11144711137576614, -0.12013769619369596] - [-0.0860947958734647, 0.5816442531079601, -0.23527571493830207, -0.2598572226102414] - [-0.0037029692575864066, -0.004385781369180447, 0.0012502511358301273, 0.007359714932455195]
B1: 7.613259676630699e-06 - -0.0015154759107295838 - -0.00032673686601275597 - -0.00015369470132719202
B2: -0.0036939582712454443 - -0.0005679956599890972 - 0.0024833741701594933 - -0.000945051642694812
