Number: 4387
Error: 9.656448995713122e-16
A1: [0.06621313835378224, -0.11395212206915849, -0.023983993574117145, 0.07172282489436871] - [0.03740264161318417, 0.18819339760668316, -0.14740891779308227, -0.07818698118918943] - [-0.06022940063984994, 0.32895077197131783, -0.12775313836965488, -0.14096835074104347] - [0.039046001514719625, -0.053322835676625546, -0.03741874288771141, 0.05169496916123918]
A2: [-0.00910864212135842, -0.3468032558398054, 0.24945502345480855, 0.1064566103412148] - [0.08003989327734366, 0.03628232970130073, -0.05025003847470727, -0.0660718850833334] - [-0.04245272199911882, 0.23083199864957407, -0.04053114110430085, -0.14784773118702335] - [0.06813468950111594, -0.29346795051267627, 0.14177114388173467, 0.08356176035731797]
B1: 3.238559902266398e-08 - 2.4271182309667296e-08 - 2.8904880808423026e-08 - -4.4343360125600346e-08
B2: -4.384422671904436e-08 - 4.020981879728068e-08 - 4.877315495687978e-09 - 2.8582473640565476e-08
