Number: 5382
Error: 1.01827187427597e-15
A1: [0.06621319882640762, -0.11395206294781465, -0.023983933148912936, 0.0717228852655058] - [0.037402650600737934, 0.18819340619385505, -0.14740890895750586, -0.07818697235283681] - [-0.06022921128507281, 0.3289509538362391, -0.12775295307801413, -0.14096816644574778] - [0.03904613151924951, -0.05332271228107598, -0.037418617112476724, 0.051695093915125855]
A2: [-0.009108416009132246, -0.34680301597051355, 0.24945525139605912, 0.10645684740717135] - [0.0800396197919898, 0.03628203507960535, -0.050250337377956755, -0.06607218652480143] - [-0.042452641221816634, 0.23083208779962575, -0.04053105454078256, -0.14784764185120178] - [0.06813487427775117, -0.29346774706615913, 0.1417713441964437, 0.08356196752538922]
B1: 3.6570708826303804e-08 - 1.1237147805148578e-08 - 5.4324676277711075e-08 - 3.4908467276451706e-08
B2: 4.450639669589144e-08 - 6.031238887567584e-08 - 2.9369506326429335e-08 - 3.6152148499137913e-08
