Number: 4406
Error: 1.200673404180442e-15
A1: [0.06621316006679621, -0.11395210084135568, -0.023983971878139877, 0.07172284657093785] - [0.037402629537028026, 0.1881933860687366, -0.1474089296648689, -0.07818699306202308] - [-0.06022938579036028, 0.3289507862334337, -0.12775312383882312, -0.14096833628836114] - [0.039046088581392836, -0.05332275303622003, -0.03741865865361916, 0.05169505271138937]
A2: [-0.009108445481909715, -0.3468030472361735, 0.2494552216852732, 0.10645681650685894] - [0.0800398807118584, 0.03628231616467702, -0.05025005220806237, -0.06607189893329746] - [-0.04245279708082904, 0.23083191578478893, -0.040531221564791074, -0.14784781422449716] - [0.06813463549075298, -0.293468009980414, 0.14177108532930993, 0.08356169980175095]
B1: -6.326284131171974e-08 - 4.70510594846475e-08 - 2.2972242754682225e-08 - -3.1779479455158256e-08
B2: -4.2396222829075295e-08 - 2.6772872864605205e-08 - -6.50486779753372e-09 - 7.231701894432571e-09
