Number: 130
Error: 0.0001068711317538019
A1: [0.020833630574410227, 0.019774216015461026, 0.05541045960108202, 0.044760597142699095] - [0.08818892337699201, 0.21143600968881968, -0.12275710016538052, -0.08565553575280488] - [-0.0649313092940551, 0.4533107552427217, -0.01881338407176885, -0.23445128014618324] - [0.03456609644945228, 0.017604706192731003, 0.035386465453259325, 0.06605553563514036]
A2: [0.21223869403970042, -0.11871689131288365, 0.0581671145312334, 0.046661516747887044] - [0.06566256930682549, 0.23655597140703552, -0.08824830649064656, -0.09737586953652369] - [-0.04017142250428463, 0.6266827369050455, -0.19069272138152799, -0.2154966974929959] - [0.041592812363546026, 0.040619124675683536, 0.04592631451951004, 0.05040336584074717]
B1: 0.0008218754805804088 - 0.13798905406199002 - 0.0017697146179026762 - 0.0037240236285457536
B2: 0.0012487694821817865 - 0.14840150014584882 - -0.005024957660397376 - -0.0038448616065917276
