Number: 3252
Error: 0.001548242142780072
A1: [-0.09205344194146588, -0.2707923218122122, -0.19230258496961894, -0.09335196348878051] - [0.03223670917364289, 0.16991464417159644, -0.15444092782111266, -0.08363877405179963] - [-0.31426116398160286, 0.1168767831716088, -0.3591472299958701, -0.3703495467683115] - [-0.17590480779705922, -0.23762281733406584, -0.24139913423255482, -0.14912834496799612]
A2: [-0.17204210630439953, -0.5546578901547157, 0.09032141642720423, -0.0719074327407293] - [0.04614319255810569, 0.017869632449534198, -0.09546717754756207, -0.11245160598539718] - [-0.17747011816539907, 0.05996055330944898, -0.22877243547503412, -0.32933199764979276] - [-0.04009167841818067, -0.4263090368640847, -0.019783838119903693, -0.06880406161018664]
B1: -0.011167768190635882 - -0.1797608229986909 - -0.031455511307662 - -0.02807963963637906
B2: -0.14613614792115004 - -0.17486852909749537 - -0.003132049099454335 - -0.01602185255563248
