Number: 6139
Error: 1.2011515643248916e-15
A1: [0.08043160137818504, -0.18046789404751354, -0.01958894018012707, 0.11962488844128395] - [0.03741552339584381, 0.1335963296198864, -0.13472624268344013, -0.03628588166396356] - [-0.0017028961773054424, 0.22819003934391238, -0.12282845969674075, -0.10365898736838544] - [0.03886304646784679, -0.11448120598619835, -0.046416629237281765, 0.12203404010848048]
A2: [0.03530740204771462, -0.02927351692398312, -0.07569738894634598, 0.06966336481921788] - [0.1028938523769986, 0.28289680383463495, -0.3926062978824111, 0.006816102505276738] - [-0.011187129735563914, 0.5390145607651413, -0.3594510436468076, -0.16837649590810513] - [0.09786280269539638, 0.01746331979800413, -0.1688510073849199, 0.05352488183411421]
B1: -3.740370524541233e-08 - 4.896278586783708e-08 - -5.379348455846496e-08 - -4.734635158844111e-09
B2: 7.334885669889232e-08 - 7.580688206887547e-08 - -1.8939159641457064e-07 - -1.2073537368922164e-08
