Number: 1092
Error: 3.638620946136277e-06
A1: [-0.01056707981623415, -0.01833117993045489, -0.0004503722284988083, 0.015841731236189576] - [0.06921412622727159, 0.19207679892902102, -0.1443818571990553, -0.10713177944215613] - [-0.10880446648974859, 0.44571900805421066, -0.06711544340088568, -0.25446602538614527] - [-0.03617092890715359, 0.002888852231907102, -0.04246049452860202, 0.02565914636698505]
A2: [0.12725987704872435, -0.2289298734394665, 0.018561836995356098, 0.06601412181145433] - [0.03445936027480083, 0.20564961144150404, -0.11293422525284398, -0.11986861333524805] - [-0.09789973573752873, 0.5524300447876622, -0.2379962187868989, -0.22923292444559196] - [-0.030673298428116856, -0.029289320323338395, -0.0011940237779021843, 0.022441562971894417]
B1: 0.002683769473956157 - -0.00865085996218921 - 0.0007390469751245459 - 0.003511696150578751
B2: -0.0019011334843381988 - 0.007510193643924867 - -0.0049938492671074385 - -0.00026455281519781635
