Number: 3949
Error: 1.0340168386079837e-15
A1: [0.06621321748696588, -0.11395204470431318, -0.023983914503014986, 0.07172290389475097] - [0.037402588483724415, 0.18819334684509018, -0.14740897002342432, -0.07818703342412887] - [-0.060229261239286895, 0.32895090585787923, -0.12775300196046288, -0.14096821506559884] - [0.03904623730768531, -0.05332261187089535, -0.03741851476594545, 0.051695195430708885]
A2: [-0.009108565848383043, -0.3468031749261492, 0.2494551003449536, 0.1064566903092517] - [0.08003981553664519, 0.03628224595229107, -0.05025012344086235, -0.06607197077099053] - [-0.042452789386504326, 0.23083192427673566, -0.04053121331926812, -0.1478478057149244] - [0.0681347521340435, -0.29346788155119224, 0.14177121178181826, 0.08356183058028488]
B1: 9.20062501498746e-09 - -1.8853464410488706e-08 - 6.963032449621797e-09 - -1.4132496621675068e-08
B2: 1.6317764438922936e-08 - -2.3998650868219835e-08 - -2.7599977509798404e-08 - 5.085044694745072e-08
