Number: 8608
Error: 1.1657882828352995e-15
A1: [0.08043171673025386, -0.18046777870848443, -0.01958882496600261, 0.11962500378019261] - [0.037415578784924776, 0.1335963849671171, -0.1347261874044943, -0.03628582630543951] - [-0.0017027350630114322, 0.2281902004547479, -0.12282829881835167, -0.10365882629708001] - [0.0388632679011004, -0.1144809851743004, -0.04641640794511573, 0.12203426140416565]
A2: [0.03530730661855287, -0.02927361261703204, -0.07569747967955595, 0.06966326494257842] - [0.10289374157622933, 0.28289669209351964, -0.3926064050473904, 0.006815986480608617] - [-0.011187118061257616, 0.5390145725090586, -0.3594510325969028, -0.16837648360638174] - [0.0978627507146583, 0.017463267580804017, -0.16885105686734134, 0.053524827271368626]
B1: -6.552431079327279e-09 - 2.8357302432032563e-08 - 1.5407463017580502e-08 - 2.9534653172893018e-08
B2: -2.864117643519328e-09 - -4.193576211591674e-08 - 5.9570657691400124e-08 - -3.00537460906311e-09
