Number: 2485
Error: 8.531239258716255e-08
A1: [0.06433366474326908, -0.047001279042607653, -0.02257125622296257, 0.008725722083253493] - [0.04408637381810227, 0.1916746909193543, -0.14214016434025395, -0.09205448541954378] - [-0.12091691646466238, 0.41735000538553063, -0.10234413530777967, -0.18457419359126226] - [0.03694559783982611, 0.01909344173670111, -0.03320570142371406, -0.02313460665605114]
A2: [0.061514028984330324, -0.1755947009952073, 0.08439054388514555, 0.02206385562281972] - [0.029889129681613603, 0.2008898377415092, -0.10111150954609974, -0.12728508774051023] - [-0.09289581007645942, 0.514208070368006, -0.22508661088907833, -0.1945889916064073] - [-0.026631737506345596, 0.017831382953711204, -0.05099144642646844, 0.056303732288643465]
B1: -0.0005199230885306972 - 0.0003946775495151317 - 0.00023945793867088776 - 0.0001341706785880535
B2: 0.000661600243795294 - 0.0007453476692853804 - -0.00020139542844378104 - -0.00048468015175106
