Number: 9418
Error: 9.650671573920655e-12
A1: [0.05317891121437227, -0.14799490755233874, -0.026992693277252136, 0.12183418615077593] - [0.005315385352670615, 0.13083836174225696, -0.11359907833045263, -0.0225480951645922] - [-0.014434234340946293, 0.22310186652271852, -0.12703094562690184, -0.08159568735624291] - [0.027147548917597825, -0.10001894866955825, -0.04942341686016886, 0.12229921271707962]
A2: [0.08924247709495162, -0.07292532673330858, -0.12363913504087269, 0.1072742514161485] - [0.1088451969425782, 0.24981764985143667, -0.40484189002560694, 0.046193006476130775] - [0.03663164338216993, 0.4625508530223719, -0.37772163408165965, -0.12147760072507854] - [0.14342674177588458, -0.04460631621692501, -0.2014992339641316, 0.10268017513187794]
B1: 9.496649426610237e-06 - -2.2690227736949305e-06 - 3.4534393265785993e-06 - -1.5048392219311864e-06
B2: 3.0394427161973117e-06 - 2.2735562524579075e-06 - 3.485568317545275e-06 - 3.460753195505885e-06
