Number: 9279
Error: 1.2258106946976564e-09
A1: [0.05327415250357398, -0.14789963361998848, -0.026897514370664222, 0.12192948781223666] - [0.00524943244471841, 0.13077236277955478, -0.11366501353778777, -0.022614111524332688] - [-0.01425620578165484, 0.2232799734454788, -0.12685300903694646, -0.08141758110764233] - [0.02714406160459716, -0.10002243014834143, -0.049426839734831834, 0.12229578678120193]
A2: [0.0894100655717816, -0.07275799166899605, -0.1234753550952594, 0.10744395520798518] - [0.10890760415433282, 0.24988013627378924, -0.404780764480137, 0.04625651594823762] - [0.03661906503121482, 0.4625384170683943, -0.3777339150927846, -0.12149028225343278] - [0.14343419625638387, -0.04459886589989285, -0.2014919392249501, 0.10268771431317628]
B1: 2.142176658859139e-07 - -1.1219091247590806e-05 - -2.0360038418862054e-05 - -3.3756833646509016e-05
B2: -3.8034123447481474e-05 - 8.137743728009984e-06 - -6.652049225305809e-05 - -3.951485846631281e-05
