Number: 56
Error: 0.0002925827037422089
A1: [-0.009172448328725913, -0.011251147877241133, 0.022674898382718158, 0.01353834320459545] - [0.11825574684064709, 0.24667463606496895, -0.0958628798989627, -0.07320808914165171] - [-0.13002265797525486, 0.39106326067335395, -0.0894243607161767, -0.3065468745798365] - [-0.012434523006871345, -0.02428473453231873, -0.015353996826529518, 0.009267032193064345]
A2: [0.31906156174723965, -0.013092968306630332, 0.16088812707403333, 0.15001643341786164] - [0.10479730758772511, 0.273447897596791, -0.05426798142349375, -0.06297842103533283] - [0.10216870296312788, 0.7685710817634722, -0.05265792664177605, -0.07637793304115145] - [0.3923028560895402, 0.3901886064880796, 0.3939609005277803, 0.3868873243141679]
B1: 0.042504325927945855 - 0.42820515594776787 - -0.01507862132487353 - -0.0395836696001648
B2: -0.002474374075860419 - 0.40562468854807865 - -0.012827701112790722 - -0.006192051777329299
