Number: 7899
Error: 7.134326473420612e-16
A1: [0.080431674736406, -0.18046782069761086, -0.019588866909622516, 0.11962496179112489] - [0.037415633410783855, 0.13359643955155318, -0.13472613288768975, -0.03628577170996452] - [-0.0017028268727340425, 0.22819010864698897, -0.12282839049363783, -0.1036589180823056] - [0.038863235006087925, -0.11448101797708589, -0.04641644081918345, 0.12203422852953798]
A2: [0.03530745392359864, -0.02927346490459323, -0.07569733962341138, 0.06966341911294482] - [0.10289370693315865, 0.28289665715641726, -0.39260643855376326, 0.006815950204314556] - [-0.011187201198242425, 0.539014488876216, -0.35945111128791923, -0.16837657121066674] - [0.09786275095252639, 0.017463267819783964, -0.16885105664083827, 0.053524827521010086]
B1: 3.191860125362091e-08 - 2.3842083287946027e-08 - -2.062097469651683e-08 - 1.0473508040122406e-08
B2: 1.1855350430267914e-09 - 1.1553717979776127e-08 - 1.0830753429663174e-08 - 4.9378890653513525e-09
