Number: 6842
Error: 1.329319265962737e-15
A1: [0.08043166999378269, -0.18046782543968598, -0.019588871646575346, 0.11962495704904323] - [0.03741555417913865, 0.13359636037988484, -0.13472621196148235, -0.036285850897723564] - [-0.0017028650585816057, 0.22819007046196013, -0.12282842862357912, -0.10365895625796724] - [0.03886319618211278, -0.11448105669209219, -0.04641647961841634, 0.12203418972969592]
A2: [0.03530743564004961, -0.029273483238733213, -0.0756973570072086, 0.0696633999772611] - [0.10289376112486115, 0.2828967118080233, -0.3926063861402534, 0.00681600695090801] - [-0.011187078342419884, 0.5390146124648187, -0.3594509950020897, -0.16837644175333238] - [0.0978628164241929, 0.01746333358924775, -0.16885099431599523, 0.053524896244880264]
B1: -2.429733782306777e-09 - -1.2239518527709183e-08 - 2.9666000844487035e-09 - -3.7477740252120314e-09
B2: 1.1223537761297642e-08 - -2.0452724665989563e-09 - -1.3293423065742943e-08 - -2.2254907959264918e-09
