Number: 3957
Error: 8.854238574616104e-16
A1: [0.06621322393624034, -0.11395203839915925, -0.02398390805880138, 0.0717229103332025] - [0.03740259160757964, 0.18819334982972138, -0.1474089669524356, -0.07818703035286877] - [-0.06022924785746222, 0.32895091871038046, -0.12775298886580017, -0.14096820204136487] - [0.03904623694293277, -0.053322612217104486, -0.03741851511883021, 0.05169519508068958]
A2: [-0.009108566570939365, -0.3468031756926697, 0.24945509961655157, 0.1064566895516909] - [0.08003979832255337, 0.03628222740777943, -0.050250142254890044, -0.06607198974477334] - [-0.042452766571304985, 0.2308319494570187, -0.0405311888695897, -0.14784778048215952] - [0.06813477437526931, -0.29346785706261747, 0.1417712358934636, 0.08356185551682817]
B1: 1.2945901354217048e-08 - -9.459238905905805e-09 - 9.401485910578537e-09 - -1.7136126538071925e-08
B2: 1.3578944234007897e-08 - -3.39992895346922e-08 - -3.433515993211714e-08 - 5.109599852670534e-08
