Number: 6487
Error: 1.0285229051589538e-15
A1: [0.08043169112037149, -0.18046780431549028, -0.019588850545246797, 0.11962497817321956] - [0.03741559432890913, 0.13359640049926702, -0.13472617189171027, -0.03628581077019295] - [-0.001702815018472093, 0.2281901205010049, -0.12282837865673682, -0.10365890623121285] - [0.038863235388342944, -0.1144810175958911, -0.04641644043716751, 0.12203422891155977]
A2: [0.03530744605082995, -0.029273472799157707, -0.07569734710877486, 0.06966341087327585] - [0.10289373549888803, 0.28289668596455975, -0.3926064109253564, 0.006815980116766463] - [-0.011187090810661101, 0.5390145999222145, -0.35945100680356196, -0.16837645489154088] - [0.09786280438456138, 0.017463321494853537, -0.1688510057769469, 0.05352488360718939]
B1: -5.1652694502693144e-09 - -1.5197391783435498e-09 - -3.641440470512637e-09 - -1.079417614578264e-09
B2: -2.5442954173149906e-09 - -3.93887142963983e-09 - -5.192751061880051e-10 - -4.106192892210401e-09
