Number: 4010
Error: 9.642308729719172e-16
A1: [0.06621318680554841, -0.11395207470010409, -0.023983945160353067, 0.07172287326482138] - [0.03740257527730414, 0.1881933342272577, -0.14740898300634636, -0.07818704640819589] - [-0.06022934957218171, 0.3289508210190277, -0.12775308839780475, -0.14096830103802963] - [0.03904620939371797, -0.053322638365783506, -0.03741854177176933, 0.05169516864415525]
A2: [-0.00910852748798561, -0.3468031342317612, 0.24945513901572464, 0.10645673052805839] - [0.08003981954323613, 0.03628225026853595, -0.05025011906189388, -0.06607196635482873] - [-0.04245288061766751, 0.23083182358831356, -0.04053131108621725, -0.14784790661319114] - [0.06813482031778191, -0.2934678064778882, 0.14177128569958436, 0.08356190702690423]
B1: 1.1637555597473342e-08 - 4.620381431857307e-09 - -2.307533872306742e-08 - 1.8856487913171328e-08
B2: 8.671553563194885e-09 - -2.000688697614726e-08 - 3.1504846339007007e-09 - 2.154781374206239e-08
