Number: 4336
Error: 9.10422533898495e-16
A1: [0.06621317621374109, -0.11395208505522504, -0.023983955743845143, 0.07172286269080255] - [0.03740260464314718, 0.1881933622843258, -0.147408954137463, -0.07818701753676868] - [-0.06022933072348328, 0.3289508391221432, -0.1277530699536099, -0.14096828269300973] - [0.03904631559153564, -0.053322537566754015, -0.03741843902890698, 0.05169527055278001]
A2: [-0.009108735178888123, -0.3468033545592837, 0.24945492964433844, 0.10645651277544084] - [0.08003983075505379, 0.03628226234689107, -0.050250106808003986, -0.06607195399685824] - [-0.04245285293198816, 0.23083185414401802, -0.040531281417093924, -0.14784787599373816] - [0.06813499929765304, -0.29346760941335465, 0.14177147973095752, 0.08356210769625193]
B1: 9.007013175185364e-08 - -1.3159937429299409e-08 - -5.1314358312831324e-08 - 4.763199568475928e-08
B2: 8.726263630648715e-08 - 3.3618830324709243e-08 - 7.971993586078122e-09 - -3.5795813593866785e-08
