Number: 571
Error: 1.0106055696489439e-14
A1: [-0.012152828416750328, -0.014516589355796505, 0.018087908359702372, 0.008583701562102142] - [0.06583547265925183, 0.1894954891110725, -0.14532232497665534, -0.11000829661340784] - [-0.09629311969337019, 0.4217860457850357, -0.05345738279602108, -0.2720357874169631] - [-0.0013213529803229873, -0.018219103237067776, -0.003834953965081841, 0.023376913806448796]
A2: [0.16158684958462002, -0.1677546469144346, 0.008501460073640214, -0.0023329439526094593] - [0.0354857551986673, 0.2075167529372321, -0.11721039267619174, -0.12579199856704454] - [-0.08621381633701632, 0.5815378556933561, -0.235388990961242, -0.25993583307668505] - [-0.0038348253876780876, -0.0045191502523596275, 0.001110397341866183, 0.007243528538095811]
B1: -7.517728705105194e-08 - -4.8771004677468805e-08 - 4.213286883330286e-08 - 3.015410881921144e-08
B2: -1.8443275944743636e-07 - 9.66154378419856e-08 - -7.999373272645003e-08 - -9.218233259696772e-08
