Number: 561
Error: 2.4572318777865013e-14
A1: [-0.01215417043965854, -0.014517967750616515, 0.01808642501872411, 0.008582267454847381] - [0.06583550692920785, 0.189495522077375, -0.14532228954443505, -0.11000825845718099] - [-0.09629355755093916, 0.42178562260357333, -0.05345785792357295, -0.27203629754270037] - [-0.0013214424300835974, -0.01821918926179452, -0.0038350491810695843, 0.023376810418160424]
A2: [0.16158613251173787, -0.16775535048389986, 0.008500757458281482, -0.002333642998916161] - [0.035485731291285696, 0.20751672941400467, -0.11721041648353586, -0.1257920219546253] - [-0.08621339530835237, 0.581538268089962, -0.23538858128562887, -0.2599354225098035] - [-0.0038347992464148016, -0.004519124545973662, 0.001110423215256871, 0.00724355354802562]
B1: 1.0019345408325572e-07 - -2.1917782676266697e-07 - -4.214172278628779e-08 - 4.314884264052488e-09
B2: -3.014545743627922e-08 - 3.910761921520384e-07 - -3.4417198737440767e-07 - 1.6435788089476374e-07
