Number: 7931
Error: 7.8828751052222305e-16
A1: [0.08043171967908741, -0.18046777576002074, -0.0195888220206846, 0.11962500672867103] - [0.03741554258404838, 0.133596348793569, -0.13472622353342317, -0.036285862486374804] - [-0.001702812549163439, 0.22819012297025487, -0.12282837619103831, -0.10365890376255696] - [0.03886324617785763, -0.11448100683666725, -0.046416429654530626, 0.1220342396943653]
A2: [0.035307492147794085, -0.02927342657468343, -0.07569730328027587, 0.06966345911864838] - [0.10289370378016802, 0.2828966539766626, -0.39260644160329605, 0.006815946902672062] - [-0.011187127420306914, 0.539014563094188, -0.35945104145540646, -0.16837649346838565] - [0.09786280883101124, 0.017463325961525007, -0.16885100154419752, 0.05352488827449483]
B1: 1.1048227517696482e-09 - 1.706789209262925e-08 - -7.90316284134507e-09 - -2.5706663129179752e-09
B2: 1.5921315548985262e-08 - -2.7063248445087983e-08 - 1.3881585044755808e-08 - 3.1310376026871277e-09
