Number: 8887
Error: 0.0002283362484508499
A1: [0.07836788013428349, -0.17972203141665902, -0.019120026037293125, 0.12060025599789184] - [0.033327056062781676, 0.13281009680209105, -0.1344991940773785, -0.03717924127034468] - [-0.027176441182289634, 0.20467379766490965, -0.145648405824582, -0.12726372146303722] - [-0.011575575599673565, -0.16107869356826388, -0.09363148797588842, 0.07563992364417567]
A2: [0.10718590636965451, 0.04301182022096871, -0.009253135516188483, 0.14195888136396662] - [0.140855066028109, 0.3212509514893757, -0.3556015412282115, 0.04519021222592395] - [0.05106668438297509, 0.6000525080039337, -0.30085629198379343, -0.10343159780141808] - [0.16871152803353778, 0.0888141390293981, -0.10098965587954616, 0.12701718572022586]
B1: -0.0025249997110078914 - -0.005967813134472419 - -0.022478562553649432 - -0.02526371141490377
B2: -0.022182309188518507 - -0.026237890709558863 - 0.008708847777192346 - 0.006122280680700866
