Number: 498
Error: 4.1295267269717557e-13
A1: [-0.012150513453450163, -0.014514211659361434, 0.018090467079540803, 0.008586175364849229] - [0.06583587364901575, 0.18949587484527297, -0.14532191038966755, -0.11000785015278529] - [-0.0962922859072779, 0.42178685163292484, -0.05345647803599998, -0.2720348160098971] - [-0.0013226015183616965, -0.018220303960934107, -0.003836282984837366, 0.02337547070979815]
A2: [0.16158552327638498, -0.16775594823801895, 0.008500160524435356, -0.0023342368873291615] - [0.03548567598506862, 0.20751667499799145, -0.11721047155699729, -0.12579207605514808] - [-0.0862134457540254, 0.5815382186741018, -0.23538863037106147, -0.25993547169734227] - [-0.0038358115997084233, -0.004520120069266313, 0.001109421231228755, 0.0072425850022365]
B1: 5.807429815560385e-07 - -1.8218143823256553e-07 - 5.573763629873143e-07 - 3.0405008933597517e-07
B2: 1.939996562165175e-06 - 4.3886958220900483e-07 - 2.8429144055308503e-07 - -4.2736285062828716e-07
