Number: 6164
Error: 9.400069257536194e-16
A1: [0.0804316021560915, -0.18046789326969026, -0.019588939403150346, 0.11962488921910314] - [0.03741550646954445, 0.13359631270640357, -0.1347262595760127, -0.03628589858088527] - [-0.001702824952791969, 0.22819011056689958, -0.12282838857651164, -0.10365891616288] - [0.038863189684271646, -0.11448106317169494, -0.046416486112116656, 0.12203418323589581]
A2: [0.03530743689435901, -0.029273481980955945, -0.0756973558146238, 0.06966340129003062] - [0.10289380866231959, 0.28289675974894213, -0.3926063401626601, 0.006816056729600713] - [-0.01118712080656313, 0.5390145697474008, -0.3594510351953213, -0.16837648649930315] - [0.09786279093742231, 0.017463307986547077, -0.16885101857774437, 0.05352486949205906]
B1: 1.5934467036655906e-08 - 3.740534877362919e-08 - 1.1130824147619879e-08 - 4.6932203303214354e-09
B2: 1.0389988437727842e-08 - 2.1326810113504922e-10 - 4.09170811269787e-09 - 3.24288857942226e-08
