Number: 6760
Error: 8.111920699248703e-16
A1: [0.0804316181162846, -0.18046787731130845, -0.01958892346204318, 0.11962490517747018] - [0.03741554174889323, 0.1335963479590481, -0.1347262243669601, -0.03628586332108327] - [-0.0017028669838435693, 0.2281900685367397, -0.12282843054602208, -0.1036589581827153] - [0.038863181783262916, -0.11448107105053278, -0.046416494008090996, 0.1220341753397953]
A2: [0.035307441870124114, -0.029273476991426833, -0.0756973510837336, 0.06966340649771084] - [0.10289374315085525, 0.28289669368147075, -0.39260640352447607, 0.006815988129497644] - [-0.011187107066829226, 0.5390145835690818, -0.35945102219036484, -0.1683764720212476] - [0.09786280693872619, 0.017463324060635506, -0.1688510033455446, 0.053524886288228164]
B1: -1.4950948329025597e-08 - -1.4321882452234091e-08 - -1.5037372399409688e-08 - -1.6170940156068607e-08
B2: -2.4432483865905697e-08 - -1.2065285843276502e-08 - -1.1949727977016653e-08 - -1.0958613660318839e-08
