Number: 5850
Error: 2.938717310944249e-07
A1: [0.0821834802233902, -0.1787254284593606, -0.017833151084650563, 0.12137930589314638] - [0.04191544677082746, 0.13808698123758792, -0.13023537504711657, -0.031788727893490104] - [-0.0016331803464904647, 0.22825530352794113, -0.12275328019702395, -0.10358657025698509] - [0.038279330845743365, -0.11507119273902269, -0.04698860917956935, 0.12145652422760285]
A2: [0.03266358470687125, -0.03193222735308179, -0.0782055980245182, 0.0669059506071351] - [0.10236970190976535, 0.2823497119060403, -0.3931193731371539, 0.006275833035037284] - [-0.013560739970214687, 0.5366276738965416, -0.36168778369490184, -0.17087171713193275] - [0.0955096201081591, 0.015096552216066716, -0.17108440497939165, 0.05106105824187852]
B1: -0.00015732239160726994 - 0.002429205524017549 - -0.001617952921636476 - -0.0007750526538213771
B2: 0.0003328449422816004 - -0.00047062809669453975 - -0.0001429676135707217 - 0.00032687793362785487
