Number: 8409
Error: 1.3637043347604027e-15
A1: [0.08043165798602687, -0.18046783744608402, -0.019588883640013342, 0.11962494504264548] - [0.03741564202106229, 0.1335964481553347, -0.13472612429445058, -0.03628576310438945] - [-0.0017028214111555755, 0.22819011410845397, -0.12282838504005841, -0.10365891262217725] - [0.038863196198312897, -0.11448105667592083, -0.046416479602229305, 0.12203418974589667]
A2: [0.03530758099639347, -0.029273337480324447, -0.07569721880390687, 0.06966355210808721] - [0.10289372992288372, 0.28289668034127446, -0.39260641631837795, 0.006815974277896392] - [-0.011187099907983541, 0.5390145907705668, -0.3594510154143636, -0.16837646447773774] - [0.09786274964439848, 0.01746326650567296, -0.1688510578861421, 0.0535248261479393]
B1: 4.44577409643638e-08 - -1.0053518589915473e-08 - -1.6628003555802131e-09 - -2.386200195824988e-08
B2: -1.9450723175681758e-08 - 3.3270245120846027e-08 - 1.7272858340881607e-09 - -2.4100858481573528e-08
