Number: 2417
Error: 1.0219928902723524e-05
A1: [0.07780256557531207, -0.03407199336723761, -0.009616160261699348, 0.021783455867849483] - [0.033438065677839315, 0.18129265176246506, -0.1533088162089388, -0.10372239910165255] - [-0.1378917169507177, 0.4008493713734855, -0.1196308713933636, -0.20153102767803466] - [0.02937656891819979, 0.01194195455301458, -0.04063810524194096, -0.030408514392237504]
A2: [0.04544703793046412, -0.19134577919408655, 0.06885155735157882, 0.006615881702572433] - [0.02594989118775034, 0.19703115277886168, -0.105100564263447, -0.13121103450001692] - [-0.08755153615573594, 0.5198569581901279, -0.2188695571146654, -0.18888492888807853] - [-0.027716539802428886, 0.01687121830415387, -0.05147527941580731, 0.055422514353124404]
B1: 0.0002644882714352909 - -0.0035586758061278167 - -0.006625212794354539 - -0.0006452129344963031
B2: -0.0056955641206863725 - -0.00204853162003184 - 0.004279725518245319 - -0.0004123376991024252
