Number: 1
Error: 0.012045021023082386
A1: [-0.07821418262831065, -0.07612763376899799, -0.07373562324671126, -0.08021057250305855] - [0.11562344250159699, 0.24287144201742825, -0.1295050054822741, -0.09487081735983463] - [0.022319472599674067, 0.5239473644616742, 0.025951071708757954, -0.14494244631626618] - [0.07441227321611019, 0.07441221604670456, 0.07441215404178735, 0.07441222669794904]
A2: [0.12528698444505804, -0.20816893452830687, -0.04161810780768342, -0.041113851222620984] - [0.11557628499236922, 0.28204844076845, -0.051469448423377584, -0.05066774714992354] - [0.12150526960507319, 0.7880418757892745, -0.04541484431489462, -0.044816955337860315] - [0.07441319036151858, 0.07441320151517042, 0.0744132109414608, 0.0744131988559362]
B1: 0.20772963630701377 - 0.7023337741052375 - 0.1925875969794884 - 0.04492594377352334
B2: 0.3219095796003106 - 0.8644054317184164 - 0.14034520045539087 - 0.18187677594499294
