Number: 4705
Error: 1.880279806192084e-15
A1: [0.0662131401430825, -0.11395212031983987, -0.02398399178623009, 0.07172282668062661] - [0.037402570663848195, 0.18819332981940745, -0.1474089875417286, -0.07818705094400304] - [-0.060229557960400776, 0.3289506208734953, -0.12775329231432117, -0.14096850385754367] - [0.03904607956294833, -0.05332276159625464, -0.037418667378703925, 0.05169504405709564]
A2: [-0.009108276757437965, -0.34680286824622203, 0.24945539177472895, 0.10645699340490695] - [0.08003996220393522, 0.036282403954934435, -0.050249963141899556, -0.06607180911090141] - [-0.04245269949477136, 0.23083202348663878, -0.040531116987752906, -0.1478477062982228] - [0.06813513651595718, -0.2934674583305798, 0.1417716284881014, 0.08356226154266509]
B1: -6.95990814835825e-08 - 8.321729708616955e-08 - 5.734859985500473e-09 - 8.857670504874172e-08
B2: 1.1164330457220207e-08 - 9.441384985860944e-09 - -3.025980879540871e-08 - 4.7535775759009125e-08
