Number: 7956
Error: 1.0747900165932378e-15
A1: [0.08043169108119642, -0.1804678043546727, -0.01958885058438102, 0.11962497813404648] - [0.03741564231191056, 0.13359644844595692, -0.1347261240042622, -0.03628576281375196] - [-0.0017028048233239095, 0.2281901306959306, -0.12282836847650952, -0.10365889603877859] - [0.03886324269017802, -0.1144810103145584, -0.046416433139986765, 0.12203423620885395]
A2: [0.03530742973275421, -0.02927348916235804, -0.07569736262378685, 0.069663393794627] - [0.10289379269788554, 0.2828967436490148, -0.39260635560318596, 0.006816040012426793] - [-0.011187011637076064, 0.539014679567997, -0.3594509318639014, -0.16837637146373022] - [0.09786285741746639, 0.01746337476897298, -0.16885095529297847, 0.053524939274386826]
B1: -1.215892808367177e-08 - 1.1897984290015334e-08 - 2.1821237155874887e-08 - 7.123814214268846e-09
B2: 7.512642004599305e-09 - 1.0055769263020806e-08 - 2.2984989811179217e-09 - 9.455993458194552e-09
