Number: 3414
Error: 5.644853244733781e-08
A1: [0.06741609592642339, -0.11277674285580891, -0.02278323231612652, 0.0729238073962844] - [0.037647486233171074, 0.18842706718925703, -0.14716829819612862, -0.07794593139942294] - [-0.06173309616923163, 0.3275029210689664, -0.12922825032223312, -0.1424389179776633] - [0.03888570534220061, -0.05347257655422841, -0.037572617394810895, 0.05153943980971601]
A2: [-0.007579355997324741, -0.3451808555414723, 0.2509939964077739, 0.10806198549505576] - [0.08048321998655301, 0.03675957998985999, -0.04976823510771943, -0.06558614411085954] - [-0.041918977434852324, 0.23142038124377845, -0.03996274006500784, -0.14725984016306168] - [0.0688187508620497, -0.2927142509925435, 0.14251734662904925, 0.08433281600587166]
B1: 0.000395046822414819 - -0.0005535177950988648 - 2.675022759593506e-05 - 0.00026637837743720356
B2: -0.00016454287730794753 - 0.00012374480897403298 - 0.00037420219550278916 - -0.00027039004405426253
