Number: 7651
Error: 2.4787251251256617e-16
A1: [0.08043169403669286, -0.1804678013995064, -0.019588847632410162, 0.11962498108920888] - [0.03741562610176329, 0.13359643224807186, -0.1347261401821509, -0.03628577901493496] - [-0.0017027904694232883, 0.22819014504952537, -0.12282835414362737, -0.10365888168871026] - [0.03886324390371508, -0.11448100910442391, -0.04641643192722141, 0.12203423742163792]
A2: [0.03530753998971513, -0.029273378600445453, -0.07569725779279288, 0.06966350919041028] - [0.10289384737696065, 0.2828967987921529, -0.3926063027182991, 0.006816097269405603] - [-0.011187269371401772, 0.5390144202964436, -0.3594511758153226, -0.16837664304707656] - [0.09786274328163132, 0.017463260113995665, -0.16885106394303043, 0.05352481946906119]
B1: 2.114370504840191e-08 - 6.300225615821204e-08 - 2.0954690671429523e-08 - 3.514597669496808e-08
B2: 3.0494899991805185e-08 - 3.455000744654394e-08 - 4.9024079747921964e-08 - 2.7580439893304114e-08
