Number: 8834
Error: 3.786014523890946e-05
A1: [0.08941403292381594, -0.17150442512525618, -0.010750304729629226, 0.1286028374430884] - [0.04518027338653892, 0.14131344733983942, -0.12705295898466443, -0.02854410473066255] - [0.002357551867188761, 0.2322102056404604, -0.1188288598326403, -0.09960873020607602] - [0.04812756355969932, -0.10524262575049291, -0.03733345293223625, 0.131295035814493]
A2: [0.03681261441298411, -0.02787286100898982, -0.07415742137229539, 0.07123916460730595] - [0.11478293500107509, 0.29485344333412367, -0.3809878620842016, 0.01925436109346582] - [-0.03646615163298878, 0.5133904539132103, -0.38344339967436397, -0.19493153151700895] - [0.10655202177388527, 0.02611943220311163, -0.16044878282092487, 0.06263742559428338]
B1: 0.0066445731385327955 - 0.005230765400031117 - 0.01733916407133704 - 0.005568435373666963
B2: 0.004125938729167493 - 0.0041014391064928685 - 0.005181102142966587 - 0.004559705923076579
