Number: 1094
Error: 2.3808250672715957e-06
A1: [-0.01234353778485293, -0.02011636909552313, -0.0022887333093271683, 0.01402199473483984] - [0.06765809379489567, 0.19059381035357797, -0.14597133381963032, -0.10886942467354023] - [-0.11012079440139744, 0.44443109162994743, -0.06839910155174901, -0.25585604078363616] - [-0.03953550580524908, -0.0004404212084407556, -0.04597904398064735, 0.02204862606671098]
A2: [0.13242086578066622, -0.22383660943112774, 0.0236507424839011, 0.07099911929371676] - [0.03124075693765773, 0.20247068459037693, -0.11615547124268076, -0.1229992414744143] - [-0.09836846737405129, 0.5519620531642683, -0.23855676784792404, -0.2296187951698898] - [-0.015793320907241212, -0.014568011044922648, 0.013582654230186928, 0.03669691833893587]
B1: -0.0006955097324499167 - -0.00617169090028926 - 0.0009094368882978424 - -0.001851979858985535
B2: -0.003552292101208575 - 0.004208696674041706 - -0.006044716124617517 - -0.002434360916352958
