Number: 4448
Error: 1.6220891947966179e-15
A1: [0.06621309691991434, -0.11395216257711993, -0.023984034975466202, 0.07172278353003225] - [0.03740266698479777, 0.18819342184754326, -0.14740889285083877, -0.07818695624473693] - [-0.060229386161438116, 0.3289507858770299, -0.12775312420193916, -0.14096833664951883] - [0.03904614624684841, -0.05332269830232959, -0.03741860286420879, 0.05169510804780908]
A2: [-0.009108574938454109, -0.3468031845692742, 0.24945509118128795, 0.1064566807787896] - [0.08003974629415435, 0.03628217135833233, -0.05025019911892692, -0.0660720470916136] - [-0.042452810320923545, 0.2308319011722098, -0.040531235753391376, -0.14784782886753106] - [0.06813482623547922, -0.29346779996229383, 0.14177129211488132, 0.08356191366166948]
B1: 1.3869936347116389e-08 - -2.829079113159827e-08 - 2.146514815053463e-09 - 1.9132818719007436e-08
B2: -4.433614645372904e-08 - 3.9921844321571276e-08 - 1.6245472867299632e-08 - -6.395569331355209e-09
