Number: 6970
Error: 8.941113833820005e-16
A1: [0.08043168515746459, -0.18046781027772094, -0.019588856501020515, 0.11962497221099462] - [0.037415589121302543, 0.13359639529560263, -0.13472617708893878, -0.03628581597491487] - [-0.0017028201383047985, 0.2281901153812782, -0.12282838376907276, -0.10365891134967907] - [0.0388632296556422, -0.11448102331250222, -0.04641644616621686, 0.12203422318242102]
A2: [0.035307461507065145, -0.02927345730017134, -0.07569733241317564, 0.06966342704989728] - [0.10289380453491646, 0.28289675558650756, -0.39260634415461115, 0.006816052407581631] - [-0.011187162214731058, 0.5390145280922378, -0.3594510743890594, -0.16837653013252446] - [0.09786281648543531, 0.017463333650769117, -0.16885099425769476, 0.053524896309163995]
B1: 1.6204400620836696e-08 - 9.707824527295248e-09 - -1.561616993358059e-08 - 6.697802115438118e-09
B2: 3.549649145331688e-09 - 3.904528174005447e-09 - 7.730340925339043e-09 - 1.7505698353690233e-09
