Number: 6030
Error: 3.9490545092042885e-13
A1: [0.08043375994087512, -0.18046573573198826, -0.019586784199659323, 0.1196270467565254] - [0.03741891566152608, 0.13359971930721407, -0.13472285719113655, -0.036282491285881416] - [-0.0017003647613168694, 0.22819257071749094, -0.12282593197600324, -0.10365645662130424] - [0.03886588839664998, -0.11447837202906021, -0.04641378911530537, 0.12203688027331788]
A2: [0.03531174158157602, -0.02926916539174237, -0.07569326296525965, 0.0696679066218246] - [0.10289113335172574, 0.2828940617318386, -0.3926089276913768, 0.006813255285452797] - [-0.011185304611297553, 0.539016396784181, -0.35944931612929126, -0.16837457270933817] - [0.09786460329162072, 0.017465128587540433, -0.168849293331858, 0.053526771877456684]
B1: -3.3031955447201565e-07 - 1.7595006433318795e-06 - -8.444823669022751e-07 - -5.354429132982053e-07
B2: -1.1370051268287443e-06 - -1.6856402305648262e-06 - 3.0232153506874305e-06 - 1.4999414949454243e-07
