Number: 1638
Error: 6.612995384658334e-08
A1: [-0.0074067908047119, -0.015216632166542813, 0.0027693774110358416, 0.01922016067020276] - [0.06634604345325815, 0.18942201768481762, -0.1472331266857679, -0.11039622888605316] - [-0.1111859856841383, 0.4431527357487778, -0.06933050165729061, -0.2565930689604085] - [-0.02276298430603308, 0.01593620409272304, -0.02931622067364722, 0.03954725727105402]
A2: [0.13233302778119657, -0.22389545898627006, 0.023395092991434604, 0.07088600076453809] - [0.03278213269566999, 0.20388332407573118, -0.11475254302125892, -0.12132423745614282] - [-0.09428564844426834, 0.555874961210657, -0.23487422871449562, -0.2253055794429287] - [-0.020849758519129565, -0.01930863246319852, 0.008089786159965957, 0.032153324144797824]
B1: 2.4584139259208244e-06 - -0.00019458092591504152 - -7.332229967665353e-05 - -0.00022708059177270988
B2: -0.0002230794941081633 - 6.025952555645844e-05 - 0.0003701655461595616 - 5.355933137083838e-05
