Number: 9795
Error: 1.3314212170293027e-15
A1: [0.05317250336200365, -0.14800131777126388, -0.02699909404744298, 0.12182777518122746] - [0.005313737939282895, 0.1308367124099079, -0.11360072565271832, -0.022549745228292287] - [-0.014444518489989396, 0.22309157890078032, -0.12704122147706928, -0.08160597492731891] - [0.027146454807809563, -0.10002004332611791, -0.04942451369861721, 0.12229811510240693]
A2: [0.08925432465540394, -0.07291350663878574, -0.12362755436713857, 0.10728624474008666] - [0.10884166493196394, 0.2498141172329898, -0.4048453521352799, 0.046189415146545246] - [0.03663587284413297, 0.4625550606396742, -0.37771750771039697, -0.12147332720979533] - [0.14342660468209037, -0.04460645247879317, -0.20149936804130644, 0.10268003652000592]
B1: 9.687809055002897e-08 - 2.146078187465838e-09 - -3.357187804593928e-08 - -3.316567222009074e-08
B2: 6.052872112861301e-09 - 1.2596798421922386e-08 - -1.753817791601987e-08 - 1.8893082864637523e-08
