Number: 1982
Error: 1.2753210138197121e-05
A1: [0.0377972928719869, 0.030842435576647963, 0.04963050544941754, 0.06621599362082879] - [0.10257530291708673, 0.22425976027610936, -0.10952911445508022, -0.06993190363082681] - [-0.06570249779806263, 0.4875567791573903, -0.02244732087309001, -0.20721404428143347] - [-0.0003686860868269085, 0.03725839596248235, -0.0064681035193519375, 0.06337390739963415]
A2: [0.1257539301060764, -0.23134410022270907, 0.015986940374711635, 0.0631471751483542] - [0.04151194552358395, 0.21216207320214023, -0.10625526994087497, -0.1132216399555883] - [-0.10270086714667832, 0.5461073706350192, -0.2438101433181952, -0.23528263984963319] - [-0.023905955881832235, -0.022821582765698605, 0.004727751136320188, 0.028287763000759494]
B1: 0.00022605228123617847 - 0.0033164950660658837 - -0.0012194394795854713 - -0.0001056414632651416
B2: 0.004941533204312247 - -0.009741055403735668 - 0.00781225101119849 - -0.0005950225575870897
