Number: 6493
Error: 5.284391449920357e-16
A1: [0.08043168937064941, -0.1804678060650142, -0.01958885229287674, 0.11962497642369728] - [0.03741559156936858, 0.13359639774181503, -0.13472617464575234, -0.03628581352820489] - [-0.001702815437365953, 0.22819012008212, -0.12282837907501735, -0.1036589066499949] - [0.03886323277936451, -0.11448102019754777, -0.04641644304448346, 0.12203422630420284]
A2: [0.0353074452782828, -0.029273473573841625, -0.07569734784330252, 0.06966341006472117] - [0.10289373474201463, 0.28289668520126265, -0.3926064116573944, 0.006815979324209189] - [-0.01118709172941175, 0.5390145989979838, -0.359451007673179, -0.1683764558596609] - [0.09786280368725467, 0.017463320794374994, -0.1688510064407375, 0.05352488287524407]
B1: -4.373985303090056e-09 - -8.517494916716157e-10 - -2.875384336685475e-09 - -3.7415517808208095e-10
B2: -2.2072122092124976e-09 - -3.5980764075872498e-09 - 3.1875631995291087e-10 - -4.116209073432349e-09
