Number: 5607
Error: 6.682623100018501e-08
A1: [0.06613792573197873, -0.11402576795184348, -0.024059481164924575, 0.07164758298595658] - [0.03674489036993796, 0.18756489980158175, -0.14805567995295524, -0.07883388544416568] - [-0.06001983919165271, 0.32915209700801284, -0.1275482006795701, -0.14076452869360337] - [0.03916717429320935, -0.0532077371340311, -0.037301374063656516, 0.05181134837587206]
A2: [-0.007909235593558194, -0.3455316765957239, 0.2506640657096534, 0.1077141096349485] - [0.079571174654393, 0.03577731735469635, -0.050762460899408224, -0.06658856985099597] - [-0.04270470653517578, 0.23055412240782905, -0.040801303330500305, -0.14812667172268215] - [0.06837939372144151, -0.2931982818754481, 0.1420360712138807, 0.08383576269361305]
B1: 0.0007802471528764138 - 0.0005560755228474334 - -0.00012295202255819664 - -0.00041847883302087864
B2: 0.00019591295762731885 - 0.00011220133638950683 - -0.000136270199158683 - -0.0001105755176044187
