Number: 1869
Error: 8.83240680171186e-07
A1: [-0.00553186434342788, -0.01329301835656956, 0.004758839352424105, 0.021148171902454372] - [0.06805840477839521, 0.19107382320033106, -0.14545852253906794, -0.10849263665525319] - [-0.10932111349510731, 0.4449994140088661, -0.06744560661933803, -0.2545649653299845] - [-0.02007107138374511, 0.018615346497893655, -0.026641132330383368, 0.042395169899164]
A2: [0.13070105738248045, -0.2255478880846105, 0.021764199361452508, 0.06926808857218988] - [0.031815406881831945, 0.2029452005444645, -0.1157128654856463, -0.12226049730787564] - [-0.09506281412042496, 0.5551056483370758, -0.23558944269598642, -0.22597978083048123] - [-0.020178556743114872, -0.01868009178479037, 0.008716488052106907, 0.032767426607344774]
B1: -0.0003977096669467225 - 0.0010657813745819323 - -0.0006309138542180167 - 0.00019118515299262033
B2: 0.0006921810165706487 - 0.0003929211717315361 - 0.0009826315060193326 - 0.0009400573064051204
