Number: 9714
Error: 7.949242223901552e-15
A1: [0.053172507296282874, -0.14800131383571064, -0.026999090117700537, 0.12182777911732164] - [0.005313683260665609, 0.1308366576736695, -0.1136007803236255, -0.022549799984141913] - [-0.014444579718442884, 0.2230915176497055, -0.1270412826571925, -0.08160603617771249] - [0.027146407894132286, -0.1000200902398568, -0.04942456071145847, 0.12229806806944453]
A2: [0.0892545429951176, -0.07291328880422836, -0.1236273409468508, 0.10728646577199208] - [0.10884139603980218, 0.24981384829331452, -0.4048456157015167, 0.04618914173012912] - [0.03663565838847459, 0.4625548473000498, -0.3777177169441215, -0.12147354388970254] - [0.14342625561153738, -0.04460680024938573, -0.201499708878498, 0.1026796822705551]
B1: 5.652420214501717e-08 - 1.1138936404279257e-07 - -9.918906858541976e-08 - 7.978026657976846e-08
B2: -2.7479008254947553e-08 - -3.0014712135199464e-08 - -8.928599550303084e-08 - -2.8828334312004446e-08
