Number: 9789
Error: 1.1144280369266904e-15
A1: [0.05317247405982564, -0.14800134708421248, -0.02699912331732274, 0.12182774586492344] - [0.005313814359605009, 0.13083678891036593, -0.11360064924398, -0.022549668700220658] - [-0.01444454022495735, 0.22309155715784537, -0.12704124319483873, -0.08160599667004406] - [0.027146538757651575, -0.100019959376415, -0.04942442957169965, 0.12229819926556063]
A2: [0.08925449473950205, -0.07291333694799489, -0.12362738811515729, 0.10728641692137394] - [0.1088416347144047, 0.2498140870100959, -0.4048453817543218, 0.04618938442055974] - [0.03663578588964353, 0.4625549741376289, -0.37771759254753007, -0.12147341506615109] - [0.14342654556810025, -0.04460651137261133, -0.2014994257609992, 0.10267997652898912]
B1: 8.487628041139724e-08 - -1.649677738535407e-08 - -4.7883123878247596e-08 - -1.557499307550988e-08
B2: -4.375649076512834e-09 - 1.424051400859888e-08 - -5.064924016107352e-08 - 5.827785576105031e-08
