Number: 8229
Error: 8.975804848080309e-16
A1: [0.08043165297058276, -0.18046784246099173, -0.01958888864947777, 0.11962494002774783] - [0.037415600520311454, 0.13359640668603417, -0.1347261657124956, -0.03628580458213165] - [-0.0017028191769742874, 0.22819011634258102, -0.12282838280915757, -0.10365891038860787] - [0.03886319879021866, -0.11448105409132421, -0.046416477011994695, 0.12203419233616283]
A2: [0.03530735352767966, -0.029273565578150317, -0.07569743507874929, 0.06966331403791842] - [0.10289373077653015, 0.2828966812021385, -0.39260641549275194, 0.006815975171783366] - [-0.011187056820855542, 0.5390146341146898, -0.35945097463137216, -0.16837641907541614] - [0.097862808380992, 0.017463325509429056, -0.16885100197259165, 0.05352488780211464]
B1: -3.3583277353296055e-08 - 7.99752607851365e-09 - 1.5378486997363342e-08 - 7.321515602322305e-09
B2: -1.4970462742133845e-08 - 1.1002913932136031e-08 - 1.0749631706783935e-08 - -1.3134117396475623e-08
