Number: 4213
Error: 1.004743940183879e-15
A1: [0.06621318572329496, -0.11395207575817146, -0.02398394624175979, 0.07172287218438535] - [0.03740262949287513, 0.18819338602655283, -0.1474089297082787, -0.07818699310542321] - [-0.06022936187748812, 0.3289508092004795, -0.12775310043904545, -0.14096831301449134] - [0.03904612737107398, -0.05332271621855696, -0.037418621125922515, 0.05169508993434812]
A2: [-0.00910861454571549, -0.3468032265863973, 0.24945505125358675, 0.10645663925277934] - [0.08003983733739324, 0.03628226943794363, -0.050250099613889466, -0.06607194674168383] - [-0.042452835790497724, 0.2308318730623866, -0.040531263047634665, -0.14784785703600328] - [0.06813479024229879, -0.2934678395923156, 0.1417712530948387, 0.08356187330671115]
B1: 2.7491642330142464e-08 - 1.90288914174056e-09 - -9.923227842763733e-10 - 1.3636453894557823e-08
B2: 9.467608260687034e-09 - 2.009034353103227e-08 - 2.8509772730368195e-10 - -1.11545341681826e-08
