Number: 6742
Error: 1.0606795935618026e-15
A1: [0.08043163295629857, -0.18046786247297555, -0.019588908639773087, 0.11962492001578941] - [0.03741555227741138, 0.1335963584795974, -0.13472621385942007, -0.03628585279839717] - [-0.0017028551129093443, 0.22819008040742056, -0.12282841869246852, -0.10365894631494904] - [0.03886319343408551, -0.1144810594324071, -0.046416482364692195, 0.12203418698337683]
A2: [0.035307417460110166, -0.029273501468955673, -0.07569737429245954, 0.06966338094997947] - [0.1028937497251812, 0.28289670031159375, -0.3926063971658745, 0.006815995013778427] - [-0.01118714981572756, 0.5390145405652039, -0.35945106265311977, -0.16837651706726284] - [0.09786277486571386, 0.017463291841733737, -0.1688510338769717, 0.05352485262200093]
B1: -1.4440538496149375e-08 - -2.3675547590464455e-09 - -2.298228641948784e-08 - -1.8259120262949255e-08
B2: -2.257105586427886e-08 - -1.183078182077825e-08 - -1.2187231388747852e-08 - -1.1527340464496851e-08
