Number: 2703
Error: 3.802555955643825e-09
A1: [0.06356918863253794, -0.047738876088052495, -0.023310945111561475, 0.007988640102291751] - [0.04379653673821827, 0.19140074990375655, -0.14242571123880146, -0.09236401332223673] - [-0.12368714743563412, 0.4146212761047764, -0.10509837325756724, -0.18731064339368175] - [0.036746583708936374, 0.018910657181514343, -0.033387659343592176, -0.023305861345287827]
A2: [0.06289484831524375, -0.17422885492186674, 0.08578259811237059, 0.023420502502809293] - [0.02927330213760134, 0.20028217617465796, -0.10172673261435228, -0.1278893479151221] - [-0.09336418910636597, 0.513727397027143, -0.2255610167657273, -0.1950533935174456] - [-0.025739503144300336, 0.01870823252576591, -0.05010220847452912, 0.05716028765517202]
B1: 2.890249592628588e-05 - 9.958316683271237e-05 - 5.635646245572236e-05 - 3.7083512648152496e-05
B2: 0.00014177183064976786 - -9.509150405138783e-06 - 9.83109113724541e-06 - -7.340871741565577e-05
