Number: 3033
Error: 4.8951262755852474e-08
A1: [0.06300822733840825, -0.048296613693550726, -0.02386629739965543, 0.007428911035953087] - [0.04389710168652667, 0.19149793152337924, -0.14232026557964667, -0.09225080106711021] - [-0.12215501487869257, 0.4161546877177723, -0.10355552200911913, -0.1857715729910831] - [0.03687002451101992, 0.019033586491901174, -0.03327088958843688, -0.023191201868737833]
A2: [0.06247445870119346, -0.17465076912894403, 0.08536327617941898, 0.023000097381484706] - [0.028869335081677903, 0.19988448834707825, -0.10212931670771085, -0.12828547975921456] - [-0.09392291570128476, 0.5131754762504166, -0.22612130491995003, -0.19559172663063762] - [-0.025447990505125317, 0.018990632505752177, -0.049815533725646156, 0.05744629815107589]
B1: -0.00019528527800725804 - -5.640865924066554e-05 - -0.00016604962038170432 - 0.0001636250370762514
B2: -0.000256141250503584 - -0.000371434142929741 - 0.00048326421302463126 - -0.0003386734419068573
