Number: 199
Error: 3.1792780857727175e-06
A1: [-0.01788984402212629, -0.020423924860031396, 0.011702676874706561, 0.0024523222243826946] - [0.06834133041306263, 0.19190369402826465, -0.1427259344254582, -0.10721326007648714] - [-0.09126888546376509, 0.42671331383761213, -0.0479901967081443, -0.2661480256992268] - [0.019924956026749752, 0.00197766768857368, 0.018703957363685388, 0.04774978352214572]
A2: [0.16050785073113083, -0.1688192350833691, 0.007555108251200099, -0.003538115688932604] - [0.04551955704426688, 0.217401872079132, -0.10720381019467959, -0.11596390484340258] - [-0.07986972600335988, 0.5877156818596764, -0.22917673952624998, -0.2538332739615626] - [0.003357906344542406, 0.002571801133745659, 0.008292160844461804, 0.014128016618267004]
B1: 0.005491208155797831 - 0.0023505014125872383 - 0.002512324088233005 - 0.0016569687657521242
B2: 0.009083090741997701 - 0.0031064869822354396 - -0.005744796955350807 - 0.002732185497568901
