Number: 3692
Error: 3.059900029877266e-15
A1: [0.06621338821487303, -0.11395187779148508, -0.023983743909037236, 0.07172307433610486] - [0.03740297078693188, 0.18819371210949606, -0.1474085941902275, -0.07818665755753677] - [-0.060228951741149665, 0.32895120311356774, -0.12775269910409237, -0.14096791383807508] - [0.03904685293736544, -0.05332202753947979, -0.03741791916504427, 0.05169578619565537]
A2: [-0.009108807238860941, -0.34680343100446775, 0.24945485700116296, 0.10645643722362133] - [0.08004012127190374, 0.036282575317131534, -0.05024978928949097, -0.06607163378183882] - [-0.04245305394971281, 0.23083163228791873, -0.04053149683573508, -0.14784809831245946] - [0.06813438852277219, -0.2934682819040867, 0.14177081759166235, 0.08356142290346033]
B1: -1.282869387777841e-07 - 3.039704952716806e-08 - 2.3462227949026577e-07 - -1.694038122832307e-08
B2: 3.56250053276276e-08 - 5.7729242346372986e-08 - 1.0024174828055039e-07 - -3.0807056310734656e-08
