Number: 1644
Error: 2.4545603954307353e-08
A1: [-0.007374437404363604, -0.015183755505436483, 0.002802858272360809, 0.019253402540275237] - [0.06666229970262386, 0.189726298410925, -0.14690629541286004, -0.11004449615757125] - [-0.11295941756750814, 0.4414120267152775, -0.07118005906547278, -0.25851665086209175] - [-0.02421913709576265, 0.014506124818327436, -0.030802687583227028, 0.03801036605769857]
A2: [0.1309100743995959, -0.2252955604065901, 0.021993505926986495, 0.06949448491939901] - [0.032955446412694246, 0.20405383173188693, -0.11457997450762467, -0.12115473824002583] - [-0.09515698468353809, 0.5550173339994409, -0.23573179577579947, -0.2261620342443254] - [-0.020818096810080407, -0.01927761184023063, 0.008122106130659284, 0.03218373414872666]
B1: -0.00017969039810516289 - -0.00021697550032436606 - 5.538633472280423e-05 - 3.9167955111819224e-05
B2: 0.0001402278574930648 - 0.00010743434350617815 - -0.00018562787362466648 - 0.00019036033938738377
