Number: 1363
Error: 8.170730492303328e-10
A1: [-0.007324043020467634, -0.015131543056227255, 0.00285527505853186, 0.019314568583179106] - [0.06686985892692333, 0.18992590823290958, -0.14669059631090248, -0.10981435374782464] - [-0.11257867568521635, 0.44179190125498297, -0.07078248148171361, -0.25809258609903785] - [-0.02343958360115346, 0.015275127154267593, -0.0300063837026892, 0.03883745235946647]
A2: [0.13165918611730654, -0.22455664375813725, 0.022738496332585782, 0.07023194681512336] - [0.0326886776406673, 0.20379097062644977, -0.11484607738511458, -0.12141597570272965] - [-0.0946797653990448, 0.5554838671063193, -0.2352582865812929, -0.22569121593621394] - [-0.02088014185456266, -0.01932789002083882, 0.008065719530306607, 0.03213097545765914]
B1: 2.9023333467943962e-05 - -0.00023345367043950898 - -2.976515452720515e-05 - 3.000634476036548e-05
B2: -0.0001097328813879229 - -1.7333069758093783e-05 - -2.3146068726093215e-05 - -8.097272752000612e-06
