Number: 6579
Error: 9.183731819146622e-16
A1: [0.0804316801952945, -0.1804678152393301, -0.01958886145726061, 0.11962496724939028] - [0.037415559563587955, 0.13359636576025816, -0.13472620658776074, -0.036285845516256264] - [-0.001702773422778485, 0.22819016209581158, -0.1228283371219459, -0.10365886464662023] - [0.038863188951002325, -0.11448106390291082, -0.046416486844917705, 0.12203418250308057]
A2: [0.03530743773014656, -0.029273481142855013, -0.07569735501997127, 0.06966340216477493] - [0.10289373715167935, 0.2828966876313785, -0.39260640932679836, 0.00681598184748067] - [-0.011187102579111128, 0.5390145880835704, -0.3594510179426511, -0.1683764672923731] - [0.09786280795403145, 0.01746332508055995, -0.16885100237904296, 0.053524887353971685]
B1: -2.111365185236888e-09 - -2.5170642574505536e-09 - -9.28710024809941e-10 - -2.545709701323289e-09
B2: -1.6659863784564218e-09 - -1.8399089483102207e-08 - 4.1180792983436906e-08 - -2.625913575222207e-08
