Number: 2877
Error: 9.565060870709723e-09
A1: [0.06321560417211843, -0.04809023656816198, -0.023660400784371458, 0.007637826986786616] - [0.0435972972280926, 0.1912083968161117, -0.14263084748837596, -0.092582853575546] - [-0.12326314017235329, 0.4150411779108654, -0.10467758907619501, -0.18689279167068126] - [0.03714890627795827, 0.01931151758795864, -0.03298872241624371, -0.02290928968173104]
A2: [0.06336593275422153, -0.17376120431374606, 0.08624597567477373, 0.023880252508937463] - [0.029336993953431045, 0.20034515468916742, -0.10166335958012421, -0.12782716193589982] - [-0.09366641123720976, 0.5134303650272218, -0.22586337652382546, -0.1953470332801133] - [-0.02519454828004455, 0.01924927021912162, -0.04955388331749095, 0.05769102358280495]
B1: 2.4816752854457596e-05 - 2.3115512355486286e-06 - 0.0001791929025644814 - -0.00015678887129687695
B2: -5.35854374189374e-05 - 1.0785146516400838e-05 - -7.975545491821127e-05 - -3.645071466770585e-05
