Number: 8936
Error: 0.0012464535110468585
A1: [0.07655881092360986, -0.19196779993381052, -0.024827677288430064, 0.11870598659882509] - [0.017850482699261063, 0.11673304940917224, -0.1364679216616554, -0.03684001174434699] - [-0.016070803284178464, 0.20870181848156616, -0.14220454435117996, -0.12065534993260174] - [0.06488467982871966, -0.10376656892615702, -0.03365059503346476, 0.13909194243255427]
A2: [-0.10394684866377678, -0.15621943059417734, -0.2253437044820236, -0.06265773675381514] - [0.09479684693125653, 0.27107877406097586, -0.40636206155634386, 0.009868636248570628] - [-0.05150780524183998, 0.47999217329382027, -0.39595453263196295, -0.1965976086495859] - [0.07552383017682235, -0.019477051145761568, -0.1874474153343451, 0.045390311713586845]
B1: 0.01539985991164644 - -0.025887636166076103 - -0.010644316213079364 - -0.016568698755533066
B2: -0.04293208701070908 - -0.04554035655548234 - -0.00431179298809008 - -0.07130433287026629
