Number: 760
Error: 9.158125075687354e-14
A1: [-0.012154044852956725, -0.014517838758645919, 0.018086563828084507, 0.008582401658687892] - [0.06583593225802623, 0.18949593122566147, -0.1453218497914162, -0.1100077848957868] - [-0.09629414895402, 0.42178505101716895, -0.05345849967108656, -0.27203698655444913] - [-0.0013201477573513958, -0.01821794415337367, -0.003833671050314696, 0.023378306838130976]
A2: [0.1615863010071011, -0.16775518516416452, 0.008500922550271692, -0.002333478739195741] - [0.035485676133320446, 0.2075166751423234, -0.11721047141019626, -0.12579207591305175] - [-0.08621374523635447, 0.581537925331245, -0.2353889217831786, -0.25993576374152816] - [-0.0038353308121270835, -0.004519647276664364, 0.001109897087680255, 0.00724304498343155]
B1: 1.2096883836948146e-08 - -4.1160018254809194e-08 - -1.6521188429068579e-07 - 6.298869603966046e-08
B2: 2.5832515979281725e-07 - -2.3678448799407215e-07 - 4.579195371069368e-07 - -6.246087835808045e-07
