Number: 3716
Error: 1.2692833912811552e-15
A1: [0.06621291904441368, -0.11395233647762527, -0.02398421271138359, 0.07172260595304583] - [0.03740264796645965, 0.1881934036767479, -0.1474089115473785, -0.07818697494287502] - [-0.0602295460207116, 0.32895063234120747, -0.12775328063071192, -0.14096849223699576] - [0.03904601429335552, -0.05332282354769337, -0.03741873052477639, 0.05169498142381689]
A2: [-0.00910861078337471, -0.3468032225952875, 0.24945505504640153, 0.10645664319725229] - [0.08003996483404742, 0.03628240678846565, -0.05024996026724435, -0.06607180621174044] - [-0.04245260936872567, 0.23083212295581196, -0.040531020404884176, -0.14784760662187058] - [0.06813485602281825, -0.29346776716505574, 0.14177132440742776, 0.08356194705887007]
B1: 8.216791072515968e-08 - 4.171525126039712e-08 - -1.1031233780012108e-07 - -3.1473043497398403e-09
B2: 4.8464797305699374e-08 - 4.058220068584065e-08 - -1.2922249074699088e-08 - -8.399172042690796e-08
