Number: 6204
Error: 8.817730497123274e-16
A1: [0.08043164685825266, -0.18046784857259213, -0.019588894754439704, 0.11962493391615876] - [0.03741555647613995, 0.13359636267515104, -0.13472620966905646, -0.036285848601990744] - [-0.0017028275995338957, 0.22819010792021413, -0.12282839121937884, -0.10365891880891459] - [0.03886321774786648, -0.11448103518685837, -0.04641645806640426, 0.12203421128204978]
A2: [0.03530739017450187, -0.029273528830036054, -0.07569740023523773, 0.06966335239260305] - [0.10289371439234389, 0.28289666467888064, -0.39260643133932427, 0.006815958015116334] - [-0.011187066944265963, 0.5390146239309663, -0.3594509842135145, -0.16837642974267622] - [0.0978627811166384, 0.017463298121091077, -0.16885102792648884, 0.05352485918342719]
B1: -2.933153529088687e-08 - -1.08645998885542e-08 - -8.90792472987042e-09 - -1.1034708011451138e-08
B2: -2.0584099369224325e-08 - -2.6303504971875826e-08 - 3.326599468088245e-09 - -6.4179310690777035e-09
