Number: 7303
Error: 7.584584078395457e-16
A1: [0.08043167253838154, -0.1804678228953757, -0.019588869105015512, 0.11962495959335231] - [0.03741557660721111, 0.1335963827909846, -0.13472618957809224, -0.03628582848207281] - [-0.0017028347137489086, 0.22819010080614763, -0.1228283983231711, -0.10365892592122927] - [0.03886321711895101, -0.11448103581401335, -0.046416458694920996, 0.12203421065352012]
A2: [0.03530740675226116, -0.02927351220641933, -0.0756973844733715, 0.0696633697430704] - [0.10289379174859023, 0.2828967426916616, -0.39260635652136616, 0.006816039018419666] - [-0.011187040555522174, 0.5390146504770865, -0.35945095923594156, -0.16837640193599673] - [0.0978628100913286, 0.0174633272275768, -0.1688510003444733, 0.05352488959743182]
B1: -1.4285630864682878e-08 - 1.5631458756124408e-08 - 1.7216833786604026e-08 - 4.4671100217778655e-10
B2: 8.774892480778566e-10 - 2.152455693869283e-09 - 1.321121687821713e-09 - 2.671678830086613e-09
