Number: 1469
Error: 8.890176527101201e-10
A1: [-0.0071107206912106756, -0.014916369921031548, 0.0030768692665629005, 0.01953351335061683] - [0.06672739743683172, 0.18978884044996702, -0.14683780549380687, -0.10997286895275353] - [-0.11268331350903396, 0.4416892153862331, -0.07089156565735204, -0.25820590164258006] - [-0.024060805370045506, 0.014664593425826091, -0.03064047399388497, 0.038181779354011784]
A2: [0.13163991802585817, -0.2245754554813544, 0.022719579883202074, 0.07021307352574653] - [0.03267916802982331, 0.20378163042776617, -0.11485550006383614, -0.12142527134259766] - [-0.09483615664054389, 0.5553298069420929, -0.2354123084037032, -0.22584512139036284] - [-0.020847860796320842, -0.019296050714100305, 0.008097712562573273, 0.032161729307470875]
B1: 2.0200955200713742e-05 - -1.3653420493329446e-05 - 6.162085397758415e-05 - -2.2567191988845275e-05
B2: 4.2884884556935496e-05 - 6.329326130416097e-05 - -3.809990122662298e-05 - 1.399639842593989e-05
