Number: 4839
Error: 1.0422821703619515e-15
A1: [0.06621310723413412, -0.1139521524933756, -0.023984024669335288, 0.07172279382692366] - [0.037402570187552046, 0.18819332936434233, -0.14740898800995716, -0.07818705141227318] - [-0.060229381218038607, 0.32895079062493865, -0.12775311936456993, -0.14096833183802182] - [0.03904610220892807, -0.05332274010146347, -0.037418645469383505, 0.05169506578850609]
A2: [-0.009108735982740972, -0.3468033554118429, 0.24945492883392587, 0.10645651193287094] - [0.08003986407885788, 0.036282298246173114, -0.05025007038693593, -0.06607191726658859] - [-0.042452797764364454, 0.23083191503039027, -0.04053122229718634, -0.14784781498053082] - [0.06813485183010591, -0.29346777178165356, 0.14177131986161312, 0.08356194235778962]
B1: 4.2749272803479104e-08 - 7.438983450322051e-09 - 2.0443901392765292e-09 - 1.2896697147524793e-08
B2: 2.881763964975723e-08 - 1.8918161318013867e-08 - -1.7591555851241725e-08 - 7.2240043044138916e-09
