Number: 7939
Error: 1.054238276656626e-15
A1: [0.08043170590532142, -0.18046778953222678, -0.01958883577798149, 0.11962499295647819] - [0.03741560113799156, 0.1335964073031966, -0.1347261650961476, -0.03628580396486627] - [-0.0017028140644188994, 0.22819012145503192, -0.1228283777040751, -0.10365890527740788] - [0.038863249395089304, -0.11448100362846411, -0.04641642643934896, 0.12203424290959748]
A2: [0.035307533669074735, -0.029273384938571193, -0.07569726380231712, 0.06966350257511206] - [0.1028937629542345, 0.2828967136529316, -0.39260638437087564, 0.006816008866507745] - [-0.011187114132612329, 0.5390145764611368, -0.3594510288782961, -0.16837647946669815] - [0.09786284377341738, 0.017463361062864922, -0.16885096828124646, 0.053524924952596635]
B1: 1.826355737082023e-08 - 2.386008703364717e-08 - -1.0340442529956348e-08 - 3.778724230771267e-09
B2: 4.103357643885009e-09 - 1.848186734976152e-08 - 1.1288096197917226e-08 - 5.264863271586956e-09
