Number: 6104
Error: 4.435682692724699e-15
A1: [0.0804316986715951, -0.18046779676515798, -0.019588843003067243, 0.11962498572355994] - [0.03741565859975469, 0.13359646472142211, -0.13472610774895258, -0.03628574653497373] - [-0.0017027104167466147, 0.22819022510048453, -0.12282827420816655, -0.10365880165744551] - [0.038862887676841824, -0.11448136433158872, -0.04641678792711194, 0.12203388141615325]
A2: [0.035307199320495704, -0.029273720211940153, -0.07569758169662745, 0.06966315264312388] - [0.10289398818809271, 0.282896940798384, -0.39260616652770286, 0.006816244719350715] - [-0.011187249048887423, 0.5390144407401481, -0.3594511565793387, -0.1683766216327629] - [0.09786303092861659, 0.01746354906939078, -0.16885079012174387, 0.05352512140481833]
B1: -8.420719221612439e-10 - 1.769523722112916e-07 - 6.946239604757471e-08 - 1.0769951809414738e-07
B2: 3.1773266251175417e-07 - 4.301198836360696e-07 - -5.087402361952664e-07 - -3.0160236689432855e-08
