Number: 9620
Error: 2.3010167277215907e-14
A1: [0.05317311725738766, -0.14800070365428267, -0.026998480831333733, 0.12182838937179491] - [0.005313903558733951, 0.13083687820061113, -0.11360056006129066, -0.02254957937447647] - [-0.01444455789294054, 0.22309153948295457, -0.1270412608496633, -0.0816060143428144] - [0.0271468240932573, -0.10001967404425442, -0.04942414363675882, 0.12229848532456417]
A2: [0.08925343947791758, -0.07291438976750639, -0.12362841959769569, 0.10728534865021208] - [0.10884276565486282, 0.24981521814879457, -0.40484427321584726, 0.04619053438934695] - [0.03663648749051386, 0.4625556720884191, -0.37771690803020164, -0.12147270618757108] - [0.14342647876364695, -0.04460657793116176, -0.2014994909928969, 0.10267990873153118]
B1: -1.7534521741027365e-07 - 1.8885619797200173e-07 - 9.76411427653465e-08 - -3.916066010749892e-07
B2: 3.386690157296238e-08 - -6.018490903314138e-08 - 2.946747808567392e-08 - -2.865257527170955e-07
