Number: 3407
Error: 1.8483075183604578e-07
A1: [0.06766642759344206, -0.11253170077030412, -0.022532780156979015, 0.07317412976097604] - [0.03755880789772504, 0.1883422661313425, -0.14725558234595948, -0.07803319011889642] - [-0.06583000193983025, 0.32356652201213837, -0.1332395000746173, -0.1464296387298303] - [0.0378508439804226, -0.054454291986695776, -0.03857337343081633, 0.05054601203155443]
A2: [-0.00698772279446989, -0.34455370243009065, 0.25158903400116017, 0.1086819320822776] - [0.08058921038911547, 0.03687365574981594, -0.049652457292903726, -0.06547022207104602] - [-0.04217893027816827, 0.23113356741468866, -0.04024043910905429, -0.14754775616768462] - [0.06799999193054962, -0.2936151883862438, 0.14163259620919563, 0.08341632082589805]
B1: 0.0006339421504565302 - -0.0007905975138739713 - -0.0002767574626697569 - 0.0002798864394073864
B2: -9.411576376480666e-05 - 0.00017011107730051378 - 0.0007297067914067283 - -0.00077299013270209
