Number: 5381
Error: 3.5331940766395093e-16
A1: [0.06621318876851875, -0.11395207278094921, -0.023983943198908887, 0.07172287522449595] - [0.03740264457603861, 0.18819340043765947, -0.14740891488024874, -0.07818697827610366] - [-0.06022924324829874, 0.328950923137272, -0.12775298435537183, -0.14096819755488638] - [0.039046117185304756, -0.05332272588633908, -0.037418630980105505, 0.05169508016009515]
A2: [-0.009108433255236782, -0.3468030342658742, 0.24945523401042338, 0.10645682932562067] - [0.08003964655947135, 0.03628206391581047, -0.05025030812267677, -0.06607215702111006] - [-0.04245266136932777, 0.23083206556367852, -0.04053107613158469, -0.14784766413348804] - [0.06813486250161634, -0.29346776003213987, 0.14177133143002552, 0.08356195432223752]
B1: 3.4106669134822286e-08 - 4.230013930039475e-08 - 4.536755933995052e-08 - 3.200018737128989e-08
B2: 3.9000448382860886e-08 - 4.956368434396539e-08 - 2.0606256768166863e-08 - 3.120495904422936e-08
