Number: 1606
Error: 7.12332464175812e-08
A1: [-0.008545972497964323, -0.01636346672508966, 0.001586618327760155, 0.018052549033759455] - [0.06490130173690999, 0.18803208073829553, -0.14872601365999988, -0.11200334872735038] - [-0.11378009238571889, 0.44061394412372457, -0.07203111864024284, -0.2593921298164478] - [-0.024513738371243588, 0.014218403818315248, -0.031102419114219515, 0.037699206222803844]
A2: [0.13156929682443347, -0.22464903701852965, 0.022646848839834425, 0.07014102192880603] - [0.033008006135024116, 0.2041049491278174, -0.11452734132202842, -0.12110317786154712] - [-0.09434360739383926, 0.5558151077015475, -0.23492664130591867, -0.2253611780540615] - [-0.020775495338595264, -0.019235232314914356, 0.008160127280865497, 0.03222634108048346]
B1: 0.00014427258250662657 - -0.0007635281891530622 - 6.612186413179296e-05 - 0.0001445370561375815
B2: 0.00034227703910144007 - -0.0005460165252860832 - -0.0004937761784475738 - 2.430350533985937e-05
