Number: 8492
Error: 1.0313585517668975e-15
A1: [0.08043170666076113, -0.18046778877685024, -0.019588835023472754, 0.11962499371183224] - [0.03741563909451219, 0.1335964452309869, -0.13472612721517863, -0.03628576602933016] - [-0.0017028388999555909, 0.22819009662002193, -0.12282840250326096, -0.10365893010631255] - [0.038863314251468745, -0.11448093895403537, -0.04641636162427878, 0.12203430772570387]
A2: [0.03530732308196869, -0.029273596108065153, -0.07569746402626198, 0.0696632821732985] - [0.10289373879741491, 0.28289668929114264, -0.39260640773503375, 0.0068159835708121235] - [-0.01118722956376952, 0.5390144603415129, -0.3594511381367044, -0.1683766011002073] - [0.09786279048617026, 0.0174633075332352, -0.16885101900733424, 0.05352486901841118]
B1: -2.6133421402768072e-08 - -3.774550122712955e-09 - 4.506051586979678e-08 - 7.838744524358784e-10
B2: 3.0608964405034805e-08 - -5.464752003286731e-08 - 4.2127059094508534e-08 - 1.2078639151303159e-08
