Number: 5879
Error: 4.226897471010224e-08
A1: [0.08064102199079883, -0.18025961669084312, -0.019379276094933996, 0.11983452383919965] - [0.03707244773742702, 0.13325298226312396, -0.1350683641583668, -0.03662861254690966] - [-0.0017521104730337277, 0.22814055776592204, -0.12287716728276556, -0.10370797193845728] - [0.039480843437561065, -0.11386583020496267, -0.04579864865651278, 0.12265175837764758]
A2: [0.03687336985300574, -0.027703975914023873, -0.07420834124022838, 0.07130309586613699] - [0.1053705570765753, 0.28539212211593357, -0.39021194430268835, 0.009410407641233492] - [-0.008346429910037785, 0.5418711960749781, -0.35676147539293696, -0.16538154589125] - [0.09985464182637761, 0.019463395086579877, -0.16695453523477494, 0.055616674806159776]
B1: 1.3453556287080766e-05 - -0.0008902457693465919 - 0.00042624358137322563 - 0.00012835463922837017
B2: -0.0004099349792961444 - -0.0001035727151243351 - 0.0004634134876009694 - -0.00012205416783572863
