Number: 7048
Error: 1.00974348588916e-15
A1: [0.08043169498153274, -0.18046780045476576, -0.019588846688699712, 0.1196249820339405] - [0.03741559789089091, 0.13359640405855427, -0.13472616833682333, -0.03628580721018405] - [-0.0017028133408607856, 0.2281901221785768, -0.12282837698158244, -0.10365890455404954] - [0.03886323682084043, -0.11448101616741095, -0.046416439005582205, 0.12203423034316695]
A2: [0.03530739027287877, -0.02927352873138104, -0.07569740014173883, 0.06966335249560217] - [0.10289378677463319, 0.282896737675491, -0.39260636133212345, 0.006816033809968185] - [-0.011187069662890351, 0.5390146211961092, -0.3594509867867221, -0.16837643260742452] - [0.09786279466903053, 0.017463311735129324, -0.1688510150255016, 0.0535248734090431]
B1: -9.617988241560598e-09 - 7.85894402212988e-09 - 1.06819813796007e-08 - -2.7942333595377556e-10
B2: 9.276383418050538e-10 - -1.0350841827898754e-10 - 7.061125793242226e-09 - -1.8485098009728773e-09
