Number: 2504
Error: 5.2801737223347094e-08
A1: [0.06445962104711309, -0.046853249684632385, -0.022428975110927243, 0.008867465222506926] - [0.042009747081807554, 0.1896742922201739, -0.14427236384540565, -0.09433416565810712] - [-0.12346973591067897, 0.41483336184296316, -0.1048826767623884, -0.18710024119530377] - [0.03686698370772938, 0.019031298458323992, -0.03326924856200275, -0.023191897831322833]
A2: [0.061805851518464565, -0.17531108714018206, 0.08469337112019108, 0.022345141737506596] - [0.028104430580009818, 0.19913438744609527, -0.10289035240482672, -0.12903201924383276] - [-0.09575961136101677, 0.5113934990134251, -0.2279605570432364, -0.19736772318011953] - [-0.027055558695658947, 0.017415959334499548, -0.051420126929103256, 0.05588366921690449]
B1: 0.0003713926801282347 - -0.00026398433362389184 - -0.00035770454598182765 - -0.00030061382706116324
B2: -0.00035372220652918763 - -0.0001970265295671565 - -0.00010794313209843381 - -0.0002767096780067372
