Number: 7705
Error: 1.3090912625111471e-15
A1: [0.08043167611962661, -0.18046781931454406, -0.019588865528048675, 0.11962496317419112] - [0.03741558166329719, 0.13359638784323644, -0.13472618453207036, -0.03628582342878477] - [-0.0017028280561441206, 0.2281901074636062, -0.1228283916753132, -0.10365891926539889] - [0.03886322051305784, -0.1144810324294398, -0.046416455302970054, 0.12203421404551985]
A2: [0.03530735746905662, -0.02927356162591995, -0.07569743133127886, 0.06966331816292427] - [0.10289361531520924, 0.2828965647608987, -0.3926065271654943, 0.006815854266999993] - [-0.011187164258044177, 0.5390145260367474, -0.35945107632314766, -0.1683765322855663] - [0.09786276418047889, 0.017463281107903805, -0.1688510440486628, 0.05352484140602912]
B1: 3.820602592519191e-08 - -1.969735651567852e-08 - -3.643067812043743e-08 - -1.0820927744657393e-08
B2: -1.5337920217572187e-08 - -1.7776996135506698e-09 - -1.5459389296093944e-08 - -1.3015218727683668e-08
