Number: 611
Error: 7.116469878576478e-14
A1: [-0.012152387414882053, -0.014516136402612349, 0.018088395799572842, 0.008584172822691243] - [0.065835147637515, 0.18949517645391126, -0.14532266102073008, -0.11000865849255764] - [-0.09629391715770882, 0.42178527504889557, -0.05345824814277253, -0.27203671650341993] - [-0.0013209192814583473, -0.018218686142395933, -0.003834492307190436, 0.02337741508842671]
A2: [0.16158637908501033, -0.16775510855244885, 0.008500999061120552, -0.002333402624562485] - [0.035485645299942185, 0.20751664480443108, -0.11721050211463585, -0.12579210607645364] - [-0.08621389631754839, 0.5815377773531908, -0.23538906878350913, -0.2599359110694102] - [-0.0038351617578530266, -0.004519481029909123, 0.0011100644168509054, 0.007243206722685299]
B1: -1.0871832584624032e-07 - 8.396423729894449e-08 - -1.3915554417165297e-07 - -3.536284324194928e-08
B2: -5.389402510778892e-08 - 3.815233571895797e-07 - -1.156767554911334e-06 - -5.3570771323186096e-08
