Number: 3612
Error: 5.450916778598144e-13
A1: [0.06621095109471065, -0.11395426043837513, -0.023986179150612824, 0.07172064130416768] - [0.03740582888338981, 0.18819644282340123, -0.14740578446573296, -0.07818384757692279] - [-0.06023047803352136, 0.3289497372272097, -0.12775419259634577, -0.1409693993584043] - [0.03904764078902621, -0.053321279754619914, -0.03741715696962741, 0.051696542187717236]
A2: [-0.009109301423473451, -0.34680395527808805, 0.24945435882513176, 0.10645591905083086] - [0.08004381830326869, 0.036286558106368966, -0.05024574863854322, -0.06606755881429914] - [-0.04245652560022455, 0.23082780070393055, -0.040535217261997165, -0.14785193786997503] - [0.06813882916316633, -0.29346339257180537, 0.1417756317092714, 0.08356640170431072]
B1: 3.1742101116565943e-07 - -1.6578625725294623e-06 - -2.8676758465932686e-06 - 1.376591412336933e-06
B2: -8.955725895550306e-08 - 6.046648714718121e-07 - -2.879749311518384e-07 - -1.7116181220213496e-06
