Number: 8259
Error: 7.525800294095966e-16
A1: [0.0804316870247747, -0.18046780841064983, -0.01958885463600373, 0.11962497407805557] - [0.03741560136880499, 0.13359640753388102, -0.1347261648656888, -0.03628580373411009] - [-0.0017028331899680343, 0.2281901023298832, -0.12282839680163339, -0.10365892439786399] - [0.03886323370095992, -0.1144810192785477, -0.04641644212349894, 0.1220342272252117]
A2: [0.035307411400884926, -0.029273507544880475, -0.07569738005353391, 0.06966337460838874] - [0.1028937349470808, 0.2828966854080859, -0.39260641145904424, 0.006815979538953626] - [-0.011187155575492302, 0.5390145347710398, -0.3594510681049798, -0.1683765231364118] - [0.09786271114018416, 0.017463227826327463, -0.16885109453971275, 0.053524785731114376]
B1: -1.4277808373536572e-08 - 7.610293289529398e-09 - -2.4480633300836802e-08 - -3.076360294767691e-08
B2: -6.495650614992903e-09 - -4.074394387476585e-09 - -9.112025498002735e-09 - -1.0832358369917315e-08
