Number: 231
Error: 9.804398406801963e-08
A1: [-0.016188653032204476, -0.01867327282478244, 0.013613358162675233, 0.004262474959090974] - [0.06839415139053347, 0.19195470292140684, -0.14267666749882005, -0.10715831093242612] - [-0.0916892065458671, 0.4262451146598142, -0.04844842533247165, -0.2666611607946889] - [0.000658440229031898, -0.016324989875899015, -0.0017285632409688898, 0.02565482399902706]
A2: [0.16323815889179233, -0.16612808622765038, 0.010136494214475154, -0.0007328998835184899] - [0.03877481716964786, 0.21075685589380994, -0.1139314091162726, -0.12257414313357583] - [-0.08653375451382116, 0.5812172146246986, -0.23571177107967942, -0.2602671128144016] - [-0.004639880874294136, -0.005312778720546276, 0.00030948194519102534, 0.006465236967424029]
B1: -0.0004358672902623832 - 0.00010894793847703212 - 0.00017478408484112787 - -6.474700114400973e-05
B2: 0.0002968949245741137 - 0.0006999695772074728 - -8.359101507277467e-05 - -0.0008625155927792297
