Number: 7431
Error: 7.012379577677992e-16
A1: [0.08043170066976084, -0.18046779476718747, -0.019588841007280988, 0.11962498772151589] - [0.037415606841067255, 0.13359641300195532, -0.13472615940447993, -0.03628579826496654] - [-0.001702787886308185, 0.22819014763258683, -0.12282835156429868, -0.10365887910628585] - [0.03886325530044764, -0.11448099773967295, -0.04641642053775999, 0.12203424881128301]
A2: [0.035307248810912684, -0.029273670584595707, -0.07569753464209265, 0.06966320444042519] - [0.10289369097287393, 0.2828966410606639, -0.39260645399034627, 0.0068159334915607805] - [-0.011187125039365257, 0.5390145654893426, -0.35945103920177474, -0.16837649095952342] - [0.09786275097324638, 0.017463267840594498, -0.16885105662109184, 0.053524827542729185]
B1: -1.713096226885051e-08 - 1.7558517426723738e-08 - 4.482329512536818e-08 - 1.7319089483351357e-08
B2: 1.9419261630154274e-08 - 1.5664079534969856e-08 - 4.328365373446413e-08 - 2.3172890735761733e-08
