Number: 6582
Error: 8.207319991801148e-16
A1: [0.0804316798780178, -0.18046781555657085, -0.01958886177415793, 0.11962496693214984] - [0.037415559726915, 0.1335963659234616, -0.13472620642475913, -0.036285845353019694] - [-0.001702774205322446, 0.2281901613132843, -0.12282833790334408, -0.10365886542895535] - [0.03886318934663496, -0.11448106350838846, -0.04641648644953717, 0.1220341828984673]
A2: [0.03530743855224515, -0.029273480318482595, -0.07569735423833068, 0.06966340302519056] - [0.10289373781251845, 0.2828966882978262, -0.3926064086876435, 0.006815982539475934] - [-0.011187101531426108, 0.5390145891375044, -0.3594510169509948, -0.16837646618839044] - [0.09786280936329597, 0.017463326496234766, -0.16885100103751477, 0.053524888833241115]
B1: -1.4631950580535381e-09 - -1.9744251081034454e-09 - -8.832677894306901e-11 - -1.7911986826652004e-09
B2: -2.291498160747438e-09 - -1.869232213631431e-08 - 4.019731909425625e-08 - -2.6381969858720557e-08
