Number: 8870
Error: 0.00010836498202112237
A1: [0.0672111365070698, -0.19297458483450813, -0.03353528470111877, 0.10689680027693575] - [0.021996251807698364, 0.11904683059161175, -0.1497431367725985, -0.05143388840846672] - [-0.0031701971026821215, 0.22703004216502248, -0.12418240296836267, -0.10504728811752789] - [0.03209846067530136, -0.12039037796106215, -0.05425151789222597, 0.11583408159737962]
A2: [0.0395253904205613, -0.025041756789942603, -0.0716048135677978, 0.07411655719409693] - [0.09253799767472225, 0.2725912340216172, -0.4018320466938751, -0.004116975313984489] - [-0.03414219963845954, 0.5147572603894229, -0.3819942201856757, -0.19234306455299324] - [0.09356855549225082, 0.013448781773575627, -0.17269909730261085, 0.04903181821905412]
B1: -0.006174326749279261 - -0.0034808178122024257 - -0.0011421433410241273 - -0.007231742927206198
B2: 0.0076959328757845065 - 0.008052248778783728 - 0.002716282977000181 - 0.003456702868789869
