Number: 4223
Error: 8.149723531060977e-16
A1: [0.06621321639957713, -0.11395204576740318, -0.02398391558955064, 0.07172290280918422] - [0.0374026676357197, 0.18819342246945178, -0.1474088922109374, -0.07818695560476722] - [-0.06022934575277953, 0.32895082468737313, -0.1277530846603565, -0.1409682973206694] - [0.039046084868624174, -0.053322756560280314, -0.037418662245623624, 0.051695049148530924]
A2: [-0.009108504239391677, -0.3468031095686377, 0.2494551624524069, 0.10645675490293068] - [0.0800398383939389, 0.03628227057614597, -0.050250098459145194, -0.06607194557713442] - [-0.04245284563238739, 0.23083186220026752, -0.04053127359459163, -0.14784786792076005] - [0.06813485817811174, -0.29346776479202835, 0.14177132674381077, 0.08356194947530372]
B1: -2.068532600208967e-08 - 1.6415038402288502e-08 - -1.4916320615954506e-08 - 2.6682347179883568e-08
B2: 1.2650007280317356e-08 - 3.4299245406346716e-08 - 6.1769890319899325e-09 - -3.5855304628657706e-08
