Number: 8935
Error: 0.00014125417748091918
A1: [0.08248050774937764, -0.1858859814383264, -0.018748724855212257, 0.12476531725155232] - [0.01807678409773603, 0.11733115047994057, -0.136283867187203, -0.036462554544240626] - [-0.005095764064367288, 0.21910899880657236, -0.13130453215499985, -0.11004519598971435] - [0.060725613336152215, -0.10660800317792786, -0.03711076392439674, 0.13597459307091703]
A2: [-0.09701767216324636, -0.14939740052555034, -0.21909530047489711, -0.054893370136360954] - [0.09877650625645518, 0.27497318261936654, -0.402201401721512, 0.013530370597801385] - [-0.0584369697748334, 0.47340841554906454, -0.40274885846279124, -0.2037171742188831] - [0.07307273535691458, -0.02179241816389884, -0.18968293184121285, 0.04256863200044868]
B1: 0.005719289614897236 - -0.04093930151638893 - -0.03001153535862177 - -0.03582352409688761
B2: -0.01997636357757158 - -0.026336380989983914 - 0.020219759215370597 - -0.05359472147273647
