Number: 1167
Error: 2.521883177750579e-07
A1: [-0.004727664422216107, -0.012493485881750144, 0.005559065882059215, 0.0219724487371192] - [0.06832443842054904, 0.19132445862809475, -0.14518710747145583, -0.10819271659165305] - [-0.10962007384502481, 0.44471458014470083, -0.06769018293085144, -0.2548944183763741] - [-0.017153367282573728, 0.021480433471066526, -0.023556467995679, 0.04546859081146796]
A2: [0.13270203159309346, -0.22353448183703709, 0.023769328151843794, 0.07126027427723583] - [0.0323470584199945, 0.2034592819034185, -0.11518373401330091, -0.12175485026023394] - [-0.0934069570186428, 0.5567294248726039, -0.2340003511615623, -0.22444823712598652] - [-0.019430283629761815, -0.017912003231266325, 0.009504110281480268, 0.03352691500488098]
B1: 0.00032525168258626364 - 0.0009015628419327575 - 0.00022585384273461243 - 0.00013210312268024187
B2: -0.0003401999846957565 - 0.000967712140933818 - 0.00047954829430197206 - 0.00048791492896320664
