Number: 3235
Error: 0.005286801325777191
A1: [0.23880461682011045, 0.07590417812543135, 0.13706209082995702, 0.23693305712369794] - [-0.06508690128477229, 0.07779947363381126, -0.25375146362733964, -0.17984222166620462] - [-0.3610703341263226, 0.10334423593300444, -0.3889727510715598, -0.396480562566827] - [-0.19399147095256494, -0.23719969764054016, -0.2522030279146824, -0.15642020781276172]
A2: [-0.048143903510408245, -0.4629003267749232, 0.2013848151668348, 0.008499870866547188] - [-0.33623542321345845, -0.25495110566142587, -0.3453713580082063, -0.3961994295164328] - [-0.17151882170872065, 0.16433325668309218, -0.17192108824412836, -0.28508990320713945] - [-0.07113639839315418, -0.34056730517311057, 0.006583382838533221, -0.051012610220462655]
B1: -0.09296181531748933 - -0.42298683272645937 - -0.1833091107169806 - -0.18497509615063298
B2: -0.26574921070979723 - -0.35468944369492905 - -0.0923392892633287 - -0.11690204459532758
