Number: 8708
Error: 2.0716805597469012e-13
A1: [0.08043144824582456, -0.1804680471626151, -0.0195890931293413, 0.11962473532651771] - [0.03741629715183624, 0.1335971027889166, -0.13472547046951602, -0.036285108336853354] - [-0.001702902980126755, 0.2281900325409635, -0.1228284664897011, -0.10365899416941701] - [0.03886282821710664, -0.11448142362458878, -0.04641684734888018, 0.12203382199353618]
A2: [0.03530723262605185, -0.02927368681376893, -0.07569755003064015, 0.0696631875016316] - [0.10289516139816275, 0.2828981239641428, -0.39260503181323336, 0.006817473239107334] - [-0.011186703000838035, 0.5390149900448226, -0.35945063973212193, -0.16837604624390928] - [0.09786306058859327, 0.01746357886413853, -0.16885076188661602, 0.053525152537293626]
B1: -2.1560940272957522e-07 - -7.281039901884428e-07 - -2.3949379374470367e-07 - -1.2512531804765822e-07
B2: 8.144535517274672e-08 - -2.277068666249411e-07 - 1.0559868291646305e-07 - 2.786776584401067e-07
