Number: 2615
Error: 6.795835421922332e-08
A1: [0.06266534417251877, -0.04863464733560866, -0.02420325952673552, 0.007094887094178561] - [0.04339515773894099, 0.19101300398570464, -0.14283890799381618, -0.09280543906635831] - [-0.12428392416604826, 0.4140335336067511, -0.10569183632392765, -0.18790197142923484] - [0.03649376345015695, 0.01866215751254916, -0.033637152804184944, -0.023553008549414733]
A2: [0.06283423412000973, -0.17429418381772085, 0.08572419846325914, 0.02335964836114242] - [0.02939212965548232, 0.20039915206756437, -0.10160855048722807, -0.12777330413491544] - [-0.09349170917291907, 0.5136015149866153, -0.22568979234073963, -0.1951777285032595] - [-0.02682431987190283, 0.01763181276143415, -0.051190063770084164, 0.05610136357921061]
B1: -1.740940777492252e-05 - 0.00027225155108173075 - 0.0002317552179089735 - 0.00017333832734038623
B2: -2.102449093955219e-05 - -3.381877473595995e-05 - -3.694906355435849e-05 - -0.00017704753858808938
