Number: 8498
Error: 8.98257317033314e-16
A1: [0.08043169107273071, -0.18046780436311605, -0.01958885059287018, 0.11962497812558125] - [0.03741555195541478, 0.13359635815785764, -0.13472621418062328, -0.036285853120141945] - [-0.0017028272149571695, 0.22819010830476483, -0.1228283908353813, -0.10365891842443825] - [0.038863239210342876, -0.11448101378456281, -0.04641643661758503, 0.12203423273122355]
A2: [0.035307218351169706, -0.029273701128506316, -0.0756975636032293, 0.06966317256142865] - [0.1028937314138925, 0.2828966818449559, -0.3926064148762871, 0.006815975839196139] - [-0.01118689085509616, 0.5390148010703404, -0.3594508175407504, -0.16837624419196973] - [0.09786280582103773, 0.01746332293785221, -0.16885100440949907, 0.053524885114991316]
B1: -7.124131996405933e-08 - 3.939562713075914e-08 - -5.4738435633188336e-08 - 2.0186809838821465e-08
B2: -6.799960670140446e-09 - -1.8222040834561326e-08 - -9.007457952864567e-09 - 3.0211786308235935e-09
