Number: 2381
Error: 8.036994703784271e-06
A1: [0.05548316127251463, -0.056753928603509626, -0.03241238886855492, -0.0004019373806320605] - [0.0388237015109598, 0.18651164294856834, -0.14787787706830752, -0.0977515458391241] - [-0.12510979341662254, 0.4138121477237829, -0.10595447678921864, -0.18866193528094913] - [0.0435099981151999, 0.026217161439321967, -0.025964355362075985, -0.016455548918425898]
A2: [0.0726043670601138, -0.16433782942446423, 0.09569491062758757, 0.03292852842097254] - [0.03723529044725157, 0.20812018712849717, -0.09380229555650006, -0.12011157572188041] - [-0.07746976786726208, 0.5301067708352213, -0.20882399024673773, -0.1788594729325414] - [-0.010987527273075687, 0.033583952824597446, -0.034829980192253085, 0.07161027259853099]
B1: 0.00419510654696906 - -0.00010384815908022024 - 0.0020767733676660886 - 0.005203302080188873
B2: -0.0003402842656123093 - 0.0011655451847298122 - 0.0015787316597157782 - 0.0048795502119379375
