Number: 1125
Error: 4.215713236409427e-06
A1: [-0.01030756321445957, -0.018112599871457084, -0.00016451328818459254, 0.016169224923971028] - [0.06149520348080538, 0.18472237281080303, -0.1522687323514448, -0.11575680949582115] - [-0.11926609265286033, 0.4353014163366137, -0.07765890813718075, -0.2654143609475769] - [-0.01825189719310494, 0.020336597813753608, -0.024536468496639912, 0.04427001665172091]
A2: [0.1245013066748299, -0.23156548049424824, 0.01574161266426729, 0.06316484894285734] - [0.02061184977926229, 0.19194221037249778, -0.12687099426377427, -0.1332384572777347] - [-0.10419602682550921, 0.5462571893174336, -0.24458931241916193, -0.23513236518056324] - [-0.027730569144224317, -0.026171093460884264, 0.0013411317501743506, 0.025385793838032498]
B1: -0.001482069051489351 - -0.001385529619908465 - -0.001393356252106486 - -0.001982626134950042
B2: -0.001245224278576703 - -0.00010509142086275884 - -0.00040644025145436546 - 0.00041913941975369406
