Number: 3585
Error: 9.647581421181754e-13
A1: [0.0662091193529169, -0.11395605137135739, -0.0239880096366097, 0.07171881261041989] - [0.03739770251494315, 0.18818867860474126, -0.14741377333587766, -0.07819183706757786] - [-0.060231090449752535, 0.3289491489444934, -0.12775479171088733, -0.1409699956702665] - [0.03905876270152446, -0.05331072324394986, -0.03740639689524558, 0.05170721482690073]
A2: [-0.009083669125392142, -0.34677676329219587, 0.24948019853441175, 0.1064827934267309] - [0.08004177051167155, 0.03628435206719639, -0.05024798678301166, -0.06606981601171533] - [-0.042448945285079726, 0.23083616684644576, -0.040527094087950716, -0.14784355437534724] - [0.06815126190403671, -0.29344970363695216, 0.14178911020944854, 0.08358034128202185]
B1: -4.256772919393511e-06 - -1.584601108195969e-07 - -1.071798643668012e-05 - 8.582109461318585e-06
B2: 1.9195042984239795e-06 - -3.3119628916397182e-06 - -7.080182263089883e-06 - -1.04334610992641e-06
