Number: 8539
Error: 1.0774216281712462e-15
A1: [0.08043170752720805, -0.18046778791048718, -0.01958883415804314, 0.1196249945781956] - [0.03741559369564024, 0.13359639986654653, -0.13472617252348748, -0.03628581140298786] - [-0.0017027626544424653, 0.2281901728639011, -0.12282832636938038, -0.10365885388115195] - [0.038863265434896425, -0.11448098763358179, -0.04641641040974214, 0.12203425893949348]
A2: [0.035307520450912, -0.02927339819327759, -0.07569727636989987, 0.06966348874075015] - [0.10289378894424529, 0.2828967398635398, -0.3926063592336068, 0.006816036081764612] - [-0.011187105198755088, 0.5390145854482813, -0.35945102042223825, -0.16837647005274814] - [0.09786287947675298, 0.017463396928565866, -0.1688509342938556, 0.05352496242931288]
B1: 2.4295879753337692e-08 - -3.0275187680179363e-09 - 3.5966518894472456e-08 - 7.589307205693406e-09
B2: 1.7622408791745133e-08 - -3.609855504400409e-08 - -9.282842477694862e-09 - 1.388945892064768e-08
