Number: 9179
Error: 1.6772654458693702e-07
A1: [0.054438825464266316, -0.1467333766111368, -0.02573831370376297, 0.12310089356551988] - [0.007188098952716875, 0.1327206298260396, -0.1117303047541153, -0.020661755683401357] - [-0.013116485949283913, 0.22443565052144335, -0.12570771138962816, -0.08025956095576678] - [0.028392676513236164, -0.09877666729789811, -0.04818028641390132, 0.12355065847215625]
A2: [0.09360314976438261, -0.06858597978796896, -0.11936805699538537, 0.11169356662880757] - [0.1081833153106762, 0.2491525673163224, -0.4054921276136071, 0.04552158493181068] - [0.035804157824574, 0.4617207603189139, -0.37853053976214995, -0.12231368143018341] - [0.14487787614419942, -0.043157460907960216, -0.20007859264152503, 0.10415492093495163]
B1: 8.717965612480344e-05 - -0.00011056666637113813 - 0.0009741031313957006 - -0.0007247637189674693
B2: 0.0004759846493550758 - 0.00016786470311372568 - 0.0008635799727410197 - -0.0005086741209618071
