Number: 4484
Error: 1.0486404353834759e-15
A1: [0.06621316193422834, -0.11395209901565427, -0.023983970012177003, 0.07172284843522823] - [0.037402614742348864, 0.18819337193342084, -0.1474089442091734, -0.07818700760761214] - [-0.06022913247648027, 0.3289510295275274, -0.12775287596075527, -0.14096808974349334] - [0.039046159747113604, -0.053322685488381705, -0.03741858980315029, 0.051695121002811734]
A2: [-0.009108679364307051, -0.34680329534871696, 0.2494549859104971, 0.10645657129403786] - [0.08003982654512885, 0.03628225781161045, -0.05025011140919539, -0.0660719586371259] - [-0.042452806110235455, 0.23083190581937912, -0.04053123124103952, -0.14784782421067535] - [0.06813478774525515, -0.2934678423416928, 0.14177125038774913, 0.08356187050704442]
B1: 3.6762789504661474e-08 - 4.921084524640592e-09 - 6.210478838891478e-10 - 2.4434199291087445e-09
B2: -4.376536093659955e-09 - -4.6685198459232034e-09 - 5.555340045363641e-08 - -1.7994147978821182e-09
