Number: 500
Error: 5.802204751522908e-13
A1: [-0.012152138082321006, -0.01451588031947223, 0.018088671373594177, 0.008584439260359103] - [0.06583588547083921, 0.18949588621743652, -0.1453218981668078, -0.11000783699021517] - [-0.09629194000572122, 0.42178718593960685, -0.053456102691762375, -0.272034413017697] - [-0.0013211814322255672, -0.018218938242999586, -0.003834771350396486, 0.023377112092994066]
A2: [0.16158605627410488, -0.1677554252792467, 0.008500682773206715, -0.0023337172925718833] - [0.035485587073611304, 0.20751658751527483, -0.11721056009594302, -0.12579216303357946] - [-0.08621251680765515, 0.5815391285738268, -0.23538772647506567, -0.25993456583669255] - [-0.003835043378439092, -0.004519364620860802, 0.0011101815835682695, 0.00724331998210629]
B1: 4.235600385359469e-07 - 2.800030280523664e-07 - 9.811881634177503e-07 - 4.3801041751027887e-07
B2: 7.664237132390038e-07 - -1.2802815235200618e-07 - -6.379103293049871e-07 - -8.530258862710847e-07
