Number: 8640
Error: 1.340830852517347e-15
A1: [0.0804317211933716, -0.18046777424586996, -0.019588820508218988, 0.11962500824280187] - [0.03741570351285927, 0.13359650960064914, -0.13472606292507674, -0.03628570164659852] - [-0.0017028060520567403, 0.22819012946722364, -0.12282836970345523, -0.10365889726717369] - [0.038863289963930764, -0.11448096317338315, -0.04641638589633994, 0.1220342834532849]
A2: [0.03530749306553139, -0.02927342565439821, -0.07569730240763223, 0.06966346007902968] - [0.10289378447131678, 0.28289673535265253, -0.3926063635597699, 0.006816031397950325] - [-0.011187015290151732, 0.5390146758931164, -0.35945093532152533, -0.16837637531320074] - [0.09786284237453717, 0.017463359657592836, -0.16885096961284513, 0.05352492348414286]
B1: -7.479194692944339e-09 - -1.6984236625648758e-08 - -2.0860872009722535e-08 - -6.8889241095568365e-09
B2: 8.447274714234335e-09 - -2.5996799879634534e-08 - 4.4523141217402695e-08 - -9.674086918256173e-09
