Number: 6664
Error: 9.336564474423208e-16
A1: [0.08043167496974195, -0.1804678204642908, -0.019588866676564853, 0.11962496202443462] - [0.03741558264921633, 0.13359638882841499, -0.13472618354813135, -0.036285822443416244] - [-0.0017028622158715074, 0.2281900733046101, -0.12282842578503135, -0.10365895341601576] - [0.038863234145617924, -0.11448101883512714, -0.04641644167910096, 0.12203422766960673]
A2: [0.03530742705985684, -0.029273491842657297, -0.07569736516514468, 0.06966339099715743] - [0.10289377970039384, 0.2828967305412099, -0.39260636817424366, 0.006816026402210869] - [-0.01118722883246377, 0.539014461077166, -0.3594511374441596, -0.16837660032997864] - [0.09786275245183605, 0.017463269325902784, -0.1688510552135274, 0.05352482909472027]
B1: 2.937513056539353e-09 - 2.7382862545924127e-08 - -3.73888566671205e-08 - -1.205901427625658e-08
B2: -3.005046574618514e-09 - 4.0070965625820955e-09 - -2.2338839121291112e-08 - 4.809510432142901e-09
