Number: 7612
Error: 9.537742753571991e-16
A1: [0.08043173059029379, -0.18046776485004581, -0.01958881112252711, 0.1196250176386282] - [0.03741564608610772, 0.13359645221729097, -0.1347261202376369, -0.03628575904166749] - [-0.0017027813572042712, 0.22819015416154984, -0.1228283450447568, -0.10365887257892713] - [0.03886327896888027, -0.1144809741376646, -0.04641639688441098, 0.12203427246500295]
A2: [0.03530746103938147, -0.02927345776914066, -0.07569733285783217, 0.06966342656039416] - [0.10289374090618027, 0.28289669141775614, -0.3926064056954903, 0.006815985779007085] - [-0.011187015064613405, 0.5390146761200354, -0.3594509351081917, -0.16837637507538372] - [0.09786286074257534, 0.017463378109219538, -0.16885095212772083, 0.05352494276470681]
B1: -5.6900812953798334e-09 - -1.3001611958935206e-08 - 9.459768217604684e-09 - 1.0812087194046867e-09
B2: 9.845436487989734e-10 - -9.018751519168119e-12 - 1.0543868674721221e-08 - 1.1525211636099771e-09
