Number: 5787
Error: 3.345928262054485e-05
A1: [0.09209626427451478, -0.1698565125663098, -0.008870332449313121, 0.13059765874399945] - [0.04570410932713595, 0.13982227993083313, -0.12874602983911387, -0.02962548222204348] - [0.008691819650541483, 0.23920525427677714, -0.11224910738982287, -0.0931489192248014] - [0.04883947469888821, -0.10330049102060603, -0.034831181470683745, 0.13307539439666324]
A2: [0.009010551571591379, -0.056088047406099364, -0.09954947013226517, 0.043480996176616216] - [0.1110708728228948, 0.29107965716864426, -0.3852256938401999, 0.015005935858898542] - [-0.016397309074106813, 0.5345687430331505, -0.36445137384406784, -0.17512637770144807] - [0.08993580114432408, 0.009872930054616539, -0.17613464645835053, 0.04473430759761722]
B1: -0.0024396780358430215 - -0.005227666234398568 - 0.0010294059088395914 - -0.00028986585403461326
B2: 0.006084883320331148 - 0.011629453651378449 - 0.001133881044338584 - -0.00475741920427652
