Number: 5041
Error: 9.481157918680316e-16
A1: [0.06621321858418318, -0.1139520436315858, -0.023983913406654733, 0.07172290499012109] - [0.03740260641208813, 0.188193363974447, -0.14740895239844748, -0.07818701579761582] - [-0.06022938019595374, 0.3289507916065559, -0.12775311836443318, -0.14096833084326757] - [0.03904615830269637, -0.05332268685931385, -0.03741859120048854, 0.05169511961675312]
A2: [-0.009108440994949122, -0.34680304247644844, 0.2494552262084429, 0.10645682121106184] - [0.08003982913636475, 0.036282260603135164, -0.050250108577036504, -0.06607195578097998] - [-0.04245278941022682, 0.23083192425050175, -0.04053121334458786, -0.14784780574121079] - [0.06813480886898997, -0.29346781908362607, 0.14177127328768896, 0.08356189419053817]
B1: 3.035739505371265e-08 - -9.208472002265407e-09 - -4.4626303170230755e-09 - -3.540246626736277e-10
B2: 2.656899041407264e-08 - 8.301684886416683e-09 - -1.0141619592666308e-07 - 5.821879699748379e-08
