Number: 6521
Error: 1.2731135652867802e-15
A1: [0.08043168595658488, -0.18046780947869212, -0.019588855702859058, 0.11962497301002262] - [0.037415571589389525, 0.1335963777769578, -0.1347261945859208, -0.03628583349711632] - [-0.0017027952783985043, 0.22819014024065767, -0.12282835894556586, -0.10365888649640737] - [0.038863203378189284, -0.11448104951621223, -0.046416472426923906, 0.12203419692130076]
A2: [0.03530744058536658, -0.02927347827973789, -0.07569735230526559, 0.06966340515307347] - [0.10289373229897704, 0.2828966827374908, -0.3926064140202681, 0.0068159767659911556] - [-0.011187100210195223, 0.5390145904666159, -0.35945101570042176, -0.1683764647961623] - [0.09786280092373026, 0.01746331801828019, -0.16885100907143286, 0.05352487997444199]
B1: -2.5733403129863032e-09 - 1.463808885299134e-10 - -2.6660148457062914e-09 - -2.4132721416806665e-10
B2: 1.1471768538084487e-09 - -1.1326224768322065e-08 - 2.291043018490414e-08 - -1.8055516928421687e-08
