Number: 2655
Error: 1.1871740840965237e-08
A1: [0.06300508234717915, -0.04830040382444844, -0.0238692336424988, 0.007429780720905839] - [0.043494150367389135, 0.1911081817640947, -0.14273740767810073, -0.0926969419115243] - [-0.1238128926048033, 0.4144976708924663, -0.10522236702745713, -0.18743378002181255] - [0.036413059455503445, 0.018577163432351655, -0.033720618563452834, -0.023637058513164333]
A2: [0.06381227002501456, -0.17331748962826019, 0.08669834564107586, 0.024326429200958097] - [0.029089807888118397, 0.2001014189342763, -0.10190981355822537, -0.12806902162437206] - [-0.09337222982662133, 0.5137193497784805, -0.22557003718733, -0.19506077263876617] - [-0.026078802633785588, 0.018371170696945938, -0.05044330008072943, 0.056830416623181085]
B1: 0.00011793369816386586 - -0.00036874782842642723 - 3.6329703525808205e-05 - -9.313966816990156e-05
B2: -5.333056702375235e-05 - -0.00013617496104361505 - -0.00012145450423610405 - -4.46294260883613e-05
