Number: 4986
Error: 1.4513591456964213e-15
A1: [0.06621329793256482, -0.11395196605635906, -0.023983834120545243, 0.07172298420533478] - [0.03740264234625165, 0.18819339830711115, -0.14740891707240916, -0.07818698046845218] - [-0.06022938132919825, 0.3289507905181594, -0.12775311947334442, -0.14096833194621852] - [0.03904626566209439, -0.05332258495774139, -0.03741848733381285, 0.051695222640072966]
A2: [-0.009108407465387517, -0.3468030069068903, 0.24945526000928528, 0.10645685636491327] - [0.08003983488079806, 0.03628226679152999, -0.05025010229870449, -0.06607194944933677] - [-0.042452847471036566, 0.23083186017117166, -0.040531275564706, -0.14784786995409338] - [0.0681347753032839, -0.293467856040823, 0.14177123689932827, 0.08356185655731012]
B1: 3.2758515024713255e-08 - -3.3884225101515204e-09 - -3.2668841389702487e-09 - 1.9098404700516007e-09
B2: 3.7386702933050626e-08 - 3.062581136630354e-08 - -4.963380226178772e-08 - -2.8329743727136698e-08
