Number: 2064
Error: 0.00024143577304519933
A1: [0.0023802505386638223, -0.025280052388982142, -0.014084416104874493, -0.002912039403346051] - [0.022001634125074155, 0.15120565197087305, -0.19112315599704868, -0.15996656792625208] - [-0.0573472785329928, 0.49241219904425276, -0.008892789264776269, -0.16524503522752945] - [0.06348807786465058, 0.09041422946158181, 0.03162569274074756, 0.07893081938146021]
A2: [0.05933039596148758, -0.2696670019625139, -0.01571647330036035, 0.0093591111951657] - [0.0469156277322061, 0.21108091731824452, -0.10669970958312291, -0.11098793714783076] - [-0.1570571219258759, 0.4922493146365403, -0.29052196970114513, -0.28681453055949324] - [-0.10612596108381599, -0.09860971861772387, -0.10963418556694653, -0.026280099493166113]
B1: -0.013359052618524728 - 0.03889821481011944 - 0.0018723080143981333 - -0.014832247328917886
B2: 0.0028043062680572052 - -0.029025119783447212 - 0.0027406200928197164 - 0.014241747006093534
