Number: 604
Error: 2.144269620397324e-14
A1: [-0.012153646512580723, -0.014517429625256692, 0.01808700411541864, 0.008582827330512655] - [0.0658351824994607, 0.1894952099896225, -0.14532262497652343, -0.11000861967725799] - [-0.09629342447011288, 0.42178575122319856, -0.05345771351725524, -0.27203614249748614] - [-0.0013218230753595107, -0.018219555336212025, -0.003835454366691251, 0.023376370453474696]
A2: [0.16158663747547886, -0.1677548550279635, 0.008501252242232695, -0.002333150729573237] - [0.035485761721146244, 0.20751675935487138, -0.11721038618117824, -0.1257919921863621] - [-0.08621364369590837, 0.5815380247955203, -0.2353888229735474, -0.25993566472521584] - [-0.003834404037055242, -0.0045187359067721655, 0.0011108143771749494, 0.007243931657509706]
B1: 8.715285237957256e-08 - 2.5673573456559497e-07 - 7.883492146612109e-08 - 2.3474960259294516e-07
B2: -4.4536418674891064e-07 - -3.990090093077023e-08 - 1.4038331718578082e-06 - -3.7080635696803164e-07
