Number: 5609
Error: 4.031077634672289e-08
A1: [0.06610270892323358, -0.11406026728316208, -0.024094854062343886, 0.07161219070291039] - [0.036875113044053734, 0.18768937425993024, -0.1479276936007648, -0.07870598281501164] - [-0.06022069421730798, 0.3289587835070126, -0.12774532991188375, -0.14096052588029528] - [0.03907860329890369, -0.05329204169463835, -0.037387412038872636, 0.05172603552271716]
A2: [-0.008779213876691326, -0.3464542550866468, 0.24978660616293055, 0.1068017165532073] - [0.07937236135311034, 0.03556320999649668, -0.05097981716045594, -0.06680774000611885] - [-0.042784634158294636, 0.23046585898860453, -0.040886896426627475, -0.1482150717746719] - [0.06875439186680311, -0.2927855863278167, 0.14244268012971645, 0.08425619653066764]
B1: 0.0006043755943617769 - 0.000753598343792449 - -0.0002599740065809401 - -0.0007004866575677642
B2: 0.0001109373108945849 - 0.00010589107824118197 - -5.658330917656197e-05 - -4.79838018982436e-05
