Number: 9608
Error: 2.4402580067720037e-14
A1: [0.0531728420506605, -0.148000978963447, -0.026998755735226837, 0.12182811403188304] - [0.005313697135764913, 0.1308366715605251, -0.11360076645323602, -0.022549786088791723] - [-0.014444376034964599, 0.2230917214069004, -0.1270410791359335, -0.08160583242029569] - [0.02714620745508791, -0.10002029068284353, -0.04942476157582619, 0.12229786711808623]
A2: [0.08925395338367038, -0.07291387705017899, -0.123627917270938, 0.1072858688921697] - [0.10884238958984681, 0.24981484201702325, -0.4048446418324441, 0.046190151997086724] - [0.03663594521514882, 0.46255513263469994, -0.3777174371010216, -0.1214732540874652] - [0.14342573868990185, -0.04460731524874108, -0.20150021361104922, 0.10267915767877263]
B1: -1.4922182064895635e-07 - 3.5707446293452737e-07 - 7.874153622099573e-08 - -6.90041574030322e-08
B2: 1.334556340178226e-07 - -1.5267928277744e-08 - 3.28945570415111e-08 - -1.703375719641643e-07
