Number: 7745
Error: 9.093809103957725e-16
A1: [0.08043166450592461, -0.1804678309269313, -0.01958887712786405, 0.11962495156181602] - [0.037415539962062615, 0.13359634617356272, -0.13472622615021465, -0.03628586510691958] - [-0.001702859645676706, 0.22819007587474666, -0.12282842321859348, -0.10365895084650022] - [0.03886321456742104, -0.11448103835839196, -0.04641646124481862, 0.12203420810357836]
A2: [0.03530742332149059, -0.0292734955913515, -0.07569736871955693, 0.06966338708456857] - [0.10289369266680361, 0.28289664276897464, -0.3926064523520061, 0.006815935265365725] - [-0.011187121159045563, 0.5390145693928066, -0.35945103552896457, -0.16837648687069515] - [0.09786278661776988, 0.017463303647251197, -0.1688510226897935, 0.05352486495785671]
B1: -4.036922015935315e-09 - -1.5636895094069387e-08 - 1.110185589982357e-09 - 1.661350590471224e-10
B2: 6.817802500365781e-09 - -3.525728113063918e-08 - -1.3826438791797321e-09 - 5.657510647287228e-09
