Number: 6421
Error: 1.0100449513109583e-15
A1: [0.08043169921017863, -0.18046779622659934, -0.019588842465112746, 0.11962498626210277] - [0.03741559780654848, 0.13359640397427425, -0.13472616842100027, -0.03628580729447997] - [-0.0017028090901491549, 0.2281901264292014, -0.12282837273709393, -0.10365890030447202] - [0.038863226897085, -0.11448102606331927, -0.0464164489230146, 0.12203422042557925]
A2: [0.03530743505964961, -0.029273483820738376, -0.07569735755904386, 0.06966339936980845] - [0.10289375200166473, 0.28289670260739785, -0.39260639496408933, 0.006815997397589304] - [-0.011187096548982594, 0.5390145941496666, -0.35945101223500514, -0.1683764609382142] - [0.09786281043171263, 0.017463327569511362, -0.16885100002045242, 0.053524889954731925]
B1: 6.758677971253999e-10 - 3.522315768787222e-09 - 3.8491974060329015e-09 - 4.2734361020703085e-10
B2: 7.589415112956726e-09 - 3.1218768205719378e-09 - 5.846581533186848e-09 - -5.510727612463704e-09
