Number: 9962
Error: 1.1720718308884376e-15
A1: [0.05317254223000994, -0.14800127888891057, -0.02699905522218865, 0.12182781406805396] - [0.005313778548650904, 0.1308367530619052, -0.1136006850494439, -0.022549704561612753] - [-0.014444498376193585, 0.22309159902199144, -0.1270412013791309, -0.08160595480629167] - [0.027146581614275724, -0.1000199165200591, -0.04942438662488204, 0.12229824223094655]
A2: [0.08925438679521344, -0.07291344464264436, -0.12362749362741678, 0.10728630764589135] - [0.10884159061865055, 0.2498140429065748, -0.4048454249766945, 0.046189339582875334] - [0.03663573043365442, 0.4625549189701914, -0.37771764665318963, -0.12147347109731625] - [0.14342625749283708, -0.04460679837489602, -0.20149970704158154, 0.10267968417976894]
B1: 2.474294677356741e-08 - -5.8161005563877124e-09 - 7.719822084906032e-10 - 1.87823957776951e-08
B2: 3.5653171719892063e-09 - 1.589703882930281e-08 - -1.8765934085351476e-08 - 5.013808728128821e-08
