Number: 9251
Error: 3.153791595704546e-08
A1: [0.05239268969735984, -0.1487818334483884, -0.027778259524027224, 0.12104778841020535] - [0.004481285841240359, 0.13000338257699498, -0.11443327107179672, -0.023383238162685158] - [-0.015347053700253624, 0.22218855943572063, -0.12794306140773268, -0.08250857022038718] - [0.026235380372714088, -0.10093164448891889, -0.05033788440549506, 0.12138509988979856]
A2: [0.08954876389540246, -0.07261930548695017, -0.1233394338684641, 0.10758442680130166] - [0.10881474085967399, 0.24978687306891506, -0.4048717989568528, 0.04616222723733982] - [0.03646018073180133, 0.4623804259537273, -0.3778888412865375, -0.1216505362000178] - [0.1439363551506528, -0.04409809606733715, -0.20100126139211852, 0.10319731666608042]
B1: -3.944272159207807e-05 - 3.979557213434405e-05 - 0.000123471640617253 - -7.909719625898192e-05
B2: 6.250268438846431e-05 - 1.2537411596386015e-05 - 0.00016192599819111607 - 0.0001986576441245627
