Number: 5167
Error: 9.015575712118635e-16
A1: [0.06621317473989166, -0.11395208649613815, -0.0239839572165689, 0.07172286121937727] - [0.037402510795723806, 0.1881932726194857, -0.14740904639665536, -0.07818710980414122] - [-0.060229477098589904, 0.32895069853667963, -0.12775321318771665, -0.14096842515651276] - [0.03904613490884698, -0.05332270906388662, -0.0374186138333029, 0.05169509716769004]
A2: [-0.00910861553738872, -0.3468032276382156, 0.24945505025366255, 0.10645663821322882] - [0.08003984867826598, 0.03628228165533727, -0.050250087218847286, -0.06607193424147187] - [-0.04245278023615371, 0.2308319343754937, -0.040531203513373464, -0.14784779559506495] - [0.06813480966290873, -0.29346781820954326, 0.14177127414823457, 0.08356189508066825]
B1: -1.661746422875084e-08 - -1.0673442566060218e-08 - -6.098208330546735e-09 - -1.036654951449772e-08
B2: -3.835267363110562e-08 - 2.633225868232295e-08 - -5.391770721569579e-09 - -1.8792811594672432e-08
