Number: 156
Error: 1.5227037703569526e-05
A1: [-0.0025669447337741003, -0.004496234098164039, 0.02935547796006956, 0.01927020738025497] - [0.07426850285366289, 0.1975573094514912, -0.1367976724889698, -0.10079782606492185] - [-0.09360229990364578, 0.42474612738717715, -0.050195943897951914, -0.26850657832472913] - [0.0018120991663490927, -0.014979737022249598, 0.00024506075585225325, 0.02756110875981534]
A2: [0.17391175357530214, -0.1559598330159511, 0.020646085052676177, 0.009308793646391566] - [0.043657619229760365, 0.21545969009954863, -0.1092829760973764, -0.11804426945677804] - [-0.08778126108809664, 0.5800753342213881, -0.23693640260778642, -0.2618175669445217] - [0.009928840293062161, 0.009136959113138238, 0.014652509828521, 0.020176131918147325]
B1: -0.0005625981183571057 - 0.021035756286475943 - -0.0012608307161994115 - 0.0036085232754160417
B2: -0.012919634498216993 - 0.046602922527416143 - -0.007626368990671085 - -0.006630077335730364
