Number: 2712
Error: 6.4738932781312484e-09
A1: [0.06343416558474509, -0.04787326084378904, -0.023444662156260728, 0.007854730167493664] - [0.0437015878152324, 0.19130906444827042, -0.14252349803958267, -0.09246844955685024] - [-0.12294902269883241, 0.4153569554129262, -0.1043573066823747, -0.1865723171838671] - [0.0368211149237137, 0.01898506764424955, -0.033313395941013624, -0.023231927911422413]
A2: [0.0634781669196677, -0.17364826639932393, 0.08636440399081771, 0.02399645370086399] - [0.02902870673743913, 0.2000412356645174, -0.1019703625184606, -0.12812872850709747] - [-0.09355525118778762, 0.5135398181645274, -0.2257523594847005, -0.1952386006368004] - [-0.026010598715710306, 0.018438544585119516, -0.050373340563128165, 0.056896157022867384]
B1: 4.51816496747885e-05 - -8.16165113770536e-05 - -9.077766907477195e-05 - -8.039769520097086e-05
B2: -3.6288707811426734e-05 - -5.960896436930387e-05 - -0.00016840787839511153 - 4.12113986059263e-05
