Number: 8861
Error: 5.07612712033405e-05
A1: [0.0835568497076955, -0.1770536708620221, -0.017917470429786433, 0.12310870985145336] - [0.041213258273754286, 0.13771114451817806, -0.13162930548006468, -0.03234025792164624] - [0.004443325515973059, 0.23438363218199512, -0.11709744454812376, -0.0975264190220254] - [0.04396943339159936, -0.10897195041879859, -0.0430280750131406, 0.1275778006105826]
A2: [0.013198150552042529, -0.05153300923816775, -0.09679682890146082, 0.046570971879964035] - [0.10236221611215218, 0.28247982552907536, -0.3924617819226489, 0.006179164665268022] - [0.01749309990477272, 0.5669397087891049, -0.33281751738361093, -0.13808500729871906] - [0.08273807933897334, 0.0024431295054108855, -0.1830325886923361, 0.03766378884642897]
B1: 0.006697168408345366 - 0.0005153057419238494 - -0.0032601294724967016 - 0.01024917802039846
B2: -0.0010494124275426935 - -0.0009615784283577462 - -0.003295473910501818 - -0.0031414165806878504
