Number: 1098
Error: 3.2755983952505945e-06
A1: [-0.006697307076700744, -0.01441173484340065, 0.003606921893935775, 0.01981673858094275] - [0.06471989001125103, 0.18778572995858767, -0.1489828269635255, -0.11214429302843182] - [-0.10082257994108716, 0.45353417163774673, -0.05855855270448496, -0.2457460260389673] - [-0.031250952029403346, 0.00767434493280649, -0.037626221072274514, 0.030685698218176207]
A2: [0.1318223684334597, -0.2244055054686343, 0.023035019517939362, 0.07036722490354183] - [0.021630913898518428, 0.19298914570404221, -0.12577130525111863, -0.13234932340439962] - [-0.09502782424408412, 0.5552501901302492, -0.23540346232838832, -0.2262458213932421] - [-0.012707032689413115, -0.01146469282825019, 0.01656654594844452, 0.03969428988157079]
B1: -0.0033948638866530788 - -0.0042413581427147625 - -0.00021786205324047288 - -0.0038658723474496543
B2: -0.003026603710975656 - -0.00038311096048303586 - -0.004372910308122876 - -0.0015042283318507418
