Number: 8178
Error: 8.13012179940889e-16
A1: [0.08043171184202684, -0.1804677835962125, -0.019588829848419417, 0.11962499889247699] - [0.037415584070288894, 0.13359639024845635, -0.13472618212975312, -0.036285821023055616] - [-0.0017028119591456891, 0.22819012356025525, -0.12282837560189658, -0.10365890317270417] - [0.03886325504343673, -0.114480997995969, -0.04641642079461573, 0.12203424855442639]
A2: [0.035307550208369856, -0.029273368353505396, -0.07569724807689258, 0.06966351988520961] - [0.10289376120911627, 0.2828967118929968, -0.3926063860587273, 0.006816007039105483] - [-0.011187101604225485, 0.539014589064224, -0.3594510170198915, -0.16837646626511943] - [0.09786282367219143, 0.017463340870196128, -0.1688509874163331, 0.05352490385287495]
B1: 3.083735866847949e-08 - 7.552841954201345e-09 - -5.373133091164052e-09 - 5.770546406021597e-09
B2: 1.9043121697285625e-08 - -8.488451485742369e-10 - 1.0533512528418179e-08 - 1.5161446015064983e-08
