Number: 4084
Error: 7.676029641183249e-16
A1: [0.06621316523343321, -0.1139520957901499, -0.023983966715539685, 0.07172285172891252] - [0.03740263610735339, 0.1881933923462359, -0.14740892320574273, -0.0781869866023087] - [-0.06022935738980431, 0.3289508135106401, -0.12775309604767257, -0.14096830864673926] - [0.03904614523959138, -0.05332269925844428, -0.03741860383874145, 0.05169510708116781]
A2: [-0.009108532839196718, -0.3468031399085581, 0.24945513362120386, 0.1064567249175952] - [0.0800398323095715, 0.03628226402153863, -0.05025010510901247, -0.06607195228346864] - [-0.042452827191660956, 0.23083188255259468, -0.04053125383279594, -0.14784784752603156] - [0.06813480438152807, -0.2934678240244061, 0.14177126842313797, 0.08356188915940792]
B1: -3.736817643252283e-09 - -2.2300094338206083e-09 - -7.772919172595e-09 - 7.377823713111236e-09
B2: -8.018048211697682e-09 - 1.7696795159017446e-08 - -3.2015902278398847e-09 - -9.94373186160944e-09
