Number: 8710
Error: 1.0833153458010621e-13
A1: [0.08043108292155174, -0.1804684124454097, -0.01958945801671729, 0.1196243700440591] - [0.037416030179940774, 0.1335968360191261, -0.13472573690943823, -0.03628537516080472] - [-0.0017030178365456555, 0.228189917687041, -0.12282858117790744, -0.10365910899512655] - [0.038862755636367145, -0.11448149600177376, -0.046416919883377754, 0.12203374945793313]
A2: [0.03530721230924133, -0.02927370718685992, -0.07569756934765288, 0.06966316623795107] - [0.10289428509946938, 0.2828972402280984, -0.3926058793592046, 0.006816555628331497] - [-0.011187180586628064, 0.5390145096103811, -0.3594510917789049, -0.16837654949106803] - [0.09786282238508426, 0.01746333957702443, -0.16885098864157827, 0.05352490250192507]
B1: 1.1919801073949403e-07 - -9.387917408675953e-08 - 1.560046121545371e-07 - 2.0439896690874415e-07
B2: -3.830560179985939e-07 - -1.7746914780407227e-08 - -2.558400208150516e-07 - -1.6001403564687868e-07
