Number: 4749
Error: 8.419155247815631e-16
A1: [0.06621320757872423, -0.11395205439114438, -0.023983924403503137, 0.07172289400309914] - [0.037402639908943755, 0.18819339597841345, -0.14740891946848164, -0.07818698286473684] - [-0.06022934319151339, 0.32895082714732465, -0.12775308215407116, -0.14096829482765602] - [0.03904615357065536, -0.05332269135083588, -0.03741859577865441, 0.051695115075763395]
A2: [-0.0091084200339177, -0.3468030202400181, 0.24945524733904645, 0.10645684318751422] - [0.08003990159319525, 0.03628233865983806, -0.05025002938593403, -0.06607187591744382] - [-0.04245281638362661, 0.23083189448104852, -0.04053124225031136, -0.14784783557267486] - [0.06813476311502788, -0.2934678694606333, 0.14177122368606285, 0.08356184289203225]
B1: -2.3833135192926364e-08 - 5.625169269375994e-08 - 1.8914143204786645e-08 - 9.914128735150198e-09
B2: 7.118233099990445e-09 - -2.5841498031746137e-09 - 1.1736624111844138e-08 - 2.7404329669648724e-08
