Number: 2254
Error: 8.468202903908826e-05
A1: [0.0723973297841326, -0.03163502810503796, -0.008815814151233378, 0.02337621216291633] - [0.06594788641894035, 0.20414702129663173, -0.13793915458863515, -0.0828145690060012] - [-0.13774348792373675, 0.41367229717908194, -0.1026456383830087, -0.18525621628159727] - [0.03361656899049979, 0.030863955387671414, -0.016691136459004993, -0.017034982719526495]
A2: [0.08619302869741707, -0.1620953602801662, 0.11178385190528323, 0.044029907332395854] - [0.0340761833309058, 0.20475973597846805, -0.09438955911498889, -0.12443359843512901] - [-0.05315370977260238, 0.5704665240663446, -0.18011569467110042, -0.15790188297267108] - [-0.11548018112604772, -0.05125801650131588, -0.13650207359035302, -0.02124544366901132]
B1: 0.01048942237641675 - 0.030255427729435555 - -0.04512681089849979 - -0.0121816274204083
B2: -0.0014074023028101323 - 0.020257133374730667 - -0.004438716436104292 - -0.003724852440968017
