Number: 8666
Error: 7.21902452247867e-15
A1: [0.08043173383956691, -0.18046776160111624, -0.019588807877144045, 0.11962502088755055] - [0.037415652440786845, 0.13359645856721628, -0.13472611389538564, -0.03628575269038532] - [-0.0017027731546305866, 0.2281901623639436, -0.12282833685419552, -0.10365886437852766] - [0.03886328648289704, -0.11448096664465816, -0.04641638937515439, 0.12203427997441177]
A2: [0.03530745840948478, -0.029273460406309224, -0.07569733535825725, 0.06966342380781658] - [0.10289377707340645, 0.2828967278919506, -0.3926063707149414, 0.006816023651270647] - [-0.011187064083788454, 0.539014626808445, -0.3594509815058993, -0.16837642672860959] - [0.09786280815557778, 0.017463325282979128, -0.1688510021871689, 0.053524887565472856]
B1: -6.476077152070654e-08 - -6.744727194316307e-10 - -3.738366373254585e-08 - -5.3752020964873677e-08
B2: 4.748660107196315e-08 - 3.615437999624903e-08 - 4.1309706007256395e-08 - 4.6692367617295444e-08
