Number: 5203
Error: 8.461949884220066e-16
A1: [0.06621314441173358, -0.11395211614657448, -0.02398398752092708, 0.07172283094211664] - [0.03740255229800001, 0.18819331227211186, -0.1474090055967301, -0.07818706900060812] - [-0.06022931767153526, 0.32895085165774074, -0.12775305718171662, -0.14096826998955314] - [0.03904607363111241, -0.05332276722645507, -0.03741867311749508, 0.05169503836485559]
A2: [-0.009108540191840722, -0.3468031477085721, 0.24945512620881125, 0.10645671720877398] - [0.08003973787779012, 0.03628216229161831, -0.05025020831730683, -0.0660720563681779] - [-0.04245286190543169, 0.23083184424052305, -0.040531291033212, -0.14784788591788517] - [0.06813475100466608, -0.2934678827945992, 0.14177121055720382, 0.08356182931421409]
B1: 2.0802107661460225e-09 - -2.5498877130580428e-08 - -5.740219606784558e-09 - -3.0302859464720547e-09
B2: -1.7597340717446413e-08 - -3.929062485085664e-09 - 5.503317977774036e-10 - -1.6767406119375375e-08
