Number: 2093
Error: 0.0011032395520181712
A1: [0.04516867488154939, -0.0017510196681639056, 0.017419642777678157, 0.015642211530647376] - [0.03860331127902424, 0.1679786468808429, -0.1703124877736122, -0.1347445312059653] - [-0.11118062394694889, 0.457188988432406, -0.07047790146825894, -0.1952143560688934] - [-0.02257824414690507, -0.0006752440648551544, -0.09098129985510098, -0.041479880951831125]
A2: [0.06999342542541273, -0.25637113926774746, 0.019821814018698758, 0.012689531282554085] - [0.02816107335264049, 0.19402314486176067, -0.12821177444252457, -0.1322917354127576] - [-0.05714372455673045, 0.5618088532045702, -0.20013837101231033, -0.1915861197092589] - [-0.09103217143418676, -0.11612563676765059, -0.1224242698835906, -0.008120985832135174]
B1: -0.007754877090366534 - -0.050476423480400434 - 0.011790547693815788 - -0.025762177322931464
B2: 0.00874881682811831 - 0.04909585190944716 - -0.007181049088330301 - 0.00474387056858629
