Number: 3492
Error: 6.560329446716227e-10
A1: [0.06624560694330163, -0.11392038040230079, -0.023951558131337515, 0.07175524061562301] - [0.03741237812547885, 0.18820269750707413, -0.14739933929947646, -0.07817741086585829] - [-0.06024135659666199, 0.3289392915407932, -0.12776483203845912, -0.14097999343855325] - [0.03898049654969629, -0.05338501499968763, -0.03748210688694383, 0.05163211457557157]
A2: [-0.009128081667046964, -0.3468238785433887, 0.24943543516375308, 0.10643624132862316] - [0.07998110890517705, 0.03621900083649006, -0.050314287962992636, -0.06613667296448043] - [-0.04240153314001297, 0.23088847588881375, -0.04047629115557804, -0.14779113120477716] - [0.06811177199909363, -0.2934931813600638, 0.14174631300403462, 0.0835360743662814]
B1: -1.0404156305355243e-05 - 1.7749279803394147e-05 - -2.293614529970426e-05 - -1.4835067030894134e-05
B2: 3.978871683313538e-05 - -4.545283782298446e-06 - 1.5884478210141796e-05 - 1.5573541514639975e-05
