Number: 8742
Error: 1.382068388538052e-10
A1: [0.08043400980900221, -0.18046548583629468, -0.019586534639694037, 0.1196272965941398] - [0.03742464070442419, 0.13360544004344047, -0.13471714357435374, -0.036276769415478735] - [-0.0017035404113855278, 0.2281893951175768, -0.12282910302636242, -0.10365963144209454] - [0.038864013956329914, -0.11448024117660316, -0.0464156623886014, 0.12203500698866303]
A2: [0.0352862284908761, -0.029294749096852705, -0.07571752053119514, 0.06964120447950614] - [0.10288053053304581, 0.2828833689403239, -0.3926191825657624, 0.006802152635601394] - [-0.011196663669032091, 0.5390049699266758, -0.3594600677192961, -0.1683865420958742] - [0.09784524423695871, 0.017445681425829404, -0.16886772192033833, 0.053506451241125415]
B1: -9.165281440396358e-06 - -1.041127931186345e-05 - -1.2740023819820768e-05 - -1.020920203781392e-05
B2: 1.1784233988448315e-07 - -4.330116931038773e-06 - 2.572591415186218e-06 - 1.4277833795834821e-06
