Number: 8273
Error: 9.206511731599134e-16
A1: [0.08043169578803047, -0.18046779964838539, -0.01958884588322609, 0.11962498284031141] - [0.037415633803499625, 0.1335964399440261, -0.13472613249561957, -0.036285771317382275] - [-0.0017028055962466583, 0.2281901299230156, -0.12282836924831284, -0.1036588968115064] - [0.03886324797980196, -0.11448100503977571, -0.04641642785375533, 0.12203424149518047]
A2: [0.035307447923550846, -0.029273470921204137, -0.07569734532817908, 0.06966341283324545] - [0.10289367864140597, 0.2828966286245538, -0.39260646591720777, 0.006815920578764246] - [-0.011187049422795914, 0.5390146415568655, -0.3594509676289346, -0.16837641127984362] - [0.09786289627256355, 0.01746341380078012, -0.16885091830534016, 0.05352498005946932]
B1: -1.556269298545899e-09 - -2.1489702641026455e-08 - 1.3727466745074563e-08 - 3.19794548787209e-08
B2: -6.174695204614671e-09 - 9.720217244854342e-09 - 1.474988011647309e-08 - -9.745585402391254e-09
