Number: 5193
Error: 1.0170606255052714e-15
A1: [0.06621317739511688, -0.11395208390024866, -0.023983954563428, 0.07172286387014634] - [0.03740265803264268, 0.18819341329443323, -0.14740890165145365, -0.07818696504613698] - [-0.060229471786488555, 0.3289507036386522, -0.12775320798960899, -0.14096841998635626] - [0.03904621761136859, -0.053322630565655116, -0.037418533821298304, 0.05169517653003165]
A2: [-0.009108690393063544, -0.346803307048169, 0.24945497479234627, 0.1064565597313205] - [0.0800398102102407, 0.036282240214300945, -0.05025012926215222, -0.06607197664177146] - [-0.042452857746579996, 0.23083184883047453, -0.040531286576426774, -0.1478478813183685] - [0.06813471154622378, -0.2934679262399107, 0.14177116778057433, 0.08356178507419638]
B1: -3.7090318120210177e-09 - -3.1159228138859896e-08 - -1.2928294358556133e-08 - -8.697164085690898e-09
B2: -1.3776153564878278e-08 - -8.490265330681439e-08 - 3.569991176616319e-08 - -3.849668385671876e-08
