Number: 6196
Error: 9.451556465839762e-16
A1: [0.08043164144930973, -0.1804678539809225, -0.019588900156915084, 0.1196249285078336] - [0.03741554963815053, 0.13359635584233695, -0.134726216493421, -0.03628585543619234] - [-0.0017028234546901156, 0.22819011206496953, -0.1228283870806038, -0.103658914665177] - [0.03886322143695001, -0.1144810315081278, -0.0464164543796715, 0.12203421496884044]
A2: [0.03530741981310686, -0.029273499109453597, -0.0756973720552479, 0.06966338341263763] - [0.10289372051906029, 0.2828966708575956, -0.3926064254136458, 0.006815964430686453] - [-0.01118705906900072, 0.5390146318532048, -0.3594509767594096, -0.1683764214442287] - [0.09786278949429572, 0.017463306536855967, -0.1688510199515058, 0.0535248679772456]
B1: -2.2839937451545288e-08 - -5.813012292995307e-09 - -1.2133590305108583e-08 - -6.771941776880638e-09
B2: -2.5251361614279392e-08 - -3.222477879121657e-08 - 5.467974376246305e-09 - -4.761221357035093e-09
