Number: 2651
Error: 1.5410766121046047e-08
A1: [0.06260623627041537, -0.04869740408742481, -0.024264043029386236, 0.0070345903606075] - [0.04353249278554477, 0.19114510919920416, -0.1426979374520621, -0.0926547474934709] - [-0.12440988315301355, 0.4139029449485648, -0.10582135279563082, -0.18803029414381284] - [0.03625770710177728, 0.01842185787307607, -0.033875405240776195, -0.023790869046943774]
A2: [0.06256001202469458, -0.1745642235318978, 0.08544958826922919, 0.023089530972789356] - [0.029095180877564988, 0.20010676503040611, -0.10190447362076621, -0.1280637733643856] - [-0.09333391089446645, 0.5137569936817098, -0.2255316957074457, -0.19502366485366854] - [-0.025305618132401692, 0.019140612404783937, -0.049669677780434976, 0.05758325142132239]
B1: 0.00030986091913331684 - -0.0003672222461607623 - 5.5408454571400434e-05 - -3.359531249458288e-05
B2: 0.00011679140768938429 - -0.0002551505387333806 - 5.946461503690027e-05 - -1.8165859532296683e-05
