Number: 9695
Error: 6.262650451086659e-15
A1: [0.05317226695333179, -0.14800155426721448, -0.026999330196102088, 0.12182753865852657] - [0.0053133562777958505, 0.1308363303475659, -0.11360110725769161, -0.022550127427878812] - [-0.014444589540788188, 0.22309150782359594, -0.1270412924720278, -0.08160604600350563] - [0.027146250135401957, -0.10002024799855164, -0.04942471880328564, 0.12229790990984725]
A2: [0.08925497700263055, -0.07291285580069078, -0.1236269167175819, 0.10728690513103883] - [0.10884186254026999, 0.24981431487591677, -0.40484515844084074, 0.046189616079797616] - [0.036635613238308204, 0.46255480238481284, -0.37771776099464205, -0.12147358950803018] - [0.14342711263637947, -0.044605946417098474, -0.20149887206788758, 0.1026805520105266]
B1: 7.805416118765488e-08 - 1.2132460803670958e-08 - -5.595294272429925e-08 - -3.6267642965433425e-08
B2: -1.2698716790049824e-07 - -3.3384711028065234e-08 - 7.711903879105456e-08 - -9.509456286316643e-08
