Number: 1552
Error: 1.9937272922832244e-08
A1: [-0.007236224929432329, -0.015043122879281962, 0.002946034027278956, 0.019404340603704842] - [0.0669524980595028, 0.19000534794215665, -0.14660517530836736, -0.1097224453944207] - [-0.11248067019033499, 0.44188756964421466, -0.07068068320317628, -0.25798639015017755] - [-0.022388285741158608, 0.016307920711325016, -0.0289333472633378, 0.03994743848007091]
A2: [0.13168318716761931, -0.2245333648605004, 0.022761922096169014, 0.07025579106326742] - [0.03278671865140461, 0.20388733371678008, -0.11474834178566498, -0.12132013994851773] - [-0.09464212147383469, 0.5555201951433195, -0.23522177468707764, -0.2256546660641982] - [-0.020859761769021965, -0.019307957465231524, 0.008085328692381271, 0.0321505704929053]
B1: 3.8494449824152395e-05 - 2.6488532388795966e-05 - 0.00010769746629233463 - 4.325350698280473e-05
B2: -0.00026408218880363707 - -1.7279501397545724e-06 - -9.293841313994794e-05 - 0.0001997176020132829
