Number: 8588
Error: 6.075290821057141e-16
A1: [0.08043174546939329, -0.18046774997259601, -0.019588796261222143, 0.1196250325160501] - [0.03741563241290921, 0.13359643855451414, -0.1347261338833604, -0.036285772707163835] - [-0.0017027478822450384, 0.2281901876357909, -0.12282831161881225, -0.10365883911289202] - [0.03886330020859093, -0.11448095295747093, -0.04641637565820698, 0.12203429369157719]
A2: [0.03530751746153544, -0.02927340119092554, -0.07569727921216302, 0.0696634856120336] - [0.10289367815203614, 0.2828966281310637, -0.3926064663905241, 0.0068159200663357915] - [-0.01118711393349115, 0.5390145766614461, -0.3594510286898741, -0.16837647925682114] - [0.09786281897157613, 0.017463336148183007, -0.16885099189100847, 0.05352489891872432]
B1: -5.425286149590623e-10 - -3.8605060478883556e-08 - -1.7034802193691692e-08 - -3.218380395503422e-08
B2: -2.3379941789006326e-08 - -5.538324932432928e-08 - -1.8007376494170004e-09 - -2.3228317323583827e-08
