Number: 6982
Error: 9.41753885094466e-16
A1: [0.0804316895806371, -0.18046780585504948, -0.0195888520831367, 0.11962497663366196] - [0.03741559105476861, 0.13359639722760536, -0.1347261751593251, -0.03628581404251979] - [-0.001702816073676401, 0.22819011944581988, -0.12282837971039565, -0.10365890728613543] - [0.03886322648112547, -0.11448102647811002, -0.04641644933871083, 0.12203422000987729]
A2: [0.03530744109510151, -0.029273477768591478, -0.0756973518206115, 0.06966340568656476] - [0.10289376738699502, 0.28289671812330847, -0.3926063800835966, 0.006816013508281363] - [-0.011187091290998152, 0.5390145994389995, -0.35945100725819945, -0.1683764553977146] - [0.09786280680314316, 0.017463323924435652, -0.16885100347461074, 0.05352488614590986]
B1: -3.0141606356429417e-09 - -8.251745617381045e-09 - 3.1605204842035596e-09 - 8.447335215244405e-11
B2: 2.247652720170227e-10 - -3.0103771850282055e-09 - 1.3703421996887085e-09 - -6.260923693059669e-09
