Number: 6438
Error: 1.280582518141369e-15
A1: [0.08043170723780417, -0.18046778819988307, -0.01958883444708597, 0.11962499428881143] - [0.03741560358550911, 0.133596409748861, -0.13472616265355436, -0.03628580151872056] - [-0.0017028058096342155, 0.22819012970964628, -0.1228283694613822, -0.1036588970248326] - [0.03886322111226937, -0.11448103183190042, -0.04641645470414406, 0.12203421464435896]
A2: [0.035307440749991904, -0.029273478114657223, -0.07569735214874156, 0.06966340532537149] - [0.10289379193812105, 0.28289674288280076, -0.39260635633807867, 0.006816039216907004] - [-0.011187059041317686, 0.5390146318810503, -0.35945097673320137, -0.16837642141505912] - [0.09786282030348667, 0.01746333748618904, -0.1688509906231664, 0.053524900316885386]
B1: -3.490080114998304e-09 - 1.9327176129208723e-08 - 1.0434643368862562e-08 - 2.7839194627572764e-09
B2: 1.591259639510403e-08 - 8.128070836678685e-09 - 1.4138880789271415e-08 - -6.947382729659993e-09
