Number: 7284
Error: 1.091055355823627e-15
A1: [0.08043167931180298, -0.18046781612272086, -0.019588862339692547, 0.1196249663660004] - [0.03741558228393178, 0.13359638846340932, -0.13472618391268196, -0.03628582280849649] - [-0.0017028266380156288, 0.2281901088817092, -0.12282839025926154, -0.10365891784765104] - [0.03886322506992522, -0.11448102788535194, -0.04641645074901266, 0.12203421859955295]
A2: [0.035307448062015516, -0.02927347078240899, -0.07569734519656642, 0.06966341297819081] - [0.10289374540821465, 0.2828966959579933, -0.3926064013411812, 0.006815990493288986] - [-0.011187082205644482, 0.5390146085785414, -0.35945099865870567, -0.16837644582416594] - [0.09786281179103604, 0.017463328935015524, -0.16885099872646114, 0.053524891381570475]
B1: -8.903101964952217e-09 - -8.96124868011308e-09 - -5.568402050258039e-09 - -4.308448873611696e-09
B2: -8.181637949202012e-09 - -8.39573428400213e-09 - -7.587951071990312e-09 - -7.616447379925399e-09
