Number: 495
Error: 1.0731426809326322e-12
A1: [-0.012154496616545777, -0.014518302776919774, 0.0180860644755591, 0.008581918887623543] - [0.06583573438828895, 0.18949574088224094, -0.1453220543732548, -0.11000800520593232] - [-0.09629335165820449, 0.4217858216053611, -0.05345763450272327, -0.27203605766254474] - [-0.0013219959759574063, -0.018219721597467906, -0.0038356384008747927, 0.023376170621254213]
A2: [0.1615864067743462, -0.1677550813771829, 0.008501026212987524, -0.00233337559389404] - [0.035485904548185496, 0.20751689988822414, -0.11721024395151408, -0.1257918524613091] - [-0.08621396527583242, 0.581537709804247, -0.23538913588252067, -0.25993597830753257] - [-0.003836387678538138, -0.004520686570163625, 0.001108851053082954, 0.007242033850359378]
B1: 5.835077533653547e-07 - -7.103204781917825e-07 - -1.7091797491690476e-07 - -1.851858675661769e-07
B2: 9.014728259188808e-07 - 7.373567310350311e-07 - 1.0128631641375752e-06 - 9.289210453482499e-07
