Number: 792
Error: 3.634500282220538e-13
A1: [-0.01215405882754841, -0.014517853112633344, 0.01808654837913176, 0.00858238672480945] - [0.06583677679358456, 0.1894967436333641, -0.14532097661504023, -0.11000684459007853] - [-0.09629470881657418, 0.4217845099203578, -0.053459107195617424, -0.2720376388197686] - [-0.0013175565285323404, -0.018215452126067327, -0.0038309127670421274, 0.023381301856581296]
A2: [0.16158474544922402, -0.16775671142626977, 0.008499398357818662, -0.0023349951970463557] - [0.0354863150725611, 0.20751730381453087, -0.11720983514855898, -0.1257914508638675] - [-0.08621531747151624, 0.5815363853285087, -0.23539045161569974, -0.2599372969238891] - [-0.003835898020947162, -0.004520205053843633, 0.0011093356874241386, 0.007242502319720849]
B1: -6.662981115258403e-07 - -8.374215106303381e-07 - -1.0143511861859387e-06 - -4.3810688011236285e-07
B2: -4.567733974056469e-07 - -1.3672030570062233e-06 - -1.6935934223555904e-07 - -7.87566529657883e-07
