Number: 5140
Error: 1.7445152817124197e-15
A1: [0.06621322132268666, -0.1139520409543039, -0.023983910670342383, 0.07172290772398766] - [0.03740264825803648, 0.18819340395545345, -0.1474089112606428, -0.07818697465617586] - [-0.060229817158363036, 0.3289503719276755, -0.127753545950282, -0.1409687561293931] - [0.03904627280959991, -0.053322578173550836, -0.037418480418859, 0.051695229498875866]
A2: [-0.009108564599574953, -0.34680317360127944, 0.24945510160368928, 0.1064566916186167] - [0.0800398330604709, 0.03628226483051533, -0.05025010428821047, -0.0660719514557439] - [-0.04245275584776056, 0.23083196129195171, -0.04053117737790693, -0.14784776862250162] - [0.06813479826677402, -0.29346783075713984, 0.14177126179374636, 0.0835618823035506]
B1: 8.146356303305976e-08 - -3.5242392521709438e-09 - -2.5723452984642562e-08 - -8.383373992636627e-09
B2: 3.9723194607655936e-09 - -6.887557229285324e-09 - 6.952982363662505e-08 - 2.3783330826617635e-09
