Number: 8077
Error: 9.992196382929077e-16
A1: [0.08043170564926136, -0.18046778978825165, -0.019588836033736175, 0.119624992700449] - [0.03741558663213445, 0.13359639280831861, -0.13472617957308536, -0.03628581846268147] - [-0.0017028111537248113, 0.2281901243656652, -0.12282837479764348, -0.10365890236749056] - [0.03886324979161236, -0.11448100323304748, -0.04641642604307763, 0.12203424330587652]
A2: [0.03530735453248151, -0.029273564570622985, -0.07569743412337779, 0.06966331508951584] - [0.10289382544986933, 0.28289677667895996, -0.3926063239258627, 0.006816074308491434] - [-0.01118709493845844, 0.5390145957697625, -0.35945101071058344, -0.16837645924118155] - [0.0978628683045563, 0.017463385705574555, -0.1688509449291469, 0.05352495070225497]
B1: 3.7181745486084084e-09 - -2.588484519885393e-08 - 1.8086024655569754e-08 - -1.8997376391168463e-08
B2: 8.027757832820982e-10 - -1.228226572679432e-08 - -9.338795995413436e-10 - -7.072767378288655e-09
