Number: 4218
Error: 1.2212821402702296e-15
A1: [0.06621319233649192, -0.11395206929275756, -0.023983939633752272, 0.0717228787864836] - [0.03740263214599939, 0.18819338856143322, -0.14740892710005374, -0.07818699049696792] - [-0.06022935130170476, 0.3289508193579363, -0.12775309009020755, -0.1409683027213155] - [0.039046142582428466, -0.053322701780512606, -0.037418606409444756, 0.05169510453133089]
A2: [-0.009108566149960378, -0.34680317524606913, 0.2494551000409154, 0.10645668999308344] - [0.08003983627094498, 0.03628226828907332, -0.050250100779456734, -0.06607194791714817] - [-0.04245283482518267, 0.23083187412776812, -0.04053126201316484, -0.14784785596840114] - [0.06813480876895159, -0.2934678191936644, 0.14177127317951685, 0.08356189407851053]
B1: -6.414092293898251e-10 - 5.545077466528711e-09 - -6.430128308591094e-09 - 1.3688428879900958e-08
B2: 7.171282852564926e-09 - 1.8980040746068157e-08 - -7.663519586587068e-10 - -1.3036063839856089e-08
