Number: 4574
Error: 9.04515633278605e-16
A1: [0.06621308433534738, -0.11395217488046393, -0.02398404755016408, 0.0717227709665583] - [0.03740247900022051, 0.18819324224101333, -0.14740907765410483, -0.07818714106435684] - [-0.06022951075402174, 0.32895066621273406, -0.1277532461208892, -0.1409684579125809] - [0.03904615054166606, -0.05332269422586204, -0.03741859870912614, 0.05169511216910571]
A2: [-0.009108660157082723, -0.3468032749728479, 0.24945500527311867, 0.10645659143173758] - [0.08003979677855484, 0.03628222574449538, -0.05025014394233209, -0.06607199144654352] - [-0.04245281278884075, 0.23083189844847044, -0.040531238398016194, -0.14784783159696102] - [0.0681347350405375, -0.29346790037183945, 0.1417711932506282, 0.0835618114153891]
B1: 1.1410593654300865e-08 - -3.161948311299595e-08 - -8.304869212852536e-09 - -2.0254212444894578e-08
B2: -1.5011572003237024e-08 - -4.094412434275265e-08 - 3.2071556406840124e-08 - -9.25408008036363e-09
