Number: 3652
Error: 1.0377528042921e-13
A1: [0.06620980645711691, -0.11395537950311847, -0.0239873228543179, 0.07171949858909575] - [0.03740321144578525, 0.188193942041446, -0.14740835760440696, -0.07818642095057844] - [-0.06022949457178207, 0.3289506817584434, -0.12775323028221316, -0.140968442161748] - [0.039047263525715296, -0.05332163782848101, -0.03741752193730193, 0.051696180200425844]
A2: [-0.009109883895083206, -0.3468045731790246, 0.24945377162782245, 0.10645530839297039] - [0.08004018621693437, 0.03628264528298448, -0.05024971830728271, -0.06607156219268885] - [-0.04245335065013536, 0.23083130482700534, -0.04053181479455683, -0.14784842645294521] - [0.06813339301396434, -0.29346937801208156, 0.1417697383571509, 0.08356030673986033]
B1: -2.5739647216341827e-08 - -4.693332454679223e-07 - -5.317640051555082e-07 - -1.5432346899521586e-07
B2: -8.55605684663057e-07 - 1.0556313915098212e-06 - 2.0982549855684067e-09 - -1.2769127277004572e-06
