Number: 9008
Error: 0.0001726226650794469
A1: [0.19084385811484966, -0.03486613435672733, 0.11053948846548788, 0.25225301507650993] - [0.08831769350265574, 0.2113997232618592, -0.03335682152941602, 0.0587657113560373] - [0.08668790356637111, 0.33122957246297796, -0.003016932925927651, 0.025740310975575324] - [0.1272674671742185, -0.0011302369911130837, 0.055789189606277136, 0.22287894366436267]
A2: [0.03016317941795915, -0.11120892633084375, -0.160873696525899, 0.0669207685601652] - [0.07006539873988372, 0.19600614178542178, -0.4566928295995438, -0.009773975611619228] - [-0.004513092017880534, 0.437509765620132, -0.4290987406378228, -0.15585187259416303] - [0.09166700776435584, -0.08530025396455229, -0.24935653265056498, 0.05774981560421907]
B1: 0.004103693177824651 - 0.004092339989205734 - -0.0009268984191872732 - -0.0002803028823556153
B2: 0.012203297034339585 - 0.00018589870703564736 - 0.006872816831915915 - 0.004599174063687171
