Number: 2573
Error: 9.477687548605618e-09
A1: [0.06360885794681136, -0.04769306996350415, -0.02326852267595851, 0.00803028965185716] - [0.044129440564541815, 0.1917226363197549, -0.14208301364996512, -0.09199842103945953] - [-0.12340461268716509, 0.41491050291880105, -0.10480830248226336, -0.18702134868199258] - [0.03730267071477396, 0.019474189523856017, -0.032829670458091174, -0.022750611257758485]
A2: [0.06340026945935455, -0.17373188419392527, 0.08628873345524177, 0.02391779040148422] - [0.029288996704934334, 0.2002974464007416, -0.10171092425994066, -0.1278742974533268] - [-0.09353653394517851, 0.5135564155130194, -0.2257366739082028, -0.19522117902035063] - [-0.02611558646002485, 0.018335189331118055, -0.050484559228559135, 0.056791781121453624]
B1: -0.0001415589750224152 - -0.00011239916900789072 - -7.42109451032571e-05 - -7.315426648574455e-06
B2: 3.8952966202736053e-05 - -0.000325522280718486 - 0.00010566003340923771 - -1.5127402899264762e-05
