Number: 9115
Error: 6.422624833942702e-06
A1: [0.0482694745330741, -0.1533344903653688, -0.0317637871796559, 0.11643279380452456] - [-0.001090416546942542, 0.12460097579018618, -0.11972653935943074, -0.028632220378838457] - [-0.004375421086745521, 0.2336548362041831, -0.1164686655820175, -0.0706701373977553] - [0.021071574091615718, -0.1060595199323859, -0.05499137013797298, 0.11637406557060312]
A2: [0.0906591616296172, -0.07103924148079266, -0.12146232231824572, 0.10915327445383881] - [0.10341829424035631, 0.24430734243005167, -0.4101331374240635, 0.04060556508787954] - [0.05548143855865085, 0.48163617029093686, -0.35872878988707463, -0.10245421305765307] - [0.1409649878701449, -0.04719341430112205, -0.20414306096421445, 0.09994857274341165]
B1: 0.0006765272796619942 - 0.0012102677466579671 - -0.006062888792233371 - -0.0013303053866235799
B2: 0.001658140472765291 - -0.00568173934132079 - -0.002513159247092083 - -0.00255727810640744
