Number: 6111
Error: 4.5113141770431675e-15
A1: [0.0804316449197809, -0.18046785051086886, -0.019588896690603097, 0.1196249319778961] - [0.03741560976693511, 0.13359641592558444, -0.13472615648445832, -0.03628579534072667] - [-0.001702869420052584, 0.22819006610057996, -0.12282843297866868, -0.10365896061830082] - [0.038862856957361795, -0.1144813949648593, -0.046416818627017575, 0.12203385071576436]
A2: [0.03530764530384172, -0.02927327299502959, -0.07569715766167516, 0.06966361941329045] - [0.10289362046731912, 0.28289656995669255, -0.39260652218234626, 0.006815859661846513] - [-0.01118711124171001, 0.539014579369304, -0.3594510261419693, -0.16837647642045991] - [0.0978626577829913, 0.017463174226426993, -0.1688511453320339, 0.05352472972318083]
B1: 1.2687955510978972e-07 - 2.769678815804977e-08 - 8.86060288910193e-08 - -1.2607315229840759e-08
B2: 2.3069175904455701e-07 - 3.066373585221874e-07 - -4.2161768732297055e-07 - -5.914518908332353e-08
