Number: 3318
Error: 2.250854737749252e-06
A1: [0.05763846368368612, -0.12239998589311184, -0.03274949508862777, 0.06303633962780125] - [0.03269824943168324, 0.1836300122506983, -0.15204174865592035, -0.08281122445426832] - [-0.0640230309673007, 0.3254643622490981, -0.13124367439084367, -0.1445097778199694] - [0.03928379632581485, -0.05307429895782718, -0.037282774604862054, 0.05184929845634516]
A2: [-0.00911843774322648, -0.3467652346505159, 0.24971237084210993, 0.1065701540739873] - [0.08860743944111872, 0.04558198742302849, -0.04092757829744784, -0.05662344824681379] - [-0.0558155570558148, 0.21577108849021936, -0.0550705055660845, -0.16281656871453465] - [0.059656393698073636, -0.30302226473617466, 0.13245705277763178, 0.07394354952482816]
B1: 0.0021763695165788353 - 0.0025863172702495106 - 0.0017799778146847223 - 0.0007390903586981972
B2: -0.0033684885984184205 - 0.006480727387581271 - 0.0050679942542202145 - -0.0009044627880374506
