Number: 1674
Error: 3.455725250944613e-07
A1: [-0.007839553587880068, -0.015653685639234242, 0.0023202135354620746, 0.018773579831776917] - [0.06782067640190044, 0.19084071687497486, -0.1457088074839292, -0.10875658395408581] - [-0.11536854254827955, 0.4390446428992478, -0.07369424371421435, -0.2611253827730951] - [-0.024485015913967834, 0.01424208263819983, -0.031072634780968406, 0.03772421968450205]
A2: [0.13137524912467088, -0.22483694820955802, 0.022451497737362477, 0.06994698556086254] - [0.03263172914155522, 0.20373497642880825, -0.1149032263730644, -0.12147065225669239] - [-0.09441052873883647, 0.5557530027432734, -0.23499381639816416, -0.22543097452474678] - [-0.022271135613124125, -0.020709551098215373, 0.006681416887663944, 0.03078824848554008]
B1: 5.504731592040639e-05 - 0.000468535380407753 - 0.0002568282624439334 - -0.00030523874247730955
B2: 0.00047912682917158005 - 0.000985323228206006 - 0.0007437142108864894 - 0.00027271445412093255
