Number: 9
Error: 0.0037779000639902014
A1: [0.06724723999775448, 0.0750051540489253, 0.08700837560098357, 0.06296284921052363] - [0.18035253243175775, 0.3143206123543636, -0.04961510778740428, -0.0364119274268853] - [0.023498341349451377, 0.5388088160636806, 0.059995080508604824, -0.14566334122429808] - [0.33591775106213545, 0.33500591325038415, 0.3404587695638972, 0.3432810690801513]
A2: [0.3798000146552047, 0.04628244421092963, 0.21353606106400339, 0.21181632785122995] - [0.18551585880127325, 0.35210828515128606, 0.020812653031963245, 0.015354469201857405] - [0.34810030992555, 1.0146280738698452, 0.18221290476572485, 0.18030660229567586] - [0.6478679172119092, 0.6473907569729455, 0.6454994116554141, 0.6499477548967392]
B1: 0.058692212934709206 - 0.5331313432368144 - -0.061154253935117406 - -0.15624952145226906
B2: 0.0615224077849187 - 0.5737877467992967 - -0.11389097020306041 - -0.07054852448696945
