Number: 982
Error: 0.0004958008730637901
A1: [-0.02973281606030565, -0.03298219403628438, -0.002738372627189875, -0.00966113567280749] - [0.04987938158353106, 0.17402759266144183, -0.1618494116405111, -0.127676707443648] - [-0.11003012366981882, 0.40820891134779824, -0.07021670055927703, -0.28735124784961674] - [0.03031215941332109, 0.011906838510069268, 0.02733613143733618, 0.0600284323125274]
A2: [0.15753871418374996, -0.17346961276853037, 0.005368220895029759, -0.00586340972289067] - [0.040878433752988004, 0.21251829476218964, -0.11172314157642557, -0.12047635791261263] - [-0.07212190420268894, 0.5933800544789978, -0.22080222541011557, -0.24583081912901605] - [0.005321219675705476, 0.0037655105712141052, 0.010714350588133317, 0.016183403285544445]
B1: 0.00898130382027858 - 0.015309256473017502 - 0.006463966290927084 - 0.0023161680557213012
B2: -0.028844051762661527 - -0.006175296986004653 - -0.009653862068863423 - -0.004719936841485715
