Number: 8250
Error: 8.866362619761903e-16
A1: [0.08043171595700925, -0.1804677794816941, -0.01958882573836271, 0.11962500300698499] - [0.037415543495866704, 0.13359634970474638, -0.13472622262331638, -0.036285861574989885] - [-0.0017028510656545647, 0.22819008445457914, -0.1228284146511476, -0.10365894226877936] - [0.03886326675760823, -0.11448098631466976, -0.04641640908791389, 0.12203426026131448]
A2: [0.03530738376693647, -0.02927353525525513, -0.07569740632759152, 0.06966334568652063] - [0.10289375014610427, 0.28289670073610046, -0.3926063967587343, 0.006815995454530689] - [-0.011187156647181689, 0.539014533692959, -0.35945106911935887, -0.16837652426568558] - [0.09786275297915059, 0.01746326985559293, -0.16885105471165465, 0.053524829648325827]
B1: 5.096066774683654e-09 - 2.1998504176829337e-09 - -5.146529443343323e-09 - -2.112227864573403e-08
B2: 1.9370886592992598e-08 - -3.740106900569509e-08 - -2.1644333990236515e-08 - 1.7718543575884954e-08
