Number: 2328
Error: 2.0253316754495477e-05
A1: [0.08117971285051925, -0.0340693723344457, -0.013180795000352085, 0.02183136626070457] - [0.03004767004074933, 0.17846737489235853, -0.15613220371363581, -0.10613536961032202] - [-0.11719387275503168, 0.42174804542131034, -0.09899152535176979, -0.180502050465497] - [0.038117561292464505, 0.021384303077385855, -0.030591241143242003, -0.02136239052161695]
A2: [0.03162922372711645, -0.20279922300882583, 0.056685515873206804, -0.006502700727009893] - [0.020990273793492508, 0.1919379482323982, -0.11007572327618516, -0.1360888949382656] - [-0.05617397373347259, 0.5483707879891363, -0.18910638895455706, -0.1600846283143741] - [-0.013011655356442085, 0.030221728400983527, -0.03702234882779468, 0.0698482655646624]
B1: -0.004889351357592381 - -0.003331669040644161 - -0.003315663759199519 - 0.013554719870107689
B2: -0.001691714638053998 - 0.011744005021315429 - -0.0014287371806865354 - -0.0024259960256853013
