Number: 2076
Error: 0.0002408556934069146
A1: [-0.02629830004704699, -0.06717282470664013, -0.060433465889831284, -0.04363206927196749] - [0.08129060252716457, 0.20917507951013284, -0.12629633020264872, -0.08980166412772739] - [-0.12019721942239942, 0.4438358270555695, -0.06775726186811168, -0.2186690181096128] - [0.06689295892136118, 0.09185307629215439, 0.014453647524629631, 0.054235883926886316]
A2: [0.12344070849943936, -0.19437828201246896, 0.07864398133484035, 0.08121454919576102] - [0.04165357458772209, 0.2059869842622116, -0.11472115383677299, -0.11891953074008496] - [-0.06600199695499304, 0.565380218585166, -0.2079419192214701, -0.1979443672194496] - [-0.015409972837296601, -0.01891590579971481, -0.018555072312063166, 0.0864401852595977]
B1: 0.011530675988588512 - -0.010550070672556552 - 0.03168846295667184 - -0.006998204789957686
B2: -0.031378831147473335 - 0.023337014291393524 - 0.028964364034364337 - 0.026755074650402666
