Number: 9264
Error: 4.335701255359346e-09
A1: [0.05361666179430581, -0.14755712381150765, -0.026555424213169337, 0.12227223877373135] - [0.005819544311515558, 0.13134303156065655, -0.11309520012193862, -0.022043199777614167] - [-0.013949179613273134, 0.22358704352923855, -0.126546213701791, -0.08111035019264941] - [0.02769288722253828, -0.0994737530412026, -0.048876919194892905, 0.12284612602435425]
A2: [0.08940301653542783, -0.07276505555336109, -0.12348217217117123, 0.10743684146802047] - [0.10909549886129515, 0.2500678794483668, -0.4045965918076412, 0.04644762115541527] - [0.036899840063843656, 0.462817843417548, -0.37745994769888336, -0.12120650990718532] - [0.14336775932804702, -0.0446649911441084, -0.2015567233547178, 0.10262025393242726]
B1: 9.174373363321378e-05 - 2.7439067055263827e-05 - -3.0784066070262666e-05 - 7.341762562117335e-05
B2: 2.550882072656349e-05 - 9.156955936536355e-05 - 4.491722545831773e-05 - 1.604389836374604e-05
