Number: 7100
Error: 1.0757796835821633e-15
A1: [0.08043169532997656, -0.1804678001063612, -0.019588846340672542, 0.11962498238234452] - [0.03741559846020664, 0.13359640462743957, -0.13472616776864169, -0.03628580664118355] - [-0.0017028055935510316, 0.22819012992572044, -0.12282836924561692, -0.10365889680880774] - [0.03886324010101823, -0.11448101289643897, -0.04641643572749476, 0.12203423362130593]
A2: [0.0353074197988399, -0.02927349912375593, -0.07569737206883047, 0.06966338339772027] - [0.10289370410668319, 0.28289665430593236, -0.39260644128749106, 0.00681594724455555] - [-0.011187076514420876, 0.5390146143037123, -0.35945099327184366, -0.1683764398271222] - [0.09786281498477167, 0.017463332143279154, -0.16885099568622863, 0.05352489473395447]
B1: -7.716642655860178e-09 - 2.3391392393391006e-08 - 3.2847142469496747e-09 - -4.696992476179415e-09
B2: 4.530243410252535e-10 - 4.424742310080311e-10 - 6.623987796585087e-09 - 2.6911282993541023e-10
