Number: 1028
Error: 0.0010627240398736375
A1: [-0.09673715456228375, -0.11335525816636065, -0.0930636855291699, -0.08446534930147351] - [0.06182813835027481, 0.18505245031069367, -0.1516870394156528, -0.11537687144887267] - [-0.3245226551878763, 0.20233494530168972, -0.3163416458285981, -0.5236735056629446] - [-0.20493328835896354, -0.19352976234052668, -0.22591099072244117, -0.18058775363347118]
A2: [0.252736966755927, -0.09258393767947923, 0.10917122892915464, 0.13483722757719338] - [0.060370243198041476, 0.23062084150398182, -0.08920512386984106, -0.09696364868506284] - [-0.14664568486668578, 0.5145498315230027, -0.2809054731542365, -0.30143074847755] - [-0.01039776071183736, -0.011355260038673159, 0.007151396108956652, 0.024011206271512747]
B1: 0.011697611706733233 - 0.005874908490406134 - -0.03473376305080404 - -0.0025776056328843146
B2: -0.07010905217079996 - -0.004577644714820323 - -0.04388054355271019 - 0.02107016406836787
