Number: 3681
Error: 8.595860842157238e-15
A1: [0.06621384410664363, -0.11395143208697274, -0.023983288374787633, 0.07172352946274804] - [0.03740260640981847, 0.18819336397166875, -0.14740895240105348, -0.07818701579984917] - [-0.060229094337279306, 0.3289510661577576, -0.12775283864018164, -0.14096805262361856] - [0.0390457058944334, -0.05332311626965958, -0.037419028890649, 0.05169468548119228]
A2: [-0.009108183148641874, -0.3468027689425633, 0.24945548614054908, 0.10645709154747707] - [0.08003957005964872, 0.03628198150369172, -0.05025039173326401, -0.06607224134069957] - [-0.042452158511053224, 0.23083262055082154, -0.04053053724736461, -0.14784710798975964] - [0.06813541201897783, -0.29346715498947423, 0.14177192716107243, 0.08356257043249866]
B1: -3.6303980028069466e-08 - -7.07319584750158e-08 - 1.3950509159845278e-08 - -2.2876902671298144e-08
B2: -2.9119601295214733e-08 - -1.500371419985497e-07 - 1.9943173145908888e-07 - 1.8858417644301583e-07
