Number: 2028
Error: 9.183792156341614e-05
A1: [-0.0020705827785768745, -0.010184522395759937, 0.004906225116382792, 0.02317541205095787] - [0.03457950265929961, 0.15873405385978648, -0.18029287907676628, -0.14562042091802085] - [-0.061809388474525856, 0.49160963041497596, -0.021960835672260023, -0.20554270670408775] - [-0.06398482515122951, -0.022247102794365703, -0.0726325128544273, -0.004111590890925153]
A2: [0.1465391882225804, -0.21181729892882056, 0.0377475283515924, 0.08625733935115909] - [0.03816393065747831, 0.20850113367809558, -0.10948762871284777, -0.11617009196455265] - [-0.09530675380352813, 0.5513820899017031, -0.23437778425901137, -0.22600395536770132] - [0.04096554003061109, 0.03535028725557194, 0.0675184458135528, 0.09161960692398753]
B1: 0.008289553006483645 - -0.010117861284201848 - 0.00027294967986171877 - 0.02042574958370643
B2: -0.009118101442340057 - 0.026770470623178416 - 0.02329848534867218 - -0.004481411625328046
