Number: 3718
Error: 1.2456533961098997e-15
A1: [0.06621290651002218, -0.11395234873191366, -0.02398422523593592, 0.07172259343969203] - [0.037402620884132154, 0.18819337780143536, -0.14740893817137624, -0.07818700156923172] - [-0.06022950559498599, 0.32895067116786075, -0.1277532410724918, -0.14096845289154333] - [0.03904602875149447, -0.05332280982457197, -0.03741871653702278, 0.05169499529799376]
A2: [-0.009108438468528313, -0.34680303979598287, 0.24945522875548884, 0.10645682386010404] - [0.0800399475157888, 0.0362823881317263, -0.050249979195121024, -0.06607182530035048] - [-0.042452689579440366, 0.23083203443018308, -0.0405311063619321, -0.14784769533198658] - [0.06813492210709451, -0.2934676944032839, 0.14177139604922695, 0.0835620211516772]
B1: 9.80046420299584e-08 - 5.877132861469252e-08 - -1.0517113229297117e-07 - 2.8364248361563344e-08
B2: 6.127410400503682e-08 - 3.155054212482557e-08 - 4.964045721931982e-09 - -6.724888693615858e-08
