Number: 4440
Error: 1.375637332096155e-15
A1: [0.06621311258161995, -0.11395214726539875, -0.02398401932605054, 0.07172279916545342] - [0.037402658036620184, 0.18819341329816558, -0.14740890164758388, -0.07818696504225983] - [-0.06022935510472875, 0.32895081570529616, -0.12775309381167155, -0.1409683064227063] - [0.039046135651785295, -0.05332270835876756, -0.03741861311458041, 0.051695097880668305]
A2: [-0.009108485478112171, -0.34680308966588064, 0.24945518136545888, 0.10645677457303603] - [0.08003973978407704, 0.03628216434511366, -0.0502502062340703, -0.06607205426717228] - [-0.042452786378057904, 0.230831927597025, -0.040531210095282016, -0.1478478023876441] - [0.06813484952791511, -0.29346777431632304, 0.14177131736611542, 0.08356193977677163]
B1: -1.900385877046833e-08 - 1.0257704932191504e-08 - -1.0845309137421892e-08 - 2.1848673571457053e-09
B2: -4.35038227459267e-08 - 2.6800529837304418e-08 - 1.3201261802284388e-10 - -4.841536836980771e-09
