Number: 6289
Error: 9.263929287455214e-16
A1: [0.08043165004403503, -0.1804678453871708, -0.019588891572467078, 0.11962493710157704] - [0.03741555870120407, 0.13359636489853113, -0.13472620744842592, -0.03628584637815929] - [-0.0017028361892287467, 0.22819009933070217, -0.12282839979649728, -0.1036589273963172] - [0.03886320820881284, -0.11448104469914207, -0.046416467599379826, 0.12203420174892463]
A2: [0.035307425092011596, -0.029273493815948178, -0.07569736703613762, 0.06966338893758663] - [0.1028937888384522, 0.28289673975682567, -0.39260635933603866, 0.0068160359711001975] - [-0.01118693790875721, 0.5390147537361237, -0.35945086207866667, -0.16837629377337454] - [0.09786285560882892, 0.017463372952124336, -0.16885095701478137, 0.05352493737602007]
B1: -4.339924670461544e-08 - 9.400615483571385e-09 - 8.271096678096047e-10 - 1.257753799889713e-09
B2: -1.592886693332986e-08 - -1.4202903724276281e-08 - 2.4432297441377507e-09 - -5.1387268391986445e-09
