Number: 7666
Error: 9.697102508226057e-16
A1: [0.08043170664939954, -0.18046778878822795, -0.019588835034779605, 0.11962499370047805] - [0.03741562287634109, 0.13359642902509097, -0.1347261434011425, -0.036285782238568084] - [-0.001702801420193008, 0.2281901340989893, -0.12282836507836042, -0.1036588926365556] - [0.03886325561222947, -0.11448099742876762, -0.04641642022616301, 0.12203424912287826]
A2: [0.035307489580050026, -0.029273429149534486, -0.07569730572170592, 0.06966345643127622] - [0.10289378134082232, 0.28289673219556677, -0.39260636658761755, 0.006816028119963281] - [-0.01118713917890765, 0.5390145512654667, -0.3594510525851738, -0.1683765058588328] - [0.09786279152152597, 0.01746330857331342, -0.16885101802173233, 0.05352487010520115]
B1: -1.1347448812326556e-08 - 1.223234880741254e-08 - 7.793111244443708e-09 - 6.3639968225040075e-09
B2: 1.5332945034316803e-09 - -8.120891915045986e-09 - 9.741391389877687e-09 - -8.824569328551057e-10
