Number: 8559
Error: 1.3371839616424601e-15
A1: [0.0804316569944884, -0.18046783843748315, -0.01958888463033876, 0.11962494405124821] - [0.03741552046962077, 0.13359632669594276, -0.13472624560360652, -0.036285884588448024] - [-0.0017027833422208405, 0.2281901521765646, -0.12282834702687076, -0.10365887456340885] - [0.038863217691146784, -0.11448103524334817, -0.04641645812307086, 0.1220342112254153]
A2: [0.03530727181330716, -0.02927364751854174, -0.07569751277201706, 0.06966322851519384] - [0.10289371299030836, 0.28289666326500046, -0.3926064326953576, 0.006815956547033507] - [-0.011187185107677763, 0.5390145050627596, -0.3594510960579799, -0.1683765542553382] - [0.09786270339955838, 0.017463220050499103, -0.16885110190836577, 0.05352477760604453]
B1: -7.440496862201661e-09 - 1.7384778001313823e-08 - 1.0211573534256206e-08 - 1.6411662783653968e-08
B2: 1.2234641283664136e-08 - -5.847409556466798e-08 - -7.992942488241939e-10 - 7.654047455135663e-09
