Number: 9891
Error: 8.546953034023852e-16
A1: [0.053172530502233285, -0.14800129062102801, -0.026999066937085918, 0.12182780233456982] - [0.005313717554316425, 0.1308366920035905, -0.11360074603455615, -0.02254976564196909] - [-0.014444456865249884, 0.2230916405481121, -0.12704115990108528, -0.08160591328057604] - [0.027146470081494796, -0.10002002805248018, -0.0494244983927441, 0.12229813041489403]
A2: [0.08925455449577026, -0.07291327732987933, -0.12362732970520758, 0.10728647741443699] - [0.10884173468864958, 0.2498141870019912, -0.40484528376025347, 0.04618948607692473] - [0.03663582877865472, 0.46255501680347294, -0.3777175507028781, -0.12147337173229725] - [0.1434264033320001, -0.04460665307894122, -0.20149956464222302, 0.10267983218265195]
B1: 1.8074977822286506e-08 - 1.837726515125353e-08 - 2.0238106674118053e-08 - 2.5662516941435816e-08
B2: 3.847050011818443e-09 - 1.2845525554172742e-08 - 8.399059069186404e-09 - 2.7069270046637802e-08
