Number: 6184
Error: 1.018464546408501e-15
A1: [0.08043162112016934, -0.18046787430776057, -0.01958892046174759, 0.11962490818101504] - [0.03741552061584951, 0.13359632684200165, -0.13472624545789408, -0.03628588444241668] - [-0.0017028084628866753, 0.22819012705645325, -0.12282837211075083, -0.10365889967737468] - [0.03886323102002693, -0.11448102195194468, -0.04641644480270109, 0.1220342245459612]
A2: [0.035307415139299324, -0.029273503796188233, -0.0756973764990421, 0.06966337852098735] - [0.10289372253250795, 0.2828966728881318, -0.39260642346626606, 0.006815966539061162] - [-0.011187101384375142, 0.5390145892854346, -0.3594510168118069, -0.16837646603344864] - [0.09786278585660067, 0.017463302882614145, -0.16885102341435423, 0.05352486415884743]
B1: -6.372207718486702e-09 - -3.7246802560018803e-10 - -1.2597558650621757e-09 - -1.192293233714708e-09
B2: -2.4612495498928824e-08 - -3.385921742230334e-08 - 2.8296633056766286e-08 - 1.6616830310644653e-08
