Number: 738
Error: 6.004466288082899e-15
A1: [-0.012153740302221595, -0.014517525954477266, 0.01808690044861955, 0.008582727105900658] - [0.06583501606995339, 0.18949504989138946, -0.14532279704986711, -0.11000880497954177] - [-0.09629361428756145, 0.42178556776317494, -0.05345791949504051, -0.27203636364419276] - [-0.00132150201687947, -0.018219246567989084, -0.003835112612910544, 0.023376741544066222]
A2: [0.1615869097068578, -0.1677545879271731, 0.008501518978571031, -0.002332885342345906] - [0.03548586471059727, 0.20751686068935712, -0.11721028362279791, -0.12579189143588052] - [-0.08621331855838696, 0.5815383432621154, -0.2353885066089624, -0.25993534766770415] - [-0.003834656219188372, -0.004518983899368281, 0.0011105647724208398, 0.007243690386176591]
B1: 2.0488943930438876e-11 - -4.4417363897496986e-08 - 7.016231418183455e-08 - -9.792578371716839e-08
B2: -4.521365461138188e-10 - -2.0005970759519123e-07 - 3.686909218945104e-08 - -2.0870023372929863e-07
