Number: 6246
Error: 1.0379492419416085e-15
A1: [0.08043165547845324, -0.1804678399533679, -0.019588886144546652, 0.1196249425353747] - [0.037415557841016425, 0.13359636403899441, -0.13472620830689983, -0.03628584723787052] - [-0.0017028301371150836, 0.2281901053826871, -0.12282839375324449, -0.10365892134581849] - [0.03886321413343609, -0.11448103879114534, -0.046416461678531556, 0.1220342076698658]
A2: [0.035307433149208506, -0.02927348573646583, -0.07569735937546075, 0.06966339737032115] - [0.10289372038602475, 0.28289667072343094, -0.39260642554231606, 0.006815964291378472] - [-0.011187144103134775, 0.5390145463118724, -0.3594510572460159, -0.1683765110477237] - [0.09786278998130112, 0.01746330702607646, -0.16885101948790848, 0.0535248684884425]
B1: 4.448612293598679e-09 - -8.916158863519288e-09 - -2.7561765777003282e-09 - -5.297431715781921e-09
B2: -9.856852705585512e-09 - -8.813212869379795e-09 - 5.740770049214268e-09 - -8.689478963810041e-10
