Number: 8656
Error: 3.2108892146669336e-15
A1: [0.08043166368194077, -0.1804678317507906, -0.019588877950883245, 0.11962495073793844] - [0.037415573284378875, 0.13359637947072506, -0.13472619289407572, -0.036285831802944285] - [-0.0017028187840559842, 0.22819011673549483, -0.12282838241681303, -0.10365890999577491] - [0.03886319884984948, -0.11448105403177308, -0.0464164769523616, 0.12203419239582967]
A2: [0.03530755272282486, -0.029273365832118148, -0.07569724568606331, 0.06966352251667672] - [0.10289378512541104, 0.28289673601229476, -0.3926063629271351, 0.006816032082879162] - [-0.011187004350912527, 0.5390146868975902, -0.3594509249672582, -0.1683763637861836] - [0.09786290695435666, 0.017463424531142146, -0.16885090813686773, 0.05352499127173803]
B1: -6.201591778553842e-08 - -2.871389569228446e-08 - -5.4003153477747477e-08 - -5.702758505257176e-08
B2: -1.7994277748546012e-08 - 1.0816809858356936e-09 - 9.165807674983647e-09 - -1.7851359334407692e-08
