Number: 8521
Error: 8.606025249243531e-16
A1: [0.08043170235550852, -0.18046779308161084, -0.01958883932357015, 0.11962498940707647] - [0.0374155943016988, 0.13359640047215435, -0.13472617191863553, -0.03628581079725684] - [-0.0017028326988171739, 0.22819010282101285, -0.1228283963112071, -0.10365892390684026] - [0.03886322996463955, -0.11448102300429866, -0.04641644585739203, 0.12203422349128239]
A2: [0.03530735717962838, -0.02927356191611231, -0.07569743160656577, 0.06966331786009258] - [0.10289376614237258, 0.2828967168681509, -0.3926063812873104, 0.006816012204917871] - [-0.01118717488628343, 0.5390145153451227, -0.359451086383169, -0.1683765434847357] - [0.09786279420027162, 0.01746331126421093, -0.16885101547174233, 0.053524872916994454]
B1: -8.994103962968855e-09 - -3.371333266146617e-08 - 2.3091340980417545e-08 - -1.2546032440012965e-10
B2: -1.0504176915535049e-08 - 3.46311313492702e-08 - -7.807695359376187e-09 - 9.460801801075203e-10
