Number: 5558
Error: 1.0265655286369563e-09
A1: [0.06626022034978209, -0.11390608465445273, -0.02393694135656987, 0.07176983347389311] - [0.03738609317607454, 0.18817759171075443, -0.14742518195681245, -0.07820324787424936] - [-0.06014932662548152, 0.3290276899890792, -0.127674771740226, -0.14089040728814947] - [0.039032009788669046, -0.05333610813567676, -0.03743227363520984, 0.05168154752463005]
A2: [-0.0091156757403119, -0.34681071361100974, 0.24944793503808232, 0.10644924686049807] - [0.08003604819368525, 0.036278189113596856, -0.05025424144438816, -0.0660761212480733] - [-0.042508155779022824, 0.23077082243117344, -0.04059054742052748, -0.14790903372216493] - [0.06808242666595274, -0.29352549080798745, 0.14171448523767263, 0.08350316975157625]
B1: -2.5462593329622428e-05 - -6.990426624700518e-06 - -5.436567190876711e-07 - -2.238583133444226e-06
B2: 3.156529196861122e-05 - 2.8353467025524994e-05 - 2.834270847757828e-05 - -7.050023115372001e-06
