Number: 8600
Error: 1.109296019339458e-15
A1: [0.08043167900307797, -0.18046781643138804, -0.01958886264806863, 0.11962496605732449] - [0.03741553925913334, 0.13359634547123816, -0.1347262268515323, -0.03628586580933875] - [-0.0017027787372884773, 0.22819015678140273, -0.12282834242868278, -0.10365886995970194] - [0.038863219951141684, -0.11448103298969695, -0.04641645586452086, 0.12203421348400643]
A2: [0.03530748650549684, -0.02927343223257706, -0.07569730864485325, 0.06966345321326853] - [0.10289362530124321, 0.2828965748317383, -0.39260651750718684, 0.006815864723934861] - [-0.011187151231124761, 0.5390145391413598, -0.3594510639929956, -0.16837651855852756] - [0.09786273213818009, 0.017463248919833543, -0.16885107455099274, 0.053524807772166144]
B1: 7.213125860279029e-08 - -5.584795861104402e-09 - 3.11749342888307e-08 - 3.310577878878946e-08
B2: 7.813207482055809e-09 - 5.026430142517164e-10 - 2.519336542880324e-08 - 1.2355656373998962e-08
