Number: 9402
Error: 2.1335841936278676e-11
A1: [0.05317049427623916, -0.14800332734393226, -0.02700110078199744, 0.12182576546320699] - [0.005317149108061286, 0.13084012720758603, -0.11359731493001492, -0.022546329034512876] - [-0.01444102128312969, 0.2230950770896476, -0.1270377272018442, -0.08160247668957754] - [0.02714939322745019, -0.10001710410137513, -0.049421568499242945, 0.1223010620350436]
A2: [0.08922107826095764, -0.07294667640877216, -0.12366005172729269, 0.10725258868975593] - [0.10883331570645256, 0.2498057666023099, -0.4048535360179585, 0.04618092527292639] - [0.03662118041830808, 0.46254044445598747, -0.37773184230862034, -0.12148817221446374] - [0.14342145338486884, -0.04461158473991529, -0.20150439773635853, 0.10267480829970373]
B1: -7.693967116291333e-06 - -7.806844710371854e-07 - -1.0537998206336587e-06 - 4.4467464488656084e-06
B2: -1.2052844843193274e-06 - 9.64818194713232e-07 - 3.622655806202293e-06 - 3.183101700870685e-06
