Number: 9751
Error: 1.1821706517565742e-15
A1: [0.05317252057869803, -0.14800130054825877, -0.026999076849719812, 0.12182779240621804] - [0.005313738202637478, 0.1308367126735151, -0.11360072538947812, -0.022549744964596236] - [-0.014444603717089433, 0.22309149364242115, -0.12704130663671484, -0.08160606018485787] - [0.02714652657331175, -0.10001997156068934, -0.04942444178167576, 0.12229818705029945]
A2: [0.0892548837316245, -0.07291294885547343, -0.12362700788737191, 0.10728681070990617] - [0.1088417736499351, 0.24981422597011968, -0.40484524557067353, 0.046189525693718696] - [0.036635706477340636, 0.46255489513858494, -0.37771767002611933, -0.12147349530211701] - [0.14342651580878082, -0.04460654102113199, -0.2014994548184212, 0.10267994632814469]
B1: -5.8435804055955154e-08 - -2.0942979434201236e-08 - -1.1811995127309076e-07 - -3.6673666297813006e-08
B2: -6.457054391867699e-08 - -3.395333197616323e-08 - -9.457072139262991e-08 - -3.859762136907662e-08
