Number: 9492
Error: 1.5505792546455593e-13
A1: [0.0531736907092525, -0.14800013001187198, -0.02699790802505447, 0.12182896310215713] - [0.005314084300067892, 0.13083705911323054, -0.11360037936479542, -0.022549398385298392] - [-0.0144450485470962, 0.22309104863637308, -0.12704175112862953, -0.08160650518479019] - [0.027146991814884266, -0.1000195062673931, -0.04942397550715839, 0.12229865352786498]
A2: [0.08925093639597026, -0.07291688704733859, -0.12363086625413283, 0.10728281476641278] - [0.10884041646920141, 0.24981286855488297, -0.4048465758741513, 0.046188145680154856] - [0.036634353180726664, 0.4625535488984157, -0.3777189903611899, -0.12147486262373983] - [0.14342468349068208, -0.04460836650786743, -0.2015012439068488, 0.10267808683683421]
B1: -5.685737272744372e-07 - 7.301072969263143e-08 - -6.547239548326355e-08 - -1.495415820212902e-07
B2: -3.8058535547491674e-08 - -4.4222626694985996e-07 - -7.256419676677722e-07 - -4.4744326287115916e-07
