Number: 3395
Error: 1.1357999188274839e-07
A1: [0.06651196042459402, -0.11365971712405606, -0.023685925746063916, 0.0720219114411307] - [0.03709029478351929, 0.18789496806334927, -0.14771597176055068, -0.07849373453226988] - [-0.06457171223689909, 0.32477766879212533, -0.13200638163579115, -0.14520421606455322] - [0.037717444567643296, -0.054582662176165975, -0.03870394664009513, 0.05041661024544496]
A2: [-0.011090138359339774, -0.3489039569197243, 0.24746866367524464, 0.10438306528752038] - [0.07973573835690219, 0.03595464269128145, -0.05058277779154416, -0.0664104905888128] - [-0.04300009740768777, 0.23022770182206165, -0.041117160876733325, -0.14845594320529903] - [0.06714002734840228, -0.29456122331384443, 0.14070588728411754, 0.08245249365051782]
B1: -0.00032519542909382093 - -6.87993435849096e-05 - 0.00010055822202297543 - 6.265983699514416e-05
B2: -0.00026451871934438 - -0.00016061731612625516 - 0.00014411686710670926 - -0.0009630691884970615
