Number: 3418
Error: 3.740049078112161e-08
A1: [0.0668373540786102, -0.11334282732885373, -0.023361798003575584, 0.07234573691006697] - [0.03760611305716348, 0.1883876044559425, -0.14720891614590942, -0.07798662707316377] - [-0.058882148464356895, 0.3302423031421605, -0.12643708428362072, -0.139662535896051] - [0.04007112956351665, -0.05234772529946522, -0.03642590052138666, 0.05267750809076206]
A2: [-0.008618987834591713, -0.34628329765339666, 0.2499465994787752, 0.10697187449685952] - [0.08025907675374755, 0.03651830288597356, -0.05001221946916677, -0.0658321775780924] - [-0.04253802948025907, 0.23073744997428333, -0.040625509860506184, -0.1479437782960525] - [0.06902657216985125, -0.2924856427598799, 0.14274115914851418, 0.08456483793114077]
B1: 0.00015192173707740064 - -0.0001826523163155716 - 0.0002914851772030469 - 3.4475939294244365e-06
B2: -0.00032793670095803876 - -2.5773356871652318e-05 - 0.0005703866425953951 - 0.00020733985334004496
