Number: 9208
Error: 3.3442834506881157e-07
A1: [0.05211822361716803, -0.1490615543806129, -0.028055117421547645, 0.12076843156460099] - [0.004561089844420968, 0.13008711068925663, -0.11434957372396848, -0.023298551837735174] - [-0.01464010833799145, 0.22289558866398215, -0.12723762449632775, -0.08180083784214384] - [0.026038180746740407, -0.10113442602683324, -0.05053883094462636, 0.121182476948979]
A2: [0.09191832804393128, -0.07024996344169622, -0.12101846745997087, 0.10998376718042688] - [0.10930418145740517, 0.2502696396175977, -0.40439489479764185, 0.046660922407999336] - [0.03795895871653721, 0.46386556253122424, -0.3764264117693208, -0.1201347340822932] - [0.14357299359734868, -0.04446463820084896, -0.20135708708015904, 0.10282920158088439]
B1: 0.00046046280488482407 - -0.00021456487576566836 - 0.0003100087957250365 - -0.0003729869685325544
B2: 0.0006148890160661166 - 0.0002045825603677936 - 0.0005301890389911362 - 0.0006130617075423426
