Number: 5523
Error: 6.908219749547799e-11
A1: [0.0662144349663795, -0.11395085442031683, -0.023982697976895034, 0.07172411933182173] - [0.03740245306175407, 0.188193217479566, -0.14740910314711542, -0.07818716656266499] - [-0.060226517827434385, 0.3289535407834561, -0.12775031740452433, -0.14096554494648042] - [0.03905350289607819, -0.05331571563280078, -0.03741148555101478, 0.05170216756780579]
A2: [-0.009096376411356423, -0.3467902439111144, 0.249467388425151, 0.1064694702572214] - [0.08004335267242757, 0.036286056450312694, -0.050246257553657386, -0.06606807204992977] - [-0.042443870503778326, 0.23084176764407505, -0.04052165550386665, -0.14783794180984386] - [0.0681440909140151, -0.2934575992161519, 0.14178133589541883, 0.08357230102937331]
B1: 5.74407895003496e-06 - 5.366721810049764e-06 - 4.821210531303415e-06 - 4.9276505484975065e-06
B2: -3.7122639355776927e-06 - -5.557682685232179e-06 - -1.5841898235937994e-06 - 6.75686464634006e-07
