Number: 8685
Error: 1.876989029915204e-14
A1: [0.08043174964935955, -0.18046774579311073, -0.01958879208624901, 0.11962503669553905] - [0.037415708197617456, 0.13359651428184552, -0.1347260582496439, -0.036285696964438105] - [-0.0017027147804283677, 0.2281902207369012, -0.1228282785654564, -0.10365880601990166] - [0.03886329413230207, -0.11448095901671552, -0.04641638173061725, 0.12203428761906428]
A2: [0.03530757290584978, -0.029273345593297875, -0.07569722649625174, 0.069663543640336] - [0.10289421067520516, 0.282897165173618, -0.3926059513403565, 0.0068164776948066936] - [-0.011186822157102226, 0.5390148701780259, -0.3594507525163237, -0.16837617180280356] - [0.09786300439838418, 0.017463522418362524, -0.16885081537621247, 0.05352509355594962]
B1: 6.096587028608327e-08 - -1.1068054088733862e-08 - 6.155235960771318e-08 - 7.29890590230142e-08
B2: -6.511438366807154e-08 - -9.683721922142752e-08 - -1.0176030303299852e-07 - -6.173940606389014e-08
