Number: 1707
Error: 3.4852907827291375e-07
A1: [-0.009303058454458389, -0.017142445641894617, 0.000797470675040853, 0.017267357307225457] - [0.0666333128230199, 0.1896982404565891, -0.14693577707723915, -0.11007806884942567] - [-0.11247523188296811, 0.4418720817889664, -0.07068375061674322, -0.25798743994481294] - [-0.023902069213541925, 0.014802946615820316, -0.030479386355762535, 0.03833808343400201]
A2: [0.13275645367925273, -0.2234512751460987, 0.02382512630372477, 0.07130575340408217] - [0.031745466178626475, 0.20286320390218646, -0.11578569815460117, -0.12233641060772973] - [-0.09454077414376483, 0.55564407576695, -0.2351097721433747, -0.2255539136327678] - [-0.01963888592040486, -0.01808619071643998, 0.009302095192279987, 0.03332515916543534]
B1: 0.00026296734166256837 - -0.0011811035140175115 - 3.725824882551561e-05 - 0.00020002881450901816
B2: -9.810771896107053e-06 - 0.00017319011821724316 - 0.0008247080293849758 - 0.0004146307684011413
