Number: 5860
Error: 3.4436419865059275e-07
A1: [0.08174305568943749, -0.17916105601778706, -0.018276742763633953, 0.1209372614841254] - [0.040871258851671526, 0.13704755535439372, -0.13127779127599198, -0.032832113258776004] - [-0.0017986145687304482, 0.22809220463715768, -0.12292182117684303, -0.10375363307608934] - [0.03810233383999429, -0.11524374208854256, -0.047172371970547744, 0.12127595976969334]
A2: [0.03513326610078987, -0.029451921787400293, -0.07586069992925148, 0.06948548278496891] - [0.10063443278963517, 0.28060402676794743, -0.394791887096551, 0.00445889536662439] - [-0.010669275824052507, 0.5395352552278962, -0.35895657405193837, -0.16782748975765394] - [0.09780677401512719, 0.017404862928459622, -0.1689013616062077, 0.053469561539229146]
B1: 0.00016615426954907713 - 0.0016487896013817453 - 0.00010286997082913611 - 0.00016219614008698807
B2: 0.00046688765597219413 - -0.0006352610568087975 - 0.000522200552613424 - 0.000824037072014321
