Number: 5520
Error: 2.520807759936061e-12
A1: [0.06621638851823877, -0.11394894451063879, -0.02398074595328755, 0.07172606960911715] - [0.03740167673885007, 0.18819247575275946, -0.14740986633378006, -0.07818792981609994] - [-0.06022387263922209, 0.328956081365641, -0.12774772896953562, -0.14096297043423986] - [0.03905394223014951, -0.053315298607578575, -0.03741106050029513, 0.051702589166407284]
A2: [-0.009103432380644006, -0.34679772915771745, 0.2494602753675026, 0.1064620724919066] - [0.0800404029982909, 0.03628287881449709, -0.050249481374836806, -0.06607132324133386] - [-0.042448776780736164, 0.23083635280400722, -0.040526913246136484, -0.14784336792887592] - [0.06813918860624019, -0.29346299683874016, 0.14177602134327405, 0.0835668046798909]
B1: 5.289917083063057e-07 - 5.148539070401391e-07 - -9.448971231783647e-07 - -7.179414613069608e-07
B2: -1.7402995994218148e-06 - -6.603466535929586e-08 - -1.2166943843241456e-06 - -1.784288483514058e-06
