Number: 5280
Error: 1.0791518233435797e-15
A1: [0.06621304431255366, -0.11395221400888504, -0.02398408754154301, 0.071722731010929] - [0.037402574739802394, 0.18819333371377558, -0.14740898353468862, -0.07818704693662012] - [-0.060229416018700015, 0.3289507572004587, -0.12775315341859936, -0.14096836570882232] - [0.039046033619114504, -0.05332280520435755, -0.037418711827786624, 0.051694999968860955]
A2: [-0.00910862535155306, -0.34680323804944835, 0.2494550403600127, 0.10645662792366786] - [0.08003986530257871, 0.03628229956445899, -0.05025006904941331, -0.06607191591778953] - [-0.04245293066139379, 0.23083176835746363, -0.040531364714623125, -0.1478479619590764] - [0.06813468753997355, -0.2934679526717366, 0.1417711417555402, 0.083561758158898]
B1: 1.2754676825682217e-07 - -9.18462381346815e-08 - -2.373037420919241e-08 - -4.4850954199198155e-08
B2: -8.14566758607033e-09 - 4.936504351195161e-08 - 1.0889904083921127e-08 - -3.9537745117081024e-09
