Number: 1409
Error: 6.977040764596963e-10
A1: [-0.007331762789438984, -0.015139296536073824, 0.0028472246594371965, 0.01930664689632243] - [0.06684492411491273, 0.18990193192276442, -0.14671632100096488, -0.10984210192688719] - [-0.1128479371187595, 0.4415278610510951, -0.07106311044606803, -0.2583841724514829] - [-0.02348191013836575, 0.015233515921447505, -0.030049623375832883, 0.03879271379836092]
A2: [0.1315523544505256, -0.22466173225790914, 0.02263339735043447, 0.07012750545409698] - [0.032697605940184, 0.20379978366784246, -0.11483714526987411, -0.12140720998919743] - [-0.09457144504727469, 0.5555904383206494, -0.23515191273596428, -0.22558473960016434] - [-0.021116973308953922, -0.019561380773289817, 0.007830823223564078, 0.03190340564971717]
B1: 2.7395039925317736e-05 - -5.206583197804472e-05 - -1.383939880680143e-05 - 1.8366101819219485e-05
B2: -4.03547219332636e-05 - -2.2583904512511423e-06 - 1.3805607931098456e-05 - 2.7092856348073613e-05
