Number: 9260
Error: 3.4208799198406436e-09
A1: [0.05324805479609875, -0.14792593473236165, -0.026923649075420972, 0.1219034919996577] - [0.005696482246171883, 0.13121983376427593, -0.11321833498778662, -0.022166435061690703] - [-0.014314683848323996, 0.22322137505888012, -0.1269114134912482, -0.08147593696415871] - [0.027371514767749964, -0.09979520357869318, -0.04919901806635655, 0.12252398539745583]
A2: [0.08913330239991486, -0.07303413916020067, -0.12374575962997687, 0.10716379897477628] - [0.1086840041212395, 0.24965618278091725, -0.40499994376524134, 0.04602919771201471] - [0.03723490500144629, 0.4631512120185426, -0.37713302360792594, -0.120867914056848] - [0.14352079651623278, -0.04451242367587477, -0.20140723677724381, 0.10277558007188312]
B1: -1.7388942435403802e-05 - -0.00015625430791192218 - 2.2652435904747044e-05 - 9.921565200488517e-05
B2: 3.115930922912963e-05 - -8.079576095344518e-05 - 6.986305705726482e-05 - 3.512773917656162e-05
