Number: 5606
Error: 5.152355555500352e-08
A1: [0.0664334400992623, -0.1137366600657891, -0.02376397484873018, 0.07194276568378173] - [0.03680725856439123, 0.1876245293961941, -0.1479942967200389, -0.07877248884161192] - [-0.060112634435275515, 0.32906306506325866, -0.12763879339235917, -0.14085463326439532] - [0.039117130477967534, -0.05325517176981693, -0.03734965640536363, 0.05176345877217493]
A2: [-0.008222352624407996, -0.3458637775373252, 0.25034855831812314, 0.1073859193940031] - [0.07955917194875, 0.0357643938765431, -0.05077555913235052, -0.06660178701239645] - [-0.042691509827956414, 0.23056871220280895, -0.040787204425489054, -0.14811208377980378] - [0.0681860371140973, -0.2934111091930463, 0.14182640672599067, 0.08361896519713984]
B1: 0.000449819776215943 - 0.00021759749305085002 - -0.00024204377077365763 - -0.00044267106940753197
B2: 0.00041637467743211047 - 0.0001459848813307293 - 8.603847162698054e-05 - 9.702146542579233e-05
