Number: 6199
Error: 9.069226657550758e-16
A1: [0.08043164582668737, -0.1804678496040406, -0.01958889578477158, 0.1196249328847113] - [0.03741555565700542, 0.13359636185663645, -0.13472621048655894, -0.03628584942067154] - [-0.0017028259745740031, 0.22819010954513938, -0.12282838959679815, -0.10365891718438838] - [0.0388632200555643, -0.11448103288563682, -0.046416455760176965, 0.12203421358831329]
A2: [0.035307411229526145, -0.029273507716775657, -0.07569738021640181, 0.06966337442898367] - [0.1028937189204987, 0.28289666924546675, -0.3926064269597533, 0.006815962756758155] - [-0.011187059828650403, 0.539014631089024, -0.359450977478434, -0.1683764222446986] - [0.09786278729231544, 0.017463304324859503, -0.16885102204764735, 0.05352486566588169]
B1: -2.6179252898327962e-08 - -8.474295400082736e-09 - -1.2450727310492914e-08 - -9.172059037693252e-09
B2: -2.110623427833835e-08 - -2.7862312784996597e-08 - 4.631821667942016e-09 - -4.9954210871099945e-09
