Number: 2444
Error: 1.057424912287994e-06
A1: [0.06130765586266177, -0.05007282781213199, -0.02544475040374648, 0.0058164543659442606] - [0.048799096145871086, 0.19620921632432767, -0.1373486557220461, -0.0869138354866333] - [-0.1264109550574575, 0.4119704849171038, -0.10794583751732201, -0.1901822874629594] - [0.035133499523792446, 0.017391325573939954, -0.034967461752056624, -0.02494114728353623]
A2: [0.062060845935722704, -0.17512690093242797, 0.08507471385965594, 0.02267404820697362] - [0.024645422732851974, 0.195704258516837, -0.10635687272741437, -0.13244683079917244] - [-0.09059176782838384, 0.516678630031105, -0.2224061342422291, -0.1921311302673837] - [-0.025167813783640705, 0.019431870381028064, -0.049180196733274395, 0.05793916430758703]
B1: 0.0009674004209006803 - -0.0012521033935689381 - 0.0007096247351209466 - 0.0002118204967184441
B2: 4.03764380690846e-05 - 0.001717953069331985 - -0.0012135694382749756 - -0.0009433949349663268
