Number: 9679
Error: 1.0510144546243839e-14
A1: [0.05317265189751441, -0.1480011691816798, -0.026998945676246854, 0.12182792378826525] - [0.005313798702461461, 0.13083677323560075, -0.11360066490077048, -0.02254968437917749] - [-0.014444393742803015, 0.22309170369284792, -0.1270410968296874, -0.08160585013556723] - [0.027146636682275047, -0.10001986145267865, -0.04942433144139121, 0.1222982974388004]
A2: [0.08925368170567884, -0.07291414810237257, -0.12362818283078852, 0.10728559386229397] - [0.10884174873984587, 0.2498142010555465, -0.40484526998683806, 0.04618950036481184] - [0.03663560447643386, 0.46255479366883423, -0.37771776954231456, -0.12147359836040651] - [0.14342546973451573, -0.044607583200079966, -0.20150047621947115, 0.10267888473379128]
B1: 8.048268343608478e-08 - -1.56902433757428e-07 - 1.048607953276818e-09 - 1.4911520736008393e-07
B2: 1.601148423321945e-08 - 9.751721545845637e-08 - 3.738338675325942e-08 - 2.5677419320610527e-08
