Number: 4636
Error: 1.096530543450901e-15
A1: [0.06621319322126944, -0.11395206842776938, -0.023983938749698376, 0.07172287966974208] - [0.03740260542566042, 0.1881933630319612, -0.14740895336820106, -0.07818701676744907] - [-0.06022922936766095, 0.32895093646889995, -0.12775297077275058, -0.14096818404541428] - [0.039046149292541035, -0.05332269541147951, -0.037418599917606266, 0.0516951109704414]
A2: [-0.00910858046302685, -0.3468031904299965, 0.24945508561189766, 0.10645667498652947] - [0.08003981714610457, 0.036282247686174114, -0.05025012168176107, -0.06607196899695963] - [-0.04245285704169284, 0.23083184960834408, -0.04053128582106785, -0.1478478805388839] - [0.06813475099366946, -0.2934678828067629, 0.14177121054531858, 0.08356182930178954]
B1: -2.0768731025087027e-08 - -5.295957002359483e-09 - -1.4713211416982017e-08 - -1.1596734253502657e-08
B2: 1.0050349908482973e-08 - 6.213140431929098e-09 - -5.650272966879965e-08 - -3.117306493496297e-08
