Number: 7286
Error: 1.0628277311577356e-15
A1: [0.08043167683110627, -0.18046781860313668, -0.019588864817423127, 0.119624963885587] - [0.03741557977854756, 0.13359638595992124, -0.1347261864130742, -0.0362858253124929] - [-0.0017028288970415925, 0.22819010662273134, -0.12282839251498, -0.10365892010607415] - [0.03886322225345288, -0.1144810306939203, -0.04641645356369038, 0.12203421578483105]
A2: [0.03530744725564785, -0.02927347159100694, -0.07569734596325085, 0.06966341213423993] - [0.10289375852162622, 0.28289670918269894, -0.3926063886580583, 0.006816004224943157] - [-0.011187068672585492, 0.5390146221923187, -0.35945098584936536, -0.16837643156391527] - [0.09786281487833154, 0.017463332036353946, -0.1688509957875545, 0.0535248946222244]
B1: -1.3652484089150771e-08 - -7.418792977227197e-09 - -5.101372186957627e-09 - -6.194773406076725e-09
B2: -7.392433912130187e-09 - -7.636288798270495e-09 - -6.509065316464444e-09 - -6.761252065829022e-09
