Number: 2325
Error: 2.854496127707974e-05
A1: [0.045784703640010666, -0.06976419459505694, -0.04872469472050812, -0.013952696103235877] - [0.036609582346991625, 0.185086284376311, -0.14905585260961599, -0.09836985997571233] - [-0.13598483617049625, 0.4029641623616021, -0.11799242784292568, -0.19942869038857408] - [0.02913905497221438, 0.012458724031975035, -0.039534457772582035, -0.030240590679701827]
A2: [0.0814378154765099, -0.15281405072743937, 0.10682053882382127, 0.04321920511456841] - [0.019267829954871158, 0.19009837918478542, -0.1118397918521791, -0.1378516935462953] - [-0.07975858462235604, 0.5244105291953303, -0.2130430313120637, -0.18346479774050853] - [-0.05159240470934974, -0.008383397276366089, -0.07580180636035631, 0.032083296809043475]
B1: 0.011203319158604987 - -0.005960302823298099 - -0.012784020711504283 - -0.004178927061550269
B2: -0.0137147827500969 - 0.02297556474490301 - -0.007054146401239082 - -0.004346456847712198
