Number: 8866
Error: 7.89528667011907e-06
A1: [0.07029956337514283, -0.19004020498791557, -0.030711507835449334, 0.10992755282806826] - [0.026278921802148112, 0.12312912590619349, -0.14586081646128277, -0.047208758229027925] - [-0.00022075975781370464, 0.22987506071996827, -0.12145225211476988, -0.10214462888675886] - [0.03202243136222221, -0.12060898924670402, -0.05453960469992391, 0.11571577338633608]
A2: [0.018610742410213932, -0.04604253130753298, -0.09161364253179644, 0.052227862811854674] - [0.09230451524521195, 0.2723508011645481, -0.4021215736359555, -0.004361938047845687] - [-0.007563157342739354, 0.5415743193325933, -0.35667538537372323, -0.16440875291442533] - [0.080886028541518, 0.000675289107051253, -0.18484816283998567, 0.03572079754923111]
B1: -0.0022960975751555633 - -0.0017848949487114262 - -0.0006226447057919119 - 0.0045675812987717645
B2: 0.0032105847742917755 - 0.003724552037640361 - 0.001629128688138401 - -0.0007040408106475655
