Number: 146
Error: 4.73820117836613e-05
A1: [-0.009458832765994522, -0.011478117040507607, 0.021789000310728154, 0.012050513758713223] - [0.07818290615213208, 0.20137853596947589, -0.1328589386453764, -0.09650796174898947] - [-0.09140721862626291, 0.427114747977027, -0.04770579905973646, -0.2657983938750483] - [0.0017111985870550094, -0.014788278663648213, 0.0002587936330507555, 0.027604773325042922]
A2: [0.17060140411597197, -0.15935799311997056, 0.017339903816231787, 0.006030393049919746] - [0.03792460982876463, 0.20965183976955912, -0.11523333120251579, -0.1238993145095378] - [-0.06502158850020447, 0.6023424230792458, -0.21480754300902108, -0.23965610153222877] - [0.01619189338400724, 0.015334682223324776, 0.02080936648892571, 0.02612244362377606]
B1: 0.0077545753885577785 - 0.06419443299836482 - 0.001856656855368535 - 0.002324645288751725
B2: -0.011380760453153881 - 0.09508046362592483 - -0.01101397963295855 - -0.00974772106746426
