Number: 939
Error: 3.786822263653394e-09
A1: [-0.012259722677674273, -0.01462652839722363, 0.01796965003750453, 0.008469336249629198] - [0.06573563471764943, 0.18939943734316972, -0.14542553392397314, -0.1101194478723145] - [-0.09604110370171609, 0.42202950283178003, -0.0531839656833265, -0.2717422868137115] - [-0.0008727524736082922, -0.01778768231334892, -0.003357462554628759, 0.0238954576685833]
A2: [0.16157413043414415, -0.16776694093858605, 0.008489128690476268, -0.0023451031108575994] - [0.03547186608303765, 0.2075031001729044, -0.11722419499425821, -0.12580556042993396] - [-0.08619847139437957, 0.5815530445691564, -0.23537392653917963, -0.2599206723596883] - [-0.0036860744056727334, -0.0043727771971701955, 0.0012577344500715353, 0.007385945971311402]
B1: 5.9812053130335e-05 - 0.00013332319658531606 - -5.01746589292781e-06 - -2.1303335925328376e-05
B2: -6.881760249180012e-05 - 4.035010120665558e-05 - 6.912791198360864e-05 - -8.481549921714636e-05
