Number: 1655
Error: 4.346298218340734e-08
A1: [-0.007686002167428791, -0.015498114552108101, 0.0024787365193884078, 0.01893324013631507] - [0.06731876919773327, 0.19035777422921443, -0.14622780251854645, -0.10931438553680528] - [-0.11129206850011997, 0.44304394035064665, -0.0694438067476536, -0.25671452173792436] - [-0.02366248022980718, 0.015052547172411055, -0.03023501956337153, 0.03859732302003297]
A2: [0.13151709048920798, -0.22469822044807983, 0.02258782884581456, 0.07008708916108626] - [0.032819623001938865, 0.2039201172339447, -0.11471529888703554, -0.12128756629722386] - [-0.09479818535644477, 0.5553704043977234, -0.23538070364952568, -0.2258099517903223] - [-0.020698841263291506, -0.01916026513059125, 0.008240778158687064, 0.03229828529032064]
B1: 3.747678351920892e-05 - 5.2688601639666046e-05 - 1.5096343497224932e-05 - 0.00016219947522500371
B2: -0.00022883609668789925 - -0.00019374384855713538 - 0.0005004454577573605 - -0.0001676825057642087
