Number: 4208
Error: 1.0133295859525307e-15
A1: [0.06621316641301901, -0.11395209463692617, -0.023983965536882056, 0.07172285290651743] - [0.03740261319383496, 0.18819337045392642, -0.1474089457314851, -0.07818700913004605] - [-0.0602293810102341, 0.328950790824532, -0.1277531191612222, -0.14096833163596936] - [0.039046109713160575, -0.05332273297878303, -0.0374186382093647, 0.051695072989620484]
A2: [-0.00910853458667243, -0.3468031417623551, 0.24945513185958423, 0.10645672308546664] - [0.08003983896769504, 0.03628227119424575, -0.05025009783206236, -0.06607194494472689] - [-0.042452862433942376, 0.2308318436570299, -0.04053129159980149, -0.14784788650264513] - [0.06813483033201906, -0.2934677954517873, 0.1417712965559622, 0.0835619182546929]
B1: 4.011964532173567e-08 - 4.522746580435306e-09 - -1.3276289122770691e-08 - 2.596875128621941e-08
B2: 1.2131451090600943e-08 - 1.850586626372033e-08 - 1.3192302314043858e-09 - -2.9994887332189894e-09
