Number: 6928
Error: 8.597278414480453e-16
A1: [0.08043167134623276, -0.18046782408738876, -0.0195888702957405, 0.11962495840133947] - [0.03741559806277492, 0.1335964042303069, -0.13472616816528377, -0.0362858070383961] - [-0.0017028073305219312, 0.22819012818878737, -0.12282837098004198, -0.10365889854531442] - [0.03886323655510941, -0.11448101643239791, -0.04641643927114524, 0.12203423007760013]
A2: [0.03530732570700843, -0.029273593475834234, -0.07569746153014263, 0.06966328492041007] - [0.10289369201559385, 0.28289664211222026, -0.39260645298183394, 0.006815934583408184] - [-0.011187011192981192, 0.5390146800147719, -0.3594509314436832, -0.16837637099562897] - [0.09786276706024986, 0.01746328400076488, -0.16885104130727432, 0.05352484442880988]
B1: -2.109016251679184e-08 - -2.8386613219629956e-08 - 4.101947050469494e-08 - -9.776216575628115e-09
B2: -1.5267393769101403e-08 - -1.1661555797390482e-10 - 3.0532590438412466e-09 - -1.3659429079743752e-09
