Number: 3004
Error: 1.7814848548805308e-08
A1: [0.06324891071177156, -0.04805499376073662, -0.02362624941958479, 0.007669884964764308] - [0.04321693996780076, 0.19084145649760992, -0.14302149553950722, -0.09299934329740171] - [-0.12334550698474586, 0.4149662982487045, -0.10475430540169954, -0.18696628557375058] - [0.03618625182814588, 0.018351756893842976, -0.03394945286203434, -0.023865690192041582]
A2: [0.06317108986222172, -0.17395719192314513, 0.08605649160615851, 0.023689082614342317] - [0.02935511321118456, 0.20036296890584276, -0.10164555801043129, -0.1278100191898075] - [-0.09326044209667768, 0.5138274110442573, -0.22545547578139005, -0.19495146270312805] - [-0.02575485035416625, 0.018686631188123748, -0.05011996535520924, 0.05714561546114595]
B1: 3.8874270145504444e-05 - 0.00029266779565985943 - -0.00013514683455285683 - -0.0001907859762357125
B2: -0.0001915861117024066 - -1.5471882369421373e-05 - -0.0002908511327105407 - 5.047189740726407e-06
