Number: 3430
Error: 4.626343803521517e-08
A1: [0.06639819747145827, -0.11377212387987821, -0.023800042065313602, 0.0719071309434944] - [0.0378126268472538, 0.18858504532711726, -0.14700573396239636, -0.07778365146641847] - [-0.059619635105888955, 0.32953570393137765, -0.12715725846880027, -0.14037671690986692] - [0.040425716483688395, -0.05201195090126614, -0.03608351758954286, 0.053018526369363814]
A2: [-0.008633182193838334, -0.34629810858151155, 0.24993441939601738, 0.10695725897849045] - [0.08045531832571584, 0.036729799047030644, -0.049796587986029005, -0.06561453321289284] - [-0.04121617251957868, 0.23219632530830125, -0.03920665078177123, -0.1464801947586023] - [0.06908636403075678, -0.29242006103549933, 0.14280422309513652, 0.0846305515944213]
B1: -0.00018501180724233315 - 0.0004228319974634954 - 0.00011964037290075117 - 2.909544164788688e-05
B2: -0.00027248958417128535 - -0.00016310019210408525 - -6.830573058407227e-05 - 0.0002811250418175386
