Number: 6092
Error: 1.0250299592831913e-14
A1: [0.08043202436058598, -0.1804674711131006, -0.019588517703522802, 0.11962531137531643] - [0.03741597344609703, 0.13359677932940592, -0.13472579352999067, -0.03628543186308753] - [-0.0017021929713567148, 0.22819074253480065, -0.12282775752039263, -0.10365828435020706] - [0.03886320995292027, -0.11448104295995826, -0.04641646585639, 0.12203420349191627]
A2: [0.03530710311266808, -0.02927381668590058, -0.07569767316960392, 0.0696630519512023] - [0.10289402535022696, 0.2828969782759039, -0.3926061305848959, 0.0068162836335770895] - [-0.011187297793903215, 0.5390143917043742, -0.35945120271740283, -0.16837667299706838] - [0.0978631540428823, 0.017463672743659616, -0.16885067292490144, 0.05352525063481251]
B1: 5.1782527315287156e-08 - 1.585322233473403e-07 - 1.09653622943896e-07 - 1.0100172870947992e-07
B2: 4.0441316126332633e-07 - 6.024752162200933e-07 - -7.582601030410855e-07 - -6.357643070304215e-08
