Number: 1302
Error: 6.987288758206008e-09
A1: [-0.006891550092835247, -0.01469481213810994, 0.003305215881352681, 0.01975877850366473] - [0.06659647913828844, 0.18966280988892792, -0.14697327616613398, -0.11011847968000756] - [-0.11248644167862219, 0.4418830313333442, -0.07068571316763372, -0.2579927485486524] - [-0.023315265919908006, 0.015397710818074967, -0.029878768772689534, 0.03896870793369185]
A2: [0.13156634183078775, -0.22464853176115443, 0.02264758071499715, 0.07014133575850601] - [0.03234693116994207, 0.2034546810887877, -0.11518648770698921, -0.12175029175338203] - [-0.09396225956999804, 0.5561902354061427, -0.23455303319406837, -0.22498582139482576] - [-0.02111059026893097, -0.019555779883210167, 0.007837608266108298, 0.03190960049179296]
B1: -0.00017682620543858223 - 0.00011676538026030284 - -9.677336703230714e-05 - -0.00010851087814570522
B2: -0.00011018353565325416 - -7.431289409690455e-05 - -5.45039457275481e-05 - -8.804315127041506e-05
