Number: 2920
Error: 8.714735995573685e-08
A1: [0.06355563781109307, -0.04774995328741098, -0.023322704814198104, 0.007975741547506158] - [0.04412184105310256, 0.19171490143344425, -0.14209073119414442, -0.09200606676984248] - [-0.12316126031103813, 0.41514367908537175, -0.1045749414458264, -0.18679066233276645] - [0.037470072046783244, 0.019634124129656184, -0.0326679231970922, -0.02258989516703115]
A2: [0.06310255324514707, -0.17402507851579815, 0.08598344536948689, 0.023620115355484795] - [0.029351102747498598, 0.20035879074533716, -0.10164925090665003, -0.12781333541191708] - [-0.09342844710210906, 0.513663077921968, -0.22562439480885255, -0.19511588129734736] - [-0.02574200478272336, 0.0187037795169677, -0.05010203052487962, 0.05715783235664095]
B1: 7.833384966329924e-05 - 0.00028227947574199514 - 0.00015777990356103668 - 8.010898825480933e-05
B2: 0.00022410627126540138 - -0.0004909943219500148 - -0.00013408626669332194 - -0.00011822505895783535
