Number: 2152
Error: 0.0003942672100560389
A1: [0.10057172242865269, 0.019067377000592294, 0.0836676517757772, 0.08902526392838761] - [0.03460974795538876, 0.16206304785860026, -0.18777309652793284, -0.1308968595588366] - [-0.04829325492615952, 0.48688477420347326, 0.0073395851636370284, -0.1502195258338767] - [-0.03947190297406363, -0.028599488022903453, -0.07366437482002006, -0.05684947699902676]
A2: [0.04242019605498354, -0.2651446429253103, 0.025125713125682556, -0.0074861330598017806] - [0.05551516357043117, 0.22385143638170643, -0.07158149208370648, -0.10765221885310701] - [-0.23184066782314672, 0.43617261393707496, -0.3497528439987182, -0.3068811151934473] - [0.059986909459434384, 0.1271170324087484, 0.0879167141096183, 0.12294722124068605]
B1: 0.054647319066122746 - -0.0061823303647047965 - -0.00022028006042704162 - -0.005140456641402126
B2: 0.04837570722477721 - 0.005710526218968694 - 0.01067987824342264 - 0.016386703622576496
