Number: 5212
Error: 2.3202404786052848e-15
A1: [0.06621303796746891, -0.11395222021220602, -0.02398409388166013, 0.07172272467648887] - [0.03740253210108959, 0.18819329297532753, -0.14740902545184323, -0.07818708885747827] - [-0.0602296414400194, 0.32895054069550334, -0.1277533740027063, -0.14096858510656418] - [0.03904609713441709, -0.0533227449179632, -0.03741865037880554, 0.05169506091891388]
A2: [-0.009108580792498955, -0.34680319077940835, 0.24945508527966084, 0.10645667464129704] - [0.08003972905700682, 0.03628215278911869, -0.05025021795791699, -0.06607206609063562] - [-0.042452856181601044, 0.23083185055767524, -0.040531284899351455, -0.14784787958756473] - [0.06813475426250752, -0.29346787920758655, 0.14177121408900054, 0.0835618329668446]
B1: -4.901800097091818e-08 - -4.98554536841716e-09 - -1.4753552115026754e-08 - -2.4202321162655214e-08
B2: 1.0654545440997158e-10 - -2.4271604190789678e-08 - 1.0627758271482112e-07 - -6.658850112731352e-08
