Number: 5689
Error: 0.004014528354475219
A1: [0.022761475039032694, -0.1549676143108726, -0.06686135576274782, 0.030212470884548346] - [0.05646447164790679, 0.21035400514418195, -0.12682726788527635, -0.05633893890776079] - [-0.21033405697159874, 0.1602682739207986, -0.2919371590650925, -0.32087068220365644] - [0.04835130388623049, -0.032015387595806535, -0.021169446940898243, 0.07734886051134218]
A2: [0.015558039080877578, -0.320977317351977, 0.2622744096700345, 0.14599753055253967] - [0.1314901836106895, 0.09412383383328839, 0.006636757002199525, -0.008171307761857427] - [0.027343076304238538, 0.3095687246735611, 0.032178158524803595, -0.06575219879778615] - [0.163035811212551, -0.18652624376863158, 0.25263866867798573, 0.18582172450068313]
B1: -0.023601514749294023 - -0.05226205156912929 - -0.034894574914086415 - -0.03628284305799448
B2: 0.019809866109593857 - 0.07531862251498737 - 0.04910878433839973 - -0.01530348628774815
