Number: 281
Error: 3.38209939700818e-08
A1: [-0.012320704726820458, -0.014689064429600059, 0.01790245488789314, 0.008404467575984996] - [0.06470610199037054, 0.18840908224791061, -0.14648997574256759, -0.11126569511897827] - [-0.09675368827685064, 0.42134141382029117, -0.0539564615764871, -0.2725721176248454] - [-0.0007448609566876261, -0.01766439301575663, -0.003221010513731644, 0.024043285750601506]
A2: [0.16145495200965243, -0.1678840225852941, 0.00837237284872335, -0.002461422571275319] - [0.03558456665333026, 0.20761397409867394, -0.11711208010458653, -0.12569538986124873] - [-0.08602712744594282, 0.5817207564961205, -0.23520745900438228, -0.25975374057796485] - [-0.003775137173646312, -0.004460357451578226, 0.0011697219835717912, 0.007300862693066821]
B1: -9.662420256044071e-05 - 0.00014326274497915225 - -0.00022055101262085492 - -0.00012723524282462985
B2: 0.0005999425167386033 - -0.0004572126143627557 - -0.0002907506506286795 - 8.65590383030984e-05
