Number: 1142
Error: 5.853260637410254e-07
A1: [-0.006986557497690603, -0.014767406405956163, 0.0032478665193459836, 0.01964337673904535] - [0.0687619373418304, 0.19173109355389706, -0.1447401732804512, -0.10769063323881926] - [-0.10887359080631466, 0.44546830883814803, -0.06688239370263664, -0.25407753458428756] - [-0.0253146824536992, 0.013405349166608247, -0.03181868843722963, 0.03689046709760926]
A2: [0.13074228061029308, -0.2254682106861195, 0.021852852165476888, 0.06932781501313975] - [0.033200433007625076, 0.20431408338611806, -0.11433915640320955, -0.12091586712576596] - [-0.09672958327329606, 0.5534870657205233, -0.2372416453816725, -0.22774552323156083] - [-0.02346406982613455, -0.021934528329335488, 0.005503866004520461, 0.02959693956427402]
B1: 8.126327522510533e-05 - 0.0008162415617375522 - -0.0007405069687170793 - 0.000621317785560989
B2: -0.001160111213347222 - 0.0004761418851183729 - -0.0014680491508859317 - 0.0008556188981558304
