Number: 9130
Error: 5.219645421822738e-06
A1: [0.06087247772697365, -0.1405377997304073, -0.019394770222397398, 0.1292425789417489] - [0.01187897332824715, 0.1373872298122202, -0.1071320168703874, -0.015962763544937062] - [-0.015066266737812426, 0.22266164073126285, -0.1275746112084293, -0.0818904211586968] - [0.03306000399771897, -0.09414624300639794, -0.04343505057455727, 0.12820724704053393]
A2: [0.08913463328500452, -0.07276610918362905, -0.12321264998555637, 0.1073744281625011] - [0.11311830912323353, 0.2541158757756749, -0.40062689366449206, 0.050521203680336774] - [0.026253605284554473, 0.4523879051088965, -0.3876286128873356, -0.13198268539175975] - [0.15398725980340677, -0.034084049938544685, -0.19132798609412466, 0.11333393423291754]
B1: -0.0007986274262046743 - 0.0033109551402877233 - 0.007662699964049885 - 0.004150508197435418
B2: -0.0005189683811887482 - 0.002716627832895436 - 0.003177331321774825 - 0.0012944360310457126
