Number: 9627
Error: 1.815703942944959e-14
A1: [0.05317247745247185, -0.1480013436937554, -0.02699911993075126, 0.12182774925881149] - [0.005313675127226191, 0.13083664952977314, -0.11360078845809178, -0.02254980812798699] - [-0.014444318057522342, 0.2230917794060157, -0.12704102120430014, -0.0816057744219679] - [0.027146158698602655, -0.1000203394366503, -0.04942481043424675, 0.12229781823996236]
A2: [0.08925596183571897, -0.07291187324333269, -0.12362595407174089, 0.10728790210909424] - [0.10884254666178221, 0.24981499911741284, -0.404844487870832, 0.0461903117115051] - [0.0366365842878688, 0.4625557683821838, -0.3777168135897324, -0.121472608386285] - [0.14342680696905666, -0.04460625094810152, -0.20149917052890504, 0.10268024180651604]
B1: 2.3986472906845026e-08 - 1.305854758529688e-07 - 5.847958010236946e-08 - 3.1610600372854606e-07
B2: 1.6800054931652647e-07 - 1.3871899520879894e-07 - 3.2297583686798876e-08 - 2.3357701735055934e-07
