Number: 3240
Error: 0.004301697189948178
A1: [0.083599886319723, -0.08989621436407928, -0.01940763631904278, 0.08014142091769565] - [-0.007833102683663128, 0.12932917202964234, -0.19809017604603454, -0.12577344247002376] - [-0.42208318569974157, 0.03067632354267605, -0.45597987418421226, -0.4647240158975226] - [-0.22714432903418247, -0.27713028560471475, -0.2880334624306099, -0.19357597778562127]
A2: [-0.03184201314281043, -0.44766322432406114, 0.19299767707373844, 0.021981131869843615] - [0.03724964277664315, 0.056195396444302714, -0.08527410350700228, -0.10464679055881117] - [0.09414753705733286, 0.3851126455405166, 0.008941448879752432, -0.07321909571903105] - [0.24245266840742583, -0.080265123101388, 0.22903709317268578, 0.20449436444911767]
B1: -0.10136616338144344 - -0.36512897570013503 - -0.16432249940463395 - -0.16562397497623735
B2: -0.2502527574902326 - -0.3167942918018027 - -0.07760957995462799 - -0.09498140900605861
