Number: 355
Error: 1.3376163639345637e-10
A1: [-0.012075476739540033, -0.014437137395442912, 0.018173408728665772, 0.008666374395079734] - [0.06587346795415638, 0.18953203907053517, -0.14528304255130123, -0.10996599273802439] - [-0.09628071712231764, 0.4217980358904358, -0.05344391963835873, -0.2720213424413499] - [-0.0012801741108176225, -0.01817950011919798, -0.0037911131056585492, 0.023424504929327097]
A2: [0.16159712400450219, -0.16774457370029275, 0.008511523460597692, -0.0023229340250924824] - [0.03550351380640941, 0.20753422375103991, -0.11719271133240511, -0.12577462720225693] - [-0.08622804052640094, 0.5815239194757184, -0.2354028364653789, -0.2599497138066609] - [-0.003847738488563115, -0.004531844033707243, 0.001097628439275124, 0.007231183529288052]
B1: -6.845731746066148e-06 - 1.965396925802466e-05 - -1.6982701186260375e-05 - -3.134708094394042e-08
B2: -4.244143490986131e-05 - 5.965696133533413e-06 - 2.5473735412266625e-05 - 2.8289750464937775e-05
