Number: 3057
Error: 6.823328969128686e-08
A1: [0.06452859456184011, -0.04678276592385846, -0.02235966833829682, 0.00893495980769417] - [0.043565496189925744, 0.19117821412066513, -0.1426596056029566, -0.092613960853968] - [-0.12163931075734125, 0.4166703358933474, -0.1030341530315298, -0.1852452706930021] - [0.03828621180231423, 0.02045016164997607, -0.031858244411033056, -0.021791350731714162]
A2: [0.06353109619686845, -0.17359592756544895, 0.08641164666871379, 0.02404562033267709] - [0.030914738271547657, 0.20190015909754008, -0.1000919394211013, -0.12628354300439937] - [-0.09390366784962305, 0.513193808943533, -0.22610149819453632, -0.19557255388386607] - [-0.026857497255864577, 0.017585035090179963, -0.05123117168661101, 0.056075257044437034]
B1: -0.00019142556041975623 - 0.0009446598480412212 - 0.0002026309786646858 - 0.0003373412282764031
B2: 0.00018566227132085019 - 0.00039266666638057936 - 0.0002217441393936453 - 5.263354705324391e-06
