Number: 7576
Error: 7.634885399725155e-16
A1: [0.08043172079182899, -0.18046777464740113, -0.01958882090927575, 0.11962500784128259] - [0.03741561544954103, 0.13359642160391125, -0.13472615081316017, -0.036285789661263584] - [-0.001702771848586672, 0.22819016366996445, -0.12282833555006098, -0.10365886307284702] - [0.038863260066989314, -0.11448099298651032, -0.04641641577425751, 0.12203425357485971]
A2: [0.035307419381384667, -0.029273499542355738, -0.07569737246575901, 0.06966338296081812] - [0.10289373819275315, 0.2828966886813, -0.3926064083198825, 0.006815982937654023] - [-0.01118714644184875, 0.5390145439592046, -0.35945105945971334, -0.16837651351204114] - [0.09786277097091886, 0.017463287929229392, -0.16885103758459552, 0.053524848533769105]
B1: 9.915375308733132e-09 - 1.0730779596473434e-08 - 2.0220865695256633e-08 - 1.6409499819855847e-08
B2: 1.9039164796519785e-08 - 1.4775296991730727e-08 - 2.708301902998548e-08 - 1.339653300907192e-08
