Number: 7292
Error: 9.64186644156627e-16
A1: [0.08043167002983662, -0.18046782540363615, -0.019588871610560575, 0.11962495708509406] - [0.03741557268940655, 0.13359637887614556, -0.1347261934880901, -0.03628583239770701] - [-0.0017028344929214004, 0.22819010102697074, -0.12282839810266667, -0.1036589257004606] - [0.03886321483062095, -0.11448103809592115, -0.04641646098179251, 0.12203420836661245]
A2: [0.03530742959200929, -0.029273489303500228, -0.07569736275762053, 0.06966339364733401] - [0.10289378241175211, 0.28289673327558135, -0.3926063655518359, 0.006816029241388675] - [-0.011187045456294594, 0.5390146455470834, -0.3594509638746313, -0.1683764071001095] - [0.09786281551849656, 0.017463332679430826, -0.1688509951781586, 0.05352489529418901]
B1: -2.0882506204526647e-08 - 4.2505049788354834e-10 - 1.94634542420522e-09 - -7.665231505597368e-09
B2: -5.341685163651108e-09 - -5.757022878303973e-09 - -3.6909561374210502e-09 - -4.757777383015231e-09
