Number: 8810
Error: 1.498963568411428e-05
A1: [0.0821099039900661, -0.1788061784310015, -0.01784220357549346, 0.12129368526713524] - [0.0381048255282981, 0.13426167871703587, -0.1339567644714147, -0.035609436694777986] - [0.0001780160493971509, 0.23006137239381008, -0.12087916519801778, -0.10178455148031171] - [0.040291728746016955, -0.11307158197087315, -0.04491954127161149, 0.1234527899169681]
A2: [0.03512478331133301, -0.029488335195820795, -0.07580943279318308, 0.06946857316273805] - [0.09977360690509601, 0.27973737986756525, -0.395585793476687, 0.003546831074159204] - [-0.007706295588925792, 0.5424633265690783, -0.3560968139823799, -0.1647098048592224] - [0.09731319803941592, 0.016886021292825754, -0.16931868694588698, 0.05294461528330111]
B1: -0.002721113192308469 - -0.001328147003765066 - -0.0035357309715796314 - -0.0025731468329356125
B2: 0.0017010076242964843 - 0.0006168573753879717 - 0.0015874209661486949 - 0.0013606404988996098
