Number: 8212
Error: 8.971849484810797e-16
A1: [0.08043169989077537, -0.18046779554611345, -0.019588841785388132, 0.11962498694258114] - [0.03741559471505247, 0.13359640088516692, -0.13472617150619082, -0.036285810384177754] - [-0.0017028120146658184, 0.22819012350473583, -0.12282837565733698, -0.10365890322821163] - [0.038863243476665664, -0.11448100953028266, -0.046416432354022645, 0.12203423699483658]
A2: [0.03530731528217218, -0.029273603929434632, -0.07569747144215545, 0.06966327400991787] - [0.10289371122928302, 0.2828966614889958, -0.39260643439861176, 0.0068159547029859125] - [-0.011187057186169583, 0.539014633747197, -0.3594509749771532, -0.16837641946035772] - [0.09786285179011323, 0.017463369115997763, -0.16885096064984345, 0.05352493336747693]
B1: -3.681184225738984e-08 - 1.6207701819603638e-09 - 1.1015269452658924e-08 - -2.078611506251938e-08
B2: -1.3130399743193672e-08 - -1.0520174992148018e-08 - -7.3755921965809234e-09 - -1.335198082191435e-08
