Number: 6344
Error: 1.088142776750477e-15
A1: [0.08043170933492967, -0.18046778610299308, -0.019588832352466376, 0.11962499638569857] - [0.0374156262267218, 0.13359643237293942, -0.13472614005745345, -0.03628577889004832] - [-0.0017027546943655116, 0.228190180823824, -0.12282831842095576, -0.10365884592320583] - [0.03886329629055257, -0.11448095686459737, -0.04641637957376672, 0.12203428977591761]
A2: [0.03530741501246242, -0.029273503923376666, -0.07569737661964043, 0.06966337838823924] - [0.10289381355339444, 0.28289676468152775, -0.39260633543207496, 0.006816061851266144] - [-0.011187028169753458, 0.5390146629367525, -0.35945094751261153, -0.16837638888459558] - [0.09786282505566425, 0.017463342259982216, -0.16885098609940238, 0.05352490530512658]
B1: -1.6792434496786063e-08 - 2.135911424061921e-08 - 1.4843074424194862e-08 - 5.909889835627465e-10
B2: -1.2026321624400974e-08 - -1.2702666074979352e-08 - 2.822259114121387e-08 - 1.253436546644512e-08
