Number: 5111
Error: 1.6600847724200226e-15
A1: [0.0662131589025233, -0.11395210197960762, -0.02398397304151577, 0.07172284540858748] - [0.03740261858398266, 0.1881933756038898, -0.147408940432522, -0.07818700383063455] - [-0.06022922636552177, 0.32895093935231423, -0.12775296783499115, -0.1409681811234206] - [0.039046026290949054, -0.05332281216001595, -0.037418718917535954, 0.05169499293671271]
A2: [-0.009108816653961875, -0.3468034409909718, 0.24945484751002078, 0.10645642735386811] - [0.08003980388696236, 0.03628223340232159, -0.05025013617316328, -0.06607198361142638] - [-0.04245280252689465, 0.23083190977415471, -0.04053122740095346, -0.1478478202477039] - [0.0681348034950243, -0.29346782500060015, 0.1417712674617425, 0.08356188816534778]
B1: -5.264691249198807e-08 - 3.350764118505543e-09 - 4.739821486918398e-08 - 4.8731259033401766e-08
B2: 1.3481510748016533e-09 - -7.718507890070929e-09 - -3.697506090970628e-08 - 3.9288179990507956e-08
