Number: 388
Error: 3.360456914959811e-11
A1: [-0.012056002512894105, -0.014417135960395754, 0.0181949327943432, 0.008687172823738954] - [0.06582377436768187, 0.18948423591163183, -0.14533442027295493, -0.11002132157850739] - [-0.09628138901557932, 0.4217973847793403, -0.0534446513028713, -0.2720221201686382] - [-0.0013091559887633336, -0.018207372113629175, -0.0038219679963598617, 0.023391011738423895]
A2: [0.16160002832059356, -0.16774172056695308, 0.008514370937579833, -0.0023200988868550556] - [0.035484418278114785, 0.20751543689777277, -0.11721172468153447, -0.12579330715191148] - [-0.0861975030937669, 0.5815538307942555, -0.23537312161950308, -0.2599199298040414] - [-0.0038130803386355284, -0.004497768405331822, 0.0011319185954303433, 0.007264331286723797]
B1: 3.848012087834625e-06 - -4.678317565759931e-06 - 1.477942327067353e-06 - -2.0275885580364166e-06
B2: -9.074783056153978e-06 - -2.917902535733535e-05 - 1.6245315002579035e-05 - 4.2687072395486825e-06
