Number: 6382
Error: 8.266255604514021e-16
A1: [0.08043169849686531, -0.18046779693983137, -0.01958884317757273, 0.1196249855488712] - [0.037415583747594294, 0.1335963899259612, -0.1347261824519411, -0.0362858213456459] - [-0.0017027984812421216, 0.2281901370378823, -0.12282836214371994, -0.10365888969839618] - [0.03886323148353433, -0.11448102148974115, -0.04641644433948773, 0.12203422500917815]
A2: [0.0353075177317414, -0.029273400919985718, -0.07569727895551276, 0.06966348589516051] - [0.10289375420276757, 0.2828967048271822, -0.3926063928352119, 0.006815999702466479] - [-0.011187066335637555, 0.539014624543223, -0.359450983637431, -0.1683764291013415] - [0.0978628435451852, 0.017463360833606858, -0.16885096849858391, 0.05352492471311431]
B1: 1.3801008815149874e-08 - 3.7761189133290925e-09 - -6.409768095222531e-09 - 1.0459452269787339e-08
B2: 8.531378057767662e-09 - 1.828751320269681e-08 - 4.3291931850590374e-10 - 6.0418994342537855e-09
