Number: 9301
Error: 1.183980849014669e-10
A1: [0.05308433214815394, -0.1480895204379035, -0.02708714389718012, 0.12173956215574715] - [0.005267436976562738, 0.13079037911842664, -0.11364698006788386, -0.022596093187744904] - [-0.014615427927942334, 0.22292060749490325, -0.12721197753892993, -0.08177694112641379] - [0.02711633571390516, -0.10005015559677881, -0.049454660820991016, 0.12226792945159473]
A2: [0.0892060630025417, -0.07296160534135697, -0.12367474401298464, 0.10723740219420982] - [0.10879064634187739, 0.24976312280093013, -0.4048953709745574, 0.04613754598319695] - [0.03663422224828311, 0.4625534335937236, -0.3777191193445868, -0.12147499861667564] - [0.14339518993806882, -0.04463776311210895, -0.20153003892162435, 0.10264813886807546]
B1: -5.712683209292433e-06 - -2.4429454427999624e-05 - -3.788702495690376e-06 - -1.4795228743720725e-05
B2: -1.4969967694546517e-05 - -1.4111522097389093e-05 - 8.45241619054202e-06 - -1.3858130021210268e-05
