Number: 7673
Error: 7.2549366878051e-16
A1: [0.08043169392209663, -0.1804678015140893, -0.01958884774686451, 0.11962498097462873] - [0.03741560783638295, 0.13359641399651578, -0.13472615841113336, -0.0362857972701951] - [-0.0017028211469733996, 0.22819011437262982, -0.12282838477625836, -0.10365891235807168] - [0.03886324380726884, -0.11448100920059921, -0.04641643202360135, 0.12203423732525456]
A2: [0.03530747493845821, -0.029273443831622194, -0.07569731964275836, 0.06966344110727649] - [0.10289369196296286, 0.282896642059159, -0.3926064530327544, 0.006815934528344328] - [-0.01118710649058883, 0.5390145841487539, -0.35945102164493814, -0.16837647141404385] - [0.09786278185027786, 0.017463298858075002, -0.16885102722814258, 0.05352485995354833]
B1: -4.090025496168045e-08 - -3.153754456471517e-08 - 2.9078875411717846e-08 - 6.0290821516996935e-09
B2: -1.0373678718711563e-08 - -2.28754989298931e-08 - -6.222226219880201e-09 - -1.1928304163379437e-08
