Number: 757
Error: 2.0331488335119063e-13
A1: [-0.012153462626572008, -0.01451724075254951, 0.01808720736385073, 0.008583023834983576] - [0.0658359461804245, 0.18949594461840344, -0.14532183539689403, -0.11000776939460952] - [-0.09629167539002094, 0.4217874416757895, -0.05345581555934582, -0.2720341047339155] - [-0.001323758397691632, -0.01822141656843544, -0.0038375144572127752, 0.0233741335472578]
A2: [0.16158634593845864, -0.16775514107899903, 0.00850096657583053, -0.0023334349375819926] - [0.03548572137687192, 0.20751671965884852, -0.1172104263561562, -0.1257920316532221] - [-0.08621376725883115, 0.5815379037602771, -0.23538894321175036, -0.25993578521689925] - [-0.0038353018413696503, -0.004519618787612453, 0.001109925761842123, 0.007243072700376605]
B1: 6.478681659682774e-09 - 1.2253691937661438e-07 - -8.679507984005011e-08 - 1.4590155203096094e-08
B2: 2.9470339586388874e-07 - -3.7076262846614285e-07 - 1.1644002959239e-06 - -1.2601824764116332e-06
