Number: 6008
Error: 2.86027609103559e-12
A1: [0.0804301645067048, -0.18046933075547872, -0.019590375319880775, 0.1196234517432476] - [0.03741537784525348, 0.13359618414980862, -0.13472638800734008, -0.036286027167015] - [-0.0016979783900219025, 0.22819495705114654, -0.12282354904599424, -0.10365407086076034] - [0.03886388211672542, -0.11448037266675326, -0.04641579408403542, 0.1220348752578494]
A2: [0.03530973414215687, -0.02927117839962531, -0.07569517159990487, 0.06966580562858153] - [0.10290261400500894, 0.28290563981156736, -0.3925978237517373, 0.0068252772200807195] - [-0.0111918711992696, 0.5390097910657926, -0.3594555315735974, -0.16838149216861853] - [0.09786215362542701, 0.01746266779485292, -0.16885162525715763, 0.05352420052755921]
B1: 4.124646845522195e-06 - -5.0923838979916775e-06 - 2.070793324142414e-06 - 2.2598569202959967e-06
B2: 3.1244691113872355e-07 - 3.952596687004879e-06 - -2.193216220378388e-06 - -6.304131530538134e-09
