Number: 6850
Error: 1.0299928518434653e-15
A1: [0.08043166142896895, -0.18046783400352967, -0.019588880201148087, 0.11962494848520767] - [0.03741555779187095, 0.13359636398988273, -0.13472620835594842, -0.03628584728699248] - [-0.0017028555810707003, 0.22819007993926876, -0.1228284191599448, -0.1036589467829857] - [0.03886319908678687, -0.11448105379556979, -0.04641647671559314, 0.12203419263256468]
A2: [0.035307418951288215, -0.029273499973653264, -0.07569737287466854, 0.06966338251066104] - [0.10289374144697164, 0.2828966919631259, -0.39260640517244977, 0.006815986345281613] - [-0.011187053464244989, 0.5390146374913808, -0.3594509714543589, -0.16837641553832886] - [0.09786281607442379, 0.017463333237887645, -0.16885099464895278, 0.053524895877736546]
B1: 3.2189068773777508e-09 - -2.2308300587427325e-08 - 2.019216021674795e-08 - 2.5245486182842293e-09
B2: 5.296889954645714e-09 - 4.988337458736202e-10 - -7.361074601267111e-09 - 2.597296121628821e-10
