Number: 9438
Error: 1.489097399489952e-12
A1: [0.053166915343668804, -0.14800690784761825, -0.027004675959921044, 0.12182218443020212] - [0.005315520400999825, 0.13083849672452505, -0.11359894343325393, -0.022547960179705683] - [-0.014449655255966252, 0.22308644020957347, -0.12704635423544017, -0.08161111360218778] - [0.027147171835467224, -0.10001932618813143, -0.049423795028535326, 0.12229883413673168]
A2: [0.08925437562670145, -0.0729134557772731, -0.12362750450711837, 0.10728629642384604] - [0.10884767416214645, 0.2498201275549523, -0.40483946190186837, 0.046195525501576934] - [0.03662612753696517, 0.4625453659777007, -0.3777270156855339, -0.12148317367005651] - [0.14341527655285066, -0.044617738520127126, -0.20151042892718765, 0.10266854018307382]
B1: -1.3205364697587937e-06 - -3.3415056462071348e-06 - -5.791362015684409e-07 - -6.922873370772848e-07
B2: -2.897540132621456e-06 - -4.669081641533677e-07 - -1.7791506801702884e-06 - -1.5786056614107795e-06
