Number: 5983
Error: 1.52571156435107e-11
A1: [0.08041962080849188, -0.1804798731094257, -0.019600905704294094, 0.11961290964243183] - [0.037415600936046754, 0.13359640682519236, -0.13472616603670204, -0.036285804595066445] - [-0.0017081641076633527, 0.22818477160228404, -0.12283371959709123, -0.10366425373633147] - [0.038852844887277846, -0.11449137876130719, -0.04642682375287635, 0.12202384515814614]
A2: [0.03525516992282599, -0.029325894195420057, -0.07574705075568385, 0.06960869822170997] - [0.10285668626852698, 0.28285932179320056, -0.3926422446986612, 0.0067771840305349395] - [-0.011170346848275671, 0.5390314440509321, -0.35943515827956835, -0.1683588111875467] - [0.09784553149902525, 0.017445969968757497, -0.16886744848783763, 0.05350675272440407]
B1: -6.194195130139203e-06 - 4.18570937741325e-06 - 3.021055059717362e-06 - -3.96016824371396e-06
B2: -8.268798716971602e-07 - 2.7284531588045427e-06 - -1.224232938812914e-06 - 2.24720217632537e-06
