Number: 102
Error: 0.0004209435510906741
A1: [-0.03909029408983255, -0.04267710793860278, -0.011311019446295036, -0.02010462989519074] - [0.08754086579701817, 0.21205897412006441, -0.12503101031422478, -0.08896143707860146] - [-0.12849330461818734, 0.3925786922686648, -0.08810930300926585, -0.3102195815151366] - [-0.03278601656805781, -0.046271344209880154, -0.036539718575930344, -0.013509925995731866]
A2: [0.24634102136929442, -0.08531642302319316, 0.09149100455800634, 0.07985764552181902] - [0.0661741833667127, 0.2349909605497701, -0.08966579451557104, -0.09855449022430252] - [-0.002821990749870885, 0.6641473744791855, -0.15447260904240256, -0.17917599360926736] - [0.1368345614790804, 0.13651216284247505, 0.14073595993351398, 0.1419695616886617]
B1: 0.013775443109684572 - 0.30459067822229147 - 0.013364326377601637 - -0.007341198664815444
B2: 0.0012907835558337612 - 0.2827720667784249 - 0.00045709437201241383 - 0.001244523558174315
