Number: 9143
Error: 2.154605160630913e-06
A1: [0.05365340089361878, -0.14760428540833306, -0.02661728742626708, 0.12225138630733225] - [0.006612270917812979, 0.13209308498006356, -0.11243295680828032, -0.02125789297854827] - [-0.01296309573741827, 0.22465854687894815, -0.12553433446795806, -0.0799607329611815] - [0.026524816127929767, -0.10064786805033452, -0.05005764756014481, 0.12170909112243468]
A2: [0.1047625996124561, -0.057370547302551256, -0.10828715605209398, 0.12305533662742034] - [0.11789360880736265, 0.25888689567848583, -0.3959713748401165, 0.05537923318423988] - [0.05319487865412166, 0.4790598991935909, -0.3615560099079983, -0.10481064059451849] - [0.14375633781361047, -0.04423834926921972, -0.20120481278389185, 0.10301005819455943]
B1: 0.002646973949207752 - -0.0016233475118471938 - -0.0037864625079391118 - -0.0029853068645938254
B2: -0.0009366259392946607 - 0.00024841112134292104 - -0.0022533427332161833 - -0.0017894829906359344
