Number: 6067
Error: 1.5094316101797708e-14
A1: [0.08043312275963771, -0.18046637283864636, -0.01958742061800017, 0.1196264096487484] - [0.037417169682847466, 0.13359797466030177, -0.13472459967732953, -0.03628423628944931] - [-0.0017023336475023203, 0.22819060186220455, -0.12282789799015695, -0.10365842498834174] - [0.03886434073477068, -0.11447991535139035, -0.04641533579495571, 0.12203533357109163]
A2: [0.035306611303437825, -0.02927430985573791, -0.07569814077373077, 0.0696625372195743] - [0.10289283422299347, 0.28289577703923063, -0.3926072826265747, 0.006815036348924893] - [-0.011188318657886907, 0.5390133647513816, -0.35945216898571886, -0.16837774871773298] - [0.0978617269277444, 0.017462239136987696, -0.16885203144473626, 0.053523752627735184]
B1: 1.9058926587147564e-08 - 6.99251906727245e-08 - -8.559670655159985e-08 - -5.75558638398502e-08
B2: -1.00789880380389e-07 - -8.754992513175905e-08 - 4.7558383532968583e-07 - -1.0650744536739733e-07
