Number: 2885
Error: 2.1132647374196554e-09
A1: [0.06343279720252648, -0.047873869253724305, -0.023445057340757015, 0.007853179526443666] - [0.04383491989509343, 0.1914378625692381, -0.14238607967026157, -0.09232158314701637] - [-0.1233475409814946, 0.41495703408304907, -0.10476231590237556, -0.1869773839511369] - [0.036987236983181106, 0.01914950473335691, -0.03315036062453789, -0.023070230935244917]
A2: [0.06425949136492605, -0.17287199719153157, 0.08713710691698683, 0.024762702945518522] - [0.029408060496853693, 0.2004151658172963, -0.10159255336247822, -0.1277576375342437] - [-0.09328728146507474, 0.5138026198320595, -0.22548317207418778, -0.1949794187227238] - [-0.026060673123888357, 0.018387648797240648, -0.050420933972681305, 0.05684744897898459]
B1: 0.00010053226385958955 - -0.00011715839647280671 - -0.0002832402832441462 - 8.707520546666307e-05
B2: -0.00011653287123683513 - 1.0880590076537141e-05 - -1.600009352800823e-07 - 1.3927458323389492e-07
