Number: 4638
Error: 1.0010931923656048e-15
A1: [0.06621319019119498, -0.11395207139013191, -0.023983941777394872, 0.07172287664475296] - [0.03740260536628592, 0.188193362975233, -0.14740895342657065, -0.07818701682582384] - [-0.060229186829572394, 0.32895097732440703, -0.12775292914747644, -0.1409681426440224] - [0.03904617357154942, -0.053322672366748605, -0.03741857642846869, 0.05169513426885369]
A2: [-0.00910859597226162, -0.3468032068828533, 0.24945506997717645, 0.1064566587259569] - [0.08003980777645801, 0.0362822375923848, -0.050250131922246075, -0.0660719793243985] - [-0.042452867024575874, 0.23083183859062978, -0.040531296519110735, -0.14784789157956044] - [0.06813472891280199, -0.29346790711872783, 0.1417711866075549, 0.08356180454509726]
B1: -2.6870106339799882e-08 - -1.3929805737445428e-08 - -2.2214547739070533e-08 - -2.245484731705961e-08
B2: 1.0439343746357963e-08 - 9.142145224326568e-09 - -5.906875976076866e-08 - -2.5661864517215988e-08
