Number: 8286
Error: 9.843361161763553e-16
A1: [0.08043170062268548, -0.18046779481427722, -0.019588841054351873, 0.11962498767441448] - [0.037415609380178724, 0.13359641553919024, -0.1347261568702768, -0.03628579572717263] - [-0.0017028088157553924, 0.2281901267035763, -0.12282837246310752, -0.10365890003015461] - [0.038863250373805946, -0.11448100265248941, -0.046416425461276924, 0.12203424388769667]
A2: [0.03530752683642802, -0.029273391790074613, -0.075697270298662, 0.06966349542396366] - [0.1028937964098118, 0.2828967473924447, -0.39260635201303373, 0.006816043899324788] - [-0.011187112718338986, 0.5390145778838042, -0.3594510275396701, -0.16837647797642732] - [0.09786266730234201, 0.01746318378908974, -0.1688511362705874, 0.0535247397157474]
B1: -6.968914028429885e-09 - 3.616073311284488e-08 - -2.9637006924496047e-08 - -3.610298963043464e-08
B2: -1.0830223400017277e-08 - -9.77520263148419e-09 - -8.748595092156294e-10 - -1.1809168784168191e-08
