Number: 9586
Error: 3.649189700539596e-14
A1: [0.053172271668655305, -0.14800154955392839, -0.026999325487829743, 0.12182754337708633] - [0.005313438324779426, 0.13083641247624117, -0.11360102522609265, -0.02255004526316832] - [-0.014444526818350735, 0.22309157056719478, -0.12704122980058552, -0.08160598325770713] - [0.027146206148808014, -0.10002029199056114, -0.049424762885557416, 0.12229786580795796]
A2: [0.0892533176455293, -0.07291451132022395, -0.12362853868837517, 0.10728522531233198] - [0.10884195926202743, 0.24981441161372445, -0.40484506363789285, 0.04618971442745575] - [0.03663586777630271, 0.46255505559826243, -0.37771751265605974, -0.12147333233126095] - [0.14342588486778526, -0.04460716961675793, -0.20150007088100622, 0.10267930602549119]
B1: -2.556149158589139e-07 - 4.308558058063454e-07 - 1.2926776696666922e-07 - -3.1804647653159644e-07
B2: -8.961720186406517e-08 - -3.474733459978831e-08 - -1.4765004214471004e-07 - -1.1348060703396045e-07
