Number: 3036
Error: 3.235848352223334e-08
A1: [0.06387421994108619, -0.04743420696949998, -0.0230085299734951, 0.008287684498268055] - [0.044580821168540424, 0.19215803384013866, -0.14161612966887996, -0.09149910963482426] - [-0.1233826803187477, 0.4149316373801459, -0.10478759052294154, -0.18699832148712361] - [0.03795467312814696, 0.02011943636436919, -0.03218812802353971, -0.022114109674329956]
A2: [0.06252713141904376, -0.17459821037229206, 0.08541664738806615, 0.02305191156460092] - [0.028901193736928458, 0.19991589872620968, -0.10209744392474922, -0.12825430228244022] - [-0.09328997543966279, 0.5137967528301915, -0.22548659506781607, -0.19497846485120277] - [-0.025752973603267337, 0.018687055869255415, -0.05012152299490027, 0.057149443233178616]
B1: 0.00020902524668101524 - -0.000203959642927571 - -0.0002371895984651173 - -0.00042567317541525437
B2: 7.910157808323806e-05 - -0.0001228916715252525 - 4.610654781514922e-06 - -2.0640265113218886e-05
