Number: 8122
Error: 8.975587112060155e-16
A1: [0.08043172041072441, -0.18046777502847705, -0.019588821289951236, 0.11962500746020967] - [0.03741554056701983, 0.133596346778096, -0.1347262255463731, -0.03628586450225207] - [-0.0017028033856797803, 0.2281901321335402, -0.12282836704097956, -0.10365889460152276] - [0.03886323502372096, -0.11448101795949897, -0.046416440801567684, 0.12203422854715897]
A2: [0.03530745989386573, -0.02927345891778902, -0.07569733394693472, 0.06966342536146662] - [0.10289374350363, 0.2828966940372495, -0.3926064031832564, 0.006815988498898957] - [-0.011187122981957318, 0.5390145675589767, -0.3594510372544191, -0.16837648879154946] - [0.09786277896465118, 0.01746329595928721, -0.16885102997509122, 0.05352485692458294]
B1: 5.881891332748007e-09 - -2.2813843917078576e-09 - -3.6152573448548487e-09 - 5.102998322533639e-09
B2: 2.6644426462861085e-08 - -3.3655999621804766e-08 - 2.254598762769592e-09 - 1.3259308111376321e-08
