Number: 714
Error: 3.650557634150608e-14
A1: [-0.012153341585397102, -0.01451711643183936, 0.01808734115130173, 0.008583153180254193] - [0.06583511812362482, 0.18949514806266846, -0.1453226915354006, -0.11000869135314109] - [-0.09629242576405324, 0.4217867164513585, -0.05345662980431253, -0.27203497895733214] - [-0.0013212293265094412, -0.018218984317425607, -0.0038348223421709768, 0.023377056727607794]
A2: [0.1615866536430532, -0.1677548391682327, 0.008501268077324957, -0.002333134969344687] - [0.035485553241569066, 0.207516554225487, -0.11721059378704421, -0.12579219613331527] - [-0.08621388543221681, 0.5815377880118802, -0.23538905819742006, -0.25993590045576237] - [-0.003835110635352634, -0.004519430760142409, 0.0011101150105885496, 0.007243255632014981]
B1: -1.6062648684824636e-07 - -4.951704837504665e-08 - -5.274732301910678e-08 - 4.063573264632693e-08
B2: 1.0051933737164246e-07 - 2.5643283850297155e-07 - 8.864402167636058e-08 - 7.302402508278579e-08
