Number: 9068
Error: 0.00013148694693836935
A1: [0.048524959783529865, -0.15699387392840713, -0.03304947645899166, 0.11513079209991374] - [0.012422603481620336, 0.13514491851078106, -0.1092404397566807, -0.017670454709956172] - [-0.032492102367359235, 0.209568170973311, -0.13811128401095332, -0.094685085865424] - [0.032277912997854784, -0.09529382264584843, -0.04299719449343041, 0.12727993829148712]
A2: [0.21716864783055478, 0.05448066674728679, 0.008878570413221785, 0.2383411796518963] - [0.2386876532938952, 0.3767037915068312, -0.28074656182456076, 0.17555384323955714] - [0.0835865364901127, 0.5100771495015816, -0.3362591350349786, -0.07551569276307041] - [0.24014532540655575, 0.05134022045745869, -0.1099681612776881, 0.2001566899042151]
B1: 0.028186645538508335 - -0.012854988063156967 - 0.0035900271835888724 - 0.0062257171648761244
B2: -0.0019008981613231075 - 0.005040925073941887 - 0.009954888492387 - 0.005060176128168108
