Number: 7679
Error: 8.138354607797287e-16
A1: [0.08043168603737927, -0.18046780939791376, -0.019588855622154237, 0.11962497309081178] - [0.03741559598055426, 0.1335964021496598, -0.13472617024333947, -0.036285809119456704] - [-0.0017028300184790453, 0.22819010550131344, -0.12282839363477505, -0.10365892122720988] - [0.03886323542577904, -0.11448101755856771, -0.04641644039975051, 0.1220342289489738]
A2: [0.03530745343294693, -0.029273465396613716, -0.0756973400899445, 0.06966341859944761] - [0.10289364615140612, 0.28289659585880034, -0.39260649734111364, 0.0068158865569814455] - [-0.011187092750603589, 0.539014597970691, -0.3594510086397302, -0.1683764569357562] - [0.0978627761434499, 0.017463293125289162, -0.16885103266067822, 0.0535248539632423]
B1: -4.9866270349735634e-08 - -5.209871308015468e-08 - 3.397531434167269e-08 - 3.456987529127316e-09
B2: -1.1022637154221124e-08 - -2.2924827680526204e-08 - -9.221106183937393e-09 - -1.193968302892208e-08
