Number: 1514
Error: 4.817049185748371e-09
A1: [-0.007302491264090462, -0.015109928986280968, 0.0028772419227496384, 0.019336301156709514] - [0.0665274988091924, 0.1895964826850962, -0.14704445847400116, -0.11019527154680157] - [-0.11242381645831884, 0.4419434605489094, -0.07062114573967274, -0.25792489016672737] - [-0.024281928810981485, 0.01444716765092694, -0.03086607006379158, 0.03794840521861259]
A2: [0.13180806636763961, -0.2244100331418469, 0.022884442464412798, 0.07037772318381648] - [0.032631306086502325, 0.20373445182083968, -0.11490316079801856, -0.12147219143959773] - [-0.09465254082514717, 0.5555103499596223, -0.23523230767142175, -0.22566508098340812] - [-0.02070753889635007, -0.01915771081568655, 0.008236438914691677, 0.03229664830443749]
B1: 3.09323166617631e-05 - -9.30199551746491e-05 - 4.708276354169542e-05 - -5.852363602648497e-05
B2: -2.51360074516118e-05 - -0.00013397209167873074 - -7.837822680621622e-05 - 0.00016371071939045074
