Number: 5452
Error: 6.8375381190420584e-15
A1: [0.0662131893613219, -0.11395207220146443, -0.023983942606684506, 0.0717228758162159] - [0.037402564092897245, 0.18819332354138885, -0.14740899400142324, -0.07818705740426918] - [-0.06022964514851165, 0.32895053713301714, -0.12775337763185557, -0.14096858871604398] - [0.03904611316524723, -0.053322729702082135, -0.03741863486940902, 0.05169507630239782]
A2: [-0.009108919994447871, -0.34680355061817286, 0.2494547433330604, 0.10645631900771163] - [0.08003933923257611, 0.0362817328372123, -0.050250644012697195, -0.06607249576340542] - [-0.04245289749889634, 0.23083180495752023, -0.04053132917679594, -0.14784792528277366] - [0.06813452854577215, -0.29346812773044034, 0.14177096939080092, 0.08356157989806617]
B1: -2.4036649592949983e-07 - 8.812335840715421e-08 - 6.221822070535454e-08 - 9.747333165980399e-09
B2: 9.737869327642233e-08 - 1.1892684862739224e-07 - -6.277058992354876e-08 - 4.295697259430269e-08
