Number: 1522
Error: 7.823421112775289e-09
A1: [-0.00734452159682409, -0.01515236778752266, 0.0028334962360780434, 0.019293153365767715] - [0.0664261786197996, 0.1894989803873069, -0.14714920137775778, -0.11030799833671139] - [-0.11308030105618996, 0.4412997388142502, -0.07130538441576303, -0.25863572066508633] - [-0.02327415947335886, 0.015437445311481073, -0.029837406958163698, 0.039012300557519995]
A2: [0.13166522635803357, -0.22455061202426668, 0.02274403367727183, 0.07023800002100367] - [0.03269993966902364, 0.20380196536842626, -0.11483479057051452, -0.12140504693303751] - [-0.0945125948224836, 0.5556480684247708, -0.23509471656968503, -0.22552763149682561] - [-0.02094782488942168, -0.019394626970935146, 0.007998066654185128, 0.03206584848784839]
B1: -3.255671368631543e-05 - -5.690665520438893e-05 - -7.145391361193957e-05 - 5.822640056285804e-06
B2: 2.9678192961922343e-05 - -0.00031566801613954165 - -6.74969407057586e-06 - -6.447636821908738e-05
