Number: 2498
Error: 1.4493042983487488e-07
A1: [0.06145100508166206, -0.04985612475536306, -0.02541537459754521, 0.0058764564393459584] - [0.04179401283508528, 0.18946613909412854, -0.14449517137537374, -0.09457131981689891] - [-0.12480137325759179, 0.41349684919999863, -0.10622665044292387, -0.18844170663827542] - [0.035891327402224726, 0.01804802101399114, -0.03424805035756939, -0.024168646110890594]
A2: [0.06317244786556282, -0.1739427825241246, 0.08605432811032361, 0.023696672507197716] - [0.0285403543644279, 0.1995642239145993, -0.10245594305243587, -0.1286052078264855] - [-0.09526187742793404, 0.5118859752953756, -0.22746206079577527, -0.1968849048356561] - [-0.026451171388149907, 0.01801821475014461, -0.05081482302057786, 0.05647378532259621]
B1: 0.0010720465905937721 - 0.0002207868454091602 - 0.00013873593817591168 - 0.00013799970781790144
B2: 0.00032542018378583473 - -0.0003055370283379218 - 0.0006576085148065219 - 0.0005475682398913718
