Number: 842
Error: 2.567508410145893e-10
A1: [-0.012188284747476298, -0.014553006571324537, 0.01804871844560156, 0.008545812345103836] - [0.06583750634322749, 0.1894974454323471, -0.14532022231658093, -0.11000603232172024] - [-0.09632609902566083, 0.4217541717967096, -0.053493169272728534, -0.2720742099686327] - [-0.0013437049225400518, -0.018240599123495526, -0.003858747039253284, 0.023351079014344026]
A2: [0.16157807891852466, -0.1677632525777021, 0.008492866115387855, -0.0023414936015707126] - [0.0354845709942398, 0.20751558773742781, -0.1172115719337007, -0.12579315695456442] - [-0.08622351410098272, 0.5815283565585551, -0.2353984273802552, -0.2599452891379794] - [-0.003837091193038165, -0.004521378434713148, 0.00110815466719944, 0.00724136089614047]
B1: -4.4972937103323134e-06 - -8.498580742418126e-06 - -7.445383101793909e-06 - -1.8700508016245926e-06
B2: 1.3650338647470607e-05 - -4.207002161952096e-06 - 1.1369321787746125e-05 - 1.3391733561249206e-05
