Number: 1592
Error: 5.770797523302124e-08
A1: [-0.006110284681519022, -0.013906265054163388, 0.004118634788464373, 0.0205589370593278] - [0.06606559213870562, 0.18915205379168618, -0.14752219281634527, -0.11070878074552534] - [-0.11256282261210264, 0.44180807351972917, -0.07076384025885174, -0.2580754795217563] - [-0.022805774841035267, 0.015896002248585808, -0.029359387407159706, 0.03950520252540287]
A2: [0.13128949932576234, -0.2249223773028338, 0.022374778545102576, 0.06986815230868774] - [0.03260832855412762, 0.2037118331065337, -0.11492548176899627, -0.12149427070948376] - [-0.09559555222938787, 0.554583454205085, -0.23615761413736622, -0.2265917128364899] - [-0.021349179942602728, -0.01979446686504231, 0.00759756675024405, 0.03167684317929356]
B1: -0.00010748691341866588 - -0.0003411344680403445 - 0.00015667467749620436 - -0.00016404466855791616
B2: -0.00013610969643010378 - -0.0014002671634851917 - 0.0006972305907368918 - -2.624167931856075e-05
