Number: 9642
Error: 5.376924815480064e-15
A1: [0.05317262376167013, -0.14800119732961636, -0.02699897378236404, 0.12182789563931792] - [0.005313367760867394, 0.13083634184122162, -0.11360109577785255, -0.022550115927626173] - [-0.014444900525786605, 0.22309119672381372, -0.1270416032120002, -0.0816063570988637] - [0.027145670097011698, -0.10002082803650365, -0.049425300065682874, 0.12229732839819271]
A2: [0.08925357234737841, -0.07291425720779114, -0.12362828972549866, 0.10728548315615688] - [0.10884218469996065, 0.24981463709239649, -0.4048448426623823, 0.04618994366001364] - [0.03663604336857048, 0.4625552302773738, -0.37771734133753493, -0.12147315491598501] - [0.14342628949213398, -0.04460676649660717, -0.20149967579872602, 0.10267971665310202]
B1: 5.566779146853388e-08 - 2.5710033326789993e-07 - 1.977224268065102e-07 - -1.2353042927884014e-07
B2: 4.10556021405262e-07 - 7.09901446941223e-08 - -1.3330009318257271e-08 - -9.836962390569597e-09
