Number: 7748
Error: 1.0006629393702946e-15
A1: [0.08043167103175891, -0.18046782440183598, -0.019588870609832644, 0.11962495808690501] - [0.03741550904743195, 0.13359631528232932, -0.13472625700324783, -0.03628589600442558] - [-0.0017028593117235623, 0.22819007620869267, -0.1228284228851293, -0.1036589505126362] - [0.03886322037932613, -0.11448103256279708, -0.04641645543661692, 0.12203421391187129]
A2: [0.03530742301492316, -0.029273495898766756, -0.07569736901103763, 0.06966338676371282] - [0.10289368926319925, 0.2828966393364841, -0.3926064556439293, 0.006815931701297178] - [-0.011187116610040753, 0.5390145739689436, -0.3594510312232278, -0.16837648207725528] - [0.09786279012753576, 0.017463307172981418, -0.16885101934872024, 0.05352486864196452]
B1: -1.2367969109552567e-08 - -2.797615150232324e-08 - -8.475683010818436e-09 - -8.941385467380635e-09
B2: 6.416382601134803e-09 - -4.539833644080151e-08 - -8.087841991468666e-09 - 6.857303824655513e-09
