Number: 277
Error: 1.2002203811548346e-08
A1: [-0.013156194392497373, -0.015547135645893122, 0.016979097892135038, 0.00751173268630574] - [0.06468596301610116, 0.1883897146294701, -0.14651078184850888, -0.11128809682813687] - [-0.09739043244131217, 0.4207261551276125, -0.05464711174920813, -0.27331382243933117] - [-0.0010876591812967258, -0.017993973096374873, -0.003585734400307598, 0.02364716058131295]
A2: [0.1613676946835988, -0.16796960509575373, 0.008286928726062955, -0.0025464939334646514] - [0.03562426726121222, 0.20765304393854364, -0.11707253814353395, -0.125656544184596] - [-0.08601060857616147, 0.5817369841001293, -0.2351914862019637, -0.25973766398775844] - [-0.0038127226877498264, -0.004497295513399946, 0.0011325128780585187, 0.007264877747291543]
B1: -1.4934567871853388e-05 - 0.0002454717569569904 - -0.00020614510576988642 - -8.234805632015196e-05
B2: 0.000696229353418419 - -0.00035971701261841213 - -0.00047215543681513586 - -1.310726324322968e-05
