Number: 4886
Error: 1.1664471464486697e-15
A1: [0.06621308359913775, -0.1139521756001979, -0.02398404828577121, 0.07172277023160976] - [0.03740256634265861, 0.18819332569081232, -0.1474089917897783, -0.07818705519242802] - [-0.06022932043237929, 0.328950849006262, -0.12775305988328284, -0.14096827267666356] - [0.0390461979209036, -0.05332264925519371, -0.03741855287119421, 0.051695157634827876]
A2: [-0.009108617283616142, -0.3468032294908057, 0.24945504849346156, 0.10645663638228096] - [0.08003985710223, 0.03628229073035787, -0.050250078011971316, -0.06607192495637816] - [-0.04245284557624749, 0.23083186226235658, -0.040531273534189435, -0.1478478678585533] - [0.06813472892706017, -0.2934679071029491, 0.14177118662313243, 0.08356180456113665]
B1: 1.512087201853737e-08 - 9.608941085818246e-09 - 4.337686793911362e-09 - 9.62688412584046e-10
B2: 1.0334330469012934e-08 - -1.0411190276551895e-08 - -5.032558186171837e-10 - 4.3099029391247874e-08
