Number: 499
Error: 7.714588761942714e-13
A1: [-0.012150726574088515, -0.014514430555870398, 0.01809023151720395, 0.00858594762115683] - [0.06583590742226482, 0.18949590733373817, -0.14532187547102937, -0.1100078125495771] - [-0.09629196839836424, 0.42178715849917203, -0.05345613350092754, -0.2720344460961907] - [-0.0013219502624986716, -0.018219677638634652, -0.0038355897447429877, 0.02337622345304186]
A2: [0.1615858193586661, -0.16775565773238865, 0.008500450635700475, -0.0023339482503447182] - [0.03548561711275479, 0.2075166170717233, -0.11721053018264926, -0.1257921336475003] - [-0.0862128680336019, 0.5815387845492126, -0.23538806822964176, -0.2599349083340787] - [-0.003835374858067708, -0.0045196905891471, 0.0011098534993010001, 0.007243002845794354]
B1: 9.133592460429888e-08 - -4.606327564401662e-07 - 4.6798321876692095e-07 - 1.4283984681769149e-07
B2: 2.0640852422669334e-06 - 7.349792872276288e-07 - 3.879284097685407e-07 - -2.1670246796122972e-07
