Number: 4205
Error: 9.574265095144067e-16
A1: [0.06621316684098846, -0.11395209421852033, -0.023983965109248377, 0.07172285333376872] - [0.03740261417217268, 0.18819337138866174, -0.1474089447697041, -0.07818700816817997] - [-0.060229388015789115, 0.3289507840960827, -0.1277531260164452, -0.140968338454321] - [0.039046095224297535, -0.053322746731065865, -0.03741865222685633, 0.05169505908594841]
A2: [-0.009108473195798406, -0.34680307663623655, 0.2494551937471763, 0.10645678745044382] - [0.08003983963027515, 0.03628227190803435, -0.0502500971079, -0.06607194421441553] - [-0.042452878765452486, 0.23083182563256313, -0.040531309101292434, -0.1478479045646778] - [0.06813485894023523, -0.29346776395289487, 0.14177132757002814, 0.08356195032978816]
B1: 4.042133609003303e-08 - 9.558077899279721e-10 - -2.7571908464022457e-08 - 2.8344228174035375e-08
B2: 1.3903039781363057e-08 - 2.1529659538811517e-08 - 1.6367166612446991e-09 - -6.7833754758017485e-09
