Number: 7460
Error: 9.383821431199974e-16
A1: [0.08043173250828263, -0.180467762932273, -0.019588809206830576, 0.11962501955639976] - [0.037415637496523615, 0.13359644363420842, -0.13472612881010707, -0.036285767626493035] - [-0.0017027746360157253, 0.2281901608825971, -0.12282833833340649, -0.10365886585952937] - [0.03886327995742622, -0.11448097315189203, -0.04641639589649474, 0.12203427345293577]
A2: [0.035307405211181954, -0.029273513751750652, -0.07569738593861436, 0.0696633681301716] - [0.10289376506350259, 0.28289671578010134, -0.39260638233083656, 0.0068160110752430334] - [-0.011187020193059867, 0.5390146709610033, -0.3594509399624014, -0.16837638047938064] - [0.09786283341259251, 0.017463350654924145, -0.16885097814412423, 0.053524914077154075]
B1: -2.226511942323994e-08 - 6.236252136503143e-09 - 1.4156967472196928e-08 - 4.850132641960665e-09
B2: 7.055694938767959e-09 - 8.840349948681506e-09 - 9.813608150881613e-09 - 7.2809760306087025e-09
