Number: 5929
Error: 4.1903916929688237e-10
A1: [0.08056671036676069, -0.18033280927150463, -0.019453988202375355, 0.11975998415722122] - [0.037654018020296026, 0.13383463081293664, -0.1344882050743986, -0.036047507105674094] - [-0.001562038040325218, 0.2283308929461366, -0.12268779118292528, -0.10351815815002162] - [0.03892553921890265, -0.11441887415550042, -0.046354161407402936, 0.12209649961960008]
A2: [0.03527220693730837, -0.029308826879391476, -0.07573085952978623, 0.06962653717839103] - [0.10303480274250262, 0.28303894341200664, -0.3924699882309546, 0.006963673210960162] - [-0.011219511440303665, 0.5389819877471813, -0.3594817045334323, -0.1684106324122375] - [0.09782950500056602, 0.017429864677660785, -0.16888271383583026, 0.05348992610561979]
B1: 9.852178319589835e-05 - -2.8775304409987866e-05 - -2.8920704330560706e-05 - 2.7314106713447886e-05
B2: 3.656011760077894e-05 - -2.756031859206865e-05 - -2.4038686903460398e-06 - 3.405948637052602e-05
