Number: 7847
Error: 1.0674458480895713e-15
A1: [0.0804316420296256, -0.18046785340068572, -0.019588899577290972, 0.11962492908808225] - [0.03741561986517363, 0.13359642601619787, -0.13472614640631614, -0.0362857852480729] - [-0.0017028372867315036, 0.22819009823321393, -0.1228284008923866, -0.10365892849352328] - [0.03886318029429346, -0.11448107253533833, -0.04641649549611093, 0.1220341738517495]
A2: [0.035307339311689855, -0.029273579833494507, -0.0756974485951021, 0.06966329915930393] - [0.10289373041545964, 0.2828966808380118, -0.3926064158419764, 0.006815974793695252] - [-0.011187026545405125, 0.5390146645707647, -0.3594509459749826, -0.1683763871731229] - [0.09786280089294597, 0.017463317987363773, -0.1688510091007338, 0.053524879942128116]
B1: -1.8116214294136668e-08 - -1.1923298510979155e-08 - 1.848343582589391e-08 - 5.1567871003549046e-11
B2: -2.347101641359008e-08 - 3.887232459383491e-08 - -6.938858534828742e-09 - -2.552753936038631e-08
