Number: 5811
Error: 5.000970709873977e-06
A1: [0.06579610347466122, -0.19522412001944303, -0.03424292924500925, 0.10495103757570676] - [0.008736243070218606, 0.10484224132111077, -0.1635494731763485, -0.06508598572750635] - [-0.006067018341350459, 0.22380941137929414, -0.12712780620082062, -0.10799700245786467] - [0.048026635413850376, -0.10536402692846539, -0.03704025484842825, 0.13131713696859162]
A2: [0.041673147279357836, -0.02299701403239951, -0.06950369823332125, 0.07659732857827481] - [0.11883114225753968, 0.29869594228489527, -0.37710344290312936, 0.02383011400590307] - [-0.010217796247853515, 0.5401789388251423, -0.3585745857882147, -0.16754792086218775] - [0.10042814225619619, 0.020101480406975493, -0.1663875894899192, 0.0561976105310738]
B1: -0.0047541656894758205 - 0.0027480446126023576 - -0.006379376275098048 - -0.004906574079834853
B2: -0.0028125102186098284 - -0.00034737942081946487 - -0.005856855248322367 - 0.00029149425454734745
