Number: 6414
Error: 1.0807264741529274e-15
A1: [0.08043169831497617, -0.18046779712170039, -0.019588843359244792, 0.11962498536700257] - [0.037415596316860325, 0.13359640248571358, -0.13472616990772018, -0.036285808783342914] - [-0.001702808731369336, 0.22819012678797354, -0.12282837237883944, -0.10365889994578795] - [0.03886322783250842, -0.11448102513052101, -0.04641644798818725, 0.12203422136042129]
A2: [0.03530742650448383, -0.029273492399566777, -0.07569736569318246, 0.06966339041589549] - [0.10289375325517121, 0.2828967038715431, -0.3926063937517145, 0.006815998710194194] - [-0.011187093722060334, 0.5390145969934503, -0.35945100955926307, -0.168376457959386] - [0.09786281182856948, 0.017463328972722097, -0.16885099869073564, 0.05352489142097754]
B1: -1.1114227622999225e-09 - 3.6469385824640553e-09 - 5.955173692573284e-09 - 4.305450723868279e-10
B2: 6.79112490137809e-09 - 3.6825687375318843e-09 - 4.4186362206477065e-09 - -4.492611697391264e-09
