Number: 8696
Error: 2.2808915246585893e-13
A1: [0.08043158818892292, -0.1804679072351476, -0.019588953353578752, 0.11962487525357132] - [0.03741552246026421, 0.1335963286851427, -0.13472624361688929, -0.036285882598899935] - [-0.0017029467356211574, 0.22818998878674024, -0.12282851018100999, -0.10365903791318715] - [0.03886315718060758, -0.11448109558395898, -0.046416518594990075, 0.12203415075251808]
A2: [0.03530805596244279, -0.02927286120063477, -0.075696767210633, 0.06966404920996098] - [0.10289324625966363, 0.2828961925732105, -0.3926068841118954, 0.006815467812860835] - [-0.011186998952276518, 0.5390146923284151, -0.35945091985726335, -0.1683763580974785] - [0.09786305328407537, 0.01746357152644595, -0.16885076883997413, 0.05352514486985095]
B1: 2.871603436582619e-07 - 2.915260736316371e-07 - 2.3465331208769353e-07 - 2.1055701522581964e-07
B2: -2.350441714307439e-07 - -1.2385190994898e-07 - -2.461476814516245e-07 - -2.28852137225629e-07
