Number: 2466
Error: 1.2039471279435754e-06
A1: [0.05846361611499063, -0.052853025171122676, -0.028357442534776817, 0.0029245753006154683] - [0.042760309211108787, 0.19038499853166327, -0.1435179029986386, -0.09352405649076101] - [-0.13072732657548067, 0.4075423742418569, -0.11221373896766026, -0.19441649768675484] - [0.03199401025795207, 0.014134638311283396, -0.038146700853601404, -0.028060641930103422]
A2: [0.061892663073962295, -0.1752453098639574, 0.08473506751684702, 0.022443632574618982] - [0.02969794665424301, 0.20069607210109341, -0.10131153709529774, -0.12747828563406136] - [-0.09075587989667258, 0.5163497761237871, -0.2229416418614369, -0.19249635904625445] - [-0.022953720117042112, 0.02151935284023417, -0.04730668336713719, 0.05990567398972767]
B1: 0.0007436225602613233 - 6.202399585831522e-05 - -0.001865555447067549 - -0.0014752349025120518
B2: -0.0008172519794455841 - -0.0003461760749536479 - -0.0010805419772144398 - -0.0005463310723938776
