Number: 7189
Error: 8.981685252618092e-16
A1: [0.08043170471819255, -0.18046779071920985, -0.01958883696368486, 0.11962499176948672] - [0.03741560839047927, 0.13359641455019625, -0.1347261578581568, -0.036285796716412584] - [-0.0017028281110512875, 0.22819010740870999, -0.12282839173013335, -0.10365891932029041] - [0.038863255788075424, -0.11448099725341021, -0.04641642005044141, 0.1220342492986091]
A2: [0.03530743554325589, -0.02927348333579323, -0.07569735709924598, 0.06966339987595735] - [0.10289374430958446, 0.2828966948500389, -0.3926064024037628, 0.0068159893428618576] - [-0.011187124812187435, 0.5390145657178715, -0.3594510389867354, -0.16837649072015629] - [0.09786279274610234, 0.01746330980345395, -0.16885101685600826, 0.05352487139059541]
B1: 7.00332597290442e-09 - -8.445221268817456e-09 - 2.5729413615672648e-09 - 5.596551386668638e-09
B2: 6.38193262259937e-09 - 5.850931304408984e-09 - -1.118113310152245e-08 - 9.95147353893077e-09
