Number: 8645
Error: 2.8009931840881454e-15
A1: [0.08043171488746319, -0.1804677805510644, -0.01958882680658742, 0.11962500193761356] - [0.037415657050421214, 0.13359646317337445, -0.13472610929493806, -0.03628574808330053] - [-0.001702791717903826, 0.2281901438010713, -0.12282835539029005, -0.10365888293684575] - [0.03886326392154198, -0.11448098914268924, -0.04641641192213397, 0.12203425742708113]
A2: [0.03530750196560854, -0.029273416729706108, -0.07569729394552757, 0.06966346939389992] - [0.10289378318822553, 0.28289673405867294, -0.39260636480076094, 0.006816030054369338] - [-0.011187001801345457, 0.5390146894623733, -0.3594509225540385, -0.1683763610996167] - [0.09786285500334703, 0.017463372343844246, -0.16885095759100407, 0.0535249367402459]
B1: -1.1421386732268742e-08 - -3.1232983100835835e-08 - -3.1729713199279785e-08 - -6.82118442582902e-09
B2: 2.065409597908349e-08 - 2.4712781339245997e-08 - 5.137514819916433e-08 - 1.2648800727327729e-08
