Number: 7559
Error: 1.0779428189799971e-15
A1: [0.08043172312250256, -0.18046777231699151, -0.01958881858138889, 0.11962501017169003] - [0.0374156058110622, 0.1335964119727272, -0.13472616043243452, -0.036285799294403495] - [-0.0017027574436565647, 0.2281901780745875, -0.12282832116622142, -0.103658848671761] - [0.03886325386460769, -0.11448099917148598, -0.04641642197268714, 0.1220342473763328]
A2: [0.03530738122088424, -0.029273537808400533, -0.07569740874830644, 0.06966334302174669] - [0.10289366921257412, 0.282896619115687, -0.39260647503663637, 0.0068159107053663405] - [-0.011187191685687967, 0.5390144984455104, -0.3594511022840268, -0.1683765611870151] - [0.0978627260471031, 0.01746324280107452, -0.1688510803491924, 0.05352480137842322]
B1: 3.1483728497851266e-10 - -1.3073452707722923e-08 - -9.03532206773274e-09 - -7.650586090591159e-09
B2: -4.968917656571294e-09 - -1.717374893828694e-08 - 1.2086850634667008e-08 - -1.571481945003309e-08
