Number: 3502
Error: 2.468424861930853e-10
A1: [0.06619345482358292, -0.11397136714813717, -0.024003664682537094, 0.07170317533870695] - [0.03741469041677163, 0.1882049078189764, -0.14739706941453484, -0.07817513591728886] - [-0.060181669485270685, 0.32899662110327926, -0.1277064283158845, -0.14092189795872717] - [0.039101259745222126, -0.05327039136837028, -0.037365282265733504, 0.051747997250686364]
A2: [-0.009142122818266532, -0.3468387750089369, 0.24942127837728764, 0.10642150791391994] - [0.08000127831357283, 0.03624073023851366, -0.05029224564548085, -0.06611444725266061] - [-0.04243959568827617, 0.23084647943422046, -0.040517071655634715, -0.1478332163257533] - [0.06809694862231651, -0.2935095058651838, 0.14173023634076562, 0.0835194453600469]
B1: -1.0740334475489564e-05 - -2.0964795918819802e-05 - 2.778275989272215e-05 - -2.185914430810553e-05
B2: -5.693164479893775e-06 - -1.3087932849531684e-05 - 1.2403194183562606e-05 - 1.460536071704136e-05
