Number: 7881
Error: 8.603220989674292e-16
A1: [0.08043164397274899, -0.1804678514577824, -0.019588897636490667, 0.1196249310309839] - [0.03741564061714397, 0.13359644675245455, -0.13472612569570264, -0.03628576450760356] - [-0.0017028272276756714, 0.22819010829205513, -0.12282839084805879, -0.10365891843715203] - [0.03886319113162814, -0.11448106172841763, -0.046416484665682406, 0.12203418468234838]
A2: [0.03530729443055596, -0.029273624838764754, -0.07569749126756989, 0.06966325218638968] - [0.10289365951955923, 0.28289660934041994, -0.39260648441160645, 0.006815900555391694] - [-0.011187054755718113, 0.5390146361921896, -0.35945097267669207, -0.16837641689927665] - [0.09786276165203375, 0.017463278567958856, -0.16885104645558707, 0.05352483875199534]
B1: -2.3523756323172194e-08 - -1.1242235558171784e-08 - 3.7466110389817627e-08 - 4.921279744305271e-09
B2: -2.4102832304578698e-08 - 6.5198261847427e-08 - -4.018169732839238e-09 - -1.609177803865226e-08
