Number: 2679
Error: 7.939146322492849e-09
A1: [0.06380786808629846, -0.0475010008478989, -0.023074177176991572, 0.008225767565361013] - [0.04388419980478362, 0.19148536508470682, -0.14233542050360157, -0.09226758877281246] - [-0.12324532565997208, 0.41506165683809143, -0.10465427756147508, -0.18686812369622055] - [0.03752158086854208, 0.01968759105150294, -0.032613450638327234, -0.02253544131696746]
A2: [0.06374655289111568, -0.17338150846349634, 0.08663138279634529, 0.024262354307101722] - [0.02914044649290921, 0.20015132445533304, -0.10185925710118643, -0.12801932553962544] - [-0.09310989794861402, 0.5139770365412191, -0.2253066117789082, -0.19480659345747858] - [-0.02550092533360677, 0.018945629484323108, -0.04986399794446192, 0.057393285045523566]
B1: 7.459633516315788e-05 - 5.1363236599269354e-05 - -1.088100387719738e-05 - 5.3369974022099545e-06
B2: 0.00010295678705165332 - 7.054642151804172e-05 - 0.00014118907378709385 - 4.656863694252243e-05
