Number: 4577
Error: 9.706951469075563e-16
A1: [0.06621310693028383, -0.11395215279044776, -0.023984024972960427, 0.07172279352357415] - [0.0374025082792713, 0.1881932702151624, -0.14740904887055306, -0.07818711227825866] - [-0.060229530807864765, 0.3289506469521166, -0.12775326574440016, -0.14096847743054572] - [0.0390461455483113, -0.05332269896536847, -0.03741860354003124, 0.05169510737742502]
A2: [-0.00910867191870257, -0.346803287450077, 0.24945499341633678, 0.1064565791003282] - [0.08003981747857847, 0.03628224804434286, -0.05025012131839392, -0.066071968630501] - [-0.04245282347308849, 0.23083188665668547, -0.04053124984766806, -0.14784784341332322] - [0.06813480123068752, -0.29346782749368266, 0.14177126500706663, 0.08356188562667967]
B1: 2.8336754210638938e-08 - -1.78820197162862e-08 - -1.150529109884445e-08 - 6.9765526913001195e-09
B2: 3.140681374256565e-09 - -1.3573785481956085e-08 - 3.7956516052659276e-08 - -9.43760254905303e-09
