Number: 6342
Error: 9.840035743591751e-16
A1: [0.08043170749597292, -0.1804677879417415, -0.019588834189224247, 0.11962499454695187] - [0.03741562412765795, 0.1335964302754643, -0.13472614215233486, -0.03628578098794939] - [-0.0017027519481204365, 0.22819018357001047, -0.12282831567873172, -0.10365884317769368] - [0.03886329824979084, -0.11448095491085752, -0.04641637761577698, 0.12203429173393816]
A2: [0.035307422024570954, -0.029273496891873356, -0.07569736995262052, 0.06966338572717533] - [0.10289380995131771, 0.28289676104887956, -0.39260633891595575, 0.006816058079364041] - [-0.011187034639006261, 0.539014656428913, -0.35945095363589674, -0.1683763957014771] - [0.09786282745058093, 0.017463344665792677, -0.16885098381959773, 0.05352490781901078]
B1: -1.393504498429581e-08 - 1.860231747611614e-08 - 1.3858127334588031e-08 - 7.136188674085957e-10
B2: -1.3945638625490729e-08 - -1.3899657228640198e-08 - 2.9379392642184683e-08 - 1.3427516738277832e-08
