Number: 1703
Error: 8.17305189814839e-08
A1: [-0.010215008621968487, -0.01806022740349752, -0.00014958684032915918, 0.016331209105888107] - [0.0669073393917934, 0.18996178288225904, -0.1466525280140696, -0.1097732245293666] - [-0.11329852075547381, 0.4410639871158455, -0.07154233977370797, -0.2588787845354777] - [-0.025927541579814656, 0.012814160071120169, -0.03254628813818956, 0.03620002296584517]
A2: [0.1307115176891261, -0.2254706040573456, 0.021808117397640964, 0.06930426639126001] - [0.03264645088484869, 0.20375066823222537, -0.11488769715225436, -0.1214549820377869] - [-0.0956256724468363, 0.5545717895913056, -0.23617975598231664, -0.22662192939675405] - [-0.021918079658955314, -0.02034059556849115, 0.0070352715976939265, 0.031132914401088112]
B1: -0.00017952164198716913 - 0.0004803688925210482 - 1.1601594001543942e-05 - -0.0002035692383963084
B2: -0.00023081182777821838 - -0.0005340724574368691 - 0.0001280982859933366 - -1.2463841318874389e-05
