Number: 7792
Error: 1.2207454393662106e-15
A1: [0.08043168817506877, -0.18046780726046663, -0.019588853487021708, 0.11962497522825655] - [0.03741556465975352, 0.133596370852562, -0.13472620150173278, -0.036285840422909284] - [-0.0017028174504482461, 0.22819011806907652, -0.1228283810851458, -0.1036589086625331] - [0.03886323226465361, -0.11448102071082324, -0.046416443558863534, 0.12203422578981155]
A2: [0.03530746740656347, -0.02927345138434147, -0.07569732680397849, 0.06966343322432574] - [0.10289370937747769, 0.2828966596214828, -0.39260643618964813, 0.00681595276386932] - [-0.011187094528992367, 0.5390145961816923, -0.35945101032300797, -0.1683764588097135] - [0.0978628174787722, 0.017463334648629272, -0.16885099331208278, 0.053524897351825376]
B1: -1.0903685417737304e-08 - 1.3102494920923515e-08 - 4.891038521637635e-09 - -1.913239941137667e-09
B2: 1.8938307946142528e-09 - -4.544191021456619e-09 - -4.720276287575962e-09 - 3.2640893470026245e-09
