Number: 5717
Error: 0.03502854068536401
A1: [-0.11690396842969362, -0.3466524100862637, -0.22234435001946687, -0.07672056038216038] - [-0.18524696381660208, -0.07742938729479927, -0.3711029118846918, -0.26374864066843795] - [-0.017387898803736448, 0.2757515511790893, -0.13212447402602964, -0.10984300272781562] - [-0.305381603279626, -0.38696643346172205, -0.3767387062534201, -0.20870496758369578]
A2: [-0.06459777851544572, -0.13217750454333238, 0.07312034177617346, -0.37299630526711686] - [0.21478282108079733, 0.3955547538903037, -0.003050862602891738, -0.2638173909582436] - [-0.14655863639775873, 0.3993477203125198, -0.24388769674391447, -0.6693678303804632] - [0.01957829122011999, -0.06296496681573993, 0.009760402927581263, -0.3873166612556645]
B1: -0.46274886029530515 - -0.6695993771350031 - -0.4916044737849593 - -0.5032254086024038
B2: -0.6717585080356625 - -0.5968838112559139 - -0.8354543289262759 - -0.6044222985795381
