Number: 7642
Error: 2.6341230124239765e-16
A1: [0.08043168383739172, -0.18046781159765257, -0.01958885781952097, 0.11962497089106963] - [0.03741562598297079, 0.13359643212936917, -0.1347261403007118, -0.036285779133664674] - [-0.0017027876232687381, 0.22819014789561923, -0.12282835130164373, -0.10365887884331743] - [0.03886323435971062, -0.11448101862164455, -0.046416441465149304, 0.12203422788356219]
A2: [0.035307563661798096, -0.029273354862889577, -0.07569723528565692, 0.06966353396579057] - [0.10289386996208404, 0.28289682156895624, -0.3926062808742535, 0.006816120919315368] - [-0.011187309933052598, 0.5390143794928635, -0.35945121420784526, -0.1683766857882637] - [0.09786273632484901, 0.017463253125569577, -0.1688510705654433, 0.05352481216671087]
B1: 3.6610676294037276e-08 - 7.727500020104631e-08 - 2.004576866569683e-08 - 4.288474688690532e-08
B2: 3.255026630633404e-08 - 5.3089491850231695e-08 - 5.794844910612333e-08 - 3.132282563192027e-08
