Number: 3474
Error: 2.4577474150235758e-09
A1: [0.06617792971606873, -0.11398655902198578, -0.024019191334237095, 0.07168767038847548] - [0.03732894142501819, 0.18812297785522455, -0.14748134109265318, -0.07825944264078591] - [-0.059978418803566726, 0.3291918072349079, -0.12750750023356217, -0.1407241013287137] - [0.03927308860148687, -0.05310728753599319, -0.037198976260456526, 0.05191290133293614]
A2: [-0.009242194383161298, -0.3469449222347118, 0.24932036936630675, 0.10631661632356483] - [0.08010486317428021, 0.036352314734084366, -0.05017902266196387, -0.06600025172883199] - [-0.042693139326172636, 0.23056660730043554, -0.04078886717218186, -0.14811370080680206] - [0.06806102724047729, -0.2935490522487906, 0.1416913095087896, 0.08347918711088091]
B1: 4.253038564301357e-05 - 1.7715631976490442e-05 - 9.505302162602855e-05 - 4.7836690819253805e-06
B2: -7.440923234476352e-05 - 0.000100648110552733 - 4.661207763467606e-05 - -3.8057097683397556e-05
