Number: 2561
Error: 5.668613798659918e-09
A1: [0.06371179341761889, -0.04759045381093955, -0.023166466267829432, 0.008132326994331219] - [0.043337464025437464, 0.190957493798138, -0.14289912758952164, -0.09287018641422866] - [-0.12314401698145548, 0.4151700224682837, -0.10454667552998208, -0.18676076809448178] - [0.03723620686930951, 0.019408077944349473, -0.032895485701769825, -0.022815936486432105]
A2: [0.06427019982402228, -0.17286752756164314, 0.08715610390066839, 0.024777286746485206] - [0.029714406816860436, 0.20071645203802857, -0.10128697115639805, -0.12745793230295682] - [-0.0929878003669486, 0.5140947914810077, -0.22518672485939684, -0.19468973388696906] - [-0.02578690784983439, 0.018662115706117928, -0.05015560987014151, 0.05711141872276712]
B1: -7.927974849973775e-05 - 8.899362422487613e-05 - 0.0002025628585234695 - 0.00028694420223917546
B2: 0.00018913601824567 - -1.9845835446554375e-05 - 7.824742055731335e-05 - 7.016891282289622e-05
