Number: 7079
Error: 8.94295296228856e-16
A1: [0.08043169719965505, -0.18046779823689463, -0.019588844473229696, 0.11962498425180941] - [0.037415599668614755, 0.13359640583493287, -0.1347261665626415, -0.036285805433444875] - [-0.0017027977432881283, 0.2281901377758164, -0.12282836140684758, -0.10365888896063971] - [0.03886324192013118, -0.11448101108243085, -0.04641643390954078, 0.12203423543928839]
A2: [0.03530751959995021, -0.029273399046610426, -0.07569727717918769, 0.06966348785038746] - [0.10289369618657948, 0.28289664631860995, -0.392606448947713, 0.006815938951050636] - [-0.011187120175667, 0.5390145703820467, -0.3594510345981714, -0.168376485834493] - [0.0978628396413719, 0.017463356912033396, -0.16885097221473638, 0.05352492061535303]
B1: 7.0092998589945094e-09 - -7.211701979021897e-09 - -8.69502429675896e-09 - 1.6474019980073502e-09
B2: 6.841864067490632e-10 - 1.2235368164855313e-10 - 2.6184949006189044e-09 - -1.5249240140206909e-09
