Number: 5226
Error: 1.2612088495318423e-15
A1: [0.06621318342548664, -0.11395207800462454, -0.02398394853778698, 0.07172286989039706] - [0.03740254167264085, 0.18819330212030594, -0.14740901604226891, -0.07818707944707316] - [-0.060229193823379525, 0.3289509706072096, -0.12775293599115364, -0.1409681494507825] - [0.039046093102503204, -0.053322748744890645, -0.037418654279537784, 0.051695057049849065]
A2: [-0.009108559650845553, -0.3468031683514746, 0.24945510659234413, 0.1064566968071308] - [0.08003978966132948, 0.036282218077258586, -0.05025015172092627, -0.06607199929122756] - [-0.04245283106535937, 0.23083187827741772, -0.04053125798386066, -0.14784785181004878] - [0.06813474283692149, -0.2934678917876075, 0.14177120170259067, 0.0835618201567132]
B1: 2.652342053659158e-08 - -3.7733068420268585e-08 - -2.760208583918149e-08 - -1.6594404920687603e-08
B2: -2.1356080411263035e-08 - -5.468856872721009e-09 - -1.1484259791671576e-08 - 5.57838048169559e-08
