Number: 4258
Error: 9.563786458042475e-16
A1: [0.06621321143895414, -0.1139520506171688, -0.02398392054627572, 0.07172289785688885] - [0.03740261992743677, 0.18819337688742477, -0.1474089391118382, -0.0781870025098117] - [-0.060229355379800543, 0.32895081544114696, -0.12775309408080027, -0.14096830669043475] - [0.03904616731526408, -0.05332267830503074, -0.03741858248124877, 0.05169512826522967]
A2: [-0.009108698398914978, -0.3468033155415108, 0.24945496672194004, 0.10645655133727766] - [0.08003987524657057, 0.036282310276986085, -0.050250058181320834, -0.06607190495729928] - [-0.04245285096963364, 0.230831856309755, -0.0405312793141908, -0.14784787382354536] - [0.06813470876729402, -0.2934679292998255, 0.14177116476810217, 0.0835617819581827]
B1: 2.0298002175584432e-08 - 7.878768247709636e-09 - -2.408292198184701e-09 - -9.528709792579633e-09
B2: -9.239176877063037e-10 - -1.9521585222327654e-08 - 1.6119339926475842e-08 - 2.9508285375735487e-08
