Number: 7396
Error: 9.259267755461385e-16
A1: [0.0804316937850744, -0.18046780165109289, -0.01958884788373411, 0.11962498083761695] - [0.03741556687809095, 0.13359637306922767, -0.13472619928782623, -0.03628583820580341] - [-0.001702810355960178, 0.22819012516341222, -0.12282837400105441, -0.10365890156994305] - [0.0388632137691522, -0.11448103915441422, -0.046416462042588306, 0.12203420730580186]
A2: [0.03530749556875643, -0.029273423144262154, -0.07569730002774114, 0.06966346269912865] - [0.10289375821333929, 0.2828967088717989, -0.39260638895622896, 0.0068160039021244265] - [-0.011187102628258472, 0.5390145880341171, -0.3594510179891631, -0.16837646734417422] - [0.09786281491036286, 0.017463332068533604, -0.16885099575706292, 0.0535248946558488]
B1: 3.3023803996811492e-09 - -1.6611182623204098e-08 - -2.0697220556348052e-08 - -1.305438858119049e-08
B2: 4.4013281987961437e-10 - -2.1397008999987982e-08 - 4.3056358613997734e-09 - -1.7526357422243468e-08
