Number: 1913
Error: 1.2732782634789209e-06
A1: [-0.009622369076881321, -0.01739227528525562, 0.00048163723968718637, 0.016949786933517418] - [0.0638961833922145, 0.18707263676017022, -0.1497563933831228, -0.11311750536054609] - [-0.1100056258380485, 0.4443202167704525, -0.06817773280212487, -0.25530065020816145] - [-0.019791387570428934, 0.018906274110161183, -0.026382123230723555, 0.04270254079858536]
A2: [0.13218830666123046, -0.2241375382550895, 0.023209872569583217, 0.07073946946026564] - [0.0325621475290661, 0.20367698831964012, -0.11496450277282212, -0.1215239427014212] - [-0.09485854323845042, 0.5552521532715557, -0.23540608447923142, -0.22577184956763527] - [-0.016173686878887993, -0.014750748076641989, 0.012659677514753198, 0.03660988105965062]
B1: 0.00290160998834609 - 0.0028073612958163627 - 0.002342645967335537 - -2.4099977866938547e-05
B2: 0.001024120991945506 - 0.0010278175766204483 - 0.001240188785265858 - 0.0008240176068603649
