Number: 8488
Error: 8.995774825002885e-16
A1: [0.08043172567312554, -0.18046776976664014, -0.01958881603383906, 0.11962501272202433] - [0.037415538202690654, 0.13359634441551968, -0.1347262279059822, -0.0362858668652682] - [-0.0017027935402846618, 0.22819014197872778, -0.12282835720999895, -0.10365888475874549] - [0.038863291481321796, -0.11448096166028739, -0.04641638437991749, 0.12203428496970445]
A2: [0.03530749727278758, -0.029273421435492757, -0.07569729840742558, 0.06966346448243861] - [0.10289371867856101, 0.2828966690015456, -0.3926064271937498, 0.006815962503468201] - [-0.011187201965622768, 0.5390144881042579, -0.35945111201438773, -0.1683765720191558] - [0.09786280253126846, 0.017463319633118774, -0.16885100754115362, 0.05352488166181253]
B1: 3.1108762471903424e-08 - -1.687762662765865e-08 - 4.43165014135407e-08 - 2.775726383382959e-09
B2: 2.7920519000990844e-08 - -1.206817539014937e-08 - 3.1718205120138795e-09 - 5.1914349241624387e-08
