Number: 7074
Error: 8.758721039044185e-16
A1: [0.08043169949557294, -0.18046779594123685, -0.019588842180057065, 0.11962498654746508] - [0.03741560181813904, 0.13359640798283026, -0.13472616441740018, -0.036285803285111294] - [-0.0017027960000695172, 0.22819013951899775, -0.12282835966618133, -0.10365888721788635] - [0.038863240974537645, -0.11448101202537056, -0.0464164348545317, 0.12203423449428259]
A2: [0.03530745479884655, -0.0292734640269441, -0.07569733879126167, 0.0696634200290155] - [0.10289375200892421, 0.28289670261472294, -0.3926063949570658, 0.006815997405195384] - [-0.011187110246421028, 0.5390145803705161, -0.35945102519992245, -0.1683764753717016] - [0.09786280975187642, 0.017463326886581528, -0.16885100066760617, 0.05352488924111841]
B1: 1.3268867070516395e-08 - -1.764977339965915e-08 - -3.9771238040389356e-09 - 6.422054583705619e-09
B2: 7.904552237635605e-10 - -1.180349531706812e-09 - 2.4481890389809597e-09 - -3.5836798719809377e-09
