Number: 8932
Error: 0.00015577083210839598
A1: [0.08168378608452175, -0.1851748013222571, -0.018275852126343653, 0.12527264188578197] - [0.006577686747431363, 0.10741822764284659, -0.14764204574132325, -0.04719672364979989] - [0.01928794123077759, 0.24260751938507188, -0.10646385978129866, -0.08595624788002072] - [0.02370886332432043, -0.1386640924647773, -0.07124252985720472, 0.10286560707999279]
A2: [0.012022386603334052, -0.041667754751981326, -0.11460332364716094, 0.05853121290988376] - [0.12814751439129612, 0.3045914540356296, -0.3737343548118144, 0.04409275774276119] - [-0.0761778305319607, 0.4574519186978805, -0.42132066147283687, -0.22025996142144313] - [0.06716145563851589, -0.026508324165030565, -0.19629367470960335, 0.03754613293402577]
B1: 0.03668114339425894 - -0.02010487781286665 - -0.03212791442161272 - -0.032490574049362994
B2: -0.004721750068986264 - -0.0187663938945914 - 0.027162861006564166 - -0.03581599771998831
