Number: 8006
Error: 1.1588581311942727e-15
A1: [0.08043170687849896, -0.18046778855915546, -0.019588834805962872, 0.1196249939295474] - [0.037415599969960245, 0.13359640613605267, -0.13472616626184297, -0.03628580513224607] - [-0.001702801313771542, 0.2281901342054089, -0.12282836497209594, -0.10365889253016276] - [0.038863252131249575, -0.11448100089997809, -0.046416423704926345, 0.12203424564406062]
A2: [0.035307427925427716, -0.02927349097467685, -0.07569736434217572, 0.06966339190307028] - [0.10289369955293755, 0.28289664971355194, -0.39260644569182396, 0.006815942476149879] - [-0.011187089306666781, 0.5390146014351404, -0.3594510053799641, -0.16837645330677412] - [0.09786277914429177, 0.017463296139766042, -0.1688510298040745, 0.053524857113147355]
B1: -8.62927677989483e-09 - 1.840417425127416e-08 - 2.6670696732111957e-09 - 7.861537085300247e-09
B2: 5.3848356919112435e-08 - -8.760369368503029e-08 - 2.694752461778459e-09 - 4.3400891224369725e-08
