Number: 9856
Error: 8.57562944236807e-16
A1: [0.05317251741979816, -0.14800130370827688, -0.02699908000511096, 0.12182778924582059] - [0.0053137267795170225, 0.13083670123845945, -0.11360073681076355, -0.022549756403765376] - [-0.014444516259330202, 0.22309158113228453, -0.1270412192481422, -0.0816059726958477] - [0.02714642277123675, -0.10002007536264032, -0.04942454580276606, 0.12229808298443944]
A2: [0.08925452585844021, -0.0729133059009907, -0.12362735769732328, 0.10728644842400785] - [0.1088417558697288, 0.24981420818680578, -0.40484526299870477, 0.04618950761438142] - [0.03663589855354917, 0.46255508621531194, -0.377717482627003, -0.12147330123372696] - [0.14342639457584497, -0.044606661802485716, -0.2014995731918499, 0.10267982329658285]
B1: -2.1694089404277134e-08 - 1.4315212616163732e-08 - 3.432159945839987e-08 - 2.3549199851849642e-08
B2: 9.542614338520573e-09 - 1.2042640676759312e-08 - 6.2509601671933185e-09 - 1.1862491704167707e-08
