Number: 1215
Error: 6.54116836761207e-08
A1: [-0.009376126959704969, -0.01719880964685818, 0.0007191665336624424, 0.017203567266741986] - [0.0669548045153214, 0.19000817496479222, -0.14660303644354433, -0.10971965076421271] - [-0.11401874506105109, 0.4403837456141491, -0.07227921568811903, -0.25965508901715834] - [-0.024515363338580072, 0.014222113277884602, -0.031098486377233416, 0.037696880593173845]
A2: [0.13269870915692675, -0.22353212102841752, 0.02376069797636605, 0.07124938016835548] - [0.033116122856496316, 0.20421195598394318, -0.1144205978700974, -0.12099855868157557] - [-0.09559765465101631, 0.5545780130552068, -0.2361646192517398, -0.22659558985013734] - [-0.020057147828829034, -0.018518706059217092, 0.00888301891763257, 0.03292595772781752]
B1: 0.0005165714689047639 - 2.2177932210221127e-05 - 9.656382629683571e-05 - 0.0006695791475862655
B2: -0.0003219656852777961 - 0.0010151968759766954 - 0.0003030363765943717 - 0.0007003886696645719
