Number: 7960
Error: 9.010225374844959e-16
A1: [0.08043168671668752, -0.18046780871868712, -0.019588854943670974, 0.11962497377003627] - [0.037415604539176944, 0.13359641070181302, -0.1347261617017309, -0.036285800565560355] - [-0.001702806074272457, 0.22819012944500883, -0.12282836972562632, -0.10365889728939319] - [0.03886323417727235, -0.11448101880357352, -0.046416441647467284, 0.12203422770123953]
A2: [0.03530748671022633, -0.02927343202729729, -0.07569730845025326, 0.06966345342764887] - [0.10289375975119393, 0.28289671042270637, -0.3926063874688172, 0.0068160055124594394] - [-0.011187114392502001, 0.5390145761996936, -0.35945102912429194, -0.16837647974054998] - [0.09786282099032699, 0.01746333817614277, -0.16885098996930353, 0.05352490103780118]
B1: 9.657867638163268e-09 - -4.1435318172295255e-09 - -1.4553447398955908e-08 - -5.790335778380972e-09
B2: 1.014404341851557e-09 - -2.3926602080044523e-08 - -6.329443380255473e-09 - -2.0182386925363173e-10
