Number: 8692
Error: 3.167570288992996e-14
A1: [0.08043150772270852, -0.18046798769231762, -0.01958903372361398, 0.11962479479652495] - [0.03741570847900301, 0.13359651456299815, -0.13472605796881915, -0.03628569668321324] - [-0.0017026486526681842, 0.22819028686323264, -0.12282821253451864, -0.10365873990979356] - [0.03886302386194452, -0.11448122852855581, -0.04641665182873779, 0.12203401751668784]
A2: [0.035307498185231476, -0.029273420520537666, -0.07569729753980992, 0.06966346543732108] - [0.10289421874841223, 0.2828971733153537, -0.3926059435320133, 0.0068164861486154525] - [-0.011186987874478443, 0.5390147034722991, -0.35945090937185636, -0.1683763464244537] - [0.09786285205584833, 0.017463369382939825, -0.16885096039678976, 0.05352493364632921]
B1: -4.196331987278906e-08 - -3.0077112319232805e-07 - -1.0466637750692871e-07 - -7.458019247694057e-08
B2: 1.2329427095782858e-07 - -4.2939507198884525e-08 - -1.4905900587934043e-07 - 1.36962727599458e-07
