Number: 2527
Error: 1.3290279823838177e-08
A1: [0.06357410576837806, -0.047728794079469034, -0.023303012629626706, 0.007994342354826205] - [0.043870366163081334, 0.19147052954246568, -0.14235312276899717, -0.09228691070234116] - [-0.12333788606220296, 0.4149747711067815, -0.10474256377692208, -0.18695705365721532] - [0.03696003602607565, 0.01913156731355726, -0.03317074243461207, -0.023090435050834184]
A2: [0.06249285199653599, -0.17463942972845153, 0.08538208093886464, 0.023023457970127278] - [0.028808808699373436, 0.19982514005416602, -0.10218929217441337, -0.12834393523766677] - [-0.09414046595145728, 0.5129660713585006, -0.2263414673587653, -0.19580507276658274] - [-0.026066305821500716, 0.018387153174132604, -0.0504348023832682, 0.0568399647002072]
B1: 0.0001426849989770247 - 0.00019195196716090943 - -8.509317551132835e-05 - -0.00013207719974675508
B2: 0.00015626303244908228 - 0.00010366502779148143 - 8.95315878890698e-05 - 0.00010098533451215761
