Number: 4164
Error: 9.90066444909115e-16
A1: [0.06621318806545189, -0.11395207346835322, -0.023983943901440385, 0.07172287452261251] - [0.037402622725298706, 0.18819337956059218, -0.14740893636132707, -0.07818699975905812] - [-0.06022943774396766, 0.32895073633490896, -0.12775317467750683, -0.1409683868536586] - [0.039046070499718144, -0.05332277019870299, -0.037418676147057434, 0.05169503535996981]
A2: [-0.009108639199666323, -0.34680325274040347, 0.24945502640016223, 0.10645661340444958] - [0.08003982234869277, 0.03628225329081882, -0.05025011599568617, -0.06607196326258215] - [-0.042452747142008675, 0.23083197090036758, -0.04053116804841441, -0.14784775899412395] - [0.06813473640672686, -0.29346789886763625, 0.14177119473188268, 0.08356181294708213]
B1: -4.0412629172530795e-08 - -2.869970525799464e-09 - 2.7516822966721764e-08 - -1.3695178546421168e-08
B2: 8.85488502079106e-09 - 1.7659132189253824e-08 - -1.4815519972878257e-08 - -3.4490342680536687e-08
