Number: 4285
Error: 9.896688585872432e-16
A1: [0.06621313067851771, -0.1139521295728841, -0.023984001243337147, 0.07172281723198853] - [0.03740258532068676, 0.18819334382302338, -0.1474089731329271, -0.07818703653390958] - [-0.06022945589638205, 0.3289507189004946, -0.12775319244040703, -0.14096840452100803] - [0.039046201715895505, -0.05332264565323037, -0.037418549199777024, 0.051695161276459844]
A2: [-0.009108686875605504, -0.3468033033170716, 0.24945497833848354, 0.10645656341884785] - [0.08003981437841644, 0.03628224470455038, -0.05025012470674664, -0.06607197204760494] - [-0.042452749286688046, 0.23083196853333077, -0.04053117034674429, -0.14784776136608374] - [0.06813484768640321, -0.2934677763438686, 0.14177131536979795, 0.08356193771212092]
B1: 5.793917901577158e-08 - -3.90681965486585e-09 - -3.4001144979971115e-09 - 3.777195738874403e-09
B2: 1.677885761427622e-08 - 1.632467983344709e-08 - -5.275810355335168e-09 - 4.666588340382897e-09
