Number: 4341
Error: 6.888953232086612e-16
A1: [0.0662131489607448, -0.11395211169920723, -0.023983982975454513, 0.071722835483544] - [0.0374026420084347, 0.1881933979843209, -0.14740891740452206, -0.07818698080058341] - [-0.06022930370208702, 0.32895086507470617, -0.12775304351206426, -0.14096825639368604] - [0.039046281520900866, -0.05332256990531551, -0.03741847199110734, 0.05169523785823486]
A2: [-0.009108730845617278, -0.34680334996236095, 0.24945493401267113, 0.10645651731864242] - [0.08003982047271224, 0.03628225126986546, -0.05025011804601633, -0.06607196533029341] - [-0.042452839702157845, 0.23083186874527425, -0.04053126723948912, -0.14784786136204636] - [0.0681349564798754, -0.2934676565575764, 0.14177143331236905, 0.08356205968962671]
B1: 7.937977043253151e-08 - -1.0022166382513066e-08 - -4.069040921112605e-08 - 3.8062508188352046e-08
B2: 1.5078650066284007e-08 - 3.557715183732873e-08 - 5.066820939373012e-09 - 1.9432734477911683e-08
