Number: 5975
Error: 8.566366779185012e-12
A1: [0.08041334660955315, -0.18048614659620357, -0.019607172079086393, 0.1196066363426165] - [0.0374232829690292, 0.13360408292017445, -0.13471849986871892, -0.036278127133527856] - [-0.0017150448566585173, 0.22817789108866968, -0.12284058993261703, -0.10367113247735815] - [0.03884697979183078, -0.11449722723792771, -0.0464326846692068, 0.12201798393406045]
A2: [0.0352392051747357, -0.029341903883645847, -0.07576223006000167, 0.06959198935251733] - [0.10285683233400561, 0.28285946853632854, -0.39264210369495095, 0.0067773368240114954] - [-0.011148038431372546, 0.5390538857437877, -0.3594140429069469, -0.16833530404490857] - [0.09785213728439428, 0.017452605646526433, -0.16886116028366677, 0.05351368665844617]
B1: -2.4263235284399343e-06 - 9.586067261995493e-06 - 7.271052196401595e-06 - -1.2760737481182547e-06
B2: -2.0071173854917573e-06 - 3.5506927974156956e-06 - 4.33867489789624e-06 - 4.535695901219212e-06
