Number: 151
Error: 3.5461028101169115e-05
A1: [-0.007364822344911228, -0.009368475388140821, 0.024003536384909797, 0.014174365668972868] - [0.07022593797201099, 0.19365556012952198, -0.1409650604966706, -0.10528192662313708] - [-0.08771230522160836, 0.4305648044810408, -0.04381804265611165, -0.2616107347396631] - [0.006768582666804281, -0.010069215869323127, 0.005504101261454913, 0.0333128523916522]
A2: [0.16465327407735655, -0.16509909991460994, 0.011534724530336379, 0.00025259440464096947] - [0.030670224771785652, 0.2026206612646981, -0.12233154505814571, -0.13085964800042346] - [-0.07872484331366769, 0.5889500081576947, -0.22813031663309788, -0.252998316893396] - [0.009110181435096351, 0.00835446525746527, 0.013816801251725751, 0.019368662211921798]
B1: 0.005324325035492546 - 0.04581742616664362 - -0.00012774217235177873 - 0.0021779168948758434
B2: -0.011705796792883041 - 0.07514213174482468 - -0.010174854057821982 - -0.008631374795354871
