Number: 5135
Error: 9.043113565416425e-16
A1: [0.06621319559872937, -0.11395206610342552, -0.023983936374112703, 0.07172288204320115] - [0.037402605160691875, 0.1881933627788458, -0.147408953628645, -0.07818701702792541] - [-0.060229284473232184, 0.32895088354304314, -0.12775302469567984, -0.14096823767828337] - [0.03904616197603922, -0.05332268337272099, -0.03741858764671082, 0.05169512314166906]
A2: [-0.009108607315588612, -0.3468032189161824, 0.24945505854210628, 0.10645664683329298] - [0.08003981361725378, 0.0362822438846224, -0.050250125538517376, -0.06607197288648509] - [-0.04245278728389184, 0.23083192659719956, -0.04053121106604748, -0.14784780338956105] - [0.06813476472701144, -0.29346786768575883, 0.14177122543350287, 0.08356184469942557]
B1: 8.202522457770978e-08 - -1.884719351647717e-08 - -5.035136628832697e-08 - -3.0727537755824046e-08
B2: 1.7418089943789863e-09 - 9.85196833822072e-09 - -3.7082847328664986e-08 - 7.600050763437705e-09
