Number: 4179
Error: 1.10406028057209e-15
A1: [0.06621318746571951, -0.11395207405468344, -0.023983944500701685, 0.07172287392388658] - [0.03740261817401195, 0.18819337521214766, -0.14740894083558911, -0.07818700423371708] - [-0.06022941445784379, 0.32895075869994495, -0.12775315189108308, -0.14096836418979022] - [0.03904610458050831, -0.05332273785050704, -0.03741864317503914, 0.051695068064266984]
A2: [-0.009108315211426412, -0.34680290903951333, 0.24945535300980826, 0.10645695308842937] - [0.08003982371575297, 0.03628225476353433, -0.05025011450156727, -0.06607196175577634] - [-0.04245287948135211, 0.23083182484245054, -0.04053130986848196, -0.1478479053564417] - [0.06813480548536599, -0.2934678228090372, 0.14177126961979397, 0.08356189039700464]
B1: -2.6214743322386696e-08 - 2.933702816523039e-09 - -2.0353375336018424e-08 - 1.5614199428767043e-08
B2: -8.72176825404873e-09 - -1.1334331405884474e-09 - -1.2338714799511026e-08 - -3.384013110940534e-08
