Number: 7945
Error: 7.175298196853343e-16
A1: [0.0804317013696102, -0.18046779406742428, -0.01958884030826939, 0.11962498842128501] - [0.037415649291287933, 0.13359645542004925, -0.1347261170387956, -0.036285755838243165] - [-0.0017028070886834087, 0.228190128430619, -0.12282837073855277, -0.10365889830353385] - [0.03886325387949574, -0.11448099915664237, -0.04641642195779991, 0.12203424739121688]
A2: [0.03530746074809468, -0.02927345806123578, -0.07569733313475444, 0.06966342625550072] - [0.10289375678291042, 0.28289670742923145, -0.39260639033970357, 0.006816002404235534] - [-0.01118704745817271, 0.5390146435332493, -0.35945096576939745, -0.1683764092096154] - [0.0978628502099436, 0.017463367528667038, -0.16885096215408232, 0.053524931708844516]
B1: -3.521098395314899e-09 - 2.641785035979613e-08 - 1.6281980478069697e-08 - 8.205834250303335e-09
B2: -3.6583237531903026e-09 - 3.109944734906635e-08 - 6.578557768839675e-10 - 2.0288325640280277e-09
