Number: 1477
Error: 6.364179537158552e-09
A1: [-0.007689017972377226, -0.015500011964983568, 0.002475489258047652, 0.018939375267180467] - [0.06673692450510788, 0.18979800549060616, -0.14682795947306182, -0.10996227216268649] - [-0.11256047587766686, 0.4418096831128622, -0.07076350879175451, -0.25807278515550547] - [-0.023251659722105307, 0.015459660744506913, -0.029814330173390385, 0.039036185250846886]
A2: [0.1316005491773426, -0.22461417549000495, 0.022680949204066332, 0.07017457514385991] - [0.03266162707631496, 0.20376437374542458, -0.1148729611654599, -0.12144242982268423] - [-0.09458742004091851, 0.5555745425861344, -0.23516797630149117, -0.2256009673219737] - [-0.020732290156078706, -0.01918213632151215, 0.00821220868874216, 0.0322727168054647]
B1: -4.5839509415120566e-05 - -2.355196622153524e-05 - 2.4511060543140525e-05 - 8.968777023712077e-06
B2: -0.00014439978118332666 - -3.3144831558929645e-05 - 8.405986426687832e-06 - 0.0001670571529889564
