Number: 4880
Error: 1.2510022865324954e-15
A1: [0.06621308063767414, -0.11395217849548382, -0.02398405124491131, 0.07172276727511474] - [0.03740257485435867, 0.188193333823166, -0.14740898342212397, -0.07818704682403378] - [-0.06022927335205964, 0.32895089422435125, -0.12775301381323875, -0.14096822685440186] - [0.03904620997463151, -0.053322637814240716, -0.03741854120960906, 0.05169516920172488]
A2: [-0.009108608671244802, -0.34680322035444183, 0.2494550571755129, 0.10645664541187082] - [0.0800398676581308, 0.03628230210207892, -0.05025006647498266, -0.06607191332142667] - [-0.04245283481642361, 0.23083187413753925, -0.04053126200355549, -0.14784785595861988] - [0.06813474815816227, -0.29346788592871514, 0.1417712074714621, 0.08356182612269858]
B1: 1.0724817189728738e-08 - 1.0511890902196583e-08 - -5.519137704280139e-10 - -4.535646428979601e-10
B2: 1.508492652154645e-08 - -9.386673398918839e-09 - -8.267024708544055e-09 - 5.607363970566131e-08
