Number: 9303
Error: 3.6717903574289314e-10
A1: [0.053168603595816585, -0.14800521938998823, -0.02700296875354565, 0.12182387313483482] - [0.005328819353381147, 0.13085182425463635, -0.11358561085610504, -0.022534628855470452] - [-0.014553765500868659, 0.22298229092029237, -0.1271503660111562, -0.08171525601993777] - [0.02719732692852079, -0.09996916652449864, -0.049373503805621256, 0.12234912257637093]
A2: [0.08920391658435822, -0.0729637536324931, -0.12367683915512556, 0.10723522644716621] - [0.10882462207104317, 0.2497970992858567, -0.4048620668687143, 0.0461720924354969] - [0.03660744611827894, 0.4625267914307712, -0.37774524172577245, -0.12150205366457811] - [0.14342416960027382, -0.044608893612818404, -0.201501743993152, 0.10267754995652625]
B1: 4.181262452251001e-05 - 1.6144285270198912e-05 - 5.749536691289635e-06 - -9.604552741489615e-07
B2: -2.298554956815192e-06 - 9.274051414769641e-06 - 3.0314367238581807e-05 - -8.160228104816436e-06
