Number: 4732
Error: 1.2249118627950514e-15
A1: [0.06621322546608828, -0.11395203690350834, -0.02398390653018202, 0.07172291186043958] - [0.037402637258751495, 0.18819339344633085, -0.14740892207382686, -0.07818698547031219] - [-0.060229311296668815, 0.32895085778057276, -0.1277530509436531, -0.14096826378509617] - [0.039046280426138946, -0.05332257094434913, -0.037418473050180985, 0.051695236807730145]
A2: [-0.009108861077794963, -0.3468034881180211, 0.24945480272672169, 0.10645638077753315] - [0.08003994362528978, 0.03628238394042054, -0.05024998344727672, -0.06607182958871172] - [-0.04245283983745857, 0.230831868595989, -0.04053126738433693, -0.14784786151168305] - [0.06813467663004859, -0.29346796468420194, 0.14177112992812835, 0.08356174592658389]
B1: 6.444531934150255e-08 - 1.6331929119963007e-08 - -1.7366551476769787e-08 - -3.153154953415763e-08
B2: 1.3444678780685348e-08 - 1.3559751059312908e-08 - 2.8934424787434934e-09 - 1.0562553104589611e-08
