Number: 7397
Error: 7.048520239925629e-16
A1: [0.08043169248780095, -0.1804678029482194, -0.019588849179456403, 0.11962497954049167] - [0.037415573528733634, 0.13359637971483676, -0.13472619265043512, -0.0362858315588448] - [-0.0017028116064173842, 0.22819012391298168, -0.12282837524968075, -0.10365890282006653] - [0.03886321955474469, -0.11448103338505827, -0.046416456260682554, 0.1220342130877985]
A2: [0.035307498137138585, -0.029273420568776402, -0.07569729758575473, 0.06966346538721756] - [0.10289375451328511, 0.28289670514034243, -0.392606392534874, 0.006816000027628671] - [-0.011187110810520111, 0.5390145798030527, -0.3594510257338563, -0.16837647596610367] - [0.09786281142245072, 0.01746332856475651, -0.16885099907733125, 0.05352489099467866]
B1: 8.515497061795342e-09 - -1.4341758377073987e-08 - -1.940063118173061e-08 - -1.0594615883851029e-08
B2: -4.04948200959845e-09 - -2.0333640514965552e-08 - -3.2295025225879997e-10 - -1.7118651642668822e-08
