Number: 5625
Error: 1.572454642853552e-07
A1: [0.06593220378297959, -0.11422599268048621, -0.024265121343129168, 0.07144126776390816] - [0.03764514982592201, 0.18842472764086163, -0.14717122021213877, -0.07795048278851689] - [-0.06041427534799765, 0.32877380448393007, -0.12793439789629205, -0.14114838577091957] - [0.039030950131315224, -0.053336492453766954, -0.03743318362543794, 0.05168088411189279]
A2: [-0.007412460495191222, -0.3450046677802519, 0.25116519357899697, 0.10823577392405327] - [0.07990662090187918, 0.036139083666220484, -0.05039566806184683, -0.06621860019204184] - [-0.042060063738832525, 0.2312652738387551, -0.04011135669498993, -0.14741409137367414] - [0.06885624327540418, -0.29267323063747347, 0.14255120311880354, 0.08436903726621439]
B1: 0.00046669190881099573 - -5.3559208481257384e-05 - 0.00010125002204713706 - -9.354945439531961e-05
B2: -0.00014790535548323073 - -0.00024002115432574124 - -0.00024515619658018416 - -0.0003287349427960768
