Number: 4554
Error: 9.298353380759838e-16
A1: [0.0662130985038818, -0.11395216102854852, -0.023984033392745366, 0.0717227851113174] - [0.03740251716736985, 0.18819327870713792, -0.14740904013286496, -0.0781871035398002] - [-0.060229491682618284, 0.3289506845297615, -0.12775322745873105, -0.14096843935083403] - [0.03904616130275732, -0.05332268401183116, -0.03741858829812974, 0.05169512249558267]
A2: [-0.009108543240760046, -0.34680315094301445, 0.24945512313538193, 0.10645671401205672] - [0.08003984545664376, 0.036282278184723384, -0.05025009073998126, -0.06607193779242469] - [-0.04245290940809622, 0.230831791813579, -0.040531341938961234, -0.1478479384540908] - [0.06813470278782104, -0.29346793588344594, 0.14177115828562387, 0.08356177525417925]
B1: -2.998121343249169e-08 - -2.4393715105187617e-08 - 8.686248595306159e-10 - 1.779906498050909e-08
B2: -3.095283826077793e-08 - -4.8788006312421996e-08 - 5.139956609969089e-08 - -1.915045662171134e-08
