Number: 7150
Error: 1.3181059273390118e-15
A1: [0.08043170641497123, -0.18046778902262264, -0.019588835268933364, 0.11962499346607254] - [0.037415614462906345, 0.1335964206180277, -0.13472615179782813, -0.03628579064734867] - [-0.0017027931607305254, 0.2281901423582825, -0.12282835683099012, -0.10365888437929983] - [0.03886325070291241, -0.11448100232430052, -0.046416425132360245, 0.1220342442166087]
A2: [0.03530735299440339, -0.029273566112963736, -0.07569743558565772, 0.06966331347964803] - [0.10289376225073221, 0.2828967129434544, -0.39260638505131895, 0.006816008129862518] - [-0.011187065710639751, 0.5390146251719331, -0.35945098304582207, -0.16837642844280562] - [0.09786278261882012, 0.017463299630106448, -0.16885102649652625, 0.053524860760248316]
B1: -2.0322342164820884e-08 - 6.263635751053679e-09 - 2.081808313602e-08 - 1.0589362019317365e-09
B2: -3.568497466088985e-09 - -5.1139038317057786e-09 - 9.987560986593969e-09 - -9.302288742854011e-10
