Number: 6085
Error: 4.930478073237228e-14
A1: [0.08043252998112353, -0.1804669655499047, -0.019588012687591284, 0.11962581693804038] - [0.03741658025985485, 0.13359738568376375, -0.13472518792539984, -0.03628482538558572] - [-0.001701970043409082, 0.22819096545805573, -0.12282753491880453, -0.10365806148169371] - [0.03886357453671548, -0.11448067939932907, -0.04641610150490354, 0.12203456784912335]
A2: [0.03530719146115352, -0.029273728093086072, -0.07569758916888361, 0.06966314441758438] - [0.10289389932236769, 0.28289685117840785, -0.3926062524772912, 0.0068161516639608155] - [-0.011187258709853837, 0.5390144310215464, -0.35945116572340596, -0.16837663181278617] - [0.09786297743097294, 0.017463495328385488, -0.16885084104783554, 0.05352506524971481]
B1: 3.231879567708157e-08 - 3.884581595336585e-08 - 4.542116360023693e-08 - 1.309402786812276e-08
B2: 5.57034397636004e-07 - 8.160722199577531e-07 - -6.944043925479031e-07 - -2.9826844281094815e-08
