Number: 9831
Error: 1.1311318226710964e-15
A1: [0.05317254642037498, -0.14800127469705285, -0.026999051036515245, 0.12182781826036822] - [0.005313757752129201, 0.13083673224354453, -0.11360070584285308, -0.022549725387485932] - [-0.014444452275847019, 0.22309164513919028, -0.12704115531532256, -0.08160590868954015] - [0.02714646212596253, -0.10002003600798573, -0.04942450636503655, 0.12229812243916229]
A2: [0.08925431388249629, -0.07291351738674735, -0.12362756489731848, 0.10728623383436697] - [0.10884164300711241, 0.2498140953042748, -0.40484537362586864, 0.04618939285281015] - [0.03663578603216418, 0.4625549742793996, -0.3777175924084889, -0.12147341492214213] - [0.1434262748872736, -0.04460678104527074, -0.20149969005738302, 0.10267970183229384]
B1: -1.1487139940681171e-08 - 1.400428128631324e-08 - 1.0658764065961044e-08 - -3.8143142131181965e-09
B2: -1.8514423996340717e-09 - -9.058458840361563e-09 - 2.2859896617865385e-10 - -5.438722713866912e-09
