Number: 1663
Error: 2.4549485872036044e-07
A1: [-0.007026004372305738, -0.014831834386785986, 0.003164939317138566, 0.0196110582640778] - [0.067207874747799, 0.19025106395362423, -0.14634244500472315, -0.10943776043317692] - [-0.10826710017095621, 0.446008286445194, -0.06629217702359706, -0.25343969111273196] - [-0.024344028064002918, 0.014382799587804952, -0.030930790716970635, 0.03787767626218961]
A2: [0.13175063625171743, -0.22446866920097844, 0.022816201181101576, 0.07031544534558053] - [0.032549313344968155, 0.20365403721712466, -0.11498466911055268, -0.12155178463815224] - [-0.09476668619360075, 0.5554011494173811, -0.23535051354017303, -0.22577901345006768] - [-0.01995718372738354, -0.01842901587948507, 0.008975836751091855, 0.03301177419821784]
B1: -0.0002748037172976552 - 0.00033936266969876856 - -0.0003750377313549824 - 1.4345347009728812e-05
B2: 0.0002461115689289184 - 0.0006601739964110474 - -0.00044041495453461533 - 0.000745488276112436
