Number: 3012
Error: 3.577424536713956e-08
A1: [0.06407564718677324, -0.0472314090441476, -0.02280680329521206, 0.008490484537205668] - [0.043660046302237146, 0.19126914236898399, -0.14256519632677292, -0.09251201526856517] - [-0.12337903552985127, 0.4149331519178563, -0.10478759629680721, -0.18699909098300357] - [0.037875495979108664, 0.02004310657502737, -0.032262851550333635, -0.022187331627467242]
A2: [0.06408434987343549, -0.17304886226330723, 0.0869676005105083, 0.02459099237748361] - [0.029396295337315796, 0.20040356610048582, -0.10160439910491274, -0.12776971981045998] - [-0.09355461473984913, 0.5135387139644716, -0.22575055527725543, -0.19523614690667096] - [-0.02642815618074421, 0.018017020439575145, -0.050794356008110046, 0.05649004536020546]
B1: -8.144305046233914e-05 - 7.759246133222998e-05 - 0.00026467321645369605 - 0.0003256238989412415
B2: 6.41666877139873e-05 - 0.00012215224098035066 - -3.619885272164425e-05 - -0.00010448162963418587
