Number: 234
Error: 3.340607618415798e-07
A1: [-0.017786868556120713, -0.02031143797838858, 0.011846505360456276, 0.0025529765170670417] - [0.06831525861503417, 0.19187919985423044, -0.14275820066107536, -0.10724605472008779] - [-0.09035855902261344, 0.4275273062227475, -0.0470044765966772, -0.26511091433983197] - [0.001582963047562235, -0.015433597905795, -0.00074184833496401, 0.026728288806199648]
A2: [0.1631639578803856, -0.1662017483604301, 0.010059824137535011, -0.0008015722456596105] - [0.038306201504547915, 0.21029523881422144, -0.11439837133667748, -0.1230321151562335] - [-0.08647789170827296, 0.5812723058820547, -0.23565890555963723, -0.26021052345337503] - [-0.0046717613441484875, -0.005345024391582462, 0.00027578189173197906, 0.006434543087195928]
B1: -0.00012777527479749894 - 0.000737458319048908 - 0.0004521697195860801 - 7.29495316686719e-05
B2: -2.132291512447191e-05 - 0.0018713061354071268 - 0.00036997679745434333 - -0.00051291516478558
