Number: 9479
Error: 2.015264444273512e-13
A1: [0.05317263330711668, -0.14800118780621024, -0.02699896426441039, 0.12182790518727163] - [0.005315568943117956, 0.13083854531396205, -0.11359889494304348, -0.022547911643265955] - [-0.014441800431647863, 0.2230942979455221, -0.12703850557965599, -0.08160325590517652] - [0.027148902447220864, -0.10001759563141595, -0.04942206083533247, 0.12230056902877884]
A2: [0.08925846049522403, -0.07290938034072297, -0.12362351166445448, 0.10729043165251438] - [0.1088426228262695, 0.24981507530733085, -0.40484441321263254, 0.04619038916873497] - [0.03663675004621075, 0.4625559332947989, -0.37771665185560166, -0.12147244089527778] - [0.14342681023836096, -0.04460624768147601, -0.20149916731962794, 0.10268024513482711]
B1: 3.0462477502436225e-07 - 2.0505989603706585e-07 - 2.5149154105829616e-07 - 4.4672873653086615e-07
B2: 1.6051024255550022e-07 - 4.1817997662654473e-07 - 8.280808428831177e-07 - -3.811487012286726e-08
