Number: 4601
Error: 9.677984617879711e-16
A1: [0.06621316791464832, -0.1139520931688772, -0.02398396403645779, 0.07172285440559042] - [0.03740252496670006, 0.18819328615886913, -0.14740903246553227, -0.0781870958717864] - [-0.0602295069777419, 0.3289506698396226, -0.1277532424256618, -0.1409684542372325] - [0.039046070818542535, -0.05332276989607676, -0.037418675838603865, 0.051695035665895346]
A2: [-0.00910845551880065, -0.34680305788381555, 0.24945521156711162, 0.10645680598365505] - [0.08003985614511308, 0.03628228969926182, -0.050250079058088044, -0.06607192601135953] - [-0.042452709200534317, 0.23083201277481216, -0.04053112738877606, -0.1478477170323551] - [0.06813467417860243, -0.2934679673833938, 0.14177112727047247, 0.08356174317803378]
B1: -3.090395839063327e-08 - -1.5345012648327204e-08 - 1.6874994239394396e-08 - -6.182280888518141e-08
B2: 1.1266084884756364e-08 - -3.143722223110001e-08 - -2.7845714834613662e-08 - -1.3951259602098824e-08
