Number: 1459
Error: 3.4714016937790823e-09
A1: [-0.007077671540014704, -0.01488295934731358, 0.0031113265165247646, 0.019567610102277727] - [0.06676250324326478, 0.18982262065108946, -0.14680150963460945, -0.10993381792346678] - [-0.11271908628537973, 0.4416541262447224, -0.07092884753807381, -0.2582446806576772] - [-0.02376702349533684, 0.014953266134256784, -0.030340785891483046, 0.03849172167361429]
A2: [0.13171156007414903, -0.22450500482932725, 0.022789944906292388, 0.0702831115174983] - [0.03266687141713111, 0.2037695303624129, -0.11486774893401049, -0.12143729133449825] - [-0.09471320773588114, 0.5554509310951348, -0.2352913142738529, -0.2257239635340102] - [-0.02112252337479796, -0.019566833214788838, 0.007825365022112556, 0.03189794876941509]
B1: 4.0507610247954596e-05 - -3.254406560943446e-07 - -9.268757375331294e-05 - -4.1938981929229486e-05
B2: 8.84737907738386e-05 - 2.2629524341668696e-05 - -5.079046597290415e-06 - -4.705036255227315e-05
