Number: 3436
Error: 2.129689235608009e-08
A1: [0.06676172935141446, -0.11341649730932107, -0.023436697500721058, 0.07227008490947752] - [0.038024869677490525, 0.1887878731759196, -0.14679709818603753, -0.07757502991900617] - [-0.0601749370420719, 0.3290027453084547, -0.12770025455797984, -0.14091637763933285] - [0.038682521183878465, -0.053666825259317374, -0.03776967140808212, 0.05134617655270598]
A2: [-0.009312983917596615, -0.3470195468876018, 0.24924940019277622, 0.10624412825954528] - [0.0803397838113442, 0.036605339507474, -0.049922669683334725, -0.06574173327786861] - [-0.04199588081587506, 0.23133569470042142, -0.040041917382011634, -0.14734262663484038] - [0.06819576227809424, -0.2934008356097817, 0.14183823853218602, 0.08363133681242532]
B1: -0.00018504137718702417 - 0.00025058381530827523 - -8.983778851342781e-05 - -0.00010591721802754239
B2: 0.0002853421488310812 - 7.93506531971487e-05 - -6.835605366878585e-06 - -0.00023826241982319424
