Number: 6899
Error: 8.987946216006504e-16
A1: [0.08043166572743471, -0.18046782970555064, -0.019588875907821695, 0.11962495278318264] - [0.037415580360535376, 0.13359638654146597, -0.134726185832252, -0.03628582473082958] - [-0.0017028299424093165, 0.22819010557738306, -0.1228283935588223, -0.10365892115116683] - [0.03886322284237148, -0.11448103010665225, -0.04641645297514544, 0.12203421637338505]
A2: [0.035307510211033344, -0.0292734084614964, -0.07569728610607054, 0.06966347802388684] - [0.10289376806383047, 0.28289671880588535, -0.39260637942897275, 0.006816014217023864] - [-0.011187164077640525, 0.5390145262182223, -0.35945107615233834, -0.16837653209553355] - [0.09786282554754239, 0.017463342754096108, -0.1688509856311575, 0.05352490582142765]
B1: -2.9549132090956063e-10 - 1.9304847303545775e-08 - -4.0125750392806346e-08 - -4.76763058154338e-09
B2: -1.0695811360269109e-08 - -4.833032577594657e-09 - 2.4949408175023922e-09 - -4.35900040073472e-09
