Number: 60
Error: 0.00017652027832817664
A1: [0.0010427474440213884, -0.0003506895206849981, 0.033955359711738985, 0.023719156940730977] - [0.1227126803145056, 0.25047368473629844, -0.09085308545628347, -0.06647068699473738] - [-0.1167227610947263, 0.40466778629803574, -0.07511747951794273, -0.2927508268305289] - [-0.005914129660516959, -0.017839378036360806, -0.008428402740424496, 0.01637535052954249]
A2: [0.3101582936365419, -0.022153888456607786, 0.15244262360863967, 0.14130419810849765] - [0.115408031276401, 0.28386746895136156, -0.04355488337030987, -0.05268473546333099] - [0.08116019021722747, 0.747514360996298, -0.07293887799865861, -0.09698013247620624] - [0.35809092720066893, 0.3558930928460809, 0.36031484751717086, 0.3541417795012305]
B1: 0.034109790009923945 - 0.4073507896140787 - -0.015911972443986226 - -0.033396592938739186
B2: 0.009240917282269147 - 0.4117242736955141 - 0.0006448635385056323 - 0.006327391917442894
