Number: 4589
Error: 9.572538527280617e-16
A1: [0.06621315261332887, -0.11395210812826423, -0.023983979325768446, 0.07172283912995016] - [0.037402537415781235, 0.1881932980531241, -0.14740902022712957, -0.07818708363230076] - [-0.06022932520652088, 0.3289508444209502, -0.12775306455501706, -0.14096827732325778] - [0.03904608429171397, -0.05332275710784546, -0.03741866280375748, 0.05169504859490183]
A2: [-0.009108458313923654, -0.3468030608490016, 0.24945520874937907, 0.10645680305312098] - [0.08003983301764525, 0.03628226478436312, -0.0502501043350835, -0.06607195150298537] - [-0.042452795437099504, 0.23083191759890376, -0.0405312198032132, -0.14784781240662245] - [0.06813480674079658, -0.29346782142681577, 0.14177127098054415, 0.0835618918045334]
B1: -3.455660107694967e-08 - -1.2063773264609923e-08 - -7.864466697320598e-09 - -4.2025753625198905e-09
B2: 1.19029672671232e-09 - -1.9455872012038196e-08 - -5.482497945130732e-08 - 3.3261367045128003e-10
