Number: 4973
Error: 8.259678792710493e-16
A1: [0.06621318102984555, -0.11395208034672337, -0.02398395093152421, 0.07172286749880524] - [0.03740262522237135, 0.18819338194639953, -0.1474089339064988, -0.07818699730403071] - [-0.06022942100851265, 0.3289507524083254, -0.12775315830120293, -0.14096837056524553] - [0.03904611238947493, -0.053322730438481326, -0.037418635620048456, 0.05169507555786465]
A2: [-0.00910849472711698, -0.34680309947775667, 0.24945517204154308, 0.1064567648758976] - [0.0800398414008623, 0.03628227381550094, -0.050250095172653386, -0.06607194226277707] - [-0.04245278926195269, 0.23083192441416003, -0.04053121318566774, -0.14784780557721589] - [0.06813480247932004, -0.29346782611890115, 0.14177126636070767, 0.08356188702657176]
B1: 5.1193025590431044e-08 - 8.687371677947413e-09 - -2.678809884112367e-09 - 8.428289172486604e-09
B2: 1.885338946543011e-08 - 3.6947489864571963e-09 - 3.3169024980661795e-09 - 2.2383936687233475e-08
