Number: 1625
Error: 5.8055097441254734e-08
A1: [-0.006493215289048798, -0.014293994928903252, 0.0037199894298267488, 0.02015851371649031] - [0.06682293656614403, 0.18988097965031547, -0.14674000723423142, -0.10986569951366296] - [-0.11445612370729782, 0.4399480622714122, -0.07273603381410045, -0.26012835376597226] - [-0.022224177227480085, 0.016465965799468765, -0.028765691814418345, 0.040114543291117716]
A2: [0.13141376625687715, -0.2248008255591413, 0.022492977254677613, 0.06998844153376119] - [0.03233182900130473, 0.20344023701249583, -0.11520073295959495, -0.12176467883094301] - [-0.09491829743744562, 0.5552517118932188, -0.23549375880748988, -0.2259269423188157] - [-0.020306753659675887, -0.018773594467602024, 0.008626666645422968, 0.03267550170949659]
B1: -6.474226531622934e-06 - 0.00021320253523291995 - 0.00021381891871331284 - 0.00013315704483395308
B2: 0.0003940592056446681 - -0.0008141689159884197 - 0.0006494468801959149 - -4.328063765736206e-05
