Number: 8183
Error: 5.906405086903497e-16
A1: [0.08043171326690131, -0.1804677821714999, -0.01958882842524966, 0.1196250003171876] - [0.03741556488254613, 0.13359637107523636, -0.13472620127926263, -0.03628584020016748] - [-0.0017028138981070768, 0.22819012162133506, -0.12282837753801933, -0.10365890511114835] - [0.03886325337889877, -0.1144809996558361, -0.046416422458093715, 0.12203424689092221]
A2: [0.03530761536350479, -0.029273303018165667, -0.07569718612810367, 0.06966358807700314] - [0.10289380594442409, 0.28289675700796757, -0.39260634279128476, 0.0068160538834516156] - [-0.011187153641785963, 0.5390145367162925, -0.3594510662746687, -0.16837652109880866] - [0.09786264523178102, 0.017463161618151635, -0.1688511572803439, 0.05352471654886424]
B1: 4.004783704073891e-08 - -3.8055116342769486e-09 - -1.7319893255160822e-09 - 6.874426706837049e-08
B2: 3.549698907255261e-08 - 9.705725926451262e-09 - 2.2484059425503385e-08 - 2.8970702382759954e-08
