Number: 3522
Error: 3.660923763037413e-11
A1: [0.06620577526394393, -0.11395932162072327, -0.02399135211874107, 0.07171547486639404] - [0.03740254245277788, 0.18819330165662762, -0.14740901546350474, -0.0781870781215058] - [-0.060220794401917487, 0.3289590434941331, -0.12774471257294726, -0.14095997593922927] - [0.03901370911204464, -0.05335348929038848, -0.0374499868288976, 0.05166398152291116]
A2: [-0.00905670073961029, -0.3467481545500557, 0.24950739003174063, 0.10651106722569764] - [0.08003023986841626, 0.03627193136595045, -0.050260590233455055, -0.06608252513974187] - [-0.04245638850653091, 0.23082795207545978, -0.040535069152376, -0.14785178775136182] - [0.06818771921450276, -0.293409563940344, 0.14182863821138156, 0.08362121710473183]
B1: -6.767073924516289e-06 - 5.423989913144543e-06 - -6.33208252479593e-06 - -4.288122802227609e-06
B2: 4.257171795296728e-06 - 2.034012968452452e-06 - -4.727423152627071e-06 - -4.887211790196187e-06
