Number: 7143
Error: 6.896733454594142e-16
A1: [0.08043169572642381, -0.18046779970995908, -0.019588845944699822, 0.11962498277874621] - [0.03741560163942549, 0.1335964078042528, -0.1347261645957574, -0.03628580346372575] - [-0.0017027350477070145, 0.2281902004700634, -0.12282829880305754, -0.10365882628178784] - [0.038863226534527, -0.1144810264248591, -0.04641644928534353, 0.12203422006324523]
A2: [0.03530734011037548, -0.02927357903262694, -0.07569744783562961, 0.0696632999951188] - [0.10289375843176521, 0.2828967090920756, -0.39260638874497483, 0.0068160041308467315] - [-0.011187057126621287, 0.5390146338071514, -0.35945097492086064, -0.16837641939752793] - [0.09786278496755868, 0.01746330198952855, -0.16885102426067872, 0.05352486322565862]
B1: -1.9854369030025497e-08 - 1.0002156837991689e-08 - 2.893028112379448e-08 - 5.976157333608145e-09
B2: -7.466610763431692e-09 - -8.414333899064545e-09 - 5.713406235806797e-08 - -1.527836004610724e-08
