Number: 5968
Error: 2.087738220348969e-11
A1: [0.08041006595156687, -0.18048942691560416, -0.019610448447108672, 0.11960335627434968] - [0.0374214808726587, 0.13360228204860458, -0.1347202989170841, -0.03627992855335238] - [-0.0017160852919991803, 0.22817685067837212, -0.12284162871690785, -0.10367217258142601] - [0.03885099170825764, -0.11449322649316963, -0.04642867513446541, 0.12202199343460984]
A2: [0.03524966337531942, -0.02933141772188809, -0.07575228684908282, 0.06960293504465924] - [0.10286972576105048, 0.28287247050911085, -0.39262963374900905, 0.006790837912335521] - [-0.011144382574323364, 0.5390575633251669, -0.3594105826853841, -0.1683314518279875] - [0.09786340433350918, 0.017463923626992804, -0.168850434937759, 0.05352551340589412]
B1: 1.9196840341897264e-06 - 6.929309442888629e-06 - 2.1720695488741285e-07 - -3.1405658980808715e-06
B2: -7.974487395703087e-06 - 1.0696084333383315e-05 - 6.105096317939197e-06 - -7.26568369893288e-07
