Number: 9371
Error: 3.803757874477888e-11
A1: [0.05317787304257688, -0.1479959437117438, -0.02699372904279655, 0.12183314982366256] - [0.00529621224064212, 0.13081916696137375, -0.11361824927359368, -0.022567296316110336] - [-0.0144552820778367, 0.22308081153442766, -0.1270519760690993, -0.08161674143234458] - [0.02715531828506999, -0.10001117766205661, -0.049415629675631775, 0.1223070042555716]
A2: [0.08928665373132214, -0.07288125503875538, -0.123595955255163, 0.10731897244159767] - [0.10881796764082861, 0.2497904174884566, -0.4048685793566174, 0.04616532016422344] - [0.03663723022595226, 0.4625564108583656, -0.3777161836812257, -0.12147195577366059] - [0.1434036138958801, -0.04462935553629673, -0.20152181591937168, 0.1026567049558999]
B1: 1.2737583091808251e-05 - -3.3213094743957144e-06 - 2.1950718054640064e-06 - -8.540866321228684e-06
B2: -1.98063625780275e-06 - 7.721110174152637e-06 - -3.913962358012159e-06 - -3.2047452586350935e-06
