Number: 5327
Error: 1.5953326591710852e-15
A1: [0.06621318606569081, -0.11395207542340421, -0.023983945899639387, 0.07172287252617894] - [0.03740262846109897, 0.1881933850408738, -0.14740893072251346, -0.07818699411977031] - [-0.06022930787577215, 0.32895086106586274, -0.12775304759629907, -0.14096826045567717] - [0.0390462755178789, -0.05332257560282287, -0.03741847779856762, 0.051695232097865494]
A2: [-0.009108411672202785, -0.34680301136970776, 0.24945525576811015, 0.1064568519542363] - [0.08003987383100739, 0.03628230875202081, -0.05025005972834204, -0.0660719065175777] - [-0.04245289299754879, 0.23083180992549243, -0.040531324352624104, -0.1478479203044204] - [0.06813468861486423, -0.29346795148820687, 0.14177114292086898, 0.08356175936408883]
B1: 7.027211531083664e-08 - -4.610359067692986e-08 - -2.5315665328174676e-08 - -2.9092857772603327e-08
B2: -1.1187302344826749e-08 - -2.2928704034976695e-08 - -3.080199901758247e-08 - 4.720751555994387e-08
