Number: 3383
Error: 1.929019827826967e-07
A1: [0.0653449784077279, -0.11480008063782329, -0.024851966603710397, 0.07085683876053159] - [0.037440749103704644, 0.18822973541857405, -0.14737175731437324, -0.0781496350397594] - [-0.05375698489760003, 0.33516979653261714, -0.12142006359788016, -0.13467600967667825] - [0.036083917765515776, -0.056134625403444445, -0.04028522261868216, 0.04884851311011451]
A2: [-0.008430111807280899, -0.3460807147395738, 0.25016947268587936, 0.10716846343622932] - [0.08058493092806732, 0.036870034552505246, -0.049652868824185695, -0.06547533581976714] - [-0.04175104299550962, 0.23160703938330918, -0.039771916483277825, -0.1470768467426309] - [0.06893486699734894, -0.29258359111932747, 0.14266199722376458, 0.08446199109482554]
B1: -0.00021549769024733318 - -0.0002984127317946664 - -0.00010724388589811763 - -0.00013717732907396973
B2: 0.0002291415047990264 - 0.0002121921972932561 - 0.00015304650598121477 - -0.0008057080513507196
