Number: 6605
Error: 1.2211442012853863e-15
A1: [0.08043168123488388, -0.18046781419985836, -0.01958886041891422, 0.11962496828886096] - [0.037415598094299285, 0.1335964042618076, -0.13472616813382268, -0.036285807006888715] - [-0.0017028471801779576, 0.22819008833998458, -0.12282841077135294, -0.10365893838433532] - [0.038863246275011136, -0.1144810067397747, -0.04641642955743631, 0.1220342397914616]
A2: [0.03530744903141962, -0.029273469810323804, -0.07569734427486866, 0.0696634139927868] - [0.10289374774110328, 0.2828966983106764, -0.3926063990848474, 0.006815992936157215] - [-0.011187083843575932, 0.5390146069308559, -0.35945100020906556, -0.1683764475500787] - [0.09786281818579164, 0.017463335358861368, -0.1688509926390727, 0.05352489809399249]
B1: 3.768265288664476e-09 - 4.603916179153733e-09 - 6.743258785758155e-09 - 5.092647871668286e-09
B2: 4.13440797483013e-09 - 1.280666345695692e-08 - -1.534924066535525e-08 - 1.6910367231444413e-08
