Number: 1845
Error: 1.0966269647251029e-07
A1: [-0.006548904031765755, -0.014327885000946849, 0.003701424512039653, 0.020097082087633285] - [0.06756856880549916, 0.19060387456136027, -0.1459689185076407, -0.1090360720409153] - [-0.11418991051599076, 0.44024512010774713, -0.07250913018757642, -0.2598210856272857] - [-0.024232058624502572, 0.01453397086500015, -0.03088481986890844, 0.03801012433132479]
A2: [0.13122552870443455, -0.22501987165385734, 0.022316999851045457, 0.06980116575455797] - [0.03349048888718989, 0.20459410242924742, -0.11404590072728228, -0.12062310591746833] - [-0.09332451520182182, 0.5568344371930415, -0.2338436208472236, -0.2242470836596443] - [-0.020472862853948334, -0.018963038616793153, 0.008459624311372814, 0.03250358021272282]
B1: 0.00044081157476362834 - 0.0004263308515591663 - -0.0003108569140647792 - 0.0006265013397159088
B2: -0.0003137798874539554 - -2.0169165976740764e-05 - 0.00040278667610167023 - 0.0001294419626165591
