Number: 9803
Error: 9.570096790719016e-16
A1: [0.05317252954912642, -0.1480012915745172, -0.02699906788918687, 0.12182780138097248] - [0.0053136727323615865, 0.13083664713460746, -0.1136007908497582, -0.022549810527154844] - [-0.01444449587628817, 0.22309160152277016, -0.12704119888126206, -0.08160595230554607] - [0.027146381374095245, -0.1000201167597131, -0.049424587287228754, 0.12229804148209862]
A2: [0.08925482491585442, -0.07291300753516372, -0.12362706537788708, 0.10728675116884477] - [0.10884172246546393, 0.2498141747766445, -0.40484529574134176, 0.0461894736480731] - [0.0366357704077848, 0.4625549587363304, -0.37771760765240864, -0.12147343070856753] - [0.14342645004036228, -0.044606606544549225, -0.20149951903555735, 0.10267987958398203]
B1: 1.942324052272785e-08 - -1.0577788298741057e-08 - -7.667936207296905e-09 - 6.772136616351699e-08
B2: 1.9867830512393095e-08 - 1.0839217792330292e-08 - 1.68176635882485e-08 - -1.1935912171737527e-08
