Number: 6245
Error: 9.372030271714106e-16
A1: [0.08043165488944613, -0.1804678405423083, -0.019588886732849496, 0.11962494194643486] - [0.037415557548687244, 0.13359636374688647, -0.13472620859864656, -0.036285847530037774] - [-0.0017028298461777655, 0.22819010567361822, -0.12282839346273314, -0.10365892105495882] - [0.03886321420172194, -0.11448103872305113, -0.04641646161028922, 0.1220342077381092]
A2: [0.03530743371922031, -0.029273485164877433, -0.07569735883350114, 0.06966339796690069] - [0.10289371954482691, 0.2828966698750937, -0.3926064263559114, 0.006815963410521067] - [-0.011187143718892392, 0.5390145466984066, -0.3594510568823224, -0.16837651064283382] - [0.09786278935267399, 0.017463306394589904, -0.1688510200863205, 0.053524867828588285]
B1: 3.896720648450909e-09 - -9.480586873632695e-09 - -3.8526923024811805e-09 - -5.822313506698799e-09
B2: -1.0437092770385201e-08 - -9.675691588669415e-09 - 5.839271630016705e-09 - -1.1330278778557626e-09
