Number: 8441
Error: 1.3061060952687315e-15
A1: [0.08043166640202877, -0.1804678290310282, -0.01958887523406818, 0.11962495345769449] - [0.037415626865530086, 0.13359643301125737, -0.13472613941979864, -0.036285778251543464] - [-0.0017028221721963955, 0.228190113347429, -0.12282838579998515, -0.10365891338301518] - [0.03886319724054586, -0.11448105563660234, -0.04641647856065132, 0.12203419078749386]
A2: [0.03530746046056195, -0.0292734583495392, -0.07569733340811212, 0.06966342595454776] - [0.10289375038434781, 0.2828967009763922, -0.3926063965282951, 0.006815995704005637] - [-0.011187086820422592, 0.5390146039361868, -0.3594510030266716, -0.1683764506869519] - [0.09786283059340757, 0.017463347822883307, -0.16885098082775535, 0.05352491111785545]
B1: -4.014321490926599e-09 - 4.163868375961826e-09 - 3.2802215747839398e-09 - 6.966627253459757e-11
B2: -1.0338210675225068e-08 - 3.688535041987046e-08 - 3.3653740896530967e-09 - -1.7088304033919476e-08
