Number: 6633
Error: 1.1575806609924843e-15
A1: [0.08043168120666395, -0.180467814228075, -0.01958886044710036, 0.11962496826064428] - [0.03741559397506841, 0.13359640014569446, -0.13472617224484584, -0.036285811123837775] - [-0.0017028473543905904, 0.22819008816577568, -0.1228284109453106, -0.10365893855850143] - [0.038863241231987616, -0.11448101176864556, -0.04641643459724625, 0.12203423475157245]
A2: [0.035307457902386034, -0.029273460914821307, -0.0756973358404698, 0.06966342327721835] - [0.10289374219443223, 0.28289669271692996, -0.39260640444951445, 0.006815987127981055] - [-0.011187095153614622, 0.5390145955533573, -0.35945101091425996, -0.16837645946786475] - [0.09786282287526094, 0.01746334006966165, -0.1688509881750029, 0.05352490301641041]
B1: -3.5450975749741818e-09 - 4.5980616829475375e-09 - -4.510145719047834e-09 - -4.691770570856433e-09
B2: 2.721958152817143e-10 - 6.206258783634374e-09 - -2.0048012003526058e-08 - 9.89539669471038e-09
