Number: 6538
Error: 8.131936901384201e-16
A1: [0.0804316859559707, -0.18046780947930627, -0.019588855703472515, 0.1196249730094085] - [0.03741558362718653, 0.13359638980564403, -0.13472618257210942, -0.0362858214659875] - [-0.0017028094779804068, 0.22819012604137845, -0.12282837312435735, -0.10365890069219977] - [0.03886322218910277, -0.11448103075808921, -0.04641645362799693, 0.12203421572052305]
A2: [0.0353074330842523, -0.029273485801599268, -0.07569735943722686, 0.06966339730234118] - [0.10289373689629973, 0.28289668737383145, -0.39260640957379833, 0.006815981580060871] - [-0.011187105991213805, 0.5390145846511158, -0.3594510211722796, -0.1683764708878257] - [0.0978628001724671, 0.017463317263599773, -0.16885100978658654, 0.053524879185859964]
B1: -9.899644128950595e-11 - -4.923669756414712e-10 - -6.806973490304593e-10 - -1.0108351476098807e-09
B2: 1.6468016218882943e-10 - -4.436025059832735e-09 - 1.0960841275787193e-08 - -6.739530358971329e-09
