Number: 3059
Error: 3.504166184018537e-07
A1: [0.064324678727231, -0.04698504552428136, -0.02256141373808473, 0.008732813977313025] - [0.04361633734301503, 0.19122760252057536, -0.14260689905154253, -0.0925575984208033] - [-0.12166136472497219, 0.41664925804713177, -0.10305603071162775, -0.18526701581442834] - [0.03825984452381864, 0.020424732774523106, -0.031884113741577604, -0.021817232329858008]
A2: [0.06187735700912303, -0.17524099390385717, 0.0847619188960141, 0.022412123016164652] - [0.0302487303756916, 0.20124450188650855, -0.10075584268699266, -0.12693544889615455] - [-0.09528498577800877, 0.5118384463251162, -0.22748600480574957, -0.19691070661284332] - [-0.028544490260495783, 0.015907595436699177, -0.052919973887968486, 0.054432435461347635]
B1: -0.0002713656062208414 - -3.7027105371925184e-06 - 1.8991822774658566e-05 - 0.00018129979418722575
B2: 0.0003937296060409001 - 0.0013572941992287424 - 0.00034061294388528597 - 8.39182022128703e-05
