Number: 3543
Error: 1.4423057868783468e-11
A1: [0.06622911248030501, -0.11393650537682493, -0.023968032659369445, 0.0717387727295958] - [0.03740541594337117, 0.1881960479219145, -0.14740619065110733, -0.07818425303164071] - [-0.06023399222282385, 0.3289463628431116, -0.12775763014686015, -0.14097282036532283] - [0.039065761691280995, -0.05330408038603921, -0.03739962609658324, 0.051713931482935904]
A2: [-0.009129593387858204, -0.3468254815390763, 0.24943390392932333, 0.10643464396115282] - [0.08002415999717537, 0.036265380887907525, -0.050267233971210565, -0.06608922678534723] - [-0.042486320624110264, 0.23079491762266244, -0.040567146631744384, -0.14788489072276528] - [0.068119647637086, -0.2934845128218886, 0.1417548383136581, 0.08354489662786166]
B1: -2.4747719526427103e-08 - -2.271415820683903e-06 - -8.702863138669502e-06 - 9.183145348725768e-06
B2: -2.3207388338787164e-06 - 2.5242389068161313e-06 - -7.046639234704456e-06 - -2.343121908532477e-06
