Number: 6329
Error: 1.124336979986615e-15
A1: [0.08043170302388612, -0.18046779241332167, -0.01958883865596384, 0.11962499007537596] - [0.037415618578892695, 0.13359642473089878, -0.13472614769004418, -0.036285786533640826] - [-0.0017027614146312418, 0.22819017410370201, -0.12282832513138203, -0.10365885264167775] - [0.03886328991503619, -0.11448096322222122, -0.04641638594522067, 0.12203428340436401]
A2: [0.03530741767525489, -0.02927350125321912, -0.07569737408789241, 0.06966338117514191] - [0.10289381764777111, 0.282896768810654, -0.39260633147204826, 0.006816066138678389] - [-0.01118706010629055, 0.5390146308097259, -0.3594509777412222, -0.16837642253725943] - [0.09786283891316225, 0.017463356180513888, -0.16885097290796736, 0.05352491985099593]
B1: -1.0344019383404798e-08 - 8.93954033291683e-09 - 1.8751328410464238e-08 - -4.2618751361398786e-09
B2: -1.138529556525991e-08 - -1.1412449760983816e-08 - 2.8630311744259385e-08 - 1.3342250811601097e-08
