Number: 8197
Error: 7.383544773644082e-16
A1: [0.08043170864367206, -0.18046778679420764, -0.019588833042955167, 0.1196249956944817] - [0.037415568679245954, 0.1335963748690645, -0.13472619749012343, -0.036285836405565264] - [-0.0017028124741123494, 0.22819012304529895, -0.12282837611611047, -0.10365890368753453] - [0.038863247541280344, -0.11448100547707392, -0.04641642829199576, 0.1220342410569283]
A2: [0.03530760128070216, -0.029273317139913522, -0.07569719951787804, 0.06966357333785071] - [0.10289380771984616, 0.28289675879845894, -0.39260634107411785, 0.006816055742576028] - [-0.01118714647169331, 0.5390145439291477, -0.3594510594880072, -0.16837651354344702] - [0.0978627355685015, 0.017463252365759997, -0.16885107128548674, 0.05352481137284163]
B1: 4.842262789964261e-08 - 2.0500536410160558e-09 - -8.779403295476325e-09 - 3.6921813587558533e-08
B2: 2.6206569929334086e-08 - 7.91172013664828e-09 - 1.8317715991800275e-08 - 1.968841223026186e-08
