Number: 1402
Error: 8.006780663297337e-10
A1: [-0.0072582717148040885, -0.015065116008955938, 0.002923626545667292, 0.01938213825928478] - [0.06677462912284535, 0.18983429112960534, -0.14678898664170503, -0.1099202995405296] - [-0.11277245013850823, 0.44160189626358337, -0.07098444308415981, -0.25830241960871597] - [-0.023576690434605706, 0.015140383218879729, -0.03014636723924392, 0.038692655327448595]
A2: [0.13159752020440388, -0.22461731161177123, 0.022677823856809005, 0.07017162850066605] - [0.032663094714537995, 0.20376583083836228, -0.11487151529775075, -0.1214409662757392] - [-0.0948598369972268, 0.5553065148772877, -0.23543534518249984, -0.22586825599369326] - [-0.020734976978888098, -0.01918468712435797, 0.008209693751659454, 0.03227049476406912]
B1: -2.1009811081762613e-05 - -7.142207284435572e-05 - 3.171777886621589e-05 - -3.5407550076429226e-05
B2: -1.9177980378299148e-05 - -3.0877093031566204e-05 - 1.1952725854623315e-05 - -1.1358490595671777e-05
