Number: 2542
Error: 3.082872448943428e-08
A1: [0.06433529562629942, -0.046969197850739115, -0.022548023221382777, 0.008750944118906593] - [0.0434696197329964, 0.19108402237073477, -0.14276469538513498, -0.09272655384459554] - [-0.12294168071893073, 0.4153711325393914, -0.10434375794954699, -0.18655901140000564] - [0.03776085580869746, 0.019934984288647952, -0.032369811027427135, -0.022292718810485238]
A2: [0.06374451079461824, -0.17339446813891574, 0.08663069669245714, 0.024259091972164144] - [0.028912347472011074, 0.19992641690342952, -0.10208627039033896, -0.12824286381543915] - [-0.09401629507612677, 0.513086071864469, -0.2262173625954063, -0.19568548417724338] - [-0.02637260058889799, 0.01808094316243962, -0.05074185678859427, 0.056540989994357915]
B1: -0.0001069404338359513 - 0.00021268804145371518 - -0.0003235361874844621 - -5.5114783505143226e-05
B2: 0.00021530507360084832 - -0.00029607806783565096 - 4.601356240041963e-05 - 9.041345189611318e-05
