Number: 2551
Error: 3.040782730159751e-08
A1: [0.06316010252669002, -0.04813979068276882, -0.023712887096662402, 0.007584726015864441] - [0.04465569309954822, 0.19222964399091869, -0.14154247744699916, -0.09142144762766377] - [-0.12351852619804661, 0.41479642667852573, -0.10492294614483971, -0.1871359060324039] - [0.036236527342532666, 0.018407899061244386, -0.03389291114605391, -0.02380843415680829]
A2: [0.06229516466852826, -0.17483507910197404, 0.08518574195870608, 0.02282695519002104] - [0.029470807996043975, 0.20047651087718504, -0.10152975462278752, -0.12769631243983193] - [-0.09346617611046455, 0.5136253841515718, -0.22566625996737733, -0.1951529234471268] - [-0.025472170539259854, 0.01897579013518866, -0.04984084026466979, 0.05741779677212877]
B1: -0.0002462177759972973 - -6.435296921564475e-05 - -0.00019481507824599663 - -0.0002650681402249962
B2: -0.0002265095082625954 - -0.00019268819398139705 - -1.2630296596133117e-06 - 8.384011038883156e-05
