Number: 9578
Error: 2.8411359178179133e-14
A1: [0.053172628979194544, -0.14800119211287296, -0.026998968571695117, 0.12182790086157727] - [0.005314418947091211, 0.13083739412466877, -0.11360004475383872, -0.022549063256774696] - [-0.014444099440615919, 0.22309199810050162, -0.12704080276189395, -0.08160555572752123] - [0.027146288521408265, -0.10002020961878047, -0.049424680339881594, 0.12229794838930115]
A2: [0.08925432775362778, -0.07291350354937373, -0.12362755134089258, 0.1072862478727294] - [0.1088431520431812, 0.2498156046054957, -0.40484389448376584, 0.046190927275630386] - [0.036636585736911344, 0.4625557698224661, -0.37771681217979064, -0.12147260692634886] - [0.14342511374840108, -0.044607937866242536, -0.20150082381314438, 0.102678523464617]
B1: -9.438433383440019e-08 - -1.1497508659504613e-07 - 1.172003221899595e-07 - 3.678588029920673e-07
B2: -8.26235338575502e-08 - -1.1720035287669866e-07 - 1.7658756819092166e-07 - 3.270754858858969e-07
