Number: 6120
Error: 1.2782485937839767e-15
A1: [0.08043160553173198, -0.18046788989444534, -0.019588936031549407, 0.11962489259435284] - [0.03741554618688318, 0.13359635239366682, -0.1347262199378168, -0.036285858885552205] - [-0.0017028714711845264, 0.22819006404950345, -0.12282843502679532, -0.10365896266886798] - [0.03886293466327333, -0.11448131747701253, -0.046416740970615135, 0.12203392837338897]
A2: [0.035307371042215756, -0.029273548015240722, -0.07569741842595676, 0.0696633323685825] - [0.10289351442526837, 0.28289646301464294, -0.39260662474481284, 0.006815748620291361] - [-0.011187196517124695, 0.5390144935852499, -0.35945110685695714, -0.16837656627820438] - [0.09786267491476748, 0.017463191436133608, -0.1688511290237218, 0.05352474770597919]
B1: -3.385191571826503e-09 - -2.7478647934982616e-08 - 6.367023068962319e-09 - -6.559704389552549e-09
B2: 1.6984839630304492e-07 - 2.0514710809749855e-07 - -3.043742160784179e-07 - -1.8496395158038493e-08
