Number: 1653
Error: 5.402261212440758e-08
A1: [-0.007441332784135667, -0.015251353237783377, 0.002733082802875735, 0.01918443764239455] - [0.06743493564086099, 0.19046954448190445, -0.14610772086019666, -0.10918515629347895] - [-0.11115965207841366, 0.4431741627645858, -0.06930566264544297, -0.2565706914421548] - [-0.02425549217163101, 0.014469943493825084, -0.030840233872137135, 0.03797135712545952]
A2: [0.13157431703676248, -0.2246417843389009, 0.022644614009023734, 0.0701431306368911] - [0.03298414674551016, 0.20408205404234173, -0.11455136803368203, -0.12112665512078248] - [-0.09470875178630837, 0.555458543490899, -0.2352924286653577, -0.22572198765589307] - [-0.02066303577480462, -0.01912492622401125, 0.008276268872861741, 0.032332674939755]
B1: -0.00011384036998950538 - -0.0003359589232797829 - -9.594566217598251e-05 - -2.7972037677636262e-05
B2: 0.0001444063026576421 - -0.0003195971767332262 - -0.00029268980526802105 - 0.00023673327404877465
