Number: 7213
Error: 8.98459937344947e-16
A1: [0.08043172155744419, -0.18046777388186627, -0.019588820144568964, 0.11962500860681459] - [0.03741562844136272, 0.13359643458590326, -0.13472613784722592, -0.03628577667663652] - [-0.0017028565033098682, 0.2281900790170583, -0.12282842008081972, -0.10365894770497093] - [0.03886328164293946, -0.11448097147110606, -0.046416394212054124, 0.1220342751374031]
A2: [0.03530735411357483, -0.029273564990695968, -0.07569743452157204, 0.06966331465098943] - [0.10289377221842433, 0.2828967229957426, -0.3926063754106935, 0.006816018567489211] - [-0.011186975049461978, 0.539014716373861, -0.35945089723301443, -0.1683763329099943] - [0.09786281944244045, 0.01746333662122359, -0.16885099144281535, 0.053524899413050775]
B1: -4.3268393910693856e-08 - 3.361836304066245e-08 - 2.567194274665211e-08 - -1.1819309851175856e-08
B2: 1.4882524421033511e-08 - 1.3489586417421093e-08 - -4.1457023176950625e-08 - 2.2437358319165422e-08
