Number: 3040
Error: 2.8196437531468995e-07
A1: [0.06468153797042062, -0.04663030514622468, -0.022208928184225644, 0.009088072580762045] - [0.045023780087745574, 0.19258570166388342, -0.14115984958015781, -0.09101209016638832] - [-0.12218335415106661, 0.4161278578621271, -0.1035828541745721, -0.18579648283365752] - [0.03823085134166401, 0.020395600642143855, -0.031912644425270406, -0.02184063694387886]
A2: [0.06344796210461723, -0.17368155500398472, 0.08633571576797777, 0.023961472271833296] - [0.028832711621881203, 0.19984841320634059, -0.10216558874049046, -0.12832137024011148] - [-0.0932523972461861, 0.5138334550888173, -0.2254485920018853, -0.19494212863417892] - [-0.02688776099957814, 0.017557778141128605, -0.05125820819437902, 0.05604420254794162]
B1: 0.0003763625831971271 - -0.000124349410511118 - 7.948173286355628e-05 - -0.000459228734210962
B2: -0.0003487463742355985 - -0.0004754506799227477 - -0.0005486257880439164 - -0.00034308647366446544
