Number: 6380
Error: 1.1413035643695145e-15
A1: [0.08043170033883137, -0.1804677950980738, -0.019588841337809026, 0.11962498739062696] - [0.03741558648633049, 0.13359639266262469, -0.1347261797186618, -0.036285818608426716] - [-0.0017027974733747147, 0.22819013804572827, -0.12282836113732817, -0.10365888869079773] - [0.03886323337699812, -0.1144810196015911, -0.04641644244723044, 0.12203422690146516]
A2: [0.03530754894495635, -0.029273369620438708, -0.07569724927840106, 0.06966351856319107] - [0.10289375735673052, 0.28289670800791333, -0.39260638978474083, 0.006816003005127644] - [-0.011187071251859195, 0.5390146195976779, -0.35945098829073935, -0.16837643428173862] - [0.09786285943668002, 0.017463376797387152, -0.16885095337091624, 0.05352494139401834]
B1: 2.7465206746502565e-08 - 5.075154294928489e-09 - -4.2339797173566805e-09 - 1.659773981923015e-08
B2: 8.08719874635187e-09 - 1.7220765344752518e-08 - 7.068688616086867e-10 - 5.192361518711076e-09
