Number: 4976
Error: 8.460357137654922e-16
A1: [0.06621322317792858, -0.11395203914049831, -0.02398390881651704, 0.07172290957615417] - [0.03740263238929767, 0.18819338879391376, -0.1474089268608597, -0.0781869902577685] - [-0.0602294265667348, 0.32895074706995403, -0.12775316374015427, -0.1409683759749439] - [0.03904615693538973, -0.05332268815713565, -0.03741859252333615, 0.05169511830464819]
A2: [-0.009108540658468353, -0.3468031482036459, 0.2494551257385712, 0.10645671671945955] - [0.08003984193523145, 0.03628227439116914, -0.050250094588618746, -0.06607194167378336] - [-0.04245277901048205, 0.23083193572829025, -0.04053120219980621, -0.14784779423950598] - [0.0681348003734747, -0.2934678284375227, 0.14177126407777324, 0.08356188466553756]
B1: 4.419112891577814e-08 - 1.7599857980952995e-09 - -1.2144625470942456e-08 - 1.405344369317586e-09
B2: 2.6956497725107037e-08 - 1.100206638930541e-08 - -2.008452647005123e-08 - 5.321510361408116e-09
