Number: 7624
Error: 1.0329357461032665e-15
A1: [0.08043172275204542, -0.18046777268740655, -0.019588818951402995, 0.11962500980127524] - [0.03741563514557217, 0.1335964412850356, -0.13472613115637277, -0.036285769976142405] - [-0.0017027794036845794, 0.22819015611502788, -0.12282834309409747, -0.10365887062592886] - [0.038863269221289756, -0.11448098385789997, -0.046416406625789934, 0.12203426272347083]
A2: [0.03530748147052814, -0.029273437281485192, -0.07569731343214105, 0.06966344794378718] - [0.10289379125443358, 0.28289674219331473, -0.3926063569992973, 0.006816038500954242] - [-0.011186965884150628, 0.5390147255938336, -0.35945088855777196, -0.16837632325225935] - [0.09786291123932801, 0.017463428835660794, -0.16885090405804168, 0.053524995769814135]
B1: 9.481363046334506e-10 - -1.0311472768683757e-08 - -1.9349783252377263e-08 - -1.510880532209511e-08
B2: -5.7386417502661165e-09 - 3.3357168578622185e-09 - 1.142417836829267e-09 - -4.351178946942264e-09
