Number: 9442
Error: 2.917061149826831e-13
A1: [0.053171676647154206, -0.14800214480636578, -0.02699991988579235, 0.12182694805028547] - [0.005314314352460819, 0.13083728940221004, -0.11360014931194246, -0.022549167950462724] - [-0.014447826531658228, 0.2230882696132053, -0.12704452694105897, -0.08160928420093976] - [0.027147814931287356, -0.1000186831181785, -0.04942315059021804, 0.12229947883909342]
A2: [0.08925809048826823, -0.07290974950325826, -0.12362387334012388, 0.10729005708656057] - [0.10884343637798125, 0.2498158890170113, -0.40484361575069544, 0.04619121641187172] - [0.03663151716860098, 0.46255072758770055, -0.37772175729969004, -0.1214777281147025] - [0.14342082608321519, -0.044612209629182505, -0.2015050103054825, 0.10267417208818203]
B1: -7.275712925081322e-08 - -2.0708607456134502e-06 - -3.47842529478903e-07 - -5.318775599549669e-07
B2: -9.343192511449325e-07 - -1.242959910426926e-06 - -3.2601826011628766e-07 - -1.7435291839396416e-06
