Number: 3403
Error: 3.939516675772101e-08
A1: [0.06747281851090232, -0.11272084059814022, -0.022726136377820817, 0.07298093671017587] - [0.03749211052877063, 0.18827861453506595, -0.14732110347158173, -0.07809872756028272] - [-0.06595054960158038, 0.32345125976764916, -0.1333571698905563, -0.14654699863219536] - [0.03717368728100118, -0.055097595381136816, -0.03922911466172135, 0.04989541121557587]
A2: [-0.007595833016138714, -0.3451985090554551, 0.2509787311146354, 0.10804464080424962] - [0.08033146984751502, 0.03659605722323196, -0.04993370394802829, -0.06575426121514746] - [-0.04255320908107947, 0.23072062381292718, -0.0406405099618066, -0.1479615606937103] - [0.06754282698995248, -0.29411818269477424, 0.1411392143311984, 0.08290430996135617]
B1: 0.0004420427020404833 - -0.0008068694498476459 - -0.0004095046091467826 - 0.00011199924031690166
B2: 7.117700300517601e-05 - 0.000204901345618541 - 0.00021985395202621545 - -0.0009554881960062494
