Number: 637
Error: 5.943021548638715e-14
A1: [-0.012152267332801687, -0.014516013065258862, 0.018088528526073625, 0.008584301144255228] - [0.06583557564204516, 0.18949558817621673, -0.1453222185014232, -0.11000818195241469] - [-0.09629278492027289, 0.4217863693354252, -0.05345701953030243, -0.2720353973913096] - [-0.0013213714100251443, -0.01821912096152241, -0.003834973584174446, 0.02337689250326771]
A2: [0.16158638857186305, -0.1677550992448528, 0.00850100835440986, -0.002333393376477568] - [0.035485520976701386, 0.2075165224790017, -0.11721062591691829, -0.12579222769677975] - [-0.08621398867715763, 0.5815376868863669, -0.23538915865505478, -0.25993600113418275] - [-0.00383489791605652, -0.004519221575234351, 0.0011103255548611949, 0.007243459148018155]
B1: -7.092893097464709e-08 - -9.23263558546933e-08 - 3.4894741119102477e-08 - -6.629941837830394e-08
B2: 3.0670105242753e-07 - 4.133013718374205e-07 - -2.500188743482215e-07 - 1.2255766162821145e-07
