Number: 8200
Error: 1.0762004459031015e-15
A1: [0.08043171257331803, -0.18046778286500706, -0.01958882911800856, 0.11962499962367806] - [0.037415576366036124, 0.1335963825500373, -0.13472618981864837, -0.03628582872303204] - [-0.0017028082876829936, 0.22819012723163898, -0.12282837193581073, -0.1036588995022225] - [0.038863250789194094, -0.11448100223827526, -0.04641642504615221, 0.12203424430282277]
A2: [0.03530746340896172, -0.029273455392969737, -0.0756973306048225, 0.06966342904038457] - [0.10289380046886529, 0.2828967514859403, -0.39260634808717787, 0.006816048149749154] - [-0.011187110002600505, 0.5390145806157539, -0.3594510249691505, -0.16837647511476586] - [0.09786269096210484, 0.01746320755647185, -0.1688511137479631, 0.0535247645507307]
B1: 1.86763794605776e-09 - -1.0191285344181311e-08 - 1.0681951477609838e-08 - 5.0290723151990895e-08
B2: 2.0070595758140633e-08 - -7.149540302133301e-10 - 1.263478556206882e-08 - 1.3349075431308712e-08
