Number: 7785
Error: 9.70130341893776e-16
A1: [0.0804317050342579, -0.18046779040318686, -0.01958883664799032, 0.11962499208552056] - [0.037415570042356204, 0.13359637623109102, -0.13472619612985587, -0.03628583504328868] - [-0.0017027906664334857, 0.22819014485252015, -0.12282835434034607, -0.103658881885666] - [0.038863243509598584, -0.11448100949743563, -0.046416432321083376, 0.12203423702776799]
A2: [0.03530740687240045, -0.029273512085930684, -0.07569738435915682, 0.0696633698688289] - [0.10289371483263503, 0.2828966651229355, -0.39260643091348885, 0.0068159584762117085] - [-0.011187192752687519, 0.5390144973721491, -0.3594511032939827, -0.16837656231132778] - [0.09786274060469967, 0.017463257424890802, -0.16885106649130224, 0.0535248166591634]
B1: -6.1889913894779605e-09 - 1.021055713556769e-08 - -2.092862715162679e-08 - -1.3742220891317693e-08
B2: -2.1680519258448542e-08 - 2.629393583228423e-08 - -2.6407870433569053e-08 - -1.545411356300169e-08
