Number: 537
Error: 8.567744514989591e-14
A1: [-0.01215499405155076, -0.014518813684297457, 0.01808551467785671, 0.008581387330379688] - [0.0658363071348676, 0.18949629184123662, -0.1453214622017314, -0.11000736750830241] - [-0.09629294366849327, 0.4217862159112792, -0.053457191786438006, -0.2720355823381864] - [-0.001319619597282998, -0.018217436211224652, -0.0038331088330983715, 0.023378917312143366]
A2: [0.1615865126639715, -0.16775497749022236, 0.008501129946930978, -0.0023332723985354975] - [0.035485870234164364, 0.2075168661244995, -0.11721027812256787, -0.12579188603169875] - [-0.08621385020446543, 0.5815378225193919, -0.2353890239170962, -0.25993586610163405] - [-0.0038346789318207952, -0.004519006234402253, 0.0011105422947018234, 0.007243668652640879]
B1: 2.686184504836466e-07 - 4.297191706385299e-07 - 3.118698711958843e-07 - 1.0751596192831881e-07
B2: 1.824822034831968e-07 - 5.491720125504773e-07 - -6.653039464969652e-07 - 6.363671747745195e-07
