Number: 4112
Error: 5.6119408873453e-16
A1: [0.06621319077060672, -0.11395207082364914, -0.023983941198406775, 0.07172287722322779] - [0.03740264088081364, 0.18819339690695278, -0.14740891851306537, -0.07818698190921691] - [-0.0602293808989597, 0.3289507909313967, -0.12775311905234188, -0.14096833152767713] - [0.03904619797373122, -0.05332264920519152, -0.03741855282022376, 0.05169515768542254]
A2: [-0.009108614486445472, -0.3468032265235427, 0.24945505131333745, 0.10645663931489906] - [0.08003982929568758, 0.036282260774721915, -0.05025010840301661, -0.06607195560544285] - [-0.0424527932943182, 0.23083191996381125, -0.040531217507060124, -0.1478478100368425] - [0.06813475089354647, -0.29346788291701903, 0.14177121043699356, 0.08356182918947841]
B1: 7.0160625355501505e-09 - 1.3225336048937577e-08 - 1.7773432457535684e-08 - 1.6283082454568656e-10
B2: -5.54024270926496e-09 - 4.224765973279535e-09 - 1.6395669902796366e-08 - 1.5750755209134825e-08
