Number: 639
Error: 2.232239147943727e-14
A1: [-0.012153210619253396, -0.014516981917227122, 0.018087485909093003, 0.008583293133143498] - [0.06583558391033463, 0.18949559612996614, -0.1453222099527355, -0.11000817274649902] - [-0.09629190597611965, 0.42178721882016407, -0.05345606577039247, -0.27203437337802844] - [-0.0013217450426719253, -0.01821948029035815, -0.003835371304099481, 0.02337646064635839]
A2: [0.16158661982381223, -0.1677548723481166, 0.008501234943655097, -0.0023331679379757875] - [0.03548555785498361, 0.20751655876464853, -0.11721058919315674, -0.12579219162028885] - [-0.08621380287325422, 0.5815378688806139, -0.23538897786152876, -0.25993581994748494] - [-0.0038346575868934674, -0.0045189852419612, 0.0011105634223225946, 0.00724368907822667]
B1: 4.805830659999704e-08 - 3.3027041855078554e-08 - 1.7453724924950142e-07 - 2.5890380200299632e-09
B2: -4.2004453734291143e-07 - 3.168824662112906e-07 - -9.915750268098335e-08 - -4.4089092334145255e-08
