Number: 577
Error: 1.103416069565657e-14
A1: [-0.012153980099900347, -0.014517772253048948, 0.01808663540037256, 0.0085824708541724] - [0.0658355039941282, 0.18949551925388286, -0.14532229257914805, -0.1100082617251739] - [-0.09629339740397393, 0.4217857773822186, -0.05345768414575431, -0.27203611096390945] - [-0.0013219304097773963, -0.018219658560844388, -0.0038355686205222956, 0.02337624639361043]
A2: [0.1615864661009068, -0.16775502317591393, 0.008501084321869341, -0.002333317796014462] - [0.03548578552508166, 0.20751678277636076, -0.11721036247675831, -0.1257919688999509] - [-0.08621373075198892, 0.5815379395236219, -0.23538890768400533, -0.2599357496184745] - [-0.0038347966516088738, -0.004519121993964538, 0.0011104257836483788, 0.007243556030919579]
B1: -2.334823164470652e-08 - 2.3813681292738592e-07 - -5.87255212381284e-08 - 3.130887303628047e-08
B2: 4.359836478098987e-07 - -2.231927365853836e-08 - -3.6982101821173034e-07 - 1.8592525224180046e-07
