Number: 5611
Error: 7.359523480182425e-08
A1: [0.06638959700136464, -0.11377971656624067, -0.023808281169316, 0.07189832265607903] - [0.037207716443038656, 0.18800729746130648, -0.14760067844529032, -0.07837910539031587] - [-0.06049489781988529, 0.3286950557761534, -0.1280141519192578, -0.14122779837222704] - [0.03896883856908346, -0.0533964293988705, -0.03749389385382916, 0.05162045702708726]
A2: [-0.007902910904891083, -0.345524664952486, 0.250669963949587, 0.10772049496507942] - [0.0799027442323282, 0.03613451226856198, -0.050400053601911854, -0.06622306335438263] - [-0.04322172743120287, 0.22998348429178936, -0.041355392207136715, -0.14869858175892764] - [0.06744216930039484, -0.2942302345334667, 0.14101982837490445, 0.08278469749638229]
B1: 0.0002778063329601301 - 0.0004794637229244415 - -0.0004981156301866912 - -0.0006321222569462334
B2: 2.684668419891253e-05 - -3.968369270660998e-05 - 0.00013119679712874602 - 9.206044275682839e-05
