Number: 4838
Error: 1.0401480349758243e-15
A1: [0.06621312089217195, -0.11395213914054768, -0.02398401102201651, 0.07172280746203882] - [0.037402576877543586, 0.1881933357561767, -0.1474089814331821, -0.07818704483491662] - [-0.060229358075837756, 0.3289508128517621, -0.12775309671897012, -0.1409683093142208] - [0.03904608053640504, -0.053322760672220214, -0.037418666436835474, 0.051695044991303486]
A2: [-0.009108735400732757, -0.34680335479442415, 0.24945492942064212, 0.10645651254307271] - [0.0800398655358264, 0.03628229981574458, -0.05025006879455344, -0.06607191566068517] - [-0.04245279720423629, 0.23083191564858122, -0.04053122169693156, -0.14784781436105096] - [0.06813485689254332, -0.29346776620770076, 0.1417713253497751, 0.0835619480337032]
B1: 3.343942052766961e-08 - 7.366655025701965e-10 - -3.2365215288342315e-09 - 9.539536822720752e-09
B2: 3.1908504611827e-08 - 2.272454066400444e-08 - -1.0344300748703532e-09 - 2.4735351969229744e-10
