Number: 8765
Error: 1.2954526339189514e-09
A1: [0.08046215179475713, -0.18043734443499204, -0.019558423066754198, 0.1196554364322466] - [0.03742302576303775, 0.13360383281275676, -0.1347187516494292, -0.036278381401817] - [-0.001675081250373163, 0.22821785505574385, -0.12280068278971595, -0.10363117917577715] - [0.038919896166029685, -0.114424513367838, -0.04635981142474346, 0.12209085566489045]
A2: [0.03518761471550359, -0.02939364231558879, -0.07581127986611459, 0.06953799820384927] - [0.1027869934209589, 0.2827890318996262, -0.3927096484340355, 0.006704207584010853] - [-0.011339647574449035, 0.5388611288446293, -0.35959540447880006, -0.16853720643007844] - [0.09773695730926533, 0.017336895657891826, -0.16897080262230707, 0.053392788383517104]
B1: 2.715982118641666e-05 - 2.0842624194979586e-05 - 2.7408511210941328e-05 - 2.3305875482174205e-05
B2: -9.750262815397381e-06 - 3.523121292043128e-05 - -3.289717032434814e-05 - -7.409748447251017e-07
