Number: 3039
Error: 1.513718159520091e-07
A1: [0.06464932737576704, -0.046662302539991915, -0.022240772733379714, 0.00905633412745744] - [0.044926926452863725, 0.19249219464281164, -0.1412596114596396, -0.0911185709873758] - [-0.12302053614264948, 0.4152931454370667, -0.10442359053931448, -0.1866346805478308] - [0.038384693026380125, 0.020549804467280726, -0.03175892372076984, -0.02168740287207475]
A2: [0.06322715818852447, -0.17390135085133895, 0.08611540172688827, 0.023743360581701848] - [0.028775236126734327, 0.19979179493384064, -0.10222285518213747, -0.12837761979547413] - [-0.09340579681338597, 0.5136829165718727, -0.22560233216840966, -0.1950907317985543] - [-0.027125564267587995, 0.017321361757991743, -0.05149584863470347, 0.05581262275463399]
B1: 0.0002004657192918376 - -0.0003404708272524298 - -0.00013633060910242772 - -0.0006822763635560777
B2: 0.00016593163019557923 - 8.83571704471086e-05 - -0.000268404443552371 - 0.00018981936457653824
