Number: 2879
Error: 5.85037821182201e-09
A1: [0.06326824345724388, -0.048037789079282925, -0.023608184806710196, 0.007690014433559826] - [0.04362055916891316, 0.19123086397387323, -0.14260687025878463, -0.09255729073936546] - [-0.12323127185272331, 0.41507294009759865, -0.10464557132961469, -0.18686096855127643] - [0.03712222818828091, 0.019284766757020115, -0.0330154192985194, -0.02293589596723243]
A2: [0.06296675414803853, -0.17415845552388345, 0.08584775911352252, 0.023485832199301098] - [0.029292355746346463, 0.20030117865631653, -0.10170785119854887, -0.12787086470066075] - [-0.09308534304092322, 0.5140007802264961, -0.2252809055926539, -0.19478398187256574] - [-0.0254912487956585, 0.018954112521409744, -0.04985089676280864, 0.05740205212673481]
B1: -0.0001921879517076623 - -6.310217360055875e-05 - 0.0002012354913930311 - -7.044003695435847e-05
B2: -1.239586950167631e-05 - 5.79079291672545e-05 - -6.583302949375248e-05 - -4.585442939140443e-05
