Number: 9127
Error: 3.7958380475667525e-06
A1: [0.06939136576826198, -0.13207535029544157, -0.01085164152676151, 0.13767448528288614] - [0.009623033461061345, 0.1351759775262627, -0.10935794390327666, -0.018150143270224597] - [-0.018000417236991997, 0.21980159808702046, -0.13046791101074107, -0.08470259728592236] - [0.036517545289826515, -0.09068283599442956, -0.03991927388508927, 0.13168380964265314]
A2: [0.08272109698713541, -0.07909466085095007, -0.1293654098776387, 0.10093525923634296] - [0.11109197958034833, 0.25208732024764186, -0.4026101193292722, 0.04845815037338302] - [0.02390826076311313, 0.4501289068646374, -0.3898176481638669, -0.13432550755712983] - [0.15298234751767645, -0.035105582772099374, -0.1923532571165105, 0.11228840851536367]
B1: -0.002440436355335746 - 0.002428697186441256 - 0.006376137029373771 - 0.004173566705280756
B2: -0.002804952898546355 - 0.004423800615855759 - 0.006504666666610671 - 0.0011231275021094363
