Number: 320
Error: 2.607372370438389e-09
A1: [-0.01215665679932237, -0.014520534978785155, 0.01808370813227603, 0.008579649882741099] - [0.06580076972406418, 0.1894620999593945, -0.1453582135547644, -0.11004694328689951] - [-0.09668153837770643, 0.421410679177086, -0.05387884123932881, -0.2724883300304566] - [-0.0017372937703044068, -0.018619096214329927, -0.00427769205102224, 0.022896132110155763]
A2: [0.16152073959008154, -0.1678195339710414, 0.008436667351466098, -0.0023974112638766214] - [0.03544295094452158, 0.20747463642507225, -0.11725302403991425, -0.12583387037695812] - [-0.08637773335736651, 0.5813772905346508, -0.23554849295044694, -0.26009568163269275] - [-0.0038910366689401516, -0.004574397318868398, 0.0010548085786737933, 0.0071897949378940135]
B1: -8.436059654896989e-05 - -0.0002869612057405031 - -9.533735763053228e-05 - -5.527874735231459e-05
B2: 8.770754845792645e-05 - -0.0005384023767594247 - -9.059871986274208e-05 - -5.090996168371622e-05
