Number: 796
Error: 1.4215243765721326e-12
A1: [-0.012154948036735128, -0.014518766421217804, 0.018085565534540382, 0.008581436502295014] - [0.0658363669032721, 0.1894963493368373, -0.14532140040564653, -0.11000730096151039] - [-0.09629396093106808, 0.42178523273878016, -0.053458295651608784, -0.2720367674976536] - [-0.0013271263987297839, -0.018224655628964255, -0.0038410995741082897, 0.023370240710657516]
A2: [0.16158596303574418, -0.16775551676725692, 0.008500591395190542, -0.0023338082157706593] - [0.035486511577296175, 0.20751749716172577, -0.11720963946756803, -0.12579125863007334] - [-0.08621347462553255, 0.5815381903939849, -0.23538865846195448, -0.25993549986702924] - [-0.003835283309362579, -0.004519600560989671, 0.00110994410205446, 0.007243090436755469]
B1: 7.01357890365334e-07 - -1.0078003948211591e-06 - 2.8282243075683586e-07 - 8.12110283359227e-08
B2: -1.1374498178207204e-06 - -4.6699684878855976e-07 - -2.855964190403582e-06 - 5.51591374654251e-06
