Number: 6159
Error: 1.0259101665081716e-15
A1: [0.08043160226574811, -0.18046789316004608, -0.01958893929362504, 0.11962488932874721] - [0.037415511416785494, 0.13359631764990013, -0.13472625463862933, -0.03628589363638467] - [-0.0017028528438619837, 0.22819008267642457, -0.12282841642674432, -0.10365894404650693] - [0.03886315868545225, -0.1144810940835192, -0.04641651709118316, 0.12203415225634233]
A2: [0.03530745453240896, -0.029273464294120883, -0.07569733904460249, 0.0696634197501748] - [0.10289380807843392, 0.2828967591601009, -0.39260634072738676, 0.006816056118186861] - [-0.011187092176764613, 0.5390145985479661, -0.3594510080966134, -0.1683764563310639] - [0.09786280214928093, 0.01746331924940521, -0.1688510079047872, 0.05352488126086806]
B1: 9.168076182486255e-09 - 3.303408893806497e-08 - 9.739686199396867e-10 - 3.398106609358083e-09
B2: 2.3278489055141718e-08 - 1.5390787584134e-08 - -2.8432447642713142e-08 - 2.3043066629377837e-08
