Number: 4443
Error: 1.05693663337599e-15
A1: [0.06621308591011765, -0.11395217334088444, -0.023984045976622227, 0.07172277253871315] - [0.037402670963628176, 0.188193425649046, -0.14740888893934348, -0.07818695233289573] - [-0.060229361866424455, 0.3289508092110582, -0.12775310042826896, -0.140968313003716] - [0.03904613682692681, -0.05332270724336702, -0.03741861197766995, 0.051695099008347144]
A2: [-0.009108504534349181, -0.34680310988156016, 0.24945516215503652, 0.10645675459361986] - [0.0800397330258603, 0.0362821570645798, -0.050250213620414604, -0.06607206171623574] - [-0.042452789972613814, 0.23083192362985236, -0.040531213947348564, -0.14784780636308464] - [0.06813484835188488, -0.29346777561118276, 0.1417713160911857, 0.08356193845822589]
B1: -9.599473302055462e-09 - -2.024843648222742e-09 - -5.987436150109668e-09 - 8.55409205281245e-09
B2: -5.3950411016591025e-08 - 3.7257312562097106e-08 - 6.566871453930515e-09 - -9.444120270760807e-09
