Number: 5130
Error: 1.5341957278929966e-15
A1: [0.06621317196157352, -0.11395208921237776, -0.023983959992718656, 0.07172285844571473] - [0.03740258616641867, 0.18819334463109777, -0.14740897230147584, -0.07818703570240755] - [-0.06022902340211474, 0.3289511342877834, -0.1277527692267166, -0.14096798358332635] - [0.03904606360390044, -0.05332277674396291, -0.037418682818540966, 0.05169502874259497]
A2: [-0.009108467289822118, -0.34680307037109925, 0.24945519970080154, 0.10645679364237919] - [0.08003980318033434, 0.0362822326410819, -0.05025013694546325, -0.06607198439028725] - [-0.04245287844976826, 0.23083182598120588, -0.040531308762789556, -0.1478479042152504] - [0.06813472376222524, -0.2934679127896262, 0.1417711810238515, 0.08356179877050635]
B1: 1.804190521131024e-08 - -4.183426874490755e-09 - -4.522714955854395e-09 - -8.307011869918378e-09
B2: -5.2758858416909554e-09 - -1.478323306221226e-09 - 4.292733388088144e-08 - -3.482239090134391e-08
