Number: 149
Error: 7.598441258343036e-05
A1: [-0.002726048625193677, -0.004564046736677126, 0.029171768417731857, 0.019158950389802747] - [0.06577888980228545, 0.1893764867116544, -0.14558125031745092, -0.1102287340519544] - [-0.0819863556374205, 0.43615891506876625, -0.037569888846131175, -0.25490006627816575] - [0.012128068025446897, -0.004844026512207285, 0.011239062074707307, 0.03953414813895626]
A2: [0.16395605343177772, -0.16580792039283324, 0.010837273001678202, -0.00043847742948044106] - [0.029274791371104093, 0.20122221780130609, -0.12377339784715925, -0.13227739179937678] - [-0.07428965562561592, 0.5932856987997281, -0.22381904665774333, -0.24868081846368642] - [0.010395252365573572, 0.009627789595225724, 0.015080266431951964, 0.0205889384656751]
B1: 0.005991064894832342 - 0.05346865660173726 - -0.0007049952758165982 - 0.0012271427003577818
B2: -0.007706170252886585 - 0.08783550927350159 - -0.007732707276040232 - -0.006330967108464617
