Number: 5545
Error: 3.3182828517467536e-10
A1: [0.06623263626325399, -0.11393305942063206, -0.02396451058130221, 0.07174229040512917] - [0.03741744901449714, 0.18820754527480968, -0.14739436081473511, -0.07817242294312854] - [-0.06020665162546555, 0.3289726209450041, -0.12773087729131855, -0.14094620931707713] - [0.039052059963150004, -0.05331708563700816, -0.037412881520441955, 0.05170078311415244]
A2: [-0.009175760754966504, -0.3468744581042692, 0.24938736091266933, 0.10638623995006737] - [0.0800538532875954, 0.036297368645696625, -0.05023478127137417, -0.06605649835404709] - [-0.04244866296924773, 0.23083647847564082, -0.040526792294200635, -0.14784324307496305] - [0.06811141824775872, -0.2934935731494877, 0.1417459148743858, 0.0835356683645936]
B1: 1.1943243961527336e-05 - -1.4259146164483024e-05 - -6.820533890622483e-06 - 3.5010812748965868e-06
B2: 1.818613996775458e-05 - 1.7066511337275713e-05 - 1.3145086439461277e-05 - 8.180170292661374e-06
