Number: 65
Error: 0.000656916539404968
A1: [0.006035662602788759, 0.004940550426779614, 0.039484222472766894, 0.02900566542559304] - [0.10475657879954428, 0.23198158806024122, -0.10914437999339661, -0.08201422294787823] - [-0.10046214815221186, 0.4211200357802386, -0.05758859907516683, -0.2756909493164962] - [0.002439118871218543, -0.009659744117500799, 0.00046934881531782006, 0.02565202158382985]
A2: [0.28703270138399695, -0.045334647966790764, 0.13015829319454805, 0.11887306651500475] - [0.09153923376171094, 0.2600032076434685, -0.06686952126794783, -0.07555796101127381] - [0.06663387819265194, 0.7329464203921424, -0.08697835985281958, -0.11126768255234859] - [0.34285861223718633, 0.3405763372258784, 0.3452784575509062, 0.3394026290192434]
B1: 0.03478037808714298 - 0.412287001022978 - -0.011394816116724165 - -0.039144522970016714
B2: 0.0068194829495673275 - 0.39822670539085897 - 0.0017818872678640892 - 0.008329480859135511
