Number: 5888
Error: 6.007279680834914e-08
A1: [0.0800464052023719, -0.18085351619825293, -0.01997326097574233, 0.11923991565684482] - [0.03637457434994624, 0.13255599168313137, -0.1357647415517082, -0.03732607782465285] - [-0.001932285978539421, 0.22796067664854633, -0.12305719673097648, -0.10388816222815758] - [0.039203265003777195, -0.11414213918684844, -0.04607623155796336, 0.12237423748709522]
A2: [0.03553907495968615, -0.029041325765732887, -0.07547700434853709, 0.06990603661073741] - [0.10339087994260496, 0.28339710366549414, -0.3921261588443295, 0.007336711896211545] - [-0.009370188322467969, 0.540841645038373, -0.35773089598714725, -0.16646096845041294] - [0.09869981948791343, 0.01830379306992243, -0.16805402530625513, 0.05440394149661098]
B1: 0.00014300545944959637 - -0.0003080569387020838 - 0.00022126689351978273 - 0.00016376465655224177
B2: -0.0005584380667573765 - -0.00020496364565706306 - 0.0004440371338688671 - -0.00012123371018623523
