Number: 4107
Error: 9.770216527506995e-16
A1: [0.06621318679394853, -0.11395207471144189, -0.02398394517194414, 0.07172287325324354] - [0.03740264529744445, 0.18819340112674324, -0.14740891417117916, -0.07818697756694644] - [-0.06022933738057213, 0.3289508327284018, -0.12775307646781997, -0.14096828917219814] - [0.039046240974375805, -0.05332260839060659, -0.03741851121854089, 0.05169519894930887]
A2: [-0.009108637891257355, -0.34680325135239365, 0.2494550277191551, 0.10645661477622767] - [0.0800398234987334, 0.03628225452974089, -0.05025011473875832, -0.06607196199498304] - [-0.042452834510747675, 0.23083187447479314, -0.04053126167622066, -0.14784785562066788] - [0.06813476966699096, -0.29346786224663324, 0.14177123078922307, 0.08356185023798522]
B1: 2.842858165632546e-08 - 1.303496372527829e-08 - 9.337716765278683e-09 - 1.4718470791494343e-08
B2: -4.03043132106914e-09 - 1.2360497854508934e-08 - 1.847691068297809e-08 - 3.100813733052016e-08
