Number: 6267
Error: 8.01169054379345e-16
A1: [0.08043165118990757, -0.180467844241428, -0.019588890427964592, 0.11962493824731874] - [0.037415552134174565, 0.13359635833647163, -0.1347262140023707, -0.036285852941551254] - [-0.0017028284828945494, 0.22819010703687234, -0.12282839210144601, -0.10365891969203941] - [0.038863212592861865, -0.11448104032739621, -0.04641646321812418, 0.12203420613024901]
A2: [0.035307483708195066, -0.029273435037638504, -0.07569731130465002, 0.06966345028581512] - [0.10289367623172063, 0.282896626194382, -0.3926064682477709, 0.00681591805535167] - [-0.011187189162259045, 0.5390145009839865, -0.35945109989543117, -0.16837655852812636] - [0.09786275829317126, 0.017463275193806645, -0.16885104965294093, 0.053524835226203014]
B1: 1.595989634530437e-08 - -2.2166837787474345e-08 - -3.404108624329078e-08 - -1.3293383943467473e-08
B2: -2.1905541710049502e-08 - -2.0363896014399844e-08 - -2.2383134925286125e-09 - -1.013661169799168e-08
