Number: 7788
Error: 8.98609252767227e-16
A1: [0.08043169837208158, -0.18046779706460864, -0.019588843302201023, 0.11962498542410498] - [0.03741556296917919, 0.13359636916326723, -0.13472620318893916, -0.03628584211254742] - [-0.0017028020343351697, 0.22819013348486086, -0.1228283656916038, -0.10365889325053403] - [0.03886323899311125, -0.11448101400124806, -0.04641643683469303, 0.12203423251408754]
A2: [0.035307431612465016, -0.02927348727743946, -0.07569736083659113, 0.06966339576196114] - [0.10289371840334924, 0.2828966687239553, -0.39260642745993857, 0.006815962215268398] - [-0.011187148234900808, 0.539014542155459, -0.35945106115687914, -0.16837651540143708] - [0.09786277445004388, 0.017463291424182563, -0.16885103427269088, 0.05352485218571791]
B1: -7.688162963201037e-09 - 1.0482459446554828e-08 - -1.0593433403130025e-08 - -8.930603500349616e-09
B2: -1.1930482246565611e-08 - 1.172905762189915e-08 - -1.8393791962949454e-08 - -7.511415755413751e-09
