Number: 162
Error: 1.3730643706621034e-05
A1: [0.015710097049104928, 0.014233767311749457, 0.04951458428076677, 0.03863929848124486] - [0.06700316743705191, 0.19057984683004595, -0.1442651517514276, -0.10880558843531743] - [-0.07444773942709335, 0.443177913902163, -0.029346717088661378, -0.24621823997383763] - [0.024243165704197475, 0.006514267865986071, 0.024172550073526047, 0.053407975916812504]
A2: [0.18213362993601004, -0.14782690038025312, 0.028731579462717698, 0.017345506657746236] - [0.04641718781602505, 0.21822855735926153, -0.10643054794656384, -0.11524587828396696] - [-0.09053261469490793, 0.577339142363178, -0.23963177320541781, -0.2645126025759117] - [0.0011829371638855547, 0.0005143322277693706, 0.006040091487004952, 0.011850299185050879]
B1: -0.0022390328633844674 - 0.00974523210304122 - 0.007173753806695604 - 0.005300282564007827
B2: 0.004773813032049037 - 0.008522888519824025 - 0.0028967117496734923 - 0.004042361564807081
