Number: 400
Error: 6.233486069740649e-11
A1: [-0.012199150792145915, -0.014564164670276127, 0.018036709592904657, 0.008534202433886019] - [0.0658260426572341, 0.1894864179189205, -0.14533207480650753, -0.11001879609207024] - [-0.09628096875040144, 0.4217977904389285, -0.053444195888836706, -0.2720216307523941] - [-0.0013162632745400916, -0.018214207253385982, -0.00382953400191443, 0.023382796955981982]
A2: [0.16156192348435114, -0.1677791055559409, 0.008477035764903792, -0.0023572441053483963] - [0.03548405120534907, 0.2075150762261419, -0.11721208974590157, -0.12579366582255228] - [-0.08623718827496313, 0.5815149614728478, -0.2354117344580361, -0.25995862636092715] - [-0.0038394453408089027, -0.004523693482540911, 0.001105824742574744, 0.007239108294530516]
B1: -9.700930230934447e-07 - -2.119213357520363e-05 - -2.7365434516653517e-06 - -5.907570779163438e-06
B2: 1.1189878016172045e-05 - -5.541511442571782e-06 - -1.0525786889016996e-05 - -6.300983941736095e-06
