Number: 4596
Error: 8.588724132411048e-16
A1: [0.06621316107283064, -0.1139520998578036, -0.02398397087290599, 0.07172284757525493] - [0.0374025314596302, 0.18819329236242438, -0.1474090260824836, -0.07818708948817314] - [-0.060229437590604444, 0.3289507364821764, -0.12775317452748394, -0.1409683867042426] - [0.03904607155889026, -0.05332276919336669, -0.037418675122342156, 0.051695036376340556]
A2: [-0.009108463878486137, -0.34680306675212674, 0.24945520313978994, 0.10645679721898725] - [0.08003984790321124, 0.036282280820375934, -0.05025008806601379, -0.0660719350957728] - [-0.042452721267297454, 0.2308319994571999, -0.04053114031998651, -0.14784773037772309] - [0.06813468521290313, -0.29346795523416225, 0.14177113923270918, 0.08356175554950611]
B1: -2.3275958108466757e-08 - -1.1015552085790232e-08 - 1.8972238986728962e-08 - -5.1012575439748605e-08
B2: 7.85183682485409e-09 - -2.5695801576520436e-08 - -3.772210736313279e-08 - -6.740652706546255e-09
