Number: 1986
Error: 8.995662720374348e-05
A1: [0.000533686814554301, -0.006994465695108542, 0.01049419520426418, 0.02752821395494714] - [0.09590297504310144, 0.21789203710955588, -0.11638578206340768, -0.07730330853741713] - [-0.13773281190758907, 0.4168637599695979, -0.09767697181927802, -0.2851588020998271] - [-0.06323783007548121, -0.024136109448557253, -0.0702877923504821, -0.0023749048258724145]
A2: [0.14593972374424347, -0.21153817812121228, 0.035945893139419836, 0.08293666178079989] - [0.042034307881048005, 0.21258068422383172, -0.10578153535976562, -0.11284408054222606] - [-0.09346607013706396, 0.5546939976813452, -0.23482649054045113, -0.22677032883585657] - [-0.018308624164798795, -0.017724868277150637, 0.01016264560323328, 0.03316969496857756]
B1: 0.0028311454309919715 - -0.0008604664862175166 - 0.009274062982652815 - 0.00535232268693624
B2: 0.014303642350053757 - 0.0025126628727935394 - 0.017956521903398318 - 0.011067434495003792
