Number: 7545
Error: 1.2291882130996385e-15
A1: [0.08043173408953976, -0.18046776135119633, -0.019588807627464646, 0.11962502113747482] - [0.037415610942169636, 0.13359641709995124, -0.13472615531155105, -0.036285794166138426] - [-0.0017027442116132085, 0.22819019130634874, -0.12282830795355108, -0.10365883544324864] - [0.03886326080317964, -0.11448099225238612, -0.04641641503853655, 0.12203425431059232]
A2: [0.035307369617225345, -0.02927354944415254, -0.07569741978092678, 0.06966333087726877] - [0.10289368545591554, 0.2828966354968854, -0.3926064593262828, 0.006815927714509375] - [-0.011187204475408849, 0.539014485579506, -0.3594511143897862, -0.16837657466397912] - [0.09786272375081062, 0.01746324049433731, -0.1688510825351162, 0.053524798968065855]
B1: 9.534751769394341e-09 - -8.73757565345672e-09 - 1.2727471094028814e-09 - -9.17542151570289e-10
B2: 1.0062032732893674e-08 - -6.978357715302813e-09 - 3.053794819218376e-08 - -5.0482928147349874e-09
