Number: 7021
Error: 1.1466175701902783e-15
A1: [0.08043170729897696, -0.18046778813871628, -0.019588834385983234, 0.11962499434997803] - [0.037415591107867005, 0.1335963972806637, -0.13472617510633228, -0.03628581398945074] - [-0.0017027965138745394, 0.22819013900520463, -0.12282836017923299, -0.10365888773155384] - [0.038863199778188875, -0.11448105310610801, -0.04641647602463082, 0.12203419332353735]
A2: [0.03530744550469981, -0.029273473346796846, -0.07569734762802029, 0.0696634103016863] - [0.10289372329471343, 0.2828966736568119, -0.39260642272907675, 0.006815967337221768] - [-0.011187115234482391, 0.5390145753527028, -0.3594510299212316, -0.16837648062779623] - [0.09786280077072008, 0.017463317864573277, -0.16885100921708734, 0.05352487981382999]
B1: 2.4745251246379747e-09 - -7.299588538249479e-09 - -3.4465968384317574e-09 - 1.5890170105531091e-10
B2: 7.790170486189237e-09 - -5.071835501299525e-09 - 1.7842002775407483e-08 - -2.870095142236581e-08
