Number: 627
Error: 2.24376180310127e-13
A1: [-0.012153801846392748, -0.014517589168955628, 0.018086832424606576, 0.008582661337598017] - [0.0658352516033268, 0.1894952764646444, -0.14532255352912626, -0.11000854273705914] - [-0.09629344379080126, 0.4217857325483845, -0.053457734483549776, -0.27203616500811223] - [-0.0013216598988851393, -0.018219398406540754, -0.0038352806708588797, 0.02337655905778824]
A2: [0.161586986197357, -0.16775451287395018, 0.008501593931191796, -0.0023328107741167536] - [0.035485616055694405, 0.20751661603015245, -0.11721053123626048, -0.12579213468487432] - [-0.08621324490341019, 0.5815384154108646, -0.23538843493653444, -0.2599352758424178] - [-0.0038348266545861166, -0.004519151498405417, 0.0011103960868533603, 0.0072435273262421935]
B1: 1.9295983155774618e-07 - 7.886265198205067e-08 - 1.9530970398327576e-07 - 1.4759137048488825e-08
B2: 4.65722977723995e-07 - 3.339683386382522e-07 - 9.952597629559245e-07 - 4.4147811335579083e-07
