Number: 3812
Error: 9.726868812876681e-16
A1: [0.06621322045952668, -0.11395204179818327, -0.02398391153279302, 0.07172290686231678] - [0.037402678869934376, 0.18819343320296414, -0.14740888116686138, -0.07818694455970586] - [-0.06022943257170507, 0.3289507413026203, -0.12775316961623445, -0.14096838181961496] - [0.03904623341152822, -0.053322615569001794, -0.03741851853535303, 0.05169519169190546]
A2: [-0.00910859550397768, -0.3468032063861141, 0.2494550704494083, 0.10645665921696683] - [0.08003981151896038, 0.036282241624092146, -0.050250127831973815, -0.06607197519937072] - [-0.04245283753917687, 0.23083187113244022, -0.04053126492159564, -0.14784785896997435] - [0.06813475996838682, -0.29346787292521354, 0.1417712202750272, 0.08356183936406512]
B1: 2.729641296666175e-10 - 2.9739477345631158e-08 - -4.643635955937505e-10 - 1.0518222267963598e-08
B2: 3.003815036707393e-08 - 3.355843938033775e-08 - -2.3435649335756855e-08 - 7.722742480692524e-09
