Number: 9912
Error: 1.9485490280767167e-15
A1: [0.05317252065518928, -0.14800130047169358, -0.026999076773278233, 0.12182779248277564] - [0.005313737703752487, 0.1308367121741504, -0.11360072588817843, -0.022549745464125432] - [-0.01444448847279437, 0.22309160892898558, -0.12704119148361706, -0.08160594489940726] - [0.027146607001747106, -0.10001989113251253, -0.049424361183754095, 0.12229826768301634]
A2: [0.08925474858558484, -0.0729130836888833, -0.12362713998835226, 0.10728667389735118] - [0.1088418035697224, 0.24981425589521483, -0.404845216243499, 0.04618955611691801] - [0.03663598562297632, 0.4625551728316918, -0.3777173976777184, -0.1214732132612854] - [0.14342661053347408, -0.04460644664920765, -0.20149936232790838, 0.10268004245814065]
B1: 7.626297263355819e-08 - 5.2313224263820695e-09 - -8.397167403209776e-09 - 7.0991918587936085e-09
B2: -6.727493467068078e-10 - -4.209896107287148e-09 - 5.4077816040511495e-09 - 7.738892708605708e-08
