Number: 3350
Error: 1.6472256591922111e-06
A1: [0.063914019423113, -0.11621354917509227, -0.026310756195302896, 0.06940626035034496] - [0.03542915708309135, 0.18629208357171947, -0.14936461416374014, -0.08014039229926763] - [-0.04880346836689029, 0.3400345905216123, -0.11644628323963412, -0.12975048997971433] - [0.04002677566700973, -0.05240822420808169, -0.0364866531925371, 0.052618260709333835]
A2: [-0.007602010169924996, -0.34520389867110657, 0.251087213650333, 0.10804681116744506] - [0.07976289289917593, 0.03599070105569672, -0.05058959524336827, -0.06638180774577676] - [-0.04450705255192898, 0.22854445954322672, -0.04275847074079207, -0.1501476441334761] - [0.06667274093502672, -0.29508683277594855, 0.1401943925706693, 0.08191022532073262]
B1: -0.0007907902801033614 - 0.0004047664105208789 - -0.0005003558907158965 - -0.0005120859034047766
B2: -0.0003231685982880944 - 0.002291405453780999 - -0.0023193747730348067 - 0.0009542278227469175
