Number: 9749
Error: 1.9632795285336e-15
A1: [0.05317253833257763, -0.1480012827878529, -0.026999059115409663, 0.12182781016865885] - [0.005313764979834396, 0.130836739478787, -0.11360069861634939, -0.022549718149644897] - [-0.014444559794945994, 0.2230915375806497, -0.12704126274933927, -0.0816060162470399] - [0.027146525543218347, -0.10001997259077962, -0.04942444281394469, 0.12229818601758925]
A2: [0.08925486756978578, -0.07291296497994774, -0.123627023685077, 0.10728679434879014] - [0.10884180774012944, 0.2498142600663271, -0.4048452121557043, 0.04618956035749591] - [0.03663574986662735, 0.4625549383021105, -0.3777176276933739, -0.12147345146280941] - [0.14342654592109377, -0.04460651102097894, -0.20149942541636084, 0.10267997688721144]
B1: -5.1237027561533825e-08 - -3.040505972074342e-08 - -1.1646643468054016e-07 - -4.2053404800269683e-08
B2: -3.615480767942718e-08 - -1.5010684445472e-08 - -6.244257491109956e-08 - -1.6912650175583122e-08
