Number: 2771
Error: 2.8606289605155186e-09
A1: [0.06351723599198487, -0.04779003255950369, -0.023361980400875858, 0.007937099827805149] - [0.044059593884746104, 0.1916546944985962, -0.1421548938952904, -0.09207483613938483] - [-0.12329990628859056, 0.4150067234471954, -0.10471220209881102, -0.1869261742343416] - [0.03726195128926563, 0.019426574494957844, -0.032873568039069274, -0.02279424209542406]
A2: [0.06287529225801555, -0.17424871624963437, 0.0857615866336263, 0.02340027592876612] - [0.02926181785518695, 0.20027098061036028, -0.10173822933110935, -0.1279006051974772] - [-0.09357339280444121, 0.5135215948617504, -0.22576969218496848, -0.1952566207581708] - [-0.02568041689216317, 0.018766325255698418, -0.050041369228076685, 0.05721695121435422]
B1: -7.874439576076111e-05 - 0.0001231598161655075 - 0.00010747639609743297 - 1.1662935739314723e-05
B2: -5.045185357053062e-05 - 0.00012560171402617898 - 0.00010780207888636537 - 2.8226523726755517e-05
