Number: 568
Error: 3.4149254456866054e-14
A1: [-0.012153105660337338, -0.014516874113350927, 0.018087601921709724, 0.008583405295139322] - [0.06583550740793949, 0.18949552253786006, -0.14532228904952352, -0.11000825792420935] - [-0.09629302151444415, 0.421786140673494, -0.053457276259817776, -0.27203567303343934] - [-0.0013219241508004745, -0.018219652541206614, -0.003835561957743496, 0.02337625362833978]
A2: [0.1615870235590501, -0.16775447621654624, 0.008501630540354795, -0.0023327743516617723] - [0.035485742297067045, 0.20751674024294436, -0.11721040552377374, -0.12579201118814043] - [-0.08621366696143148, 0.5815380020063641, -0.23538884561358941, -0.2599356874129007] - [-0.003834624478312457, -0.004518952683382296, 0.0011105961934156213, 0.007243720754142423]
B1: 1.5514549660501166e-07 - -2.9574823300474765e-08 - 6.934918545564196e-08 - 1.0676601750673145e-07
B2: -3.083563560838917e-07 - 1.183390949978048e-07 - 4.180048916839988e-08 - -2.527900080249418e-07
