Number: 2063
Error: 0.00029676299181376664
A1: [-0.013614553644620261, -0.03920998116585436, -0.028082361258712385, -0.016382547965630608] - [0.02410227526191214, 0.15294234222058206, -0.18938459604085894, -0.15815571115147795] - [-0.04682657637442489, 0.5011784170481454, 0.0005226413895850907, -0.1563111889600707] - [0.05743366230341394, 0.08604167788382726, 0.028549507459983896, 0.07662862862831032]
A2: [0.025576144539948147, -0.30479169013369295, -0.053896573485839566, -0.025110503173667517] - [0.051430171377024166, 0.21558084452747867, -0.10173302257264051, -0.10617121209053179] - [-0.15257769729475773, 0.4978254191123354, -0.2847453064109622, -0.2829836056025571] - [-0.12033786687473683, -0.11047680253611586, -0.12169903749194608, -0.041833433042017906]
B1: -0.012036596155884356 - 0.040719917982189345 - -0.006388581111571695 - -0.027620567962364714
B2: -0.004357760755628955 - -0.025423039254284498 - -0.00798197642848467 - 0.0028678780831584757
