Number: 7331
Error: 9.815157599824806e-16
A1: [0.08043168891462935, -0.18046780652098332, -0.019588852748349567, 0.11962497596772936] - [0.037415594618398794, 0.1335964007885402, -0.13472617160279232, -0.03628581048086231] - [-0.0017028217759138793, 0.22819011374370576, -0.12282838540428014, -0.10365891298684755] - [0.038863239772668895, -0.11448101322387133, -0.046416436055639686, 0.12203423329315782]
A2: [0.035307464291334106, -0.02927345450820265, -0.07569732976592987, 0.06966342996392429] - [0.10289366908871504, 0.28289661899076696, -0.39260647515642055, 0.006815910575647159] - [-0.011187185590323777, 0.5390145045772228, -0.35945109651460044, -0.16837655476415891] - [0.09786282765816724, 0.017463344874320202, -0.16885098362197293, 0.05352490803688558]
B1: 2.3938027241834803e-08 - -2.7894427536317517e-08 - -2.091543379943966e-08 - -9.244317185085641e-09
B2: -9.387752681264326e-09 - -7.175604399044938e-09 - -1.263222070091107e-08 - -7.22325409117093e-09
