Number: 864
Error: 5.172082529974852e-10
A1: [-0.012114195486381265, -0.014476916577919727, 0.018130603400036187, 0.008624980014527182] - [0.06585246723469432, 0.18951183743756717, -0.1453047535543941, -0.10998937465357199] - [-0.09623682398563493, 0.4218404513356807, -0.05339629711351224, -0.2719702030017913] - [-0.0012612685008062015, -0.018161319284924652, -0.0037709971532319513, 0.023446361061449577]
A2: [0.1616127948141627, -0.1677291872061359, 0.008526882558003959, -0.0023076473204035543] - [0.035492564144729656, 0.20752345223002555, -0.11720361226580164, -0.12578533750735651] - [-0.08620024091789974, 0.5815511508510676, -0.2353757836335967, -0.2599225942768414] - [-0.0038202273843775236, -0.004504794660173727, 0.0011248456983328984, 0.007257495932305139]
B1: 1.9935226323405226e-05 - 7.677346712416645e-06 - 1.7833718739930396e-05 - 8.938462895650426e-06
B2: 2.517316911258511e-05 - 3.377637927517154e-05 - 3.093480525726244e-05 - 3.320246787649461e-05
