Number: 4612
Error: 1.158492906390407e-15
A1: [0.06621311311386102, -0.1139521467450569, -0.023984018794239913, 0.0717227996967673] - [0.03740259740376462, 0.18819335536758022, -0.1474089612543414, -0.07818702465429005] - [-0.060229239774474974, 0.32895092647375507, -0.12775298095624782, -0.14096819417409753] - [0.03904617854659097, -0.053322667644623706, -0.03741857161528485, 0.051695139042961885]
A2: [-0.009108472176113075, -0.34680307555460665, 0.24945519477501385, 0.10645678851938141] - [0.08003987713193647, 0.036282312308073876, -0.05025005612069479, -0.06607190287920134] - [-0.0424526712229858, 0.23083205468914042, -0.0405310866905625, -0.14784767503067106] - [0.06813476421450824, -0.29346786825006427, 0.1417712248779674, 0.08356184412476554]
B1: 1.9571269493406155e-08 - 7.008093952243127e-09 - 3.771465559200662e-08 - -2.012924142489097e-08
B2: -2.3062222299775286e-08 - 3.408896275258751e-09 - 7.367207260915723e-08 - 2.3510677700500606e-08
