Number: 439
Error: 3.418384113724213e-12
A1: [-0.01215795578344458, -0.014521855557339761, 0.01808224128166975, 0.008578222503789317] - [0.06583756199340693, 0.18949749898808865, -0.14532016476002893, -0.11000597037631085] - [-0.09628936747516462, 0.4217896725407105, -0.053453310908187175, -0.27203141570267597] - [-0.0013168093967770818, -0.018214733280118064, -0.003830117162795889, 0.023382165640904007]
A2: [0.16159180813864948, -0.1677497818181781, 0.008506318928265973, -0.0023281097616050755] - [0.03548323645270078, 0.2075142746642542, -0.1172129008511198, -0.12579446254072457] - [-0.08621524960772317, 0.5815364518601761, -0.23539038544929097, -0.25993723063078533] - [-0.003825722716080708, -0.004510198848892718, 0.0011194069853160066, 0.007252237534652707]
B1: 2.886216801039499e-06 - 3.865080374857264e-06 - 7.783565556132746e-07 - 2.043959855001296e-06
B2: 6.212767142646401e-07 - 4.179857613270178e-07 - 1.6267228145373602e-06 - 5.445523691497033e-07
