Number: 1517
Error: 2.6037044872669084e-09
A1: [-0.007438783832067633, -0.015247495650945754, 0.0027355235062214915, 0.01919630186768991] - [0.06645786794122407, 0.1895294774842331, -0.14711644098223864, -0.11027273455165225] - [-0.1130492902127392, 0.44133015853081486, -0.07127302106393585, -0.25860221388657584] - [-0.023637471367248947, 0.015080449296022726, -0.030208252869275077, 0.038628781350905105]
A2: [0.13192902668010148, -0.22429099544046976, 0.023003372907503962, 0.07049598044300763] - [0.032671347745667836, 0.20377384035397345, -0.11486327466972514, -0.12143302026375101] - [-0.09452267830180393, 0.5556381625800955, -0.2351046567865503, -0.2255374725804141] - [-0.020774241854319732, -0.01922348289676226, 0.008170263550657083, 0.032232586932657376]
B1: 2.2432541728635635e-05 - -9.770463188888353e-05 - -4.629455846183777e-07 - -7.858923833633e-05
B2: 5.8021890587989984e-05 - -0.0002139307903966327 - 5.3979483972382575e-05 - 2.5120236978354166e-05
