Number: 1003
Error: 0.001944905116963756
A1: [0.10819944176478435, 0.10633925580415972, 0.14183416538113017, 0.1358551981980453] - [0.05124944572622888, 0.17501715457919423, -0.16112603952426785, -0.12639807408104048] - [0.0008798112218758453, 0.5147268673114891, 0.040312200265244326, -0.16313727464631744] - [0.13275018954623533, 0.11246049506304248, 0.12679283491238158, 0.1725210972582737]
A2: [0.12514139221546397, -0.20547927779742925, -0.02385672920394042, -0.033017855793710894] - [0.02113720700093018, 0.192755641529011, -0.13086822065700685, -0.13896184312729226] - [-0.08682925090586485, 0.5824273785122062, -0.23046608223089995, -0.2563456489719788] - [-0.0007761089935245519, 0.0020020145895067905, 0.007631825834908061, 0.013025722482028379]
B1: -0.04063704076975988 - -0.03295746083406094 - -0.05051439340692698 - -0.037679576910048904
B2: 0.006670434991005114 - 0.011153410354519642 - 0.006356595375819734 - -0.001144374422608183
