Number: 3011
Error: 2.5573422562965618e-08
A1: [0.06381339607083836, -0.04749265377205353, -0.023066717640065817, 0.008230197889591886] - [0.04345870133000988, 0.19107471757956032, -0.14277259437681053, -0.09273352179407858] - [-0.12347817041640005, 0.4148342603492332, -0.10488726767458907, -0.18709845300150296] - [0.03781111472713221, 0.019978701251219387, -0.03232705116646308, -0.02225118902536897]
A2: [0.0638854910665288, -0.17324670287708183, 0.08676917970945656, 0.024394577125249537] - [0.02942640351731926, 0.20043321810164375, -0.10157441118240824, -0.127740236490188] - [-0.09363723396003275, 0.5134576384972528, -0.22583331799789952, -0.19531624506077086] - [-0.02633089689347389, 0.01811375856575985, -0.05069691343891777, 0.05658472496848995]
B1: -0.00025346642357896036 - 1.6904518469226088e-06 - 7.784083473941318e-05 - 0.00021437063272168014
B2: 7.852577615556752e-05 - 0.00025734882313856893 - 0.0001362226421856718 - -0.00011016641732382074
