Number: 710
Error: 1.0930932372445304e-13
A1: [-0.01215427654056884, -0.014518076726830425, 0.018086307743405965, 0.008582154072183807] - [0.0658351166829832, 0.18949514667682402, -0.14532269302491113, -0.11000869295716645] - [-0.09629266245169864, 0.4217864876965793, -0.05345688663872549, -0.2720352547100811] - [-0.001322237756864872, -0.018219954142435078, -0.0038358957833024825, 0.023375891151469756]
A2: [0.1615868847228001, -0.1677546124401906, 0.008501494498125877, -0.002332909698579511] - [0.03548557391993241, 0.20751657457157546, -0.11721057319529869, -0.12579217590452355] - [-0.08621363693204252, 0.5815380314172703, -0.2353888163978585, -0.259935658130601] - [-0.0038349943207207273, -0.004519316379239874, 0.0011102301340702003, 0.007243366913851731]
B1: 7.685456833000994e-08 - 1.072777009665552e-07 - 1.7512481731685396e-07 - 1.3514832261349886e-07
B2: -4.919462271338059e-07 - -2.6145018319787746e-08 - 1.6895180993361256e-07 - -2.5675613803859966e-07
