Number: 2581
Error: 1.609329905310073e-08
A1: [0.06330990763867828, -0.047991218463169345, -0.023564766357197446, 0.007733753596337732] - [0.04369286238467355, 0.191300823418227, -0.1425327188941697, -0.09247872339384229] - [-0.12285015218062667, 0.4154637809296028, -0.10425116977650319, -0.18646620226248392] - [0.03661325225404238, 0.018783388541313194, -0.033518374619862595, -0.023435992306471143]
A2: [0.06395430692516617, -0.17318036232861608, 0.08684151080826441, 0.024465237030428803] - [0.029143924586127086, 0.20015455203990357, -0.1018556120156371, -0.12801633452835098] - [-0.09338158989207855, 0.513708808935354, -0.22558110154672448, -0.19507085175423838] - [-0.026173589938237048, 0.01827795600788484, -0.05054213277340152, 0.056735683165826334]
B1: -1.3448243249610318e-05 - -0.00016153434428352575 - 0.0002851616695665793 - 0.0003524522131432609
B2: 1.5386463537086297e-05 - 0.00028103570701456545 - -0.00013241463223570741 - 9.630602478765183e-05
