Number: 2510
Error: 9.190753194336759e-08
A1: [0.06350101871416847, -0.04780468344162974, -0.02337719026435172, 0.00791917610872426] - [0.04364703167204926, 0.19125502322207918, -0.14258565266964374, -0.09253393690060367] - [-0.12293169908936655, 0.4153747883631976, -0.10433904098822037, -0.18655691817397602] - [0.03718014414115065, 0.019348573297047963, -0.03295479367420759, -0.022877036873283286]
A2: [0.06266556293911735, -0.1744615331720972, 0.08555259433908649, 0.023194282409919217] - [0.028851290721846657, 0.1998688698418246, -0.10214648950331286, -0.12830159573121797] - [-0.09194446957787467, 0.515131860005552, -0.22413828858057586, -0.19367391997886113] - [-0.023906277739014766, 0.020543797158508032, -0.04826994309797621, 0.058947804012015007]
B1: 0.0002516870146078216 - -8.792765960207282e-06 - 0.0005578402316821806 - -5.1450070973942195e-05
B2: 2.56436800441245e-06 - 9.583024680742158e-05 - -0.000290695835112227 - -8.934511339642333e-05
