Number: 5775
Error: 0.00016119271595840286
A1: [0.10700689887325604, -0.15677323060151177, 0.004563640008458026, 0.14447767855658886] - [0.06625241061070994, 0.15630216836874486, -0.11122892899551179, -0.011199009196199986] - [0.023674949908648893, 0.2561694530119051, -0.09666555985052305, -0.07772728166780288] - [0.07658113564970333, -0.07291853631562029, -0.005519283309185715, 0.1618518119673539]
A2: [0.026945884716587563, -0.03922019102254007, -0.07983872333762763, 0.06524575924955067] - [0.10203989388269288, 0.2829497200873225, -0.3958443705335807, 0.0029470985314713795] - [0.023521794848302587, 0.5753530860058709, -0.32648959996539806, -0.13461045062157045] - [0.12121293639521068, 0.041465941450206725, -0.1455736159080684, 0.0771817454701894]
B1: 0.004052961452828194 - -0.01513005193961055 - -0.01475165009769388 - -0.01045515166334531
B2: 0.0006883280387489613 - 0.003898852950729677 - 0.01184933625222686 - -0.00707760072808759
