Number: 1849
Error: 1.1871459189049532e-07
A1: [-0.007876356441740678, -0.015666311974510027, 0.002322127293904898, 0.01873450469101082] - [0.0677253565636567, 0.19075492894485518, -0.1458059565482301, -0.10886166058302132] - [-0.11231949260625636, 0.4420783624318883, -0.07056385971193531, -0.2577966093989182] - [-0.024076116882426894, 0.014687555693674793, -0.03072632262068072, 0.038174830600364425]
A2: [0.1330269497852366, -0.22324689142736642, 0.024085646124488963, 0.07156070228901211] - [0.033295384043275214, 0.204402124996354, -0.11424031736238478, -0.12081395102806408] - [-0.09296787142593585, 0.5571843860025157, -0.2334905929781934, -0.22389636193630158] - [-0.019411714214475254, -0.01791683973714546, 0.009509485200460743, 0.03352211344802336]
B1: -0.0004682886842908902 - 0.00020591049029513713 - -0.0006478925323600551 - -0.0002519670356691362
B2: 0.00019155129251227488 - 0.0006431267483080763 - -0.0009709426345560218 - -0.0006331822153165798
