Number: 8456
Error: 8.767299650797884e-16
A1: [0.080431735035589, -0.1804677604052395, -0.01958880668257115, 0.11962502208341698] - [0.037415565144254925, 0.13359637133669217, -0.13472620101809757, -0.036285839938630805] - [-0.001702803027769596, 0.22819013249144743, -0.12282836668358862, -0.10365889424369752] - [0.03886330403880449, -0.11448094913805262, -0.04641637183044305, 0.12203429751937836]
A2: [0.03530743704555703, -0.029273481829303873, -0.07569735567085621, 0.06966340144826376] - [0.10289379656680948, 0.2828967475507973, -0.3926063518611705, 0.00681604406371264] - [-0.011187043288634443, 0.5390146477276127, -0.3594509618227837, -0.1683764048161021] - [0.097862817772048, 0.0174633349432088, -0.16885099303288684, 0.05352489765963292]
B1: 6.1925178990249375e-09 - -4.72981653731329e-09 - -9.210747973654332e-09 - 4.135782172533749e-09
B2: 9.723432730996899e-09 - -4.9064767530513925e-08 - -7.218339836418548e-09 - 2.012714355625948e-08
