Number: 9974
Error: 9.84661440751082e-16
A1: [0.05317250987611631, -0.14800131125469307, -0.02699908754041742, 0.12182778169856283] - [0.005313734683274962, 0.13083670915053172, -0.11360072890817134, -0.022549748488841448] - [-0.01444457230535899, 0.22309152506575605, -0.12704127524976533, -0.08160602876183283] - [0.027146467344086146, -0.10002003079005105, -0.04942450113609136, 0.12229812767039466]
A2: [0.0892544393890497, -0.07291339217042613, -0.1236274422185474, 0.10728636088822242] - [0.10884168162651817, 0.24981413393050045, -0.40484533577140314, 0.046189432121977875] - [0.03663585111235717, 0.46255503902097905, -0.3777175289130113, -0.12147334916698321] - [0.14342645555840203, -0.044606601047033796, -0.2014995136476826, 0.10267988518385633]
B1: -2.5146254281311732e-08 - 1.306205830105037e-08 - 6.015102407519496e-09 - -1.7305350100993807e-08
B2: -1.8236520777151855e-09 - -8.99402753402897e-09 - 1.7319358328813035e-08 - -2.3687161752696182e-08
