Number: 6060
Error: 5.003678791622486e-14
A1: [0.08043316405277708, -0.18046633155035638, -0.01958737937447768, 0.11962645093696085] - [0.03741722436614731, 0.1335980293017609, -0.13472454510368673, -0.03628418163696162] - [-0.0017024074390368416, 0.22819052807285695, -0.1228279716729899, -0.10365849875967179] - [0.03886449571076689, -0.11447976081017781, -0.046415180917600135, 0.12203548845081896]
A2: [0.03530710618980182, -0.029273813600789664, -0.0756976702418952, 0.06966305517249186] - [0.10289260307759913, 0.28289554393200583, -0.39260750618714685, 0.006814794305863476] - [-0.011189203667227227, 0.5390124744634448, -0.35945300666526386, -0.1683786812835838] - [0.09786126753566404, 0.017461777655340883, -0.16885246875565704, 0.05352327041537935]
B1: 4.434760656698731e-07 - 2.2643410948135186e-07 - -1.3679427853751266e-07 - -1.5641381169840473e-07
B2: -3.7787312618811045e-07 - -5.611619723268587e-07 - 1.5088329736298045e-06 - -4.747823515460752e-09
