Number: 8080
Error: 1.2023481529730829e-15
A1: [0.08043170315618638, -0.18046779228104415, -0.01958883852383027, 0.11962499020765886] - [0.03741558030503379, 0.13359638648600708, -0.13472618588757895, -0.036285824786276885] - [-0.0017028129531976922, 0.22819012256623072, -0.12282837659448172, -0.10365890416648317] - [0.038863243147179115, -0.11448100985883376, -0.04641643268327692, 0.12203423666557317]
A2: [0.03530732850020736, -0.02927359067489599, -0.07569745887457388, 0.06966328784396103] - [0.1028938198052547, 0.2828967709864402, -0.39260632938526435, 0.006816068397761704] - [-0.011187064645233807, 0.5390146262436668, -0.35945098203733844, -0.1683764273202078] - [0.09786285651525706, 0.017463373862651822, -0.16885095615181378, 0.05352493832734826]
B1: -1.0758795167655228e-08 - -1.667207333379521e-08 - 2.7723075380315027e-08 - -1.1716308399805091e-08
B2: 2.5627404804130244e-09 - -1.5098074489840174e-08 - -1.7828457527981762e-09 - -5.574601678008999e-09
