Number: 5024
Error: 1.1012008274366632e-15
A1: [0.06621317491865923, -0.11395208632134116, -0.02398395703790978, 0.07172286139788028] - [0.037402637458018445, 0.1881933936367362, -0.14740892187791527, -0.07818698527438357] - [-0.060229466108957706, 0.32895070909178364, -0.1277532024338631, -0.14096841446054195] - [0.03904622972814191, -0.053322619064912716, -0.037418522098718654, 0.05169518815744529]
A2: [-0.009108695265784953, -0.34680331221748584, 0.24945496988037, 0.10645655462241417] - [0.08003981263886936, 0.03628224283062196, -0.050250126607840936, -0.06607197396488595] - [-0.04245285428362828, 0.23083185265238831, -0.04053128286534681, -0.14784787748854422] - [0.06813474878642094, -0.29346788523696843, 0.14177120815254876, 0.08356182682710012]
B1: -3.43615241719162e-08 - -5.565670826661708e-09 - 5.630003283179545e-09 - -3.442879347126843e-09
B2: 2.2575497587355673e-09 - -2.0395871555575688e-09 - -1.536054015184023e-08 - 1.548978786550487e-08
