Number: 8548
Error: 1.867760377658572e-15
A1: [0.0804316884640771, -0.18046780697145842, -0.01958885319837927, 0.11962497551724292] - [0.037415579595875235, 0.1335963857774513, -0.13472618659515717, -0.03628582549494368] - [-0.0017027542075202103, 0.2281901813106441, -0.12282831793482606, -0.10365884543648335] - [0.038863252855907575, -0.1144810001772704, -0.04641642298071692, 0.12203424636832198]
A2: [0.035307541428779274, -0.029273377157392692, -0.0756972564243583, 0.06966351069630489] - [0.10289377763242562, 0.28289672845572034, -0.39260637017426603, 0.006816024236656652] - [-0.011187104459894032, 0.5390145861915477, -0.3594510197228863, -0.16837646927418656] - [0.09786286185743345, 0.017463379229107068, -0.16885095106634995, 0.05352494393480913]
B1: 2.029036913464383e-08 - -3.071434698190454e-08 - 1.4236983743400476e-08 - -7.581318273968764e-09
B2: 5.941608808829933e-08 - -1.4365494654832392e-08 - 3.022181883383908e-08 - 4.994346053569883e-08
