Number: 2061
Error: 0.0002320252289516289
A1: [-0.036158375664837046, -0.057400872986657164, -0.04566327841624089, -0.03266751560435236] - [0.041606862182985975, 0.16867547386298473, -0.1724449319499802, -0.13990922918111157] - [-0.029024849504561884, 0.5154804540326973, 0.016094151392628632, -0.14208136191734316] - [0.018811242185016723, 0.05267544650767102, -0.0030511550178222505, 0.0459533817539732]
A2: [-0.016545429653262313, -0.3508910306531862, -0.10508965908614835, -0.06814779553418279] - [0.04355392109657304, 0.20810249641487485, -0.10938876483594966, -0.11370187478246811] - [-0.10714997050867174, 0.5453146751641024, -0.23472424881627615, -0.23807933104017942] - [-0.042710868597365385, -0.028755699999523696, -0.03343922263815616, 0.033826842943270555]
B1: 0.016369437124821227 - 0.01775457130313552 - -0.018657182701230676 - -0.03783298498197812
B2: -0.002030196260649651 - 0.01151771651683042 - -0.026046977471983708 - -0.020359527591209972
