Number: 7042
Error: 1.0961514254562452e-15
A1: [0.08043169629279956, -0.18046779914364744, -0.019588845379000786, 0.11962498334505753] - [0.0374155966137123, 0.13359640278234214, -0.13472616961145728, -0.03628580848665524] - [-0.0017028117027716168, 0.22819012381663112, -0.12282837534589158, -0.1036589029163975] - [0.03886323506004323, -0.11448101792326684, -0.04641644076525754, 0.12203422858346405]
A2: [0.03530741683954896, -0.029273502091231446, -0.0756973748824841, 0.0696633803005003] - [0.10289374093456882, 0.28289669144637847, -0.39260640566803784, 0.0068159858087270845] - [-0.011187098755264708, 0.539014591930212, -0.35945101432329113, -0.16837646326307104] - [0.09786279552626514, 0.01746331259626319, -0.16885101420946963, 0.053524874308860264]
B1: -4.784562546275903e-09 - -2.768716293731501e-09 - 1.3032795088953013e-09 - -1.7116482990315566e-09
B2: -1.0467124220085743e-09 - -2.8115816996509005e-09 - 5.74967384901164e-09 - -6.115258346857018e-09
