Number: 8149
Error: 1.1254259580931467e-15
A1: [0.08043166064340526, -0.18046783478903267, -0.01958888098581702, 0.11962494769970931] - [0.037415646182170886, 0.13359645231332287, -0.13472612014164037, -0.03628575894559009] - [-0.0017028124797625174, 0.2281901230396506, -0.12282837612174877, -0.10365890369317958] - [0.03886323045363716, -0.11448102251676001, -0.04641644536874368, 0.12203422397991266]
A2: [0.03530748548972459, -0.029273433251137154, -0.07569730961067214, 0.0696634521502588] - [0.10289376237858869, 0.2828967130723971, -0.392606384927628, 0.006816008263714921] - [-0.011187200287650126, 0.5390144897922042, -0.359451110426075, -0.16837657025110422] - [0.09786266355906298, 0.01746318002877855, -0.16885113983392164, 0.05352473578649127]
B1: 2.5302008723802187e-08 - -1.2736847605441075e-08 - -1.5357890495158634e-09 - 3.6988573382894124e-08
B2: -1.016822411153485e-08 - 4.8401632283673505e-08 - 4.809891112491175e-09 - 8.991435427723101e-09
