Number: 4320
Error: 8.462332107448028e-16
A1: [0.0662133560557143, -0.11395190923212593, -0.023983776043010982, 0.07172304223095356] - [0.03740263399350592, 0.1881933903266027, -0.14740892528380978, -0.07818698868056044] - [-0.0602292681590081, 0.3289508992118761, -0.12775300873171094, -0.14096822180037047] - [0.03904593979301303, -0.05332289426058788, -0.03741880260145075, 0.05169490993233271]
A2: [-0.00910847732800118, -0.34680308101987933, 0.24945518958148774, 0.10645678311799124] - [0.08003994053975484, 0.03628238061644448, -0.05024998681959215, -0.06607183298961845] - [-0.04245272887138643, 0.230831991064924, -0.04053114846889018, -0.14784773878750582] - [0.06813479169596316, -0.293467837991764, 0.14177125467077875, 0.08356187493653167]
B1: -1.3722473333990377e-08 - 3.610555213128637e-08 - 1.512347557933932e-08 - -1.0524249184369663e-08
B2: -1.9689154744934198e-09 - -1.7335963599693446e-08 - 1.2718964506166153e-08 - 4.5929408697877425e-08
