Number: 5805
Error: 7.189530343687765e-06
A1: [0.06710495400517225, -0.19398587591655125, -0.03300545076371561, 0.1062092448146934] - [0.0023515311439855626, 0.0983641454598158, -0.17011422529187373, -0.07159391250628269] - [-0.002338989092242574, 0.22756946647322931, -0.1233815405590412, -0.10425722901943922] - [0.05708396108477604, -0.09629168953948798, -0.02785009382311835, 0.14045285980598418]
A2: [0.039764923165565916, -0.024920185533630616, -0.07124463731169701, 0.07466883172030825] - [0.12210928840529865, 0.3019726513319153, -0.3739583458356409, 0.027272152885078515] - [-0.014403034218957, 0.5360787930401439, -0.3625633201254227, -0.17212205685981763] - [0.09794741245106837, 0.01767041422351337, -0.16874425567877532, 0.05351402085985833]
B1: -0.0058190471021567335 - 0.0025134990319197826 - -0.006660309893710021 - -0.005182418855806055
B2: -0.00361118172057032 - 0.002158363721272572 - -0.008862816277856152 - -0.003988049967621778
