Number: 6094
Error: 4.524629041762212e-15
A1: [0.08043198090641776, -0.18046751456234372, -0.01958856110572936, 0.11962526792611161] - [0.03741595830520547, 0.13359676419997635, -0.1347258086407054, -0.036285446995593953] - [-0.001702387177475011, 0.22819054833284683, -0.12282795144216171, -0.10365847850446806] - [0.03886309950640346, -0.11448115309650864, -0.04641657623252812, 0.1220340931140542]
A2: [0.035307025302372654, -0.029273894711406487, -0.07569774715062455, 0.06966297051423426] - [0.1028939654800747, 0.28289691789762433, -0.3926061884905276, 0.006816220940757399] - [-0.011187388350033885, 0.539014300608107, -0.3594512884307191, -0.16837676841928811] - [0.09786306641976557, 0.017463584721969738, -0.16885075633640886, 0.053525158659015595]
B1: 5.929831581078761e-08 - 1.6509303136418432e-07 - 1.1964669093284675e-07 - 1.0269864336392743e-07
B2: 4.106896574884006e-07 - 5.967993377310065e-07 - -6.848125115603841e-07 - -6.485825926550327e-08
