Number: 5238
Error: 9.626302830901794e-16
A1: [0.06621321274955635, -0.11395204933583103, -0.02398391923672579, 0.071722899165256] - [0.037402577015871026, 0.18819333588838733, -0.14740898129715294, -0.07818704469888547] - [-0.060229419063126656, 0.3289507542765173, -0.12775315639766718, -0.14096836867187215] - [0.039046219689751735, -0.053322628592872366, -0.037418531810490575, 0.05169517852450175]
A2: [-0.009108728603826957, -0.3468033475836722, 0.24945493627240029, 0.10645651966954352] - [0.0800398951979078, 0.036282331770252224, -0.05025003637560318, -0.06607188296650804] - [-0.04245285990707789, 0.2308318464460223, -0.040531288891716775, -0.1478478837077819] - [0.06813470359098557, -0.29346793499893725, 0.14177115915632077, 0.08356177615496017]
B1: -4.2070990105773124e-08 - -6.50795951380062e-08 - 2.9030463913778354e-08 - 3.0243795711630754e-08
B2: -1.4109777384191818e-08 - -2.1661191897209696e-08 - 1.640876740446027e-08 - 1.4458290509725245e-08
