Number: 7903
Error: 8.071842517906758e-16
A1: [0.08043167720023832, -0.18046781823405772, -0.019588864448736646, 0.11962496425467559] - [0.037415666476579644, 0.13359647259232404, -0.1347260998877756, -0.03628573866248389] - [-0.0017028234505703764, 0.2281901120690797, -0.1228283870764847, -0.10365891466105519] - [0.038863244401786706, -0.11448100860775477, -0.04641643142947193, 0.12203423791939715]
A2: [0.03530731883165629, -0.029273600370173267, -0.0756974680672826, 0.06966327772475633] - [0.10289366334043698, 0.28289661319372633, -0.3926064807161003, 0.0068159045564055625] - [-0.011187082791512103, 0.539014607989175, -0.35945099921321877, -0.168376446441532] - [0.09786274086626755, 0.017463257687647307, -0.16885106624231572, 0.05352481693373521]
B1: -1.9210125775538967e-09 - 2.313481267160805e-08 - 2.6206555667084442e-08 - 2.1038585730007654e-08
B2: 4.462170121706349e-09 - 1.9372009116205518e-08 - 1.927781753802926e-08 - 1.0207937332714185e-08
