Number: 3216
Error: 0.016456609034515762
A1: [-0.22903526692216736, -0.3776371410799041, -0.33752094732583743, -0.26477829019388543] - [-0.13007915016962798, 0.03108660225233928, -0.29845941504672757, -0.21424032110965374] - [0.020554183030362827, 0.5516305853594864, 0.053079103474641454, 0.049831144331816096] - [0.07592866530154, 0.07281738437789842, 0.05563508071163942, 0.16038856835829327]
A2: [0.4011762669923878, -0.15543509914636966, 0.2954193977655639, 0.08674300689043116] - [-0.05829148238086812, -0.03641300784508981, -0.24934652846792743, -0.32851105061326386] - [-0.05721212809339995, 0.2567233973360332, -0.3259167679690529, -0.44041287778723825] - [-0.12238647396737434, -0.36511196890716857, -0.29713771699134106, -0.34836193692487194]
B1: -0.3315361924172959 - -0.4996721910580207 - -0.35910625925576883 - -0.33035395716636945
B2: 0.10295411265520149 - -0.16392048960683755 - -0.033561380713515374 - -0.09904269132014193
