Number: 7152
Error: 1.0362732138331893e-15
A1: [0.08043170817509675, -0.18046778726269652, -0.01958883351091251, 0.119624995225997] - [0.037415615658314354, 0.13359642181253095, -0.134726150604802, -0.03628578945260285] - [-0.0017028026715004817, 0.22819013284771586, -0.12282836632783417, -0.1036588938875312] - [0.03886325483395822, -0.11448099820484817, -0.04641642100394707, 0.12203424834508686]
A2: [0.03530739849889078, -0.02927352048261787, -0.07569739232055991, 0.06966336110501772] - [0.10289375404936481, 0.2828967046724815, -0.3926063929835753, 0.006815999541833942] - [-0.011187105501019593, 0.5390145851442221, -0.3594510207082921, -0.16837647037130732] - [0.09786278142188615, 0.017463298427728063, -0.16885102763593018, 0.0535248595038576]
B1: -2.7842446013893132e-09 - -1.3423126410383981e-09 - 7.998781241215684e-09 - 2.5485736010764924e-09
B2: -6.445035929079583e-10 - -2.3275017804127153e-09 - 4.390521558536785e-09 - 3.5786144542985384e-09
