Number: 6635
Error: 7.183660365531393e-16
A1: [0.0804316811454227, -0.18046781428930933, -0.01958886050826839, 0.11962496819941003] - [0.03741559440831462, 0.13359640057861277, -0.13472617181246288, -0.03628581069083155] - [-0.0017028489768018066, 0.22819008654339906, -0.12282841256534636, -0.10365894018047966] - [0.03886324215726618, -0.11448101084596367, -0.046416433672557274, 0.12203423567627594]
A2: [0.03530745795060726, -0.029273460866466705, -0.07569733579462169, 0.0696634233276871] - [0.10289373942672504, 0.28289668992573286, -0.3926064071264043, 0.006815984229786651] - [-0.011187095454478005, 0.5390145952506993, -0.3594510111990336, -0.1683764597848951] - [0.0978628230039966, 0.017463340198982893, -0.1688509880524549, 0.053524903151540994]
B1: -4.065708587041087e-09 - 5.059467304259501e-09 - -4.5561330442747254e-09 - -5.260442826293507e-09
B2: -2.0010702185652037e-09 - 4.3485936948567375e-09 - -2.3313313305850623e-08 - 8.323609255573426e-09
