Number: 4493
Error: 1.4526820382317555e-15
A1: [0.06621318981285555, -0.11395207176002144, -0.023983942155428737, 0.07172287626706492] - [0.03740263174283844, 0.1881933881762359, -0.14740892749638826, -0.07818699089335023] - [-0.060229556834189596, 0.3289506219552432, -0.12775329121221038, -0.14096850276152217] - [0.03904620241990047, -0.05332264498496887, -0.03741854851864557, 0.05169516195209429]
A2: [-0.009108840625175052, -0.3468034664211778, 0.2494548233448639, 0.10645640222091017] - [0.08003983884217433, 0.03628227105904816, -0.05025009796922647, -0.06607194508303775] - [-0.042452738088497775, 0.2308319808923272, -0.040531158346273924, -0.14784774898126699] - [0.06813470735244856, -0.2934679308576068, 0.14177116323420752, 0.08356178037194328]
B1: 6.555342374780193e-08 - -1.0732536252706271e-08 - 2.5953524028662363e-09 - -4.830634392843679e-08
B2: 1.4164942186588738e-08 - 6.271030009394274e-09 - 5.476646847396744e-09 - 5.467872540632344e-09
