Number: 4058
Error: 1.3420194734164282e-15
A1: [0.06621317163682124, -0.11395208952985689, -0.023983960317176665, 0.07172285812155409] - [0.03740264956502414, 0.1881934052041258, -0.14740890997582126, -0.07818697337121717] - [-0.060229437373479716, 0.32895073669074343, -0.1277531743149684, -0.1409683864930725] - [0.03904607336711125, -0.053322767477082665, -0.03741867337295719, 0.051695038111553994]
A2: [-0.009108548949645504, -0.34680315699923037, 0.24945511738040504, 0.10645670802666593] - [0.08003982898998703, 0.03628226044539466, -0.05025010873712993, -0.0660719559423932] - [-0.0424528899062984, 0.23083181333680364, -0.04053132104029178, -0.14784791688607424] - [0.06813478504673687, -0.29346784531285947, 0.1417712474623538, 0.08356186748152773]
B1: -1.116244086607923e-08 - -2.2615820280581175e-09 - -2.147328240069816e-08 - 1.0289307121892659e-08
B2: -3.5358061489423317e-09 - 3.6979997857397e-08 - -2.1085096203010002e-08 - -3.543950979686807e-08
