Number: 2433
Error: 4.886950709151719e-06
A1: [0.06581386608134168, -0.045625598528941755, -0.020965059846339108, 0.010271208062696293] - [0.03847277092964669, 0.1861704700547688, -0.14805556466435787, -0.09829539339593263] - [-0.1226688994861309, 0.4157576595708716, -0.10444731353542445, -0.18655676133143126] - [0.048980030416917675, 0.03143282491313776, -0.02105373091567718, -0.01108744403916138]
A2: [0.06925780665327504, -0.16791140234807386, 0.09238462633706833, 0.029903123349648716] - [0.02292459196036548, 0.1940211563673796, -0.10809817788690673, -0.13416055118656264] - [-0.09822174788714925, 0.5093841138986523, -0.2296003906460562, -0.19932814217757588] - [-0.026442487737837722, 0.01822489571543418, -0.050258504495410736, 0.056743359455730044]
B1: -0.0011304061612427208 - -0.0023424658049209586 - 0.0023276977539181845 - -0.0016671503974128687
B2: -0.0041177060843997125 - -0.007120037824129714 - 0.00023643402823091846 - 0.0032946129455676564
