Number: 2871
Error: 1.9898646516124533e-08
A1: [0.06350490040561148, -0.04780204625598786, -0.023373855004753235, 0.007925107882193697] - [0.04370865492970527, 0.19131591509337972, -0.1425162222867269, -0.09246029596485676] - [-0.12323319618103021, 0.41507106838432417, -0.10464751362190172, -0.18686257098792855] - [0.03701837088243982, 0.019180852831969495, -0.03311897877139278, -0.023038724640493672]
A2: [0.0634305423366374, -0.17369686380757388, 0.08631059935718041, 0.023944351005540668] - [0.029337648599995794, 0.20034579878123113, -0.10166269452172748, -0.12782648856738818] - [-0.09297196180634885, 0.5141118902426821, -0.22516749370077405, -0.19467447675025756] - [-0.026604047370315242, 0.017847436848202412, -0.05096477586772054, 0.05631814621317608]
B1: 0.0001228758430611946 - 0.000184965581824173 - -0.0001918194185078965 - 0.00034228539344784457
B2: 8.231085426655588e-05 - 5.0909340627027584e-05 - 3.285202125597381e-05 - 4.0284262418190065e-05
