Number: 3901
Error: 1.3455356688895715e-15
A1: [0.06621313191480277, -0.11395212836421148, -0.02398400000802667, 0.07172281846619792] - [0.037402551818508864, 0.18819331181397025, -0.14740900606814353, -0.07818706947203471] - [-0.06022940539582502, 0.3289507674035197, -0.1277531430235293, -0.14096835536994382] - [0.039046116010702264, -0.053322727001386364, -0.03741863211670161, 0.05169507903281913]
A2: [-0.009108640549146684, -0.3468032541720242, 0.24945502503977016, 0.10645661198954802] - [0.08003977985160816, 0.03628220750927308, -0.05025016244258979, -0.06607201010388813] - [-0.042452898680948495, 0.23083180365253944, -0.04053133044356326, -0.1478479265905284] - [0.06813477921783832, -0.2934678517307147, 0.14177124114329734, 0.08356186094626139]
B1: -3.677922635170277e-08 - -2.0440523312215244e-08 - -1.9931586002075247e-08 - 2.591680527248619e-08
B2: -1.097188266239252e-08 - -2.137220355755128e-08 - 2.1690632563839655e-08 - -1.822436849284272e-08
