Number: 502
Error: 7.350614604522532e-13
A1: [-0.012153162228715856, -0.014516932222373378, 0.01808753938240772, 0.008583344841208287] - [0.06583584276231978, 0.18949584513371975, -0.14532194232354817, -0.11000788454174393] - [-0.09629289473530296, 0.4217862632089066, -0.05345713868861572, -0.2720355253271016] - [-0.0013214632372815448, -0.018219209261346864, -0.0038350713239882644, 0.023376786371325394]
A2: [0.16158617309074066, -0.16775531066350818, 0.008500797232466887, -0.002333603415783083] - [0.035485513910112454, 0.20751651552744538, -0.11721063295292411, -0.1257922346064499] - [-0.08621283759265234, 0.5815388143656468, -0.23538803861102425, -0.2599348786515414] - [-0.0038349311978123687, -0.0045192543054805795, 0.0011102926148015317, 0.0072434273082157335]
B1: -3.416311031273208e-07 - -4.4835681564050155e-07 - 2.563576060123633e-07 - 1.0725541842695317e-07
B2: 1.2928269878839605e-06 - 1.0574890668015765e-06 - 2.6155098903198073e-07 - 2.5737778234954524e-07
