Number: 2806
Error: 6.799478781243883e-09
A1: [0.06336077195073331, -0.04794565935300342, -0.023516818873046977, 0.00778194559134242] - [0.04365575132365872, 0.19126501050700287, -0.14257056117359015, -0.09251851071328195] - [-0.12362786283187945, 0.4146785999705888, -0.1050429009210164, -0.1872560995650891] - [0.03674739042225054, 0.01891046431345536, -0.03338868062375742, -0.023306776156314105]
A2: [0.06314439669073522, -0.1739813669980416, 0.0860276156083089, 0.02366448484853986] - [0.02967212301113338, 0.200675245297382, -0.1013292562933563, -0.127498928969152] - [-0.09306378408058873, 0.5140216768465777, -0.22525914134965616, -0.19476270647979305] - [-0.025144966314582795, 0.019298798287018165, -0.04950452419970255, 0.057738897523465504]
B1: -0.00011316204814132511 - 0.00029037638822155355 - 6.18960684601972e-05 - -0.00013786016037691648
B2: 6.135199030407593e-05 - 0.00016211531043900323 - 3.0788088222939876e-05 - 2.7322407650879273e-05
