Number: 624
Error: 3.408428714605401e-13
A1: [-0.012154809504538703, -0.01451862413756993, 0.01808571865751774, 0.008581584537570675] - [0.06583518170343493, 0.18949520922390184, -0.1453226257995054, -0.11000862056357996] - [-0.09629370969319573, 0.42178547555855306, -0.053458023019437556, -0.2720364747974153] - [-0.001322574931121068, -0.018220278408672973, -0.0038362546930274326, 0.02337550143307519]
A2: [0.1615868880338593, -0.1677546091888151, 0.008501497747146345, -0.002332906469949227] - [0.03548560000342454, 0.2075166002358163, -0.11721054722129155, -0.1257921503881593] - [-0.08621330287654239, 0.5815383586263533, -0.23538849134612239, -0.2599353323749773] - [-0.0038349224913164924, -0.004519245741765268, 0.0011103012318663403, 0.0072434356362923264]
B1: 2.7496924571370773e-07 - 1.7328169194309736e-07 - 2.495879414071717e-07 - 6.466342096122264e-08
B2: 3.4431021420704294e-07 - 4.274620236615634e-07 - 1.4202733657456565e-06 - 4.938183412118294e-07
