Number: 4397
Error: 8.826246704318641e-16
A1: [0.06621312559829066, -0.11395213453960217, -0.023984006319592684, 0.0717228121602841] - [0.03740266037856126, 0.18819341553572733, -0.14740889934527898, -0.07818696273975154] - [-0.060229384557759405, 0.32895078741728034, -0.12775312263267083, -0.14096833508869727] - [0.03904604132604159, -0.05332279788922294, -0.03741870437159417, 0.05169500736462547]
A2: [-0.009108617659710211, -0.3468032298898316, 0.24945504811437624, 0.10645663598790506] - [0.08003988221392996, 0.036282317782837664, -0.05025005056638465, -0.06607189727768076] - [-0.04245278486820306, 0.23083192926339208, -0.04053120847726535, -0.14784780071780565] - [0.06813468946839633, -0.29346795054870556, 0.14177114384625802, 0.0835617603206231]
B1: -1.8080239115109674e-09 - 1.941339157875477e-08 - 1.136479115484461e-08 - -3.578629386608664e-08
B2: -5.521917086358592e-08 - 5.2088823196975266e-08 - 1.070354069753504e-09 - 9.910984076194607e-09
