Number: 4334
Error: 8.477128652035132e-16
A1: [0.0662132814005065, -0.11395198221904103, -0.02398385063963295, 0.07172296770102247] - [0.03740261286331191, 0.18819337013813486, -0.14740894605641144, -0.07818700945500287] - [-0.0602293357731693, 0.3289508342721976, -0.12775307489493581, -0.14096828760775632] - [0.03904627683501063, -0.053322574352990315, -0.03741847652455223, 0.05169523336158989]
A2: [-0.009108696210145486, -0.34680331321955127, 0.24945496892838004, 0.10645655363203213] - [0.08003983472975493, 0.03628226662878197, -0.05025010246388263, -0.06607194961585103] - [-0.04245286923770354, 0.23083183614802524, -0.0405312988909385, -0.14784789402724072] - [0.0681350189880106, -0.2934675877334199, 0.14177150107719955, 0.08356212977277598]
B1: 9.383497938230161e-08 - -3.0447380828039137e-09 - -4.406214249479631e-08 - 6.877747392254232e-08
B2: 9.758252895945583e-08 - 1.4757400623339026e-08 - 7.203219698632124e-09 - -3.3498015405062936e-08
