Number: 8880
Error: 0.0008156284391491072
A1: [0.09018688853150458, -0.16923330363479888, -0.0092941872368247, 0.13072506609956736] - [0.04916094866732812, 0.1470951094126684, -0.12103390502173011, -0.02333016840155932] - [-0.007009780279462758, 0.22387004410061248, -0.12686542313071147, -0.10820463360833761] - [0.03875693732514163, -0.11285414581784108, -0.04616116781279797, 0.12341764857814486]
A2: [-0.03629001140767838, -0.10105461190614486, -0.14420970444763856, -0.005903703992520164] - [0.08196862331795692, 0.26187546689176017, -0.41195188324508897, -0.01536409472561184] - [-0.003172378875601358, 0.5456711301927228, -0.3522131755396134, -0.15961171140898833] - [0.10763431290760604, 0.027552370822502743, -0.15902739743379418, 0.06382405496515675]
B1: 0.019293651100703132 - 0.014495792405734571 - 0.010447680769577295 - 0.007444620636271649
B2: -0.015149900803473549 - -0.014264504484659143 - -0.0169281776979546 - -0.008234577128100815
