Number: 9328
Error: 1.9067393420134192e-10
A1: [0.05308690482891571, -0.14808694767564942, -0.02708459669760437, 0.12174213455311986] - [0.0053021691771703745, 0.1308251335989499, -0.11361229361430193, -0.022561336943734765] - [-0.014523007473037907, 0.2230130576359019, -0.12711964521651237, -0.08168448704788775] - [0.027091896843357298, -0.10007460053279982, -0.049479186169767014, 0.12224341504465217]
A2: [0.08930761567358957, -0.07286033254279392, -0.12357546885145973, 0.10734019455881579] - [0.10887741324017304, 0.2498498796129114, -0.4048103147549724, 0.04622576868656626] - [0.03662116753503837, 0.46254043173858017, -0.37773185898668005, -0.12148818537349197] - [0.14334510215302373, -0.04468765518645595, -0.2015789555622828, 0.10259732376728455]
B1: -2.2743796876433298e-05 - -1.1352462871416777e-05 - 8.480205843902851e-06 - 2.7500536611154655e-05
B2: 5.2106334295670985e-06 - 2.9640051498816324e-07 - -1.0344162479263025e-05 - 1.2052799499098338e-05
