Number: 3182
Error: 0.0004100795855029535
A1: [0.04391329334678287, -0.06860196242462376, -0.04299474675245604, -0.010915049933795311] - [0.06583446358219404, 0.2122204714420098, -0.12019463532979295, -0.0687398213248247] - [-0.07111942885056043, 0.46625029181485106, -0.05245226191202382, -0.1336947886094877] - [0.16615710239387033, 0.14741702822830363, 0.09593498637905393, 0.10782914721056062]
A2: [0.07180916846731779, -0.16480861337075442, 0.0950377464883155, 0.032281128318737536] - [0.05004631864416824, 0.22139459458373936, -0.0810894237121554, -0.10815613194979734] - [-0.05542186187571053, 0.5533972221780089, -0.18778045158704149, -0.1587477679725632] - [0.02173848623759417, 0.06963738024599121, -0.0027804705166132974, 0.10330250019774298]
B1: -0.01977646315999854 - -0.01095429282002576 - -0.0038229848372765135 - 0.002361803446885722
B2: 0.03795719689305686 - -0.005872918678140767 - 0.01518029570257336 - 0.00251495647070998
