Number: 4818
Error: 1.2229177456262678e-15
A1: [0.06621318044427488, -0.11395208091922802, -0.023983951516650906, 0.07172286691419494] - [0.03740261231190954, 0.18819336961131752, -0.14740894659847942, -0.07818700999713388] - [-0.06022942977025031, 0.3289507439931643, -0.12775316687493762, -0.14096837909285906] - [0.03904636172008184, -0.05332249378308538, -0.03741839440091758, 0.05169531481838605]
A2: [-0.00910862535943914, -0.34680323805799773, 0.24945504035226856, 0.10645662791516143] - [0.08003985719812827, 0.0362822908336604, -0.05025007790717469, -0.06607192485068965] - [-0.0424527236139872, 0.2308319968671865, -0.040531142834825305, -0.1478477329731517] - [0.06813482176624872, -0.29346780488320323, 0.14177128726954746, 0.08356190865074768]
B1: 4.3341033985521773e-08 - 2.144478724712355e-08 - -2.2321143485766746e-08 - -4.198785406837288e-08
B2: -2.187855700994025e-08 - -2.7446291035004308e-08 - -2.9519568244992475e-08 - 6.980633990739055e-08
