Number: 2843
Error: 1.9366293554004318e-08
A1: [0.06298099005971057, -0.04832361750794336, -0.02389276419894941, 0.007405451229435815] - [0.04341038257662623, 0.191028107965421, -0.14282322626362018, -0.09278823691646049] - [-0.1238547063883658, 0.41445243538405907, -0.1052708416556606, -0.18748365242254972] - [0.036426754102494914, 0.0185895664615566, -0.03370875891508207, -0.02362569357334534]
A2: [0.06311920725241725, -0.17400671634269604, 0.08600134141717167, 0.023638846650121628] - [0.029416576785805983, 0.20042344728147996, -0.10158390550418266, -0.12774901699075866] - [-0.0933494980515337, 0.5137411399383947, -0.22554542174628217, -0.1950394033810834] - [-0.026240695937150553, 0.01820876053449784, -0.050600837189341434, 0.056672209588122385]
B1: -2.703413668419389e-05 - 0.000100089650058391 - -4.212367508759661e-05 - 0.00011112433779462309
B2: 0.00013485474042232993 - 5.135757627364949e-06 - 0.00015342531430120152 - 0.00015549784687371562
