Number: 7653
Error: 2.5753805741654285e-16
A1: [0.0804316867865629, -0.1804678086488153, -0.019588854873871266, 0.1196249738399069] - [0.0374156149173426, 0.13359642107211608, -0.13472615134428684, -0.03628579019316039] - [-0.0017028023943191043, 0.22819013312488384, -0.12282836605106386, -0.10365889361042392] - [0.038863236347394484, -0.11448101663953876, -0.04641643947872717, 0.12203422987001357]
A2: [0.03530753419689699, -0.029273384409285487, -0.07569726330053575, 0.06966350312760326] - [0.10289384227467656, 0.2828967936465658, -0.39260630765316373, 0.006816091926571939] - [-0.011187256552115145, 0.5390144331921906, -0.3594511636815771, -0.1683766295389596] - [0.09786274797517938, 0.017463264828892766, -0.16885105947507248, 0.05352482439575435]
B1: 1.9733133738990822e-08 - 6.080128302399283e-08 - 2.2159642638909716e-08 - 3.4505345917409114e-08
B2: 3.161036857547403e-08 - 2.9678703797504584e-08 - 4.624905510230949e-08 - 2.7964828530012008e-08
