Number: 2579
Error: 2.6441410066375173e-08
A1: [0.06344311315421898, -0.04785840671021991, -0.023432780383136266, 0.007865877837507806] - [0.04370601169405356, 0.19131353992818495, -0.1425192055658584, -0.09246431748502117] - [-0.12292855873589838, 0.4153855122579941, -0.10432992643870218, -0.18654464210257912] - [0.036599688189098235, 0.018769823264892762, -0.03353199219159341, -0.023449616538464974]
A2: [0.06420712663425507, -0.17292881841273844, 0.087093631915667, 0.024714884236606605] - [0.029144129120032655, 0.20015475964524138, -0.10185534683184579, -0.1280161248062957] - [-0.09342855676733404, 0.5136626270928718, -0.2256283705030968, -0.19511637154083167] - [-0.02622613220137561, 0.018225562812530273, -0.05059506899013243, 0.0566844825259137]
B1: -7.386532700560343e-05 - -0.0002482963173309542 - 0.0002655481543359516 - 0.0004124324301033962
B2: 0.00019541635793446902 - 0.0003059151641518588 - -0.0001294149003575807 - 0.0002642193938089554
