Number: 5397
Error: 1.2942306857866109e-15
A1: [0.06621314697369031, -0.11395211364180091, -0.0239839849609276, 0.07172283349982377] - [0.037402676393427835, 0.1881934308370387, -0.14740888360130544, -0.0781869469943943] - [-0.06022948390981397, 0.32895069199470217, -0.12775321985272897, -0.14096843178567225] - [0.03904605799130103, -0.053322782071129074, -0.037418688248365306, 0.05169502335683315]
A2: [-0.00910861335756874, -0.34680322532567043, 0.24945505245090274, 0.10645664049865153] - [0.08003979729463634, 0.03628222630055131, -0.050250143377923245, -0.06607199087757809] - [-0.04245295277383172, 0.2308317439529749, -0.04053138841127978, -0.147847986414443] - [0.06813461703509786, -0.2934680303002873, 0.14177106532159248, 0.0835616791103733]
B1: -1.536032828354739e-08 - -8.6992466806692e-08 - 1.780053503660822e-08 - 3.437433921560557e-08
B2: -2.0994345198288325e-08 - 1.7753948637664579e-09 - 5.966875798810643e-08 - -2.914499267779042e-08
