Number: 7454
Error: 1.0428542618555353e-15
A1: [0.08043172759650653, -0.1804677678434926, -0.019588814112733298, 0.11962501464518488] - [0.037415633860761334, 0.13359644000119808, -0.1347261324386247, -0.036285771260241115] - [-0.0017027800159222217, 0.2281901555028055, -0.12282834370543566, -0.10365887123799987] - [0.0388632750743069, -0.1144809780213073, -0.0464164007765021, 0.12203426857285161]
A2: [0.03530736686125543, -0.029273552207746315, -0.0756974224012598, 0.06966332799283931] - [0.10289376255622364, 0.28289671325154303, -0.39260638475584475, 0.006816008449756708] - [-0.011187006830270754, 0.5390146844034946, -0.35945092731422235, -0.1683763663985527] - [0.09786283345614223, 0.017463350698671946, -0.1688509781026677, 0.05352491412286701]
B1: -2.9325123029078395e-08 - 1.0814610301496501e-08 - 2.7006188203210104e-08 - 9.268228294321085e-09
B2: -6.028682299619903e-09 - -5.218364896305309e-09 - -1.9802154169986437e-10 - -4.901526221143088e-09
