Number: 8604
Error: 1.1711409206966247e-15
A1: [0.08043168315644458, -0.18046781227849146, -0.01958885849966803, 0.11962497021021727] - [0.03741555128710149, 0.13359635749010434, -0.134726214847529, -0.03628585378803199] - [-0.0017027790206336905, 0.2281901564980636, -0.12282834271161325, -0.10365887024297131] - [0.038863228412643155, -0.11448102455194048, -0.04641644740841076, 0.12203422194024988]
A2: [0.03530737237267031, -0.029273546681059217, -0.07569741716120006, 0.06966333376120824] - [0.10289368680902738, 0.28289663686152294, -0.3926064580175829, 0.006815929131452584] - [-0.011187142280011214, 0.5390145481458594, -0.35945105552054696, -0.16837650912645402] - [0.09786272252283289, 0.01746323926075159, -0.16885108370420435, 0.05352479767920835]
B1: 2.1334023605678048e-08 - 5.702352165780982e-10 - 1.1472285530827197e-08 - 2.445754122251405e-08
B2: 3.413808568332988e-08 - 1.5743743948100534e-08 - 6.901267691498435e-08 - 3.4497898507927644e-08
