Number: 2562
Error: 1.146393726534208e-08
A1: [0.06374494941393757, -0.04755745045333605, -0.02313363991295871, 0.008165222262266209] - [0.043250454072195216, 0.19087352789086381, -0.14298867066700266, -0.09296580323932527] - [-0.12308522949065681, 0.4152286242114063, -0.10448764626871632, -0.18670194377958563] - [0.03718337335257009, 0.019355073295268515, -0.03294834854912796, -0.022868575686524825]
A2: [0.06413512653313687, -0.17300178055665688, 0.08702141021258174, 0.024643813202788037] - [0.029737522637781726, 0.2007392094987328, -0.10126393488949346, -0.12743531210711403] - [-0.09276585240370418, 0.5143125610875477, -0.22496428486384729, -0.19447473338267438] - [-0.025399411372021074, 0.019047359227036896, -0.04976776593387385, 0.05748880087389365]
B1: 5.799456137179035e-05 - 0.00011621723615366732 - 0.00018599342682966983 - 0.00021188160168989504
B2: 0.0001674348141594753 - 9.393421055466436e-05 - 8.356657233154967e-05 - 0.00010585652373264217
