Number: 8999
Error: 0.0004866384162259785
A1: [0.05220418920481036, -0.17909917814916748, -0.028224860306720726, 0.1124430822243025] - [0.10544682208107123, 0.22977477346540862, -0.016657214356344433, 0.07636306971797327] - [0.02157125953104262, 0.26369590635858414, -0.06907494283614372, -0.04101972107236074] - [0.09988435143483902, -0.0293770805777524, 0.027933188447221095, 0.19540240438353607]
A2: [0.10261083850835853, -0.02283775650417832, -0.0848257840577718, 0.15147838829342442] - [0.11201916658140751, 0.24565932083357342, -0.4131417385757981, 0.03827327557611229] - [0.06886214749921538, 0.5252481441256488, -0.3517014348493691, -0.07122363117068518] - [0.15650915874996324, -0.006370916019896724, -0.1796799102211285, 0.1335200433052765]
B1: 0.008549546271047367 - 0.0271519792224163 - 0.008644733291124322 - 0.013807328783520397
B2: -0.04230666369861741 - -0.0055168365462045284 - 0.041890567057818545 - -0.014184390165942813
