Number: 5499
Error: 7.6853484095367e-13
A1: [0.06621382418145182, -0.11395145156483681, -0.02398330828341839, 0.07172350957300126] - [0.037403806535954806, 0.18819451061233902, -0.1474077725834155, -0.07818583587791027] - [-0.06022858304231179, 0.3289515572287266, -0.12775233831586996, -0.14096755498918473] - [0.039046183271391935, -0.05332266316666933, -0.037418567060722906, 0.051695143560967466]
A2: [-0.00910897742870001, -0.34680361154756223, 0.2494546854332292, 0.10645625878350828] - [0.08004123682801424, 0.03628377708988658, -0.05024857005336936, -0.06607040418966494] - [-0.04245424440401558, 0.23083031843431567, -0.040532772566791754, -0.1478494148956427] - [0.06813332982883086, -0.293469447565584, 0.14176966987297204, 0.08356023592954652]
B1: 5.159981418173556e-07 - 6.737392909930459e-07 - 5.930848886577597e-07 - 6.78822379228925e-07
B2: -1.242608515797824e-07 - -1.2194526276496666e-06 - 1.1640501900715217e-06 - -7.834752440791368e-07
