Number: 6848
Error: 7.092141209755473e-16
A1: [0.08043166334338195, -0.18046783208933348, -0.019588878289024177, 0.11962495039940202] - [0.037415557495968005, 0.13359636369420375, -0.1347262086512618, -0.036285847582731526] - [-0.0017028574854057053, 0.2281900780349744, -0.12282842106149156, -0.10365894868681247] - [0.03886319853777333, -0.11448105434304258, -0.04641647726425685, 0.12203419208389236]
A2: [0.035307419895513496, -0.029273499026816415, -0.0756973719769113, 0.06966338349889525] - [0.10289372867830567, 0.2828966790860909, -0.3926064175221363, 0.006815972974621927] - [-0.011187035665918442, 0.5390146553958668, -0.359450954607857, -0.1683763967836091] - [0.0978628170520575, 0.017463334219968273, -0.16885099371830883, 0.05352489690393374]
B1: -1.9326251901852744e-09 - -2.3714087853452697e-08 - 2.3179168938879555e-08 - 9.388110972921626e-10
B2: 8.559326638991614e-09 - 2.0426082111494224e-09 - -6.521049402753739e-09 - 1.634610724704482e-09
