Number: 3981
Error: 8.735146870895011e-16
A1: [0.0662131721096513, -0.11395208906759384, -0.023983959844716678, 0.07172285859358932] - [0.03740266982639785, 0.18819342456248941, -0.14740889005734573, -0.07818695345097233] - [-0.060229266180551196, 0.3289509011120708, -0.12775300679568946, -0.14096821987481395] - [0.039046070963171496, -0.053322769758810784, -0.037418675698675366, 0.05169503580470579]
A2: [-0.009108582471209582, -0.3468031925603805, 0.24945508358763152, 0.10645667288112654] - [0.08003977549056665, 0.036282202811184126, -0.050250167208959744, -0.06607201491073243] - [-0.04245279267365608, 0.23083192064882904, -0.040531216841908996, -0.1478478093503864] - [0.06813473310892744, -0.2934679024986833, 0.14177119115673972, 0.08356180924959988]
B1: -1.664806927207039e-08 - -3.553864343957996e-08 - -1.512435327857193e-10 - -1.651416893028223e-08
B2: -1.1791549913275856e-08 - -2.7459260710935116e-09 - -4.130601435561028e-08 - -5.3556297838791635e-09
