Number: 5125
Error: 1.3619286002250611e-15
A1: [0.06621317647140214, -0.11395208480332585, -0.023983955486425842, 0.07172286294797857] - [0.03740258928719636, 0.1881933476127901, -0.14740896923351135, -0.07818703263417144] - [-0.06022925526566171, 0.3289509115953256, -0.12775299611490298, -0.1409682092512276] - [0.03904617435929287, -0.05332267161897736, -0.03741857566629118, 0.05169513502481331]
A2: [-0.00910838916785735, -0.3468029874961111, 0.24945527845483983, 0.10645687554883843] - [0.08003980429606652, 0.036282233843043764, -0.05025013572603309, -0.06607198316050271] - [-0.04245293901916503, 0.23083175913327614, -0.040531373671199675, -0.14784797120250284] - [0.06813467711715936, -0.29346796414770965, 0.14177113045625028, 0.0835617464729652]
B1: -1.727517710740316e-08 - -5.5619810687510415e-09 - 4.705601775978391e-09 - -1.2799568587221292e-08
B2: 1.2732158360829038e-08 - 1.717047874193318e-08 - -6.573166155001264e-08 - 1.144564992266293e-08
