Number: 7729
Error: 8.593478108787465e-16
A1: [0.08043164754276601, -0.18046784788816891, -0.019588894070739705, 0.1196249346005949] - [0.037415568047116494, 0.13359637423736068, -0.13472619812112088, -0.03628583703742335] - [-0.0017028601621085237, 0.22819007535832594, -0.12282842373426912, -0.10365895136279425] - [0.03886319588865642, -0.1144810569847374, -0.046416479911680755, 0.12203418943642291]
A2: [0.035307387218229326, -0.029273531794467525, -0.07569740304611464, 0.0696633492986286] - [0.10289366990643031, 0.28289661981543446, -0.3926064743655527, 0.006815911431945971] - [-0.011187140024966794, 0.5390145504143613, -0.35945105338598893, -0.1683765067503531] - [0.09786276538570117, 0.017463282318607623, -0.16885104290136843, 0.05352484267111916]
B1: 1.9321088467486495e-09 - -2.684872367707392e-10 - -4.666979084213488e-09 - -2.353267658334564e-09
B2: -5.010562902107745e-10 - -2.2887177274911227e-09 - 1.584491072716236e-09 - -8.52701857219835e-10
