Number: 798
Error: 3.001566666293798e-12
A1: [-0.012157396367077338, -0.01452128110652904, 0.018082859392313258, 0.0085788201782894] - [0.065836102936161, 0.18949609541189844, -0.145321673324457, -0.11000759486229127] - [-0.09629964376371568, 0.4217797403757297, -0.05346446219935098, -0.2720433882670706] - [-0.0013170535625355525, -0.018214968408567178, -0.0038303773801169356, 0.023381883204269524]
A2: [0.16158704856083114, -0.16775445168336625, 0.008501655034056747, -0.002332749978484579] - [0.03548637569200517, 0.20751736345977925, -0.1172097747837858, -0.12579139156046504] - [-0.08621291771202509, 0.5815387358900691, -0.23538811656557462, -0.25993495679088846] - [-0.0038351903500507775, -0.0045195091468758115, 0.001110036108872243, 0.00724317937532169]
B1: 4.3225590101606577e-07 - -1.0869051230147995e-06 - 4.514908245931625e-07 - -2.9274388635839767e-08
B2: -1.6132026459721103e-06 - 6.645032388097416e-07 - -3.6326356807031098e-06 - 5.5944156919301e-06
