Number: 9760
Error: 1.5978731627789738e-15
A1: [0.05317256651073574, -0.14800125459933663, -0.026999030968314387, 0.12182783836040427] - [0.005313744339920765, 0.1308367188172533, -0.1136007192530872, -0.022549738818644437] - [-0.01444451636215104, 0.22309158102936674, -0.12704121935092622, -0.08160597279873506] - [0.027146482341267746, -0.10002001579266374, -0.04942448610702982, 0.12229814270585519]
A2: [0.0892544538379599, -0.0729133777549994, -0.1236274280951841, 0.10728637551552667] - [0.10884163785956252, 0.24981409015579226, -0.40484537867144305, 0.04618938761861034] - [0.036636216901264965, 0.46255540290660685, -0.3777171720311181, -0.12147297958425893] - [0.1434263856041429, -0.044606670740802566, -0.20149958195195117, 0.1026798141917567]
B1: -1.1611343973085204e-07 - -4.6059167511211415e-09 - 8.724771309838733e-08 - -9.175785107143699e-09
B2: -1.4849089638728515e-08 - 2.4567053675354064e-09 - -8.367092821887094e-09 - -1.2513818506799124e-08
