Number: 3870
Error: 8.435713770432835e-16
A1: [0.06621314371142659, -0.11395211683120507, -0.02398398822066155, 0.07172283024302176] - [0.037402553696245476, 0.18819331360801997, -0.14740900422218534, -0.07818706762591393] - [-0.06022949592822818, 0.32895068045217546, -0.1277532316131844, -0.1409684434831134] - [0.03904614260292192, -0.05332270176106524, -0.03741860638962109, 0.05169510455100126]
A2: [-0.009108570242579368, -0.3468031795877037, 0.24945509591519718, 0.1064566857021776] - [0.08003983301849733, 0.03628226478525869, -0.05025010433418721, -0.06607195150207386] - [-0.04245288468543016, 0.2308318190988699, -0.04053131544540424, -0.1478479111120041] - [0.06813467750738066, -0.2934679637184544, 0.14177113087927803, 0.08356174690993272]
B1: -1.6889371940894656e-08 - -2.8934619358041947e-08 - 1.1618833862338958e-08 - 2.661065383250461e-08
B2: 3.581835848311566e-09 - -6.875312462857075e-09 - -5.981066177271575e-08 - 3.9122029053095205e-08
