Number: 3158
Error: 4.1655113187096245e-05
A1: [0.06700411522338659, -0.044236657526389674, -0.01949789950061632, 0.012092779397965102] - [0.03846382503344303, 0.18626114773461927, -0.14784747107271012, -0.09820246577406187] - [-0.11400345260955823, 0.4244935986469929, -0.0947337902001544, -0.1766249741011358] - [0.05590959814091497, 0.038245307085034354, -0.014021239067050637, -0.0034073084062151084]
A2: [0.03243911188107087, -0.20478032390821357, 0.055420955888448926, -0.007487369488020636] - [0.024263144094924728, 0.19528570607482362, -0.10672961730394062, -0.1328985170059436] - [-0.10969063547391542, 0.49789411563606406, -0.24190222201278325, -0.2105409581333718] - [-0.03991226900800909, 0.005063791057720894, -0.06422185634392358, 0.04391364399296782]
B1: -0.013060753004676191 - 0.00012831271505656713 - 0.005628754936408324 - 0.009528702264576985
B2: -0.003973571129546739 - -0.003491326827965416 - -0.006127953702247068 - -0.004964210058689701
