Number: 3104
Error: 1.969517656622564e-06
A1: [0.06568255953446131, -0.04575932365717599, -0.02135791376894773, 0.010010827811683274] - [0.04258417653131682, 0.1901847244428419, -0.1437092803864969, -0.0937148301858918] - [-0.12138509687821605, 0.41679215270309855, -0.10290430050818256, -0.18507546796670418] - [0.039820128929449576, 0.021830493280867145, -0.030480806711332773, -0.020269303164171453]
A2: [0.057624843995906144, -0.17936042818508605, 0.08050793701207143, 0.018183773585950875] - [0.030570102132045716, 0.20155596017071906, -0.10040613440958432, -0.1266094637015509] - [-0.08516230733150865, 0.5217779199171888, -0.21735696664937199, -0.18708842785540716] - [-0.021363057553651716, 0.023026540445971022, -0.0457670051240159, 0.06134384117779738]
B1: -0.0022323460234528504 - 0.00021882999583359639 - 0.0028201584655357147 - 0.0013802249039835545
B2: -1.757357089976418e-05 - 0.002669363809769079 - 0.0002298137275988901 - 0.00028706969537444513
