Number: 8948
Error: 0.018372374573461116
A1: [0.014694464210865836, -0.25081517438685486, -0.08362228967275465, 0.0596765819054448] - [-0.027813568668516864, 0.07338087032241919, -0.1767222074090643, -0.0787921157080427] - [-0.010024992021414873, 0.21613343520277295, -0.13622806842985125, -0.11388111224773853] - [-0.06346457252010085, -0.22986350176664733, -0.1577440847282865, 0.01325370086228201]
A2: [0.1692284497442454, 0.1171716271097187, 0.039544228010944794, 0.22113513254639583] - [0.1647305910967247, 0.341859522751792, -0.3390351456105169, 0.08749482350308685] - [0.10973905028163752, 0.6378874973176792, -0.23968094183944239, -0.02721153954474071] - [0.2045377106272123, 0.1076274065376561, -0.06326144116115937, 0.18322809578220337]
B1: -0.0589290644879385 - -0.050724850116890305 - -0.043177448465252434 - -0.03831950566319701
B2: 0.13725306728833192 - 0.14604736376285765 - 0.12563191967466064 - 0.16124702682827344
