Number: 947
Error: 2.6281047667111065e-07
A1: [-0.012554392187139427, -0.014929229026185098, 0.017643897192274233, 0.008154353688836831] - [0.06567133199461446, 0.1893375640351722, -0.14549203323257215, -0.11019107613671338] - [-0.09679979713533939, 0.42129605890376526, -0.05400743834497287, -0.27262645639590444] - [-0.0018603826593087272, -0.018737666000115588, -0.004408927972491968, 0.02275372498604811]
A2: [0.16162622571285387, -0.16771581846904648, 0.008540207544257562, -0.0022942456107788996] - [0.035511952457646205, 0.2075425470516211, -0.11718425850465422, -0.12576631451316936] - [-0.08650969539501915, 0.581248196337146, -0.23567675340231226, -0.2602241648444263] - [-0.004312910786442182, -0.004989185607408438, 0.0006372582910897918, 0.006786157388068725]
B1: -0.00033435355838005965 - -0.00026301363177516884 - -0.00021873180085262624 - -1.973450833552833e-05
B2: 0.0003338739233023151 - 0.00045674980582241205 - 0.00016481086003337448 - 0.00020260822662000147
