Number: 736
Error: 2.3332551089900856e-14
A1: [-0.012154051279314196, -0.014517845359908318, 0.018086556725157153, 0.008582394790758695] - [0.06583505417667046, 0.1894950865484326, -0.14532275765087385, -0.11000876255156396] - [-0.09629284214722067, 0.421786314024082, -0.053457081630515144, -0.27203546406366713] - [-0.0013223642782279569, -0.018220075819758624, -0.0038360304615652385, 0.02337574491512925]
A2: [0.16158698276556696, -0.16775451624422932, 0.008501590564312817, -0.0023328141202339997] - [0.03548586533109166, 0.20751686129989216, -0.11721028300490206, -0.12579189082887868] - [-0.08621313709399267, 0.5815385210061992, -0.23538833003766854, -0.2599351707126099] - [-0.003834461412090341, -0.004518792331120582, 0.0011107575843061087, 0.00724387676416391]
B1: -5.581051779616122e-08 - -1.4193750036621183e-07 - 1.618097373022738e-08 - -1.508950392222586e-07
B2: -1.1768885755053952e-07 - -3.1001175582899276e-07 - 3.579973461197401e-07 - -1.809685517706038e-07
