Number: 7682
Error: 8.441741610664515e-16
A1: [0.08043168013948825, -0.18046781529513706, -0.01958886151299331, 0.11962496719359418] - [0.03741558544189385, 0.13359639161897502, -0.13472618076100176, -0.036285819652279734] - [-0.0017028352761467955, 0.22819010024375763, -0.12282839888474491, -0.10365892648347462] - [0.03886322869976926, -0.1144810242657022, -0.04641644712147458, 0.12203422222714409]
A2: [0.035307482855505654, -0.029273435892678015, -0.07569731211532281, 0.06966344939331744] - [0.10289366729264456, 0.28289661717946396, -0.39260647689357464, 0.006815908694932823] - [-0.011187117458655155, 0.5390145731152693, -0.35945103202646206, -0.16837648297146662] - [0.09786277252842338, 0.017463289493819437, -0.1688510361019526, 0.05352485016864482]
B1: -5.0136389219289565e-08 - -4.6364929936498485e-08 - 3.065606813295776e-08 - 4.111779279735581e-09
B2: -1.0144274943947763e-08 - -2.0597117284068543e-08 - -9.716032337457236e-09 - -1.0427445338802529e-08
