Number: 8032
Error: 1.4183482328510218e-15
A1: [0.08043177623109682, -0.1804677192144109, -0.019588765536289215, 0.11962506327422442] - [0.037415489718356655, 0.13359629596789138, -0.13472627629377065, -0.03628591532277716] - [-0.0017027985437563144, 0.2281901369753652, -0.12282836220613634, -0.10365888976088673] - [0.03886330862911897, -0.11448094456066034, -0.0464163672430577, 0.12203430210681607]
A2: [0.0353074528870969, -0.029273465943972718, -0.07569734060890233, 0.06966341802812494] - [0.10289378098329557, 0.2828967318349998, -0.39260636693338874, 0.006816027745544496] - [-0.011187152960699075, 0.539014537401451, -0.3594510656299871, -0.16837652038114295] - [0.09786280600986602, 0.01746332312753533, -0.16885100422975102, 0.053524885313212395]
B1: 1.746688973558484e-08 - -5.019607357559866e-09 - -1.2946989989795323e-08 - -4.042331498202924e-09
B2: 2.0126913425283372e-08 - -4.351558657985423e-08 - -1.7406118010074477e-09 - 1.2092302870028943e-08
