Number: 4670
Error: 1.5168692327939975e-15
A1: [0.06621315988246788, -0.11395210102155442, -0.023983972062332205, 0.07172284638689169] - [0.03740255725371537, 0.18819331700693365, -0.14740900072491706, -0.07818706412835612] - [-0.06022947308840531, 0.3289507023884146, -0.12775320926356773, -0.14096842125351464] - [0.03904621967631265, -0.053322628605831236, -0.03741853182364531, 0.051695178511501426]
A2: [-0.009108567610724651, -0.34680317679573813, 0.2494550985681496, 0.10645668846142019] - [0.08003972681326016, 0.03628215037186373, -0.05025022041036367, -0.06607206856388763] - [-0.042452794707909226, 0.23083191840367157, -0.040531219021807986, -0.14784781160018293] - [0.06813488108877962, -0.2934677395665889, 0.1417713515807747, 0.08356197516217743]
B1: -1.2453263679159881e-08 - -4.127902729082711e-08 - -3.009426302942164e-09 - 2.943033814698097e-08
B2: 1.532400036125194e-08 - 1.6025688997052104e-08 - -5.389814462034516e-08 - 1.4609041177076873e-08
