Number: 2115
Error: 0.0011305645196059955
A1: [-0.007597436587489861, -0.04550049247768409, -0.09552235861248347, 0.019350693829742985] - [0.0852056341097186, 0.21576198902869115, -0.12007124717795288, -0.08052421284176489] - [-0.22494378172690793, 0.3014394160821521, -0.26019476570229444, -0.26445698757762] - [0.13557968928072572, 0.1506655443402807, 0.1285501606244181, 0.08320244704556799]
A2: [0.1599539077397886, -0.20127496555020402, 0.0551876509363489, 0.04189707492557125] - [0.0980469887157585, 0.25096095668572355, -0.05534958677672905, -0.07332275068328062] - [-0.11334440483166952, 0.39648908843127356, -0.31742174764113124, -0.4069851296468404] - [0.07575606884474392, 0.0949282592884523, -0.00033307178446451103, 0.14873248763283342]
B1: -0.041606560011103896 - -0.06633915943029492 - -0.07260200978541376 - -0.03205153666068302
B2: -0.04409060263894933 - -0.015947994507370163 - 0.007668932182658739 - -0.034024846675808434
