Number: 2881
Error: 6.934073092188122e-09
A1: [0.06336468719546812, -0.047941713971440515, -0.023512590637110982, 0.007785671793038792] - [0.04368183756029308, 0.1912900375797195, -0.14254374828176317, -0.09248991981774202] - [-0.1232882376264794, 0.41501615419371773, -0.10470276872359503, -0.18691799628583328] - [0.03705888254493183, 0.019221298558339213, -0.03307873272401996, -0.022998922688812547]
A2: [0.06305380129264002, -0.17407183285190958, 0.0859345518285331, 0.023571761431309447] - [0.029281192505369417, 0.20029018127039633, -0.10171898012025932, -0.12788179948456754] - [-0.09293948449408453, 0.5141439819748673, -0.22513465975535285, -0.19464259119760294] - [-0.02574529316990239, 0.01870139095058182, -0.05010521131488025, 0.05715462223531798]
B1: -0.00020565545288774904 - -0.00010083114541339198 - 0.00011222718244989472 - -1.305867142055331e-05
B2: -4.009529918084501e-05 - 5.329256623601025e-05 - -3.1638476083534274e-05 - -2.2781293937170635e-05
