Number: 1765
Error: 1.647903949139523e-07
A1: [-0.008104946287441208, -0.015938160022960716, 0.0020579811296163046, 0.01849198418401391] - [0.06724096981046446, 0.19028697278613857, -0.1463142898901292, -0.10939890011409344] - [-0.11226758562491976, 0.4420781481744365, -0.0705133916148508, -0.25774118860630374] - [-0.02297615509904012, 0.01572302541418164, -0.02959009641471144, 0.03933824216382456]
A2: [0.12764091705026737, -0.22850257074659233, 0.01879725319809837, 0.06631392349712478] - [0.0332106227067156, 0.20430793532384234, -0.11432665033761633, -0.1209021928464393] - [-0.0956787652293476, 0.5545382350154419, -0.23618209783066382, -0.22660836200580706] - [-0.02601067678415348, -0.024394701542764463, 0.002964491044098771, 0.02719059137201759]
B1: -0.00034936174065138865 - 0.0011473146601923647 - -0.001606096357657549 - 0.00020205112163722023
B2: 1.8552843241927044e-05 - -0.0006875471858734059 - -0.00022424853959549746 - -0.0003378905825502474
