Number: 4609
Error: 8.32004400198416e-16
A1: [0.06621312057939348, -0.11395213944635298, -0.023984011334565736, 0.07172280714977179] - [0.03740258608310081, 0.18819334455145242, -0.14740897238342215, -0.07818703578435629] - [-0.0602292756531759, 0.3289508920142234, -0.1277530160650369, -0.14096822909405882] - [0.03904616411584586, -0.05332268134174979, -0.037418585576552865, 0.05169512519505376]
A2: [-0.009108408306585375, -0.3468030077990848, 0.24945525916131256, 0.10645685548304612] - [0.08003986964386701, 0.036282304241281, -0.050250064304725145, -0.06607191113272343] - [-0.042452713017080264, 0.23083200856264138, -0.04053113147873092, -0.1478477212533044] - [0.06813477593676343, -0.2934678553433649, 0.14177123758601443, 0.08356185726756211]
B1: -2.213193979574368e-08 - 3.784174705043517e-09 - 2.202239090505773e-08 - -1.7256613483818595e-08
B2: -3.1490497340150395e-08 - -1.4717086382704942e-08 - 5.2589820273357826e-08 - 6.640654310114056e-09
