Number: 5317
Error: 9.350864862223189e-16
A1: [0.0662131869964449, -0.11395207451345139, -0.023983944969619534, 0.07172287345536657] - [0.03740263167552815, 0.18819338811204173, -0.14740892756248583, -0.07818699095946378] - [-0.06022936936011349, 0.3289508020134564, -0.12775310776129156, -0.14096832029708217] - [0.03904606203651562, -0.05332277823160587, -0.037418684334877175, 0.051695027238534814]
A2: [-0.00910854590935527, -0.3468031537739074, 0.24945512044490056, 0.1064567112142612] - [0.08003992994450271, 0.03628236920225145, -0.050249998399578076, -0.06607184466807141] - [-0.04245282081972521, 0.23083188958509673, -0.04053124700423611, -0.1478478404788054] - [0.06813480858685056, -0.2934678193943605, 0.14177127298162928, 0.08356189387418594]
B1: -6.212903898530514e-08 - -3.424469939868688e-08 - 2.4029629673534552e-08 - 1.2462039784331997e-08
B2: -8.884239105173109e-09 - -4.764415684271605e-09 - 4.226399932284877e-09 - -4.403943371259404e-08
