Number: 7908
Error: 1.2252117542044718e-15
A1: [0.0804316878613251, -0.18046780757417863, -0.019588853800398216, 0.11962497491454432] - [0.037415703589478086, 0.13359650967713446, -0.13472606284882313, -0.03628570157014258] - [-0.0017028053699015384, 0.2281901301493628, -0.12282836902228947, -0.10365889658521193] - [0.03886326397960657, -0.11448098908487729, -0.04641641186412801, 0.12203425748504897]
A2: [0.035307249607332294, -0.02927366978595725, -0.07569753388497712, 0.0696632052740867] - [0.1028936399740996, 0.28289658962908, -0.3926065033157307, 0.0068158800884577896] - [-0.011187020276873407, 0.539014670876677, -0.35945094004167166, -0.16837638056776547] - [0.09786273844187929, 0.017463255252231417, -0.1688510685501794, 0.05352481438892001]
B1: -2.6752239550796356e-08 - 1.582215403093946e-08 - 4.556330775358693e-08 - 1.9455458561868815e-08
B2: -1.3903554311682303e-09 - 5.002815036337904e-08 - 1.9662827899807e-08 - 1.370933397180237e-08
