Number: 6186
Error: 1.1502099284942726e-15
A1: [0.08043162271884587, -0.18046787270926512, -0.019588918864982614, 0.11962490977950897] - [0.03741552282454192, 0.13359632904902238, -0.13472624325360255, -0.03628588223494777] - [-0.0017028091649331427, 0.22819012635442176, -0.1228283728117694, -0.10365890037923375] - [0.0388632310638364, -0.11448102190825815, -0.046416444758919546, 0.12203422458974349]
A2: [0.03530742281626695, -0.029273496097986938, -0.0756973691998837, 0.06966338655577203] - [0.10289372259192227, 0.2828966729480504, -0.3926064234088013, 0.006815966601276712] - [-0.011187086388142623, 0.5390146043711141, -0.3594510026175556, -0.16837645023138337] - [0.09786278848302848, 0.017463305520988803, -0.16885102091416632, 0.05352486691574342]
B1: -1.37838410491328e-08 - -4.438318207737539e-09 - -8.917382351439554e-09 - -5.484409944729047e-09
B2: -2.5319086469584542e-08 - -3.4223120882655844e-08 - 2.7689363892855425e-08 - 1.5052512805866788e-08
