Number: 220
Error: 1.4937442432584546e-06
A1: [-0.00654369143545518, -0.008784170195480587, 0.02427483896809014, 0.014578300172010025] - [0.0696838837853279, 0.19319236279927032, -0.14134291423434509, -0.10572232010281696] - [-0.09518164195998671, 0.4228929614138689, -0.05223207656025107, -0.2707196680478927] - [-0.005145373967333227, -0.021935762774580297, -0.007929193233553363, 0.01890586019629747]
A2: [0.16177927774306894, -0.1675574453127296, 0.00873359894487613, -0.0021879215725413128] - [0.041573719662516204, 0.2135138528860939, -0.11114278618279955, -0.11983907955210772] - [-0.08596266516282758, 0.581773200849234, -0.23514568395385194, -0.25973162430195434] - [-0.0034404880686371795, -0.004126759055425313, 0.0015121090233145482, 0.007610114474077551]
B1: 8.041762404600313e-05 - -0.001790587500068288 - -0.0003410141576053661 - -0.000109591804607174
B2: -0.0035399467691458854 - -0.0006465842809670301 - 0.0021449875587304284 - -0.0006297554858961496
