Number: 4981
Error: 9.676544382057949e-16
A1: [0.06621328360057689, -0.11395198006807833, -0.023983848441285354, 0.07172296989739975] - [0.03740264371592483, 0.18819339961574144, -0.14740891572591508, -0.07818697912183906] - [-0.060229418586540094, 0.3289507547344983, -0.127753155931203, -0.14096836820799208] - [0.039046226769772506, -0.05332262187290502, -0.037418524960859886, 0.05169518531854309]
A2: [-0.00910849368565513, -0.3468030983729338, 0.24945517309142962, 0.10645676596781264] - [0.08003984341905594, 0.036282275989671896, -0.05025009296688449, -0.06607194003827875] - [-0.04245279305932375, 0.23083192022315718, -0.04053121725507211, -0.14784780977695322] - [0.06813479798713035, -0.29346783106498514, 0.14177126149075145, 0.08356188199001312]
B1: 3.142600670929671e-08 - -8.229210478171243e-09 - -1.8152876148373204e-08 - -6.6193842314655986e-09
B2: 4.1962391495264854e-08 - 2.7242860494525654e-08 - -4.3943324114173585e-08 - -1.1884023568789271e-08
