Number: 6864
Error: 9.686747427362194e-16
A1: [0.0804316558046667, -0.18046783962719487, -0.019588885818725255, 0.1196249428615478] - [0.03741555962158177, 0.13359636581820863, -0.1347262065298833, -0.03628584545829522] - [-0.001702848544897396, 0.22819008697529192, -0.12282841213407363, -0.10365893974869025] - [0.038863201556443905, -0.11448105133284357, -0.04641647424750981, 0.1220341951006868]
A2: [0.03530740170990532, -0.029273517262723408, -0.07569738926755436, 0.06966336446568273] - [0.1028938069060658, 0.28289675797777836, -0.3926063418612707, 0.006816054890521072] - [-0.011187119574178396, 0.5390145709871295, -0.3594510340288444, -0.1683764852006795] - [0.09786281173587667, 0.017463328879605968, -0.16885099877896856, 0.053524891323674204]
B1: 1.7807288515822228e-08 - -2.8059411557200913e-08 - 4.740617574638585e-09 - 9.346786098217127e-10
B2: 1.286712913144186e-09 - 2.2740261672814394e-09 - -3.0813188386602103e-09 - 2.126234100383099e-09
