Number: 7706
Error: 1.246167828383718e-15
A1: [0.08043167702229848, -0.1804678184119744, -0.019588864626456117, 0.11962496407675989] - [0.037415584839717395, 0.13359639101725257, -0.13472618136197925, -0.03628582025412418] - [-0.0017028273889591287, 0.228190108130777, -0.12282839100910503, -0.10365891859839192] - [0.03886322177097827, -0.11448103117504954, -0.046416454045851215, 0.12203421530265843]
A2: [0.0353073641855898, -0.029273554890810245, -0.07569742494527809, 0.06966332519249778] - [0.10289361875292988, 0.2828965682277952, -0.3926065238405742, 0.006815857866793371] - [-0.011187161752436007, 0.5390145285573001, -0.35945107395153253, -0.1683765296453222] - [0.09786276590388696, 0.017463282839150933, -0.16885104240808832, 0.05352484321504481]
B1: 2.9308036832673017e-08 - -2.468330374112615e-08 - -4.0695285146653256e-08 - -1.63803176435858e-08
B2: -8.752624581948962e-09 - 5.023551262730806e-09 - -8.441592333522296e-09 - -7.052550709095109e-09
