Number: 1057
Error: 7.204118192036795e-05
A1: [0.01763777682052693, 0.00943120007013057, 0.030988359380810213, 0.04336532921519019] - [0.07955626537078093, 0.202000758129148, -0.1339872361534537, -0.09579295624575078] - [-0.15746778534153266, 0.39236026019640197, -0.13066017820621428, -0.3138603658082467] - [0.040776121965233156, 0.07986553867794033, 0.04948892516038554, 0.10901448944161672]
A2: [0.1635339909449598, -0.19131690347184158, 0.04968860408824922, 0.10239012819036676] - [0.022878256252430566, 0.19430100223434216, -0.12408390392884613, -0.13155464150967447] - [-0.16538775423473204, 0.4882598224578745, -0.29390668878220005, -0.3048142373299939] - [-0.013962193901107008, -0.013090786669623999, 0.015539651428034963, 0.03766229302696928]
B1: -0.002518121923405681 - 0.0061474533334814185 - -0.005743101563611257 - -0.007253660522338565
B2: 0.01036344202637372 - -0.0023186340508617558 - -0.0003351345532252607 - 0.005392320966114552
