Number: 9946
Error: 1.1048101473299895e-15
A1: [0.05317248834807729, -0.14800133279064892, -0.026999109044734848, 0.12182776016013508] - [0.005313718050272556, 0.1308366925000857, -0.1136007455386554, -0.022549765145298894] - [-0.014444588020127314, 0.22309150934522332, -0.12704129095210898, -0.08160604448222714] - [0.02714652283767388, -0.10001997529655032, -0.04942444552544525, 0.12229818330500762]
A2: [0.0892545760465023, -0.07291325582898711, -0.12362730864005174, 0.10728649923067844] - [0.10884175979406391, 0.2498142121118344, -0.40484525915210035, 0.046189511604708494] - [0.036635883638041676, 0.4625550713774188, -0.377717497179317, -0.12147331630397176] - [0.143426458163628, -0.044606598451521325, -0.20149951110388728, 0.10267988782770118]
B1: 2.3275553516720104e-08 - 8.679219299425134e-09 - 3.2749340086922993e-09 - 8.175452937586024e-09
B2: -3.550071694982161e-09 - -1.1708729487643984e-09 - 1.1305861080900071e-08 - 3.180323603033696e-08
