Number: 5690
Error: 0.017103616525911927
A1: [0.015229914952668566, -0.16190038070186463, -0.07415496815318555, 0.023096991046606286] - [0.041611216580572645, 0.19757812844521846, -0.1406306788662755, -0.06992768344509379] - [-0.21804860820643218, 0.15197558571204836, -0.3004509476560229, -0.3301921634062809] - [0.04894184416977417, -0.03070900682040972, -0.020026223693479155, 0.07929521701092031]
A2: [0.07116078544074586, -0.2598667983681916, 0.31493138708503743, 0.20503314936263872] - [0.15258632031747135, 0.11790313765797598, 0.029241960295141284, 0.015015783648292636] - [0.07075081431692379, 0.3592049398534297, 0.07671462437161594, -0.017826136183933562] - [0.21469769611670278, -0.12814120661787368, 0.30707028051397156, 0.24247439161523818]
B1: 0.06304585954108163 - 0.03431759358727049 - 0.05307343762780245 - 0.04910069724488211
B2: -0.06726700306998089 - -0.019141943792667857 - -0.034509055888731086 - -0.10608979754242594
