Number: 1253
Error: 2.7108392084016546e-08
A1: [-0.008113536457211891, -0.015928173576628804, 0.002036156115697684, 0.018503226291041834] - [0.06710769200609004, 0.1901548907779483, -0.14644502319543054, -0.10954971089277851] - [-0.11388198697151843, 0.4405147552611282, -0.07213786176316594, -0.2595047821726768] - [-0.02504701290495841, 0.013695779307502716, -0.03164485177932651, 0.03713924712630386]
A2: [0.13228651044015094, -0.2239389644969222, 0.023355674515555726, 0.07084530491710694] - [0.032622895227597565, 0.2037261509284836, -0.11491147795233071, -0.12148007980723456] - [-0.09395495961726734, 0.5562004784805137, -0.23454655962385335, -0.22497821584992192] - [-0.02093307141103229, -0.01938106273449752, 0.00801404351595768, 0.03208058594896493]
B1: -2.3936017246456775e-05 - -0.0005835863211786344 - 0.00023514902614235137 - 0.00013617170298306906
B2: 8.713155000424622e-05 - -0.00023412324364317777 - 5.1528003527899624e-05 - 9.702743656948444e-05
