Number: 2865
Error: 1.7486030047405812e-08
A1: [0.06338577483488646, -0.04792063305311708, -0.023491826782236457, 0.0078070530178477255] - [0.04363066131125778, 0.19124061084929206, -0.1425965353976883, -0.09254601808864266] - [-0.12373577120422656, 0.4145701850557645, -0.10515207469502227, -0.18736512247197257] - [0.036209673773219375, 0.01837099356625496, -0.03392650263516301, -0.02384215429768955]
A2: [0.063510111077818, -0.17361773351146076, 0.0863899840118461, 0.02402292249020307] - [0.029263332329859656, 0.20027256611794106, -0.10173670326771382, -0.12789911438004412] - [-0.09321098512016619, 0.5138772259484684, -0.2254069699913017, -0.19490586300670196] - [-0.02504005401392815, 0.019403020603906893, -0.04939970998629424, 0.05784051519555403]
B1: -0.00016138938400651475 - 0.0003132176998168411 - 0.00016234142244176075 - -0.00025986485170948945
B2: 5.9857521540308864e-05 - 7.927085543585379e-06 - -5.407512111786667e-05 - -0.00016169559350755246
