Number: 4172
Error: 1.0221472485279656e-15
A1: [0.06621318861298194, -0.11395207293305872, -0.023983943354339884, 0.07172287506922354] - [0.037402616510946694, 0.18819337362320118, -0.1474089424705106, -0.07818700586878265] - [-0.06022942541006439, 0.3289507481809417, -0.12775316260827893, -0.14096837484934394] - [0.03904610886372889, -0.053322733785033966, -0.03741863903116353, 0.05169507217449358]
A2: [-0.009108391575368125, -0.34680299004972076, 0.24945527602800166, 0.1064568730250065] - [0.0800398221213144, 0.036282253045867165, -0.05025011624419789, -0.06607196351320402] - [-0.04245287104600082, 0.23083183415222827, -0.04053130082882693, -0.14784789602726223] - [0.06813479747381451, -0.2934678316301053, 0.14177126093449935, 0.08356188141457503]
B1: -6.770900910848876e-09 - -3.415760184601083e-09 - -2.224518300480753e-08 - 7.630513068488015e-09
B2: -6.101532557081807e-10 - 8.269845980869901e-09 - -2.514631887418735e-09 - -2.5987443573636158e-08
