Number: 5114
Error: 1.368502987420688e-15
A1: [0.06621312259942429, -0.11395213747146189, -0.023984009316124245, 0.07172280916641463] - [0.03740260877767447, 0.18819336623462543, -0.14740895007287505, -0.07818701347184029] - [-0.06022919166518346, 0.3289509726801113, -0.1277529338792648, -0.14096814735031954] - [0.03904605345288473, -0.05332278637890078, -0.03741869263925625, 0.051695019001622725]
A2: [-0.00910868290646807, -0.34680329910612223, 0.2494549823396403, 0.10645656758054173] - [0.08003980134156742, 0.03628223066020487, -0.05025013895513072, -0.06607198641701678] - [-0.042452849629500106, 0.23083185778895615, -0.0405312778778699, -0.14784787234123695] - [0.06813475806380066, -0.2934678750222027, 0.14177121821002875, 0.08356183722874927]
B1: -3.2771496185529976e-08 - 7.643609467518507e-09 - 3.914245684341818e-08 - 3.449939312587605e-08
B2: -2.0083824090016693e-08 - -3.892544124153795e-09 - 5.1755640285474477e-08 - -1.7580743631412364e-08
