Number: 5015
Error: 1.1748607500582493e-15
A1: [0.06621318454688795, -0.113952076908267, -0.023983947417235196, 0.07172287100995213] - [0.037402661555159644, 0.18819341665992803, -0.14740889818857433, -0.07818696158294762] - [-0.0602292511661849, 0.32895091553268874, -0.12775299210342625, -0.14096820526134465] - [0.03904619530615837, -0.05332265173700007, -0.03741855540086456, 0.051695155125700096]
A2: [-0.009108660246277997, -0.3468032750673425, 0.24945500518321295, 0.10645659133838718] - [0.08003980697093, 0.036282236724632544, -0.050250132802570256, -0.066071980212215] - [-0.042452865402595574, 0.23083184038083976, -0.040531294780844294, -0.14784788978566907] - [0.06813473983491547, -0.2934678950929392, 0.14177119844827799, 0.08356181679084068]
B1: -1.4404809997917692e-08 - -2.1293174898768403e-09 - 4.1029159287950894e-09 - -1.8257015852319207e-10
B2: 1.804932305104247e-08 - 5.118703327702662e-09 - -5.290222785364659e-08 - 1.2453781527515015e-08
