Number: 7738
Error: 1.2352876878276092e-15
A1: [0.08043165758045816, -0.18046783785161347, -0.019588884045049715, 0.11962494463714053] - [0.03741555324577558, 0.133596359447222, -0.13472621289296968, -0.03628585183056501] - [-0.0017028614041512508, 0.22819007411630962, -0.12282842497449334, -0.10365895260450547] - [0.038863208005226926, -0.11448104490217023, -0.046416467802831186, 0.12203420154546274]
A2: [0.03530741352133401, -0.029273505418613455, -0.07569737803743103, 0.06966337682765236] - [0.10289369071316637, 0.2828966407987568, -0.39260645424153945, 0.006815933219623509] - [-0.011187136989075181, 0.5390145534683599, -0.3594510505124484, -0.16837650355133169] - [0.09786277253565673, 0.01746328950108485, -0.16885103609506696, 0.05352485017623727]
B1: 5.257555704361352e-10 - -3.459634952024086e-09 - 5.7986936879592045e-09 - 4.690463473737556e-09
B2: 9.158305912586162e-09 - -2.4178169113028292e-08 - 4.715252227653763e-09 - 7.577841356433414e-09
