Number: 9453
Error: 9.536330588586108e-13
A1: [0.05317376549774884, -0.14800005520442164, -0.026997833328295584, 0.12182903791681866] - [0.005314047738148513, 0.13083702250625048, -0.11360041590895724, -0.022549434978135004] - [-0.014442220687551553, 0.22309387752759385, -0.12703892550579907, -0.08160367631838797] - [0.027146391513091863, -0.10002010655692042, -0.04942457704884931, 0.1222980517421367]
A2: [0.08925252415080617, -0.07291530295734318, -0.12362931425232183, 0.1072844221143028] - [0.10884608561611625, 0.24981853871170487, -0.4048410189958127, 0.04619391021897987] - [0.03663721560713393, 0.4625563964118761, -0.37771619762975334, -0.12147197053205067] - [0.14342827490608326, -0.0446047885011192, -0.20149773719736083, 0.10268173149040655]
B1: -2.2865687976674646e-06 - 1.2716277461260517e-06 - 1.155305309440634e-06 - 1.2612186948124043e-06
B2: -3.0061147235123066e-07 - -2.872300346193413e-07 - -2.3213786284531314e-07 - 9.774744949150675e-09
