Number: 3896
Error: 1.0381198813450536e-15
A1: [0.06621314855192942, -0.11395211209887199, -0.02398398338395727, 0.07172283507540146] - [0.03740256437945344, 0.18819332381509835, -0.14740899371977326, -0.0781870571225729] - [-0.06022936274776968, 0.3289508083646106, -0.12775310129066866, -0.14096831386154804] - [0.039046091262230645, -0.05332275049169492, -0.03741865606001545, 0.051695055283921404]
A2: [-0.009108661557249927, -0.34680327645834985, 0.24945500386168643, 0.10645658996368962] - [0.0800397775981192, 0.03628220508161924, -0.050250164905525974, -0.06607201258773744] - [-0.042452800508609154, 0.2308319120017, -0.04053122523815234, -0.14784781801555044] - [0.06813487775083533, -0.293467743241508, 0.1417713479626425, 0.08356197142005657]
B1: 5.75133417510414e-10 - -1.0518143909277482e-10 - -3.1384107521548126e-08 - -2.6679405938391906e-08
B2: -1.2830840439436421e-08 - -1.9990144692735376e-08 - -4.4200985163287e-09 - 1.569253112570238e-09
