Number: 2576
Error: 1.8544175716022312e-08
A1: [0.06388376882358532, -0.047419166135294545, -0.02299603473862543, 0.00830324115443263] - [0.04405810157366592, 0.19165368411193848, -0.14215650699832894, -0.09207692571538163] - [-0.1233974053761754, 0.4149178363618252, -0.10480096040350803, -0.18701399376281497] - [0.0372531389568417, 0.01942457733701996, -0.032879162215264365, -0.02279987748703847]
A2: [0.06413958624427897, -0.1729960966357568, 0.08702615676054413, 0.02464810201825969] - [0.029079046014608177, 0.2000906458557767, -0.10192015508728033, -0.12807978584084184] - [-0.0931051644341038, 0.5139799373020691, -0.22530436205624496, -0.19480323081538004] - [-0.025556495831856083, 0.018891408697446883, -0.049925009802064456, 0.05733634266660882]
B1: 4.886044940964275e-05 - -0.00031649664528586016 - 0.0001508629312443786 - 0.00027715029356501
B2: 0.00022253561181620826 - 6.471286265836228e-05 - -3.2074134198899014e-05 - 0.00014602253835787108
