Number: 2930
Error: 2.2836280577768783e-08
A1: [0.06335696088792966, -0.04794795840450894, -0.023519661199626413, 0.007778091639614716] - [0.043168320397370556, 0.19079442420344986, -0.14307272582335556, -0.09305440550444061] - [-0.12368062425270557, 0.41462618736374524, -0.10509632230861017, -0.18731025990151473] - [0.03676797104060767, 0.018931388863031022, -0.03336892390174228, -0.02328759075292281]
A2: [0.06388484486471759, -0.17324664118331826, 0.08676341963631803, 0.024392875833170586] - [0.029577641050028667, 0.20058177440517821, -0.10142368774686371, -0.12759178960760187] - [-0.09305425139928773, 0.5140302486363721, -0.22524973694540734, -0.19475357177110145] - [-0.026502772298413135, 0.01794686011207145, -0.0508632563963795, 0.05641741761248958]
B1: -5.779594324707532e-05 - 4.792806927917828e-05 - -0.0002960238709000428 - 0.00020173256146128956
B2: 0.00013606863685745592 - 0.0001527190078761568 - 1.0907556410956666e-06 - -2.047681536676091e-05
