Number: 1828
Error: 2.8337449182430083e-08
A1: [-0.007309035238989133, -0.01509874707503616, 0.002913532125363917, 0.019313102817290255] - [0.06693600979309533, 0.18999491402903737, -0.14662493638571025, -0.10973966195019648] - [-0.11337503021300849, 0.44104016980802385, -0.07165462025746175, -0.2589426996073415] - [-0.023406240948489292, 0.015342889134774813, -0.030045799694348337, 0.03888105503977243]
A2: [0.13245585191205358, -0.22380747161017367, 0.023529749025859734, 0.07100759441293084] - [0.03287922495431686, 0.20399099935799647, -0.11465335635963438, -0.12122091858500679] - [-0.09355471039308019, 0.5566201311349009, -0.23407287372718227, -0.22446643860411472] - [-0.019953990755537155, -0.01845415847757705, 0.008976252628084085, 0.03300243868811444]
B1: -0.00015507078844666927 - 0.0013709782504924169 - -7.922494323552639e-05 - -0.00010379086496398529
B2: 0.00023581394101776116 - -0.00019805761151662482 - 0.00045154525593793114 - 0.00021298062389941334
