Number: 1534
Error: 4.367308636585827e-09
A1: [-0.007277568161104714, -0.01508480204114171, 0.002903071932632108, 0.019361931371845362] - [0.06715383991350792, 0.19019910842938925, -0.14639707336807878, -0.10949850729418581] - [-0.1129661672665021, 0.44141163995743427, -0.07118650749152032, -0.25851206277153] - [-0.024170578694776627, 0.01455675068960038, -0.030752304530753165, 0.03806592849876677]
A2: [0.1317191455463552, -0.2244976932311066, 0.022797209070940714, 0.07029077238173106] - [0.0326942861010599, 0.20379640447561154, -0.11484040173812202, -0.12141058008838977] - [-0.09454304178890809, 0.5556180097544603, -0.23512449705372948, -0.22555756864512835] - [-0.020962495341267304, -0.019409039311116125, 0.00798344811850607, 0.032051843049782515]
B1: 0.00019743660341771778 - -8.385839014738804e-05 - 0.00017179364255734018 - 7.180532646911702e-05
B2: 0.00010276127479681918 - 0.00018874712079043098 - 0.00015719125183725796 - 7.927580043840988e-05
