Number: 4135
Error: 1.1248703406375134e-15
A1: [0.06621318141039528, -0.11395207997469008, -0.02398395055127192, 0.07172286787872513] - [0.03740261271778212, 0.18819336999909006, -0.14740894619948217, -0.07818700959808392] - [-0.06022940281156125, 0.3289507698855553, -0.12775314049471928, -0.14096835285472273] - [0.039046081617240685, -0.05332275964637147, -0.03741866539123004, 0.05169504602846668]
A2: [-0.00910849002517523, -0.34680309448957214, 0.24945517678163606, 0.10645676980576393] - [0.08003983756102943, 0.03628226967886425, -0.050250099369467276, -0.0660719464951864] - [-0.042452873347528425, 0.23083183161211338, -0.04053130329524624, -0.14784789857267328] - [0.0681348434446058, -0.2934677810142499, 0.1417713107712837, 0.08356193295633751]
B1: 1.1418247218506716e-08 - -7.167027775583557e-09 - -3.669878295245563e-08 - 1.1125767522852767e-08
B2: 1.4182562651992151e-08 - 1.5032501631715683e-08 - -2.053458201095209e-08 - -2.3102983235759054e-08
