Number: 2811
Error: 4.018915666236062e-10
A1: [0.06345851159594676, -0.04784830346455288, -0.02341997919637227, 0.0078789266513773] - [0.043725079659861714, 0.19133198864084136, -0.1424991243632719, -0.0924421885665329] - [-0.1233205310875017, 0.41498475341946145, -0.10473447380782946, -0.1869490005073259] - [0.03695906498083158, 0.019122303418776528, -0.03317743710371793, -0.023096672940157985]
A2: [0.06409169384507307, -0.17303866363678355, 0.08697215073411173, 0.024599979627930518] - [0.029461453242201414, 0.2004677026320302, -0.10153915386852069, -0.12770508376161507] - [-0.09315004127281165, 0.5139369997450169, -0.225345545415439, -0.19484622723559689] - [-0.02519077692304643, 0.019253190838485444, -0.04955016976038789, 0.0576944463254379]
B1: 8.351717713588276e-05 - 0.0001514738577282187 - -4.619009508663829e-05 - -0.00013577912917541975
B2: -1.3752701148220924e-05 - 8.850888476482433e-05 - -3.40640753235022e-05 - -3.914307591227118e-05
