Number: 9058
Error: 0.00014280699112517525
A1: [0.0158920702378884, -0.19564216437267826, -0.06747078019796952, 0.08068248252374736] - [0.026328847386333773, 0.14805973845735956, -0.09596990531890753, -0.004154844275973816] - [-0.011228334215554409, 0.23495938391506707, -0.11289305761373487, -0.07158178671540573] - [0.04421081657673739, -0.08248107674190631, -0.029592055308177413, 0.1397449644933719]
A2: [0.10679536753690379, -0.051001583384303696, -0.09139629075354996, 0.1313746236017065] - [0.05985228308848757, 0.18879215133338406, -0.46594957416591476, -0.015818255931634884] - [-0.010094011826082584, 0.4160537821485413, -0.4307796345829418, -0.172539596412004] - [0.13893957294974651, -0.04922147417058256, -0.20791063220662123, 0.09739221377022271]
B1: 0.00037591850126536715 - -0.03421235290660341 - -0.027095752521013976 - -0.0125163680015727
B2: -0.04028727597199737 - -0.01545839293235149 - -0.004610074047956568 - -0.015064083062944239
