Number: 5075
Error: 1.3192146068319101e-15
A1: [0.06621324071378674, -0.11395202199650743, -0.023983891294427236, 0.07172292708257663] - [0.03740265715562029, 0.18819341245647364, -0.14740890251365177, -0.07818696590840915] - [-0.06022921420691175, 0.32895095103004424, -0.12775295593726302, -0.14096816928968517] - [0.03904611445538278, -0.05332272847756254, -0.03741863362131775, 0.05169507754035986]
A2: [-0.009108701667287835, -0.34680331900842803, 0.2494549634270518, 0.10645654791084275] - [0.08003986546034317, 0.03628229973442936, -0.05025006887703648, -0.066071915743888] - [-0.042452773742900504, 0.23083194154188244, -0.04053119655490153, -0.14784778841379237] - [0.06813479746133788, -0.2934678316439143, 0.14177126092071185, 0.08356188140049595]
B1: -5.014297099371277e-08 - 1.4437737235237112e-08 - 8.477467213753691e-09 - 1.6488285190764777e-09
B2: 3.334345562347702e-08 - -1.190310767143462e-08 - -2.794103012669617e-08 - 3.2188106308714086e-08
