Number: 418
Error: 1.6803689235778204e-11
A1: [-0.012137137659159171, -0.014500472568900523, 0.01810525215207713, 0.008600469774867772] - [0.06584146287317919, 0.18950125151507521, -0.1453161315660788, -0.11000162718515762] - [-0.0962624151550562, 0.42181572209782753, -0.05342406395641364, -0.2720000144976756] - [-0.0012859393019267337, -0.018185044296423838, -0.0037972563641233, 0.02341784686939678]
A2: [0.16159551394407537, -0.16774614611448488, 0.008509950119980743, -0.0023244969739270017] - [0.0354797239524333, 0.20751081860330264, -0.11721639862783141, -0.12579789868293495] - [-0.08620960829549662, 0.581541977633742, -0.2353848960358981, -0.2599317293748722] - [-0.003837949693439043, -0.004522222394196094, 0.0011073054879170738, 0.007240539820168183]
B1: 2.9707182950503025e-06 - 3.469005934018491e-06 - -4.577898394304981e-07 - 3.6404505562328916e-06
B2: -6.017291342620135e-06 - -4.438541674112639e-06 - 4.1643954734432365e-06 - 4.746543647064836e-06
