Number: 8544
Error: 1.813896366621723e-15
A1: [0.08043168106276725, -0.18046781437193044, -0.019588860590841316, 0.11962496811677806] - [0.037415593481888845, 0.13359639965295603, -0.1347261727368107, -0.036285811616621595] - [-0.0017027560214304955, 0.2281901794967722, -0.12282831974608027, -0.10365884724990976] - [0.038863246431185224, -0.11448100658396283, -0.04641642940134612, 0.12203423994759281]
A2: [0.03530751876264093, -0.029273399886218736, -0.07569727797509203, 0.06966348697379408] - [0.10289381632271494, 0.2828967674743652, -0.392606332753476, 0.006816064750972023] - [-0.01118717158585126, 0.5390145186652341, -0.35945108325924147, -0.16837654000695815] - [0.09786289468481534, 0.017463412205801488, -0.16885091981672964, 0.05352497839278703]
B1: 2.9348720524070885e-08 - -1.4508873135123917e-08 - 5.960837402726982e-08 - 2.2644253425977745e-09
B2: 2.1664616650766542e-08 - -4.867478836686563e-08 - -1.9951611624586456e-08 - 1.2115403770636653e-08
