Number: 545
Error: 3.328902400946081e-14
A1: [-0.012151539399694346, -0.014515265401574875, 0.018089333116092066, 0.008585079028039289] - [0.06583587509208502, 0.18949587623447928, -0.14532190889615768, -0.11000784854463383] - [-0.09629287956225249, 0.4217862778685596, -0.0534571222234368, -0.2720355076507629] - [-0.0013226747486419438, -0.018220374401788506, -0.0038363609452371317, 0.023375386062809762]
A2: [0.16158665348008486, -0.16775483932610327, 0.008501267923520024, -0.0023331351234825294] - [0.03548571975275901, 0.20751671806103236, -0.11721042797372401, -0.1257920332418617] - [-0.08621399867847987, 0.5815376770905627, -0.23538916838659235, -0.25993601088535984] - [-0.003834617127453523, -0.004518945455786578, 0.0011106034676404547, 0.007243727785047613]
B1: -4.437398153815596e-08 - -3.730032510854445e-08 - 1.3169133078862732e-07 - 6.612340433247687e-08
B2: -3.7473608651221016e-07 - 3.9990585670608057e-07 - 9.043750017674875e-07 - -1.8902286765257716e-07
