Number: 318
Error: 4.316315748450875e-09
A1: [-0.012110882040680233, -0.014473523408675085, 0.018134309058828818, 0.008628568034060471] - [0.06583037899819677, 0.18949058108908926, -0.14532760067203931, -0.11001397814591564] - [-0.09665507209839373, 0.42143626461157807, -0.05385011708374486, -0.2724574956926985] - [-0.0016614249748888408, -0.018546127692774327, -0.004196926419992216, 0.022983822546882016]
A2: [0.16149818946589606, -0.1678416550101402, 0.008414582389199784, -0.0024193851849245336] - [0.03544537084340904, 0.20747701844994906, -0.11725061445960677, -0.12583150335500254] - [-0.08640870102844407, 0.5813469646475086, -0.23557861337883265, -0.26012586811242816] - [-0.0038983119128068616, -0.0045815451675237226, 0.0010476179542860176, 0.007182844022254219]
B1: -0.00013869540082733626 - -0.0003337912613230432 - -0.00014619792673948518 - -8.346329905149892e-05
B2: 0.00022206305809187863 - -0.0005585435408738117 - -9.772063032555365e-05 - -6.803808706534791e-05
