Number: 1940
Error: 6.410869700686964e-06
A1: [-0.020781172182017468, -0.028552713193499085, -0.01116183462860975, 0.0054350864908409] - [0.07063634630684788, 0.1935286931594979, -0.1427978696286345, -0.10570979375125031] - [-0.12467019909454152, 0.4298429112573833, -0.08365234542241554, -0.27133073641214267] - [-0.03646537882557694, 0.002446436422232893, -0.043590380875517004, 0.024979459784643585]
A2: [0.12866793035096472, -0.22779650220818903, 0.019531589999523116, 0.06708938720610609] - [0.0336069306048611, 0.20474119661055257, -0.1139276504253627, -0.12051158863953822] - [-0.09416259625104823, 0.5558341319623998, -0.23478026330966542, -0.22512730320992913] - [-0.02268672531719323, -0.021370540277958726, 0.006122770539772387, 0.030269858260332638]
B1: 0.0028424065058127073 - 0.0022425248320924497 - 0.002995293627120302 - 0.0015326383453497525
B2: 0.00039468971038095213 - -0.0014886173715522198 - 0.0016798067783722328 - 0.002078899417785101
