Number: 8322
Error: 9.916980666256988e-16
A1: [0.08043164366789969, -0.18046785176261707, -0.019588897941042117, 0.11962493072612185] - [0.0374156469376333, 0.13359645306822585, -0.13472611938764684, -0.03628575819050156] - [-0.0017028280235219947, 0.2281901074962223, -0.12282839164274952, -0.10365891923278936] - [0.03886318576696532, -0.11448106707802706, -0.04641649002695551, 0.12203417932099511]
A2: [0.035307516366953035, -0.029273402288490607, -0.0756972802529207, 0.06966348446654444] - [0.10289369937206715, 0.28289664953116533, -0.3926064458667611, 0.006815942286770729] - [-0.011187135211532407, 0.539014555256451, -0.35945104883001777, -0.16837650167823576] - [0.0978627256472139, 0.017463242399322346, -0.16885108072994645, 0.05352480095874711]
B1: 2.435619467417303e-08 - -1.598485519692985e-08 - -8.475679850143991e-09 - -2.7535459148431462e-08
B2: -2.4170477061684076e-08 - 4.446316597633793e-08 - -1.4203181558549142e-08 - -2.228798780386746e-08
