Number: 1458
Error: 1.7482563017052855e-09
A1: [-0.007113128725359166, -0.014918736961925992, 0.0030744686963785077, 0.01953119029337727] - [0.06677268892531278, 0.18983242162224048, -0.1467909803229862, -0.1099224865010629] - [-0.11270932742589544, 0.4416636922684893, -0.07091868056352842, -0.25823411334589874] - [-0.023890375157933824, 0.014832071369232442, -0.030466680630127474, 0.03836147824320128]
A2: [0.1316894515803885, -0.2245267663677018, 0.0227681994407081, 0.07026150748282307] - [0.03266066716673221, 0.20376342565620262, -0.114873927664356, -0.12144335975025991] - [-0.09475211861203435, 0.5554126310269245, -0.23532955659501748, -0.22576220356610605] - [-0.021133274714227872, -0.019577435435177818, 0.007814698716604701, 0.031887632094810915]
B1: 7.007268661413218e-05 - 2.9831694083153663e-05 - -5.65903492329642e-05 - -2.0180333562978006e-05
B2: 7.435941793326777e-05 - -1.1568299145306201e-05 - -3.07217264531908e-05 - -3.002389473116989e-05
