Number: 7474
Error: 9.427929308587957e-16
A1: [0.08043172860967797, -0.1804677668304364, -0.019588813100774014, 0.11962501565824005] - [0.03741562812827911, 0.13359643427305398, -0.13472613815968548, -0.03628577698954838] - [-0.001702774350960157, 0.2281901611676462, -0.12282833804876886, -0.10365886557455029] - [0.03886327529700896, -0.11448097779923085, -0.04641640055394279, 0.12203426879541465]
A2: [0.035307504490387276, -0.029273414197956517, -0.07569729154514845, 0.0696634720365618] - [0.102893748060445, 0.2828966986327385, -0.39260639877597686, 0.006815993270565143] - [-0.011187093067377448, 0.5390145976520273, -0.35945100893957516, -0.16837645726954142] - [0.09786281151944085, 0.01746332866218941, -0.16885099898500033, 0.05352489109648657]
B1: 1.1429713946515827e-08 - 4.521500261095447e-09 - -1.5226712016724472e-08 - 1.97147222862255e-09
B2: 3.64903821735569e-09 - 5.365200627951222e-09 - 2.1877384729381143e-09 - 2.8198347693221926e-09
