Number: 3640
Error: 4.587876351418498e-14
A1: [0.06621442385414188, -0.11395086528702203, -0.023982709082738342, 0.07172410823561383] - [0.037402479877484705, 0.18819324307888607, -0.14740907678924517, -0.07818714020126007] - [-0.06022909293975944, 0.3289510675082386, -0.12775283726581543, -0.14096805126254572] - [0.03904819613474695, -0.0533207526358821, -0.03741661967537498, 0.05169707513988949]
A2: [-0.009108520034972319, -0.34680312634226007, 0.24945514652152478, 0.10645673831830563] - [0.08004025763184201, 0.036282722215755986, -0.05024964025514254, -0.06607148347569228] - [-0.04245158704365214, 0.23083325124622317, -0.0405299248465562, -0.14784647596651948] - [0.06813597464674599, -0.29346653552220126, 0.1417725370988348, 0.08356320122948085]
B1: 4.233141437077793e-10 - 1.8905469707137124e-07 - -4.23271718489138e-08 - -2.8932666835820917e-07
B2: 9.758711380445073e-07 - -9.992556409241108e-07 - -1.5293572540725307e-08 - -4.0229551074366826e-07
