Number: 749
Error: 1.6752226593681093e-14
A1: [-0.012152453264550644, -0.014516204034549042, 0.018088323013297634, 0.008584102455044273] - [0.06583550576617629, 0.1894955209584866, -0.14532229074674652, -0.11000825975178659] - [-0.09629088157185782, 0.421788208887794, -0.05345495417236856, -0.2720331798980998] - [-0.0013242256001438763, -0.018221865884874237, -0.0038380117780216394, 0.023373593540609576]
A2: [0.1615866795302424, -0.16775481376947945, 0.008501293442246077, -0.002333109732568247] - [0.03548580857848602, 0.20751680545919454, -0.11721033951979545, -0.12579194634762736] - [-0.08621349406406778, 0.58153817135397, -0.2353886773829636, -0.259935518811808] - [-0.003835154200244252, -0.004519473601169748, 0.001110071891216278, 0.00724321395252278]
B1: 1.2050425351669073e-07 - 2.2958502192873986e-07 - 8.584039279575418e-08 - 4.3554195241870443e-08
B2: 4.8989933758389446e-08 - 1.1664651362080639e-07 - 2.8016680229693295e-07 - 1.3064539611413525e-07
