Number: 4413
Error: 1.0276480469872915e-15
A1: [0.0662131081621885, -0.11395215158607007, -0.023984023742015203, 0.07172279475343564] - [0.03740264265280122, 0.1881933985999695, -0.14740891677105705, -0.07818698016707004] - [-0.060229406443225095, 0.3289507663974911, -0.12775314404850102, -0.14096835638934127] - [0.03904611863941516, -0.053322724506273844, -0.037418629573484304, 0.05169508155540422]
A2: [-0.009108431580535483, -0.34680303248899275, 0.24945523569912453, 0.10645683108168616] - [0.08003987350736198, 0.03628230840337173, -0.050250060082164934, -0.06607190687426061] - [-0.04245279995889782, 0.23083191260837566, -0.04053122464904142, -0.14784781740752986] - [0.06813467052678902, -0.2934679714042352, 0.1417711233117327, 0.08356173908359082]
B1: -6.143475275271513e-08 - 4.687458038215206e-08 - 1.656581538021113e-08 - -2.316415894226479e-08
B2: -3.93427370795254e-08 - 3.1124372000082117e-08 - -1.0850655802864417e-08 - -1.4096706603702045e-08
