Number: 5919
Error: 4.903003356753462e-09
A1: [0.08069633119352987, -0.18020321070689505, -0.01932450804368817, 0.1198895979431008] - [0.037633579770110746, 0.1338141926560844, -0.13450860621320915, -0.036067934309283775] - [-0.0015508629026941075, 0.22834206896745357, -0.12267661825520605, -0.10350697971970246] - [0.03918938100041131, -0.11415574559747002, -0.046090440518453984, 0.12236020013379657]
A2: [0.03552871726577494, -0.029051594538125967, -0.07548699252021651, 0.06989499492759242] - [0.10280339545710651, 0.28280557846188714, -0.3926938200969706, 0.00672131488935901] - [-0.011270076114165336, 0.5389311429359653, -0.35952957322936385, -0.16846394496693598] - [0.0979258292360182, 0.017526642981937547, -0.1687910329302398, 0.053591016402205295]
B1: -4.188223484966619e-05 - 2.7514411064955926e-05 - -6.019874533526135e-05 - -5.6054441266072275e-05
B2: -3.453355107499496e-05 - 3.4645230249802986e-05 - 0.00013127539840712704 - -1.3632419014857483e-05
