Number: 9987
Error: 1.3074912289717573e-15
A1: [0.05317246923934449, -0.14800135190639635, -0.02699912813239304, 0.12182774104220184] - [0.005313653462169444, 0.13083662784426026, -0.11360081011696276, -0.02254982982446731] - [-0.0144445295224206, 0.22309156786436235, -0.1270412325006958, -0.08160598596362809] - [0.02714635771896982, -0.10002014041497827, -0.04942461099242874, 0.12229801776672478]
A2: [0.08925455370964848, -0.07291327811418778, -0.1236273304736463, 0.10728647661839465] - [0.10884180636898115, 0.24981425869497303, -0.4048452134996874, 0.046189558963270705] - [0.03663595942188564, 0.46255514676695125, -0.37771742324081486, -0.12147323973411257] - [0.14342654607308503, -0.04460651086947608, -0.20149942526792014, 0.1026799770414232]
B1: -1.2462920575670486e-08 - 2.2396499838042733e-08 - 9.778091179726744e-09 - -1.079031075597599e-08
B2: 4.255608404124835e-10 - 2.1074752333092373e-09 - 6.705490357028761e-09 - 1.7693772597483842e-08
