Number: 5517
Error: 5.691861243238978e-12
A1: [0.06621314429432057, -0.11395211624294997, -0.023983987632333906, 0.07172283082982908] - [0.03740200402875905, 0.1881927884506093, -0.14740954458516656, -0.07818760803835921] - [-0.06022851402807947, 0.3289516235492377, -0.12775227076615756, -0.1409674878027141] - [0.03904414013271449, -0.05332460241041864, -0.03742054371476891, 0.05169318295318961]
A2: [-0.009110902906627366, -0.34680565418152365, 0.24945274439115614, 0.10645424007678915] - [0.08003810195142072, 0.0362803999339124, -0.05025199628629942, -0.06607385950339298] - [-0.04245494553481038, 0.23082954462469488, -0.040533523912423264, -0.14785019030276295] - [0.06813309624323448, -0.29346970475552764, 0.1417694166537423, 0.08355997405656236]
B1: -7.958312718851948e-07 - -1.1354068798540206e-06 - -2.5756831764791413e-06 - -2.285597356747058e-06
B2: 4.034907703824428e-07 - 2.1270304837119124e-06 - 8.476349280677404e-07 - -1.2593214891248805e-06
