Number: 6385
Error: 1.0999885426217573e-15
A1: [0.08043169773818895, -0.18046779769842186, -0.019588843935341996, 0.11962498479028146] - [0.037415583718288556, 0.13359638989667758, -0.1347261824811885, -0.036285821374935454] - [-0.0017027996342006007, 0.22819013588494835, -0.12282836329499035, -0.103658890851047] - [0.03886323039276678, -0.11448102257744762, -0.04641644542956025, 0.12203422391908851]
A2: [0.03530748908907989, -0.029273429641869426, -0.07569730618857633, 0.0696634559174943] - [0.1028937517141068, 0.2828967023173998, -0.3926063952422116, 0.006815997096474129] - [-0.011187063754223672, 0.539014627140034, -0.3594509811940679, -0.16837642638121417] - [0.09786283008279707, 0.017463347309982547, -0.16885098131390025, 0.053524910581982804]
B1: 7.009964311135263e-09 - 7.216145585864114e-09 - -2.8550188990189175e-09 - 9.837958627567205e-09
B2: 3.497506634022349e-09 - 1.2489480496910922e-08 - -4.4552814668929004e-09 - 7.262453320940668e-10
