Number: 607
Error: 4.466293480994653e-14
A1: [-0.01215338494195848, -0.014517160965383247, 0.018087293230153925, 0.008583106849109751] - [0.06583520728507528, 0.1894952338323338, -0.1453225993503652, -0.11000859208097134] - [-0.09629174300102211, 0.42178737633479474, -0.05345588892117803, -0.27203418350260344] - [-0.0013215685800262137, -0.01821931058379126, -0.0038351834646114, 0.023376664607617115]
A2: [0.16158642435061135, -0.16775506413919497, 0.008501043414325156, -0.00233335849683376] - [0.03548566351893932, 0.2075166627306841, -0.11721048397199267, -0.12579208825355515] - [-0.08621385785178699, 0.5815378150304162, -0.23538903135473882, -0.25993587355948033] - [-0.0038349126113440776, -0.004519236025563468, 0.0011103110117056101, 0.007243445088832216]
B1: 2.294317245099715e-08 - 1.886072144602504e-07 - 1.4086492378866273e-08 - 9.581244787611693e-08
B2: -2.7799860819458566e-07 - 6.219874539645695e-08 - 6.604725992135805e-07 - -1.5785225528758325e-07
