Number: 6049
Error: 5.831304426665128e-14
A1: [0.08043332822681741, -0.18046616739509394, -0.019587215397009482, 0.11962661509200564] - [0.037417554594032655, 0.1335983592787212, -0.1347242155354268, -0.03628385159309361] - [-0.0017015785455361627, 0.22819135694998083, -0.1228271439918787, -0.10365767008666343] - [0.03886496418216508, -0.11447929365299274, -0.04641471274440194, 0.12203595663115743]
A2: [0.03530606632196716, -0.029274856345585003, -0.07569865893328613, 0.06966196683761275] - [0.10289206434109169, 0.2828950006230345, -0.3926080272462202, 0.00681423016957337] - [-0.011188032209904941, 0.5390136529091157, -0.3594518978563402, -0.16837744687701045] - [0.09786254697769883, 0.01746306291769031, -0.16885125081025693, 0.053524613414241085]
B1: 8.537536438170635e-08 - 5.01242968884978e-07 - 2.8101006741061995e-07 - -6.529328092499856e-08
B2: -6.395823059331702e-07 - -1.037113794552658e-06 - 2.3416776976989846e-06 - 9.438068888334574e-08
