Number: 5763
Error: 0.0003622991589532358
A1: [0.07017501621784741, -0.19831545870751635, -0.03458429890578061, 0.1060438075009492] - [0.00726301560910185, 0.08762179205157485, -0.17482096170154574, -0.07335745892553888] - [-0.02372963729873063, 0.21413661089533653, -0.14218419608567778, -0.1238235829939289] - [0.1234708484407417, -0.020399722569222786, 0.04436709050886087, 0.21054330918645298]
A2: [0.08150336742142716, 0.013563974598752158, -0.0204029748661158, 0.12679944706860052] - [0.11507911468363269, 0.2982430604845595, -0.38837638184883394, 0.011303294483095347] - [0.004768665244293371, 0.5565324604736208, -0.3418887543638269, -0.15513062099552027] - [0.1184282235570764, 0.03823238638225316, -0.14463307181038315, 0.07477590197607085]
B1: -0.03599544150236657 - 0.004957377611661902 - -0.022771516366786523 - -0.0247262022585265
B2: -0.012976197257731286 - -0.02214718530697045 - 0.03041574041888613 - -0.01516306400411613
