Number: 5614
Error: 2.5082189764135547e-08
A1: [0.06651057069024088, -0.11366144469497926, -0.02368757568821303, 0.07201871458087887] - [0.0372251228189607, 0.18802397092146278, -0.1475836251395466, -0.07836224240637524] - [-0.06021528920068754, 0.32896343736103284, -0.12774074686477915, -0.14095575552877726] - [0.039105126532884796, -0.05326719474383621, -0.037362202120021094, 0.051751119227186795]
A2: [-0.009545701172595716, -0.347266910377561, 0.2490142551993207, 0.10599841375181093] - [0.08021339366483081, 0.036469163747707915, -0.05006043195589877, -0.06588059741305567] - [-0.04229776284132814, 0.2310029509376045, -0.04036556641219524, -0.14767693729434375] - [0.06818682865801205, -0.2934106334122293, 0.1418264223846657, 0.08361910855201696]
B1: -0.00038687165342672424 - 0.0003680417675128128 - -3.333454774726301e-05 - 7.128101908173459e-05
B2: -1.955460120622497e-05 - -0.00043032459541224755 - 5.704098371181574e-06 - 3.93429053270074e-05
