Number: 3791
Error: 1.1285692386863256e-15
A1: [0.06621326150147899, -0.11395200167339294, -0.02398387052305344, 0.0717229478353853] - [0.03740262478412108, 0.1881933815276512, -0.14740893433735772, -0.0781869977349035] - [-0.06022931067573319, 0.32895085837692395, -0.12775305033606318, -0.14096826318100283] - [0.039046104221937036, -0.05332273819083284, -0.03741864352192966, 0.05169506772020468]
A2: [-0.009108687037677487, -0.3468033034891272, 0.24945497817509543, 0.10645656324883254] - [0.08003982500728833, 0.036282256154889676, -0.05025011308999318, -0.06607196033221333] - [-0.04245282513729208, 0.23083188481994302, -0.04053125163123734, -0.14784784525394173] - [0.06813477251067927, -0.29346785911559004, 0.14177123387209317, 0.08356185342630708]
B1: -1.4867539493835455e-08 - 2.6025647783534e-08 - -2.2023257862696463e-08 - 1.676268851259156e-08
B2: -1.950488613499799e-08 - 1.9922494801414512e-08 - -1.1667186004599595e-08 - 4.6404191412086175e-08
