Number: 6761
Error: 7.619841520765686e-16
A1: [0.08043161671362607, -0.18046787871380812, -0.019588924863024562, 0.11962490377497184] - [0.037415540976069195, 0.133596347186809, -0.13472622513824428, -0.03628586409347921] - [-0.0017028677008268014, 0.22819006781977177, -0.12282843126195554, -0.10365895889950719] - [0.038863180997128856, -0.11448107183446064, -0.04641649479372413, 0.12203417455414983]
A2: [0.035307442709444754, -0.02927347614978473, -0.07569735028571836, 0.06966340737615108] - [0.10289374266453147, 0.28289669319101945, -0.39260640399484203, 0.006815987620245521] - [-0.011187105305187975, 0.5390145853412306, -0.3594510205229334, -0.16837647016494434] - [0.09786280813279238, 0.01746332526013311, -0.16885100220887103, 0.05352488754160915]
B1: -1.4461842075474158e-08 - -1.4397696589370003e-08 - -1.418891888574331e-08 - -1.556058260217181e-08
B2: -2.6008608081704694e-08 - -1.3137142897166033e-08 - -1.294347772496171e-08 - -1.2011320405924779e-08
