Number: 3743
Error: 8.847510593168331e-16
A1: [0.06621319304816825, -0.11395206859698781, -0.023983938922643572, 0.07172287949695409] - [0.03740260360289772, 0.1881933612904273, -0.14740895516012975, -0.07818701855951046] - [-0.06022934338223575, 0.3289508269641517, -0.12775308234070837, -0.14096829501350946] - [0.039046193221484844, -0.053322653715869424, -0.03741855741787533, 0.05169515312512514]
A2: [-0.009108526495306846, -0.3468031331786463, 0.24945514001645025, 0.10645673156883471] - [0.08003980264224904, 0.03628223206132886, -0.050250137533719944, -0.06607198498349372] - [-0.042452848686173585, 0.2308318588299128, -0.040531276867163964, -0.1478478712981514] - [0.06813484525091953, -0.29346777902532767, 0.14177131272961463, 0.08356193498166069]
B1: -2.3031527288970325e-08 - 5.704668678461938e-09 - 5.4921362622012954e-09 - 1.8253593162903536e-08
B2: -1.5233167172263402e-08 - 1.688366373987233e-08 - 8.761448815309716e-09 - 1.7014805653105265e-08
