Number: 6898
Error: 7.961690366472587e-16
A1: [0.08043166618179663, -0.18046782925124016, -0.01958887545400302, 0.11962495323749268] - [0.03741558078531252, 0.13359638696592163, -0.13472618540832118, -0.03628582430628772] - [-0.0017028300898400284, 0.2281901054299555, -0.12282839370603715, -0.1036589212985582] - [0.038863222906845865, -0.1144810300423588, -0.04641645291071213, 0.12203421643781937]
A2: [0.03530751710301769, -0.02927340155044973, -0.07569727955325983, 0.06966348523709619] - [0.10289376171678732, 0.2828967124049742, -0.39260638556774996, 0.0068160075707421235] - [-0.011187148355524089, 0.5390145420341145, -0.35945106127101345, -0.16837651552858984] - [0.09786282888335633, 0.017463346105083544, -0.16885098245567856, 0.05352490932294644]
B1: -4.053944335440675e-09 - 2.023863219330531e-08 - -3.777284423029551e-08 - -4.966411365994876e-09
B2: -1.2759679733523728e-08 - -7.155004360877464e-09 - 4.297460740572251e-12 - -6.568189755600222e-09
