Number: 5993
Error: 5.119887560903066e-12
A1: [0.08043524176232501, -0.18046425399302937, -0.019585303946417314, 0.1196285285341078] - [0.03740484344302025, 0.13358565761718633, -0.1347369015003915, -0.03629655580007505] - [-0.0017048886052902267, 0.22818804699750486, -0.12283044903687287, -0.10366097918155227] - [0.03886268403629007, -0.11448156731623474, -0.04641699122048939, 0.12203367801804876]
A2: [0.03529699210171133, -0.029283955784681896, -0.0757072865799177, 0.0696524697283043] - [0.10287529323282515, 0.28287808703778144, -0.39262424811687713, 0.006796668339601305] - [-0.011183353192680455, 0.5390183599967943, -0.3594474690659875, -0.16837251642413348] - [0.09785685224125011, 0.01745734233941763, -0.16885667180936723, 0.05351863582949052]
B1: -3.2059398442436475e-06 - 1.2634582309183753e-06 - -1.6059852295129543e-07 - -2.4240670483397014e-06
B2: 3.545610072689497e-06 - -6.747427473588544e-06 - -3.3841838062115232e-06 - 4.6143550904133054e-07
