Number: 2981
Error: 6.309393437506409e-08
A1: [0.06335877069768746, -0.04794629283019498, -0.02351800296603298, 0.007778756935636882] - [0.043781557224739594, 0.19138693446244565, -0.14244031292024806, -0.09237865013640334] - [-0.12333586312817783, 0.4149756867322098, -0.10474522335158236, -0.18695782681515183] - [0.03885205851558842, 0.021022674821231796, -0.03128498468094741, -0.021211806951303522]
A2: [0.06353634331784008, -0.17359270466419624, 0.08642116007296373, 0.02405170651228171] - [0.029466063535107945, 0.20047220411774722, -0.101534970175262, -0.1277009161993937] - [-0.093484852142524, 0.5136080533688102, -0.22567944676209398, -0.1951689089029337] - [-0.026673555890262414, 0.017775155584706125, -0.05103672234166051, 0.056250134148184305]
B1: 3.442626990444238e-05 - 0.00022890676164810826 - -6.263575358704349e-05 - -5.363545825220453e-05
B2: 0.0006213578766218003 - 0.00043880925966568974 - 1.778791511230211e-05 - -0.0005479985069923043
