Number: 672
Error: 6.329748488250593e-14
A1: [-0.012152386444807945, -0.014516135404443024, 0.01808839687040486, 0.00858417385917311] - [0.06583562760945176, 0.18949563816656212, -0.1453221647716979, -0.1100081240918628] - [-0.09629218428605377, 0.4217869498366615, -0.05345636777070727, -0.272034697623285] - [-0.001320927629214208, -0.018218694170155623, -0.0038345011946161293, 0.023377405439259317]
A2: [0.16158712810088116, -0.16775437364470638, 0.008501732970283874, -0.0023326724387770724] - [0.035485730919275635, 0.20751672904788238, -0.11721041685381683, -0.12579202231858694] - [-0.08621324934092435, 0.5815384110621343, -0.23538843925761807, -0.25993528017112055] - [-0.003834590690809509, -0.004518919459491606, 0.0011106296309218613, 0.007243753079278556]
B1: 1.9460943130501436e-07 - 4.496323786058134e-07 - 2.7077536371362066e-07 - 1.1810729378689331e-07
B2: 2.2585579772475867e-07 - -1.1606023495462169e-07 - 1.6818229498945484e-08 - 5.40348405075005e-08
