Number: 9638
Error: 1.3943085772176084e-14
A1: [0.053172481210798705, -0.1480013399332175, -0.02699911617628518, 0.1218277530195473] - [0.005313295790679607, 0.13083626979562066, -0.11360116773707253, -0.022550187999244162] - [-0.014444917008473088, 0.2230911802352748, -0.12704161968148342, -0.0816063735872446] - [0.02714564972496482, -0.10002084840843325, -0.049425320480644, 0.12229730797431981]
A2: [0.089254030787756, -0.07291379982723654, -0.12362784161371508, 0.10728594724953423] - [0.10884238319292718, 0.2498148356202446, -0.404844648101147, 0.04619014549256466] - [0.03663639398158811, 0.46255557906606454, -0.37771699926202346, -0.12147280066651146] - [0.14342699805764744, -0.044606060570261716, -0.20149898394606677, 0.10268043573109122]
B1: 1.3159714843906574e-07 - 1.9660885968902785e-07 - 1.6867244254742395e-07 - -1.3132586049284656e-07
B2: 2.457617192087319e-07 - -1.6151118860399883e-08 - -7.696026791223485e-08 - -8.51944437336281e-08
