Number: 461
Error: 8.166688879222757e-13
A1: [-0.012156292150645988, -0.014520146893055565, 0.01808407998362257, 0.008580000227287258] - [0.06583142261698949, 0.18949159314254213, -0.14532651236378105, -0.1100128059354198] - [-0.09629838100933291, 0.4217809609432033, -0.053463091819533945, -0.2720419170240179] - [-0.0013295312228026818, -0.018226968232442634, -0.0038436592834385492, 0.023367461216914513]
A2: [0.1615851994280682, -0.16775626605509059, 0.008499843273880257, -0.00233455251391703] - [0.035486954983354316, 0.20751793345354114, -0.11720919791289142, -0.1257908248615646] - [-0.08621205114623516, 0.5815395847182505, -0.23538727334260795, -0.25993411172830827] - [-0.0038355032906723665, -0.004519816865734036, 0.0011097264177868558, 0.00724288000607718]
B1: 8.590083000098677e-07 - -1.787194624581929e-06 - -2.1869483356921558e-07 - 4.5451090342919626e-07
B2: -1.7841173873709853e-08 - -3.2323404385927023e-06 - 1.091308389027269e-06 - 2.3366327561141593e-06
