Number: 6615
Error: 1.1473410323241894e-15
A1: [0.08043168229303349, -0.18046781314182855, -0.019588859362029816, 0.11962496934688975] - [0.03741559930546645, 0.13359640547205817, -0.13472616692506878, -0.03628580579639246] - [-0.0017028507251331977, 0.22819008479510494, -0.12282841431111782, -0.10365894192834448] - [0.03886324621684094, -0.1144810067977816, -0.04641642961556941, 0.12203423973332757]
A2: [0.03530746955503927, -0.02927344922993816, -0.07569732476127912, 0.0696634354729874] - [0.10289376104055417, 0.2828967117230015, -0.39260638622179417, 0.006816006862628568] - [-0.011187052803486856, 0.539014638156087, -0.3594509708289557, -0.16837641484204197] - [0.09786284339257978, 0.0174633606803073, -0.16885096864384885, 0.053524924552922085]
B1: 4.328210291016106e-09 - 6.852501545172452e-09 - 1.2151213362424061e-08 - 7.1681350329935844e-09
B2: 8.776434362584376e-09 - 1.7022738897094344e-08 - -1.3832245248015541e-08 - 2.0784042316336497e-08
