Number: 8064
Error: 1.1121740977530022e-15
A1: [0.08043170670111033, -0.18046778873652194, -0.019588834983144107, 0.11962499375217792] - [0.03741558240598086, 0.1335963885853634, -0.13472618379081922, -0.03628582268649436] - [-0.0017028078875384032, 0.22819012763178206, -0.1228283715362387, -0.10365889910217564] - [0.038863249831051064, -0.11448100319371961, -0.04641642600366333, 0.12203424334529077]
A2: [0.03530747186473788, -0.029273446913854733, -0.07569732256517722, 0.06966343789025253] - [0.10289369482181111, 0.2828966449422765, -0.39260645026771046, 0.006815937521976869] - [-0.01118709116622772, 0.5390145995644927, -0.35945100714007944, -0.16837645526625653] - [0.0978627918186049, 0.017463308871727146, -0.16885101773893196, 0.05352487041703072]
B1: 1.7773398157826135e-09 - 1.714149244679512e-08 - -2.919916376542035e-09 - 8.46252947250423e-09
B2: 1.3698934642179577e-08 - -5.335626505170113e-09 - 9.58695772012268e-09 - 4.954262434991863e-09
