Number: 2192
Error: 0.0005940290816648517
A1: [0.04079312439645891, -0.04657228107019282, -0.010819576380687155, 0.030334727591929747] - [0.07443736220522325, 0.20604964339614873, -0.1347160574977346, -0.08195106084519234] - [-0.18578167433958928, 0.35588508498630295, -0.16105749136032296, -0.269850254297824] - [-0.030659248648720543, -0.015381802235640736, -0.05399749321772595, -0.05779525343344833]
A2: [-0.06179972824203531, -0.3550091405185209, -0.03523322285455426, -0.09424540864929386] - [0.036559115827256794, 0.20308332345977273, -0.09928824602143205, -0.1252370527259647] - [-0.03631070019597086, 0.5942462311684245, -0.15602601583455092, -0.14257893602599092] - [-0.021578883893295448, 0.06460694084810803, 0.004066371407740851, 0.08200385270138363]
B1: -0.0525326975667805 - 0.009171987270915137 - 0.023058867059134326 - 0.012205687430115686
B2: -0.011786390506313518 - -0.01732996777730847 - -0.008115458694137136 - -0.021102137288296654
