Number: 509
Error: 2.6015668560302715e-13
A1: [-0.012155644941919614, -0.014519482221771345, 0.018084795236520932, 0.008580691774950707] - [0.06583549085109414, 0.18949550661022832, -0.14532230616847192, -0.11000827635926404] - [-0.09629279658604888, 0.42178635806683645, -0.05345703218388077, -0.2720354109790643] - [-0.0013207642181740924, -0.018218537006814178, -0.0038343272417921577, 0.023377594319112738]
A2: [0.16158710424202294, -0.1677543970499049, 0.00850170960521008, -0.0023326956794837103] - [0.03548552599214531, 0.20751652741541507, -0.11721062092144328, -0.12579222278710797] - [-0.0862146517185985, 0.5815370374343726, -0.23538980382067004, -0.2599366476995782] - [-0.0038346594115807975, -0.004518987037196353, 0.0011105616170291527, 0.007243687333904958]
B1: -2.1347770296988857e-07 - 1.817922775838343e-07 - -6.176791744428283e-07 - 1.784686840326546e-07
B2: -9.717788714553957e-09 - 6.749351133878452e-07 - 2.2316156930336302e-07 - 4.558344933996812e-07
