Number: 5479
Error: 8.60615557450833e-14
A1: [0.06621289674513595, -0.11395235828130637, -0.02398423499555287, 0.0717225836888598] - [0.037402850268951106, 0.1881935969627611, -0.14740871266863304, -0.07818677604640485] - [-0.06022951478074425, 0.32895066234138226, -0.12775325006453314, -0.14096846183450434] - [0.03904713325758398, -0.05332176147386585, -0.0374176479710254, 0.05169605518755567]
A2: [-0.009107106652545173, -0.3468016269507666, 0.24945657134710725, 0.10645822018819995] - [0.08004153454358011, 0.03628409781190602, -0.05024824466570833, -0.06607007604489035] - [-0.04245386736809903, 0.23083073455314612, -0.04053236852420503, -0.14784899791438147] - [0.06813381642852684, -0.2934689118006559, 0.1417701973891127, 0.08356078148983759]
B1: -6.530337847106947e-07 - 8.664885718837801e-07 - 3.953444557486383e-07 - 5.216159829872003e-07
B2: 1.4823337714587624e-07 - -1.7384820428078844e-07 - -2.0573118731728056e-07 - 4.7149356754011693e-07
