Number: 90
Error: 0.0006181605151158782
A1: [0.04659417844780762, 0.048238291708838546, 0.08369609616973542, 0.06823465795385987] - [0.09888094028126682, 0.2239187958004147, -0.11416728649893382, -0.07951487533414879] - [-0.04211887720781535, 0.4790788396970814, 0.005607192102678371, -0.21322341297156652] - [0.055953524969238576, 0.042400782570278565, 0.05760419904939183, 0.08454219072248331]
A2: [0.282225069220469, -0.05043937952247664, 0.1264763025882369, 0.11465575052568568] - [0.09230892976544797, 0.2604854559459719, -0.0643610637062341, -0.07367915647479377] - [0.0389609549534635, 0.7051652527917274, -0.1138436594337666, -0.13846982470183297] - [0.20103073817898007, 0.19984417956141237, 0.20463768553062392, 0.20362847478176213]
B1: 0.021998850014144266 - 0.34139747103572554 - 0.01438473198473509 - -0.010862948375225626
B2: -0.003335954514045494 - 0.32425966469346074 - -0.004606053149536353 - -0.00035328392699254633
