Number: 9747
Error: 1.2739614153155231e-15
A1: [0.05317256265319935, -0.14800125845829043, -0.02699903482159381, 0.12182783450100901] - [0.005313805504368432, 0.13083678004581187, -0.113600658097967, -0.022549677567971618] - [-0.014444505321783029, 0.22309159207376258, -0.12704120831929433, -0.08160596175443623] - [0.02714652975098119, -0.10001996838302166, -0.04942443859730857, 0.12229819023604553]
A2: [0.0892547453846254, -0.07291308688257103, -0.1236271431173184, 0.10728667065705783] - [0.10884180090104555, 0.24981425322603443, -0.4048452188593275, 0.0461895534033418] - [0.036635759646806695, 0.4625549480314071, -0.37771761815134736, -0.12147344158119046] - [0.14342651706050427, -0.04460653977407873, -0.20149945359622654, 0.10267994759844133]
B1: 8.832367744142595e-09 - 2.052902377646414e-09 - -6.353711323475834e-08 - -1.9086445383526294e-09
B2: -3.2951640303231774e-08 - -2.1393018864238454e-08 - -5.884080242908234e-08 - -1.7551943847798188e-08
