Number: 2085
Error: 0.00030536398445196196
A1: [0.1941132167301136, 0.14834776871303984, 0.16718508612216304, 0.1745834728843028] - [0.06119972212932309, 0.1902197513684564, -0.14692566734473944, -0.11052616248681583] - [-0.13094968993390976, 0.4399757260701014, -0.08437317830487331, -0.22318142944982025] - [0.010595497390078437, 0.0371381475425995, -0.05023182423658458, -0.010814451065673525]
A2: [0.10409037586836685, -0.2151321297434909, 0.06467578623946012, 0.06028574203492721] - [0.043758326255417875, 0.20917141437064815, -0.11207242318667231, -0.11615406393805085] - [-0.006225635778448865, 0.6070338640839398, -0.15841132446742578, -0.15109747092074655] - [-0.08673890071553551, -0.08845273756766554, -0.08401177071075934, 0.029601290652576294]
B1: -0.0008749764090994843 - -0.002374883061128065 - -0.010605624687590316 - 0.006351039723962457
B2: 0.028640607780414325 - -0.01017600307965624 - -0.015603379246576054 - -0.025334480442128784
