Number: 4245
Error: 1.3600929671296026e-15
A1: [0.06621324733449387, -0.11395201552377929, -0.02398388467890955, 0.07172293369218412] - [0.03740262890335241, 0.18819338546330283, -0.14740893028782615, -0.07818699368501944] - [-0.060229499542031946, 0.32895067698127184, -0.1277532351494501, -0.1409684470003442] - [0.03904622486933021, -0.05332262367688254, -0.03741852679961048, 0.05169518349474615]
A2: [-0.009108592261061277, -0.3468032029458547, 0.24945507371855669, 0.10645666261702101] - [0.08003985319060822, 0.0362822865163974, -0.05025008228722852, -0.06607192926789948] - [-0.04245280537129791, 0.2308319066348966, -0.04053123044922414, -0.1478478233935163] - [0.06813478058199224, -0.29346785022872485, 0.14177124262214763, 0.08356186247571883]
B1: 7.677064940946978e-10 - 7.687788982161259e-09 - -9.237804078979352e-09 - -8.516816773473192e-09
B2: -4.2146580507245216e-08 - -5.6385301812550605e-08 - 5.238371706595903e-08 - 4.4299878681156196e-08
