Number: 4368
Error: 9.377525099774132e-16
A1: [0.06621304634397435, -0.1139522120228564, -0.02398408551171747, 0.07172273303896888] - [0.037402666889587564, 0.18819342175657253, -0.14740889294444115, -0.07818695633834515] - [-0.06022947081619636, 0.3289507045707932, -0.12775320704008972, -0.14096841904214863] - [0.03904609438562749, -0.05332274752704317, -0.03741865303819854, 0.0516950582811981]
A2: [-0.009108415582569977, -0.34680301551764087, 0.24945525182654096, 0.10645684785470805] - [0.08003985204637248, 0.036282285283736865, -0.050250083537807286, -0.06607193052907394] - [-0.04245271637551495, 0.23083200485613292, -0.04053113507783025, -0.14784772496753126] - [0.06813466657256431, -0.29346797575800637, 0.1417711190249857, 0.08356173465018094]
B1: -6.243788546234306e-08 - 1.9481856712474765e-08 - 2.1953549269682788e-08 - -4.6856199186180026e-08
B2: 1.3768921943928812e-08 - 5.177101623015309e-08 - -2.225922948972543e-08 - -1.1363414069250081e-07
