Number: 9201
Error: 1.0222810376315463e-07
A1: [0.053790309960704, -0.1473872722370996, -0.026383871119530302, 0.12244334194249493] - [0.007407111742192987, 0.1329366293564476, -0.1115041453799382, -0.020447568150900715] - [-0.013861461486343518, 0.2236762236247825, -0.1264588104845943, -0.08101989229065214] - [0.02692731580271357, -0.10024290373769662, -0.04964633827984735, 0.12207670516168405]
A2: [0.09021374248899258, -0.07195256855943426, -0.1226845123902579, 0.10825945672430379] - [0.10859346923074864, 0.24955933730668256, -0.40509167450212624, 0.045937935736928504] - [0.03611204130977048, 0.462028123774736, -0.3782286732651832, -0.12200063335944455] - [0.14318792377626985, -0.044847358081747786, -0.20173303878066842, 0.1024380149561031]
B1: 0.0006453583680603385 - 0.00030216596533548225 - 0.0005252554282108087 - 0.00021170380584218615
B2: 0.0004171727227928244 - 2.9196222583909796e-05 - -8.80525422923538e-05 - 0.00011888336331227444
