Number: 929
Error: 4.839194041017825e-10
A1: [-0.012244821160711742, -0.014611227454694502, 0.017986145913493803, 0.008485257806144135] - [0.06586119138754244, 0.18952022058928694, -0.14529572693117007, -0.10997966364698271] - [-0.09632732276181025, 0.4217528981379683, -0.053494530503865774, -0.27207569002559573] - [-0.0014463946587495863, -0.018339315127893108, -0.003968048924983299, 0.02323253854695805]
A2: [0.16158564997734773, -0.1677556725953504, 0.008500367859601133, -0.002333951275013281] - [0.03548175871540616, 0.20751282263289733, -0.11721436109378087, -0.12579591042824934] - [-0.08609789377111439, 0.5816515374670723, -0.2352760995446602, -0.2598226594248839] - [-0.0036238594295215838, -0.004311619876334303, 0.0013192736630288117, 0.007445404906449791]
B1: 1.1298299119825496e-05 - 1.3933850297570549e-05 - 1.7692508755400722e-05 - 8.62683698811611e-06
B2: -5.852793777127437e-05 - 0.00011361818191782059 - -4.433187764392501e-06 - 1.780194621274628e-05
