Number: 9594
Error: 1.8104503061560465e-14
A1: [0.05317289824283307, -0.14800092274959534, -0.02699869960448698, 0.12182817025225143] - [0.005313666908863799, 0.13083664130098496, -0.11360079667609663, -0.02254981635778007] - [-0.014444654012220868, 0.22309144332685826, -0.1270413568935927, -0.08160611049708996] - [0.027146484264817045, -0.10002001387506325, -0.049424484182821304, 0.12229814463049281]
A2: [0.08925571311004095, -0.07291212139440788, -0.12362619719447387, 0.10728765031501855] - [0.10884132230163261, 0.24981377454092632, -0.4048456879810177, 0.04618906675094248] - [0.036636580447032656, 0.4625557645609674, -0.3777168173382028, -0.12147261226801455] - [0.1434266283308538, -0.04460642892200438, -0.20149934495387448, 0.1026800605189527]
B1: -1.459572906079846e-07 - -6.080422906850211e-08 - -2.4592807727183573e-07 - 1.2486959845403073e-07
B2: 5.260013490115849e-08 - -5.460861174157909e-08 - -2.5331057944065123e-07 - -2.3805632628654517e-07
