Number: 9163
Error: 5.81143040761862e-07
A1: [0.047347453958249824, -0.15383469042544573, -0.03285021538378839, 0.11601811628747345] - [0.005976789886510157, 0.13148752073724593, -0.11298003622207219, -0.02188779682579015] - [-0.017585645133639624, 0.2199689053642572, -0.13018218709498078, -0.08471090483194313] - [0.024208553796333476, -0.10296080389088477, -0.052386662778538616, 0.11936836809828658]
A2: [0.08554632057521959, -0.07665021946320069, -0.12723518462982747, 0.10353489862538713] - [0.10717992922612868, 0.24814974956489616, -0.4064781764908884, 0.04450040486106956] - [0.03253109385134574, 0.45846013809566477, -0.38173799367397254, -0.1256336601511076] - [0.14389912278790934, -0.044119534208920425, -0.20103076311269033, 0.10316852628983977]
B1: -0.001391562956674374 - -0.00010774755840880904 - -5.630273824894141e-06 - -7.808890496726652e-05
B2: 0.0010253679762880627 - -0.002171139328693427 - -0.00021056121337408615 - 7.31679421072709e-05
