Number: 8092
Error: 9.711655206789684e-16
A1: [0.08043173431759981, -0.18046776112316062, -0.019588807399678165, 0.1196250213655129] - [0.03741551334754035, 0.13359631957919346, -0.13472625271165622, -0.036285891706677745] - [-0.0017028058954685309, 0.22819012962380908, -0.1228283695470868, -0.10365889711063775] - [0.03886323620570301, -0.11448101678082893, -0.04641643962033014, 0.12203422972841205]
A2: [0.03530750393104584, -0.02927341475885901, -0.07569729207688557, 0.06966347145106329] - [0.10289373446869121, 0.28289668492563497, -0.39260641192173745, 0.006815979038009654] - [-0.011187122919394155, 0.539014567621939, -0.3594510371951948, -0.16837648872561725] - [0.09786278665335645, 0.017463303682983006, -0.16885102265592308, 0.05352486499521105]
B1: 1.558333723413701e-08 - 6.987169599724407e-09 - -1.2388106549215153e-08 - 4.4476917052411046e-09
B2: 3.8818568011041206e-08 - -4.927540952458499e-08 - 1.2222117648434986e-08 - 8.866186222021508e-09
