Number: 9778
Error: 1.006962303783082e-15
A1: [0.05317252254204954, -0.14800129858417727, -0.026999074888542758, 0.12182779437051976] - [0.005313785723025529, 0.1308367602437561, -0.11360067787622553, -0.022549697377184444] - [-0.01444441374541037, 0.22309168368369603, -0.12704111681543093, -0.08160587014537496] - [0.027146438560662085, -0.10002005957321639, -0.04942452998001022, 0.12229809881398575]
A2: [0.08925445701591321, -0.07291337458436334, -0.12362742498881489, 0.1072863787326463] - [0.10884168881194758, 0.24981414111717637, -0.40484532872828366, 0.04618943942830624] - [0.03663585008429596, 0.4625550379982664, -0.3777175299160252, -0.12147335020569765] - [0.1434263051545799, -0.044606750890704934, -0.20149966050398524, 0.10267973254864823]
B1: -5.8636140702960407e-08 - 1.1059395146631521e-08 - 1.701359677450673e-08 - 3.572265158122935e-09
B2: 5.831006669386954e-09 - -2.2030797803851206e-08 - -7.130461407423393e-09 - 3.3836325793735064e-09
