Number: 5955
Error: 2.921735405920777e-11
A1: [0.0804344086069429, -0.18046508780939974, -0.019586134914505032, 0.11962769612472883] - [0.03736294767967437, 0.13354379321049828, -0.134778715459811, -0.03633842931055466] - [-0.001717606256666601, 0.22817532979772162, -0.12284314627028703, -0.10367369251336983] - [0.038871198108208424, -0.11447307627937485, -0.04640848091429116, 0.12204218753145299]
A2: [0.03536932531794305, -0.029211427275567935, -0.07563851470084712, 0.0697281749337127] - [0.10297603946418193, 0.28297968345123187, -0.3925268101606918, 0.006902162959939145] - [-0.011147428947690623, 0.5390544968309655, -0.3594134672252038, -0.1683346625991936] - [0.09790651306391489, 0.01750722632631314, -0.1688093991721765, 0.05357076344559608]
B1: -1.019107010474991e-05 - -4.192896358331992e-06 - 1.9084461912455146e-05 - 8.784132150841078e-06
B2: 1.2674421196627261e-06 - 1.1052617176668192e-06 - 7.0419265257043586e-06 - -1.0059001797393458e-05
