Number: 3767
Error: 1.2343310331371358e-15
A1: [0.06621318207047355, -0.11395207932936659, -0.023983949891724976, 0.07172286853768486] - [0.03740265029053353, 0.1881934058972914, -0.1474089092626028, -0.07818697265792895] - [-0.060229362408146164, 0.3289508086908173, -0.12775310095833886, -0.14096831353100162] - [0.03904624868305765, -0.053322601073846974, -0.03741850376066781, 0.05169520634663672]
A2: [-0.009108558497719202, -0.34680316712822723, 0.2494551077550955, 0.1064566980160381] - [0.08003980632600437, 0.0362822360297879, -0.05025013350758232, -0.0660719809231723] - [-0.04245286158505152, 0.23083184459389153, -0.04053129069012624, -0.14784788556382875] - [0.06813473197841612, -0.29346790374342674, 0.1417711899311729, 0.08356180798209002]
B1: -1.0818968034004309e-08 - 2.8894040668417e-09 - 2.1180800265423123e-08 - -2.451168975565597e-08
B2: 1.3993850189655247e-08 - -4.517983036438724e-09 - 1.0784103382786422e-08 - -1.3906232020160848e-08
