Number: 1312
Error: 5.757052258740105e-09
A1: [-0.00756109163894419, -0.015370650993679886, 0.0026094448614092255, 0.019071003451892894] - [0.06651296717800044, 0.1895824622528862, -0.14705956931231096, -0.11021138697409905] - [-0.11282123160571036, 0.44155466238911145, -0.07103453185934724, -0.25835530225474657] - [-0.023832492779551462, 0.014889347340185462, -0.030406466212697568, 0.038422589301594465]
A2: [0.1317280328031864, -0.22448923307518595, 0.022806567042184044, 0.07029940580501655] - [0.03248023257468465, 0.2035858297944747, -0.11505374689137562, -0.12161989340452393] - [-0.09418926875294047, 0.5559669360218279, -0.23477606676516286, -0.22520892399672804] - [-0.020832042640911815, -0.019280938466838145, 0.008113844978938169, 0.03217725876636731]
B1: -0.00015667882281482495 - 6.642460016779866e-05 - -3.455828947656046e-05 - -0.0001384076360849235
B2: 2.7301051832624796e-05 - -0.00010863552170078909 - 2.88591106997001e-05 - 1.1865967435861194e-05
