Number: 6476
Error: 1.0819481165380055e-15
A1: [0.08043169102834817, -0.18046780440750318, -0.019588850637160087, 0.11962497808120674] - [0.037415594085016705, 0.13359640025555913, -0.13472617213511676, -0.03628581101395027] - [-0.0017028151387168786, 0.22819012038076267, -0.12282837877680555, -0.10365890635142554] - [0.038863234155929134, -0.1144810188248463, -0.04641644166879601, 0.12203422767991189]
A2: [0.035307449124194805, -0.0292734697172923, -0.07569734418666003, 0.06966341408988679] - [0.10289374020534699, 0.2828966907109631, -0.39260640637333166, 0.006815985045118054] - [-0.011187091276465565, 0.5390145994536316, -0.3594510072444559, -0.16837645538237556] - [0.0978628076079676, 0.017463324732922014, -0.168851002708474, 0.05352488699071788]
B1: -2.9199511864220486e-09 - 3.3897655966211335e-10 - -2.615256122480705e-09 - 1.0929445459100636e-10
B2: -7.490593537976876e-10 - -2.5982579294958923e-09 - 1.6353347326866836e-09 - -3.2412039867316714e-09
