Number: 7702
Error: 1.0743028878147975e-15
A1: [0.08043167511283106, -0.1804678203212256, -0.019588866533640486, 0.1196249621675105] - [0.03741557181981742, 0.13359637800720675, -0.1347261943559367, -0.03628583326681161] - [-0.001702829667619785, 0.22819010585216484, -0.12282839328442956, -0.10365892087644459] - [0.038863217525167415, -0.1144810354089451, -0.04641645828895648, 0.12203421105948654]
A2: [0.03530727656925271, -0.029273642749476463, -0.07569750824986049, 0.06966323349258792] - [0.10289362200956878, 0.28289657151207287, -0.39260652069079427, 0.0068158612769678665] - [-0.011187122317609714, 0.5390145682273332, -0.3594510366255726, -0.1683764880915123] - [0.09786277453248998, 0.017463291507001613, -0.16885103419420905, 0.05352485227226025]
B1: 5.788710226176477e-08 - -9.874543880889586e-09 - -4.0203989602790613e-08 - -1.2717585492534196e-08
B2: -3.0674901865474093e-09 - 9.226354350646252e-09 - -5.266409314264787e-09 - -2.0801978622619108e-10
