Number: 7408
Error: 9.690083409955198e-16
A1: [0.08043167816630639, -0.18046781726809208, -0.019588863483826845, 0.11962496522063272] - [0.03741557793028068, 0.13359638411305153, -0.13472618825765975, -0.03628582715973687] - [-0.0017028136393928423, 0.22819012188004983, -0.12282837727967928, -0.10365890485249919] - [0.0388632265421536, -0.1144810264172595, -0.04641644927772757, 0.12203422007086376]
A2: [0.03530747566835919, -0.029273443099701306, -0.07569731894879721, 0.06966344187121544] - [0.10289369357141748, 0.28289664368126094, -0.3926064514770682, 0.006815936212614091] - [-0.011187201795109946, 0.5390144882757878, -0.35945111185280026, -0.16837657183968413] - [0.09786275463550802, 0.017463271519513855, -0.16885105313485393, 0.05352483138690917]
B1: 3.511734560213868e-08 - -1.427000773681096e-09 - -1.2242772374014033e-08 - 3.4325766982922947e-10
B2: 3.1752467064650496e-09 - 1.1655643577155044e-09 - 1.380646997635211e-08 - 4.648227183530613e-09
