Number: 8345
Error: 1.2324251190716769e-15
A1: [0.08043174406981986, -0.18046775137206628, -0.019588797659169734, 0.1196250311165777] - [0.03741556246831346, 0.13359636866283425, -0.13472620368866256, -0.036285842613030826] - [-0.0017027879053777418, 0.2281901476135135, -0.12282835158334127, -0.10365887912534688] - [0.03886329612364567, -0.11448095703104376, -0.04641637974059364, 0.12203428960909013]
A2: [0.035307187219339425, -0.029273732346448197, -0.07569759320296955, 0.06966313997858982] - [0.10289373185103282, 0.2828966822857811, -0.39260641445349637, 0.006815976296945506] - [-0.011187144816249647, 0.5390145455944505, -0.3594510579211125, -0.16837651179903768] - [0.09786286404416186, 0.017463381425768816, -0.16885094898474648, 0.05352494623018937]
B1: -2.9385747017655037e-09 - 2.7374642930455284e-08 - 1.9638910949611158e-08 - 2.2245251453140557e-08
B2: 3.1567941514478475e-08 - -2.983919553420214e-08 - 9.071983022516964e-09 - 3.199279101746043e-08
