Number: 5091
Error: 1.0717688917548823e-15
A1: [0.0662132608842446, -0.11395200227680233, -0.02398387113981648, 0.07172294721916762] - [0.03740256956393684, 0.18819332876853728, -0.14740898862299784, -0.07818705202537186] - [-0.06022946152053272, 0.3289507134986799, -0.1277531979439108, -0.14096840999473292] - [0.03904623594627708, -0.05332261316286635, -0.037418516082867906, 0.05169519412444709]
A2: [-0.009108588621669555, -0.34680319908495016, 0.2494550773872983, 0.10645666643280192] - [0.08003976372921583, 0.036282190140968534, -0.050250180063240404, -0.06607202787418338] - [-0.042452872368357104, 0.2308318326930273, -0.04053130224563212, -0.14784789748949015] - [0.06813473161593725, -0.29346790414235613, 0.14177118953811307, 0.08356180757590438]
B1: 2.1172658881310786e-10 - 2.3066896756753827e-08 - 1.2739937473928902e-08 - 8.543985507095968e-09
B2: 3.2495589978553043e-08 - 2.8406905372423116e-08 - 8.08251949281118e-08 - -4.210515527272941e-08
