Number: 4226
Error: 1.424197434175351e-15
A1: [0.06621323086613705, -0.11395203162412329, -0.023983901134343392, 0.07172291725146518] - [0.03740269116771275, 0.1881934449526738, -0.14740886907718379, -0.07818693246896853] - [-0.0602293441444873, 0.3289508262320492, -0.12775308308657654, -0.14096829575535416] - [0.03904604676454276, -0.05332279272723836, -0.03741869911005051, 0.051695012583436104]
A2: [-0.009108486327840294, -0.346803090567283, 0.2494551805088819, 0.10645677368221328] - [0.08003983950101724, 0.03628227176878652, -0.05025009724917158, -0.0660719443568867] - [-0.04245285183949746, 0.2308318553497164, -0.04053128024637551, -0.14784787478558842] - [0.06813487988432837, -0.29346774089253924, 0.14177135027544238, 0.08356197381198076]
B1: -2.3302194786143793e-08 - 2.431223925110392e-08 - -1.5219763905415964e-08 - 3.640703642718917e-08
B2: 1.4929498876816698e-08 - 4.265333164416009e-08 - 9.092130545980262e-09 - -5.1059259441517764e-08
