Number: 4356
Error: 1.226229463701386e-15
A1: [0.06621310763345602, -0.11395215210298615, -0.02398402427032758, 0.0717227942255879] - [0.03740266166554876, 0.1881934167653589, -0.14740889808007135, -0.07818696147442857] - [-0.06022949272956511, 0.3289506835242055, -0.12775322848321735, -0.14096844036996367] - [0.03904625188995995, -0.0533225980298557, -0.03741850065802288, 0.05169520942411328]
A2: [-0.00910847771444643, -0.3468030814298341, 0.24945518919195128, 0.10645678271282066] - [0.0800398493972935, 0.03628228242992203, -0.05025008643309968, -0.06607193344894677] - [-0.042452716218001826, 0.23083200502998308, -0.04053113490903382, -0.14784772479331057] - [0.06813469455920546, -0.29346794494352196, 0.14177114936519547, 0.08356176602832929]
B1: -4.3886521507400334e-08 - 3.4512184590300825e-09 - 1.4277108362024973e-08 - -4.741442618708876e-08
B2: 1.4543391582582777e-08 - 2.6116247349590227e-08 - 1.651728909565959e-08 - -1.0778383071826409e-07
