Number: 3689
Error: 4.4458472064181565e-15
A1: [0.066213502907895, -0.11395176566141214, -0.0239836293059951, 0.0717231888366328] - [0.03740292167743112, 0.188193665188656, -0.14740864246867175, -0.07818670584021253] - [-0.060228715023210096, 0.32895143046792924, -0.12775246746597632, -0.14096768344581995] - [0.039046714750199364, -0.053322158701606545, -0.03741805285652807, 0.051695653589795505]
A2: [-0.009108700496767316, -0.3468033177678318, 0.24945496460684805, 0.1064565491367741] - [0.08004000516771441, 0.036282450239660896, -0.0502499161848021, -0.0660717617545793] - [-0.04245265922227661, 0.23083206793408165, -0.040531073829836124, -0.14784766175832212] - [0.06813466795102917, -0.29346797424115617, 0.14177112051910745, 0.08356173619443916]
B1: -2.7967361198952085e-08 - 1.0334014430949078e-08 - 3.702685757560393e-08 - -5.6694826632400565e-09
B2: -1.111346468334832e-08 - -2.1744329503646944e-08 - 1.3507716053737685e-07 - -5.821798542051627e-09
