Number: 2624
Error: 1.2758428093012576e-07
A1: [0.06443479962620866, -0.04687303376152353, -0.022450419546394172, 0.008851411917002804] - [0.04374811689886047, 0.19135344115813602, -0.14247554043863891, -0.09241690938977994] - [-0.12213113639116335, 0.41617827041657146, -0.10353052894095206, -0.18574726879502437] - [0.038033534363008825, 0.020203539081364356, -0.03209976138666784, -0.0220224401422322]
A2: [0.06427059979030225, -0.17286464535051702, 0.0871565741369075, 0.024778892961742967] - [0.02993482562952272, 0.2009338636800047, -0.10106776702491257, -0.12724214498862693] - [-0.09248854588066159, 0.5145862898932723, -0.22468450368550827, -0.19420558898471918] - [-0.025242220661252847, 0.019205170560796746, -0.049606771878519106, 0.05764294573362068]
B1: 9.5551801391408e-05 - 7.745729676392947e-05 - 0.00013151501639317823 - 0.0001238933477500342
B2: -0.00022328041400655976 - 4.8403824535323675e-05 - -0.0002822695495056243 - -0.00023556732237388405
