Number: 5456
Error: 2.6453206324251317e-14
A1: [0.06621320850475262, -0.113952053485869, -0.023983923478338966, 0.07172289492748171] - [0.03740250923605083, 0.18819327112933024, -0.14740904792995352, -0.07818711133755642] - [-0.06022925419658618, 0.3289509126212516, -0.1277529950693453, -0.14096820821089603] - [0.039046218255081276, -0.05332262995465277, -0.03741853319849313, 0.05169517714784864]
A2: [-0.00910825781375245, -0.34680284815050233, 0.24945541087095321, 0.10645701326601167] - [0.08003929905117182, 0.03628168955038829, -0.05025068792860158, -0.06607254005221537] - [-0.042452732332069774, 0.23083198724502782, -0.040531152178072606, -0.1478477426153703] - [0.06813461072848002, -0.29346803724413273, 0.1417710584843497, 0.08356167203952918]
B1: -3.927586659470984e-07 - 3.4456358976096085e-07 - 5.9191631788379545e-08 - -1.617428485336745e-08
B2: 1.1678394023380816e-07 - 1.5928948115379433e-07 - 6.228590480387059e-08 - 9.843524843701289e-08
