Number: 6031
Error: 2.7977952553312757e-13
A1: [0.08043391935790964, -0.18046557633235122, -0.019586624972977647, 0.11962720615555483] - [0.0374190627194277, 0.13359986625544554, -0.13472271042469172, -0.03628234430847341] - [-0.001700619778672744, 0.2281923157041004, -0.122826186621124, -0.10365671157136609] - [0.03886590402748093, -0.11447835644228642, -0.046413773494715566, 0.12203689589427122]
A2: [0.035312139809310056, -0.029268766061626164, -0.07569288433649027, 0.06966832341035635] - [0.10289152743081409, 0.2828944591557088, -0.3926085465427987, 0.006813667944324944] - [-0.011186133119826634, 0.5390155633327562, -0.3594501003298098, -0.16837544573850868] - [0.09786424745853133, 0.017464771135519398, -0.16884963206193895, 0.053526398368067295]
B1: 1.1510456217507662e-07 - 1.452627002632035e-06 - -8.878822882281252e-07 - -4.943324728128247e-07
B2: -1.1643871315640016e-06 - -1.7839136048952143e-06 - 2.9491264952453257e-06 - 7.349978734846367e-08
