Number: 6264
Error: 8.8324182075714e-16
A1: [0.08043165307504382, -0.18046784235650518, -0.0195888885450823, 0.11962494013223975] - [0.037415554050816514, 0.13359636025166302, -0.1347262120895476, -0.03628585102597095] - [-0.0017028290113761536, 0.22819010650840202, -0.12282839262915385, -0.10365892022037998] - [0.03886321308600518, -0.11448103983563682, -0.04641646272529506, 0.12203420662308585]
A2: [0.03530747736521619, -0.029273441398161387, -0.07569731733546986, 0.0696634436471959] - [0.102893681695138, 0.2828966317041683, -0.39260646296362633, 0.0068159237763502625] - [-0.011187184341474728, 0.5390145058335251, -0.35945109533245667, -0.16837655344829439] - [0.09786276189054019, 0.01746327880753895, -0.16885104622848035, 0.05352483900227145]
B1: 1.5600466902457314e-08 - -1.96459380413395e-08 - -2.924143781850245e-08 - -1.142904507796929e-08
B2: -2.0004370822271485e-08 - -1.828083872168502e-08 - -2.1091177175177816e-09 - -9.207328104895602e-09
