Number: 7774
Error: 9.300370846537892e-16
A1: [0.0804316839505084, -0.18046781148454905, -0.01958885770652998, 0.11962497100417908] - [0.03741566779909029, 0.13359647391383883, -0.13472609856790255, -0.03628573734070547] - [-0.0017027939205263188, 0.22819014159849654, -0.12282835758967438, -0.10365888513889034] - [0.03886322347799367, -0.11448102947282522, -0.04641645233992389, 0.12203421700861296]
A2: [0.03530732549585914, -0.02927359368754767, -0.07569746173102584, 0.06966328469954579] - [0.10289360365018853, 0.28289655299688155, -0.39260653844775767, 0.006815842052032384] - [-0.01118720297875889, 0.5390144870850838, -0.3594511129731938, -0.16837657308688322] - [0.09786270058408064, 0.017463217222233065, -0.16885110458838218, 0.05352477465058752]
B1: 1.1634989947874714e-08 - -6.692361801545255e-09 - 1.5672077980419908e-08 - 1.3262354355845639e-08
B2: -2.1193368487107877e-08 - 7.952416425332538e-08 - -4.390908993653958e-09 - -1.8868200548353296e-08
