Number: 2758
Error: 4.281545216197896e-09
A1: [0.06384049060390215, -0.047468036069701354, -0.023041713783489803, 0.008258037855601258] - [0.04401933951558259, 0.19161585253383656, -0.1421963381803361, -0.09211903331397117] - [-0.12337508405406165, 0.41493208410645266, -0.10478709324713306, -0.18700088116359384] - [0.03745355680478441, 0.019618324547423214, -0.03268240710637829, -0.02260395789602965]
A2: [0.06370172795924339, -0.17342616443063472, 0.08658618885035382, 0.024216655386068903] - [0.02943486929088585, 0.20044146443227098, -0.10156580417401803, -0.12773120775579208] - [-0.09286259124693023, 0.5142193750690162, -0.2250573306755614, -0.19456800739592703] - [-0.025769895621816488, 0.01867740155373124, -0.05013131645688776, 0.05713003830284811]
B1: 9.286787387735881e-05 - 0.00013301033170352313 - 2.998598749457072e-05 - 0.0002042385747077892
B2: 3.484225141762725e-05 - 7.75767389550455e-05 - 0.00017072058910230526 - -1.1457485504488008e-05
