Number: 1519
Error: 6.182605928687335e-09
A1: [-0.007531419763312839, -0.015340993587250431, 0.0026392031014042076, 0.01910115298497617] - [0.06648706840945319, 0.18955757689079242, -0.1470862570126214, -0.11024024871044585] - [-0.11332823001704216, 0.44105664876335815, -0.07156373702120476, -0.2589042650898151] - [-0.02337163098625213, 0.015341677041418658, -0.02993690135068584, 0.03890943197230702]
A2: [0.13197750295239102, -0.22424329232077536, 0.02305103785003891, 0.07054336899514012] - [0.03267414494748226, 0.20377658894250916, -0.11486048208501695, -0.12143028471760194] - [-0.0944537369177003, 0.5557060151190851, -0.23503688999063022, -0.22546972683282457] - [-0.020917108223994407, -0.019364351023090733, 0.008028557534256384, 0.03209531911664036]
B1: 0.0001063640863167196 - -4.0098553815009824e-05 - 3.360695618699213e-05 - -2.437740477096026e-05
B2: 7.174828166177301e-05 - -0.00023233438768033884 - 0.00011632231103344008 - -7.430970348198081e-05
