Number: 4689
Error: 9.246055586679102e-16
A1: [0.06621314455767753, -0.11395211600389002, -0.023983987375096952, 0.07172283108781677] - [0.0374025756395254, 0.18819333457333173, -0.1474089826502552, -0.07818704605209684] - [-0.060229304398619656, 0.32895086440574334, -0.12775304419364217, -0.14096825707138494] - [0.039046058583892054, -0.05332278150878209, -0.037418687675242576, 0.051695023925362585]
A2: [-0.009108665154525762, -0.34680328027433877, 0.24945500023512326, 0.10645658619216664] - [0.08003993731938965, 0.03628237714716358, -0.050249990339271036, -0.06607183653921654] - [-0.04245284035008667, 0.2308318680302118, -0.04053126793372039, -0.14784786207862982] - [0.06813471704084585, -0.2934679201902491, 0.14177117373718987, 0.08356179123444227]
B1: 2.386549712228381e-08 - 5.549926100463312e-08 - 1.1347593093578104e-09 - -7.66136410661012e-09
B2: 5.530104137441039e-10 - 7.320376857569923e-09 - 7.911782709659171e-08 - -1.2942925756415456e-09
