Number: 4481
Error: 1.2168993372724618e-15
A1: [0.06621315296128076, -0.11395210778808637, -0.023983978978082982, 0.07172283947734108] - [0.03740260898313901, 0.18819336643088636, -0.14740894987091846, -0.07818701326985725] - [-0.060229116447397285, 0.3289510449225796, -0.1277528602756391, -0.14096807414274484] - [0.039046138932072046, -0.0533227052452405, -0.03741860994101241, 0.051695101028465855]
A2: [-0.009108577736073068, -0.3468031875371157, 0.2494550883610139, 0.10645667784563852] - [0.08003982024521686, 0.036282251024802016, -0.050250118294639504, -0.06607196558103473] - [-0.04245289564034456, 0.23083180700847836, -0.04053132718499917, -0.14784792322751078] - [0.0681349021158338, -0.29346771641480346, 0.14177137437642362, 0.08356199873746872]
B1: 9.594298012322705e-09 - -1.0498611112363118e-08 - -4.155768847498226e-08 - 3.781646785743988e-08
B2: 1.602569860023214e-08 - 9.104769293608467e-09 - -3.9059935193093055e-09 - 1.6185795311210606e-08
