Number: 4673
Error: 7.772971896521852e-16
A1: [0.06621316844260468, -0.11395209265270656, -0.023983963508913034, 0.07172285493266214] - [0.037402560898386686, 0.1881933204891708, -0.14740899714192543, -0.07818706054504787] - [-0.060229440082607, 0.32895073408868053, -0.12775317696603272, -0.14096838912969126] - [0.039046233975887815, -0.05332261503320682, -0.03741851798927958, 0.051695192233536594]
A2: [-0.009108511748286257, -0.3468031175344898, 0.2494551548825644, 0.10645674703008588] - [0.08003977714823375, 0.036282204597024845, -0.050250165397134, -0.06607201308352738] - [-0.042452772742950895, 0.2308319426455271, -0.04053119548331502, -0.14784778730780462] - [0.06813481483958321, -0.29346781250973436, 0.14177127976034454, 0.08356190088471152]
B1: -1.3894976031817524e-08 - -1.5838086327244228e-09 - -7.854587793217423e-09 - -8.311050222965065e-09
B2: 2.3464653751649177e-09 - 7.792700707900794e-09 - -4.728083850242718e-08 - -4.3968679123111645e-09
