Number: 9375
Error: 1.0810168455878835e-11
A1: [0.05317135161006281, -0.14800246779993456, -0.027000243435473772, 0.12182662501243643] - [0.005295305408993155, 0.13081825948812772, -0.11361915586355033, -0.022568204327678185] - [-0.014451815971477922, 0.223084278809296, -0.12704851277783907, -0.0816132742385906] - [0.02713622064155082, -0.10003027554758731, -0.04943476775848544, 0.12228785783742499]
A2: [0.08923732818620045, -0.0729304657763733, -0.12364416909937542, 0.1072690387583219] - [0.10882761436083947, 0.24980006545934774, -0.4048591236732141, 0.0461751290098914] - [0.03663249140673611, 0.4625516967609275, -0.3777208070052566, -0.12147674379387068] - [0.14343107346835027, -0.04460199870649991, -0.20149500403700418, 0.1026845717463448]
B1: -9.688742165733644e-06 - 2.952895359178213e-06 - -3.926039853721998e-06 - 1.374412639360452e-06
B2: -3.21827554216511e-08 - -2.638518844702077e-06 - 1.5155095709281702e-06 - -3.327645439073737e-06
