Number: 5745
Error: 0.003967754630665595
A1: [-0.06360119368305954, -0.32772455174051324, -0.16758477776691938, -0.026620749386617196] - [-0.06935622525630085, 0.00875556024169525, -0.25271672522075583, -0.15009551198627274] - [-0.20695654272952105, 0.045753081194592635, -0.32183936793856416, -0.30413774310622566] - [-0.22501811232046245, -0.3431337427186337, -0.2962672584784021, -0.13251928218016648]
A2: [0.10846560349274005, 0.04643869366892463, 0.011551855838079071, 0.13659177228993305] - [0.2293079287743124, 0.4170078469965121, -0.27841988911970084, 0.11765527816140285] - [0.08075670018607504, 0.6380351632400104, -0.2657339862445188, -0.09127234522078093] - [0.18612975784997235, 0.11137610562983892, -0.07499254521060204, 0.128964953912869]
B1: 0.1059141549198445 - -0.0055661300397176 - 0.09219873787761779 - 0.09230715778531047
B2: 0.031538373364622015 - 0.029649060843437974 - 0.010762263491628584 - 0.04107989092862223
