Number: 7938
Error: 1.1811731427522484e-15
A1: [0.08043170663364664, -0.18046778880398406, -0.019588835050527147, 0.11962499368472021] - [0.03741559379951439, 0.13359639997027337, -0.1347261724200031, -0.03628581129927851] - [-0.0017028151136058878, 0.22819012040586725, -0.12282837875172602, -0.10365890632631493] - [0.03886324862282754, -0.11448100439855867, -0.04641642721111866, 0.12203424213781568]
A2: [0.035307544162708066, -0.0292733744159145, -0.07569725382509013, 0.06966351355782271] - [0.1028937621477548, 0.28289671283960754, -0.39260638515089274, 0.006816008022006491] - [-0.011187125455269571, 0.5390145650709468, -0.3594510395954529, -0.16837649139776012] - [0.09786284159322138, 0.017463358872752445, -0.16885097035665458, 0.05352492266410369]
B1: 2.2880247948467174e-08 - 2.4752560169445486e-08 - -1.3039304283224027e-08 - 4.429176036313969e-09
B2: 3.887127025997496e-09 - 1.4469344940376933e-08 - 1.1197018426723393e-08 - 4.17396994797523e-09
