Number: 6541
Error: 8.854248742616178e-16
A1: [0.08043168599416997, -0.18046780944111132, -0.019588855665318903, 0.11962497304760342] - [0.03741558485251535, 0.13359639103004547, -0.13472618134922207, -0.03628582024133743] - [-0.001702810585451677, 0.2281901249339308, -0.12282837423020711, -0.10365890179937548] - [0.038863224199085014, -0.11448102875374772, -0.04641645161929546, 0.12203421772925607]
A2: [0.03530742919916351, -0.02927348969743372, -0.07569736313111838, 0.06966339323617297] - [0.10289373836769905, 0.2828966888577188, -0.3926064081506804, 0.0068159831208313235] - [-0.011187109540990121, 0.5390145810801665, -0.35945102453221883, -0.1683764746283504] - [0.0978628001886756, 0.017463317279882002, -0.1688510097711571, 0.05352487920287362]
B1: 1.2634395672909215e-09 - -9.885512013805837e-10 - 4.080675258978852e-10 - -1.2444044830727397e-09
B2: -4.202836626840418e-10 - -4.158654082964558e-09 - 9.400624657803443e-09 - -5.985689961889721e-09
