Number: 8394
Error: 9.916301297161147e-16
A1: [0.08043170344623951, -0.1804677919910255, -0.019588838234160837, 0.11962499049766084] - [0.03741554088586576, 0.13359634709669038, -0.13472622522813066, -0.03628586418355686] - [-0.0017028296664273292, 0.22819010585335764, -0.12282839328324395, -0.10365892087524689] - [0.03886325680497421, -0.11448099623934922, -0.04641641903419179, 0.12203425031488394]
A2: [0.035307373913104775, -0.029273545136347678, -0.07569741569652261, 0.06966333537345085] - [0.10289381124389772, 0.28289676235244404, -0.392606337665671, 0.00681605943274898] - [-0.011187073708864223, 0.5390146171259443, -0.35945099061626845, -0.16837643687087692] - [0.097862849138332, 0.017463366452147317, -0.16885096317415618, 0.053524930583950366]
B1: -1.1747732033984976e-08 - 2.6387877478190108e-09 - 8.969301692200437e-09 - 2.6652867901703337e-08
B2: 1.9209065042026977e-08 - -2.4234024026427168e-08 - 5.530180888452461e-09 - 2.2092369892382197e-08
