Number: 4345
Error: 8.358699691350524e-16
A1: [0.06621320950329136, -0.11395205250958974, -0.023983922480424334, 0.07172289592447331] - [0.03740266856455621, 0.1881934233568919, -0.14740889129781934, -0.0781869546915755] - [-0.06022928726829227, 0.328950880858461, -0.12775302743092148, -0.14096824039903905] - [0.03904617978481942, -0.053322666469375064, -0.03741857041737027, 0.05169514023118043]
A2: [-0.009108620873133832, -0.3468032332987805, 0.24945504487495138, 0.10645663261876664] - [0.08003981625675034, 0.036282246728067555, -0.05025012265382197, -0.06607196997722412] - [-0.04245284873295943, 0.2308318587783253, -0.04053127691725078, -0.14784787134976562] - [0.06813494865431614, -0.2934676651738545, 0.14177142482871036, 0.08356205091572946]
B1: 4.507117676140307e-08 - -9.431727532425686e-09 - -3.218552232779395e-08 - 4.751235360351232e-08
B2: -3.528442721418638e-08 - 2.3183857616345405e-08 - -7.312513774921119e-10 - 6.422034546662816e-08
