Number: 8563
Error: 1.4040432569848894e-15
A1: [0.08043166286726015, -0.18046783256537713, -0.019588878764589184, 0.11962494992334886] - [0.03741550249329932, 0.13359630873322642, -0.1347262635441106, -0.03628590255481184] - [-0.0017027852143992755, 0.22819015030442585, -0.12282834889630842, -0.10365887643508781] - [0.038863221585725985, -0.11448103135969907, -0.04641645423097369, 0.12203421511757359]
A2: [0.03530729880997019, -0.029273620447215414, -0.07569748710386295, 0.06966325677005643] - [0.1028937093902442, 0.2828966596343834, -0.39260643617729746, 0.006815952777246863] - [-0.01118715935509044, 0.5390145309689411, -0.3594510716825275, -0.1683765271190131] - [0.09786271878563424, 0.0174632355065564, -0.16885108726178094, 0.053524793756374076]
B1: -3.1803127325953374e-08 - -7.954073070718324e-10 - -1.681760986768005e-08 - -8.192337859440767e-09
B2: 2.9945439161663145e-08 - -4.390201397118055e-08 - 2.996025229604392e-08 - 2.6953018575340465e-08
