Number: 4568
Error: 6.773034126837073e-16
A1: [0.06621308192025321, -0.11395217724158907, -0.02398404996336309, 0.07172276855551808] - [0.03740247771755281, 0.18819324101551113, -0.14740907891506555, -0.07818714232542831] - [-0.06022958156627212, 0.3289505982014426, -0.12775331541359092, -0.14096852683260358] - [0.03904620038999027, -0.05332264691169197, -0.03741855048252668, 0.05169516000412383]
A2: [-0.009108594712567085, -0.3468032055465077, 0.24945507124713917, 0.10645666004669932] - [0.08003980754865533, 0.0362822373469748, -0.050250132171230956, -0.0660719795754882] - [-0.042452777280097796, 0.2308319376380773, -0.04053120034547693, -0.14784779232567305] - [0.06813471548193008, -0.2934679219066939, 0.14177117204723494, 0.08356178948660745]
B1: -8.456491031054953e-10 - -3.424617289668181e-08 - 2.917662121880794e-09 - -3.3817810572161125e-08
B2: -4.0283302003498155e-08 - -6.62052432431303e-08 - 5.8552545000371105e-08 - -4.0623074178662485e-08
