Number: 5440
Error: 1.1935822130600654e-15
A1: [0.06621310419930088, -0.11395215546033303, -0.02398402770176827, 0.07172279079719711] - [0.037402668352153924, 0.18819342315413815, -0.14740889150651418, -0.07818695490030812] - [-0.06022952033585258, 0.32895065700937137, -0.12775325549705502, -0.14096846723822054] - [0.03904616010536206, -0.05332268514813859, -0.03741858945630191, 0.05169512134675398]
A2: [-0.009109069491449438, -0.34680370921070064, 0.24945459262659417, 0.10645616226852431] - [0.08003997231943166, 0.036282414852137145, -0.05024995208605422, -0.06607179796152075] - [-0.042452722658182875, 0.23083199792173034, -0.04053114181119443, -0.14784773191642073] - [0.06813476755848334, -0.29346786456825863, 0.14177122850262955, 0.08356184787395765]
B1: 4.0188049137414845e-08 - 1.8250020107801127e-07 - 1.703830898618349e-08 - -3.9157549727358724e-08
B2: 1.1620768854310951e-08 - 5.443124392848502e-08 - -5.8882818928627135e-09 - 3.839131155834893e-08
