Number: 4183
Error: 1.0325603034295924e-15
A1: [0.06621319085642455, -0.1139520707397491, -0.023983941112656948, 0.07172287730890152] - [0.03740261790725766, 0.18819337495728203, -0.14740894109782895, -0.0781870044959802] - [-0.06022939932650446, 0.3289507732327627, -0.127753137084446, -0.1409683494627916] - [0.03904613619668412, -0.05332270784162218, -0.03741861258744118, 0.05169509840349915]
A2: [-0.00910837707506727, -0.3468029746671667, 0.24945529064562527, 0.10645688822778038] - [0.08003982928651206, 0.036282260764837954, -0.050250108413044524, -0.0660719556155546] - [-0.042452875239014545, 0.23083182952455733, -0.0405313053222249, -0.14784790066457576] - [0.06813482345325902, -0.29346780302560277, 0.1417712890987236, 0.08356191054233299]
B1: -6.564954066220202e-10 - 4.3411477847574235e-10 - -2.67646338944104e-08 - 1.4173813408898351e-08
B2: -7.800286122689892e-09 - -7.198183936520671e-10 - -2.8016830270394646e-09 - -2.0486707797998206e-08
