Number: 6984
Error: 9.33107761050583e-16
A1: [0.08043169027168467, -0.1804678051640802, -0.0195888513929154, 0.11962497732463062] - [0.037415590142681296, 0.13359639631620837, -0.13472617606959508, -0.036285814954101867] - [-0.0017028147055112234, 0.22819012081395587, -0.12282837834423367, -0.10365890591833539] - [0.03886322360874309, -0.1144810293424314, -0.0464164522092629, 0.12203421713928014]
A2: [0.035307437134602306, -0.02927348174004485, -0.0756973555862039, 0.06966340154147306] - [0.10289376282213814, 0.28289671351970924, -0.3926063844986667, 0.006816008728209417] - [-0.011187083114829497, 0.5390146076639354, -0.35945099951927745, -0.1683764467822007] - [0.09786280512606249, 0.01746332223972653, -0.16885100507108308, 0.05352488438552123]
B1: -4.929837637504612e-09 - -1.0793534383469819e-08 - 5.947415310565498e-09 - -5.354043974631144e-10
B2: 3.9152567283580513e-10 - -3.718374376083532e-09 - 1.3699241382184294e-09 - -8.347033970631665e-09
