Number: 722
Error: 7.29905502362589e-14
A1: [-0.012153308269150941, -0.014517082212575898, 0.018087377975735116, 0.008583188782490937] - [0.06583515762947714, 0.18949518606563998, -0.14532265068978634, -0.11000864736731847] - [-0.09629363102087386, 0.4217855515905148, -0.05345793765232371, -0.27203638314001105] - [-0.0013220465139143676, -0.018219770220627346, -0.003835692211595726, 0.023376112196285586]
A2: [0.1615866632039055, -0.16775482978751902, 0.008501277445381258, -0.002333125648804438] - [0.035485705630998676, 0.20751670416611404, -0.11721044203601144, -0.12579204705696886] - [-0.08621351226920844, 0.581538153523868, -0.235388695096697, -0.25993553656544965] - [-0.00383442973752972, -0.004518761183084511, 0.0011107889344301512, 0.007243907068073938]
B1: -1.2273384614269034e-07 - -1.0190199193606694e-07 - -2.7972911922378786e-07 - -6.49442271149157e-08
B2: 2.13922834770864e-07 - -1.255158896254267e-07 - 1.7323344457688113e-07 - 2.1991661990643856e-07
