Number: 9255
Error: 6.377930200174775e-09
A1: [0.05267399509496099, -0.14850032122571508, -0.027497151869974378, 0.12132920496319924] - [0.004853225249354975, 0.13037566988119273, -0.11406144067347956, -0.02301081539091364] - [-0.014837681829168546, 0.22269814849657668, -0.12743403151167024, -0.08199906613170894] - [0.026840585207246085, -0.10032627187723335, -0.04973120900265175, 0.12199177339647363]
A2: [0.0896410829303309, -0.07252738445333387, -0.12324929775658067, 0.1076778977195288] - [0.10895325471564964, 0.24992543801198025, -0.40473600706134427, 0.04630305046242919] - [0.037015470530278566, 0.46293289519983305, -0.37734710360093204, -0.12108957336756397] - [0.14403047234517946, -0.044004487308024386, -0.20090947257901157, 0.10329284883937753]
B1: -8.973443515872713e-05 - -9.660565406204897e-05 - 4.686790579120831e-05 - -5.154904307238209e-05
B2: -6.871316655568327e-05 - -0.00017837327213059508 - 5.407306397139126e-05 - 7.974277360761689e-05
