Number: 1264
Error: 2.2441956363463728e-09
A1: [-0.007450056827609794, -0.015258431685468215, 0.00272484830878498, 0.01918496675414003] - [0.06678475474974094, 0.1898440527403787, -0.14677879915199374, -0.10990900984940954] - [-0.11292200971707744, 0.4414565368769759, -0.07113892754948596, -0.25846483835046796] - [-0.023676818038611287, 0.015042791307950458, -0.030247577961750493, 0.03858657006204642]
A2: [0.1320137041584691, -0.22420817042990235, 0.02308790916653977, 0.07057910647434995] - [0.03296642100725316, 0.20406416427825988, -0.11456944494842872, -0.12114410057552293] - [-0.09435152073892232, 0.5558085599202132, -0.23493586260115612, -0.22536788987320114] - [-0.020469647239309784, -0.018924126399978765, 0.008474177613518223, 0.0325262844346183]
B1: 0.00010070501087139739 - -0.00011499384099139678 - 3.584499560470803e-05 - 1.1928239823577635e-05
B2: -8.624245385171456e-06 - -8.377872181031156e-05 - 8.634697987645456e-05 - 0.00010687365637991114
