Number: 5629
Error: 1.1045658091597033e-06
A1: [0.06587095739053143, -0.11428526280550962, -0.024325676723974263, 0.07138089211947923] - [0.03796002311971329, 0.18872557822596434, -0.1468614797321767, -0.07764074324830483] - [-0.06004962057643854, 0.3291252371455801, -0.12757620392824667, -0.14079185220645302] - [0.03965065522464434, -0.05274721493145252, -0.036832550245004717, 0.05227678687701643]
A2: [-0.010486181064845185, -0.3482670988592261, 0.24806570841053427, 0.1050121572503295] - [0.07966272845526548, 0.03587644102029606, -0.05066250927976218, -0.06648758126983226] - [-0.04284201599778312, 0.23040177908818302, -0.04095020922897544, -0.14827952956607954] - [0.0685956456685758, -0.29296052494083447, 0.14226766583302367, 0.08407611968646661]
B1: -7.378836506862917e-05 - 0.0005674697084022862 - 0.0002769171244067154 - 5.398679192959136e-06
B2: -0.0006073197468652072 - -0.0008853366724596593 - -0.0008795096038073634 - -0.0010357526940271448
