Number: 6715
Error: 8.824135776445917e-16
A1: [0.08043167776524744, -0.18046781766910194, -0.019588863884401973, 0.11962496481962082] - [0.037415583443245984, 0.13359638962184361, -0.13472618275568385, -0.03628582164982645] - [-0.001702828571069914, 0.2281901069486937, -0.12282839218949024, -0.10365891978019295] - [0.03886322402734773, -0.11448102892500142, -0.04641645179092405, 0.12203421755762506]
A2: [0.03530742515804573, -0.029273493749728586, -0.07569736697336193, 0.0696633890067054] - [0.1028937625590864, 0.28289671325442206, -0.39260638475309007, 0.006816008452754233] - [-0.011187139163850144, 0.5390145512806158, -0.35945105257088794, -0.16837650584300554] - [0.09786278093900838, 0.01746329794265369, -0.1688510280955893, 0.05352485899698411]
B1: -5.075654561784621e-09 - 5.701964749612345e-09 - -1.5679721120662728e-08 - -8.859006874904109e-09
B2: -5.614174194778316e-09 - -5.1451514428862825e-09 - -3.7304187904158475e-09 - -5.36019872792504e-09
