Number: 9473
Error: 1.8171242622254457e-13
A1: [0.05317321108545319, -0.14800060981732144, -0.026998387124233213, 0.12182848324305029] - [0.005315547616317297, 0.13083852396322831, -0.11359891626595593, -0.02254793299869851] - [-0.014442977653390277, 0.2230931202923009, -0.12703968186870768, -0.08160443354661404] - [0.027149412518052266, -0.10001708556101645, -0.04942154968653828, 0.12230108039923435]
A2: [0.08925303219520046, -0.07291479609013118, -0.1236288176604587, 0.10728493641364452] - [0.10884400542273288, 0.24981645815097547, -0.40484305799746645, 0.04619179503189874] - [0.036636625661816885, 0.46255580955727316, -0.37771677321009195, -0.12147256657046603] - [0.1434258402081828, -0.04460721410076596, -0.2015001144699901, 0.10267926070923764]
B1: -8.021831320189431e-07 - 1.0228297402065075e-06 - 4.79382857815041e-07 - 6.340865797719091e-07
B2: 5.732406655558407e-07 - 2.975076555982828e-07 - 1.0692478508131401e-07 - -2.9429236300391564e-07
