Number: 9381
Error: 3.840175419567384e-11
A1: [0.05316485934425654, -0.14800896274222686, -0.027006728714921168, 0.12182012934015543] - [0.005319681215129286, 0.1308426611670113, -0.113594783733452, -0.022543794184438883] - [-0.01444938864699904, 0.22308670703163672, -0.12704608742007417, -0.08161084613117212] - [0.027141731247976676, -0.10002476524258777, -0.049429245853241786, 0.12229338193104948]
A2: [0.08923071488131888, -0.07293706372603226, -0.12365063312584859, 0.10726234362182166] - [0.10885395011527657, 0.24982640576982035, -0.4048333095678185, 0.04620190776609869] - [0.03664359373832439, 0.4625627411699043, -0.3777099749588917, -0.12146552645795815] - [0.14345977283623135, -0.04457340651481381, -0.20146698164639673, 0.10271369684124558]
B1: -1.3862978816364418e-05 - 1.3767338750691938e-05 - -1.86000159258364e-06 - 1.0372666991450325e-05
B2: -2.5110807224705778e-06 - 4.3707244385049424e-07 - 4.70202734888819e-06 - 1.9921165026841446e-06
