Number: 7742
Error: 1.2197741225835742e-15
A1: [0.08043165730828175, -0.18046783812375908, -0.019588884316900736, 0.11962494436499518] - [0.03741555808351741, 0.13359636428130253, -0.1347262080648669, -0.03628584699550288] - [-0.0017028627119808574, 0.22819007280850787, -0.12282842628040812, -0.10365895391198604] - [0.03886320820512978, -0.11448104470282842, -0.04641646760305579, 0.12203420174524131]
A2: [0.03530742202563899, -0.029273496890787228, -0.07569736995163749, 0.06966338572832073] - [0.10289369477888759, 0.2828966448989837, -0.39260645030922503, 0.006815937477024681] - [-0.011187126756933953, 0.53901456376153, -0.3594510408274936, -0.16837649276937905] - [0.09786278216712019, 0.017463299176357513, -0.16885102692652812, 0.05352486028612817]
B1: 9.759581354527326e-10 - -6.811127612651215e-09 - 6.832210067489723e-09 - 5.60004796424322e-09
B2: 1.0910565809082211e-08 - -2.8007505076399254e-08 - 6.599794925190067e-09 - 8.383407585662755e-09
