Number: 6925
Error: 1.0966293522447297e-15
A1: [0.08043167708687443, -0.18046781834739742, -0.019588864561963373, 0.11962496414132529] - [0.03741559665830176, 0.13359640282689678, -0.1347261695669585, -0.03628580844209125] - [-0.001702810466538968, 0.22819012505283734, -0.12282837411146735, -0.10365890168049445] - [0.03886323501206827, -0.11448101797110861, -0.04641644081320311, 0.12203422853551806]
A2: [0.03530732609614236, -0.029273593085624047, -0.0756974611601591, 0.06966328532768093] - [0.10289371173582895, 0.2828966619998229, -0.39260643390868, 0.006815955233375835] - [-0.011187043724514926, 0.5390146472892017, -0.35945096223548767, -0.16837640527524217] - [0.09786277204279849, 0.017463289005977416, -0.16885103656421044, 0.0535248496588639]
B1: -7.66686833106418e-09 - -2.5875618408435588e-08 - 3.453686428878506e-08 - -6.765637639857399e-09
B2: -1.0047077189618692e-08 - -1.900043521058917e-09 - 1.095977704407389e-10 - -1.236338603157993e-09
