Number: 6845
Error: 1.198669596275539e-15
A1: [0.08043166595980031, -0.18046782947321147, -0.019588875675734283, 0.11962495301552156] - [0.037415556143037064, 0.13359636234229683, -0.13472621000149704, -0.03628584893491303] - [-0.0017028604779236749, 0.2281900750425203, -0.122828424049628, -0.1036589516785318] - [0.03886319752653429, -0.11448105535144366, -0.04641647827485151, 0.12203419107328184]
A2: [0.0353074260656554, -0.029273492839608804, -0.07569736611041963, 0.0696633899566184] - [0.10289373839422289, 0.28289668888446795, -0.39260640812502867, 0.006815983148607322] - [-0.011187048041415687, 0.5390146429465552, -0.35945096632153306, -0.16837640982410362] - [0.09786281705435268, 0.017463334222273898, -0.16885099371612397, 0.053524896906342934]
B1: -1.0653984211530214e-09 - -1.7452206329459168e-08 - 1.8312316005589988e-08 - 9.821648394030261e-10
B2: 8.076097562252721e-09 - -1.168596420802555e-09 - -1.0824215438344987e-08 - -1.3723298350989636e-09
