Number: 9583
Error: 4.737629972140354e-14
A1: [0.05317205858635458, -0.14800176271462503, -0.026999538335274607, 0.12182733019268678] - [0.005313485161915822, 0.13083645936189697, -0.11360097839641484, -0.022549998359394127] - [-0.014444272147114667, 0.22309182533133812, -0.12704097533123987, -0.08160572849564496] - [0.027146236384983036, -0.10002026175472026, -0.0494247325858622, 0.12229789612088435]
A2: [0.08925316293816299, -0.07291466567031252, -0.12362868991074824, 0.10728506869653227] - [0.10884099841392393, 0.24981345059603133, -0.4048460054552582, 0.04618873741182366] - [0.03663524123557901, 0.4625544323173915, -0.3777181239410454, -0.12147396537096883] - [0.1434269639058133, -0.044606094598268906, -0.20149901729394737, 0.10268040107235726]
B1: 4.3240865332009754e-08 - 5.228162024133776e-07 - 3.081879457434249e-07 - -4.2248703030549693e-07
B2: 2.9627954769681287e-08 - 1.9010353555526805e-07 - 1.3763349273397126e-07 - 2.503868452564677e-07
