Number: 6023
Error: 7.396965267362174e-13
A1: [0.08043346833685348, -0.18046602730697772, -0.019587075457650094, 0.11962675518428584] - [0.037419538364687824, 0.1336003415261838, -0.13472223574534328, -0.036281868937136426] - [-0.0017009737218390013, 0.22819196177954987, -0.12282654003235968, -0.10365706541214195] - [0.03886530055183714, -0.11447895822242495, -0.04641437658219153, 0.12203629279570637]
A2: [0.0353042046641028, -0.029276723167511044, -0.07570042895753722, 0.06966001841632828] - [0.1028976730461216, 0.2829006569351919, -0.39260260258859214, 0.006820103305334428] - [-0.011182767875790369, 0.5390189486582486, -0.35944691506022713, -0.168371899661361] - [0.0978644582080834, 0.01746498284514985, -0.16884943144057585, 0.053526619587879055]
B1: -1.7948624725789686e-06 - 1.1936182977390503e-06 - 6.895146735272316e-07 - -2.3027579842268156e-08
B2: -8.398658601789624e-07 - -1.643551915926032e-06 - 3.0626358714197157e-06 - 4.6495546840075027e-07
