Number: 937
Error: 1.862576423079109e-08
A1: [-0.012112701392276099, -0.014475527778214582, 0.0181321503102519, 0.008626428921333244] - [0.06572400367725961, 0.18938825020442893, -0.1454375594117718, -0.11013239578506753] - [-0.0963358384341923, 0.42174465759087, -0.053503775778692184, -0.2720856263408255] - [-0.0012399135474007554, -0.018140771118348515, -0.003748275655554383, 0.02347113529451917]
A2: [0.1614440474170704, -0.1678945678294897, 0.008361671715427737, -0.002471923960674737] - [0.03544765809257998, 0.2074792812372963, -0.11724830280487078, -0.12582924705098075] - [-0.08625458417497171, 0.5814980892619769, -0.2354285196897952, -0.25997538831934586] - [-0.003676834891370084, -0.004363690278865811, 0.0012668810947527274, 0.007394785642731337]
B1: 0.00010488213482974815 - 0.00017486884661595286 - 3.4068547619153555e-05 - -1.2025155085505989e-05
B2: -2.4020390189442473e-05 - -6.735459279817575e-05 - -5.543660935092145e-05 - -8.710151325198774e-05
