Number: 6676
Error: 1.0231403059470015e-15
A1: [0.08043167426519968, -0.18046782116875326, -0.019588867380264708, 0.11962496131997283] - [0.03741557254473464, 0.13359637873158106, -0.1347261936324798, -0.03628583254230073] - [-0.001702843551039671, 0.22819009196904358, -0.1228284071475273, -0.103658934756165] - [0.038863217754282885, -0.11448103518046158, -0.046416458059991596, 0.122034211288459]
A2: [0.035307421223979216, -0.029273497694676194, -0.07569737071382122, 0.06966338488927708] - [0.10289374650501436, 0.2828966970640972, -0.39260640028037713, 0.0068159916417922725] - [-0.0111871741410544, 0.539014516094787, -0.3594510856775645, -0.1683765426997159] - [0.09786276987977931, 0.017463286833119915, -0.1688510386232573, 0.05352484738839133]
B1: -2.441107566899109e-10 - 1.718324777896037e-08 - -1.787785102793631e-08 - -7.3834874711149636e-09
B2: 1.6247647668035806e-09 - 3.198050655841038e-09 - -1.0174478774394071e-10 - -1.0581666207956738e-09
