Number: 252
Error: 1.1996134311535554e-07
A1: [-0.009883311666165491, -0.012188770155936031, 0.02059477108254562, 0.0110082956956063] - [0.06601866676123981, 0.18967138135714684, -0.14513284723084843, -0.10980379125135148] - [-0.09363350752907759, 0.4243553713551514, -0.050567239149320424, -0.2689359195824524] - [-0.0003740505259739259, -0.017308973473848452, -0.0028237385490307012, 0.024472889918400156]
A2: [0.16125393741209437, -0.16807947138771367, 0.008177661496030547, -0.0026570189378773536] - [0.03642563151888031, 0.2084419709127125, -0.11627393998735983, -0.12487246896881309] - [-0.08667578809486955, 0.581084528772122, -0.235844041958936, -0.26038991928624267] - [-0.004142012139705605, -0.004821030515418995, 0.0008052313595749942, 0.006948279288734598]
B1: 3.1263865558282616e-05 - 0.0002825194365281609 - 6.3980195154874236e-06 - 0.00028834064738981124
B2: -0.001270859107691955 - 0.0019027814168202622 - 0.0002420959782298601 - -0.00028358417881840054
