Number: 5678
Error: 5.0789174182833316e-05
A1: [0.0702363800284905, -0.10863868795102473, -0.0191955527623198, 0.07677047760025643] - [0.059362115128970876, 0.2095093970084648, -0.1258658133413956, -0.057262773099653275] - [-0.06032611732148886, 0.32703342180195244, -0.12972425011844066, -0.14590394281347718] - [0.04761423001658792, -0.04161358889768069, -0.027000128293624182, 0.06362778597468137]
A2: [-0.030488987608234513, -0.3705426892790838, 0.225092523330786, 0.08726830537158228] - [0.05963802974198549, 0.014608137247517472, -0.07260756319075959, -0.08829936669372024] - [-0.06504209437714868, 0.20570525663612227, -0.06514866347617881, -0.1713354258878282] - [0.0633681632850836, -0.2989301647108714, 0.13797890766486903, 0.07845197367723299]
B1: -0.0008354143196263077 - -0.0022119454897842773 - -0.005963030694927851 - -0.017428179987836523
B2: -0.003944542722139173 - 0.0014465717529639499 - 0.008232661307108004 - -0.00879378334940698
