Number: 3973
Error: 6.292111840699152e-16
A1: [0.06621318951512259, -0.11395207205107787, -0.023983942452905253, 0.07172287596985054] - [0.03740264835512565, 0.18819340404814702, -0.147408911165251, -0.0781869745607462] - [-0.06022929886176466, 0.32895086972357396, -0.12775303877559172, -0.14096825168271215] - [0.03904607614513058, -0.05332276484028895, -0.03741867068530468, 0.051695040777372504]
A2: [-0.009108514178899182, -0.34680312011288417, 0.24945515243250624, 0.10645674448190663] - [0.08003979135154315, 0.03628221989800371, -0.05025014987380977, -0.06607199742838787] - [-0.04245275349989956, 0.23083196388343946, -0.04053117486174802, -0.14784776602566752] - [0.06813474696462353, -0.2934678872429488, 0.14177120617765995, 0.08356182478440463]
B1: -9.732303924115531e-09 - -2.7077984466989302e-08 - 4.781646305101674e-09 - -1.4680737123434121e-08
B2: 4.768216872399458e-10 - 1.51454895592045e-09 - -1.7829709809776737e-08 - -1.670296075513025e-08
