Number: 3030
Error: 3.6528752206389884e-08
A1: [0.06341412352593656, -0.047892125945579, -0.02346378239557532, 0.007831894752055093] - [0.04377281907996688, 0.1913779474798382, -0.14244834493610775, -0.09238748643281829] - [-0.1241033078648642, 0.4142120948244951, -0.10551285676880824, -0.18772158053721394] - [0.03759282688891354, 0.01975781447918625, -0.03254842182306001, -0.022472277412644376]
A2: [0.06370581122863736, -0.17342525202608755, 0.08659120854142814, 0.02421685840758894] - [0.02896253102175756, 0.19997630112693743, -0.10203650321477009, -0.1281942455321776] - [-0.09386317603532766, 0.5132343691378467, -0.22606119706638525, -0.1955338995966311] - [-0.026186997763018888, 0.018255573430733474, -0.050554933897028836, 0.05672628361474487]
B1: -0.00047258043587978567 - -0.00010349022034911554 - -7.46472540296018e-05 - 0.00017127860944856328
B2: 0.00020862013023135876 - -0.0003899395607910491 - 0.00030380056106143956 - -0.00010324347604675462
