Number: 9711
Error: 1.4519486709209517e-14
A1: [0.053172469225387625, -0.14800135192063393, -0.026999128146672883, 0.1218277410280587] - [0.005313677427694852, 0.13083665183452778, -0.11360078615579738, -0.02254980582534615] - [-0.014444751305267543, 0.2230913459999996, -0.12704145410821413, -0.0816062078257818] - [0.027146313211496357, -0.10002018492237003, -0.04942465559383947, 0.12229797314620602]
A2: [0.08925485223617802, -0.07291298027830932, -0.1236270386732333, 0.10728677882606917] - [0.10884167825003263, 0.24981413055332874, -0.4048453390810374, 0.04618942868866592] - [0.03663593708167492, 0.4625551245431521, -0.3777174450371902, -0.12147326230600414] - [0.1434265708912566, -0.04460648614399209, -0.20149940103520453, 0.10268000222782768]
B1: 7.317237077544978e-08 - 1.2588035490220732e-07 - -6.7212639059341e-08 - 9.475130928471036e-08
B2: -8.60336587498804e-09 - -4.3979523400566054e-08 - -1.1865562630899454e-07 - -1.9711604499667466e-08
