Number: 2086
Error: 5.8440073356346506e-05
A1: [0.1496443539517442, 0.10350472792993898, 0.12309227651589971, 0.1274513942259996] - [0.06424272709095855, 0.19314677140305386, -0.14386131946614616, -0.10696742067492292] - [-0.09086315629047803, 0.479641328846488, -0.044510660891122905, -0.1802275452896329] - [0.056919974330788325, 0.0829433950021181, -0.004723986342995153, 0.037618382724910505]
A2: [0.11067671604379983, -0.2089035208654674, 0.07114671756092793, 0.06639585987258162] - [0.041395360336832526, 0.20705115644874958, -0.11422148443980949, -0.11826906101086253] - [-0.008039958238968432, 0.6059125244262522, -0.15940216931879825, -0.1520738701874566] - [-0.07060610905450837, -0.07424142594399799, -0.06948123054110539, 0.044296468736115195]
B1: -0.003384362634022265 - -0.007620944805785373 - 0.00750544158414871 - -0.013276953780328333
B2: 0.010481569995743407 - -0.0044803732867597906 - -0.00985788445501306 - -0.01349034467460713
