Number: 6981
Error: 9.484942936096125e-16
A1: [0.080431689188908, -0.1804678062467342, -0.019588852474397407, 0.11962497624197761] - [0.037415591413995364, 0.13359639758656022, -0.13472617480081414, -0.036285813683492034] - [-0.0017028168133779672, 0.2281901187061341, -0.12282838044901417, -0.10365890802563958] - [0.03886322778035198, -0.11448102518252963, -0.04641644804031219, 0.12203422130829632]
A2: [0.03530744306531928, -0.029273475792924372, -0.07569734994735346, 0.06966340774861121] - [0.10289376939463364, 0.2828967201479861, -0.3926063781418347, 0.006816015610572263] - [-0.011187095734807886, 0.5390145949686844, -0.3594510114643623, -0.1683764600803118] - [0.0978628078054233, 0.017463324931274803, -0.16885100252050486, 0.05352488719797765]
B1: -1.6627972778709082e-09 - -6.184871042949594e-09 - 1.8647858009164376e-09 - 6.672675643406371e-10
B2: 5.857323141563861e-11 - -2.755108512487876e-09 - 1.331415830299173e-09 - -5.363041587955175e-09
