Number: 2062
Error: 0.0004040196463250027
A1: [-0.026244491048879548, -0.04970139858373215, -0.038376307890265866, -0.02606826224496611] - [0.03246222261418689, 0.16045756701852265, -0.18129184555137884, -0.1494379859499078] - [-0.02398758643938665, 0.5214880477717094, 0.022274817276932778, -0.13466375600710892] - [0.04616484762652842, 0.07686057321135081, 0.020554246663768254, 0.06932248321190287]
A2: [0.00033125108520487903, -0.33184616241967063, -0.08368560830869046, -0.05090273886144163] - [0.04967110180053653, 0.2139783486639353, -0.1032728615306715, -0.1077258301614689] - [-0.14065085271034472, 0.510830975273712, -0.27113591999253767, -0.27158413725815933] - [-0.10524966039413172, -0.09329346214283954, -0.10290384099970512, -0.027925762408842626]
B1: -0.01078757642750439 - 0.02629453140382679 - -0.019617732622576035 - -0.040730735021063245
B2: 0.00376066791671342 - -0.00024794499577845443 - -0.019742562713415127 - -0.008269623026133837
