Number: 9012
Error: 0.0005395923512684878
A1: [0.1719303046811979, -0.05272668406319452, 0.09174420789938179, 0.23346571404068425] - [0.047102896289336574, 0.1697600202233216, -0.07442005735110413, 0.01732399473006608] - [0.06220566794842837, 0.30706268904217093, -0.027305169202753665, 0.001500827302534185] - [0.08842630497197082, -0.039903067145854905, 0.017014466794853654, 0.1838584331181629]
A2: [0.06420303627505258, -0.08117152160620514, -0.12906256997292664, 0.09885343619645354] - [0.11690269733462288, 0.2403768190320965, -0.41168327322941267, 0.03636264586260393] - [0.009284283691763118, 0.4477907411071723, -0.4170307406240912, -0.14417986820497075] - [0.12690072988434492, -0.05387398550050087, -0.2165766182003218, 0.09111121396187746]
B1: -0.010373190747222896 - -0.017132530332858092 - -0.00946004130378323 - -0.013580361912335814
B2: 0.020808843050277085 - 0.0036337437015655175 - -0.004098951047910738 - 0.008477813947947138
