Number: 8295
Error: 9.641138556099894e-16
A1: [0.0804316753018317, -0.18046782013226484, -0.019588866344931347, 0.11962496235644857] - [0.037415518865458276, 0.1335963250929733, -0.13472624720465076, -0.0362858861917617] - [-0.0017028476283748738, 0.2281900878917846, -0.12282841121890084, -0.10365893883241781] - [0.03886322091564295, -0.11448103202798467, -0.04641645490067092, 0.12203421444783731]
A2: [0.03530761036034668, -0.029273308035147126, -0.07569719088501559, 0.06966358284062858] - [0.10289380826941621, 0.28289675935269964, -0.39260634054256793, 0.006816056318046187] - [-0.011187076733330192, 0.5390146140834413, -0.3594509934790031, -0.16837644005784816] - [0.09786259727838911, 0.017463113446632872, -0.16885120292898723, 0.05352466621353794]
B1: -2.7253581189953695e-08 - 7.144877090202065e-08 - -5.774977721858138e-08 - -4.5897740837468173e-08
B2: -6.527772236016601e-10 - -4.2609853159770126e-08 - -1.7382547556889757e-08 - 2.0944828838316544e-10
