Number: 6324
Error: 7.796879584331176e-16
A1: [0.08043169599649172, -0.18046779943991995, -0.019588845674955533, 0.11962498304878436] - [0.03741560939172468, 0.13359641555068444, -0.13472615685890654, -0.03628579571571946] - [-0.0017027719791078335, 0.22819016353945115, -0.12282833568039052, -0.10365886320333458] - [0.0388632786163211, -0.11448097448922728, -0.04641639723673606, 0.12203427211267157]
A2: [0.03530741377340341, -0.029273505165862686, -0.075697377797721, 0.06966337709142895] - [0.10289381418543853, 0.28289676531893604, -0.39260633482077034, 0.006816062513108876] - [-0.011187093743592131, 0.5390145969717901, -0.3594510095796423, -0.16837645798207954] - [0.09786284193685692, 0.017463359217962472, -0.1688509700296071, 0.05352492302489271]
B1: -4.5701882579795526e-10 - 3.742268389906863e-09 - 2.5105719143991822e-08 - -3.784720528490727e-09
B2: -8.932454082645158e-09 - -8.734409508366233e-09 - 2.7366479215199823e-08 - 1.3219274793979608e-08
