Number: 1187
Error: 8.487216087589617e-08
A1: [-0.007453919937980662, -0.015256180301468301, 0.002716959724262415, 0.019173597083376775] - [0.06772111150154747, 0.19074541743855825, -0.14581089111154527, -0.10886583179296289] - [-0.11321393990366982, 0.4411759242763667, -0.07143946721667244, -0.25878592324084415] - [-0.024529259549361408, 0.014211073193291127, -0.03110570576803247, 0.03767824426879629]
A2: [0.1313404841329298, -0.22486761284621093, 0.022426966041880547, 0.06992408852983599] - [0.03282854218511564, 0.20392986784959855, -0.11470619539880887, -0.1212802718931408] - [-0.09515325331646313, 0.5550150297477923, -0.23572808110437496, -0.22616714743792293] - [-0.023343945971137398, -0.021762611852202823, 0.005621706980699166, 0.0297650531774972]
B1: -0.0006184787564826237 - -0.0008292633240678212 - 0.0003781490436331848 - 0.0001403303743267426
B2: -7.672765946440467e-05 - 0.0004171917060295595 - -0.00033701373889600357 - -0.0006190049524377832
