Number: 390
Error: 1.0307047986757094e-10
A1: [-0.012068922615302489, -0.014430406313281153, 0.018180651969123093, 0.008673366158503741] - [0.06581810038917155, 0.18947877775605826, -0.14534028662889534, -0.11002763897863918] - [-0.09627318678724203, 0.4218053120991703, -0.05343575100474401, -0.2720125641407858] - [-0.0013084871780177846, -0.018206728882243946, -0.003821256155405051, 0.023391784822361827]
A2: [0.16159632960573234, -0.16774534934502255, 0.00851074693961471, -0.002323704406458039] - [0.035484984335309076, 0.20751599393754025, -0.11721116094227495, -0.12579275335939072] - [-0.08620499989235295, 0.5815464880022504, -0.2353804159912123, -0.25992723999060346] - [-0.0038155454498703923, -0.004500192328980495, 0.0011294787918568888, 0.007261972939795044]
B1: 6.2037046391199526e-06 - -3.7337758680065347e-06 - 1.6999049656114667e-06 - -6.97113849285668e-07
B2: 1.0317661774273747e-05 - -3.6570657661610504e-05 - 1.7032423854201088e-05 - 6.365632166790465e-06
