Number: 4076
Error: 1.0245467409974764e-15
A1: [0.06621316081100133, -0.1139521001137548, -0.023983971134501, 0.07172284731390269] - [0.03740263850630443, 0.18819339463827064, -0.1474089208473897, -0.07818698424374759] - [-0.06022936951001893, 0.32895080186984416, -0.12775310790779804, -0.14096832044307472] - [0.03904613002371722, -0.05332271370077645, -0.03741861855959023, 0.05169509247984949]
A2: [-0.009108514139328828, -0.3468031200709165, 0.24945515247237482, 0.1064567445233889] - [0.08003982985915543, 0.0362822613817382, -0.050250107787178144, -0.06607195498437524] - [-0.042452779793094066, 0.23083193486460873, -0.040531203038608986, -0.14784779510499124] - [0.06813476967211758, -0.2934678622409927, 0.1417712307947783, 0.08356185024373076]
B1: -1.5868475587526328e-08 - -2.4816076096531028e-09 - 1.3865361773074164e-08 - -2.041231337441079e-09
B2: -1.1695500094850199e-08 - 1.978968427956978e-08 - -4.243997983032907e-09 - -1.5859898466455464e-08
