Number: 1197
Error: 2.924749586984847e-08
A1: [-0.005670536361855912, -0.013458596845428158, 0.004569313982031846, 0.021006793863829164] - [0.06686346058546509, 0.18992046856223202, -0.1466972357677347, -0.10982063620676277] - [-0.11163066966192539, 0.4427264657454618, -0.06979071837347903, -0.2570707994300053] - [-0.02278482515514543, 0.015921834554950002, -0.029330702356258297, 0.03952350629265641]
A2: [0.13077459015128745, -0.2254237880662662, 0.02186993598389915, 0.0693688189250975] - [0.03268478958674327, 0.20378793556755773, -0.11484980777701857, -0.12142064283909201] - [-0.0940211426505226, 0.5561287810776565, -0.2346156378243694, -0.22504944389332948] - [-0.02050869425074181, -0.018965422207657456, 0.008435021838226586, 0.03248940626160572]
B1: 0.00032283742959853895 - -9.35209306716085e-05 - 0.00013451520703299004 - -0.00018108952419062797
B2: 7.874028112286321e-05 - -0.0003510545398242626 - 0.00011410671957145615 - 3.055298630444681e-05
