Number: 8118
Error: 7.747275177995307e-16
A1: [0.08043171905414977, -0.1804677763848953, -0.019588822644898914, 0.11962500610379331] - [0.037415535494143524, 0.13359634170905446, -0.13472623060914987, -0.03628586957232395] - [-0.0017028090298682051, 0.22819012648947265, -0.12282837267690314, -0.10365890024420431] - [0.03886324023416793, -0.11448101276367316, -0.04641643559443882, 0.12203423375436906]
A2: [0.03530757074790877, -0.029273347757161235, -0.07569722854814015, 0.06966354138204818] - [0.10289374741872445, 0.28289669798557104, -0.39260639939662506, 0.006815992598570245] - [-0.0111871956428715, 0.5390144944646945, -0.3594511060296762, -0.16837656535675172] - [0.09786276619019725, 0.017463283126730893, -0.16885104213556343, 0.05352484351558774]
B1: 4.054842654185793e-08 - -6.298335839436652e-10 - -3.365729270611597e-08 - -7.340114430172946e-09
B2: 2.4081998088815527e-08 - -3.754974789792873e-08 - 2.12273823058424e-09 - 1.0251310569225227e-08
