Number: 3966
Error: 1.1766152375985544e-15
A1: [0.06621323203915055, -0.11395203047732312, -0.02398389996225006, 0.07172291842251399] - [0.03740259174631848, 0.188193349962277, -0.14740896681604487, -0.07818703021646588] - [-0.060229299013844585, 0.3289508695775084, -0.12775303892440817, -0.14096825183073003] - [0.03904626042321747, -0.05332258993050903, -0.03741849240244259, 0.05169521761262435]
A2: [-0.00910848198321608, -0.34680308595828296, 0.2494551848886884, 0.10645677823733395] - [0.08003977935477312, 0.03628220697404286, -0.05025016298560002, -0.06607201065151327] - [-0.0424527011315858, 0.23083202168039016, -0.04053111874177286, -0.14784770810825743] - [0.06813472919664004, -0.2934679068062851, 0.14177118691544302, 0.08356180486319839]
B1: 2.924640702646571e-08 - -1.909464566544425e-08 - 4.108199779097448e-08 - -1.5156303617743985e-08
B2: 1.3869845142884523e-08 - -3.6342875085897737e-08 - -1.2602617526442535e-08 - 4.424099656774305e-08
