Number: 5596
Error: 1.2654757550619806e-07
A1: [0.06618234890012252, -0.11398218206666264, -0.02401460768904241, 0.07169217548397512] - [0.037440951824254436, 0.1882300271228878, -0.14737115045941074, -0.07814926234619879] - [-0.060409765675194224, 0.3287775951377898, -0.12792930305520206, -0.14114373542552705] - [0.03886997845410658, -0.05348988462261207, -0.03758880396043545, 0.05152616133422093]
A2: [-0.008048926254276492, -0.3456790517492071, 0.25052359146589637, 0.10756783112708905] - [0.07966919021946127, 0.0358829693983294, -0.05065521892640049, -0.06648048638409189] - [-0.04269818308042172, 0.23056110511247271, -0.04079428992872893, -0.14811923003959734] - [0.06683356749199387, -0.29490056584393315, 0.14036045897341806, 0.08210291278573127]
B1: -0.00014071322231449043 - 0.000287151481660763 - -9.294233291835466e-05 - 0.0003003551611691569
B2: -0.00021827329422403126 - -0.00026229454869239457 - -0.00021323460068299165 - -0.00019247254118376125
