Number: 591
Error: 9.156925248679884e-15
A1: [-0.012153584134267321, -0.014517365556136912, 0.01808707306234205, 0.008582893989220302] - [0.06583532267570835, 0.1894953448332396, -0.14532248004653905, -0.11000846360505079] - [-0.09629288760579757, 0.4217862700934121, -0.05345713095454114, -0.2720355170237232] - [-0.0013214069595408752, -0.01821915515031333, -0.003835011424528538, 0.023376851414625404]
A2: [0.16158684422691408, -0.1677546521703689, 0.008501454824682727, -0.0023329491754193704] - [0.03548579621416139, 0.2075167932936457, -0.11721035183256069, -0.1257919584432668] - [-0.086213691036529, 0.5815379784252616, -0.23538886903840114, -0.25993571088959655] - [-0.003834790428079123, -0.004519115873723537, 0.0011104319437103595, 0.007243561985348831]
B1: -2.5641620463731027e-09 - 1.1830672456233287e-07 - 1.1722758565919288e-07 - -6.204298361055084e-08
B2: 5.012695512154087e-07 - 6.453646625086135e-08 - -8.487438586071345e-07 - 3.555802679033029e-07
