Number: 9104
Error: 4.4500995883008625e-05
A1: [0.05339447849993601, -0.14852204927565996, -0.026623640998234478, 0.12132561373864233] - [-0.002407417906818596, 0.12282728444986178, -0.12160485381820048, -0.030672555601931772] - [-0.02046483209714512, 0.21747598331318768, -0.132151619874467, -0.08664677190014264] - [0.02336965735208697, -0.10412385780921266, -0.052785006634756874, 0.11828093965077112]
A2: [0.11604596702197156, -0.04604339945715851, -0.09614800437823856, 0.1347444946074242] - [0.11943836478649704, 0.26004527518771897, -0.39427976336606413, 0.056824263057661896] - [0.03595452481370913, 0.46266099691304624, -0.37773557508212285, -0.1220962037081732] - [0.13814440787337454, -0.04985484507885532, -0.20700741396847458, 0.09715037701928776]
B1: 0.003826647094923084 - -0.004556541381245265 - -0.004871544143728641 - -0.005993050693664994
B2: 0.0027604631220376373 - 0.003663593342254712 - 0.00391543492384062 - 0.0031929272656593616
