Number: 7475
Error: 1.1454795210438226e-15
A1: [0.08043172892166144, -0.18046776651848825, -0.01958881278916358, 0.11962501597018789] - [0.03741562886638859, 0.13359643501060486, -0.13472613742304665, -0.036285776251847736] - [-0.0017027743838364795, 0.22819016113477059, -0.12282833808159706, -0.10365886560741784] - [0.038863275390835686, -0.11448097770566744, -0.04641640046017585, 0.12203426888918306]
A2: [0.03530750329480879, -0.029273415396841744, -0.07569729268189002, 0.06966347078526006] - [0.10289374609224744, 0.2828966966478368, -0.3926064006795924, 0.0068159912095756316] - [-0.011187092722474706, 0.5390145979989872, -0.35945100861311696, -0.16837645690610561] - [0.09786280955989991, 0.01746332669373533, -0.16885100085035762, 0.05352488903960783]
B1: 1.3978153328720892e-08 - 7.761238950714226e-09 - -1.271221429044869e-08 - 5.227645261721602e-09
B2: 3.4994660160801095e-09 - 4.61811617025371e-09 - 2.6008633618137007e-09 - 2.7079332228109467e-09
