Number: 5033
Error: 1.5830395131549982e-15
A1: [0.06621319808975355, -0.11395206366803859, -0.023983933885000686, 0.07172288453008657] - [0.037402673702281834, 0.1881934282656822, -0.14740888624702184, -0.07818694964033883] - [-0.060229505403765614, 0.3289506713512344, -0.12775324088547185, -0.14096845270534417] - [0.039046257044847855, -0.053322593136892, -0.037418495670696626, 0.05169521437088254]
A2: [-0.009108673735982984, -0.3468032893777795, 0.24945499158436685, 0.10645657719519985] - [0.08003981085819929, 0.03628224091233194, -0.05025012855400896, -0.06607197592758034] - [-0.04245282788283204, 0.23083188178986527, -0.040531254573268095, -0.1478478482903406] - [0.06813475845662363, -0.29346787458968304, 0.14177121863595507, 0.08356183766914914]
B1: -4.283990987472858e-08 - -1.3703559697031303e-08 - -1.019192644394467e-08 - -1.4092984151288537e-08
B2: -4.118519217198095e-09 - -4.8190326164411055e-08 - 7.917570604395536e-08 - -5.51541489934163e-08
