Number: 1400
Error: 1.9908756246431926e-10
A1: [-0.007215994009447698, -0.015022446027127535, 0.0029675796555349186, 0.019425563128686162] - [0.06674810364766216, 0.18980876671358182, -0.14681640672214458, -0.10994980736852912] - [-0.11267382847455104, 0.44169859339762363, -0.07088166679960956, -0.25819562717728656] - [-0.023631798125277242, 0.015086235614691992, -0.030202615931297073, 0.03863447971398415]
A2: [0.13171595643567172, -0.22450076131557084, 0.022794282865985296, 0.07028740809879776] - [0.03261328687181376, 0.20371682410622305, -0.11492111526116894, -0.1214896903250208] - [-0.09466047148639242, 0.555502753107388, -0.2352393847715442, -0.22567230632830473] - [-0.02075830654756014, -0.019207693496073455, 0.008186554604487943, 0.03224807715481148]
B1: 2.477309816712812e-05 - -9.458316252631425e-05 - 6.790106837784455e-05 - -1.6430812947843486e-05
B2: 2.8234295023546887e-06 - -3.891666923012477e-05 - 7.0846674896279845e-06 - -2.0193385308599044e-05
