Number: 5624
Error: 1.6263651374090375e-07
A1: [0.06577651190696014, -0.1143784349932931, -0.024420872624901772, 0.07128569567899001] - [0.0374835097017146, 0.18827030330932937, -0.14733014600590005, -0.07810937317480038] - [-0.060733111496627204, 0.3284672341786232, -0.12824670615763645, -0.14145897731759816] - [0.03884343264310032, -0.05351469029177809, -0.03761479307203028, 0.051500757612958296]
A2: [-0.008013215792670818, -0.34564187073777614, 0.2505595757632477, 0.10760587273028895] - [0.07975374307222861, 0.03597428775173162, -0.05056274414123841, -0.06638713844320428] - [-0.04260614130254978, 0.23066250471050784, -0.040696484850824416, -0.14801807158525676] - [0.06812804165145996, -0.2934751400220528, 0.14176185601853675, 0.08355257200737447]
B1: 0.00022746977680479052 - -0.00047324535553916025 - -0.00020210414243075078 - -0.00033776503501133076
B2: 0.00028189767559217246 - 0.00010282418723425745 - 0.00019511370817666107 - 0.0001119717732767404
