Number: 7631
Error: 6.674057594693768e-16
A1: [0.08043168844309374, -0.18046780699247242, -0.019588853219330304, 0.11962497549624293] - [0.03741561015786881, 0.13359641631624428, -0.134726156094287, -0.03628579495000349] - [-0.0017027939195610163, 0.2281901415994611, -0.12282835758871988, -0.10365888513793091] - [0.03886323581447865, -0.1144810171709594, -0.046416440011312725, 0.1220342293374233]
A2: [0.035307508879382825, -0.029273409796822695, -0.07569728737212739, 0.0696634766301015] - [0.10289382833669194, 0.2828967795902899, -0.3926063211338063, 0.0068160773314740195] - [-0.01118714436198067, 0.5390145460514782, -0.35945105749107764, -0.16837651132040685] - [0.09786282045218445, 0.017463337635564694, -0.16885099048159824, 0.053524900472949964]
B1: 2.3675999075067477e-08 - 3.536164354210674e-08 - -7.076348179872868e-09 - 1.0413748163736917e-08
B2: 1.1337052020292174e-08 - 3.0600043314312704e-08 - 2.4454677468656867e-08 - 1.2077925172339194e-08
