Number: 7089
Error: 9.425151853045619e-16
A1: [0.08043169514876285, -0.18046780028755446, -0.019588846521669635, 0.11962498220115146] - [0.037415596490537814, 0.13359640265926126, -0.1347261697343861, -0.03628580860976138] - [-0.0017028024353568257, 0.22819013308384758, -0.12282836609204656, -0.10365889365145628] - [0.03886324013575486, -0.11448101286179976, -0.046416435692780214, 0.122034233656021]
A2: [0.03530757468902629, -0.02927334380516637, -0.07569722480118696, 0.0696635455070705] - [0.10289366531120615, 0.28289661518119524, -0.39260647880997335, 0.006815906620027339] - [-0.01118713225813946, 0.5390145582275078, -0.3594510460344965, -0.16837649856621376] - [0.09786286966004762, 0.017463387067253082, -0.16885094363889516, 0.053524952125184634]
B1: 3.664554767615454e-08 - -1.70995794374143e-08 - -1.6269719053762133e-08 - 1.4149879774360315e-08
B2: 5.854375372245213e-09 - 6.1928834727701875e-09 - 1.2795333336461298e-08 - 4.855022388597952e-09
