Number: 1953
Error: 2.4288695581166266e-05
A1: [-0.016784688507801453, -0.0244624689813079, -0.007042692122415734, 0.009651843221780506] - [0.05707139628298532, 0.18048224216486863, -0.15685526399625213, -0.12080199834187023] - [-0.10290590983849045, 0.4513039289365008, -0.060788810962535814, -0.24756918254429253] - [0.0050504371774763995, 0.043323845009229575, -0.0009579662418223601, 0.0689735207434376]
A2: [0.14305708218976276, -0.213796341058955, 0.03348621610873174, 0.08083037813028462] - [0.03428241328853222, 0.20542172327843763, -0.11327340876409452, -0.11988137050288449] - [-0.09921252990754093, 0.5509310602912214, -0.2398865249610362, -0.23027649656791677] - [-0.021213964401222626, -0.019859825637195683, 0.007469284662755307, 0.0315251087582601]
B1: -0.001345694510766291 - 0.0007615859534691439 - 0.002180072658832569 - 0.002829745522175502
B2: -0.003156060975797567 - 0.003644631955881753 - 0.004983597074407627 - 0.009800123986277415
