Number: 3841
Error: 9.829710457865094e-16
A1: [0.06621311920283067, -0.1139521407921119, -0.023984012710023605, 0.0717228057755581] - [0.03740256524413459, 0.18819332464124233, -0.1474089928697259, -0.07818705627245019] - [-0.06022930981788431, 0.32895085920083705, -0.12775304949662053, -0.14096826234607737] - [0.039046136428912734, -0.053322707621205154, -0.037418612362769714, 0.051695098626352985]
A2: [-0.00910858820397729, -0.34680319864195014, 0.24945507780847362, 0.10645666687062162] - [0.08003980933335465, 0.0362822392695678, -0.050250130220711224, -0.06607197760839904] - [-0.042452804129275525, 0.2308319080057112, -0.040531229118198425, -0.14784782201985597] - [0.06813476018402549, -0.29346787268778657, 0.1417712205088034, 0.08356183960583476]
B1: 1.3710056149595343e-09 - -1.880627909228773e-08 - -7.911553237971782e-09 - -2.0057308867570926e-08
B2: -2.9797000229146585e-08 - -2.7891872757594862e-08 - 5.9254434048317626e-08 - -4.885504443179558e-08
