Number: 1088
Error: 7.917225867182729e-06
A1: [-0.006678270797140144, -0.01442701900811099, 0.003568480623038324, 0.01981938272563227] - [0.06944947095424403, 0.1922706436517092, -0.1441862799121327, -0.10687703562786935] - [-0.09963409516153833, 0.45469219292948093, -0.05780944071949863, -0.24458390843487382] - [-0.0291967923617812, 0.009803977066925334, -0.035108079017956706, 0.03315681012860804]
A2: [0.1447386030513415, -0.21169843570315822, 0.03581072810974856, 0.08316214568798522] - [0.032516059607414216, 0.20374595607774718, -0.11486173985492386, -0.12177879072327887] - [-0.08982040974833286, 0.5604156167726078, -0.22975739138576048, -0.2215238436482749] - [-0.024117048564512585, -0.022853493108242105, 0.005412625146539181, 0.028701434510156654]
B1: 0.009789552209903664 - -0.010186113793237124 - 0.0003109503217973962 - 0.009023593616160112
B2: 0.0006788927557949399 - 0.012619815749970138 - -0.004196632681304383 - 0.004295856892696071
