Number: 8894
Error: 0.0015971523902864459
A1: [0.10547055061068408, -0.1512366851461633, 0.010581039077136548, 0.15020930997568072] - [0.059745760280053434, 0.16066956685844302, -0.10488049483594669, -0.007633525974750128] - [0.015513808064002191, 0.24858254359972282, -0.10251558606217366, -0.08439216068700581] - [0.08370475354317096, -0.06350450010644168, 0.004297324472828318, 0.17317531771809616]
A2: [-0.060825058693061144, -0.1244804377479507, -0.1706060413853996, -0.0319890165066386] - [0.07904843622909054, 0.25914700464099, -0.41550450184394905, -0.018460965403713166] - [-0.051870791678778325, 0.4962431628801145, -0.39696399522239867, -0.2071614430264916] - [0.05430264187697942, -0.026376002122361082, -0.20826886606948436, 0.012029651841841415]
B1: -0.026617690753240747 - -0.0253759505955701 - -0.0011528762481457996 - -0.0010221459646739296
B2: 0.024837750632867705 - 0.0313238272618284 - 0.029043641990895593 - 0.012612118927323328
