Number: 7105
Error: 1.088651998551082e-15
A1: [0.08043169589160806, -0.18046779954479328, -0.01958884577971258, 0.11962498294391188] - [0.03741559938604775, 0.13359640555258004, -0.1347261668446453, -0.03628580571585528] - [-0.0017028041247341664, 0.22819013139450592, -0.12282836777895073, -0.10365889534038293] - [0.03886324061219722, -0.11448101238669456, -0.046416435216641516, 0.1220342341321672]
A2: [0.03530738540909762, -0.029273533608615083, -0.07569740476616578, 0.06966334740513191] - [0.10289370818313892, 0.2828966584169853, -0.3926064373447959, 0.006815951513199768] - [-0.011187068624737664, 0.5390146222404539, -0.35945098580408535, -0.1683764315134892] - [0.09786280019254334, 0.017463317283766357, -0.16885100976747533, 0.05352487920693321]
B1: -1.7796535548910263e-08 - 3.4090960885881635e-08 - 6.038059814038904e-09 - -1.0252983026112603e-08
B2: 1.960106668217833e-10 - 2.496706493386557e-10 - 7.752444222243361e-09 - -1.398819308049507e-10
