Number: 9611
Error: 3.729414357972572e-14
A1: [0.0531725038449821, -0.14800131729329127, -0.026999093568053852, 0.12182777566305121] - [0.005313612952841006, 0.13083658728951386, -0.11360085062329899, -0.02254987039042059] - [-0.01444449998423222, 0.22309159741244816, -0.12704120298696855, -0.08160595641372925] - [0.027146014509712456, -0.10002048362742076, -0.049424954928038375, 0.12229767368282285]
A2: [0.08925482390086092, -0.07291300854608702, -0.12362706636719212, 0.10728675014308153] - [0.10884050246823859, 0.24981295456273261, -0.4048464915755393, 0.046188233123987836] - [0.0366356685612127, 0.46255485742031566, -0.3777177070182717, -0.12147353361060842] - [0.1434254404694829, -0.04460761235829991, -0.20150050479735415, 0.10267885503363008]
B1: -1.1470563933201106e-07 - 3.1430207650588287e-07 - -4.521928454204743e-08 - 2.6807495481119675e-07
B2: 1.8917383462781254e-07 - 9.35334619016462e-08 - 9.200418588927537e-08 - 1.530257045999536e-07
