Number: 4346
Error: 6.707263128788534e-16
A1: [0.06621323073390421, -0.11395203175341174, -0.023983901266473897, 0.07172291711945236] - [0.03740266701475219, 0.18819342187615934, -0.14740889282139538, -0.07818695621528647] - [-0.060229286103780144, 0.32895088197691075, -0.1277530262913985, -0.14096823926564547] - [0.039046130307016064, -0.05332271343184488, -0.03741861828549428, 0.051695092751738204]
A2: [-0.00910858224579169, -0.3468031923212209, 0.2494550838148303, 0.10645667311741833] - [0.08003981567522621, 0.0362822461015996, -0.05025012328939463, -0.06607197061819345] - [-0.042452854333809, 0.23083185259688271, -0.04053128291934093, -0.1478478775440911] - [0.06813494979093265, -0.2934676639223905, 0.14177142606091192, 0.0835620521900858]
B1: 3.117775528202652e-08 - -1.2201268995270536e-08 - -3.320110757310619e-08 - 4.912441756746321e-08
B2: -4.18499774502896e-08 - 1.876727850141047e-08 - -5.484663509755518e-09 - 7.007798234624773e-08
