Number: 9518
Error: 1.2285937559475436e-12
A1: [0.05317378277892568, -0.14800003790579172, -0.026997816055615673, 0.12182905521782526] - [0.0053136095475656165, 0.13083658385311867, -0.1136008540549767, -0.02254987381835518] - [-0.014445211608098297, 0.2230908855121914, -0.12704191406382592, -0.08160666830663561] - [0.027143311746480464, -0.1000231863644178, -0.04942766336845664, 0.12229496407202169]
A2: [0.08924866285543787, -0.0729191553533004, -0.12363308860009482, 0.10728051315151588] - [0.10883979139782526, 0.24981224337110408, -0.4048471885671808, 0.04618751009225378] - [0.03663467088593774, 0.46255386494540296, -0.3777186804005747, -0.12147454162762811] - [0.1434259098029779, -0.04460714476586307, -0.2015000465261827, 0.10267933134529054]
B1: -1.8785732458218228e-07 - -9.520639919430019e-07 - -1.3156640889180807e-06 - -1.5327242849611642e-06
B2: -5.055112100262149e-07 - -2.6272076037992325e-07 - -6.355359623015439e-07 - 1.107745134751513e-06
