Number: 1347
Error: 3.3910499482856696e-09
A1: [-0.007268911999632854, -0.0150758984917645, 0.0029127625519824755, 0.019371141549059046] - [0.06674896149138267, 0.18980957707922427, -0.14681561760324494, -0.1099488462173125] - [-0.1127727240454079, 0.4416017700790948, -0.07098455853763572, -0.25830272744358895] - [-0.023299860485774995, 0.015412476038203346, -0.029863478303189358, 0.0389849677804676]
A2: [0.13168523727430062, -0.22453105376416255, 0.0227641863685738, 0.07025745701294585] - [0.032770717542395446, 0.2038716717156369, -0.11476441883108243, -0.12133572971591199] - [-0.09502157341136344, 0.5551476225432697, -0.23559417884087228, -0.22602724311695574] - [-0.020800396452763402, -0.019249367033948223, 0.008144861601425996, 0.032207578719010074]
B1: 4.394990520417184e-06 - 1.435833275476788e-05 - -0.0001793310116444354 - 3.45707163129173e-05
B2: 1.1577305527234945e-05 - -0.00022279723970508169 - 0.00010434502174547795 - -8.714120403257207e-06
