Number: 9114
Error: 1.781555124055436e-05
A1: [0.045952003938523105, -0.15564659964184738, -0.03404221154262924, 0.11413376904374595] - [-0.006014562229761379, 0.11965501645479755, -0.12463516625624758, -0.033582759378010876] - [-0.006394287829660852, 0.23162974531044928, -0.11845852339868443, -0.07268351590158952] - [0.016934411565981935, -0.1101993025867605, -0.059096813930292875, 0.11223336576807207]
A2: [0.08353442948370333, -0.0781707859941034, -0.12848646831748503, 0.10193723290499888] - [0.10511434269978778, 0.2459930379470902, -0.408452533626473, 0.04232734334493442] - [0.05603277277913366, 0.4822075488799496, -0.358182055839313, -0.1018940707812863] - [0.14550651665522696, -0.04265419913754839, -0.19966690490152691, 0.10456077115359329]
B1: -0.0001052735141935145 - 0.002703645772876259 - -0.004333496005266996 - 0.0013357495789989788
B2: 0.0007375893145550008 - -0.007131372171128859 - -0.0029441247258281925 - -0.0036898644406618063
