Number: 1333
Error: 2.2729110217787933e-09
A1: [-0.007169029562065924, -0.01497504937350256, 0.003016627594971929, 0.019473722902172894] - [0.066754749675846, 0.18981513255833918, -0.146809631676064, -0.10994241340521947] - [-0.11201216439686766, 0.4423476968049303, -0.07019186682976335, -0.25747915662267407] - [-0.023296632639332068, 0.015415745690383745, -0.029860079233733957, 0.03898836069291675]
A2: [0.13176752892754434, -0.2244501524165441, 0.02284532982284185, 0.07033792032887454] - [0.03269655877972886, 0.20379870874206676, -0.11483831129841522, -0.12140827100917269] - [-0.09459265939263255, 0.5555698580738855, -0.23517260668393156, -0.2256054830724572] - [-0.020745051490492144, -0.01919490215477133, 0.00820003365465855, 0.032260739850200705]
B1: 0.00010313456742818227 - -6.3229257012692e-05 - 1.3826165300918274e-05 - 0.0001021642762087298
B2: -3.8015154233240716e-05 - 2.773011187334055e-05 - -1.140013029707835e-05 - 0.00011081697447752099
