Number: 824
Error: 2.671469761133053e-12
A1: [-0.012150464135103138, -0.014514160995985693, 0.018090521575777053, 0.008586228056471188] - [0.06583926761415, 0.1894991397028197, -0.1453184013256652, -0.11000407131526471] - [-0.09628774198984333, 0.4217912432422488, -0.05345154738200893, -0.27202952216815296] - [-0.0013298767428441614, -0.018227300616505505, -0.0038440272426673986, 0.023367061860729836]
A2: [0.1615837098544603, -0.1677577275133809, 0.00849838360729043, -0.002336004700010204] - [0.03548673353303119, 0.20751771555208526, -0.1172094184439302, -0.1257910414954463] - [-0.08621596284535529, 0.5815357531865355, -0.23539107963893274, -0.25993792614780964] - [-0.003836134173513757, -0.004520437268211723, 0.001109101939622082, 0.00724227639915801]
B1: -3.861461256647251e-06 - -7.50173528313559e-07 - -2.9838790428059374e-06 - -1.4900883303104314e-06
B2: -1.2364483283187486e-06 - 8.865445509370149e-08 - -8.052289912352106e-07 - -1.3530283757918006e-06
