Number: 2427
Error: 4.531547875269798e-06
A1: [0.06348293034031391, -0.04800587771573478, -0.023242993659383576, 0.007930379402042489] - [0.037187484001556845, 0.18491272995586092, -0.14940572477408262, -0.09968167863491433] - [-0.1313575224347231, 0.40706397354283175, -0.11344504962224652, -0.19533535473915123] - [0.04260365601823199, 0.025104157290684423, -0.027479033735483736, -0.017401500674373384]
A2: [0.061837075794236064, -0.17520661978084243, 0.08507268452723671, 0.022678975539749457] - [0.020324035516454907, 0.19147954183592056, -0.11069685730314835, -0.13672933063040268] - [-0.1001326659502267, 0.5076496443960067, -0.23114510878986916, -0.2009952244889566] - [-0.03577032203973834, 0.008983563277682023, -0.059468257174009345, 0.04766264206358211]
B1: 0.0011874402092908426 - -0.005361233407774698 - 0.0006708628478991595 - 5.4486577354073695e-05
B2: -0.00209899316578533 - -0.004555358196381048 - 0.0037077150046826335 - 0.004292040585969226
