Number: 8878
Error: 0.00037690862555097985
A1: [0.10023882941924653, -0.1596123971472524, 7.714017315810793e-05, 0.14019991014142683] - [0.06008437260167915, 0.1575234163036098, -0.11090038972335925, -0.013057837850149327] - [0.010385713256298496, 0.24092642791108537, -0.1100188536984717, -0.09125273747822021] - [0.05915681323220045, -0.0929845061073018, -0.02649686732160807, 0.1431798380887702]
A2: [-0.012413737601059203, -0.07713081611982363, -0.12122370066857804, 0.01934103776345216] - [0.09666369399233331, 0.2767096269677027, -0.39769552859141666, 0.00011287271508074806] - [0.004900500356051719, 0.553841124499529, -0.34461021992590996, -0.15112510381669425] - [0.10902532699434683, 0.028958561060011264, -0.15770632941399487, 0.06531670705379317]
B1: 0.0025164816221177506 - 0.00882617705161557 - 0.00987448502885593 - 0.006640491473462039
B2: -0.009735240986872628 - -0.008979395426738389 - -0.016391424530090955 - -0.008810002778469394
