Number: 7160
Error: 8.252999437798975e-16
A1: [0.08043171313409384, -0.1804677823042612, -0.019588828557845134, 0.11962500018442757] - [0.037415619953915714, 0.13359642610488112, -0.1347261463177597, -0.036285785159381] - [-0.0017028252979954383, 0.2281901102217047, -0.12282838892119871, -0.1036589165079867] - [0.03886326511019642, -0.11448098795744949, -0.046416410734257806, 0.12203425861493779]
A2: [0.03530747015980861, -0.02927344862349684, -0.07569732418625434, 0.06966343610592161] - [0.10289374710230986, 0.2828966976664664, -0.39260639970267686, 0.0068159922672536115] - [-0.011187178324679416, 0.5390145118862028, -0.359451089637489, -0.16837654710812] - [0.09786277474792561, 0.017463291723410143, -0.16885103398911017, 0.053524852498373444]
B1: 3.242247376629176e-08 - -1.75838243782938e-08 - -9.651282729844146e-09 - 1.0638354978248672e-08
B2: 4.1999280755841154e-09 - 2.246171119507053e-09 - -1.122511422076152e-08 - 1.219282934177951e-08
