Number: 569
Error: 8.579959658629454e-15
A1: [-0.01215284578543975, -0.014516607195138384, 0.018087889162178253, 0.008583683001721848] - [0.06583547740213389, 0.18949549367353566, -0.1453223200729162, -0.11000829133267472] - [-0.09629314672422863, 0.421786019660274, -0.05345741212762439, -0.2720358189091998] - [-0.0013216208133796235, -0.018219360816544166, -0.003835239064757747, 0.023376604236001894]
A2: [0.1615869821645255, -0.16775451683144815, 0.008501589980435872, -0.002332814705585372] - [0.03548575522014373, 0.20751675295835795, -0.1172103926548275, -0.12579199854603043] - [-0.08621372081741699, 0.5815379492545617, -0.23538889801734167, -0.2599357399306315] - [-0.0038347084421747734, -0.004519035251233694, 0.0011105130895547953, 0.007243640423381531]
B1: -1.0180558995527288e-08 - -1.1495919745401645e-07 - 2.0116325218780366e-08 - 4.318572084589364e-08
B2: -2.806941663113718e-07 - 1.7550485194710618e-07 - 8.716037185148016e-08 - -1.4974367432308997e-07
