Number: 6230
Error: 9.696559556040586e-16
A1: [0.08043166272952529, -0.18046783270311698, -0.019588878902144783, 0.11962494978561863] - [0.03741557640352578, 0.13359638258745474, -0.13472618978137682, -0.03628582868564359] - [-0.0017028307570866943, 0.22819010476272866, -0.12282839437230837, -0.10365892196562468] - [0.03886322109976641, -0.11448103184436516, -0.04641645471664028, 0.12203421463186646]
A2: [0.03530743774892882, -0.02927348112402312, -0.075697355002108, 0.06966340218443025] - [0.10289372775668447, 0.2828966781566467, -0.39260641841351235, 0.006815972009539425] - [-0.011187083999775894, 0.5390146067737264, -0.35945100035691535, -0.16837644771467455] - [0.09786279665089334, 0.0174633137260068, -0.16885101313889198, 0.05352487548934726]
B1: -9.660835761878581e-09 - -7.07525160129444e-09 - -1.1727466388416093e-08 - -5.624540982530395e-09
B2: -1.1792944142423828e-08 - -1.808291932441478e-08 - -1.4498722258723568e-09 - -7.972170469591583e-09
