Number: 7177
Error: 5.615345979016576e-16
A1: [0.08043170811877441, -0.18046778731901303, -0.0195888335671687, 0.11962499516968042] - [0.037415611429246355, 0.13359641758666335, -0.13472615482544437, -0.03628579367932871] - [-0.0017028264048412109, 0.2281901091148838, -0.12282839002642151, -0.10365891761453574] - [0.03886325913029279, -0.11448099392057229, -0.046416416710353174, 0.12203425263874955]
A2: [0.03530754090291012, -0.02927337768473077, -0.07569725692459921, 0.06966351014623112] - [0.10289372370580116, 0.2828966740713901, -0.3926064223314762, 0.006815967767694561] - [-0.011187198956987665, 0.5390144911308322, -0.3594511091664227, -0.16837656884909774] - [0.09786280035216034, 0.01746331744410904, -0.1688510096155308, 0.053524879374477724]
B1: 4.548672989872897e-08 - -2.072944956574249e-08 - -2.4876845407526257e-08 - 9.365948958762717e-09
B2: 4.110099041200239e-09 - 3.736446141613368e-09 - -1.130807359792724e-08 - 9.230354523979333e-09
