Number: 1355
Error: 3.5862135417578012e-09
A1: [-0.007051527316798869, -0.014856553147479315, 0.0031386457990186137, 0.01959443940159985] - [0.06684008664013345, 0.18989725879531794, -0.1467214035931241, -0.1098474717721236] - [-0.11273321170119627, 0.44164044102954697, -0.07094345814730832, -0.2582599226632896] - [-0.023841155167827855, 0.014880608103685234, -0.030416117327862677, 0.03841352330067071]
A2: [0.13156209010276224, -0.22465222836666113, 0.022643029755260877, 0.07013702744226874] - [0.03275411384756333, 0.2038553320967961, -0.11478094635422616, -0.12135199031248296] - [-0.09460283603499628, 0.5555597323502478, -0.23518259335154565, -0.22561558157032657] - [-0.020880841508658047, -0.019328653091971477, 0.008064999617249997, 0.0321302521196253]
B1: -3.747163718824379e-05 - -0.00023868489476484178 - 0.00012155754788029035 - -7.63711101873739e-05
B2: 7.641120955016593e-05 - -6.562443822806356e-05 - -4.353005324599926e-05 - -5.722950169879104e-05
