Number: 5542
Error: 1.0007396417003426e-10
A1: [0.06621073247508245, -0.11395447397430997, -0.023986397388776486, 0.07172042317821377] - [0.037407337492945135, 0.1881978843323028, -0.14740430129346516, -0.07818236432216732] - [-0.06024253786428352, 0.3289381538567083, -0.12776599377494766, -0.14098113696362666] - [0.03903019243049695, -0.05333784166640608, -0.03743403781350194, 0.05167979851946478]
A2: [-0.009066128951926135, -0.34675815603640314, 0.24949787923240452, 0.10650118160710405] - [0.08004726180654599, 0.03629026775045753, -0.05024198530883737, -0.06606376355741428] - [-0.04244035737171361, 0.2308456450607494, -0.040517891646881674, -0.14783405747574904] - [0.06815012479992855, -0.29345095559000023, 0.1417878762446375, 0.0835790650531309]
B1: 1.4757563596771025e-05 - -1.6416909083246833e-06 - 2.5065878644201613e-06 - 4.003614463485067e-06
B2: 1.9612263385730936e-06 - -4.801337090832202e-06 - -2.4491778368526334e-06 - -6.594984990552213e-06
