Number: 8626
Error: 7.73172039984849e-16
A1: [0.08043171701142508, -0.1804677784273427, -0.019588824685166185, 0.1196250040613331] - [0.03741560248531297, 0.13359640864956746, -0.1347261637513306, -0.03628580261818106] - [-0.001702738107591493, 0.22819019741023833, -0.12282830185846899, -0.10365882934084249] - [0.03886324973351335, -0.11448100329090014, -0.04641642610112454, 0.1220342432478713]
A2: [0.035307437578082204, -0.029273481295308757, -0.0756973551645454, 0.06966340200555596] - [0.10289381208173871, 0.2828967631973921, -0.3926063368552929, 0.0068160603100396264] - [-0.01118710474995416, 0.5390145858997533, -0.3594510199974272, -0.16837646957983807] - [0.0978628230500502, 0.01746334024520912, -0.1688509880085522, 0.05352490319977654]
B1: 3.520950099781724e-09 - 4.8088351437349464e-08 - 1.375896040997081e-08 - 8.104216633726457e-09
B2: 1.6297188942740243e-08 - 4.897472877381671e-08 - 5.005557675974299e-09 - 2.3914248966102765e-08
