Number: 7524
Error: 7.489219118488707e-16
A1: [0.08043172669269132, -0.18046776874720702, -0.019588815015468577, 0.1196250137414712] - [0.037415616181627344, 0.13359642233544347, -0.13472615008253294, -0.036285788929583014] - [-0.001702766814865937, 0.22819016870357825, -0.12282833052370899, -0.10365885804046887] - [0.03886326217088157, -0.1144809908885225, -0.04641641367170611, 0.12203425567744419]
A2: [0.03530744999509415, -0.029273468843973964, -0.07569734335861336, 0.06966341500136336] - [0.1028937915829959, 0.28289674252466585, -0.39260635668151944, 0.0068160388450125235] - [-0.011187069393900516, 0.5390146214667041, -0.359450986532098, -0.16837643232399035] - [0.09786285660125757, 0.017463373949064973, -0.16885095606999906, 0.053524938417684374]
B1: 9.864387268637309e-09 - 1.4416323413110378e-08 - 2.391316305082314e-08 - 1.1064714453073923e-08
B2: 1.410291392377487e-08 - 5.62893435320194e-09 - 2.4922588259174802e-08 - 4.619688577358099e-09
