Number: 2780
Error: 1.7049658102091442e-09
A1: [0.06323524638384721, -0.04807100631638042, -0.02364142771666515, 0.007657139615453163] - [0.04364425966400947, 0.19125370879812784, -0.1425825966153841, -0.09253155631229232] - [-0.12336187184827242, 0.4149448588546132, -0.10477456040204004, -0.18698832298974818] - [0.036810899606224766, 0.018975009192958026, -0.033324014993495375, -0.023242323012081106]
A2: [0.06388557002441593, -0.17324346017571757, 0.08676873849934193, 0.0243980574174227] - [0.029185639412701775, 0.20019592501569605, -0.10181416671388756, -0.12797515981938995] - [-0.09307640046596417, 0.5140093225687097, -0.22527189735881156, -0.1947752657628801] - [-0.02596817526398352, 0.01848009998570811, -0.05032924118269398, 0.05693669181276429]
B1: 1.680133090384422e-05 - 1.8270575082881963e-05 - -0.0001244901144927369 - 3.924596033750298e-05
B2: -2.411594896439557e-05 - -0.00016249750499018321 - 3.0267986385935997e-06 - 6.9799266986419e-05
