Number: 1392
Error: 4.603586431146329e-10
A1: [-0.007323794724742224, -0.015131236847703183, 0.00285551169984931, 0.0193148382505475] - [0.06673676077679133, 0.1897978495372007, -0.1468281363161128, -0.10996242492077138] - [-0.11270312611801546, 0.4416698751330536, -0.07091219496214256, -0.25822735197350016] - [-0.023668872950785857, 0.015049808597735297, -0.03024046471772556, 0.038595345706778694]
A2: [0.13170513230652617, -0.22451142738764493, 0.02278363871732338, 0.0702768180739496] - [0.032578784948614985, 0.20368287469977395, -0.1149554739803109, -0.12152344303874975] - [-0.09465823603924642, 0.5555049540574931, -0.23523718963750773, -0.22567010532719864] - [-0.02080727835207528, -0.019256003075154546, 0.008137981211025703, 0.03220100536447485]
B1: 2.1387065488037665e-06 - -6.596576744990066e-05 - 4.907337227084581e-05 - -3.400093402715446e-05
B2: -7.0337279646798205e-06 - 1.451233885038834e-05 - 2.99951485377202e-06 - 1.7074541713062814e-05
