Number: 5649
Error: 1.9314471529660167e-06
A1: [0.06689829198985177, -0.11330328645958293, -0.02331294860129794, 0.07236551052360628] - [0.03970266336979803, 0.1903701178115714, -0.14515907467624412, -0.07594365615473879] - [-0.05608274841191306, 0.33287485101952174, -0.12372894605987955, -0.13701257923450086] - [0.032366883607012384, -0.05969378017709973, -0.04389699829761009, 0.04523484671411337]
A2: [0.0014792664676709488, -0.33555119433489633, 0.2600000540664265, 0.1176047158110159] - [0.08528318678308514, 0.04193571422404031, -0.044560384320988, -0.06028603125799057] - [-0.034367420886544583, 0.23976651535677937, -0.03196190446707253, -0.13888228673229225] - [0.07834411382307155, -0.28222232859342894, 0.1527409771957346, 0.09510105303999629]
B1: 0.00019006359698077997 - -0.00018792586607734046 - 4.581863451527306e-05 - -0.0006172642817114797
B2: 6.318451498359817e-05 - 0.0014091060334277474 - -0.0021410723066238283 - 0.002986626527435322
