Number: 5295
Error: 1.4295700388461358e-15
A1: [0.06621321147959838, -0.11395205057740473, -0.023983920505679913, 0.07172289789743166] - [0.0374025637450544, 0.18819332320904422, -0.14740899434336585, -0.07818705774625184] - [-0.060229274437530275, 0.32895089318154813, -0.12775301487552088, -0.14096822791087588] - [0.0390462509184062, -0.053322598951758955, -0.03741850159777562, 0.05169520849189871]
A2: [-0.00910840511852255, -0.34680300441731804, 0.24945526237486082, 0.10645685882543343] - [0.08003992915697712, 0.036282368353857015, -0.05024999926027942, -0.06607184553608736] - [-0.04245274949510055, 0.23083196830306263, -0.040531170570163824, -0.14784776159678553] - [0.0681348057026451, -0.2934678225699829, 0.14177126985488128, 0.08356189064046539]
B1: -3.201045320341797e-08 - 1.2811360018298748e-08 - 1.0196871826099786e-08 - 1.9843585267273807e-08
B2: -2.1668063280742436e-09 - -1.3455098348045916e-08 - -5.12320486055168e-08 - -3.74121336099705e-10
