Number: 572
Error: 1.3085616695941875e-14
A1: [-0.012152980702075593, -0.014516745768529368, 0.01808774003819028, 0.008583538827436682] - [0.06583548838786585, 0.18949550424133005, -0.14532230871464627, -0.11000827910117482] - [-0.09629311107241886, 0.42178605411699555, -0.05345737344130744, -0.2720357773731517] - [-0.001321321352566388, -0.018219072820157823, -0.003834920298381387, 0.023376950362832407]
A2: [0.16158673958126243, -0.16775475484610416, 0.008501352288199074, -0.0023330511906292832] - [0.03548574708491862, 0.20751674495386901, -0.11721040075593693, -0.12579200650439237] - [-0.08621384901338842, 0.5815378236869293, -0.23538902275649184, -0.2599358649410937] - [-0.0038348659482637854, -0.004519190138569608, 0.0011103571967216125, 0.007243489732565814]
B1: -3.0396809403992834e-08 - 4.462867730690451e-08 - 6.691046951564656e-08 - 4.9931358641449555e-08
B2: -6.284493715143479e-08 - 2.718634389977359e-08 - -2.2138048415017997e-07 - -4.4921942005416245e-08
