Number: 9901
Error: 1.0793698359921972e-15
A1: [0.053172482901534084, -0.14800133823921913, -0.02699911448531369, 0.1218277547109215] - [0.005313649818321723, 0.13083662419656844, -0.11360081376028253, -0.022549833473473262] - [-0.014444521780872828, 0.22309157560871654, -0.1270412247653185, -0.0816059782193648] - [0.02714628361880238, -0.10002021451484845, -0.049424685248726605, 0.12229794347840184]
A2: [0.08925432002281795, -0.07291351126062184, -0.12362755889535877, 0.10728624005039217] - [0.10884164013812378, 0.2498140924347845, -0.4048453764380345, 0.046189389935551564] - [0.03663575682256834, 0.462554945221791, -0.37771762090683364, -0.12147344443468684] - [0.14342628746821376, -0.04460676851118328, -0.20149967777319042, 0.10267971459989332]
B1: -3.289176539696965e-08 - 2.780432465869401e-09 - 1.252827266258731e-08 - 2.2824094237053585e-09
B2: 6.741585334204885e-09 - 2.471345047999494e-08 - -1.277653943097846e-08 - -1.7479694687853318e-08
