Number: 9701
Error: 1.945339319919422e-14
A1: [0.05317281029916453, -0.14800101072160332, -0.026998787449023082, 0.12182808226628747] - [0.005314189917031959, 0.13083716486112126, -0.11360027374449848, -0.022549292613307167] - [-0.014444456463000084, 0.22309164095017156, -0.12704115949948913, -0.08160591287828027] - [0.027146640773369916, -0.10001985736117436, -0.049424327341239034, 0.12229830154039391]
A2: [0.0892542359331625, -0.07291359515634212, -0.12362764109025919, 0.10728615492395752] - [0.10884141944895892, 0.2498138717064958, -0.4048455927559247, 0.04618916553321815] - [0.03663554983553602, 0.46255473931194346, -0.377717822853664, -0.12147365356846009] - [0.14342623999942028, -0.04460681580362085, -0.20149972412223532, 0.10267966642688758]
B1: 6.692642626000273e-08 - 8.306812827602108e-08 - 4.721426361886706e-08 - 4.775263001332624e-08
B2: -2.209770920550129e-08 - -1.28319308007998e-07 - -6.175692490252408e-08 - -2.6342399826006278e-08
