Number: 2513
Error: 8.244362585490446e-08
A1: [0.06314555290546034, -0.04815771089463775, -0.023728719520067512, 0.007567518592770361] - [0.04428027714206422, 0.19186641096534401, -0.14193314386254946, -0.09183751434578617] - [-0.12359684189340535, 0.4147133901061765, -0.10500515136884696, -0.18721993180869065] - [0.037121831076437656, 0.019291305996189213, -0.03301191720138953, -0.022933364252948448]
A2: [0.06288559735782667, -0.17424449014758162, 0.08577257233555412, 0.02341154452091928] - [0.029143873221869083, 0.2001566308820804, -0.10185507157720847, -0.12801545348573648] - [-0.09104329599622679, 0.5160140846507281, -0.22323571623643254, -0.1928017819842289] - [-0.02310179583815756, 0.021342282803315408, -0.047465469795616784, 0.05973020950957439]
B1: 0.00022932040565139462 - 9.368725764969768e-05 - 0.0007240282949875524 - -6.949771738833624e-05
B2: 8.378417485976983e-05 - 0.00020257670992353518 - 5.696503240740079e-06 - 8.388773223014863e-05
