Number: 1944
Error: 2.471945575941494e-06
A1: [-0.001955846514783534, -0.00956752154080693, 0.008355245525086886, 0.02475633889333343] - [0.06813943851247296, 0.19111995032857193, -0.14538672441177883, -0.10849783034510734] - [-0.10865036840145381, 0.4455167882348439, -0.06702783691501087, -0.25401654120674866] - [-0.022466619098540936, 0.01616255464486195, -0.02937354174238164, 0.039726372753559364]
A2: [0.12814191064263478, -0.22835733857064938, 0.01897585333559303, 0.06652747465013246] - [0.034870618781727175, 0.20598825323085507, -0.11267367146111025, -0.1192815929000455] - [-0.08915051287390588, 0.5607786032928725, -0.22986524393365226, -0.22021267786356064] - [-0.015633726398060415, -0.01442032584392562, 0.013102201972709674, 0.03702456540346082]
B1: 0.001088174519886923 - -0.0021144196727625394 - -0.0022732577605714542 - -0.001932886216251246
B2: -0.00046150594209167645 - 0.003066770496740375 - -0.0019320304297243095 - -0.0027846278038066294
