Number: 6935
Error: 1.1344132831856722e-15
A1: [0.08043165853011301, -0.18046783690205662, -0.019588883096534882, 0.11962494558668393] - [0.03741559590822319, 0.13359640207738582, -0.1347261703155422, -0.03628580919175429] - [-0.0017028031249861737, 0.22819013239423325, -0.1228283667806639, -0.10365889434090116] - [0.038863239220220856, -0.1144810137747659, -0.04641643660773213, 0.1220342327410551]
A2: [0.035307419848091354, -0.029273499074368808, -0.07569737202199879, 0.06966338344926433] - [0.10289374229251279, 0.2828966928158452, -0.3926064043546531, 0.006815987230689247] - [-0.011187133924153917, 0.5390145565515587, -0.35945104761141167, -0.16837650032175258] - [0.09786279279305687, 0.017463309850621913, -0.1688510168113067, 0.053524871439880155]
B1: 1.0252511292530537e-08 - -8.249847508777735e-09 - -6.762342832402578e-11 - 2.460753626163436e-09
B2: -2.2903608558335603e-08 - 6.827648025113355e-09 - 1.2584053616805e-08 - 1.0276402711038741e-09
