Number: 3062
Error: 2.3582465955075775e-07
A1: [0.06239251815321345, -0.04890714429608091, -0.024475920143851325, 0.006814825731997828] - [0.04385356890348776, 0.19145655289399177, -0.14236235347704768, -0.09229630391490821] - [-0.12393992443726073, 0.4143812411717806, -0.1053443229580009, -0.187547536215913] - [0.035686661566076895, 0.01785140453491101, -0.034453953350290986, -0.024375717639435662]
A2: [0.05993109989644523, -0.17717690344379866, 0.08282036301056618, 0.020489707452596515] - [0.029388473144026137, 0.2003976008324974, -0.10161336133677118, -0.1277774807999802] - [-0.09632040039943551, 0.5108225428532288, -0.2285236790079222, -0.19791363755420824] - [-0.02936228496560836, 0.015094387367112999, -0.05373849442858608, 0.053636308925448226]
B1: 8.291439329021573e-06 - 0.000318276105234942 - -3.064216613715435e-05 - -0.00012946788125051822
B2: -0.0006088973855319268 - 0.000974107509359518 - -0.0005901521200006705 - -0.0008678121639646959
