Number: 5235
Error: 1.1035217768951306e-15
A1: [0.06621321099042678, -0.11395205105565234, -0.02398392099447586, 0.07172289740907799] - [0.037402565230568674, 0.18819332462832317, -0.14740899288301254, -0.07818705628576958] - [-0.06022936913083448, 0.3289508022338053, -0.12775310753682984, -0.14096832007382532] - [0.03904622564868389, -0.05332262293687054, -0.0374185260454161, 0.05169518424276671]
A2: [-0.009108516565615739, -0.34680312264491026, 0.24945515002615007, 0.10645674197954254] - [0.08003982832001848, 0.03628225972369308, -0.050250109469228144, -0.06607195668077633] - [-0.04245288912077178, 0.23083181420409601, -0.040531320198184805, -0.14784791601690478] - [0.06813469033852093, -0.2934679495904234, 0.14177114478941757, 0.08356176129656456]
B1: 4.350215253060124e-08 - -7.935049286058721e-08 - -4.331153374549569e-09 - 8.214916354431073e-09
B2: -1.4042390267652476e-08 - -2.151852482016673e-08 - 1.640872302849578e-08 - 3.027254557216485e-08
