Number: 1445
Error: 3.9572375509000095e-10
A1: [-0.007074412757637257, -0.014879639331226904, 0.0031147551864858995, 0.01957093200790774] - [0.06680191205044053, 0.18986054470213654, -0.14676076402014057, -0.10988997672168879] - [-0.1124376108787389, 0.44193008154177177, -0.07063554561634193, -0.2579398814679763] - [-0.02360101341353102, 0.015116472725611348, -0.03017117092628688, 0.038666911481132576]
A2: [0.13157310916397516, -0.22464125277507294, 0.022653775516780567, 0.07014783779712559] - [0.032599974144308576, 0.20370371316813707, -0.11493436826726947, -0.12150272639711317] - [-0.0945817274341653, 0.5555803450704584, -0.2351620557530261, -0.22559476841895945] - [-0.021006067964529012, -0.019451988506315247, 0.00794082809732161, 0.032009959706720485]
B1: 1.9304651718376355e-05 - 2.818734203017918e-05 - -2.3686714350288215e-05 - 1.9278490655658753e-05
B2: 2.1769509795538545e-05 - -4.45180384741096e-06 - -2.268165327678126e-05 - 7.751032771034133e-05
