Number: 3519
Error: 2.318120089985639e-11
A1: [0.06620490726247862, -0.11396017012591166, -0.023992219408763768, 0.07171460831116662] - [0.037409610064247104, 0.1882000541358483, -0.14740206726875776, -0.07818012957728727] - [-0.06025454784975886, 0.32892662569858294, -0.1277777418573479, -0.1409928274540528] - [0.03901636169638431, -0.05335097220407504, -0.03744742086835079, 0.05166652706398153]
A2: [-0.009092306178889923, -0.3467859268331064, 0.249471497131523, 0.10647373673287454] - [0.08005416693153908, 0.03629770791233839, -0.050234439837581225, -0.06605615211799899] - [-0.04245555045615446, 0.23082887666856522, -0.040534170845700004, -0.14785086099966394] - [0.06814850104877536, -0.2934527453108746, 0.14178612261288265, 0.08357724606825102]
B1: 1.0488362632841261e-06 - -9.083903192971315e-06 - -4.066972761221958e-06 - 4.301695965147004e-06
B2: 3.2734215560673033e-06 - -1.5786440624226777e-06 - -2.9038782994862736e-07 - -1.4559712161097743e-05
