Number: 2389
Error: 5.2110362135773086e-06
A1: [0.06858346260350219, -0.04380321292747259, -0.019536726241344, 0.012547225273308184] - [0.039703515641780894, 0.1872433394930826, -0.1470327931603147, -0.09678382941878128] - [-0.10973955894522003, 0.42917022988568754, -0.09057600602635422, -0.17329507234882116] - [0.055719054248516295, 0.03854154140942491, -0.013731074884037716, -0.004258722961797554]
A2: [0.06132436600301277, -0.17575402927398612, 0.08454500342805017, 0.021902762230316244] - [0.03759093576295186, 0.208493204709833, -0.09346120779143144, -0.11978822003011859] - [-0.10043568164287406, 0.5075760965084111, -0.23187007735195253, -0.20122180794412678] - [-0.02461223593174911, 0.019819472506732785, -0.048422812638375015, 0.05831964721004226]
B1: -0.006402429625735035 - 0.005342515529138065 - 0.0031756650775487776 - -0.002743428832153956
B2: -0.001464039846920063 - 0.001305168756114908 - 0.0007735783878831046 - 0.0032278043297047842
