Number: 4102
Error: 7.080857979900741e-16
A1: [0.0662131857254568, -0.1139520757560563, -0.023983946239597334, 0.07172287218654502] - [0.03740263492581698, 0.1881933912173578, -0.14740892436728398, -0.07818698776395264] - [-0.06022933917731422, 0.32895083100273015, -0.12775307822600585, -0.14096829092092736] - [0.03904622091952613, -0.05332262742591181, -0.03741853062093719, 0.051695179704456876]
A2: [-0.009108569268495747, -0.34680317855435794, 0.2494550968971512, 0.10645668672345837] - [0.08003983226885351, 0.036282263977673694, -0.050250105153514926, -0.06607195232834896] - [-0.04245285541557607, 0.2308318514029226, -0.040531284078664145, -0.14784787874062438] - [0.06813482394181725, -0.2934678024876683, 0.141771289628384, 0.0835619110901141]
B1: 2.101200622322398e-08 - 7.1319526428263055e-09 - -1.160806053637589e-08 - 2.2497389141434466e-08
B2: -2.283010060462048e-09 - 1.0298937876587085e-08 - 1.1832896716814742e-08 - 2.159850714637154e-08
