Number: 5431
Error: 2.3065218243646636e-15
A1: [0.06621323324463338, -0.11395202929865524, -0.02398389875767721, 0.07172291962599613] - [0.037402692340861396, 0.18819344607374325, -0.1474088679237581, -0.07818693131546363] - [-0.06022951754494568, 0.32895065968990467, -0.1277532527660219, -0.14096846452188003] - [0.039046110992753895, -0.05332273176406711, -0.03741863697118144, 0.051695074217668655]
A2: [-0.00910827384844933, -0.34680286516079467, 0.2494553947067692, 0.10645699645438629] - [0.08003986862720032, 0.036282303146061935, -0.05025006541554874, -0.06607191225331173] - [-0.04245286789194795, 0.23083183763347087, -0.040531297448922136, -0.1478478925387186] - [0.0681346419687962, -0.2934680028473306, 0.14177109235184623, 0.0835617070655183]
B1: 2.6073066440390127e-08 - -5.575594130209607e-08 - -2.7741698400672946e-08 - -5.4603939111828076e-08
B2: -2.010055311881276e-08 - 2.8464900115779463e-09 - -1.9064730550899117e-08 - 6.85610829786227e-08
