Number: 4888
Error: 1.2275086726290217e-15
A1: [0.0662130997161528, -0.11395215984334144, -0.023984032181404286, 0.07172278632157678] - [0.037402561074662444, 0.1881933206575982, -0.14740899696862286, -0.07818706037173062] - [-0.060229353515881434, 0.3289508172313555, -0.12775309225686085, -0.14096830487612347] - [0.039046233881495564, -0.05332261512272709, -0.03741851808050398, 0.05169519214303037]
A2: [-0.009108594336738171, -0.34680320514779606, 0.2494550716260005, 0.10645666044079831] - [0.08003986094428903, 0.03628229486935331, -0.05025007381282268, -0.06607192072157408] - [-0.04245284064110829, 0.23083186770907055, -0.04053126824550684, -0.14784786240048797] - [0.06813472781796442, -0.29346790832410896, 0.14177118542076844, 0.08356180331763875]
B1: 1.2823050135159647e-08 - 1.791704819710308e-08 - 3.262127755036615e-09 - -2.8550650781769987e-09
B2: -1.2964842247881998e-08 - -2.2766038031468808e-08 - 8.029291729885957e-09 - 3.49444870072878e-08
