Number: 4047
Error: 7.894397645987316e-16
A1: [0.06621318393948819, -0.1139520775021152, -0.02398394802416418, 0.0717228704035733] - [0.037402633410166405, 0.18819338976925734, -0.1474089258572858, -0.0781869892540841] - [-0.060229407304246516, 0.3289507655705779, -0.1277531448909923, -0.14096835722735812] - [0.03904611503244521, -0.05332272792992611, -0.037418633063140014, 0.05169507809405901]
A2: [-0.009108677699843162, -0.34680329358310164, 0.2494549875884779, 0.10645657303908686] - [0.08003985086559676, 0.03628228401169668, -0.05025008482832996, -0.06607193183057797] - [-0.04245292371117488, 0.23083177602763227, -0.04053135726694023, -0.14784795427300276] - [0.06813478900247862, -0.29346784095741424, 0.14177125175076075, 0.08356187191664673]
B1: 3.51886087881445e-08 - -1.4106651677179685e-08 - -2.2328925381818786e-08 - 1.703045440862388e-08
B2: 4.8449056080679394e-09 - 3.4541057281933904e-08 - -5.624656377709846e-09 - -1.5579419373332675e-08
