Number: 6986
Error: 9.410895835875804e-16
A1: [0.08043169081127571, -0.18046780462455028, -0.019588850853969546, 0.11962497786416003] - [0.03741558938968005, 0.13359639556377703, -0.13472617682109594, -0.036285815706685993] - [-0.0017028135764829684, 0.22819012194296004, -0.12282837721685849, -0.10365890478960844] - [0.03886322129329287, -0.11448103165138358, -0.04641645452323771, 0.122034214825269]
A2: [0.035307432921293465, -0.029273485965007087, -0.07569735959216448, 0.06966339713178868] - [0.10289375766666707, 0.28289670832048325, -0.3926063894849711, 0.006816003329678164] - [-0.011187075307763722, 0.5390146155175669, -0.35945099212971937, -0.16837643855562343] - [0.09786280366277611, 0.017463320769784182, -0.16885100646403708, 0.053524882849547]
B1: -6.5086531110517865e-09 - -1.2327361334515662e-08 - 8.677623095902035e-09 - -1.0206807609621412e-09
B2: 6.399332876707942e-10 - -4.159225185411775e-09 - 1.4625610186969913e-09 - -9.901352807529893e-09
