Number: 287
Error: 1.8604325309297125e-08
A1: [-0.012727553491035807, -0.015106922440019621, 0.01745273207141129, 0.007969687792246048] - [0.06487779930962692, 0.1885742322739687, -0.14631248119138335, -0.11107455613335562] - [-0.09559587519259476, 0.4224602482933585, -0.052700392397865184, -0.2712233546987767] - [-0.0014719126664706696, -0.018363635203101223, -0.003995003597672288, 0.02320292885066352]
A2: [0.16152294087759614, -0.16781734814037122, 0.008438953298844972, -0.002395132019367108] - [0.03556893474752432, 0.2075985869374793, -0.11712762851261592, -0.12571068164968757] - [-0.08612710224180495, 0.5816227788396272, -0.23530470426762826, -0.25985121927008814] - [-0.0038084782684420543, -0.004493174411632823, 0.0011366790721601093, 0.007268965599216117]
B1: -0.00012228424028254488 - 0.00012619073026665242 - -0.00013948859951436814 - -0.00011309316512801719
B2: 8.856760465594422e-05 - -0.00012068747750231334 - 0.00023883263552860996 - -0.00016125564986491816
