Number: 2484
Error: 1.8601280329724667e-06
A1: [0.06496744196722619, -0.04637071670161114, -0.02194334400529565, 0.00935445275369426] - [0.04409634745352501, 0.19168395460293686, -0.14213034520849763, -0.09204393291286725] - [-0.11949417806374515, 0.4187661723426242, -0.10091739823362073, -0.18315256571290892] - [0.03852261484096147, 0.020671578083515458, -0.03163182720365141, -0.02156819918231382]
A2: [0.06216056708956126, -0.17495186282797723, 0.08503496676203497, 0.022702535492689652] - [0.030214554312139753, 0.20121010555708288, -0.1007870087008784, -0.12696661614993635] - [-0.0921249648082394, 0.5149650845320332, -0.22431264578446877, -0.19384173671384433] - [-0.025609305106196464, 0.018848141341108796, -0.04996652758248802, 0.057300047669430344]
B1: 0.00016155992560897632 - 0.0009934137773780671 - 0.0008392906807521884 - 0.0006132757084843967
B2: -0.0001808743087724535 - 0.00011625280356633658 - -0.0011327714625514805 - -0.0011410467220514466
