Number: 1486
Error: 1.2558339367221029e-08
A1: [-0.007539296623423562, -0.015348960357083332, 0.0026310320665794387, 0.019093043532341973] - [0.06674004602879985, 0.18980100647845305, -0.14682473689822048, -0.10995880184525864] - [-0.11339146352589616, 0.44099501652992873, -0.07162936304038349, -0.2589724019854193] - [-0.022922700992472227, 0.01578290837164176, -0.02947848386623446, 0.03938347835212049]
A2: [0.13174698844860427, -0.2244699808838663, 0.02282502905832834, 0.07031790766787584] - [0.0326813396478743, 0.20378377566493103, -0.11485332768888175, -0.12142313237209088] - [-0.09461612846512364, 0.5555461976424656, -0.2351962862947456, -0.22562942786331033] - [-0.020724743538088113, -0.019174722596888176, 0.008219576358512547, 0.032279974593613626]
B1: -1.5679002283122334e-05 - -3.792151607081708e-05 - 3.2667432770494135e-05 - -1.0429300274164003e-05
B2: 1.1049311990432115e-05 - -7.385835409094008e-05 - 0.00016502353348998782 - -0.0001877109978885565
