Number: 522
Error: 3.6770492710486674e-13
A1: [-0.012149789723626637, -0.014513468306862823, 0.018091267035519096, 0.00858694876120341] - [0.06583585049053205, 0.18949585256844456, -0.14532193433231871, -0.11000787593623335] - [-0.09629304362320781, 0.42178611930864923, -0.0534573002477998, -0.27203569878920736] - [-0.0013217796946385287, -0.018219513609252638, -0.0038354081853405335, 0.02337642059745065]
A2: [0.1615863077300426, -0.16775517856338104, 0.008500929148021055, -0.002333472174682091] - [0.035485760140047576, 0.20751675780000362, -0.11721038775496026, -0.1257919937310112] - [-0.08621364092939324, 0.5815380275022721, -0.235388820286103, -0.25993566202609786] - [-0.003834832328225065, -0.004519157081735099, 0.0011103904682978178, 0.00724352189406185]
B1: 2.015215178922072e-07 - 2.8863642227576244e-07 - -2.1669100921178817e-07 - -3.214779148578099e-07
B2: -1.1720538460391768e-06 - 3.994473087947159e-08 - 1.172845238556164e-06 - 1.4943179039218203e-06
