Number: 9200
Error: 3.4983131373150364e-07
A1: [0.05378193563086457, -0.1473954550522883, -0.026392213522347663, 0.12243523950003643] - [0.00755476889089285, 0.13308432397115952, -0.11135678828015497, -0.0202997546912034] - [-0.01388554158158127, 0.22365240895420646, -0.1264828054077245, -0.08104365221215577] - [0.026900724535000434, -0.10026906638957425, -0.04967278592051066, 0.12205056303279817]
A2: [0.08925658242635101, -0.07290838080333757, -0.12361986437428464, 0.10729109354535721] - [0.10825699018761172, 0.24922276812806288, -0.40542139649422076, 0.045595851705967305] - [0.03539562803752247, 0.461315152448885, -0.37892749221953625, -0.12272421761717567] - [0.14296538938300798, -0.04506898109464627, -0.2019501988066946, 0.10221219529897992]
B1: 4.907669782307733e-05 - -0.00010799913167912708 - 5.043053807700796e-05 - -0.00018023066956204115
B2: 0.0007969887458666768 - 0.000360987399484717 - 0.000286009002937747 - 0.0005100314718765571
