Number: 4831
Error: 1.4208837609479056e-15
A1: [0.06621317789323296, -0.1139520834132629, -0.023983954065690316, 0.07172286436743384] - [0.03740261356032414, 0.18819337080409276, -0.14740894537119273, -0.07818700876973873] - [-0.06022932669027504, 0.3289508429958771, -0.12775306600690925, -0.14096827876734697] - [0.03904603389553445, -0.05332280494200946, -0.03741871156034554, 0.051695000234184586]
A2: [-0.00910855290760653, -0.3468031611980423, 0.24945511339029253, 0.10645670387689969] - [0.08003987101994485, 0.036282305723707435, -0.050250062800728426, -0.06607190961596719] - [-0.042452830262885946, 0.23083187916307785, -0.040531257123837094, -0.14784785092258645] - [0.06813483626882583, -0.2934677889152672, 0.14177130299171772, 0.0835619249107653]
B1: -4.654632147470909e-08 - 5.379601356906577e-09 - 1.568805468800454e-08 - 4.731243620883488e-08
B2: 1.4578209143753519e-08 - 1.6870309140120098e-09 - 4.2557630590375616e-08 - -1.93908974186587e-08
