Number: 275
Error: 2.0118022511492865e-08
A1: [-0.01337783419268885, -0.015774768237104893, 0.016734166775494167, 0.007274917084999933] - [0.0646741225389568, 0.18837832750720515, -0.14652301401454756, -0.1113012661406609] - [-0.0978393744885234, 0.42029235238102475, -0.055134078753773054, -0.27383677519068067] - [-0.0013737478725555211, -0.018269039943966586, -0.0038901430298442724, 0.023316556812448628]
A2: [0.1613055248834974, -0.1680305834643984, 0.008226047487893998, -0.002607108285952123] - [0.03565664652317148, 0.20768491016097962, -0.11704028798182528, -0.12562485929769648] - [-0.08607163024626997, 0.5816772387402054, -0.23525093907531547, -0.2597972359853062] - [-0.003867252762211657, -0.004550909283306559, 0.0010785290416339395, 0.00721266960968991]
B1: -1.8911884753388048e-05 - 0.00026259165504409926 - -0.00021828814888728002 - -7.50524735146785e-05
B2: 0.0006742878092429482 - -0.0003204973622678634 - -0.0005285195069796971 - 1.2045306818530425e-05
