Number: 16
Error: 0.0008797411544855263
A1: [0.03754759117304367, 0.044132415518314, 0.061959176528294795, 0.03876342090745927] - [0.14519280029761844, 0.28014620413819613, -0.0805821435306592, -0.07031060506424125] - [-0.05042600687342875, 0.4661088214967669, -0.009970839556546228, -0.2192654068724435] - [0.2537179793437695, 0.24867349032471053, 0.25997792466226827, 0.2722595370633705]
A2: [0.4604994080033806, 0.12698887137795636, 0.2953740997212711, 0.292801940006066] - [0.20087084859751198, 0.3672745127710046, 0.03860505637751939, 0.03199292817864115] - [0.30331590213217857, 0.9707633297421948, 0.1399169395007334, 0.12955702363985627] - [0.6245739481973428, 0.6253127463263407, 0.6216248055364966, 0.6191976273031202]
B1: 0.06691320271631332 - 0.48721124390838044 - -0.04465681674026138 - -0.06918853999698867
B2: 0.05732166628811641 - 0.555407280827115 - -0.08636097741237435 - -0.07066610552773425
