Number: 9391
Error: 7.887953132056308e-11
A1: [0.05316586543978213, -0.14800795698033195, -0.027005724080988724, 0.1218211352674114] - [0.005309728870801731, 0.1308326990479037, -0.11360473421781293, -0.022553759979516322] - [-0.014440643024563514, 0.22309545612819526, -0.12703734881847925, -0.08160209750001779] - [0.02714602152215243, -0.1000204750998627, -0.04942494686958523, 0.12229768258708935]
A2: [0.08931661411630755, -0.07285136193314289, -0.12356666813848026, 0.10734930269836407] - [0.10885153074572387, 0.24982398529604383, -0.4048356817016814, 0.04619944695806232] - [0.0366559593750569, 0.4625750424835247, -0.3776979102034223, -0.12145303250278738] - [0.14341207176731427, -0.04462093091474126, -0.20151355818431924, 0.10266528749163244]
B1: 2.1293417842018734e-05 - -2.558427161553129e-05 - -1.8359520884783461e-06 - -2.3591704963619986e-05
B2: -3.851537046164551e-06 - -1.2407273800136114e-06 - -4.175874741211182e-06 - -3.2689227416810894e-06
