Number: 384
Error: 3.976041868936398e-11
A1: [-0.012092489379537991, -0.01445461201958697, 0.018154604161999533, 0.008648182566474987] - [0.06583048989577596, 0.18949069598221605, -0.14532747711647068, -0.11001384450954649] - [-0.09627690919808116, 0.4218017146202156, -0.053439789858412474, -0.2720169009925487] - [-0.0013176795391971893, -0.018215569454717622, -0.0038310408290718463, 0.02338115980087824]
A2: [0.16160584032259456, -0.16773601857724543, 0.008520065528133133, -0.0023144334122301977] - [0.03548150279057794, 0.20751256810720553, -0.11721462805838428, -0.12579615932183255] - [-0.0861828321351175, 0.5815682004063691, -0.23535884681575014, -0.25990562407632994] - [-0.0038134435473952733, -0.004498125795947414, 0.0011315591804592917, 0.007263983767593298]
B1: 4.27877326656567e-06 - -1.9213219722443082e-06 - 7.3441148159795764e-06 - -7.095638668858338e-07
B2: -1.3058462304754032e-06 - -1.7748776680828938e-05 - 1.1963594580797645e-05 - -7.930500696320667e-08
