Number: 8304
Error: 1.1555934438670597e-15
A1: [0.08043164420107465, -0.18046785122950146, -0.01958889740850346, 0.11962493125923868] - [0.03741556342173699, 0.13359636961553442, -0.13472620273714583, -0.036285841660152654] - [-0.0017028402130840803, 0.2281900953069189, -0.12282840381446591, -0.10365893141910248] - [0.03886318082286974, -0.11448107200824643, -0.04641649496789934, 0.1220341743799756]
A2: [0.035307564588530994, -0.029273353933554874, -0.07569723440436743, 0.06966353493555645] - [0.10289385414123124, 0.282896805613825, -0.3926062961759023, 0.006816104352471335] - [-0.011187097432543919, 0.539014593260768, -0.3594510130713032, -0.16837646186928432] - [0.09786263743581586, 0.017463153786709238, -0.16885116470164444, 0.05352470836567919]
B1: 9.221059469133293e-09 - 8.518133108634828e-08 - -2.6774478841610976e-08 - -4.0535648327983466e-08
B2: 5.503764054605814e-09 - 2.183045565647549e-08 - -7.016781650430495e-09 - 1.021768143112782e-08
