Number: 4193
Error: 8.020048322864265e-16
A1: [0.06621317473455976, -0.11395208650134399, -0.023983957221871077, 0.07172286121409281] - [0.037402615929178394, 0.18819337306736147, -0.14740894304243263, -0.0781870064407559] - [-0.06022938274993534, 0.32895078915364423, -0.12775312086359225, -0.14096833332918268] - [0.039046111842265065, -0.05332273095791792, -0.03741863614952815, 0.05169507503273225]
A2: [-0.009108458773958647, -0.3468030613369193, 0.24945520828570367, 0.10645680257095538] - [0.08003983899204312, 0.03628227122047561, -0.050250097805451255, -0.0660719449178899] - [-0.04245283116129589, 0.23083187817146186, -0.04053125808679973, -0.14784785191628255] - [0.0681348334371086, -0.2934677920329488, 0.14177129992217916, 0.0835619217360725]
B1: 1.8098402037496396e-09 - -7.476097663969972e-10 - -1.9553746428048367e-08 - 7.2077399681659895e-09
B2: 2.2855506216292175e-09 - 7.289111452197028e-09 - -5.538976606893895e-09 - -1.2273254755907967e-08
