Number: 1713
Error: 3.3798909225968216e-07
A1: [-0.004795548316528436, -0.012594561522328506, 0.005483428380034499, 0.02189625343012359] - [0.0665736303761389, 0.18964098109858366, -0.14699741678272515, -0.11014450049166535] - [-0.1125102433480892, 0.4418349536859535, -0.07072088897399822, -0.2580255685042579] - [-0.02195187705751631, 0.016716350323339024, -0.028489855796057555, 0.040396649871105104]
A2: [0.12961184964840414, -0.22654331183521242, 0.020735342450069805, 0.06823034587062757] - [0.032741520574621756, 0.20384368587804122, -0.11479338828621959, -0.12136086700444902] - [-0.09599938606366543, 0.5542094403765, -0.23654285068682424, -0.22698841837541164] - [-0.022508544446086978, -0.02091293857671664, 0.006458360766715192, 0.03056647722690766]
B1: -0.0007401119556799785 - -0.0002478121504322529 - 5.0765298617571025e-05 - -0.0007520660262097981
B2: 0.0003311784929409434 - 8.609747821823588e-05 - -0.00037151203444044654 - 1.2220227919542683e-05
