Number: 7854
Error: 7.296305048671342e-16
A1: [0.08043166533313117, -0.18046783009981993, -0.019588876301650612, 0.1196249523889256] - [0.03741565616430577, 0.1335964622878532, -0.134726110179515, -0.0362857489690512] - [-0.0017028303346009663, 0.2281901051851959, -0.12282839395043546, -0.10365892154324838] - [0.03886321336792401, -0.114481039554525, -0.046416462443557155, 0.12203420690482343]
A2: [0.035307422168840905, -0.02927349674717604, -0.07569736981547774, 0.06966338587819408] - [0.10289373729064737, 0.2828966877715494, -0.3926064091923806, 0.006815981993015355] - [-0.011187028780719682, 0.5390146623221165, -0.3594509480907595, -0.16837638952854878] - [0.09786282631477543, 0.017463343524825654, -0.16885098490076939, 0.05352490662674127]
B1: -4.083059030164068e-08 - -2.1617251341544782e-08 - -2.1617954424695825e-10 - -1.727073284455366e-08
B2: -3.072319544921938e-08 - -6.617605983202288e-09 - -1.3392429628835685e-08 - -3.567226512487156e-08
