Number: 2373
Error: 8.388521737968543e-06
A1: [0.06369593614499205, -0.04851403305284083, -0.024303736734372607, 0.007793197998057486] - [0.04331935847553023, 0.1908678459863225, -0.143274523162923, -0.09285560652325302] - [-0.12739853114589583, 0.4114932071041171, -0.10823478144936056, -0.1909284430848047] - [0.030650191326184937, 0.013147997988822914, -0.03890701997636408, -0.029340082263993386]
A2: [0.08921236389382291, -0.14772301462809512, 0.11221778440996955, 0.04925373704191578] - [0.027723029972176388, 0.19873177894864108, -0.10329359956919976, -0.12942783582137274] - [-0.09145610003226394, 0.516324501436258, -0.22295261510759212, -0.19248099674891886] - [-0.022332444888121646, 0.02240841428321307, -0.04615381879795957, 0.06067793140413343]
B1: 0.0018585314051092498 - -0.002539950242893627 - -0.0020445739793552215 - -0.006211140982516921
B2: 0.0024219130662275993 - -0.0003459463065356007 - 0.00039867692866058966 - -0.0005558332205165241
