Number: 7699
Error: 1.0020462661078945e-15
A1: [0.08043167123793131, -0.18046782419568655, -0.019588870403907048, 0.11962495829305332] - [0.037415564448909054, 0.13359637064187707, -0.13472620171215838, -0.03628584063363682] - [-0.001702835325133583, 0.22819010019477162, -0.12282839893365997, -0.10365892653244854] - [0.03886321388497226, -0.11448103903892452, -0.046416461926832, 0.12203420742155391]
A2: [0.03530727795583564, -0.029273641359058546, -0.07569750693151402, 0.06966323494379609] - [0.10289363721317954, 0.2828965868447161, -0.3926065059860537, 0.006815877197359173] - [-0.011187112768272191, 0.5390145778336272, -0.3594510275869074, -0.16837647802905245] - [0.09786277767428851, 0.017463294663090784, -0.16885103120341738, 0.05352485557012273]
B1: 5.291108286211302e-08 - -7.971233652532139e-09 - -3.492140758097234e-08 - -1.159699725389139e-08
B2: -1.7262849707486e-09 - 5.986309584591282e-09 - -4.86527905710941e-09 - 1.0306085428791958e-09
