Number: 7839
Error: 8.374226878845553e-16
A1: [0.08043163939449571, -0.18046785603551643, -0.01958890220926924, 0.11962492645325384] - [0.037415555263236235, 0.13359636146315867, -0.1347262108795281, -0.03628584981422144] - [-0.001702840747586319, 0.22819009477243338, -0.12282840434817374, -0.10365893195345419] - [0.0388631732691248, -0.11448107954079081, -0.04641650251680173, 0.1220341668309479]
A2: [0.035307268577913595, -0.029273650762905334, -0.07569751584796065, 0.06966322512882442] - [0.10289373109822061, 0.2828966815265675, -0.39260641518161865, 0.006815975508645211] - [-0.011187028386745866, 0.539014662718442, -0.35945094771785374, -0.1683763891134054] - [0.09786277982596409, 0.01746329682455818, -0.16885102915516012, 0.05352485782868163]
B1: 6.955930714876247e-09 - 1.2526730144043103e-09 - 3.608394800062577e-08 - 1.858467659233298e-08
B2: -5.483537701566671e-09 - 5.765196776237034e-08 - -1.0818387518150531e-09 - -2.8987443355856983e-09
