Number: 316
Error: 9.334834511861657e-09
A1: [-0.012289347484490553, -0.014656826183093686, 0.017937048805023954, 0.00843786090789511] - [0.0659315838348434, 0.18958793264851212, -0.14522296207667212, -0.1099012991626885] - [-0.09651117711533043, 0.42157534253374196, -0.05369396324864926, -0.2722898509892589] - [-0.0014886676162543103, -0.018379980058899268, -0.004013021735645378, 0.023183500014506444]
A2: [0.16147847710032245, -0.16786099300306467, 0.008395277706397903, -0.0024385930086012085] - [0.03544890222512388, 0.20748049366731322, -0.1172470984734435, -0.12582804938617753] - [-0.08642956354919709, 0.5813265349932076, -0.2355989035089515, -0.26014620278017336] - [-0.0038947247840513018, -0.0045780119996410495, 0.0010511770016820386, 0.007186284189705986]
B1: -0.00011926642192578577 - -0.00027337412984677553 - -0.0001279834888163153 - -6.780217185156228e-05
B2: 0.0001851027756676458 - -0.0007456458982796377 - -0.000148952302508408 - -0.0001300278394689581
