Number: 7505
Error: 1.1441554540135906e-15
A1: [0.08043170574037481, -0.1804677896971502, -0.019588835942732086, 0.1196249927915482] - [0.03741560995586696, 0.13359641611439535, -0.13472615629588838, -0.03628579515189446] - [-0.00170280055787572, 0.2281901349612887, -0.12282836421731332, -0.10365889177447263] - [0.038863249160413255, -0.11448100386247848, -0.046416426673883765, 0.12203424267506238]
A2: [0.03530742083527583, -0.0292734980844429, -0.07569737108341777, 0.06966338448247258] - [0.1028937502508584, 0.282896700841742, -0.3926063966574365, 0.006815995564246061] - [-0.011187080915044362, 0.5390146098768426, -0.35945099743711945, -0.16837644446421265] - [0.09786282055549071, 0.01746333773934057, -0.168850990383259, 0.053524900581389666]
B1: -4.996051163647442e-09 - 1.0357616103649161e-08 - 1.019801607226869e-08 - 5.143264233438514e-09
B2: 5.168359113932939e-09 - 1.4611492482018943e-09 - 9.659388413879168e-09 - 4.271038567087214e-09
