Number: 1321
Error: 3.6305501915173874e-09
A1: [-0.007001070429780292, -0.014805504721073033, 0.0031914288722684867, 0.01964621800944382] - [0.06661561971852184, 0.18968125007062198, -0.1469534670987813, -0.11009718889183732] - [-0.1124463264679934, 0.44192220319728004, -0.07064413360498961, -0.2579493042156268] - [-0.023323918596143876, 0.015389061353461546, -0.029887690376254734, 0.03895952847728278]
A2: [0.13152216382536425, -0.2246917304804749, 0.022604103245340137, 0.07009812384808231] - [0.03263843026758832, 0.20374150577070926, -0.11489620260802827, -0.12146513633500651] - [-0.09510089319418039, 0.5550696361697081, -0.23567215409381437, -0.22610499942662257] - [-0.020935011154810362, -0.01938235265934424, 0.008011672532504305, 0.032078286012051684]
B1: 0.00010689042951599249 - -4.008106232305075e-05 - -5.794716058232767e-06 - 8.740232366513063e-05
B2: 1.1367143714751987e-05 - -7.393060933072065e-05 - 2.4150633704225763e-05 - 2.0758462594422688e-05
