Number: 9390
Error: 8.211260720342549e-11
A1: [0.053165528827877805, -0.14800829359588902, -0.02700606025890357, 0.12182079861383084] - [0.005310600700679232, 0.13083357177815297, -0.11360386252947426, -0.02255288693130683] - [-0.014439925132686972, 0.2230961743291743, -0.1270366314534203, -0.0816013792765886] - [0.02714701226876227, -0.10001948427798699, -0.04942395397305933, 0.1222986759589424]
A2: [0.08931662875798647, -0.07285134742414334, -0.12356665387339628, 0.10734931749374338] - [0.10885236507609403, 0.249824819844734, -0.40483486384815537, 0.04620029537871926] - [0.036656370627272755, 0.46257545159418284, -0.37769750897354226, -0.12145261698571284] - [0.14341340994646012, -0.04461959763279578, -0.2015122515373604, 0.1026666455573576]
B1: 2.4842496676832018e-05 - -2.1194996205204647e-05 - 1.774011128911146e-06 - -1.9888581752826765e-05
B2: -7.817709451798756e-06 - -4.884195343601315e-06 - -8.047537586326845e-06 - -7.3235236890670335e-06
