Number: 3844
Error: 8.80705135640084e-16
A1: [0.06621310885123095, -0.11395215091238624, -0.023984023053499514, 0.07172279544133119] - [0.03740255601326906, 0.18819331582177817, -0.14740900194437379, -0.07818706534790076] - [-0.06022935663781937, 0.3289508142328881, -0.12775309531183604, -0.14096830791487236] - [0.03904619243122894, -0.053322654465936876, -0.037418558182412756, 0.051695152366775424]
A2: [-0.00910859005460429, -0.3468032006051774, 0.24945507594287275, 0.10645666493033921] - [0.08003982572196552, 0.03628225692480215, -0.05025011230888397, -0.06607195954447997] - [-0.042452790595221467, 0.23083192294274552, -0.04053121461456177, -0.14784780705169068] - [0.06813478292633934, -0.2934678476474852, 0.14177124516368575, 0.08356186510419797]
B1: 6.266988473741995e-11 - -2.698138692549782e-08 - -1.453745240460929e-08 - -2.5397543425199707e-08
B2: -3.449364398466233e-08 - -3.158920963179957e-08 - 8.572517660788848e-08 - -8.13321673159907e-08
