Number: 7052
Error: 1.041810330938895e-15
A1: [0.08043169470535316, -0.18046780073091406, -0.019588846964549076, 0.11962498175779245] - [0.03741559824642708, 0.13359640441382142, -0.13472616798199555, -0.0362858068548448] - [-0.0017028127106665679, 0.22819012280875747, -0.12282837635231102, -0.10365890392402355] - [0.038863237337580715, -0.11448101565212077, -0.04641643848917114, 0.1220342308595861]
A2: [0.03530739480019792, -0.029273524191539967, -0.07569739583722095, 0.06966335723393209] - [0.10289379891584506, 0.2828967499197462, -0.3926063495893011, 0.006816046523589869] - [-0.011187068165540864, 0.5390146227023896, -0.35945098536944803, -0.16837643102961533] - [0.09786279698240333, 0.017463314059024817, -0.16885101282332013, 0.0535248758373311]
B1: -5.8446856375629344e-09 - 7.493807796529616e-09 - 1.0247086903799506e-08 - 1.2428512800629187e-09
B2: 2.813499372095529e-09 - 1.8381738182618102e-09 - 8.3145461652861e-09 - 4.542217109013842e-10
