Number: 5640
Error: 3.549965781478694e-06
A1: [0.06717353432787976, -0.11301819999317936, -0.023026398892439442, 0.07267616810311721] - [0.036541745369176135, 0.18736467047201294, -0.1482574434295443, -0.07903659454031954] - [-0.06055882048834122, 0.328624971960472, -0.12807870252613412, -0.14129928298599756] - [0.03951523084732146, -0.05288758247154997, -0.03696563937177433, 0.052145372513376545]
A2: [-0.01670058893975272, -0.3548445269306475, 0.24177627176144548, 0.09850359598767415] - [0.07786008638793018, 0.033937442036529285, -0.05264038926960319, -0.06847584946730909] - [-0.0477110192373385, 0.22503660204660378, -0.04618735998925836, -0.15366429382202662] - [0.05952452129691448, -0.30293968328465853, 0.13241483218973446, 0.07391021055855489]
B1: -0.0005288689511081797 - -0.0012446894247991104 - -0.0004742904166180034 - 0.0006838975828519951
B2: 0.0017223095199644207 - 0.0011987613873543424 - 0.001406832144186699 - 0.0014643656036491873
