Number: 8686
Error: 4.632261316114601e-14
A1: [0.08043172247626816, -0.18046777296311894, -0.01958881922684729, 0.11962500952555229] - [0.037415671312063574, 0.13359647742421518, -0.13472609506170063, -0.036285733829558464] - [-0.0017027304832142997, 0.2281902050344543, -0.12282829424524917, -0.10365882171849587] - [0.038863265918377854, -0.11448098715145652, -0.04641640992656074, 0.1220342594226763]
A2: [0.03530745419431579, -0.029273464633154257, -0.07569733936601168, 0.06966341939619987] - [0.10289421933668422, 0.2828971739086049, -0.3926059429630747, 0.006816486764622859] - [-0.011186910266249196, 0.5390147815433741, -0.3594508359138074, -0.16837626464619976] - [0.09786290308268923, 0.01746342064184132, -0.16885091182246414, 0.05352498720775554]
B1: -9.501170324239198e-08 - -1.8121622655295068e-07 - -9.779670867526407e-08 - -8.265807670541998e-08
B2: 1.0636985015248516e-07 - 7.46201091858427e-08 - 7.45523877426828e-08 - 1.0093905939266423e-07
