Number: 9522
Error: 3.073851804164747e-13
A1: [0.053173153787148035, -0.1480006671281163, -0.026998444352666073, 0.12182842592458015] - [0.0053138508595074185, 0.13083682541564828, -0.11360061278132921, -0.022549632167870825] - [-0.01444601431145615, 0.22309008251433887, -0.12704271613128082, -0.08160747129573838] - [0.027146901961023446, -0.10001959616606888, -0.04942406559199179, 0.12229856339740978]
A2: [0.08925352954129295, -0.0729142999269081, -0.12362833157265175, 0.10728543983067847] - [0.10884109356883133, 0.2498135457705683, -0.4048459121903012, 0.04618883416954439] - [0.036635855413878475, 0.4625550433081541, -0.3777175247182273, -0.12147334481814331] - [0.14342688393366934, -0.04460617426491614, -0.20149909537360533, 0.10268031992530562]
B1: -1.3090744631360098e-07 - -7.020056276372426e-07 - -7.2959014505527e-07 - -7.371616629442377e-07
B2: 3.307592626052905e-07 - 1.3451679607377264e-07 - -7.603984478440215e-07 - -4.703808700812143e-09
