Number: 1652
Error: 7.080206918540401e-08
A1: [-0.0071128563428692095, -0.014919986620660972, 0.0030745530351908015, 0.01952173484880223] - [0.06741225262064388, 0.19044772912933663, -0.14613116282027963, -0.10921037939485567] - [-0.11142546744235399, 0.44291384678510176, -0.06958256215813509, -0.25685821256169133] - [-0.024156696788132606, 0.014566994477091233, -0.03073938051292046, 0.03807564924358239]
A2: [0.1314722819183857, -0.224742187563945, 0.02254447536278923, 0.07004345846078716] - [0.0330233358060347, 0.20412062187030183, -0.11451233340564236, -0.12108833052709564] - [-0.09479306717572804, 0.5553755512590423, -0.23537519695683845, -0.225804805884029] - [-0.02067641289063692, -0.019138112493920514, 0.008262959733299062, 0.03231981893922647]
B1: -2.8173574436676113e-05 - -0.00027841944809831254 - 1.975868114760721e-05 - 4.963205988152891e-05
B2: 0.00014359065308961827 - -0.0004188909208264885 - -0.000596770146004472 - 0.0001996051141626425
