Number: 871
Error: 2.0022845434160808e-09
A1: [-0.012238427621202651, -0.014604521571030812, 0.017993286827374815, 0.008492220382758752] - [0.06583127635172938, 0.1894914525406068, -0.14532666309342568, -0.11001296861434012] - [-0.09638113963923144, 0.42170096775860855, -0.05355289902436843, -0.27213834006063387] - [-0.0013957898992513445, -0.01829069664278386, -0.003914193028260753, 0.02329087446645366]
A2: [0.16147331439185686, -0.16786602903102416, 0.008390223884629002, -0.002443605312826546] - [0.035480208489715774, 0.20751129671748592, -0.11721591471353231, -0.1257974222069588] - [-0.08631716754217698, 0.5814366331341527, -0.23548954854627002, -0.2600366002446875] - [-0.003896262985928545, -0.004579558263808214, 0.0010495950193134729, 0.007184760360709768]
B1: -3.771631851423474e-05 - 1.4891793539107351e-05 - -1.9802693112519264e-05 - -8.183375245730143e-06
B2: 1.3642835370467918e-05 - 5.301495503183504e-05 - 2.5259101700533174e-05 - 1.3063801193448879e-05
