Number: 1873
Error: 4.2875944664268745e-07
A1: [-0.004355180722350273, -0.01210338553164046, 0.005980711320826382, 0.0223564004249236] - [0.0677021621237468, 0.19073073674309282, -0.14582641538213548, -0.10888937447777923] - [-0.11301223119071827, 0.4413767162514819, -0.07128968459460931, -0.25856261883729786] - [-0.022691760079080317, 0.016039116179873494, -0.02931505516747889, 0.03962853195713411]
A2: [0.13049967765297465, -0.2257497740997757, 0.021558836038579256, 0.06906677136307188] - [0.03253230379911, 0.20365038100071392, -0.1149972041028311, -0.12155765990724404] - [-0.09685916456611786, 0.5533331553034329, -0.23736475728319278, -0.22775197655261553] - [-0.01984984474186935, -0.018357337615926957, 0.009043538704136414, 0.03308452688316366]
B1: 8.095784615103508e-05 - 0.00105929375853822 - 0.0004227377095822643 - 0.0008059136803879494
B2: -0.0003105125919857125 - -0.00023839225504140285 - 0.0004276162865475006 - 6.525863418821128e-05
