Number: 5138
Error: 9.049707338341889e-16
A1: [0.06621321329649321, -0.11395204880114156, -0.0239839186902373, 0.071722899711264] - [0.03740263320176366, 0.1881933895701997, -0.14740892606211617, -0.0781869894589584] - [-0.06022962578866069, 0.3289505557279637, -0.12775335868705276, -0.14096856987333173] - [0.03904623626115068, -0.053322612864004866, -0.0374185157782906, 0.05169519442654798]
A2: [-0.009108623459514548, -0.3468032360423209, 0.2494550422675456, 0.10645662990730248] - [0.08003982722530108, 0.0362822585443724, -0.05025011066571227, -0.06607195788739627] - [-0.04245275257738279, 0.2308319649013323, -0.04053117387325512, -0.14784776500559868] - [0.06813479267280959, -0.293467836916318, 0.14177125572936408, 0.08356187603170723]
B1: 8.702859555882408e-08 - -8.111275024830305e-09 - -3.731232481868538e-08 - -1.629120537678567e-08
B2: 3.4553137742267757e-09 - -8.210501101050301e-10 - 1.6237969194617463e-08 - 7.200116072283916e-09
