Number: 2260
Error: 0.00023570528275978364
A1: [0.05403305033095219, -0.049789576514604486, -0.02591098200702688, 0.0037032826831301536] - [0.04753361274787562, 0.18682942060299765, -0.15570411295473807, -0.10298039020991584] - [-0.13746145616476885, 0.41541931000221266, -0.10048532222485868, -0.1840827393491766] - [0.014494150873961843, 0.011681542312350959, -0.035827439134488596, -0.036824740370227683]
A2: [0.03947142956200422, -0.2073239726236097, 0.06683605289368102, -0.0019978628778510414] - [0.03040579663348674, 0.20150536066121577, -0.09809715147697635, -0.1278539187442586] - [-0.13976941366804568, 0.48571879429481474, -0.26632488961824985, -0.23988688494079494] - [-0.18324175807295545, -0.11932644911410961, -0.2042518399956297, -0.08751729662561877]
B1: 0.009953369815440979 - 0.0340306006760227 - -0.042360136524568326 - -0.02539107540645645
B2: -0.005081880898160105 - -0.002006671873152596 - -0.009846910209199068 - -0.004183056059421705
