Number: 979
Error: 0.0007425122197604651
A1: [-0.06224140871171199, -0.06648746347234254, -0.03745343106360071, -0.044254305254162005] - [0.05356073519136963, 0.17758174911459476, -0.15799040824489327, -0.12360221958641819] - [-0.18379110034142465, 0.3365916552821598, -0.1483231770628991, -0.37207981686664526] - [-0.058969022974915526, -0.07440927827383317, -0.06562108915300029, -0.04165123560154037]
A2: [0.17980328470037826, -0.15100578966181064, 0.02659191551694307, 0.01570572836340705] - [0.044168735214770306, 0.2158924692218125, -0.10855781490180973, -0.11727630648405321] - [-0.04708756024601948, 0.6188545359659011, -0.1972013455275477, -0.2216448032922545] - [0.02155804789045457, 0.020169006362430672, 0.026327640773883422, 0.03159327548125178]
B1: 0.013156003377710813 - 0.018229752581876063 - 0.006257505211430144 - 0.004676921946749428
B2: -0.027580829752071163 - 0.001639384215672661 - -0.008119838740226374 - -0.015178479011897665
