Number: 3185
Error: 5.471423064519659e-05
A1: [0.042295618153056214, -0.07091689400567229, -0.04395743632057445, -0.010957146161204523] - [0.09349165714290339, 0.23877582704136005, -0.09217877166397591, -0.038976860337123144] - [-0.11084041690428034, 0.42675635121478356, -0.09142915915152446, -0.17163632273652107] - [0.03642490803721468, 0.018765748316850545, -0.03145779373690555, -0.017613345068817718]
A2: [0.06829714548366136, -0.16734520469961003, 0.09154780907024507, 0.028445748709276936] - [0.048125898658963946, 0.2196657885876054, -0.08326349716237791, -0.11078145594153395] - [-0.08817434763172574, 0.5215129436113635, -0.22202803308560198, -0.19399604394752373] - [-0.019895630681653793, 0.02879853375480164, -0.04628402965032661, 0.058125645093387905]
B1: -0.003549425067718985 - -0.005742721507398241 - -0.005978172763011049 - -0.00989775207207388
B2: 0.03057494860749152 - -0.0003907933942860868 - -0.004815913837979779 - -0.04737035497218556
