Number: 6524
Error: 1.0210134608296142e-15
A1: [0.08043168595536236, -0.1804678094799145, -0.019588855704080112, 0.11962497300880025] - [0.03741557152322883, 0.13359637771084718, -0.13472619465194968, -0.03628583356324037] - [-0.0017027948829210569, 0.2281901406361267, -0.12282835855066745, -0.10365888610103545] - [0.038863203091545846, -0.11448104980205125, -0.04641647271338469, 0.12203419663483546]
A2: [0.03530744335162267, -0.029273475505830673, -0.07569734967514559, 0.06966340804826156] - [0.1028937322526288, 0.2828966826907492, -0.3926064140650955, 0.006815976717457748] - [-0.011187097597935751, 0.5390145930944564, -0.3594510132278623, -0.1683764620435322] - [0.09786280116601666, 0.017463318261668668, -0.16885100884079196, 0.05352488022876392]
B1: -3.001744312391565e-09 - 1.059405809441091e-09 - -2.886116824674415e-09 - 1.0849408075366171e-10
B2: 7.169701770713651e-10 - -1.1926900941417957e-08 - 2.2941519713538867e-08 - -1.868403696918672e-08
