Number: 9295
Error: 7.096912620452876e-10
A1: [0.05291726886082852, -0.14825663965062605, -0.027254013022659767, 0.12157242193353315] - [0.0052574127423396285, 0.1307803518362406, -0.11365699066653644, -0.022606111259800825] - [-0.014810656092520346, 0.22272531379967295, -0.12740704380885656, -0.08197224285366998] - [0.026943727693124312, -0.10022275451706397, -0.04962761461292048, 0.12209489988418196]
A2: [0.08923041530335182, -0.07293728188291469, -0.12365095154856862, 0.10726206780087694] - [0.10891172728772731, 0.2498842500861303, -0.4047767020500885, 0.04626067533234699] - [0.036780995026820945, 0.4626994655122418, -0.37757592881786606, -0.12132669766004661] - [0.14349334866502, -0.04453995667454125, -0.20143419787650155, 0.10274775298104472]
B1: -8.321063042085618e-05 - -6.63458153356551e-05 - 8.520300687731478e-06 - 2.0343344594159297e-05
B2: 6.747543452570937e-07 - -0.00011646669124265713 - 6.757914750204093e-05 - -4.061991250879939e-05
