Number: 1476
Error: 5.1851648718508066e-09
A1: [-0.007685034556185345, -0.01549598629169371, 0.002479651681194196, 0.018943487322560144] - [0.06673615630145929, 0.18979726653233647, -0.14682875315078425, -0.10996312638170523] - [-0.11266195778306756, 0.4417101847804767, -0.07086927370608839, -0.25818268960481966] - [-0.023145991571739074, 0.01556348609258655, -0.029706504973594765, 0.03914772056355091]
A2: [0.1316180199578651, -0.2245969873807726, 0.022698114016671326, 0.0701916496501824] - [0.03266347750283176, 0.2037661939941799, -0.1148711195243708, -0.12144062014102716] - [-0.09462243684489677, 0.5555400843174034, -0.23520237796745, -0.22563535515864783] - [-0.020786451039529332, -0.01923553913710908, 0.008158506300799194, 0.03222067806255166]
B1: -2.9564425787905998e-05 - -1.5029916896791019e-05 - 1.5540399775011035e-05 - 1.6156430239436643e-06
B2: -0.00011824543590886286 - -2.265762208506575e-05 - 3.4735659634578695e-05 - 0.00011151455727671601
