Number: 4091
Error: 1.1182297188164326e-15
A1: [0.0662131786662016, -0.11395208265756017, -0.023983953293312755, 0.07172286513913713] - [0.03740262268790246, 0.18819337952486204, -0.14740893639809186, -0.07818699979582415] - [-0.06022934477564657, 0.3289508256258414, -0.12775308370420313, -0.14096829636965988] - [0.03904617201578356, -0.05332267384349514, -0.03741857793367167, 0.051695132775893375]
A2: [-0.009108550037832789, -0.3468031581536267, 0.24945511628341155, 0.10645670688576143] - [0.08003983249010876, 0.036282264216029016, -0.05025010491169548, -0.06607195208447618] - [-0.04245285300004302, 0.23083185406885565, -0.0405312814900828, -0.14784787606913521] - [0.06813482319196497, -0.29346780331328876, 0.14177128881547144, 0.0835619102493908]
B1: 7.420773465437297e-09 - -1.635280013655504e-09 - -1.8233592845076158e-08 - 1.4255063161747075e-08
B2: -1.7560312735282699e-09 - 8.498047830507006e-09 - -4.38546190847912e-09 - -1.216513623852458e-09
