Number: 1848
Error: 1.5454762609839837e-07
A1: [-0.00770126632130127, -0.015489847474436252, 0.002504024296976434, 0.01891421452726081] - [0.06770428289117895, 0.19073462402103195, -0.14582792746656464, -0.10888509508454826] - [-0.11376271531712139, 0.4406636014107082, -0.07206667984663287, -0.2593586458090054] - [-0.024900182967463266, 0.013877813433649471, -0.031567075719147374, 0.03730517417264311]
A2: [0.13248356102273504, -0.22378178793950912, 0.023551949415231106, 0.07102986710727362] - [0.033423741271052264, 0.20452846942116448, -0.11411251162745961, -0.12068842607236117] - [-0.09353102533193224, 0.5566300211611067, -0.23404442347252422, -0.2244497144226882] - [-0.01923606157131231, -0.017743400601876104, 0.009684029678643973, 0.033690960842672445]
B1: -0.00013137221231859176 - 0.0004894072331665055 - -0.00031297632497575634 - 0.00021142687068096495
B2: 8.425365930474346e-06 - 0.0004917212711257891 - -0.0006512909930641638 - -0.0005142876134102048
