Number: 8019
Error: 1.2460109680421907e-15
A1: [0.08043173741287905, -0.1804677580282336, -0.019588804308091956, 0.11962502446043984] - [0.037415573572748315, 0.13359637975882016, -0.13472619260645913, -0.03628583151483479] - [-0.001702789398797215, 0.2281901461201294, -0.1228283530745667, -0.10365888061836813] - [0.03886328066513439, -0.11448097244616935, -0.04641639518922299, 0.12203427416021115]
A2: [0.035307430898440406, -0.029273487993442142, -0.07569736151546899, 0.06966339501464591] - [0.10289368590873413, 0.28289663595355213, -0.39260645888832857, 0.006815928188689867] - [-0.011187114740670266, 0.539014575849438, -0.35945102945384033, -0.16837648010742906] - [0.09786277067633514, 0.01746328763329179, -0.168851037865033, 0.053524848224562584]
B1: 7.865762709689669e-10 - 2.1072534018165763e-08 - 3.873226123603364e-10 - 8.900083857804773e-09
B2: 5.2379829143845734e-08 - -7.572448049476566e-08 - 5.022415608089013e-09 - 4.0620214270577036e-08
