Number: 3875
Error: 1.1376780174901133e-15
A1: [0.06621314584669256, -0.11395211474365546, -0.023983986087071467, 0.07172283237470395] - [0.037402556661062104, 0.18819331644070061, -0.1474090013075434, -0.07818706471101419] - [-0.06022940667152995, 0.32895076617828, -0.12775314427186132, -0.14096835661156104] - [0.03904607423154753, -0.05332276665657366, -0.037418672536628964, 0.051695038941094375]
A2: [-0.009108573909715248, -0.3468031834779638, 0.24945509221838963, 0.10645668185738474] - [0.08003983510373938, 0.03628226703166244, -0.050250102055135776, -0.06607194920366972] - [-0.04245288247402629, 0.2308318215395141, -0.040531313075575746, -0.1478479086662737] - [0.06813469344522907, -0.2934679461701746, 0.1417711481574541, 0.08356176477922247]
B1: -1.3400828506109409e-08 - -2.2727773796233116e-08 - 1.3752749683311992e-08 - 3.1702844198566975e-08
B2: 7.966819585441851e-10 - -6.893028688062819e-09 - -6.0919542782076e-08 - 5.018876361540569e-08
