Number: 6224
Error: 8.804404193908665e-16
A1: [0.080431659224805, -0.18046783620744042, -0.01958888240267446, 0.11962494628129859] - [0.03741557183186131, 0.13359637801925028, -0.13472619434393215, -0.036285833254775655] - [-0.0017028300496330986, 0.22819010547016716, -0.12282839366589066, -0.10365892125835989] - [0.03886321957407874, -0.11448103336577119, -0.04641645624135577, 0.12203421310712702]
A2: [0.03530738019680188, -0.029273538835333467, -0.075697409721902, 0.06966334194985066] - [0.10289371314503407, 0.2828966634209847, -0.3926064325457058, 0.006815956709000007] - [-0.011187080205897062, 0.5390146105902344, -0.3594509967659288, -0.16837644371692934] - [0.09786277835467917, 0.01746329534656846, -0.16885103055569384, 0.05352485628426719]
B1: -2.4468411946121773e-08 - -9.911455720160297e-09 - -3.054924438157128e-09 - -9.006305151003754e-09
B2: -1.6250236132714448e-08 - -2.197110005686993e-08 - -3.1280183798680485e-09 - -1.0330977642469055e-08
