Number: 1749
Error: 1.0505783069452398e-07
A1: [-0.007848972449050919, -0.01567319658463658, 0.002332538137670011, 0.018751378239617294] - [0.06594199434466676, 0.18903645181957113, -0.14765512011530296, -0.11084474675900362] - [-0.11310368252908858, 0.4412633186696639, -0.07136795787929286, -0.25865412349872186] - [-0.023881442869116188, 0.014836488424003633, -0.030496266031282342, 0.03837491807896158]
A2: [0.13070652126399568, -0.22547623509560483, 0.021808748773555858, 0.06930540991264118] - [0.031950397890290805, 0.20306721329676086, -0.11558068808705532, -0.12213390060786555] - [-0.09509444368566286, 0.5551204732250787, -0.2356147531953574, -0.22604438138063473] - [-0.0217964214073988, -0.020230465216776253, 0.007143936973722635, 0.031237038384895707]
B1: 0.00012969455734483442 - -0.000475677660913568 - 9.762704427382428e-05 - 0.0002189243302472807
B2: -0.0005500379318559433 - -8.961662637892273e-05 - -0.00030592658654399164 - -0.00018818803728221328
