Number: 8106
Error: 1.2311161484362374e-15
A1: [0.08043163288948031, -0.1804678625397998, -0.019588908706530666, 0.11962491994897172] - [0.037415659059252496, 0.13359646518063337, -0.1347261072902617, -0.03628574607567245] - [-0.0017028352739286185, 0.22819010024597375, -0.12282839888253522, -0.10365892648125892] - [0.0388632100188905, -0.11448104289415416, -0.0464164657904595, 0.12203420355787298]
A2: [0.03530731020185747, -0.029273609023852076, -0.07569747627244698, 0.06966326869279063] - [0.10289374606987275, 0.28289669662527256, -0.3926064007012177, 0.006815991186127313] - [-0.011187023316559021, 0.5390146678188447, -0.3594509429187773, -0.16837638377081698] - [0.09786286246287929, 0.017463379837317904, -0.1688509504900537, 0.05352494457040007]
B1: -2.7567181744332855e-08 - 3.791245969247731e-09 - 2.9575569816305743e-08 - -1.9386024286990783e-09
B2: -3.173082800141354e-08 - 5.2544836530823556e-08 - -1.1136039135275712e-08 - -3.4844618414638865e-09
