Number: 8720
Error: 4.990708753905086e-12
A1: [0.08043310117053575, -0.18046639442165813, -0.019587442179383897, 0.11962638806302725] - [0.03741561911253944, 0.13359642526668877, -0.1347261471561645, -0.036285785999738696] - [-0.0017016775886581612, 0.22819125790864037, -0.1228272428913278, -0.1036577691045886] - [0.03886465615178977, -0.11447960081702425, -0.04641502057768071, 0.12203564879256724]
A2: [0.03530547735640078, -0.029275446936668757, -0.07569921892379033, 0.06966135042690368] - [0.1028958773779505, 0.2828988460169253, -0.3926043393252794, 0.006818222973958914] - [-0.011187595083321017, 0.5390140926415498, -0.3594514841097429, -0.1683769862590389] - [0.09786127420896114, 0.017461784359843097, -0.1688524624090921, 0.0535232774257382]
B1: -6.125088329438684e-07 - -1.947140574874501e-06 - -1.3851712607956505e-06 - -9.194022563791838e-07
B2: 1.3081032022382977e-06 - 9.747568771754721e-07 - 6.46039087638085e-07 - 9.296143673111225e-07
