Number: 6093
Error: 2.2065424658358672e-14
A1: [0.08043198145306066, -0.18046751401575964, -0.019588560559740495, 0.1196252684726972] - [0.037415932735695975, 0.13359673864982613, -0.13472583415926898, -0.036285472550929745] - [-0.0017022619646715998, 0.22819067354296108, -0.12282782641269195, -0.10365835332510331] - [0.03886315770842261, -0.11448109505783342, -0.04641651806759673, 0.12203415127989334]
A2: [0.035307075729210595, -0.029273844145095054, -0.0756976992054456, 0.06966302329142274] - [0.10289401441521287, 0.28289696724808355, -0.39260614116110426, 0.00681627218301447] - [-0.011187323459503459, 0.5390143658856875, -0.35945122701044835, -0.16837670004182717] - [0.09786313054746731, 0.017463649141370812, -0.16885069529101246, 0.05352522597226156]
B1: 7.498620042099379e-08 - 1.9417067782114523e-07 - 1.371934262812748e-07 - 1.3505224960888015e-07
B2: 3.6418367148826806e-07 - 5.547927175589544e-07 - -7.705577597785739e-07 - -9.539624454561702e-08
