Number: 5990
Error: 7.10585887296113e-12
A1: [0.0804320239147499, -0.18046747146041345, -0.01958851783353873, 0.11962531111489577] - [0.03740459758673031, 0.13358541191197124, -0.13473714696858685, -0.03629680157898176] - [-0.0017062177030469534, 0.22818671793308715, -0.12283177615695447, -0.10366230790928267] - [0.03885971110241184, -0.11448453188838431, -0.04641996217304596, 0.12203070697546294]
A2: [0.03528555670375204, -0.02929542291622451, -0.07571815924444389, 0.06964050133337751] - [0.10286817171194253, 0.2828709050094699, -0.39263113599275207, 0.006789211049017801] - [-0.011182349196915417, 0.5390193700141936, -0.35944651875980393, -0.16837145847793544] - [0.0978526681987588, 0.01745313924480287, -0.16886065475737794, 0.05351424394614005]
B1: -3.905528382891191e-06 - 2.283674146735632e-06 - -3.39355837213311e-07 - -3.2409987976934305e-06
B2: 4.883732119591001e-06 - -4.698471218936018e-06 - -1.8365104582631983e-06 - 2.5190548481021495e-06
