Number: 5007
Error: 5.847893377549427e-16
A1: [0.06621322127972695, -0.11395204099627594, -0.02398391071322407, 0.0717229076811432] - [0.03740265573937983, 0.18819341110334273, -0.14740890390593325, -0.07818696730081222] - [-0.06022929347657209, 0.32895087489585095, -0.1277530335059009, -0.1409682464411405] - [0.03904613959892965, -0.05332270461226291, -0.0374186092957911, 0.051695101668380025]
A2: [-0.009108457154783397, -0.34680305961945707, 0.24945520991789025, 0.10645680426837194] - [0.08003981237020749, 0.036282242541196094, -0.050250126901473145, -0.06607197426101132] - [-0.04245285659553974, 0.23083185010082705, -0.040531285342870316, -0.14784788004542412] - [0.06813474902130329, -0.29346788497835324, 0.14177120840718818, 0.08356182709044503]
B1: 5.666046281984494e-08 - 2.612125232567993e-09 - 9.068478154908829e-09 - 8.297940341806861e-09
B2: 2.3850760463725888e-08 - 2.8119153195485206e-08 - 3.4648375802881306e-08 - 1.2184358771172718e-08
