Number: 4304
Error: 1.2636504437057225e-15
A1: [0.06621308587231313, -0.11395217337782818, -0.02398404601438826, 0.07172277250097504] - [0.037402546089612444, 0.18819330634039438, -0.14740901170008086, -0.07818707510447628] - [-0.06022934051900908, 0.3289508297140822, -0.12775307953894008, -0.14096829222676474] - [0.03904627395813288, -0.05332257708360179, -0.03741847930780844, 0.051695230600915756]
A2: [-0.009108472514443388, -0.34680307591341697, 0.24945519443401812, 0.1064567881648339] - [0.08003987416412148, 0.03628230911087725, -0.050250059364378, -0.06607190615040008] - [-0.042452795629052645, 0.2308319173870333, -0.0405312200090371, -0.1478478126189812] - [0.06813474241745122, -0.29346789224954595, 0.14177120124812306, 0.08356181968620648]
B1: -2.6773509215390888e-08 - 3.3041825386673736e-08 - 2.758886308059008e-08 - 5.806302637821122e-09
B2: 6.208369330213944e-08 - 2.6301186415373104e-08 - 4.1138378654485625e-08 - -9.342759926195666e-08
