Number: 9126
Error: 7.76865691746221e-06
A1: [0.07155781931199612, -0.1299279535202622, -0.008676944601530222, 0.13981293619862015] - [0.00822185089067529, 0.1337966194354459, -0.11074193509958512, -0.019516770012179174] - [-0.01900725762055489, 0.21882634946887156, -0.1314531661454267, -0.08565743220211314] - [0.037045166543791634, -0.09014860580708238, -0.03936890642622886, 0.1322245416614125]
A2: [0.08091770134165795, -0.08085928955882928, -0.13107811730640637, 0.09913388257278447] - [0.1102775866570215, 0.25126607261196243, -0.4034128163029844, 0.04762613322327442] - [0.023390842008105643, 0.44962477828006897, -0.39030203649917294, -0.13484694097825245] - [0.15237347729830494, -0.03573358974725911, -0.1929773426495524, 0.1116538368128266]
B1: -0.0022449682114042036 - 0.002726876074932356 - 0.006315027684470232 - 0.004665243933818355
B2: -0.004314621728124269 - 0.0038193393448358887 - 0.006670112459715288 - 0.00015421239728297782
