Number: 9435
Error: 6.789735685123521e-13
A1: [0.053169824245403084, -0.14800399788301988, -0.027001770256506165, 0.12182509474607696] - [0.005316671093855595, 0.13083964863336317, -0.11359779290108073, -0.022546807841228714] - [-0.014447036149935017, 0.2230890602544543, -0.12704373720584233, -0.0816084935684884] - [0.027149417587298087, -0.10001708042258767, -0.0494215445140943, 0.12230108563772049]
A2: [0.08924930635597685, -0.0729185133312553, -0.12363245956619934, 0.10728116464887096] - [0.10884965027659255, 0.2498221040159524, -0.4048375249235907, 0.04619753485893031] - [0.03662258409925041, 0.46254184095972517, -0.37773047283282535, -0.12148675387921846] - [0.14341181603873518, -0.04462118617181995, -0.20151380780572312, 0.10266502829067399]
B1: -2.0479800756266442e-06 - -3.061430740409487e-06 - -8.024399140080925e-07 - -8.743346668733244e-07
B2: -2.7315640737254276e-06 - -1.6489744655343658e-06 - -1.6362061217082652e-06 - -2.6365670091604555e-06
