Number: 2594
Error: 1.7432315845272367e-08
A1: [0.06279464746997516, -0.04850473055353608, -0.02407527569250466, 0.007222603011055372] - [0.043760092767948504, 0.1913657331830609, -0.1424631848396902, -0.09240430120625039] - [-0.12320634279766225, 0.41510846682396835, -0.10460935937794365, -0.18682337163377963] - [0.03610698796455642, 0.018276651262892248, -0.03402350399801463, -0.023938520527988463]
A2: [0.06290862316755684, -0.17422093219356466, 0.0857982373604198, 0.023432838440677277] - [0.029399809983537906, 0.20040668384213087, -0.10160074090989984, -0.1277659102374875] - [-0.09399523200452593, 0.5131064699673905, -0.22619519328344426, -0.19566565806127598] - [-0.02694250694244415, 0.01751317604919382, -0.051309951165643866, 0.055986201037141504]
B1: -0.00017849769024351014 - 0.0003112292481276492 - 1.9361944740501148e-05 - -1.2637672757811707e-05
B2: -8.94738354204859e-05 - -6.001429151387265e-05 - -0.00019524124829246536 - 8.456105589676522e-05
