Number: 7344
Error: 8.69984038887399e-16
A1: [0.0804316696892096, -0.18046782574422626, -0.01958887195078199, 0.11962495674450563] - [0.037415582751686306, 0.1335963889308088, -0.13472618344586046, -0.036285822341001195] - [-0.0017028453759715177, 0.22819009014415065, -0.12282840896978446, -0.1036589365806067] - [0.0388632241937558, -0.1144810287590649, -0.046416451624626424, 0.12203421772392725]
A2: [0.03530738536067433, -0.029273533657171516, -0.07569740481223211, 0.0696633473544664] - [0.10289370886080397, 0.282896659100403, -0.39260643668936684, 0.0068159522228223735] - [-0.011187109593907642, 0.5390145810269206, -0.35945102458230327, -0.16837647468412142] - [0.0978628017450561, 0.017463318843340285, -0.16885100828958874, 0.05352488083656746]
B1: -7.626529238060074e-09 - -9.676187784371265e-09 - 5.26364536116925e-09 - -9.306189087096818e-09
B2: -5.586541591441929e-09 - 1.945947478454434e-09 - -1.1488373385447863e-08 - 1.5567552745967377e-09
