Number: 3883
Error: 1.0814397624596045e-15
A1: [0.06621315715257726, -0.11395210369042143, -0.023983974790059474, 0.0717228436616142] - [0.037402564715913786, 0.18819332413656345, -0.14740899338900715, -0.07818705679177769] - [-0.060229386059660224, 0.3289507859748353, -0.1277531241023058, -0.14096833655049057] - [0.03904608447315925, -0.05332275693562432, -0.03741866262821342, 0.05169504876905606]
A2: [-0.009108652813409576, -0.34680326718249704, 0.24945501267627357, 0.1064565991311327] - [0.08003979446188403, 0.03628222324872968, -0.05025014647438519, -0.0660719940000933] - [-0.04245283735414924, 0.23083187133664654, -0.040531264723308445, -0.1478478587653564] - [0.06813482420453958, -0.29346780219835955, 0.1417712899132555, 0.08356191138470916]
B1: -7.85336591112412e-09 - -9.309041134693095e-09 - -2.002509555013644e-08 - -5.355379440056172e-09
B2: -1.0129429107315457e-08 - -1.7845470382340484e-08 - -5.298469068394902e-08 - 3.26864875573427e-08
