Number: 9988
Error: 1.3278841301336412e-15
A1: [0.0531724656082188, -0.1480013555388563, -0.026999131759516, 0.1218277374093257] - [0.005313650337907257, 0.1308366247167221, -0.1136008132407512, -0.022549832953134605] - [-0.014444526819492902, 0.22309157056827988, -0.12704122979990787, -0.0816059832597359] - [0.027146365196800422, -0.10002013293716136, -0.0494246034988267, 0.12229802526355554]
A2: [0.08925455839766794, -0.07291327343700904, -0.1236273258912503, 0.10728648136421741] - [0.10884181317984226, 0.24981426550703578, -0.4048452068237274, 0.04618956588872635] - [0.036635963022628844, 0.46255515034895905, -0.3777174197277495, -0.12147323609602394] - [0.14342654175655764, -0.044606515169926135, -0.20149942948263644, 0.10267997266085624]
B1: -9.36108913135818e-09 - 2.0698847190045953e-08 - 8.873440976861104e-09 - -8.560630597805402e-09
B2: -6.45456316656114e-09 - -7.269658598186241e-09 - 2.1922726467747326e-09 - 8.61855454799538e-09
