Number: 6919
Error: 1.2618055839759975e-15
A1: [0.08043167778144855, -0.18046781765290207, -0.01958886386821999, 0.11962496483581997] - [0.03741559181996246, 0.1335963979922196, -0.13472617439565734, -0.03628581327775034] - [-0.0017028175791850154, 0.22819011794034327, -0.1228283812136994, -0.10365890879124215] - [0.03886323050877477, -0.11448102246176396, -0.046416445313626965, 0.12203422403502355]
A2: [0.03530733426912058, -0.02927358489004054, -0.07569745338939572, 0.06966329388158914] - [0.1028937460127989, 0.28289669656770483, -0.3926064007564423, 0.006815991126371948] - [-0.011187104019453144, 0.5390145866346301, -0.35945101930595824, -0.16837646881012444] - [0.09786278110876527, 0.017463298113182167, -0.16885102793399678, 0.05352485917517766]
B1: 1.1995903780139605e-08 - -2.058435354136158e-08 - 1.8421440959388838e-08 - -3.711649300529683e-09
B2: -5.847076304812625e-10 - 2.6912562341623133e-09 - 5.078852138322482e-09 - 3.957814145691114e-09
