Number: 5902
Error: 2.0858171326905155e-08
A1: [0.08038123007456903, -0.18051842378773708, -0.01963918684498617, 0.11957454970293546] - [0.036882212623223554, 0.13306331905841576, -0.1352584448637626, -0.03681886742567123] - [-0.0017211077410206454, 0.22817188531564667, -0.12284651304149648, -0.1036771277974049] - [0.03933487531914599, -0.11401067841292259, -0.04594492934653515, 0.12250565522386044]
A2: [0.03490826221525944, -0.029673603663272374, -0.07607685738464451, 0.06924550232822158] - [0.10211322724899029, 0.28210949891026155, -0.39336149269400855, 0.0059984540816430945] - [-0.011962020355316811, 0.5382351423861439, -0.36018443323104776, -0.16919311486151994] - [0.09730113614370021, 0.01689921896100525, -0.1693856449972466, 0.052935203086767434]
B1: -0.0001550121409023687 - 5.365522879152285e-05 - -7.854265196645854e-05 - -0.0001021853860609417
B2: -0.0002612254002709813 - 3.366443198472334e-05 - 0.00042812154618505893 - 1.5240485979381137e-06
