Number: 2164
Error: 0.00041620064762275976
A1: [0.0661766097450886, -0.013196734778174256, 0.030708596669678498, 0.05838149234873114] - [0.05000176985277387, 0.17688284755742356, -0.16782550781553504, -0.11264616973190524] - [-0.18857930405892334, 0.34765084542421354, -0.15195660804469885, -0.2947073132999193] - [0.03414772186017648, 0.048839538372184, 0.006733993714241191, 0.01410377621513377]
A2: [0.10228294427095763, -0.22475922567917267, 0.0691128471548383, 0.03889622745058808] - [0.02398870254430677, 0.19314339438819994, -0.10459929497169464, -0.1365774409635094] - [-0.09783280186025206, 0.5518119036600716, -0.20813714919561022, -0.18604856987676438] - [-0.12855454910101935, -0.04658312930244071, -0.1074375171553086, -0.03181833376523848]
B1: 0.005065190553149124 - 0.004583555945386871 - 0.00664134731551538 - 0.023814320143344718
B2: 0.0013124791432971294 - -0.0015705970231289675 - 0.04540736498878519 - -0.04542012683477015
