Number: 1878
Error: 9.384475899351172e-08
A1: [-0.008373101232296403, -0.01615362940554008, 0.0018009524895496998, 0.01823523204088403] - [0.06727143203818398, 0.1903161074909556, -0.1462714782843455, -0.10936869637736286] - [-0.1110874905695441, 0.44325368316398184, -0.06928310916102853, -0.2564917985248928] - [-0.023956622550281394, 0.014792964704958549, -0.030606160007661445, 0.03828969889714775]
A2: [0.13290604384201138, -0.22338811436020203, 0.023911081533355104, 0.07141181914179617] - [0.033075472242863724, 0.20418452795174521, -0.1144550328926762, -0.12102511599514078] - [-0.09491909062862529, 0.5552356712133357, -0.23547388180945214, -0.22585456609607232] - [-0.020386606242363436, -0.018888647369082266, 0.008510252358260837, 0.03256919117610203]
B1: 0.00015451084465834794 - 2.918114109935326e-05 - 0.0007426073947418086 - -5.2832450358554646e-05
B2: 0.000886801062108219 - 0.0008862471550567728 - -0.0007528142892915374 - -0.00011314781177486973
