Number: 1746
Error: 1.8463886023626267e-07
A1: [-0.0071185348005565665, -0.014936251940233989, 0.0030903141880100917, 0.019502400834198] - [0.065740808439599, 0.18884234306771758, -0.14786239507078497, -0.11106882069019933] - [-0.11211550575743645, 0.44223151003104705, -0.070336672960439, -0.2575848461141] - [-0.023286734946298356, 0.015419360703605679, -0.029886816265470982, 0.039001946881459894]
A2: [0.1325640988277103, -0.2236494921613222, 0.023635006820334422, 0.07112005069633383] - [0.03226457263142555, 0.2033760186175365, -0.1152678310478965, -0.12182652148117444] - [-0.09136771585755418, 0.5587843708073922, -0.23195498598237166, -0.2223865227602986] - [-0.02079461845818009, -0.019242361678629364, 0.008138742247680585, 0.03219999076898863]
B1: 4.384567009466328e-05 - -5.402843203730092e-06 - -0.0005345316843760688 - 0.0004378059607286098
B2: -0.0004635556153981875 - -0.0004221304224921715 - -0.00023531932466130804 - -0.00025249650216248515
