Number: 3206
Error: 0.006514846726611781
A1: [-0.1933427736450616, -0.33563446307962685, -0.29569093074141106, -0.2567093551309624] - [-0.15524793107321488, -0.005862624329448368, -0.34523043973153394, -0.29260143902748276] - [-0.5893641730426478, -0.06343612002356294, -0.5743855340814167, -0.6332837316019719] - [-0.5708102675090232, -0.5861568405158009, -0.625962930865411, -0.5789087899596141]
A2: [0.06866499694129195, -0.11630969116121591, 0.11741807982702786, 0.0914620327908949] - [0.0538659274083861, 0.23958144488303507, -0.07163388094185442, -0.08961507778846131] - [-0.12954877863877348, 0.5037113530704619, -0.26255170485178614, -0.22699182735093285] - [-0.02289234000697983, 0.03706630951396331, -0.06422799168234242, 0.02707485913090492]
B1: -0.046734179609164136 - -0.18081333011737968 - -0.07989722896344056 - -0.0928763954125748
B2: -0.07738845099502906 - -0.009308101172880973 - -0.00971421562965688 - 0.07266590256432659
