Number: 9759
Error: 3.0574311965099135e-15
A1: [0.053172552817472955, -0.14800126829763208, -0.026999044646481528, 0.12182782466053924] - [0.005313745601493341, 0.130836720080147, -0.11360071799171002, -0.022549737555294515] - [-0.014444536207848415, 0.22309156117640042, -0.12704123918091118, -0.08160599265151514] - [0.027146481369389762, -0.10002001676453903, -0.04942448708095444, 0.12229814173150874]
A2: [0.08925433177827409, -0.0729134995324268, -0.1236275474047763, 0.10728625195081982] - [0.10884162001177607, 0.24981407230485692, -0.4048453961657191, 0.04618936947052801] - [0.036636256740088635, 0.46255544253814007, -0.37771713316237737, -0.12147293933224436] - [0.14342635975785875, -0.04460669649081968, -0.20149960718860752, 0.10267978796201292]
B1: -1.283695049191171e-07 - -1.9994977512491684e-08 - 1.0218060020801682e-07 - -2.1122065537515352e-08
B2: -1.1172162520287756e-08 - 7.403574107270871e-09 - -1.3900043350444122e-08 - -3.975675949140851e-09
