Number: 436
Error: 1.182380430905408e-11
A1: [-0.012153483061197448, -0.014517261589160457, 0.018087185039633243, 0.008583002144569474] - [0.06584176309621387, 0.18950154028221616, -0.14531582117667838, -0.11000129287836756] - [-0.09630452764253015, 0.42177502050676485, -0.053469761539612456, -0.27204907802816847] - [-0.0013301865285719762, -0.018227598273722164, -0.003844356701417475, 0.02336670392873101]
A2: [0.16158854611604523, -0.16775298242672376, 0.00850312272347008, -0.002331289735831759] - [0.03548188592344225, 0.20751294583272872, -0.11721424571421324, -0.12579578370153977] - [-0.08621762894629864, 0.5815341213166356, -0.23539270056690578, -0.25993955079081854] - [-0.0038279913546672255, -0.004512429763402615, 0.0011171616191321396, 0.0072500670900417855]
B1: 2.3133984162847597e-06 - 4.713680633682384e-06 - 1.7969026236433448e-07 - 1.2504761609340095e-06
B2: -8.942627702255774e-07 - 6.073466813580727e-06 - -3.886480642472599e-06 - -2.950454233406288e-06
