Number: 5567
Error: 1.639553086867064e-10
A1: [0.0662387629422011, -0.11392705354859141, -0.023958378609701902, 0.07174841491294288] - [0.037377520011077275, 0.18816940827304518, -0.1474336068103178, -0.07821167408487145] - [-0.06015387099229725, 0.3290233389082313, -0.12767921305336047, -0.1408948253207538] - [0.03918035475547729, -0.05319529777585087, -0.037288746840801024, 0.05182390818787898]
A2: [-0.009168807598273794, -0.3468670765377451, 0.24939437351031693, 0.10639353684330043] - [0.08003273584463044, 0.03627462162009256, -0.05025786366967132, -0.06607977261555313] - [-0.04240933017909681, 0.23087989200014677, -0.040484650483842456, -0.14779973558611362] - [0.06816551480351597, -0.2934340073185385, 0.14180455285817128, 0.08359632705954312]
B1: 1.0288365288821534e-05 - -4.45143179769644e-07 - -1.0928608558399504e-05 - -9.865867964094533e-06
B2: -3.60309637567141e-05 - 3.0180029195687994e-05 - -2.242497884951842e-06 - -2.0226885434057887e-06
