Number: 2856
Error: 2.0446962081268946e-08
A1: [0.06359993339401375, -0.047707307295931006, -0.023279655980274917, 0.008019737297378038] - [0.04364888892490336, 0.1912582518376368, -0.14257772177672706, -0.09252595875971932] - [-0.1227169618013751, 0.4155860172368177, -0.10412876180097319, -0.18634540922193502] - [0.03802387877425592, 0.020188474240209465, -0.032114172678662664, -0.02203834026339356]
A2: [0.06350373450010957, -0.17362413586869008, 0.08638416690321413, 0.024017577542915364] - [0.029509139101156937, 0.2005146397499002, -0.10149170542955441, -0.12765845578785423] - [-0.0929922774227298, 0.5140917529103274, -0.22518760160513832, -0.19469367805345256] - [-0.026016347235166465, 0.01843200559980438, -0.05037675554312365, 0.056889930385213096]
B1: -8.245353339788506e-05 - -0.0002892426374872515 - -0.0001752155802399162 - 3.1381646473193855e-05
B2: -0.00015139875133798203 - 0.00013492043630292946 - -7.307928717159776e-05 - -2.064865719089621e-05
