Number: 5386
Error: 4.866288004328795e-16
A1: [0.06621319187741993, -0.11395206974152071, -0.023983940092446292, 0.07172287832818043] - [0.037402640464944736, 0.18819339650978434, -0.14740891892176872, -0.07818698231798173] - [-0.060229214285735175, 0.3289509509542402, -0.12775295601428233, -0.1409681693662275] - [0.0390461382082471, -0.05332270593212653, -0.03741861064108398, 0.051695100333973426]
A2: [-0.009108617679271814, -0.34680322991030205, 0.2494550480942595, 0.10645663596759938] - [0.08003958469238538, 0.03628199726733096, -0.05025037573974375, -0.06607222521233518] - [-0.04245281861622373, 0.23083189201699433, -0.04053124464309556, -0.1478478380418528] - [0.06813476739559952, -0.29346786474755215, 0.14177122832628808, 0.08356184769137762]
B1: -5.4999857306228095e-09 - 3.6170420881411295e-08 - 1.8604551139572484e-08 - 2.3696308027684966e-08
B2: 2.239133344443545e-08 - 4.462756471978065e-08 - -5.851213523045562e-09 - 1.9024698083638716e-08
