Number: 3210
Error: 0.018691088253955514
A1: [-0.7025537982210142, -0.8490130216981471, -0.8058461927944751, -0.7566720937855949] - [-0.35407158537941336, -0.20086952899157426, -0.5451860975164331, -0.49043640177374376] - [-0.8933674466194773, -0.37165293254883325, -0.8765898001308469, -0.9178582979555995] - [-0.5823259410946702, -0.6009750580181418, -0.6283187716423021, -0.55923679228769]
A2: [0.23453318657553784, 0.06815392398027148, 0.25772786768791306, 0.22502490738937653] - [-0.011980054230373769, 0.18951276563217162, -0.1418936386477993, -0.1519720247897677] - [-0.11389485453017309, 0.5418627205925558, -0.26668800589316677, -0.22931332925314407] - [-0.10820927964477532, -0.020933838250935363, -0.1686765015120393, -0.07038131253310333]
B1: -0.4008728741022181 - -0.5455471239070449 - -0.4283795361832261 - -0.40961523258547106
B2: -0.0966095627454501 - -0.02051898011409415 - -0.0802156922646942 - -0.018145773454191758
