Number: 5710
Error: 0.007329851658785617
A1: [-0.1193570386515301, -0.32629403041961197, -0.22421689880244264, -0.07887476745204844] - [-0.10589365728863895, 0.020974950555999156, -0.2924151962603005, -0.1849615985761905] - [0.008620838038159606, 0.3254725431105021, -0.10414282143161141, -0.0823054535842257] - [-0.6507057308389779, -0.7115738112532441, -0.7207791242004058, -0.5543595648927033]
A2: [-0.39996977284795704, -0.5088251247524711, -0.17332199038364896, -0.7829208928922982] - [-0.09064621632681732, 0.05582523172034004, -0.19752947895537587, -0.7326456514090911] - [-0.49604916441969915, 0.006213206680058619, -0.5020006983957117, -1.1071895077779037] - [-0.3103151945920748, -0.433918482990885, -0.2251059432611378, -0.8129915284223977]
B1: -0.3693778223235473 - -0.5491835799120431 - -0.40156468317901384 - -0.40833316680174875
B2: -0.5449956198251922 - -0.439848505683354 - -0.7211239425943147 - -0.5356179666209524
