Number: 48
Error: 0.00017430137132071454
A1: [-0.02815858607220868, -0.03155404461817768, 0.0015388515757084364, -0.0057763961960989475] - [0.11592892156626766, 0.2446255990813488, -0.09928522531898239, -0.07752774652217337] - [-0.16186035204892849, 0.3583879333079139, -0.12359713143817172, -0.33957171830947125] - [-0.02065983240998443, -0.03228759878139523, -0.024056076232244657, 5.204595876339953e-05]
A2: [0.37915785446453687, 0.04708056634227611, 0.21884812878522567, 0.208606626802244] - [0.12964743792366729, 0.2981003826046296, -0.030134274436228337, -0.03922717078319871] - [0.1552049814434939, 0.8220114840279675, -0.0016046307301531733, -0.024180043205432124] - [0.45337705045236154, 0.45199195575208584, 0.4538083910716316, 0.4457406752777204]
B1: 0.042230305021611646 - 0.4291877192007857 - -0.02746094279931847 - -0.042742882632246515
B2: 0.015654271413793847 - 0.43893512891077047 - -0.005901144746167012 - -0.002469003678551857
