Number: 2518
Error: 5.0537006689939166e-08
A1: [0.06276836156803733, -0.04853233560161406, -0.024101652131932914, 0.007194287319788455] - [0.04444952033511379, 0.19202975915384982, -0.141757893486325, -0.0916508492123063] - [-0.12383879407758777, 0.41447390643744875, -0.10524654844685549, -0.18745996724627406] - [0.0367839820353104, 0.01895416257097279, -0.03334780392943386, -0.02326717453700001]
A2: [0.06325672846498541, -0.17387710793861855, 0.08614334132506032, 0.02377810527205666] - [0.02947526903272023, 0.20048259699503534, -0.10152499173815416, -0.12769134017121267] - [-0.09165500275050796, 0.5154105772266041, -0.22384946047087512, -0.1933955522274162] - [-0.02415159247142284, 0.0202952034183445, -0.048517175609925765, 0.058706363639685503]
B1: 0.00011276871702178655 - 0.0002520326908486046 - 0.0005207208854926329 - -3.668810048591532e-05
B2: 0.00021846341785581864 - 0.00011773291279889642 - 0.000334523433403253 - 0.00017376706128341114
