Number: 5158
Error: 9.963620432114838e-16
A1: [0.0662131528977095, -0.11395210785023087, -0.023983979041615085, 0.07172283941384708] - [0.037402582083033195, 0.1881933407297036, -0.1474089763157516, -0.07818703971703936] - [-0.060229332240213554, 0.32895083766535915, -0.12775307143774686, -0.1409682841689305] - [0.039046160602071604, -0.053322684676824564, -0.03741858897595787, 0.05169512182320559]
A2: [-0.009108639444062518, -0.34680325299938675, 0.24945502615357024, 0.10645661314843329] - [0.08003982292011182, 0.03628225390645566, -0.0502501153710127, -0.06607196263267436] - [-0.04245283612843399, 0.23083187268950797, -0.04053126340961629, -0.1478478574096068] - [0.06813476393662297, -0.2934678685560084, 0.14177122457666574, 0.08356184381325966]
B1: -8.1314412473208e-08 - -2.1078828991404212e-08 - -1.4101838237957691e-08 - -2.4238217695608842e-08
B2: -1.2527906584455537e-09 - 1.2569368893240894e-08 - -8.589473882149511e-08 - -1.1898445791794391e-09
