Number: 3006
Error: 2.339857522192136e-08
A1: [0.06342768865469803, -0.047876884122349854, -0.023449071819653514, 0.007847322529546794] - [0.04320890189044842, 0.1908336291103373, -0.143029799148829, -0.09300820836117779] - [-0.12284318788772078, 0.4154670277024848, -0.10424984951284504, -0.1864636227246114] - [0.03649035462704454, 0.018656194515984232, -0.033645852967392136, -0.02356357972365621]
A2: [0.06294182758813882, -0.17418539518472428, 0.08582780955667288, 0.023462542895197676] - [0.02924435163160621, 0.20025388997297114, -0.1017559410296221, -0.12791837371388864] - [-0.09314492992180683, 0.5139407637949536, -0.22533972427662835, -0.1948395920325401] - [-0.02538477134685017, 0.019054632516325685, -0.049749610009781835, 0.057505940987174556]
B1: 0.00010489027166611288 - 0.00030059032384062765 - -0.00013849975351868358 - -0.00012690610978223106
B2: -0.0002042688531298905 - 4.328767552124781e-06 - -0.00017517807741946129 - 5.693236525695523e-05
