Number: 7778
Error: 1.2027672143762277e-15
A1: [0.0804316876639353, -0.1804678077715425, -0.01958885399754331, 0.11962497471718181] - [0.03741565096945931, 0.133596457096945, -0.13472611536400014, -0.0362857541610138] - [-0.0017027931128405717, 0.22819014240616514, -0.12282835678317124, -0.10365888433142016] - [0.03886322731183257, -0.11448102564974522, -0.046416448508528045, 0.12203422084006904]
A2: [0.03530734213901856, -0.029273576998354953, -0.07569744590690333, 0.06966330211839823] - [0.10289364982106079, 0.282896599559607, -0.39260649379186874, 0.006815890399645691] - [-0.011187220573082912, 0.5390144693858199, -0.35945112962662357, -0.1683765916266152] - [0.09786269885988261, 0.017463215490193355, -0.1688511062297086, 0.0535247728407428]
B1: 1.3464661665515355e-08 - 1.2438879820744366e-08 - 7.288437362461208e-09 - 1.0011672434911722e-08
B2: -1.3426918508567977e-08 - 7.365619661683376e-08 - -1.6273874275458404e-09 - -1.0961093786621546e-08
