Number: 6903
Error: 9.827399523906352e-16
A1: [0.0804316647681818, -0.180467830664695, -0.019588876865927685, 0.11962495182403923] - [0.03741557928064854, 0.13359638546239638, -0.1347261869099872, -0.036285825810118265] - [-0.001702829680463404, 0.2281901058393234, -0.12282839329725995, -0.10365892088929082] - [0.038863222723073715, -0.11448103022561526, -0.046416453094367226, 0.1220342162541614]
A2: [0.03530748673807091, -0.02927343199938195, -0.07569730842386352, 0.06966345345688506] - [0.10289378550327051, 0.2828967363933358, -0.39260636256177417, 0.0068160324786662235] - [-0.01118720653576512, 0.539014483506853, -0.35945111633987603, -0.1683765768351436] - [0.09786281522259285, 0.01746333238218188, -0.16885099545984106, 0.05352489498359159]
B1: 1.3582211872685891e-08 - 1.8844936937065102e-08 - -4.21849656779844e-08 - -1.1011143544351537e-09
B2: -8.179157063330384e-09 - -1.6633109999992225e-09 - 6.078612787214617e-09 - -1.4568915331330532e-09
