Number: 9915
Error: 1.6588337990549053e-15
A1: [0.053172539623126486, -0.1480012814967875, -0.02699905782625099, 0.1218278114598566] - [0.005313778246584126, 0.1308367527594945, -0.11360068535149316, -0.022549704864128228] - [-0.014444467874653094, 0.22309162953466644, -0.12704117090178613, -0.08160592429391836] - [0.027146528318606276, -0.10001996981553597, -0.04942444003286995, 0.12229818879993457]
A2: [0.08925452620536341, -0.07291330555486404, -0.12362735735823191, 0.10728644877511442] - [0.10884181800845952, 0.2498142703364987, -0.4048452020907479, 0.04618957079858497] - [0.03663606717537495, 0.4625552539597533, -0.3777173181111209, -0.12147313086306473] - [0.14342666316378652, -0.044606394214921845, -0.20149931093896092, 0.10268009586926974]
B1: 4.320688583870185e-08 - 2.102377972041861e-08 - -1.2673595618155233e-08 - -2.115201284767822e-08
B2: -2.745762958683461e-08 - -4.195561785228252e-08 - -2.199090503401695e-08 - 1.0824574207666124e-08
