Number: 8985
Error: 0.0009077764711051147
A1: [0.0655611904319145, -0.1742887233106003, -0.01500773451480465, 0.12512667247461917] - [-0.07924449508665414, 0.04959850183765373, -0.2023972050544949, -0.10744845341961383] - [-0.1686492951759858, 0.06650500819969377, -0.26278849130253507, -0.23734758340901194] - [-0.03791163975660811, -0.16690709617069985, -0.11099058316223134, 0.057721685154947217]
A2: [-0.10435108546698718, -0.19373102919081142, -0.2635994365820093, -0.03446594914749751] - [0.04277334380224876, 0.18823742968594245, -0.47696029512486593, -0.024782220490251597] - [-0.14625887319493341, 0.34285658662424634, -0.5375165486997547, -0.26833567122442303] - [-0.015461519846344047, -0.14945144557024365, -0.3263713167051936, -0.022429652120559005]
B1: -0.007817028519816149 - -0.030512064810857456 - -0.012689254460370562 - -0.020238770530900285
B2: 0.03836402339376009 - -0.012039143915557202 - -0.018688662410132735 - 0.0006047037449875385
