Number: 4230
Error: 6.323422664460371e-16
A1: [0.06621320850723232, -0.11395205348338061, -0.02398392347570245, 0.07172289493008496] - [0.037402652255596164, 0.18819340777478688, -0.14740890733077913, -0.0781869707259447] - [-0.060229382972421586, 0.3289507889399585, -0.12775312108130318, -0.14096833354572286] - [0.03904617895591508, -0.053322667256166044, -0.03741857121930658, 0.05169513943572905]
A2: [-0.009108481076478872, -0.3468030849964098, 0.24945518580273268, 0.10645677918797854] - [0.08003984525787926, 0.03628227797057611, -0.05025009095724918, -0.06607193801153827] - [-0.042452864118758434, 0.23083184179756364, -0.040531293405315534, -0.14784788836598553] - [0.06813490523977885, -0.29346771297508534, 0.14177137776319496, 0.08356200224012307]
B1: -2.634610668250033e-08 - 2.730972975020099e-08 - -2.1517264884880687e-08 - 4.432585743495499e-08
B2: -4.136928659925307e-09 - 8.810749423813363e-09 - 3.6498734742156063e-09 - 4.938542456833072e-09
