Number: 7487
Error: 8.180415430883296e-16
A1: [0.08043173329459469, -0.18046776214605004, -0.01958880842145886, 0.1196250203426219] - [0.03741563604155518, 0.13359644218034122, -0.13472613026217636, -0.03628576908065544] - [-0.0017027722613113738, 0.22819016325725047, -0.12282833596217961, -0.10365886348545915] - [0.03886327809435061, -0.11448097500973943, -0.0464163977583835, 0.12203427159101785]
A2: [0.03530745996577185, -0.029273458845718987, -0.07569733387861467, 0.06966342543675332] - [0.10289371447275313, 0.2828966647599875, -0.39260643126156414, 0.006815958099359954] - [-0.011187075601625218, 0.5390146152219538, -0.35945099240784906, -0.16837643886528136] - [0.09786277584652744, 0.017463292827014476, -0.16885103294332643, 0.053524853651564966]
B1: 1.6739160673920228e-08 - 2.863052563695275e-08 - 1.4748979976760987e-09 - 2.6552230443930976e-08
B2: 1.8309736166711157e-08 - 1.4807425311029024e-08 - 2.2904539725918943e-08 - 1.6872089581187242e-08
