Number: 799
Error: 2.7803196886399912e-12
A1: [-0.01215783087549386, -0.01452172739087286, 0.01808237912980217, 0.008578355856006522] - [0.06583589518868097, 0.18949589556773397, -0.14532188811711536, -0.11000782616823146] - [-0.09630030355497271, 0.4217791026989537, -0.05346517815070832, -0.2720441569546098] - [-0.001316191366800464, -0.01821413922068818, -0.003829459603132799, 0.023382879755813907]
A2: [0.1615875098822113, -0.16775399904881122, 0.008502107054078719, -0.0023323002527673078] - [0.035486255377436, 0.20751724507831615, -0.11720989459429929, -0.12579150925934762] - [-0.08621264970646235, 0.5815389984013748, -0.23538785578702234, -0.25993469544339615] - [-0.0038352036647013137, -0.004519522240057167, 0.001110022930379987, 0.007243166637642393]
B1: 3.7293544749876996e-07 - -1.036292560864144e-06 - 5.910306829466326e-07 - -7.654042370161761e-08
B2: -1.2066793800782493e-06 - 1.0416919623026635e-06 - -2.8582955414532126e-06 - 4.470317313320176e-06
