Number: 9075
Error: 4.799467907330707e-05
A1: [0.05074222998671982, -0.15332609534733455, -0.02959599214290886, 0.1179532086710926] - [0.001670179395169405, 0.12519928150572782, -0.11852435508668728, -0.027745623121664478] - [-0.030481034484250515, 0.20993994725419216, -0.13674149779550576, -0.09307455450661985] - [0.0215053596504678, -0.10631918463968032, -0.05350631363328048, 0.11657908361774616]
A2: [0.11805696779739783, -0.044149207125638766, -0.08851462575666352, 0.13781261863143535] - [0.20121085154400034, 0.34027363645385594, -0.3150302387782584, 0.1386779053668327] - [0.14197494655830906, 0.5680422650513712, -0.2787291012888363, -0.016037831227578306] - [0.23352150140648584, 0.04482925856081264, -0.1164583203698004, 0.19350027564556327]
B1: -0.014550425072671788 - -0.0015331687656176488 - 0.010407448970172909 - 0.005466006901986684
B2: 0.0019079450985015657 - 0.0016118982459743117 - -0.008524043125464835 - 0.0016918915037960674
