Number: 7684
Error: 9.27871051579862e-16
A1: [0.0804316755224137, -0.1804678199116889, -0.019588866124547338, 0.11962496257704683] - [0.0374155769493199, 0.13359638313282823, -0.13472618923665441, -0.03628582814014962] - [-0.0017028390843277035, 0.2281900964356578, -0.12282840268735015, -0.10365893029063931] - [0.03886322343416386, -0.11448102951653066, -0.04641645238372483, 0.12203421696481115]
A2: [0.03530749239348117, -0.029273426328322354, -0.07569730304672813, 0.06966345937583383] - [0.10289367579996757, 0.28289662575898844, -0.3926064686653991, 0.00681591760333728] - [-0.011187129043907309, 0.5390145614609175, -0.3594510429921664, -0.168376495179239] - [0.09786277054474439, 0.017463287501117558, -0.1688510379902883, 0.053524848086429606]
B1: -4.577494001890798e-08 - -4.038452244962587e-08 - 3.125410219834923e-08 - 7.157285049180961e-09
B2: -1.3357477169341687e-08 - -2.2846416364362656e-08 - -1.3982370144930118e-08 - -1.2954973461925818e-08
