Number: 8902
Error: 0.0006260369869765306
A1: [0.020055109527331173, -0.23213029375247382, -0.06957346461232583, 0.06980041737685469] - [-0.02117069584462696, 0.08453697633280491, -0.17944597508979224, -0.08245740290394189] - [-0.06412188917770424, 0.1718303320400128, -0.18031918301928634, -0.16257062183825163] - [-0.012286568444113076, -0.15272968958641175, -0.08554843202042667, 0.08302394729344727]
A2: [0.2730591279831031, 0.21167842440866758, 0.1443858366187221, 0.32203831205091615] - [0.26165125526909394, 0.44352524762317064, -0.23988203187580395, 0.17545698657206107] - [-0.005726504934460728, 0.5403948279097844, -0.3511861787535908, -0.1551225055215741] - [0.10442273591485325, 0.02164804512326546, -0.15835602412537494, 0.06842820431881663]
B1: 0.03458510699008125 - -0.011720080846232526 - -0.01765062548932426 - -0.017469790866685878
B2: 0.017399663379697693 - 0.02372421909227874 - 0.0007144053663425617 - 0.00946974615609932
