Number: 9230
Error: 6.993449516822706e-08
A1: [0.05331311251177973, -0.14786247653168122, -0.02685991324737294, 0.12196843993462812] - [0.00689963276474701, 0.13242495093940138, -0.11201394213685976, -0.02096034811078741] - [-0.013221093422416043, 0.2243154882996143, -0.12581856017535106, -0.0803812995775452] - [0.027056058284070737, -0.1001126623488903, -0.049516958250710695, 0.12220776028659583]
A2: [0.08952332635215772, -0.07264175729610403, -0.12336245421789137, 0.10755843643905172] - [0.10904747648577708, 0.2500190973091272, -0.4046441227533318, 0.04639900729453053] - [0.036329147072924534, 0.46224935055387845, -0.37801662804969666, -0.12178266153997597] - [0.14374469781226507, -0.04428747109833673, -0.20118700447342008, 0.10300257144658397]
B1: 0.00024394658808956547 - 0.00034069300613430345 - 0.00033731579961442007 - 0.00020899854584751964
B2: 0.0002247465797175703 - -0.0002472447672229171 - -5.0363661597485555e-06 - 0.0002815513618762533
