Number: 5052
Error: 9.47833195285257e-16
A1: [0.06621320158499404, -0.11395206025090544, -0.02398393039250454, 0.07172288801945945] - [0.037402565487224544, 0.18819332487350357, -0.1474089926307302, -0.07818705603345723] - [-0.060229304015249174, 0.3289508647739954, -0.12775304381845315, -0.14096825669822144] - [0.039046105650785215, -0.053322736834572795, -0.03741864213948537, 0.05169506909135925]
A2: [-0.009108529952193588, -0.3468031368459661, 0.24945513653145912, 0.10645672794441816] - [0.08003983690408445, 0.03628226897118741, -0.05025010008736905, -0.06607194721922688] - [-0.042452799338299194, 0.2308319132932976, -0.0405312239838825, -0.14784781672125014] - [0.06813478911371094, -0.29346784083498495, 0.14177125187110923, 0.08356187204129957]
B1: 2.6403330480386584e-08 - -1.783869652922303e-11 - 5.422377523996505e-09 - 9.292917004081472e-09
B2: 2.2552358553009058e-08 - 4.0211079503855594e-08 - -4.6804057067391247e-08 - 4.9259013168567986e-08
