Number: 8654
Error: 5.621161765639446e-15
A1: [0.08043165418579437, -0.18046784124586054, -0.019588887435675485, 0.11962494124287684] - [0.03741554818074795, 0.1335963543860948, -0.13472621794768858, -0.03628585689266921] - [-0.001702833100132645, 0.22819010241972404, -0.12282839671192915, -0.10365892430803084] - [0.038863190113442164, -0.1144810627436622, -0.046416485683202335, 0.12203418366485233]
A2: [0.035307364928719026, -0.02927355414560329, -0.07569742423883813, 0.06966332597033173] - [0.10289369286575445, 0.282896642969655, -0.3926064521595918, 0.006815935473726182] - [-0.011187178130960714, 0.5390145120810799, -0.3594510894543519, -0.16837654690373335] - [0.09786274089398998, 0.01746325771546815, -0.16885106621601487, 0.053524816962897195]
B1: -5.5664845122905906e-08 - -3.538049084653388e-08 - -4.8967325113929186e-08 - -5.194527026526153e-08
B2: 1.1129876497824472e-08 - 3.146565932026257e-08 - 3.4394741411605944e-08 - 1.2141335729209937e-08
