Number: 9107
Error: 1.1926272335596339e-05
A1: [0.03980914582052998, -0.1619317506055575, -0.04007403185983937, 0.107907223892249] - [-0.010110311786419074, 0.11528938265069473, -0.1290588935322481, -0.03811354493266557] - [-0.01778945660072906, 0.22017300732595788, -0.1296388744465862, -0.08403875194279693] - [0.01111926233159899, -0.11620079725408666, -0.06492817126035921, 0.10619881560940153]
A2: [0.10017187788075307, -0.06177951022903848, -0.11198551159020163, 0.11870909590999637] - [0.11985307858839936, 0.2605781299828754, -0.3938740379608317, 0.057271501049912986] - [0.0635388641061531, 0.4899531296026341, -0.3506838794855852, -0.0942645120524921] - [0.15183788468883017, -0.03625107331905248, -0.1934613755807211, 0.11102166393883925]
B1: 0.0024512505361022055 - 0.0003848936616123958 - -0.006574291394688013 - -0.00013580655837338803
B2: 0.0007439927136015318 - -0.003962228030430086 - -0.0038902426181967125 - -0.001565953110841213
