Number: 5821
Error: 1.1450876002826445e-06
A1: [0.06902636098824068, -0.19194437830111127, -0.030955098471847024, 0.10822511476952197] - [0.022119556071899877, 0.11825487992627273, -0.15002888657711022, -0.051605425945946685] - [-0.00706629874708178, 0.22280307803942465, -0.1281399267472441, -0.10900069758642955] - [0.03749638301885651, -0.11587766144614864, -0.04767558759569806, 0.12072696510322135]
A2: [0.03498614726171172, -0.029631450978115488, -0.075952612293151, 0.06942060858152613] - [0.09651781919659636, 0.2763228283177186, -0.39874546676350636, 0.0002870003244368068] - [-0.0024947464315694563, 0.5478573124214949, -0.35122947382993547, -0.15930020428879407] - [0.1009589103835191, 0.02061095541822013, -0.16589422726756411, 0.056757502595509726]
B1: -0.0001584385427188346 - -0.0013876565760886483 - -0.0005807531042391516 - -0.0006770907457216527
B2: -0.0009602673976195127 - 0.00016310093306680048 - -0.0030697558319253055 - 0.000769625269101507
