Number: 2033
Error: 9.919617144157054e-05
A1: [0.011646355047055667, 0.0027641145913129255, 0.018570201867631607, 0.03750325068004251] - [0.02395195956099521, 0.14885009683447228, -0.19113382313992733, -0.15756094925324873] - [-0.07275580557215991, 0.4789091406869093, -0.033720510103290954, -0.21624138207891314] - [-0.017971089209026986, 0.023830409033320114, -0.02608931223063122, 0.04294595428915424]
A2: [0.1358232153263757, -0.2209047376121595, 0.025509815033969024, 0.0772953636132444] - [0.03208322196042598, 0.20263712930225952, -0.11528991239662385, -0.1221169947116659] - [-0.045118354246973774, 0.6002003260776048, -0.1854585138233709, -0.17691236644045397] - [-0.0067955974871510665, -0.00877287781387644, 0.016647624932094377, 0.049202315961825754]
B1: -0.0010630993026100382 - 0.0129744078140663 - -0.005563718648723343 - -0.019173097296348383
B2: -0.011525064978655911 - 0.024220455234160165 - 0.00206210289495278 - -0.009341840027767006
