Number: 2883
Error: 3.0911662804199387e-09
A1: [0.06337515255468094, -0.047931293338536726, -0.023502195576339955, 0.00779600591601926] - [0.043757959738005225, 0.1913635442314542, -0.14246534587927054, -0.09240621673468691] - [-0.1233483950000188, 0.414956179007645, -0.10476318181199772, -0.1869782250176084] - [0.03699309111674969, 0.019155378945344973, -0.033144486967925615, -0.023064379936099343]
A2: [0.06371408182254994, -0.17341475780134913, 0.08659311402031579, 0.024223963294211028] - [0.029345922902208135, 0.20035395113628265, -0.1016544746221476, -0.12781844977052112] - [-0.09314327789549347, 0.5139439589330916, -0.22533887170051833, -0.19483995751566596] - [-0.025953535945305545, 0.01849423285239687, -0.05031367470773856, 0.05695180222509886]
B1: -5.539779283568355e-06 - -7.681359836389428e-05 - -7.864124478775526e-05 - 7.483624596513097e-05
B2: -0.0001223941533386783 - -4.684696775223481e-06 - -4.8851644818067706e-05 - -4.419507806937042e-05
