Number: 2371
Error: 8.76316745831697e-06
A1: [0.061975246542412855, -0.05025829304212883, -0.026066348872059816, 0.006063500924091617] - [0.04395565477966768, 0.1914893165697259, -0.14261542991141665, -0.09215071148576143] - [-0.12159128351210771, 0.4173242634807859, -0.10236448126217124, -0.18509168691842762] - [0.03697086580962669, 0.01951026079008702, -0.03256379976600153, -0.023048213511694702]
A2: [0.08009577003204313, -0.1567840437372037, 0.1031270506579492, 0.04023709885669438] - [0.0258896485096774, 0.196920282340794, -0.10512864473603484, -0.13122989027492976] - [-0.09842174048192162, 0.5094522164585079, -0.22997919772569678, -0.19926723730413493] - [-0.023663989627062593, 0.021089424549494334, -0.047475032376958035, 0.05939445065126401]
B1: 0.0011309891074874384 - 0.0010786519981647526 - 0.0027361566475662385 - -0.002789335110978264
B2: -0.0006682560970347699 - -0.002816905494514118 - -0.0030802057279803088 - -0.003057490025419522
