Number: 1975
Error: 5.474305779213947e-05
A1: [-0.03514561745504935, -0.04207522195105666, -0.02519118591074911, -0.0078101360515190135] - [0.08425804698731237, 0.20667841669895098, -0.12854312353603276, -0.09036851836924363] - [-0.11254340708984434, 0.4419570135101687, -0.07077367651576137, -0.2575067778222116] - [0.021806193266173647, 0.058697568120633675, 0.015339502711707757, 0.08583434926457664]
A2: [0.12384258542899858, -0.23355724275499296, 0.01389882296628565, 0.06060129622876711] - [0.04344366044960999, 0.21416851025481679, -0.10426293291978572, -0.11118529949982403] - [-0.08757395816792528, 0.5619017488820767, -0.22845671237265858, -0.21918096589063446] - [-0.013477749980581186, -0.012003761897890427, 0.015420955590036048, 0.039112955273109845]
B1: 0.00019533469059213656 - 0.0032042760721087992 - -0.008837788603685783 - -0.0050054536472475515
B2: -0.01206886644467859 - -0.018723371453486022 - -0.010536183357583164 - 0.005253032012797184
