Number: 3766
Error: 8.636945267203409e-16
A1: [0.06621317628081397, -0.11395208498964556, -0.02398395567684102, 0.07172286275774177] - [0.037402652656732156, 0.18819340815803312, -0.14740890693644834, -0.0781869703315687] - [-0.06022937250997688, 0.3289507989885704, -0.1277531108433919, -0.14096832336288703] - [0.03904627105945861, -0.05332257983501987, -0.03741848211225302, 0.05169522781927008]
A2: [-0.009108557810412457, -0.34680316639910164, 0.24945510844796343, 0.10645669873664217] - [0.08003980579451418, 0.03628223545722051, -0.050250134088471114, -0.06607198150899359] - [-0.042452864628742995, 0.23083184123468137, -0.04053129395186851, -0.14784788893004042] - [0.06813473209258812, -0.29346790361771824, 0.14177119005494657, 0.08356180811009803]
B1: -9.385799316990986e-09 - 5.4958419917068925e-09 - 2.4671949739868603e-08 - -2.250652237080341e-08
B2: 1.1631039244020356e-08 - -1.1505304227562132e-08 - 1.0073674375940962e-08 - -2.741414987573429e-08
