Number: 513
Error: 2.39742705289252e-13
A1: [-0.01215134200502064, -0.014515062660646673, 0.018089551291348115, 0.0085852899675934] - [0.06583527597952485, 0.18949529991291827, -0.14532252832682907, -0.11000851559709096] - [-0.09629183234010363, 0.42178728999368115, -0.05345598586014143, -0.27203428758339465] - [-0.0013221560149704985, -0.018219875522660012, -0.003835808767342297, 0.02337598563064514]
A2: [0.16158726464305387, -0.1677542396701392, 0.008501866770698446, -0.002332539312904949] - [0.03548542774094761, 0.2075164307428998, -0.1172107187611658, -0.12579231890243692] - [-0.08621398597209762, 0.581537689533032, -0.235389156024933, -0.2599359984948717] - [-0.003835199042376832, -0.00451951769661636, 0.001110027512294511, 0.007243171051259971]
B1: -9.615253981904213e-08 - 8.646573507007667e-07 - -4.377481143912031e-08 - 2.0992352793290435e-07
B2: 1.7758409028177543e-06 - -2.446221222540858e-07 - -3.576384786648898e-07 - -1.0430556228252637e-06
