Number: 4313
Error: 1.4179061468015782e-15
A1: [0.0662133226802836, -0.11395194186172994, -0.023983809392254463, 0.0717230089115302] - [0.037402614423975016, 0.18819337162924224, -0.14740894452216127, -0.07818700792061387] - [-0.06022922360368087, 0.3289509420048137, -0.1277529651324972, -0.14096817843565432] - [0.03904588753180988, -0.05332294386493923, -0.0374188531623988, 0.05169485978192416]
A2: [-0.00910868572362168, -0.346803302094968, 0.24945497949973702, 0.1064565646266856] - [0.08003992362216189, 0.036282362391352886, -0.0502500053095572, -0.06607185163658301] - [-0.042452676644249815, 0.2308320487060025, -0.04053109250024381, -0.14784768102631154] - [0.06813482934515415, -0.2934677965383859, 0.14177129548612047, 0.08356191714819]
B1: 4.8940589997475805e-08 - 2.906853493910127e-08 - -7.96689011500586e-09 - -3.330920537561441e-08
B2: 6.33613087762429e-09 - -8.383716550892858e-09 - 1.2551173014983768e-08 - 5.178626792952776e-08
