Number: 8028
Error: 9.181320275890062e-16
A1: [0.08043177445774326, -0.18046772098756378, -0.01958876730752223, 0.11962506150107341] - [0.037415506153570297, 0.13359631239066636, -0.1347262598913041, -0.03628589889666747] - [-0.0017027944057120758, 0.22819014111332123, -0.12282835807415074, -0.10365888562394682] - [0.0388633124240778, -0.11448094077635163, -0.04641636345051679, 0.12203430589941633]
A2: [0.03530744189559163, -0.029273476965876868, -0.07569735105950172, 0.06966340652434] - [0.10289375987582654, 0.2828967105483944, -0.39260638734827175, 0.006816005642963302] - [-0.011187139816401976, 0.5390145506241449, -0.35945105318860404, -0.16837650653056063] - [0.09786279954529813, 0.017463316633563576, -0.16885101038361003, 0.053524878527530705]
B1: 6.8657831957783295e-09 - -6.668009008068393e-09 - -1.3104161433488251e-08 - -7.475330913218391e-09
B2: -1.4259546610220752e-09 - -3.6157644074517774e-09 - -1.4953158757809705e-09 - -5.341344428252953e-09
