Number: 1927
Error: 3.1264875205798323e-06
A1: [-0.011917421703906292, -0.019722618678930576, -0.0019197110740375445, 0.014561953243347942] - [0.07271228848415151, 0.19554946179458277, -0.14064149746150517, -0.10335270515789338] - [-0.11929896815626913, 0.43505057727933777, -0.07797592973682677, -0.26546407915705916] - [-0.031213378520740652, 0.00753493788305122, -0.03814797071211111, 0.030570081354198034]
A2: [0.13987766003617744, -0.21649017072645968, 0.030644309140176615, 0.07812298290416615] - [0.029620443987545857, 0.2008006186100256, -0.11788668308992713, -0.12439595678991834] - [-0.08843341328999962, 0.5616282613630056, -0.22914517361983971, -0.2195182947931363] - [-0.012117332567960533, -0.01076225684354766, 0.016636246113404682, 0.040440540047304414]
B1: 0.003167616604495286 - 5.806009898495117e-05 - 0.002014455256220014 - 0.0016608672486442054
B2: 0.00319777564153966 - 0.0015364375488459315 - 0.0007671254307911186 - 0.0005747118191138558
