Number: 2556
Error: 6.605685274896351e-09
A1: [0.0629156282617066, -0.04838361781923653, -0.023955444423021045, 0.007341928588487866] - [0.04407732666678452, 0.19167158883617488, -0.1421375812691583, -0.09205693690906958] - [-0.12390722919278004, 0.41440909176373186, -0.10531322594341662, -0.1875246510072933] - [0.03680743063799755, 0.018979063576441583, -0.033323311570879297, -0.023241644251843833]
A2: [0.06356053474171064, -0.1735746335669393, 0.08644813285499753, 0.024076510235331205] - [0.02969437557740669, 0.2006967653941038, -0.10130694537157378, -0.1274775172678924] - [-0.0929406482106537, 0.5141413025475695, -0.22513951949027308, -0.19464396482749324] - [-0.025395666416363753, 0.01905177864228814, -0.04976414322605186, 0.05749232883166033]
B1: -0.00016552933280784992 - 4.9759163897723995e-05 - 0.00013593181755910646 - 0.00013696239927904905
B2: 6.611920113841075e-05 - 0.00011131822075430943 - -3.676042420044743e-05 - -4.2235449317320646e-05
