Number: 681
Error: 2.0138288163795988e-14
A1: [-0.01215417210218924, -0.014517969458047576, 0.018086423179267057, 0.008582265676823549] - [0.0658360055448239, 0.18949600172437978, -0.145321774019561, -0.11000770329873587] - [-0.09629344120069772, 0.421785735048792, -0.0534577316741737, -0.2720361619906141] - [-0.0013222972742947079, -0.018220011381531197, -0.0038359591375334862, 0.023375822358942627]
A2: [0.16158691879166814, -0.1677545790124918, 0.008501527880427706, -0.0023328764862710362] - [0.035485639473849584, 0.20751663907201995, -0.1172105079160319, -0.1257921117758628] - [-0.08621342802357133, 0.5815382360429092, -0.23538861312238615, -0.2599354544134958] - [-0.0038346001978826223, -0.004518928808670058, 0.0011106202207854668, 0.0072437439834870075]
B1: -7.837006302532567e-08 - 2.0132727054130608e-08 - -6.143935435633944e-08 - -4.136542827828152e-08
B2: -1.720134059017513e-07 - 1.9417272487838183e-07 - 1.691700760878733e-07 - 4.26716091080788e-08
