Number: 1608
Error: 3.296764725746719e-08
A1: [-0.008832140326726943, -0.01665220730571898, 0.0012890669377002063, 0.017758406136119752] - [0.06505434484506249, 0.18817935888823262, -0.14856784624062375, -0.1118330378802588] - [-0.115133479089059, 0.4392869642928473, -0.07344124794962778, -0.26085785040860376] - [-0.02481600406485061, 0.013921425440919077, -0.03141091992950639, 0.037379912397132405]
A2: [0.13180553427905128, -0.22441668055793734, 0.022878795026608927, 0.07037195713038612] - [0.03272959709726311, 0.20383107832209466, -0.1148044941580536, -0.121375569194679] - [-0.0944081027680018, 0.5557515791573209, -0.23499057707797888, -0.22542470701444306] - [-0.020194958637347406, -0.01866329087069384, 0.008735711090842112, 0.032784208749755836]
B1: 0.00017943763035774854 - -0.0005462799244331713 - 3.926232300410082e-05 - 0.00031472338706960384
B2: 0.00033564317018519574 - -0.0001027765228413574 - -3.5455022849293413e-06 - 4.2561504742832614e-05
