Number: 4253
Error: 1.2176288678759179e-15
A1: [0.0662132101157642, -0.11395205191078961, -0.02398392186842759, 0.07172289653591936] - [0.037402598921228616, 0.18819335681742055, -0.14740895976255033, -0.0781870231623507] - [-0.06022934971117363, 0.3289508208855477, -0.1277530885338174, -0.14096830117328604] - [0.03904625490796354, -0.05332259516534585, -0.037418497738239034, 0.051695212320147295]
A2: [-0.009108692530657774, -0.3468033093162079, 0.24945497263767719, 0.10645655748982535] - [0.08003987957301062, 0.03628231493780127, -0.050250053452767646, -0.06607190018859575] - [-0.042452838708223396, 0.23083186984220502, -0.040531266174382345, -0.14784786026289098] - [0.06813471624179655, -0.29346792107007386, 0.14177117287118138, 0.0835617903384806]
B1: 1.9040345119022206e-08 - 1.4356083605409764e-08 - -4.952448386420281e-09 - -1.4135302780494189e-08
B2: -6.761105784800589e-09 - -3.53075065736536e-08 - 2.5466251141711436e-08 - 5.492557161484394e-08
