Number: 6352
Error: 1.1768801123222603e-15
A1: [0.08043171770432035, -0.18046777773455053, -0.019588823993083305, 0.11962500475413325] - [0.037415637582871704, 0.13359644372049392, -0.13472612872393133, -0.03628576754018925] - [-0.001702773131945558, 0.22819016238663786, -0.1228283368315394, -0.10365886435586497] - [0.03886328438492372, -0.11448096873681397, -0.046416391471808593, 0.12203427787768852]
A2: [0.035307363498187944, -0.02927355558013429, -0.0756974255987302, 0.06966332447293512] - [0.10289384947769352, 0.2828968009107222, -0.39260630068657, 0.0068160994692704185] - [-0.011186988790263886, 0.5390147025511263, -0.3594509102390878, -0.16837634738902854] - [0.0978628181975189, 0.01746333537064118, -0.16885099262790984, 0.05352489810630283]
B1: -3.906110502174686e-08 - 3.4298010628544164e-08 - 2.3448100293627536e-08 - -5.4642338914559136e-09
B2: -1.5856208820032095e-09 - -7.301525836819936e-09 - 2.259020407583992e-08 - 7.461058511197576e-09
