Number: 7343
Error: 9.72877479002244e-16
A1: [0.08043167092153258, -0.18046782451204282, -0.019588870719932473, 0.11962495797668783] - [0.03741558355173439, 0.13359638973025137, -0.13472618264740646, -0.0362858215413963] - [-0.0017028440587232468, 0.22819009146137087, -0.1228284076544648, -0.10365893526370999] - [0.03886322515656797, -0.11448102779895471, -0.046416450662427736, 0.12203421868614102]
A2: [0.035307388088955054, -0.029273530921344822, -0.07569740221821626, 0.06966335020990673] - [0.10289371119367202, 0.2828966614530702, -0.3926064344330468, 0.006815954665675297] - [-0.011187115375347252, 0.5390145752109975, -0.3594510300545644, -0.16837648077622314] - [0.09786281060276027, 0.017463327741334727, -0.16885099985762383, 0.0535248901342689]
B1: -2.7684019881037265e-09 - -8.449691757969266e-09 - 5.6128640420259425e-09 - -1.0517583930453632e-08
B2: -6.328992468858659e-09 - 8.729118700643879e-10 - -1.2074929943566941e-08 - 5.509480490927748e-10
