Number: 5170
Error: 9.076224553146442e-16
A1: [0.0662131461050752, -0.11395211449107087, -0.023983985828912344, 0.07172283263261835] - [0.03740249684946389, 0.188193259294775, -0.14740906010690033, -0.07818712351559884] - [-0.060229342002207996, 0.3289508282894702, -0.12775308099028318, -0.1409682936700818] - [0.039046078841650796, -0.05332276228082226, -0.03741866807648413, 0.05169504336494013]
A2: [-0.009108553278784978, -0.34680316159174085, 0.2494551130159771, 0.10645670348784356] - [0.08003985387403136, 0.03628228725265915, -0.0502500815401783, -0.06607192851458533] - [-0.04245276317711535, 0.23083195320284425, -0.04053118523227674, -0.14784777672847715] - [0.06813482974624277, -0.29346779609699203, 0.14177129592044307, 0.08356191759770493]
B1: 1.1299787625694728e-08 - -1.0068170441077276e-08 - -4.709062354322329e-09 - -5.4732426989388415e-09
B2: -3.7848760980055633e-08 - 1.1268527871066752e-08 - 7.086725517095448e-08 - -2.597899797626211e-08
