Number: 3552
Error: 2.0773056357311176e-11
A1: [0.06622103247311366, -0.11394440465913076, -0.023976106239114687, 0.0717307061644748] - [0.03740964120495528, 0.1882000850336533, -0.1474020368762703, -0.07818009897544659] - [-0.06023332751375578, 0.3289470007897609, -0.12775698003107816, -0.14097217344655172] - [0.039046225328950315, -0.05332262326723694, -0.03741852678215778, 0.051695183984783795]
A2: [-0.00911826463498127, -0.3468134635555434, 0.2494453237028202, 0.10644652155437334] - [0.08004787936725796, 0.036290933267589705, -0.05024131008847385, -0.06606308274684244] - [-0.04243403372639243, 0.23085262441040272, -0.04051111455101863, -0.1478270630571634] - [0.06807476522461559, -0.29353393004373657, 0.1417061812579125, 0.08349457490729217]
B1: 8.133157024354725e-07 - -1.0052097190506099e-05 - 8.500815557109405e-06 - 7.146038711827694e-06
B2: 1.6530676069575588e-06 - 3.924634434742425e-06 - -2.149198102288732e-06 - -1.3340497621846226e-06
