Number: 8851
Error: 2.9412501891256303e-05
A1: [0.07553894821782595, -0.1853746040291593, -0.025852418233902868, 0.11500068722718455] - [0.032374081899449604, 0.1285440946072848, -0.1407863039272573, -0.04115398785830379] - [-0.009914816026826121, 0.22002601654546236, -0.13139734408156217, -0.11185712708840727] - [0.036122109279421485, -0.11717067625308293, -0.05075835465773234, 0.11961692421822942]
A2: [0.032065678398097375, -0.032669002146138285, -0.07855252778752377, 0.06624861582497202] - [0.0922663667812668, 0.27219981137132343, -0.4025596077209418, -0.004329379492456315] - [0.033350933917177875, 0.5832241547239461, -0.31784418833218925, -0.12128967017705963] - [0.08050325429661004, 3.1846469195882104e-05, -0.18493609262975128, 0.03523687639481675]
B1: 0.010192536817045047 - -0.004953645832292806 - -0.009432517113675123 - 0.01312210139583063
B2: 0.0035613152017151552 - 0.0013652966154544413 - -0.005405595424623546 - 0.005201418965678553
