Number: 5313
Error: 1.2989273729326487e-15
A1: [0.06621321874112486, -0.11395204347814762, -0.023983913249852443, 0.07172290514677002] - [0.03740264138830534, 0.18819339739194477, -0.14740891801408046, -0.07818698141021443] - [-0.06022938915335372, 0.3289507830031167, -0.1277531271297966, -0.14096833956141722] - [0.03904612611878206, -0.053322717407042884, -0.037418622337365114, 0.05169508873265497]
A2: [-0.009108474563493549, -0.3468030780873351, 0.2494551923679981, 0.10645678601632054] - [0.0800399286884247, 0.03628236784909733, -0.0502499997723955, -0.06607184605254768] - [-0.04245279732855576, 0.23083191551130508, -0.04053122183024082, -0.1478478144985673] - [0.06813485528842807, -0.29346776797409685, 0.14177132361047282, 0.08356194623502451]
B1: -1.3579148395188838e-07 - -2.052530144628937e-08 - 4.520069484686449e-08 - 2.7322609205793286e-08
B2: -1.839456992341745e-08 - -1.776580177372789e-08 - 1.8647244286963592e-08 - -3.962026241031507e-08
