Number: 1914
Error: 3.0230676314066875e-06
A1: [-0.005263994212169938, -0.012994467071977052, 0.005012342372138339, 0.021417260359088315] - [0.06351460625114483, 0.18670641231795837, -0.15015013197785043, -0.11354189966259126] - [-0.10464459467138697, 0.44957912811182316, -0.06259189706225612, -0.24950501937827754] - [-0.01475936856065503, 0.023852497554000752, -0.021246965892969077, 0.04800726303337243]
A2: [0.13575311223230885, -0.22062802847355834, 0.026728054588130146, 0.07423807574440286] - [0.03286343629522718, 0.20397295457939116, -0.11466350527161358, -0.12122810763744242] - [-0.09221558314499402, 0.5578535449105871, -0.23279816540343168, -0.22316330890659128] - [-0.016228980419592344, -0.014804247289040083, 0.012605431376333813, 0.036556371600024194]
B1: 0.0032753554247464435 - 0.002479395597143325 - 0.002262914150743068 - 0.0002524383304482008
B2: 0.0007565070676568273 - -0.00025902048452797156 - 0.002296155235073884 - 0.0019457565246435893
