Number: 6954
Error: 1.021001517230673e-15
A1: [0.08043167365448052, -0.1804678217794019, -0.01958886799025093, 0.11962496070932431] - [0.037415596609268874, 0.133596402777901, -0.13472616961589226, -0.036285808491096645] - [-0.0017028075657896345, 0.22819012795352453, -0.1228283712149652, -0.10365889878051941] - [0.03886323920272764, -0.11448101379221, -0.046416436625214455, 0.12203423272357271]
A2: [0.035307385656748194, -0.029273533360279578, -0.07569740453069294, 0.06966334766431702] - [0.10289383210370102, 0.28289678338927077, -0.39260631749044217, 0.006816081276126607] - [-0.011187211377136066, 0.5390144786366006, -0.3594511209223472, -0.16837658193666583] - [0.09786279068439223, 0.017463307732366085, -0.16885101881861891, 0.053524869226469214]
B1: 4.197475661783716e-08 - -1.5678700169907412e-08 - -6.708928134137434e-10 - 1.253168063313888e-08
B2: -2.8422248196724796e-09 - 1.2554206872441122e-08 - 1.9166660963579668e-08 - 9.735314630403078e-09
