Number: 9023
Error: 1.2510049708812069e-05
A1: [-0.0015963964685632263, -0.22485422504240207, -0.08177200668013601, 0.06056374479500682] - [-0.07748482364963329, 0.04396639391444279, -0.19870629175659732, -0.10788320256585017] - [-0.09234765727409665, 0.15345860255069727, -0.18252841965484518, -0.15265883898395619] - [-0.058033278273810704, -0.18659783389267864, -0.12957954658783102, 0.03691377863607698]
A2: [0.12297369168426549, -0.027164361893736295, -0.07288943360032674, 0.15558354100375965] - [0.19677638479728443, 0.3160933758298534, -0.33521779711444977, 0.11523792647304212] - [0.0875631908546666, 0.5224670022256817, -0.3404321994219594, -0.06678313174953501] - [0.19499430688037866, 0.009308326748328287, -0.15182036211791478, 0.15748116582212685]
B1: -0.0015548790607190527 - 0.001754259886438847 - 0.003535924013962872 - 0.00043281915637242616
B2: 0.010439690090245039 - -0.004734498573426805 - -0.002088229268437894 - -0.0008053175888494551
