Number: 8657
Error: 9.605931028836147e-16
A1: [0.08043165650087435, -0.18046783893104432, -0.019588885123363365, 0.11962494355769203] - [0.03741557337759499, 0.13359637956386994, -0.13472619280104522, -0.036285831709779996] - [-0.00170281731846581, 0.22819011820105348, -0.12282838095336863, -0.10365890853057592] - [0.03886319137019103, -0.11448106149044181, -0.046416484427253976, 0.12203418492081969]
A2: [0.03530756179182388, -0.02927335673803797, -0.075697237063349, 0.06966353200834094] - [0.10289379872772725, 0.2828967497300499, -0.3926063497711345, 0.006816046326463958] - [-0.011186990287386345, 0.5390147010449936, -0.35945091165578447, -0.16837634896700002] - [0.09786291691504807, 0.017463434537137983, -0.1688508986549087, 0.05352500172719225]
B1: -3.309843162381414e-08 - -3.108710352440541e-09 - -2.656511224617976e-08 - -2.908761471781472e-08
B2: -4.6736552132911354e-08 - -2.84704261241196e-08 - -1.6755580844474782e-08 - -4.677568569364107e-08
