Number: 6389
Error: 1.135933133791551e-15
A1: [0.08043169622945247, -0.18046779920698758, -0.019588845442274565, 0.11962498328171721] - [0.037415580683767366, 0.13359638686445297, -0.1347261855096634, -0.03628582440777579] - [-0.0017027999382771574, 0.22819013558087825, -0.12282836359862173, -0.10365889115504244] - [0.03886322915520971, -0.11448102381153166, -0.046416446666328756, 0.12203422268230057]
A2: [0.035307460423366355, -0.029273458386868918, -0.07569733344355752, 0.06966342591570171] - [0.10289374918143901, 0.2828966997632368, -0.3926063976917742, 0.006815994444400004] - [-0.011187061813259456, 0.5390146290925752, -0.35945097935690395, -0.16837642433595137] - [0.09786281664757678, 0.017463333813649642, -0.16885099410335463, 0.05352489647936871]
B1: -2.4692653921850286e-09 - 7.763693565821581e-09 - -2.088427342262596e-09 - 6.367261794869292e-09
B2: 1.5949946878607448e-09 - 1.1783123273830484e-08 - -7.512932867110122e-09 - -1.524287646296111e-10
