Number: 9226
Error: 1.3210969303669326e-07
A1: [0.053569491472824964, -0.14760645303293463, -0.026604006148750425, 0.12222443395437682] - [0.0056042902847995325, 0.13112869590602225, -0.11330886320184999, -0.02225689985143089] - [-0.012667764190283055, 0.22486934413198642, -0.12526540344596154, -0.07982768819345468] - [0.027599932945803873, -0.09956926993101574, -0.048972116161333096, 0.12275240142493675]
A2: [0.08988379949254303, -0.07228050066865155, -0.12300916095333317, 0.10792317652834747] - [0.10932519751154796, 0.2502969774886605, -0.4043719020812594, 0.0466813405044584] - [0.03655118797444852, 0.4624704636218083, -0.37779964223209234, -0.12155834606392536] - [0.1444351045051537, -0.0435991157451073, -0.20051246259441097, 0.10370311523463356]
B1: 0.00024753922024455574 - 0.0004457551049378491 - 0.00045210237416810754 - 0.0002611132755946944
B2: 5.778279263111947e-05 - -0.0004823902149961877 - 0.0005281856446141488 - 0.00023164694524542892
