Number: 873
Error: 1.211685604097482e-08
A1: [-0.012176818473128835, -0.014541249138025951, 0.018061382104282632, 0.008558053613945345] - [0.06583319073099182, 0.18949329372702534, -0.14532468388114053, -0.11001083734718851] - [-0.09628930352742039, 0.4217897201514757, -0.05345324716534141, -0.27203134991640454] - [-0.0012577205337636782, -0.01815791911526463, -0.0037672239638492635, 0.023450455806433967]
A2: [0.16146764578339462, -0.16787158662101723, 0.008384671940645372, -0.00244912702697802] - [0.03548299782630724, 0.2075140418814166, -0.117213136665564, -0.12579469283463784] - [-0.0863072337525655, 0.5814463677212793, -0.23547988055926503, -0.26002690948213775] - [-0.003890517359365013, -0.004573905218077856, 0.0010552832912779028, 0.007190260035689543]
B1: -8.668091115061248e-05 - -1.1237073255050884e-05 - -6.200792277571502e-05 - -2.9688349067777244e-05
B2: 7.175635469916167e-05 - 7.962758234871819e-05 - 5.5464221085044596e-05 - 2.6194344011468075e-05
