Number: 3684
Error: 8.635756018825361e-15
A1: [0.06621368586546478, -0.11395158679215835, -0.023983446491889156, 0.07172337148714653] - [0.03740270900381404, 0.18819346199335615, -0.14740885154320046, -0.07818691493315723] - [-0.060228721413377956, 0.3289514243304832, -0.1277524737190497, -0.1409676896652263] - [0.039046214088438634, -0.05332263391099293, -0.037418537230002574, 0.051695173149504885]
A2: [-0.009108487458583114, -0.34680309176778734, 0.24945517936855294, 0.10645677249534151] - [0.08003976595690444, 0.03628219254112172, -0.05025017762866772, -0.06607202541824801] - [-0.042451929428894294, 0.23083287338027791, -0.040530291753683355, -0.14784685463338254] - [0.0681352212345596, -0.2934673650514461, 0.14177172033230184, 0.08356235652796884]
B1: 5.812065312194304e-08 - 3.3528569927075384e-08 - -1.5289885785927343e-07 - -2.7581446213420027e-08
B2: -6.520481571159154e-08 - -2.0062003080940765e-07 - 1.3427850404131052e-07 - -3.8031953306254974e-08
