Number: 8797
Error: 8.152703774069042e-06
A1: [0.07934944949068957, -0.1815499795508619, -0.020669818302458405, 0.11854293273129579] - [0.03599812446381506, 0.13217989929505394, -0.1361407346523131, -0.03770247562822337] - [-0.0010776167938836524, 0.2288152650726637, -0.12220473062023918, -0.10303366363185952] - [0.037788813301639135, -0.1155523836538213, -0.04749035189198974, 0.12096057841097489]
A2: [0.03737666085800118, -0.027200012690712417, -0.07372670870539867, 0.07182908572462404] - [0.10385215407090334, 0.2838622446559276, -0.39167730161181424, 0.007819556206560954] - [-0.008349033235026507, 0.5418681663398061, -0.3567614607282561, -0.16538573449396807] - [0.09955583234266739, 0.0191627356493529, -0.167236467056561, 0.05530201281339118]
B1: 0.0007785481665219167 - 0.0009109326729716718 - 0.000452132059159834 - 0.0008317344755614192
B2: -0.0019192990598267516 - -0.00121222822589789 - -0.0033673905603921845 - -0.0015916548648233467
