Number: 58
Error: 0.00035613056167311315
A1: [-0.004620427877884498, -0.006397289441608947, 0.027709315259444353, 0.018128398098507803] - [0.12009934040144449, 0.24817497695096788, -0.09373566590430557, -0.07018523227262993] - [-0.1238021139702672, 0.39744741969025565, -0.08273282358599249, -0.30008954226260404] - [-0.009995429016036965, -0.021882540678312565, -0.012754939218263393, 0.011992007592447826]
A2: [0.31391868341234985, -0.018312380933292627, 0.15600005464345942, 0.14498464525852156] - [0.10982990124106302, 0.27839566078975053, -0.049175598559360184, -0.05809498267223316] - [0.09108119007587105, 0.75745217291566, -0.06335983411588991, -0.08725510911388835] - [0.3743923027161325, 0.37222060114573097, 0.37635016277152994, 0.369740577266021]
B1: 0.04366718137942378 - 0.4256664980198987 - -0.010383657734920929 - -0.033316295398853384
B2: -0.006145947014883483 - 0.3986723696154258 - -0.014968813048699806 - -0.007559751697738359
