Number: 1784
Error: 8.004731603424793e-08
A1: [-0.006486539395306957, -0.014295664796557373, 0.0037398221054888766, 0.020153916086437993] - [0.06634487713653776, 0.18942804288172382, -0.14723856629730075, -0.11039644023906421] - [-0.11283563569149019, 0.4415519387553873, -0.07109816963588671, -0.25836108748230163] - [-0.023051856149470147, 0.015682810645965543, -0.029659148085680636, 0.03925267965655096]
A2: [0.13078977829838162, -0.22541129718085515, 0.02190954885871619, 0.06941202384007991] - [0.03397094837873753, 0.20505691060636871, -0.11356995504614043, -0.12015940317869431] - [-0.09670448884087587, 0.553514957477956, -0.23717746151086222, -0.22760003018439645] - [-0.021050726321768878, -0.019507897875404655, 0.007901264442249655, 0.031977431924692115]
B1: 7.672961544858474e-05 - -1.3114841355733398e-05 - 0.0004883418944744065 - -6.423079738091805e-05
B2: 0.0004917919192303172 - 0.0011989151453102405 - -0.0005051801219079549 - -0.000899189359135729
