Number: 3469
Error: 2.6178475879879984e-09
A1: [0.06607609710856377, -0.11408612194057877, -0.02412095459932529, 0.07158600245024814] - [0.037229285061337575, 0.188027766481614, -0.14757929617135554, -0.07835741749692532] - [-0.06004176813451095, 0.3291309648540684, -0.12756948292668197, -0.1407857709279468] - [0.03909083525820205, -0.05328025595980583, -0.037375271342663385, 0.05173801563779085]
A2: [-0.009100184233019865, -0.34679426382501755, 0.249463558849185, 0.10646554952881707] - [0.08016533226524014, 0.03641745425243987, -0.050112927918264306, -0.06593359187139082] - [-0.04241776470646309, 0.23087049943121646, -0.04049373355361824, -0.14780913519386896] - [0.06805776310173543, -0.2935526482363437, 0.14168778653735006, 0.08347553558362383]
B1: -1.5873878545274496e-05 - 4.117451998489633e-05 - 5.096790311840016e-05 - -5.249538298515096e-05
B2: -0.00016752751968063728 - 9.585790050674667e-05 - 2.001650999561957e-05 - -9.95446422718796e-05
