Number: 8634
Error: 1.3134467418112825e-15
A1: [0.08043172165717741, -0.18046777378211631, -0.019588820044968, 0.11962500870655483] - [0.037415657932193445, 0.13359646405448244, -0.134726108414925, -0.03628574720201517] - [-0.0017027677764142597, 0.22819016774204934, -0.12282833148385308, -0.1036588590017464] - [0.03886327254162004, -0.11448098054680045, -0.04641640330754977, 0.12203426604180244]
A2: [0.03530748884358606, -0.029273429888019696, -0.0756973064218159, 0.06966345566031829] - [0.10289378079128957, 0.28289673164139223, -0.3926063671190487, 0.006816027544430928] - [-0.011187072002452392, 0.5390146188425701, -0.3594509890011123, -0.16837643507275415] - [0.09786285771382511, 0.017463375066649908, -0.16885095501079644, 0.05352493958535748]
B1: 1.1020881961856274e-08 - 2.811547581804893e-08 - 2.0907155751245892e-08 - 5.728109339458106e-09
B2: 4.8776795549863625e-09 - 5.245065326496419e-09 - 1.4353895408534271e-08 - -4.726561259472412e-10
