Number: 8964
Error: 0.0007789221278134146
A1: [0.051596771465460184, -0.20315181832169923, -0.032126326076616474, 0.1104451315351757] - [0.0797869444469384, 0.1866744114073556, -0.05143972601070263, 0.04433405351672673] - [0.06314868202873206, 0.28823766777273846, -0.04709347033167995, -0.024772679235683173] - [0.0609071558177114, -0.09002912134469528, -0.01799943713868387, 0.15125106007071493]
A2: [0.24541632636146724, 0.18480672963164205, 0.10426678721490085, 0.3257191742345921] - [0.5709917805827128, 0.7503986233070669, 0.05549808980892078, 0.5256094092609691] - [0.13603039146534035, 0.6560779764776741, -0.22140470620184924, 0.02458555207161869] - [0.24127771409629156, 0.1385647679802662, -0.03474252883010332, 0.24558065483878677]
B1: 0.007994867999805207 - 0.0514375424933175 - -0.03479115357566845 - -0.0373890346862031
B2: -0.039226903928089724 - -0.010871151927738843 - 0.010073816681243696 - -0.014304035903931502
