Number: 5508
Error: 6.0118257237947165e-12
A1: [0.06621351891340298, -0.11395175000901131, -0.023983613315480816, 0.0717232048139201] - [0.03740245842165496, 0.18819322258122165, -0.1474090978877887, -0.07818716129966931] - [-0.060226168808993785, 0.32895387597557735, -0.12774997588924178, -0.14096520526690967] - [0.03904746938210526, -0.05332144243215107, -0.037417322794629705, 0.05169637772452492]
A2: [-0.009112005411696539, -0.3468068237527662, 0.24945163294793707, 0.10645308412710339] - [0.08004026450955579, 0.036282729626611075, -0.05024963274183465, -0.06607147589557724] - [-0.04245234415158475, 0.2308324156608073, -0.040530736188673165, -0.1478473132990816] - [0.06813489162452695, -0.2934677279685392, 0.1417713630018051, 0.08356198698043055]
B1: 1.9450082044358625e-06 - 1.6850418175025355e-06 - 2.001968204429862e-06 - 1.7918967800021262e-06
B2: -2.5550055995513335e-07 - -3.91668124146629e-07 - -1.8264347752454933e-06 - 1.679414018025661e-07
