Number: 2203
Error: 0.00010285601662154479
A1: [-0.006823418111884493, -0.0969070281009948, -0.06189562072900376, -0.02083429359862547] - [0.035368967572810994, 0.1693556045228528, -0.17325916834107402, -0.12435452803823054] - [-0.04808738564015036, 0.48871484768279416, -0.030990649656071928, -0.1259403372013273] - [0.00856706606064821, 0.015331734914011321, -0.02539135761047568, -0.025215836511843892]
A2: [0.028746434888967456, -0.2616753212143079, 0.024859937652267503, -0.018904671134520767] - [0.05433070711146957, 0.22044398190273157, -0.08104950762117491, -0.10775698739982724] - [-0.09500114594806788, 0.5346669362661188, -0.20228107811289797, -0.1956062563521474] - [-0.0794218646724011, 0.006090460199338319, -0.05120491030752123, 0.02875580743087983]
B1: -0.007229757330244557 - -0.019663572952782347 - 0.010068356128484035 - 0.026166308894872023
B2: -0.008017671201036964 - -0.009486323792587037 - 0.012778924126347357 - 0.0021834929134364623
