Number: 5712
Error: 0.02956452269488109
A1: [-0.07417679506017609, -0.29038923864905963, -0.17969955416976502, -0.03368381364759854] - [-0.09080246929285296, 0.02746965038465842, -0.2774285215484388, -0.1697306703473349] - [0.054789249469031735, 0.36215899185442035, -0.05932356588023634, -0.03668176265574222] - [-0.5396811352202913, -0.6060916555490203, -0.6112422799630494, -0.44281750555467314]
A2: [-0.065187997231059, -0.15315052793315334, 0.16415556312275745, -0.510681589104695] - [0.2576217015514751, 0.4269782009695201, 0.15968920011665882, -0.42258678125493] - [-0.15663054663800277, 0.3682736664696117, -0.15922549720139906, -0.8257225015131539] - [0.02910301414922148, -0.0726473608904219, 0.11775184446125422, -0.5309117556494906]
B1: -0.3544081834644271 - -0.5546437272617298 - -0.38349418318046713 - -0.3948588167171282
B2: -0.6791267634857265 - -0.584438115760693 - -0.8553570553483837 - -0.6335397341306187
