Number: 5557
Error: 1.5031029875145222e-09
A1: [0.06623887413326268, -0.11392695497765475, -0.023958271935988845, 0.07174852209399668] - [0.03737045439297268, 0.18816264894075937, -0.14744055703942988, -0.07821862419090711] - [-0.060168221338395944, 0.32900954108354574, -0.12769326237169248, -0.1409087983440499] - [0.03904835544434633, -0.053320594277987396, -0.03741646005809629, 0.0516972327354911]
A2: [-0.009044930618893669, -0.3467356663008101, 0.24951925304298014, 0.10652341753080723] - [0.08005935364643847, 0.036303295036260154, -0.05022876967900523, -0.06605043394848178] - [-0.042451663863712956, 0.23083316847237909, -0.04053000798978528, -0.1478465572675477] - [0.06814021596207159, -0.2934618642648036, 0.14177713482480042, 0.08356796062019115]
B1: 1.2459146715273655e-05 - 2.5600612132570278e-05 - 3.0568796842925705e-05 - 2.8994905014486648e-05
B2: -4.797903209732681e-06 - 2.8817799729907303e-06 - -1.4801662827604668e-05 - -3.636329100730974e-05
