Number: 1843
Error: 3.6288935160298455e-08
A1: [-0.006381179384556177, -0.014158978002744729, 0.0038759842648463045, 0.020269015154908594] - [0.06748231530771891, 0.19052075777704022, -0.14605864769917384, -0.10913207218055328] - [-0.11282211938698297, 0.4415857943964262, -0.07108241719291865, -0.25834098710098313] - [-0.023168420201522412, 0.015578672821137639, -0.029799080317173387, 0.039132335974992875]
A2: [0.13121916698453173, -0.22502607468747923, 0.022311605215617508, 0.06979541166755579] - [0.03353974515944187, 0.20464249648442223, -0.11399673309281369, -0.1205748932135382] - [-0.09366546756099063, 0.5564999997435506, -0.2341801726410952, -0.22458233199417396] - [-0.020653818935030988, -0.019141717613740453, 0.008281308158832802, 0.03233026522192755]
B1: 0.0004356171061968317 - 0.00022175147344674558 - -0.00022376548096957884 - 0.0005310080329167434
B2: -0.0002897478872806215 - 0.0001711657083031164 - 0.0003316813064629262 - 0.00016700697332805548
