Number: 3276
Error: 8.738740513593113e-05
A1: [0.07641656822395895, -0.10432387831675421, -0.016554869606204288, 0.07975493291729417] - [-0.01790983221668265, 0.13178688783997355, -0.20061366293297322, -0.13164839239149434] - [-0.06481169542456067, 0.3258415833529107, -0.13003300239683888, -0.14352242747465482] - [0.07845595319150507, -0.013422884613089351, 0.0001617714569014327, 0.08935208513698735]
A2: [0.048600503032477566, -0.29170593380979076, 0.30785355934193964, 0.16619988559680732] - [0.06952839824722265, 0.027932756285564145, -0.06333953430156977, -0.0795165795271119] - [0.014665039235796026, 0.28437057344832667, 0.013369294098101175, -0.08968151193045958] - [0.10968480500749128, -0.25531293618907314, 0.18025661840791868, 0.12570358328630749]
B1: 0.026204842080599637 - -0.003291452103759646 - -0.00772306585175001 - -0.009728190998899157
B2: -0.0049078332104084115 - 0.013535578943693751 - 0.007286618779626731 - -0.008221841313273056
