Number: 7249
Error: 9.366529399914665e-16
A1: [0.08043168074180082, -0.18046781469288495, -0.019588860911404656, 0.11962496779583484] - [0.03741558176009845, 0.1335963879399722, -0.13472618443547194, -0.03628582333203989] - [-0.001702839143592265, 0.22819009637640053, -0.12282840274652686, -0.10365893034988974] - [0.038863225304369094, -0.114481027651566, -0.04641645051471824, 0.12203421883385097]
A2: [0.035307409548137644, -0.0292735094028099, -0.07569738181508211, 0.06966337266925365] - [0.10289383492428696, 0.2828967862337928, -0.3926063147623906, 0.006816084229673257] - [-0.011187019178512909, 0.5390146719815999, -0.35945093900213304, -0.16837637941030126] - [0.09786282244202513, 0.01746333963445196, -0.16885098858740488, 0.053524902561637284]
B1: -1.38784675768357e-08 - 3.329643985038149e-08 - 2.6263098226797836e-08 - 3.94863602723229e-09
B2: 1.156299537809585e-08 - 1.2929031779761461e-08 - 3.84429118852407e-09 - 1.286341714441449e-08
