Number: 1755
Error: 2.6785447659583367e-07
A1: [-0.005458647525888703, -0.0132619972923759, 0.0048192944068180905, 0.021205348854007273] - [0.0664471813434187, 0.18952302613473776, -0.14713362608348213, -0.11028248200684515] - [-0.11185613649794432, 0.4424864330112142, -0.0700691714737009, -0.25730291569903446] - [-0.022940016644065277, 0.015762730962189747, -0.02953741062743512, 0.0393693115993646]
A2: [0.1326481929455533, -0.2235652091879883, 0.0237177998765819, 0.0712047239757857] - [0.032151466041531275, 0.20326498384113081, -0.11538063288178796, -0.12193748147714643] - [-0.09542300547796657, 0.5548012718018015, -0.235933749378201, -0.22636099594112416] - [-0.018835397262294776, -0.017312158489892617, 0.010078478281025852, 0.03408116969988099]
B1: 8.046224016113035e-05 - -0.0004759543489473645 - 0.0007152519846820303 - -0.00022728091418265802
B2: -0.0005347885790856435 - 0.00033573712302830934 - -0.0006181634058527726 - -0.0006016775471185988
