Number: 6971
Error: 8.540406181621854e-16
A1: [0.08043168553052492, -0.18046780990470287, -0.019588856128406242, 0.11962497258401235] - [0.03741558930009531, 0.13359639547426008, -0.13472617691050226, -0.036285815796221144] - [-0.0017028201942138209, 0.22819011532537037, -0.12282838382489994, -0.10365891140557318] - [0.03886322976945837, -0.11448102319900545, -0.04641644605247321, 0.12203422329616645]
A2: [0.03530746508020499, -0.029273453717148692, -0.07569732901587965, 0.0696634307895755] - [0.1028938032271787, 0.2828967542676709, -0.39260634541943806, 0.0068160510381891455] - [-0.011187160416096777, 0.5390145299016001, -0.3594510726866128, -0.16837652823724078] - [0.09786281770637362, 0.01746333487726104, -0.16885099309544047, 0.05352489759075168]
B1: 1.499763803695163e-08 - 1.0619141532438347e-08 - -1.663169917254789e-08 - 6.241731000806713e-09
B2: 3.5390984642983726e-09 - 3.576208504132646e-09 - 7.35396980116367e-09 - 1.530792310708103e-09
