Number: 3939
Error: 9.066333418321706e-16
A1: [0.0662131929774606, -0.1139520686661095, -0.02398393899328608, 0.07172287942637837] - [0.03740259666280971, 0.18819335465965026, -0.14740896198275705, -0.07818702538274991] - [-0.06022941706615111, 0.3289507561948107, -0.12775315444341662, -0.14096836672842245] - [0.0390462112750862, -0.05332263658005004, -0.0374185399516103, 0.051695170449547974]
A2: [-0.009108535308701489, -0.3468031425283065, 0.24945513113173473, 0.10645672232845318] - [0.08003982771543751, 0.036282259072341526, -0.0502501101301321, -0.06607195734723462] - [-0.04245285400013024, 0.23083185296508812, -0.04053128256181075, -0.1478478771752008] - [0.06813461629306512, -0.29346803111812536, 0.14177106451701582, 0.08356167827732547]
B1: 8.126234521242878e-09 - -3.613762900209796e-08 - 2.747147639295519e-08 - 1.332539654013258e-08
B2: 4.642464501899383e-09 - -1.8541040301566515e-09 - 2.332621672065933e-08 - 1.4353051161340856e-09
