Number: 5117
Error: 1.3196322713448758e-15
A1: [0.06621313270410713, -0.11395212759258098, -0.02398399921937148, 0.07172281925413874] - [0.03740260238140024, 0.1881933601234179, -0.14740895636090323, -0.07818701976042468] - [-0.06022939613396295, 0.3289507762988781, -0.1277531339604773, -0.14096834635542022] - [0.03904615189390166, -0.05332269294228888, -0.03741859740079397, 0.05169511346678711]
A2: [-0.009108569158461413, -0.34680317843755304, 0.2494550970079623, 0.10645668683888501] - [0.08003980151068199, 0.036282230842389615, -0.05025013877029753, -0.06607198623061493] - [-0.04245290120527759, 0.2308318008669033, -0.04053133314840339, -0.14784792938191363] - [0.06813470657338257, -0.29346793171522073, 0.14177116238958193, 0.08356177949869997]
B1: -1.0453897949872963e-08 - 1.3126961990524034e-08 - 3.5325047371761515e-08 - 2.5228966105578087e-08
B2: -1.208078388492416e-08 - 1.5655108683881102e-09 - 6.491419704668329e-08 - -2.974328762584975e-08
