Number: 5635
Error: 4.1310942711648184e-06
A1: [0.06660162571945454, -0.11357229257603502, -0.023595627244124107, 0.0721090519176664] - [0.03750843683372204, 0.18829315661181006, -0.14730536060597588, -0.07808493062876688] - [-0.059295391194752294, 0.3298480903626696, -0.12683726921733143, -0.14005935662551283] - [0.03884439259623097, -0.05351307890892749, -0.03761144949115294, 0.051503195731354555]
A2: [-0.004827194204874553, -0.34225993711684105, 0.25376347729268095, 0.11094288085360884] - [0.08020778920479692, 0.03646453618169776, -0.05006936408107397, -0.06588819207637636] - [-0.04036912771114984, 0.23313339295459323, -0.03830632773961701, -0.14554746861912843] - [0.07080731470765937, -0.2905229392844031, 0.1446598393941201, 0.0865539042063334]
B1: 0.001749409444453099 - 0.0009359980649060258 - 0.0011638684699833944 - 0.0010328694218226244
B2: -0.0008254540038707828 - -0.0004985048866919738 - -0.0008273610919487008 - -0.00047073265410698035
