Number: 2449
Error: 1.7525252880257278e-06
A1: [0.0619032117417528, -0.049470592787167596, -0.02487648190273176, 0.006391502379428114] - [0.047006175830471786, 0.19448182573647557, -0.1391765368521017, -0.08887718934846142] - [-0.12576522260181713, 0.41255982536413244, -0.10725145784527115, -0.18950081667436572] - [0.042794865200202384, 0.02504040168267412, -0.027330978295386943, -0.0173286673808891]
A2: [0.06332623446569512, -0.17387529688390377, 0.08627079796801711, 0.023902144673362186] - [0.025764039563377663, 0.19680294229908102, -0.10524287501787166, -0.13135201025981558] - [-0.09193532267381041, 0.5153019935545677, -0.2238977542052321, -0.19347890589616082] - [-0.025577440724331046, 0.01898466255162265, -0.04971030508386984, 0.05750683529513038]
B1: 0.0006540344840293695 - -0.0019409487827660862 - 0.0019990181039104085 - 0.0021203800351196327
B2: -0.0013415321182826852 - 0.0019238808286033784 - 0.0018404021159427026 - 0.002979707575999172
