Number: 1329
Error: 5.6240176989957575e-09
A1: [-0.007320554053172211, -0.01512793677376498, 0.002859123788146471, 0.019318089916561913] - [0.06677878999970809, 0.18983825722402284, -0.14678478172869355, -0.10991567048722797] - [-0.11256515902036945, 0.4418056135306275, -0.07076815277031122, -0.25807795847679615] - [-0.023684678489531718, 0.015034514923363074, -0.030256129574414606, 0.03857869521715043]
A2: [0.1315000563413828, -0.2247133992703983, 0.022582310391234522, 0.07007645280286574] - [0.03267626297141571, 0.20377873594817214, -0.11485852306757004, -0.12142812481908768] - [-0.09498035564715865, 0.5551882340223395, -0.23555368967562162, -0.22598653400420865] - [-0.02099273076003497, -0.01943916063345553, 0.007954354937595375, 0.03202275222459157]
B1: 0.00012499758568470932 - -7.822147152398877e-05 - -3.0178054532098802e-05 - 0.00012541580679912922
B2: -6.282520331455406e-05 - 2.8768796863437516e-05 - -7.652071469237496e-05 - -2.2361621676407806e-05
