Number: 3559
Error: 2.2059981495088374e-11
A1: [0.06620699728366745, -0.11395812607948375, -0.023990130239682644, 0.07171669427352065] - [0.03740349294638017, 0.18819421088515373, -0.14740808100260713, -0.0781861438970414] - [-0.06022831352938069, 0.32895181626976994, -0.12775207372096845, -0.1409672933777172] - [0.03903359555282059, -0.053334610828682676, -0.03743074553729498, 0.05168306417677088]
A2: [-0.009103937903649374, -0.34679826521876383, 0.24945976603974307, 0.10646154237458669] - [0.08005851080588246, 0.03630238631610144, -0.0502296904981247, -0.06605136450739162] - [-0.04244928002818775, 0.2308357974415944, -0.04052745336604639, -0.14784392475247296] - [0.06811291758514915, -0.29349192255032014, 0.1417475417647738, 0.0835373506268081]
B1: -1.3927474931211287e-07 - -1.0974080262724454e-05 - 7.981376934550035e-07 - 9.014681472845682e-06
B2: 5.28119882330677e-07 - 1.3955284706722339e-06 - 3.444355818312264e-06 - 1.13848329913554e-07
