Number: 5234
Error: 1.323210750175949e-15
A1: [0.06621320429491846, -0.11395205760154146, -0.023983927684730334, 0.07172289072480584] - [0.03740255726888308, 0.18819331702146835, -0.14740900070996213, -0.07818706411341134] - [-0.06022934970698311, 0.3289508208893725, -0.12775308852977849, -0.1409683011690005] - [0.03904622589012514, -0.05332262270770333, -0.03741852581182907, 0.05169518447445724]
A2: [-0.009108454171371353, -0.3468030564545568, 0.24945521292520825, 0.10645680739635788] - [0.08003980776044001, 0.036282237575163884, -0.05025013193964612, -0.06607197934199228] - [-0.04245289351553251, 0.23083180935378328, -0.040531324907771754, -0.14784792087732637] - [0.06813468925060456, -0.2934679507882621, 0.14177114361001578, 0.08356176007681473]
B1: 7.980501653921966e-08 - -7.574683018283697e-08 - -8.359431207978039e-09 - 8.321740116350555e-09
B2: -1.9310893291005715e-08 - -3.014663756439984e-08 - 8.107603149097917e-09 - 3.1138349552601634e-08
