Number: 8299
Error: 9.112734063632693e-16
A1: [0.08043165931519584, -0.18046783611709113, -0.01958888231245314, 0.11962494637163605] - [0.037415518596285655, 0.1335963248240054, -0.1347262474732862, -0.03628588646078284] - [-0.0017028510078346487, 0.22819008451239733, -0.12282841459341241, -0.10365894221097498] - [0.03886320106111508, -0.11448105182679522, -0.046416474742548626, 0.122034194605646]
A2: [0.03530761301620224, -0.02927330537194601, -0.07569718835985635, 0.06966358562026383] - [0.10289377517300748, 0.2828967259754092, -0.3926063725530126, 0.006816021661318646] - [-0.011187047303438166, 0.5390146436888609, -0.35945096562291035, -0.1683764090466106] - [0.0978626306800646, 0.017463147000232042, -0.16885117113269374, 0.053524701274353666]
B1: -3.207280755722638e-08 - 7.283143532279194e-08 - -5.179471702439442e-08 - -2.5395971174053087e-08
B2: 4.391053656585041e-09 - -2.4577692256423787e-08 - -1.502661031633519e-08 - 6.881757924861435e-09
