Number: 3779
Error: 7.530963475070409e-16
A1: [0.06621325070961247, -0.11395201222409539, -0.02398388130645131, 0.07172293706163012] - [0.03740264664911686, 0.18819340241816604, -0.147408912842394, -0.07818697623803726] - [-0.06022928091049356, 0.328950886964783, -0.12775302120956408, -0.14096823421116256] - [0.03904619169456523, -0.053322655165150314, -0.03741855889511472, 0.05169515165987016]
A2: [-0.009108511052068311, -0.34680311679576975, 0.24945515558463768, 0.10645674776024348] - [0.0800398386766095, 0.03628227088066942, -0.05025009815019648, -0.06607194526555879] - [-0.042452748588226515, 0.23083196930431962, -0.04053116959818034, -0.1478477605934833] - [0.06813478698923028, -0.2934678431740577, 0.14177124956825435, 0.08356186965945812]
B1: 3.489037744731147e-08 - 2.4303780132117995e-08 - 2.5463695271220172e-08 - 1.4310908418120356e-08
B2: 3.975656491925928e-09 - 2.192672489218007e-08 - 3.505074634710988e-09 - 5.265403721319444e-08
