Number: 4243
Error: 9.009798831592145e-16
A1: [0.06621322813882154, -0.11395203429049196, -0.023983903859518107, 0.07172291452872703] - [0.037402615360991744, 0.18819337252449617, -0.14740894360100512, -0.07818700699937585] - [-0.0602294775897962, 0.32895069806518445, -0.12775321366828707, -0.14096842563471867] - [0.03904625324748334, -0.053322596741407824, -0.03741849934469386, 0.051695210726734726]
A2: [-0.009108519797497168, -0.346803126073351, 0.24945514676842367, 0.10645673859110849] - [0.08003984394894535, 0.03628227656047941, -0.05025009238783915, -0.0660719394542776] - [-0.042452802692174635, 0.23083190959174263, -0.04053122757817051, -0.1478478204305075] - [0.068134796861628, -0.29346783230413864, 0.14177126027084075, 0.08356188072819691]
B1: -1.8490867727532312e-08 - 1.3238363789970266e-08 - -7.56910045995225e-09 - -4.61602064752711e-09
B2: -4.412042170370958e-08 - -6.03764170079703e-08 - 3.458198850126855e-08 - 4.686822154273773e-08
