Number: 3173
Error: 0.0002953965586118255
A1: [0.07212957019010414, -0.03872512582742415, -0.014274724354073589, 0.017351097922831817] - [0.05636688922434985, 0.20375311473541732, -0.1292527498883533, -0.07832755570457826] - [-0.10665876679720726, 0.4328547781370788, -0.08706451248806134, -0.16891270570806505] - [0.04419603196992561, 0.027547228969802544, -0.02537817995919949, -0.014581657228233859]
A2: [0.07965716912633938, -0.1583936743464916, 0.10312577758751487, 0.04055576365345489] - [0.018363243331856096, 0.18949042187947204, -0.11263541663818635, -0.1386960302715917] - [-0.09547868714134716, 0.5119170346018658, -0.22773985977149167, -0.19646966179389916] - [-0.03616690400166267, 0.009039805107190858, -0.060732262032366216, 0.04761649186425369]
B1: 0.007490781316870242 - -0.0055166745889719815 - -0.002002789891660542 - -0.0027196063307478244
B2: -0.011583167283129357 - -0.01069687303211135 - -0.01687296856756348 - -0.02570810357937605
