Number: 9411
Error: 1.0929975412535055e-11
A1: [0.05318303882391707, -0.14799077837776492, -0.026988570193868355, 0.12183831578548289] - [0.005323620680440444, 0.1308466057417301, -0.11359084423269852, -0.022539848191234495] - [-0.014438636693137557, 0.22309746248976328, -0.12703534453507268, -0.08160009134910805] - [0.02715709189986567, -0.10000940548828868, -0.04941385361795729, 0.1223087801851774]
A2: [0.08926568688160536, -0.07290217068287315, -0.12361644816507388, 0.10729774746432652] - [0.10882465107636469, 0.2497971003517759, -0.4048620289795774, 0.04617211482885423] - [0.03663742016204829, 0.46255659973542257, -0.3777159979984121, -0.12147176401747908] - [0.14342293146223803, -0.044610112306183045, -0.20150295450437422, 0.10267630824692509]
B1: -6.136782263632319e-06 - 8.513059900157647e-06 - -1.3059077678181554e-06 - 3.0142840366504038e-06
B2: 1.1027180820357749e-06 - -2.289553139333141e-08 - 9.48570316022713e-07 - -8.029066163758605e-07
