Number: 3554
Error: 2.553193072398467e-11
A1: [0.06621702797179202, -0.11394831963232158, -0.023980107550895857, 0.07172670831473979] - [0.03740871287494796, 0.1881991981055301, -0.14740294948421515, -0.07818101171343486] - [-0.06023254648371325, 0.3289477508664217, -0.12775621578508073, -0.1409714132746765] - [0.0390414846808912, -0.053327122859114943, -0.03742311315465507, 0.05169063475842606]
A2: [-0.009110197018746335, -0.3468049050978374, 0.24945345647764494, 0.10645498001021687] - [0.08004718847537903, 0.036290188948126176, -0.0502420651746266, -0.06606384424185684] - [-0.042420096172723055, 0.2308680067502087, -0.040496178638955965, -0.1478116486477254] - [0.06808574227514672, -0.29352184381000934, 0.1417180813255882, 0.08350688216982234]
B1: -2.1342511768109474e-07 - -9.900358083273513e-06 - 1.1847745189304457e-05 - -1.4856204885225685e-06
B2: 3.0472410699940635e-06 - 4.245564700078497e-06 - 1.0193206402619562e-06 - 1.5127784700885831e-06
