Number: 2310
Error: 7.845618236799052e-05
A1: [0.08088389908538615, -0.0300947865415288, -0.010434266783232235, 0.02638694673698737] - [0.004322496230613472, 0.15328826237503346, -0.1836399267051208, -0.13443575671151176] - [-0.10785555538668465, 0.43585646000730144, -0.08564994913218682, -0.16603752788311482] - [0.0493246181193497, 0.0368001435513476, -0.015004776246009256, -0.006015362966028724]
A2: [0.14955600602625613, -0.09008242018478585, 0.1753814214878846, 0.10992273557068953] - [0.0662993545240999, 0.235209264849109, -0.06504029304842388, -0.09215838539601261] - [-0.04675207442387441, 0.5546549311012243, -0.18035973338546815, -0.15354313920388363] - [0.029435453170297735, 0.07339946853066102, 0.006025700311712517, 0.11190403196770041]
B1: 0.00712640271133818 - 0.019267102340883174 - 0.018269710799919903 - -0.008756898313438002
B2: 0.02068241818043677 - 0.009294657695782466 - 0.012435733123333851 - 0.008342553559389749
