Number: 3904
Error: 1.2585070936381817e-15
A1: [0.06621312993764338, -0.11395213029718759, -0.023984001983634064, 0.07172281649235712] - [0.037402552111016965, 0.1881933120934419, -0.14740900578058533, -0.07818706918445116] - [-0.0602294387999221, 0.32895073532073765, -0.12775317571080091, -0.14096838788140292] - [0.03904613738555223, -0.05332270671319119, -0.0374186114372526, 0.051695099544353806]
A2: [-0.009108654607898035, -0.34680326908616965, 0.24945501086726732, 0.10645659724970818] - [0.08003977675455709, 0.03628220417286101, -0.05025016582749139, -0.06607201351753184] - [-0.04245294993019791, 0.23083174709064902, -0.040531385364311195, -0.1478479832703032] - [0.06813474664868652, -0.2934678875907973, 0.14177120583517164, 0.08356182443019204]
B1: -4.80236852146603e-08 - -2.435270596747857e-08 - -1.2413888042467876e-08 - 5.610456835537803e-08
B2: -1.3736950064318476e-08 - -2.4959330133028984e-08 - 2.7862260210774234e-08 - -3.039636366308683e-08
