Number: 6425
Error: 9.12357470854535e-16
A1: [0.0804316992797004, -0.18046779615708544, -0.019588842395674114, 0.1196249863316166] - [0.03741559834112739, 0.13359640450844856, -0.13472616788748654, -0.0362858067601972] - [-0.0017028095954244634, 0.22819012592393684, -0.12282837324162943, -0.10365890080961247] - [0.03886322660167434, -0.11448102635790089, -0.046416449218237024, 0.12203422013035219]
A2: [0.03530743919055843, -0.02927347967840393, -0.07569735363143032, 0.0696634036932545] - [0.10289375461958658, 0.28289670524753835, -0.3926063924320701, 0.006816000138936844] - [-0.011187091315202633, 0.539014599414664, -0.35945100728112095, -0.16837645542319485] - [0.0978628102441814, 0.017463327381127124, -0.1688510001989699, 0.053524889757885115]
B1: -3.102260017270262e-10 - 5.10915550691118e-09 - 3.1409501335702806e-09 - 9.226606901435295e-10
B2: 8.288049730759992e-09 - 3.3875377644277858e-09 - 6.905876648517944e-09 - -5.249073609294232e-09
