Number: 9970
Error: 8.210984443674954e-16
A1: [0.053172507260318934, -0.1480013138714523, -0.02699909015333206, 0.12182777908150383] - [0.005313734253255927, 0.1308367087200613, -0.11360072933812557, -0.02254974891946686] - [-0.0144445643118413, 0.2230915330622004, -0.12704126726257658, -0.08160602076546357] - [0.027146493120368306, -0.10002000501381365, -0.04942447530544188, 0.12229815351217437]
A2: [0.08925448082204478, -0.0729133508332424, -0.12362740171905774, 0.1072864028320898] - [0.10884159323922031, 0.24981404552760758, -0.40484542240803145, 0.04618934224753836] - [0.03663576055247487, 0.46255494893229865, -0.3777176172677638, -0.12147344066611303] - [0.14342636724997682, -0.044606689026550204, -0.201499599873226, 0.1026797955652805]
B1: 8.324254848436346e-09 - -1.7956323939837145e-08 - -1.5614473285837272e-08 - -1.362448337625436e-08
B2: -8.117803378845986e-09 - -1.100907384392156e-08 - -7.527210426909301e-10 - -1.4609654385227665e-08
