Number: 2007
Error: 8.866832450291346e-05
A1: [0.0012528439663034854, -0.007395200835574931, 0.008898026073468897, 0.027240972900224883] - [0.059745486128464226, 0.18309949788005228, -0.15431346692457862, -0.11787453878930185] - [-0.0966282977232176, 0.45799919884625223, -0.05531661944487605, -0.24094327787166975] - [-0.02758595365124266, 0.011587004565366177, -0.03465906761388164, 0.035481659729270386]
A2: [0.1214727802478016, -0.23583599131382854, 0.013735408652748344, 0.06109370198228116] - [0.02324424432215195, 0.19340993017392621, -0.12462689676372092, -0.13123072933991617] - [-0.0927729746248495, 0.5552246360584714, -0.23303815114516663, -0.2244778634357752] - [0.0027498639188935263, 0.0017999975328631382, 0.0313003934173491, 0.054572401346308266]
B1: 0.012032000813103644 - 0.01269087276357493 - -0.0011421489566351434 - 0.009722690741724847
B2: -0.009471392118258024 - 0.011775515501433114 - 0.0015539428332766274 - -0.007145610492909706
