Number: 9149
Error: 7.76853250033453e-07
A1: [0.055905915202521396, -0.14530910248577103, -0.02434531192278293, 0.12456281721098039] - [0.008245172525347942, 0.13374188527440506, -0.11078441092486097, -0.019600041283517177] - [-0.013941284665843597, 0.22364815285167242, -0.1265284694782703, -0.08099628856754067] - [0.026414289565055694, -0.1007562048716363, -0.0501779584578866, 0.12159680459533816]
A2: [0.09381036117381604, -0.06834135018640783, -0.11907005132833112, 0.11193866519898017] - [0.10993099419234105, 0.2509131512676893, -0.4037818077696573, 0.04728811088145424] - [0.043855652584702275, 0.46973542474459434, -0.37069964383757026, -0.11423796361410644] - [0.13602151218768666, -0.05194684722957065, -0.20873313020001713, 0.09517552837915733]
B1: 0.0026758101462914323 - -0.0007214635525264099 - -0.002777098226106994 - -0.0016570452942619401
B2: -0.00041698322977493964 - 0.0019796713784144466 - -0.0004897485809405347 - -0.0010237365710424233
