Number: 1820
Error: 1.1386483632532722e-07
A1: [-0.006117772161355588, -0.013900381002105363, 0.00415474617262697, 0.020532390927277794] - [0.06715854176466816, 0.1902091637403743, -0.14639460028346485, -0.10949221768330045] - [-0.11206783573183263, 0.4423191590713857, -0.07029078068498988, -0.25753110319853956] - [-0.023838322389420664, 0.014918084276397408, -0.030485203567460598, 0.038424296415401175]
A2: [0.13196674458088903, -0.224285391159048, 0.023050632032914214, 0.07053275239400822] - [0.03207457784336664, 0.20319850163029793, -0.11545496035002989, -0.12200852842729118] - [-0.09815508547100961, 0.5520979934041176, -0.2385905933508808, -0.22898237205611735] - [-0.019376362217679896, -0.017885608640992885, 0.009549240552370344, 0.0335568413020368]
B1: -0.000666961004595869 - 0.000684046672009529 - 0.0003840304495483614 - -0.0003058998677933865
B2: 0.00019023472131478607 - 6.283344367531715e-05 - -0.00024667242576314623 - -0.0001535227959217894
