Number: 6630
Error: 1.1297202951339203e-15
A1: [0.08043168134132084, -0.1804678140934334, -0.019588860312604487, 0.11962496839528579] - [0.037415593597187484, 0.13359639976809953, -0.13472617262197384, -0.036285811501509384] - [-0.0017028453512870523, 0.2281900901688365, -0.1228284089451399, -0.10365893655593247] - [0.03886324018974872, -0.11448101280795954, -0.046416435638821044, 0.12203423370998132]
A2: [0.03530745868146806, -0.029273460133584426, -0.07569733509972876, 0.06966342409261243] - [0.1028937465632788, 0.28289669712285553, -0.39260640022402366, 0.006815991702802705] - [-0.011187093409001779, 0.5390145973083761, -0.3594510092629465, -0.1683764576295047] - [0.09786282370169053, 0.017463340899850407, -0.16885098738829565, 0.05352490388389269]
B1: -4.0114210555166473e-10 - 6.409067645576179e-09 - -1.7913290587429694e-09 - -1.3871608755140033e-09
B2: 4.56653352512274e-10 - 5.919879779470897e-09 - -1.8640961826170015e-08 - 9.384072971250822e-09
