Number: 2866
Error: 6.2343246995607165e-09
A1: [0.06343781558393317, -0.047868796286483405, -0.023440264348477218, 0.007858674444380527] - [0.043660934442616824, 0.1912698422117347, -0.14256536179932336, -0.09251272991057209] - [-0.12366527010614117, 0.41464044763237906, -0.10508129594002223, -0.187294632569571] - [0.03628451298603065, 0.018445928296729367, -0.03385178632491398, -0.02376783475016637]
A2: [0.06341917896110201, -0.1737082118933706, 0.0862992845768057, 0.02393310657483988] - [0.029328331185829334, 0.2003366030988022, -0.10167194226673805, -0.1278355250886242] - [-0.09308154464661866, 0.5140042896940971, -0.22527726122305045, -0.19478050957234092] - [-0.025257169060527034, 0.019187070643614166, -0.04961697223793995, 0.057629184836597985]
B1: -0.00018630675333012963 - 0.0002882718801963919 - 0.00012290313772448725 - -0.00021031395017994344
B2: 0.00010726813839233895 - 4.3948142503538016e-05 - -8.968062226041614e-06 - -0.00010831286373911086
