Number: 1695
Error: 6.301428297533906e-08
A1: [-0.0057402858722882515, -0.013540287451273477, 0.0045042616199523385, 0.020928630411489596] - [0.06753237245307708, 0.19056300728096778, -0.14600643537641642, -0.10907787095961131] - [-0.11323305407560118, 0.4411285127212687, -0.07147468385893262, -0.25880816641798554] - [-0.023065360013134265, 0.015629143739144053, -0.029623595959781653, 0.03922208624644819]
A2: [0.13316194932487257, -0.2230653532949625, 0.0242116234698914, 0.0716953341868067] - [0.033510126455651684, 0.20460040728400147, -0.1140279279751349, -0.12061049139582686] - [-0.09477967749701183, 0.5554001151299306, -0.23535114595736867, -0.2257932353086091] - [-0.019160379461406134, -0.017627240185819296, 0.00976494053261119, 0.03377883457742963]
B1: -0.00045938001876895157 - 0.001252358659779268 - -0.0007325958610652988 - -0.00020481022114089947
B2: 0.0005487735623045193 - -0.00022501629178194428 - -9.99562404776848e-05 - 0.00015006740532119207
