Number: 6821
Error: 9.116696436893555e-16
A1: [0.08043167626046908, -0.18046781917370894, -0.01958886538738224, 0.11962496331501388] - [0.03741556857710781, 0.13359637476695743, -0.1347261975922016, -0.03628583650772996] - [-0.0017028516006300058, 0.22819008391962511, -0.12282841518533211, -0.10365894280360723] - [0.03886321097632348, -0.11448104193939913, -0.04641646483363275, 0.12203420451471188]
A2: [0.03530748723152326, -0.02927343150456495, -0.0756973079546987, 0.06966345397333841] - [0.10289377759701701, 0.28289672841997954, -0.39260637020860045, 0.006816024199662392] - [-0.011187090747707136, 0.5390145999855398, -0.35945100674396335, -0.16837645482521668] - [0.09786283974285583, 0.017463357013979237, -0.16885097211813974, 0.053524920721887255]
B1: -1.046074820877333e-08 - 2.0277710574923404e-09 - -2.0557289448969214e-08 - -1.1770617127520228e-08
B2: -4.990579346989029e-09 - -1.1803073572660132e-08 - -1.7182111813125084e-08 - -1.186469644995399e-08
