Number: 6141
Error: 8.629104235450637e-16
A1: [0.0804315868859265, -0.18046790853812944, -0.01958895465505703, 0.11962487395068097] - [0.037415506420496965, 0.133596312657389, -0.13472625962496299, -0.03628589862990665] - [-0.001702866277868047, 0.22819006924271007, -0.12282842984108092, -0.10365895747692784] - [0.03886305599056367, -0.1144811964902058, -0.046416619720632844, 0.122034049625279]
A2: [0.03530742143087861, -0.029273497487207104, -0.07569737051709395, 0.06966338510581363] - [0.10289384558589051, 0.2828967969858896, -0.3926063044506794, 0.006816095393991073] - [-0.011187107766556622, 0.5390145828651861, -0.35945102285267966, -0.16837647275857992] - [0.0978628114167302, 0.01746332855900896, -0.16885099908278003, 0.05352489098868071]
B1: -3.188109154628389e-08 - 4.403698171116783e-08 - -4.837445923315013e-08 - -3.9207537890885e-09
B2: 7.555752679780965e-08 - 7.526172146373506e-08 - -1.7511265412834463e-07 - 5.4526010862952066e-09
