Number: 8491
Error: 1.6838685802784402e-15
A1: [0.08043172007331618, -0.18046777536581451, -0.01958882162695392, 0.11962500712285518] - [0.03741560642067125, 0.133596412581874, -0.1347261598239196, -0.03628579868507271] - [-0.001702822925645869, 0.22819011259399138, -0.12282838655233867, -0.10365891413626573] - [0.03886332197971942, -0.11448093124747398, -0.046416353900952, 0.12203431544915043]
A2: [0.03530736287933635, -0.02927355620063119, -0.07569742618733466, 0.06966332382545855] - [0.10289374070289092, 0.2828966912127902, -0.3926064058920803, 0.0068159855661208526] - [-0.011187295941996085, 0.5390143935673883, -0.35945120096530164, -0.16837667104508225] - [0.09786278944211053, 0.017463306484426466, -0.16885102000121374, 0.053524867922490824]
B1: -3.843896639723313e-09 - -5.183533392221409e-09 - 7.199141236639835e-08 - 4.590721860434723e-09
B2: 3.318532344089432e-08 - -4.863971038240697e-08 - 3.2746101655570695e-08 - 2.9227967941143398e-08
