Number: 4254
Error: 1.275842067335486e-15
A1: [0.06621320971650699, -0.11395205230112472, -0.023983922267371355, 0.07172289613733228] - [0.037402602416963915, 0.18819336015735805, -0.14740895632597467, -0.07818701972547103] - [-0.06022934870057627, 0.3289508218561713, -0.1277530875449063, -0.1409683001896939] - [0.03904623805688089, -0.053322611159757616, -0.037418514041098416, 0.051695196149663114]
A2: [-0.00910868322785358, -0.34680329944738847, 0.24945498201575095, 0.10645656724330649] - [0.08003988398277666, 0.03628231968838234, -0.05025004863314473, -0.06607189532804804] - [-0.042452842917157146, 0.2308318651969656, -0.040531270684841095, -0.147847864917812] - [0.06813470617173782, -0.29346793215764555, 0.14177116195426806, 0.0835617790480858]
B1: 1.467969870449864e-08 - 2.1649570093953345e-08 - -3.099254268521469e-09 - -1.4911943769272828e-08
B2: -8.875248764991108e-09 - -3.610611737891904e-08 - 1.937840435737361e-08 - 4.614510747594312e-08
