Number: 5701
Error: 0.058739874497515776
A1: [0.13894671080165205, -0.03478039137102771, 0.05214270046067749, 0.17231041838111058] - [0.13357223702683013, 0.29169141298516116, -0.04254310767718902, 0.04734097964743501] - [0.2865946741624325, 0.6334389311160054, 0.20434000723734883, 0.1921420100230321] - [-0.3631336866626875, -0.4033169339380291, -0.41580911760577105, -0.2813954562167049]
A2: [-0.2506174636104449, -0.4906714177117166, -0.16420489213957734, -0.15813139792972392] - [-0.16693047696864932, -0.13864885035404856, -0.41458795269404447, -0.3444231356871784] - [-0.3502839878529079, 0.02340194628336434, -0.4935645407243814, -0.48627526073041594] - [-0.1752951329033431, -0.42898522456664445, -0.22983141269736773, -0.19594448925020275]
B1: -0.5220008707289108 - -0.630113182371916 - -0.5489346392103985 - -0.5564753554385358
B2: 0.36989618921053624 - 0.4513626718296011 - 0.2754518327407205 - 0.2947714302061027
