Number: 9373
Error: 1.031984012326034e-11
A1: [0.053175567783082404, -0.14799824993811844, -0.026996031831322632, 0.12183084334480224] - [0.005291896660957397, 0.13081484696597606, -0.11362256417086929, -0.022571617979261938] - [-0.014452599625800916, 0.2230834949265505, -0.12704929577316934, -0.08161405809349483] - [0.02714717119196491, -0.10001932484431574, -0.04942379401339048, 0.12229883637184759]
A2: [0.08926856595739056, -0.0728993006775003, -0.12361363534905896, 0.10730066166843968] - [0.1088205610439544, 0.24979301113022892, -0.4048660372872395, 0.046167957102726816] - [0.03663544628298168, 0.462554636225523, -0.377717924130848, -0.1214737582497742] - [0.14341194757801753, -0.04462105307093979, -0.2015136787670455, 0.10266516217909241]
B1: 3.1040221754120416e-06 - -1.3990565804726108e-06 - -7.904148455178743e-07 - -4.552919401399831e-06
B2: -1.8668468081501095e-06 - 3.732211580141853e-06 - -5.70243955223309e-07 - -4.433900047303801e-06
