Number: 3083
Error: 2.6095982845638776e-06
A1: [0.06625024317805202, -0.045070793041863025, -0.02065530834184994, 0.010642891767784957] - [0.04341954910261707, 0.19104281427948386, -0.1428074364888443, -0.09277206011935533] - [-0.11843190821629153, 0.4198647389378111, -0.09981857461954431, -0.18204107975443784] - [0.04020850458815034, 0.02236554838552409, -0.0299437744934831, -0.019883893721812165]
A2: [0.06724108234245917, -0.16988565377750275, 0.09011210634558854, 0.02770244879856308] - [0.027896003645755313, 0.19892711537659674, -0.10309937530032404, -0.12923642550898565] - [-0.0936017681724927, 0.513498896578649, -0.22579258060354498, -0.19528061135525565] - [-0.024612144768940795, 0.019831799538550368, -0.04897802505744787, 0.05826075180347985]
B1: 0.0010987219812851872 - -0.0031576725140977156 - -0.000673712176102896 - 0.00041884289550339995
B2: 0.0008165010131971605 - 0.0005927244777614953 - 0.0010694580467053543 - 0.00045448780413442447
