Number: 8012
Error: 1.0010068363445117e-15
A1: [0.0804317229138421, -0.1804677725256284, -0.01958881878979289, 0.1196250099630591] - [0.03741558542555149, 0.13359639160265216, -0.13472618077727214, -0.0362858196685979] - [-0.0017027928961499226, 0.22819014262285123, -0.12282835656679884, -0.10365888411478749] - [0.03886326779176929, -0.11448098528340722, -0.04641640805438545, 0.12203426129484718]
A2: [0.03530743470064433, -0.029273484180721676, -0.07569735790037609, 0.0696633989940588] - [0.10289369173057872, 0.2828966418248054, -0.39260645325751276, 0.0068159342850055635] - [-0.011187094519410013, 0.5390145961913061, -0.35945101031394694, -0.168376458799615] - [0.097862775484388, 0.01746329246321475, -0.1688510332880711, 0.05352485327144545]
B1: -5.3684276186692475e-09 - 2.3011213146478743e-08 - 1.2254085585746892e-09 - 9.53231401681601e-09
B2: 7.089871726452911e-08 - -1.1537820630190238e-07 - 2.8496271410776984e-09 - 5.6709998044536915e-08
