Number: 924
Error: 6.5961630844964986e-09
A1: [-0.01239943610859096, -0.014770026613267975, 0.01781527296575111, 0.008320070256415747] - [0.06586089511666611, 0.18951993628499975, -0.14529603416334275, -0.10997999389773885] - [-0.09616863931035735, 0.4219062667920513, -0.053322345312980204, -0.2718908273368704] - [-0.0011981664592117924, -0.018100580210069512, -0.003703822123893125, 0.023519436963531013]
A2: [0.16155962696796608, -0.16778121732985457, 0.00847485655851258, -0.002359325064219055] - [0.03546472952737463, 0.20749606335515589, -0.11723132578800032, -0.12581257558846937] - [-0.0862145851929456, 0.5815372277821447, -0.23538966210839443, -0.2599364660878287] - [-0.0038506019174861395, -0.0045346027919463405, 0.0010948303991368871, 0.0072284466849024875]
B1: 7.978784751640325e-05 - 3.824896986627391e-05 - 4.128310357431547e-05 - -1.6505376032859485e-05
B2: -7.975493939216949e-05 - 1.985198574380308e-05 - -3.4789598168721744e-05 - -8.043816626117005e-05
