Number: 127
Error: 0.00014044540370983092
A1: [0.011340418438398931, 0.009819248566452344, 0.04483569710533735, 0.034629442959122014] - [0.0832436306223951, 0.20681850607390803, -0.12796396410497318, -0.09132201218480528] - [-0.07296450190597559, 0.44549878655644887, -0.027568679624470092, -0.24384059908012587] - [0.027029985088647065, 0.010333706510553407, 0.027346915299730743, 0.05733570636942343]
A2: [0.21434710372479965, -0.11662107711177906, 0.06023206412288157, 0.04871895580596585] - [0.07262504727057156, 0.24314326457016278, -0.08147299111869662, -0.09070595149953245] - [-0.041150958500847754, 0.6257785619254408, -0.19166288897639938, -0.21647493050945726] - [0.047457498105757334, 0.046519680151702616, 0.05174954768699109, 0.0560334101079468]
B1: 0.000556231692547895 - 0.15124735364786265 - 0.0015449523419694279 - 0.0026006041898382947
B2: 0.006912128209313184 - 0.16375192826523166 - 0.0004873745507500716 - 0.0006044821917114748
