Number: 903
Error: 6.85200219457518e-09
A1: [-0.01179642605667696, -0.014150664645417352, 0.018481807199045026, 0.008964464916768496] - [0.06576271365682985, 0.1894254971373862, -0.14539754927482382, -0.11008930290018258] - [-0.096276933910291, 0.42180163094774276, -0.05343983512137588, -0.2720169645921835] - [-0.0011517709026221507, -0.01805596220433054, -0.0036544376332455076, 0.023573005513123295]
A2: [0.16152268424288063, -0.16781745810486964, 0.008438693696563563, -0.0023953087162676004] - [0.03557898873100269, 0.20760848892702666, -0.11711754531762547, -0.1257007916111514] - [-0.08621704236768711, 0.5815348191865779, -0.2353920414252979, -0.25993883246387123] - [-0.0037407759993069675, -0.004426626129430076, 0.0012035140893944972, 0.00733353412431118]
B1: 4.72812325941449e-05 - -2.1625081226569088e-05 - 2.7889700989774823e-05 - -4.130719725752303e-06
B2: 0.00035905316819193544 - -0.0002566708389148811 - 6.176956708898154e-05 - -0.00010263679395934103
