Number: 63
Error: 0.00035126839024912616
A1: [0.005945005082648303, 0.004853644928987627, 0.03937427276399368, 0.028727939746312835] - [0.12342974178045288, 0.2506715420827034, -0.08986134289576922, -0.06383871107510926] - [-0.10868631931968943, 0.4128449451474287, -0.06646081474993032, -0.28433915998618337] - [-0.0015908766801062098, -0.013612886515534299, -0.0038203278591128795, 0.021227979990358622]
A2: [0.3038128928817694, -0.02859987213653157, 0.14640670012603993, 0.1351258003318532] - [0.11754311153447916, 0.28587306827275244, -0.041279074025551914, -0.050558467391951925] - [0.06968220452884914, 0.7360255371654599, -0.08403141141360103, -0.1082398814821823] - [0.3398928783288427, 0.33768240398135935, 0.3423896503739451, 0.33670109700202605]
B1: 0.03688552296245972 - 0.40757684268620736 - -0.009637647651409538 - -0.027308959607847422
B2: 0.0029932842011005083 - 0.4005254537600076 - -0.0039523886270289325 - 0.002956681354978238
