Number: 9553
Error: 1.0052612309575436e-13
A1: [0.05317228027591966, -0.1480015409491026, -0.02699931689262831, 0.12182755199497772] - [0.005313947085071805, 0.13083692175704995, -0.11360051655251562, -0.022549535786684425] - [-0.014444770228432853, 0.22309132706166723, -0.12704147302272853, -0.08160622675719492] - [0.027145989238820493, -0.10002050890734579, -0.04942498025821265, 0.12229764834163494]
A2: [0.08925635827235422, -0.07291147773691886, -0.12362556658156028, 0.10728830340850948] - [0.10884380058107085, 0.249816253257685, -0.4048432587969756, 0.046191586713910854] - [0.03663708227854263, 0.46255626377986375, -0.3777163277345709, -0.12147210524836134] - [0.14342587569007556, -0.04460717876676538, -0.20150007984712334, 0.10267929669836529]
B1: -6.755536918218043e-07 - -3.03216740120375e-07 - -6.121011662582394e-08 - 1.7818818207205493e-07
B2: -2.3683519395455865e-07 - -1.6644222638688926e-07 - -2.7280299176262517e-07 - 4.135798021750995e-08
