Number: 8264
Error: 1.1135737098351462e-15
A1: [0.08043168775929468, -0.18046780767621248, -0.019588853902362008, 0.11962497481249212] - [0.037415618819211856, 0.13359642497107993, -0.13472614745005157, -0.03628578629336974] - [-0.001702821685169275, 0.2281901138344363, -0.12282838531367915, -0.10365891289613552] - [0.038863237588836606, -0.1144810154015811, -0.046416438238099586, 0.12203423111067263]
A2: [0.03530742889453528, -0.029273490002847853, -0.07569736342076061, 0.0696633929173555] - [0.102893705227018, 0.2828966554357936, -0.3926064402039272, 0.006815948417747044] - [-0.01118711783873095, 0.5390145727328755, -0.3594510323862403, -0.1683764833719518] - [0.09786276025099004, 0.01746327716051364, -0.16885104778931712, 0.05352483728137396]
B1: -1.3952999777383766e-08 - 2.9935466779566653e-09 - -1.510315732111224e-08 - -7.675128261255332e-09
B2: -1.5630357957134495e-08 - -4.382683885488367e-09 - -4.681303458397624e-09 - -1.9994721221997265e-08
