Number: 429
Error: 1.0679012192252934e-11
A1: [-0.012165899228053719, -0.014530014235168202, 0.018073461499882704, 0.00856973412478361] - [0.06584577641955339, 0.18950540094916143, -0.145311671737461, -0.10999682445473777] - [-0.09630265440306127, 0.4217768311046992, -0.05346772876128143, -0.27204689549950695] - [-0.0013339995893299492, -0.01823126521354013, -0.0038484154842832294, 0.02336229678585714]
A2: [0.16158976615546894, -0.16775178541433672, 0.008504318248668673, -0.0023301002780651485] - [0.03548047589003747, 0.20751155844797084, -0.11721564983311182, -0.125797163074433] - [-0.08621781917229975, 0.5815339350610081, -0.23539288550554852, -0.25993973615596816] - [-0.0038296236273459494, -0.0045140348716024535, 0.001115546142108242, 0.00724850551246448]
B1: 3.102077692292134e-06 - 4.577971323350038e-06 - -2.8335240808915697e-06 - 2.7440857729029945e-06
B2: -5.128964841437764e-06 - 7.310746043416855e-06 - 8.921022485094302e-08 - -1.2393767723530685e-06
