Number: 1866
Error: 5.567299009654015e-07
A1: [-0.008864900772006301, -0.016658266990985476, 0.001295470862603294, 0.017727062637801622] - [0.0682231034795759, 0.1912325739795216, -0.14528856905288065, -0.1083088256795678] - [-0.11042553915723534, 0.4439183922487924, -0.06859647199105477, -0.2557587279726913] - [-0.022524422705074636, 0.01620513042975501, -0.02914460202117121, 0.03980764858885582]
A2: [0.13183783617050002, -0.22442582247281306, 0.022886887984298592, 0.07038239876893396] - [0.03220660585396391, 0.20333036184505493, -0.11532367659452944, -0.12187810469387839] - [-0.09382436884325114, 0.5563290382226157, -0.23436554888965477, -0.22475826080328568] - [-0.01865737796356195, -0.017177794665241997, 0.010229277081306316, 0.03423164210671776]
B1: -0.0009063269058361398 - 0.0006704735403404063 - -0.0012725573008290905 - -0.00013491886980562904
B2: 0.0006371100448128371 - 0.0005183055114649626 - -0.00019104459124050298 - 0.00019504364315143862
