Number: 4057
Error: 1.0428278393350554e-15
A1: [0.06621317240956208, -0.11395208877438433, -0.023983959545042215, 0.07172285889299802] - [0.037402648722164346, 0.1881934043988306, -0.14740891080441715, -0.07818697419988613] - [-0.06022943630430634, 0.32895073771762523, -0.12775317326873836, -0.14096838545246998] - [0.03904607514535414, -0.053322765789241944, -0.03741867165256654, 0.051695039817974985]
A2: [-0.009108553846776014, -0.34680316219432167, 0.24945511244365143, 0.10645670289229102] - [0.08003983024022658, 0.03628226179226101, -0.050250107370689065, -0.06607195456434957] - [-0.0424529037073887, 0.230831798105059, -0.04053133583008852, -0.1478479321495639] - [0.0681347918411119, -0.29346783783195357, 0.14177125482811404, 0.08356187509928084]
B1: -8.336916514824207e-09 - -1.996533394656305e-09 - -2.659957756744006e-08 - 1.2811624112409213e-08
B2: -3.4058699573491767e-09 - 3.6844032527402675e-08 - -2.0755969925783742e-08 - -3.5034991758875673e-08
