Number: 4786
Error: 9.769368353315533e-16
A1: [0.06621316975829027, -0.1139520913664236, -0.023983962194258437, 0.07172285624613439] - [0.037402608850913274, 0.18819336630456582, -0.14740895000091062, -0.07818701339986678] - [-0.06022930210536351, 0.328950866608332, -0.1277530419495765, -0.14096825483939932] - [0.03904616082818564, -0.0533226844622499, -0.03741858875722263, 0.051695122040180966]
A2: [-0.00910855314616606, -0.3468031614511226, 0.2494551131498039, 0.10645670362674875] - [0.08003988932458563, 0.03628232544303668, -0.05025004279481251, -0.06607188944017979] - [-0.04245277904057965, 0.23083193569508018, -0.0405312022320683, -0.14784779427274816] - [0.06813484048252233, -0.29346778427580117, 0.14177130755977596, 0.08356192963510665]
B1: -9.551782171529926e-09 - 2.555938330234925e-08 - 4.521493668644013e-10 - 1.1289861873424662e-08
B2: -6.403106170899187e-09 - 2.782705915223262e-09 - 6.036704564822649e-09 - 2.492793744615998e-08
