Number: 7992
Error: 1.0019111603900011e-15
A1: [0.080431713144676, -0.18046778229368937, -0.019588828547279568, 0.11962500019500806] - [0.03741553445463979, 0.13359634067031828, -0.13472623164662287, -0.03628587061127496] - [-0.0017028333823549426, 0.22819010213750826, -0.12282839699372701, -0.10365892459018845] - [0.03886325560608524, -0.11448099743489505, -0.04641642023230598, 0.12203424911673605]
A2: [0.03530746939786694, -0.02927344938753442, -0.0756973249106491, 0.06966343530841311] - [0.10289367475694541, 0.28289662470711924, -0.39260646967419993, 0.006815916511149064] - [-0.011187149241966616, 0.5390145411423646, -0.35945106211011674, -0.16837651646259383] - [0.0978627759427402, 0.0174632929236537, -0.16885103285174813, 0.05352485375256542]
B1: 1.6993288834138874e-08 - -7.776098421727266e-10 - -7.698590986865787e-09 - 8.103810386350544e-09
B2: -2.6196530743649527e-08 - 4.5780942012432656e-08 - -4.028802097326523e-10 - -2.0351859292969874e-08
