Number: 2906
Error: 3.250971857146829e-08
A1: [0.0637702897615903, -0.04753749085101349, -0.023110402301639542, 0.008188093515219205] - [0.04340197489898361, 0.19101970901955695, -0.14283206043151853, -0.09279795652851963] - [-0.12306982465857509, 0.4152338271917763, -0.10448340777193095, -0.1866996748777528] - [0.037205414265219394, 0.01936795012713057, -0.03293255108374098, -0.02285355037851454]
A2: [0.0628837209133288, -0.1742418792915586, 0.0857651483102581, 0.023403888547732187] - [0.029310060135467074, 0.20031853730622057, -0.10169015293880364, -0.1278535125033366] - [-0.09374180304432239, 0.5133561343283672, -0.22593851640133752, -0.1954195080032286] - [-0.025762036653032498, 0.0186844503116875, -0.050122019163334114, 0.05713827572121712]
B1: 0.00018646792449978483 - -1.7133846108023204e-05 - 0.00030973737799691755 - 1.7712565174589064e-06
B2: 0.00011366903043373507 - -0.00011413768667931169 - -4.3270803544826094e-05 - -3.305267057058568e-05
