Number: 8004
Error: 8.217938962587137e-16
A1: [0.08043171075158173, -0.18046778468651137, -0.019588830937511216, 0.11962499780218781] - [0.03741558661385531, 0.13359639279005614, -0.1347261795913358, -0.03628581848095269] - [-0.001702804689373686, 0.22819013082987866, -0.12282836834275578, -0.1036588959048641] - [0.03886325515943744, -0.11448099788028838, -0.046416420678668135, 0.12203424867036644]
A2: [0.03530743144968181, -0.029273487440675438, -0.07569736099135466, 0.06966339559157901] - [0.10289369462440728, 0.2828966447431938, -0.39260645045863735, 0.006815937315263791] - [-0.011187093060523562, 0.5390145976588943, -0.35945100893307674, -0.16837645726233785] - [0.09786277656489017, 0.017463293548632193, -0.16885103225950124, 0.05352485440561932]
B1: -9.66648133858713e-09 - 1.5752101681896814e-08 - -3.3801725377813565e-10 - 6.375676684960015e-09
B2: 4.887641956463672e-08 - -6.870842773255406e-08 - 7.049246321890537e-09 - 4.0103419825466876e-08
