Number: 9093
Error: 3.731167486225176e-05
A1: [0.07576852419784227, -0.12684669381487315, -0.005058052276922625, 0.14292467696264965] - [0.029712237621429702, 0.15446914837187448, -0.09065741017307068, 0.000502513415355333] - [-0.03539014531648398, 0.20288051429778622, -0.14543584733380657, -0.10043912391180881] - [0.04934581047680718, -0.07866118233756796, -0.027359376464884365, 0.14363505521105194]
A2: [0.039329946848664185, -0.12259054099217825, -0.1687454855515326, 0.057185081663175735] - [0.040787205325168725, 0.18081033774864821, -0.46970630853857476, -0.02335246566644954] - [0.04891948273438622, 0.47564396255961555, -0.3667590757031286, -0.10913247158483938] - [0.1321820011426758, -0.05599011377881646, -0.21344987939893242, 0.09099948047295207]
B1: -0.0059345115512656355 - 0.012611440739441846 - -0.003549914398348982 - 0.0027208058963887763
B2: 0.0007101965239517628 - -0.0023714590803136735 - 0.008618789594079003 - 0.0011311596276208456
