Number: 1752
Error: 2.009220097409505e-07
A1: [-0.00617202028865703, -0.013981393874960184, 0.004077154121137296, 0.020473010405635626] - [0.06610483508419268, 0.18919346895889727, -0.14748718604351113, -0.11066343881506807] - [-0.11277368080824016, 0.44158676931407326, -0.07102473568653105, -0.25829654062511287] - [-0.023949830943628136, 0.014769876338487677, -0.030567246330705896, 0.03830310186547583]
A2: [0.13111645341588032, -0.22507228558762685, 0.02221199644862949, 0.06970713617980567] - [0.031876319135668275, 0.20299440905624264, -0.1156544528447339, -0.12220640947433209] - [-0.09583010809277219, 0.5543990660961932, -0.23633541878783626, -0.22676363052474932] - [-0.02090978376909623, -0.019356558845621232, 0.0080223233197983, 0.03208872609235658]
B1: 0.00023159341506936472 - -0.0004926274007418236 - 0.0004941482302625291 - 0.00011821274652131121
B2: -0.0006030241929946871 - 0.0002389273203954839 - -0.0004980396872158969 - -0.00041595968348384367
