Number: 5415
Error: 1.2423775696499155e-15
A1: [0.0662131838565664, -0.11395207758309503, -0.023983948106986955, 0.0717228703208136] - [0.037402537252608684, 0.1881932978973508, -0.1474090203874357, -0.07818708379262516] - [-0.06022943315358728, 0.3289507407433343, -0.12775317018557186, -0.1409683823856081] - [0.03904610825988707, -0.05332273435799612, -0.037418639615131505, 0.051695071595189865]
A2: [-0.009108677716276922, -0.3468032935999456, 0.24945498757146142, 0.10645657302221953] - [0.08003981305629294, 0.036282243280358416, -0.05025012615130137, -0.06607197350475465] - [-0.04245294037639582, 0.23083175763550684, -0.040531375125822326, -0.14784797270340366] - [0.06813459912602282, -0.2934680500188611, 0.14177104590638875, 0.08356165903111505]
B1: 6.311533496190314e-08 - 3.531325999030354e-08 - -3.095158757796413e-09 - -2.001014874879441e-08
B2: -7.864037909775843e-09 - -1.9350661381456325e-08 - 1.7016597799356744e-07 - -2.001147987676113e-08
