Number: 8950
Error: 0.007866792841508884
A1: [0.02983366564411131, -0.23587036440498924, -0.06787289095942436, 0.07453344690010705] - [-0.013916121438487153, 0.08680927544277756, -0.1620155954096258, -0.06525300478381768] - [-0.0029672634274786162, 0.2228369075743902, -0.12876862823869364, -0.107130298639431] - [-0.047168729035338086, -0.21401872663398125, -0.14084872272210022, 0.028879121208878776]
A2: [0.18059903277387218, 0.12869806370702852, 0.050282826523404434, 0.23365847026433575] - [0.2129720769155867, 0.3909030163888478, -0.29130944743333276, 0.13760195711260323] - [0.14228585713504074, 0.6704765558155936, -0.2077261762178074, 0.006642736554405924] - [0.25849374966504846, 0.161989816122033, -0.010145260143921433, 0.2389879181074854]
B1: 0.09640058977878485 - 0.09425876577782638 - 0.10033026614422151 - 0.09916260089925474
B2: 0.02387144860541761 - 0.030758459212390912 - 0.009287981323745018 - 0.050035555928999664
