Number: 9622
Error: 3.858285189965652e-14
A1: [0.05317310557538094, -0.14800071534039638, -0.026998492500366938, 0.12182837768426777] - [0.005313888725436505, 0.130836863351828, -0.11360057489230947, -0.02254959422864275] - [-0.01444452589702376, 0.2230915714905717, -0.127041228879106, -0.08160598233547721] - [0.027146783623109166, -0.10001971451407587, -0.04942418419215305, 0.12229844475178349]
A2: [0.08925379089842202, -0.07291403915978352, -0.12362807609517787, 0.10728570440382859] - [0.10884278355791123, 0.24981523605511136, -0.404844255667245, 0.04619055259358123] - [0.03663646571463987, 0.4625556504258968, -0.37771692927574996, -0.12147272818928109] - [0.14342768342945142, -0.04460537775249666, -0.20149831474164415, 0.1026811312699344]
B1: 5.3174339080220805e-08 - -2.4615745427787546e-08 - -1.3498455395605787e-08 - -4.884614532829524e-07
B2: 3.954741527718277e-08 - -6.008354688426753e-08 - 1.5948977683666141e-09 - -2.5971020566935857e-07
