Number: 4668
Error: 1.2042727132378002e-15
A1: [0.06621314948676214, -0.1139521111849525, -0.02398398244987978, 0.07172283600863287] - [0.03740255408053608, 0.18819331397517533, -0.14740900384439581, -0.07818706724811057] - [-0.06022948810080132, 0.3289506879698286, -0.12775322395381628, -0.14096843586475225] - [0.0390461965308871, -0.05332265057460828, -0.037418554216078745, 0.05169515630088762]
A2: [-0.009108588711885449, -0.3468031991807463, 0.24945507729626215, 0.10645666633802524] - [0.08003971327113447, 0.036282135783121616, -0.05025023521112783, -0.0660720834903287] - [-0.04245280966035351, 0.2308319019012502, -0.040531235045421686, -0.14784782813699698] - [0.06813488626350035, -0.2934677338690045, 0.14177135719066347, 0.08356198096398759]
B1: -8.239016049838545e-09 - -4.1678155866201254e-08 - 2.3815743024684006e-09 - 4.13975398420426e-08
B2: 1.839621393032791e-08 - 1.429956145442059e-08 - -6.23071865694053e-08 - 2.2208037841225393e-08
