Number: 8564
Error: 1.0763794258091252e-15
A1: [0.08043166084252716, -0.18046783458988086, -0.01958888078690121, 0.11962494789884709] - [0.0374155146959092, 0.13359632092660026, -0.13472625136581465, -0.036285890358961626] - [-0.001702788295787035, 0.22819014722310385, -0.1228283519731846, -0.10365887951565321] - [0.0388632192921118, -0.11448103364687667, -0.0464164565231264, 0.12203421282538485]
A2: [0.03530729583549523, -0.029273623429916844, -0.07569748993196375, 0.06966325365695378] - [0.10289370833023453, 0.28289665856537766, -0.3926064372025263, 0.0068159516672638195] - [-0.011187157556587751, 0.5390145327781706, -0.3594510699802008, -0.1683765252238733] - [0.09786272073595301, 0.017463237465745924, -0.1688510854051991, 0.053524795803568614]
B1: -2.017827324214671e-08 - 1.59234289468139e-08 - -3.126914303638542e-09 - 5.28654151878072e-09
B2: 7.534593247051288e-09 - -5.8462012034593356e-08 - 3.1481217221582134e-09 - 4.809702918686137e-09
