Number: 8094
Error: 9.218532641159823e-16
A1: [0.08043173233026488, -0.180467763110271, -0.019588809384637557, 0.1196250193784045] - [0.03741551599582878, 0.1335963222254784, -0.1347262500686435, -0.036285889059855504] - [-0.001702806477496115, 0.22819012904179378, -0.1228283701282624, -0.10365889769251012] - [0.038863235286613285, -0.11448101769733944, -0.04641644053883439, 0.1220342288098935]
A2: [0.03530751619254573, -0.029273402463446615, -0.07569728041878779, 0.06966348428403195] - [0.102893735997973, 0.2828966864678951, -0.392606410442635, 0.006815980639389145] - [-0.011187140619005512, 0.5390145498167612, -0.35945105394829097, -0.16837650737628296] - [0.09786280298760257, 0.01746332009152422, -0.16885100710675416, 0.05352488214082401]
B1: 2.844657146006223e-08 - 4.580809556867507e-09 - -1.842839984576522e-08 - -3.4200168348982394e-09
B2: 3.853858058058496e-08 - -4.610699691427245e-08 - 1.2717529608719196e-08 - 9.858191443119227e-09
