Number: 6879
Error: 9.392561346097912e-16
A1: [0.08043165725058533, -0.18046783818143997, -0.01958888437453541, 0.11962494430730138] - [0.03741556309952528, 0.13359636929351992, -0.13472620305886956, -0.03628584198227822] - [-0.0017028400700445426, 0.22819009544996383, -0.12282840367162925, -0.10365893127609922] - [0.038863205586928004, -0.1144810473136705, -0.046416470219593886, 0.12203419912866595]
A2: [0.03530748135639539, -0.029273437395942063, -0.07569731354069074, 0.06966344782437721] - [0.10289377847497388, 0.282896729305389, -0.39260636935945115, 0.00681602511901261] - [-0.011187126045467578, 0.5390145644772415, -0.3594510401540599, -0.16837649201970342] - [0.09786282478405536, 0.017463341987136335, -0.1688509863579474, 0.05352490502001468]
B1: 9.354414389767182e-09 - 1.1217375196491898e-08 - -1.1415961886229966e-08 - 5.986372643829253e-09
B2: 3.709206262556776e-09 - 7.021600514009652e-09 - 3.830001216481031e-09 - 6.2025162982851295e-09
