Number: 5355
Error: 2.144029325550353e-15
A1: [0.06621315466846389, -0.1139521061189975, -0.023983977272206598, 0.07172284118166417] - [0.03740254832205738, 0.18819330847344506, -0.1474090095053245, -0.07818707290954935] - [-0.060229282379570176, 0.3289508855537535, -0.1277530226470931, -0.1409682356406582] - [0.03904591184494594, -0.05332292078797771, -0.03741882964029332, 0.051694883112925215]
A2: [-0.009108163618649082, -0.3468027482245235, 0.24945550582856318, 0.10645711202410017] - [0.08003977010343762, 0.03628219700786406, -0.05025017309649859, -0.06607202084831497] - [-0.042452760294122135, 0.23083195638462659, -0.04053118214279426, -0.1478477735400539] - [0.06813480981111877, -0.2934678180464024, 0.14177127430885034, 0.08356189524681108]
B1: 5.588721479354202e-08 - 4.732900603817049e-08 - -7.555411633671665e-08 - -8.50849390317637e-08
B2: 2.3047778189808352e-08 - 2.8128545505255283e-08 - 5.6794042762214316e-08 - -8.160369598378597e-08
