Number: 7764
Error: 8.603048395813869e-16
A1: [0.08043171165867848, -0.18046778377951694, -0.01958883003149046, 0.1196249987091846] - [0.03741557881821746, 0.13359638500031018, -0.13472618737148082, -0.03628582627228869] - [-0.0017027980048039807, 0.22819013751430578, -0.12282836166797213, -0.10365888922207801] - [0.03886324985757289, -0.11448100316727639, -0.04641642597715392, 0.12203424337179705]
A2: [0.03530741746739737, -0.02927350146163634, -0.07569737428556071, 0.06966338095763192] - [0.10289369337549674, 0.2828966434836812, -0.39260645166656744, 0.006815936007470672] - [-0.01118710470114177, 0.5390145859488716, -0.3594510199511838, -0.16837646952844634] - [0.09786279229721463, 0.01746330935252862, -0.16885101728332472, 0.053524870919419036]
B1: -1.2874513154895115e-08 - -2.964557772792226e-08 - -1.0287417026442928e-08 - -1.1826854145223664e-08
B2: -3.541568950401625e-08 - 3.745762773212704e-08 - -2.8799043267885663e-08 - -2.8718000421154647e-08
