Number: 8877
Error: 0.00013003971088881264
A1: [0.09658311473813413, -0.1633468141609621, -0.0037095819689784842, 0.13644717937025877] - [0.05602018304109665, 0.15336679001161782, -0.11512516822358865, -0.017234127612732797] - [0.011441792601766518, 0.24194280803638551, -0.10903370818759242, -0.09023263711032276] - [0.06022329381467454, -0.0919989783675515, -0.025558644293204882, 0.1441564945463939]
A2: [0.011678470685931794, -0.05296693177072741, -0.0982002526740353, 0.04466590395520587] - [0.10394306548813904, 0.2840572602381853, -0.39064065574221046, 0.007775807182166791] - [0.005021344018665764, 0.5539854191354956, -0.34453460293046856, -0.15100990325823246] - [0.11289609068918838, 0.03285661630329912, -0.15405279419862483, 0.06937052223253497]
B1: -0.004216371367212486 - -0.0023178101673338386 - -0.0036027086230642656 - -0.005905837993110806
B2: 0.009316137259172786 - 0.01038453353361438 - -0.00038731190077841496 - 0.0065588049473503645
