Number: 3316
Error: 3.08551866212577e-06
A1: [0.05546377244955195, -0.12453085333289689, -0.03495285363609198, 0.0608421955086462] - [0.03487159511516781, 0.18568198366276162, -0.149891325869163, -0.08066087730942736] - [-0.05353290218335408, 0.3355147884509712, -0.1209163313609022, -0.1342599696608052] - [0.036730079756831, -0.05548002765631169, -0.039778504168678355, 0.04938312055058665]
A2: [-0.010971671226484122, -0.3487539482569682, 0.2478502189164567, 0.10462438147413464] - [0.08943905687762867, 0.04647897176692377, -0.0400269943710904, -0.05571945446836876] - [-0.057943740633962376, 0.21337503146613973, -0.05737480170238974, -0.16518561149605598] - [0.05774729845163859, -0.30516642160681506, 0.13036979212203575, 0.07178809472721125]
B1: 0.0017062920714468533 - 0.002762363916805894 - 0.0013590173010647423 - 0.0005926823510823092
B2: -0.004448545921963769 - 0.005962264865042944 - 0.004937069875602722 - -0.0003154806887746333
