Number: 6598
Error: 7.819545356932205e-16
A1: [0.08043168173998191, -0.18046781369481754, -0.019588859914420144, 0.1196249687939013] - [0.037415596500712626, 0.13359640266942704, -0.13472616972423412, -0.03628580859959261] - [-0.0017028384975028943, 0.22819009702247456, -0.12282840210139065, -0.1036589297039775] - [0.03886324401564144, -0.11448100899280379, -0.04641643181536635, 0.12203423753349615]
A2: [0.035307435839612746, -0.029273483038617692, -0.07569735681746628, 0.0696634001861258] - [0.10289374186349462, 0.28289669238318366, -0.3926064047695929, 0.006815986781440799] - [-0.011187100122828367, 0.539014590554504, -0.35945101561772697, -0.16837646470410128] - [0.09786280330036633, 0.01746332040572691, -0.16885100680902998, 0.05352488246913699]
B1: 2.7510616081906364e-09 - 1.1396862354556757e-09 - 3.4378487015991846e-09 - 3.429486888842219e-09
B2: 1.4021979183929227e-09 - 8.86972483398259e-09 - -1.0521735593057713e-08 - 1.2156393699775425e-08
