Number: 2603
Error: 1.8946425357182315e-08
A1: [0.06366581334805348, -0.04763693112308553, -0.023211857638639092, 0.008087274556601083] - [0.04385688793280994, 0.19145914828918523, -0.14236345909988224, -0.0922977915815138] - [-0.12330412075518075, 0.4150109998997231, -0.10470781275375558, -0.1869217882840334] - [0.03779263546640446, 0.019964762624371697, -0.032339478238903034, -0.02226233188283791]
A2: [0.06393178454516861, -0.1732023790787133, 0.08681884423771126, 0.02444357626201774] - [0.02921172979436541, 0.20022132983536395, -0.10178829381022408, -0.12794990944250517] - [-0.09304623253004449, 0.5140383745409919, -0.225243602439236, -0.1947463936872785] - [-0.025030688886696368, 0.019415523137395693, -0.049395351132611336, 0.057847691595161364]
B1: 2.066368164284269e-05 - -8.812022266789559e-05 - -5.9493842748049684e-05 - -3.240446147067153e-05
B2: -0.00019450488553292977 - 6.520546313457036e-05 - -4.9975758022705215e-06 - -0.0002953871334237326
