Number: 7187
Error: 9.419396652845764e-16
A1: [0.08043170605317237, -0.18046778938438118, -0.019588835630301178, 0.11962499310431413] - [0.0374156091911979, 0.13359641535030886, -0.13472615705903357, -0.03628579591613748] - [-0.0017028294598383604, 0.22819010605995163, -0.12282839307694568, -0.10365892066871757] - [0.03886325810535334, -0.11448099494263536, -0.04641641773463991, 0.12203425161444689]
A2: [0.0353074742965465, -0.02927344447531711, -0.07569732025310046, 0.06966344043546753] - [0.10289373429106202, 0.28289668474648866, -0.3926064120935482, 0.006815978852007051] - [-0.011187144948130681, 0.5390145454618269, -0.3594510580458494, -0.16837651193809633] - [0.0978627999232215, 0.017463317013219137, -0.16885101002385347, 0.05352487892423191]
B1: 1.9435696911599362e-08 - -1.0056239196347466e-08 - -6.2129000774220005e-09 - 6.921745878302489e-09
B2: 6.025238923390894e-09 - 5.436196050282787e-09 - -1.3534078226597904e-08 - 1.0223067867552871e-08
