Number: 8581
Error: 1.0571223232870224e-15
A1: [0.0804316967329761, -0.18046779870349655, -0.019588844939366704, 0.11962498378519723] - [0.03741554044614526, 0.13359634665734718, -0.13472622566688583, -0.03628586462298883] - [-0.0017028038194159406, 0.22819013169980903, -0.12282836747408388, -0.10365889503513737] - [0.038863242793093784, -0.11448101021184526, -0.04641643303711982, 0.12203423631176154]
A2: [0.03530752054931138, -0.029273398094611817, -0.07569727627633695, 0.06966348884371727] - [0.10289366115651061, 0.2828966109913018, -0.39260648282839544, 0.0068159022695697775] - [-0.011187077030861818, 0.5390146137841713, -0.359450993760634, -0.16837644037134267] - [0.097862790436442, 0.01746330748325967, -0.16885101905467828, 0.05352486896620097]
B1: 2.1290686896118385e-08 - -7.134361167112075e-09 - -1.1589670312264444e-08 - -6.103311544868483e-10
B2: 1.3449214322138156e-08 - -7.726547817171105e-09 - 5.115597089558738e-08 - 1.841479599055627e-08
