Number: 3730
Error: 1.0809074749594223e-15
A1: [0.06621308541152772, -0.11395217382829433, -0.023984046474818423, 0.07172277204095562] - [0.03740259897174435, 0.18819335686566688, -0.14740895971291476, -0.07818702311269188] - [-0.06022931284099959, 0.3289508562973243, -0.1277530524548609, -0.14096826528841164] - [0.039045993794104485, -0.05332284300475904, -0.037418750357147645, 0.051694961752493544]
A2: [-0.009108337182100737, -0.34680293234676957, 0.24945533086143934, 0.10645693005351081] - [0.08003983543652765, 0.03628226739018172, -0.050250101691425984, -0.06607194883684095] - [-0.04245271320379592, 0.2308320083568457, -0.04053113167876589, -0.14784772145961478] - [0.0681349646371204, -0.29346764757577753, 0.1417714421559068, 0.0835620688358134]
B1: -1.6369180030388647e-08 - 2.575625845370668e-08 - -5.636890239644129e-08 - 2.0144670851808704e-08
B2: -1.6592371639881683e-08 - 3.477105624976877e-08 - 2.1459985667175186e-08 - -2.3270278783346332e-08
