Number: 9069
Error: 0.00026888518179449315
A1: [0.05520230866452915, -0.15006625563166673, -0.026110692344167755, 0.12193324689240481] - [0.014797540944943318, 0.13761766457320518, -0.1066383560501002, -0.015196583771940164] - [-0.02863183533590802, 0.21306871673797764, -0.13442516297808751, -0.090932524628867] - [0.0354826222525931, -0.09217599181266921, -0.0397408239814607, 0.1304984293278069]
A2: [0.2428998372981289, 0.08030081246465486, 0.03367515693812661, 0.2644947121583458] - [0.22046466019125205, 0.3586268828849664, -0.2980931023090274, 0.1571932263396964] - [0.08655131660415638, 0.5129793086406821, -0.3332192389103132, -0.07245914996939509] - [0.24455432623180992, 0.05575881473539643, -0.10570003265809193, 0.20465580289189741]
B1: 0.024954173550571074 - -0.015000931461943244 - -0.005662866829956568 - 0.0022856510271058103
B2: 0.009965841521348618 - 0.015400345563654534 - 0.019502329900885806 - 0.015199085403812755
