Number: 8314
Error: 1.2321969073390418e-15
A1: [0.08043164074418317, -0.18046785468600224, -0.019588900861262293, 0.11962492780274019] - [0.037415635347449294, 0.1335964414868132, -0.13472613095474079, -0.036285769774271844] - [-0.0017028280684413118, 0.2281901074513037, -0.12282839168760334, -0.1036589192776975] - [0.03886317997445695, -0.1144810728542794, -0.046416495815772375, 0.12203417353208781]
A2: [0.03530733542571809, -0.029273583730172026, -0.07569745228991942, 0.06966329509230869] - [0.10289362283500587, 0.2828965723445401, -0.3926065198924832, 0.006815862141398117] - [-0.011187069599249469, 0.5390146212600696, -0.3594509867264267, -0.16837643254043486] - [0.0978629516324706, 0.017463469412478092, -0.1688508656061805, 0.05352503816921669]
B1: -1.6733925618531296e-08 - -2.874765640745379e-08 - 2.1903708048457e-08 - 5.3128615286296374e-08
B2: -7.280127460683279e-09 - 5.863648028270171e-08 - -4.917216515206907e-10 - -4.815475979265141e-09
