Number: 6241
Error: 1.1019853530750295e-15
A1: [0.0804316535746649, -0.18046784185694068, -0.019588888046058697, 0.11962494063180378] - [0.0374155578559722, 0.13359636405393882, -0.13472620829197396, -0.036285847222923044] - [-0.0017028291022136276, 0.22819010641756649, -0.12282839271985828, -0.10365892031119323] - [0.03886321478705894, -0.11448103813935681, -0.04641646102532522, 0.12203420832308241]
A2: [0.03530743736447564, -0.02927348150953969, -0.07569735536764097, 0.06966340178205804] - [0.10289371460314098, 0.2828966648914668, -0.39260643113544424, 0.006815958235851681] - [-0.011187141453912853, 0.5390145489768959, -0.35945105473847133, -0.16837650825614428] - [0.0978627854228439, 0.017463302446884193, -0.16885102382726236, 0.05352486370354362]
B1: 2.8673426589585474e-09 - -1.0689273793211574e-08 - -8.321006438529046e-09 - -6.766839632927462e-09
B2: -1.35703452524713e-08 - -1.4201346729652836e-08 - 4.244868036615066e-09 - -3.6998587057154963e-09
