Number: 6155
Error: 1.0245070782652656e-15
A1: [0.08043161377814, -0.1804678816489583, -0.01958892779499876, 0.11962490083982437] - [0.03741552574218223, 0.13359633196445425, -0.13472624034177655, -0.036285879318923214] - [-0.0017028961960966875, 0.2281900393251148, -0.12282845971550395, -0.10365898738717251] - [0.03886313330930018, -0.1144811193884558, -0.04641654245116508, 0.12203412689596163]
A2: [0.03530747160897035, -0.029273447170327368, -0.07569732280843727, 0.06966343762265986] - [0.10289380673481995, 0.2828967578050834, -0.39260634202691275, 0.006816054711225961] - [-0.01118706182785406, 0.5390146290778972, -0.35945097937072995, -0.168376424351335] - [0.09786281364603426, 0.01746333079845396, -0.16885099696062897, 0.05352489332872394]
B1: -6.97186212902851e-09 - 1.8937031825737705e-08 - -1.847246831614616e-08 - -6.169472596838831e-09
B2: 2.8672046472206596e-08 - 2.417682036176528e-08 - -6.813368800231767e-08 - 3.781453002921916e-09
