Number: 6816
Error: 7.145289979806653e-16
A1: [0.08043168481591347, -0.18046781061923323, -0.019588856842167636, 0.11962497186948116] - [0.037415582435972504, 0.13359638861533332, -0.134726183760951, -0.036285822656542184] - [-0.0017028415875500176, 0.22819009393249182, -0.12282840518691286, -0.10365893279319949] - [0.038863223877324674, -0.11448102907460271, -0.04641645194085225, 0.12203421740769495]
A2: [0.03530748461696755, -0.02927343412635223, -0.07569731044058471, 0.06966345123692194] - [0.10289374686193382, 0.2828966974240444, -0.3926063999351698, 0.006815992015537047] - [-0.011187068790955372, 0.5390146220732542, -0.3594509859614227, -0.16837643168861804] - [0.09786284040044933, 0.017463357674563855, -0.16885097149215336, 0.05352492141214636]
B1: -1.8479763909393417e-08 - -1.1517447368866116e-08 - -1.8970741223772402e-08 - -1.6974735403924975e-08
B2: -1.428444811262053e-08 - -1.9883902956369958e-08 - -2.0809780808631582e-08 - -1.874913519715779e-08
