Number: 1435
Error: 1.5169614989093587e-10
A1: [-0.00719871419331807, -0.015005071193585882, 0.0029855363465841334, 0.01944327029458706] - [0.06677194538858228, 0.18983171180382746, -0.14679174120575605, -0.10992330906908698] - [-0.11261662295329836, 0.4417545822249287, -0.07082207836996499, -0.2581337282106967] - [-0.023446709390367478, 0.01526809854789464, -0.030013693316927152, 0.03882984878082336]
A2: [0.13160579773346517, -0.22460909256427855, 0.022685918919688842, 0.07017978921271477] - [0.032680169157982365, 0.20378261899182132, -0.11485450716793442, -0.12142427141462277] - [-0.09468959906018579, 0.555474153666866, -0.23526808677704483, -0.22570081021456143] - [-0.02082212992945694, -0.019270604455260694, 0.008123271505554037, 0.03218672326443554]
B1: -5.608012815291752e-06 - 2.6312747869452386e-05 - -8.183154210610992e-06 - 1.5826440816909987e-05
B2: 2.1239933398549388e-05 - -2.9419365922803005e-05 - 4.459757338887018e-05 - -2.7025054165677548e-05
