Number: 1984
Error: 0.0004807438804058686
A1: [0.05430004444271436, 0.047323214433904325, 0.06656667253514979, 0.08294500060324003] - [0.10134511735830658, 0.22309409412291253, -0.11077495590864953, -0.07127305957221813] - [-0.06289275299273475, 0.4902759054784225, -0.019616529863603113, -0.20424538879134418] - [-0.02482864251597624, 0.01339003801357969, -0.031237912032837954, 0.03785800511178439]
A2: [0.13718853880566903, -0.22008092101300775, 0.027246984609435303, 0.07428975653410988] - [0.04109895119999306, 0.2117168084186634, -0.10669474332045577, -0.1136900236604673] - [-0.09311830766536969, 0.5552765288611726, -0.2345186497659749, -0.2263609379071317] - [-0.018173631013953577, -0.01737813959431496, 0.01028743769554989, 0.033393637043195465]
B1: -0.003426413304219807 - -0.0055075350184765485 - -0.0011620666502905105 - -0.0020083544076017253
B2: 0.024272051033472082 - 0.008245911994146399 - 0.024046486149664814 - 0.006635754330269789
