Number: 3518
Error: 2.1451142908491653e-11
A1: [0.06620269112829791, -0.11396233670782754, -0.02399443381167533, 0.0717123958917243] - [0.03741267881043323, 0.1882029860545011, -0.1473990503773149, -0.07817711252795184] - [-0.06026650286992049, 0.3289151437967061, -0.12778944037262482, -0.14100446302448297] - [0.039028277889406486, -0.05333966201792297, -0.03743589238028541, 0.05167796200821849]
A2: [-0.009107151663481966, -0.34680167576731796, 0.2494565317783991, 0.10645817200398495] - [0.08006261243724115, 0.03630680622994766, -0.05022520958121156, -0.06604684324999587] - [-0.04245665558025732, 0.23082765683557205, -0.040535355043711335, -0.14785208325210952] - [0.06813334815345394, -0.2934694294867179, 0.14176969567428385, 0.08356025677497472]
B1: 3.5720832447258664e-06 - -1.5802123488141708e-05 - -4.646378111176792e-06 - 7.072059318030798e-06
B2: 5.096015704699248e-06 - -2.519811368718909e-06 - 5.031934878403754e-06 - -1.2800892948125211e-05
