Number: 8662
Error: 6.03671741759056e-15
A1: [0.08043167570539374, -0.18046781972870235, -0.019588865941806526, 0.11962496276001756] - [0.03741559296531694, 0.13359639913676405, -0.13472617325235112, -0.03628581213290904] - [-0.0017028010027077688, 0.22819013451646214, -0.12282836466149902, -0.10365889221917245] - [0.038863220653663606, -0.11448103228915053, -0.04641645516244083, 0.122034214186092]
A2: [0.035307246297571544, -0.029273673104856512, -0.07569753703216434, 0.06966320181032337] - [0.10289372178004565, 0.28289667212933073, -0.39260642419403025, 0.006815965751155611] - [-0.01118723157825613, 0.5390144583150047, -0.35945114004353773, -0.1683766032228412] - [0.09786265170521063, 0.01746316812101574, -0.1688511511181946, 0.05352472334397697]
B1: 8.17618615715986e-08 - 4.53203631979252e-08 - 7.08137054061721e-08 - 7.252613344066552e-08
B2: 3.171361725151664e-10 - 1.6914273499037507e-09 - 1.0708990631069824e-08 - -7.474120783764473e-10
