Number: 8660
Error: 6.737940521427521e-15
A1: [0.08043164730407636, -0.18046784812680178, -0.01958889430916472, 0.11962493436194416] - [0.037415571327673036, 0.133596377515498, -0.13472619484688236, -0.036285833758566866] - [-0.0017028157788603645, 0.22819011974062556, -0.1228283794160172, -0.10365890699138149] - [0.03886318456999051, -0.11448106827155978, -0.04641649122312118, 0.12203417812484524]
A2: [0.035307441974859174, -0.029273476886382835, -0.07569735098413388, 0.06966340660724706] - [0.1028937992442732, 0.28289675025097843, -0.39260634927153754, 0.006816046867361992] - [-0.011187070764097517, 0.539014620088298, -0.35945098782897417, -0.168376433767863] - [0.09786281965764847, 0.01746333683737036, -0.16885099123790961, 0.053524899638868674]
B1: 4.429464721733645e-08 - 4.509839546594989e-08 - 4.455343361933151e-08 - 4.2309129556990056e-08
B2: -4.441231412057426e-08 - -3.249677129405523e-08 - -1.7296417341140364e-08 - -4.595100476545316e-08
