Number: 2423
Error: 1.0309570246095733e-05
A1: [0.05286790404693885, -0.0586521708026112, -0.033817980311748895, -0.0026877333844153] - [0.037721562389224375, 0.18543607190886324, -0.14888448724300143, -0.09905555831463375] - [-0.10735978532620194, 0.4310250009981038, -0.08943542456556088, -0.1712620564049347] - [0.04084188506064267, 0.023375967541585906, -0.029239996249565515, -0.0190926728507027]
A2: [0.04852122923185669, -0.18838760797223594, 0.07176569680777585, 0.009558221056800415] - [0.022914754193684352, 0.1940565571080479, -0.10807202422920681, -0.13416240485270092] - [-0.08487250381830053, 0.5226736730739348, -0.21571823343765908, -0.1860852808542276] - [-0.03379358266452273, 0.01091076243374157, -0.05752468861423785, 0.049558970322229424]
B1: 0.001923027569839787 - -0.005576669478803573 - -0.007116448039005669 - 0.0004413787246563912
B2: 0.0042314443953139266 - -0.0029340542435423414 - -0.006250416165272185 - -0.0017351475929852063
