Number: 9965
Error: 1.0285199376219e-15
A1: [0.05317252534348131, -0.14800129578164462, -0.026999072090102966, 0.12182779717338424] - [0.005313760632965916, 0.13083673512743368, -0.11360070296241347, -0.02254972250255984] - [-0.014444531789370395, 0.22309156559657978, -0.12704123476585427, -0.08160598823138966] - [0.027146549897266354, -0.10001994823701349, -0.04942441840878929, 0.1222982104333433]
A2: [0.08925442510834357, -0.07291340641811025, -0.12362745617750119, 0.10728634643142868] - [0.10884156899173583, 0.2498140212758446, -0.4048454461752501, 0.04618931759208237] - [0.03663571782097824, 0.46255490642314234, -0.37771765895874887, -0.12147348384080371] - [0.14342627191746968, -0.04460678400398761, -0.20149969295717682, 0.10267969881841003]
B1: 2.3037738137605485e-08 - -1.8156493047504075e-08 - -1.1044045664686643e-08 - 6.885287493725105e-09
B2: 9.208498404381366e-09 - 9.054860363843933e-09 - 7.956737639611008e-09 - 1.1716609167697409e-08
