Number: 6997
Error: 1.0132635465133284e-15
A1: [0.08043169230313969, -0.18046780313285526, -0.019588849363889375, 0.11962497935585363] - [0.03741558922614373, 0.13359639540036455, -0.13472617698430633, -0.0362858158701317] - [-0.0017028102667171355, 0.22819012525265528, -0.1228283739119387, -0.10365890148072592] - [0.038863217616021864, -0.11448103531833476, -0.04641645819816544, 0.12203421115028348]
A2: [0.035307388081544926, -0.029273530928775812, -0.07569740222522887, 0.06966335020213212] - [0.1028937028866617, 0.28289665307555545, -0.39260644246747883, 0.006815945967011379] - [-0.011187013120938677, 0.5390146780753086, -0.35945093326853234, -0.16837637302719946] - [0.09786279342886448, 0.017463310489322127, -0.16885101620605927, 0.0535248721072722]
B1: -1.5949115096601844e-08 - -9.93654398996773e-09 - 3.070865339549765e-08 - -4.643873718868756e-09
B2: 4.84406987850302e-09 - -7.39420875910231e-10 - 5.505505745207406e-09 - -8.994296395974254e-09
