Number: 2541
Error: 1.685038465393739e-08
A1: [0.06418242207212797, -0.047121606670921835, -0.02269958949778909, 0.008599117136798378] - [0.04352667941246884, 0.19113913079345426, -0.14270594824385574, -0.09266379389950886] - [-0.12297253160409888, 0.41534032651165953, -0.10437477517598776, -0.18658992995682802] - [0.03779255225085792, 0.01996675257135672, -0.03233812545883784, -0.02226118312043619]
A2: [0.06437821398424093, -0.1727641267728383, 0.08726263039294295, 0.024885103021302254] - [0.028778322990223072, 0.1997944472314367, -0.10221980812243556, -0.1283740308896696] - [-0.09374500277988863, 0.5133523242117004, -0.22594549672223738, -0.19542263472070817] - [-0.026491023029763486, 0.01796325111871808, -0.050860356022410735, 0.056425682621842624]
B1: -0.00027730275529559104 - 0.00027679198276004346 - -0.0002627727950213157 - 6.26477739945339e-05
B2: 4.7754919506452205e-05 - -0.00024977186705753534 - -4.915756981425789e-05 - -8.745419063156248e-05
