Number: 8650
Error: 1.0849891397443754e-15
A1: [0.08043165471030014, -0.18046784072141311, -0.019588886911797308, 0.11962494176732301] - [0.03741555758444817, 0.1335963637826796, -0.1347262085627259, -0.03628584749417734] - [-0.0017028352436415256, 0.22819010027626158, -0.12282839885229992, -0.10365892645096754] - [0.03886319508362066, -0.1144810577874304, -0.046416480716191325, 0.12203418863194224]
A2: [0.03530730750252549, -0.029273611730617814, -0.07569747883909443, 0.0696632658677617] - [0.10289366821681573, 0.28289661811152816, -0.3926064759997564, 0.0068159096627361734] - [-0.011187241546502255, 0.5390144482873164, -0.3594511494787239, -0.16837661372670099] - [0.09786268956348271, 0.017463206151491033, -0.16885111507946762, 0.053524763082724726]
B1: 1.5661417949706044e-08 - -1.8590134519957052e-09 - 1.8536242475060082e-08 - 1.4148501427635518e-08
B2: 2.2355965977264637e-08 - 3.7550179884558e-08 - 4.75454032932347e-08 - 2.029492322574315e-08
