Number: 2237
Error: 0.0006480929908636692
A1: [0.10844012165892267, -0.00044221956126348164, 0.022704590537707757, 0.05237159760107779] - [0.0333285678443819, 0.1698301427048687, -0.17388159373076478, -0.12486929046954362] - [-0.08762237122921065, 0.4547461175664347, -0.0592756145266764, -0.15022885931264307] - [0.07260781723363526, 0.0657826892553079, 0.01945373999616859, 0.013420626769950953]
A2: [-0.0022330011594151253, -0.2601571380839062, 0.015009630970560739, -0.04491360112915251] - [0.12638498099611228, 0.2948383824004076, -0.0022242374172874247, -0.03479190141690708] - [-0.0242292387231633, 0.5959044132727795, -0.1486840511256896, -0.13184543087764186] - [0.059952884433977616, 0.11936122132663683, 0.040313564350267506, 0.15049962068519465]
B1: -0.03572267521190959 - -0.0003191271089602356 - -0.0033936980841836745 - 0.029803718308772965
B2: -0.02322116060741482 - -0.016424734909353606 - -0.019799334553185347 - -0.02072655008538315
