Number: 4586
Error: 7.32216343242535e-16
A1: [0.06621315001825438, -0.11395211066534744, -0.02398398191880592, 0.07172283653923081] - [0.037402528502636374, 0.1881932895372179, -0.14740902898943478, -0.07818709239538052] - [-0.06022936889527901, 0.32895080246028996, -0.12775310730626707, -0.14096831984456862] - [0.039046095958703064, -0.05332274603397455, -0.0374186515163323, 0.051695059790676325]
A2: [-0.009108531227684569, -0.34680313819903347, 0.2494551352456763, 0.1064567266070778] - [0.08003981632400557, 0.03628224680053764, -0.05025012258027426, -0.0660719699030984] - [-0.042452875491699155, 0.23083182924578635, -0.04053130559281752, -0.1478479009438792] - [0.06813490343980118, -0.2934677149571234, 0.1417713758114951, 0.08356200022183072]
B1: -2.7125705434656644e-08 - -2.232262468108405e-08 - -3.8188845668586484e-08 - 3.395214232319435e-08
B2: 7.654473704436263e-09 - -1.632336564115466e-08 - -3.6130468465340125e-08 - 2.777287872433803e-09
