Number: 2011
Error: 6.834928391785306e-05
A1: [-0.055340358605446976, -0.06473455188496116, -0.049863447530087396, -0.030238107017926952] - [0.06092371394251014, 0.18420865954969595, -0.15321776572594217, -0.11656505793194259] - [-0.13235556616982905, 0.4232158629552695, -0.0925647405496613, -0.27874390177876757] - [-0.060679179928060274, -0.021001014859829966, -0.06857286561915034, 0.000927585312836808]
A2: [0.14000017538467763, -0.21781399473143553, 0.03274462493749684, 0.07933999372277711] - [0.02751915442065393, 0.1974903991897262, -0.1202779643347215, -0.12704821823782783] - [-0.08661266647594336, 0.5610704077795783, -0.22626564532687035, -0.21818629319730837] - [0.01080078005127039, 0.00925354778165664, 0.03973287295232977, 0.06254567048580911]
B1: 0.00272306579499724 - 0.008890793811473787 - -0.005603099769647897 - 0.00408092131933455
B2: 0.008522354617022821 - 0.02321845500928183 - -0.000925770397447026 - 0.003511003267319887
