Number: 8748
Error: 5.8052285890678e-10
A1: [0.08043417048112877, -0.1804653252112866, -0.01958637423608084, 0.11962745722082362] - [0.0374150920816574, 0.1335958986409391, -0.13472667319276213, -0.03628631276301626] - [-0.0016969750620091453, 0.22819596028626488, -0.12282254738495822, -0.10365306787502411] - [0.038868916738803785, -0.11447535219526558, -0.04641076283223104, 0.12203990668991524]
A2: [0.03531094385770304, -0.029269965236406955, -0.07569402145040005, 0.06966707169650635] - [0.10289851268184062, 0.28290150381598705, -0.3926017904800944, 0.006820982522618578] - [-0.01117179858443755, 0.5390299834579871, -0.3594365323761645, -0.16836034099077626] - [0.09786883446492753, 0.017469379086759444, -0.1688452655403452, 0.053531213212218653]
B1: 2.208455968950353e-05 - 1.5702384011224325e-05 - 1.528230263878903e-05 - 2.019283730386338e-05
B2: -7.008517847541684e-06 - 1.1589214728896116e-06 - -9.387025811297317e-06 - -6.335294526071466e-06
