Number: 9589
Error: 8.324265115144187e-15
A1: [0.05317261470980136, -0.14800120638673836, -0.026998982824875728, 0.12182788658310582] - [0.005313482934556296, 0.130836457133224, -0.11360098062282949, -0.022550000590972986] - [-0.014444459261777023, 0.22309163814860605, -0.12704116229742166, -0.08160591567706899] - [0.02714647581991617, -0.10002002231989424, -0.049424492645618545, 0.12229813616423722]
A2: [0.08925480551898203, -0.07291302688714238, -0.12362708433741076, 0.1072867315323706] - [0.1088410441871372, 0.24981349637748848, -0.40484596058732, 0.04618878395651169] - [0.03663582018860066, 0.4625550082583702, -0.3777175590844688, -0.12147338041202384] - [0.14342660404063884, -0.04460645312223455, -0.2014993686711728, 0.10268003586827264]
B1: -1.0458887111741162e-07 - 7.559649849898534e-08 - -1.4974679348020917e-07 - -1.0298797281377322e-07
B2: -1.0957715318648775e-08 - -7.757763635060937e-09 - -2.2582443647982002e-07 - -2.0729938641936284e-07
