Number: 4032
Error: 1.0755525101417303e-15
A1: [0.06621323098922158, -0.11395203150379363, -0.023983901011353333, 0.0717229173743419] - [0.03740259122008841, 0.18819334945950605, -0.14740896733336636, -0.07818703073383042] - [-0.060229291659593835, 0.3289508766408642, -0.1277530317279699, -0.1409682446729968] - [0.03904624224265944, -0.05332260718681282, -0.03741850999151872, 0.05169520016635489]
A2: [-0.009108624177424914, -0.3468032368041671, 0.2494550415439536, 0.10645662915443456] - [0.08003984655711589, 0.03628227937022786, -0.050250089537255245, -0.06607193657948797] - [-0.04245292243717418, 0.2308317774336977, -0.04053135590166744, -0.14784795286400362] - [0.06813481666983111, -0.2934678104944406, 0.14177128174485054, 0.08356190293687653]
B1: 3.0837440554037985e-08 - -7.752848169162916e-10 - -2.987507922599862e-08 - 2.4989952348806184e-08
B2: 1.7000921037586127e-08 - -9.44685212502839e-09 - 1.0338079602763629e-08 - 2.3922022943091474e-08
