Number: 4488
Error: 1.094127387351997e-15
A1: [0.06621317706201234, -0.11395208422592587, -0.023983954896265224, 0.07172286353762218] - [0.03740262498153093, 0.18819338171626496, -0.14740893414327225, -0.07818699754082138] - [-0.06022934016157583, 0.3289508300573944, -0.12775307918915577, -0.14096829187882953] - [0.03904618266007494, -0.053322663740256064, -0.037418567635620764, 0.05169514299034499]
A2: [-0.009108724457872806, -0.3468033431859104, 0.24945494045207617, 0.10645652401592096] - [0.08003983536216744, 0.03628226731008464, -0.05025010177267579, -0.06607194891878188] - [-0.04245270925934278, 0.2308320127099429, -0.0405311274518435, -0.14784771709733777] - [0.06813463986967548, -0.2934680051590167, 0.14177109007644356, 0.08356170471136234]
B1: 2.2040910479568412e-08 - 4.366692645806232e-09 - 3.4372685630232834e-08 - -5.5598423564463886e-08
B2: 1.3775609934232622e-10 - -3.0270768222699992e-09 - 2.9777813607141127e-08 - -1.719703459415407e-09
