Number: 2844
Error: 1.0682083537794548e-08
A1: [0.06301218879421487, -0.048292553613360954, -0.023861864795341647, 0.007436413169388852] - [0.043441069279580975, 0.19105772910816785, -0.1427916325838195, -0.09275448829018001] - [-0.12394899327655276, 0.41435843508705367, -0.10536555127878086, -0.18757801029373117] - [0.036240790850784424, 0.018403316610459765, -0.033894508013770835, -0.023810565838629314]
A2: [0.06299811146241559, -0.17412722136108164, 0.08588054624085933, 0.02351922240465304] - [0.02936749854306966, 0.20037510200986433, -0.1016328219979273, -0.12779706092887505] - [-0.09339921848701728, 0.5136923371936877, -0.22559525543626016, -0.19508757283494266] - [-0.026289105435009157, 0.018160622122495237, -0.05064930500135695, 0.05662504754533306]
B1: -1.3325283997330791e-05 - 0.00011799445781076351 - 4.581627467282047e-06 - 0.00013260501444363373
B2: 0.00011889345749790897 - -8.734226964810896e-06 - 9.525751362804605e-05 - 5.73749964133023e-05
