Number: 6767
Error: 8.731165572425764e-16
A1: [0.08043161238312019, -0.18046788304382352, -0.01958892918835252, 0.11962489944496053] - [0.037415538809152944, 0.1335963450215328, -0.13472622730084294, -0.036285866259195124] - [-0.001702869683905757, 0.22819006583673518, -0.122828433242131, -0.10365896088205691] - [0.03886317894288459, -0.11448107388293988, -0.04641649684665944, 0.12203417250118229]
A2: [0.035307446741296676, -0.02927347210678126, -0.07569734645228561, 0.06966341159592204] - [0.10289374128938789, 0.28289669180420485, -0.3926064053248629, 0.006815986180269078] - [-0.011187097820317583, 0.5390145928707453, -0.35945101343834196, -0.16837646227787365] - [0.09786281352048926, 0.017463330672336807, -0.16885099708013304, 0.05352489319693778]
B1: -1.6560239221551983e-08 - -1.885716214354101e-08 - -1.497099680754592e-08 - -1.723278956967586e-08
B2: -2.6114446113363033e-08 - -1.1450854516745932e-08 - -1.096552445620176e-08 - -1.0536117960373483e-08
