Number: 3468
Error: 8.337681365663458e-10
A1: [0.06605674117530036, -0.11410504667543764, -0.024140297782272675, 0.0715666774062986] - [0.037197977135952444, 0.18799785489619855, -0.1476100706586613, -0.07838819714912443] - [-0.06007353692887154, 0.3291004539442178, -0.12760056875680573, -0.14081669408122535] - [0.039041978775639814, -0.05332662270120628, -0.03742253034386093, 0.051691134293035276]
A2: [-0.009037510279339396, -0.3467277749787526, 0.2495267515795876, 0.1065312739870301] - [0.08016354476208941, 0.03641552838753003, -0.05011488272447929, -0.06593556134243905] - [-0.042400448794873105, 0.23088960441207132, -0.04047517704535964, -0.1477899870828135] - [0.06812782127096499, -0.29347551369837854, 0.1417637512701734, 0.08355409358664317]
B1: -6.167248889076189e-05 - -6.848371739724174e-06 - 7.0229028380316355e-06 - -8.309465867404838e-05
B2: -0.0001563149452834012 - 0.0001299273454726227 - 4.110622249793841e-05 - -8.109849410086427e-05
