Number: 3404
Error: 5.62410757610981e-08
A1: [0.06752636086386903, -0.11266853698079231, -0.02267266659659622, 0.07303436055217646] - [0.037515137715565965, 0.18830059497233576, -0.1472984787453834, -0.07807609618592946] - [-0.065993936935685, 0.3234094249127174, -0.13339973696190824, -0.14658927426688054] - [0.03731925543356238, -0.054959273126120284, -0.03908811972470106, 0.050035291415416]
A2: [-0.007748318557679674, -0.34536015529144276, 0.25082532033835636, 0.10788519385288113] - [0.08063456474915785, 0.036922416076223416, -0.0496033899217834, -0.0654205623319992] - [-0.04222205854638843, 0.2310859212576138, -0.0402867141717075, -0.14759571462909177] - [0.06751263654285022, -0.2941514239863602, 0.14110642344439017, 0.08287056857290313]
B1: 0.000373834909731141 - -0.0008825895455107406 - -0.0004190718598859114 - 0.00020213892940478247
B2: 3.6764776591125536e-05 - 0.00020452620555225232 - 0.00036389648712367956 - -0.000905757909347535
