Number: 5371
Error: 1.0228662090459308e-15
A1: [0.06621323768147008, -0.11395202496102452, -0.023983894324345983, 0.07172292405535519] - [0.03740266349647878, 0.18819341851486177, -0.14740889628000547, -0.07818695967421628] - [-0.06022969906576432, 0.3289504853490126, -0.12775343039189208, -0.14096864119248712] - [0.0390461052257621, -0.05332273723788887, -0.037418642550592414, 0.0516950686835529]
A2: [-0.00910860337829608, -0.34680321473925463, 0.24945506251095195, 0.10645665096135597] - [0.08003994958321889, 0.036282390358740375, -0.0502499769355664, -0.06607182302184454] - [-0.042452847554180495, 0.23083186007940915, -0.04053127565399602, -0.14784787004597597] - [0.06813476069476186, -0.29346787212543174, 0.14177122106201479, 0.08356184017856397]
B1: -2.5820057387149412e-08 - 3.0041775674103524e-08 - -4.817772838750479e-08 - -4.6428234236083474e-08
B2: 1.0102188029845043e-08 - -1.4168279911832838e-11 - -2.0833813435134695e-08 - -7.155756694261666e-08
