Number: 1666
Error: 9.290504429270663e-08
A1: [-0.005793784480350522, -0.013588151282530032, 0.004446095123554846, 0.020876295161332072] - [0.0676511161386972, 0.19067759908676984, -0.14588423216806634, -0.10894483548319471] - [-0.11113319585052905, 0.4431973871791486, -0.06927954026078187, -0.2565416992258775] - [-0.020919996981754157, 0.01774773749811894, -0.027435569031294793, 0.041491026801711066]
A2: [0.1324127783783862, -0.22381694640448455, 0.023468297042026083, 0.07096253541412592] - [0.032424567833360354, 0.2035312872901153, -0.11510906840267712, -0.12167370847590116] - [-0.09380404681866503, 0.5563488613600462, -0.23440241144981483, -0.22483330052601677] - [-0.019878530662228007, -0.01835139845797502, 0.009053246211396002, 0.033087820521244524]
B1: 0.00011401290245709224 - 0.0009857185138214288 - 0.00011542567648700473 - 9.170258605927298e-05
B2: 6.938652527525114e-05 - 0.0005040085642346346 - 0.0007339288383109699 - 8.238354559176968e-05
