Number: 7726
Error: 9.70269285255843e-16
A1: [0.08043164037215536, -0.18046785505796753, -0.019588901232776408, 0.11962492743080326] - [0.03741558416727136, 0.1335963903453152, -0.1347261820330857, -0.03628582092619816] - [-0.0017028596938665009, 0.228190075826558, -0.12282842326671269, -0.10365895089467721] - [0.03886318745659345, -0.11448106539313707, -0.04641648833837066, 0.12203418100960062]
A2: [0.03530738318145827, -0.029273535842403584, -0.07569740688422923, 0.06966334507371415] - [0.1028936642007784, 0.2828966140613588, -0.3926064798839874, 0.006815905457298892] - [-0.011187137412928368, 0.5390145530419793, -0.359451050913635, -0.16837650399795998] - [0.0978627677391973, 0.017463284682808927, -0.16885104066099024, 0.053524845141521456]
B1: 1.2771356798249406e-09 - -2.9527776377885256e-09 - -1.0569412378823645e-08 - -6.51842519867431e-09
B2: -9.09669722057415e-09 - 9.18703028893834e-09 - -1.7865230251400112e-09 - -9.165534906946573e-09
