Number: 2644
Error: 7.3584201184411715e-09
A1: [0.06360790706662212, -0.04769886433557759, -0.023270853282923318, 0.008029575467845801] - [0.04355227687125476, 0.19116416015627605, -0.14267749324507378, -0.0926327789704949] - [-0.12304030123061858, 0.4152692464545545, -0.10444495408560986, -0.18665847522254225] - [0.03763986903435581, 0.019807107521385182, -0.03249414172511913, -0.022415717917319763]
A2: [0.06327704405449987, -0.17385113048199374, 0.08616489695249384, 0.023797938332497267] - [0.028874667473584834, 0.19988959690548921, -0.10212426580899528, -0.12827964977296055] - [-0.09331454559237945, 0.5137762207345642, -0.22551249334831514, -0.19500506394953554] - [-0.025645536717842223, 0.018803194611968485, -0.05001032259399999, 0.05725175490128903]
B1: -0.00014067126358759368 - -4.1175942428332704e-05 - -7.830981012005311e-05 - 5.0699744574126635e-05
B2: 2.401594322530936e-05 - -0.000490695352962517 - 6.74172710150843e-05 - -9.963053190848562e-05
