Number: 3380
Error: 1.7968075434484356e-07
A1: [0.06545917483219396, -0.11468872752332009, -0.024738289039204865, 0.07097050378526631] - [0.03788206316097343, 0.18865105368272217, -0.1469382937488282, -0.07771613685935456] - [-0.05282839282223115, 0.33606538467818703, -0.12050853895318174, -0.1337700965031645] - [0.03609405006969992, -0.05612564230012663, -0.04027575269857739, 0.048858013255895984]
A2: [-0.007586867479743767, -0.3451858984126383, 0.25102605769025754, 0.10805160698128242] - [0.08068353808361066, 0.03697639064186071, -0.04954555334489472, -0.06536666905202784] - [-0.04120573577011574, 0.23220909950925087, -0.03918557447599202, -0.14647468569098077] - [0.06967974319906184, -0.29176297354053277, 0.14347273784093229, 0.0852960495447454]
B1: -3.53223163109348e-05 - -0.00031354939602461164 - -0.0001086631328390682 - -0.00010213375738704221
B2: 0.0002135235996887453 - 0.00019477546968422728 - 0.00011897121085726272 - -0.0007878412734971221
