Number: 4138
Error: 1.2175004663414651e-15
A1: [0.06621318508886544, -0.11395207637842157, -0.0239839468756882, 0.07172287155102183] - [0.0374026147938822, 0.18819337198266284, -0.14740894415851635, -0.0781870075569379] - [-0.06022941455473251, 0.3289507586068875, -0.12775315198589426, -0.14096836428409057] - [0.039046064456541775, -0.05332277593465875, -0.037418681993632644, 0.05169502956087265]
A2: [-0.009108525408923967, -0.34680313202620217, 0.24945514111159484, 0.10645673270783398] - [0.08003983737331256, 0.036282269476639394, -0.05025009957463112, -0.06607194670209238] - [-0.04245288536205652, 0.23083181835213298, -0.040531316170489946, -0.1478479118602894] - [0.06813484216674749, -0.2934677824212278, 0.14177130938596172, 0.08356193152362242]
B1: 2.3172959428015266e-08 - -1.1067356475331724e-08 - -3.88609549666837e-08 - 1.3711379163130695e-08
B2: 2.076973521493386e-08 - 2.2575358267240758e-08 - -2.2199629257492128e-08 - -2.7131000944103886e-08
