Number: 9615
Error: 1.436072077895553e-14
A1: [0.05317290843866261, -0.14800091255034412, -0.026998689420144134, 0.12182818045207217] - [0.005313863571529405, 0.13083683817135833, -0.11360060004244986, -0.022549619418178086] - [-0.014444433072864091, 0.22309166434861336, -0.12704113612844425, -0.08160588947832316] - [0.0271464524957895, -0.10002004564137194, -0.04942451601795543, 0.12229811278245457]
A2: [0.08925465682417603, -0.07291317523641232, -0.1236272296794315, 0.10728658100643251] - [0.10884074040757914, 0.249813192544228, -0.40484625834889537, 0.046188475066680355] - [0.03663542347254181, 0.46255461360694694, -0.3777179461389055, -0.12147378124110408] - [0.14342670347946834, -0.04460635405252615, -0.20149927157768552, 0.10268013678145983]
B1: 1.2443348770518802e-07 - -2.154369764173631e-07 - -1.3166305049592233e-07 - 4.000600356623073e-08
B2: 1.6417566355612326e-08 - -1.0177861645353838e-07 - -5.86452724694782e-08 - -1.2889270409862693e-07
