Number: 8026
Error: 9.59807142184962e-16
A1: [0.08043177141434366, -0.1804677240306188, -0.01958877034728281, 0.11962505845802138] - [0.03741551345961431, 0.133596319691181, -0.13472625259981746, -0.03628589159467051] - [-0.0017027930979757883, 0.22819014242102964, -0.12282835676832915, -0.10365888431655952] - [0.03886331116624107, -0.1144809420306585, -0.04641636470755194, 0.12203430464236137]
A2: [0.0353074363666134, -0.02927348251014647, -0.07569735631639192, 0.06966340073767335] - [0.10289374367699027, 0.2828966942120808, -0.39260640301558575, 0.006815988680432433] - [-0.011187133198693666, 0.5390145572813236, -0.35945104692478913, -0.16837649955726158] - [0.09786279358044611, 0.017463310641580777, -0.16885101606177108, 0.05352487226638722]
B1: 5.411928166201553e-09 - -1.168393503144838e-09 - -8.583449674391885e-09 - -3.904239773706576e-09
B2: -2.563885638548939e-09 - -2.6471922056729847e-09 - -2.226470932657071e-09 - -6.3941593440964355e-09
