Number: 9389
Error: 1.7004458304416612e-11
A1: [0.05316119926259821, -0.14801262469838602, -0.027010385046115602, 0.12181646697951688] - [0.005309090166323568, 0.13083205959458774, -0.11360537288569042, -0.02255439968033575] - [-0.014443082198395227, 0.2230930160794454, -0.12703978603783045, -0.0816045375003813] - [0.027143944591701073, -0.10002255194769795, -0.04942702812147989, 0.12229560048475034]
A2: [0.08929087969053286, -0.07287703710224681, -0.12359182297245454, 0.10732325080617462] - [0.10887109043231871, 0.24984354861539715, -0.4048165092417315, 0.04621933592347644] - [0.03665496556090144, 0.46257405383372235, -0.37769887984449135, -0.12145403663244408] - [0.14343507554976692, -0.04459801259412554, -0.20149109682154495, 0.1026886327102623]
B1: 1.989880946364272e-05 - -2.0646260222093573e-05 - 6.025973332290753e-07 - -1.7943473985030337e-05
B2: -9.223385403002392e-06 - -5.459567066465547e-06 - -8.080457568853269e-06 - -7.982401308781513e-06
