Number: 2065
Error: 0.00015935460187948457
A1: [0.012950791872310014, -0.016509434384167028, -0.005460916201356516, 0.00524668289401555] - [0.026275399060257408, 0.15544256157779116, -0.18628770816576437, -0.15467825593132153] - [-0.06997114157597079, 0.48148684553390775, -0.020610748486123313, -0.1766296114792358] - [0.048689441008891735, 0.07479195757454021, 0.013685793896337645, 0.059673809012832715]
A2: [0.10213102632720969, -0.22601388614454157, 0.031297882740676165, 0.05298143078040705] - [0.03702061487844883, 0.20139046694185608, -0.11717548876760171, -0.12123393029064199] - [-0.16226783325904043, 0.4860834579257609, -0.2969279226613653, -0.29146725036559906] - [-0.0780124077492516, -0.07297322012926183, -0.08299060335201298, 0.0031066345820632904]
B1: -0.015595337728554275 - 0.02733588083759491 - 0.010197067063514215 - -0.0005377735008241288
B2: 0.01915154427148686 - -0.015530059792223426 - 0.01143659005890501 - 0.02296930581662298
