Number: 8101
Error: 1.1307641465386372e-15
A1: [0.08043166794021725, -0.18046782749303047, -0.01958887369770069, 0.11962495499570716] - [0.03741559946165322, 0.13359640562813782, -0.13472616676911653, -0.03628580564026042] - [-0.0017028237453295741, 0.22819011177432746, -0.12282838737081492, -0.10365891495573619] - [0.03886321458490572, -0.11448103834095208, -0.04641646122735271, 0.12203420812105113]
A2: [0.035307405895836946, -0.02927351306520932, -0.07569738528767414, 0.06966336884675317] - [0.10289373863773014, 0.28289668913005434, -0.3926064078894947, 0.006815983403596986] - [-0.011187112533019872, 0.5390145780702637, -0.3594510273642472, -0.16837647778115097] - [0.09786287025227207, 0.0174633876621438, -0.16885094307504334, 0.053524952746714274]
B1: 2.9245394060959963e-08 - 5.455758923053436e-09 - 9.219017234574045e-10 - -1.7834383254052364e-08
B2: -2.8275773476296766e-09 - 1.5905787810322584e-08 - -3.1938653709502114e-09 - 6.203093033620431e-09
