Number: 7065
Error: 1.2139314766093414e-15
A1: [0.08043170070737848, -0.18046779472956873, -0.01958884096970056, 0.11962498775913218] - [0.0374156017144968, 0.13359640787926638, -0.134726164520836, -0.03628580338869616] - [-0.0017027965717059757, 0.2281901389473733, -0.12282836023698085, -0.10365888778937027] - [0.03886323809524885, -0.11448101489657884, -0.046416437731985734, 0.12203423161678337]
A2: [0.03530741239898749, -0.029273506544074686, -0.07569737910451405, 0.06966337565297176] - [0.10289379743693838, 0.28289674842828794, -0.3926063510196803, 0.006816044974958544] - [-0.011187108173080742, 0.5390145824562229, -0.3594510232374605, -0.16837647318695087] - [0.09786278874701917, 0.01746330578618089, -0.16885102066287397, 0.05352486719286004]
B1: 2.8720835215304188e-08 - -2.575620286991717e-08 - -2.6644623699689697e-09 - 1.3743387021445248e-08
B2: 6.259372054273624e-09 - 2.753544809359567e-09 - 1.004935122322787e-08 - -7.937669099275507e-10
