Number: 4637
Error: 9.249878684519083e-16
A1: [0.06621319016901062, -0.11395207141182061, -0.023983941799561863, 0.07172287662260578] - [0.03740260455082994, 0.18819336219611998, -0.1474089542282265, -0.07818701762755058] - [-0.060229195911147844, 0.3289509686020512, -0.12775293803417231, -0.14096815148292052] - [0.03904616543300985, -0.05332268009154737, -0.03741858430223656, 0.051695126459018706]
A2: [-0.009108584522168908, -0.3468031947361073, 0.24945508151991252, 0.10645667073074416] - [0.0800398127695857, 0.036282242971411485, -0.050250126465044516, -0.06607197382085889] - [-0.042452859741823924, 0.23083184662831585, -0.040531288714632595, -0.14784788352512282] - [0.06813474195060824, -0.2934678927635541, 0.14177120074177904, 0.08356181916286345]
B1: -2.9552923047839817e-08 - -1.525717737958316e-08 - -2.3516640262466125e-08 - -2.2312595947319844e-08
B2: 1.4639801618313602e-08 - 1.2968068155534518e-08 - -5.718611085916727e-08 - -2.3526165922250037e-08
