Number: 6631
Error: 1.0694394522354507e-15
A1: [0.0804316812663779, -0.18046781416836785, -0.01958886038745782, 0.11962496832035141] - [0.037415593398393225, 0.13359639956945574, -0.134726172820372, -0.03628581170019352] - [-0.0017028453175389775, 0.22819009020258388, -0.12282840891144124, -0.1036589365221934] - [0.0388632400244038, -0.11448101297284044, -0.046416435804060595, 0.12203423354473916]
A2: [0.03530745831745825, -0.02927346049860105, -0.07569733544582455, 0.06966342371163657] - [0.10289374515786089, 0.2828966957055096, -0.3926064015833253, 0.006815990231124487] - [-0.011187094196513227, 0.5390145965161675, -0.35945101000834295, -0.16837645845933327] - [0.09786282329868486, 0.017463340495011588, -0.16885098777193086, 0.05352490346086781]
B1: -1.187189525914249e-09 - 6.012532500311264e-09 - -2.5142346350789535e-09 - -2.241858567722545e-09
B2: 2.748799423128171e-10 - 5.677823906619863e-09 - -1.876852466417744e-08 - 9.141198507951723e-09
