Number: 3665
Error: 2.7894037645671926e-14
A1: [0.06621390842250104, -0.11395136920640525, -0.023983224108421648, 0.0717235936705998] - [0.03740176335204898, 0.1881925584866132, -0.14740978119193587, -0.0781878446636072] - [-0.06023006738787743, 0.32895013159666514, -0.12775379080966665, -0.1409689996716949] - [0.039046418196610796, -0.05332244018073263, -0.03741833976296757, 0.0516953690139379]
A2: [-0.009107376401470186, -0.34680191311193753, 0.24945629941360387, 0.10645793737435484] - [0.08003922163045518, 0.036281606145866695, -0.050250772546638095, -0.0660726253863593] - [-0.04245325145178892, 0.23083141431218632, -0.040531708487104426, -0.14784831674201088] - [0.06813552936966079, -0.293467025783157, 0.1417720543791514, 0.08356270200106908]
B1: 2.977865303828541e-08 - -1.2134014573114322e-07 - 5.00612680630705e-07 - 1.902326498651317e-07
B2: 4.969599244118125e-07 - 1.4088652873021952e-08 - -2.860911115296088e-07 - 2.3474274689037356e-07
