Number: 695
Error: 1.0151606307203361e-14
A1: [-0.012153381273895994, -0.014517157196064367, 0.01808729728353431, 0.008583110768570709] - [0.06583566802857346, 0.18949567704796333, -0.14532212298183847, -0.11000807908921384] - [-0.09629253459993733, 0.42178661126298794, -0.05345674790417762, -0.27203510575676526] - [-0.001321545999353748, -0.0182192888674261, -0.0038351594300195255, 0.023376690706868628]
A2: [0.1615866423346867, -0.16775485026353207, 0.008501256996995965, -0.002333145993512285] - [0.03548573445685547, 0.20751673252881156, -0.11721041333084461, -0.12579201885783572] - [-0.08621352226370357, 0.5815381437347417, -0.2353887048213619, -0.2599355463116696] - [-0.0038347574465483337, -0.004519083443157774, 0.0011104645824661806, 0.00724359353880622]
B1: 2.7377003311020283e-08 - -2.892663374240817e-07 - -2.7552916696460223e-08 - -5.159717723091083e-08
B2: 7.775267311671415e-10 - -5.990754429236707e-07 - 8.392490096650471e-08 - 3.0188389710855183e-09
