Number: 1011
Error: 0.00017022063424521752
A1: [-0.03500162991773529, -0.042293107304239845, -0.01955731215294188, -0.01734185338820539] - [0.06759299963147729, 0.19068752925253757, -0.14487722337717354, -0.10857621294401205] - [-0.1255623487905586, 0.388005911231252, -0.10439445856927437, -0.30963509386461885] - [-0.0906301846467935, -0.10932572593550803, -0.1183352502445149, -0.07814172754579665]
A2: [0.23894760151425287, -0.10246286714310222, 0.0866405237052856, 0.08138669137456013] - [0.04144732694502382, 0.21110412250221366, -0.11087251690563037, -0.11859411747283757] - [-0.08236817650999496, 0.5839398807946614, -0.22344454978758263, -0.24788720361037733] - [0.010881894978375129, 0.010738031670541787, 0.020972200949489317, 0.02742440386252752]
B1: -0.008793030758773693 - 4.15845158394379e-05 - 0.0320888065141298 - 0.017789964283835988
B2: 0.0021741797438402273 - -0.017384456395978964 - 0.006361343135378759 - 0.015941642683308235
