Number: 8576
Error: 1.4331969541074254e-15
A1: [0.08043167217061734, -0.1804678232630743, -0.019588869472356343, 0.1196249592256431] - [0.03741552859589438, 0.13359633481606453, -0.13472623749352508, -0.03628587646667607] - [-0.0017028274156327737, 0.2281901081040932, -0.12282839103575298, -0.10365891862505845] - [0.03886321665423806, -0.1144810362773481, -0.04641645915931968, 0.12203421018915026]
A2: [0.03530740495733915, -0.02927351400627569, -0.07569738618001709, 0.06966336786449977] - [0.10289361206219683, 0.28289656148033704, -0.39260653031183435, 0.006815850860743236] - [-0.011187098371121586, 0.539014592316633, -0.3594510139597114, -0.16837646285825605] - [0.097862690884666, 0.017463207478682775, -0.16885111382176385, 0.053524764469515616]
B1: 1.8864210440365812e-08 - 1.9564459318970155e-08 - -1.8356048810159817e-08 - 2.201832734266579e-08
B2: 3.27244166621937e-08 - 1.97704095971883e-08 - 5.872415605416823e-08 - 3.517265276253495e-08
