Number: 26
Error: 0.0010928954494815496
A1: [-0.028435413252628664, -0.028818302528148605, -0.0038388792541399538, -0.016363019585413467] - [0.10213645014998265, 0.23508159170290854, -0.12076338447985219, -0.10800008206618769] - [-0.13471311106556536, 0.38224279964236907, -0.0952732393371665, -0.30518330832187] - [0.13853021328398651, 0.1298056318399073, 0.14280398144846468, 0.16349078460396313]
A2: [0.4645420951431492, 0.1317180834969209, 0.300918731902142, 0.29499304287859063] - [0.17009497673541776, 0.3371444270171476, 0.009271456294426987, 0.0006994540389050619] - [0.2560974846505657, 0.9238311249556893, 0.09513804173567317, 0.07870875846782968] - [0.5908197360614093, 0.5915941166240954, 0.5883059102967219, 0.582133445921295]
B1: 0.06398814904171965 - 0.4660423243199746 - -0.04425384864471482 - -0.05302456305165529
B2: 0.03508192286361904 - 0.5104275394971248 - -0.06425457035810467 - -0.07006501124196043
