Number: 7387
Error: 1.2761546226120841e-15
A1: [0.08043170437635778, -0.18046779106100896, -0.019588837305114577, 0.11962499142769072] - [0.037415522409617465, 0.13359632863441082, -0.13472624366769467, -0.03628588264964356] - [-0.0017028015195948245, 0.22819013399958918, -0.12282836517762671, -0.1036588927359359] - [0.038863173745641015, -0.11448107906560401, -0.046416502040594755, 0.12203416730716651]
A2: [0.03530737028666616, -0.02927354877285643, -0.07569741914442268, 0.06966333157790826] - [0.10289378311805851, 0.28289673398788406, -0.39260636486870343, 0.006816029980993678] - [-0.011186997160509705, 0.5390146941309242, -0.3594509181615871, -0.16837635620919272] - [0.09786283188090103, 0.01746334911626316, -0.16885097960220044, 0.05352491246937887]
B1: -4.0697706744439904e-08 - -2.7244375377474515e-09 - 1.7804189788276567e-08 - -4.47724247149041e-09
B2: 2.266176123189392e-08 - -3.874880814904625e-08 - 2.6792812551459702e-08 - -2.987381283640758e-08
