Number: 1934
Error: 1.3578154875981268e-05
A1: [-0.005546363922505122, -0.013205499283549279, 0.0047107206035485166, 0.021107284450253488] - [0.07746268919755608, 0.2001076196927418, -0.13573238288793782, -0.09809497726888561] - [-0.10613955238620551, 0.4479887145001047, -0.06430078819220615, -0.2512419834759891] - [-0.015104702848865247, 0.023407973344244683, -0.02174424080663102, 0.04755686712163574]
A2: [0.1303450627217193, -0.22601958192707441, 0.02121925981949343, 0.06876623092369079] - [0.031890566144380385, 0.20304635146968208, -0.11563094182705104, -0.12218292309752406] - [-0.09876155242349985, 0.5513438405408447, -0.2393115238543078, -0.22967348736562754] - [-0.024325412793219425, -0.02292510059325959, 0.004506057205556534, 0.028696561418371614]
B1: -0.003289127874203913 - -0.0006033990026083785 - -0.0021441465521504456 - -0.0019300772963540983
B2: 0.00044618394080646285 - 0.0004584092435753165 - 0.002107220175337937 - 0.002148748364870016
