Number: 4233
Error: 1.1038980656400425e-15
A1: [0.06621319969900946, -0.1139520620947689, -0.02398393227701321, 0.07172288613664475] - [0.03740262500801829, 0.18819338174157516, -0.14740893411723827, -0.0781869975147711] - [-0.06022941099091338, 0.32895076202974133, -0.12775314849854708, -0.14096836081550052] - [0.03904624528164783, -0.053322604302278094, -0.037418507051372084, 0.05169520308263096]
A2: [-0.009108492592147544, -0.3468030972127333, 0.24945517419389024, 0.10645676711443006] - [0.080039852168752, 0.03628228541556584, -0.0502500834040588, -0.06607193039421232] - [-0.042452871390579405, 0.23083183377193164, -0.040531301198085505, -0.1478478964083434] - [0.06813492451572727, -0.2934676917514275, 0.1417713986601811, 0.08356202385201986]
B1: -2.7634422781182353e-08 - 2.328355769198381e-08 - -3.077372914718095e-08 - 4.526568161182685e-08
B2: -1.5016625559807348e-08 - -1.4202066399052493e-08 - 9.492145420582824e-09 - 3.817838613253108e-08
