Number: 9517
Error: 1.5201056520290287e-13
A1: [0.05317300983339854, -0.1480008111341298, -0.026998588147725107, 0.12182828190118658] - [0.005312789963304735, 0.13083576341132233, -0.11360167351302737, -0.02255069455605907] - [-0.014445941408091948, 0.22309015544667785, -0.127042643284224, -0.08160739836500927] - [0.027143094656817256, -0.10002340345200725, -0.04942788091443694, 0.12229474643247513]
A2: [0.08924839808991912, -0.07291941950552894, -0.12363334739907567, 0.10728024512381325] - [0.10884005940280751, 0.2498125114233592, -0.40484692587061627, 0.04618778260639783] - [0.03663488039800185, 0.46255407336743964, -0.377718475990113, -0.12147432994245537] - [0.1434262084852241, -0.04460684719609669, -0.20149975488898136, 0.102679634458611]
B1: 3.769466492623716e-07 - -3.7556688643586706e-07 - -7.953072592440684e-07 - -1.0443474857734841e-06
B2: -9.498494569930496e-07 - -8.782343879080791e-07 - -1.2514828757903364e-06 - 2.6261286215606545e-07
