Number: 8899
Error: 0.0003587493879961568
A1: [0.04161210694772962, -0.21206312400716312, -0.05030116904945411, 0.08914869044797061] - [0.00409916649517118, 0.10803987231081211, -0.15718183261735258, -0.060116351067976984] - [-0.05035865875997263, 0.18485372129515681, -0.1673625606431125, -0.14950659425959806] - [0.0136921306999006, -0.12885479752084522, -0.061932847417824066, 0.1067338214892793]
A2: [0.14938244676409795, 0.08703349936776086, 0.027688712668982277, 0.1912166320576678] - [0.2447244098089785, 0.42632623528502134, -0.25612651743241144, 0.15709877659390742] - [0.021434877384076498, 0.5686576073587415, -0.3262102178877496, -0.12741225575385315] - [0.13360498578976765, 0.05193493662568107, -0.13139648938980591, 0.09810887097075081]
B1: -0.008521354288846233 - -0.031559638739509704 - 0.00965009624710968 - 0.009732770039725207
B2: 0.010373830573387434 - 0.020772308185058687 - -0.00376890312044785 - 7.175472661287777e-05
