Number: 700
Error: 2.1055347711194402e-15
A1: [-0.012153277376002188, -0.014517050482216515, 0.01808741212211854, 0.00858322179555664] - [0.06583532026759722, 0.18949534251660355, -0.14532248253625962, -0.11000846628615937] - [-0.09629304401983782, 0.42178611891709733, -0.05345730068577065, -0.27203569925569443] - [-0.0013217837385557892, -0.018219517505254443, -0.0038354124956312048, 0.02337641592034039]
A2: [0.16158685102638135, -0.1677546455019836, 0.008501461481129426, -0.002332942547951464] - [0.035485634186584764, 0.2075166338697987, -0.11721051318107593, -0.12579211694812553] - [-0.08621371034943802, 0.5815379595052232, -0.2353888878354293, -0.25993572972358986] - [-0.0038350589966908884, -0.004519379979806843, 0.0011101661207718176, 0.007243305036454396]
B1: -6.939862674772932e-09 - -1.5002182932608014e-07 - 1.3062932912216155e-07 - 5.8328944523091636e-08
B2: -1.9273859570848824e-09 - -2.470709175385906e-07 - 2.839499531491881e-07 - 1.312163449954965e-07
