Number: 4706
Error: 1.4501490263734901e-15
A1: [0.06621314200587229, -0.11395211849867701, -0.0239839899249021, 0.07172282854029002] - [0.03740257164458597, 0.18819333075643607, -0.14740898657758802, -0.07818704997977732] - [-0.06022957304787157, 0.32895060638280316, -0.12775330707803464, -0.1409685185418504] - [0.03904609128349706, -0.053322750471544784, -0.03741865603945968, 0.05169505530426767]
A2: [-0.009108220412771859, -0.3468028084734104, 0.24945544857527296, 0.10645705247915575] - [0.0800399445564013, 0.03628238494349408, -0.050249982429636915, -0.06607182856241521] - [-0.042452697835300195, 0.2308320253181313, -0.0405311152093995, -0.1478477044629135] - [0.0681350961981274, -0.29346750272219807, 0.14177158477974558, 0.08356221633901392]
B1: -1.0008686293518454e-07 - 6.831386686761733e-08 - -9.889187595526955e-09 - 5.5712930123260474e-08
B2: 1.709628734052579e-08 - 1.5800379539385235e-08 - -3.2714113352692526e-08 - 5.3902137089479696e-08
