Number: 4384
Error: 1.010712912030253e-15
A1: [0.0662131121624371, -0.11395214767521408, -0.02398401974490707, 0.0717227987469786] - [0.037402641342470316, 0.18819339734803378, -0.1474089180592155, -0.07818698145534579] - [-0.06022939447062442, 0.3289507778965195, -0.12775313233281443, -0.14096834473667255] - [0.03904605140473885, -0.053322788322891, -0.03741869462077902, 0.051695017036258735]
A2: [-0.009108628463102548, -0.34680324135053475, 0.24945503722357573, 0.10645662466114969] - [0.08003988181453249, 0.036282317352570516, -0.05025005100290573, -0.0660718977179115] - [-0.04245273632068319, 0.23083198284341533, -0.040531156451849945, -0.1478477470261245] - [0.06813472020307522, -0.29346791670849803, 0.14177117716560672, 0.08356179477986486]
B1: 2.660611939165584e-08 - 1.9316495724608292e-08 - 2.0039400402302305e-08 - -3.4861976693037206e-08
B2: -2.9688382140663387e-08 - 3.9074126213714403e-08 - 2.2903770897853125e-09 - 6.391080384961557e-09
