Number: 5865
Error: 7.223630646025136e-08
A1: [0.08170616097065847, -0.1791967561614913, -0.01831451212772281, 0.12089996741841634] - [0.039599392455312736, 0.13577708673170005, -0.13254690332538788, -0.03410319529021925] - [-0.0015775084740777547, 0.22831396226835118, -0.12270189552708101, -0.10353298095082893] - [0.03879348590728775, -0.11455317806882223, -0.04648349455982465, 0.12196580709689527]
A2: [0.036206103731583276, -0.028374751042230077, -0.07484170540740588, 0.07060663938322087] - [0.10491313148400588, 0.2849245520099089, -0.39065490670095837, 0.008934817719022329] - [-0.009861897398301617, 0.5403475498528681, -0.3581938648419433, -0.16697758869459983] - [0.09881748467669285, 0.01842089221131093, -0.16794042862964367, 0.05452931840291548]
B1: 6.495312771379584e-05 - -0.0002377626701426633 - 0.0009064865297467862 - 0.0003078648746603678
B2: 0.00047685252465947585 - 2.1190957180577883e-05 - 0.00032878270468516337 - 0.0003445784647141225
