Number: 9046
Error: 3.275742060582531e-05
A1: [0.02813249487471018, -0.191499023480814, -0.0553289196128448, 0.09111083116031901] - [-0.006876994447917949, 0.11440506453138785, -0.12900977282529436, -0.03745251855593021] - [0.005757572701673618, 0.25261639293550675, -0.0931552788773164, -0.05416300513258925] - [0.0049936368301626965, -0.12300487264697652, -0.068363666291147, 0.10014962487003244]
A2: [0.06809600206173985, -0.08170614996436483, -0.1245517461255184, 0.10002388455321086] - [0.08125339116812427, 0.2064582371687638, -0.447754649681626, 0.002363806559006261] - [-0.004282354970077756, 0.4300577239260858, -0.4208759936573991, -0.15966271463483134] - [0.1157984891516439, -0.06729562502913936, -0.22749433975010294, 0.07876263360625095]
B1: 0.007104594767231279 - -0.0018163196214382063 - -0.0023106104859359627 - 0.0036123074651867007
B2: 0.0019679146469669603 - 0.008086309055804413 - -0.008922253763523343 - 0.009414785869917414
