Number: 5119
Error: 1.0914758164430426e-15
A1: [0.06621315343758441, -0.11395210732242075, -0.02398397850216481, 0.07172283995282033] - [0.037402598179791934, 0.18819335610906515, -0.14740896049140648, -0.07818702389129327] - [-0.060229598477329754, 0.32895058195898863, -0.12775333196188804, -0.14096854329190553] - [0.03904623096768768, -0.053322617888342735, -0.03741852089949112, 0.051695189346930424]
A2: [-0.009108505445659427, -0.34680311084838966, 0.24945516123625344, 0.10645675363814974] - [0.08003980196412733, 0.03628223133087969, -0.05025013827470762, -0.06607198573081752] - [-0.04245293835851945, 0.23083175986240717, -0.040531372963205706, -0.14784797047186315] - [0.06813467171875782, -0.2934679700915617, 0.1417711246038988, 0.08356174042037623]
B1: -6.918301466243458e-09 - 9.778953684648664e-09 - 3.0404671584093636e-08 - 1.6747641483043e-08
B2: 1.053765046790965e-08 - 1.3655239700116901e-08 - 5.168736581767552e-08 - -1.3307767044557924e-08
