Number: 9768
Error: 1.5313735178982695e-15
A1: [0.05317259935524153, -0.148001221742765, -0.02699899816002376, 0.12182787122074126] - [0.005313728333657691, 0.1308367027942124, -0.11360073525690231, -0.022549754847471282] - [-0.0144444235932352, 0.22309167383225612, -0.12704112665546252, -0.08160587999671569] - [0.02714644257251182, -0.10002005556136084, -0.04942452595968385, 0.1222981028360379]
A2: [0.08925433698949865, -0.07291349433321925, -0.12362754231096569, 0.10728625722630737] - [0.10884189836267721, 0.2498143507048644, -0.40484512332810524, 0.04618965250479192] - [0.036635942662680956, 0.4625551300949469, -0.37771743959193754, -0.12147325666713428] - [0.1434265772134236, -0.04460647984518932, -0.20149939486209692, 0.10268000864378556]
B1: 6.926419557607833e-08 - -7.552752971513373e-09 - -1.1351428457333597e-08 - -1.2518942667544054e-08
B2: -1.059103463335927e-09 - -1.2801861507173256e-09 - 3.9828670997254035e-08 - -2.664756734908856e-08
