Number: 5208
Error: 1.1290957523701907e-15
A1: [0.06621305690587419, -0.11395220169700496, -0.023984074958117392, 0.07172274358311098] - [0.03740252771768622, 0.1881932887872791, -0.14740902976106687, -0.07818709316708243] - [-0.06022950789906034, 0.32895066895442815, -0.1277532433272946, -0.14096845513397363] - [0.039046023170331214, -0.05332281512199335, -0.03741872193665786, 0.05169498994208267]
A2: [-0.00910848283490019, -0.3468030868619867, 0.24945518402981026, 0.10645677734426826] - [0.08003972416918972, 0.03628214752354526, -0.050250223300012026, -0.06607207147809543] - [-0.042452845387830465, 0.23083186247030865, -0.0405312733323446, -0.1478478676501065] - [0.06813478379333111, -0.293467846692978, 0.14177124610317157, 0.08356186607621004]
B1: -3.475022536178233e-08 - -2.503053566164707e-09 - -8.321408791430588e-09 - -1.657618880610048e-08
B2: -3.919806844184019e-08 - -3.8615931216111583e-08 - 1.1733456624293393e-07 - -1.190204772791525e-07
