Number: 3826
Error: 6.839144913177655e-16
A1: [0.06621317336322638, -0.11395208784202983, -0.02398395859213261, 0.07172285984505743] - [0.0374026178078836, 0.18819337486232882, -0.14740894119553447, -0.07818700459368824] - [-0.06022916119656311, 0.32895100194337035, -0.12775290406459616, -0.1409681176962695] - [0.03904604686324462, -0.053322792633530576, -0.03741869901454038, 0.05169501267817844]
A2: [-0.00910858833527574, -0.34680319878123717, 0.24945507767611294, 0.10645666673296254] - [0.08003976980217427, 0.036282196683148346, -0.050250173426065796, -0.06607202118061085] - [-0.04245285029272115, 0.23083185705682496, -0.040531278588806084, -0.14784787307492578] - [0.06813473410432898, -0.2934679014026952, 0.14177119223587, 0.08356181036564583]
B1: -3.438149248957134e-10 - 3.076679775669898e-08 - 6.940400954124477e-09 - 9.030067258581289e-09
B2: -2.5527914705787038e-09 - 1.3570335128099606e-09 - 8.416907225852384e-09 - 3.684153467032389e-08
