Number: 3137
Error: 7.029028884445742e-06
A1: [0.0638140639356486, -0.04767147212846604, -0.023265423844731396, 0.008097483552606522] - [0.04684299443664766, 0.19419378839916518, -0.13939572838513217, -0.08921491757141989] - [-0.1245884629375339, 0.4134857797299985, -0.10624916983230384, -0.18840255058093427] - [0.032868733816415835, 0.01465762199105879, -0.037757343239216645, -0.027240262661385097]
A2: [0.04523817100305493, -0.1916608086188899, 0.06806532038834687, 0.00580315458454696] - [0.029657773417706697, 0.2006534541032832, -0.10131021724093141, -0.12752530706566925] - [-0.09992867545585023, 0.5072522770590097, -0.23217116753856687, -0.20140699817541546] - [-0.023733582417275613, 0.020716088140901628, -0.04810452287555143, 0.05892692692867825]
B1: -0.0030932458879328606 - -0.004695708758136967 - 0.003187528332155599 - 0.003169656602929256
B2: 0.0005355941478247138 - 0.005357208323728992 - 0.0007068577014757631 - 0.0005890914281753562
