Number: 9188
Error: 1.5542725437705518e-07
A1: [0.052471630655651885, -0.14870556608861943, -0.027702766575010647, 0.12112624389000787] - [0.003714201544676142, 0.12924060455887507, -0.1152021795054078, -0.02414318542997711] - [-0.015986003923278837, 0.2215560782338197, -0.1285805338951958, -0.08313928463497135] - [0.027871268195934717, -0.09929499363010405, -0.048697956114703324, 0.12302782873145973]
A2: [0.08968262415461965, -0.07249176914058618, -0.12320251409678955, 0.10772685733356097] - [0.10576027993697104, 0.24672798918246266, -0.4078669121932832, 0.043056995392028986] - [0.03356512592245654, 0.45949352310024405, -0.38071301336415153, -0.12457260332476895] - [0.14115331060670147, -0.04687031592468484, -0.20371654976007678, 0.1003730701826792]
B1: -3.4763264973241366e-05 - -0.0005274184356687014 - 0.0005121008078951281 - -0.0008789025089643913
B2: -0.0005790195972414173 - -0.00025340824084014275 - -0.0004557989525490182 - -7.03583402091566e-06
