Number: 2353
Error: 9.33985529152368e-06
A1: [0.07223631791118452, -0.040656259704827835, -0.016898835117119017, 0.015712906282642436] - [0.04490088642911557, 0.19230134233983068, -0.14182431864777584, -0.09115353390416353] - [-0.12685914550801777, 0.41209048930855796, -0.10769325033356882, -0.19035001240695706] - [0.029438376351476874, 0.012032793089558435, -0.040007797011301055, -0.030638012311018776]
A2: [0.027604341604696606, -0.20866446970982522, 0.051141717108820005, -0.011462168771129743] - [0.03212608171624012, 0.20303702793762615, -0.0989563504600288, -0.12516985780335288] - [-0.07426817153682108, 0.5328063211169484, -0.20610924480245352, -0.1761502718137655] - [-0.029307347790774072, 0.015505470071930483, -0.05297771203512632, 0.0541535168187267]
B1: 0.003209067266151848 - -0.001773989452331483 - -0.0009241990604664599 - 0.011792174693442091
B2: 0.004745587662773699 - 0.0031365914139836436 - 0.002388514735955696 - 0.0005187406563907119
