Number: 6090
Error: 2.8513152790316925e-14
A1: [0.08043216519730485, -0.1804673302923582, -0.019588377035212438, 0.11962545219592603] - [0.03741613767269267, 0.1335969434316663, -0.1347256296306397, -0.036285267727500674] - [-0.0017021154269407552, 0.2281908200775741, -0.12282768008950518, -0.10365820682647686] - [0.03886331443711299, -0.11448093876899423, -0.046416361438775124, 0.12203430791116589]
A2: [0.03530712960155434, -0.029273790123756218, -0.07569764798428844, 0.06966307967472359] - [0.10289398674650964, 0.28289693934454596, -0.3926061679218817, 0.00681624320983465] - [-0.011187303105639798, 0.5390143863609542, -0.35945120774504713, -0.16837667859422578] - [0.09786313993855612, 0.017463658575175418, -0.16885068635128042, 0.05352523582985682]
B1: 5.751675951431885e-09 - 4.444041409246038e-08 - 4.445858199822528e-08 - -1.3122428010310847e-08
B2: 5.34149880534007e-07 - 7.506713413316707e-07 - -6.696763624629968e-07 - 2.3960354838952277e-08
