Number: 5103
Error: 1.2309678368959885e-15
A1: [0.06621323171025005, -0.11395203079887442, -0.023983900290928943, 0.07172291809412268] - [0.03740261633692102, 0.18819337345697038, -0.14740894264155918, -0.07818700603986693] - [-0.06022933475506931, 0.3289508352500305, -0.12775307389866006, -0.1409682866166416] - [0.03904614895966207, -0.05332269572737314, -0.03741860023957146, 0.05169511065106178]
A2: [-0.009108490706780055, -0.34680309521278857, 0.24945517609437484, 0.10645676909103995] - [0.08003977498563027, 0.036282202267338894, -0.050250167760638315, -0.06607201546711196] - [-0.042452900650168726, 0.23083180147955884, -0.04053133255349154, -0.1478479287679976] - [0.06813468312594181, -0.2934679575317886, 0.14177113697040056, 0.08356175320987312]
B1: 4.359410493258995e-08 - -2.3486290826897822e-08 - -2.952439547627667e-08 - -2.722928802592743e-08
B2: 2.905084797457865e-08 - 1.082888999768788e-08 - -7.485868920935315e-08 - 4.1473644039912084e-08
