Number: 5595
Error: 1.7783080788526554e-07
A1: [0.06624541256742243, -0.11392051108524597, -0.023951593745524347, 0.07175515507547844] - [0.0374964257590396, 0.188283041915516, -0.1473166167485584, -0.07809470587865314] - [-0.06021049846246673, 0.32896904110000297, -0.12773430055772342, -0.14094971487878888] - [0.03903856317770984, -0.053329819022832646, -0.03742569168929286, 0.05168800389176945]
A2: [-0.007846052166646918, -0.3454638279246474, 0.25072806991988533, 0.10778050169207057] - [0.07981973208631524, 0.03604515057541633, -0.050490684484912965, -0.06631455695086506] - [-0.04218098018916642, 0.23113193655764705, -0.04024002654934182, -0.14754723091181893] - [0.06734580069360595, -0.29433655958370103, 0.14091579086770548, 0.08267722567319112]
B1: -0.0005720420945647523 - -8.015963315719774e-05 - -0.0003389084295101711 - 6.319526187153427e-05
B2: 0.00012641457265954477 - 0.00014683715851377652 - 0.0001426969276491742 - 0.00016412318859181023
