Number: 2647
Error: 1.4237664632998169e-08
A1: [0.0629204562300223, -0.04838406010227615, -0.023952338386116104, 0.007346937448732883] - [0.04340675959131412, 0.19102367289588978, -0.14282734601877245, -0.09279285388253873] - [-0.12414828260429285, 0.41416418839098, -0.1055580739010328, -0.1877676961558602] - [0.036616807292899616, 0.018781956677142983, -0.033516278809104044, -0.02343316361677365]
A2: [0.06328082273408636, -0.1738471037495154, 0.08616855231738163, 0.023801646845872056] - [0.028939430153118652, 0.19995333148914904, -0.10205969246924668, -0.12821622425347945] - [-0.0928796143056352, 0.5142030635299791, -0.2250765307691836, -0.19458359119756816] - [-0.024961413776230804, 0.019483362224581063, -0.04932542979742767, 0.05791826345028288]
B1: -0.000129055397573206 - -0.00032514666131181104 - -0.00020020162582900207 - -0.00011840508054668216
B2: 3.369992649005272e-05 - -0.00036239778172682507 - -5.508030618690135e-05 - -0.00016416893267809103
