Number: 4224
Error: 1.055675082553551e-15
A1: [0.06621322530578728, -0.11395203706021749, -0.023983906690329616, 0.07172291170044726] - [0.03740268215664634, 0.18819343634321156, -0.14740887793575297, -0.0781869413283209] - [-0.060229341497618986, 0.32895082877422027, -0.12775308049650735, -0.14096829317921586] - [0.039046054191418066, -0.05332278567792847, -0.037418691924796806, 0.05169501971034713]
A2: [-0.009108499148767202, -0.3468031041682813, 0.24945516758421998, 0.1064567602401723] - [0.0800398390910903, 0.03628227132717776, -0.05025009769719839, -0.0660719448087178] - [-0.04245284854074375, 0.2308318589904253, -0.04053127671130098, -0.1478478711372919] - [0.06813486826065512, -0.29346775369070927, 0.1417713376742599, 0.08356196077969659]
B1: -2.0679868355571565e-08 - 1.983136580038996e-08 - -1.4915985842937597e-08 - 3.1385287083067636e-08
B2: 1.5542078511183764e-08 - 4.132494237370551e-08 - 8.250880335567541e-09 - -4.8239759946311574e-08
