Number: 6539
Error: 9.504138696196693e-16
A1: [0.08043168596931745, -0.18046780946596103, -0.019588855690141717, 0.11962497302275373] - [0.03741558402643918, 0.13359639020459452, -0.1347261821736523, -0.03628582106695601] - [-0.0017028098002961295, 0.2281901257190696, -0.12282837344620115, -0.10365890101442947] - [0.03886322285002253, -0.11448103009902424, -0.046416452967498315, 0.12203421638103204]
A2: [0.03530743158575811, -0.029273487304238108, -0.07569736086197551, 0.06966339573400393] - [0.1028937374491299, 0.2828966879313536, -0.3926064090391083, 0.006815982158954979] - [-0.011187107320131357, 0.5390145833142719, -0.3594510224301285, -0.16837647228815306] - [0.09786280023337918, 0.01746331732478892, -0.1688510097286022, 0.05352487924979784]
B1: 7.183268891481238e-10 - -3.9745407972511763e-10 - 3.82064839564103e-11 - -8.00813599950663e-10
B2: -4.1486091771726696e-10 - -4.731108817579148e-09 - 1.0084788963267963e-08 - -6.858049215247135e-09
