Number: 4157
Error: 1.078394894237796e-15
A1: [0.0662131677001257, -0.11395209337858027, -0.023983964250783536, 0.07172285419146518] - [0.03740260538201038, 0.18819336299025838, -0.1474089534111083, -0.07818701681034754] - [-0.06022938452265638, 0.32895078745103884, -0.12775312259827606, -0.1409683350545374] - [0.03904610209050885, -0.05332274021391768, -0.03741864558402471, 0.051695065674837906]
A2: [-0.009108631451113961, -0.34680324452040007, 0.2494550342114088, 0.10645662152838356] - [0.08003982928819595, 0.03628226076665215, -0.05025010841120376, -0.06607195561369832] - [-0.04245277750776141, 0.2308319373868365, -0.040531200589556546, -0.14784779257750158] - [0.06813475022670613, -0.29346788365123505, 0.1417712097140749, 0.08356182844183395]
B1: -1.5900285896570053e-08 - -3.244387114806362e-09 - 1.9625929505980184e-08 - -4.221424395791359e-09
B2: 1.1177511915524062e-08 - 1.5627456490804418e-08 - -1.6160746896391384e-08 - -1.6472126162597305e-08
