Number: 6620
Error: 1.1470741035672057e-15
A1: [0.08043168253954051, -0.1804678128953494, -0.019588859115817536, 0.11962496959336863] - [0.03741559902461534, 0.13359640519141963, -0.13472616720536026, -0.036285806077088006] - [-0.0017028511562537539, 0.22819008436399357, -0.12282841474160718, -0.10365894235934997] - [0.03886324669088388, -0.11448100632506898, -0.04641642914182851, 0.1220342402070759]
A2: [0.035307464331196116, -0.029273454468229865, -0.07569732972804102, 0.06966343000566734] - [0.10289375237137917, 0.28289670298025005, -0.39260639460650576, 0.0068159977847337275] - [-0.011187073844538339, 0.5390146169895339, -0.3594509907447622, -0.1683764370137398] - [0.09786283343182516, 0.017463350674244354, -0.16885097812583985, 0.05352491409736937]
B1: 1.7939286236221057e-09 - 7.261328706913778e-09 - 5.160984040463625e-09 - 2.668896882105947e-09
B2: 2.51149269651641e-09 - 1.0717842384433888e-08 - -2.0941672553215447e-08 - 1.4816970083467179e-08
