Number: 2154
Error: 0.0004093220233435629
A1: [0.1196581810019379, 0.04074729289470331, 0.10589309849556587, 0.10747908994839837] - [0.03125302832154755, 0.15850236274065968, -0.191265094228909, -0.13454596845890054] - [-0.0428153727497986, 0.4948162839927915, 0.014017133647205238, -0.14271433388213003] - [-0.01295993594422054, -0.0021657830157297796, -0.046525821380102646, -0.032944908158511636]
A2: [0.1209423338190311, -0.19632813263091065, 0.10133126095497749, 0.06216810166207481] - [0.051104825936237615, 0.2197421709758979, -0.07628539958919173, -0.11124177051271619] - [-0.2556662446593648, 0.41325684094282766, -0.3721525918510446, -0.3273636219841927] - [0.008476422078382454, 0.07557854647907489, 0.03338490861965274, 0.07627543380280409]
B1: 0.040561265690774645 - 0.004085288267450534 - -0.023514287766907494 - 0.019566798899893642
B2: 0.037729888904288446 - -0.007666137654670139 - 0.002891803002782015 - 0.007385573513656346
