Number: 4717
Error: 1.7527498659243499e-15
A1: [0.06621314769375831, -0.11395211293789541, -0.023983984241479163, 0.07172283421863067] - [0.03740258040644823, 0.1881933391278034, -0.14740897796400404, -0.07818704136543232] - [-0.060229451935183045, 0.32895072270494613, -0.12775318856425438, -0.1409684006655031] - [0.039046107511758625, -0.05332273506828024, -0.037418640339150384, 0.05169507087709776]
A2: [-0.00910850462208749, -0.3468031099747005, 0.2494551620664656, 0.10645675450149417] - [0.08003988026558767, 0.036282315683904366, -0.05025005269578597, -0.06607189942521395] - [-0.04245280852706766, 0.23083190315202345, -0.04053123383092845, -0.14784782688362988] - [0.06813479182986665, -0.29346783784438535, 0.14177125481565794, 0.08356187508661192]
B1: -2.101553850318593e-08 - 7.772056993951831e-08 - 9.45282830814099e-09 - 8.7472514628985e-09
B2: -4.7703989585666245e-09 - -7.342881385514987e-09 - -2.237953656992448e-08 - 1.7220878148349e-08
