Number: 6640
Error: 9.201878611754977e-16
A1: [0.08043168039746237, -0.180467815037185, -0.019588861255334388, 0.11962496745153511] - [0.03741559696163356, 0.13359640312999924, -0.13472616926423145, -0.03628580813892699] - [-0.0017028584454665948, 0.2281900770749361, -0.12282842202014761, -0.1036589496466175] - [0.038863247319788054, -0.11448100569792974, -0.04641642851332497, 0.12203424083558924]
A2: [0.03530745098381351, -0.02927346785252978, -0.07569734241855841, 0.06966341603617979] - [0.10289374008635, 0.2828966905909561, -0.39260640648842376, 0.006815984920510495] - [-0.011187103458299617, 0.539014587199138, -0.3594510187748226, -0.16837646821880395] - [0.09786281464187412, 0.01746333179882378, -0.16885099601265222, 0.05352489437403224]
B1: -3.8343115059057005e-09 - 3.5433480960210334e-09 - -5.939451480058035e-09 - -5.36955131225394e-09
B2: -2.4033245411228827e-09 - 6.5519249888778666e-09 - -2.9606322019842072e-08 - 1.1638127991406754e-08
