Number: 2324
Error: 7.43198960628953e-05
A1: [0.03335231456255653, -0.08222515396636078, -0.061112455432683836, -0.02641297206144593] - [0.03825405870195788, 0.18672650296592505, -0.14731897830945873, -0.09644123947647391] - [-0.14351001841852493, 0.39549924739886866, -0.12551687828448096, -0.20692623362343576] - [0.024405125128454167, 0.0077802905870944915, -0.04418356675165273, -0.03487780496211969]
A2: [0.09843053945024047, -0.13581878722388538, 0.12392099243152925, 0.06016507179920816] - [0.019321138907808018, 0.1901035501441431, -0.11180096055605135, -0.13782318217410622] - [-0.08799130055493809, 0.5160929684648374, -0.22138235363879827, -0.19160762356795707] - [-0.05863962115451338, -0.015515071545092685, -0.0829131161252487, 0.02514587509628589]
B1: 0.016076086490779313 - -0.005608446758534812 - -0.013440273149744837 - -0.009124775557870309
B2: -0.017420401070696208 - 0.024718021228047574 - -0.009346692931649582 - -0.005736451231553714
