Number: 5347
Error: 1.1912047234277906e-15
A1: [0.06621314139661567, -0.11395211909428443, -0.02398399053364945, 0.07172282793207936] - [0.037402550527755894, 0.18819331058082528, -0.14740900733696535, -0.0781870707409983] - [-0.060229533444857576, 0.328950644418869, -0.1277532683250619, -0.1409684799972946] - [0.039046013299850274, -0.05332282449063237, -0.03741873148595645, 0.051694980470295346]
A2: [-0.009108363938155804, -0.34680296073153305, 0.2494553038883416, 0.1064569020005651] - [0.0800397764501947, 0.03628220384513137, -0.05025016615985609, -0.06607201385278567] - [-0.04245280294715276, 0.23083190931029263, -0.040531227851333534, -0.14784782071248576] - [0.06813479900602806, -0.29346782994322756, 0.14177126259512854, 0.08356188313237742]
B1: -1.5048481325554818e-08 - 4.733380107439923e-08 - -6.732608914273131e-09 - -1.53725452227362e-08
B2: -1.6359110117299806e-09 - -2.094923740928854e-10 - 8.72518018176353e-08 - -9.106060060524407e-08
