Number: 6769
Error: 7.089767979685798e-16
A1: [0.08043161468239174, -0.18046788074481235, -0.01958892689183022, 0.11962490174396949] - [0.037415540033226766, 0.1335963462446802, -0.13472622607920812, -0.036285865035799364] - [-0.0017028688338953093, 0.2281900666867275, -0.1228284323933651, -0.1036589600322733] - [0.03886318018313355, -0.11448107264617151, -0.04641649560720078, 0.12203417374066042]
A2: [0.03530744714643127, -0.029273471700526146, -0.0756973460670889, 0.06966341201993938] - [0.10289374070568635, 0.28289669121554933, -0.3926064058894114, 0.006815985569048184] - [-0.011187096151207153, 0.5390145945498113, -0.35945101185849293, -0.16837646051907343] - [0.09786281427036629, 0.017463331425624753, -0.16885099636629877, 0.053524893984064646]
B1: -1.546872852655855e-08 - -1.835713452670846e-08 - -1.3596895257193272e-08 - -1.6036971136753943e-08
B2: -2.458908901873775e-08 - -1.0841763604766517e-08 - -1.0465146463381585e-08 - -9.85417305559188e-09
