Number: 2720
Error: 6.830807375238954e-09
A1: [0.06372509831191443, -0.047583371360229956, -0.023156343303063088, 0.00814349039861889] - [0.043559484158667956, 0.19117182497287025, -0.14266986759351405, -0.09262477462513789] - [-0.12362370871224479, 0.4146840342449756, -0.10503537628538834, -0.18724794200459194] - [0.03672050654369873, 0.018884199042954984, -0.0334139370040097, -0.023331984260396687]
A2: [0.06325099459351596, -0.17387438918115244, 0.08613753267936863, 0.02377188167594274] - [0.02929831224458275, 0.20030683948100617, -0.10170161325549573, -0.12786486926334642] - [-0.09266949967123381, 0.5144092557568858, -0.2248644076788316, -0.19438061739853996] - [-0.025051826858700294, 0.019392191911294987, -0.0494134323065898, 0.0578297638499849]
B1: -8.913498210838885e-05 - 7.92894822504199e-05 - 2.8658133622528856e-05 - 2.3314864423112575e-05
B2: 0.00020056868065271118 - 5.105215260056067e-05 - -3.805243396111793e-06 - -4.929982592558979e-05
