Number: 7622
Error: 1.3427102707338201e-15
A1: [0.0804317245440609, -0.180467770895594, -0.01958881716153029, 0.11962501159308601] - [0.037415636979466906, 0.13359644311754237, -0.13472612932613218, -0.03628576814326357] - [-0.0017027792930386406, 0.2281901562256715, -0.12282834298361354, -0.10365887051531245] - [0.038863271173671166, -0.11448098191099762, -0.04641640467465266, 0.12203426467463878]
A2: [0.035307487543830805, -0.029273431191384897, -0.07569730765771705, 0.06966345430015168] - [0.10289378060580825, 0.2828967314543146, -0.3926063672985129, 0.006816027350294146] - [-0.011186962715930237, 0.5390147287809507, -0.3594508855589797, -0.16837631991379795] - [0.09786290939861515, 0.0174634269865753, -0.16885090581028264, 0.053524993837666485]
B1: 7.452211437838974e-09 - -4.857405721589348e-09 - 5.219637646339017e-09 - 2.4851316221285664e-09
B2: -6.8288345171436405e-09 - 8.47856813770032e-10 - 2.2140036768088404e-10 - -5.496939361062509e-09
