Number: 998
Error: 0.00044527059235394725
A1: [-0.04077800619991354, -0.042818265148299964, -0.014446224303290237, -0.01750954780074129] - [0.032820274510299834, 0.15766282509070834, -0.17948927628955075, -0.14631082588166358] - [-0.17958872533334075, 0.3424476351329084, -0.14537876696975566, -0.36069966261360625] - [-0.05303518684245223, -0.06528169028548403, -0.06129004536326421, -0.028323475524439465]
A2: [0.12791792534178692, -0.2041594467173651, -0.02081947350087348, -0.030856920770130275] - [0.026479509660319124, 0.19787986151551126, -0.12555239578420158, -0.1338892492050934] - [-0.04910215984954331, 0.6155361225699143, -0.19498647999164015, -0.22064905414326197] - [0.0263232016444911, 0.02545411717605878, 0.033599710376697366, 0.03821302324821404]
B1: -0.008893009430733755 - 0.00029053263252448724 - -0.03730150225271389 - -0.02457761924885086
B2: 0.009376654956328175 - -0.0009324538778488697 - 0.008416508885605307 - -0.008277332857212868
