Number: 3542
Error: 3.2052626509264936e-11
A1: [0.06622848599206459, -0.11393711788431518, -0.023968658663833554, 0.0717381472999516] - [0.037404015225328165, 0.18819470960427973, -0.14740756767166943, -0.0781856301545251] - [-0.06023421796684307, 0.32894614611113865, -0.127757850981573, -0.14097304007101277] - [0.03906542240380376, -0.053304402456051066, -0.03739995433533082, 0.05171360590035616]
A2: [-0.00912865455523732, -0.3468244855842675, 0.24943485045390942, 0.10643562827554301] - [0.08002092172433418, 0.03626189236869948, -0.05027077321564635, -0.06609279608410888] - [-0.042494715896000505, 0.23078565211898824, -0.04057614324277871, -0.1478941756290205] - [0.06813024388636586, -0.2934728459405812, 0.14176632568895076, 0.08355677702670829]
B1: 1.0940050868322355e-06 - 1.1949133543822953e-07 - -1.1038475166907196e-05 - 1.0994551035791808e-05
B2: -3.3063116936600974e-06 - 1.770495809185733e-06 - -7.310806403097252e-06 - -2.878716003019193e-06
