Number: 9818
Error: 5.727969829917306e-16
A1: [0.053172581226998125, -0.1480012398776475, -0.026999016268271375, 0.121827853083763] - [0.005313750275649156, 0.13083672475921765, -0.11360071331820981, -0.02254973287451656] - [-0.014444455876857245, 0.22309164153685812, -0.1270411589134862, -0.0816059122918383] - [0.02714644514933316, -0.10002005298458748, -0.04942452337747631, 0.1222981054193918]
A2: [0.0892542805126209, -0.07291355067945837, -0.12362759751535168, 0.10728620005303668] - [0.1088418841756696, 0.24981433651537752, -0.40484513723411575, 0.046189638079109675] - [0.03663617159547321, 0.46255535783651885, -0.37771721623369003, -0.12147302535993558] - [0.14342667892212702, -0.044606378515288446, -0.20149929555233728, 0.10268011186145194]
B1: 6.017129535906036e-08 - 5.667891628858342e-08 - 4.800359710793109e-08 - -1.56145203188837e-08
B2: 4.094496669609622e-08 - 3.48511101573434e-08 - 5.43764649410252e-08 - 1.5620915371772876e-08
