Number: 6880
Error: 1.0539282142125702e-15
A1: [0.08043165818185752, -0.18046783725027324, -0.01958888344437673, 0.1196249452384672] - [0.03741556465578651, 0.1335963708486033, -0.1347262015057092, -0.03628584042687906] - [-0.0017028393053890739, 0.22819009621460298, -0.12282840290809335, -0.10365893051164782] - [0.03886320707809888, -0.1144810458266844, -0.046416468729373175, 0.12203420061891004]
A2: [0.035307489655964024, -0.02927342907341796, -0.07569730564956706, 0.06966345651077635] - [0.10289377620077862, 0.2828967270118924, -0.39260637155902306, 0.00681602273759779] - [-0.011187126800374828, 0.5390145637178315, -0.359451040868596, -0.16837649281517558] - [0.09786282700282617, 0.017463344215999575, -0.16885098424582126, 0.053524907349001824]
B1: 7.426998365035653e-09 - 1.3184813795515267e-08 - -1.476337094013032e-08 - 4.9255731448354236e-09
B2: 2.9098890040401394e-09 - 6.2752872586292545e-09 - 3.917108436326984e-09 - 5.548257215949819e-09
