Number: 2457
Error: 3.5396355108951586e-07
A1: [0.06939073263272147, -0.041986092961204396, -0.01749801334383561, 0.01379010520227138] - [0.04537309265074063, 0.19290265460848105, -0.14084104809764725, -0.0906619219002422] - [-0.11573592599199002, 0.42249446367434956, -0.09716935025362348, -0.17943926721907727] - [0.03934472245371521, 0.021520970385586854, -0.03079998273599228, -0.020759609085868616]
A2: [0.05921119289912352, -0.1779379614737559, 0.08207925964000588, 0.019813070697484166] - [0.027745371346126584, 0.19876488632630163, -0.10326397172659586, -0.1293971451648718] - [-0.09788121781393036, 0.5093977524447032, -0.23001925775160137, -0.19933886819561772] - [-0.02973012643129773, 0.014809131674981733, -0.054026851782250744, 0.05336560863603192]
B1: 0.00019863322358584844 - 6.088607352882074e-05 - -0.00047369040793391183 - -0.000482429981309716
B2: 0.0009278172937394634 - -0.0008613025061619146 - -0.000511113430411261 - -0.001349938923425015
