Number: 4836
Error: 1.2114615127110076e-15
A1: [0.0662131514299578, -0.11395210928517573, -0.02398398050819721, 0.07172283794857222] - [0.03740259148551614, 0.18819334971310628, -0.147408967072424, -0.07818703047288884] - [-0.060229304966799006, 0.3289508638601009, -0.1277530447495813, -0.1409682576243481] - [0.03904603141044869, -0.053322807300759716, -0.03741871396457965, 0.05169499784947027]
A2: [-0.009108702933803559, -0.34680332035214073, 0.2494549621502558, 0.10645654658282995] - [0.08003986884421506, 0.03628230337982465, -0.05025006517867558, -0.06607191201410487] - [-0.04245279920012467, 0.2308319134457994, -0.040531223835801156, -0.14784781656842222] - [0.06813487861919011, -0.2934677422857646, 0.1417713489035184, 0.08356197239322834]
B1: 9.213417638359724e-09 - 7.089918974800831e-09 - 3.28930075180634e-09 - 2.8785699801328205e-08
B2: 2.2495051752506883e-08 - 1.3179756253536997e-08 - 1.9906149549423432e-08 - -3.2530453877294526e-08
