Number: 7411
Error: 1.1375123596326446e-15
A1: [0.08043167705378455, -0.18046781838048792, -0.019588864595018428, 0.11962496410823795] - [0.03741557878069002, 0.13359638496281714, -0.13472618740894496, -0.03628582630979868] - [-0.0017028092412091258, 0.22819012627813995, -0.12282837288793487, -0.10365890045548905] - [0.038863227485720055, -0.11448102547634119, -0.04641644833476258, 0.12203422101384363]
A2: [0.035307351069634535, -0.029273568043044304, -0.07569743741574707, 0.06966331146520915] - [0.1028936955090333, 0.28289664563532146, -0.392606449603031, 0.006815938241580353] - [-0.011187147747090405, 0.5390145426461769, -0.35945106069514293, -0.16837651488743247] - [0.09786275942873753, 0.01746327633454601, -0.1688510485720071, 0.05352483641823714]
B1: 3.1615383625005583e-09 - 7.986157704167291e-09 - 1.8886341054038056e-08 - 1.0662090701651132e-08
B2: 6.521441055826553e-09 - 4.117986617671071e-09 - 2.2843671642867686e-08 - 9.785217544608601e-09
