Number: 4557
Error: 1.0890786413912378e-15
A1: [0.06621307157822039, -0.11395218735251297, -0.02398406029727721, 0.07172275823084312] - [0.03740248352990407, 0.18819324656881842, -0.14740907320107538, -0.07818713661093483] - [-0.060229532219658974, 0.328950645596157, -0.12775326712589766, -0.1409684788046423] - [0.0390461886194429, -0.05332265808385399, -0.03741856187014128, 0.05169514870898025]
A2: [-0.009108526921915135, -0.3468031336312848, 0.24945513958626797, 0.1064567311214614] - [0.08003984406435703, 0.03628227668483233, -0.05025009226166874, -0.06607193932703616] - [-0.04245286769385365, 0.23083183785195555, -0.04053129723636146, -0.14784789231976356] - [0.06813469149574097, -0.2934679483165054, 0.14177114604392607, 0.08356176259368849]
B1: -2.9242338483115412e-08 - -3.36715284953835e-08 - 8.039481719134353e-09 - 3.6664649815539275e-09
B2: -4.566458184495733e-08 - -6.810164607712797e-08 - 7.500459234956336e-08 - -2.7941202389705747e-08
