Number: 326
Error: 3.2600331167644857e-09
A1: [-0.012528678940958604, -0.014902628118445197, 0.01767248848528557, 0.008182096722292297] - [0.0657256554057012, 0.18938984756527485, -0.14543587392750335, -0.11013057094314208] - [-0.09646478981486396, 0.42162014673032366, -0.05364364338434555, -0.27223580667082664] - [-0.0015217299888568578, -0.018411799032686898, -0.004048230805860035, 0.02314529001052693]
A2: [0.16154928820697814, -0.16779151870416342, 0.00846464411434116, -0.002369577743894934] - [0.03545600324449311, 0.2074874845744124, -0.11724001593031412, -0.12582109372688072] - [-0.08630352549672923, 0.5814499791660842, -0.23547628486900676, -0.260023319829309] - [-0.0038736217903531447, -0.004557275677469521, 0.001072040821840393, 0.007206450239265532]
B1: -4.3505992459285345e-05 - -0.0002998032912543141 - -4.74271584292514e-05 - -4.239781715293399e-05
B2: -0.00013584912596101303 - -0.0003178948443157954 - 8.509250370135714e-05 - 7.656403030394378e-05
