Number: 9713
Error: 4.622481913700617e-15
A1: [0.053172460181479086, -0.14800136096784552, -0.026999137180586063, 0.1218277319797953] - [0.005313652326459932, 0.13083662670700513, -0.11360081125317073, -0.022549830961971197] - [-0.01444462888102324, 0.22309146846910832, -0.1270413317808632, -0.08160608535784053] - [0.027146340614388757, -0.10002015751950051, -0.049424628133123115, 0.12229800061873727]
A2: [0.08925464424535354, -0.0729131877881398, -0.12362724197786192, 0.10728656827066764] - [0.10884145565544491, 0.24981390791947347, -0.40484555726668475, 0.04618920234883023] - [0.03663579811867213, 0.46255498630319747, -0.37771758061639427, -0.12147340271027648] - [0.14342634210551883, -0.044606714077569956, -0.2014996244246291, 0.1026797700477786]
B1: -7.49089923033692e-09 - 6.2113763104078e-08 - -1.5367427302427031e-07 - 2.3620968498894998e-08
B2: 6.251868067781976e-08 - 5.186531933519258e-08 - -5.62083892386319e-09 - 6.254279085350331e-08
