Number: 832
Error: 1.2355024413477976e-11
A1: [-0.01215211449305026, -0.0145158560534889, 0.018088697432175824, 0.008584464471962382] - [0.06583921946020489, 0.1894990933816294, -0.1453184511125821, -0.11000412493178129] - [-0.09629634085565801, 0.42178293257848837, -0.05346087816723931, -0.27203954026124205] - [-0.0013090317536134368, -0.018207253501707963, -0.0038218384688073984, 0.023391155264985114]
A2: [0.16158400898626896, -0.16775743404300048, 0.008498676677026647, -0.002335712958492013] - [0.035486323447717856, 0.20751731205593382, -0.11720982681571478, -0.12579144264662012] - [-0.08621636545043093, 0.5815353588119068, -0.23539147141968456, -0.259938318621892] - [-0.0038384919158468197, -0.004522755824866356, 0.0011067683257094606, 0.007240020738573496]
B1: 5.897379532140113e-07 - -9.815559583840297e-07 - 1.1788944029621721e-06 - -9.134686223841397e-07
B2: 2.679968692906355e-06 - -2.8393261673360152e-06 - 1.9152225389418957e-06 - 9.002855222911027e-06
