Number: 8014
Error: 1.1739672410038166e-15
A1: [0.08043168901316043, -0.18046780642247168, -0.019588852649939675, 0.1196249760662487] - [0.03741564651801784, 0.13359645264888254, -0.13472611980653262, -0.036285758609971804] - [-0.0017027925438282258, 0.2281901429751654, -0.12282835621499297, -0.10365888376255981] - [0.03886323771878224, -0.1144810152719999, -0.046416438108209744, 0.12203423124055023]
A2: [0.03530743903516003, -0.029273479834217696, -0.07569735377916735, 0.06966340353059287] - [0.10289368166015771, 0.2828966316689176, -0.3926064629974994, 0.00681592373981408] - [-0.011187096629563244, 0.5390145940685671, -0.35945101231125604, -0.16837646102315362] - [0.0978627761804869, 0.017463293162479687, -0.16885103262542916, 0.053524854002121605]
B1: -8.89570069482256e-09 - 1.9409219402045058e-08 - -5.157978666465902e-09 - 5.0223227759682895e-09
B2: 7.372534358470494e-08 - -1.1171847418895137e-07 - 3.6877910028988942e-09 - 5.9022402165085054e-08
