Number: 3457
Error: 6.561146457656888e-09
A1: [0.06608736798709827, -0.11407515761078188, -0.024109780627401368, 0.0715972256347712] - [0.03693764617559643, 0.18774913805974977, -0.14786593214415134, -0.07864411539034763] - [-0.06028739928745463, 0.32889505749808245, -0.1278098522397837, -0.14102491111294882] - [0.03861421127597277, -0.053732546194778436, -0.037836256882660006, 0.05128069018517802]
A2: [-0.009354793535511344, -0.3470642812841793, 0.24920692025110208, 0.10619878750247716] - [0.07994060781485117, 0.03617536763014042, -0.05035858765758226, -0.06618128081282885] - [-0.04224058952330807, 0.23106592610072968, -0.04030388474700029, -0.1476132341164947] - [0.06804524810356372, -0.29356644415120653, 0.14167431308137768, 0.08346157772390854]
B1: -8.108064848862217e-05 - -0.00010529159787585156 - -0.00010070718976651455 - -3.0836788985951145e-05
B2: -0.0002291755729772082 - 0.0002641607987474981 - -1.9742747154244325e-05 - -9.082528367331666e-05
