Number: 2181
Error: 0.00020991170714026907
A1: [0.012171844248897284, -0.0783192312907457, -0.04125843066215791, 0.0037122214675365563] - [0.057478249411721805, 0.1880090024826231, -0.15399911018021234, -0.10164599205969985] - [-0.0861310927689056, 0.44933163317031855, -0.0645952392425704, -0.17828391161945345] - [-0.0062453926452540574, 0.01699802438932451, -0.020747315128708626, -0.028486113051482482]
A2: [0.2777797538738322, -0.020763998341538005, 0.2897707822360333, 0.24118995359971557] - [0.03152942359367816, 0.1983986956181795, -0.10219909393746872, -0.13020913953788038] - [-0.10092663703465343, 0.5328116126855111, -0.21878288552053426, -0.20337434844838623] - [0.09900553358436104, 0.1875906736150233, 0.12689388574324906, 0.20023592864269657]
B1: 0.025192373685956188 - 0.009433313310312524 - -0.02618933713139932 - -0.05125782275586
B2: -0.009515410465091939 - -0.0033786197051607963 - -0.013496661368968823 - 0.01614457351738896
