Number: 4497
Error: 1.3865935518210904e-15
A1: [0.06621318986492546, -0.11395207170911424, -0.02398394210339837, 0.07172287631904758] - [0.037402630781205475, 0.1881933872574613, -0.1474089284417464, -0.07818699183879271] - [-0.060229665354126966, 0.3289505177278006, -0.12775339740342725, -0.1409686083815921] - [0.03904620663898845, -0.053322640980367514, -0.037418544436816754, 0.05169516600077854]
A2: [-0.009108604182632858, -0.3468032155927691, 0.24945506170042914, 0.10645665011787919] - [0.08003982541170594, 0.03628225659059001, -0.050250112647957444, -0.06607195988641079] - [-0.042452753457784584, 0.23083196392984393, -0.0405311748165941, -0.14784776597910293] - [0.06813459037376188, -0.2934680596561284, 0.14177103641812488, 0.08356164921735616]
B1: -2.4429661141429772e-08 - 6.804661362715971e-09 - 3.699465004281253e-08 - -5.72005096094389e-08
B2: 1.7254736160133921e-09 - -1.1011001491600107e-08 - -1.9816856919244847e-08 - -1.2573739020801882e-08
