Number: 1854
Error: 2.8208914711438734e-07
A1: [-0.006120784177939513, -0.013893257919004545, 0.004147898917656614, 0.020539271759783442] - [0.06800047623327063, 0.19101984890864662, -0.145520771772439, -0.10855536681807862] - [-0.11517437995212554, 0.43927615081238325, -0.07354383503293022, -0.26089406054883135] - [-0.02468547890399989, 0.014087673625500707, -0.0313502060205406, 0.037528232771661486]
A2: [0.13088632308208978, -0.22535629593176415, 0.021973472142183696, 0.06946414645840075] - [0.03298149899977111, 0.20409328496403426, -0.11455239560174389, -0.12112063110239593] - [-0.09642106457452002, 0.5537809607422273, -0.23689005788095846, -0.22729419406485735] - [-0.022859220171249563, -0.02131986710725389, 0.006083392772432675, 0.03020630733361238]
B1: 0.0007944200703784883 - 0.0008040579765125809 - 0.001013975398740939 - 0.00022802458761879912
B2: -0.00022381533638792499 - 0.0010984291768634223 - 0.0008072147357475423 - 0.0003129940130818835
