Number: 3853
Error: 7.310297825539256e-16
A1: [0.06621309359041457, -0.11395216583217144, -0.02398403830233903, 0.07172278020612702] - [0.03740254061800523, 0.18819330111265095, -0.14740901707909715, -0.07818708048396276] - [-0.06022937091727186, 0.32895080051826225, -0.12775310928486588, -0.14096832181274815] - [0.039046193004858676, -0.053322653921466026, -0.03741855762744257, 0.05169515291724044]
A2: [-0.009108591584800521, -0.3468032022284775, 0.24945507440029482, 0.10645666332601159] - [0.0800398249158913, 0.036282256056429006, -0.0502501131898752, -0.06607196043295786] - [-0.04245280345975967, 0.23083190874463136, -0.04053122840071601, -0.14784782127939994] - [0.06813477085903605, -0.29346786093412375, 0.14177123208155618, 0.08356185157450201]
B1: -1.595677406779535e-09 - -3.1707761100987445e-08 - -1.2584685029761474e-08 - -2.035667411755285e-08
B2: -3.1282942613555175e-08 - -2.982173882132389e-08 - 7.498150094281387e-08 - -7.958728616448386e-08
