Number: 8400
Error: 8.26829484985129e-16
A1: [0.08043166871783368, -0.18046782671549536, -0.019588872921040376, 0.11962495577322396] - [0.03741558882310377, 0.1335963949976431, -0.13472617738641007, -0.03628581627287674] - [-0.0017028362636182614, 0.2281900992563078, -0.12282839987077537, -0.10365892747067684] - [0.03886321239216876, -0.11448104052751389, -0.04641646341869473, 0.1220342059296846]
A2: [0.035307447387161746, -0.029273471459083933, -0.0756973458381626, 0.06966341227184936] - [0.10289378382417604, 0.28289673470001725, -0.3926063641856957, 0.006816030720337886] - [-0.011187096830624566, 0.5390145938662796, -0.35945101250156947, -0.16837646123502495] - [0.09786278111156634, 0.01746329811596709, -0.16885102793137097, 0.05352485917814855]
B1: 2.4430406718919818e-08 - -6.501613504299821e-09 - 9.075915002402486e-09 - 1.2539088550999345e-08
B2: -3.7912738568232295e-09 - 1.670636044289616e-08 - 8.461760222164863e-09 - -5.4871341150864975e-09
