Number: 4971
Error: 7.941616416622082e-16
A1: [0.0662131714679099, -0.11395208969498416, -0.0239839604859561, 0.0717228579529167] - [0.03740262455772669, 0.18819338131137642, -0.1474089345598956, -0.07818699795748528] - [-0.060229410689000056, 0.3289507623196585, -0.12775314820313113, -0.14096836052148526] - [0.03904611221917748, -0.05332273060012144, -0.03741863578480559, 0.05169507539444519]
A2: [-0.00910848858061027, -0.3468030929572861, 0.24945517823777955, 0.10645677132016373] - [0.08003984024380428, 0.03628227256901899, -0.050250096437250834, -0.06607194353811235] - [-0.04245279345047388, 0.2308319197914599, -0.04053121767424474, -0.14784781020955023] - [0.06813480162940268, -0.2934678270546947, 0.14177126543931715, 0.08356188607366018]
B1: 4.5701409561497997e-08 - 7.757275835673805e-09 - -2.13988631280708e-09 - 7.056609083200957e-09
B2: 1.6592287881208787e-08 - 5.879688971135662e-09 - 1.1497782619204968e-08 - 2.753848747074582e-08
