Number: 2958
Error: 1.6878195064040105e-08
A1: [0.06324586355587462, -0.04805972117059239, -0.023630504032061864, 0.007666770461624502] - [0.04361960631407633, 0.1912302495087855, -0.14260755580441906, -0.09255723783699896] - [-0.12363845244565871, 0.414670975946344, -0.1050521070081993, -0.18726390844676058] - [0.03692931280674767, 0.019094799166989168, -0.03320717783607393, -0.023124975823410738]
A2: [0.06415816822407674, -0.17297282952002202, 0.08703938318571218, 0.024665138363072898] - [0.028944696850487367, 0.199958343772841, -0.10205461973982591, -0.1282113638495093] - [-0.09356714014868667, 0.5135274677957589, -0.22576115633813454, -0.19524808929598977] - [-0.026173699414718546, 0.01827354138114491, -0.05053409444190767, 0.0567388228474158]
B1: 0.00025456344800167804 - -0.00013561199287097605 - -0.00022133478705003133 - -0.00022464719981771044
B2: 0.00015985953259931815 - -0.0004107396570430188 - -5.9258769138186e-06 - -1.9766171124234385e-05
