Number: 1440
Error: 2.1519618102412183e-10
A1: [-0.007198855493648739, -0.01500521801682509, 0.00298539119519668, 0.019443116334812348] - [0.06678154336587024, 0.189840946272067, -0.14678181867526713, -0.10991263483464107] - [-0.11267300757726412, 0.44169929963953825, -0.07088083694780477, -0.2581947911526328] - [-0.02343262587037598, 0.015281931878822914, -0.029999312471200423, 0.03884470229020457]
A2: [0.13163950454841777, -0.22457591755716683, 0.02271906143656941, 0.07021274501667422] - [0.03264268525362091, 0.2037457373574863, -0.11489183532546943, -0.12146094219218183] - [-0.09452639902693462, 0.5556348016580586, -0.235107672325104, -0.2255403928866506] - [-0.021021426938994888, -0.019467130088448425, 0.00792559530266933, 0.03199520519171266]
B1: 1.7741883947966722e-05 - 2.572561380324916e-05 - 7.01488533495811e-06 - -1.956519435425543e-05
B2: 3.440320784443785e-05 - -6.878487020790054e-06 - 3.796517621624394e-05 - -9.795023249038444e-06
