Number: 9424
Error: 2.8379413658323123e-12
A1: [0.05317383073472048, -0.14799998990265748, -0.026997768173230925, 0.12182910318856396] - [0.0053097121629570405, 0.13083268253255756, -0.11360475071751437, -0.02255377646372765] - [-0.014436221276835436, 0.22309987896210615, -0.1270329309426933, -0.08159767492441658] - [0.027142431525014662, -0.10002406624347657, -0.0494285451863153, 0.12229408206078693]
A2: [0.08924865408968648, -0.07291916410120357, -0.1236330971460046, 0.10728050439473001] - [0.10885630156796498, 0.249828756455768, -0.4048310053490732, 0.046204298005583885] - [0.036632676645459966, 0.4625518809151547, -0.37772062598448997, -0.12147655674299404] - [0.14342750582615793, -0.044605554950212754, -0.20149848798648495, 0.10268095065640434]
B1: 1.2604807734365102e-06 - -1.5893006480887424e-06 - 3.1129194294195197e-06 - 2.9354978451365788e-06
B2: 1.1033857079600653e-06 - -4.871667360008914e-07 - 2.3880152787305464e-06 - 8.811678799165173e-07
