Number: 9529
Error: 1.2716747971384075e-13
A1: [0.05317183728626664, -0.14800198410758553, -0.026999759395596554, 0.12182710879665734] - [0.005313363084921812, 0.13083633713018442, -0.11360110048004586, -0.022550120627921326] - [-0.014444919644604908, 0.2230911775825499, -0.12704162232974486, -0.08160637623688713] - [0.027145652375598815, -0.1000208457659052, -0.049425317830024185, 0.12229731061876216]
A2: [0.08925582875465103, -0.07291200603762132, -0.12362608417214739, 0.1072877673697803] - [0.10883919746239991, 0.24981164932811925, -0.404847770741202, 0.0461869061523409] - [0.03663365368255262, 0.4625528530318258, -0.3777196728365544, -0.1214755693901411] - [0.14342436312011003, -0.0446086856899732, -0.2015015567278212, 0.1026777617105951]
B1: 4.524917547818825e-08 - -4.228148876325896e-07 - 6.630413761343e-08 - 3.9550139226779315e-07
B2: 1.6306887111441575e-07 - 2.8902776771225215e-07 - 2.9217355955983864e-07 - 5.068216248354105e-07
