Number: 1711
Error: 4.934905571244235e-08
A1: [-0.006542852810647913, -0.014357784363717504, 0.003666821655717133, 0.02010186611504525] - [0.06647329236475953, 0.18954438860987255, -0.1471011676898682, -0.11025609460656177] - [-0.11370532145765554, 0.44066407389337153, -0.07196627128874136, -0.2593193094646839] - [-0.02280299365570246, 0.01588070188733502, -0.02935834607080933, 0.039498220512780464]
A2: [0.13072671072792916, -0.22544663389039662, 0.02183112389864792, 0.0693207361144368] - [0.032352567625884864, 0.20346079834372507, -0.11518083899822895, -0.12174173172966239] - [-0.0961754689686925, 0.5540366689023342, -0.2367150802896291, -0.22716097605965752] - [-0.021270418352189978, -0.019692836062406082, 0.0076856077799878665, 0.03175663702661407]
B1: 8.070660166288178e-05 - -0.00036264078860684986 - 0.0005911345464546163 - -9.711316738833338e-05
B2: 5.390074531383746e-05 - -7.287283411502372e-05 - -2.76524210521212e-05 - -0.00016524682907339736
