Number: 9124
Error: 1.0901757650311057e-05
A1: [0.0709656996339101, -0.1305425596078937, -0.009249677400509283, 0.13919456540051045] - [0.01152316797140794, 0.13712720356708857, -0.10739522426887786, -0.016175051539554123] - [-0.013283086358669392, 0.22459143077103097, -0.12567863909831883, -0.07987085129970276] - [0.0389248882693344, -0.08825681936764408, -0.037435013194884126, 0.13413079559370145]
A2: [0.07601835044925491, -0.08566119544980269, -0.13574141126003691, 0.0942338969201607] - [0.11059989762645402, 0.25155691330743574, -0.403130596846845, 0.04793589319823301] - [0.030302899165507394, 0.45646883114256565, -0.38359392613184917, -0.12789123213006556] - [0.15592130980441596, -0.03228416047663011, -0.18963443594177148, 0.11519580374623802]
B1: -0.004167189782841141 - 0.0014676297767432676 - 0.00259714264118332 - 0.00430658304413282
B2: -0.0009814554801140434 - 0.004722017675387926 - 0.007235873194138558 - 0.0022730865793948243
