Number: 5730
Error: 0.007366030614861551
A1: [-0.1812177346810656, -0.428637155066873, -0.28630129535262216, -0.14176621675304252] - [-0.2519160205157707, -0.15863597780393246, -0.43688188082195833, -0.33049828021347505] - [-0.2430249228058455, 0.030323255684620302, -0.35825353214200706, -0.33691409637832875] - [-0.06561299462118812, -0.16860462380599528, -0.13629273091573577, 0.029963163467831656]
A2: [0.005215404725571748, -0.052943157362979054, -0.05337392440220603, 0.02067749767833632] - [0.1763978640248694, 0.36117634371556734, -0.2799007610209244, 0.07415915970386758] - [-0.03664659905637764, 0.5223114150143413, -0.3404903560002261, -0.22264854314499127] - [0.07251454790673173, -0.0002818316156273232, -0.14530097256526905, 0.00400397784047668]
B1: -0.2595322895060275 - -0.4625901855124844 - -0.2913046682884556 - -0.29679782908834185
B2: -0.25600005337155596 - -0.24144921425483773 - -0.3472881368646006 - -0.19155312199813984
