Number: 3899
Error: 1.1405287332251892e-15
A1: [0.06621313781082548, -0.11395212259994623, -0.023983994116631328, 0.07172282435232494] - [0.037402556262710496, 0.1881933160601026, -0.14740900169915305, -0.07818706510265806] - [-0.06022939023571157, 0.32895078196396754, -0.12775312818874027, -0.14096834061494537] - [0.03904610760700194, -0.053322734977859304, -0.03741864024699904, 0.05169507096853847]
A2: [-0.009108645534224257, -0.34680325946041507, 0.24945502001435735, 0.10645660676296427] - [0.08003977962026014, 0.03628220726004491, -0.05025016269544016, -0.06607201035888542] - [-0.042452863751755145, 0.2308318422025912, -0.040531293012040726, -0.147847887960132] - [0.06813481344735188, -0.2934678140424999, 0.1417712782514167, 0.08356189932390509]
B1: -2.024341012443662e-08 - -9.563090444172078e-09 - -1.9940645690932086e-08 - 1.1539041408338603e-08
B2: -1.519874130898446e-08 - -2.4846621553526084e-08 - 9.064702311366658e-09 - -1.5143472648426442e-08
