Number: 4871
Error: 9.35087371887488e-16
A1: [0.06621318263293646, -0.11395207877945994, -0.023983949329694658, 0.07172286909919813] - [0.037402601210757405, 0.18819335900492207, -0.14740895751176158, -0.07818702091138047] - [-0.06022934523537066, 0.3289508251843378, -0.127753084154036, -0.14096829681687278] - [0.03904624396282152, -0.05332260555390456, -0.03741850832715277, 0.051695201817187716]
A2: [-0.009108566417229028, -0.34680317552961204, 0.24945509977139543, 0.10645668971284349] - [0.08003989694326596, 0.03628233365053652, -0.050250034468025014, -0.0660718810426914] - [-0.04245277563080839, 0.23083193945831323, -0.04053119857800909, -0.1478477905017053] - [0.06813483964270005, -0.2934677852004738, 0.1417713066493421, 0.08356192869350244]
B1: -8.392144607169004e-09 - -3.1357098490229666e-10 - -1.5298151742486672e-08 - -1.2959699978405441e-09
B2: -3.231750779399993e-08 - -2.318286132523943e-08 - 4.057532436380294e-09 - 2.596004245996642e-08
