Number: 2165
Error: 0.00016294013778524365
A1: [0.10551780778382608, 0.02453498438122504, 0.06670348624104794, 0.09816915541880354] - [0.046704730239886014, 0.17390369884057255, -0.17071637870189624, -0.11622296709721497] - [-0.12778452378197058, 0.4075001136750364, -0.09345085564772734, -0.23249192027451648] - [-0.02082060263722158, -0.005577609635389613, -0.04668762182811878, -0.04181479371765534]
A2: [0.15037276411137007, -0.1762983896899887, 0.11459257990123224, 0.08861551954904279] - [0.021699596680017485, 0.19084064864305875, -0.10700187735241214, -0.13882363093143785] - [-0.10170984579816154, 0.5463953658403774, -0.21169226650366996, -0.19150600867918888] - [-0.0952843483672786, -0.012964828165437071, -0.07516982375257594, 0.0019672182872975605]
B1: 0.013684854888352135 - -0.005610940322906077 - -0.007206275734021826 - 0.024377416337126166
B2: 0.02718672142762787 - 0.0018455897123477736 - 0.05748189059806767 - -0.04748966905994887
