Number: 2652
Error: 1.543625925611966e-08
A1: [0.06266971263123895, -0.048634249519084606, -0.024201246379650123, 0.007097427098432121] - [0.04353977405592333, 0.1911521586547782, -0.1426904450781128, -0.0926467632724679] - [-0.12432940874161713, 0.41398306401020585, -0.10574068073090553, -0.18794999379085067] - [0.03626487304013047, 0.01842895302045645, -0.033868354157513186, -0.023783920097705188]
A2: [0.0626126304761433, -0.17451176894364384, 0.08550204039309872, 0.02314149292697247] - [0.029169592929102605, 0.20018007627469855, -0.1018303252914382, -0.1279909410876099] - [-0.09338886131927907, 0.513703037689034, -0.22558674506467755, -0.19507689203380468] - [-0.025463051379591664, 0.018983926326199108, -0.04982718822388562, 0.057429972108806786]
B1: 0.0003518130202865717 - -0.0003673740252892916 - 4.6606667608065544e-05 - -9.289527110652992e-05
B2: 9.191109488934028e-05 - -0.00021657335008347774 - 2.9462562499333574e-05 - -1.715072559313286e-05
