Number: 5612
Error: 5.6484111743102875e-08
A1: [0.06651847002227308, -0.11365368922611793, -0.023679542974098612, 0.07202686794731816] - [0.0373446216450089, 0.18813816025550315, -0.14746607631721353, -0.07824456354287808] - [-0.06042655575873789, 0.32876063305177516, -0.12794734457152532, -0.1411613123448675] - [0.03902051466508209, -0.053347416092307094, -0.03744394473932056, 0.051670013271495084]
A2: [-0.008357370864350951, -0.34600661972099733, 0.2502119328531978, 0.10724410033200923] - [0.0797313496162125, 0.03594991952083842, -0.05058727213239513, -0.06641190716082088] - [-0.04260460763066208, 0.23066442138341714, -0.040694250183337416, -0.14801620327970122] - [0.06803124276699533, -0.293581810085173, 0.14165810981639718, 0.08344491859490297]
B1: 6.035873981796204e-05 - 0.0006260600551410975 - -0.00017958956727533648 - -0.00023208441921123785
B2: -0.00019625864463438197 - -0.0003407350477130464 - -3.852739685537214e-05 - -8.092387946060289e-05
