Number: 469
Error: 6.646679967985904e-13
A1: [-0.012146225494159144, -0.014509807418260271, 0.018095206668459613, 0.008590757613635322] - [0.06583460261325323, 0.18949465216166744, -0.14532322452907115, -0.11000926532743914] - [-0.09628603853585305, 0.4217928896900118, -0.053449698791073676, -0.27202753742773383] - [-0.0013158388357213423, -0.01821380008578577, -0.003829084223397269, 0.023383287340828198]
A2: [0.16159100372840865, -0.16775057105993119, 0.008505530517767732, -0.002328894158908273] - [0.03548702303408608, 0.2075180004107179, -0.11720913014915543, -0.12579075829108097] - [-0.08621250796449069, 0.5815391372618093, -0.2353877178531997, -0.25993455720316244] - [-0.003833649188951876, -0.004517993598252735, 0.0011115615101797102, 0.007244653860989121]
B1: 1.023250986257152e-06 - -2.1618379274260104e-06 - -7.92141091483583e-09 - -1.0687118062371509e-07
B2: 3.1901410330507104e-07 - -4.574126920255603e-07 - 7.027846274705265e-07 - -3.849638406338764e-08
