Number: 1256
Error: 6.038988330843055e-09
A1: [-0.008032733975722949, -0.015846581047442236, 0.0021197510899767812, 0.018586275601381333] - [0.06708048022891638, 0.1901286705313925, -0.14647315763032237, -0.10958000464256619] - [-0.11359908378403734, 0.440792330265962, -0.07184359453715358, -0.25919839564752756] - [-0.024485293539955294, 0.014247957558763213, -0.031072032315696208, 0.03773247410786606]
A2: [0.13220011643970714, -0.224024247730721, 0.023270901928316975, 0.07076100712161904] - [0.03282266172248278, 0.2039227459523083, -0.1147125769027775, -0.12128470437439044] - [-0.0938061513892785, 0.5563464251921452, -0.23440004118579608, -0.22483178157374625] - [-0.021171873769782378, -0.01961681586093557, 0.007777444072783976, 0.031851315542417165]
B1: -0.0001678559920027856 - -0.000513661147052073 - 0.00016792145797111792 - -1.1860237728369933e-05
B2: 2.3655119550440514e-05 - -0.00026809038213383533 - -8.744105874379114e-05 - -1.3261417953891962e-05
