Number: 7746
Error: 9.518543064083475e-16
A1: [0.08043166625199999, -0.18046782918105364, -0.019588875383876443, 0.11962495330769198] - [0.037415535305939086, 0.1335963415209631, -0.13472623079706084, -0.03628586976046392] - [-0.0017028588955665448, 0.22819007662484084, -0.12282842246958159, -0.10365895009659024] - [0.03886321610072186, -0.11448103682939412, -0.046416459712494834, 0.12203420963592622]
A2: [0.03530742331982594, -0.02927349559302073, -0.07569736872113965, 0.06966338708282634] - [0.1028936912195637, 0.2828966413094521, -0.3926064537517583, 0.006815933749895149] - [-0.011187119004827458, 0.5390145715598733, -0.359451033489948, -0.16837648460072283] - [0.09786278824136167, 0.017463305278227967, -0.16885102114423767, 0.05352486666209779]
B1: -4.3191995251137315e-09 - -1.7405872684003096e-08 - 3.8304672285283375e-10 - -3.943248314641216e-10
B2: 4.141380184538063e-09 - -3.87522177591616e-08 - -5.048919140496364e-09 - 3.4051291015749795e-09
