Number: 5756
Error: 0.001034518017321382
A1: [0.09027251341566195, -0.18090157929122672, -0.015411007822384418, 0.12565775221792122] - [0.08642158191270391, 0.15948689084446818, -0.09815168907644763, 0.004405581302646621] - [-0.10870731956447578, 0.1344978924465454, -0.22563751689665706, -0.20780075143253407] - [-0.020544319843964175, -0.1535049760913146, -0.09598307398404063, 0.06875080007320888]
A2: [-0.03755150317309541, -0.1050506250594307, -0.12740410545341604, -0.003174740729803307] - [0.21935759465363214, 0.4047770825785881, -0.29133974211521624, 0.11745034058610139] - [-0.02711006822220853, 0.5253263930109171, -0.36925429928994846, -0.192650674612367] - [0.06859122202342231, -0.011139715671895799, -0.1882939892735964, 0.01871283407303892]
B1: -0.0384861485148221 - -0.0016424746604927314 - -0.024014558247325617 - -0.0238885259847463
B2: 0.030185205433402897 - 0.05413968738663984 - -0.009717871278651782 - -0.06326712376523151
