Number: 5532
Error: 1.663385007477461e-11
A1: [0.06621430540103616, -0.1139509811179365, -0.023982827447773507, 0.07172398997897024] - [0.037414490939968154, 0.1882047189053906, -0.14739726896731478, -0.07817533134161139] - [-0.060216900973450393, 0.3289627769170279, -0.12774090702860072, -0.14095618514291378] - [0.03904455356389771, -0.053324210388317375, -0.03742014386537277, 0.05169357959211975]
A2: [-0.009093378383566678, -0.34678706326927944, 0.24947041015140836, 0.10647261260859893] - [0.08004070873946796, 0.036283208225359236, -0.05024914735284256, -0.06607098645178966] - [-0.042447535864380735, 0.2308377224921885, -0.04052558381438855, -0.14784199614862126] - [0.06814227804344858, -0.29345959509829983, 0.1417793701674402, 0.0835702678187813]
B1: 4.05632745364502e-06 - 2.095506178972713e-07 - 2.4377508195976175e-06 - 2.7979365176135857e-06
B2: -1.705510610615655e-06 - -7.278215022700134e-06 - 4.855715181285227e-07 - 6.684808169308662e-06
