Number: 9792
Error: 1.3002687740711225e-15
A1: [0.05317248498529849, -0.14800133615472355, -0.026999112403892436, 0.12182775679566327] - [0.005313780400518774, 0.13083675491566976, -0.11360068319791827, -0.022549702707187706] - [-0.014444549793283967, 0.22309154758601857, -0.12704125275558636, -0.08160600624178276] - [0.02714652430579185, -0.10001997382825335, -0.04942444405404592, 0.12229818477697785]
A2: [0.08925449015930782, -0.07291334151759697, -0.12362739259215311, 0.10728641228470008] - [0.10884163748444861, 0.24981408978062997, -0.4048453790391442, 0.04618938723721256] - [0.03663578911167021, 0.46255497734289047, -0.37771758940396155, -0.12147341181070434] - [0.14342657592843958, -0.04460648112535023, -0.20149939611675655, 0.10268000733975995]
B1: 1.004993834697889e-07 - -1.3955323394134494e-08 - -4.955491627522013e-08 - -1.4484391871312553e-08
B2: -4.184448114911274e-09 - 2.1347180291162186e-08 - -3.856793616064963e-08 - 4.774460311517341e-08
