Number: 6119
Error: 1.5269398548467184e-15
A1: [0.08043162122265182, -0.18046787420530272, -0.019588920359391727, 0.11962490828348038] - [0.037415567534707525, 0.1335963737253338, -0.1347261986325292, -0.036285837549553425] - [-0.0017028874892993677, 0.22819004803172857, -0.12282845102145719, -0.10365897868270946] - [0.03886292611207329, -0.11448132600421539, -0.04641674951636675, 0.12203391982750286]
A2: [0.03530737750077967, -0.029273541538812953, -0.07569741228524027, 0.06966333912817421] - [0.10289351402662662, 0.28289646261261775, -0.39260662513037303, 0.0068157482028546115] - [-0.011187209281956236, 0.5390144807442804, -0.3594511189391385, -0.1683765797289611] - [0.09786266063633904, 0.01746317709275618, -0.16885114261585155, 0.05352473271826944]
B1: 4.1178357613077515e-09 - -1.8154055174875387e-08 - 1.3154193879951558e-08 - -5.280123253435179e-09
B2: 1.8312536405149766e-07 - 2.2341721953904835e-07 - -3.065858105680157e-07 - -2.241274719820956e-08
