Number: 4046
Error: 8.301677491734643e-16
A1: [0.06621318520728817, -0.11395207626264652, -0.02398394675735912, 0.07172287166924547] - [0.03740263181999261, 0.18819338824995438, -0.14740892742054854, -0.078186990817485] - [-0.060229404586696046, 0.3289507681806347, -0.12775314223175796, -0.14096835458242685] - [0.03904611862110247, -0.053322724523708634, -0.03741862959123427, 0.0516950815377733]
A2: [-0.009108680938193702, -0.3468032970184864, 0.24945498432392565, 0.10645656964385253] - [0.08003985152600901, 0.03628228472314999, -0.05025008410653684, -0.06607193110265594] - [-0.04245292408544128, 0.2308317756145685, -0.040531357668018964, -0.14784795468692744] - [0.06813478932218364, -0.29346784060540493, 0.141771252097352, 0.08356187227509536]
B1: 3.648564617983841e-08 - -1.45343327893509e-08 - -2.2393764766718487e-08 - 1.711722359185233e-08
B2: 5.624964249020535e-09 - 3.401073698157769e-08 - -4.509077587221661e-09 - -1.3915754601424757e-08
