Number: 828
Error: 5.989759355582025e-12
A1: [-0.012148211387826473, -0.01451184717718975, 0.018093011539366984, 0.008588635389112661] - [0.06583982206101034, 0.18949967305812684, -0.14531782807625454, -0.11000345399478495] - [-0.09628978898119603, 0.42178926486119667, -0.053453768608347295, -0.2720319070110759] - [-0.00132877191537439, -0.018226238021060392, -0.003842851196225095, 0.02336833892370064]
A2: [0.16158724605651045, -0.16775425791875068, 0.008501848501340113, -0.002332557355374249] - [0.035486633522024254, 0.20751761714811817, -0.11720951803798214, -0.12579113932380193] - [-0.08621329351501389, 0.5815383677775778, -0.23538848229989262, -0.2599353231068741] - [-0.0038362952755079814, -0.00452059569841444, 0.0011089424808020038, 0.007242122281319575]
B1: -1.1183922432367433e-06 - -3.573763813229372e-07 - -5.382502554022306e-07 - -7.551911565251213e-07
B2: -4.395612068049723e-06 - -4.134314016956237e-06 - -2.870941560349002e-06 - 2.505544068782979e-06
