Number: 4695
Error: 8.424292396540252e-16
A1: [0.06621313865889111, -0.11395212177086193, -0.02398399326925551, 0.0717228251989279] - [0.03740257709755417, 0.18819333596637866, -0.1474089812169015, -0.07818704461861664] - [-0.06022928319564634, 0.32895088477004397, -0.12775302344565748, -0.14096823643498882] - [0.039046050967470346, -0.053322788738014125, -0.03741869504388212, 0.05169501661655221]
A2: [-0.009108554372323144, -0.3468031627518743, 0.2494551119136634, 0.10645670234114174] - [0.08003991261245258, 0.03628235053072678, -0.0502500173425343, -0.06607186377176416] - [-0.04245280305002559, 0.23083190919681135, -0.040531227961540406, -0.14784782082623832] - [0.06813486711513261, -0.2934677549521703, 0.14177133643199105, 0.08356195949513326]
B1: -2.7012826936433664e-09 - 3.11771374869554e-08 - 7.35926047464445e-09 - 3.669385077559728e-08
B2: 1.91798933424483e-09 - 6.699097083971537e-09 - 6.391967269278828e-08 - 4.5213937428090507e-10
