Number: 7023
Error: 1.0816213954975174e-15
A1: [0.08043170700488944, -0.1804677884327705, -0.019588834679719128, 0.1196249940559241] - [0.037415591264152, 0.1335963974368304, -0.13472617495035868, -0.03628581383325232] - [-0.0017027967848729745, 0.22819013873421196, -0.12282836044983465, -0.10365888800247994] - [0.03886320090814706, -0.1144810519793209, -0.04641647489539264, 0.12203419445279326]
A2: [0.035307447224366774, -0.029273471622373537, -0.07569734599298268, 0.06966341210150409] - [0.10289372364318801, 0.28289667400824403, -0.3926064223920367, 0.006815967702125547] - [-0.011187117476943502, 0.5390145730968664, -0.35945103204377005, -0.16837648299075553] - [0.09786280044455609, 0.01746331753692567, -0.1688510095275744, 0.05352487947146401]
B1: 3.011981442505076e-09 - -8.497659526446723e-09 - -3.7835690555944674e-09 - 4.782057630158911e-10
B2: 7.122924027353653e-09 - -5.421464765889658e-09 - 1.7303039693727556e-08 - -2.8388382270181595e-08
