Number: 1359
Error: 2.2678813889727228e-09
A1: [-0.007330314775864083, -0.015137879498649481, 0.0028487976167162177, 0.019308109080494414] - [0.06687121431019395, 0.189927210695951, -0.14668920904909635, -0.10981284510548171] - [-0.11258019268948559, 0.4417904279753626, -0.07078403858826637, -0.258094229850028] - [-0.023494016959153416, 0.015221659193387381, -0.030061896133093863, 0.03877999284961829]
A2: [0.13154945966223297, -0.2246646455626282, 0.022630599720106833, 0.07012467261145443] - [0.03266406335089021, 0.20376673515677038, -0.11487060813068074, -0.12144007426400563] - [-0.09445218372698842, 0.5557079702396492, -0.23503453420886652, -0.2254674839531964] - [-0.021007487045451082, -0.019453507445992883, 0.007939385891864556, 0.03200856886634743]
B1: -3.123546600929882e-05 - -0.00025283807167481454 - 9.43407019051798e-05 - -5.47916471066745e-05
B2: -6.982852926513417e-05 - -6.1670092901282205e-06 - -2.1097932412498107e-05 - 5.944641322612125e-06
