Number: 1911
Error: 2.138237630372383e-06
A1: [-0.013602640666465136, -0.021407625270247907, -0.003654670855003679, 0.012870914761727735] - [0.06613505623183842, 0.1892247343071665, -0.14744348470131569, -0.11062985626949187] - [-0.1154619721271578, 0.4389650490333769, -0.07386092108991392, -0.26120263757582907] - [-0.026344701465097955, 0.012463331935214152, -0.03306783700049325, 0.035791451582513636]
A2: [0.1308080468947384, -0.22549887119020137, 0.021838883907615788, 0.06937760711172783] - [0.03291000655910523, 0.2040204638857415, -0.11461786365071677, -0.1211832857002868] - [-0.09508559474451841, 0.5550292383213301, -0.23563881649910814, -0.22600352685713065] - [-0.017352288961073603, -0.015917636685123363, 0.011486532320288102, 0.03547507394534444]
B1: 0.0011052298578971748 - 0.0023516298415471523 - 0.001249808799612331 - 0.00026463830586627456
B2: -0.0005989516697348352 - 0.0020402827647241824 - -0.0008425587183663399 - -0.0009666322110308717
