Number: 2621
Error: 1.2278102140857605e-07
A1: [0.06422896817338589, -0.04707777214673714, -0.02265420802165442, 0.0086471413553458] - [0.04374383676058801, 0.1913494262821798, -0.1424798943060164, -0.09242164101146254] - [-0.12243717707664416, 0.41587354888174427, -0.10383766556340841, -0.1860535152600599] - [0.03803456913586093, 0.020204782341632466, -0.03209857336687735, -0.02202123140450792]
A2: [0.06372044592002347, -0.17341220463387008, 0.08660794886632994, 0.024235287958116518] - [0.029756729343687758, 0.20075840389863653, -0.10124523736457929, -0.12741646229541775] - [-0.09300624587317531, 0.5140781693623547, -0.22520332680088853, -0.1947072172124292] - [-0.02651765703227631, 0.01793689671238646, -0.05088330103413698, 0.05640059358504887]
B1: -0.00010060668903053767 - 0.0001453753533751674 - 0.0001699576030329579 - 0.0002758787618980362
B2: -0.00017064499589157167 - -0.00011644894073306586 - -0.0001915321111984946 - -0.0002679130009154305
