Number: 4593
Error: 8.797214272423595e-16
A1: [0.06621315700646903, -0.11395210383329589, -0.023983974936076256, 0.07172284351571759] - [0.03740253539909228, 0.1881932961263139, -0.14740902220968993, -0.07818708561503668] - [-0.06022938416241738, 0.3289507877970311, -0.12775312224579738, -0.14096833470375025] - [0.0390460755751727, -0.05332276538126125, -0.037418671236722094, 0.05169504023041046]
A2: [-0.009108463712353623, -0.34680306657588655, 0.24945520330726784, 0.10645679739316717] - [0.08003984182428527, 0.03628227427163368, -0.05025009470993116, -0.06607194179610457] - [-0.042452746196424196, 0.2308319719439025, -0.04053116703500207, -0.1478477579483617] - [0.06813472467000264, -0.29346791179022874, 0.1417711820079703, 0.08356179978814088]
B1: -2.532092314097653e-08 - -1.0629815938092106e-08 - 1.1151469153992783e-08 - -3.4603310254732475e-08
B2: 5.223235873080761e-09 - -2.180197519325126e-08 - -4.4765395922355704e-08 - -2.078727208160067e-09
