Number: 6034
Error: 3.6544989807196156e-13
A1: [0.08043386940868737, -0.18046562627543594, -0.019586674862458173, 0.11962715621197971] - [0.03741869451542727, 0.13359949833224846, -0.13472307789224766, -0.03628271230705086] - [-0.001700398458377459, 0.22819253701823275, -0.12282596562654371, -0.10365649031098001] - [0.03886595470393342, -0.11447830590848765, -0.04641372285125019, 0.12203694653882918]
A2: [0.03531251525206106, -0.02926838957849167, -0.0756925273725696, 0.0696687163513421] - [0.10289266947742333, 0.2828956108956326, -0.3926074419692376, 0.006814863835310144] - [-0.01118808240779028, 0.5390136024151877, -0.3594519453712892, -0.16837749977316924] - [0.09786336989422072, 0.017463889578534376, -0.16885046744638071, 0.053525477210040445]
B1: 1.1763365456091594e-06 - 6.923646868564736e-07 - -8.125040973129283e-07 - -2.896366100762453e-07
B2: -8.791337755990878e-07 - -1.411695320945386e-06 - 3.1261785058284453e-06 - 2.994068181767818e-07
