Number: 3987
Error: 1.1962925106369487e-15
A1: [0.066213149590428, -0.11395211108358544, -0.023983982346266967, 0.0717228361121588] - [0.03740266903041358, 0.18819342380198095, -0.1474088908398592, -0.07818695423355466] - [-0.06022939624701939, 0.32895077619043117, -0.12775313407103916, -0.1409683464656079] - [0.03904607743395998, -0.053322763616984674, -0.03741866943840459, 0.05169504201414344]
A2: [-0.00910863454158946, -0.34680324779893706, 0.24945503109594058, 0.10645661828816105] - [0.08003976064896433, 0.036282186822522926, -0.05025018342999161, -0.06607203126949858] - [-0.04245281772098113, 0.23083189300503285, -0.04053124368362234, -0.14784783705179616] - [0.06813471345208667, -0.29346792414173456, 0.14177116984681612, 0.08356178721063595]
B1: -4.109497992088627e-09 - -3.4208208743995106e-08 - 1.1728750330255193e-08 - -1.1757763077219164e-08
B2: -1.4462439378579225e-08 - 2.0508571063146198e-08 - -1.6294704168091326e-09 - -2.7338249240530973e-08
