Number: 3450
Error: 5.522406980304978e-09
A1: [0.06614134637060576, -0.11402244240786584, -0.024055942038166477, 0.07165105390051993] - [0.03712461796056096, 0.18792775949014429, -0.14768211558820177, -0.07846025023995987] - [-0.060165312099411346, 0.3290123135753961, -0.12769043425821958, -0.14090621016340835] - [0.03859734123850273, -0.0537484070218583, -0.03785244528092873, 0.051264541363891414]
A2: [-0.008891481801820242, -0.3465727497874056, 0.2496740555486279, 0.10668468940738535] - [0.07986588020342447, 0.03609486218452149, -0.05044031303162292, -0.06626367872424266] - [-0.04229603267105454, 0.23100463391028717, -0.040363339475553955, -0.14767459849276623] - [0.06827864703084785, -0.2933095509708789, 0.14192746701429934, 0.08372332550246388]
B1: 9.676726211484536e-05 - -6.986682556396354e-05 - -5.130757721408647e-05 - 7.389782961825512e-05
B2: -0.00017127028001655026 - 0.00011820149218040944 - -9.433869463437457e-05 - -4.265130855939175e-05
