Number: 9252
Error: 5.197748158931699e-09
A1: [0.052462300904858164, -0.1487121682162881, -0.02770869443072421, 0.12111742720977679] - [0.004587697242579757, 0.13010989250383584, -0.11432689659552855, -0.02327668879650406] - [-0.015214220769700682, 0.22232144839905768, -0.12781031396777995, -0.08237570260857335] - [0.026392250549855854, -0.1007747273362463, -0.05018062343116291, 0.12154235079362177]
A2: [0.0895702439609943, -0.07259792873808409, -0.12331846779033508, 0.10760617543879859] - [0.10882428261828994, 0.2497964242814726, -0.4048624396136067, 0.0461719235786905] - [0.03662151544462767, 0.4625409448241492, -0.377731443081701, -0.12148755188565231] - [0.14399082627741092, -0.044043872837242995, -0.20094810691109566, 0.10325260108883755]
B1: 1.0280251656999449e-05 - 6.437183465992047e-05 - 0.00018129134455427528 - -1.6871472663795915e-06
B2: -4.7101040943587125e-05 - -0.00012189767718816174 - 5.674712337355415e-05 - 8.967107198266384e-05
