Number: 8668
Error: 8.235211146207069e-15
A1: [0.08043168352372568, -0.18046781191126013, -0.01958885813282354, 0.11962497057745498] - [0.037415596738153464, 0.1335964029067394, -0.13472616948703262, -0.03628580836216445] - [-0.0017028191533647924, 0.22819011636618988, -0.12282838278558118, -0.10365891036498656] - [0.03886323399776709, -0.11448101898249902, -0.046416441826840814, 0.1220342275219005]
A2: [0.035307606385656, -0.02927331202088199, -0.0756971946639773, 0.06966357868048877] - [0.1028937593586245, 0.2828967100268271, -0.39260638784847085, 0.006816005101341973] - [-0.011186990438631769, 0.5390147008928372, -0.3594509117989443, -0.16837634912637336] - [0.09786290626791154, 0.017463423841566017, -0.1688509087903242, 0.053524990551195285]
B1: -1.2309508223989173e-07 - 2.8676335092404845e-09 - -7.392909648843385e-08 - -9.672140065905432e-08
B2: 1.542726399912536e-08 - -1.5987046602743832e-09 - 3.4646535273656347e-09 - 1.6340102075768247e-08
