Number: 132
Error: 5.146288847089676e-05
A1: [0.022870947064685985, 0.021943531345571053, 0.057682155387511105, 0.04691485929099354] - [0.08196457228521756, 0.20533282159100774, -0.12916889710723672, -0.09254617338553897] - [-0.057447331237155015, 0.460584516071536, -0.010653407931980063, -0.22568681948206867] - [0.0419782589620752, 0.024763904809913775, 0.04329960921266804, 0.07464863489046819]
A2: [0.21112515758119127, -0.11982268251138346, 0.05707593942794094, 0.04557443855453192] - [0.04726919744580303, 0.21867149963224747, -0.10648275035035565, -0.11531733689454499] - [-0.04145788413216073, 0.6254024943362659, -0.19193476070134607, -0.21674131551709533] - [0.03513009397513946, 0.03421225184596073, 0.03952074856172303, 0.04420582378717585]
B1: -0.003381327317609692 - 0.1307307342427958 - -0.001025210413319789 - 0.002339357013711873
B2: 0.001130128376858388 - 0.14420369002363292 - -0.004763789328658746 - -0.003787911510145514
