Number: 4386
Error: 7.451786077911813e-16
A1: [0.06621312501534295, -0.11395213510952769, -0.02398400690208803, 0.07172281157831459] - [0.037402645772903434, 0.18819340158101233, -0.14740891370375983, -0.0781869770995049] - [-0.060229396708312316, 0.3289507757473434, -0.12775313452248402, -0.14096834691456459] - [0.039046020772143794, -0.053322817398201265, -0.03741872425679503, 0.051694987640878286]
A2: [-0.009108647712316642, -0.3468032617709353, 0.24945501781861426, 0.10645660447940382] - [0.08003988788161051, 0.036282323888550995, -0.05025004437193561, -0.06607189103063627] - [-0.04245273063547676, 0.2308319891179586, -0.04053115035935995, -0.14784774073850376] - [0.0681347104959779, -0.29346792739642974, 0.14177116664218084, 0.08356178389642188]
B1: 2.9174681379931635e-08 - 1.605875788103753e-08 - 1.866974376065746e-08 - -4.3223836356486565e-08
B2: -3.745888994781999e-08 - 4.58629426663091e-08 - 7.166431790083978e-09 - 2.1303646627219867e-08
