Number: 6647
Error: 1.0402446612017579e-15
A1: [0.08043167569078447, -0.1804678197433299, -0.019588865956384517, 0.11962496274539476] - [0.03741561275901029, 0.13359641891541973, -0.13472615349833122, -0.03628579235030103] - [-0.0017029086909881317, 0.22819002683048573, -0.12282847219210208, -0.10365899987872969] - [0.038863276397066354, -0.11448097670225317, -0.04641639945457485, 0.12203426989479566]
A2: [0.03530743630280643, -0.0292734825741428, -0.0756973563770686, 0.0696634006709093] - [0.10289374926489828, 0.282896699847404, -0.39260639761105304, 0.0068159945317935655] - [-0.011187124394719155, 0.5390145661378409, -0.35945103859159316, -0.168376490280247] - [0.09786279420522344, 0.017463311269213265, -0.16885101546701575, 0.05352487292219627]
B1: -1.502552427496553e-09 - 1.863644528492509e-09 - -8.78875073395563e-09 - -4.0882333487097876e-09
B2: -2.8363792437192187e-09 - 2.0601567944924918e-08 - -6.486982571442225e-08 - 3.3276087788810514e-08
