Number: 8525
Error: 1.1683745795601233e-15
A1: [0.08043172902797807, -0.18046776641215967, -0.01958881268298914, 0.11962501607650201] - [0.03741558801154099, 0.13359639418675823, -0.13472617819626018, -0.03628581708392983] - [-0.0017028088546778251, 0.22819012666464528, -0.12282837250197572, -0.10365890006906267] - [0.03886322997140716, -0.1144810229975496, -0.04641644585062982, 0.12203422349804569]
A2: [0.035307291746425516, -0.029273627530287675, -0.07569749381978548, 0.06966324937731633] - [0.10289370696318831, 0.28289665718672524, -0.3926064385247121, 0.006815950235771527] - [-0.011187084903823651, 0.5390146058642615, -0.3594510012125871, -0.16837644866733076] - [0.09786280475507689, 0.017463321867022454, -0.1688510054242269, 0.0535248839960755]
B1: -3.855504683022571e-08 - -6.484298769090133e-09 - 8.2013903715769e-09 - 1.4522968939625843e-08
B2: -3.882895122275996e-08 - 4.927341179633546e-08 - -3.86626158044956e-08 - -1.1064577549392903e-08
