Number: 4241
Error: 9.638102452461338e-16
A1: [0.0662132103869922, -0.11395205164562698, -0.02398392159741698, 0.07172289680668968] - [0.03740260374454175, 0.18819336142576626, -0.1474089550208664, -0.07818701842024707] - [-0.060229461800540625, 0.32895071322989444, -0.12775319821785264, -0.14096841026738546] - [0.039046278946325175, -0.0533225723490342, -0.03741847448192119, 0.0516952353876268]
A2: [-0.009108446228751284, -0.34680304802842205, 0.24945522093241468, 0.10645681572391925] - [0.08003983571561159, 0.03628226769082066, -0.05025010138640362, -0.0660719485292517] - [-0.04245280216762071, 0.23083191017067262, -0.04053122701603811, -0.1478478198503708] - [0.06813481580393424, -0.29346781144783646, 0.14177128080612525, 0.08356190196602045]
B1: -4.065269734319793e-08 - 1.6961430098261798e-08 - -8.752707225340116e-09 - -1.7862020008910217e-09
B2: -4.411820032272809e-08 - -6.102845160278538e-08 - 2.069814063300302e-08 - 5.171969786173152e-08
