Number: 6280
Error: 1.0105972342073504e-15
A1: [0.0804316495316316, -0.18046784589951634, -0.019588892084257962, 0.11962493658923203] - [0.037415554650776436, 0.13359636085116885, -0.13472621149078323, -0.03628585042634345] - [-0.0017028327311835176, 0.22819010278867377, -0.12282839634351504, -0.10365892393919476] - [0.03886320966311011, -0.11448104324892613, -0.046416466146009284, 0.122034203202318]
A2: [0.03530746371955962, -0.029273455081560387, -0.07569733030957869, 0.06966342936552808] - [0.10289372794043643, 0.2828966783419583, -0.39260641823578907, 0.006815972201954282] - [-0.011187063877403567, 0.5390146270161205, -0.3594509813106605, -0.16837642651101742] - [0.09786280537473827, 0.017463322489533716, -0.16885100483435972, 0.053524884646549]
B1: -1.3526387679955588e-08 - -8.132934447575736e-09 - -2.1458880675335615e-08 - -7.210832512007194e-09
B2: -2.1148506122147992e-08 - -1.9901631476641328e-08 - -1.3028964232641743e-09 - -9.387613456090878e-09
