Number: 7865
Error: 9.172700436348243e-16
A1: [0.08043169136678006, -0.18046780406911947, -0.01958885029913046, 0.119624978419601] - [0.0374156553111918, 0.13359646143538279, -0.13472611103093102, -0.03628574982169399] - [-0.0017028200778187903, 0.22819011544175935, -0.12282838370867089, -0.10365891128920356] - [0.03886324676758851, -0.11448100624859188, -0.04641642906517584, 0.12203424028372944]
A2: [0.03530740113420071, -0.02927351783999593, -0.07569738981497139, 0.0696633638631886] - [0.10289371409027362, 0.2828966643742744, -0.39260643163149234, 0.006815957698854522] - [-0.011187078250893354, 0.5390146125568791, -0.35945099491541677, -0.16837644165692986] - [0.09786279557714166, 0.017463312647378312, -0.1688510141610417, 0.053524874362271144]
B1: -3.236516221306957e-08 - -2.2842971267282218e-08 - -1.3474315069072867e-09 - -1.6764673393988968e-08
B2: -1.3169439090874055e-08 - -2.606117613772882e-08 - -2.4432459145226286e-09 - -1.838086686912842e-08
