Number: 8821
Error: 0.00012831879110983296
A1: [0.08006878195081006, -0.18086964896068766, -0.019823040652347527, 0.11924796880631461] - [0.03957560681584229, 0.1357108651738681, -0.13243507281911643, -0.0341439366973304] - [-0.007068563121398124, 0.22278542738834464, -0.1280344395411236, -0.10903708527131184] - [0.039333273168377404, -0.11404646370499517, -0.045822765751655586, 0.12249127160284756]
A2: [0.02826081901017032, -0.03641663572690612, -0.08225623643446213, 0.062281025166677155] - [0.10533850090107878, 0.28533756179034075, -0.3901609607726084, 0.009374542814789017] - [-0.043174032192367894, 0.5066959445328387, -0.3895699506152295, -0.20208346244211456] - [0.09556195636453461, 0.015092684366172808, -0.17091741802205282, 0.05110352970367216]
B1: 0.004748261715184759 - 0.0017345620790261158 - 0.013638947836253225 - 0.003319932950132956
B2: -0.005182576605526499 - -0.0068281202936889916 - -0.0004610407283685194 - -0.005304560122371379
