Number: 6839
Error: 1.0850220184754915e-15
A1: [0.08043167153041941, -0.1804678239032233, -0.019588870111775993, 0.11962495858550443] - [0.03741555303765906, 0.13359635923926924, -0.13472621310068755, -0.03628585203857084] - [-0.0017028664063927466, 0.2281900691141778, -0.1228284299694169, -0.10365895760541868] - [0.038863196021784265, -0.11448105685197071, -0.0464164797786427, 0.12203418956946704]
A2: [0.035307446408136205, -0.029273472440863653, -0.07569734676905021, 0.06966341124723248] - [0.10289378351928823, 0.28289673439251395, -0.3926063644806572, 0.006816030401146477] - [-0.011187116646107833, 0.539014573932666, -0.35945103125735967, -0.16837648211526926] - [0.09786281260862859, 0.017463329756327788, -0.16885099794816516, 0.0535248922397796]
B1: 3.928489022126818e-10 - 2.3374459436715633e-09 - -1.0320998003583459e-08 - -3.868277450675733e-09
B2: 1.2415501786868066e-08 - -2.1349225655219556e-09 - -1.3883941897687041e-08 - -2.315732818119463e-09
