Number: 9663
Error: 2.0405422265093636e-14
A1: [0.053172243327695844, -0.14800157790197244, -0.026999353795986402, 0.12182751502180632] - [0.005313719573678716, 0.13083669402331471, -0.11360074401808014, -0.022549763619269095] - [-0.014444168217906872, 0.22309192929981345, -0.12704087148390927, -0.081605624530129] - [0.027146468970879474, -0.10002002916426271, -0.04942449950698296, 0.12229812930135565]
A2: [0.08925339807069593, -0.07291443108187536, -0.12362846007607015, 0.10728530672952277] - [0.10884178935915281, 0.2498142416821874, -0.40484523017193547, 0.04618954166779399] - [0.0366354909505474, 0.462554680733806, -0.37771788030368453, -0.12147371306360431] - [0.14342515537258732, -0.04460789639179585, -0.20150078316768597, 0.10267856570704836]
B1: -1.7649443494346342e-07 - -1.930568431017487e-08 - -8.494114067040776e-08 - -1.0233948796018056e-07
B2: -2.0202506131513474e-07 - -2.1275968567386407e-08 - 6.348086012003604e-08 - -2.6326575133487123e-08
