Number: 3504
Error: 7.533022851275351e-11
A1: [0.06619529114358226, -0.11396957176895871, -0.024001829251448392, 0.07170500848813802] - [0.037416250359362684, 0.18820639820407967, -0.1473955365749091, -0.07817360200855772] - [-0.060199583398734664, 0.32897941598168273, -0.12772395790599084, -0.14093933282615956] - [0.039100442613178035, -0.05327116694413678, -0.03736607362071168, 0.05174721282468996]
A2: [-0.009155516123315718, -0.34685298349996174, 0.24940777634352776, 0.10640746479681071] - [0.08001291488441982, 0.03625326650837448, -0.05027952726095633, -0.06610162111761372] - [-0.04246009864042913, 0.23082385226830346, -0.04053904288710167, -0.14785589145455125] - [0.06809122638800631, -0.29351580683092077, 0.14172403213782733, 0.08351302918680478]
B1: 4.4959060889743925e-06 - -1.7211710859829332e-05 - 2.7235100267624426e-05 - -4.483661860726169e-06
B2: -1.1599751996472788e-05 - -1.5691674458436687e-05 - 6.607521231238997e-06 - 5.506850993122508e-06
