Number: 5883
Error: 1.1412084094836945e-07
A1: [0.08020270912552091, -0.18069749962573745, -0.019817041458867632, 0.11939625125100738] - [0.03657548703260605, 0.13275660861469302, -0.1355642096875918, -0.03712526194485417] - [-0.001842465829460061, 0.22805035830227616, -0.12296746434614865, -0.10379833976512703] - [0.03929966533310692, -0.11404622405618943, -0.045979795645415024, 0.12247063475032674]
A2: [0.036386147196194686, -0.02819226092994643, -0.07467159381511436, 0.07079292534360042] - [0.10413743417573053, 0.284149380823071, -0.39140434870056584, 0.008118713000981883] - [-0.008349224456868004, 0.5418684045426669, -0.3567643189572063, -0.16538466703106217] - [0.09955614417187945, 0.019163710164283622, -0.1672387659930151, 0.05530315669880738]
B1: 0.00016962932480009329 - -0.0005019851818882593 - 0.0005516410617488921 - 0.0002868964640328407
B2: -0.0004907148950046255 - -0.00017382220223191477 - 0.000492611033842523 - -6.650459583837049e-05
