Number: 3888
Error: 9.491799910003363e-16
A1: [0.06621316317776418, -0.11395209779987836, -0.023983968769601176, 0.07172284967668896] - [0.03740257178152216, 0.18819333088727155, -0.14740898644297296, -0.07818704984512931] - [-0.06022933452948561, 0.3289508354667075, -0.1277530736779282, -0.1409682863973257] - [0.03904606861500747, -0.053322771987578586, -0.03741867797044195, 0.051695033551404215]
A2: [-0.009108669345097012, -0.34680328472004285, 0.24945499601082588, 0.1064565817985537] - [0.08003978331924129, 0.036282211244908234, -0.050250158652663406, -0.06607200628178012] - [-0.04245280864695692, 0.23083190301970813, -0.0405312339595315, -0.14784782701626217] - [0.06813487017574413, -0.29346775158202, 0.14177133975050862, 0.08356196292697164]
B1: 3.1038867012439364e-09 - -1.3128035098569705e-10 - -2.6549516848822437e-08 - -2.0149860094758042e-08
B2: -1.502589318710229e-08 - -2.0445666158669765e-08 - -4.5031613363277934e-08 - 2.6876954373123444e-08
