Number: 7754
Error: 4.4026974317966767e-16
A1: [0.08043167848230436, -0.18046781695213426, -0.01958886316819578, 0.11962496553659954] - [0.037415485557106214, 0.13359629180978194, -0.13472628044676907, -0.036285919481739266] - [-0.0017028550845387205, 0.22819008043578742, -0.12282841866413367, -0.10365894628657948] - [0.03886322554856511, -0.1144810274080648, -0.04641645027067182, 0.12203421907789753]
A2: [0.035307432194053204, -0.029273486694249447, -0.07569736028362821, 0.0696633963706579] - [0.10289370057908882, 0.2828966507484106, -0.3926064446993433, 0.006815943550678421] - [-0.011187102813735833, 0.5390145878475353, -0.3594510181647106, -0.16837646753962332] - [0.09786280203681663, 0.017463319136431937, -0.1688510080118444, 0.05352488114281953]
B1: -1.525370882684768e-08 - -3.2291072851442e-08 - -1.2805590525380015e-08 - -1.3154416524398061e-08
B2: -7.3857971279903565e-09 - -5.4447430497228076e-08 - -2.61456408180872e-08 - -4.31504254088375e-09
