Number: 6923
Error: 9.496000439394158e-16
A1: [0.08043167823589889, -0.18046781719850316, -0.019588863414312922, 0.11962496529021846] - [0.03741559505340363, 0.1335964012232134, -0.13472617116865881, -0.036285810046100334] - [-0.001702812881397538, 0.22819012263803037, -0.12282837652279016, -0.10365890409470849] - [0.038863233285815146, -0.11448101969251714, -0.046416442538356195, 0.12203422681033788]
A2: [0.03530732557239157, -0.029273593610823476, -0.07569746165813471, 0.06966328477951891] - [0.10289372536817945, 0.2828966757478725, -0.3926064207236486, 0.006815969508438766] - [-0.011187066132603288, 0.5390146247474586, -0.3594509834452308, -0.1683764288874275] - [0.09786277542898074, 0.017463292407562253, -0.16885103334078408, 0.05352485321325291]
B1: -5.598301402696587e-10 - -2.6296057488868038e-08 - 2.8008421350205786e-08 - -6.923038079378522e-09
B2: -4.163093056941706e-09 - 1.2315634889002632e-09 - 3.023115484900097e-09 - 2.4370307900637155e-09
