Number: 4120
Error: 1.127393753918017e-15
A1: [0.066213194596491, -0.11395206708326104, -0.023983937375525108, 0.07172288104269113] - [0.03740263273757589, 0.1881933891266426, -0.14740892651849177, -0.07818698991535161] - [-0.060229434936812466, 0.3289507390310264, -0.12775317193059055, -0.14096838412151821] - [0.039046141709647396, -0.05332270260893168, -0.03741860725383995, 0.05169510369379511]
A2: [-0.009108576044402478, -0.3468031857425374, 0.2494550900664198, 0.10645667961928985] - [0.08003984578751959, 0.036282278541151305, -0.05025009037838114, -0.06607193742775537] - [-0.04245272867859016, 0.23083199127775117, -0.04053114826228499, -0.14784773857427214] - [0.06813473635040065, -0.29346789892965985, 0.14177119467081786, 0.08356181288392066]
B1: -2.3263358769417908e-08 - 1.3345499141274772e-08 - 2.8575902623568208e-08 - -1.958263043136858e-08
B2: -7.993003325416756e-09 - -7.869188822943538e-09 - 1.3851024527183285e-08 - -3.983082773856372e-09
