Number: 2723
Error: 1.2060927252834664e-08
A1: [0.06313618447596515, -0.04817001001305717, -0.02373970740994872, 0.0075592637480259095] - [0.043463288502744134, 0.19107893231777026, -0.1427689207638935, -0.09273056336038925] - [-0.12335072979980238, 0.41495606844615684, -0.1047614392100523, -0.18697501955694176] - [0.036815826912094604, 0.01897965044785439, -0.03331877598904831, -0.023237277374810326]
A2: [0.06359740277072982, -0.173529748095602, 0.08648285738183742, 0.024113940681847655] - [0.029360010300414668, 0.20036762549202458, -0.10164011803090978, -0.12780447870787967] - [-0.09259106714801496, 0.51448626725487, -0.22478572860554022, -0.19430462090801387] - [-0.024978870751517317, 0.01946478647508774, -0.04934032273386177, 0.057900831593461564]
B1: -4.475195285956074e-05 - 0.0001365448222701299 - -8.802507432753908e-05 - -9.362544825770129e-05
B2: 1.80837965920141e-05 - 9.081253410822072e-05 - 2.23722177779723e-07 - 7.379522891737546e-05
