Number: 7969
Error: 9.229188918586328e-16
A1: [0.08043169292518668, -0.18046780251089065, -0.01958884874259442, 0.11962497997782683] - [0.03741549537945763, 0.13359630162471042, -0.13472627064395032, -0.03628590966481285] - [-0.0017028134237093906, 0.22819012209572853, -0.12282837706430279, -0.10365890463686885] - [0.0388632302848648, -0.11448102268505717, -0.04641644553739372, 0.12203422381125162]
A2: [0.035307485161210836, -0.029273433580593394, -0.07569730992303995, 0.06966345180643918] - [0.10289374185915094, 0.2828966923788133, -0.3926064047737792, 0.0068159867768938336] - [-0.011187158981144654, 0.5390145313451005, -0.359451071328475, -0.16837652672509057] - [0.09786279642609824, 0.017463313500180905, -0.16885101335289057, 0.05352487525339279]
B1: 1.3270584292647192e-08 - -1.7225827309558844e-08 - -2.6686924319974145e-08 - -1.253250705038371e-08
B2: 1.516991688347966e-09 - -5.174136343201815e-08 - 1.0015977717705964e-08 - -3.398161225443301e-09
