Number: 2585
Error: 9.264487903286598e-09
A1: [0.06333165597953759, -0.04796964152305954, -0.023543141905405903, 0.0077555339985378655] - [0.0437491183330485, 0.19135516222918017, -0.14247463270032654, -0.09241660662920023] - [-0.12344293263313322, 0.414872801693508, -0.1048466501349072, -0.18705964887196783] - [0.03715176338934111, 0.019322909648210637, -0.03298022302945542, -0.02290020350299827]
A2: [0.06324924960870039, -0.17388193966567753, 0.0861382924123034, 0.023768929396847747] - [0.02923535857035645, 0.20024463969865924, -0.10176458714175726, -0.12792683725105564] - [-0.09290049914423192, 0.5141811285435932, -0.22509848294427773, -0.19460489941354256] - [-0.025081302735065883, 0.019364576522579245, -0.04944804753554217, 0.05779922977399731]
B1: 0.00010640896967252622 - -0.00013000060204921212 - -6.573978809449533e-05 - -0.00019957140868083278
B2: -0.0002034266129870242 - 0.00020951332766664199 - 5.5912995230544206e-05 - -0.0002506903532357306
