Number: 3848
Error: 1.1179337399479667e-15
A1: [0.06621310772983077, -0.1139521520087268, -0.023984024174019784, 0.07172279432181286] - [0.03740255220334958, 0.1881933121816592, -0.14740900568981655, -0.07818706909367482] - [-0.06022943235167686, 0.3289507415139307, -0.12775316940093234, -0.14096838160547503] - [0.039046264597632344, -0.053322585968331886, -0.03741848836384523, 0.05169522161842903]
A2: [-0.009108592269571836, -0.34680320295491324, 0.24945507370998338, 0.10645666260806548] - [0.0800398424360318, 0.03628227493064523, -0.05025009404135253, -0.06607194112183655] - [-0.042452777563286456, 0.23083193732560944, -0.04053120064901626, -0.14784779263885112] - [0.06813480620751436, -0.293467822013874, 0.14177127040274565, 0.08356189120672376]
B1: 8.311299044761125e-10 - -3.2196780975653845e-08 - -1.9006532675108687e-08 - -2.7748260492022948e-08
B2: -3.736527680677117e-08 - -3.481810813323171e-08 - 1.0256120613050461e-07 - -1.1222318049911856e-07
