Number: 7949
Error: 8.855949285176455e-16
A1: [0.08043169937095447, -0.18046779606585361, -0.019588842304535326, 0.11962498642285756] - [0.037415667619956995, 0.13359647373484698, -0.13472609874664557, -0.036285737519726524] - [-0.001702803538552474, 0.2281901319806744, -0.12282836719361957, -0.10365889475435026] - [0.0388632549575823, -0.1144809980815812, -0.046416420880400204, 0.12203424846863345]
A2: [0.03530743481094129, -0.02927348407012597, -0.07569735779550466, 0.06966339910949351] - [0.10289377176468717, 0.2828967225381575, -0.3926063758495153, 0.006816018092330089] - [-0.01118702071860471, 0.5390146704323028, -0.35945094045977793, -0.16837638103324024] - [0.09786285449643244, 0.017463371834652807, -0.16885095807361716, 0.05352493620825621]
B1: -9.217396805413806e-09 - 2.313672196319612e-08 - 2.4489373952145787e-08 - 1.0290440768671196e-08
B2: -6.866449295112705e-10 - 3.6158830423246044e-08 - 6.450707466981059e-10 - 5.5447884629803115e-09
