Number: 9090
Error: 9.765687412613306e-05
A1: [0.05564224121583086, -0.1472086726391759, -0.025100602551401646, 0.12278643529381242] - [0.005663480965958322, 0.1302022279807523, -0.11457705232695632, -0.02352654180808671] - [-0.038632864408944256, 0.20003290200048365, -0.14796269610477375, -0.1030934588737475] - [0.02906876383816199, -0.09902037954994154, -0.04747072202097655, 0.12341318842362561]
A2: [0.02063893252322274, -0.141274026780992, -0.18610531252372237, 0.038337248744210996] - [0.051704621101520416, 0.1916507484044127, -0.4592521258734974, -0.012327388331237855] - [0.03443637897642705, 0.46125458597827196, -0.38132012280171146, -0.12386203932609913] - [0.13242385331597967, -0.055746488601683165, -0.21367002030120819, 0.09119640354136893]
B1: -0.008288041222660974 - 0.008615067234549353 - 0.00244183426402073 - 0.007401475159124137
B2: -0.004844493842856115 - -0.00800475754806854 - -0.0090108868748031 - -0.005135621210114811
