Number: 1490
Error: 1.2160956141443581e-09
A1: [-0.007749406865690764, -0.015560959426545238, 0.002412663747792078, 0.018877304257904504] - [0.06668490129152484, 0.18974794425999003, -0.1468817400048054, -0.1100201462153723] - [-0.11244266791947186, 0.4419252753123272, -0.0706405468128994, -0.25794494154404574] - [-0.023753414671195835, 0.014966555026174933, -0.03032652146357455, 0.03850633540848181]
A2: [0.13195308747956705, -0.2242671514110453, 0.023027640844177435, 0.07051941256788168] - [0.03268858264390292, 0.20379089691121746, -0.11484612022804315, -0.12141606097332681] - [-0.09466819698441245, 0.5554949540271517, -0.23524744593829033, -0.2256805940973943] - [-0.020882132269426444, -0.019329935917050595, 0.008063463656562212, 0.032128715130749726]
B1: 7.641067344991177e-05 - -4.950004435927294e-05 - -5.429838111960805e-05 - -3.832893479765689e-05
B2: -0.00014373514003380777 - -4.914325611449336e-05 - -0.00015268407138202664 - 0.0003120791816976704
