Number: 1896
Error: 1.0173161086902026e-06
A1: [-0.006764780087697707, -0.014509137203465692, 0.003475400100681693, 0.019901801618403096] - [0.06964097557687043, 0.19259764284720723, -0.14382019887479008, -0.10673093183379312] - [-0.11037245827661807, 0.44393246567475336, -0.06855390223758, -0.25572404113938946] - [-0.01971654362656977, 0.018955272696078447, -0.02628681155084968, 0.042767677279480665]
A2: [0.13222141873151755, -0.224073412969172, 0.023209199112202546, 0.07072673667653806] - [0.03235380866353018, 0.20347474499180696, -0.11517078178160275, -0.12172820115444213] - [-0.09357947345077572, 0.556549732335153, -0.23416492492507268, -0.22454393941259296] - [-0.01955669321448375, -0.01807801638636852, 0.009304376988562785, 0.03335315225825006]
B1: -0.0001897535636519712 - -0.00022733202284166672 - -0.0006548792259629234 - -0.001145780780588722
B2: -0.000988093294592911 - 0.001695932490717967 - 0.00047631733757004784 - -8.964066558771362e-05
