Number: 4699
Error: 7.780719763900159e-16
A1: [0.06621313767449517, -0.11395212273326162, -0.023983994252879715, 0.07172282421618302] - [0.03740257282924547, 0.18819333188829818, -0.1474089854129768, -0.07818704881506294] - [-0.06022942704049717, 0.32895074661491563, -0.12775316420378754, -0.14096837643605115] - [0.0390460531250221, -0.05332278669015014, -0.03741869295652404, 0.05169501868696106]
A2: [-0.009108370688474062, -0.3468029678922513, 0.249455297083692, 0.10645689492344176] - [0.08003992947054542, 0.03628236869171346, -0.050249998917608986, -0.06607184519038961] - [-0.042452751115633944, 0.23083196651474036, -0.04053117230665108, -0.14784776338885475] - [0.06813499468443643, -0.29346761449302267, 0.14177147472924959, 0.08356210252362563]
B1: -5.4210031010653054e-08 - 5.5687575409419584e-08 - 2.6475598884540925e-09 - 5.451870300335007e-08
B2: 8.065714287206015e-09 - 9.19053116847945e-09 - 1.9264364201461777e-08 - 3.014319086906002e-08
