Number: 9425
Error: 2.702416173386904e-12
A1: [0.05317240082323687, -0.14800142033339245, -0.026999196509777227, 0.12182767258606542] - [0.0053101736516083615, 0.13083314449273611, -0.11360428930717853, -0.02255331434077293] - [-0.014438386564539411, 0.22309771290612873, -0.1270350945087779, -0.0815998409704365] - [0.027141923036952367, -0.10002457474835447, -0.04942905476390036, 0.12229357224973304]
A2: [0.0892454269827791, -0.07292238374188273, -0.12363625154708383, 0.10727723749088243] - [0.10885760314566653, 0.24983005826476223, -0.40482972955127416, 0.04620562148884827] - [0.03662946198603863, 0.4625486829945838, -0.37772376237703015, -0.12147980473036186] - [0.14342420185744958, -0.04460884659430305, -0.2015017140413326, 0.1026775976979697]
B1: -5.219597185715675e-07 - -1.9127779099592224e-06 - 1.7830137077976498e-06 - 1.7673765735531363e-06
B2: 1.1333815085285082e-06 - 4.925981698089168e-07 - 1.4056661118844559e-06 - 1.639686535335395e-06
