Number: 294
Error: 8.35245623218411e-09
A1: [-0.012347468492256826, -0.014716544204641881, 0.017872792837237392, 0.008375812302468791] - [0.06519784757031541, 0.18888209687107327, -0.14598159468047145, -0.11071823293695626] - [-0.09617952056243961, 0.4218960860353022, -0.053333866541829145, -0.2719033871592168] - [-0.0013394103893757726, -0.01823624670262803, -0.003854004906175827, 0.023356062819546105]
A2: [0.16167951188435342, -0.16766376052630336, 0.008592427251393135, -0.0022424646407518123] - [0.035573707649561775, 0.20760327507158716, -0.11712285711916916, -0.12570599575924313] - [-0.08608226466060159, 0.5816666525381627, -0.23526096956482664, -0.2598074919454121] - [-0.0037672147551830876, -0.004452619074025204, 0.001177547544701005, 0.007308433003525929]
B1: -7.086147827126374e-05 - 0.00012660811374119464 - -2.2236307493488566e-05 - -6.070484475808268e-05
B2: -0.00010065482510649939 - 0.0001784076328166084 - 0.00010198302476803076 - 5.38476629864653e-05
