Number: 7221
Error: 9.92891730136402e-16
A1: [0.08043171379836152, -0.18046778164006963, -0.019588827894372784, 0.11962500084861871] - [0.03741561995080428, 0.13359642610177158, -0.13472614632086533, -0.03628578516249104] - [-0.001702838214351717, 0.22819009730562495, -0.12282840181864257, -0.10365892942089518] - [0.03886326837465761, -0.11448098470215126, -0.04641640747187911, 0.12203426187736865]
A2: [0.03530740842746812, -0.029273510526578943, -0.07569738288059867, 0.0696633714963514] - [0.10289373085665728, 0.2828966812829359, -0.39260641541525937, 0.006815975255684911] - [-0.011186968234631695, 0.5390147232293384, -0.35945089078262693, -0.16837632572897204] - [0.09786285269073661, 0.01746337002075374, -0.1688509597925802, 0.05352493431292689]
B1: -4.382219558152533e-08 - 3.8827466636556004e-08 - 2.3261044700670293e-09 - -2.3731665886157157e-08
B2: 5.00975830838599e-09 - 2.0466710647237655e-09 - -3.2068455390479246e-08 - 9.420493539139977e-09
