Number: 7887
Error: 1.0192800695912896e-15
A1: [0.08043165696096119, -0.1804678384710416, -0.01958888466381001, 0.11962494401771188] - [0.03741559666412537, 0.13359640283270283, -0.13472616956114036, -0.03628580843627289] - [-0.0017028255236615736, 0.22819010999603284, -0.12282838914653985, -0.10365891673359279] - [0.03886320054183383, -0.11448105234462064, -0.04641647526147423, 0.12203419408670492]
A2: [0.03530731719818306, -0.029273602008166186, -0.07569746962037052, 0.06966327601515045] - [0.10289366648744805, 0.2828966163674452, -0.392606477672351, 0.00681590785178299] - [-0.011187045706350887, 0.5390146452955304, -0.3594509641112583, -0.16837640736365495] - [0.09786277138073633, 0.0174632883409129, -0.16885103719448066, 0.05352484896395326]
B1: -2.3634900615803426e-08 - -9.185972730692078e-09 - 3.6322477241507234e-08 - 5.839396627817183e-09
B2: -2.2087096176219287e-08 - 4.190399103328908e-08 - -1.3904900879809973e-08 - -1.3866815431813322e-08
