Number: 5005
Error: 8.484715687914823e-16
A1: [0.0662132103723477, -0.11395205165991523, -0.023983921612044594, 0.07172289679206825] - [0.03740263940673364, 0.18819339549860178, -0.1474089199621793, -0.07818698335847828] - [-0.06022935324299911, 0.32895081749343036, -0.12775309198983603, -0.14096830461052592] - [0.039046133581510385, -0.053322710323778125, -0.03741861511744926, 0.05169509589399163]
A2: [-0.009108540345167357, -0.3468031478712694, 0.24945512605442868, 0.10645671704793859] - [0.08003981002930108, 0.03628224001937141, -0.05025012945994801, -0.06607197684121036] - [-0.04245287618892846, 0.23083182847640563, -0.04053130633988048, -0.14784790171491208] - [0.06813472914758596, -0.293467906860123, 0.14177118686221005, 0.08356180480840887]
B1: 4.8542349805044645e-08 - 1.105781882880327e-08 - 2.4630498945152707e-08 - 2.0498365953010887e-08
B2: 1.4798283869231393e-08 - 2.0170279379428734e-08 - 2.5465269370046963e-08 - 1.341349136068306e-08
