Number: 9236
Error: 7.248787322573246e-08
A1: [0.053757360634193056, -0.14741750451258603, -0.02641566702619391, 0.12241319833046461] - [0.0058789114089249535, 0.13140272628187671, -0.11303514417505761, -0.021983004091474887] - [-0.013880199048273376, 0.22365594861482074, -0.12647729491356483, -0.08104082455282367] - [0.027933784071361503, -0.09923428933950708, -0.04863670860720391, 0.12308803143286993]
A2: [0.08940317772708423, -0.07276314112511266, -0.12348086715895332, 0.10743700223286484] - [0.10942767837887407, 0.2503995369699712, -0.40427130956730717, 0.046785629460475674] - [0.03701044186596407, 0.46292717872090633, -0.37735205127505694, -0.12109427665876403] - [0.14307988162937213, -0.04495053210702602, -0.20183678759671403, 0.10232806814039376]
B1: -5.792622547022046e-05 - -8.126849924934291e-05 - -0.00033500863660517507 - -9.9968362096771e-05
B2: 0.00010396964616450835 - 0.00040283178720617176 - -1.9015446181193534e-05 - -9.852795536638023e-05
