Number: 6465
Error: 1.114282330619823e-15
A1: [0.08043169325996484, -0.18046780217613925, -0.019588848408211783, 0.11962498031256855] - [0.03741559607794808, 0.13359640224698216, -0.13472617014615634, -0.036285809022122854] - [-0.0017028143228519368, 0.22819012119661017, -0.12282837796213517, -0.10365890553577833] - [0.03886323365003272, -0.11448101932932297, -0.04641644217437005, 0.1220342271743299]
A2: [0.035307454924473895, -0.02927346390097029, -0.07569733867183107, 0.06966342016051047] - [0.10289375234855093, 0.28289670295722813, -0.39260639462858576, 0.006815997760830548] - [-0.011187092315141034, 0.5390145984087611, -0.3594510082275843, -0.1683764564768646] - [0.09786281499392391, 0.017463332152474736, -0.1688509956775244, 0.05352489474357069]
B1: 1.9684636647238794e-09 - 4.158358823698501e-09 - -5.288427985445788e-10 - 2.0641914060230947e-09
B2: 3.2829088416221008e-09 - 5.782680634122089e-10 - 5.2076780436711346e-09 - -1.436267671975447e-09
