Number: 2826
Error: 9.138941505452993e-09
A1: [0.06362656752331369, -0.04768093470791417, -0.023253465016316675, 0.008045762592338117] - [0.04367206707571319, 0.19128075269871664, -0.14255373733970808, -0.09250041329801498] - [-0.12331718610754977, 0.4149877642238449, -0.10473140051776833, -0.18694611030913919] - [0.03709895952292891, 0.01926221002843313, -0.033037899884127565, -0.02295792727607136]
A2: [0.062770028751813, -0.17435386791202057, 0.08565344134271355, 0.023294130474513265] - [0.029098914048483037, 0.2001105412648493, -0.1019003990288381, -0.12805986971522476] - [-0.09331013070272025, 0.513779836959652, -0.22550596866320263, -0.19500124799003138] - [-0.026072758075126094, 0.01837587033840293, -0.050432758041964905, 0.05683575122605888]
B1: -5.3319650347676735e-05 - -1.1506427059554564e-05 - 0.0001544400001297632 - 0.0001772840625217228
B2: -4.83321962312817e-05 - 7.742997883530288e-05 - -2.0833991850656357e-05 - -9.234332835282147e-05
