Number: 3273
Error: 5.338305379997371e-05
A1: [0.05150481478023915, -0.12907620399924266, -0.042399379551617176, 0.054052166854985664] - [-0.0075022516758255576, 0.14138411944047444, -0.1901119000170317, -0.12108875610682052] - [-0.054265349059297294, 0.3371519622038212, -0.1186369305762831, -0.13219258023576175] - [0.06402341839598674, -0.026618044922348864, -0.013863477851555034, 0.07548388261521327]
A2: [0.00226428927918606, -0.3405221546996308, 0.2618518264705844, 0.11695909132005212] - [0.06441549985350128, 0.023244515133012202, -0.06955675711076485, -0.08572435772244817] - [0.008487460404023742, 0.27537221664455247, 0.004303421434364732, -0.09771132951125411] - [0.11090362793554526, -0.2559007927181486, 0.17926197255996804, 0.12605705173548498]
B1: 0.014781215615129267 - 0.006977661492989342 - -0.010061076736784509 - -0.010409057246513117
B2: -0.004819719420986648 - -0.0032781478097518987 - 0.002073689978415902 - -0.006683666166293883
