Number: 3459
Error: 4.664319512428434e-09
A1: [0.06609848337648927, -0.11406427789833937, -0.02409865735270954, 0.07160832692188837] - [0.03694204773790363, 0.18775334430588886, -0.1478616136237873, -0.07863979470655225] - [-0.06026940333025459, 0.32891234212810294, -0.12779223894455777, -0.1410073781686525] - [0.038697126723102514, -0.0536538714695099, -0.03775607209649526, 0.051360242281813656]
A2: [-0.009297510809031004, -0.34700353168597353, 0.24926466158783026, 0.10625880064528086] - [0.08001832164812331, 0.03625908341442377, -0.05027363685290203, -0.06609562669616904] - [-0.04215630924117525, 0.23115895508965, -0.040213554450581765, -0.14752002568699066] - [0.06801478134064803, -0.2935999772356816, 0.14164126158488716, 0.08342740639069149]
B1: 2.1137243905254132e-07 - -2.0742210101894635e-05 - -8.544980136366247e-05 - 1.8455711046173836e-05
B2: -0.00028440525566912774 - 0.00019351870011818467 - -6.967696070891924e-05 - -0.00014837881231980572
