Number: 5285
Error: 1.4259470220794188e-15
A1: [0.06621308507140744, -0.11395217416084194, -0.02398404681467437, 0.07172277170138022] - [0.03740254497752174, 0.188193305277924, -0.14740901279329757, -0.0781870761978162] - [-0.06022936409721015, 0.32895080706825514, -0.1277531026112551, -0.14096831517473746] - [0.03904608639315092, -0.053322755113159724, -0.03741866077062009, 0.05169505061146603]
A2: [-0.009108439421813264, -0.34680304080763147, 0.24945522779405271, 0.10645682286039213] - [0.08003987057250422, 0.03628230524167166, -0.050250063289687764, -0.06607191010916345] - [-0.042452877203084716, 0.23083182735714497, -0.040531307426733096, -0.14784790283643684] - [0.06813472678462437, -0.2934679094618332, 0.14177118430039626, 0.08356180215919715]
B1: 1.202476011801541e-07 - -8.12869712493877e-08 - -1.248046240925708e-08 - -2.9292132282498284e-08
B2: 7.289534541420781e-09 - 3.713268110578108e-08 - -2.519572266384433e-08 - 1.1987184090107374e-08
