Number: 1201
Error: 3.229383874299978e-08
A1: [-0.006772563608525895, -0.01457073216107051, 0.003424386810133292, 0.019875976194023485] - [0.06696600216692832, 0.1900191309168729, -0.1465913080352909, -0.10970683705189672] - [-0.11189753989433021, 0.4424645710997305, -0.07006902178118551, -0.2573594940443787] - [-0.024325990400245332, 0.014407567935668636, -0.030904230131599698, 0.03789688353235804]
A2: [0.1327832734360233, -0.22344813509968928, 0.023844560056877528, 0.07133166613326908] - [0.032782776867227734, 0.20388416374749005, -0.11475238892409852, -0.12132476512089566] - [-0.09342693908116352, 0.5567137142510292, -0.23403128439966128, -0.22446400171715913] - [-0.01894911291079449, -0.017427681286889818, 0.009981834546777334, 0.03398855111635814]
B1: 0.000293570188020868 - -0.00017564124771232722 - -0.00010607324256574737 - 3.521462989812951e-05
B2: 0.000331918153872876 - -0.00013031955522814368 - -2.3083833214449506e-05 - 0.0003565030975028431
