Number: 2682
Error: 7.149321985008821e-09
A1: [0.06362036689283816, -0.047687871190350006, -0.02326000737811392, 0.008039663024821534] - [0.04379748283820907, 0.1914016339725391, -0.14242473078640652, -0.09236297304451313] - [-0.12365644611610978, 0.4146517058250425, -0.10506725879045821, -0.18727959534405353] - [0.03739817576586942, 0.019563917981747184, -0.03273671821625247, -0.022658124454638547]
A2: [0.06375796085059812, -0.17337008067456325, 0.08664280146175025, 0.02427361700865154] - [0.02911299882557302, 0.20012428669320195, -0.10188657774152057, -0.12804619360170513] - [-0.0930427469255019, 0.5140429992799042, -0.22523922633388369, -0.194741554564526] - [-0.02547826361966377, 0.018968219810008822, -0.04984120853231204, 0.05741534433025446]
B1: -9.325317280941449e-05 - 0.0001137341498475262 - -1.2343116853761463e-05 - -2.1166295612383568e-05
B2: 4.446280696891194e-05 - -8.127798276510239e-07 - 0.00014483542852035674 - -0.00012016710714290394
