Number: 2764
Error: 3.8622354240316464e-09
A1: [0.06353619446736533, -0.0477711976943869, -0.02334322845171845, 0.007955910027746985] - [0.044053428627356554, 0.19164875165821074, -0.14216123697142466, -0.09208158376053249] - [-0.1227263326870848, 0.4155787928215342, -0.10413587720496077, -0.1863518282482279] - [0.037269886654466976, 0.019434353152729254, -0.03286575370826945, -0.022786567947898236]
A2: [0.06372513332918797, -0.1734029011579071, 0.08660956056134504, 0.024239741016492754] - [0.02940631966384903, 0.20041334743742897, -0.10159419992618737, -0.12775916902427936] - [-0.09323620586665386, 0.5138526094953549, -0.2254316612736563, -0.19492999836649738] - [-0.025674315651385844, 0.01877242353271677, -0.05003539465116803, 0.057222974855634566]
B1: 0.0001182759496678868 - 8.032046951396757e-05 - 3.4199729622558953e-05 - -1.2925669483576855e-05
B2: -3.444558654494535e-05 - 8.602037120935967e-05 - -6.001846986258293e-05 - 7.363435056784124e-05
