Number: 5473
Error: 9.161808299040325e-14
A1: [0.06621296507488826, -0.11395229147745471, -0.023984166718666534, 0.07172265190475394] - [0.03740320820246404, 0.18819393894400713, -0.14740836079276398, -0.07818642413947573] - [-0.06022991965381556, 0.32895027348367706, -0.1277536462489625, -0.14096885588803096] - [0.03904531462287783, -0.05332348765216869, -0.03741940743613569, 0.05169431000872369]
A2: [-0.009109243835450951, -0.3468038941616144, 0.24945441687109898, 0.1064559794786895] - [0.080041011408712, 0.036283534246777153, -0.05024881642197292, -0.06607065265498228] - [-0.042451779969924074, 0.23083303832576016, -0.040530131592083456, -0.14784668934355133] - [0.06813609219709174, -0.293466406090714, 0.14177266453302606, 0.0835633330302784]
B1: 1.1342353103974779e-07 - 5.448068358492754e-07 - -2.2174444572243522e-07 - -1.7708246512888558e-07
B2: 3.810168183872016e-07 - 2.2701276162185408e-07 - 5.105271405287146e-07 - 1.9889163013998907e-07
