Number: 2361
Error: 4.41467279635311e-06
A1: [0.06721925030015931, -0.04538302040774868, -0.02140005904043517, 0.01096907773306949] - [0.042548362667459844, 0.190072298852704, -0.14417636072067141, -0.09375782800252726] - [-0.12162981340608153, 0.4172018577518284, -0.10256050496958599, -0.1852324706028705] - [0.04034157919741312, 0.0227978868771471, -0.029344285987182594, -0.019872009146331443]
A2: [0.027500603145715542, -0.2089855755715831, 0.050780736564956984, -0.011705858002026644] - [0.028085535348280243, 0.1990631491759969, -0.10296693410183592, -0.1291079689261359] - [-0.0803701411382597, 0.5270052234945832, -0.21204736579971775, -0.18191590023531617] - [-0.03311749743028193, 0.011724526134281175, -0.05688116199416907, 0.05027239573188991]
B1: 0.0004481381930179955 - -0.0014993428717002696 - 0.0019811265347046267 - 0.011665185406966852
B2: 0.001302638743315937 - 0.00528833053146391 - 0.0035665832410145485 - 0.003937705028971998
