Number: 6734
Error: 9.987318599923163e-16
A1: [0.08043165919829544, -0.180467836233951, -0.019588882429153562, 0.11962494625478927] - [0.03741556935504567, 0.13359637554430615, -0.13472619681581316, -0.036285835730222774] - [-0.0017028399388724503, 0.22819009558113368, -0.12282840354064864, -0.1036589311449617] - [0.03886321098394067, -0.1144810419318037, -0.04641646482601979, 0.1220342045223246]
A2: [0.035307418069267425, -0.02927350085811356, -0.07569737371328071, 0.06966338158752872] - [0.10289375388560872, 0.28289670450733134, -0.39260639314196366, 0.006815999370354507] - [-0.011187146675708366, 0.5390145437239522, -0.35945105968102387, -0.16837651375851428] - [0.09786277533664645, 0.017463292314808435, -0.16885103342867447, 0.053524853116326924]
B1: -7.026863179793928e-09 - 4.7457000708162676e-09 - -1.6153948920903505e-08 - -1.0813690415204894e-08
B2: -1.1101526382158757e-08 - -6.540032123706128e-09 - -8.433175233075313e-09 - -6.7612305272226835e-09
