Number: 9566
Error: 3.245950640464705e-13
A1: [0.0531719817489071, -0.14800183958412108, -0.02699961509028139, 0.12182725332258787] - [0.005312433711924705, 0.13083540680244568, -0.11360202969130336, -0.02255105128926105] - [-0.014445112777917466, 0.22309098438967506, -0.12704181529828898, -0.08160656942555637] - [0.027145967645971363, -0.10002053049648203, -0.04942500189382859, 0.12229762669881597]
A2: [0.08925441844365975, -0.07291341307272554, -0.12362746269835354, 0.10728633967404176] - [0.10884008822384689, 0.2498125402459766, -0.4048468976209237, 0.046187811900353044] - [0.03663528202563694, 0.4625544728939525, -0.3777180841491057, -0.12147392416594864] - [0.14342797357546586, -0.044605088694864355, -0.20149803144362013, 0.10268142571598417]
B1: 3.568835609250703e-07 - 4.256549310433515e-07 - 1.8809987384663438e-07 - -1.9969423120069615e-07
B2: -1.512359426428099e-07 - -2.371453900714147e-07 - -2.300364728283533e-07 - -5.73263758404483e-07
