Number: 7169
Error: 1.0575835417324688e-15
A1: [0.08043171784750508, -0.18046777759138383, -0.01958882385006982, 0.11962500489730044] - [0.03741562300522469, 0.13359642915388065, -0.13472614327253052, -0.036285782109762285] - [-0.0017028388502887963, 0.22819009666970097, -0.12282840245364851, -0.10365893005666275] - [0.03886327792767822, -0.1144809751759386, -0.046416397924943786, 0.12203427142445317]
A2: [0.03530747663815341, -0.029273442127233856, -0.07569731802672489, 0.06966344288621024] - [0.10289375058943295, 0.28289670118318483, -0.39260639632997646, 0.00681599591878035] - [-0.011187196965050432, 0.5390144931346503, -0.3594511072810107, -0.1683765667501243] - [0.09786276872115908, 0.017463285669230114, -0.16885103972620336, 0.05352484617223224]
B1: 4.4752149165811716e-08 - -2.2543153235229657e-08 - -7.593362270741618e-09 - 1.860535477829591e-08
B2: 1.196541307942986e-08 - 1.091124591507402e-08 - -2.2195984356057748e-08 - 2.2174379903738662e-08
