Number: 6208
Error: 8.267799329693168e-16
A1: [0.08043164777400931, -0.18046784765693918, -0.019588893839778042, 0.11962493483181082] - [0.037415557380557796, 0.13359636357888438, -0.13472620876644067, -0.036285847698073886] - [-0.0017028283179085933, 0.22819010720185476, -0.12282839193670171, -0.10365891952709758] - [0.03886321679794423, -0.11448103613411478, -0.046416459015721195, 0.12203421033271791]
A2: [0.035307378786741325, -0.029273540249294048, -0.07569741106256855, 0.06966334047406884] - [0.10289371195932155, 0.2828966622252088, -0.3926064336925111, 0.006815955467385296] - [-0.011187070362296993, 0.539014620492548, -0.35945098744875315, -0.1683764333443773] - [0.09786277779055307, 0.017463294779876317, -0.16885103109270508, 0.05352485569211817]
B1: -2.983265325726854e-08 - -1.083780369401437e-08 - -5.7280699723530324e-09 - -1.0724342656372273e-08
B2: -2.1802925153842107e-08 - -2.7062576795323617e-08 - 8.894159532120147e-10 - -8.726203802021681e-09
