Number: 8383
Error: 1.1719259091649375e-15
A1: [0.08043170990273801, -0.18046778553526083, -0.019588831785384116, 0.11962499695341951] - [0.037415527140726774, 0.13359633336195945, -0.134726238945879, -0.03628587792107715] - [-0.0017028297135339612, 0.228190105806252, -0.12282839333028157, -0.10365892092234084] - [0.03886326585428859, -0.11448098721543372, -0.04641640999064607, 0.1220342593585709]
A2: [0.035307380530393014, -0.02927353850075585, -0.07569740940487435, 0.06966334229914554] - [0.10289380479588522, 0.2828967558497069, -0.39260634390211147, 0.006816052680748033] - [-0.011187069903636658, 0.5390146209538669, -0.3594509870145294, -0.16837643286118537] - [0.09786285467258277, 0.017463372011569528, -0.16885095790589671, 0.05352493639309937]
B1: -1.3334774224702886e-08 - 5.1453230933160005e-09 - 8.75939225233574e-09 - 2.5320758399778515e-08
B2: 2.2181529850211788e-08 - -3.828464721578553e-08 - 2.6894029949054e-09 - 2.7308495032718885e-08
