Number: 3127
Error: 3.7384960288934816e-06
A1: [0.06247748716404424, -0.04901911382541821, -0.024626494342277667, 0.006756111123590926] - [0.040124034100478385, 0.18773076554751658, -0.1463262056676749, -0.09653812768973626] - [-0.12322752046308294, 0.41485409136453094, -0.10488586070876407, -0.18703044498914878] - [0.04243720785309851, 0.02432331480093436, -0.028104967988490746, -0.01772010500270132]
A2: [0.06172876234880552, -0.17527058365332307, 0.08454439652151047, 0.02212140592138623] - [0.02243007386427573, 0.19354827569997074, -0.10851207259171523, -0.13457281875461205] - [-0.10546917593281298, 0.5018465781606095, -0.23771636433885776, -0.20673522677803496] - [-0.029439359153295826, 0.01503788302378936, -0.05382354531070939, 0.05346172355726878]
B1: 0.007557086948727122 - -0.00525071163528798 - -0.0006205753019248327 - -0.007633263256542007
B2: -0.002025896726470391 - -0.005542024471101268 - -0.0014745811443078276 - 0.0005299062437761411
