Number: 6996
Error: 7.900862873202899e-16
A1: [0.08043169213761915, -0.18046780329835704, -0.01958884952921199, 0.119624979190352] - [0.037415589386995934, 0.133596395561095, -0.13472617682377463, -0.036285815709368605] - [-0.0017028105178342396, 0.22819012500154354, -0.12282837416268812, -0.103658901731776] - [0.03886321812669379, -0.11448103480909597, -0.04641645768781895, 0.12203421166063802]
A2: [0.035307388447301725, -0.029273530562007384, -0.07569740187747194, 0.06966335058493624] - [0.102893705256783, 0.2828966554657922, -0.39260644017512836, 0.006815948448874546] - [-0.011187012567596431, 0.5390146786319513, -0.3594509327447818, -0.16837637244412346] - [0.09786279340126752, 0.01746331046159965, -0.1688510162323298, 0.05352487207830439]
B1: -1.637294674275199e-08 - -1.0879229256715008e-08 - 3.084135872586631e-08 - -4.729039568948115e-09
B2: 4.606530361260934e-09 - -8.821604193179426e-10 - 5.148563157853748e-09 - -8.77282235012066e-09
