Number: 5526
Error: 3.225116119353004e-11
A1: [0.06621319503598247, -0.11395206664969902, -0.02398393693575493, 0.0717228814811038] - [0.03740866318023991, 0.18819915084258476, -0.14740299811789379, -0.07818106099471368] - [-0.06024750387755667, 0.3289333847489278, -0.12777085315057676, -0.14098597024318965] - [0.03902507403599509, -0.05334269936015742, -0.03743898957909336, 0.05167488686141018]
A2: [-0.009120495121789748, -0.34681582996707294, 0.24944307452593636, 0.10644418305875739] - [0.08003723002406997, 0.036279460622531894, -0.05025294926637326, -0.06607482060312274] - [-0.042461034033944946, 0.2308228250223576, -0.04054004860176862, -0.14785692402619596] - [0.06812631883979689, -0.29347716692356596, 0.14176206928712493, 0.08355237527045178]
B1: -1.7717383346114712e-06 - 9.226062212629477e-08 - -8.358012429088466e-07 - -9.421128246056436e-07
B2: 2.0955147854158663e-06 - -1.2058642620469815e-06 - 5.904271434299057e-06 - 7.039532840454853e-06
