Number: 7107
Error: 4.605277515102957e-16
A1: [0.08043169638497574, -0.18046779905148147, -0.01958884528693483, 0.1196249834372232] - [0.03741560058581015, 0.13359640675143442, -0.1347261656472735, -0.036285804516757496] - [-0.0017028031847234756, 0.22819013233449656, -0.12282836684031642, -0.10365889440062313] - [0.03886324085923045, -0.1144810121403546, -0.046416434969765705, 0.12203423437904688]
A2: [0.035307351844604505, -0.02927356726594254, -0.07569743667886461, 0.06966331227625631] - [0.10289373942835878, 0.2828966899273856, -0.39260640712482436, 0.006815984231506015] - [-0.01118705949731432, 0.5390146314223182, -0.35945097716477875, -0.1683764218956065] - [0.09786278316454822, 0.017463300178317105, -0.16885102597702772, 0.0535248613330852]
B1: -2.8670821033167148e-08 - 3.205902197826715e-08 - 1.1956887444915047e-08 - -1.241174510149282e-08
B2: 2.516281031503264e-10 - 4.5344238290066287e-10 - 8.960372329731414e-09 - -2.330656218731388e-10
