Number: 2790
Error: 1.2092447523948823e-08
A1: [0.06338099984112064, -0.0479256435926273, -0.023496856217980526, 0.007801822429405253] - [0.0437140294889517, 0.1913211773276593, -0.14251064670486377, -0.09245469664676774] - [-0.12343691113852787, 0.4148696794529331, -0.10485029210691862, -0.18706382410207603] - [0.03687350237712674, 0.01903737945748272, -0.03326194561426575, -0.02318046212714458]
A2: [0.06307361999424949, -0.17405183743547162, 0.08595793142842298, 0.023595382442526746] - [0.029454364262398874, 0.2004607009205552, -0.1015462976571693, -0.1277120908734793] - [-0.09317436165742385, 0.5139131656398516, -0.2253700702086231, -0.19487000390652992] - [-0.024811611220570393, 0.019630539372076025, -0.04917140625294987, 0.058063071819819366]
B1: -4.243193117650778e-05 - -1.795520642915853e-05 - 1.0574608729645423e-05 - -0.0002595663948937044
B2: 1.0485483163147294e-05 - -3.4821730007682475e-05 - -7.200330707338536e-05 - -7.002790772095263e-05
