Number: 805
Error: 3.558043739827939e-12
A1: [-0.012159747589909857, -0.01452369604839378, 0.018080260574934587, 0.008576307627097516] - [0.06583464675194899, 0.18949469462489962, -0.14532317889112645, -0.11000921617725556] - [-0.09629993199877582, 0.421779461809962, -0.05346477498129075, -0.27204372406803484] - [-0.0013202906794083662, -0.018218081609564785, -0.0038338231731045074, 0.023378141636716785]
A2: [0.16158619139522212, -0.1677552927073675, 0.008500815149222145, -0.002333585591977764] - [0.0354861749629708, 0.2075171659559539, -0.11720997467225756, -0.12579158792418302] - [-0.08621644818456878, 0.5815352777943191, -0.23539155183941654, -0.2599383995332776] - [-0.0038356367991726546, -0.004519948173038956, 0.0011095942303255865, 0.007242752251520236]
B1: 1.22528393515749e-06 - 1.710752317877294e-06 - 1.7097083397926754e-06 - 1.372683594903051e-06
B2: 3.913379175142268e-06 - -6.753076077586277e-07 - 4.326546391277992e-06 - -1.9411849297596204e-06
