Number: 4773
Error: 6.156457477657855e-16
A1: [0.06621324087787919, -0.11395202183611165, -0.02398389113048454, 0.07172292724636466] - [0.03740266322349, 0.18819341825388386, -0.1474088965484959, -0.07818695994272434] - [-0.060229428647523814, 0.32895074507148475, -0.12775316577630924, -0.14096837800013834] - [0.03904607638607971, -0.05332276461156822, -0.037418670452177956, 0.0516950410085611]
A2: [-0.009108602355760262, -0.3468032136547372, 0.2494550635420577, 0.10645665203323156] - [0.08003985357691698, 0.036282286932578935, -0.05025008186495625, -0.06607192884207151] - [-0.042452801384852995, 0.23083191103459944, -0.04053122617704758, -0.1478478189846231] - [0.0681347959429457, -0.2934678333157254, 0.1417712592746476, 0.0835618796981235]
B1: 2.587103675481404e-08 - 3.2498475497184266e-08 - 1.887653251234046e-08 - 2.301408898578491e-08
B2: 9.564008766221926e-10 - 2.7652999291055455e-08 - 3.05067329891284e-08 - 4.181233743929234e-08
