Number: 9432
Error: 1.446397874803879e-12
A1: [0.053169263109060595, -0.14800455921131953, -0.027002330777131125, 0.12182453333825725] - [0.005314694408753482, 0.1308376699046275, -0.11359976927897973, -0.022548787295445235] - [-0.014445752170764378, 0.2230903446873581, -0.1270424542542166, -0.08160720914911958] - [0.027146906596498967, -0.10001959135773772, -0.049424060783011294, 0.12229856830415546]
A2: [0.08924593321216592, -0.07292187867584617, -0.12363575671540197, 0.10727774992308634] - [0.10885380117096378, 0.24982625564215424, -0.40483345623932293, 0.0462017555882387] - [0.03662102074299582, 0.46254028572129596, -0.37773199811229113, -0.12148833346928678] - [0.14341143673565088, -0.04462156408843879, -0.20151417814523093, 0.10266464332064014]
B1: -2.3674565065217386e-06 - -3.1071450001015313e-06 - 1.798638477243272e-08 - 1.6261292591580918e-07
B2: -2.3070027450419444e-06 - -1.2904583979136698e-06 - -1.6335954727821877e-06 - -1.8097185011700737e-06
