Number: 9436
Error: 9.518090624514522e-13
A1: [0.05316921323355936, -0.1480046091196833, -0.02700238059618542, 0.12182448343727806] - [0.005316679511520857, 0.1308396570544623, -0.11359778448823517, -0.02254679941841145] - [-0.014447804011910703, 0.22308829211770959, -0.12704450445812285, -0.08160926170108267] - [0.027149191809492598, -0.10001730620943344, -0.04942177077552285, 0.12230085927296125]
A2: [0.08925173054881991, -0.07291609474110887, -0.12363008999178483, 0.10728361873370047] - [0.10884990271084154, 0.24982235649751897, -0.4048372774919007, 0.04619779154545622] - [0.036623820014327485, 0.46254307045009513, -0.3777292670152275, -0.12148550513853204] - [0.14341294489819367, -0.04462006150778186, -0.20151270557739756, 0.10266617391136089]
B1: -1.8993484330099994e-06 - -3.6931394918308127e-06 - -5.817349077794637e-07 - -6.260978999633974e-07
B2: -2.6534320297720395e-06 - -1.2193902544397447e-06 - -1.4971555528032017e-06 - -2.2916956077583506e-06
