Number: 6596
Error: 1.2068673006136584e-15
A1: [0.08043168141310038, -0.18046781402166207, -0.01958886024091084, 0.1196249684670571] - [0.03741559214498131, 0.13359639831699235, -0.13472617407128654, -0.036285812952911105] - [-0.0017028310138217295, 0.22819010450599617, -0.12282839462866676, -0.10365892222229357] - [0.03886323765066204, -0.11448101533992067, -0.04641643817628992, 0.12203423117247268]
A2: [0.03530743432301271, -0.029273484559412467, -0.07569735825942978, 0.06966339859883887] - [0.10289374090078451, 0.2828966914123029, -0.39260640570071337, 0.006815985773342449] - [-0.011187101957608407, 0.5390145887087802, -0.35945101735438556, -0.16837646663747374] - [0.09786280203224784, 0.01746331913184016, -0.16885100801619632, 0.053524881138025]
B1: 2.729366159522366e-09 - 7.081141582540478e-10 - 3.2203683180388417e-09 - 3.323618849759707e-09
B2: 8.599660255178378e-10 - 5.597124603463393e-09 - -4.679206210753973e-09 - 7.626672421275726e-09
