Number: 6794
Error: 8.992330386372574e-16
A1: [0.0804316544975621, -0.18046784093415089, -0.019588887124267103, 0.11962494155459252] - [0.03741555661291221, 0.13359636281181736, -0.13472620953255812, -0.03628584846529806] - [-0.0017028552559282418, 0.22819008026440513, -0.1228284188352784, -0.10365894645792989] - [0.03886319853812079, -0.11448105434269515, -0.04641647726390961, 0.12203419208423974]
A2: [0.03530738522021952, -0.02927353379801832, -0.07569740494573356, 0.06966334720743285] - [0.10289367289528492, 0.28289662282963274, -0.3926064714747423, 0.00681591456164234] - [-0.011187128797870597, 0.5390145617084232, -0.35945104275926587, -0.1683764949200081] - [0.09786275705037645, 0.017463273945359733, -0.16885105083601934, 0.053524833921694555]
B1: 1.1281476105344698e-08 - -3.377977286557511e-09 - 1.5001912329339383e-08 - 1.2276052364035413e-08
B2: 9.960814822318977e-09 - 6.407046676799121e-09 - 5.326131664758162e-09 - 7.453293229986875e-09
