Number: 5106
Error: 1.1698086491975194e-15
A1: [0.06621324447213053, -0.11395201832217611, -0.023983887539064427, 0.07172293083458495] - [0.037402631641343304, 0.1881933880793141, -0.14740892759613564, -0.07818699099311274] - [-0.0602294013988025, 0.3289507712423154, -0.12775313911233063, -0.14096835147956896] - [0.03904617794894524, -0.05332266821180434, -0.03741857219338626, 0.05169513846952365]
A2: [-0.009108707217489803, -0.34680332489626065, 0.24945495783192534, 0.10645654209181375] - [0.08003980817546757, 0.03628223802226565, -0.050250131486078625, -0.06607197888454153] - [-0.042452902344043655, 0.23083179961009917, -0.04053133436871532, -0.14784793064135227] - [0.06813467944579227, -0.2934679615837808, 0.1417711329807695, 0.08356174908376213]
B1: 3.6258766635223656e-08 - -2.6057469900797166e-08 - 1.1129713376302e-08 - 1.5087037583034023e-08
B2: 4.856706147215539e-08 - 2.6083052574477365e-08 - -5.353497272393006e-08 - 6.182733072671282e-08
