Number: 747
Error: 2.7411058923429966e-15
A1: [-0.012153018981242528, -0.014516785083621213, 0.018087697725696985, 0.008583497921150774] - [0.06583521991452239, 0.1894952459812769, -0.1453225862923625, -0.11000857801897063] - [-0.0962924702952746, 0.4217866734128023, -0.05345667812690754, -0.27203503083745123] - [-0.0013221984086099995, -0.018219916299674236, -0.0038358538994038524, 0.0233759366324764]
A2: [0.16158673539661514, -0.16775475895514103, 0.008501348182346644, -0.0023330552706183733] - [0.03548583188240582, 0.20751682838864266, -0.11721031631349621, -0.12579192355036037] - [-0.08621349426637041, 0.5815381711559275, -0.2353886775796437, -0.2599355190091594] - [-0.0038351634725813967, -0.004519482719318148, 0.0011100627139514615, 0.0072432050813201875]
B1: 1.5878640399415207e-07 - 2.496850756246526e-07 - 1.481843472144134e-07 - 4.0753880932248846e-08
B2: 4.160309850111424e-08 - 4.122945438432145e-07 - 7.156675141030016e-08 - -1.4544690848869886e-08
