Number: 3262
Error: 0.00024122770306146283
A1: [-0.01607330821396162, -0.19637038674321744, -0.11308490894899775, -0.015786646314941317] - [0.06611895944889037, 0.20846135418039693, -0.11750864772541791, -0.04793252161062797] - [-0.05753221911835108, 0.34256221871173753, -0.11511148171752641, -0.1286128301641939] - [-0.011729820841116227, -0.09386886550738215, -0.08558808441937214, 0.00454249978897627]
A2: [-0.027914315423696125, -0.38091279960648194, 0.2354989599679676, 0.08561510987258648] - [0.06349310007475942, 0.027324041226850594, -0.0760012786171986, -0.0907632140021234] - [-0.14548955376180722, 0.09686628224144339, -0.17549994051226564, -0.27813517976983765] - [-0.02798713299944516, -0.41557599497667197, 0.013756103974928413, -0.03948803904096605]
B1: 0.00930649998133674 - -0.048620035109151534 - -0.00019479354563547806 - -0.00016396398124665645
B2: -0.03050974681394441 - -0.07985578328837745 - 0.003244888465462791 - 0.009560828473066356
