Number: 7514
Error: 1.1402769795413788e-15
A1: [0.0804317153013773, -0.18046778013723075, -0.019588826393161875, 0.11962500235145845] - [0.037415610749365134, 0.13359641690729282, -0.1347261555039713, -0.03628579435883594] - [-0.0017027860880681643, 0.22819014943078744, -0.12282834976869204, -0.10365887730852705] - [0.03886325779460909, -0.1144809952525135, -0.046416418045189894, 0.12203425130389174]
A2: [0.03530741946627931, -0.02927349945722584, -0.07569737238504311, 0.06966338304967021] - [0.10289378793094724, 0.2828967388416222, -0.3926063602137345, 0.00681603502078585] - [-0.011187068291540897, 0.5390146225756388, -0.3594509854886901, -0.1683764311623961] - [0.0978628563033605, 0.017463373649812812, -0.16885095635357802, 0.05352493810498965]
B1: -6.721404572514767e-09 - 6.561959956456135e-09 - 2.0068841110797576e-08 - 2.3748092004350814e-09
B2: 1.0119133126955368e-08 - 8.067488976890105e-09 - 1.599506705760365e-08 - 5.1567475010579955e-09
