Number: 1586
Error: 1.4909412554935812e-07
A1: [-0.007623150914544343, -0.015432424486077862, 0.0025449836429203908, 0.019006477002848042] - [0.06628895115214431, 0.18936681977729258, -0.1472910893380042, -0.11046062098283624] - [-0.11546346042236097, 0.4389633206980508, -0.07378787335618367, -0.2612163033505765] - [-0.024791532792555058, 0.01394504753473199, -0.031387056416363406, 0.037409913117408794]
A2: [0.13205921828078407, -0.22416434509362057, 0.023130640205060525, 0.07062044250749734] - [0.03268038201489861, 0.2037827235047991, -0.11485401440614192, -0.1214238929567946] - [-0.09482506530681456, 0.5553411919087724, -0.23540182660547224, -0.22583483052608244] - [-0.02026810886607626, -0.01872638712496255, 0.008670956202235361, 0.03271607557452738]
B1: -0.0001425483803446425 - -7.893098499906355e-05 - -0.0001660930634495209 - -2.8780160225009278e-05
B2: 0.0010172069394985296 - -0.0012637718640924728 - -0.0009883927018904952 - 0.0003214229080478445
