Number: 9723
Error: 2.1218238036951526e-15
A1: [0.053172654504661736, -0.1480011665731336, -0.02699894307149596, 0.12182792639671824] - [0.005313792534972106, 0.13083676706269826, -0.11360067106569648, -0.022549690555711117] - [-0.014444349333731408, 0.22309174811887927, -0.1270410524548028, -0.08160580571075202] - [0.027146615703437932, -0.1000198824308033, -0.04942435246375166, 0.12229827640683974]
A2: [0.08925437188306262, -0.07291345952054515, -0.1236275082036157, 0.10728629255009181] - [0.10884176594942437, 0.24981421826820016, -0.4048452531186744, 0.046189517863643205] - [0.03663620009588781, 0.46255538618873554, -0.37771718842735913, -0.12147299656386211] - [0.14342646348541996, -0.04460659314971196, -0.20149950590766674, 0.10267989322850299]
B1: -3.033196884488939e-08 - -4.690356790804495e-09 - 8.162149748608131e-08 - -1.5227629168231057e-08
B2: 4.5672479834765744e-10 - 4.424729426599239e-08 - 1.1942622712992265e-08 - -4.561639906487631e-10
