Number: 1129
Error: 1.5666084292391953e-06
A1: [-0.0034497642675912596, -0.011176547502599242, 0.006974389257776239, 0.023211421456425522] - [0.0625639420360615, 0.18575277221096706, -0.1511609699934375, -0.11456964664284373] - [-0.10810969212960832, 0.44625258395994866, -0.06601870235839948, -0.25333468230918493] - [-0.020611861514918027, 0.018027660221095476, -0.026960245969250195, 0.04179426375110638]
A2: [0.12723220530060717, -0.22888408093182327, 0.018416845187758855, 0.06585054817909078] - [0.02376948651114654, 0.195047481112759, -0.12372941734570368, -0.13014375798305072] - [-0.10506668325428248, 0.5453975830871242, -0.24544745785972738, -0.23597440726671118] - [-0.01848982643147203, -0.017066392169189096, 0.01048593307835904, 0.03429095138493997]
B1: -0.0008018781361934186 - -0.0025725807631300146 - 0.0012932625257409004 - -0.0031091761784170927
B2: -0.0007902046451294602 - 0.00023838123626927776 - -0.000936373543210127 - 0.0002531172535358324
