Number: 6057
Error: 6.887455795502059e-14
A1: [0.08043288393271443, -0.1804666116388962, -0.0195876591599543, 0.11962617084861828] - [0.037416780702575876, 0.13359758597353444, -0.13472498788402948, -0.036284625055331816] - [-0.0017014362812221855, 0.22819149921064036, -0.1228270019360635, -0.1036575278602968] - [0.03886459179968307, -0.11447966499083109, -0.04641508488984455, 0.12203558448004244]
A2: [0.03530758555030878, -0.02927333291453949, -0.0756972144722467, 0.06966355687571346] - [0.1028926716131337, 0.2828956130492006, -0.3926074399005718, 0.0068148660725939935] - [-0.011189206061235028, 0.5390124720553215, -0.35945300893122845, -0.16837868380621962] - [0.09786132980310783, 0.01746184020609852, -0.16885240948105415, 0.05352333577601935]
B1: 7.010618764698352e-07 - 4.301106514379923e-07 - -5.319723713978667e-08 - -5.391369489319815e-08
B2: -5.19454688959574e-07 - -7.661714118236501e-07 - 1.7183378430112504e-06 - -1.968892597903393e-09
