Number: 1065
Error: 4.635012932541836e-05
A1: [-0.0025057924114914084, -0.010963244568180017, 0.007462774068766933, 0.022985897828255886] - [0.0809068625049531, 0.20325929409431148, -0.13272487240885134, -0.09433932497044395] - [-0.10377285254050621, 0.4472352992766112, -0.07143565405298608, -0.2533951150777668] - [-0.04363633182769575, -0.003511163478177412, -0.042485731727500975, 0.019783815614451798]
A2: [0.1468045637804982, -0.20855957602934422, 0.03519078605955639, 0.08692337499084207] - [0.020088889652112914, 0.19157463621181073, -0.12694623356860055, -0.13416136518249921] - [-0.10743890760653144, 0.5436777595186096, -0.24033914854638733, -0.24519450048791608] - [-0.003652671076384178, -0.0027657869596040916, 0.02583960617593853, 0.04809474415551714]
B1: -0.00869262105136951 - 0.0016425517262302074 - -0.005173469200595464 - -0.009930404040801708
B2: 0.0031701763995401508 - -0.0023070303934982824 - -0.006706014638165864 - 0.005403141249280476
