Number: 398
Error: 5.487121524338279e-11
A1: [-0.012188330609064662, -0.01455305108827164, 0.018048669241333293, 0.008545765068998663] - [0.06582477818915229, 0.18948520154797505, -0.145333382191753, -0.1100202039485979] - [-0.09626885123177188, 0.42180950173185583, -0.053431046823420966, -0.2720075132938448] - [-0.00129417372496524, -0.018192963552028967, -0.0038060202350933183, 0.023408328685258713]
A2: [0.16156515439265953, -0.1677759357729633, 0.008480201322509786, -0.002354094663945798] - [0.03548272810261342, 0.2075137743078955, -0.1172134074093016, -0.12579496026938816] - [-0.08623981081942797, 0.5815123923692508, -0.23541428672825226, -0.2599611842579127] - [-0.0038382274392273494, -0.004522496061846717, 0.001107029930995574, 0.007240273232865401]
B1: 7.427222760193018e-07 - -1.310979385048427e-05 - -3.7943075027073434e-06 - -2.819747909722599e-06
B2: 5.051348521277232e-06 - -1.7289169211723928e-05 - -1.5807845902015998e-05 - -7.992566264208564e-06
