Number: 5290
Error: 1.9522529864217494e-15
A1: [0.06621315494657323, -0.11395210584712667, -0.023983976994341197, 0.07172284145928133] - [0.03740254528915832, 0.1881933055756756, -0.1474090124869325, -0.07818707589142362] - [-0.06022936077544575, 0.32895081025861983, -0.12775309936077725, -0.140968311941743] - [0.03904617929084102, -0.05332266693804344, -0.037418570895118755, 0.05169513975721882]
A2: [-0.00910878609192748, -0.34680340856933617, 0.24945487831912463, 0.10645645939655606] - [0.08003994740141505, 0.036282388008316735, -0.05024997932017953, -0.06607182542667164] - [-0.0424526950888254, 0.23083202834896382, -0.04053111226641117, -0.14784770142573686] - [0.06813492545544407, -0.29346769071745965, 0.14177139967803734, 0.08356202490484611]
B1: -4.690079051117727e-08 - -3.1800263268630386e-08 - 5.0284505279002245e-08 - 4.814264959643701e-08
B2: 6.012463639306489e-09 - 2.2985129136889696e-09 - -4.376794223283658e-08 - 1.4884398111483671e-08
