Number: 8130
Error: 8.331591587834842e-16
A1: [0.0804317347757954, -0.18046776066503645, -0.019588806942062633, 0.11962502182363591] - [0.03741553190394608, 0.1335963381215848, -0.13472623419217525, -0.03628587316052001] - [-0.0017027995529144667, 0.22819013596622317, -0.12282836321382704, -0.10365889076978102] - [0.038863239432227234, -0.11448101356336601, -0.046416436395873215, 0.1220342329529235]
A2: [0.03530728774051926, -0.029273631547256394, -0.07569749762842953, 0.06966324518462555] - [0.10289373856995832, 0.2828966890617063, -0.39260640795504304, 0.0068159833326298155] - [-0.011186999699188554, 0.539014691577038, -0.359450920564389, -0.16837635888442942] - [0.09786281697332067, 0.017463334140835597, -0.1688509937932406, 0.05352489682124505]
B1: -4.921216634886247e-08 - -3.180644823896087e-09 - 4.1686010332703666e-08 - 1.926321815156806e-08
B2: 3.428144111932824e-08 - -4.259861593307568e-08 - 6.622470667068098e-09 - 1.0570069781322242e-08
