Number: 6148
Error: 8.361422912551583e-16
A1: [0.08043160203334426, -0.18046789339242467, -0.019588939525751206, 0.11962488909636981] - [0.037415518257742114, 0.13359632448567785, -0.13472624781130382, -0.036285886799217563] - [-0.001702897009692518, 0.2281900385115373, -0.12282846052790843, -0.10365898820055165] - [0.0388630860713211, -0.11448116649386658, -0.04641658965904324, 0.12203407968734116]
A2: [0.03530749056050108, -0.029273428166378578, -0.07569730478957651, 0.06966345745750549] - [0.10289381384774932, 0.2828967649783813, -0.3926063351473838, 0.006816062159505521] - [-0.011187024719790578, 0.5390146664072972, -0.3594509442471658, -0.168376385249245] - [0.09786283188319608, 0.0174633491185713, -0.16885097960004197, 0.05352491247181925]
B1: -2.1358501305236266e-08 - 1.8136780736682797e-08 - -3.871311263158372e-08 - -7.042708731241767e-09
B2: 4.569035837336595e-08 - 4.3953498969797234e-08 - -1.461509950493949e-07 - -7.939562286681307e-09
