Number: 742
Error: 4.762182226578639e-14
A1: [-0.012152897714634505, -0.01451666053053061, 0.018087831762068803, 0.008583627508471713] - [0.06583505543387923, 0.18949508775783658, -0.14532275635098307, -0.11000876115171923] - [-0.09629484883443332, 0.4217843745939578, -0.053459259125864245, -0.27203780195044036] - [-0.0013198368280623648, -0.018217645126884768, -0.0038333400745226296, 0.023378666221814615]
A2: [0.16158669607418583, -0.16775479753680486, 0.008501309653081058, -0.0023330936046275673] - [0.03548584334908905, 0.20751683967109205, -0.11721030489482177, -0.12579191233296472] - [-0.08621366194814191, 0.5815380069124891, -0.23538884073930136, -0.2599356825244605] - [-0.0038350785310002603, -0.004519399189884378, 0.0011101467858649224, 0.00724328634740629]
B1: 1.1825262411854015e-07 - 9.761055393270864e-08 - 1.9441313923925394e-07 - 3.4383852607590654e-08
B2: 4.782401140070627e-07 - 2.067195564317357e-07 - -3.950349131636666e-07 - 2.7447844651997773e-08
