Number: 5378
Error: 7.112549295077389e-16
A1: [0.066213180920632, -0.1139520804534702, -0.023983951040637514, 0.07172286738977815] - [0.03740263823035795, 0.18819339437478555, -0.1474089211185416, -0.07818698451494883] - [-0.060229360338481454, 0.32895081067841914, -0.12775309893302828, -0.1409683115163099] - [0.039046101110495994, -0.05332274114396693, -0.03741864653196695, 0.051695064734506274]
A2: [-0.009108572594725995, -0.34680318208280536, 0.2494550935435871, 0.10645668323616107] - [0.08003984202110204, 0.03628227448368852, -0.05025009449461125, -0.06607194157911138] - [-0.04245282042680517, 0.230831890018733, -0.04053124658335088, -0.1478478400442693] - [0.06813477425490808, -0.29346785719518687, 0.14177123576243095, 0.08356185538189932]
B1: -1.0172244687828881e-08 - 1.3409080527920457e-07 - -2.4350170288065858e-08 - -1.0653822532225764e-08
B2: 2.803033337976174e-08 - 2.7058016007405852e-08 - 5.797621208243409e-09 - 1.2387142974654309e-08
