Number: 7650
Error: 3.3707386583386943e-16
A1: [0.08043169613056715, -0.18046779930586926, -0.019588845541039655, 0.11962498318284394] - [0.037415630257881215, 0.1335964364010442, -0.13472613603431413, -0.036285774861119294] - [-0.0017027864375042724, 0.2281901490813584, -0.12282835011761167, -0.10365887765786726] - [0.038863246093549464, -0.11448100692073498, -0.04641642973878255, 0.12203423961011121]
A2: [0.03530754603764615, -0.029273372535786938, -0.07569725204249168, 0.06966351552022039] - [0.10289385663988111, 0.2828968081336877, -0.3926062937593195, 0.006816106969030808] - [-0.011187272633935966, 0.5390144170144501, -0.35945117890338524, -0.16837664648491948] - [0.09786274613753554, 0.01746326298289017, -0.16885106122439217, 0.053524822466828235]
B1: 2.398238454167565e-08 - 6.629976092473735e-08 - 1.748422499083166e-08 - 3.4535901363473336e-08
B2: 2.9616937971876825e-08 - 3.635933184954704e-08 - 4.9816994072602575e-08 - 2.7040003891430064e-08
