Number: 7061
Error: 6.793216620326084e-16
A1: [0.08043169903257989, -0.1804677964041776, -0.019588842642496544, 0.11962498608452488] - [0.03741560062877843, 0.13359640679436974, -0.13472616560439107, -0.036285804473813105] - [-0.001702800558204747, 0.22819013496095966, -0.12282836421764268, -0.1036588917748051] - [0.03886323836616098, -0.11448101462642701, -0.04641643746124625, 0.12203423188752713]
A2: [0.03530742841399004, -0.02927349048477708, -0.07569736387765127, 0.06966339241440629] - [0.10289378901744757, 0.28289673993734027, -0.39260635916290254, 0.006816036158522387] - [-0.01118710282543392, 0.5390145878357661, -0.35945101817579567, -0.16837646755194952] - [0.0978627984633423, 0.017463315546700036, -0.16885101141356182, 0.053524877391834653]
B1: 2.2250596709655587e-08 - -1.5409033554968046e-08 - -1.0920883863959054e-09 - 1.089614156191049e-08
B2: 4.918612048032739e-09 - 2.1695073777554324e-09 - 8.671286969122483e-09 - -6.48115475114366e-10
