Number: 9042
Error: 0.0002534623936517162
A1: [0.11653846023886254, -0.10790703245067593, 0.0329060374598273, 0.1785089878251002] - [0.015330912204127132, 0.13490312094341114, -0.10695355368429295, -0.015631219913336936] - [0.004401442400627591, 0.2509100906820483, -0.0935062668820772, -0.055634476869301584] - [0.03342202091268737, -0.09654726643121453, -0.03984659776221845, 0.12815623184284441]
A2: [-0.002549029666051113, -0.15101349076678908, -0.19338810713011553, 0.029885358621994103] - [0.14586678044680854, 0.2690992365042532, -0.3858587765203086, 0.06645964764993796] - [-0.0434321727492799, 0.3912872884034228, -0.46084289945847773, -0.1990224998409758] - [0.08182997403601813, -0.10083904115027556, -0.2609622423080913, 0.0448922414248922]
B1: 0.011609828989743538 - 0.009799962316525333 - 0.026064677978783736 - 0.01190698980616902
B2: 0.03040545676614315 - 0.00988634668222348 - -0.001982576777507248 - 0.010375905726766737
