Number: 3964
Error: 1.047137871509575e-15
A1: [0.0662132374145036, -0.11395202522209164, -0.023983894591115607, 0.07172292378884604] - [0.03740258357425514, 0.18819334215442557, -0.1474089748498091, -0.0781870382509412] - [-0.060229293428637, 0.3289508749417907, -0.12775303345905462, -0.14096824639477248] - [0.03904628351457001, -0.053322568013071794, -0.03741847006233441, 0.051695239771336825]
A2: [-0.009108513800174469, -0.34680311971111527, 0.24945515281429395, 0.1064567448789777] - [0.08003978710773654, 0.03628221532620693, -0.050250154512049956, -0.06607200210601205] - [-0.04245273053117842, 0.23083198923315912, -0.04053115024755039, -0.1478477406231162] - [0.06813474816214948, -0.2934678859244209, 0.14177120747589597, 0.08356182612705483]
B1: 1.838221244657047e-08 - -1.3955151271508747e-08 - 2.5659517587798177e-08 - -1.4559663021468514e-08
B2: 1.9564135737356665e-08 - -3.708277011335405e-08 - -1.0457663358785189e-08 - 5.72597216559254e-08
