Number: 6322
Error: 7.797576151736589e-16
A1: [0.08043169221985672, -0.1804678032161271, -0.019588849447074785, 0.1196249792725808] - [0.03741560473764527, 0.13359641090012767, -0.13472616150371258, -0.03628580036722065] - [-0.0017027787061532477, 0.22819015681254945, -0.12282834239758644, -0.1036588699285845] - [0.03886327164577854, -0.11448098144020756, -0.04641640420283689, 0.12203426514646148]
A2: [0.03530741020142612, -0.02927350874771967, -0.07569738119390959, 0.06966337335296527] - [0.10289381350939052, 0.2828967646371503, -0.392606335474635, 0.006816061805187558] - [-0.011187096801764692, 0.5390145938953768, -0.3594510124742676, -0.16837646120458463] - [0.09786284030246012, 0.017463357576131287, -0.16885097158544632, 0.05352492130930722]
B1: 1.4175081550524604e-09 - 5.465345065376519e-09 - 2.759377567283335e-08 - -2.055365844600527e-09
B2: -5.698379605741501e-09 - -5.502865473961751e-09 - 2.79065753577954e-08 - 1.4409379372301368e-08
