Number: 7191
Error: 9.380511532628716e-16
A1: [0.0804317039901609, -0.18046779144715908, -0.019588837690846062, 0.11962499104153819] - [0.03741560803857125, 0.13359641419855456, -0.13472615820936368, -0.03628579706812568] - [-0.0017028273832462922, 0.22819010813649948, -0.12282839100339392, -0.10365891859267962] - [0.038863254534399795, -0.11448099850356762, -0.0464164213033183, 0.12203424804571258]
A2: [0.035307408103262536, -0.02927351085168129, -0.07569738318884961, 0.06966337115703647] - [0.10289375107881435, 0.2828967016767196, -0.3926063958566512, 0.006815996431233239] - [-0.011187110403776443, 0.5390145802122219, -0.3594510253488569, -0.16837647553751517] - [0.09786278774111119, 0.017463304775696978, -0.16885102162043722, 0.05352486613698558]
B1: -1.1005356463333576e-10 - -5.381944154424226e-09 - 1.0536876428626882e-08 - 6.376554542108504e-09
B2: 4.541438788008641e-09 - 4.028388147334172e-09 - -1.2054355269291097e-08 - 7.830438237903148e-09
