Number: 8516
Error: 1.7381904122695312e-15
A1: [0.08043165735316252, -0.18046783807886507, -0.019588884272114193, 0.11962494440986558] - [0.03741562655170932, 0.13359643269775345, -0.13472613973288433, -0.036285778565113065] - [-0.001702871370428228, 0.22819006415022317, -0.12282843492620386, -0.10365896256813428] - [0.03886324154906734, -0.11448101145238185, -0.04641643428034427, 0.1220342350685101]
A2: [0.03530752707263882, -0.029273391553220035, -0.07569727007403236, 0.06966349567111944] - [0.10289377300843579, 0.2828967237924862, -0.39260637464653686, 0.00681601939467811] - [-0.011187168886229797, 0.5390145213809625, -0.3594510807039711, -0.16837653716228787] - [0.09786280562135494, 0.017463322737244952, -0.1688510045995847, 0.0535248849053863]
B1: 1.955494087676385e-08 - -5.040771896759968e-08 - 5.241095693376056e-09 - -2.5520932303801888e-08
B2: 3.635097714288546e-08 - -9.419490171889081e-09 - 3.9829215045806964e-08 - 1.3639821125922443e-08
