Number: 6195
Error: 1.148604988354838e-15
A1: [0.08043164062913115, -0.1804678548010082, -0.019588900976112957, 0.1196249276877487] - [0.03741554850949735, 0.13359635471453798, -0.1347262176198253, -0.03628585656422031] - [-0.0017028226109369732, 0.22819011290870467, -0.12282838623808605, -0.10365891382164905] - [0.03886322219467169, -0.11448103075253258, -0.04641645362243266, 0.12203421572609117]
A2: [0.0353074240412164, -0.02927349486964952, -0.0756973680352178, 0.0696633878378157] - [0.102893721288947, 0.2828966716340165, -0.3926064246690216, 0.006815965236870699] - [-0.01118705833060732, 0.5390146325960025, -0.3594509760605047, -0.1683764206661573] - [0.09786279052183358, 0.017463307569067804, -0.16885101897335683, 0.053524869055826534]
B1: -2.1743907835050048e-08 - -4.967650159009431e-09 - -1.2508769591145413e-08 - -6.061303555456746e-09
B2: -2.5934697803566445e-08 - -3.307386985318952e-08 - 5.969049488768204e-09 - -4.328807671495634e-09
