Number: 8988
Error: 0.0004663004657072227
A1: [0.013209120111430467, -0.22552274344449383, -0.0676379073442293, 0.07247580394900326] - [-0.007846093724206166, 0.12043536252886175, -0.13044705977828885, -0.03589392881058152] - [-0.18364796297120406, 0.05276579716471441, -0.2769401562145776, -0.25120732359387893] - [-0.0015136089554185703, -0.13047871250726656, -0.0742036863689815, 0.0942095504224741]
A2: [0.04655945566288072, -0.0498811429012633, -0.12340312730170114, 0.11425172218858023] - [0.07317323102415754, 0.21627336349180093, -0.4465671529460812, 0.004886029335301483] - [-0.01506424443220794, 0.46706908205800074, -0.41643071547172333, -0.13925515400481703] - [0.08802727040678002, -0.05204021557272748, -0.23053939556199754, 0.07916850595715583]
B1: -0.015226561220393477 - -0.0028105044142384466 - -0.012731506640439856 - -0.00888823776749143
B2: 0.007718805972797926 - -0.01822192644504536 - 0.036320969004646396 - -0.011296105694629133
