Number: 1824
Error: 2.0957663713838092e-07
A1: [-0.0066211062445602235, -0.014406137312527338, 0.0036302469226572216, 0.020017772141380407] - [0.06699499101748364, 0.19005169916994963, -0.14656378318940175, -0.10967410529780962] - [-0.11248049932991616, 0.44191595980073417, -0.07072085255048159, -0.2579760793363361] - [-0.024181571722170492, 0.014581087261080336, -0.0308364998309611, 0.03806257812187798]
A2: [0.13052972636474738, -0.22570121870308502, 0.021637011976210787, 0.06912700466624085] - [0.032600121612348716, 0.20371602303366, -0.11493144145012447, -0.12149422836255384] - [-0.09740099713935792, 0.5528370226073926, -0.2378514048486472, -0.22824346951680838] - [-0.02032153911560056, -0.018816797297105475, 0.008611873785027403, 0.03264942169941265]
B1: -0.0009588977217248136 - 0.0010494713769508 - -0.0006718778810634673 - -0.00031799836457846426
B2: 0.00014092717645314344 - -3.984890574574592e-05 - -2.0392307029239046e-05 - 0.00022959041431090427
