Number: 7401
Error: 9.405989685698448e-16
A1: [0.08043168608473474, -0.18046780935056048, -0.01958885557486651, 0.11962497313815673] - [0.03741557975034732, 0.1335963859317412, -0.13472618644121878, -0.03628582534067792] - [-0.001702814701342812, 0.22819012081812232, -0.12282837834007468, -0.10365890591416595] - [0.0388632258700027, -0.11448102708752358, -0.046416449949449344, 0.12203421939913112]
A2: [0.03530752077880789, -0.029273397864484546, -0.07569727605833175, 0.06966348908416674] - [0.10289373123699323, 0.2828966816665046, -0.3926064150474055, 0.006815975653959772] - [-0.011187160125688067, 0.5390145301937456, -0.359451072411763, -0.1683765279311865] - [0.09786278909657727, 0.017463306137332112, -0.168851020330129, 0.05352486755979284]
B1: 2.7699779094872205e-08 - -1.1877858404959975e-08 - -2.4395536319357596e-08 - -8.599420935394112e-09
B2: -4.270414161299664e-09 - -1.0879406315402144e-08 - 5.357458323680927e-10 - -8.700850632531635e-09
