Number: 6406
Error: 9.565693450449943e-16
A1: [0.08043169686181491, -0.18046779857469697, -0.019588844810668412, 0.11962498391400733] - [0.037415592671096336, 0.13359639884270896, -0.13472617354621982, -0.03628581242708731] - [-0.0017028077070321498, 0.22819012781228892, -0.12282837135600204, -0.10365889892172414] - [0.03886322836459622, -0.11448102459992644, -0.046416447456438505, 0.12203422189217839]
A2: [0.035307406394039134, -0.029273512565634707, -0.07569738481392746, 0.06966336936812421] - [0.10289376373885595, 0.2828967144442045, -0.3926063836120338, 0.006816009688147478] - [-0.011187069520456573, 0.5390146213394076, -0.35945098665193004, -0.1683764324572983] - [0.09786281602702979, 0.017463333190279907, -0.1688509946940749, 0.05352489582799605]
B1: -1.0115682398236339e-08 - 8.444689647166855e-09 - 1.1961551626300514e-08 - 2.280467672331659e-09
B2: 6.240245983296468e-09 - 6.3238580517117844e-09 - 2.3642771140190417e-09 - -1.991253324223213e-09
