Number: 2209
Error: 0.0003398313911849766
A1: [0.08334880729634485, -0.011945668408133617, 0.02233451069975796, 0.06408183566608106] - [0.051878214437292645, 0.18460527896715273, -0.1568081599492038, -0.1068814590186436] - [-0.17113052638178788, 0.3734069736031343, -0.1483794447605544, -0.23880433321351874] - [0.033511978779246665, 0.039301452288174596, -0.0016130365517385138, -0.00015041968661601702]
A2: [0.034244564544561366, -0.2577318077359033, 0.02413897390671487, -0.015251762404597295] - [0.0868181113107269, 0.2524373586493763, -0.04775731865148431, -0.07562329686195793] - [-0.14345117713068406, 0.4876052781064647, -0.24815127158268707, -0.2420129031724954] - [-0.16070976308486878, -0.07350125965621931, -0.1355644276400459, -0.05096991881599605]
B1: 0.016508021385918708 - -0.04895064461214948 - 0.0073686899254602825 - 0.01912426232951652
B2: 0.013197931405319826 - 0.013964058255128944 - -0.003866072101908017 - 0.0014049115596996642
