Number: 9491
Error: 2.804183049239951e-13
A1: [0.05317345225498666, -0.1480003685538416, -0.026998146216504655, 0.12182872453288487] - [0.00531373798379017, 0.1308367124340861, -0.11360072562816007, -0.02254974518937956] - [-0.0144451363463107, 0.22309096080549404, -0.12704183885787257, -0.08160659301489313] - [0.02714634382307734, -0.10002015425687129, -0.04942462486438913, 0.12229800389115833]
A2: [0.08925011173793736, -0.0729177097974258, -0.1236316723302197, 0.10728197994172707] - [0.10884040880411694, 0.24981286088869986, -0.40484658338733914, 0.04618813788646672] - [0.03663432156466929, 0.4625535174470205, -0.37771902120718415, -0.12147489456748393] - [0.14342478151223562, -0.04460826885143546, -0.20150114819719064, 0.10267818631241306]
B1: -4.163057127561428e-07 - 1.952595876084562e-07 - 7.424960938902066e-08 - -6.751064658643327e-08
B2: -2.375655976237612e-07 - -5.515842651783359e-07 - -8.12887112847165e-07 - -4.2508263336507884e-07
