Number: 9131
Error: 2.02207766135684e-06
A1: [0.05877740674137129, -0.14261780046424916, -0.021495585231076923, 0.1271704156761162] - [0.00936037940977295, 0.13486355024730515, -0.10966354584192309, -0.018484537924455317] - [-0.017057105165550344, 0.2206580914156867, -0.12958021109249646, -0.0838987829708598] - [0.030488628468235038, -0.09671399492023972, -0.04602860442595234, 0.1256366953292236]
A2: [0.0922859652126425, -0.06964379461938436, -0.12017178404990919, 0.11054812965666916] - [0.11453774481377381, 0.25553674866551795, -0.3992378601880709, 0.05196508246293193] - [0.028500195519255995, 0.45460544923517165, -0.3854643196160653, -0.12971963795298191] - [0.15436507902799781, -0.03369943089843185, -0.1909435522514193, 0.11372551540337181]
B1: -0.0008855492339297168 - 0.0026422131568127143 - 0.006837152776492224 - 0.00310945750187701
B2: -2.267617460293401e-05 - 0.0024758570801830596 - 0.0037390340803502885 - 0.0015730481922680965
