Number: 3668
Error: 2.910475992176635e-14
A1: [0.06621435878379475, -0.11395092890961006, -0.023982774100623404, 0.07172404327613217] - [0.03740190480275436, 0.1881926936333004, -0.14740964213494148, -0.07818770559440145] - [-0.060230016821490824, 0.32895018016272376, -0.12775374132858497, -0.14096895045666158] - [0.03904586799746276, -0.05332296240870194, -0.03741887206204208, 0.051694841036998035]
A2: [-0.009107198833621792, -0.3468017247394239, 0.24945647841854748, 0.10645812354568102] - [0.08003915209635694, 0.03628153123767887, -0.05025084854344916, -0.06607270202882545] - [-0.04245301592956133, 0.23083167424956907, -0.04053145609182252, -0.1478480562629834] - [0.06813580991662453, -0.29346671688786274, 0.14177235851980713, 0.08356301654739806]
B1: -4.733404733859957e-08 - -1.1668719466763553e-07 - 4.7018662735135593e-07 - 1.1815367382342874e-07
B2: 4.5698781490948254e-07 - -1.265529775807122e-07 - -1.9312912825186196e-07 - 4.4938355284201135e-07
