Number: 8171
Error: 1.4286377789651434e-15
A1: [0.08043170059203236, -0.18046779484493203, -0.01958884108496064, 0.11962498764376912] - [0.037415623455056155, 0.13359642960341359, -0.13472614282346426, -0.03628578166010997] - [-0.0017028112879242333, 0.2281901242314627, -0.12282837493165735, -0.10365890250166146] - [0.038863251421689046, -0.1144810016075523, -0.046416424414054615, 0.12203424493493048]
A2: [0.03530722911498966, -0.02927369033495323, -0.07569755336895737, 0.06966318382675883] - [0.10289370399472708, 0.28289665419303633, -0.39260644139578454, 0.006815947127353495] - [-0.011186927605655091, 0.5390147641005844, -0.3594508523261469, -0.16837628291709986] - [0.09786298662129286, 0.0174635045604705, -0.16885083229907175, 0.05352507489608441]
B1: -6.76945426408985e-08 - 7.807963474982087e-09 - 4.076990849542133e-08 - -3.3713790455650746e-08
B2: -5.9689319044982265e-09 - -7.02353403318129e-09 - -3.0861346385661597e-09 - -2.9662596181148947e-09
