Number: 8557
Error: 1.4587977859964473e-15
A1: [0.0804316620824592, -0.1804678333500887, -0.01958887954845175, 0.11962494913863791] - [0.03741552067723586, 0.13359632690340167, -0.13472624539640454, -0.03628588438094757] - [-0.0017027789057594933, 0.2281901566129313, -0.12282834259690487, -0.10365887012813146] - [0.03886322315360467, -0.11448102979621974, -0.046416452664093645, 0.12203421668447834]
A2: [0.035307272244626285, -0.02927364708602905, -0.07569751236192321, 0.06966322896661513] - [0.10289371522725936, 0.28289666552093595, -0.3926064305318049, 0.0068159588894439755] - [-0.011187201952732935, 0.5390144881172368, -0.35945111200223573, -0.16837657200551184] - [0.09786269220622472, 0.017463208806254082, -0.16885111256372146, 0.05352476585671802]
B1: 8.482984898149283e-09 - 1.4966612901927538e-08 - 2.106447965838673e-08 - 2.528046400893146e-08
B2: 1.6590196326709655e-08 - -5.719180525940187e-08 - 4.579343064088542e-09 - 1.211152222953143e-08
