Number: 4400
Error: 1.0634457617366946e-15
A1: [0.06621316616598569, -0.11395209487846066, -0.023983965783734785, 0.07172285265989616] - [0.037402638463938674, 0.18819339459779266, -0.1474089208890327, -0.07818698428541125] - [-0.06022937814014534, 0.32895079358104556, -0.12775311635277228, -0.14096832884257435] - [0.039046048008982835, -0.05332279154602779, -0.03741869790607334, 0.05169501377765008]
A2: [-0.009108527345654434, -0.34680313408077523, 0.2494551391591658, 0.10645673067722489] - [0.08003988165580182, 0.036282317181574125, -0.05025005117638648, -0.06607189789286176] - [-0.042452791311847364, 0.23083192215179102, -0.040531215382525645, -0.14784780784422685] - [0.06813465659921944, -0.29346798673908364, 0.14177110821291458, 0.08356172346822682]
B1: -3.111142327976138e-08 - 3.677765775593561e-08 - 2.183316941972449e-08 - -3.106668535292753e-08
B2: -5.477193945502191e-08 - 3.391321024137097e-08 - -5.550771039519677e-09 - 1.6435032605905496e-08
