Number: 1357
Error: 3.4841367496083537e-09
A1: [-0.007120659233075827, -0.014926315491720233, 0.003066758958258546, 0.019523440520311557] - [0.06686763772628133, 0.18992376841770345, -0.1466929153560644, -0.10981682327970872] - [-0.11255622873234922, 0.4418139319340252, -0.07075905494690989, -0.25806827995760656] - [-0.02358926586014564, 0.01512808409550082, -0.030159077756211683, 0.03867944121213532]
A2: [0.131552316095583, -0.22466184073809137, 0.022633412306575482, 0.07012746728239942] - [0.03272652702134907, 0.2038281913740959, -0.1148084127018863, -0.12137897541414693] - [-0.09461382748766518, 0.5555488853844238, -0.23519340237113287, -0.22562636152344054] - [-0.020913362516482563, -0.01936070736093689, 0.008032740769022342, 0.0320990038183312]
B1: -3.3317593256825067e-06 - -0.0002343215536668046 - 0.000135306998228173 - -4.689942466572919e-05
B2: -4.969900689265763e-05 - -8.356548782592713e-05 - -8.631643088302452e-05 - -7.006614042258735e-05
