Number: 3412
Error: 7.657604370356712e-08
A1: [0.06756411858346843, -0.11263194936032978, -0.022635234167236513, 0.07307171917548849] - [0.037731862208126576, 0.18850766892068443, -0.14708536095411429, -0.07786295100341575] - [-0.06282692072774841, 0.32645193917568727, -0.13029920776661638, -0.1435043888837166] - [0.037909775401957495, -0.05439878051547652, -0.03851678336451561, 0.050602545411921475]
A2: [-0.007852342473412486, -0.3454703578441823, 0.2507191509937805, 0.10777620768623407] - [0.08096211009562122, 0.03727522334717944, -0.04924574798846476, -0.06505908295772145] - [-0.041757272271644746, 0.23159875378157785, -0.039789671389321664, -0.14708137741046157] - [0.0682583090846036, -0.2933309991065479, 0.14191115658949824, 0.08370528813284518]
B1: 0.00023925004500345348 - -0.0008020321422569178 - -0.00018818118738532519 - 0.00025591153525047583
B2: 0.00011258488893640458 - 0.0002056808153693548 - -2.1670196062846813e-05 - -0.0006060113085167477
