Number: 794
Error: 8.561149240565575e-14
A1: [-0.012154697795154944, -0.01451850939746655, 0.018085842127152238, 0.008581703914261293] - [0.06583656548025213, 0.18949654035920926, -0.14532119509448646, -0.11000707986611048] - [-0.09629449632315003, 0.4217847152916106, -0.05345887661528397, -0.2720373912547839] - [-0.0013229384451672766, -0.018220628004584898, -0.0038366416375911444, 0.023375081274286117]
A2: [0.1615850854893288, -0.16775637778902228, 0.008499731541940003, -0.0023346637035513568] - [0.035486508919979176, 0.20751749454716228, -0.11720964211352841, -0.12579126123020135] - [-0.08621432410397892, 0.5815373583308346, -0.23538948503421658, -0.2599363282387169] - [-0.0038355909827867403, -0.004519903119745158, 0.00110963958034356, 0.007242796074390007]
B1: 3.1094830165664873e-07 - -1.0376247260690649e-06 - -2.590227716016891e-07 - -7.927133602291234e-08
B2: -1.0097636047217063e-06 - -9.600946276701058e-07 - -1.92868309047349e-06 - 2.9457986495112355e-06
