Number: 2366
Error: 8.359976958549945e-06
A1: [0.05665134357673867, -0.0557272994177124, -0.031595302945468764, 0.0006499085252108508] - [0.04189013652942103, 0.1894838118257811, -0.14477078346700617, -0.09443321677933632] - [-0.12331359028934062, 0.41558216221217836, -0.10414965893309276, -0.18684422951229612] - [0.040162104232894805, 0.022678027078998745, -0.02942507497089304, -0.019937767928823097]
A2: [0.04701107313585057, -0.18966532181349044, 0.07014461507928181, 0.0075196359991881595] - [0.02409654939989929, 0.1951415224690165, -0.10693312501317395, -0.13300505268996202] - [-0.09798748396378035, 0.5097961527049266, -0.22963188240763957, -0.19892752649194265] - [-0.029613710303746595, 0.015185846056547526, -0.05341435001288845, 0.053626387844423036]
B1: -0.005527193157918728 - -0.0018716546927767513 - 0.0023072848025080237 - 0.0012268132992393124
B2: -0.002272968228074493 - 0.002563920451619227 - 0.00105069710727628 - 0.0022914488092237247
