Number: 9368
Error: 1.5390960521109048e-11
A1: [0.05317455782905496, -0.14799926005437963, -0.026997040543026585, 0.12182983309299943] - [0.005309206913086209, 0.13083217525943064, -0.11360525649711067, -0.02255428305701558] - [-0.01446026920352429, 0.2230758226136871, -0.12705695921678942, -0.08162173027871542] - [0.027157688561822643, -0.10000880744333464, -0.049413254419889203, 0.12230938049548451]
A2: [0.0892451394454132, -0.07292267314159753, -0.1236365339162423, 0.10727694608662529] - [0.1088308402211606, 0.24980329259727196, -0.40485596194351264, 0.04617840956158957] - [0.03663038972415365, 0.4625496060044432, -0.3777228576455451, -0.12147886717922071] - [0.14343989509205465, -0.04459320966457051, -0.20148639093182233, 0.1026935247136006]
B1: 1.0074390851721307e-05 - 3.345236494990855e-06 - 4.3619207341222215e-06 - -6.213298866589988e-06
B2: 2.8676080179508856e-06 - 1.1301627682007525e-05 - -6.987960252038621e-06 - 3.74575202797691e-06
