Number: 7821
Error: 8.666521155990164e-16
A1: [0.08043166304671788, -0.18046783238597075, -0.019588878585326343, 0.1196249501027758] - [0.03741559916666872, 0.1335964053333601, -0.13472616706357513, -0.03628580593510988] - [-0.0017028431142009836, 0.2281900924058706, -0.12282840671132328, -0.10365893431943701] - [0.03886321141931312, -0.11448104149766314, -0.04641646439092081, 0.12203420495742694]
A2: [0.035307528925655036, -0.029273389695095138, -0.07569726831233838, 0.06966349761065228] - [0.10289380077549395, 0.28289675179518964, -0.39260634779063247, 0.0068160484708730115] - [-0.011187131887010066, 0.5390145586008557, -0.35945104568322805, -0.16837649817511122] - [0.09786283112029029, 0.017463348352198503, -0.16885098032622597, 0.053524911670962697]
B1: 2.4157512742865564e-09 - 1.5777161193924502e-08 - -1.757177786241898e-08 - -5.12374492737826e-09
B2: -2.0847429916744595e-09 - -4.495917389087543e-09 - 4.659834196110223e-09 - -4.919102286514341e-09
