Number: 6078
Error: 4.182237141000231e-14
A1: [0.08043271702883706, -0.18046677852340673, -0.019587825863558138, 0.11962600396436855] - [0.037416662019739026, 0.13359746738168174, -0.13472510632851975, -0.03628474367108066] - [-0.0017015311026656729, 0.22819140438956512, -0.12282709662066221, -0.10365762265794165] - [0.03886402108952793, -0.11448023409967925, -0.04641565523661249, 0.1220350141244559]
A2: [0.03530753481717793, -0.029273383787417423, -0.07569726271029667, 0.06966350377718575] - [0.10289365575676879, 0.2828966055456016, -0.39260648805057513, 0.0068158966151064815] - [-0.011187039871993648, 0.5390146511647239, -0.3594509585885667, -0.1683764012155314] - [0.09786246635130873, 0.017462981923960154, -0.16885132756220841, 0.05352452878215714]
B1: -1.2099239183529007e-07 - 1.9864799202834703e-08 - -1.1581557531618147e-07 - 7.779896359206005e-08
B2: 1.9582539208240594e-07 - 4.2267641578270857e-07 - -8.59955139504823e-07 - -2.4921889169375694e-07
