Number: 9040
Error: 0.00014147507575669262
A1: [0.1311262751491652, -0.09447147719683788, 0.04759079270708033, 0.19283955355163546] - [0.023260015166991374, 0.1423304185019298, -0.09898543178071248, -0.007812358433518736] - [0.0024035928094867853, 0.24865605552030468, -0.09485247977743128, -0.05772045279274834] - [0.04330943463088117, -0.0872439857453613, -0.02978965507838493, 0.13791197653499948]
A2: [0.0215874600161496, -0.12724641529687836, -0.1699531600801656, 0.05418899671040474] - [0.20284646898022093, 0.3245463929320796, -0.33101753160884406, 0.12312455312232803] - [0.02318552789931662, 0.45651959875407594, -0.3972006600859837, -0.1325910430922141] - [0.11902146645338592, -0.06452572860217654, -0.2250621007449214, 0.08211116330791904]
B1: -0.009194943674384946 - 0.01680639347967812 - 0.014045991149045662 - -0.0032768320231219136
B2: 0.021168627444473755 - 0.0015489436226638368 - -0.008359234993499986 - 0.0005353295557013228
