Number: 9919
Error: 1.3235828976292826e-15
A1: [0.053172559089682374, -0.1480012620230797, -0.026999038381155, 0.12182783093579634] - [0.0053138157442719595, 0.13083679029650244, -0.11360064785948969, -0.022549667313568562] - [-0.014444446247043437, 0.22309165117019236, -0.12704114929130217, -0.081605902658594] - [0.02714640659631535, -0.10002009153763218, -0.049424562011909756, 0.12229806676834576]
A2: [0.08925438697170905, -0.07291344446654811, -0.12362749345488101, 0.10728630782465574] - [0.10884188094778631, 0.24981433328693017, -0.40484514039804914, 0.04618963479687928] - [0.03663600799284672, 0.4625551950851626, -0.37771737585255577, -0.1214731906594116] - [0.1434264768269342, -0.04460657985775381, -0.20149949288078553, 0.10267990676790036]
B1: -4.4716563524056696e-08 - 3.861209693711253e-08 - 4.5395586689475765e-08 - 2.8668889503200805e-08
B2: 3.018366182855779e-08 - 5.7869401960182254e-09 - 3.2743293764809694e-08 - 8.68477973562547e-09
