Number: 1912
Error: 5.035729346750829e-06
A1: [-0.012991395336162483, -0.020791172297349624, -0.0030199828201462387, 0.013497022918845728] - [0.06458737669440964, 0.1877367558092015, -0.1490425748467198, -0.11234915959510938] - [-0.11402047461931285, 0.44038151867829567, -0.07236006581164388, -0.2596414645476094] - [-0.024056197192477254, 0.01471415514713991, -0.030733612089335016, 0.0382062439594883]
A2: [0.13115470988324923, -0.22515677654733127, 0.02218621711143034, 0.06972216652648122] - [0.03265356934433152, 0.2037673889447806, -0.11487350682138751, -0.12143451705783094] - [-0.09529437064112013, 0.5548228714151024, -0.23583968138961497, -0.2262050602617879] - [-0.016093193405097114, -0.014672516602256824, 0.012738896934005265, 0.036687699176337456]
B1: 0.0008059177277993963 - 0.0011612473244910233 - 0.0005957301799695198 - -0.001212019572213885
B2: 0.0022595054635029936 - 0.0033832884509920895 - 0.0018533813557808857 - 0.0014433188571981955
