Number: 6305
Error: 1.0626842766452633e-15
A1: [0.08043164861183656, -0.1804678468192069, -0.019588893002952575, 0.11962493566954228] - [0.03741555426150561, 0.1335963604621932, -0.13472621187927736, -0.036285850815398105] - [-0.0017028378944076979, 0.2281900976255595, -0.12282840149917974, -0.10365892910104114] - [0.03886320636157637, -0.11448104654119445, -0.046416469445439104, 0.12203419990283626]
A2: [0.03530744589803183, -0.029273472952380728, -0.07569734725405104, 0.06966341071335552] - [0.10289380586769745, 0.28289675693060085, -0.3926063428655791, 0.006816053803215227] - [-0.011187049439065792, 0.5390146415405772, -0.35945096764446893, -0.16837641129682532] - [0.09786285285042125, 0.01746337018116942, -0.16885095964060562, 0.05352493448058855]
B1: 3.2411842712642897e-09 - 1.46372059001123e-08 - 2.1985256551705358e-08 - 8.74743848681685e-09
B2: 4.059526888398777e-09 - 6.363552641422061e-09 - 2.0733621962609382e-08 - 1.292885701629573e-08
