Number: 7550
Error: 1.0871074044969841e-15
A1: [0.08043173383171252, -0.18046776160899436, -0.019588807884983662, 0.119625020879677] - [0.03741561546516283, 0.13359642161952115, -0.13472615079756983, -0.03628578964565066] - [-0.0017027479908079243, 0.22819018752723463, -0.12282831172721272, -0.10365883922143489] - [0.0388632653679828, -0.11448098770039347, -0.04641641047664202, 0.12203425887255845]
A2: [0.03530735897888973, -0.02927356011191184, -0.07569742989572863, 0.06966331974310502] - [0.10289366132639813, 0.28289661116258097, -0.39260648266404563, 0.00681590244739213] - [-0.011187228256381503, 0.5390144616566924, -0.35945113689901237, -0.1683765997228002] - [0.09786270115724045, 0.017463217797998542, -0.16885110404274825, 0.05352477525219004]
B1: 6.172164573782736e-09 - -1.4790459817658994e-08 - -7.4253064603374585e-09 - -7.3689739699950205e-09
B2: -6.029508384586536e-09 - -1.868328905675266e-08 - 1.0498781633744752e-08 - -1.7510767524725915e-08
