Number: 6428
Error: 9.801883730484324e-16
A1: [0.08043170166476284, -0.18046779377229316, -0.01958884001346353, 0.11962498871640663] - [0.03741559966624609, 0.13359640583256432, -0.1347261665650082, -0.03628580543581255] - [-0.0017028084011970297, 0.2281901271181388, -0.12282837204915054, -0.10365889961570376] - [0.0388632245412701, -0.11448102841252282, -0.04641645127732834, 0.12203421807122851]
A2: [0.03530744083894577, -0.02927347802545734, -0.0756973520641654, 0.0696634054184714] - [0.1028937590002443, 0.2828967096653754, -0.3926063881951561, 0.0068160047261269525] - [-0.01118708613788934, 0.539014604622858, -0.3594510023806836, -0.16837644996767642] - [0.0978628109748696, 0.017463328115138996, -0.16885099950340232, 0.05352489052487019]
B1: 1.7688416639859652e-10 - 8.369969058447548e-09 - 4.725550477514145e-09 - 2.545814636684568e-09
B2: 8.753387977367442e-09 - 2.8527885761346097e-09 - 7.2892361002107896e-09 - -7.801768996604563e-09
