Number: 4280
Error: 8.472537768024157e-16
A1: [0.06621320217404374, -0.11395205967504272, -0.023983929803916615, 0.07172288860752707] - [0.03740259484027117, 0.18819335291834036, -0.1474089637744457, -0.07818702717460053] - [-0.060229344706481114, 0.32895082569227657, -0.12775308363652385, -0.14096829630233146] - [0.03904612587824764, -0.05332271763547751, -0.03741862257017512, 0.05169508850181364]
A2: [-0.00910848739498356, -0.3468030916993596, 0.24945517943311446, 0.10645677256335197] - [0.08003979188870296, 0.036282220476687874, -0.05025014928672171, -0.06607199683629368] - [-0.04245277402415861, 0.23083194123153192, -0.04053119685639106, -0.147847788724782] - [0.06813488175736879, -0.29346773883025795, 0.14177135230600316, 0.08356197591196204]
B1: 2.5764001019298152e-08 - -1.7198327415493107e-08 - 1.0710960382070996e-08 - 3.4738076441094896e-08
B2: 3.4673015217867565e-08 - 1.200488610516205e-08 - 2.1487487949470216e-08 - -1.858929931914367e-08
