Number: 2782
Error: 1.0967215575660178e-08
A1: [0.06301236557974953, -0.048293029181701544, -0.02386226069181675, 0.007435948079560696] - [0.043562090654024145, 0.19117435467635507, -0.1426672224960749, -0.09262194389039556] - [-0.12321489084518891, 0.41509135812701126, -0.10462698411658586, -0.18684127679875354] - [0.03701488111568033, 0.01917936355532646, -0.03312027992665482, -0.023039478350363664]
A2: [0.06398466470549327, -0.17314490369743174, 0.08686743202311971, 0.024495859920990168] - [0.029197113198181752, 0.2002072322304281, -0.1018027276382646, -0.12796392431774925] - [-0.09326554600664282, 0.5138236397726128, -0.22546151110190452, -0.19495848782420144] - [-0.025817143684537934, 0.018630324930443073, -0.05017805205804715, 0.05708375443047321]
B1: 0.00013744007656073576 - -0.00010565525926656177 - -0.00010426818897274133 - -9.425269260797404e-05
B2: -4.5338217149139e-05 - -9.680020673073287e-05 - 8.863782512449409e-05 - 0.00016320125962351298
