Number: 2175
Error: 0.0005391456755783951
A1: [0.0389312469930698, -0.056656151713398446, -0.02038729402408433, 0.028606934166621457] - [0.049457212859410196, 0.17823824909557426, -0.1648164021906781, -0.11212462922262048] - [-0.0001135776381540124, 0.5163999576103033, 0.002782183075191711, -0.11064813776339205] - [-0.034626930863136285, -0.003625131977861588, -0.04043487943053761, -0.050303912801323965]
A2: [-0.019697469110291903, -0.31834920231001046, -0.03164616062293214, -0.04862961888786889] - [0.03942255756429629, 0.20653251019264976, -0.09207241382133532, -0.12282817867068464] - [-0.04768821722964155, 0.5862930713646742, -0.16267160555614385, -0.15149748491313406] - [-0.04161619563708848, 0.050772930755171364, -0.014516876015086593, 0.06829749876227205]
B1: -0.04704584215614086 - 0.019351293450386362 - 0.010499091148534503 - -0.012090651997948409
B2: -0.005018181673684941 - -0.006613747093866436 - -0.05185124250583411 - 0.020394569509504742
