Number: 1697
Error: 3.3489167420839693e-07
A1: [-0.0055603409823237636, -0.013359243729897757, 0.00469137039573267, 0.02111313717575746] - [0.06751504814301172, 0.19054630937221873, -0.14602434067944192, -0.1090971550600285] - [-0.1125484106433404, 0.44179925578260326, -0.07076100160062851, -0.25806680782364777] - [-0.02314916109024039, 0.015546364882541597, -0.029709163030917314, 0.03913350879999569]
A2: [0.13315687609870513, -0.2230696573684958, 0.024206573560916832, 0.07169071111865741] - [0.033328381379527275, 0.20442180749998742, -0.11420854616055821, -0.12078806726834304] - [-0.09420699371624815, 0.5559644046045784, -0.23478872212474303, -0.2252303117362151] - [-0.01942315800775574, -0.017885732733370303, 0.00950423156935856, 0.033526651148415736]
B1: -0.0003574903150325888 - 0.0015222912438534611 - -0.0002954541969871371 - -0.00017274871271739283
B2: 0.00021389376639287575 - -0.0008163193591704471 - -0.0006960288681768862 - -0.00025431017397113524
