Number: 2873
Error: 1.0657527315489869e-08
A1: [0.06334282949356766, -0.047963514452684666, -0.0235344386154153, 0.0077641819154920895] - [0.0436412243969979, 0.19125079981187088, -0.14258565835686274, -0.0925345010345286] - [-0.12324844146710784, 0.4150558468102111, -0.1046628410750822, -0.18687793810657455] - [0.03712207378288162, 0.0192846925035583, -0.03301544066037271, -0.022935769556336107]
A2: [0.06394725720273466, -0.17318267483386907, 0.08682594543338891, 0.024454718315512186] - [0.02937629890225396, 0.2003838762928943, -0.10162417885837496, -0.12778866727441165] - [-0.09368393112393246, 0.5134130798421911, -0.22588104578023374, -0.195364175049638] - [-0.025964188017761836, 0.01848382775990701, -0.050324276942572015, 0.056941385930858866]
B1: 0.0002216391237069909 - 7.812410482570978e-05 - -0.00028992858683245145 - 0.00010997010073100715
B2: 6.15858356845457e-05 - 8.070610918617941e-05 - 4.2814690000137505e-05 - 8.504603822015148e-05
