Number: 8280
Error: 1.0236279541441437e-15
A1: [0.08043169889286386, -0.1804677965439031, -0.01958884278210513, 0.11962498594479042] - [0.037415638105096384, 0.13359644424236655, -0.13472612820259336, -0.036285767018167776] - [-0.0017027921588996225, 0.22819014336007587, -0.12282835583063981, -0.1036588833777451] - [0.03886324877259549, -0.11448100424920649, -0.046416427061467036, 0.12203424228748143]
A2: [0.03530731086423348, -0.02927360835959539, -0.0756974756427042, 0.06966326938608798] - [0.10289377328105763, 0.2828967240673996, -0.39260637438288454, 0.006816019680172741] - [-0.011187203866230615, 0.539014486192276, -0.3594511138133164, -0.16837657402193798] - [0.09786284220230791, 0.017463359484586407, -0.16885096977682243, 0.05352492330341429]
B1: 4.6031298609156906e-08 - -2.5996847801364e-08 - 4.111623016437674e-08 - -4.673808215266013e-09
B2: 9.426974465354906e-09 - 3.16045533747893e-08 - 3.023313833629892e-08 - 7.679249494664487e-09
