Number: 1323
Error: 1.7624635730876205e-09
A1: [-0.007131198979121807, -0.014936829439458038, 0.0030560894699035793, 0.019512567557340557] - [0.06666852925045144, 0.18973216078443103, -0.14689876987319353, -0.1100383298300744] - [-0.1126922821248364, 0.4416810588994806, -0.0709005226868335, -0.25821562473069976] - [-0.023588612247606763, 0.015128970814767571, -0.0301579388616291, 0.03868009829532163]
A2: [0.13143693047622707, -0.22477558207061624, 0.022520284781395873, 0.07001478989502197] - [0.032659907539225694, 0.20376263928680774, -0.11487481487725076, -0.12144412659787464] - [-0.09512034750119494, 0.5550504682466676, -0.235691280946843, -0.22612412263728665] - [-0.02103129684206748, -0.019477262933930737, 0.007916158908969522, 0.031985749869477186]
B1: 8.584837323570697e-05 - -0.0001229857775198625 - -5.225301731160564e-05 - 7.731500639865522e-05
B2: 4.660479875538601e-06 - 7.677188442219992e-05 - 2.390463044529362e-05 - 8.433792695256893e-06
