Number: 4018
Error: 9.146660847631893e-16
A1: [0.06621320918144026, -0.11395205282424152, -0.02398392280202088, 0.07172289560316004] - [0.03740256409799342, 0.18819332354618615, -0.14740899399646523, -0.07818705739928691] - [-0.06022929769639062, 0.32895087084285307, -0.1277530376352226, -0.14096825054847847] - [0.03904624613057851, -0.05332260349654699, -0.03741850623008735, 0.05169520389724442]
A2: [-0.009108454551383078, -0.3468030568574017, 0.24945521254246525, 0.10645680699812769] - [0.08003982780565301, 0.036282259169527556, -0.050250110031541055, -0.06607195724779617] - [-0.042452801376988474, 0.2308319110432787, -0.04053122616874852, -0.14784781897595067] - [0.06813483659652776, -0.2934677885542701, 0.14177130334732144, 0.08356192527839797]
B1: -2.2567060193337284e-08 - 9.306029573554498e-09 - -2.9241712807358403e-08 - 2.3972264917436544e-09
B2: -4.103390771529594e-09 - -4.106658148651225e-08 - -1.74726520705448e-08 - 1.1746915900623877e-08
