Number: 1883
Error: 1.797855882315177e-07
A1: [-0.0012818910250900234, -0.00899131043983273, 0.00917769961947472, 0.02552330035923269] - [0.06880785403456922, 0.19179483929154914, -0.14468244261319405, -0.10765882864614448] - [-0.1152659516487507, 0.4391488263557452, -0.07364358939173553, -0.2610197868560001] - [-0.023285096347450095, 0.015451390074912967, -0.029920737118968543, 0.03899786093924603]
A2: [0.1310735435340494, -0.22519551320948744, 0.022101906967796243, 0.0696170754729154] - [0.03330678491139392, 0.2044116585949481, -0.11422470415673641, -0.12079841354881134] - [-0.09486372959569478, 0.5552894995367514, -0.23541961590383986, -0.22580113804942273] - [-0.02135672719470394, -0.01984961646202649, 0.007539083488323504, 0.03163363765834943]
B1: 0.00012891159503174366 - -0.0006364066986698254 - -0.00010412747782510183 - 0.00015138001283314877
B2: -0.0003048375417759853 - 0.0016298230653244055 - 0.00026439173459975467 - -0.0006182476916874089
