Number: 1250
Error: 4.0251256439891205e-08
A1: [-0.00772366050004175, -0.015534689870124204, 0.002441993535132771, 0.018903742818236355] - [0.06704399374351903, 0.1900936294397221, -0.1465108498297853, -0.1096205772178691] - [-0.11367088214392264, 0.44072154712231204, -0.07191716369542513, -0.25927606618948207] - [-0.024963145293438332, 0.013778028767510588, -0.03155860975107032, 0.03722775522241363]
A2: [0.13218990954051116, -0.2240337916741872, 0.023260473804190735, 0.07075068945081925] - [0.032559159008703986, 0.20366349103165676, -0.11497495269317048, -0.1215424466109728] - [-0.09472375577593628, 0.5554441618375174, -0.235302445163703, -0.22573386975068835] - [-0.021022157761785933, -0.019468735975827545, 0.007925424839665126, 0.031994880121187515]
B1: -4.958093145984953e-05 - -0.0006743199461947332 - 7.256936273460559e-05 - 0.0002139909629292625
B2: 5.02549101564062e-05 - -4.0643907442300295e-05 - 0.00010848523252930572 - 0.00010118956540709462
