Number: 1045
Error: 0.00014432468648995327
A1: [-0.02352251896663462, -0.035628678152751656, -0.011927404840196896, -0.0022984037768682773] - [0.06768751506231135, 0.19066649478113112, -0.1460473074721643, -0.10897808285349062] - [-0.1811209006017139, 0.36485169619463226, -0.1493119677833558, -0.34361441525567693] - [-0.04368152025932189, -0.011329198352329675, -0.04197470232335235, 0.012112781701729473]
A2: [0.1383558362551186, -0.21160121193730422, 0.020651419708407982, 0.07096835865117064] - [0.026821437136777163, 0.1979324408975767, -0.12043299172218994, -0.12802754104868722] - [-0.01528382751661881, 0.6414539502055328, -0.15029105104208207, -0.157874514230431] - [-0.01705581143936066, -0.016361641707478666, 0.010153449758618574, 0.03296825345862102]
B1: -0.017513514724761984 - 0.010790575915546762 - -0.0049049583863583785 - -0.0011541276457687016
B2: 0.006184096861912218 - 0.0024297609882180356 - 0.006072316926175771 - 0.01149143598327983
