Number: 9662
Error: 1.2005856514382612e-14
A1: [0.05317247732061445, -0.1480013438232487, -0.026999120061136837, 0.12182774912760162] - [0.005313792643076017, 0.1308367671692392, -0.11360067095983331, -0.022549690446814534] - [-0.014444188441484823, 0.22309190906879173, -0.12704089169150903, -0.08160564476091856] - [0.027146561239266526, -0.10001993689613238, -0.04942440704406018, 0.12229822180422463]
A2: [0.08925355139284832, -0.07291427811427718, -0.1236283102083856, 0.10728546194219496] - [0.10884213934973229, 0.24981459173451734, -0.4048448871136097, 0.046189897547145455] - [0.03663584053044448, 0.46255502849473445, -0.37771753923614165, -0.12147335985796395] - [0.14342482980113652, -0.04460822075064201, -0.20150110106002855, 0.10267823530530638]
B1: -6.396879919411655e-08 - -1.1300776625073029e-07 - -9.912861173488575e-08 - 1.53714297994746e-07
B2: -1.9476111025108636e-07 - -2.8281990090342322e-08 - 8.52598093251709e-09 - -5.4677245972979443e-08
