Number: 3220
Error: 0.00669235166901218
A1: [-0.009631238741348011, -0.15717634924446036, -0.11553183550670118, -0.0312708055680265] - [-0.28711059182832516, -0.1400414895930131, -0.47432237018425016, -0.40037545658236473] - [-0.1118338857193336, 0.38475609375223563, -0.11202435907683742, -0.1189661425318908] - [-0.1201397934806345, -0.1519629475636306, -0.16616517087197208, -0.06793165264427142]
A2: [0.5251936000849313, -0.031512009744239594, 0.5338669622168574, 0.3134589414006076] - [-0.007737086154173338, 0.027211706507121514, -0.10174945633726451, -0.19163894155260675] - [0.04062649336457852, 0.35636653520359474, -0.10868638861681457, -0.2376308340010998] - [-0.04614977301076892, -0.28880035349381394, -0.1029239793008617, -0.16679827491166024]
B1: -0.17235855617791945 - -0.3308087706821617 - -0.1782481149348516 - -0.1402120301497084
B2: -0.09265646371633342 - -0.38576096342237876 - -0.14878808665612234 - -0.22883054746601045
