Number: 9770
Error: 1.0591540188256724e-15
A1: [0.053172603758634106, -0.1480012173377554, -0.026998993761486807, 0.12182787562625577] - [0.005313735783034432, 0.13083671025140084, -0.11360072780865169, -0.022549747387590458] - [-0.01444436158158177, 0.22309173586661216, -0.1270410646929067, -0.0816058179629398] - [0.027146405195667453, -0.10002009293813743, -0.04942456341536293, 0.12229806536422214]
A2: [0.08925431609048111, -0.07291351518390479, -0.12362756273910942, 0.10728623606959745] - [0.10884189603922614, 0.2498143483810046, -0.40484512560553637, 0.04618965014224899] - [0.03663593759074543, 0.462555125049399, -0.37771744454037054, -0.12147326179167313] - [0.1434265256183294, -0.04460653124810902, -0.20149944524023547, 0.10267995628322046]
B1: 1.1238401478610193e-08 - 1.8286204873879545e-08 - 4.0897056910789284e-09 - 2.063345039999853e-09
B2: 1.592247219612944e-08 - -1.0438894453982083e-08 - 5.6674078259516595e-08 - -3.193692262135369e-08
