Number: 9763
Error: 9.843686217270016e-16
A1: [0.05317258994034879, -0.14800123116111363, -0.026999007564531854, 0.12182786180131298] - [0.0053137358324948855, 0.13083671030091085, -0.11360072775921229, -0.02254974733806232] - [-0.01444446997294974, 0.22309162743555902, -0.12704117299845286, -0.08160592639297817] - [0.027146473616119327, -0.10002002451780106, -0.049424494850589716, 0.1222981339585324]
A2: [0.08925480419461668, -0.07291302820852735, -0.12362708563231924, 0.10728673019215543] - [0.10884175062395085, 0.24981420294007406, -0.4048452681405752, 0.04618950228030333] - [0.036635974601622656, 0.4625551618677125, -0.37771740843071666, -0.1214732243969357] - [0.14342650485666095, -0.04460655193245361, -0.20149946551220368, 0.10267993521352466]
B1: -2.056721384307633e-08 - 2.8280187215925995e-08 - 2.6446825457148822e-09 - 2.0372627835489202e-08
B2: -3.606841326077621e-09 - 6.222225009289672e-09 - 1.9458253325770343e-08 - -1.4157009314886637e-08
