Number: 4662
Error: 1.1651265282463004e-15
A1: [0.06621310896489073, -0.11395215080130205, -0.02398402293995111, 0.07172279555476879] - [0.037402544061568024, 0.18819330440272838, -0.14740901369381038, -0.07818707709839537] - [-0.06022939307057931, 0.32895077924117416, -0.12775313096282032, -0.14096834337390915] - [0.03904608028279738, -0.053322760912971015, -0.03741866668225889, 0.05169504474789848]
A2: [-0.00910862978292551, -0.34680324275065133, 0.24945503589292378, 0.10645662327732468] - [0.08003973292252115, 0.036282156953285315, -0.050250213733293164, -0.06607206183012136] - [-0.04245287166743086, 0.2308318334664906, -0.04053130149458721, -0.14784789671438142] - [0.06813475198979209, -0.2934678817099982, 0.14177121162518766, 0.08356183041861209]
B1: 5.605932091773286e-09 - 3.4869603798045775e-09 - 8.792546619575731e-09 - 1.783904374986624e-08
B2: 2.390286584150561e-08 - 1.1432010405648583e-08 - -4.773444236425617e-08 - 1.6591749137900488e-08
