Number: 8320
Error: 1.0026663315845934e-15
A1: [0.08043164330205675, -0.18046785212841854, -0.019588898306447552, 0.11962493036032082] - [0.03741564436149195, 0.1335964504940343, -0.13472612195865566, -0.0362857607652167] - [-0.0017028269716077608, 0.22819010854811408, -0.12282839059237548, -0.10365891818115601] - [0.03886318472061339, -0.11448106812144253, -0.04641649107264062, 0.12203417827529364]
A2: [0.0353074576778889, -0.02927346113987633, -0.07569733605385784, 0.06966342304220068] - [0.10289368512191865, 0.28289663516007707, -0.3926064596493327, 0.006815927364804353] - [-0.011187141554302336, 0.5390145488758507, -0.35945105483360085, -0.16837650836181903] - [0.09786275752550441, 0.01746327442261219, -0.16885105038381645, 0.05352483442050613]
B1: 2.209928099776942e-08 - -1.2095700894004236e-08 - -1.664929139570816e-09 - -1.7979934386233483e-08
B2: -1.3742217775457482e-08 - 5.4193837366540405e-08 - -5.123689060197431e-09 - -1.1944134679515957e-08
