Number: 9602
Error: 1.0194999115823628e-14
A1: [0.0531725539918649, -0.1480012671276255, -0.026999043476248603, 0.12182782583459567] - [0.005313999258641217, 0.13083697399969857, -0.1136004643764338, -0.02254948353985861] - [-0.014444053785532464, 0.2230920437737568, -0.12704075714190494, -0.0816055100560952] - [0.027147170774853128, -0.10001932736587459, -0.049423796224642304, 0.12229883288506421]
A2: [0.08925396104363942, -0.07291386940829618, -0.12362790978409885, 0.10728587664601734] - [0.10884291937076734, 0.24981537189152594, -0.4048441225449086, 0.046190690691993816] - [0.03663623900254042, 0.46255542489342916, -0.37771715046760806, -0.12147295725315116] - [0.14342659063639432, -0.044606466475788115, -0.20149938175943044, 0.10268002226505958]
B1: 1.1935607334482987e-08 - 5.6934176216423445e-08 - 1.7427561041043567e-07 - -1.269397704385285e-07
B2: -8.109571446863513e-08 - 9.322061250611876e-08 - 1.513209130838032e-07 - 3.778116219972708e-08
