Number: 2424
Error: 8.05091958018918e-06
A1: [0.05319920727291745, -0.05830125144857936, -0.03346066790768258, -0.00233442404892403] - [0.038288033220741965, 0.18598001446677645, -0.14829792021040325, -0.09844470151491162] - [-0.11021927214996931, 0.4281630935914328, -0.09230037489762878, -0.1741416285746937] - [0.04186536138446706, 0.02439165854759303, -0.028217738818270915, -0.018091797713604696]
A2: [0.05321237436963997, -0.18374117961668696, 0.07645245039442351, 0.014186847243734604] - [0.022131200906531562, 0.19327882355238232, -0.10886222625986053, -0.13493824733111393] - [-0.08745489791231081, 0.520129803332132, -0.21832613173342455, -0.18861264182960388] - [-0.03380237855126304, 0.010913600494374759, -0.057519917685000026, 0.049561949687837746]
B1: 0.0015689107130071919 - -0.006373265072952038 - -0.0058722370615435044 - -0.00026854251430516473
B2: 0.0039021351249943297 - -0.0024259314935438725 - -0.004620913142750405 - -0.0002692567550445046
