Number: 9734
Error: 1.61051709913352e-15
A1: [0.053172442541844125, -0.14800137861379162, -0.02699915480058537, 0.12182771433174025] - [0.005313724165810109, 0.13083669862192063, -0.11360073942431002, -0.022549759021241685] - [-0.014444552826548749, 0.22309154455159413, -0.12704125578646305, -0.0816060092761549] - [0.027146357937567606, -0.10002014019614663, -0.04942461077317766, 0.12229801798604806]
A2: [0.0892543751700006, -0.07291345624116365, -0.12362750499074088, 0.10728629587758672] - [0.10884183463265505, 0.24981428696357433, -0.4048451857958439, 0.04618958770249992] - [0.03663596192432759, 0.46255514925644703, -0.37771742079936543, -0.12147323720568112] - [0.14342648925218543, -0.04460656747886592, -0.20149948074864946, 0.10267991937755461]
B1: 2.776832883756539e-08 - 2.0595618928427148e-09 - 5.8130397693761464e-08 - 1.3899488456433558e-08
B2: -1.830321773774025e-09 - 2.298263930096006e-09 - -3.9267281816449086e-08 - 2.2107451779591796e-08
