Number: 7082
Error: 1.1049825905568336e-15
A1: [0.08043169603083146, -0.18046779940558583, -0.01958884564065573, 0.11962498308311931] - [0.03741559812986633, 0.13359640429734904, -0.13472616809832394, -0.03628580697134094] - [-0.0017027991153113283, 0.22819013640382244, -0.12282836277686196, -0.10365889033229675] - [0.038863240508909144, -0.11448101248969259, -0.04641643531986365, 0.12203423402894341]
A2: [0.0353075419166507, -0.029273376668185348, -0.07569725596074957, 0.06966351120723098] - [0.10289367707662217, 0.28289662704646507, -0.3926064674306157, 0.006815918940135436] - [-0.011187119182815402, 0.5390145713808202, -0.3594510336584156, -0.16837648478829076] - [0.09786285153223814, 0.017463368856986846, -0.16885096089539944, 0.05352493309688944]
B1: 5.148922401999411e-09 - 3.978847441895179e-09 - -4.836154940910341e-09 - 2.6761556528215696e-09
B2: -2.45272312026508e-09 - -2.435404207776151e-09 - 3.172119512779497e-09 - -3.9508340972450305e-09
