Number: 7413
Error: 9.2987708723591e-16
A1: [0.08043167776996674, -0.18046781766438685, -0.01958886387969258, 0.11962496482433833] - [0.03741557985297423, 0.13359638603428975, -0.13472618633879735, -0.03628582523810849] - [-0.0017028030992201704, 0.228190132419998, -0.12282836675493859, -0.1036588943151392] - [0.038863230245997415, -0.11448102272381026, -0.04641644557624421, 0.12203422377240536]
A2: [0.03530729022957744, -0.029273629051374376, -0.07569749526173256, 0.06966324778952657] - [0.10289369389174652, 0.2828966440043088, -0.39260645116725, 0.006815936548045524] - [-0.011187128939424666, 0.539014561566021, -0.35945104289326735, -0.16837649506915014] - [0.09786275768515791, 0.01746327458303562, -0.16885105023178296, 0.05352483458804726]
B1: -8.841739584534559e-09 - 1.3760779157166172e-08 - 3.510431331097237e-08 - 1.6879607310280312e-08
B2: 7.477055936847504e-09 - 4.597936132030952e-09 - 2.902430097953735e-08 - 1.2106809775285537e-08
