Number: 7504
Error: 1.145372895185689e-15
A1: [0.08043170443747537, -0.18046779099990204, -0.019588837244073624, 0.1196249914887976] - [0.0374156101719447, 0.13359641633030958, -0.13472615608024116, -0.03628579493593639] - [-0.0017028024919849534, 0.22819013302722074, -0.12282836614859068, -0.10365889370806565] - [0.038863247684101904, -0.11448100533464674, -0.04641642814925437, 0.12203424119966862]
A2: [0.03530742034556179, -0.029273498575511397, -0.07569737154903197, 0.06966338396993409] - [0.10289374649184752, 0.28289669705082837, -0.39260640029310395, 0.006815991628014287] - [-0.0111870804762511, 0.539014610318253, -0.3594509970217918, -0.1683764440018412] - [0.09786281601628162, 0.017463333179484463, -0.1688509947042951, 0.05352489581670108]
B1: -6.665350522360454e-09 - 9.571966583229387e-09 - 7.501530075484313e-09 - 4.483842056950652e-09
B2: 6.866039119728675e-09 - 2.5828698578437403e-09 - 1.1273357752223781e-08 - 6.417296792179888e-09
