Number: 6788
Error: 9.476275309728825e-16
A1: [0.08043163741656928, -0.18046785801320933, -0.01958890418483604, 0.11962492447555055] - [0.03741554592945883, 0.13359635213644974, -0.1347262201947244, -0.036285859142833436] - [-0.0017028622865968366, 0.22819007323388643, -0.12282842585565293, -0.10365895348672215] - [0.03886318716461203, -0.11448106568428562, -0.04641648863017098, 0.12203418071779977]
A2: [0.03530739465946256, -0.029273524332667476, -0.07569739597102279, 0.06966335708662587] - [0.10289368804654646, 0.2828966381094849, -0.3926064568206408, 0.0068159304272285975] - [-0.011187125932643437, 0.5390145645907405, -0.35945104004726636, -0.1683764919008177] - [0.0978627658829177, 0.01746328281807733, -0.16885104242801272, 0.053524843192988746]
B1: 1.0632231569330153e-08 - -1.8381870276845929e-09 - 1.3039639876772116e-08 - 1.1109163391486943e-08
B2: 1.3997592123573704e-08 - 1.4696505685006311e-08 - 1.3374413221284752e-08 - 1.546275831049062e-08
