Number: 1482
Error: 7.351948333396021e-09
A1: [-0.006907940533523873, -0.014711819217903998, 0.0032873797971448514, 0.01974148855315183] - [0.06674182190624008, 0.18980271641631719, -0.14682289921570282, -0.10995682546018602] - [-0.1127249911764669, 0.4416484109930869, -0.07093489419400237, -0.258250827567598] - [-0.02431605086353536, 0.014413843559921839, -0.030900573349248554, 0.03791261944817236]
A2: [0.13164524682729292, -0.22457013100282333, 0.022724987657787347, 0.07021837901500219] - [0.03266373767994447, 0.20376645486252895, -0.11487085298938193, -0.12144035667556187] - [-0.0945349447230109, 0.5556261339298332, -0.23511648227335222, -0.22554955832150553] - [-0.020642664694742525, -0.019093783343308607, 0.008301019116833674, 0.032358817904215686]
B1: -7.275909910491956e-05 - -6.38233489450841e-05 - 3.021598447605206e-05 - -6.427265862985603e-06
B2: 0.00013429137914023858 - -3.6186143735973714e-05 - -2.1751611713691693e-05 - -0.0001340337880912279
