Number: 5278
Error: 1.226075520873111e-15
A1: [0.06621304845266547, -0.11395220996128873, -0.02398408340467957, 0.07172273514409343] - [0.03740256355009692, 0.18819332302276498, -0.14740899453503062, -0.07818705793793503] - [-0.060229407568989764, 0.32895076531595624, -0.12775314515020073, -0.1409683574848936] - [0.03904603497004154, -0.053322803922105734, -0.03741871052080743, 0.05169500126522815]
A2: [-0.00910850053256676, -0.3468031056364008, 0.24945516618887667, 0.10645675878925653] - [0.08003983481499564, 0.03628226672063785, -0.05025010237056065, -0.06607194952186522] - [-0.0424529411319013, 0.23083175680160603, -0.04053137593520551, -0.14784797353901732] - [0.06813465878581897, -0.29346798433119153, 0.14177111058335984, 0.08356172592032787]
B1: 1.3680448388263757e-07 - -5.968436277075847e-08 - -1.96024245985066e-08 - -3.731797014032814e-08
B2: -9.020151928798976e-09 - 3.563278652643959e-08 - 1.6431669557638703e-08 - -8.789172548861937e-09
