Number: 8691
Error: 6.746007739086665e-14
A1: [0.08043158564024064, -0.18046790978362717, -0.01958895589925127, 0.11962487270515659] - [0.03741576324500979, 0.13359656928754504, -0.13472600331193485, -0.03628564194754222] - [-0.0017025948480305858, 0.22819034066671, -0.12282815880866106, -0.1036586861195149] - [0.03886310843367368, -0.11448114419418086, -0.04641656731090301, 0.1220341020358537]
A2: [0.035307159603124146, -0.02927376003908711, -0.07569761946038947, 0.06966311107545678] - [0.10289413468055063, 0.28289708853402945, -0.3926060248414702, 0.006816398117456818] - [-0.011187227020887399, 0.5390144628995489, -0.3594511357298669, -0.16837659842058653] - [0.09786258125670642, 0.017463097352073804, -0.16885121818079268, 0.053524649396203036]
B1: 1.2251843830668851e-07 - -1.4603671984879074e-07 - 6.410382509701193e-08 - 9.80217231438389e-08
B2: -1.1429619961552131e-07 - -2.7799509901897485e-07 - -3.6141639533814695e-07 - -8.986062483618481e-08
