Number: 9572
Error: 1.7738132782353226e-13
A1: [0.05317376706577486, -0.1480000536094371, -0.026997831740754073, 0.12182903949851359] - [0.005314297455915986, 0.13083727250389512, -0.11360016622796947, -0.02254918491805304] - [-0.014444234038004275, 0.22309186345286278, -0.12704093725330556, -0.08160569037248773] - [0.02714648207533843, -0.1000200160661363, -0.049424486378388095, 0.12229814243505502]
A2: [0.08925637561525149, -0.07291146042531135, -0.12362554962174174, 0.10728832098184139] - [0.10884414698399096, 0.24981659972146575, -0.4048429192517302, 0.04619193895396444] - [0.036638642492682096, 0.4625578158752456, -0.3777148055090354, -0.12147052884183492] - [0.14342746635850018, -0.0446055940208938, -0.2014985266953493, 0.10268091097665051]
B1: 8.977868496599935e-08 - 1.3028584894024645e-07 - 3.527088715182995e-07 - 5.146402364382295e-07
B2: 2.567499265181729e-07 - -2.4205096736233464e-07 - 5.886015663605903e-09 - -6.187730207775276e-08
