Number: 7709
Error: 1.0512068481779807e-15
A1: [0.08043167390441315, -0.18046782152950666, -0.019588867740613355, 0.11962496095923073] - [0.037415593316309885, 0.13359639948742955, -0.13472617290227662, -0.0362858117822274] - [-0.001702829768794406, 0.22819010575099247, -0.1228283933854558, -0.103658920977592] - [0.03886321962164276, -0.11448103331835338, -0.046416456193817235, 0.1220342131546587]
A2: [0.0353073763104615, -0.0292735427324038, -0.07569741341709264, 0.06966333788247847] - [0.10289362794079429, 0.2828965774936369, -0.39260651495418747, 0.006815867487823391] - [-0.011187153511792475, 0.5390145368470948, -0.35945106615157596, -0.16837652096187747] - [0.09786276990911491, 0.01746328686259698, -0.16885103859536696, 0.053524847419226224]
B1: 2.5648749636588773e-08 - -1.6939804495557402e-08 - -3.2024713434451525e-08 - -1.1456593808559117e-08
B2: -1.6848203143917894e-08 - -7.243479985834934e-10 - -1.421163702515467e-08 - -1.562323544740553e-08
