Number: 587
Error: 2.8466105278151565e-14
A1: [-0.01215387248744301, -0.014517661724341855, 0.018086754344681776, 0.008582585850379538] - [0.06583537389214247, 0.18949539410127964, -0.14532242709322582, -0.11000840658068871] - [-0.09629183879618282, 0.4217872837501153, -0.053455992869546255, -0.27203429510809335] - [-0.0013220295175622628, -0.018219753874672298, -0.0038356741175687176, 0.02337613184124787]
A2: [0.16158664355788432, -0.1677548490604936, 0.008501258201197156, -0.002333144799920186] - [0.035485831400177366, 0.20751682791428155, -0.11721031679385056, -0.1257919240222341] - [-0.08621380029076847, 0.5815378714108577, -0.23538897534710235, -0.2599358174290531] - [-0.003834726264747252, -0.00451905277722371, 0.0011104954497443724, 0.007243623372360464]
B1: -8.4132399503606e-08 - 2.1263724058474025e-07 - -6.35853839051279e-10 - -3.9835474665337906e-08
B2: 1.1830360284758236e-07 - 8.598460848980789e-09 - -3.2316845834172927e-07 - 3.659313942988041e-08
