Number: 1389
Error: 3.8323149118567965e-10
A1: [-0.007349265586457901, -0.015156942086522985, 0.002829035038708916, 0.019288674534221773] - [0.06675327745738605, 0.1898137414439496, -0.14681106592986123, -0.10994405035123685] - [-0.11273321361453548, 0.4416403768434473, -0.07094354826859371, -0.2582599329006654] - [-0.023672857991578176, 0.015045891761547858, -0.030244539335001406, 0.038591143180690436]
A2: [0.1316199003570033, -0.2245953109531504, 0.022699828536452304, 0.07019349148820898] - [0.03256441574178379, 0.20366873485388567, -0.11496978425831209, -0.12153750148056999] - [-0.09463459149134097, 0.5555282340810506, -0.23521394669859225, -0.2256468564512304] - [-0.020935120947507095, -0.01938207766237449, 0.008011175198690684, 0.03207814682969608]
B1: 8.924248433926703e-06 - -1.4920241531852181e-05 - 1.5341927824209045e-05 - 7.748566616883161e-07
B2: -6.82833130629502e-06 - 1.3391029626556944e-05 - 9.937359290489917e-06 - 4.4654677649482694e-05
