Number: 900
Error: 1.2186553977832343e-09
A1: [-0.01205249387516152, -0.014413651522761336, 0.0181987838663964, 0.00869084796166169] - [0.06579050514959286, 0.1894522327110475, -0.14536881596699877, -0.11005835990758844] - [-0.09629269953251429, 0.42178640603151185, -0.05345693846266508, -0.2720353202866391] - [-0.0009905954251540245, -0.017900966007107687, -0.0034828751247196164, 0.023759281811724105]
A2: [0.1616433864592366, -0.16769906154180986, 0.008556941456379684, -0.002277664320851617] - [0.03555275938109486, 0.20758268376605146, -0.11714366477846087, -0.12572645032096497] - [-0.086112976156664, 0.581636723735912, -0.23529080015380852, -0.2598373713598244] - [-0.0037383255182858646, -0.004424221917172732, 0.0012059335466552874, 0.007335873400549954]
B1: 4.6020346459502915e-05 - -4.102539989455984e-05 - 3.49472792264299e-05 - 5.205242444190837e-07
B2: 0.00020457022037343364 - -0.00014826315905339528 - 4.9814644932434464e-05 - -0.00013099449692733153
