Number: 5784
Error: 7.039512394109754e-05
A1: [0.1006315102927877, -0.1616627217656902, -0.0006754084731947388, 0.13889429259899735] - [0.06653897280554653, 0.15983762703726945, -0.10870772873285817, -0.009348773676935856] - [0.012227827889772083, 0.2430188283583949, -0.10865838456937661, -0.08957157259793748] - [0.036936224990196886, -0.11457654549295905, -0.04622420291185029, 0.12153679598590277]
A2: [0.004489587837124793, -0.06080572032806559, -0.10344414547276654, 0.03923052431286313] - [0.10660594037591223, 0.28669190581517134, -0.3898097302706001, 0.010003217305598878] - [-0.006282022432390056, 0.5448874279099496, -0.3548658236853168, -0.16476845750475333] - [0.09573438795109547, 0.015750828626294545, -0.17050568537589003, 0.05072795082265409]
B1: 0.005679859264113504 - 0.00019356417772272984 - 0.010144221906673714 - 0.008153163177892817
B2: 0.0032339196027453476 - 0.013032462534855689 - -0.0020566984133458996 - -0.017205608893275666
