Number: 4030
Error: 1.0395622158125185e-15
A1: [0.0662132303434183, -0.11395203213516537, -0.02398390165664979, 0.07172291672962237] - [0.03740258958481026, 0.18819334789710884, -0.14740896894097022, -0.07818703234157635] - [-0.06022927724105747, 0.3289508904890701, -0.12775301761884247, -0.1409682306397569] - [0.039046245177354985, -0.0533226044013111, -0.03741850715229904, 0.05169520298252037]
A2: [-0.009108610273492758, -0.3468032220542645, 0.2494550555603844, 0.10645664373195218] - [0.08003984510734938, 0.03628227780841378, -0.050250091121767836, -0.06607193817745508] - [-0.04245290601053219, 0.23083179556316535, -0.0405313382982233, -0.14784793469675] - [0.06813481797262398, -0.2934678090600083, 0.1417712831572042, 0.08356190439754879]
B1: 2.9065328944437886e-08 - 3.283770657480284e-09 - -2.5600169848213174e-08 - 2.492189816111983e-08
B2: 9.67742365483228e-09 - -1.6792876835676277e-08 - -2.0567771658923113e-09 - 1.6047943071159034e-08
