Number: 996
Error: 0.0032429956027977074
A1: [-0.012787997002315497, -0.01360412171624819, 0.015474878911025405, 0.011357166831952079] - [0.0363805047844121, 0.1611719749541858, -0.17582726422777067, -0.14240046672047793] - [-0.13844018689766874, 0.3830538293660656, -0.10168686991806974, -0.3149149003564094] - [-0.02801064997189369, -0.04054835331887424, -0.03516215347481146, -0.0010145343928505829]
A2: [0.13967010035226263, -0.1933246924866714, -0.00941961839270178, -0.019884174799923746] - [0.031491307000283145, 0.2027236215685353, -0.12061974627182645, -0.12910446302244305] - [-0.06857342004275299, 0.595447161242201, -0.21377484872313093, -0.23970484044983453] - [0.015022552684939683, 0.013418929936134201, 0.02252893321225057, 0.027340506508849054]
B1: -0.030741820358332103 - -0.022910111501849753 - -0.04686654145755187 - -0.03125998782934475
B2: 0.04145987024195145 - 0.028686968047954467 - 0.03368231902660222 - 0.019857295401821906
