Number: 6133
Error: 1.0853041271173933e-15
A1: [0.08043158292887352, -0.18046791249473787, -0.019588958607378498, 0.11962486999407847] - [0.03741550722393703, 0.1335963134602169, -0.134726258823124, -0.036285897826913084] - [-0.0017028621875675772, 0.22819007333292696, -0.12282842575677046, -0.10365895338771897] - [0.03886302032275169, -0.11448123205792135, -0.046416655365717166, 0.1220340139796341]
A2: [0.03530745254379626, -0.029273466288233987, -0.07569734093534798, 0.0696634176688776] - [0.1028937390398311, 0.2828966895355533, -0.3926064075006075, 0.006815983824654233] - [-0.011187044468350076, 0.5390146465409446, -0.3594509629395899, -0.16837640605900236] - [0.09786278710609334, 0.017463304137789213, -0.1688510222249168, 0.05352486547041269]
B1: -2.995780594917561e-08 - 2.8444485051784652e-08 - -4.8475451709610154e-08 - 5.32290197652798e-09
B2: 7.688131358965097e-08 - 8.28201400337022e-08 - -2.3933224757473066e-07 - -1.9892671931692275e-08
