Number: 9176
Error: 1.897217669292778e-07
A1: [0.05406504978434038, -0.14710886319662023, -0.026115968577951326, 0.12272810753546948] - [0.00780502808954221, 0.13333636344445912, -0.11111762679795664, -0.020044557036976506] - [-0.013892975505599947, 0.22365773216304433, -0.12648660325887823, -0.08103499923722707] - [0.029748844079732394, -0.09741880693232242, -0.04682110882401739, 0.12491273318516029]
A2: [0.09049865499081564, -0.07168680883593956, -0.12240123945445044, 0.10854980813539832] - [0.10845257587185998, 0.24942230790210548, -0.40522836342992075, 0.04579557147478939] - [0.03735959677349995, 0.46326898147333645, -0.3770144693106812, -0.12074219011973163] - [0.14287548824322058, -0.04515220940044793, -0.20203289724899298, 0.1021225961070694]
B1: 0.0005157591710733894 - -1.9866859357773394e-05 - 0.00019801280759118112 - 2.1225225535629277e-05
B2: 0.00032796325118119966 - -0.0002994733049044105 - 0.0005873612728561981 - -0.0007927524570356932
