Number: 9935
Error: 1.0430715762536478e-15
A1: [0.05317251943062569, -0.14800130169668904, -0.026999077996463713, 0.12182779125765188] - [0.005313737387166856, 0.1308367118572499, -0.1136007262046997, -0.022549745781146827] - [-0.0144445287856892, 0.22309156860133847, -0.12704123176458243, -0.08160598522667012] - [0.027146474543551884, -0.10002002359056439, -0.049424493921402066, 0.1222981348882058]
A2: [0.08925446698775676, -0.07291336463553869, -0.1236274152416454, 0.10728638882724123] - [0.1088418427045009, 0.2498142950368985, -0.4048451778838552, 0.04618959591013645] - [0.03663595974580189, 0.46255514708916906, -0.37771742292477956, -0.12147323940686532] - [0.1434264445722483, -0.044606611992286334, -0.20149952437469112, 0.1026798740346496]
B1: -8.114731668948082e-09 - 3.0199162153988767e-08 - 1.1783308250330626e-08 - 7.167690768350546e-09
B2: 1.461596432254362e-08 - 9.557365723508547e-09 - 3.1530252430999056e-08 - 1.7608562818214585e-08
