Number: 4451
Error: 8.635502577745909e-16
A1: [0.06621314541577328, -0.11395211516497901, -0.02398398651766618, 0.0717228319445011] - [0.037402642256136716, 0.18819339822098327, -0.1474089171610088, -0.07818698055705654] - [-0.06022942562113899, 0.32895074797815144, -0.1277531628148791, -0.1409683750547783] - [0.03904615808389896, -0.05332268706704392, -0.03741859141225585, 0.05169511940677494]
A2: [-0.009108625086973132, -0.3468032377689874, 0.24945504062701482, 0.1064566282008271] - [0.08003977594319292, 0.036282203298836156, -0.0502501667142222, -0.06607201441175453] - [-0.042452820509453135, 0.23083188992752393, -0.04053124667181715, -0.147847840135652] - [0.06813477887589797, -0.29346785210722287, 0.14177124077255507, 0.08356186056287272]
B1: 2.0778943342070185e-08 - -1.5011127812043534e-08 - 4.724279923814346e-09 - 9.450748643719902e-09
B2: -2.3225729155452954e-08 - 2.2980813724929124e-08 - 1.968423820587014e-08 - -3.851412516324898e-09
