Number: 269
Error: 2.138532247295715e-08
A1: [-0.014274683389614403, -0.01669587056629402, 0.015743026790574915, 0.006316646398574889] - [0.06472256955458955, 0.18842492453134352, -0.14647289802306335, -0.11124727391536332] - [-0.09856722321823667, 0.41958905547381004, -0.055923264320439786, -0.27468450968383407] - [-0.002378151155271646, -0.019234736593195797, -0.0049588033141796635, 0.022155899487875715]
A2: [0.161130241725337, -0.16820244644505786, 0.00805445067261692, -0.002777949701777041] - [0.03574508677473443, 0.20777197700307112, -0.11695217255792778, -0.12553832495284936] - [-0.08610995167610783, 0.5816397070979412, -0.2352886613129284, -0.25983481516859464] - [-0.003946213667444939, -0.00462853776944948, 0.0010002778393350161, 0.00713703405778553]
B1: 5.5614310113887626e-05 - 0.0003350040691659252 - -0.00022553392842982508 - -1.4446776459714042e-05
B2: 0.00041448078656336593 - -5.2915453720540635e-05 - -0.00046658645854709456 - -3.4603324410409174e-05
