Number: 4964
Error: 1.2747031103610672e-15
A1: [0.06621315918719038, -0.11395210170127391, -0.023983972757038324, 0.07172284569280704] - [0.037402630261930414, 0.18819338676135774, -0.14740892895222552, -0.07818699234931914] - [-0.060229320208267795, 0.32895084922150175, -0.12775305966397627, -0.1409682724585296] - [0.03904618893467204, -0.053322657784593566, -0.03741856156507935, 0.051695149011534894]
A2: [-0.009108522883043743, -0.34680312934673596, 0.24945514365781107, 0.10645673535599014] - [0.08003983030260733, 0.03628226185951037, -0.05025010730240324, -0.06607195449552195] - [-0.042452815341293734, 0.2308318956314537, -0.04053124113327182, -0.14784783441990867] - [0.06813478609499397, -0.2934678441587123, 0.141771248598555, 0.08356186865677076]
B1: 1.2651005083771936e-08 - 1.10645356771203e-08 - 8.112528424671426e-09 - 7.003552649757277e-09
B2: -1.3604429271392384e-08 - 8.736648540815415e-09 - 1.6947976281743328e-08 - 1.320193831812496e-08
