Number: 4503
Error: 1.023254158776981e-15
A1: [0.0662131783420358, -0.11395208297450612, -0.023983953617244494, 0.07172286481549499] - [0.037402625823500374, 0.18819338252071025, -0.14740893331555038, -0.07818699671302837] - [-0.060229636975372335, 0.32895054498404674, -0.12775336963364098, -0.14096858076115448] - [0.039046198012271875, -0.05332264916852636, -0.037418552782880685, 0.05169515772248174]
A2: [-0.009108505291952524, -0.34680311068528613, 0.2494551613912247, 0.106456753799302] - [0.08003981200974479, 0.03628224215284237, -0.05025012729553169, -0.06607197465836227] - [-0.042452787927739426, 0.230831925886697, -0.04053121175592797, -0.14784780410153694] - [0.06813460224682312, -0.2934680465833822, 0.1417710492896433, 0.08356166252923834]
B1: -4.7959226817015395e-08 - 1.461399760515545e-08 - 3.607945951532954e-08 - -4.3836025133422606e-08
B2: -1.2908690194636844e-08 - -3.0752102156577444e-08 - 1.7201259029072126e-08 - -3.478914607567323e-08
