Number: 751
Error: 4.3900783366520635e-14
A1: [-0.012152172113938138, -0.014515915264013026, 0.018088633769530734, 0.008584402897094069] - [0.065835730991286, 0.18949573761552374, -0.14532205788367542, -0.11000800898618633] - [-0.0962900050117785, 0.4217890560686703, -0.05345400300004006, -0.2720321586633537] - [-0.0013254456317601667, -0.018223039210412743, -0.0038393104615244943, 0.023372183389632477]
A2: [0.16158664014094667, -0.16775485241702565, 0.008501254847026242, -0.002333148131620504] - [0.03548579324403375, 0.20751679037115245, -0.11721035479001331, -0.12579196134868492] - [-0.08621349434994116, 0.5815381710738728, -0.23538867766127264, -0.25993551909047974] - [-0.003835146185818148, -0.004519465720010292, 0.0011100798234680335, 0.007243221620249519]
B1: 4.3340100433679726e-08 - 1.5587063924747875e-07 - -4.38831040904551e-09 - 1.0824845066248809e-08
B2: 1.073422962521332e-07 - -6.297818134159287e-08 - 4.576094904003871e-07 - 2.7405433559529115e-07
