Number: 1106
Error: 4.35968731767942e-06
A1: [-0.010623025540920684, -0.01841480494682834, -0.00047956558905945724, 0.015821344353313952] - [0.0626772573137356, 0.18584368572495344, -0.15106668432668868, -0.11442742120244055] - [-0.11492351695507785, 0.43962742791257486, -0.07316803648484624, -0.26087166807391826] - [-0.024523286315194313, 0.014217944163409005, -0.030876701068568848, 0.03767685746795921]
A2: [0.12687504223333584, -0.22924578314978544, 0.01811926783876374, 0.06549573782539948] - [0.012464788882261673, 0.18394087470032222, -0.13495385630056694, -0.1412537038265984] - [-0.09022272152305026, 0.5599822757784401, -0.23082871953895293, -0.2214213698723084] - [-0.022262599096466287, -0.02081043974669431, 0.006939395998590064, 0.03059620695925194]
B1: -0.0011748911812082402 - -0.003531932540442652 - 0.0012478151083223233 - 0.0006335953962685551
B2: 0.0005370612842480035 - -0.006751811228049052 - 0.004666458207930169 - -0.0008779138089561325
