Number: 7592
Error: 9.754431213002137e-16
A1: [0.08043170769012165, -0.18046778774762456, -0.0195888339953177, 0.11962499474107144] - [0.03741560891019346, 0.13359641506951317, -0.13472615733947813, -0.03628579619698886] - [-0.0017027918061772928, 0.22819014371279953, -0.12282835547843104, -0.10365888302511161] - [0.03886325301415003, -0.11448100001955668, -0.04641642282260287, 0.12203424652640371]
A2: [0.03530745072536583, -0.029273468111683125, -0.07569734266427587, 0.06966341576566752] - [0.10289376055839365, 0.28289671123675747, -0.3926063866881187, 0.006816006357734614] - [-0.011187113487626639, 0.539014577109981, -0.3594510282677983, -0.16837647878705672] - [0.09786280251138527, 0.017463319613159986, -0.16885100756008956, 0.053524881640964576]
B1: 8.46269439795105e-09 - 1.538397960575861e-08 - 9.330633180966948e-09 - 9.570741770102477e-09
B2: 9.382421883944464e-09 - 1.1881527301836503e-08 - 9.047291479616918e-09 - 8.950958071233332e-09
