Number: 2508
Error: 9.525174697244063e-08
A1: [0.06352477758713819, -0.0477819222986302, -0.023353965654482205, 0.00794213446109456] - [0.04291514424460505, 0.19054838543037722, -0.14333950297536044, -0.09333862698902441] - [-0.12317931508366466, 0.4151266017234598, -0.10458871281185696, -0.18680606361246052] - [0.036632443608993856, 0.018799086816343177, -0.033502285775746564, -0.023422259471100056]
A2: [0.062243643927722865, -0.1748797580433255, 0.08513128842556887, 0.022777562922953035] - [0.02854313971423115, 0.19956571033827608, -0.10245344809030589, -0.12860300652658882] - [-0.09331831493413499, 0.5137852990627284, -0.22551475515000563, -0.19500412596218133] - [-0.02506462864751849, 0.019393126255626877, -0.04942874239168249, 0.05782063785691866]
B1: -1.2950716780381214e-05 - -0.00040214024780023877 - -5.029726536654354e-05 - -0.0003999339845013411
B2: 0.0002641024572574309 - 0.00015708273717130914 - -0.00010983461017158812 - 2.2269706223312252e-05
