Number: 9859
Error: 8.483191283994533e-16
A1: [0.05317253539495359, -0.14800128572651478, -0.026999062049768048, 0.12182780722964381] - [0.005313741829236358, 0.13083671630396054, -0.11360072176332453, -0.022549741332824537] - [-0.014444506720406262, 0.2230915906747022, -0.12704120971676902, -0.08160596315351908] - [0.02714642341471949, -0.10002007471915893, -0.049424545157926394, 0.12229808362955702]
A2: [0.08925446351526649, -0.07291336809999853, -0.12362741863586695, 0.10728638531213333] - [0.10884180930914246, 0.24981426163564802, -0.4048452106177586, 0.04618956195293175] - [0.0366360071829614, 0.46255519427949854, -0.3777173766427244, -0.1214731914776559] - [0.1434264902029137, -0.044606566531587996, -0.20149947982029426, 0.10267992034238492]
B1: -1.004645640488864e-09 - 2.2922147757755776e-08 - 3.7296014952850235e-08 - 1.1177620728175857e-08
B2: 2.2713036904495796e-08 - 2.2826987397636678e-08 - 1.8106211378628894e-08 - 1.7658466297689575e-08
