Number: 2425
Error: 2.2288964083665726e-06
A1: [0.0561298273356864, -0.05536524115731573, -0.030546212510936463, 0.0005939663045189236] - [0.03806079747272144, 0.185758441559098, -0.1485244763081112, -0.09870504625938595] - [-0.11625714954714557, 0.42213684064360174, -0.09833729383477394, -0.1801970092775112] - [0.042705119642384826, 0.025224324824186746, -0.0273785990919319, -0.017271856525265555]
A2: [0.05834750577025641, -0.17864900568889755, 0.08158983098970862, 0.01926012679962461] - [0.02044334704439562, 0.19160893719692948, -0.11056191019073443, -0.136604223832877] - [-0.09281444540534164, 0.514855072322777, -0.22374433456380893, -0.19384609165787622] - [-0.03405452303486702, 0.010672752625735818, -0.057762476521547305, 0.04932526499885901]
B1: 0.0024887932214495275 - -0.005485362132750009 - -0.002045654670028023 - 0.0003802525309704578
B2: 0.0006734716753427922 - -0.004580581827917759 - -0.0034984580264197807 - -0.00013857080418892224
