Number: 1331
Error: 3.7249634344457286e-09
A1: [-0.007209502218741444, -0.01501588190970208, 0.002974562136994166, 0.0194321528827182] - [0.06677048211136391, 0.1898302670409194, -0.146793369622518, -0.10992491207018744] - [-0.11220294680750478, 0.44216068514789447, -0.07039068435797938, -0.25768574174777603] - [-0.02343218156668038, 0.015282580565358216, -0.02999842308403665, 0.03884526026671936]
A2: [0.13157483162573583, -0.22463979714542198, 0.022655826710256503, 0.07014953996714524] - [0.032695940266433264, 0.20379809856344624, -0.11483892537456925, -0.12140887477189566] - [-0.09477422509595863, 0.5553911357778805, -0.2353510757930496, -0.22578393605943123] - [-0.020943927032764167, -0.019391019309697815, 0.008002748343003817, 0.03206963486167289]
B1: 7.202006668342882e-05 - -0.00012488073555710742 - -4.287052358478126e-05 - 8.039095528484454e-05
B2: -1.9010409899279979e-06 - 8.077923149204593e-05 - 5.578858314524279e-06 - 0.0001011436134339053
