Number: 8437
Error: 1.0555827268830378e-15
A1: [0.08043167202451845, -0.18046782340917572, -0.019588869618301624, 0.11962495907954158] - [0.03741561661888151, 0.13359642277236491, -0.13472614964603, -0.036285788492515146] - [-0.0017028210438386135, 0.22819011447576273, -0.12282838467327943, -0.10365891225495852] - [0.03886320612935344, -0.1144810467727404, -0.04641646967750834, 0.12203419967077632]
A2: [0.03530743980378208, -0.029273479063448293, -0.07569735304836264, 0.06966340433503707] - [0.10289374642969283, 0.28289669698817443, -0.3926064003531901, 0.006815991562910728] - [-0.011187095250707895, 0.5390145954556206, -0.3594510110061399, -0.1683764595702157] - [0.09786281660856129, 0.017463333774427332, -0.16885099414045343, 0.05352489643835315]
B1: -3.6179263569583825e-09 - 3.0503009913610895e-09 - 3.0028555192195133e-09 - 4.348640126250115e-09
B2: -8.869298911587236e-09 - 2.7041404299554122e-08 - 1.3097446665602122e-09 - -1.3794385144987241e-08
