Number: 9169
Error: 2.245008024546446e-07
A1: [0.05193289208836016, -0.1492441633716665, -0.028255838415180007, 0.12059962014700193] - [0.005471007174186622, 0.13099119043077273, -0.11346620411071007, -0.022387409839014466] - [-0.01568298623943374, 0.2218682616062989, -0.12827875386132886, -0.08281883148988348] - [0.027515182119398934, -0.09965327554772216, -0.049065104843644396, 0.12267742230832279]
A2: [0.09137360583722083, -0.07081998321222506, -0.12154258921585154, 0.10943789340747138] - [0.10806355601820018, 0.24903404420044076, -0.4056101177539892, 0.045400017774760784] - [0.03728853167424529, 0.46319767137139034, -0.37708855560362003, -0.12081767162520284] - [0.14197654329536152, -0.04604254545033974, -0.20290844594388302, 0.10121312163585562]
B1: 0.0008184534124553026 - -0.0003395391428033114 - -0.0001943908239161255 - -0.0003156503280337335
B2: -7.417771037128537e-05 - -0.0007319775043801437 - -0.00039603925727605066 - -0.00013354527142051226
