Number: 8962
Error: 0.0006929150796353272
A1: [0.07134249768434506, -0.1867594862341339, -0.012386701819152865, 0.1304705237351695] - [0.07721628843090458, 0.18289969342388604, -0.054923564628039344, 0.04119746489084005] - [0.017452442199752238, 0.24517493133252236, -0.09589514577711207, -0.07386517644282038] - [0.06699999433992901, -0.08658362813539876, -0.012667652378238938, 0.15671576126828204]
A2: [0.27951668310928074, 0.22199866186828707, 0.13805558174148932, 0.3590238601953458] - [0.5679419203682174, 0.748823692507429, 0.05302682886133951, 0.5210244519953267] - [0.10623391380425601, 0.6277455852760627, -0.25073857912396336, -0.007918349221482782] - [0.1972287374411927, 0.09542211711768035, -0.07805984499266508, 0.1983484874018453]
B1: -0.028806446660574248 - 0.048054900318881565 - -0.06551872622757397 - -0.0650033994069252
B2: -0.017142147270715908 - -0.0064570706450596035 - 0.02594699081952391 - -0.005804441346298515
