Number: 5814
Error: 8.676417705131634e-06
A1: [0.06732858024392957, -0.19367371069696615, -0.03268494982612408, 0.106502499390538] - [0.012742851809951172, 0.10886889324802251, -0.15948525970336624, -0.06103923378805124] - [-0.005190185319115631, 0.2246746150658315, -0.12625349599248575, -0.10712026764536528] - [0.04447646146568071, -0.10891311114079968, -0.04063320558786396, 0.12774219081809937]
A2: [0.03541813587147529, -0.029219416809683475, -0.07550281925680803, 0.06994404712845377] - [0.11768099041552849, 0.2975460470039111, -0.37820892488521834, 0.02262409807554275] - [-0.015288112794628637, 0.5350882471883655, -0.3633922409934971, -0.17292217227033316] - [0.09569868516129483, 0.01536955245660343, -0.17091472401022356, 0.051187992127560936]
B1: -0.0013071573738779943 - 0.006094724470020219 - -0.004049050725023398 - -0.0023016733210877048
B2: -0.0018761633776068934 - 0.0022990812122493805 - -0.006020610991886311 - -0.0023823121052482066
