Number: 9630
Error: 1.8661634693968867e-14
A1: [0.05317178493679617, -0.1480020364637006, -0.026999811682998216, 0.12182705640945882] - [0.00531361482821305, 0.13083658916764554, -0.11360084874790354, -0.022549868511901397] - [-0.014444353507859258, 0.22309174394258582, -0.12704105662667928, -0.08160580988509483] - [0.027146461997587006, -0.10002003613770297, -0.04942450649519022, 0.12229812231017552]
A2: [0.08925623155609148, -0.07291160414698537, -0.12362569042885738, 0.10728817515504717] - [0.10884218472971971, 0.24981463712163848, -0.40484484263391035, 0.04618994368982997] - [0.03663660803300196, 0.462555792003786, -0.37771679042275863, -0.12147258439486838] - [0.14342635686007077, -0.04460669938021214, -0.20149961002080716, 0.10267978502005605]
B1: -1.4177825073909127e-07 - 4.709884517201967e-09 - 2.404408765677296e-09 - 3.9129099885487983e-07
B2: -1.801693875616874e-07 - 7.445673431658431e-08 - 5.6962743570603215e-08 - 2.665454082296074e-07
