Number: 9756
Error: 1.0313199680742209e-15
A1: [0.05317252592274235, -0.14800129520224792, -0.026999071511563933, 0.12182779775284068] - [0.005313730835017634, 0.13083670529818128, -0.11360073275595783, -0.022549752342596027] - [-0.014444583059251474, 0.22309151430783503, -0.1270412859952229, -0.08160603951964046] - [0.027146497986430408, -0.1000200001475244, -0.049424470428857226, 0.122298158390776]
A2: [0.08925462948533101, -0.07291320251381417, -0.12362725640529043, 0.10728655332868291] - [0.10884164815875802, 0.24981410045680433, -0.40484536857624515, 0.046189398091095915] - [0.03663584179983986, 0.46255502975694907, -0.37771753799874336, -0.12147335857610805] - [0.14342638011453032, -0.04460667620996993, -0.20149958731208487, 0.10267980862070163]
B1: -8.105385072676691e-08 - -9.28592597129519e-09 - -3.3126778894212475e-08 - -1.9689459177342315e-08
B2: -3.647829231790404e-08 - -1.2784652833171064e-08 - -5.891762953579841e-08 - -1.6542023499482823e-08
