Number: 3865
Error: 6.721948932370895e-16
A1: [0.06621313244715649, -0.1139521278437545, -0.02398399947609159, 0.07172281899765619] - [0.03740255401435993, 0.18819331391195668, -0.1474090039094544, -0.07818706731315532] - [-0.06022950790305921, 0.3289506689510153, -0.12775324333104565, -0.14096845513794953] - [0.03904620562286362, -0.0533226419449335, -0.037418545419945534, 0.05169516502561449]
A2: [-0.009108587250440874, -0.34680319763039685, 0.24945507876972314, 0.10645666787035402] - [0.08003981063559827, 0.036282240672457444, -0.050250128797429565, -0.06607197617304145] - [-0.04245286497400966, 0.23083184085363354, -0.04053129432185585, -0.14784788931189863] - [0.06813469908283479, -0.29346793996291903, 0.14177115426916834, 0.08356177110002895]
B1: -6.06039619778752e-09 - -2.2284913493680583e-08 - 8.481376501380512e-09 - 1.2874467249461888e-08
B2: 1.970589707946848e-09 - -5.907185828520504e-09 - -1.3199913971059255e-08 - -1.0104743171109342e-08
