Number: 3672
Error: 3.637630476160434e-15
A1: [0.06621421494705873, -0.11395106953276712, -0.023982917824890416, 0.07172389968078678] - [0.037402065402071784, 0.18819284707518627, -0.14740948425338568, -0.07818754769897514] - [-0.06022941447847969, 0.3289507586799341, -0.12775315191125897, -0.14096836420977132] - [0.03904531869858427, -0.05332348378213514, -0.03741940349014219, 0.05169431392394622]
A2: [-0.009107184928701705, -0.3468017099877764, 0.24945649243640547, 0.10645813812528322] - [0.08003911495199091, 0.03628149122251034, -0.050250889140124586, -0.06607274297054341] - [-0.042452858822991976, 0.23083184764247913, -0.040531287729897676, -0.14784788250885278] - [0.06813595233725027, -0.29346656007582733, 0.14177251291807869, 0.08356317622835481]
B1: -8.345158150906892e-08 - -3.037247513583885e-08 - 4.727291019918716e-07 - 8.037561736871723e-08
B2: 2.3687853845301588e-07 - -2.0065421125374422e-07 - 4.185346025964932e-08 - 3.394279325777565e-07
