Number: 1151
Error: 7.222725136121088e-07
A1: [-0.009109854260360206, -0.01690590244738724, 0.0010192233019923082, 0.017471872633400148] - [0.06898357073363831, 0.19195186084599408, -0.14450732810562164, -0.10745281653447182] - [-0.11438013854523023, 0.4400699595823552, -0.07264402909029392, -0.26004316455767296] - [-0.027258669061709637, 0.011540816892537761, -0.033834374426600436, 0.034825890329740566]
A2: [0.12647536842974752, -0.22967599784253873, 0.017652110396698548, 0.06517804421942437] - [0.03502163350607847, 0.20610060762672433, -0.11252238265859127, -0.11913771145495024] - [-0.10115780508419742, 0.5490954948901995, -0.24160168654626782, -0.2320726892567609] - [-0.02916131675965888, -0.02753806552205808, -0.00014795057292468804, 0.02416712249251222]
B1: 0.0002635192390020453 - 0.0014779353002701927 - 0.00023528687907288853 - 0.001176766554527723
B2: 0.001195262195314091 - 0.0018089191791607823 - 0.0010037500114053874 - 0.0003222390165526661
