Number: 8722
Error: 7.398331518109124e-12
A1: [0.08043232063421185, -0.1804671748682563, -0.01958822178206892, 0.11962560761587264] - [0.037414933459444584, 0.13359574013325656, -0.1347268314429899, -0.03628647127306461] - [-0.0017020004501794893, 0.22819093505420138, -0.12282756528021851, -0.10365809188005762] - [0.03886402290984548, -0.11448023228116275, -0.04641565341602562, 0.12203501594410417]
A2: [0.03530658333601441, -0.0292743378994243, -0.0756981673693744, 0.0696625079508727] - [0.10289865900512207, 0.28290165124928224, -0.3926016489680514, 0.006821135738182241] - [-0.0111852349787424, 0.5390164668205164, -0.35944925021254187, -0.16837449934245308] - [0.09786285026554675, 0.01746336758350536, -0.1688509621012245, 0.05352493176708462]
B1: -6.679305841401668e-07 - -3.0716324791760674e-06 - -1.7408760846922358e-06 - -1.0475699026737116e-06
B2: 1.14889155848555e-06 - 1.3577502136680446e-06 - 5.92237680600321e-07 - 7.69526782125897e-07
