Number: 551
Error: 1.1245877939490481e-13
A1: [-0.012153014357096096, -0.014516780334581873, 0.018087702840922714, 0.008583502864099531] - [0.06583577162264975, 0.1894957767012964, -0.14532201587449195, -0.11000796374749003] - [-0.0962928594305204, 0.42178629732516887, -0.05345710037842932, -0.2720354841970987] - [-0.00131929641095051, -0.01821712539802831, -0.0038327648116188453, 0.02337929086178287]
A2: [0.16158704385806263, -0.16775445630005434, 0.008501650430513352, -0.0023327545598974555] - [0.03548570468016182, 0.2075167032305629, -0.11721044298320137, -0.12579204798694751] - [-0.08621373799654952, 0.581537932427925, -0.2353889147335547, -0.259935756681608] - [-0.003835160972876856, -0.0045194802585523325, 0.0011100651932721807, 0.007243207472616976]
B1: -1.4982533876343168e-07 - -1.7842548438696586e-07 - -1.096927364151894e-07 - -2.481077750074437e-07
B2: 9.873049175429329e-10 - 4.7255226147207065e-07 - -6.311689765749111e-07 - 4.180645699399564e-07
