Number: 9322
Error: 6.312167407279821e-11
A1: [0.05316429828067809, -0.14800952751241594, -0.027007287405107334, 0.1218195653183139] - [0.0052044545029904755, 0.13072731986407818, -0.11370999047808597, -0.022659188789065584] - [-0.014377828639311691, 0.22315828654767456, -0.12697458083258908, -0.08153925567804327] - [0.02708535663621787, -0.10008114029057187, -0.04948573810260431, 0.12223685826471915]
A2: [0.0892251698972756, -0.07294258811043272, -0.12365605805496642, 0.10725673098194041] - [0.10887023947306528, 0.24984270387885715, -0.40481734688158116, 0.046218473558331086] - [0.036612243169260414, 0.4625315532927669, -0.3777405656829352, -0.12149720321364578] - [0.14335431509121, -0.04467847773881377, -0.20156996004137942, 0.10260667257055561]
B1: -5.293226513367869e-05 - -9.690253755622848e-06 - 1.946328458976741e-06 - 2.4298840035529808e-05
B2: -1.6464443104011965e-05 - 2.5780878906479013e-06 - -1.5845881109058106e-05 - -1.231774230315273e-05
