Number: 1684
Error: 8.823436650675476e-08
A1: [-0.007595396853554994, -0.01541093812429437, 0.0025736940602575716, 0.01902427923396796] - [0.06749201815559272, 0.19052423546544886, -0.14604833327308447, -0.10912256695027693] - [-0.11177037508753151, 0.4425687924238675, -0.06994815688823196, -0.2572252531938848] - [-0.022907107557829817, 0.015787370115956975, -0.02946229836588422, 0.03938953725920981]
A2: [0.1318515415855104, -0.2243641902574694, 0.022921289204311617, 0.07041070333507693] - [0.032964045150419556, 0.20406207825135303, -0.11457235335483702, -0.12114538950477453] - [-0.09510653037141219, 0.555070906497402, -0.2356745079805215, -0.22611683465325774] - [-0.020680544458922832, -0.019135407162490237, 0.008257219468488048, 0.03231487535650708]
B1: -2.364161379919379e-05 - 0.00018612943575190206 - -0.0002543162975772443 - -2.0890138269794782e-05
B2: -0.0002537406292655611 - 0.0004890056188305832 - 0.00038367092178561335 - 7.844185165464132e-05
