Number: 3360
Error: 4.960276078281017e-07
A1: [0.06688679880634983, -0.1133004215890031, -0.02332277734482572, 0.07238705213121814] - [0.040961581771942375, 0.19158526753633084, -0.14391853984344785, -0.07469533436126889] - [-0.0738973045710094, 0.31589279541790266, -0.14106450091257605, -0.15422386470777938] - [0.04275024623104504, -0.04981907233142971, -0.03384475050718754, 0.055237783977224654]
A2: [-0.010753477957144096, -0.34855305286317134, 0.24789352430815173, 0.10473103559274854] - [0.08114288895202794, 0.037473925281186315, -0.049060204471834415, -0.06485899335039914] - [-0.04240497674711305, 0.23087832468739156, -0.04047503753931581, -0.14780992316970412] - [0.06845507200027325, -0.2931164851596758, 0.1421505931746905, 0.08391561812850998]
B1: 0.0006835641891858908 - 0.0008527935541090303 - 0.00026290908056383325 - 0.0001907676794562853
B2: -0.0006919800078214757 - 0.0007768936551244776 - 0.0009984156613471336 - 0.000594739133049345
