Number: 5205
Error: 7.17419165141775e-16
A1: [0.06621310941169445, -0.11395215036449349, -0.023984022493500404, 0.07172279600081513] - [0.037402546100276435, 0.18819330635060516, -0.14740901168956821, -0.07818707509398533] - [-0.06022951116496711, 0.32895066581769755, -0.12775324652312123, -0.14096845831261243] - [0.03904609857598736, -0.05332274354968575, -0.03741864898413911, 0.05169506230225876]
A2: [-0.009108522160498999, -0.3468031285801881, 0.24945514438604022, 0.10645673611361164] - [0.08003972524684039, 0.03628214868448236, -0.050250222122199296, -0.06607207029028629] - [-0.04245286223998153, 0.2308318438712944, -0.0405312913917288, -0.1478478862878832] - [0.06813475729319128, -0.2934678758706833, 0.14177121737455134, 0.08356183636478287]
B1: -1.0345452950671606e-09 - -1.956774490225143e-08 - -5.057651815693346e-09 - -4.092361512996909e-09
B2: -2.997782870663302e-08 - -2.4680541282093004e-08 - 8.203319226791021e-08 - -7.867274070506053e-08
