Number: 2097
Error: 0.001607747964457968
A1: [0.21521325754218545, 0.17298618950673214, 0.1800587817883324, 0.1958731788243153] - [-0.01627320595852954, 0.11514007773772662, -0.22738197097212334, -0.19485377149241026] - [0.07812486500236684, 0.6374924202611876, 0.1211888801508197, 0.002001998470428104] - [0.028305589536073747, 0.0417075713492904, -0.03984777674141714, 0.009679259742774088]
A2: [0.1373821697120089, -0.20583989012002818, 0.06845560384215171, 0.054044321639123816] - [0.04513662182578235, 0.21127249030443795, -0.1102217629521337, -0.11518700152988225] - [-0.13598388802667055, 0.46983139364997895, -0.29126273517607865, -0.2849599035047515] - [0.07917566128714673, 0.038373030669932445, 0.0274077420757474, 0.1307212178690925]
B1: 0.01117594303456257 - -0.03137938211409336 - -0.027597063045297868 - 0.03702436156828223
B2: -0.013874450483700784 - 0.06551191301385721 - -0.08192416989076753 - -0.019483908082574313
