Number: 3639
Error: 2.2313358519439795e-13
A1: [0.06621551557074769, -0.11394979796675364, -0.023981618223565503, 0.07172519811968592] - [0.03740216647388733, 0.18819294364348813, -0.1474093848883118, -0.07818744832806387] - [-0.060228646280671885, 0.3289514964996979, -0.1277524001916483, -0.1409676165394402] - [0.039048131234106005, -0.05332081423790994, -0.037416682465675394, 0.0516970128602819]
A2: [-0.00910802597313935, -0.3468026022199015, 0.24945564458074032, 0.10645725631461538] - [0.08004030756841013, 0.03628277601144072, -0.05024958567738935, -0.06607142843416347] - [-0.04245138233354902, 0.23083347717598615, -0.040529705471574994, -0.14784624956447764] - [0.06813622247212535, -0.2934662626554868, 0.14177280576580495, 0.08356347908754211]
B1: 4.366686089488986e-08 - 2.788155752214994e-07 - 2.2332678558653923e-07 - -1.087959305661024e-07
B2: 1.447798602063135e-06 - -1.2968419931223122e-06 - 2.3834468055067537e-07 - 1.5496097966965076e-07
