Number: 5222
Error: 1.3552040667101618e-15
A1: [0.06621311474814101, -0.11395214514729189, -0.023984017161240212, 0.07172280132830626] - [0.03740251643840635, 0.18819327801069188, -0.14740904084946266, -0.07818710425646018] - [-0.06022913080225427, 0.3289510311356223, -0.12775287432234475, -0.14096808811365186] - [0.03904612471457434, -0.05332271873986294, -0.03741862369588839, 0.051695087385173075]
A2: [-0.00910847156216838, -0.3468030749034164, 0.2494551953937356, 0.10645678916309836] - [0.0800397215271768, 0.03628214467734325, -0.05025022618758307, -0.06607207439017819] - [-0.042452825838112926, 0.23083188404651, -0.04053125238215023, -0.14784784602893322] - [0.06813480274871253, -0.29346782582235587, 0.14177126665256404, 0.08356188732860746]
B1: -3.474979370616599e-08 - 3.67783181091571e-08 - -7.911475667766548e-09 - -2.3034449578111465e-08
B2: -5.1454415323928833e-08 - -5.500611461825025e-08 - 3.5401029811549334e-09 - 8.176165782158733e-09
