Number: 9824
Error: 4.2519246254221793e-16
A1: [0.05317255871884419, -0.14800126239406644, -0.0269990387516058, 0.12182783056476455] - [0.00531373964164028, 0.13083671411406458, -0.11360072395059759, -0.0225497435235118] - [-0.014444459570108452, 0.2230916378422584, -0.12704116260380838, -0.08160591598640325] - [0.027146448436114304, -0.10002004969780942, -0.049424520083758826, 0.12229810871452852]
A2: [0.0892542524165155, -0.07291357871059101, -0.1236276249784328, 0.10728617161050083] - [0.10884175553078358, 0.24981420784779654, -0.40484526333094356, 0.0461895072697296] - [0.036635985555774124, 0.4625551727648343, -0.3777173977433003, -0.1214732133291592] - [0.1434264733455837, -0.044606583326139745, -0.2014994962800282, 0.10267990323495242]
B1: 3.6956905595972836e-08 - 4.544460018552998e-08 - 3.689949760374586e-08 - -5.042266908785335e-09
B2: 3.687451132093162e-08 - 3.333345332022335e-08 - 5.0434524442464344e-08 - 2.2435280150192916e-08
