Number: 8145
Error: 8.95704748220307e-16
A1: [0.08043167259344788, -0.1804678228403434, -0.019588869050062796, 0.11962495964838736] - [0.03741560857644794, 0.133596414736061, -0.13472615767243606, -0.036285796530484214] - [-0.0017028121956265908, 0.22819012332378044, -0.12282837583802898, -0.10365890340911961] - [0.03886322613656177, -0.11448102682172032, -0.046416449683068586, 0.1220342196655199]
A2: [0.03530753532480729, -0.029273383278220523, -0.07569726222802367, 0.06966350430798876] - [0.10289375429241403, 0.282896704917596, -0.39260639274847703, 0.006815999796318605] - [-0.01118720843051383, 0.5390144816007721, -0.35945111813348735, -0.16837657883150867] - [0.09786270257204512, 0.017463219219210957, -0.16885110269602646, 0.05352477673735234]
B1: 4.119265733807972e-08 - -5.85903807117739e-09 - -1.469843857998489e-08 - 1.983859532616841e-08
B2: -7.91188540857604e-10 - 2.6479315310059652e-08 - 1.988187310828826e-09 - 8.658794328395442e-09
