Number: 185
Error: 5.80067025358078e-06
A1: [0.005154852692538413, 0.0031529165207730926, 0.03708067777132053, 0.026998766008508722] - [0.06629854689575002, 0.18994796996574326, -0.14483307036411305, -0.10948013059188322] - [-0.07488438400721743, 0.4425498751704441, -0.030258792714552958, -0.2470641934768935] - [-0.00845430379072681, -0.0252504590966697, -0.011357538198705636, 0.015014009486523138]
A2: [0.16796745034816235, -0.1615648737110812, 0.01485379064173336, 0.00361432683735871] - [0.048348760972344716, 0.22016189408922146, -0.10439884912533014, -0.1132327413314935] - [-0.06770430842942153, 0.599510115029228, -0.21736870347567222, -0.24215795001851884] - [0.009226196274914706, 0.008291088802345083, 0.014092204616349364, 0.01965037237060746]
B1: 0.004915506437474982 - -0.00363853824142388 - 0.0004227010869234124 - 0.0003408268599453281
B2: -0.008114266565051253 - 0.002875665791077173 - 0.010461593978153752 - -0.0036804787319641846
