Number: 6536
Error: 1.2288782600215831e-15
A1: [0.0804316859411602, -0.18046780949411506, -0.0195888557182653, 0.11962497299459969] - [0.03741558218203807, 0.13359638836158932, -0.1347261840143784, -0.036285822910335434] - [-0.001702807805984083, 0.22819012771333913, -0.12282837145480908, -0.10365889902064965] - [0.03886321984259875, -0.11448103309800806, -0.046416455973005734, 0.1220342133754774]
A2: [0.03530743660295582, -0.029273482273163443, -0.07569735609168965, 0.06966340098504735] - [0.10289373552415061, 0.28289668599003676, -0.3926064109009228, 0.006815980143219909] - [-0.011187102898047656, 0.5390145877627315, -0.3594510182445317, -0.1683764676284473] - [0.09786280003539881, 0.01746331712590801, -0.16885100991706664, 0.05352487904198284]
B1: -9.022961928510802e-10 - 4.308628019594472e-10 - -1.2368478316098552e-09 - -3.8083054310469767e-10
B2: -4.080479576319288e-11 - -5.644538573154001e-09 - 1.2113943315773559e-08 - -8.468031571245415e-09
