Number: 8063
Error: 1.114658562132181e-15
A1: [0.08043170707820738, -0.18046778835946758, -0.019588834606497886, 0.11962499412923192] - [0.03741558191869591, 0.13359638809844723, -0.13472618427713334, -0.036285823173509424] - [-0.0017028075187497612, 0.22819012800056288, -0.12282837116798997, -0.1036588987334854] - [0.03886324945377129, -0.1144810035699406, -0.04641642638070262, 0.1220342429682455]
A2: [0.035307460578744405, -0.029273458231062522, -0.0756973332957737, 0.0696634260782549] - [0.10289368214368352, 0.2828966321565511, -0.39260646252983916, 0.006815924246139189] - [-0.011187076511121346, 0.5390146143070076, -0.35945099326867913, -0.1683764398236853] - [0.09786278435978778, 0.017463301378983623, -0.16885102483925374, 0.05352486258771305]
B1: -4.4410511975454355e-09 - 2.242717137531482e-08 - 1.5111403856440467e-09 - 1.1521065936123997e-08
B2: 1.3173633883874868e-08 - -7.044512534068909e-09 - 8.731913801629831e-09 - 4.53989045988527e-09
