Number: 8967
Error: 0.0010827950833150598
A1: [0.048307935419206076, -0.20426196551901818, -0.03516398895434983, 0.1070809890487911] - [0.07129165107073193, 0.18064152625004945, -0.05889977800347508, 0.036472208092381886] - [0.10243606511880668, 0.3256248962939949, -0.004114790035445837, 0.018566408385459424] - [0.04984333977617316, -0.0976054979317567, -0.028216246249918503, 0.1408800532812545]
A2: [0.17013238897434885, 0.1048372667556793, 0.028885992090824205, 0.250121068504096] - [0.40312555784342385, 0.5754624248617191, -0.11413254067247888, 0.35289781080081456] - [0.19076916585002798, 0.7091993310021016, -0.16886971069957293, 0.08297329279108204] - [0.3120341160947438, 0.20826802637448488, 0.03335203260171921, 0.3204931018195346]
B1: 0.01686202944821022 - -0.009439612077606623 - -0.005636185409030679 - -0.008671012822664824
B2: -0.05478511972572442 - -0.02040657736104181 - -0.016434346901709997 - -0.02275043386227308
