Number: 3086
Error: 7.315889706988218e-07
A1: [0.063306541344118, -0.04801678151147592, -0.0235811432615802, 0.007716362431682786] - [0.04211165533224699, 0.18977682875298274, -0.14415704287847597, -0.09421233332044286] - [-0.12179551291678492, 0.41649278592449235, -0.10320983639024281, -0.18541461011102048] - [0.035954000387765576, 0.018087361527100623, -0.034204167703439196, -0.02412006132244714]
A2: [0.05785853948421501, -0.17920201371752634, 0.08074027885815278, 0.018429661818573067] - [0.031139929848746858, 0.20211688208502215, -0.09986180771996564, -0.12605983316160957] - [-0.09199712103131853, 0.5150743069866761, -0.22418288891545574, -0.1937263767012744] - [-0.029379135087181603, 0.015102061284126264, -0.0537558286455888, 0.0536158914042919]
B1: -0.0022363569682195958 - -0.001617864005252191 - 0.0006422253985213395 - -3.009458319027801e-05
B2: -0.0002834224479504138 - -0.0006432483101100224 - 0.00026831823654245763 - -0.0006797543448685912
