Number: 8406
Error: 1.4847694409990886e-15
A1: [0.08043164174787455, -0.1804678536823986, -0.01958889985875097, 0.11962492880634618] - [0.03741566071139067, 0.13359646683151966, -0.13472610564136078, -0.036285744424411855] - [-0.0017028260567776181, 0.22819010946293097, -0.1228283896788787, -0.10365891726655967] - [0.038863174195821505, -0.11448107861666765, -0.046416501590702076, 0.12203416775707786]
A2: [0.03530749945500077, -0.029273419247241472, -0.07569729633260874, 0.06966346676636832] - [0.10289375820489155, 0.28289670886330726, -0.3926063889643595, 0.00681600389324501] - [-0.011187097313267138, 0.5390145933807589, -0.35945101295840215, -0.16837646174360107] - [0.09786277010846152, 0.01746328706281635, -0.1688510384056366, 0.053524847628495846]
B1: 2.8006300552881436e-08 - -1.2772456153172492e-08 - -7.4932268558497e-11 - -6.190831524305177e-09
B2: -3.0127403333464035e-08 - 5.105898721266814e-08 - 1.8234509680194388e-09 - -3.723240493588192e-08
