Number: 4130
Error: 8.964665708788435e-16
A1: [0.06621318323429776, -0.11395207819154603, -0.023983948728801063, 0.07172286969956661] - [0.037402616398418756, 0.18819337351568816, -0.14740894258113466, -0.07818700597941601] - [-0.06022941289675623, 0.32895076019928277, -0.12775315036349452, -0.1409683626704197] - [0.039046092474096225, -0.05332274934145491, -0.03741865488758601, 0.051695056446823394]
A2: [-0.009108464476900153, -0.346803067386843, 0.24945520253662412, 0.10645679659173565] - [0.08003984403164059, 0.03628227664956665, -0.050250092297457076, -0.06607193936312616] - [-0.042452782003755365, 0.23083193242478242, -0.04053120540764317, -0.14784779754989766] - [0.06813481283048878, -0.2934678147217333, 0.14177127758262328, 0.08356189863224861]
B1: -2.829006796563455e-08 - 1.5146462383847658e-09 - -9.899899613947218e-09 - -9.891877148648072e-09
B2: -1.5140736001063202e-09 - -2.318471959256038e-09 - -2.267592192573871e-08 - -2.938180572444932e-08
