Number: 7698
Error: 8.696167243338876e-16
A1: [0.08043166942947502, -0.18046782600393804, -0.019588872210200965, 0.1196249564848036] - [0.03741556240683932, 0.13359636860135288, -0.1347262037501593, -0.03628584267457538] - [-0.0017028379785532645, 0.2281900975414085, -0.12282840158319466, -0.10365892918516008] - [0.038863212767519445, -0.11448104015324137, -0.04641646304357276, 0.12203420630479561]
A2: [0.035307301356814626, -0.029273617893357175, -0.07569748468213885, 0.06966325943543497] - [0.10289364154094735, 0.2828965912092135, -0.3926065018002913, 0.006815881729161415] - [-0.011187122308932838, 0.5390145682360618, -0.35945103661735955, -0.1683764880823693] - [0.09786277477880903, 0.017463291754441026, -0.168851033959729, 0.05352485253081478]
B1: 4.369911511475479e-08 - -1.1546261229200338e-08 - -3.253707049971202e-08 - -1.1678614870473625e-08
B2: -3.16288946800489e-09 - 2.104640523172061e-09 - -6.365637184095502e-09 - -6.363675307628875e-10
