Number: 7032
Error: 8.502576882490658e-16
A1: [0.08043170116639879, -0.1804677942706001, -0.019588840511228854, 0.11962498821810018] - [0.03741559406068213, 0.133596400231244, -0.13472617215940066, -0.03628581103827128] - [-0.001702805071188112, 0.22819013044807337, -0.12282836872401752, -0.10365889628658372] - [0.03886322296194259, -0.11448102998741612, -0.046416452855649576, 0.1220342164928823]
A2: [0.035307465949174215, -0.029273452845776194, -0.0756973281896724, 0.06966343169904331] - [0.10289370304294132, 0.28289665323316165, -0.39260644231632735, 0.00681594613065955] - [-0.01118713762805245, 0.5390145528255653, -0.35945105111723524, -0.1683765042246797] - [0.09786280128525647, 0.017463318381450082, -0.16885100872728198, 0.053524880353925594]
B1: 1.0595147987622494e-08 - -1.723111834069356e-08 - -1.0878382882138677e-08 - 1.104061594014381e-09
B2: -5.832426884939681e-10 - -6.2949987942683744e-09 - 7.931971562107765e-09 - -1.7390948196680044e-08
