Number: 2467
Error: 1.6795495114238221e-06
A1: [0.059484572836417685, -0.05183635750635603, -0.027350081156243548, 0.003934118381300214] - [0.04244705833419444, 0.19008320797432277, -0.1438395983321875, -0.09386778323998991] - [-0.13172853167025447, 0.4065450563409234, -0.11321990043604047, -0.19541794967033208] - [0.031861239600122486, 0.014000266623609571, -0.03828072051106243, -0.028193242270472065]
A2: [0.063601029992429, -0.17354190815403708, 0.08643792791735112, 0.024129777062733844] - [0.030001294800269883, 0.2009956418048085, -0.10100851807832648, -0.12718081006623244] - [-0.09080523081818666, 0.516298156082319, -0.2229908539084859, -0.1925466421592378] - [-0.022975534613213725, 0.021495362515520394, -0.047328291401700855, 0.05988203086726774]
B1: 0.0002053368664598807 - -0.00025333408738725756 - -0.0017947480124259412 - -0.0014037533414316206
B2: -0.0004547016476347199 - 0.0003174009939718031 - 0.0004981653311445793 - 0.0005442228444675572
