Number: 9985
Error: 1.0960423561268865e-15
A1: [0.0531724777671271, -0.1480013433754802, -0.026999119614010948, 0.12182774957409544] - [0.005313661717345241, 0.13083663610809204, -0.11360080186303866, -0.022549821557651947] - [-0.014444531282794507, 0.22309156610334363, -0.12704123425967626, -0.08160598772463029] - [0.02714635533880162, -0.10002014279514142, -0.04942461337761624, 0.12229801538050951]
A2: [0.08925455246056493, -0.0729132793603831, -0.12362733169458663, 0.10728647535391037] - [0.10884177299797458, 0.2498142253180791, -0.4048452462097225, 0.04618952503078893] - [0.03663594173107782, 0.4625551291681926, -0.37771744050085293, -0.12147325760840127] - [0.14342656382652794, -0.04460649318215747, -0.20149940793321633, 0.10267999505825506]
B1: -1.856612364098161e-08 - 2.817981056609312e-08 - 1.286265729362351e-08 - -1.8239216244217768e-08
B2: -4.630741317296394e-09 - -9.46532408079719e-10 - -3.328214035851014e-11 - 1.3336511820742337e-08
