Number: 7687
Error: 7.036689772344262e-16
A1: [0.08043167049507442, -0.18046782493845903, -0.019588871145875566, 0.11962495755028157] - [0.03741556612603612, 0.1335963723177355, -0.134726200038373, -0.03628583895743836] - [-0.0017028434912418106, 0.22819009202883753, -0.12282840708781198, -0.10365893469637744] - [0.038863217673164606, -0.11448103526136276, -0.046416458141053274, 0.12203421120739223]
A2: [0.035307540044892255, -0.029273378545116756, -0.07569725774032862, 0.0696635092481566] - [0.10289371534998383, 0.28289666564466476, -0.39260643041312254, 0.00681595901795623] - [-0.011187172508152508, 0.5390145177374318, -0.35945108413206167, -0.1683765409789854] - [0.09786276192761095, 0.01746327884478851, -0.16885104619324903, 0.05352483904125321]
B1: -4.934235702069526e-08 - -3.04899939350898e-08 - 2.3902219338642606e-08 - 6.2687787928733845e-09
B2: -9.205964866228984e-09 - -1.72562910388813e-08 - -1.130351540081407e-08 - -8.277330955924323e-09
