Number: 3908
Error: 9.229031780952996e-16
A1: [0.06621313366072744, -0.11395212665730262, -0.023983998263471334, 0.071722820209193] - [0.03740255844010902, 0.1881933181404589, -0.14740899955860254, -0.07818706296191849] - [-0.060229486266501785, 0.3289506897317212, -0.127753222158786, -0.1409684340795616] - [0.039046171845845086, -0.053322674004790946, -0.037418578098076874, 0.051695132612819765]
A2: [-0.009108668628572953, -0.3468032839599218, 0.24945499673314941, 0.10645658254978939] - [0.08003977356456499, 0.03628220073632479, -0.050250169313972186, -0.06607201703361737] - [-0.04245299389213601, 0.23083169857149344, -0.04053143247568428, -0.14784803189058074] - [0.06813471672139797, -0.2934679205420709, 0.14177117339108222, 0.08356179087614257]
B1: -5.7776191161790015e-08 - -2.8494045672498524e-08 - -6.786971428478347e-09 - 8.012045027831473e-08
B2: -1.198392987667362e-08 - -2.2774977248535342e-08 - 3.814128368757001e-08 - -3.8527504348802324e-08
