Number: 4237
Error: 9.63860531828549e-16
A1: [0.06621320397271044, -0.11395205791657093, -0.023983928006665507, 0.0717228904031729] - [0.0374026097053867, 0.18819336712094906, -0.1474089491608987, -0.07818701255976149] - [-0.06022944557322128, 0.3289507288153404, -0.1277531823387547, -0.14096839447369494] - [0.039046268273927966, -0.053322582478871644, -0.037418484807108875, 0.05169522514627664]
A2: [-0.009108444021158164, -0.3468030456865117, 0.24945522315786856, 0.10645681803846009] - [0.08003984102375723, 0.036282273409214055, -0.05025009558490287, -0.0660719426784884] - [-0.042452832744943436, 0.23083187642364708, -0.0405312597839009, -0.14784785366773218] - [0.06813486942243553, -0.2934677524115364, 0.14177133893374574, 0.08356196208226327]
B1: -4.3824082693309744e-08 - 1.9148221405308162e-08 - -2.0814984504837876e-08 - 1.7846471157519932e-08
B2: -3.292249499757664e-08 - -4.296437999622063e-08 - 1.653779877160585e-08 - 4.8507805652157216e-08
