Number: 4544
Error: 1.1231562440434046e-15
A1: [0.06621309149863044, -0.11395216787725672, -0.023984040392499305, 0.07172277811782295] - [0.03740252541793783, 0.18819328658999612, -0.14740903202192285, -0.07818709542814163] - [-0.0602292608063154, 0.32895090627380585, -0.12775300153673735, -0.14096821464397927] - [0.039046087440858246, -0.05332275411878832, -0.03741865975707268, 0.051695051616871775]
A2: [-0.009108589006416088, -0.34680319949318167, 0.24945507699943395, 0.10645666602929746] - [0.08003984483292906, 0.03628227751280424, -0.05025009142166765, -0.06607193847989622] - [-0.042452870005131975, 0.2308318353010902, -0.040531299713222384, -0.14784789487594407] - [0.06813478148422808, -0.29346784923536195, 0.14177124360005597, 0.0835618634872814]
B1: -1.8730161960415618e-08 - -1.5312267732312222e-08 - -2.5996933336187734e-08 - 9.393528599216379e-10
B2: -2.820598492576223e-08 - -3.100694883667875e-08 - 5.432804363530945e-08 - -2.3396048901464064e-08
