Number: 9050
Error: 0.00011429905629302777
A1: [0.022827552263430837, -0.19287233670850157, -0.059890486163501816, 0.0868607135870576] - [0.023212777882873264, 0.14570562511941781, -0.09834781334119451, -0.006903913769180605] - [0.010243327546101794, 0.2577721794069187, -0.08923721410613465, -0.049466515528585955] - [0.03514329750058859, -0.0914134486345559, -0.03762894457632815, 0.1308852740128338]
A2: [0.15428165918669304, 0.0029844800757320086, -0.04013712437713737, 0.18584079404779186] - [0.02449219950031336, 0.1505624094353378, -0.5030084670906743, -0.054665816837653314] - [0.025704198244150593, 0.45837960002136957, -0.3913823060870106, -0.13073914870453995] - [0.15523546090303314, -0.028852849475432474, -0.18893775795532336, 0.11777080477107359]
B1: -0.005130503444914839 - -0.025240167106221446 - -0.04544551860976552 - -0.01725445021660144
B2: -0.03127925771433488 - -0.01355332930286106 - -0.01711935848005912 - -0.012409630062988248
