Number: 8479
Error: 1.2840212690855712e-15
A1: [0.08043167605156971, -0.18046781938257705, -0.019588865596063196, 0.11962496310613481] - [0.0374155294725916, 0.13359633569202373, -0.13472623661869051, -0.03628587559053452] - [-0.001702804307148111, 0.22819013121209625, -0.12282836796109477, -0.10365889552273432] - [0.03886319369778965, -0.11448105916941177, -0.04641648210114659, 0.12203418724694137]
A2: [0.03530751276800308, -0.029273405897428002, -0.07569728367473301, 0.0696634806998216] - [0.10289381612739, 0.28289676727739904, -0.3926063329424055, 0.006816064546460236] - [-0.01118696943006822, 0.5390147220267067, -0.3594508919138548, -0.16837632698896193] - [0.09786286600187122, 0.0174633833924097, -0.16885094712110815, 0.053524948285123615]
B1: -8.938373753312995e-09 - -6.749745251665346e-09 - -3.5182342997697126e-08 - -1.1137828446491202e-08
B2: -1.3173930810205846e-08 - 1.8562998285278088e-08 - -3.059504836107814e-08 - 7.400702781208502e-09
