Number: 8449
Error: 9.373470625391708e-16
A1: [0.0804316888677184, -0.1804678065678821, -0.019588852795239867, 0.1196249759208188] - [0.03741554910978273, 0.13359635531435693, -0.13472621702062004, -0.03628585596422054] - [-0.001702827862020071, 0.2281901076577266, -0.12282839148147814, -0.10365891907132038] - [0.03886323696875248, -0.11448101601988495, -0.046416438857758625, 0.12203423049101006]
A2: [0.0353074900519335, -0.0292734286763282, -0.07569730527294456, 0.06966345692505559] - [0.10289379427557409, 0.28289674524011504, -0.3926063540772264, 0.006816041664458576] - [-0.011187042741405013, 0.5390146482781044, -0.35945096130481824, -0.1683764042394686] - [0.09786285474349805, 0.01746337208281928, -0.168850957838381, 0.05352493646753014]
B1: 1.1504574324124753e-08 - 1.339010211231614e-08 - 1.1933269249491584e-08 - 1.0404127802480975e-08
B2: 2.0233138346072295e-08 - 9.389164403577065e-09 - 1.3547448856125498e-08 - 2.7539772931444327e-08
