Number: 7093
Error: 8.333702936010533e-16
A1: [0.08043169481297005, -0.18046780062330922, -0.019588846857060912, 0.11962498186539702] - [0.03741559690143131, 0.13359640306984386, -0.13472616932431125, -0.03628580819909547] - [-0.0017028044286280166, 0.22819013109061875, -0.12282836808239944, -0.10365889564419557] - [0.038863239714717786, -0.1144810132816553, -0.046416436113549044, 0.12203423323524559]
A2: [0.035307508973988926, -0.02927340970196175, -0.07569728728221879, 0.06966347672916862] - [0.10289368443341519, 0.28289663446569585, -0.3926064603152208, 0.0068159266437718795] - [-0.011187107108511401, 0.5390145835271419, -0.3594510222298218, -0.16837647206517745] - [0.09786284731280051, 0.01746336461835645, -0.16885096491203186, 0.05352492866785434]
B1: 1.7961749762504997e-08 - -1.6041591642264863e-09 - -8.024443249187832e-09 - 6.396932869499256e-09
B2: 4.447517399286998e-09 - 4.70172963505013e-09 - 1.0825492245469863e-08 - 3.809800139045754e-09
