Number: 7373
Error: 4.059979852393222e-16
A1: [0.0804316810703966, -0.18046781436432915, -0.019588860583205896, 0.11962496812439267] - [0.03741555014195593, 0.13359635634575928, -0.13472621599061466, -0.03628585493266758] - [-0.0017028279217349484, 0.22819010759801356, -0.12282839154110711, -0.10365891913102859] - [0.03886320008492081, -0.1144810528002418, -0.046416475718098774, 0.12203419363007631]
A2: [0.03530763314537818, -0.029273285187131137, -0.07569716922157138, 0.06966360668790789] - [0.1028937817694145, 0.28289673262779313, -0.39260636617309447, 0.0068160285687659285] - [-0.01118712752696281, 0.5390145629869039, -0.35945104155634017, -0.1683764935807963] - [0.09786282768193853, 0.01746334489820005, -0.16885098359934264, 0.053524908061836254]
B1: 3.5565639026766515e-08 - 1.3207167053443895e-09 - -3.442581265547298e-08 - 1.4241787783404902e-08
B2: 1.5567279263403122e-08 - -8.401438107723605e-09 - 1.497470822327772e-08 - -5.671628793973433e-09
