Number: 933
Error: 2.8490883616256918e-08
A1: [-0.011778740235439544, -0.014132518424938983, 0.018501272576630437, 0.008983270826285214] - [0.06578313286353177, 0.1894451314632156, -0.1453764281709244, -0.11006656643178653] - [-0.09637978100851614, 0.42170219789229546, -0.0535514537192547, -0.2721368070707609] - [-0.001741962547948519, -0.018623570544871498, -0.004282664843318046, 0.02289093050453754]
A2: [0.16154323307857338, -0.1677972773211571, 0.008458826172456744, -0.002375282043355902] - [0.035478680864952906, 0.20750979728135202, -0.11721742039879875, -0.12579891545738064] - [-0.08615899295802708, 0.5815916994853586, -0.23533553370750757, -0.2598822179724956] - [-0.003613707973372548, -0.00430163248683457, 0.0013293343642949344, 0.007455136381099729]
B1: 9.05918967719976e-05 - 0.0001677474384010322 - 7.268023301150865e-05 - 5.363206643331609e-05
B2: -0.00014209935561206255 - -7.011336451678e-05 - -0.00011510762081805023 - 8.062970357832202e-05
