Number: 167
Error: 1.2520761416681567e-05
A1: [-0.024892466320121744, -0.027720354111704378, 0.003905062731665545, -0.005237992329013381] - [0.07097518220476254, 0.19443059612900224, -0.14006703585255034, -0.10431177781641461] - [-0.0878965498856847, 0.43007259233345246, -0.04419892449009215, -0.2621522774078293] - [0.004697740331073612, -0.012426522578655407, 0.0030500144787057697, 0.030522833148399795]
A2: [0.18338780887485995, -0.14651835023486492, 0.02998840143193208, 0.018588258631545194] - [0.048077798647758914, 0.21987850432404932, -0.10472784440227123, -0.11357360699647177] - [-0.08664962782806826, 0.5810481389639969, -0.23587096216169795, -0.26073012623487923] - [0.00011682103533358244, -0.0005990287698323017, 0.004999059200593508, 0.01085072119935647]
B1: -0.002033039866306253 - 0.0034691459806329215 - 0.008305858382654208 - 0.00508718480536806
B2: 0.016650541218389863 - -0.006901776772984382 - 0.004404139297461291 - 0.004448167393236131
