Number: 8357
Error: 1.4294599215006191e-15
A1: [0.08043168121923686, -0.1804678142155237, -0.01958886043459655, 0.11962496827318303] - [0.037415609658952506, 0.133596415817751, -0.13472615659205575, -0.036285795448540416] - [-0.001702813952053458, 0.2281901215673965, -0.12282837759187817, -0.10365890516506696] - [0.03886322725648516, -0.11448102570493184, -0.046416448563864766, 0.1220342207847419]
A2: [0.03530728695172437, -0.029273632338234615, -0.07569749837847675, 0.06966324435912502] - [0.10289371716762702, 0.2828966674777599, -0.39260642865510903, 0.006815960921296655] - [-0.011187140311441425, 0.5390145501261263, -0.35945105365720376, -0.16837650705217494] - [0.09786282755080701, 0.017463344766426726, -0.1688509837241285, 0.05352490792412728]
B1: -1.4227076382943595e-08 - 2.2726978882942507e-08 - 1.1592480769062545e-08 - 2.1712114880112025e-08
B2: -1.2958176843736514e-08 - 7.146512416586392e-09 - -5.413184219023929e-09 - -1.5940245767651284e-08
