Number: 1667
Error: 9.737946804582453e-08
A1: [-0.005496664525279764, -0.013288280728283268, 0.004755020932546689, 0.02118136452448173] - [0.06766679377974551, 0.190692655099209, -0.14586801370020047, -0.10892742903578286] - [-0.1132087580717581, 0.4411617447043385, -0.071442627478586, -0.25878858762340445] - [-0.020117237927077838, 0.018536596166093433, -0.026616098193104527, 0.04233812176395268]
A2: [0.13256452253066017, -0.22366759580178, 0.02361768784514428, 0.07111084193987016] - [0.032468288251004236, 0.20357428120459323, -0.1150655913409141, -0.12163086273061784] - [-0.09357478701417346, 0.5565745603132233, -0.23417665505140015, -0.22460806174289868] - [-0.019922212226639303, -0.018394455538245574, 0.00900967442386186, 0.03304595858420202]
B1: 0.00014808023998968777 - 0.0009944679820276274 - 0.00017608580803288323 - 6.47904321172612e-05
B2: -6.769410213064436e-05 - 0.0004725140392246075 - 0.000926309288198298 - -0.0003940193336348811
