Number: 171
Error: 6.946401292612545e-06
A1: [-0.02336212731822159, -0.026206791044912546, 0.005411152263196314, -0.003679082262435538] - [0.07140509970955365, 0.1948552870536816, -0.13958518368684245, -0.10380680417609957] - [-0.09153877902233964, 0.426498974992943, -0.04827664845785215, -0.26650148704249865] - [-0.005507058794486448, -0.022323246453589202, -0.008008375285365141, 0.018568303835423728]
A2: [0.18240518826267288, -0.14745413245661124, 0.029024675185010545, 0.017626563581236945] - [0.04929353595763954, 0.22108221528415314, -0.10349032516978049, -0.11235778999802797] - [-0.0797076069452574, 0.5878053948216734, -0.22909023755679572, -0.2539233110099859] - [0.0028697374047005784, 0.002080171840751928, 0.007755163768937725, 0.013520968194491592]
B1: -0.002200989953094891 - -0.0019760735469652093 - 0.005140388136379776 - 0.0032427032095463135
B2: 0.007996432197349034 - -0.00839313857526159 - 0.004614003531604882 - 0.0010442033631987918
