Number: 8719
Error: 2.9763038837659718e-12
A1: [0.08043338680662433, -0.18046610881876404, -0.019587156885147707, 0.11962667366642261] - [0.03741609878052903, 0.13359690457067702, -0.13472566844426162, -0.03628530659754772] - [-0.0017013535126768574, 0.22819158197701883, -0.1228269192900751, -0.10365744511514206] - [0.0388650579528806, -0.11447920014442027, -0.046414619032945824, 0.12203605034387231]
A2: [0.03530691163729517, -0.029274008689808985, -0.07569785522367975, 0.0696628515530364] - [0.10289573875090106, 0.2828987062133651, -0.39260447340397864, 0.00681807781140532] - [-0.011186799686080611, 0.5390148927822176, -0.35945073124676585, -0.168376148123861] - [0.09786239462491521, 0.017462909871273524, -0.16885139584275305, 0.053524453494354564]
B1: 9.082374252964429e-07 - 9.303050966721963e-08 - 3.2791984232797237e-07 - 6.670110299612319e-07
B2: -9.197251647631162e-07 - -1.0488560674085985e-06 - -1.5241650021263033e-06 - -1.1723311759715623e-06
