Number: 6609
Error: 1.0868098933028248e-15
A1: [0.0804316811892738, -0.1804678142454633, -0.019588860464469768, 0.11962496824325608] - [0.03741559776492642, 0.13359640393268404, -0.13472616846253924, -0.036285807336079126] - [-0.001702848756726229, 0.2281900867634699, -0.12282841234559291, -0.10365893996046284] - [0.03886324537960273, -0.11448100763267023, -0.04641643045227413, 0.1220342388966097]
A2: [0.03530745826157733, -0.02927346055463654, -0.07569733549895526, 0.06966342365315095] - [0.10289375304905522, 0.2828967036636776, -0.3926063939510664, 0.006815998494359683] - [-0.011187070925926964, 0.5390146199255536, -0.35945098798223385, -0.16837643393829632] - [0.09786282926144761, 0.017463346484897026, -0.16885098209576815, 0.05352490971982916]
B1: 4.132475489309445e-09 - 6.0599424773732445e-09 - 9.056086382306436e-09 - 6.017567048376193e-09
B2: 5.9034370877365035e-09 - 1.4188713866650232e-08 - -1.4866734691731675e-08 - 1.8162760064093254e-08
