Number: 9388
Error: 3.256022054393365e-11
A1: [0.05316107647868895, -0.14801274745455487, -0.027010507656696044, 0.12181634420746955] - [0.005310212809709568, 0.13083318335054064, -0.11360425044986877, -0.02255327551778112] - [-0.014442601329662035, 0.2230934971043089, -0.12703930554286413, -0.0816040564521074] - [0.027145071409752863, -0.10002142511694215, -0.049425898897083285, 0.12229673021258454]
A2: [0.08928289120103125, -0.07288500723077768, -0.12359963156494845, 0.10731516376373611] - [0.10887457037987855, 0.24984702924909283, -0.4048130981549649, 0.04622287448759035] - [0.03665419313600374, 0.462573285424601, -0.3776996334768397, -0.12145481707365922] - [0.14344090467732135, -0.044592205084212695, -0.20148540513142135, 0.10269454836736061]
B1: 1.4536265907728522e-05 - -2.056660205059177e-05 - -2.165083938410151e-06 - -1.820296195152559e-05
B2: -6.092009030828753e-06 - -2.0460908009795282e-06 - -4.773476569252274e-06 - -4.994537813931859e-06
