Number: 7154
Error: 8.877194638747317e-16
A1: [0.08043170987585388, -0.18046778556213205, -0.019588831812189057, 0.11962499692655983] - [0.03741561682305911, 0.13359642297639415, -0.134726149442378, -0.0362857882885033] - [-0.001702810377872628, 0.2281901251415085, -0.12282837402292243, -0.10365890159184638] - [0.03886325898044978, -0.11448099406999339, -0.04641641686009793, 0.1220342524890012]
A2: [0.03530743462383793, -0.029273484257754626, -0.07569735797341162, 0.06966339891368359] - [0.10289374674936208, 0.2828966973105232, -0.3926064000440434, 0.006815991897665744] - [-0.011187134150359865, 0.5390145563240017, -0.3594510478255232, -0.16837650056010955] - [0.09786278180503216, 0.017463298812616865, -0.16885102727119988, 0.053524859906036074]
B1: 9.547096757048073e-09 - -6.201584530752521e-09 - -2.414124359983309e-09 - 2.687290670923654e-09
B2: 2.1190690921104637e-09 - 4.0633807318193815e-10 - -4.1502238319243733e-10 - 7.689747439031717e-09
