Number: 1048
Error: 3.6296054331724794e-05
A1: [-0.03982466323386998, -0.05086187249180155, -0.02806531359143965, -0.017776853461508885] - [0.07096144480416576, 0.19378701913917848, -0.14266984161048232, -0.10533797418003694] - [-0.15861979899888468, 0.3890156017536314, -0.126549217142843, -0.3175586634162516] - [-0.0599041097248784, -0.024374785880924184, -0.055768661329682986, -0.0020928325957628178]
A2: [0.1408797610558878, -0.2109571151785337, 0.024267803754029243, 0.07608898460213225] - [0.025063154349124362, 0.19627830711437852, -0.1220041479923119, -0.12962025118369974] - [-0.026564708102274532, 0.6289964260588793, -0.1596823819135618, -0.16884584907418004] - [-0.019904714541232608, -0.019224028264661457, 0.008428663771728594, 0.03088272488069025]
B1: -0.015533386016202563 - 0.013373610682599603 - -0.0023457186131318935 - 0.0011638437504037083
B2: -0.005500254934064341 - -0.001373349945321659 - 0.001049955534010231 - -0.006046671926437435
