Number: 1280
Error: 8.09039835179732e-09
A1: [-0.007172367780342351, -0.014978103804150147, 0.0030130605247063805, 0.01947029895037486] - [0.06683657129452963, 0.18989382099712696, -0.146725128850507, -0.10985139202300397] - [-0.11273908244994871, 0.441635707210454, -0.0709487640527731, -0.258266511750632] - [-0.02348474501298572, 0.015231398551500177, -0.03005186736039243, 0.03878970805394127]
A2: [0.1317146527241222, -0.22450294734619772, 0.022793520352673718, 0.07028646383237919] - [0.03274298038077445, 0.2038442719184575, -0.11479204255631312, -0.12136279645475893] - [-0.09436786115203533, 0.5557912095973533, -0.23495204431202812, -0.2253843121781185] - [-0.020784613959384392, -0.019234977141322766, 0.008161181253687647, 0.03222299287895286]
B1: -6.88782515705725e-05 - 0.00041883011827824584 - -4.75723022889243e-05 - -5.2254117491002954e-05
B2: -5.764298202474345e-06 - -2.3969167979195333e-05 - -1.1679844360035837e-05 - -4.349098476485743e-05
