Number: 7133
Error: 8.93482760144631e-16
A1: [0.08043169555335807, -0.18046779988300482, -0.019588846117558095, 0.11962498260570052] - [0.03741559995768096, 0.13359640612378143, -0.1347261662741506, -0.03628580514453847] - [-0.0017027602223418767, 0.22819017529596236, -0.12282832394083716, -0.10365885144970646] - [0.03886323251681982, -0.11448102045935361, -0.046416443306861004, 0.12203422604182086]
A2: [0.03530746526817032, -0.029273453528664742, -0.07569732883716293, 0.06966343098629543] - [0.1028937331296849, 0.2828966835752548, -0.3926064132168198, 0.0068159776358758094] - [-0.011187133517271167, 0.5390145569608664, -0.35945104722629173, -0.16837649989300338] - [0.09786280351460051, 0.01746332062093407, -0.1688510066050911, 0.05352488269401019]
B1: 2.009774530089471e-08 - -9.358855313679532e-09 - 2.2065507807997188e-11 - 1.1532414269078738e-08
B2: -4.734457012438037e-09 - -5.595927539685283e-09 - 3.6598146796632986e-08 - -1.0476883168678756e-08
