Number: 3657
Error: 3.708880569036148e-14
A1: [0.06621095633186386, -0.11395425532646049, -0.023986173882738524, 0.07172064653402659] - [0.037402634799537524, 0.1881933910956311, -0.14740892449181012, -0.07818698788810803] - [-0.06022860991473574, 0.3289515314208122, -0.12775236461065614, -0.1409675811452328] - [0.039047254075771025, -0.05332164679792919, -0.0374175310796006, 0.05169617113224547]
A2: [-0.009108637327345985, -0.3468032507611761, 0.2494550282837567, 0.10645661535665915] - [0.08003959976874316, 0.03628201350961545, -0.05025035926269773, -0.0660722085914971] - [-0.04245313973279363, 0.23083153761131053, -0.04053158876522262, -0.14784819318456208] - [0.06813441768022943, -0.293468249805595, 0.14177084919757574, 0.08356145558581483]
B1: 2.8321258964892033e-07 - -5.245126677586542e-07 - -2.0841842748340465e-08 - 2.640461893448264e-07
B2: -5.116863176742822e-07 - 7.452229488713948e-07 - 2.6502886119021886e-07 - -5.833169601834021e-07
