Number: 1269
Error: 1.1030929763502745e-08
A1: [-0.007062779086578214, -0.014867557648332148, 0.00312723724468037, 0.01958279327975823] - [0.06657817643485221, 0.1896452546366774, -0.1469922925166028, -0.11013883173512247] - [-0.11272607124870841, 0.4416487890430645, -0.07093496848162839, -0.2582525466667188] - [-0.023652271223456017, 0.015067084330795495, -0.030222686557739433, 0.03861266703195304]
A2: [0.1314317309017446, -0.22478110260472364, 0.0225157232397581, 0.07001020054616418] - [0.03291440780564388, 0.20401295082378795, -0.11462127342466323, -0.1211950283586236] - [-0.09509756505166109, 0.5550736856509357, -0.23566911959236525, -0.22610127997601584] - [-0.021043424947751004, -0.01949003545733665, 0.007905031932909, 0.03197480181035206]
B1: 0.000195419326403251 - 9.987114538409195e-05 - 0.00011973397097639899 - 0.00017810523047217944
B2: 1.326843733803575e-05 - 0.00015470503553288422 - 0.0001856207146407107 - 0.00017601465695311726
