Number: 6755
Error: 7.728496692885222e-16
A1: [0.08043162242115028, -0.18046787300693037, -0.019588919162324775, 0.11962490948184422] - [0.03741554399389567, 0.13359635020235136, -0.13472622212643084, -0.036285861077324406] - [-0.0017028638189905724, 0.22819007170152514, -0.12282842738580287, -0.10365895501870691] - [0.03886318460708658, -0.1144810682346339, -0.04641649118606666, 0.12203417816186393]
A2: [0.03530742572380324, -0.02927349318240646, -0.07569736643544711, 0.06966338959883189] - [0.10289374042592658, 0.2828966909334153, -0.3926064061599914, 0.006815985276098816] - [-0.011187130144636289, 0.539014560353625, -0.35945104403400757, -0.16837649633914328] - [0.0978627881046268, 0.017463305140865918, -0.16885102127438567, 0.053524866518551845]
B1: -1.4466601387224823e-08 - -9.546649536970063e-09 - -1.806269750760187e-08 - -1.6742272099737007e-08
B2: -2.297553295452891e-08 - -1.1834064106125781e-08 - -1.1965436231203316e-08 - -1.0760501556658753e-08
