Number: 8700
Error: 1.3855521555375622e-13
A1: [0.08043194686626047, -0.18046754859828718, -0.019588595105029676, 0.11962523388999922] - [0.037415103483668465, 0.13359591002549964, -0.13472666175872844, -0.03628630134343341] - [-0.0017031178102509625, 0.2281898177157903, -0.12282868100514252, -0.10365920894214217] - [0.038863653113940966, -0.11448060104217994, -0.04641602297756851, 0.12203464637769616]
A2: [0.035307521554449973, -0.029273397086652997, -0.07569727532050166, 0.06966348989566504] - [0.10289288122860972, 0.28289582444396894, -0.39260723716589596, 0.0068150855728341] - [-0.011187248098586485, 0.5390144416960444, -0.35945115568048, -0.16837662063080208] - [0.09786281063037361, 0.01746332776901221, -0.16885099983127405, 0.0535248901632005]
B1: 1.4142132386898104e-07 - 5.19727504544021e-07 - 2.3896745566772646e-07 - 1.8447954242970432e-07
B2: -2.3634543961691225e-07 - 2.1292587547205634e-07 - 1.4163192428457848e-07 - -3.4305370316340105e-07
