Number: 6523
Error: 7.710365510033893e-16
A1: [0.08043168585366495, -0.1804678095816004, -0.01958885580565593, 0.11962497290711445] - [0.03741557254306491, 0.1335963787299114, -0.13472619363414565, -0.036285832543969214] - [-0.0017027965141620481, 0.22819013900492047, -0.12282836017952005, -0.1036588877318411] - [0.03886320482473994, -0.11448104807372114, -0.046416470981295005, 0.12203419836695235]
A2: [0.03530744211284665, -0.029273476748032993, -0.07569735085295758, 0.06966340675174762] - [0.10289373242002911, 0.28289668285957026, -0.3926064139031881, 0.00681597689275039] - [-0.011187098746483614, 0.539014591939058, -0.35945101431498744, -0.16837646325379768] - [0.09786280095368924, 0.01746331804837544, -0.16885100904291386, 0.053524880005889175]
B1: -3.0171549689358115e-09 - 4.671636533703567e-10 - -2.9977265564513064e-09 - -2.6054614533668695e-10
B2: 1.183422072796211e-09 - -1.06573685165989e-08 - 2.212475001199712e-08 - -1.702066738818144e-08
