Number: 1509
Error: 5.251420676065046e-09
A1: [-0.007298034256162063, -0.015105386369300058, 0.0028819266875071696, 0.019340914852484088] - [0.06650861105601759, 0.18957831205602232, -0.14706397649164094, -0.11021627718730909] - [-0.11248657800477203, 0.44188203027167794, -0.07068646828982066, -0.25799277446974306] - [-0.023364494399868853, 0.015348678664475672, -0.029929625418803944, 0.03891694275571942]
A2: [0.13167995865976642, -0.2245361188886915, 0.022758530539079013, 0.0702524164943557] - [0.032577782970459095, 0.20368180928121662, -0.11495647645280183, -0.12152453732831553] - [-0.09464754948290872, 0.5555152770434274, -0.23522736012749598, -0.22566018432495388] - [-0.0207222253878512, -0.01917218608526799, 0.00822189964304619, 0.032282536856703264]
B1: -2.17588800003562e-05 - -0.00018597220967252258 - 1.9050053889972016e-05 - -2.8606869335652547e-05
B2: -0.00011681019170678439 - -8.346602700983143e-05 - -2.1157582513112562e-06 - -0.0002394122554845648
