Number: 3140
Error: 7.738468995266511e-06
A1: [0.05814316629439252, -0.05325178457716679, -0.028799364240669457, 0.00259647383751775] - [0.04332092813266761, 0.19083306770119468, -0.14299155058866386, -0.09304275030817412] - [-0.12914251888559655, 0.40900247765735925, -0.11074431976062458, -0.19284452169995003] - [0.033132946341142694, 0.014928601383771051, -0.03744369279588844, -0.026910990743737085]
A2: [0.07530163439363455, -0.16171562476126838, 0.09801093913019376, 0.035420321092715576] - [0.03519855388915453, 0.20610505477470084, -0.09579166001626692, -0.12211456374915763] - [-0.10004670071307796, 0.5071609130968833, -0.23228830255641666, -0.20151530739698068] - [-0.03647609240160311, 0.008068617951178863, -0.06083914378110894, 0.04655656464717707]
B1: 0.008411435674963982 - 0.0007289623305594094 - 0.004193426650321496 - 0.001142818315866852
B2: 0.00023743770771593757 - 0.0034061408879215477 - 0.0008828470471518423 - 0.0018087496621166602
