Number: 7462
Error: 8.239526810644029e-16
A1: [0.08043173490826756, -0.18046776053255995, -0.019588806809715437, 0.11962502195611051] - [0.037415640131720995, 0.13359644626741124, -0.1347261261801605, -0.03628576499275548] - [-0.0017027711120171376, 0.22819016440652043, -0.12282833481456779, -0.10365886233647137] - [0.03886328285101307, -0.11448097026642573, -0.046416393004751894, 0.12203427634472412]
A2: [0.03530743689414645, -0.029273481981156653, -0.07569735581483562, 0.06966340128980938] - [0.1028937628876955, 0.28289671358582813, -0.39260638443524937, 0.006816008796856071] - [-0.011187038805068078, 0.539014652237984, -0.3594509575790839, -0.16837640009149038] - [0.09786283022007478, 0.017463347447884924, -0.16885098118319633, 0.05352491072605184]
B1: -1.7372834443174738e-09 - 1.5977777429184525e-08 - 1.6478293107747297e-08 - 1.426569283924864e-08
B2: 2.70902050118026e-09 - 5.167965119860498e-09 - 4.804513715933846e-09 - 3.271461183100437e-09
