Number: 3031
Error: 2.1908342769686994e-08
A1: [0.063238664037137, -0.048066960869637534, -0.023637756453716553, 0.0076577218264863986] - [0.04388887338879052, 0.19149002600257542, -0.1423287648697574, -0.09225981175307653] - [-0.12344358515447808, 0.41486984424332185, -0.10485010727482824, -0.18706134958128592] - [0.037443869043922384, 0.019608559110924403, -0.03269734777317557, -0.022620449741581023]
A2: [0.06335312113133365, -0.17377627378847987, 0.08623945663085844, 0.023868353432675755] - [0.02891889342321711, 0.1999333092038055, -0.10207997346468316, -0.12823696390715078] - [-0.09392437167617536, 0.5131741977616071, -0.22612264514126934, -0.1955931699592057] - [-0.026019592524890015, 0.01842207227985457, -0.0503874423611031, 0.05688939822643977]
B1: -0.0003340944086859468 - 8.582259781693207e-07 - -1.8767425990427745e-05 - 0.0002558744759534391
B2: -3.3187972258472685e-05 - -0.0004741340136944559 - 0.00036246353622319165 - -0.0003037583836098737
