Number: 3755
Error: 6.383346375193362e-16
A1: [0.06621316148781774, -0.11395209945206479, -0.02398397045822784, 0.07172284798957149] - [0.037402639743714834, 0.18819339582052258, -0.1474089196309346, -0.07818698302717683] - [-0.06022935642842928, 0.3289508144340043, -0.12775309510694136, -0.1409683077110765] - [0.03904631737825501, -0.053322535870985906, -0.037418437300377444, 0.05169527226728222]
A2: [-0.009108567649817115, -0.3468031768371807, 0.24945509852894773, 0.1064566884205558] - [0.08003980084538939, 0.036282230125593694, -0.05025013949758555, -0.06607198696403799] - [-0.04245286042690746, 0.23083184587209282, -0.040531289449012194, -0.14784788428296822] - [0.06813471346401412, -0.2934679241286132, 0.1417711698597593, 0.08356178722399518]
B1: -7.541071593193896e-09 - 1.184357136187004e-08 - 3.0192169441371783e-08 - -1.8736897109649316e-08
B2: -5.017868912167996e-09 - -1.0356221401012781e-08 - 1.219228632874068e-08 - 4.024465399573375e-09
