Number: 8500
Error: 1.0858230499859851e-15
A1: [0.08043168751439159, -0.18046780792105246, -0.01958885414695561, 0.11962497456764824] - [0.037415483592153465, 0.1335962898463434, -0.13472628240765852, -0.03628592144552791] - [-0.0017028146826817223, 0.22819012083677082, -0.12282837832145838, -0.10365890589550944] - [0.03886320835480171, -0.11448104455351037, -0.046416467453461986, 0.12203420189486187]
A2: [0.03530722208497901, -0.02927369738436963, -0.07569756005316207, 0.06966317646925538] - [0.10289375180379762, 0.28289670240790643, -0.39260639515541407, 0.006815997190370239] - [-0.011186940570814322, 0.5390147510581038, -0.35945086459788356, -0.1683762965790181] - [0.09786282579747228, 0.017463343005149, -0.16885098539318227, 0.053524906083694375]
B1: -6.461058355468062e-08 - 4.972630570479348e-08 - -2.2733903391189864e-08 - 2.8314895026752062e-08
B2: -1.9746766655035277e-08 - 1.052519142250968e-09 - -3.6416176267685754e-08 - 1.1433496528683652e-08
