Number: 8873
Error: 0.00024516159101897706
A1: [0.07469059441304018, -0.1853894672350816, -0.025863531430590593, 0.11441299044066346] - [0.030807442947753706, 0.12798998153317992, -0.14066089702382417, -0.0425869939505283] - [0.002469728234233572, 0.23276663904727665, -0.11835502467487274, -0.09936669727554732] - [0.0427906997895583, -0.10960273192561062, -0.043350688289567244, 0.12656195527997713]
A2: [0.07706899503415361, 0.012592285317519228, -0.03566380939265145, 0.11344920146148908] - [0.11643460940941738, 0.2966696926001911, -0.37855443266942235, 0.020955899366382813] - [-0.012388266577679104, 0.5365585438986834, -0.3612187330899853, -0.16940054720576134] - [0.11331861884068187, 0.033283611351319575, -0.15375049998522336, 0.06977616227120312]
B1: 0.013098167359353933 - 0.0096926157791044 - 0.006856258904386476 - 0.003904109082151849
B2: -0.0025440624767593834 - -0.0022011865705199724 - -0.011005560071683304 - -0.007747812510878464
