Number: 5025
Error: 1.2127197751371184e-15
A1: [0.06621317432869468, -0.11395208689812221, -0.02398395762741144, 0.07172286080890575] - [0.037402635848707545, 0.1881933920991483, -0.14740892345999151, -0.07818698685659972] - [-0.060229433427047625, 0.32895074048098843, -0.12775317045325713, -0.1409683826519402] - [0.03904621226309791, -0.05332263564209057, -0.03741853899557587, 0.051695171397784005]
A2: [-0.009108706570344132, -0.34680332420983084, 0.2494549584843485, 0.10645654277022085] - [0.0800398113933278, 0.03628224148881806, -0.05025012796914539, -0.0660719753377496] - [-0.04245285028478026, 0.23083185706575307, -0.04053127858003197, -0.1478478730659814] - [0.06813474957078884, -0.29346788437334753, 0.14177120900287707, 0.08356182770651867]
B1: -2.790605638215689e-08 - 6.235979599412433e-09 - 1.5706390942288562e-08 - 6.989310526784891e-09
B2: -1.11173270627266e-08 - -2.0139531954964148e-08 - -7.891215420193999e-09 - -8.5838970611806e-09
