Number: 9085
Error: 4.7008762106748885e-05
A1: [0.0265309519935052, -0.1769739901726833, -0.054419844174821375, 0.0932972482152635] - [-0.02458988893361436, 0.09928518542030376, -0.14515036761111333, -0.05427309832931641] - [-0.023997847175097623, 0.21553656287569475, -0.13206052083122707, -0.08745132452401148] - [0.001578387694996909, -0.12679692064649284, -0.0749335164269455, 0.09572028771225614]
A2: [0.101776631507193, -0.06050751935811434, -0.10536617462750915, 0.12070300427649183] - [0.07189980292773002, 0.21167461565901693, -0.43978951115797144, 0.008024915098310052] - [0.004373545417127957, 0.43139997090076637, -0.4118164238665073, -0.15447953930133457] - [0.10589965093877582, -0.08212573412747777, -0.24042949552960025, 0.0641566700983639]
B1: 0.008706017076180605 - 0.004346627083039501 - -0.010373549455421115 - -0.005618242768126344
B2: 0.007146044988295803 - 0.005364549708556914 - -0.013019018947465974 - 0.005283740453840422
