Number: 787
Error: 6.031548585507075e-13
A1: [-0.012152560141959274, -0.014516313809723458, 0.0180882048788268, 0.008583988243227985] - [0.06583616901860603, 0.18949615897949365, -0.1453216050013149, -0.11000752128648754] - [-0.09629037192299841, 0.42178870145182107, -0.05345440114970231, -0.27203258613580633] - [-0.0013243269006680165, -0.018221963303317445, -0.0038381196023157507, 0.023373476456980652]
A2: [0.16158610937283205, -0.16775537318833236, 0.008500734780254125, -0.0023336655561734705] - [0.035486124670466024, 0.20751711647203142, -0.1172100247524289, -0.12579163712721703] - [-0.08621429062857808, 0.5815373911191548, -0.23538945246482315, -0.2599362955893828] - [-0.0038349067166071516, -0.004519230230761155, 0.0011103168382100995, 0.007243450732377979]
B1: -6.718307145717267e-07 - -1.708451190728332e-07 - -8.414482512742414e-07 - -3.703143283359707e-07
B2: 3.984287121520468e-07 - -5.555670012777023e-07 - 1.4712421410770807e-06 - -1.8572872294096164e-06
