Number: 7898
Error: 1.1240322514320336e-15
A1: [0.08043167433851627, -0.1804678210954555, -0.019588867307036364, 0.11962496139328066] - [0.03741562482543756, 0.13359643097270443, -0.13472614145593034, -0.036285780290555424] - [-0.0017028266900880132, 0.22819010882963112, -0.1228283903112592, -0.1036589178997083] - [0.03886323285661827, -0.11448102012052337, -0.04641644296728336, 0.12203422638140428]
A2: [0.03530748554976857, -0.029273433190951586, -0.07569730955361145, 0.06966345221311954] - [0.10289371905830402, 0.28289666938446817, -0.3926064268264738, 0.006815962901102296] - [-0.011187226906316622, 0.5390144630148078, -0.35945113562120407, -0.16837659830012508] - [0.097862755926959, 0.017463272816843078, -0.16885105190549454, 0.05352483274253835]
B1: 3.568645066447386e-08 - 2.0152052389664088e-08 - -3.3381814488941465e-08 - 4.487037947303521e-09
B2: 1.4779522133290473e-09 - 1.4104132323754906e-08 - 9.802756977939752e-09 - 5.417937912662155e-09
