Number: 5318
Error: 1.2839286399417927e-15
A1: [0.06621317959999315, -0.11395208174461977, -0.023983952360266618, 0.07172286607132818] - [0.037402628306327276, 0.18819338489299756, -0.14740893087466897, -0.07818699427193972] - [-0.060229363228367055, 0.32895080790266884, -0.12775310176112287, -0.14096831432918439] - [0.03904605008689984, -0.05332278957374776, -0.03741869589574261, 0.05169501577153849]
A2: [-0.00910849811123727, -0.3468031030677309, 0.24945516862973563, 0.10645676132785367] - [0.0800399294116619, 0.036282368628229984, -0.05024999898194231, -0.06607184525538003] - [-0.042452844624459515, 0.23083186331282035, -0.04053127251425863, -0.14784786680583373] - [0.06813478160469363, -0.29346784910277035, 0.14177124373046784, 0.08356186362235178]
B1: -3.043130926427695e-08 - -3.261166323156153e-08 - 2.4526879095710038e-08 - 1.1871380729366763e-08
B2: -1.6068354941347646e-08 - -1.2454487438821502e-08 - -8.779935216215962e-09 - -5.3898727109413046e-08
