Number: 1493
Error: 4.8175650332989596e-09
A1: [-0.007869695126593355, -0.015682345010766107, 0.002287627522840993, 0.01875376589564768] - [0.06664798016310548, 0.18971241655977342, -0.14691990639283903, -0.11006122023510555] - [-0.11244438711027407, 0.44192356113182335, -0.07064236811189457, -0.2579468506268824] - [-0.023765754286293312, 0.01495443816877897, -0.030339121886728857, 0.03849332964942737]
A2: [0.13176976561436496, -0.22444762144421376, 0.022847253463705655, 0.07034015352174978] - [0.03271291395603788, 0.20381483871242698, -0.11482188480535124, -0.12139226345527512] - [-0.0945152117449742, 0.555645586707516, -0.23509700780183065, -0.22553017689715454] - [-0.020855090363421088, -0.019303253438114107, 0.008090325182999836, 0.03215471215085404]
B1: -2.4329521412898152e-05 - -8.637854229049031e-05 - -8.856896114304919e-05 - -4.623920363084917e-05
B2: -0.00020050461306581047 - -4.6088139363196205e-05 - -0.00016339070821032702 - 0.0003432194635996261
