Number: 4501
Error: 1.7909871656349274e-15
A1: [0.06621319123082252, -0.11395207037373971, -0.023983940738572258, 0.07172287768265255] - [0.03740263812601064, 0.1881933942749255, -0.14740892122123886, -0.07818698461764619] - [-0.06022970169405729, 0.3289504828252925, -0.12775343296354277, -0.14096864375044407] - [0.039046241512296284, -0.053322607879926626, -0.03741851069804872, 0.05169519946559959]
A2: [-0.009108392866497877, -0.34680299141953447, 0.24945527472629317, 0.10645687167119366] - [0.0800398101684029, 0.03628224016919017, -0.05025012930801248, -0.06607197668793202] - [-0.04245282275073507, 0.23083188745391298, -0.040531249073597786, -0.14784784261442133] - [0.06813461743114435, -0.29346802986479736, 0.14177106575090145, 0.08356167955365043]
B1: -7.884170269056636e-08 - 1.4054149409098326e-08 - 3.882049383431902e-08 - -2.1560087557021655e-08
B2: -1.3499178501799031e-08 - -3.298834703101477e-08 - 4.902541341027095e-08 - -4.318606313222178e-08
