Number: 2289
Error: 0.00028994463332509315
A1: [0.028113279425695702, -0.07407639936493929, -0.051076089523647755, -0.022060817803108933] - [0.087539671677877, 0.22971253003870698, -0.10420525172978494, -0.0489696025163165] - [-0.12572194339348422, 0.42412689938304776, -0.09930042381519504, -0.18048148256380206] - [-0.003825985123579378, -0.007474422812626551, -0.0571340756154345, -0.05399030256481741]
A2: [0.03459807539036713, -0.20725652568330374, 0.06153218036254495, -0.005376342566156279] - [0.05089602623665493, 0.22206001579409398, -0.07889175886984272, -0.10696167124317968] - [-0.07623111087999733, 0.5380893368035526, -0.20291442070785137, -0.18047533871175464] - [0.013062880016085732, 0.0630268177485672, -0.009548348723464058, 0.09453690318450388]
B1: -0.009853622834150037 - 0.016228702001320754 - -0.014227098846772122 - 0.01927382964665087
B2: -0.01549940587007972 - -0.024724841113306403 - -0.0011564531417214627 - -0.006586416436818173
