Number: 2631
Error: 1.202482813396042e-07
A1: [0.06244836534923363, -0.04885253115849631, -0.02441910033122075, 0.006880018330102977] - [0.04345754550026646, 0.19107267967151348, -0.1427748696363357, -0.09273651895777006] - [-0.12454592211374543, 0.4137703171366641, -0.1059559842275045, -0.18816348388500348] - [0.03576718435594544, 0.017933119830815837, -0.03436367257069545, -0.024275583302545346]
A2: [0.06328173302607151, -0.1738478336130933, 0.0861700166640688, 0.023802356543614255] - [0.029648027483791018, 0.20065153170199237, -0.1013536232671716, -0.12752282024875147] - [-0.09324769104994239, 0.5138416178746423, -0.22544549049988408, -0.19494080707594316] - [-0.025158022960859, 0.019289008546183633, -0.04952268719486331, 0.05772542584150429]
B1: 0.0004248328162907239 - 4.7020081740430905e-05 - 0.00014141012568282823 - -0.00012940962155924034
B2: 0.00026565302650936217 - 0.0006131690053989241 - 0.0002639659609572594 - 0.00028894345300422224
