Number: 1385
Error: 4.38405105889715e-10
A1: [-0.007307128726053665, -0.015114420145951392, 0.0028728403313590554, 0.019331952439683713] - [0.06679919678419804, 0.18985792459773168, -0.14676360529432775, -0.10989296604152188] - [-0.112696249053406, 0.44167661816090825, -0.07090502869405801, -0.25821990601482825] - [-0.02355668396714891, 0.015160044475029636, -0.03012597275760135, 0.03871379622105714]
A2: [0.131543404837718, -0.22467059688029728, 0.02262461015736878, 0.07011870608936872] - [0.03254168913419822, 0.20364637098388239, -0.11499241788547632, -0.12155973651939811] - [-0.0945359704949025, 0.555625322142231, -0.23511700472648478, -0.22554990918410367] - [-0.0210748739370866, -0.019519899155359816, 0.007872555521586421, 0.03194384120235659]
B1: -6.0901435505315565e-06 - 2.2890642675464603e-05 - -2.8774737987739108e-05 - 1.4616872737919676e-05
B2: -1.779679829354989e-05 - -1.3149666829299283e-05 - 9.104458598339838e-07 - 2.6775483144846918e-05
