Number: 922
Error: 1.5439708550480761e-09
A1: [-0.012165436291184004, -0.014529682596502804, 0.018073918450117427, 0.00857013758149316] - [0.06586025995986851, 0.18951932542789965, -0.1452966911108584, -0.1099807009869796] - [-0.09616350923613319, 0.42191122708794815, -0.05331677784474979, -0.27188484963797893] - [-0.001109844425198951, -0.01801563194576515, -0.0036098027252411424, 0.023621530045093705]
A2: [0.16164145206308347, -0.16770092340163914, 0.00855504765280123, -0.0022795360009025562] - [0.03547332124609215, 0.20750451739016515, -0.11722277022435718, -0.1258041701874839] - [-0.08619975180668725, 0.5815517633878781, -0.23537522073183997, -0.2599219900145028] - [-0.003936617077675862, -0.004619189849827125, 0.0010096896839394474, 0.007146146732183416]
B1: 7.340813102265948e-05 - 3.637095458509567e-06 - 2.9712681919370644e-05 - -3.5684933816855276e-05
B2: 2.143995270994458e-05 - 1.4581022037106848e-05 - -1.1780063099909913e-05 - -5.1333181103171506e-05
