Number: 985
Error: 0.0003179803109465562
A1: [0.008157936875313864, 0.005955798610273985, 0.03803406201499054, 0.0306357575515233] - [0.046847831217740145, 0.17113159103157477, -0.1650338255088592, -0.13101374225748724] - [-0.04744109759043424, 0.469212516282678, -0.003975306267995098, -0.21529133170845044] - [0.05171802999662438, 0.03311492105791321, 0.049018310873159006, 0.0848389198545274]
A2: [0.14443513914100908, -0.1869973633203929, -0.006761006212337987, -0.018276087448074716] - [0.037431177306610434, 0.20898703170605135, -0.11501923626263713, -0.12381832524736137] - [-0.08414027150379588, 0.5807125670286167, -0.23165714463621415, -0.2570110225108117] - [0.004290246198291729, 0.0023102404004263625, 0.01021325732975038, 0.01568401994114819]
B1: 0.0019165856058428383 - 0.0009761137315378013 - -0.004970844762714285 - -0.006220119505614733
B2: -0.020521692115188686 - -0.00025610703792648334 - -0.02276238011836297 - -0.01753332166971277
