Number: 7255
Error: 8.869654740476054e-16
A1: [0.08043167814075589, -0.18046781729363523, -0.01958886350933943, 0.11962496519508702] - [0.03741557915211083, 0.1335963853339586, -0.1347261870382629, -0.03628582593858277] - [-0.0017028327844043555, 0.22819010273545243, -0.12282839639665019, -0.10365892399239914] - [0.038863222179835615, -0.1144810307673308, -0.04641645363726062, 0.1220342157112595]
A2: [0.03530746576629336, -0.029273453029163923, -0.07569732836355615, 0.0696634315076295] - [0.10289377425581002, 0.2828967250504196, -0.3926063734401594, 0.006816020700929295] - [-0.011187075847806937, 0.5390146149743006, -0.3594509926408735, -0.16837643912469183] - [0.09786282509392703, 0.017463342298416337, -0.16885098606296517, 0.05352490534527001]
B1: -6.042691215181664e-10 - 5.88530679640247e-09 - 3.594064575382729e-10 - 1.4352742787134225e-09
B2: 3.5456719730459616e-09 - 5.262979966090165e-09 - 1.7909625426154458e-09 - 4.042345658262716e-09
