Number: 7026
Error: 1.1882278151115627e-15
A1: [0.08043170803526592, -0.18046778740251074, -0.01958883365057469, 0.11962499508618289] - [0.03741559013276426, 0.13359639630629894, -0.1347261760794921, -0.03628581496401334] - [-0.0017027943215540214, 0.2281901411974784, -0.12282835799012237, -0.10365888553981838] - [0.03886319584419704, -0.11448105702905963, -0.0464164799561159, 0.12203418939199052]
A2: [0.035307450373255285, -0.02927346846477568, -0.0756973429990593, 0.06966341539715702] - [0.1028937216845307, 0.2828966720329635, -0.3926064242864245, 0.006815965651125398] - [-0.011187121402883988, 0.5390145691475094, -0.35945103575975856, -0.16837648712765557] - [0.09786280042730199, 0.017463317519593086, -0.1688510095439992, 0.05352487945335283]
B1: 4.462309847343698e-09 - -1.015150282063823e-08 - -4.4629023660571096e-09 - 1.0845201148016914e-09
B2: 8.19341963737972e-09 - -5.973655657345618e-09 - 1.8956815839192112e-08 - -3.1400107637710355e-08
