Number: 7543
Error: 9.553563471952375e-16
A1: [0.08043173343854255, -0.1804677620021198, -0.019588808277683424, 0.11962502048655198] - [0.03741561134082904, 0.13359641749830892, -0.134726154913686, -0.03628579376769986] - [-0.001702746064124766, 0.2281901894538767, -0.12282830980335024, -0.10365883729526577] - [0.038863260775857666, -0.1144809922796314, -0.04641641506584112, 0.12203425428328733]
A2: [0.03530738315307126, -0.029273535870869085, -0.07569740691120683, 0.06966334504398898] - [0.10289369615104271, 0.28289664628278205, -0.3926064489820917, 0.006815938913864457] - [-0.01118718831708688, 0.5390145018342039, -0.35945109909557066, -0.1683765576374047] - [0.09786273735124268, 0.017463254156631983, -0.1688510695883758, 0.053524813244081405]
B1: 1.5481401979306516e-08 - -6.007669991665519e-11 - 7.571037875395687e-09 - 5.979883189599296e-09
B2: 1.3503166367725446e-09 - -1.5126528176520093e-08 - 2.102096252003831e-08 - -1.2899534086125435e-08
