Number: 4507
Error: 9.011208527524708e-16
A1: [0.06621314311155878, -0.11395211741770242, -0.023983988820074256, 0.07172282964413974] - [0.037402584357882386, 0.1881933429031209, -0.14740897407943418, -0.07818703748052118] - [-0.060229443732815365, 0.3289507305829403, -0.12775318053783608, -0.14096839268238093] - [0.039046080381662386, -0.05332276081910965, -0.03741866658659497, 0.05169504484281241]
A2: [-0.009108474596541157, -0.3468030781222758, 0.24945519233500021, 0.10645678598174274] - [0.08003979901001086, 0.036282228148408605, -0.05025014150349506, -0.06607198898696943] - [-0.042452826905411724, 0.2308318828685589, -0.040531253525911776, -0.1478478472093298] - [0.06813471962338999, -0.29346791734678207, 0.14177117653705373, 0.08356179412991632]
B1: -4.801596864551912e-08 - 4.299370555733696e-09 - 4.7363503237987516e-09 - -2.137825336598286e-08
B2: 3.234380087173991e-09 - -7.558471071690837e-09 - -7.263605030339448e-08 - 7.304671498436787e-09
