Number: 4053
Error: 1.0619257519569618e-15
A1: [0.06621317754124494, -0.11395208375737813, -0.023983954417386388, 0.07172286401606834] - [0.0374026357446171, 0.18819339199966625, -0.14740892356234145, -0.07818698695893744] - [-0.060229415290272564, 0.3289507579004419, -0.12775315270564586, -0.1409683649999791] - [0.03904610358637707, -0.05332273879410016, -0.03741864413682816, 0.05169506711028851]
A2: [-0.009108580234464087, -0.3468031901875413, 0.24945508584245826, 0.10645667522623556] - [0.08003983665842959, 0.036282268706505326, -0.050250100355957436, -0.06607194749005421] - [-0.042452966408661634, 0.23083172890402026, -0.040531403023264155, -0.14784800149482677] - [0.06813482229477354, -0.2934678043011317, 0.14177128784283125, 0.08356190924347746]
B1: 7.487641486180537e-09 - 2.8870209974348353e-10 - -4.7970843847436134e-08 - 2.5741194852349086e-08
B2: -4.0565381841231544e-09 - 2.9908801763778244e-08 - -1.4727223493170638e-08 - -2.6872319826847725e-08
