Number: 2829
Error: 4.679926631452325e-09
A1: [0.06326200162500534, -0.048044028878923506, -0.023614576105645373, 0.007684067633672286] - [0.04357835581689982, 0.19119027437394476, -0.1426502119460311, -0.09260345467495334] - [-0.12372681294533559, 0.4145794798367629, -0.10514266345966354, -0.18735592562040604] - [0.036640079698115446, 0.018802697472206212, -0.03349607945255556, -0.023413990876766683]
A2: [0.06356180612434131, -0.1735660476105261, 0.08644303602975667, 0.024076160394276812] - [0.02924309672656047, 0.20025256613977155, -0.10175672450078523, -0.12791875934217953] - [-0.09306205377754263, 0.5140233382127278, -0.2252573508275992, -0.1947609347091465] - [-0.025715830629978467, 0.018730865318873084, -0.05007552600817683, 0.05718333285316788]
B1: 8.633648880309894e-05 - -7.997172155573635e-06 - 0.00011072761047994619 - 0.00014545485872064336
B2: 4.2147474540102744e-05 - 0.00017247719952840523 - 5.8464877450739564e-05 - -4.86046038133099e-07
