Number: 3877
Error: 8.575203563657319e-16
A1: [0.06621314860965075, -0.11395211204244063, -0.023983983326281617, 0.07172283513302512] - [0.03740255638798726, 0.18819331617979618, -0.14740900157599687, -0.07818706497949142] - [-0.060229442623199174, 0.3289507316486968, -0.1277531794520363, -0.1409683916025166] - [0.03904609759175487, -0.05332274448395303, -0.03741864993641333, 0.05169506135780024]
A2: [-0.009108595906499173, -0.34680320681312643, 0.24945507004362635, 0.10645665879494759] - [0.08003982504985281, 0.03628225620074351, -0.050250113043465265, -0.06607196028530357] - [-0.0424528701347322, 0.23083183515793473, -0.04053129985229398, -0.14784789501947024] - [0.0681347297675042, -0.2934679061777344, 0.14177118753433077, 0.08356180550324305]
B1: -1.9945655685547788e-08 - -2.6996478304504926e-08 - -3.6499422965932213e-09 - 1.3719568820482823e-08
B2: 3.686433637307246e-09 - -5.5266963745147924e-09 - -5.7644885800635974e-08 - 4.973355405053687e-08
