Number: 9316
Error: 5.885959437484695e-11
A1: [0.053214252677692496, -0.14795955569986827, -0.026957385449656354, 0.12186954260153741] - [0.005161825691277094, 0.13068464998804333, -0.1137526068784991, -0.02270187479776778] - [-0.014321279704756985, 0.22321485587876919, -0.12691807463818433, -0.08148268688139298] - [0.027094481752603095, -0.10007201490813619, -0.04947658971671399, 0.12224600629667838]
A2: [0.08927388078597244, -0.0728939877143751, -0.12360844405707028, 0.10730604188891467] - [0.10889562685172231, 0.24986809613581376, -0.40479246305294764, 0.04624428777785729] - [0.03664245090166258, 0.46256160263082685, -0.3777110919566747, -0.12146668405653305] - [0.1434157850121206, -0.04461724127814871, -0.20150993887259366, 0.10266905172174859]
B1: -4.1364328704512664e-05 - -6.637052137029995e-07 - -2.4113010196569415e-06 - 1.6722502635533808e-05
B2: -1.830486944467564e-05 - 4.80428090239021e-06 - 3.827835194875153e-06 - -2.4974576195335004e-05
