Number: 6955
Error: 8.176800815772391e-16
A1: [0.08043167437099419, -0.1804678210629694, -0.01958886727459395, 0.11962496142575615] - [0.03741559579180998, 0.13359640196106087, -0.13472617043172236, -0.0362858093081027] - [-0.0017028089132604582, 0.2281901266060825, -0.1228283725604632, -0.10365890012763061] - [0.038863238229238026, -0.11448101476296758, -0.04641643759808381, 0.12203423175068814]
A2: [0.035307387175787956, -0.029273531837038368, -0.07569740308640928, 0.0696633492541568] - [0.10289383057670412, 0.2828967818493141, -0.39260631896733367, 0.006816079677137764] - [-0.011187206142089656, 0.5390144839028718, -0.3594511159672617, -0.16837657642031473] - [0.09786279138932939, 0.017463308440509764, -0.16885101814756434, 0.05352486996642372]
B1: 3.9823791678842415e-08 - -1.5114208788848294e-08 - -4.873525018696179e-10 - 1.1874892892762632e-08
B2: -1.5079589113218073e-09 - 1.2785427452659017e-08 - 1.9178495675700003e-08 - 9.922021511312505e-09
