Number: 4707
Error: 1.2980224791204158e-15
A1: [0.06621314360224187, -0.11395211693798078, -0.02398398832978523, 0.07172283013398034] - [0.037402572725687554, 0.18819333178935554, -0.1474089855147821, -0.07818704891687756] - [-0.06022958632093654, 0.32895059363474866, -0.12775332006627718, -0.1409685314602355] - [0.03904609871008268, -0.05332274342250536, -0.037418648854483025, 0.05169506243090366]
A2: [-0.009108260269421548, -0.3468028507550346, 0.24945540839615096, 0.10645701069167424] - [0.08003994967955641, 0.036282390462597076, -0.050249976830323576, -0.06607182291555687] - [-0.04245270319539954, 0.23083201940240242, -0.040531120953486544, -0.14784771039097158] - [0.06813510052506899, -0.29346749795805427, 0.14177158947056226, 0.0835622211903057]
B1: -8.145686560784147e-08 - 7.82797685904023e-08 - -1.027732247233262e-09 - 6.913469842784612e-08
B2: 1.1792820200861428e-08 - 9.829677805394378e-09 - -4.4426873765853575e-08 - 4.8755905400900604e-08
