Number: 1584
Error: 8.685577046891112e-08
A1: [-0.00786572264259787, -0.01567736666785268, 0.0022926430342312216, 0.018757447727182585] - [0.06620870378799304, 0.1892896225274326, -0.14737401790537735, -0.11054989013621111] - [-0.11463490603421696, 0.43977562924318236, -0.0729246678894848, -0.2603191371665301] - [-0.024851841897781314, 0.013885745855495084, -0.031448773927371804, 0.037346376495421316]
A2: [0.13189578869647034, -0.22432496499425034, 0.0229700021681577, 0.07046076834466784] - [0.03267021975039765, 0.2037727378378053, -0.11486416073589983, -0.12143385230367557] - [-0.09477783331502136, 0.5553876462987248, -0.23535522268079762, -0.22578829887337945] - [-0.020324614810432486, -0.018781796960755173, 0.008614922173416294, 0.03266180967493042]
B1: 6.603593297260034e-06 - 1.5302328317313058e-06 - -0.00011220022028219016 - 9.858181299231762e-05
B2: 0.0007362994536457639 - -0.0008103349666025089 - -0.0007908802448932963 - 0.00026145092127436353
