Number: 5783
Error: 6.505355443497027e-05
A1: [0.10323955375104601, -0.1591824085544844, 0.001804787935086486, 0.1414131886250108] - [0.07222536922313667, 0.16522895096744142, -0.10330695465313046, -0.0038613342343116297] - [0.013759849993248537, 0.24466342011237446, -0.1071054102090494, -0.08802366490628453] - [0.035251435084078936, -0.11605623780199759, -0.04774285953685587, 0.11996690222447517]
A2: [0.005433719043284429, -0.05992654318197234, -0.10238725610281801, 0.04039199653331389] - [0.10434496188118843, 0.2844588949263894, -0.39210471381409395, 0.007503280790148873] - [0.002658927148870902, 0.5539532651932847, -0.3464088355988352, -0.15551031035676474] - [0.10177274259871666, 0.021848409008400307, -0.16472087151740028, 0.056997349421603366]
B1: 0.0036946438712410165 - -0.0002509257990912163 - 0.010999799499866698 - 0.008244410058745079
B2: 0.00422374171743367 - 0.015254464471988704 - -0.0007131656875061197 - -0.018668743153116025
