Number: 7174
Error: 9.404332916262634e-16
A1: [0.0804317116889323, -0.18046778374925934, -0.019588830001279325, 0.11962499873943074] - [0.037415615201603504, 0.13359642135616548, -0.13472615106060343, -0.03628578990906106] - [-0.001702830715972861, 0.22819010480384386, -0.12282839433124149, -0.10365892192451712] - [0.038863266137654666, -0.11448098693287538, -0.04641640970745577, 0.12203425964175663]
A2: [0.035307555847185694, -0.029273362699121685, -0.07569724271576778, 0.06966352578703186] - [0.1028937221357783, 0.2828966724880423, -0.3926064238499823, 0.0068159661236516286] - [-0.011187215743769631, 0.5390144742439249, -0.35945112505548166, -0.1683765865379109] - [0.09786279718511988, 0.017463314262662878, -0.1688510126303488, 0.05352487605011705]
B1: 5.4830599745139884e-08 - -2.223892447934172e-08 - -2.778060145223728e-08 - 1.2234080130214813e-08
B2: 6.3862873213748754e-09 - 5.7868173415296e-09 - -1.5898677879348785e-08 - 1.3314766724098599e-08
