Number: 9382
Error: 4.534130841425227e-11
A1: [0.0531621765860336, -0.14801164650630072, -0.027009408516513657, 0.1218174452888575] - [0.005322032202563322, 0.1308450146415336, -0.1135924331022836, -0.022541439891631283] - [-0.014443971865765513, 0.22309212579687748, -0.1270406749690466, -0.08160542748410629] - [0.027145725199781076, -0.10002077133081295, -0.04942524353801388, 0.12229738593575429]
A2: [0.08922507849411306, -0.07294268707798915, -0.12365614244603144, 0.10725663774486417] - [0.10886525248308082, 0.24983771013201223, -0.4048222311102129, 0.04621340024600278] - [0.03664220494910115, 0.4625613595794055, -0.37771132991457923, -0.12146692965936758] - [0.14346382689428236, -0.04456936760043735, -0.20146302324205234, 0.102717811012803]
B1: -1.3415564606855216e-05 - 9.765770418837669e-06 - -2.397948370837895e-06 - 8.491511345781279e-06
B2: -3.011168370400509e-06 - 3.4628832048066015e-06 - 4.709863832675791e-06 - 2.259947691257263e-06
