Number: 5437
Error: 1.2558280619026663e-15
A1: [0.06621314683654182, -0.11395211377586592, -0.02398398509797816, 0.07172283336289396] - [0.037402679898349236, 0.18819343418575327, -0.14740888015571343, -0.0781869435485028] - [-0.06022952042569625, 0.3289506569230892, -0.1277532555849632, -0.14096846732565688] - [0.03904612990197935, -0.05332271381610635, -0.037418618677106726, 0.05169509236320592]
A2: [-0.00910874937189018, -0.3468033696150771, 0.24945491533608993, 0.10645649789544326] - [0.0800399725302296, 0.03628241507922578, -0.05024995185566401, -0.0660717977291776] - [-0.04245275137857733, 0.23083196622426788, -0.04053117258900126, -0.14784776367993938] - [0.06813478548095585, -0.29346784483492283, 0.14177124793224705, 0.08356186796825507]
B1: 1.9982371036821474e-08 - 6.374540797889135e-08 - 8.931123871409098e-09 - -2.001348823640489e-08
B2: -1.7344869492770558e-08 - 1.9472544370851213e-08 - -2.1399301080790292e-08 - 3.682513494089988e-08
