Number: 8472
Error: 8.814293999173086e-16
A1: [0.08043167514750478, -0.1804678202865392, -0.01958886649904674, 0.11962496220217332] - [0.03741559308143863, 0.13359639925272995, -0.13472617313658178, -0.036285812016922124] - [-0.0017027960779363595, 0.22819013944113267, -0.12282835974393116, -0.10365888729571879] - [0.03886318365306899, -0.11448106918594265, -0.04641649213946625, 0.12203417720846416]
A2: [0.03530740564757897, -0.029273513314117552, -0.0756973855237263, 0.06966336858695057] - [0.1028938166593285, 0.28289676781384576, -0.39260633242792164, 0.006816065103476638] - [-0.011187075867336138, 0.5390146149546124, -0.35945099265930486, -0.16837643914533681] - [0.09786282872027281, 0.017463345941235185, -0.1688509826108587, 0.053524909151675036]
B1: -2.319573195951959e-09 - 4.997671761954456e-08 - 1.6582776737330823e-08 - 1.9578398394836315e-08
B2: -2.3852726934689115e-09 - 5.794800391204556e-08 - -2.1069334230405524e-09 - 2.3374375699067286e-09
