Number: 3485
Error: 1.2568040189344654e-09
A1: [0.06618847392055002, -0.11397623910046872, -0.024008647971303892, 0.07169820266790129] - [0.03739688402062851, 0.1881878924858815, -0.14741456692664548, -0.0781926454230196] - [-0.060403319758134864, 0.32878372877278594, -0.1279233136539893, -0.14113763362650616] - [0.03903868762484232, -0.053329779570429864, -0.03742579537843415, 0.05168795970163044]
A2: [-0.00911919430121165, -0.3468144500907122, 0.24944439005701996, 0.10644557151725507] - [0.08002959507299076, 0.03627123376215137, -0.05026129435393841, -0.06608322638652343] - [-0.042536643793804466, 0.23073934718865247, -0.04062109191850201, -0.14794055584144886] - [0.06813325988291362, -0.2934695216474235, 0.14176961108411576, 0.08356016905450815]
B1: 3.080436431587972e-06 - 5.428154331874525e-05 - -8.65440129598452e-05 - 3.921682409247011e-05
B2: -1.0879376767694324e-05 - -2.3277241397334164e-06 - -5.858304743202277e-05 - -3.3922492437526755e-06
