Number: 1216
Error: 7.023172672391559e-08
A1: [-0.009344627534927591, -0.017167071168643116, 0.0007521153542253976, 0.017236025758092497] - [0.06695413388833553, 0.19000752005499702, -0.14660373015052636, -0.10972040359116146] - [-0.113993456343117, 0.4404084726031921, -0.07225274913923513, -0.25962761335151163] - [-0.0245840679037827, 0.01415455646226103, -0.03116862880136361, 0.037624387910911286]
A2: [0.1324707911331322, -0.22375665024917307, 0.023536474551861943, 0.07102647174513155] - [0.033141089136944975, 0.20423652688304617, -0.1143957341977416, -0.12097411915716849] - [-0.09557929337726309, 0.5545963441329231, -0.236146498129658, -0.2265773396015065] - [-0.02040403410836401, -0.01886100098804734, 0.008538824266532224, 0.03259253919500785]
B1: 0.0006097929966465748 - 0.00016005010935786696 - 0.00032144862522696433 - 0.000747268905999763
B2: -0.0004924131119856398 - 0.0009188416001830334 - 0.00010948404615557532 - 0.0005031946115049258
