Number: 6878
Error: 1.2238518732129005e-15
A1: [0.08043165635222595, -0.1804678390796976, -0.019588885271820643, 0.11962494340904459] - [0.03741556161923299, 0.133596367814348, -0.13472620453621237, -0.03628584346175053] - [-0.00170284082205309, 0.22819009469797133, -0.12282840442253676, -0.10365893202790707] - [0.03886320418173515, -0.11448104871491985, -0.046416471623891356, 0.12203419772434644]
A2: [0.03530747348520588, -0.0292734452889022, -0.07569732102451703, 0.06966343958632329] - [0.10289378210610606, 0.28289673296733897, -0.3926063658474676, 0.0068160289213386955] - [-0.011187126732105484, 0.5390145637865081, -0.35945104080397755, -0.1683764927432378] - [0.0978628231125669, 0.01746334030804485, -0.16885098794909617, 0.053524903265495874]
B1: 1.3131468563617682e-08 - 1.0615157037593597e-08 - -7.2222689824092646e-09 - 8.410979518334629e-09
B2: 2.7209333918310934e-09 - 5.994739859036438e-09 - 2.021023389162151e-09 - 5.180109568038385e-09
