Number: 9918
Error: 1.4124140074762605e-15
A1: [0.053172553381913845, -0.1480012677329452, -0.026999044082631235, 0.12182782522527644] - [0.005313813016138718, 0.1308367875655079, -0.1136006505872099, -0.02254967004554881] - [-0.014444453572285767, 0.22309164384226865, -0.1270411566107442, -0.08160590998644936] - [0.02714643230504049, -0.10002006582894814, -0.049424536248957165, 0.12229809254239711]
A2: [0.08925441226877405, -0.07291341922798128, -0.12362746872777167, 0.10728633343364435] - [0.10884186874757008, 0.24981432108456145, -0.4048451523566179, 0.04618962239139174] - [0.03663604006131873, 0.46255522698677587, -0.3777173445649506, -0.12147315825833924] - [0.14342654483302383, -0.04460651210495625, -0.20149942647871932, 0.10267997578293477]
B1: -1.8989884219774764e-08 - 3.776103824723211e-08 - 3.032040322742103e-08 - 1.3623504702355995e-08
B2: 7.167314644242482e-09 - -1.7950992099537737e-08 - 9.73267957067381e-09 - 2.4883064270032223e-10
