Number: 5491
Error: 2.335719931412978e-13
A1: [0.06621219676077114, -0.11395304262022901, -0.023984934427024252, 0.07172188488326757] - [0.03740227800894777, 0.18819305020771346, -0.1474092752424428, -0.07818733866982691] - [-0.060230804839608965, 0.32894942330942595, -0.12775451243695857, -0.14096971741749845] - [0.03904625718904212, -0.05332259300626517, -0.03741849554763357, 0.05169521449330496]
A2: [-0.009109079206906658, -0.3468037195169416, 0.2494545828314402, 0.10645615207589215] - [0.08003823413436445, 0.03628054233141147, -0.05025185181876696, -0.06607371382672404] - [-0.04245156554156614, 0.23083327497978343, -0.040529901803073164, -0.14784645218874815] - [0.06813594275204005, -0.29346657063677767, 0.14177250252092277, 0.08356316548221371]
B1: 1.1578354888717365e-07 - -1.888859702678955e-06 - 1.1544127208954875e-07 - -7.183313253508467e-09
B2: -5.2861386344904335e-08 - -1.9576959353118642e-07 - -4.4089869180594825e-07 - 6.391321371635662e-08
