Number: 4846
Error: 1.1541703048455246e-15
A1: [0.06621307137387447, -0.11395218755228216, -0.023984060501451174, 0.07172275802685019] - [0.03740254724373915, 0.18819330744308124, -0.14740901056548605, -0.07818707396979604] - [-0.06022948468718398, 0.32895069124845944, -0.12775322061340458, -0.14096843254229288] - [0.03904619843868688, -0.05332264876373673, -0.03741855237026143, 0.051695158131691996]
A2: [-0.009108588382411959, -0.3468031988312095, 0.2494550776284764, 0.10645666668357424] - [0.08003986366084809, 0.036282297795857184, -0.050250070843796554, -0.06607191772732775] - [-0.04245280088596499, 0.23083191158520525, -0.0405312256424127, -0.14784781843289865] - [0.06813485350236717, -0.29346776994042434, 0.14177132167449963, 0.08356194423269982]
B1: -5.422515674573595e-09 - 2.33425826483067e-08 - 3.6550606177180695e-09 - 2.787938407312516e-08
B2: 2.461868539035514e-08 - 1.9533999775670796e-08 - -6.431020602866189e-08 - 4.445771109361565e-08
