Number: 3322
Error: 2.949826322075483e-06
A1: [0.05548787449322495, -0.12448238292072401, -0.03488498136323905, 0.060902186916237895] - [0.035875978987210934, 0.18668597619096405, -0.14890171194656823, -0.07968248452971781] - [-0.06516804157892445, 0.3243637318720037, -0.13237438133930873, -0.14562899917330435] - [0.04008980109523607, -0.052328870670855294, -0.03648262251651698, 0.052634565663766786]
A2: [-0.004502015309984836, -0.34183552649349735, 0.2543562817056125, 0.11142077464563238] - [0.0874076320098418, 0.04428615524223463, -0.04222802917688747, -0.05792803182733261] - [-0.04969647368847526, 0.22259721763888282, -0.0484771291149747, -0.15601319762345586] - [0.06448676710599671, -0.2976390240996823, 0.1377204953591964, 0.07939084270792568]
B1: 0.0015795694360816294 - 0.0020944922311184567 - -8.559090401804204e-06 - -0.0008464071668375909
B2: -0.00489045994362221 - 0.004943040739071091 - 0.0020457968807468365 - -0.0012196774979703773
