Number: 6832
Error: 9.031143795020394e-16
A1: [0.08043166808571336, -0.18046782734753913, -0.019588873552363342, 0.11962495514119177] - [0.03741555355350165, 0.13359635975472153, -0.13472621258587292, -0.03628585152301401] - [-0.001702861930309765, 0.22819007359016538, -0.12282842549988757, -0.10365895313053025] - [0.03886319789722141, -0.11448105498179664, -0.04641647790440064, 0.12203419144373859]
A2: [0.03530746357654959, -0.029273455224964905, -0.0756973304455434, 0.06966342921584061] - [0.1028938050386246, 0.28289675609448695, -0.3926063436674373, 0.0068160529350371184] - [-0.011187149980316302, 0.5390145403996335, -0.35945106280890976, -0.16837651724069175] - [0.09786281402662143, 0.017463331180770626, -0.16885099659832792, 0.05352489372821062]
B1: 6.772196064336216e-09 - 2.11103616390277e-08 - -1.981551613783233e-08 - -1.5021628140965452e-10
B2: 8.640948632045299e-09 - -6.183312663956202e-10 - -1.0661426770492165e-08 - -1.7006691156626362e-09
