Number: 2436
Error: 3.437669265639436e-06
A1: [0.07244946059140552, -0.038956559357673545, -0.014371628384549237, 0.016882723851807915] - [0.04504934367194979, 0.1925589581050991, -0.14124567925649797, -0.09104827404397467] - [-0.11667630070739823, 0.4217340510714505, -0.09833196102438255, -0.1805199774375495] - [0.03673930403831004, 0.01907407909682224, -0.03332021055924366, -0.023304339338997906]
A2: [0.06889399887984034, -0.16829431372635048, 0.09197829377638432, 0.02949214990775126] - [0.023238510800548944, 0.19432691802757496, -0.1077757905130696, -0.13383889345068314] - [-0.09299616393431875, 0.5144457909144421, -0.22452748317914145, -0.19434141380040046] - [-0.023609741143468595, 0.02102628914119633, -0.047492032305065185, 0.059491936757504006]
B1: -0.0013192982051085677 - -0.003009907641450804 - 0.0005718187325969153 - -0.0027610303609465116
B2: -0.0016003378536739027 - -0.004067058845684229 - -0.00201680417555005 - -0.0032542492963141432
