Number: 5283
Error: 1.5153094230756476e-15
A1: [0.06621306011604879, -0.1139521985585404, -0.023984071750449802, 0.07172274678790197] - [0.037402566720151374, 0.18819332605154088, -0.1474089914186212, -0.07818705482124971] - [-0.06022940137930352, 0.328950771260808, -0.12775313909334152, -0.14096835146061085] - [0.039046057406188814, -0.053322782626531305, -0.03741868881456507, 0.051695022795225365]
A2: [-0.009108486417244824, -0.34680309066229364, 0.2494551804183952, 0.10645677358836375] - [0.0800398559004668, 0.036282289435703476, -0.0502500793253678, -0.0660719262810014] - [-0.04245292142345005, 0.23083177855299297, -0.0405313548149006, -0.14784795174229914] - [0.06813468411124829, -0.29346795644689755, 0.14177113803848704, 0.08356175431468192]
B1: 1.260380090197122e-07 - -9.507784054520433e-08 - -2.9147691226443133e-08 - -4.8057485428800805e-08
B2: -5.541535288020466e-09 - 4.5022967444931834e-08 - -9.993284856311588e-09 - 7.151527191456056e-10
