Number: 6310
Error: 5.569914666754861e-16
A1: [0.08043165085894562, -0.18046784457235243, -0.019588890758530354, 0.11962493791639466] - [0.03741555464516065, 0.13359636084555782, -0.1347262114963866, -0.03628585043195562] - [-0.0017028387279479742, 0.22819009679203697, -0.12282840233149955, -0.103658929934359] - [0.038863206457312734, -0.11448104644572683, -0.046416469349763685, 0.12203419999851309]
A2: [0.03530740231457139, -0.029273516656388474, -0.0756973886926263, 0.06966336509851195] - [0.10289380309246686, 0.2828967541318164, -0.39260634554974516, 0.006816050897142226] - [-0.011187127266826984, 0.539014563248602, -0.3594510413100957, -0.16837649330670357] - [0.09786283764978157, 0.01746335491138655, -0.16885097411062344, 0.05352491852485683]
B1: 2.3296777392986543e-08 - 1.5452189132857157e-08 - 4.588898236995854e-08 - 1.367142628342343e-08
B2: 1.7901201968274584e-08 - 1.9798473678176994e-08 - 3.167178149489749e-08 - 2.4450673430493074e-08
