Number: 5951
Error: 7.821162872144817e-11
A1: [0.08045530143977248, -0.1804441978960094, -0.019565266884642857, 0.11964858666739125] - [0.03734024990046806, 0.133521112498097, -0.13480136803534762, -0.03636111449979683] - [-0.0017048974556798527, 0.2281880382157737, -0.12283045536123208, -0.10366098671595986] - [0.038882564765907436, -0.11446174104800501, -0.04639712071396514, 0.12205354748178422]
A2: [0.03537361274724061, -0.029207128675544567, -0.07563443836528741, 0.06973266237478117] - [0.10299415017568994, 0.28299794661482774, -0.3925092944670189, 0.0069211266733625945] - [-0.011129652798560319, 0.5390723778939779, -0.35939664250217973, -0.16831593163620695] - [0.09792039162493307, 0.0175211670926885, -0.1687961881832073, 0.05358533131225108]
B1: -6.445803272876391e-06 - -4.605878465268792e-06 - 1.3424640975395808e-05 - 7.590441465467949e-06
B2: 2.150010298066498e-05 - -5.507506695818317e-06 - 1.409311269448078e-05 - 6.753097474577248e-07
