Number: 1285
Error: 7.751808835537086e-09
A1: [-0.007977841907388355, -0.015790914350004338, 0.00217568046376861, 0.01864300980229261] - [0.06688616861774259, 0.18994153193637842, -0.1466738362163998, -0.10979621948562825] - [-0.11383177151760415, 0.440564384600619, -0.07208750249065989, -0.2594496861371332] - [-0.024152538199706662, 0.014575205183600335, -0.030733507033910167, 0.038084750236048355]
A2: [0.13144348851093052, -0.2247699460092241, 0.02252680885626199, 0.07002126114653497] - [0.03254806795127167, 0.20365256454637498, -0.11498617551190109, -0.12155348866931127] - [-0.09462731774283871, 0.555535577514102, -0.2352070928175989, -0.22563943022901978] - [-0.02125755837699947, -0.019701477427883685, 0.007692014187252166, 0.03176838832139761]
B1: 1.8187526123720295e-06 - 0.00026426482822467857 - 0.00010938513392542256 - -5.902471958805635e-05
B2: -3.2138016404905086e-05 - 4.156887535083248e-05 - 8.617916561389318e-05 - -8.54992543231063e-05
