Number: 8760
Error: 3.1708305903477424e-09
A1: [0.08043818924293705, -0.18046130582796527, -0.01958235826641977, 0.11963147605927749] - [0.03748268782414414, 0.13366344405661523, -0.1346592094989172, -0.036218753836394106] - [-0.0017157463548083689, 0.22817719049291557, -0.12284128960727546, -0.10367183369818699] - [0.038857406573808734, -0.11448682855648042, -0.04642226315469028, 0.1220284043782174]
A2: [0.0353286604917229, -0.02925220280101275, -0.07567717540124926, 0.0696856148667285] - [0.10293238695891013, 0.28293566402614523, -0.39256902695924767, 0.0068564540249900306] - [-0.011200401259110834, 0.5390012093463735, -0.3594636050890128, -0.1683904802962498] - [0.09788302398453554, 0.01748363065659754, -0.16883175698919634, 0.053546108152742064]
B1: -6.090034526786574e-05 - -3.131585253783402e-05 - -4.206937008582846e-05 - -5.332387759980743e-05
B2: 1.4406713807760557e-05 - -3.2538569228901115e-05 - 3.222417978943645e-05 - 1.961883070971723e-05
