Number: 2607
Error: 1.3296890397664813e-08
A1: [0.06359890007486119, -0.04770391264864165, -0.023278147572988697, 0.008021011864084505] - [0.0440192719233753, 0.19161593770385799, -0.14219619010369688, -0.09211916014847855] - [-0.12303268711864199, 0.4152815194486356, -0.10443522404896663, -0.18665028199616407] - [0.037182064294850485, 0.019352636486890788, -0.03294935473992562, -0.022868977843120045]
A2: [0.06433935790411882, -0.17279655513028064, 0.08722545328005613, 0.02484620798410773] - [0.02930717773581925, 0.20031539201300191, -0.10169318884107797, -0.12785644528744372] - [-0.09242813907588769, 0.5146453454773937, -0.22462395371647664, -0.1941475738186956] - [-0.02441009070539896, 0.020033146543797297, -0.04877386788331413, 0.05845198874174891]
B1: 0.00015397499302871018 - 3.659466576674322e-05 - 9.812982362211195e-05 - 7.262054252687967e-06
B2: -4.0036682096805925e-05 - 5.74074545271153e-05 - 2.6529819532979548e-05 - 0.00010203298068791379
