Number: 6910
Error: 1.2476974306590298e-15
A1: [0.08043167264133869, -0.1804678227924298, -0.01958886900218414, 0.11962495969629708] - [0.03741558167943811, 0.13359638785937036, -0.13472618451597698, -0.03628582341265746] - [-0.001702832052061238, 0.22819010346777607, -0.1228283956653856, -0.10365892326025582] - [0.03886322495672304, -0.11448102799823444, -0.04641645086214108, 0.1220342184864225]
A2: [0.0353074350969429, -0.02927348378334233, -0.07569735752358885, 0.06966339940884243] - [0.10289378542968845, 0.28289673631912937, -0.39260636263294163, 0.00681603240161517] - [-0.011187199437952872, 0.5390144906470002, -0.3594511096216427, -0.16837656935593104] - [0.09786280113196089, 0.01746331822745642, -0.1688510088732106, 0.05352488019301485]
B1: 2.3659967872770345e-08 - 1.2205943680317258e-08 - -2.3029950592072856e-08 - 3.923600479917226e-09
B2: -7.357755548116376e-11 - 2.910899638485454e-09 - 9.161468000348986e-09 - 1.6944785834627236e-09
