Number: 6732
Error: 1.0621324678637863e-15
A1: [0.08043166311722057, -0.18046783231546973, -0.019588878514914275, 0.11962495017326684] - [0.037415572240209624, 0.13359637842728642, -0.13472619393639795, -0.03628583284665702] - [-0.0017028375260330314, 0.22819009799392162, -0.12282840113134197, -0.10365892873276622] - [0.038863213731638646, -0.11448103919181682, -0.046416462080072655, 0.12203420726831485]
A2: [0.03530742261573877, -0.02927349629906725, -0.07569736939055458, 0.06966338634590499] - [0.10289375399840432, 0.2828967046210843, -0.39260639303286926, 0.006815999488467999] - [-0.011187137752916765, 0.5390145526999646, -0.35945105123540916, -0.16837650435625529] - [0.097862781238359, 0.017463298243365934, -0.16885102781062708, 0.053524859311204966]
B1: -5.446981946391047e-09 - 4.054058177030731e-09 - -1.3240313501256324e-08 - -8.648479141229242e-09
B2: -9.662290430587796e-09 - -5.98380075821498e-09 - -7.952174496738058e-09 - -6.185802828344877e-09
