Number: 43
Error: 0.0010133398428907139
A1: [-0.046990211651404504, -0.052085504660494344, -0.01941536610381388, -0.024413623962072042] - [0.11983377876672836, 0.2491364042076877, -0.09614888826108592, -0.07570520968206564] - [-0.18993188893323593, 0.3287896522689011, -0.1535753366208795, -0.367438760804516] - [-0.024991082160559584, -0.03705657682251861, -0.02849345295333533, -0.003925589255657599]
A2: [0.4110569684798514, 0.07896851973930416, 0.2495892198225141, 0.23996961069001893] - [0.14256372935399872, 0.31074586404147103, -0.017597830217602136, -0.026822460719815533] - [0.1843313776848639, 0.8514910546212962, 0.02641270048639475, 0.004780374505850685] - [0.4893115095676208, 0.4885525291410606, 0.4890017330144717, 0.4806854385539266]
B1: 0.05629718553751291 - 0.4486658411426346 - -0.02303953465755475 - -0.03753735803959185
B2: -0.00018856250719032422 - 0.4359296737219416 - -0.03198471640246532 - -0.025948989078263197
