Number: 893
Error: 8.246079529135161e-09
A1: [-0.012138143036849866, -0.014501573995253597, 0.018104118769589474, 0.008599351293226731] - [0.06573227235920896, 0.18939621851227154, -0.1454290240220387, -0.11012319506444358] - [-0.09626411659080021, 0.4218140588656032, -0.053425918257461034, -0.2720020021422565] - [-0.001474103435434025, -0.018365968014712287, -0.003997545333155569, 0.02320042110476445]
A2: [0.16149672946613486, -0.16784297859464464, 0.008413215941977269, -0.002420670691688221] - [0.03549065577476739, 0.20752158320772315, -0.11720550917396512, -0.1257872007043073] - [-0.08629010009267159, 0.5814632151290601, -0.23546317154022703, -0.2600101234349932] - [-0.0038686485923160336, -0.004552375225557947, 0.0010769370973568151, 0.0072111899117685]
B1: -1.6537093722870577e-05 - -8.025062343740194e-05 - -1.8553964590684715e-05 - -1.979545800176451e-05
B2: 3.622620355839559e-05 - -8.256599678150992e-05 - 9.701288113966072e-05 - 0.00016451570623653538
