Number: 8321
Error: 1.3504406892127955e-15
A1: [0.08043164405213735, -0.1804678513784229, -0.019588897557263833, 0.1196249311103157] - [0.03741564485885727, 0.1335964509910231, -0.13472612146228116, -0.03628576026812652] - [-0.001702827229784435, 0.22819010828994293, -0.12282839085017411, -0.10365891843926368] - [0.03886318583973685, -0.1144810670054597, -0.04641648995423028, 0.12203417939372152]
A2: [0.03530748714476192, -0.02927343159150412, -0.07569730803706881, 0.0696634538824154] - [0.10289369290033856, 0.2828966430045117, -0.39260645212613887, 0.00681593550993494] - [-0.011187138302529117, 0.5390145521470185, -0.3594510517557199, -0.16837650493531967] - [0.09786274139316675, 0.017463258216896104, -0.16885106574078848, 0.053524817486837885]
B1: 2.975354573246345e-08 - -7.0970182887745815e-09 - 1.7170798451273979e-09 - -1.5878497737068567e-08
B2: -2.7750223133708183e-08 - 3.9542993503980355e-08 - -1.8819702953174543e-08 - -2.5438193668463166e-08
