Number: 968
Error: 0.00031860561078464976
A1: [-0.026877428137353537, -0.029616693882558616, 0.0017989362249108444, -0.007123360405700098] - [0.06340969039706951, 0.187164037531789, -0.14783257785478632, -0.11270729213906634] - [-0.11794186079869938, 0.4008890606934148, -0.07696059457128009, -0.2972130792245475] - [-0.020502547154491138, -0.036638347535882757, -0.024266889067267455, 0.0012532307981092238]
A2: [0.15773673105176828, -0.1715938562302762, 0.004736291495985536, -0.006068180631950808] - [0.03614268927872344, 0.2081537659376055, -0.11655556344706619, -0.12514646241273036] - [-0.08516265273219616, 0.5825305845530552, -0.23436359114709082, -0.25889970745804214] - [-0.001691881745810928, -0.0024187985668281896, 0.0032301239999405324, 0.009295984099936865]
B1: 0.014322893589841786 - 0.01528218074101806 - 0.01045803026243696 - 0.006387747577911768
B2: -0.0055416257775937755 - -0.00939634986878413 - -0.0025478370246976682 - -0.0038693554281996802
