Number: 9062
Error: 0.0002018930711852345
A1: [0.041524281867433094, -0.16796643193286925, -0.041904439290824866, 0.1067076640774715] - [0.028907905374444327, 0.15037426016838223, -0.09369206907459515, -0.0017374719517168585] - [-0.030820058875085765, 0.21394775383397588, -0.13403491961440053, -0.09181169903445853] - [0.04035554324481465, -0.08703880003426143, -0.034436384727925644, 0.13548870689361567]
A2: [-0.0025108772459381673, -0.1649032825111061, -0.20205936269475322, 0.015971857100072213] - [0.2285695094799443, 0.3633593040956174, -0.29520323403321874, 0.16179143607192553] - [0.11036196887324311, 0.5375675943712062, -0.31144620711239995, -0.04847808496259943] - [0.15123529507220662, -0.03768363668376395, -0.19626176195797912, 0.10942669461215686]
B1: -0.030667023404118636 - 0.006561153754515233 - 0.015607873159541964 - -0.011377979372799269
B2: -0.018345165889982324 - -0.005798909314420255 - 0.007164156418347739 - -0.0047387568848361135
