Number: 2030
Error: 0.0001277123402727788
A1: [0.02034831423546322, 0.012290654592205125, 0.028217744036751268, 0.045781165321765384] - [0.023770831122413478, 0.14840833689697766, -0.1914874655239682, -0.15752674828452978] - [-0.0692459951124639, 0.48324196457497504, -0.030316332849795277, -0.2126818513165413] - [-0.05434890417399784, -0.012423728178987209, -0.06270468664044042, 0.005409543825778623]
A2: [0.16162662613183615, -0.19688247803803283, 0.051934249134245505, 0.10123331453740492] - [0.03589937540953361, 0.20631415663496475, -0.11161970284637975, -0.11839177448067487] - [-0.06445299571334569, 0.5813174760222479, -0.20405399627131654, -0.19593601706492947] - [0.05418067206209273, 0.048730457549910976, 0.07926413707520089, 0.10511563593397408]
B1: 0.011818455548654825 - 0.003151450824551501 - 0.0029078199773147797 - 0.015605034509310436
B2: -0.01896330337639876 - 0.02783171368762964 - 0.014556363784521232 - -0.007088543918686479
