Number: 3707
Error: 1.7598328488154269e-15
A1: [0.06621299353973659, -0.11395226364701798, -0.023984138274515315, 0.07172268032334359] - [0.03740278436992834, 0.1881935340009236, -0.1474087774523361, -0.07818684083595098] - [-0.06022969803368045, 0.32895048634124574, -0.12775342938161985, -0.14096864018782204] - [0.03904617673620065, -0.05332266936325206, -0.03741857336679135, 0.0516951373057295]
A2: [-0.009108720294027069, -0.3468033387691597, 0.24945494464967757, 0.10645652838113266] - [0.0800401871232753, 0.036282646257802434, -0.050249717317668266, -0.06607156119912648] - [-0.042453182710892635, 0.2308314901790217, -0.04053163482146308, -0.14784824071748892] - [0.06813445673319646, -0.2934682068009833, 0.14177089153854394, 0.08356149938064296]
B1: -1.458895019737499e-07 - 4.141959372719878e-08 - 1.9199062820108323e-07 - -9.649464669807658e-08
B2: 7.111110930952099e-08 - 1.1867971822070736e-07 - -4.165782516301823e-08 - -9.00713598327512e-08
