Number: 1352
Error: 2.030763474363936e-09
A1: [-0.007301658236566986, -0.015108951534951898, 0.002878669863069867, 0.019337523106511226] - [0.06685386430987823, 0.18991051129870518, -0.14670718431317764, -0.1098321450539085] - [-0.11268169943387141, 0.44169096091478915, -0.07088974471891463, -0.25820414912364253] - [-0.02380927128096963, 0.014911947825415257, -0.030383504438767566, 0.03844718197977178]
A2: [0.1315353933780323, -0.22467850911979748, 0.022616799025777633, 0.0701109482849056] - [0.03272517597949448, 0.2038268584357548, -0.11480976334431221, -0.12138028881080996] - [-0.09447349489817346, 0.5556870830908904, -0.2350554736340192, -0.22548852246268775] - [-0.02096488444009578, -0.01941154267413631, 0.007981665878092977, 0.032049517206004144]
B1: -3.916646695086848e-05 - -0.00012888254377950572 - 0.00011190734111373948 - -5.423708090154626e-05
B2: 7.435759799268538e-05 - -0.00016387825251700024 - 4.663522783835576e-06 - 3.9760920245389384e-05
