Number: 9459
Error: 4.5204195365026663e-13
A1: [0.053171977300391825, -0.14800184405877503, -0.026999619552005052, 0.12182724885992104] - [0.005314323354068588, 0.13083729841639988, -0.11360014033513943, -0.022549158976903017] - [-0.014442932127925329, 0.22309316583301803, -0.12703963637704932, -0.08160438800457356] - [0.02714692349238741, -0.10001957458096704, -0.04942404395456153, 0.12229858506089894]
A2: [0.08925847636079384, -0.07290936450644118, -0.12362349614438643, 0.10729044771658412] - [0.10884094929004984, 0.24981340147946246, -0.40484605359116266, 0.04618868747353764] - [0.03663407923709885, 0.4625532763718801, -0.37771925762973096, -0.12147513941847343] - [0.1434240375726099, -0.044609010038236994, -0.20150187458980556, 0.10267743130974419]
B1: 8.485599438173456e-07 - -2.6024244753267995e-07 - -4.349143541791622e-07 - -6.611816282698905e-07
B2: -9.597699328563313e-08 - 4.031001332900612e-07 - 4.5619711692246445e-07 - 1.8696278292003666e-07
