Number: 5876
Error: 4.2744459547754634e-08
A1: [0.08102069992612529, -0.17988034475102305, -0.01900004094894616, 0.12021417843251116] - [0.037563180344801626, 0.13374313681928604, -0.13457872528657058, -0.03613818524600447] - [-0.001682120401271375, 0.22821037232074895, -0.122807176133971, -0.10363795027319513] - [0.03950690001483247, -0.11384008943351402, -0.045772433170983264, 0.12267788972704984]
A2: [0.0371132770053495, -0.027463642118302378, -0.07398019878542543, 0.07155438964747832] - [0.1057871934283724, 0.2858116136439506, -0.3898092677370616, 0.009846884669025646] - [-0.008349787030773692, 0.5418677958867473, -0.3567643576331717, -0.1653848257968397] - [0.0999836130864986, 0.019592816000284417, -0.16683163309624008, 0.055752242005005094]
B1: 2.5039902766732194e-05 - -0.0009854072056017485 - 0.0006421160034283842 - 0.00020250090236861341
B2: -0.00016047778095791473 - 0.00010047277807479624 - 0.0004551535459004029 - -8.636916426903369e-05
