Number: 1255
Error: 4.168847011541829e-08
A1: [-0.008120558241470033, -0.01593523490472779, 0.0020285746897269518, 0.01849603020420483] - [0.06706739212368835, 0.1901160854446251, -0.14648668266875936, -0.10959456686053178] - [-0.11381523484758277, 0.44058033090889215, -0.0720686729410481, -0.2594325190038665] - [-0.024757403900926952, 0.013980497987499486, -0.03134960752024631, 0.03744510041573897]
A2: [0.13227582937986443, -0.22394963094939924, 0.023345290619972845, 0.07083496879399248] - [0.03280828738954537, 0.2039086170316451, -0.11472688788642908, -0.12129875790122359] - [-0.09398924242883407, 0.5561662817321908, -0.23458006234574988, -0.22501177304946304] - [-0.021207459765587494, -0.01965188528126614, 0.007742084191217375, 0.031817075123889565]
B1: -7.852819381868712e-05 - -0.0004405645975351023 - 0.00022282412725829976 - 0.0001389403535727959
B2: -9.98352577285329e-05 - -0.00036855791714611517 - -0.00019543424938092522 - -0.0001176683961003782
