Number: 7721
Error: 9.907609407610326e-16
A1: [0.0804316259331668, -0.18046786949532095, -0.019588915654500168, 0.11962491299346387] - [0.03741561659411241, 0.1335964227476144, -0.13472614967085567, -0.03628578851731978] - [-0.001702859009574226, 0.22819007651083573, -0.12282842258342234, -0.1036589502105676] - [0.0388631704354917, -0.11448108236647164, -0.04641650534862622, 0.12203416399907778]
A2: [0.035307375005642495, -0.029273544040832215, -0.07569741465769897, 0.06966333651684484] - [0.10289365176614647, 0.2828966015211944, -0.39260649191060687, 0.006815892436431385] - [-0.01118714000114354, 0.5390145504383274, -0.35945105336343947, -0.16837650672524973] - [0.09786276755813626, 0.017463284500924676, -0.16885104083334873, 0.053524844951466484]
B1: -1.78411643020277e-10 - -1.2053593811761303e-08 - -2.165848668854192e-08 - -1.405909136251043e-08
B2: -2.7031120636342826e-08 - 2.8838641303097842e-08 - -9.621549055723133e-09 - -2.692991045385638e-08
