Number: 1073
Error: 3.1637958368414774e-05
A1: [-0.0020839506452892927, -0.010177583107716718, 0.007994281298399642, 0.02398409602414776] - [0.07165330794721024, 0.1943319584962709, -0.1421751505789239, -0.10452536211897788] - [-0.12728112815538342, 0.4258827084641846, -0.0904648841731568, -0.2760543621532417] - [-0.012601498346495425, 0.02684038061345439, -0.01502494369684644, 0.05154574257245869]
A2: [0.14478049930981227, -0.21118342146618818, 0.034595030198294, 0.08443934190280004] - [0.014758093534360197, 0.18630538619482162, -0.1322928033625335, -0.13926091214216035] - [-0.08233497041538003, 0.5680961098223026, -0.21943200611787786, -0.2169482109865769] - [0.011398435520649295, 0.012180713660681457, 0.04021994027266714, 0.06299647562237469]
B1: -0.004184957303816742 - 0.014254012612132239 - 0.00419052043245817 - -0.006902011939909468
B2: 0.0006786011457571644 - 0.012142630429743576 - 0.007597501725780593 - -0.0038479571638625693
