Number: 8727
Error: 1.000509752884003e-11
A1: [0.08042830414171037, -0.18047119089790667, -0.01959223346892369, 0.11962159158295638] - [0.03741354233398935, 0.13359435006777715, -0.1347282197931986, -0.036287861626892744] - [-0.0017042010350754061, 0.22818873451793872, -0.12282976264284652, -0.10366029187776059] - [0.038860056995841066, -0.11448418706012793, -0.046419616801060125, 0.12203105249529508]
A2: [0.03531114971748941, -0.029269758893187926, -0.07569382569947843, 0.0696672871496817] - [0.10288983682812257, 0.2828927542081979, -0.3926101816750987, 0.006811897647800748] - [-0.011187759060686342, 0.5390139276861478, -0.35945163931936086, -0.16837715904796813] - [0.09786509583187307, 0.01746562336114733, -0.168848824462203, 0.05352728887332188]
B1: -9.684306663055324e-07 - -4.717420806386201e-07 - -1.1434893397382505e-06 - -1.0114910248234372e-06
B2: 1.6180221280193306e-06 - 2.621831201765413e-06 - 2.710600730845165e-06 - 1.7653516730038447e-06
