Number: 9884
Error: 1.1075793853063528e-15
A1: [0.05317258848437186, -0.14800123261758338, -0.026999009018863665, 0.12182786034466184] - [0.005313793968404609, 0.13083676849780476, -0.11360066963205356, -0.022549689120135982] - [-0.014444414745291997, 0.22309168268349414, -0.12704111781447214, -0.08160587114558766] - [0.02714655844159139, -0.10001993969253636, -0.049424409846275566, 0.12229821899951421]
A2: [0.08925457515123636, -0.07291325672217917, -0.1236273095151167, 0.10728649832459494] - [0.10884176987410261, 0.2498142221936516, -0.40484524927171156, 0.046189521854386864] - [0.03663590426122931, 0.4625550918932934, -0.3777174770583057, -0.12147329546684882] - [0.14342644816765449, -0.04460660841028138, -0.20149952086408388, 0.10267987768349403]
B1: -1.9290437755728447e-08 - -2.794372892474755e-09 - 8.127066701686979e-09 - 4.2904681901628714e-09
B2: -1.5824352202023816e-08 - -1.701337188239155e-08 - -8.031399819613353e-09 - 7.282349168767497e-09
