Number: 7078
Error: 9.294019045083944e-16
A1: [0.08043169778961434, -0.18046779764700216, -0.019588843883975818, 0.11962498484170132] - [0.037415600492716486, 0.13359640665841088, -0.13472616574018179, -0.03628580460979964] - [-0.0017027973183882494, 0.22819013820070722, -0.12282836098256981, -0.10365888853585323] - [0.03886324259517599, -0.11448101040928041, -0.04641643323492608, 0.12203423611391367]
A2: [0.03530750790246719, -0.029273410776446906, -0.07569728830100737, 0.06966347560770485] - [0.10289370646686641, 0.2828966566861464, -0.39260643900475295, 0.006815949716011911] - [-0.011187117794245156, 0.5390145727776726, -0.3594510323441034, -0.16837648332510607] - [0.09786283431530296, 0.017463351561738116, -0.16885097728481013, 0.053524915024715465]
B1: 7.321558593196628e-09 - -8.68866904673333e-09 - -7.678155847123142e-09 - 2.16958678209546e-09
B2: -6.463341144606495e-10 - -1.4797311460469574e-09 - -3.922003701697831e-10 - -3.0071419778060417e-09
