Number: 6273
Error: 8.546616061251494e-16
A1: [0.08043164670729731, -0.1804678487235308, -0.019588894905215235, 0.11962493376522026] - [0.03741554857777076, 0.13359635478275936, -0.13472621755168848, -0.03628585649598518] - [-0.0017028294979998433, 0.22819010602178863, -0.12282839311506512, -0.10365892070687385] - [0.038863209982872376, -0.1144810429300612, -0.046416465826450724, 0.12203420352188156]
A2: [0.035307479852648586, -0.029273438903849005, -0.07569731497045232, 0.06966344625056521] - [0.10289368215647429, 0.28289663216942007, -0.3926064625174279, 0.006815924259437] - [-0.011187169367477759, 0.5390145208968364, -0.3594510811592513, -0.16837653766966104] - [0.09786276475281404, 0.017463281682832406, -0.16885104350378233, 0.05352484200672888]
B1: 1.0172479087952123e-08 - -2.1264909663973397e-08 - -3.338803570373094e-08 - -1.3200765394976549e-08
B2: -2.4033417557772124e-08 - -2.2893562461783486e-08 - -1.3800449233063064e-09 - -1.0672093560488305e-08
