Number: 4859
Error: 1.3801230931296085e-15
A1: [0.0662131858779803, -0.11395207560693495, -0.023983946087200194, 0.07172287233879239] - [0.037402581274843326, 0.18819333995750284, -0.14740897711029638, -0.07818704051164795] - [-0.0602295462590748, 0.32895063211199754, -0.1277532808640557, -0.14096849246889273] - [0.03904627297378711, -0.05332257801776833, -0.037418480259999644, 0.051695229656443346]
A2: [-0.009108513749221414, -0.346803119657184, 0.2494551528655199, 0.1064567449323056] - [0.0800399223527368, 0.036282361023795694, -0.05025000669694709, -0.06607185303580043] - [-0.042452742639206696, 0.2308319758698104, -0.04053116322296771, -0.1478477540143178] - [0.06813496265214082, -0.2934676497620131, 0.1417714400031913, 0.08356206660946275]
B1: -3.4165561898214826e-08 - 1.8886602159039407e-08 - -1.5668403539376103e-08 - 3.325644703919565e-08
B2: -4.059683456349001e-08 - -1.2615862816014393e-08 - 9.489257327887796e-09 - 2.8253894201254256e-08
