Number: 5597
Error: 7.178774041313515e-08
A1: [0.06628334519582925, -0.11388336894635995, -0.02391360822188367, 0.07179313521005551] - [0.03750177168266654, 0.18828818536214809, -0.1473113017504572, -0.07808937581256252] - [-0.06030213822895463, 0.32888106963975744, -0.12782384853883952, -0.14103878337512443] - [0.038912178807906775, -0.053449769681635444, -0.037547889328041255, 0.051566777734300344]
A2: [-0.008444121785783567, -0.3460983030143379, 0.25012524650578943, 0.1071535339625639] - [0.0796745457520809, 0.035888738717165594, -0.05064937712882076, -0.06647459246242396] - [-0.043260553426730186, 0.2299404231776832, -0.04139694823115593, -0.14874117596651779] - [0.06673578717764167, -0.2950082312505473, 0.14025440742555761, 0.081993249780696]
B1: -0.00012313897463415687 - 9.222321739950899e-06 - -0.0004528541790922827 - -0.0002335797676766677
B2: 4.929715903256035e-07 - -6.104929547570933e-05 - 2.7482646077213273e-05 - 6.370870969678731e-05
