Number: 1622
Error: 2.7685156001188857e-08
A1: [-0.006782330236196944, -0.014585300826039012, 0.003419458553240154, 0.019861653604804668] - [0.06698253919243188, 0.19003459259373962, -0.14657498242704775, -0.10968812271850524] - [-0.11349890044903474, 0.44088700508183476, -0.07173832728935403, -0.2590911876773017] - [-0.022951670684789968, 0.015751602754529363, -0.02950828782026233, 0.03934636383636229]
A2: [0.13202941604969076, -0.22419570498207497, 0.02309750273319727, 0.07059059864850882] - [0.03244291407688715, 0.20354943384193525, -0.11509017456470938, -0.1216559956329345] - [-0.09454347878014946, 0.5556198310485756, -0.23512604505277832, -0.22555820238472413] - [-0.02021924897390594, -0.018687975545164735, 0.008712113665806305, 0.032760143493004136]
B1: -0.00020006525929963507 - 8.612321904136362e-05 - -5.08582856489796e-05 - -0.00021598861185796907
B2: 0.00033043264545255064 - -0.0007578947476620912 - 0.0003126587873074437 - 9.327033688912462e-05
