Number: 4153
Error: 1.1405015051395712e-15
A1: [0.06621316623547367, -0.11395209481050196, -0.023983965714285925, 0.0717228527292713] - [0.03740260424813783, 0.1881933619069202, -0.14740895452579184, -0.07818701792512969] - [-0.06022938242748284, 0.3289507894633371, -0.12775312054806323, -0.1409683330153516] - [0.039046100389729686, -0.05332274182823317, -0.03741864722947202, 0.05169506404275164]
A2: [-0.009108643587352097, -0.3468032573950525, 0.24945502197697522, 0.10645660880419976] - [0.08003983299927495, 0.03628226476454759, -0.0502501043552054, -0.06607195152325963] - [-0.042452791080075325, 0.2308319224075876, -0.0405312151341853, -0.1478478075879692] - [0.06813475995747074, -0.2934678729372378, 0.14177122026316355, 0.08356183935182024]
B1: -1.567997086682227e-09 - -5.705260104580739e-09 - 1.2787968961930616e-08 - -1.9055698768997233e-09
B2: 1.3107913439249198e-08 - 1.7035448288334797e-08 - -1.641709951115666e-08 - -1.4763002473878288e-08
