Number: 7159
Error: 1.0608605012004167e-15
A1: [0.08043171256672765, -0.18046778287156312, -0.019588829124532903, 0.1196249996171262] - [0.03741561945042213, 0.1335964256017686, -0.13472614682025008, -0.03628578566259569] - [-0.0017028232239860112, 0.2281901122956698, -0.1228283868502261, -0.10365891443453086] - [0.038863263926584735, -0.11448098913773948, -0.04641641191711522, 0.12203425743206177]
A2: [0.03530746539451858, -0.02927345340196694, -0.0756973287170326, 0.06966343111853004] - [0.10289374699873846, 0.282896697562016, -0.3926063998028498, 0.006815992158799234] - [-0.011187173731904634, 0.5390145165063713, -0.35945108529032654, -0.16837654226855417] - [0.09786277490507087, 0.017463291881270188, -0.16885103383951802, 0.053524852663324754]
B1: 2.9517745578768658e-08 - -1.6476837617497395e-08 - -9.073280776087335e-09 - 9.422116816637498e-09
B2: 3.909001326892322e-09 - 1.9498144761777473e-09 - -9.46687389434005e-09 - 1.1531137323666544e-08
