Number: 6453
Error: 9.682582954929641e-16
A1: [0.08043169860283843, -0.1804677968338708, -0.019588843071726758, 0.11962498565483191] - [0.03741559892880828, 0.13359640509568466, -0.13472616730097658, -0.036285806172841856] - [-0.001702810934743444, 0.2281901245846464, -0.12282837457898743, -0.10365890214857404] - [0.03886322923739795, -0.11448102372957415, -0.04641644658419299, 0.12203422276443765]
A2: [0.035307454355323294, -0.029273464471695085, -0.07569733921297193, 0.06966341956483244] - [0.10289375881111523, 0.2828967094746412, -0.3926063883780793, 0.006816004528081602] - [-0.011187086526978597, 0.5390146042314479, -0.3594510027489651, -0.16837645037767296] - [0.0978628159788468, 0.01746333314187774, -0.16885099473994195, 0.05352489577741954]
B1: 1.0930199936817581e-09 - 6.729034120280495e-09 - 4.49059793042234e-10 - 2.199981266982255e-09
B2: 7.914431389985059e-09 - 3.1516675644493996e-09 - 8.618424701549858e-09 - -3.6470170838331396e-09
