Number: 1648
Error: 2.6569212893275506e-08
A1: [-0.006593503143108053, -0.01439603164678036, 0.00361453243494442, 0.020055127290705837] - [0.06707406384293724, 0.19012240876741188, -0.1464807105651844, -0.10958652206445864] - [-0.11317102729434088, 0.441203764422217, -0.07140116056843486, -0.2587470177829622] - [-0.023892868397287294, 0.014826315804861557, -0.030469939963170514, 0.03835435573016569]
A2: [0.13097905267508772, -0.22522760760215968, 0.022060285225719525, 0.06956164330330972] - [0.03301049814171042, 0.20410798995512072, -0.11452514906978914, -0.12110088956707964] - [-0.09518733913330295, 0.5549874742607707, -0.23576217047747075, -0.22619205849733484] - [-0.02071387406715288, -0.019174962383588533, 0.008225734128553944, 0.032283827890121755]
B1: -0.00011329911460630142 - -0.00025519092903710064 - 7.458116326215818e-05 - 0.00010331156898439131
B2: 0.00037928429256806854 - -0.00010891012534948166 - -0.0006344568118564303 - 0.0002806856229418721
