Number: 5163
Error: 5.244482798946903e-16
A1: [0.0662131888899036, -0.11395207266232815, -0.023983943077663158, 0.07172287534564033] - [0.03740253890067766, 0.1881932994718738, -0.1474090187673263, -0.07818708217236847] - [-0.06022936641170733, 0.32895080484547434, -0.12775310487598293, -0.14096831742732116] - [0.03904619508262578, -0.05332265194913461, -0.037418555617139, 0.051695154911163846]
A2: [-0.009108614848855362, -0.3468032269077891, 0.24945505094777173, 0.1064566389351166] - [0.08003984129876392, 0.03628227370550788, -0.05025009528421416, -0.06607194237532076] - [-0.042452794764838396, 0.23083191834078817, -0.04053121908285066, -0.14784781166318667] - [0.06813480059695388, -0.2934678281915218, 0.14177126431989318, 0.08356188491609927]
B1: -6.075819427901618e-08 - -2.3445752323673333e-08 - -1.7835465895324655e-08 - -2.6444490183769197e-08
B2: -3.211210951088459e-08 - 2.9840717188715494e-08 - -1.1514509285793967e-07 - -2.015118974438396e-08
