Number: 4646
Error: 1.324314222782701e-15
A1: [0.06621321306981633, -0.11395204902276888, -0.023983918916727628, 0.07172289948497855] - [0.03740261299127625, 0.18819337026039532, -0.14740894593061973, -0.0781870093292101] - [-0.060229478544693536, 0.3289506971479685, -0.12775321460276426, -0.1409684265640037] - [0.0390460078494096, -0.05332282966403542, -0.037418736759155656, 0.05169497524000088]
A2: [-0.009108710395716538, -0.3468033282681256, 0.24945495462792283, 0.10645653875931256] - [0.08003977991596227, 0.03628220757866225, -0.05025016237216539, -0.06607201003287391] - [-0.04245292675678914, 0.23083177266654328, -0.04053136053045299, -0.14784795764104053] - [0.06813462247245189, -0.2934680243140333, 0.14177107121607574, 0.08356168520599304]
B1: 1.614150808400548e-08 - 1.6309871520305906e-08 - -3.694034153924327e-09 - -1.3683477591269085e-08
B2: 2.1405632166970556e-10 - -1.9744753990022865e-08 - 5.591640634546265e-08 - -5.273754892841972e-08
