Number: 4779
Error: 8.111557582922299e-16
A1: [0.06621319045303307, -0.11395207113413677, -0.02398394151575705, 0.07172287690614555] - [0.03740264008604791, 0.18819339614762365, -0.14740891929437652, -0.07818698269061684] - [-0.06022925983833154, 0.3289509072035155, -0.1277530005895363, -0.14096821370181184] - [0.0390461622127359, -0.053322683148086296, -0.03741858741771718, 0.051695123368809916]
A2: [-0.009108567780829368, -0.3468031769761911, 0.2494550983967333, 0.10645668828312047] - [0.08003985049895987, 0.03628228361673929, -0.050250085228983984, -0.06607193223466451] - [-0.042452810162617476, 0.23083190134693152, -0.04053123558363267, -0.14784782869248136] - [0.06813478994178417, -0.29346783992325387, 0.14177125276882216, 0.08356187296972735]
B1: 4.554897458233722e-09 - 2.4194037694767287e-08 - 1.2594470178669435e-08 - 1.6756094840901876e-08
B2: -7.448787756322721e-09 - 1.4376031956240952e-08 - 3.670622446522503e-08 - 2.7633336852573156e-08
