Number: 6383
Error: 9.039271280823097e-16
A1: [0.08043169827957934, -0.18046779715709274, -0.019588843394598914, 0.11962498533161003] - [0.037415583879356354, 0.13359639005762353, -0.1347261823204416, -0.03628582121395684] - [-0.0017027988988670064, 0.2281901366202663, -0.12282836256073337, -0.10365889011590962] - [0.03886323112983958, -0.11448102184244331, -0.04641644469295711, 0.12203422465570322]
A2: [0.0353075068414457, -0.02927341184040268, -0.0756972893098618, 0.06966347449727943] - [0.10289375328504052, 0.28289670390166627, -0.39260639372282535, 0.006815998741471841] - [-0.011187065122354472, 0.5390146257637428, -0.35945098248903273, -0.1683764278228621] - [0.09786283839796087, 0.017463355662969415, -0.1688509733984061, 0.053524919310201896]
B1: 1.0818887713632646e-08 - 4.784563271403282e-09 - -5.415803114960802e-09 - 9.889358936554516e-09
B2: 6.998341834579683e-09 - 1.6414275882902138e-08 - -1.0043469558065883e-09 - 4.346562980103354e-09
