Number: 5151
Error: 1.2749190152948922e-15
A1: [0.06621309866021717, -0.1139521608757169, -0.023984033236548602, 0.07172278526737469] - [0.037402640796262376, 0.18819339682623443, -0.14740891859613597, -0.07818698199231883] - [-0.06022941327040341, 0.3289507598402642, -0.1277531507291282, -0.14096836303386137] - [0.03904604555569621, -0.05332279387465881, -0.03741870027958912, 0.05169501142331587]
A2: [-0.009108454263709488, -0.34680305655246463, 0.24945521283219638, 0.10645680729952937] - [0.08003981621006698, 0.03628224667782229, -0.050250122704706385, -0.06607197002863198] - [-0.042452845264140636, 0.23083186260680705, -0.04053127319978677, -0.1478478675133178] - [0.06813476648367825, -0.293467865751599, 0.14177122733790934, 0.08356184666896808]
B1: 4.1197595124538056e-09 - 1.7201252662544947e-08 - 2.760172168763434e-08 - 2.0744302200640358e-08
B2: 5.439955834247602e-09 - -4.6732588645259e-08 - 8.460722509363634e-08 - -1.4497518521770473e-08
