Number: 5115
Error: 8.048117753013306e-16
A1: [0.06621312338309991, -0.11395213670529822, -0.02398400853306373, 0.07172280994877482] - [0.037402607507771704, 0.18819336502131936, -0.14740895132128673, -0.07818701472036242] - [-0.06022923230382713, 0.32895093364888633, -0.12775297364586838, -0.14096818690304316] - [0.039046082496199355, -0.053322758812049356, -0.037418664540800416, 0.05169504687193037]
A2: [-0.009108637384652186, -0.3468032508147055, 0.24945502822976517, 0.10645661530758796] - [0.0800398007322292, 0.036282230003773716, -0.05025013962110167, -0.06607198708864279] - [-0.04245287188654358, 0.2308318332247777, -0.040531301729350114, -0.14784789695660677] - [0.06813473630068607, -0.29346789898426573, 0.1417711946167701, 0.08356181282837069]
B1: -2.847126130043119e-08 - 4.952494059715072e-09 - 3.336326848307173e-08 - 2.6547493902186863e-08
B2: -1.576149275127336e-08 - 2.9568780396012714e-09 - 6.719478627092944e-08 - -2.0939701464826957e-08
