Number: 1353
Error: 2.577459442254277e-09
A1: [-0.007222418179261184, -0.01502899338665194, 0.0029610281651515024, 0.019418912907125593] - [0.06686006596285812, 0.18991647938320805, -0.14670076752995517, -0.10982524588969357] - [-0.11269508274542657, 0.44167783314011233, -0.07090370483872616, -0.2582186387860736] - [-0.023836578395376094, 0.014885113406164434, -0.030411399870892704, 0.0384183542313893]
A2: [0.1315271312555205, -0.22468663740034986, 0.02260866835260676, 0.07010286652439682] - [0.03272035377149624, 0.20382211361385713, -0.11481456457966568, -0.12138500794681673] - [-0.09440480492417656, 0.5557546874552208, -0.23498795795496696, -0.22542099736729448] - [-0.02097662180094243, -0.01942311149858272, 0.007970017140400333, 0.0320382356756178]
B1: -2.445618637679648e-05 - -0.00013022837175150748 - 0.00016394800078393517 - -4.9084659331410025e-05
B2: 5.4531349322188875e-05 - -0.00015765185175998868 - -3.736372510231025e-05 - -1.2145112252884234e-05
