Number: 8589
Error: 6.813716478906142e-16
A1: [0.08043174442438748, -0.18046775101748352, -0.01958879730497861, 0.11962503147116367] - [0.037415635389103696, 0.13359644152845665, -0.13472613091309577, -0.03628576973261754] - [-0.0017027483207258858, 0.22819018719731932, -0.1228283120566513, -0.10365883955125585] - [0.03886329839181934, -0.11448095476914419, -0.046416377473821144, 0.12203429187593473]
A2: [0.035307510142234086, -0.029273408530469478, -0.07569728617128106, 0.06966347795161121] - [0.1028936731525382, 0.28289662308913605, -0.39260647122597936, 0.006815914831140518] - [-0.011187124022018581, 0.5390145665127483, -0.35945103823891195, -0.16837648988742443] - [0.09786281181986692, 0.017463328963944806, -0.16885099869898998, 0.05352489141177747]
B1: -5.2974200224790386e-09 - -4.586305914452429e-08 - -2.145976658941976e-08 - -3.804638271796359e-08
B2: -1.3269664073621562e-08 - -4.186106640706293e-08 - 5.750176820317379e-09 - -1.3855578100276751e-08
