Number: 7298
Error: 1.517761478942387e-15
A1: [0.08043166977174586, -0.18046782566169786, -0.01958887186834292, 0.1196249568270327] - [0.03741557295078819, 0.13359637913732922, -0.13472619322722945, -0.03628583213647022] - [-0.0017028357909123868, 0.22819009972900725, -0.12282839939875732, -0.10365892699810524] - [0.038863214164945925, -0.11448103875972823, -0.04641646164704354, 0.12203420770135107]
A2: [0.035307408436856105, -0.02927351051716508, -0.07569738287167936, 0.06966337150618095] - [0.10289379091437263, 0.28289674185036395, -0.39260635732821075, 0.006816038144872197] - [-0.011187038464247324, 0.5390146525808348, -0.3594509572565035, -0.1683763997323484] - [0.09786281079063196, 0.017463327930061005, -0.1688509996787815, 0.05352489033147237]
B1: -1.8327289758372674e-08 - 1.157905595282414e-08 - 1.3699726401128942e-08 - -2.642212079608407e-09
B2: -1.8091592171140353e-09 - -1.365798194137819e-09 - -6.220526600366238e-10 - -5.683545580830381e-10
