Number: 8399
Error: 1.139922487248521e-15
A1: [0.08043167311606302, -0.18046782231776448, -0.019588868528070198, 0.11962496017095064] - [0.037415581140786525, 0.1335963873211407, -0.13472618505342002, -0.036285823950938045] - [-0.001702836131341603, 0.2281900993885816, -0.12282839973869243, -0.10365892733843554] - [0.038863218149077665, -0.11448103478676123, -0.04641645766545446, 0.12203421168301515]
A2: [0.03530743938697547, -0.02927347948139623, -0.07569735344465553, 0.0696634038988054] - [0.10289378744764482, 0.2828967383542376, -0.3926063606811203, 0.006816034514633327] - [-0.011187093471518784, 0.53901459724542, -0.3594510093220952, -0.16837645769542636] - [0.09786279025427345, 0.017463307300259134, -0.1688510192280871, 0.0535248687749936]
B1: 1.7060220234024304e-08 - -8.070684667850913e-09 - 6.169663992041982e-09 - 1.1300275409528663e-08
B2: 3.9040309484895e-09 - 1.5816960019875114e-08 - 1.2885195799868465e-08 - 2.643678439988688e-09
