Number: 137
Error: 8.349738185260119e-05
A1: [0.02146341139910885, 0.020542057008540324, 0.056125411346626373, 0.04533037717572319] - [0.08595065976233819, 0.2090806924500081, -0.12495180940094887, -0.08794809008257083] - [-0.06269097166565668, 0.4553406036072482, -0.016380759001141637, -0.23193923900268545] - [0.034388357407839576, 0.01722681760475931, 0.03518024124597742, 0.06573259971520291]
A2: [0.20186713941392956, -0.12887149235223647, 0.04798826263831119, 0.0365219958968031] - [0.0472045996023442, 0.21871624873127046, -0.10631785853261187, -0.11517748583680021] - [-0.04455163700003253, 0.6223347997684335, -0.19492843760588008, -0.21974265900957127] - [0.029425284720114603, 0.028458528241815655, 0.0338740905008312, 0.038742382984832055]
B1: -0.0018592515485700443 - 0.10091931898609652 - -1.559373081331649e-05 - 0.0018132192175722953
B2: -0.00045956122539172507 - 0.12908680481371076 - -0.004548293282757216 - -0.003362254628976548
