Number: 6243
Error: 8.3550277794057e-16
A1: [0.0804316540375214, -0.18046784139413657, -0.019588887583755623, 0.1196249410946074] - [0.03741555739376661, 0.13359636359208307, -0.13472620875325855, -0.0362858476848726] - [-0.0017028293768938478, 0.22819010614289212, -0.12282839299413632, -0.10365892058580015] - [0.03886321443547378, -0.11448103848995529, -0.046416461376686334, 0.12203420797171577]
A2: [0.03530743561736846, -0.02927348326147919, -0.07569735702876718, 0.0696633999535198] - [0.10289371669037087, 0.28289666699641136, -0.3926064291167033, 0.006815960421487259] - [-0.011187143253624748, 0.5390145471664495, -0.3594510564419367, -0.16837651015256475] - [0.09786278707823447, 0.01746330410980463, -0.16885102225143853, 0.05352486544116582]
B1: 2.794351455087169e-09 - -1.0881157450547595e-08 - -6.907556275646492e-09 - -7.045818137326671e-09
B2: -1.1302371396379581e-08 - -1.1176124247409642e-08 - 5.960197520926766e-09 - -1.6109683522883854e-09
