Number: 8510
Error: 1.650430309511125e-15
A1: [0.08043160725756973, -0.18046788816878848, -0.01958893430781653, 0.11962489431999003] - [0.03741550441020241, 0.13359631064866906, -0.134726261631046, -0.036285900638980066] - [-0.0017029088049721056, 0.22819002671647573, -0.12282847230594653, -0.10365899999269039] - [0.038863216363959785, -0.11448103656681548, -0.04641645944940324, 0.12203420989905282]
A2: [0.035307692243547344, -0.029273225925493404, -0.07569711303122699, 0.06966366853997027] - [0.102893821975066, 0.2828967731746934, -0.3926063272865966, 0.006816070669812844] - [-0.011187088551501249, 0.5390146021948298, -0.3594510046651988, -0.16837645251100855] - [0.09786290333489531, 0.01746342089523891, -0.16885091158239945, 0.053524987472549274]
B1: 2.5003696720527133e-08 - -2.9171590301275196e-08 - 5.103193931158342e-10 - -3.240101979088222e-08
B2: -1.3336012866936261e-09 - -1.2011546328619083e-07 - -7.507860157183929e-09 - -1.4407743216791224e-08
