Number: 9511
Error: 3.3543235928761225e-13
A1: [0.05317236166436552, -0.14800145954062846, -0.02699923560138706, 0.12182763342042516] - [0.005312688696649779, 0.13083566204327055, -0.11360177476006966, -0.022550795960906502] - [-0.014445221914844587, 0.22309087520659157, -0.12704192435798922, -0.08160667861237843] - [0.02714369525759275, -0.10002280284193382, -0.04942727903788723, 0.12229534856944634]
A2: [0.08925168034660469, -0.07291614483369648, -0.12363013908916479, 0.10728356786309937] - [0.10884154465371322, 0.24981399693666553, -0.40484547003744353, 0.04618929284703029] - [0.03663557056716143, 0.46255475994704937, -0.37771780262483884, -0.12147363261280308] - [0.1434262038124624, -0.04460685185010037, -0.2014997594496883, 0.10267962971777696]
B1: -3.3538939082141544e-07 - -1.7442433221585257e-07 - -4.5402733776602904e-07 - -5.874830807112652e-07
B2: -2.3026163893392679e-07 - -1.2951810616088557e-07 - -5.456534309851974e-08 - 6.850879997893745e-07
