Number: 6328
Error: 1.0444282569526757e-15
A1: [0.0804317022044153, -0.18046779323269965, -0.019588839474454823, 0.11962498925599875] - [0.037415617481562934, 0.13359642363439958, -0.1347261487851875, -0.0362857876303627] - [-0.0017027634985873946, 0.2281901720197904, -0.12282832721228693, -0.10365885472507767] - [0.03886328791282553, -0.11448096521881282, -0.04641638794615549, 0.12203428140339781]
A2: [0.03530741645755422, -0.029273502474287817, -0.07569737524566605, 0.0696633799006854] - [0.10289381765244357, 0.28289676881536613, -0.3926063314675291, 0.0068160661435711445] - [-0.011187065405158163, 0.5390146254792525, -0.3594509827567129, -0.16837642812086454] - [0.09786283955891142, 0.017463356829200388, -0.16885097229325624, 0.05352492052882271]
B1: -7.485508966991444e-09 - 9.556665427908351e-09 - 2.140809250053443e-08 - -2.868585280289622e-09
B2: -1.287367583394403e-08 - -1.298239684030286e-08 - 2.6146974813342007e-08 - 1.1160623546750939e-08
