Number: 6048
Error: 6.894354770764171e-14
A1: [0.08043331152294357, -0.18046618409709042, -0.01958723208089652, 0.11962659839006505] - [0.0374175309047306, 0.13359833560721177, -0.1347242391777021, -0.03628387526934567] - [-0.0017013500102006393, 0.2281915854806058, -0.12282691579110919, -0.10365744161237123] - [0.03886503513049854, -0.1144792229036904, -0.04641464184123145, 0.12203602753540914]
A2: [0.03530570251062882, -0.02927522116331334, -0.07569900484005931, 0.06966158606936133] - [0.1028921047659546, 0.2828950413910031, -0.39260798814791553, 0.006814272500311822] - [-0.011187620285161464, 0.5390140672910376, -0.35945150796095454, -0.16837701281715614] - [0.09786275134089019, 0.017463268210544745, -0.16885105626982325, 0.05352482792925975]
B1: -3.192313435322483e-08 - 5.193686292737036e-07 - 4.33007784443784e-07 - 6.247247328546961e-08
B2: -7.112938546341832e-07 - -1.102778072839388e-06 - 2.332371699898638e-06 - 5.8473919646277214e-08
