Number: 3647
Error: 1.6831789357442312e-13
A1: [0.06620981154055687, -0.11395537453131852, -0.0239873177741749, 0.07171950366419631] - [0.03740356993962305, 0.1881942845577508, -0.14740800517738625, -0.0781860684926739] - [-0.06023104019854405, 0.3289491972726725, -0.12775474273846466, -0.1409699464849233] - [0.03904703055366029, -0.05332185895699616, -0.03741774732985489, 0.05169595663823115]
A2: [-0.00910969406878899, -0.34680437180481205, 0.24945396298967665, 0.10645550741323706] - [0.08004048780964315, 0.03628297018512185, -0.05024938868330048, -0.06607122976879458] - [-0.042452079339300904, 0.23083270792594165, -0.04053045240697198, -0.14784702042712097] - [0.06813435058791964, -0.29346832368036807, 0.14177077646102615, 0.08356138035898644]
B1: -2.711117069146898e-07 - -5.165502718133185e-07 - -9.512534558365333e-07 - -5.746572003889838e-07
B2: -7.732698994940519e-07 - 1.028796682883988e-06 - -5.30089220333768e-07 - -1.7245432467118612e-06
