Number: 5184
Error: 1.2883899488518477e-15
A1: [0.06621313537364776, -0.11395212498268908, -0.023983996551916242, 0.07172282191920253] - [0.03740255888090366, 0.1881933185616346, -0.14740899912522928, -0.07818706252853429] - [-0.060229269193591714, 0.3289508982182119, -0.127753009744028, -0.14096822280700744] - [0.03904615973974384, -0.0533226854952947, -0.0374185898102103, 0.051695120995725374]
A2: [-0.009108714108466778, -0.34680333220644183, 0.24945495088505917, 0.10645653486705921] - [0.0800398485822324, 0.0362822815518833, -0.05025008732380239, -0.06607193434732157] - [-0.04245278288537624, 0.2308319314516623, -0.040531206352378245, -0.1478477985249922] - [0.06813477540761723, -0.2934678559259766, 0.14177123701229735, 0.08356185667431985]
B1: 2.396345980110694e-08 - -2.9208658906746557e-08 - -3.0769614536941735e-08 - -1.946602373067689e-08
B2: 1.0469486636432974e-08 - -2.6476412530644354e-08 - -6.309902968135655e-08 - 8.891298647915285e-10
