Number: 2302
Error: 3.6282834829511993e-05
A1: [0.051304061244841645, -0.056799860117127954, -0.036465168713270366, -0.0017848633319021735] - [0.0019318233212991826, 0.15039875053500631, -0.18761461445615013, -0.13802789678573152] - [-0.13614015390276443, 0.4109992713961478, -0.11110806007720586, -0.19252923895878027] - [0.029409439978355233, 0.02008074708699078, -0.031056917142475687, -0.024042144518664675]
A2: [0.05447451837013487, -0.18646509955644577, 0.08062798573714135, 0.015093278155307133] - [0.07244540653785372, 0.24147016904467503, -0.05876836148844223, -0.08623655012122668] - [-0.08865420192030156, 0.5174336370318812, -0.22146501547040226, -0.19443554188338802] - [-0.0029876342469317974, 0.04019594491999694, -0.026483271156860718, 0.07957879451969535]
B1: -9.347968859931347e-05 - 0.012404276568417714 - -0.005229387745197173 - 0.013102814252276322
B2: 0.018033064249588695 - -0.007859667322131404 - 0.005347368332167236 - 0.0028401621276273946
