Number: 2019
Error: 8.633694958609576e-05
A1: [0.009154758124420306, 0.0005053852692305186, 0.016937010706663085, 0.035747048510008046] - [0.04743463061755392, 0.17109623103444785, -0.16717017888251673, -0.13153306954851648] - [-0.05658172568498973, 0.4984486643157228, -0.014350848918390032, -0.196917602614211] - [-0.014722383613293076, 0.024614896196496778, -0.02203847602755383, 0.048522035290454575]
A2: [0.13515715927834662, -0.2229435394528523, 0.028674510697891696, 0.0749124336487376] - [0.045276103179767324, 0.2150620978226662, -0.10246787310167452, -0.1094821000934347] - [-0.09738035024209919, 0.5500049082219121, -0.23556036071295983, -0.22843345999869982] - [-0.04825273860984343, -0.05046483540693083, -0.018716552492924643, 0.005945122473545519]
B1: 0.0049913751969025075 - 0.014252370503257936 - 0.013755454456046447 - 0.0010240056530233666
B2: 0.000866370629680379 - -0.003348852193884236 - 0.011627123319977036 - -0.0040138948488085135
