Number: 4060
Error: 1.1146746246019266e-15
A1: [0.06621317023674819, -0.11395209089864279, -0.023983961716151053, 0.0717228567238308] - [0.03740265153862549, 0.18819340708976776, -0.14740890803561954, -0.07818697143084435] - [-0.06022943982775841, 0.3289507343335446, -0.12775317671658099, -0.14096838888176716] - [0.03904606934048452, -0.05332277129900421, -0.03741867726858434, 0.05169503424755954]
A2: [-0.009108533931451319, -0.3468031410672697, 0.24945513252011275, 0.1064567237724254] - [0.08003982729117777, 0.036282258615290164, -0.05025011059383203, -0.06607195781486101] - [-0.04245285559683371, 0.23083185120287023, -0.04053128427290635, -0.14784787894108992] - [0.06813476818133976, -0.29346786388240387, 0.14177122917863091, 0.08356184857229333]
B1: -1.8011725540054328e-08 - -3.5532224622236237e-09 - -7.826000355656497e-09 - 4.8550638642874994e-09
B2: -3.802914628666626e-09 - 3.73356202220264e-08 - -2.1971785187147947e-08 - -3.6517065864557774e-08
