Number: 4149
Error: 9.385471835828457e-16
A1: [0.06621316462872535, -0.11395209638134453, -0.023983967319773054, 0.07172285112521966] - [0.03740260296445707, 0.1881933606804505, -0.14740895578774837, -0.07818701918719782] - [-0.06022937954346183, 0.3289507922332797, -0.12775311772593093, -0.14096833020839813] - [0.039046098575498976, -0.053322743550232664, -0.03741864898468006, 0.05169506230179601]
A2: [-0.00910866157523459, -0.3468032764773855, 0.24945500384355104, 0.10645658994488581] - [0.08003983815113892, 0.0362822703145813, -0.05025009872451092, -0.06607194584475376] - [-0.04245281084910416, 0.23083190058925887, -0.0405312363194592, -0.14784782945177022] - [0.06813477448163106, -0.29346785694550215, 0.1417712360087563, 0.08356185563608962]
B1: 1.950470429283567e-08 - -8.994667798029734e-09 - 2.818279213910247e-09 - 1.569858171870426e-09
B2: 1.5549764215351815e-08 - 1.877905393021723e-08 - -1.652058473959983e-08 - -1.238205467791862e-08
