Number: 7269
Error: 7.904309641796006e-16
A1: [0.08043168857513222, -0.18046780686044023, -0.019588853087439035, 0.11962497562827187] - [0.03741559174782354, 0.1335963979201387, -0.1347261744676468, -0.036285813349846985] - [-0.001702818357354715, 0.22819011716219423, -0.12282838199072411, -0.10365890956919976] - [0.038863235715307316, -0.11448101726984415, -0.046416440110413335, 0.12203422923831905]
A2: [0.03530751847401674, -0.029273400175659596, -0.07569727824970537, 0.06966348667195806] - [0.10289369244098603, 0.28289664254122937, -0.3926064525704028, 0.006815935028876289] - [-0.01118715358649285, 0.5390145367719408, -0.3594510662222602, -0.16837652104062673] - [0.09786281841452046, 0.01746333558862767, -0.16885099242133034, 0.05352489833407023]
B1: 1.4942005679887877e-08 - -2.9448023812642563e-08 - -3.0548438917931144e-08 - -2.5283188976278407e-09
B2: -1.015333971914069e-08 - -1.036577510429604e-08 - -1.0775253861561119e-08 - -1.1068099899827613e-08
