Number: 7800
Error: 9.269033761323261e-16
A1: [0.08043167746300922, -0.1804678179713129, -0.01958886418627336, 0.11962496451742018] - [0.03741556569896254, 0.13359637189098436, -0.13472620046459388, -0.036285839384275625] - [-0.0017028398180753818, 0.22819009570192617, -0.12282840342002393, -0.10365893102419114] - [0.03886322640568479, -0.1144810265533496, -0.046416449414099316, 0.12203421993448396]
A2: [0.03530745660541083, -0.029273462215367037, -0.07569733707358862, 0.06966342191976066] - [0.10289373084967343, 0.28289668127591316, -0.39260641542200947, 0.006815975248378384] - [-0.011186971388850239, 0.5390147200562945, -0.3594508937680449, -0.16837632905280178] - [0.09786287768959856, 0.0174633951333275, -0.16885093599521153, 0.05352496055352193]
B1: 5.093682716792906e-10 - -7.070795828601469e-09 - 3.9640380992489076e-08 - 1.957366136799501e-08
B2: 2.4433698123542795e-08 - -2.5562067265688116e-08 - 2.05191724614304e-08 - 2.1177812410438006e-08
