Number: 9002
Error: 6.571968774418818e-05
A1: [0.12878756433440672, -0.10017010104366633, 0.0482939429041691, 0.1895508445993183] - [0.11972339204547994, 0.24359646658973583, -0.002324971862473233, 0.09050265146525327] - [0.0574892211669647, 0.3009327393267108, -0.032766777642508786, -0.004331263489130933] - [0.13333334718207476, 0.004473181656709693, 0.06150451071113426, 0.22897735261613836]
A2: [0.03987027423003518, -0.09302470402129648, -0.14856271664290874, 0.08251065397697967] - [0.08558376885724642, 0.21572220245148346, -0.4402768145556307, 0.008901244021418217] - [0.01413467365329159, 0.46375826653681557, -0.4078187110153075, -0.13169698739181376] - [0.09905570400878544, -0.07049029991626507, -0.23877086347256346, 0.07028582216447532]
B1: -0.006780940878771871 - 0.005280342048560383 - -0.007631745657023623 - -0.007230212230640196
B2: -0.02417601384540246 - -0.004995218613258858 - 0.02859264117584174 - -0.009765087100726887
