Number: 6029
Error: 4.988776751133983e-13
A1: [0.08043369944782203, -0.18046579621856124, -0.019586844620545385, 0.11962698627028685] - [0.03741893853174245, 0.13359974215888223, -0.13472283436801882, -0.036282468429200875] - [-0.00170032628222171, 0.22819260919664763, -0.12282589355223654, -0.10365641815190205] - [0.038865855454876724, -0.11447840487822246, -0.04641382203579296, 0.12203684735218165]
A2: [0.03531117892692045, -0.029269729603748566, -0.07569379792887054, 0.06966731774255464] - [0.10289112856755758, 0.28289405690716984, -0.3926089323190772, 0.006813250275551009] - [-0.011184662214531842, 0.539017043013695, -0.359448708087559, -0.16837389579285905] - [0.09786481426546363, 0.017465340521311195, -0.16884909249832677, 0.05352699333165466]
B1: -6.158365571431557e-07 - 2.0269263094806955e-06 - -6.864565209886266e-07 - -4.735855150824026e-07
B2: -1.2533623352026753e-06 - -1.7973433366622188e-06 - 2.92673762289718e-06 - 6.464092454125185e-08
