Number: 6727
Error: 5.619755144403095e-16
A1: [0.0804316681075084, -0.18046782732574707, -0.019588873530593298, 0.11962495516298476] - [0.03741557624221754, 0.13359638242626537, -0.1347261899423641, -0.03628582884686597] - [-0.0017028344597557299, 0.22819010106013352, -0.12282839806955416, -0.10365892566730725] - [0.03886321726670608, -0.11448103566667013, -0.04641645854725778, 0.1220342108011852]
A2: [0.03530743069723951, -0.029273488195214102, -0.07569736170676823, 0.06966339480407364] - [0.10289375463105221, 0.2828967052591016, -0.3926063924209805, 0.006816000150942861] - [-0.011187122655418987, 0.5390145678875129, -0.359451036945302, -0.16837648844749137] - [0.09786279146355285, 0.01746330851507084, -0.16885101807690603, 0.053524870044331735]
B1: -3.7703051311836764e-09 - 1.8180304291928047e-09 - -9.425732122290542e-09 - -5.990664219706069e-09
B2: -7.821696794055087e-09 - -5.3775326721678e-09 - -6.935411389152803e-09 - -5.375952107188612e-09
