Number: 5010
Error: 5.109516107091722e-16
A1: [0.06621323954580334, -0.11395202313837964, -0.023983892461480805, 0.07172292591656604] - [0.03740268083542094, 0.18819343508091613, -0.1474088792345965, -0.07818694262729359] - [-0.06022921768714206, 0.32895094768749944, -0.12775295934279066, -0.14096817267690867] - [0.03904616589088443, -0.053322679656901704, -0.037418583859182585, 0.05169512689845286]
A2: [-0.009108532220894916, -0.34680313925270384, 0.24945513424442964, 0.10645672556578513] - [0.08003980934249218, 0.03628223927948216, -0.05025013021059039, -0.06607197759822644] - [-0.042452858266458816, 0.2308318482567019, -0.04053128713349115, -0.14784788189339276] - [0.06813474724462901, -0.29346788693454384, 0.14177120648110522, 0.08356182509847135]
B1: 3.816306599420452e-08 - 8.549962567375778e-09 - 1.4946082079069186e-08 - 1.2448569213970954e-08
B2: 2.7025477611177866e-08 - 2.9406426526549064e-08 - 3.035089905614559e-08 - 1.0080449283043803e-09
