Number: 8996
Error: 0.000170403754982243
A1: [0.024184148935815337, -0.20929862350784667, -0.056546781313773595, 0.084061155857007] - [0.08485357632979788, 0.2098526221822644, -0.03730775623656674, 0.055959720461131145] - [-0.06389370495145558, 0.17643442811757737, -0.15474068592846918, -0.12760195756321482] - [0.07273005721400116, -0.05681399934475989, 0.0005737810248138634, 0.16819880925236347]
A2: [0.15286418977649005, 0.03583584095865181, -0.03262693503500297, 0.20835432486132138] - [0.15310391444396448, 0.29161031556685146, -0.37134112727795576, 0.08354010650650207] - [0.11034956507669062, 0.5743572840889919, -0.3078014573622878, -0.023714070860999227] - [0.21223542828651068, 0.057293426618127856, -0.12163549728292594, 0.1958215284856624]
B1: -0.004094138820488515 - 0.013521793846995724 - -0.0025173398747904835 - 0.006035470040297114
B2: -0.022393532371956317 - 0.003461991367378088 - 0.068802618385041 - -0.003698532720889002
