Number: 7551
Error: 8.347450158897864e-16
A1: [0.08043173227519101, -0.18046776316533958, -0.01958880943964408, 0.11962501932333325] - [0.03741561273034909, 0.13359641888677723, -0.13472615352693448, -0.036285792378949515] - [-0.001702748054950455, 0.22819018746309347, -0.12282831179126136, -0.1036588392855603] - [0.03886326257616355, -0.11448099048437789, -0.04641641326668236, 0.12203425608247431]
A2: [0.035307358383280286, -0.02927356070916866, -0.07569743046202691, 0.0696633191197356] - [0.1028936603906436, 0.28289661021888474, -0.39260648356909555, 0.006815901467520935] - [-0.011187227459681235, 0.5390144624581445, -0.3594511361449176, -0.16837659888328999] - [0.09786270139578031, 0.017463218037623407, -0.1688511038156736, 0.05352477550257905]
B1: 1.0749756706173506e-08 - -9.854396993460797e-09 - -2.2895577931057646e-09 - -2.262651388924053e-09
B2: -9.81689723101049e-09 - -2.3476788159919034e-08 - 7.94532901220653e-09 - -2.1671695072620332e-08
