Number: 5825
Error: 2.8246608373555264e-06
A1: [0.07097635280015345, -0.18998233288472305, -0.029000455496609154, 0.11018124266401784] - [0.026500254459531143, 0.12263992405709817, -0.14562972228058513, -0.04720905277162433] - [-0.006581114947613447, 0.22329007884266036, -0.12766169045063647, -0.10851802915362203] - [0.034930521857275625, -0.11843751758093932, -0.05026033335392595, 0.11815046232912646]
A2: [0.03349341742632843, -0.031120651777752403, -0.07738767742142044, 0.06783034849310302] - [0.09140903619321557, 0.2712100752910388, -0.4037043349249685, -0.005115878735613983] - [-0.00011922449966531089, 0.5502154503780526, -0.3489678847923247, -0.1567590193082644] - [0.10169623442760918, 0.021338364654608262, -0.16519026328360198, 0.05754259533260587]
B1: 0.0015649714911734817 - -0.0009712118651316806 - 0.0004236335569636982 - 0.0006267555966970482
B2: -0.0005153181405390906 - 0.0005694040345196986 - -0.0029352639245586675 - -0.00032778717350904406
