Number: 2891
Error: 4.96642726749952e-09
A1: [0.06332193734463774, -0.04798433604900731, -0.023554890153054734, 0.00774305246737853] - [0.04392794633085357, 0.19152767845885182, -0.14229027388482374, -0.09221933531653147] - [-0.12346659154900504, 0.41483832926769015, -0.10488189918102069, -0.18709658056223022] - [0.036867050238213656, 0.01902907504638552, -0.03327049297413617, -0.023189808093988237]
A2: [0.06441314023707238, -0.1727191404435993, 0.08729038602935092, 0.02491448205929666] - [0.029641702428856248, 0.2006453414146733, -0.10135972217215711, -0.1275289719740034] - [-0.09298660088926845, 0.5140978084496216, -0.22518176337299808, -0.19468804913700458] - [-0.025787809932771327, 0.018659051152425346, -0.05014791121627709, 0.05711310133008047]
B1: 0.0001105315566196146 - -4.5662112738751864e-05 - -0.00025619491631189947 - 0.00016904214857252844
B2: -0.00015686898764789983 - -6.202701763070863e-05 - -3.064353162118868e-05 - -3.4889652664767294e-05
