Number: 7028
Error: 8.473543518328049e-16
A1: [0.08043170544467176, -0.18046778999281157, -0.019588836238071325, 0.11962499249588458] - [0.03741559199543629, 0.13359639816756125, -0.13472617422053149, -0.03628581310237311] - [-0.001702798755196682, 0.2281901367639302, -0.12282836241727357, -0.10365888997227783] - [0.03886320700410231, -0.11448104590047302, -0.046416468803321634, 0.12203420054495988]
A2: [0.03530745513473682, -0.029273463690124627, -0.07569733847190283, 0.06966342038056321] - [0.10289371622617345, 0.28289666652828077, -0.39260642956567665, 0.006815959935428413] - [-0.011187126516732296, 0.5390145640031594, -0.3594510406001278, -0.16837649251629536] - [0.09786280051744019, 0.01746331761014129, -0.16885100945819348, 0.05352487954796858]
B1: 5.999997660271248e-09 - -1.2811985699253386e-08 - -6.792748432905655e-09 - 7.619645090644002e-10
B2: 4.886138194708778e-09 - -5.8303048662834965e-09 - 1.4762024881711553e-08 - -2.5506823939601953e-08
