Number: 9820
Error: 6.080785897945528e-16
A1: [0.05317257172115446, -0.14800124938698225, -0.026999025763633836, 0.12182784357333844] - [0.005313745601710432, 0.13083672008038008, -0.11360071799143696, -0.022549737555043272] - [-0.014444461725357252, 0.22309163568621806, -0.12704116475735405, -0.08160591814242396] - [0.027146447508557686, -0.10002005062536642, -0.04942452101327475, 0.12229810778461199]
A2: [0.08925426988067603, -0.07291356128681654, -0.12362760790775161, 0.10728618928999807] - [0.10884185098378753, 0.24981430331763987, -0.4048451697685689, 0.04618960432876292] - [0.036636123202803704, 0.4625553096956493, -0.377717263447992, -0.12147307425451326] - [0.14342661756426056, -0.044606439644620945, -0.2014993554629798, 0.10268004959327326]
B1: 5.819273602515936e-08 - 6.143574472754588e-08 - 5.312818174571899e-08 - -5.73376553760009e-09
B2: 3.414554549861264e-08 - 3.018146639156466e-08 - 4.805836685466449e-08 - 1.373411897165268e-08
