Number: 9847
Error: 5.720075235130255e-16
A1: [0.05317249797734499, -0.14800132315787795, -0.02699909942613706, 0.12182776979398968] - [0.00531372060954136, 0.1308366950620124, -0.11360074297980623, -0.022549762582442838] - [-0.014444516818149428, 0.22309158057325862, -0.12704121980652183, -0.08160597325486882] - [0.02714644490225036, -0.10002005323166538, -0.04942452362507362, 0.12229810517168783]
A2: [0.08925449718311085, -0.07291333451000964, -0.12362738572658054, 0.1072864193951067] - [0.10884158080768586, 0.2498140330938757, -0.4048454345933163, 0.04618932960685835] - [0.03663566338615608, 0.46255485227155246, -0.3777177120680536, -0.12147353884017976] - [0.14342623422064518, -0.044606821560429645, -0.2014997297648228, 0.10267966056233419]
B1: -3.9785062156625896e-08 - -2.8624318322715233e-08 - -1.7930452404703697e-08 - 5.872469220638769e-09
B2: -2.3591520183660456e-08 - -1.7282321934629143e-08 - -2.6612631333395976e-08 - -7.371004688824137e-09
