Number: 5000
Error: 9.157400065791794e-16
A1: [0.06621324490430677, -0.11395201789962281, -0.02398388710718602, 0.07172293126607338] - [0.037402638796066194, 0.18819339491515047, -0.14740892056251198, -0.07818698395886406] - [-0.060229319622387194, 0.32895084978420625, -0.12775305909067228, -0.14096827188830677] - [0.039046224547023355, -0.053322623982658676, -0.03741852711130076, 0.05169518318556432]
A2: [-0.009108709135511265, -0.3468033269310745, 0.24945495589843167, 0.10645654008076343] - [0.0800398132193673, 0.036282243455983534, -0.0502501259733909, -0.06607197332504816] - [-0.04245285511619691, 0.23083185173351783, -0.040531283757549344, -0.14784787840932842] - [0.06813473177645021, -0.29346790396563666, 0.1417711897121465, 0.08356180775584304]
B1: -2.089386164978345e-08 - 4.825767535820165e-09 - 2.1989225785840754e-08 - 1.2392795404106541e-08
B2: 1.0989917163468261e-08 - 2.3322234353022078e-08 - -1.0221375370379483e-09 - -1.8221770718305263e-08
