Number: 9228
Error: 1.1825485696201137e-07
A1: [0.05301540475311594, -0.14816052878724734, -0.027157496993819315, 0.12167039877152573] - [0.00658870489186797, 0.132113917068742, -0.11232464580288781, -0.021271464550667887] - [-0.01320695044762516, 0.22432976279301162, -0.12580437690276458, -0.08036709049107747] - [0.026697741667154707, -0.10047124263169965, -0.049876285494443034, 0.12184831370302233]
A2: [0.08978637905933391, -0.07237853694143818, -0.12310484204399633, 0.10782464216924346] - [0.10912919910662558, 0.2501008242497975, -0.40456404338057045, 0.04648208923082914] - [0.03633468051557253, 0.4622548585720751, -0.37801112814038434, -0.12177706417895975] - [0.1442172355468675, -0.043816366347425126, -0.20072532211550123, 0.10348205306111843]
B1: -6.329858398840312e-05 - 9.253877337807325e-05 - 0.00014052597799049419 - -9.794296062939963e-05
B2: 0.0005326711278485051 - -0.00022626336547966247 - 0.00035371166148556813 - 0.0006926868938719555
