Number: 3204
Error: 0.005659960388322333
A1: [0.04730832907461596, -0.09100374274950791, -0.05555667867522526, -0.02370539594366683] - [-0.0016138372533150563, 0.14502988074881518, -0.18942527812404586, -0.13610211103153108] - [-0.33797627233092536, 0.19212361738073414, -0.32297373836317766, -0.3916193134350505] - [-0.3718928887062394, -0.38272243265979866, -0.42822416774345107, -0.3909245197620355]
A2: [0.15329862537066688, -0.03906570844708199, 0.19985969700588246, 0.1656233619754089] - [0.1599786966831754, 0.340663729874975, 0.02918686733462759, 0.0015331349893495973] - [0.026154781056675347, 0.6510632593575306, -0.11003071099267868, -0.08751558540267948] - [0.1966920602192851, 0.2482299244005336, 0.15288153854623326, 0.23129868002327636]
B1: -0.011235912940520454 - -0.13784579979024902 - -0.045391422328727685 - -0.07201005672550337
B2: -0.06017223977881433 - 0.005444439849002614 - 0.0028839772707215383 - 0.06535937541303163
