Number: 5100
Error: 1.265434112985879e-15
A1: [0.06621323441264196, -0.11395202815686989, -0.023983897590655792, 0.07172292079198112] - [0.03740260711877191, 0.1881933646496503, -0.1474089517037083, -0.07818701510281748] - [-0.06022929039194726, 0.3289508778584236, -0.12775303048749528, -0.14096824343895809] - [0.03904615062694908, -0.05332269414484594, -0.03741859862652504, 0.0516951122510108]
A2: [-0.009108516363804562, -0.3468031224308179, 0.24945515022977355, 0.10645674219109819] - [0.08003977134769982, 0.03628219834824961, -0.050250171736684494, -0.0660720194769195] - [-0.0424527917135987, 0.2308319217083454, -0.0405312158130017, -0.14784780828864574] - [0.06813478727068502, -0.29346784286424565, 0.14177124987306247, 0.08356186997493416]
B1: -1.3986547412484397e-08 - -1.6585941473294646e-09 - -3.683049763585527e-08 - -3.401991042765697e-08
B2: 1.991461313238707e-08 - 6.744525606270847e-09 - -8.117292974085975e-08 - 2.470173734094692e-08
