Number: 5281
Error: 1.15361754864905e-15
A1: [0.06621304226310536, -0.11395221601253605, -0.023984089589383247, 0.07172272896491987] - [0.0374025787832073, 0.18819333757697704, -0.14740897955971025, -0.07818704296129017] - [-0.06022941879098132, 0.3289507545378294, -0.1277531561313942, -0.14096836840702698] - [0.03904603300277627, -0.05332280578936384, -0.03741871242407433, 0.05169499937741479]
A2: [-0.009108602736382377, -0.34680321405835746, 0.24945506315815452, 0.10645665163438395] - [0.08003986811201198, 0.036282302591020006, -0.05025006597886569, -0.06607191282117124] - [-0.042452924607731826, 0.23083177503863528, -0.040531358227295665, -0.14784795526398095] - [0.06813469277343241, -0.29346794690949235, 0.14177114742909774, 0.08356176402654511]
B1: 1.377405956659754e-07 - -8.363247719357435e-08 - -1.2786913061622541e-08 - -3.3934896762828554e-08
B2: -2.6954893083198562e-08 - 3.417458470407517e-08 - -1.086747063566149e-08 - -2.194654107257182e-08
