Number: 927
Error: 4.5526841981925456e-09
A1: [-0.01240179324831165, -0.01477245143306389, 0.01781265758449199, 0.008317535166807498] - [0.06588042433003419, 0.18953872201923105, -0.1452758431420014, -0.10995825177977146] - [-0.09617116741823015, 0.42190382008184957, -0.05332508949139488, -0.2718937736431019] - [-0.0012485029697422423, -0.01814899713917404, -0.0037574046574305854, 0.02346125689122332]
A2: [0.1615606861665545, -0.167780172881769, 0.008475898600488665, -0.0023582941660078003] - [0.035475007077118134, 0.20750617805471702, -0.11722108711698377, -0.12580251787841684] - [-0.08613407985017178, 0.5816160898538645, -0.2353113165109905, -0.25985795305708803] - [-0.0036790848639624858, -0.004365927584835015, 0.0012646097728745123, 0.007392562633736445]
B1: 1.5349384689356221e-06 - -2.9274949136921352e-05 - -1.6186486055799583e-05 - -3.277788362838422e-05
B2: -4.778789772579929e-05 - 0.00015552926408083918 - 4.0166102156174465e-05 - -3.319780004129618e-07
