Number: 2272
Error: 9.363562740705755e-05
A1: [0.031215735898194787, -0.07290086807388735, -0.04976859562873058, -0.020527787001178924] - [0.008894508385626627, 0.15048298075797223, -0.19354146449241752, -0.14353236643671474] - [-0.13475484863326923, 0.41743082451896335, -0.1032595032169264, -0.1823828062197284] - [0.01901348114266448, 0.01514101176624505, -0.03351894560022044, -0.03204639864979016]
A2: [0.07121070811817672, -0.17359857581228644, 0.0996878660104489, 0.030599299000617034] - [-0.016230183361903162, 0.15626896629084963, -0.14505075277415488, -0.17282507348594411] - [-0.19385470539288674, 0.4307119430933615, -0.31639602917976517, -0.29128170973274486] - [-0.074362303046787, -0.01438946424290613, -0.09488666000734158, 0.013709942788669341]
B1: 0.009774787101885675 - -0.011824498497132017 - 0.025300506767723926 - -0.01823485771307491
B2: 0.004903775380822812 - -0.003416132591971509 - 0.021271117092188704 - 0.009885501234108826
