Number: 4877
Error: 6.770278920588854e-16
A1: [0.0662130934778232, -0.11395216594226755, -0.023984038414839388, 0.07172278009371365] - [0.03740257749857532, 0.188193336349536, -0.1474089808226562, -0.07818704422433624] - [-0.06022928163632946, 0.3289508862677603, -0.12775302191973983, -0.14096823491730187] - [0.03904622518659482, -0.05332262337560643, -0.037418526492534895, 0.05169518379930162]
A2: [-0.009108591539219498, -0.3468032021800716, 0.24945507444615012, 0.10645666337384098] - [0.08003987722715886, 0.03628231241065613, -0.050250056016588676, -0.06607190277422856] - [-0.042452815109386845, 0.23083189588740008, -0.04053124088474816, -0.14784783416342842] - [0.06813477502116103, -0.29346785635144806, 0.14177123659349034, 0.08356185624100507]
B1: 6.135725834439312e-09 - 7.67956573545303e-09 - -4.2695427111950915e-09 - -1.412897996422252e-09
B2: 4.6347020989664585e-09 - -1.3183579597513392e-08 - -6.281493257421186e-09 - 5.627393867549334e-08
