Number: 1206
Error: 1.1376449083104568e-07
A1: [-0.006816812648165665, -0.014614951134571263, 0.0033789806819772414, 0.019831109208185094] - [0.06712648827620193, 0.1901735504648777, -0.1464254886752951, -0.10952854698683286] - [-0.11208273548833836, 0.44228300820808464, -0.07026201468310168, -0.25755969709489446] - [-0.022774183058532346, 0.015933639617239127, -0.029320778370701746, 0.03953465081241801]
A2: [0.1332269612661139, -0.2230123556329012, 0.024280313205715415, 0.07176529770822647] - [0.03287181931659532, 0.20397163426916476, -0.11466382894787022, -0.12123765527599674] - [-0.09304360612411382, 0.5570910139356573, -0.2336543063485598, -0.2240861658894569] - [-0.018706424249801512, -0.017188241527880205, 0.010222509966148553, 0.03422256161461233]
B1: -8.260340488381065e-05 - 0.00010751611944684393 - -0.0004266382583333752 - -0.0002037605084868881
B2: -0.0001273299935593916 - -0.00035701866338657285 - -0.00031190312637478703 - -0.00035732493249739875
