Number: 7009
Error: 1.078274652284127e-15
A1: [0.08043170132414726, -0.18046779411286937, -0.01958884035366853, 0.11962498837583083] - [0.03741558730584465, 0.1335963934815189, -0.13472617890077904, -0.03628581778936702] - [-0.001702800487343553, 0.22819013503182037, -0.12282836414688392, -0.10365889170396231] - [0.038863200390991136, -0.11448105249502567, -0.04641647541221964, 0.1220341939359585]
A2: [0.03530742955804919, -0.029273489337553565, -0.07569736278989393, 0.06966339361178857] - [0.10289370847226371, 0.28289665870856295, -0.3926064370651573, 0.006815951815952408] - [-0.011187094247496405, 0.5390145964648668, -0.35945101005659075, -0.16837645851307848] - [0.09786280440892944, 0.01746332151933151, -0.16885100575374717, 0.0535248836327649]
B1: 7.889604108905328e-10 - 4.172910331703081e-09 - 8.240358567807797e-10 - -1.5661434690853259e-09
B2: 1.0657692385981171e-08 - -6.158766857272239e-10 - 1.6331073456913976e-08 - -2.1341592791769754e-08
