Number: 6983
Error: 1.0285612334559654e-15
A1: [0.08043168993465913, -0.18046780550106756, -0.019588851729537962, 0.11962497698764357] - [0.03741559066547736, 0.13359639683860874, -0.1347261755478407, -0.0362858144315954] - [-0.0017028153806235356, 0.22819012013885795, -0.12282837901835751, -0.10365890659326753] - [0.03886322517211411, -0.11448102778344779, -0.046416450646888076, 0.1220342187016795]
A2: [0.03530743901888647, -0.02927347985054903, -0.07569735379465042, 0.06966340351358068] - [0.10289376500642368, 0.282896715722533, -0.39260638238605416, 0.006816011015475442] - [-0.011187086995344884, 0.5390146037602744, -0.3594510031922699, -0.168376450871235] - [0.0978628059146799, 0.017463323031931086, -0.1688510043203703, 0.05352488521331273]
B1: -4.106269895600282e-09 - -9.682217806229653e-09 - 4.53809455690867e-09 - -3.263892036044211e-10
B2: 3.5382704658655255e-10 - -3.2934876643765596e-09 - 1.3922986298841099e-09 - -7.1805752186317835e-09
