Number: 7714
Error: 9.872014768559677e-16
A1: [0.08043165698305166, -0.18046783844895206, -0.019588884641741886, 0.11962494403980206] - [0.03741560805661484, 0.13359641421657842, -0.13472615819134207, -0.03628579705008794] - [-0.001702840334229288, 0.22819009518578273, -0.12282840393542117, -0.10365893154020701] - [0.03886320282380051, -0.11448105006905533, -0.04641647298095576, 0.12203419636725658]
A2: [0.035307365830071324, -0.029273553241781113, -0.07569742338172433, 0.06966332691362413] - [0.10289364252580409, 0.28289659220242935, -0.3926065008477497, 0.0068158827604493915] - [-0.011187134135390357, 0.5390145563390666, -0.3594510478113705, -0.16837650054430747] - [0.0978627728216026, 0.01746328978833232, -0.1688510358228646, 0.0535248504763872]
B1: 1.0814636290678035e-08 - -1.3662198356019595e-08 - -3.015010187803447e-08 - -1.6390341594457837e-08
B2: -1.3887966599020083e-08 - 1.696531314695175e-08 - -4.827520552494827e-09 - -1.385675880961547e-08
