Number: 6032
Error: 1.0121591851085048e-13
A1: [0.08043394490304859, -0.18046555078983012, -0.019586599458314063, 0.11962723169780885] - [0.037418995289815245, 0.1335997988778017, -0.1347227777188279, -0.03628241170011497] - [-0.0017006117814793477, 0.22819232370043416, -0.12282617863633857, -0.10365670357669493] - [0.038865928251925586, -0.11447833228596987, -0.04641374928594562, 0.12203692010352621]
A2: [0.035312539688961905, -0.029268365075089012, -0.07569250413701867, 0.0696687419278387] - [0.10289217757792375, 0.2828951148210687, -0.3926079177287008, 0.006814348744007781] - [-0.011187134793011722, 0.5390145556837591, -0.35945104843434855, -0.16837650123751674] - [0.09786379574359245, 0.017464317365460988, -0.16885006206525457, 0.05352592421386864]
B1: 6.773889837726502e-07 - 1.0832683782898959e-06 - -9.003260686901886e-07 - -4.1558622213096764e-07
B2: -1.0634285269341943e-06 - -1.6749304379556103e-06 - 3.0153704206386034e-06 - 1.4757331764022742e-07
