Number: 2264
Error: 0.00010762673837075227
A1: [0.050767820035675745, -0.0531906105576472, -0.029012864317346506, 0.0001901980173531423] - [0.03891009436323451, 0.17874743571428303, -0.16402055634381363, -0.11231910408497142] - [-0.11294789118500545, 0.43991932341265627, -0.07588872522446095, -0.15778536176369953] - [0.02275272155135709, 0.019617022671173538, -0.027802810152646844, -0.02838947486935962]
A2: [0.01454537235899888, -0.23148395672020208, 0.042318124547797945, -0.02657344421852715] - [0.004638370267003701, 0.1763943578536088, -0.12407979326344283, -0.15294122913760524] - [-0.19083313386774825, 0.43560248641969823, -0.3164015797733075, -0.288458223623553] - [-0.05590014305994671, 0.006368192405703417, -0.07608530399147828, 0.03510453767329805]
B1: -0.00040550421570772783 - 0.013331035755931022 - 0.020626291374182745 - -0.0024015996933939594
B2: 0.009880521196378831 - 0.0026011908721461224 - 0.01169287787479914 - 0.01489000250810893
