Number: 942
Error: 4.527949322707993e-09
A1: [-0.012108111685265965, -0.014470789340704886, 0.018137244428012896, 0.008631368957403055] - [0.06576746608376773, 0.1894300553354807, -0.1453926242480374, -0.11008401225145753] - [-0.09583564403573437, 0.42222804207053477, -0.05296106097382814, -0.2715029964312162] - [-0.0008319101209407944, -0.017748427894388873, -0.0033140111427955457, 0.023942625425359704]
A2: [0.16182801527981697, -0.1675178431128554, 0.008737911853004739, -0.002097562750982324] - [0.035538507360567406, 0.2075686712668518, -0.11715782309811608, -0.12574035142147522] - [-0.08618493699797525, 0.5815662929213203, -0.2353607706669485, -0.259907488357068] - [-0.003803821254549032, -0.004488568406313484, 0.0011411737659147545, 0.007273269314570989]
B1: -1.1429135597584937e-05 - 5.997206507055864e-05 - -5.442809936580346e-05 - 2.786421034175759e-05
B2: -0.00013164040474070775 - 8.541460463315192e-05 - -5.806517782730854e-06 - -8.784718061620771e-05
