Number: 530
Error: 2.2574329582499573e-13
A1: [-0.012153064300830081, -0.014516831632594717, 0.01808764763658375, 0.008583449493858546] - [0.06583649131385369, 0.18949646901348752, -0.14532127177684048, -0.11000716244349315] - [-0.09629151969321446, 0.42178759215955025, -0.05345564660086366, -0.2720339233338402] - [-0.0013231224514657833, -0.018220804962735575, -0.003836837509142535, 0.023374868592086602]
A2: [0.16158616188509214, -0.16775532166245866, 0.008500786241425837, -0.002333614356492534] - [0.035485875219865556, 0.20751687103036576, -0.1172102731575023, -0.1257918811537071] - [-0.08621411818459156, 0.5815375600332751, -0.2353892846714441, -0.2599361274216631] - [-0.0038354745597276255, -0.004519788635228693, 0.0011097548148155676, 0.007242907450458037]
B1: 4.524823356465358e-07 - 7.057255195168918e-07 - 2.4032582499169413e-07 - -1.1824458611233337e-07
B2: 8.919305053940076e-07 - 4.741367287765528e-07 - 5.792554554279967e-08 - -1.3153028842521209e-06
