Number: 6893
Error: 1.0697727706694381e-15
A1: [0.08043166598531784, -0.18046782944769665, -0.01958887565024683, 0.11962495304103636] - [0.03741558025193061, 0.1335963864329435, -0.1347261859406403, -0.03628582483937413] - [-0.0017028313121267172, 0.2281901042076949, -0.12282839492653425, -0.10365892252051867] - [0.03886322135311539, -0.11448103159172889, -0.04641645446345253, 0.12203421488505457]
A2: [0.03530753975710911, -0.029273378833700042, -0.07569725801403902, 0.06966350894706073] - [0.10289374553345759, 0.28289669608429485, -0.392606401220055, 0.006815990624430776] - [-0.011187101825499791, 0.5390145888416706, -0.35945101722933437, -0.16837646649827653] - [0.09786284031301831, 0.017463357586735208, -0.16885097157538026, 0.05352492132037104]
B1: -1.6949217927336284e-08 - 2.056508441507414e-08 - -3.328589240709869e-08 - -7.544809055329695e-09
B2: -1.4399323811307347e-08 - -9.370063156582268e-09 - -3.361278364908336e-09 - -8.752082148365296e-09
