Number: 7297
Error: 8.606163068157403e-16
A1: [0.08043166927026377, -0.18046782616312312, -0.01958887236922535, 0.11962495632560789] - [0.037415572313189364, 0.133596378500213, -0.1347261938635578, -0.036285832773715845] - [-0.0017028358981318837, 0.22819009962179007, -0.12282839950581981, -0.1036589271052961] - [0.03886321371421715, -0.11448103920919206, -0.04641646209748507, 0.12203420725090244]
A2: [0.03530740860115617, -0.02927351035241059, -0.07569738271546488, 0.06966337167813871] - [0.10289379058799199, 0.2828967415212133, -0.3926063576438819, 0.006816037803104073] - [-0.011187038085274, 0.5390146529620685, -0.3594509568977968, -0.16837639933301116] - [0.09786281079517027, 0.017463327934619965, -0.16885099967446132, 0.05352489033623612]
B1: -2.1577394400002907e-08 - 8.40761319840686e-09 - 1.0620056937250244e-08 - -5.670914086111106e-09
B2: 1.3207532260214938e-10 - 3.4004220953217985e-10 - 1.484228025431385e-09 - 1.0580488836152736e-09
