Number: 8275
Error: 8.754340631044605e-16
A1: [0.0804316971229338, -0.18046779831363302, -0.0195888445499189, 0.11962498417506234] - [0.03741563647285457, 0.13359644261136056, -0.13472612983158327, -0.03628576864950604] - [-0.0017028008555274672, 0.22819013466363364, -0.12282836451453472, -0.10365889207205242] - [0.03886324845051911, -0.11448100457037935, -0.046416427383338135, 0.12203424196560514]
A2: [0.03530742320473862, -0.02927349570838292, -0.0756973688305598, 0.0696633869623784] - [0.10289366851074296, 0.28289661840791325, -0.392606475715462, 0.00681590997049421] - [-0.0111870513065865, 0.5390146396618392, -0.35945096941198723, -0.1683764132648554] - [0.09786294096298348, 0.017463458694474143, -0.16885087576287267, 0.05352502696977053]
B1: 7.69310950937818e-09 - -3.616295909588424e-08 - 2.9017220854302298e-08 - 4.446558286539067e-08
B2: -2.165236541066208e-09 - 1.6354460129863617e-08 - 1.9328433365757117e-08 - -5.055266360382745e-09
