Number: 837
Error: 5.639307617971344e-12
A1: [-0.012169359453185886, -0.014533568374515747, 0.01806963657279253, 0.00856603622021424] - [0.0658410264594979, 0.18950083163603304, -0.14531658283239218, -0.11000211301907231] - [-0.09631157125053158, 0.4217682126465702, -0.05347740493085468, -0.27205728442623495] - [-0.0013635119185362262, -0.018259647896387014, -0.003879830816183993, 0.02332818550090136]
A2: [0.16158773614773167, -0.16775377708038955, 0.00850232866195176, -0.002332079373313843] - [0.035486571541262925, 0.2075175561628106, -0.11720957976404453, -0.1257911999391103] - [-0.08621114178392703, 0.581540475373243, -0.2353863886429166, -0.2599332246170212] - [-0.0038361957564146403, -0.004520497833077454, 0.0011090409554498507, 0.0072422175458376455]
B1: 1.1124015318269296e-06 - 6.045666541402035e-07 - 2.509754910988004e-07 - -5.458483493019249e-07
B2: 3.532829380031735e-06 - -1.0904809287256402e-05 - 7.734819849591803e-06 - -4.6074384207161276e-06
