Number: 5740
Error: 0.0016947671228505895
A1: [-0.06189173028369244, -0.32154465475543176, -0.16563743473383605, -0.024027435851210116] - [-0.08269390874606193, -0.0006890885581485196, -0.2659824584082058, -0.16268977120700037] - [-0.1966843572892609, 0.06200156957721786, -0.311009042556086, -0.29268030157831987] - [-0.17389745494363107, -0.2871219072238809, -0.2443946145490415, -0.08022741201901026]
A2: [-0.06733963808763002, -0.13001733834268325, -0.14695314829411843, -0.04513231790942797] - [0.12998528432460588, 0.31794196736075214, -0.367977412806446, 0.00818480745767064] - [-0.08533497923130967, 0.4708559133881816, -0.4146286122514452, -0.26552515870539] - [0.017521956294352867, -0.05793181562259311, -0.22714611111073307, -0.04768242195620526]
B1: 0.018153308247762522 - -0.15640850423180525 - -0.010073153964889548 - -0.011598624865994594
B2: -0.029174495325687395 - -0.0218811913027012 - -0.08178721796250224 - -0.038603211001158544
