Number: 9551
Error: 2.8802167798779826e-13
A1: [0.05317204624564859, -0.14800177506514242, -0.026999550664412054, 0.12182731785256007] - [0.0053134563115744314, 0.1308364304681345, -0.11360100725257737, -0.022550027253463674] - [-0.01444515534623655, 0.22309094180250214, -0.12704185783605046, -0.08160661201311771] - [0.027144113855074484, -0.10002238428813318, -0.049426859598081234, 0.12229576819063595]
A2: [0.08925742321201037, -0.07291041526150173, -0.12362452563706844, 0.10728938147688741] - [0.10884451425999919, 0.2498169670621113, -0.4048425592543667, 0.04619231239959553] - [0.03663810399554697, 0.46255728018061554, -0.3777153308968185, -0.12147107293562376] - [0.1434271510668784, -0.04460590813970307, -0.201498834552072, 0.10268059099635256]
B1: -5.238355276674084e-07 - -2.1732230129554096e-07 - 5.927433584427747e-08 - 2.682989108430539e-07
B2: 2.1623345717942714e-07 - -8.929091435430987e-08 - 8.036814979878278e-08 - 7.758268753981195e-07
