Number: 6998
Error: 9.560800485467775e-16
A1: [0.08043169257021379, -0.18046780286581143, -0.01958884909713464, 0.11962497962289721] - [0.03741558891728331, 0.1335963950917379, -0.13472617729255132, -0.036285816178821026] - [-0.0017028099157882807, 0.22819012560357665, -0.12282837356152367, -0.10365890112989072] - [0.03886321702993751, -0.11448103590277434, -0.046416458783876305, 0.1220342105645634]
A2: [0.03530739257203777, -0.029273526425862915, -0.07569739795572517, 0.06966335490191952] - [0.10289370279581511, 0.28289665298393785, -0.3926064425553445, 0.006815945871881725] - [-0.011187022272439551, 0.539014668869223, -0.3594509419306277, -0.16837638267045466] - [0.09786279475244666, 0.017463311818924816, -0.16885101494609459, 0.05352487349660249]
B1: -1.375340650874853e-08 - -7.7366172369675e-09 - 2.7456592540954824e-08 - -4.125107319277226e-09
B2: 5.014051164309247e-09 - -7.008657176679959e-10 - 5.857768512467327e-09 - -9.433845365446135e-09
