Number: 5927
Error: 1.271606305565511e-09
A1: [0.08061180604203093, -0.18028772053811637, -0.01940894407396609, 0.11980507598510154] - [0.037677211340814185, 0.1338578039829648, -0.13446505788969465, -0.03602432637737492] - [-0.0015435646004127068, 0.22834936554687324, -0.12266934278030026, -0.1034996887253764] - [0.03897632279736947, -0.11436823018907914, -0.046303403880033685, 0.12214725470095644]
A2: [0.03531892386692468, -0.02926197858369711, -0.0756864442838495, 0.0696754298604133] - [0.10301128590222483, 0.2830152278497531, -0.3924927358058743, 0.0069390424238164996] - [-0.011224651993455884, 0.5389768193878387, -0.35948657113179294, -0.16841605321764078] - [0.09784676177043473, 0.01744720223257996, -0.16886628819401164, 0.05350803741979682]
B1: 0.00012041574986799173 - 1.414352652758609e-05 - -2.3429797369177073e-07 - 5.230181853583531e-05
B2: 3.773291468277879e-05 - 1.3159034365345798e-05 - 1.2817201957649324e-05 - 1.9201949597510584e-05
