Number: 6688
Error: 1.1243002240266625e-15
A1: [0.08043167436294743, -0.18046782107101664, -0.01958886728263382, 0.11962496141770941] - [0.03741556974977844, 0.13359637593874027, -0.13472619642186706, -0.03628583533570871] - [-0.001702835734595473, 0.22819009978532095, -0.12282839934252739, -0.10365892694180674] - [0.038863213794951154, -0.11448103912868188, -0.04641646201680044, 0.12203420733158803]
A2: [0.03530742298982345, -0.029273495923947863, -0.0756973690348794, 0.06966338673742499] - [0.1028937734031369, 0.2828967241905074, -0.39260637426486716, 0.006816019808061248] - [-0.01118718174140649, 0.5390145084491019, -0.3594510928714613, -0.1683765507084742] - [0.09786276567753101, 0.017463282611756954, -0.16885104262352485, 0.05352484297739768]
B1: -1.6182148639605016e-09 - 1.928782001502326e-08 - -2.5421776633592853e-08 - -1.0008177213806931e-08
B2: -7.776161137746848e-09 - -6.612862795791776e-09 - -1.0019895651953552e-09 - -1.265150023999493e-08
