Number: 7288
Error: 9.34014545162529e-16
A1: [0.08043167447767299, -0.18046782095630345, -0.01958886716804244, 0.11962496153242248] - [0.03741557740930226, 0.13359638359246906, -0.1347261887775988, -0.036285827680425806] - [-0.0017028310746509585, 0.22819010444516835, -0.12282839468940104, -0.10365892228310239] - [0.03886321960206483, -0.11448103333786762, -0.04641645621338898, 0.12203421313509086]
A2: [0.03530745150122677, -0.029273467333685445, -0.07569734192660682, 0.06966341657769694] - [0.1028937709234697, 0.2828967216897974, -0.39260637666315484, 0.00681601721148177] - [-0.011187056104119865, 0.5390146348357491, -0.35945097395303405, -0.1683764183200899] - [0.09786281942350934, 0.017463336602206014, -0.1688509914608377, 0.05352489939317951]
B1: -1.63910603318355e-08 - -5.499665540221413e-09 - -4.60776625495517e-09 - -6.65166789053125e-09
B2: -9.275564183724043e-09 - -9.56873144888199e-09 - -8.107351779055867e-09 - -8.485068340951862e-09
