Number: 9259
Error: 7.1633072187748555e-09
A1: [0.053130122504871105, -0.14804393104483307, -0.027041460153437332, 0.12178551335056283] - [0.005604161625981317, 0.13112741503973852, -0.1133106578635818, -0.02225888350262007] - [-0.014427070729013619, 0.22310893911317048, -0.12702370896372092, -0.08158835111058277] - [0.027267744209425182, -0.09989899751850335, -0.04930302392957694, 0.12241996469632535]
A2: [0.08918055087778588, -0.07298698518224878, -0.12369955644138066, 0.10721163750497116] - [0.10859628737083746, 0.24956841896934356, -0.4050859239095691, 0.04594000717880481] - [0.03726009198736489, 0.46317627477381657, -0.37710844616675815, -0.12084245310728882] - [0.14369333176510415, -0.04434049264817719, -0.20123874966999505, 0.10295068786649236]
B1: -5.585001592466373e-05 - -0.00018513520535523023 - 6.243213313764506e-05 - 7.60133940412597e-05
B2: 2.49640454772873e-05 - -0.00012400930542827752 - 7.309408600686594e-05 - 4.128219321483619e-05
