Number: 5907
Error: 1.0149091278732756e-08
A1: [0.08053889229357011, -0.18036071129035705, -0.01948173306472682, 0.11973218665137685] - [0.03713020478187499, 0.13331113946023712, -0.13501098953734764, -0.03657103339041069] - [-0.0016642581791458978, 0.22822870559127026, -0.12278980477360536, -0.10362032221109815] - [0.03937240101163327, -0.11397323106620368, -0.04590745845196436, 0.12254314277915117]
A2: [0.035111687699338145, -0.029469678568223155, -0.07588346710155335, 0.06945844836176222] - [0.1022846515924239, 0.28228242679980475, -0.3931956303738411, 0.006177997122175625] - [-0.011964351728239873, 0.5382328129409889, -0.36018668149477184, -0.16919561928158705] - [0.0974003784568674, 0.01699889073910183, -0.16929119929398118, 0.053039376853579935]
B1: -0.00010774085169280094 - 8.121760691036954e-05 - -9.721713077024663e-05 - -9.262013416438261e-05
B2: -0.00024348135932112543 - 1.7034249749242554e-05 - 0.00031953929633747976 - -5.841567133232045e-05
