Number: 3366
Error: 3.8890384449891285e-07
A1: [0.06632885724469824, -0.11384217171005544, -0.023874721301129262, 0.07183438654580215] - [0.04092228513020226, 0.19155107231002236, -0.1439541292081608, -0.07473140124482201] - [-0.0669853315244578, 0.3225033431881838, -0.13432851322907877, -0.14752001651103802] - [0.03909983180534844, -0.05327898311923174, -0.03737200890537623, 0.05173884769328407]
A2: [-0.009459747669055303, -0.34717844638563944, 0.24917130947957675, 0.10608782041297413] - [0.08099459158621797, 0.03731284373425433, -0.04921410919808028, -0.06502284518102083] - [-0.04124167011319906, 0.23216666498041416, -0.03922433714851074, -0.14651913242920106] - [0.06973043488252785, -0.29170894488443183, 0.14353313599590606, 0.08534865126450128]
B1: 0.0007503686083659877 - 0.00035785249603939595 - 6.0600863896210545e-05 - 7.69983054733171e-05
B2: -0.00033914680381785204 - -0.00023694060245220796 - 0.0010307866946276624 - 0.00038253336068497283
