Number: 4858
Error: 9.0284897915632e-16
A1: [0.06621318395699594, -0.11395207748499245, -0.023983948006677348, 0.07172287042103147] - [0.03740257765561523, 0.18819333649957495, -0.14740898066827554, -0.0781870440699417] - [-0.06022955778441929, 0.3289506210425309, -0.12775329214208242, -0.14096850368626057] - [0.039046260067506645, -0.05332259026793316, -0.03741849274640149, 0.05169521727142701]
A2: [-0.009108501582578577, -0.346803106750299, 0.24945516513059918, 0.10645675768835125] - [0.08003991877564587, 0.03628235717024649, -0.050250010606500944, -0.06607185697855096] - [-0.04245274082594471, 0.23083197787103435, -0.04053116127980854, -0.14784775200892247] - [0.06813495695403216, -0.2934676560358659, 0.14177143382590265, 0.08356206022084588]
B1: -4.177851934779154e-08 - 1.2829764388649898e-08 - -2.1258863207523897e-08 - 2.54234989341173e-08
B2: -3.3176502073810113e-08 - -4.3291463429558306e-09 - 2.0048626674665967e-08 - 2.8530575697300673e-08
