Number: 3754
Error: 1.005849221059678e-15
A1: [0.06621316308943481, -0.11395209788623877, -0.02398396885786761, 0.07172284958850056] - [0.0374026380619983, 0.1881933942137567, -0.14740892128419095, -0.07818698468057922] - [-0.06022935487282532, 0.3289508159280756, -0.1277530935847194, -0.140968306197042] - [0.0390463125488767, -0.053322540454848154, -0.03741844197263847, 0.051695267632959445]
A2: [-0.009108565327883926, -0.3468031743739707, 0.2494551008696683, 0.10645669085497747] - [0.08003980084591499, 0.03628223012615998, -0.05025013949701114, -0.0660719869634586] - [-0.04245286084269309, 0.23083184541320564, -0.04053128989458466, -0.14784788474281244] - [0.06813472119766495, -0.2934679156135173, 0.14177117824379074, 0.08356179589485814]
B1: -1.156806276697185e-08 - 8.514525892491481e-09 - 2.6420669753930367e-08 - -1.95190852610892e-08
B2: -2.569861161485056e-09 - -5.722789343631713e-09 - 1.5128686090373345e-08 - 8.425272286439373e-09
