Number: 1399
Error: 9.22324944210418e-10
A1: [-0.007187700857236932, -0.014993890846757138, 0.0029969941758380796, 0.019454623641584446] - [0.06674268370903047, 0.1898035510431901, -0.14682200965491907, -0.10995583676871484] - [-0.11262627535201447, 0.441745219054927, -0.07083211045352596, -0.25814413400237063] - [-0.0236252614087468, 0.015092659661525266, -0.030195944045391675, 0.03864138102257428]
A2: [0.13176812553288414, -0.2244494234241146, 0.02284558125115572, 0.0703384068372671] - [0.032590071402153226, 0.2036939820194689, -0.11494423386028169, -0.12151240068484237] - [-0.09457111941268462, 0.5555907035046675, -0.2351515588043118, -0.22558448493808] - [-0.020770876531732367, -0.019220089648324286, 0.008174087392546391, 0.032235998254713884]
B1: 2.9552427353351665e-05 - -0.00012102725686780629 - 6.872269042129945e-05 - -2.101059507835467e-05
B2: 2.3218210072534367e-05 - -1.9439593146110748e-05 - 2.187612655381713e-05 - -9.270359506988646e-06
