Number: 6203
Error: 1.1104900058923774e-15
A1: [0.08043164671299392, -0.18046784871783442, -0.019588894899524752, 0.11962493377091661] - [0.03741555636663953, 0.13359636256573348, -0.1347262097783387, -0.036285848711430514] - [-0.0017028273183750252, 0.228190108201367, -0.12282839093863164, -0.10365891852783075] - [0.03886321813659368, -0.11448103479922209, -0.046416457677924766, 0.12203421167053537]
A2: [0.03530739177806155, -0.02927352722204108, -0.07569739871059457, 0.06966335407090327] - [0.10289371467663866, 0.2828966649655883, -0.39260643106435816, 0.006815958312814639] - [-0.011187066331714405, 0.5390146245471715, -0.3594509836337215, -0.16837642909720882] - [0.09786278150577078, 0.017463298511993502, -0.1688510275560602, 0.05352485959188977]
B1: -2.8738561110448e-08 - -1.0238727018112723e-08 - -8.799781039861323e-09 - -1.0482608424954062e-08
B2: -2.1079065143405603e-08 - -2.6964467092482302e-08 - 3.121317028012451e-09 - -6.584239345866586e-09
