Number: 7164
Error: 8.932551842880336e-16
A1: [0.08043171764878798, -0.18046777779007833, -0.01958882404854912, 0.11962500469860615] - [0.03741562332103508, 0.1335964294694521, -0.13472614295734925, -0.03628578179412675] - [-0.0017028363666080426, 0.2281900991533284, -0.1228283999736049, -0.1036589275736452] - [0.0388632767156569, -0.1144809763845583, -0.04641639913619231, 0.1220342702131854]
A2: [0.035307485612347, -0.029273433128219076, -0.07569730949417394, 0.06966345227867483] - [0.10289374707860842, 0.28289669764256375, -0.3926063997256005, 0.006815992242434741] - [-0.011187191528351246, 0.539014498603777, -0.3594511021350551, -0.16837656102128623] - [0.09786277489739593, 0.017463291873560362, -0.16885103384682415, 0.05352485265526861]
B1: 4.210338793535195e-08 - -1.962074664679151e-08 - -1.0481247650510465e-08 - 1.5241785649265474e-08
B2: 9.886524614626087e-09 - 8.399775160725888e-09 - -2.099930444616622e-08 - 2.0318081768723603e-08
