Number: 3550
Error: 1.1011954980966279e-11
A1: [0.06622388214124707, -0.1139416187076967, -0.023973258839665983, 0.07173355109153767] - [0.03740788618131008, 0.1881984082132095, -0.14740376217824813, -0.07818182446367379] - [-0.06022974564122661, 0.32895044101828547, -0.1277534750483606, -0.14096868721467917] - [0.039054017108503064, -0.05331522768446445, -0.03741098857637898, 0.051702661159579354]
A2: [-0.009126932062121557, -0.3468226583137233, 0.2494365862834329, 0.10643743422587022] - [0.0800402296308112, 0.03628269235131253, -0.05024967078954984, -0.06607151446647762] - [-0.042434926633807504, 0.23085163896387997, -0.04051207136280583, -0.14782805061817364] - [0.06807327205075898, -0.29353557411380926, 0.1417045625916526, 0.08349290080903658]
B1: -2.412407642602274e-06 - -9.791065093171608e-06 - 8.26212825112106e-06 - -4.930969948455061e-07
B2: -6.917430321646057e-07 - 3.426138203103322e-06 - -3.0448961898264876e-06 - -3.254739447860277e-06
