Number: 9205
Error: 1.6897393018471501e-07
A1: [0.05244827226514055, -0.148731012849484, -0.027725207601132243, 0.12109912895467566] - [0.006028533177235262, 0.1315565195194962, -0.11288214688367225, -0.02182842744306571] - [-0.01415135069428121, 0.223385193589923, -0.12674886974950794, -0.08131111733564944] - [0.02603432853052161, -0.10113766796109923, -0.050542338053471116, 0.1211793394231459]
A2: [0.0897948205821153, -0.07237025772528594, -0.12309491539577702, 0.10783473768806144] - [0.10823288422220886, 0.24919780121248006, -0.4054454574963376, 0.04557161531688282] - [0.035810276790874174, 0.46172701716051, -0.3785236859548188, -0.12230542357501815] - [0.14265215135025375, -0.04538223935142827, -0.20225660018438993, 0.10189468224665874]
B1: 0.0008394798643481362 - 0.00038426961738442593 - 0.0008603043326515891 - 0.00026640541030297014
B2: 0.000692799826728669 - 3.80576103190288e-05 - 0.00017263675458586676 - 0.0006075444640064239
