Number: 1077
Error: 6.043180865997381e-06
A1: [-0.007933248137816595, -0.015956965755007702, 0.0020835928148631136, 0.018232620772210696] - [0.07136030713058587, 0.19410455921791045, -0.1423657036410872, -0.10483413477039503] - [-0.1145373830145465, 0.43914733220889735, -0.07553050027115035, -0.2616185546504563] - [-0.00981651769569677, 0.029335569659374068, -0.013543908323908694, 0.054191486354549526]
A2: [0.1427007414628983, -0.2134300663618221, 0.03309791855228068, 0.0818413317221094] - [0.022259568376104603, 0.1936746854083413, -0.1249296743011914, -0.1318759233209232] - [-0.07464592586187839, 0.5755607867329292, -0.21314900005048146, -0.2081306762127063] - [-0.016112242677646035, -0.014952982573378775, 0.013111411084906401, 0.03641140253721242]
B1: 0.004394499739479635 - 0.006408728777818286 - 0.0013279576106846529 - 0.005652800083756606
B2: 0.0007352477663951805 - 0.016690926258888714 - 0.005181109833063014 - 0.0020813636038666122
