Number: 5223
Error: 1.4494275094055576e-15
A1: [0.06621312777375937, -0.11395213241274664, -0.023984004145843257, 0.07172281433206495] - [0.037402519484019035, 0.18819328092057028, -0.14740903785539092, -0.07818710126212379] - [-0.06022913565425708, 0.3289510264755326, -0.1277528790702335, -0.14096809283600428] - [0.03904612588328277, -0.05332271763056649, -0.03741862256520037, 0.05169508850668017]
A2: [-0.009108494280521968, -0.34680309900397166, 0.24945517249157023, 0.10645676534419678] - [0.08003973991437523, 0.036282164485600316, -0.05025020609144702, -0.06607205412340657] - [-0.04245282061584862, 0.23083188981010422, -0.040531246785778866, -0.14784784025332717] - [0.06813479382771552, -0.2934678356447265, 0.14177125698137008, 0.08356187732656499]
B1: -3.4288633925899234e-08 - 6.820882188375178e-09 - -2.6174495606779016e-08 - -3.462371873951048e-08
B2: -3.321465557171947e-08 - -3.177595502533616e-08 - 2.437549942103726e-08 - 3.354935903033888e-08
