Number: 5101
Error: 1.077390395624301e-15
A1: [0.06621323744760724, -0.11395202518972523, -0.023983894558072743, 0.0717229238218526] - [0.03740261024414414, 0.18819336763573277, -0.14740894863122717, -0.07818701203006463] - [-0.06022934283911527, 0.3289508274857434, -0.12775308180923606, -0.14096829448467182] - [0.03904615739399973, -0.05332268772180821, -0.03741859207962444, 0.05169511874475335]
A2: [-0.00910849970811798, -0.34680310476177933, 0.2494551670202142, 0.10645675965364446] - [0.08003977299984741, 0.03628220012808406, -0.050250169930983364, -0.06607201765588586] - [-0.04245283641131811, 0.23083187237732108, -0.04053126371274409, -0.1478478577224795] - [0.06813474423464048, -0.29346789024865844, 0.14177120321795708, 0.08356182172375755]
B1: 2.07656650804989e-08 - 3.5184358864353046e-10 - -2.407893653131219e-08 - -2.18559715197886e-08
B2: 1.603630143390619e-08 - -2.7522747731579804e-09 - -8.852397881585933e-08 - 2.0081705665081558e-08
