Number: 5039
Error: 1.1664281975032933e-15
A1: [0.0662132031827177, -0.11395205868888454, -0.023983928796033952, 0.07172288961450275] - [0.037402617651843946, 0.18819337471327435, -0.14740894134890492, -0.07818700474709585] - [-0.060229325952047025, 0.3289508437049015, -0.1277530652845102, -0.14096827804882944] - [0.03904613911121537, -0.05332270507516703, -0.037418609767620875, 0.05169510120037896]
A2: [-0.009108486152185725, -0.3468030903811153, 0.24945518068585162, 0.10645677386624385] - [0.0800398275390764, 0.0362822588823995, -0.05025011032277983, -0.06607195754154675] - [-0.04245278978070449, 0.23083192384162052, -0.04053121374160495, -0.1478478061509445] - [0.06813480613954279, -0.29346782208885813, 0.14177127032871298, 0.08356189113033326]
B1: 4.814987288854937e-09 - -1.304356450017335e-08 - -1.136251262344852e-08 - -9.289097613452798e-09
B2: 1.884446864644988e-08 - -2.6066855828933694e-09 - -7.731868868297385e-08 - 4.223661473552186e-08
