Number: 3247
Error: 0.0006639169184943833
A1: [-0.035577201632129726, -0.21385032838707732, -0.13606543386847625, -0.03659954992764321] - [0.03790366971772795, 0.17353443089611856, -0.1501689411352567, -0.0787459682149128] - [-0.4083329123202549, 0.035709975984134085, -0.4468130548612315, -0.4567876065588069] - [-0.22059688904039884, -0.2750726106954437, -0.2829295065234738, -0.18968194554499762]
A2: [-0.20718137706027695, -0.6028040909096299, 0.05999950599892243, -0.11207077014724638] - [0.050590957353936775, 0.043103314012173016, -0.08078122023583359, -0.0995379154617936] - [-0.10443222122693735, 0.1517825845852749, -0.1615561460132815, -0.25812655383601196] - [0.03828545612875364, -0.32600130187946974, 0.052889640262047524, 0.009674143344704171]
B1: -0.04074954214696942 - -0.2721767387516528 - -0.0674500606627315 - -0.06449581092888296
B2: -0.18748003635429614 - -0.22765161333130002 - -0.016827707784049496 - -0.033535530642423116
