Number: 1808
Error: 1.3109391083081244e-07
A1: [-0.0069543032997380514, -0.014752367081632243, 0.0032783288715820444, 0.019670134028138855] - [0.0668469222790861, 0.18990965802412535, -0.1467166742492734, -0.10983885682355188] - [-0.11162155549253096, 0.44275415122935585, -0.0698281904273628, -0.2570498574263948] - [-0.022953591935829954, 0.01578916247894443, -0.02957690276453623, 0.03935852111353289]
A2: [0.13312224459864314, -0.22313868137569742, 0.02419259238990769, 0.07167147533470662] - [0.032518391481824296, 0.20363271230783203, -0.11501409888871107, -0.12157646507998397] - [-0.09403532997694455, 0.5561544848817336, -0.23453678661341074, -0.22493699238018083] - [-0.020187673087842032, -0.018683608802259947, 0.008746046189558331, 0.03278015118822847]
B1: 0.0002148529415194847 - -0.0003441236196670324 - 0.0008711498939027386 - -0.0001155915304553305
B2: -0.0005555923893104634 - 0.00010402695441020604 - -0.00018554218471921488 - 0.00011265483322398111
