Number: 5175
Error: 8.039292700722055e-16
A1: [0.066213147231045, -0.11395211339026175, -0.023983984703825244, 0.07172283375669943] - [0.03740248818734625, 0.1881932510187061, -0.14740906862242742, -0.07818713203187913] - [-0.060229324071070275, 0.3289508455113559, -0.12775306344392295, -0.1409682762180895] - [0.03904606688777823, -0.05332277362699936, -0.0374186796414631, 0.051695031893863604]
A2: [-0.009108501135266987, -0.346803106275763, 0.24945516558136732, 0.10645675815736519] - [0.08003985591546338, 0.03628228945186427, -0.05025007930901138, -0.0660719262644741] - [-0.04245275541843473, 0.2308319617657779, -0.04053117691778795, -0.14784776814769846] - [0.06813483386679993, -0.29346779156009334, 0.14177130038751, 0.08356192221759266]
B1: 4.60041237142306e-08 - 4.072949220016263e-09 - 1.187028628083072e-08 - 1.5885725489462008e-08
B2: -3.199255945334892e-08 - 5.16938883699245e-09 - 1.0671663135887063e-07 - -1.953617672129346e-08
