Number: 1841
Error: 1.6545226190672213e-07
A1: [-0.0066122201254370325, -0.014392277424961528, 0.0036364638040000223, 0.020031388820970122] - [0.06728097786326767, 0.1903269119908316, -0.1462674288366092, -0.10935607912661278] - [-0.11133647471168137, 0.44304194475757036, -0.06953251075065667, -0.2567334088278031] - [-0.02221103851349611, 0.01651897365291349, -0.028821627613944762, 0.040142336660662976]
A2: [0.13208275671672548, -0.2241761761991653, 0.023161221096801646, 0.07063991727630838] - [0.0336311194088367, 0.20473231096736585, -0.11390563650761616, -0.12048549591454098] - [-0.09529198324689715, 0.5549003897526764, -0.235780067114544, -0.2261809354858509] - [-0.019625684353855945, -0.018128254446739423, 0.009301530940712113, 0.033318428993533114]
B1: -7.244717552493669e-05 - -9.141903652964563e-06 - 0.00013723885331476024 - 0.0001426607577584253
B2: 4.190330203685693e-05 - 0.0006623852486492274 - 0.00038185976863717595 - 0.00038925202766935556
