Number: 6619
Error: 9.600587221690315e-16
A1: [0.08043168249135185, -0.18046781294353262, -0.019588859163948574, 0.11962496954518548] - [0.0374155989226518, 0.13359640508953327, -0.13472616730712064, -0.036285806178995066] - [-0.0017028507572122203, 0.2281900847630266, -0.1228284143431499, -0.10365894196041493] - [0.038863246317750184, -0.11448100669715552, -0.046416429514724446, 0.12203423983417411]
A2: [0.03530746560273687, -0.029273453193172174, -0.07569732851907666, 0.06966343133647304] - [0.1028937541608669, 0.2828967047849254, -0.39260639287573684, 0.00681599965858924] - [-0.01118706923070977, 0.5390146216308821, -0.35945098637767453, -0.16837643215198597] - [0.09786283574976351, 0.017463353002726275, -0.1688509759193132, 0.05352491653045075]
B1: 1.9024342398117944e-09 - 6.8154714984724306e-09 - 6.2509129054092165e-09 - 3.1950112174431394e-09
B2: 4.3912704519734325e-09 - 1.2473137426744714e-08 - -1.866550646991868e-08 - 1.6432205617553078e-08
