Number: 6763
Error: 8.255045420117056e-16
A1: [0.08043161543518496, -0.18046787999210442, -0.019588926139937065, 0.11962490249667673] - [0.03741554014009704, 0.13359634635146955, -0.13472622597255077, -0.03628586492898829] - [-0.0017028683588882904, 0.22819006716172435, -0.12282843191905354, -0.10365895955739306] - [0.03886318024327143, -0.11448107258620245, -0.04641649554710121, 0.12203417380076093]
A2: [0.035307440995223406, -0.02927347786874742, -0.07569735191557792, 0.0696634055820322] - [0.10289373968272236, 0.28289669018390334, -0.39260640687880866, 0.00681598449785533] - [-0.011187105144809162, 0.539014585502566, -0.3594510203711314, -0.16837646999594755] - [0.09786280705796446, 0.017463324180416132, -0.16885100323203753, 0.053524886413389546]
B1: -1.544926225564034e-08 - -1.6406764885381636e-08 - -1.478617257544552e-08 - -1.638716042268266e-08
B2: -2.429112247895377e-08 - -1.1033915785844974e-08 - -1.0767530593470312e-08 - -1.0022236322938884e-08
