Number: 6152
Error: 1.0187096898517762e-15
A1: [0.08043162518934664, -0.18046787023904434, -0.019588916397436717, 0.11962491224972785] - [0.03741553972472115, 0.13359634593640995, -0.1347262263870984, -0.03628586534412966] - [-0.0017029360007115154, 0.22818999952134933, -0.12282849946183805, -0.10365902718116496] - [0.038863109931321124, -0.11448114270082707, -0.04641656581424723, 0.12203410353251208]
A2: [0.03530749253377216, -0.02927342618764959, -0.07569730291341675, 0.06966345952274851] - [0.10289380999537252, 0.2828967610933088, -0.39260633887335034, 0.006816058125502393] - [-0.011187028003726663, 0.5390146631037737, -0.35945094735548067, -0.16837638870964622] - [0.09786282720466322, 0.01746334441875721, -0.1688509840536999, 0.053524907560879374]
B1: -2.4833234608769124e-08 - 4.476469370716906e-09 - -4.011107712629805e-08 - -1.7396187685123403e-08
B2: 3.397736269837065e-08 - 3.276577033912914e-08 - -1.0667042102005863e-07 - -1.4227438622259485e-08
