Number: 2998
Error: 2.126169160971353e-08
A1: [0.06354692622718736, -0.04775824368562313, -0.023331146451802117, 0.007965494418936864] - [0.04373538749748842, 0.19134235416850012, -0.14248750510394081, -0.09242905261265703] - [-0.12356368661575678, 0.41474870271487113, -0.10497354247672157, -0.18718486222041852] - [0.036883630834216835, 0.019050850360609307, -0.03325249708570359, -0.02317184464516334]
A2: [0.06405460364972233, -0.1730776950558122, 0.08693773341088448, 0.02456219368809307] - [0.02895894497993243, 0.19997264221953956, -0.10204034435978859, -0.12819772205497948] - [-0.09283387521288679, 0.5142461641658325, -0.2250279853393618, -0.19453839778380166] - [-0.025282032870241115, 0.019157073890406114, -0.04964659202089109, 0.057605680536620074]
B1: -2.791295250987915e-05 - -0.00021668527566094106 - 2.7112635006142403e-06 - -2.6197258973607024e-05
B2: 0.00014507342277404105 - 9.16097471483237e-05 - -0.0001013586943950314 - 0.00013203549450351606
