Number: 3400
Error: 2.6876810540383577e-08
A1: [0.06722604568903955, -0.11296196075793483, -0.02297262912355938, 0.07273464396040323] - [0.03736821563896543, 0.18816030723096053, -0.14744287041262222, -0.07822053649232591] - [-0.06590587146780288, 0.3234947556712122, -0.13331307926067168, -0.14650342744381284] - [0.03742505508615839, -0.05485934095638468, -0.038986162779248164, 0.05013650312517363]
A2: [-0.00858287857923024, -0.3462452001443942, 0.2499872993263327, 0.10701032214445966] - [0.0800885888835365, 0.036334514295167084, -0.05019854654914265, -0.06602183530636437] - [-0.042780271967827486, 0.2304701266122646, -0.04088308957420117, -0.14821267041147781] - [0.06737284742592983, -0.29430517774160325, 0.14095609045503085, 0.08271374638094815]
B1: 0.0002518132324173676 - -0.00058180510908442 - -0.0002704713401267324 - 8.567249269139601e-05
B2: -8.139316595753607e-05 - 7.455784804439336e-05 - 0.00034389508599204686 - -0.000972466335283113
