Number: 8896
Error: 0.0001731320425794986
A1: [0.08072473970445646, -0.17469758657445564, -0.012925496960056857, 0.12662095169363516] - [0.03887825987072811, 0.14113204731924625, -0.12427250378542169, -0.02711124976217704] - [-0.015685261079756773, 0.2183845812002759, -0.13325172993778872, -0.11525118567536384] - [0.06385056607882386, -0.08163656663368216, -0.014264322635259665, 0.15451045221857385]
A2: [-0.026316336233947284, -0.0897297458798884, -0.13834774496569852, 0.005344372651793789] - [0.1249869307592292, 0.3054110839253666, -0.3712609428826925, 0.03039814026847769] - [0.034571130859096466, 0.5828022720972512, -0.3146073501101618, -0.1148256816678789] - [0.14497268231729532, 0.0643140147419278, -0.12148867087309648, 0.10869394853510884]
B1: -0.01893897469240751 - -0.010012445567458454 - 0.028278625729790258 - 0.029205723119196687
B2: 0.008432713935689102 - 0.019067911397470407 - 0.004403037672518856 - -0.007054359826049964
