Number: 3297
Error: 1.2769174289081733e-05
A1: [0.08644938831648358, -0.09436713692434635, -0.004437690650778647, 0.09137972777596762] - [0.04380434485133482, 0.1935289475818315, -0.14083962018740717, -0.07159262070300768] - [-0.05114500946528336, 0.3381545560744751, -0.1185752014188396, -0.1318965386908723] - [0.057510323207035925, -0.03593060221070093, -0.019852652938969522, 0.06920262311100984]
A2: [-0.02294841398681732, -0.3623468400319681, 0.23584865394206478, 0.09176171385035506] - [0.10203746531264855, 0.06024098623072895, -0.026463249096768626, -0.04210235933958921] - [-0.05094592260400821, 0.21930776038519142, -0.050687472171115855, -0.15823679711629626] - [0.055386071663026, -0.30936039413224536, 0.1270909178250607, 0.06839935378981427]
B1: -0.005555944076006807 - -0.0030109348816158964 - 0.0035541370723271805 - 0.006202801556990955
B2: 0.007752459539840332 - -0.014306095402336298 - 0.0009347254181290916 - 0.0028506129493984715
