Number: 4194
Error: 1.0265113294949933e-15
A1: [0.06621317399842415, -0.11395208722102944, -0.023983957957429067, 0.07172286047919259] - [0.037402616220950376, 0.1881933733461298, -0.1474089427555984, -0.0781870061538963] - [-0.060229382716044326, 0.32895078918619475, -0.12775312083042842, -0.14096833329619723] - [0.039046109037165905, -0.05332273362041226, -0.03741863886336791, 0.05169507234092834]
A2: [-0.00910846528855983, -0.3468030682478927, 0.24945520171839247, 0.10645679574075192] - [0.08003983939546774, 0.03628227165507951, -0.0502500973645311, -0.06607194447322579] - [-0.042452828353563114, 0.23083188127024987, -0.04053125507792236, -0.14784784881103613] - [0.06813483308128716, -0.29346779242472376, 0.14177129953643433, 0.08356192133713088]
B1: 6.321874796870422e-10 - -1.893369328732425e-09 - -1.9921468358137465e-08 - 5.600344473196275e-09
B2: 3.919063049448211e-09 - 9.184746887001735e-09 - -4.789419828282082e-09 - -1.1601354027349694e-08
