Number: 6110
Error: 3.051859170695034e-15
A1: [0.08043165056402841, -0.18046784486726195, -0.01958889105310521, 0.1196249376214984] - [0.03741561624317757, 0.1335964223969235, -0.13472615002112126, -0.03628578886807238] - [-0.0017028610685553892, 0.2281900744518969, -0.12282842463939968, -0.10365895226903553] - [0.038862852134442384, -0.11448139977424414, -0.04641682344686422, 0.12203384589584207]
A2: [0.03530759152167732, -0.029273326925952133, -0.07569720879703326, 0.06966356312439481] - [0.10289364409260784, 0.28289659378249354, -0.3926064993322803, 0.006815884400983892] - [-0.011187146137727108, 0.5390145442651432, -0.35945105917178255, -0.1683765131916314] - [0.09786269454203589, 0.01746321115267844, -0.16885111033982128, 0.05352476830823136]
B1: 1.1569222128531469e-07 - 4.056320261013084e-08 - 9.179153633697705e-08 - -4.5180839279380465e-09
B2: 2.501990619236274e-07 - 3.3148565798066916e-07 - -4.252463066563181e-07 - -5.1358779488081556e-08
