Number: 6805
Error: 9.378060800864296e-16
A1: [0.08043168037578756, -0.18046781505885606, -0.019588861276984476, 0.1196249674298624] - [0.03741557807513275, 0.1335963842577943, -0.13472618811310166, -0.0362858270149663] - [-0.0017028421384066503, 0.22819009338164714, -0.122828405736963, -0.10365893334390909] - [0.03886322060451453, -0.11448103233822787, -0.04641645521157695, 0.1220342141369189]
A2: [0.03530740839721729, -0.029273510556916134, -0.07569738290934257, 0.06966337146467769] - [0.10289365508991162, 0.28289660487314316, -0.3926064886958659, 0.006815895916813088] - [-0.011187094774281687, 0.5390145959349484, -0.35945101055520323, -0.16837645906815962] - [0.09786278049768933, 0.01746329749932647, -0.1688510285156977, 0.05352485853374276]
B1: -1.377303796896726e-08 - -3.377609336679284e-08 - -1.1792181479441477e-09 - -1.0971522629718884e-08
B2: -8.994156275503813e-09 - -1.5220908037281435e-08 - -1.5021461315201928e-08 - -1.3595650352414249e-08
