Number: 31
Error: 0.0010771472053612854
A1: [-0.06119832414079835, -0.06636883571821198, -0.037456762463118826, -0.042682168148659314] - [0.13142362358028095, 0.26416502036145323, -0.08710127090313782, -0.07326010502933844] - [-0.21983848440967932, 0.29480539686720697, -0.18628248736686195, -0.39343983280276706] - [0.022295672218189934, 0.009839282064366746, 0.02080336735736953, 0.04635394946779649]
A2: [0.45080694624885953, 0.11845103225074488, 0.28769683941467283, 0.28020680114417024] - [0.16512131777401431, 0.3328327692852792, 0.0041826528785143605, -0.004838793835321533] - [0.22652192133184856, 0.8940543132548211, 0.06695547150325701, 0.04827234699893229] - [0.5557565545253215, 0.5560219589714234, 0.5541601365602044, 0.5470053175991746]
B1: 0.057004486166943244 - 0.4485092375560968 - -0.043445398767120974 - -0.04712385705575526
B2: 0.019717447460166182 - 0.49885804580739085 - -0.06182734143450736 - -0.05004081059764697
