Number: 8940
Error: 0.002533321065335989
A1: [0.016001540621811874, -0.24986571884080608, -0.08375287312039148, 0.060263315608751436] - [-0.03282247789767042, 0.06855721323707178, -0.18453831578712962, -0.08503557864653563] - [-0.0314847005426944, 0.19470423912644869, -0.1577571774156704, -0.1353403747487739] - [-0.038831510555539, -0.20501233356742526, -0.1351366717107922, 0.037493689363128746]
A2: [0.10211690374707458, 0.0502681344614212, -0.024347884780482047, 0.14921408602550787] - [0.1701690927572291, 0.3472830536760292, -0.33230085513861624, 0.08917941111999048] - [0.08594226517752371, 0.6166708299944864, -0.26149053543253614, -0.0548042126932967] - [0.19362690077947867, 0.09843733400481869, -0.07209127209883767, 0.1680725510319645]
B1: -0.04593803123635426 - -0.049799543299748714 - -0.03324940650766238 - -0.03504513344554486
B2: 0.004487986101425583 - 0.0081735768256328 - 0.018986292439227826 - 0.007670752511731563
