Number: 2903
Error: 2.3751804321655415e-08
A1: [0.06409047285484708, -0.047218672347675225, -0.02279320177999931, 0.008505754670428741] - [0.04358524276076482, 0.19119667542031754, -0.14264329763456102, -0.09259638033582206] - [-0.1226625268893006, 0.41563966424742627, -0.10407444508558572, -0.18629224264878255] - [0.037610505081170274, 0.019773508096865927, -0.032528007150353665, -0.022450969362627023]
A2: [0.06237675033467793, -0.17474601320365188, 0.0852594883135196, 0.022903115609439074] - [0.029296407109439555, 0.20030514028076232, -0.10170376978582893, -0.12786688208757688] - [-0.09391013784767938, 0.5131910432961262, -0.22610725227443526, -0.19558260006946676] - [-0.026115785692197007, 0.0183328357485113, -0.05047609443455917, 0.05679378555512185]
B1: -9.466999822066387e-05 - -0.00011782319664503348 - 9.55642405484027e-05 - -0.00016825935518723314
B2: 0.00021550550269977406 - -4.692524477109985e-05 - -1.2499605510769444e-05 - 3.668152536580256e-06
