Number: 6036
Error: 1.7904379027388094e-13
A1: [0.08043394685882309, -0.18046554883354057, -0.019586597504630793, 0.11962723365346108] - [0.037418720535475694, 0.13359952433426975, -0.1347230519220357, -0.036282686300226574] - [-0.0017007049960753638, 0.2281922304852346, -0.12282627171736064, -0.10365679676812635] - [0.03886587533361366, -0.11447838505654552, -0.04641380217159976, 0.12203686721744646]
A2: [0.035311133806815415, -0.029269774844424657, -0.07569384083324744, 0.06966727051715522] - [0.10289251459639921, 0.282895454700027, -0.3926075917674481, 0.00681470165233965] - [-0.011187986589936255, 0.5390136988036662, -0.35945185467729507, -0.16837739880630692] - [0.09786331679389218, 0.017463836236408906, -0.16885051799468717, 0.053525421471776205]
B1: 9.797096645487529e-07 - 6.264776298797293e-07 - -5.201431698656063e-07 - -1.731486988864543e-07
B2: -9.871871823563168e-07 - -1.5519110829492655e-06 - 2.903567503669712e-06 - 1.1886762874247655e-07
