Number: 2305
Error: 4.172209562419654e-05
A1: [0.06196038331736687, -0.0475293469570595, -0.02788089555442046, 0.008385024923841768] - [-0.00253764850209827, 0.14631503410786914, -0.19170428202351708, -0.14246972963352794] - [-0.1169583602031886, 0.42866178620660617, -0.0932036646614433, -0.1740543622663138] - [0.04707412778838185, 0.03639277568722063, -0.015042579507199873, -0.007222796747509402]
A2: [0.10932279542892664, -0.1313334052594275, 0.13532822823925744, 0.06971306921396833] - [0.0631374748406929, 0.23230091561504937, -0.0682012782070027, -0.09541196716052497] - [-0.12038356461968854, 0.485339185256588, -0.25420237177885907, -0.22563855812663203] - [0.030971640789516083, 0.07411049483029179, 0.007690822450187631, 0.11319338307942291]
B1: -0.003246288608542536 - 0.018749964776042745 - 0.02548994347960743 - -0.0035079675453995405
B2: 0.020474305695900134 - -0.0019217211873466308 - 0.005948822826557438 - 0.0011174155402852212
