Number: 6260
Error: 9.6514548393618e-16
A1: [0.08043165619788827, -0.18046783923401427, -0.019588885425971717, 0.11962494325472761] - [0.037415557363479235, 0.13359636356181864, -0.13472620878348535, -0.03628584771514316] - [-0.0017028299520689748, 0.22819010556772928, -0.12282839356846936, -0.10365892116082177] - [0.03886321389362515, -0.1144810390302833, -0.04641646191818967, 0.1220342074302039]
A2: [0.035307460252621665, -0.029273458558087526, -0.07569733360589674, 0.06966342573699927] - [0.1028936969734678, 0.2828966471121677, -0.39260644818662926, 0.006815939775000433] - [-0.011187165000506328, 0.5390145252898554, -0.3594510770258205, -0.1683765330680278] - [0.09786277291535893, 0.01746328988250632, -0.16885103573357207, 0.05352485057474865]
B1: 1.1162754704955287e-08 - -1.4527461806763336e-08 - -1.872739123867995e-08 - -8.1645157737874e-09
B2: -1.4977496746417035e-08 - -1.2956775804052521e-08 - 3.766129271973096e-11 - -5.861480962203502e-09
