Number: 64
Error: 4.716894879036244e-05
A1: [0.00657040284134775, 0.005513540518867356, 0.0400677717919616, 0.029426488176629843] - [0.11888378712660129, 0.2460585052162224, -0.09452790895794996, -0.0680176333787167] - [-0.10498168960754897, 0.41657769454096183, -0.062463499388940205, -0.28043952660851884] - [0.0006272784934033973, -0.01143399634582312, -0.0014608269223967936, 0.023649356262512904]
A2: [0.2965584140784638, -0.035840889680204734, 0.13938885105433862, 0.1280974404945869] - [0.1074170083234286, 0.27579225957999975, -0.05123091996839645, -0.06028650896180974] - [0.06783818523439715, 0.73416690429574, -0.0858137973955409, -0.11006519343001463] - [0.3396794914232019, 0.33743993387311105, 0.3421665403096472, 0.3364422588663162]
B1: 0.03633649879529779 - 0.4095026189878709 - -0.009743547185488768 - -0.03142504408739272
B2: 0.0025870868540018447 - 0.39776518840862135 - -0.0035901766403450687 - 0.0034355727743094143
