Number: 7655
Error: 3.4312246154354298e-16
A1: [0.08043168575337588, -0.1804678096818853, -0.01958885590582243, 0.11962497280683816] - [0.03741561018840016, 0.13359641634675273, -0.13472615606380653, -0.036285794919483125] - [-0.0017028067596569169, 0.2281901287596391, -0.12282837041000995, -0.10365889797459661] - [0.03886323495247125, -0.11448101803054735, -0.046416440872761096, 0.12203422847595757]
A2: [0.03530752806858037, -0.029273390554551935, -0.07569726912726664, 0.06966349671366101] - [0.1028938364312045, 0.28289678775350025, -0.392606313304896, 0.006816085807606671] - [-0.011187244107692857, 0.5390144457108372, -0.35945115190264915, -0.16837661642584992] - [0.09786275201539893, 0.01746326888748963, -0.16885105562904154, 0.05352482863666587]
B1: 1.6722814497231978e-08 - 5.677613743768066e-08 - 2.1453008701379117e-08 - 3.209412220704375e-08
B2: 3.1706242090765063e-08 - 2.6119870688016735e-08 - 4.3800320819878816e-08 - 2.7667747034084274e-08
