Number: 8687
Error: 6.3621720574004e-14
A1: [0.08043165566856578, -0.18046783976324252, -0.019588885954663685, 0.11962494272548232] - [0.037415602011871156, 0.1335964081764847, -0.13472616422380834, -0.03628580309136102] - [-0.0017027632696077668, 0.22819017224876711, -0.12282832698363572, -0.10365885449613797] - [0.038863197059856996, -0.1144810558167254, -0.0464164787411996, 0.12203419060695353]
A2: [0.035307237090797396, -0.029273682337118002, -0.07569754578590393, 0.06966319217447917] - [0.10289408080893926, 0.2828970342052099, -0.39260607694548866, 0.006816341706122575] - [-0.011187100267459463, 0.539014590408951, -0.35945101575464616, -0.16837646485648666] - [0.09786272370146328, 0.01746324044471549, -0.1688510825822552, 0.05352479891640155]
B1: 7.523771563267325e-08 - 4.4335026304223895e-08 - 9.615783787878493e-08 - 1.0112121435471329e-07
B2: -1.5601681310431356e-07 - -1.9472840451721463e-07 - -1.9212860838388628e-07 - -1.4726721526239808e-07
