Number: 5662
Error: 1.0200232755237461e-05
A1: [0.06571216360764022, -0.11427536254224122, -0.02443236940610807, 0.07118709835370048] - [0.02681084538867049, 0.1782299418146735, -0.15776644172497264, -0.08857986351591973] - [-0.029055383663395672, 0.35834713070156743, -0.09758649812024002, -0.11146620735288018] - [0.04481052991435786, -0.04719334324807204, -0.03156530838402854, 0.05741673919815988]
A2: [-0.010411811059668779, -0.34848270050000446, 0.24828010041704143, 0.10587300668663549] - [0.08782517066851726, 0.04465252444414857, -0.04179132861719868, -0.057303411213362125] - [-0.03878001338727817, 0.2347375553922736, -0.03663418654806222, -0.14325145326531943] - [0.07825491342848893, -0.28237508010420026, 0.15247750531520476, 0.0955567824290063]
B1: 0.0009783486793532778 - -0.0017703936984789946 - 0.0002384346980040591 - -0.0022327913804856955
B2: -0.0029201753219994537 - -0.007059126977930767 - 0.00030861613522939306 - -0.002195123533909448
