Number: 6146
Error: 9.000055643697919e-16
A1: [0.08043157936825837, -0.18046791605494397, -0.01958896216373615, 0.11962486643387218] - [0.0374154957518928, 0.1335963019968619, -0.1347262702723095, -0.03628590929260029] - [-0.00170284970131852, 0.22819008581890274, -0.12282841328880191, -0.10365894090480283] - [0.038863076119267724, -0.1144811764179906, -0.04641659960475502, 0.12203406974147303]
A2: [0.03530747720983069, -0.02927344155397566, -0.07569731748321468, 0.06966344348457244] - [0.10289381625394953, 0.2828967674050033, -0.3926063328201397, 0.0068160646791498095] - [-0.011187039948304335, 0.5390146510879507, -0.35945095866127474, -0.1683764012960722] - [0.09786282892154574, 0.017463346143449188, -0.16885098241933946, 0.05352490936304888]
B1: -1.66957151753176e-08 - 3.033129642207673e-08 - -3.3967992984302095e-08 - 6.333832302904953e-10
B2: 5.953770911780418e-08 - 5.616738382192883e-08 - -1.5775543394211743e-07 - 1.0039240033771525e-08
