Number: 82
Error: 0.00010290196912875458
A1: [0.038777638103979536, 0.039867947013577654, 0.0752016235943168, 0.0608865041103099] - [0.11641373506212416, 0.24227831100889502, -0.09660209579256229, -0.06364909646631302] - [-0.05324114798302142, 0.4681741487560294, -0.006464930167344191, -0.2251819807304051] - [0.045999359674465494, 0.032961803810999286, 0.046879479493396485, 0.07335158765669549]
A2: [0.2757743226075083, -0.05680524033701745, 0.11992039928251602, 0.10820271155086544] - [0.08973304420631006, 0.25790748601767266, -0.06741729088110872, -0.07659885529245145] - [0.0397212380758696, 0.706048791167708, -0.11311724024872082, -0.1376997421231462] - [0.2341636901006653, 0.23264173614259792, 0.23760067006930793, 0.2354424784969782]
B1: 0.021054112611185817 - 0.3579927676141717 - 0.00518776206802792 - -0.02056090497904222
B2: -0.0002117772832105928 - 0.3504499687446056 - 0.00015644769311880594 - 0.00502340780534935
