Number: 22
Error: 0.0013197985349874357
A1: [0.00802714760927525, 0.01209814882359634, 0.033894090684368376, 0.014620713289633708] - [0.13409778457699306, 0.2691488140526351, -0.08893367732688871, -0.07919928517650364] - [-0.11294286063826886, 0.40340454552621396, -0.07302562038786235, -0.2820291165997815] - [0.16957363653863947, 0.16131498421241952, 0.17465838641049392, 0.19375587347025888]
A2: [0.4753798953020445, 0.14228569714072362, 0.31095823772063585, 0.30654988815003403] - [0.18841959715186307, 0.3552195612788094, 0.0270043151092776, 0.01909958582305352] - [0.2733772644029088, 0.9410724429827898, 0.11160373827902378, 0.09714021358223913] - [0.6079165694354717, 0.6087708483873658, 0.6051374537098921, 0.6001437570395093]
B1: 0.07008828575292998 - 0.4710400171718898 - -0.04175519331234584 - -0.05019664913606281
B2: 0.03874391188973351 - 0.5260674944113624 - -0.0763033440397377 - -0.0674871958539297
