Number: 9528
Error: 1.4497625858605982e-13
A1: [0.05317165035707058, -0.14800217110644334, -0.02699994611981926, 0.12182692177619611] - [0.0053132550012276155, 0.13083622893287214, -0.1136012085477488, -0.022550228864431535] - [-0.014445002833343577, 0.22309109436333036, -0.12704170545272325, -0.08160645945541599] - [0.027146549727177255, -0.10001994841324258, -0.04942441858315213, 0.12229821025313066]
A2: [0.08925660005851647, -0.07291123651644335, -0.12362533024535505, 0.10728854818762307] - [0.10883932405242633, 0.24981177594062537, -0.40484764665849315, 0.04618703487344987] - [0.03663422651257265, 0.4625534228814428, -0.3777191139550939, -0.12147499061794273] - [0.14342530724921224, -0.044607745077197766, -0.20150063486776243, 0.10267871984777753]
B1: 4.2302495080026285e-07 - -3.933420206997098e-07 - 1.2941379120054858e-07 - 4.869182824167468e-07
B2: -8.535542178145653e-08 - -5.104576834497999e-08 - -1.3186656376873857e-07 - -2.668756097920879e-07
