Number: 7999
Error: 6.557140020035246e-16
A1: [0.08043170830611075, -0.18046778713170575, -0.019588833380058433, 0.11962499535699594] - [0.037415568465253644, 0.13359637465519025, -0.13472619770377628, -0.036285836619501265] - [-0.0017028179106114197, 0.22819011760892247, -0.1228283815446359, -0.10365890912257361] - [0.038863251176570045, -0.11448100185197876, -0.04641642465899786, 0.12203424468997426]
A2: [0.035307428973390044, -0.029273489923815833, -0.0756973633457849, 0.06966339299987494] - [0.10289369199240117, 0.2828966420888505, -0.3926064530042809, 0.0068159345591715615] - [-0.011187110035558617, 0.539014580582614, -0.3594510250003416, -0.16837647514949702] - [0.09786277495771309, 0.017463291934145538, -0.16885103378943164, 0.05352485271860903]
B1: -2.470348553686332e-11 - 1.3311981680379467e-08 - 4.0518013613331495e-09 - 9.934459443962693e-09
B2: 8.863955192980252e-09 - -1.495598382955673e-08 - 2.8264054558649233e-09 - 7.648182605405465e-09
