Number: 7060
Error: 9.164775948471025e-16
A1: [0.08043169878690887, -0.18046779664982077, -0.019588842887873804, 0.11962498583888193] - [0.037415600569750115, 0.1335964067353861, -0.13472616566330178, -0.036285804532808726] - [-0.0017028015115862067, 0.22819013400759858, -0.12282836516962821, -0.1036588927279321] - [0.03886323838195454, -0.11448101461067778, -0.046416437445462755, 0.12203423190331088]
A2: [0.03530742241766935, -0.0292734964976827, -0.0756973695788774, 0.06966338613860724] - [0.1028937918387394, 0.2828967427825766, -0.39260635643418573, 0.006816039112826869] - [-0.011187100108593378, 0.5390145905688113, -0.3594510156042466, -0.1683764646891202] - [0.09786279673871967, 0.017463313814232728, -0.16885101305529118, 0.053524875581542605]
B1: 2.0039985804316766e-08 - -1.514857604210193e-08 - -7.873442029486565e-10 - 9.835818022024909e-09
B2: 5.569479121832419e-09 - 2.963340199386215e-09 - 9.502947065720618e-09 - 2.2783805456859316e-10
