Number: 7606
Error: 1.1021670396577107e-15
A1: [0.08043172914704098, -0.1804677662931351, -0.019588812564054273, 0.11962501619554021] - [0.03741564197856303, 0.1335964481128551, -0.13472612433699735, -0.03628576314693693] - [-0.0017027745567868892, 0.22819016096182226, -0.12282833825429633, -0.10365886578032464] - [0.03886327908746136, -0.11448097401941627, -0.046416396765905525, 0.1220342725835103]
A2: [0.03530742292717354, -0.029273495986759962, -0.07569736909446563, 0.06966338667186815] - [0.10289371055097868, 0.28289666080493, -0.39260643505465664, 0.0068159539926938096] - [-0.011187121404755501, 0.5390145691456305, -0.3594510357615396, -0.16837648712960454] - [0.09786278299668558, 0.017463300009696196, -0.16885102613683525, 0.05352486115689941]
B1: 9.237894621070558e-09 - 1.2334105007862994e-08 - 2.2052733890087837e-08 - 1.7418980845419994e-08
B2: 1.0647461283196646e-08 - 1.3836008502514427e-08 - 1.8874148125211595e-08 - 1.1411356505517212e-08
