Number: 8410
Error: 1.0679160399910513e-15
A1: [0.08043166740716749, -0.18046782802600977, -0.019588874230136947, 0.11962495446271086] - [0.0374156265058215, 0.1335964326518354, -0.13472613977877834, -0.03628577861103718] - [-0.0017028208260596452, 0.2281901146935374, -0.12282838445581916, -0.10365891203723746] - [0.0388632091475741, -0.11448104376299874, -0.0464164666612187, 0.12203420268711088]
A2: [0.03530757383842184, -0.029273344658093108, -0.07569722560963128, 0.0696635446165104] - [0.10289372690493626, 0.28289667729771417, -0.3926064192373005, 0.006815971117669362] - [-0.011187100171031798, 0.5390145905059497, -0.3594510156633451, -0.1683764647549202] - [0.09786275802584336, 0.017463274925240663, -0.1688510499075318, 0.05352483494570835]
B1: 3.316080471093755e-08 - -1.3198279000353055e-08 - -7.0720807737592565e-09 - -2.904285159748006e-08
B2: -6.333771211534564e-09 - 2.7596530808838966e-08 - 8.060477079168583e-09 - -9.691986797427142e-09
