Number: 2918
Error: 4.899499923828035e-08
A1: [0.06428488424568556, -0.04702364144209916, -0.022600174516300288, 0.008699412397716514] - [0.0437629499790738, 0.1913682858654538, -0.14246034245609054, -0.09240088477904394] - [-0.12297277351274159, 0.4153314736508427, -0.10438569437080697, -0.1866020923743014] - [0.03765716503604783, 0.019821367385476785, -0.032481108135231376, -0.022403973444486358]
A2: [0.06329472743689138, -0.1738338003169544, 0.08617512896142974, 0.02380991675328242] - [0.029307366155122225, 0.20031574485944942, -0.10169281867911446, -0.12785613464534118] - [-0.09317505010745165, 0.5139117937669364, -0.22537045217355267, -0.19487043481129743] - [-0.026039312625118754, 0.0184082558873269, -0.050399497493580456, 0.05686833419996225]
B1: -9.367973131398576e-06 - 5.857380966150822e-05 - -4.128528830250414e-05 - 9.922908989604817e-05
B2: 0.0003982403640454265 - 2.3337774343108714e-05 - 0.00010822459918426647 - 0.000198463302399747
