Number: 8186
Error: 5.05512959650367e-16
A1: [0.0804317225669636, -0.18046777287249058, -0.01958881913630671, 0.11962500961618894] - [0.03741556135981065, 0.13359636755516752, -0.13472620479497793, -0.036285843720950096] - [-0.0017028104307629753, 0.2281901250886054, -0.12282837407575153, -0.1036589016447289] - [0.03886326085898865, -0.1144809921967376, -0.04641641498276948, 0.1220342543663644]
A2: [0.03530767581344654, -0.02927324240103458, -0.075697128652961, 0.0696636513443098] - [0.10289381627457143, 0.2828967674257858, -0.39260633280009244, 0.006816064700611944] - [-0.011187171865673676, 0.539014518383711, -0.35945108352400795, -0.16837654030191845] - [0.09786266521029877, 0.017463181687539162, -0.16885113826205625, 0.053524737519766524]
B1: 6.174092264170168e-08 - -2.9613896988117225e-09 - -1.3156009162393708e-08 - 5.997914381334109e-08
B2: 4.278265951295608e-08 - 8.3504317272311e-09 - 2.52523508479171e-08 - 3.4535148544746687e-08
