Number: 493
Error: 7.03769569768924e-13
A1: [-0.012155359370746289, -0.01451918891395242, 0.018085110870552208, 0.008580996933618834] - [0.06583583565740488, 0.18949583829869956, -0.14532194966999495, -0.11000789245304671] - [-0.09629193368529324, 0.42178719205362586, -0.053456095829106556, -0.2720344056485794] - [-0.001319140010151347, -0.018216974965719036, -0.0038325983129405975, 0.023379471651494305]
A2: [0.1615871158846518, -0.16775438562100492, 0.008501721028381454, -0.0023326843065608334] - [0.03548616651791537, 0.20751715764828632, -0.11720998307934968, -0.12579159618714655] - [-0.08621387514849481, 0.5815377980838321, -0.23538904818454548, -0.2599358904188239] - [-0.0038363765729204687, -0.004520675649196341, 0.0011088620450634328, 0.007242044475409179]
B1: 1.1985283704802908e-06 - -1.1604805502041008e-07 - -3.722785106031421e-08 - -5.28669977320472e-08
B2: -1.7606060248854802e-06 - -4.277648255399305e-07 - 2.1762207813845948e-10 - 5.503000884635962e-07
