Number: 3422
Error: 4.1533530427837303e-08
A1: [0.06712897904674994, -0.11305789022419332, -0.02307045046829575, 0.07263648686404177] - [0.03770379918765128, 0.18848098646522526, -0.14711282380410473, -0.07789062567803048] - [-0.05868550846578191, 0.3304318958084188, -0.12624407666240633, -0.13946965150395443] - [0.04027139727156313, -0.0521579229564015, -0.03623238779774146, 0.05287011349119439]
A2: [-0.009608929960351398, -0.3473330169481646, 0.2489494758839855, 0.1059340861010302] - [0.08031132779178424, 0.03657464095899375, -0.04995458343671838, -0.06577396447314741] - [-0.042060499626645036, 0.23126451507154722, -0.040112793981243976, -0.14741489398811783] - [0.06887969243336939, -0.29264740449086457, 0.14258105416850894, 0.08439955385351501]
B1: -0.00039616408699693706 - -8.61045727892005e-05 - 0.00013547513460620143 - -0.00017087314141849843
B2: -0.00040558516140891583 - 4.5065523760775896e-05 - 0.00019856778598405564 - 0.0002777309561988579
