Number: 3045
Error: 3.897769421225773e-08
A1: [0.06328250365363054, -0.04802461318809782, -0.023595456268936044, 0.007698288168691052] - [0.044354025415666846, 0.1919387362375356, -0.14184947958845637, -0.09174915943381438] - [-0.12300812131870921, 0.4153058901683538, -0.10441069263413211, -0.18661985909099554] - [0.03618951329934328, 0.01835019591737848, -0.033951871471535174, -0.02387209049469418]
A2: [0.06258859252247617, -0.17453668846709874, 0.08547869602404305, 0.023112833683120806] - [0.0294749638505742, 0.200481134329943, -0.10152560796243698, -0.12769279267025946] - [-0.09253681975998862, 0.5145357216588688, -0.22473144857580957, -0.19424889959115602] - [-0.02335955059650813, 0.02106669214772956, -0.04772856261869757, 0.05948020484460102]
B1: 0.00050198588421202 - 0.0003877608892352658 - 6.334777438012196e-05 - 0.0002249070467061196
B2: 4.062779360205636e-05 - 9.179702132894573e-05 - 0.0005078534676709273 - -6.841526551095925e-05
