Number: 9498
Error: 3.2184283259403536e-14
A1: [0.05317299712069786, -0.14800082385451566, -0.026998600848516758, 0.12182826917964482] - [0.005314504979655452, 0.13083748023359362, -0.11359995874997102, -0.022548977114038072] - [-0.01444504840397044, 0.22309104877849537, -0.12704175098665443, -0.08160650504259803] - [0.027148842609131432, -0.10001765548116281, -0.04942212081448647, 0.12230050901823573]
A2: [0.08926012909587915, -0.07290771561187175, -0.1236218806867241, 0.10729212080708507] - [0.10884113449609567, 0.24981358670724396, -0.40484587207018685, 0.04618887578692607] - [0.03663658663870827, 0.46255577073364174, -0.37771681129155615, -0.12147260600187497] - [0.14342656688527974, -0.04460649012907073, -0.20149940493841903, 0.10267999817480138]
B1: 7.194352849657966e-11 - 3.2427249756298636e-07 - 1.1539276534594885e-07 - 4.968220917921649e-07
B2: 8.337617911021058e-07 - 3.0562218380454883e-07 - 2.3826694707391e-07 - -3.9146395773864396e-07
