Number: 5904
Error: 1.1218942595231566e-08
A1: [0.0803894065699491, -0.18051023219366943, -0.019631044488566902, 0.11958271519681951] - [0.03698081966955878, 0.13316185495314178, -0.13516005799944059, -0.036720326364012415] - [-0.0016314422421538082, 0.22826155095276804, -0.12275699112758459, -0.10358749311921396] - [0.03935172536060723, -0.11399386341209494, -0.045928104541929506, 0.12252248783902711]
A2: [0.035084157221086855, -0.02949726625148815, -0.0759096265508673, 0.06942963409050153] - [0.10207690953672631, 0.2820729164965268, -0.39339659430341833, 0.005960412378490531] - [-0.011975595509341021, 0.5382214957650258, -0.360197302343931, -0.1692074448255377] - [0.09737376767820267, 0.016972165783055958, -0.16931651574727424, 0.05301144998976772]
B1: -8.155363468911707e-05 - 0.0001847436426925365 - 3.247290866222169e-05 - -1.5904239832356227e-05
B2: -0.0002970046073927833 - -6.173413896612165e-05 - 0.0003489479945930116 - -1.022730799562947e-05
