Number: 4408
Error: 1.1839022037764292e-15
A1: [0.06621315589789152, -0.1139521049170995, -0.023983976043773093, 0.07172284240902899] - [0.03740262818614788, 0.18819338477806252, -0.14740893099288743, -0.07818699439015901] - [-0.0602293876725271, 0.3289507844257158, -0.12775312568060088, -0.1409683381202327] - [0.039046100815906926, -0.05332274142367852, -0.037418646817134374, 0.05169506445176621]
A2: [-0.009108429069301219, -0.3468030298249685, 0.24945523823067675, 0.1064568337145765] - [0.08003987790514622, 0.036282313141044464, -0.050250055275638306, -0.06607190202692073] - [-0.04245279999767903, 0.23083191256557428, -0.04053122469060126, -0.14784781745042078] - [0.06813464187233212, -0.29346800295402176, 0.14177109224755352, 0.08356170695667463]
B1: -6.541709449902956e-08 - 4.974471827393841e-08 - 2.3758955499727383e-08 - -2.6816826544171703e-08
B2: -4.1100950700047005e-08 - 2.3126976931505202e-08 - -8.54513439186125e-09 - 1.165582339909647e-09
