Number: 9320
Error: 3.763793935122392e-10
A1: [0.05316523386010637, -0.1480085915168272, -0.027006352092191488, 0.12182050095968393] - [0.00516128681107424, 0.13068410852895368, -0.1137531500638636, -0.022702416886144] - [-0.014348306533387208, 0.2231878190731963, -0.12694508156226242, -0.08150972296885575] - [0.027053887213762975, -0.10011260878774644, -0.049517272745582465, 0.1222053085304253]
A2: [0.08923978307315646, -0.07292800844714416, -0.12364177378538593, 0.1072715239819917] - [0.10887935741086018, 0.24985182326449673, -0.40480840959014125, 0.04622774467303106] - [0.03661946619416052, 0.46253873842717347, -0.377733518132263, -0.12148990577550985] - [0.14336927073954567, -0.04466357889384565, -0.20155535690039775, 0.10262184942236541]
B1: -5.8309304576114255e-05 - -1.2279417192219443e-05 - -3.698416560071632e-06 - 1.940551862810013e-05
B2: -1.2980990193335886e-05 - -2.0311973886888017e-05 - 1.530438448093096e-05 - -2.8817920988723608e-05
