Number: 510
Error: 4.5037213497601467e-13
A1: [-0.012155151150136347, -0.014518975046466308, 0.018085341027044382, 0.008581219449459266] - [0.06583540314890968, 0.18949542224444352, -0.1453223968448589, -0.11000837400682889] - [-0.09629271787817538, 0.421786434136469, -0.053456946776343175, -0.27203531928044217] - [-0.001321184648719593, -0.01821894134234376, -0.0038347747773884435, 0.023377108370513038]
A2: [0.16158727093609473, -0.1677542334951758, 0.008501872938050773, -0.0023325331764220162] - [0.035485509250697794, 0.20751651094296966, -0.11721063759277828, -0.12579223916461912] - [-0.08621441126953383, 0.5815372729540851, -0.23538956985497153, -0.25993641322505845] - [-0.003834752124891117, -0.004519078209135389, 0.0011104698530957577, 0.007243598631937301]
B1: 1.8243029937694406e-07 - 9.077193068130242e-07 - -1.2216422534677233e-07 - 4.178567781802755e-07
B2: -1.516616092715832e-07 - -1.5921986184521367e-07 - -5.447093296329542e-07 - -4.430134605612464e-07
