Number: 1316
Error: 1.289948634279148e-08
A1: [-0.00707218656039194, -0.01487725999820977, 0.0031176162906757037, 0.019573163818179275] - [0.06658057796173002, 0.18964752735608473, -0.1469896857799659, -0.11013617249962995] - [-0.11232742941127122, 0.44203879316309014, -0.07052006672436727, -0.2578205805032056] - [-0.023223412045983806, 0.015487835000794469, -0.029784930106946293, 0.039065612919579336]
A2: [0.13176639109190283, -0.22445146915279277, 0.022844278031842736, 0.07033690896691301] - [0.03259492926567104, 0.20369869205011482, -0.11493952250359855, -0.12150768792681672] - [-0.09459937534204664, 0.5555632826996338, -0.23517917562786939, -0.22561203101231464] - [-0.020682858717736608, -0.01913381884872803, 0.0082618073370156, 0.03232062163161904]
B1: -0.00011655491632603405 - -6.303349603883732e-05 - 5.914544397216974e-06 - -0.00012557157988901012
B2: 5.8649130033269803e-05 - -2.82274248238826e-05 - 4.034387453665459e-05 - 2.2129477457694547e-05
