Number: 3300
Error: 2.0490908340316008e-05
A1: [0.07163529641111924, -0.10871578668153473, -0.019067959888620034, 0.07671936096592123] - [0.05305018238029114, 0.20237720769876547, -0.13184132481233365, -0.06257721062291423] - [-0.05952636488118524, 0.33012713189182874, -0.1267915179843798, -0.14007935967781665] - [0.049452176341673246, -0.04352562367392698, -0.02760994407612198, 0.06150007331366221]
A2: [-0.030748993769458572, -0.3703648319515002, 0.22801188322941968, 0.08369254493194551] - [0.0990442218364984, 0.056940820881146104, -0.0296718485073653, -0.04532960085420983] - [-0.06383000064390539, 0.20566166016786266, -0.06419628704318969, -0.17221239518434237] - [0.045714582456390325, -0.3194937489358339, 0.11687900725300843, 0.057812317285520394]
B1: -0.00829350196290101 - -0.003331650938612929 - -0.0017649983804797825 - 0.0006915456031141146
B2: 0.00825591572118724 - -0.011710428786026262 - 0.00207704303386904 - 0.00030550490656228055
