Number: 5433
Error: 1.6317772844528744e-15
A1: [0.06621324287788988, -0.11395201988066492, -0.023983889131981042, 0.07172292924308514] - [0.037402703101959124, 0.1881934563552475, -0.14740885734477244, -0.07818692073554262] - [-0.060229471662007796, 0.32895070375801977, -0.12775320786763608, -0.1409684198649677] - [0.039046075093904814, -0.053322765837963866, -0.037418671702160546, 0.05169503976868682]
A2: [-0.009108213166098627, -0.34680280078653125, 0.24945545588007245, 0.10645706007634141] - [0.08003996538394072, 0.036282407380637094, -0.05024995966613507, -0.06607180560597108] - [-0.04245285487337187, 0.23083185200151313, -0.040531283497749364, -0.14784787814073325] - [0.06813467849763225, -0.293467962627677, 0.14177113195246813, 0.08356174802086112]
B1: -5.4627069931362385e-08 - -5.602954632824923e-08 - 1.192671985889978e-08 - 2.3089441186229075e-09
B2: -6.359399954305665e-08 - -4.259247410297003e-08 - -3.495400555824203e-08 - 3.755183730831447e-08
