Number: 4697
Error: 8.463083309810694e-16
A1: [0.06621313848806945, -0.1139521219378672, -0.023983993439943542, 0.07172282502839236] - [0.037402575515304404, 0.18819333445464587, -0.1474089827723746, -0.07818704617422728] - [-0.06022934024391221, 0.32895082997829855, -0.12775307926974264, -0.14096829195882402] - [0.03904605465544385, -0.0533227852375289, -0.03741869147589067, 0.05169502015557232]
A2: [-0.009108451730206012, -0.34680305386475985, 0.24945521538625431, 0.10645680995569325] - [0.08003992082485856, 0.03628235937783642, -0.050250008366847225, -0.06607185471986288] - [-0.042452774331012966, 0.23083194089284706, -0.04053119718514307, -0.14784778906414586] - [0.06813493577058562, -0.29346767935964024, 0.14177141086103212, 0.08356203647043746]
B1: -3.155449625100425e-08 - 4.405608902557392e-08 - 4.655552185589296e-09 - 4.570722430831e-08
B2: 2.0109441925214677e-09 - 5.0447892360566065e-09 - 4.100466114509202e-08 - 9.3396781765076e-09
