Number: 7376
Error: 1.3332699229888028e-15
A1: [0.08043168854371274, -0.18046780689185948, -0.019588853118825918, 0.11962497559685525] - [0.03741554476871918, 0.13359635097658926, -0.1347262213531451, -0.036285860302927964] - [-0.0017028196596023037, 0.22819011585996987, -0.12282838329107193, -0.10365891087110102] - [0.03886319655229325, -0.11448105632295555, -0.04641647924847533, 0.12203419009964425]
A2: [0.035307648026818406, -0.029273270264530575, -0.0756971550724803, 0.06966362226294182] - [0.10289378770539792, 0.2828967386141556, -0.3926063604318874, 0.006816034784605909] - [-0.011187147406519382, 0.5390145429887756, -0.35945106037278324, -0.1683765145285677] - [0.09786284869718881, 0.01746336600904041, -0.1688509635941747, 0.05352493012099639]
B1: 4.841828336822909e-08 - 1.1113872150204985e-09 - -3.847355211475098e-08 - 8.877997214824947e-09
B2: 2.36170269801753e-08 - -9.111017119307891e-09 - 2.4539073361831616e-08 - -4.900314412508671e-09
