Number: 3985
Error: 8.564567002455561e-16
A1: [0.06621315177117666, -0.11395210895156932, -0.023983980167229666, 0.07172283828924775] - [0.03740267254927221, 0.18819342716401105, -0.14740888738055166, -0.07818695077394117] - [-0.06022936179708104, 0.32895080927768927, -0.1277531003603678, -0.1409683129362508] - [0.039046064400505114, -0.05332277598784555, -0.03741868204783455, 0.05169502950709952]
A2: [-0.009108622670208032, -0.3468032352052519, 0.24945504306337563, 0.1064566307346597] - [0.08003976209673536, 0.03628218838218743, -0.050250181847659614, -0.06607202967373112] - [-0.042452809303164286, 0.23083190229546258, -0.040531234662753816, -0.14784782774200395] - [0.06813471644674936, -0.29346792084447854, 0.14177117309332132, 0.08356179056820807]
B1: -5.934949300162566e-09 - -3.368216584972602e-08 - 1.1360092219711486e-08 - -1.2070692930700814e-08
B2: -1.7005055217872064e-08 - 1.6012013897120942e-08 - -1.591247904893107e-08 - -2.7746944002311082e-08
