Number: 8876
Error: 6.266278701722611e-06
A1: [0.08786703192500767, -0.17210426088327155, -0.012493830885080236, 0.1276944147911342] - [0.045772187234527556, 0.14307633582555584, -0.125452010840377, -0.027516847637351252] - [0.012903746467072047, 0.243358065383094, -0.10765505387623069, -0.08881474867203733] - [0.05777826730762548, -0.09448833670040367, -0.02808775826686129, 0.1416689873087658]
A2: [0.03378316196430538, -0.03080286166941951, -0.07705325546210832, 0.06791609532945866] - [0.11008592967698065, 0.29025650980013185, -0.38468151700480624, 0.01424890592952303] - [0.0010775352244194285, 0.5500380190894231, -0.34831686716626037, -0.15517699464581242] - [0.11112573246621468, 0.03107980671763562, -0.15577354948445585, 0.06749551006460126]
B1: 0.0025766261500560113 - 0.0030182717729754106 - 0.000980170667457778 - -0.00037022695851048125
B2: 0.00484828919858575 - 0.005591445819324678 - -0.0077175946257613285 - -0.0020917299421020497
