Number: 1846
Error: 1.0300621291332597e-07
A1: [-0.006967299633285503, -0.01474977784419431, 0.003266657946383828, 0.0196676103217932] - [0.06755878125177328, 0.1905945324318735, -0.14597875548873304, -0.10904692753042312] - [-0.11453702940123651, 0.43990481998667236, -0.07287163482853208, -0.2601966805405373] - [-0.024717973070739595, 0.014056708516331621, -0.03138080305825863, 0.03749741943898732]
A2: [0.13172442553637825, -0.22452889280198884, 0.022806732984371973, 0.0702884251838202] - [0.033528230798297524, 0.20463127207081844, -0.11400842686658, -0.1205862302321482] - [-0.0937114337209879, 0.556453042107345, -0.23422288875025415, -0.2246270924993034] - [-0.019533652506449506, -0.018036740404142392, 0.009389877207920335, 0.03340540447821192]
B1: 0.0001826794588683141 - 0.0005172272100464174 - -0.00023535707597818642 - 0.0005719713613630297
B2: -0.0001413335387475514 - 0.00010843928695568466 - 0.0003658002812503396 - 0.00013656994391497267
