Number: 6178
Error: 1.0750047489156169e-15
A1: [0.08043161710355737, -0.18046787832391753, -0.019588924473556948, 0.11962490416486185] - [0.03741551381151614, 0.13359632004281835, -0.13472625224866977, -0.036285891242980726] - [-0.0017028030410691554, 0.22819013247815495, -0.12282836669687154, -0.10365889425700434] - [0.038863234841426675, -0.11448101814126936, -0.046416440983736276, 0.12203422836498563]
A2: [0.03530738357617558, -0.029273535446612195, -0.07569740650883905, 0.06966334548673256] - [0.10289372443621288, 0.28289667480799385, -0.3926064216250282, 0.006815968532519111] - [-0.01118715819144734, 0.5390145321395288, -0.3594510705809024, -0.16837652589308777] - [0.09786277598029966, 0.017463292961388766, -0.1688510328159484, 0.05352485379193967]
B1: 1.1053923878349583e-08 - 4.859527631110014e-09 - 1.7996964512179426e-08 - 4.202573287256969e-09
B2: -1.2102786109164859e-08 - -2.3032791358508466e-08 - 4.133959805560921e-08 - 3.3197714094584654e-08
