Number: 6611
Error: 9.102394031521853e-16
A1: [0.08043168081464633, -0.18046781462004832, -0.019588860838649275, 0.11962496786867141] - [0.037415596541612146, 0.13359640271029566, -0.13472616968341602, -0.03628580855871576] - [-0.0017028483808383995, 0.22819008713934974, -0.12282841197025544, -0.10365893958467533] - [0.038863243437063974, -0.11448100956975749, -0.04641643239357506, 0.12203423695527826]
A2: [0.03530746268479228, -0.029273456119187476, -0.07569733129342025, 0.06966342828252657] - [0.10289375595553185, 0.2828967065948219, -0.3926063911399606, 0.006816001537866043] - [-0.011187064076694661, 0.5390146268156388, -0.3594509814992886, -0.16837642672101866] - [0.09786283480438798, 0.017463352053050493, -0.1688509768192492, 0.05352491553811382]
B1: 4.503762460063971e-09 - 6.698779346862674e-09 - 1.0515116224098045e-08 - 6.741750411251034e-09
B2: 7.3066625652497004e-09 - 1.4875501839000143e-08 - -1.2997181169124395e-08 - 1.8571042229541017e-08
