Number: 8040
Error: 1.1255602576133988e-15
A1: [0.08043174393790041, -0.1804677515039495, -0.019588797790874392, 0.11962503098471598] - [0.03741553108079166, 0.1335963372990204, -0.134726235013748, -0.03628587398325387] - [-0.0017028043392168096, 0.22819013118002826, -0.12282836799311156, -0.10365889555480062] - [0.03886327692035317, -0.11448097618043995, -0.04641639893161984, 0.12203427041775727]
A2: [0.035307523287777726, -0.029273395348584464, -0.07569727367272625, 0.0696634917099601] - [0.10289378262641562, 0.2828967334920655, -0.3926063653441831, 0.006816029466129634] - [-0.011187206999810899, 0.5390144830400323, -0.35945111677926433, -0.16837657732394848] - [0.0978628016788709, 0.017463318776840913, -0.168851008352584, 0.053524880767084386]
B1: 3.250076062920188e-08 - 1.0761056419213726e-08 - -3.7637665606386955e-08 - -8.63913227116658e-10
B2: 1.9179533161314934e-08 - -3.9052740407554345e-08 - -5.232249026215174e-10 - 1.4140506591069653e-08
