Number: 2292
Error: 7.615228428424294e-05
A1: [-0.027831932814432032, -0.12974080261576812, -0.10722730458573485, -0.07719827691859153] - [0.07105167388340144, 0.21435251542268563, -0.12016257822415555, -0.0659416235363113] - [-0.15931397028814778, 0.3914850015418512, -0.13215616735458136, -0.21371912329795997] - [-0.047610007203592944, -0.05108069763105162, -0.10113709410186697, -0.09713757275083179]
A2: [0.012786545472131147, -0.22892237180749717, 0.039937505998650015, -0.026690393800951763] - [0.06336066253162834, 0.2339813310927302, -0.06691472432871876, -0.09492235498197137] - [-0.04416905188869251, 0.5684364821443483, -0.17151323435554713, -0.14980891611423752] - [-0.013096101554722524, 0.03443742765342748, -0.03668304614351389, 0.06885449030318509]
B1: -0.007759953018556764 - 0.006139623665942024 - -0.03285726372504727 - 0.02441891748484385
B2: -0.014355686501108949 - -0.01837559674061056 - 0.011661988952597634 - -0.00212386273821075
