Number: 5469
Error: 3.661921248978389e-14
A1: [0.0662136884566659, -0.11395158425975785, -0.023983443903592055, 0.07172337407350755] - [0.037403094474416185, 0.18819383028470588, -0.14740847259600814, -0.07818653595263539] - [-0.06022931542421338, 0.3289508538148032, -0.1277530549839267, -0.14096826780297883] - [0.039046962179623265, -0.05332192384924214, -0.03741781347628979, 0.05169589102644186]
A2: [-0.009106658603310525, -0.34680115164426206, 0.2494570230187836, 0.1064586899458136] - [0.08004068551809533, 0.03628318316987278, -0.05024917260125401, -0.06607101185869356] - [-0.042452871637805936, 0.23083183349914396, -0.04053130146251753, -0.1478478966813591] - [0.0681346401325295, -0.29346800486928215, 0.14177109036150637, 0.0835617050067973]
B1: -3.82412124055453e-07 - 4.2832148601360304e-07 - 3.3782567504664206e-07 - 3.5640314577837644e-07
B2: 1.6782494822249245e-07 - 7.675188117506751e-09 - 7.041273238538047e-08 - 2.7288295107555074e-07
