Number: 5725
Error: 0.021404092535689454
A1: [-0.14246049542378286, -0.3827019889615044, -0.2470976955974542, -0.10262416618671616] - [-0.27586644298065327, -0.17599871207212955, -0.4608340665971255, -0.3542266364081098] - [-0.09298447029079672, 0.18852713849969344, -0.20722454336107896, -0.18625870269816733] - [-0.012486513238971294, -0.10923723741690171, -0.08213170364266555, 0.08346184002223675]
A2: [-0.2771310384647969, -0.3106208798559261, -0.3122507579338471, -0.40042023459800075] - [-0.0761048553259312, 0.13120217588074007, -0.5021292999163917, -0.32785195020387564] - [-0.3362365012433043, 0.24425663363482047, -0.6110988576889345, -0.6651051809260816] - [-0.20724103854888265, -0.2566259347089336, -0.3984122140086072, -0.4180701402099036]
B1: -0.5061869240739104 - -0.7025597007346589 - -0.5417453306509549 - -0.5449021327179584
B2: -0.29705120988275746 - -0.23740650993405676 - -0.45064889679380055 - -0.26267289997361143
