Number: 9109
Error: 9.389371420736843e-06
A1: [0.03533187887664133, -0.16631738078351122, -0.044497266782883196, 0.10351948855879413] - [-0.008778557748935545, 0.11672545233078792, -0.1276046395876297, -0.03661364003451666] - [-0.012625125487421463, 0.22535970787361068, -0.12456482004295974, -0.0788889739433112] - [0.009114169189385186, -0.11811073411887615, -0.06688246620718524, 0.10430381475254888]
A2: [0.08566855433930101, -0.07618100207684085, -0.12633379378776247, 0.10405395056265106] - [0.11877901958293886, 0.25956474285744263, -0.394934888814938, 0.056193598139274756] - [0.0669536644638399, 0.4932628407841806, -0.3473667339741335, -0.0908301010269367] - [0.15899715073817813, -0.029143037842349007, -0.18638981334495344, 0.1182726716206053]
B1: -0.001893563258521686 - 0.001042711157656388 - -0.005866616553406676 - 0.001966694107147256
B2: 0.00412923813776212 - -0.0026772746620185393 - -0.004309478467219157 - 0.0009082302065450225
