Number: 4028
Error: 8.955218334409401e-16
A1: [0.06621322737472693, -0.1139520350375161, -0.023983904623011476, 0.07172291376591329] - [0.037402589449399684, 0.18819334776773308, -0.14740896907408926, -0.07818703247470724] - [-0.06022925842984421, 0.3289509085561989, -0.12775299921130115, -0.1409682123312226] - [0.03904624392113172, -0.05332260559367059, -0.03741850836765298, 0.05169520177703499]
A2: [-0.009108595589611572, -0.3468032064769576, 0.24945507036307504, 0.1064566591272041] - [0.08003984293443915, 0.03628227546756664, -0.05025009349663552, -0.06607194057248837] - [-0.04245288324618803, 0.23083182068731695, -0.040531313903045096, -0.14784790952023405] - [0.06813481676058845, -0.29346781039451275, 0.14177128184324025, 0.08356190303863224]
B1: 1.3592074024956113e-08 - -5.236317765763933e-09 - -3.1911010514388084e-08 - 1.1363959595821162e-08
B2: 1.137662556553091e-08 - -1.0362130475208708e-08 - -8.447323335813792e-09 - 1.599517386603176e-08
