Number: 2226
Error: 0.00016097497002105174
A1: [0.08978158535105527, -0.012555994249907096, 0.01311207647338471, 0.046424019519754486] - [0.001522470892614364, 0.13739814501136258, -0.20859456601200554, -0.16355579564149375] - [-0.12536099391103145, 0.4212731949876486, -0.09417735987913878, -0.18391213812881432] - [0.06025430013959505, 0.059901882072282135, 0.015370748452432045, 0.012166866660224093]
A2: [0.25265182729005004, -0.030789993230379988, 0.2600178156800417, 0.2045399415320911] - [0.09766130643626257, 0.26558355729008354, -0.031920981706459066, -0.06338705227705016] - [-0.055805917269702125, 0.5672717280694214, -0.17625357967012165, -0.1615753003240459] - [-0.022277442283687676, 0.04810204069490105, -0.035383224696699495, 0.07251421421902593]
B1: 0.03154673260004709 - -0.026624171860004618 - 0.000992660996808492 - -0.03418398074862721
B2: -0.009482517555964189 - -0.014337885299791504 - 0.008769022899980558 - -0.005260059992529487
