Number: 896
Error: 1.0179263593045803e-08
A1: [-0.011761596757901796, -0.014114842007961006, 0.018520313497823453, 0.009001720455454382] - [0.06577159195818569, 0.18943404134797834, -0.1453883708281086, -0.11007941687348412] - [-0.09601671147654026, 0.42205315918563413, -0.05315745647566056, -0.27171377283929465] - [-0.001414123996338269, -0.018308290774126514, -0.003933701143733706, 0.023269748520499466]
A2: [0.1616341923489372, -0.16770810710354742, 0.008547914746620438, -0.002286659443562543] - [0.03551622707054314, 0.20754674185192465, -0.11718004472089721, -0.1257621873582341] - [-0.08614406529111433, 0.5816062513975642, -0.2353210679128634, -0.25986771650855733] - [-0.0037854142898092586, -0.004470531039214802, 0.0011593203470815308, 0.007290815155863806]
B1: 4.324683705910254e-05 - -3.675020309890092e-05 - 3.353795757075293e-05 - 4.731884885863784e-06
B2: -0.00014676567376969703 - -0.000131980284686587 - -7.523359491069008e-05 - 8.217195782519971e-05
