Number: 1577
Error: 1.963523752634705e-08
A1: [-0.0066516155097814025, -0.014452554670279828, 0.0035544512702087184, 0.02000455739012572] - [0.06613498722194062, 0.18921875199186375, -0.14745013148840055, -0.11063189512792176] - [-0.11101188021637558, 0.4433278109575886, -0.06914995282177862, -0.2563959153514894] - [-0.022036005449308112, 0.016652641519897524, -0.02857517371384021, 0.040319247197012985]
A2: [0.13146528409544336, -0.22474818984358688, 0.022547224747291542, 0.07004052983635733] - [0.03258971286786013, 0.2036935753884674, -0.11494441244247812, -0.12151269152315484] - [-0.09419999534389979, 0.5559560684170073, -0.23478648776786368, -0.22521984202602605] - [-0.021118309664407288, -0.019563622760102088, 0.007828141622726147, 0.031899600788719035]
B1: 3.2955521417469706e-05 - -8.026585988607789e-05 - 9.706220992852755e-05 - -1.9942653665610463e-05
B2: -0.0006705674533159546 - 8.422560677602064e-05 - 0.0006426129649888655 - -0.00017251324042361654
