Number: 1109
Error: 4.238912403620904e-06
A1: [-0.011901738619755608, -0.019719521625113617, -0.0018095189467105964, 0.014519813974388587] - [0.06346485362592967, 0.18661370997661325, -0.15025123248946848, -0.11355877369165665] - [-0.127081822916634, 0.42763331948494965, -0.08577884174995593, -0.2739865011878152] - [-0.024674918855803012, 0.014042116527944699, -0.031059897446964035, 0.03749864619597995]
A2: [0.12673410628361859, -0.22937780945389302, 0.01797666343194026, 0.06534884466641731] - [0.012756977652884647, 0.18422173701402594, -0.13467275448240662, -0.1409521238008046] - [-0.09219442208349511, 0.5580402569059193, -0.23279541995705294, -0.22334303218165166] - [-0.029359088172823213, -0.027790241987534898, -0.00012765827137996115, 0.023784365260180004]
B1: -0.0007134521101378622 - -0.0013075292540688788 - -0.0014229348981450345 - 0.0014587425286548589
B2: 0.003007343569191039 - -0.005061256545686168 - 0.0030655927616095283 - 0.002036603317834522
