Number: 8768
Error: 5.6633605510525575e-09
A1: [0.08039825027864687, -0.18050123810258428, -0.0196222484982448, 0.11959154216019623] - [0.03731769020859755, 0.13349858035117404, -0.13482387781416433, -0.03638365803358844] - [-0.0017229495861048692, 0.22816998758241452, -0.12284848125696672, -0.10367903494027499] - [0.03886990511783486, -0.11447436398227535, -0.046409770776812596, 0.12204089553098105]
A2: [0.035364804526606945, -0.02921596451344921, -0.07564281010662807, 0.06972344922436795] - [0.10285061646430399, 0.2828531919049581, -0.39264811258695004, 0.006770832155474613] - [-0.011157235621837491, 0.5390446268212715, -0.3594227476968945, -0.16834498998029285] - [0.09787621622456821, 0.017476785695844797, -0.16883823707218218, 0.053538967344625335]
B1: -3.497382638293083e-05 - -4.490981715396501e-05 - -6.682741856039496e-05 - -4.485442488929317e-05
B2: 1.2430492863453122e-05 - 0.00010260647162036376 - -3.2934287531844166e-05 - 2.2108867549843622e-05
