Number: 4328
Error: 1.1274449076901162e-15
A1: [0.06621323190666144, -0.11395203060685667, -0.023983900094633248, 0.07172291829025816] - [0.03740260309521447, 0.1881933608053808, -0.14740895565920056, -0.07818701905863851] - [-0.060229427403549585, 0.32895074626626436, -0.12775316455902397, -0.14096837678956692] - [0.03904628778969957, -0.05332256395521972, -0.0374184659262608, 0.05169524387380572]
A2: [-0.009108559669047642, -0.3468031683708362, 0.24945510657422829, 0.10645669678788429] - [0.08003985818214357, 0.03628229189371853, -0.050250076831760575, -0.0660719237660857] - [-0.0424528625370076, 0.23083184354332073, -0.04053129171020981, -0.14784788661654297] - [0.06813495400618798, -0.29346765928120394, 0.1417714306306611, 0.08356205691619517]
B1: 3.1382792970816433e-08 - -6.2458763077813935e-09 - -3.6592379981632127e-08 - 4.902833451930526e-08
B2: 8.074688051796687e-08 - 8.00555849392644e-09 - 3.539763517541083e-08 - -6.402982184740245e-08
