Number: 1474
Error: 2.9752352296734707e-09
A1: [-0.007454724131796009, -0.01526355630139053, 0.002719125936417973, 0.019180077849994398] - [0.06673988547332688, 0.18980085516100204, -0.14682489772112584, -0.10995897734241226] - [-0.1129260076337819, 0.4414512986401855, -0.07114446183568478, -0.25846864625246363] - [-0.023235243059525713, 0.015475788351317509, -0.029797656067978552, 0.039053463502487326]
A2: [0.13170724795274902, -0.22450917912668492, 0.022785828692488713, 0.07027888750243717] - [0.03267212453782865, 0.2037747019286285, -0.1148625101803417, -0.12143216046825701] - [-0.09471924286357496, 0.5554448143753614, -0.23529749533033567, -0.2257304421390022] - [-0.020922306889407556, -0.019369495703790342, 0.00802379636909935, 0.03209014108218035]
B1: 2.7834162914354074e-05 - 1.5771426767111046e-05 - -5.864173381197078e-07 - -2.1700157351445373e-05
B2: 1.0933427393664153e-05 - -2.158237737692954e-06 - 6.302623025503419e-05 - -9.707649863533577e-05
