Number: 2242
Error: 0.0002444403423127107
A1: [0.03314328510110337, -0.0710539515465199, -0.04866940708595328, -0.01848841421387593] - [0.060709706014027885, 0.1973858953222597, -0.1444559300281282, -0.09219278515731105] - [-0.13096992443895256, 0.4166690316399561, -0.0980133649585725, -0.1871927969745742] - [-0.0016591064547515065, -0.0037349972208690196, -0.05092722007486948, -0.05563990382926068]
A2: [0.03309266432850477, -0.21914637952041788, 0.054078382259416885, -0.009381377086020364] - [0.11247995394544327, 0.28208356292584147, -0.01568161800776424, -0.04825177281253785] - [-0.05514766873568333, 0.5674817684638016, -0.17975269880032838, -0.16154442804461278] - [-0.027650104109185628, 0.034061785907102723, -0.04843474824570113, 0.06545176168964122]
B1: -0.01162577638543182 - -0.029199955341949285 - -0.01739845661175931 - 0.010503094103725099
B2: 0.00315622472818952 - -0.008299286766097506 - -0.0016853764201441145 - 0.0043735790017111545
