Number: 761
Error: 8.097245926817152e-15
A1: [-0.012153652048580052, -0.014517435308355163, 0.018086997995346337, 0.008582821415619134] - [0.06583587108192589, 0.18949587237685103, -0.14532191304214123, -0.11000785300923184] - [-0.09629360347075594, 0.4217855782176895, -0.0534579077567732, -0.27203635104034796] - [-0.0013209312215752634, -0.01821869762441492, -0.003834505021974813, 0.023377401285770916]
A2: [0.16158630663794143, -0.16775517963934503, 0.0085009280675549, -0.0023334732498226096] - [0.035485656865730554, 0.2075166561843434, -0.11721049059707453, -0.1257920947617296] - [-0.08621384740627978, 0.5815378252560001, -0.23538902119810895, -0.2599358633727109] - [-0.0038352742686472126, -0.0045195916732192025, 0.0011099530519818278, 0.007243099080474058]
B1: -2.906743722619233e-08 - -7.157509512484678e-08 - -1.8217822456038773e-07 - 3.9793745212682304e-08
B2: -6.542056371501973e-08 - 1.6605946490266428e-08 - -1.4489410544031519e-07 - 3.131722895676654e-08
