Number: 2934
Error: 2.656563615982531e-08
A1: [0.06342179759424652, -0.04788335106896422, -0.023455461229958566, 0.007842598664753104] - [0.043280476912845256, 0.19090281365928086, -0.1429571496599718, -0.0929307054851796] - [-0.12277457437679479, 0.4155295267469463, -0.10418620832873153, -0.1864032282088034] - [0.037510931757758735, 0.019675707114790764, -0.032626678133541955, -0.022548686691102444]
A2: [0.0637869153029951, -0.1733440202189883, 0.08666573040044, 0.024296201057973428] - [0.02973213749392231, 0.2007339328541189, -0.10126977131204015, -0.12744061409108576] - [-0.09354739235590044, 0.5135462593825917, -0.22574415931219702, -0.19523145448569226] - [-0.025710203447788516, 0.018734914862041645, -0.050069798556870146, 0.05718958945256443]
B1: 0.0002545135224414965 - 0.0003066443430983196 - -6.258930388858584e-05 - 3.8134656169135504e-05
B2: -4.967512037558206e-05 - 0.00011929710117625949 - 4.216524123729923e-05 - -4.4340684802996684e-05
