Number: 7417
Error: 7.752637614281472e-16
A1: [0.08043167659097306, -0.1804678188432468, -0.019588865057276285, 0.1196249636454795] - [0.03741557951311856, 0.13359638569469137, -0.13472618667797578, -0.03628582557777583] - [-0.0017027999315736462, 0.22819013558757764, -0.1228283635919291, -0.10365889114833739] - [0.03886323056065057, -0.1144810224100399, -0.046416445261791305, 0.12203422408686317]
A2: [0.035307198281910056, -0.02927372125335294, -0.07569758268445548, 0.0696631515563746] - [0.10289369275158569, 0.2828966428544716, -0.392606452269999, 0.006815935354131117] - [-0.011187098184070744, 0.5390145925048153, -0.359451013782638, -0.16837646266117928] - [0.09786275627454452, 0.017463273166006026, -0.16885105157459637, 0.05352483310736335]
B1: -2.8047805979153174e-08 - 2.2537913341709342e-08 - 5.96368863647817e-08 - 2.6190594704492856e-08
B2: 1.0644480761231203e-08 - 7.263495000122437e-09 - 3.6670311458791406e-08 - 1.646031213177875e-08
