Number: 39
Error: 0.00023358926586509389
A1: [-0.07726589432566003, -0.08534804951535316, -0.05304143688916372, -0.0536745558780382] - [0.10072391909878842, 0.23029959964762917, -0.11710464469522429, -0.09763195154755004] - [-0.2178920527982006, 0.2989859442932561, -0.18349427900934534, -0.394621167313215] - [-0.028010360345179224, -0.04073304070210843, -0.031569244377823096, -0.006087050315067236]
A2: [0.42029130789902863, 0.08811317398752821, 0.2584621844100594, 0.2493673346960543] - [0.13881657317094018, 0.3067473518871206, -0.02132049461700308, -0.03034848496833601] - [0.2022202357900611, 0.8695917188115897, 0.043606649964297424, 0.022772194422422967] - [0.5169920013744872, 0.5166845164307557, 0.5160973616793632, 0.5077563941122362]
B1: 0.05292367379508073 - 0.45170052346289363 - -0.033764505842207936 - -0.048398040927145065
B2: 0.013034773670140292 - 0.45533465845996157 - -0.028827934154800637 - -0.027833346151843456
