Number: 446
Error: 4.045423703917694e-12
A1: [-0.012164599469906617, -0.014528679347105253, 0.0180748979267851, 0.008571122927156753] - [0.0658320542350228, 0.18949220074310802, -0.14532585931456388, -0.11001210270076862] - [-0.09628599936991686, 0.42179292769428817, -0.05344965614351302, -0.2720274917407896] - [-0.0013115607320804143, -0.018209685607125773, -0.0038245301613167543, 0.023388232174397162]
A2: [0.16159074148687008, -0.1677508283702054, 0.008505273687666338, -0.002329149686875986] - [0.03548500157721822, 0.20751601143180826, -0.11721114313150129, -0.12579273579789174] - [-0.08621185096940676, 0.5815397808050325, -0.23538707851888763, -0.2599339164935733] - [-0.0038283518281700115, -0.004512784271035881, 0.0011168047231773057, 0.007249722114387008]
B1: 1.1088816499070104e-06 - 2.5138563668820943e-06 - 1.319588982472933e-06 - 1.3489955302005156e-06
B2: 8.306121345591901e-06 - -6.458060496881172e-06 - 2.158189818969838e-06 - -3.7647012925100284e-07
