Number: 3680
Error: 1.1218328829942821e-14
A1: [0.06621390470069739, -0.11395137284692491, -0.02398322782824242, 0.07172358995510673] - [0.03740255509349814, 0.18819331494237038, -0.14740900284896621, -0.07818706625218981] - [-0.060229192517960085, 0.3289509718606646, -0.1277529347139428, -0.14096814818065018] - [0.03904555468369696, -0.05332325979323255, -0.03741917518197637, 0.05169454037777811]
A2: [-0.009108066628549766, -0.3468026453329877, 0.24945560360335442, 0.10645721371233605] - [0.08003949276337534, 0.03628189823347616, -0.05025047621370937, -0.06607232653842468] - [-0.042452249950522665, 0.2308325196324812, -0.040530635237588014, -0.14784720911842322] - [0.06813548872594674, -0.29346707053175464, 0.1417720103188476, 0.08356265643515957]
B1: -5.594932640825619e-08 - -6.743899471732298e-08 - 7.780649275634739e-08 - -1.801340978120553e-08
B2: -2.66420188254793e-08 - -1.673883088811136e-07 - 1.939166222553482e-07 - 2.2351046013032086e-07
