Number: 7341
Error: 9.25573232560429e-16
A1: [0.08043167394409988, -0.18046782148981777, -0.019588867700979198, 0.11962496099890986] - [0.03741558540382276, 0.13359639158093803, -0.13472618079900836, -0.0362858196903339] - [-0.0017028405867465276, 0.22819009493327364, -0.1228284041875715, -0.10365893179265992] - [0.038863227320718965, -0.11448102564087705, -0.046416448499655684, 0.12203422084894695]
A2: [0.03530739148229325, -0.029273527518621237, -0.07569739899187192, 0.06966335376140151] - [0.10289371087225266, 0.2828966611289229, -0.3926064347439195, 0.00681595432910237] - [-0.011187123614574409, 0.5390145669226274, -0.3594510378531761, -0.1683764894581801] - [0.09786282168837407, 0.0174633388773727, -0.16885098930483222, 0.053524901770549096]
B1: 2.0075008324594658e-09 - -9.54042337810551e-09 - 4.1941786562203255e-09 - -1.3364226246250986e-08
B2: -6.112677905415343e-09 - 1.6390847488434757e-10 - -1.136805690985604e-08 - -7.619642223538243e-11
