Number: 6194
Error: 8.628837658796632e-16
A1: [0.08043163893029465, -0.1804678564996523, -0.01958890267291812, 0.11962492598910622] - [0.037415546139440765, 0.1335963523462752, -0.13472621998515946, -0.036285858932964016] - [-0.001702821504074425, 0.22819011401554362, -0.12282838513284414, -0.1036589127150819] - [0.0388632228916589, -0.11448103005750138, -0.04641645292588958, 0.1220342164226452]
A2: [0.03530742719839038, -0.029273491703743104, -0.07569736503341894, 0.06966339114214283] - [0.10289372188445783, 0.28289667223458154, -0.39260642409305146, 0.0068159658604578415] - [-0.01118705839375301, 0.5390146325324802, -0.35945097612027344, -0.16837642073269618] - [0.09786279128653616, 0.017463308337248795, -0.16885101824540988, 0.0535248698585158]
B1: -2.1951608210892196e-08 - -5.521058672291677e-09 - -1.389703293734181e-08 - -6.713377121830847e-09
B2: -2.533840524838766e-08 - -3.258497589235334e-08 - 8.587274750304998e-09 - -2.038400960546247e-09
