Number: 4730
Error: 1.0572218948546158e-15
A1: [0.06621321779571536, -0.11395204440247468, -0.02398391419453539, 0.07172290420293942] - [0.037402628994663074, 0.1881933855505543, -0.14740893019805967, -0.07818699359526377] - [-0.06022930241130544, 0.32895086631447673, -0.12775304224895953, -0.14096825513716507] - [0.039046307032516096, -0.05332254569057019, -0.03741844730939377, 0.05169526233951249]
A2: [-0.009108849026551529, -0.3468034753335515, 0.24945481487546992, 0.10645639341258968] - [0.08003995683792764, 0.03628239817420898, -0.05024996900662453, -0.06607181502544053] - [-0.04245286661460164, 0.2308318390431219, -0.04053129607974925, -0.14784789112614377] - [0.06813461822072178, -0.29346802899530894, 0.1417710666068686, 0.08356168043906281]
B1: 3.3245733394907e-08 - 3.8255122150518906e-08 - -2.4864349382381098e-08 - -5.324603242820733e-08
B2: 5.749699649665478e-09 - 9.343310248960003e-09 - -1.082466879499523e-08 - -1.6606465505744655e-08
