Number: 2957
Error: 2.0613719967169544e-08
A1: [0.0629146238666736, -0.048389770958808524, -0.02395878564866028, 0.00733799947555744] - [0.04366688707373138, 0.19127591700992425, -0.14255885240103403, -0.09250521353090155] - [-0.1237638873042793, 0.41454571381485134, -0.10517825364847297, -0.187389636205446] - [0.03680273286149363, 0.018967864820005235, -0.033333718114825224, -0.023250943633211785]
A2: [0.06425343832248204, -0.17287813034241337, 0.0871341093898764, 0.024759034159138188] - [0.028912952524340986, 0.19992705850698092, -0.102086253271284, -0.1282424395735974] - [-0.09363258546466899, 0.5134632124861834, -0.22582678622672595, -0.1953115350775161] - [-0.02622017050819258, 0.01822733446388641, -0.05058058107616284, 0.05669357382323636]
B1: 0.00011510199028924055 - -0.00011671145773375567 - -0.00019256865902272623 - -0.0002125094565263271
B2: 0.00016756050883936978 - -0.00042358228661662967 - 5.92821797695207e-05 - -8.733055887117009e-07
