Number: 5761
Error: 0.00047582181114384954
A1: [0.07879073271244687, -0.19045385046276875, -0.026211555381161714, 0.11452338612305966] - [0.02769551232152085, 0.10636351705768769, -0.15495336174760838, -0.053245275394974784] - [-0.04844377927020335, 0.1906894534092071, -0.16656481764011488, -0.1483208136079843] - [0.11830439363134575, -0.024239260199168246, 0.039787459418639454, 0.2056839076602801]
A2: [0.0252147721354514, -0.04265467567325549, -0.07169379999599944, 0.06577476255704964] - [0.15350276519927095, 0.33725742182266466, -0.35250479837718257, 0.051371551709745306] - [-0.014675970222225235, 0.5371868467878752, -0.359330220986245, -0.17687837612985985] - [0.09230187933495589, 0.012172797576529401, -0.16825273117961181, 0.04604062493813907]
B1: -0.040854865639333396 - 0.012270961198924136 - -0.02425198828332377 - -0.026356297628963413
B2: -0.004525660258873645 - -0.004425875131035226 - 0.0314156716994051 - -0.04218467455906916
