Number: 5577
Error: 2.497123214207689e-09
A1: [0.06618702897799197, -0.11397762562629118, -0.02401006614816077, 0.07169677057557641] - [0.03737394813825488, 0.18816600141121095, -0.14743711532854822, -0.07821518558854602] - [-0.0603688975305825, 0.32881684123663873, -0.1278895943346545, -0.14110408338542307] - [0.03886539787298684, -0.053494225558427456, -0.03759343090570251, 0.051521691400070124]
A2: [-0.009086392768578125, -0.34677964919958154, 0.24947749867701458, 0.10647997354305243] - [0.08004947286441917, 0.03629265336417862, -0.05023956462088844, -0.06606132144484934] - [-0.042501839131264325, 0.2307777982550823, -0.040583791747497135, -0.14790205500906697] - [0.06809722550604835, -0.29350919278917775, 0.14173051983340168, 0.08351975500091698]
B1: -2.3961453519473857e-06 - -2.22216139552497e-05 - -1.0331156188906216e-05 - -5.817025869895617e-06
B2: 3.292899077145433e-05 - 2.97346302687523e-05 - 2.9924199018781036e-05 - 4.1229461129197186e-05
