Number: 5509
Error: 1.071597111037504e-12
A1: [0.0662149206710946, -0.11395037957563395, -0.023982212659196585, 0.07172460421784922] - [0.03740328197364627, 0.18819400942971728, -0.14740828827371721, -0.07818635161397529] - [-0.060226447156429025, 0.3289536086405745, -0.12775024826206677, -0.1409654761748927] - [0.03905079893497312, -0.05331828214096865, -0.037414101561964355, 0.051699572802650445]
A2: [-0.009112292149883426, -0.3468071279370247, 0.2494513438910041, 0.10645278350260375] - [0.08004005302277971, 0.036282501794860256, -0.05024986388422773, -0.06607170899946563] - [-0.04245189071806082, 0.2308329160950502, -0.04053025027178978, -0.14784681181899553] - [0.06813501440496236, -0.29346759278323414, 0.1417714961079082, 0.08356212464145023]
B1: -1.6121022315186683e-07 - 2.576449150872358e-07 - 5.766045855834474e-07 - 3.298042442077536e-07
B2: 1.0644282007118132e-06 - 1.1064202231432008e-06 - -1.647920005909428e-07 - 1.951818005693669e-06
