Number: 4664
Error: 1.142131532193702e-15
A1: [0.06621310485178622, -0.11395215482249219, -0.023984027049827505, 0.07172279144856704] - [0.03740253908368176, 0.1881932996466954, -0.1474090185874544, -0.0781870819924724] - [-0.06022938167849159, 0.3289507901826502, -0.12775311981519288, -0.14096833228623767] - [0.03904610180774433, -0.053322740482292776, -0.0374186458575854, 0.05169506540348225]
A2: [-0.009108616344776126, -0.34680322849489126, 0.24945504943979835, 0.10645663736647629] - [0.08003972522598893, 0.03628214866191891, -0.05025022214515991, -0.06607207031341501] - [-0.04245285588706818, 0.23083185088265304, -0.04053128458374514, -0.1478478792619223] - [0.0681347840121462, -0.2934678464520409, 0.141771246340465, 0.08356186632152503]
B1: 2.177569402851556e-09 - -3.849548373564088e-09 - 9.102012958922178e-09 - 2.3214530186880994e-08
B2: 3.7063420887688915e-08 - 2.8147515774584336e-08 - -4.71653319907878e-08 - 3.304761201242824e-08
