Number: 3499
Error: 1.7427377106839374e-10
A1: [0.06620207433465744, -0.11396294041834502, -0.023995053253369137, 0.07171178059172816] - [0.037423476395184424, 0.18821330229336652, -0.1473884310246971, -0.0781664982717772] - [-0.0601854623460627, 0.32899297774642794, -0.12771013902932052, -0.14092559020273193] - [0.03906953114399439, -0.053300507086112725, -0.03739597652892798, 0.05171755066486759]
A2: [-0.009084191190129114, -0.34677731750560065, 0.24947968042732013, 0.10648224912287452] - [0.08000438466219666, 0.03624407641172624, -0.050288850254082404, -0.06611102245616998] - [-0.04247514950515182, 0.23080723640240994, -0.040555176150776216, -0.14787254124588817] - [0.06816498722649487, -0.29343459032165103, 0.1418040001801502, 0.08359573248147609]
B1: -1.5726540375902423e-05 - -1.6354859415631892e-06 - 3.413874787306386e-05 - -2.906154219749492e-05
B2: 1.9032032203196042e-06 - -2.639498342051734e-05 - -6.953660230574157e-06 - -2.9058026508054016e-06
