Number: 5580
Error: 4.934292237380429e-10
A1: [0.06629603034155333, -0.11387105725193677, -0.023901143330841736, 0.07180559450453293] - [0.03743751480052246, 0.18822673711747567, -0.14737461997365578, -0.07815268583590264] - [-0.06011227672859555, 0.3290633215297976, -0.12763845935975884, -0.14085430229789986] - [0.03905315417090248, -0.05331600685426476, -0.03741176624473771, 0.05170187847389102]
A2: [-0.009166424106485124, -0.34686454938034234, 0.24939683099878213, 0.10639607709055159] - [0.08007359902921568, 0.03631864462071851, -0.050213197099240256, -0.06603473015174297] - [-0.04246567750953854, 0.230817709603722, -0.04054504588264638, -0.14786206816939132] - [0.06812054217252948, -0.2934835192774058, 0.14175579375425662, 0.08354589328061486]
B1: -8.113093871422291e-06 - 8.056351150541335e-06 - 4.39732019330307e-05 - 3.8760536554032576e-05
B2: 3.892388102751843e-06 - -1.3812974238181552e-05 - 6.672968254151437e-07 - 3.16980217598728e-06
