Number: 9871
Error: 1.181186818393374e-15
A1: [0.05317263419564153, -0.14800118688951935, -0.026998963357988282, 0.1218279060779664] - [0.005313826449056891, 0.13083680101251274, -0.11360063715633097, -0.022549656593687982] - [-0.014444433582578133, 0.22309166383931156, -0.12704113663684302, -0.08160588998959362] - [0.027146472955526406, -0.10002002517844186, -0.04942449551263218, 0.12229813329624242]
A2: [0.08925454661048791, -0.07291328519693148, -0.12362733741283087, 0.10728646943192877] - [0.10884170571354261, 0.2498141580217719, -0.40484531216145214, 0.04618945661430619] - [0.03663576891086485, 0.4625549572471926, -0.37771760911287766, -0.12147343222100067] - [0.14342643045042403, -0.04460662606152312, -0.20149953816342742, 0.10267985970340708]
B1: 3.1354829907461496e-08 - -1.137460435324856e-08 - -4.5759751768028005e-08 - -1.1455539658472745e-08
B2: 1.786776457286741e-08 - 1.129511888448501e-08 - -4.62679822361431e-09 - -2.308429599547637e-08
