Number: 6780
Error: 1.000218618729131e-15
A1: [0.08043162176707791, -0.18046787366092845, -0.019588919815615235, 0.11962490882784652] - [0.03741554444908753, 0.13359635065719883, -0.13472622167214604, -0.0362858606223847] - [-0.0017028652130271023, 0.22819007030751853, -0.12282842877779844, -0.10365895641237143] - [0.038863185066510736, -0.11448106777649886, -0.046416490726935336, 0.1220341786210025]
A2: [0.0353074380455069, -0.029273480826622664, -0.07569735472013071, 0.06966340249483355] - [0.10289373055612631, 0.28289668097984877, -0.3926064157059328, 0.006815974940974685] - [-0.011187096193691978, 0.5390145945070728, -0.3594510118987059, -0.16837646056384106] - [0.09786280704636736, 0.017463324168766087, -0.16885100324307756, 0.05352488640121644]
B1: -5.47669104381236e-09 - -1.2656805572086242e-08 - -3.3034071880477855e-09 - -5.709468864287142e-09
B2: -1.8166106836026306e-08 - -6.474925042848042e-09 - -6.320788509370126e-09 - -5.490708689458531e-09
