Number: 4092
Error: 9.40509541838231e-16
A1: [0.06621317993552021, -0.1139520814166067, -0.023983952024990256, 0.07172286640632547] - [0.03740262159802751, 0.18819337848356055, -0.1474089374695225, -0.0781870008673495] - [-0.06022934368559258, 0.328950826672778, -0.12775308263754068, -0.14096829530873456] - [0.03904617449924035, -0.05332267148629185, -0.03741857553101033, 0.05169513515904556]
A2: [-0.009108552384935445, -0.3468031606435363, 0.24945511391731823, 0.10645670442495207] - [0.08003983243728985, 0.0362822641591279, -0.050250104969423566, -0.06607195214269444] - [-0.04245285513297525, 0.2308318517148187, -0.04053128377581765, -0.1478478784280783] - [0.06813482451722024, -0.2934678018541245, 0.14177129025217636, 0.08356191173524734]
B1: 7.793776438512988e-09 - -2.335968601127009e-09 - -1.980806638039966e-08 - 1.4056732825571017e-08
B2: -4.1408139779069417e-10 - 8.568236639553549e-09 - -3.609003116701861e-09 - 4.2097254265787295e-10
