Number: 9369
Error: 6.691604828409417e-12
A1: [0.05317670736203099, -0.1479971097563222, -0.02699489339792423, 0.12183198363421506] - [0.005309762271076273, 0.1308327312575399, -0.11360470122400018, -0.02255372698625949] - [-0.01446099933206442, 0.22307509217861723, -0.12705768879105514, -0.08162246070251028] - [0.027158132854984165, -0.10000836311986017, -0.04941280917753983, 0.12230982594192996]
A2: [0.08925777749622708, -0.07291006438444873, -0.1236241806849159, 0.10728974002296233] - [0.10882524949813287, 0.24979770079793795, -0.40486144184982953, 0.04617272468481265] - [0.03663199309473869, 0.46255120101364045, -0.37772129329724674, -0.12147724719910846] - [0.1434287136059783, -0.0446043494333575, -0.20149730853810405, 0.10268217724242175]
B1: 1.065312867753214e-05 - 2.0512481471421518e-07 - 2.814101311802807e-06 - -8.636220913933254e-06
B2: 2.493405725059428e-06 - 1.0394762974408771e-05 - -6.50303306741848e-06 - 3.3190695957171553e-06
