Number: 6284
Error: 8.751796745668804e-16
A1: [0.08043165362090043, -0.18046784181071057, -0.01958888799987876, 0.11962494067803385] - [0.03741556090798381, 0.13359636710364053, -0.13472620524604353, -0.03628584417260211] - [-0.0017028343786442627, 0.22819010114124808, -0.12282839798856372, -0.10365892558621588] - [0.03886321084985394, -0.11448104206551277, -0.04641646496002172, 0.12203420438832425]
A2: [0.035307458145926035, -0.02927346067061004, -0.07569733560891538, 0.06966342353211268] - [0.10289376010297499, 0.2828967107774657, -0.3926063871286098, 0.006816005880844978] - [-0.011186988541459022, 0.5390147028014164, -0.3594509100035923, -0.16837634712685315] - [0.09786283366377224, 0.017463350907246104, -0.16885097790504427, 0.053524914340841875]
B1: -2.982792663554473e-08 - 1.0770611209222622e-09 - -1.5398886522745415e-08 - -3.3735367078663665e-09
B2: -1.8576064018687814e-08 - -1.7599832956860045e-08 - -1.5815975475447992e-09 - -8.38397074061622e-09
