Number: 4339
Error: 1.0204036257214168e-15
A1: [0.06621313088941949, -0.1139521293666968, -0.02398400103259633, 0.07172281744255136] - [0.03740261720623492, 0.18819337428750305, -0.14740894178698502, -0.07818700518520005] - [-0.06022931443583198, 0.32895085476553526, -0.1277530540154743, -0.14096826684060126] - [0.039046307550027866, -0.05332254519944863, -0.037418446808796156, 0.051695262836066944]
A2: [-0.009108702645571634, -0.34680332004652986, 0.24945496244088536, 0.10645654688484386] - [0.08003982178124525, 0.036282252679529926, -0.05025011661586463, -0.06607196388799856] - [-0.042452862916186496, 0.23083184312484203, -0.040531292116553035, -0.1478478870358778] - [0.06813499379377692, -0.2934676154733598, 0.14177147376422655, 0.08356210152538947]
B1: 7.79725466176609e-08 - -1.2831931369211107e-08 - -4.907775638112407e-08 - 5.216686611571436e-08
B2: 4.746001269102722e-08 - 3.6351365572757677e-08 - 2.0189470641393285e-09 - -1.5314580062400964e-08
