Number: 5589
Error: 1.2313517978854572e-08
A1: [0.06621816166219034, -0.11394716924136582, -0.0239789202992488, 0.07172787780373498] - [0.03745931394870752, 0.18824757488907157, -0.147353168079967, -0.07813123924753448] - [-0.06025878448753957, 0.328922650700746, -0.12778174624817545, -0.14099683829136778] - [0.03903240459469735, -0.053335675988669284, -0.03743178926746975, 0.05168200378435112]
A2: [-0.009546533362542218, -0.3472678063009981, 0.2490137222372296, 0.10599759520748575] - [0.0802581323704219, 0.03651744067951739, -0.05001151525082183, -0.06583133342293841] - [-0.04262939518712035, 0.23063703020214166, -0.04072051654506887, -0.14804314255275738] - [0.06828950523377572, -0.29329747969789666, 0.14193894735136378, 0.0837353221649547]
B1: 0.00013778878335658166 - -0.0001285242055372408 - 0.00010947751266356815 - -1.5730171487574954e-05
B2: -6.796183931041374e-05 - -5.4702086359019564e-05 - -6.908702478211113e-05 - -4.868001600868201e-05
