Number: 8208
Error: 7.529100921521094e-16
A1: [0.0804317018836152, -0.18046779355349934, -0.01958883979493085, 0.11962498893519401] - [0.037415588708280885, 0.1335963948829414, -0.1347261775009942, -0.036285816387622315] - [-0.001702811809663209, 0.22819012370973404, -0.12282837545263442, -0.10365890302326346] - [0.03886324349407744, -0.1144810095129196, -0.04641643233662151, 0.12203423701223821]
A2: [0.035307327428984264, -0.029273591749028702, -0.07569745989309908, 0.06966328672285053] - [0.10289372708782593, 0.2828966774821276, -0.39260641906042276, 0.006815971309176316] - [-0.011187050199738884, 0.5390146407752978, -0.3594509683643314, -0.16837641209852627] - [0.09786287936959721, 0.017463396820927714, -0.16885093439591295, 0.053524962316904214]
B1: -2.7514831742429197e-08 - 6.1259307125268695e-09 - 1.4051508835317693e-08 - -2.0828797966191728e-08
B2: -7.088024769236895e-09 - -1.1439849020445309e-08 - -4.7915281755093155e-09 - -9.26786491143468e-09
