Number: 8055
Error: 1.1328078442578674e-15
A1: [0.080431703418796, -0.18046779201846463, -0.019588838261532876, 0.11962499047023864] - [0.03741558947478333, 0.13359639564881604, -0.13472617673610257, -0.03628581562160779] - [-0.0017028093302523628, 0.22819012618909904, -0.12282837297683986, -0.10365890054450437] - [0.03886324306218412, -0.11448100994359092, -0.04641643276821618, 0.1220342365806309]
A2: [0.03530738602696592, -0.029273532989032514, -0.07569740417877135, 0.0696633480518557] - [0.10289368139831492, 0.28289663140485605, -0.3926064632507508, 0.006815923465630144] - [-0.01118698059287028, 0.5390147107973505, -0.3594509024798158, -0.16837633875144523] - [0.09786279058843061, 0.017463307635957253, -0.1688510189099801, 0.05352486912575016]
B1: -4.0491335692144317e-08 - 1.3394106601724365e-08 - 2.6657256456811672e-08 - 8.766145247535174e-09
B2: 1.2579432968493568e-08 - -8.172805449647368e-09 - 6.8099945324565044e-09 - 7.860108421731737e-09
