Number: 5489
Error: 1.7922442115357794e-13
A1: [0.06621256651469108, -0.11395268112954346, -0.023984564964181943, 0.07172225401565296] - [0.037402693091614904, 0.18819344679113828, -0.14740886718484422, -0.07818693057617543] - [-0.06022894590641345, 0.3289512087154036, -0.12775269339458337, -0.14096790815850307] - [0.03904627298009668, -0.05332257801795139, -0.03741848027031176, 0.05169522964650938]
A2: [-0.009109573502163026, -0.3468042438849382, 0.24945408453693982, 0.10645563383563092] - [0.08003972626510907, 0.03628214978136906, -0.05025022100720475, -0.0660720691687207] - [-0.042451536887661644, 0.2308333066038309, -0.04052987109660209, -0.1478464204993794] - [0.06813621090384797, -0.29346627539139947, 0.14177279322216482, 0.08356346612760238]
B1: 5.984465290034453e-07 - -1.0409241355410049e-06 - 1.1660827493699486e-07 - -3.676980722860177e-08
B2: -1.5558549899734406e-07 - -5.16351774536782e-07 - -6.142310041083513e-07 - -5.906412729820747e-07
