Number: 6924
Error: 1.211801576617187e-15
A1: [0.08043167778426188, -0.18046781765008899, -0.019588863865409856, 0.11962496483863305] - [0.037415595905121814, 0.1335964020742869, -0.1347261703186377, -0.03628580919485397] - [-0.00170281163121165, 0.22819012388818954, -0.12282837527443476, -0.10365890284485628] - [0.03886323419049089, -0.1144810187903803, -0.04641644163425695, 0.12203422771445133]
A2: [0.03530732593512818, -0.02927359324708358, -0.07569746131324935, 0.06966328515916212] - [0.10289371861540657, 0.28289666893778814, -0.39260642725484235, 0.006815962437298842] - [-0.011187055026439045, 0.5390146359198664, -0.3594509729330047, -0.16837641718447433] - [0.09786277378462303, 0.01746329075572493, -0.1688510349061062, 0.05352485148721264]
B1: -3.897941434291332e-09 - -2.592376442143122e-08 - 3.140794440798979e-08 - -6.66089411373613e-09
B2: -7.3133015653853245e-09 - -6.250640999922181e-10 - 1.24447509294918e-09 - 3.5285954463389927e-10
