Number: 465
Error: 1.4591889575982644e-12
A1: [-0.01214969271257608, -0.014513368597703571, 0.018091374354995863, 0.008587052493817086] - [0.06583267856260067, 0.18949280130726126, -0.14532521382815, -0.11001140756591726] - [-0.09628813251326598, 0.42179086591568565, -0.05345197098724893, -0.2720299770066397] - [-0.001317051312080341, -0.018214966122552686, -0.0038303748400350165, 0.023381885932317693]
A2: [0.1615891761749053, -0.16775236420121267, 0.00850373982239698, -0.0023306757583167106] - [0.0354869819451924, 0.2075179599829047, -0.11720917106480774, -0.12579079848597385] - [-0.0862122979206734, 0.5815393430021095, -0.23538751346847647, -0.25993435237490486] - [-0.0038345759478190453, -0.004518904944654798, 0.0011106442512272907, 0.007243767211012389]
B1: 9.116199954768688e-07 - -2.9570789277779205e-06 - -8.281098888884456e-07 - -1.9284711213326532e-07
B2: -8.026124156495736e-07 - -1.3346924025481399e-06 - 1.2083788246014277e-06 - 1.3533459901708853e-06
