Number: 4764
Error: 1.1204721083294504e-15
A1: [0.0662132080177577, -0.11395205396192222, -0.02398392396481591, 0.07172289444139357] - [0.037402638058340286, 0.18819339421028747, -0.14740892128776673, -0.07818698468418289] - [-0.06022933581444717, 0.3289508342325927, -0.12775307493531204, -0.14096828764772407] - [0.03904624329441597, -0.05332260618836942, -0.037418508973881576, 0.05169520117570761]
A2: [-0.009108609712805001, -0.3468032214594002, 0.2494550561254879, 0.10645664431977657] - [0.08003987207323833, 0.036282306858404896, -0.05025006164954443, -0.06607190845500852] - [-0.04245275070431501, 0.23083196696868516, -0.04053117186585042, -0.14784776293396512] - [0.06813484692205429, -0.2934677771856058, 0.14177131454083425, 0.08356193685499877]
B1: 1.419888468398334e-08 - 1.2571621062600518e-08 - -1.965925542372468e-08 - -1.540719838393793e-08
B2: 9.975446361387413e-09 - 2.0938384845522593e-08 - -1.763412039986749e-08 - -3.2177382850722775e-08
