Number: 8088
Error: 9.765475533065281e-16
A1: [0.08043171810724609, -0.18046777733167804, -0.019588823590648435, 0.11962500515701079] - [0.03741553617968561, 0.13359634239405715, -0.13472622992500538, -0.036285868887180835] - [-0.0017028099886583748, 0.2281901255307067, -0.12282837363428332, -0.1036589012027351] - [0.03886323340235486, -0.11448101957630999, -0.04641644242189177, 0.12203422692680604]
A2: [0.03530746331697717, -0.02927345548525694, -0.07569733069229033, 0.06966342894410424] - [0.1028937358466568, 0.28289668631529596, -0.39260641058898593, 0.006815980480939704] - [-0.011187078794619342, 0.5390146120098893, -0.35945099543006337, -0.16837644222988257] - [0.0978627596666099, 0.017463276573489415, -0.1688510483455984, 0.05352483666795871]
B1: -1.588232850887942e-08 - 9.076718138030168e-09 - 1.0534733709372217e-09 - 1.7266155569092595e-08
B2: 3.003676122084808e-08 - -3.1257540246636235e-08 - 1.0807771954341247e-08 - 9.145994756268043e-09
