Number: 2102
Error: 0.0012936637566075034
A1: [-0.007627180100249986, -0.0450826007146723, -0.06448271070029826, -0.017917722683257246] - [0.029275105885754757, 0.1609549123810281, -0.17726964862964464, -0.14500343518227377] - [-0.2567482297886093, 0.2919324558864755, -0.2362896307802389, -0.3369012743527661] - [0.12341651756378948, 0.1259170083368169, 0.0537063570877984, 0.10711081352745846]
A2: [0.16485268403614306, -0.1908722664316343, 0.07456065981864393, 0.0533556776854799] - [0.10363018704483234, 0.26343382659976466, -0.05111571878099019, -0.06169605539785314] - [0.05907135914013778, 0.620500300811938, -0.1128169794266645, -0.13363667815682584] - [-0.066033996339746, -0.09095109711521546, -0.13707981332549043, -0.0216811296880177]
B1: -0.00030348946908411584 - -0.010876541188769615 - 0.00758706649952242 - 0.025878996020417364
B2: 0.027262108193978073 - 0.009194535191024757 - 0.08185359566584333 - 0.023009806533987633
