Number: 7211
Error: 9.237803502291441e-16
A1: [0.08043171829991039, -0.18046777713903103, -0.019588823398207552, 0.11962500534965291] - [0.03741562472003268, 0.13359643086738984, -0.13472614156114096, -0.0362857803959051] - [-0.0017028489643249746, 0.22819008655588213, -0.12282841255287348, -0.10365894016799822] - [0.038863276390031995, -0.11448097670927171, -0.046416399461614084, 0.12203426988776052]
A2: [0.035307368332711996, -0.029273550732230907, -0.07569742100219357, 0.06966332953285406] - [0.10289376726341695, 0.28289671799868177, -0.39260638020311256, 0.006816013378873576] - [-0.011186998925827918, 0.5390146923550838, -0.3594509198325213, -0.16837635806934645] - [0.09786281563961649, 0.017463332801102037, -0.16885099506285867, 0.05352489542132487]
B1: -3.4957085452459395e-08 - 2.761050000310236e-08 - 2.1821629648700404e-08 - -8.950023822738323e-09
B2: 1.1753604580904595e-08 - 1.0172024233915558e-08 - -3.634216938681819e-08 - 1.806467691849125e-08
