Number: 8585
Error: 1.407342084141178e-15
A1: [0.08043172581551886, -0.18046776962424585, -0.019588815891597156, 0.11962501286441952] - [0.037415563559851664, 0.1335963697535619, -0.13472620259923238, -0.03628584152208476] - [-0.0017027485435663174, 0.22819018697448387, -0.12282831227916462, -0.10365883977403693] - [0.038863280922664244, -0.11448097218927633, -0.046416394931844976, 0.12203427441763592]
A2: [0.03530754565212533, -0.029273372922370415, -0.07569725240883408, 0.0696635151164653] - [0.10289365903337806, 0.2828966088501509, -0.3926064848818644, 0.006815900046343765] - [-0.011187102329932438, 0.5390145883342113, -0.3594510177068224, -0.16837646702978104] - [0.09786280395278749, 0.01746332106108316, -0.16885100618795965, 0.053524883153926624]
B1: 3.1155877043594227e-08 - -2.1810382779817254e-08 - -2.3820299494159955e-09 - -7.521904626585893e-09
B2: -1.6290068622261933e-08 - -6.667287255103189e-08 - 2.2818610176164985e-08 - -1.149818197670021e-08
