Number: 8147
Error: 7.276168018756913e-16
A1: [0.0804316667708151, -0.18046782866231675, -0.019588874865733543, 0.11962495382641951] - [0.03741561928188125, 0.1335964254333921, -0.13472614698833288, -0.03628578583098056] - [-0.0017028131079592195, 0.22819012241146727, -0.1228283767490258, -0.10365890432120875] - [0.03886322559248489, -0.11448102736427035, -0.046416450226798786, 0.12203421912178118]
A2: [0.0353075071523858, -0.02927341152856129, -0.07569728901405208, 0.06966347482254448] - [0.10289375907837946, 0.28289670974417935, -0.39260638811954995, 0.006816004807917758] - [-0.011187203901816586, 0.539014486156481, -0.3594511138469687, -0.1683765740594708] - [0.0978626810893632, 0.017463197638815233, -0.1688511231461829, 0.05352475418756825]
B1: 3.30533180016422e-08 - -8.748225108532329e-09 - -6.322673309435636e-09 - 3.029729190198067e-08
B2: -2.985506031071018e-09 - 3.542029297776368e-08 - 3.3776762294017485e-09 - 1.0059984949396186e-08
