Number: 6055
Error: 8.066906280227383e-14
A1: [0.0804328702158134, -0.18046662535430197, -0.019587672860551224, 0.11962615713320084] - [0.03741676887090145, 0.1335975741506185, -0.13472499969246504, -0.036284636880690314] - [-0.0017012049339965181, 0.2281917305532105, -0.12282677092722435, -0.10365729657457781] - [0.03886466944519722, -0.11447958756314203, -0.04641500729375256, 0.1220356620773195]
A2: [0.03530778320989217, -0.029273134708364842, -0.07569702653998407, 0.0696637637481524] - [0.10289271761029828, 0.2828956594367355, -0.3926073954127644, 0.006814914238358578] - [-0.011189105048873648, 0.5390125736703315, -0.3594529133209145, -0.16837857736587228] - [0.09786145798833716, 0.01746196897447571, -0.16885228745706027, 0.05352347032891403]
B1: 6.824617369914627e-07 - 4.194601558416015e-07 - -1.086058512269407e-07 - -1.1990995501888049e-07
B2: -5.592811138413229e-07 - -8.536994047173063e-07 - 1.91996299549745e-06 - 3.736437154257199e-08
