Number: 9945
Error: 9.873459032960424e-16
A1: [0.05317248203662696, -0.14800133910441923, -0.026999115349229018, 0.12182775384564058] - [0.005313715106557824, 0.13083668955328387, -0.11360074848192435, -0.022549768093164887] - [-0.014444611980139998, 0.22309148537643578, -0.12704131489315476, -0.08160606845079152] - [0.027146518014501488, -0.10001998011971344, -0.04942445035878966, 0.12229817846958135]
A2: [0.08925456869968822, -0.07291326315881207, -0.12362731582133811, 0.10728649179327777] - [0.10884176088245127, 0.24981421320041372, -0.4048452580852704, 0.04618951271140786] - [0.036635882520072306, 0.4625550702652662, -0.3777174982700637, -0.12147331743353709] - [0.14342643818474146, -0.0446066183559957, -0.201499530611542, 0.10267986755240395]
B1: 1.7905340436798694e-08 - 7.20038835800064e-09 - 2.7390032670297835e-09 - 1.1430832178117888e-08
B2: 6.949957257563507e-09 - 5.319521216555731e-09 - 3.420214540066364e-08 - 2.9726689080384617e-08
