Number: 8577
Error: 1.040615880971139e-15
A1: [0.08043167733273336, -0.1804678181015428, -0.019588864316412668, 0.11962496438716966] - [0.037415532589125236, 0.13359633880627333, -0.1347262335082507, -0.03628587247565701] - [-0.001702826300775304, 0.2281901092189271, -0.1228283899225278, -0.10365891751049837] - [0.0388632212651317, -0.11448103167939397, -0.04641645455136418, 0.12203421479717834]
A2: [0.03530743658716219, -0.029273482288974525, -0.07569735610670081, 0.06966340096845308] - [0.10289362296942112, 0.2828965724801281, -0.3926065197624962, 0.006815862282180052] - [-0.011187091813919954, 0.5390145989129433, -0.35945100775315986, -0.16837645594872322] - [0.09786271455838798, 0.017463231260082125, -0.1688510912858562, 0.05352478931915251]
B1: 3.9531260358339176e-08 - 3.1556492289725746e-08 - 1.88247506230902e-09 - 3.581883234051101e-08
B2: 5.621375172786656e-09 - -5.4989680301500566e-09 - 3.3998027889778316e-08 - 9.912750930329695e-09
