Number: 2084
Error: 0.0004233355844209908
A1: [0.2073734088473937, 0.16188448830680027, 0.1799940059142718, 0.189236582525058] - [0.06015184555637859, 0.18921323674713125, -0.1479841779279768, -0.11182983503804211] - [-0.1540192980107876, 0.4170539876128749, -0.10730568197180675, -0.24796652530373972] - [-0.0029408480712649135, 0.02384113191325509, -0.06331169257591518, -0.024492521706958807]
A2: [0.09657751852511079, -0.22223000295966794, 0.05730895817848305, 0.05332091064480311] - [0.045837574615264776, 0.21102947815324702, -0.11018848259750068, -0.1142985359029349] - [-0.014672054214004165, 0.5986563198566337, -0.1669465970672186, -0.1595973511450478] - [-0.09564282598981931, -0.09593751505168348, -0.09182174238415014, 0.021382375202691394]
B1: -0.0026613655332568785 - -0.0013260093532763756 - -0.025224212138354747 - 0.016048296146273004
B2: 0.026321354934966585 - -0.009888310430645537 - -0.016275820836179834 - -0.03247834739283431
