Number: 8203
Error: 8.009244788444988e-16
A1: [0.08043170853187426, -0.1804677869059933, -0.01958883315462064, 0.11962499558269483] - [0.03741558243553541, 0.13359638861494313, -0.13472618376124196, -0.03628582265689408] - [-0.0017028093642734896, 0.22819012615507148, -0.12282837301082504, -0.10365890057852598] - [0.03886324777511024, -0.11448100524390073, -0.04641642805831601, 0.12203424129061136]
A2: [0.035307343765374304, -0.02927357536745893, -0.07569744436063897, 0.06966330382062344] - [0.10289378113009767, 0.28289673198304766, -0.3926063667913976, 0.006816027899259394] - [-0.011187058287911533, 0.5390146326388859, -0.359450976019977, -0.16837642062129957] - [0.09786273773505626, 0.01746325454216776, -0.16885106922306356, 0.05352481364701418]
B1: -3.505855875087664e-08 - -7.653049479193537e-09 - 2.557496102348749e-08 - 3.7156814116128356e-08
B2: 1.0196129701838846e-08 - -4.4409370873044176e-09 - 6.571649297386265e-09 - 5.064488368166296e-09
