Number: 7258
Error: 8.635928038685758e-16
A1: [0.08043167894816021, -0.18046781648632235, -0.0195888627029005, 0.11962496600239914] - [0.03741558044074047, 0.133596386621613, -0.1347261857522008, -0.03628582465066692] - [-0.0017028298685069685, 0.22819010565128747, -0.12282839348502227, -0.10365892107727999] - [0.03886322338698343, -0.11448102956357067, -0.046416452430881994, 0.12203421691765708]
A2: [0.03530749019878927, -0.029273428529091712, -0.0756973051334416, 0.06966345707887694] - [0.10289374474738237, 0.28289669529155254, -0.39260640198033026, 0.006815989801301786] - [-0.011187105734520345, 0.5390145849093273, -0.35945102092930903, -0.16837647061735286] - [0.09786282458435377, 0.01746334178652522, -0.16885098654804612, 0.05352490481038419]
B1: 8.769833441876144e-09 - -4.692771495434181e-09 - -9.319619964169606e-09 - 2.7805711563284077e-09
B2: -4.03746665083861e-09 - -2.852405521169032e-09 - -4.830333025324706e-09 - -3.982656227471889e-09
