Number: 1736
Error: 4.5157786496129314e-07
A1: [-0.00507808347852439, -0.012875402072205581, 0.005199915436259595, 0.021603618970993315] - [0.06630674077735646, 0.18938506137712335, -0.14727480991280992, -0.11044039147881575] - [-0.11308595374979784, 0.44127674353468926, -0.07133716193393232, -0.25863942054974093] - [-0.022995394346008276, 0.015700491851996116, -0.029577256432309358, 0.03930634935433242]
A2: [0.1305078535441198, -0.22567116280174024, 0.021613752825887327, 0.06910615314999666] - [0.03336594296217817, 0.2044582525105769, -0.1141712724238707, -0.12074871034169003] - [-0.09636480513750367, 0.5538575151364454, -0.23688398127127028, -0.2273232779360783] - [-0.021871607615377105, -0.020297109879887386, 0.007080226859797409, 0.031170461098801176]
B1: -0.0005928505505815892 - 0.0005666491696027214 - -0.0005237774482488384 - -0.0005884879334042697
B2: 0.0008456064193156235 - 0.0013744266512194488 - -0.0005767687376708644 - -0.0006473757900272038
