Number: 5384
Error: 1.1183102571121766e-15
A1: [0.06621318437829979, -0.11395207707306435, -0.023983947585681776, 0.07172287084164526] - [0.037402636211224236, 0.18819339244564062, -0.14740892310350348, -0.07818698650008617] - [-0.06022921511173122, 0.32895095016092535, -0.1277529568225566, -0.14096817017015303] - [0.039046122881133856, -0.05332272048006814, -0.037418625469571795, 0.05169508562588571]
A2: [-0.009108514661752859, -0.34680312062517843, 0.24945515194526569, 0.10645674397555772] - [0.08003955295091025, 0.03628196307271555, -0.05025041043132308, -0.06607226019847114] - [-0.04245275903752662, 0.23083195777145787, -0.0405311807963909, -0.14784777215035383] - [0.06813478719935173, -0.2934678429428529, 0.14177124979539216, 0.08356186989492743]
B1: 4.7831022421333114e-09 - 7.276527812482704e-08 - 2.7423204898305005e-08 - 2.666276310102226e-08
B2: 4.481374970098472e-08 - 6.321673329802881e-08 - 1.2633886767505875e-08 - 4.2598444895191374e-08
