Number: 4154
Error: 9.374448123681733e-16
A1: [0.06621316586982738, -0.11395209516797726, -0.023983966079645282, 0.07172285236423866] - [0.03740260398933652, 0.18819336165965314, -0.14740895478021335, -0.07818701817957371] - [-0.06022938144394686, 0.3289507904079691, -0.127753119585633, -0.14096833205809786] - [0.039046101754157646, -0.05332274053316967, -0.03741864590943355, 0.051695065352071606]
A2: [-0.009108640433125759, -0.3468032540489112, 0.24945502515672272, 0.10645661211123407] - [0.0800398316644387, 0.03628226332654647, -0.05025010581410552, -0.06607195299454759] - [-0.042452785745244644, 0.23083192829543822, -0.040531209417169596, -0.14784780168784753] - [0.06813475689740049, -0.29346787630650895, 0.14177121694575184, 0.08356183592091568]
B1: -6.688617897765091e-09 - -4.7650833992234454e-09 - 1.5304816581566215e-08 - -2.7026612477363572e-09
B2: 1.264000696356847e-08 - 1.659174845412167e-08 - -1.6364687129835388e-08 - -1.4649125604428875e-08
