Number: 1724
Error: 1.3468979645271023e-07
A1: [-0.006174490013765735, -0.013980410061938398, 0.0040502384651194085, 0.02048148044461297] - [0.06653482161661554, 0.189604105946004, -0.14703746999920755, -0.11018756531181163] - [-0.11340834054423507, 0.4409572425093688, -0.07165588870106412, -0.25899666968541807] - [-0.02372089894106349, 0.014981664400758815, -0.030295750781129165, 0.03853115648680759]
A2: [0.13188927213839774, -0.2243103313852546, 0.022971799329900736, 0.07045496640778673] - [0.033577940419774334, 0.204667051917003, -0.11395988843267292, -0.12054123787132154] - [-0.09327896906012163, 0.5568846518694642, -0.23387340565950254, -0.2243175464903718] - [-0.021380963034954792, -0.01980864515948376, 0.00757537508212485, 0.03164957934228969]
B1: 0.00014910881889317702 - 0.00039954244732568465 - -0.0005773859435234831 - 0.00036063082125833664
B2: 0.00041708270485111973 - -0.00029535503819460326 - -0.00039056352863793537 - -0.0004461543253440089
