Number: 5939
Error: 3.6111797177971403e-10
A1: [0.08049795742554254, -0.18040154922778837, -0.019522660862537195, 0.11969123829522178] - [0.037380836184521274, 0.13356166547104686, -0.13476085695992246, -0.03632054701164313] - [-0.001658929588258027, 0.2282340048524328, -0.12278455006766846, -0.10361502858201661] - [0.03889755011802321, -0.11444679408880153, -0.04638214252170725, 0.12206852410878666]
A2: [0.03544639160344009, -0.029134152792023797, -0.07556524245836153, 0.06980883395974782] - [0.10305296242684851, 0.2830572537967358, -0.39245241658819624, 0.006982705210439773] - [-0.01118808550356622, 0.5390135943454851, -0.35945195401046887, -0.16837750682472996] - [0.09791335682965543, 0.017514097465766303, -0.16880288741715355, 0.053577946167650235]
B1: 4.008130576467422e-05 - -2.0666351239646812e-05 - -1.843007926754092e-05 - 1.0031476711536578e-05
B2: 2.3278493709469757e-05 - -3.7443233119669145e-05 - -1.3312918003273071e-05 - -5.834250917860801e-06
