Number: 8903
Error: 0.00019883471296096902
A1: [0.022773053485025896, -0.2287471921934438, -0.06543818616350673, 0.07391686450167351] - [-0.014635490360794427, 0.09198960273885944, -0.1708165555773865, -0.07384083634814996] - [-0.06776596694338624, 0.16833763751876013, -0.1837966662096024, -0.16607733375422837] - [-0.014796725493601292, -0.15458078229218408, -0.0870359487578803, 0.08150671020715035]
A2: [0.2354490685493458, 0.17417992766192578, 0.10822759404221552, 0.28310145795409614] - [0.2735694404878355, 0.45556615196454925, -0.2283926608512356, 0.18812356608021333] - [0.01357675276547364, 0.5595383567819223, -0.3326279407667461, -0.1346234935441255] - [0.1217667362736303, 0.03879558505590207, -0.14157563429918205, 0.08684603282883528]
B1: 0.01704768328864178 - -0.020613421383265232 - -0.01260187887343489 - -0.012797122866124236
B2: -0.008321972131368045 - -0.003342900177206412 - -0.02746942933363889 - -0.012076564051602146
