Number: 6847
Error: 1.0138044164266222e-15
A1: [0.08043166418668739, -0.18046783124612356, -0.019588877446727087, 0.11962495124261115] - [0.03741555712969053, 0.13359636332820352, -0.13472620901680948, -0.036285847948806106] - [-0.001702858417590206, 0.2281900771028098, -0.12282842199231118, -0.10365894961874819] - [0.03886319823816136, -0.11448105464181371, -0.0464164775636779, 0.12203419178446662]
A2: [0.035307421470142195, -0.02927349744783253, -0.07569737047977457, 0.06966338514691507] - [0.10289372950935584, 0.28289667992419426, -0.39260641671835556, 0.006815973844852899] - [-0.011187036396251808, 0.5390146546611774, -0.3594509552991333, -0.1683763975531869] - [0.09786281719784566, 0.01746333436641957, -0.16885099357952796, 0.05352489705696386]
B1: -2.0542501492188504e-09 - -2.2099112220887317e-08 - 2.2693802723571024e-08 - 1.0517303148678667e-09
B2: 8.490244053409529e-09 - 1.1292962489597534e-09 - -7.775102254248688e-09 - 7.663291782997739e-10
