Number: 2491
Error: 3.0556035117694417e-07
A1: [0.058159693058048044, -0.053144113977914124, -0.02868469244416287, 0.002601630912791153] - [0.042464109527651644, 0.19011147923122557, -0.14380723228847792, -0.09383618066575077] - [-0.12641210858894164, 0.41188144170065055, -0.10785348131959258, -0.19006371826080895] - [0.03286613945910109, 0.015011995532833075, -0.03727590605243386, -0.027184309938125442]
A2: [0.06501913804055545, -0.17210211768391326, 0.08789267680577166, 0.025524234678128085] - [0.029204832662168587, 0.2002180792107436, -0.10179368996879173, -0.1279545886735191] - [-0.09380369006058413, 0.5133181844136812, -0.22600043289780766, -0.19547049761295102] - [-0.026709250261329896, 0.017759409488830938, -0.05107226204549289, 0.056225462137563506]
B1: 0.00055024573713745 - 0.0006350353758242996 - 0.00013591437116168743 - 0.0005164533943700207
B2: 0.0006379244109362944 - -0.00012022809068265388 - -0.0005783350113021195 - -0.00014949175868996718
