Number: 8766
Error: 1.629027362507328e-09
A1: [0.0804493780075609, -0.1804501163276733, -0.019571181605906447, 0.11964266419744689] - [0.037400864271448675, 0.13358168944957055, -0.1347408689270802, -0.0363005302793356] - [-0.0016858150933466156, 0.22820712160938075, -0.12281140097162473, -0.10364191013886255] - [0.03891556828408216, -0.11442882880330615, -0.046364136468609034, 0.12208653055488242]
A2: [0.0352312001938274, -0.0293499365249752, -0.07576983950827865, 0.06958361580853203] - [0.10279275521311025, 0.28279484187514, -0.3927040755978696, 0.006710241474884282] - [-0.011293030276780372, 0.5389080238128875, -0.3595512803022189, -0.16848808347380112] - [0.09776549292170288, 0.017365560708933563, -0.16894363865261405, 0.0534227420636882]
B1: -1.00191163864011e-05 - -1.7250941626279207e-05 - -2.4040856024549707e-05 - -1.682457445379529e-05
B2: 9.14759700165581e-06 - 7.11989218133e-05 - -2.324090377796727e-05 - 1.9967120495947744e-05
