Number: 2350
Error: 4.1799625136997895e-06
A1: [0.06746592739247563, -0.045443688235096695, -0.021727445641604528, 0.010972779785561323] - [0.04391083459038167, 0.19136711458387276, -0.14281121719281853, -0.09216663546966346] - [-0.13097812215184035, 0.40809448407257753, -0.11168473351572163, -0.19433633330026298] - [0.026242514133318313, 0.008909229398110424, -0.04308043655253987, -0.03376492147045545]
A2: [0.05006621910603498, -0.18622241195188985, 0.07363547070750096, 0.010729236131130946] - [0.0320425946066335, 0.20295650092013418, -0.09903909948337042, -0.12525011509159048] - [-0.09073874385865288, 0.5165621545536158, -0.2226677253920238, -0.1921278055835061] - [-0.028934708475099914, 0.01585949159767842, -0.052587124191836726, 0.05456971945517466]
B1: 0.0021637467511613877 - -0.0017183915075852103 - -0.001846771450307848 - 0.0026497874783782834
B2: 0.0032142072348706717 - 0.0013624226509033168 - 0.001972638146293914 - 6.984645937243607e-05
