Number: 5531
Error: 3.1498402553093835e-11
A1: [0.06621338366432006, -0.11395188226404977, -0.023983748466667537, 0.0717230697844186] - [0.03741394814195783, 0.18820420029544746, -0.1473978025810529, -0.07817586500207827] - [-0.060227498167414885, 0.32895259890672485, -0.12775127682456383, -0.14096649917174073] - [0.03903158017984342, -0.05333652423494148, -0.03743269519956708, 0.051681130164554175]
A2: [-0.009098884581680788, -0.3467929044870849, 0.24946485949872368, 0.1064668398171862] - [0.08004075255074354, 0.03628325542234766, -0.05024909944871548, -0.06607093814083029] - [-0.04245075144773263, 0.23083417357438216, -0.04052902968761484, -0.14784555235284003] - [0.0681384809431678, -0.29346377587018985, 0.14177525382851788, 0.0835660106951191]
B1: -2.20249248600516e-06 - -3.3938891186289443e-06 - -1.969217045497225e-06 - -1.7737161785168863e-06
B2: 2.7343543437967053e-06 - -2.2461636479328036e-06 - 2.7322274472503194e-06 - 7.691935206755097e-06
