Number: 271
Error: 2.1390944960066756e-08
A1: [-0.014039311816629088, -0.016454112714552424, 0.01600315200299896, 0.006568138351278608] - [0.0646927623319773, 0.18839625648241407, -0.14650372406454087, -0.11128048050400495] - [-0.09842563091818547, 0.41972587434094494, -0.05576982794704277, -0.27451962458616447] - [-0.0020510989506255855, -0.018920290009081908, -0.0046108471672446135, 0.022533821498837703]
A2: [0.161171186606845, -0.16816233252993465, 0.008094511189431094, -0.0027380663043533] - [0.0356953294420606, 0.20772299488113477, -0.11700173888962193, -0.1255870163539051] - [-0.08599693204222353, 0.5817504400043545, -0.23517852155472804, -0.2597244577465665] - [-0.003899850087568072, -0.0045829481538344, 0.0010462068931361844, 0.007181438389981337]
B1: 7.423956056295767e-05 - 0.0002941332418559279 - -0.00023875204539224276 - -3.1058334621047674e-05
B2: 0.0005427541118856287 - -0.00016771926620491853 - -0.0005264682278400656 - -2.158595162935983e-05
