Number: 6980
Error: 1.0114657924963091e-15
A1: [0.0804316887586092, -0.18046780667698425, -0.0195888529041817, 0.11962497581172796] - [0.03741559146893562, 0.1335963976414589, -0.13472617474598336, -0.036285813628582214] - [-0.0017028175104499465, 0.228190118009077, -0.12282838114506553, -0.10365890872252553] - [0.038863228538955366, -0.11448102442605518, -0.046416447282192186, 0.12203422206642822]
A2: [0.03530744515918127, -0.02927347369327106, -0.07569734795653604, 0.06966340994006476] - [0.10289377135180615, 0.2828967221217693, -0.39260637624888295, 0.006816017660017772] - [-0.011187100574354273, 0.5390145901002723, -0.35945101604509855, -0.1683764651799105] - [0.09786280897518379, 0.017463326106356123, -0.16885100140696852, 0.05352488842584528]
B1: -3.2637294984405773e-10 - -3.867936509804932e-09 - 2.6573041174319467e-10 - 1.1350445021384687e-09
B2: 3.749383653612819e-10 - -2.098910099013903e-09 - 1.8397814075729217e-09 - -4.327929525681318e-09
