Number: 6837
Error: 1.0266326808077482e-15
A1: [0.08043167198267223, -0.18046782345102172, -0.01958886966006393, 0.11962495903770559] - [0.03741555255870968, 0.13359635876068238, -0.13472621357868267, -0.03628585251725492] - [-0.0017028663872536475, 0.22819006913331652, -0.12282842995030584, -0.1036589575862847] - [0.03886319637715616, -0.1144810564975961, -0.04641647942349726, 0.12203418992461808]
A2: [0.03530745571656326, -0.02927346310669084, -0.07569733791871738, 0.06966342098951174] - [0.10289380315525452, 0.28289675419513255, -0.39260634548900814, 0.006816050962873362] - [-0.011187149224960708, 0.5390145411594944, -0.3594510620939492, -0.16837651644474713] - [0.09786280985044489, 0.0174633269855981, -0.16885100057377728, 0.05352488934458444]
B1: 3.6563496981626792e-09 - 1.508352491980021e-08 - -2.1001294189555427e-08 - -3.296102974862158e-09
B2: 1.2708847996271696e-08 - -1.882201168774886e-09 - -1.365152850575277e-08 - -2.1123433770206658e-09
