Number: 4514
Error: 1.0380261838768434e-15
A1: [0.06621311653391065, -0.11395214340143074, -0.023984015376865113, 0.07172280311109236] - [0.037402546667460346, 0.1881933068924755, -0.1474090111320108, -0.07818707453637826] - [-0.060229391413204, 0.3289507808330586, -0.12775312934094543, -0.14096834176083245] - [0.039045999464433934, -0.05332283762272256, -0.03741874487133049, 0.051694967193718244]
A2: [-0.009108558730851564, -0.3468031673755641, 0.24945510751996228, 0.10645669777156065] - [0.08003978609711228, 0.036282214237521426, -0.05025015561655198, -0.06607200321986469] - [-0.04245290392279517, 0.23083179786747515, -0.040531336060724794, -0.147847932387566] - [0.06813484565003793, -0.2934677785860762, 0.14177131316197328, 0.08356193542892154]
B1: -1.470266311050485e-08 - -2.030824689823213e-08 - -4.488753987529081e-08 - 1.1062533498026243e-08
B2: 2.1211992185416878e-08 - 1.9458398348555996e-08 - -1.2781154423449905e-07 - 3.675871708122675e-08
