Number: 894
Error: 1.1407705377056922e-08
A1: [-0.012044469199294706, -0.014405367311278897, 0.018207655717020585, 0.008699448264154383] - [0.06572726316554882, 0.18939139993289197, -0.14543420305524, -0.11012877209221184] - [-0.096146877540905, 0.4219273638156341, -0.053298700654131864, -0.27186541663646596] - [-0.0013244170406983317, -0.018222015764016917, -0.003838209621249197, 0.023373432186091888]
A2: [0.16152370493376983, -0.16781650959082228, 0.008439649888491895, -0.002394370568336772] - [0.035496962585116504, 0.20752778852618015, -0.117199228681539, -0.12578103146038636] - [-0.08626189124818731, 0.5814908468026352, -0.23543572128249413, -0.25998261370877285] - [-0.00385340817800775, -0.0045373886097645755, 0.0010920217765220625, 0.007225769102144495]
B1: 6.739309109421953e-05 - 1.4506436865924742e-05 - 5.758663579496424e-05 - 2.3660703633265115e-05
B2: -8.11682052625327e-05 - -0.0002208968104736485 - -9.043167422816036e-06 - 6.063887458511185e-05
