Number: 8956
Error: 0.002194938114730213
A1: [-0.010297347818428945, -0.2688246908884525, -0.10302513521258226, 0.03932281556223957] - [-0.04975178403818502, 0.05829443615848927, -0.1919500704082457, -0.09569419515997984] - [-0.07153066610876266, 0.15946919599526893, -0.1931703283928639, -0.17145846560553463] - [-0.00420907697363355, -0.16168066478195703, -0.09282919623393535, 0.07604224623949399]
A2: [-0.03663710622017691, -0.09005100336418047, -0.16820333793428327, 0.023466565272413975] - [0.15535857089397037, 0.33264646845101226, -0.35134099922050194, 0.08711521253975824] - [-0.13694435837744426, 0.38855462787414413, -0.48573336574214176, -0.26931478243688717] - [-0.01886188398304578, -0.11731370169370971, -0.28680758849197185, -0.0349050238156007]
B1: 0.003726351347966589 - 0.04709800796854235 - -0.012699264512616854 - -0.01428596301842415
B2: 0.04132625328907445 - 0.04939817480159869 - 0.06300385468086589 - 0.03268577089070557
