Number: 7596
Error: 9.137483038158364e-16
A1: [0.08043170872492525, -0.18046778671293814, -0.019588832961751425, 0.11962499577575683] - [0.037415611561689856, 0.1335964177190028, -0.13472615469326485, -0.036285793546961216] - [-0.0017027918885941045, 0.22819014363038448, -0.12282835556072721, -0.10365888310750644] - [0.038863255042423835, -0.11448099799697492, -0.04641642079562149, 0.12203424855341691]
A2: [0.03530744064539306, -0.0292734782195352, -0.07569735224819372, 0.06966340521589134] - [0.10289374106646597, 0.28289669157940195, -0.39260640554046405, 0.006815985946849699] - [-0.011187112370553086, 0.5390145782337172, -0.35945102721046296, -0.16837647760995836] - [0.09786279813466625, 0.017463315216533125, -0.16885101172644607, 0.05352487704683812]
B1: 3.976831847437307e-09 - 8.897421788009503e-09 - 1.0153308869330253e-08 - 8.145214020067512e-09
B2: 8.016189466470642e-09 - 1.0526103236433474e-08 - 7.963336117036489e-09 - 7.876756666101576e-09
