Number: 30
Error: 0.000711190576805319
A1: [-0.0569250423442038, -0.061417712797221344, -0.0331523866117667, -0.03941944399727417] - [0.12485982992077374, 0.25768262538651676, -0.0945231302323435, -0.08099875811436569] - [-0.20322392738168965, 0.3118113280536245, -0.1684991359168224, -0.37606389196135476] - [0.04592963629619435, 0.0341475194528247, 0.04560952430706732, 0.07036879125660372]
A2: [0.4450752362476877, 0.11253200462842321, 0.2821620762522091, 0.27461291618882183] - [0.15244358502510377, 0.3198397772033145, -0.008159379452593603, -0.01728970223400517] - [0.23945441985987173, 0.9071155795952409, 0.07935062457629344, 0.0614071473378038] - [0.5731074504573247, 0.5736451706502512, 0.571086170421797, 0.564130026186103]
B1: 0.05072401694944735 - 0.45214143846458654 - -0.05269448503904506 - -0.06128617488205412
B2: 0.020397194912044888 - 0.49967740331844396 - -0.06503070031496008 - -0.05643322104298082
