Number: 1810
Error: 6.899982083399251e-08
A1: [-0.008883687249797649, -0.016699258969827876, 0.0012736138654299838, 0.017688187955709925] - [0.06698761660273365, 0.19004498040032947, -0.14657130539869165, -0.10968233596715782] - [-0.11289377852142335, 0.4415061633060024, -0.07115427864177916, -0.25842785767961296] - [-0.022353457200410355, 0.016378819159959077, -0.028964820966014326, 0.03999195241671909]
A2: [0.13344032531019176, -0.222827083027783, 0.024504366670037858, 0.07198099914769976] - [0.03225777375878622, 0.20337670129946178, -0.11527344628139173, -0.12183101580388865] - [-0.09461785019295532, 0.5555822213259339, -0.23510880025580946, -0.2255081419470944] - [-0.02017353639592458, -0.0186707360816656, 0.008759404646776759, 0.032792826188564446]
B1: 0.00018787248573623203 - -0.000399560813454758 - 0.0012922064620879193 - -0.00024754765998570897
B2: -0.00041900705101444906 - 0.00028955109083834155 - 0.0003828701607502817 - 0.0002520986995587102
