Number: 9253
Error: 9.242443015952972e-09
A1: [0.052546356276925596, -0.14862805358269462, -0.027624701418661357, 0.12120151566094636] - [0.004746300035724165, 0.13026865800490578, -0.11416832851898687, -0.023117879363056912] - [-0.015118550560396612, 0.2224171571667069, -0.12771470487647676, -0.08228000736452894] - [0.02648951077638289, -0.10067743040568175, -0.05008310972134098, 0.12163984632660889]
A2: [0.08959749904335827, -0.07257078500392304, -0.12329185396366893, 0.1076337697899364] - [0.108873240583612, 0.2498453977951846, -0.40481444615404044, 0.046221699195405024] - [0.03689422976500642, 0.46281226112489227, -0.3774653788732567, -0.1212120326889047] - [0.14403884546655993, -0.043996073030861685, -0.20090124899955486, 0.1033013373564323]
B1: 1.9391818165059944e-05 - 2.7045145918746347e-05 - 0.00017465050729650357 - 4.887893379964712e-05
B2: -1.47870768040094e-05 - -0.00010949142831638579 - 9.72613510986763e-05 - 0.00012648054214834775
