Number: 5591
Error: 8.637503776114771e-09
A1: [0.06635168710774342, -0.11381665183509561, -0.023845501392578242, 0.07186115983561231] - [0.03756855861406466, 0.18835193602104988, -0.14724577246306933, -0.07802384542867843] - [-0.05995805791598445, 0.32921142995587543, -0.1274874758192245, -0.14070418846918517] - [0.03924736699879242, -0.05313167771428253, -0.037223823425149946, 0.05188825539899629]
A2: [-0.009367462256410653, -0.3470778378858228, 0.24919425620065191, 0.10618534844922776] - [0.08024089247128534, 0.0364988672594921, -0.05003036253310158, -0.06585033808081679] - [-0.04230570525945402, 0.2309942802213244, -0.04037364582845627, -0.14768515824667056] - [0.06844599380388872, -0.29312517753101924, 0.14210858581037028, 0.08391076899812058]
B1: -6.075471364078845e-05 - -0.00018671958131664476 - 5.264086927799198e-05 - -1.4929932986406684e-05
B2: 9.033121262085862e-06 - 3.8790867612895746e-05 - 2.699179332856014e-05 - 4.457687987284971e-05
