Number: 8918
Error: 0.00021869102714763234
A1: [0.061674891236422794, -0.19042793729841884, -0.01891567385519274, 0.12111055156456586] - [-0.0025186238614198705, 0.10604574956943473, -0.1462782125206266, -0.04876235117564963] - [-0.01284746078849858, 0.22129758169974736, -0.1241828927779102, -0.10608698794493411] - [0.01898459357067797, -0.12319812869827074, -0.04914177456943624, 0.12025099641790041]
A2: [0.09193190160654739, 0.030888704342410207, -0.03232305132110648, 0.13667854014277908] - [0.05729694515901472, 0.2354962564832442, -0.4381315623924103, -0.0346034267791524] - [-0.07781016053914841, 0.4632731331575741, -0.4200339887440913, -0.22557262628805713] - [0.03583621957331545, -0.05166815178915984, -0.22376343793072456, 0.0015966705470099457]
B1: -0.007559345255925769 - -0.03546477546456438 - -0.04268600363196155 - -0.03552940655717385
B2: -0.0375315528367596 - -0.03159840087105206 - -0.030493339237077654 - -0.043027424301549766
