Number: 3053
Error: 2.4220167217934527e-07
A1: [0.06280062909270291, -0.04850549936419781, -0.024073692711436175, 0.0072182074217492925] - [0.042986549776741566, 0.19061844560852478, -0.14325702651859998, -0.09325228411352257] - [-0.12471094703845559, 0.41360713978486213, -0.10612092541028499, -0.18832148688816397] - [0.03661385672061194, 0.01877364711788956, -0.033530392174038075, -0.023455514460558366]
A2: [0.06631024724335761, -0.17083140877492234, 0.08918447301584377, 0.026790669155567343] - [0.030963211273083734, 0.20194759939276463, -0.1000434174787417, -0.12623609128568014] - [-0.0924694602237875, 0.5146013298318602, -0.22466408414702724, -0.19418330066307085] - [-0.025269513546783518, 0.019164680782764953, -0.04964145085218773, 0.05762136172441842]
B1: -0.0004567369083312171 - 0.0010574034361688594 - 0.00040369916918218387 - 0.0007317162046789017
B2: 7.039995087072229e-05 - -0.00018281545345331883 - -8.297778630493536e-05 - 0.0001850007479956491
