Number: 4718
Error: 1.394837691389466e-15
A1: [0.06621315255870591, -0.11395210818166232, -0.02398397938034918, 0.07172283907541385] - [0.037402583858347466, 0.18819334242585967, -0.14740897457052202, -0.07818703797165023] - [-0.06022943743999669, 0.3289507366267824, -0.12775317438011513, -0.14096838655765354] - [0.03904612802230421, -0.05332271560043016, -0.03741862049587333, 0.051695090559253566]
A2: [-0.009108583208371, -0.34680319334236054, 0.24945508284434953, 0.1064566721081485] - [0.08003989549346914, 0.036282332088686926, -0.05025003605258797, -0.06607188264069672] - [-0.04245281554322633, 0.2308318954085679, -0.040531241349712165, -0.14784783464322368] - [0.06813477054039113, -0.2934678612849881, 0.14177123173584585, 0.08356185121722257]
B1: -2.2207606070254835e-08 - 5.3944808959465536e-08 - -1.3703426418160332e-08 - -1.6294577937700488e-08
B2: 1.548305706268641e-08 - 1.562222972990912e-08 - -1.1678971169703311e-09 - 3.200445083156528e-08
