Number: 4318
Error: 9.54374130672942e-16
A1: [0.06621337172557902, -0.11395189391243303, -0.023983760385446404, 0.07172305787451812] - [0.037402624748568605, 0.18819338149369233, -0.14740893437229213, -0.07818699776984689] - [-0.06022920483143735, 0.32895096003451846, -0.1277529467630883, -0.1409681601650448] - [0.03904591757094214, -0.05332291535293743, -0.03741882410055738, 0.05169488860779247]
A2: [-0.009108552922582763, -0.34680316121388244, 0.2494551133752688, 0.10645670386124129] - [0.0800399489613957, 0.03628238968896273, -0.05024997761521952, -0.06607182370709068] - [-0.042452696246957466, 0.230832027071251, -0.04053111350727283, -0.1478477027061426] - [0.06813479631113378, -0.29346783291026335, 0.1417712596740674, 0.08356188011098328]
B1: 1.3096268334162921e-08 - 4.393691164061981e-08 - 1.454729403497693e-08 - -1.9922438875521387e-08
B2: 2.6127010276595263e-08 - -1.4586744400874088e-08 - 3.813130456541185e-08 - 1.2494707524353259e-08
