Number: 689
Error: 1.1458988723570176e-14
A1: [-0.012153508652155335, -0.014517288026652836, 0.018087156492052673, 0.008582974650131983] - [0.0658358004255839, 0.18949580440830602, -0.14532198609491062, -0.11000793167842927] - [-0.09629274798785833, 0.42178640502714604, -0.05345697945555093, -0.27203535436410503] - [-0.0013212448373027944, -0.01821899923477151, -0.003834838852835295, 0.023377038799562662]
A2: [0.1615865243493044, -0.16775496602690812, 0.008501141390430072, -0.0023332610129702175] - [0.0354856565411514, 0.2075166558651111, -0.11721049092015896, -0.12579209507959863] - [-0.08621370129229305, 0.5815379683767264, -0.23538887902252137, -0.2599357208916278] - [-0.003834760436856622, -0.004519086383699915, 0.0011104616228399767, 0.007243590677882335]
B1: 9.168164738606317e-09 - -2.3656095392933476e-07 - -5.8345552410603616e-08 - -2.909288232316378e-08
B2: 1.634687458357959e-07 - -3.1317499285108795e-07 - 1.535276492605446e-07 - -8.286755786176577e-08
