Number: 8190
Error: 5.690079188918138e-16
A1: [0.08043172616182782, -0.18046776927803357, -0.019588815545741087, 0.11962501321064244] - [0.03741556053758587, 0.13359636673356565, -0.1347262056155631, -0.03628584454271769] - [-0.001702808302798963, 0.22819012721652412, -0.12282837195090301, -0.10365889951733254] - [0.03886326334379924, -0.11448098971890029, -0.04641641249954234, 0.12203425684963069]
A2: [0.03530764606575453, -0.029273272230999053, -0.07569715693674028, 0.06966362021017995] - [0.10289382068451858, 0.28289677187316, -0.3926063285348454, 0.006816069318465285] - [-0.011187167024984682, 0.5390145232532706, -0.359451078942182, -0.1683765352011254] - [0.09786265582330549, 0.017463172257847947, -0.168851147197882, 0.05352472766649662]
B1: 5.335044198758846e-08 - -4.433677020831528e-09 - -9.379010875793876e-09 - 6.337464188859542e-08
B2: 4.342508876640179e-08 - 6.36671874932219e-09 - 2.459771733393425e-08 - 3.450509006067458e-08
