Number: 1237
Error: 2.5013450853942167e-08
A1: [-0.00783463849000595, -0.015645332500310288, 0.0023282600969600615, 0.018789713949318956] - [0.06646972019005604, 0.18954135684953533, -0.14710452043306108, -0.11025944804433659] - [-0.11272490369637171, 0.44165007832115216, -0.07092773353556056, -0.2582513055699622] - [-0.024012080860963538, 0.014714292505499802, -0.03058404472777696, 0.03823113548862763]
A2: [0.13106732643550648, -0.22513760602260882, 0.022155828678704224, 0.06965306397577829] - [0.033174422186563496, 0.20426929937698224, -0.1143623079602321, -0.1209409393140577] - [-0.09532196624266932, 0.5548568345817415, -0.2358916302765351, -0.22632220778218112] - [-0.021833885322605343, -0.020268491228306307, 0.007119451233667918, 0.031215814325830843]
B1: -3.96740180261442e-05 - 0.0005599596354998179 - 0.00015491268607223288 - 4.747760744770624e-05
B2: 0.00016183077979718905 - 0.0002407814246887827 - 0.00023211016778287003 - 0.00025732935801791294
