Number: 4006
Error: 8.561031540165254e-16
A1: [0.06621317118664635, -0.1139520899699738, -0.02398396076699808, 0.07172285767213235] - [0.03740258469447731, 0.1881933432247267, -0.1474089737485436, -0.07818703714957431] - [-0.06022938844012009, 0.328950783688525, -0.12775312643167103, -0.1409683388673275] - [0.03904618705432309, -0.05332265956949114, -0.037418563384385824, 0.05169514720702998]
A2: [-0.009108598729401987, -0.34680320980779317, 0.24945506719788582, 0.10645665583529929] - [0.08003980842694405, 0.03628223829310277, -0.05025013121137067, -0.06607197860747047] - [-0.04245289586281447, 0.2308318067628162, -0.0405313274235242, -0.14784792347375647] - [0.06813477792599935, -0.29346785315311136, 0.14177123974278386, 0.08356185949785319]
B1: 2.232395216729742e-08 - 2.262135258970107e-09 - -3.41333671481458e-09 - 1.8617245268340732e-08
B2: 1.5129155243839903e-08 - -7.712627998035558e-09 - 1.5975257214968057e-08 - 2.7528781222210538e-08
