Number: 6065
Error: 4.783332369397092e-14
A1: [0.0804331548419461, -0.1804663407600072, -0.019587388574099567, 0.11962644172734949] - [0.037417212975404644, 0.13359801791999706, -0.13472455647117673, -0.0362841930209827] - [-0.001702428467557431, 0.2281905070442988, -0.1228279926712582, -0.10365851978298846] - [0.038864378665522864, -0.11447987752705646, -0.04641529788834881, 0.12203537147828071]
A2: [0.03530633610589624, -0.02927458581452506, -0.07569840242753437, 0.06966224919541313] - [0.10289254468744692, 0.2828954850463129, -0.3926075626613208, 0.006814733162801463] - [-0.011188636715193902, 0.5390130447970021, -0.35945247003349556, -0.16837808386603742] - [0.09786158418538068, 0.017462095745342982, -0.16885216732604644, 0.0535236027946491]
B1: 1.8949358214391932e-07 - 2.0411897817170136e-07 - 7.925242710238891e-08 - 3.417697810946064e-08
B2: -2.599687558510495e-08 - -6.372759069272096e-08 - 9.007229213948636e-07 - 5.954329721264859e-08
