Number: 8908
Error: 0.00028789660557393024
A1: [0.06773646611674945, -0.18087313361806634, -0.012696645331556136, 0.1266550748966952] - [0.033339006562957685, 0.14374540945086453, -0.11320725655382667, -0.01621730295044279] - [-0.014634261162551294, 0.2226949246805274, -0.12558110909787132, -0.1078545646338166] - [0.023597474749998022, -0.11332172952102677, -0.04147684023404062, 0.12698592868776376]
A2: [0.13732611429505814, 0.07660049714296505, 0.013077238222009572, 0.18196568354189457] - [0.2212107052753143, 0.40267287566282395, -0.278552385974282, 0.13402280612375347] - [0.10564673326391766, 0.6511899445878431, -0.24407471872620504, -0.03737824295704983] - [0.20570446375042262, 0.12215661102550926, -0.06034415242151814, 0.17540981736239775]
B1: 0.0005018594754331862 - 0.0002904336138699155 - -0.0096440829259247 - -0.00961721812676826
B2: -0.014859432626557851 - -0.0187840040809892 - -0.024748945412797846 - -0.011442927940725472
