Number: 9902
Error: 9.305308149851262e-16
A1: [0.05317247788144416, -0.14800134326115374, -0.026999119499869866, 0.1218277496884113] - [0.005313638170846405, 0.1308366125368799, -0.11360082540599212, -0.022549845137371766] - [-0.014444522853630966, 0.2230915745355654, -0.12704122583722757, -0.08160597929250588] - [0.02714628069743831, -0.10002021743620791, -0.04942468817625297, 0.12229794054961426]
A2: [0.08925430388031094, -0.0729135273657999, -0.12362757467416653, 0.10728622370884573] - [0.10884163940998448, 0.24981409170651667, -0.40484537715175173, 0.04618938919516057] - [0.03663576214706195, 0.4625549505185798, -0.3777176157119916, -0.1214734390549708] - [0.14342628941781546, -0.044606766568843166, -0.2014996758695731, 0.10267971657841858]
B1: -3.2602753949088905e-08 - 4.512009890926947e-09 - 1.3180571911214657e-08 - 2.0036257778215796e-09
B2: 5.009189402565139e-09 - 2.590759164202971e-08 - -1.659888971132706e-08 - -1.388974884232971e-08
