Number: 5659
Error: 0.00021868619190951958
A1: [0.0570435969702873, -0.12279795403003232, -0.03311087676147617, 0.06254293275793758] - [0.025989329789038763, 0.1774021589470364, -0.1585899720321668, -0.08938847687674194] - [-0.09956865361674044, 0.2912129883528117, -0.16625914552410154, -0.1793400126669739] - [0.045840380817047235, -0.04656654082879519, -0.030740172497833576, 0.0581397835701128]
A2: [-0.023200047752637086, -0.36181816049089244, 0.23523165714101557, 0.09209546505132855] - [0.08714404506661405, 0.04393582340516681, -0.04250070454832472, -0.05812766054364158] - [-0.04567901247321192, 0.2272350984837504, -0.04400469095456929, -0.15112889544997735] - [0.07714045146405858, -0.283583339351211, 0.15149325125244234, 0.09411022492633438]
B1: -0.0019000981421576288 - -0.007409365122296136 - -0.004649263415253324 - -0.008940862349791964
B2: 0.006285067988745596 - 0.00728639931743978 - 0.019934789597690725 - -0.0003076013524099513
