Number: 6770
Error: 7.40376647695944e-16
A1: [0.08043161499520138, -0.18046788043203812, -0.01958892657939462, 0.11962490205674339] - [0.03741554039198718, 0.1335963466031691, -0.13472622572116252, -0.03628586467723768] - [-0.0017028689061273136, 0.22819006661449703, -0.12282843246549136, -0.10365896010448603] - [0.03886318037479229, -0.11448107245505063, -0.046416495415664165, 0.12203417393220005]
A2: [0.03530745393979979, -0.029273464888368003, -0.07569733960804172, 0.06966341912993748] - [0.10289374579974961, 0.28289669635284653, -0.39260640096250027, 0.006815990903277339] - [-0.011187090047857468, 0.539014600689565, -0.35945100608154057, -0.1683764540877596] - [0.09786282091390551, 0.017463338099383257, -0.16885099004208026, 0.05352490095761912]
B1: -1.296463029784552e-08 - -1.569842401304844e-08 - -1.076905028218692e-08 - -1.3492149074159517e-08
B2: -2.917369201210104e-08 - -1.549530635157701e-08 - -1.5132862863422108e-08 - -1.4261852181531646e-08
