Number: 4742
Error: 9.74782230080839e-16
A1: [0.06621321444890158, -0.11395204767449303, -0.023983917538718032, 0.0717229008617462] - [0.03740263892141755, 0.18819339503489838, -0.14740892043929618, -0.07818698383563721] - [-0.06022933087339003, 0.3289508389782089, -0.1277530701002783, -0.14096828283869264] - [0.03904618459808106, -0.053322661900760335, -0.0374185657606469, 0.0516951448500364]
A2: [-0.00910848977188658, -0.34680309422100397, 0.249455177036834, 0.1064567700711315] - [0.08003991401221001, 0.03628235203866746, -0.050250015812666846, -0.06607186222892343] - [-0.04245284993191281, 0.23083185745514168, -0.0405312782019386, -0.14784787267574856] - [0.06813470691309725, -0.29346793134130233, 0.14177116275783347, 0.08356177987941188]
B1: -1.6329584162470668e-08 - 4.9929235765471796e-08 - 1.7050241088583987e-08 - 3.73884816358171e-09
B2: 2.338156344020707e-09 - -3.6678403189876552e-09 - 6.950886136842648e-09 - 1.6070759004140884e-08
