Number: 5642
Error: 2.0350192478324315e-05
A1: [0.0651482112623718, -0.11499591761110962, -0.02504917832460481, 0.07065203516352257] - [0.03612769398240228, 0.18696828020373552, -0.1486645588970461, -0.07944372546197957] - [-0.06532866649906258, 0.324046498866478, -0.13274577651168873, -0.14594724035739506] - [0.0403393661292266, -0.05210764399801182, -0.03616805261269401, 0.052937572008602635]
A2: [-0.013253921135479737, -0.35119093827411707, 0.2452376455628173, 0.1021184580357195] - [0.07961882208765424, 0.035830449010984707, -0.050721737591822844, -0.06653844791714364] - [-0.04423800309538101, 0.2288664174088316, -0.04247540681609312, -0.14982449379304102] - [0.06256743568769954, -0.29959267839065634, 0.13570122859061143, 0.07732191045401993]
B1: -0.0020954733588658295 - -0.002402907020373022 - -0.0015248185692433077 - -0.0002058212616197026
B2: 0.003235947450978878 - 0.0025105969825909066 - 0.003912486568572945 - 0.0017495874746762568
