Number: 2138
Error: 0.0007237776638964315
A1: [-0.10279564865612038, -0.17765730166869229, -0.1516014421347914, -0.09148001036030708] - [0.10912231322904004, 0.2357024935727878, -0.10571729536485228, -0.049417928395122435] - [-0.3189887006431349, 0.19088441045209467, -0.30515661225995233, -0.4253724065569393] - [0.1799403416944866, 0.209178689808495, 0.17927491878683433, 0.17340316734282765]
A2: [0.2304460147198875, -0.09123000696745641, 0.18593682793213062, 0.1613663744606476] - [-0.0040172073783155265, 0.15909942355344345, -0.13072593141468625, -0.17512906569772774] - [-0.1233395672688104, 0.4997321357462167, -0.27197810958684165, -0.265527915574332] - [-0.15508574777252618, -0.10651871183669032, -0.11373913272536604, -0.11904074423659229]
B1: -0.05719976447420409 - 0.003849029851560685 - -0.09652367233891393 - 0.051754192460263346
B2: -0.07190371837106833 - 0.02504198249624372 - 0.031276740353253674 - -0.03681860359039768
