Number: 6651
Error: 1.561097263829249e-15
A1: [0.08043167399624843, -0.18046782143767404, -0.019588867648894392, 0.11962496105105228] - [0.03741561608206394, 0.13359642223595836, -0.13472615018189885, -0.03628578902908816] - [-0.0017029227638785344, 0.22819001275789524, -0.1228284862443876, -0.10365901394786435] - [0.038863283454618175, -0.11448096966450741, -0.04641639240152015, 0.12203427694796111]
A2: [0.035307429863059535, -0.029273489031701287, -0.07569736249989602, 0.06966339393101387] - [0.10289375344650353, 0.2828967040644991, -0.39260639356665966, 0.006815998910546127] - [-0.011187140534313324, 0.5390145499019804, -0.35945105386806536, -0.16837650728710618] - [0.09786278347190251, 0.01746330048706984, -0.16885102568443983, 0.05352486165570042]
B1: -5.914996017447431e-10 - 3.6177393150480773e-09 - -1.2004349322087658e-08 - -4.581473965038631e-09
B2: -2.4172894412854408e-09 - 2.4806491021407962e-08 - -7.364206439347959e-08 - 3.9309578448957694e-08
