Number: 1979
Error: 2.256536472341106e-05
A1: [-0.022660059590441865, -0.029645779214633444, -0.0127322949137725, 0.004658851886463049] - [0.09656291520869094, 0.2184897059030379, -0.11577423421979904, -0.07663709680011183] - [-0.09398633293749041, 0.460019412219338, -0.051732391358847406, -0.23761172323892782] - [0.04050704618402928, 0.07710279722824513, 0.034830283013295125, 0.10590408653753881]
A2: [0.1253124081913277, -0.23189683085013774, 0.015469642896828124, 0.06250994351210576] - [0.04334663242607176, 0.21403341623945135, -0.1043830379398423, -0.11132592948844548] - [-0.09096393335111125, 0.5579924222941117, -0.23210547221382397, -0.22323801434774546] - [-0.012960085030763808, -0.011766453963970323, 0.01575077241097529, 0.03924052303269207]
B1: -0.0026049501801704367 - 0.00042582805853792673 - -0.010120475475482619 - -0.006265019497868889
B2: -0.012316503473446276 - -0.014693781457889021 - -0.0026778862141786947 - 0.01135220649328355
