Number: 5594
Error: 1.1933215081166875e-07
A1: [0.06621746903536359, -0.11394786891044313, -0.02397955384775454, 0.07172720080512185] - [0.03749252624242895, 0.18827929349070133, -0.1473204770377223, -0.07809857531619362] - [-0.06022206709212144, 0.32895786393739634, -0.12774569749608577, -0.14096107719618003] - [0.03904193310364607, -0.05332666777015222, -0.03742248757949236, 0.05169116408379186]
A2: [-0.008561732429580391, -0.34622306984068113, 0.2500065593842995, 0.1070301346138393] - [0.07994520722811083, 0.03618032700242227, -0.05035354631893284, -0.066176255926771] - [-0.042040913102174456, 0.23128652826030302, -0.04008991351862798, -0.14739231976786238] - [0.06799647201216684, -0.2936201232002422, 0.14162120491630872, 0.08340675164330903]
B1: -8.845271886570501e-05 - 0.00020218502873953773 - 0.00016497103353406417 - 0.00036183181419136945
B2: -0.00020099689567719718 - -0.0001906063963636477 - -0.00018130758894583255 - -0.0001752162853409962
