Number: 2777
Error: 5.22207614856876e-09
A1: [0.06372599389498622, -0.04758212058000105, -0.023155162395023753, 0.008144189414314605] - [0.04364562055529852, 0.1912550005606311, -0.14258119881701312, -0.09253009656216299] - [-0.12365250594372072, 0.4146551658879855, -0.10506638525978723, -0.18727909471643833] - [0.03663052004369524, 0.018794281584622503, -0.03350418083453255, -0.023421728497942138]
A2: [0.06326927218825118, -0.17385665290380745, 0.08615431395702641, 0.023789458020151356] - [0.02922798976552578, 0.20023763906331873, -0.10177197267339827, -0.12793372542477477] - [-0.09326994189903504, 0.5138193924783554, -0.22546574775117573, -0.19496270566254328] - [-0.025919927398031433, 0.018528086385420656, -0.05028099826218626, 0.05698368230840862]
B1: -0.00016163551195707955 - 5.012332043222182e-05 - -0.00010324416469589926 - 2.4026326960572495e-05
B2: 0.00013178550571491828 - -0.00010607331266694878 - -4.512539583072051e-05 - -7.81872249910962e-05
