Number: 9213
Error: 1.5125185598389726e-07
A1: [0.05367550095061164, -0.14750218223057274, -0.026498572059431305, 0.1223281763524883] - [0.003048330853956232, 0.12857268018293816, -0.11586210825772743, -0.024813656041940257] - [-0.013517202788986132, 0.2240193480195876, -0.1261152799067664, -0.0806770975474342] - [0.028114048924408143, -0.09905714862030036, -0.04845764297004943, 0.12326526227729476]
A2: [0.09019449193835508, -0.07196733096420717, -0.12270379412446433, 0.10823781002317982] - [0.11077783689397178, 0.25174494196606917, -0.40294945502903795, 0.04815917682096691] - [0.03836520585534433, 0.4642710369684776, -0.37602966641419283, -0.11972463661537508] - [0.14566150591587818, -0.042382299598710725, -0.19931656494152641, 0.10494847286834036]
B1: -0.0005620513547260587 - -0.00027923460020312315 - -0.00029601839779916443 - -0.00020451493075226995
B2: -0.0005592194771083591 - -0.0005876343005976672 - 0.0006401373081831659 - -0.00048679393906803515
