Number: 9920
Error: 1.3709454850365678e-15
A1: [0.05317255495665388, -0.14800126615762646, -0.02699904250962725, 0.12182782680077535] - [0.005313813997727629, 0.13083678854812766, -0.1136006496057684, -0.02254966906257507] - [-0.014444445879148388, 0.223091651538222, -0.12704114892369867, -0.081605902290568] - [0.02714638106663967, -0.10002011706726634, -0.04942458759543459, 0.12229804117379918]
A2: [0.08925441883039319, -0.07291341268153442, -0.12362746231399033, 0.10728634007615227] - [0.10884185414644451, 0.24981430648085914, -0.4048451666685418, 0.04618960754459783] - [0.03663592929554665, 0.46255511679734107, -0.3777174526335775, -0.12147327017292305] - [0.14342638179795944, -0.044606674532788305, -0.20149958566836243, 0.10267981032906935]
B1: -5.703985042418297e-08 - 2.4558057764187033e-08 - 4.592975166841936e-08 - 3.833390114034111e-08
B2: 4.784184699646645e-08 - 2.111254440466949e-08 - 4.968963918264466e-08 - 1.739854979486601e-08
