Number: 463
Error: 1.724794302674546e-12
A1: [-0.012153958809672153, -0.014517750315454688, 0.018086659027512355, 0.008582493671657422] - [0.06583181010419224, 0.1894919658878075, -0.14532611173722834, -0.11001237450750762] - [-0.09629262058263639, 0.4217865282843922, -0.05345684107334477, -0.2720352058343829] - [-0.0013221710325599235, -0.018219889829858515, -0.0038358246074953637, 0.02337596838237456]
A2: [0.16158750868798571, -0.16775400028498474, 0.008502105964069787, -0.0023323013173004756] - [0.03548701822414807, 0.20751799567848467, -0.11720913493750389, -0.12579076299579273] - [-0.08621203302456247, 0.5815396024674946, -0.23538725571277708, -0.25993409405951146] - [-0.00383492312515085, -0.0045192463482574795, 0.00111030063491356, 0.0072434350613900765]
B1: 1.6276235126241399e-06 - -1.4459674981422063e-06 - 9.797621650034963e-08 - 5.285976340696941e-07
B2: -1.3717616678626841e-06 - -3.855710190406065e-06 - 6.55121036355131e-07 - 1.3394807048640286e-06
