Number: 9142
Error: 1.4866473734903284e-06
A1: [0.052254133179474735, -0.14901712879316087, -0.028021180947906822, 0.12083113041374764] - [0.006331942913025909, 0.13181131077785224, -0.11271435212957973, -0.021540777772851422] - [-0.014317764475508013, 0.22330479209413537, -0.12688620492654945, -0.08131498320098014] - [0.024978426305485493, -0.1022012472910898, -0.051607834162768, 0.1201461353686309]
A2: [0.10607030292753565, -0.05605350638459463, -0.10699136995972175, 0.12438615832270213] - [0.11907532485625329, 0.2600703391503209, -0.39481172433208284, 0.056580268350417386] - [0.05349153855030142, 0.4793603462828423, -0.36125845823853114, -0.10451044654093423] - [0.14584257038566803, -0.04216079822188717, -0.19917335277168507, 0.10512380671885861]
B1: 0.0026756381287187892 - -0.0013006761860927091 - -0.003154118159753275 - -0.0026373760068311987
B2: -0.0009696335808636015 - -8.273921820207172e-05 - -0.002338964433757517 - -0.0019901713885517717
