Number: 335
Error: 8.165603636197283e-10
A1: [-0.012311159420207761, -0.014679210574788444, 0.01791291723166351, 0.008414535116007014] - [0.06579077459017181, 0.1894524903009973, -0.14536854281423103, -0.11005806532258869] - [-0.09648068977858279, 0.42160477567368426, -0.05366090847195373, -0.2722543255925026] - [-0.0014380203156996963, -0.018331297594988936, -0.0039591346099089155, 0.02324205104564782]
A2: [0.1615163090324609, -0.16782387057352097, 0.008432341739596835, -0.0024017172191403992] - [0.03547879312508381, 0.20750990021463286, -0.11721733180010385, -0.1257988114391465] - [-0.08627375854261415, 0.5814791436878006, -0.2354473074335727, -0.25999428253833656] - [-0.003873304277469497, -0.004556970881537366, 0.001072348306928991, 0.0072067459671935966]
B1: 5.698985875679425e-05 - -0.00017126385851264173 - 5.6724459492739276e-05 - 2.039028510407678e-05
B2: 6.917082918707935e-05 - -0.0001632558226354667 - 2.2648829205659185e-05 - -6.765510238313691e-06
