Number: 4975
Error: 9.215301035151314e-16
A1: [0.06621320482042278, -0.11395205708777989, -0.02398392715961669, 0.07172289124945648] - [0.03740262886193764, 0.1881933854237594, -0.14740893032852556, -0.07818699372574103] - [-0.060229424268401596, 0.3289507492773786, -0.12775316149113974, -0.1409683737380255] - [0.03904613699420849, -0.05332270708457223, -0.03741861181577531, 0.051695099168856236]
A2: [-0.009108515801954004, -0.34680312183482104, 0.2494551507961943, 0.10645674278011667] - [0.0800398420702387, 0.03628227453661051, -0.050250094441063695, -0.06607194152497539] - [-0.04245278344235109, 0.23083193083701709, -0.040531206949163734, -0.14784779914097299] - [0.06813480191594641, -0.2934678267391985, 0.14177126574995771, 0.08356188639492791]
B1: 4.410667312305262e-08 - 1.44358050252522e-10 - -1.2695303276220471e-08 - 1.8565614173902123e-10
B2: 2.804571168464251e-08 - 1.241384824667802e-08 - -5.752899189603716e-09 - 1.6953132109712798e-08
