Number: 4821
Error: 1.0102341909943299e-15
A1: [0.06621317681062974, -0.1139520844716736, -0.023983955147443742, 0.07172286328664826] - [0.03740261355192868, 0.18819337079607223, -0.14740894537944485, -0.07818700877799162] - [-0.060229449710949984, 0.32895072484120713, -0.12775318638773728, -0.14096839850071202] - [0.03904634686682662, -0.05332250788124422, -0.03741840877094978, 0.05169530056503383]
A2: [-0.009108612892855498, -0.34680322483292086, 0.24945505291971634, 0.10645664098568026] - [0.08003985998704674, 0.03628229383812275, -0.050250074859048095, -0.06607192177668045] - [-0.04245273256373296, 0.23083198698971125, -0.040531152425712764, -0.14784774287121413] - [0.06813486619121928, -0.2934677559694715, 0.14177133543042184, 0.0835619584592333]
B1: 1.591197384456462e-08 - 1.80484105266418e-08 - -1.2856523545645725e-08 - -1.0540041788432383e-08
B2: -1.7493459572637118e-08 - -2.6961430032083316e-08 - -1.775529172198088e-08 - 8.200851879096925e-08
