Number: 21
Error: 0.0019014975094984968
A1: [0.011671539593231854, 0.01606913093931678, 0.03729569057601168, 0.01751436557898146] - [0.13440181478891633, 0.2694331328730571, -0.08924770266177479, -0.07946676459043514] - [-0.10362542874228081, 0.41270599487663867, -0.06336885325431986, -0.2723142282809258] - [0.1826746999275276, 0.1748254238081684, 0.1881932108287942, 0.20646029263271093]
A2: [0.4715185656917694, 0.138364525935315, 0.3070724440696426, 0.30280805625995055] - [0.18477501653645925, 0.3515075762286813, 0.02337492146356755, 0.01550594884864644] - [0.2818352505664789, 0.9494889069687789, 0.11969647642331133, 0.10601818468377812] - [0.6181017514409217, 0.6189687053551235, 0.6151330372223435, 0.610546107565344]
B1: 0.07508014013258339 - 0.4844673231204896 - -0.03958631756731137 - -0.053962978386417726
B2: 0.024404802018930718 - 0.5138236236328748 - -0.0939541507509772 - -0.08010331931504422
