Number: 4115
Error: 1.1764489262462521e-15
A1: [0.06621319190069397, -0.11395206971881569, -0.023983940069206414, 0.07172287835141841] - [0.03740263768649984, 0.18819339385500308, -0.14740892165332048, -0.07818698504974986] - [-0.06022940080430003, 0.3289507718134177, -0.12775313853053147, -0.14096835090110235] - [0.039046176008226505, -0.05332267005401765, -0.037418574071113694, 0.0516951366070852]
A2: [-0.009108583210151108, -0.3468031933442781, 0.24945508284269138, 0.10645667210639119] - [0.0800398359226235, 0.03628226791383111, -0.05025010116015203, -0.06607194830107718] - [-0.042452766197702684, 0.2308319498693232, -0.04053118846925253, -0.14784778006900212] - [0.06813474928948147, -0.29346788468316487, 0.1417712086980319, 0.0835618273910246]
B1: -9.211463037579705e-09 - 1.3100505189952208e-08 - 2.0639292898923788e-08 - -7.993659994677622e-09
B2: -7.174223156149849e-09 - -7.819343855030052e-10 - 1.35257299162057e-08 - 6.903196425005574e-09
