Number: 4895
Error: 1.236657019890346e-15
A1: [0.06621317080755294, -0.11395209034058398, -0.02398396114579449, 0.07172285729366891] - [0.03740257834635085, 0.1881933371595289, -0.14740897998922692, -0.07818704339083268] - [-0.06022947519336608, 0.3289507003667408, -0.12775321132332323, -0.14096842330219841] - [0.03904621870908798, -0.05332262952381624, -0.037418532759310216, 0.05169517758341026]
A2: [-0.009108554792557075, -0.3468031631976725, 0.2494551114901293, 0.10645670190065804] - [0.08003986467146576, 0.036282298884587616, -0.050250069739233905, -0.06607191661339612] - [-0.042452828850014196, 0.2308318807224249, -0.04053125560972312, -0.14784784936001263] - [0.06813473029492387, -0.29346790559687436, 0.1417711881060277, 0.08356180609476098]
B1: 1.8224316691310696e-10 - 2.4866626240886247e-08 - -5.3067694441694165e-09 - -1.580809110357759e-08
B2: -2.212653088211865e-08 - -1.5315365310543814e-08 - 3.530862229604173e-08 - -1.3428842608042833e-08
