Number: 1525
Error: 4.0481269449751044e-09
A1: [-0.007114862810720635, -0.014920596500795944, 0.0030722408809726828, 0.019529063969015326] - [0.06655884642551568, 0.1896266262891974, -0.1470120764657701, -0.11016041284643899] - [-0.11257575309544267, 0.4417944067131045, -0.0707796205810389, -0.2580893125782268] - [-0.022899050640619915, 0.015806020550219246, -0.029454550845904648, 0.03940830342744642]
A2: [0.13129878142336385, -0.22491123107092592, 0.022383776968904427, 0.06987967833569668] - [0.032680351726601616, 0.20378269186289083, -0.11485428709810604, -0.12142421433917717] - [-0.09482251034391441, 0.5553430164011854, -0.23539927521606924, -0.2258323362773533] - [-0.020952775345986316, -0.019399505335710103, 0.007993140821004682, 0.032061128780543686]
B1: -0.00011763865179836895 - -4.585295469852386e-05 - -9.063052410095651e-05 - -2.8579312604174844e-06
B2: 3.219721844949804e-05 - -0.00020801504724551873 - 4.573535672231336e-05 - -0.00012758908141925553
