Number: 4201
Error: 1.0811818559928631e-15
A1: [0.06621317318388599, -0.11395208801736556, -0.023983958771328293, 0.07172285966602125] - [0.037402621833721596, 0.1881933787087517, -0.14740893723781395, -0.07818700063562396] - [-0.06022939435593473, 0.3289507780067223, -0.12775313222053794, -0.14096834462504446] - [0.039046077686610614, -0.05332276337717739, -0.037418669193983276, 0.05169504225659149]
A2: [-0.009108490718087298, -0.3468030952246457, 0.2494551760831133, 0.10645676907928174] - [0.08003984021432159, 0.0362822725372197, -0.05025009646957047, -0.06607194357066583] - [-0.042452839067980835, 0.2308318694451541, -0.04053126655991511, -0.1478478606607765] - [0.06813483876955297, -0.29346778616169517, 0.14177130570306298, 0.08356192771472748]
B1: 1.526132372121606e-08 - -1.08303203566946e-09 - -2.0251232096827266e-08 - 1.2062862412917091e-08
B2: 8.609502943007057e-09 - 1.8159928107065522e-08 - -5.8708852072157685e-09 - -2.2002791352267068e-08
