Number: 7766
Error: 1.074499753306834e-15
A1: [0.08043170803501558, -0.18046778740276948, -0.01958883365082053, 0.11962499508593558] - [0.03741560328744195, 0.13359640945101553, -0.13472616295101136, -0.036285801816618585] - [-0.0017027936153929564, 0.22819014190362327, -0.12282835728498784, -0.10365888483383842] - [0.03886324586525049, -0.11448100714839494, -0.046416429966932356, 0.12203423938195591]
A2: [0.03530739799586241, -0.029273520987025247, -0.07569739279886878, 0.06966336057858057] - [0.10289367023719351, 0.2828966201490045, -0.3926064740456436, 0.006815911778304246] - [-0.011187120067413143, 0.5390145704909494, -0.35945103449571053, -0.16837648572040442] - [0.0978627755289966, 0.017463292508039723, -0.16885103324559927, 0.053524853318267514]
B1: -8.449816089713574e-09 - -2.7952023183682686e-08 - -4.65149781285732e-09 - -6.868557095318602e-09
B2: -3.6892574475991364e-08 - 5.075875610788145e-08 - -2.6043909962923276e-08 - -3.070653640956383e-08
