Number: 678
Error: 1.858018989317079e-14
A1: [-0.012153885049962032, -0.014517674625931386, 0.0180867404587149, 0.008582572425472246] - [0.06583595738934683, 0.1894959554008599, -0.14532182380811426, -0.11000775691502684] - [-0.0962932383651606, 0.42178593108615775, -0.05345751157316383, -0.27203592567721613] - [-0.001322699796891733, -0.01822039849443646, -0.0038363876096328344, 0.02337535711030117]
A2: [0.16158703942798955, -0.16775446064792365, 0.008501646084680363, -0.002332758882571794] - [0.035485631399270745, 0.20751663112715923, -0.1172105159568274, -0.12579211967490173] - [-0.08621342766427534, 0.5815382363948383, -0.23538861277275075, -0.2599354540631767] - [-0.0038346037296517616, -0.0045189322816798355, 0.0011106167252854255, 0.007243740604550018]
B1: 8.840943525620582e-09 - 2.5580247168167636e-07 - 1.0569366057952105e-07 - 3.5113608628798925e-08
B2: -1.1421471376617342e-07 - -7.907843882313975e-08 - 2.855399126471371e-07 - 3.175832984618481e-07
