Number: 801
Error: 1.0646261033829791e-12
A1: [-0.012156131637311711, -0.014519982098471756, 0.01808425730020493, 0.008580171689682812] - [0.06583530332966746, 0.18949532622457954, -0.1453225000474275, -0.1100084851438934] - [-0.09629501816578587, 0.4217842109429211, -0.05345944287401956, -0.27203799922225536] - [-0.0013261555974554418, -0.018223721998070565, -0.0038400661964170146, 0.02337136278703321]
A2: [0.1615876736505235, -0.16775383836446922, 0.008502267520632122, -0.0023321406014502493] - [0.03548617842195459, 0.2075171693593182, -0.1172099712275252, -0.12579158454129527] - [-0.08621328634672397, 0.5815383748124155, -0.2353884752598984, -0.25993531626484023] - [-0.003835171132134312, -0.004519490248027668, 0.0011100551292304184, 0.007243197764510103]
B1: 4.6162531686009005e-07 - -5.4727206985496e-07 - 9.278903046582636e-07 - 1.8966579693967868e-07
B2: 1.5993669316616165e-06 - 8.740725689057254e-07 - 1.8438952595390851e-06 - -5.509291649770411e-08
