Number: 1636
Error: 2.4598278249373166e-08
A1: [-0.007500932125252182, -0.015311630337302502, 0.002671633073015828, 0.01912349807016632] - [0.0662729871409019, 0.18935170180365185, -0.14730861728037833, -0.11047748379835251] - [-0.11102477868617057, 0.4433112774578206, -0.06916205707521399, -0.2564173921270265] - [-0.02348488681094878, 0.015226633789066461, -0.030052945074598752, 0.03878493666926785]
A2: [0.13290283326442198, -0.2233348246056583, 0.02395634289864276, 0.07144324903232592] - [0.032650891835628734, 0.20375420178314188, -0.11488326849256775, -0.12145262045075653] - [-0.09407712028229213, 0.5560802189558024, -0.23466884832815574, -0.22510066993783243] - [-0.02125538711794778, -0.01970853370726278, 0.007686615623836916, 0.03176336366082234]
B1: 0.00029292473104620324 - -0.0001227636315101426 - -2.1073022228508672e-05 - -0.0002679025938982341
B2: -0.0001789731622438797 - -2.4913397755088493e-05 - 8.174283777375791e-06 - 0.00010337182110417903
