Number: 7574
Error: 1.0445222022711797e-15
A1: [0.08043172082119594, -0.1804677746180375, -0.019588820879943913, 0.11962500787064619] - [0.03741561449554689, 0.13359642065063915, -0.1347261517652535, -0.03628579061472928] - [-0.001702770756406483, 0.22819016476212134, -0.12282833445947988, -0.10365886198095829] - [0.03886325874263113, -0.1144809943071519, -0.04641641709777182, 0.12203425225132461]
A2: [0.03530742593652244, -0.02927349296908769, -0.0756973662332124, 0.06966338982147535] - [0.10289374046566825, 0.28289669097350534, -0.3926064061215479, 0.006815985317726963] - [-0.011187127860692973, 0.5390145626511871, -0.35945104187223026, -0.16837649393244503] - [0.09786278462267727, 0.017463301643083875, -0.16885102458899523, 0.05352486286366]
B1: 1.0645735221409753e-08 - 1.2052117761005519e-08 - 1.952554669683206e-08 - 1.6332887724912692e-08
B2: 1.0851015787351476e-08 - 5.567797070279434e-09 - 2.0155799034536257e-08 - 4.8094623494098045e-09
