Number: 2386
Error: 6.532097457939576e-06
A1: [0.06493921677413887, -0.0474038299482187, -0.0231018756672442, 0.008943453943697846] - [0.03537178138852859, 0.18312029200488372, -0.15146019899884014, -0.10153855154874737] - [-0.11157222407804468, 0.4273124095259361, -0.09240073906691215, -0.1751320124875962] - [0.052003037867428825, 0.034781681616337816, -0.01746083258357177, -0.007968348391498433]
A2: [0.05215161427133735, -0.18479324065269076, 0.0753118106980515, 0.012719772140724546] - [0.03981307249166636, 0.2106657315389948, -0.09123248884361196, -0.11759175772195339] - [-0.0887998341206987, 0.5189752862489238, -0.22017670566652733, -0.189884471555643] - [-0.031676003904134, 0.012874987866824915, -0.05555510776378121, 0.05136479171793356]
B1: -0.0011578334715989292 - -0.0007296047449361641 - -0.001982834124454891 - 0.0006058379300666336
B2: -0.0008073942181945138 - 0.005785802908725232 - -0.0011239672041414557 - 0.0016084632156524645
