Number: 2854
Error: 6.9424747671284895e-09
A1: [0.0634133202249787, -0.047893238767727546, -0.023464590798478617, 0.0078345008428723] - [0.043690862664987444, 0.1912988071659022, -0.14253447835190408, -0.09247977847507413] - [-0.12268462168707123, 0.4156183464848951, -0.10409622014327827, -0.18631300394248115] - [0.03825420063714609, 0.020419349926161158, -0.03188400140499854, -0.021809269785377252]
A2: [0.06374681004848019, -0.17338223611104053, 0.0866268065877197, 0.024258036221768677] - [0.029374533292801378, 0.20038203269506846, -0.10162587363547924, -0.12779025541306177] - [-0.09305097446339183, 0.5140341333138789, -0.22524640576170163, -0.1947505005210355] - [-0.025798439983597883, 0.018648740787331794, -0.05015852082181365, 0.05710237030529286]
B1: 9.818296323988182e-05 - -0.0001878446215114206 - -4.59485837874897e-05 - 0.00010226615151142134
B2: -0.0002322324291955546 - 3.945141321431458e-05 - -3.849056244955307e-05 - 0.00011916388073542232
