Number: 8238
Error: 1.3443712692776773e-15
A1: [0.08043161205557675, -0.18046788337136332, -0.019588929515560627, 0.11962489911741568] - [0.03741563478738457, 0.13359644092717343, -0.13472613151369833, -0.03628577033403921] - [-0.001702796968376454, 0.22819013855070538, -0.12282836063307641, -0.10365888818593698] - [0.03886315907341577, -0.11448109369666779, -0.04641651670348863, 0.12203415264404495]
A2: [0.03530743632623601, -0.029273482550587874, -0.07569735635477598, 0.06966340069542303] - [0.10289370245449196, 0.2828966526397343, -0.39260644288548296, 0.006815945514509843] - [-0.011187068463404238, 0.5390146224026985, -0.3594509856513216, -0.16837643134355088] - [0.09786276889782695, 0.01746328584667419, -0.16885103955807812, 0.0535248463577222]
B1: -3.567095163829882e-08 - 9.469310590181416e-09 - -5.828206953213175e-09 - 7.304018691965124e-09
B2: -4.462971697940321e-08 - 3.742313206467139e-08 - 3.066684749483673e-08 - -4.105498444509459e-08
