Number: 9348
Error: 1.3261700180311485e-11
A1: [0.053191270153509475, -0.14798254105507197, -0.026980346002571272, 0.1218465538438702] - [0.005241450953704433, 0.13076434584488641, -0.11367300394070219, -0.02262213717965113] - [-0.014421885709177533, 0.2231142209739743, -0.1270186054169094, -0.08158333235283384] - [0.02714204727889048, -0.10002444922518007, -0.049428928829817226, 0.1222936987846005]
A2: [0.08927096082543419, -0.07289691051865006, -0.12361129563326473, 0.10730308630345524] - [0.10881110323750486, 0.24978355400432434, -0.40487531018775996, 0.04615834182787989] - [0.03664124507442867, 0.4625604049064241, -0.3777122679095687, -0.12146789893758662] - [0.14343873377972335, -0.04459436763104577, -0.20148752662507144, 0.10269234624947013]
B1: 1.8903645608372666e-05 - 5.120663416057917e-06 - 4.302870465252711e-07 - -8.153669645166115e-06
B2: -1.1231861587820803e-05 - 6.057203974292335e-06 - 3.2974711707160646e-05 - -1.7701133248975864e-05
