Number: 6557
Error: 8.95268216347146e-16
A1: [0.08043168450199935, -0.18046781093311295, -0.01958885715570532, 0.11962497155560323] - [0.03741557772009703, 0.1335963839030254, -0.1347261884674289, -0.036285827369804804] - [-0.0017027982690786896, 0.22819013725004117, -0.12282836193186723, -0.1036588894862895] - [0.03886321465202652, -0.11448103827401347, -0.04641646116027045, 0.12203420818813125]
A2: [0.0353074269598588, -0.02927349194293204, -0.07569736526022006, 0.06966339089249697] - [0.10289373469634293, 0.2828966851552034, -0.39260641170156746, 0.006815979276384127] - [-0.011187117067211943, 0.5390145735090538, -0.35945103165594894, -0.16837648255899615] - [0.0978627905794726, 0.017463307626969838, -0.1688510189184935, 0.053524869116335326]
B1: -1.2524007842650552e-09 - -1.6759624447481482e-09 - -3.0384901328660645e-09 - -4.228295356381961e-09
B2: -3.2990467961055806e-09 - -1.0453008318177493e-08 - 1.621949292657187e-08 - -1.3822113114875908e-08
