Number: 7556
Error: 9.820930289629731e-16
A1: [0.08043172552453862, -0.18046776991522748, -0.019588816182224897, 0.11962501257345176] - [0.03741560449979058, 0.13359641066244796, -0.13472616174109356, -0.03628580060494884] - [-0.0017027518535734666, 0.22819018366455146, -0.12282831558432285, -0.10365884308316967] - [0.038863254088812985, -0.11448099894790992, -0.04641642174862479, 0.12203424760039869]
A2: [0.035307373885631294, -0.029273545163941303, -0.07569741572257715, 0.06966333534461484] - [0.10289365050367098, 0.28289660024800156, -0.39260649313164997, 0.006815891114421485] - [-0.011187222942482094, 0.5390144670022863, -0.3594511318692869, -0.1683765941233634] - [0.09786270258484016, 0.01746321923209178, -0.16885110268376474, 0.05352477675070387]
B1: -2.4852124546162703e-09 - -2.165581949561778e-08 - -2.1151025628794568e-08 - -1.7231471034217284e-08
B2: -4.447071895365639e-09 - -1.914480458713699e-08 - 1.5234183888526462e-08 - -1.6983652057992405e-08
