Number: 2439
Error: 8.840683733956426e-07
A1: [0.06719928218758991, -0.0441894209951905, -0.019580418534041848, 0.011677618286327256] - [0.04626372960615157, 0.19374251835420844, -0.1399803018657448, -0.08971010578956928] - [-0.11476997463101567, 0.42362449103467426, -0.09635451443541765, -0.1785869831623092] - [0.031135621892917777, 0.013402531572312817, -0.038950180867452854, -0.028908313488301904]
A2: [0.06762793040639661, -0.16956677704538864, 0.09068357985349235, 0.02820667314798825] - [0.02339977600711333, 0.19448283428956833, -0.10760894585714902, -0.13367091613193374] - [-0.08871389332779726, 0.5185977377753036, -0.22035669033798885, -0.19024734547727862] - [-0.02319597638451429, 0.021429773308745216, -0.04712927720766431, 0.05989122473608996]
B1: 0.00014713217245322348 - -0.0030070558547776105 - 0.00021182313670318716 - -0.002189373095679377
B2: 0.002743573693631303 - -0.0018305034351846217 - -0.0024562770611967315 - -0.004710293955040908
