Number: 5331
Error: 8.506730542028013e-16
A1: [0.06621319116144189, -0.11395207044152393, -0.023983940807886413, 0.0717228776133792] - [0.03740263550815349, 0.18819339177386016, -0.14740892379471618, -0.07818698719136015] - [-0.06022930248436046, 0.3289508662440214, -0.12775304232057957, -0.1409682552083322] - [0.03904628676126941, -0.053322564931001924, -0.03741846692094973, 0.05169524288716169]
A2: [-0.009108784588567115, -0.3468034069744465, 0.24945487983459538, 0.10645646097273251] - [0.08003992215650675, 0.03628236081235946, -0.05025000691140475, -0.06607185325216446] - [-0.04245277487805139, 0.2308319402889687, -0.04053119777145554, -0.14784778966925113] - [0.06813480881630175, -0.29346781914173137, 0.14177127323037983, 0.08356189413145139]
B1: -9.833786686911197e-09 - -6.264576733216106e-08 - 1.1121041722208556e-08 - 1.556460162001844e-08
B2: -1.3023505229299276e-08 - -2.8881898960376974e-08 - -3.424935585109588e-08 - 5.1969875684603545e-08
