Number: 3049
Error: 9.408846901829559e-08
A1: [0.06294293336545924, -0.04836366430750383, -0.023932638278174073, 0.007359798502199177] - [0.043488395954855937, 0.1911028379637185, -0.1427406568642742, -0.09270092349053255] - [-0.1257648489186894, 0.4125574526398625, -0.10717884759594493, -0.18937594605296465] - [0.03735408389969959, 0.019515021975693755, -0.03279067412615439, -0.022718646587114626]
A2: [0.06346136774631281, -0.1736676569183889, 0.08634664735146123, 0.023975708427743943] - [0.030227207032062157, 0.20122233980733992, -0.10077650301911888, -0.12695644119899893] - [-0.09278160494523448, 0.5142951556795734, -0.22497661382574796, -0.19448595295169313] - [-0.024245672693029234, 0.02018413153798676, -0.04861651966063426, 0.05861799349491811]
B1: -0.00025550531947259774 - 0.0005632268762494117 - -0.00018669323445589327 - 9.032815663049994e-05
B2: 0.0003552919000764308 - 0.0001831857896930245 - -0.00012996091170232603 - 0.0007502824649231335
