Number: 3753
Error: 1.08356916598595e-15
A1: [0.066213164942985, -0.11395209607410954, -0.023983967005771968, 0.07172285143893993] - [0.03740263625340627, 0.1881933924857699, -0.14740892306217562, -0.07818698645872095] - [-0.06022935387213575, 0.32895081688918254, -0.1277530926055038, -0.1409683052230933] - [0.0390463069005868, -0.053322545815990115, -0.03741844743716892, 0.05169526221280039]
A2: [-0.009108561729112025, -0.3468031705562333, 0.24945510449755876, 0.10645669462809572] - [0.08003980060598889, 0.036282229867690814, -0.05025013975923687, -0.06607198722791087] - [-0.0424528631258854, 0.23083184289333047, -0.04053129234134533, -0.14784788726794026] - [0.06813473117422218, -0.293467904628881, 0.14177118905935138, 0.08356180708043702]
B1: -1.395794137068682e-08 - 7.2738786487239015e-09 - 2.4895837375563822e-08 - -1.772967291357802e-08
B2: -1.8590961827778928e-09 - -3.0849023628564525e-09 - 1.6175051826393528e-08 - 1.0129709178831079e-08
