Number: 8744
Error: 2.0438901324050475e-11
A1: [0.08044065688245668, -0.18045883953867628, -0.019579895579265164, 0.11963394288960383] - [0.037430329122628204, 0.13361112413443257, -0.1347114665502146, -0.036271084166167186] - [-0.001696741760543164, 0.2281961935999873, -0.12282231439053963, -0.10365283462292364] - [0.03887229743194299, -0.11447198097536233, -0.046407384267233856, 0.12204328529430265]
A2: [0.03529516445827195, -0.029285788373628312, -0.07570902431350361, 0.0696505569080669] - [0.10288581582630306, 0.2828886991207399, -0.3926140706987312, 0.006807687099776059] - [-0.01118880022455766, 0.5390128803070977, -0.35945262479145446, -0.16837825613327886] - [0.09785305520080123, 0.017453527955103472, -0.1688602863803519, 0.05351465018578968]
B1: -2.3962480526462034e-06 - -5.31350252684286e-06 - -6.248065857213133e-06 - -3.6068032099088626e-06
B2: -1.0740536055427818e-06 - -2.2761582007971413e-06 - 5.292827776009358e-07 - 2.0428630310756627e-07
