Number: 855
Error: 9.84270827229378e-10
A1: [-0.012148841890566685, -0.01451249681403372, 0.018092313173230238, 0.008587960072101263] - [0.065849847235988, 0.18950931689058428, -0.14530746279118734, -0.10999229196463459] - [-0.09632142857516204, 0.4217586846409601, -0.05348810159201106, -0.2720687696064041] - [-0.0013549257568394972, -0.01825139038422568, -0.0038706916490726427, 0.023338109571389393]
A2: [0.16156649247403423, -0.1677746203153558, 0.008481512984301758, -0.0023527872492413717] - [0.03548929874650193, 0.2075202393073589, -0.11720686403526089, -0.1257885319371944] - [-0.08623051982948464, 0.5815214934692562, -0.23540524506283872, -0.25995211999356543] - [-0.003843964339185609, -0.0045281376597991, 0.001101351643865759, 0.00723478556213411]
B1: -3.878295679010382e-07 - 4.0128146108946305e-06 - -3.6894696866489267e-06 - 1.4803509804633777e-06
B2: -4.8846767079286944e-05 - -1.619259149130957e-05 - -3.4886104958169764e-05 - -2.1462534912927848e-05
