Number: 6320
Error: 7.827908124710433e-16
A1: [0.08043168737008892, -0.18046780806534546, -0.019588854291043675, 0.11962497442336703] - [0.03741559866620644, 0.13359640483328428, -0.13472616756305392, -0.036285806435296095] - [-0.001702786645372367, 0.22819014887349995, -0.12282835032518126, -0.10365887786568459] - [0.038863263255241524, -0.11448098980719715, -0.04641641258802733, 0.12203425676113956]
A2: [0.03530740544910394, -0.029273513513186265, -0.07569738571235443, 0.06966336837914196] - [0.10289381186236077, 0.2828967629761419, -0.3926063370676203, 0.006816060080506087] - [-0.011187106289321213, 0.5390145843512305, -0.35945102145444124, -0.16837647120196014] - [0.09786283867839879, 0.017463355944682585, -0.16885097313144684, 0.05352491960457062]
B1: 4.061012385621243e-09 - 5.265635169064669e-09 - 3.019136221890359e-08 - -1.2390079253038642e-09
B2: -8.726047650630803e-10 - -5.891744679188425e-10 - 2.974011598798098e-08 - 1.695074015023437e-08
