Number: 94
Error: 0.0006454076316804088
A1: [0.027522715867606014, 0.02800959158612656, 0.06251647885334888, 0.04856006884819471] - [0.10445237627736659, 0.22926717791963758, -0.10807908336555304, -0.07235804375320269] - [-0.056140854896209486, 0.46503029540322427, -0.009603832107877339, -0.22898683036346268] - [0.0430976512837024, 0.029512097099845695, 0.04400802952110981, 0.0704572039780343]
A2: [0.2653919388495451, -0.06674981193366471, 0.11003960528018727, 0.09830975852757987] - [0.05619522726964619, 0.22537708061040598, -0.1001537517430232, -0.10874389984969349] - [0.02516483087303143, 0.6917082195372072, -0.1272685845603894, -0.1519220090925064] - [0.1957282903169625, 0.19446116661284094, 0.1993166766209135, 0.19849317211495324]
B1: 0.006645002565350527 - 0.3294238486549975 - 0.002432142141205004 - -0.025113533385758988
B2: 0.006596610723487842 - 0.3204321537511728 - 0.005259520565939778 - 0.006927825624810102
