Number: 1890
Error: 2.3044871623185423e-07
A1: [-0.013287679315270275, -0.02109519261473261, -0.003298816086923498, 0.013201278265860365] - [0.06912351161436844, 0.1920995409369141, -0.14435503660029678, -0.10730681261605629] - [-0.11233186552998528, 0.4420175378068275, -0.07059080994145522, -0.257843959853727] - [-0.026729589072398446, 0.012066299723406667, -0.033437400864888736, 0.03536513576501996]
A2: [0.1318555057772304, -0.2244358706614458, 0.02285233927157936, 0.07037119577630298] - [0.0328525691636933, 0.20396518004821368, -0.1146750877717403, -0.12124109011910914] - [-0.09407712268090902, 0.5560601614483648, -0.23465152394725153, -0.22503138023155908] - [-0.02083649285717506, -0.019347169545821403, 0.008034057759366933, 0.03212299763367258]
B1: 0.0005863356209398299 - 0.0005954109442647531 - 0.00048179762473395457 - -8.787020247393078e-05
B2: 4.939000491100131e-05 - 0.0008276602364860463 - -0.0009349238638450305 - 7.148442273144465e-05
