Number: 4522
Error: 1.2800287268103421e-15
A1: [0.06621310635506594, -0.11395215335281285, -0.023984025547721315, 0.07172279294932844] - [0.0374025310460308, 0.18819329196725754, -0.1474090264890744, -0.07818708989480239] - [-0.060229445708117904, 0.32895072868576464, -0.12775318247076245, -0.14096839460487234] - [0.03904598082711887, -0.053322855312566725, -0.037418762902314266, 0.05169494930913418]
A2: [-0.009108571426282505, -0.3468031808434224, 0.24945509472181415, 0.10645668446109939] - [0.08003982917803158, 0.03628226064799978, -0.05025010853157375, -0.06607195573508308] - [-0.0424526977344247, 0.2308320254295352, -0.04053111510126127, -0.14784770435124672] - [0.06813482343500955, -0.29346780304576714, 0.14177128907874526, 0.08356191052180408]
B1: -3.946534012939173e-09 - -1.007701356259024e-08 - -8.695782552647312e-09 - -4.626338417438967e-08
B2: 1.8486732855696542e-08 - 2.2222291389893887e-08 - -1.357239581446546e-07 - 2.9684999623400004e-08
