Number: 7392
Error: 1.1356483923859472e-15
A1: [0.08043170047434045, -0.18046779496258447, -0.01958884120246646, 0.11962498752611897] - [0.03741553740622436, 0.1335963436196672, -0.1347262287009692, -0.03628586766134417] - [-0.0017028045845139032, 0.22819013093473536, -0.12282836823805846, -0.10365889580003708] - [0.03886318762474625, -0.11448106522544908, -0.04641648817033417, 0.12203418117764527]
A2: [0.03530747826962623, -0.029273440491238138, -0.07569731647554293, 0.06966344459372316] - [0.1028937842172551, 0.28289673509640967, -0.3926063638055746, 0.0068160311320128175] - [-0.011187047616914409, 0.5390146433735743, -0.3594509659196991, -0.16837640937683562] - [0.09786284025891004, 0.017463357532380284, -0.16885097162687407, 0.05352492126355611]
B1: -1.649430193938111e-08 - -1.7624749547524926e-08 - -1.4855913674105789e-08 - -1.4482748290335297e-08
B2: 6.011418140838851e-09 - -4.1449668540817544e-08 - 1.0394530508428389e-08 - -3.382271954484681e-08
