Number: 9221
Error: 9.553759861720033e-08
A1: [0.055011068653471336, -0.14616507739766624, -0.025164062606439212, 0.1236657024156954] - [0.003828965110856046, 0.12935247714472473, -0.11508316091716023, -0.02403371021644389] - [-0.01351443157894475, 0.22402258750106294, -0.1261118237660287, -0.0806741449941087] - [0.02943939694647294, -0.09773065091469677, -0.047128917592271675, 0.12459540738454057]
A2: [0.0886614999052064, -0.07349711615735224, -0.12420326444399538, 0.10668551128037777] - [0.1091951196241231, 0.25016600581460474, -0.4045001743302193, 0.04654916532250353] - [0.03671982535726575, 0.4626372182237257, -0.37763516959198873, -0.12138774386339156] - [0.1435357538611101, -0.04449454320541685, -0.20139115519073827, 0.10279029042136908]
B1: -0.00015458696794131037 - 6.77950675483882e-05 - -0.00012630750003376766 - 7.505183555189837e-05
B2: -0.0004632437767384562 - 0.0003450512834401076 - 0.0009832297367000768 - -0.0004369255951990987
