Number: 1170
Error: 1.0828769547392241e-07
A1: [-0.004455225270990484, -0.012221066143926896, 0.0058407148018773, 0.022252159245557384] - [0.06833454614393338, 0.19133465160361587, -0.14517658577737666, -0.10818197038362305] - [-0.11242346307290511, 0.44196094864779173, -0.07061270381028543, -0.2579299602303977] - [-0.016775307521634728, 0.021847804384769503, -0.023174040870766886, 0.04586553759918885]
A2: [0.1318358320806497, -0.2243844004698336, 0.0229163772379529, 0.07041073417338525] - [0.031774105766293755, 0.20289481014591715, -0.11575427724454251, -0.12231552216237561] - [-0.09446693192385987, 0.5556873221833643, -0.23504427194755187, -0.22549169871348854] - [-0.02043282313245129, -0.018897501788936164, 0.008508606145220478, 0.03256259029705068]
B1: 0.00020988994955977559 - 0.0009566281641308946 - -0.00011345748820762418 - 8.763196906942837e-05
B2: -0.00027774740675639534 - 0.0007077399246390923 - 0.0011342870464434167 - -0.0002613731173825308
