Number: 33
Error: 0.001101853356512649
A1: [-0.07850968826454569, -0.08604021219271794, -0.05581164247156452, -0.05741312948474266] - [0.10892940778104354, 0.24005807964492165, -0.11033285479026433, -0.09380057498128991] - [-0.2241215908477949, 0.29103838595118203, -0.19055793100600718, -0.3987374749654136] - [0.006072442352337041, -0.006459750618502801, 0.004017607635440167, 0.029507680813231647]
A2: [0.4492354416552801, 0.11701615128153257, 0.28624881778800954, 0.2784994964976287] - [0.16701035719929833, 0.3348875725309195, 0.0060891459275781035, -0.0028728605968274625] - [0.21341785150262366, 0.88086808206937, 0.054367666300375275, 0.034769207894326665] - [0.5382598860934112, 0.5383087172359433, 0.5370128529255502, 0.529475372675734]
B1: 0.05631472019464781 - 0.4423526044876877 - -0.03998164697500053 - -0.04177146584829025
B2: 0.04055513065994073 - 0.5017778452475177 - -0.02747130669598778 - -0.031145427729744823
