Number: 1229
Error: 1.3405912785566745e-07
A1: [-0.0072888897573066295, -0.01509372977436865, 0.002893922819926513, 0.0193495484873022] - [0.06648595687335374, 0.18955694172971063, -0.1470876772336353, -0.11024126766527] - [-0.11310647088163484, 0.441276480802508, -0.07132565586793829, -0.25866502737386954] - [-0.023195480576028365, 0.01551747947277099, -0.02975115797411081, 0.039091841633369956]
A2: [0.13285852628976044, -0.22337529904619108, 0.023917098563394888, 0.07140457410037016] - [0.033240449374051545, 0.20433424685093857, -0.11429674134894871, -0.12087683293695076] - [-0.0918159066061025, 0.5583062298451568, -0.2324460142375644, -0.22287612232146262] - [-0.018650932884120033, -0.01713072251422362, 0.010276988466061884, 0.034276300631463724]
B1: -0.00011883328639313319 - 0.0007305718399302228 - -0.0002896753300183787 - -0.000518668097871885
B2: 0.00024435149376330484 - 0.0003047195873312085 - 0.00021467998652065942 - -2.377088349189444e-05
