Number: 4186
Error: 1.0115287125344552e-15
A1: [0.06621318562743943, -0.11395207585188381, -0.0239839463375389, 0.07172287208869184] - [0.037402617237582876, 0.1881933743174532, -0.14740894175617061, -0.07818700515438014] - [-0.060229395182130795, 0.3289507772132053, -0.12775313302900615, -0.1409683454291641] - [0.03904612818349597, -0.05332271544743792, -0.037418620339932936, 0.051695090713956365]
A2: [-0.009108404110152268, -0.34680300334716596, 0.249455263391798, 0.10645685988297042] - [0.08003983321324577, 0.03628226499505521, -0.05025010412134797, -0.06607195128741629] - [-0.042452863932570924, 0.23083184200304996, -0.04053129320579295, -0.1478478881600756] - [0.06813483141715775, -0.2934677942570028, 0.14177129773235805, 0.08356191947133491]
B1: 5.859596144940487e-11 - -5.0923358348619386e-09 - -3.129937674060822e-08 - 8.092232161619543e-09
B2: 2.82864184697184e-10 - 7.487598844272677e-09 - 1.9240376599476687e-09 - -1.2785208060186293e-08
