Number: 2435
Error: 3.4408806628588324e-06
A1: [0.07197335469345524, -0.039441246652653514, -0.014844262498799277, 0.01640525149900212] - [0.04410437852939862, 0.19163984680523682, -0.14222667941829029, -0.0920894656472406] - [-0.11819160761630748, 0.4202239616042494, -0.09988216718876602, -0.18204783668809554] - [0.040310373781517146, 0.022679719510215603, -0.029742050828388437, -0.019740114763732643]
A2: [0.06841293415722251, -0.16876466494526157, 0.09151224787732827, 0.02903548510047977] - [0.022765522476784858, 0.1938633713140081, -0.10824948398824084, -0.1343046485535772] - [-0.0947384507964995, 0.5127564919045702, -0.22622424301863034, -0.19600632902454618] - [-0.025485643452619264, 0.019169016102055427, -0.04934765127679792, 0.05767258972308115]
B1: -0.0026089194052207813 - -0.004746018392935833 - -0.0004148855964882218 - -0.003792048044542588
B2: -0.0019011634443453639 - -0.003470650876704259 - -0.000550794048681558 - -0.0004901603692613831
