Number: 1121
Error: 1.4000495476038072e-06
A1: [-0.012011566923137106, -0.019845922490463977, -0.0019303912105076578, 0.01440701536180671] - [0.06169719154574634, 0.18491716169281486, -0.1520621110463497, -0.11553048163301761] - [-0.1194918311285936, 0.435093326454896, -0.07789421164799644, -0.2656622293307413] - [-0.02699687598221237, 0.011696265575317593, -0.033444120952705214, 0.03500406679251669]
A2: [0.1270227005481867, -0.22908258773508575, 0.018228838574943257, 0.06562738918636453] - [0.017678208855563413, 0.18905536343370002, -0.12979119321024854, -0.13611084973837104] - [-0.09690377799137664, 0.5534338003052572, -0.2374239532343789, -0.22796575338137565] - [-0.030931609286166298, -0.02932997383802041, -0.0018143102578112168, 0.0223063599612286]
B1: -0.0012410452733510459 - 0.0024824533209715617 - -0.002935173121338518 - 0.00021614025357102139
B2: -0.0008460064090934254 - 0.00037694696405220825 - 0.0005419061746015561 - -0.0017102802005346544
