Number: 4674
Error: 1.0045837895305344e-15
A1: [0.06621317185668443, -0.1139520893149195, -0.02398396009751251, 0.07172285834101214] - [0.03740256390988388, 0.18819332336645272, -0.14740899418139258, -0.07818705758425329] - [-0.06022946819629083, 0.32895070708702046, -0.12775320447643332, -0.14096841649212832] - [0.03904623393048205, -0.05332261507630462, -0.03741851803320826, 0.051695192189964684]
A2: [-0.009108481336152418, -0.3468030852720062, 0.2494551855407596, 0.10645677891552044] - [0.08003979367946008, 0.03628222240588307, -0.050250147329454875, -0.0660719948624313] - [-0.04245276148207977, 0.23083195507370485, -0.04053118341573308, -0.14784777485372472] - [0.06813479919192653, -0.2934678297384609, 0.1417712627967965, 0.08356188334082654]
B1: -2.8585281293016497e-08 - 1.2190740075255677e-08 - -2.039394746532547e-08 - -3.1216898944685624e-08
B2: 2.246176262723372e-09 - 5.883850786241676e-09 - -4.6216106754089354e-08 - 2.4871525412213282e-09
