Number: 4566
Error: 7.508279841193364e-16
A1: [0.06621306063023705, -0.11395219805584585, -0.023984071236670897, 0.07172274730123207] - [0.03740245706031655, 0.18819322127892127, -0.14740909922271284, -0.07818716263487226] - [-0.060229542837130556, 0.32895063539866226, -0.12775327751553045, -0.1409684891383787] - [0.03904618896313508, -0.053322657757636324, -0.037418561537630145, 0.0516951490387853]
A2: [-0.00910856586190976, -0.3468031749404966, 0.24945510033122406, 0.10645669029502117] - [0.08003983372437266, 0.03628226554571101, -0.050250103562674536, -0.06607195072400769] - [-0.042452767951178055, 0.23083194793404016, -0.04053119034824674, -0.14784778200825036] - [0.06813476053513647, -0.29346787230120547, 0.1417712208892124, 0.08356183999951343]
B1: -1.4720510690739628e-08 - -4.514394837401109e-08 - -1.4088586424083412e-08 - -3.917306583071368e-08
B2: -4.579310484209174e-08 - -7.483497621191209e-08 - 5.92372858325148e-08 - -3.03370341424006e-08
