Number: 2321
Error: 1.303107660923542e-05
A1: [0.0433989058931958, -0.0714251356352319, -0.05063056874798533, -0.015294831928667912] - [0.016740589742118065, 0.16563561450123448, -0.16972181600944466, -0.12054848611377329] - [-0.138428944402046, 0.401336340971266, -0.11981592386830227, -0.20076322612563083] - [0.0273197505263778, 0.011332898377635615, -0.040681585064598555, -0.031131801286720776]
A2: [0.08455006738271831, -0.15019804090399402, 0.11012423082282224, 0.04626761519558693] - [0.024448385496406974, 0.19504409627194694, -0.10671059631319255, -0.13284132857216507] - [-0.06559353997080677, 0.5377714511490853, -0.19890770686337877, -0.17002211001396972] - [-0.03795117994205414, 0.0051260762788827244, -0.062105449644224736, 0.04543339442977075]
B1: 0.009482507791126478 - 0.004986892298249803 - -0.017008893457225886 - -0.005618965925525919
B2: -0.01694496446395932 - 0.027267383068283173 - -0.012023417679969506 - -0.009404920329061602
