Number: 9417
Error: 6.504370013813692e-12
A1: [0.05318058162852395, -0.1479932365203516, -0.026991024701078024, 0.12183585737617164] - [0.005318079815599561, 0.13084105904655877, -0.1135963842648834, -0.022545396881858307] - [-0.014434078992388754, 0.22310202191042236, -0.1270307904110637, -0.08159553196866345] - [0.02715121580107706, -0.10001528174997283, -0.04941974221449491, 0.12230288896907719]
A2: [0.08925053677680028, -0.07291728568981046, -0.12363125695985061, 0.10728241049973071] - [0.10884157963213026, 0.2498140318995324, -0.4048454356878959, 0.04618932828879655] - [0.03663166363055906, 0.4625508731665785, -0.3777216143309585, -0.12147758026333418] - [0.1434203481090814, -0.04461268606668081, -0.20150547682856862, 0.10267368659454382]
B1: 9.469484354264245e-06 - -2.863783735430687e-06 - 2.1207613194048293e-06 - -3.864868511701319e-06
B2: 2.71749085101448e-06 - 1.722408852382594e-06 - 3.4947466789097577e-06 - 2.4038485427997824e-06
