Number: 2307
Error: 2.6748274316260982e-05
A1: [0.06573978609986006, -0.044394609520929246, -0.025142763717094094, 0.011970858340026824] - [-0.0011432873769535662, 0.14780289967869675, -0.1898886074279581, -0.14070252613653916] - [-0.1089345332258164, 0.43591648081163153, -0.08588742417328829, -0.16638080579261688] - [0.05419665917815615, 0.042807173940589104, -0.008819340815075268, -0.0005177172650345646]
A2: [0.1364481230146843, -0.1040285134334677, 0.16236423112577789, 0.09671913111365713] - [0.06302343981581562, 0.23208433469281112, -0.06835082885092093, -0.09550843769392435] - [-0.09933702617511417, 0.5047309142380734, -0.2333070694171313, -0.205183553898386] - [0.03425198726857275, 0.07771987533593608, 0.010983247085866107, 0.11657092989035575]
B1: 0.001582268327368521 - 0.019393052808263162 - 0.03006962100209349 - -0.008393044616670549
B2: 0.02365584553394742 - 0.006046401801813955 - 0.009122862660967875 - 0.0033312642096392335
