Number: 2441
Error: 6.0752493040734445e-06
A1: [0.05983667701941516, -0.05154382626951052, -0.026881622046225875, 0.004369380854423661] - [0.04819948686133437, 0.19562254060772116, -0.13797816504109656, -0.08757804550438862] - [-0.11249464270627679, 0.425893274327567, -0.09403396561089623, -0.17629376062575144] - [0.03810336351093376, 0.02039056424290554, -0.03200212037286668, -0.02198974537937787]
A2: [0.06605661097509045, -0.17113590850575966, 0.08909832438857451, 0.02664150031627081] - [0.024553244629809377, 0.19561921205225344, -0.10645111560081288, -0.13253797560364] - [-0.08697687317854451, 0.5202778980309976, -0.2186772761627223, -0.18858905339954726] - [-0.019976361573244165, 0.02463271386031782, -0.043917953394550395, 0.0630217283900831]
B1: -0.0010505120835580502 - -0.002729586510047216 - -0.002267216887652364 - -0.0033941947990328144
B2: 0.0029511426868687515 - -0.0007710971173074275 - -0.004203302139431366 - -0.002605624776736863
