Number: 7883
Error: 1.1129635449487122e-15
A1: [0.08043164752248837, -0.1804678479084452, -0.019588894090996234, 0.11962493458031759] - [0.03741562832895182, 0.13359643447356304, -0.13472613795940916, -0.03628577678898817] - [-0.0017028269752753103, 0.22819010854445007, -0.12282839059602804, -0.10365891818481905] - [0.03886319332874103, -0.11448105953747073, -0.04641648246996993, 0.12203418687809554]
A2: [0.03530726943852827, -0.029273649899915922, -0.07569751502970301, 0.06966322602955494] - [0.10289365182869405, 0.2828966015842826, -0.39260649185011537, 0.006815892501939057] - [-0.011187010904316544, 0.5390146803051404, -0.3594509311703302, -0.1683763706915859] - [0.09786276877886797, 0.017463285727209926, -0.16885103967129392, 0.0535248462328419]
B1: -3.7860806068611795e-08 - -1.648373522191217e-08 - 4.990250944360048e-08 - 4.545688242725834e-09
B2: -2.8359522273122578e-08 - 5.391191356533742e-08 - -1.1782143125406383e-08 - -1.9949908866439055e-08
