Number: 2178
Error: 0.00038206985475232964
A1: [-0.028230897927352245, -0.12266698356432343, -0.08543463934207518, -0.03701257656019446] - [0.04571649039760492, 0.1754353229248025, -0.1675631413365026, -0.1153528634488159] - [-0.11121914547734534, 0.41372799260224985, -0.10041598418098154, -0.21123605682310065] - [0.0277047975050135, 0.056128055995391155, 0.01844563187432924, 0.007842044768688959]
A2: [0.17711161140712411, -0.12113465370633916, 0.17944437540326139, 0.14423086815652647] - [0.03137075913140765, 0.19829541378752769, -0.1015196975696185, -0.13069707746068635] - [-0.09043517831599593, 0.5435227856248829, -0.20745412474092567, -0.1931165587142918] - [0.048241386734964885, 0.13889703473052245, 0.0762271859908969, 0.15407543141724456]
B1: 0.008224393160459295 - 0.020076267091335902 - -0.009355060571250089 - -0.03618614510921657
B2: -0.03179290942506985 - -0.013647056177482728 - -0.0352734764931432 - 0.023541827191444955
