Number: 8142
Error: 8.713748168052768e-16
A1: [0.08043168411804467, -0.1804678113170518, -0.01958885753924579, 0.11962497117166805] - [0.037415592764064, 0.13359639893564437, -0.1347261734533144, -0.03628581233410965] - [-0.0017028097578180097, 0.22819012576153702, -0.1228283734037897, -0.10365890097196159] - [0.03886322852835564, -0.11448102443663861, -0.04641644729279872, 0.12203422205582731]
A2: [0.035307521951410716, -0.029273396688603216, -0.07569727494330133, 0.06966349031130349] - [0.10289375077283973, 0.2828967013681516, -0.3926063961525661, 0.006815996110814433] - [-0.011187192878022657, 0.5390144972460228, -0.3594511034126894, -0.1683765624433364] - [0.09786271795016233, 0.01746323466727497, -0.16885108805703034, 0.053524792879341594]
B1: 3.5835813464908665e-08 - -4.9666559661063044e-09 - -1.26597072310594e-08 - 1.6236703722941307e-08
B2: 6.2984489930681954e-09 - 1.4101664939672142e-08 - 3.231567768818007e-09 - 9.17986708007119e-09
