Number: 1554
Error: 4.306822736530565e-09
A1: [-0.006627737226118836, -0.014429072048947137, 0.0035786138955010544, 0.0200293276380241] - [0.06694648368632554, 0.18999955671975563, -0.14661138707566854, -0.10972913371278742] - [-0.11249943610900812, 0.4418691802898399, -0.07070026589697312, -0.25800671398784353] - [-0.02327490177731189, 0.015436764274385218, -0.029838329667075458, 0.039011409596413714]
A2: [0.131677716403064, -0.22453879735701987, 0.022756550869765566, 0.07025042894188818] - [0.032796283572367455, 0.20389673916745968, -0.11473881389771505, -0.121310780286208] - [-0.094598229867331, 0.5555633519640683, -0.2351786203588657, -0.22561151240480767] - [-0.020885525274967585, -0.019333412819997297, 0.008059776442717543, 0.032125785315425696]
B1: -5.90101424715112e-05 - -7.682131205144278e-05 - 4.6237817759545834e-05 - -3.964434850031354e-05
B2: -0.00011565920628420372 - 3.8153358791824984e-05 - 6.772618193390115e-05 - -1.713114510961723e-05
