Number: 3279
Error: 2.464575934274607e-05
A1: [0.08613404714474494, -0.09474002017687745, -0.006136175543766512, 0.0900424623855994] - [-0.013426874287276905, 0.13664062337934973, -0.1963898928515484, -0.12741184517758475] - [-0.05071111009395031, 0.33910091914405904, -0.11699327042000293, -0.13045147701207083] - [0.07084554383819039, -0.021428703480689534, -0.0071115165961717405, 0.08203716503304972]
A2: [0.03850250971580433, -0.30116656182332147, 0.2975168621644356, 0.15566298182937008] - [0.07856453115697945, 0.03690976083077728, -0.05302463401534267, -0.06906819857181803] - [0.027051054763422164, 0.2993153630850581, 0.028329284450667028, -0.07506070283421423] - [0.12067271654038497, -0.24225736690849892, 0.19373163136877442, 0.13885817609964463]
B1: 0.023580675889174552 - -0.006395214830908569 - -0.01124196255217787 - -0.011942288787182693
B2: -0.0051948166630703275 - -0.001433791400832692 - 0.008106119826893281 - 0.0030643495926884227
