Number: 9416
Error: 1.365152943144828e-11
A1: [0.053180989371714296, -0.1479928286208751, -0.026990617403900758, 0.12183626532126605] - [0.0053200525899131205, 0.13084303390866842, -0.11359441177749288, -0.02254342130394192] - [-0.014435466250637909, 0.22310063412666628, -0.1270321765821286, -0.08159691974145879] - [0.027153904129575385, -0.10001259337696942, -0.04941704818489079, 0.12230558418410072]
A2: [0.08926948202584446, -0.07289838426977831, -0.12361273856606325, 0.10730158936119721] - [0.10883516672754011, 0.24980761786415226, -0.4048517215738761, 0.04618280747194641] - [0.036633598866939246, 0.46255279833117624, -0.37771972622183114, -0.12147562495436434] - [0.14340932515593305, -0.04462366795300174, -0.20151623979271102, 0.10266250009367953]
B1: 1.0451079895626318e-05 - -2.1563611947897755e-06 - 1.6214162463354175e-06 - -5.655448718116602e-06
B2: -6.921358418449908e-08 - -9.195686775346771e-07 - 8.326483232695542e-07 - -8.303509135057912e-07
