Number: 6312
Error: 6.847111465855034e-16
A1: [0.08043165786469635, -0.18046783756739534, -0.01958888376115645, 0.11962494492134508] - [0.037415562561965945, 0.13359636875637093, -0.13472620359535575, -0.036285842519535975] - [-0.0017028297835164742, 0.2281901057362774, -0.12282839340016416, -0.10365892099231483] - [0.03886321643234963, -0.11448103649868412, -0.04641645938108303, 0.12203420996735008]
A2: [0.035307391910184366, -0.029273527089552956, -0.07569739858497931, 0.0696633542091865] - [0.10289380232054128, 0.28289675335333936, -0.39260634629634134, 0.006816050088823051] - [-0.011187144857124694, 0.5390145455533845, -0.3594510579596856, -0.16837651184222543] - [0.09786283393471286, 0.017463351179419093, -0.16885097764712662, 0.053524914625242025]
B1: 2.4616659866531565e-08 - 1.22506050079449e-08 - 4.8062004381753e-08 - 1.1368495774394069e-08
B2: 1.503713472178326e-08 - 1.650043523173117e-08 - 3.111245098929235e-08 - 2.293739693533287e-08
