Number: 5316
Error: 1.241259342174566e-15
A1: [0.0662131945101689, -0.11395206716763139, -0.02398393746179228, 0.07172288095648036] - [0.03740263550003808, 0.18819339176610297, -0.14740892380269893, -0.07818698719934451] - [-0.06022937612080184, 0.32895079552017914, -0.127753114376906, -0.14096832687711566] - [0.039046070513867284, -0.05332277018521122, -0.03741867613331476, 0.051695035373504145]
A2: [-0.009108625064432597, -0.3468032377448145, 0.24945504064940774, 0.10645662822469043] - [0.08003992561063533, 0.03628236453344077, -0.05025000313624054, -0.0660718494449535] - [-0.042452786674846435, 0.23083192726935253, -0.04053121041333697, -0.14784780271601491] - [0.06813484283541187, -0.2934677816853551, 0.14177131011024743, 0.08356193227296205]
B1: -9.279650042717381e-08 - -2.7693785738415564e-08 - 2.6474851702903706e-08 - 1.7800455156680343e-08
B2: -2.861081310701771e-09 - 1.8425374409991675e-09 - 1.643465587421581e-08 - -3.7023887688103125e-08
