Number: 2370
Error: 3.757897941606758e-06
A1: [0.0597527040401499, -0.052500792797062816, -0.02831284049911726, 0.003836318569659247] - [0.043653235388708286, 0.1911964170021968, -0.142930418419813, -0.09248440259672445] - [-0.1207429450343433, 0.41817475459529574, -0.10151136777971005, -0.18424161521161952] - [0.03843346335092873, 0.020976791843572935, -0.031103554986168645, -0.02160044498452008]
A2: [0.07490458364008865, -0.16194264166991687, 0.09795243374467755, 0.03510450418760151] - [0.025267938306860114, 0.19630496973571016, -0.10575235649370919, -0.13184285366612097] - [-0.10058675321997901, 0.5073081807382346, -0.23217204959093113, -0.20138596572595757] - [-0.02452884535918431, 0.020230330171139895, -0.04833876770651743, 0.058554765768701555]
B1: -0.00105800044816699 - 0.0003497220294679253 - 0.002681574006180875 - -0.0027268282671087736
B2: -0.0001929113273775947 - -0.001496216803776112 - -0.0023707965823345153 - -0.0018772223069558388
