Number: 4086
Error: 1.0419994531898366e-15
A1: [0.06621316919802382, -0.113952091914155, -0.023983962754060333, 0.0717228556868495] - [0.037402631681850304, 0.1881933881179683, -0.14740892755635154, -0.07818699095330216] - [-0.0602293533634622, 0.3289508173777191, -0.1277530921077321, -0.14096830472798996] - [0.03904615346472811, -0.05332269145145554, -0.03741859588119698, 0.051695114974098566]
A2: [-0.009108538607596, -0.3468031460279295, 0.24945512780613177, 0.10645671886974252] - [0.08003983263346165, 0.03628226437046115, -0.05025010475501891, -0.06607195192646925] - [-0.042452832987262074, 0.23083187615620804, -0.04053126004359221, -0.1478478539357493] - [0.06813480805957123, -0.29346781997471894, 0.14177127241049262, 0.0835618932831754]
B1: -3.814071688959621e-10 - -1.217899655860998e-09 - -9.440647927765677e-09 - 9.30033509765532e-09
B2: -7.306367498719447e-09 - 1.3351652938124443e-08 - -5.021270276117959e-09 - -8.553984107009535e-09
