Number: 1776
Error: 2.20812398602171e-07
A1: [-0.008351502507663382, -0.016180101309122803, 0.0017994572078458935, 0.018239427466063624] - [0.06684304028700962, 0.18990687939660683, -0.1467238889128981, -0.10984225891983439] - [-0.11439501498083683, 0.4400119901389307, -0.07272679035946415, -0.26004683556778097] - [-0.025935378945268404, 0.012837278089919446, -0.032605967501296754, 0.036211468286791525]
A2: [0.13334617115833705, -0.22289140753712855, 0.024416656945936577, 0.07190238963569466] - [0.03415047746587812, 0.2052330210128633, -0.11339061399540021, -0.11998278671497027] - [-0.09424284313453807, 0.5559415001126147, -0.23476087174104726, -0.22518520329240174] - [-0.018617291576314032, -0.017104055991857377, 0.01030669858659199, 0.034305337923809166]
B1: -0.00048509055652065387 - 0.0016000928308234322 - 0.00025812371059700905 - -0.0006087917550269633
B2: -9.20556206672445e-05 - -0.0010464090699437215 - -5.067288664188782e-07 - 0.00016280471584695803
