Number: 2392
Error: 6.674778001153154e-06
A1: [0.07377194327803341, -0.03862992672249677, -0.014376003796702383, 0.017698974750883566] - [0.04462902146580616, 0.19194955992863347, -0.14198227488214207, -0.09137496265087114] - [-0.11617037732251183, 0.422815493568433, -0.0970545622827034, -0.17971709726239626] - [0.045914716327020724, 0.028766325883608983, -0.02357548174654135, -0.013991342030734228]
A2: [0.07443133207290092, -0.1628153844406693, 0.09772181537432577, 0.03499046635356241] - [0.03436093176108204, 0.20533367318118081, -0.0967015229054949, -0.12297835849769861] - [-0.10584013486964577, 0.5022817996689097, -0.2373114579604847, -0.20649951804847036] - [-0.019530633397036326, 0.02481070503261459, -0.04328336267681212, 0.06333064552757875]
B1: -0.006285477197844875 - 0.005237704517330156 - 0.004233787935318216 - -0.004497355902806387
B2: -0.0021950859858324502 - -0.00022107580670972186 - 8.214694096082996e-05 - 8.244615409094542e-05
