Number: 349
Error: 1.9434012966723497e-10
A1: [-0.012172989153842911, -0.014537294880249832, 0.018065630335380715, 0.008562176095471538] - [0.06586036236023834, 0.18951943182723663, -0.14529659284698523, -0.10998058470135347] - [-0.09625930893692755, 0.4218187291089525, -0.05342068934287593, -0.27199640393632957] - [-0.001336511958751812, -0.018233679583917736, -0.0038510835841269334, 0.023359383474766918]
A2: [0.1616061756846714, -0.167735693085122, 0.008520392590425025, -0.002314110604934267] - [0.035484995209269794, 0.20751600168050902, -0.11721115418819841, -0.12579274435997978] - [-0.08619068664273469, 0.5815605083661622, -0.23536648838531735, -0.25991328739072295] - [-0.00382862261562626, -0.004513040984881288, 0.0011165567056567619, 0.007249478622946411]
B1: 3.1142880815926125e-07 - -3.483416927843049e-05 - 1.4056117421861424e-06 - 1.5821430011595166e-05
B2: 0.00010356554191383629 - -6.509716493614528e-06 - -6.358224444548649e-05 - -4.753950895481575e-05
