Number: 3455
Error: 7.672486133777174e-09
A1: [0.06593721903391547, -0.1142219587642893, -0.02425980623626836, 0.07144732871915586] - [0.03703183530301519, 0.18783912270984576, -0.1477733449196374, -0.07855150820827363] - [-0.06033291060393908, 0.32885134727590376, -0.12785438671789445, -0.14106922770542246] - [0.03844730899059651, -0.0538909280532322, -0.03799767617437003, 0.051120548924709484]
A2: [-0.009311942359119666, -0.3470188143705375, 0.2492501294862083, 0.10624375344956263] - [0.07988940250680628, 0.036120204971868866, -0.050414566871737315, -0.06623772251150012] - [-0.04227264297507324, 0.23103052693470102, -0.04033824545452499, -0.14764869230361358] - [0.06811782037022929, -0.2934865592792899, 0.1417530177257548, 0.08354295475657166]
B1: -4.7145636835870195e-05 - -8.928559549382852e-05 - -3.9027258434871855e-05 - 1.4561837825974505e-05
B2: -0.0002676922860393787 - 0.0001685937370813015 - -6.232344071431363e-05 - -0.00017266314816692034
