Number: 2786
Error: 3.465338151118542e-09
A1: [0.06308541864367012, -0.04822014696228478, -0.023789774954468764, 0.007508512350774782] - [0.04365834583283073, 0.19126737186593906, -0.14256802666954885, -0.09251598608615923] - [-0.1235212159877868, 0.41478583813906345, -0.10493475378038496, -0.18714791737898] - [0.03660186649230104, 0.018765511929759768, -0.03353300901232458, -0.023450191053801823]
A2: [0.06301292805770839, -0.17411213134162745, 0.08589776621958513, 0.02353570816058905] - [0.029347474441039526, 0.20035538184114413, -0.10165284820648722, -0.1278167303915805] - [-0.0931515824052102, 0.5139355162194392, -0.22534727453703216, -0.19484800662344426] - [-0.02513199306531505, 0.01931186709894324, -0.049492141742233875, 0.057751032341098484]
B1: -3.6847163536864546e-05 - 2.6344297050033595e-05 - 6.72469649445681e-05 - -8.69883860340071e-05
B2: -6.334810699363635e-06 - -9.701880874793173e-05 - -8.601028966259431e-05 - 6.649959150688679e-06
