Number: 6134
Error: 1.0470628154802431e-15
A1: [0.08043158576854267, -0.18046790965539, -0.019588955771104737, 0.11962487283342345] - [0.03741550968882319, 0.13359631592323784, -0.13472625636314914, -0.03628589536339219] - [-0.001702866794382138, 0.22819006872621064, -0.12282843035683977, -0.10365895799330385] - [0.03886302545660327, -0.11448122693847705, -0.04641665023513688, 0.12203401911029511]
A2: [0.03530745504421319, -0.029273463780901125, -0.07569733855798516, 0.06966342028583665] - [0.10289375714706861, 0.2828967077964704, -0.3926063899875289, 0.006816002785585203] - [-0.011187044009624727, 0.5390146470024061, -0.35945096250539693, -0.16837640557562739] - [0.09786279168512496, 0.01746330873764968, -0.16885101786597806, 0.05352487027690781]
B1: -3.72060654006002e-08 - 2.6909770774809217e-08 - -5.6987089055643247e-08 - -1.3419870034335545e-09
B2: 8.293411728808047e-08 - 8.797832909133649e-08 - -2.241226904910926e-07 - -1.1592793004012016e-08
