Number: 9400
Error: 7.087860890797556e-12
A1: [0.05317332511081041, -0.14800049541294732, -0.026998273045310286, 0.12182859772570102] - [0.005318671070579415, 0.13084165071966367, -0.11359579323609106, -0.022544804976977986] - [-0.014441624044413487, 0.22309447418174047, -0.12703832944341834, -0.08160307958298918] - [0.027148211253614718, -0.10001828600002283, -0.04942275292519332, 0.12229987713629716]
A2: [0.08923494180022132, -0.0729328449691047, -0.12364650050877334, 0.10726662319287739] - [0.10883844189354282, 0.2498108937417799, -0.40484851135995525, 0.04618613772963521] - [0.036623855793494316, 0.46254310591141634, -0.3777292320732935, -0.1214854690866832] - [0.14341345209696787, -0.044619556188549146, -0.20151221031494182, 0.10266668829841245]
B1: 1.5345297306454772e-06 - -3.993480609121461e-06 - 1.993607086131229e-06 - 2.6218685196563524e-06
B2: -3.765160491576109e-06 - -2.2769229090453507e-06 - 5.264287724833737e-07 - 3.10797375556007e-07
