Number: 6454
Error: 8.464404693057228e-16
A1: [0.08043169809290682, -0.18046779734374463, -0.019588843581048627, 0.11962498514495855] - [0.037415598732358495, 0.13359640489938354, -0.13472616749703495, -0.03628580636918282] - [-0.0017028112631236937, 0.22819012425627316, -0.12282837490688688, -0.10365890247686665] - [0.03886322986213669, -0.11448102310658868, -0.04641644595985235, 0.1220342233887881]
A2: [0.03530745491654731, -0.02927346390891879, -0.07569733867936754, 0.06966342015221448] - [0.10289375887427514, 0.2828967095383371, -0.3926063883169919, 0.006816004594219273] - [-0.011187087195350155, 0.5390146035590897, -0.359451003381593, -0.16837645108195973] - [0.09786281637991694, 0.017463333544772225, -0.1688509943581493, 0.053524896198412796]
B1: 1.6096886110226596e-09 - 6.805074366473036e-09 - 5.872584704194555e-10 - 2.431491933312356e-09
B2: 7.358762241079493e-09 - 2.8226538393499255e-09 - 8.21298980912532e-09 - -3.413876488006177e-09
