Number: 1024
Error: 0.001553541382504396
A1: [0.04830715124186065, 0.038542207696295086, 0.06978106868147807, 0.07131759169333264] - [0.07720683603813558, 0.1997862219670146, -0.13528533271875753, -0.09805299034981314] - [-0.17789549235563454, 0.3443447500807636, -0.15760521344850867, -0.3613818253762159] - [-0.09618349026192723, -0.09626573419393022, -0.11758206339188726, -0.06922485565304798]
A2: [0.23352558216182331, -0.11448459795288071, 0.08387036046845438, 0.10004403004077501] - [0.06804573476086827, 0.2379801877233288, -0.08264800805759383, -0.08960433147984109] - [-0.12309047823164321, 0.5392085749095042, -0.26205650393117763, -0.28270743317065966] - [0.007856218079526309, 0.005460785571258973, 0.020285184610943884, 0.03393986266641191]
B1: 0.03473161661039943 - -0.0007935644962692133 - -0.01065338633330559 - 0.011138996063571101
B2: -0.07560526583505287 - -0.010454642915872628 - -0.04416450935104356 - 0.028525637491901658
