Number: 945
Error: 1.215800669746339e-07
A1: [-0.012179398153384301, -0.014544021839238233, 0.018058429681852353, 0.008555152865684599] - [0.06576128810288556, 0.18942410784560515, -0.14539901541811898, -0.11009089889135414] - [-0.09649304764781633, 0.42159259093688173, -0.05367452539323501, -0.2722690312151843] - [-0.0014842355363388945, -0.018375853881945816, -0.00400847811599578, 0.02318853898445724]
A2: [0.1619003204414938, -0.1674468961984133, 0.008808757772603582, -0.0020270613372983153] - [0.03555851096602227, 0.20758835591176505, -0.1171379004419134, -0.12572077501953774] - [-0.08619781823089856, 0.5815536745612695, -0.2353733046041479, -0.25992005043493394] - [-0.004014719418475666, -0.00469595452479542, 0.0009324017743695324, 0.007071458427224023]
B1: -0.00028733119380204233 - -0.0002156607842008972 - -0.0002131869080383166 - -2.9845589180348142e-05
B2: 0.00018667251950129618 - 0.00038850087910248337 - 3.533339813925168e-05 - 4.6590197092727934e-05
