Number: 9979
Error: 1.312831570390034e-15
A1: [0.053172502475221345, -0.14800131865830726, -0.02699909493315379, 0.12182777429410034] - [0.005313703711183498, 0.13083667814596342, -0.1136007598755675, -0.02254977950460342] - [-0.014444542958844156, 0.2230915544230176, -0.12704124592648305, -0.08160599940484672] - [0.027146379495208362, -0.10002011863877405, -0.049424589170256585, 0.12229803959829876]
A2: [0.08925438947475244, -0.07291344196929987, -0.12362749100825153, 0.10728631035847645] - [0.1088417706843015, 0.24981422300399703, -0.4048452484775691, 0.04618952267818357] - [0.036635934873123555, 0.46255512234592083, -0.377717447191816, -0.121473264537487] - [0.143426505470441, -0.04460655132089425, -0.20149946491289122, 0.10267993583639498]
B1: -5.3775271791432825e-08 - 2.648505852319747e-08 - 1.569108591946148e-08 - -1.773359502784733e-08
B2: 3.083321761873025e-09 - 3.914568886789942e-09 - 3.168734833081134e-09 - -2.634878978763868e-09
