Number: 6785
Error: 9.593186740367993e-16
A1: [0.08043163161829688, -0.1804678638108251, -0.019588909976175416, 0.11962491867794037] - [0.037415545468398266, 0.13359635167573813, -0.1347262206548663, -0.0362858596036386] - [-0.0017028631866740015, 0.22819007233382843, -0.12282842675441225, -0.1036589543865591] - [0.03886318654071558, -0.11448106630643119, -0.04641648925366988, 0.12203418009429108]
A2: [0.03530741040809358, -0.029273508540477704, -0.07569738099742727, 0.06966337356927868] - [0.10289370023567142, 0.28289665040206047, -0.392606445031479, 0.006815943191024754] - [-0.011187113498712625, 0.5390145770988346, -0.359451028278282, -0.16837647879874856] - [0.09786278088888896, 0.017463297892305833, -0.168851028143301, 0.053524858944375614]
B1: 9.259226529522513e-09 - -2.129302313325729e-09 - 1.2146336343905696e-08 - 9.670270213078622e-09
B2: -3.747893217128491e-09 - 1.1180642210288935e-09 - 3.210120616144367e-10 - 2.246909950265134e-09
