Number: 3295
Error: 2.4680869432342873e-05
A1: [0.09697213154635811, -0.0841583718621036, 0.005948169597763441, 0.10179153176854101] - [0.03753893177217547, 0.18750055780371977, -0.14694116575272803, -0.07770756859137866] - [-0.04479260898017747, 0.34424978114263655, -0.11234062643970605, -0.12568717501113705] - [0.06077775175950994, -0.03282207083167789, -0.0167123016013432, 0.0723203284066242]
A2: [-0.025019972785449672, -0.3647711982207793, 0.23376977782740366, 0.08948211532327813] - [0.10211332350087378, 0.060394402700077, -0.02642262409439516, -0.042082107791640094] - [-0.0358015220005979, 0.2355149185400516, -0.0347351169389941, -0.14172247029943216] - [0.07196582334842644, -0.2915679149975304, 0.1447910059241154, 0.08677245318209616]
B1: -0.00809009195058508 - -0.0005927461092587526 - 0.002699981782910619 - 0.00478884513579143
B2: 0.007230971741070629 - -0.01310439212073176 - 0.0011795765786125883 - 0.005955793144590013
