Number: 2680
Error: 6.31906635863845e-09
A1: [0.06371765457470764, -0.04759090650905429, -0.023163584342685905, 0.008136228082480454] - [0.04385376488151313, 0.1914559786004664, -0.14236676551066615, -0.09230106556991519] - [-0.12355575409381282, 0.4147521203520782, -0.1049660802965878, -0.18717878458103762] - [0.037594337259393894, 0.019760464204240893, -0.03254077692729573, -0.022463115351846485]
A2: [0.0637922136942529, -0.17333604474905964, 0.08667692927523094, 0.024307460943481903] - [0.02913745118315008, 0.20014837385555778, -0.10186223162240396, -0.12802225782830545] - [-0.09307169973056646, 0.5140145482909942, -0.22526830053528538, -0.1947695923462448] - [-0.025473845832045632, 0.0189725812392226, -0.04983685923234949, 0.05741965490745298]
B1: 5.019640347115333e-05 - 9.526000961865467e-05 - 2.064550747135112e-05 - 2.6384394974379172e-05
B2: 2.3794449907343852e-05 - -4.402856462309781e-06 - 0.00015559087491684082 - -0.0001130586645160273
