Number: 3200
Error: 0.01709914565992141
A1: [-0.028325366441528593, -0.1562268466559422, -0.12674405261406774, -0.09825811290818862] - [0.025140173654005386, 0.173758105321171, -0.1633165289154519, -0.11562052840495099] - [-0.35883420734916366, 0.1787118357927102, -0.3432804287903567, -0.42050259751513114] - [-0.3310451332576735, -0.3379520553043833, -0.3891750313429455, -0.3636760902082251]
A2: [0.029896036755448812, -0.17668528025453992, 0.08492447018045665, 0.0540598296120895] - [0.08483033681065594, 0.2600850524865685, -0.03811983758278272, -0.0606005919112404] - [-0.07968290904295186, 0.5358125112098223, -0.20271722371853595, -0.17067530571289] - [0.06053968474588883, 0.10210926089488438, 0.03695759631031516, 0.13003029241292946]
B1: -0.038540557484229715 - -0.13464542131526214 - -0.06325439348849221 - -0.08971570726115652
B2: 0.0492836794042585 - 0.10501884774662604 - 0.08943982923381454 - 0.10771524481418354
