Number: 155
Error: 3.393047373954768e-05
A1: [-0.010969605729082975, -0.013137321874741509, 0.020010443034360618, 0.010295667256339094] - [0.07778272439278736, 0.20094238322018088, -0.1331533492826341, -0.09689263163348118] - [-0.09862380653534344, 0.4199081068023267, -0.05567404227230784, -0.27436311902538396] - [-0.0036478879886925808, -0.020215319840588792, -0.005588611669298551, 0.021259508682844902]
A2: [0.17210308912744493, -0.15774536789087523, 0.018867373617259837, 0.007540639639429634] - [0.041942635753222844, 0.21376428525670854, -0.11101083425452904, -0.11974108102703943] - [-0.08634894393837494, 0.5814791012597781, -0.23554307714838793, -0.2604222425703747] - [0.010584064842802603, 0.009789294706009099, 0.015295728325571425, 0.020797879163676713]
B1: 6.521351527321082e-05 - 0.024470706303353143 - -0.0018204588461077356 - 0.003257210262171597
B2: -0.01316064523656514 - 0.05299648698266605 - -0.008600144562227414 - -0.007507691844458141
