Number: 3882
Error: 1.0096423053511697e-15
A1: [0.06621315643029393, -0.11395210439656402, -0.023983975511775977, 0.07172284294054304] - [0.03740256375894486, 0.18819332322224475, -0.14740899432978094, -0.07818705773263468] - [-0.060229393885723764, 0.32895077845833576, -0.12775313176042843, -0.14096834416742332] - [0.0390460858894609, -0.05332275559132473, -0.0374186612579891, 0.051695050128154375]
A2: [-0.009108646518197424, -0.34680326050425725, 0.2494550190224212, 0.10645660573132179] - [0.08003979800625703, 0.03628222706703577, -0.05025014260058599, -0.06607199009340074] - [-0.0424528426377722, 0.23083186550530815, -0.040531270385450416, -0.14784786460884822] - [0.06813481207131925, -0.2934678155575745, 0.1417712767596655, 0.08356189778111452]
B1: -1.139099374482932e-08 - -1.3187851177053265e-08 - -1.9606465866382673e-08 - -3.979607225527404e-09
B2: -7.039130789752349e-09 - -1.4830186921335692e-08 - -5.356549036843482e-08 - 3.704448682997781e-08
