Number: 2899
Error: 1.605776702008225e-08
A1: [0.06381538894177166, -0.04749273176909812, -0.02306583922409065, 0.008232762598996145] - [0.04367243440031187, 0.19128094455242198, -0.1425534421505066, -0.09250041567889306] - [-0.1233120087203467, 0.4149923598513328, -0.10472668327376601, -0.1869419674565498] - [0.03702607899875465, 0.01918828558599439, -0.033111713039575844, -0.02303179026787951]
A2: [0.06274018837461791, -0.17438409267377097, 0.08562193570885869, 0.023262083025225186] - [0.029510616378483488, 0.20051617879206746, -0.10149033293900384, -0.127657255012768] - [-0.09369937097460189, 0.5133980325207832, -0.22589601748179225, -0.19537842707678] - [-0.025720733179006323, 0.01872584208013896, -0.0500807783842637, 0.05717842207878063]
B1: 7.692920729892897e-05 - 8.002019743652916e-06 - 0.00015599056085708324 - -6.062543642410685e-05
B2: 0.00010892601021596906 - -0.00021700186647592912 - -4.911140177513501e-05 - -3.8986580848249025e-05
