Number: 2693
Error: 6.3745139869025824e-09
A1: [0.06377732166121906, -0.047531532918563095, -0.023104604351182414, 0.008195314432626197] - [0.04374678816460227, 0.19135269780115505, -0.1424769508947599, -0.09241874068517496] - [-0.1227939285372787, 0.4155117425706104, -0.10420111612016425, -0.18641663617399912] - [0.03672890061199038, 0.018893078883921305, -0.033405357949559775, -0.023323546738511666]
A2: [0.06357947975410139, -0.17354763896126063, 0.08646502288292518, 0.024096915288904334] - [0.02943013568264117, 0.2004366697263189, -0.10157057227383268, -0.127735837992844] - [-0.0932001179687016, 0.5138885353299891, -0.22539682107384992, -0.19489412098280162] - [-0.025593540277415238, 0.018853539829625822, -0.04995639776050583, 0.05730287945244319]
B1: 2.5991581295772208e-05 - 5.8847486251406545e-05 - -6.482756139019813e-05 - -8.76181931184962e-05
B2: 3.2025705044560175e-05 - 1.854158033899516e-05 - -0.00022533438702870942 - 4.355720905942632e-05
