Number: 3431
Error: 3.346399919106533e-08
A1: [0.06646160332932458, -0.11371009192796133, -0.02373666210226391, 0.07197043911397445] - [0.03786769213824049, 0.18863766468712073, -0.14695160637309804, -0.07772952428157522] - [-0.059681197968377765, 0.3294766586705512, -0.12721743056642068, -0.14043646923664976] - [0.040131836904310644, -0.05229094729155726, -0.03636778433662715, 0.05273660059971482]
A2: [-0.008478063801090922, -0.3461335768681596, 0.2500908922649089, 0.1071199030161417] - [0.08036593937677981, 0.036633504825513766, -0.04989424724084275, -0.06571304949434671] - [-0.0412666270511541, 0.2321406327226635, -0.039260644584058875, -0.1465359900080477] - [0.06903752910473919, -0.29247385344599663, 0.14275119474312106, 0.08457569369979585]
B1: -0.0003253276647595143 - 0.0002891331587063341 - -0.0001066461595263273 - -0.00015535547796657325
B2: -0.00011369537400030268 - -7.334284816420624e-05 - -8.087942442137696e-06 - 0.00023379490568070595
