Number: 3498
Error: 3.344336116916017e-10
A1: [0.06620537142619111, -0.11395971708103407, -0.02399175930244566, 0.07171507223770136] - [0.037421074344005115, 0.18821100718723496, -0.1473907920883943, -0.07816886003067304] - [-0.060194728399649754, 0.3289840778470875, -0.1277192060298947, -0.1409346089314227] - [0.039052906879078995, -0.0533162863268826, -0.037412059122148206, 0.05170159806053599]
A2: [-0.009070616615788037, -0.34676291673092247, 0.24949336525868337, 0.10649648240086111] - [0.08000624060790897, 0.03624607570257009, -0.0502868216552988, -0.06610897639588481] - [-0.04246865735356798, 0.23081440045098844, -0.04054821976537152, -0.14786536229103592] - [0.06817616789761749, -0.2934222793781331, 0.14181612201093902, 0.08360826908996635]
B1: -2.672896066209141e-05 - -8.041211902002633e-06 - 2.3355137745857054e-05 - -4.00317712026853e-05
B2: 1.5780489040008743e-05 - -1.6882545812529253e-05 - 9.823037865955051e-07 - 4.221889895008893e-06
