Number: 3571
Error: 1.9392757567181418e-11
A1: [0.06620607948106376, -0.11395902332809535, -0.023991047153681506, 0.07171577785893375] - [0.0373990538274703, 0.1881899696698584, -0.1474124449466914, -0.07819050841300329] - [-0.060230155145026505, 0.32895004735611605, -0.12775387625039133, -0.14096908538217987] - [0.0390571069685764, -0.05331229473540183, -0.03740799879597244, 0.05170562597020415]
A2: [-0.009109188766995445, -0.3468038356728742, 0.24945447244664168, 0.10645603715773978] - [0.08004864099221043, 0.03629175358551416, -0.05024047772022153, -0.06606224318077777] - [-0.04242608376083798, 0.23086139833649863, -0.04050259486594321, -0.14781827000971515] - [0.06812866997930624, -0.2934745784068241, 0.14176461847478647, 0.08355501124703692]
B1: -3.982050497957972e-07 - 1.0069392737100824e-06 - 1.0482049680526429e-05 - -1.3774036863558403e-05
B2: 2.7093183407126474e-06 - -1.2957100168113543e-06 - -7.98517895455487e-06 - -4.636343270537788e-07
