Number: 6657
Error: 1.0151698516098055e-15
A1: [0.08043167442900605, -0.18046782100496545, -0.019588867216654194, 0.11962496148376049] - [0.037415597188827296, 0.13359640335702136, -0.13472616903749057, -0.03628580791185922] - [-0.001702888669001085, 0.22819004685204505, -0.12282845219942988, -0.10365897986208582] - [0.03886325503229922, -0.11448099800706213, -0.04641642080572851, 0.12203424854330681]
A2: [0.035307424569444995, -0.029273494339957348, -0.07569736753299576, 0.0696633883906706] - [0.10289375832020027, 0.2828967089795596, -0.3926063888528845, 0.006816004014019775] - [-0.011187170686750453, 0.5390145195696957, -0.359451082407994, -0.16837653905979186] - [0.09786277083567264, 0.017463287793361707, -0.16885103771330953, 0.0535248483917691]
B1: 2.161268557927682e-09 - 1.2022392855659193e-08 - -1.7924818084844205e-08 - -5.196443973124926e-09
B2: -1.1134780594306322e-09 - 1.4450202537760284e-08 - -4.300382531588646e-08 - 2.1128941807120822e-08
