Number: 2151
Error: 0.00046383540445040297
A1: [0.04254567216427259, -0.038930129962780134, 0.022875241713115196, 0.034330973528828086] - [0.03638129485563082, 0.16397432843014012, -0.18591490970752858, -0.12892885217164105] - [-0.0612005701539495, 0.4728200716440389, -0.0066365985024082075, -0.16380318904963706] - [-0.06895219251238574, -0.057685447065609775, -0.10390929623923527, -0.08392192909426255]
A2: [0.08244893978865629, -0.22498696235226212, 0.06545535958193704, 0.030961794436565895] - [0.05818905039335142, 0.22633293951573796, -0.06874501861186284, -0.10546751913526282] - [-0.2150098707233083, 0.4522415548127088, -0.3337680858552149, -0.29228111219441183] - [0.09374188370613168, 0.16058512810067577, 0.12336985607211813, 0.1534942225715207]
B1: 0.05293511668040624 - -0.009618881706211151 - -0.010330704062560356 - -0.007747661876496264
B2: 0.04226745942945935 - 0.02176166481526434 - 0.004306794866382985 - 0.030775411180650098
