Number: 1481
Error: 1.4315835058264228e-09
A1: [-0.007042524792542146, -0.014847629310449908, 0.00314748646652025, 0.019603279376168303] - [0.06675448873584357, 0.18981490467104897, -0.14680980615830175, -0.10994273519859317] - [-0.11250199384297936, 0.441867034225793, -0.07070252609735948, -0.25800939035082937] - [-0.024288545245066413, 0.014440864568765267, -0.030872518626656305, 0.03794164849887785]
A2: [0.13163676730062382, -0.22457848338691003, 0.02271663932927757, 0.07021007439729941] - [0.03266211398789237, 0.20376485678884887, -0.11487247059787785, -0.12144194574009526] - [-0.09453363843922628, 0.5556274278706953, -0.23511518754968389, -0.22554825223935399] - [-0.020636149515141384, -0.019087355552274313, 0.008307496370541841, 0.0323650758375452]
B1: -5.2250730068541655e-05 - -3.574545648382663e-05 - 5.3243868645908734e-05 - 1.315096181927333e-05
B2: 3.431221222393455e-05 - -5.246701634082617e-05 - -8.623643510216462e-05 - 1.665204080801703e-05
