Number: 7437
Error: 1.1392020993816451e-15
A1: [0.08043171024075825, -0.18046778519727455, -0.01958883144772827, 0.11962499729141964] - [0.03741562008422561, 0.13359642623508985, -0.13472614618770956, -0.036285785029144764] - [-0.0017027922919179554, 0.22819014322707135, -0.12282835596345755, -0.10365888351071952] - [0.03886326180050363, -0.11448099125785888, -0.046416414041846384, 0.12203425530729874]
A2: [0.03530731603505239, -0.029273603174525705, -0.07569747072619698, 0.06966327479773694] - [0.10289371895613877, 0.2828966692814233, -0.3926064269252899, 0.006815962794116061] - [-0.011187083062154003, 0.5390146077169266, -0.3594509994694054, -0.16837644672669796] - [0.0978627891297588, 0.017463306170665584, -0.16885102029854057, 0.05352486759462227]
B1: -1.382718085481535e-08 - 2.0045555471865515e-08 - 3.9272613179800064e-08 - 1.738673049780743e-08
B2: 2.7771739361461713e-09 - -1.048387613950401e-09 - 2.072228917350263e-08 - 4.789766304523995e-09
