Number: 2593
Error: 7.780838586224397e-09
A1: [0.0628643958966182, -0.0484352516768119, -0.024006170636034135, 0.007291812055473631] - [0.04377351188404733, 0.19137869759663775, -0.14244936911355505, -0.09238954747103104] - [-0.1232102617251086, 0.41510458208940926, -0.10461324795405844, -0.1868272186004808] - [0.03624511511187071, 0.018414973762172604, -0.03388557607874145, -0.02380125191676186]
A2: [0.06326098060541553, -0.173870186605609, 0.08614981017676256, 0.02378084121619438] - [0.02935322372845783, 0.20036077507346858, -0.10164717776110847, -0.12781149940535658] - [-0.09391546439958622, 0.5131847759160295, -0.22611528051099108, -0.19558836510184505] - [-0.02691971794503545, 0.017535826662180603, -0.051287239453740543, 0.0560084377809669]
B1: -0.00023972590572079143 - 0.0001636287484833477 - 1.6932206529191142e-05 - 7.650990095015424e-05
B2: -1.1415890570406311e-05 - 7.016459759998684e-05 - -5.7853826123909695e-05 - 0.00013920860631056595
