Number: 769
Error: 5.3383424399855636e-14
A1: [-0.01215377067571747, -0.014517557150996698, 0.01808686687612304, 0.00858269464889739] - [0.06583576711537331, 0.18949577236550844, -0.1453220205343784, -0.11000796876554361] - [-0.09629423460637043, 0.42178496823477923, -0.05345859261501429, -0.27203708634317286] - [-0.0013203735980857948, -0.018218161347319604, -0.003833911449320214, 0.02337804580400254]
A2: [0.16158673869287074, -0.16775475572078638, 0.008501351411203825, -0.002333052055546052] - [0.03548558640121879, 0.20751658685212476, -0.11721056076640758, -0.12579216369419408] - [-0.08621362602992597, 0.5815380420934687, -0.2353888057910771, -0.2599356474976274] - [-0.0038348027519739328, -0.004519127995667963, 0.0011104197388592946, 0.007243550195856592]
B1: 1.3276315101724223e-07 - -7.2346359946814e-08 - 1.2582006977008052e-07 - 1.1914126862436667e-07
B2: -2.4200645400178256e-07 - 1.0475491503879239e-06 - -3.905235675766979e-07 - 6.285902755026245e-08
