Number: 5139
Error: 7.42001166757634e-16
A1: [0.06621321837998596, -0.11395204383124616, -0.023983913610733872, 0.07172290478622545] - [0.037402640744382064, 0.18819339677666316, -0.14740891864714253, -0.07818698204332893] - [-0.060229716832193095, 0.32895046828555585, -0.12775344777694408, -0.14096865848406592] - [0.03904625786427521, -0.053322592359107655, -0.03741849487797291, 0.05169521515716393]
A2: [-0.009108615093811934, -0.34680322716763967, 0.24945505070092808, 0.10645663867826817] - [0.08003983049971032, 0.0362822620718455, -0.050250107086973174, -0.06607195427827045] - [-0.042452748042476215, 0.23083196990632018, -0.04053116901347866, -0.14784775999017982] - [0.06813479791180126, -0.29346783114797886, 0.1417712614089215, 0.08356188190556209]
B1: 8.7727404174973e-08 - -3.678574951472358e-09 - -3.099408256810328e-08 - -1.0514661189588949e-08
B2: 3.616771616238985e-09 - -4.520857675106404e-09 - 2.2577316096354646e-08 - 7.770266565845431e-09
