Number: 4044
Error: 9.049405634177582e-16
A1: [0.06621318710439057, -0.1139520744079383, -0.023983944861745436, 0.07172287356316391] - [0.037402623700765816, 0.18819338049258527, -0.14740893540237074, -0.07818699880001266] - [-0.06022939587289105, 0.32895077654976196, -0.12775313370494334, -0.14096834610147477] - [0.039046131216463574, -0.05332271256866931, -0.037418617405644276, 0.05169509362441791]
A2: [-0.009108670078315992, -0.3468032854978506, 0.2494549952716719, 0.10645658102984393] - [0.08003985054633612, 0.03628228366776149, -0.050250085177263724, -0.06607193218247462] - [-0.042452932167961276, 0.2308317666941947, -0.040531366329568594, -0.14784796362589248] - [0.0681347960883679, -0.29346783315553815, 0.14177125943255092, 0.08356187986124172]
B1: 3.717178839104751e-08 - -1.0108682282045318e-08 - -2.4333106888973593e-08 - 2.1532233232530547e-08
B2: 3.379004473104576e-09 - 2.7569641084505217e-08 - -3.92264385282433e-09 - -1.2001944010733227e-08
