Number: 7977
Error: 1.1098865580196667e-15
A1: [0.08043169405307152, -0.1804678013831334, -0.01958884761605797, 0.11962498110558298] - [0.03741553069841946, 0.13359633691694267, -0.13472623539535847, -0.036285874365413875] - [-0.0017028304030781277, 0.22819010511672147, -0.12282839401881206, -0.10365892161170664] - [0.038863234751258684, -0.11448101823119729, -0.04641644107384534, 0.12203422827486989]
A2: [0.03530744996474524, -0.02927346887440305, -0.07569734338744073, 0.06966341496957257] - [0.10289373447962603, 0.2828966849366589, -0.39260641191116424, 0.0068159790494605275] - [-0.011187119111942534, 0.5390145714520954, -0.3594510335913508, -0.16837648471358388] - [0.09786280198764476, 0.017463319087023477, -0.16885100805865114, 0.053524881091197955]
B1: 4.883100061210393e-09 - -1.2412350196003429e-08 - -8.967662032035788e-09 - -4.259335974124618e-09
B2: -1.6280651420028925e-08 - 2.572213737804356e-09 - 5.530952590719117e-10 - -1.474958219406242e-08
