Number: 272
Error: 2.2835424447905744e-08
A1: [-0.014031969967488773, -0.016446547937703494, 0.016011282198575047, 0.006575984900496545] - [0.06468820411965927, 0.18839187195054677, -0.14650844243779243, -0.11128556511931849] - [-0.09819021874693332, 0.41995334365249354, -0.055514516185538744, -0.2742454175375373] - [-0.0018806965934761014, -0.018756455198936525, -0.004429544384111668, 0.02273073256945196]
A2: [0.16120436401463123, -0.1681298000159864, 0.008126992301028584, -0.00270572814968238] - [0.03567877780792746, 0.2077067000462189, -0.11701822976557891, -0.1256032124511263] - [-0.08597554568687434, 0.581771394853501, -0.23515763296803982, -0.2597035539577465] - [-0.0038790018688622118, -0.00456244694392723, 0.0010668593032821308, 0.007201405268640542]
B1: 5.8709015866952646e-05 - 0.00026984177842661987 - -0.0002454240755839036 - -4.518151785607388e-05
B2: 0.0007086488011887751 - -0.0001324973148721198 - -0.00041857549776922723 - 2.605565742332009e-05
