Number: 6097
Error: 3.670516416849055e-15
A1: [0.08043181924715105, -0.18046767620327026, -0.019588722571689594, 0.11962510628533739] - [0.03741577177780783, 0.13359657781379797, -0.13472599479642397, -0.0362856334196251] - [-0.0017024937358140083, 0.2281904417767776, -0.12282805784448787, -0.10365858503436708] - [0.038862982562178766, -0.11448126971253292, -0.04641669310223413, 0.12203397624252156]
A2: [0.03530697320825765, -0.029273946949601205, -0.07569779668105224, 0.06966291599204857] - [0.10289394608576966, 0.2828968983387207, -0.39260620724846557, 0.006816200632072137] - [-0.011187431895531872, 0.539014256802877, -0.3594513296474871, -0.1683768143047394] - [0.09786301271369284, 0.01746353077160524, -0.16885080746111203, 0.05352510228508709]
B1: -2.104009067582042e-09 - 1.477805011847856e-07 - 6.996084406212923e-08 - 8.140177839273944e-08
B2: 4.314206963946138e-07 - 5.922487803460327e-07 - -5.887235249405882e-07 - 4.87372758789091e-09
