Number: 8438
Error: 9.85275638194888e-16
A1: [0.08043167008690057, -0.18046782534657405, -0.01958887155360262, 0.11962495714214512] - [0.03741562070425642, 0.13359642685464754, -0.1347261455687954, -0.03628578440940353] - [-0.0017028212933513703, 0.2281901142262553, -0.12282838492242687, -0.10365891250440469] - [0.038863202994506504, -0.11448104989878972, -0.046416472810357566, 0.1220341965378779]
A2: [0.035307446012542376, -0.02927347283751677, -0.07569734714513822, 0.06966341083316314] - [0.10289374708561412, 0.2828966976496625, -0.39260639971879085, 0.006815992249755046] - [-0.01118709316852467, 0.5390145975502226, -0.3594510090353033, -0.168376457376152] - [0.09786282042082162, 0.01746333760402763, -0.1688509905114203, 0.053524900439976285]
B1: -4.568951178401681e-09 - 2.5617322395762706e-09 - 2.237671754981878e-09 - 2.1992231852551544e-09
B2: -8.704788519069132e-09 - 3.1329934713414594e-08 - 2.788866510700196e-09 - -1.4404527581467687e-08
