Number: 4072
Error: 1.2553947617546166e-15
A1: [0.06621316476241386, -0.11395209625064351, -0.023983967186189448, 0.07172285125868376] - [0.03740263081934095, 0.18819338729389926, -0.1474089284042637, -0.07818699180129036] - [-0.06022937857768018, 0.328950793160857, -0.12775311678087514, -0.14096832926842787] - [0.03904613165673812, -0.05332271215077472, -0.037418616979697186, 0.05169509404691425]
A2: [-0.009108536320110182, -0.34680314360126385, 0.24945513011212625, 0.10645672126804641] - [0.08003982563704136, 0.03628225683331114, -0.050250112401709256, -0.0660719596380894] - [-0.042452724779966214, 0.23083199558052814, -0.040531144084355444, -0.1478477342625309] - [0.06813473822995336, -0.29346789686019803, 0.14177119670842936, 0.08356181499124113]
B1: -1.3287228524367924e-08 - -4.309575866666783e-09 - 3.602601427553148e-08 - -1.2905502607913907e-08
B2: -7.698587704994329e-09 - 1.909046220552791e-08 - -2.034115390390554e-09 - -1.1559388279959946e-08
