Number: 4614
Error: 1.1192163131273777e-15
A1: [0.06621313273569386, -0.11395212756170466, -0.0239839991878064, 0.07172281928567018] - [0.03740260363582853, 0.18819336132189537, -0.14740895512774455, -0.07818701852715072] - [-0.0602293389283525, 0.32895083124187624, -0.12775307798240343, -0.14096829067840633] - [0.03904616152578161, -0.05332268380014204, -0.037418588082353724, 0.05169512270959989]
A2: [-0.00910851715275915, -0.34680312326775276, 0.24945514943445982, 0.10645674136385756] - [0.08003988036821882, 0.03628231579447576, -0.050250052583623826, -0.06607189931209662] - [-0.042452668300332994, 0.23083205791475742, -0.04053108355853445, -0.14784767179833136] - [0.06813476257441148, -0.2934678700558807, 0.14177122309994417, 0.08356184228591587]
B1: 4.5575006218656465e-08 - 1.714605404958733e-08 - 4.870988973535206e-08 - -1.0024296809285393e-08
B2: -1.2918596105239375e-08 - 6.608119102601981e-09 - 5.0594030950772294e-08 - 2.0465508149464213e-08
