Number: 1910
Error: 6.215754979161431e-07
A1: [-0.013464629944505157, -0.02126834243805032, -0.0035106567790202455, 0.013013085844874647] - [0.06736392042803982, 0.1904060468958178, -0.14617387041108476, -0.10926454861510762] - [-0.11556622502907586, 0.43885862244684043, -0.07396876964795229, -0.26131904340997614] - [-0.027115870232999682, 0.011702363610652192, -0.03385380564986517, 0.034975253719638395]
A2: [0.12935538798396895, -0.2269323694469204, 0.02040152398340069, 0.06794941164065749] - [0.03283263586081449, 0.20394420562374016, -0.11469521353556394, -0.12125917103047928] - [-0.0961778723222779, 0.5539514499887103, -0.23671948481500169, -0.22708343511654427] - [-0.01907369523232852, -0.01761989659204496, 0.009774687418777427, 0.03381736600140782]
B1: -0.0006214997717270087 - 0.0011612767463293665 - -0.00017741805906985365 - -0.0003262863212089847
B2: -0.00019012340815339145 - 0.0033908484997208672 - -0.0009441123568551347 - -0.0008845006563401388
