Number: 2338
Error: 1.5169921519958413e-05
A1: [0.05104360935203531, -0.06262581373655005, -0.03972898460652403, -0.0060037278516499116] - [0.043421736624289275, 0.19096335282733137, -0.14322023071747977, -0.09223698596989745] - [-0.12530235948216534, 0.41387942674314815, -0.10598745159392774, -0.18829053690917616] - [0.04602228622900269, 0.028840384517726764, -0.02307505424517113, -0.014073550398279984]
A2: [0.08393297919448243, -0.1520704695032042, 0.10786188690293996, 0.044048613241942036] - [0.03085295100314569, 0.20178365557945754, -0.10022059107916059, -0.12640092849229917] - [-0.1019644264217834, 0.5048996505177131, -0.23433916737645655, -0.2033833625591863] - [-0.012705503824072142, 0.03181217592824332, -0.03625943200595542, 0.07086085739687156]
B1: -0.004209107894207631 - 0.0031775298489139688 - 0.003576193048186553 - -0.006556769009779502
B2: -0.0032284383676836497 - -0.0098002679041913 - -0.00048030130346544573 - 0.003968569250183436
