Number: 5565
Error: 1.3173887777520307e-09
A1: [0.06619003962535322, -0.1139746903359827, -0.024007065270160548, 0.07169977196995536] - [0.03735141609071299, 0.18814446593404358, -0.1474592697605902, -0.07823733913546378] - [-0.06027918597271631, 0.3289029768872825, -0.1278018422159386, -0.14101679459913052] - [0.03910196698082057, -0.05326970272191856, -0.03736458666403779, 0.05174868439427933]
A2: [-0.009080368865562505, -0.3467732589162302, 0.24948352611287095, 0.10648626368135962] - [0.08004746753946809, 0.036290491384684556, -0.05024176258625894, -0.0660635340684877] - [-0.042425949281582574, 0.23086154987053767, -0.04050245801794991, -0.1478181143693134] - [0.06816048330859846, -0.2934395477282588, 0.14179910000975843, 0.08359068745273784]
B1: 8.606809600807366e-06 - 1.490841172517639e-05 - 1.8486434287099493e-05 - 1.5866373044692315e-05
B2: -4.529259347948745e-05 - 1.0875553689437168e-05 - -2.9509382739576135e-05 - -1.6112297719851543e-05
