Number: 2193
Error: 0.0003937578284192654
A1: [0.04360636576236564, -0.044454330377113264, -0.008996648257867874, 0.03237555520971883] - [0.07708789631813733, 0.20840756842634203, -0.13228612945688914, -0.07925717947178161] - [-0.19228709318520232, 0.3485416400580554, -0.16884886949886266, -0.27682706780656724] - [-0.015755934485088628, -0.002276232464455878, -0.04144270693497394, -0.044622136190533006]
A2: [-0.047043417034083296, -0.33977177652407714, -0.02205931629846715, -0.08072408108527934] - [0.0390462268352926, 0.20551000982290782, -0.096914955987444, -0.1228434164877153] - [-0.03660818127521539, 0.5936759361681704, -0.15591128929567272, -0.14281960638383878] - [-0.053937488909884215, 0.0322114867837155, -0.027783884411032963, 0.051145213459430905]
B1: -0.0484255406489599 - 0.004289277858427114 - 0.017126129899424417 - 0.017622145009794653
B2: -0.012104209957580695 - -0.01994708147720554 - 0.0008950392585870045 - -0.014931169568447086
