Number: 6757
Error: 7.9761189315899755e-16
A1: [0.08043162042211248, -0.18046787500574174, -0.019588921158972355, 0.11962490748303471] - [0.03741554299114796, 0.1335963492003626, -0.13472622312718058, -0.036285862079516666] - [-0.0017028653441284202, 0.22819007017641985, -0.1228284289087077, -0.10365895654343774] - [0.03886318327919915, -0.11448106955879475, -0.04641649251310797, 0.12203417683480179]
A2: [0.03530743669336468, -0.029273482182504557, -0.07569735600572969, 0.06966340107966969] - [0.10289374370013428, 0.2828966942354116, -0.39260640299322064, 0.006815988704673115] - [-0.01118711596828318, 0.5390145746145343, -0.35945103061578326, -0.1683764814010222] - [0.09786280038232877, 0.017463317474415145, -0.16885100958680974, 0.05352487940614411]
B1: -1.4921590008610445e-08 - -1.2105880289778707e-08 - -1.6553312520645817e-08 - -1.663475676024269e-08
B2: -2.3961640031684956e-08 - -1.225282814046251e-08 - -1.2269881486424334e-08 - -1.1146400940320341e-08
