Number: 477
Error: 6.758497801871617e-13
A1: [-0.012153886187869166, -0.014517675770913067, 0.018086739233184587, 0.008582571236716848] - [0.06583629061219132, 0.1894962759447351, -0.1453214792863986, -0.11000738590826242] - [-0.09629506393412063, 0.4217841667655518, -0.0534594924815842, -0.2720380525094727] - [-0.0013256653027676924, -0.018223250392326945, -0.003839544228662938, 0.023371929536639382]
A2: [0.1615832866882123, -0.16775814273760434, 0.008497969055535725, -0.0023364172134904054] - [0.035487863620373816, 0.20751882748264314, -0.11720829308637142, -0.12578993598183796] - [-0.08621211627499759, 0.5815395209119838, -0.2353873367317121, -0.2599341752526171] - [-0.0038334430186498067, -0.0045177908623110045, 0.00111176555918819, 0.007244851100288884]
B1: -2.2200900507225643e-06 - -5.433008232489753e-08 - 1.8430000604162718e-06 - 4.862951014635538e-07
B2: 1.0033841061049113e-06 - -1.960859641990842e-06 - -2.2365011666698378e-08 - -6.259680420412614e-07
