Number: 7120
Error: 8.667916868107529e-16
A1: [0.08043169595429361, -0.18046779948211467, -0.01958884571710191, 0.11962498300659032] - [0.037415599986140205, 0.13359640615221888, -0.13472616624574832, -0.03628580511609513] - [-0.0017027950501149014, 0.22819014046893127, -0.12282835871761875, -0.10365888626818577] - [0.03886323986143876, -0.11448101313534606, -0.04641643596692156, 0.12203423338187533]
A2: [0.03530743879040388, -0.0292734800796645, -0.07569735401188901, 0.0696634032744461] - [0.10289378855746052, 0.2828967394734496, -0.39260635960779383, 0.006816035676847325] - [-0.011187162628866132, 0.5390145276756343, -0.3594510747810575, -0.16837653056889998] - [0.09786275701989594, 0.01746327391474228, -0.16885105086504953, 0.053524833889716864]
B1: 1.879052231586226e-08 - -2.667030843004046e-08 - 6.229809104446324e-09 - 1.8028901175030478e-08
B2: 1.112116622896229e-09 - 1.7725369840619713e-09 - 1.5848336733112494e-08 - -9.248681628457914e-10
