Number: 8814
Error: 2.0313942151659437e-05
A1: [0.08228525979961793, -0.1786377323623936, -0.01764101436252676, 0.12146672684043952] - [0.04044600037598684, 0.13659384871069305, -0.13159347432548932, -0.0332722704538849] - [-0.0018259452422550323, 0.2280496725208085, -0.12284459344716613, -0.10379103984614788] - [0.04116177417208903, -0.11220944666795789, -0.04402557808947236, 0.12432043970136922]
A2: [0.031599576648644566, -0.0330341423635503, -0.07914043848206999, 0.06577916185126764] - [0.09929504934217931, 0.2792540490401135, -0.3960356984601092, 0.0030469714720731604] - [-0.016256840317198734, 0.5338406464513292, -0.3641771565605779, -0.1737188288512411] - [0.09469315540933587, 0.014245728048928104, -0.17179261697568607, 0.05019452294558711]
B1: -0.002196600421294934 - -0.0019475839821119956 - -0.0014918894693627394 - -0.002347415899765484
B2: 0.002140047499883867 - 0.0015123591664387738 - 0.003540573939436367 - 0.0019469478770788567
