Number: 8637
Error: 1.2958106487305235e-15
A1: [0.080431724140043, -0.1804677712995321, -0.019588817565070964, 0.1196250111891368] - [0.03741569114405497, 0.13359649724120687, -0.13472607526923694, -0.03628571400855104] - [-0.0017027872498836534, 0.22819014826899556, -0.12282835092881086, -0.10365887847001858] - [0.03886328562116121, -0.11448096750396514, -0.04641639023634256, 0.12203427911321452]
A2: [0.03530749552876579, -0.029273423184350923, -0.07569730006561357, 0.06966346265706455] - [0.10289378752042111, 0.2828967384276333, -0.392606360610712, 0.006816034590801775] - [-0.011187035764264266, 0.5390146552968914, -0.3594509547007764, -0.16837639688742362] - [0.09786284974323775, 0.01746336705980923, -0.16885096259830018, 0.05352493121885844]
B1: 1.684105688046217e-09 - 2.6246648409789752e-09 - -8.478042977378538e-10 - -1.4713879459787384e-09
B2: 1.3912272242620593e-08 - -4.649150268985282e-09 - 4.129686189352062e-08 - 4.209626986148321e-10
