Number: 3839
Error: 1.0632891260700832e-15
A1: [0.06621313520146505, -0.11395212515099626, -0.023983996723944842, 0.07172282174734237] - [0.03740257705464981, 0.18819333592538628, -0.14740898125908483, -0.0781870446607821] - [-0.06022929710061948, 0.3289508714150646, -0.12775303705225796, -0.14096824996864776] - [0.03904610701217175, -0.053322735542456826, -0.037418640822477124, 0.05169507039773318]
A2: [-0.009108587900367499, -0.3468031983198674, 0.24945507811454, 0.10645666718894008] - [0.08003979990890636, 0.03628222911673394, -0.050250140521101876, -0.06607198799625127] - [-0.04245281164343603, 0.23083189971261045, -0.040531237170675236, -0.1478478303302406] - [0.06813475049976851, -0.29346788335058527, 0.1417712100101257, 0.08356182874798186]
B1: 1.209093955398017e-09 - -1.2632809701109225e-08 - -4.9567667977034235e-09 - -1.6629214912524984e-08
B2: -2.2252449003367145e-08 - -2.1939212189727023e-08 - 3.405008697885612e-08 - -2.022343620944469e-08
