Number: 1128
Error: 1.921346441558236e-06
A1: [-0.0054344473301137924, -0.013183593865466407, 0.004908376991128545, 0.02117347277601127] - [0.062194122972600976, 0.1853962572803252, -0.1515441492408746, -0.1149804884176503] - [-0.11091442311668971, 0.44349925960088415, -0.06894500780486691, -0.25637156305948694] - [-0.020324705142081775, 0.018307349839898953, -0.02666442464952601, 0.04209447698028978]
A2: [0.12611709731074075, -0.2299788548448762, 0.017322571943565405, 0.06475629314559618] - [0.0229356944456938, 0.194227909467023, -0.12455912764341469, -0.1309607636240925] - [-0.10508143970201599, 0.5453835794807556, -0.24546120457449191, -0.23599277676887034] - [-0.021629987396083315, -0.020157682085372063, 0.007375629749802718, 0.031267336702083946]
B1: -0.0009296841832478598 - -0.002521277694142949 - 0.000519353492876806 - -0.0027183254157475785
B2: -0.0013637002726576701 - -6.669760750233631e-05 - -0.001397982978449472 - 0.0001303346160210223
