Number: 2922
Error: 1.1500041888195635e-08
A1: [0.06344991430190605, -0.047855234240771795, -0.023427417151267973, 0.007870736922287243] - [0.04404881612418822, 0.19164446988544398, -0.1421659225071162, -0.09208628453040431] - [-0.12348274546224362, 0.4148232978621462, -0.10489774799951904, -0.18711230862707534] - [0.03711504531282909, 0.01927866782243217, -0.03302246485115319, -0.022942759845756396]
A2: [0.06299134221301549, -0.17413575650756674, 0.08587251780857315, 0.02351028986009162] - [0.029257993083283078, 0.20026701966209387, -0.10174205115504485, -0.12790448701025947] - [-0.09379758575867565, 0.5133007395551167, -0.22599433914462022, -0.19547347854243713] - [-0.025445638892803574, 0.01899844383282383, -0.04980547893702975, 0.0574464321398285]
B1: 1.021266854018784e-05 - 0.00010477610931480791 - 8.522722803206082e-05 - -0.0002089260239475545
B2: 0.00032905563579700345 - -0.0003893896415289947 - -2.654958552971215e-05 - 8.879019373565517e-06
