Number: 7473
Error: 6.686394571554406e-16
A1: [0.08043172856122492, -0.18046776687888394, -0.01958881314916913, 0.11962501560979254] - [0.037415627931856085, 0.1335964340767796, -0.13472613835571715, -0.036285777185862615] - [-0.0017027741938175263, 0.2281901613247855, -0.12282833789185629, -0.10365886541744958] - [0.03886327540800892, -0.11448097768854239, -0.04641640044301356, 0.12203426890634562]
A2: [0.035307500437705135, -0.029273418261847657, -0.0756972953983896, 0.06966346779499313] - [0.1028937487924952, 0.2828966993710016, -0.3926063980679472, 0.006815994037128327] - [-0.011187086756247524, 0.5390146040007999, -0.35945100296594923, -0.16837645061928805] - [0.09786281283662417, 0.017463329985364057, -0.1688509977311263, 0.05352489247909936]
B1: 7.491366955291242e-09 - 3.0237260140848748e-09 - -1.5878011959584606e-08 - 5.601939679161902e-10
B2: 2.2112342524466176e-09 - 4.407120996002925e-09 - 3.50066678408395e-10 - 1.4449038412991905e-09
