Number: 4134
Error: 1.0187754481874065e-15
A1: [0.06621318114345506, -0.1139520802356651, -0.023983950818002735, 0.0717228676122329] - [0.03740261289062636, 0.18819337016423093, -0.14740894602956311, -0.07818700942814977] - [-0.06022940188812671, 0.3289507707724633, -0.1277531395911005, -0.14096835195596444] - [0.039046085449152446, -0.0533227560092656, -0.03741866168398355, 0.051695049705611014]
A2: [-0.009108482405922899, -0.3468030864067356, 0.2494551844625363, 0.10645677779413422] - [0.08003983850671562, 0.03628227069763926, -0.050250098335886034, -0.06607194545282878] - [-0.04245285881106938, 0.2308318476554536, -0.040531287717401374, -0.14784788249589667] - [0.0681348397947582, -0.2934677850328919, 0.14177130681449635, 0.08356192886418312]
B1: 4.745735757117339e-09 - -5.3633502028267844e-09 - -3.247668481207216e-08 - 8.152564208526145e-09
B2: 1.0860131701975069e-08 - 1.131852400134819e-08 - -2.121911436990475e-08 - -2.3871009247646575e-08
