Number: 3861
Error: 1.1385368123085775e-15
A1: [0.06621312068421263, -0.11395213934383387, -0.023984011229804036, 0.07172280725445379] - [0.037402550705170255, 0.18819331075025103, -0.14740900716264133, -0.07818707056662998] - [-0.06022947922412522, 0.32895069649554015, -0.127753215267539, -0.1409684272253846] - [0.03904621157033508, -0.05332263629982031, -0.03741853966596715, 0.05169517073287161]
A2: [-0.009108592184613814, -0.34680320286478616, 0.2494550737956273, 0.1064566626971402] - [0.08003980039178232, 0.03628222963692992, -0.05025013999334096, -0.06607198746402065] - [-0.04245285256281968, 0.23083185455140376, -0.0405312810215265, -0.14784787558557907] - [0.0681347067069548, -0.2934679315684232, 0.14177116253445698, 0.08356177964808567]
B1: -3.4856377919383756e-09 - -2.4278852704986592e-08 - 3.454790146842071e-09 - 6.479239769604979e-10
B2: -4.296597820299975e-09 - -9.531206239530343e-09 - 1.528830633046092e-08 - -3.337755250631269e-08
