Number: 2715
Error: 7.776329974606234e-10
A1: [0.06353376170098453, -0.0477740042820306, -0.02334593297014264, 0.007953612933905722] - [0.043621918981912346, 0.19123212361840497, -0.1426055557907071, -0.09255608850353199] - [-0.12361702854090799, 0.4146908935218136, -0.10502831489615988, -0.18724088355071125] - [0.036847387650829136, 0.019011322919504976, -0.0332872140334862, -0.023205869438654197]
A2: [0.06322322562604624, -0.17390197647059732, 0.08611002937771314, 0.023744560802620066] - [0.02911531389438561, 0.20012656096363893, -0.1018840091784646, -0.12804396656711003] - [-0.09315845451988339, 0.5139293066136004, -0.22535456998909284, -0.19485424584710506] - [-0.025573290134687704, 0.018873515251947023, -0.04993550947683479, 0.05732198518365237]
B1: -4.654525878498089e-06 - -2.5337338809160264e-06 - -9.21066347920654e-07 - -6.086317694060616e-07
B2: 8.74186285185175e-05 - -1.958694531560231e-06 - 2.9220698734251443e-05 - -3.78247210648461e-05
