Number: 87
Error: 0.0004763749808004463
A1: [0.055403417380711126, 0.057552362689072864, 0.09350257104806882, 0.07742520255895603] - [0.12177573505426743, 0.24685912736543128, -0.09059205648568601, -0.05557089933068079] - [-0.03457551968784194, 0.48664195873887084, 0.013789039711381852, -0.20467715007030715] - [0.06623435643780899, 0.05272127372966259, 0.06848336140765628, 0.0958401312667112]
A2: [0.2797173080775294, -0.05292226876051696, 0.12394479955016216, 0.11215997246557445] - [0.09510618504497843, 0.26317738076331293, -0.06173581159140355, -0.07107782793191672] - [0.04103955464158407, 0.707235480032201, -0.11182776991884172, -0.13643615980617624] - [0.21162834851026918, 0.21033866452625324, 0.21518541858430046, 0.21380555554899208]
B1: 0.012486773975787816 - 0.33200398959242233 - 0.003109323703318693 - -0.018566616139674953
B2: 0.011451821958211797 - 0.3464328134202174 - 0.010019163529029807 - 0.012912064784631486
