Number: 8221
Error: 9.849615823106218e-16
A1: [0.0804316750725209, -0.18046782036155676, -0.019588866573966985, 0.11962496212716148] - [0.03741558799813944, 0.13359639417333793, -0.1347261782097195, -0.03628581709736907] - [-0.001702821255590372, 0.22819011426400856, -0.12282838488473119, -0.10365891246666989] - [0.03886322111839607, -0.11448103182580716, -0.046416454698045014, 0.122034214650463]
A2: [0.03530752150200954, -0.0292733971392438, -0.0756972753705778, 0.06966348984094232] - [0.10289370343347926, 0.2828966536270306, -0.39260644193861777, 0.006815946539650795] - [-0.011187134373994819, 0.5390145560989964, -0.3594510480372546, -0.1683765007957019] - [0.09786283944250151, 0.017463356712221788, -0.16885097240399213, 0.053524920406527836]
B1: 2.548142678484775e-08 - 5.852418067214205e-09 - -1.9521267805680662e-08 - -2.123158623585441e-08
B2: -8.117863213936062e-09 - 2.286519589004277e-09 - 1.3381104111784507e-09 - -7.267766946421494e-09
