Number: 4121
Error: 9.924012566643735e-16
A1: [0.06621319369147062, -0.11395206796805715, -0.02398393827983523, 0.07172288013918961] - [0.03740263123472847, 0.188193387690774, -0.1474089279959059, -0.07818699139289646] - [-0.060229435666763115, 0.3289507383299492, -0.1277531726448771, -0.1409683848319629] - [0.039046135999703545, -0.05332270802859445, -0.03741861277801935, 0.051695098214470776]
A2: [-0.009108575511076399, -0.3468031851767617, 0.2494550906040612, 0.10645668017845338] - [0.08003984743277222, 0.036282280313559886, -0.05025008858021351, -0.06607193561431901] - [-0.04245272397330684, 0.23083199647079472, -0.04053114321991695, -0.14784773337040538] - [0.06813473528592388, -0.29346790010169543, 0.14177119351682216, 0.0835618116904452]
B1: -2.5782410628470188e-08 - 1.2157645059357999e-08 - 2.8282077031730697e-08 - -2.2118484446977184e-08
B2: -6.39115395140148e-09 - -6.699260831599573e-09 - 1.2709278692404982e-08 - -4.937895666640596e-09
