Number: 1790
Error: 2.6840320426113738e-08
A1: [-0.006127611700316617, -0.013931488762866632, 0.004122525278701459, 0.020519525075372556] - [0.06758931891314497, 0.19062455255823632, -0.1459506619571348, -0.10901259751069266] - [-0.11454385857397682, 0.4398827850786628, -0.07287776118040612, -0.2602116630768339] - [-0.027463790473213352, 0.01135585283932563, -0.03417142531638934, 0.03459746221842662]
A2: [0.13137222082438366, -0.22484231159872084, 0.022482067117013196, 0.06997940101497162] - [0.033159096630460703, 0.20425865762334622, -0.11437899431940768, -0.12095462691207662] - [-0.0947202096127445, 0.5554677178237015, -0.23522301393347267, -0.22563828437145922] - [-0.020973701043116563, -0.019437135593653208, 0.007976872512425586, 0.032046190512590514]
B1: -2.2831921421555977e-05 - 0.0002250670074166882 - -0.0005777465216529267 - 0.0002358274754269503
B2: -0.000471842758915567 - 0.0008716674216363745 - -0.0003595562566293987 - 0.00011659071636182013
