Number: 5861
Error: 2.2148070857871088e-07
A1: [0.08165061672819728, -0.17925322719930828, -0.018369266223245934, 0.12084473952483704] - [0.04065588151243528, 0.13683248333140163, -0.1314927183016209, -0.03304735722356048] - [-0.001819287628271701, 0.22807166495491113, -0.12294264697955545, -0.103774392586109] - [0.03811315432184477, -0.11523268271790024, -0.04716195115567469, 0.12128656917527536]
A2: [0.03535553281050444, -0.029228741872821318, -0.07564960504940124, 0.0697177335769526] - [0.10140359872883006, 0.2813808092218576, -0.39404813068493993, 0.005263478372725544] - [-0.010487134325774273, 0.5397184683702995, -0.3587845296740962, -0.16763574571388298] - [0.09802366797548162, 0.01762288565200122, -0.16869516877435314, 0.053696976760307026]
B1: 0.00012262709247543304 - 0.0012324169182215976 - 0.00025763625081968777 - 0.00017558683627595371
B2: 0.0004486785323303743 - -0.0006599564523448138 - 0.0005589411940937053 - 0.0008375229700430164
