Number: 2042
Error: 0.00018899615276559974
A1: [-0.010764785284974751, -0.02195591701123709, -0.004248077185584464, 0.015081163312912153] - [0.03685370580499349, 0.16211553553647146, -0.17797221464675042, -0.14355351880891146] - [-0.1910824853921874, 0.35986201839457505, -0.15582496263886558, -0.3443577359444634] - [-0.03855420370768261, 0.004293376184866112, -0.0443461678345821, 0.020826959044572595]
A2: [0.0797056444026508, -0.2730161465679965, -0.03175562705795642, 0.024775086869479684] - [-0.005686413469232883, 0.16509543276739025, -0.15325789452694552, -0.15919675123910712] - [-0.13060428410543973, 0.5175391978232483, -0.2687199410342696, -0.2618868854969453] - [-0.007391558828282728, -0.003819495992569139, 0.015940136355900532, 0.05319814035932649]
B1: -0.010026820527903383 - 0.012451292773837355 - -0.030564740191950206 - -0.01716230200857023
B2: 0.007354004504284369 - -0.014421651847952405 - -0.005383716747285225 - 0.012138922652909051
