Number: 4358
Error: 8.897432031981706e-16
A1: [0.06621308779573738, -0.11395217149739899, -0.023984044092479756, 0.07172277442116266] - [0.037402673951492875, 0.1881934285037454, -0.14740888600204627, -0.07818694939533444] - [-0.06022950417835368, 0.32895067252827365, -0.12775323968632804, -0.14096845151281467] - [0.039046184939640356, -0.053322661576584524, -0.0374185654302227, 0.05169514517783707]
A2: [-0.009108466490691131, -0.34680306952318685, 0.24945520050651906, 0.10645679448031586] - [0.08003985282799209, 0.03628228612576655, -0.0502500826835419, -0.06607192966755142] - [-0.04245270172928757, 0.23083202102061834, -0.04053111938236031, -0.14784770876935052] - [0.06813466982109859, -0.29346797218124177, 0.1417711225467107, 0.08356173829236038]
B1: -4.52506474552953e-08 - 1.1822000524331233e-08 - 2.469307332208362e-08 - -5.148035842199083e-08
B2: 1.179328750493211e-08 - 3.72128218887241e-08 - -9.999813752597456e-10 - -1.26768863829197e-07
