Number: 619
Error: 5.299924726963576e-14
A1: [-0.012154132142601153, -0.014517928417311475, 0.01808646734744467, 0.008582308377712811] - [0.06583523785334681, 0.18949526323775653, -0.1453225677454251, -0.11000855804625814] - [-0.09629386485618212, 0.4217853255967141, -0.05345819138967157, -0.2720366555698226] - [-0.0013222578452206453, -0.01821997346179874, -0.003835917165254732, 0.0233758679315482]
A2: [0.16158675704749292, -0.16775473770825902, 0.008501369402447619, -0.0023330341634633725] - [0.035485572260224224, 0.20751657293840825, -0.11721057484826967, -0.12579217752819974] - [-0.08621336751836983, 0.5815382953100583, -0.23538855424414223, -0.2599353954104614] - [-0.003835132351331677, -0.004519452112598599, 0.001110093521693115, 0.007243234856792482]
B1: 4.3459940075912806e-07 - 3.6212994153282774e-07 - 3.928614925316714e-07 - 1.5945532973334982e-07
B2: -1.23379960542152e-07 - 2.628554227644239e-07 - 7.539134407610488e-07 - -2.94823799606941e-08
