Number: 6498
Error: 1.3090300833553487e-15
A1: [0.08043168760629471, -0.1804678078291691, -0.019588854055121792, 0.11962497465954408] - [0.03741558856058341, 0.13359639473530707, -0.13472617764854242, -0.036285816535323374] - [-0.0017028155894808611, 0.22819011993000832, -0.12282837922690955, -0.10365890680206921] - [0.038863229781701855, -0.11448102318679787, -0.04641644604023597, 0.12203422330840326]
A2: [0.035307440143287204, -0.02927347872304002, -0.07569735272558882, 0.06966340469038922] - [0.10289373382580262, 0.2828966842772746, -0.39260641254354256, 0.0068159783648010595] - [-0.011187096312338928, 0.5390145943877214, -0.3594510120110175, -0.1683764606888534] - [0.09786280244607481, 0.017463319547549403, -0.16885100762225994, 0.05352488157240878]
B1: -2.3907497282225176e-09 - -3.6189830538406855e-10 - -9.796257093515599e-10 - 3.249248545502027e-10
B2: -7.320392559027277e-10 - -2.268104542864555e-09 - 2.5484211359139576e-09 - -3.313122232625826e-09
