Number: 3289
Error: 2.645190115768531e-05
A1: [0.10783867193632779, -0.07345315898035519, 0.016476612027290338, 0.11242890448068701] - [0.026128787720439278, 0.1759966972881692, -0.15805477458519013, -0.08889358944706044] - [-0.034533407961096906, 0.35422663673293786, -0.10209693147163455, -0.11549349011548102] - [0.058184633873353916, -0.03482428639690865, -0.019142240856492486, 0.06993820949653909]
A2: [0.03638279348410735, -0.3016663731411071, 0.295201120028968, 0.15309385019273303] - [0.0970291048289419, 0.055376833237530405, -0.032136088891833364, -0.04789228267213847] - [0.004406782342603444, 0.2780540181879098, 0.007294010167799691, -0.09811314073528671] - [0.10295828449149606, -0.2588504438582697, 0.17746900375053756, 0.12081369430770318]
B1: 0.006484370851116016 - -0.007400125874593914 - 0.0025442624097149497 - 0.002233803167958075
B2: -0.004288606954634721 - -0.009435437564055087 - 0.00025944597889140985 - 0.00697854711766759
