Number: 8867
Error: 6.088311948388204e-06
A1: [0.06859531920506755, -0.19170047313417454, -0.03233846217753999, 0.1082406193893583] - [0.0242068198623121, 0.12111455236776802, -0.14781652222167688, -0.04926343261261884] - [-0.0016762064366577212, 0.22844921821949404, -0.12284357309517356, -0.1035863311033352] - [0.03043214221858699, -0.12215372328543203, -0.05606485447279417, 0.11413992419588886]
A2: [0.019462328241318265, -0.04517698564153029, -0.09080277449282902, 0.053114339001758] - [0.09021803745596622, 0.27024974713947963, -0.40413389341894274, -0.006549993338342417] - [-0.01458699331159053, 0.5344854054353039, -0.36336424808710366, -0.1717905541747815] - [0.08649598765292633, 0.006319366352800106, -0.17947279929722226, 0.04160855472384822]
B1: -0.0028510359297212505 - -0.0011165079492085033 - 0.0018444051598021046 - 0.0025779028745231214
B2: -0.0005118743511693538 - -0.00013769101872688387 - -0.0019189585017698354 - -0.004066844186323084
