Number: 5333
Error: 1.239291798422684e-15
A1: [0.06621319345115385, -0.11395206820297829, -0.023983938519970712, 0.07172287989924919] - [0.03740263808499415, 0.18819339423585815, -0.147408921261483, -0.07818698465790284] - [-0.06022929962797244, 0.3289508689874281, -0.12775303952548414, -0.14096825242826963] - [0.03904628622151376, -0.05332256544331776, -0.03741846744314583, 0.051695242369205294]
A2: [-0.009108911686798058, -0.34680354180538103, 0.24945475170805242, 0.10645632771749935] - [0.08003993607298364, 0.036282375804372054, -0.05024999170151167, -0.0660718379131221] - [-0.04245273886246817, 0.23083198003783884, -0.04053115917584117, -0.14784774983753943] - [0.06813484516251643, -0.29346777912313055, 0.14177131263304843, 0.0835619348820743]
B1: -3.7785469424731315e-08 - -6.907277146080459e-08 - 2.197927612347003e-08 - 2.9326689144258213e-08
B2: -1.194574902458343e-08 - -2.8928671575244792e-08 - -3.2878784864002673e-08 - 5.292600137808879e-08
