Number: 7878
Error: 7.324903510777206e-16
A1: [0.08043165583505288, -0.1804678395968221, -0.019588885788370945, 0.11962494289193275] - [0.037415615061868183, 0.1335964212165207, -0.13472615120005813, -0.03628579004872266] - [-0.0017028248605943173, 0.22819011065908598, -0.12282838848444332, -0.10365891607070245] - [0.038863200873838676, -0.11448105201354725, -0.046416474929680034, 0.12203419441850387]
A2: [0.03530730984518131, -0.02927360938150524, -0.07569747661152114, 0.06966326831944676] - [0.10289366713816622, 0.2828966170236858, -0.39260647704298474, 0.006815908533179547] - [-0.011187077831632811, 0.53901461297864, -0.35945099451857687, -0.16837644121514103] - [0.09786275876309738, 0.01746327566588206, -0.16885104920567087, 0.05352483571955639]
B1: -1.444968884615961e-08 - -6.497059825357243e-09 - 3.3257831078534514e-08 - 7.057734451276368e-09
B2: -1.4403014155020808e-08 - 5.27451300086074e-08 - -1.9300599069907844e-09 - -7.576801069770824e-09
