Number: 2735
Error: 1.3832010674115083e-08
A1: [0.06337125302800241, -0.047935610067732025, -0.02350660618743948, 0.007792719883621138] - [0.043461670898470695, 0.19107740422101976, -0.1427706169585404, -0.09273238543918921] - [-0.12335065506864777, 0.41495607181367183, -0.10476189947247304, -0.18697554120742682] - [0.03666269653527057, 0.018826325828954566, -0.03347197818180783, -0.023389796350703592]
A2: [0.06332487595252634, -0.17380116398993217, 0.08621047702589145, 0.023844397861510866] - [0.029453705925252812, 0.2004599331151018, -0.10154675602106408, -0.12771277424795865] - [-0.09347640429789207, 0.5136171669197038, -0.22567309646563133, -0.1951623654713126] - [-0.02592337658821922, 0.01852524613768671, -0.0502856900849159, 0.056980965533905775]
B1: -5.7842977466163084e-05 - 3.8338465713666536e-06 - -5.5488064958732025e-05 - -6.88209959781576e-05
B2: 7.334707050396152e-05 - 0.00024714117428958904 - -9.897458119964049e-05 - -1.5333095758012194e-06
