Number: 5021
Error: 1.2113345672136968e-15
A1: [0.06621317571793243, -0.11395208553992843, -0.02398395623926341, 0.07172286219581249] - [0.037402643989386565, 0.18819339987701753, -0.14740891545707874, -0.07818697885297919] - [-0.06022953370833928, 0.3289506441662397, -0.12775326858266384, -0.14096848025356848] - [0.03904626701994183, -0.053322583668907624, -0.03741848602012605, 0.05169522394309368]
A2: [-0.009108692158861151, -0.3468033089215328, 0.24945497301243158, 0.10645655787984673] - [0.08003981348590711, 0.0362822437431234, -0.05025012568207817, -0.06607197303126211] - [-0.04245286482296996, 0.23083184102054852, -0.04053129415969872, -0.1478478891446265] - [0.06813474214361968, -0.2934678925509621, 0.14177120095112888, 0.0835618193793166]
B1: -2.6171220587383597e-08 - -3.5102315965007157e-09 - 9.768622927652977e-09 - 8.807492314746037e-11
B2: 6.379153398193416e-09 - 8.307568220610865e-09 - -6.543039281938193e-08 - 4.0377634769442746e-08
