Number: 9070
Error: 0.00027052834838276016
A1: [0.06447609196059301, -0.14049791182529106, -0.01644557368496858, 0.13140446013530663] - [0.022923893255896104, 0.1459623850041898, -0.09801744193846505, -0.00682095766497757] - [-0.01986483701855023, 0.2216245894853265, -0.12555979054978114, -0.08212520635555387] - [0.043751999657839546, -0.08387251305545372, -0.031149108522614495, 0.1389316746478479]
A2: [0.2442703441083777, 0.08173821738462306, 0.03481555553365427, 0.26588771628081637] - [0.21423324142308817, 0.3525593789077044, -0.3037878984898924, 0.15104852852135933] - [0.093962732124849, 0.5203232895278447, -0.3258791409847405, -0.06489817713717758] - [0.24652402465960802, 0.057738719488238104, -0.10380038719270612, 0.2066694852933637]
B1: 0.019980171508541682 - -0.01558609037042363 - -0.008038062803003987 - 0.0008524317377241342
B2: 0.009841934444561332 - 0.01427529524901782 - 0.016513971917664346 - 0.014133868654423828
