Number: 1512
Error: 2.60067583044524e-09
A1: [-0.007313932791699632, -0.01512146200288844, 0.0028653636518912243, 0.01932455990701214] - [0.06650022537890736, 0.18957023931819886, -0.14707264934927874, -0.11022561076352153] - [-0.1122766906372405, 0.44208774954587005, -0.07046778962793694, -0.2577655489479009] - [-0.02399374726513451, 0.01473034751858221, -0.030571918754028975, 0.03825263883365388]
A2: [0.13176319708913778, -0.224454193781998, 0.022840341937459506, 0.07033383760253381] - [0.03257275017042752, 0.20367684709055925, -0.11496148618733618, -0.1215294686422232] - [-0.09466439412334905, 0.5554986882264112, -0.23524394678660274, -0.22567672979386277] - [-0.02078512621456875, -0.019234209817049375, 0.008159476377567781, 0.032222094399186905]
B1: 3.0246257739003017e-05 - -0.00014669711333917495 - 2.84260090462703e-05 - -4.0786199430412206e-05
B2: -5.151701118083145e-05 - -0.0001427300867336991 - 1.8093332327309773e-05 - 1.2510586690629943e-05
