Number: 5492
Error: 2.751920278194391e-13
A1: [0.06621209587137364, -0.11395314125483261, -0.023985035236902076, 0.07172178416357344] - [0.03740213009157161, 0.1881929088826918, -0.14740942065636695, -0.07818748409659398] - [-0.06023133767757986, 0.3289489115472326, -0.12775503384067385, -0.14097023601691452] - [0.03904607548172255, -0.05332276547639839, -0.03741867134347273, 0.0516950401248629]
A2: [-0.009109194434189576, -0.3468038417547712, 0.24945446667191948, 0.10645603126665121] - [0.08003887438897095, 0.036281232068342266, -0.050251152058548396, -0.06607300812375366] - [-0.04245179129388174, 0.23083302582665793, -0.04053014372734213, -0.14784670186090318] - [0.06813582059671004, -0.29346670513446255, 0.14177237009329086, 0.08356302852456293]
B1: 4.874197842647724e-07 - -1.4357700347727077e-06 - 2.568868917177427e-07 - 1.6274487150282356e-07
B2: -4.361198694073446e-07 - -5.882048984991808e-07 - -6.954959113871198e-07 - -2.0185116599941864e-07
