Number: 7759
Error: 7.775991605386355e-16
A1: [0.08043168752644814, -0.18046780790901462, -0.01958885413486603, 0.1196249745797104] - [0.03741553005036975, 0.13359633626937156, -0.13472623604215844, -0.036285875013122144] - [-0.001702834397781713, 0.2281901011221036, -0.12282839800766512, -0.10365892560534329] - [0.038863230598907963, -0.11448102237189495, -0.046416445223547084, 0.12203422412510156]
A2: [0.03530744133879049, -0.029273477524220003, -0.07569735158891894, 0.06966340594160716] - [0.10289371627065548, 0.2828966665731503, -0.39260642952265745, 0.006815959982029521] - [-0.01118708984660444, 0.5390146008920079, -0.3594510058910249, -0.16837645387571964] - [0.09786281217136714, 0.017463329317079657, -0.1688509983643986, 0.053524891780787225]
B1: -1.7451677448844482e-08 - -3.2133278505052934e-08 - -1.5968749658284068e-08 - -1.647578965119312e-08
B2: -1.785852455043897e-08 - -1.2947798185312395e-08 - -2.5856144130862947e-08 - -1.3726887351612326e-08
