Number: 8132
Error: 1.1015563420647126e-15
A1: [0.08043174607498521, -0.18046774936712753, -0.019588795656385292, 0.11962503312153383] - [0.03741551710320251, 0.133596323332045, -0.1347262489634251, -0.03628588795306279] - [-0.0017027973154693874, 0.22819013820362033, -0.1228283609796583, -0.10365888853293331] - [0.03886324402110669, -0.11448100898736502, -0.046416431809918675, 0.12203423753895037]
A2: [0.03530732862595471, -0.02927359054874295, -0.07569745875500943, 0.06966328797559483] - [0.10289374164764825, 0.28289669216551605, -0.39260640497833915, 0.00681598655541703] - [-0.011187033768165041, 0.5390146573048628, -0.3594509528114746, -0.16837639478403363] - [0.09786279930490556, 0.017463316392056394, -0.16885101061245525, 0.05352487827519234]
B1: -3.349457019701169e-08 - -2.7925299161038004e-09 - 3.2676022263859334e-08 - 1.8931804430143445e-08
B2: 4.188299538240559e-08 - -5.193913941920635e-08 - 1.0309612954942726e-08 - 1.070848930891129e-08
