Number: 5977
Error: 2.3835359840066052e-11
A1: [0.08041269242950644, -0.180486800681596, -0.019607825490289364, 0.11960598222673698] - [0.03742537061778302, 0.13360616899327554, -0.13471641635621515, -0.03627604062325148] - [-0.001712260753371416, 0.22818067509866882, -0.12283781003811373, -0.1036683491850324] - [0.038849760989197624, -0.11449445390541152, -0.04642990542175683, 0.12202076331096658]
A2: [0.03524224788587828, -0.029338852527119923, -0.07575933702402872, 0.06959517387990835] - [0.10285005892648945, 0.2828526377400799, -0.39264865478492866, 0.0067702441095050915] - [-0.011156531497682424, 0.5390453419359026, -0.3594220817721088, -0.16834425348261933] - [0.09785115339047283, 0.017451617345467005, -0.16886209685759246, 0.053512653890007235]
B1: 7.027721707460603e-07 - 1.0290816010429866e-05 - 1.2866766113586078e-06 - -2.756026250824083e-06
B2: -4.281014842673606e-06 - 8.071246513560315e-06 - 2.9158110791481704e-06 - 2.8666687787371584e-06
