Number: 3851
Error: 1.1138080750962022e-15
A1: [0.06621307331016836, -0.11395218565921836, -0.023984058566669363, 0.07172275995991689] - [0.0374025308933963, 0.18819329182144864, -0.14740902663913252, -0.07818709004484369] - [-0.06022928351319742, 0.328950884465024, -0.1277530237564153, -0.14096823674431905] - [0.039046143974830895, -0.053322700458903714, -0.0374186050623456, 0.05169510586750031]
A2: [-0.009108589357572144, -0.3468031998657348, 0.24945507664554442, 0.10645666566114009] - [0.0800398350913049, 0.036282267018267825, -0.05025010206872328, -0.0660719492173722] - [-0.04245278778482977, 0.23083192604447073, -0.0405312116028319, -0.14784780394350344] - [0.06813479477837778, -0.29346783459786274, 0.1417712580124501, 0.08356187839253384]
B1: -2.1110115285317616e-09 - -3.431738141900512e-08 - -1.810341032873095e-08 - -2.5931579023413878e-08
B2: -4.3813071411970425e-08 - -3.864612391939628e-08 - 9.873301446593317e-08 - -8.843897286956267e-08
