Number: 8619
Error: 8.327058452093371e-16
A1: [0.08043173369312306, -0.18046776174753507, -0.019588808023414894, 0.11962502074112556] - [0.03741566978982605, 0.13359647590313964, -0.13472609658092136, -0.03628573535094963] - [-0.0017027981368526964, 0.22819013738225782, -0.1228283617998392, -0.10365888935408453] - [0.038863292014212084, -0.11448096112885656, -0.046416383847368174, 0.12203428550229217]
A2: [0.035307367132378115, -0.029273551935844577, -0.07569742214361626, 0.06966332827668767] - [0.10289376222908952, 0.2828967129216556, -0.3926063850721876, 0.006816008107130167] - [-0.011187116655946175, 0.5390145739227511, -0.3594510312667408, -0.16837648212556058] - [0.09786273478521906, 0.01746325157891253, -0.16885107203117677, 0.05352481055068712]
B1: -8.801165032739327e-09 - 1.4544974560609594e-08 - -1.2844176617070803e-08 - 7.176893636580178e-09
B2: -2.9228296588574064e-09 - -2.225386230773023e-08 - 3.88881376601705e-08 - -1.01590879957969e-08
