Number: 7455
Error: 8.364831373553885e-16
A1: [0.0804317283901796, -0.18046776704990947, -0.019588813320009276, 0.11962501543876727] - [0.037415634521000794, 0.1335964406609378, -0.13472613177970083, -0.036285770600367424] - [-0.0017027796712507353, 0.22819015584746963, -0.12282834336126884, -0.10365887089342038] - [0.038863275632270246, -0.11448097746490983, -0.04641640021889434, 0.12203426913046815]
A2: [0.03530735624538502, -0.02927356285297836, -0.07569743249470065, 0.06966331688218644] - [0.1028937655217765, 0.2828967162422646, -0.3926063818875999, 0.0068160115551225454] - [-0.011186997223457241, 0.5390146940676079, -0.3594509182211583, -0.16837635627552455] - [0.09786283623690296, 0.017463353492081238, -0.16885097545556188, 0.05352491704175873]
B1: -3.7447226814700896e-08 - 6.733694423787885e-09 - 2.5850168423822045e-08 - 5.495659790353243e-09
B2: 9.356835802778992e-11 - 9.328471698168611e-10 - 5.3284017482066895e-09 - 8.280912788989669e-10
