Number: 2148
Error: 0.0004116531748718204
A1: [-0.060573998481363266, -0.14356361248695743, -0.08708967838271034, -0.06333783363305748] - [0.07081088040569859, 0.19801378722697643, -0.14887020773537474, -0.09233517124466387] - [-0.148669126015324, 0.37941426587784954, -0.10176590551610412, -0.2531028379256127] - [-0.05905887346817078, -0.046115380141364785, -0.09115499723403879, -0.07149137100825946]
A2: [0.2003876390915692, -0.11000553395921586, 0.18171900173680533, 0.14189623777874624] - [0.058715788603926594, 0.2263635155010373, -0.06782701939175421, -0.10624432240150622] - [-0.13850646353877039, 0.5261774010823861, -0.25961791668386525, -0.22460503704453127] - [0.15579354354804972, 0.2226557303967883, 0.1898929846455909, 0.20838250085803525]
B1: 0.02405664264682578 - -0.01105085059859923 - -0.04396360579749442 - -0.01876684280226969
B2: -0.010244720465961525 - 0.03669819779170248 - -0.004904371503848267 - 0.00613370822221352
