Number: 4980
Error: 9.095561290143077e-16
A1: [0.06621326844132831, -0.11395199488857234, -0.023983863588637685, 0.0717229547635918] - [0.037402640096853866, 0.18819339615796343, -0.14740891928373984, -0.07818698267997848] - [-0.06022940537168736, 0.328950767426649, -0.12775314299992055, -0.14096835534625915] - [0.039046219806638714, -0.05332262848205586, -0.03741853169746362, 0.05169517863663799]
A2: [-0.009108516300892228, -0.34680312236411726, 0.24945515029321802, 0.10645674225700852] - [0.0800398436460039, 0.03628227623415965, -0.05025009271884358, -0.06607193978813167] - [-0.04245278484598623, 0.2308319292878825, -0.04053120845335126, -0.14784780069333606] - [0.06813480011711837, -0.2934678287197816, 0.14177126379985885, 0.08356188437811575]
B1: 3.804656279009046e-08 - -7.32954366582145e-10 - -1.2159161283521896e-08 - -3.518377209986945e-11
B2: 2.894451074652003e-08 - 1.563901719421578e-08 - -4.568138900010612e-08 - -1.8906963691998882e-08
