Number: 1687
Error: 1.6858260844246828e-07
A1: [-0.009449956140857328, -0.017283266613695975, 0.0006451257136819033, 0.01711948323774888] - [0.06754453276080492, 0.19057474653692516, -0.14599400699557188, -0.10906421799145889] - [-0.11296379317272394, 0.44139673589223766, -0.07119309822312442, -0.2585170822858049] - [-0.023471743391215907, 0.015231346666622639, -0.030039127472111786, 0.03879345650379568]
A2: [0.1306293568314475, -0.2255664117061941, 0.02171870705435146, 0.06921518452065205] - [0.03288295201012223, 0.2039822355714552, -0.11465311018453565, -0.12122478951747695] - [-0.09594013772223806, 0.5542510356341716, -0.23649421388213335, -0.2269366092103845] - [-0.021736108320011112, -0.020175469488793805, 0.0072089301409821414, 0.03129990349376864]
B1: 0.0003077817806875396 - 0.0003071154381175542 - 2.3332976191729868e-05 - 0.00025410034241606886
B2: -0.0002604448189228682 - 0.0007232017743230403 - 0.001349768710408637 - 0.00045829371145636574
