Number: 5206
Error: 2.608229837632248e-15
A1: [0.0662131089048451, -0.11395215086001635, -0.02398402299995184, 0.07172279549481649] - [0.0374025509381872, 0.18819331097290348, -0.14740900693352968, -0.07818707033752635] - [-0.06022966973482501, 0.3289505135198685, -0.12775340169035102, -0.1409686126452977] - [0.039046163616107174, -0.05332268181596704, -0.03741858605993789, 0.05169512471554217]
A2: [-0.009108515755012331, -0.3468031217849861, 0.24945515084335224, 0.1064567428294006] - [0.08003972123058456, 0.03628214435782917, -0.050250226511733276, -0.06607207471709103] - [-0.04245286255902022, 0.23083184351918476, -0.04053129173362279, -0.14784788664072662] - [0.0681347584898454, -0.29346787455311957, 0.14177121867183592, 0.08356183770644757]
B1: -7.421497589389952e-09 - -2.204193770358718e-08 - -9.741643395674495e-09 - -9.417732022817601e-09
B2: -2.3771063913685505e-08 - -2.2472240422475726e-08 - 1.366147936386239e-07 - -9.45413890186028e-08
