Number: 7544
Error: 1.0666939315941347e-15
A1: [0.08043173404921823, -0.1804677613915133, -0.019588807667737945, 0.1196250210971579] - [0.03741561079404736, 0.13359641695194108, -0.13472615545937822, -0.03628579431417866] - [-0.0017027443312806038, 0.2281901911866839, -0.12282830807304324, -0.10365883556288408] - [0.03886326052328331, -0.11448099253149695, -0.046416415318254536, 0.12203425403086995]
A2: [0.03530737557704885, -0.02927354346784532, -0.07569741411439806, 0.06966333711486578] - [0.10289369063110955, 0.28289664071600124, -0.3926064543209009, 0.006815933133690873] - [-0.011187196931639519, 0.53901449316827, -0.3594511072494387, -0.16837656671485235] - [0.09786273016045488, 0.01746324693313633, -0.1688510764335453, 0.05352480569610072]
B1: 1.1643644490252701e-08 - -5.407727133266728e-09 - 3.6934663918301953e-09 - 1.6933897231456807e-09
B2: 8.008838860513404e-09 - -9.248738769722357e-09 - 2.8594003901926812e-08 - -7.12745995415289e-09
