Number: 2772
Error: 6.482950703958884e-09
A1: [0.0636225880971236, -0.04768509910166869, -0.023257597017539246, 0.008041624639408777] - [0.043982638430575184, 0.19158039430958687, -0.1422341410548653, -0.09215946584879776] - [-0.12344509985244127, 0.41486198161707155, -0.104858025660852, -0.1870714667032372] - [0.03718055891554213, 0.019345076425276567, -0.032954851056551, -0.022875118955670615]
A2: [0.06293631967467904, -0.17418797897108054, 0.08582241785118704, 0.02346057235977857] - [0.029217714468517637, 0.20022752740016134, -0.10178218178995156, -0.1279437733949917] - [-0.09367683454959408, 0.5134200446276567, -0.22587337169364252, -0.1953568297662688] - [-0.025711190877217596, 0.01873571100573191, -0.05007215679775842, 0.05718697211571063]
B1: 9.149632828971168e-06 - 0.00014215730219678226 - 0.00015841664705675728 - 1.9376468827502064e-05
B2: -3.2312740997726054e-05 - 4.679835124665148e-05 - 0.00011236270140052306 - -2.236211197626716e-06
