Number: 8828
Error: 7.763933033846179e-05
A1: [0.07749346497996222, -0.18342882703814603, -0.022489792064008557, 0.11668795668530625] - [0.03490963767706035, 0.13105617301192718, -0.13715505771453151, -0.03879755423393858] - [-0.006735545627814557, 0.22312615239481334, -0.1277981574588682, -0.10869064732503564] - [0.03551697739212923, -0.11782851989047938, -0.04974700932673599, 0.11869573019543514]
A2: [0.04647102243569087, -0.01815534536085713, -0.06497419771948475, 0.08134124012995318] - [0.11140977540099838, 0.2914591035357998, -0.38427158223820823, 0.015726987050634446] - [0.008669667581094175, 0.5588568270886859, -0.3406536589518408, -0.14745119501732662] - [0.11005752453240712, 0.029656175783239782, -0.1571277440983192, 0.06631599644447192]
B1: 0.004526843161627249 - 0.006425345687967168 - 0.0021133970607759827 - 0.005772021580818673
B2: -0.003762987447128864 - -0.0038486062436848528 - -0.0019303985429615002 - -0.0034919284826028917
