Number: 8010
Error: 7.919484803152376e-16
A1: [0.08043171860081566, -0.18046777683816628, -0.01958882309766233, 0.11962500565052532] - [0.03741559010113307, 0.13359639627469483, -0.1347261761110066, -0.03628581499560644] - [-0.0017027950897502925, 0.22819014042929758, -0.12282835875718749, -0.10365888630780247] - [0.038863263550944105, -0.1144809895123311, -0.046416412292508404, 0.12203425705665776]
A2: [0.03530742964379667, -0.029273489251555394, -0.07569736270836988, 0.06966339370152708] - [0.1028936971325033, 0.2828966472725757, -0.39260644803283806, 0.006815939941604156] - [-0.011187089740794364, 0.5390146009984232, -0.3594510057908761, -0.1683764537642288] - [0.09786277772378328, 0.01746329471279608, -0.16885103115630867, 0.05352485562207805]
B1: -8.550322388970179e-09 - 2.0575847788030567e-08 - 1.5750605226442962e-09 - 7.803253382648952e-09
B2: 6.810799135056058e-08 - -1.076652002963861e-07 - 4.107232573843344e-09 - 5.48014300419006e-08
