Number: 6835
Error: 1.3991339530584924e-15
A1: [0.08043167045987379, -0.18046782497364766, -0.01958887118104161, 0.11962495751508105] - [0.03741555264939064, 0.13359635885129476, -0.13472621348818242, -0.03628585242662419] - [-0.001702864751137908, 0.22819007076939737, -0.12282842831658561, -0.10365895595060559] - [0.03886319694886869, -0.11448105592748799, -0.04641647885214904, 0.12203419049597528]
A2: [0.035307461666661065, -0.029273457140135923, -0.07569733226144086, 0.06966342721693494] - [0.10289381229964767, 0.28289676341713504, -0.392606336644671, 0.006816060538389648] - [-0.011187163333672681, 0.5390145269666301, -0.3594510754481506, -0.16837653131159094] - [0.09786280987573892, 0.017463327011007192, -0.168851000549699, 0.05352488937113494]
B1: 5.5500260310438966e-09 - 2.1528098021059232e-08 - -2.5637803245304124e-08 - -2.62141199751606e-09
B2: 1.2745011615688825e-08 - 1.6820359187294925e-10 - -1.0979215100978144e-08 - -4.630484714383009e-10
