Number: 7302
Error: 1.2551567171130358e-15
A1: [0.08043167192865779, -0.18046782350503035, -0.01958886971401018, 0.11962495898369821] - [0.03741557553542622, 0.13359638172001093, -0.13472619064774152, -0.03628582955326398] - [-0.0017028349937088965, 0.22819010052619362, -0.12282839860272117, -0.10365892620111454] - [0.03886321628135972, -0.114481036649254, -0.04641645953197852, 0.12203420981644941]
A2: [0.03530741108018458, -0.0292735078665256, -0.07569738035843525, 0.06966337427270972] - [0.10289378959950732, 0.28289674052433933, -0.39260635859993154, 0.006816036768016498] - [-0.01118704335784431, 0.5390146476580499, -0.35945096188840164, -0.16837640488890007] - [0.09786281058810446, 0.017463327726612302, -0.16885099987157465, 0.05352489011888453]
B1: -1.3033858070215314e-08 - 1.4542280194886803e-08 - 1.5997388893975383e-08 - 9.054284532330083e-10
B2: 2.3478167362874093e-11 - 1.2576366177687858e-09 - 6.4237765917894e-10 - 1.88895353631492e-09
