Number: 5552
Error: 9.678434901127539e-10
A1: [0.06620823643432723, -0.11395691096897008, -0.023988888452681115, 0.07171793344003945] - [0.03739304678841796, 0.1881842322972782, -0.14741834864678574, -0.07819641339859838] - [-0.060223256262174174, 0.32895667775237647, -0.12774712131575278, -0.14096236696472147] - [0.03905131210583377, -0.05331779305795154, -0.03741360330835384, 0.05170006689259746]
A2: [-0.009068078206584299, -0.346760224945106, 0.2494959171952461, 0.10649914297694389] - [0.08004700282177979, 0.03628998893420512, -0.05024226849251788, -0.06606404860526364] - [-0.042456929409659366, 0.2308273554001582, -0.04053565083253054, -0.1478523840059898] - [0.06812769833930413, -0.2934756483543293, 0.14176356440370697, 0.08355392264564458]
B1: -5.822355980866427e-06 - -1.7407438899588485e-05 - -8.538382258154907e-06 - -7.298224778922865e-06
B2: 1.8886330219936012e-05 - 2.8887018090227775e-05 - 1.897751480179576e-05 - 1.9353580521489077e-05
