Number: 2967
Error: 3.290385105717616e-08
A1: [0.06373265446620917, -0.047574005896116, -0.02314718793479231, 0.00815086954957336] - [0.04312419524532441, 0.19075182269606952, -0.143117791835736, -0.09310220420897541] - [-0.12366342504085427, 0.41464777499414496, -0.10507557396708554, -0.1872869629206161] - [0.03671459367503397, 0.018880834376490803, -0.03342063482750611, -0.023337187776628295]
A2: [0.06323588288789146, -0.17389089038073477, 0.08612088614645005, 0.023754805465829983] - [0.029210256362260704, 0.20022007713704157, -0.10178997853940754, -0.1279513874763553] - [-0.09414333555217186, 0.5129629498161208, -0.22633802440848574, -0.19580551848839997] - [-0.026724735885142296, 0.017726520164097335, -0.051085300240087804, 0.05620276351495616]
B1: 7.025446657418213e-05 - -5.3022452589835335e-05 - 0.00034388581194338323 - 0.00028326333740068764
B2: 0.0002209677445600308 - 7.266901781705654e-05 - 6.055754271110433e-05 - 0.00013984894831973823
