Number: 1943
Error: 1.594443892128013e-05
A1: [-0.0054009833841865305, -0.013041889010758177, 0.004783171321385666, 0.0212180326336759] - [0.06830955755676847, 0.19128560109523204, -0.1452081729845539, -0.10830606220316724] - [-0.10967436416198285, 0.4445168373938557, -0.06808804554788797, -0.2551259643930329] - [-0.022559003523514483, 0.016076422471926352, -0.029461614378485147, 0.039627722176885184]
A2: [0.12981490443774552, -0.22670239823744748, 0.020629854005488894, 0.06817246342115695] - [0.03458047512062291, 0.20570163619366288, -0.1129616855739795, -0.11956413799658182] - [-0.08919707239797059, 0.5607310427396714, -0.22990803226807957, -0.22025625404239188] - [-0.018129944154912578, -0.016885363151517778, 0.010629073944351591, 0.034630563597426285]
B1: 0.002741593446707721 - 0.001220998179391813 - 0.0015935999745396545 - 0.0004270735114613989
B2: -0.002374004559039464 - -0.0002400532054889059 - -0.003369652655617194 - -0.0035593473300094885
