Number: 3561
Error: 9.064855812503094e-12
A1: [0.0662051846509569, -0.1139598981867434, -0.023991941416824206, 0.07171488464276932] - [0.03740242867255006, 0.18819319405986948, -0.1474091272472598, -0.07818719028488748] - [-0.0602222950436982, 0.3289575966322965, -0.12774618442192331, -0.14096143563436142] - [0.039033755286961964, -0.05333445920191872, -0.037430590981385466, 0.05168321745932256]
A2: [-0.00910397055452952, -0.3467982998791835, 0.24945973307404823, 0.10646150815379674] - [0.08005607137904758, 0.03629975832556523, -0.05023235667876083, -0.06605405329041938] - [-0.04246401175494649, 0.23081953851653486, -0.040543240504151624, -0.14786021743129266] - [0.0681351609758979, -0.2934674315199091, 0.14177165575733192, 0.08356228953714052]
B1: 1.4293900513263457e-06 - -6.952413141799067e-06 - -3.502118507961131e-06 - 1.1204120848856523e-05
B2: -1.9804102937115086e-06 - -6.46031417101602e-08 - 2.1660122438352864e-06 - -4.053149203284358e-06
