Number: 9029
Error: 0.0002658865545735335
A1: [0.004566429018910656, -0.2195946455563337, -0.07482981059086219, 0.06659866021751941] - [-0.04317582580704928, 0.07733344112775017, -0.1643651069461183, -0.0738441629704318] - [-0.11370250971439115, 0.1325256275229276, -0.20471549853829513, -0.17383664993415923] - [-0.030191461603114936, -0.15964229965223814, -0.10156453948494064, 0.06457322748677831]
A2: [0.09851867696752858, -0.051838157118927884, -0.09592241540047813, 0.13086205405571585] - [0.12786853736738113, 0.24735295996431192, -0.40284282471706245, 0.04536663680881423] - [0.16254237148138023, 0.5959679707056277, -0.26531555848172605, 0.008581547830362678] - [0.1590978669553683, -0.02644395334910546, -0.18631365796191535, 0.12128389720720133]
B1: -0.004969319824835705 - 0.03466100759695953 - -0.019052280214314855 - 0.0052447541801500545
B2: 0.014382562739232252 - -0.0006206584038080361 - 0.02238959288202346 - 0.002645741713942245
