Number: 2566
Error: 1.9016001292775654e-08
A1: [0.06380469288365757, -0.04749804558114946, -0.023074566568321863, 0.008224427094873497] - [0.04332270889824662, 0.1909434785351556, -0.14291407552892235, -0.09288608951610101] - [-0.12282241221913869, 0.41549060450013914, -0.10422375761245078, -0.18643899444550283] - [0.03730680076075817, 0.019478414520132804, -0.03282539828503801, -0.022746309435796332]
A2: [0.06299263904910722, -0.17413791970763168, 0.08588197951025603, 0.023515185704187588] - [0.029626651792800898, 0.2006300081059194, -0.10137441984046669, -0.12754382325470093] - [-0.0927259962560579, 0.5143516431997548, -0.22492433337619777, -0.19443610114973484] - [-0.02496423743531716, 0.01947993632343639, -0.0493321782679321, 0.057912726271604646]
B1: 0.00023074647529602814 - 2.4873256137075095e-05 - -0.00014793259791728419 - -0.00023125201365939535
B2: -2.1051861345146635e-05 - 6.625083870064035e-05 - 3.832906124881559e-05 - 4.008956756978967e-05
