Number: 6278
Error: 7.436245853676426e-16
A1: [0.08043164926745622, -0.18046784616366177, -0.019588892348117438, 0.11962493632508683] - [0.03741555295571781, 0.1335963591573931, -0.13472621318246444, -0.03628585212046314] - [-0.0017028314465627268, 0.2281901040732672, -0.1228283950607751, -0.10365892265491677] - [0.03886321013044073, -0.114481042782907, -0.04641646567897643, 0.12203420366935819]
A2: [0.03530746760830614, -0.029273451182058003, -0.07569732661221022, 0.06966343343552543] - [0.10289370591301779, 0.2828966561275893, -0.3926064395404152, 0.006815949136019221] - [-0.011187115280501021, 0.5390145753064224, -0.3594510299647816, -0.1683764806762896] - [0.09786278574770561, 0.01746330277322351, -0.1688510235180148, 0.05352486404454265]
B1: -2.1838452200083014e-09 - -1.4293432452346896e-08 - -2.5592204651502747e-08 - -9.701905464841452e-09
B2: -2.1576132534063356e-08 - -2.0321303117206253e-08 - -1.4374683349759157e-09 - -9.637208865314935e-09
