Number: 5503
Error: 2.491857689766455e-13
A1: [0.06621251823891809, -0.11395272832275533, -0.02398461320197597, 0.0717222058213385] - [0.03740203600827783, 0.18819281899307386, -0.1474095131499009, -0.07818757659848065] - [-0.060228635827803384, 0.32895150653418975, -0.12775238996886606, -0.1409676063637022] - [0.03904222152468186, -0.05332642351264577, -0.037422399925134145, 0.05169134181726464]
A2: [-0.009104718682218346, -0.34679909369983236, 0.2494589786361136, 0.10646072383239376] - [0.08004219360188068, 0.036284807808340425, -0.05024752435608959, -0.06606934961209425] - [-0.04245130033433401, 0.23083356767655477, -0.04052961759468363, -0.1478461588833871] - [0.06813613147525457, -0.2934663628458243, 0.1417727071164908, 0.08356337707289008]
B1: -4.6850805426704983e-07 - 5.1630922491670435e-08 - 5.031310950572434e-07 - 5.213867044895496e-07
B2: 3.2070060799956737e-07 - -5.380449128559008e-07 - 9.866106623311155e-07 - -9.206102414530374e-07
