Number: 2476
Error: 2.849500560988685e-07
A1: [0.06620988457032893, -0.0451380083868101, -0.020708011601913646, 0.010589013915657863] - [0.042775614665133764, 0.19040534625452762, -0.14349532119603625, -0.09350084212986005] - [-0.12229179457133993, 0.4159652350857887, -0.10373758751653701, -0.1859645064938568] - [0.04001756321036014, 0.02216565256310387, -0.030140156472538013, -0.020086431910306426]
A2: [0.06385618645696663, -0.1732684783146206, 0.08670827436278665, 0.024376988808155284] - [0.03050493302442317, 0.20149476397330265, -0.10049956161602694, -0.12668358009486214] - [-0.09379553540715034, 0.5133381306447391, -0.22598303166518602, -0.195455528514285] - [-0.025207332935542053, 0.01925512090721528, -0.0495588221604254, 0.05769728377942235]
B1: 0.0006876440406328109 - -0.00020327913136833844 - -0.00021235404105867213 - -0.00013003769243618272
B2: -0.0007917022601823542 - 0.001572380617687025 - 0.0005985439733888287 - 0.0006964708270324658
