Number: 959
Error: 9.866581297536284e-06
A1: [-0.016862789943250262, -0.01936012652264823, 0.012876364959024564, 0.0035414057136645537] - [0.064683819105405, 0.18838685751907905, -0.14651383831708442, -0.11129207363741762] - [-0.09945978853590963, 0.4187199972718161, -0.05689839943614767, -0.27573323111014836] - [-0.00663589435348484, -0.023336575728863156, -0.009498325880176172, 0.017223363971252136]
A2: [0.1632017510698597, -0.16616939662512045, 0.010084165023569939, -0.0007580878156937785] - [0.03560663301070444, 0.20763592893312963, -0.11708996406372801, -0.12567368071850935] - [-0.08665533682924292, 0.5811077838421584, -0.23581882226239775, -0.260366517206832] - [-0.006262516258941461, -0.006903478564589819, -0.001293112764853747, 0.004920238571427151]
B1: -0.0013145585435308518 - -0.0009434438282368367 - -0.0001714518673827715 - 0.000543354520219988
B2: 0.00282240900714191 - 0.0028523274221516617 - 0.001765479810882591 - 0.0023544413551845047
