Number: 2470
Error: 9.982584219884202e-07
A1: [0.06242991242590165, -0.04890292347567554, -0.024441783413732765, 0.006848362020127081] - [0.042128261260431364, 0.1897771469275193, -0.14416578495977853, -0.09421653149991874] - [-0.13174094842413614, 0.4065349505296632, -0.11323445634513554, -0.19542995175367747] - [0.0336368267973762, 0.015775448583757568, -0.0365114633561344, -0.02643050228328789]
A2: [0.06688829964686677, -0.17026291584842249, 0.08971665376316498, 0.027374323211921885] - [0.03020838332127943, 0.2012010248092185, -0.10079898901376502, -0.1269763054759297] - [-0.0933024950124746, 0.5138359882031189, -0.2254884484347557, -0.19497068672761886] - [-0.025638086748495395, 0.018838242510136848, -0.04998727896942632, 0.05728474331477704]
B1: -0.0004502401180873528 - 0.0002718755357398768 - 2.415674458710701e-05 - 0.00020804003485935644
B2: -0.0014079521218443812 - 0.00041665441983349937 - 0.0015760075732294343 - 0.0010900607423638996
