Number: 9799
Error: 9.568746184670106e-16
A1: [0.053172520466906424, -0.1480013006600748, -0.02699907696139508, 0.12182779229437508] - [0.0053137004780406775, 0.13083667490938214, -0.11360076310828354, -0.02254978274235446] - [-0.014444504721394765, 0.2230915926744216, -0.12704120771936955, -0.0816059611538096] - [0.02714641323503019, -0.10002008489883032, -0.04942455535908866, 0.12229807342399125]
A2: [0.08925469532379006, -0.07291313682755439, -0.12362719205015792, 0.10728661997888493] - [0.10884171147515918, 0.2498141637843987, -0.4048453065139623, 0.04618946247284989] - [0.036635797110795995, 0.46255498530039846, -0.3777175815996183, -0.12147340372860535] - [0.143426414150904, -0.044606642300328646, -0.2014995540785049, 0.10267984316206859]
B1: 7.0444888520983334e-09 - -6.453518504255958e-09 - -5.576644220459068e-09 - 4.261404550600425e-08
B2: 1.0838891580961365e-08 - 8.593420928493675e-09 - -7.265618974132507e-10 - -2.8059295484862416e-09
