Number: 8897
Error: 0.0005026358357910349
A1: [0.07293330417330074, -0.1820337808061364, -0.020320478301426925, 0.11919095297098323] - [0.03995538592909875, 0.14244505289910805, -0.12297143996181872, -0.025840132626220626] - [-0.027906697053623985, 0.2065528952267657, -0.14533497689509076, -0.12738711464042238] - [0.04704823734344912, -0.09741979386487369, -0.030249618996803854, 0.1384841959602792]
A2: [0.011173413850674805, -0.05204910446151057, -0.10299288981183168, 0.04526479144757564] - [0.15220052825888253, 0.3328373765646693, -0.345064896643412, 0.05929253450000785] - [0.057547660770301906, 0.6056886185724014, -0.29259088576847103, -0.09016515536968525] - [0.16898629250730704, 0.08820743954337114, -0.0983690831799086, 0.1344250748562473]
B1: -0.027409019196344434 - -0.021242428450514748 - 0.018876262958586305 - 0.01987443183166127
B2: 0.02043794538292141 - 0.03294527346310201 - 0.009000774828765885 - 0.009014083865639295
