Number: 2627
Error: 7.040356039213424e-08
A1: [0.06390461320958343, -0.0474015049239132, -0.02297594863657506, 0.00832516704033356] - [0.043575311089058634, 0.1911864611511243, -0.14265356395662004, -0.0926070090585331] - [-0.12269809579725686, 0.41561273903077284, -0.10410009981974815, -0.1863146362904667] - [0.03735772856360107, 0.019526433165589805, -0.032774905757414964, -0.022694429323380803]
A2: [0.0640473148122959, -0.1730865166642833, 0.08693376381101586, 0.02455844866292567] - [0.029888203830996312, 0.20088801302116674, -0.10111424760045587, -0.12728776843059877] - [-0.09258592249661705, 0.5144908737715919, -0.22478215568826515, -0.19429983759650757] - [-0.02477971618698639, 0.019665152240635503, -0.04914393476863981, 0.0580935751427753]
B1: 0.0003103744116782698 - 7.421169997923305e-05 - 0.0001495331866216323 - -2.1130330522558185e-05
B2: -0.00018521173892951763 - 0.00030162670673887526 - -0.00026056284009445444 - -0.00015317697975502796
