Number: 6528
Error: 9.546402978567034e-16
A1: [0.08043168606512409, -0.1804678093701652, -0.019588855594449624, 0.11962497311854944] - [0.037415571172412225, 0.13359637736029611, -0.1347261950020673, -0.03628583391386264] - [-0.0017027938054265386, 0.22819014171359822, -0.12282835747475056, -0.1036588850238285] - [0.03886320231026245, -0.11448105058114205, -0.04641647349417025, 0.12203419585403763]
A2: [0.03530744578517944, -0.02927347306554296, -0.07569734736135172, 0.06966341059524361] - [0.10289373224771685, 0.2828966826857955, -0.39260641406984625, 0.0068159767123142125] - [-0.011187095197696752, 0.539014595509012, -0.35945101095598486, -0.16837645951431557] - [0.0978628013667098, 0.017463318463274695, -0.16885100864974514, 0.05352488043942645]
B1: -4.207281901679123e-09 - 1.0335952695615298e-09 - -3.915751748214551e-09 - -4.1959318037668884e-10
B2: 1.371063210795456e-09 - -1.1714339106597122e-08 - 2.4512222822387947e-08 - -1.8686960425646425e-08
