Number: 8684
Error: 6.804458923639376e-15
A1: [0.0804317515348865, -0.1804677439078001, -0.019588790202978053, 0.11962503858084998] - [0.037415702384275676, 0.1335965084729016, -0.13472606405140397, -0.036285702774560336] - [-0.0017027306633504928, 0.22819020485431743, -0.12282829442512433, -0.1036588218985854] - [0.038863295961005635, -0.11448095719314674, -0.046416379903080486, 0.1220342894466306]
A2: [0.035307626400269826, -0.029273291950926997, -0.07569717563428266, 0.06966359962788665] - [0.1028942125279148, 0.28289716704205115, -0.39260594954843797, 0.006816479634860428] - [-0.011186803348316766, 0.5390148890989921, -0.35945073471334366, -0.16837615198339115] - [0.09786302892313374, 0.017463547054661507, -0.16885079203017314, 0.053525119298879494]
B1: -4.652783987273402e-10 - -1.1165820687486254e-07 - -2.051567943819986e-08 - -2.235535628952842e-10
B2: 4.259683900898344e-08 - 2.1425156318668577e-08 - 8.329886263750376e-09 - 3.989899116921294e-08
