Number: 6327
Error: 1.2873687964973153e-15
A1: [0.08043170049392473, -0.18046779494299645, -0.019588841182900142, 0.11962498754570358] - [0.037415615290786096, 0.13359642144528092, -0.13472615097159915, -0.036285789819925925] - [-0.0017027644780249645, 0.22819017104037376, -0.12282832819029045, -0.10365885570425382] - [0.038863286492464934, -0.11448096663518727, -0.046416389365611016, 0.12203427998392004]
A2: [0.03530741625415115, -0.02927350267825347, -0.07569737543905898, 0.06966337968780192] - [0.10289381660910371, 0.2828967677631713, -0.39260633247663357, 0.006816065051041446] - [-0.011187074264864377, 0.5390146165667014, -0.3594509911426129, -0.16837643745665182] - [0.09786284071644416, 0.017463357991998406, -0.16885097119136053, 0.05352492174385591]
B1: -5.1408460888204754e-09 - 7.634523464254558e-09 - 2.2529861768600852e-08 - -3.1539092915855496e-09
B2: -1.2476334060352922e-08 - -1.2353727416091356e-08 - 2.6724225825788147e-08 - 1.1867424860894551e-08
