Number: 7218
Error: 8.064129310389116e-16
A1: [0.08043172089220528, -0.1804677745470297, -0.019588820809012027, 0.11962500794165186] - [0.03741562774147955, 0.13359643388655001, -0.13472613854571405, -0.03628577737613177] - [-0.0017028552625500497, 0.22819008025779122, -0.12282841884187749, -0.1036589464645427] - [0.03886328029956581, -0.11448097281070944, -0.04641639555457107, 0.12203427379486469]
A2: [0.035307362205673286, -0.02927355687621601, -0.07569742682770574, 0.06966332312024542] - [0.10289376203889597, 0.28289671272982, -0.3926063852562015, 0.006816007908037925] - [-0.011186953229192855, 0.5390147383242776, -0.35945087657964825, -0.16837630991722252] - [0.09786283458090535, 0.01746335182854767, -0.16885097703197244, 0.053524915303505685]
B1: -5.054905277585559e-08 - 3.983202711831396e-08 - 2.0121004855178102e-08 - -1.8746303236560356e-08
B2: 1.4190323300490131e-08 - 1.2385414994053605e-08 - -4.0873241557909996e-08 - 2.1412136499475523e-08
