Number: 1756
Error: 2.3549429614615389e-07
A1: [-0.0059272330058368645, -0.013735425734186638, 0.004331800799062519, 0.020724230309427747] - [0.06649205552015491, 0.18956623622697402, -0.14708732606422162, -0.11023252659568587] - [-0.1122688165190579, 0.4420813964620113, -0.07049994684335856, -0.2577493824185059] - [-0.02331913093795357, 0.015389927789863105, -0.029925159806765966, 0.03896943739869254]
A2: [0.13325368482170616, -0.2229696084454542, 0.024312986993784924, 0.07179657656538992] - [0.03228426933879695, 0.2033955703059572, -0.11524847723941056, -0.12180768055138791] - [-0.09485356505516165, 0.5553617167053638, -0.23537377825078604, -0.22580082358880518] - [-0.01825663437818771, -0.016741754495113618, 0.010652118849073284, 0.034637026507942495]
B1: 0.00017352153079336065 - -0.00040162343749841135 - 0.000798252508783982 - -0.00017243067769862628
B2: -0.00048110649552809547 - 0.0003309244543033745 - -0.0005743011086021474 - -0.0005784897978125048
