Number: 5379
Error: 9.710803095918066e-16
A1: [0.06621316984738444, -0.11395209127927192, -0.02398396210519487, 0.07172285633511451] - [0.037402631930907225, 0.18819338835608473, -0.14740892731138563, -0.07818699070834051] - [-0.0602293243719943, 0.3289508452223037, -0.12775306373831125, -0.1409682765108807] - [0.03904609144507044, -0.05332275031804128, -0.03741865588295173, 0.05169505545944703]
A2: [-0.00910852450966741, -0.3468031310722422, 0.24945514201768496, 0.10645673365058615] - [0.08003972300190156, 0.03628214626609116, -0.050250224575602076, -0.06607207276462594] - [-0.042452762394929594, 0.2308319540660362, -0.04053118439428653, -0.1478477758634915] - [0.06813480057171438, -0.2934678282193628, 0.14177126429228296, 0.08356188488774435]
B1: -2.4839688136934317e-09 - 1.1871964809998524e-07 - -8.163059990798755e-09 - 7.288314391490459e-10
B2: 3.851039268230243e-08 - 3.906199679008959e-08 - 1.1384062100888954e-08 - 3.074152192836325e-08
