Number: 6480
Error: 1.146722187538979e-15
A1: [0.08043169099771864, -0.1804678044381292, -0.019588850667752976, 0.11962497805058073] - [0.03741559399321601, 0.13359640016382793, -0.13472617222673453, -0.036285811105700116] - [-0.001702814988258563, 0.2281901205312178, -0.12282837862656752, -0.10365890620100737] - [0.03886323447844174, -0.1144810185032388, -0.04641644134648892, 0.12203422800222406]
A2: [0.03530744786478704, -0.029273470980183434, -0.07569734538408836, 0.06966341277177944] - [0.10289373745938157, 0.28289668794169226, -0.392606409029193, 0.006815982169690233] - [-0.01118709047491791, 0.5390146002599603, -0.35945100648577394, -0.16837645453775643] - [0.09786280585502166, 0.01746332297200248, -0.16885100437716444, 0.0535248851506946]
B1: -4.269084718657411e-09 - -5.533659684613851e-10 - -3.1601616102915852e-09 - -4.1251551518952633e-10
B2: -1.754707138998936e-09 - -3.404164864679462e-09 - 5.593350777878795e-10 - -3.893482576727552e-09
