Number: 1288
Error: 2.4125130862398563e-08
A1: [-0.008252728146065688, -0.016068312512351742, 0.001889904219595451, 0.018360682835619715] - [0.06688293320897805, 0.18993841072465245, -0.1466771668667268, -0.1097998197065657] - [-0.113725622528125, 0.4406684095699782, -0.07197696156145775, -0.2593346987372131] - [-0.024456207211740046, 0.01427681364768698, -0.03104345853494861, 0.03776417224359728]
A2: [0.13119190038201933, -0.225017608831857, 0.02227941878977828, 0.06977526468879779] - [0.03245925950246906, 0.20356518504853746, -0.11507462058170013, -0.1216403801748923] - [-0.09524204515490341, 0.5549301892236443, -0.2358112399612337, -0.2262437154453285] - [-0.021410139452544844, -0.01985190579009582, 0.007540640911453638, 0.03162173376907919]
B1: 8.308862990562007e-05 - 9.849808860281709e-05 - 0.00017518186064329426 - 3.4899597355114517e-05
B2: -8.566580947083792e-05 - 0.0002000081619317388 - -5.023058678864687e-06 - -8.336892468104279e-05
