Number: 6099
Error: 8.363637325855992e-15
A1: [0.08043181328265059, -0.1804676821670995, -0.019588728529058096, 0.1196251003215122] - [0.03741578802218055, 0.13359659404586888, -0.13472597858441615, -0.03628561718426017] - [-0.0017026209235961672, 0.228190314591726, -0.1228281848460451, -0.10365871218818465] - [0.03886293417506823, -0.11448131796384847, -0.04641674145851221, 0.12203392788548624]
A2: [0.03530697120834391, -0.029273948955042005, -0.07569779858256458, 0.06966291389891215] - [0.10289389818781922, 0.2828968500342538, -0.3926062535747408, 0.006816150475898848] - [-0.011187464184661277, 0.5390142243211554, -0.3594513602098499, -0.16837684832894997] - [0.09786295433589176, 0.01746347212826106, -0.16885086303298466, 0.05352504100736474]
B1: 6.1336961207314e-08 - 1.9069584384466434e-07 - 1.3014691022104185e-07 - 1.2161372954985212e-07
B2: 3.633430004102432e-07 - 5.125061503427645e-07 - -5.935328405489877e-07 - -6.097658451442438e-08
