Number: 1907
Error: 9.372764463149617e-07
A1: [-0.013947868670870691, -0.021754262677612355, -0.004010437777438104, 0.012519772692102495] - [0.06774937180644934, 0.1907776219983256, -0.14577555422657348, -0.1088347466843757] - [-0.11283861224445078, 0.4415123141227004, -0.07112793111486933, -0.25838920109029534] - [-0.026550982345873202, 0.01224065643439761, -0.033276723776968, 0.0355545240535014]
A2: [0.12988629681485905, -0.2264052563577006, 0.020901715051785074, 0.06844676000749873] - [0.03222040321029758, 0.20334035273498466, -0.11530560806552773, -0.12185869451437308] - [-0.09671342133050186, 0.5534261617264995, -0.23726332804820388, -0.22762716076331638] - [-0.02145812375934263, -0.019975877053362776, 0.007402591395377301, 0.031519468415415565]
B1: -0.0012803867000872782 - 0.0008269215526465685 - -0.0006968763329262867 - -0.00017871636255136178
B2: 0.0020500391181375397 - 0.0035064329007990255 - -0.0025484371618042243 - -0.0014368020453249875
