Number: 9157
Error: 1.5260069761316602e-06
A1: [0.04899047541288326, -0.15220169847352327, -0.031228314488712026, 0.11766106038105155] - [0.002448616903675003, 0.12794605115636357, -0.11654079298829323, -0.025420487473211777] - [-0.0173319763355615, 0.2202306432773999, -0.1299294568253476, -0.08443812376411361] - [0.023280499497246695, -0.10389157326672084, -0.05332663100794342, 0.11844397671230382]
A2: [0.08713925919690799, -0.07504118681580818, -0.1256510689445766, 0.1051609904859513] - [0.10413802030941431, 0.24510926240750916, -0.4094613620436001, 0.04140463120617309] - [0.026196820379763407, 0.45215465496086144, -0.38792877525902314, -0.13204982273912358] - [0.1401872878239092, -0.04780909564218159, -0.20465590663365626, 0.09940387125243239]
B1: -0.0016997889203886336 - -0.0004888595599654203 - 0.0008120067618036027 - -0.0013595634539882461
B2: 0.0008605223106253537 - -0.0003923711650786798 - 0.0006974540998767249 - 0.00044415883394845657
