Number: 6304
Error: 7.784681556776704e-16
A1: [0.08043164866496733, -0.18046784676608216, -0.019588892949885355, 0.11962493572266698] - [0.037415554826162364, 0.13359636102642258, -0.13472621131574575, -0.03628585025105415] - [-0.0017028365839873657, 0.22819009893595188, -0.12282840019067809, -0.10365892779097055] - [0.03886320742111253, -0.11448104548463177, -0.04641646838657811, 0.1220342009617139]
A2: [0.03530745600206712, -0.029273462820398728, -0.07569733764726852, 0.0696634212883302] - [0.10289380307756497, 0.28289675411678805, -0.39260634556415813, 0.0068160508815377175] - [-0.011187035985764517, 0.5390146550741225, -0.35945095491063395, -0.16837639712060354] - [0.097862854005643, 0.01746337134164593, -0.16885095854090984, 0.05352493569319596]
B1: -3.031746467434186e-09 - 1.1026955744400679e-08 - 1.2978556079725301e-08 - 4.833690692484569e-09
B2: 5.410506266744271e-10 - 2.926672053440969e-09 - 1.8333682602089523e-08 - 1.0189606533731965e-08
