Number: 9906
Error: 1.5047068251555134e-15
A1: [0.05317246134771247, -0.1480013598009609, -0.026999136015376058, 0.1218277331467084] - [0.005313659575274488, 0.13083663396375125, -0.11360080400480967, -0.022549823702763705] - [-0.014444572332775686, 0.2230915250383036, -0.12704127527719994, -0.08160602878930563] - [0.027146231520476412, -0.10002026661308339, -0.04942473745693858, 0.12229789124769508]
A2: [0.0892542439554456, -0.07291358715208968, -0.12362763324889364, 0.10728616304509991] - [0.10884165962644773, 0.24981411192654612, -0.4048453573357129, 0.0461894097517683] - [0.036635812397543474, 0.4625550005075946, -0.37771756668510986, -0.12147338828331945] - [0.14342632200314798, -0.04460673410487791, -0.20149964405281476, 0.1026797496471844]
B1: -5.944893305240402e-08 - -1.3107015147080539e-08 - -9.997204190660238e-09 - -2.5783145786353e-08
B2: -1.2996736326906542e-08 - -8.300087870178853e-09 - -3.0648324300030606e-08 - -6.835739083238565e-08
