Number: 8715
Error: 4.397938451304512e-13
A1: [0.08043172869687146, -0.1804677667425014, -0.019588813013128877, 0.11962501574580602] - [0.03741508385145, 0.1335958904077006, -0.13472668135199586, -0.0362863209647853] - [-0.0017024940003739317, 0.22819044151254847, -0.12282805810842484, -0.10365858529861717] - [0.038863438570849715, -0.11448081498348746, -0.046416237383807284, 0.12203443196808786]
A2: [0.03530754055314396, -0.029273378034860898, -0.07569725725655485, 0.0696635097797965] - [0.10289234284901336, 0.28289528149276433, -0.3926077578813813, 0.006814521812716715] - [-0.011187563805069758, 0.5390141241060421, -0.3594514545046533, -0.1683769533003127] - [0.09786270821251271, 0.01746322488515932, -0.1688510973268353, 0.05352478265828578]
B1: -1.6160709935930967e-07 - 5.128625623662371e-07 - -1.904665560933686e-08 - -1.1375436161389487e-07
B2: 7.878770387759709e-07 - 9.612708036691152e-07 - 3.8783731801877276e-07 - 6.175081128473517e-07
