Number: 574
Error: 4.894274688494928e-15
A1: [-0.012153500116251468, -0.014517279260363869, 0.018087165927981916, 0.008582983772777974] - [0.0658355080307643, 0.1894955231369614, -0.14532228840561168, -0.11000825723077995] - [-0.096293266488426, 0.42178590390996107, -0.053457542086524916, -0.2720359584406857] - [-0.0013215258984285798, -0.018219269535405896, -0.0038351380309933447, 0.023376713941686944]
A2: [0.16158656082891387, -0.1677549302320109, 0.008501177139903105, -0.002333225449378732] - [0.03548573862903086, 0.20751673663386705, -0.11721040917638036, -0.1257920147764414] - [-0.08621384766030706, 0.581537825012246, -0.23538902143989993, -0.25993586362167403] - [-0.003834901165682573, -0.004519224770442858, 0.001110322340015146, 0.0072434560390250745]
B1: 2.157337692014693e-08 - 1.495266099258042e-07 - 5.3166101660056205e-08 - 5.808328006385361e-08
B2: 3.2274158055943387e-07 - 1.4405066460150123e-08 - -3.5878191872319325e-07 - 1.6626476100638527e-07
