Number: 9096
Error: 0.00013200824025420496
A1: [0.08569018860171333, -0.11676755686011933, 0.004927895138189644, 0.15293530595667676] - [0.036260022807175725, 0.1611086587084766, -0.08393709335931303, 0.007189122146938488] - [-0.024719016006149414, 0.21334117150737675, -0.1354807282410952, -0.09029503140375507] - [0.059867776327642674, -0.0680870184455981, -0.016857169835361663, 0.1541836513076847]
A2: [0.045384900232632315, -0.11654112933816314, -0.16332543969098998, 0.06326088610337198] - [0.08152251638560944, 0.22167938606901127, -0.43048160602249297, 0.018130899941755707] - [0.062262228246557555, 0.48890169662813215, -0.35346393576701823, -0.09557983657430247] - [0.15586225637362164, -0.03237068844226258, -0.19041683424423272, 0.1150710657805273]
B1: -0.013059471960495634 - 0.00038188969468690853 - 0.00354712689911555 - 0.0024542668827862548
B2: 0.007073083319323619 - 0.005428253382319872 - 0.007134722557433609 - 0.008086537345495276
