Number: 8651
Error: 1.9991303498319523e-15
A1: [0.08043164808565854, -0.1804678473453047, -0.019588893528517854, 0.11962493514343794] - [0.037415548632104216, 0.13359635483711074, -0.13472621749723226, -0.03628585644156249] - [-0.0017028367281341523, 0.2281900987918004, -0.12282840033461898, -0.10365892793506402] - [0.03886318709007629, -0.1144810657585426, -0.04641648870464212, 0.12203418064336577]
A2: [0.035307286758018655, -0.02927363253249815, -0.07569749856276546, 0.06966324415644622] - [0.1028936539004806, 0.28289660367369374, -0.39260648984634744, 0.00681589467147043] - [-0.011187262098111347, 0.539014427613132, -0.3594511689313273, -0.16837663538258396] - [0.09786267064749307, 0.017463187149463526, -0.16885113308631358, 0.0535247432271484]
B1: 2.8331652447489028e-08 - 1.7938379599820935e-08 - 3.347153257029412e-08 - 2.7455640223684427e-08
B2: -1.3206493735077553e-08 - 3.2117880431957698e-09 - 1.250384164438675e-08 - -1.3154752764889202e-08
