Number: 9488
Error: 2.1025046173223203e-13
A1: [0.053173017215121327, -0.14800080375439387, -0.02699858077745021, 0.12182828928263156] - [0.005313439165497119, 0.13083641330233164, -0.11360102440068487, -0.022550044428144574] - [-0.014444503094552823, 0.22309159428982883, -0.12704120610674804, -0.08160595953648606] - [0.027145294316231916, -0.10002120375915294, -0.049425676581578246, 0.1222969517219355]
A2: [0.08924971925572078, -0.07291810136970567, -0.12363205596521509, 0.10728158262483407] - [0.10883983930968358, 0.24981229129497085, -0.40484714160104235, 0.04618755881157851] - [0.036634232778992075, 0.46255342912388814, -0.3777191078301512, -0.12147498427321395] - [0.14342574829592558, -0.044607305669027306, -0.2015002042169119, 0.10267916743839924]
B1: 8.306755609687247e-07 - -1.0265680747800468e-09 - 5.395305265886081e-08 - -2.418038158597209e-07
B2: 2.6154942680594745e-08 - 1.1889188059633506e-07 - 1.0116463485561595e-07 - 5.41468766915885e-07
