Number: 7886
Error: 1.1192269910314654e-15
A1: [0.08043165206941232, -0.18046784336203633, -0.01958888954950955, 0.11962493912672195] - [0.03741560979266012, 0.13359641595130092, -0.13472615645876557, -0.03628579531501114] - [-0.0017028268158757677, 0.22819010870384623, -0.1228283904368619, -0.10365891802546205] - [0.038863196699856516, -0.1144810561758159, -0.04641647910100298, 0.12203419024711563]
A2: [0.03530729441025714, -0.029273624859119367, -0.07569749128686927, 0.06966325216514459] - [0.10289365910254117, 0.2828966089198628, -0.392606484814941, 0.0068159001187131744] - [-0.011187024216137105, 0.5390146669139215, -0.3594509437702756, -0.168376384718697] - [0.0978627718195077, 0.017463288781680072, -0.16885103677679822, 0.05352484942451977]
B1: -3.4575555044473225e-08 - -1.5889139025961357e-08 - 4.093360001950056e-08 - 2.420025256988791e-09
B2: -2.3070159889081888e-08 - 4.8937280905230186e-08 - -1.1178022825230201e-08 - -1.4845461125789471e-08
