Number: 7727
Error: 1.1873289889417294e-15
A1: [0.0804316429972756, -0.1804678524331446, -0.01958889861079505, 0.11962493005562366] - [0.037415578278729406, 0.13359638446122993, -0.13472618790989463, -0.03628582681147819] - [-0.0017028598859942525, 0.22819007563443436, -0.12282842345855913, -0.10365895108675367] - [0.03886319054919767, -0.11448106230921178, -0.0464164852477371, 0.12203418410028273]
A2: [0.0353073847531347, -0.029273534266380172, -0.0756974053898977, 0.06966334671864233] - [0.10289366627857909, 0.28289661615679373, -0.3926064778743647, 0.006815907633058294] - [-0.011187138573649951, 0.5390145518743346, -0.35945105201228444, -0.16837650522105152] - [0.09786276677781304, 0.017463283717051695, -0.16885104157616673, 0.05352484413238196]
B1: 2.870193788061397e-09 - -6.67930301387056e-10 - -6.978707971655619e-09 - -3.570496750509421e-09
B2: -7.765082176890404e-09 - 3.0742474780031212e-09 - -2.370974850669269e-09 - -7.85507545297393e-09
