Number: 1461
Error: 2.9552254513215713e-09
A1: [-0.0072124342760583075, -0.015018967370006204, 0.002971213039260701, 0.01942917227151263] - [0.06673991945036645, 0.1898008898773201, -0.14682485520498217, -0.10995894261974468] - [-0.11270870073067314, 0.4416643113951876, -0.07091801976974316, -0.25823343153470496] - [-0.023351671069067097, 0.015361372584213714, -0.02991685543923297, 0.038930273118326045]
A2: [0.13166283389714406, -0.22455294444464882, 0.022742050822795325, 0.07023547018713047] - [0.03267556488539415, 0.2037780844784903, -0.11485909095215982, -0.12142878843180065] - [-0.09446722089335097, 0.555693052151412, -0.23504955252039988, -0.22548221398274412] - [-0.021034432860402522, -0.019479972533845973, 0.007912735801832766, 0.03198256246174682]
B1: 3.5277479679103724e-05 - 9.641325187609663e-06 - -7.854630715879474e-05 - 3.0433387345522558e-05
B2: -1.4830462584135031e-05 - 1.7998907635892998e-05 - -1.0053540447593972e-05 - -0.00011067387090165032
