Number: 9396
Error: 4.983494930128968e-12
A1: [0.05317053747089882, -0.14800328381507005, -0.027001057495974805, 0.12182580898307237] - [0.005315122180365347, 0.1308380980550525, -0.11359934165517158, -0.022548358966513464] - [-0.014443347746877756, 0.22309275004928228, -0.12704005166513613, -0.08160480367489839] - [0.027144927355080426, -0.10002156968959237, -0.049426043636105095, 0.12229658511074877]
A2: [0.08927317508736002, -0.07289470020970645, -0.12360912856198411, 0.1073053279609652] - [0.10884997349438855, 0.24982242751079722, -0.4048372081305853, 0.04619786342196956] - [0.036644445797957476, 0.46256358880641246, -0.3777091434162113, -0.12146466550790691] - [0.14342260584184024, -0.04461043637586665, -0.2015032724888758, 0.10267597787058667]
B1: 1.1217502339812572e-05 - -1.7016389929194627e-05 - 3.764467156287035e-07 - -1.0898847957644164e-05
B2: -6.520728222861472e-06 - -4.7982529509735476e-06 - -3.220380861092261e-06 - -3.0078392713052377e-06
