Number: 9925
Error: 1.3465917393400044e-15
A1: [0.05317252863440851, -0.14800129248953617, -0.026999068802846922, 0.12182780046584843] - [0.005313773535402662, 0.13083674804338194, -0.11360069006195286, -0.02254970958194873] - [-0.01444447615139279, 0.22309162125489798, -0.12704117917197127, -0.08160593257360998] - [0.02714627821512232, -0.10002021991861251, -0.049424690663889964, 0.1222979380609394]
A2: [0.08925443052413812, -0.07291340101483164, -0.12362745088371534, 0.1072863519140551] - [0.10884184863191125, 0.2498143009653537, -0.40484517207384907, 0.04618960193727886] - [0.03663595521496627, 0.4625551425818995, -0.37771742734529307, -0.12147324398469075] - [0.14342647357728477, -0.044606583095295534, -0.20149949605378484, 0.10267990347001074]
B1: -1.791286746882111e-08 - 3.8196991301740494e-08 - 3.752400575730752e-08 - 1.8783987555833185e-08
B2: 3.1373775116314556e-08 - 4.106572859773043e-09 - 3.512320065004578e-08 - -3.4125092050132385e-08
