Number: 1872
Error: 8.920099530805315e-07
A1: [-0.004355133070841716, -0.012103970565080512, 0.005981074944764117, 0.02235615388168164] - [0.06772648270025468, 0.19075423222035082, -0.14580135804825803, -0.10886216344910411] - [-0.11434566660774641, 0.44007160609738805, -0.07267998724441066, -0.26000294935398394] - [-0.023137356388409396, 0.01560221744116542, -0.02977023338253266, 0.0391595829119624]
A2: [0.1297624371535272, -0.22647385492209912, 0.020836991832582703, 0.06834776364420435] - [0.03246335842467807, 0.20358249433882586, -0.11506648448908265, -0.12162556614210311] - [-0.09715040188305009, 0.5530479571468948, -0.2376476388247823, -0.2280361552294149] - [-0.019390907302452205, -0.017905022601189757, 0.009497163714176676, 0.03352456564999493]
B1: -0.0008453272725898529 - 0.0004302114444974396 - -0.0006896096181437125 - 0.00040437038145159956
B2: -3.1821898428835036e-06 - 0.0003690975699986664 - 0.0014341628418667498 - 0.0007479121267043006
