Number: 6323
Error: 8.893275879201631e-16
A1: [0.08043169428070486, -0.18046780115551242, -0.019588847388690815, 0.1196249813331935] - [0.03741560727975241, 0.1335964134403107, -0.13472615896667064, -0.036285797826521755] - [-0.001702775373306909, 0.2281901601453246, -0.12282833906961993, -0.10365886659662772] - [0.03886327517186256, -0.11448097792401922, -0.046416400678999735, 0.1220342686703539]
A2: [0.03530741210209463, -0.029273506841794125, -0.0756973793867792, 0.06966337534222208] - [0.10289381399135232, 0.2828967651232026, -0.39260633500848796, 0.006816062309872182] - [-0.011187094368674478, 0.5390145963429794, -0.35945101017129605, -0.16837645864075101] - [0.09786284108213286, 0.017463358359350534, -0.16885097084324868, 0.05352492212771023]
B1: 6.694598619188575e-10 - 5.1969870792115295e-09 - 2.6650305186433194e-08 - -2.4801718354828594e-09
B2: -7.88358952493761e-09 - -7.724773545573604e-09 - 2.6963238469179975e-08 - 1.3168115229799505e-08
