Number: 5311
Error: 2.2351042931108103e-15
A1: [0.06621322524840079, -0.11395203711628517, -0.02398390674768328, 0.071722911643125] - [0.037402640988051565, 0.18819339700952878, -0.14740891840756104, -0.07818698180373003] - [-0.060229359836168006, 0.3289508111607043, -0.12775309844169971, -0.14096831102761484] - [0.039046124388104994, -0.05332271904973902, -0.03741862401173933, 0.051695087071876256]
A2: [-0.009108533170541878, -0.34680314026006315, 0.24945513328678262, 0.10645672457018035] - [0.08003991812825843, 0.03628235647278775, -0.05025001131403655, -0.06607185769219107] - [-0.042452763761711795, 0.2308319525576088, -0.04053118585878442, -0.14784777737505753] - [0.06813488447480473, -0.293467735838754, 0.14177135525121387, 0.0835619789581851]
B1: -1.4968774226449713e-07 - -1.933344333640604e-08 - 3.8365623392344625e-08 - 2.427080934490428e-08
B2: 2.976969023042414e-09 - 2.30416368459116e-09 - 3.8440564793358627e-08 - -2.3771594671439377e-08
