Number: 6525
Error: 1.1437390610941985e-15
A1: [0.08043168607867125, -0.18046780935661957, -0.019588855580918666, 0.11962497313209505] - [0.03741557002854143, 0.13359637621729104, -0.13472619614365888, -0.036285835057099806] - [-0.0017027926077150992, 0.22819014291128414, -0.12282835627879275, -0.10365888382643669] - [0.03886320060333546, -0.11448105228327879, -0.04641647520000957, 0.12203419414817152]
A2: [0.03530744452141313, -0.029273474332804715, -0.07569734856292416, 0.0696634092725746] - [0.10289373203320648, 0.2828966824694646, -0.39260641427731785, 0.0068159764876904675] - [-0.011187096525889714, 0.5390145941728968, -0.35945101221314785, -0.16837646091387942] - [0.09786280141537967, 0.01746331851216595, -0.1688510086034146, 0.053524880490513994]
B1: -3.269302451484048e-09 - 1.328065194617984e-09 - -3.0652977020895615e-09 - 1.7088774338742019e-10
B2: 6.493306095975491e-10 - -1.3128608501049767e-08 - 2.465381740775692e-08 - -2.0479599008835447e-08
