Number: 7720
Error: 8.841016701018241e-16
A1: [0.08043162726316436, -0.180467868165474, -0.019588914326092895, 0.1196249143233095] - [0.03741561833862053, 0.13359642449080222, -0.13472614792982351, -0.03628578677377802] - [-0.0017028576218422714, 0.22819007789853812, -0.12282842119772226, -0.10365894882320603] - [0.03886317164975987, -0.11448108115561109, -0.046416504135131785, 0.12203416521259126]
A2: [0.03530737221059728, -0.029273546843608035, -0.07569741731519516, 0.0696633335915298] - [0.10289365122494395, 0.2828966009753987, -0.3926064924340511, 0.006815891869713662] - [-0.011187135133157571, 0.5390145553353484, -0.3594510487557799, -0.16837650159568845] - [0.09786277049868099, 0.01746328745484478, -0.16885103803413776, 0.05352484803807812]
B1: 2.3537039043781014e-09 - -1.0408819756760738e-08 - -2.2527824795405924e-08 - -1.401373289300496e-08
B2: -2.7367760161837368e-08 - 2.924619884722819e-08 - -9.867139050668862e-09 - -2.726632007670053e-08
