Number: 1147
Error: 1.1592832552409006e-06
A1: [-0.007882327115096725, -0.015670401697365402, 0.002302595281641878, 0.018730355939661016] - [0.06926383114149907, 0.19221856799619003, -0.14421901516252386, -0.10713744896670852] - [-0.11618898274689436, 0.4383068456081269, -0.07452802639057629, -0.2620044720149598] - [-0.018671278271782395, 0.019944759175687183, -0.025050229498029233, 0.04390562051196084]
A2: [0.1275012272599176, -0.22866407533801475, 0.018662620483082145, 0.0661738808425344] - [0.03508576218179157, 0.20616641711593953, -0.11246104601881138, -0.11907164964342529] - [-0.10212280440751856, 0.548153262149994, -0.2425423304914373, -0.23303576565527187] - [-0.027890525061029067, -0.026290737242950977, 0.0011085494679383796, 0.025377001955117155]
B1: 4.296246685330608e-05 - 0.0023468125983612527 - -0.0011175371400590102 - 0.0008112090763312109
B2: 1.772883951969278e-05 - 0.0005049385245017851 - 0.0014377711735934456 - -0.0016163055517248804
