Number: 9637
Error: 1.1625587224730328e-14
A1: [0.05317218224528239, -0.14800163900860036, -0.02699941481221319, 0.12182745390994779] - [0.005313282410692852, 0.13083625640161514, -0.11360118111501699, -0.022550201398082705] - [-0.01444485681136523, 0.22309124045445503, -0.12704155953200844, -0.08160631336862219] - [0.027145745319357113, -0.10002075281423259, -0.04942522468465042, 0.12229740381155217]
A2: [0.08925412079363124, -0.07291371002939422, -0.12362775363560027, 0.10728603836531397] - [0.10884231951611623, 0.24981477193217053, -0.404844710516751, 0.04619008074434554] - [0.036636396042133874, 0.46255558111590783, -0.3777169972516336, -0.12147279858456118] - [0.1434272650617993, -0.04460579456060619, -0.20149872323970366, 0.10268070669659103]
B1: 1.562142975726363e-07 - 1.2528196085340492e-07 - 1.1269623929883362e-07 - -1.7043315685252425e-07
B2: 2.0641724762554737e-07 - 6.097130517968257e-08 - 6.879347908817727e-09 - 6.551317373917055e-08
