Number: 7047
Error: 8.829411207459474e-16
A1: [0.08043169523681058, -0.18046780019951683, -0.01958884643372711, 0.11962498228918918] - [0.0374155979065925, 0.13359640407424395, -0.13472616832115306, -0.03628580719449117] - [-0.0017028129564257602, 0.2281901225630036, -0.12282837659771029, -0.10365890416971711] - [0.03886323654699709, -0.1144810164404858, -0.04641643927925107, 0.1220342300694938]
A2: [0.035307387209830864, -0.02927353180290089, -0.0756974030540461, 0.06966334928979073] - [0.10289378349579918, 0.2828967343688293, -0.3926063645033691, 0.006816030376550204] - [-0.01118706864624758, 0.5390146222188158, -0.3594509858244475, -0.16837643153615267] - [0.09786279383859652, 0.017463310900917968, -0.16885101581602113, 0.05352487253735785]
B1: -1.2314022295168553e-08 - 8.180394895752138e-09 - 1.0786981608878618e-08 - -1.5621627769695319e-09
B2: 1.4253870889765127e-09 - 2.501462868640519e-10 - 7.57821176065746e-09 - -1.7649747901867031e-09
