Number: 4496
Error: 1.1012959216831342e-15
A1: [0.06621318979355618, -0.1139520717788888, -0.02398394217471188, 0.07172287624779808] - [0.037402631118423145, 0.1881933875796498, -0.14740892811023576, -0.07818699150725258] - [-0.0602296444449442, 0.32895053780992284, -0.12775337694293293, -0.1409685880311442] - [0.039046205334962024, -0.053322642218100826, -0.037418545698419306, 0.05169516474942008]
A2: [-0.009108672374773936, -0.3468032879339224, 0.2494549929565547, 0.10645657862217932] - [0.08003982888736731, 0.03628226033487201, -0.05025010884925908, -0.06607195605545642] - [-0.042452748902991076, 0.23083196895679212, -0.04053116993550194, -0.14784776094167773] - [0.0681346183852175, -0.2934680288143216, 0.14177106678522203, 0.0835616806233411]
B1: -1.1090485035549617e-09 - 7.66280439189044e-10 - 2.6601919763325362e-08 - -5.742184124470264e-08
B2: 6.589874368574722e-09 - -4.909451151357796e-09 - -1.2950400503830325e-08 - -6.3881141492461835e-09
