Number: 8327
Error: 8.260018456787639e-16
A1: [0.08043165466781188, -0.1804678407639502, -0.019588886954282056, 0.11962494172477818] - [0.037415630309569944, 0.13359643645274624, -0.13472613598257918, -0.03628577480935413] - [-0.0017028266052656195, 0.22819010891444855, -0.12282839022656951, -0.10365891781491106] - [0.03886319780082142, -0.11448105507794162, -0.04641647800076713, 0.12203419134737248]
A2: [0.035307575399523665, -0.029273343092647668, -0.07569722412538059, 0.06966354625040391] - [0.10289375656174347, 0.2828967072062041, -0.39260639055359664, 0.006816002172632409] - [-0.011187089578657803, 0.5390146011614961, -0.3594510056374127, -0.16837645359338976] - [0.09786274096173962, 0.017463257783504577, -0.16885106615148074, 0.05352481703398046]
B1: -9.536430375721915e-09 - -2.0249594252489585e-08 - -1.7457499503629772e-08 - -1.7948167350915615e-08
B2: -3.751337406658526e-08 - 9.332387201653979e-09 - -3.332433849309218e-08 - -3.497633339108239e-08
