Number: 4216
Error: 1.1793217400762589e-15
A1: [0.06621318995042816, -0.11395207162550071, -0.023983942017943675, 0.07172287640442428] - [0.03740263112455111, 0.18819338758550863, -0.14740892810421585, -0.07818699150121873] - [-0.060229354740381776, 0.3289508160552766, -0.12775309345509409, -0.14096830606810373] - [0.03904613864035008, -0.05332270552218484, -0.03741861022327405, 0.05169510074846919]
A2: [-0.009108597537467955, -0.3468032085433063, 0.24945506839944925, 0.10645665708499731] - [0.08003983603654952, 0.03628226803656226, -0.05025010103563764, -0.06607194817550435] - [-0.0424528317546113, 0.23083187751664092, -0.04053125872261947, -0.14784785257246555] - [0.06813479198698215, -0.2934678376713433, 0.14177125498624366, 0.08356187526282335]
B1: 1.1752051606688943e-08 - 2.179059334004734e-09 - -2.572092069231129e-09 - 1.0713133234604691e-08
B2: 8.582492202652944e-09 - 1.991274373442972e-08 - 1.432229659511623e-10 - -1.13884992615163e-08
