Number: 4351
Error: 8.126030656834989e-16
A1: [0.06621322994898382, -0.11395203252079798, -0.02398390205078439, 0.07172291633583965] - [0.03740265928098115, 0.18819341448706606, -0.14740890042428467, -0.07818696381884846] - [-0.060229361945852516, 0.3289508091347705, -0.12775310050598182, -0.14096831308106134] - [0.03904607380794839, -0.05332276705862468, -0.03741867294644773, 0.05169503853462915]
A2: [-0.009108499947407889, -0.3468031050155246, 0.2494551667790985, 0.10645675940277269] - [0.0800398283973777, 0.036282259806999735, -0.05025010938480895, -0.06607195659554209] - [-0.04245279984157794, 0.2308319127378609, -0.04053122452333216, -0.1478478172777757] - [0.0681348386541406, -0.2934677862887888, 0.14177130557794929, 0.0835619275852799]
B1: -1.4814868391612016e-08 - -7.177161722704257e-09 - -1.2741530799142039e-08 - 9.328956162723979e-09
B2: -3.633023917901632e-08 - 6.943195438660227e-09 - -1.1802291354258274e-08 - 1.1329305494017811e-08
