Number: 6698
Error: 9.84968528449334e-16
A1: [0.0804316687002102, -0.1804678267331124, -0.01958887293860026, 0.11962495575561886] - [0.037415564839717225, 0.13359637103239538, -0.134726201322145, -0.03628584024305012] - [-0.0017028332876653054, 0.2281901022321989, -0.12282839689917988, -0.10365892449552962] - [0.03886320175661383, -0.11448105113323481, -0.04641647404746714, 0.12203419530073258]
A2: [0.03530742752573574, -0.02927349137548983, -0.0756973647221929, 0.06966339148475027] - [0.10289377150434963, 0.28289672227560486, -0.3926063761013492, 0.006816017819753219] - [-0.011187155367916412, 0.539014534979899, -0.3594510679083854, -0.1683765229178] - [0.09786277686510018, 0.017463293850214678, -0.1688510319736854, 0.05352485472070585]
B1: -6.324039332838468e-09 - 8.211230158072313e-09 - -2.3631025804289868e-08 - -1.1872245754173697e-08
B2: -1.0117663037733803e-08 - -1.4061403608003602e-08 - -4.012322439961191e-09 - -1.8500677292853834e-08
