Number: 3172
Error: 0.00032198988154638565
A1: [0.08220946240337947, -0.028513620467173907, -0.004203873303563777, 0.02746052911969357] - [0.05876726752090217, 0.2061127124202224, -0.1267580085408115, -0.07565153539498101] - [-0.0994866528573008, 0.44014663483590166, -0.07976825637316358, -0.161619082241701] - [0.05223657993520554, 0.035765185897857106, -0.017260533725423438, -0.006496686988183106]
A2: [0.09180740603956562, -0.1463449387451021, 0.1152979801595604, 0.05256717716017138] - [0.023374569493939446, 0.19441751976845786, -0.10762640549211787, -0.13379364053118745] - [-0.0780738005313138, 0.5289752610550006, -0.21025586569550667, -0.17961239269094642] - [-0.015507911680919625, 0.02956223442928383, -0.04001445478161418, 0.06774389781124462]
B1: -0.005651352284295792 - -0.02009301103246812 - -0.01792481363928578 - -0.017392826384461775
B2: 0.006285655134307474 - 0.006946163542038216 - 0.002051455314151046 - -0.004805949459883448
