Number: 2746
Error: 6.2431101839619825e-09
A1: [0.06412205623995873, -0.047187536321395, -0.022762622775469005, 0.008537785156690068] - [0.04387962668018307, 0.1914809793850746, -0.1423401680119555, -0.092272652332987] - [-0.12283034682330211, 0.41547491088457844, -0.1042397916517504, -0.186455605171153] - [0.03674997730802297, 0.018913757389027896, -0.033384990552477616, -0.023303275400902556]
A2: [0.06375960150340497, -0.17336867276187076, 0.08664382912779275, 0.02427365718389693] - [0.029356142598948087, 0.20036389122820475, -0.10164421177174686, -0.1278082251998721] - [-0.09339131430276029, 0.5137005451463911, -0.22558752767912635, -0.1950799807809046] - [-0.026012460917739868, 0.018436475584526085, -0.05037434369591215, 0.05689427727152098]
B1: 0.00013093355761355306 - -9.077606076191672e-05 - -3.0953101214530104e-05 - -8.90209591029656e-05
B2: 0.00024262106458694435 - 2.9069941667726613e-05 - -0.00024068633951461593 - -4.905899373403044e-05
