Number: 4263
Error: 8.128272298806142e-16
A1: [0.06621321196955166, -0.11395205009842854, -0.02398392001609443, 0.07172289838659598] - [0.03740262369265254, 0.18819338048483225, -0.1474089354103427, -0.07818699880798864] - [-0.060229336598761875, 0.3289508334793001, -0.1277530757027839, -0.14096828841126505] - [0.03904614340387829, -0.0533227010008154, -0.03741860561471539, 0.051695105319600976]
A2: [-0.009108646256777415, -0.3468032602268627, 0.24945501928596245, 0.10645660600545385] - [0.08003986937930413, 0.03628230395625962, -0.050250064593909204, -0.06607191142433809] - [-0.04245285552585138, 0.2308318512812317, -0.04053128419681223, -0.1478478788625492] - [0.0681347062610547, -0.2934679320593037, 0.14177116205109833, 0.08356177914822581]
B1: 1.3475730571112153e-09 - 1.8689939621575605e-08 - -2.0414146190025155e-09 - -1.0910681408236401e-08
B2: 9.360421747531305e-10 - -1.6180891892191188e-08 - 4.369967269730543e-09 - 5.457838067539098e-09
