Number: 1881
Error: 1.7195911581002248e-07
A1: [-0.0030449627131089434, -0.010772546764896924, 0.007343170130881461, 0.023711254521236617] - [0.06799206692994593, 0.19100967934623875, -0.1455260015621122, -0.10856683780298314] - [-0.1159386477460107, 0.43849190171792746, -0.07434234684268627, -0.2617479357737857] - [-0.023453756045182503, 0.015286389398963774, -0.030092864775270012, 0.038820394710499]
A2: [0.13220201142679364, -0.22408396623789406, 0.023212898453680398, 0.07072093203610082] - [0.03318370326309513, 0.2042907595890294, -0.11434712813614716, -0.12091890308626671] - [-0.09407286397075462, 0.5560676561096678, -0.23464397260568512, -0.22502434868175727] - [-0.021592722757788133, -0.020080238269456218, 0.007309802227553586, 0.03140899640941569]
B1: 0.0005162960642809967 - -0.0001695817239898585 - 0.0005084574942084049 - 4.8012185101117865e-05
B2: -0.000592500522208716 - 0.0011360151568368003 - 0.00040482931172517486 - -0.0006424258873596894
