Number: 719
Error: 2.33752381023107e-14
A1: [-0.012153439672979584, -0.014517217177801255, 0.01808723273485896, 0.008583048362298224] - [0.06583513466391124, 0.18949516397373273, -0.14532267443417937, -0.11000867293717789] - [-0.09629373809014648, 0.4217854481098486, -0.05345805383518962, -0.2720365078807987] - [-0.0013222209148881395, -0.018219937945056736, -0.003835877855611667, 0.023375910618203977]
A2: [0.16158663174159704, -0.16775486065729261, 0.008501246617426118, -0.0023331563202111877] - [0.03548563838283866, 0.20751663799858783, -0.11721050900244713, -0.12579211284308917] - [-0.0862136472353963, 0.5815380213249046, -0.23538882642354386, -0.25993566817787367] - [-0.0038347354570432176, -0.004519061819657259, 0.001110486346199507, 0.007243614576749072]
B1: -2.1857999519675855e-08 - 9.681350395526696e-08 - -9.613819395278674e-08 - 4.26395357870536e-08
B2: 1.0171667484099518e-07 - -1.1019632985923598e-07 - 1.7662943765298478e-07 - 2.713259302965428e-07
