Number: 4898
Error: 1.1016483805566058e-15
A1: [0.06621316367015438, -0.11395209731848702, -0.023983968277592086, 0.07172285016824823] - [0.03740257356426557, 0.18819333259056964, -0.14740898469038397, -0.07818704809240558] - [-0.060229415276806385, 0.3289507579133435, -0.12775315269248438, -0.14096836498669935] - [0.0390461859624599, -0.053322660605707506, -0.03741856444059694, 0.05169514615936364]
A2: [-0.009108537436843782, -0.3468031447860053, 0.24945512898626526, 0.1064567200971516] - [0.08003988011038866, 0.03628231551671844, -0.050250052865384864, -0.06607189959626791] - [-0.04245282649486106, 0.23083188332171226, -0.04053125308585159, -0.1478478467553081] - [0.06813471804367467, -0.2934679190860028, 0.14177117482451757, 0.08356179235888407]
B1: -2.565763761443622e-09 - 3.156469519307806e-08 - -1.3738378751965104e-08 - -3.027175574409382e-08
B2: -1.9924167808754467e-08 - -1.8073544950577693e-08 - 1.2245934018575017e-08 - -5.463779199970769e-09
