Number: 8191
Error: 6.136434067487077e-16
A1: [0.08043171687730277, -0.18046777856150778, -0.019588824819166094, 0.11962500392717604] - [0.037415558802844716, 0.13359636500013744, -0.13472620734684773, -0.03628584627649784] - [-0.001702812421766838, 0.2281901230976438, -0.1228283760638407, -0.10365890363520187] - [0.038863254966165196, -0.11448099807302442, -0.04641642087183932, 0.12203424847720189]
A2: [0.03530765389376044, -0.0292732643813427, -0.07569714949395785, 0.06966362840302234] - [0.1028938197313794, 0.28289677091193177, -0.3926063294567099, 0.006816068320390559] - [-0.011187168366303717, 0.5390145219039514, -0.35945108021177213, -0.16837653661451735] - [0.0978626731928709, 0.017463189706417886, -0.16885113066315172, 0.053524745898853164]
B1: 6.076376679515895e-08 - 5.085888102841978e-10 - -8.406519016396332e-09 - 6.06673169839773e-08
B2: 3.746385184812888e-08 - 8.824328230477707e-09 - 2.2389697462183055e-08 - 2.972449094097182e-08
