Number: 4542
Error: 1.0671599995239106e-15
A1: [0.06621312170769764, -0.11395213834326022, -0.02398401020713911, 0.07172280827619125] - [0.03740254016990258, 0.18819330068449863, -0.14740901751960972, -0.07818708092454617] - [-0.06022945423580925, 0.3289507204953753, -0.12775319081546438, -0.14096840290467202] - [0.0390461663943586, -0.053322679179075204, -0.03741858337217886, 0.05169512738154028]
A2: [-0.009108583793399726, -0.34680319396299053, 0.2494550822546292, 0.10645667149485716] - [0.08003985194557599, 0.036282285175160175, -0.05025008364795231, -0.06607193064017255] - [-0.04245283807451169, 0.23083187054166732, -0.040531265495132224, -0.14784785956192087] - [0.0681347901207886, -0.29346783972614204, 0.14177125296291396, 0.08356187317044986]
B1: -2.14301302837496e-09 - -2.988955627083264e-09 - -1.098691294406019e-08 - 6.9530779474624815e-09
B2: -2.9413233434039523e-08 - -2.674377354203877e-08 - 6.800817190347093e-08 - -4.844683396412817e-08
