Number: 1254
Error: 1.1633882866063894e-08
A1: [-0.008131289415045121, -0.015946078783588634, 0.002017552537131001, 0.018484995561039545] - [0.06710948646111824, 0.1901566065620114, -0.1464431707058896, -0.10954771857617934] - [-0.11384014529516887, 0.4405558474761672, -0.07209445539550761, -0.2594594816434908] - [-0.024923719098456133, 0.01381700133392162, -0.03151919282617315, 0.03726945689176179]
A2: [0.13230814173542527, -0.22391774248420876, 0.023377003484364375, 0.07086650209329552] - [0.03274552731098096, 0.2038468551035356, -0.11478937606211037, -0.12136013923830864] - [-0.09403308983014247, 0.5561232994329873, -0.23462324500072454, -0.22505492499746502] - [-0.021129003644158654, -0.01957443138940096, 0.007819815921580944, 0.03189240154582348]
B1: -8.954541163280744e-05 - -0.0005247968676501177 - 0.00018838343170204724 - 0.00014096470564396694
B2: 3.7498262269836205e-05 - -0.00032196017595723434 - -1.4516859585679472e-05 - 5.1221774499783605e-05
