Number: 227
Error: 7.059740770913615e-07
A1: [-0.009084196852587951, -0.011385459700540279, 0.02146974849301496, 0.011861406486472966] - [0.0688739106816195, 0.19241528374306033, -0.1421804807955632, -0.10662401072217148] - [-0.09622229433257533, 0.4218726774156072, -0.053368940962340496, -0.27194450987541563] - [-0.003783193582271779, -0.020599522552241855, -0.006463438884943989, 0.02050891694590958]
A2: [0.16296316000923491, -0.1663971408931178, 0.009873672610646783, -0.001008413573405547] - [0.0395898553234774, 0.21155954161246993, -0.1131195690869322, -0.12177797291974643] - [-0.08662080585377031, 0.5811312312013016, -0.2357936515137923, -0.26035614601363516] - [-0.004606571015020144, -0.00527824393748529, 0.0003467187552695419, 0.006497675263630839]
B1: -0.0007344571972570912 - -0.0003399262471609751 - -0.00032428609666579344 - -0.00032781931954462885
B2: -0.0026297858817729723 - -0.0003166909026615727 - 0.0021021405233665478 - 0.000354924869957601
