Number: 6001
Error: 2.4027094695430694e-12
A1: [0.08043167011922253, -0.18046782528975858, -0.019588871458268344, 0.11962495721444047] - [0.03741871177854188, 0.13359951555499444, -0.13472306071343693, -0.03628269508097182] - [-0.001699729999199063, 0.22819320548954256, -0.12282529806211721, -0.10365582198848455] - [0.03886435572227558, -0.11447990036559838, -0.04641532072942474, 0.12203534859693471]
A2: [0.03532016234728416, -0.029260721355022522, -0.07568525658578985, 0.06967671990443798] - [0.1028910340553753, 0.282893961538354, -0.3926090237520451, 0.006813151305321641] - [-0.011183234392639184, 0.5390184794292844, -0.35944735663557836, -0.1683723912485128] - [0.0978683524418618, 0.017468894831484918, -0.16884572437182535, 0.05353070728580376]
B1: 1.2884207719662133e-07 - -2.0333600867621214e-06 - -9.63796142562003e-07 - -8.314663695722824e-07
B2: 1.580521815505617e-07 - 3.093441613812752e-06 - -1.2316036702751554e-06 - 1.158333553810311e-07
