Number: 7050
Error: 8.328144497412431e-16
A1: [0.08043169462327705, -0.1804678008129809, -0.01958884704652704, 0.11962498167572572] - [0.037415598000293294, 0.13359640416787388, -0.13472616822763891, -0.036285807100842254] - [-0.0017028136524269261, 0.22819012186701726, -0.12282837729269244, -0.10365890486553254] - [0.038863237130990935, -0.11448101585813081, -0.0464164386956293, 0.12203423065312471]
A2: [0.03530739144724735, -0.029273527553764313, -0.07569739902516402, 0.06966335372470613] - [0.10289379438229354, 0.28289674534771814, -0.3926063539740932, 0.0068160417762994415] - [-0.01118706735695249, 0.539014623515801, -0.35945098460410146, -0.16837643017757764] - [0.0978627959385155, 0.017463313010388726, -0.1688510138170339, 0.05352487474158887]
B1: -8.903136519136919e-09 - 8.017982006123183e-09 - 1.0467024490839425e-08 - -1.5620659653141561e-10
B2: 2.377601880885585e-09 - 1.4748340929850802e-09 - 8.30478332012405e-09 - 2.1247526133084763e-11
