Number: 8083
Error: 1.1613577557408295e-15
A1: [0.08043170167609867, -0.1804677937609641, -0.019588840002148278, 0.1196249887277403] - [0.03741557098058421, 0.13359637716861525, -0.13472619519344925, -0.036285834105560834] - [-0.0017028142696759719, 0.22819012124978055, -0.12282837790903252, -0.10365890548261007] - [0.03886323552273143, -0.11448101746188417, -0.04641644030286612, 0.12203422904586451]
A2: [0.03530731836256161, -0.029273600840579964, -0.0756974685133345, 0.06966327723383217] - [0.1028937865397748, 0.2828967374386402, -0.3926063615592266, 0.006816033563982212] - [-0.011187011371952476, 0.5390146798346891, -0.3594509316129326, -0.16837637118438775] - [0.09786282000030204, 0.017463337181608796, -0.16885099091174055, 0.05352489999859339]
B1: -3.87152052739042e-08 - 6.835128332974233e-09 - 3.518924982852729e-08 - 5.677083628918321e-09
B2: 1.0396527218817353e-08 - -1.5246999871347687e-08 - 2.201805457561061e-09 - 9.673173636628163e-10
