Number: 6746
Error: 9.370527538443198e-16
A1: [0.08043161919741117, -0.18046787623030452, -0.019588922382209127, 0.11962490625847334] - [0.03741554398267616, 0.1335963501911402, -0.13472622213762794, -0.03628586108853765] - [-0.0017028626673477522, 0.22819007285314333, -0.12282842623584615, -0.10365895386737138] - [0.03886318459395133, -0.11448106824773241, -0.046416491199193465, 0.12203417814873688]
A2: [0.03530742940891194, -0.029273489487105016, -0.07569736293169323, 0.06966339345569875] - [0.10289374854645465, 0.28289669912286325, -0.3926063983059233, 0.00681599377947935] - [-0.011187132177326994, 0.5390145583088104, -0.35945104595799304, -0.1683764984810606] - [0.09786278925211275, 0.017463306293571623, -0.16885102018205328, 0.05352486772303899]
B1: -1.869630407178046e-08 - -1.0373634446637537e-08 - -2.4009191224810513e-08 - -2.1471132232989988e-08
B2: -2.7232242165160952e-08 - -1.2979990409504934e-08 - -1.2372353492533893e-08 - -1.243567998661288e-08
