Number: 7405
Error: 8.047099916689609e-16
A1: [0.08043168105449121, -0.18046781438023432, -0.019588860599095387, 0.1196249681084877] - [0.037415578835238245, 0.13359638501732438, -0.13472618735450503, -0.03628582625528041] - [-0.0017028155483125, 0.22819011997117072, -0.12282837918580422, -0.10365890676090955] - [0.038863226944128706, -0.11448102601641227, -0.046416448876008265, 0.12203422047258924]
A2: [0.03530754925517044, -0.02927336930936168, -0.07569724898335349, 0.06966351888775182] - [0.10289370072920422, 0.28289665089979577, -0.3926064445541485, 0.006815943707859575] - [-0.011187219505976025, 0.5390144704592849, -0.35945112861653056, -0.16837659050223147] - [0.09786276001511578, 0.0174632769235911, -0.16885104801381282, 0.0535248370337427]
B1: 4.979640011188919e-08 - -8.212876257561084e-09 - -3.056888751845765e-08 - -6.645545556108815e-09
B2: -9.497455276316517e-10 - -3.357444464356673e-09 - 5.410894054275109e-09 - -1.47008094379736e-09
