Number: 3858
Error: 1.0739934553414301e-15
A1: [0.06621311034196815, -0.113952149454962, -0.023984021563932027, 0.0717227969295665] - [0.03740254581982855, 0.18819330608263932, -0.14740901196530642, -0.07818707536971987] - [-0.06022943785847669, 0.32895073622495, -0.12775317478956472, -0.14096838696512423] - [0.03904619555498739, -0.05332265150097977, -0.037418555160278005, 0.05169515536437168]
A2: [-0.009108593443191856, -0.34680320419994154, 0.24945507252686622, 0.10645666137758895] - [0.08003980112349879, 0.03628223042519848, -0.050250139193615984, -0.06607198665750484] - [-0.04245284047789312, 0.23083186788908927, -0.04053126807083403, -0.1478478622200947] - [0.06813471948562219, -0.2934679174985412, 0.14177117638777623, 0.0835617939753488]
B1: -5.3670709327857e-09 - -2.9304228891023536e-08 - -3.869229009067398e-09 - -9.896697231235298e-09
B2: -1.2972887077951063e-08 - -1.6071886925735976e-08 - 3.130288114859435e-08 - -4.2314011961177484e-08
