Number: 542
Error: 3.238076692554957e-14
A1: [-0.012152382353558712, -0.014516131201836284, 0.018088401396390653, 0.008584178233719411] - [0.06583602484339549, 0.18949602028886942, -0.1453217540664106, -0.11000768181158084] - [-0.09629233412833789, 0.42178680502122134, -0.05345653036191788, -0.27203487219305533] - [-0.001321867878970073, -0.018219598421590464, -0.003835502057959638, 0.023376318670570134]
A2: [0.16158662422130327, -0.16775486803385897, 0.008501239254755884, -0.0023331636464340656] - [0.035485789661026466, 0.20751678684596986, -0.11721035835828982, -0.1257919648533881] - [-0.08621356659667864, 0.5815381003131014, -0.23538874795623357, -0.25993558954099694] - [-0.003833897038430011, -0.004518237339600996, 0.001111316180760387, 0.0072444167152563126]
B1: 1.3832056215304174e-08 - 1.200711450252236e-07 - 1.8859261780428496e-07 - 3.265381163606124e-07
B2: -1.5577954512445193e-07 - 2.948523508962361e-07 - 5.334463837615314e-07 - -7.410762880424001e-08
