Number: 8658
Error: 2.160277636526045e-15
A1: [0.08043165534137067, -0.18046784009041703, -0.019588886281480578, 0.1196249423983207] - [0.037415576458990976, 0.13359638264293328, -0.13472618972578873, -0.03628582863009104] - [-0.0017028138802928769, 0.2281901216391529, -0.1228283775202296, -0.1036589050933206] - [0.03886319077791141, -0.11448106208105964, -0.046416485019156115, 0.12203418432890809]
A2: [0.035307531991134365, -0.029273386621148104, -0.07569726539754973, 0.06966350081877537] - [0.10289380870796035, 0.2828967597949823, -0.3926063401183702, 0.0068160567772058795] - [-0.011187005501699984, 0.5390146857399374, -0.3594509260565071, -0.16837636499880493] - [0.09786289503072454, 0.017463412553274976, -0.16885091948742478, 0.05352497875584078]
B1: -6.298744781529494e-09 - 1.199225028834487e-08 - -2.7644511307587845e-09 - -4.736858297023127e-09
B2: -4.618418605415941e-08 - -2.9537663720434832e-08 - -1.5809755069654248e-08 - -4.709329521979462e-08
