Number: 5346
Error: 8.607965847539163e-16
A1: [0.06621314682318101, -0.11395211378898337, -0.0239839851113435, 0.07172283334953687] - [0.037402559184660226, 0.18819331885191326, -0.1474089988265641, -0.07818706222984433] - [-0.06022950536071813, 0.32895067139217743, -0.1277532408435581, -0.14096845266359462] - [0.03904601529486363, -0.05332282259703953, -0.037418729555847956, 0.05169498238473231]
A2: [-0.009108453816528266, -0.3468030560781338, 0.24945521328279582, 0.10645680776824007] - [0.08003981214142208, 0.03628224229475613, -0.05025012715143974, -0.06607197451314752] - [-0.0424528230878794, 0.23083188708182967, -0.0405312494348685, -0.1478478429872731] - [0.06813477312231062, -0.29346785844220813, 0.14177123453478183, 0.08356185411209605]
B1: -2.1902638646133737e-09 - 2.141531740063442e-08 - 2.36128065676198e-09 - -3.2160774440126487e-09
B2: 1.265868340637116e-09 - 9.766692627420315e-10 - 8.120517172147333e-08 - -8.291123715536028e-08
