Number: 5090
Error: 1.0504620346752072e-15
A1: [0.06621327927858525, -0.11395198429350648, -0.023983852759908924, 0.07172296558264002] - [0.03740257077235335, 0.18819332992309748, -0.14740898743503186, -0.07818705083730079] - [-0.0602294036816815, 0.3289507690497787, -0.12775314134618299, -0.14096835370140934] - [0.03904621332235728, -0.053322634636664736, -0.037418537970772166, 0.05169517241426387]
A2: [-0.009108533874371492, -0.34680314100676446, 0.2494551325775429, 0.10645672383224579] - [0.08003976687277883, 0.0362821935274831, -0.05025017662750858, -0.06607202440927909] - [-0.042452881485025275, 0.2308318226313381, -0.04053131201539178, -0.14784790757215] - [0.06813472807257627, -0.2934679080437386, 0.1417711856967791, 0.08356180360315617]
B1: 2.0722528209992234e-08 - 2.347437606133571e-08 - 1.1267550142556291e-08 - 9.039025508989396e-09
B2: 4.119376806582971e-08 - 2.2829051225640652e-08 - 9.375447939713987e-08 - -4.6357024921605884e-08
