Number: 4869
Error: 1.0381126957657855e-15
A1: [0.06621320651157858, -0.1139520554344223, -0.02398392546979246, 0.07172289293776454] - [0.0374026057013025, 0.18819336329533407, -0.14740895309721122, -0.07818701649643979] - [-0.06022938449892335, 0.32895078747382955, -0.12775312257504856, -0.14096833503123948] - [0.039046237544430845, -0.0533226116460038, -0.03741851453673459, 0.051695195658025515]
A2: [-0.009108567843900142, -0.34680317704308494, 0.24945509833317955, 0.10645668821705911] - [0.08003990653864698, 0.036282343987503386, -0.050250023980828985, -0.0660718704664463] - [-0.042452776762426495, 0.23083193820939163, -0.040531199790695256, -0.1478477917532292] - [0.06813486951975754, -0.2934677523046033, 0.14177133903889452, 0.08356196219111793]
B1: -1.4032962023929943e-08 - 9.110098297936097e-09 - -1.4453606644121546e-08 - 1.0821625554963883e-08
B2: -3.82705067049285e-08 - -2.1381418094873804e-08 - 1.1232286026278859e-08 - 1.7062834680471904e-08
