Number: 7415
Error: 8.506299275338662e-16
A1: [0.0804316781570397, -0.18046781727735772, -0.019588863493082413, 0.1196249652113671] - [0.03741558032763746, 0.1335963865085937, -0.13472618586507992, -0.036285824763708216] - [-0.0017027983453653517, 0.22819013717375156, -0.12282836200804398, -0.10365888956255297] - [0.038863232275722366, -0.11448102069978149, -0.04641644354781268, 0.12203422580086877]
A2: [0.03530724135824119, -0.029273678057880198, -0.07569754172800411, 0.06966319664040156] - [0.10289369158109092, 0.2828966416740427, -0.39260645340208655, 0.006815934128452496] - [-0.011187117183489366, 0.5390145733920747, -0.3594510317660121, -0.16837648268151803] - [0.09786275447385903, 0.017463271357129887, -0.16885105328873337, 0.0535248312172308]
B1: -1.9151807430236962e-08 - 1.676063580283192e-08 - 4.639876820847245e-08 - 2.021385309232793e-08
B2: 1.1736961317881266e-08 - 8.485970703656027e-09 - 3.7353265515889306e-08 - 1.7255843903860836e-08
