Number: 7593
Error: 1.1056259068871611e-15
A1: [0.08043170877691656, -0.18046778666095273, -0.019588832909822256, 0.11962499582774223] - [0.037415610736092474, 0.13359641689403026, -0.1347261555172172, -0.03628579437210126] - [-0.0017027911279055028, 0.22819014439105686, -0.12282835480115235, -0.10365888234702084] - [0.038863254463314345, -0.11448099857445923, -0.04641642137436196, 0.12203424797466736]
A2: [0.03530744648975136, -0.02927347235901251, -0.07569734669144758, 0.06966341133264119] - [0.10289375337924161, 0.28289670399667605, -0.3926063936317035, 0.006815998840117648] - [-0.011187114557385672, 0.5390145760338414, -0.3594510292803494, -0.1683764799142982] - [0.09786279978104663, 0.017463316870402187, -0.16885101015919726, 0.053524878775000145]
B1: 8.011966600677043e-09 - 1.425211760761826e-08 - 1.0824612029862274e-08 - 1.025505078130307e-08
B2: 8.42510265564842e-09 - 1.0791755268802681e-08 - 8.513458371169373e-09 - 8.067717858065995e-09
