Number: 8632
Error: 8.436370732898452e-16
A1: [0.08043171614221345, -0.18046777929645558, -0.019588825553337966, 0.11962500319222077] - [0.0374156270445371, 0.13359643319020398, -0.13472613924103874, -0.03628577807256162] - [-0.0017027552388069443, 0.22819018027938898, -0.12282831896460233, -0.10365884646748529] - [0.03886325846510504, -0.11448099458381185, -0.04641641737509553, 0.12203425197403614]
A2: [0.035307471973323644, -0.029273446804940255, -0.0756973224618933, 0.0696634380038077] - [0.10289376240592744, 0.2828967130999969, -0.39260638490115446, 0.0068160082923067146] - [-0.011187116314371354, 0.5390145742663639, -0.35945103094343234, -0.16837648176563186] - [0.09786285799973665, 0.01746337535386165, -0.16885095473862613, 0.053524939885470586]
B1: 4.630891885143269e-09 - 3.594885017716493e-08 - 2.4974319887972834e-08 - -1.6280580007707415e-09
B2: 9.760057070237606e-09 - 2.5526654779969722e-08 - 6.522828692158707e-09 - 1.0392720442548797e-08
