Number: 8928
Error: 0.00033052978708840257
A1: [0.10882837710005414, -0.1567809703305318, 0.010659467164854983, 0.15372368829958444] - [0.07445802562224318, 0.1739947216927142, -0.08114875501275616, 0.019107637513237016] - [-0.010413025582136314, 0.2148899977738743, -0.13338723463831018, -0.11333161233900059] - [0.11094476489600684, -0.050773145342379464, 0.017466940238677207, 0.19091260021156864]
A2: [0.029959237652515396, -0.02633032034066224, -0.09720959531503216, 0.07726070568068183] - [0.16437758984213335, 0.3414949195769062, -0.33911486404773833, 0.08244035526361006] - [0.06900185064878434, 0.6056180244553302, -0.28428468538541285, -0.06676571329165729] - [0.1706493832066114, 0.07919384366549022, -0.09869614731091582, 0.14725310607954636]
B1: 0.013574937142752406 - 0.012643948235497013 - 0.02594076263662405 - 0.022039144263224106
B2: 0.012874628819367656 - 0.016480279334682064 - -0.004308707661366689 - 0.029335751572952477
