Number: 2761
Error: 1.4731723960652873e-08
A1: [0.06357441625113759, -0.047733126782632765, -0.023305372300984825, 0.007993888904009209] - [0.04400373447764592, 0.19160076566450662, -0.1422124201258673, -0.09213622994982718] - [-0.12235475293175808, 0.4159492998471133, -0.10376254172780622, -0.18597988328369564] - [0.036957644452038974, 0.019121561243160667, -0.03317770314884966, -0.02309700278489768]
A2: [0.06382002449574485, -0.17330844629683861, 0.08670425658272828, 0.024333475580759663] - [0.02942369900951402, 0.20043046768511133, -0.10157689239042302, -0.12774215340247747] - [-0.09297207742395779, 0.5141118943319573, -0.22516695755602473, -0.19467411124725237] - [-0.025758011481174993, 0.0186892055989187, -0.05011923016617792, 0.0571415214281211]
B1: 7.623582026482978e-05 - 6.627879446456493e-05 - -3.3649924060386744e-05 - 7.397637324040341e-05
B2: 3.963133398099945e-05 - 4.1004019015991434e-05 - -0.0002447447684113036 - 0.0001370621168027952
