Number: 62
Error: 0.00039460914329418167
A1: [0.003911232466174105, 0.0026983914036214293, 0.03712683900746866, 0.026669053286748404] - [0.11683942380663853, 0.24435342652164233, -0.09682097263884665, -0.0713110507102427] - [-0.11152444512989644, 0.40996922523846147, -0.06952095703192074, -0.2873239721058885] - [-0.004322312039411256, -0.016296284963195348, -0.006724791734926391, 0.018252505669987713]
A2: [0.30826102105975295, -0.02414180495544096, 0.150689491759594, 0.13943908517643422] - [0.12092762596579165, 0.2892618950498022, -0.037991488386985774, -0.04732586143991564] - [0.07236157355341874, 0.7387153123736679, -0.08144074394935703, -0.1056009054860853] - [0.3435503244606357, 0.3413552175654406, 0.34599932230630936, 0.3402292069328461]
B1: 0.036219082267313546 - 0.40644528387527007 - -0.011206098328791665 - -0.027287018606443662
B2: 0.008509990086434834 - 0.40651924199153494 - 0.0015098818225476119 - 0.007441416826290339
