Number: 3577
Error: 4.129098243777695e-12
A1: [0.06620728417041453, -0.11395784555709573, -0.023989843381898187, 0.07171698049670439] - [0.03739817194215748, 0.1881891270986752, -0.1474133118818201, -0.07819137550450665] - [-0.06022766111542664, 0.328952442699855, -0.12775143587348328, -0.14096665794990468] - [0.03906292094069422, -0.05330677635027214, -0.037402373912810864, 0.05171120511481789]
A2: [-0.009095153723058217, -0.3467889466694869, 0.24946862102719908, 0.1064707523008021] - [0.08004351879836447, 0.03628623548939454, -0.050246076000558394, -0.06606788900960364] - [-0.042445617372212856, 0.23083983979519768, -0.04052352778185198, -0.1478398737754562] - [0.06814125171286108, -0.29346072535586465, 0.1417782582029079, 0.08356911789633654]
B1: -2.3144275582405248e-06 - 5.53103966073082e-07 - -3.5159943313016595e-06 - 1.7520777400236761e-06
B2: 4.202393229341009e-06 - -1.359221726243389e-06 - -8.909399128177292e-06 - 1.6084620846984322e-07
