Number: 207
Error: 3.2486041153168593e-06
A1: [-0.022515251438123805, -0.025162949683368945, 0.006611339083019168, -0.002479959187601409] - [0.06951649343926783, 0.19303076912870454, -0.14151460657408518, -0.10590811367304312] - [-0.09616974284533425, 0.4219908871622909, -0.053291200814025066, -0.27184172593700257] - [0.0166909496389607, -0.0010978693253023398, 0.01525912466718755, 0.04403385427513978]
A2: [0.15898378125019544, -0.17029137503130984, 0.006065087664572377, -0.004977562160906363] - [0.04426328368180155, 0.2161689863933755, -0.10845469771387022, -0.1171932968747328] - [-0.08488419131114756, 0.5828283903228698, -0.234057228189002, -0.25870259994316286] - [0.00010673374381915018, -0.0006177925992152404, 0.005067435953657911, 0.011018796240402426]
B1: 0.003608415781278266 - 0.0034334156694441893 - 0.0018155569005099542 - 0.0015161474519564848
B2: 0.010838425185791329 - 0.0014929066016781674 - -0.005809848853002466 - 0.0037475220026090125
