Number: 6828
Error: 1.222553460571607e-15
A1: [0.08043166798880949, -0.1804678274444319, -0.019588873649151396, 0.11962495504429897] - [0.03741555653807846, 0.13359636273703954, -0.13472620960724296, -0.03628584854009047] - [-0.0017028584527467939, 0.22819007706765423, -0.12282842202741627, -0.10365894965389535] - [0.03886320066894902, -0.11448105221784746, -0.04641647513443922, 0.12203419421374355]
A2: [0.03530747051999983, -0.029273448262310077, -0.0756973238438002, 0.06966343648291501] - [0.10289379886793895, 0.28289674987143004, -0.39260634963564356, 0.0068160464734272255] - [-0.011187134697077633, 0.5390145557740301, -0.35945104834299363, -0.16837650113620792] - [0.09786282133969504, 0.01746333852710886, -0.16885098963675585, 0.053524901404557804]
B1: 3.739776324826553e-09 - 1.778551256843918e-08 - -1.882414300119274e-08 - -1.7896602833552567e-09
B2: 5.9270440691855435e-09 - -7.711362635387066e-10 - -9.404955610648014e-09 - -2.123051904728004e-09
