Number: 2597
Error: 2.68862001951184e-08
A1: [0.06264420537073487, -0.04865461029838424, -0.024224332524107026, 0.0070733225002273335] - [0.043711001076247896, 0.1913183126702775, -0.1425137352024621, -0.09245829070494906] - [-0.12339033434677099, 0.41492501368255824, -0.10479427255554945, -0.1870077116645443] - [0.03608857245047049, 0.01825819557692315, -0.03404179506339239, -0.02395666405529644]
A2: [0.06283040371184925, -0.17429877473377725, 0.08572014555735383, 0.023355608225609097] - [0.02920117060080654, 0.2002109328094053, -0.10179876340972617, -0.12796030508502296] - [-0.09413855430909021, 0.5129657879215607, -0.22633873891622552, -0.19580455108309747] - [-0.026766052889643142, 0.01768880308069949, -0.051133027265973234, 0.05615790472503784]
B1: 3.5960991531919207e-07 - 0.00020375578863253852 - 0.00010807547384428514 - 0.00011199870018163542
B2: -5.581004441281019e-05 - 1.7971617248123905e-05 - -0.00015360422824897436 - 9.785527780363808e-05
