Number: 374
Error: 5.935627897943304e-11
A1: [-0.012216293882849902, -0.014581772990240967, 0.018017763513566088, 0.008515884250055538] - [0.065860131652745, 0.18951921020394205, -0.1452968305926559, -0.10998084134414238] - [-0.0963266098595997, 0.42175367985436973, -0.05349371968013334, -0.27207480521388294] - [-0.0013409950612998849, -0.01823799268636186, -0.0038558585448474508, 0.02335421031299225]
A2: [0.16159539118049487, -0.1677462717794613, 0.008509827163822661, -0.0023246203692827683] - [0.03546982899484635, 0.20750108120142652, -0.11722625342629547, -0.12580757962453276] - [-0.08618981935587275, 0.5815613557459954, -0.23536564690032724, -0.2599124392308649] - [-0.0038359124924229396, -0.004520221373660969, 0.0011093214739767664, 0.007242487702097661]
B1: -6.5940252206564254e-06 - 2.468046912583402e-05 - 8.070201097498992e-06 - 7.309607465000999e-07
B2: 2.3795118555629162e-05 - 1.4641924580164125e-05 - -1.181453307574623e-05 - 3.2990179203545022e-06
