Number: 7732
Error: 8.83757926250341e-16
A1: [0.08043165273192833, -0.1804678426995942, -0.019588888887782093, 0.11962493978916451] - [0.03741555747869328, 0.13359636367693603, -0.13472620866848634, -0.036285847599992226] - [-0.0017028603415601257, 0.22819007517887813, -0.12282842391345798, -0.10365895154219794] - [0.038863202008539585, -0.11448105088202877, -0.04641647379569729, 0.12203419555250247]
A2: [0.03530739530978695, -0.029273523680530156, -0.07569739535275653, 0.06966335776731264] - [0.10289367655602459, 0.2828966265214637, -0.39260646793414883, 0.0068159183950379084] - [-0.011187144362468754, 0.5390145460509883, -0.3594510574915334, -0.1683765113209254] - [0.09786276361376704, 0.017463280538613606, -0.1688510445881367, 0.053524840811167027]
B1: -6.815770796468231e-10 - -3.3968632427054643e-09 - -1.4495122793157623e-09 - -7.789065726099064e-10
B2: 2.328741732208762e-09 - -1.3494239695876075e-08 - 8.824295544739917e-10 - 1.892402722749299e-09
