Number: 1917
Error: 1.5389588109867312e-06
A1: [-0.0012938746611654557, -0.009001367764625044, 0.009132259759890429, 0.025472629951289565] - [0.06228349347695976, 0.18552355843220106, -0.15142134839642105, -0.11491129487071947] - [-0.11203346461088713, 0.44230580643154394, -0.07031178539584437, -0.25752164271294814] - [-0.020823773562813647, 0.017865910791790878, -0.0274565724323825, 0.04158910088378843]
A2: [0.13038124816957666, -0.22586788868273855, 0.02144599050659516, 0.0689842388974629] - [0.03212183688803909, 0.20324662281964162, -0.11540279579646737, -0.12195449556262915] - [-0.09522824528511321, 0.5549162457705276, -0.23575562725383584, -0.2261220223773777] - [-0.015357031077636694, -0.013947203633629952, 0.013473207710713576, 0.03739509336943686]
B1: 0.0008898079657648915 - 0.0015969655625119935 - 0.0006180817365953985 - -0.0020134347952251207
B2: -0.0003615642437285695 - 0.0028556175918082807 - 0.0004036430443895142 - -0.00013566805075244297
