Number: 1699
Error: 3.854937669388943e-08
A1: [-0.006517935483167378, -0.014326544830208746, 0.003695432005237696, 0.02012925314586767] - [0.06732180889293159, 0.1903603050807917, -0.146224159921016, -0.10931213592908332] - [-0.11296323199486283, 0.44139191942462674, -0.07119348700598285, -0.25851592309391547] - [-0.024248163218764943, 0.014465789002163864, -0.030831327494429538, 0.037973160842953275]
A2: [0.13243235198975933, -0.22378170918763224, 0.02349493807386131, 0.07098327277291545] - [0.03307700868645791, 0.20417467587585417, -0.11445856434834815, -0.12103377224939982] - [-0.0944044768611702, 0.5557708579753896, -0.23498244495579176, -0.22542386850861662] - [-0.020365261831750373, -0.018813832804852965, 0.00857051725860002, 0.032622171151538024]
B1: -0.0008161243361375558 - 0.0010787175111907506 - -0.00048237488991149143 - -0.0006054598564647618
B2: 0.0005116835628716386 - -0.000616824496004119 - -0.00047418401470500284 - 1.857685951988683e-05
