Number: 9482
Error: 1.9446751246599296e-13
A1: [0.05317221974172779, -0.1480016015232618, -0.026999377373755847, 0.12182749142262898] - [0.005314272488986022, 0.13083724749960218, -0.11360019120218884, -0.022549209927503] - [-0.01444314128846621, 0.22309295659597356, -0.12703984537706076, -0.08160459724279205] - [0.027147917237398296, -0.10001858083979044, -0.049423048124237076, 0.12229958131357287]
A2: [0.08925825328778028, -0.07290958706977445, -0.1236237142053033, 0.10729022188963251] - [0.10884150456760473, 0.24981395684995858, -0.4048455093236313, 0.04618925209310668] - [0.03663584163686928, 0.4625550296116501, -0.37771753814617653, -0.12147335872694937] - [0.14342572871300327, -0.04460732517889098, -0.20150022333671117, 0.10267914756374827]
B1: -5.73775523360525e-07 - -3.9642353613966225e-07 - -1.4881346166697717e-07 - 1.32454747691623e-07
B2: 2.6133916052858737e-07 - 5.935104664728865e-08 - 2.7416315642886096e-07 - -3.5550659218118544e-07
