Number: 8673
Error: 9.349942268740921e-15
A1: [0.08043165314941131, -0.18046784228213514, -0.01958888847081925, 0.11962494020660897] - [0.03741559620722307, 0.13359640237621, -0.13472617001690423, -0.03628580889280118] - [-0.0017028236094660002, 0.22819011191018496, -0.12282838723515688, -0.10365891481989835] - [0.03886320103774322, -0.11448105185002687, -0.046416474765861804, 0.12203419458236066]
A2: [0.03530750386000615, -0.02927341483008898, -0.07569729214435134, 0.06966347137658088] - [0.10289372403127506, 0.2828966743996619, -0.3926064220166686, 0.006815968108517976] - [-0.011187047714459072, 0.539014643275401, -0.3594509660119255, -0.1683764094797287] - [0.09786286030767131, 0.017463377672277985, -0.16885095254161647, 0.05352494230803933]
B1: -9.607829143094389e-08 - -3.76254522958373e-08 - -8.459875172512108e-08 - -9.579238066486308e-08
B2: 3.347130409331501e-08 - 3.7102006143421133e-09 - -4.395662006671046e-09 - 3.178498637638206e-08
