Number: 6422
Error: 8.891021531973745e-16
A1: [0.08043169911443099, -0.18046779632233614, -0.01958884256074591, 0.11962498616636606] - [0.03741559791554079, 0.13359640408318407, -0.13472616831222514, -0.036285807185548045] - [-0.0017028093070907669, 0.2281901262122644, -0.1228283729537179, -0.10365890052135573] - [0.03886322692322818, -0.11448102603724945, -0.04641644889688808, 0.12203422045170619]
A2: [0.035307436220490485, -0.02927348265668675, -0.0756973564553317, 0.06966340058475487] - [0.10289375274722573, 0.2828967033592865, -0.39260639424299265, 0.006815998178300847] - [-0.011187095158360435, 0.5390145955485832, -0.35945101091875165, -0.16837645947286636] - [0.0978628104181812, 0.017463327555918392, -0.16885100003333345, 0.053524889940528335]
B1: 9.824975575549804e-10 - 4.501006590463842e-09 - 4.214993486616726e-09 - 1.107201263257184e-09
B2: 6.984039009370951e-09 - 2.4309374922073344e-09 - 5.355308586331483e-09 - -6.053447140736097e-09
