Number: 9521
Error: 1.1688279857766708e-13
A1: [0.0531736203470996, -0.14800020039730274, -0.026997978307921992, 0.12182889270836988] - [0.005314062411554742, 0.13083703718964151, -0.11360040126152562, -0.02254942031779046] - [-0.014445744694952375, 0.22309035222932613, -0.12704244672877274, -0.08160720158368816] - [0.027146129855650517, -0.10002036826789726, -0.04942483932354054, 0.12229778933276012]
A2: [0.08925198577837984, -0.07291584011850563, -0.12362984055106083, 0.10728387703657997] - [0.10884057222737391, 0.24981302433745983, -0.4048464232048432, 0.04618830405698309] - [0.036635476278978285, 0.46255466614635543, -0.3777178946205078, -0.1214737278847718] - [0.14342661479289848, -0.044606442402993954, -0.2014993581658083, 0.10268004679165188]
B1: 1.189094388294159e-07 - -6.160178332251989e-07 - -7.399155068917514e-07 - -8.050118852571296e-07
B2: -4.018532235192966e-08 - -1.2846914347795327e-07 - -9.560572001740623e-07 - 1.7511812974884463e-07
