Number: 4043
Error: 1.012763046121777e-15
A1: [0.06621318848177159, -0.11395207306133735, -0.023983943485445306, 0.07172287493823323] - [0.037402620398961875, 0.18819337733793612, -0.14740893864829707, -0.07818700204622588] - [-0.060229391498408454, 0.3289507807512103, -0.12775312942433317, -0.1409683418438884] - [0.03904613710163886, -0.053322706982684, -0.037418611711934294, 0.0516950992718957]
A2: [-0.009108667915976509, -0.3468032832039458, 0.24945499745150715, 0.10645658329693936] - [0.0800398505619738, 0.03628228368460775, -0.05025008516017263, -0.0660719321652384] - [-0.042452934140104835, 0.23083176451761386, -0.04053136844299596, -0.14784796580700954] - [0.06813479827618038, -0.2934678307466603, 0.14177126180435154, 0.08356188231418496]
B1: 3.7717177287448366e-08 - -9.10768561341099e-09 - -2.4963740536328663e-08 - 2.265829066951113e-08
B2: 3.3743553883099313e-09 - 2.534168985423412e-08 - -3.0160974640444854e-09 - -1.0277262715114399e-08
