Number: 3369
Error: 4.6213956204644045e-08
A1: [0.06588547979755603, -0.11427440704317454, -0.024315827936511606, 0.07139332698802224] - [0.04017118886994221, 0.19083508849171707, -0.14469103043884318, -0.07546851848889022] - [-0.06039986776795345, 0.32881676016464995, -0.12789614588951312, -0.14112110527229135] - [0.03739776603781659, -0.05489227767533035, -0.039016956980977006, 0.0501071014701296]
A2: [-0.008453724387260855, -0.34610907367156574, 0.25017468138017057, 0.10714241378273509] - [0.08088138557839357, 0.03719042882651357, -0.04933510655884421, -0.06514793153515863] - [-0.04085080354796191, 0.2325994977955158, -0.038804467943242466, -0.14608552062019217] - [0.07021420218297175, -0.2911750779868755, 0.14405702932170564, 0.08589208731266387]
B1: 0.0005607123714823002 - 3.087507584138534e-05 - -8.509254225384593e-05 - -4.345547559006711e-05
B2: -0.0001285040455622676 - 0.0002193042648654652 - 0.0008456156878343311 - -0.00019745383500773973
