Number: 3956
Error: 9.968673478856572e-16
A1: [0.06621322439065741, -0.11395203795489695, -0.023983907604740985, 0.07172291078685687] - [0.0374025895775496, 0.18819334789016567, -0.1474089689481106, -0.07818703234872028] - [-0.0602292539519418, 0.3289509128569705, -0.12775299482949723, -0.14096820797298604] - [0.039046242638405254, -0.0533226068111781, -0.037418509608652, 0.05169520054612628]
A2: [-0.009108575583309526, -0.34680318525338955, 0.24945509053126078, 0.10645668010270924] - [0.08003980123922992, 0.03628223054987621, -0.05025013906712768, -0.06607198652994287] - [-0.04245277204048304, 0.23083194342089122, -0.04053119473057938, -0.14784778653086764] - [0.06813477964966837, -0.2934678512552708, 0.1417712416114244, 0.08356186143040863]
B1: 1.6442661017670465e-08 - -5.061710891363658e-09 - 1.0482233561030874e-08 - -1.4053236429254506e-08
B2: 1.0953098344176067e-08 - -3.7611034974781784e-08 - -3.551939707885371e-08 - 4.8917763530728606e-08
