Number: 138
Error: 8.866309984621065e-05
A1: [0.019137884666719666, 0.01812007901762508, 0.053539449123503696, 0.04281629042550126] - [0.08619674667653382, 0.20931049930175535, -0.12467868317862281, -0.08764856588478236] - [-0.06744623996039291, 0.4506562594176901, -0.021567141985889545, -0.23754956529389448] - [0.0286591700715959, 0.0116095412147498, 0.02906045032766599, 0.05904734621538439]
A2: [0.199920654489651, -0.13077138837005434, 0.046077462239274794, 0.03461885363981564] - [0.05474460631225608, 0.22608982436319094, -0.0987620422963295, -0.1077535934905128] - [-0.0445933688597936, 0.6222828353047015, -0.1949649625689726, -0.21977915234473216] - [0.030127875921082566, 0.02911433223540149, 0.0345730438604102, 0.03941820107840484]
B1: 0.00046842784634733184 - 0.09330600809867426 - 0.0017834173802432052 - 0.00229194823835413
B2: -0.0009532759635589465 - 0.12597734327634857 - -0.004486121570341946 - -0.0032633783653966963
