Number: 5405
Error: 9.032911763614758e-16
A1: [0.06621311394846831, -0.11395214592902558, -0.02398401796023052, 0.07172280053002855] - [0.03740254307111239, 0.1881933034565348, -0.14740901466739953, -0.07818707807208293] - [-0.060229289647402234, 0.32895087857339683, -0.12775302975877012, -0.14096824271407712] - [0.0390462537273704, -0.053322596285495086, -0.03741849888003317, 0.051695211187593335]
A2: [-0.009108404293880207, -0.346803003542519, 0.24945526320604614, 0.10645685968991976] - [0.0800397637719029, 0.03628219018702536, -0.05025018001627163, -0.06607202782706013] - [-0.04245282178509455, 0.23083188851963676, -0.0405312480390291, -0.1478478415465] - [0.06813471669378426, -0.2934679205722223, 0.14177117336078143, 0.08356179084557451]
B1: -2.5203365179072815e-08 - 1.118830249332627e-08 - -4.841620886937441e-08 - -5.618668083420595e-08
B2: 2.6668133081698156e-09 - -1.2430698819420034e-08 - -1.409239800769401e-07 - 5.4197262626766704e-08
