Number: 8453
Error: 1.2914371505857137e-15
A1: [0.08043172261484055, -0.18046777282458165, -0.019588819088468566, 0.11962500966408693] - [0.03741553278488532, 0.1335963390018144, -0.1347262333129907, -0.036285872280075356] - [-0.001702816566989891, 0.2281901189525159, -0.12282838020298553, -0.10365890777930456] - [0.038863290556256945, -0.11448096258276434, -0.04641638530440004, 0.12203428404521001]
A2: [0.035307470313322015, -0.02927344846953071, -0.07569732404021115, 0.06966343626650627] - [0.10289381042732483, 0.28289676152894305, -0.39260633845544624, 0.006816058577674152] - [-0.011187026588750735, 0.5390146645270982, -0.359450946015941, -0.16837638721889575] - [0.09786284219039343, 0.017463359472618477, -0.16885096978815062, 0.05352492329088719]
B1: 1.5638484714943357e-08 - 7.53808901532718e-09 - 4.555764237485979e-09 - 1.3018480194125577e-08
B2: 2.279998494281112e-08 - -3.8140862106503884e-08 - 2.011954974753876e-09 - 3.701049188996529e-08
