Number: 8140
Error: 8.462798457400658e-16
A1: [0.08043169442431243, -0.18046780101195126, -0.019588847245301057, 0.11962498147675887] - [0.03741557928130219, 0.13359638546308675, -0.13472618690921231, -0.03628582580940336] - [-0.0017028076736271016, 0.22819012784568346, -0.12282837132265034, -0.1036588988883269] - [0.038863230950274094, -0.11448102202151687, -0.04641644487242347, 0.12203422447624059]
A2: [0.035307504279042674, -0.0292734144098476, -0.07569729174599368, 0.06966347181528586] - [0.10289374848508037, 0.2828966990609763, -0.39260639836525885, 0.006815993715198953] - [-0.011187175863955665, 0.5390145143615669, -0.3594510873084755, -0.16837654451505332] - [0.09786273045618518, 0.017463247230180955, -0.16885107615208667, 0.05352480600657196]
B1: 2.8051063978313665e-08 - -5.556728798332728e-09 - -1.0229853493417e-08 - 1.3338728568606991e-08
B2: 1.3931970532326082e-08 - 4.572300984070033e-09 - 5.974761320640742e-09 - 1.0881125976464866e-08
