Number: 3476
Error: 1.669191077547491e-09
A1: [0.06617357371467221, -0.11399081398989633, -0.024023542438527577, 0.07168332365186263] - [0.03736870209008974, 0.18816096480770744, -0.14744225633076324, -0.07822035284424778] - [-0.05997295531727891, 0.32919705539474287, -0.12750215508765234, -0.14071878105098137] - [0.03927855485718793, -0.053102101586172526, -0.03719369729145663, 0.051918145149001636]
A2: [-0.00919163810747756, -0.3468912936856256, 0.24937133816425686, 0.10636962091030626] - [0.08009174048585398, 0.03633817874687804, -0.05019336595390787, -0.06601471784550107] - [-0.042660202919486835, 0.23060296434716904, -0.040753564757008365, -0.1480772627514634] - [0.06810395235630229, -0.2935017905091088, 0.1417378462742818, 0.08352731684014353]
B1: 2.3717091320998808e-05 - 9.958976678672137e-07 - 4.345231658400233e-05 - 2.596336143974875e-06
B2: -4.0624572574619366e-05 - 0.00010201685833985859 - 7.464990917774964e-05 - 6.140798636787716e-06
