Number: 4704
Error: 1.3702844980556159e-15
A1: [0.06621313891174069, -0.11395212152366532, -0.023983993016605556, 0.07172282545135143] - [0.037402570289855684, 0.18819332946208292, -0.14740898790939194, -0.07818705131169887] - [-0.06022954822129278, 0.32895063022737625, -0.1277532827842022, -0.140968494378682] - [0.03904607633979575, -0.05332276465555096, -0.03741867049699741, 0.051695040964121815]
A2: [-0.009108266078177359, -0.34680285691720947, 0.24945540254039225, 0.10645700460151829] - [0.08003995211287265, 0.0362823930839745, -0.050249974170849705, -0.06607182023350043] - [-0.04245270597703819, 0.23083201633241807, -0.04053112393439884, -0.1478477134673534] - [0.06813510579378866, -0.2934674921569735, 0.14177159518235072, 0.08356222709750313]
B1: -9.189644794776073e-08 - 6.133877302961419e-08 - -1.239268486155038e-08 - 6.138663712279319e-08
B2: 2.5234659478168367e-08 - 2.527790488560001e-08 - -1.118141673712513e-08 - 6.073010815426518e-08
