Number: 4211
Error: 1.24045668401442e-15
A1: [0.06621317900742073, -0.11395208232396797, -0.023983952952363767, 0.07172286547978221] - [0.03740262402101366, 0.18819338079856063, -0.14740893508753816, -0.0781869984851582] - [-0.060229368784227334, 0.3289508025669373, -0.12775310719757307, -0.14096831973666768] - [0.03904612085564438, -0.05332272240275722, -0.03741862742938328, 0.05169508368207033]
A2: [-0.009108595862540626, -0.34680320676647014, 0.24945507008792853, 0.1064566588410672] - [0.08003983833409589, 0.036282270511677935, -0.05025009852455018, -0.06607194564309475] - [-0.04245284328329882, 0.230831864792867, -0.040531271077216026, -0.14784786532275782] - [0.06813480160188744, -0.2934678270849137, 0.14177126540972843, 0.08356188604290829]
B1: 2.745107705793665e-08 - -3.811011889788271e-09 - -1.0421037603948042e-08 - 1.1391119399469949e-08
B2: 1.659960228814836e-08 - 2.635872795064647e-08 - 6.918058352175816e-09 - -1.9043665664252694e-09
