Number: 856
Error: 8.673367422422262e-10
A1: [-0.01209262000938839, -0.014454752011762157, 0.01815445471954587, 0.008648039152845337] - [0.06584743231182072, 0.1895069938891879, -0.1453099595534229, -0.10999498069999274] - [-0.09629427433049192, 0.42178492840718473, -0.05345863618395987, -0.27203713387886014] - [-0.001344010986745701, -0.018240893509133133, -0.0038590732766995107, 0.02335072517293969]
A2: [0.1615763378787749, -0.16776495997802504, 0.008491159886796147, -0.0023431891424943747] - [0.035490077664837465, 0.20752100568689744, -0.11720608839213013, -0.12578776995827023] - [-0.08622722215715543, 0.5815247233933507, -0.23540203652759706, -0.2599489043634879] - [-0.0038405714846795488, -0.00452480116473128, 0.0011047097082837953, 0.007238031648062429]
B1: -2.9316187425967336e-05 - -3.482747337160604e-05 - -2.7591145876230465e-05 - -1.4621923621830406e-05
B2: -3.130900193462013e-05 - 2.266263045721861e-05 - -1.0180452166182264e-06 - 1.4195552018743774e-05
