Number: 2005
Error: 5.003563337318912e-05
A1: [0.0003111955158626809, -0.00819477101721513, 0.008116420174488003, 0.02641264161028972] - [0.05789247527240792, 0.18130716609044753, -0.15614279163026937, -0.11992118118153382] - [-0.09868174448939385, 0.4557674167343499, -0.05725604249975283, -0.24316970976233618] - [-0.03867061149855629, 0.000700820486576931, -0.04569548316286923, 0.024161906244730223]
A2: [0.1190030654063739, -0.23838664645207747, 0.010755076394376544, 0.058496183017501084] - [0.022463641778160064, 0.19268094851028322, -0.1254629517429358, -0.13201433040689084] - [-0.08963555727250261, 0.5582558511157946, -0.23040010708898825, -0.2216315587987758] - [-0.0007207738014889343, -0.0015862196402924014, 0.027467006223749278, 0.05100744457539635]
B1: 0.011608568125080446 - 0.009512181869040818 - -0.0017415586029895886 - 0.00802070080515338
B2: -0.008877895729992457 - 0.005146871019184094 - 0.011267758386947851 - -0.005147938210663414
