Number: 9060
Error: 3.917498264503905e-05
A1: [0.03117361643713334, -0.17900299671763442, -0.05201497163324473, 0.09627771724930792] - [0.02965851125588861, 0.15129231145701, -0.09275551433337871, -0.0008962479021614616] - [-0.021705249353682142, 0.22366807841584183, -0.12425245916327565, -0.08242531451202305] - [0.04341746079354049, -0.08360275726465091, -0.03086854404350711, 0.13875612468110293]
A2: [0.05411309887516293, -0.10604147396017462, -0.1448812136684814, 0.07561745125045727] - [0.1704974094699472, 0.3030794850664217, -0.3543230955575166, 0.10042459269227302] - [0.06920249237029977, 0.4961558929219937, -0.35227331840570414, -0.09084575827962175] - [0.15752296865995186, -0.030818312072328272, -0.18980606237565897, 0.11627732758554574]
B1: -0.01860461255114005 - -0.014026299364024365 - -0.0048926092569643795 - -0.014289262042272792
B2: -0.028348332212070223 - -0.010229232870380883 - 0.001346668158843696 - -0.009577226799729787
