Number: 4034
Error: 1.1611580190595171e-15
A1: [0.06621322385285412, -0.11395203848068595, -0.02398390814212043, 0.07172291024995159] - [0.0374025951124201, 0.18819335317836444, -0.1474089635069059, -0.07818702690703179] - [-0.060229313049060915, 0.3289508560974653, -0.1277530526584381, -0.1409682654908881] - [0.03904622463584788, -0.05332262389853095, -0.03741852702551907, 0.05169518327066829]
A2: [-0.009108637656876278, -0.34680325110376187, 0.2494550279554381, 0.10645661502196205] - [0.08003984723865247, 0.03628228010443812, -0.05025008879237441, -0.06607193582828215] - [-0.04245293275672238, 0.23083176604440023, -0.04053136696050655, -0.14784796427703917] - [0.06813481291116795, -0.29346781463289434, 0.14177127767009554, 0.08356189872271841]
B1: 3.934518188858224e-08 - 3.13032483190538e-09 - -2.4742568884401986e-08 - 3.1300471128124854e-08
B2: 1.0923422159536846e-08 - -8.478497863637486e-09 - 6.3050106447227094e-09 - 1.4864295431465805e-08
