Number: 1947
Error: 1.0853231212824083e-05
A1: [-0.001897019716287725, -0.009493493991483184, 0.008411351189892535, 0.024843271360397556] - [0.06749400035392043, 0.19049510656506202, -0.14605987589974564, -0.109220225877636] - [-0.1181201742044563, 0.4362474978404729, -0.07688569731040613, -0.26422519986198056] - [-0.035594079288908634, 0.0032789666432899156, -0.042762997302511485, 0.025912327840439526]
A2: [0.13045971899799338, -0.2261146255484145, 0.021220008315821437, 0.06874617107802032] - [0.03399276961575246, 0.2051307397720959, -0.11354748764859728, -0.12013793920699341] - [-0.10240518320419403, 0.5477666443789578, -0.24287705176419896, -0.23319642752856493] - [-0.01940900849505628, -0.01811420460626666, 0.00936495247677595, 0.03341650026900373]
B1: -0.0007599126249899957 - -0.002603992336380174 - -0.004050331211391711 - -0.000524722764089621
B2: 0.00108856320514647 - 0.006542420583656644 - -0.001367052375299087 - -0.004017316067464265
