Number: 8309
Error: 7.654007223958834e-16
A1: [0.08043163925758691, -0.18046785617242989, -0.019588902346080784, 0.11962492631631436] - [0.03741560309743203, 0.13359640926120314, -0.13472616314050218, -0.03628580200642964] - [-0.0017028308988044805, 0.2281901046210005, -0.12282839451382294, -0.10365892210730655] - [0.03886317550535198, -0.11448107731084219, -0.04641650028202936, 0.1220341690657611]
A2: [0.03530742386495761, -0.02927349504633284, -0.0756973682028357, 0.06966338765337497] - [0.10289371524856708, 0.2828966655424001, -0.39260643051120553, 0.006815958911762733] - [-0.011187087943282105, 0.5390146028066268, -0.3594510040894909, -0.16837645187013991] - [0.0978628111900482, 0.017463328331256793, -0.16885099929853897, 0.053524890750691466]
B1: 8.50769895808117e-09 - 3.2578585933489025e-08 - 8.858470611057845e-09 - 1.7220083120394148e-08
B2: -3.815566181247633e-09 - 4.420523731581236e-08 - -6.780549375167048e-09 - 1.0257285463576465e-09
