Number: 7925
Error: 8.494629465938393e-16
A1: [0.0804317284944482, -0.18046776694565791, -0.019588813215863317, 0.11962501554302536] - [0.03741550566133549, 0.13359631189879953, -0.13472626038257052, -0.03628589938863611] - [-0.0017028114323873373, 0.22819012408700723, -0.12282837507589688, -0.10365890264607877] - [0.03886324260704222, -0.11448101039746177, -0.046416433223070624, 0.12203423612576918]
A2: [0.03530733642955864, -0.029273582723592186, -0.07569745133539549, 0.06966329614284587] - [0.1028936553025021, 0.28289660508757275, -0.3926064884902908, 0.006815896139519815] - [-0.011187096698192452, 0.5390145939995401, -0.3594510123762155, -0.1683764610954676] - [0.09786275028107105, 0.01746326714527186, -0.1688510572800212, 0.053524826816199966]
B1: -2.8938837030360678e-08 - -1.4030418085604696e-08 - 7.832978920473191e-09 - -9.589693444710108e-09
B2: 2.4866031107205095e-08 - -7.241406832936699e-08 - 1.3940511560625232e-08 - -4.980437787678549e-10
