Number: 6081
Error: 1.9654529861144737e-14
A1: [0.08043268285385327, -0.18046681269450704, -0.019587859997666608, 0.11962596979330022] - [0.037416702665034336, 0.1335975079962548, -0.13472506576416388, -0.03628470304825209] - [-0.0017017511722285609, 0.22819118432462696, -0.12282731636804897, -0.10365784266885708] - [0.038863821677050644, -0.11448043295255043, -0.046415854522036816, 0.12203481483588306]
A2: [0.035307293639822795, -0.029273625631826013, -0.0756974920186361, 0.06966325135874632] - [0.10289377152664227, 0.2828967222980459, -0.3926063760795578, 0.006816017843119906] - [-0.011187199361981233, 0.539014490723418, -0.35945110954929954, -0.1683765692758103] - [0.09786271790380056, 0.017463234620694768, -0.16885108810071187, 0.05352479283052534]
B1: -5.460271268853739e-08 - 2.4727219884746494e-08 - -4.220123194832108e-08 - 3.159423383884693e-08
B2: 4.22259037583512e-07 - 6.731279532412359e-07 - -7.490138493511879e-07 - -1.1539656246992865e-07
