Number: 8781
Error: 1.774897302705679e-07
A1: [0.08039460976218488, -0.1805048720243209, -0.01962588282938274, 0.11958790432151793] - [0.03721004611841231, 0.1333909802935048, -0.1349312848700436, -0.036491250475678735] - [-0.001598360627114341, 0.22829460241002272, -0.12272408101555446, -0.10355447208766369] - [0.03893067954902022, -0.11441376768105925, -0.04634902887839259, 0.12210162791787875]
A2: [0.03545833581848813, -0.02912228807828595, -0.07555383362313593, 0.0698212983498158] - [0.10321417833955523, 0.2832197337580243, -0.3922964369941833, 0.007151515827070474] - [-0.011384849463056405, 0.5388156109570638, -0.3596381688503303, -0.16858486833586975] - [0.09805770978739207, 0.01765899682939828, -0.16866542137342422, 0.05372944478061804]
B1: 0.00014217283305850475 - 5.883849165655772e-05 - 0.0002531649425407444 - 0.00011230645749800034
B2: -0.0003309911043000129 - -5.06529462208766e-05 - -0.0004519526167946948 - -0.0002820424842051408
