Number: 1434
Error: 3.834043043536555e-10
A1: [-0.007201602945016798, -0.01500798517249587, 0.002982532489190576, 0.01944030595488359] - [0.06677065802902829, 0.18983047330697586, -0.14679307235909217, -0.1099247402970603] - [-0.11259734170185304, 0.44177348632862584, -0.07080198579961906, -0.2581128473637403] - [-0.02348358419680444, 0.015231867971834595, -0.030051330888538355, 0.03879092340126388]
A2: [0.1316039724633484, -0.22461088970985976, 0.022684124338757782, 0.07017800448048198] - [0.03268364725332799, 0.20378604130997566, -0.11485104348787109, -0.12142086878401433] - [-0.09472418075582231, 0.5554401123352234, -0.2353020781296918, -0.22573480242997185] - [-0.020797424857158388, -0.01924624217548334, 0.008147775569168042, 0.032210463970158205]
B1: -1.5053394107915812e-05 - 6.465903389132398e-06 - -9.329955095288124e-06 - 7.442102924419668e-06
B2: 2.4377913668214383e-05 - -2.2903576603761954e-05 - 4.645948797916316e-05 - -1.3775457789816755e-05
