Number: 8688
Error: 7.549680676908737e-14
A1: [0.08043165521831983, -0.1804678402134384, -0.019588886404371078, 0.11962494227528726] - [0.03741561887219721, 0.13359642502404526, -0.13472614739707725, -0.03628578624037568] - [-0.0017027315150010532, 0.22819020400269033, -0.12282829527552387, -0.10365882275000715] - [0.03886319899185917, -0.11448105389014647, -0.04641647681042845, 0.12203419253775431]
A2: [0.03530694962466481, -0.02927397059829778, -0.07569781910588042, 0.06966289131086544] - [0.10289391816632448, 0.2828968701822883, -0.3926062342515234, 0.006816171395880772] - [-0.011187370313116764, 0.5390143187526775, -0.35945127135953336, -0.16837674941213912] - [0.09786245101731311, 0.017462966520286206, -0.16885134216063993, 0.05352451268763141]
B1: -1.499802435907357e-07 - -2.1048465835601067e-07 - -1.3849764058734812e-07 - -1.3072288110422845e-07
B2: 1.323565313504844e-07 - 8.155461589235908e-08 - 7.888820771935681e-08 - 1.2883914466135094e-07
