Number: 8863
Error: 2.015574096714987e-05
A1: [0.08014403553796622, -0.1803624393586163, -0.021173083678037625, 0.11971504841850453] - [0.03767039097484368, 0.13430333494781116, -0.13491905330068338, -0.03587302646452243] - [0.004852127414612898, 0.23484582642884966, -0.1165977646004971, -0.0971126049394818] - [0.04034607909596635, -0.11247513419431035, -0.046497256132220055, 0.12397489439033692]
A2: [0.008346112864712539, -0.056371899702002834, -0.10142828905259701, 0.041494086293050514] - [0.09595047480474896, 0.2760198875976916, -0.398642904694473, -0.0005386948239631019] - [0.01541300983024593, 0.5647749816250954, -0.33480046037506905, -0.14026418451445952] - [0.09215001262879627, 0.011945203884649648, -0.1740470961731742, 0.047535276448859166]
B1: -0.0013810172751817587 - -0.0014189929901021465 - 0.0025487013550483124 - 0.008779738134501669
B2: -0.0011615772179314442 - -0.0008607661359233314 - -0.0017742932356566068 - -0.004043246119174685
