Number: 19
Error: 0.0014412964161327475
A1: [0.021655446113928906, 0.027041343157018373, 0.046872883908453324, 0.025560094966204042] - [0.14827796589947242, 0.28440613399534476, -0.0757733830709104, -0.06764426050857208] - [-0.09609116120660961, 0.4191424900862385, -0.05624920571178282, -0.26338975861473235] - [0.19727150769984808, 0.18924418612408553, 0.20286518249592134, 0.22084356817354178]
A2: [0.4539575741476468, 0.12070023229523485, 0.2897111203616103, 0.28531577018377396] - [0.16725360303352016, 0.33384437234381864, 0.006064451918084586, -0.0019668415152541367] - [0.30387549555455895, 0.9714092806020543, 0.14081048555438794, 0.1291145958703788] - [0.6452810736651844, 0.6461639632224, 0.6418053669089908, 0.6382302104892131]
B1: 0.057256300961065355 - 0.4833731033946601 - -0.0631660160839325 - -0.08760103585400134
B2: 0.030637204935719486 - 0.5261162779385391 - -0.09697948407394 - -0.0762522458982716
