Number: 2060
Error: 0.00022617112329949388
A1: [-0.0495094802361809, -0.06819016505217423, -0.05606706656645539, -0.042289898557783784] - [0.05451378689392198, 0.18031625777755092, -0.1599055013739854, -0.12640761110735335] - [-0.07443188519704225, 0.47164260554540505, -0.0296713201456092, -0.19026238637132192] - [-0.04759674907738772, -0.00793394442059733, -0.06425699460695534, -0.01587809983213187]
A2: [-0.018125381190080576, -0.35497406396877906, -0.1108777035792125, -0.06990891494278782] - [0.03997930269801792, 0.2047719326969665, -0.11277095402131153, -0.11708000888662362] - [-0.089209534597046, 0.5643850016139845, -0.21455620385471694, -0.22053597308614528] - [-0.016562531900980525, -0.0004210989233820999, -0.0021942163961287137, 0.058940212935224945]
B1: 0.020242687084727644 - 0.0029355794585858444 - -0.0251255019262185 - -0.04159901260568029
B2: -0.007759452093648381 - 0.02871684125094802 - -0.010465995990177385 - -0.02143894731294216
