Number: 4985
Error: 1.2480583286202199e-15
A1: [0.0662132929911223, -0.11395197088737825, -0.023983839058110096, 0.07172297927218502] - [0.03740264038924658, 0.18819339643732483, -0.1474089189962956, -0.07818698239250875] - [-0.06022938479300698, 0.32895078719135873, -0.12775312286282503, -0.14096833531746922] - [0.03904626116092673, -0.05332258923008436, -0.03741849168854494, 0.05169521832069959]
A2: [-0.0091084052959497, -0.34680300460546093, 0.249455262196275, 0.10645685863944675] - [0.08003983536042769, 0.036282267308228096, -0.05025010177449714, -0.06607194892067833] - [-0.04245284230477094, 0.23083186587296814, -0.040531270028341726, -0.1478478642404139] - [0.06813477809273744, -0.2934678529695211, 0.14177123992335833, 0.08356185968479303]
B1: 2.8754320934577922e-08 - -1.4783399039730222e-08 - -1.776433132404545e-08 - -9.933838360001327e-09
B2: 4.750064050958026e-08 - 4.1515158273749265e-08 - -3.860575463094438e-08 - -1.6342436113392127e-08
