Number: 5128
Error: 1.2709222130078096e-15
A1: [0.06621317111661049, -0.11395209003845862, -0.023983960837017707, 0.07172285760217081] - [0.03740258459493295, 0.18819334312964886, -0.14740897384636725, -0.07818703724743546] - [-0.060229074266495375, 0.3289510854352824, -0.12775281899964497, -0.14096803308855882] - [0.03904609749171514, -0.053322744578882676, -0.037418650033178624, 0.051695061261753904]
A2: [-0.009108412306630016, -0.34680301204267056, 0.2494552551288561, 0.10645685128914298] - [0.08003980370072182, 0.036282233201687684, -0.050250136376710025, -0.06607198381670473] - [-0.04245291449430994, 0.23083178620034076, -0.0405313473894601, -0.14784794407902396] - [0.06813470873255209, -0.2934679293378974, 0.14177116473028487, 0.08356178191952901]
B1: -2.142389196202467e-08 - -1.1783838846493003e-09 - 1.4579563331653878e-08 - -5.699659184621305e-10
B2: 2.712360049947485e-10 - 4.89156535173071e-09 - 6.09796267721652e-10 - -2.077699293760152e-08
