Number: 7648
Error: 2.2809900025903824e-16
A1: [0.08043168972546116, -0.18046780571024987, -0.019588851938488628, 0.11962497677846856] - [0.03741562452870002, 0.13359643067619914, -0.13472614175208167, -0.03628578058712795] - [-0.0017027910302369858, 0.22819014448872363, -0.1228283547036214, -0.10365888224937514] - [0.038863239885811064, -0.11448101311105226, -0.046416435942566885, 0.12203423340623006]
A2: [0.03530754526410734, -0.029273373311465192, -0.07569725277796326, 0.06966351471062886] - [0.10289384996329913, 0.2828968014004416, -0.3926063002168253, 0.006816099977678208] - [-0.011187289349343998, 0.5390144001993433, -0.359451194724898, -0.16837666409851176] - [0.09786273424701988, 0.017463251038289447, -0.1688510725434034, 0.05352480998566867]
B1: 2.4864657161732846e-08 - 6.713464652730764e-08 - 2.4246789331351504e-08 - 3.955768201267389e-08
B2: 3.251884399459298e-08 - 4.0821095017206514e-08 - 5.305554257999949e-08 - 2.994643701167778e-08
