Number: 1273
Error: 1.0681647452578612e-08
A1: [-0.006871814721910415, -0.014674834312911488, 0.003325646450490813, 0.01977896070759926] - [0.06660259984663748, 0.18966871577874655, -0.14696701501866985, -0.11011166953189694] - [-0.11184246045165437, 0.44251496383077255, -0.07001420667227505, -0.25729568201339154] - [-0.02289051613580478, 0.015815464632598267, -0.02944520615898358, 0.03941694621728086]
A2: [0.13202799074470423, -0.22419456213666109, 0.02310195314966235, 0.07059303175196592] - [0.03289862177739191, 0.20399740252504958, -0.11463702328267776, -0.12121050392368944] - [-0.09461798411189272, 0.5555453511931125, -0.23519774204300306, -0.2256299830050694] - [-0.020412029339853706, -0.01886762505363094, 0.008531134963263905, 0.032581356079455746]
B1: -5.2832806429818124e-05 - 0.0002923600174771068 - -0.00021785487820261246 - 2.3554216282594277e-05
B2: -2.3009336976046563e-05 - 6.014923872088123e-05 - -7.436654185242744e-05 - -6.609152627946311e-05
