Number: 2876
Error: 4.549460926559146e-09
A1: [0.06323630139681231, -0.048069623565150196, -0.023639917241924515, 0.007658386053281271] - [0.043598438309852876, 0.1912094954863088, -0.14262968433663548, -0.09258158855347211] - [-0.12323308202874128, 0.41507114708630005, -0.10464739832195318, -0.18686268760016322] - [0.03717968562714601, 0.019342364554618297, -0.032957945062349496, -0.022878645234588244]
A2: [0.06357278190298901, -0.17355535322279186, 0.08645232775689624, 0.024084640126029466] - [0.029354632840071313, 0.2003625318662016, -0.10164577823909282, -0.1278098912925512] - [-0.09378426616463405, 0.5133146594127461, -0.2259815299493078, -0.19546125780046744] - [-0.02526220868197918, 0.019181990839608556, -0.04962160628312744, 0.05762511882640247]
B1: 7.101621762645364e-05 - -1.0201172689594744e-05 - 4.6695077283294835e-05 - -0.00015271460383855942
B2: -4.652912529810823e-07 - 5.481503120275048e-05 - -3.219963136668341e-05 - 1.490426457291584e-05
