Number: 2261
Error: 0.00028251395363396885
A1: [0.055215462493125964, -0.04867110444984547, -0.02466714157249395, 0.004840313009888532] - [0.046045652622057745, 0.18545585461481007, -0.15705511650462978, -0.1045608035645941] - [-0.12628383746959043, 0.4265503517862675, -0.08920268774243785, -0.17232950485457837] - [0.0161829841949634, 0.013284496030244598, -0.034220699961661126, -0.03508640894976067]
A2: [0.0393428360339141, -0.20729117691849794, 0.066859087112769, -0.0021376540461368228] - [0.03127293227688132, 0.2024102144135044, -0.0972608961401667, -0.12699276574496465] - [-0.17229269929429153, 0.45388433816453017, -0.29871921559009745, -0.2710128790504619] - [-0.1744204705403903, -0.11070141086440995, -0.19541227128270386, -0.0791031780736421]
B1: 0.0074120600831465554 - 0.0331684729008241 - -0.0314010428375902 - -0.03044371610886493
B2: -0.004899696264697968 - -0.004658932122943863 - -0.009363565776582393 - -0.0023013558895970815
