Number: 4833
Error: 9.280198307314635e-16
A1: [0.06621317628739809, -0.11395208498321309, -0.02398395567026514, 0.0717228627642938] - [0.037402607431298175, 0.18819336494822267, -0.14740895139649612, -0.07818701479557495] - [-0.06022928056791923, 0.32895088729389266, -0.12775302087427265, -0.14096823387745344] - [0.03904600583655744, -0.053322831574551165, -0.037418738706478646, 0.05169497330846888]
A2: [-0.009108627428182354, -0.34680324025260295, 0.2494550382667813, 0.10645662574624717] - [0.0800398701366281, 0.03628230477212285, -0.05025006376614267, -0.0660719105895785] - [-0.042452814006156955, 0.2308318971049765, -0.04053123970250808, -0.147847832943298] - [0.0681348668188891, -0.29346775527838403, 0.1417713361108773, 0.0835619591629444]
B1: -2.436185829789431e-08 - 7.5589989913423e-09 - 9.916253998303032e-09 - 4.235869605977379e-08
B2: 1.746033422016257e-08 - 6.174440365558995e-09 - 4.234260811862213e-08 - -4.1986560355345094e-08
