Number: 8750
Error: 1.2116019760394966e-09
A1: [0.08043867285061568, -0.1804608233869229, -0.01958187727692536, 0.11963195906082619] - [0.037411320534553365, 0.1335921299084345, -0.1347304372061676, -0.036290082229313535] - [-0.0016894862250631082, 0.2282034489347102, -0.12281506955296798, -0.10364558105214687] - [0.03887433453128611, -0.11446994964411644, -0.04640534852122572, 0.12204532109911852]
A2: [0.0352599572199523, -0.029321092778730046, -0.07574249914598238, 0.0696137087230155] - [0.10287544267968325, 0.2828782380607827, -0.39262410355401484, 0.00679682486597902] - [-0.011203430906168023, 0.5389981625046619, -0.3594664732007883, -0.16839367302456948] - [0.09782635384776776, 0.017426705334288455, -0.168885704532522, 0.053486622450670325]
B1: 3.287767531267667e-05 - 2.4341506057565508e-05 - 2.2408450667614402e-05 - 2.9994442859379537e-05
B2: -7.166836042056449e-06 - 3.064341724819465e-06 - -1.1137646375969234e-05 - -7.887937760727633e-06
