Number: 1727
Error: 3.496699127921169e-08
A1: [-0.007920431492640293, -0.015740873320936006, 0.0022352067187248353, 0.018688174120558888] - [0.06681997972443694, 0.1898784962873764, -0.14674296123363867, -0.10987017786979034] - [-0.10977305078388219, 0.44452117898752985, -0.0678701218823545, -0.2550588123971464] - [-0.01952351665044058, 0.01910576993577851, -0.02601467825133276, 0.04296430820981602]
A2: [0.1313779047623736, -0.22481474878799682, 0.02246864896636875, 0.06995480302337233] - [0.033604839655243725, 0.20469342990334488, -0.1139331446108679, -0.12051484711760416] - [-0.09724510210150446, 0.5529818613982707, -0.23776895380616453, -0.22821419034347215] - [-0.02050392417255089, -0.018945445148741188, 0.008443755228748984, 0.032491455385271366]
B1: 1.1437956388521783e-05 - 0.0006866150492037108 - 0.00016771992278068366 - -0.00019773675229171542
B2: -0.00014461177496891126 - 0.0002423566719034928 - 0.00043756895551794216 - -0.00018673582740193477
