Number: 3804
Error: 7.59176473546017e-16
A1: [0.06621318085122616, -0.11395208052136364, -0.023983951110009886, 0.07172286732048971] - [0.037402651017243806, 0.1881934065916138, -0.1474089085481893, -0.07818697194345527] - [-0.06022942234091984, 0.32895075112872046, -0.1277531596049949, -0.1409683718622217] - [0.03904627089318279, -0.053322579992841526, -0.03741848227311317, 0.05169522765970277]
A2: [-0.009108608599529817, -0.3468032202784569, 0.24945505724789796, 0.10645664548698931] - [0.08003981849164869, 0.036282249135677354, -0.050250120211219274, -0.06607196751390654] - [-0.04245283210750035, 0.2308318771271811, -0.04053125910079296, -0.14784785296273878] - [0.06813476869903141, -0.29346786331238406, 0.14177122973989584, 0.08356184915274209]
B1: -5.0260444317271815e-09 - 2.8527685378158145e-08 - -7.329817243302759e-09 - 1.1006680040670136e-08
B2: 2.2841407628795815e-08 - 1.320650406998276e-08 - 6.233570889692508e-09 - -2.8156779549349347e-08
