Number: 6517
Error: 9.19099084517733e-16
A1: [0.08043168567605324, -0.180467809759192, -0.019588855983055264, 0.11962497272952302] - [0.03741557538221092, 0.1335963815669086, -0.1347261908006567, -0.0362858297063959] - [-0.001702801186507878, 0.22819013433267427, -0.12282836484502482, -0.10365889240294002] - [0.038863209716799844, -0.1144810431953902, -0.04641646609235237, 0.12203420325597181]
A2: [0.03530744205707483, -0.029273476803959076, -0.07569735090598467, 0.06966340669337633] - [0.1028937322426378, 0.28289668268067336, -0.39260641407475866, 0.006815976706995731] - [-0.011187098687811009, 0.5390145919980806, -0.3594510142594526, -0.1683764631919723] - [0.09786280053789727, 0.01746331763069217, -0.16885100943872078, 0.05352487956944282]
B1: -2.6293716068616783e-09 - 8.901469388997979e-10 - -2.387086816247253e-09 - 3.668015410771925e-10
B2: 1.0811590343878909e-09 - -8.400860132041948e-09 - 1.8055021214023953e-08 - -1.3656716506621306e-08
