Number: 372
Error: 8.53602628044472e-11
A1: [-0.012181727438818419, -0.014546269389688777, 0.018055969597723133, 0.008552823134227545] - [0.06586821981112942, 0.1895269907014233, -0.14528846826680955, -0.10997183596304426] - [-0.0963537052009975, 0.42172749257777326, -0.053523120910799055, -0.27210637293070944] - [-0.0013419702589135113, -0.018238930593366565, -0.0038568963197829825, 0.0233530829587925]
A2: [0.16158821408149332, -0.16775331414238487, 0.008502794787922792, -0.002331617251850049] - [0.03547212333636459, 0.20750333867726892, -0.11722396877257862, -0.12580533514624945] - [-0.08618091449082732, 0.5815700782771601, -0.23535698242932196, -0.25990375596436965] - [-0.003839897981796504, -0.004524140457575419, 0.0011053772929984545, 0.007238675028322006]
B1: -1.1001359509296483e-05 - 2.0297536643116913e-05 - 1.1661599712883895e-05 - -1.1702556916131775e-06
B2: 1.5386825996936893e-05 - 2.7939119106279226e-05 - -1.8817728492078876e-05 - 2.547261500491373e-06
