Number: 7904
Error: 6.38607935321324e-16
A1: [0.08043167860221548, -0.18046781683223936, -0.019588863048435948, 0.11962496565649257] - [0.037415675416954015, 0.13359648152593206, -0.13472609096521465, -0.03628572972706172] - [-0.0017028206381724572, 0.2281901148814176, -0.12282838426820464, -0.10365891184940786] - [0.03886324797351779, -0.11448100504604723, -0.046416427860016894, 0.12203424148890833]
A2: [0.035307298133966096, -0.029273621125109135, -0.07569748774640941, 0.06966325606240654] - [0.10289365575231786, 0.2828966055412072, -0.39260648805523457, 0.006815896610543117] - [-0.011187066217192461, 0.539014624662351, -0.359450983525243, -0.16837642897661675] - [0.0978627385633914, 0.017463255374296358, -0.16885106843450748, 0.053524814516468]
B1: -7.652067773222959e-09 - 2.2252394636091124e-08 - 3.2378549918440267e-08 - 2.1797240942981644e-08
B2: 4.057445643063587e-09 - 2.509235178581495e-08 - 2.033172669521681e-08 - 1.1446889041143874e-08
