Number: 4139
Error: 1.3525767942175925e-15
A1: [0.06621318207069886, -0.11395207932914195, -0.023983949891486295, 0.07172286853792062] - [0.03740261265328329, 0.188193369937466, -0.14740894626288917, -0.07818700966149676] - [-0.06022940923564834, 0.328950763715574, -0.12775314678095256, -0.14096835910714406] - [0.039046067553783884, -0.05332277299487349, -0.03741867899715427, 0.051695032533019936]
A2: [-0.009108533947691821, -0.346803141084501, 0.24945513250373916, 0.10645672375540174] - [0.08003983672693706, 0.036282268780307755, -0.050250100281082795, -0.06607194741454268] - [-0.04245288943991848, 0.23083181385155097, -0.04053132054048811, -0.14784791637025116] - [0.06813484136075194, -0.29346778330866413, 0.1417713085121846, 0.0835619306199524]
B1: 2.6163573924074324e-08 - -1.1575456728876595e-08 - -3.901345444790073e-08 - 1.4898630421208676e-08
B2: 2.1682104368146938e-08 - 2.3649743861371148e-08 - -2.11376770361716e-08 - -2.4291543855560693e-08
