Number: 4511
Error: 6.994390419227658e-16
A1: [0.06621312468351297, -0.1139521354339443, -0.023984007233658386, 0.07172281124701856] - [0.03740255998978996, 0.1881933196210591, -0.14740899803513866, -0.07818706143834667] - [-0.060229382913704915, 0.32895078899636354, -0.12775312102383332, -0.14096833348845955] - [0.0390460219856599, -0.05332281624641548, -0.037418723082791115, 0.05169498880534366]
A2: [-0.009108510788455546, -0.3468031165162124, 0.24945515585025899, 0.10645674803651688] - [0.08003979073507808, 0.03628221923393787, -0.0502501505475216, -0.0660719981077916] - [-0.042452872770672855, 0.23083183224885792, -0.04053130267690295, -0.1478478979345283] - [0.0681348060147307, -0.29346782222623685, 0.14177127019351674, 0.08356189099046715]
B1: -2.963848069814592e-08 - -9.043620014098142e-09 - -2.4774684451443144e-08 - 1.131312020978095e-09
B2: 1.4188221199460518e-08 - 8.509965442325125e-09 - -1.1399775420074973e-07 - 2.8233748333792334e-08
