Number: 8505
Error: 1.2123134455403653e-15
A1: [0.08043166248718675, -0.18046783294542373, -0.01958887914423637, 0.11962494954330125] - [0.03741539450221441, 0.13359620082384505, -0.13472637132006465, -0.036286010486104206] - [-0.0017028276923475752, 0.22819010782737706, -0.12282839131208131, -0.10365891890170788] - [0.038863181858648704, -0.1144810709752992, -0.04641649393272605, 0.12203417541518276]
A2: [0.035307572978269725, -0.02927334552062218, -0.07569722642742825, 0.06966354371623483] - [0.10289372044573004, 0.28289667078371, -0.39260642548456254, 0.006815964353946606] - [-0.01118701063480687, 0.5390146805762338, -0.3594509309151544, -0.16837637040769296] - [0.09786279985398047, 0.017463316943657093, -0.1688510100897653, 0.05352487885154032]
B1: 3.8427115981109724e-08 - 1.938658643324836e-08 - -3.6692924476133305e-08 - -1.0342897393903086e-09
B2: -1.6235621595079327e-08 - -9.595735928753078e-09 - -4.5424408722718343e-08 - 2.9161249886087643e-08
