Number: 4708
Error: 8.253193852908744e-16
A1: [0.06621314290595902, -0.11395211761870426, -0.02398398902552173, 0.07172282943886595] - [0.037402572609119396, 0.18819333167798255, -0.14740898562937751, -0.07818704903148316] - [-0.060229582956723184, 0.3289505968658933, -0.12775331677425453, -0.14096852818591935] - [0.03904609289671085, -0.05332274894034273, -0.037418654478728705, 0.05169505685232523]
A2: [-0.009108295546453888, -0.34680288817840643, 0.2494553728336991, 0.106456973705667] - [0.08003995394133634, 0.0362823950537527, -0.050249972172443653, -0.06607181821812588] - [-0.04245270795362781, 0.2308320141509348, -0.040531126052585555, -0.14784771565338403] - [0.06813510444272648, -0.29346749364454944, 0.141771593717676, 0.08356222558271523]
B1: -7.559670075861052e-08 - 7.642276282175543e-08 - -3.772024152629529e-09 - 7.062711511174646e-08
B2: 1.9382664173000273e-08 - 1.7839041910756237e-08 - -3.500386932977701e-08 - 5.812075182389263e-08
