Number: 8801
Error: 4.416604755651248e-05
A1: [0.08075906875531307, -0.1801396284252214, -0.019261846380172518, 0.11995273040362617] - [0.0358238706510857, 0.1320053897744799, -0.13631327261100637, -0.03787678948501636] - [0.0036374676220002683, 0.2335331697087035, -0.11749918396345782, -0.09831865080872158] - [0.03873166874243001, -0.11461158824982726, -0.04654767561996666, 0.12190307389628414]
A2: [0.035352953441563195, -0.02923220122119712, -0.07564901731144644, 0.0697103090006374] - [0.10148188419956314, 0.2814702890276531, -0.39396971711630335, 0.005337072241800146] - [-0.007353042786773966, 0.5428662316877425, -0.35581357982230416, -0.16433709174368616] - [0.09737988314877889, 0.016974431738380993, -0.16930664600071066, 0.05301730712559795]
B1: 0.001875296417950621 - 0.0025330750719109348 - 0.000666955069630935 - 0.002092974952372104
B2: -0.004119399051529159 - -0.0029223952057529303 - -0.008290996331599132 - -0.0036238542485796895
