Number: 538
Error: 1.3318439264704513e-13
A1: [-0.01215520374399232, -0.01451902905990875, 0.018085282904228405, 0.008581163249611938] - [0.06583619174872236, 0.189496180844674, -0.14532158150091287, -0.1100074959792051] - [-0.0962922506063708, 0.4217868857439544, -0.05345643973043239, -0.27203477488583355] - [-0.001320566770868155, -0.018218347123901857, -0.003834117069392246, 0.023377822536320588]
A2: [0.16158651054924875, -0.16775497956518645, 0.008501127874725858, -0.0023332744603533993] - [0.0354858434550007, 0.20751683977560906, -0.11721030478958996, -0.1257919122287419] - [-0.08621382877311165, 0.5815378435114024, -0.23538900306360305, -0.2599358452028768] - [-0.0038344652375867177, -0.004518796092806684, 0.0011107538004405937, 0.007243873100705861]
B1: 8.727381188683944e-08 - 1.5289503635404383e-07 - 1.7575030293161737e-07 - 8.011828342183266e-08
B2: 8.876775557888889e-07 - 5.899092009933784e-07 - -3.5336638703279983e-07 - 5.059064808795101e-07
