Number: 9931
Error: 1.2416422797617216e-15
A1: [0.05317255819488248, -0.14800126291819304, -0.02699903927494541, 0.12182783004058852] - [0.005313763213162797, 0.13083673771032328, -0.11360070038262234, -0.022549719918738696] - [-0.014444466241350547, 0.22309163116857325, -0.127041169269767, -0.08160592266002273] - [0.027146316243761574, -0.10002018189005611, -0.04942465255505367, 0.12229797618620113]
A2: [0.08925441570268497, -0.07291341580201499, -0.12362746537123677, 0.1072863369098315] - [0.10884181947412157, 0.24981427180242038, -0.40484520065411533, 0.04618957228890376] - [0.036636001831003046, 0.46255518895538866, -0.3777173818643534, -0.1214731968851781] - [0.14342658590993107, -0.04460647118102987, -0.20149938637066536, 0.10268001746921496]
B1: 1.193533740275735e-08 - 3.1688012714651454e-08 - 5.984856332208281e-10 - -2.838737491861226e-08
B2: 1.2203352837489974e-08 - 9.951068950742843e-10 - 2.242575889740702e-08 - -6.068077337021652e-08
