Number: 648
Error: 9.559148606204418e-16
A1: [-0.012153017592925466, -0.014516783658801836, 0.018087699261183532, 0.008583499404202981] - [0.06583540294259184, 0.18949542204663217, -0.14532239705755604, -0.1100083742359031] - [-0.09629349129237746, 0.42178568663798954, -0.05345778602883301, -0.2720362203496126] - [-0.0013220146842351293, -0.018219739609057848, -0.0038356583289740616, 0.023376148985760674]
A2: [0.16158697430464758, -0.16775452454360798, 0.008501582276773228, -0.0023328223685761067] - [0.035485685014030904, 0.20751668388028585, -0.1172104625668531, -0.12579206722585093] - [-0.08621360559114731, 0.5815380621169615, -0.23538878590031187, -0.259935627568242] - [-0.0038344029418645857, -0.00451873483121636, 0.00111081545857214, 0.007243932704721328]
B1: 7.009781614237008e-08 - 1.923611397847332e-07 - 1.3038901441208086e-07 - -6.121850233539271e-09
B2: 8.44186690681054e-08 - 1.4358522914218351e-07 - -8.005298658266355e-08 - 1.4776085677312197e-07
