Number: 3335
Error: 6.405322910407368e-07
A1: [0.06914108469418752, -0.11111810702642111, -0.021153720827458464, 0.07458274391391811] - [0.03360877221182102, 0.18454706954855868, -0.15114096168208774, -0.08192044462188584] - [-0.0626847694609105, 0.326731422344904, -0.1299597962766783, -0.1432103597141685] - [0.037516504940651806, -0.05478706529936381, -0.03892304083676876, 0.050199895462382176]
A2: [-0.009598483594742259, -0.34729470332029766, 0.24913007898856693, 0.1059816391544484] - [0.07907665952392391, 0.03526671709261438, -0.051347529680364226, -0.06713647647984977] - [-0.04054521371890905, 0.23284972257322847, -0.03857135240756073, -0.14580070490965935] - [0.0684967798578676, -0.2931161103682986, 0.14212561988420105, 0.0839407779869511]
B1: 0.0011790048046163727 - -0.0014892240371154203 - -0.0008436421937472961 - -0.00018206145205715862
B2: 0.002097882984586738 - -0.00024589997059810715 - -0.001892895696792424 - -0.000508388510103559
