Number: 7122
Error: 1.149585187197813e-15
A1: [0.08043169604475045, -0.18046779939166804, -0.019588845626753212, 0.11962498309703683] - [0.03741559981475596, 0.1335964059809644, -0.13472616641679103, -0.03628580528738442] - [-0.0017027916970609304, 0.22819014382191363, -0.12282835536947413, -0.10365888291602661] - [0.03886323960192167, -0.11448101339413484, -0.04641643622627328, 0.12203423312251953]
A2: [0.03530747377540354, -0.02927344499790169, -0.07569732074858986, 0.06966343989003491] - [0.1028937715914666, 0.2828967223634642, -0.3926063760170833, 0.006816017910975289] - [-0.011187175159354181, 0.5390145150704075, -0.35945108664143965, -0.1683765437727098] - [0.09786277054317101, 0.017463287499529745, -0.16885103799176424, 0.053524848084750234]
B1: 2.8483220434958497e-08 - -2.9752608774031164e-08 - -1.6634570044538608e-09 - 1.8658851807075876e-08
B2: 1.5043770999438552e-09 - 1.8098677012423099e-09 - 1.79519915181333e-08 - -9.676420919211983e-10
