Number: 109
Error: 0.00034110870967157006
A1: [-0.06309014147398738, -0.06820821515342414, -0.03789797205457951, -0.04468107064106905] - [0.09180587843943389, 0.21645715074310617, -0.12001126311601656, -0.08346445166524846] - [-0.15580550542693233, 0.365010977440415, -0.11773572671671188, -0.3406085630012108] - [-0.057767262989443596, -0.07153921686158671, -0.06303172123695845, -0.04073621614342211]
A2: [0.24047234638815937, -0.09072589240404091, 0.08579939104349184, 0.07419462349700488] - [0.08218177751516079, 0.2516378365398107, -0.07334665301067837, -0.08262371879753223] - [-0.011135313212718366, 0.6560767283877398, -0.1625216906039537, -0.18725042898915037] - [0.10424715277509337, 0.10399425915483058, 0.10833058889623504, 0.11070180891661431]
B1: 0.0038641408364652454 - 0.25995275549544145 - 0.006423568034117218 - -0.003254412209283042
B2: 0.010927841994271244 - 0.25390774167273594 - 0.01160089201463 - 0.009411919239608808
