Number: 1263
Error: 7.64671572527759e-09
A1: [-0.007582979610801052, -0.015392583851462204, 0.0025867211443116747, 0.019048427085658983] - [0.06682172544103936, 0.18987963317662604, -0.14674059513344376, -0.10986787804220764] - [-0.1129240606240211, 0.4414544952802515, -0.07114100635844306, -0.2584670932471709] - [-0.023621286565301308, 0.015097321920743154, -0.030190859126419948, 0.03864514443714735]
A2: [0.13202873424659725, -0.2241933425022218, 0.023102667693645305, 0.07059377633896077] - [0.032996989759381, 0.2040942530096983, -0.11453899542642551, -0.12111418297871318] - [-0.09420184564374291, 0.5559560193113667, -0.2347887583984176, -0.2252207541580756] - [-0.02035423659039368, -0.018810300735495184, 0.008588655480724315, 0.03263721087266061]
B1: 1.3649553568775143e-05 - -0.00021718433826188724 - -2.870845384170499e-05 - -8.479356029759677e-05
B2: -6.213814300776247e-05 - -0.000160666008351095 - -8.4214342550313e-06 - 4.246154225678887e-05
