Number: 1937
Error: 5.205075504295697e-06
A1: [-0.0219912933774777, -0.029784177310779276, -0.01239748486039062, 0.004202325738474147] - [0.07436358778796552, 0.19712046066706812, -0.1389396647229866, -0.10155316628007671] - [-0.11639655617708583, 0.4379517529766204, -0.07500735654198985, -0.2623581215114124] - [-0.023709901972506203, 0.014977275446271334, -0.03054659397352475, 0.038462324734813536]
A2: [0.13503337540603616, -0.22142411678796264, 0.025830983720205206, 0.07336055082718525] - [0.033115116870825224, 0.20425824460092445, -0.11441340834965787, -0.12098758672712012] - [-0.09445619196143487, 0.5555837799610834, -0.23506260108878085, -0.2254128773347383] - [-0.020526872050802662, -0.019183058684736687, 0.008282724808757976, 0.032363999687692734]
B1: -0.0018516743744270898 - -0.0005446190120832594 - -0.00015520070572387575 - -0.000757174965786713
B2: -0.00226211284251439 - 0.0011715124529490689 - 0.002104399563577518 - 0.0030593145244294027
