Number: 5505
Error: 1.1023641441688407e-12
A1: [0.06621147877774236, -0.1139537445554448, -0.02398565184785645, 0.07172116810418484] - [0.037401215122012596, 0.1881920346918553, -0.14741032014497357, -0.0781883836649878] - [-0.060229517185227385, 0.32895066003807166, -0.12775325241387733, -0.14096846417001288] - [0.039042011343389416, -0.05332662300764421, -0.037422603268722834, 0.05169114012477245]
A2: [-0.009105388442658754, -0.34679980420857665, 0.2494583034567211, 0.10646002162970264] - [0.08004226611549703, 0.03628488592624631, -0.05024744510293305, -0.06606926968547377] - [-0.04244975327533283, 0.23083527509856688, -0.040527959710040876, -0.14784444790447415] - [0.0681377449119308, -0.2934645863904439, 0.14177445623089963, 0.0835651860211725]
B1: -2.964838917361449e-07 - -2.3538509023977086e-07 - 1.9312895539293404e-07 - 1.2288709873352647e-07
B2: 1.1918873446489007e-06 - 7.148267584465157e-07 - 7.232210463475501e-07 - 7.621056876598408e-07
