Number: 1064
Error: 1.0893331180786094e-05
A1: [-0.003962347481894222, -0.012479311940667315, 0.006025436126138989, 0.021422894653793222] - [0.08014687692623962, 0.2025254292550786, -0.13350509185445047, -0.09518118346747162] - [-0.12796193854441562, 0.42305833548865446, -0.09759068703846309, -0.27998138244874704] - [-0.031205110767771074, 0.008836346911050539, -0.029028801986409582, 0.032994611619211356]
A2: [0.15195520899823522, -0.20340594119510072, 0.03999933157199113, 0.09192756259134499] - [0.02111534487758534, 0.19259029572524508, -0.1259228797871502, -0.13317047875452448] - [-0.12931968071262923, 0.5221787240124098, -0.26118296780819306, -0.2671094701521009] - [-0.011761598785125942, -0.010830886605986335, 0.017898825363233485, 0.04022937609101352]
B1: -0.00035575039901873315 - 0.004914951390697496 - -0.008153661485371696 - -0.005858322181058008
B2: 0.0009697227386071192 - -0.005628516116518611 - -0.007952594475514994 - -0.001190389796561278
