Number: 9509
Error: 1.7910454726356563e-13
A1: [0.05317271422921361, -0.14800110684663545, -0.026998883425550877, 0.12182798615472995] - [0.005313661986341177, 0.13083663635462375, -0.11360080161718229, -0.022549821298087063] - [-0.014444255759335542, 0.22309184171667762, -0.1270409589669381, -0.0816057121117657] - [0.02714527411263249, -0.10002122398642971, -0.0494256968502993, 0.12229693143914182]
A2: [0.08925549565537, -0.0729123383463876, -0.12362640974125806, 0.10728743021805748] - [0.10884261155917836, 0.24981506403031017, -0.40484442426413214, 0.046190377702963706] - [0.03663707997399932, 0.46255626150023427, -0.37771632997208104, -0.12147210755097058] - [0.14342764351301865, -0.044605417511826555, -0.20149835370672184, 0.10268109077747997]
B1: 3.846695984076932e-07 - 3.8833948979232335e-07 - 3.057285507597464e-07 - 3.021754560452789e-07
B2: -2.6153733857023976e-07 - -1.0981840146540472e-07 - 1.3997900305672293e-07 - 3.929168327537754e-07
