Number: 4214
Error: 9.435361569540288e-16
A1: [0.06621318834134211, -0.11395207319862904, -0.023983943625767133, 0.0717228747980387] - [0.037402631402987205, 0.18819338785153528, -0.14740892783049203, -0.07818699122747055] - [-0.06022935876403791, 0.3289508121907767, -0.12775309739240673, -0.14096830998423918] - [0.039046130483085584, -0.05332271326475282, -0.03741861811515512, 0.05169509292066864]
A2: [-0.009108612593130077, -0.3468032245150095, 0.24945505322197067, 0.10645664129995844] - [0.08003983708870284, 0.03628226917003282, -0.05025009988569393, -0.06607194701579623] - [-0.042452833096332826, 0.2308318760358339, -0.040531260160461234, -0.14784785405635884] - [0.06813478926761334, -0.29346784066548676, 0.14177125203818566, 0.0835618722139087]
B1: 1.9189413619209884e-08 - -2.0124367160872785e-09 - -4.632335237879299e-09 - 8.604104720272237e-09
B2: 1.283755935639531e-08 - 2.4364584756145478e-08 - 3.959429458732134e-09 - -8.182305836387817e-09
