Number: 2948
Error: 3.901470832781945e-08
A1: [0.06287728666480524, -0.04842626697556706, -0.023995188316431312, 0.007301807010538623] - [0.04419293779417355, 0.19178393982142727, -0.14201706995697966, -0.09192656090005885] - [-0.1233588821327958, 0.4149476588489922, -0.10477308636863217, -0.186986366506456] - [0.03700526104594935, 0.019169603945803654, -0.033132231624764766, -0.023050738842024333]
A2: [0.06265337138852053, -0.17447231639008334, 0.08553442461159681, 0.023175458054402586] - [0.029129769013590937, 0.20014064365840198, -0.10187010157623304, -0.1280302107002116] - [-0.09401676691587624, 0.5130855978422957, -0.22621274780526748, -0.1956846141922659] - [-0.026096693762145306, 0.018350180558450245, -0.05045687619416932, 0.05681378975213022]
B1: 0.0004958167141636504 - -6.576540776854199e-05 - 0.00012074745811418666 - 0.00010771421883407916
B2: 8.549229116958126e-05 - -0.00020974194913563906 - 0.00031206500115284034 - 0.0001647444255920884
