Number: 4031
Error: 1.1032095668496024e-15
A1: [0.0662132308083079, -0.11395203168066452, -0.023983901192125016, 0.07172291719373179] - [0.03740259019595962, 0.18819334848102057, -0.1474089683401635, -0.07818703174071653] - [-0.060229284481069054, 0.32895088353543983, -0.12775302470348984, -0.1409682376862987] - [0.03904624399539878, -0.05332260552317912, -0.03741850829580207, 0.05169520184830244]
A2: [-0.0091086092244124, -0.3468032209413539, 0.24945505661795295, 0.1064566448318559] - [0.08003984610613456, 0.0362822788843917, -0.05025009003015227, -0.06607193707657032] - [-0.042452921349468146, 0.2308317786341579, -0.040531354736038076, -0.14784795166104123] - [0.06813482345045405, -0.29346780302867614, 0.14177128909570275, 0.0835619105392118]
B1: 2.95762436184783e-08 - 2.332747002136331e-09 - -3.086870900223857e-08 - 2.710985979283433e-08
B2: 1.2979107221250402e-08 - -1.3664889684580073e-08 - 3.9427539290438104e-09 - 1.96602987027899e-08
