Number: 617
Error: 1.1476720321658478e-14
A1: [-0.012153360435445296, -0.014517135794731451, 0.018087320317376608, 0.00858313303672715] - [0.06583529059241482, 0.18949531397051192, -0.14532251321785342, -0.11000849932657915] - [-0.09629447232980204, 0.42178473848370407, -0.05345885057137716, -0.2720373633068745] - [-0.0013221607936649447, -0.01821988012569341, -0.003835813856961685, 0.02337598010697991]
A2: [0.16158679310816826, -0.16775470232667672, 0.008501404736114793, -0.002332999009347661] - [0.03548559149147253, 0.20751659186062044, -0.11721055569761017, -0.12579215871506438] - [-0.0862133244990016, 0.5815383374474421, -0.23538851238475575, -0.25993535346015784] - [-0.003835135243647098, -0.004519454956798229, 0.0011100906590910979, 0.007243232089621113]
B1: 2.0305464523178225e-07 - 1.1242784329237065e-07 - 1.9343499156524807e-07 - 3.245905188148757e-08
B2: 1.048279285451938e-07 - 4.818829015699577e-07 - -1.2926320395585022e-07 - -8.958293772082205e-08
