Number: 2483
Error: 5.32304324786018e-07
A1: [0.06553579624432745, -0.04580531210224662, -0.021380155330550377, 0.009918299838290456] - [0.044123149635705586, 0.191709416464408, -0.14210325863335055, -0.09201492496545276] - [-0.11890832187779105, 0.4193486193499414, -0.10033047915290032, -0.18256803382077516] - [0.03926919700604627, 0.021418592157569014, -0.030886667652814812, -0.020826924714967568]
A2: [0.0627456947272383, -0.17437012671747462, 0.08561795497436836, 0.023280561506891343] - [0.03037907975088052, 0.20137193172545773, -0.10062303057558301, -0.1268056224536275] - [-0.0918295280926474, 0.5152557798097002, -0.22401557167315778, -0.19355496132917066] - [-0.024986599894831187, 0.019467562052146333, -0.0493420481290256, 0.057907177467471385]
B1: -0.0005120425675465265 - -0.00018811568861682576 - -0.00022148274504607473 - -0.00028670320797935766
B2: 0.000679525498120045 - 0.0012135125493652806 - -0.0001607484485678602 - -0.00015003903928927293
