Number: 1164
Error: 2.6488498891676024e-07
A1: [-0.0051736603254840495, -0.012940137767639857, 0.0050975729277682276, 0.021514501638513085] - [0.06768906264702515, 0.1907121205319647, -0.1458439811574262, -0.1088987582103669] - [-0.10864135058383881, 0.4456797769289364, -0.06666868052520575, -0.2538342894254958] - [-0.021389699092142084, 0.0173214974981257, -0.027875643109262202, 0.04099974783638481]
A2: [0.13275464791683575, -0.22348560280031562, 0.023822731778179528, 0.0713136476698267] - [0.0328199992185715, 0.2039257750630224, -0.11471279687885547, -0.12129241097827591] - [-0.09298734587567214, 0.5571412315279446, -0.2335851115370567, -0.22403522732536735] - [-0.018976189872573303, -0.01746804063254613, 0.009956032825497743, 0.03396303209400455]
B1: -0.0003633717096382588 - 0.00039075411616402273 - -0.0001234932488395879 - -0.0005638266220279915
B2: -0.000473430812782453 - 0.0015182214791609474 - -0.0008459287538966557 - 3.336929375565676e-05
