Number: 9543
Error: 3.9292523974689274e-14
A1: [0.053172748468282655, -0.14800107258423062, -0.02699884921345523, 0.12182802041898792] - [0.005313033349566732, 0.13083600705855822, -0.11360143015489667, -0.02255045081723436] - [-0.014444499910029149, 0.22309159747641197, -0.12704120292101773, -0.08160595634553022] - [0.02714601828395663, -0.10002047986413803, -0.04942495115374294, 0.12229767745575022]
A2: [0.08925634824003745, -0.07291148775376226, -0.12362557639327161, 0.10728829324403302] - [0.10884305644604107, 0.24981550899045676, -0.4048439881940503, 0.04619083005580017] - [0.036637088302442306, 0.46255626977426, -0.377716321856065, -0.12147209916305006] - [0.1434274705244005, -0.04460558986811961, -0.2014985226256938, 0.10268091519630515]
B1: -1.4660484843624191e-08 - -2.3321836354590875e-07 - -1.2942714776528775e-07 - 9.760462286079457e-08
B2: 1.3071574623394253e-07 - -2.976309918094845e-07 - -4.070104531991796e-08 - -3.183163523499136e-07
