Number: 1604
Error: 4.297004972148275e-08
A1: [-0.009014857896458495, -0.016836625577499747, 0.001099314496695473, 0.017571327150585715] - [0.06488183915528727, 0.18801330918793702, -0.1487461155693435, -0.11202508802293136] - [-0.1111326787088036, 0.44320950230556283, -0.06927265804404052, -0.2565252627357624] - [-0.024238588351886615, 0.014488731682372816, -0.0308215924767815, 0.03798994172711482]
A2: [0.13170469724303688, -0.2245156919718872, 0.022780643727732218, 0.07027353192950711] - [0.03292249820707725, 0.20402082369005342, -0.11461267546977108, -0.12118688116298194] - [-0.09405642925560874, 0.5560978390307779, -0.2346434323244116, -0.2250786435100486] - [-0.020911832310551912, -0.019369150999453414, 0.008025329322194002, 0.03209544673421591]
B1: 0.0002008655656110167 - -0.0007158750615817204 - 0.0003451112816258467 - 8.677002428315331e-05
B2: 0.0005720490213956391 - -0.0005437493910178033 - -0.0004842917262314738 - 0.00019240312181965425
