Number: 2246
Error: 0.00019163492785394782
A1: [0.04315950805914553, -0.06125957398172414, -0.038792457840691845, -0.007536741545195444] - [0.07527292417830474, 0.21165311636773895, -0.12925969125413259, -0.07503757516177709] - [-0.11689589843799396, 0.43125236477212947, -0.08295801444792252, -0.17066708063029398] - [0.025873759371733945, 0.023222710427625137, -0.023575744392545617, -0.027079664484625725]
A2: [0.054999302061735825, -0.1957292281815369, 0.07743081413791447, 0.012603859182477053] - [0.06539402107311182, 0.23556586823692088, -0.06283358313008167, -0.09423883164404537] - [-0.1407368763064005, 0.4833240953862139, -0.26653342902486415, -0.24388642274434635] - [0.0007610653703529443, 0.06408786776962554, -0.01994593206202233, 0.09265161501781627]
B1: -0.019273556684895193 - 0.012641470604621525 - 0.010409345620020225 - -0.008999195997410342
B2: 0.0069026810326376625 - 0.01577809873718969 - 0.015754568968882082 - 0.010427545735562866
