Number: 5107
Error: 9.246910112024783e-16
A1: [0.0662132366079073, -0.11395202601066216, -0.023983895397116057, 0.07172292298355977] - [0.03740263186557872, 0.1881933882935563, -0.1474089273756947, -0.07818699077265233] - [-0.06022939708390683, 0.32895077538653716, -0.12775313489002685, -0.14096834727997412] - [0.039046165634860706, -0.053322679899881854, -0.03741858410686023, 0.051695126652782114]
A2: [-0.009108759380699723, -0.3468033802331404, 0.24945490524667352, 0.10645648740164063] - [0.08003981214498496, 0.03628224229856871, -0.050250127147627006, -0.06607197450925197] - [-0.042452892364739, 0.23083181062384475, -0.0405313236745225, -0.1478479196046528] - [0.06813469170923184, -0.2934679480812417, 0.14177114627548487, 0.08356176283329231]
B1: 2.457505369972313e-08 - -2.218100156961959e-08 - 2.2646636856851158e-08 - 2.6534658836552227e-08
B2: 4.6008059221488164e-08 - 2.4230586580085323e-08 - -4.9718890619506525e-08 - 6.175028293135912e-08
