Number: 1825
Error: 6.470738977372838e-08
A1: [-0.006833633952465847, -0.014620214986420828, 0.003408897547728945, 0.019799990465466506] - [0.06690493546398506, 0.18996504038723638, -0.14665694720669875, -0.10977424071238642] - [-0.11306423331093164, 0.44134396186270647, -0.07132964469871055, -0.25860746216975544] - [-0.024111960874527473, 0.014649419683272095, -0.030765641883556984, 0.03813607473874289]
A2: [0.13091729283938228, -0.22532023786320848, 0.022017804639155307, 0.06950534577577466] - [0.032659844560907196, 0.20377486212583948, -0.11487191163000487, -0.12143575033138533] - [-0.09648544371982369, 0.5537374495898414, -0.23695201986637415, -0.22734444795295652] - [-0.020206468406571934, -0.01870322726386714, 0.008725947421678489, 0.03275999072614587]
B1: -0.0007197966023167941 - 0.001288349977176527 - -0.0005450350938666486 - -0.00019068830173809436
B2: 0.00012648600817201746 - -0.0001929636507245448 - -5.432556001405227e-05 - 4.353131768666894e-05
