Number: 6830
Error: 7.799733668602177e-16
A1: [0.08043166709268283, -0.18046782834045713, -0.019588874544206557, 0.11962495414827465] - [0.0374155546837793, 0.13359636088414378, -0.13472621145784738, -0.03628585039336246] - [-0.001702859798040942, 0.22819007572238875, -0.1228284233707407, -0.10365895099883048] - [0.03886319907142478, -0.1144810538108885, -0.0464164767309455, 0.12203419261721218]
A2: [0.0353074670818633, -0.029273451709955996, -0.07569732711273619, 0.06966343288453192] - [0.10289380249044597, 0.28289675352468163, -0.39260634613200224, 0.006816050266721613] - [-0.01118714301008057, 0.5390145474114437, -0.3594510562114308, -0.16837650989591024] - [0.09786281763449292, 0.01746333480505307, -0.1688509931638681, 0.05352489751530147]
B1: 4.274718641099316e-09 - 1.8532990578990478e-08 - -2.05864157243862e-08 - -2.042989289735732e-09
B2: 9.953259082999957e-09 - 2.8102651069659776e-09 - -6.415116243275652e-09 - 1.2495970839024952e-09
