Number: 1391
Error: 4.1244436841575433e-10
A1: [-0.007342698113348298, -0.015150314161343624, 0.0028358602760398966, 0.019295421769335807] - [0.06674069797587928, 0.1898016377390659, -0.14682406728569364, -0.10995804481178362] - [-0.11271912313496288, 0.441654191233544, -0.0709288653137469, -0.2582446744715007] - [-0.023671732876748564, 0.01504699816177695, -0.030243385775400422, 0.03859232773647795]
A2: [0.13166821225626402, -0.22454776314591068, 0.022747334441007384, 0.07024072369446625] - [0.032576993844250786, 0.20368111204539652, -0.11495725786287529, -0.12152519562092544] - [-0.09468856687916205, 0.5554750981422174, -0.23526700271520445, -0.22569991543975748] - [-0.020837129739526096, -0.0192854419752736, 0.008108371832867656, 0.0321723171447093]
B1: 1.6787193772782976e-05 - -2.8185338868644403e-05 - 5.7376095314121695e-05 - -1.3892044082399142e-05
B2: -2.5343162717417053e-05 - -4.55290160361408e-06 - -1.103989985115378e-05 - 9.781863860213262e-06
