Number: 4825
Error: 1.3502114724211283e-15
A1: [0.06621318558774064, -0.11395207589070035, -0.023983946377220837, 0.0717228720490286] - [0.03740262773507718, 0.1881933843471115, -0.14740893143632122, -0.07818699483363495] - [-0.060229436295353336, 0.3289507377261569, -0.1277531732600223, -0.14096838544360496] - [0.03904616436632007, -0.053322681103970496, -0.03741858533416888, 0.05169512543544792]
A2: [-0.00910846780628277, -0.3468030709189793, 0.24945519918016093, 0.1064567931008605] - [0.08003987380911233, 0.036282308728437886, -0.05025005975232921, -0.0660719065416853] - [-0.04245280849904532, 0.23083190318295507, -0.040531233800879383, -0.1478478268526398] - [0.06813480785379954, -0.2934678202013858, 0.14177127218713864, 0.0835618930523588]
B1: -3.395484768371993e-08 - 2.1142194251309528e-08 - 2.848385951462225e-08 - 4.478638161033845e-08
B2: -1.3062102117495342e-08 - -2.9030281715438477e-08 - 1.6879127703164602e-08 - 3.1917418266344476e-08
