Number: 2813
Error: 2.563825336527386e-08
A1: [0.06342070922944214, -0.04788598151401955, -0.02345745778102095, 0.007841398409430609] - [0.04368640840786428, 0.19129463826851273, -0.14253895754141854, -0.09248471631685304] - [-0.12327250339190972, 0.4150325591712741, -0.10468631291199436, -0.18690106717927038] - [0.03700084312452819, 0.019164093754555543, -0.0331357647044679, -0.023055234785991842]
A2: [0.06420367586911137, -0.17292721643207887, 0.08708376210147097, 0.024710535480511355] - [0.02939157155163994, 0.2003988597137734, -0.10160878351887055, -0.12777347030470496] - [-0.09311115131804741, 0.5139751693107445, -0.22530656083239534, -0.19480854653036347] - [-0.02520907728667271, 0.0192349740766065, -0.0495684266093388, 0.057676670682562645]
B1: -2.4544473395253947e-05 - 1.2448490227201444e-05 - -0.00014624121494376057 - -0.00019632342485221657
B2: 3.4369768607564966e-05 - 0.00012936799560838097 - 1.8281117583238214e-05 - 2.3277362804576313e-05
