Number: 9779
Error: 1.0428085761049943e-15
A1: [0.05317251335199025, -0.14800130777761297, -0.02699908406847149, 0.1218277851760301] - [0.005313797789544951, 0.13083677232292856, -0.11360066581153451, -0.022549685293650326] - [-0.014444420809632505, 0.22309167661688847, -0.1270411238740597, -0.08160587721211705] - [0.027146442433855264, -0.10002005570003134, -0.049424526098649016, 0.12229810269701967]
A2: [0.08925438797842514, -0.0729134434622059, -0.12362749247084205, 0.1072863088439104] - [0.1088416857152096, 0.2498141380198932, -0.4048453317636848, 0.04618943627946567] - [0.03663586441986228, 0.462555052259241, -0.3777175159295315, -0.12147333572144794] - [0.14342631013343107, -0.0446067459303967, -0.2014996556425678, 0.10267973760136728]
B1: -5.301601851272713e-08 - 6.793613406049585e-09 - 1.5128002608875862e-08 - -9.019550339432199e-09
B2: 5.474128595245616e-09 - -2.4235681753212614e-08 - -1.739071458184878e-08 - 8.280861487507882e-09
