Number: 1787
Error: 2.3568426984722007e-07
A1: [-0.0033840511956406034, -0.011166227484798546, 0.006968516807482072, 0.023339060311824953] - [0.06710130968272086, 0.19015536065581984, -0.14645557694171515, -0.10955533808026058] - [-0.11317380652255736, 0.441223047330811, -0.07145182350819533, -0.2587273516100473] - [-0.027718788764475633, 0.011103674510852937, -0.034426816448677844, 0.03432721972826916]
A2: [0.13020416970965001, -0.225988664745204, 0.02133547453542124, 0.06884167700420722] - [0.03350392738895085, 0.20459772477135324, -0.11403535622470672, -0.12061684275246728] - [-0.09426630283166278, 0.5559131390857465, -0.23478090225342116, -0.2252014136307293] - [-0.022626359641756594, -0.021062301697932155, 0.006341208918648734, 0.03046601842587493]
B1: 0.00032383729693208834 - -1.867101213006488e-05 - -0.0005376384331398276 - 0.000511563573826521
B2: -0.0007050098395975097 - 0.0009588503428663328 - -0.0006436020546135436 - 0.00025364854020453473
