Number: 9246
Error: 2.5126157695725615e-08
A1: [0.052368071884371474, -0.14880662595817362, -0.02780298926426201, 0.12102318349026582] - [0.004087090459847575, 0.12960887725429301, -0.1148272125786544, -0.02377790913761152] - [-0.015534070476160776, 0.22200149092876126, -0.12812994056608082, -0.08269560750153215] - [0.026293677625630996, -0.10087356290664129, -0.050279679186758415, 0.1214435986412682]
A2: [0.08920853826844193, -0.0729583845893314, -0.12367178467410216, 0.10723999444147779] - [0.10900318995772806, 0.24997529808880053, -0.40468714362960084, 0.046353868623116905] - [0.03668240600829483, 0.4626012569522087, -0.37767206467855247, -0.12142592451116822] - [0.14321011916507595, -0.04482134402428251, -0.20171014507437746, 0.1024602998132288]
B1: -8.634718415468639e-05 - -8.814090682651883e-05 - -0.00023620302668482388 - -0.00011520383431568707
B2: -0.00014254099332977336 - -7.337547244197667e-05 - -0.0001806999630779602 - -0.00014566584092435745
