Number: 9310
Error: 4.1838202629222246e-10
A1: [0.05327230225694774, -0.1479014854920432, -0.02689939486706275, 0.121927618921525] - [0.005280600755556106, 0.13080355140009703, -0.11363383927365635, -0.02258292733984648] - [-0.01434067656526214, 0.2231954529652363, -0.1269374529293911, -0.08150209182436904] - [0.027202527334702135, -0.09996396981370187, -0.04936830823135325, 0.12235432757758456]
A2: [0.08919920872588852, -0.07296847001330709, -0.12368143697107256, 0.10723045472340714] - [0.1088747971291549, 0.24984726925032355, -0.4048128825618272, 0.0462231092477976] - [0.03666158736011585, 0.46258064004472904, -0.3776924196732808, -0.12144735106902481] - [0.14353612774504731, -0.04449735569403634, -0.20139243200278842, 0.10279117429832257]
B1: 2.5894078844332447e-05 - 2.050776501318961e-05 - -1.2683297812010403e-05 - -1.9666749740525737e-05
B2: 4.092357577220378e-06 - 5.081478068671053e-05 - 1.217472068971513e-05 - 1.0798736366256873e-05
