Number: 9315
Error: 2.5385757178622195e-10
A1: [0.053230468009825845, -0.1479433346889968, -0.026941187371398553, 0.12188576548921326] - [0.005173273912161054, 0.1306961106010611, -0.11374115899245847, -0.02269040961053099] - [-0.014315380266804949, 0.22322075754362766, -0.12691217940240118, -0.08147678548687687] - [0.02711285553760146, -0.1000536413666526, -0.04945817621326331, 0.12226442682292703]
A2: [0.08926913747841103, -0.07289871830602063, -0.1236130808065014, 0.10730124058232539] - [0.10890232283489584, 0.24987479330163162, -0.40478589984546687, 0.04625109631764042] - [0.03665166495616956, 0.46257076822250914, -0.3777021018241113, -0.12145737497602993] - [0.1434416697214967, -0.044591455029916016, -0.20148466409193405, 0.10269531935233811]
B1: -2.881590835543458e-05 - 9.252639200465434e-06 - 2.0057308160107396e-06 - 1.8978228591094475e-05
B2: -2.3769373489141723e-05 - 6.608971774672834e-06 - -3.4230140309194767e-06 - -2.783864229673653e-05
