Number: 5264
Error: 1.1417692645275906e-15
A1: [0.06621315726719118, -0.11395210357835689, -0.023983974675545736, 0.07172284377600593] - [0.03740253666402067, 0.18819329733492682, -0.14740902096611236, -0.07818708437135469] - [-0.06022951572661007, 0.3289506614363876, -0.12775325098693782, -0.14096846275240688] - [0.03904613492376153, -0.05332270904965788, -0.037418613818829806, 0.051695097182030914]
A2: [-0.009108462308287955, -0.34680306508654174, 0.24945520472241658, 0.10645679886523782] - [0.08003979927712578, 0.03628222843622125, -0.05025014121138573, -0.06607198869247645] - [-0.042452822430089514, 0.23083188780779026, -0.0405312487300124, -0.14784784225980557] - [0.0681347547372601, -0.2934678786848815, 0.14177121460362, 0.08356183349912337]
B1: 3.7901730422269864e-08 - 9.362368535606253e-08 - -4.995267775746107e-08 - -4.869711380416869e-08
B2: 2.6497299365087123e-08 - -1.6689623228782244e-08 - -3.3193530202314364e-09 - 1.620269455105215e-08
