Number: 8076
Error: 1.193804458646098e-15
A1: [0.08043170675639452, -0.1804677886812439, -0.019588834927926773, 0.11962499380745568] - [0.03741558717213198, 0.13359639334790738, -0.13472617903416384, -0.03628581792298313] - [-0.001702810529666221, 0.22819012498971045, -0.12282837417449859, -0.10365890174359853] - [0.03886325121656535, -0.11448100181209349, -0.04641642461903262, 0.12203424472994381]
A2: [0.03530736341723021, -0.02927355566130126, -0.07569742567585779, 0.06966332438835418] - [0.10289382966598987, 0.28289678093086223, -0.3926063198480829, 0.00681607872338082] - [-0.011187108464256313, 0.5390145821632919, -0.3594510235130671, -0.16837647349376267] - [0.09786287503935405, 0.017463392471005503, -0.16885093851804564, 0.05352495777158901]
B1: 1.2974695580409517e-08 - -2.808239229587735e-08 - 1.70298939814399e-08 - -2.0193803859429872e-08
B2: -1.4964857912374632e-09 - -1.468575008092459e-08 - -3.123579597633453e-09 - -9.422430495731503e-09
