Number: 1218
Error: 1.0351490841233706e-07
A1: [-0.008701243149840086, -0.0165177847647734, 0.001421725593731141, 0.017897086968198847] - [0.06686495949244822, 0.18992166056547719, -0.1466959848783821, -0.10981961136901496] - [-0.11385510771333182, 0.440543945681573, -0.072108362751443, -0.25947759884965305] - [-0.025019876811265246, 0.013726087334511401, -0.0316137666355686, 0.0371644003223481]
A2: [0.13168186622854341, -0.22453393255379256, 0.022760326527409176, 0.07025472585535812] - [0.03316191075347481, 0.20425700011150494, -0.11437500485811768, -0.12095373497963133] - [-0.09566266374333503, 0.5545145269133531, -0.23622842635185887, -0.2266591220202707] - [-0.021539247199771485, -0.019981517262746336, 0.007412316829170737, 0.03150105201703202]
B1: 0.00036227799115440507 - 1.719681266226353e-05 - 0.000457082544258917 - 0.0005447460528492365
B2: -0.0001914325769336708 - 0.0011217259652072148 - 0.00023881549377523676 - 0.0005317213391759629
