Number: 9132
Error: 3.0433092716415157e-06
A1: [0.056920774534321, -0.14446088209742292, -0.0233572947568425, 0.12533433671006441] - [0.008402183805020695, 0.13390078416536874, -0.11062790358163713, -0.019447691915041986] - [-0.01769742050741684, 0.2200055463607678, -0.13022971679887738, -0.08455794341704044] - [0.02886618056045763, -0.0983339049538701, -0.047666540461572766, 0.12401465729063389]
A2: [0.09438729678351386, -0.06756638400241552, -0.11815068265616298, 0.11266124738733334] - [0.1175111048771231, 0.25851053926069123, -0.39633153038179697, 0.05498728118795924] - [0.03565199805941537, 0.46170088558062067, -0.3785299415894056, -0.12250485642548091] - [0.15722043945220865, -0.0308490393187823, -0.1881505768825958, 0.11662809925722968]
B1: -0.0016393175188224797 - 0.0015452763024788958 - 0.004603896440504047 - 0.002044942184389385
B2: 0.001513983498105342 - 0.0032314961880298594 - 0.004637749681561668 - 0.0027250696169730197
