Number: 1354
Error: 2.0935030226938473e-09
A1: [-0.007100644830376032, -0.01490611545937335, 0.0030875982998594034, 0.019543988645116167] - [0.06684151450979536, 0.18989863156510403, -0.14671993414477985, -0.10984588335239955] - [-0.11274404581806051, 0.44162982631025127, -0.0709547354149216, -0.2582716558194964] - [-0.023871764555219006, 0.014850538287040853, -0.030447333146466925, 0.038381208418101415]
A2: [0.1315357217304535, -0.22467818030086834, 0.022617109167416015, 0.07011125855473989] - [0.032729348370132326, 0.20383096427308162, -0.11480560709460114, -0.12137621183441677] - [-0.09445410339579274, 0.5557061467746817, -0.2350364129419793, -0.22546943128055363] - [-0.020951756606901014, -0.01939858603271743, 0.007994672953011763, 0.03206212276228151]
B1: -2.932787677590211e-05 - -0.0001735674945994032 - 0.00015864403855367546 - -6.059176938439554e-05
B2: 7.078554707536908e-05 - -0.00011101196729179047 - -4.9705708994605876e-05 - -5.408893675722988e-05
