Number: 7066
Error: 8.471239503855053e-16
A1: [0.08043170138601835, -0.18046779405100574, -0.019588840291872148, 0.11962498843769453] - [0.03741560224995612, 0.13359640841432044, -0.13472616398644358, -0.03628580285353345] - [-0.0017027954292996178, 0.22819014008975527, -0.12282835909624717, -0.1036588866472688] - [0.038863237963382175, -0.11448101502807545, -0.04641643786376838, 0.12203423148499865]
A2: [0.035307396786540525, -0.02927352219970333, -0.07569739394863198, 0.0696633593128552] - [0.10289380586556567, 0.2828967569284496, -0.3926063428676214, 0.006816053800961927] - [-0.011187107908587485, 0.5390145827222937, -0.3594510229871118, -0.16837647290824515] - [0.09786278147639026, 0.017463298482480526, -0.16885102758404316, 0.05352485956106777]
B1: 3.181618732258038e-08 - -2.9408338766984776e-08 - -1.384970066434823e-09 - 1.601848549700482e-08
B2: 5.447239450583725e-09 - 1.6457647474868268e-09 - 9.44751587012967e-09 - -2.0850949029597186e-09
