Number: 3969
Error: 8.695967072685578e-16
A1: [0.06621321032538736, -0.11395205170585453, -0.02398392165897233, 0.07172289674519125] - [0.03740262182341468, 0.18819337869889932, -0.1474089372479553, -0.07818700064575922] - [-0.06022928531930489, 0.3289508827303563, -0.12775302552374188, -0.14096823850213852] - [0.039046168399704616, -0.05332267727574148, -0.03741858143210158, 0.05169512930586308]
A2: [-0.009108493953916757, -0.34680309865733056, 0.24945517282113153, 0.10645676568670365] - [0.08003978265651233, 0.03628221053096267, -0.05025015937698606, -0.06607200701225777] - [-0.04245272138710258, 0.2308319993251332, -0.04053114044839305, -0.1478477305101068] - [0.06813473381932418, -0.29346790171650505, 0.14177119192688056, 0.08356181004608494]
B1: 9.21541587610819e-09 - -2.764254938236188e-08 - 2.2959570286280064e-08 - -1.9115701562077397e-08
B2: 8.274603037807357e-09 - -1.725285973882786e-08 - -1.8848652634727366e-08 - 1.9500873596897328e-08
