Number: 2636
Error: 8.21650136520434e-08
A1: [0.06300006756553854, -0.04830340973887643, -0.02387258544684745, 0.0074272761474947725] - [0.04426675285436348, 0.19185395363762886, -0.14194152038348598, -0.09184659389442391] - [-0.12389968387620193, 0.4144139440736277, -0.10530719951765638, -0.18751713852682894] - [0.036635903969659545, 0.01880275256720697, -0.03349615078887549, -0.023412403528269305]
A2: [0.06276458969307003, -0.17436222927839895, 0.08565412364143153, 0.023291623000568577] - [0.029194067160125778, 0.20020429302233173, -0.10180600109318638, -0.12796708739585372] - [-0.09410359999307435, 0.5130015084141059, -0.22630332278100848, -0.19576984413161405] - [-0.02649247621190898, 0.01796141723179807, -0.05085829528114346, 0.056426196808232604]
B1: 0.00017406231163924008 - 0.00017371095612965683 - 8.675828916581992e-05 - -1.209850455660964e-05
B2: -0.0002244427202916406 - 0.000339620495182869 - -0.0002653133606232412 - -0.00030349077604801866
