Number: 7432
Error: 1.1906427333734633e-15
A1: [0.08043170101323355, -0.18046779442375369, -0.019588840664218992, 0.11962498806494935] - [0.03741560828164944, 0.13359641444144713, -0.1347261579667682, -0.03628579682518241] - [-0.0017027915736131643, 0.22819014394536072, -0.1228283552462046, -0.10365888279260654] - [0.03886325447623897, -0.11448099856156854, -0.046416421361443416, 0.12203424798758664]
A2: [0.0353072588918501, -0.02927366047577617, -0.0756975250572598, 0.06966321499121338] - [0.10289369774406688, 0.2828966478893241, -0.39260644744133494, 0.0068159405819863345] - [-0.011187111887485704, 0.5390145787196664, -0.35945102675322665, -0.16837647710093737] - [0.09786275998572232, 0.017463276894064572, -0.16885104804179313, 0.05352483700288947]
B1: -2.244114540863579e-08 - 1.4358981598265375e-08 - 4.0483056647055996e-08 - 1.3569635394790798e-08
B2: 1.9844431279344323e-08 - 1.598594812804751e-08 - 4.183323137202207e-08 - 2.2778115541310984e-08
