Number: 6595
Error: 1.2191589850242274e-15
A1: [0.08043168118539963, -0.18046781424933703, -0.01958886046833933, 0.11962496823938236] - [0.03741558933067688, 0.13359639550481794, -0.1347261768799834, -0.03628581576565657] - [-0.0017028264765909663, 0.2281901090431302, -0.12282839009807922, -0.10365891768627371] - [0.03886323352514492, -0.11448101945386004, -0.04641644229917822, 0.12203422704951963]
A2: [0.03530743438744984, -0.029273484494797115, -0.07569735819816378, 0.06966339866627932] - [0.1028937404904257, 0.2828966909984613, -0.392606406097607, 0.0068159853436367225] - [-0.011187102004302103, 0.539014588661808, -0.35945101739858215, -0.16837646668667655] - [0.09786280237265427, 0.017463319473794984, -0.1688510076921515, 0.05352488149534103]
B1: 2.584963728174405e-09 - 5.626299674866471e-10 - 3.1029181236596557e-09 - 3.1736723506018117e-09
B2: 6.615907548211435e-10 - 3.637565657411191e-09 - -1.0180028090785079e-09 - 4.8625323128405845e-09
