Number: 9454
Error: 6.485193797021613e-13
A1: [0.05317365802615295, -0.14800016271570818, -0.026997940680849368, 0.1218289303939895] - [0.005314332556173097, 0.13083730762370108, -0.11360013113429908, -0.022549149759354285] - [-0.014442143223744555, 0.22309395502100804, -0.1270388481019598, -0.08160359882512444] - [0.027146609949743595, -0.100019888121121, -0.0494243581528476, 0.12229827073135079]
A2: [0.08925111220318586, -0.07291671163787412, -0.12363069438700855, 0.10728299275791212] - [0.10884567200953162, 0.2498181250318791, -0.404841424410887, 0.04619348965330693] - [0.03663684705653627, 0.4625560297809632, -0.3777165572063608, -0.12147234290266373] - [0.14342786008349215, -0.044605201775974775, -0.20149814223642862, 0.10268131051711864]
B1: -2.4347664581123573e-06 - 1.1032940007255317e-06 - 7.98582691422394e-07 - 8.957604082726528e-07
B2: -8.609957179677699e-08 - 7.808678122979432e-08 - -3.093270641861564e-08 - 2.8865362308727033e-07
