Number: 4887
Error: 8.561436898996583e-16
A1: [0.06621309204952301, -0.11395216733864902, -0.02398403984201754, 0.07172277866781335] - [0.03740256365430407, 0.18819332312227136, -0.14740899443263714, -0.07818705783552062] - [-0.0602293380254764, 0.32895083210904796, -0.1277530770988575, -0.14096828979964596] - [0.03904621620944487, -0.05332263189638542, -0.037418535177631926, 0.0516951751847249]
A2: [-0.009108606840068482, -0.34680321841185274, 0.24945505902150697, 0.1064566473317562] - [0.08003985863473556, 0.03628229238130429, -0.05025007633703122, -0.06607192326721598] - [-0.0424528429608803, 0.2308318651488318, -0.04053127073146263, -0.14784786496606245] - [0.06813472893560495, -0.29346790709354087, 0.1417711866323961, 0.08356180457071696]
B1: 9.934734234566204e-09 - 8.890181220377954e-09 - -1.0673621162726181e-10 - -4.583819136474779e-09
B2: 2.7018348615486435e-09 - -1.1967138991738651e-08 - 8.36560077285935e-09 - 4.3284781374225284e-08
