Number: 3664
Error: 8.766556812776672e-15
A1: [0.06621340379769206, -0.11395186255452817, -0.02398372833739708, 0.07172308989261739] - [0.03740172601146581, 0.18819252281017482, -0.147409817900624, -0.07818788137551681] - [-0.06022974549195514, 0.3289504407600848, -0.12775347582110996, -0.1409686863775473] - [0.03904638998263652, -0.053322466960563954, -0.037418367059217965, 0.0516953419394783]
A2: [-0.009107453265487743, -0.3468019946529652, 0.24945622192752395, 0.10645785678616894] - [0.08003923012152955, 0.03628161529321313, -0.05025076326637289, -0.066072616027161] - [-0.042453219492335326, 0.23083144958449053, -0.04053167423822223, -0.1478482813960615] - [0.0681354617912019, -0.29346710019031524, 0.1417719811173228, 0.08356262623264935]
B1: 7.95362764577702e-08 - -1.7132708977496356e-07 - 4.6429852167843356e-07 - 2.2152336225774168e-07
B2: 4.22270144366969e-07 - 2.4105071808988763e-07 - -1.797079827001741e-07 - 1.6112912887188963e-07
