Number: 7907
Error: 9.149844696588621e-16
A1: [0.08043168545195784, -0.18046780998327294, -0.019588856206884386, 0.11962497250545234] - [0.03741570179056133, 0.13359650787957894, -0.13472606464415623, -0.03628570336806322] - [-0.0017028079701086446, 0.22819012754921114, -0.12282837161868938, -0.10365889918472508] - [0.03886326121627989, -0.11448099184044909, -0.04641641462569378, 0.12203425472343975]
A2: [0.035307249457695304, -0.02927366993600856, -0.07569753402725037, 0.06966320511747548] - [0.10289364892125888, 0.28289659865217354, -0.3926064946621497, 0.006815889457432589] - [-0.011187008688525308, 0.5390146825341438, -0.35945092907303267, -0.16837636835673522] - [0.09786274787761186, 0.017463264730883218, -0.16885105956796148, 0.0535248242933549]
B1: -2.460105309357163e-08 - 2.028083578054137e-08 - 5.509105074610967e-08 - 2.455944565942976e-08
B2: -1.1891400995665085e-08 - 3.7969147398407933e-08 - 8.80583999825071e-09 - 3.3436378410446106e-09
