Number: 3417
Error: 4.831910513439916e-08
A1: [0.06695933410236789, -0.11322350894849746, -0.02323985196050555, 0.07246758359676501] - [0.037611256507748346, 0.18839250206233463, -0.14720387331649964, -0.07798156799722769] - [-0.05943890523186918, 0.32970730426086164, -0.12698218631656788, -0.1402047887748449] - [0.03987491578233097, -0.05253388118374304, -0.03661568258521343, 0.05248910949704785]
A2: [-0.008176144698729893, -0.34581367755036957, 0.2503928059948818, 0.10743616201228381] - [0.08021520498842351, 0.036471029807330926, -0.0500603480964058, -0.06588073903996611] - [-0.0423131436682619, 0.2309855566973899, -0.04038466819612592, -0.14769522116244713] - [0.069061562591995, -0.29244709977724836, 0.14277936962059795, 0.08460426183121579]
B1: 0.00022893777825237663 - -0.0003144665594783172 - 0.00018553090636627063 - 6.972921961030535e-05
B2: -0.00024193158493430837 - 7.149318757688557e-05 - 0.0006387569283804468 - 0.00018631377135946913
