Number: 1377
Error: 1.071739187708804e-10
A1: [-0.007233275843807615, -0.015039895081536825, 0.0029496171935163434, 0.019407809798493658] - [0.0668458695719193, 0.18990283180536827, -0.1467153685680623, -0.10984104336249575] - [-0.11264008689391883, 0.44173168417397735, -0.07084650277348739, -0.2581590886095882] - [-0.0236467720349002, 0.015071529389042972, -0.03021792066230888, 0.038618698291503176]
A2: [0.13162529324731334, -0.22459001159415085, 0.02270513510448192, 0.07019876633034237] - [0.03253126084453144, 0.2036361044421522, -0.11500280909570232, -0.12156994504227757] - [-0.0947875550809476, 0.5553776787352669, -0.23536428669190224, -0.22579718136778212] - [-0.020820787272327546, -0.019269349879499558, 0.008124575436858973, 0.03218799611709183]
B1: -1.1016427710412326e-05 - 2.1617221410057226e-05 - -2.0342981841773977e-05 - -7.275044442890337e-06
B2: 5.3530493605881765e-05 - -4.8200637500191104e-05 - -5.231963957564644e-06 - 7.160308700653994e-07
