Number: 6531
Error: 8.854737299309164e-16
A1: [0.08043168599869668, -0.1804678094365851, -0.019588855660797606, 0.11962497305212962] - [0.037415574985082946, 0.1335963811700812, -0.13472619119699342, -0.0362858301033039] - [-0.0017027986659160171, 0.22819013685321235, -0.12282836232812351, -0.10365888988302084] - [0.03886320832530271, -0.11448104458298225, -0.04641646748296284, 0.12203420186533948]
A2: [0.03530744477989154, -0.029273474073611347, -0.0756973483171663, 0.06966340954310045] - [0.10289373273589116, 0.28289668317811295, -0.3926064135976905, 0.006815977223504162] - [-0.011187095845946201, 0.539014594856896, -0.3594510115695668, -0.1683764601973989] - [0.0978628008433997, 0.01746331793758422, -0.16885100914790233, 0.05352487989012101]
B1: -3.5198970719643333e-09 - 1.4115510153989221e-09 - -3.308688562552575e-09 - -1.3828662094026042e-11
B2: 7.113893251890986e-10 - -9.810360953435832e-09 - 2.0086300835812873e-08 - -1.5337034513190053e-08
