Number: 8168
Error: 1.0341698388801124e-15
A1: [0.08043168969568491, -0.18046780574004487, -0.019588851968278205, 0.11962497674866733] - [0.03741563724367049, 0.13359644338159127, -0.13472612906232562, -0.03628576787913583] - [-0.001702812890347344, 0.22819012262907395, -0.12282837653173398, -0.1036589041036567] - [0.03886324768605749, -0.11448100533270017, -0.04641642814730537, 0.12203424120162094]
A2: [0.0353072821459623, -0.029273637157308574, -0.0756975029476901, 0.06966323932932568] - [0.10289368474864048, 0.28289663478361027, -0.3926064600103641, 0.006815926973913154] - [-0.011186957882066877, 0.5390147336435924, -0.35945088098348377, -0.16837631482035192] - [0.09786308126303689, 0.017463599632693255, -0.16885074220610474, 0.05352517423893274]
B1: -3.7716320111760625e-08 - 1.9476431183693352e-08 - 1.8574577071686926e-08 - -7.639345769917062e-08
B2: -2.304783595859949e-08 - -7.0751874954755684e-09 - -1.4177556084695725e-08 - -1.4377072934576047e-08
