Number: 4357
Error: 1.0315804484722032e-15
A1: [0.06621309532589095, -0.11395216413551876, -0.023984036568234827, 0.07172278193867829] - [0.03740266619366067, 0.1881934210916628, -0.1474088936285901, -0.07818695702255338] - [-0.060229501685696844, 0.32895067492233343, -0.12775323724716048, -0.14096844908676817] - [0.039046236655622235, -0.0533226124897163, -0.03741851539673518, 0.051695194805071946]
A2: [-0.009108480393109908, -0.3468030842714761, 0.24945518649161524, 0.10645677990439033] - [0.08003985188228724, 0.03628228510697178, -0.05025008371714336, -0.06607193070992899] - [-0.04245270527352447, 0.23083201710898127, -0.04053112318050341, -0.14784771268913902] - [0.06813467302164429, -0.2934679686573046, 0.14177112601641007, 0.08356174188075842]
B1: -4.282743129619622e-08 - 8.250880292195596e-09 - 2.2065011310292166e-08 - -5.2115364436885854e-08
B2: 1.5470922627024952e-08 - 3.0270838469221526e-08 - 1.1089948704258118e-08 - -1.198932234914203e-07
