Number: 983
Error: 0.0011862866324290036
A1: [-0.005757441944713691, -0.008430973481010486, 0.023218012820345964, 0.015748705508783566] - [0.05083303163246878, 0.17493970380359175, -0.1608933285466225, -0.12661761384109643] - [-0.06675887196203364, 0.45014177590840504, -0.02412719650395862, -0.2377250831952405] - [0.0667111858072493, 0.04705213955274213, 0.06535923023962406, 0.10144729239792336]
A2: [0.14556992146920994, -0.18539228769841798, -0.0061759961902981084, -0.017602031921785475] - [0.038384763145138896, 0.21002536133967462, -0.11416939288316144, -0.12293938274183643] - [-0.08377645488326808, 0.5816909854305384, -0.23191028511591794, -0.25721293515079086] - [-0.000560964958345257, -0.00214507403848714, 0.005026273753621331, 0.010568185536679197]
B1: -0.01772230534848863 - -0.019574346033987382 - -0.019759458153198857 - -0.01574543234401054
B2: 0.0031335393458159916 - 0.027161716978980777 - 0.014442792346197204 - 0.02148299478321835
