Number: 2031
Error: 0.00010396009520019399
A1: [-0.0027195494398169137, -0.0113943023915657, 0.004253340414730009, 0.02255751759574364] - [0.028630627244671285, 0.15322010702271124, -0.18644023846175634, -0.15226480083438795] - [-0.03927113223576758, 0.5126557952585852, 0.0005280047289340992, -0.180975370265941] - [-0.06271244026366235, -0.020655000547913437, -0.07120480561141145, -0.003400467490797765]
A2: [0.15218993718553198, -0.20566012527080182, 0.04226125635241812, 0.09249584677689328] - [0.03459171526782815, 0.20505584303168836, -0.11287335672857056, -0.1196654762368851] - [-0.05321938764467761, 0.59224838023839, -0.1930318032680043, -0.18495702534345654] - [0.03207788797662697, 0.027891608301504636, 0.05657462362742989, 0.08484428211396876]
B1: 0.003018947456927823 - 0.0036172301247558805 - -0.004421310215889502 - -0.0024327324565172805
B2: -0.01323616023228407 - 0.022637435881671338 - 0.0238886053475857 - -0.010874235321023029
