Number: 7106
Error: 9.983045062644254e-16
A1: [0.08043169614245332, -0.18046779929397644, -0.019588845529167266, 0.11962498319472849] - [0.037415599910983026, 0.13359640607711804, -0.13472616632075599, -0.036285805191210795] - [-0.001702803546934101, 0.22819013197229365, -0.12282836720199669, -0.10365889476273708] - [0.03886324076822344, -0.11448101223110621, -0.046416435060714724, 0.12203423428809644]
A2: [0.03530737175172302, -0.029273547303763928, -0.07569741775142615, 0.0696633331112109] - [0.10289372056231572, 0.28289667090122506, -0.3926064253718166, 0.0068159644760049385] - [-0.011187065188856583, 0.5390146256968285, -0.35945098255194846, -0.16837642789298207] - [0.09786279311023649, 0.01746331016924468, -0.16885101650937437, 0.053524871772818075]
B1: -2.232409127844744e-08 - 3.3216974512767386e-08 - 8.178810606720018e-09 - -1.1347288390023158e-08
B2: 5.353610459188973e-10 - 6.67853937437062e-10 - 8.708132934854772e-09 - 1.0361014851497988e-10
