Number: 2000
Error: 0.0001425721816114679
A1: [0.01323661480111016, 0.0052046568894651285, 0.02198061672200851, 0.039927605046626166] - [0.04592376396534047, 0.1698060562406357, -0.1682390216707751, -0.13301685839007144] - [-0.12508314623285346, 0.42963846928931426, -0.08428902673094002, -0.2706350677126948] - [-0.0037916663351945795, 0.035196070368082276, -0.009859356712442051, 0.06110607827090561]
A2: [0.11983402494618285, -0.23760593332359203, 0.011056858768607337, 0.058773978931711233] - [0.021084055782843378, 0.19153590097896003, -0.1267740897714638, -0.13340877347727814] - [-0.08416870788853502, 0.5637859413473488, -0.22530905726922004, -0.21681528302922062] - [-0.02858015861452094, -0.028335233421801446, -0.0001353969072129561, 0.023727176541819137]
B1: -0.005174513939379639 - -0.01271756526974235 - -0.007891169668346468 - -0.008769016749834515
B2: 0.006136528809989106 - -0.005700356202020815 - 0.0005914055487235229 - 0.007649461049564234
