Number: 6909
Error: 1.046551396117881e-15
A1: [0.08043167174109932, -0.1804678236925672, -0.019588869901347155, 0.11962495879616052] - [0.03741558078543384, 0.13359638696604273, -0.1347261854082, -0.03628582430616651] - [-0.0017028331602539947, 0.228190102359607, -0.12282839677195584, -0.10365892436815281] - [0.03886322431952962, -0.11448102863363965, -0.04641645149892851, 0.12203421784962509]
A2: [0.0353074413252404, -0.029273477537818216, -0.07569735160180308, 0.0696634059274314] - [0.10289378661912406, 0.2828967375186598, -0.3926063614825351, 0.006816033647128047] - [-0.011187203370918681, 0.5390144866905761, -0.35945111334428026, -0.16837657350023452] - [0.09786280250605274, 0.01746331960779855, -0.1688510075651641, 0.053524881635363994]
B1: 2.323953275861573e-08 - 1.335507527651621e-08 - -2.587271174751699e-08 - 3.5846922346574323e-09
B2: 6.459364339857704e-10 - 3.84570840576689e-09 - 1.0512079142302816e-08 - 2.4025924719026413e-09
