Number: 1245
Error: 1.0492859959991983e-07
A1: [-0.006424951580444775, -0.01422393971758153, 0.003793433029119402, 0.020237987475996713] - [0.06696016520077458, 0.19001306065316692, -0.1465974744184912, -0.10971381524765615] - [-0.11163646448217433, 0.44271598876910223, -0.06979494802614136, -0.257072449716022] - [-0.023093703087577067, 0.01561486781195043, -0.029648500646572318, 0.039201658233268245]
A2: [0.13139697010231277, -0.2248135735449282, 0.022480333480940078, 0.06997526590358923] - [0.03251258299930842, 0.20361777729966868, -0.11502133276006915, -0.12158805376752488] - [-0.0966081954470557, 0.5535901281924929, -0.2371552687203368, -0.22758617245035737] - [-0.021861256308152832, -0.020295428462249177, 0.007092471797757285, 0.031188428631272764]
B1: 0.00023165159509851694 - -0.00031527925088720415 - 0.00023360245041620825 - 0.000592495514818493
B2: -0.00016212681619256144 - -0.00010663537665002584 - 0.00010138970298209405 - -5.474045123930994e-05
