Number: 9899
Error: 9.710625577180435e-16
A1: [0.053172491368458294, -0.1480013297691836, -0.026999106027722722, 0.1218277631819278] - [0.005313663795436389, 0.1308366381883393, -0.11360079978528666, -0.022549819476650478] - [-0.0144445142123248, 0.22309158318003625, -0.127041217202762, -0.08160597064811584] - [0.02714629989531014, -0.10002019823836862, -0.04942466893788782, 0.12229795979626826]
A2: [0.089254363263817, -0.07291346811961615, -0.12362751662860258, 0.1072862838245585] - [0.10884164476740449, 0.24981409706488203, -0.40484537190044495, 0.04618939464272238] - [0.03663574856586156, 0.4625549370080463, -0.37771762896248934, -0.12147345277702677] - [0.14342628847542702, -0.04460676750772125, -0.20149967678973352, 0.10267971562205135]
B1: -2.6326340384519113e-08 - 4.513977649742007e-09 - 1.616949598229228e-08 - 8.511480447388223e-09
B2: 9.500777544698568e-09 - 2.4877202323786497e-08 - -6.658218119322447e-09 - -1.531317125634767e-08
