Number: 2942
Error: 2.8169309328953178e-08
A1: [0.06424824014623988, -0.047060104355093245, -0.022636463152840482, 0.008662869488951135] - [0.044432672719909874, 0.19201554751289565, -0.14177021685482574, -0.09166281717260262] - [-0.12334290665834784, 0.4149634981099004, -0.10475698310858607, -0.18697068685614998] - [0.03680862053034808, 0.018972543987445623, -0.03332851500031009, -0.023246358302271772]
A2: [0.06395394288133802, -0.17317750235214904, 0.08683153191114625, 0.02446026649058779] - [0.029430974178614556, 0.20043731702570128, -0.10157002703372207, -0.1277355147224466] - [-0.09281189424827131, 0.5142681263059288, -0.22500637070211962, -0.1945185546971059] - [-0.025886063817774852, 0.018559740136653728, -0.050245786686351455, 0.05701888763510707]
B1: -0.0003316691068078611 - -9.139227161977704e-05 - -9.046471127895265e-05 - 5.754125542676329e-05
B2: -0.0001285742627410789 - -0.00020619076980205527 - -0.00026375684194151713 - -5.665551991489748e-05
