Number: 7803
Error: 8.64518112709218e-16
A1: [0.08043168442224034, -0.18046781101286982, -0.019588857235363986, 0.11962497147585616] - [0.03741556027281184, 0.13359636646894033, -0.13472620587993245, -0.03628584480742034] - [-0.0017028376523721708, 0.22819009786758324, -0.12282840125749213, -0.10365892885906616] - [0.03886323424151858, -0.1144810187395058, -0.04641644158325917, 0.12203422776544742]
A2: [0.035307437790132935, -0.02927348108268379, -0.07569735496293614, 0.0696634022275538] - [0.10289375511855775, 0.2828967057507665, -0.3926063919494488, 0.006816000661426651] - [-0.011186970870508305, 0.539014720577728, -0.3594508932774222, -0.16837632850660747] - [0.09786287208340001, 0.017463389501628988, -0.1688509413319553, 0.053524954668845035]
B1: 7.170325569801565e-09 - -1.643877584832767e-08 - 3.379383011055963e-08 - 1.887978729185425e-08
B2: 2.739522837200934e-08 - -3.1330158380594284e-08 - 2.3431463330112227e-08 - 2.3761009031640978e-08
