Number: 5009
Error: 7.033735315693344e-16
A1: [0.06621324003692927, -0.11395202265822867, -0.023983891970740426, 0.07172292640686762] - [0.03740267726009714, 0.18819343166493563, -0.14740888274941447, -0.0781869461424224] - [-0.06022922228477124, 0.3289509432717256, -0.127752963841762, -0.14096817715168278] - [0.03904615729019577, -0.05332268782036055, -0.03741859218006821, 0.051695118645129684]
A2: [-0.009108488643285792, -0.3468030930237675, 0.24945517817461854, 0.10645677125445253] - [0.0800398109366145, 0.03628224099680709, -0.050250128468307155, -0.06607197584114939] - [-0.04245285394118132, 0.2308318530303337, -0.04053128249836098, -0.14784787710981231] - [0.06813475152538884, -0.2934678822212535, 0.14177121112185181, 0.08356182989797832]
B1: 5.4950263243292863e-08 - 1.2730487904725194e-08 - 1.818494957855994e-08 - 1.6711278466077724e-08
B2: 2.1524327418274527e-08 - 2.4421601629159305e-08 - 3.1938975078015004e-08 - -4.736313356560605e-09
