Number: 5877
Error: 1.6794587838029206e-07
A1: [0.0809261294520121, -0.1799747848884043, -0.01909452528070456, 0.12011960404010957] - [0.03740032743827344, 0.13358047772508527, -0.13474122003774702, -0.036300938525920264] - [-0.0017335986236698343, 0.2281589674464874, -0.12285860433528975, -0.10368942917336454] - [0.039527534661382153, -0.1138194326709783, -0.04575189157139999, 0.12269847313034667]
A2: [0.037083090451415515, -0.027493838983388027, -0.07400892807225849, 0.07152272642802832] - [0.10548242275056571, 0.28550454447311263, -0.390103897618714, 0.009527657026034928] - [-0.008129153900989988, 0.5420896999682708, -0.35655568087256884, -0.16515240985822385] - [0.10003453155894675, 0.019643992596777998, -0.16678323171438086, 0.05580562987539138]
B1: 0.00019741840823343925 - -0.0007425099763136425 - 0.0007875060494597389 - 0.00036792907087306156
B2: -0.00042588487040637227 - -0.0001206818785935674 - 0.000310728177535253 - -0.00027448509980441347
