Number: 4802
Error: 1.124008629278583e-15
A1: [0.06621312676546467, -0.1139521333985086, -0.023984005153343015, 0.07172281332546276] - [0.037402569051453206, 0.1881933282788745, -0.14740898912683356, -0.07818705252925033] - [-0.06022941326367507, 0.3289507598468264, -0.12775315072258156, -0.14096836302737578] - [0.0390461222258817, -0.05332272110212688, -0.03741862610367882, 0.05169508499696505]
A2: [-0.009108413313926788, -0.34680301311119005, 0.24945525411341224, 0.10645685023305038] - [0.0800398901352626, 0.03628232631636804, -0.050250041908787714, -0.06607188854663372] - [-0.042452809522357714, 0.2308319020535645, -0.040531234897501565, -0.14784782798437857] - [0.06813470531666517, -0.2934679330990167, 0.14177116102717724, 0.08356177808954994]
B1: 2.8359976530488807e-08 - 2.9712946577828078e-08 - 3.694344210103815e-08 - 9.092615968431702e-09
B2: 1.0941295413219814e-08 - 1.1554678852344759e-08 - 9.310848878330233e-09 - 2.3532384631250836e-08
