Number: 2408
Error: 6.597946569212882e-06
A1: [0.047947061208831014, -0.06396329660985296, -0.039626850513610735, -0.007951158340568237] - [0.04151806702802514, 0.18900391206887282, -0.14505565524656164, -0.09481314773870579] - [-0.11892543564058698, 0.4198902337488579, -0.10020831782626916, -0.18246207206842976] - [0.03937375735416493, 0.02189681758987675, -0.030705208298253867, -0.02048483582629155]
A2: [0.05676061766742224, -0.18025566288133782, 0.08020816002291067, 0.01767050747863001] - [0.03568628020278417, 0.2066709470532245, -0.09533609744641279, -0.12163024881824218] - [-0.10588290912669404, 0.5019848481741639, -0.23735215453124953, -0.20653300219391993] - [-0.038130296770085385, 0.006378287185574852, -0.06191984743621866, 0.0451968278061475]
B1: -0.0007893776077503797 - 0.006875947555169551 - -0.0028719821392454415 - -0.0017929822114285858
B2: 0.0014524810924975498 - -0.002473051811246513 - -0.0021813169642001438 - 0.0007985750867727254
