Number: 6796
Error: 8.430284504865203e-16
A1: [0.08043166098977916, -0.18046783444266906, -0.019588880639812838, 0.1196249480460681] - [0.03741556154500396, 0.13359636774017628, -0.13472620461029372, -0.03628584353593839] - [-0.001702852320463389, 0.2281900831998074, -0.12282841590411155, -0.10365894352324845] - [0.03886320368939947, -0.11448104920587288, -0.04641647211591341, 0.12203419723231682]
A2: [0.035307390353368044, -0.02927352865067221, -0.07569740006520206, 0.06966335257983018] - [0.10289366843985259, 0.28289661833638663, -0.39260647578397806, 0.006815909896153239] - [-0.011187120514205512, 0.5390145700414969, -0.35945103491859776, -0.16837648619121975] - [0.09786276228290297, 0.017463279201687235, -0.16885104585499336, 0.05352483941414463]
B1: 5.375000522696142e-09 - -1.0679451557859142e-08 - 1.1176278049236169e-08 - 6.8258131781404464e-09
B2: 5.621077883161634e-09 - 1.2221947410129802e-09 - 3.208189996463032e-10 - 2.356283963405953e-09
