Number: 8009
Error: 1.0720096097458995e-15
A1: [0.08043171421725637, -0.18046778122122917, -0.019588827475980272, 0.11962500126746665] - [0.03741559555734462, 0.13359640172677684, -0.13472617066566653, -0.036285809542417294] - [-0.0017027967828698418, 0.2281901387362141, -0.12282836044782808, -0.10365888800047018] - [0.03886325931308387, -0.11448099373829847, -0.04641641652766828, 0.12203425282143136]
A2: [0.035307422106177745, -0.029273496810021574, -0.07569736987505302, 0.06966338581260298] - [0.1028937073226878, 0.28289665754924326, -0.39260643817701774, 0.006815950612205423] - [-0.011187086398499226, 0.5390146043606532, -0.359451002627316, -0.16837645024234127] - [0.09786278296057141, 0.01746329997340385, -0.16885102617121828, 0.053524861118992795]
B1: -8.607926603064778e-09 - 1.8672530752341166e-08 - 4.64220695572964e-09 - 7.340015944391971e-09
B2: 6.263871291423521e-08 - -1.0602045950583933e-07 - 1.2391059492699683e-09 - 5.006597346519894e-08
