Number: 5578
Error: 1.7709900524427499e-09
A1: [0.06621683830790058, -0.1139484812857902, -0.023980277742134345, 0.07172653181398415] - [0.03738840342907614, 0.18817981327203992, -0.14742290314649922, -0.07820097254643214] - [-0.06030128855714113, 0.32888177980851313, -0.12782342880230324, -0.14103827483982415] - [0.03891270466331612, -0.05344932081071905, -0.037547657270995204, 0.05156709247100006]
A2: [-0.009075482643068754, -0.3467680756769718, 0.24948850010388837, 0.10649141406044776] - [0.0800692057451594, 0.03631391135541164, -0.050217998392236445, -0.06603957252647878] - [-0.042464504520628416, 0.23081900311743495, -0.0405437859196847, -0.1478607685709247] - [0.06813321464777063, -0.2934695672735828, 0.1417695329843124, 0.0835601018819556]
B1: 2.454934788079322e-05 - 1.606968064811001e-05 - 3.526151436670361e-05 - 3.612284481254795e-05
B2: -5.009616719862704e-06 - -1.6630343541140226e-05 - -1.5638111062556892e-05 - -1.0310738322560799e-05
