Number: 8417
Error: 1.1517068405845289e-15
A1: [0.08043170093746427, -0.1804677944995081, -0.019588840739929905, 0.11962498798918114] - [0.037415563118161486, 0.13359636931214522, -0.13472620304014296, -0.036285841963590304] - [-0.0017028184107873159, 0.22819011710875806, -0.12282838204408318, -0.10365890962260972] - [0.03886325661456237, -0.1144809964292154, -0.04641641922447375, 0.1220342501246023]
A2: [0.03530742659929785, -0.02927349230444246, -0.0756973656030488, 0.06966339051514653] - [0.10289373347644572, 0.28289668392499473, -0.3926064128814154, 0.00681597799898928] - [-0.011187097320076512, 0.5390145933739092, -0.3594510129648473, -0.1683764617507764] - [0.09786282862413134, 0.01746334584464422, -0.1688509827023852, 0.05352490905076269]
B1: -9.926866622021868e-09 - 8.414404443918971e-09 - 4.420842575169952e-09 - 3.953447698129605e-09
B2: 2.7769056469664594e-09 - -2.8900651315539797e-08 - -6.026151027609365e-09 - 8.623519938706807e-09
