Number: 2351
Error: 2.0938392474032486e-06
A1: [0.06831932154265696, -0.04457451394677151, -0.020837779614665, 0.011827689754043] - [0.04403263669344264, 0.19147850356658605, -0.14269557653507212, -0.0920586649663565] - [-0.13051379743606586, 0.40852575143955167, -0.11126076746894775, -0.1939127003752163] - [0.02683480636428681, 0.009480172879457125, -0.04252451236667077, -0.03318834111967045]
A2: [0.04207000777345918, -0.1942135361723529, 0.06562516762123634, 0.0028271485397193107] - [0.031867059205107344, 0.20278329897821915, -0.09921315025410307, -0.12542115815832303] - [-0.08463632576526298, 0.5225802428689666, -0.216533077341228, -0.18620851496075774] - [-0.023567539625014403, 0.021191739400914913, -0.047250517516154195, 0.05973846151240606]
B1: -4.3149034551242214e-05 - -0.0015740687928526651 - -0.0004644247367644762 - 0.00614892993540811
B2: 0.0037645438767354147 - 0.0020271231538824645 - 0.0024419024109023444 - 0.0005953426548274089
