Number: 7326
Error: 1.1327164812663366e-15
A1: [0.08043168441351821, -0.18046781102158485, -0.01958885724407895, 0.11962497146713227] - [0.03741559143030763, 0.13359639760286174, -0.13472617478453147, -0.03628581366718755] - [-0.0017028259611091092, 0.2281901095585997, -0.12282838958334774, -0.10365891717092583] - [0.03886323716765677, -0.11448101582157282, -0.04641643865899187, 0.1220342306897648]
A2: [0.03530748727635937, -0.029273431459604617, -0.07569730791205025, 0.0696634540202353] - [0.10289367200851218, 0.2828966219353446, -0.3926064723324303, 0.006815913633100381] - [-0.011187197104710167, 0.5390144929941587, -0.3594511074132231, -0.16837656689726416] - [0.09786283599085234, 0.017463353244907456, -0.16885097568979254, 0.05352491678348832]
B1: 3.126748552183875e-08 - -2.8176304053733055e-08 - -2.5930641165583447e-08 - -8.701376643802185e-09
B2: -7.277685447767215e-09 - -3.7150611056637645e-09 - -1.027315789092719e-08 - -3.622687200097895e-09
