Number: 3136
Error: 6.044928017474745e-06
A1: [0.06753088864897312, -0.04399965210700896, -0.01961005032543635, 0.01174170318693358] - [0.04601667534376471, 0.19339868165776591, -0.14024415991143335, -0.09011621947780019] - [-0.12140719796535196, 0.41663376154475534, -0.10307587651032085, -0.18525438927141172] - [0.03427265319673697, 0.016060540561899497, -0.03636437881199781, -0.02585948730884183]
A2: [0.04089339480568574, -0.19598105234124832, 0.06374059497986764, 0.0015322959187802623] - [0.028022186654229796, 0.1990449651532534, -0.10293946767743807, -0.12912335185663515] - [-0.09721394165164678, 0.5099159414825951, -0.22945352527764304, -0.1987798206836428] - [-0.017795550817123557, 0.026616634509187814, -0.04216983691704729, 0.06469615122284379]
B1: -0.0036937757623905386 - -0.003499376348711643 - 0.004392625494526926 - 0.004744197853779414
B2: -0.0020332373476193905 - 0.002371401230185273 - -0.001479112258956484 - -0.001429008217770257
