Number: 5082
Error: 5.071961153335904e-16
A1: [0.06621330294814895, -0.11395196115286375, -0.02398382910891128, 0.07172298921248833] - [0.0374026055064599, 0.18819336310919021, -0.14740895328873943, -0.0781870166879881] - [-0.060229340128891994, 0.32895083008879966, -0.12775307915714004, -0.14096829184684198] - [0.03904621837279731, -0.053322629842965846, -0.03741853308462703, 0.0516951772607345]
A2: [-0.009108489282141958, -0.34680309370150303, 0.24945517753055463, 0.10645677058466965] - [0.08003981755300213, 0.036282248124549075, -0.0502501212369723, -0.06607196854841814] - [-0.04245287135047863, 0.2308318338164251, -0.04053130115482408, -0.14784789636375856] - [0.06813473566621261, -0.29346789968283515, 0.14177119392900106, 0.08356181211699404]
B1: 4.9476378523380156e-08 - 2.6592679032173467e-08 - 1.7244198296915084e-08 - 1.6154457289841165e-08
B2: 4.915053703027437e-08 - 1.2468336458768298e-08 - 1.172774982535263e-07 - -3.86917841541889e-08
