Number: 3356
Error: 2.9485199883367054e-07
A1: [0.06617940979566517, -0.11399423967471722, -0.024034887418517836, 0.07167687880781903] - [0.0397163258090573, 0.19039282696405038, -0.14514507111660208, -0.07592147691581963] - [-0.06893558507299172, 0.3206749222524124, -0.1361877727834282, -0.14937751177152944] - [0.04299813464729901, -0.04958580857858774, -0.03360690620658681, 0.055473944720315256]
A2: [-0.009568193772367105, -0.34729446929133445, 0.24909850042792228, 0.10597726140374256] - [0.08165984677619274, 0.03803297716589039, -0.048508618190574435, -0.0642880638394185] - [-0.04286484168874175, 0.23036711727486803, -0.04097867503985179, -0.14832195081844948] - [0.06791935983405639, -0.29370868483880613, 0.14156357854033802, 0.08331285301896584]
B1: -0.000367696591715603 - 0.0012287335979078318 - 0.00010926764381775388 - -8.194932074046099e-05
B2: -0.0007440647541813967 - 0.00122397977508861 - 0.0002776104463940496 - 0.0008397302415234649
