Number: 3340
Error: 5.01399711296932e-07
A1: [0.06422553660865428, -0.11591882545208028, -0.026035077434530464, 0.06969373012149718] - [0.03420745402311513, 0.18512214475419103, -0.15055885115954476, -0.0813367731095197] - [-0.048711988630888416, 0.3401406166375346, -0.1163204626631514, -0.1296321537093111] - [0.03892500738146922, -0.053451100461361034, -0.0375551029106864, 0.0515572436469129]
A2: [-0.011039606209579356, -0.3488409229845734, 0.24761599630775888, 0.10444972168849931] - [0.07858191298644558, 0.03472713531407402, -0.05188700255987769, -0.06768254038595843] - [-0.04134106794138834, 0.23200610987822895, -0.03938079856311704, -0.14666132782759614] - [0.06666079182311334, -0.29511855972631185, 0.1401514212995779, 0.08188804926639347]
B1: 0.0022610730243683022 - -0.00021729923918539947 - -0.0011733966156428316 - 0.0001381086231043452
B2: -0.0002531128941427864 - 0.0003418955779270255 - 0.0006040460730938994 - 0.0004130746053401922
