Number: 1200
Error: 1.8934789304612493e-08
A1: [-0.006505139138542331, -0.014300905084720712, 0.0037022043077760565, 0.020150392633698985] - [0.06693116645635006, 0.18998562070582434, -0.14662729320810114, -0.10974552298949813] - [-0.11176060804083697, 0.4425988719560976, -0.06992631182070862, -0.2572113221228764] - [-0.024050241455041404, 0.01467844993394101, -0.030622686486189966, 0.03818792461094116]
A2: [0.1323577200376891, -0.22386663626428382, 0.023426259839475844, 0.0709158151270828] - [0.032758338319612966, 0.20386015695952, -0.11477669266922885, -0.12134867475244089] - [-0.09356371991505014, 0.5565790777206853, -0.23416578872984165, -0.22459873593906127] - [-0.01920343238547946, -0.017678463359436146, 0.009729600727255988, 0.03374402361473851]
B1: 0.00041279510490675676 - -9.412691556699796e-05 - 1.973826009000277e-05 - 6.432860674291029e-05
B2: 0.000269940484990722 - -0.00024522437376790573 - -3.077489012068391e-05 - 0.00027176825131252475
