Number: 9699
Error: 7.325334553085268e-15
A1: [0.05317270509456059, -0.14800111596489546, -0.02699889253770335, 0.12182797701097069] - [0.005313917659253624, 0.13083689231780568, -0.11360054596110167, -0.02254956525494188] - [-0.014444516358462365, 0.22309158103275878, -0.12704121934756724, -0.08160597279509935] - [0.027146547267098323, -0.10001995086730782, -0.04942442104477354, 0.1222982077965323]
A2: [0.08925438490222329, -0.07291344653179796, -0.12362749547756105, 0.10728630572985631] - [0.10884148038415503, 0.24981393265242535, -0.4048455330276446, 0.046189227493694425] - [0.03663540376953705, 0.4625545940059659, -0.37771796536287205, -0.1214738011493798] - [0.14342639408250313, -0.04460666229449347, -0.2014995736734469, 0.1026798227959971]
B1: 3.6065797503782776e-09 - -1.7888997489234462e-08 - -8.330274418844981e-08 - -4.425335892645026e-08
B2: 5.971198212951688e-08 - 1.6041278325021676e-08 - 1.8532293876983438e-08 - 3.989570003074744e-08
