Number: 2055
Error: 0.0007517740956881744
A1: [0.08789015801991912, 0.07639914972109617, 0.09572016207273537, 0.11346765215639569] - [0.052900745401910955, 0.1786979778052281, -0.16048665683926833, -0.12660807239326152] - [-0.207032119843061, 0.33479897477510606, -0.17550560106541296, -0.3494580198789895] - [0.06751799092651932, 0.11250860619904514, 0.06704800339021175, 0.12679087975403205]
A2: [0.18325008725807423, -0.1690838986663435, 0.06726403158574304, 0.12646971630798248] - [0.016524394255892354, 0.18307494907019242, -0.13471991859814136, -0.13915862883290056] - [-0.174395542152179, 0.48339865203340004, -0.2927339352541231, -0.3068985292433403] - [-0.16538192912787378, -0.14229267841324583, -0.1344232789595699, -0.08978069633597448]
B1: -0.0301692988615537 - -0.015624390416742651 - 0.02521160156242823 - 0.030509867895729972
B2: 0.011521027128908385 - 0.06464118789951366 - -0.036302703879130094 - 0.02074583604188692
