Number: 814
Error: 1.73597904529346e-12
A1: [-0.012155956892927268, -0.014519802615877658, 0.018084450430499034, 0.008580358419796638] - [0.06583550122606417, 0.18949551659465613, -0.14532229543991185, -0.11000826480718569] - [-0.09629102304457376, 0.42178807217404246, -0.05345510771794611, -0.27203334473618485] - [-0.001325326127910406, -0.018222924293138106, -0.003839183239560533, 0.023372321546143566]
A2: [0.16158915478352287, -0.16775238511521862, 0.00850371878228498, -0.0023306966649619698] - [0.03548712282414934, 0.20751809858809564, -0.11720903077987134, -0.12579066067237885] - [-0.0862100106848227, 0.5815415833233268, -0.2353852879417472, -0.2599321219372487] - [-0.0038303406763895427, -0.004514740087461495, 0.0011148361125926302, 0.007247819227502064]
B1: 3.804184408723771e-07 - 3.083115798175787e-06 - -1.1550806621898812e-07 - 5.92705876441269e-07
B2: 3.211457877299939e-06 - -2.273022006291463e-06 - 4.157175277011308e-06 - -4.378705466117118e-06
