Number: 4064
Error: 9.166255924878193e-16
A1: [0.06621317184574434, -0.11395208932560244, -0.02398396010841768, 0.0717228583301267] - [0.03740263148245096, 0.18819338792745557, -0.14740892775237596, -0.07818699114934508] - [-0.06022939976051817, 0.328950772815913, -0.12775313750914785, -0.1409683498852128] - [0.03904611650458654, -0.05332272653262321, -0.037418631638895715, 0.05169507950674526]
A2: [-0.009108488834720724, -0.3468030932266756, 0.2494551779817251, 0.1064567710538937] - [0.08003982705815726, 0.03628225836426029, -0.050250110848510235, -0.06607195807170177] - [-0.04245280154589688, 0.23083191085685714, -0.040531226349775296, -0.14784781916277637] - [0.068134743253505, -0.29346789132904666, 0.14177120215444536, 0.08356182062357295]
B1: -2.9633231719696382e-08 - -2.605461116016599e-09 - 1.8305903932246967e-08 - 1.603756328260415e-09
B2: -7.817741696769012e-09 - 2.058739167838273e-08 - -1.168874317739342e-08 - -2.1625068717875754e-08
