Number: 2888
Error: 1.4244897913247117e-08
A1: [0.06345033549580154, -0.04785638582110236, -0.023427630636554397, 0.007870556810078753] - [0.04390203639149438, 0.19150266730294668, -0.14231695691440108, -0.09224779743697642] - [-0.12339918248960556, 0.414905545886983, -0.10481418020616007, -0.18702909296064052] - [0.036932117561822055, 0.019094273679377684, -0.03320545556531548, -0.02312507845694498]
A2: [0.06474325518256176, -0.1723905826390989, 0.08761961505410167, 0.025240547779453747] - [0.029520542623969658, 0.2005259775575363, -0.10148046128868185, -0.1276475512501471] - [-0.09341530123805745, 0.5136769602778066, -0.22561143464181918, -0.19510337454765928] - [-0.025961641238859287, 0.018486144698339778, -0.050321859426041775, 0.05694385085904581]
B1: 0.0002449440753285037 - -9.80980233844639e-05 - -0.0004022034724323979 - 0.00012017880070385144
B2: -0.00011921214361101767 - -7.979418072681467e-06 - 2.6925677490598755e-05 - 2.3612710080173128e-05
