Number: 5822
Error: 1.8853857154362045e-06
A1: [0.06954123369255417, -0.19142618147523935, -0.030438610159136983, 0.10874185847785546] - [0.02311865323802069, 0.11925447730174371, -0.14902280820267597, -0.050601186946678055] - [-0.006625346659174047, 0.22324561575852617, -0.12770260870804884, -0.10856103581816479] - [0.03663941434106273, -0.11673295372988764, -0.04853755072590372, 0.11986714325397942]
A2: [0.03476997923753576, -0.029846209246073608, -0.07616214546206321, 0.06918701502181054] - [0.09441484108799114, 0.27421419794365287, -0.4007863434228473, -0.0019330191109029875] - [-0.0016686579176126122, 0.5486790253751415, -0.3504433905572666, -0.15841819777689398] - [0.10118625974788908, 0.02083549934994397, -0.1656771792527729, 0.056999377442305085]
B1: 0.00011196592954258294 - -0.0019970470117427796 - 2.8397292561399903e-05 - -0.0003065965808776875
B2: 0.000258245983453715 - 0.001568578411552159 - -0.0024298551220901412 - 0.0008959156962893949
