Number: 8790
Error: 1.1436152403375127e-06
A1: [0.08056398114900122, -0.18033551626057112, -0.01945676234203118, 0.11975727444118973] - [0.037292840844496654, 0.1334736345984387, -0.1348486900331555, -0.03640850922386111] - [-0.0013298858211017546, 0.22856312009946583, -0.12245604698877481, -0.10328604041765192] - [0.03888953922201303, -0.11445476879504754, -0.046390224439237564, 0.12206052932845844]
A2: [0.03506928370431866, -0.029512500025373034, -0.07592366787463241, 0.06941416451503518] - [0.10258643201527606, 0.2825866052327831, -0.39290354346403283, 0.00649417597083369] - [-0.011033253657042353, 0.5391692282602887, -0.3593052889221547, -0.16821424897279916] - [0.0975389243364259, 0.017137782362265506, -0.16915920885156013, 0.05318492792874518]
B1: -0.0006611282418922817 - -0.0006523727721484108 - -0.0007972391608073051 - -0.0006301669499988666
B2: 0.0004432525399491827 - 0.00041171457444493637 - 0.0002500206750743161 - 0.0003629248554218831
