Number: 3761
Error: 9.84089394960967e-16
A1: [0.06621315958882398, -0.11395210130862218, -0.023983972355731548, 0.07172284609376504] - [0.03740265562045003, 0.18819341098966352, -0.147408904022887, -0.07818696741774935] - [-0.06022939551809748, 0.3289507768905499, -0.1277531333577752, -0.14096834575617473] - [0.03904633448192983, -0.05332251963682776, -0.03741842075314731, 0.05169528868015066]
A2: [-0.009108572443784794, -0.3468031819228348, 0.2494550936961903, 0.10645668339433938] - [0.08003980535665674, 0.03628223498552257, -0.05025013456702471, -0.0660719819916105] - [-0.04245284767678813, 0.23083185994392996, -0.04053127578547116, -0.14784787018179896] - [0.06813469678911231, -0.2934679424884267, 0.14177115178253938, 0.08356176852832445]
B1: -1.0275435129838162e-08 - 3.852023673019985e-09 - 2.1951293687087686e-08 - -3.257606830157336e-08
B2: 9.622235174537988e-09 - -1.9260145418570997e-08 - 1.6828935666299265e-08 - -4.440245538237964e-08
