Number: 9190
Error: 2.9312175810838737e-08
A1: [0.05290777480165043, -0.14826925603432878, -0.02726637259753043, 0.12156221436261] - [0.003390143585415095, 0.12891573089725558, -0.11552612281612692, -0.024468121256577983] - [-0.01603424622865029, 0.22150678489613038, -0.12862931355042417, -0.08318853926590918] - [0.027494288697957985, -0.0996722469393881, -0.04907587642092653, 0.12264945478161403]
A2: [0.08780219333855982, -0.07436685198597434, -0.1250405365108497, 0.10582293003855348] - [0.10569065826707762, 0.246658061069981, -0.40793525815403087, 0.04298611467550594] - [0.03266216140176745, 0.4585955114883639, -0.3815934819708486, -0.1254846248503307] - [0.14088668956216022, -0.047136447511373976, -0.20397726899794552, 0.10010214113384107]
B1: -0.00011245639493587207 - -0.00026597220269309967 - 0.0005042154003639462 - -0.0004974992075097895
B2: -0.0004830247797482609 - 0.0002792389721912964 - -8.95635223952498e-05 - -0.00028464053006152534
