Number: 1535
Error: 4.230483915338074e-09
A1: [-0.007316265680193465, -0.015123853822937476, 0.0028628387752626184, 0.0193221820953354] - [0.06724122963285437, 0.19028319365063415, -0.14630674415437314, -0.10940128702012272] - [-0.11304336774952722, 0.4413359535236949, -0.07126696393171886, -0.2585956618043003] - [-0.024320269550757258, 0.014409671676600453, -0.030905088134577787, 0.037907888881533985]
A2: [0.13165541061580088, -0.2245604428716317, 0.02273455502470422, 0.07022849656612665] - [0.03270870344258863, 0.20381059106061186, -0.11482604432850069, -0.12139647791002582] - [-0.09460216050004917, 0.5555597939013783, -0.2351825902737915, -0.2256156511064367] - [-0.02095298338226643, -0.019399665992828632, 0.007992886149756722, 0.03206099225440997]
B1: 0.0002598890554649986 - -2.760386777246961e-05 - 0.00022538193717790562 - 0.00013554994177025144
B2: 0.00010824317550320179 - 0.00020597178927057354 - 0.00016232704097925537 - 4.910205019503609e-05
