Number: 4435
Error: 9.352734381256827e-16
A1: [0.06621315031226353, -0.11395211037790665, -0.023983981625016613, 0.07172283683277438] - [0.03740263731381741, 0.1881933934989319, -0.14740892201968836, -0.07818698541616574] - [-0.060229343012782176, 0.328950827318948, -0.12775308197920432, -0.1409682946538809] - [0.03904613044070022, -0.053322713304935286, -0.03741861815613237, 0.05169509288005305]
A2: [-0.00910851551595254, -0.346803121531317, 0.2494551510845817, 0.10645674308001339] - [0.0800397700076408, 0.036282196904544095, -0.050250173201442955, -0.06607202095405808] - [-0.04245280745432734, 0.23083190433596223, -0.04053123268143467, -0.14784782569718544] - [0.0681348498392759, -0.2934677739735012, 0.14177131770366092, 0.08356194012586354]
B1: -7.186828628785169e-09 - 1.466316150604288e-09 - -1.0040210948882207e-08 - 1.3110882653777868e-08
B2: -2.2243104294960112e-08 - 1.6172305614743627e-08 - -6.014154155541906e-09 - 7.37428853382091e-09
