Number: 8712
Error: 5.873498678262891e-13
A1: [0.08043092703430758, -0.18046856831496122, -0.019589613717509138, 0.11962421417468182] - [0.03741542221932501, 0.13359622851873373, -0.13472634365865746, -0.03628598278456267] - [-0.001703101884266765, 0.22818983364112666, -0.12282866510253726, -0.10365919302037023] - [0.03886268008963766, -0.11448157133664304, -0.04641699538198449, 0.12203367395818086]
A2: [0.03530783440875584, -0.029273083366600026, -0.07569697786139155, 0.06966381733069349] - [0.1028932611314286, 0.2828962075694119, -0.3926068697292476, 0.00681548338648176] - [-0.0111870637194526, 0.5390146271746251, -0.3594509811611535, -0.16837642634434047] - [0.09786330213828905, 0.017463821512510296, -0.16885053194618063, 0.05352540608521986]
B1: 3.181622089461768e-07 - 7.38842535112629e-07 - 5.114110438600967e-07 - 4.671912261110329e-07
B2: -3.975903138783177e-07 - 1.1121360182034409e-07 - -3.870212223454725e-07 - -2.6871797160563177e-07
