Number: 1797
Error: 2.2986125369755125e-08
A1: [-0.010904422377024617, -0.018745117154750596, -0.0008338757095872717, 0.015611530209014924] - [0.06704472107703957, 0.1901003712992935, -0.14651248123152283, -0.10961869912579604] - [-0.11342402279446916, 0.44098421506746205, -0.07170907498999171, -0.25900052523440764] - [-0.02286804808336746, 0.015873085530908874, -0.029487089771267624, 0.0394497508370958]
A2: [0.13152881248145956, -0.2246977234208157, 0.022629927323948758, 0.07012145758988717] - [0.03246419760067649, 0.20357625685460468, -0.11506999007722768, -0.12163275623892117] - [-0.09423195553538388, 0.5559537356039805, -0.2347354376518072, -0.22514211917348415] - [-0.02190311777399693, -0.02036706513434873, 0.007046744468781035, 0.031137248356091655]
B1: -5.862511943342932e-05 - 0.0003126013804119461 - 0.0001882481666699495 - -0.0003514524744082209
B2: -8.862967478204352e-05 - -6.477431431610041e-05 - 0.0003410762379551628 - 5.073126402260948e-05
