Number: 1627
Error: 1.078078409437686e-07
A1: [-0.006566420198172331, -0.014368089713947905, 0.0036438707906044877, 0.020083372405805038] - [0.06640573798362565, 0.1894794982390884, -0.14717127894190402, -0.11032972406537042] - [-0.11395970270279386, 0.44043460665528306, -0.0722188188069722, -0.2595914454823604] - [-0.023103043690300733, 0.015602097687291363, -0.029662686922178865, 0.03918719875554672]
A2: [0.13105540633392931, -0.2251531535548257, 0.02214105398996597, 0.0696379091502274] - [0.032278852326297736, 0.20338815572717156, -0.11525346265642109, -0.12181651545058887] - [-0.09514890391712358, 0.5550251279953178, -0.2357200560217166, -0.22615380090710616] - [-0.020496848337954548, -0.018960656530528176, 0.008438913953785487, 0.03249252351277768]
B1: 0.00014893479499304447 - 0.00031162597223918667 - 0.0003772297302734857 - 0.0003534105456689057
B2: 0.00046009887588094496 - -0.0008357859839580462 - 0.00028086866964164745 - 0.0001417251379189743
