Number: 7006
Error: 7.499770370399182e-16
A1: [0.08043169637573659, -0.18046779906071966, -0.01958884529616228, 0.11962498342798535] - [0.037415587281497874, 0.13359639345719052, -0.13472617892507732, -0.03628581781370031] - [-0.0017028057641056112, 0.2281901297551708, -0.12282836941591987, -0.10365889697931609] - [0.0388632096469342, -0.11448104326505817, -0.04641646616217473, 0.12203420318614883]
A2: [0.03530742259642903, -0.029273496318428554, -0.07569736940891425, 0.06966338632569868] - [0.10289370474950235, 0.28289665495420624, -0.3926064406657636, 0.006815947917677596] - [-0.011187082663296608, 0.5390146081181613, -0.35945099909189265, -0.16837644630640378] - [0.09786280366589935, 0.017463320772921634, -0.1688510064610638, 0.05352488285282525]
B1: -9.733204083553297e-10 - 4.771577908672873e-09 - 4.5203278902746725e-09 - -2.1475001498852034e-09
B2: 8.505340978970434e-09 - 6.367596441308245e-10 - 1.1815278947982353e-08 - -1.3824543620483993e-08
