Number: 1923
Error: 3.8685245859005045e-06
A1: [-0.00412967078419261, -0.011873299721265718, 0.006175398000985249, 0.022548236952446118] - [0.06545047291685419, 0.18857229252734717, -0.14814560180145034, -0.11140470519297192] - [-0.11372358260466453, 0.44054478513127276, -0.07213854181354731, -0.2594190573375374] - [-0.02532237962862644, 0.013348490778932087, -0.032108748131383966, 0.036793025955771504]
A2: [0.12521567647182455, -0.23090640421994443, 0.016303961650280377, 0.06386957291258674] - [0.029801890143531812, 0.20097382880192313, -0.11770858769144694, -0.1242200336845665] - [-0.09970644215015863, 0.5505423429824806, -0.24018093038971006, -0.23054968511732984] - [-0.019720006271672932, -0.018225155155581107, 0.009140071565188966, 0.03318230329596058]
B1: -3.2553469495282764e-05 - -0.000345656247779971 - -0.0004451512892346745 - -0.0018925322501311841
B2: 0.0005910669012044807 - 0.005561800861115614 - -0.0005691034190341872 - -0.000543059523069345
