Number: 7813
Error: 8.657917554908255e-16
A1: [0.08043165735405258, -0.1804678380779909, -0.01958888427118539, 0.11962494441076049] - [0.03741561259880501, 0.13359641875532907, -0.13472615365820165, -0.03628579251041386] - [-0.0017028583502220998, 0.2281900771701753, -0.12282842192503676, -0.10365894955139197] - [0.0388632109313992, -0.11448104198420761, -0.046416464878524216, 0.12203420446981611]
A2: [0.03530740547887021, -0.02927351348331186, -0.07569738568410943, 0.06966336841035119] - [0.10289382532416697, 0.2828967765522072, -0.3926063240474635, 0.006816074176900281] - [-0.011187090127217697, 0.5390146006097213, -0.35945100615662806, -0.16837645417141373] - [0.09786280767419799, 0.017463324799459244, -0.1688510026454129, 0.053524887060226435]
B1: 3.2329364293862796e-08 - -1.2878128449571408e-08 - -1.1405743042681594e-08 - 7.0633975601866964e-09
B2: 1.786218056294072e-08 - -2.652447528947749e-08 - 2.6671385139782477e-08 - 1.1367913554355079e-08
