Number: 3128
Error: 5.9541313659909e-06
A1: [0.06260891063614316, -0.04889001667931292, -0.02449767750338219, 0.006886516697139514] - [0.03934151852436745, 0.18697308637452797, -0.14713310461641155, -0.09739811026461512] - [-0.12336215333389716, 0.41471595720358406, -0.10502528287305864, -0.18716735842192656] - [0.041849012393772485, 0.023726254276293164, -0.028704263674416683, -0.018309052351615573]
A2: [0.052390511065387745, -0.18455062181450968, 0.07522319143099963, 0.012864837214812177] - [0.023747935283551572, 0.19484436934845875, -0.10719781385718831, -0.13327826164974949] - [-0.1065059992129838, 0.5008265331786228, -0.23875565538756102, -0.20773860736753683] - [-0.02052183964905297, 0.02389584119640846, -0.04489258690754183, 0.06217255147014105]
B1: 0.00754386020934336 - -0.006004243034860773 - 0.0005726112760628625 - -0.008758079801297426
B2: -0.0012092290290899618 - -0.0042767969344215916 - -0.0007141950535680115 - 0.0012579955242766696
