Number: 6833
Error: 1.2174640078358297e-15
A1: [0.08043166831849696, -0.1804678271147819, -0.019588873319858074, 0.11962495537394878] - [0.03741555313597353, 0.1335963593375094, -0.1347262130025691, -0.036285851940310844] - [-0.0017028625659177873, 0.2281900729545709, -0.12282842613456496, -0.10365895376596865] - [0.038863197528198605, -0.11448105534978385, -0.046416478273188296, 0.12203419107494513]
A2: [0.035307463051582486, -0.029273455751383997, -0.07569733094467537, 0.06966342866640554] - [0.10289380800751502, 0.28289675908857465, -0.3926063407959654, 0.006816056043899377] - [-0.011187155357480822, 0.5390145349903965, -0.3594510678985124, -0.1683765229067983] - [0.09786281252883507, 0.01746332967617135, -0.16885099802412346, 0.05352489215602241]
B1: 6.018821437443765e-09 - 2.1077984832821276e-08 - -2.2485072459380506e-08 - -1.41369904080094e-09
B2: 1.1222794314304298e-08 - 1.3889943955232164e-09 - -8.918971156660639e-09 - 2.658003846159665e-10
