Number: 471
Error: 2.2291568699083047e-12
A1: [-0.012147525577674734, -0.014511142745253688, 0.01809376967120371, 0.008589368315423776] - [0.06583531723380279, 0.18949533959613524, -0.14532248567421152, -0.11000846966865648] - [-0.09628670128696938, 0.42179224914384017, -0.05345041796683344, -0.272028309573775] - [-0.0013169604117062776, -0.01821487873344722, -0.003830278117636298, 0.023381990976075778]
A2: [0.16158983573134483, -0.16775171705159903, 0.008504386066233325, -0.0023300327972785844] - [0.035487584658981254, 0.20751855300813624, -0.11720857087764634, -0.12579020887715786] - [-0.08621234629137783, 0.581539295617541, -0.235387560541647, -0.25993439954929665] - [-0.003833087613844345, -0.004517441362653562, 0.0011121173304537916, 0.007245191133678411]
B1: -4.3084501239557517e-07 - -1.941822420160833e-06 - 4.838841051851708e-07 - -8.702237592745908e-08
B2: 1.8595562870595355e-06 - -1.2739514801409092e-06 - 1.3642875736752686e-06 - 1.3245558726967447e-07
