Number: 4161
Error: 1.0128396839169148e-15
A1: [0.06621318146774254, -0.11395207991862513, -0.023983950493971774, 0.07172286793597601] - [0.03740261702700664, 0.1881933741162612, -0.14740894196318483, -0.07818700536141135] - [-0.06022941966526033, 0.32895075369850896, -0.12775315698675183, -0.1409683692580539] - [0.039046082629146474, -0.05332275868590767, -0.03741866441224135, 0.05169504699950187]
A2: [-0.009108646801912404, -0.3468032608051985, 0.24945501873640608, 0.10645660543390943] - [0.0800398254220904, 0.036282256601748705, -0.05025011263663731, -0.0660719598750109] - [-0.04245275005366615, 0.23083196768688144, -0.04053117116866212, -0.14784776221430743] - [0.06813473843757781, -0.2934678966315806, 0.14177119693352133, 0.08356181522404149]
B1: -3.4222823674065896e-08 - -2.4843378678089557e-09 - 2.8241180136252078e-08 - -1.088190522139999e-08
B2: 8.842379261006622e-09 - 1.6067788219743985e-08 - -1.5334458873916364e-08 - -2.866561073203345e-08
