Number: 9135
Error: 1.992015939978775e-06
A1: [0.052703619685459474, -0.14864585957391982, -0.02758570409129018, 0.12116540083738465] - [0.007225237523845105, 0.13271089683825776, -0.11181641006878315, -0.020641269655742086] - [-0.016357631473860837, 0.22131233914766835, -0.12890597820162955, -0.08327345099231773] - [0.026505332015875478, -0.10069140972766001, -0.05005677874421049, 0.12165230226672144]
A2: [0.10633091532136515, -0.05569635801148516, -0.10657380907153897, 0.12471302742048261] - [0.11966265752561044, 0.2606617789891901, -0.3942296906753314, 0.057175657954160936] - [0.035470750757547825, 0.4614714436996618, -0.37876912978290844, -0.12270387645670093] - [0.15720159237417555, -0.030854128301888654, -0.1881385811459494, 0.11662586030971865]
B1: -0.0009246802869341947 - 0.0006255161652984166 - 0.004555608509368662 - -0.0006108076057481149
B2: -8.65181831829e-05 - -0.0004939682112590578 - 0.0003886737201894883 - -0.00013836396285809454
