Number: 898
Error: 1.8229335154514897e-09
A1: [-0.011818502404349203, -0.014173304091417448, 0.018457414571601778, 0.008940901709721314] - [0.06578760309678583, 0.1894494422339042, -0.1453718165779571, -0.11006159055666453] - [-0.09611637911139875, 0.42195682452380084, -0.05326560920245425, -0.2718298948819072] - [-0.0013024847023691468, -0.018200921708564997, -0.003814867514147564, 0.023398787974448592]
A2: [0.16167458622856798, -0.16766846669486246, 0.008587501423860814, -0.0022472682205180797] - [0.03553430969502037, 0.20756453226976027, -0.1171620372976265, -0.12574449877326893] - [-0.0860937114949315, 0.5816555781502676, -0.23527206505472995, -0.2598186032293273] - [-0.0037500180620584408, -0.004435723505815767, 0.0011943570596188932, 0.0073246811853090715]
B1: 3.862425928620303e-05 - -5.675430690655741e-05 - 3.032256908305962e-05 - -1.8010829058958582e-06
B2: -1.5036064318938601e-05 - -0.00010241880635338782 - -3.366993672453403e-05 - 1.3379254839491003e-05
