Number: 3968
Error: 9.73964365008446e-16
A1: [0.06621321759548528, -0.11395204459821957, -0.023983914394579975, 0.07172290400308837] - [0.037402611883771364, 0.1881933692022453, -0.1474089470193861, -0.0781870104180549] - [-0.06022928973739042, 0.3289508784870295, -0.12775302984701897, -0.1409682428021631] - [0.03904619910910312, -0.05332264812754365, -0.03741855172178959, 0.051695158774935114]
A2: [-0.009108487300226816, -0.3468030915988027, 0.24945517952865728, 0.10645677266273666] - [0.08003978030122257, 0.03628220799364033, -0.0502501619511844, -0.06607200960831422] - [-0.042452711385712535, 0.23083201036329362, -0.04053112973050428, -0.14784771944894082] - [0.06813472977975805, -0.2934679061642461, 0.14177118754759913, 0.08356180551698172]
B1: 1.4490156262964265e-08 - -2.831402151892334e-08 - 2.7980820627025264e-08 - -2.104310559394059e-08
B2: 1.2749481737441192e-08 - -2.07769993106742e-08 - -1.4109950057840832e-08 - 3.052410110794442e-08
