Number: 2796
Error: 1.2270361929160917e-08
A1: [0.06334655938482883, -0.047959908605348184, -0.023530974017822285, 0.0077676731333922175] - [0.04365168173146004, 0.1912610047440579, -0.1425748309957752, -0.09252319527421919] - [-0.12327812863185474, 0.41502759793055144, -0.10469126068644866, -0.18690546913588296] - [0.037093003686700654, 0.019256909038161605, -0.03304312004017847, -0.022962713353868534]
A2: [0.0639782532428522, -0.17315162014505767, 0.0868598144109109, 0.02448862138181319] - [0.029486722560251054, 0.20049259316789142, -0.10151402405842501, -0.12768039933028] - [-0.09325139253096106, 0.5138375394936175, -0.22544721670683537, -0.19494452993801406] - [-0.02652515156364071, 0.017926164884697792, -0.05088645323351156, 0.05639438098120576]
B1: -4.0002931048063205e-05 - 2.642703060452836e-05 - -3.0229747454428787e-05 - 0.00026201413227455446
B2: 9.494083781859969e-05 - 3.146442967341907e-05 - 0.00014758155764360773 - 0.00010406179945320008
