Number: 3325
Error: 2.0774959461373764e-06
A1: [0.0571858642405363, -0.12281290229863803, -0.033173172062288446, 0.06260791069535818] - [0.0367294511808954, 0.18751038481257437, -0.14805381488221037, -0.07883947464228969] - [-0.06428337480428921, 0.32520673057547267, -0.13150032253374366, -0.144759667448439] - [0.040512450892849085, -0.05193678654238832, -0.03606498953411056, 0.05304459117011366]
A2: [-0.007555146006877342, -0.34507660622068553, 0.2512642886634097, 0.10819588931071564] - [0.08434313808743982, 0.040975072903874046, -0.0455755686458752, -0.06131012702608712] - [-0.04633919508078454, 0.22634047839525204, -0.04486051917760668, -0.1522807596392412] - [0.06881858289587098, -0.29282918867558577, 0.1424342013170014, 0.08427455682835465]
B1: -0.0008386937684618739 - -0.0012782848555768348 - 0.0011638636830094955 - -0.0007422021800283516
B2: -0.0035752316863116415 - 0.00420292435732561 - 0.0008816541987125736 - -0.0008123480630472518
