Number: 868
Error: 3.7450385830598346e-09
A1: [-0.01212811438071989, -0.014491214957000394, 0.01811521760562455, 0.008610104770855146] - [0.065839427955921, 0.18949929410754848, -0.14531823503695912, -0.11000389261842294] - [-0.0963717474871952, 0.42171004844688303, -0.05354270651957228, -0.2721273961608817] - [-0.0014831835653100287, -0.018374740269400888, -0.004007219957249455, 0.023189864147375228]
A2: [0.16155312594552823, -0.16778772630391434, 0.008468421369750852, -0.002365808484101383] - [0.03548705123565034, 0.20751802860933488, -0.11720910141242517, -0.12579072950510606] - [-0.08625943823851606, 0.5814931727787954, -0.23543338020315518, -0.25998031287344653] - [-0.0038564230366329045, -0.00454038470087411, 0.0010890238811007875, 0.0072228714722394165]
B1: -1.462616916316799e-06 - -3.0121431484893366e-06 - 5.92235938723437e-06 - 7.172252349116882e-07
B2: -5.248670967955243e-06 - 7.768744598745513e-05 - 6.0495968156946224e-05 - 8.426591587616181e-05
