Number: 4393
Error: 9.832436725281198e-16
A1: [0.06621313257997373, -0.1139521277139382, -0.023983999343390974, 0.07172281913025076] - [0.037402655102368974, 0.18819341049468366, -0.14740890453218006, -0.07818696792711276] - [-0.06022939613361585, 0.3289507762993073, -0.12775313396012075, -0.14096834635522407] - [0.03904600567839986, -0.053322831724622335, -0.037418738859495496, 0.051694973156751665]
A2: [-0.00910871337413212, -0.34680333142783065, 0.24945495162552603, 0.10645653563659836] - [0.08003988315918903, 0.03628231880115182, -0.05025004953327115, -0.06607189623579572] - [-0.04245277151214998, 0.23083194400395182, -0.04053119416439821, -0.14784778594652737] - [0.06813473599357167, -0.2934678993224847, 0.14177119428401566, 0.08356181248390791]
B1: 4.1471072981312694e-08 - 3.954195727394888e-09 - 6.556785518644313e-09 - -3.308804741793848e-08
B2: -5.0719332445070047e-08 - 5.453682804934405e-08 - 8.70537941232492e-09 - 2.8850934556943466e-08
