Number: 7695
Error: 1.0334324502422212e-15
A1: [0.08043166502108098, -0.18046783041183284, -0.01958887661332394, 0.11962495207691308] - [0.03741555536395941, 0.13359636156380333, -0.1347262107790064, -0.036285849713554016] - [-0.0017028447506286257, 0.22819009076947747, -0.12282840834535481, -0.10365893595542819] - [0.03886320999808199, -0.11448104291490678, -0.046416465811245526, 0.12203420353707942]
A2: [0.035307373064178964, -0.029273545987664844, -0.07569741650362183, 0.06966333448489673] - [0.10289366100562795, 0.2828966108390902, -0.39260648297429773, 0.006815902111512597] - [-0.011187146490481487, 0.5390145439102836, -0.35945105950574496, -0.16837651356328515] - [0.09786276800141928, 0.017463284946223904, -0.16885104041137133, 0.05352484541676865]
B1: 1.6515143787771255e-08 - -1.900307128861681e-08 - -2.1057782197651663e-08 - -9.113129796867611e-09
B2: -6.957286068745209e-09 - -8.502609707601426e-09 - -1.0754462221917801e-08 - -4.811057317917957e-09
