Number: 9311
Error: 3.567467427971483e-10
A1: [0.05327168031247941, -0.14790210782832203, -0.02690001727490239, 0.12192699654971306] - [0.005232394066319706, 0.1307552944438601, -0.11368204067392934, -0.022631202121765653] - [-0.014328754123753982, 0.2232073794726544, -0.12692554056790464, -0.08149016492518875] - [0.027183442120483174, -0.09998305513130579, -0.04938743550339615, 0.12233519335112182]
A2: [0.08924136632443007, -0.07292641578423058, -0.12364022800953482, 0.10727312997091498] - [0.10890528662877451, 0.2498777604860238, -0.40478299623415004, 0.04625411059256435] - [0.036658697901261916, 0.4625777654029243, -0.37769523902668695, -0.12145027018584151] - [0.1435154496719046, -0.04451795529375648, -0.20141262284029465, 0.10277019046671522]
B1: 1.3963307754866875e-05 - 2.560216239496207e-05 - -4.765153568812658e-06 - 8.137408844298091e-07
B2: -1.5488730199420824e-05 - 4.143947055943341e-05 - -3.6600243139719433e-06 - -7.641713745304628e-06
