Number: 7254
Error: 9.151261948994741e-16
A1: [0.08043167815821843, -0.18046781727617467, -0.019588863491897767, 0.11962496521254756] - [0.03741557924557385, 0.13359638542735086, -0.13472618694498611, -0.03628582584517153] - [-0.0017028338827062984, 0.22819010163717396, -0.122828397493344, -0.10365892509040794] - [0.03886322213790504, -0.1144810308091437, -0.046416453679164485, 0.12203421566935498]
A2: [0.03530745600055089, -0.029273462821916847, -0.07569733764870314, 0.06966342128672458] - [0.10289378672465875, 0.282896737625092, -0.3926063613804497, 0.006816033757632501] - [-0.011187064280854989, 0.5390146266102439, -0.35945098169249756, -0.16837642693619545] - [0.09786282553488328, 0.01746334274137832, -0.1688509856432032, 0.05352490580813034]
B1: -9.005529135977812e-10 - 1.3577811616522561e-08 - 7.390610923381498e-09 - 4.0227458298169816e-09
B2: 2.5359176396272657e-09 - 4.260132230541642e-09 - 1.6209345738588418e-10 - 3.2718864003055316e-09
