Number: 838
Error: 2.3756803078245205e-11
A1: [-0.012170378439176415, -0.014534614975028812, 0.018068510284066443, 0.008564947312329964] - [0.0658396591015123, 0.18949951629569647, -0.14531799655801572, -0.11000363543638639] - [-0.09630707418118138, 0.4217725589884387, -0.05347252508767451, -0.2720520451322496] - [-0.001375567295578424, -0.0182712417437183, -0.0038926633568841327, 0.02331425153901124]
A2: [0.16158724160506402, -0.16775426232089316, 0.008501844087369417, -0.002332561454213558] - [0.03548651952872205, 0.20751750498487542, -0.11720963155879531, -0.12579125081869197] - [-0.08621150047889166, 0.5815401240221524, -0.23538673766931398, -0.25993357436469255] - [-0.003834508774622846, -0.0045188388894308335, 0.001110710656251406, 0.007243831518250038]
B1: -1.7935123144470348e-06 - -3.771840258732286e-06 - -3.6881068443647656e-06 - -1.6705771021761434e-06
B2: 3.1879253057053644e-06 - -5.823853867377039e-06 - 6.889722575972925e-06 - -1.1278247824321441e-05
