Number: 4417
Error: 1.3774788993164649e-15
A1: [0.06621309832328129, -0.1139521612051107, -0.023984033573201172, 0.07172278493103958] - [0.037402641543030454, 0.18819339753965902, -0.14740891786204663, -0.07818698125815593] - [-0.060229406390451115, 0.32895076644817756, -0.12775314399685958, -0.14096835633797736] - [0.03904614582399986, -0.053322698703685265, -0.037418603273302986, 0.05169510764203666]
A2: [-0.009108462114167982, -0.34680306488039037, 0.24945520491844317, 0.10645679906885096] - [0.08003987570031937, 0.036282310765815305, -0.05025005768538746, -0.06607190445713161] - [-0.042452796921207715, 0.2308319159609574, -0.04053122139373373, -0.14784781404796105] - [0.06813468941052933, -0.29346795061242764, 0.14177114378351774, 0.08356176025573617]
B1: -5.0456030152127284e-08 - 4.423569506596218e-08 - 1.0908404256570964e-08 - -2.4121499043563065e-08
B2: -2.5450392476264675e-08 - 3.096822942524106e-08 - -5.694070283179683e-09 - -1.898853733878264e-08
