Number: 2362
Error: 1.607166692028306e-05
A1: [0.06760019975242414, -0.044987645229122214, -0.020992783992830007, 0.01136464335529405] - [0.04273402169730538, 0.19025646342806377, -0.14397534998021108, -0.09354581752154284] - [-0.12003201973382145, 0.41878374063823165, -0.1009664080585949, -0.1836334051399801] - [0.042099141774188345, 0.024548492298235303, -0.027599130955605, -0.018113608573038415]
A2: [0.031243729669119185, -0.20528355938360585, 0.05448991239100329, -0.008021638263172908] - [0.027281263700856366, 0.19827225683387986, -0.10376636758445729, -0.12989337385811092] - [-0.08448958548610008, 0.5229816403912806, -0.2161586460015377, -0.18589323811267108] - [-0.0353373277050754, 0.009516540012424165, -0.059113401584391156, 0.04809305053339384]
B1: -0.0010923679596904511 - -0.003123820845197989 - 0.0001671334693303314 - 0.008408334309233916
B2: 0.0022343034022702284 - 0.006716652146374499 - 0.004673241325299314 - 0.005151540912091598
