Number: 5291
Error: 1.8335167833466722e-15
A1: [0.0662131660105349, -0.1139520950304034, -0.023983965939061686, 0.07172285250467543] - [0.03740254576920802, 0.18819330603433143, -0.14740901201500628, -0.0781870754194556] - [-0.060229361908485664, 0.3289508091703934, -0.12775310046950566, -0.14096831304450863] - [0.03904619639991802, -0.053322650698728394, -0.03741855434264199, 0.051695156175296963]
A2: [-0.009108747251542397, -0.34680336736588274, 0.24945491747375376, 0.1064565001184842] - [0.08003993466872779, 0.03628237429158276, -0.05024999323626055, -0.0660718394609159] - [-0.04245268615738689, 0.2308320382062161, -0.0405311026951532, -0.14784769154794244] - [0.06813491830574019, -0.29346769858956295, 0.1417713919270952, 0.08356201688874448]
B1: -9.049079727748743e-08 - -3.271370419362607e-08 - 3.336243451024531e-08 - 3.816840166625059e-08
B2: 2.17894691324064e-08 - 1.4528719081294586e-08 - -2.9110839137949867e-08 - 3.2535329393275255e-08
