Number: 2795
Error: 1.2043823300993667e-09
A1: [0.06334912342597261, -0.04795736299110596, -0.023528437326014378, 0.0077702011129369055] - [0.04365992897555338, 0.19126896221224626, -0.1425663434549049, -0.09251414054772857] - [-0.12328140158298542, 0.41502437717099705, -0.10469449631710773, -0.18690870145174962] - [0.03708759476246087, 0.01925152812268619, -0.03304847280402749, -0.022968052443080398]
A2: [0.06404952150073054, -0.17308070112653368, 0.08693095904051826, 0.024559075590714154] - [0.02951041522133589, 0.20051593170547735, -0.1014904150922895, -0.12765721132065463] - [-0.09328719745479123, 0.5138023964786467, -0.22548311120024717, -0.19497923042912588] - [-0.02616707576144396, 0.018282325924246074, -0.05052805479141798, 0.05674309262815382]
B1: 0.00010337424372253863 - 7.426428044900337e-05 - -2.372482497102504e-05 - 0.0001249735381687879
B2: 7.484029629517078e-05 - 1.5121660685959222e-06 - 0.00011599121330240134 - 7.086695938275521e-05
