Number: 4426
Error: 9.669605532548907e-16
A1: [0.06621313541411863, -0.11395212494312837, -0.023983996511470367, 0.07172282195963153] - [0.037402625573418835, 0.18819338228177765, -0.14740893356140009, -0.07818699695889864] - [-0.060229372850958376, 0.3289507986610186, -0.1277531111770865, -0.14096832369472365] - [0.03904617131779093, -0.053322674505933594, -0.03741857860890725, 0.05169513210616607]
A2: [-0.009108566712869262, -0.34680317584321374, 0.2494550994734299, 0.10645668940286257] - [0.08003987097371311, 0.036282305673908895, -0.05025006285129711, -0.06607190966690617] - [-0.042452797632508914, 0.230831915175923, -0.04053122215599116, -0.147847814834632] - [0.06813473061095868, -0.2934679052489902, 0.14177118844873282, 0.08356180644899315]
B1: -1.2081403521065192e-08 - 3.627752166350751e-08 - 2.5182447704359396e-09 - -2.0781265797048267e-08
B2: -1.1149558936405862e-09 - 1.8708022266089638e-08 - 4.501418551732389e-09 - -6.334758924567313e-09
