Number: 6679
Error: 1.2231567631473595e-15
A1: [0.08043167387701777, -0.18046782155689123, -0.01958886776798248, 0.11962496093183525] - [0.03741557076232698, 0.13359637695052246, -0.134726195411336, -0.03628583432372105] - [-0.0017028414514294967, 0.22819009406860893, -0.12282840505099123, -0.10365893265711514] - [0.038863216134416935, -0.11448103679578155, -0.04641645967882538, 0.12203420966959981]
A2: [0.03530742053677359, -0.02927349838378254, -0.07569737136720739, 0.06966338417004168] - [0.10289374963600875, 0.28289670022166474, -0.3926063972521206, 0.006815994920401427] - [-0.01118717301504949, 0.5390145172275081, -0.3594510846117766, -0.1683765415132049] - [0.09786276913344062, 0.01746328608338637, -0.16885103933372325, 0.0535248466049785]
B1: 9.414232410351084e-10 - 1.811463686248645e-08 - -1.6860044817753957e-08 - -5.9694446744813986e-09
B2: -9.341017521421236e-10 - 7.470513499712574e-10 - 5.251836163480332e-10 - -4.342744857523307e-09
