Number: 2745
Error: 7.524837837728347e-09
A1: [0.06392919122714552, -0.04737969190591562, -0.02295375624576362, 0.008346363728078936] - [0.043889634697566626, 0.19149064649806607, -0.14232985719934638, -0.09226164204263315] - [-0.12277207409190466, 0.41553302279753845, -0.10418119486977283, -0.1863971893494317] - [0.03685001271617023, 0.019013958563879357, -0.033285052792577464, -0.023203814076412404]
A2: [0.06376491771587453, -0.1733633857101715, 0.08664916060389696, 0.02427889693984419] - [0.029373077238601268, 0.2003805671936265, -0.10162731812906226, -0.12779165735938713] - [-0.09339747441495053, 0.513694510237696, -0.22559372303819178, -0.1950859438138673] - [-0.025921579233801048, 0.01852687871252649, -0.05028343534615401, 0.05698276787437564]
B1: 0.00013235892206641116 - -0.00010973269069721416 - -2.902759963136497e-06 - -8.653749036339029e-05
B2: 0.00012277356925496802 - -3.489704311225109e-05 - -0.00025752313946993496 - -5.111625616393894e-05
