Number: 4489
Error: 1.2852564762599873e-15
A1: [0.06621318014438664, -0.11395208121243237, -0.02398395181630997, 0.07172286661482312] - [0.037402626910433626, 0.18819338355920068, -0.14740893224701299, -0.07818699564439453] - [-0.060229389816097385, 0.3289507823669523, -0.12775312777814526, -0.14096834020648374] - [0.03904618693600451, -0.05332265968170369, -0.037418563498800836, 0.05169514709357469]
A2: [-0.009108734408657495, -0.34680335374213056, 0.24945493042077913, 0.10645651358307198] - [0.08003983715888419, 0.03628226924566283, -0.05025009980896701, -0.0660719469383991] - [-0.042452693381293725, 0.23083203023392804, -0.040531110436306264, -0.1478476995368304] - [0.06813461601580079, -0.2934680314231506, 0.14177106421655597, 0.08356167796678834]
B1: 1.9276415694510345e-08 - 2.805095502996251e-09 - 3.8319816096579414e-08 - -6.645345627564271e-08
B2: 2.694040600269144e-09 - -1.2836824254626882e-09 - 2.216506421586685e-08 - -2.513900387541821e-10
