Number: 7
Error: 0.0056071042352935675
A1: [0.0744027379112327, 0.08202341054112659, 0.09241063620315072, 0.06939961307563118] - [0.19428444916181112, 0.3276933895549397, -0.03593750678094073, -0.020514863138540576] - [0.0471672010635687, 0.561817753352487, 0.0786368875188734, -0.1256366404953329] - [0.3443179847074992, 0.3440877616307838, 0.34611790582297897, 0.34691401205298855]
A2: [0.3694059990321617, 0.03571609460200921, 0.20244883637747035, 0.20273560869708526] - [0.2367198678013013, 0.4030815495355922, 0.07088371309807118, 0.06858730109706976] - [0.341405026563597, 1.0077524724791551, 0.17467093941419018, 0.17486166641702355] - [0.5201021161044215, 0.5197270380668686, 0.5182255728469289, 0.5220066282727753]
B1: 0.08444188462519886 - 0.5773569916288488 - 0.023978770091002792 - -0.09523919267985713
B2: 0.04315383509371512 - 0.5569492020035806 - -0.13893271214404912 - -0.0802659211277573
