Number: 6784
Error: 9.232543205221184e-16
A1: [0.08043162916828717, -0.18046786626055736, -0.01958891242325564, 0.11962491622821048] - [0.03741554521821942, 0.13359635142574863, -0.13472622090454667, -0.03628585985367886] - [-0.0017028635717430609, 0.2281900719487676, -0.1228284271389175, -0.1036589547715254] - [0.03886318624958027, -0.11448106659674946, -0.046416489544619674, 0.12203417980333672]
A2: [0.035307415236936736, -0.02927350369827856, -0.0756973764062254, 0.06966337862318751] - [0.10289370563901794, 0.28289665585126583, -0.39260643980543314, 0.006815948849118659] - [-0.01118711048753692, 0.5390145801279708, -0.3594510254281391, -0.16837647562576707] - [0.09786278546257135, 0.017463302486792412, -0.1688510237894519, 0.053524863745253864]
B1: 4.085487033484763e-09 - -6.6000478112265175e-09 - 6.783451596083047e-09 - 4.360001406055438e-09
B2: -4.168763443969297e-09 - 2.439195625239001e-09 - 1.8683574747197743e-09 - 3.359768788574007e-09
