Number: 3354
Error: 4.3433233504340297e-07
A1: [0.06546172671139507, -0.11469688581549281, -0.02475516588192251, 0.0709580784370003] - [0.03853572117144179, 0.1892631404047146, -0.14630746955104681, -0.07708360396792492] - [-0.06268154147427023, 0.326689586388475, -0.13005471697680215, -0.14328017506377574] - [0.04247826919532992, -0.05008021565175778, -0.03411137976138909, 0.05497378260486128]
A2: [-0.008003410912488265, -0.3456327965101836, 0.25068006163938195, 0.1076217191669708] - [0.08074482512986539, 0.03704740316292181, -0.049511665953219486, -0.06529810491318203] - [-0.043557198393470435, 0.2296001138625961, -0.04172617751399717, -0.1490906660451566] - [0.06760580561037101, -0.29405543952962004, 0.14121930315339076, 0.0829599912287831]
B1: -0.0006874169280492561 - 0.0011008897366573949 - 0.00026936950337106764 - -8.362542209720684e-06
B2: -0.0006996687194024553 - 0.0016081336773852812 - -0.0013955367890285107 - 0.0009463973055861489
