Number: 2489
Error: 2.0932404108469364e-06
A1: [0.058940452682016246, -0.05236836350372661, -0.027912559943676394, 0.0033749409034172576] - [0.042594141161017715, 0.1902361253457671, -0.1436744468452356, -0.09369418230790766] - [-0.12569732383084029, 0.412591367733539, -0.10713848422315135, -0.18935161695753583] - [0.03304025807559806, 0.015185202048878573, -0.037103475357235995, -0.027013459346217232]
A2: [0.0629536236993687, -0.17416005256478406, 0.08582999337049639, 0.0234844333182312] - [0.02905002979373877, 0.20006456771813313, -0.10194816076660274, -0.12810617467222132] - [-0.09460283176396063, 0.5125322097216266, -0.2268011942578592, -0.196244184895824] - [-0.028148143913837364, 0.016325288921780114, -0.05251271751651524, 0.05482497299127767]
B1: -0.0004591328391132455 - -0.00028724606259219315 - -0.0005724208568594304 - -0.0001066030055326512
B2: 0.0015838081048635184 - 0.0010490611998857516 - 0.00033031423910106 - 0.0005807144725455743
