Number: 3155
Error: 2.4329146363116007e-05
A1: [0.05909442236244402, -0.05222580348147538, -0.027526292299908592, 0.003981947658122809] - [0.037067451241522074, 0.18490463730788395, -0.1493142503153808, -0.09977927486970348] - [-0.13129049701644477, 0.4070606357019657, -0.11241917227858679, -0.1943646054422756] - [0.03230638117546112, 0.014258626735911401, -0.03801607664283979, -0.027434087633793278]
A2: [0.07202677091861098, -0.1653786198651926, 0.09476047355024506, 0.03148659912141009] - [0.02579985544920782, 0.1968074497025509, -0.10519466675328434, -0.13138512462208587] - [-0.11046962483261756, 0.4971238479101877, -0.2426762161863121, -0.21140698544533756] - [-0.05365204743101254, -0.008606705661278455, -0.07792712913657746, 0.030394729562185162]
B1: -0.0014043834092911586 - -0.00030735816399288197 - 0.006720310659609633 - 0.008691563855519531
B2: 0.0041876243960962765 - 0.001360528427534592 - 0.0047637025124013695 - 0.006863623939321249
