Number: 4735
Error: 9.407082148639219e-16
A1: [0.06621321892142083, -0.11395204330192261, -0.023983913069711503, 0.07172290532675717] - [0.037402635853810984, 0.18819339210400646, -0.1474089234549902, -0.07818698685159785] - [-0.060229320440758266, 0.32895084899817684, -0.12775305989152066, -0.14096827268483977] - [0.03904623728359114, -0.05332261189364438, -0.037418514789165226, 0.051695195407650156]
A2: [-0.009108700852512749, -0.3468033181442615, 0.2494549642483729, 0.10645654876483315] - [0.08003994041241683, 0.03628238047923788, -0.05024998695876176, -0.06607183313001405] - [-0.042452844950337756, 0.2308318629531077, -0.04053127286349322, -0.14784786716632453] - [0.06813467924352448, -0.2934679618066561, 0.14177113276138645, 0.08356174885676874]
B1: 2.3233263895341438e-08 - 3.2459863317379394e-08 - -8.790867069619807e-09 - -2.6252829542592814e-08
B2: -8.754894663697505e-11 - 2.0891545612813007e-09 - -3.049281792486825e-09 - -3.665355149133644e-09
