Number: 6592
Error: 9.866375221771818e-16
A1: [0.08043168049652845, -0.18046781493813022, -0.019588861156386837, 0.11962496755058985] - [0.03741557970504873, 0.13359638588647493, -0.13472618648643225, -0.03628582538595269] - [-0.0017028095804382277, 0.2281901259389227, -0.12282837322666511, -0.10365890079463021] - [0.03886321932374695, -0.11448103361540353, -0.04641645649152691, 0.12203421285694804]
A2: [0.03530743455746793, -0.029273484324308787, -0.07569735803651279, 0.06966339884422174] - [0.10289373891409134, 0.2828966894087484, -0.39260640762221677, 0.006815983692983978] - [-0.011187102146013136, 0.5390145885192517, -0.35945101753271463, -0.16837646683600246] - [0.09786280357345413, 0.017463320680056873, -0.16885100654906807, 0.053524882755790315]
B1: 1.1531093896318098e-09 - -8.902699010787896e-10 - 1.761139287142292e-09 - 1.7245849343172007e-09
B2: 1.724730497144015e-11 - -3.1043820355301864e-09 - 1.2854284756898936e-08 - -4.7324853405829605e-09
