Number: 3144
Error: 1.4549986048597373e-05
A1: [0.0633520779267184, -0.04802970164040957, -0.02352438310213881, 0.007916280067125818] - [0.047722333318057565, 0.19513116827940855, -0.1383762039283795, -0.0880948765571928] - [-0.11754075675022685, 0.42059428438931007, -0.09895156477123472, -0.1810563276325753] - [0.04936032945449226, 0.031182556703280268, -0.0211059779171548, -0.010631057095804926]
A2: [0.06272291081286423, -0.17430061638105684, 0.08541790975704316, 0.02282452822282129] - [0.03785810168312992, 0.20871477855233672, -0.09313939195175518, -0.11951415924224706] - [-0.1008430835081805, 0.5064062641986247, -0.23308752224782914, -0.20228932676949324] - [-0.03528914346433133, 0.009313312409434326, -0.05962691365999725, 0.047787211812584524]
B1: -0.003787225602783386 - -0.005936415260600612 - 0.0001994849149972609 - 0.0010854009002207142
B2: 0.0005349089614606417 - 0.004452487036400973 - -0.0004333925970271893 - 0.0005272790606870026
