Number: 9125
Error: 6.868371464180632e-06
A1: [0.07200024097270517, -0.12950001534280564, -0.008227138141310583, 0.14023634900829737] - [0.0087956562200155, 0.13438887405753375, -0.11014509433342548, -0.018915718661969505] - [-0.017698627695891655, 0.2201617978179088, -0.13011761742306235, -0.0843063025717325] - [0.03768606432988219, -0.08950057702075646, -0.03870252062101149, 0.13287977137627907]
A2: [0.07687410449337828, -0.08484087131859364, -0.13495439241571433, 0.09507516451845394] - [0.11120962344003993, 0.25217796498751827, -0.40252274583385855, 0.048562414782744964] - [0.028151239337119, 0.45433499677019495, -0.3856888620440598, -0.1300559692925292] - [0.15600539833880178, -0.032168991504471965, -0.1895074164683296, 0.11530464078224392]
B1: -0.003894065342367643 - 0.0019368496328340751 - 0.003941882061138971 - 0.004688181638523747
B2: -0.003234439750063229 - 0.004435281245660966 - 0.007418464760880557 - 0.0010260420298142787
