Number: 3619
Error: 1.858124194752071e-13
A1: [0.06621455769511679, -0.11395073443246313, -0.023982575360267617, 0.07172424185301131] - [0.037405124196707565, 0.1881957695458921, -0.14740647722184827, -0.07818454040219759] - [-0.06022719321022519, 0.3289528921122345, -0.1277509782787633, -0.14096620230229384] - [0.03904785635459943, -0.05332107514482746, -0.03741694841083161, 0.05169674906840532]
A2: [-0.00910534588606286, -0.3467997590759768, 0.2494583463598239, 0.10646006622014964] - [0.08003970059179662, 0.036282122135885664, -0.05025024906747303, -0.0660720974529002] - [-0.042451779954455086, 0.23083303832879287, -0.04053013160340624, -0.14784668932751413] - [0.06813754333513258, -0.2934648083327236, 0.14177423772540637, 0.08356496002852848]
B1: 3.5047838314650214e-07 - 8.16914415827698e-07 - -2.233113514738775e-07 - 7.059732274592798e-07
B2: 4.3886491591315683e-07 - -8.514829082251255e-07 - 5.371039821207371e-07 - 1.1578309865253528e-06
