Number: 8084
Error: 1.1479986525081193e-15
A1: [0.08043170235917244, -0.18046779307796773, -0.019588839319891343, 0.11962498941073603] - [0.037415566290895964, 0.13359637248247666, -0.13472619987379306, -0.03628583879265107] - [-0.0017028142402037158, 0.22819012127925217, -0.12282837787960345, -0.1036589054531457] - [0.03886323377190345, -0.11448101920779863, -0.046416442052578444, 0.12203422729612477]
A2: [0.03530734066319304, -0.02927357847827056, -0.07569744731014255, 0.069663300573824] - [0.10289377569624944, 0.28289672650308717, -0.39260637204695076, 0.00681602220923936] - [-0.011187018857152082, 0.539014672304845, -0.35945093869784905, -0.16837637907179023] - [0.09786280787967011, 0.01746332500584627, -0.16885100244981527, 0.05352488727589586]
B1: -3.8557693253062626e-08 - 7.1430737949234265e-09 - 2.8454162355736715e-08 - 6.88898985083137e-09
B2: 1.5765101995069986e-08 - -1.3876546715312763e-08 - 6.025661279027405e-09 - 5.180114852184556e-09
