Number: 886
Error: 1.3092567746254935e-09
A1: [-0.012201607664682661, -0.014566734066979089, 0.01803397614938505, 0.008531551031469306] - [0.06579737715852332, 0.18945884485922984, -0.14536171160831288, -0.11005071022605914] - [-0.09626722261281823, 0.421811062178409, -0.05342928695596223, -0.2720056189180281] - [-0.0011271777634796407, -0.01803234887038413, -0.0036282585311152764, 0.02360136906030473]
A2: [0.1615607533221405, -0.1677801848900719, 0.008475931578405614, -0.0023582917210417586] - [0.03549423100353036, 0.2075250992373339, -0.11720194948230746, -0.12578370333663133] - [-0.08622979494378333, 0.5815222626229273, -0.2354045066242061, -0.25995134309374035] - [-0.003791635747815593, -0.004476647736518269, 0.0011531609450616406, 0.007284878042859005]
B1: -8.862558553662426e-06 - 1.79165489830297e-06 - -1.0679307086838614e-05 - -1.0659668734278552e-05
B2: 1.69603661935715e-05 - -7.668749325483233e-05 - -5.090847124832938e-06 - -6.94631581840921e-05
