Number: 7697
Error: 1.0953650672894406e-15
A1: [0.08043166754401497, -0.18046782788918456, -0.01958887409340657, 0.11962495459955892] - [0.037415559988739334, 0.13359636618508303, -0.13472620616344125, -0.03628584509133589] - [-0.0017028406983443515, 0.2281900948216754, -0.12282840429900359, -0.10365893190422532] - [0.038863211576226867, -0.11448104134119075, -0.04641646423410623, 0.12203420511424345]
A2: [0.035307325577541945, -0.029273593605640233, -0.07569746165335668, 0.06966328478502859] - [0.10289364666138859, 0.28289659637311176, -0.3926064968478651, 0.006815887091008012] - [-0.011187131673122627, 0.5390145588160198, -0.35945104548077805, -0.16837649794973283] - [0.09786277199939529, 0.017463288962384946, -0.16885103660555342, 0.05352484961333795]
B1: 3.511952373260313e-08 - -1.4040285480923834e-08 - -2.8787502233893e-08 - -1.062023330727973e-08
B2: -5.785239610304207e-09 - -3.04235730939943e-09 - -9.096689968503784e-09 - -3.406240778778717e-09
