Number: 6154
Error: 9.504438733478827e-16
A1: [0.08043161854571554, -0.1804678768819228, -0.019588923033123897, 0.11962490560685544] - [0.03741553126441034, 0.1335963374825027, -0.13472623483055168, -0.03628587379975404] - [-0.001702911579201402, 0.2281900239423383, -0.12282847507608519, -0.10365900276617203] - [0.038863125767712954, -0.11448112690887836, -0.046416549987946656, 0.12203411935906154]
A2: [0.03530747730676777, -0.0292734414567704, -0.07569731739104803, 0.06966344358602666] - [0.10289380853101468, 0.2828967596165227, -0.39260634028965735, 0.006816056592105108] - [-0.011187052894052626, 0.5390146380649856, -0.35945097091469863, -0.16837641493747] - [0.09786281717810626, 0.01746333434659234, -0.16885099359832714, 0.05352489703625203]
B1: -1.1399028073068577e-08 - 1.5740929434403066e-08 - -2.3961404374131996e-08 - -8.766870242290886e-09
B2: 2.8138895422039908e-08 - 2.4832877043886784e-08 - -8.274361960214454e-08 - -4.745227131813161e-09
