Number: 3438
Error: 1.2547465001243632e-08
A1: [0.0665875761063073, -0.11358665899838107, -0.023610621603125166, 0.07209625686023409] - [0.03800212463347799, 0.18876616057225531, -0.14681944318560297, -0.0775973952899921] - [-0.06033733587244146, 0.3288468436634009, -0.1278590758477646, -0.14107425990611244] - [0.03856602957206974, -0.05377752317612234, -0.037882374879024426, 0.05123445921345272]
A2: [-0.009213440061106361, -0.3469140078951912, 0.24934970479096014, 0.10634820434711106] - [0.08012266021162005, 0.036371430979588275, -0.05015987710556668, -0.06598091906208876] - [-0.04211434893456189, 0.23120492232139703, -0.040168846362366686, -0.14747374430357077] - [0.06808774264038028, -0.29351981201727445, 0.14172098049938284, 0.08350998378150078]
B1: -3.085679451060198e-05 - 0.00020578742730282214 - -0.00015246266128867794 - -4.93921664913425e-05
B2: 0.00027173031832012295 - -1.4857036693255432e-05 - -2.068028721935868e-05 - -0.0002924228021699605
