Number: 7927
Error: 1.1862388360682947e-15
A1: [0.08043173276988819, -0.18046776267070216, -0.019588808945535885, 0.11962501981797691] - [0.03741549704200025, 0.13359630328598812, -0.13472626898473028, -0.036285908003196254] - [-0.0017028083086466556, 0.22819012721068133, -0.12282837195673002, -0.1036588995231718] - [0.03886324397854244, -0.11448100902981043, -0.04641643185244435, 0.12203423749641701]
A2: [0.035307371321578615, -0.02927354773507024, -0.0756974181604615, 0.06966333266108007] - [0.10289366927453346, 0.28289661917818315, -0.3926064749767161, 0.006815910770264611] - [-0.011187106298162391, 0.5390145843423124, -0.3594510214628088, -0.1683764712112766] - [0.09786276283550803, 0.017463279756812545, -0.16885104532899475, 0.05352483999425432]
B1: -2.0794012843753326e-08 - -8.659010533016322e-09 - 4.216729757047643e-09 - -7.952739192624596e-09
B2: 2.4580790164036493e-08 - -7.295223759840868e-08 - 1.2006982752572679e-08 - -1.170628780901808e-09
