Number: 539
Error: 6.957516512718641e-14
A1: [-0.012154840987815222, -0.014518656471984998, 0.018085683859890008, 0.00858155089684644] - [0.06583613186477248, 0.1894961232388664, -0.1453216434156765, -0.11000756265398555] - [-0.09629188070756951, 0.4217872432447984, -0.05345603834563034, -0.27203434393507786] - [-0.0013209937279293892, -0.018218757735715706, -0.003834571551717656, 0.02337732904459027]
A2: [0.16158653595841793, -0.16775495463455772, 0.00850115277152277, -0.0023332496901270145] - [0.035485827169149706, 0.20751682375142663, -0.11721032100724499, -0.12579192816058862] - [-0.08621374193778278, 0.5815379285665054, -0.23538891856967237, -0.2599357605252932] - [-0.0038342424771826496, -0.004518577035762602, 0.001110974279506401, 0.007244086222669661]
B1: 1.4544192085840501e-07 - 2.4970964084243917e-07 - 2.587057508492301e-07 - 2.1403287217236496e-07
B2: 7.618653181705783e-07 - 2.8059441243657165e-07 - -3.844037876215275e-07 - 1.542166186086869e-07
