Number: 8478
Error: 1.228730400919621e-15
A1: [0.08043167030024012, -0.18046782513325516, -0.01958887134051579, 0.11962495735546211] - [0.03741553867329779, 0.13359634488576644, -0.1347262274363166, -0.036285866394924884] - [-0.0017028108187312787, 0.2281901247006521, -0.12282837446314376, -0.10365890203257966] - [0.0388631908746516, -0.11448106198462706, -0.046416484922485644, 0.12203418442555798]
A2: [0.0353074932728146, -0.02927342544653467, -0.075697302210557, 0.06966346029604181] - [0.10289383189368567, 0.2828967831774993, -0.39260631769343257, 0.006816081056047961] - [-0.011186973875720133, 0.5390147175545391, -0.359450896121772, -0.1683763316734884] - [0.09786286762009878, 0.0174633850179973, -0.16885094558065675, 0.05352494998373173]
B1: -4.0023564948994e-09 - 1.264408288606865e-08 - -2.158830622613849e-08 - 1.2432890768459187e-09
B2: -2.4027980997018073e-08 - 5.7438373818627146e-09 - -3.611105074324529e-08 - -7.843525054923816e-09
