Number: 3370
Error: 1.3947313600248304e-07
A1: [0.06574861791034117, -0.11440786449193667, -0.02445204899790989, 0.07125713425915747] - [0.03991804661897522, 0.19059368160478116, -0.14493946134459526, -0.07571700694525796] - [-0.058548838020856836, 0.33059134704325677, -0.1260881115229489, -0.1393224787766326] - [0.03702682321457865, -0.0552437771369418, -0.03937540740335267, 0.04975151078373076]
A2: [-0.008383059098338771, -0.34603375687082566, 0.2502429729936654, 0.10721654492439046] - [0.08084349376242829, 0.03714947760092589, -0.04937576048285094, -0.06518978074103467] - [-0.04073451643476976, 0.2327282407160617, -0.038679551365743164, -0.14595656224548784] - [0.0703442776000594, -0.2910315341153566, 0.14419791779720054, 0.08603820453800916]
B1: 0.0005198073990965811 - -5.613286736634713e-05 - -0.00015536095389816445 - -0.00012022128953182889
B2: -8.94864460348071e-05 - 0.000314458687330682 - 0.000605350258099662 - -0.0003459717222542119
