Number: 426
Error: 1.1630102211655668e-11
A1: [-0.012175557105411301, -0.014539933820418956, 0.018062786670219627, 0.00855941365027707] - [0.06584529052445065, 0.1895049335437029, -0.14531217410870562, -0.10999736545338393] - [-0.09628990012904409, 0.42178915801188466, -0.053453888748734114, -0.2720320360481233] - [-0.001321595035821587, -0.01821933541844508, -0.003835211129218347, 0.023376634489380467]
A2: [0.16159233271995793, -0.1677492672237786, 0.008506833093962907, -0.0023275981977421752] - [0.03548013416214847, 0.20751122220757676, -0.1172159901297382, -0.12579749737428428] - [-0.08621087745073433, 0.581540734530202, -0.2353861309113634, -0.2599329668918006] - [-0.003830947400860123, -0.004515336627297167, 0.0011142359656158977, 0.007247239054073009]
B1: 2.8012648184971535e-06 - 5.669021057826532e-06 - -3.09071928722566e-06 - 2.691332327721417e-06
B2: 8.170338966820827e-06 - 2.5832855586910614e-06 - 1.1770333716805808e-06 - 1.6835730659955088e-06
