Number: 3166
Error: 6.594201183350634e-05
A1: [0.061285037701586546, -0.049513339471963146, -0.02491176568374659, 0.006749726478177465] - [0.04552383065314219, 0.19318229859163455, -0.14048889822388247, -0.09032233464157403] - [-0.1368490372916104, 0.4025029223058658, -0.11719976349381438, -0.19884953742994638] - [0.02842176419922533, 0.011698306441045862, -0.04088212742895912, -0.029952646270042307]
A2: [0.06549199681442733, -0.17258465489643962, 0.08908286240041297, 0.026312257523053356] - [0.02449586781668004, 0.19550048343331258, -0.10649711904842542, -0.13267392211077772] - [-0.0699801464281622, 0.5369295613547048, -0.20220282602926742, -0.1718527311770405] - [0.0071868772920426725, 0.0521624732818961, -0.017394118436697338, 0.08981791399357184]
B1: 0.016762970091298412 - -0.005335433795212794 - -0.011318941455979108 - -0.01702418674817865
B2: -0.00111896123419502 - -0.006620238499334995 - 0.003029966763550846 - 0.009352959072386435
