Number: 3999
Error: 1.0381656713995866e-15
A1: [0.06621317857295332, -0.1139520827487272, -0.023983953386487865, 0.07172286504604296] - [0.03740259160360467, 0.18819334982592867, -0.14740896695634256, -0.07818703035677171] - [-0.06022939496459325, 0.3289507774221291, -0.1277531328161338, -0.14096834521745225] - [0.039046263975678785, -0.05332258655865915, -0.037418488965554726, 0.051695221021592686]
A2: [-0.009108674561844268, -0.34680329025418793, 0.24945499075187477, 0.10645657632909737] - [0.08003977747020409, 0.03628220494381953, -0.050250165045331814, -0.0660720127287264] - [-0.042452885537655694, 0.23083181815830794, -0.04053131635867331, -0.14784791205451578] - [0.06813471799092856, -0.29346791914426984, 0.1417711747673586, 0.08356179229952089]
B1: 2.569779891220501e-08 - -9.787409490466669e-09 - 2.134804387512346e-08 - 1.1255885697535903e-08
B2: 4.908631633030774e-09 - -1.9908172423206328e-08 - 1.504425295045725e-08 - 4.553118773350504e-08
