Number: 6720
Error: 9.115269438519774e-16
A1: [0.08043167472187253, -0.18046782071213213, -0.019588866924137936, 0.11962496177659347] - [0.03741558129738063, 0.13359638747760239, -0.13472618489727353, -0.036285823794503125] - [-0.00170283018319413, 0.2281901053366039, -0.12282839379925406, -0.10365892139188695] - [0.03886322215354088, -0.11448103079354967, -0.0464164536635369, 0.1220342156849828]
A2: [0.03530742693843247, -0.029273491964417527, -0.0756973652805933, 0.0696633908700736] - [0.10289375892060534, 0.28289670958506075, -0.3926063882721811, 0.006816004642732396] - [-0.011187132995275541, 0.5390145574859834, -0.35945104673219913, -0.16837649934296162] - [0.09786278486385526, 0.017463301885353392, -0.16885102435938984, 0.053524863116796426]
B1: -4.261308718001799e-09 - 4.581667020755496e-09 - -1.2748236219581552e-08 - -7.447294667233136e-09
B2: -4.990264020685021e-09 - -3.898490338789115e-09 - -4.145291191887004e-09 - -3.91371379855043e-09
