Number: 7968
Error: 8.798114901501806e-16
A1: [0.08043169260171029, -0.18046780283433042, -0.019588849065684078, 0.11962497965438736] - [0.03741549760206872, 0.13359630384563925, -0.134726268425768, -0.03628590744343303] - [-0.0017028113829489354, 0.22819012413644552, -0.1228283750265302, -0.10365890259665296] - [0.038863230357027156, -0.11448102261309735, -0.04641644546527741, 0.1220342238833691]
A2: [0.035307497400984045, -0.029273421306968313, -0.07569729828560234, 0.06966346461667133] - [0.10289373721354597, 0.2828966876937818, -0.39260640926695073, 0.0068159819122713666] - [-0.011187174782184141, 0.5390145154498184, -0.35945108628452505, -0.16837654337517247] - [0.09786279109276032, 0.017463308142584552, -0.1688510184298899, 0.053524869655131986]
B1: 1.555662593468229e-08 - -1.9027794259002383e-08 - -3.399559062730333e-08 - -1.5388739597879797e-08
B2: 6.147393691460826e-09 - -5.1329991001972446e-08 - 1.3138796491256111e-08 - 7.424135424271714e-10
