Number: 2480
Error: 1.051170767359426e-07
A1: [0.06639794453411044, -0.04494857021412023, -0.020524898856870605, 0.010773822576322912] - [0.04405854941940765, 0.19164562551656625, -0.1421715125370263, -0.09208774733397333] - [-0.11803664899654713, 0.42021244100693805, -0.09945957707801849, -0.18170117416911807] - [0.0416015947277789, 0.023752134559002516, -0.02855876244851794, -0.018511281262547807]
A2: [0.06250176832346879, -0.17461271101649137, 0.0853694989582096, 0.023039119576502513] - [0.030604114443929135, 0.2015930426744833, -0.10039918126214377, -0.12658564140982026] - [-0.09207564933672267, 0.5150180552921055, -0.2242602766591975, -0.19379172420093235] - [-0.024447233160896677, 0.02000585614773102, -0.04879985193864107, 0.05843455984356156]
B1: 0.00046868702696589454 - 0.00016533506390887544 - 0.00038453631776263185 - 0.00014890931767054262
B2: 0.00010687382390847032 - 0.0009946247636825585 - 2.1934267810316387e-05 - 0.00029659426725367824
