Number: 7804
Error: 1.1814876709238086e-15
A1: [0.08043168421077948, -0.1804678112243067, -0.019588857446572076, 0.11962497126441941] - [0.03741556164121893, 0.13359636783631168, -0.13472620451425193, -0.036285843439771266] - [-0.001702838290718845, 0.2281900972292502, -0.12282840189490424, -0.10365892949724251] - [0.0388632344335261, -0.11448101854803705, -0.04641644139137407, 0.12203422795733558]
A2: [0.035307431518125015, -0.02927348737203869, -0.07569736092628838, 0.06966339566322466] - [0.10289376656046056, 0.28289671728977617, -0.39260638088298383, 0.006816012642761433] - [-0.011186988150642882, 0.5390147031945275, -0.3594509096334651, -0.16837634671526666] - [0.09786286201052602, 0.01746337938293813, -0.16885095092068966, 0.05352494409561826]
B1: 1.1293453784640824e-08 - -1.6400006508241854e-08 - 2.694797950507322e-08 - 1.716906600013349e-08
B2: 2.5747806894091366e-08 - -3.3856240792887616e-08 - 2.240011770039249e-08 - 2.1984633245705825e-08
