Number: 6319
Error: 9.712059310290332e-16
A1: [0.08043168455621473, -0.18046781087890088, -0.0195888571015533, 0.11962497160981429] - [0.03741559510857777, 0.13359640127834835, -0.13472617111359392, -0.036285809990953946] - [-0.0017027911411524532, 0.2281901443778159, -0.1228283548143788, -0.10365888236026473] - [0.0388632584707237, -0.11448099457828759, -0.0464164173694964, 0.12203425197959551]
A2: [0.03530740247514195, -0.029273516495373915, -0.07569738853995801, 0.06966336526656648] - [0.10289381053160435, 0.28289676163409117, -0.39260633835471026, 0.006816058687009141] - [-0.011187114249066946, 0.5390145763440078, -0.3594510289885095, -0.1683764795894271] - [0.09786283787597468, 0.017463355138608493, -0.1688509738953023, 0.053524918762286086]
B1: 7.196051668731106e-09 - 5.625772305816e-09 - 3.297347243476812e-08 - 1.3738179002718292e-10
B2: 3.447790691277117e-10 - 6.807605625286995e-10 - 2.9266928355122835e-08 - 1.6973214678918323e-08
