Number: 6838
Error: 1.3219061251719858e-15
A1: [0.08043167202076254, -0.1804678234129357, -0.019588869622019157, 0.11962495907579156] - [0.037415552778276476, 0.13359635898008299, -0.13472621335955334, -0.03628585229780975] - [-0.0017028666239777255, 0.2281900688965975, -0.12282843018668331, -0.1036589578229456] - [0.03886319614432955, -0.11448105672976933, -0.04641647965617551, 0.12203418969193616]
A2: [0.03530745074961714, -0.02927346808737481, -0.07569734264122592, 0.06966341579106351] - [0.10289379261560229, 0.2828967435660293, -0.39260635568282154, 0.0068160399263168915] - [-0.011187131399484924, 0.5390145590912915, -0.3594510452217505, -0.1683764976614192] - [0.09786281146298847, 0.017463328605476575, -0.1688509990387403, 0.05352489103723037]
B1: 1.2755693052817796e-09 - 7.475067946502967e-09 - -1.580976659620572e-08 - -4.231935081149449e-09
B2: 1.3178254210855222e-08 - -1.666897638181079e-09 - -1.3516822104609053e-08 - -1.860182006266621e-09
