Number: 1513
Error: 4.119836339240901e-09
A1: [-0.007275997666811588, -0.015083184300620557, 0.0029047944751363773, 0.019363517729983473] - [0.06652702381890017, 0.1895960260982738, -0.14704494829163015, -0.11019579942694385] - [-0.11230407916608857, 0.44206087654735043, -0.0704963473448745, -0.25779522102130314] - [-0.02421333877930335, 0.014514567122229658, -0.03079605982391733, 0.0380208154249444]
A2: [0.1317701616820334, -0.22444733625387617, 0.0228471767817445, 0.07034066174746793] - [0.0326085579687789, 0.20371207370209765, -0.11492581958976877, -0.12149444356060135] - [-0.09468134703967897, 0.5554819996005067, -0.235260620753989, -0.22569338762917762] - [-0.02072467190063486, -0.019174602994760905, 0.008219445961475877, 0.032280180523251246]
B1: 4.4507269477190805e-05 - -9.312136414484533e-05 - 6.20249475223238e-05 - -3.9539430256527125e-05
B2: -6.149677792767343e-05 - -0.00014652226119547142 - -8.02104289852504e-05 - 0.00010489135975765678
