Number: 9717
Error: 2.714459537025497e-15
A1: [0.053172663929177966, -0.14800115714520715, -0.026998933657418022, 0.1218279358257552] - [0.005313810786358289, 0.13083678533314497, -0.11360065281718718, -0.022549672278616026] - [-0.014444360210094473, 0.22309173723848327, -0.12704106332258844, -0.08160581659101668] - [0.0271466163865028, -0.10001988174780195, -0.0494243517792978, 0.1222982770916104]
A2: [0.08925437559206949, -0.07291345582014, -0.12362750457817949, 0.10728629630482395] - [0.10884145598452644, 0.24981390824861668, -0.4048455569441117, 0.04618920268344848] - [0.03663551530193471, 0.46255470495800777, -0.37771785654645024, -0.12147368846027334] - [0.14342622569421398, -0.04460683005525873, -0.20149973809016677, 0.10267965190937194]
B1: 3.83911634267324e-08 - 3.3843778223097074e-08 - -8.5122280973228e-08 - 2.9038468776831368e-08
B2: -3.403852290289644e-08 - -4.805867151207667e-09 - -6.19968594824388e-08 - -3.547261947511436e-08
