Number: 4113
Error: 8.355329371999596e-16
A1: [0.06621319104280819, -0.11395207055753048, -0.023983940926418916, 0.07172287749497243] - [0.03740263975276196, 0.18819339582917607, -0.14740891962202657, -0.07818698301827622] - [-0.060229387485878395, 0.3289507846050254, -0.12775312549791124, -0.14096833793857863] - [0.03904619023226953, -0.05332265655309409, -0.0374185603098286, 0.05169515025663168]
A2: [-0.009108603245788221, -0.3468032145989605, 0.24945506264494396, 0.10645665110011633] - [0.08003983185375482, 0.03628226353049345, -0.050250105607194395, -0.06607195278588057] - [-0.04245278277062263, 0.23083193157841692, -0.04053120622945067, -0.14784779839802994] - [0.0681347500752743, -0.29346788381797256, 0.14177120954990738, 0.08356182827204384]
B1: -2.1985044352125009e-10 - 1.2020751934345531e-08 - 1.782570439120421e-08 - -4.1082601383600795e-09
B2: -4.909359942785293e-09 - 3.8646729547592814e-09 - 1.628422413346526e-08 - 1.3794368540152471e-08
