Number: 2598
Error: 9.354779092387471e-09
A1: [0.06260953590893757, -0.048689156367270885, -0.024258684250569977, 0.007038923324596231] - [0.04372278515013484, 0.19132968258677457, -0.14250159505612212, -0.09244532156622211] - [-0.12357526774728163, 0.4147406720204883, -0.10498004494440112, -0.18719284234326813] - [0.0362700292885389, 0.018439895600252384, -0.0338605154097121, -0.023776208728674586]
A2: [0.062948323370461, -0.1741813828438487, 0.08583778284134314, 0.023472081222708024] - [0.02915131876884208, 0.20016180604099468, -0.10184846099725228, -0.12800909013467723] - [-0.09407011588636788, 0.5130330021831935, -0.22627008818690145, -0.1957382752522004] - [-0.02655911431856676, 0.017894719931747464, -0.05092576886270834, 0.05635937758918057]
B1: -3.180881852559572e-05 - 6.214083715515493e-05 - 3.3498915984233446e-05 - 7.286760542964246e-05
B2: -9.969751050434162e-05 - 0.00012186698530717617 - -8.034325345129324e-05 - 2.473994050376895e-05
