Number: 590
Error: 2.5354397028230887e-14
A1: [-0.01215334743240121, -0.014517122438953083, 0.01808733468961834, 0.008583146932757631] - [0.06583533553892293, 0.1894953572071073, -0.14532246674709987, -0.11000844928315143] - [-0.09629329224496794, 0.4217858790164104, -0.05345757003676094, -0.2720359884486626] - [-0.0013211500403495894, -0.018218908066748047, -0.0038347379422375327, 0.02337714837053308]
A2: [0.1615868289101034, -0.16775466719876153, 0.008501439816621848, -0.0023329641071813453] - [0.035485796154486084, 0.20751679323493571, -0.11721035189196514, -0.1257919585016467] - [-0.08621376864858296, 0.581537902404429, -0.23538894455775258, -0.2599357865730803] - [-0.0038347480036678627, -0.004519074154671321, 0.001110473933576275, 0.007243602574087131]
B1: -1.8810437053491882e-08 - 1.5366276694484968e-07 - 1.3326488406607315e-07 - -5.2322819895426504e-08
B2: 4.013290498906554e-07 - 9.182055637688764e-09 - -8.282904079799659e-07 - 3.6110809418409054e-07
