Number: 4098
Error: 5.358451731996136e-16
A1: [0.06621318483875768, -0.11395207662294059, -0.02398394712560061, 0.071722871301334] - [0.03740262433171825, 0.18819338109541622, -0.14740893478209505, -0.07818699817968446] - [-0.060229348383338106, 0.3289508221608531, -0.12775308723447695, -0.1409682998809457] - [0.03904618988103474, -0.05332265688647417, -0.03741856064963894, 0.05169514991958291]
A2: [-0.009108567649035264, -0.34680317683636325, 0.24945509852971492, 0.1064566884213744] - [0.08003983240582312, 0.0362822641252292, -0.05025010500381494, -0.06607195217737784] - [-0.042452855338475225, 0.23083185148801597, -0.040531283996039745, -0.14784787865535365] - [0.06813482301143743, -0.2934678035120574, 0.14177128861976224, 0.08356191004698603]
B1: 1.4993990643693975e-08 - 1.3256272241386126e-09 - -1.6657252451574323e-08 - 1.6839635417091514e-08
B2: -1.5316738126186786e-11 - 7.364908687185062e-09 - 3.168322671456956e-09 - 8.213518696955458e-09
