Number: 9358
Error: 2.3631987955499632e-11
A1: [0.05316240844574869, -0.14801141370117446, -0.027009176331795188, 0.12181767797109602] - [0.005336309711460134, 0.13085930483868113, -0.11357815849700156, -0.022527142725334702] - [-0.014422208360134036, 0.22311389785760813, -0.12701892814108579, -0.08158365528194417] - [0.027135531692411084, -0.10003096459003337, -0.04943545818722608, 0.12228716685621184]
A2: [0.08924866763272359, -0.07291915312827923, -0.123633085989571, 0.10728051795019813] - [0.10883377160458013, 0.24980622479861012, -0.40485309027651295, 0.04618139104162693] - [0.036619536936365674, 0.4625388094937914, -0.3777334469453699, -0.12148983229737016] - [0.14339875414154812, -0.04463419787306302, -0.20152656234920133, 0.1026517735547902]
B1: -4.527175361149318e-06 - -7.2718337689834435e-06 - -2.6742226711881988e-06 - -5.000610712023265e-07
B2: -3.1950373699837435e-06 - -1.5604159477380688e-05 - -2.8176649463317174e-07 - -1.8133051296923236e-06
