Number: 2661
Error: 1.5427816057309794e-08
A1: [0.0638399850876888, -0.04746886097504577, -0.02304219361578094, 0.008257915437381065] - [0.043925903207331085, 0.19152529654462458, -0.14229266411029695, -0.09222193688918848] - [-0.12232706075442598, 0.4159786405621526, -0.1037306064082057, -0.18594764486302592] - [0.037339653500753654, 0.019505173869990323, -0.03279523271093816, -0.02271620526535089]
A2: [0.06396500542928925, -0.1731649193049195, 0.0868502503576105, 0.02447736360779128] - [0.029495863571447234, 0.20050142137119495, -0.10150518932919703, -0.12767162857275186] - [-0.0929072662988754, 0.5141757224964856, -0.2251038692855495, -0.19461036156938402] - [-0.025396523040589494, 0.019049469163144758, -0.049760035392669114, 0.05749483176437534]
B1: 1.6288840953210284e-05 - 1.8629255017838627e-05 - 8.790738334698641e-05 - 0.0001054438883957423
B2: 6.23263650410215e-05 - -4.3574669672049774e-05 - 0.00012249569949580795 - 0.0002677511573137834
