Number: 5514
Error: 7.2196347200001685e-12
A1: [0.06621290074674566, -0.11395235435459515, -0.02398423099216194, 0.07172258768846955] - [0.037400893015015674, 0.18819172694566524, -0.14741063679968763, -0.07818870034848856] - [-0.06023024781554709, 0.32894995832590646, -0.1277539673557353, -0.14096917526685734] - [0.03904736160844094, -0.053321544709987484, -0.03741742704836083, 0.05169627431491746]
A2: [-0.009106195489176272, -0.34680066036673934, 0.24945748988602617, 0.10645917552524894] - [0.08004028581583068, 0.03628275257726151, -0.0502496094536605, -0.06607145240341322] - [-0.042449896738873026, 0.23083511675985538, -0.04052811344718419, -0.14784460655552414] - [0.06813789924883129, -0.2934644164650083, 0.14177462354807294, 0.08356535907723388]
B1: -8.589901833720489e-07 - -1.0902589183077802e-06 - -2.04575537982578e-06 - -1.938144098299227e-06
B2: 1.0663307845727456e-06 - 2.7353130314208198e-06 - 7.415908045076488e-07 - -6.474401974055974e-08
