Number: 9308
Error: 4.529121881535337e-10
A1: [0.053269053060761906, -0.1479047353456296, -0.026902637651294668, 0.12192436876312003] - [0.0053606732285075434, 0.130883708186579, -0.11355377340636336, -0.022502739835748253] - [-0.014379595839472216, 0.22315652049796095, -0.1269763395759254, -0.08154102476479333] - [0.02724015375678061, -0.09992634291664294, -0.04933059804367796, 0.12239205122593136]
A2: [0.08920448913192715, -0.07296319377494984, -0.12367627854643023, 0.10723580358663529] - [0.10886543798481653, 0.24983791351905557, -0.4048220581227817, 0.04621359427559743] - [0.03663943293723424, 0.4625586031266339, -0.37771403406434834, -0.12146973543687908] - [0.14352745134954284, -0.044505999907940456, -0.20140090257479448, 0.102782367802564]
B1: 6.706880401424281e-05 - 4.547711369441844e-05 - 3.3950592671254795e-06 - -6.973552724765546e-06
B2: 2.0681371741143877e-06 - 4.2825047087291705e-05 - -9.847503142313156e-07 - 1.3055160944147605e-05
