Number: 9536
Error: 3.3219750384532614e-13
A1: [0.053170922133058414, -0.14800289959100704, -0.02700067353375446, 0.12182619320828236] - [0.005315215966222346, 0.1308381919588217, -0.11359924787459426, -0.02254826512873254] - [-0.014443189935667781, 0.22309290792727482, -0.1270398939872797, -0.08160464590760957] - [0.027147809760871264, -0.10001868839051128, -0.04942315589917104, 0.12229947348237656]
A2: [0.08925183151312645, -0.07291599403873558, -0.12362999135628983, 0.10728372082634184] - [0.10884150115133076, 0.24981395342310433, -0.40484551268184266, 0.046189248595752] - [0.03663610834196831, 0.4625552949189486, -0.3777172779488438, -0.12147308927858742] - [0.14342732267621958, -0.04460573715581599, -0.20149866697723173, 0.1026807651693232]
B1: -1.543040081640744e-07 - -1.802199034198776e-07 - -5.138720971594784e-07 - -8.796793322368922e-07
B2: -1.2607237873202768e-06 - 2.508959002721532e-07 - 3.568340740426391e-07 - 4.6171161896580525e-07
