Number: 2121
Error: 0.0008812376085714889
A1: [0.13340623174908134, 0.08682740161754897, 0.04899284637768374, 0.1608414395004375] - [0.07650369387950971, 0.20670368027959343, -0.12989291604433453, -0.09012140294103854] - [-0.13973203326514072, 0.38120433383986596, -0.1787181853895506, -0.18101509715234768] - [0.2831230365915893, 0.30113019213446546, 0.3039842777761229, 0.22974165834684102]
A2: [0.06006131706792901, -0.29451459988067324, -0.0324586549126787, -0.03805623212712687] - [0.05594024628249791, 0.21215351208135116, -0.09125095030584049, -0.10991386393408432] - [-0.019599588715245038, 0.5048790186085645, -0.2124323427108729, -0.28624300065893243] - [-0.055871992274947616, -0.021847606225407108, -0.11099407994370163, 0.03616486046124174]
B1: 0.0016596279409494931 - -0.0673955657968456 - 0.034520281233489006 - -0.03485060070868937
B2: -0.02955880515996681 - -0.036738944941607045 - 0.05121060007460267 - -0.04159456494264298
