Number: 7180
Error: 9.533914285303904e-16
A1: [0.08043170663570107, -0.18046778880191844, -0.019588835048468874, 0.11962499368677637] - [0.03741560942067066, 0.13359641557960786, -0.13472615683001804, -0.036285795686791834] - [-0.0017028259833673223, 0.2281901095363487, -0.12282838960556464, -0.10365891719317429] - [0.038863257179083774, -0.11448099586630553, -0.04641641866031908, 0.12203425068875311]
A2: [0.03530754466581173, -0.029273373911421555, -0.07569725334687992, 0.06966351408451484] - [0.10289372023011482, 0.2828966705662054, -0.39260642569311477, 0.006815964128143746] - [-0.011187193767192731, 0.5390144963515819, -0.3594511042541674, -0.16837656338043122] - [0.09786280555185463, 0.017463322667454793, -0.1688510046657573, 0.05352488483246255]
B1: 4.259495147905663e-08 - -1.9992945432437522e-08 - -2.6393700216646737e-08 - 7.209718802208015e-09
B2: 5.3337102057503895e-09 - 4.975262430856201e-09 - -9.413487465747655e-09 - 9.684609017139326e-09
