Number: 254
Error: 1.28966926200133e-07
A1: [-0.01185289605095713, -0.014210555620848272, 0.018418265998063895, 0.008903979214948773] - [0.06585553159858745, 0.18951446527081905, -0.1453015140740114, -0.10998554312260642] - [-0.09334355434191564, 0.42463534230605865, -0.05025313700164488, -0.2685984641539085] - [-0.0015156755020822314, -0.018406200030521108, -0.004039222436363113, 0.023153368837722458]
A2: [0.16099833621476228, -0.16833060082565746, 0.007926708520139, -0.002906159220719834] - [0.036280989941250244, 0.20829956126589483, -0.11641807613156165, -0.1250139854881185] - [-0.08665814976433413, 0.5811020645684293, -0.23582586720876225, -0.26037190096070295] - [-0.004062568781973742, -0.004742912356758793, 0.000884383483152389, 0.007024668820115983]
B1: 8.523843754447184e-05 - 0.0004323260281309735 - -9.37086557276015e-05 - 0.00025195232578644367
B2: -0.0013880409027072949 - 0.001480693380539843 - 0.0009460077769515209 - -0.00034739885656126827
