Number: 4923
Error: 1.1180546685584408e-15
A1: [0.06621315200448215, -0.11395210872347303, -0.02398397993410986, 0.0717228385221532] - [0.03740255760806023, 0.18819331734549377, -0.14740900037655913, -0.0781870637799688] - [-0.060229358643481085, 0.32895081230656886, -0.1277530972744275, -0.1409683098666992] - [0.03904617480710591, -0.05332267119395559, -0.037418575233034324, 0.0516951354545571]
A2: [-0.009108620766502984, -0.34680323318558876, 0.24945504498239462, 0.10645663273067835] - [0.08003985773509467, 0.036282291412134945, -0.05025007732028294, -0.06607192425881799] - [-0.04245283917070909, 0.23083186933189404, -0.040531266669774406, -0.14784786077428264] - [0.06813474775306728, -0.29346788637474225, 0.1417712070322941, 0.08356182566851066]
B1: -1.405638576761846e-08 - 4.969961081877543e-09 - -1.827981768883717e-08 - -1.4965568257796414e-08
B2: -2.153997836714744e-10 - -8.011501680693751e-09 - -5.92258275863198e-09 - -7.775253810890438e-09
