Number: 6708
Error: 9.990875182423215e-16
A1: [0.08043167550086211, -0.18046781993323083, -0.019588866146079825, 0.11962496255549407] - [0.037415578459812505, 0.13359638464218196, -0.13472618772918785, -0.03628582663049946] - [-0.0017028297321392077, 0.22819010578764914, -0.12282839334885957, -0.10365892094095239] - [0.03886321674697704, -0.1144810361849405, -0.046416459066655716, 0.12203421028177917]
A2: [0.0353074333130214, -0.029273485572197295, -0.07569735921971675, 0.06966339754177367] - [0.1028937645218403, 0.2828967152338341, -0.3926063828547403, 0.006816010508044633] - [-0.0111871247210816, 0.5390145658095296, -0.3594510389004963, -0.1683764906241526] - [0.09786278979807211, 0.017463306842014394, -0.16885101966233562, 0.05352486829611886]
B1: -5.551640906903915e-09 - 1.5997978839127559e-09 - -1.5315949308808575e-08 - -8.237112615118148e-09
B2: -8.586634013799269e-09 - -9.962174047729085e-09 - -5.088144830662156e-09 - -1.1422760881472126e-08
