Number: 7458
Error: 1.32569891827641e-15
A1: [0.08043173128685434, -0.18046776415356292, -0.019588810426798314, 0.11962501833511104] - [0.03741563692743473, 0.1335964430655503, -0.13472612937806197, -0.03628576819526664] - [-0.0017027770911785555, 0.22819015842748672, -0.12282834078497443, -0.10365886831403687] - [0.03886327834386879, -0.11448097476092116, -0.04641639750902388, 0.12203427184038126]
A2: [0.03530736546674534, -0.029273553606113393, -0.075697423727143, 0.0696633265333341] - [0.10289376991259253, 0.2828967206703456, -0.3926063776408587, 0.006816016152946534] - [-0.01118699385616576, 0.5390146974549836, -0.35945091503394155, -0.1683763527272943] - [0.09786284003588347, 0.01746335730834177, -0.16885097183917616, 0.05352492102944908]
B1: -3.104968758858753e-08 - 1.152835897779589e-08 - 2.957706501003421e-08 - 1.0534118807216567e-08
B2: -3.3222873349667014e-09 - -2.1082336860953526e-09 - 3.217699954637496e-10 - -2.572445198613327e-09
