Number: 1791
Error: 1.755092821695012e-07
A1: [-0.006413654941000297, -0.01421929549484226, 0.003826844978844406, 0.020225212743397312] - [0.06745355257118944, 0.1904939201618364, -0.14609077464068973, -0.10916366647512733] - [-0.11431666423228334, 0.4401061644126694, -0.0726406722896918, -0.25996597328499754] - [-0.02754360888439924, 0.011277873192175818, -0.03425422086927858, 0.03451351250581091]
A2: [0.13184562589606152, -0.2243774398807791, 0.02294675672302179, 0.07044057224251583] - [0.033031801977230435, 0.20413347293313194, -0.11450577779051448, -0.12107920332353359] - [-0.09503080489734858, 0.5551627898872327, -0.23552664803621645, -0.22594008509139438] - [-0.0203469839136423, -0.01882071386342215, 0.008597073641043887, 0.032645479638798755]
B1: 6.76470807871951e-05 - 0.0006018069321980883 - -0.00023355571771186556 - 0.00026408489475344304
B2: -0.0008786912286949817 - 0.0003728755238612797 - -0.0001539701358370411 - 0.0005125570207626599
