Number: 774
Error: 5.550051094937525e-13
A1: [-0.012155453838538083, -0.014519285931909995, 0.01808500647345708, 0.008580895994659903] - [0.06583655225614128, 0.18949652763781968, -0.14532120876744684, -0.11000709459010871] - [-0.0962965474842789, 0.4217827328758915, -0.053461102363560664, -0.27203978095643844] - [-0.0013210313489700842, -0.018218793917619103, -0.0038346116031959684, 0.02337728555564454]
A2: [0.16158693604838636, -0.1677545620816659, 0.008501544787406405, -0.0023328596603385183] - [0.035485601861655315, 0.20751660206412648, -0.11721054537075132, -0.12579214856984228] - [-0.08621357462200169, 0.5815380924475307, -0.23538875576948556, -0.2599355973663078] - [-0.003834503924623053, -0.004518834136246914, 0.0011107155051651677, 0.0072438360943422936]
B1: -7.147233145707187e-08 - -1.7276532997099262e-07 - 5.510349311590026e-08 - -3.1440717031398495e-08
B2: -5.788571273809704e-07 - 1.8903807843625103e-06 - -1.411918078342847e-06 - 1.1150864189360726e-06
