Number: 8909
Error: 5.236627670370794e-05
A1: [0.06542786868524804, -0.18269296508051927, -0.013768523308483407, 0.1255372793615866] - [0.027848917901340503, 0.13890847467013043, -0.11714346735553147, -0.020218404104848143] - [-0.01777883042685891, 0.21980927415527693, -0.12785135387287244, -0.11018043364498029] - [0.021515942753572652, -0.11491456348260472, -0.042429426862053796, 0.12598954075332383]
A2: [0.10917873171505521, 0.04846537572245643, -0.013992768100386365, 0.1528381491809851] - [0.2119388720741989, 0.3932978534210994, -0.2874439667475538, 0.12442483357592421] - [0.11284003908818384, 0.6582154268258744, -0.23714035823935428, -0.02968130197725694] - [0.21406659539742892, 0.13035423814184385, -0.05225278598255294, 0.18430951244813948]
B1: -0.006215891996306929 - 0.0055116014882375455 - -0.0013568674424781213 - -0.0026331081952850636
B2: 0.007352633545134301 - 0.004669339986513796 - -0.002346539827580138 - 0.010501664505628817
