Number: 1835
Error: 3.9234299410748814e-08
A1: [-0.008325282373761372, -0.016121819793825633, 0.0018562697726486456, 0.018270778665619162] - [0.06693507545748265, 0.18999395624991097, -0.14662605841961673, -0.10974072644471766] - [-0.11400684512830961, 0.44042338979852025, -0.07231302757633722, -0.25962595037837627] - [-0.024928322644698787, 0.01384864161229439, -0.03159688652617417, 0.03727334951566124]
A2: [0.13239378909437105, -0.22387017216255975, 0.023468206418964094, 0.07094467100167333] - [0.03365567721163236, 0.20475594726601304, -0.11388074909773176, -0.12046146006125469] - [-0.09376169371359844, 0.5564117099325611, -0.234277342739991, -0.22467441388922035] - [-0.020715213238284607, -0.019204363068591027, 0.008221583018678952, 0.032271127138089335]
B1: 0.0001001951304297863 - 0.00034673811751994286 - -0.0001416136777247821 - -7.25473610084568e-05
B2: 0.00010253631853905225 - 0.0008055010445484857 - -7.732685135764695e-05 - -0.00023209420986182024
