Number: 9408
Error: 1.1711868978436707e-11
A1: [0.053179073868719326, -0.14799474476504387, -0.026992530756161735, 0.12183434896006275] - [0.005319980314124442, 0.13084296149872762, -0.11359448407794727, -0.02254349374075855] - [-0.01444225201147624, 0.2230938458498938, -0.12703895698419224, -0.08160370793890705] - [0.027151212844208884, -0.1000152845401537, -0.04941974506894062, 0.12230288620331368]
A2: [0.08923639604983515, -0.07293139383139306, -0.1236450789964067, 0.10726809545079359] - [0.10883960352691593, 0.24981205544749235, -0.4048473727560637, 0.046187318854438324] - [0.03663081141743129, 0.4625500253671777, -0.3777224458199913, -0.12147844131194858] - [0.14343488087771603, -0.04459820738004183, -0.2014912869934588, 0.10268843494801203]
B1: -8.605273454870486e-06 - 1.0092005850160931e-05 - 6.40976835028095e-07 - 9.535469979699165e-06
B2: 1.965510655565173e-06 - 1.3046791146709947e-06 - 1.8576636589882523e-06 - 1.4780729355347785e-06
