Number: 3553
Error: 9.583589825723485e-12
A1: [0.06621935450162393, -0.11394604511466244, -0.02397778287445483, 0.07172903098165707] - [0.03740954441967216, 0.18819999257437792, -0.14740213202236027, -0.07818019414307127] - [-0.06023295384484806, 0.32894735964700283, -0.1277566143928528, -0.14097180975696827] - [0.03904386293145844, -0.053324865539056666, -0.037420812300183424, 0.05169291697930852]
A2: [-0.009114001421276502, -0.34680894096377635, 0.24944962134879906, 0.10645099130149019] - [0.08004853395891348, 0.03629163843448698, -0.05024059465189148, -0.0660623612324911] - [-0.042428582769684725, 0.23085864041679546, -0.04050527314583961, -0.14782103449901923] - [0.06807969350003472, -0.2935285037871097, 0.14171152392743194, 0.08350010039595566]
B1: -1.1084632869122884e-07 - -1.0820393002508713e-05 - 8.92422271135522e-06 - 3.791821402964396e-06
B2: 3.1387255536028456e-06 - 4.912251839943839e-06 - -7.278679174540468e-08 - 6.704812823125467e-07
