Number: 9024
Error: 0.00019767443844818607
A1: [-0.00030944138848340184, -0.2237628102541376, -0.0802899727025723, 0.06182339244311624] - [-0.07994040511257343, 0.04130477205402558, -0.20099831157709083, -0.11041386906650338] - [-0.10189711708480273, 0.14399632576540225, -0.19214267086728984, -0.1621744446553668] - [-0.06018158655185, -0.18893275289372619, -0.13157005607042077, 0.03470242050306431]
A2: [0.13114950638272765, -0.01920249726752421, -0.06487383258214927, 0.1637445471449031] - [0.1810572393750748, 0.30049896427979766, -0.3506733143731045, 0.09936752922440142] - [0.12251979756854606, 0.5568643687545048, -0.30609174488947016, -0.03165714846429237] - [0.19504052786030227, 0.009307105377357334, -0.15175079739337555, 0.15752536254076072]
B1: -0.006261513928398378 - 0.005584152148981146 - -0.009076697621470616 - -0.0021058766368208205
B2: 0.002479254936732976 - -0.015874955795939536 - -0.007509662769508789 - -0.011749235733707926
