Number: 3929
Error: 1.1433628131657523e-15
A1: [0.06621317258618128, -0.11395208860170851, -0.023983959368563342, 0.07172285906932133] - [0.037402574647121385, 0.18819333362515697, -0.1474089836258665, -0.0781870470277738] - [-0.06022936298925333, 0.32895080813267397, -0.12775310152696132, -0.14096831409657992] - [0.03904618915418425, -0.05332265757636897, -0.03741856135283996, 0.05169514922209526]
A2: [-0.009108540183092139, -0.34680314769927645, 0.24945512621790017, 0.10645671721792] - [0.08003980943197907, 0.03628223937581421, -0.05025013011291714, -0.06607197749969815] - [-0.04245289871397924, 0.23083180361607977, -0.04053133047896253, -0.1478479266270618] - [0.06813457042678533, -0.29346808161893106, 0.14177101479351772, 0.0835616268527072]
B1: 7.036249057822167e-09 - -3.687325505765513e-08 - 3.4121618098248884e-08 - 3.010624561773087e-08
B2: 5.913117880457596e-10 - -1.3115498903334988e-08 - 1.0621672354492029e-08 - 1.0997324740119868e-08
