Number: 5818
Error: 2.4106607281009895e-06
A1: [0.06798899463991884, -0.1929926279657503, -0.03200196700932613, 0.10717970028132232] - [0.018523520083799292, 0.11465702407768473, -0.1536513508042569, -0.055220735414936176] - [-0.006980518992382255, 0.22288618691627607, -0.12804811433734203, -0.10891259036796032] - [0.04012647305142431, -0.11325332553609968, -0.045024996077608945, 0.12336864177692465]
A2: [0.035291543813282464, -0.02933149402786274, -0.0756488384509433, 0.06976452359455275] - [0.10498218879183573, 0.2848125929865285, -0.39053110550342623, 0.009220335916808145] - [-0.006653366696099366, 0.5437110821791193, -0.355184361213067, -0.16373185834950352] - [0.09949784518887779, 0.019159120837709445, -0.16728916110220468, 0.055207885039950014]
B1: -0.0015281521367627744 - 0.0008937639186362692 - -0.003421830890952205 - -0.002494300229693158
B2: -0.0011791042082072406 - 0.0006383633689833075 - -0.0033767760578250626 - 0.0008366288945804812
