Number: 3688
Error: 1.888829693422833e-15
A1: [0.06621355534541586, -0.11395171439567325, -0.02398357690961481, 0.07172324118614594] - [0.0374029077993324, 0.18819365192905405, -0.14740865611192414, -0.0781867194846553] - [-0.06022873335004436, 0.32895141286602, -0.12775248539952894, -0.14096770128291397] - [0.03904666252233757, -0.05332220827435826, -0.03741810338524844, 0.05169560347138953]
A2: [-0.009108673667228605, -0.34680328930591797, 0.2494549916534352, 0.10645657726602192] - [0.08003996631861941, 0.03628240838806124, -0.05024995864466248, -0.06607180457494759] - [-0.04245242260039961, 0.23083232908495935, -0.040530820256252535, -0.14784740006314337] - [0.06813479991709184, -0.29346782894064605, 0.14177126358317818, 0.08356188415292339]
B1: -1.247782271982385e-08 - -4.201907859386357e-09 - -7.358688153477961e-08 - -3.384794112144779e-08
B2: -4.660409417647919e-08 - -7.142322884283439e-08 - 9.867786373906536e-08 - -3.919643187032832e-08
