Number: 2426
Error: 8.377806265519853e-06
A1: [0.0592110753738122, -0.05228005979678338, -0.02748442819893753, 0.003670400807799443] - [0.03670860128896252, 0.18444883542836782, -0.14990799199189017, -0.10020339382616031] - [-0.12456316332427009, 0.41384534909590337, -0.10664891402666714, -0.18852415486717794] - [0.04324944851390693, 0.02576156549476191, -0.026834148678705146, -0.016744377060294843]
A2: [0.06126486328167553, -0.17576322866602412, 0.08450231076392799, 0.022132326375448593] - [0.019961367804038465, 0.19112844952814237, -0.11105123820718106, -0.13708236164479232] - [-0.09653656534076835, 0.5111897574364074, -0.22750942917656514, -0.19748264610334143] - [-0.03462793067916233, 0.010111128420165054, -0.05832986643873077, 0.048772793042106265]
B1: 0.003005020416905387 - -0.004542292826249565 - 0.0005427398704237153 - 0.0009764026488140274
B2: -0.002243226286408498 - -0.006337596177115169 - -0.0009418326664928076 - 0.0013926762635484153
