Number: 8424
Error: 1.0994092969064597e-15
A1: [0.08043171016901832, -0.1804677852689982, -0.01958883151941272, 0.11962499721968263] - [0.037415543772099824, 0.1335963499807225, -0.1347262223476604, -0.036285861298939244] - [-0.0017028179675302431, 0.2281901175520056, -0.1228283816014751, -0.10365890917947095] - [0.03886326841217897, -0.11448098466470485, -0.046416407434372836, 0.12203426191488922]
A2: [0.03530727786624238, -0.029273641448852777, -0.07569750701688212, 0.06966323485022681] - [0.10289376197874203, 0.28289671266918426, -0.3926063853143365, 0.006816007845011443] - [-0.011187087338646097, 0.5390146034148716, -0.35945100351718323, -0.1683764512330204] - [0.0978628463906339, 0.01746336369195817, -0.16885096578978742, 0.053524927699764524]
B1: -3.2163639085308166e-08 - 3.0081950120343435e-09 - 4.361369099745327e-09 - 3.212559399614767e-08
B2: 1.9866398871314178e-08 - -2.7223860658492986e-08 - 5.0090106346110645e-09 - 2.7950313855720897e-08
