Number: 6058
Error: 2.2726288846726166e-14
A1: [0.08043297102555591, -0.18046652455585271, -0.019587572171135294, 0.11962625793160143] - [0.03741691668872408, 0.13359772185690985, -0.13472485216857566, -0.0362844891443247] - [-0.0017017477476998488, 0.22819118775057948, -0.12282731294684297, -0.10365783924389017] - [0.03886455849654736, -0.11447969820053887, -0.04641511817178259, 0.12203555119759608]
A2: [0.03530761091629308, -0.02927330747834592, -0.07569719035469558, 0.06966358342394946] - [0.10289271403903154, 0.2828956558351815, -0.39260739886679613, 0.006814910498738693] - [-0.011189256021171054, 0.53901242179733, -0.3594530562193535, -0.16837873645079493] - [0.09786126175887923, 0.01746177185232635, -0.16885247425472685, 0.05352326435166308]
B1: 6.258085731674125e-07 - 3.292538658513188e-07 - -1.5469383657360813e-07 - -1.3856004747209223e-07
B2: -4.769497841605228e-07 - -7.012726010706415e-07 - 1.6380989209088017e-06 - -8.539332076804025e-09
