Number: 3792
Error: 1.0234442836267284e-15
A1: [0.06621325714797424, -0.1139520059296104, -0.023983874873141423, 0.07172294348918715] - [0.03740262501687005, 0.18819338175002698, -0.1474089341085476, -0.07818699750607326] - [-0.06022931810249233, 0.3289508512439347, -0.12775305760344938, -0.14096827040930077] - [0.039046109316351205, -0.0533227333554092, -0.03741863859325531, 0.051695072608858486]
A2: [-0.009108686724912225, -0.34680330315733193, 0.24945497849039122, 0.10645656357674993] - [0.08003982868291168, 0.03628226011459023, -0.05025010907274446, -0.06607195628085327] - [-0.0424528319228585, 0.23083187733096405, -0.04053125890292312, -0.14784785275852902] - [0.06813478033594933, -0.29346785049961815, 0.14177124235544786, 0.08356186219989092]
B1: -1.994625566971552e-08 - 2.7194435210175812e-08 - -2.142846876965363e-08 - 1.705619948723383e-08
B2: -1.9536895911344004e-08 - 1.7784703252900478e-08 - -1.2754004456745628e-08 - 4.023685741493048e-08
