Number: 6883
Error: 1.1935903956368749e-15
A1: [0.08043166040685804, -0.18046783502552471, -0.019588881222036614, 0.11962494746321362] - [0.03741556887754037, 0.1335963750671619, -0.13472619729236718, -0.03628583620746376] - [-0.0017028372410310074, 0.22819009827891704, -0.12282840084675781, -0.10365892844784068] - [0.03886321111411575, -0.11448104180199412, -0.04641646469592803, 0.1220342046524185]
A2: [0.035307511518267755, -0.029273407150646098, -0.0756972848631683, 0.0696634793920494] - [0.1028937726456044, 0.2828967234265451, -0.3926063749975411, 0.006816019014810798] - [-0.011187131890595515, 0.5390145585972498, -0.35945104568660036, -0.16837649817891914] - [0.09786283342411936, 0.01746335066650103, -0.16885097813316596, 0.053524914089269536]
B1: 5.218255319485265e-09 - 2.0120404655414177e-08 - -2.254148654847947e-08 - 4.029568511481804e-09
B2: -2.7691484752830625e-09 - 9.659763842226216e-10 - 1.1015025326983772e-09 - 6.407048624316322e-10
