Number: 1376
Error: 2.8731998476288954e-10
A1: [-0.007188741120791344, -0.014994951965096643, 0.0029959189189735693, 0.019453550559742547] - [0.06683971559342028, 0.1898969098705409, -0.14672173102126612, -0.10984788903563132] - [-0.1126584196379425, 0.4417137106801803, -0.07086560729463351, -0.2581789392662161] - [-0.02368069406122406, 0.015038198575204682, -0.03025254286061978, 0.038582888138558945]
A2: [0.13161636235852206, -0.22459880107825253, 0.02269635430955522, 0.07019003762264524] - [0.03254295969482289, 0.20364761449877397, -0.11499116037690314, -0.12155850189123428] - [-0.09481247112764635, 0.5553531539800717, -0.2353887759304935, -0.22582166977756296] - [-0.020830565193187545, -0.019278992810272604, 0.00811487747576754, 0.03217860106494546]
B1: 4.140646488046538e-06 - 9.325320802761678e-06 - -2.3277589944987604e-05 - 1.2027226919634669e-05
B2: 6.154539105107505e-05 - -4.7838047837872896e-05 - -7.378585264372238e-06 - -8.981131825655177e-06
