Number: 8353
Error: 1.2154581504179507e-15
A1: [0.08043170036466335, -0.18046779507226746, -0.01958884131206372, 0.11962498741642025] - [0.03741559641651591, 0.13359640258533861, -0.13472616980810545, -0.03628580868363932] - [-0.0017028056864251695, 0.2281901298328477, -0.12282836933835263, -0.10365889690164568] - [0.038863248585104836, -0.11448100443616957, -0.04641642724883763, 0.12203424210010279]
A2: [0.03530723570807044, -0.0292736837236137, -0.07569754710039947, 0.06966319072719801] - [0.10289371342055462, 0.2828966636988868, -0.3926064322792323, 0.006815956997570122] - [-0.011187152409549915, 0.5390145379558612, -0.3594510651083528, -0.16837651980034501] - [0.09786283499822242, 0.017463352247716127, -0.1688509766346567, 0.05352491574147253]
B1: -1.829392875288566e-08 - 1.5087869548062098e-08 - 5.0338666788624776e-09 - 1.140757253465306e-08
B2: 1.6637079244606774e-08 - 1.3428442217725033e-08 - 1.584994549613329e-08 - 1.3639439714801841e-08
