Number: 233
Error: 2.9568860529864793e-07
A1: [-0.01762136627134619, -0.020142268870946105, 0.0120293036149827, 0.0027300245538896943] - [0.06828073907911986, 0.1918459103406382, -0.1427939400273727, -0.10728457327771475] - [-0.09067588404941362, 0.4272217243089663, -0.047348764701754545, -0.2654805214468854] - [0.0017177928623721096, -0.015304846867881259, -0.0005988167657012147, 0.02688309001446118]
A2: [0.1631312067131071, -0.16623382506552628, 0.010028642844414579, -0.0008348115293533569] - [0.03846518665243863, 0.21045189668794118, -0.11423986262177363, -0.12287664962191691] - [-0.0864431797626996, 0.5813063824505572, -0.23562442033129816, -0.2601771047510991] - [-0.004681793176790999, -0.005354692194016301, 0.00026639599650002676, 0.006424928713327665]
B1: -0.00023887958101243792 - 0.0006438094046204436 - 0.0002653332554097268 - -5.265632998571996e-05
B2: 0.0007707456112611968 - 0.0014340348802168448 - -0.00014343025499716293 - -0.0007419173635233885
