Number: 7305
Error: 7.993525505957587e-16
A1: [0.08043167359867995, -0.18046782183519744, -0.01958886804598497, 0.1196249606535296] - [0.03741557873886299, 0.13359638492102305, -0.1347261874506878, -0.03628582635160177] - [-0.0017028344326502046, 0.2281901010872403, -0.12282839804248401, -0.1036589256402056] - [0.03886321841412496, -0.1144810345224742, -0.04641645740057242, 0.12203421194788908]
A2: [0.03530738961918097, -0.029273529386886793, -0.07569740076329307, 0.06966335181145142] - [0.10289380245332716, 0.2828967534872501, -0.3926063461678823, 0.006816050227840064] - [-0.011187025151048914, 0.53901466597344, -0.35945094465526584, -0.16837638570377278] - [0.09786280933274269, 0.017463326465540364, -0.1688510010665983, 0.0535248888011639]
B1: -2.1679806025117846e-08 - 1.8896032742056325e-08 - 2.134202170403728e-08 - -2.693802807584721e-09
B2: 5.952249895384959e-09 - 7.310447190278673e-09 - 6.119834793721672e-09 - 7.464332119829546e-09
