Number: 5524
Error: 9.075213199121884e-11
A1: [0.06621548190964464, -0.11394983087010692, -0.02398165185448183, 0.07172516451869425] - [0.037404748790498626, 0.1881954109017467, -0.14740684626610837, -0.07818490948280092] - [-0.0602284785377696, 0.32895165761542755, -0.1277522360453155, -0.14096745326740534] - [0.03904946921972474, -0.05331954427432359, -0.03741538801012399, 0.05169829679607889]
A2: [-0.00910457540566013, -0.3467989417227743, 0.24945912308631735, 0.10646087405260254] - [0.08004105920997354, 0.03628358573966923, -0.05024876417558241, -0.06607059996276837] - [-0.04244931358921816, 0.23083576035160064, -0.04052748851717942, -0.14784396165087546] - [0.06813821099713209, -0.29346407322339424, 0.14177496151678928, 0.08356570857022863]
B1: -3.355648248804204e-06 - -2.990112455236507e-06 - -3.675378263589093e-06 - -3.4485083659043142e-06
B2: 4.819788138965536e-06 - 3.226706043520695e-06 - 6.9003929232953645e-06 - 9.25156664103562e-06
