Number: 6908
Error: 1.053781508804785e-15
A1: [0.0804316708316263, -0.18046782460193722, -0.019588870809732775, 0.11962495788679135] - [0.03741558020953133, 0.1335963863905761, -0.13472618598295508, -0.036285824881750015] - [-0.0017028334231084657, 0.22819010209675814, -0.12282839703442547, -0.10365892463093714] - [0.03886322396107543, -0.11448102899108788, -0.0464164518571543, 0.12203421749139369]
A2: [0.035307451899266006, -0.0292734669345463, -0.0756973415481545, 0.06966341699429626] - [0.102893789310664, 0.28289674023304306, -0.39260635887931283, 0.006816036465563667] - [-0.01118721147560933, 0.5390144785375445, -0.3594511210155461, -0.16837658204043024] - [0.09786280458328253, 0.017463321694476945, -0.1688510055877758, 0.05352488381577908]
B1: 2.325459905121718e-08 - 1.5953629816447437e-08 - -3.0516871298297895e-08 - 3.5906082150131984e-09
B2: -3.121771307530188e-10 - 3.2716103109584723e-09 - 1.0227841053680317e-08 - 1.841443790064929e-09
