Number: 7897
Error: 9.88402299796458e-16
A1: [0.08043167380196173, -0.18046782163194924, -0.0195888678429492, 0.11962496085678748] - [0.03741561585398412, 0.13359642200804075, -0.13472615040950878, -0.0362857892570396] - [-0.0017028264121386205, 0.2281901091075746, -0.12282839003371672, -0.10365891762183306] - [0.038863230283367065, -0.11448102268655311, -0.04641644553889476, 0.12203422380975243]
A2: [0.03530749624261512, -0.029273422468530895, -0.0756972993869756, 0.06966346340432894] - [0.10289372307969222, 0.28289667343998565, -0.3926064229370373, 0.006815967112079644] - [-0.011187234108503042, 0.5390144557696647, -0.35945114243823945, -0.16837660588931005] - [0.09786275864216337, 0.017463275544397704, -0.16885104932079253, 0.05352483559261543]
B1: 3.733742084424553e-08 - 1.8872874562885322e-08 - -3.627542629680589e-08 - 3.0869829895675937e-09
B2: 6.091331952485122e-10 - 1.599014888217859e-08 - 7.481184771215306e-09 - 4.886178836816728e-09
