Number: 3567
Error: 1.4317272627048035e-11
A1: [0.0662056790961086, -0.11395941477230835, -0.023991447265775928, 0.07171537818088788] - [0.03739888321259366, 0.18818980665100685, -0.14741261268108377, -0.07819067611240232] - [-0.06023146183053483, 0.32894879240211233, -0.12775515473895632, -0.14097035719162576] - [0.03904992726125474, -0.0533191094196512, -0.03741494498189805, 0.051698736253831916]
A2: [-0.009107597614879087, -0.3468021476820429, 0.2494560765398062, 0.10645770538197075] - [0.08005037396096631, 0.03629362050998683, -0.050238583680721476, -0.06606033307076695] - [-0.04245829067934944, 0.23082585265821512, -0.04053710935012886, -0.14785388990929013] - [0.06816940579202974, -0.2934297263504686, 0.14180878033709576, 0.08360068411202284]
B1: 1.6483239604674962e-06 - -1.6342578413354742e-06 - 6.351379936262971e-08 - -7.53163335293891e-06
B2: -7.476284636905577e-08 - -1.9480022731985046e-06 - -6.186449549499587e-06 - -1.968802520683577e-06
