Number: 1589
Error: 2.6822193785277974e-07
A1: [-0.009681095407895435, -0.017509438382052423, 0.0004052177993772604, 0.016892654574665867] - [0.06695168989851197, 0.1900045743894069, -0.14660594004285774, -0.10972338053661615] - [-0.11273052681924439, 0.4416431621335792, -0.07093882801804452, -0.25825725818178485] - [-0.025251258054918763, 0.013493245278540195, -0.03185621957276809, 0.03692436760613254]
A2: [0.1316227530283839, -0.22459409584119136, 0.022702065048810807, 0.07019387439426554] - [0.032603721891521706, 0.20370729196833562, -0.11493021250792643, -0.12149883017924569] - [-0.09554567426646521, 0.5546320225475263, -0.23610950378383186, -0.22654295174673406] - [-0.02036487933803468, -0.018822281577853962, 0.008574937652727934, 0.032623053434849045]
B1: 0.00013910408775144207 - 0.0001280305701448852 - -2.9635656823604536e-05 - 0.0002715099567687669
B2: 0.00097654732419251 - -0.0018063233848047827 - -0.0003474662491082901 - 0.0004031825328279167
