Number: 9867
Error: 1.0476114252181072e-15
A1: [0.05317260894381646, -0.14800121215062384, -0.026998988581978002, 0.12182788081396695] - [0.005313801109995153, 0.1308367756468807, -0.11360066249155173, -0.022549681968478265] - [-0.01444445310207181, 0.22309164431267048, -0.12704115614088327, -0.08160590951605204] - [0.027146454875402168, -0.10002004325853335, -0.049424513630889656, 0.1222981151701785]
A2: [0.08925454073241317, -0.07291329106141373, -0.12362734315846964, 0.10728646348137577] - [0.10884171772456876, 0.24981417003491702, -0.404845300388327, 0.04618946882742121] - [0.03663578008774672, 0.46255496836591853, -0.37771759820815315, -0.12147342092819673] - [0.1434264594074338, -0.044606597212366504, -0.20149950988941384, 0.10267988909002435]
B1: 4.5021206120495416e-08 - -7.1943809973738625e-09 - -4.561414105846786e-08 - -1.4017865749626365e-08
B2: 1.9191079404956723e-08 - 1.389075783601628e-08 - 2.605799912873231e-10 - -1.511620876544284e-08
