Number: 5950
Error: 6.676550098484535e-11
A1: [0.08045907869024083, -0.1804404212133684, -0.019561494107019423, 0.11965236350904018] - [0.03733385959640629, 0.13351472698344274, -0.13480774560941844, -0.03636750125577464] - [-0.0017019883268930228, 0.22819094726286965, -0.1228275502668931, -0.1036580782416874] - [0.03888575904296955, -0.11445855557734844, -0.046393928220567926, 0.12205673988762135]
A2: [0.03538172241803794, -0.029198997066109306, -0.07562672790390096, 0.06974115008543649] - [0.10300194745784613, 0.2830058095847419, -0.3925017533028288, 0.006929291292295578] - [-0.0111360042836003, 0.539065988650889, -0.3594026544346399, -0.16832262454718314] - [0.09791874151602138, 0.017519509426983233, -0.1687977590709026, 0.05358359919979539]
B1: -4.605342548892311e-06 - -7.307543843191343e-06 - 1.3255538757274773e-05 - 8.50039796606786e-06
B2: 1.796804253531105e-05 - -1.1564141822089921e-05 - 7.904613507647922e-06 - -4.952949001344945e-06
