Number: 5352
Error: 2.9075085338377445e-15
A1: [0.06621312266378145, -0.1139521374085063, -0.023984009251779584, 0.0717228092306863] - [0.03740252184643935, 0.1881932831777638, -0.1474090355328995, -0.07818709893942632] - [-0.0602296039173689, 0.3289505767338211, -0.12775333728534874, -0.14096854858669328] - [0.0390460166380965, -0.0533228213220852, -0.03741872825630325, 0.051694983673726075]
A2: [-0.009108170840246994, -0.3468027558854876, 0.24945549854854077, 0.10645710445266263] - [0.08003971389350915, 0.03628213645375109, -0.05025023453064254, -0.0660720828041087] - [-0.04245272836113469, 0.23083199162770532, -0.040531147922246255, -0.14784773822352315] - [0.06813486497857894, -0.2934677573048826, 0.14177133411548093, 0.08356195709941526]
B1: 3.972033466018097e-08 - 1.2818271656561642e-07 - -2.3472146984517704e-08 - -3.6329437273710125e-08
B2: -2.2704733055088146e-08 - -1.5632347336040766e-08 - 7.715834903020255e-08 - -1.1759416095543684e-07
