Number: 6608
Error: 9.022159613185132e-16
A1: [0.08043168144032196, -0.18046781399444356, -0.019588860213721783, 0.11962496849427558] - [0.03741559857242848, 0.13359640473957493, -0.13472616765664616, -0.03628580652902438] - [-0.0017028490431134978, 0.22819008647708874, -0.12282841263156086, -0.10365894024677368] - [0.03886324659647274, -0.11448100641921521, -0.04641642923617952, 0.12203424011272342]
A2: [0.035307455827231785, -0.029273462995715205, -0.0756973378134992, 0.06966342110534353] - [0.1028937514969493, 0.28289670209839873, -0.39260639545224274, 0.006815996869077649] - [-0.011187074612304492, 0.5390146162171883, -0.3594509914714692, -0.16837643782276235] - [0.09786282623047922, 0.017463343440141714, -0.16885098498105305, 0.053524906538298105]
B1: 3.5991068927550243e-09 - 5.3515798035977896e-09 - 7.945661252753399e-09 - 5.300249607824726e-09
B2: 5.573537632676186e-09 - 1.4303449011810751e-08 - -1.5516371498514674e-08 - 1.842418250463723e-08
