Number: 5637
Error: 4.7717326922336235e-06
A1: [0.06751873178909722, -0.11267627663893184, -0.02267939879660332, 0.07302350120468341] - [0.03700023606016728, 0.18780625174364554, -0.14780551477289522, -0.07858526607038321] - [-0.05734718554521062, 0.33171832518174754, -0.12493098201602908, -0.1381654282349327] - [0.037996155778673935, -0.05432107938629509, -0.03843326899358331, 0.05068722225684558]
A2: [-0.007396986445650329, -0.34498317818104896, 0.25116805723957514, 0.10824940564179392] - [0.07929175427738543, 0.035478644713404964, -0.0510723215431295, -0.06689775356133391] - [-0.042686802580183314, 0.2305776752893571, -0.04079410798480071, -0.14811027050208178] - [0.06717101073882134, -0.29452495051428706, 0.140714270450226, 0.0824778553255769]
B1: 0.002082143503160011 - 0.0008633298858018862 - 0.0013247483760869963 - 0.0016612388031174011
B2: -0.0009622115886150509 - -0.00041688248921908986 - -0.0013243966352611716 - 6.255668543841118e-05
