Number: 209
Error: 7.330972420693201e-06
A1: [-0.015369412608189269, -0.017854671693690413, 0.01450334996375542, 0.005138984218556884] - [0.06975580311671897, 0.1932602389978108, -0.14126779717596735, -0.10564230146699342] - [-0.10156870937831498, 0.4167940106399678, -0.05914075087804904, -0.2781175923787756] - [0.01900666827163444, 0.0011237978856913021, 0.017720944350090917, 0.04670788566046351]
A2: [0.15634433741533676, -0.17289231954023385, 0.003470782512262195, -0.007571852172555583] - [0.04367818797703917, 0.21559135805973978, -0.1090389308931954, -0.11777076805361544] - [-0.08703228434585172, 0.5807193896043059, -0.23615276216998707, -0.2608111330872203] - [-0.001812306262608762, -0.0025127242478745508, 0.0031612228900134605, 0.009165526045498673]
B1: 0.0042577741139421315 - 0.0017733994807823017 - 0.001939370367842173 - 0.0012928368173283692
B2: 0.008452850198302818 - 0.0016642802569717045 - -0.0059134246247358885 - 0.006228982089841901
