Number: 3427
Error: 6.280369229670291e-08
A1: [0.06668235443251756, -0.11349446844904378, -0.023516362822163794, 0.07219065896813918] - [0.037762401041541965, 0.18853702987152043, -0.14705513678100623, -0.07783302521341447] - [-0.059195667311422805, 0.32994259800811115, -0.12674270941683757, -0.1399647350870164] - [0.04072515837186272, -0.051727532919733865, -0.03579376618802722, 0.05330573751401121]
A2: [-0.008841038827657388, -0.3465184698109291, 0.2497245799626665, 0.10673949224661436] - [0.08039835859965297, 0.03666841807143062, -0.04985903041624301, -0.06567755227654223] - [-0.041336327804373664, 0.2320637069621024, -0.039335765986162015, -0.14661329932136385] - [0.06913029608763413, -0.29237161814048435, 0.14285213450496903, 0.08468010157299348]
B1: -0.0004090782641171681 - 0.00018291574757045025 - -1.2695055544569716e-06 - -0.00015247662072458048
B2: -0.0003309986769068485 - -3.71784235786161e-06 - 4.560472862816009e-05 - 0.00048201773972198733
