Number: 6038
Error: 1.9956137853801278e-13
A1: [0.08043379728795758, -0.18046569838745705, -0.019586746896831635, 0.11962708409952538] - [0.03741840088218316, 0.1335992049235821, -0.13472337093746403, -0.0362830057759866] - [-0.001700547382328342, 0.22819238809495934, -0.1228261143351035, -0.10365663919682915] - [0.03886580016171826, -0.1144784600178816, -0.04641387729608566, 0.1220367920919565]
A2: [0.03530891235250816, -0.029272002443320257, -0.07569595296298913, 0.06966494552166838] - [0.10289185758691978, 0.2828947921140964, -0.3926082272176942, 0.006814013667097827] - [-0.011187323538169754, 0.5390143658098298, -0.35945122708455723, -0.16837670012469996] - [0.09786350050644531, 0.017464020784504937, -0.16885034311256186, 0.053525614310202106]
B1: 2.6209664798531156e-07 - 6.972792908772058e-07 - -2.216207088088514e-07 - -2.05068008091384e-07
B2: -7.709516431445352e-07 - -1.266984583559467e-06 - 3.002488654170329e-06 - 2.9218775363759487e-07
