Number: 2300
Error: 6.51200585072841e-05
A1: [0.014296971508580456, -0.09203665759948862, -0.07145093370380151, -0.03776721103345435] - [0.009785256181580432, 0.1577289462466387, -0.17994438374264626, -0.12985376620775532] - [-0.16435094908647832, 0.3843446900316459, -0.13825419870240588, -0.219978233675775] - [0.005837294247253594, -0.0021914204491719318, -0.05318539459632786, -0.04672847223110302]
A2: [0.017301464649735792, -0.22406731844389094, 0.04358969921774551, -0.021940419129956073] - [0.06989286182354093, 0.23914930313555305, -0.061197311902348436, -0.08872680217218773] - [-0.06726350461133083, 0.5392766507525601, -0.1992708812243247, -0.17338693408130768] - [-0.04917595862613251, -0.005405541761623331, -0.07285682687955652, 0.034143973158975355]
B1: 0.006549052936116388 - 0.0007043905282832479 - -0.01834763580096189 - 0.021154629821485922
B2: 0.008857559033551678 - -0.008130087166366318 - -0.0009443651145958163 - -0.0022462483169719116
