Number: 8463
Error: 3.6475206379883383e-16
A1: [0.08043172287064795, -0.18046777256880184, -0.01958881883296592, 0.11962500991986563] - [0.03741565688557618, 0.1335964630085775, -0.1347261094595719, -0.03628574824812833] - [-0.0017027846161985325, 0.22819015090262584, -0.1228283482989748, -0.10365887583704] - [0.03886327185379581, -0.11448098123273784, -0.04641640399494193, 0.12203426535437333]
A2: [0.035307387513408645, -0.029273531498444263, -0.07569740276550906, 0.069663349607621] - [0.1028937352481303, 0.2828966857117211, -0.39260641116786255, 0.006815979854199821] - [-0.01118714229319824, 0.5390145481325609, -0.3594510555329926, -0.16837650914040422] - [0.09786277504493314, 0.017463292021752844, -0.1688510337064262, 0.053524852810176264]
B1: -1.9771535134710708e-08 - 2.4693326041896224e-09 - -7.074015296492158e-09 - -1.1792830654935444e-08
B2: -6.1565434104699064e-09 - -4.225710031269427e-09 - 2.1975425644901556e-09 - -1.4030230444728463e-08
