Number: 4725
Error: 1.1732743766559027e-15
A1: [0.06621320418693233, -0.11395205770714927, -0.02398392779263935, 0.0717228906169949] - [0.037402618282389985, 0.18819337531570202, -0.1474089407290466, -0.0781870041271819] - [-0.060229345022305585, 0.3289508253889348, -0.1277530839455842, -0.14096829660952476] - [0.03904627917611549, -0.0533225721308384, -0.03741847425954653, 0.05169523560818789]
A2: [-0.009108836077402007, -0.3468034615965439, 0.24945482792938647, 0.10645640698904558] - [0.08003993501860693, 0.03628237466856189, -0.050249992853886205, -0.06607183907519189] - [-0.042452843198672874, 0.2308318648863512, -0.0405312709863447, -0.14784786522905333] - [0.0681346692492623, -0.29346797281075415, 0.1417711219266495, 0.08356173765137294]
B1: 3.823714434161881e-08 - 3.3112661074204276e-08 - -2.595246369831245e-08 - -4.521726510131703e-08
B2: 1.2465704911012145e-08 - 1.4377602617394519e-08 - -9.179626556695975e-09 - 3.4029584537718625e-09
