Number: 3750
Error: 1.0284238624688818e-15
A1: [0.06621317157982162, -0.11395208958558516, -0.023983960374143506, 0.07172285806463792] - [0.03740262959705205, 0.1881933861260757, -0.1474089296058823, -0.07818699300300572] - [-0.06022935021199357, 0.3289508204045464, -0.12775308902390528, -0.1409683016607591] - [0.039046285777884354, -0.053322565864855946, -0.03741846787267289, 0.05169524194323045]
A2: [-0.009108549509141006, -0.3468031575927442, 0.2494551168164046, 0.10645670744007603] - [0.08003979987469145, 0.036282229079873975, -0.050250140558503846, -0.06607198803396425] - [-0.04245287026153296, 0.23083183501797946, -0.040531299988191986, -0.14784789515970753] - [0.06813476686500874, -0.2934678653317264, 0.1417712277516436, 0.0835618470964564]
B1: -1.3892581725704993e-08 - 1.1227199106440561e-08 - 2.7498662483870048e-08 - -2.969178718575558e-09
B2: -7.728886767100514e-09 - -2.5114231957673708e-09 - 1.1533039708137875e-08 - 8.042622991152721e-09
