Number: 1480
Error: 5.581812664335875e-09
A1: [-0.007153705580521736, -0.014959821246605928, 0.003031923479304744, 0.0194891071231009] - [0.06675867040258328, 0.18981892857612165, -0.14680548339871433, -0.10993808341625363] - [-0.11236380250825062, 0.4420025142294085, -0.07055852945715918, -0.25785977761393736] - [-0.024234174687915493, 0.014494281667203261, -0.03081704732544354, 0.037999035982575355]
A2: [0.1316670575431518, -0.22454868606671372, 0.022746411858380777, 0.07023965351791107] - [0.032665181393347516, 0.20376787399069615, -0.11486941682707509, -0.12143894767292325] - [-0.09457623849549895, 0.5555855076324467, -0.2351570476354904, -0.22559008133361252] - [-0.02064401285388486, -0.019095104530148628, 0.008299713946559213, 0.03235752277886859]
B1: -4.9559782056485426e-05 - -3.2106230365809084e-05 - 4.50835055212913e-05 - -4.187453694464025e-06
B2: -2.6967889607722158e-05 - -5.287499513770977e-05 - -0.00011530928562912664 - 0.00011970993467064735
