Number: 1430
Error: 4.3662777746570126e-10
A1: [-0.007307201193129602, -0.01511454170717974, 0.0028727480284728626, 0.01933186299254506] - [0.06677987612474787, 0.18983934368251937, -0.14678354597268128, -0.10991448172487495] - [-0.11271280986942354, 0.44166029061838774, -0.07092231902734199, -0.2582378591952788] - [-0.023631671304134818, 0.01508636906242733, -0.030202481350675697, 0.03863460339656382]
A2: [0.13159816979442368, -0.22461660597052452, 0.02267841968527283, 0.0701723305960864] - [0.0326878370857614, 0.20379016409824738, -0.11484687082942813, -0.12141676981201682] - [-0.09480266247048412, 0.5553628542795154, -0.23537921931842948, -0.22581194842156338] - [-0.02068995142383939, -0.01914025866610583, 0.008254374234553026, 0.03231374216643669]
B1: -2.7203521353813948e-05 - -4.094700190911797e-05 - -2.4219924923207895e-05 - 2.7697996269477996e-05
B2: -1.0880419737866955e-05 - -6.723568600012939e-06 - -6.9370481961387285e-06 - -1.3309683784937845e-05
