Number: 5362
Error: 1.6470229873332663e-15
A1: [0.06621315631875763, -0.11395210450558223, -0.02398397562320906, 0.07172284282918671] - [0.03740258230712717, 0.18819334094389903, -0.14740897609538373, -0.07818703949665397] - [-0.06022957336827713, 0.32895060607473925, -0.12775330739168, -0.1409685188538063] - [0.039046010446903597, -0.05332282719855424, -0.037418734246078555, 0.051694977732587424]
A2: [-0.009108685414743894, -0.34680330176682317, 0.24945497981079087, 0.10645656495083333] - [0.08003996284672664, 0.036282404647317676, -0.05024996243939111, -0.0660718084025215] - [-0.04245299701733436, 0.23083169512330423, -0.04053143582403562, -0.14784803534585475] - [0.06813457597198642, -0.29346807551237597, 0.1417710208055441, 0.08356163307128735]
B1: 2.2316808317373814e-08 - -1.8473222102517047e-08 - 2.1586386147674642e-08 - 1.9687114059995634e-08
B2: 8.815219817100854e-09 - 9.907291567811071e-09 - -1.752900494198236e-08 - -4.0161707442416805e-08
