Number: 2279
Error: 0.0003282439884065278
A1: [0.08972712410969358, -0.013615586431388894, 0.009882119071424307, 0.03782735353731768] - [0.03766396655299806, 0.17988413976961373, -0.1602747318575233, -0.10814244993990366] - [-0.13569148097531897, 0.41479603401162285, -0.10806383005157347, -0.18763873841011072] - [0.04319291660628735, 0.03940400861519057, -0.00947855484424183, -0.007849031320862468]
A2: [0.05074493112132872, -0.1911498065031134, 0.0795494060142813, 0.010942015391133241] - [-0.005326145725723224, 0.16722899693526078, -0.13407643597896435, -0.16176642667883107] - [-0.25662236764618757, 0.36740675299622766, -0.3789964872431212, -0.3526338955776125] - [-0.13804441448719482, -0.08116920641733935, -0.15970751337160316, -0.05040171565106721]
B1: 0.018349808061544726 - 0.015915846227657307 - 0.026288168059157742 - -0.027776556180381256
B2: -0.0005257906154145734 - -0.004744341275119244 - -0.016011716759277622 - -0.006503805646629728
