Number: 2609
Error: 4.0003801981905234e-08
A1: [0.0634041066972833, -0.04789814476319652, -0.023471178458115794, 0.00782776887244316] - [0.043964384568915965, 0.1915628885381606, -0.14225271156802538, -0.09217950768125892] - [-0.12317594543702175, 0.4151386005135089, -0.10457910644727542, -0.18679362385078507] - [0.036431280133663244, 0.018600265249489042, -0.03369927077249652, -0.023615109901160766]
A2: [0.06397624254133813, -0.17315783335007656, 0.08686329809358669, 0.024487520994171494] - [0.0292957886835035, 0.20030418320554766, -0.10170454463659012, -0.12786757915407587] - [-0.09255921744322615, 0.5145167641385474, -0.22475527473556065, -0.1942745478547864] - [-0.024576557533903576, 0.019867680215727313, -0.048940382570223144, 0.05828985375529316]
B1: 0.00013410201990234877 - 0.00023281813834692266 - 0.00012164264415620095 - -8.658975707592198e-05
B2: -0.00011718068218885907 - -0.0001698650409000465 - -0.00015335020934049146 - 0.00014534944770853487
