Number: 4987
Error: 1.363059901573109e-15
A1: [0.06621330745320844, -0.11395195674846711, -0.023983824607372403, 0.07172299371000104] - [0.0374026469249976, 0.18819340268179402, -0.14740891257114985, -0.07818697596679484] - [-0.06022939164967075, 0.3289507806059033, -0.12775312957235682, -0.1409683419909142] - [0.039046264027287156, -0.05332258650944076, -0.037418488915435866, 0.05169522107129226]
A2: [-0.009108430289582388, -0.3468030311197437, 0.2494552370004261, 0.10645683243502901] - [0.0800398353567768, 0.03628226730429496, -0.050250101778487384, -0.06607194892470236] - [-0.04245285060430228, 0.23083185671311413, -0.040531278922431274, -0.14784787341935768] - [0.06813477163332116, -0.2934678600816013, 0.14177123292074342, 0.0835618524426168]
B1: 1.2191697154424873e-08 - -6.289254627258431e-09 - -2.1501723955542315e-11 - 4.349922076953742e-10
B2: 4.3981359293806024e-08 - 3.5051904755835535e-08 - -4.785881898653891e-08 - -2.324901349935945e-08
