Number: 4441
Error: 1.0461040164497933e-15
A1: [0.06621310264137198, -0.11395215698351617, -0.02398402925849781, 0.0717227892418879] - [0.03740266280943173, 0.18819341785826366, -0.14740889695554404, -0.0781869603498051] - [-0.06022935742880712, 0.3289508134731463, -0.12775309608587784, -0.14096830868468066] - [0.03904613603268071, -0.0533227079972358, -0.03741861274607671, 0.051695098246179766]
A2: [-0.00910848719027681, -0.3468030914822191, 0.2494551796394409, 0.10645677277792553] - [0.08003973673072913, 0.03628216105578393, -0.05025020957120495, -0.06607205763264327] - [-0.04245278533649601, 0.23083192874655645, -0.040531208979103714, -0.1478478012357169] - [0.06813484865062108, -0.29346777528226137, 0.1417713164150445, 0.08356193879316387]
B1: -1.9815425502864974e-08 - 7.195916054786574e-09 - -1.1615193869079675e-08 - 6.70716513767442e-10
B2: -4.6105792556980976e-08 - 3.207278238505802e-08 - 3.766775779636871e-09 - -5.1891438275005464e-09
