Number: 5320
Error: 1.1403395800430083e-15
A1: [0.06621318116126383, -0.1139520802182371, -0.023983950800220283, 0.07172286762997972] - [0.03740262953548447, 0.18819338606737512, -0.14740892966631214, -0.07818699306347589] - [-0.060229338778464085, 0.3289508313854879, -0.1277530778358722, -0.1409682905326116] - [0.03904610230922156, -0.05332274000621059, -0.03741864537233682, 0.051695065884717596]
A2: [-0.009108448998500523, -0.3468030509669536, 0.24945521813982433, 0.10645681281974838] - [0.08003991225088711, 0.03628235014118332, -0.05025001773766398, -0.06607186417035604] - [-0.042452873003316696, 0.23083183199227866, -0.04053130292607781, -0.1478478981916482] - [0.06813473584487678, -0.2934678994861177, 0.14177119412258118, 0.08356181231739553]
B1: 1.4891770062247252e-08 - -3.664922300814549e-08 - 4.0848918071830604e-10 - -9.49270189902703e-09
B2: -1.0953407020141662e-08 - -1.0583685555212297e-08 - -1.3708691457933965e-08 - -2.6259295708516513e-08
