Number: 413
Error: 4.0962781457066694e-12
A1: [-0.012124060714093792, -0.01448704075004111, 0.01811970643377756, 0.008614444372520624] - [0.06583456594481175, 0.18949461696012293, -0.14532326239153334, -0.1100093062612368] - [-0.096285547349663, 0.4217933652713543, -0.053449165015003915, -0.272026964771582] - [-0.0013118054219175927, -0.01820992008699978, -0.0038247897897000513, 0.023387949834901507]
A2: [0.1615890650420734, -0.16775247384717057, 0.008503631066159456, -0.0023307838995939665] - [0.035479888229948145, 0.20751098023493772, -0.11721623505933648, -0.12579773800615707] - [-0.08621552286442483, 0.5815361842198725, -0.23539065136630377, -0.2599374972715287] - [-0.003852150980896189, -0.004536187436247451, 0.001093249760950311, 0.007226953094410164]
B1: -1.6874936382965216e-06 - -2.6028255697501622e-06 - 1.8969142553461622e-06 - 3.705434034604795e-06
B2: -2.271470265976214e-06 - -4.6185838596864034e-06 - 5.528226884711553e-06 - 4.705579419771088e-06
