Number: 1889
Error: 2.4686939971593224e-07
A1: [-0.010855755284426028, -0.01864260705915899, -0.0007711483438368936, 0.01569765749443604] - [0.06918164897755195, 0.19215536288094254, -0.14429505240035365, -0.10724229560820024] - [-0.11102629344722795, 0.44329830545859134, -0.06923019913784538, -0.2564307687643717] - [-0.02521850390751463, 0.01355083572691072, -0.031895058436778236, 0.0369594685305332]
A2: [0.13204704930509598, -0.22424525768308612, 0.02304370025066587, 0.07055994104849163] - [0.032979950099923126, 0.20409065817862806, -0.11454827305769358, -0.12111659361350265] - [-0.0940886883168521, 0.5560501770640687, -0.23466115644306162, -0.2250418917584278] - [-0.02036687056556668, -0.018882660008843706, 0.008502044509619009, 0.032575267586219335]
B1: 0.0005119050025357359 - 0.0006212001842583114 - 0.00046246470837689685 - 0.00016118363549026118
B2: 8.54356113019023e-05 - 0.0006457071276297643 - -0.0008666459439217326 - 9.138775423246079e-05
