Number: 6637
Error: 1.131074516077577e-15
A1: [0.08043168085671411, -0.18046781457798525, -0.01958886079663178, 0.1196249679107344] - [0.037415595454346647, 0.1335964016238531, -0.1347261707685151, -0.03628580964537896] - [-0.0017028528399989243, 0.2281900826802843, -0.1228284164228872, -0.10365894404264579] - [0.03886324425815098, -0.11448100875097472, -0.04641643157301116, 0.12203423777585501]
A2: [0.03530745613524487, -0.02927346268685017, -0.0756973375206446, 0.06966342142771294] - [0.10289373890274467, 0.2828966893973054, -0.3926064076331912, 0.006815983681102537] - [-0.011187097683382214, 0.5390145930085005, -0.3594510133087393, -0.16837646213357] - [0.09786282078968245, 0.01746333797459654, -0.1688509901603381, 0.05352490082723137]
B1: -4.832230961609722e-09 - 4.0796168340721305e-09 - -5.640468032589142e-09 - -6.138710541919932e-09
B2: -2.0043153093234237e-09 - 5.400682067088546e-09 - -2.5694033512335662e-08 - 9.80947791066447e-09
