Number: 6299
Error: 6.771386401009047e-16
A1: [0.08043164747530337, -0.18046784795561138, -0.019588894138126894, 0.1196249345331389] - [0.037415555603211956, 0.13359636180288403, -0.13472621054024464, -0.036285849474435035] - [-0.001702837370898679, 0.22819009814905736, -0.12282840097643717, -0.10365892857767182] - [0.038863206532873534, -0.11448104637037802, -0.0464164692742511, 0.12203420007402697]
A2: [0.03530751389068645, -0.02927340477166548, -0.07569728260753837, 0.06966348187508263] - [0.1028937922037747, 0.2828967431507102, -0.3926063560811434, 0.006816039495086055] - [-0.011186942714493083, 0.5390147489017231, -0.3594508666273975, -0.16837629883734906] - [0.09786286482319449, 0.017463382208403284, -0.16885094824330615, 0.053524947048109596]
B1: -2.8169735643147543e-08 - 7.453595107893821e-09 - -2.325418979050292e-08 - -1.906083763622903e-09
B2: -2.5798211186234664e-08 - -2.3354075324284088e-08 - -6.964630281439168e-09 - -1.4262686033916995e-08
