Number: 8341
Error: 8.970180137412451e-16
A1: [0.08043172450240989, -0.18046777093725905, -0.019588817203182264, 0.11962501155140393] - [0.03741557815828498, 0.13359638434093013, -0.1347261880299539, -0.03628582693175163] - [-0.0017027900134145863, 0.22819014550552125, -0.12282835368829202, -0.10365888123282177] - [0.038863273175399574, -0.11448097991488794, -0.04641640267421586, 0.1220342666751083]
A2: [0.03530718324564016, -0.029273736331135475, -0.07569759698112016, 0.06966313581969133] - [0.10289373488237208, 0.28289668534284657, -0.3926064115216217, 0.006815979471195994] - [-0.011187143486558495, 0.5390145469320725, -0.359451056662528, -0.16837651039789892] - [0.09786287220927503, 0.017463389628019764, -0.1688509412120717, 0.05352495480088225]
B1: 7.304377185875766e-09 - 1.704833329544749e-08 - 1.3673166680475386e-08 - 7.541832529545426e-09
B2: 2.771354318148127e-08 - -1.258481072313997e-08 - 7.22467845592098e-09 - 2.849794261446324e-08
