Number: 2016
Error: 6.212058577310393e-05
A1: [-0.030580695768891945, -0.039627623893907025, -0.024386762985569525, -0.00514794763285766] - [0.054252896459304305, 0.17772652541222572, -0.16018120680351386, -0.12402389450345114] - [-0.1089084504228645, 0.4466919188277596, -0.06846836895187627, -0.2531644526463397] - [-0.027182875513697694, 0.012269211452523451, -0.0346693465968432, 0.035576259739221704]
A2: [0.1363614957607971, -0.22170122757182822, 0.0296040859739016, 0.07596880562109619] - [0.035238051899852796, 0.20509526372286233, -0.1125610943095059, -0.11941420430443977] - [-0.09993559855290607, 0.5476096969877877, -0.2387209991282182, -0.2311852503796355] - [-0.032062600072996626, -0.03405251807762196, -0.0028191531588242034, 0.021447588245479196]
B1: 0.004685804023818973 - 0.01622141362812773 - 0.01072266147345428 - 0.003898735203625653
B2: 0.004663003853119586 - 0.010827537388306208 - -0.003401842211215874 - -0.002560667211771087
