Number: 4796
Error: 1.1921109736265097e-15
A1: [0.06621314905551799, -0.11395211160656064, -0.02398398288078306, 0.07172283557810719] - [0.03740258711259981, 0.18819334553507816, -0.14740897137134062, -0.0781870347721869] - [-0.06022934837797293, 0.32895082216601024, -0.12775308722923878, -0.1409682998755274] - [0.039046157214529496, -0.05332268789219694, -0.03741859225331409, 0.05169511857247736]
A2: [-0.009108543089600104, -0.34680315078269425, 0.24945512328773578, 0.10645671417049692] - [0.08003990394612304, 0.036282341194612315, -0.050250026814313974, -0.06607187332399032] - [-0.04245272192315198, 0.23083199873329985, -0.040531141022852775, -0.1478477311031503] - [0.06813484698936115, -0.2934677771115001, 0.1417713146138079, 0.08356193693045874]
B1: 1.1992035983073606e-08 - -2.532541177177944e-09 - -2.2476167254483994e-08 - -2.7700435035625196e-08
B2: -3.158832066889932e-09 - -8.048461823312321e-10 - -6.144646262697004e-09 - 2.0425365022264178e-08
