Number: 4907
Error: 9.242668712561274e-16
A1: [0.06621313834344729, -0.11395212207923176, -0.023983993584424015, 0.07172282488404463] - [0.037402564716783014, 0.18819332413739806, -0.1474089933881386, -0.07818705679092958] - [-0.06022924204437485, 0.3289509242936891, -0.12775298317736478, -0.14096819638329855] - [0.039046109095882985, -0.053322733564627134, -0.03741863880648492, 0.051695072397298474]
A2: [-0.009108509397848635, -0.34680311504106603, 0.24945515725211903, 0.10645674949446804] - [0.08003987827571488, 0.03628231354025076, -0.050250054870577245, -0.06607190161848633] - [-0.042452798614454036, 0.23083191409218926, -0.0405312232081533, -0.14784781592070104] - [0.06813475731356927, -0.2934678758482365, 0.14177121739679022, 0.08356183638757235]
B1: -1.815591577137507e-08 - 2.321429969506725e-08 - -2.506811510642098e-08 - -3.881612610131789e-08
B2: -1.0102212918851125e-08 - -2.3524903407795972e-08 - -4.945239746694931e-08 - 2.150745441245856e-08
