Number: 280
Error: 4.7822776730347845e-08
A1: [-0.012536011057127084, -0.014910185371191705, 0.01766451006481779, 0.008174411394722221] - [0.0646925478128551, 0.18839604538976826, -0.1465039857274316, -0.11128078138295547] - [-0.09692029350822279, 0.4211804236871113, -0.05413718672177741, -0.27276619246288547] - [-0.0008014806535756473, -0.01771882672926943, -0.003281245316579001, 0.02397786106650281]
A2: [0.16143306868029708, -0.16790548581123255, 0.0083509425882205, -0.002482758820274809] - [0.035603059230619724, 0.20763216783592575, -0.11709366406601386, -0.12567729286972776] - [-0.0860619493328056, 0.5816866717359933, -0.23524136017679323, -0.2597877214395503] - [-0.003804853258108721, -0.004489566701867709, 0.0011403108550168118, 0.007272417708911364]
B1: -1.7691496283589464e-05 - 0.0002708038450250944 - -0.00014855314128644709 - -7.544396583797382e-05
B2: 0.0005609188492990112 - -0.0005526332937076956 - -0.0004312727324971797 - -1.4384476642034798e-05
