Number: 182
Error: 4.861722167127145e-06
A1: [0.009528370215464023, 0.00763079854551672, 0.0418918396152021, 0.031653324714559276] - [0.06703681120146365, 0.19065780159985235, -0.14407330692080028, -0.10865916937166557] - [-0.07572125895579573, 0.4417477825908934, -0.031159284313629135, -0.2480365399519424] - [-0.007793847613058688, -0.024607690830663567, -0.010634296484398028, 0.015791151534959903]
A2: [0.1695081713219121, -0.1600543642947017, 0.016368230407833112, 0.005112434001876146] - [0.048978972863371543, 0.22077621859272342, -0.10377585048305585, -0.11262808967585515] - [-0.06695538016250532, 0.6002269197322315, -0.21664990970826767, -0.2414647049464555] - [0.009551867374701149, 0.008604547481821347, 0.014407864334813163, 0.019941526498515143]
B1: 0.0035895188426543698 - -0.0055166133121833955 - -0.000614860334681778 - -0.00010537914169009917
B2: -0.009506569136273424 - 0.0014541782962281804 - 0.010800817595359408 - -0.003153547725290519
