Number: 9696
Error: 2.2114956975625044e-14
A1: [0.05317238535914488, -0.14800143581786646, -0.026999211920770518, 0.12182765712141974] - [0.005313476748632406, 0.1308364509447581, -0.11360098680505927, -0.022550006787196368] - [-0.014444627204758871, 0.22309147014583855, -0.12704133010617302, -0.08160608368092034] - [0.027146316939006897, -0.10002018119504502, -0.049424651858750876, 0.12229797688319585]
A2: [0.08925482294460915, -0.07291300950243419, -0.12362706730457106, 0.10728674917343564] - [0.10884178541577973, 0.24981423773783093, -0.40484523403774103, 0.04618953765764192] - [0.03663560952550596, 0.46255479869132526, -0.3777177646170567, -0.1214735932593517] - [0.1434269966064691, -0.044606062014805326, -0.2014989853610362, 0.10268043425916311]
B1: -2.02184691989964e-08 - -5.791458098192105e-08 - -1.0642492375905173e-07 - -1.3157502549784822e-07
B2: 6.168990789242507e-09 - 7.023347304695624e-08 - 1.3347003230898904e-07 - 1.9795115898064492e-08
