Number: 8007
Error: 8.870254941195636e-16
A1: [0.08043170480213686, -0.18046779063528245, -0.019588836879842222, 0.11962499185342242] - [0.0374156063376109, 0.13359641249888413, -0.13472615990687992, -0.036285798768122594] - [-0.0017027999031019212, 0.22819013561604848, -0.12282836356349172, -0.10365889111986959] - [0.03886325045749693, -0.11448100256903364, -0.04641642537761241, 0.12203424397134821]
A2: [0.03530742726087873, -0.029273491641063836, -0.07569736497402141, 0.0696633912075487] - [0.10289370053777258, 0.28289665070674513, -0.39260644473930373, 0.006815943507415016] - [-0.011187087808842484, 0.5390146029418982, -0.3594510039622386, -0.16837645172846685] - [0.0978627801481953, 0.017463297148235746, -0.168851028848422, 0.05352485816691771]
B1: -1.12965283793382e-08 - 1.6494505386037596e-08 - 5.035895433996957e-10 - 5.376993850525054e-09
B2: 6.018127408876374e-08 - -9.119303258075767e-08 - 5.112663303895574e-09 - 4.8812796282926285e-08
