Number: 8665
Error: 4.1629283642138996e-15
A1: [0.08043173054781154, -0.18046776489249838, -0.01958881116496347, 0.11962501759617128] - [0.03741565080269324, 0.13359645693036307, -0.13472611553021535, -0.03628575432757132] - [-0.0017027709486342533, 0.22819016456989305, -0.1228283346514291, -0.10365886217311997] - [0.03886328215254876, -0.1144809709628537, -0.04641639370274334, 0.12203427564675495]
A2: [0.03530739087405821, -0.0292735281285176, -0.07569739957027256, 0.06966335312486853] - [0.10289375938022292, 0.2828967100486099, -0.3926063878275807, 0.006816005123958457] - [-0.011187116770802877, 0.5390145738071938, -0.35945103137545625, -0.16837648224658708] - [0.09786275787025905, 0.017463274768943236, -0.16885105005566725, 0.05352483478240576]
B1: 2.4882808679522693e-08 - 5.522554555890275e-08 - 3.971318574601028e-08 - 2.9641673278203045e-08
B2: -2.1755635051385193e-08 - -3.1237230988268244e-08 - -2.446464627931818e-08 - -1.9865774322539242e-08
