Number: 8569
Error: 1.1177647829350536e-15
A1: [0.0804316524000446, -0.1804678430314074, -0.019588889219289116, 0.11962493945732866] - [0.03741553445036376, 0.13359634066610251, -0.13472623165072117, -0.03628587061545018] - [-0.0017028090824158576, 0.22819012643691874, -0.1228283727293787, -0.1036589002967344] - [0.038863206549524625, -0.11448104635370407, -0.046416469257593934, 0.12203420009071714]
A2: [0.03530732101478993, -0.029273598180984184, -0.075697465991745, 0.06966328000974782] - [0.10289368190309682, 0.28289663191395936, -0.3926064627625415, 0.006815923994238687] - [-0.01118714762281291, 0.5390145427711928, -0.3594510605776403, -0.16837651475633714] - [0.09786271570911537, 0.017463232416043875, -0.16885109019043518, 0.05352479052703904]
B1: -2.1564753450569676e-08 - 9.867300300748428e-09 - -1.567475816362219e-08 - -1.8460184583472278e-09
B2: 1.625944813819189e-08 - -2.1378956038770652e-08 - 1.1099999634752071e-08 - 1.2933453538184683e-08
