Number: 8824
Error: 2.0524003667966933e-05
A1: [0.07832054802730179, -0.18262942861687406, -0.02156126023332243, 0.11749757156018098] - [0.03816791265547005, 0.13428612330514064, -0.133813918793691, -0.035556734108470565] - [-0.00928375723774306, 0.2205672914478844, -0.1302666934796686, -0.11124880746062724] - [0.03713874633125804, -0.1162455415998323, -0.048009011841634544, 0.1202960926734571]
A2: [0.033799981968627574, -0.030869635688587593, -0.07698932020112567, 0.06807761185881855] - [0.10265694365858544, 0.2826254607942291, -0.39273846411744434, 0.006565387078128386] - [-0.01010070900014905, 0.539968949935305, -0.35831075946678725, -0.16724543389610155] - [0.0964726635402573, 0.015999221080818037, -0.1700417541797626, 0.05205866335896775]
B1: -0.002857071265348915 - -0.0021793408342696404 - -0.0035371055666951557 - -0.002355985996531685
B2: 0.0007356878375667231 - -0.0006611826000287556 - 0.006172642970419958 - 0.0002568157637357713
