Number: 2375
Error: 9.142392592485754e-06
A1: [0.06101633873818167, -0.05120105280759892, -0.026948837535774216, 0.0051172904022130225] - [0.04414158202163733, 0.19166993168811605, -0.14241915636150826, -0.09194429622154865] - [-0.1315182880111104, 0.40735864980177144, -0.11239883196161017, -0.1950687745820645] - [0.028843662872987785, 0.011348201655193485, -0.0407075365301736, -0.031118136950975976]
A2: [0.09164653208490922, -0.1453107349155791, 0.11464989684715413, 0.051679511548749654] - [0.03029970841433466, 0.20127448717575933, -0.10072034951434132, -0.12690217760240263] - [-0.08291011534627249, 0.5247412671929492, -0.21435432860836373, -0.18417874720922392] - [-0.006514818705338215, 0.0381391431580806, -0.030348377866006422, 0.07603529772042572]
B1: -0.0016697068443523814 - 0.0010535776985939546 - -0.001497641762701972 - -0.005709930618337988
B2: -0.0009783290005687855 - -0.004970081534456839 - -0.0014719052414707886 - -0.0021365925306722137
