Number: 615
Error: 3.993977769505591e-14
A1: [-0.012152643390484111, -0.01451639931584837, 0.018088112869060192, 0.00858389928282692] - [0.06583525455207379, 0.18949527930122284, -0.1453225504804243, -0.11000853945388772] - [-0.09629405447530973, 0.4217851423332265, -0.05345839714891782, -0.2720368764855197] - [-0.0013216949010155165, -0.01821943206884137, -0.003835317929232339, 0.023376518601302135]
A2: [0.16158678974497637, -0.16775470562648515, 0.008501401440857556, -0.002333002288016827] - [0.03548561624731007, 0.20751661621864675, -0.11721053104550895, -0.12579213449744972] - [-0.08621334667097298, 0.5815383157301239, -0.2353885339587309, -0.25993537508120645] - [-0.0038350873438599263, -0.004519407853352845, 0.0011101380683616238, 0.007243277916811121]
B1: -6.41183241658736e-08 - -8.779226435058784e-08 - -7.530332070856605e-08 - -5.2524180507251575e-08
B2: 1.1630835090945193e-07 - 6.800085899240662e-07 - -7.4916889632704e-07 - -1.3721648401173814e-07
