Number: 2721
Error: 2.239563813052496e-09
A1: [0.06356449298735695, -0.04774335252142435, -0.023315430685930068, 0.007984168019811852] - [0.043526474281447465, 0.1911399484875359, -0.14270385831402466, -0.09266107671960679] - [-0.12353322143159547, 0.4147742053864348, -0.10494457598384457, -0.18715747827179458] - [0.036728562202125704, 0.018892259755741273, -0.03340590091107737, -0.02332398637860336]
A2: [0.06340065159900124, -0.17372549369880666, 0.08628672978557667, 0.023919663114952826] - [0.02931576226253829, 0.20032403401365745, -0.10168421648413216, -0.12784778578268075] - [-0.09262723650413446, 0.5144507479889836, -0.22482202461370435, -0.1943396710782088] - [-0.025008009448823504, 0.01943578349745712, -0.04936954478604191, 0.057872439834491946]
B1: -3.836620395288192e-05 - 0.00013270011525033749 - -1.0736230475137808e-05 - -1.9000731865112646e-05
B2: 0.00012102929495165874 - 2.8484841463890185e-05 - -4.4331837582024835e-05 - -4.551571918255529e-05
