Number: 4936
Error: 8.04993225586483e-16
A1: [0.06621321232097878, -0.11395204975483704, -0.023983919664948415, 0.07172289873742356] - [0.037402642860973126, 0.18819339879889, -0.1474089165664012, -0.07818697996239837] - [-0.06022936038048425, 0.3289508106382678, -0.12775309897415646, -0.14096831155728515] - [0.039046156866887866, -0.053322688222151166, -0.037418592589605566, 0.05169511823891495]
A2: [-0.00910856372989727, -0.3468031726787769, 0.2494551024804749, 0.10645669253036064] - [0.08003981217631662, 0.03628224233231685, -0.050250127113388825, -0.06607197447472428] - [-0.04245277786548743, 0.23083193699197907, -0.04053120097278515, -0.14784779297318604] - [0.06813480093021111, -0.29346782782452935, 0.14177126468133128, 0.08356188528974308]
B1: 2.0218994962072802e-08 - -3.1121383231864805e-08 - 8.881524849280248e-09 - 1.372173031257085e-08
B2: 2.2583095992569018e-08 - 5.088222374094688e-08 - -2.1351915560627534e-08 - -3.190933225209074e-08
