Number: 2273
Error: 0.00017898049068570593
A1: [0.03477343942633899, -0.06938427294965228, -0.046427247534161525, -0.017357817853792694] - [0.007237392273656877, 0.14899202096626396, -0.1950225110519518, -0.14508328565362422] - [-0.1315094133529283, 0.4205597018642591, -0.10063517062959193, -0.17969713354822012] - [0.02067640491498468, 0.01674708744561176, -0.03210626635596245, -0.030526716989589493]
A2: [0.10495849684208217, -0.13991662489039167, 0.13375944556724442, 0.06430399973164373] - [-0.01586604305413053, 0.15668858388005952, -0.14468401528458438, -0.17240769884816629] - [-0.19688278875119974, 0.4273418556469701, -0.31910951634403223, -0.29421448708868886] - [-0.13087980788943446, -0.07071035209377341, -0.15210994623667495, -0.041879828849594944]
B1: 0.02514950943869672 - -0.009690218549647557 - 0.015330848031734994 - -0.03391097193008613
B2: -0.0014143992268218167 - -0.009243335362745436 - 0.014251082361792872 - 0.003719665272902104
