Number: 4111
Error: 9.99596221948187e-16
A1: [0.06621318992309397, -0.11395207165222272, -0.02398394204525441, 0.0717228763771374] - [0.0374026423990039, 0.1881933983574804, -0.14740891702056808, -0.07818698041658757] - [-0.06022937048615545, 0.32895080093231943, -0.1277531088629871, -0.14096832139312626] - [0.03904620875070642, -0.05332263897609437, -0.03741854239386131, 0.051695168027125205]
A2: [-0.009108625812755507, -0.3468032385389891, 0.24945503989538512, 0.10645662743987946] - [0.08003982712808921, 0.03628225843959726, -0.05025011077207853, -0.06607195799462111] - [-0.04245280270015512, 0.23083190958294394, -0.04053122758672798, -0.14784782043934538] - [0.0681347518744017, -0.2934678818370544, 0.1417712115003355, 0.08356183028919868]
B1: 1.2518935338071857e-08 - 1.2827923023689347e-08 - 1.6317912530448288e-08 - 2.7049747526570136e-09
B2: -4.464459713222643e-09 - 7.08516463567224e-09 - 1.7716573276181014e-08 - 2.0373164183211168e-08
