Number: 5267
Error: 7.202821233080112e-16
A1: [0.06621310447275015, -0.11395215519304108, -0.023984027428557344, 0.07172279107016412] - [0.037402558787944636, 0.1881933184728475, -0.14740899921659328, -0.07818706261991192] - [-0.060229384183633085, 0.32895078777636155, -0.1277531222666302, -0.14096833472439824] - [0.039046072916400484, -0.05332276790479689, -0.03741867380893898, 0.05169503767901364]
A2: [-0.0091084833836331, -0.3468030874441249, 0.24945518347655413, 0.1064567767689402] - [0.08003981838550688, 0.03628224902139422, -0.05025012032704879, -0.06607196763080321] - [-0.04245289303951493, 0.23083180987914437, -0.04053132439765865, -0.1478479203508634] - [0.06813468804682131, -0.2934679521136776, 0.14177114230498647, 0.08356175872716223]
B1: 3.463056085062272e-08 - 8.93908930127469e-08 - 7.564239384215052e-10 - 1.6720584605648993e-09
B2: 9.071658440975987e-09 - 3.855561233577408e-09 - 8.042854392144333e-08 - -3.0881416524798583e-09
