Number: 8990
Error: 0.0003102452643615981
A1: [-0.011231125559537564, -0.24927528103093113, -0.09219522627009005, 0.047940152047514215] - [0.03439848899042802, 0.16198356760964142, -0.08793954425215567, 0.006300132078957313] - [-0.146737195481703, 0.0909940155156959, -0.23931644110613073, -0.21322362609572493] - [0.021864137736512378, -0.10735965336034495, -0.05062305340026677, 0.11755873349414106]
A2: [0.1372829262007431, 0.03709418958335883, -0.039404070478070666, 0.20394215480942063] - [0.10078763431526272, 0.2426985932164637, -0.41993207979395947, 0.03235024402506447] - [0.06747407995863242, 0.5459148187770005, -0.3404413047983787, -0.057638280446815904] - [0.15722786227569327, 0.013979278783054428, -0.16664870013621985, 0.1476248435747084]
B1: -0.01081719834609478 - 0.018031453619442063 - -0.004495549998516276 - 0.0048053279162326
B2: -0.023619971275071518 - -0.020543319275464787 - 0.04423979027827034 - -0.02154263922661489
