Number: 2490
Error: 2.2314262527096805e-07
A1: [0.05872869061079961, -0.0525781950925872, -0.028121497480732328, 0.0031657651371751966] - [0.04253535469142698, 0.19017984430959617, -0.1437343895891694, -0.09375829301365891] - [-0.1263130001489891, 0.41197893637707883, -0.10775540975984077, -0.18996624120656158] - [0.03282666551640214, 0.014971863738309688, -0.037316092569069204, -0.027224717277501986]
A2: [0.06392639092343234, -0.1731908991246299, 0.08680148158848715, 0.02444503875630759] - [0.02908621333444306, 0.20010067298612863, -0.10191202973771066, -0.1280707310550864] - [-0.0942137185285225, 0.5129149235804227, -0.2264113225859902, -0.1958674910504159] - [-0.027601859534503597, 0.01686985613131504, -0.05196596036864938, 0.055356521550151]
B1: 0.0002956254543054585 - 0.0004810212676919205 - 9.530873096649892e-05 - 0.0005367531155997378
B2: 0.0005459710543273258 - 7.764281965059962e-05 - -0.0005698990745314358 - -0.0002912856439527804
