Number: 2800
Error: 2.3283641164496165e-09
A1: [0.06342926876261026, -0.04787745902943091, -0.023448969600646446, 0.007849873816429664] - [0.04367800118695439, 0.1912864498832294, -0.14254769391812797, -0.09249416050750145] - [-0.12341816796882428, 0.4148878847925524, -0.10483203607436674, -0.1870457385087724] - [0.037012873670101136, 0.019176552489890815, -0.03312329188770671, -0.02304248843456398]
A2: [0.06336367690773963, -0.17376318575760188, 0.08624662342252887, 0.02388134765956413] - [0.029509187680900363, 0.20051472818560015, -0.10149162555563918, -0.1276584026083197] - [-0.09316694156264022, 0.5139204259554412, -0.22536254747436701, -0.19486267435668944] - [-0.02552591334610754, 0.018919992390340968, -0.049886202478447016, 0.057367600401864144]
B1: 2.2468264386767764e-05 - 0.0001405795600820673 - 4.8797810391177545e-05 - -1.131461520296128e-05
B2: 1.513313761282825e-05 - 2.677490243145431e-05 - 4.819650838286482e-05 - 1.4399812861387178e-05
