Number: 324
Error: 2.940468589416695e-09
A1: [-0.01251843277638391, -0.014892106732536632, 0.017683817317039822, 0.008193047204019487] - [0.06575072699868141, 0.18941396394154858, -0.1454099521947088, -0.11010265762176615] - [-0.09647142769399747, 0.4216137352246128, -0.05365084488379259, -0.27224354023208097] - [-0.001547058387633202, -0.01843615411255451, -0.004075191525077675, 0.023116014205631776]
A2: [0.16152156004462753, -0.1678187270848797, 0.008437474928838107, -0.0023966080459408975] - [0.03543959696038321, 0.20747133975824217, -0.1172563554859421, -0.12583714431456777] - [-0.08635206226346534, 0.5814024349941972, -0.23552351230105328, -0.260070648287177] - [-0.0038945895001196826, -0.00457789486708988, 0.0010512894554445184, 0.007186392253696261]
B1: -4.027045818411496e-05 - -0.00027234090937831574 - -5.2538370154325665e-05 - -3.67620962215297e-05
B2: -0.0001461247828278251 - -0.00041639780063272347 - 3.4389649366264244e-05 - 4.4229669969816597e-05
