Number: 8701
Error: 2.2442221441536355e-14
A1: [0.080431853860639, -0.18046764159342094, -0.019588687999453527, 0.11962514089500162] - [0.037414908838597, 0.13359571552763053, -0.13472685601601217, -0.036286495880704935] - [-0.0017032538770271213, 0.2281896816518568, -0.12282881687271634, -0.10365934497261244] - [0.03886354659561868, -0.11448070726162396, -0.046416129428023145, 0.12203453992557928]
A2: [0.03530754558640523, -0.02927337298826621, -0.07569725247117295, 0.069663515047646] - [0.10289364594860274, 0.2828965956536936, -0.39260649753785004, 0.006815886344850735] - [-0.011186924176850218, 0.5390147675496161, -0.35945084908062436, -0.16837627930420443] - [0.09786298425906423, 0.017463502187372516, -0.1688508345475806, 0.05352507241629228]
B1: 2.941900199576948e-08 - 1.3231099479434353e-07 - 5.0788406781609825e-08 - 5.8053226506175e-08
B2: -1.0204179977769035e-07 - 3.3847051726225316e-07 - 3.1010334290114645e-07 - -2.3027014697776942e-07
