Number: 3323
Error: 2.5220408542704635e-06
A1: [0.05502194526129857, -0.12493327214771449, -0.03534910810737538, 0.06043861418546711] - [0.03689889696083708, 0.18766588733846254, -0.14789019737211095, -0.07867387603807685] - [-0.06412621562831546, 0.3253611430479725, -0.13134915951754522, -0.14461046233877825] - [0.0400221415340577, -0.05239621023882333, -0.03654569376208838, 0.05257080551129391]
A2: [-0.005364894869742677, -0.3427503747729533, 0.253482068294003, 0.11050882739385773] - [0.0863621659101062, 0.04315673386166581, -0.04336970317460211, -0.059081448718341666] - [-0.048492549131889245, 0.22393976840601934, -0.04718012988592088, -0.1546747439001116] - [0.06597950135958752, -0.29598117827054016, 0.13934484560440058, 0.08107370826010957]
B1: 0.0004951700009027161 - 0.0007053346527863247 - 1.7331932264517795e-05 - -0.0011526673380009536
B2: -0.004768919805742252 - 0.004912380645305572 - 0.001653875140584756 - -0.000742233610338545
