Number: 779
Error: 7.875715429346776e-13
A1: [-0.012151546206529064, -0.014515272393139772, 0.018089325584908004, 0.008585071750907796] - [0.06583610571707194, 0.18949609808605852, -0.14532167044971495, -0.11000759176645916] - [-0.09628753411932503, 0.42179144414586567, -0.05345132178930838, -0.27202927995800363] - [-0.0013279609383959547, -0.018225458224707045, -0.003841987920205175, 0.023369276122508876]
A2: [0.161587497735083, -0.16775401097273238, 0.008502095149974425, -0.0023323120945500254] - [0.0354857820704341, 0.2075167793771032, -0.11721036591671458, -0.1257919722794981] - [-0.08621357430996027, 0.5815380927520504, -0.2353887554645247, -0.2599355970647579] - [-0.003834101083863678, -0.004518437992939781, 0.0011111142199978304, 0.007244221504606559]
B1: 2.8476729812068475e-07 - 5.98981184037383e-07 - 1.5531395491636154e-07 - 1.1084766721015603e-07
B2: 6.4118996327429e-07 - -7.4204277760966e-08 - 1.6602004447877943e-06 - -8.198949693701009e-07
