Number: 9621
Error: 1.0015552255568352e-14
A1: [0.053173097900805426, -0.14800072301786985, -0.026998500166520396, 0.12182837000594623] - [0.005313907396240417, 0.13083688204216842, -0.11360055622435708, -0.02254957553154073] - [-0.014444553247172977, 0.22309154413042448, -0.1270412562075816, -0.08160600969538082] - [0.027146880529236327, -0.1000196176083033, -0.04942408708173465, 0.12229854190400828]
A2: [0.08925355424724575, -0.07291427526363464, -0.12362830741429412, 0.10728546483468018] - [0.10884281749401173, 0.2498152699971394, -0.4048442224034068, 0.046190587100690496] - [0.03663649343388297, 0.4625556780008836, -0.3777169022315202, -0.12147270018255167] - [0.14342687430667614, -0.044606183861448385, -0.20149910477957067, 0.10268031014287973]
B1: -1.301095983551541e-07 - 9.54587298428079e-08 - 3.531088867454609e-08 - -4.540963384421495e-07
B2: 4.0838312337688126e-08 - -3.1246904917378025e-08 - 5.739077681587871e-08 - -2.603869340168614e-07
