Number: 9329
Error: 1.3839449338243918e-10
A1: [0.05308600089683889, -0.14808785177973247, -0.027085499653476737, 0.12174123049870246] - [0.005312470092065539, 0.13083544499525945, -0.11360199453807507, -0.022551021505288076] - [-0.01453355940506054, 0.22300250206856745, -0.12713018886102906, -0.08169504270375906] - [0.02709504485369692, -0.10007145246061376, -0.04947603158680762, 0.12224657131542921]
A2: [0.08931356996074838, -0.07285439273247095, -0.1235696483617082, 0.10734622213667211] - [0.1088741835108377, 0.24984664911405047, -0.40481348041233584, 0.046222484585399196] - [0.03663721632432332, 0.46255639749394756, -0.3777162009824112, -0.1214719698198907] - [0.1433788194338483, -0.044654062165387406, -0.2015460335278186, 0.10263154193318125]
B1: -1.0740825234481594e-05 - -8.252564558102255e-06 - 8.017839315892603e-06 - 1.9678669790359308e-05
B2: 1.0325914539390536e-05 - 1.0492790216054942e-06 - -7.4832554692942475e-06 - 1.5655539588926846e-05
