Number: 1528
Error: 4.908047881450923e-10
A1: [-0.006800173226795038, -0.014603038933128972, 0.0033993773579406284, 0.019852289270404624] - [0.06667314830859729, 0.18973660510035245, -0.14689393269777423, -0.11003325542750496] - [-0.11203336556087297, 0.44232614747953547, -0.07021442882201517, -0.25750196281040255] - [-0.023005179071814652, 0.015701797212754727, -0.02956285298243565, 0.039296301877249085]
A2: [0.13151109118746232, -0.22470236143072625, 0.022592584202170182, 0.07008729431744391] - [0.0327002922252515, 0.20380230681791695, -0.11483442337387086, -0.12140470192411862] - [-0.09468213164181252, 0.5554811521240478, -0.235261255103297, -0.22569432477263035] - [-0.02094662330187338, -0.019393431188956547, 0.007999223828048699, 0.03206707882684538]
B1: -2.4525680459008597e-05 - -0.00012603315113966595 - -1.5733797811544842e-05 - -1.8941260490893155e-05
B2: 1.1965053479054039e-05 - -0.00011470403174948609 - 7.404289006957498e-06 - -3.255144215361504e-05
