Number: 4966
Error: 1.1011535395036117e-15
A1: [0.06621316176861139, -0.11395209917753833, -0.02398397017764309, 0.07172284826989582] - [0.0374026294842836, 0.1881933860183688, -0.14740892971671193, -0.07818699311387323] - [-0.06022934519174481, 0.32895082522622515, -0.1277530841113462, -0.14096829677441172] - [0.03904616731026619, -0.05332267830968473, -0.0374185824859831, 0.05169512826050111]
A2: [-0.00910851977087463, -0.3468031260452173, 0.24945514679516004, 0.10645673861892437] - [0.08003983223576931, 0.036282263942078, -0.05025010518956914, -0.06607195236474757] - [-0.04245280813609702, 0.2308319035835359, -0.0405312334119116, -0.14784782645125344] - [0.06813479031622392, -0.2934678395109659, 0.14177125317476583, 0.0835618733895351]
B1: 2.106637348048819e-08 - 9.389043561964445e-09 - 4.0243413005601665e-09 - 5.954083689564526e-09
B2: -3.666609686110948e-09 - 9.257295470925427e-09 - 1.6960857307541215e-08 - 1.9315593096083594e-08
