Number: 6113
Error: 2.7604715023729033e-15
A1: [0.08043161424353007, -0.18046788118364543, -0.01958892733017443, 0.1196249013051473] - [0.03741556540391362, 0.13359637159613888, -0.13472620075908553, -0.03628583967917648] - [-0.0017028477312223994, 0.2281900877889554, -0.12282841132159121, -0.10365893893524922] - [0.038862876363271, -0.11448137561340854, -0.04641679923347239, 0.12203387010961468]
A2: [0.03530762403505932, -0.029273294322639077, -0.07569717788375041, 0.06966359715318599] - [0.10289356588201046, 0.2828965149081078, -0.39260657497653123, 0.006815802503034099] - [-0.011187122357700889, 0.5390145681870102, -0.3594510366634922, -0.168376488133778] - [0.09786261303469448, 0.01746312927458264, -0.16885118792949538, 0.05352468275201183]
B1: 8.877357639301571e-08 - -1.4597727019705618e-08 - 4.847844721546362e-08 - -4.3301931907380975e-08
B2: 2.501515532166745e-07 - 3.131942670491782e-07 - -3.590506027377657e-07 - -4.477373213340009e-09
