Number: 6773
Error: 9.056732544051689e-16
A1: [0.08043161761025736, -0.18046787781727827, -0.01958892396746547, 0.1196249046715007] - [0.03741554234443368, 0.13359634855413788, -0.13472622377260632, -0.03628586272587271] - [-0.0017028682985761926, 0.2281900672220352, -0.1228284318588298, -0.10365895949709705] - [0.03886318187224012, -0.11448107096180518, -0.04641649391917053, 0.12203417542871718]
A2: [0.03530747060045214, -0.029273448181634344, -0.07569732376730827, 0.06966343656711992] - [0.10289375854075351, 0.2828967092019849, -0.3926063886395685, 0.0068160042449715895] - [-0.011187074996552079, 0.5390146158306452, -0.35945099183515483, -0.16837643822767082] - [0.09786283724931284, 0.01746335450909501, -0.16885097449183178, 0.053524918104481525]
B1: -1.850399581685911e-08 - -2.09254911206093e-08 - -1.5580135559705106e-08 - -1.9004994031240807e-08
B2: -2.321237521258142e-08 - -1.040741267153043e-08 - -1.0118755222829984e-08 - -9.322180936565862e-09
