Number: 9966
Error: 9.807279642461507e-16
A1: [0.053172521485750586, -0.14800129964079292, -0.02699907594358119, 0.12182779331379374] - [0.005313755922247252, 0.13083673041177538, -0.1136007076724181, -0.02254972721992084] - [-0.014444540261976745, 0.22309155712087106, -0.12704124323175275, -0.08160599670701883] - [0.027146541329056185, -0.10001995680520875, -0.04942442699507157, 0.1222982018433611]
A2: [0.089254452596943, -0.07291337899307612, -0.12362742930823366, 0.10728637425896677] - [0.10884156087141036, 0.24981401315408647, -0.4048454541347381, 0.04618930933513021] - [0.03663571571383573, 0.4625549043269639, -0.3777176610145829, -0.12147348596980011] - [0.14342628820095174, -0.044606767781153925, -0.20149967705776467, 0.102679715343476]
B1: 2.8880034676211388e-08 - -1.8688802734152197e-08 - -1.166525680229146e-08 - 5.32748145825071e-09
B2: -2.1398197710951397e-10 - -3.620426481908573e-09 - 3.857976962001407e-09 - -8.659045814411342e-09
