Number: 9683
Error: 1.4656748324022038e-14
A1: [0.05317238761857604, -0.14800143355770434, -0.02699920966387853, 0.12182765938193774] - [0.005313463172926246, 0.13083643735440897, -0.11360100037928188, -0.02255002038187111] - [-0.014444239877587944, 0.22309185761455616, -0.1270409430860592, -0.08160569621549603] - [0.02714663060101544, -0.10001986753381484, -0.0494243375353593, 0.12229829134212347]
A2: [0.08925386752016189, -0.0729139627175493, -0.12362800120273407, 0.10728578196806422] - [0.10884185506586516, 0.24981430740022847, -0.4048451657669804, 0.04618960847974568] - [0.03663617195868292, 0.4625553581981461, -0.37771721587867974, -0.12147302499250873] - [0.14342610989625584, -0.04460694542262017, -0.2014998511568791, 0.10267953439328543]
B1: -1.346013804344879e-07 - -4.0038991573737746e-08 - 1.287855654864801e-07 - -1.3203904088656537e-07
B2: -1.6612255685868726e-07 - 1.322311049468833e-07 - 2.3332302253369887e-07 - -5.822263290753027e-08
