Number: 4760
Error: 8.185072121450842e-16
A1: [0.06621319237788263, -0.11395206925230018, -0.023983939592416823, 0.07172287882776669] - [0.03740263774730937, 0.18819339391311846, -0.14740892159353391, -0.0781869849899771] - [-0.06022937406470981, 0.3289507974953001, -0.12775311236477505, -0.14096832487587457] - [0.039046136607520175, -0.053322707451615506, -0.03741861218993287, 0.051695098797737156]
A2: [-0.009108553813475475, -0.34680316215902907, 0.24945511247709268, 0.1064567029271069] - [0.08003989334791797, 0.036282329777317136, -0.05025003839754643, -0.06607188500557484] - [-0.04245276311193269, 0.23083195327489267, -0.04053118516232766, -0.1478477766562973] - [0.06813484092509083, -0.293467783788512, 0.14177130803955648, 0.08356193013130828]
B1: 1.1093599300401705e-08 - 3.291629419646349e-08 - -2.965996949529706e-09 - 1.6493517391270715e-09
B2: 9.639736149433764e-09 - 7.250043757295026e-09 - 1.273775597346747e-09 - 1.3518766822016833e-08
