Number: 5882
Error: 8.155888867216751e-08
A1: [0.08023522931726423, -0.18066505312054623, -0.01978452955510747, 0.11942878255112817] - [0.03665835042459043, 0.13283936812580946, -0.13548152440377742, -0.03704244725146777] - [-0.0017640782930410175, 0.22812869997313437, -0.12288921004791381, -0.10371997764105595] - [0.039338213466603746, -0.11400784322729805, -0.04594125388489635, 0.12250917136012981]
A2: [0.03652872453637239, -0.028049359566513932, -0.07453602945809497, 0.07094221113721452] - [0.10442499078407862, 0.2844391922905045, -0.39112628611551986, 0.008419923188259813] - [-0.00829772719193544, 0.5419201916191618, -0.3567155275676446, -0.1653303463710085] - [0.09966385153374376, 0.019271860051460782, -0.1671362152509409, 0.05541627003181311]
B1: 0.0001302334307950521 - -0.0006005811170713859 - 0.0005282216684310676 - 0.00025028376371325807
B2: -0.0004774666925669769 - -0.00020283588668408114 - 0.0004901931994198251 - -3.672928495510707e-05
