Number: 514
Error: 4.940122580805488e-13
A1: [-0.012150465236180585, -0.014514162128365567, 0.018090520387764965, 0.008586226897873622] - [0.06583528473323036, 0.1894953083336386, -0.14532251927622772, -0.11000850585066874] - [-0.09629139128727073, 0.4217877162637424, -0.0534555072643331, -0.2720337737342333] - [-0.001321851281638459, -0.01821958245570544, -0.003835484388473062, 0.023376337852079897]
A2: [0.16158712235909548, -0.16775437927464834, 0.008501727355092662, -0.00233267802047659] - [0.03548546773285686, 0.20751647009210433, -0.11721067893682573, -0.12579227978008084] - [-0.08621399067271339, 0.5815376849291358, -0.23538916059865492, -0.2599360030783912] - [-0.0038351857908517934, -0.004519504665613419, 0.001110040627882869, 0.007243183729034261]
B1: 7.789988161338634e-08 - 9.726653652085339e-07 - 3.6588979509899886e-08 - 2.0248822711784087e-07
B2: 1.6364375758072996e-06 - -5.409637017347419e-07 - -6.164607780849179e-07 - -1.3384070950303676e-06
