Number: 1293
Error: 7.101301488875133e-09
A1: [-0.007874573212218782, -0.01568675316066157, 0.002283040616959286, 0.01874911834601473] - [0.06674810819464602, 0.18980867664353493, -0.14681653001457476, -0.10994980590366739] - [-0.11302827975865383, 0.4413519762395902, -0.07125035146271673, -0.2585795147457844] - [-0.02414248026903863, 0.01458499749990871, -0.030723257295446553, 0.03809541018621835]
A2: [0.1314901236351199, -0.22472391173496004, 0.02257265146623328, 0.07006680454235995] - [0.03237527424801694, 0.20348255951549965, -0.11515825955033908, -0.12172255357191276] - [-0.09516796718859266, 0.5550031809635585, -0.23573831854655156, -0.2261709234478249] - [-0.021025819523518223, -0.019472627976307395, 0.007921769402257545, 0.031991037974539144]
B1: 0.00010190602614612923 - -4.05103623375167e-06 - 1.4397959172179414e-05 - 9.847327281993422e-05
B2: 8.124385778926333e-05 - 7.722203111119407e-05 - 2.2994336596212115e-05 - 6.321449744197579e-05
