Number: 1915
Error: 6.54048657876817e-06
A1: [-0.0023261767309475188, -0.010031842557994912, 0.008065344553441954, 0.024426753422023304] - [0.06320204435621685, 0.18640655347295457, -0.1504725680238347, -0.1138895318583915] - [-0.10314490433065925, 0.4510463509530223, -0.06103272773323165, -0.24788814584606972] - [-0.013186839932197368, 0.025394292769563745, -0.0196455015896919, 0.049661291349560044]
A2: [0.13598826700113406, -0.2203883182677471, 0.026962299121983134, 0.07447092534660595] - [0.032803181644941094, 0.20391402676935236, -0.11472360577266434, -0.12128710555135616] - [-0.09198675617070093, 0.5580837396253429, -0.23257038429323082, -0.22293547632695576] - [-0.01660295928252731, -0.015171325559675266, 0.01223409210118191, 0.036195666115898535]
B1: 0.001907851838985043 - 0.0009312174494517473 - 0.0008348053822052378 - -0.0009364481999247705
B2: 0.0018656110355913828 - 0.0009512070563548222 - 0.003617865980756564 - 0.0032284725739529195
