Number: 5027
Error: 1.4227621195114236e-15
A1: [0.0662131795811622, -0.11395208176302891, -0.02398395237906635, 0.07172286605255788] - [0.03740263907998201, 0.1881933951864126, -0.14740892028340083, -0.07818698367972808] - [-0.06022935911439134, 0.3289508118542709, -0.12775309773523746, -0.1409683103250264] - [0.03904618519781434, -0.05332266133146294, -0.03741856518034994, 0.05169514542562015]
A2: [-0.00910873172599592, -0.3468033508959892, 0.2494549331251687, 0.10645651639593721] - [0.08003980905189953, 0.036282238966431284, -0.05025013052819026, -0.06607197791852396] - [-0.04245284149497034, 0.23083186676670617, -0.0405312691605433, -0.14784786334481023] - [0.06813475161829285, -0.2934678821189626, 0.14177121122256342, 0.08356183000214155]
B1: -5.0159265614157505e-08 - -4.561116214316148e-09 - 1.8985749767847447e-09 - -5.403300501805652e-09
B2: -4.556253485169212e-09 - -2.282603442361178e-08 - 4.360667964786108e-08 - -2.643666452759796e-08
