Number: 3771
Error: 8.081163259293353e-16
A1: [0.06621321192114155, -0.1139520501457667, -0.02398392006448269, 0.07172289833825597] - [0.03740264003406389, 0.18819339609793262, -0.1474089193454981, -0.07818698274171619] - [-0.06022931327467654, 0.32895085588078404, -0.1277530528792363, -0.14096826571049673] - [0.039046163444117925, -0.05332268197940069, -0.037418586226473205, 0.05169512455043967]
A2: [-0.00910854126163293, -0.34680314884341984, 0.24945512513064194, 0.10645671608714516] - [0.0800398080203383, 0.03628223785507154, -0.0502501316557709, -0.06607197905563672] - [-0.04245287156688196, 0.23083183357731307, -0.040531301387057524, -0.14784789660336722] - [0.06813476515620094, -0.29346786721320034, 0.141771225899124, 0.08356184518056568]
B1: 6.773885374102657e-11 - 1.5780657942215728e-08 - 3.5332754098611586e-08 - -5.736497187567826e-09
B2: 5.0008660110394986e-09 - 7.48509433530011e-09 - -3.0023414759745026e-09 - 2.804990235713671e-08
