Number: 5325
Error: 1.1241304114146478e-15
A1: [0.06621318874808332, -0.11395207280095353, -0.02398394321935256, 0.07172287520406906] - [0.03740263198899063, 0.18819338841153627, -0.14740892725432533, -0.07818699065127556] - [-0.060229300511751765, 0.32895086813861046, -0.12775304039029658, -0.1409682532884307] - [0.03904623834044379, -0.05332261089029833, -0.03741851376653177, 0.05169519642194451]
A2: [-0.009108441421166407, -0.34680304292861036, 0.24945522577845844, 0.10645682076414917] - [0.08003990282873925, 0.03628233999084427, -0.050250028035520276, -0.06607187455565104] - [-0.042452896377816275, 0.2308318061948346, -0.04053132797504302, -0.14784792404285382] - [0.06813469955091801, -0.2934679394471846, 0.14177115477656513, 0.08356177162536446]
B1: 4.823703002725576e-08 - -6.004540500228506e-08 - -1.6760172824399725e-08 - -2.46117323977653e-08
B2: -1.0396717299466627e-08 - -2.0014170448074858e-08 - -2.9617062074242914e-08 - 3.1832601296156474e-08
