Number: 9709
Error: 1.3719541496625751e-14
A1: [0.0531725125717466, -0.14800130855836666, -0.026999084848120542, 0.12182778439531206] - [0.005313814483261355, 0.13083678903378623, -0.11360064912106296, -0.022549668576521725] - [-0.014444741451787998, 0.22309135585707057, -0.12704144426255382, -0.0816061979687878] - [0.027146335198238607, -0.10002016293569085, -0.04942463356074784, 0.12229799518880852]
A2: [0.08925488260009609, -0.0729129499846335, -0.12362700899342113, 0.10728680956438728] - [0.10884171736355594, 0.24981416967374814, -0.4048453007422331, 0.04618946846029561] - [0.036636311615914074, 0.46255549712860033, -0.37771707962297585, -0.1214728838872407] - [0.1434266219268413, -0.04460643529852139, -0.20149935120337403, 0.10268005402059244]
B1: -7.124019497196306e-08 - 4.5698648468245754e-08 - -1.1190829097813021e-07 - -1.591190683671375e-08
B2: 1.0415113129829401e-07 - 3.429340021049048e-08 - 6.44049850864927e-09 - 9.995135327462574e-08
