Number: 8829
Error: 0.00019249546904494505
A1: [0.0803348007128535, -0.18057718302849213, -0.01968883704161572, 0.11953359273907206] - [0.037236506641910576, 0.1333912857735723, -0.1348665647745572, -0.03646783023864645] - [-0.004269487461262149, 0.22559813536209886, -0.12536221108738452, -0.10622231240608795] - [0.03855199449261134, -0.11478942217925628, -0.04675602494949362, 0.12173432213376013]
A2: [0.04050458354528278, -0.024140284042817536, -0.07064804994673565, 0.07510081269315433] - [0.10936906248518993, 0.2894023658470124, -0.3862421356421547, 0.013590469080600404] - [-0.0032259980720849013, 0.5468811074788861, -0.35193109595071576, -0.1599685943761424] - [0.10623116919103584, 0.025812935694521377, -0.16076937918632367, 0.062301789911608]
B1: -0.004318753700821102 - -0.0032032517322973363 - -0.004407807181982628 - -0.0037177597757814124
B2: 0.010095652292036832 - 0.01006426927350348 - 0.011599608065233977 - 0.009869090323031609
