Number: 3401
Error: 7.176272633423091e-08
A1: [0.06730979846997504, -0.11288013295187975, -0.022888977644806466, 0.07281822688245923] - [0.0374096027013167, 0.1881998230711709, -0.14740219852069944, -0.0781798503038895] - [-0.06592479179680469, 0.3234763620451915, -0.1333317372045794, -0.14652188176399186] - [0.03721052558464634, -0.055062870089247, -0.03919367381682, 0.04993061547709768]
A2: [-0.007989217037848785, -0.3456156898983493, 0.25058374317424986, 0.1076322389021108] - [0.0800643396820867, 0.036308411625934074, -0.05022490222702452, -0.06604845442221143] - [-0.042823206516814954, 0.23042277282269322, -0.04092896848788275, -0.14825998210172783] - [0.06747478173981465, -0.2941930237617125, 0.14106604639183898, 0.08282797264463594]
B1: 0.0004321778695352107 - -0.0006093699536036522 - -0.00029066583797007246 - 0.00010093153045471597
B2: -4.348909485990165e-05 - 8.169909648185696e-05 - 0.0001593829798537834 - -0.0010414798515106874
