Number: 8283
Error: 1.2164613876413858e-15
A1: [0.08043170009018351, -0.18046779534671895, -0.019588841586217116, 0.11962498714197335] - [0.03741563035469759, 0.1335964364978338, -0.13472613593754945, -0.0362857747642729] - [-0.0017027958621297524, 0.22819013965692497, -0.12282835952844783, -0.10365888707998654] - [0.03886324968277909, -0.11448100334157704, -0.046416426151863414, 0.12203424319709937]
A2: [0.03530740705229241, -0.029273511905503872, -0.07569738418813149, 0.06966337005712396] - [0.1028937906885207, 0.28289674162259754, -0.3926063575465973, 0.006816037908305199] - [-0.011187171413844461, 0.539014518838219, -0.3594510830963616, -0.1683765398257986] - [0.09786274710901, 0.017463263958757604, -0.1688510602996597, 0.05352482348660383]
B1: 2.381556060808706e-08 - 6.842466478385356e-09 - 8.381760687301937e-09 - -2.226610470692889e-08
B2: -1.671065807959559e-09 - 1.4431309113751849e-08 - 1.5618508424372574e-08 - -2.6827474771498413e-09
