Number: 1506
Error: 1.8856085061494666e-08
A1: [-0.007779587047859047, -0.015591334624395473, 0.0023813379990111003, 0.01884635714750115] - [0.0664674249851789, 0.1895386852648057, -0.14710654401834466, -0.11026208625402394] - [-0.11297440747029895, 0.4414038186389644, -0.0711947863890146, -0.2585209521315586] - [-0.023752021814301628, 0.0149678956560108, -0.030325131023656103, 0.038507862151663415]
A2: [0.1314589326988655, -0.2247536376646828, 0.02254122728027338, 0.07003626902041721] - [0.03256539384173526, 0.20366963267121826, -0.11496881674806136, -0.12153665563035916] - [-0.09460939648715498, 0.5555528416712902, -0.23518981735931588, -0.22562269625526604] - [-0.020678913455508454, -0.01912948331216273, 0.008264906571452992, 0.03232413537926694]
B1: -6.924213257238586e-05 - -0.00020454692042607336 - 3.4540265604942375e-05 - 5.102314693557656e-05
B2: -0.00017101879475164963 - -0.00010959618775510492 - 6.426424429086337e-05 - -0.00038630011184316777
