Number: 1062
Error: 8.063615906578739e-05
A1: [-0.008731380167650989, -0.0174153827877606, 0.001223987916578693, 0.01636374347551999] - [0.08132639824369105, 0.2036904677983485, -0.13219807799886985, -0.09384018351829213] - [-0.16291509665693765, 0.38796743290700947, -0.13570539056165315, -0.31859972051564633] - [0.007045939407808632, 0.04685149919250928, 0.012073441584168596, 0.0736567718133043]
A2: [0.16121420944621936, -0.19411180573496195, 0.04856099439605625, 0.10088934732125959] - [0.02175897135503502, 0.19322767751996153, -0.12525425598466522, -0.13257212987598074] - [-0.16396851815650143, 0.488249459611836, -0.29391014319032294, -0.30213089085141775] - [-0.01945901633688562, -0.01852805895555948, 0.010364795161439405, 0.03263600796164058]
B1: 0.003960907988533098 - 0.005089299700214287 - -0.014460659793776783 - -0.005705817937948979
B2: 0.003447126981113254 - -0.008739865736510442 - 0.004931543476284651 - -0.009065649409718397
