Number: 1527
Error: 3.826565354915724e-09
A1: [-0.006865603643376769, -0.014669067046270854, 0.003331359378659919, 0.019785081866593168] - [0.06660116638301883, 0.1896673482556536, -0.14696833477587726, -0.11011332970751644] - [-0.11214128813357817, 0.4422203400293909, -0.07032688804655803, -0.25761883857533663] - [-0.023015314328566943, 0.015691826112490884, -0.02957320168759527, 0.0392855936468257]
A2: [0.13141487843326724, -0.22479701809194882, 0.022497963330393028, 0.06999321425934481] - [0.03268981532480101, 0.20379200087352448, -0.11484485879289413, -0.12141495317084261] - [-0.09474408889174238, 0.5554201830709126, -0.235322167016061, -0.22575523480666793] - [-0.020933978586624956, -0.019380967933110192, 0.00801177197030438, 0.032079219934134116]
B1: -4.5118137470200585e-05 - -6.146105945152106e-05 - -2.358709329866742e-05 - 7.87514217305328e-06
B2: 3.727121196102222e-05 - -0.00020059243287027105 - 5.056467280166611e-05 - -1.509072833706627e-05
