Number: 116
Error: 5.4309176984359634e-05
A1: [-0.03422166092736095, -0.038065146673192114, -0.005832065617946666, -0.013843543995615677] - [0.09330672231219268, 0.21767800955540087, -0.11799353539207713, -0.0810405180174568] - [-0.11679746034770278, 0.40283379048946016, -0.07530703961095757, -0.29498424054454553] - [-0.015235213753471637, -0.030532362051807448, -0.017718779378251105, 0.008517529806623497]
A2: [0.23128081799267378, -0.09972443280399923, 0.07682569347451539, 0.06525486558222768] - [0.06866868297592668, 0.23814012025047268, -0.08615823345076688, -0.09522527158405727] - [-0.025563976855399084, 0.6416143223353973, -0.176523175017066, -0.20129157531404243] - [0.08206665353176101, 0.08171579673323194, 0.08619510345984999, 0.0893271000258949]
B1: 0.0008820808917297494 - 0.22006519272007205 - 0.0022580371750734168 - -0.002317498725693137
B2: 0.003810783862918853 - 0.21404761083141044 - 0.001860799340854425 - 0.0006469981145889787
