Number: 9352
Error: 4.2638296626995996e-11
A1: [0.05319450072839902, -0.1479793092219239, -0.026977118906118338, 0.12184978635490787] - [0.00525344630370467, 0.13077635378406144, -0.11366101027811727, -0.022610124594534604] - [-0.014431193261271924, 0.22310490974046845, -0.12702790603590125, -0.08159264379435902] - [0.02715292990129628, -0.10001356633436141, -0.04941802298426729, 0.12230460965808893]
A2: [0.08927339442738451, -0.07289448351636836, -0.12360891660766092, 0.10730554968954342] - [0.1088238569407265, 0.24979630904009886, -0.4048628089293657, 0.046171309839353275] - [0.036625352152684656, 0.4625445946538982, -0.377727773561774, -0.12148395672072411] - [0.14339843787415696, -0.044634512714525676, -0.2015268715330468, 0.10265145260944697]
B1: 7.00082638427599e-06 - -9.106633318743228e-07 - 1.0229969601884587e-06 - 1.5426386328484871e-06
B2: -1.5548591100056794e-05 - 1.060481226695113e-05 - 2.4649568244145657e-05 - -1.632619594783424e-05
