Number: 9961
Error: 1.396107525572066e-15
A1: [0.053172548096798604, -0.14800127301996602, -0.026999049361867082, 0.121827819937671] - [0.005313779578389946, 0.13083675409272405, -0.11360068401986094, -0.022549703530421687] - [-0.014444480000895966, 0.22309161740401762, -0.12704118301838094, -0.08160593642443777] - [0.027146576507402938, -0.10001992162692235, -0.04942439174252541, 0.12229823711109834]
A2: [0.08925440770721645, -0.07291342377899908, -0.12362747318657107, 0.10728632881574202] - [0.10884159279515851, 0.24981404508346663, -0.40484542284329594, 0.0461893417960032] - [0.03663573693585416, 0.46255492543855853, -0.3777176403093177, -0.12147346452767929] - [0.14342627871322985, -0.04460677723354021, -0.2014996863217013, 0.10267970571498757]
B1: 2.1920313911363516e-08 - -1.1445004710158646e-08 - -5.623891184262988e-09 - 9.717501191534734e-09
B2: -3.637308207453996e-09 - 1.1487693527187109e-08 - -3.3037973868500285e-08 - 5.176660958490935e-08
