Number: 3630
Error: 5.793448164592687e-13
A1: [0.06621696076982553, -0.1139483850601344, -0.023980174160288015, 0.07172664089405996] - [0.0374035201043984, 0.18819423694666576, -0.14740805416424643, -0.07818611748808166] - [-0.06022604305350544, 0.3289539967634455, -0.1277498528189875, -0.14096508287687573] - [0.03904662077993232, -0.05332224790570697, -0.03741814378365742, 0.05169556341001685]
A2: [-0.009103982962243842, -0.34679831321748716, 0.24945972030494457, 0.10646149518408117] - [0.08003906482351532, 0.036281437220097815, -0.05025094392696118, -0.06607279821443363] - [-0.04245299897615821, 0.23083169294234185, -0.04053143793606538, -0.14784803751109118] - [0.06813865769090488, -0.293463581372585, 0.1417754457830328, 0.08356620941958295]
B1: -2.043980616903223e-09 - 1.0799000965579389e-06 - 1.1293444025120791e-06 - 1.1459898169606588e-07
B2: 2.041473024405465e-06 - -3.0450044987697125e-06 - 1.5672743966918094e-06 - 2.397121832131618e-06
