Number: 2348
Error: 1.0009447877087143e-05
A1: [0.06943292373806578, -0.04355689043048231, -0.01991268877771427, 0.012885401554891946] - [0.04459379956619067, 0.19203648584565947, -0.14208914749175938, -0.09135693641013984] - [-0.1275972466440786, 0.41151492096550873, -0.1082120157793348, -0.19087019533821134] - [0.027853960372005288, 0.010568237540698237, -0.04138681271928968, -0.03213124786977679]
A2: [0.07538117611224561, -0.16096249193935258, 0.09893338986523886, 0.03569860802207453] - [0.031696079459969204, 0.20261677711563847, -0.09938282879306348, -0.12558646054088882] - [-0.10830367947936757, 0.49926031121247505, -0.240299289142583, -0.20914004577261702] - [-0.037386384246343274, 0.00746183269676449, -0.06098338947454282, 0.046449002450163895]
B1: 0.005025578118351682 - 4.417021732736428e-06 - -0.0039199622026631145 - -0.00593336885011636
B2: 0.0007612764341022432 - -0.0017081862327942704 - -0.0015658323738635426 - -0.003750609868462227
