Number: 4215
Error: 1.1894107820619008e-15
A1: [0.06621318902584881, -0.11395207252941877, -0.023983942941797516, 0.07172287548139662] - [0.03740263116615614, 0.18819338762525936, -0.14740892806331501, -0.0781869914603142] - [-0.060229356913754244, 0.3289508139678722, -0.1277530955818282, -0.14096830818339903] - [0.039046134819632754, -0.053322709148665715, -0.037418613919690515, 0.0516950970820669]
A2: [-0.009108609511350209, -0.346803221245723, 0.24945505632868545, 0.1064566445310362] - [0.08003983686088202, 0.036282268924604524, -0.05025010013468912, -0.0660719472669057] - [-0.0424528309896297, 0.230831878360922, -0.04053125790283503, -0.1478478517264249] - [0.06813478881648649, -0.2934678411621971, 0.14177125154912062, 0.08356187170811216]
B1: 1.4128659429684641e-08 - -2.7459714239693683e-09 - -5.375605185182953e-09 - 6.794037851854834e-09
B2: 1.308893114842445e-08 - 2.471729275922393e-08 - 4.47522204004282e-09 - -7.161959173538861e-09
