Number: 6494
Error: 6.343567387025201e-16
A1: [0.08043168897632856, -0.1804678064592904, -0.019588852686726096, 0.11962497602942146] - [0.03741559092581394, 0.13359639709874746, -0.1347261752880247, -0.03628581417140304] - [-0.0017028155214830094, 0.22819011999800473, -0.12282837915901125, -0.1036589067340895] - [0.03886323218163247, -0.11448102079360235, -0.046416443641834615, 0.1220342257068423]
A2: [0.035307443213255005, -0.02927347564458105, -0.0756973498067038, 0.06966340790344475] - [0.10289373435209814, 0.28289668480803687, -0.39260641203451646, 0.006815978915909534] - [-0.011187093191278207, 0.5390145975273979, -0.35945100905686683, -0.1683764574000813] - [0.09786280333747018, 0.01746332044299944, -0.16885100677370957, 0.05352488250808408]
B1: -3.72338690543792e-09 - -8.071676716703964e-10 - -2.1345084018943385e-09 - -1.710905199169093e-10
B2: -1.89989891902381e-09 - -3.289162326482482e-09 - 7.32331582092309e-10 - -3.908954239188843e-09
