Number: 558
Error: 1.4138282155522397e-14
A1: [-0.012154307596939343, -0.014518108625066304, 0.018086273418635397, 0.008582120886460862] - [0.065835533973038, 0.18949554809241445, -0.14532226158344913, -0.11000822834655882] - [-0.09629302031140619, 0.4217861418364769, -0.05345727495391694, -0.27203567163159637] - [-0.0013205997170456824, -0.018218378810204154, -0.0038341521397329305, 0.023377784455023042]
A2: [0.16158627274995557, -0.16775521288676828, 0.008500894868987056, -0.002333506285507331] - [0.035485688499677544, 0.2075166873100095, -0.11721045909591037, -0.12579206381587776] - [-0.08621333848377574, 0.5815383237495596, -0.23538852599333573, -0.2599353670970121] - [-0.003834788622926736, -0.0045191140991618075, 0.00111043372985418, 0.007243563711828079]
B1: -2.0069095032979782e-07 - -1.1618768953172442e-07 - 1.2531334548202722e-07 - -1.1428825290737829e-08
B2: 5.95014897277576e-09 - 2.27703996472514e-07 - -8.387795548137796e-07 - 5.483041025068403e-08
