Number: 1386
Error: 8.093619792686413e-10
A1: [-0.007334858686137728, -0.015142404038092175, 0.002844013217655959, 0.01930347058238951] - [0.06678554545418806, 0.18984478940867597, -0.14677771484295696, -0.10990815287257351] - [-0.1127209618328296, 0.4416523892660385, -0.07093078036999453, -0.2582466666832847] - [-0.02359062159959479, 0.015126697530049246, -0.030160608653426405, 0.038677965696679244]
A2: [0.1315599729455535, -0.22465429075399276, 0.022640901466997414, 0.07013490362148574] - [0.03254623546223048, 0.2036508448212178, -0.11498789003752591, -0.12155528845267893] - [-0.09453173110409772, 0.5556294940250674, -0.23511283853410977, -0.22554574408355949] - [-0.02106572198675926, -0.019510872800333104, 0.00788163333211056, 0.031952637539193814]
B1: -3.1362702845374468e-06 - 1.2524838666412781e-05 - -4.282967793357124e-05 - 2.1652001114242154e-05
B2: -3.753353225765297e-06 - 8.48261303639229e-06 - 1.653522420174604e-05 - 4.638408802306363e-05
