Number: 9549
Error: 3.1408885797699204e-13
A1: [0.05317249649698837, -0.14800132464805188, -0.026999100908626786, 0.12182776832238287] - [0.0053129892183284375, 0.1308359628840788, -0.11360147427619338, -0.022550495006799127] - [-0.014445158674167288, 0.22309093847291953, -0.12704186116177857, -0.08160661534274649] - [0.027143448484977937, -0.10002304965744799, -0.049427526371988516, 0.12229510112870075]
A2: [0.08925800745587073, -0.07290983237072701, -0.12362395455803554, 0.10728997292241677] - [0.10884483877759432, 0.24981729163639235, -0.4048422411649759, 0.04619264237619281] - [0.036638816684266585, 0.46255798916104207, -0.3777146355623458, -0.12147035285624382] - [0.1434282120598123, -0.04460485109788611, -0.20149779858408526, 0.10268166772992315]
B1: 3.750944462819189e-08 - 2.3118825723849025e-07 - 5.23904212473934e-07 - 6.743662055186825e-07
B2: 2.645092302345987e-07 - -5.173508743970182e-07 - -7.284081799133508e-08 - 5.207306624996478e-07
