Number: 3515
Error: 9.5506852967767e-11
A1: [0.06620384456478473, -0.11396120907766613, -0.02399328132322546, 0.07171354738308412] - [0.037419874622808144, 0.18820986100702378, -0.147391976041347, -0.07817003798209328] - [-0.060288185620420556, 0.32889431922885265, -0.12781065802329808, -0.14102556640990924] - [0.03904091128349945, -0.0533276712137698, -0.03742367005357871, 0.05169008527081769]
A2: [-0.009139867564388865, -0.3468363826775185, 0.24942355171447705, 0.10642387101173918] - [0.08007016817207366, 0.036314945978031726, -0.05021695194324602, -0.06603851502214907] - [-0.042473795729091685, 0.23080873918496195, -0.04055372254763972, -0.14787103971694024] - [0.06810582879243718, -0.29349972979003014, 0.14173986253949813, 0.08352940217585211]
B1: 1.3329835661412861e-05 - -2.519777925317034e-05 - -5.059069536868772e-06 - 1.691906704166011e-05
B2: 4.708124772306005e-06 - -4.00448423783007e-06 - 3.457406248199402e-06 - -1.467105925171666e-05
