Number: 1631
Error: 1.512785421391619e-08
A1: [-0.007651009239010746, -0.015462914734268989, 0.002516012912679515, 0.01896949460332647] - [0.06612075304665636, 0.1892051998034012, -0.14746587099335656, -0.11064671872863395] - [-0.11314876480353375, 0.44122939068518824, -0.07137435824528293, -0.258714766766606] - [-0.024549945024899884, 0.014179928217451024, -0.031139686072670675, 0.03766019921095075]
A2: [0.1318560062400921, -0.2243651041513097, 0.022927950889368665, 0.07042019963406902] - [0.03244139730982855, 0.20354808311399178, -0.11509175791199296, -0.12165753283943012] - [-0.0938446768388072, 0.556308999732527, -0.23443897434466035, -0.22487225073993675] - [-0.019607228711029177, -0.018083397932080556, 0.009321190985906053, 0.03334692578389521]
B1: -0.0002041936322922546 - -8.279585314889483e-05 - -7.814424948706685e-05 - 0.00020979655802720452
B2: 0.00016165272109649293 - -0.0004147887055690318 - -7.1072427783896e-05 - 9.124769734071916e-05
