Number: 964
Error: 5.994489231869464e-05
A1: [-0.007449537807895748, -0.009687653922075119, 0.023284145220839866, 0.013616147294805456] - [0.06547536492946796, 0.1891484476436074, -0.1456953489759041, -0.11040953775524329] - [-0.09134795315121343, 0.42656645363459406, -0.048090807468599645, -0.2662610731732479] - [0.00500739560291635, -0.0121328779203332, 0.002900513266625873, 0.03070293821543931]
A2: [0.157430391629898, -0.17183444076304377, 0.004425217642093671, -0.0063840003363775846] - [0.03498926025700926, 0.2070281480764006, -0.11770528550421624, -0.12627756903157267] - [-0.08889703861828314, 0.5789159470306814, -0.23800284507879835, -0.2625537088563854] - [-0.005557014881890791, -0.00620166751696619, -0.0005960708384326267, 0.005593098728306013]
B1: 0.005208352179086006 - 0.0055154158396471965 - 0.004316305259871719 - 0.002470122958808484
B2: -0.0034533701984825645 - -0.004292467852263356 - -0.0027587219808491836 - -0.002595913280253442
