Number: 2445
Error: 1.7130105760778925e-06
A1: [0.06204572942729458, -0.049335255690570214, -0.024719625311518285, 0.006544888102564171] - [0.048405894579821404, 0.19583090931777267, -0.1377493206633369, -0.08734449125797945] - [-0.12856388166682245, 0.4098120537611995, -0.11009373914287728, -0.19232819235410425] - [0.03569068728714528, 0.01794402070296524, -0.03441320474514573, -0.024388357202480334]
A2: [0.06068354147285431, -0.17650238385434786, 0.0836911623935202, 0.021308031647544703] - [0.02474165923176852, 0.19579765883266836, -0.10626097357446788, -0.13235258455230714] - [-0.09233642770559362, 0.5149495399451446, -0.22418479200999522, -0.19383280517675713] - [-0.02755673264347957, 0.01704182711318108, -0.05159239012216434, 0.055604164151795796]
B1: 0.0007830130349036598 - -0.0017753592258534343 - 0.000775977762075207 - 0.0006659841778719447
B2: 0.00054711527954935 - 0.002583491462042084 - 0.0010459969436870165 - 0.0007675686373924844
