Number: 8302
Error: 7.745799464511952e-16
A1: [0.08043164883732669, -0.18046784659377424, -0.01958889277779466, 0.11962493589496194] - [0.03741554789219715, 0.13359635409774678, -0.13472621823574438, -0.03628585718109334] - [-0.0017028428027315921, 0.22819009271732626, -0.1228284064003221, -0.10365893400805969] - [0.03886318682881587, -0.11448106601915466, -0.04641648896577984, 0.12203418038218998]
A2: [0.03530759927269942, -0.029273319153459373, -0.07569720142703149, 0.06966357123622668] - [0.10289377216256357, 0.2828967229394171, -0.3926063754646771, 0.006816018508948369] - [-0.011187044799986985, 0.5390146462072427, -0.3594509632533345, -0.1683764064086424] - [0.09786265096616426, 0.017463167378600795, -0.1688511518216031, 0.05352472256811178]
B1: -2.114839969600405e-08 - 7.854584741392451e-08 - -3.883422315577285e-08 - -1.4080565848147389e-08
B2: 3.278900476067317e-09 - 4.6533164346194015e-09 - -1.2062233940173902e-08 - 7.612830264404857e-09
