Number: 6233
Error: 1.0280613658921693e-15
A1: [0.0804316623952648, -0.18046783303733963, -0.019588879236005625, 0.1196249494513963] - [0.03741557480257278, 0.1335963809877134, -0.1347261913791399, -0.03628583028570978] - [-0.0017028305915421631, 0.2281901049282697, -0.12282839420700621, -0.10365892180012432] - [0.038863220599551836, -0.11448103234317594, -0.046416455216536104, 0.12203421413196279]
A2: [0.03530744012359215, -0.029273478742791716, -0.07569735274430979, 0.06966340466977448] - [0.10289372499627573, 0.2828966753728099, -0.39260642108334287, 0.006815969118986918] - [-0.011187101710810016, 0.5390145889570522, -0.35945101712078376, -0.16837646637742182] - [0.09786279443638093, 0.017463311501421216, -0.16885101524696328, 0.053524873164828776]
B1: -5.111562126590318e-09 - -8.043130788628048e-09 - -1.0871441441412523e-08 - -5.829789732430093e-09
B2: -9.534714930641954e-09 - -1.5119189106405356e-08 - 1.0143690699172134e-09 - -5.518370836016416e-09
