Number: 2529
Error: 1.1930110425291893e-08
A1: [0.06341296879345981, -0.047889165225389836, -0.0234625925669077, 0.007834580769231117] - [0.043676607891099624, 0.191283450134811, -0.14255248858397726, -0.09249986171206559] - [-0.12349792266554495, 0.41481546889279175, -0.10490307126315374, -0.18711685762259728] - [0.03674350612672784, 0.01891486846131652, -0.03338679511397504, -0.023305370760137632]
A2: [0.06211010270114179, -0.17502062524369436, 0.08500042649072591, 0.022645379752693862] - [0.02853709662747971, 0.19955731987010097, -0.10246007241421348, -0.1286099028558037] - [-0.09354304876795119, 0.5135520393392276, -0.22574287008230504, -0.19522657342952623] - [-0.02591517934002948, 0.018537126957144077, -0.05028369876382638, 0.05698691899825819]
B1: 1.2955362555678744e-05 - 8.759512647270667e-05 - 0.0002593207390572177 - 7.105841627836021e-05
B2: 9.325233692867938e-05 - 3.0488695712921297e-05 - 1.4123174605312373e-05 - 7.554000575505137e-05
