Number: 4042
Error: 4.852335451160336e-16
A1: [0.06621319012674133, -0.11395207145312745, -0.02398394184176645, 0.07172287658044217] - [0.037402617671085624, 0.18819337473163583, -0.1474089413300085, -0.07818700472817433] - [-0.06022938736855206, 0.3289507847177088, -0.12775312538309974, -0.14096833782439125] - [0.039046142755607, -0.05332270161615174, -0.037418606241909465, 0.05169510469750462]
A2: [-0.00910867782619769, -0.34680329371714436, 0.24945498746110148, 0.10645657290661134] - [0.08003985157023899, 0.036282284770798374, -0.05025008405819598, -0.06607193105390462] - [-0.04245293006483055, 0.23083176901534097, -0.040531364075769905, -0.14784796129990838] - [0.06813479477474936, -0.29346783460189, 0.1417712580084613, 0.08356187838843196]
B1: 3.927305139321963e-08 - -1.1411080168555668e-08 - -2.3639594499131126e-08 - 2.0696889344257484e-08
B2: 5.8949586714613235e-09 - 2.5633614639339227e-08 - 1.79119117898342e-10 - -6.068889039415484e-09
