Number: 1009
Error: 0.0009544135640158277
A1: [-0.03269677671021609, -0.04090169055807852, -0.017246588660728035, -0.015848145991324964] - [0.05894687601315609, 0.18221096076711726, -0.15387708438032133, -0.11829052756290248] - [-0.12862201051169858, 0.38401529884583535, -0.10745899941252862, -0.31385419822335864] - [-0.08369053907055478, -0.10409553811379528, -0.11121188361305029, -0.07191262663173227]
A2: [0.24903836943649124, -0.09005826748393586, 0.0965161466236184, 0.08935412172496449] - [0.04067558512860128, 0.21075511872842498, -0.11162283623275006, -0.1195748610246955] - [-0.08747456041562165, 0.5797600128268127, -0.22889468989697606, -0.25362012120387917] - [0.011093861273941108, 0.011797411057943739, 0.020834059146505185, 0.02684429406392931]
B1: -0.03161123177128814 - -0.013386219121513977 - 0.010957245855653955 - 0.0018257061138759537
B2: 0.018219506728086317 - -0.005879135159210812 - 0.025224824523832838 - 0.039896543013475734
