Number: 6856
Error: 6.921893063235124e-16
A1: [0.08043165760299029, -0.180467837829075, -0.019588884022551958, 0.119624944659666] - [0.03741555868217246, 0.13359636487951035, -0.13472620746742084, -0.03628584639718415] - [-0.0017028512736766573, 0.2281900842465709, -0.12282841485885751, -0.10365894247674125] - [0.03886320044460225, -0.11448105244156496, -0.046416475358642975, 0.12203419398953617]
A2: [0.035307417192984324, -0.029273501736820334, -0.07569737454644127, 0.0696633806704052] - [0.10289376650580363, 0.2828967172346349, -0.3926063809358755, 0.006816012585541535] - [-0.011187088104032532, 0.5390146026449815, -0.3594510042416688, -0.1683764520394855] - [0.09786281420714923, 0.01746333136211952, -0.16885099642647716, 0.05352489391770605]
B1: 1.130046262325757e-08 - -2.146058618947199e-08 - 1.2399107633989738e-08 - 3.6655149878357487e-09
B2: 2.098982276141842e-09 - 9.469405969879292e-10 - -5.4308086749682145e-09 - 8.775268523924771e-10
