Number: 3641
Error: 1.7817600774958474e-13
A1: [0.06621318402334958, -0.11395207741153769, -0.02398394793980742, 0.07172287048602416] - [0.03740292375880921, 0.18819366717688626, -0.14740864042058827, -0.07818670379357316] - [-0.06022948989925525, 0.3289506862504962, -0.12775322570690487, -0.14096843761417296] - [0.0390484040417857, -0.05332055529774775, -0.037416418531388024, 0.05169727464985295]
A2: [-0.009108963984805728, -0.346803597303621, 0.24945469897975772, 0.1064562728616386] - [0.0800402425664357, 0.0362827059862663, -0.05024965672070454, -0.06607150008134913] - [-0.04245178297694043, 0.23083303500298955, -0.0405301348160061, -0.14784669266171657] - [0.06813562871012842, -0.2934669164137441, 0.14177216206976273, 0.08356281337032855]
B1: -8.168533381201123e-08 - 8.673281638722148e-08 - -2.546654710446906e-07 - -4.22164257608601e-07
B2: 5.203559551827293e-07 - -6.729780143661042e-07 - -2.1482655087662434e-07 - -9.8410924421175e-07
