Number: 1969
Error: 6.626435820382223e-06
A1: [-0.009689196778244435, -0.01681691355027026, 0.0013802576334160047, 0.017959426888994198] - [0.06838182314227031, 0.19141315684630236, -0.14508768228982524, -0.10812223079480276] - [-0.11658708231385546, 0.4378874400742691, -0.07493375210860856, -0.2621093201022395] - [-0.04833377554365345, -0.009864414978404339, -0.056585963802634004, 0.011698891170628568]
A2: [0.14450980440688796, -0.2131535089770306, 0.03429545658691133, 0.08075775930975598] - [0.043065688129768916, 0.21390636838551802, -0.104583097919097, -0.11142135975360766] - [-0.10376290185331989, 0.5467065732096704, -0.24400754021858176, -0.23395367922345395] - [-0.03374076605560997, -0.031816931932430306, -0.004575916282131637, 0.02012528535788036]
B1: -0.0033766866532312523 - 0.0028047522106973734 - 0.008187642983157016 - 0.003413805396048687
B2: 0.009264267175937178 - -0.0030849993631533994 - 0.004414419558841985 - -0.0014949917749767822
