Number: 2642
Error: 6.764359228677684e-08
A1: [0.06398299447360412, -0.047324928684532475, -0.022898948254572695, 0.008402151184628087] - [0.04374082662423003, 0.19134621268332927, -0.14248327000382954, -0.09242530988626228] - [-0.12251151055179593, 0.4157967869225612, -0.10391357412954366, -0.18612888327577543] - [0.03811358446012855, 0.020281909214971985, -0.032020690635120454, -0.021944347953866634]
A2: [0.06361545225199595, -0.17351472854444994, 0.08650257578744856, 0.02413230627095975] - [0.02882156991696737, 0.199837328942615, -0.10217720154438, -0.12833165106845] - [-0.09369019040831854, 0.5134074902967555, -0.22588899418896824, -0.19536908418574833] - [-0.026461551216944358, 0.01799179928588037, -0.0508271961166727, 0.056456803528738185]
B1: -0.0002015051509620402 - 0.0001865999200582571 - 8.146683945315718e-05 - 0.00025849085220832957
B2: -3.1782158160292075e-05 - -0.00043442217087321115 - 4.115550581327147e-05 - -0.0001309976266700614
