Number: 5587
Error: 3.952686573244779e-08
A1: [0.06617415965119489, -0.11399018504251167, -0.02402289448338752, 0.07168395053915409] - [0.0374002175333298, 0.18819111439442326, -0.1474112696526907, -0.07818934046383161] - [-0.06036032634519622, 0.3288251299831838, -0.12788112599801923, -0.14109566783578906] - [0.03895746321964681, -0.05340680224250435, -0.03750430222070621, 0.05161009097365373]
A2: [-0.009146453125456713, -0.34684337699411144, 0.24941701215006834, 0.10641704151561229] - [0.08010869786671064, 0.03635645625943898, -0.05017483552812051, -0.06599604175480873] - [-0.04255812471728366, 0.23071568796461614, -0.04064413971216969, -0.1479643218427748] - [0.0681381662184376, -0.2934641108463982, 0.14177488639554583, 0.08356564607520187]
B1: 0.00014475190679952448 - 2.9182658828490725e-05 - 9.441399194958388e-05 - 6.01271925136117e-05
B2: -0.00010903503807486301 - -0.00011546342506934206 - -0.00012123357259328463 - -0.00010677288824745957
