Number: 9513
Error: 3.6410711882029274e-13
A1: [0.053172345886157414, -0.14800147532455593, -0.02699925136217185, 0.12182761763473975] - [0.00531225857596327, 0.13083523147032064, -0.11360220481653294, -0.022551226689099427] - [-0.014445815815391571, 0.22309028108771828, -0.12704251778892361, -0.08160727272536644] - [0.027142842470857895, -0.10002365563021995, -0.04942813362568278, 0.12229449361312938]
A2: [0.08924918700696038, -0.072918632408949, -0.12363257625307783, 0.10728104377721379] - [0.10884084660030663, 0.24981329876002595, -0.4048461542646665, 0.04618858304883919] - [0.036635492181913296, 0.4625546819688914, -0.37771787910225263, -0.12147371181238417] - [0.1434267437757405, -0.0446063138988637, -0.20149923222345673, 0.1026801776905723]
B1: 4.999738264615389e-07 - -3.577997479974318e-08 - -4.71502887264312e-07 - -7.395026154759403e-07
B2: -8.673066377622485e-07 - -8.233258997890678e-07 - -8.829236495133395e-07 - 2.0895188007045564e-07
