Number: 4160
Error: 1.369164709080669e-15
A1: [0.06621317920770546, -0.1139520821281577, -0.02398395275223515, 0.07172286567973193] - [0.03740261513676498, 0.1881933723102637, -0.1474089438214372, -0.0781870072198281] - [-0.0602294141923795, 0.3289507589549087, -0.12775315163131395, -0.14096836393142043] - [0.039046084592271636, -0.05332275682258338, -0.0374186625129834, 0.05169504888333825]
A2: [-0.009108642167219664, -0.34680325588851374, 0.2494550234085984, 0.10645661029313173] - [0.0800398263590673, 0.0362822576111413, -0.05025011161257483, -0.06607195884225289] - [-0.042452757178157934, 0.23083195982384977, -0.04053117880354928, -0.14784777009372665] - [0.06813474115465155, -0.2934678936399637, 0.14177119987909165, 0.08356181827038349]
B1: -3.158710727982536e-08 - -4.422378702775333e-09 - 2.4352856556044483e-08 - -1.087856884505309e-08
B2: 1.1001487210195532e-08 - 1.7909297745882338e-08 - -1.4356941528291951e-08 - -2.540679688086072e-08
