Number: 1460
Error: 5.690289223623902e-10
A1: [-0.007131279613284753, -0.014937063937847703, 0.00305558825452121, 0.019512539142705322] - [0.06675078261574134, 0.1898113427255566, -0.14681362562157704, -0.10994685722855409] - [-0.11272480928775415, 0.4416485168832334, -0.07093480888172587, -0.2582508773530275] - [-0.02360276388306746, 0.015114658008535412, -0.03017313484609873, 0.038665157334555285]
A2: [0.13170397884878698, -0.22451245990881988, 0.02278249857744923, 0.07027569580599703] - [0.03267249211643228, 0.20377506087735983, -0.11486215135995138, -0.12143179369313326] - [-0.09461192859209912, 0.5555506183804284, -0.23519177522008838, -0.22562443113705968] - [-0.02107837064968777, -0.019523296895943277, 0.007869157105423272, 0.03194035808155265]
B1: 5.0727439671865075e-05 - 1.776815579245763e-05 - -7.438196862566673e-05 - -4.860023921505616e-06
B2: 3.3062532906209574e-05 - 7.174093497626887e-06 - -2.0412377920217886e-05 - -8.851976011169525e-05
