Number: 6484
Error: 1.127448087598484e-15
A1: [0.08043169106212726, -0.1804678043737279, -0.019588850603421377, 0.11962497811498199] - [0.03741559412265251, 0.1335964002931665, -0.1347261720975559, -0.03628581097633532] - [-0.0017028149336602953, 0.2281901205858149, -0.1228283785720492, -0.10365890614642369] - [0.03886323499397124, -0.11448101798915607, -0.04641644083128792, 0.12203422851743316]
A2: [0.03530744387637325, -0.029273474979628705, -0.0756973491762197, 0.06966340859747014] - [0.10289373558140005, 0.2828966860477721, -0.3926064108455519, 0.006815980203168639] - [-0.011187092271805055, 0.5390145984523553, -0.35945100818656595, -0.16837645643119997] - [0.09786280451678475, 0.017463321627678344, -0.16885100565107886, 0.05352488374598093]
B1: -4.2048436260131015e-09 - -1.278424063403862e-09 - -2.5504700334520903e-09 - -6.678594967577438e-10
B2: -2.1235267917372567e-09 - -3.614178445443131e-09 - 4.8840725802787814e-11 - -3.932602437059257e-09
