Number: 626
Error: 6.294997287724659e-14
A1: [-0.012154226218645512, -0.014518025042925986, 0.01808636336488321, 0.00858220784644756] - [0.06583522506393374, 0.18949525093486908, -0.14532258096853884, -0.11000857228601295] - [-0.0962928625761553, 0.42178629428282083, -0.053457103795819486, -0.2720354878640818] - [-0.0013218624022062887, -0.01821959315744343, -0.00383549622907643, 0.02337632499771436]
A2: [0.1615870295790563, -0.1677544703092194, 0.0085016364383419, -0.0023327684829543803] - [0.03548561773321492, 0.207516617680713, -0.11721052956576938, -0.12579213304382605] - [-0.08621318647935465, 0.5815384726370889, -0.2353883780877636, -0.25993521887014387] - [-0.003834817889208361, -0.00451914287875599, 0.001110404762513461, 0.007243535712357307]
B1: 4.531327559546413e-07 - 4.030432460388501e-07 - 4.311226285069959e-07 - 1.579020616428514e-07
B2: -1.6032745388799338e-07 - -9.32337897680786e-08 - 7.708639201190628e-07 - 7.199824840171005e-08
