Number: 1275
Error: 1.49497298882416e-08
A1: [-0.006861555207078334, -0.014664476818500003, 0.003336255888363036, 0.019789510772645375] - [0.06663294019048265, 0.1896978973292181, -0.1469356398665097, -0.11007791979923458] - [-0.11183960901099019, 0.44251769505358507, -0.07001130822980978, -0.25729256701975256] - [-0.022902618898369552, 0.01580351454689388, -0.029457614431672326, 0.039404206269792234]
A2: [0.1321482202807049, -0.2240763100299225, 0.02322012223996991, 0.07071052258150434] - [0.03281634213909691, 0.20391645703670372, -0.11471898405217605, -0.12129101747566856] - [-0.09416373288107481, 0.5559922755401931, -0.23475121241943722, -0.22518350061583547] - [-0.020412767092641917, -0.018868370088362646, 0.008530297327946353, 0.03258055050591858]
B1: -0.00019841252764321327 - 0.0003025639905259118 - -0.0002500944560330568 - -0.00010380588938584188
B2: 1.8902197455171303e-05 - 1.4485384904162424e-05 - -4.4814785904788596e-05 - -5.342858360423714e-05
