Number: 3627
Error: 2.407231670410678e-13
A1: [0.06621592720649659, -0.11394939552804506, -0.023981206916067553, 0.07172560906513485] - [0.03740482740580155, 0.1881954859865625, -0.14740676898477026, -0.0781848321963779] - [-0.0602270593731672, 0.32895302064454884, -0.12775084732870745, -0.14096607203895895] - [0.039045075693830686, -0.05332371444687835, -0.0374196386074355, 0.05169408072616518]
A2: [-0.00910315646370811, -0.3467974364323875, 0.24946055349208224, 0.1064623617201687] - [0.08003861797258995, 0.03628095583511024, -0.05025143230976013, -0.06607329074312199] - [-0.042453522332388825, 0.23083111533240558, -0.04053199878909507, -0.147848616324369] - [0.068138850020293, -0.29346336961024516, 0.14177565428909464, 0.08356642505772137]
B1: -6.186513066684246e-08 - 1.1352023499437058e-06 - 1.0174723182385492e-06 - 2.0044623350459536e-07
B2: 1.5864239639392625e-06 - -2.9547607386177875e-06 - 1.2855590276067464e-06 - 2.5725797139844773e-06
