Number: 4807
Error: 1.015177525090564e-15
A1: [0.0662131489710039, -0.11395211168918419, -0.02398398296522782, 0.07172283549373853] - [0.037402581594593615, 0.1881933402629977, -0.14740897679596235, -0.07818704019728805] - [-0.060229395799570595, 0.3289507766201506, -0.12775313363322893, -0.14096834602993605] - [0.03904616177737084, -0.053322683561315094, -0.03741858783891297, 0.05169512295103483]
A2: [-0.009108444281745695, -0.34680304596315714, 0.2494552228950374, 0.1064568177650203] - [0.08003987082022428, 0.036282305508550966, -0.05025006301901022, -0.06607190983610632] - [-0.04245284758894697, 0.23083186004099462, -0.04053127569111022, -0.14784787008450784] - [0.06813467155460591, -0.2934679702724443, 0.14177112442590448, 0.08356174023612975]
B1: -4.64052899027273e-09 - 1.0388445427588813e-08 - 2.179930318678911e-08 - -4.532462575633492e-09
B2: 1.4871515540951543e-08 - 1.8040001823751944e-08 - 1.0263563498360515e-08 - 2.3272853805235427e-08
