Number: 9550
Error: 2.556817384385118e-13
A1: [0.05317214504281457, -0.1480016762315379, -0.02699945197580458, 0.12182741669795077] - [0.005313266304305522, 0.13083624026114427, -0.11360119723159647, -0.022550217529326663] - [-0.014445209045643585, 0.2230908880832237, -0.1270419114931557, -0.08160666573196126] - [0.027143506902442927, -0.10002299123988709, -0.049427467831120064, 0.12229515969502595]
A2: [0.0892575619544058, -0.07291027684090015, -0.12362439002124583, 0.10728952192911913] - [0.10884465518193764, 0.2498171080086438, -0.404842421123895, 0.04619245569207718] - [0.03663856070415502, 0.46255773451284216, -0.3777148853092617, -0.12147061149084894] - [0.14342785776192196, -0.04460520407652326, -0.2014981445255269, 0.10268130817562363]
B1: -2.636231992040901e-07 - -1.6787859282101566e-08 - 2.5798297521741184e-07 - 3.7720347341742526e-07
B2: 4.2777857718600765e-07 - -9.461577647556015e-08 - 2.1697500866581498e-07 - 9.87535476898783e-07
