Number: 2078
Error: 0.0001736483276790451
A1: [0.013963541142551116, -0.028364649579935557, -0.019839573128560557, -0.003947957360720442] - [0.07755153235073312, 0.2056972246996078, -0.13002201303150998, -0.09352699930321012] - [-0.12432572603725178, 0.44223574389838266, -0.07350997034463333, -0.2208765128708442] - [0.04587967914725481, 0.0720850267446755, -0.009834968421786789, 0.03115882641690024]
A2: [0.07200961343742443, -0.24486953385324375, 0.030834394931108584, 0.030899364250682883] - [0.04849109844744511, 0.21290268620519806, -0.1079963897347796, -0.11221072574480004] - [-0.18220688876253627, 0.4464046200763584, -0.3227978095126836, -0.3148817260956875] - [-0.014792918079333358, -0.01823556893977628, -0.017059313081567554, 0.09017928982680296]
B1: 0.008623053261943394 - -0.00523609294413306 - 0.027878851305508177 - -0.0015408708113818276
B2: -0.017987418092976406 - 0.01839003408731334 - 0.013925709573261495 - 0.00851189169303479
