Number: 1737
Error: 1.921147336620156e-07
A1: [-0.0052631102612642, -0.013062135606771386, 0.005008832687961379, 0.021413010936538624] - [0.06586069423303338, 0.18895616333977824, -0.14773620086385214, -0.1109364522633499] - [-0.11206463328487695, 0.44227743452281604, -0.07027364491613153, -0.25753317306748763] - [-0.021762318850311956, 0.01691148450315455, -0.02831963622997328, 0.040608455050105866]
A2: [0.13112967484761104, -0.2250598133239967, 0.022224698131134705, 0.06971409632926187] - [0.03336815774665854, 0.20446046466157425, -0.11416906018347164, -0.12074654725870816] - [-0.0950301715833522, 0.5551716368650242, -0.23557075495706256, -0.22600902948213986] - [-0.021558667410660714, -0.019989527665510657, 0.00738929602433046, 0.031470313119062246]
B1: -0.00031257016184303406 - 0.0008276703704566467 - -0.00042211411162590965 - -0.0002562431283221623
B2: 0.00040041442781659625 - 0.0011970783619055661 - -0.000903309125881152 - -0.0010963436282551543
