Number: 8114
Error: 9.539217322341046e-16
A1: [0.0804316779994683, -0.18046781743492535, -0.019588863650488304, 0.11962496505380275] - [0.037415594682559526, 0.1335964008526709, -0.13472617153867195, -0.036285810416697616] - [-0.0017028225067752568, 0.2281901130128535, -0.12282838613407712, -0.10365891371751416] - [0.03886322833559807, -0.11448102462885101, -0.04641644748542588, 0.12203422186319489]
A2: [0.03530750920298156, -0.02927340947231492, -0.07569728706437749, 0.06966347696871188] - [0.10289375115236418, 0.282896701750898, -0.39260639578549456, 0.0068159965082321885] - [-0.01118712882830126, 0.5390145616777774, -0.3594510427881177, -0.16837649495203025] - [0.09786278498485328, 0.017463302006876385, -0.1688510242442383, 0.053524863243826215]
B1: 5.773160718308201e-09 - -2.075104480579088e-09 - -1.277508559194979e-08 - 6.365575531107563e-10
B2: -7.020131708731093e-09 - 1.3362089990113769e-09 - -7.627965345890627e-09 - -4.73499831169063e-10
