Number: 9189
Error: 2.0819543329310027e-07
A1: [0.05253976084681807, -0.14863757938637426, -0.027634506435937956, 0.12119407090405761] - [0.003497349969212341, 0.12902322584364814, -0.11541901536203672, -0.024360602822109112] - [-0.016101450163073606, 0.22143995021656845, -0.12869629178345407, -0.08325537049427843] - [0.027601170842704782, -0.09956531110789817, -0.04896877978417011, 0.1227567556862691]
A2: [0.08871959176822246, -0.07345206277670152, -0.12414383903750895, 0.10675180086586532] - [0.10559320861140553, 0.24656080375516204, -0.40803066991264036, 0.04288699940648531] - [0.033295126805293236, 0.45922495293792975, -0.38097626258378514, -0.1248451350371304] - [0.1407450319440065, -0.04727719521477407, -0.20411528162039633, 0.09995841030636006]
B1: 5.535909961285949e-05 - -0.00036373953043605225 - 0.0005287306800733045 - -0.0006286100009398393
B2: -0.0007044610469145587 - -0.0002069657065576071 - -0.00048566096689401587 - -0.0002772778902176648
