Number: 4837
Error: 1.0516679996899188e-15
A1: [0.06621313647014203, -0.11395212391069136, -0.02398399545627229, 0.07172282301386394] - [0.03740258439020574, 0.18819334293401715, -0.14740897404765868, -0.07818703744874021] - [-0.06022933221247397, 0.32895083769211425, -0.12775307141059997, -0.1409682841419711] - [0.03904605654092529, -0.05332278344784147, -0.03741868965167152, 0.05169502196496489]
A2: [-0.00910872658108969, -0.34680334543817604, 0.24945493831164298, 0.10645652178997404] - [0.08003986721470895, 0.03628230162438088, -0.05025006695963171, -0.0660719138101831] - [-0.042452797178583274, 0.2308319156768934, -0.04053122166944066, -0.14784781433267913] - [0.06813486439344978, -0.2934677579488928, 0.14177133348146842, 0.08356195644358441]
B1: 2.306368221100553e-08 - -1.2743142508037718e-09 - -4.346244350564247e-09 - 1.224781936945626e-08
B2: 3.07652114744091e-08 - 2.20196695177684e-08 - 1.2914852678155369e-08 - -1.2348306964982028e-08
