Number: 528
Error: 1.3259837878690237e-13
A1: [-0.012154098830633621, -0.014517894200965272, 0.018086504167032297, 0.00858234397775896] - [0.06583632620159065, 0.18949631018247018, -0.14532144248851964, -0.11000734627949298] - [-0.09629183426168807, 0.42178728813473415, -0.05345598794543204, -0.27203428982202427] - [-0.0013212769598253476, -0.01821903012281357, -0.0038348730415626005, 0.02337700167543814]
A2: [0.1615861041292966, -0.1677553783304846, 0.008500729650404023, -0.0023336706598847366] - [0.03548585724318603, 0.20751685334259692, -0.11721029105883253, -0.12579189873946686] - [-0.08621419391773154, 0.581537485852604, -0.2353893583626534, -0.25993620127292844] - [-0.00383560510066391, -0.004519917005958422, 0.0011096256107583, 0.007242782558130778]
B1: 1.5232536029442118e-07 - 3.367959092026886e-07 - -9.367359275911288e-08 - -3.474252871835789e-07
B2: 1.2415975021301688e-06 - 4.029632496233166e-07 - 2.476266142436804e-07 - -6.026276176338731e-07
