Number: 9335
Error: 1.7517463520045667e-10
A1: [0.053106681702148405, -0.14806716233226097, -0.02706484114818209, 0.12176192371330358] - [0.005357855087199326, 0.1308808762580308, -0.11355661744457445, -0.022505572206773815] - [-0.014549763724766494, 0.2229862929515255, -0.1271463808883292, -0.08171125314419747] - [0.027125769482273153, -0.10004072723556019, -0.04944524154651054, 0.12227737684710561]
A2: [0.08928827848386857, -0.07287963063130597, -0.12359436886744385, 0.10732061761568246] - [0.10883782467482493, 0.2498102821322731, -0.4048491186425241, 0.04618551350174072] - [0.03668846873072727, 0.4626073843362156, -0.37766619613696106, -0.12142018497133836] - [0.14352303113775375, -0.04451038239437313, -0.20140522217561732, 0.10277789553581115]
B1: 3.805347502180756e-05 - 8.8426379531406e-06 - 2.818571735805063e-06 - -1.9154284330175127e-05
B2: 2.2239511619126965e-05 - -5.792995199101969e-06 - 6.672225872348632e-06 - 1.7751388374804633e-05
