Number: 1965
Error: 2.179104635907609e-05
A1: [-0.03654990617677779, -0.044074960483186404, -0.0268330596981911, -0.010127223185665826] - [0.05974303159122092, 0.1830711550835355, -0.15410481230545836, -0.11779353974570111] - [-0.12706755919245424, 0.42759940716342276, -0.08589382618549393, -0.27358648528371604] - [-0.01495360658553246, 0.02317299719571958, -0.022217344588893975, 0.04737128886119366]
A2: [0.14828349163789722, -0.20913193897154664, 0.038223163349727834, 0.08497061104838635] - [0.042155014267165385, 0.21309129640396862, -0.10545118222932787, -0.1122354531922725] - [-0.08621099989887736, 0.5641980920206443, -0.22673013340923878, -0.21672741672383014] - [-0.023137777542813216, -0.021360303469232473, 0.005888847105690829, 0.030216713382279842]
B1: -0.0010027578316562445 - 0.00519060047150681 - 0.009257367406870363 - 0.0024581770993524392
B2: -0.007884141683052615 - 0.010693039583550596 - -0.002328082112430332 - 0.004568712810331913
