Number: 2662
Error: 1.3577662658297758e-08
A1: [0.06388596371133022, -0.04742308490891163, -0.02299666582339098, 0.008303495370416468] - [0.04402288391447912, 0.1916189785064139, -0.14219276653091184, -0.09211524185102658] - [-0.12242389673841447, 0.4158820295394158, -0.10382794634762921, -0.18604465522833896] - [0.037046976523391076, 0.0192119557566475, -0.03308761270124702, -0.02300721315011797]
A2: [0.0638526196553538, -0.17327668975399751, 0.08673807954424594, 0.02436636612821927] - [0.029522416941089227, 0.20052757811011696, -0.10147873545566989, -0.12764564095222228] - [-0.09285216662845965, 0.5142298109017205, -0.22504863055881436, -0.19455699016482583] - [-0.025325919223711968, 0.019119668102315152, -0.049689333846762676, 0.05756358192550117]
B1: 2.8981462140027045e-05 - 8.033611796087189e-05 - 5.87931866400944e-05 - 8.116264945702281e-05
B2: -1.8638877813236156e-05 - -8.633022867591114e-05 - -9.488168298220953e-05 - 0.00019185026278879404
