Number: 9813
Error: 6.354624656208761e-16
A1: [0.05317257100542851, -0.1480012501029738, -0.02699902647857392, 0.12182784285726621] - [0.0053137213371884, 0.13083669579041143, -0.11360074225228484, -0.022549761853781443] - [-0.014444464672847037, 0.22309163273764754, -0.12704116770251167, -0.08160592109096457] - [0.027146411657514104, -0.10002008647634564, -0.04942455693993336, 0.12229807184247289]
A2: [0.0892543506602965, -0.0729134806939999, -0.12362752894814945, 0.10728627106564524] - [0.10884185422069835, 0.2498143065551227, -0.4048451665957718, 0.04618960762013682] - [0.03663609882039321, 0.46255528544011043, -0.37771728723668857, -0.12147309888980562] - [0.14342666597085496, -0.0446063914183203, -0.2014993081981333, 0.10268009871803509]
B1: 5.965485196724405e-08 - 3.712925639121454e-08 - 2.661421892301e-08 - -1.669568983734456e-08
B2: 2.8086782521060373e-08 - 1.676352689937049e-08 - 3.9650991957542447e-08 - -7.397645567976084e-09
