Number: 8671
Error: 1.799920495004973e-15
A1: [0.0804316360166821, -0.1804678594129241, -0.019588905583063438, 0.11962492307583644] - [0.037415555043138135, 0.13359636124327962, -0.1347262110989709, -0.03628585003408438] - [-0.0017028485155173203, 0.22819008700466398, -0.12282841210474282, -0.10365893971930319] - [0.0388631844334801, -0.1144810684076933, -0.04641649135954502, 0.12203417798841708]
A2: [0.035307355167961026, -0.029273563933370106, -0.07569743351928013, 0.06966331575467352] - [0.10289374967139517, 0.28289670025738356, -0.39260639721784524, 0.006815994957417277] - [-0.011187138220475514, 0.539014552229587, -0.35945105167810176, -0.16837650484878572] - [0.09786272397881533, 0.017463240723344823, -0.16885108231821824, 0.05352479920752415]
B1: -9.467546667406836e-08 - 1.582433891705566e-08 - -5.690693267798781e-08 - -8.34265828068843e-08
B2: -9.97559640425278e-09 - -3.313088918121477e-08 - -3.509347990643993e-08 - -8.365648299253836e-09
