Number: 1171
Error: 1.0121392892330989e-07
A1: [-0.00467179754890698, -0.012440446075917983, 0.005615119817021217, 0.022029708160268977] - [0.06837663867500055, 0.19137529456439223, -0.14513305115037178, -0.10813527981555177] - [-0.11262395615486125, 0.4417632117687147, -0.0708218739053104, -0.2581470573812659] - [-0.017150061806309454, 0.021478246249894927, -0.0235574944869525, 0.04546935684604119]
A2: [0.1316973965529395, -0.22452000657236787, 0.02277978661459209, 0.0702748529035223] - [0.03172039621382889, 0.20284171619246863, -0.1158078645600324, -0.12236791549054817] - [-0.0949017163476604, 0.5552597689172314, -0.23547207983855772, -0.22591975486632962] - [-0.020676362373705053, -0.01913683370229672, 0.008266667758941342, 0.03232836521367473]
B1: 0.00030189589178549646 - 0.0009627215603385172 - -0.00010182445338813364 - 0.00019709287446896014
B2: -0.00023240857217091994 - 0.0005745062129980914 - 0.001145846410453349 - -0.00020642489330365276
