Number: 5581
Error: 4.624698727338173e-10
A1: [0.06633761048511061, -0.11383040561041032, -0.02385959374792014, 0.0718471065086623] - [0.037468997321473005, 0.18825681679412062, -0.147343669052214, -0.07812173249677319] - [-0.06001527619362867, 0.3291564877043659, -0.12754353436767085, -0.14075988875336426] - [0.03912837203115493, -0.053244611034500025, -0.03733899061497647, 0.05177406246737141]
A2: [-0.009236509101883865, -0.3469388974864241, 0.24932618252495697, 0.10632260274202963] - [0.08007300950292856, 0.03631800971947707, -0.05021384140175787, -0.06603537972705709] - [-0.04241179146412192, 0.23087718039063113, -0.04048730026719683, -0.14780247574842265] - [0.06816457382904008, -0.2934350396152787, 0.14180352827218018, 0.08359525835969366]
B1: -3.8546247564861115e-05 - 5.857681323466369e-06 - 3.6510163742576506e-05 - 2.926042156535943e-05
B2: 2.9637887476669277e-06 - -1.1485421661269195e-05 - -4.145611541442965e-06 - 7.566161318453079e-06
