Number: 6911
Error: 1.0498667525298344e-15
A1: [0.08043167343454127, -0.18046782199931705, -0.019588868209929937, 0.11962496048940909] - [0.037415582684482744, 0.1335963888636543, -0.13472618351293486, -0.036285822408169556] - [-0.0017028307222453347, 0.22819010479756358, -0.1228283943375167, -0.10365892193079482] - [0.03886322558500678, -0.11448102737171391, -0.04641645023425766, 0.12203421911431575]
A2: [0.035307426121963255, -0.029273492783145547, -0.07569736605688496, 0.06966339001555265] - [0.1028937831489029, 0.2828967340189866, -0.3926063648388876, 0.006816030013299415] - [-0.011187192818596106, 0.5390144973058386, -0.3594511033562776, -0.16837656238088355] - [0.09786279939441231, 0.017463316482004335, -0.16885101052724438, 0.05352487836915447]
B1: 2.358698248657139e-08 - 9.877487494018681e-09 - -1.9319431550850934e-08 - 3.7852373055318845e-09
B2: -4.3183149534579964e-10 - 2.4199939585170677e-09 - 8.233154930298099e-09 - 1.4549153311652209e-09
