Number: 4085
Error: 9.039500469755225e-16
A1: [0.06621316707414279, -0.11395209399057418, -0.023983964876274615, 0.07172285356653291] - [0.03740263404307097, 0.18819339037395424, -0.1474089252350906, -0.078186988631836] - [-0.060229355541103057, 0.32895081528621545, -0.12775309423864278, -0.1409683068474394] - [0.039046149149837305, -0.05332269554698672, -0.03741860005570941, 0.05169511083348237]
A2: [-0.009108535794135264, -0.34680314304328674, 0.24945513064235655, 0.10645672181950297] - [0.08003983249025019, 0.03628226421618137, -0.0502501049115409, -0.0660719520843203] - [-0.04245282990489288, 0.2308318795581028, -0.040531256740403, -0.14784785052676444] - [0.06813480592897622, -0.29346782232059765, 0.1417712701007215, 0.08356189089438386]
B1: -1.4357890426789724e-09 - -9.652245180191727e-10 - -7.784951567478646e-09 - 8.950730685090232e-09
B2: -8.47301714176243e-09 - 1.4780346981670636e-08 - -4.825902943432245e-09 - -1.0073799974722622e-08
