Number: 5218
Error: 6.748532469167112e-16
A1: [0.06621311826059499, -0.11395214171332876, -0.023984013651542735, 0.07172280483486547] - [0.03740254865846799, 0.18819330879478985, -0.14740900917466593, -0.07818707257886215] - [-0.060229219565742266, 0.328950945883066, -0.12775296118112003, -0.14096817450527233] - [0.0390461165848975, -0.05332272645626181, -0.03741863156108977, 0.05169507958383493]
A2: [-0.009108603206136745, -0.3468032145567068, 0.24945506268466305, 0.10645665114188141] - [0.0800397182513266, 0.03628214114831846, -0.050250229767896296, -0.06607207800089203] - [-0.042452883485541236, 0.23083182042345937, -0.04053131415926582, -0.14784790978458054] - [0.06813472621740813, -0.2934679100863518, 0.1417711836854894, 0.08356180152324594]
B1: -4.522568969322182e-08 - 1.1431574188604772e-08 - -1.9659395301276e-08 - -2.9654642846682727e-08
B2: -2.2971117422695717e-08 - -3.35458326491493e-08 - -3.7505267979359154e-08 - -8.889433224581833e-09
