Number: 3501
Error: 8.873614531358146e-11
A1: [0.0661951384327459, -0.11396972121428794, -0.024001982768449694, 0.07170485618077507] - [0.03741657321953773, 0.18820670673332612, -0.14739521811507997, -0.07817328494195729] - [-0.06018073928946522, 0.3289975143770612, -0.12770551785120832, -0.1409209928415884] - [0.039093564040822384, -0.05327769585811925, -0.03737272698148131, 0.051740612526511874]
A2: [-0.009126383981765379, -0.346822078260869, 0.24943714501234582, 0.10643801008045635] - [0.08000089674846275, 0.03624031908555204, -0.05029266262112962, -0.06611486759560119] - [-0.042445674913709354, 0.23083976901747422, -0.040523587310955775, -0.1478399406436897] - [0.06811425698398572, -0.29349044803822855, 0.14174900118837283, 0.08353885208232924]
B1: -7.892540290853877e-06 - -1.098927742198824e-05 - 3.5306669103157365e-05 - -2.004589820218134e-05
B2: -8.71509280010194e-06 - -2.2134857961867616e-05 - 2.7743205755122174e-06 - 5.558872379841722e-06
