Number: 3326
Error: 9.028266085022378e-07
A1: [0.05934948683282694, -0.12069691445791794, -0.031002136399660686, 0.06477267733908096] - [0.0357882219125757, 0.186614746233383, -0.148980093595657, -0.07976506988264379] - [-0.06502888093748165, 0.3244899521798118, -0.13223049287348732, -0.1454841829235859] - [0.0410445758074497, -0.05143459740176937, -0.035546685942818255, 0.05355681675658501]
A2: [-0.009008108910697714, -0.3466213478995631, 0.2497940646708681, 0.10666275913955936] - [0.08326536196148855, 0.03981025822006762, -0.04675375733652077, -0.0625006491715525] - [-0.04495162163368817, 0.22788424090364884, -0.04336718240489377, -0.15073827990609545] - [0.06950021104772687, -0.2920700162223551, 0.14317652343061132, 0.08504333346046476]
B1: -0.0007054304852928683 - -0.0012104711076424053 - 0.0018562872763812546 - -1.9707400205671113e-05
B2: -0.0028508920366335424 - 0.003378324729976411 - 0.0003255941307323194 - -0.0015019992711184254
