Number: 9651
Error: 1.1342462965344536e-14
A1: [0.053172767077277916, -0.14800105396093524, -0.026998830624507607, 0.12182803902406959] - [0.00531363706137798, 0.1308366114237534, -0.11360082651847665, -0.022549846247728888] - [-0.01444477654530343, 0.22309132074926938, -0.12704147933002496, -0.0816062330745037] - [0.0271463952073628, -0.10002010292813866, -0.04942457342649773, 0.1222980553506393]
A2: [0.08925563514969755, -0.07291219917628017, -0.12362627340065349, 0.10728757139247606] - [0.10884202469961543, 0.2498144770641468, -0.404844999493111, 0.046189780967905054] - [0.03663630473455699, 0.4625554902834361, -0.3777170863357664, -0.12147289083925424] - [0.14342729225156226, -0.04460576747230519, -0.20149869669141177, 0.10268073428918754]
B1: 8.567380032113112e-09 - -1.2870122040929242e-07 - -1.0260102718112177e-07 - 6.505151971868784e-08
B2: -4.0358613256028086e-08 - -1.2613673472666877e-07 - -1.7835645445863792e-07 - -1.587918368003107e-07
