Number: 8067
Error: 8.605136110683571e-16
A1: [0.08043170904951609, -0.18046778638838198, -0.019588832637546447, 0.1196249961003155] - [0.03741558226649579, 0.1335963884459839, -0.13472618393002617, -0.036285822825902106] - [-0.0017028073033577048, 0.2281901282159503, -0.12282837095291342, -0.10365889851815087] - [0.038863251989295494, -0.11448100104153187, -0.046416423846794334, 0.12203424550219383]
A2: [0.035307502162367416, -0.02927341653242934, -0.0756972937585295, 0.06966346959995784] - [0.10289373404296588, 0.28289668449629674, -0.39260641233349314, 0.0068159785922121295] - [-0.011187128102333114, 0.5390145624080868, -0.3594510421009655, -0.1683764941870546] - [0.09786281571753336, 0.01746333287935976, -0.16885099498866474, 0.05352489550308647]
B1: 2.322813804760292e-08 - 4.303351185298093e-09 - -9.776400883478232e-09 - 3.574740660499374e-09
B2: 1.1200001621923946e-08 - -7.954785010198704e-09 - 7.556752895688528e-09 - 2.151236387999316e-09
