Number: 4175
Error: 1.209704080581585e-15
A1: [0.0662131876733617, -0.11395207385168148, -0.023983944293222616, 0.07172287413118025] - [0.03740261696458272, 0.1881933740566199, -0.14740894202455113, -0.07818700542278402] - [-0.060229421479207505, 0.3289507519563124, -0.12775315876177515, -0.14096837102352822] - [0.03904610235839191, -0.053322739959656106, -0.037418645324862214, 0.05169506593189957]
A2: [-0.009108336000952698, -0.34680293109395155, 0.24945533205207276, 0.10645693129174645] - [0.08003982147004479, 0.0362822523442632, -0.05025011695599853, -0.06607196423104872] - [-0.042452908079705684, 0.23083179327953263, -0.040531340515607694, -0.14784793698514137] - [0.06813481426990335, -0.29346781313687814, 0.14177127914308046, 0.08356190024609489]
B1: 9.63728484612951e-09 - -2.7925499269071946e-09 - -3.576462423354751e-08 - 1.4601411294558933e-08
B2: -1.511521887951156e-09 - 7.1338303269854515e-09 - -5.362395193077137e-09 - -2.8431328047578685e-08
