Number: 5095
Error: 1.875688325784796e-15
A1: [0.06621325016689636, -0.11395201275466224, -0.023983881848760696, 0.07172293651979977] - [0.0374025900485342, 0.18819334834018903, -0.14740896848506407, -0.07818703188565725] - [-0.06022941318511461, 0.32895075992222916, -0.12775315064570347, -0.14096836295091206] - [0.03904618295489548, -0.05332266346034353, -0.037418567350294286, 0.05169514327329118]
A2: [-0.00910875861912466, -0.346803379425242, 0.24945490601443684, 0.10645648820009126] - [0.08003978173664442, 0.03628220954010794, -0.05025016038217182, -0.06607200802599685] - [-0.04245279206085098, 0.23083192132509936, -0.04053121618512472, -0.14784780867269484] - [0.06813478567075648, -0.29346784462583014, 0.14177124813859518, 0.08356186818112281]
B1: -5.293872051587199e-08 - 2.337876800653032e-08 - 2.173328905362092e-08 - 1.6175642592628637e-08
B2: 8.810145046508644e-09 - -7.259417400101402e-09 - -3.427139549738142e-08 - -2.8221373533175207e-08
