Number: 7038
Error: 1.0290735882990354e-15
A1: [0.08043169743110183, -0.1804677980054741, -0.01958884424205958, 0.1196249844832298] - [0.03741559407018641, 0.13359640024074118, -0.13472617214991522, -0.03628581102877222] - [-0.0017028086958479059, 0.2281901268234908, -0.12282837234337038, -0.10365889991027623] - [0.03886323153459164, -0.11448102143882483, -0.0464164442884628, 0.1220342250602035]
A2: [0.03530747327862352, -0.029273445496054814, -0.07569732122092461, 0.06966343937010577] - [0.10289368966013719, 0.28289663973677676, -0.3926064552600015, 0.006815932116909741] - [-0.011187146975706556, 0.5390145434221568, -0.3594510599649943, -0.16837651407462773] - [0.0978628016086798, 0.017463318706344544, -0.16885100841940384, 0.053524880693414746]
B1: 1.4939718321415793e-08 - -2.0134143382436768e-08 - -1.3930150001987063e-08 - 1.6691472941815511e-09
B2: -3.2950189571926094e-09 - -6.290037393211831e-09 - 4.054960315817929e-09 - -1.1801621140094962e-08
