Number: 9810
Error: 1.0130938067118808e-15
A1: [0.05317257306215559, -0.14800124804549342, -0.026999024424117127, 0.12182784491498275] - [0.0053137113885491855, 0.1308366858313371, -0.11360075219942012, -0.022549771816452013] - [-0.014444455818096783, 0.2230916415956372, -0.1270411588547753, -0.08160591223305699] - [0.02714639404365325, -0.10002010409017545, -0.0494245745909452, 0.12229805418385505]
A2: [0.08925448950804511, -0.07291334216733758, -0.12362739322873284, 0.10728641162540772] - [0.10884181202957435, 0.24981426435655588, -0.40484520795122, 0.046189564719132645] - [0.03663598319861544, 0.462555170419947, -0.3777174000430619, -0.12147321571076192] - [0.14342654339522862, -0.04460651353739737, -0.20149942788261627, 0.10267997432386561]
B1: 2.316002460659418e-08 - 1.6886020283373727e-08 - 1.7292579578356607e-08 - 5.121776092496439e-09
B2: 2.507292962374002e-08 - 7.900825918224518e-09 - 3.272073575001342e-08 - -1.9466466097856492e-08
