Number: 1042
Error: 0.00015239351126241312
A1: [0.029168316288286113, 0.016022289299592818, 0.040828045570713026, 0.05015741460287729] - [0.06415970407872852, 0.18731872541200725, -0.1497077573731045, -0.11289478757460124] - [-0.16656631707753747, 0.37625814701810945, -0.1345793654439486, -0.3300643367198547] - [0.03174497446240596, 0.058979917068795705, 0.029568131427653382, 0.08785458242789193]
A2: [0.0862313101876698, -0.2611148573691392, -0.031203151828938454, 0.016452291866003617] - [0.03196882262650712, 0.20299599987765368, -0.11554363101855517, -0.12318253914184535] - [-0.05988789174113961, 0.5991459560108381, -0.19464766971131392, -0.20195698252715236] - [-0.020227629778979205, -0.019345061918493556, 0.00582822142397303, 0.02900631231595027]
B1: -0.003899431478642618 - 0.010905005461106728 - 0.024751810257539253 - 0.00031047643728493793
B2: 0.017871066479151224 - 0.0002500707312697876 - -0.0013660202930632932 - 0.02979080878896408
