Number: 59
Error: 0.0001064675061820675
A1: [-0.0023671006065831193, -0.003992522605191297, 0.03019851640122729, 0.020380149828883275] - [0.11597512855868902, 0.2439459328885459, -0.09793817327068824, -0.07390404453799534] - [-0.11948838000139997, 0.4018363372842043, -0.0780928171449545, -0.29561468085628534] - [-0.007834625904686395, -0.01974042968335172, -0.010464866370731863, 0.014307125857406388]
A2: [0.31024108332320915, -0.022021238227033592, 0.15247557445204193, 0.14140345161313636] - [0.10903702221006134, 0.27757226676611757, -0.049897886792610036, -0.05883545158054313] - [0.0864222248578452, 0.7527799968635528, -0.06785717837325299, -0.09182764553879626] - [0.36792348329095054, 0.36572880223015786, 0.369984884710488, 0.3635320065896101]
B1: 0.037913339895534 - 0.41660832524239255 - -0.014342105705315328 - -0.03571992099186472
B2: 0.004596933578522966 - 0.4071842597394472 - -0.0037343386487423587 - 0.0022571399284111527
