Number: 7861
Error: 7.144719235522322e-16
A1: [0.08043167894374692, -0.18046781649074578, -0.01958886270730941, 0.11962496599798667] - [0.03741565961039591, 0.13359646573133357, -0.13472610674029278, -0.03628574552487109] - [-0.0017028255065489873, 0.22819011001314485, -0.1228283891294526, -0.10365891671648496] - [0.038863231232090414, -0.11448102174049203, -0.04641644459077455, 0.12203422475788676]
A2: [0.03530744761074318, -0.029273471234906694, -0.07569734562561, 0.06966341250587169] - [0.10289373380688682, 0.2828966842582223, -0.3926064125618302, 0.006815978345012081] - [-0.01118705516896275, 0.5390146357764811, -0.3594509730678385, -0.16837641733472555] - [0.09786282331461013, 0.0174633405110133, -0.16885098775673593, 0.05352490347754817]
B1: -3.943176937962173e-08 - -2.3380294130399223e-08 - -8.132133757735509e-09 - -2.094443137637936e-08
B2: -2.4491974389163507e-08 - -2.0320432297175694e-08 - -9.882982773864301e-09 - -2.9733176423030355e-08
