Number: 3805
Error: 9.767611160428417e-16
A1: [0.0662131774804796, -0.11395208381678451, -0.023983954478110987, 0.07172286395540037] - [0.037402651701277066, 0.18819340724516098, -0.14740890787573224, -0.07818697127093877] - [-0.06022942683415988, 0.3289507468132132, -0.12775316400181325, -0.14096837623539135] - [0.039046275644585605, -0.053322575482991165, -0.037418477676290994, 0.051695232219199354]
A2: [-0.009108605692299163, -0.34680321719433754, 0.24945506017865146, 0.10645664853506343] - [0.0800398171337507, 0.03628224767283173, -0.050250121695325056, -0.06607196901061428] - [-0.04245283280024134, 0.23083187636262845, -0.04053125984316203, -0.14784785372888498] - [0.06813476712285751, -0.2934678650478219, 0.1417712280311699, 0.08356184738555786]
B1: -7.006995960854806e-09 - 2.578063820323414e-08 - -9.086484633351446e-09 - 8.062386175073325e-09
B2: 2.7069989818070737e-08 - 1.5947544051022388e-08 - 9.4896737076282e-09 - -2.777418246163469e-08
