Number: 4768
Error: 1.1105242905143288e-15
A1: [0.06621326304311195, -0.11395200016619503, -0.023983868982646726, 0.0717229493743985] - [0.037402692231866416, 0.18819344596942472, -0.14740886803103576, -0.07818693142274187] - [-0.0602294211498845, 0.32895075227255755, -0.12775315843956128, -0.14096837070285073] - [0.03904617268023018, -0.05332267321273351, -0.03741857729077068, 0.05169513341352881]
A2: [-0.00910862405748649, -0.3468032366768446, 0.24945504166474522, 0.10645662928017903] - [0.08003986195791749, 0.036282295961312445, -0.05025007270500664, -0.06607191960434385] - [-0.042452756622396524, 0.23083196043713486, -0.040531178207892225, -0.1478477694791279] - [0.06813483825207524, -0.29346778673161367, 0.14177130514175498, 0.0835619271343715]
B1: 2.628211382586543e-08 - 1.9608246211574436e-08 - -6.406070586139023e-09 - -2.3032288148176053e-09
B2: 2.8012520827671124e-08 - 4.987955465369623e-08 - -2.3676339920370736e-08 - -1.2390914110008886e-08
