Number: 341
Error: 3.4775244575526894e-10
A1: [-0.012361741681223271, -0.014731162550341135, 0.017857005676498113, 0.008360476618034471] - [0.06581450828303022, 0.18947532151808313, -0.14534400265297617, -0.11003163920854746] - [-0.09626458866562664, 0.4218136293167847, -0.053426416966481594, -0.2720025558034756] - [-0.0012749443593233825, -0.0181744675813463, -0.0037855474499444482, 0.023430543002138055]
A2: [0.16156273764015422, -0.16777831340510163, 0.008477832682021801, -0.0023564543796187327] - [0.03547905368280169, 0.2075101545596896, -0.11721707299979763, -0.1257985590534336] - [-0.08621924874067127, 0.5815325357754783, -0.23539427306632685, -0.25994113108437605] - [-0.0038524915492114194, -0.004536509429815961, 0.0010929383290903278, 0.007226649050653986]
B1: 2.4888339470711276e-05 - -0.00012124184386600046 - 2.9182329850196008e-05 - 1.9659921513643414e-05
B2: -2.1050012720254117e-05 - -6.109999081973788e-05 - 2.0207083740984516e-06 - 8.515983383417064e-06
