Number: 2191
Error: 0.0005332414359112293
A1: [0.04564383701550173, -0.041396899036607676, -0.00553300774103105, 0.035489553585028547] - [0.07504649758635054, 0.20668119056659065, -0.13402670766751884, -0.08126713704846537] - [-0.17170176269610438, 0.37051683402623947, -0.1460241421268606, -0.2556628558460945] - [-0.03043828398002875, -0.014016089832643129, -0.05243167702278809, -0.05678659178210468]
A2: [-0.03807402803622025, -0.33194907340599206, -0.011324474579724464, -0.07063289376560693] - [0.032118599969247145, 0.1987247052639396, -0.10354057695937224, -0.1295036058911369] - [-0.049856527039952345, 0.5812341993976318, -0.16961351113551856, -0.1553665604149263] - [0.005028944296287918, 0.0912896774840869, 0.030420872144500108, 0.10747067442179761]
B1: -0.059310439438494345 - -0.0038737204573110534 - 0.0057263214504925716 - -0.011226142250155679
B2: 0.002612267797675651 - -0.0007012481061371969 - 0.0028909990808213036 - -0.010034885619569427
