Number: 7004
Error: 1.0418870101760274e-15
A1: [0.08043169471258826, -0.18046780072367963, -0.01958884695732193, 0.11962498176502698] - [0.037415587520563925, 0.13359639369607565, -0.13472617868648762, -0.03628581757476669] - [-0.0017028074895632781, 0.22819012802974994, -0.12282837113885116, -0.10365889870431326] - [0.03886321270722358, -0.1144810402133571, -0.04641646310383551, 0.12203420624453616]
A2: [0.03530741613174719, -0.02927350280099076, -0.07569737555545188, 0.06966337955970858] - [0.1028937045276892, 0.28289665473051057, -0.39260644088029845, 0.0068159476854068365] - [-0.011187069329778795, 0.5390146215312076, -0.3594509864714268, -0.16837643225641177] - [0.09786280148438052, 0.017463318581479852, -0.16885100853772872, 0.05352488056294087]
B1: -3.672700012160787e-09 - 1.8214727442246229e-09 - 9.888457810270625e-09 - -2.367283767968874e-09
B2: 7.187535222461754e-09 - 3.6136636340465036e-10 - 9.531180078236485e-09 - -1.1856702811999315e-08
