Number: 1163
Error: 5.079446245710949e-07
A1: [-0.006105523231474911, -0.013879454442085052, 0.004129793200272541, 0.02055762471759994] - [0.06768713532443092, 0.1907099651847804, -0.14584605771099007, -0.10890065914170378] - [-0.10970263974455964, 0.4446409879475255, -0.06777382406385919, -0.2549829938001599] - [-0.023368257476482204, 0.015378751022053628, -0.029893156221363987, 0.03891243870275277]
A2: [0.13249896638081016, -0.22373826009424214, 0.02357173825987101, 0.07106446436745469] - [0.03302674708771159, 0.2041296754128205, -0.11450691299850918, -0.1210902387832287] - [-0.09297459031132277, 0.5571533792208347, -0.23357157268065834, -0.22402250152409242] - [-0.01919989895374684, -0.01768999813253134, 0.009734377496790373, 0.03374792883600401]
B1: -0.000601380339162875 - 0.00016241095789462694 - -0.00020115017184921193 - -0.0007708897268177014
B2: -0.0001724121994250965 - 0.0019216608174612833 - -0.0007557985359119333 - 0.00017752668324414028
