Number: 3339
Error: 1.8696750712213913e-07
A1: [0.06494051122223406, -0.11522077499165571, -0.02532562345532976, 0.07040445809380808] - [0.034072388144679173, 0.18499254312468744, -0.15069062930139523, -0.08146881668698835] - [-0.0505429778284675, 0.3383844133623154, -0.11810648233107714, -0.13141037287955862] - [0.038777048322276804, -0.05359130216080781, -0.03769906981562518, 0.05141440292864176]
A2: [-0.008747050520861093, -0.346408913902113, 0.24994471578512129, 0.10685675873688173] - [0.0783913311806657, 0.03452331512731313, -0.0520964181446224, -0.06789242639160208] - [-0.04189171530872106, 0.23139378177077535, -0.039980570962862526, -0.14727347395009333] - [0.06696943969154782, -0.29478177631309455, 0.14048356854617802, 0.0822332075275697]
B1: 0.002289350678441105 - -0.0005678575515445064 - -0.0010367182782042002 - 5.735692634098035e-05
B2: 3.659008993953854e-05 - 0.00018747691588076387 - 0.00025850149840003257 - 0.0002190527978370401
