Number: 2657
Error: 2.015014327581601e-08
A1: [0.06328233604858885, -0.048024299413418556, -0.023594631245062895, 0.007704728210566035] - [0.04366081413007878, 0.19126919925245373, -0.14256572259833278, -0.09251357396654089] - [-0.1231427440038973, 0.415165649661974, -0.10454950943314567, -0.18676345306395417] - [0.03660474907178299, 0.01876905994056524, -0.03352929349743979, -0.023446726129032976]
A2: [0.0642319955523396, -0.1728995692111284, 0.08711686721799729, 0.024741021089218735] - [0.02931723082125748, 0.20032545517020117, -0.10168317371358332, -0.1278464541403585] - [-0.09341040528241135, 0.5136818707485138, -0.2256082860345051, -0.19509774591280502] - [-0.02611804135520042, 0.01833201239427602, -0.05048249328613127, 0.056792222855727194]
B1: -0.00015832875529407214 - -0.0002556755029100329 - 8.511200795833704e-05 - 6.636210190509969e-05
B2: 3.409591079664739e-05 - -8.309594767998019e-05 - -1.3903174092086157e-06 - 0.00018216108693715397
