Number: 9443
Error: 3.853309905598664e-13
A1: [0.053171675169707305, -0.14800214628713165, -0.026999921360838595, 0.1218269465727529] - [0.005312870598714386, 0.13083584413228447, -0.11360159285315127, -0.02255061374862149] - [-0.01444756197244073, 0.22308853427097503, -0.12704426258812623, -0.08160901954294537] - [0.027146083317221237, -0.10002041473463259, -0.04942488586512326, 0.12229774281282031]
A2: [0.08925887835219161, -0.07290896346056146, -0.12362310322663564, 0.10729085466441042] - [0.10884182833274854, 0.2498142806868569, -0.4048451919445451, 0.04618958130942325] - [0.03663263985024761, 0.4625518444322806, -0.37772066195699017, -0.12147659378397593] - [0.14342206309787792, -0.04461097721557958, -0.20150380247065083, 0.10267542746386185]
B1: 4.0911054804859933e-07 - -1.6668232823389678e-06 - -3.8768381123020444e-07 - -6.296967515285044e-07
B2: -5.418002956285477e-07 - -9.95815909320114e-07 - -5.705501133881121e-07 - -1.180788646260585e-06
