Number: 1571
Error: 6.11693740880819e-09
A1: [-0.007628786189130315, -0.01543866906369235, 0.0025384012458317855, 0.019001029090986856] - [0.06687741825095728, 0.18993312219918712, -0.1466827239363494, -0.10980596607869197] - [-0.11252342686171882, 0.4418457338021239, -0.070725264407846, -0.25803270844963494] - [-0.023617977190980376, 0.01509880228211203, -0.030189491839037543, 0.0386491976535535]
A2: [0.13180488306015667, -0.224414177739551, 0.02288119754759546, 0.07037326504928954] - [0.03268485946958157, 0.2037871362296536, -0.11484970051736974, -0.12141965936673901] - [-0.09453560836911994, 0.5556252155269085, -0.23511664357968365, -0.22554968936464873] - [-0.02074992454988794, -0.01920041196869653, 0.008193648816147439, 0.03225438365701493]
B1: -3.811131518039592e-05 - -9.562917172004074e-05 - 2.600868435546013e-05 - -2.3878989501506195e-05
B2: 7.064195778039637e-05 - -0.0001930429948870115 - 0.0001510463212017709 - 0.00012040056363429641
