Number: 159
Error: 2.582739670309733e-05
A1: [0.018361937908002893, 0.01701807969261738, 0.052604406025362885, 0.04160134379012801] - [0.06513334694700211, 0.18876057512054703, -0.1462634746334776, -0.11094145263381312] - [-0.07890453071898498, 0.4389128495646092, -0.034168858273599154, -0.25137096916469515] - [0.017838612929532743, 0.0003956174967744827, 0.017362697147374415, 0.0460522831046126]
A2: [0.1798847358751818, -0.15008464949639563, 0.026507003102450757, 0.015136842378505268] - [0.045355057611003814, 0.217162106047911, -0.10753256066061613, -0.11632695567875811] - [-0.09029177964812168, 0.5776071008920186, -0.23938314036701372, -0.264266702754134] - [0.004457347041676997, 0.003755915516884617, 0.009266540401088385, 0.014968832900911506]
B1: -0.005148069235917779 - 0.010087793976930687 - 0.0010499559528331292 - 0.0028445931879992527
B2: -0.007495914176183198 - 0.031217199839861435 - -0.001812495731527831 - -0.0012779622740395
