Number: 2984
Error: 5.609825445095621e-08
A1: [0.06374516948847705, -0.047561302951250384, -0.023135200447953422, 0.008161904732501156] - [0.04370281012151532, 0.19131092928336557, -0.14252134559888238, -0.09246525016827759] - [-0.12352924105699634, 0.41478300594455575, -0.104939264277654, -0.18715119303455474] - [0.037904968025169926, 0.020074096768332904, -0.032231173155666565, -0.022153891056027258]
A2: [0.06353105711205143, -0.17359804303328802, 0.08641586755312922, 0.02404631823238726] - [0.029452170954104965, 0.2004584479419268, -0.10154890573031199, -0.1277147011385491] - [-0.09378338533915123, 0.5133147526538075, -0.22597893096438146, -0.1954583948870382] - [-0.027133053371972193, 0.017317517872501468, -0.05149724301528059, 0.055802162831931644]
B1: 2.77664951141331e-06 - 0.00019304609143291129 - -0.00018075116027888206 - -0.000300090549986744
B2: 0.0004915093537414938 - 0.00035305521510132804 - -0.00012028818616041369 - -0.0003671860274779048
