Number: 4750
Error: 1.2968104339795619e-15
A1: [0.06621320617296399, -0.11395205576549064, -0.02398392580816017, 0.07172289259969808] - [0.03740263958641412, 0.18819339567025825, -0.147408919785553, -0.07818698318183626] - [-0.060229345203137157, 0.3289508252152698, -0.12775308412252828, -0.14096829678552603] - [0.03904614925180609, -0.053322695450126925, -0.037418599956998456, 0.05169511093134593]
A2: [-0.009108403046179303, -0.34680300221870697, 0.24945526446423097, 0.10645686099821215] - [0.08003988764878568, 0.03628232363772235, -0.0502500446263701, -0.06607189128728862] - [-0.04245282018429237, 0.23083189028640516, -0.040531246323250045, -0.14784783977606014] - [0.06813476714453115, -0.29346786502398226, 0.141771228054427, 0.08356184740984074]
B1: -3.620578106719522e-08 - 4.769807567761277e-08 - 1.6784660117258618e-08 - 9.788002819158486e-09
B2: 1.0210525976534682e-08 - 5.33193974348716e-10 - 1.488776642139526e-08 - 3.143616797419614e-08
