Number: 974
Error: 0.0009197991404396345
A1: [0.05692401133693116, 0.056073885271287954, 0.09401570385855593, 0.0821642662022051] - [0.07659205158145942, 0.19979250819634828, -0.13424640022758072, -0.09807623176557526] - [-0.040895465189435695, 0.4751051235139757, 0.006269928631970501, -0.20782859828340458] - [0.07143624041348597, 0.05149077101622009, 0.07318248444810332, 0.10703646283453531]
A2: [0.16880514215007392, -0.16151572743936995, 0.015652428711933293, 0.004903749629612871] - [0.03903626111920598, 0.21091746985322585, -0.11366964886217681, -0.12229592190561306] - [-0.07109184532190586, 0.5959624701641912, -0.22066217635737348, -0.24509038461568414] - [0.013218046425696715, 0.012064062546240054, 0.017975948172475935, 0.023603102781924547]
B1: 0.015290510751320827 - 0.013571056995451122 - 0.006331890525607173 - 0.006395461393651662
B2: -0.022280984893951004 - 0.0029734424281414595 - -0.016989303262999775 - -0.023048194006053638
