Number: 7578
Error: 9.674071388355046e-16
A1: [0.08043171939120669, -0.18046777604786482, -0.01958882230822335, 0.11962500644082025] - [0.037415615114798795, 0.1335964212694224, -0.1347261511472354, -0.03628578999582039] - [-0.001702774333187129, 0.22819016118541696, -0.12282833803102364, -0.10365886555678441] - [0.03886326002725412, -0.11448099302613399, -0.04641641581396739, 0.12203425353514921]
A2: [0.03530741447258473, -0.029273504464732487, -0.07569737713298731, 0.06966337782323066] - [0.10289373657714741, 0.2828966870519827, -0.39260640988247586, 0.006815981245879674] - [-0.011187158745358274, 0.539014531582311, -0.3594510711052627, -0.1683765264766677] - [0.09786276183331045, 0.017463278750057865, -0.16885104628301392, 0.05352483894226249]
B1: 1.5422405487638586e-08 - 1.621293942496366e-08 - 2.6326548214073445e-08 - 2.2277931356431657e-08
B2: 1.5637424746257655e-08 - 1.2582514110846067e-08 - 2.2140542365824228e-08 - 1.1079552621638852e-08
