Number: 3916
Error: 8.373492284644866e-16
A1: [0.0662131099203706, -0.11395214986713757, -0.02398402198519757, 0.07172279650867976] - [0.03740253244559428, 0.18819329330446832, -0.14740902511320256, -0.0781870885187774] - [-0.06022934835881778, 0.3289508221844005, -0.12775308721048284, -0.14096829985709491] - [0.03904607295744702, -0.053322767865899796, -0.03741867376928445, 0.05169503771844998]
A2: [-0.009108690765731769, -0.3468033074439982, 0.24945497441686826, 0.10645655934018108] - [0.08003975765929998, 0.03628218360179375, -0.05025018669752823, -0.06607203456477968] - [-0.04245301420968411, 0.2308316761477717, -0.04053145424878344, -0.14784805436103612] - [0.0681346781489889, -0.2934679630120064, 0.14177113157485063, 0.08356174762930257]
B1: -5.715163235066038e-08 - -4.366660312938532e-08 - -1.4964029426890285e-08 - 6.249791528093604e-08
B2: -1.898764556936224e-08 - -3.377971175590717e-08 - -4.602475943787833e-09 - -2.1048972255467248e-08
