Number: 8041
Error: 1.1976453955013352e-15
A1: [0.08043173664477322, -0.18046775879625077, -0.01958880507528175, 0.11962502369242156] - [0.037415542755053974, 0.1335963489644472, -0.13472622336274573, -0.03628586231545797] - [-0.001702804951250341, 0.22819013056800777, -0.122828368604249, -0.10365889616667083] - [0.03886327057591017, -0.11448098250707829, -0.04641640527202056, 0.12203426407725723]
A2: [0.03530753414403326, -0.02927338446230408, -0.07569726335072058, 0.06966350307219148] - [0.10289377668831988, 0.2828967275035741, -0.39260637108743585, 0.006816023248082337] - [-0.01118721166861463, 0.5390144783433827, -0.3594511211983956, -0.16837658224362184] - [0.09786279878998894, 0.01746331587481904, -0.16885101110261658, 0.05352487773470338]
B1: 3.1618323111548825e-08 - 1.357270312697092e-08 - -4.250241786882368e-08 - -1.0689824320239147e-09
B2: 1.5299908800131616e-08 - -3.020701739580858e-08 - 1.4839932348910127e-10 - 1.1917156990875336e-08
