Number: 4879
Error: 1.0412816560275792e-15
A1: [0.06621308348089096, -0.11395217571580307, -0.023984048403925932, 0.07172277011355958] - [0.03740257662676874, 0.1881933355165839, -0.14740898167970887, -0.07818704508146461] - [-0.060229272770826285, 0.3289508947825943, -0.12775301324447777, -0.14096822628869962] - [0.039046207109872166, -0.05332264053336434, -0.037418543981169484, 0.05169516645266851]
A2: [-0.00910860425334057, -0.34680321566774397, 0.24945506162916142, 0.10645665004379623] - [0.08003987031998618, 0.03628230496965767, -0.050250063565728795, -0.06607191038746978] - [-0.0424528290007004, 0.2308318805561181, -0.04053125577120616, -0.14784784952666352] - [0.06813475628245931, -0.29346787698352983, 0.14177121627896752, 0.08356183523151288]
B1: 1.5364141920809126e-08 - 1.522187494524775e-08 - 4.224552950155953e-09 - 5.06332277926553e-09
B2: 9.029482607753001e-09 - -1.5445665328030817e-08 - -1.5345747196686873e-08 - 4.944035457536425e-08
