Number: 4414
Error: 9.399227599704321e-16
A1: [0.06621310239490791, -0.11395215722447129, -0.023984029504769834, 0.0717227889958336] - [0.037402644314639986, 0.18819340018774383, -0.14740891513734203, -0.07818697853321041] - [-0.06022940804249303, 0.32895076486148206, -0.12775314561345047, -0.14096835794587362] - [0.039046124011383805, -0.053322719407402665, -0.037418624376283405, 0.051695086710405604]
A2: [-0.009108448042757891, -0.3468030499528298, 0.24945521910370574, 0.10645681382195098] - [0.08003987621735763, 0.036282311322813114, -0.05025005712029445, -0.06607190388724027] - [-0.04245279771633446, 0.23083191508340636, -0.040531222245822854, -0.14784781492734092] - [0.06813467309078355, -0.29346796858116747, 0.14177112609134848, 0.0835617419583]
B1: -5.91573869975851e-08 - 4.420218613171541e-08 - 1.2515420398996261e-08 - -2.762324018266598e-08
B2: -3.426537566039721e-08 - 3.515121682312286e-08 - -7.351550121100149e-09 - -1.3049178409645502e-08
