Number: 4509
Error: 8.762416575154093e-16
A1: [0.06621313128781513, -0.11395212897722579, -0.023984000634539124, 0.07172281784023798] - [0.037402570599214764, 0.18819332975764588, -0.14740898760526008, -0.07818705100754461] - [-0.06022937821582096, 0.3289507935084247, -0.12775311642675843, -0.14096832891611652] - [0.039046043031343174, -0.053322796270638476, -0.03741870272179043, 0.05169500900102141]
A2: [-0.009108474903930944, -0.34680307844836805, 0.24945519202512426, 0.10645678565946064] - [0.08003979391850116, 0.03628222266339556, -0.05025014706822298, -0.0660719945989491] - [-0.04245285022918103, 0.23083185712702375, -0.04053127852056668, -0.1478478730045134] - [0.06813477223406728, -0.2934678594201858, 0.14177123357205276, 0.08356185311614271]
B1: -4.291614247303771e-08 - -1.8431598534242023e-09 - -1.0531431060896936e-08 - -8.197589036427042e-09
B2: 9.864856759594161e-09 - 1.4295228585261438e-09 - -9.629492026705548e-08 - 2.2248087648082854e-08
