Number: 7155
Error: 1.073444758626011e-15
A1: [0.08043171052815484, -0.18046778490990498, -0.01958883116066808, 0.11962499757878628] - [0.03741561732659941, 0.13359642347955333, -0.13472614893984103, -0.036285787785241934] - [-0.0017028135962999422, 0.22819012192315, -0.12282837723663723, -0.10365890480941463] - [0.03886326043128638, -0.11448099262322846, -0.04641641541018593, 0.12203425393893602]
A2: [0.035307447512994874, -0.02927347133294824, -0.07569734571856224, 0.06966341240358088] - [0.10289374488036296, 0.28289669542566176, -0.39260640185171514, 0.0068159899405509095] - [-0.011187145881438813, 0.5390145445229523, -0.35945105892924756, -0.16837651292155378] - [0.09786278128904861, 0.017463298294286292, -0.16885102776238295, 0.05352485936442145]
B1: 1.717013444097998e-08 - -6.462206193832218e-09 - -3.6324832354847927e-09 - 5.713027551205276e-09
B2: 1.461290728508817e-10 - -1.6202270053482686e-09 - -5.33815530186136e-09 - 6.390771816987216e-09
