Number: 4681
Error: 8.763641413075959e-16
A1: [0.06621319857509553, -0.11395206319357144, -0.023983933400068852, 0.07172288501458371] - [0.0374025861264634, 0.18819334459289178, -0.14740897234079, -0.07818703574171897] - [-0.060229432090703985, 0.32895074176446026, -0.12775316914562435, -0.1409683813513334] - [0.03904620381922464, -0.05332264365679311, -0.037418547164855286, 0.051695163294856177]
A2: [-0.00910843134616857, -0.34680303224050835, 0.24945523593520696, 0.10645683132724175] - [0.08003985489361763, 0.036282288351036585, -0.05025008042590155, -0.06607192739078482] - [-0.04245273865503508, 0.23083198026700996, -0.04053115895339636, -0.14784774960791455] - [0.06813474720994137, -0.2934678869728094, 0.14177120644337549, 0.08356182505950957]
B1: -4.129451986919567e-08 - 7.180790291797235e-08 - -3.501756940202743e-08 - -7.382130798731742e-08
B2: -2.5762743185654724e-08 - -1.46817222089253e-08 - 7.488328655463469e-09 - -2.43034843777444e-08
