Number: 3241
Error: 0.0014253141607638124
A1: [0.0374493364756453, -0.13561498833641195, -0.06373953035112641, 0.0360296692336247] - [-0.01375718991393705, 0.1241194119559861, -0.20266766273484133, -0.13041064532951036] - [-0.43261666233265317, 0.019153777425103644, -0.46662054804890896, -0.4754546313315715] - [-0.23345544556197703, -0.283873767341311, -0.29411606809988183, -0.19977897015514043]
A2: [-0.11624073032443825, -0.5331632462603993, 0.1258233964588122, -0.05025570671476254] - [-0.02612475199767586, -0.021562885071592403, -0.14356642566449612, -0.16783226837624476] - [0.01765264266052656, 0.296035171602818, -0.05753238220004825, -0.14608561015886098] - [0.1657379436751153, -0.17071448074079104, 0.16179509553379606, 0.12999074543087444]
B1: -0.09417757534054039 - -0.34478302448218084 - -0.13861620962089977 - -0.13825317355564104
B2: -0.24224611240864313 - -0.3048136101366697 - -0.07550099301511153 - -0.09114232619687311
