Number: 6693
Error: 9.601465154119762e-16
A1: [0.08043167287535698, -0.18046782255843857, -0.0195888687684456, 0.11962495993028884] - [0.03741556855990721, 0.13359637474976963, -0.13472619760936747, -0.03628583652492085] - [-0.0017028340356747829, 0.2281901014842054, -0.12282839764609416, -0.10365892524333946] - [0.03886320945548331, -0.11448104345597146, -0.04641646635350325, 0.12203420299481717]
A2: [0.03530742955671725, -0.029273489338890898, -0.07569736279116202, 0.06966339361039313] - [0.10289377236657875, 0.28289672314515185, -0.39260637526741254, 0.006816018722633246] - [-0.011187156929933996, 0.5390145334085646, -0.35945106938686855, -0.16837652456375293] - [0.09786277728124053, 0.017463294268247897, -0.16885103157754677, 0.05352485515751778]
B1: -4.8160057243948194e-09 - 1.0626575809748873e-08 - -2.3239800729731326e-08 - -1.0811133268009883e-08
B2: -9.132360790070474e-09 - -9.901208577473424e-09 - -1.941439875436648e-09 - -1.556383378111506e-08
