Number: 3902
Error: 8.897997943756166e-16
A1: [0.06621313017929763, -0.11395213006093356, -0.0239840017421697, 0.07172281673360562] - [0.03740255079968568, 0.18819331084055402, -0.14740900706972468, -0.0781870704737044] - [-0.060229414438542725, 0.328950758718491, -0.12775315187219735, -0.14096836417101824] - [0.03904612128788593, -0.0533227219924842, -0.03741862701120382, 0.05169508409686099]
A2: [-0.00910864773154515, -0.3468032617914303, 0.24945501779925783, 0.10645660445919199] - [0.0800397783156716, 0.03628220585462898, -0.050250164121281554, -0.06607201179683411] - [-0.042452918085410234, 0.2308317822365567, -0.04053135123816152, -0.14784794805114562] - [0.06813476926973827, -0.2934678626840147, 0.14177123035859002, 0.08356184979259328]
B1: -4.066835795512444e-08 - -2.1458547256709496e-08 - -1.7166257062060624e-08 - 3.762723022038415e-08
B2: -1.3248650046547525e-08 - -2.4228792243275672e-08 - 2.272292923606037e-08 - -2.3816987972485975e-08
