Number: 7483
Error: 1.1682767169379208e-15
A1: [0.08043173482356344, -0.18046776061725447, -0.01958880689431835, 0.119625021871416] - [0.03741563685355448, 0.1335964429917259, -0.13472612945179507, -0.03628576826910599] - [-0.0017027705913148544, 0.2281901649272114, -0.12282833429462825, -0.1036588618159083] - [0.03886328009847048, -0.11448097301124385, -0.046416395755540726, 0.12203427359389211]
A2: [0.03530747982036082, -0.0292734389362158, -0.07569731500111136, 0.06966344621672031] - [0.10289372874923533, 0.2828966791576344, -0.3926064174535326, 0.00681597304891602] - [-0.01118707953450229, 0.5390146112656192, -0.35945099613040543, -0.1683764430094883] - [0.0978627921200374, 0.017463309174545985, -0.16885101745198836, 0.053524870733441476]
B1: 1.689274599876788e-08 - 2.1653269053699075e-08 - -2.7923403893451854e-09 - 1.9431129175888044e-08
B2: 1.576411390553326e-08 - 1.3337581104971308e-08 - 1.888648899337639e-08 - 1.4384483119440437e-08
