Number: 7282
Error: 1.0293457207395928e-15
A1: [0.08043168125102505, -0.18046781418371835, -0.01958886040278914, 0.11962496830500102] - [0.037415584152087046, 0.13359639033015072, -0.13472618204824896, -0.036285820941376036] - [-0.0017028247299651158, 0.22819011078971912, -0.12282838835400463, -0.1036589159401097] - [0.03886322736130766, -0.1144810256003999, -0.046416448459090244, 0.1220342208895113]
A2: [0.03530745237797439, -0.029273466454512873, -0.075697341093006, 0.06966341749530808] - [0.10289373152443565, 0.28289668195638207, -0.3926064147693935, 0.006815975954947728] - [-0.011187097113774748, 0.5390145935814914, -0.3594510127695813, -0.16837646153337665] - [0.09786280946462801, 0.017463326598025557, -0.16885100094105188, 0.05352488893960036]
B1: -5.367457683384259e-09 - -1.3030345930869455e-08 - -8.87548860916475e-09 - -4.186322029290478e-09
B2: -7.195258763599644e-09 - -7.4120863375098175e-09 - -6.815189595653558e-09 - -6.839197097814386e-09
