Number: 9220
Error: 7.549120396478496e-08
A1: [0.054827152907879456, -0.14634913773423, -0.025347779437647957, 0.1234815738942004] - [0.0037126816623186745, 0.1292362609402769, -0.11519922560163147, -0.024149973047570987] - [-0.013139496082018174, 0.22439749827049602, -0.1257374225242909, -0.08029911303847545] - [0.029304040877196385, -0.09786611694340379, -0.047264607590173, 0.12445956021528728]
A2: [0.08851107842553904, -0.07364668099081853, -0.12435018734547024, 0.1065331920678607] - [0.1091656366430194, 0.2501364349363691, -0.4045291290619163, 0.04651919901845913] - [0.0371355639169999, 0.46305017520554304, -0.37722952872153126, -0.12096757611452567] - [0.14318890460550068, -0.04483977735398606, -0.20172991844499388, 0.10243823708173963]
B1: -0.00012240482602246942 - -1.5288920367984916e-05 - -0.00026797933786865276 - 0.00011966681490326562
B2: -0.00031767977634563016 - 0.00019711315990610193 - 0.0011461876510204581 - -0.00024872077837158986
