Number: 3361
Error: 7.287912219264313e-07
A1: [0.0665788537480499, -0.11360048988184748, -0.023629142618908822, 0.07208069568938055] - [0.04139796529868063, 0.19200246649561897, -0.14348924376018543, -0.07426608830068875] - [-0.07333120294838633, 0.31643141046472567, -0.14051574510357792, -0.15367721210686724] - [0.042982817895874506, -0.049598286552511216, -0.03361958733956969, 0.05546108040884368]
A2: [-0.010495572486359744, -0.34827903139805055, 0.24814826419261407, 0.10500144991853477] - [0.0811379831883132, 0.03746840564436326, -0.04906383854734292, -0.06486447280300425] - [-0.04217712590844343, 0.23113070677222514, -0.040229870973184506, -0.1475570633568711] - [0.0686896006696585, -0.29285762148693034, 0.14240504048878563, 0.0841791753659019]
B1: 0.0005193412467437723 - 0.0006037799914597357 - 7.327386066939231e-05 - 2.442548478523394e-05
B2: -0.000450253838704621 - 0.0012805358504730563 - -0.0004264989188085286 - 0.0011690380157475442
