Number: 785
Error: 6.606929286496488e-13
A1: [-0.012152832537371396, -0.014516593587639293, 0.01808790380000478, 0.008583697157307824] - [0.06583594581281887, 0.1894959442649095, -0.1453218357766366, -0.11000776980374347] - [-0.09629522017261243, 0.42178401569790686, -0.053459662077794165, -0.2720382345765734] - [-0.0013162215225823897, -0.018214168219570975, -0.003829491696320579, 0.023382844901969513]
A2: [0.16158700924482536, -0.16775449026305603, 0.008501616508473808, -0.00233278830436364] - [0.03548595736762596, 0.20751695185756996, -0.11721019135411541, -0.1257918007931504] - [-0.08621345256894247, 0.5815382119965368, -0.23538863700445412, -0.2599354783525818] - [-0.003834446508100568, -0.0045187776737401104, 0.0011107723330605241, 0.007243891028129284]
B1: -3.7532425331825254e-07 - 3.2297496810334994e-07 - -4.050878238523352e-07 - -2.0862985508030572e-07
B2: -1.178683118997721e-07 - -9.806376389589056e-07 - -1.4005839210677857e-06 - 1.9067966637193526e-06
