Number: 61
Error: 0.00023286992499781667
A1: [0.0018558965732513295, 0.0005213736882647059, 0.03485508976407144, 0.02457631441261332] - [0.11801787310088556, 0.24570986605670764, -0.09567651470012055, -0.07082320501306645] - [-0.1139453941188402, 0.40750412874427305, -0.07212876225848311, -0.28986981018680547] - [-0.0051542243412760515, -0.017093766258315733, -0.007617300563071787, 0.017241899816081638]
A2: [0.3073101288658392, -0.02503579983457108, 0.14972051289285154, 0.13853278888484563] - [0.11426574412298166, 0.2826891871975495, -0.04462249429430858, -0.05375893726172273] - [0.07757350695178775, 0.7439184080677628, -0.07640362549762249, -0.10050500238792598] - [0.35285682204226193, 0.3506479903558122, 0.35515760646509936, 0.34911197268151234]
B1: 0.03209635122368143 - 0.403910382020236 - -0.016626761628008146 - -0.03399443436799118
B2: 0.013751639666349062 - 0.4138130226661684 - 0.00592635839154062 - 0.011018220136745468
