Number: 9239
Error: 5.527225255866464e-09
A1: [0.05340182944388237, -0.1477729283421564, -0.02677065451201092, 0.12205751472911221] - [0.005437310969594559, 0.13096053115270428, -0.1134768589050508, -0.022425368008395438] - [-0.014593755553619537, 0.22294214328926937, -0.12719033882009115, -0.08175477688988725] - [0.027390186600316557, -0.09977756557518216, -0.04918125287146286, 0.12254300429685114]
A2: [0.08920943672670388, -0.07295681068452538, -0.12367049083597953, 0.1072408848684376] - [0.10931219063497226, 0.25028417667748, -0.40438441267625813, 0.04666814852450721] - [0.03678407375287441, 0.46270213120819187, -0.3775728519770098, -0.12132305340027312] - [0.1428182296401286, -0.0452113582974349, -0.20209241579619022, 0.10206256072838603]
B1: 2.4635333368901884e-07 - -3.2903110565038007e-06 - -0.0003120814896351422 - -7.175581397522456e-05
B2: -2.8572053523222865e-05 - 0.0003373845615543598 - -0.00019586066091184306 - -0.000219634043276232
