Number: 1014
Error: 0.002265886380030423
A1: [-0.013989001726385116, -0.018799646936690326, 0.004309669153549707, 0.006728586514892845] - [0.0755879261609994, 0.19852156658245174, -0.13660031237278697, -0.09962531419987358] - [-0.0773764567471461, 0.4376349696933593, -0.051821043547824984, -0.25342735413025563] - [0.003775762226160953, -0.01256310941708327, -0.01694515065472133, 0.029372642508537678]
A2: [0.17620752701024392, -0.16760518767157154, 0.025194198094558088, 0.023617553296570087] - [0.03646655067003614, 0.20567540512876686, -0.11585474030931842, -0.12307825274775917] - [-0.06681051812706185, 0.5984153613206635, -0.20789236906835035, -0.23228095669127913] - [0.007373544656159552, 0.006297744560781176, 0.017779892142204566, 0.02487520912720346]
B1: -0.025371668838494975 - -0.05051991643577908 - -0.002170098855065864 - -0.00862546793409884
B2: 0.03535975978600492 - 0.03359355250482668 - 0.030010143668730276 - 0.019908414103557426
