Number: 8461
Error: 7.549169058016137e-16
A1: [0.08043173137730905, -0.1804677640631044, -0.019588810336476328, 0.11962501842555509] - [0.037415647999243226, 0.13359645412897048, -0.1347261183281985, -0.03628575712953882] - [-0.0017027867225334011, 0.22819014879633587, -0.12282835040222567, -0.10365887794281275] - [0.038863288012218486, -0.11448096511966148, -0.04641638784681579, 0.12203428150275333]
A2: [0.035307424581025953, -0.02927349432830823, -0.07569736752200308, 0.06966338840281106] - [0.10289375815385098, 0.2828967088118375, -0.39260638901372374, 0.00681600383979731] - [-0.011187101332526615, 0.5390145893375329, -0.35945101676272806, -0.16837646597882372] - [0.09786280439306501, 0.01746332150337282, -0.16885100576884127, 0.0535248836160889]
B1: -1.5649731990778708e-08 - -4.288574618630527e-09 - -1.0388989182351067e-08 - -1.1408735842006721e-08
B2: -1.2594245770088748e-08 - -2.814454795359578e-08 - -8.024823566306954e-09 - -1.757821561206541e-08
