Number: 9494
Error: 3.345044912347463e-14
A1: [0.05317382131041999, -0.14799999936246652, -0.02699777756768857, 0.1218290937664355] - [0.005314253203671757, 0.13083722819385624, -0.11360021048715432, -0.02254922924410065] - [-0.014445303115428555, 0.22309079397443793, -0.1270420054958084, -0.08160675984434242] - [0.02714773853875073, -0.1000187595464994, -0.04942322721021869, 0.1222994021466515]
A2: [0.08925403301658162, -0.07291379758992168, -0.12362783940761202, 0.10728594956618283] - [0.10884045424337704, 0.24981290633527353, -0.4048465388483389, 0.04618818408927708] - [0.03663474481481258, 0.46255393849429266, -0.3777186082642204, -0.1214744669281965] - [0.1434250796887, -0.04460797178573847, -0.2015008570546614, 0.10267848891328485]
B1: -2.1955779243388524e-07 - 3.453485300555141e-08 - -8.982044310449807e-08 - -1.5619071365430973e-08
B2: 5.162285453418743e-07 - -1.0530285633787941e-07 - -4.835723661405179e-07 - -3.464804515033021e-07
