Number: 8621
Error: 9.02642116332121e-16
A1: [0.08043173005404243, -0.18046776538620324, -0.019588811658144096, 0.11962501710246065] - [0.03741565349554014, 0.13359645962118644, -0.13472611284274094, -0.03628575163620979] - [-0.0017027778472214078, 0.2281901576714563, -0.12282834153991462, -0.10365886906986763] - [0.03886328089401795, -0.11448097221784327, -0.04641639496047614, 0.12203427438900936]
A2: [0.03530739251350508, -0.029273526484521004, -0.07569739801149475, 0.06966335484071738] - [0.10289377540690821, 0.2828967262113113, -0.3926063723267568, 0.006816021906205882] - [-0.011187113376311428, 0.5390145772219463, -0.3594510281624861, -0.1683764786697051] - [0.09786276555204887, 0.01746328248568282, -0.16885104274307028, 0.05352484284575578]
B1: -3.362528267737626e-09 - 2.6260710851246605e-08 - -2.2513112793314032e-09 - 8.219485241621918e-09
B2: 2.0686609838733956e-09 - -4.867228760801906e-10 - 2.8808336752570923e-08 - -8.111950366511569e-10
