Number: 1553
Error: 5.578972090454952e-09
A1: [-0.006998409189990767, -0.014803131635347517, 0.0031932632808959263, 0.019648603713115956] - [0.06695290637674778, 0.19000573853141428, -0.1466047504813223, -0.10972198981657619] - [-0.11248005299589635, 0.44188817905105293, -0.07068005390506014, -0.25798572336315895] - [-0.02275459582096267, 0.01594799651251366, -0.029307248590854904, 0.0395607132548234]
A2: [0.13169116421008664, -0.2245255402953554, 0.02276976997407128, 0.07026358516996803] - [0.03279464703440777, 0.2038951316297907, -0.11474044505631394, -0.12131238167256736] - [-0.09464426580283612, 0.5555180598056353, -0.23522387524224148, -0.22565677416693836] - [-0.020867984650493263, -0.01931609251196445, 0.008077173426902918, 0.032142655452408186]
B1: -2.8333125100606193e-05 - -5.105668840316884e-05 - 6.443137898265527e-05 - -1.0965290554353175e-05
B2: -0.0001563168825016986 - 4.419324028979927e-05 - 1.54108041814847e-05 - 0.0001494361100518257
