Number: 1126
Error: 2.406942542141164e-06
A1: [-0.01033650602729151, -0.018140876541256356, -0.00019521333125066168, 0.016140887834855778] - [0.06155707765283364, 0.1847820893579567, -0.1522043219303618, -0.1156882074190564] - [-0.11807934163890152, 0.4364653399085884, -0.0764215967673299, -0.26412774756157564] - [-0.01900199797862524, 0.019602341719027857, -0.025306650913479185, 0.0434829260673253]
A2: [0.12475723240824517, -0.23131455875346849, 0.01599069263826244, 0.06341823062664126] - [0.02141676092500169, 0.1927339259361352, -0.1260702170514804, -0.1324496495707547] - [-0.10494025158141432, 0.5455244526431459, -0.24532115157695839, -0.2358613863046447] - [-0.025993684918997315, -0.024458948597689087, 0.0030585341915732654, 0.027059728303354656]
B1: -0.0008028837738895036 - -0.001414259874011793 - -0.0002793362699114899 - -0.0018797485333881985
B2: -0.00210350086073442 - -0.0012689944307906532 - -0.0017379974062237077 - 0.00019454325264212107
