Number: 7834
Error: 9.247273365641956e-16
A1: [0.08043163940653712, -0.1804678560234757, -0.019588902197241458, 0.11962492646529437] - [0.03741558110531914, 0.13359638728568152, -0.1347261850889377, -0.036285823986454635] - [-0.0017028402403881536, 0.22819009527962103, -0.12282840384171805, -0.10365893144639127] - [0.03886317478474366, -0.11448107802942457, -0.04641650100214774, 0.12203416834562535]
A2: [0.035307321917448634, -0.029273597275844096, -0.07569746513334728, 0.069663280954367] - [0.10289373558454869, 0.28289668605097085, -0.39260641084249837, 0.00681598020648246] - [-0.011187054195949158, 0.5390146367553009, -0.3594509721468572, -0.16837641630942962] - [0.09786278923444644, 0.017463306275835245, -0.16885102019888376, 0.05352486770451369]
B1: -5.668717156129113e-10 - -6.634553642232273e-09 - 1.4371143242569566e-08 - 3.9079292927053415e-09
B2: -8.282927417457432e-09 - 5.443345006175704e-08 - 1.4907419648870304e-09 - -8.294784977961639e-09
