Number: 2088
Error: 0.0005005468310713197
A1: [0.021576436229971213, -0.02573419094570436, -0.004786841661091584, -0.006995097677746462] - [0.07089612124028627, 0.19955182151393674, -0.13715998380888766, -0.09923828901849222] - [-0.013411188277701918, 0.5562124875538745, 0.03243500227218549, -0.09719539537966385] - [0.15797821255886244, 0.18294665053148962, 0.09466081722128239, 0.14354790327016145]
A2: [0.136571737936291, -0.18441267959620175, 0.09644948606769292, 0.09104782751194238] - [0.04177345124734022, 0.20758975951488318, -0.1135598514751207, -0.11760933072302894] - [-0.03623427798168646, 0.5801356182832731, -0.18565861462638955, -0.17829235512970426] - [0.01142686194764475, 0.0019082153146892308, 0.008856082567069122, 0.12172801379211809]
B1: -0.019506221165532564 - -0.024227185004375158 - 0.00706409674493859 - -0.0407370945859655
B2: -0.040780769655005294 - 0.010242235199828108 - 0.00633195816695468 - 0.014225359373832274
