Number: 1945
Error: 1.1091825423668194e-05
A1: [0.0005988351044626337, -0.006990265362134172, 0.011004604828627682, 0.027382013230856095] - [0.06858843250690287, 0.19154890491067916, -0.14492721192956526, -0.10800287293127359] - [-0.11055276351115265, 0.4436539842741722, -0.06900549810067295, -0.25606404147506234] - [-0.026695008266555294, 0.012012748644852045, -0.033679117804904284, 0.03528019270235134]
A2: [0.12758744796650842, -0.22891231811378582, 0.018422025877190128, 0.06597506027939253] - [0.034836017375994684, 0.2059557487090288, -0.11270876696019119, -0.11931602322843124] - [-0.09126915990542757, 0.5586984331076364, -0.231949094831738, -0.22229283525538643] - [-0.015529687278421961, -0.014310795615527741, 0.013204225808706784, 0.037124379385590246]
B1: 0.0003323167979866192 - -0.0034116198474713148 - -0.003817780359108064 - -0.002485556273404049
B2: 0.0010851633045643164 - 0.005187926932720766 - -0.0010200239009779935 - -0.0028823430882906976
