Number: 1071
Error: 3.1772515927542584e-05
A1: [0.004990439613516553, -0.0030861390377016993, 0.015228146117480502, 0.031071435146473834] - [0.07642790288714144, 0.1989346510771423, -0.13730992154081845, -0.09927173454080053] - [-0.11268624359701751, 0.4399038566670599, -0.07636241222346155, -0.2608379598653722] - [-0.032349552087328745, 0.007418884955245662, -0.034252513981970066, 0.031033500431216526]
A2: [0.1331103932808984, -0.2225484830092581, 0.022831999259459817, 0.07336513103010703] - [0.013961532608039666, 0.18552708394851997, -0.13305835997031015, -0.1400645688948352] - [-0.07966924410713626, 0.5707733916420847, -0.21604989935311644, -0.21519051292652602] - [0.007559078918020089, 0.008379040579430602, 0.03645212735608285, 0.05933912087293485]
B1: -0.005386695521439784 - 0.015773712199012597 - 0.010146332938738714 - -0.006213727168403247
B2: -0.00010681028769113149 - 0.0073764989105483516 - 0.001009020485775765 - -0.007750022702086303
