Number: 9969
Error: 7.17542397244962e-16
A1: [0.05317250924087807, -0.14800131189016535, -0.026999088174956155, 0.12182778106301778] - [0.005313736986070745, 0.13083671145574183, -0.11360072660572491, -0.022549746182798563] - [-0.014444559124662684, 0.22309153825127837, -0.12704126207950475, -0.08160601557643433] - [0.02714650243282089, -0.10001999570137704, -0.04942446597334728, 0.12229816284829009]
A2: [0.08925449235981228, -0.07291333932215531, -0.12362739044124173, 0.10728641451211893] - [0.10884157072901804, 0.2498140230134336, -0.4048454444723786, 0.04618931935859537] - [0.03663573751531169, 0.4625549260150026, -0.3777176397439728, -0.12147346394220773] - [0.1434263448327461, -0.04460671136028694, -0.20149962176171382, 0.10267977281546577]
B1: 1.959408654199093e-08 - -2.2814855824333906e-08 - -1.8260149658681378e-08 - -9.967276801074565e-09
B2: -1.0609581092012957e-08 - -1.3443662687155297e-08 - -4.561815471853582e-09 - -1.6776765411823382e-08
