Number: 9365
Error: 1.5088565109615766e-11
A1: [0.05316742584235988, -0.14800639460425782, -0.027004164614996114, 0.12182269774268643] - [0.0053099449940013765, 0.13083291375831888, -0.11360451858746465, -0.022553543789974137] - [-0.014455411740069328, 0.22308068204553747, -0.12705210549606732, -0.0816168709433155] - [0.027155084400820626, -0.10001141175353831, -0.049415864132323004, 0.12230676961199431]
A2: [0.08924668496285937, -0.07292113110856856, -0.12363502330116839, 0.10727851067956579] - [0.10886490506946137, 0.2498373637393583, -0.40482257222199486, 0.046213047949608385] - [0.036643763888031956, 0.4625629105777163, -0.3777098093645978, -0.12146535414215097] - [0.14345320677145337, -0.04457994773721275, -0.20147339357093993, 0.10270703410296847]
B1: 1.7409623056072336e-07 - 6.8763526471579045e-06 - 4.034295934008116e-06 - 5.143824289129525e-06
B2: 4.8937660693039325e-06 - 1.4622040916888377e-05 - -4.828185914871247e-06 - 6.2816287649874175e-06
