Number: 2293
Error: 0.00020695820106701995
A1: [-0.02633260290617889, -0.12872862386639672, -0.1065429666860035, -0.0760167738958813] - [0.07174914543574304, 0.2150185756201046, -0.11937022592112644, -0.06499676115219517] - [-0.18914886473329745, 0.36258398324434954, -0.16112151689927012, -0.2429633221057787] - [-0.057797441993276286, -0.06127204684518126, -0.11144966078855391, -0.10720396283106479]
A2: [-0.0014020311885961576, -0.24349036920125328, 0.025567415413616748, -0.04070000194671364] - [0.06724729006785486, 0.23774360528662425, -0.06315042155597296, -0.09115971040799457] - [-0.06096281151525349, 0.5503208501743212, -0.18931163823485203, -0.16629978921884908] - [-0.0024712255701113024, 0.045274043758390725, -0.02580373719955046, 0.07921241308935291]
B1: -0.006378049643443156 - 0.01566936985078656 - -0.023435577163238398 - 0.033131893738446105
B2: -0.005409730118278456 - -0.030989820095618997 - 0.01124088478101819 - 0.004835472865213788
