Number: 8992
Error: 0.0003852127353469407
A1: [-0.03362022383891276, -0.2711964540589655, -0.11472271108747951, 0.0253771665134834] - [0.05303350569312949, 0.17951895451047828, -0.06924818614700039, 0.024579947249539696] - [-0.08375278499273972, 0.15613658223823015, -0.17545963011985252, -0.14875896907421632] - [0.02898929940180008, -0.10083595019133125, -0.043486487904974516, 0.12439355201274371]
A2: [0.18426117092156633, 0.07993322572903547, 0.0036609662822293908, 0.2489147122102317] - [0.13264591297034095, 0.2738858763390243, -0.3896773726401552, 0.06446478868438432] - [0.1184391145689897, 0.5932096652632515, -0.29392617610552335, -0.008167725089593632] - [0.20924760729706787, 0.0631484257392484, -0.11892597719027512, 0.19877578763842912]
B1: -0.021935371401091065 - 0.009283248768313716 - -0.015969459513699522 - -0.005177571298853861
B2: -0.03312633481209486 - 0.006511637822291437 - 0.05146933695979594 - -0.0055723473582835435
