Number: 7209
Error: 7.594785517525108e-16
A1: [0.0804317157703731, -0.18046777966828176, -0.019588825924720166, 0.11962500282040457] - [0.037415621654073195, 0.13359642780375094, -0.13472614462099136, -0.03628578346016618] - [-0.0017028436343945106, 0.22819009188569875, -0.1228284072307471, -0.1036589348394903] - [0.038863272483509015, -0.11448098060483139, -0.046416403365647604, 0.12203426598366558]
A2: [0.03530737762462898, -0.02927354141461394, -0.07569741216755474, 0.06966333925785] - [0.10289376538316444, 0.28289671610247147, -0.3926063820216684, 0.006816011409974861] - [-0.011187025019325038, 0.5390146661059513, -0.3594509445305916, -0.16837638556496642] - [0.09786280817477172, 0.0174633253023025, -0.16885100216890978, 0.05352488758567041]
B1: -2.719963139103381e-08 - 2.00550252246776e-08 - 1.8916819189350452e-08 - -5.91065781780671e-09
B2: 1.1179406598912065e-08 - 9.564385315552052e-09 - -3.090151533998854e-08 - 1.654275834918593e-08
