Number: 5003
Error: 7.646369164610109e-16
A1: [0.06621322359183984, -0.11395203873583191, -0.02398390840292714, 0.07172290998937442] - [0.037402640862722165, 0.1881933968897004, -0.1474089185308308, -0.07818698192700317] - [-0.06022934468738483, 0.3289508257106338, -0.12775308361781296, -0.14096829628353086] - [0.039046160168172424, -0.05332268508869654, -0.03741858939572655, 0.05169512140686395]
A2: [-0.009108616116651605, -0.34680322825280546, 0.2494550496698912, 0.10645663760580286] - [0.08003980839718661, 0.03628223826111804, -0.05025013124375443, -0.06607197864016316] - [-0.04245288713088744, 0.2308318164002132, -0.04053131806569396, -0.14784791381627185] - [0.06813471562889345, -0.29346792174475245, 0.14177117220667626, 0.08356178965150629]
B1: 2.4125535807891483e-08 - 4.139701552464341e-09 - 2.3920277641819083e-08 - 1.6922367129354913e-08
B2: 2.2874448067748025e-08 - 3.0233691597327583e-08 - 2.601589950357566e-08 - 1.2943335269086376e-08
