Number: 6593
Error: 1.328978971708315e-15
A1: [0.08043168074369016, -0.1804678146909965, -0.019588860909520656, 0.11962496779772333] - [0.03741558320500617, 0.13359638938378343, -0.13472618299344857, -0.03628582188793403] - [-0.0017028157621468843, 0.22819011975734585, -0.12282837939932277, -0.10365890697468909] - [0.038863224495779995, -0.11448102845788516, -0.046416451322789536, 0.1220342180257666]
A2: [0.03530743438481217, -0.029273484497442093, -0.07569735820067164, 0.0696633986635187] - [0.10289373950725882, 0.28289669000695017, -0.392606407048513, 0.006815984314117124] - [-0.011187102232848327, 0.5390145884318985, -0.359451017614906, -0.16837646692750377] - [0.09786280299817594, 0.017463320102161943, -0.1688510070966955, 0.05352488215193533]
B1: 1.7102551371122268e-09 - -3.5321796262611797e-10 - 2.2666307769021323e-09 - 2.2740698626353395e-09
B2: 2.782555305300719e-10 - -6.215313787862452e-10 - 7.798212352289039e-09 - -1.2098029999055337e-09
