Number: 3453
Error: 3.5407070052681356e-09
A1: [0.06604143129028126, -0.11412008937870556, -0.024155713553791407, 0.07155134577590108] - [0.03702432576637791, 0.18783194178200496, -0.14778071825302277, -0.07855887796946337] - [-0.06027063181226725, 0.3289111620056117, -0.12779346181812543, -0.14100864771171143] - [0.0384911302679347, -0.05384929484134865, -0.03795525240435231, 0.05116260792880084]
A2: [-0.009139361785730687, -0.34683572944608865, 0.24942412968880662, 0.10642472509205013] - [0.07990681218131593, 0.0361389560406806, -0.0503955503295955, -0.06621854816541284] - [-0.04222395550431557, 0.231084228133533, -0.04028607617691863, -0.14759486967212065] - [0.06818738196035373, -0.29340999338803914, 0.14182846346056685, 0.08362096183655313]
B1: -4.2945132637537255e-05 - -0.00011802475765850345 - -0.00010022453326674114 - -1.0524929717249555e-05
B2: -0.00019267867814863198 - 0.00021611573357322892 - -3.636283246059605e-05 - -6.016684875931022e-05
