Number: 5255
Error: 8.201787571447311e-16
A1: [0.06621315150588915, -0.11395210921091692, -0.02398398043232578, 0.0717228380243739] - [0.03740255202141596, 0.1881933120078807, -0.147409005868615, -0.0781870692725218] - [-0.06022939411907016, 0.3289507782339113, -0.127753131988879, -0.1409683443943597] - [0.039046135694285736, -0.0533227083183045, -0.03741861307337066, 0.05169509792143784]
A2: [-0.00910858814559349, -0.3468031985798699, 0.24945507786700258, 0.10645666693199414] - [0.08003985564184454, 0.036282289157094236, -0.050250079608053264, -0.06607192656605768] - [-0.04245281701678785, 0.23083189378222826, -0.04053124292890625, -0.1478478362729219] - [0.06813476645112064, -0.2934678657874542, 0.14177122730255062, 0.08356184663246491]
B1: 1.059619165318489e-08 - 1.6497882086878524e-08 - -3.2720613565005543e-08 - -3.54932133581936e-08
B2: 3.226260498361906e-08 - -1.8823148379189936e-08 - -6.712486313086272e-08 - 2.381257271171616e-08
