Number: 7173
Error: 1.0987744401694449e-15
A1: [0.08043171311564931, -0.18046778232270386, -0.01958882857626812, 0.11962500016598486] - [0.03741561694106797, 0.13359642309431347, -0.13472614932460475, -0.03628578817056008] - [-0.0017028326770329623, 0.22819010284282548, -0.1228283962894305, -0.10365892388505397] - [0.03886326892015412, -0.11448098415818454, -0.04641640692672909, 0.12203426242252687]
A2: [0.035307544299226105, -0.029273374279021137, -0.07569725369542323, 0.06966351370084281] - [0.10289372663109256, 0.28289667702150856, -0.3926064195021727, 0.006815970830901664] - [-0.011187213660024377, 0.5390144763400987, -0.35945112308317095, -0.16837658434219638] - [0.09786279257207903, 0.017463309628639023, -0.1688510170216661, 0.05352487120792716]
B1: 5.3636093115356905e-08 - -2.2537351166812744e-08 - -2.4909678029407408e-08 - 1.3263114996129383e-08
B2: 7.896457355870492e-09 - 7.2074697743318515e-09 - -1.7263120537885422e-08 - 1.5558757485276315e-08
