Number: 9561
Error: 1.8783311152817034e-13
A1: [0.05317195756310586, -0.14800186377949487, -0.02699963924967443, 0.12182722912561227] - [0.005313379041947815, 0.13083635312136616, -0.1136010845064684, -0.022550104627213224] - [-0.014444402316013787, 0.22309169511075044, -0.12704110539959695, -0.08160585871082311] - [0.027147349999909712, -0.10001914814607227, -0.049423616624776755, 0.1222990125643544]
A2: [0.08925275365256523, -0.07291507401672256, -0.12362908998214907, 0.10728465435104272] - [0.10883885668876041, 0.24981130849353805, -0.40484810476392685, 0.04618655964144648] - [0.03663280170023813, 0.4625520054744649, -0.37772050407874636, -0.1214764302198317] - [0.1434245615385073, -0.04460848802396793, -0.20150136300223762, 0.10267796305352224]
B1: 1.1247717874272835e-07 - -4.084457641267548e-07 - -4.1626009465926186e-07 - -1.051612555333278e-07
B2: -6.899360733576954e-08 - 4.1195874431360753e-07 - 4.051027656491645e-08 - -1.4633873429342962e-07
