Number: 5165
Error: 9.358901545916766e-16
A1: [0.06621315833321968, -0.11395210253618078, -0.02398397361036523, 0.07172284484023977] - [0.037402536762495865, 0.18819329742898488, -0.14740902086932386, -0.07818708427455195] - [-0.060229567186846134, 0.328950612011769, -0.12775330134282392, -0.1409685128374924] - [0.03904615124001427, -0.0533226935629397, -0.03741859803343285, 0.051695112839272]
A2: [-0.009108659916993842, -0.3468032747179171, 0.24945500551499955, 0.10645659168372963] - [0.08003984175124866, 0.03628227419296324, -0.050250094789673565, -0.06607194187658226] - [-0.042452794937640224, 0.2308319181500749, -0.04053121926803053, -0.1478478118542985] - [0.06813479195716379, -0.29346783770427426, 0.1417712549535543, 0.08356187522933721]
B1: -4.571941967594812e-08 - -1.4344510084138782e-08 - -9.056764734809933e-09 - -1.5509920433249966e-08
B2: -3.102051773847035e-08 - 2.236502978023538e-08 - -8.24981632518061e-08 - -1.1603954451479166e-08
