Number: 5679
Error: 0.00044459717824839784
A1: [0.061471828671843205, -0.11700457419588142, -0.027825499628358938, 0.06835544073944994] - [0.061215883973418386, 0.21136673293716796, -0.12399964497264086, -0.05534135428804945] - [-0.029907222795441675, 0.35626616544366807, -0.10010927714376541, -0.11704083161094851] - [0.01928102395793878, -0.06809039895603433, -0.05410335070259246, 0.03738576972579191]
A2: [-0.01561946998772766, -0.3547696338908389, 0.2398016238328609, 0.1032245261038929] - [0.05846983676263548, 0.013392906979016524, -0.07384525018945427, -0.08952892016352809] - [-0.06115233515474806, 0.2100438667590162, -0.06086149832023849, -0.166931062957581] - [0.05375387683712782, -0.3094430392683274, 0.12843502324963396, 0.06742261617309989]
B1: 0.010224432882960693 - 0.01200798689189892 - 0.008918808317885366 - 0.0033676626466393883
B2: -0.015487146154345901 - -0.004110642396133594 - -0.010411582509894227 - -0.01575900211099941
