Number: 5899
Error: 2.5882735220076854e-08
A1: [0.08029741599829031, -0.180602266144463, -0.019722861323189157, 0.11949076206271891] - [0.03671974054657986, 0.13290096727452624, -0.13542054290249045, -0.03698122579726592] - [-0.001796375075705557, 0.22809662532931427, -0.12292163466594633, -0.10375235769616038] - [0.039299120362110425, -0.11404635796557447, -0.04598063442459603, 0.1224699355116681]
A2: [0.034734512865925785, -0.029847788266983092, -0.07624204110321033, 0.06906362188794112] - [0.10218410389522324, 0.282180893897168, -0.3932929869410535, 0.00607269595954593] - [-0.011816284523176231, 0.5383817012634137, -0.3600464508664606, -0.16903946773829726] - [0.09728511625356832, 0.01688312578537085, -0.16940087241259336, 0.052918404866211306]
B1: -3.556912486623161e-05 - 9.29897525297557e-05 - 4.708373410363539e-06 - 6.0496884698402426e-06
B2: -0.0004783698415602251 - -0.00014452858391923701 - 0.00028990593721741123 - -0.00017916766279712644
