Number: 3497
Error: 4.1907615023108203e-10
A1: [0.06621319827901713, -0.11395206509714836, -0.023983939115396445, 0.07172288604423113] - [0.037416073202120245, 0.18820622874915965, -0.1473957082702464, -0.07817377713272296] - [-0.06020522510058088, 0.3289739959329987, -0.12772947724995157, -0.14094482545282228] - [0.03903569993887825, -0.0533326185994177, -0.03742870531663723, 0.051685086336242234]
A2: [-0.009070830603217124, -0.34676314365992456, 0.2494931496918666, 0.10649625911974778] - [0.08000683893490962, 0.03624672014646544, -0.050286167578878146, -0.06610831648113887] - [-0.04245131856896683, 0.23083353555524053, -0.04052963956008009, -0.14784618739956398] - [0.06817006136285529, -0.2934290026345092, 0.1418095025032741, 0.0836014234767661]
B1: -2.726146018766923e-05 - -8.123694468311266e-06 - 1.953373110617662e-05 - -4.058701152749307e-05
B2: 2.2451823463972482e-05 - -1.396522768181312e-05 - 3.839218530586092e-06 - 3.990341822813553e-06
