Number: 378
Error: 8.394497553434616e-11
A1: [-0.01220012924775996, -0.014565170101358075, 0.018035630320635508, 0.008533157382610332] - [0.0658512264583139, 0.189510643765213, -0.14530603762142824, -0.10999075641489695] - [-0.0963171894760435, 0.4217627843678767, -0.05348349796655585, -0.2720638297548957] - [-0.0013333133467066526, -0.018230604941630826, -0.0038476820765707674, 0.023363089415854153]
A2: [0.16159259141285706, -0.16774901872292963, 0.008507083656422242, -0.0023273497063127802] - [0.0354748513020381, 0.20750602313687425, -0.11722125192670496, -0.12580266636447227] - [-0.0861808358687542, 0.5815701555697947, -0.23535690494098685, -0.25990367806771025] - [-0.003827548641083155, -0.004511996692060823, 0.0011175989794731558, 0.007250489165783871]
B1: -1.0122451179486596e-05 - -7.89729604733243e-07 - 5.089409950001962e-06 - -4.984311885247971e-06
B2: -5.512579399395902e-06 - 2.2364709775479487e-05 - -4.1605574214798036e-06 - 3.0380333507212753e-06
