Number: 7693
Error: 9.104586272663105e-16
A1: [0.08043166358461613, -0.180467831848135, -0.019588878048071252, 0.1196249506406123] - [0.03741555240368248, 0.13359635860576688, -0.1347262137333851, -0.036285852672191185] - [-0.0017028479036785443, 0.22819008761649473, -0.12282841149378831, -0.10365893910763671] - [0.03886320932810435, -0.1144810435830042, -0.04641646648079627, 0.12203420286751819]
A2: [0.03530742511380991, -0.029273493794075213, -0.07569736701544628, 0.06966338896042847] - [0.10289368321060292, 0.282896633232518, -0.3926064614979261, 0.0068159253633505125] - [-0.011187157237246103, 0.5390145330994206, -0.3594510696778019, -0.16837652488751462] - [0.09786276620324691, 0.017463283139872426, -0.16885104212311663, 0.05352484352927482]
B1: -3.734193900594291e-09 - -2.1916935784086712e-08 - -9.839532014547672e-09 - -5.923314557330846e-09
B2: -6.942490214606171e-09 - -1.2239338019760511e-08 - -1.11131715299534e-08 - -5.058512655114368e-09
