Number: 1570
Error: 2.115172161107462e-08
A1: [-0.00816653669123219, -0.01598137068839323, 0.0019793173235608014, 0.018448717159753415] - [0.06696843293756835, 0.19002069186378176, -0.14658864887455056, -0.109704716908736] - [-0.11251727498079526, 0.441851754011938, -0.07071885797978093, -0.258026047082895] - [-0.024188966108615994, 0.014537876666362002, -0.030772179713904495, 0.03804639763339472]
A2: [0.1317380718770985, -0.2244799520283824, 0.022815473072111576, 0.07030807981022699] - [0.03267395666874006, 0.20377639514549548, -0.1148605719081042, -0.12143034417424818] - [-0.09462045288261584, 0.5555416142753753, -0.23520012772099644, -0.22563309438559975] - [-0.020784136989871888, -0.01923414656116974, 0.008159711126810486, 0.03222165896129942]
B1: 7.372130842136639e-05 - -1.8076770562363545e-05 - 0.00011226089146815166 - 6.802065501394089e-05
B2: 0.0002268231059193325 - -0.00029159184667894446 - 3.2693118330446834e-05 - 0.0002766447288659973
