Number: 2299
Error: 0.00010525011665228655
A1: [0.004881318160215541, -0.10080206477782995, -0.08004688997697279, -0.046779318720513774] - [0.010794783749207166, 0.1586559496869334, -0.179066671602741, -0.12898539600070774] - [-0.17990093060586596, 0.3696782217731174, -0.15318972819811102, -0.23509123358541495] - [-0.009018752428893656, -0.016256977321245925, -0.06716744902365802, -0.061052411328040374]
A2: [0.002206361596861238, -0.23942973264977815, 0.028584983384795683, -0.036969964256745216] - [0.06913025279179551, 0.23851039960016268, -0.06188707186415512, -0.08946165654807936] - [-0.06951984098903338, 0.5375283224279707, -0.2011574967116852, -0.17551465106727374] - [-0.05346185633034629, -0.009424081077044968, -0.07713042198503688, 0.02989740224371644]
B1: -0.0006274900949882027 - -0.004141541614184942 - -0.02715184175361322 - 0.019247509827003656
B2: 7.085076873914787e-05 - -0.01114339068959138 - -0.006289298229574433 - -0.0048174258071345625
