Number: 417
Error: 1.635852511733215e-11
A1: [-0.012131012108288833, -0.014494180905490801, 0.01811202280736871, 0.008607015728663656] - [0.06584033087149509, 0.1895001625768903, -0.1453173019576525, -0.11000288756165885] - [-0.09626646206969813, 0.4218118108326459, -0.053428455321787506, -0.2720047293813146] - [-0.0012895708152990913, -0.018188536763152328, -0.0038011219540823355, 0.023413649427014925]
A2: [0.16159504646852046, -0.1677466048367062, 0.008509492041388856, -0.002324952719240109] - [0.03547960604597077, 0.20751070259242907, -0.11721651604280126, -0.1257980140301359] - [-0.08621143092823005, 0.5815401923627987, -0.23538666955748735, -0.25993350676302673] - [-0.003839114469159441, -0.004523367794359914, 0.0011061526580193898, 0.007239425457701109]
B1: 1.7075888227267092e-06 - -7.979960265822996e-07 - -1.510733526247737e-06 - 2.365806744450774e-06
B2: -6.1689623005790425e-06 - -2.0677070612141564e-06 - 7.442502695134257e-06 - 7.3817537720878015e-06
