Number: 8605
Error: 1.5979549994374895e-15
A1: [0.08043169382615997, -0.18046780160998444, -0.019588847842710328, 0.11962498087871422] - [0.037415559855433315, 0.13359636605195158, -0.13472620629626933, -0.0362858452244461] - [-0.001702765121722252, 0.22819017039667844, -0.12282832883305196, -0.10365885634776911] - [0.03886324080304747, -0.1144810121963076, -0.04641643502590168, 0.12203423432295371]
A2: [0.03530735763973967, -0.029273561454736512, -0.07569743116912288, 0.06966331834163995] - [0.10289370691072298, 0.2828966571338164, -0.39260643857545985, 0.006815950180825922] - [-0.011187129340753664, 0.5390145611622895, -0.3594510432732226, -0.16837649549194603] - [0.09786273964602872, 0.01746325646183036, -0.16885106740398795, 0.05352481565294188]
B1: 2.7716967373578126e-08 - 2.5424726195051802e-08 - 2.9322118535431675e-08 - 4.148165641451292e-08
B2: -2.470968562174244e-10 - -2.485493027716181e-08 - 4.283731460078637e-08 - 1.1964200915568512e-09
