Number: 2619
Error: 2.8370217412857882e-08
A1: [0.06357367837115482, -0.04773028427894717, -0.023303403042113358, 0.007996635737076993] - [0.04355452005331607, 0.19116671361518336, -0.14267482911129198, -0.09262997766152352] - [-0.123215617089145, 0.4150978850086882, -0.10461925431071326, -0.1868326525395057] - [0.03752481168981959, 0.019694407964131837, -0.032607609510663105, -0.022528026560472054]
A2: [0.06294701583810611, -0.17418179300543218, 0.08583659308740252, 0.023471155111006115] - [0.029636154097397824, 0.2006396017522046, -0.10136538691920907, -0.12753447462820575] - [-0.09325177094038721, 0.5138371340014015, -0.22544936886965405, -0.19494514174716698] - [-0.0268558909829041, 0.017600476332448392, -0.051221774910223915, 0.056071015073939016]
B1: -0.0003042887628685011 - 6.72219446259067e-05 - 4.245337957008879e-05 - -4.575030045932902e-05
B2: 0.00011520420838063137 - 0.0001334051611161375 - 0.00010568453283928492 - -6.145393953408971e-05
