Number: 1158
Error: 7.170432234140734e-07
A1: [-0.009589601180000878, -0.01739046335097431, 0.0005124417882131953, 0.016979870643476794] - [0.06831399614524186, 0.19131103727913165, -0.14519837884048015, -0.10820201979329329] - [-0.1148260961991226, 0.43962756845387385, -0.07311072947407371, -0.26052757086503875] - [-0.03127106223896249, 0.007620196143141609, -0.037949103540707435, 0.030577753326398317]
A2: [0.12855608899568388, -0.22762549961198786, 0.01969563017431532, 0.06721613309054268] - [0.03383777790698851, 0.20493030245962293, -0.11369954514908107, -0.12029667031189722] - [-0.09777706853353184, 0.5524195731033803, -0.23828778933637118, -0.22873677172437773] - [-0.022615539357744192, -0.021066042635304226, 0.006345891304044837, 0.030464738324484368]
B1: 0.0006417766672532667 - 0.0005847042325101567 - 0.0011289009153062006 - 7.959384364263453e-05
B2: 0.00022285138764808893 - 0.002225191073871135 - -0.0009000199356574841 - -0.00045942403661073685
