Number: 4067
Error: 1.1540080619515905e-15
A1: [0.06621316969477464, -0.11395209142850496, -0.023983962257699425, 0.07172285618276686] - [0.037402627724323206, 0.18819338433681992, -0.14740893144690334, -0.07818699484419937] - [-0.060229389448159636, 0.3289507827203629, -0.1277531274180835, -0.14096833984842366] - [0.03904612739606004, -0.053322716194848865, -0.037418621101760245, 0.051695089958321554]
A2: [-0.009108514558483626, -0.34680312051557394, 0.24945515204982838, 0.10645674408392773] - [0.08003982520506343, 0.036282256367947095, -0.05025011287383663, -0.0660719601142257] - [-0.04245274396495119, 0.23083197440678163, -0.0405311646437467, -0.14784775548040555] - [0.068134729687194, -0.2934679062661518, 0.14177118744725128, 0.08356180541322547]
B1: -2.266385360881086e-08 - -4.470503738766476e-09 - 3.47219120633474e-08 - -9.568967947589209e-09
B2: -6.451633016569223e-09 - 1.9044666692576114e-08 - -5.33678368650759e-09 - -1.4141225102322824e-08
