Number: 4851
Error: 9.479849994692232e-16
A1: [0.06621306574413452, -0.1139521930562147, -0.023984066126771016, 0.07172275240656147] - [0.037402536304144474, 0.1881932969910393, -0.14740902131994657, -0.07818708472520704] - [-0.06022943310865093, 0.32895074078683356, -0.1277531701416755, -0.14096838234202425] - [0.03904617984179126, -0.05332266641522084, -0.03741857036214363, 0.05169514028589848]
A2: [-0.009108523054984038, -0.34680312952912934, 0.2494551434844613, 0.1064567351757328] - [0.08003988295097278, 0.036282318576834664, -0.05025004976080325, -0.06607189646531557] - [-0.04245277856930377, 0.23083193621520662, -0.040531201727030126, -0.14784779375156568] - [0.06813490942301469, -0.29346770836948105, 0.1417713822977734, 0.0835620069299254]
B1: -2.862379165638211e-08 - 2.6357526950552243e-08 - -1.7897552935930936e-09 - 3.884097667989741e-08
B2: 2.982256029413174e-08 - 2.6596649623269243e-08 - -2.9729575263241216e-08 - 4.400846653482363e-08
