Number: 9944
Error: 1.0528488780635087e-15
A1: [0.05317247673691371, -0.1480013444060807, -0.026999120643101386, 0.12182774854337088] - [0.005313713234477402, 0.13083668767924003, -0.11360075035372143, -0.022549769967885554] - [-0.014444631967718943, 0.22309146538153662, -0.12704133486491168, -0.08160608844550472] - [0.02714652036127631, -0.10001997777294189, -0.04942444800706404, 0.12229818082232109]
A2: [0.08925456696388781, -0.07291326489059845, -0.12362731751802991, 0.10728649003607547] - [0.10884176399714095, 0.24981421631565284, -0.4048452550322727, 0.04618951587850266] - [0.036635882490950906, 0.46255507023629605, -0.3777174982984758, -0.12147331746296147] - [0.14342641991383315, -0.04460663655885337, -0.2014995484515036, 0.10267984901042436]
B1: 2.701002546073526e-08 - 1.9000944072113746e-08 - 1.4696393360705635e-08 - 2.7841799654152697e-08
B2: 2.065322417573295e-09 - -2.930385576590922e-09 - 3.9485433058927045e-08 - 1.6856843754235964e-08
