Number: 6988
Error: 4.597018789855159e-16
A1: [0.08043169120788735, -0.18046780422798356, -0.019588850457832135, 0.11962497826072636] - [0.03741558903806561, 0.13359639521242872, -0.13472617717200977, -0.03628581605810566] - [-0.001702812706991209, 0.22819012281243325, -0.1228283763486398, -0.10365890392034872] - [0.03886321996193085, -0.1144810329790093, -0.04641645585375139, 0.12203421349473442]
A2: [0.035307428197719384, -0.02927349070164588, -0.07569736408327879, 0.06966339218805644] - [0.10289375186771309, 0.282896702472313, -0.39260639509364387, 0.006815997257326322] - [-0.011187067428657247, 0.5390146234436687, -0.3594509846719732, -0.1683764302531344] - [0.09786280223250975, 0.01746331933301204, -0.16885100782555817, 0.05352488134823303]
B1: -8.13458874560242e-09 - -1.3415177029370126e-08 - 1.1273982657689705e-08 - -1.6645524857428219e-09
B2: 1.076530269425149e-09 - -4.135915170348704e-09 - 1.7173074758890708e-09 - -1.0547232686192777e-08
