Number: 7172
Error: 1.178702226188775e-15
A1: [0.08043171453575575, -0.1804677809027582, -0.019588827157859576, 0.11962500158592917] - [0.03741561873923261, 0.1335964248911172, -0.13472614753002285, -0.036285786373391436] - [-0.0017028345840798319, 0.22819010093581918, -0.12282839819368538, -0.10365892579159203] - [0.03886327163962883, -0.11448098144634158, -0.04641640420898698, 0.12203426514031154]
A2: [0.03530752552446783, -0.029273393105707476, -0.07569727154622859, 0.06966349405102713] - [0.10289373331320775, 0.2828966837603353, -0.3926064130393175, 0.0068159778280514035] - [-0.011187208765257887, 0.5390144812640602, -0.35945111845016675, -0.16837657918441146] - [0.09786278610601726, 0.017463303133165547, -0.1688510231769398, 0.05352486442066907]
B1: 4.9743875543601256e-08 - -2.3895148492118305e-08 - -2.142869755077653e-08 - 1.3381451970100704e-08
B2: 1.0954257274108207e-08 - 1.0169546829904433e-08 - -1.6988292519532476e-08 - 1.9264838392111326e-08
