Number: 8473
Error: 8.237696849525596e-16
A1: [0.0804316732490631, -0.1804678221847659, -0.01958886839521849, 0.11962496030394845] - [0.03741556906115792, 0.13359637525062923, -0.13472619710900238, -0.03628583602389698] - [-0.0017027995173351169, 0.2281901360018073, -0.1228283631782942, -0.10365889073419962] - [0.038863181615492015, -0.11448107121780152, -0.046416494175744866, 0.12203417517215352]
A2: [0.03530740951514037, -0.029273509435859296, -0.07569738184648885, 0.06966337263476328] - [0.1028938468290473, 0.28289679823960967, -0.39260630324812956, 0.006816096695527869] - [-0.011187053750191942, 0.5390146372036704, -0.3594509717248927, -0.16837641583979002] - [0.09786284534482655, 0.017463362641405137, -0.1688509667853232, 0.05352492660200303]
B1: -1.0141471067691855e-08 - 5.0104442694116116e-08 - 1.0489243208629241e-08 - 1.5908733357538352e-08
B2: 2.751164099372582e-09 - 5.783633951932368e-08 - -2.6899684672534663e-09 - 1.315993962435853e-08
