Number: 5575
Error: 5.115715504627645e-09
A1: [0.06617983260088775, -0.11398466370335499, -0.02401726095989471, 0.07168958331828895] - [0.03737529974624097, 0.1881672909833361, -0.14743578920578695, -0.07821385848591589] - [-0.06039089676506702, 0.3287957036884142, -0.1279111348158338, -0.14112550557154108] - [0.03887252132911496, -0.053487470601191765, -0.03758654970916822, 0.051528518638987754]
A2: [-0.00902593399946912, -0.34671551125972894, 0.24953843412418414, 0.10654335042199517] - [0.08003697658128357, 0.03627919112480294, -0.050253222832944484, -0.06607509515641523] - [-0.04251976341977019, 0.2307580152958429, -0.04060299670985973, -0.14792187440101565] - [0.06807784601011814, -0.2935305306165776, 0.14170951203510693, 0.0834980299389136]
B1: 8.228274842098424e-06 - -3.7143472581608835e-05 - -3.424621464003064e-05 - -2.5216143945121492e-05
B2: 4.156440101359124e-05 - 4.851192253489316e-05 - 3.6404957449791954e-05 - 4.601997763100421e-05
