Number: 3377
Error: 1.4273581365015946e-07
A1: [0.0654135621767611, -0.11473381054490536, -0.024784483109500384, 0.07092450465202844] - [0.0383109836259425, 0.18906033809556466, -0.14651717954208412, -0.07729496498086748] - [-0.05293888372605727, 0.3359638562244819, -0.1206129261898425, -0.1338747087726774] - [0.03630303885087469, -0.05592793094288268, -0.040073947891254125, 0.04905826019267408]
A2: [-0.006860711874117841, -0.3444154758869519, 0.2517654085283524, 0.10881203500801623] - [0.08055032459133127, 0.03683289041226997, -0.049692862201820724, -0.06551322587694121] - [-0.04088497465856538, 0.23256314214496715, -0.03884083738912507, -0.14612075959495116] - [0.07025081810845041, -0.2911338384224053, 0.1440944396122067, 0.08593531649907328]
B1: 0.0004644604201378752 - -0.0002788973925028278 - 7.63049596187499e-05 - 0.00019715262317122222
B2: 0.00030976711388807114 - 0.00019702584348868683 - -0.0002794205913607372 - -0.0004252982650362986
