Number: 4702
Error: 1.265016056640173e-15
A1: [0.06621314034191304, -0.11395212012545192, -0.023983991587555323, 0.07172282687912378] - [0.03740257213542628, 0.18819333122540083, -0.14740898609505435, -0.07818704949720087] - [-0.06022951954051506, 0.32895065777369653, -0.1277532547188773, -0.14096846646430558] - [0.03904607839185597, -0.05332276270781032, -0.03741866851169626, 0.05169504293330262]
A2: [-0.00910826299442196, -0.34680285364583113, 0.24945540564909302, 0.10645700783466519] - [0.08003993263735974, 0.036282372103278004, -0.05024999545646345, -0.0660718416998544] - [-0.04245272437908872, 0.23083199602280494, -0.04053114365474234, -0.1478477338192933] - [0.06813504427765779, -0.2934675598888092, 0.14177152849301777, 0.08356215812668498]
B1: -7.91330430693131e-08 - 7.077838688397874e-08 - 4.902956241889382e-09 - 6.197058846380939e-08
B2: 1.7745340116198597e-09 - 5.819445648568069e-10 - -2.5020574367050057e-08 - 3.168376308881303e-08
