Number: 2488
Error: 5.031310814752171e-07
A1: [0.06038970240239696, -0.05092599029110708, -0.026477167308295416, 0.0048129896210062076] - [0.042985340613483386, 0.190613322896711, -0.14327213270230973, -0.09326423068909727] - [-0.12473029360245756, 0.4135538795435336, -0.10616878323368191, -0.1883853752721546] - [0.033783534233881196, 0.01592895143734368, -0.03636175372589784, -0.026275409189569183]
A2: [0.06222625831457215, -0.17488458906328522, 0.08510345835120096, 0.022766341508881627] - [0.02906466024399535, 0.20007855312645964, -0.10193361044563233, -0.1280918761051214] - [-0.09463772592074686, 0.5124976984730663, -0.22683567404864838, -0.19627761981284225] - [-0.028653475026505105, 0.015821475221666284, -0.05301838837332505, 0.05433337634332137]
B1: 0.00032313330599347294 - 0.0006071674858925376 - 0.0004144207995583168 - 0.0008384940873060852
B2: 0.0005702430841580187 - 0.00023685008422633384 - -0.0005021969609920162 - -0.0004642553170106682
