Number: 3486
Error: 8.125782311937603e-10
A1: [0.06619267291148448, -0.11397213347901784, -0.024004451949886194, 0.07170239484483576] - [0.037405276133116214, 0.18819591087739335, -0.1474063177467323, -0.07818439439455221] - [-0.06037994271206623, 0.3288061823880402, -0.12790043982446916, -0.1411148801948332] - [0.039012220203024646, -0.053354901922556076, -0.03745140432585055, 0.05166256064365836]
A2: [-0.0091383977269024, -0.3468348222135286, 0.24942503273113403, 0.1064254358917501] - [0.08002650142137599, 0.03626790122981446, -0.05026467631409067, -0.06608663691678797] - [-0.042576934365428455, 0.23069488134515725, -0.04066426313694667, -0.1479851154410759] - [0.06813859434977211, -0.29346364813417325, 0.141775392822661, 0.08356614952418763]
B1: -8.299306395468126e-06 - 4.1966100123675895e-05 - -9.585335339738692e-05 - 2.4310086112278267e-05
B2: 6.385901225500317e-06 - 2.8514296211242997e-06 - -3.3278779384880346e-05 - 1.7575437765324608e-05
