Number: 181
Error: 4.283077803102968e-06
A1: [0.010565045538549827, 0.008693431873435173, 0.04303313962577007, 0.032756691935583906] - [0.0673506327451018, 0.19095947515738437, -0.14375038230468193, -0.10831025329211412] - [-0.07640562063831796, 0.4410879330231721, -0.0319001509180385, -0.2488357575729724] - [-0.007420197121456409, -0.02424471362183607, -0.01022790038687546, 0.016229426112225373]
A2: [0.17167406063689333, -0.15794526484523966, 0.018489761941214086, 0.007201872274965846] - [0.048897050131771286, 0.22069669911489764, -0.10385867915813639, -0.11270855043067363] - [-0.0670350148800058, 0.6001459871316621, -0.21673072803893254, -0.24155234611230383] - [0.009570420071742644, 0.008621127954587816, 0.014423588257971612, 0.01995242777908696]
B1: 0.0043377200220272895 - -0.0035988097586652098 - 0.0012505121584800555 - 0.0008297366918514605
B2: -0.010377209383661531 - 0.00019816171250018014 - 0.010157111028502174 - -0.0034091575760613973
