Number: 977
Error: 0.00011750044374732396
A1: [-0.04573604199619473, -0.049527547752896924, -0.01891975699917842, -0.026779431431606285] - [0.06463666513443012, 0.1882585838631407, -0.14657281984713835, -0.11132506482045045] - [-0.1584192848520087, 0.361147662204022, -0.12055504288657076, -0.3429887243149248] - [-0.05364768326455934, -0.06929978752597052, -0.059408109444011564, -0.03565690844486364]
A2: [0.1762997967229789, -0.15427591579543415, 0.023074519225109915, 0.01224356681790402] - [0.04220755077603146, 0.2140067013910459, -0.11051567723122695, -0.1191973283872439] - [-0.04924765006349041, 0.6172040915897812, -0.1994852751671295, -0.22384351743859568] - [0.02135131984486832, 0.020116121608426726, 0.026021452071878972, 0.031354736244974674]
B1: 0.004432451753200641 - 0.0050740079016242685 - -0.006567928134471948 - -0.001220446241630941
B2: -0.015333450532734045 - 0.016371896387857764 - -0.00711801972446068 - -0.01344476059218331
