Number: 3785
Error: 7.123851353065112e-16
A1: [0.06621325905657953, -0.11395200406365659, -0.02398387296603435, 0.07172294539458897] - [0.0374026437501522, 0.18819339964840276, -0.14740891569229778, -0.07818697908819362] - [-0.06022929398209504, 0.3289508744102359, -0.1277530340006584, -0.14096824693345913] - [0.03904618235110669, -0.053322664033604125, -0.037418567934593666, 0.05169514269378771]
A2: [-0.009108672022735473, -0.3468032875606091, 0.24945499331152696, 0.1064565789911893] - [0.08003981001263905, 0.03628224000135157, -0.05025012947829805, -0.06607197685967506] - [-0.04245277896091152, 0.2308319357831088, -0.04053120214677109, -0.14784779418455926] - [0.06813473525098236, -0.29346790014018115, 0.14177119347895353, 0.08356181165125248]
B1: 3.18321371158139e-08 - 3.3516845315660356e-08 - -5.723343784493367e-09 - 2.9058534404137994e-08
B2: -3.023181187942976e-09 - 2.2915782016172888e-08 - 1.3421741610207736e-09 - 5.008167138860315e-08
