Number: 5302
Error: 1.312372534906713e-15
A1: [0.06621321469858059, -0.1139520474303553, -0.023983917289222362, 0.07172290111101233] - [0.03740259626882781, 0.18819335428332118, -0.1474089623699953, -0.07818702577005299] - [-0.0602294597923111, 0.32895071515820323, -0.1277531962529425, -0.14096840831279603] - [0.03904618797071059, -0.05332265869943208, -0.0374185624976283, 0.05169514808652259]
A2: [-0.009108711822037114, -0.3468033297808043, 0.2494549531898999, 0.10645653726429781] - [0.08003978866987756, 0.036282217009203886, -0.05025015280444672, -0.0660720003840151] - [-0.04245276595114583, 0.2308319501412232, -0.040531188205062366, -0.1478477797964783] - [0.06813479539176688, -0.2934678339226639, 0.14177125867693396, 0.08356187908012098]
B1: 3.696105518662502e-08 - 4.4730063014906305e-08 - -1.5807806533933534e-08 - -5.342203842211197e-09
B2: 3.398573317299785e-08 - 1.9175791596110126e-08 - 6.61125858730302e-08 - 3.872787879377167e-08
