Number: 2990
Error: 1.8525836008429275e-08
A1: [0.06376444405523211, -0.047542070864893524, -0.023115961956112957, 0.008181077373181283] - [0.043805102914835574, 0.1914097569048937, -0.14241579308408028, -0.09235246443062996] - [-0.12309085192683349, 0.41522016570071085, -0.1044987405844965, -0.18671214467509653] - [0.03659559244582833, 0.018762649177346716, -0.03353961267591071, -0.02345688576236748]
A2: [0.06360805739214634, -0.1735215138975082, 0.08649265247883998, 0.024122202547524785] - [0.02902329437198942, 0.20003593914973988, -0.10197631873757293, -0.12813467093689956] - [-0.09330896583671383, 0.5137799789857712, -0.22550404489225193, -0.194998819748484] - [-0.02535854373810625, 0.019081336617653454, -0.049722709943895965, 0.05753026452726894]
B1: -0.000316609563732063 - -6.363152656594703e-05 - 3.504274496586143e-05 - 0.0002077792084032026
B2: -7.924428452079859e-05 - 0.0001040412170590466 - 5.060624843646282e-05 - 0.00023504810491209444
