Number: 5903
Error: 6.504419333569096e-09
A1: [0.08037193536417592, -0.1805277119462026, -0.019648486104214862, 0.11956524953046263] - [0.03693303737124958, 0.13311410694243456, -0.13520773407955503, -0.036768076905601264] - [-0.001657761771839262, 0.22823523449936112, -0.1227832629143326, -0.10361380090254195] - [0.039344902875983086, -0.11400067230331772, -0.045934915566229605, 0.12251567299404091]
A2: [0.035019872473344725, -0.029561711577705596, -0.07597074297012706, 0.06936233988677035] - [0.10207917323026759, 0.28207518166688034, -0.39339441722340324, 0.005962784428027036] - [-0.011966331030954154, 0.5382308104539256, -0.36018852372734544, -0.1691976697594971] - [0.09734858611180924, 0.016946875045148257, -0.16934048116400674, 0.0529850164587772]
B1: -0.00012124978353721957 - 0.0001278643348303839 - -1.5198130116165264e-05 - -5.7467122808671175e-05
B2: -0.00026857031575714687 - -1.5886598282727745e-05 - 0.00040100752426581136 - 1.9706481130979076e-05
