Number: 7113
Error: 1.2136216447157914e-15
A1: [0.0804316964054586, -0.18046779903100085, -0.01958884526647644, 0.11962498345770374] - [0.03741560207360509, 0.1335964082381035, -0.13472616416244296, -0.03628580302978666] - [-0.0017027987161718809, 0.22819013680295266, -0.1228283623783078, -0.10365888993326425] - [0.038863239963220865, -0.11448101303384958, -0.046416435865204296, 0.12203423348359421]
A2: [0.035307319658408824, -0.029273599541160454, -0.07569746728109579, 0.06966327858991814] - [0.1028938071899928, 0.2828967582641175, -0.3926063415866502, 0.006816055187828289] - [-0.011187070299451618, 0.5390146205557512, -0.3594509873892388, -0.16837643327819327] - [0.09786274877273864, 0.01746326563007173, -0.16885105871581102, 0.053524825232888346]
B1: -3.184320792977403e-08 - 1.54246999180343e-08 - 2.3200168788457992e-08 - -5.305489141878317e-09
B2: -2.4634424717126518e-09 - -1.9943637598771946e-09 - 1.0052919406942739e-08 - -3.731500637454367e-09
