Number: 7660
Error: 5.877119467920551e-16
A1: [0.08043171473608632, -0.1804677807024572, -0.01958882695776281, 0.11962500178624076] - [0.03741563055424969, 0.1335964366971884, -0.13472613573853295, -0.036285774564913054] - [-0.0017027813344162783, 0.22819015418433747, -0.12282834502199226, -0.1036588725561393] - [0.038863262373550145, -0.1144809906864218, -0.04641641346915152, 0.12203425587999621]
A2: [0.03530751089910222, -0.029273407771517754, -0.07569728545180324, 0.06966347874395618] - [0.1028938323153567, 0.28289678360272125, -0.3926063172856919, 0.006816081497715284] - [-0.011187195410491282, 0.5390144946984917, -0.3594511058096434, -0.16837656511195798] - [0.09786277555262249, 0.017463292531774123, -0.16885103322310838, 0.053524853343066114]
B1: 9.501167807365908e-09 - 4.5644446479709835e-08 - 8.076693576363051e-09 - 1.8220713252946024e-08
B2: 1.8536763464073516e-08 - 1.4520119603257914e-08 - 3.099704933176906e-08 - 1.5591991031721492e-08
