Number: 3307
Error: 5.858903246292665e-06
A1: [0.07709598683691671, -0.103597398994788, -0.013359897728718984, 0.08239311490578961] - [0.03469917359983487, 0.1853312834820936, -0.15004224971137775, -0.08078069556978344] - [-0.060644863201248816, 0.3289182502855045, -0.12789440980922334, -0.14118980924960167] - [0.03434273827717953, -0.05773892929435712, -0.042183999776454394, 0.047032652587247495]
A2: [-0.02409381612671312, -0.3628633591945297, 0.23469397906415354, 0.0908369425535663] - [0.09550005704145278, 0.053038160005622406, -0.03345121117546684, -0.04912328173469036] - [-0.06907963036099979, 0.20069067433364415, -0.0694592352112964, -0.17763582087368532] - [0.045114324328072546, -0.31942535781403797, 0.11655513158535323, 0.05749739676836415]
B1: -0.00019247051686713083 - 0.0038044093485205986 - 0.0013013559603856169 - 0.0024304194831239103
B2: 0.006375215820559038 - -0.00030110343596257924 - -0.00279135078414367 - 0.00032037503892365767
