Number: 6714
Error: 8.641105523973746e-16
A1: [0.08043167846845377, -0.18046781696597528, -0.019588863182036467, 0.11962496552274683] - [0.037415583985432904, 0.13359639016362018, -0.13472618221457724, -0.03628582110793987] - [-0.0017028282272484512, 0.22819010729250783, -0.12282839184617218, -0.10365891943646324] - [0.03886322435979418, -0.11448102859348794, -0.04641645145868944, 0.12203421788986489]
A2: [0.03530742637494749, -0.02927349252946103, -0.0756973658163475, 0.06966339028032534] - [0.10289376221641572, 0.2828967129088431, -0.3926063850845166, 0.006816008093927912] - [-0.01118713591950517, 0.539014554544312, -0.3594510495000455, -0.1683765024243252] - [0.09786278262068626, 0.01746329963198097, -0.1688510264947411, 0.05352486076219877]
B1: -4.4864800890989015e-09 - 5.35998158922406e-09 - -1.4662400790620034e-08 - -7.991098163889834e-09
B2: -6.544942442743514e-09 - -6.242514921795231e-09 - -4.401347417091238e-09 - -6.488568842915752e-09
