Number: 9282
Error: 1.2525273302126436e-09
A1: [0.05305262090980278, -0.14812124082946634, -0.027118802268352435, 0.12170784567604397] - [0.005200717242091621, 0.13072360193426727, -0.11371369692548057, -0.022662880163355596] - [-0.014536334361809657, 0.2229997417184761, -0.12713292426471798, -0.0816978186873057] - [0.02693284463679903, -0.10023363912201749, -0.04963850362350202, 0.12208402189891487]
A2: [0.08952544935392893, -0.07264288454443735, -0.12336256974926463, 0.10756075146276912] - [0.10898375049228891, 0.2499563031736733, -0.4047061224875428, 0.04633393328968244] - [0.03656250722794998, 0.4624821519006773, -0.3777891015999297, -0.12154742711567038] - [0.14335488837502577, -0.044677875477671054, -0.20156938693803655, 0.10260723885719532]
B1: 4.615117131840649e-05 - 1.3857859678347936e-05 - -4.030103276884832e-05 - -3.629348877598807e-05
B2: 2.000832713706581e-05 - -6.71872508340474e-05 - 4.579119051980907e-05 - -3.0016931432791405e-05
