Number: 6613
Error: 8.796474415746092e-16
A1: [0.08043168135474686, -0.18046781408000895, -0.01958886029919454, 0.11962496840871027] - [0.037415597488966806, 0.13359640365693334, -0.134726168737949, -0.03628580761188587] - [-0.0017028493297139141, 0.22819008619049447, -0.12282841291774166, -0.1036589405332976] - [0.03886324422405986, -0.1144810087849702, -0.046416431607080665, 0.12203423774178503]
A2: [0.035307466986116316, -0.029273451805966466, -0.07569732720377752, 0.06966343278433007] - [0.10289375922443414, 0.2828967098914678, -0.3926063879783215, 0.00681600496088511] - [-0.011187056708682598, 0.5390146342275982, -0.3594509745253072, -0.16837641895708447] - [0.09786284027796917, 0.017463357551529297, -0.1688509716087557, 0.0535249212835939]
B1: 4.899122191991474e-09 - 7.183354960791793e-09 - 1.211519066546709e-08 - 7.555219728846658e-09
B2: 8.068625462607333e-09 - 1.5787561563829034e-08 - -1.31049164385014e-08 - 1.9467761062372882e-08
