Number: 107
Error: 0.0004266429366845811
A1: [-0.06088875673707858, -0.06581908416193562, -0.03545693736591828, -0.042498067202248184] - [0.11477423692581504, 0.23876066312128172, -0.09642805047083255, -0.058323616668827266] - [-0.15550415156154535, 0.36549453104917484, -0.11740984963300896, -0.34049225811185285] - [-0.05917427650525335, -0.07269683544474667, -0.06453677690381045, -0.04260983413977012]
A2: [0.2392858229360008, -0.09206250276529451, 0.08462931155754212, 0.07303202638591696] - [0.0872981766191295, 0.25682785532513813, -0.06838294414506418, -0.07772599261267125] - [-0.0077917704602766865, 0.659403072997789, -0.15928317290669894, -0.18400288954390615] - [0.11103670743251716, 0.11075573215730099, 0.11509222062484802, 0.11722297361608293]
B1: -0.001358600254445686 - 0.25888656373344865 - 0.001645920040680503 - -0.0074185484514831465
B2: 0.0009916406151147267 - 0.27200159467391644 - 0.0006782087586575053 - -0.00016512681884340002
