Number: 6862
Error: 9.819726897185985e-16
A1: [0.08043165613992939, -0.18046783929197016, -0.019588885483863446, 0.1196249431967722] - [0.037415559448255524, 0.13359636564501357, -0.1347262067028642, -0.036285845631525454] - [-0.0017028495635348772, 0.22819008595667617, -0.12282841315121965, -0.10365894076705587] - [0.03886320138863221, -0.11448105150018432, -0.04641647441521456, 0.12203419493297941]
A2: [0.035307412292478614, -0.029273506650880157, -0.07569737920577926, 0.06966337554149417] - [0.10289379070648348, 0.2828967416407085, -0.3926063575292947, 0.006816037927190626] - [-0.01118711032853723, 0.5390145802879169, -0.35945102527764444, -0.16837647545822387] - [0.09786281334194556, 0.017463330492980315, -0.168850997250095, 0.05352489300952379]
B1: 1.50589424542221e-08 - -2.394282376344073e-08 - 5.806136208663987e-09 - 1.9793966893705e-09
B2: -3.3801679827397024e-10 - 1.1007603494090179e-10 - -5.337042065980751e-09 - 9.241380862721541e-11
