Number: 5694
Error: 0.0030475443336314004
A1: [-0.14321917556423874, -0.3165250461845225, -0.22958911562199993, -0.1287287676942903] - [-0.1577562337061443, 0.01006090028121371, -0.3319433907294591, -0.25747418624685425] - [-0.5410527012555728, -0.16986580255729597, -0.6192476293254087, -0.6458071181117618] - [-0.010998477497571595, -0.08563586694108405, -0.07603508142103356, 0.027914747812173207]
A2: [-0.11926955129319183, -0.45425811471884653, 0.1232699335187977, 0.0017228243147860839] - [0.06909816689919253, 0.029354861633815142, -0.05880247872351775, -0.08126019981793718] - [-0.12208115138691052, 0.15396199422399903, -0.12248953837317317, -0.23386347619702713] - [0.03613072836823689, -0.3160812500377715, 0.12478224310904895, 0.03908377831435651]
B1: -0.012150983069483742 - -0.05940486906833023 - -0.020851617725036548 - -0.023838618208982962
B2: -0.0018642188326821602 - 0.030597523039577676 - 0.0740361998334377 - -0.07557836511782966
