Number: 544
Error: 1.1048984753796876e-13
A1: [-0.012151440689959206, -0.014515164016518764, 0.018089442220257823, 0.008585184510882572] - [0.06583589644439654, 0.18949589677449025, -0.14532188681974076, -0.1100078247709772] - [-0.09629332634361763, 0.42178584606195746, -0.0534576070351789, -0.27203602817368383] - [-0.0013224222405115278, -0.01822013156045445, -0.0038360921583146215, 0.023375677920393217]
A2: [0.16158662396078888, -0.1677548682894619, 0.008501238999445587, -0.0023331639005859323] - [0.03548574245254047, 0.20751674039605777, -0.11721040536902982, -0.1257920110355731] - [-0.0862138280090849, 0.5815378442606232, -0.23538900231944024, -0.2599358444571787] - [-0.0038343353072226916, -0.00451866832133237, 0.0011108824011616186, 0.00724399741071698]
B1: -1.1478680587992094e-07 - -1.0306704921855226e-07 - 5.8970793087686514e-08 - 1.2372227063407677e-07
B2: -4.819003659552962e-07 - 4.2165408781791055e-07 - 9.534632027383444e-07 - 5.103818342524213e-08
