Number: 9674
Error: 8.274133279063776e-15
A1: [0.05317258241455743, -0.1480012386901427, -0.026999015082547862, 0.12182785427172178] - [0.005313796815795906, 0.13083677134684446, -0.11360066678728561, -0.02254968626841594] - [-0.014444382028052389, 0.22309171541170877, -0.12704108512448703, -0.08160583841645683] - [0.02714634297543271, -0.10002015515908873, -0.049424625767820446, 0.12229800298561205]
A2: [0.0892545949700056, -0.07291323695006457, -0.12362729014324644, 0.10728651838723212] - [0.10884178448046444, 0.24981423680261186, -0.404845234953905, 0.04618953670683737] - [0.03663582888270268, 0.46255501690764744, -0.3777175506000499, -0.12147337162661684] - [0.14342577289600042, -0.04460728116797406, -0.20150018020891994, 0.10267919239284672]
B1: -6.355619155120269e-09 - -2.3603406086966788e-07 - -2.7160459405689553e-07 - 1.8224143907893752e-07
B2: 9.451372249637795e-08 - -6.351462520712437e-08 - -3.221136759990683e-07 - -1.7082072354823283e-08
