Number: 5586
Error: 4.906370418513285e-08
A1: [0.0662550030681325, -0.11391115339961431, -0.023942116980606814, 0.07176465497503944] - [0.0374383029450846, 0.18822749901762667, -0.14737383089914918, -0.07815189875028782] - [-0.0602022405225086, 0.3289769520216606, -0.1277264391984266, -0.1409418142672742] - [0.03907366961759235, -0.053296511188259885, -0.03739188032909897, 0.05172159879862841]
A2: [-0.00913332202886523, -0.3468294454987865, 0.24943024332939442, 0.1064308052842611] - [0.08005630150455718, 0.03630001078309948, -0.05023210152149452, -0.06605379417422406] - [-0.04259437858446203, 0.2306756748672456, -0.04068298639196059, -0.14800441593309038] - [0.06805226815882795, -0.29355868805918084, 0.14168176772310673, 0.08346933997337927]
B1: -6.116911569421007e-05 - -0.0001457978567780488 - -0.0001193844631391657 - -0.00013256514100017393
B2: 0.00010002287625753283 - 0.00010273062849141702 - 9.343033123163815e-05 - 0.00010698422893537854
