Number: 6216
Error: 1.0084121348546135e-15
A1: [0.08043165661140284, -0.1804678388205466, -0.019588885012951713, 0.11962494366819493] - [0.037415569041693554, 0.13359637523119425, -0.13472619712854042, -0.036285836043397836] - [-0.001702829246134916, 0.22819010627364822, -0.12282839286356895, -0.10365892045507616] - [0.038863219610800956, -0.11448103332915205, -0.046416456204656974, 0.12203421314382637]
A2: [0.03530737463148331, -0.02927354441604511, -0.0756974150133325, 0.06966333612513781] - [0.10289371175069592, 0.2828966620148125, -0.39260643389429106, 0.006815955248923653] - [-0.011187073542648437, 0.5390146172932267, -0.35945099045902307, -0.1683764366956269] - [0.09786277692493282, 0.017463293910318624, -0.16885103191671905, 0.05352485478349814]
B1: -2.9316101772405207e-08 - -1.1364545577027797e-08 - -4.37498644138818e-09 - -1.0894794459404798e-08
B2: -1.7130799129073688e-08 - -2.3192239935273012e-08 - -1.427789471206586e-09 - -9.38536478629718e-09
