Number: 6311
Error: 6.411055707726174e-16
A1: [0.0804316535338332, -0.18046784189776785, -0.01958888808684114, 0.11962494059097668] - [0.03741555754829794, 0.13359636374649775, -0.1347262085990339, -0.036285847530426574] - [-0.001702835454377544, 0.22819010006553747, -0.12282839906272217, -0.1036589266616623] - [0.038863210136363166, -0.11448104277700137, -0.0464164656730576, 0.12203420367527684]
A2: [0.03530739569147024, -0.029273523297808433, -0.07569739498978291, 0.06966335816671446] - [0.10289380226951829, 0.28289675330188335, -0.3926063463456901, 0.006816050035394503] - [-0.011187138826704726, 0.5390145516197737, -0.3594510522517652, -0.1683765054877576] - [0.0978628351308571, 0.017463352381004237, -0.1688509765084753, 0.05352491588080474]
B1: 2.5086826390307024e-08 - 1.4270975303520017e-08 - 4.811268178607416e-08 - 1.3147305633452752e-08
B2: 1.7159472413480424e-08 - 1.8886088385020083e-08 - 3.1657946999846427e-08 - 2.410499455644231e-08
