Number: 6804
Error: 1.114085267008679e-15
A1: [0.08043167839717266, -0.1804678170372469, -0.019588863253233516, 0.11962496545147348] - [0.03741557567610392, 0.13359638186058115, -0.13472619050735035, -0.03628582941266621] - [-0.0017028438245575254, 0.2281900916955322, -0.12282840742064507, -0.10365893502960996] - [0.03886321826122125, -0.11448103467494503, -0.04641645755337704, 0.122034211795082]
A2: [0.03530740808366334, -0.029273510871337335, -0.07569738320746563, 0.06966337113650943] - [0.10289365704851745, 0.2828966068483719, -0.39260648680152804, 0.006815897967759748] - [-0.01118709602138706, 0.5390145946804046, -0.35945101173561544, -0.16837646038227827] - [0.09786277999998906, 0.01746329699936233, -0.1688510289894761, 0.05352485801131944]
B1: -1.260615649409403e-08 - -3.2090948644652546e-08 - -5.795876018230404e-10 - -9.892583774173172e-09
B2: -7.694611410897902e-09 - -1.399644740049677e-08 - -1.4186937626135776e-08 - -1.2469498437370524e-08
