Number: 5273
Error: 9.766299071157227e-16
A1: [0.06621304987415978, -0.11395220857155806, -0.023984081984300517, 0.07172273656320269] - [0.03740257230123734, 0.18819333138388972, -0.147408985931987, -0.07818704933413062] - [-0.06022936816122698, 0.328950803165016, -0.12775310658803654, -0.14096831913012867] - [0.039046014198633544, -0.05332282363757145, -0.03741873061647039, 0.05169498133273305]
A2: [-0.00910873483888233, -0.3468033541980628, 0.24945492998685334, 0.10645651313244824] - [0.08003983674452812, 0.036282268799295414, -0.0502501002617024, -0.06607194739509221] - [-0.042452793318986326, 0.23083191993649366, -0.04053121753346426, -0.14784781006415224] - [0.06813481361911253, -0.29346781385364007, 0.1417712784370454, 0.08356189951625123]
B1: -2.666082200142075e-08 - 1.4766108016671504e-08 - 2.8372535562445262e-08 - 2.9334220764183378e-08
B2: -2.1577236776054343e-08 - 1.6082324765670783e-08 - 6.086036543371e-08 - -2.982979835322312e-08
