Number: 944
Error: 6.567694215812784e-08
A1: [-0.012017888519772493, -0.014378116973988091, 0.0182369700154258, 0.008727778319432437] - [0.06577091817486527, 0.18943337367217142, -0.14538905682885386, -0.11008017321629485] - [-0.09608502216460427, 0.42198698503558174, -0.0532317130422999, -0.2717935878831803] - [-0.001063272020016084, -0.01797096289567218, -0.003560323496484853, 0.023675172112216078]
A2: [0.16189992091694572, -0.16744729068404787, 0.008808369411664128, -0.002027452232031125] - [0.03555963332803335, 0.20758945883450275, -0.11713678329910869, -0.12571967888014152] - [-0.08616888513445434, 0.5815820130149054, -0.235345148804587, -0.2598918330015391] - [-0.003909954554469162, -0.004592937193130016, 0.0010361051596910914, 0.007171703960750408]
B1: -2.9250844179949773e-06 - 0.000131101661683421 - 6.61361948655652e-06 - 9.307913558476047e-05
B2: -0.00022037870447803637 - -3.886995300129975e-06 - -0.0002663299269555036 - -0.00025927245593082647
