Number: 2774
Error: 2.194949891003085e-09
A1: [0.06369618696013957, -0.0476117979802865, -0.023184683272938232, 0.008114636628776626] - [0.043862266987149845, 0.19146417596155357, -0.1423580967194255, -0.09229184173230194] - [-0.12365116842314336, 0.4146565431549757, -0.1050649958375551, -0.1872776915609216] - [0.03697892110224093, 0.019143165789835402, -0.03315622593933983, -0.02307549387089999]
A2: [0.06301967326328417, -0.17410501783875856, 0.08590549552177958, 0.02354293535103298] - [0.02921677188936969, 0.20022659173853358, -0.10178313618575723, -0.12794470283283818] - [-0.09358493425151786, 0.5135102340730974, -0.22578132395587303, -0.19526781239217458] - [-0.025760966056837604, 0.01868619559655462, -0.05012195164122258, 0.05713848376121286]
B1: -5.359878439499268e-05 - 9.908607314110608e-05 - 7.300358225906867e-05 - 2.9660933509939526e-06
B2: 2.9968927668251395e-05 - -2.2287862446151562e-05 - 0.00012557195619997098 - -6.239415504715682e-06
