Number: 6696
Error: 9.078021302039691e-16
A1: [0.08043166978570253, -0.18046782564774302, -0.019588871854405814, 0.11962495684098723] - [0.03741556575029911, 0.13359637194228804, -0.13472620041337743, -0.03628583933297263] - [-0.0017028336517865739, 0.22819010186808542, -0.12282839726276801, -0.1036589248595537] - [0.03886320364319851, -0.11448104925194466, -0.046416472162084554, 0.12203419718614474]
A2: [0.035307430142309616, -0.02927348875167886, -0.0756973622343884, 0.0696633942232792] - [0.1028937705608959, 0.2828967213241439, -0.3926063770138452, 0.006816016831819168] - [-0.011187149996986955, 0.5390145403828639, -0.359451062824685, -0.16837651725826278] - [0.09786278009120461, 0.01746329709099357, -0.16885102890264342, 0.05352485810706594]
B1: -8.834232877595171e-09 - 4.733811268275444e-09 - -2.5210178700931863e-08 - -1.400605704248777e-08
B2: -6.025370652094933e-09 - -9.095564216260248e-09 - 4.5031751595308024e-10 - -1.4161653304006001e-08
