Number: 3008
Error: 5.574623685259027e-08
A1: [0.06333549565853722, -0.04796869123341569, -0.023540348115555006, 0.007755917617147559] - [0.04327976214904444, 0.1909019952212848, -0.14295685602637917, -0.09293030679252938] - [-0.12291309401216732, 0.41539738726031994, -0.10431995854293519, -0.1865333979050034] - [0.03706839646407442, 0.01923499782398297, -0.033068681213314244, -0.022989209416621893]
A2: [0.062910811430373, -0.17421634402639474, 0.08579689636819615, 0.023431810045924907] - [0.02939651372685197, 0.20040376954855843, -0.10160425515536262, -0.1277694541354659] - [-0.09358030395027153, 0.5135134969471851, -0.22577619221728795, -0.19526125738792405] - [-0.025652524410510635, 0.01878836308620638, -0.05001775980729996, 0.057245286572976326]
B1: -0.0002472333136494644 - 0.00010112030430412 - -0.0002616277668120808 - -7.705275585818956e-05
B2: -1.2864763840858177e-05 - 7.446730731391958e-05 - 0.00021394828898823237 - 6.874105452058821e-05
