Number: 6496
Error: 8.080521241675573e-16
A1: [0.08043168827422699, -0.18046780716131247, -0.01958885338798816, 0.11962497532740007] - [0.03741558975984496, 0.13359639593366096, -0.13472617645167045, -0.036285815336726146] - [-0.0017028156367809497, 0.22819011988270924, -0.12282837927414038, -0.10365890684935668] - [0.038863231063597924, -0.11448102190849928, -0.04641644475915674, 0.12203422458950262]
A2: [0.035307440537700234, -0.029273478327536087, -0.0756973523505861, 0.06966340510318539] - [0.10289373387188556, 0.28289668432374865, -0.3926064124989717, 0.006815978413056655] - [-0.011187095341945109, 0.5390145953639032, -0.359451011092519, -0.1683764596663151] - [0.09786280279526893, 0.017463319898331893, -0.16885100728984986, 0.05352488193894907]
B1: -3.1311348592702975e-09 - -1.0051665908032568e-09 - -1.513406030936327e-09 - -2.116689334724155e-10
B2: -8.671119836168383e-10 - -2.2762468035130717e-09 - 2.0041453192887808e-09 - -3.1144481692906894e-09
