Number: 2670
Error: 1.1665262221134028e-08
A1: [0.06344922614415471, -0.04785814240022133, -0.023429467229365397, 0.007869954950556915] - [0.0440607591055228, 0.19165575163591317, -0.1421536161564657, -0.09207341832914344] - [-0.12357958571481024, 0.4147293418090255, -0.10498914443348714, -0.187201755141421] - [0.037631783853848265, 0.019797544800211193, -0.03250372540809879, -0.022426166011804846]
A2: [0.06276264631789373, -0.17436093665651972, 0.08565042410028392, 0.02329006032614281] - [0.029289111044287112, 0.20029776148554254, -0.10171117354234573, -0.127873914214406] - [-0.09347220433238133, 0.5136212374400659, -0.2256700189361587, -0.1951575502467584] - [-0.025963933092755756, 0.0184849711955288, -0.050327779922508115, 0.0569423732286512]
B1: 7.561376989674351e-05 - 0.00016514739302641419 - -0.00018868642508125446 - -0.00015389923532001032
B2: 7.902198397584934e-06 - 0.00017181550547589315 - 0.0002124836825997399 - -0.0001763734456346859
