Number: 5060
Error: 1.2179054126560157e-15
A1: [0.0662132718354606, -0.11395199157028517, -0.023983860197170886, 0.07172295815202634] - [0.037402635152712145, 0.18819339143417643, -0.14740892414420392, -0.07818698754087394] - [-0.060229425707408794, 0.3289507478952435, -0.12775316289930017, -0.14096837513860438] - [0.03904620918390031, -0.0533226385647286, -0.037418541974579736, 0.051695168442964706]
A2: [-0.009108662733254787, -0.34680327770560126, 0.24945500267609394, 0.10645658873097273] - [0.08003984466795103, 0.036282277335088056, -0.05025009160191314, -0.06607193866172148] - [-0.04245280266275034, 0.23083190962423766, -0.040531227546489086, -0.14784782039795644] - [0.06813476840272424, -0.29346786363861704, 0.14177122941845446, 0.08356184882053887]
B1: -2.9049439851605015e-09 - 6.007936824908418e-09 - 8.853102480558362e-09 - 1.0594384967915584e-08
B2: 3.872429744121459e-08 - -1.1686146015456106e-08 - -1.169766423339202e-08 - -7.394763846534923e-09
