Number: 8002
Error: 9.91779581942011e-16
A1: [0.08043171206993628, -0.1804677833683062, -0.01958882962073311, 0.11962499912039175] - [0.037415577094471235, 0.13359638327787673, -0.13472618909175246, -0.0362858279950637] - [-0.001702809165975996, 0.2281901263533717, -0.12282837281280376, -0.10365890038027178] - [0.03886325570295965, -0.11448099733829155, -0.04641642013549235, 0.1220342492135508]
A2: [0.03530742650074097, -0.029273492403303788, -0.07569736569675174, 0.06966339041198326] - [0.10289370050024434, 0.28289665066889863, -0.39260644477560047, 0.006815943468117533] - [-0.01118709684807638, 0.5390145938487512, -0.3594510125180835, -0.16837646125340824] - [0.09786278086849491, 0.017463297871812108, -0.1688510281627423, 0.05352485892299677]
B1: -3.992384354345269e-09 - 1.4680667514978688e-08 - 4.706742618819342e-09 - 8.81922117040044e-09
B2: 3.094137649768552e-08 - -5.56423108820942e-08 - 1.0413208198478304e-09 - 2.4915096536923802e-08
