Number: 8192
Error: 4.578425504273281e-16
A1: [0.08043170872604707, -0.18046778671184094, -0.01958883296067667, 0.11962499577684971] - [0.03741555741548009, 0.13359636361382285, -0.13472620873144797, -0.03628584766309389] - [-0.0017028158209949418, 0.22819011969848796, -0.12282837945809233, -0.10365890703352343] - [0.03886324756611699, -0.1144810054523061, -0.046416428267173286, 0.12203424108175147]
A2: [0.035307628887375014, -0.029273289456888656, -0.07569717326975543, 0.06966360223117532] - [0.10289381866659317, 0.28289676983810896, -0.39260633048655813, 0.0068160672054052044] - [-0.011187165429717323, 0.5390145248580523, -0.35945107743222393, -0.16837653352013976] - [0.09786265934015592, 0.01746317579069411, -0.16885114385006253, 0.05352473135803805]
B1: 5.0174598007813093e-08 - -3.934757152453901e-09 - -7.034430549904151e-09 - 6.259366356821172e-08
B2: 3.925167963420166e-08 - 1.790674926908127e-08 - 2.7467971188738825e-08 - 3.21771020795149e-08
