Number: 6056
Error: 7.977062695539068e-14
A1: [0.08043284786952973, -0.18046664769804027, -0.019587695180092343, 0.11962613478949238] - [0.037416726757669556, 0.13359753206933747, -0.13472504172165442, -0.03628467897050238] - [-0.0017012490378430065, 0.2281916864502004, -0.1228268149666021, -0.10365734066672336] - [0.03886462983593887, -0.11447962706128198, -0.0464150468777989, 0.12203562249266885]
A2: [0.03530780111878862, -0.029273116749875157, -0.07569700951252716, 0.06966378249173119] - [0.10289273742131322, 0.2828956794158979, -0.39260737625179026, 0.006814934983407491] - [-0.011189171432714895, 0.5390125068904577, -0.359452976154613, -0.16837864731690622] - [0.09786138049485889, 0.01746189112846512, -0.16885236122580602, 0.053523388985910345]
B1: 7.240963818314158e-07 - 4.2972165005393966e-07 - -9.593202935564911e-08 - -8.855079768209738e-08
B2: -5.482864136957522e-07 - -8.18672121998588e-07 - 1.8152383121312878e-06 - 1.3565279182444715e-08
