Number: 6594
Error: 7.23234066753642e-16
A1: [0.08043168096085505, -0.18046781447385618, -0.01958886069261542, 0.11962496801486343] - [0.03741558637615493, 0.1335963925525321, -0.1347261798286184, -0.0362858187185419] - [-0.0017028214705049679, 0.22819011404910947, -0.12282838509932292, -0.10365891268152373] - [0.03886322918276962, -0.114481023784049, -0.04641644663878651, 0.12203422270984318]
A2: [0.03530743439328131, -0.02927348448894952, -0.07569735819261929, 0.06966339867238258] - [0.10289374003002054, 0.2828966905341486, -0.3926064065429048, 0.006815984861525143] - [-0.01118710211508879, 0.5390145885503604, -0.3594510175034441, -0.1683764668034164] - [0.09786280267384556, 0.01746331977635629, -0.16885100740543696, 0.05352488181149392]
B1: 2.2273155947284197e-09 - 1.8739512035087706e-10 - 2.7647876256291515e-09 - 2.8050462694698406e-09
B2: 5.274063420699115e-10 - 1.6443005114890783e-09 - 3.1311605068440725e-09 - 2.0039194221837297e-09
