Number: 6209
Error: 6.819471437070743e-16
A1: [0.08043164837167209, -0.18046784705934407, -0.01958889324282989, 0.11962493542940535] - [0.03741555811523343, 0.13359636431300398, -0.1347262080332289, -0.03628584696380522] - [-0.0017028284443327485, 0.2281901070754333, -0.12282839206294076, -0.10365891965348799] - [0.038863216807311196, -0.1144810361247741, -0.0464164590063602, 0.12203421034207906]
A2: [0.03530737547424885, -0.029273543570948555, -0.07569741421204221, 0.06966333700718398] - [0.10289371123255554, 0.2828966614922746, -0.39260643439542947, 0.006815954706354756] - [-0.011187071244233264, 0.5390146196053512, -0.35945098828352445, -0.16837643427370497] - [0.09786277678968572, 0.017463293774456313, -0.16885103204546548, 0.05352485464153263]
B1: -3.094205893788332e-08 - -1.17381422433041e-08 - -5.74791721285175e-09 - -1.1558068992486295e-08
B2: -2.0672415901207776e-08 - -2.590130276896051e-08 - 1.4743744916825206e-09 - -8.087470346490488e-09
