Number: 7293
Error: 6.190477705510121e-16
A1: [0.0804316692177362, -0.1804678262156446, -0.01958887242168997, 0.11962495627308639] - [0.037415571853023036, 0.13359637804039506, -0.1347261943228071, -0.036285833233627225] - [-0.0017028351448290168, 0.228190100375077, -0.12282839875361981, -0.10365892635219424] - [0.03886321396887905, -0.11448103895524471, -0.04641646184298531, 0.12203420750540613]
A2: [0.03530742426991073, -0.029273494640318837, -0.0756973678178062, 0.06966338807718295] - [0.10289378461518187, 0.2828967354977117, -0.39260636342070704, 0.006816031548700929] - [-0.011187043328640442, 0.539014647687428, -0.3594509618607595, -0.16837640485812702] - [0.09786281436986564, 0.01746333152557524, -0.16885099627158132, 0.05352489408850098]
B1: -2.079371103986298e-08 - 2.842364856403277e-09 - 4.555713752169032e-09 - -6.785402270374709e-09
B2: -5.697013719295845e-09 - -6.10708256358125e-09 - -3.9866526585675535e-09 - -5.082441334334414e-09
