Number: 2236
Error: 0.0002596139525296268
A1: [0.1112973455076868, 0.002384180560034829, 0.02566201212628186, 0.0554756609344227] - [0.023325296931162316, 0.16004697508011836, -0.18434052266162945, -0.13626812827328344] - [-0.09253794518426296, 0.44958710866917995, -0.06454215267866698, -0.15556922897390216] - [0.07361256287291662, 0.06675835321032964, 0.02053087339370931, 0.01456168228252356]
A2: [0.06200865368558523, -0.19959650138393825, 0.07789258334703417, 0.01819610981127965] - [0.13212425117890045, 0.3001511529205605, 0.003373068349637253, -0.029216837639130296] - [-0.0026793898398869576, 0.6161777467945916, -0.12707554874984678, -0.11113720528794137] - [0.049369567015711074, 0.10960811698732431, 0.030180562566287115, 0.140376813363028]
B1: -0.03344882533632101 - -0.022669173947431502 - -0.021706694808328725 - 0.008074804308298343
B2: -0.011852742595568844 - -0.011630273044737134 - -0.009481902611987501 - -0.010159494308112391
