Number: 377
Error: 4.435982266204001e-11
A1: [-0.012209752589246939, -0.014575054343892675, 0.01802499366672822, 0.00852287384686274] - [0.06585347645636583, 0.18951280817336802, -0.1453037113604461, -0.10998825126226648] - [-0.09631908321445637, 0.42176095413743114, -0.05348555277297788, -0.27206603609573116] - [-0.0013351685643426291, -0.018232389160221407, -0.0038496567940262613, 0.02336094502439522]
A2: [0.1615925409412274, -0.16774906828532063, 0.008507034237323553, -0.002327398930812575] - [0.03547349171801529, 0.20750468531730124, -0.11722260587182415, -0.12580399642729773] - [-0.0861825283324655, 0.5815684976977663, -0.2353585519251707, -0.2599053286673542] - [-0.0038299665959407887, -0.00451437444532337, 0.0011152059246410753, 0.007248175925424106]
B1: -6.630308071773974e-06 - 8.586358393549261e-06 - 8.821642397140568e-06 - -2.0239106727155497e-06
B2: -2.6249179771691147e-06 - 1.65685353870329e-05 - -1.0062584692373539e-05 - -1.5354902249772677e-07
