Number: 5758
Error: 0.0006800830843913829
A1: [0.08881638011410249, -0.18167417026175242, -0.016613758508659662, 0.12431695497935005] - [0.061693117477961135, 0.13720951802520112, -0.12203469450980209, -0.019857574981991182] - [-0.08127877323817423, 0.16005611057203556, -0.19875718296659534, -0.18073276383514303] - [0.06239737620703125, -0.07600834865351269, -0.014728281068450158, 0.15059358204284734]
A2: [-0.03311060003461681, -0.1009054607238605, -0.12412652666699074, 0.002576757964175686] - [0.20409855236264526, 0.38890019966963235, -0.3054739340562969, 0.10309678484615314] - [-0.029581696113100568, 0.522518171848592, -0.3721506412981207, -0.19414064941746245] - [0.06912573032992546, -0.010860193302847543, -0.18858360670452812, 0.020232065812839414]
B1: -0.028046560586614103 - 0.03076708548863956 - -0.008513670533576255 - -0.010327358095478866
B2: -0.008308953707946827 - 0.004907672970596133 - -0.00581675121725745 - -0.08096939614012119
