Number: 2284
Error: 0.0002173703163200732
A1: [0.12470561565352156, 0.02200644503189016, 0.04630937496490532, 0.07356526169588125] - [0.07265699119697329, 0.2147008209680399, -0.12128643242772705, -0.06699788667972234] - [-0.14132871897670102, 0.40884916168706914, -0.11431372931100292, -0.19450650948205106] - [0.05671786890091098, 0.05324368187951348, 0.004780646442722594, 0.006304044323729846]
A2: [0.05639273029324386, -0.1849596622736639, 0.0842996643927431, 0.01628766765591255] - [0.014617675641276612, 0.18663445391835085, -0.11444530006511629, -0.14221645295792446] - [-0.1664307919307532, 0.45296945669089456, -0.2905408430900863, -0.26644539075727325] - [-0.049718756743230855, 0.003171130919510474, -0.0718604097929159, 0.03426423918137126]
B1: -0.008931708976694111 - 0.007291077580814383 - 0.0020493526320124 - -0.01791993036154728
B2: 0.022712132374406942 - 0.0025105467880643644 - -0.010136223078466618 - 0.009555384538283068
