Number: 274
Error: 2.552618690792598e-08
A1: [-0.013716161097232178, -0.016122214178282773, 0.016360281181781903, 0.006913417806802389] - [0.06468043596805333, 0.18838440003775891, -0.14651648309874377, -0.11129423023619972] - [-0.09789678221729678, 0.4202368847037429, -0.05519630025784564, -0.27390363069470736] - [-0.0015490589838870667, -0.01843759762468761, -0.004076682581794439, 0.02311396640504103]
A2: [0.1612788648829639, -0.1680567289931356, 0.008199944502907447, -0.0026330968521910245] - [0.03566027626297496, 0.207688485196932, -0.11703666777034769, -0.1256213116107849] - [-0.08601365846845185, 0.5817340403533671, -0.23519458599838963, -0.2597406899283768] - [-0.0038586433863659, -0.004542435788469789, 0.0010870381949622141, 0.007220907042549909]
B1: -7.795185720360907e-06 - 0.000231648760361251 - -0.0002491141560429394 - -7.750801011816805e-05
B2: 0.0007813947833040849 - -0.00018085815119811842 - -0.00040999157528001884 - 4.880761762562346e-05
