Number: 2707
Error: 1.6368597938984623e-09
A1: [0.06316557094458433, -0.04814092885495213, -0.023710893535883664, 0.007588089680052863] - [0.043755497204402694, 0.19136111741396478, -0.1424679821942658, -0.09240915856780761] - [-0.12328204050861331, 0.41502504832461795, -0.10469164546256261, -0.18690541965667895] - [0.03685542052173162, 0.019019578983151413, -0.03327900244028591, -0.023197705187803248]
A2: [0.06337972044760268, -0.17374624385939313, 0.08626630539974264, 0.023899378636844576] - [0.02914041205353695, 0.20015127181310438, -0.10185910479708092, -0.12801940914418458] - [-0.0935030286263661, 0.5135910907931008, -0.22570011079245011, -0.19518796992903742] - [-0.025969593493975086, 0.01847933809441787, -0.0503324286008926, 0.05693612700942297]
B1: -0.0001372188826004322 - 4.420449078742949e-05 - 3.722114718005877e-05 - 4.830098460127683e-05
B2: -4.008511649139058e-06 - -3.733187813222571e-05 - 3.2982062868089997e-06 - 8.80191337753502e-05
