Number: 9900
Error: 1.099517577250283e-15
A1: [0.05317248674107162, -0.14800133439827068, -0.02699911065000855, 0.12182775855231015] - [0.005313655513248741, 0.13083662989746708, -0.1136008080662188, -0.022549827770516246] - [-0.014444517754696348, 0.22309157963636742, -0.12704122074232932, -0.08160597419175154] - [0.027146291957707985, -0.10002020617595722, -0.04942467689223232, 0.1222979518384966]
A2: [0.08925434821707914, -0.07291348313155897, -0.12362753133632946, 0.10728626859229189] - [0.10884164030850238, 0.24981409260519324, -0.40484537627103045, 0.04618939010879746] - [0.03663574739156891, 0.4625549358398637, -0.37771763010818804, -0.12147345396349923] - [0.14342628455982373, -0.04460677140874061, -0.2014996806129816, 0.10267971164835521]
B1: -2.449179052037549e-08 - 8.033905943551293e-09 - 1.9632567383570988e-08 - 1.103871116676966e-08
B2: 5.526274648361311e-09 - 2.2471332575087643e-08 - -1.2475936111014284e-08 - -1.8332117553688394e-08
