Number: 1521
Error: 1.1619809827994445e-08
A1: [-0.007457853896204862, -0.015266744339679764, 0.002715679986533897, 0.019176734601522052] - [0.06645448949965387, 0.1895262234958657, -0.1471199368141455, -0.11027649984849222] - [-0.11322850257350571, 0.44115443375949737, -0.0714598178756401, -0.2587962272214941] - [-0.023304904809944814, 0.015407236330487203, -0.02986879096118413, 0.03897985134902582]
A2: [0.13179925019476368, -0.22441871752496614, 0.02287579573719836, 0.07036905736862678] - [0.0326999178170074, 0.20380194478973193, -0.11483481492217533, -0.12140506745778094] - [-0.09443997321582755, 0.5557195541178717, -0.2350233518659038, -0.2254562224480616] - [-0.02091393266345052, -0.019361211187135772, 0.008031686322842178, 0.03209840875568728]
B1: -6.126328966072446e-05 - -0.0001303013593114837 - -0.0001148151696381865 - -5.797035535492115e-05
B2: 0.00011720261424540396 - -0.0002022220635103034 - 0.00011912113314447083 - -2.121225041224654e-05
