Number: 1282
Error: 1.1884634660643548e-08
A1: [-0.007530445563296364, -0.015339441010623362, 0.0026407968905926456, 0.01910252381906489] - [0.06689750213219109, 0.18995244615597656, -0.1466621389219318, -0.10978360982269567] - [-0.11331158366663215, 0.44107440214023386, -0.07154538188495876, -0.2588864256760962] - [-0.023877277470669978, 0.014845681675676023, -0.030452524398806427, 0.03837532483862879]
A2: [0.13179869699432237, -0.22442025914790426, 0.0228760930796728, 0.07036857724189258] - [0.03257672742995909, 0.20368070836263802, -0.11495760543443093, -0.12152544523008076] - [-0.09427876779427721, 0.5558788415465834, -0.23486451690665439, -0.22529678499241138] - [-0.020746107279366655, -0.019197014440305575, 0.008199299910357335, 0.032259933972498184]
B1: -0.00015195241232289697 - 0.0002609012828194546 - -0.00015373163159185433 - -0.00014462371605027422
B2: 2.0664404477021345e-05 - 0.0001361713081060696 - -8.155102573219001e-06 - -2.853825438396545e-05
