Number: 2641
Error: 3.272668828068736e-08
A1: [0.06408632055154458, -0.047221858384818356, -0.02279644394014562, 0.008504871650548468] - [0.0437621848169942, 0.1913667919103067, -0.14246128474199451, -0.09240182545666387] - [-0.12230678733390296, 0.4160010928075055, -0.10370778632647587, -0.18592375356234703] - [0.0382005217411311, 0.02036913046466118, -0.031933720977729355, -0.021857706627968355]
A2: [0.06379515120370713, -0.17333611135695634, 0.08668189103875416, 0.024309854901360662] - [0.02885291437263668, 0.19986821623913598, -0.10214597108315655, -0.1283009777169901] - [-0.0937845090692337, 0.5133148749581059, -0.22598352037243055, -0.19546049589338874] - [-0.026708185012488478, 0.017746575160273753, -0.051074098565925055, 0.056216509214233386]
B1: -0.000308209046051716 - 0.0001717482151552147 - 3.30959628723286e-05 - 0.00022229848172449648
B2: 8.63548092830217e-05 - -0.0002714954005068448 - 0.00019096974433061985 - 3.6773382068238546e-05
