Number: 5925
Error: 2.180459504167025e-09
A1: [0.08064920126877832, -0.18025033098457136, -0.019371590875063894, 0.11984246838988846] - [0.0376987375975345, 0.13387931098638006, -0.13444357458060963, -0.03600281182271071] - [-0.0015255029584517075, 0.2283674264420145, -0.12265130518493744, -0.10348163082641197] - [0.03902768859858421, -0.1143170044360133, -0.046252063169987964, 0.12219859226583311]
A2: [0.03529652505247837, -0.02928443926457892, -0.07570774265965448, 0.06965198741472865] - [0.10296844987076763, 0.2829720288453797, -0.39253416902968546, 0.006894180838662485] - [-0.011235849283952614, 0.5389655586456913, -0.35949717074028315, -0.1684278569982314] - [0.09783438004640112, 0.017434765916528074, -0.16887807631929072, 0.05349503835080704]
B1: 0.0001090102623151161 - 2.308520550508184e-05 - 2.244091924022207e-06 - 4.7976470707356464e-05
B2: 5.56217610419422e-05 - 6.155115920586776e-05 - 5.409371603233553e-05 - 3.1568182781420106e-05
