Number: 9972
Error: 8.030265756193597e-16
A1: [0.05317251004068402, -0.14800131109006515, -0.026999087376031412, 0.12182778186320961] - [0.005313739635464737, 0.1308367141079142, -0.11360072395673237, -0.0225497435296691] - [-0.01444457504817736, 0.223091522321933, -0.12704127799041262, -0.08160603150563013] - [0.02714649133260372, -0.1000200068015755, -0.049424477096977795, 0.12229815171986601]
A2: [0.08925446072004757, -0.0729133708887549, -0.12362742136814724, 0.10728638248223334] - [0.10884163832263503, 0.2498140906189768, -0.40484537821757494, 0.04618938808949454] - [0.036635807013552533, 0.4625549951516297, -0.3777175719380117, -0.1214733937231613] - [0.1434264142991511, -0.04460664215261274, -0.20149955393377453, 0.10267984331248003]
B1: -7.306954474382343e-09 - 2.5292507741588805e-10 - -2.4963461462768915e-09 - -1.4187819049496856e-08
B2: -5.913142093177529e-09 - -1.3004565252778664e-08 - 1.2690540667883183e-08 - -2.498695238485503e-08
