Number: 2214
Error: 0.00011629168126960636
A1: [0.04864616262561078, -0.04712792363110105, -0.016124328740494243, 0.02367281407244397] - [0.04076892233677534, 0.17467629240835006, -0.1680800306928351, -0.11960266904634853] - [-0.24066363413976705, 0.30832237802946943, -0.21363092942735334, -0.3015392098025882] - [-0.003639192968292331, 0.0014868297489678776, -0.041086159020511125, -0.03979967407808066]
A2: [0.11821534450108265, -0.17474866001480946, 0.1103031299687505, 0.06769596706708705] - [0.06991805718478711, 0.2368259202903784, -0.062083285431977345, -0.09131286570318858] - [-0.17481492647188826, 0.45596945499447766, -0.2824735902621842, -0.27327866288239033] - [-0.12535153397059032, -0.0418495678450805, -0.11250667695877621, -0.020186510751393327]
B1: 0.025957330721311324 - -0.03806559210725662 - -0.005185486396443984 - -0.016653983079389305
B2: -0.005616155764926264 - 0.021177673516621275 - -0.010063189307401002 - -0.01687235498043803
