Number: 9907
Error: 1.1924376476456698e-15
A1: [0.05317246711145669, -0.14800135403509915, -0.02699913025798581, 0.12182773891323102] - [0.005313670050757061, 0.13083664445021778, -0.11360079353091553, -0.022549813212510827] - [-0.014444565500502883, 0.2230915318730772, -0.1270412684503373, -0.08160602195459582] - [0.027146287390508634, -0.10002021074315585, -0.04942468146907352, 0.12229794725968558]
A2: [0.08925434401404518, -0.07291348732487078, -0.12362753544467027, 0.10728626433742662] - [0.10884168897328902, 0.2498141412785647, -0.4048453285701397, 0.04618943959237629] - [0.03663584672604106, 0.46255503465747233, -0.37771753319251167, -0.12147335359878508] - [0.14342637901547786, -0.044606677304895356, -0.20149958838520618, 0.10267980750534812]
B1: -3.441899034407786e-08 - -1.0927290690387275e-08 - -1.0745551759089791e-08 - -2.028324870643942e-08
B2: -1.2989762062700105e-08 - -1.0423426924422146e-08 - -2.6754889739706016e-08 - -4.865631474980881e-08
