Number: 5933
Error: 1.259974632302018e-09
A1: [0.08050531714543684, -0.18039419258533287, -0.01951531088925496, 0.11969859640726557] - [0.03759044207777405, 0.13377110778210455, -0.13455165562128185, -0.03611104894495933] - [-0.0015928773306978586, 0.22830005507857182, -0.12271858844059912, -0.10354899065880925] - [0.03886782125123697, -0.11447643469565953, -0.04641185091832739, 0.1220388136087062]
A2: [0.03544379164665242, -0.029136759425630297, -0.07556771516279481, 0.06980611319296233] - [0.10301224887258557, 0.2830161939570085, -0.39249179871182344, 0.00694006571972689] - [-0.011295734414290111, 0.5389053016692499, -0.35955385006787405, -0.1684909423067479] - [0.09785517971742626, 0.017455655042849922, -0.16885827083969204, 0.053516878370275904]
B1: 6.220667696959202e-05 - -4.307990109425328e-05 - -7.481303516987154e-05 - -1.4603439281815097e-05
B2: 2.737164433444284e-05 - -8.202921773039514e-05 - -2.4616905272526588e-05 - 4.3443715170582556e-05
