Number: 8195
Error: 6.614575786491814e-16
A1: [0.0804317047394842, -0.18046779069795307, -0.01958883694247434, 0.1196249917907403] - [0.03741556228962939, 0.13359636848428358, -0.13472620386700943, -0.036285842791643326] - [-0.0017028159206164367, 0.2281901195988684, -0.12282837955756835, -0.10365890713311882] - [0.03886324407365258, -0.11448100893497011, -0.046416431757413536, 0.12203423759145611]
A2: [0.03530764364993501, -0.029273274653498865, -0.07569715923367454, 0.06966361768176738] - [0.10289381312007591, 0.2828967642445195, -0.39260633585108173, 0.006816061397398506] - [-0.011187163025831642, 0.5390145272762753, -0.35945107515688957, -0.16837653098708646] - [0.09786271992902944, 0.01746323665515307, -0.16885108617327738, 0.05352479495651683]
B1: 5.940786499720788e-08 - 1.5861169594927408e-09 - -1.4263858297066166e-08 - 4.10964342178961e-08
B2: 3.3217057423759176e-08 - 1.712730243398688e-08 - 2.5012057665376545e-08 - 2.678766224484454e-08
