Number: 444
Error: 1.878079456945972e-12
A1: [-0.012160229787064979, -0.014524191217817282, 0.018079727771460403, 0.008575792446972527] - [0.06583283799092368, 0.18949295468547575, -0.14532504897709492, -0.11001123006946331] - [-0.09628151558782408, 0.4217972612174265, -0.05344479067748652, -0.27202226789583966] - [-0.0013081473598376757, -0.018206402889773095, -0.0038208967153247754, 0.02339217747973299]
A2: [0.161590137221402, -0.16775142126259732, 0.008504681616164982, -0.002329738754358349] - [0.035484181311905186, 0.20751520434411985, -0.11721195996293496, -0.1257935382337718] - [-0.08621424868978696, 0.5815374322406123, -0.23538941158774654, -0.2599362546411894] - [-0.003828426451563147, -0.004512857652237606, 0.0011167308730454966, 0.007249650725670022]
B1: 1.0472070415516896e-06 - 3.4062300715360376e-06 - 1.6013023861532103e-06 - 9.119205147932809e-07
B2: 6.948074016565303e-06 - -5.334367506401906e-06 - 4.29635692369798e-06 - 1.5657903239321395e-06
