Number: 5801
Error: 1.4848372897496324e-05
A1: [0.06702484412817648, -0.19413145963338294, -0.03317046958957751, 0.10607051285126186] - [0.0006278556477956603, 0.09650962239365825, -0.17202897418234797, -0.07344800614834054] - [-0.0033445105138787735, 0.22663210549969506, -0.12438075176721552, -0.10525692027362421] - [0.06141430597667153, -0.09190030897580227, -0.0233905337857219, 0.14486390817901268]
A2: [0.036210572764786085, -0.028499494547966915, -0.07453906743396496, 0.07101298716689743] - [0.12232802902794666, 0.3022007708363625, -0.3737960417909618, 0.02745525530141027] - [-0.018041386965508614, 0.5325105121552136, -0.3660214431313068, -0.17611129800519504] - [0.09503932458519243, 0.014802273484478492, -0.1714992588074693, 0.05037942317239176]
B1: -0.0071270363755470655 - 0.0005388380663702966 - -0.006863919293759205 - -0.0057719645733980505
B2: -0.005650388830155419 - -0.005143401795449558 - -0.008635819667003448 - 0.0012184807649410494
