Number: 5145
Error: 8.193082868535252e-16
A1: [0.06621318471847212, -0.11395207674054839, -0.023983947245830552, 0.07172287118120355] - [0.037402640530180685, 0.18819339657200906, -0.14740891885771756, -0.07818698225392293] - [-0.06022953790092245, 0.328950640139395, -0.12775327268524792, -0.14096848433406858] - [0.03904619297000615, -0.05332265395437987, -0.03741855766106085, 0.05169515288384607]
A2: [-0.009108486174057783, -0.34680309040427043, 0.24945518066370465, 0.10645677384333045] - [0.08003982453350522, 0.03628225564454001, -0.050250113607680905, -0.06607196085435396] - [-0.04245278884214579, 0.23083192487741844, -0.040531212735898915, -0.1478478051129271] - [0.06813479036959857, -0.2934678394522462, 0.14177125323247552, 0.08356187344939245]
B1: 4.94906533900726e-08 - -2.4644193060683937e-09 - -9.115796236138388e-09 - -2.8981373253821247e-10
B2: 1.2713627419398458e-08 - -7.1642787421601956e-09 - 9.035388444624871e-09 - 1.402291020646173e-08
