Number: 2862
Error: 1.6582339421594074e-08
A1: [0.06318633287021796, -0.048119298354833695, -0.023689438851477167, 0.007609213673979037] - [0.043586800877053244, 0.19119826914830068, -0.1426416900506135, -0.09259424094949438] - [-0.12371333497672836, 0.4145926257328169, -0.10512946502847419, -0.18734253974559945] - [0.03651258504954747, 0.018674496774424898, -0.03362384147810778, -0.02354089234133441]
A2: [0.06305729477270233, -0.17406837753699883, 0.08593848820445467, 0.023575873366952545] - [0.029348329292656045, 0.20035628154733198, -0.10165200600427947, -0.127815934444627] - [-0.09319521537223463, 0.5138926672956413, -0.2253911763757031, -0.19489060980670825] - [-0.025551495237721877, 0.01889432028415646, -0.04991157327780783, 0.05734249795801688]
B1: -0.00018278693781576425 - 0.00018258406281653204 - 0.00017540307896258287 - -0.00017482041176243807
B2: 7.769647778423981e-05 - 9.704941233341756e-05 - 9.385882529453864e-05 - 9.452253039357644e-05
