Number: 5741
Error: 0.0012474781093886262
A1: [-0.0660471829390379, -0.3265703211640556, -0.1697900762870256, -0.028351093305560696] - [-0.082839164508939, -0.001579205143721871, -0.26608584637503346, -0.16297034066695237] - [-0.20315798753939732, 0.05429192359408787, -0.31755926172586696, -0.29939864995422205] - [-0.1920778113106299, -0.3061467714893592, -0.26266985418372524, -0.09861967675675329]
A2: [-0.04887749091061065, -0.11170828457940979, -0.13092436643921224, -0.02534738465285406] - [0.18957528159273976, 0.3780901648764979, -0.3127813634351635, 0.07051899743321255] - [-0.05695051585437099, 0.4993072966832434, -0.38952288982409294, -0.23527070745896175] - [0.047295618309446535, -0.02815701726483373, -0.200588964437766, -0.01601446887667462]
B1: 0.028023466165108143 - -0.14037952377790164 - 0.0010207088911040347 - 0.00032990247007499453
B2: 0.010083349958120033 - 0.014692557149756189 - -0.03412998578970915 - 0.005931588643186894
