Number: 1348
Error: 5.2251102545370965e-09
A1: [-0.00723188364463689, -0.015038534181532049, 0.0029512525414489626, 0.01940917679949127] - [0.06671315638248537, 0.18977512660259732, -0.1468526360813722, -0.1099886764702171] - [-0.11260903892572326, 0.44176222996970727, -0.07081397379164092, -0.2581254811722003] - [-0.02334170828622755, 0.015371356366512483, -0.029906200915677174, 0.038940788889686315]
A2: [0.1316581955930355, -0.2245576638182446, 0.022737585498005097, 0.07023101638673868] - [0.03276336079133733, 0.20386443260102224, -0.11477174302900855, -0.1213429285096513] - [-0.0950187011607619, 0.5551504429057493, -0.23559136234232828, -0.22602442867365755] - [-0.020812548859592606, -0.01926134465928527, 0.008132797674140695, 0.0321959028920353]
B1: -2.577367673185999e-06 - -1.1651108905619251e-05 - -0.0001519619189826859 - 1.866906841678438e-05
B2: 3.8856685819404544e-05 - -0.0002206773630860922 - 9.994515321201845e-05 - 4.788046997198168e-05
