Number: 5029
Error: 1.2050186116140254e-15
A1: [0.06621317767634473, -0.11395208362528059, -0.02398395428238897, 0.07172286415093718] - [0.03740263144631689, 0.1881933878929613, -0.14740892778787953, -0.07818699118487049] - [-0.06022926325179795, 0.32895090392510146, -0.12775300392970976, -0.14096821702402126] - [0.03904613921488589, -0.05332270497676887, -0.03741860966732496, 0.051695101299862024]
A2: [-0.009108675795471418, -0.34680329156257045, 0.24945498950821712, 0.10645657503594068] - [0.08003980894351655, 0.036282238849671904, -0.05025013064664635, -0.06607197803798612] - [-0.04245283682744259, 0.2308318719180653, -0.040531264158646566, -0.14784785818271481] - [0.06813476033158022, -0.29346787252528, 0.1417712206685853, 0.0835618397713142]
B1: -3.028464277827832e-08 - 1.2872395591643601e-09 - 6.9127362677427825e-09 - -1.6060145345654716e-10
B2: -1.0923780354148504e-08 - -3.429165381731555e-08 - 7.477060739667213e-08 - -5.065400016236525e-08
