Number: 222
Error: 8.078785039043115e-07
A1: [-0.009503199518710344, -0.01181694586157328, 0.021004209814616336, 0.011414241908530997] - [0.06944806869277262, 0.19296617027760424, -0.14158676016324004, -0.10598480597826959] - [-0.09246585231690829, 0.4255066693874375, -0.049287170039906285, -0.26755872873529624] - [-0.0068541928052375375, -0.023565840715456192, -0.00974304143335529, 0.016940050203258207]
A2: [0.1620603572657346, -0.1672820993470384, 0.009001965385823811, -0.0019041860022736045] - [0.04094561788925225, 0.21289499162225953, -0.11176875995715424, -0.12045322396141145] - [-0.08628329405398172, 0.5814600870961405, -0.23546035302905385, -0.2600378023107627] - [-0.00395948200478617, -0.004638834461108998, 0.0009945309794116505, 0.007115040173550918]
B1: -0.00010947782671913798 - -0.0009292066507276748 - -0.0003594650215462391 - -0.00023092512344917722
B2: -0.003158863167650485 - 8.483267483666503e-05 - 0.003159124697760224 - -0.0014134018827896197
