Number: 8726
Error: 3.809013547810534e-12
A1: [0.08042861369409028, -0.18047088138320885, -0.019591924287941494, 0.11962190109959023] - [0.03741324404569617, 0.13359405200322533, -0.13472851748827905, -0.036288159750323325] - [-0.001703824946786651, 0.22818911059743277, -0.12282938710550624, -0.10365991588991066] - [0.03886048910130841, -0.11448375616944965, -0.04641918497193982, 0.12203148433191417]
A2: [0.035310395030018454, -0.0292705156674128, -0.07569454324886248, 0.06966649728984556] - [0.10289054299760401, 0.2828934663689393, -0.3926094986770498, 0.00681263710896857] - [-0.011187825283912826, 0.5390138610672376, -0.3594517020017336, -0.16837722882940506] - [0.09786453455898757, 0.017465059535482084, -0.1688493587592949, 0.05352669972130838]
B1: 4.767366131300878e-07 - 1.5215566853119962e-06 - 8.34558498410436e-07 - 6.194689650567904e-07
B2: -1.511323624884204e-06 - -3.0669024891163483e-07 - -6.354813693175628e-07 - -1.3403527255448504e-06
