Number: 2216
Error: 0.0002536401966145344
A1: [0.03158721308023375, -0.06414884485807462, -0.03434102444627579, 0.004820994902722309] - [0.03252809516653289, 0.16689196099243997, -0.1767676692957767, -0.12912927382555148] - [-0.24240192722660753, 0.30772430662441724, -0.21341481148058875, -0.3006467580693341] - [-0.00968065459220897, -0.004561082920736603, -0.04749425554838047, -0.0463208306021608]
A2: [0.0358706961643853, -0.25463313254390385, 0.03487890334675761, -0.012391523610285587] - [0.08192056240406449, 0.24866701578609385, -0.05038016620264129, -0.0795215906369613] - [-0.15615072602058286, 0.4735466027255445, -0.2660274884512937, -0.2558678417053382] - [-0.046138091802244735, 0.0345923210815334, -0.040504091933223345, 0.05469955158725784]
B1: 0.006970667328307147 - -0.04313202497743214 - 0.021419206448438567 - 0.013281792836907343
B2: -0.017244396186291575 - 0.015656684384335606 - -0.004488006120024481 - -0.023059275699290567
