Number: 6140
Error: 9.100304139562603e-16
A1: [0.08043159458487315, -0.18046790084005543, -0.019588946965316115, 0.11962488164874811] - [0.037415515323469505, 0.13359632155362247, -0.13472625073972994, -0.03628588973186604] - [-0.0017028820058242167, 0.22819005351509042, -0.12282844554600883, -0.1036589732006864] - [0.03886305146560488, -0.11448120100246585, -0.046416624242708295, 0.12203404510313247]
A2: [0.03530740935436367, -0.02927350959712456, -0.07569738199928226, 0.0696633724664232] - [0.1028938515276232, 0.2828968029780508, -0.3926062987039152, 0.006816101615856078] - [-0.011187122106946057, 0.5390145684392612, -0.35945103642616033, -0.16837648786955894] - [0.09786280680207055, 0.017463323923358465, -0.16885100347563448, 0.0535248861447876]
B1: -3.5389248158253025e-08 - 4.6828013864102145e-08 - -5.173699590891062e-08 - -4.910073801991799e-09
B2: 7.500358865280286e-08 - 7.607769907555953e-08 - -1.812492308130509e-07 - -2.8697780583387513e-09
