Number: 4774
Error: 6.473092924651301e-16
A1: [0.06621323046694491, -0.11395203201439755, -0.023983901533248295, 0.07172291685290283] - [0.03740265552754097, 0.18819341090092537, -0.1474089041142042, -0.07818696750910183] - [-0.06022940494516414, 0.3289507678363098, -0.12775314258257034, -0.1409683549311455] - [0.03904607862847324, -0.05332276248317101, -0.03741866828273546, 0.05169504316038844]
A2: [-0.009108608965132806, -0.34680322066623864, 0.24945505687920994, 0.10645664510367361] - [0.08003984774527775, 0.03628228065023643, -0.05025008823860131, -0.06607193526983612] - [-0.04245281215056155, 0.230831899152917, -0.0405312377139913, -0.147847830891068] - [0.06813478391265423, -0.29346784656157665, 0.1417712462326713, 0.08356186620997368]
B1: 2.7303187321911354e-08 - 3.297732842527955e-08 - 2.1365377340642218e-08 - 2.528587732275893e-08
B2: -4.688715306366117e-09 - 2.197238139637731e-08 - 3.856914213376023e-08 - 4.51988511786711e-08
