Number: 224
Error: 5.115210405051631e-07
A1: [-0.009818548491340482, -0.01213900249732126, 0.020656813012232437, 0.011077036442567504] - [0.06921138172769875, 0.19273910521734827, -0.14183150446200715, -0.10624828517404258] - [-0.09323053953148452, 0.424763981013527, -0.050119431804779443, -0.2684537145071148] - [-0.006553871619437795, -0.023269218888598803, -0.009418824616844129, 0.017295446967418804]
A2: [0.16226800340714673, -0.16707872834160342, 0.009199680422075782, -0.0016937611581131474] - [0.040351138201583106, 0.2123093808682272, -0.11236111564291662, -0.12103418806395579] - [-0.08669824167383902, 0.58105443595417, -0.23586621726297832, -0.26043651754641883] - [-0.0045066412726594545, -0.005178305736580753, 0.00044979818226696666, 0.006593236855290224]
B1: -0.00024025201284197506 - 0.0005432317763437021 - -0.0003453752264459833 - -0.0003267068876127937
B2: -0.0030324133582932573 - 8.605521745691478e-05 - 0.003195317963815973 - -0.000980897082830669
