Number: 8365
Error: 1.1032888416084214e-15
A1: [0.08043165000997136, -0.1804678454212523, -0.01958889160654344, 0.11962493706748523] - [0.03741566362287075, 0.13359646974082512, -0.13472610273566185, -0.03628574151451743] - [-0.0017028171824305873, 0.2281901183370892, -0.12282838081752477, -0.10365890839458074] - [0.038863186603719416, -0.11448106624360974, -0.046416489190724115, 0.12203418015724582]
A2: [0.035307476781880336, -0.02927344198305875, -0.07569731788997397, 0.06966344303654459] - [0.10289369341081199, 0.2828966435193249, -0.39260645163241387, 0.006815936044476909] - [-0.011187118195563178, 0.5390145723739106, -0.3594510327239954, -0.16837648374795572] - [0.09786277738865762, 0.01746329437611712, -0.16885103147534586, 0.05352485527031182]
B1: 2.4975010702534397e-08 - 4.155971916577018e-09 - 5.535754005879648e-10 - -1.2924885395915048e-08
B2: -1.8072950058508877e-08 - 5.956932428673779e-08 - 1.241581563157159e-08 - -2.4090748467384422e-08
