Number: 3898
Error: 8.870555575527479e-16
A1: [0.0662131412987825, -0.11395211918993403, -0.023983990631411753, 0.07172282783442788] - [0.03740255894444561, 0.18819331862231806, -0.1474089990628021, -0.0781870624660741] - [-0.06022938201960469, 0.32895078985508236, -0.12775312014894477, -0.1409683326183928] - [0.03904610293820816, -0.0533227394093009, -0.037418644763899986, 0.05169506648831407]
A2: [-0.009108651608119862, -0.34680326590387234, 0.24945501389131677, 0.10645660039481365] - [0.08003977881983601, 0.036282206397758594, -0.0502501635702585, -0.066072011241132] - [-0.04245284361500347, 0.23083186442677528, -0.040531271432691085, -0.14784786568962913] - [0.06813483519582114, -0.2934677900964691, 0.14177130182887107, 0.08356192370797959]
B1: -1.1000027709979739e-08 - -3.86705485170978e-09 - -2.1180123742930353e-08 - 1.9938669738040934e-09
B2: -1.703443841991e-08 - -2.6166250250615117e-08 - 2.3155163681408024e-09 - -1.2714480111135826e-08
