Number: 2399
Error: 5.719827363444575e-06
A1: [0.07412010752537833, -0.03823000440701802, -0.013967229102969624, 0.01804245418802452] - [0.05083932037073004, 0.19789263387852035, -0.1355898953913935, -0.08455420069854223] - [-0.13212883951314242, 0.4069695614775689, -0.11317533445618731, -0.19568080968434506] - [0.02356183043298906, 0.006411927313019269, -0.04608222750873321, -0.03621045245254044]
A2: [0.04195053786500778, -0.19508542534660506, 0.06544182713278958, 0.003011385271779215] - [0.037110603371014794, 0.20804570359873056, -0.09396407554785663, -0.12028129454463958] - [-0.08786239231050053, 0.5198400689627489, -0.21922681229788119, -0.1889975612983065] - [-0.04629167832269015, -0.0017629217437722076, -0.06999658297951311, 0.0373151945977061]
B1: 0.0032094460745255215 - 0.00628332129625458 - -0.010360673998068691 - -0.0016945453374556246
B2: -0.0015468171008623018 - 0.00163485249746885 - -0.0009430151290086251 - -0.0043262248366990235
