Number: 1689
Error: 1.728683382982681e-07
A1: [-0.010933835051354895, -0.018780948009839173, -0.0008979130809509701, 0.015595432430340226] - [0.06750107070500312, 0.190532951646521, -0.14603890499700764, -0.10911259600225182] - [-0.11324774028184109, 0.4411172722082415, -0.07148944508124051, -0.25882432345534334] - [-0.024396473259051026, 0.014322353445512772, -0.03098324884725104, 0.037817271983650896]
A2: [0.1310423208739216, -0.22515817840480018, 0.022125056566174552, 0.06961961122807797] - [0.033013388732931956, 0.20411082643931489, -0.11452308220375912, -0.12109703088199877] - [-0.09612487154825157, 0.5540699465976846, -0.2366758153936184, -0.2271181443333458] - [-0.021215561894647836, -0.019660184122993005, 0.007725244209865482, 0.031800833811130996]
B1: 0.0003180762142400542 - 0.0008352475140966078 - -5.0741635148650506e-05 - 0.0003379139090179391
B2: -0.0008642824118992938 - 0.0003311997874991799 - 0.0009928867483993877 - 0.00012134309181899564
