Number: 8837
Error: 0.00010231592029682609
A1: [0.08343352294258084, -0.177442859251402, -0.016924353783612137, 0.12265213266825996] - [0.03935753252783885, 0.1355300880620138, -0.1330559555551424, -0.03433836477078649] - [-0.0031171066867581947, 0.22676913223197864, -0.12446657793658698, -0.10505853381231246] - [0.04045700908102806, -0.11284040029838584, -0.04523451295776982, 0.12366401384436285]
A2: [0.044751005446174795, -0.019935693934197585, -0.06661734604980243, 0.0795490051123039] - [0.11589868816817218, 0.29597315449198125, -0.37989240636948485, 0.020424267072326974] - [-0.004938823604506213, 0.5450375144382734, -0.3536680096176338, -0.16173530685197363] - [0.10737644819536306, 0.026937043087539598, -0.159650512994549, 0.06350699645635705]
B1: 0.007570040345499367 - 0.008845609285093698 - 0.009462190950501041 - 0.007877753377238946
B2: -0.0025742828244470243 - -0.0014097243521043416 - 0.0025566379956696635 - -0.00216324671483642
