Number: 490
Error: 1.43071347900461e-12
A1: [-0.012151888259669544, -0.014515623724610384, 0.01808894750434933, 0.008584706225239144] - [0.06583608795801564, 0.18949608100094772, -0.1453216888134884, -0.11000761154178151] - [-0.09629080633523787, 0.4217882816216502, -0.05345487251535096, -0.2720330922237788] - [-0.0013182856192069234, -0.01821615327925501, -0.003831688837273537, 0.023380459191700603]
A2: [0.16158623566587293, -0.16775524926562574, 0.008500858557699695, -0.002333542396367823] - [0.0354867828364178, 0.20751776406312653, -0.11720936934278058, -0.12579099326789978] - [-0.0862133461468384, 0.5815383162401729, -0.23538853344485292, -0.25993537455944654] - [-0.0038359800076132604, -0.004520285676866347, 0.0011092545494455614, 0.007242423882385566]
B1: 8.532374071655675e-07 - -1.0777920554348404e-06 - -8.020948583829562e-07 - -3.328746878167475e-08
B2: -2.590503508454859e-06 - -8.875514874851602e-07 - -9.099829997373725e-07 - -5.094197229011163e-07
