Number: 3869
Error: 6.276604086240548e-16
A1: [0.06621314367663639, -0.11395211686521782, -0.023983988255424395, 0.07172283020829001] - [0.0374025532879948, 0.1881933132179642, -0.14740900462352702, -0.07818706802729111] - [-0.06022952181146301, 0.32895065559276504, -0.127753256940986, -0.14096846867468774] - [0.03904616486027051, -0.05332268063523643, -0.03741858485638423, 0.05169512590939228]
A2: [-0.009108576564210977, -0.34680318629397056, 0.24945508954241657, 0.10645667907428863] - [0.08003982815838138, 0.03628225954952005, -0.05025010964601894, -0.06607195685901006] - [-0.042452881618363886, 0.23083182248387715, -0.04053131215861308, -0.14784790771994172] - [0.06813468224603034, -0.2934679585009902, 0.14177113601643496, 0.08356175222284011]
B1: -2.0225707196568416e-08 - -3.281387955757272e-08 - 5.0653952374528964e-09 - 1.8136911409784336e-08
B2: 6.7934892952664545e-09 - -4.185387541688533e-09 - -5.5607679690897694e-08 - 3.7356643805574076e-08
