Number: 5798
Error: 8.835103600261261e-06
A1: [0.07179537382810751, -0.18946003942347434, -0.028476751839000117, 0.1107858867457129] - [0.003806388338237563, 0.09951356708225373, -0.16904544556716397, -0.0704042208099484] - [0.0011739794068276583, 0.23119225443101832, -0.1198397700172606, -0.10072351108530046] - [0.06503222632644641, -0.08820661431295847, -0.01963684587311973, 0.1485679323952512]
A2: [0.03609996896045352, -0.028681343951456592, -0.0745343652245531, 0.07104704535247205] - [0.12299951749761387, 0.3028815512179598, -0.37319752013893864, 0.028115338615567514] - [-0.018027166931787072, 0.5325682779922458, -0.3660043406611779, -0.17618072401707005] - [0.09501670492533901, 0.014792429205190763, -0.17149120487894146, 0.05033327291752989]
B1: -0.007144841628513603 - -0.002138187447728837 - -0.005301465185861445 - -0.005122737380622671
B2: -0.004707104588144466 - 0.00013174670170398774 - -0.009923195521752519 - -0.004482049295888167
