Number: 4124
Error: 1.201087050653251e-15
A1: [0.06621319073235615, -0.11395207086104499, -0.023983941236627348, 0.07172287718504133] - [0.037402627429798024, 0.1881933840554215, -0.14740893173644395, -0.07818699513376552] - [-0.0602294355088831, 0.3289507384815843, -0.12775317249038506, -0.14096838467830156] - [0.03904611964860474, -0.05332272354843913, -0.03741862859715968, 0.0516950825237781]
A2: [-0.009108584716216893, -0.34680319494197803, 0.24945508132444202, 0.10645667052736585] - [0.08003985314580274, 0.03628228646813099, -0.05025008233619586, -0.06607192931728174] - [-0.04245270359583465, 0.23083201896064123, -0.04053112138261086, -0.14784771083368664] - [0.06813472549736255, -0.2934679108793304, 0.141771182905076, 0.08356180071565679]
B1: -2.9344275544691498e-08 - 1.3119473274956134e-08 - 3.4626521739615755e-08 - -2.7567839556800153e-08
B2: -4.26798502535914e-09 - -5.544359672863542e-09 - 4.9920898475220595e-09 - -1.106860291620055e-08
