Number: 2939
Error: 2.3404501436964567e-08
A1: [0.06410255437949022, -0.04720526191484236, -0.022780942826133074, 0.008518231333520934] - [0.04412458907658428, 0.19171800226913469, -0.14208762639619515, -0.09200184987049094] - [-0.1231718205127648, 0.4151338922456518, -0.10458505258937528, -0.18679989201287778] - [0.03678985846507766, 0.018953775744032855, -0.03334698567152455, -0.023265013288939308]
A2: [0.06267146325990476, -0.17445370157694848, 0.08555297950554001, 0.02319416226954313] - [0.029517503355126005, 0.20052253856561045, -0.10148378082334653, -0.12765080642447016] - [-0.0928141281614863, 0.5142659345387487, -0.22500905273015148, -0.1945210712402967] - [-0.025370352683322953, 0.019072714774211297, -0.04972955804470304, 0.057520909853074925]
B1: -0.0002871677698787577 - 4.366806906243564e-05 - 0.0002368025591680622 - -8.512524918017977e-05
B2: -0.0001116108531564283 - -0.00011530355764674537 - -0.00011416752831168253 - 9.115674560102311e-05
