Number: 8901
Error: 0.00046132378174745743
A1: [0.0237984842146221, -0.22890553129040228, -0.06675451872989545, 0.07264261942391657] - [-0.017687680773098985, 0.0873439563458483, -0.177267294081279, -0.08025657334368956] - [-0.060505490019261546, 0.17526480569316966, -0.17692823958936413, -0.15914742149123162] - [-0.00582564808768671, -0.1468907213957465, -0.07986726680492576, 0.08873510686475442]
A2: [0.2658556815497549, 0.20424049895812518, 0.13784395252590823, 0.31413512587396486] - [0.2606395992053123, 0.4424733653080357, -0.24084978976077157, 0.17422104526736676] - [-0.0031971197789265656, 0.5432199960914175, -0.349020319860063, -0.15271643521058245] - [0.10809731475560307, 0.025627940517114502, -0.1551036377947752, 0.0720053203931423]
B1: 0.04190409056667391 - -0.0029168287300841804 - -0.0016112458487180029 - -0.0013289931432385188
B2: 0.009928153283433895 - 0.01771277914642779 - -0.005738967821692684 - 0.0006680547174236287
