Number: 6150
Error: 1.0186020039050546e-15
A1: [0.08043162166213733, -0.1804678737658544, -0.019588919920428546, 0.11962490872292132] - [0.03741553762821415, 0.13359634384148947, -0.1347262284794281, -0.036285867439475365] - [-0.001702936368277759, 0.22818999915379118, -0.12282849982886604, -0.10365902754863325] - [0.03886309593388954, -0.11448115665897637, -0.04641657980275938, 0.12203408954377996]
A2: [0.03530749889027884, -0.029273419813561432, -0.07569729686973559, 0.0696634661755266] - [0.10289381171567875, 0.2828967628282155, -0.3926063372094935, 0.006816059926915145] - [-0.01118701582667809, 0.539014675353454, -0.35945093582964754, -0.16837637587825582] - [0.0978628325491954, 0.017463349787600106, -0.16885097896605428, 0.053524913170901925]
B1: -2.886208229800135e-08 - 4.484303699091168e-09 - -4.600405436881025e-08 - -1.7374554615600066e-08
B2: 3.904707657382856e-08 - 3.8636508881061165e-08 - -1.2887157854653601e-07 - -1.7623186832708298e-08
