Number: 4537
Error: 9.935035988563842e-16
A1: [0.06621309634331676, -0.11395216314083301, -0.023984035551612937, 0.07172278295437948] - [0.037402523635094345, 0.18819328488660989, -0.14740903377459344, -0.07818709718096793] - [-0.060229462483449396, 0.3289507125739702, -0.12775319888612288, -0.14096841093192178] - [0.039046095574132605, -0.05332274639898842, -0.0374186518883929, 0.05169505942165541]
A2: [-0.009108562595724403, -0.3468031714755881, 0.24945510362381568, 0.10645669371944906] - [0.0800398664268076, 0.03628230077559035, -0.050250067820796135, -0.06607191467862474] - [-0.042452733748258205, 0.2308319856824756, -0.040531153695075345, -0.14784774418114432] - [0.06813483955723265, -0.2934677852945171, 0.14177130655674758, 0.08356192859777235]
B1: -5.086151657085445e-09 - -1.6446802717343976e-08 - -2.3280151019319808e-08 - -2.903505302796819e-08
B2: -2.7180720015036357e-08 - -2.0327853048403656e-08 - 4.5369257071830703e-08 - -4.795752894198952e-08
