Number: 4380
Error: 9.528728029415522e-16
A1: [0.06621308337807738, -0.1139521758163403, -0.02398404850667786, 0.0717227700109245] - [0.037402623006039824, 0.18819337982881817, -0.14740893608533254, -0.07818699948305767] - [-0.060229392977994886, 0.3289507793301082, -0.12775313087221457, -0.14096834328393001] - [0.03904612877244055, -0.053322714888370086, -0.03741861977010254, 0.05169509127916976]
A2: [-0.009108549741845414, -0.34680315783961524, 0.24945511658177266, 0.10645670719606955] - [0.08003986862919829, 0.03628230314818931, -0.05025006541372403, -0.06607191225109559] - [-0.04245274418215804, 0.2308319741670079, -0.040531164876515334, -0.1478477557206159] - [0.0681347168231553, -0.29346792042993525, 0.1417711735014505, 0.08356179099035377]
B1: 2.408383497105824e-09 - 2.525426275105947e-08 - 2.2726809455880442e-08 - -2.5605684224075234e-08
B2: 2.405018988121522e-09 - 2.770089050924926e-08 - -1.2451436559235934e-09 - -1.9537419542881213e-08
