Number: 9892
Error: 6.588626701430243e-16
A1: [0.05317252220233856, -0.14800129892397276, -0.026999075227831543, 0.12182779403067351] - [0.005313704193495912, 0.13083667862875983, -0.11360075939335146, -0.022549779021628854] - [-0.014444467218789435, 0.22309163019078102, -0.12704117024642853, -0.08160592363781033] - [0.027146436196343694, -0.10002006193757214, -0.049424532349366064, 0.12229809644364126]
A2: [0.08925451895547368, -0.07291331278799033, -0.1236273644447621, 0.10728644143592211] - [0.10884171161240677, 0.2498141639216773, -0.4048453063794292, 0.0461894626124163] - [0.03663580053261585, 0.4625549887044052, -0.37771757826112556, -0.12147340027129218] - [0.1434263677628598, -0.044606688515601095, -0.20149959937241207, 0.1026797960858042]
B1: 1.2176760364029886e-09 - 9.842357847777015e-09 - 1.6053765352581832e-08 - 1.8682499826551226e-08
B2: 1.4300775545149311e-08 - 2.5513179451100776e-08 - 1.4196721383112736e-08 - 2.923250350320858e-08
