Number: 2377
Error: 6.505916421685829e-06
A1: [0.0595741041864153, -0.05264395296684257, -0.028364010244041685, 0.003676413087115832] - [0.046543357255946216, 0.19401483563594932, -0.13992318053502364, -0.08928369638606418] - [-0.13178468005503097, 0.4071032831108595, -0.11266588492530476, -0.19533564792897884] - [0.031671485201730465, 0.014234513590949944, -0.03784852038250015, -0.02827151656184549]
A2: [0.08818797394284088, -0.14877057499892643, 0.11121358124466797, 0.048291532000238495] - [0.032880205830873185, 0.20382133552386372, -0.09814519177422912, -0.12437427153299307] - [-0.0781763254919335, 0.5294058192850165, -0.2095791086869517, -0.17956993676468438] - [-0.0017515532840913436, 0.04285419270104043, -0.025587944730551544, 0.08064891359603202]
B1: -0.0009217134120823836 - 0.002433601399125452 - 1.3262760351111279e-05 - -0.0024219127437283727
B2: -0.00128391925151631 - -0.006303002416701847 - 0.00016616419404892938 - 0.00018196319596266888
