Number: 1745
Error: 1.5535038474231928e-06
A1: [-0.007041460171873312, -0.014858518810320718, 0.0031697539167066234, 0.019581984924401327] - [0.065620120169852, 0.18872600868593098, -0.14798687297310645, -0.11120317283185456] - [-0.11221632985255689, 0.44213234810288676, -0.07044096400913925, -0.2576942416966581] - [-0.023509928534059706, 0.015199428538892806, -0.030113523020320943, 0.038766059269564314]
A2: [0.13334795628610532, -0.22287858672295172, 0.024405664090102655, 0.07188583387310041] - [0.0324541842272213, 0.2035624296597536, -0.11507899891326845, -0.1216409998620164] - [-0.0901990252542913, 0.5599331473957261, -0.23080768714582697, -0.2212399193444365] - [-0.02021279448854748, -0.01866854887007907, 0.008716352730036831, 0.032759216522914324]
B1: -0.0006420899819105417 - -0.0006423744947299763 - -0.0013103629921395027 - -7.903190997905437e-05
B2: 0.00041356015422132933 - 0.0004381169915291023 - 0.0005623148738815684 - 0.0004763624694664395
