Number: 9851
Error: 1.2114093311074982e-15
A1: [0.0531724814571284, -0.14800133968416515, -0.026999115928142955, 0.12182775326580857] - [0.0053137061055925205, 0.13083668054285474, -0.11360075748155651, -0.02254977710684276] - [-0.014444538249136258, 0.22309155913442416, -0.12704124122054225, -0.0816059946935029] - [0.027146432881324206, -0.10002006525257051, -0.04942453567135436, 0.12229809312021658]
A2: [0.08925448521690313, -0.07291334644854643, -0.12362739742318213, 0.10728640728135273] - [0.10884161673495897, 0.24981406902748768, -0.40484539937764996, 0.04618936613862051] - [0.03663571641958, 0.46255490502903057, -0.3777176603259972, -0.12147348525671448] - [0.1434262817531965, -0.04460677420491696, -0.20149968335340065, 0.10267970880008467]
B1: -3.370124437652305e-08 - -2.386440869442717e-08 - -1.2394465049642637e-08 - 2.472655042446878e-09
B2: -1.817500487385444e-08 - -8.892157078960987e-09 - -2.0917082047672627e-08 - 1.040310662488047e-09
