Number: 9399
Error: 1.256469265690523e-11
A1: [0.05317209584984661, -0.1480017250730556, -0.026999500927914286, 0.1218273679192212] - [0.0053177329064851555, 0.13084071155712668, -0.11359673127381578, -0.02254574448745963] - [-0.014441488003738746, 0.2230946103120136, -0.12703819348748313, -0.08160294344735253] - [0.0271479648181917, -0.10001853239556414, -0.049422999858285084, 0.12229963011853184]
A2: [0.08924388788987908, -0.07292391958938085, -0.12363775596059803, 0.10727567960360306] - [0.1088374600986025, 0.24980991179445, -0.40484947370782176, 0.04618513942407187] - [0.03662811803896183, 0.46254734598453523, -0.3777250736093169, -0.12148116263012941] - [0.1434140881239614, -0.04461892249895987, -0.20151158929504884, 0.10266733376360963]
B1: 1.3806304306358206e-06 - -9.02657751846293e-06 - -5.597604694999915e-07 - -2.77086370965706e-06
B2: -2.21846383514799e-06 - -4.0509777325527457e-07 - 2.0921970642524226e-06 - 1.8872083531867687e-06
