Number: 847
Error: 1.1263199190329646e-10
A1: [-0.0121421884139155, -0.014505661085175287, 0.01809966868607649, 0.008595071423676395] - [0.06584938225402395, 0.18950886950178644, -0.14530794368566732, -0.10999280973861669] - [-0.096264239024563, 0.42181395824684903, -0.053426043929753315, -0.27200214042367393] - [-0.0013026783312368605, -0.018201143069314196, -0.003815075655978323, 0.023398498776742445]
A2: [0.16158242450581675, -0.16775898886463175, 0.008497124149746262, -0.002337256924166837] - [0.0354855599231248, 0.20751656077622313, -0.11721058714684307, -0.1257921894587503] - [-0.08620359609199517, 0.5815478664056754, -0.23537904642067148, -0.2599258654974713] - [-0.0038357125106008813, -0.004520022738663338, 0.0011095192478178593, 0.007242680065155629]
B1: 5.399971575985058e-06 - -9.258018142819195e-06 - 1.3950378739431522e-06 - 8.017775382059691e-08
B2: 2.497612564857436e-05 - -1.2108824005533772e-05 - 1.6250440661958937e-05 - 4.413845990668814e-06
