Number: 5147
Error: 6.420425307939401e-16
A1: [0.06621314963235982, -0.11395211104261473, -0.02398398230440794, 0.07172283615397401] - [0.037402629762086755, 0.18819338628382154, -0.14740892944358086, -0.07818699284072268] - [-0.06022931391248795, 0.3289508552682187, -0.12775305350323135, -0.14096826633088758] - [0.03904609855062502, -0.05332274357381137, -0.037418649008731285, 0.05169506227787858]
A2: [-0.009108426203398884, -0.34680302678493374, 0.24945524111956066, 0.10645683671916956] - [0.08003981676178212, 0.03628224727217656, -0.05025012210171855, -0.06607196942051849] - [-0.04245281215400222, 0.23083189914909083, -0.04053123771774272, -0.14784783089487555] - [0.06813478362379098, -0.29346784687965005, 0.14177124591939186, 0.08356186588612532]
B1: 4.656493442214658e-08 - 7.101652965123774e-10 - 2.214500415184359e-09 - 6.04164974799795e-09
B2: 7.926175480679002e-10 - -1.9055399419313422e-08 - 7.328323566240964e-08 - -1.8769935509226816e-08
