Number: 7148
Error: 9.876717688178523e-16
A1: [0.08043170455522757, -0.18046779088215562, -0.019588837126453238, 0.11962499160654132] - [0.03741561288182672, 0.13359641903814473, -0.1347261533757574, -0.03628579222755246] - [-0.001702782030762648, 0.22819015348801241, -0.12282834571731906, -0.10365887325230275] - [0.038863245678354766, -0.11448100733475712, -0.04641643015371584, 0.12203423919517407]
A2: [0.03530732531143067, -0.02927359387250334, -0.0756974619062821, 0.06966328450642172] - [0.10289376691702096, 0.28289671764934626, -0.39260638053814495, 0.00681601301614783] - [-0.011187042703238096, 0.5390146483165633, -0.35945096126881027, -0.1683764041991094] - [0.09786278325034843, 0.017463300264507355, -0.16885102589535206, 0.0535248614231473]
B1: -3.202187527678138e-08 - 8.164678634248716e-09 - 2.7006450940396798e-08 - -1.0116196513098163e-09
B2: -3.6239596031665452e-09 - -5.222917950872475e-09 - 2.0249425710165742e-08 - -3.0406071736697755e-09
