Number: 9684
Error: 4.221984431934607e-15
A1: [0.05317240254952088, -0.14800141862128274, -0.02699919474941747, 0.12182767432007671] - [0.005313306059444832, 0.1308362800762385, -0.11360115746888519, -0.02255017771688792] - [-0.014444325053921082, 0.22309177240709357, -0.12704102819487803, -0.081605781422219] - [0.027146640706644725, -0.1000198574281837, -0.04942432740839824, 0.12229830147343367]
A2: [0.08925413262616706, -0.07291369822460499, -0.12362774206972298, 0.10728605034295688] - [0.10884194467070417, 0.2498143970208542, -0.4048450779369668, 0.046189699592222314] - [0.036636102163611184, 0.4625552887662182, -0.37771728397430854, -0.12147309551151389] - [0.14342643483477432, -0.04460662169437318, -0.201499533882539, 0.10267986415272622]
B1: -4.5555552663217855e-08 - 1.3752677946437244e-08 - 1.5819672049342156e-07 - -9.084173305988888e-08
B2: -2.367883756810062e-07 - 1.128961972769904e-07 - 1.9188512076515378e-07 - -1.4401631684789323e-07
