Number: 3243
Error: 0.002536228278614156
A1: [0.030906811179922118, -0.14556927279779902, -0.07086298838840999, 0.028741780602600117] - [0.027177333828598722, 0.1626220884891651, -0.162505459263121, -0.09061162173907894] - [-0.4036783555102328, 0.043754221637064813, -0.4406653068736833, -0.4501238891381338] - [-0.20465733269067254, -0.25846335622993843, -0.26770077170029805, -0.17406429557625386]
A2: [-0.2779847858920722, -0.697328840183043, -0.0027854378063537633, -0.18922009659179342] - [-0.1625143907823614, -0.1843676666223193, -0.26699072955321407, -0.301886377107214] - [-0.13663188050872666, 0.11838677093445288, -0.19088345377911425, -0.2926025754855315] - [0.008291133203135799, -0.3536042574284809, 0.024593997291234876, -0.022215768696583225]
B1: -0.08833875141871537 - -0.3147773401368874 - -0.09673130685746358 - -0.09281749641133509
B2: -0.22831676412557644 - -0.2815966438256939 - -0.0541518443268414 - -0.07144288702725378
