Number: 1588
Error: 2.7518376684906197e-07
A1: [-0.009659908197644283, -0.017487957551568047, 0.00042717074346071545, 0.016914617460703666] - [0.06684645271674726, 0.18990328963377417, -0.14671472220620263, -0.10984047477644912] - [-0.11356000042339462, 0.44082977702618514, -0.07180353051867037, -0.2591553923652207] - [-0.025534237950937427, 0.013215234382340955, -0.032145181319554426, 0.03662580215769221]
A2: [0.13171420702338255, -0.22450411906140472, 0.022791716962679648, 0.07028321386504778] - [0.03261817456255091, 0.20372149573110984, -0.11491588057576922, -0.12148471423855775] - [-0.09543070396363451, 0.5547449747268903, -0.23599683656826104, -0.22643004539518882] - [-0.020294698991529473, -0.01875288993001268, 0.008644585448748417, 0.03269051013042418]
B1: -0.00015854190749372586 - -0.0001626197451663755 - -0.0003132504758684132 - 3.298893541536876e-05
B2: 0.0013841904707520294 - -0.0014311827042023614 - -0.00034922490142238463 - 0.0006877685479364839
