Number: 3521
Error: 3.5820955717309877e-11
A1: [0.06620643002962938, -0.11395868144321279, -0.023990697842842735, 0.07171612852967875] - [0.03740478472546204, 0.18819544395533216, -0.1474068110781586, -0.07818487362286337] - [-0.06023237238298027, 0.32894792361898023, -0.12775604217059264, -0.1409712445400211] - [0.03901056688029212, -0.05335647202405896, -0.03745302698909822, 0.051660966233621985]
A2: [-0.009065362014397184, -0.34675734293974886, 0.249498658871084, 0.10650198628701778] - [0.08003713001369533, 0.03627935409802676, -0.050253059853102876, -0.06607493064138331] - [-0.042455037514002224, 0.23082944302262376, -0.04053362130298544, -0.14785029364934987] - [0.06817715911203512, -0.29342119120332816, 0.14181719024753126, 0.0836093771972207]
B1: -5.960055698900771e-06 - 9.78697424482677e-07 - -5.941518122986007e-06 - -3.2400316612236504e-06
B2: 3.913600463716416e-06 - 1.5869554715296069e-06 - -3.348505818110509e-06 - -9.569007061303202e-06
