Number: 3410
Error: 6.526089508871228e-08
A1: [0.06764772619556175, -0.11255012007660614, -0.02255159610563265, 0.07315531181994955] - [0.03769003498624324, 0.18846767557462082, -0.1471265199537741, -0.07790410490281954] - [-0.06416245176101651, 0.3251687041913145, -0.13160682832034148, -0.1448052971212332] - [0.03765766742770864, -0.054637857715828846, -0.03876050773429501, 0.05036055373109769]
A2: [-0.007585147889154807, -0.34518709680887544, 0.2509878354815006, 0.1080561807646871] - [0.08094640552871987, 0.037258298961875776, -0.049262838643652954, -0.06507661758720526] - [-0.041860554158287926, 0.2314848081172719, -0.039900030113447636, -0.14719569224900375] - [0.06804917945529099, -0.29356111616489955, 0.14168519196845375, 0.0834712373985315]
B1: 0.0004300654930020243 - -0.0007857490413006218 - -0.00018976328972101751 - 0.0003459404655729667
B2: 2.8964694379834884e-05 - 0.0001354689108490898 - 8.497053739028572e-05 - -0.0008163153285999327
