Number: 850
Error: 1.0546578049048418e-09
A1: [-0.012179430715631894, -0.014543912757397026, 0.018058505050134514, 0.008555273715350397] - [0.06585299295641564, 0.18951234280565246, -0.14530421052252548, -0.10998878961411389] - [-0.09629708190773116, 0.4217822160653202, -0.05346168200983063, -0.27204040396264106] - [-0.0013573503559294693, -0.018253722007915873, -0.0038732718407610217, 0.023335307331345225]
A2: [0.16157850902465482, -0.16776283058864086, 0.00849328748816676, -0.002341073746778405] - [0.03548861247040091, 0.2075195642727378, -0.11720754737147969, -0.12578920325050125] - [-0.08619748834939417, 0.5815538490130172, -0.2353731034604825, -0.25991990925415537] - [-0.0038345398080887466, -0.0045188695462754095, 0.0011106798999386497, 0.007243802119949516]
B1: 2.4521582589156806e-05 - 1.3740182104258031e-05 - 1.385525403766231e-05 - 9.907963927974363e-06
B2: 5.332996960559269e-06 - -4.123169244585825e-05 - -5.661712236014638e-06 - -2.4856243632593724e-05
