Number: 8741
Error: 1.7282326387113493e-10
A1: [0.08042799746102534, -0.18047149748518904, -0.01959253975230669, 0.11962128494597145] - [0.03741640752486585, 0.13359721312062667, -0.13472536029359977, -0.036284998018258706] - [-0.0017084452601462444, 0.22818449038875935, -0.12283400065486735, -0.1036645349710173] - [0.0388577377622056, -0.11448649973855064, -0.04642193453387869, 0.12202873470914605]
A2: [0.035293844018665484, -0.029287112491615485, -0.07571027977143939, 0.06964917492281425] - [0.10288811770561206, 0.28289102051753984, -0.3926118443521776, 0.006810097488710166] - [-0.011183243512394246, 0.5390184701586413, -0.3594473652231666, -0.16837240086943164] - [0.09785432575577661, 0.017454804270946707, -0.16885907688862292, 0.053515983841003506]
B1: 2.8718260055847725e-06 - 9.126656711657002e-07 - -3.25542204931575e-06 - 1.2007477541441807e-06
B2: -1.2351811590831982e-05 - -1.6324501989113304e-05 - -1.0604798656599271e-05 - -1.0795700872605355e-05
