Number: 597
Error: 1.456253872811408e-14
A1: [-0.01215331899321563, -0.01451709322912783, 0.0180873661235007, 0.008583177323268692] - [0.06583525636134543, 0.18949528104163058, -0.14532254860979163, -0.11000853743944464] - [-0.09629413990251645, 0.42178505976975583, -0.05345848984735482, -0.27203697601208976] - [-0.0013216423375541609, -0.018219381517476305, -0.0038352619769962118, 0.02337657935665365]
A2: [0.16158669694717154, -0.16775479667637078, 0.008501310514640491, -0.002333092752834132] - [0.03548578138619602, 0.20751677870392707, -0.11721036659848948, -0.12579197294884858] - [-0.08621359916556406, 0.5815380684127568, -0.23538877964430455, -0.25993562130144177] - [-0.003834844896212491, -0.00451916943623528, 0.0011103780334952653, 0.007243509874016107]
B1: 7.05452459850134e-08 - 6.78065798719057e-08 - 6.805398276169705e-08 - 1.6682952756407766e-08
B2: 1.894553400696456e-07 - 7.612243886312391e-08 - -2.456291900081341e-07 - 9.028664350408415e-08
