Number: 7335
Error: 9.418598365175019e-16
A1: [0.08043168509363278, -0.1804678103415473, -0.019588856564777508, 0.11962497214716922] - [0.0374155921232693, 0.1335963982952991, -0.13472617409295026, -0.036285812974609616] - [-0.0017028269838209478, 0.2281901085359095, -0.1228283906045623, -0.10365891819336477] - [0.038863235682527676, -0.11448101730253435, -0.04641644014317487, 0.12203422920555865]
A2: [0.03530742578455865, -0.029273493121481472, -0.07569736637769904, 0.06966338966242591] - [0.10289369169737286, 0.2828966417913053, -0.3926064532896171, 0.006815934250207901] - [-0.011187156556667067, 0.5390145337840512, -0.3594510690335991, -0.16837652417039609] - [0.09786283190131717, 0.01746334913677056, -0.168850979582767, 0.053524912490809616]
B1: 1.4201559335522792e-08 - -1.9316670671893047e-08 - -8.678466325963237e-09 - -1.4278352979357043e-08
B2: -6.444775305065481e-09 - -3.5257391011964824e-09 - -9.945328465412177e-09 - -3.5383940652585266e-09
