Number: 2462
Error: 2.5603297487740303e-06
A1: [0.06100967986896813, -0.050323198396683734, -0.02582298928704383, 0.005459134629866379] - [0.04499452439827197, 0.19253834976834086, -0.14122319869852448, -0.0910724308471966] - [-0.11901356883197406, 0.4192103185852911, -0.10046075858828216, -0.18271152369249785] - [0.03703166260839835, 0.019183606443696592, -0.03311630494544156, -0.023058125677095382]
A2: [0.05748989086945601, -0.17963541791114965, 0.08034357293495059, 0.018101446185836895] - [0.0283813017289214, 0.1993958042311733, -0.10262735371044926, -0.12876980468465676] - [-0.09575638612703867, 0.5114499755269024, -0.22793918543682992, -0.19732355386273923] - [-0.0277769447583029, 0.01672643779659814, -0.05212035589729383, 0.05522529180144071]
B1: 0.0018088744105237814 - 0.0010146423475300283 - -0.0007014344862165176 - -0.0005665629898716916
B2: 0.0015413517652581002 - -0.00166616769720764 - -0.0019583440498268712 - -0.001394038218456715
