Number: 6891
Error: 7.874864347574835e-16
A1: [0.08043166690389283, -0.18046782852922563, -0.01958887473277013, 0.11962495395950648] - [0.03741558005293537, 0.1335963862340989, -0.13472618613923903, -0.03628582503825912] - [-0.0017028317045601588, 0.22819010381526983, -0.1228283953183931, -0.10365892291284737] - [0.03886322125350976, -0.11448103169105495, -0.04641645456299467, 0.12203421478551087]
A2: [0.0353075346581555, -0.02927338394675666, -0.07569726286205894, 0.06966350361045257] - [0.10289375136938715, 0.2828967019697545, -0.3926063955756202, 0.006815996735501904] - [-0.01118711033767907, 0.53901458027872, -0.3594510252862969, -0.16837647546785744] - [0.09786283876565433, 0.017463356032332792, -0.16885097304837057, 0.05352491969614254]
B1: -1.1591932765025559e-08 - 2.1606033885750895e-08 - -3.144101003378866e-08 - -4.661858004881135e-09
B2: -1.2993376537877489e-08 - -8.748338306029055e-09 - -3.425805043530385e-09 - -8.12769153143069e-09
