Number: 7917
Error: 7.733494503379773e-16
A1: [0.08043169356351754, -0.18046780187263234, -0.01958884810502485, 0.11962498061608502] - [0.037415608366302894, 0.13359641452603305, -0.13472615788225217, -0.036285796740564154] - [-0.0017028327972995767, 0.2281901027225504, -0.12282839640952686, -0.10365892400528903] - [0.0388632408616594, -0.11448101213794669, -0.04641643496734161, 0.12203423438147092]
A2: [0.03530731497299609, -0.02927360423950048, -0.0756974717360506, 0.06966327368625534] - [0.10289362888840231, 0.2828965784492984, -0.3926065140376791, 0.006815868480123015] - [-0.01118710263552521, 0.5390145880267966, -0.3594510179960373, -0.16837646735183318] - [0.09786272152352209, 0.017463238256918482, -0.16885108465538073, 0.05352479663017481]
B1: -7.989846061475418e-09 - 1.1141437873926055e-08 - 1.431882196542329e-08 - 1.1181150596616111e-08
B2: 2.313391357732472e-08 - -3.4089225673873443e-08 - 3.148057001806217e-08 - 9.691370831495533e-09
