Number: 9209
Error: 4.3395910515865225e-08
A1: [0.05253191786147859, -0.14864740079297198, -0.02764167260972716, 0.12118265995440343] - [0.004244645704749134, 0.12977029357489522, -0.11466598363410413, -0.023615523210968457] - [-0.014507031494656403, 0.22302876235697047, -0.12710461528357886, -0.08166766547334374] - [0.02657997737807839, -0.10059235460003461, -0.0499956980784953, 0.12172596035684892]
A2: [0.09191585506266192, -0.07025206241927431, -0.12102090861701754, 0.10998109537205082] - [0.10979938800122352, 0.25076509439151223, -0.4039092740635985, 0.04716444403053348] - [0.03822713339658257, 0.4641325941653023, -0.376164643671407, -0.11986385245104822] - [0.14422446466713965, -0.043815438623515356, -0.2007207032538094, 0.10349032336678704]
B1: 0.0003170074998493437 - -0.0001793474086394275 - 0.00025917496909650057 - -0.0003156133932793781
B2: 0.00010515079121131178 - -0.00012629391867741076 - 0.0003121010595703162 - 0.00010526523540270406
