Number: 956
Error: 5.3368295979410095e-06
A1: [-0.011277767870773793, -0.0136187381763769, 0.01905527902849822, 0.00951953486216154] - [0.06552613710048925, 0.18919776354021028, -0.14564218174354257, -0.11035276332318485] - [-0.09436045711279133, 0.4236529860615199, -0.05135990301967515, -0.2697828944944098] - [-0.00016998012135243808, -0.01711283009076456, -0.0026092618212237503, 0.024708669873881126]
A2: [0.16324264895490584, -0.1661296500680484, 0.010124295567684311, -0.0007184292966214952] - [0.03560724680334919, 0.20763631195299656, -0.11708933058827496, -0.1256730744226614] - [-0.08630720194561198, 0.5814466796273252, -0.2354797017796089, -0.2600267304993342] - [-0.00562270636826679, -0.006277055982942054, -0.0006593165818772908, 0.005532941744945552]
B1: 0.00039626186275353806 - 0.0012649280180181944 - 0.0012421458176208348 - 0.0013527602082628685
B2: -0.0012587274424501749 - -0.0008398343901393232 - -0.0016647092981135494 - -0.0011666895149421849
