Number: 7600
Error: 9.758172696766185e-16
A1: [0.08043171518753547, -0.18046778025105978, -0.019588826506868513, 0.11962500223762897] - [0.03741562183191765, 0.1335964279814576, -0.1347261444435005, -0.036285783282422435] - [-0.0017027871601471975, 0.2281901483587306, -0.12282835083920347, -0.10365887838032144] - [0.03886326283451544, -0.11448099022675068, -0.046416413008495035, 0.12203425634066567]
A2: [0.03530743355359967, -0.029273485330943143, -0.07569735899098631, 0.06966339779356648] - [0.10289372750391482, 0.28289667790174555, -0.3926064186579916, 0.006815971744884954] - [-0.011187112357912988, 0.5390145782464326, -0.3594510271984988, -0.16837647759663904] - [0.09786279420505971, 0.01746331126905246, -0.16885101546718012, 0.053524872922033846]
B1: 5.003638554963263e-09 - 8.713812918354816e-09 - 1.483472375381938e-08 - 1.1307912235728711e-08
B2: 7.918287558134474e-09 - 1.0333706470028951e-08 - 1.0801648814859198e-08 - 8.077057955594328e-09
