Number: 1987
Error: 7.812334649940665e-05
A1: [-0.008644608520550755, -0.01628138631982895, 0.0009090179236481127, 0.018069167385005608] - [0.09495281097801098, 0.2169945855913509, -0.11735815107832864, -0.07834567519710155] - [-0.14774581258132796, 0.4070576707100193, -0.1080923842095015, -0.295918864520183] - [-0.05721839107402633, -0.018084026979043856, -0.0640341183560204, 0.0041298937502168]
A2: [0.14607862034946684, -0.2113878644769374, 0.03614642489838177, 0.08324098358116012] - [0.0413293101298227, 0.21186314221420638, -0.10647909553384502, -0.11353321070792192] - [-0.09313744985947205, 0.5550193283398657, -0.23453005263066656, -0.22640792809570667] - [-0.01925964041734039, -0.018675674196222923, 0.009205543432769109, 0.03229768487154169]
B1: 0.0024523956915741916 - -0.0021846538738281318 - 0.009804838682927506 - 0.005148391223102445
B2: 0.011124268815038175 - 0.0053232492777219274 - 0.012969983111741207 - 0.011568032342997138
