Number: 1821
Error: 1.004619757075292e-07
A1: [-0.006127872690389417, -0.013909992186103327, 0.004143987393060476, 0.020522611518774388] - [0.06712767570649375, 0.1901794305157328, -0.14642653037547326, -0.10952655002617906] - [-0.1117739993357835, 0.4426077094682215, -0.069984061103802, -0.25721264467650967] - [-0.02375041972192079, 0.015004533312689413, -0.03039555050698765, 0.038517171967964114]
A2: [0.13180480956438817, -0.22444529292967108, 0.022891254376538286, 0.07037404359614344] - [0.03215141865613961, 0.20327425276616107, -0.11537839062866896, -0.12193326285956049] - [-0.09827434528052267, 0.5519797792097699, -0.2387083626738678, -0.2291000547243713] - [-0.019482847354380755, -0.017990415932270007, 0.00944366607781416, 0.03345466898347421]
B1: -0.0007994299985854906 - 0.0008216289731637765 - 0.0002980375431471281 - -0.0004020234970035709
B2: 0.00010244319208326728 - 1.1644027729058679e-05 - -0.0002546088459302175 - -2.125282573529311e-05
