Number: 6793
Error: 8.950347318236652e-16
A1: [0.0804316507656693, -0.18046784466562105, -0.01958889085169764, 0.11962493782312596] - [0.037415553786383865, 0.13359635998742828, -0.13472621235345453, -0.03628585129026067] - [-0.001702857023843729, 0.22819007849652734, -0.12282842060060536, -0.10365894822537355] - [0.038863195533556924, -0.11448105733882709, -0.04641648026655892, 0.12203418908154325]
A2: [0.03530738436257377, -0.029273534658036195, -0.07569740576117208, 0.06966334630981344] - [0.10289367513294859, 0.2828966250862877, -0.39260646931050336, 0.006815916904803377] - [-0.011187131041196414, 0.539014559451717, -0.35945104488262225, -0.16837649728387918] - [0.09786275612875099, 0.017463273019542123, -0.16885105171334702, 0.05352483295428775]
B1: 1.177831097581611e-08 - -2.3746611859057445e-09 - 1.4813295623653905e-08 - 1.2600939599859949e-08
B2: 1.4486442987689091e-08 - 1.1409100102135855e-08 - 1.0210260610865718e-08 - 1.229925140931415e-08
