Number: 1487
Error: 3.708933035128332e-09
A1: [-0.007684140359890431, -0.015495128969821607, 0.0024804595979224255, 0.01894428333529309] - [0.06672618592601356, 0.1897876695908167, -0.1468390643683581, -0.10997422055627132] - [-0.11323325849158086, 0.4411501306599851, -0.07146448393188698, -0.2588010771594698] - [-0.022900858151642976, 0.015804358294477145, -0.029456210938116442, 0.03940651365543208]
A2: [0.13180722933537756, -0.2244106952819111, 0.022884252593257486, 0.0703768052024692] - [0.03268791916529392, 0.2037902489042765, -0.11484677740926029, -0.12141669729179067] - [-0.09464643032043094, 0.555516369653698, -0.23522606656907388, -0.22565921522513657] - [-0.02075285207568536, -0.019202440462199443, 0.00819169345631498, 0.032252969215956856]
B1: 4.627412257044164e-06 - -3.481312506117017e-05 - 1.8863431029357577e-05 - -2.1510316685844326e-05
B2: -7.170405246294473e-05 - -8.608190014913443e-05 - 8.79585936881565e-05 - -6.432379233699788e-05
