Number: 9247
Error: 2.8414671864441173e-08
A1: [0.05232929627468445, -0.14884537564118736, -0.02784169359640841, 0.12098438251156846] - [0.004135386083706812, 0.12965719784771224, -0.11477897774729696, -0.023729565578971042] - [-0.015527258088410791, 0.2220083009854229, -0.12812313615700965, -0.08268880408948551] - [0.026229968912069905, -0.10093722023629148, -0.05034347685598134, 0.12137971514809814]
A2: [0.08918335725431684, -0.07298357725768882, -0.12369643671091661, 0.10721450969659697] - [0.10891800642477217, 0.24989012110160164, -0.40477061965870953, 0.046267247762408245] - [0.03642137834493194, 0.46234167605815124, -0.3779267045627203, -0.12168967084728263] - [0.143209964553084, -0.04482153952298498, -0.20171033063801155, 0.1024601512753772]
B1: -0.00013873086478242885 - -0.00010914332524320647 - -0.0002427477252915483 - -0.0001872953476437405
B2: -3.537966890334588e-05 - -1.0596279573573878e-05 - -5.011481710093775e-05 - -4.980002043876783e-06
