Number: 1677
Error: 2.615340480739609e-07
A1: [-0.008976337959935124, -0.016801884879248052, 0.001138591392304967, 0.017605686581617066] - [0.06756887744370059, 0.19059834781985727, -0.14596901848803182, -0.10903681819718594] - [-0.11383840936269257, 0.44054389376893327, -0.07210070537544278, -0.25946709195724715] - [-0.026188290622090844, 0.01256699735771446, -0.032810761871002105, 0.03592539205486705]
A2: [0.1311988463293395, -0.22500965146070104, 0.022278911890879417, 0.06977404360781135] - [0.0326322582933219, 0.2037354045784026, -0.1149027487895173, -0.12147000687798752] - [-0.09506228509707197, 0.5551119150457997, -0.23563281506796074, -0.22607200329194502] - [-0.02178476743994304, -0.02022810301159132, 0.007163381204721032, 0.03125503429080653]
B1: 6.769223244936157e-05 - 0.00022104775469475438 - 6.269949969425049e-05 - -5.4418738515218956e-05
B2: 0.000438068341518779 - 0.001018883933268892 - 0.00013644909973124347 - 0.00046879820187472454
