Number: 4188
Error: 1.1732109359051157e-15
A1: [0.06621318097062232, -0.11395208040463661, -0.023983950990701875, 0.07172286743968989] - [0.037402617432281, 0.18819337450347406, -0.1474089415647674, -0.07818700496296002] - [-0.060229393225234615, 0.3289507790926963, -0.12775313111410283, -0.14096834352456017] - [0.03904611499305217, -0.05332272796731013, -0.03741863310124738, 0.051695078056261605]
A2: [-0.009108420489166285, -0.34680302072273944, 0.2494552468802605, 0.10645684271046889] - [0.0800398354576512, 0.0362822674129229, -0.050250101668340534, -0.06607194881357982] - [-0.04245285129326507, 0.230831855952572, -0.04053127966101337, -0.14784787418148052] - [0.06813483304702099, -0.2934677924624523, 0.1417712994992869, 0.08356192129871262]
B1: 3.543343321654869e-09 - 8.206316602882983e-11 - -2.375309831105567e-08 - 1.0938215725307668e-08
B2: -2.344882262713676e-09 - 4.2098511066907065e-09 - -5.774717021953856e-09 - -1.9053052117962294e-08
