Number: 7339
Error: 9.867268961954283e-16
A1: [0.08043167798830435, -0.18046781744607124, -0.019588863661610306, 0.11962496504265237] - [0.03741558764563961, 0.1335963938210582, -0.13472617856165833, -0.036285817449758916] - [-0.0017028357918402446, 0.22819009972807777, -0.12282839939968558, -0.10365892699903334] - [0.03886322997555974, -0.11448102299348664, -0.046416445846506504, 0.12203422350213769]
A2: [0.035307396228588285, -0.02927352275919875, -0.07569739447915282, 0.06966335872891172] - [0.10289371045714109, 0.28289666071028835, -0.3926064351454101, 0.0068159538944200515] - [-0.011187134089658306, 0.5390145563850647, -0.3594510477680759, -0.16837650049613623] - [0.09786283511678077, 0.017463352366860054, -0.16885097652185238, 0.05352491586599806]
B1: 7.605300494273482e-09 - -1.1261373380631499e-08 - 1.9185333937286924e-09 - -1.7159844192466257e-08
B2: -5.060823140460663e-09 - -1.445710517771694e-10 - -9.497216717479468e-09 - -3.0304137428050615e-10
