Number: 1650
Error: 3.08501082006134e-08
A1: [-0.0063699679344972155, -0.01417053514051833, 0.003846837237864795, 0.02028459722168408] - [0.06722962150884608, 0.19027204863884883, -0.14631992851825282, -0.1094135057771969] - [-0.11301347069951918, 0.4413577824510807, -0.07123713804483327, -0.2585769085505203] - [-0.023624796107596963, 0.015089536813369197, -0.030196453318443124, 0.03863714223478108]
A2: [0.13110621548884271, -0.22510242419720908, 0.022184962609518667, 0.06968581646073961] - [0.033002499715575694, 0.20410012487405474, -0.11453308418672857, -0.12110870664292502] - [-0.09496302458088936, 0.5552082661272489, -0.23554199379734275, -0.22597173634777606] - [-0.020574378755127992, -0.01903747528455937, 0.008364079835003806, 0.03241781808701184]
B1: -0.00016947377317729477 - -0.00024677786069611903 - -2.0201933769640635e-05 - 8.818228383650507e-05
B2: 0.0004181943606432839 - -0.00016064747345872243 - -0.0006247598068782365 - 0.00027702166346336196
