Number: 2858
Error: 2.2746900082600118e-08
A1: [0.06347894945681591, -0.047827823766469324, -0.023399521091785717, 0.007899651767435862] - [0.04368255253313035, 0.19129074246850605, -0.14254306677325027, -0.09248892693215678] - [-0.12292845414987533, 0.41537510656233867, -0.10434120382556474, -0.1865570993094384] - [0.037721448881352794, 0.019885411728177864, -0.03241633790387614, -0.02233908505198244]
A2: [0.06316919788774701, -0.17395703481432107, 0.0860503159632225, 0.023686789833279695] - [0.029408763659252418, 0.20041577712614786, -0.10159175223450514, -0.1277567324031577] - [-0.09329583445049001, 0.5137938270186828, -0.22549192292729536, -0.19498791167943166] - [-0.025999609522673665, 0.01844864051405498, -0.05036007119120637, 0.05690611571629221]
B1: 4.325501390971232e-05 - -8.069493478637192e-06 - 8.103637877186689e-05 - 7.961146139501332e-05
B2: -0.00021133354628039756 - -8.974517981050182e-06 - -0.00010740394009721804 - -3.09165966391929e-05
