Number: 158
Error: 2.6909064195289187e-05
A1: [0.015529759080006825, 0.014115488171149167, 0.04948229286329356, 0.03859964306421741] - [0.06649607174717992, 0.19007087202672718, -0.14485947935141977, -0.10943529115928237] - [-0.08180157299581806, 0.4361269735225797, -0.037320248031444535, -0.2547401857869609] - [0.014559806719920418, -0.002743227304140364, 0.013868559173484892, 0.04227762156473707]
A2: [0.17759707036590536, -0.15232760054550643, 0.02426593041385215, 0.01290779718352875] - [0.045230118174779704, 0.2170251781991142, -0.10767725396556062, -0.11646821599184781] - [-0.08976320022897231, 0.5781300708312062, -0.23886635856011154, -0.2637497938978294] - [0.006686731090218259, 0.005941701285035566, 0.011460797811928219, 0.017090483563840173]
B1: -0.003671217348303284 - 0.013095188036241079 - -0.00040670511409446157 - 0.0030064207586537146
B2: -0.01024163372183027 - 0.03676226677947274 - -0.0036480031617513163 - -0.003048350947838796
