Number: 9170
Error: 1.3143054925562714e-07
A1: [0.05257781808085965, -0.14859858016675997, -0.027609984450277264, 0.12124415070636957] - [0.006183687532241733, 0.13170637888025935, -0.11275093642712358, -0.021672364454970623] - [-0.015088357463379685, 0.22246291803575444, -0.12768412231257642, -0.08222505383897823] - [0.02804867006176545, -0.09911959874142261, -0.048529501648493276, 0.12321163707744608]
A2: [0.09093561971917817, -0.07125593685273464, -0.12197120235602531, 0.108994040980478] - [0.10773309781728985, 0.2487031082573582, -0.4059339353268616, 0.04506371579579702] - [0.03755327949184651, 0.463461311961758, -0.3768294256100141, -0.12054938559497567] - [0.1409741121852543, -0.04704299259172294, -0.20388751807413774, 0.10019458124907296]
B1: 0.0010142547027052833 - -0.0004345562504676063 - -0.0003795444275279892 - -0.00026082585503303153
B2: 0.0002198353698088928 - -0.0003809367216291837 - -2.132871504769069e-05 - -4.5416651195430695e-06
