Number: 9832
Error: 9.165651496963482e-16
A1: [0.05317253911459673, -0.14800128200551513, -0.026999058334239358, 0.12182781095106836] - [0.005313753544973068, 0.13083672803197724, -0.11360071004937088, -0.022549729600573852] - [-0.01444445894554914, 0.22309163846704638, -0.1270411619797437, -0.08160591536162169] - [0.02714645969399403, -0.10002003843994962, -0.04942450880213408, 0.12229812000101459]
A2: [0.08925434271016715, -0.07291348862573936, -0.12362753671915301, 0.10728626301748781] - [0.10884163577870334, 0.2498140880745906, -0.40484538071110515, 0.046189385502780726] - [0.03663576514565239, 0.46255495350156595, -0.37771761278641197, -0.12147343602527981] - [0.14342625626479868, -0.04460679959838426, -0.2014997082406173, 0.10267968293353401]
B1: -2.4961866589433915e-08 - 4.2563964732537295e-09 - 3.466261496764987e-09 - -6.5665524420499256e-09
B2: -1.0990718245355672e-09 - -7.606602615180012e-09 - -1.9052062464731508e-10 - -2.429051069006239e-09
