Number: 7869
Error: 9.401501807057123e-16
A1: [0.08043168487042819, -0.18046781056473551, -0.019588856787714326, 0.11962497192399126] - [0.037415623142679634, 0.13359642929121704, -0.13472614313534673, -0.03628578197238673] - [-0.0017028193286212823, 0.2281901161909409, -0.12282838296057023, -0.10365891054020596] - [0.038863234697702545, -0.11448101828460536, -0.04641644112737024, 0.12203422822134528]
A2: [0.03530736969702395, -0.02927354936412265, -0.07569741970507733, 0.06966333096081398] - [0.10289369956139956, 0.28289664972209416, -0.392606445683638, 0.006815942485013394] - [-0.011187088256047363, 0.5390146024920496, -0.3594510043855252, -0.1683764521996961] - [0.09786277991031389, 0.017463296909288543, -0.1688510290748654, 0.05352485791722222]
B1: -2.088719115591568e-08 - -1.4305149730612879e-08 - 1.2720844571626155e-08 - -5.451722270595257e-09
B2: -7.911004004984703e-09 - 7.560533938350948e-10 - -1.1171391428462925e-09 - -8.380299643848173e-09
