Number: 7018
Error: 1.0760829263932757e-15
A1: [0.08043170927309307, -0.18046778616482373, -0.01958883241422753, 0.1196249963238687] - [0.037415589878936575, 0.13359639605266338, -0.13472617633281403, -0.03628581521770041] - [-0.0017027934949267705, 0.22819014202408808, -0.12282835716470539, -0.10365888471341174] - [0.03886319209300461, -0.1144810607697249, -0.0464164837049181, 0.12203418564312948]
A2: [0.035307442244992236, -0.029273476615520287, -0.07569735072730902, 0.06966340689004914] - [0.10289372216097149, 0.28289667251344786, -0.3926064238256172, 0.006815966150028402] - [-0.011187110968622616, 0.5390145796440066, -0.35945102588350214, -0.16837647613271134] - [0.09786280166063356, 0.017463318758534643, -0.1688510083699472, 0.053524880747949304]
B1: 1.918006517706964e-09 - -4.591169029600531e-09 - -2.3716409733845715e-09 - -1.4344468204829352e-11
B2: 1.0367072589532583e-08 - -4.855391014308557e-09 - 2.056869653141212e-08 - -3.264843792382277e-08
