Number: 8924
Error: 0.0005186276333870656
A1: [0.029486441118264, -0.2305688276715597, -0.0612122280594531, 0.08060731346126389] - [0.00639221427672745, 0.10910429069147032, -0.14479771567704805, -0.045548966675466145] - [-0.03926482861759279, 0.1888203001962227, -0.15813525087455393, -0.13879531507727105] - [-0.023474737630907187, -0.1759932309185767, -0.10541086942392094, 0.06635706161017595]
A2: [-0.08772622967969079, -0.14783258063961502, -0.20919552730888194, -0.04526303186986869] - [0.10205735217031421, 0.2782628424455962, -0.3984317186280155, 0.01641900923477162] - [0.012174568640276842, 0.5488827763066192, -0.3379374623612376, -0.12658960028130994] - [0.10500067905761507, 0.01341473246199397, -0.16098573405066757, 0.07832798778667849]
B1: 0.016072093389463263 - 0.014989717564913812 - 0.04497062146291326 - 0.04419390835290834
B2: 0.01638358689401294 - 0.0049132209826027624 - -0.000525177837654451 - 0.0365559206059786
