Number: 7170
Error: 1.1755543725600325e-15
A1: [0.0804317172285895, -0.18046777821022936, -0.019588824468245447, 0.11962500427845549] - [0.03741562214091233, 0.13359642829022242, -0.1347261441351208, -0.03628578297359591] - [-0.001702838134555284, 0.2281900973854193, -0.12282840173896278, -0.10365892934112016] - [0.038863276788628165, -0.1144809763117921, -0.04641639906326819, 0.12203427028611095]
A2: [0.03530748805710328, -0.02927343067670094, -0.0756973071697302, 0.06966345483737667] - [0.1028937466076885, 0.2828966971676471, -0.39260640018106807, 0.006815991749312842] - [-0.011187199681748045, 0.5390144904017489, -0.3594511098524248, -0.16837656961280265] - [0.0978627728550532, 0.017463289821927783, -0.16885103579100283, 0.05352485051147419]
B1: 4.5442802843475483e-08 - -2.3444953149139742e-08 - -1.1284556952767255e-08 - 1.6939928307354238e-08
B2: 1.2608865529613965e-08 - 1.1646724347920105e-08 - -2.0512257103040385e-08 - 2.238790319881091e-08
