Number: 3903
Error: 9.733057611217951e-16
A1: [0.0662131298468755, -0.11395213038592711, -0.02398400207433083, 0.0717228164017415] - [0.03740255124554893, 0.18819331126654604, -0.14740900663140682, -0.07818707003534783] - [-0.06022942661047673, 0.3289507470280237, -0.1277531637829313, -0.14096837601768886] - [0.03904612918311563, -0.053322714498632254, -0.0374186193728344, 0.05169509167320788]
A2: [-0.009108655609469215, -0.3468032701486807, 0.2494550098575923, 0.10645659619961503] - [0.08003977675327312, 0.036282204171477796, -0.0502501658288947, -0.06607201351894706] - [-0.04245293593893805, 0.2308317625322821, -0.04053137037071685, -0.14784796779648723] - [0.06813476120230799, -0.29346787156661375, 0.1417712216127115, 0.08356184074750538]
B1: -4.3932087737303016e-08 - -2.2059249987534636e-08 - -1.4573137034353466e-08 - 4.863107778930752e-08
B2: -1.4927465302974664e-08 - -2.6202651324785146e-08 - 2.3955087811076163e-08 - -2.8699474206916123e-08
