Number: 4977
Error: 1.0749920451257148e-15
A1: [0.06621323864338469, -0.11395202402063948, -0.023983893363197506, 0.0717229250156557] - [0.037402634866389194, 0.1881933911606075, -0.14740892442568845, -0.07818698782238187] - [-0.06022942625479085, 0.32895074736955926, -0.12775316343490423, -0.14096837567133558] - [0.039046174942517456, -0.05332267106543158, -0.03741857510203035, 0.05169513558449967]
A2: [-0.009108525625144507, -0.346803132255671, 0.24945514089352608, 0.10645673248105425] - [0.08003984233908742, 0.036282274826237366, -0.05025009414722755, -0.06607194122864425] - [-0.04245278290456899, 0.2308319314305454, -0.04053120637285595, -0.14784779854620772] - [0.06813479991908739, -0.2934678289378217, 0.14177126358517464, 0.08356188415608705]
B1: 4.347765210378563e-08 - 1.0303329468730511e-09 - -1.2002294155447551e-08 - 1.107398817807309e-09
B2: 2.8894373046419454e-08 - 1.3147223292988002e-08 - -2.9055071767792797e-08 - -1.6289527454321927e-09
