Number: 665
Error: 1.0557477441644773e-14
A1: [-0.012151872586411946, -0.014515607619386276, 0.018088964839206956, 0.008584722976514792] - [0.06583518351068211, 0.18949521096236166, -0.14532262393099116, -0.11000861855130183] - [-0.09629430294056987, 0.42178490219311077, -0.053458666764409614, -0.2720371659595384] - [-0.0013222148016742614, -0.0182199320653658, -0.003835871347582853, 0.02337591768347435]
A2: [0.16158637143282437, -0.167755116062385, 0.008500991559055114, -0.0023334100850861774] - [0.035485743185958867, 0.20751674111744658, -0.11721040463854884, -0.12579201031854909] - [-0.08621382216351277, 0.5815378499843823, -0.2353889966335067, -0.2599358387592575] - [-0.003835077062343477, -0.0045193977441802405, 0.0011101482417146165, 0.0072432877529710945]
B1: -1.785062775410785e-09 - 2.887205601206382e-07 - 1.1112796245578995e-09 - 4.716676312311014e-08
B2: -6.510489306545096e-08 - 4.879577291334297e-07 - -2.5028615561844144e-07 - 4.1365283471284637e-07
