Number: 1103
Error: 3.908713204146974e-06
A1: [-0.008365842730897941, -0.016114900137358373, 0.0018660067725960582, 0.018127370715055817] - [0.06367528230531923, 0.1868007466507456, -0.15004146917058614, -0.11331599523736821] - [-0.11715154360305058, 0.4374265953314794, -0.07552217707572165, -0.26330449332754685] - [-0.020044482873897238, 0.01868261578121884, -0.026276128697136785, 0.042420332107013875]
A2: [0.13108172818483893, -0.22511608149449863, 0.022266531356088363, 0.06962492268417948] - [0.014272330236650069, 0.18572813044635728, -0.1331384530206358, -0.13950425341666647] - [-0.09237656624592225, 0.5578619942125106, -0.23290393587329597, -0.2235682676789858] - [-0.015265570907600633, -0.013935487367372395, 0.013917166325257097, 0.03730558781213003]
B1: -0.0016712896729988026 - 0.0019508512290759043 - 0.0004658450161240741 - -0.0018825302748684746
B2: -0.001168198348977957 - -0.005530900297654448 - 0.004055934369582435 - -0.0032115616821944745
