Number: 7906
Error: 9.51990501833503e-16
A1: [0.08043168259363609, -0.1804678128412709, -0.019588859061788182, 0.11962496964745717] - [0.03741569975259953, 0.13359650584315927, -0.13472606667805814, -0.03628570540489652] - [-0.0017028104551552914, 0.22819012506421749, -0.12282837410009749, -0.10365890166910852] - [0.038863258335173435, -0.11448099471347015, -0.046416417504964294, 0.12203425184412393]
A2: [0.035307260630168244, -0.02927365873263498, -0.07569752340459102, 0.06966321681066504] - [0.10289365246553156, 0.2828966022265263, -0.3926064912341733, 0.00681589316880068] - [-0.011187019470223165, 0.5390146716881394, -0.35945093927815835, -0.16837637971777095] - [0.09786274793871083, 0.017463264792260152, -0.16885105950979912, 0.053524824357488864]
B1: -2.2357666025622833e-08 - 1.9573543893084468e-08 - 4.9867919694564175e-08 - 2.287736113452239e-08
B2: -8.963666038237917e-09 - 3.9877173230419146e-08 - 1.1459426127864284e-08 - 5.856710718825687e-09
