Number: 8154
Error: 7.160584823187586e-16
A1: [0.08043166415441036, -0.180467831278425, -0.019588877479009226, 0.11962495121031436] - [0.037415639375331516, 0.1335964455116355, -0.13472612693491773, -0.036285765748660215] - [-0.001702814763957354, 0.22819012075550452, -0.12282837840259919, -0.10365890597676487] - [0.0388632323234634, -0.114481020652181, -0.04641644350010862, 0.12203422584857704]
A2: [0.03530753521857249, -0.029273383384749895, -0.07569726232903047, 0.06966350419680166] - [0.10289374271479385, 0.2828966932417172, -0.39260640394620977, 0.006815987672872866] - [-0.01118721046958174, 0.5390144795495443, -0.35945112006351254, -0.16837658098014086] - [0.09786273275313027, 0.017463249537578322, -0.1688510739655379, 0.05352480841761323]
B1: 3.820370306165225e-08 - -4.448838226425215e-09 - -2.552184242639805e-08 - 1.7644477863450006e-09
B2: -1.7447133755962595e-08 - 3.1724562932891423e-08 - -2.6018643514146067e-09 - -9.29007384464966e-10
