Number: 2740
Error: 1.7553732978359635e-08
A1: [0.06347739912769033, -0.04782981769721993, -0.02340142697358585, 0.007898044482120996] - [0.04379145055353501, 0.19139584194365122, -0.1424309702519456, -0.09236963936028843] - [-0.12426144225628329, 0.4140482222281385, -0.1056767828254703, -0.1878871471181757] - [0.036927710444810594, 0.01909177840438947, -0.033207370147277364, -0.02312650137332502]
A2: [0.06347245045608088, -0.1736543702362712, 0.08635755799256148, 0.023990080678489577] - [0.029275576910063245, 0.20028447960935084, -0.10172431876758202, -0.12788709872525486] - [-0.09320932088057224, 0.5138792625815034, -0.2254053700433977, -0.19490367215372173] - [-0.025464209928092972, 0.018981850923917517, -0.04982599014240555, 0.05742808565539325]
B1: -7.765227338339307e-06 - -0.00019449718219063754 - 6.617406952369737e-05 - 5.239692582785118e-05
B2: 6.180777309670269e-05 - -2.343625943498532e-06 - 0.0002503227396589032 - -8.827767196566088e-05
