Number: 6334
Error: 1.2499795647466969e-15
A1: [0.08043170775906289, -0.18046778767868135, -0.019588833926448952, 0.11962499481001179] - [0.037415624014730586, 0.13359643016262235, -0.13472614226503732, -0.0362857811008142] - [-0.0017027572146939651, 0.2281901783035495, -0.12282832093759412, -0.1036588484428615] - [0.03886329492980179, -0.11448095822152922, -0.04641638093365053, 0.12203428841601269]
A2: [0.03530743300030688, -0.02927348588577963, -0.07569735951703616, 0.06966339721447973] - [0.10289381162439624, 0.28289676273615777, -0.39260633729777644, 0.006816059831322336] - [-0.01118705479938187, 0.5390146361482883, -0.3594509727181206, -0.16837641694518127] - [0.097862839764373, 0.017463357035596552, -0.16885097209767017, 0.05352492074449061]
B1: -1.1556767856667078e-08 - 5.983157210240334e-09 - 1.1460691990850436e-08 - -5.407143052706734e-09
B2: -1.629147830463051e-08 - -1.6888391373159856e-08 - 2.39407157652051e-08 - 8.364173163830314e-09
