Number: 2128
Error: 0.0012128972415935712
A1: [0.1983453162484407, 0.1499600183668317, 0.12285769341420054, 0.23319790168785134] - [0.11093842886743005, 0.23901549287626506, -0.09880510357721797, -0.04838473683339438] - [0.07589162503357508, 0.5852874903019163, 0.0557840506388711, 0.010751840598272028] - [-0.07510202168923856, -0.04262925362095517, -0.03995377969913168, -0.11260883584836022]
A2: [0.08474124495051795, -0.2638646155899289, 0.0069864476622628485, -0.007431416367967535] - [-0.020060927258439443, 0.1422710754401332, -0.15304729156879968, -0.18787882850328425] - [0.08981050092609823, 0.6373216382681373, -0.10253810856941632, -0.14426593343541144] - [-0.1857840522364096, -0.13860404868094994, -0.19142095243297105, -0.11378548105399382]
B1: 0.008822821222783897 - -0.036551004830050526 - 0.06422714871052858 - 0.0030571260068367294
B2: 0.07296058837261102 - 0.0028007062190392555 - 0.002230006780041427 - 0.025287476496943448
