Number: 3135
Error: 5.616198883405804e-06
A1: [0.06953935845579208, -0.042017430161071755, -0.017636862929275875, 0.01370785739705034] - [0.04600229608552512, 0.1933815305130594, -0.14026214234899367, -0.09013406963014253] - [-0.11960096283719969, 0.4184211762243618, -0.10127457045222782, -0.1834677532314021] - [0.03404259526333708, 0.01583987590964836, -0.036592770182885356, -0.0260857869945399]
A2: [0.040129623838414, -0.19674027037664532, 0.06298403797200273, 0.0007886213667480375] - [0.027243067337825472, 0.19827974482916447, -0.10371630622920722, -0.12988609163918205] - [-0.09827610154569036, 0.5088751859916807, -0.23051690278417092, -0.1997991928974956] - [-0.016604697432348763, 0.027798719594144154, -0.0409813710144614, 0.06585688042802319]
B1: -0.0027001923650143258 - -0.004184429082488922 - 0.004305452027980018 - 0.0035244921816333626
B2: -0.002122162270498053 - 0.0017385441022770834 - -0.0016648515632657654 - -0.002213285602508872
