Number: 7848
Error: 7.281615706466765e-16
A1: [0.08043164118351494, -0.18046785424670053, -0.01958890042238988, 0.11962492824206826] - [0.03741563391193402, 0.13359644005232607, -0.13472613238754533, -0.03628577120909432] - [-0.0017028371419594078, 0.2281900983779829, -0.12282840074782649, -0.10365892834878983] - [0.038863179936629126, -0.11448107289199895, -0.046416495853547346, 0.12203417349430745]
A2: [0.035307348951276955, -0.029273570167246247, -0.0756974394298938, 0.06966330924816515] - [0.10289372970682013, 0.2828966801233581, -0.3926064165273637, 0.0068159740516467475] - [-0.011187022858343392, 0.5390146682798176, -0.359450942485094, -0.16837638328794222] - [0.09786280545319394, 0.01746332256835424, -0.16885100475966786, 0.053524884728898235]
B1: -2.573740751226715e-08 - -1.5550654258682837e-08 - 1.5345905258354512e-08 - -4.6477778454640525e-09
B2: -2.6312516198566192e-08 - 3.7756114911683704e-08 - -6.783750189982423e-09 - -2.949717004110804e-08
