Number: 4012
Error: 9.462740034168086e-16
A1: [0.06621319462559161, -0.11395206705481371, -0.023983937346446698, 0.0717228810717403] - [0.037402569543268656, 0.18819332874877648, -0.14740898864334265, -0.07818705204569068] - [-0.060229332669975016, 0.3289508372526614, -0.12775307185830462, -0.1409682845874886] - [0.0390462242639457, -0.05332262425152658, -0.037418527385322066, 0.051695182913786775]
A2: [-0.009108498168514653, -0.34680310312837537, 0.2494551685724228, 0.10645676126793249] - [0.08003982417679636, 0.036282255260208555, -0.05025011399767534, -0.06607196124760838] - [-0.04245287409699918, 0.23083183078493072, -0.04053130409840925, -0.14784789940157464] - [0.06813483812688911, -0.29346778686927555, 0.14177130500638238, 0.08356192699421644]
B1: 6.547424579382247e-09 - 4.3914413493510225e-09 - -3.2121734233646484e-08 - 1.80877473093219e-08
B2: 6.833481021794218e-09 - -2.561990941963021e-08 - -8.148156185309101e-10 - 2.1827926085951624e-08
