Number: 7259
Error: 6.704433771975907e-16
A1: [0.08043167937675737, -0.18046781605777373, -0.019588862274815808, 0.11962496643094735] - [0.03741558101081381, 0.13359638719125488, -0.13472618518326332, -0.03628582408090935] - [-0.0017028289199172897, 0.2281901065998569, -0.1228283925378215, -0.10365892012894348] - [0.03886322395909718, -0.11448102899306248, -0.04641645185913278, 0.12203421748941526]
A2: [0.03530749687873936, -0.029273421830665967, -0.07569729878222775, 0.06966346407016662] - [0.10289373684748838, 0.28289668732461176, -0.3926064096210059, 0.006815981528960603] - [-0.011187114037282021, 0.5390145765570437, -0.3594510287880567, -0.16837647936625927] - [0.0978628245041284, 0.017463341705934932, -0.16885098662441553, 0.053524904726173696]
B1: 8.807128747951464e-09 - -1.0152876467396597e-08 - -1.461250484062936e-08 - 5.008363556069637e-10
B2: -2.374517351280165e-09 - -1.331683463337153e-09 - -2.927870619104152e-09 - -2.621410998046447e-09
