Number: 6485
Error: 1.173543061441549e-15
A1: [0.08043169111690696, -0.1804678043189544, -0.019588850548707185, 0.11962497816975542] - [0.037415594264190416, 0.13359640043459728, -0.13472617195630002, -0.036285810834875816] - [-0.001702814969669488, 0.22819012054980647, -0.12282837860800568, -0.10365890618242327] - [0.03886323520307263, -0.11448101778064149, -0.04641644062231977, 0.1220342287264046]
A2: [0.035307444961027605, -0.029273473891974322, -0.07569734814494461, 0.06966340973267902] - [0.10289373561179545, 0.28289668607842544, -0.3926064108161539, 0.006815980234997066] - [-0.011187091552111226, 0.5390145991763419, -0.35945100750536035, -0.16837645567283313] - [0.09786280451681609, 0.017463321627709825, -0.16885100565104902, 0.05352488374601383]
B1: -4.70543451917178e-09 - -1.4395370546422586e-09 - -3.1206679406138897e-09 - -9.154691449640552e-10
B2: -2.2299043271464854e-09 - -3.6823858215340637e-09 - -1.2582213868717269e-10 - -3.934720353892927e-09
