Number: 7857
Error: 6.076517089313183e-16
A1: [0.08043166830728536, -0.1804678271260028, -0.019588873331052904, 0.11962495536273993] - [0.037415658660564906, 0.1335964647822222, -0.13472610768823054, -0.03628574647417544] - [-0.001702829684760031, 0.2281901058350229, -0.12282839330154609, -0.10365892089358093] - [0.03886321770036261, -0.11448103523424508, -0.046416458113879656, 0.1220342112345691]
A2: [0.03530744614512829, -0.029273472704574713, -0.07569734701909979, 0.06966341097194866] - [0.10289373884815235, 0.28289668934227297, -0.39260640768598115, 0.006815983623949276] - [-0.011187037552431917, 0.5390146534980853, -0.35945095639338687, -0.1683763987715962] - [0.09786283085779243, 0.017463348088506688, -0.16885098057610617, 0.05352491139542442]
B1: -4.221454646148612e-08 - -2.2089123924069687e-08 - -4.91677376793747e-09 - -1.98020697477191e-08
B2: -3.098597454511707e-08 - -1.2261680368276694e-08 - -1.3925541284382674e-08 - -3.601804497414327e-08
