Number: 4475
Error: 1.0153766203991492e-15
A1: [0.06621318734258949, -0.11395207417508249, -0.023983944623753733, 0.0717228738009501] - [0.037402619508935794, 0.18819337648757228, -0.14740893952325235, -0.07818700292127627] - [-0.060229338412330434, 0.3289508317374265, -0.12775307747747186, -0.14096829017635254] - [0.03904614902453232, -0.05332269566585426, -0.03741860017689174, 0.05169511071330457]
A2: [-0.009108471869555905, -0.34680307522936066, 0.24945519508410086, 0.10645678884084549] - [0.08003982088114812, 0.036282251709881766, -0.05025011759960333, -0.0660719648800967] - [-0.04245285824499181, 0.23083184828027548, -0.04053128711068712, -0.14784788186969797] - [0.06813484181845782, -0.293467782804788, 0.14177130900830062, 0.08356193113303574]
B1: -2.71179582156752e-08 - -3.0240941344034985e-09 - -1.7684968317790594e-08 - 2.0328008679432044e-08
B2: 1.786911272854145e-08 - 6.3655820928921144e-09 - -6.374259450076643e-08 - 6.437685823340369e-09
