Number: 3066
Error: 2.6521531642312016e-06
A1: [0.06373753369589343, -0.047568884596062816, -0.02314407401603024, 0.008148616654298977] - [0.04397800697815895, 0.19157698789979616, -0.14223360459115697, -0.0921587238569661] - [-0.12304873095794025, 0.4152687784426524, -0.10445046743688241, -0.1866570572431641] - [0.03702917633504318, 0.019194563289424107, -0.033114293600414645, -0.02304265620903194]
A2: [0.06123043372042772, -0.1758822260063582, 0.08411619074929388, 0.0217729657318903] - [0.02860489519017052, 0.19962611716278203, -0.10239448496294387, -0.12854445581796153] - [-0.09492153883986036, 0.5121964582348673, -0.22712146054770585, -0.19655852479939712] - [-0.02704310513141132, 0.01740186811584619, -0.05141692883649068, 0.055894908285917776]
B1: 3.933989384136984e-05 - -0.0012550618786980065 - -0.00043461785945935263 - -0.00043006142383261834
B2: 0.000760947960726601 - 0.0017015423474272173 - 0.0008512463436091077 - 0.0009343466672040355
