Number: 9811
Error: 8.634368129537053e-16
A1: [0.053172575434984645, -0.1480012456717916, -0.02699902205390268, 0.12182784728895639] - [0.005313716315104207, 0.13083669076305915, -0.11360074727361044, -0.0225497668829492] - [-0.014444455233633243, 0.22309164218031569, -0.12704115827077334, -0.08160591164838434] - [0.027146398729447747, -0.10002009940438908, -0.049424569895267285, 0.12229805888155644]
A2: [0.08925442020924662, -0.07291341130588237, -0.12362746096618332, 0.10728634147214465] - [0.10884182015388466, 0.24981427248229945, -0.40484519998782714, 0.04618957298013747] - [0.03663602075006075, 0.462555207776001, -0.37771736340599893, -0.12147317776984935] - [0.14342659490403972, -0.044606462220437675, -0.2014993775887234, 0.10268002659686615]
B1: 3.679513682110246e-08 - 1.8238322459519097e-08 - 1.222541573087684e-08 - -1.2487617311203152e-08
B2: 2.922006183522396e-08 - 1.2719849306157699e-08 - 3.8121072224644186e-08 - -1.4123781440927419e-08
