Number: 2953
Error: 2.058311833564437e-08
A1: [0.062367664586623184, -0.04893446979966033, -0.02450057717979615, 0.006795474565046644] - [0.043758129752496905, 0.19136396947766207, -0.14246496217563442, -0.09240492449105772] - [-0.12368865271357377, 0.414619916839881, -0.10510331723276226, -0.18731516572115825] - [0.03672776616109943, 0.01889223910904528, -0.03340896717839334, -0.023325972719066373]
A2: [0.06276609221961507, -0.17435945711827747, 0.08564880707049345, 0.023288328935213848] - [0.028936579238419052, 0.19995030867569577, -0.10206269285938743, -0.1282193223864722] - [-0.09338952408857953, 0.5137018153850649, -0.22558337566620323, -0.1950762462871904] - [-0.025874408860461433, 0.018571391400911783, -0.05023439465350106, 0.057030366879766696]
B1: -0.00044871602037149165 - -2.8865660968833528e-05 - 8.686536126474235e-05 - 1.4500445089856891e-05
B2: 7.419180939997866e-06 - -0.00046855427491022267 - 0.00019336736862261895 - 2.521128272121921e-05
