Number: 6704
Error: 8.787014672291112e-16
A1: [0.0804316711528189, -0.1804678242807815, -0.01958887048892412, 0.11962495820794744] - [0.03741557101290211, 0.13359637720090795, -0.13472619516126022, -0.03628583407328476] - [-0.001702831675720424, 0.2281901038441094, -0.1228283952895951, -0.1036589228840149] - [0.03886320786424083, -0.11448104504274823, -0.046416467943731894, 0.12203420140456364]
A2: [0.03530743102460967, -0.029273487866938477, -0.07569736139550895, 0.06966339514670208] - [0.10289376757403727, 0.28289671831193547, -0.3926063799026956, 0.006816013704141294] - [-0.011187136940722285, 0.5390145535170038, -0.3594510504666493, -0.16837650350041763] - [0.0978627846827591, 0.01746330170343352, -0.16885102453178158, 0.05352486292670438]
B1: -6.973446328482018e-09 - 2.9554383465808057e-09 - -1.9810962656132823e-08 - -1.076279859779112e-08
B2: -8.626322677985937e-09 - -1.1700818020277795e-08 - -4.057855350309617e-09 - -1.4475700517395854e-08
