Number: 170
Error: 1.773467453366533e-05
A1: [-0.030195438067233463, -0.03323472745115977, -0.0021603202664277617, -0.011012951770658875] - [0.07185557533153397, 0.19528767460238894, -0.139124191355405, -0.10330757587103563] - [-0.09272042783747954, 0.42536438688824035, -0.049548085229287935, -0.26787603357786716] - [-0.0047297263962978765, -0.02156154863186955, -0.007148733645020845, 0.019490264391902334]
A2: [0.1825242391644629, -0.14734448219258353, 0.02914055654320612, 0.01774281977566069] - [0.04906486840087605, 0.22085601438417918, -0.10372340784995282, -0.11258688659946382] - [-0.07978801677220114, 0.5877527530827404, -0.22915877145567873, -0.25399890584555496] - [0.0032101631648280113, 0.0024322642124121577, 0.00809568936506004, 0.013845888919465962]
B1: -0.000592429565185339 - 0.0009302292409168918 - 0.00668800875533427 - 0.004187904332281602
B2: 0.011507735575980896 - -0.009663606865959979 - 0.0033402937869285642 - 0.0013004233390767582
