Number: 5626
Error: 2.4084218715277173e-07
A1: [0.0661797529182879, -0.113983692019594, -0.024017548568375267, 0.07168856929481279] - [0.037900949237581784, 0.18866919286599795, -0.14691967575652184, -0.07769897469702214] - [-0.05980665520685024, 0.3293579270593844, -0.12733937430940914, -0.14055663623048245] - [0.03953182368186902, -0.05286065931137149, -0.03694826837396521, 0.052161813210967876]
A2: [-0.007577792171199134, -0.3451803324323419, 0.2509984788551545, 0.10806238369775738] - [0.08006684626988675, 0.036311790806817415, -0.05022055888190276, -0.06604196351242435] - [-0.041675125453459784, 0.23169016270615148, -0.039698911854620426, -0.14698834290373683] - [0.0696288131064451, -0.29182245196106193, 0.1433886662238173, 0.08523526042179734]
B1: -0.00025559327151131086 - -0.0003083175099543504 - -0.0003447396075541106 - -0.0006293259087564477
B2: 0.00012440770482212676 - 7.350473889891943e-05 - 1.3291359555843017e-06 - -8.485110383541481e-05
