Number: 3928
Error: 1.1655611432842537e-15
A1: [0.06621316754877865, -0.11395209352654125, -0.023983964402012913, 0.07172285404037267] - [0.03740257259587262, 0.18819333166532828, -0.1474089856424013, -0.07818704904448688] - [-0.06022934984338981, 0.32895082075854726, -0.12775308866319685, -0.14096830130200363] - [0.03904617473136079, -0.05332267126596537, -0.03741857530643777, 0.05169513538179795]
A2: [-0.009108551490710892, -0.3468031596948982, 0.2494551148187895, 0.10645670536249441] - [0.08003980830682768, 0.0362822381637035, -0.05025013134264406, -0.06607197873986674] - [-0.04245291173385321, 0.23083178924653008, -0.04053134443158034, -0.1478479410265604] - [0.06813456932019006, -0.2934680828373414, 0.1417710135938611, 0.08356162561200818]
B1: 2.8508613382072945e-09 - -3.7337751394178736e-08 - 3.334880121268582e-08 - 3.61701532170317e-08
B2: 1.8399088298766546e-09 - -1.1397067917366986e-08 - 4.708951384558508e-09 - 1.372969744751213e-08
