Number: 4117
Error: 1.261357528543862e-15
A1: [0.06621319471364305, -0.11395206696872692, -0.02398393725846496, 0.0717228811596466] - [0.037402635582322645, 0.1881933918446048, -0.14740892372188782, -0.07818698711850022] - [-0.06022942123268209, 0.32895075219308595, -0.12775315852053867, -0.14096837078359273] - [0.039046159822661713, -0.05332268541674356, -0.03741858973010538, 0.05169512107524094]
A2: [-0.009108561620416346, -0.3468031704409409, 0.24945510460711073, 0.1064566947420526] - [0.08003983644225163, 0.03628226847361955, -0.050250100592227974, -0.06607194772833067] - [-0.04245276353375891, 0.23083195280941748, -0.04053118561446461, -0.14784777712277994] - [0.06813475275545482, -0.2934678808669763, 0.14177121245548194, 0.08356183127702217]
B1: -1.6983550803163725e-08 - 1.1723473974278677e-08 - 1.784258638954815e-08 - -1.053323304949559e-08
B2: -8.399261806293983e-09 - -5.451460876044774e-09 - 1.5353470414332733e-08 - 1.3596933316273524e-09
