Number: 5179
Error: 9.456010304811912e-16
A1: [0.06621316507383869, -0.11395209594618892, -0.023983966875034006, 0.07172285156954869] - [0.037402497598662064, 0.18819326001058445, -0.14740905937038062, -0.07818712277901413] - [-0.06022948143878439, 0.32895069436813584, -0.1277532174347948, -0.14096842938074355] - [0.039046093644383294, -0.0533227482306035, -0.03741865375531843, 0.05169505756982385]
A2: [-0.009108557163670651, -0.34680316571298514, 0.24945510909965102, 0.10645669941476595] - [0.08003985554165093, 0.036282289049161885, -0.05025007971756567, -0.06607192667649832] - [-0.042452771532865335, 0.2308319439809539, -0.040531194186608284, -0.1478477859695881] - [0.06813480908532042, -0.2934678188454872, 0.14177127352207133, 0.08356189443309044]
B1: 4.907161797121089e-08 - 9.162806472278624e-09 - 1.266543506236301e-08 - 1.8190755803555214e-08
B2: -1.650313893698222e-08 - 2.236722119992728e-08 - 6.771766596372848e-08 - 4.94271311044398e-09
