Number: 2430
Error: 5.560157568561539e-06
A1: [0.06994741056249484, -0.041526540344481826, -0.016835651270833, 0.01438087360219574] - [0.0386999357207256, 0.1863800421136398, -0.1478295152517834, -0.09803016037088307] - [-0.1389014644814979, 0.39953749231669583, -0.12091300689032168, -0.20288059925659857] - [0.042643949463591534, 0.02511514912233831, -0.02742058371638134, -0.017390031281671433]
A2: [0.06360893008601291, -0.17348135867149736, 0.08681703682286215, 0.024372110447601788] - [0.02218638747438715, 0.19329927375397837, -0.10884939104527631, -0.13490106017693665] - [-0.10405489426840339, 0.503747677294596, -0.23521693941730773, -0.20488028999850474] - [-0.03506617627333271, 0.009686713169767418, -0.05879275339890208, 0.048345862643830916]
B1: 0.0007541788764594647 - -0.0024379692574842244 - 0.003940619276028734 - 0.0010845887574159518
B2: -0.004706458640387966 - -0.005087784210763751 - 0.006985742910384462 - 0.005500267451178599
