Number: 208
Error: 2.9329292793599065e-07
A1: [-0.020569669161961894, -0.023173218905852267, 0.008760803789297965, -0.0004055014931832403] - [0.0696154491123953, 0.19312568229850297, -0.14141257979538888, -0.10579819791362641] - [-0.0978056911800231, 0.4204158602686069, -0.055063362330082084, -0.2737432785260209] - [0.016809964852004776, -0.0009816455256262883, 0.015385680511686019, 0.044172850445505785]
A2: [0.15798910067950947, -0.1712711052215545, 0.005087380439832938, -0.005953782654211862] - [0.04399473467892567, 0.21590394263633966, -0.10872284105447061, -0.11745823498805716] - [-0.08579971305130156, 0.5819301833466005, -0.23495025323604415, -0.2596001333406134] - [-0.0007085314295965886, -0.0014225461427822025, 0.004257519897101351, 0.010231983855102626]
B1: 0.003886396876313202 - 0.002918853080910368 - 0.0019207616732319025 - 0.0014690775405730764
B2: 0.009937008299347905 - 0.0013493433076633564 - -0.005833660384695421 - 0.00427330686119069
