Number: 2117
Error: 0.0023015494772404034
A1: [-0.12563529364579595, -0.16332450381195002, -0.2230479153085731, -0.09421914068068202] - [0.06546081070735069, 0.1968742198460531, -0.14179638671563635, -0.10169668461848183] - [-0.24777140946615078, 0.27818766229725717, -0.2862122845392261, -0.2866920103567466] - [0.22993656881018676, 0.24524722766317486, 0.23374798312130052, 0.17628850732629822]
A2: [0.09680296596646559, -0.26354512363642396, -0.0031407949780298174, -0.0171725582830622] - [0.07596589367422069, 0.22892217652036612, -0.07584097764424402, -0.09478662176839518] - [-0.18389964941138717, 0.3244365317689059, -0.3832450450151134, -0.486343515210288] - [0.037555213431866505, 0.06101471608344684, -0.032758717063395844, 0.11856383262412962]
B1: 0.0032691440413639555 - -0.020870797866743153 - -0.03956739231026739 - 0.008991118123488361
B2: -0.10827464646410404 - -0.046135884069150694 - -0.023219147150669847 - -0.017915483940818225
