Number: 6500
Error: 9.235990053559457e-16
A1: [0.08043168703189729, -0.18046780840350146, -0.0195888546288324, 0.11962497408521226] - [0.03741558747942074, 0.13359639365496268, -0.13472617872755083, -0.03628581761588715] - [-0.0017028154639514344, 0.22819012005553507, -0.12282837910156393, -0.10365890667657328] - [0.038863228572926706, -0.11448102439218073, -0.04641644724824087, 0.12203422210037937]
A2: [0.035307440551098294, -0.029273478314100973, -0.0756973523378474, 0.06966340511720792] - [0.10289373388470859, 0.2828966843366805, -0.3926064124865695, 0.0068159784264842285] - [-0.01118709681201711, 0.5390145938850628, -0.35945101248397354, -0.16837646121538197] - [0.09786280212841804, 0.017463319228447714, -0.1688510079246485, 0.053524881238972456]
B1: -2.0245691045949353e-09 - 1.7517368418131495e-10 - -8.832521339470125e-10 - 6.686545885306569e-10
B2: -4.672986388183299e-10 - -2.165492861995749e-09 - 3.2565595563234203e-09 - -3.4168377495250445e-09
