Number: 9072
Error: 0.00018570634540637998
A1: [0.07188112082785551, -0.13276806397193033, -0.008701651272401243, 0.13895789721198293] - [0.02619499014702291, 0.1493605287006431, -0.09434494909876287, -0.0033827225244982438] - [-0.015071883282288688, 0.22582306074708516, -0.1210231225817903, -0.07750423708677488] - [0.04607314658763175, -0.08175149581014013, -0.028795086301356652, 0.14123344047522962]
A2: [0.20235216050335436, 0.039940282703841236, -0.006243210973865928, 0.22332639806925358] - [0.23200486097046805, 0.37068072476617747, -0.28581593291572027, 0.16953034565182284] - [0.11970157646271064, 0.545908859706689, -0.3006497980710725, -0.03872824096780059] - [0.2462687906350768, 0.05750842568058334, -0.10406871260531157, 0.20642762164171086]
B1: 0.0007092466293168505 - -0.017875539656979425 - -0.003835911063755775 - -0.0021439217299943714
B2: -0.012090545295746161 - -0.01041421203192973 - -0.00959542180770101 - -0.010233459753883479
