Number: 4640
Error: 9.796416743854943e-16
A1: [0.0662131979313216, -0.11395206382297045, -0.023983934043342345, 0.07172288437188984] - [0.03740261027814345, 0.18819336766818037, -0.1474089485978377, -0.07818701199666385] - [-0.06022926996185781, 0.3289508974803883, -0.1277530104958492, -0.14096822355486746] - [0.03904615197459076, -0.05332269286577797, -0.03741859732281153, 0.0516951135441661]
A2: [-0.00910859535598359, -0.34680320622907934, 0.24945507059843994, 0.10645665937209048] - [0.08003980413372729, 0.03628223366812187, -0.050250135903540875, -0.06607198333949958] - [-0.04245286721403328, 0.2308318383815331, -0.04053129672214071, -0.14784789178909277] - [0.06813471957737395, -0.29346791739742717, 0.14177117648706247, 0.08356179407837476]
B1: -1.6797814824657986e-08 - -5.909297259615578e-09 - -1.1246697232679938e-08 - -1.5087934309598107e-08
B2: 4.657952943563113e-09 - 5.589584279716505e-10 - -2.651643253445325e-08 - -2.8119573762464542e-08
