Number: 1671
Error: 6.828277776711092e-07
A1: [-0.0048457159758580354, -0.012631389285947526, 0.005431905046097004, 0.02184959283271346] - [0.06819743822691604, 0.19120336682565947, -0.14531948691101165, -0.10833721265420934] - [-0.11273235684260825, 0.4416296238809405, -0.07094716451855498, -0.2582710391619789] - [-0.020725521789205423, 0.01793778216940107, -0.02723635362340305, 0.04169464886277147]
A2: [0.13235485742299286, -0.2238736158458716, 0.02341290776016113, 0.0709053021387092] - [0.03253784414107478, 0.20364263421767906, -0.11499656243396662, -0.12156262750444814] - [-0.09351322632332901, 0.556635490542511, -0.2341141076200157, -0.22454827686493395] - [-0.020747103227605777, -0.019207523101985015, 0.008191637729366923, 0.03225319329877436]
B1: 2.5652734813976516e-05 - 0.0006802571252615725 - 0.00015436941774329353 - -0.00022372788119797218
B2: 0.000801567452922137 - 0.00112447838615473 - 0.000913182749605009 - 0.0005088515414221794
