Number: 5243
Error: 1.0416120119902162e-15
A1: [0.0662132073129974, -0.11395205465090144, -0.023983924669017546, 0.0717228937378213] - [0.03740258754960312, 0.1881933459526601, -0.14740897094168318, -0.0781870343425] - [-0.060229481000327365, 0.32895069478915956, -0.12775321700580936, -0.140968428954043] - [0.03904619598311567, -0.05332265109434714, -0.037418554745890294, 0.051695155775326566]
A2: [-0.009108834732839521, -0.3468034601696458, 0.24945482928472146, 0.10645640839931281] - [0.08003996446825538, 0.03628240639417119, -0.05024996066716184, -0.06607180661522101] - [-0.04245287388409246, 0.23083183102017873, -0.04053130386999792, -0.14784789916577365] - [0.06813468365371443, -0.29346795695066, 0.14177113754246248, 0.08356175380169534]
B1: -8.937267943154976e-08 - -5.2610555016250943e-08 - 6.496383813213989e-08 - 5.66958678752816e-08
B2: -2.132443367741647e-08 - -2.6691292675621713e-08 - 1.0771878500859609e-08 - -1.355938890647544e-08
