Number: 4210
Error: 1.0456417211609315e-15
A1: [0.06621317476555866, -0.11395208647103836, -0.023983957190897034, 0.07172286124503917] - [0.037402620250608705, 0.18819337719619467, -0.14740893879413536, -0.07818700219208306] - [-0.06022937253656666, 0.3289507989630223, -0.12775311086939103, -0.14096832338873647] - [0.039046117708335305, -0.05332272539006442, -0.03741863047429984, 0.051695080661877967]
A2: [-0.009108573975202965, -0.34680318354742723, 0.24945509215235823, 0.10645668178874468] - [0.08003983872063952, 0.03628227092809617, -0.05025009810207999, -0.06607194521703728] - [-0.04245284972956486, 0.2308318576783683, -0.04053127798528912, -0.14784787245208417] - [0.06813481212896734, -0.2934678154941402, 0.1417712768220984, 0.0835618978457094]
B1: 2.962530382697204e-08 - -3.1885660450651177e-09 - -1.371717816545788e-08 - 1.4339651250170633e-08
B2: 1.7257223841566066e-08 - 2.6043921239635216e-08 - 7.256832538792537e-09 - 1.7748415182858508e-10
