Number: 9933
Error: 1.1470948823770728e-15
A1: [0.053172550092201565, -0.14800127102384913, -0.02699904736869083, 0.12182782193400558] - [0.005313758308911077, 0.1308367328009303, -0.11360070528612917, -0.022549724829904316] - [-0.014444483886915929, 0.2230916135165488, -0.12704118690135935, -0.08160594031188065] - [0.027146386743136474, -0.10002011139081476, -0.04942458190699306, 0.12229804686470296]
A2: [0.08925444371381795, -0.07291338785565708, -0.1236274379912098, 0.1072863652663379] - [0.1088418465375814, 0.24981429887065515, -0.40484517412669613, 0.04618959980771119] - [0.03663598604589455, 0.46255517325241513, -0.3777173972650942, -0.12147321283400139] - [0.14342650912578697, -0.044606547679183706, -0.20149946134374247, 0.10267993954590317]
B1: -4.213414086266923e-09 - 3.1942604664500057e-08 - 7.188519398570601e-09 - -1.020539347851943e-08
B2: 1.9924331712506834e-08 - 1.2254092168126092e-08 - 3.2036057225536907e-08 - -2.2422575503906506e-08
