Number: 9099
Error: 1.1609481857061986e-05
A1: [0.08162420088549535, -0.12063816029777508, 0.001203087424703219, 0.149162234528686] - [0.027788998202287748, 0.15276140314946715, -0.09196326333534718, -0.0009459120813668362] - [-0.01910275168182126, 0.21887798747191362, -0.1303154336954313, -0.08498480644257149] - [0.0547116480470535, -0.07310231141443731, -0.02172368682963443, 0.14928905529713432]
A2: [0.0859069300395551, -0.07614604596872777, -0.12468997675398624, 0.10425430972655651] - [0.12640914543684204, 0.26669218372043435, -0.3872899133780778, 0.0638207762437685] - [0.04144795084124931, 0.46822474783159923, -0.3730634268715752, -0.11656185167063116] - [0.15989749542397524, -0.0282934909246448, -0.1863410809579143, 0.11919401903107396]
B1: -0.005304137828903849 - -0.005686511912246437 - 0.008011953422227287 - 0.001394907402350501
B2: 0.0015922094550493825 - 0.0015394482555530211 - -0.0006189094163048386 - 0.002855846399328308
