Number: 4875
Error: 1.5129696455066249e-15
A1: [0.06621310703286644, -0.1139521526901324, -0.02398402487043425, 0.07172279362600711] - [0.03740257619441163, 0.18819333510349562, -0.14740898210474934, -0.07818704550654292] - [-0.06022929582396823, 0.3289508726413043, -0.12775303580293207, -0.1409682487258237] - [0.03904627211936984, -0.053322578828749266, -0.03741848108661893, 0.051695228836537696]
A2: [-0.009108581743528354, -0.34680319178839214, 0.24945508432109584, 0.10645667364407524] - [0.08003988370818212, 0.03628231939256988, -0.05025004893320538, -0.06607189563069885] - [-0.0424528020370884, 0.23083191031476807, -0.04053122687597811, -0.1478478197059911] - [0.06813479405894628, -0.29346783539006305, 0.14177125723224762, 0.08356187758582433]
B1: 1.196099523281659e-08 - 1.5194605852113353e-08 - 2.373686392630487e-09 - 7.570047626210746e-09
B2: -2.325364229197149e-08 - -3.087997384442901e-08 - -5.757263727984138e-09 - 5.239417562027835e-08
