Number: 8906
Error: 9.804686061363368e-05
A1: [0.05194984308341679, -0.1976977186449929, -0.03133523651892875, 0.10802357188363029] - [0.01633694584752164, 0.12537914284711213, -0.13376660144876462, -0.03677641367350244] - [-0.034679773815414, 0.20217735448601648, -0.14761115755690757, -0.12988741396754824] - [0.01022061458243038, -0.12770562058695475, -0.05747343860080745, 0.11102465013642393]
A2: [0.21185308683701223, 0.15116163558550313, 0.08469829937366666, 0.25911346469299235] - [0.2387119950021405, 0.42036074822575237, -0.26179466950034563, 0.15210172289925075] - [0.03399838055092581, 0.5793857331565692, -0.312507085350458, -0.11259792381640191] - [0.13429349451646866, 0.05066982380722007, -0.12886020255077793, 0.1006086421835316]
B1: 0.020383058226551176 - -0.0022352293618771958 - -0.024489664550406742 - -0.025627630144031695
B2: 0.0019170430498069747 - 0.0011963183059628159 - -0.01249127100104254 - 0.00245536660918441
