Number: 1438
Error: 5.911711707310433e-10
A1: [-0.0072230946203853865, -0.015029677738483066, 0.0029601935611859374, 0.019418221369382545] - [0.06677661520401554, 0.18983620467013343, -0.14678691328525761, -0.10991811603464476] - [-0.11270278702068134, 0.4416701048064697, -0.0709118658676898, -0.25822703877806197] - [-0.023377780514238257, 0.01533582305961368, -0.02994333924519353, 0.03890261073659325]
A2: [0.13161384820700586, -0.22460116780596903, 0.022693834493899005, 0.07018766040470999] - [0.03265415289659776, 0.2037570206385229, -0.11488041515810098, -0.12144972355691229] - [-0.09457653174166383, 0.5555854529479946, -0.23515694968826667, -0.225589670335226] - [-0.020948795673347922, -0.019395509108336786, 0.007997636065661371, 0.032065001257992505]
B1: 1.4643226614213812e-05 - 3.052429980784719e-05 - -7.248909987372945e-06 - 7.481746393682406e-06
B2: 3.101410082206458e-05 - -1.610028150676297e-05 - 5.640156815205306e-05 - -4.209227119510307e-05
