Number: 7449
Error: 1.2525132793757096e-15
A1: [0.08043172104020585, -0.18046777439905048, -0.019588820661194144, 0.11962500808963332] - [0.03741562988561605, 0.1335964360290616, -0.13472613640584913, -0.036285775233184187] - [-0.0017027823170698189, 0.22819015320170696, -0.12282834600321402, -0.10365887353853333] - [0.038863269842105225, -0.11448098323882527, -0.046416406005369386, 0.12203426334390205]
A2: [0.035307360965924545, -0.029273558119382658, -0.07569742800646899, 0.06966332182273986] - [0.1028937608871159, 0.2828967115682695, -0.3926063863701844, 0.006816006701957733] - [-0.011187007282162584, 0.5390146839489075, -0.3594509277419481, -0.16837636687472662] - [0.09786283580461698, 0.01746335305782898, -0.16885097586707043, 0.05352491658799943]
B1: -2.4974346308788343e-08 - 1.6530213249376308e-08 - 3.507469214124848e-08 - 1.4760614755416606e-08
B2: 6.750386759281163e-10 - 1.878595978723285e-09 - 1.0470045491833292e-08 - 2.159808671395596e-09
