Number: 7739
Error: 6.279323940104628e-16
A1: [0.08043165730351719, -0.18046783812852307, -0.01958888432165956, 0.11962494436023119] - [0.037415555182507006, 0.13359636138248765, -0.13472621096009715, -0.03628584989490638] - [-0.001702861880239574, 0.22819007364023144, -0.1228284254498846, -0.10365895308046674] - [0.03886320790371795, -0.11448104500339434, -0.0464164679042755, 0.12203420144401685]
A2: [0.035307416056602384, -0.029273502876333027, -0.07569737562692756, 0.06966337948108296] - [0.10289369223676802, 0.2828966423352892, -0.3926064527679311, 0.006815934815055927] - [-0.011187134780207393, 0.5390145556904024, -0.3594510484217047, -0.16837650122377312] - [0.0978627747424342, 0.01746329171789995, -0.16885103399435558, 0.053524852492632856]
B1: -1.3511550454641408e-09 - -6.055864199201223e-09 - 4.324250690546179e-09 - 3.1076818021573366e-09
B2: 1.3168843469868593e-08 - -2.180490839332089e-08 - 8.88483868092587e-09 - 1.1095986184013409e-08
