Number: 6921
Error: 8.618304004524377e-16
A1: [0.08043167825385064, -0.18046781718055346, -0.019588863396382692, 0.11962496530816813] - [0.03741559340770575, 0.13359639957876113, -0.13472617281107763, -0.03628581169088658] - [-0.0017028152103160268, 0.22819012030916164, -0.12282837884829877, -0.10365890642300539] - [0.03886323183735237, -0.11448102113691491, -0.046416443985895964, 0.12203422536277538]
A2: [0.035307325313573, -0.02927359387035793, -0.07569746190421614, 0.06966328450863721] - [0.10289374077938393, 0.2828966912898734, -0.3926064058181329, 0.006815985646221771] - [-0.011187091756589699, 0.5390145989706362, -0.3594510076988913, -0.16837645588831693] - [0.0978627793032469, 0.017463296299451113, -0.16885102965273344, 0.05352485727997114]
B1: 1.0929161107407154e-08 - -2.3097217036286145e-08 - 2.397494372080062e-08 - -3.5947205849347774e-09
B2: -3.0511556100018166e-09 - 9.734598600305712e-10 - 2.9548934128229437e-09 - 2.399288256990969e-09
