Number: 5053
Error: 8.33145542111067e-16
A1: [0.06621320634999125, -0.11395205559238891, -0.023983925631246985, 0.0717228927764596] - [0.03740257666830361, 0.18819333555627016, -0.14740898163887053, -0.07818704504062543] - [-0.06022934875664952, 0.3289508218022977, -0.12775308759977458, -0.14096830024407014] - [0.039046137250487854, -0.05332270684129269, -0.03741861156780681, 0.05169509941480789]
A2: [-0.009108561841207091, -0.3468031706751494, 0.2494551043844384, 0.10645669451058767] - [0.0800398380052421, 0.03628227015744856, -0.05025009888386762, -0.06607194600550655] - [-0.04245280202869332, 0.23083191032402034, -0.04053122686700955, -0.14784781969671562] - [0.0681347825748422, -0.29346784803454334, 0.1417712447823615, 0.08356186471004531]
B1: 2.6200888331722396e-08 - 7.478736150954167e-09 - 1.2352983945184698e-08 - 1.5545425625150454e-08
B2: 1.4120017826478027e-08 - 2.535758217593317e-08 - -3.0985911563877805e-08 - 2.540733884417134e-08
