Number: 1635
Error: 6.9714823429279e-08
A1: [-0.007550646309465319, -0.015361776091197652, 0.002620031631582372, 0.01907248139062531] - [0.06623011726539223, 0.18931044057404148, -0.14735291550742474, -0.11052516395382313] - [-0.11096227926149017, 0.4433728263259503, -0.069096671591277, -0.2563490823898228] - [-0.024117447464119028, 0.01460485020741529, -0.03069858169814756, 0.03811688480996813]
A2: [0.13284524503809206, -0.2233915165997828, 0.023899947628643302, 0.07138698777319474] - [0.03259275317080845, 0.20369700100936278, -0.11494116704372889, -0.12150948870330364] - [-0.0939776876781269, 0.5561780973484466, -0.2345708864678458, -0.22500297622174897] - [-0.021128749611029306, -0.019583654768473957, 0.007812044778300622, 0.03188501874903271]
B1: 0.00011119066185876479 - -0.0002134679795911983 - -0.00019490323947674026 - -0.00033690173060187665
B2: -1.1654317844740538e-06 - 9.762849297976058e-05 - -0.00020666762299471382 - 0.000263947950664425
