Number: 890
Error: 6.676728997484171e-10
A1: [-0.01225190193943057, -0.01461840339575726, 0.0179783831226364, 0.008477796705503651] - [0.06575135810797342, 0.18941457777388415, -0.14540929113612525, -0.11010194596468285] - [-0.09631457187729314, 0.42176529872343177, -0.05348066723871665, -0.2720607821273504] - [-0.0013515920923052036, -0.0182481551453539, -0.003867137217207494, 0.02334200980025774]
A2: [0.16147453760952288, -0.16786476110407764, 0.008391464151551419, -0.002442318497141726] - [0.03548976107878396, 0.2075207022974337, -0.11720640034619985, -0.12578807593058608] - [-0.08631312262489992, 0.581440657195395, -0.23548557950039012, -0.2600325844889781] - [-0.003856179181982325, -0.004540114650674537, 0.0010892783350445242, 0.0072231224314899395]
B1: 3.7445172129440805e-06 - -7.217835408215422e-06 - 2.2842814309913115e-06 - 4.066096619001407e-06
B2: 4.412764732718886e-06 - -0.0001331890547057893 - 3.482717629453726e-05 - 3.99230014062357e-05
