Number: 81
Error: 0.0002043306139324394
A1: [0.034817327539410366, 0.0356692947298133, 0.07083974753235243, 0.05692752025020224] - [0.10478825984072004, 0.23092613081228114, -0.10876400797560734, -0.0765551628175095] - [-0.059467764176768904, 0.46200411426930477, -0.013220059590817419, -0.2320393155161044] - [0.03752189537665261, 0.02462529341918773, 0.03785330588811712, 0.06401244721282316]
A2: [0.2789571408992089, -0.05370197718076348, 0.12300582958067108, 0.11127766284475514] - [0.09726573922400758, 0.2652700276177599, -0.0599828559106072, -0.0693240557752517] - [0.04007104452680477, 0.7064088729832884, -0.11277508119443018, -0.13735072282133656] - [0.23486842676637862, 0.2333937305589093, 0.23831494175327647, 0.23613671692391547]
B1: 0.020036495724278357 - 0.3554007773703707 - 0.0033307458935203597 - -0.01978218659115444
B2: 0.006110809314051251 - 0.360403014151728 - 0.006376231925525921 - 0.010967414509551134
