Number: 2081
Error: 0.00039423018405946545
A1: [0.1427020056185692, 0.09826401690322674, 0.11341586978020012, 0.12473575810457282] - [0.06375030274037205, 0.1926324456650942, -0.14432464370544332, -0.10821708279403992] - [-0.1800828440790112, 0.39050826208115713, -0.13335143422295456, -0.2760977866518876] - [-0.025537257405284917, 0.0028411166873078095, -0.08682031406110574, -0.04394635015468883]
A2: [0.05514627621611839, -0.2607220179482052, 0.017861480536607157, 0.01534136276305076] - [0.051043247817326914, 0.21565229830293897, -0.10547541534305865, -0.1096799277909588] - [-0.17466410533692095, 0.4504366337709937, -0.3147989820299329, -0.3078601580010273] - [-0.03328028961561477, -0.03639953330262654, -0.034130748651006286, 0.07600083885999462]
B1: -0.005658642124920457 - 0.012648175428723926 - -0.02805615792772138 - 0.01475021717523814
B2: 0.001539955290365087 - -0.003669101120040501 - -0.01690655886431088 - -0.03804196307025802
