Number: 3219
Error: 0.006354380138751542
A1: [-0.06937786220618719, -0.2178350543860781, -0.17659557200032294, -0.09511329369304179] - [-0.13554504167792944, 0.0193667021110505, -0.3101904314915416, -0.22667161714033152] - [0.021983212304135566, 0.5329789896846137, 0.03564844960561567, 0.032881305097906155] - [0.055270539059647156, 0.03699438631879118, 0.021564670136429473, 0.12498090768545886]
A2: [0.5106797885418782, -0.056235083379462286, 0.47927322067433464, 0.26120382186929947] - [-0.01136639541527168, 0.014276369994575308, -0.13693938545937012, -0.22444335156902445] - [0.030481432092206134, 0.33623885638736706, -0.1590579463540415, -0.2850872406810053] - [-0.056718487697229855, -0.3082152685112073, -0.15337969155440762, -0.214640040629149]
B1: -0.2215098342214643 - -0.37995775595971615 - -0.23078274116592545 - -0.19358167702528928
B2: -0.025700499697755966 - -0.3193421131484491 - -0.13150681981159093 - -0.20234766795678497
