Number: 9807
Error: 1.5335072034916834e-15
A1: [0.053172549056445396, -0.14800127206002794, -0.02699904840336898, 0.12182782089769693] - [0.005313687332185449, 0.13083666174974404, -0.11360077625214257, -0.022549795906740295] - [-0.014444473830451159, 0.22309162357668397, -0.12704117685287336, -0.08160593025184032] - [0.027146389011115497, -0.10002010912270531, -0.04942457963409898, 0.12229804913852751]
A2: [0.08925473205955518, -0.07291310017672889, -0.12362715614207018, 0.10728665716761464] - [0.10884177447066457, 0.24981422679102008, -0.4048452447662037, 0.0461895265282806] - [0.03663583476018789, 0.4625550227538886, -0.3777175448669952, -0.12147336568872834] - [0.14342635043413177, -0.04460670577978491, -0.2014996162924145, 0.10267977849998002]
B1: -3.6321263686191766e-08 - -1.0789433264154723e-09 - 2.1699523085405458e-08 - 5.535053092129323e-08
B2: 1.6363072113695878e-08 - 5.41254822956791e-09 - 2.0221308557315398e-08 - -2.10204770485035e-08
