Number: 8358
Error: 1.085712765963564e-15
A1: [0.08043167673332104, -0.18046781870093104, -0.019588864915148236, 0.11962496378778013] - [0.03741561084396339, 0.13359641700186473, -0.13472615540940622, -0.036285794264186315] - [-0.0017028161662475966, 0.22819011935324976, -0.12282837980283025, -0.10365890737866991] - [0.038863222396350025, -0.11448103055142733, -0.046416453420902594, 0.12203421592762802]
A2: [0.035307306341882796, -0.02927361289444832, -0.07569747994251957, 0.06966326465298533] - [0.10289371300797909, 0.28289666328280966, -0.39260643267827033, 0.006815956565543926] - [-0.011187140516023018, 0.5390145499203245, -0.35945105385084514, -0.1683765072677492] - [0.09786281888690815, 0.01746333606312045, -0.16885099197161632, 0.053524898829873165]
B1: -1.756181761786404e-08 - 1.419513603226195e-08 - 3.6059244666607585e-09 - 1.1825452733171988e-08
B2: -4.650383944103313e-09 - 1.9676450532864097e-08 - 4.424788032061157e-09 - -8.324889191244895e-09
