Number: 8202
Error: 7.503017153904244e-16
A1: [0.08043171047688441, -0.18046778496120341, -0.019588831211935956, 0.11962499752748318] - [0.03741558042196615, 0.13359638660289777, -0.13472618577079937, -0.036285824669348196] - [-0.0017028085699552003, 0.2281901269493728, -0.12282837221766973, -0.10365889978441957] - [0.03886324924534606, -0.11448100377779087, -0.046416426589016894, 0.12203424275993367]
A2: [0.03530738689735733, -0.02927353211618449, -0.0756974033512204, 0.06966334896283889] - [0.10289378950040784, 0.28289674042439533, -0.39260635869573585, 0.006816036664186079] - [-0.011187079401403736, 0.539014611399466, -0.3594509960043957, -0.16837644286927972] - [0.09786271072417514, 0.017463227408428744, -0.1688510949357188, 0.05352478529443355]
B1: -2.3447048098756094e-08 - -1.1661842215828665e-08 - 1.9055573862212415e-08 - 4.339144966392037e-08
B2: 1.56463930011488e-08 - -1.7694610803931398e-09 - 1.0460298158077596e-08 - 9.723525770619646e-09
