Number: 9697
Error: 1.7670698166060634e-15
A1: [0.05317249355971728, -0.14800132757751147, -0.02699910383943373, 0.12182776537415252] - [0.005313623922442127, 0.13083659827292551, -0.11360083965349801, -0.02254985940588991] - [-0.014444594917840437, 0.22309150244459178, -0.1270412978447932, -0.08160605138249107] - [0.027146388647850215, -0.10002010948630957, -0.049424579998632076, 0.12229804877424588]
A2: [0.0892546622922346, -0.07291316978328262, -0.12362722433733613, 0.10728658654016976] - [0.10884166159137357, 0.24981411389159167, -0.40484535540957095, 0.04618941174982442] - [0.03663550523075619, 0.4625546949392527, -0.377717866372223, -0.12147369863582085] - [0.14342675391655527, -0.04460630380075216, -0.2014992223266929, 0.10268018796864044]
B1: 6.152033828320546e-08 - 2.42325909457443e-08 - -3.869511535789189e-08 - -2.2417572221769814e-08
B2: -4.1454579209149274e-08 - -1.91162871397543e-08 - 1.8735036501870595e-08 - -4.22101060915297e-08
