Number: 8929
Error: 0.000332956039153294
A1: [0.10831902013276239, -0.15775877098574378, 0.00962156818627771, 0.15280625020025576] - [0.06472496640305103, 0.1645186938196884, -0.09043687973322666, 0.009839120625307063] - [-0.0014895726894891305, 0.22317976555821917, -0.12539657702233337, -0.10518632298678807] - [0.10095818467994344, -0.06112126416317197, 0.0072369847214297685, 0.1807807160497636]
A2: [0.04341295109344564, -0.012205840298980824, -0.08429116513249789, 0.09109324184640491] - [0.1560097265342308, 0.33297337819705025, -0.34712793099808176, 0.07359760763365943] - [0.015946611431529895, 0.5517245736108461, -0.3345741960343611, -0.12260725707273318] - [0.13123416585308836, 0.03917395180839127, -0.13608148284860772, 0.10572471786585913]
B1: 0.01703562517733124 - -0.0045594646662591234 - -0.003787444363815066 - -0.004990689333124635
B2: 0.016145000673272094 - 0.016208782828115092 - 0.01146731878180042 - 0.02017142519210533
