Number: 4726
Error: 1.0365399794916212e-15
A1: [0.06621320544674536, -0.11395205647548824, -0.02398392653381464, 0.07172289187469386] - [0.03740261897083659, 0.18819337597346647, -0.1474089400522505, -0.07818700345032606] - [-0.06022932967536522, 0.32895084012883336, -0.12775306892796925, -0.1409682816726815] - [0.03904629236363995, -0.05332255961372901, -0.037418461501051416, 0.051695248263088044]
A2: [-0.009108852041155968, -0.3468034785315704, 0.24945481183647197, 0.10645639025193875] - [0.08003993992843614, 0.03628237995785181, -0.050249987487725446, -0.06607183366346654] - [-0.04245284948824815, 0.2308318579447971, -0.040531277726494105, -0.14784787218507464] - [0.06813465552636024, -0.29346798792024265, 0.1417711070497211, 0.0835617222654943]
B1: 3.6218354603098577e-08 - 2.9322187982785084e-08 - -3.0311487150502984e-08 - -5.160681076610012e-08
B2: 1.2847503660358116e-08 - 1.686773484313968e-08 - -8.313262211108998e-09 - -5.915745034770054e-09
