Number: 4588
Error: 7.860291509441493e-16
A1: [0.06621315135916196, -0.11395210935440474, -0.023983980578951, 0.07172283787788805] - [0.03740253682033021, 0.18819329748421104, -0.14740902081250354, -0.07818708421772645] - [-0.06022931868972817, 0.32895085067997415, -0.1277530581780658, -0.1409682709806046] - [0.03904608723311274, -0.05332275431597948, -0.037418659958051714, 0.051695051417501296]
A2: [-0.00910847467513731, -0.3468030782056758, 0.24945519225578783, 0.10645678589929386] - [0.0800398285166201, 0.03628225993547143, -0.05025010925444584, -0.06607195646411865] - [-0.042452816752621574, 0.23083189407379934, -0.04053124264575074, -0.14784783598075624] - [0.06813483454683564, -0.2934677908111913, 0.1417713011249445, 0.0835619229801965]
B1: -3.194137121529529e-08 - -1.295957549978364e-08 - -1.455545853153093e-08 - 8.005313578705559e-09
B2: 1.2612841881223938e-09 - -1.844417563836747e-08 - -5.463284647882641e-08 - 1.1563022496880534e-09
