Number: 3991
Error: 9.795672213351967e-16
A1: [0.06621317011128641, -0.1139520910213027, -0.02398396184151373, 0.07172285659857729] - [0.037402648241685335, 0.18819340393976444, -0.14740891127677125, -0.07818697467227469] - [-0.06022944680381459, 0.3289507276334289, -0.12775318354292772, -0.14096839567140987] - [0.03904615589047211, -0.053322689149038774, -0.0374185935343634, 0.05169511730186016]
A2: [-0.009108647631196828, -0.3468032616849699, 0.24945501790042243, 0.10645660456441884] - [0.08003975027382146, 0.03628217564551923, -0.05025019476943529, -0.06607204270522739] - [-0.04245281806878913, 0.23083189262117054, -0.04053124405634775, -0.1478478374364589] - [0.06813470524234802, -0.2934679331810198, 0.1417711609466627, 0.08356177800599647]
B1: 2.288505759878448e-09 - -3.069135999675413e-08 - 2.218893704661114e-08 - -7.490275597916284e-09
B2: -1.3774425082973744e-08 - -1.1166402245313945e-08 - 1.8465244955049542e-08 - -1.2475241469520603e-08
