Number: 4753
Error: 9.18908215928572e-16
A1: [0.06621319549613298, -0.1139520662037316, -0.02398393647661278, 0.07172288194078487] - [0.03740263883917069, 0.18819339495631784, -0.1474089205201506, -0.07818698391649884] - [-0.06022937212772436, 0.32895079935567056, -0.12775311046935175, -0.14096832299064502] - [0.03904610710594419, -0.05332273545341638, -0.03741864073173095, 0.05169507048769026]
A2: [-0.009108423566169987, -0.34680302398718105, 0.24945524377821512, 0.1064568394841463] - [0.08003988098239852, 0.03628231645611754, -0.05025005191234701, -0.06607189863513181] - [-0.04245280824904557, 0.23083190345886123, -0.040531233532983144, -0.147847826576151] - [0.0681347906061709, -0.29346783919173913, 0.14177125348907152, 0.08356187371461939]
B1: -2.7527886406308007e-08 - 4.523695940238386e-08 - 1.6893603618625952e-08 - 1.4366205451208993e-08
B2: 7.1944853023606095e-09 - -3.735527538952863e-09 - 1.2646565025813064e-08 - 3.630728486528257e-08
