Number: 5244
Error: 1.4395920833558445e-15
A1: [0.06621320470664231, -0.11395205719901355, -0.023983927273326874, 0.07172289113584059] - [0.037402587620634434, 0.1881933460205262, -0.14740897087185353, -0.07818703427266423] - [-0.06022948489467458, 0.32895069104884667, -0.12775322081659202, -0.14096843274432985] - [0.03904619137213554, -0.05332265547092131, -0.03741855920686349, 0.051695151350574356]
A2: [-0.009108788735087992, -0.3468034113733604, 0.2494548756546214, 0.10645645662533611] - [0.0800399852380565, 0.03628242876916993, -0.050249937966984376, -0.0660717837222937] - [-0.042452909652297886, 0.2308317915443143, -0.04053134220051978, -0.14784793872390994] - [0.06813464997168933, -0.29346799403589835, 0.1417711010280136, 0.08356171603809055]
B1: -8.763690011991434e-08 - -7.346806628491312e-08 - 6.142356236351435e-08 - 5.441071333565245e-08
B2: -1.0222371905569662e-08 - -1.5015704521210857e-08 - 1.9761056790835996e-08 - -4.877437850324676e-09
