Number: 1876
Error: 5.813620763706881e-07
A1: [-0.008431005128449728, -0.016214324957372076, 0.0017407917724899212, 0.018173472518945542] - [0.06731469233861798, 0.1903577370936396, -0.14622689311930082, -0.10932056448284232] - [-0.10872006797206905, 0.4455789388972331, -0.06681472265557618, -0.25392471178130954] - [-0.022999978279079365, 0.015734021776429154, -0.02962945110334709, 0.03930042470645139]
A2: [0.13260279990089416, -0.22368389310315032, 0.023618856941947947, 0.07111830677260457] - [0.03298139174664259, 0.2040921324771199, -0.11454894728489222, -0.12111748323037269] - [-0.09514890191202131, 0.5550123433231631, -0.23569302978536352, -0.2260767559410162] - [-0.019448940638068648, -0.017962777217778423, 0.009442205252254398, 0.033470594429642016]
B1: 0.0002996886867263806 - 0.0005784121974960228 - 0.0008270832193307174 - 0.00045038843425046265
B2: 0.0010511408823717114 - 0.00031209877513624227 - -0.0011991430762337137 - -9.239397749555625e-05
