Number: 2010
Error: 0.00010143695642278992
A1: [-0.04652240936643397, -0.05580885500560023, -0.04070386509803038, -0.021277295075835236] - [0.06557455386563811, 0.1887176585217314, -0.1483935694320423, -0.11145595713200725] - [-0.12815252265255023, 0.4272565595093061, -0.08817642344790504, -0.27431271219337783] - [-0.06296987551363872, -0.02331060089407303, -0.07086091105875228, -0.0014100511972994362]
A2: [0.14319419447369208, -0.21451960363900477, 0.03579690061867222, 0.08243576100442543] - [0.028010408957964254, 0.1980229386795709, -0.11979250020142086, -0.12656733170896597] - [-0.08475270773539359, 0.5629901610769057, -0.22454793263584888, -0.21641428804654303] - [0.019370365559454587, 0.017964823015745063, 0.04825261197915785, 0.07074017465396325]
B1: 0.008048661794357627 - 0.012243227442396667 - -0.0016813965441144045 - 0.00974825288123296
B2: -0.0051819382772739985 - 0.0171653142739669 - -0.00564516326357734 - -0.007945323957453176
