Number: 9526
Error: 2.2688119332253e-13
A1: [0.05317136775576713, -0.14800245381359622, -0.02700022841191597, 0.12182663903616049] - [0.005313090103751421, 0.1308360638619796, -0.11360137342102056, -0.022550393995279] - [-0.01444514922100579, 0.22309094792210857, -0.1270418517246505, -0.08160660589549668] - [0.027148515591509808, -0.10001798254634638, -0.049422448566504906, 0.12230018111872179]
A2: [0.0892570661296841, -0.07291077152112652, -0.12362487467282002, 0.1072890200130367] - [0.10884077211241727, 0.24981322425668834, -0.4048462272800012, 0.04618850730130407] - [0.03663527021738722, 0.4625544611559703, -0.37771809566477915, -0.12147393608605846] - [0.14342601430384658, -0.0446070406558971, -0.20149994449057052, 0.10267943739312543]
B1: -3.4117447519459466e-07 - -6.304855534432699e-07 - -2.559992113726591e-07 - -3.2145638893368256e-09
B2: 5.272768659099526e-07 - 3.1439411184155633e-07 - 2.8663179235216587e-08 - -8.615930712025057e-07
