Number: 7609
Error: 7.260002000149109e-16
A1: [0.08043173134653989, -0.18046776409388532, -0.019588810367185287, 0.11962501839478792] - [0.037415646558120644, 0.13359645268894668, -0.1347261197665645, -0.03628575856991607] - [-0.0017027756302998016, 0.22819015988833224, -0.12282833932623743, -0.10365886685355105] - [0.03886328087745221, -0.11448097223444878, -0.04641639497705525, 0.12203427437238866]
A2: [0.035307444630276054, -0.029273474223630646, -0.07569734845941424, 0.06966340938649997] - [0.10289372897076321, 0.28289667938104324, -0.3926064172392745, 0.0068159732808886365] - [-0.011187066427657764, 0.5390146244506376, -0.35945098372447415, -0.16837642919836857] - [0.09786282453916102, 0.017463341741131008, -0.16885098659105577, 0.05352490476293893]
B1: 4.297013556291294e-09 - 2.6646281994232185e-09 - 1.5724746730427757e-08 - 1.0338011873336513e-08
B2: 3.1513904921493603e-09 - 5.365095749921767e-09 - 1.261136127656161e-08 - 4.0886703347174885e-09
