Number: 5020
Error: 9.17058288381398e-16
A1: [0.06621317380843927, -0.11395208740675102, -0.02398395814725781, 0.07172286028952418] - [0.03740264478376491, 0.1881934006359925, -0.14740891467614373, -0.07818697807197511] - [-0.060229493883425286, 0.32895068241591446, -0.12775322961233085, -0.1409684414928332] - [0.03904625298252664, -0.05332259699270694, -0.03741849960086559, 0.051695210472624514]
A2: [-0.009108682137797853, -0.3468032982907735, 0.24945498311457295, 0.10645656838636657] - [0.0800398126435686, 0.03628224283568428, -0.0502501266027053, -0.06607197395970638] - [-0.042452872683006994, 0.23083183234574756, -0.04053130258280822, -0.14784789783750688] - [0.06813473910786437, -0.2934678958934519, 0.14177119766008517, 0.08356181597568502]
B1: -2.5263547482107038e-08 - -9.617804615524082e-09 - 6.2449010623446265e-09 - -4.2340192724782266e-09
B2: 1.4489488845551214e-08 - 1.4141713906083576e-08 - -5.782978166121148e-08 - 4.2624211023256503e-08
