Number: 7231
Error: 8.644358198728214e-16
A1: [0.08043170074354784, -0.18046779469340413, -0.019588840933575165, 0.1196249877952968] - [0.03741560073788207, 0.13359640690339153, -0.13472616549550342, -0.036285804364769525] - [-0.0017028418993283495, 0.22819009362072465, -0.12282840549822642, -0.10365893310488958] - [0.03886325234535988, -0.1144810006864636, -0.04641642349096032, 0.12203424585803449]
A2: [0.03530742214466817, -0.02927349677143934, -0.07569736983845689, 0.06966338585288462] - [0.10289374500757545, 0.2828966955539538, -0.3926064017286731, 0.006815990073760388] - [-0.01118706151290614, 0.5390146293947029, -0.35945097907257195, -0.16837642401951253] - [0.09786281633626395, 0.01746333350091822, -0.16885099439969622, 0.05352489615257824]
B1: -1.0488944440917244e-08 - 2.0062958173018562e-08 - 6.398997212946584e-09 - -4.027097787534335e-09
B2: 1.0329941613221276e-08 - 8.482063238093967e-09 - -1.8501658884481488e-08 - 1.3436257471854427e-08
