Number: 6131
Error: 7.964647152085281e-16
A1: [0.0804315808376651, -0.18046791458571015, -0.01958896069608661, 0.11962486790310863] - [0.03741550657823892, 0.1335963128150067, -0.13472625946753583, -0.03628589847225373] - [-0.0017028621909204566, 0.22819007332957406, -0.12282842576011849, -0.10365895339107167] - [0.03886300729767359, -0.11448124504644672, -0.04641666838249564, 0.12203400096265082]
A2: [0.03530744420081119, -0.029273474654295056, -0.07569734886774629, 0.0696634089370338] - [0.10289369881635439, 0.28289664897069217, -0.39260644640421755, 0.006815941704779988] - [-0.011187049337844725, 0.539014641642405, -0.35945096754866884, -0.1683764111901615] - [0.09786277618135442, 0.017463293163356475, -0.168851032624554, 0.053524854002987066]
B1: -3.435744253594636e-08 - 1.0005377361736331e-08 - -4.9531044938368374e-08 - -9.501071254060945e-10
B2: 8.872551860348863e-08 - 9.738417095867703e-08 - -2.469163586650314e-07 - -1.7617410847591787e-08
