Number: 1311
Error: 2.329805796569406e-08
A1: [-0.007677406910048207, -0.015488033698254244, 0.0024885462804975444, 0.01895153519028816] - [0.0665096739808511, 0.18957929203357277, -0.14706297531226759, -0.11021505024728344] - [-0.1129459676941916, 0.4414323686281757, -0.0711644859994614, -0.25849037482893555] - [-0.02398427695425105, 0.014740202674497924, -0.030561353488449697, 0.03826234690164112]
A2: [0.13172895161651763, -0.22448833892025963, 0.02280747373542382, 0.07030030612310978] - [0.03244670449203251, 0.20355283831673646, -0.11508713682010162, -0.12165269326208039] - [-0.0941528302050949, 0.5560027973910472, -0.23474025653990313, -0.22517311111295016] - [-0.02084386622005061, -0.019292607804338162, 0.008102123011268572, 0.03216589966220191]
B1: -7.17363597907068e-05 - 0.00021076029805614004 - 3.2670596832586164e-05 - -6.24015181382377e-05
B2: -5.7939679124881956e-05 - -0.00022302038084203818 - -5.6193550675406976e-05 - -6.203858895475721e-05
