Number: 6979
Error: 1.0957339514068644e-15
A1: [0.0804316882971583, -0.1804678071383829, -0.019588853365080847, 0.11962497535032976] - [0.03741559145729248, 0.13359639762982456, -0.13472617475760332, -0.036285813640218906] - [-0.0017028182417014625, 0.22819011727784108, -0.12282838187524639, -0.1036589094535819] - [0.038863229207495534, -0.11448102375939119, -0.046416446614078004, 0.12203422273455289]
A2: [0.03530744758419632, -0.029273471261548768, -0.07569734565086252, 0.06966341247810587] - [0.1028937743097629, 0.2828967251048305, -0.3926063733879857, 0.006816020757430585] - [-0.011187106025527757, 0.539014584616585, -0.35945102120475314, -0.16837647092400201] - [0.09786280996685515, 0.017463327102538242, -0.1688510004629615, 0.05352488946677731]
B1: 5.999060735439905e-10 - -2.7567554503515643e-09 - -1.8503745122640691e-09 - 1.1939850143031526e-09
B2: 1.083651520212457e-09 - -1.0474401396562197e-09 - 2.769448820364288e-09 - -2.957124923062328e-09
