Number: 7330
Error: 9.651936865823924e-16
A1: [0.0804316892721535, -0.18046780616349964, -0.0195888523912529, 0.11962497632521267] - [0.037415595054023296, 0.133596401223835, -0.1347261711680358, -0.03628581004547912] - [-0.0017028213428087657, 0.22819011417680168, -0.12282838497180912, -0.10365891255385802] - [0.03886324021799079, -0.11448101277979912, -0.046416435610601506, 0.12203423373820296]
A2: [0.03530746474214882, -0.029273454056141065, -0.07569732933730076, 0.06966343043575057] - [0.10289367144698783, 0.2828966213690545, -0.3926064728755294, 0.006815913045102567] - [-0.01118718529685857, 0.5390145048724384, -0.35945109623682914, -0.16837655445492455] - [0.09786283016890801, 0.01746334739648136, -0.16885098123190917, 0.05352491067234484]
B1: 2.357784511009104e-08 - -2.8301804260083784e-08 - -2.1771650566786888e-08 - -1.0820860503531621e-08
B2: -8.178160335359189e-09 - -6.014025714039664e-09 - -1.1383990501694713e-08 - -6.139617503261425e-09
