Number: 6933
Error: 1.1090954053344652e-15
A1: [0.08043165832988622, -0.1804678371022608, -0.0195888832965224, 0.11962494538647994] - [0.03741559753053257, 0.13359640369846734, -0.13472616869646542, -0.03628580757034359] - [-0.0017028028878678786, 0.22819013263134652, -0.1228283665438928, -0.10365889410384613] - [0.03886323854085922, -0.11448101445222096, -0.04641643728666084, 0.12203423206211572]
A2: [0.03530738521232889, -0.02927353380592947, -0.07569740495324111, 0.06966334719918221] - [0.10289371689025595, 0.28289666719799655, -0.3926064289233848, 0.006815960630814411] - [-0.011187080358729758, 0.5390146104364782, -0.3594509969105709, -0.1683764438779943] - [0.09786278189408862, 0.017463298902077883, -0.16885102718641942, 0.053524859999511586]
B1: -5.366547454462153e-09 - -1.681542108757632e-08 - 1.606082055884172e-08 - -3.44042773940372e-09
B2: -2.2736795911672038e-08 - 6.171814201294433e-09 - 1.2055764645471192e-08 - 1.1626590870376324e-09
