Number: 3097
Error: 8.373712634901686e-07
A1: [0.06250135693494321, -0.04889299380214802, -0.024450878317458534, 0.0069018423419149166] - [0.045583879369307426, 0.1930962844657551, -0.14061136124604073, -0.09039705805940937] - [-0.12435984435054724, 0.413862361329473, -0.10584785097316218, -0.18800213888899428] - [0.03742934259436413, 0.01946377141323521, -0.03281210113976388, -0.022655464686676955]
A2: [0.06086098801979844, -0.17617724304058632, 0.08372958599676265, 0.021365174880928497] - [0.030856316713642275, 0.2018345976255076, -0.10012658510724307, -0.12633265151525577] - [-0.09064110174338914, 0.5164064652235894, -0.22283551394841766, -0.1924047351647312] - [-0.015508555480809025, 0.02889020373418557, -0.039906405911236564, 0.06710068615107434]
B1: -9.36384343522246e-05 - 0.0012739680752109884 - 0.0010929667436658966 - -0.0022032242994425646
B2: 0.0005021564822913438 - -0.0006894524357666497 - -0.00010865513619049013 - 0.0005767464558212199
