Number: 2161
Error: 0.0005465715683190088
A1: [-0.07362934761192583, -0.14737104316509855, -0.09711966912053838, -0.08316250521592596] - [0.06020241400989669, 0.18603732049068114, -0.1591066213128123, -0.10163551873017483] - [-0.21337763589218514, 0.3258363164809785, -0.1687368642115573, -0.31853178638982355] - [0.06018282532142689, 0.07261687852100121, 0.028969240616559422, 0.039998439170469885]
A2: [0.011731327644581457, -0.3176015235134214, -0.015533060282939937, -0.057425014247410415] - [0.03448583006597232, 0.2036288136018127, -0.09377458235010469, -0.12628038456986787] - [-0.08677221871866758, 0.5681156103011992, -0.19845471145368423, -0.1697451341568406] - [-0.16518907181769807, -0.0872806881771638, -0.14444345524994287, -0.07428364860499616]
B1: -0.04055741612432187 - 0.004084589727247336 - 0.020086484923201357 - -0.005971228364624825
B2: -0.04536534845982567 - 0.008602236660237019 - -0.014518770202028216 - 0.0051681807896825725
