Number: 6502
Error: 1.322445741195357e-15
A1: [0.08043168654000239, -0.18046780889534064, -0.019588855120139137, 0.11962497359337353] - [0.037415586397926165, 0.13359639257428663, -0.1347261798068905, -0.03628581869678266] - [-0.0017028151066634835, 0.2281901204128154, -0.1228283787447991, -0.10365890631938067] - [0.03886322725709793, -0.1144810257043168, -0.04641644856323119, 0.1220342207853684]
A2: [0.03530744036864418, -0.029273478497059732, -0.07569735251132237, 0.06966340492624984] - [0.10289373395046776, 0.2828966844029978, -0.3926064124229681, 0.006815978495343714] - [-0.011187097443269194, 0.5390145932500455, -0.35945101308146715, -0.1683764618805546] - [0.09786280204777056, 0.01746331914743339, -0.16885100800141967, 0.05352488115431882]
B1: -1.8542448149538483e-09 - 2.3270838756981825e-10 - -8.861843776695201e-10 - 6.574831216490822e-10
B2: 7.780981475652786e-11 - -1.9034138290107115e-09 - 4.420813848174378e-09 - -3.401801039434996e-09
