Number: 3821
Error: 8.958048812886544e-16
A1: [0.06621320181238127, -0.11395206002862375, -0.023983930165304274, 0.0717228882464666] - [0.03740264622315202, 0.18819340201118456, -0.1474089132611491, -0.07818697665683225] - [-0.06022925521163953, 0.32895091164711154, -0.12775299606218074, -0.140968209199037] - [0.03904609349420479, -0.05332274837319849, -0.037418653900655435, 0.051695057425746274]
A2: [-0.009108588531849978, -0.34680319898977174, 0.24945507747794826, 0.10645666652686528] - [0.08003980164492899, 0.03628223098692841, -0.05025013862373264, -0.06607198608276442] - [-0.042452842359239074, 0.23083186581271573, -0.0405312700869679, -0.1478478643007864] - [0.068134754656578, -0.29346787877375197, 0.14177121451650898, 0.08356183340853955]
B1: -1.3073441649882776e-09 - 2.5601244867986574e-08 - 2.0219442687379318e-11 - 5.738215281274049e-09
B2: 8.691139806810896e-09 - 1.5195942034253785e-08 - -2.1114625168922054e-08 - 3.8945753181053254e-08
