Number: 1031
Error: 0.0005637464688271304
A1: [-0.08141267290597906, -0.09829795797098624, -0.07593703257528633, -0.06796449461610196] - [0.05343550679572182, 0.17700417007118557, -0.16063282868034318, -0.12483750688415203] - [-0.26767035653417837, 0.26146277977127563, -0.25218017305365514, -0.4573851735301109] - [-0.24148451605933363, -0.2240639779624554, -0.2619271848756069, -0.216523725155536]
A2: [0.23962501413209628, -0.10465505314051918, 0.1012017494054014, 0.13189210197456178] - [0.05356036989036226, 0.22397532509211796, -0.09520452237674641, -0.10335721190547854] - [-0.08290226170758672, 0.5800277763421885, -0.221093138735445, -0.24000353028520294] - [-0.00744176281886706, -0.007051972338957697, 0.011915313898716272, 0.030497066969269966]
B1: -0.02193129458574241 - 0.005845725222103847 - -0.026902467204713416 - -0.004597417319625311
B2: -0.056978045218935 - -0.016593522634498085 - -0.0219614868122943 - 0.005600216732523752
