Number: 1497
Error: 2.9475462679034627e-09
A1: [-0.007708093446906475, -0.015519221129623955, 0.002455648735081437, 0.01891978090188314] - [0.06658498371617076, 0.18965180094923195, -0.1469850252086549, -0.1101313022463255] - [-0.11293057363929455, 0.4414469154745642, -0.07114903621076261, -0.2584733615581281] - [-0.023895626214183334, 0.014826765502658186, -0.03047169517544489, 0.038356212876950554]
A2: [0.13148840743258577, -0.22472458615607196, 0.022570433593686663, 0.07006505236071807] - [0.03268670958509706, 0.20378904363315975, -0.11484799529995385, -0.12141791547314434] - [-0.09475378488411237, 0.5554106994991301, -0.2353315990800424, -0.2257646925718435] - [-0.021051963571582302, -0.019497419527171756, 0.007895001719430859, 0.03196551518281702]
B1: -4.5512955438310846e-05 - -9.070622516957257e-05 - -4.108761587199147e-05 - -3.346986058935734e-05
B2: -7.510548689042568e-05 - -4.148908009197683e-05 - 2.1970508273420783e-05 - -3.276384103783844e-05
