Number: 7324
Error: 1.1553708491299629e-15
A1: [0.08043168344841965, -0.18046781198657408, -0.01958885820802351, 0.11962497050214398] - [0.03741558978836598, 0.13359639596216272, -0.13472617642320162, -0.03628581530821969] - [-0.0017028262210290162, 0.22819010929868544, -0.12282838984288698, -0.10365891743077632] - [0.038863236360625435, -0.11448101662633925, -0.04641643946550888, 0.12203422988323506]
A2: [0.03530752174459468, -0.029273396896035846, -0.07569727514007579, 0.06966349009496572] - [0.10289366124971104, 0.2828966110852331, -0.3926064827382046, 0.0068159023670669935] - [-0.011187217695283077, 0.539014472280773, -0.3594511269026578, -0.1683765885942594] - [0.09786283455618562, 0.017463351803715, -0.168850977055503, 0.053524915277556]
B1: 4.122751887967691e-08 - -3.099260696988135e-08 - -3.360587064142929e-08 - -2.8619055818900492e-09
B2: -8.107516247007478e-09 - -4.552534088394597e-09 - -1.1155861344096518e-08 - -4.460483557882518e-09
