Number: 3781
Error: 5.85842555546497e-16
A1: [0.06621325492729206, -0.11395200810066758, -0.023983877092081524, 0.0717229412722314] - [0.03740264775380985, 0.18819340347362506, -0.14740891175639606, -0.07818697515194341] - [-0.060229283204442145, 0.3289508847615727, -0.12775302345428619, -0.14096823644381126] - [0.03904619998557105, -0.05332264729564318, -0.03741855087384515, 0.05169515961600771]
A2: [-0.00910855407243092, -0.3468031624336829, 0.24945511221618927, 0.10645670265571576] - [0.08003983292939446, 0.03628226468927035, -0.05025010443157809, -0.06607195160027719] - [-0.04245275330754965, 0.23083196409577705, -0.04053117465559673, -0.14784776581288178] - [0.0681347751582306, -0.2934678562005172, 0.14177123674229808, 0.08356185639470551]
B1: 3.095269532020939e-08 - 2.4014127888341725e-08 - 1.3356959181616034e-08 - 1.5933516978408095e-08
B2: 6.298968660525044e-09 - 2.6432775286023178e-08 - 7.882362674237214e-09 - 5.562233880320439e-08
