Number: 7708
Error: 1.040185545425032e-15
A1: [0.08043167631748674, -0.1804678191167063, -0.01958886533042508, 0.11962496337202869] - [0.03741559082265184, 0.13359639699565884, -0.13472617539096599, -0.03628581427450405] - [-0.0017028278171951207, 0.22819010770255016, -0.12282839143671397, -0.10365891902651359] - [0.03886322185695811, -0.11448103108931104, -0.04641645395992621, 0.12203421538858479]
A2: [0.035307380613956135, -0.029273538417006424, -0.07569740932538056, 0.06966334238654799] - [0.10289362181993929, 0.2828965713208343, -0.39260652087420134, 0.006815861078398194] - [-0.011187163943443507, 0.5390145263532246, -0.35945107602537096, -0.16837653195406085] - [0.09786276627530542, 0.01746328321225885, -0.16885104205452164, 0.05352484360491292]
B1: 3.0373102160094616e-08 - -1.7488832427389513e-08 - -3.108472052059133e-08 - -8.653605321413095e-09
B2: -2.110673274182771e-08 - -6.167091988004143e-09 - -1.9438081240448045e-08 - -1.9379166934212335e-08
