Number: 3618
Error: 1.7060495085665905e-13
A1: [0.06621402199136207, -0.11395125816476714, -0.023983110645357165, 0.07172370704842651] - [0.03740543329934292, 0.1881960648718492, -0.14740617335115538, -0.07818423650371521] - [-0.060227867859143636, 0.3289522441506506, -0.12775163844795737, -0.1409668589235958] - [0.03904755749470318, -0.053321358811271695, -0.03741723754818419, 0.051696462277362965]
A2: [-0.009106834252635507, -0.3468013380033296, 0.24945684595124293, 0.10645850574670364] - [0.08004040548309922, 0.03628288150800463, -0.05024947866069238, -0.06607132050471573] - [-0.042451026196225095, 0.2308338702239397, -0.04052932384870439, -0.1478458557002456] - [0.06813718497916524, -0.29346520289948136, 0.1417738492345934, 0.08356455824632487]
B1: 8.073408381992719e-07 - 4.5771828926860986e-07 - -6.323205827959627e-07 - 8.84860361979026e-07
B2: 1.6637690156533128e-07 - -5.709715695945907e-07 - 2.392919435935874e-07 - 7.926569701571589e-07
