Number: 4583
Error: 9.881156606762048e-16
A1: [0.06621313925185357, -0.11395212119115566, -0.023983992676757136, 0.07172282579089911] - [0.03740252413032398, 0.18819328535976954, -0.1474090332877531, -0.07818709669407929] - [-0.06022940483277782, 0.3289507679442902, -0.12775314247258937, -0.14096835482174985] - [0.03904610815086782, -0.05332273446162659, -0.037418639720817284, 0.05169507149041545]
A2: [-0.009108586082159384, -0.3468031963910037, 0.24945507994737687, 0.10645666909519616] - [0.08003981452266266, 0.036282244859976, -0.050250124549039245, -0.0660719718885797] - [-0.042452883940918645, 0.23083181992071472, -0.040531314647329376, -0.14784791028838423] - [0.06813491493324295, -0.2934677023023583, 0.14177138827148497, 0.08356201310808248]
B1: -8.164061460613832e-09 - -2.154752764572774e-08 - -3.947619656626741e-08 - 4.1942995743361225e-08
B2: 6.925086196839131e-09 - -1.42963034261685e-08 - -1.8455472302777572e-08 - 1.8570505359161206e-10
