Number: 5737
Error: 0.002986479312481408
A1: [-0.015979680534143854, -0.272924885841384, -0.11989051336455006, 0.022479567464352708] - [-0.05434949688209597, 0.030002413299181324, -0.2379389093424064, -0.1338628134695341] - [-0.12020971628271043, 0.14189599623205845, -0.23459445459472555, -0.21542343524556196] - [-0.06434850720352417, -0.1753552936326983, -0.13470414756608762, 0.0300256397439448]
A2: [-0.11210115482184488, -0.17398766351534536, -0.18442340748686967, -0.09430737929044966] - [-0.08361450560536142, 0.10204516626026837, -0.5648497663709756, -0.2141270904451253] - [-0.16579876393045867, 0.3903831862753705, -0.48466577655960585, -0.3519178578146701] - [-0.07068061242148088, -0.1459664747029958, -0.30482783735878416, -0.14205484348913347]
B1: -0.05241985989247313 - -0.2402465511411585 - -0.08306122493717909 - -0.08757727371602625
B2: -0.10575072446940031 - -0.09195708986390735 - -0.17601783193315962 - -0.12420128322712115
