Number: 9229
Error: 4.505830784072562e-08
A1: [0.05306855451443842, -0.14810724310045073, -0.027104326556791597, 0.12172368068794986] - [0.006808184018826423, 0.13233351450965908, -0.11210527789511315, -0.021051811000806227] - [-0.013245573106326963, 0.22429105730876317, -0.1258430045732715, -0.08040575706611072] - [0.02674451263450752, -0.10042434268258481, -0.04982932046917836, 0.12189532809887038]
A2: [0.08963347480050456, -0.07253150663710332, -0.12325456567515435, 0.10766990220233032] - [0.10902091348005213, 0.2499924765024312, -0.4046702098748681, 0.04637199906968874] - [0.03624573040272895, 0.4621663061320744, -0.3780980162169892, -0.12186692828080752] - [0.14397704595346988, -0.04405582722505505, -0.20095999420400001, 0.10323833393408507]
B1: 3.564270433384279e-05 - 0.00016631901858222422 - 0.00020839495926378677 - -7.002329720574044e-06
B2: 0.0004469395272042197 - -0.00023794037714091544 - 0.00017849030595553408 - 0.0005669283286217199
