Number: 5585
Error: 4.6019242908264345e-08
A1: [0.0662678018967235, -0.11389864511907564, -0.023929334701551414, 0.07177742676170139] - [0.03743013522752405, 0.18821969231812194, -0.14738186519084195, -0.078159932937192] - [-0.060162751701407655, 0.32901486892468196, -0.12768781183206676, -0.14090339285929884] - [0.03908241878318989, -0.053288213645543654, -0.03738342600010474, 0.051729985885850066]
A2: [-0.009016540346028418, -0.34670555773815936, 0.2495479620790187, 0.10655323953156519] - [0.08008154129290829, 0.036327201145211506, -0.050204516601701735, -0.06602597506235129] - [-0.0424887473399868, 0.23079225322896305, -0.04056978488015233, -0.14788759234272245] - [0.06813137621767797, -0.293471588280227, 0.14176752938302528, 0.0835580336959501]
B1: 0.00014962757727398317 - 9.184842520966227e-05 - 0.00010096551172945289 - 9.021485877671635e-05
B2: -9.675018024021703e-05 - -0.0001234716197970498 - -9.918466410140773e-05 - -0.00010099032799186435
