Number: 9990
Error: 1.0728171560616664e-15
A1: [0.053172461751387644, -0.1480013593971046, -0.026999135612095528, 0.12182773355063542] - [0.005313647983055695, 0.13083662235940147, -0.11360081559524556, -0.02254983531130629] - [-0.014444522932479954, 0.22309157445671632, -0.12704122591597203, -0.08160597937133594] - [0.02714637461289064, -0.10002012352108855, -0.04942459406287724, 0.12229803470357059]
A2: [0.0892545664958183, -0.07291326535758508, -0.1236273179755554, 0.10728648956221803] - [0.10884182557458123, 0.2498142779039615, -0.404845194674488, 0.04618957849201] - [0.03663596987232329, 0.46255515716301315, -0.37771741304484463, -0.12147322917528737] - [0.1434265345587353, -0.04460652234093945, -0.20149943651068852, 0.10267996535624777]
B1: -1.1761671047293536e-08 - 9.83838794554188e-09 - -5.089036018977671e-10 - -1.2482575348872539e-08
B2: -4.193935416479173e-09 - -7.457338733899622e-09 - 6.337746390555277e-09 - 8.28184908833301e-09
