Number: 9780
Error: 9.769655760774021e-16
A1: [0.05317250529134854, -0.14800131584121615, -0.02699909212022763, 0.1218277771115025] - [0.005313807662039363, 0.13083678220577535, -0.113600655940536, -0.022549675407234907] - [-0.014444427679875924, 0.22309166974413053, -0.1270411307388634, -0.08160588408481129] - [0.02714644628046015, -0.1000200518534344, -0.04942452224393207, 0.12229810655339782]
A2: [0.08925433030067768, -0.07291350100657658, -0.12362754884907116, 0.10728625045498326] - [0.10884168242053893, 0.24981413472464228, -0.4048453349930982, 0.04618943292936203] - [0.03663587621081169, 0.4625550639888389, -0.377717504425693, -0.121473323808207] - [0.14342631537907205, -0.04460674070429244, -0.20149965052065327, 0.1026797429248342]
B1: -4.422282816137097e-08 - 6.452218997029967e-09 - 1.6632486261994678e-08 - -1.633248590154256e-08
B2: 1.2793702618829383e-09 - -2.95636625018471e-08 - -2.985741258148738e-08 - 8.924617525754848e-09
