Number: 2628
Error: 9.505976120059875e-08
A1: [0.06353584950195118, -0.04776895898391199, -0.023341404102174543, 0.007959203677540185] - [0.04363767521051041, 0.19124665945032446, -0.1425893503791775, -0.09253843426986781] - [-0.1232041954939576, 0.41510811395001407, -0.10460841032483384, -0.18682101974897652] - [0.03695850630996633, 0.01912650446077906, -0.0331736906938462, -0.023091311721871753]
A2: [0.0637779383151996, -0.17335443647777513, 0.08666504679426744, 0.02429240574364162] - [0.02984149037612435, 0.20084202643496532, -0.10116080754017569, -0.12733348522165774] - [-0.09273447219856491, 0.5143451425557585, -0.22493106064456284, -0.19444371436403307] - [-0.024745985268750468, 0.019698727213406403, -0.04911020368378163, 0.05812648751259751]
B1: 0.00017081576498147083 - -0.00014919837168086324 - -4.90896751623338e-05 - -0.0002542877020503369
B2: 0.00011885247496646527 - 0.0005738522297722185 - 5.892490118603467e-05 - 0.00013347714821331446
