Number: 6665
Error: 1.0757257274229825e-15
A1: [0.0804316750060002, -0.18046782042803666, -0.01958886664034996, 0.11962496206068872] - [0.03741558120710713, 0.13359638738739726, -0.13472618498736713, -0.03628582388472661] - [-0.0017028594106284756, 0.22819007610979328, -0.12282842298389557, -0.10365895061152136] - [0.038863231947279336, -0.11448102102729632, -0.04641644387603879, 0.12203422547263441]
A2: [0.03530742699822543, -0.029273491904459166, -0.07569736522374301, 0.06966339093265346] - [0.10289378001623158, 0.2828967308597282, -0.39260636786876957, 0.0068160267329392035] - [-0.011187231129356495, 0.5390144587665732, -0.35945113961821784, -0.16837660275029545] - [0.0978627517256109, 0.017463268596374253, -0.16885105590484656, 0.05352482833242007]
B1: 2.5825228409370477e-09 - 2.7801054982039288e-08 - -3.8413231944381066e-08 - -1.2692747272660649e-08
B2: -2.505404250860685e-09 - 3.678089922279805e-09 - -1.9366757460274133e-08 - 3.786455319135457e-09
