Number: 5755
Error: 0.0013317284217316948
A1: [0.08721303879766026, -0.18409537084463498, -0.01852958581787486, 0.12259098736083696] - [0.09281823627945224, 0.16500109232143895, -0.09206019771908618, 0.010657603938269351] - [-0.12375125208202462, 0.12048033916268908, -0.2403836575311546, -0.22264933935087783] - [-0.05708255643915967, -0.18769656907308213, -0.1317979613702584, 0.032664867450479314]
A2: [-0.02173374139848825, -0.08878617643704664, -0.11271153953502708, 0.012345549189335288] - [0.227157723756801, 0.4129221379676861, -0.28411311972355835, 0.12466654865332193] - [-0.01584833293959004, 0.5369650661327355, -0.3587464350177175, -0.1816567958887973] - [0.07798266423453813, -0.0014354101165124315, -0.17936087335375323, 0.027793104036663914]
B1: -0.03148385010305815 - -0.01787092137141778 - -0.02321363517668186 - -0.02101392471795551
B2: 0.03809310563312902 - 0.06622270424721394 - -0.01772291065135132 - -0.06338449956852944
