Number: 6766
Error: 6.376693943918056e-16
A1: [0.08043161241968325, -0.1804678830072646, -0.01958892915183317, 0.11962489948151941] - [0.0374155387032275, 0.13359634491568753, -0.13472622740655732, -0.03628586636506189] - [-0.0017028696849409166, 0.22819006583570003, -0.12282843324316464, -0.10365896088309179] - [0.038863178834683654, -0.11448107399083716, -0.04641649695479142, 0.1220341723930486]
A2: [0.03530744585043624, -0.029273473000105694, -0.07569734729930422, 0.06966341066353983] - [0.10289374120533662, 0.2828966917194402, -0.39260640540615616, 0.0068159860922551154] - [-0.01118709920651597, 0.5390145914762787, -0.3594510147504087, -0.16837646373855955] - [0.09786281245841486, 0.017463329605431382, -0.168850998091159, 0.053524892082105244]
B1: -1.380220537056912e-08 - -1.5754932370325577e-08 - -1.2376459758755642e-08 - -1.4518154575590622e-08
B2: -2.9693078503297777e-08 - -1.513491075364915e-08 - -1.4674820028369586e-08 - -1.4025351967246657e-08
