Number: 1262
Error: 1.2687778610461262e-08
A1: [-0.007673275660300211, -0.015483719594829479, 0.002492913190909067, 0.018955665163229857] - [0.06688627620389791, 0.1899417523112145, -0.14667388463781889, -0.10979606559942194] - [-0.11291333198600215, 0.4414649794913163, -0.07112976169365147, -0.25845551437588227] - [-0.023605020580294532, 0.015113266936644972, -0.03017421103906221, 0.03866226244781859]
A2: [0.1320538138185517, -0.2241686190410267, 0.023127305989318607, 0.07061826927069606] - [0.033008224581704645, 0.2041053151485368, -0.11452779914945418, -0.12110318121750659] - [-0.0940539968651366, 0.5561016915068739, -0.23464345170698198, -0.22507541408554707] - [-0.02029233406183789, -0.018749249216512255, 0.008650058552345503, 0.03269671302750436]
B1: -1.1122737921369259e-05 - -0.00025199271374324624 - -2.1804274753665986e-05 - -0.00012176328426252805
B2: -0.0001203365845414643 - -0.00028926844928331777 - -0.00012021370060893527 - -6.125864062293418e-05
