Number: 5488
Error: 2.4003135023918284e-13
A1: [0.06621267182770017, -0.11395257817021291, -0.02398445973424484, 0.07172235915144963] - [0.03740262381851362, 0.18819338060531102, -0.1474089352856993, -0.07818699868306028] - [-0.060229060485786974, 0.3289510986679749, -0.12775280551537202, -0.14096801967627415] - [0.039045543077132774, -0.053323270815469906, -0.03741918642726263, 0.05169452922317984]
A2: [-0.009109126359801165, -0.3468037695382577, 0.24945453529728076, 0.10645610263871481] - [0.08004052704804893, 0.03628301245276503, -0.050249345798419574, -0.06607118652881735] - [-0.04245152451834417, 0.23083332025528933, -0.04052985784122414, -0.1478464068198265] - [0.06813627924010261, -0.2934662001506054, 0.14177286730491626, 0.08356354274435482]
B1: 2.0381818461007443e-07 - -9.955214561785964e-07 - -3.3340561450443024e-07 - -4.613183987954038e-07
B2: 2.3152026311533992e-07 - 1.2364419079807155e-08 - -8.390371846055372e-09 - -2.7205733651565173e-07
