Number: 7577
Error: 9.163501705969014e-16
A1: [0.0804317201349584, -0.18046777530419733, -0.019588821565360928, 0.11962500718448701] - [0.03741561548843992, 0.1335964216427807, -0.13472615077433878, -0.03628578962238624] - [-0.0017027732491965715, 0.2281901622693844, -0.12282833694862019, -0.10365886447308315] - [0.038863260058687364, -0.11448099299478896, -0.04641641578255417, 0.12203425356656292]
A2: [0.03530742056058082, -0.029273498359898162, -0.0756973713445934, 0.06966338419497381] - [0.10289374017694589, 0.2828966906823326, -0.39260640640079647, 0.006815985015392601] - [-0.011187146926134598, 0.5390145434720301, -0.35945105991810083, -0.1683765140223496] - [0.09786277119372006, 0.017463288153044005, -0.16885103737250304, 0.05352484876763764]
B1: 1.3630277895924896e-08 - 1.5023652291773956e-08 - 2.3307265909990514e-08 - 1.9787629247030352e-08
B2: 1.4790210564101314e-08 - 1.1151762398774047e-08 - 2.2044838373683697e-08 - 9.83391129918821e-09
