Number: 7884
Error: 9.208529543364528e-16
A1: [0.08043164639450084, -0.18046784903630492, -0.019588895217634867, 0.11962493345245898] - [0.03741562744492666, 0.1335964335902069, -0.134726138841673, -0.0362857776725237] - [-0.0017028278812026645, 0.22819010763854208, -0.12282839150062887, -0.10365891909050458] - [0.038863192323784934, -0.11448106053960654, -0.04641648347428554, 0.12203418587376409]
A2: [0.03530727185909061, -0.029273647472658613, -0.07569751272826, 0.06966322856293275] - [0.10289365210226589, 0.2828966018601763, -0.3926064915855201, 0.006815892788408498] - [-0.011187007853829938, 0.5390146833738213, -0.3594509282829745, -0.16837636747718598] - [0.09786277067343604, 0.017463287630395525, -0.16885103786778555, 0.053524848221519136]
B1: -3.8498829469122714e-08 - -1.6514550769871893e-08 - 5.0094614903635655e-08 - 4.575756495922286e-09
B2: -3.032643168101975e-08 - 5.216439187847361e-08 - -1.3631756457203246e-08 - -2.1798981812695085e-08
