Number: 8210
Error: 9.35241276469753e-16
A1: [0.08043169964447387, -0.18046779579238703, -0.019588842031394927, 0.11962498669630815] - [0.03741559039417178, 0.13359639656755645, -0.1347261758184622, -0.03628581470266499] - [-0.0017028124834695308, 0.22819012303594213, -0.1228283761254542, -0.10365890369689006] - [0.03886324205748168, -0.11448101094548382, -0.046416433772302014, 0.12203423557653505]
A2: [0.03530733442847926, -0.029273584730174267, -0.07569745323805538, 0.0696632940485677] - [0.10289371682777493, 0.28289666713500117, -0.39260642898381876, 0.006815960565417462] - [-0.011187058715908242, 0.5390146322083348, -0.35945097642508694, -0.16837642107229353] - [0.09786287525823126, 0.0174633926908606, -0.16885093830967443, 0.05352495800131614]
B1: -2.6987483518066487e-08 - 4.5484527696820314e-09 - 9.472498767737356e-09 - -2.520288619707263e-08
B2: -9.292500794164276e-09 - -1.0505483887879863e-08 - -5.218316838174288e-09 - -1.070249823188049e-08
