Number: 6235
Error: 9.0895121270095e-16
A1: [0.08043165997364518, -0.180467835458685, -0.019588881654729703, 0.11962494703005323] - [0.03741556991256467, 0.1335963761014063, -0.13472619625940455, -0.03628583517300914] - [-0.0017028302410906971, 0.2281901052787137, -0.12282839385706786, -0.10365892144976636] - [0.038863218871877006, -0.11448103406600227, -0.046416456943110036, 0.12203421240536173]
A2: [0.03530743953512556, -0.02927347933288596, -0.07569735330381598, 0.06966340405388] - [0.10289372135901585, 0.2828966717046799, -0.3926064246012521, 0.006815965310242762] - [-0.011187114954029945, 0.5390145756348412, -0.3594510296557715, -0.16837648033227418] - [0.09786279126533358, 0.017463308315949676, -0.16885101826559343, 0.053524869836259405]
B1: -1.8780299832056118e-09 - -8.42562020210879e-09 - -9.700242967918293e-09 - -5.627560012558562e-09
B2: -1.1042962837316463e-08 - -1.5116738190845604e-08 - 1.4087510142411728e-09 - -5.402621929493023e-09
