Number: 1149
Error: 6.246876839427425e-07
A1: [-0.007544972285110484, -0.015330846588220766, 0.0026498255001973937, 0.01907957916725501] - [0.0694180663360616, 0.1923678281594301, -0.14405867310178694, -0.10696737499339136] - [-0.11391956753174197, 0.4405228779052681, -0.0721631879168879, -0.2595435804901274] - [-0.023323356161728356, 0.015392105689155083, -0.029808805933992676, 0.038986712980508195]
A2: [0.1265929874949603, -0.22955964432069878, 0.017768738589181637, 0.06528988152617013] - [0.03495073071035092, 0.20603193015537866, -0.11259413432028988, -0.11920544071994547] - [-0.1018710684586799, 0.5483964371020816, -0.24229890856331848, -0.23278068387724063] - [-0.029878280631564013, -0.028249325926264487, -0.0008603968076979846, 0.023473616298460093]
B1: 0.00038899469957114974 - 0.0013372410594168864 - -3.6216384801578344e-05 - 0.0015095881008594736
B2: 0.0009100424789665689 - 0.0018007261297345225 - 0.0014030866527221257 - -0.000486972848153305
