Number: 8312
Error: 1.0622650533186303e-15
A1: [0.08043163934486683, -0.18046785608516003, -0.019588902258905378, 0.11962492640358391] - [0.03741562758844181, 0.13359643373367774, -0.1347261386982892, -0.03628577752898297] - [-0.0017028293309915828, 0.22819010618878022, -0.1228283929483052, -0.10365892053991123] - [0.03886317778882049, -0.11448107503378212, -0.04641649800001604, 0.12203417134780999]
A2: [0.035307357485978776, -0.029273561608898782, -0.07569743131525937, 0.06966331818071668] - [0.10289364121307856, 0.28289659087858393, -0.392606502117434, 0.006815881385898217] - [-0.011187071714117657, 0.5390146191325876, -0.35945098872819986, -0.16837643476894038] - [0.09786291228836919, 0.017463429889421175, -0.1688509030592921, 0.05352499687080211]
B1: -6.107771513828631e-09 - -5.058563763709536e-09 - 2.1372101552721804e-08 - 4.845183484805853e-08
B2: -1.1748481498901296e-08 - 5.076251466747594e-08 - -6.950533099370172e-09 - -8.463521419137434e-09
