Number: 9512
Error: 6.202107453596632e-14
A1: [0.05317221934292756, -0.14800160191414075, -0.026999377765738936, 0.12182749103063926] - [0.005312315915319128, 0.13083528887059154, -0.1136021474852013, -0.022551169268189678] - [-0.01444562590654884, 0.22309047106663202, -0.1270423280300306, -0.08160708274837436] - [0.0271433487503058, -0.10002314935036088, -0.049427626277417286, 0.12229500118013155]
A2: [0.08925029794537045, -0.07291752403885776, -0.12363149034438783, 0.10728216841515421] - [0.10884110572285915, 0.24981355792836846, -0.4048459002744414, 0.04618884653119967] - [0.036635270929372035, 0.46255446186810045, -0.3777180949666857, -0.1214739353587227] - [0.14342611338765474, -0.04460694193837012, -0.20149984774202132, 0.10267953795106464]
B1: -1.3602373524704335e-07 - -1.8252946143632267e-07 - -5.414493461446605e-07 - -7.339105160679214e-07
B2: -4.884977213193953e-07 - -4.795386603260128e-07 - -4.600065533936792e-07 - 3.5672289686961866e-07
