Number: 5967
Error: 2.7366862135141107e-11
A1: [0.08041080495134315, -0.18048868802671122, -0.019609710311463968, 0.11960409520221245] - [0.03741867314064101, 0.13359947644656212, -0.13472310107010138, -0.03628273474213389] - [-0.0017169268307596253, 0.22817600916735215, -0.12284246897144144, -0.10367301386963855] - [0.038852473825936325, -0.11449174852443723, -0.04642719395052632, 0.122023474633348]
A2: [0.035254467538307056, -0.029326600442374052, -0.07574771917159381, 0.06960796314263482] - [0.10287328494071567, 0.2828760597174478, -0.3926261914418975, 0.006794564851191331] - [-0.011144945894468893, 0.5390569966090406, -0.35941111591153263, -0.16833204544245162] - [0.09786618944044453, 0.017466721340715002, -0.16884778372804837, 0.05352843686517779]
B1: 4.026707964923943e-06 - 7.30128145516923e-06 - -5.993380210735239e-07 - -2.477833830396183e-06
B2: -9.145038627513133e-06 - 1.0559146072987975e-05 - 5.808643382748386e-06 - -2.6772793654962387e-06
