Number: 6145
Error: 1.2814799209192662e-15
A1: [0.0804315737594587, -0.18046792166310868, -0.019588967765829322, 0.11962486082571294] - [0.037415490442232954, 0.13359629669122042, -0.13472627557138966, -0.036285914599319034] - [-0.0017028384149732321, 0.22819009710500768, -0.12282840201898176, -0.1036589296214695] - [0.03886307139217901, -0.11448118113181327, -0.046416604328831566, 0.12203406501732222]
A2: [0.03530746866630057, -0.02927345012113638, -0.07569732560628846, 0.06966343454283609] - [0.1028938196909048, 0.2828967708711286, -0.39260632949596275, 0.006816068278145728] - [-0.011187050222486242, 0.5390146407524868, -0.3594509683860044, -0.16837641212234358] - [0.09786282665121428, 0.017463343862790588, -0.16885098458054665, 0.05352490697993861]
B1: -1.5673623499111985e-08 - 3.593669142653994e-08 - -3.282706359693728e-08 - 3.3758316956460236e-09
B2: 6.34422519128028e-08 - 5.991652929003916e-08 - -1.6426769115885366e-07 - 1.3204176626141876e-08
