Number: 3752
Error: 1.111803768785953e-15
A1: [0.06621316701872489, -0.11395209404475586, -0.02398396493166099, 0.0717228535111961] - [0.037402634302002045, 0.18819339062133575, -0.14740892498055563, -0.07818698837727044] - [-0.06022935318633059, 0.3289508175478605, -0.12775309193441545, -0.14096830455561457] - [0.039046300416756684, -0.053322551970195066, -0.03741845371005643, 0.051695255990848024]
A2: [-0.00910855819911687, -0.34680316681145734, 0.24945510805611598, 0.10645669832910519] - [0.08003980043463732, 0.0362822296830961, -0.050250139946514505, -0.06607198741677862] - [-0.04245286504866712, 0.23083184077122723, -0.040531294401875466, -0.14784788939446716] - [0.06813474177203599, -0.29346789296021336, 0.14177120054841474, 0.08356181896256018]
B1: -1.2551942283243328e-08 - 9.79654872347696e-09 - 2.6972097508441558e-08 - -1.2021549824529855e-08
B2: -4.878677066182856e-09 - -4.460648620579589e-09 - 1.3396948529847521e-08 - 7.570503002367216e-09
