Number: 512
Error: 3.6894828968665496e-13
A1: [-0.01215350144894307, -0.014517280632719239, 0.018087164449162026, 0.008582982348647574] - [0.06583528693924981, 0.18949531045568777, -0.14532251699546145, -0.11000850339457931] - [-0.09629205681163965, 0.4217870730458546, -0.053456229438974, -0.27203454910416913] - [-0.0013215434698776475, -0.018219286427374283, -0.0038351567319239053, 0.02337669363202197]
A2: [0.16158738732849026, -0.16775411929501882, 0.008501986982982084, -0.002332419711087317] - [0.03548542808947001, 0.20751643108585013, -0.11721071841408845, -0.12579231856144932] - [-0.08621399436433298, 0.5815376813124928, -0.23538916419102346, -0.25993600667886957] - [-0.003835117185479846, -0.004519437200552912, 0.0011101085309818137, 0.007243249366546124]
B1: -4.403922355768898e-07 - 4.090476847045294e-07 - -3.6611236532018263e-07 - 7.227542903936445e-08
B2: 1.9163561331360373e-06 - 4.588413944932189e-07 - 4.501923551163447e-08 - -3.600308347813334e-07
