Number: 1384
Error: 3.105228915940988e-10
A1: [-0.007258216100557487, -0.015065059532173443, 0.0029236872177727867, 0.019382191962894157] - [0.0668163529538485, 0.18987443214625518, -0.14674587324038266, -0.10987388010622694] - [-0.11266937897791536, 0.4417029621198864, -0.07087702901188103, -0.25819080929121047] - [-0.023552209953193935, 0.015164441040724305, -0.030121406666145774, 0.03871852036053893]
A2: [0.13152051432021156, -0.22469312537560615, 0.022602101940869045, 0.07009632745410689] - [0.03253918523027747, 0.20364390684758538, -0.11499491184720112, -0.12156218646005254] - [-0.09456236224649982, 0.5555993436584792, -0.235142945241129, -0.22557584879807605] - [-0.02107212739007958, -0.019517192057487427, 0.007875279575049646, 0.03194647888987358]
B1: -2.15410621132464e-05 - 2.1449399345872496e-05 - -3.516619152854256e-06 - -1.186727890153163e-05
B2: -2.4943017792612803e-05 - -3.543532653775029e-05 - -1.0200503023136549e-05 - 1.1353944020694846e-06
