Number: 7694
Error: 8.614335850803454e-16
A1: [0.08043166401597768, -0.18046783141682232, -0.019588877617225466, 0.11962495107192457] - [0.03741555346557481, 0.1335963596668555, -0.13472621267360851, -0.03628585161088705] - [-0.001702846659278679, 0.22819008886086808, -0.12282841025121037, -0.1036589378635689] - [0.03886320940426363, -0.11448104350705866, -0.046416466404685504, 0.12203420294363013]
A2: [0.03530739738881072, -0.02927352159575611, -0.07569739337604868, 0.06966335994323762] - [0.10289367216362884, 0.2828966220917886, -0.39260647218242006, 0.0068159137955621455] - [-0.011187150957246083, 0.5390145394168773, -0.35945106373363916, -0.1683765182700661] - [0.09786276745051127, 0.01746328439281005, -0.16885104093580058, 0.05352484483849513]
B1: 7.492696752477258e-09 - -1.9657418386230414e-08 - -1.5112301980432662e-08 - -7.044764616926441e-09
B2: -7.811754552353166e-09 - -1.1434480663615893e-08 - -1.1836782117456545e-08 - -5.762797951235794e-09
