Number: 5168
Error: 9.338467041194391e-16
A1: [0.0662131799186969, -0.11395208143306026, -0.023983952041827766, 0.07172286638949131] - [0.03740250052517979, 0.18819326280667362, -0.1474090564933891, -0.07818711990176795] - [-0.06022944101900837, 0.32895073318917156, -0.12775317788234486, -0.140968390041025] - [0.039046126783652595, -0.05332271677602412, -0.03741862169416269, 0.051695089370657026]
A2: [-0.009108595099259856, -0.346803205956612, 0.2494550708571483, 0.1064566596414478] - [0.0800398514615509, 0.03628228465372925, -0.050250084176879053, -0.0660719311736742] - [-0.04245277406989747, 0.23083194118093409, -0.04053119690538509, -0.14784778877544166] - [0.0681348170577909, -0.29346781006748324, 0.14177128216497703, 0.08356190337166382]
B1: -2.377257388346562e-10 - -5.070548809814592e-09 - -6.915385858193225e-10 - -4.0191760506702026e-09
B2: -4.500177058385114e-08 - 2.309023862697503e-08 - 2.2441945828455843e-08 - -2.5703457570978076e-08
