Number: 1598
Error: 3.843945275784303e-08
A1: [-0.00779834825174083, -0.015609460418304032, 0.002364022601776831, 0.01882220772589008] - [0.0651632530636649, 0.18828396725555577, -0.14845514153073233, -0.11171225100577281] - [-0.1084960769975322, 0.44579512270915117, -0.06652543158519322, -0.25366992194028365] - [-0.02382083505580129, 0.014898892935012334, -0.030395226396264356, 0.03843176821590429]
A2: [0.13168773361064462, -0.22453178726367, 0.02276521487382527, 0.0702572152780005] - [0.03274014445911059, 0.20384144038349392, -0.1147944596689565, -0.121365319177662] - [-0.09434501564343457, 0.5558142642391313, -0.23492614483476695, -0.22536214078140193] - [-0.02151290207633503, -0.019959591712884705, 0.007430617779401229, 0.0315183964365497]
B1: -0.00013852770618561503 - -0.0008616902286365943 - 0.0005708422138760545 - -0.0004218060186482364
B2: 0.00014921807503610353 - -0.000700484483201941 - -0.00036293082081844584 - 0.00021295062434743787
