Number: 7398
Error: 9.427896291637967e-16
A1: [0.08043169055655452, -0.18046780487924713, -0.019588851108393653, 0.1196249776094658] - [0.03741557533212652, 0.13359638151686462, -0.13472619085063572, -0.036285829756451005] - [-0.0017028127627523265, 0.22819012275667142, -0.12282837640432263, -0.10365890397609287] - [0.038863221174834026, -0.11448103176951563, -0.04641645464162576, 0.1220342147068808]
A2: [0.03530750145865474, -0.029273417238073605, -0.07569729442769771, 0.06966346886354245] - [0.10289375014984666, 0.2828967007398715, -0.3926063967551358, 0.006815995458472905] - [-0.011187120301372432, 0.5390145702555925, -0.3594510347171597, -0.16837648596694] - [0.09786280734860428, 0.017463324472379912, -0.16885100295537142, 0.05352488671846856]
B1: 1.3230676788052189e-08 - -1.2841775554904019e-08 - -1.9090604542295856e-08 - -9.028751584503955e-09
B2: -5.553178978468637e-09 - -1.906212091042416e-08 - -1.6057890301142342e-09 - -1.6100938724533097e-08
