Number: 237
Error: 8.000312273339056e-08
A1: [-0.017867219839781012, -0.020392092045923287, 0.01175830682262183, 0.0024669699273630725] - [0.06808875204782078, 0.19166166659572534, -0.14299247508022433, -0.10749833803174148] - [-0.09029160220472023, 0.42758961585211064, -0.04693251797667878, -0.2650339002895454] - [0.0022139789384645965, -0.01482498741932379, -6.831998926706396e-05, 0.027461143933633338]
A2: [0.16331381079206758, -0.1660545934729692, 0.010204806086679138, -0.0006519957260653865] - [0.03783415324586433, 0.2098299006415154, -0.11486936929106695, -0.12349408165793362] - [-0.08696987402722108, 0.5807886577682843, -0.23614157622578158, -0.2606908322379795] - [-0.004748574125912166, -0.005421437405723717, 0.00019786639237423013, 0.006360716201681229]
B1: -0.00014327320306016427 - 0.00020490827346022095 - 0.0009474752316328091 - 0.00046881891572523395
B2: 0.00032623310571941455 - 0.002315302814389794 - -0.00014281177364243062 - -0.000593445176863125
