Number: 4203
Error: 8.625454279479704e-16
A1: [0.06621316805866082, -0.11395209302805889, -0.02398396389253154, 0.07172285454939753] - [0.03740261619079773, 0.18819337331732097, -0.14740894278524086, -0.0781870061835413] - [-0.06022939140510296, 0.32895078084083357, -0.1277531293330279, -0.14096834175306516] - [0.03904608858620705, -0.05332275303169123, -0.03741865864898743, 0.051695052715963884]
A2: [-0.009108483082969857, -0.34680308712497976, 0.24945518378000706, 0.10645677708428507] - [0.08003983996740464, 0.036282272271219405, -0.050250096739436645, -0.06607194384282349] - [-0.042452859473612534, 0.23083184692423375, -0.04053128842739541, -0.14784788322863301] - [0.06813484870794113, -0.2934677752190966, 0.1417713164772344, 0.08356193885749646]
B1: 2.643193790562549e-08 - -2.033710434348093e-09 - -2.5831281358702556e-08 - 1.8540727160833944e-08
B2: 1.3791423818140169e-08 - 2.1957555313509662e-08 - 8.464525199633112e-10 - -9.648359267202411e-09
