Number: 7228
Error: 9.80818027166322e-16
A1: [0.08043170420416178, -0.18046779123318227, -0.019588837477099472, 0.11962499125551532] - [0.037415605852782224, 0.1335964120144203, -0.13472616039079527, -0.036285799252702935] - [-0.0017028407962866214, 0.22819009472374338, -0.12282840439679917, -0.10365893200214198] - [0.03886325642046822, -0.11448099662279178, -0.046416419418449234, 0.12203424993060984]
A2: [0.03530741269313608, -0.02927350624911281, -0.07569737882485589, 0.06966337596083447] - [0.10289374585471928, 0.2828966964082873, -0.39260640090932675, 0.00681599096084355] - [-0.011187031187175806, 0.5390146599013119, -0.3594509503685988, -0.16837639206424287] - [0.09786282511176056, 0.017463342316331294, -0.16885098604598875, 0.05352490536398981]
B1: -2.139288896913116e-08 - 2.7063230993842514e-08 - 7.155901285369835e-09 - -9.488278490997737e-09
B2: 8.15812478283587e-09 - 5.873990029105283e-09 - -2.255505416552056e-08 - 1.1563184183136203e-08
