Number: 7509
Error: 1.1823247155914165e-15
A1: [0.08043170872179127, -0.18046778671607147, -0.019588832964880572, 0.11962499577262405] - [0.037415608979079015, 0.13359641513834664, -0.13472615727073006, -0.03628579612814136] - [-0.001702796159227612, 0.22819013935984295, -0.12282835982510558, -0.10365888737699851] - [0.038863252469569676, -0.11448100056260882, -0.04641642336683603, 0.12203424598216203]
A2: [0.035307413425165295, -0.029273505515048464, -0.07569737812886154, 0.0696633767269936] - [0.10289377614760571, 0.28289672695827534, -0.3926063716104324, 0.006816022681911477] - [-0.011187062690099099, 0.5390146282104903, -0.3594509801867995, -0.1683764252599657] - [0.0978628444828375, 0.017463361775523066, -0.1688509676059584, 0.05352492569729717]
B1: -9.368801948105909e-09 - 9.950913619415808e-09 - 1.7732072622046755e-08 - 5.424039361468044e-09
B2: 5.647978636180508e-09 - 3.720190736153552e-09 - 1.0348198422561432e-08 - 3.196723536878669e-09
