Number: 3434
Error: 1.936449075522166e-08
A1: [0.06667728078062585, -0.11349912182659669, -0.023521110146700688, 0.07218576791782719] - [0.03800750492192002, 0.18877126815136766, -0.14681417538315836, -0.07759209388147548] - [-0.05992283889634297, 0.3292447704658591, -0.1274536958848263, -0.14067124076980367] - [0.03921549834045917, -0.0531608611898217, -0.037254138431925134, 0.05185750236251408]
A2: [-0.009032210262529077, -0.34672159873105235, 0.24953241075827917, 0.10653869551787877] - [0.08040352052697372, 0.03667399958268999, -0.049853079217260954, -0.06567155758362576] - [-0.041694984304791655, 0.2316678186648437, -0.039719535608062434, -0.147009798722718] - [0.06851205048367784, -0.2930525290755988, 0.14218127116924387, 0.0839861716552066]
B1: -0.0002039727476135555 - 0.0003434321673310021 - -2.5191570775058643e-05 - -7.60398274732013e-05
B2: 4.643565957593152e-05 - -0.00010728845975863707 - -0.00012016102978154484 - -0.00020206603222827938
