Number: 9354
Error: 2.529019135361993e-11
A1: [0.053184483583497456, -0.14798933015022891, -0.02698712514881505, 0.12183976423826554] - [0.0052711085824336595, 0.13079403476036794, -0.11364335045739143, -0.02259243703395633] - [-0.014430206503818202, 0.22310589676100062, -0.1270269200945755, -0.08159165664321705] - [0.027148522204019265, -0.10001797399579772, -0.0494224400307453, 0.1223001907130576]
A2: [0.08926625566531318, -0.07290160584583656, -0.1236158943949078, 0.10729832286803127] - [0.10883198165240204, 0.24980443471965205, -0.40485484504345703, 0.046179571110719735] - [0.036619990916253876, 0.4625392612947729, -0.37773300416441724, -0.12148937356882179] - [0.14338386082674454, -0.04464903517523849, -0.20154110460799263, 0.10263665935628943]
B1: -2.3641084807748532e-06 - -3.6037051952410383e-06 - 6.365298789580819e-07 - 6.137263946640573e-06
B2: -1.1566162191176709e-05 - 8.39456739339256e-06 - 2.1387239957503334e-05 - -1.0676990288568168e-05
