Number: 4460
Error: 1.098780495621254e-15
A1: [0.06621319326803765, -0.1139520683820491, -0.023983938702955312, 0.0717228797164551] - [0.03740262267404642, 0.188193379511622, -0.14740893641170544, -0.07818699980945482] - [-0.06022942008926282, 0.32895075329121165, -0.12775315740171203, -0.14096836967072418] - [0.03904616590867236, -0.05332267964006104, -0.03741858384204747, 0.05169512691551459]
A2: [-0.009108593612378847, -0.34680320437938555, 0.24945507235626338, 0.10645666120020435] - [0.08003979981385677, 0.0362822290143774, -0.05025014062494869, -0.0660719881009537] - [-0.04245280661314479, 0.23083190526433936, -0.0405312317799939, -0.1478478247668722] - [0.06813471090933639, -0.29346792694131946, 0.14177116709028686, 0.08356178435986432]
B1: -7.217202303571926e-09 - -1.369407546626405e-08 - 9.159960432777766e-09 - -1.889435377157205e-08
B2: 2.9382390516883307e-09 - 5.465912194551183e-09 - -2.5003966863082064e-08 - -1.1149533568756473e-09
