Number: 9206
Error: 3.3483931927374524e-07
A1: [0.0520687495492638, -0.14911098096597442, -0.02810453033916196, 0.12071904702679884] - [0.005527982520728685, 0.13105530808483778, -0.11338267696777109, -0.02232988449872296] - [-0.014364098191685583, 0.2231720904358481, -0.1269616091269159, -0.08152426746081842] - [0.025771493695397663, -0.10140090244078223, -0.050805997108331793, 0.1209153663065529]
A2: [0.0902300788208983, -0.07193563871456292, -0.12266937173576759, 0.1082751748937813] - [0.10841030814256429, 0.2493752478306306, -0.40527148758437587, 0.04575204764508632] - [0.036250462271628224, 0.46216504916867535, -0.3780940787611577, -0.12186072199719003] - [0.14278037499179128, -0.045254551432512585, -0.20213137026382633, 0.10202484004259153]
B1: 0.001006016000380873 - 0.0004906123797993093 - 0.000997156051714455 - 0.00036043341754175064
B2: 0.0005002766112608749 - -0.00018372366554940086 - 2.829298935048868e-05 - 0.00046850227292982916
