Number: 9729
Error: 3.432379772870126e-15
A1: [0.053172450992923045, -0.14800137015962347, -0.026999146358856477, 0.12182772278688274] - [0.005313560975216515, 0.1308365352601845, -0.11360090259023858, -0.022549922441947243] - [-0.01444450121839842, 0.22309159617862787, -0.1270412042191893, -0.08160595764959742] - [0.02714630765640743, -0.1000201904772376, -0.049424661160442716, 0.12229796757710995]
A2: [0.08925460533822413, -0.07291322660522412, -0.123627280008373, 0.10728652888382625] - [0.10884183175317426, 0.2498142840835773, -0.4048451886182949, 0.04618958477457321] - [0.03663566729151059, 0.462554856156706, -0.3777177082578336, -0.12147353489429775] - [0.1434265214782044, -0.04460653537289482, -0.20149944928273927, 0.10267995208168704]
B1: 1.673719648987252e-08 - -4.0968812270993865e-08 - -1.0607347249477207e-07 - -3.770773444663139e-08
B2: 1.4439023230170366e-08 - 9.67507565488216e-10 - 2.970896171551217e-08 - -1.3601282305699036e-08
