Number: 106
Error: 0.0005156856854631279
A1: [-0.059578959461335186, -0.06439875842961353, -0.034003456449902617, -0.04119535638713595] - [0.12261491156069518, 0.24638350539097847, -0.08840523235636978, -0.04978772382322011] - [-0.15332554128601375, 0.367730851846489, -0.11504422555791224, -0.3381115805424598] - [-0.057450295944665566, -0.0709007550258939, -0.06270836351715287, -0.04079577152495047]
A2: [0.2390701759010721, -0.0923538737435765, 0.08441206293753395, 0.07281664051438472] - [0.08094846318342641, 0.2503307378302132, -0.0747515143304089, -0.08396170247073755] - [-0.006792931926113276, 0.6603751242528599, -0.15831680888576766, -0.183033264262737] - [0.11674872903596209, 0.11648533138434859, 0.12076440242419802, 0.12269708510213893]
B1: -0.0019441685020781432 - 0.2638441989236326 - 0.000689154542605107 - -0.0098276611336129
B2: -0.004888511663833714 - 0.27789206019068874 - -0.005458186636953986 - -0.005509970050396265
