Number: 8039
Error: 1.2996928309049987e-15
A1: [0.08043174867031253, -0.18046774677207336, -0.0195887930641205, 0.1196250357165877] - [0.03741552574232273, 0.13359633196459192, -0.13472624034158043, -0.03628587931876576] - [-0.001702803652174706, 0.22819013186705572, -0.12282836730707536, -0.10365889486794186] - [0.03886328109864836, -0.11448097201387052, -0.04641639475598684, 0.1220342745934557]
A2: [0.035307497246292334, -0.029273421462092823, -0.07569729843267789, 0.06966346445476304] - [0.10289378563767687, 0.2828967365288828, -0.3926063624317285, 0.006816032619356806] - [-0.011187186438145121, 0.5390145037243343, -0.35945109731716907, -0.16837655565743895] - [0.0978628055301432, 0.01746332264563051, -0.16885100468641678, 0.05352488480966042]
B1: 2.5613061613465953e-08 - 1.9360923319045254e-09 - -3.0135348596738195e-08 - -4.030635888491183e-09
B2: 2.2964090722927376e-08 - -3.872608052701857e-08 - 2.056298402062076e-09 - 1.7268878695629674e-08
