Number: 7858
Error: 6.678179291494644e-16
A1: [0.0804316648152269, -0.18046783061766583, -0.019588876818935896, 0.11962495187108028] - [0.037415657427902906, 0.1335964635504929, -0.13472610891843664, -0.03628574770615478] - [-0.00170283112453924, 0.22819010439527435, -0.12282839473921722, -0.1036589223329759] - [0.03886321317274161, -0.11448103974916007, -0.04641646263861559, 0.12203420670976203]
A2: [0.035307466951885795, -0.029273451840269412, -0.07569732723627444, 0.06966343274845055] - [0.10289374427107752, 0.2828966948112224, -0.39260640244099565, 0.006815989302539538] - [-0.011187038984247027, 0.5390146520577301, -0.35945095774863284, -0.16837640028034778] - [0.09786283838075052, 0.0174633556456835, -0.1688509734147286, 0.053524919292071885]
B1: -4.208926707605293e-08 - -2.1813515899963537e-08 - -8.53080545139555e-09 - -2.0981977225745283e-08
B2: -3.2463920168397416e-08 - -8.517685551806932e-09 - -1.4691485780840394e-08 - -3.718591401832719e-08
