Number: 5455
Error: 3.1405846951424084e-14
A1: [0.06621315375539769, -0.11395210701176937, -0.023983978184697868, 0.07172284027002532] - [0.0374024972270535, 0.1881932596555504, -0.14740905973570587, -0.07818712314435981] - [-0.060229523928823414, 0.3289506535578719, -0.12775325901354279, -0.14096847073559168] - [0.03904608925882679, -0.05332275239324047, -0.037418657998152666, 0.05169505336147064]
A2: [-0.009108963342861006, -0.3468035966038989, 0.24945469963377703, 0.10645627355938397] - [0.08003945988480786, 0.03628186281402227, -0.05025051214691982, -0.06607236277795735] - [-0.04245254576392078, 0.23083219315224177, -0.040530952244928045, -0.14784753627903086] - [0.06813463868128397, -0.29346800646702464, 0.14177108878778447, 0.083561703379611]
B1: -3.02403842368021e-07 - 3.7824464743287476e-07 - 2.539517796177636e-07 - 1.0675380328942994e-07
B2: -3.231575607355017e-08 - -1.5855037012081238e-08 - -1.220913054794466e-07 - -6.811951291845902e-08
