Number: 8885
Error: 0.00046327933506546965
A1: [0.06447371775932059, -0.19393515150309154, -0.03337455617294094, 0.10642198326149939] - [0.018444029114748794, 0.11757121707061877, -0.14980567779602583, -0.05239696502173088] - [-0.03657470425185623, 0.1950335265158493, -0.1552588080288544, -0.13680414624065215] - [-0.021321959522336748, -0.17127030244276387, -0.10388650632076524, 0.06548996246649318]
A2: [0.06368223371908949, -0.0006308489864337088, -0.05023103894064921, 0.09726922261074145] - [0.11595940669489224, 0.2961688418900823, -0.3794566196882419, 0.019666672726474807] - [0.023270352187270974, 0.5721816140201591, -0.32714656075470394, -0.1320878999129702] - [0.1393620447758592, 0.05940168220749659, -0.1288665054387062, 0.0967951876282114]
B1: 0.006660915010418052 - 0.0046420229893232474 - -0.0022122538167407384 - -0.0035869168337823477
B2: -0.030160129442435662 - -0.03354669859187475 - -0.004614125434190659 - -0.004335262228231954
