Number: 2528
Error: 1.8385267568383167e-08
A1: [0.06355881437518097, -0.04774396035723646, -0.023318133572875144, 0.00797922043819514] - [0.043787585458373114, 0.19139060129564603, -0.14243828590237856, -0.09237788227080738] - [-0.12337646758257764, 0.4149364241359252, -0.10478120977867346, -0.18699550289242362] - [0.0369071222658485, 0.019078649651145647, -0.03322349304640525, -0.023142895598592544]
A2: [0.0622608701579325, -0.17487044413463396, 0.08515075759217929, 0.022794310892937607] - [0.028654097386710438, 0.1996726513380089, -0.10234347151905435, -0.12849537296459235] - [-0.09384529800245212, 0.5132555688212187, -0.22604571944386778, -0.19551925726237776] - [-0.025958005052805, 0.018494692440910187, -0.05032649049346285, 0.056945313779011096]
B1: 7.920635808791883e-05 - 0.00010842200519548833 - 6.43702907575263e-05 - -6.953415551399304e-05
B2: 0.0001924075899469611 - 0.00013887823793672324 - 0.00010636042437212794 - 0.00014161469516689687
