Number: 7984
Error: 1.181112878340041e-15
A1: [0.08043169425632989, -0.18046780117989789, -0.019588847413042388, 0.11962498130881827] - [0.03741555735032486, 0.13359636354867718, -0.13472620879655578, -0.03628584772827131] - [-0.0017028362354172752, 0.2281900992845065, -0.12282839984261214, -0.10365892744248946] - [0.03886323836281746, -0.11448101462977356, -0.046416437464587484, 0.12203423188418426]
A2: [0.03530746481139494, -0.029273453986691348, -0.07569732927141458, 0.06966343050817955] - [0.10289368594260108, 0.282896635987706, -0.3926064588555726, 0.006815928224153342] - [-0.011187147572718131, 0.539014542821569, -0.3594510605301346, -0.16837651470365106] - [0.09786278100220663, 0.017463298006133072, -0.16885102803545698, 0.053524859063350555]
B1: 1.2465740690321051e-08 - -8.770392654177823e-09 - -1.2702234329039638e-08 - 1.3469313286085498e-09
B2: -2.0389261086321957e-08 - 3.51346197592958e-08 - -1.3458483166354596e-09 - -1.5538698846892824e-08
