Number: 4548
Error: 1.685636479086352e-15
A1: [0.06621310332873662, -0.1139521563115132, -0.02398402857167665, 0.07172278992807486] - [0.03740254360786762, 0.18819330396924144, -0.14740901413982624, -0.07818707754446412] - [-0.06022913289450705, 0.328951029126089, -0.12775287636976643, -0.1409680901502156] - [0.0390460214554575, -0.05332281674966573, -0.03741872359576017, 0.05169498829653753]
A2: [-0.009108617958029884, -0.34680323020629383, 0.24945504781357059, 0.10645663567512988] - [0.08003983096329385, 0.03628226257123854, -0.050250106580384125, -0.06607195376732818] - [-0.042452936064469426, 0.23083176239398295, -0.040531370504969785, -0.14784796793499957] - [0.06813476812927688, -0.29346786393973034, 0.14177122912201112, 0.08356184851393182]
B1: -2.5952577825438426e-08 - -1.3372009764073217e-08 - -3.7045650762101206e-08 - 1.0464646165516478e-08
B2: -6.388302038354381e-09 - -1.8861218691085128e-08 - -5.366962723331561e-08 - 3.2508980558600154e-08
