Number: 5598
Error: 3.757623362219576e-08
A1: [0.0663742019808342, -0.11379447612722465, -0.02382274856203257, 0.07188395914132642] - [0.037529836623072556, 0.18831503304057956, -0.14728367512239063, -0.07806172409151159] - [-0.06016158975284354, 0.3290161700175167, -0.1276861675114852, -0.14090177384756525] - [0.03901064641652874, -0.05335623003874862, -0.03745251159954509, 0.051661426339793676]
A2: [-0.008616307410237953, -0.34628097475845004, 0.24995169761079084, 0.10697302761845823] - [0.07967492732326216, 0.035889149656797, -0.0506489700840241, -0.06647417959151487] - [-0.043250852103112344, 0.2299511155114398, -0.04138659393251368, -0.14873048974373912] - [0.0669275975623773, -0.2947970448176455, 0.1404622815754988, 0.08220824350345518]
B1: 0.0001470797836580846 - 0.00018486201461065204 - -0.0002796204496424815 - -0.0001267019941432612
B2: -0.00013929822733956066 - -0.0002477883621709975 - -0.00012353284458151164 - -9.265971807186375e-05
