Number: 5600
Error: 2.196840590765066e-08
A1: [0.06632753681481143, -0.11384005220893051, -0.02386935322705758, 0.07183743876181871] - [0.03731758096334508, 0.18811221474000286, -0.14749239367194605, -0.07827046697910787] - [-0.0602791868660841, 0.32890329861351963, -0.12780116245566983, -0.14101609316712427] - [0.0389854507869473, -0.05338007464874813, -0.037476789676557605, 0.05163739040696163]
A2: [-0.00943898419637175, -0.3471537038950628, 0.2491224429123936, 0.10611058309751523] - [0.07941799322145524, 0.03561236703568232, -0.05092978644706394, -0.06675736580537465] - [-0.0423982325486254, 0.2308920604833097, -0.04047301464211228, -0.14778768621406055] - [0.06759916015897885, -0.29405764678554164, 0.1411901852711375, 0.08296104743421831]
B1: -8.21046522562349e-05 - 0.00016358412115005262 - -0.00015730847699977862 - 8.825827954367485e-05
B2: 0.00019745816105440445 - 2.798493685981742e-05 - 0.00014671492424463972 - 0.00014446945538347967
