Number: 2663
Error: 1.5742154412083864e-08
A1: [0.06391342754320206, -0.047395751970344506, -0.022969481454633414, 0.00833070573792105] - [0.04408293996032048, 0.19167699760078033, -0.14213089956146102, -0.09204916473909508] - [-0.12259344989562, 0.4157129281382584, -0.10399830585904993, -0.18621441662072255] - [0.036955378738939136, 0.019120162481911444, -0.0331791458058667, -0.023098325375112038]
A2: [0.06372777050724307, -0.17340086808115493, 0.08661348072990437, 0.024243060532991488] - [0.02953076152805873, 0.20053579779043224, -0.10147042980524168, -0.12763747178248913] - [-0.09284210663372729, 0.5142396914316065, -0.22503854153945554, -0.19454724223709752] - [-0.02532921699380609, 0.019116368296532266, -0.0496926170917913, 0.057560378032046014]
B1: -8.927751746999287e-05 - 1.760295362495381e-05 - -0.00010069873458185249 - -5.631255238388256e-05
B2: 4.655178532517354e-05 - 1.0774039335764032e-05 - -0.00010115286583613654 - 0.00020701729435653105
