Number: 9380
Error: 5.005742196402228e-12
A1: [0.05316642769872587, -0.14800739376931585, -0.027005162071035642, 0.12182169848161352] - [0.005317129287637165, 0.13084010653843872, -0.1135973352750021, -0.022546349700940205] - [-0.014453099008052141, 0.22308299527887177, -0.12704979482592818, -0.08161455779276432] - [0.027138407307354395, -0.10002808915644038, -0.049432576751320005, 0.12229004962587887]
A2: [0.08925133607540144, -0.07291649012901784, -0.12363047661226419, 0.10728321909303068] - [0.10882980803311561, 0.24980225935447528, -0.40485697343129334, 0.04617735952623942] - [0.036646923659939386, 0.4625660538067096, -0.3777067261378514, -0.12146216198789478] - [0.14344490229461024, -0.044588221685577814, -0.20148150141551024, 0.10269860569803829]
B1: -1.315811771345853e-05 - 1.6113285592235516e-05 - -2.958143687763693e-06 - 8.47794992411618e-06
B2: -1.7704850203205593e-06 - -1.2151743871390944e-06 - 5.195882959529295e-06 - 2.1911488319930926e-06
