Number: 2100
Error: 0.00016837003212277134
A1: [0.07286185234143275, 0.03386191014826556, 0.02372945055297626, 0.05942953095169558] - [0.0018780937728180465, 0.13378309369244795, -0.20689712873055643, -0.17506620410524165] - [-0.07871997856310167, 0.4733237903936521, -0.04940009180671184, -0.15513297667189158] - [0.11427649659387672, 0.12037061880951427, 0.04492796690555337, 0.0982862079302294]
A2: [0.19508636007601965, -0.15860478340252934, 0.11139829338956803, 0.09319075041907056] - [0.08499554989131537, 0.24690094802033513, -0.06996405180431955, -0.07862352561413652] - [0.025886429590207247, 0.6012199008908011, -0.14094408621218785, -0.15113190011004174] - [0.04752548608678232, 0.014448922311602877, -0.017753133881290406, 0.09412606367495249]
B1: 0.01613412523618242 - -0.006615292815155535 - 0.012599407812843088 - 0.03481383349395327
B2: -0.0039078575406315316 - 0.017493998663014577 - 0.00044587192756963615 - 0.017601601415931957
