Number: 4122
Error: 1.070689065081328e-15
A1: [0.06621319320973279, -0.1139520684390297, -0.023983938761195006, 0.07172287965826027] - [0.037402630312129925, 0.1881933868092938, -0.14740892890289095, -0.07818699229996175] - [-0.06022943799521761, 0.3289507360935974, -0.127753174923365, -0.1409683870981959] - [0.039046131046000916, -0.05332271273046165, -0.03741861757056071, 0.05169509346084376]
A2: [-0.009108580029475183, -0.3468031899700771, 0.24945508604910405, 0.10645667544115872] - [0.080039849731645, 0.03628228279010468, -0.05025008606767622, -0.06607193308044709] - [-0.04245271556320585, 0.2308320057527056, -0.04053113420731971, -0.14784772406914962] - [0.06813473086699776, -0.2934679049671267, 0.1417711887262793, 0.08356180673601138]
B1: -2.764741115351333e-08 - 1.2103026063565416e-08 - 3.054615829730364e-08 - -2.4831695493152464e-08
B2: -5.6081630057249265e-09 - -6.4813813351232214e-09 - 1.2108095765793586e-08 - -5.953455618445962e-09
