Number: 9629
Error: 2.8688516254926874e-14
A1: [0.0531720233433306, -0.148001797969605, -0.026999573539266575, 0.12182729493090139] - [0.0053136073105290085, 0.1308365816420317, -0.11360085626447715, -0.022549876040243354] - [-0.014444315351021971, 0.2230917821134423, -0.12704101850000615, -0.08160577171457725] - [0.02714624845746967, -0.10002024967764996, -0.04942472048586046, 0.12229790822719261]
A2: [0.08925633429138036, -0.07291150164915293, -0.12362559000809421, 0.10728827915715859] - [0.10884221566945794, 0.24981466806678213, -0.4048448123070708, 0.046189975150116545] - [0.03663656085964343, 0.4625557450758728, -0.3777168364474546, -0.12147263205749922] - [0.14342598724654507, -0.04460706761725206, -0.20149997091660352, 0.10267940992265594]
B1: -1.842231449230177e-07 - 7.491738773362892e-08 - 3.575043425880714e-08 - 4.884904294619206e-07
B2: -1.0285163501443604e-07 - 3.1476924802148486e-08 - -4.576031537165573e-08 - 2.0644449954615602e-07
