Number: 4834
Error: 1.4068376837359567e-15
A1: [0.0662131737455413, -0.11395208746826824, -0.023983958210127145, 0.07172286022670298] - [0.03740260399992212, 0.1881933616697748, -0.14740895476980234, -0.07818701816917945] - [-0.06022926742084445, 0.32895089992094395, -0.12775300800931447, -0.14096822108168838] - [0.039045999959811145, -0.05332283715254105, -0.037418744392036116, 0.05169496766907597]
A2: [-0.009108655836686257, -0.34680327038953845, 0.2494550096284285, 0.10645659596152104] - [0.08003986955436403, 0.036282304144858044, -0.05025006440252371, -0.06607191123136293] - [-0.04245280798766503, 0.23083190374734422, -0.04053123325286335, -0.14784782628708806] - [0.0681348746380694, -0.29346774666914316, 0.14177134458760823, 0.08356196792966804]
B1: -2.0973802646344028e-08 - 3.830392463965251e-10 - 1.2043165809609298e-10 - 3.1409188087312805e-08
B2: 2.5807498955021198e-08 - 1.601810787069897e-08 - 4.708264550999608e-08 - -4.1225108786692664e-08
