Number: 2798
Error: 1.0446793717172047e-08
A1: [0.06345683952200093, -0.04785001279218554, -0.0234216639485661, 0.007877204427613622] - [0.043663774264678566, 0.19127269753364934, -0.1425623608680542, -0.09250985017612724] - [-0.12312424165760262, 0.4151809592817603, -0.1045367686660104, -0.18675148419992205] - [0.03721350746043014, 0.019377562739148355, -0.032922818388779355, -0.022842931253898406]
A2: [0.06374263482925582, -0.1733860855882412, 0.08662469679909202, 0.02425577554578871] - [0.02946804278720217, 0.2004741941379734, -0.10153263481257414, -0.12769867877914334] - [-0.09321951361294598, 0.5138688268702881, -0.22541525109572183, -0.19491362399309317] - [-0.02641511138640479, 0.018035600857262368, -0.0507762769266117, 0.05650158254076389]
B1: -6.233067623088813e-05 - 6.174393745350508e-05 - 1.543308687314523e-05 - 0.00027127883040536525
B2: 3.0795102396189034e-05 - -8.603037007512208e-06 - 0.00011233933571736207 - 8.340099196723721e-05
