Number: 3466
Error: 1.8204355998362582e-09
A1: [0.06605841182032586, -0.11410341768498404, -0.024138633788628204, 0.07156834292285404] - [0.037110660504275576, 0.1879144326889262, -0.14769590117039022, -0.07847404136977632] - [-0.06017506363239161, 0.32900294675865177, -0.127699914115262, -0.14091551627068805] - [0.03896192398659575, -0.053402594490819195, -0.03749996163818425, 0.05161431820400043]
A2: [-0.009017514631212201, -0.34670655433707304, 0.2495469201691498, 0.10655226336490498] - [0.08015001997659026, 0.036400958352919344, -0.05012966835782012, -0.06595046742152029] - [-0.04236502633868006, 0.23092868541657466, -0.04043721716076988, -0.14775081755481526] - [0.0681641339334176, -0.29343553329865985, 0.14180313463103045, 0.08359482056713985]
B1: -8.130830353621744e-05 - -2.5749879795361198e-05 - -1.6393072731790324e-05 - -8.497451180486873e-05
B2: -0.0001810739338368767 - 0.00015234130052858152 - 1.2950821771016604e-05 - -0.00010485395117782789
