Number: 9214
Error: 1.091811143868582e-07
A1: [0.053839957359945054, -0.14733749728428, -0.026334217168866206, 0.12249291728813762] - [0.002858628907554934, 0.12838269985377557, -0.1160518482444259, -0.025003728571864677] - [-0.01342606248380965, 0.22411066318545259, -0.12602410244081072, -0.08058576791000839] - [0.028326136246786735, -0.09884490472314285, -0.048245033696624924, 0.12347809189340164]
A2: [0.08895822054803006, -0.07319928608845559, -0.12391236225464525, 0.1069859803409053] - [0.11045666926434883, 0.25142450133110966, -0.4032641570867826, 0.0478324758386434] - [0.037989508224325605, 0.4638979855254209, -0.37639620287605, -0.12010436933680776] - [0.14533787666580672, -0.04270382279654032, -0.1996324160914889, 0.10461989307506948]
B1: -0.00043412727195694766 - 5.678215805344957e-05 - -9.074077211071685e-05 - 0.00023490730106253256
B2: -0.0006244385778386622 - -0.000561854187228324 - 0.0007189253656354252 - -0.000545373673432672
