Number: 7752
Error: 6.849504544082601e-16
A1: [0.08043167698114517, -0.18046781845312346, -0.01958886466756003, 0.11962496403561182] - [0.03741547733230601, 0.13359628359120648, -0.13472628865518135, -0.03628592770198344] - [-0.0017028595017344146, 0.22819007601868585, -0.12282842307486194, -0.10365895070259633] - [0.038863225319057844, -0.11448102763692797, -0.04641645050003284, 0.12203421884853291]
A2: [0.035307429364779, -0.029273489531348736, -0.07569736297366901, 0.0696633934095187] - [0.10289369594757775, 0.2828966460775923, -0.39260644917888254, 0.006815938700813088] - [-0.011187107309560268, 0.5390145833248959, -0.35945102242011095, -0.1683764722770252] - [0.09786279848100816, 0.017463315564449806, -0.16885101139674727, 0.05352487741038209]
B1: -1.8595136133455063e-08 - -3.601559756719347e-08 - -1.580513095741125e-08 - -1.60803614957019e-08
B2: 2.3474855344468145e-09 - -5.794389183034369e-08 - -1.844846396502497e-08 - 4.671629720496254e-09
