Number: 2369
Error: 1.2031908655373162e-05
A1: [0.05712404632564605, -0.055151975942645586, -0.03096776531291025, 0.00120310671518874] - [0.042937844359871837, 0.19050239316559148, -0.143673924155655, -0.09327413195231873] - [-0.12186720646293032, 0.41704679574689707, -0.10265401253192938, -0.185373314830269] - [0.03839851346620169, 0.0209334106691503, -0.031150966241972288, -0.021648436777708432]
A2: [0.0683429123622122, -0.1684657601210013, 0.09140845299523195, 0.028615468536968117] - [0.024673889485183443, 0.1957167767002391, -0.10634862573742593, -0.1324289771371762] - [-0.10135048742878182, 0.5065404331042542, -0.23295728045018133, -0.20214551773691247] - [-0.027624465645236036, 0.017148467427839927, -0.05144256270612435, 0.0555373638084979]
B1: -0.0036113600063254828 - -0.0024910143086420197 - 0.00044077569131693644 - -0.00376392772533812
B2: 0.0014083784078984963 - 0.0016944477785537765 - 0.0003375900809613271 - 0.0011655076801360504
