Number: 9644
Error: 3.291736619882657e-14
A1: [0.053172374487059144, -0.1480014466955245, -0.026999222781983957, 0.12182764624470653] - [0.005313466723461741, 0.13083644090753815, -0.11360099683030428, -0.022550016825533054] - [-0.01444475460774331, 0.22309134269515196, -0.12704145740959033, -0.08160621112886805] - [0.027145908044809777, -0.10002059008927534, -0.049425061616125844, 0.12229756695054807]
A2: [0.0892534840706567, -0.07291434528051988, -0.12362837601346983, 0.10728539379080043] - [0.10884180557566228, 0.24981425790130327, -0.4048452142772413, 0.04618955815691946] - [0.036635699830465995, 0.4625548885268205, -0.3777176765103665, -0.12147350201709751] - [0.14342629401399912, -0.04460676199161915, -0.2014996713835406, 0.10267972124195945]
B1: 2.59922333959463e-07 - 3.188359247195547e-07 - 2.906111874587542e-07 - 3.3784462882796414e-08
B2: 3.1235861503857407e-07 - 8.496880539920245e-08 - 8.072565792546725e-09 - 8.943067035054115e-08
