Number: 1227
Error: 7.575774649746306e-08
A1: [-0.006088583274513754, -0.01388196029356814, 0.004140540004802908, 0.020581862302348715] - [0.06664209907271236, 0.18970719600609573, -0.14692634180252828, -0.11006756880934877] - [-0.11290384571325315, 0.4414753222834773, -0.07111481480604578, -0.2584458750696109] - [-0.02434933168260785, 0.014383597073114707, -0.03092819944477389, 0.03787380036352893]
A2: [0.1329153922941542, -0.22331957293073967, 0.023972906785837807, 0.07146000987106581] - [0.03335052359813263, 0.2044425171033117, -0.1141872000068799, -0.1207692188504918] - [-0.09187250193992245, 0.5582496824183404, -0.23250201377087854, -0.22293233124994705] - [-0.019061271863234815, -0.017535796572925567, 0.009870005937568002, 0.03388186636129461]
B1: 9.392654805630364e-05 - 0.0007661104022246606 - 0.00015261321998109702 - -0.00023771671414966032
B2: 0.0004104348866823274 - 0.00033580919096618634 - -1.2548828042018085e-05 - -0.00041051620559503154
