Number: 3109
Error: 3.723244907003728e-06
A1: [0.06485655781455044, -0.04659810837946823, -0.022205274914179906, 0.009168629010945522] - [0.04269237575507402, 0.19027229852507224, -0.14361836175623524, -0.09362377296174085] - [-0.12125132336312444, 0.4169061654353858, -0.10280057983138613, -0.1849692243467693] - [0.04172394545291188, 0.023729769101526875, -0.028610901914222282, -0.018364881920274575]
A2: [0.06886663130478349, -0.1681950549951979, 0.09172097029015182, 0.029314999594605987] - [0.030715286741666098, 0.20170145877298537, -0.10025936176382003, -0.12646789819615664] - [-0.10125926016675786, 0.5059972423945757, -0.23349213841621477, -0.20268449728167667] - [-0.026070837864760214, 0.01835473460687885, -0.050478426514310004, 0.05671921727320335]
B1: 0.004858278135545253 - -0.0007034304969381752 - -0.0023953798800595187 - -0.002839471343293782
B2: 0.0001619950940824498 - 0.0015142472211141862 - 0.0003967268124203811 - 0.001521016639914609
