Number: 918
Error: 1.8337974827519172e-09
A1: [-0.012110598818407753, -0.014473359126301981, 0.018134533698301685, 0.008628738492033534] - [0.06584787595474692, 0.1895074127019608, -0.1453094957317932, -0.1099944892975982] - [-0.09637208534994393, 0.4217096430787024, -0.05354310836060716, -0.27212785926517313] - [-0.001014041744472184, -0.017923483691364126, -0.0035078170203045917, 0.023732271178538183]
A2: [0.16160500449579715, -0.16773666802558782, 0.008519351724736156, -0.0023150411991379126] - [0.03550715826035345, 0.20753781191984216, -0.11718907472640783, -0.125771066601567] - [-0.08622751931068476, 0.5815245771682936, -0.23540222874213168, -0.25994904758840576] - [-0.003926578190405476, -0.004609318219882181, 0.0010196255124582025, 0.007155757272211933]
B1: 1.9886588665093635e-05 - -1.8174476729924972e-05 - 9.305973807772474e-06 - -1.1260559242810536e-05
B2: 8.1588849978783e-05 - -1.4530741375385136e-05 - 2.569565214628901e-05 - -0.00011706048045962847
