Number: 3201
Error: 0.03444161041875366
A1: [0.02026457671546032, -0.10970710073647373, -0.0799253282083969, -0.05252304312768661] - [0.038291590700586194, 0.1865758973212905, -0.14973532147340335, -0.10108971905430306] - [-0.31536066283426856, 0.22145366181901177, -0.3001639314024662, -0.37745715399244634] - [-0.30669144629774414, -0.3130226471243698, -0.3643797467928309, -0.3377292599564914]
A2: [0.06982221157696138, -0.13442312854116523, 0.12445887113101786, 0.09299976839949972] - [0.10868022221212618, 0.28441557605734424, -0.015444673254543712, -0.03929782379706763] - [-0.0410401727609769, 0.5751089579336605, -0.16581232915911853, -0.1365132724993248] - [0.11042465392220022, 0.15238428110125932, 0.0833764622066076, 0.17231613821238542]
B1: -0.10968156462620073 - -0.2134849572022608 - -0.13684571022201242 - -0.16227454376734796
B2: 0.11214921867149899 - 0.17056560392262315 - 0.15510419992259217 - 0.17896795622276745
