Number: 6121
Error: 9.731308392657284e-16
A1: [0.08043160154718747, -0.1804678938785378, -0.019588940011329107, 0.11962488861026387] - [0.03741554030549493, 0.13359634651673089, -0.13472622580748558, -0.03628586476368206] - [-0.0017028714259967228, 0.2281900640946908, -0.12282843498167369, -0.10365896262369123] - [0.038862941109824835, -0.1144813110485519, -0.04641673452817101, 0.12203393481593451]
A2: [0.03530736419105528, -0.029273554885350946, -0.07569742493994874, 0.06966332519809569] - [0.10289351234145461, 0.2828964609131435, -0.3926066267602504, 0.006815746438233471] - [-0.01118718407991946, 0.5390145060966389, -0.3594510950848809, -0.1683765531726791] - [0.09786268590029604, 0.017463202471632605, -0.16885111856621748, 0.053524759237214115]
B1: -3.173215471906282e-09 - -3.223609065158219e-08 - 6.827742239898374e-09 - -2.0536709012462492e-09
B2: 1.4398992780693492e-07 - 1.7604417343212728e-07 - -3.152096180263609e-07 - -3.45068074358462e-08
