Number: 9950
Error: 9.741216348796112e-16
A1: [0.053172505330503134, -0.14800131580198053, -0.02699909208102598, 0.12182777715075237] - [0.005313725616096652, 0.1308367000738443, -0.11360073797397689, -0.022549757568805142] - [-0.014444515714510352, 0.22309158167732063, -0.12704121870372967, -0.08160597215080316] - [0.027146536889169317, -0.10001996124508193, -0.04942443144431537, 0.12229819739220231]
A2: [0.08925452608259243, -0.07291330567735899, -0.12362735747824909, 0.10728644865070353] - [0.10884173496922357, 0.24981418728261434, -0.4048452834852399, 0.04618948636218368] - [0.03663587766098773, 0.4625550654314656, -0.3777175030108303, -0.12147332234301464] - [0.14342649507371028, -0.044606561678911624, -0.2014994750643849, 0.10267992528539123]
B1: 3.761631815428945e-09 - -4.697541824272827e-09 - -6.8497146275125484e-09 - -2.038075321336016e-08
B2: -3.0378618890689834e-08 - -1.5643125988962354e-08 - -5.316171395128612e-08 - 4.3386087166130465e-08
