Number: 6507
Error: 8.606021375484633e-16
A1: [0.08043168572582111, -0.18046780970942972, -0.019588855933346888, 0.11962497277928523] - [0.037415583611085004, 0.13359638978955468, -0.13472618258817884, -0.03628582148208008] - [-0.0017028129602877137, 0.2281901225591454, -0.12282837660156597, -0.10365890417357772] - [0.03886322332270311, -0.11448102962767022, -0.04641645249511896, 0.12203421685341886]
A2: [0.03530744009713277, -0.0292734787693221, -0.07569735276947184, 0.06966340464208359] - [0.10289373389874773, 0.2828966843508389, -0.39260641247299105, 0.006815978441185278] - [-0.011187098547939341, 0.5390145921387864, -0.3594510141270611, -0.16837646304458456] - [0.09786280192586568, 0.01746331902497401, -0.16885100811746517, 0.053524881026358336]
B1: -1.3124372963681825e-09 - 6.410203093110685e-10 - -6.474357434017267e-10 - 9.11759696339584e-10
B2: 4.879712754753e-10 - -2.8133309458352533e-09 - 7.288121669194009e-09 - -5.059993654395901e-09
