Number: 5137
Error: 7.348879643813332e-16
A1: [0.06621320806732818, -0.113952053913454, -0.023983923915298716, 0.07172289449087473] - [0.03740262459375763, 0.1881933813458302, -0.1474089345244477, -0.0781869979220384] - [-0.06022952053900207, 0.32895065681459007, -0.12775325569587515, -0.14096846743607724] - [0.03904621369103124, -0.05332263428673835, -0.037418537614144314, 0.05169517276799218]
A2: [-0.009108615430442137, -0.3468032275247515, 0.2494550503615829, 0.10645663832532995] - [0.08003982300378554, 0.036282253996595557, -0.05025011527958336, -0.0660719625404435] - [-0.042452763253898164, 0.2308319531181057, -0.04053118531460722, -0.1478477768133828] - [0.06813478427610432, -0.29346784616142607, 0.14177124662655, 0.08356186661748571]
B1: 8.524218860250499e-08 - -1.2794528469499111e-08 - -4.2742767419991397e-08 - -2.2197993462607778e-08
B2: 3.9094633902773415e-09 - 3.6987882508004445e-09 - 1.3908320611856682e-09 - 8.42034826731058e-09
