Number: 8316
Error: 1.0532322692491669e-15
A1: [0.08043164306023659, -0.18046785237021118, -0.019588898547978302, 0.11962493011852877] - [0.037415631214438166, 0.1335964373569303, -0.1347261350795158, -0.03628577390499127] - [-0.001702826557811099, 0.22819010896190178, -0.12282839017918482, -0.10365891776747019] - [0.0388631829920354, -0.11448106984516937, -0.046416492800116886, 0.12203417654779049]
A2: [0.03530735630237019, -0.029273562795778633, -0.0756974324406209, 0.06966331694194441] - [0.10289365286202927, 0.2828966026264003, -0.3926064908507086, 0.006815893584034462] - [-0.011187119972660408, 0.5390145705862134, -0.3594510344060618, -0.1683764856205396] - [0.09786286110853777, 0.017463378476795317, -0.1688509517792766, 0.05352494314874936]
B1: 1.053259979076932e-08 - -8.06170337506206e-09 - 1.7908082754056447e-08 - 2.0687466269521194e-08
B2: -3.6830321896107365e-09 - 5.708786801354622e-08 - 9.687002915121813e-10 - -1.385615732821764e-09
