Number: 9470
Error: 1.3018457794027543e-13
A1: [0.053172734261330186, -0.1480010868165948, -0.026998863422846697, 0.12182800618854182] - [0.005314334301235443, 0.13083730937586294, -0.11360012939598042, -0.022549148023419452] - [-0.014444228674246367, 0.22309186881308002, -0.12704093189862517, -0.08160568501372188] - [0.027148681965526666, -0.10001781611232383, -0.04942228177902672, 0.12230034799190863]
A2: [0.08925316920684098, -0.07291465939424521, -0.12362868373430064, 0.10728507511566329] - [0.10884122987958238, 0.2498136821183524, -0.40484577856361353, 0.04618897278686969] - [0.036635209169473694, 0.46255440043442203, -0.3777181552097638, -0.12147399775628745] - [0.14342459596287432, -0.044608453713685894, -0.20150132936748066, 0.10267799800066314]
B1: -7.353670005176539e-07 - 4.879948694616595e-08 - -7.949423680592295e-08 - 2.409684903896775e-07
B2: 9.314064581461312e-07 - 2.6919114663676355e-07 - -1.929330731486392e-07 - -3.702751273174185e-07
