Number: 2855
Error: 1.6734914872595554e-08
A1: [0.06361668029432259, -0.04769063259970885, -0.023263071190116995, 0.008036355757305508] - [0.04366084080059445, 0.1912698037574006, -0.1425654054178711, -0.09251280841673121] - [-0.1226326418609686, 0.41567011893492745, -0.10404405295248693, -0.18626100519381095] - [0.03816565189768283, 0.020330563108367658, -0.03197251030686021, -0.02189734835529739]
A2: [0.06361325710251167, -0.17351514219846367, 0.0864934964439456, 0.024125926776437715] - [0.029472562969629926, 0.2004786034407768, -0.10152816223841196, -0.1276942690116821] - [-0.0929776156851109, 0.5141061379778502, -0.22517288653320364, -0.19467943778125724] - [-0.025957786524278086, 0.01849025547602313, -0.05031808961733304, 0.05694705086910965]
B1: 1.2534853211795688e-05 - -0.0002282459983483111 - -0.00010984083300618808 - 9.760102890444819e-05
B2: -0.00023635473815410943 - 5.6255231093668476e-05 - -0.0001374943282631249 - -6.895550906748458e-05
