Number: 5099
Error: 1.3527427519869977e-15
A1: [0.06621323557884791, -0.11395202701672395, -0.023983896425364436, 0.07172292195623042] - [0.037402604846224506, 0.18819336247838445, -0.1474089539377971, -0.07818701733710384] - [-0.06022926862913766, 0.3289508987604321, -0.12775300919167695, -0.1409682222576765] - [0.03904615130169679, -0.053322693504400484, -0.03741859797372876, 0.051695112898506576]
A2: [-0.009108551537997762, -0.3468031597450509, 0.24945511477099752, 0.10645670531294524] - [0.08003976946050936, 0.036282196315206905, -0.050250173799273816, -0.0660720215570226] - [-0.042452775151164045, 0.23083193998761983, -0.04053119806407856, -0.1478477899712764] - [0.06813480260462176, -0.2934678259809655, 0.1417712664964877, 0.08356188716704582]
B1: -2.2214849135794375e-08 - 1.1333053329820627e-08 - -2.581881640153505e-08 - -2.3911987982127528e-08
B2: 8.519156552703611e-09 - -3.128848580772539e-09 - -8.750923101940964e-08 - 9.758884116928692e-09
