Number: 6372
Error: 1.104877524155067e-15
A1: [0.08043171195260207, -0.18046778348561787, -0.019588829737924543, 0.1196249990030716] - [0.03741560664726635, 0.13359641280830226, -0.13472615959789666, -0.036285798458658376] - [-0.0017027906579799928, 0.22819014486097794, -0.12282835433191204, -0.1036588818772217] - [0.038863245059942264, -0.11448100795143364, -0.04641643077173072, 0.12203423857714833]
A2: [0.03530756142037811, -0.02927335711051158, -0.07569723741693515, 0.06966353162007914] - [0.10289376224044723, 0.282896712933079, -0.39260638506127493, 0.006816008119094429] - [-0.011187069026221498, 0.5390146218365907, -0.3594509861841261, -0.16837643193650514] - [0.09786286465055255, 0.01746338203497591, -0.16885094840764933, 0.05352494686688968]
B1: 2.5864332403747445e-08 - 5.618216175114412e-10 - -1.0431916863685106e-08 - 1.2371527634797328e-08
B2: 1.378113830739774e-08 - 1.759876019213152e-08 - 1.1653651765428274e-08 - 7.1251042869860835e-09
