Number: 7337
Error: 9.502419644914475e-16
A1: [0.08043168191360103, -0.18046781352121902, -0.019588859741007006, 0.11962496896750069] - [0.03741558998737193, 0.13359639616101823, -0.13472617622459188, -0.0362858151093238] - [-0.001702830863721928, 0.22819010465609113, -0.12282839447878265, -0.10365892207223028] - [0.0388632329263706, -0.11448102005095674, -0.04641644289757582, 0.12203422645111457]
A2: [0.03530741211819733, -0.029273506825641678, -0.0756973793715076, 0.06966337535910319] - [0.10289369960545784, 0.28289664976650647, -0.3926064456410188, 0.00681594253112574] - [-0.011187144729962732, 0.539014545681296, -0.35945105783936054, -0.16837651170819093] - [0.09786283071929718, 0.01746334794937401, -0.16885098070797405, 0.05352491125007399]
B1: 1.114931977488146e-08 - -1.4703204932507361e-08 - -2.751613376472851e-09 - -1.3847892221486296e-08
B2: -7.115347373350681e-09 - -3.396612110745489e-09 - -1.0924221496615485e-08 - -3.371834647716326e-09
