Number: 2079
Error: 8.259710501828008e-05
A1: [0.06699349331064, 0.02379815907914838, 0.03514418226035359, 0.04907404725859758] - [0.0702425209523869, 0.19877903353744436, -0.13764787125051997, -0.10136548740897462] - [-0.15654151916252956, 0.41189903920200255, -0.1077777218157082, -0.2532054658128146] - [0.010395392968153581, 0.03770856089727869, -0.04771746226042306, -0.005862067155750012]
A2: [0.06451021739902756, -0.2518972667798273, 0.024906964925571186, 0.02403656259336462] - [0.0504819027416241, 0.214926294268006, -0.10606299643581733, -0.11028150314101358] - [-0.18968832889449821, 0.43806163195239406, -0.32947665907211715, -0.3219419514325239] - [-0.01816303871640841, -0.02162339526939154, -0.02010382600696831, 0.08813306734560832]
B1: -0.0024076825241542837 - -0.006611348707243965 - 0.004546774755710872 - -0.0016918399592137083
B2: -0.002430255086140422 - 0.01832150207335117 - 0.010445389146175259 - -0.003173965302210306
