Number: 562
Error: 9.280407157256394e-14
A1: [-0.012153997839426733, -0.01451779047250868, 0.018086615794168377, 0.00858245189824042] - [0.06583549354499774, 0.1894955092023278, -0.14532230338254434, -0.11000827335916348] - [-0.0962938194410298, 0.42178536949124523, -0.053458142105853756, -0.2720366026578266] - [-0.0013217663938257637, -0.01821950082322778, -0.0038353940301542725, 0.02337643596974204]
A2: [0.1615861598945335, -0.16775532361673645, 0.008500784289014823, -0.00233361630460206] - [0.035485742280788074, 0.20751674022691885, -0.11721040554005888, -0.1257920112040502] - [-0.0862134375138021, 0.581538226749805, -0.23538862235301702, -0.25993546366656667] - [-0.0038347971314044295, -0.004519122466111815, 0.0011104253086261164, 0.0072435555715253935]
B1: 3.4066210351305446e-07 - -1.203362947135273e-08 - 6.548633902556342e-08 - 1.0477735721493833e-07
B2: -3.1668975866354315e-07 - 1.5925572166961867e-07 - -3.539769043594782e-07 - 1.0850746528195374e-08
