Number: 52
Error: 0.00046250978677934306
A1: [-0.02202000381456287, -0.024986785929197158, 0.008446069523110748, 0.0006625893712696768] - [0.11589678146056433, 0.24458839600151938, -0.09867078096528752, -0.07680058284412859] - [-0.15117080274054043, 0.36951125089379877, -0.11218848296154962, -0.3286826917830743] - [-0.024062862286863305, -0.035828315675596537, -0.02766487211398392, -0.0032372938513509464]
A2: [0.351868288234816, 0.019795785754029994, 0.19252542794750546, 0.1819390377839362] - [0.12362630675825906, 0.29227946501163715, -0.0359501676090638, -0.044953928508946334] - [0.12537239867506306, 0.7919153124233909, -0.03030061880183066, -0.053558169872828326] - [0.4168579213075906, 0.4149922029800568, 0.4180662298830139, 0.4105710400674969]
B1: 0.037096158436567904 - 0.4166092105273891 - -0.024825167170303697 - -0.04041173529156231
B2: 0.019271176830393776 - 0.4351726352194799 - 0.003364270937637687 - 0.006987995514968719
