Number: 9949
Error: 8.577122858170699e-16
A1: [0.053172501289430775, -0.1480013198445383, -0.02699909611764443, 0.12182777310773091] - [0.0053137239134666255, 0.13083669836942868, -0.11360073967634908, -0.022549759273836265] - [-0.014444532407598777, 0.2230915649781188, -0.12704123538360362, -0.08160598884984949] - [0.02714653479028485, -0.10001996334396229, -0.04942443354762629, 0.12229819528798566]
A2: [0.0892545374944134, -0.07291329429192706, -0.12362734632354232, 0.10728646020323446] - [0.1088417420531711, 0.2498141943678117, -0.40484527654160274, 0.04618949356532062] - [0.03663588131948738, 0.4625550690709291, -0.3777174994414149, -0.12147331864657106] - [0.143426493778906, -0.044606562968893586, -0.2014994763286489, 0.10267992397137583]
B1: 3.9451602734024695e-09 - -5.013824613463569e-09 - -7.77457746890819e-09 - -1.9023020670035994e-08
B2: -2.218453111724339e-08 - -1.0045687222688905e-08 - -3.679165419821514e-08 - 4.3650083928019865e-08
