Number: 8380
Error: 1.1769662352600517e-15
A1: [0.08043171087084076, -0.18046778456726867, -0.019588830818439585, 0.11962499792141076] - [0.03741552465040326, 0.13359633087352282, -0.13472624143123912, -0.03628588041001916] - [-0.001702829512187746, 0.228190106007594, -0.1228283931292301, -0.10365892072104828] - [0.0388632673339891, -0.11448098573988705, -0.04641640851188934, 0.12203426083735053]
A2: [0.03530740301288132, -0.029273515956086533, -0.0756973880287614, 0.06966336582945629] - [0.10289378697462112, 0.2828967378771967, -0.3926063611386236, 0.006816034019308796] - [-0.011187071853199986, 0.5390146189926757, -0.35945098885983784, -0.16837643491550347] - [0.0978628517555694, 0.017463369081287816, -0.16885096068271058, 0.0535249333311916]
B1: -1.163068464149331e-08 - 7.665317559166024e-09 - 6.942624949987404e-09 - 1.834933857373499e-08
B2: 2.140845806088606e-08 - -4.281173925201121e-08 - 9.621989960983213e-10 - 2.7399771526207565e-08
