Number: 4141
Error: 1.0408503050490913e-15
A1: [0.06621317081591684, -0.1139520903324163, -0.023983961137436328, 0.07172285730202739] - [0.037402604867258486, 0.18819336249844812, -0.14740895391714856, -0.0781870173164327] - [-0.06022938835532681, 0.32895078376996967, -0.12775312634870242, -0.14096833878479087] - [0.03904608244382391, -0.05332275886180979, -0.03741866459153776, 0.0516950468216647]
A2: [-0.009108545040549594, -0.3468031528522902, 0.24945512132112826, 0.10645671212514565] - [0.08003983534553687, 0.03628226729214391, -0.05025010179087466, -0.06607194893715453] - [-0.04245289807812249, 0.23083180431789194, -0.04053132979752926, -0.14784792592377952] - [0.0681348415247961, -0.29346778312804433, 0.14177130869002424, 0.08356193080387637]
B1: 3.481033368566475e-08 - -8.799546164575458e-09 - -3.641969098108214e-08 - 2.0869794988964737e-08
B2: 1.960874750362403e-08 - 2.1372717476458542e-08 - -2.042945436525705e-08 - -1.6876987931746283e-08
