Number: 2591
Error: 9.50172171958617e-09
A1: [0.06304025382565058, -0.04826007060342886, -0.023831930449201164, 0.007466316634599111] - [0.04380436848425587, 0.1914085046756548, -0.14241760177839038, -0.09235562244881905] - [-0.1234090015348741, 0.4149065235838391, -0.10481276006026098, -0.18702597982382993] - [0.03678605848518008, 0.018956701241616514, -0.033345321618392515, -0.02326352368197638]
A2: [0.06341930899486302, -0.17371256401038643, 0.08630785736351489, 0.023937157871703085] - [0.029333651427322416, 0.20034148345844333, -0.10166668439172395, -0.12783064803184166] - [-0.09371947706792039, 0.5133771736679767, -0.22591892924177595, -0.1953984626572379] - [-0.026663124163403808, 0.01779106250166026, -0.051030589460669636, 0.05625840609828789]
B1: -0.0002016010911840361 - 9.59685666107181e-05 - 2.564632999678413e-05 - 9.519047880752611e-05
B2: -0.00016565191866807963 - 0.00011687947724611789 - 5.168795339027336e-05 - -0.00011182042234365194
