Number: 7817
Error: 1.1020056893053081e-15
A1: [0.08043165857007618, -0.18046783686210524, -0.019588883056615602, 0.11962494562664527] - [0.03741560751931985, 0.13359641367968897, -0.1347261587275663, -0.036285797587085444] - [-0.0017028524457521938, 0.2281900830745188, -0.1228284160292119, -0.1036589436484979] - [0.03886321010560857, -0.11448104280768087, -0.04641646570378844, 0.12203420364453879]
A2: [0.03530747832205559, -0.02927344043865517, -0.0756973164256539, 0.06966344464855795] - [0.10289381726190573, 0.2828967684215214, -0.3926063318451815, 0.006816065734541379] - [-0.011187127753430701, 0.5390145627590892, -0.35945104177070064, -0.16837649381941958] - [0.09786281622982841, 0.017463333394006023, -0.16885099450099753, 0.053524896040843]
B1: 1.998523543827851e-08 - 6.4246215671621256e-09 - -1.8665991702282074e-08 - 4.515890422461781e-10
B2: 9.876293942926033e-09 - -1.4260795231971467e-08 - 1.823630552078955e-08 - 4.857069849705036e-09
