Number: 8136
Error: 8.952692707877007e-16
A1: [0.08043172150599347, -0.18046777393333718, -0.01958882019600091, 0.11962500855534744] - [0.03741554912519734, 0.13359635532980502, -0.1347262170052322, -0.03628585594880463] - [-0.001702801941909055, 0.2281901335772793, -0.1228283655993243, -0.1036588931581384] - [0.038863238960593495, -0.114481014033677, -0.04641643686720787, 0.12203423248158189]
A2: [0.03530741863755156, -0.02927350028819916, -0.07569737317297776, 0.06966338218233149] - [0.10289374691107311, 0.28289669747361074, -0.3926063998876193, 0.006815992066985364] - [-0.011187111749580524, 0.5390145788583408, -0.3594510266227144, -0.16837647695562258] - [0.09786275484323569, 0.017463271728154563, -0.16885105293715552, 0.05352483160499229]
B1: -9.415234772695281e-10 - -4.691577384822891e-09 - 1.15353394305191e-08 - 1.8973779717331954e-08
B2: 2.8359020048975907e-08 - -2.3704289782638155e-08 - 9.071706533206917e-09 - 1.0683339684900569e-08
