Number: 9243
Error: 1.2651911435342645e-08
A1: [0.05287787228361382, -0.14829681899128408, -0.027293875139134678, 0.12153328010749435] - [0.004154738357739539, 0.12967666398587918, -0.11475939038803305, -0.023710067544640983] - [-0.015134621574754342, 0.2224010674094457, -0.12773081915839468, -0.08229594390084083] - [0.02694793717553022, -0.10021952978454762, -0.049624229394405334, 0.12209959663194891]
A2: [0.08898473282754028, -0.07318135206625527, -0.12389036272032838, 0.10701341237426276] - [0.10903590498175637, 0.2500079937544335, -0.4046551137310519, 0.04638715632576117] - [0.03680376225742223, 0.46272180690069875, -0.3775536687713657, -0.12130324311156102] - [0.14279650396095617, -0.04523318746542427, -0.20211382104496425, 0.10204052823020685]
B1: 5.368664419914517e-05 - 1.1620158235703593e-05 - -0.0002247325058557564 - 3.45772945188672e-05
B2: -0.00012418011031834186 - 0.0003053558630714573 - -0.00011453275407445317 - -0.00022644558027293162
