Number: 8339
Error: 1.062871752969492e-15
A1: [0.08043171842224521, -0.18046777701673514, -0.019588823276077003, 0.11962500547193357] - [0.03741558615722402, 0.13359639233381493, -0.13472618004695294, -0.036285818937243905] - [-0.0017027905513392067, 0.22819014496760773, -0.12282835422542941, -0.10365888177060342] - [0.038863265861631094, -0.11448098720813144, -0.04641640998332394, 0.12203425936588538]
A2: [0.03530720038514656, -0.029273719144224726, -0.07569758068505951, 0.06966315375800589] - [0.1028937423233056, 0.2828966928469298, -0.39260640432484073, 0.0068159872629293] - [-0.01118713468555915, 0.5390145557855637, -0.3594510483321719, -0.16837650112399957] - [0.09786287267576962, 0.01746339009663572, -0.1688509407679982, 0.0535249552905487]
B1: 4.343614513100119e-10 - 1.726024218168645e-08 - 1.3385574503219306e-08 - 1.1339789551501474e-08
B2: 1.604089447663278e-08 - -1.597315262883713e-08 - -3.4362628175283815e-09 - 1.7532395362426252e-08
