Number: 8123
Error: 9.693638138995544e-16
A1: [0.08043171846232522, -0.18046777697665622, -0.019588823236021905, 0.1196250055120322] - [0.03741554528153801, 0.1335963514890471, -0.13472622084124664, -0.03628585979034407] - [-0.001702802584040767, 0.228190132935162, -0.12282836624051446, -0.10365889380009782] - [0.0388632329682523, -0.11448102000919956, -0.04641644285572708, 0.12203422649296744]
A2: [0.035307429899588946, -0.029273488995020292, -0.07569736246516064, 0.06966339396925626] - [0.10289374211400869, 0.2828966926358346, -0.39260640452728107, 0.0068159870437640895] - [-0.011187102056986373, 0.5390145886087498, -0.3594510174484438, -0.16837646674221723] - [0.09786278492567142, 0.017463301947420566, -0.1688510243005768, 0.053524863181703096]
B1: -3.25186186438384e-09 - -2.1104733381914606e-09 - 4.6755819152286936e-09 - 8.177498226613786e-09
B2: 2.4857358614059083e-08 - -3.1093298790323e-08 - 1.0124476594259065e-09 - 1.2788629268924324e-08
