Number: 9997
Error: 1.1585777700040885e-15
A1: [0.05317245989758622, -0.14800136125158675, -0.026999137463852914, 0.1218277316959409] - [0.005313647437527614, 0.130836621813302, -0.11360081614069034, -0.022549835857603097] - [-0.01444450141907628, 0.22309159597799808, -0.12704120441959976, -0.0816059578502558] - [0.02714641070696388, -0.10002008742708107, -0.04942455789267788, 0.1222980708893544]
A2: [0.08925453791143953, -0.07291329387586372, -0.1236273459159176, 0.10728646062539057] - [0.10884182754964991, 0.24981427987937882, -0.4048451927385392, 0.046189580500310586] - [0.03663592480951124, 0.46255511233467334, -0.3777174570103827, -0.12147327470546758] - [0.1434264350319373, -0.04460662149704249, -0.2014995336900118, 0.10267986435287217]
B1: 2.15769769702545e-08 - 1.3696011710168053e-08 - 5.8994765407498585e-09 - 1.0232431164415096e-08
B2: 2.8959445647368046e-08 - 1.8418013925054228e-08 - 4.8691864157091015e-08 - 3.5972956456962496e-08
