Number: 6177
Error: 9.488492218918953e-16
A1: [0.08043161536352295, -0.18046788006375486, -0.019588926211510822, 0.11962490242502617] - [0.037415510871827526, 0.13359631710535472, -0.134726255182501, -0.03628589418104089] - [-0.0017028002618661793, 0.22819013525729862, -0.12282836392173772, -0.10365889147854314] - [0.03886323737433282, -0.11448101561547157, -0.04641643845244411, 0.12203423089631746]
A2: [0.03530738035560369, -0.029273538676091823, -0.07569740957091588, 0.0696633421160524] - [0.1028937261977624, 0.28289667658449397, -0.392606419921281, 0.006815970377119666] - [-0.01118716423141838, 0.5390145260635315, -0.3594510762978628, -0.1683765322576209] - [0.09786277535766505, 0.017463292335921976, -0.16885103340865595, 0.053524853138375565]
B1: 1.3206417916396035e-08 - 6.013781002776147e-09 - 2.0435575062186322e-08 - 4.829838611499973e-09
B2: -1.3561771572551777e-08 - -2.5029669341910477e-08 - 4.233355533851589e-08 - 3.470509503534493e-08
