Number: 4763
Error: 1.3323540332045503e-15
A1: [0.066213203241338, -0.11395205863160542, -0.023983928737487024, 0.07172288967299012] - [0.03740263654423832, 0.18819339276366553, -0.14740892277624507, -0.07818698617279286] - [-0.06022934091043912, 0.32895082933817005, -0.12775307992195092, -0.14096829260754257] - [0.03904622468256399, -0.053322623854049477, -0.03741852698023445, 0.05169518331556047]
A2: [-0.009108600353520924, -0.3468032115306761, 0.24945506556049687, 0.1064566541324639] - [0.08003987604891502, 0.03628231114134531, -0.0502500573043591, -0.0660719040729277] - [-0.04245275055146868, 0.23083196713737558, -0.04053117170205446, -0.14784776276492312] - [0.06813484810945487, -0.29346777587822825, 0.14177131582808905, 0.0835619381862913]
B1: 1.3621769141856254e-08 - 1.5440934505594894e-08 - -1.8025568025625374e-08 - -1.3827470996242742e-08
B2: 9.559620094765033e-09 - 1.7476345039578476e-08 - -1.4116634587673312e-08 - -2.4081990576417617e-08
