Number: 7149
Error: 1.0765537309423875e-15
A1: [0.08043170548439614, -0.1804677899530923, -0.01958883619839571, 0.11962499253560376] - [0.037415613738997294, 0.13359641989466656, -0.13472615252029477, -0.03628579137085671] - [-0.0017027877159258103, 0.22819014780297078, -0.12282835139415785, -0.10365887893594844] - [0.03886324826080672, -0.11448100475955263, -0.04641642757290963, 0.1220342417760209]
A2: [0.03530733444788893, -0.02927358471077503, -0.07569745321945183, 0.06966329406871387] - [0.10289376535988744, 0.28289671607899725, -0.3926063820441843, 0.0068160113856017895] - [-0.011187050511042487, 0.5390146404621889, -0.35945096865906884, -0.1683764124264634] - [0.09786278276359273, 0.01746329977553758, -0.16885102635871208, 0.053524860912212396]
B1: -2.8745975466611866e-08 - 7.173602895715044e-09 - 2.431364781985743e-08 - -9.93100126287236e-10
B2: -2.664902512633836e-09 - -4.211818487747559e-09 - 1.5879766870428562e-08 - -1.0837422573949774e-09
