Number: 3249
Error: 0.0025001638971278734
A1: [0.007966225344983787, -0.17685778503180216, -0.09486721091372342, 0.00409885481853434] - [0.08887743802431641, 0.21952186996866666, -0.10127630593310344, -0.03028082247494573] - [-0.39060597658856894, 0.050071910628902504, -0.43072259184153805, -0.44106197588376295] - [-0.20706555517711528, -0.2641138253294741, -0.2704417470487728, -0.17756909294971188]
A2: [-0.15956356317951897, -0.5451115791989939, 0.10100732724029426, -0.06384463459329773] - [0.13022242812976173, 0.12595735590839238, -0.011415508850493571, -0.024271584081379628] - [-0.08783398859587592, 0.1685196536760351, -0.1466287833373444, -0.24090429119252946] - [0.051664996174714733, -0.3142306035329639, 0.06518792829740803, 0.023506552189916444]
B1: -0.036923340586926943 - -0.26199644775897823 - -0.07207869039005231 - -0.06946452616889508
B2: -0.1531421171227924 - -0.19747192549970474 - 0.03059770424505342 - 0.008562518853846398
