Number: 4373
Error: 9.775168081975898e-16
A1: [0.06621303063931648, -0.11395222737656809, -0.023984101204051617, 0.07172271736066795] - [0.037402627886125084, 0.1881933844914085, -0.14740893128783542, -0.07818699468513414] - [-0.060229412695784565, 0.32895076039225507, -0.12775315016688019, -0.14096836247482447] - [0.03904620834064022, -0.053322639365217216, -0.03741854279051527, 0.05169516763370417]
A2: [-0.009108441442751932, -0.3468030429512428, 0.24945522575712428, 0.10645682074173177] - [0.08003984861251731, 0.036282281584491115, -0.050250087290815044, -0.06607193431395011] - [-0.04245274240390446, 0.2308319761295986, -0.040531162970871434, -0.14784775375393683] - [0.0681346932637964, -0.29346794636980633, 0.14177114796084528, 0.08356176457597407]
B1: -4.6449544165098893e-08 - 2.2978966421669173e-08 - 2.035745119937663e-08 - -3.026685950600652e-08
B2: 3.631091605996999e-08 - 3.174680326398663e-08 - -1.0100511308501495e-08 - -8.362248114408957e-08
