Number: 1961
Error: 1.5579507713145642e-05
A1: [0.007634045304280683, 0.0004320755284446718, 0.018814684033736328, 0.03509356543734075] - [0.05157878388790953, 0.17518129270369862, -0.1626115643263627, -0.12696338309628194] - [-0.1231934461388033, 0.4313919438345765, -0.08188901296682204, -0.26944868398762856] - [-0.05227767678485866, -0.013412012620952637, -0.060013803044506965, 0.00815609926587364]
A2: [0.13640033524381265, -0.22051126036122434, 0.026741943737973645, 0.0738150892459585] - [0.037371531011865515, 0.20844049160470726, -0.11018823575930463, -0.11686078078306698] - [-0.08200158979241881, 0.567974492955978, -0.2228535431787401, -0.21314292942120905] - [-0.012789398588628133, -0.011477747844319134, 0.015913033931035464, 0.039714156434752956]
B1: 0.00047472241862888754 - 0.0024359223258662724 - -0.0006399442864586649 - -0.0014541013124096506
B2: 0.006254041957653122 - 0.019353756362429753 - -0.0022946922004885044 - -0.007666821030535468
