Number: 306
Error: 1.7249109505416992e-08
A1: [-0.012478028596128172, -0.014850624263683311, 0.01772849627877265, 0.00823624920624225] - [0.06578524116895973, 0.18944714786575942, -0.14537427892296353, -0.11006423956135272] - [-0.09711903857829117, 0.4209879550498928, -0.05435352320960756, -0.2729980089070169] - [-0.00205340642355009, -0.01892300665196989, -0.004614137644527298, 0.022530779623133195]
A2: [0.16146087686417185, -0.16787828393307522, 0.008378077941351071, -0.0024557093090870436] - [0.03547926692352492, 0.20751035959269365, -0.1172168772937519, -0.12579836023041666] - [-0.08644718880376014, 0.5813092351731299, -0.23561605577100597, -0.2601633847838556] - [-0.003918644181985951, -0.004601538352790807, 0.001027550330446348, 0.007163445574783636]
B1: -0.00013993957152364295 - -0.0001527199963984465 - -0.00011085877758113246 - -7.127593476313644e-05
B2: 0.00016020614505366692 - -0.0007585680225068335 - 0.0001811991665732464 - 0.00013078643987748524
