Number: 312
Error: 3.4803920622697334e-09
A1: [-0.012158871524698628, -0.01452282921405482, 0.018081277902010643, 0.00857728940371513] - [0.06589215682501315, 0.1895500050344018, -0.1452637310535291, -0.10994519730759397] - [-0.09669395310408928, 0.4213987248379998, -0.053892287980076566, -0.2725027839410763] - [-0.0016256654269795187, -0.018511704479383426, -0.004158844416808804, 0.02302516089512361]
A2: [0.1614742805589178, -0.16786511422977857, 0.008391166455593511, -0.002442681562777115] - [0.035457134631366405, 0.20748859118543772, -0.11723890811198265, -0.1258200025341612] - [-0.08645765624357737, 0.5812990131062938, -0.23562624471853083, -0.2601735991414689] - [-0.003901528936389739, -0.00458470110067102, 0.0010444497949118588, 0.007179783282267222]
B1: -0.00013924892012286266 - -0.00024324328652977276 - -0.00013841477073342894 - -7.289674670801503e-05
B2: 0.00024217530187261362 - -0.0007942133426680517 - -0.00013062685506008356 - -0.00012194613740891544
