Number: 4623
Error: 1.0399438437012868e-15
A1: [0.06621319842865357, -0.11395206333675635, -0.02398393354640302, 0.07172288486838303] - [0.037402620326329905, 0.1881933772685396, -0.14740893871970154, -0.07818700211765464] - [-0.06022956900399884, 0.3289506102667844, -0.1277533031209102, -0.1409685146060332] - [0.03904612831515337, -0.05332271532243578, -0.03741862021253702, 0.05169509084030138]
A2: [-0.00910863382947325, -0.34680324704339516, 0.2494550318136882, 0.10645661903477417] - [0.08003986729796732, 0.03628230171407565, -0.05025006686865868, -0.06607191371842812] - [-0.04245280857622759, 0.23083190309777019, -0.04053123388360301, -0.1478478269379783] - [0.0681348150205545, -0.2934678123104652, 0.1417712799565597, 0.0835619010876423]
B1: 1.2318865015178191e-08 - 7.722677275959293e-09 - -8.175320285449598e-09 - 5.853479668822686e-09
B2: 2.8420263433902977e-08 - 2.8122599941052854e-08 - -2.28701392464807e-08 - 1.5614236957639402e-08
