Number: 9707
Error: 4.5481819321015406e-15
A1: [0.05317265180836971, -0.14800116927058807, -0.026998945765012904, 0.12182792369906714] - [0.005314044146219536, 0.13083701893754657, -0.1136004194929902, -0.022549438589721013] - [-0.014444652292984006, 0.22309144504851267, -0.12704135517435927, -0.08160610877816615] - [0.027146465638773747, -0.10002003249540144, -0.04942450284512517, 0.12229812596078637]
A2: [0.08925466957106112, -0.07291316252108825, -0.12362721722270047, 0.10728659390866777] - [0.10884183575055471, 0.24981428808162767, -0.40484518470012665, 0.046189588839210115] - [0.03663633400261404, 0.4625555193988207, -0.3777170577813895, -0.12147286126834844] - [0.14342659402438315, -0.044606463097091945, -0.20149937844768395, 0.10268002570417845]
B1: 1.3177457515615626e-08 - 8.886627731004132e-08 - 7.9581092384414e-08 - 4.873281062195895e-08
B2: 6.497816640362712e-08 - -3.952535957740773e-08 - -2.1505621583068942e-08 - 6.480514639937972e-08
