Number: 492
Error: 1.8622593392879305e-12
A1: [-0.012154337590727465, -0.014518139440500177, 0.01808624024822061, 0.00858208882600231] - [0.0658359482476177, 0.18949594660563338, -0.1453218332616318, -0.11000776709515488] - [-0.09629108334397918, 0.42178801389495146, -0.05345517310504076, -0.2720334149556661] - [-0.0013180975518272305, -0.01821597241503382, -0.0038314886476982246, 0.023380676563628067]
A2: [0.16158686194271962, -0.16775463478128003, 0.008501472206827277, -0.002332931864215577] - [0.035486320730715594, 0.20751730938299823, -0.1172098295126453, -0.12579144532712977] - [-0.08621385761871446, 0.5815378152542304, -0.23538903112694612, -0.2599358733241147] - [-0.003836360246458583, -0.004520659594171523, 0.0011088782043890376, 0.00724206009544451]
B1: 3.4363085120704045e-07 - -1.4576433101988152e-06 - -9.945362847049329e-07 - -5.273683253052226e-07
B2: -9.740357628248702e-07 - 6.928087283547309e-07 - 9.513216884567228e-07 - 1.4248290917883942e-06
