Number: 6020
Error: 3.658020360327938e-13
A1: [0.0804331432870658, -0.18046635232123578, -0.019587400119774435, 0.11962643017117815] - [0.03741942743231299, 0.1336002306720628, -0.13472234646609824, -0.0362819798131521] - [-0.0017013723429095456, 0.2281915631707268, -0.12282693806229053, -0.10365746392283116] - [0.038864827815933825, -0.11447942963074825, -0.046414849014544804, 0.12203582035486148]
A2: [0.03530548425005207, -0.029275440044534525, -0.07569921233883248, 0.06966135764533539] - [0.10289947664128218, 0.2829024758388054, -0.392600858177132, 0.006821991934066568] - [-0.011184053420464041, 0.5390176554485256, -0.3594481318588611, -0.16837325428709685] - [0.09786401855031576, 0.017464541188044195, -0.16884984996523383, 0.05352615809061382]
B1: -6.360060830828671e-07 - -7.730007274172973e-07 - 2.8196031862922876e-07 - 1.509115354234568e-07
B2: -1.022514463098643e-06 - -1.7728998438158172e-06 - 2.2706856434954324e-06 - 1.4273038221925148e-07
