Number: 6168
Error: 6.709654163324509e-16
A1: [0.08043160663989395, -0.18046788878639572, -0.019588934924709093, 0.11962489370239351] - [0.03741550612799412, 0.13359631236511174, -0.13472625991688236, -0.0362858989222464] - [-0.0017028105562616495, 0.22819012496312277, -0.12282837420106033, -0.10365890177019159] - [0.03886321388693025, -0.11448103903695882, -0.04641646192488024, 0.12203420742351233]
A2: [0.03530741150773483, -0.029273507437796966, -0.0756973799518865, 0.06966337472015748] - [0.10289378090758299, 0.28289673175864627, -0.39260636700667156, 0.006816027666322396] - [-0.011187145023069655, 0.5390145453864513, -0.3594510581167559, -0.1683765120170996] - [0.09786278277823376, 0.017463299790244732, -0.16885102634475915, 0.05352486092756181]
B1: 1.3328693096017717e-08 - 2.3696001590753967e-08 - 1.3495630019764377e-08 - 1.1420161896988297e-09
B2: 3.470537068831947e-09 - -7.82570832268614e-09 - 2.7983060949341295e-08 - 3.990561415452169e-08
