Number: 6738
Error: 1.1123131646686158e-15
A1: [0.0804316490709418, -0.18046784636015759, -0.019588892544397992, 0.11962493612859225] - [0.037415562451623925, 0.13359636864610938, -0.13472620370547975, -0.03628584262982047] - [-0.0017028461425020376, 0.22819008937763643, -0.1228284097351952, -0.10365893734693571] - [0.03886320397700637, -0.1144810489190738, -0.046416471828489264, 0.12203419751974517]
A2: [0.03530741508149283, -0.02927350385415196, -0.07569737655401815, 0.06966337846049797] - [0.10289375227630976, 0.2828967028843741, -0.39260639469845643, 0.0068159976851831375] - [-0.011187152949080388, 0.539014537413162, -0.3594510656189058, -0.1683765203689868] - [0.09786277165017765, 0.017463288611571096, -0.16885103693795356, 0.053524849246734084]
B1: -9.09772621653123e-09 - 4.107290055479497e-09 - -1.8755344565455166e-08 - -1.321884735458687e-08
B2: -1.6745425265751153e-08 - -9.95861907411295e-09 - -1.139132146203717e-08 - -9.941862151675473e-09
