Number: 2713
Error: 2.8768875834753604e-09
A1: [0.06347639952164437, -0.047831173107462405, -0.023402798831441796, 0.007896658295227503] - [0.04367447120660407, 0.19128287662761295, -0.14255142737792081, -0.09249827849252627] - [-0.12314102561063578, 0.4151655061195466, -0.10455017977584087, -0.18676448905377285] - [0.03680481694025144, 0.01896871982566266, -0.03332969655218585, -0.023248150617565955]
A2: [0.06338975053825063, -0.17373625585984928, 0.08627618395516916, 0.02390909264096086] - [0.029050191391019258, 0.200062403327247, -0.10194893599139024, -0.1281077007886525] - [-0.09343766381976666, 0.5136552408996319, -0.22563447238149226, -0.19512469970190024] - [-0.025880040611322822, 0.018568406142079167, -0.05024261980741551, 0.05702328868828527]
B1: 2.771790728075133e-05 - -6.681894480060998e-05 - -7.22787382288702e-05 - -6.434318634913345e-05
B2: 1.213246657204261e-05 - -3.683985582326526e-05 - -0.00011420514963225547 - 2.255302834081436e-05
