Number: 750
Error: 9.25398209877576e-14
A1: [-0.012152249009645791, -0.014515994243806592, 0.018088548776580584, 0.008584320725100326] - [0.06583562980140023, 0.18949564027512986, -0.1453221625051703, -0.11000812165098889] - [-0.09629042860186396, 0.42178864667583055, -0.05345446264584808, -0.27203265216621814] - [-0.0013251156051898535, -0.018222721818140653, -0.003838959159066408, 0.02337256484475124]
A2: [0.1615866894917587, -0.16775480399559473, 0.008501303202899357, -0.002333100021507404] - [0.03548580932799953, 0.20751680619665902, -0.11721033877341862, -0.12579194561442547] - [-0.08621346920307074, 0.5815381957051966, -0.23538865319239463, -0.259935494568592] - [-0.0038351362828070983, -0.004519455981642615, 0.0011100896251028407, 0.00724323109469937]
B1: 1.4427200718948038e-07 - 2.8544016197676424e-07 - 1.0513434888669741e-07 - 5.1798834890857796e-08
B2: -1.3513125525474115e-07 - -1.0471880565893799e-07 - 1.1274870225554397e-08 - 4.338826531890971e-07
