Number: 2768
Error: 3.833618003972868e-09
A1: [0.06357292239112425, -0.04773456833828087, -0.023306801050854756, 0.007992364830055863] - [0.04403774629828719, 0.19163360034440827, -0.1421773950952965, -0.09209885393537483] - [-0.12339968238449082, 0.41490738389108595, -0.10481230155052865, -0.18702582150721508] - [0.03748328992144593, 0.019648192257120806, -0.03265252955629348, -0.022574318347460983]
A2: [0.063024672242941, -0.17410003920317843, 0.08591070855007595, 0.02354781270146737] - [0.029300620493830323, 0.20030920902144742, -0.10169955215772401, -0.12786262735723739] - [-0.09355493694642687, 0.5135397148847214, -0.22575115913764335, -0.1952387648172014] - [-0.02565264209509109, 0.018793958110434553, -0.05001362004401535, 0.057244029932305894]
B1: -7.876592715241393e-05 - 3.981703332977831e-05 - 4.1864016953079055e-05 - -7.470666189795604e-05
B2: -7.007130404545786e-05 - 0.00011063206506462423 - 0.00015047762335256395 - -4.6294951585931046e-05
