Number: 2980
Error: 9.588191073834645e-08
A1: [0.06318856250894593, -0.04811586605411853, -0.02368663367545245, 0.00760992711931243] - [0.043842623548941875, 0.19144589162533204, -0.14237744522302048, -0.09231148402424763] - [-0.1230198081443365, 0.41529071223527936, -0.10442784925329754, -0.18664152007307314] - [0.03908766381975457, 0.021258634549647062, -0.03104958495085371, -0.02097737680679855]
A2: [0.06360479008673099, -0.1735245887858171, 0.08648938402509738, 0.024119358497145714] - [0.029486453347208293, 0.2004922968507837, -0.10151465204668061, -0.12768093016723275] - [-0.09330281785460752, 0.513786845627534, -0.22549689157865052, -0.19499240237842103] - [-0.02637042243115841, 0.018076900800313742, -0.05073309379340232, 0.05654559378878664]
B1: 0.00016828463739212347 - 0.0003874209017119489 - 0.00010302652342740694 - 0.00012192061074369487
B2: 0.00040489814407772447 - 0.00030472158636314823 - -5.805822005524306e-06 - -0.0006224243207460107
