Number: 7037
Error: 1.3784746741533754e-15
A1: [0.08043169799951817, -0.18046779743712213, -0.01958884367432288, 0.11962498505158123] - [0.03741559405595957, 0.13359640022652508, -0.13472617216411373, -0.036285811042991195] - [-0.001702808189557276, 0.22819012732977065, -0.12282837183782101, -0.10365889940412071] - [0.038863230938742534, -0.11448102203300178, -0.04641644488393226, 0.12203422446472471]
A2: [0.03530747941587102, -0.029273439341832592, -0.07569731538570719, 0.06966344579340016] - [0.10289368493936744, 0.2828966349759415, -0.3926064598258686, 0.006815927173574418] - [-0.011187152013415356, 0.5390145383544004, -0.3594510647332959, -0.16837651938303674] - [0.09786280225872343, 0.017463319359344986, -0.1688510078006043, 0.05352488137574885]
B1: 1.6778689436172513e-08 - -2.2178130705953707e-08 - -1.5768383672103798e-08 - 1.7982921464134895e-09
B2: -3.2439522847579445e-09 - -6.4699966577370545e-09 - 4.219736466594398e-09 - -1.2603320244233172e-08
