Number: 1738
Error: 2.2901927144302086e-07
A1: [-0.004981087996119461, -0.012777735883089768, 0.005303169595804396, 0.021702207269689182] - [0.06568240716312179, 0.18878478483654174, -0.14792077991774283, -0.11113463401337344] - [-0.11237040519182322, 0.44197758926294206, -0.07059297786336295, -0.25786399758120754] - [-0.022201982872330526, 0.016479572007564502, -0.02876924643982659, 0.0401444803158441]
A2: [0.13192617491918004, -0.22427681731322965, 0.023007298510040283, 0.07049278560715219] - [0.03326847722253073, 0.20436255123051125, -0.11426825029059831, -0.1208440582184092] - [-0.09346158759421186, 0.5567155171977378, -0.23402795301999546, -0.2244650978601816] - [-0.021032010378074378, -0.019471431197506755, 0.007910311418630838, 0.03197560175692036]
B1: -8.726519613484144e-05 - 0.0008827656368919146 - -0.0003473577510863706 - 4.49303625590855e-05
B2: 0.0003625507684428904 - 0.0009792644131625555 - -0.001042722319163157 - -0.0011846251521490986
