Number: 4559
Error: 7.155939547247778e-16
A1: [0.06621304320681809, -0.11395221508991102, -0.02398408864641561, 0.07172272990705396] - [0.03740245287987938, 0.1881932172847963, -0.14740910333240212, -0.07818716674492636] - [-0.06022949044379973, 0.3289506857195846, -0.1277532262464963, -0.14096843814510468] - [0.03904618489979097, -0.05332266161440954, -0.037418565468781556, 0.05169514513955814]
A2: [-0.009108546218223304, -0.34680315410163415, 0.24945512013383836, 0.10645671089034632] - [0.08003983378177788, 0.036282265607552676, -0.05025010349993646, -0.0660719506607327] - [-0.042452834993693525, 0.23083187394184185, -0.04053126219360321, -0.14784785615466003] - [0.0681347038147851, -0.29346793475271576, 0.14177115939894364, 0.08356177640559728]
B1: -2.671629874330138e-08 - -3.9978604817344214e-08 - -1.7911851424402928e-09 - -1.7375589404689318e-08
B2: -5.452595576290587e-08 - -8.129227818636194e-08 - 7.39253412441063e-08 - -2.2347833268468647e-08
