Number: 1827
Error: 1.88015202841205e-07
A1: [-0.007496029794885048, -0.015287912583159754, 0.0027194679748597495, 0.019120671818915292] - [0.06690050593594807, 0.18996075707705087, -0.14666160954996318, -0.10977915297740207] - [-0.11383692286427759, 0.44058689047551397, -0.07213562556929987, -0.2594430902168044] - [-0.02398618148191025, 0.014772935502782117, -0.03063760348042657, 0.03826889794219263]
A2: [0.13241984400419865, -0.22384243746664031, 0.023494445811406715, 0.07097289987587406] - [0.032637220708464185, 0.2037527758053451, -0.11489430349741321, -0.12145770502761329] - [-0.094140171597235, 0.5560445341009561, -0.23464799436628253, -0.22504113475099194] - [-0.019744626186670305, -0.018247688636640218, 0.009183830792879401, 0.033203649873242265]
B1: -0.0005321427354187372 - 0.0011994957010962462 - -0.0003852449973934497 - -0.000351602318615163
B2: 0.00039756744259667907 - -2.501201881084219e-05 - 0.0005382065240856708 - 0.0003310553854021772
