Number: 5199
Error: 1.724224090814113e-15
A1: [0.06621315022217093, -0.11395211046597867, -0.023983981715049386, 0.07172283674280289] - [0.0374025686530943, 0.18819332789830065, -0.14740898951841686, -0.07818705292087227] - [-0.06022909792933203, 0.32895106270832153, -0.12775284215479046, -0.14096805611911944] - [0.039046024259595066, -0.05332281408810852, -0.037418720882835474, 0.05169499098735043]
A2: [-0.009108606900094962, -0.3468032184754142, 0.24945505896083509, 0.10645664726895908] - [0.08003978457722571, 0.036282212600232004, -0.05025015727754464, -0.0660720048950404] - [-0.042452865588069405, 0.23083184017614983, -0.04053129497966137, -0.14784788999072884] - [0.06813472624919652, -0.2934679100513539, 0.14177118371996494, 0.08356180155887656]
B1: 1.1819253093170623e-08 - -1.98742714375175e-08 - 7.159329418418786e-09 - 1.025097098086605e-08
B2: -1.9983815543097938e-08 - -2.5284966734886473e-08 - 6.760245555057571e-09 - -1.4035024069017837e-08
