Number: 9468
Error: 1.0820436128661241e-13
A1: [0.05317337229417362, -0.14800044854955416, -0.0269982260935909, 0.12182864452894111] - [0.005313751743932282, 0.13083672620759546, -0.11360071186406183, -0.022549731400969837] - [-0.014445329013238441, 0.22309076807102915, -0.12704203136601444, -0.08160678574523783] - [0.027147560555880166, -0.10001893751987138, -0.049423405553057256, 0.12229922373391049]
A2: [0.08925287480089622, -0.07291495311867867, -0.12362897150581907, 0.10728477708002687] - [0.10883974788543423, 0.2498121998632625, -0.4048472312022631, 0.04618746585676894] - [0.03663467212312412, 0.4625538661818456, -0.377718679178319, -0.12147454037377385] - [0.1434248056468444, -0.04460824481208838, -0.20150112462933006, 0.10267821079402198]
B1: -1.447091964508001e-07 - -1.7622758552812887e-07 - -2.4149780369362703e-08 - 2.300455248464955e-07
B2: 5.618214897967036e-07 - -2.5556150079676676e-07 - -9.564025169874914e-07 - -5.070298087391042e-07
