Number: 2947
Error: 1.799889617113408e-08
A1: [0.0631362825864515, -0.04816814658799664, -0.023738456307593785, 0.0075589646177413655] - [0.0442854986429351, 0.19187334795657468, -0.14192172632345892, -0.09182472552696382] - [-0.12361514054934016, 0.41469211761515484, -0.10503054110905265, -0.18724290726821244] - [0.036868274532810594, 0.01903235629660044, -0.033269082024883365, -0.023186967066062325]
A2: [0.06364158495997277, -0.1734886116355702, 0.08651991513068781, 0.02415154169096607] - [0.02912392882767034, 0.2001348674973744, -0.10187592927465523, -0.12803594082666972] - [-0.09402511719255378, 0.513077331625189, -0.22622124215864972, -0.1956928434505775] - [-0.026040195922949295, 0.018406398235520385, -0.05040029116340357, 0.056868812231028]
B1: 0.0004995587392123476 - -0.00010082846047706745 - -6.793505209951576e-05 - 5.375078678959355e-05
B2: 0.00012660522173207537 - -0.00017451346795643608 - 0.00017095555215692785 - 8.987804166473676e-05
