Number: 9000
Error: 0.000205892895479228
A1: [0.06709044901669704, -0.16352910365539994, -0.013294942250631412, 0.12745728287942423] - [0.11281180578795323, 0.2369926714776569, -0.00928273866832851, 0.08368779664860819] - [0.05003871598645274, 0.2928234109568684, -0.04055235523199886, -0.012204201799413894] - [0.11060663221303757, -0.018530607662983596, 0.03870430117370027, 0.206159778030983]
A2: [0.07629086860562505, -0.05202245238788673, -0.11151608203783889, 0.12271655039396552] - [0.09206341365968895, 0.22390315702271077, -0.43346287065079236, 0.016637497933943438] - [0.04613193310435702, 0.49993412484022953, -0.37494363686592214, -0.09619125837700129] - [0.130963829509318, -0.03454654682146542, -0.2058462911348347, 0.10562295779264247]
B1: 0.0031864066805165512 - 0.02089938799001084 - 0.0025513032908763018 - 0.006757136153557703
B2: -0.035651999261609994 - 0.003134789970325076 - 0.042576771294517396 - -0.0059832520209641745
