Number: 6884
Error: 1.2511548778874208e-15
A1: [0.08043166110568946, -0.18046783432677244, -0.019588880524040765, 0.11962494816196523] - [0.03741557024972806, 0.13359637643831104, -0.13472619592291357, -0.036285834836036174] - [-0.0017028365870762655, 0.22819009893285783, -0.12282840019376055, -0.10365892779406047] - [0.038863212391146824, -0.11448104052854688, -0.04641646341971067, 0.12203420592865588]
A2: [0.035307516803911254, -0.029273401850383237, -0.07569727983764606, 0.06966348492404882] - [0.10289377074549125, 0.2828967215103055, -0.3926063768353057, 0.006816017025114635] - [-0.011187132158647087, 0.5390145583275994, -0.35945104594031696, -0.16837649846137445] - [0.09786283472591124, 0.017463351974214315, -0.16885097689394438, 0.053524915455727275]
B1: 1.4984508666172861e-09 - 1.9094145780848293e-08 - -2.7027857402169542e-08 - 9.542173533850758e-10
B2: -1.3772958379638741e-09 - 2.4838746976977345e-09 - 3.4192902414256718e-09 - 2.122301208676271e-09
