Number: 9466
Error: 1.449569533439079e-13
A1: [0.05317275621900634, -0.1480010648516317, -0.026998841489794045, 0.12182802815659072] - [0.005313524108904992, 0.130836498333855, -0.11360093946352799, -0.022549959355531564] - [-0.014445041009402856, 0.2230910561804196, -0.1270417435898364, -0.08160649763847506] - [0.02714735384083579, -0.1000191442342509, -0.04942361270320697, 0.12229901649501074]
A2: [0.08925246554306039, -0.07291536142931393, -0.1236293715412998, 0.10728436277630038] - [0.10883862534580387, 0.2498110771259639, -0.4048483315063512, 0.04618632442917252] - [0.03663439560108406, 0.46255359109768834, -0.3777189489666107, -0.12147481976504977] - [0.14342507340536712, -0.04460797805248673, -0.20150086318632784, 0.10267848252330708]
B1: 1.4331208235588e-07 - -7.385881991277899e-07 - -4.803787666945338e-07 - -3.2811579232865115e-07
B2: 4.911919317593626e-07 - -1.6719322298645769e-07 - -7.946061631962928e-07 - -4.942597789212883e-07
