Number: 8955
Error: 0.009885914768772291
A1: [0.005887666978062783, -0.2536608648815995, -0.08792936513445161, 0.05432262675726185] - [-0.04086560704325668, 0.06649438861709978, -0.18435928337082333, -0.08807766765833859] - [-0.05548449549067075, 0.17485056634045698, -0.17805977322225205, -0.15642369201995765] - [0.010738217769589406, -0.14845563011978524, -0.07896690774641425, 0.08979137431951405]
A2: [-0.15269086691353795, -0.20628158833237362, -0.28105232119050827, -0.09857543358151155] - [0.03107653968443319, 0.20761203875649772, -0.473090804698858, -0.04348743469656016] - [-0.20397474458888254, 0.3215417953885332, -0.550553436616122, -0.340931188104851] - [-0.07175504085508788, -0.1701706383200108, -0.3378613651881714, -0.09183933431382935]
B1: 0.08839131894322647 - 0.10878530753547652 - 0.07405253660861283 - 0.06727694676928882
B2: 0.011981174518550256 - 0.020132163684205062 - 0.0277416411448815 - 0.002923549073336598
