Number: 4540
Error: 1.0868404741839763e-15
A1: [0.06621312422842708, -0.11395213587886065, -0.02398400768838739, 0.07172281079269044] - [0.03740253983946984, 0.1881933003687925, -0.14740901784445012, -0.07818708124941548] - [-0.0602295210140291, 0.3289506563585546, -0.1277532561607034, -0.1409684678984521] - [0.03904617507808006, -0.05332267093681139, -0.0374185749709649, 0.05169513571453755]
A2: [-0.009108577404537323, -0.34680318718541153, 0.2494550886951842, 0.10645667819322652] - [0.08003985772047482, 0.03628229139637866, -0.05025007733631893, -0.06607192427494574] - [-0.0424528029571256, 0.23083190929935354, -0.040531227861980296, -0.14784782072345865] - [0.06813480590732021, -0.29346782234450025, 0.14177127007702414, 0.08356189087004758]
B1: -2.5083311124587736e-09 - -6.9408603216170626e-09 - -1.4539558920670863e-08 - -4.648538450255645e-09
B2: -2.450577273360321e-08 - -1.8464554451553294e-08 - 7.451312282759896e-08 - -5.168718176327832e-08
