Number: 4473
Error: 1.163709979326449e-15
A1: [0.06621320235635941, -0.11395205949681914, -0.023983929621765314, 0.07172288878952333] - [0.03740262423664434, 0.18819338100457755, -0.14740893487555198, -0.07818699827316507] - [-0.06022943041301119, 0.3289507433758155, -0.1277531675039286, -0.14096837971859907] - [0.039046156206648384, -0.05332268884885819, -0.037418593228432676, 0.05169511760534375]
A2: [-0.009108479581932167, -0.3468030834109811, 0.24945518730932392, 0.10645678075484404] - [0.08003981876437181, 0.036282249429507724, -0.050250119913118806, -0.06607196721325659] - [-0.042452856362381525, 0.2308318503580393, -0.040531285093208996, -0.14784787978760386] - [0.06813482621877416, -0.29346779998070566, 0.14177129209675077, 0.08356191364292509]
B1: -2.908141898006134e-08 - -5.66801763731657e-09 - -1.6782853816414772e-08 - 1.504236349979584e-08
B2: 2.303396145518603e-08 - 1.1588987656062652e-08 - -7.146039238513631e-08 - 7.784734742550419e-09
