Number: 2411
Error: 7.593819086412029e-06
A1: [0.053973303290984855, -0.057909119497357574, -0.03354530648183035, -0.00195107311203499] - [0.036767244690420836, 0.18445277197816962, -0.14992514443682634, -0.10004637824441896] - [-0.12333984596022829, 0.41544839632251085, -0.10474422205364925, -0.18689554086282598] - [0.03309280871266105, 0.015633332207360764, -0.03695952623923325, -0.02671986730014633]
A2: [0.07238580412608797, -0.1646313559725524, 0.09583771937809883, 0.03319638308388738] - [0.030181005657022534, 0.20122451800338642, -0.10085606998249892, -0.1270448163591989] - [-0.11389836367602739, 0.49406192522999665, -0.24539411295493196, -0.21437511487173622] - [-0.02512653123058591, 0.019362783261383597, -0.048876953746364415, 0.05790291598809476]
B1: -0.005802719556874306 - 0.002145741800017022 - 0.005518533519782685 - -0.0020439894177590257
B2: 0.002254790394741535 - -0.002257003562203112 - -0.00047133787776778647 - -0.00013834408908992276
