Number: 3714
Error: 8.989261772423274e-16
A1: [0.06621292833430734, -0.1139523273953286, -0.023984203428781752, 0.07172261522734734] - [0.03740267092380981, 0.18819342561092475, -0.14740888897854887, -0.07818695237204493] - [-0.060229584190562714, 0.32895059568119656, -0.127753317981469, -0.14096852938685728] - [0.03904602083473337, -0.053322817338880474, -0.037418724196207995, 0.05169498770099893]
A2: [-0.009108615119197618, -0.3468032271949328, 0.24945505067549462, 0.10645663865136323] - [0.08004002430296628, 0.0362824708535662, -0.05024989527107216, -0.06607174066365319] - [-0.042452724066232926, 0.2308319963683667, -0.040531143319353514, -0.14784773347314797] - [0.06813476739720674, -0.29346786474585507, 0.14177122832862263, 0.0835618476930204]
B1: 3.926000165834115e-08 - 4.925743026622234e-08 - -7.176238548932773e-08 - -3.425337997397729e-08
B2: 5.505688493671862e-08 - 6.368564571567668e-08 - -1.2833330805722491e-08 - -8.427657577750265e-08
