Number: 2832
Error: 7.952111930169085e-09
A1: [0.06326286434804657, -0.048043056809320396, -0.02361360257720356, 0.007685035776761042] - [0.04366793538735828, 0.19127682721627917, -0.14255791178734606, -0.09250486924546607] - [-0.12361518691083226, 0.4146908675051663, -0.10503046351504401, -0.18724414032816153] - [0.03665594767343687, 0.018818700564076436, -0.033480118728332044, -0.023398116515760146]
A2: [0.0639894433861823, -0.1731405882764365, 0.08686948597870382, 0.024498531376045494] - [0.029414263095337498, 0.20042117629782663, -0.10158616432421153, -0.12775124409358468] - [-0.09293521304437967, 0.5141478314168695, -0.2251302307677039, -0.19463806342017215] - [-0.025758179295147333, 0.018688710133660233, -0.050117892937089535, 0.05714211386658159]
B1: -6.170103257779202e-06 - -2.327994407960134e-05 - -0.00012441193342890014 - 5.581528618601181e-05
B2: 2.8640294838455324e-05 - 0.00019890440851764933 - 1.8302351371901493e-06 - -2.2949679643034302e-05
