Number: 3881
Error: 7.911424754437955e-16
A1: [0.06621315455255153, -0.11395210623234482, -0.023983977388044746, 0.07172284106595204] - [0.0374025613138869, 0.1881933208861582, -0.1474089967334602, -0.07818706013652649] - [-0.06022941825399034, 0.3289507550539685, -0.12775315560577122, -0.14096836788451145] - [0.03904609553763911, -0.053322746433641044, -0.0374186519237011, 0.051695059386649346]
A2: [-0.009108639049449608, -0.34680325258107886, 0.24945502655159976, 0.1064566135618995] - [0.0800398025020859, 0.03628223191033268, -0.05025013768689932, -0.06607198513799081] - [-0.04245284792555741, 0.23083185966937603, -0.04053127605205282, -0.14784787045694334] - [0.06813479842925248, -0.2934678305780965, 0.1417712619703393, 0.08356188248582261]
B1: -1.2746496886265473e-08 - -1.518311309111312e-08 - -1.684411007017755e-08 - -6.168812647857029e-10
B2: -6.0870399123502694e-09 - -1.5001639685031605e-08 - -5.678218592371442e-08 - 3.739032896838878e-08
