Number: 6682
Error: 9.21063620683939e-16
A1: [0.08043167391892432, -0.18046782151498944, -0.01958886772612603, 0.11962496097373701] - [0.03741556985671888, 0.13359637604559976, -0.1347261963151397, -0.036285835228827515] - [-0.0017028395536622185, 0.22819009596633572, -0.12282840315600252, -0.1036589307598543] - [0.03886321567574882, -0.11448103725316246, -0.04641646013720123, 0.12203420921121677]
A2: [0.03530741903634142, -0.02927349988836471, -0.07569737279379879, 0.06966338259967632] - [0.1028937411682298, 0.28289669168201875, -0.39260640544204484, 0.006815986053398152] - [-0.011187158278404084, 0.5390145320520516, -0.35945107066322474, -0.16837652598468314] - [0.09786277330312969, 0.01746329027204197, -0.16885103536445004, 0.053524850981795595]
B1: 2.299934099806077e-09 - 1.6333770288888417e-08 - -9.920847472625086e-09 - -2.5392131864628887e-09
B2: -1.043051622982925e-09 - 1.2668361749782954e-09 - 3.4827976064977027e-09 - -4.8222957703393365e-09
