Number: 1447
Error: 9.4305032218536e-10
A1: [-0.007009603610275355, -0.01481423836215741, 0.0031821256020412524, 0.0196374987144202] - [0.06681381342279685, 0.18987199616753883, -0.14674846215169166, -0.10987673702756767] - [-0.11249727164139281, 0.4418715904523567, -0.07069771336623422, -0.25800448605840626] - [-0.023329756542433237, 0.015382999802313137, -0.0298943303821609, 0.03895328698633223]
A2: [0.1316085828800949, -0.22460634382776107, 0.022688659329525906, 0.0701825123605209] - [0.03260091482765128, 0.2037046382872004, -0.1149334311183686, -0.12150180750677837] - [-0.09468924780006766, 0.5554745135814722, -0.23526774324749095, -0.22570044055356506] - [-0.02092559598614259, -0.019372641079517233, 0.008020646949232236, 0.032087281048385485]
B1: 1.3560432719864797e-05 - 3.774054773182452e-05 - 1.630081616169754e-05 - 3.568766555477206e-06
B2: 2.176671632873209e-05 - -4.268796941198186e-05 - 1.0210381987426784e-06 - 1.9822631017709216e-05
