Number: 2125
Error: 0.001647739240907615
A1: [0.0589413553838375, 0.012875361138113828, -0.012734215792345831, 0.08497795882362007] - [0.08510657656479123, 0.21481085745380146, -0.1230810898271977, -0.07847037197338551] - [0.137189609026115, 0.6475071692346535, 0.10439774491430218, 0.08664470105344191] - [-0.13099809376532598, -0.10082843886884096, -0.09000235216154497, -0.18243675335666354]
A2: [0.021278926836607454, -0.3281339694822171, -0.06546371685893473, -0.066835118082583] - [-0.0021476067648092054, 0.15832769712530062, -0.1404200682176383, -0.16914243213312138] - [0.03654910639713416, 0.5763003634271383, -0.15843275772437782, -0.20255164345160168] - [-0.22734198934777894, -0.18298447414808836, -0.25510216463672525, -0.14084969970239924]
B1: 0.0037041623107000148 - -0.051858299754090176 - 0.05527111993634383 - -0.00796581145191414
B2: 0.05137582677937019 - -0.010921164665795971 - -0.02589053934324205 - 0.0891010237777258
