Number: 2341
Error: 4.564498324390887e-05
A1: [0.05505293814433359, -0.05844416454803104, -0.03529020799032415, -0.001843522502571157] - [0.04595795880902646, 0.1933769548573236, -0.1406616595660164, -0.08957261158890617] - [-0.12642042638327453, 0.41266329560366566, -0.1071829328634376, -0.18953997671929043] - [0.03313100697783573, 0.01571729300883084, -0.036296086149281655, -0.02702122624387483]
A2: [0.12502964942054762, -0.11116298609214711, 0.14879576854756402, 0.08474739787108822] - [0.03232960135789863, 0.20324737163491485, -0.098745044743893, -0.12495635511746711] - [-0.12608416208709583, 0.4814048453471227, -0.2583907223834493, -0.22660200603518799] - [-0.043097497077817196, 0.0014375314038965726, -0.06683449213022676, 0.040962629738172926]
B1: 0.009091029220045364 - 0.0021686401842699074 - -0.003981044632276628 - -0.020811087091116513
B2: -0.0013978525099596223 - -0.0077850141705584405 - -0.002055416390200537 - -0.0014540769393264967
