Number: 422
Error: 1.5752267417677936e-11
A1: [-0.012154376477570002, -0.014518178888335051, 0.01808619784161907, 0.00858204782739765] - [0.06584488638418286, 0.1895045447883115, -0.1453125919523347, -0.10999781542974932] - [-0.09626513589654517, 0.42181309243011894, -0.053427016417733335, -0.27200318433158327] - [-0.0012929549148190669, -0.018191791494312062, -0.0038047244444612076, 0.02340973789894499]
A2: [0.1615973251986402, -0.1677443688206558, 0.008511724939343851, -0.0023227311873709124] - [0.035480410864715546, 0.20751149447364173, -0.11721571458319409, -0.1257972266889556] - [-0.08620764559379715, 0.5815439001144319, -0.2353829861903607, -0.2599298153478666] - [-0.0038314202883156794, -0.004515801587250903, 0.0011137679901617053, 0.007246786684883438]
B1: 2.6395828347412558e-06 - 4.477032575391905e-06 - -2.545324157545183e-06 - 3.2450417448039267e-06
B2: 9.124490050522223e-07 - -1.4615357653671913e-06 - -2.4511819069446003e-06 - -1.5415239661120249e-06
