Number: 4101
Error: 7.587533352424933e-16
A1: [0.06621318575225206, -0.11395207572985983, -0.0239839462128231, 0.0717228722132953] - [0.037402631640842926, 0.18819338807878827, -0.14740892759666527, -0.07818699099361942] - [-0.06022934383013183, 0.328950826533956, -0.12775308277897832, -0.14096829544941128] - [0.03904621047546336, -0.05332263733902127, -0.037418540725218434, 0.05169516968222065]
A2: [-0.00910856704447007, -0.34680317619501394, 0.24945509913917172, 0.1064566890552282] - [0.08003983248810256, 0.03628226421386775, -0.05025010491388816, -0.06607195208668747] - [-0.04245285678388465, 0.23083184989277203, -0.040531285544997894, -0.14784788025392237] - [0.06813482543973558, -0.2934678008383945, 0.14177129125227236, 0.08356191276955788]
B1: 1.8986296113161412e-08 - 5.099967302911478e-09 - -1.4092410989189203e-08 - 2.1067205296328625e-08
B2: -1.0452315544098963e-09 - 9.808763432444715e-09 - 1.0041495405296113e-08 - 1.7895500298203226e-08
