Number: 7276
Error: 1.0649827068891536e-15
A1: [0.08043168596586217, -0.18046780946941493, -0.019588855693589324, 0.11962497301929975] - [0.03741558931326435, 0.133596395487422, -0.13472617689735517, -0.03628581578305761] - [-0.001702820668466945, 0.228190114851131, -0.12282838429845282, -0.10365891187969532] - [0.03886323280413581, -0.11448102017284603, -0.04641644301973002, 0.12203422632895682]
A2: [0.03530747840299763, -0.029273440357508645, -0.07569731634873526, 0.06966344473330678] - [0.10289371183715049, 0.2828966621020099, -0.3926064338106822, 0.006815955339489139] - [-0.01118712264756046, 0.539014567895409, -0.35945103693787533, -0.16837648843920683] - [0.09786281184303695, 0.017463328987252974, -0.16885099867695966, 0.0535248914361545]
B1: 3.3578580387978255e-09 - -2.0625766580142766e-08 - -1.8020921356206697e-08 - -3.360549375035896e-09
B2: -9.45537478716322e-09 - -9.767297255532449e-09 - -9.644915083178032e-09 - -9.637030155299484e-09
