Number: 8820
Error: 0.0001358183662674162
A1: [0.07979393205005696, -0.1811386498667969, -0.020104072573399648, 0.11897468419993651] - [0.0405801861496024, 0.13671750946759711, -0.1314314443668862, -0.033139787347596504] - [-0.009224355569268683, 0.22064070225178317, -0.13020617261926182, -0.1111883752553288] - [0.03924319368807754, -0.11413117844482058, -0.0459179135794957, 0.12240247334696641]
A2: [0.029969138672109943, -0.034696529346126576, -0.08064121199966605, 0.06406978452478895] - [0.10385795364000065, 0.2838450905007156, -0.391592752842125, 0.007824044449328795] - [-0.03155854517727365, 0.5184037409514248, -0.3786093237063712, -0.18984324313780682] - [0.09543277010147551, 0.01496663507900407, -0.171044358541945, 0.05096829318786652]
B1: -0.0050032040834335715 - -0.0066755102098251026 - 0.00025393215625077285 - -0.0058393217073617314
B2: 0.006813265215218985 - 0.0045106893526198 - 0.012867155227604772 - 0.00594364544251813
