Number: 6826
Error: 1.0511336966931e-15
A1: [0.08043166952370565, -0.18046782590970953, -0.019588872116090523, 0.11962495657901984] - [0.03741555888060609, 0.1335963650777943, -0.13472620726938286, -0.03628584619886044] - [-0.0017028571313422777, 0.2281900783890306, -0.1228284207079465, -0.10365894833284349] - [0.03886320261873549, -0.11448105027353278, -0.04641647318589519, 0.12203419616231821]
A2: [0.035307474881784096, -0.029273443888461738, -0.07569731969667182, 0.06966344104799573] - [0.102893794609159, 0.2828967455765054, -0.3926063537546797, 0.006816042013862044] - [-0.01118712465766801, 0.5390145658733204, -0.35945103884047513, -0.16837649055733037] - [0.09786282593705016, 0.01746334314537575, -0.1688509852603718, 0.05352490623028444]
B1: -2.0204433838577002e-10 - 1.3623037464353e-08 - -2.0071388637130794e-08 - -4.801777663184228e-09
B2: 4.794203436753481e-09 - -1.7861346028926909e-09 - -9.779965794135317e-09 - -3.011552231446375e-09
