Number: 8343
Error: 7.959121812382917e-16
A1: [0.08043173866496695, -0.180467756776307, -0.01958880305756008, 0.11962502571234214] - [0.03741556672065053, 0.133596372911953, -0.13472619944479824, -0.036285838363049286] - [-0.0017027881269652116, 0.22819014739193053, -0.12282835180460454, -0.10365887934687561] - [0.03886328959825278, -0.11448096353812404, -0.0464163862618284, 0.12203428308775299]
A2: [0.03530718100503222, -0.029273738577941428, -0.07569759911146659, 0.06966313347465708] - [0.10289373929152817, 0.2828966897894224, -0.3926064072571392, 0.006815984088219969] - [-0.01118713912496047, 0.5390145513196842, -0.3594510525341713, -0.16837650580194116] - [0.09786287384627812, 0.017463391272469046, -0.1688509396537475, 0.053524956519198995]
B1: -8.68155197863405e-09 - 2.390283687127162e-08 - 1.632882986689587e-08 - 1.9988492744659776e-08
B2: 2.994753692048561e-08 - -2.6325740856234677e-08 - 7.062484511598638e-09 - 3.071622922976553e-08
