Number: 4434
Error: 9.466055242707044e-16
A1: [0.06621314821795289, -0.11395211242541653, -0.023983983717683736, 0.07172283474197848] - [0.037402637183767344, 0.18819339337467794, -0.1474089221475375, -0.07818698554402624] - [-0.060229345188840364, 0.3289508252289636, -0.12775308410856673, -0.14096829677179062] - [0.03904613383775968, -0.053322710080573786, -0.037418614869590354, 0.05169509613990928]
A2: [-0.009108519317747983, -0.3468031255644255, 0.24945514725202586, 0.10645673909404002] - [0.08003977868296884, 0.03628220625035597, -0.05025016371980532, -0.06607201139190992] - [-0.042452807361353144, 0.23083190443857424, -0.04053123258179992, -0.14784782559435955] - [0.06813484151848898, -0.29346778313504424, 0.14177130868313015, 0.08356193079673134]
B1: -8.046116001544615e-09 - 4.45045587099336e-09 - -9.825955112023683e-09 - 1.0298218435116508e-08
B2: -2.0797430377194573e-08 - 1.7240102444153446e-08 - -4.571300878903898e-09 - 6.526976902351304e-09
