Number: 777
Error: 3.8055396698135174e-13
A1: [-0.012152726815966765, -0.01451648500006127, 0.018088020655643387, 0.00858381013335289] - [0.06583622450721993, 0.18949621235717282, -0.145321547631127, -0.11000745950557812] - [-0.09628953460890416, 0.4217895107054909, -0.053453492558269505, -0.27203161062330106] - [-0.001328336317158139, -0.018225819233318008, -0.0038423874994716386, 0.02336884224810977]
A2: [0.1615870278856799, -0.16775447197384366, 0.008501634773038221, -0.002332770131443978] - [0.035485622145904214, 0.20751662202242732, -0.11721052517147428, -0.1257921287266056] - [-0.08621396714203648, 0.581537707974421, -0.23538913770496586, -0.25993598013305763] - [-0.003834366970112107, -0.004518699458638509, 0.001110851056820705, 0.007243967123396224]
B1: 3.4034640378533504e-07 - 7.33758704789956e-07 - 4.252148370029858e-07 - 1.5686405994476138e-07
B2: -1.6348759065295105e-08 - 1.8363833537915616e-07 - -1.3548107628517151e-07 - 9.582764297361175e-07
