Number: 7480
Error: 4.705744451622352e-16
A1: [0.08043172927659867, -0.18046776616359123, -0.019588812434650733, 0.11962501632508458] - [0.037415630840911956, 0.13359643698363388, -0.13472613545245749, -0.036285774278418066] - [-0.0017027751967444058, 0.22819016032187994, -0.12282833889331482, -0.10365886642010888] - [0.03886327489803374, -0.11448097819708643, -0.0464164009526638, 0.12203426839668736]
A2: [0.0353074916485811, -0.029273427075280793, -0.0756973037549825, 0.06966345859622759] - [0.10289373536165175, 0.28289668582617045, -0.39260641105808775, 0.006815979973079065] - [-0.011187087014224306, 0.5390146037412844, -0.35945100321013, -0.16837645089112704] - [0.09786279866904295, 0.01746331575334029, -0.168851011217755, 0.05352487760776085]
B1: 1.4250039472451704e-08 - 1.3742057554426056e-08 - -9.752102360130076e-09 - 1.1393368804248141e-08
B2: 1.0673137264680587e-08 - 9.605507569814252e-09 - 1.1833915585181438e-08 - 9.633511562141168e-09
