Number: 4952
Error: 1.155555078850542e-15
A1: [0.06621320551141129, -0.1139520564122342, -0.023983926469171184, 0.07172289193928463] - [0.03740263115660651, 0.18819338761615945, -0.14740892807269126, -0.07818699146970673] - [-0.060229347907679365, 0.3289508226177186, -0.127753086769, -0.14096829941777195] - [0.039046189480085224, -0.05332265726690657, -0.037418561037408885, 0.05169514953492049]
A2: [-0.009108605889802725, -0.34680321740376485, 0.24945505997946113, 0.10645664832806752] - [0.08003984778550512, 0.03628228069358464, -0.0502500881946095, -0.06607193522548124] - [-0.04245282324956541, 0.23083188690341652, -0.040531249608073826, -0.14784784316613667] - [0.06813475822813939, -0.29346787484125675, 0.14177121838825982, 0.08356183741297196]
B1: -4.11830392293611e-09 - -1.225911427548593e-09 - -4.276692152232676e-10 - -1.5598830727593306e-10
B2: -2.112278479940077e-09 - 2.4292258591853763e-08 - -1.5609131755276907e-09 - -1.2161810488154288e-08
