Number: 1995
Error: 0.0001768477983750935
A1: [-0.050961275293301016, -0.05909973006207972, -0.04332321940688864, -0.02548565026260532] - [0.05649751934431054, 0.18004084766640222, -0.1571112287741151, -0.12115186086813383] - [-0.0966062946207506, 0.4575397441126957, -0.05464502867889272, -0.24004642457936143] - [-0.03472190864776559, 0.004765286083796585, -0.04047892172617458, 0.028782999865991706]
A2: [0.11481173130627055, -0.24265590647743734, 0.005534995134869516, 0.05339254709693823] - [0.02740407486962048, 0.19788139026776963, -0.12043460436227552, -0.12721937255273] - [-0.08877882379060473, 0.5591819175478547, -0.2301505899593072, -0.22185890836570463] - [-0.03446635949261338, -0.03402970992866614, -0.006152785920394996, 0.017710097606764334]
B1: -0.009656830036586603 - -0.01815914379364457 - -0.012769423639474448 - -0.012616209511592053
B2: 0.005168439284721527 - 0.0011839864138070057 - -0.0039898396210342486 - -0.005225460408349826
