Number: 3702
Error: 5.509146159456151e-15
A1: [0.06621307211567735, -0.11395218682697485, -0.023984059760228053, 0.0717227587674116] - [0.037402867402166536, 0.1881936133325306, -0.1474086958253036, -0.07818675920167645] - [-0.0602296516747186, 0.3289505308664505, -0.1277533840175057, -0.14096859506769427] - [0.039046475919373984, -0.05332238539015013, -0.037418283917150144, 0.05169542440511898]
A2: [-0.009108804333343146, -0.3468034279218923, 0.24945485993035726, 0.10645644027033255] - [0.08004025167294179, 0.03628271579635297, -0.05024964676853007, -0.06607149005086566] - [-0.042453250271090696, 0.23083141561528328, -0.040531707221687946, -0.14784831543665383] - [0.0681343124060312, -0.29346836571176227, 0.1417707350738079, 0.08356133756285998]
B1: -2.582698522664879e-07 - 3.263698099065944e-08 - 2.828466000131275e-07 - -1.3918015279295469e-07
B2: 1.0812452099925107e-07 - 1.4979146584805686e-07 - -8.053741372328741e-09 - -7.186573053016485e-08
