Number: 7541
Error: 1.1509770609647942e-15
A1: [0.08043173157898863, -0.18046776386146313, -0.01958881013501388, 0.11962501862721044] - [0.03741561237502342, 0.13359641853172058, -0.13472615388155224, -0.036285792734078344] - [-0.0017027506588800688, 0.22819018485921938, -0.1228283143913781, -0.10365884188879482] - [0.03886326107890157, -0.11448099197743794, -0.04641641476299032, 0.12203425458614289]
A2: [0.035307401841527176, -0.02927351713072448, -0.07569738914244716, 0.06966336460347043] - [0.10289370973771589, 0.28289665998476526, -0.39260643584123406, 0.0068159531410891755] - [-0.011187166919839868, 0.5390145233590741, -0.3594510788425947, -0.16837653509039638] - [0.09786275528325294, 0.0174632721702074, -0.1688510525182504, 0.05352483206684065]
B1: 7.12120761915092e-09 - -4.9068302502325786e-09 - -6.639305077119533e-10 - -1.3102243999660813e-09
B2: 8.274582857605866e-09 - -6.223240551724637e-09 - 2.5686972311659627e-08 - -4.93462214880013e-09
