Number: 5340
Error: 8.643163275317888e-16
A1: [0.06621318771515179, -0.11395207381080184, -0.023983944251470133, 0.07172287417287478] - [0.0374026263594137, 0.18819338303285696, -0.14740893278862777, -0.07818699618606709] - [-0.06022935928073732, 0.32895081169414425, -0.12775309789820868, -0.14096831048704833] - [0.03904611645408325, -0.0533227265803831, -0.03741863168759765, 0.051695079458339455]
A2: [-0.009108893071520364, -0.34680352205754317, 0.24945477047394346, 0.10645634723453819] - [0.08003993859027506, 0.03628237851621247, -0.05024998895026286, -0.06607183513850341] - [-0.04245277344483816, 0.23083194187074602, -0.040531196235571165, -0.14784778808417282] - [0.06813480921146668, -0.2934678187066385, 0.1417712736587769, 0.08356189457450824]
B1: -2.7015187356153393e-08 - -6.907053396714308e-08 - 3.0004055846292716e-08 - 3.6849914246554074e-08
B2: -2.468840296878256e-10 - -1.3764432075512751e-08 - 1.8481893416504773e-08 - -1.958595550654515e-08
