Number: 5760
Error: 0.0004590447343114027
A1: [0.08317148082203756, -0.18650540096956322, -0.021973950398586226, 0.11882344616194898] - [0.03874180500731639, 0.11642944270391237, -0.1442398120423328, -0.042388731922420854] - [-0.05922717167266132, 0.1806014526659076, -0.17714718258835313, -0.1589711700848255] - [0.10938176461281568, -0.032279117917982394, 0.031200513229137028, 0.19693869060485605]
A2: [-0.000774305006771267, -0.06861666136855353, -0.0952680627464133, 0.03761928703419139] - [0.17356395869548275, 0.3576589507109361, -0.3338106050258738, 0.07217527485767149] - [-0.02240142021820787, 0.5295245485696867, -0.3661709535776804, -0.18560637237055966] - [0.08123056347807102, 0.0011397971980866266, -0.1781636018266708, 0.033824303583074436]
B1: -0.03383114192114637 - 0.02446546135832455 - -0.015575830978172224 - -0.017727794024493655
B2: -0.01163785755223187 - -0.007290259137824501 - 0.017429653468654452 - -0.06291258520328072
