Number: 9567
Error: 8.522050728015616e-14
A1: [0.053172149936242766, -0.14800167133477243, -0.026999447088241226, 0.12182742159087454] - [0.005312581383757365, 0.13083555462966065, -0.1136018820414704, -0.022550903409184836] - [-0.014445077735585479, 0.22309101944506982, -0.12704178028354635, -0.08160653437068802] - [0.027146256674114067, -0.10002024146838985, -0.04942471225586406, 0.12229791646123758]
A2: [0.08925504377767073, -0.07291278918451277, -0.12362685145339382, 0.10728697271930913] - [0.10884093272286731, 0.24981338489381655, -0.4048460698487805, 0.04618867060898166] - [0.03663629550779173, 0.4625554811024664, -0.3777170953454023, -0.12147290017166991] - [0.14342873839933643, -0.04460432671963401, -0.2014972846593651, 0.10268220188760034]
B1: 9.953805550232568e-08 - 2.972960701510096e-07 - 6.521900988295784e-08 - -4.3081291007894024e-07
B2: 2.8196183460576085e-07 - 2.2564392215261155e-07 - 1.7418256283718742e-07 - -1.898977695391086e-07
