Number: 77
Error: 0.0003453219498483778
A1: [0.02671501746998626, 0.02703042021515668, 0.06199338558429711, 0.04896775886568937] - [0.12408858753198139, 0.25024385388849324, -0.08898626077038495, -0.05743500135854358] - [-0.06809868976521925, 0.45345158434603805, -0.02257695176709945, -0.24143127195093234] - [0.03254445789835165, 0.019837632068022155, 0.03248818549346635, 0.05831006085775632]
A2: [0.27347213167042933, -0.05914221140418507, 0.11749630248159051, 0.10586590197943853] - [0.08610662959455842, 0.2541643134431998, -0.07133670262059023, -0.08034723482783353] - [0.04391548374300819, 0.710254747313608, -0.10903149345903156, -0.133571267337405] - [0.26263585255265387, 0.26096594557719743, 0.2658424718576686, 0.26269755778553167]
B1: 0.023846933250621212 - 0.37358093574339385 - -6.0220664397901864e-05 - -0.027347403470204344
B2: -0.005699589206702663 - 0.36082525092738676 - -0.005295125707842907 - 0.0009526381534211139
