Number: 5952
Error: 8.607995897816973e-11
A1: [0.08044978644949616, -0.18044971210908262, -0.01957077533150369, 0.11964307227946565] - [0.037346520764098716, 0.13352737865154193, -0.13479510966115418, -0.03635484711550838] - [-0.0017085820567492099, 0.22818435372433896, -0.12283413477589204, -0.10366467044704726] - [0.038879642046411395, -0.11446465570688143, -0.04640004179803468, 0.12205062647593193]
A2: [0.035368294476501604, -0.029212461305268087, -0.07563949483542648, 0.0697270961703674] - [0.1029880402701486, 0.28299178525133034, -0.3925152036604526, 0.006914728955465628] - [-0.011127735046849538, 0.5390743071477118, -0.35939482715765014, -0.1683139107127635] - [0.0979198166855473, 0.017520589679816404, -0.168796735380296, 0.05358472784769789]
B1: -8.17711002219887e-06 - -3.3969180754293577e-06 - 1.400785373707461e-05 - 7.007420777327213e-06
B2: 2.0920974180402457e-05 - 1.275600991380206e-06 - 1.7288665220215194e-05 - 2.3925684385434553e-06
