Number: 8372
Error: 1.3021266487650573e-15
A1: [0.08043167472785198, -0.18046782070616724, -0.01958886691821482, 0.11962496178254689] - [0.037415602796562114, 0.13359640896054428, -0.13472616344078073, -0.03628580230714101] - [-0.0017028266632489355, 0.22819010885647256, -0.12282839028446219, -0.10365891787286928] - [0.03886321785120881, -0.11448103508380623, -0.04641645796314198, 0.12203421138532007]
A2: [0.03530751982088682, -0.029273398825018383, -0.07569727696894205, 0.06966348808143578] - [0.10289372150583892, 0.28289667185279144, -0.39260642445924165, 0.006815965464031105] - [-0.011187087123143183, 0.5390146036316571, -0.3594510033132054, -0.16837645100593807] - [0.09786280281344799, 0.017463319916552703, -0.1688510072725402, 0.05352488195800749]
B1: 1.963930148573978e-08 - 6.424502930001694e-09 - 1.7546456094356922e-09 - -1.000548714804325e-08
B2: -5.2535700812955196e-09 - 7.964097353940027e-09 - 3.566004669410822e-09 - -4.710116628152342e-09
