Number: 7716
Error: 9.102665462918401e-16
A1: [0.08043165004664118, -0.1804678453845771, -0.01958889156985846, 0.1196249371041839] - [0.03741560939285554, 0.13359641555180776, -0.13472615685776385, -0.03628579571458747] - [-0.0017028451075873593, 0.22819009041252636, -0.12282840870179026, -0.1036589363122911] - [0.038863195869405905, -0.11448105700393359, -0.04641647993091895, 0.12203418941718426]
A2: [0.03530736713542011, -0.029273551932822058, -0.07569742214061402, 0.06966332827981181] - [0.10289364533320594, 0.28289659503365755, -0.39260649813246595, 0.006815885700207323] - [-0.011187135206022623, 0.5390145552620484, -0.3594510488247483, -0.16837650167246884] - [0.09786277079211553, 0.01746328774961395, -0.16885103775480678, 0.05352484834608856]
B1: 1.2805106031863227e-08 - -7.118639390704826e-09 - -2.1911487667269762e-08 - -1.0192834015471779e-08
B2: -2.3233861679619205e-08 - 1.1483263400452798e-08 - -1.2469704368617737e-08 - -2.2964804223836484e-08
