Number: 7557
Error: 1.0122561914785282e-15
A1: [0.08043172440377587, -0.1804677710358633, -0.019588817301647576, 0.119625011452817] - [0.03741560424901769, 0.13359641041186487, -0.13472616199136675, -0.036285800855582806] - [-0.0017027536156251353, 0.22819018190253734, -0.12282831734379467, -0.10365884484475112] - [0.03886325344753167, -0.11448099958739157, -0.04641642238949746, 0.12203424695951595]
A2: [0.03530737677703386, -0.0292735422645417, -0.0756974129734662, 0.0696633383707789] - [0.10289365426376003, 0.28289660404000244, -0.3926064894949396, 0.006815895051782035] - [-0.01118721549386437, 0.539014474495331, -0.3594511248190024, -0.16837658627450125] - [0.09786270816626545, 0.017463224838904588, -0.16885109737060516, 0.05352478260937898]
B1: 7.457095080217616e-10 - -1.707598157201237e-08 - -1.6186340098530637e-08 - -1.2608801624098008e-08
B2: -8.952969780116561e-09 - -2.305351002077425e-08 - 1.0133001521443097e-08 - -2.0824335164857837e-08
