Number: 5681
Error: 0.0006958023333138326
A1: [0.057331088800156554, -0.1207282905026121, -0.031748878323574835, 0.06470507149732571] - [0.05400885597621422, 0.2044358515972841, -0.13113724518034542, -0.0624763963438974] - [0.039737639292277936, 0.4232672088763598, -0.03215291570992893, -0.05052891796138979] - [-0.0217860848966353, -0.10651454024083937, -0.0933957648581732, -0.0006581547398220554]
A2: [0.07281892223605985, -0.26032276828090317, 0.3299066086378549, 0.19583252238298704] - [0.07945706338619239, 0.03637948602943353, -0.05030202810121734, -0.06652235394671335] - [-0.00931334392218744, 0.26784915500947837, -0.004065980660254348, -0.10997565689388794] - [0.06846676161049568, -0.2928989162152211, 0.1466379440687336, 0.08287259124243988]
B1: 0.0004985004238225593 - 0.009243184533596772 - 0.006500327489300309 - 0.01529955157869186
B2: -0.013056368077602552 - -0.0032147824270266183 - -0.04061332274468174 - 0.0034455338250937335
