Number: 4420
Error: 1.0648904218298358e-15
A1: [0.0662131171261988, -0.1139521428223749, -0.02398401478503896, 0.07172280370240232] - [0.03740262980501562, 0.18819338632478158, -0.1474089294014157, -0.07818699279854603] - [-0.06022939361960027, 0.32895077871387857, -0.1277531315000567, -0.1409683439083878] - [0.03904617079505992, -0.053322675002090696, -0.0374185791146325, 0.051695131604546474]
A2: [-0.009108527681024275, -0.3468031344365447, 0.24945513882108328, 0.10645673032560651] - [0.08003989282049503, 0.036282329209146716, -0.05025003897401352, -0.06607188558687539] - [-0.042452787379928664, 0.23083192649129874, -0.04053121116892639, -0.14784780349567314] - [0.06813467847150753, -0.29346796265676117, 0.14177113192456822, 0.08356174799107954]
B1: -3.0046191077459814e-08 - 5.164935960509416e-08 - 1.2887830159422342e-08 - -3.1911940577854356e-08
B2: -1.0102418741426785e-08 - 2.132949459180629e-08 - -3.2709359891194556e-10 - -1.8136961026046418e-08
