Number: 9558
Error: 9.07850410826095e-14
A1: [0.05317230314507756, -0.1480015180711537, -0.02699929404888787, 0.12182757487454672] - [0.0053148308740383395, 0.13083780647456142, -0.11359963289544499, -0.02254865074887583] - [-0.014443888759470547, 0.22309220885447353, -0.12704059225035572, -0.08160534497171495] - [0.02714791894856834, -0.10001857919961933, -0.04942304647696194, 0.12229958295768135]
A2: [0.08925186945410267, -0.07291595617248899, -0.12362995426032769, 0.10728375924649716] - [0.10884017825189747, 0.2498126302896857, -0.40484680937748535, 0.0461879034395292] - [0.03663369715626804, 0.4625528962710729, -0.37771963042763906, -0.12147552547770725] - [0.143423673317521, -0.04460937293714193, -0.20150223027315803, 0.10267706165262461]
B1: -5.3642385499861795e-09 - -7.445167119849153e-08 - -5.267499778265122e-10 - 7.855368682754352e-08
B2: -1.7796010834937516e-07 - 5.037307619905191e-07 - 1.5634322766223465e-07 - 2.737322192991709e-07
