Number: 9497
Error: 1.3621298108317047e-13
A1: [0.053172944974072586, -0.1480008760209323, -0.026998652938157737, 0.12182821700737281] - [0.00531435653201159, 0.13083733163009403, -0.11360010717518099, -0.022549125771012507] - [-0.014445169078452148, 0.22309092805978378, -0.12704187156561267, -0.08160662576016754] - [0.027148743344416606, -0.1000177547448202, -0.04942222028767606, 0.12230040950238481]
A2: [0.08925904605449912, -0.0729087961478444, -0.12362293932459034, 0.10729102441269552] - [0.10884093543942952, 0.24981338761562658, -0.404846067183922, 0.04618867338114326] - [0.03663604606784883, 0.4625552329757442, -0.37771733869876795, -0.12147315217939718] - [0.1434263949757613, -0.04460666139813347, -0.20149957279277628, 0.10267982371483207]
B1: 1.672897319303768e-07 - -1.1807455039152633e-08 - -1.1743943488535651e-07 - 1.8501589851806165e-07
B2: 9.764989773106926e-07 - 4.0975829642455324e-07 - 3.4103346940505075e-07 - -2.916562584752162e-07
