Number: 8997
Error: 0.0006552532661987873
A1: [0.04207169729236303, -0.19042797026701672, -0.038564077293729106, 0.10213317880488515] - [0.09134441591262338, 0.21606965098140626, -0.03079431665167187, 0.062373045904242246] - [-0.053640788729929854, 0.18687480369269416, -0.14435632816621846, -0.11706442352731014] - [0.08387735633456758, -0.04553863743278866, 0.011796541451056169, 0.17937409557088999]
A2: [0.14348439580772643, 0.023769222363473144, -0.042975764802686375, 0.1969893582157727] - [0.132838533382829, 0.26930003363370936, -0.39176987940927777, 0.06144543542357898] - [0.10300200755034904, 0.5645555965040772, -0.3162589845392246, -0.03287215375628956] - [0.19356086930470864, 0.03577413051232526, -0.141223435438782, 0.17481870523133364]
B1: -0.015342052557966585 - 0.006242400717020898 - -0.014842379302869827 - -0.006256116149275031
B2: -0.015119419173413733 - 0.006243555776888711 - 0.07356507670937432 - 0.0006550376483936832
