Number: 9895
Error: 8.909412283560101e-16
A1: [0.05317250611022064, -0.14800131502200412, -0.026999091302210707, 0.12182777793079731] - [0.005313682549310707, 0.1308366569618786, -0.1136007810342556, -0.022549800696332955] - [-0.014444492205233368, 0.2230916051951869, -0.1270411952130922, -0.08160594863317092] - [0.02714635986320037, -0.10002013827058243, -0.04942460884351216, 0.1222980199165364]
A2: [0.08925442211643857, -0.07291340940308887, -0.12362745910196156, 0.10728634340284489] - [0.10884167447369321, 0.24981412677641163, -0.4048453427825431, 0.04618942484883035] - [0.036635770495270184, 0.462554958823351, -0.37771760756706174, -0.12147343062017414] - [0.1434263205450229, -0.04460673555757117, -0.20149964547654625, 0.10267974816743687]
B1: -1.4891876193544369e-08 - 8.374484999827407e-09 - 1.6491713184096124e-08 - 1.3241569977806829e-08
B2: 9.263935343946915e-09 - 2.2936248390095095e-08 - 1.0260462652469225e-10 - 1.5746526458228365e-09
