Number: 2937
Error: 1.73063651991428e-08
A1: [0.06366160471135568, -0.04764445454905348, -0.02321785657191728, 0.008080706497238672] - [0.04375285092579077, 0.19135903037133797, -0.14247052867531856, -0.0924108240750315] - [-0.12269230357573181, 0.4156117158677675, -0.10410351097985857, -0.18632046749768633] - [0.037243235761882765, 0.019407740307196105, -0.032894089179644606, -0.022814541960147483]
A2: [0.06287378998559601, -0.17425246125434687, 0.08575477558892071, 0.023394044317077322] - [0.029543113094864768, 0.20054775432095323, -0.10145823472293242, -0.12762570665031017] - [-0.09346113241344153, 0.5136309159761011, -0.2256576464502202, -0.1951478711894109] - [-0.02501161390150592, 0.01942956475928783, -0.04937048149873448, 0.05787009261887165]
B1: 0.00012123652356630652 - 9.378790804813426e-05 - 0.00021163630877104816 - -0.0002155888395002625
B2: -0.00013946941567397734 - -0.0001400027973044935 - 0.00010139216009385433 - 0.0001311772032677073
