Number: 1124
Error: 6.365194446647965e-07
A1: [-0.009225208849071641, -0.017019269869687666, 0.0009625590082663251, 0.017279323543952355] - [0.06145044552229503, 0.18467915079862798, -0.15231547421036018, -0.11580634669000996] - [-0.12022558192883555, 0.43436094096594396, -0.07865904291770907, -0.2664550448801281] - [-0.01790307337897785, 0.020675326685603002, -0.02417587699236702, 0.04463296246640312]
A2: [0.1251120337516717, -0.23096432303386588, 0.016343593033359815, 0.06376185109677894] - [0.019846115294262855, 0.19118894147052942, -0.12763287647764998, -0.13398859227905155] - [-0.10248675221612064, 0.547938978054931, -0.24291026140234925, -0.23345161112024548] - [-0.02820699267593778, -0.026641745433608133, 0.000872218686338615, 0.024928072107570642]
B1: -0.00044479503444837167 - 0.0011579518894293177 - -0.0006023551171268422 - -0.0006374362442826093
B2: -0.0013791055513048757 - 0.00025669495727070164 - 0.00035924934292658585 - -0.0011618067194162276
