Number: 6162
Error: 1.0252977838092112e-15
A1: [0.08043159966159706, -0.18046789576390213, -0.019588941894662187, 0.11962488672489358] - [0.03741550667124817, 0.13359631290795462, -0.13472625937471094, -0.03628589837929329] - [-0.0017028344343892313, 0.2281901010855046, -0.12282839804422621, -0.10365892564194698] - [0.03886317451077235, -0.11448107830261124, -0.046416501275947236, 0.12203416807182692]
A2: [0.03530744580717548, -0.029273473043487507, -0.07569734734043732, 0.06966341061826581] - [0.10289381390566434, 0.28289676503678807, -0.39260633509136705, 0.0068160622201513575] - [-0.011187110040937838, 0.5390145805772393, -0.3594510250054299, -0.16837647515518] - [0.0978627954727708, 0.017463312542525547, -0.1688510142603888, 0.05352487425270151]
B1: 1.1791985691328149e-08 - 3.582337129578071e-08 - 5.299358096933267e-09 - 1.9137968220778116e-09
B2: 2.3088234835718288e-08 - 1.36885047215156e-08 - -2.893156423202691e-09 - 3.5440803164293633e-08
