Number: 7265
Error: 9.494275736794667e-16
A1: [0.08043168146838651, -0.18046781396638142, -0.01958886018568757, 0.11962496852233763] - [0.03741558452511405, 0.1335963907028954, -0.13472618167596528, -0.036285820568555734] - [-0.0017028252088954006, 0.22819011031079944, -0.12282838883223329, -0.10365891641891203] - [0.03886322652884451, -0.11448102643052678, -0.04641644929102287, 0.12203422005756549]
A2: [0.03530750960746479, -0.029273409066734982, -0.07569728667991328, 0.06966347739215334] - [0.1028937161669478, 0.28289666646855444, -0.3926064296229582, 0.006815959873418455] - [-0.011187127554401948, 0.5390145629593006, -0.3594510415823097, -0.1683764936097148] - [0.09786282317513371, 0.017463340370895145, -0.16885098788953296, 0.05352490333116246]
B1: 8.375754701764263e-09 - -2.1480018665108865e-08 - -2.3877153383007227e-08 - -2.597578146080657e-09
B2: -9.377370608518777e-09 - -9.129367245167057e-09 - -9.040916893588923e-09 - -1.0275621590456408e-08
