Number: 1972
Error: 1.7836619753640148e-05
A1: [0.0116589229885435, 0.004884353378625396, 0.023676235988903817, 0.04027806989437353] - [0.07364697025796078, 0.19648577904329714, -0.13958615325638152, -0.10222984434254148] - [-0.10013267825925479, 0.45405482501743477, -0.057755544867963214, -0.24410570944089388] - [-0.03490345076327629, 0.003150610770427829, -0.04283087669151622, 0.025809544038681506]
A2: [0.13245697052973146, -0.2250889891166403, 0.022380847107672717, 0.06891825931201351] - [0.04386939648166506, 0.21462880703029125, -0.10381820258140168, -0.1107224162929209] - [-0.09939689390755266, 0.5505721861765419, -0.2399212041005132, -0.23031500719823936] - [-0.02516764836844246, -0.02347271963492519, 0.0038665917388116355, 0.028064980184902617]
B1: -0.0016768654973657298 - 0.004591893364101868 - -0.0013671652538717782 - -0.0010324315682807954
B2: 0.006699727821492528 - -0.011037481737304872 - -4.6303608445793024e-05 - -0.006685554107302754
