Number: 4474
Error: 1.252364749846524e-15
A1: [0.06621319713740859, -0.11395206459914421, -0.023983934836620785, 0.07172288357933113] - [0.03740262248635556, 0.18819337933229519, -0.1474089365962202, -0.07818699999398537] - [-0.06022939871671788, 0.3289507738183679, -0.12775313648779954, -0.14096834886929122] - [0.039046153682130325, -0.05332269124503635, -0.03741859567082016, 0.05169511518278789]
A2: [-0.009108477052868259, -0.34680308072804134, 0.2494551898588504, 0.10645678340642815] - [0.08003982005102861, 0.036282250815605405, -0.05025011850687651, -0.06607196579507367] - [-0.04245285815643106, 0.23083184837801654, -0.04053128701578212, -0.14784788177175323] - [0.06813483490061198, -0.29346779042163157, 0.1417713015086938, 0.08356192337685996]
B1: -2.7208525738268798e-08 - -4.013675697061714e-09 - -1.7215441767309045e-08 - 1.8447017897791557e-08
B2: 2.0894485134021213e-08 - 9.369594314179127e-09 - -6.821498341047935e-08 - 6.902213778785089e-09
