Number: 4857
Error: 1.2485830033417234e-15
A1: [0.06621317607804857, -0.11395208518787345, -0.023983955879441868, 0.07172286255530669] - [0.03740257319653277, 0.188193332239223, -0.147408985051896, -0.07818704845394978] - [-0.0602295640744179, 0.3289506150013295, -0.1277532982971063, -0.14096850980817938] - [0.039046252846217856, -0.0533225971221139, -0.037418499732760985, 0.0516952103417944]
A2: [-0.009108492322434537, -0.3468030969267497, 0.24945517446566445, 0.10645676739709509] - [0.08003991516914943, 0.036282353285019116, -0.05025001454819347, -0.06607186095371288] - [-0.04245274044595735, 0.23083197829041088, -0.040531160872600516, -0.14784775158867156] - [0.0681349528340119, -0.2934676605721784, 0.14177142935941042, 0.08356205560155341]
B1: -3.7508244974941784e-08 - 1.920452993805524e-08 - -1.4782901413346524e-08 - 3.042025193345493e-08
B2: -3.605983135107761e-08 - -8.88169879397559e-09 - 1.2538507334166147e-08 - 2.1179619507150796e-08
