Number: 594
Error: 6.595274711013563e-15
A1: [-0.012153634106137155, -0.014517416882461243, 0.018087017828283872, 0.008582840588403579] - [0.06583529162440245, 0.1894953149631983, -0.14532251215087397, -0.11000849817756603] - [-0.09629313589540169, 0.42178603012576193, -0.05345740037872417, -0.27203580629348567] - [-0.0013216035401122442, -0.018219344205267614, -0.003835220678318293, 0.023376624200075326]
A2: [0.16158684995872202, -0.16775464654642794, 0.00850146044107912, -0.002332943587723935] - [0.035485802548806095, 0.20751679952648283, -0.11721034552450287, -0.12579195224633716] - [-0.08621349666792523, 0.5815381688088699, -0.2353886799106836, -0.2599355213508255] - [-0.0038349015530072432, -0.004519225151065662, 0.001110321956998775, 0.007243455668710082]
B1: 8.395112820150977e-08 - 1.0218217016610148e-07 - 1.0485998639950837e-07 - -4.550834413771675e-08
B2: 5.196546867499418e-07 - 8.620382550174511e-08 - -8.270112800197744e-07 - 2.9362979614676595e-07
