Number: 2932
Error: 4.0985919193465665e-08
A1: [0.06321735192201096, -0.048087040128765475, -0.02365805461671405, 0.007639560022639638] - [0.043065122394582586, 0.19069480373710085, -0.14317900340576745, -0.09316780293182673] - [-0.12335011105273096, 0.41495572297938044, -0.10476431219355029, -0.18697938221094465] - [0.03712428390061077, 0.019288360841146702, -0.033012939551531874, -0.022933232048672175]
A2: [0.0638859066583114, -0.17324555688867832, 0.08676448765733698, 0.02439397663425516] - [0.02965493821919215, 0.20065790100393657, -0.10134667755684486, -0.12751615130572305] - [-0.09312228476679706, 0.5139634630468269, -0.2253180232357243, -0.19481955053087835] - [-0.026354506935222576, 0.018094245122346787, -0.050714752308024275, 0.056561980388874056]
B1: -6.973208128996706e-06 - 7.64451550126151e-05 - -0.0002829681214860124 - 0.00016354852902616498
B2: 0.00015402396968689503 - 0.00034428172006303485 - 7.739631435079073e-05 - -4.347253178682206e-06
