Number: 5195
Error: 8.846387111951367e-16
A1: [0.06621317133965231, -0.11395208982039587, -0.02398396061414058, 0.07172285782484408] - [0.03740265860080059, 0.18819341383726884, -0.14740890109291144, -0.07818696448754534] - [-0.060229402739434765, 0.3289507699546296, -0.1277531404241867, -0.1409683527843234] - [0.03904617791722799, -0.053322668241885696, -0.037418572224085005, 0.05169513843905841]
A2: [-0.009108667431726307, -0.3468032826898434, 0.24945499793945763, 0.10645658380498005] - [0.08003980785225928, 0.03628223767408244, -0.050250131839288545, -0.06607197924079018] - [-0.04245286273574609, 0.23083184332414003, -0.04053129192300326, -0.1478478868361784] - [0.06813471096860621, -0.29346792687589074, 0.1417711671543814, 0.08356178442658334]
B1: -8.498282414777626e-09 - -4.04685445386634e-08 - -1.5709629611380616e-08 - -1.1302970270726623e-08
B2: -6.039072615247156e-09 - -6.399912901429054e-08 - 6.411919582424395e-08 - -3.130275231556089e-08
