Number: 6779
Error: 7.966951756826388e-16
A1: [0.08043162181689231, -0.18046787361111968, -0.019588919765860392, 0.11962490887765523] - [0.037415544432071735, 0.1335963506401959, -0.13472622168912793, -0.03628586063939108] - [-0.0017028655188845439, 0.2281900700016676, -0.12282842908320805, -0.10365895671814725] - [0.038863184816502805, -0.11448106802580517, -0.04641649097678396, 0.12203417837114997]
A2: [0.03530744345636781, -0.029273475400795963, -0.07569734957555387, 0.06966340815788721] - [0.10289373541335836, 0.28289668587830474, -0.3926064110080817, 0.006815980027206917] - [-0.01118709251662398, 0.539014598206073, -0.35945100841828154, -0.16837645668918547] - [0.09786281212904645, 0.017463329274564638, -0.1688509984046966, 0.05352489173637563]
B1: -6.6957803947052255e-09 - -1.312755408895028e-08 - -4.3961190888815e-09 - -6.972884499080002e-09
B2: -1.896993521776872e-08 - -7.495945263435975e-09 - -7.338010976266047e-09 - -6.408450793179631e-09
