Number: 7795
Error: 8.013728755384226e-16
A1: [0.08043168295453455, -0.18046781248040958, -0.019588858701313945, 0.11962497000831847] - [0.03741556470687697, 0.13359637089964976, -0.134726201454703, -0.036285840375811805] - [-0.0017028277149442482, 0.2281901078047993, -0.12282839133461328, -0.10365891892428988] - [0.038863229635555656, -0.11448102333254298, -0.04641644618628634, 0.12203422316234754]
A2: [0.035307481277033224, -0.02927343747550861, -0.07569731361609701, 0.06966344774126049] - [0.10289370937138727, 0.2828966596153413, -0.39260643619553864, 0.006815952757491777] - [-0.011187063700186415, 0.5390146271943743, -0.3594509811428375, -0.1683764263243631] - [0.09786283953078188, 0.017463356800943637, -0.1688509723199743, 0.05352492049923114]
B1: -1.2385331020179353e-08 - 1.1110210741975511e-08 - 1.188162253394162e-08 - 1.0249083840244036e-09
B2: 1.1451512000958293e-08 - -1.630211238539379e-08 - 5.856992803398858e-09 - 1.0642522604305113e-08
