Number: 1661
Error: 9.859133634425281e-08
A1: [-0.007421206412662083, -0.015230720835129457, 0.0027540267336232166, 0.019205276938471516] - [0.0672506577053734, 0.19029223051921693, -0.14629821711133897, -0.1093901693089833] - [-0.10878542823006278, 0.4455005236177271, -0.0668320146554744, -0.2540012430677899] - [-0.02350302682017563, 0.015209083066282167, -0.03007240974899735, 0.03876555197107442]
A2: [0.13150168439830376, -0.22471367368024323, 0.022571354012138115, 0.07007201011369299] - [0.03253437817574707, 0.2036393350520926, -0.11499959496180674, -0.1215664812987127] - [-0.09495781850152099, 0.555213012555813, -0.23553855772086085, -0.22596686183381987] - [-0.02040348659909441, -0.018869193026579342, 0.008533082957115651, 0.03258252955884075]
B1: 0.00011717358655368584 - 0.0006362837707474036 - 2.534554239988585e-05 - 0.00032628044756535573
B2: -0.00028627631101608807 - 0.00018843293870891349 - 0.000301492738172817 - 0.00014375341360052288
