Number: 9156
Error: 7.006478574882326e-07
A1: [0.05005265072025704, -0.15114154858048282, -0.030170662864822166, 0.11872320231440028] - [0.002088984890526638, 0.1275847292825474, -0.11690563096268848, -0.025780195668416172] - [-0.016905050988427508, 0.22065977708537687, -0.1295021893032084, -0.0840066196500374] - [0.02364794951929944, -0.10352444803350498, -0.05295925350754158, 0.11881364480793681]
A2: [0.08768502982311804, -0.07449182619457925, -0.12511119651009725, 0.105716594631653] - [0.10417366431137354, 0.24514632150207546, -0.40942613395736444, 0.0414405825530249] - [0.026417912006906935, 0.452375995001304, -0.38771393039083485, -0.13182922200134203] - [0.13984197136707535, -0.04815080856765827, -0.20499301580813814, 0.09905396224310463]
B1: -0.0009428960533142997 - 9.639621902690188e-05 - 0.001409833224181911 - -0.0008250398083379028
B2: -0.00010558470680567902 - -0.0007277800014847546 - 3.625634383881324e-05 - -0.0003502632045625096
