Number: 218
Error: 5.63418036509838e-07
A1: [-0.008657731828514963, -0.010950603570860456, 0.021937607573941045, 0.012320942910392598] - [0.06985936446498982, 0.19336061735289303, -0.1411614304229209, -0.1055270232486752] - [-0.09415275021521814, 0.4238911447382483, -0.05111327296604373, -0.2695167751103374] - [-0.004560822739879832, -0.021386621997011343, -0.007313141746289782, 0.0195700682630275]
A2: [0.16152471568964477, -0.16780674383429395, 0.008492638109663574, -0.002448414545410599] - [0.042103348186059486, 0.214036205728253, -0.1106142727695894, -0.11932028387352518] - [-0.08590990014677222, 0.5818239888645222, -0.2350903766559044, -0.2596866566530659] - [-0.002857404395737656, -0.0035512268146179657, 0.0020941153382718967, 0.008166410024725729]
B1: 0.00033752131507449863 - -0.0007615575828435377 - -0.00023222361638844993 - 7.50625560346056e-05
B2: -0.0011444200787204327 - 0.0006898675126035002 - 0.00187095862840263 - -0.0007338364864504067
