Number: 3256
Error: 0.0011155696909332263
A1: [-0.028255938779351387, -0.21082656129580954, -0.12753161070500585, -0.029459364233087613] - [0.0819719585485759, 0.21809910889557382, -0.10412849702196804, -0.033978198298838226] - [-0.2054953403286254, 0.21277260710415513, -0.2558226131281986, -0.26809240320686045] - [-0.10589573509696926, -0.176198449885886, -0.17495611542684006, -0.08367847080070492]
A2: [-0.13987109333722603, -0.5130151989711318, 0.12296286863866424, -0.03439832357455281] - [0.15669089734075395, 0.14014923884768285, 0.025288046197552882, 0.009895990383517215] - [-0.17742510315001334, 0.05941330990649724, -0.2189772908284171, -0.3210434630705719] - [-0.04958126123233178, -0.4394830980224186, -0.01945154348746768, -0.07115773565807394]
B1: 0.010978852039256711 - -0.1560700218613161 - -0.0017272527833822587 - -0.0022657179076980578
B2: -0.07922254105825617 - -0.12406518136663845 - 0.03711596213166816 - 0.02680857333958184
