Number: 702
Error: 6.468173858903518e-15
A1: [-0.012153193497270218, -0.014516964330137109, 0.018087504833460916, 0.008583311429719218] - [0.06583529450429979, 0.1894953177334075, -0.1453225091732428, -0.11000849497099002] - [-0.09629390215042559, 0.4217852895480348, -0.05345823186021615, -0.27203669901964295] - [-0.0013221078976422065, -0.01821982925463541, -0.0038357575524046294, 0.023376041246858714]
A2: [0.16158687698681984, -0.16775462003044292, 0.008501486918161634, -0.0023329172401068657] - [0.0354856026108122, 0.20751660280142462, -0.11721054462456777, -0.12579214783740447] - [-0.08621364259041372, 0.5815380258749816, -0.23538882190356722, -0.2599356636483431] - [-0.0038350690584833063, -0.00451938987433762, 0.0011101561619868425, 0.007243295410007448]
B1: 3.629223146864871e-08 - -1.0715146468457847e-07 - 1.6011272135499772e-07 - 6.578728382128428e-08
B2: -4.1282483841780824e-08 - -1.3634913203432374e-07 - 7.906586420583571e-08 - 9.209160501170868e-08
