Number: 8931
Error: 0.0003020517990835256
A1: [0.09018927995602033, -0.17643691801716752, -0.009387974969539602, 0.1340512693795938] - [0.027093978838350557, 0.12761856477201522, -0.1273137073202679, -0.02694494788896459] - [0.007611747701493765, 0.23133509292704058, -0.11778735043832783, -0.09730926736166241] - [0.05607456439509553, -0.10622838968446835, -0.03818359010423657, 0.13565479764090857]
A2: [0.06158576587178276, 0.007251551549075008, -0.06697973166980507, 0.10989465122599171] - [0.1301225839712082, 0.3067180022640732, -0.3719541536097218, 0.046316031634263455] - [-0.07516536407869015, 0.4591467777826463, -0.42090804786818586, -0.21853504220861908] - [0.061545552703875975, -0.03158789880312672, -0.2021659217500272, 0.032287027295314144]
B1: 0.03236623534364083 - -0.013795631419689954 - -0.03285753254713045 - -0.030082771629772576
B2: 0.002527377700011822 - -0.006067192991086906 - 0.02532110106112134 - -0.01927080118806258
