Number: 724
Error: 2.9225982247087842e-15
A1: [-0.012152879622177079, -0.014516641948168032, 0.018087851760023397, 0.00858364684137013] - [0.06583521233184754, 0.189495238687009, -0.1453225941323167, -0.11000858646172378] - [-0.09629301902776548, 0.42178614307173085, -0.05345727356673411, -0.27203567013862534] - [-0.001321368313326234, -0.018219117983414763, -0.0038349702894204026, 0.023376896081867063]
A2: [0.1615865601282853, -0.1677549309219935, 0.008501176447984425, -0.0023332261332389276] - [0.03548571471737196, 0.20751671310647457, -0.11721043298769541, -0.12579203816813472] - [-0.08621360964823546, 0.5815380581413498, -0.23538878984987005, -0.2599356315246352] - [-0.0038343600956391934, -0.004518692699080547, 0.0011108578630440566, 0.007243973696649152]
B1: -6.605527300749523e-08 - -5.3559266687038e-08 - -2.5959744607475285e-07 - -4.1499663294848095e-08
B2: 3.218635835086554e-08 - -3.5311934746039575e-07 - -8.975222022734761e-08 - -5.1537312708610704e-08
