Number: 6332
Error: 1.064127448360022e-15
A1: [0.08043170622637498, -0.1804677892111956, -0.019588835457304214, 0.11962499327749898] - [0.03741562238167325, 0.13359642853080106, -0.13472614389484075, -0.03628578273296687] - [-0.0017027586411179612, 0.228190176877156, -0.12282832236192961, -0.10365884986890476] - [0.03886329327986651, -0.11448095986683406, -0.04641638258253445, 0.12203428676710293]
A2: [0.03530742489554029, -0.029273494012963162, -0.07569736722294078, 0.06966338873195783] - [0.10289381552411452, 0.28289676666897356, -0.3926063335260207, 0.006816063914898749] - [-0.011187052594983947, 0.5390146383658346, -0.3594509706316111, -0.1683764146223288] - [0.0978628387205752, 0.01746335598705082, -0.16885097309129765, 0.05352491964884213]
B1: -1.1586623419171316e-08 - 9.318937833325882e-09 - 1.5424954804132726e-08 - -3.9827023872586056e-09
B2: -1.4962968388839758e-08 - -1.5369270932225447e-08 - 2.5205957788327602e-08 - 9.737756781338907e-09
