Number: 8731
Error: 1.8965029264200896e-11
A1: [0.08043107806423463, -0.18046841727059978, -0.019589462853008707, 0.11962436519189526] - [0.037418244842260764, 0.13359904903219053, -0.13472352664516812, -0.03628316172048577] - [-0.0017041751647972531, 0.22818876039022926, -0.12282973680775329, -0.1036602660136476] - [0.03886191150664841, -0.1144823377390151, -0.04641776346360082, 0.12203290585611275]
A2: [0.03530743150990147, -0.02927348739589237, -0.0756973609423037, 0.06966339565240798] - [0.10288710255812428, 0.2828899967388028, -0.3926128262298921, 0.00680903447235769] - [-0.011189496910074486, 0.5390121794689843, -0.35945328423896034, -0.16837899027570785] - [0.09786226034611104, 0.017462774970002995, -0.16885152367412376, 0.053524312543925055]
B1: -1.531635460649289e-06 - 2.277741949515898e-07 - -1.2096432795808721e-06 - -1.39856275909353e-06
B2: 3.5028836344581894e-06 - 1.6054048166073705e-06 - 4.495257573910178e-06 - 3.933412483415752e-06
