Number: 7530
Error: 7.843843155765882e-16
A1: [0.08043172285882673, -0.18046777258063737, -0.019588818844749036, 0.1196250099080445] - [0.037415614081485485, 0.13359642023689114, -0.13472615217849027, -0.03628579102856154] - [-0.0017027702774349862, 0.22819016524108296, -0.12282833398120836, -0.10365886150211387] - [0.038863259051233195, -0.11448099399941597, -0.04641641678936663, 0.12203425255973474]
A2: [0.035307465920557106, -0.029273452874464166, -0.07569732821687465, 0.06966343166907557] - [0.10289379522474074, 0.28289674619731814, -0.3926063531592702, 0.00681604265844956] - [-0.011187051002824204, 0.5390146399674735, -0.35945096912453073, -0.16837641294468605] - [0.09786285695741376, 0.01746337430684115, -0.16885095573096118, 0.05352493879153213]
B1: 7.77801286644585e-09 - 1.5189409990323012e-08 - 1.8378614540841424e-08 - 1.2597348283619662e-08
B2: 1.6540169937303573e-08 - 8.683006498696537e-09 - 2.6522164617849982e-08 - 7.670801020800648e-09
