Number: 1428
Error: 4.749282606583954e-10
A1: [-0.007319996867739515, -0.01512745043330062, 0.002859444728632099, 0.01931872758744428] - [0.06679754308656831, 0.18985634307176796, -0.14676528515043663, -0.10989482633391984] - [-0.11276292106428398, 0.44161116690126306, -0.07097454197013277, -0.2582921099069123] - [-0.023633492533450432, 0.015084582376687626, -0.03020433865599038, 0.038632684547310184]
A2: [0.1316165308338714, -0.22459853852920122, 0.022696474743824472, 0.07019027996474206] - [0.032694843894169434, 0.203797058981902, -0.11483989313787707, -0.12140991505611298] - [-0.09476765419577761, 0.5553973144475781, -0.23534480791785023, -0.22577754120456806] - [-0.020701017816780107, -0.01915117173493744, 0.008243397272399434, 0.03230310951254643]
B1: -2.3540485208009277e-05 - -6.391966085046651e-05 - -2.8009062733315368e-05 - 3.4689552168061524e-05
B2: -2.033980018177422e-05 - 2.07575588376925e-06 - -3.356583410670332e-05 - -1.3636335581762573e-05
