Number: 2339
Error: 4.399662568787193e-06
A1: [0.05326852622044519, -0.06032988567816367, -0.03733649028774392, -0.003718193314736516] - [0.046736197326723246, 0.19418379026234533, -0.13977133145713705, -0.08859634883171268] - [-0.12472354048734012, 0.4144337832010292, -0.10540953522313903, -0.18774277842918108] - [0.0404677349710494, 0.023188489825780156, -0.028766676380530945, -0.01965451893353237]
A2: [0.1008273752206946, -0.13524290077271114, 0.12469981786831079, 0.060783568227681786] - [0.031180232538237946, 0.2021078280515422, -0.09989425970435, -0.12608275219391674] - [-0.11181519375972558, 0.495290826042205, -0.24417158572677147, -0.21287696742774653] - [-0.022287919033772946, 0.022240259396716366, -0.045895489018671076, 0.061439238870490326]
B1: -0.0001464132396044055 - 0.0025982686741872728 - 0.00092870025221787 - -0.01262651814445914
B2: -0.0013993929828192866 - -0.009613039121310894 - -0.0011527289824742794 - 0.001550933241697108
