Number: 3741
Error: 1.3873743639933037e-15
A1: [0.06621319914271827, -0.11395206263863158, -0.02398393283287599, 0.07172288558127553] - [0.03740259194779865, 0.18819335015477204, -0.14740896661798603, -0.07818703001837889] - [-0.06022934059046545, 0.32895082964549305, -0.1277530796088471, -0.14096829229634222] - [0.03904615216131048, -0.05332269268862481, -0.037418597142212406, 0.051695113723345266]
A2: [-0.009108481398760044, -0.3468030853382219, 0.24945518547788295, 0.10645677885013102] - [0.08003980046751201, 0.03628222971851382, -0.050250139910585016, -0.06607198738054042] - [-0.0424528529504986, 0.23083185412353574, -0.040531281436984826, -0.14784787601434035] - [0.06813484768544, -0.29346777634481197, 0.1417713153688733, 0.08356193771120979]
B1: -2.2460216135095856e-08 - 1.8601872386001155e-08 - 1.342256520611566e-08 - 2.264550926463853e-08
B2: -2.7674119663054187e-08 - 1.5233171343098262e-08 - -1.3158628878016977e-09 - 1.2747490086243911e-08
