Number: 688
Error: 1.3537790387318335e-14
A1: [-0.012153492541771093, -0.014517271479645742, 0.018087174298892037, 0.008582991865945319] - [0.06583584438546644, 0.1894958466958573, -0.1453219406442375, -0.11000788273351239] - [-0.096293104686028, 0.4217860602843141, -0.05345736651573534, -0.27203576993482775] - [-0.0013213265673263845, -0.01821907783594496, -0.003834925851764494, 0.023376944333365714]
A2: [0.1615865664237477, -0.16775492474479461, 0.008501182616603176, -0.00233321999621012] - [0.03548564130720974, 0.20751664087595967, -0.11721050609028627, -0.12579210998234253] - [-0.08621369640719975, 0.5815379731616767, -0.23538887426914853, -0.25993571612793415] - [-0.003834750971815991, -0.004519077076009457, 0.0011104709909540778, 0.007243599733382163]
B1: 3.029961344133421e-08 - -1.6860544645568024e-07 - -2.916206089320497e-08 - -1.2801374928033117e-10
B2: 1.321338236707823e-07 - -2.9187999040059635e-07 - -3.984952381961091e-08 - -1.6242505116767854e-07
