Number: 2204
Error: 0.0003051858056962617
A1: [-0.00022957914534797643, -0.09063771995202512, -0.05562438910825604, -0.014471831303070372] - [0.03573478789855295, 0.16973689386120872, -0.17278698601384102, -0.12388569231956591] - [-0.0482245944786119, 0.4886025925849, -0.031474120163902504, -0.1254562723752681] - [0.016084274188692918, 0.022510478351282906, -0.018256159080479492, -0.017799619141007566]
A2: [-0.03148708158308309, -0.32175965534095363, -0.03832291390479865, -0.07940447609564628] - [0.05401127590184564, 0.220102187939213, -0.08145305802032154, -0.10810687683187273] - [-0.0718979243577454, 0.5573766725611491, -0.1773929227171428, -0.17290358753122084] - [-0.03915602775446906, 0.046301653456093675, -0.009555272099159164, 0.06811460251082299]
B1: -0.030851275659264456 - -0.016628122283611727 - 0.021455097799385633 - 0.03215033479559423
B2: -0.012514949311736048 - -0.012299709941950402 - 0.01785454325660726 - 0.00013706618066366147
