Number: 4367
Error: 8.111777558509165e-16
A1: [0.06621304335851144, -0.11395221494160421, -0.023984088494837214, 0.07172273005851562] - [0.03740266351188894, 0.1881934185294105, -0.1474088962649779, -0.07818695965917587] - [-0.0602294695864436, 0.3289507057519031, -0.12775320583672592, -0.14096841784525774] - [0.039046129287023966, -0.053322714399947055, -0.0374186192722603, 0.0516950917729695]
A2: [-0.009108399224574942, -0.3468029981643706, 0.24945526831688916, 0.10645686500516698] - [0.08003985057471846, 0.03628228369834408, -0.050250085146241144, -0.06607193215116515] - [-0.042452718527606445, 0.23083200248095265, -0.04053113738409582, -0.1478477273476612] - [0.06813467487274343, -0.29346796661915175, 0.14177112802317726, 0.08356174395620866]
B1: -6.569094445867834e-08 - 1.98030562263604e-08 - 2.08045500682885e-08 - -4.306589256473232e-08
B2: 1.67064815110427e-08 - 4.629371022011014e-08 - -2.0369146290140157e-08 - -1.203072766914881e-07
