Number: 6674
Error: 8.95358088071073e-16
A1: [0.08043167456258485, -0.18046782087140179, -0.01958886708323512, 0.11962496161732403] - [0.037415573916639355, 0.13359638010244743, -0.13472619226330862, -0.03628583117115596] - [-0.001702845294991338, 0.22819009022512912, -0.1228284088889256, -0.10365893649965126] - [0.038863219430513865, -0.11448103350893478, -0.04641645638482869, 0.12203421296364819]
A2: [0.0353074217410017, -0.02927349717622369, -0.07569737022224296, 0.06966338543039731] - [0.10289374302182917, 0.2828966935513498, -0.39260640364926797, 0.00681598799438784] - [-0.011187173693142267, 0.5390145165453708, -0.3594510852536061, -0.1683765422277351] - [0.09786277092967628, 0.017463287887792542, -0.16885103762382356, 0.05352484849044163]
B1: 8.98347125545197e-10 - 1.8182139867091897e-08 - -1.6090345284556074e-08 - -6.240327956833359e-09
B2: 1.6650642664840906e-09 - 3.5573494267596395e-09 - -2.1798454215654397e-09 - -1.0351363782557737e-10
