Number: 7073
Error: 1.5039308709947479e-15
A1: [0.0804316999312823, -0.18046779550557687, -0.0195888417448687, 0.11962498698312467] - [0.03741560203054378, 0.13359640819507423, -0.13472616420541866, -0.03628580307282422] - [-0.0017027956287224073, 0.2281901398903369, -0.12282835929537794, -0.10365888684663835] - [0.038863240384205876, -0.11448101261404561, -0.0464164354444873, 0.12203423390431772]
A2: [0.03530744134675312, -0.02927347751624398, -0.0756973515813428, 0.06966340594994302] - [0.10289376274802559, 0.28289671344496786, -0.39260638457034636, 0.006816008650602392] - [-0.011187109795179376, 0.5390145808244492, -0.3594510247728123, -0.1683764748962126] - [0.09786280326793212, 0.01746332037314413, -0.16885100683990248, 0.05352488243508883]
B1: 1.7362063804522442e-08 - -2.0021778986862778e-08 - -2.688713654059746e-09 - 8.997123796415357e-09
B2: 6.766567957028875e-10 - -1.6372739708070828e-09 - 2.8939327940732884e-09 - -4.282098330295148e-09
