Number: 4556
Error: 9.54881723361131e-16
A1: [0.06621308990890748, -0.11395216943145432, -0.02398404198097474, 0.07172277653076752] - [0.037402503067120015, 0.18819326523530466, -0.14740905399449256, -0.0781871174026534] - [-0.06022956213931521, 0.32895061685996413, -0.1277532964035154, -0.14096850792479407] - [0.03904619242812577, -0.05332265446879389, -0.03741855818536659, 0.051695152363836684]
A2: [-0.009108522860354792, -0.3468031293226079, 0.24945514368068805, 0.10645673537978409] - [0.08003984802422065, 0.03628228095073839, -0.050250087933765696, -0.06607193496238278] - [-0.04245288245500806, 0.23083182156064733, -0.04053131305498658, -0.14784790864502537] - [0.06813469010137713, -0.293467949851759, 0.14177114453230405, 0.08356176103035029]
B1: -2.9000527163457848e-08 - -2.948894147206833e-08 - 1.102064940483382e-08 - 1.3044892893179859e-08
B2: -3.89386163567772e-08 - -5.851044929616989e-08 - 7.785000560780902e-08 - -3.082914082921015e-08
