Number: 865
Error: 1.996239147819562e-09
A1: [-0.012062336792585346, -0.014423652790959954, 0.018187922800183484, 0.008680396811812725] - [0.0658531298242295, 0.18951247481094124, -0.14530406847371896, -0.10998863692410886] - [-0.09623618765602455, 0.42184106606531213, -0.053395606805247076, -0.27196946181555587] - [-0.0012971918476172904, -0.018195867688331063, -0.003809236667143908, 0.023404839597944996]
A2: [0.1616179890215971, -0.16772408990192114, 0.008531972773552332, -0.0023025825819490506] - [0.035493674462528504, 0.20752454480760307, -0.11720250649189892, -0.12578425117758515] - [-0.08619389484493885, 0.5815573675340113, -0.23536960802745138, -0.2599164048739506] - [-0.003815824132813508, -0.004500464072582121, 0.00112920432716242, 0.007261709362630275]
B1: 4.183809722546786e-05 - 3.93308639488135e-05 - 3.778064033803759e-05 - 2.1869857869452488e-05
B2: -3.6572800526564974e-05 - -1.9703320922030443e-07 - -4.368377668869332e-06 - 1.3892421901112034e-05
