Number: 2814
Error: 1.0782182153766464e-08
A1: [0.06335538668726615, -0.04795107786934307, -0.023522207263287676, 0.007776560803758304] - [0.04363136966068105, 0.19124147529612276, -0.14259565365736115, -0.09254525677451599] - [-0.12329985189846275, 0.41500525251124104, -0.10471382093407501, -0.18692849031346223] - [0.03696698117128462, 0.019130140293943065, -0.03316962315188834, -0.023088940843942973]
A2: [0.06417454018991153, -0.1729562040529526, 0.08705466709694992, 0.024681731732617118] - [0.029348462079902184, 0.20035639130759933, -0.10165173964164935, -0.12781565888682775] - [-0.09319232067043529, 0.5138954941681096, -0.22538791052178817, -0.19488717518045487] - [-0.025356570484395737, 0.019088265582578392, -0.049716030721689064, 0.05753305724012382]
B1: 0.00011185210987641237 - 0.00010367292906495029 - -3.950818100999302e-05 - -6.931690366079939e-05
B2: -7.59177785937244e-05 - 1.0749029850122538e-06 - -9.299576172948477e-05 - -7.843128496023048e-05
