Number: 3405
Error: 8.466925725366573e-08
A1: [0.06758203911658352, -0.11261413951222474, -0.022617056891027176, 0.07308992530679033] - [0.03756001229091325, 0.1883434558065626, -0.14725436663588068, -0.07803196614300917] - [-0.06586255629477138, 0.32353549450811026, -0.13327121594268224, -0.14646131985792923] - [0.03715665204304786, -0.05511352737975407, -0.039245387802776664, 0.04987921107185181]
A2: [-0.007700069738488719, -0.3453089758890606, 0.2508736342552039, 0.10793589584394216] - [0.08075715557173344, 0.03705442746091393, -0.04946973226950449, -0.06528555344100284] - [-0.04207927597038174, 0.23124343842952697, -0.040134136663425815, -0.14743792071973225] - [0.0675698221952255, -0.29408851246781154, 0.14116806816799185, 0.08293465119541782]
B1: 0.00044162486032741456 - -0.0008489673161568865 - -0.0003475032636088737 - 0.0003072419092069955
B2: 2.8981301882421654e-05 - 0.00015579387090461407 - 0.00012679028231235987 - -0.0010087184219355855
