Number: 4841
Error: 1.0963626578104722e-15
A1: [0.06621309631821559, -0.11395216316536128, -0.02398403557668707, 0.07172278292932556] - [0.03740256347695342, 0.18819332295281915, -0.14740899460699078, -0.07818705800989004] - [-0.06022943627773227, 0.32895073774310124, -0.12775317324275587, -0.14096838542642579] - [0.03904614646070767, -0.05332269809931198, -0.03741860265724486, 0.05169510825302334]
A2: [-0.009108706980631775, -0.34680332464518604, 0.24945495807068982, 0.10645654233996382] - [0.08003986353389544, 0.03628229765909286, -0.05025007098254844, -0.06607191786725822] - [-0.04245279735904985, 0.2308319154777197, -0.04053122186283603, -0.14784781453227006] - [0.06813485026126208, -0.29346777350901526, 0.14177131816083685, 0.08356194059883053]
B1: 2.8238787003133397e-08 - 4.039082949475299e-09 - -5.357734496331115e-09 - 7.305152231585302e-09
B2: 3.1705396659987623e-08 - 2.521063672716692e-08 - -3.2491160851216484e-08 - 3.02602864252541e-08
