Number: 7452
Error: 1.0584245793100772e-15
A1: [0.08043172496845212, -0.18046777047124926, -0.019588816737645152, 0.11962501201743075] - [0.03741563194431, 0.1335964380861973, -0.13472613435125733, -0.036285773175630746] - [-0.0017027808698138116, 0.2281901546489321, -0.12282834455807701, -0.10365887209166355] - [0.038863272977051735, -0.11448098011267671, -0.046416402872420714, 0.12203426647690001]
A2: [0.035307372954039545, -0.029273546098110618, -0.07569741660831458, 0.06966333436959475] - [0.1028937603615892, 0.2828967110382827, -0.3926063868784671, 0.0068160061516547524] - [-0.011187013083870437, 0.5390146781125954, -0.3594509332333944, -0.16837637298818472] - [0.09786283256245137, 0.017463349800916052, -0.16885097895340406, 0.053524913184783106]
B1: -3.32958818170187e-08 - 4.443777995649358e-09 - 1.924225631672209e-08 - 2.6050141743843336e-09
B2: 6.307649748863753e-09 - 7.30957872244787e-09 - 1.3605643299404218e-08 - 7.081771790837943e-09
