Number: 4761
Error: 1.291373453133773e-15
A1: [0.06621319718128196, -0.1139520645562402, -0.023983934792787164, 0.07172288362310457] - [0.03740263762765863, 0.1881933937988003, -0.14740892171115977, -0.07818698510761336] - [-0.06022936083283057, 0.3289508102037989, -0.12775309941683438, -0.14096831199757376] - [0.03904617125755976, -0.053322674563082734, -0.03741857866716311, 0.0516951320483129]
A2: [-0.009108568525361599, -0.34680317776601965, 0.24945509764617432, 0.10645668750251455] - [0.08003988951773111, 0.03628232565111084, -0.050250042583719755, -0.06607188922729343] - [-0.042452760599372204, 0.2308319560479054, -0.0405311824697718, -0.14784777387750517] - [0.06813484246310443, -0.29346778209509505, 0.14177130970690927, 0.08356193185570227]
B1: 8.60968320327283e-09 - 2.4984574475965857e-08 - -1.0379069291617231e-08 - -5.421809786807963e-09
B2: 1.3069917616753707e-08 - 1.503734113230323e-08 - -1.3163612980944532e-09 - 2.4576728594693787e-09
