Number: 4125
Error: 8.465589984332717e-16
A1: [0.0662131894539741, -0.11395207211085935, -0.023983942514006106, 0.07172287590880473] - [0.037402625891946345, 0.1881933825861087, -0.14740893324826995, -0.0781869966457253] - [-0.06022943332373455, 0.3289507405802987, -0.1277531703521279, -0.1409683825515449] - [0.039046114543405126, -0.05332272839410156, -0.037418633536269265, 0.05169507762477288]
A2: [-0.00910858014753077, -0.34680319009531557, 0.2494550859300939, 0.1064566753173844] - [0.08003985359015611, 0.03628228694682692, -0.05025008185054289, -0.06607192882750493] - [-0.04245270447726018, 0.23083201798784522, -0.040531122327181396, -0.14784771180851003] - [0.06813472821626844, -0.2934679078856959, 0.1417711858526328, 0.08356180376405335]
B1: -3.134958741540107e-08 - 1.12327620479346e-08 - 3.191893797261464e-08 - -2.898803135078302e-08
B2: -2.1123682291140163e-09 - -3.334469661639808e-09 - 2.738249845901175e-09 - -1.203755474262612e-08
