Number: 3024
Error: 7.606634089862752e-09
A1: [0.06261863844785483, -0.048684155633946444, -0.024251258550278865, 0.007043031430755505] - [0.04392357879266932, 0.1915234497964868, -0.142293433303898, -0.09222191388568199] - [-0.12380414803004806, 0.4145102659090967, -0.10521306353683092, -0.18742253800776293] - [0.03650435502198776, 0.018667926109380492, -0.03363470689533408, -0.023553578775615792]
A2: [0.06285897645685845, -0.17426765167023797, 0.08574751348857675, 0.02338029464823483] - [0.029091130148643347, 0.20010297155414614, -0.10190844714536283, -0.1280683809359422] - [-0.09329577859197982, 0.5137919846245734, -0.22549186044071431, -0.1949844662016926] - [-0.02569575109241646, 0.018744240765401, -0.050063403083503155, 0.05720437117721075]
B1: 0.00016068193849114046 - -0.00022594677765507305 - -6.928188357936654e-05 - -0.00021520562497731908
B2: -9.444238694039187e-05 - -8.746079385129871e-05 - 0.00016390594047956196 - -9.594177594224926e-05
