Number: 1325
Error: 7.2089289381370065e-09
A1: [-0.00723903177468074, -0.01504565364960586, 0.002943938971096159, 0.01940181624121614] - [0.06674578474587214, 0.18980649444902034, -0.1468189044998551, -0.10995238746680798] - [-0.11283536631175778, 0.44154076743369913, -0.07104968849950144, -0.2583705545281961] - [-0.02380054130911427, 0.01492072682526846, -0.030374316295245743, 0.03845637040869167]
A2: [0.13136259279835283, -0.2248487149906067, 0.02244718138918366, 0.06994210930895713] - [0.03267299678699241, 0.20377551987862946, -0.11486177988087531, -0.12143132239741006] - [-0.0951242295754785, 0.5550466318735999, -0.23569510137182295, -0.22612794057895255] - [-0.021113097821913392, -0.019557895701782457, 0.007835013967243893, 0.031907134799676495]
B1: 0.0001336108235889286 - -0.00011059726962670945 - -1.8662161286506644e-05 - 0.00012210688100664099
B2: -2.8178742238645336e-05 - 5.212147718272338e-05 - -6.596522931832034e-05 - -6.78452075221176e-05
