Number: 5691
Error: 0.016719133887959918
A1: [0.025942620936949344, -0.15103165521848086, -0.06356505880230287, 0.033603674271202824] - [0.03139330087054355, 0.18909776778544107, -0.15000976500533295, -0.07915365444962212] - [-0.2112612011363042, 0.1578068401644735, -0.2948584690149425, -0.32556546927444335] - [0.08832509219130953, 0.007492833907776695, 0.01800897384721491, 0.11728797501994981]
A2: [0.08844073828495716, -0.24012887250021805, 0.33149323385097385, 0.2228422006832022] - [0.16505459104483797, 0.13207972166474974, 0.04296677667409575, 0.028449425478732145] - [0.08838278839520276, 0.379792002333352, 0.09549955280203108, 0.0009713883022460373] - [0.24018640189785442, -0.09900850019196121, 0.3350386075123429, 0.2694860937659981]
B1: -0.07532922807066103 - -0.1096236390684373 - -0.08811054519764872 - -0.09336627234419154
B2: 0.06979637126130613 - 0.11946071513500468 - 0.10554568831915127 - 0.029930519250688695
