Number: 6503
Error: 9.655471261318916e-16
A1: [0.08043168633061927, -0.18046780910470006, -0.0195888553292719, 0.11962497338401432] - [0.03741558582953977, 0.13359639200633042, -0.13472618037414438, -0.036285819264854205] - [-0.0017028147815508967, 0.22819012073792105, -0.12282837842016253, -0.10365890599435484] - [0.03886322650148311, -0.11448102645781108, -0.04641644931836452, 0.1220342200302232]
A2: [0.03530744035512177, -0.029273478510619545, -0.07569735252417929, 0.06966340491209716] - [0.10289373395547878, 0.2828966844080514, -0.3926064124181215, 0.006815978500590992] - [-0.011187097684320777, 0.5390145930075562, -0.35945101330962764, -0.16837646213455917] - [0.0978628020040217, 0.01746331910348553, -0.16885100804306574, 0.05352488110839674]
B1: -1.6174396670839593e-09 - 4.558628172834465e-10 - -7.267323297231245e-10 - 8.387089211090234e-10
B2: 5.7887017246669585e-11 - -2.139655205582011e-09 - 4.828281169188298e-09 - -3.770619373333789e-09
