Number: 7789
Error: 9.226682611499273e-16
A1: [0.08043169519275416, -0.180467800243576, -0.019588846477727052, 0.11962498224514061] - [0.03741556348675209, 0.13359636968044838, -0.13472620267239738, -0.03628584159526114] - [-0.0017028067028194763, 0.2281901288164761, -0.12282837035325286, -0.10365889791777248] - [0.03886323683308478, -0.11448101615521272, -0.046416438993343204, 0.1220342303554035]
A2: [0.03530744100412305, -0.02927347785980589, -0.07569735190711188, 0.06966340559133898] - [0.10289371661576363, 0.28289666692119886, -0.3926064291888689, 0.006815960343406506] - [-0.011187133074394456, 0.539014557406389, -0.35945104680711304, -0.16837649942630117] - [0.09786278633868631, 0.017463303366901117, -0.1688510229554607, 0.053524864664908536]
B1: -8.738966998646601e-09 - 1.0678089236216083e-08 - -6.6619404684449915e-09 - -7.27628442363981e-09
B2: -7.45095870702836e-09 - 7.3501747323199615e-09 - -1.3946390777223522e-08 - -3.961127232774718e-09
