Number: 807
Error: 1.680855933733365e-12
A1: [-0.012158970333339798, -0.014522897726558372, 0.0180811196759837, 0.008577138213475619] - [0.0658342347067618, 0.18949429825501451, -0.14532360490984791, -0.11000967494818495] - [-0.09630279668591914, 0.4217766931378911, -0.05346788351415183, -0.2720470615671523] - [-0.0013120017944279279, -0.01821011004636685, -0.0038249999213047082, 0.023387722185644978]
A2: [0.16158769547667487, -0.16775381694707978, 0.008502288904972162, -0.002332119313158839] - [0.03548657745595775, 0.20751756198216417, -0.11720957386564167, -0.12579119418016604] - [-0.08621414155879824, 0.5815375371325034, -0.2353893074105155, -0.25993615021893424] - [-0.0038328158123807645, -0.004517174081016475, 0.0011123863230752965, 0.007245451187553655]
B1: 3.869147308975963e-07 - 1.6900668888289885e-06 - -1.2794674657327193e-07 - 1.0489868419205686e-06
B2: 9.967163083160631e-07 - -1.5236947576656356e-06 - -6.469197670204528e-07 - 2.6407652205206667e-06
