Number: 586
Error: 3.1821568282312333e-14
A1: [-0.01215395475984844, -0.014517746226524214, 0.018086663408725823, 0.008582497932754939] - [0.06583539104073337, 0.18949541059749753, -0.14532240936308272, -0.11000838748745292] - [-0.09629164181572089, 0.4217874741283993, -0.053455779121924535, -0.2720340656159868] - [-0.001322339417311859, -0.018220051910434302, -0.0038360039959339336, 0.023375773648706414]
A2: [0.16158655981427203, -0.1677549312270666, 0.00850117614592242, -0.0023332264383463565] - [0.035485841983771735, 0.20751683832781428, -0.1172103062545681, -0.12579191366873793] - [-0.08621379228060436, 0.5815378792567373, -0.23538896755308805, -0.2599358096179624] - [-0.003834739980802214, -0.004519066265252549, 0.001110481874132493, 0.007243610249777053]
B1: -1.376249619695989e-07 - 1.7754495956315385e-07 - -9.342389646943863e-08 - -5.7092399585744066e-08
B2: -8.181627773326583e-08 - 6.882317281270793e-08 - 2.709529179056176e-07 - -1.2294823421020287e-07
