Number: 6548
Error: 9.365555634250861e-16
A1: [0.08043168567717313, -0.18046780975807225, -0.0195888559819367, 0.11962497273064279] - [0.037415582646656426, 0.13359638882585606, -0.1347261835506858, -0.03628582244597443] - [-0.0017028055997428658, 0.2281901299195333, -0.12282836925179816, -0.10365889681499725] - [0.03886322125669026, -0.11448103168788495, -0.046416454559815266, 0.1220342147886901]
A2: [0.03530742806154274, -0.029273490838200997, -0.07569736421275335, 0.06966339204552907] - [0.10289373725629193, 0.2828966877368791, -0.3926064092256186, 0.006815981957025407] - [-0.011187113289196535, 0.5390145773096036, -0.35945102807997636, -0.1683764785779679] - [0.09786279620065418, 0.01746331327372036, -0.16885101356749413, 0.05352487501674799]
B1: -2.595625549597891e-10 - -1.939142469115725e-09 - -1.3963762844093686e-09 - -3.150820996124877e-09
B2: -1.4676665962291486e-09 - -6.2544928996756965e-09 - 1.1883598249755577e-08 - -8.590964458135814e-09
