Number: 6625
Error: 1.2339224901549146e-15
A1: [0.08043168186055065, -0.1804678135742624, -0.01958885979399553, 0.1196249689144563] - [0.037415595740467364, 0.13359640190975725, -0.1347261704829645, -0.03628580935941676] - [-0.001702847493625548, 0.2281900880265437, -0.12282841108434166, -0.10365893869769924] - [0.03886324269206044, -0.11448101031267023, -0.04641643313810384, 0.1220342362107378]
A2: [0.03530746124728441, -0.02927345756067133, -0.07569733266018404, 0.0696634267780183] - [0.10289375071908295, 0.2828967013139305, -0.3926063962045848, 0.006815996054537767] - [-0.011187086312839276, 0.5390146044468644, -0.3594510025462765, -0.16837645015202812] - [0.09786282746682451, 0.017463344682110794, -0.1688509838041328, 0.05352490783605877]
B1: 1.1892738722506902e-09 - 7.0154605835571515e-09 - 1.038126141560739e-09 - 8.413730579197564e-10
B2: 1.7432422362148607e-09 - 8.234580288956177e-09 - -1.9002468316481027e-08 - 1.1916614145220074e-08
