Number: 5409
Error: 1.144784060784426e-15
A1: [0.06621313537895789, -0.11395212497742006, -0.023983996546555853, 0.07172282192455658] - [0.037402518247535564, 0.18819327973927835, -0.14740903907088518, -0.07818710247772737] - [-0.06022920546916876, 0.3289509594220892, -0.12775294738682552, -0.14096816078514465] - [0.03904622313307991, -0.0533226253244931, -0.03741852847902149, 0.051695181828933165]
A2: [-0.00910845073573559, -0.3468030528098994, 0.24945521638844032, 0.10645681099829388] - [0.08003974598437047, 0.0362821710247874, -0.05025019945698785, -0.06607204743286348] - [-0.04245279553562816, 0.2308319174900475, -0.0405312199091703, -0.14784781251570983] - [0.06813475472869812, -0.29346787869431445, 0.14177121459411585, 0.08356183348951654]
B1: -1.9830090128854922e-08 - 4.827901167924236e-08 - -4.004939482815829e-08 - -4.706603396782091e-08
B2: -9.275614139073795e-10 - -3.295789198106945e-10 - -8.059937665089739e-08 - 6.962703084733393e-09
