Number: 1131
Error: 3.6773827390524105e-06
A1: [-0.0018002966485019848, -0.009508241757677512, 0.008688578449661583, 0.024910043956355928] - [0.06315241064362138, 0.18632005465342807, -0.15055133197569373, -0.11391571306644978] - [-0.10586678259615077, 0.44845280352286526, -0.06368318733895979, -0.25089824454340426] - [-0.02091973626808758, 0.017729652135925863, -0.027278926448574728, 0.04147419667406457]
A2: [0.13024137204557992, -0.22593137042388015, 0.02137263222119549, 0.06879879980736377] - [0.02555128237699088, 0.19679795661056684, -0.12195591635073554, -0.12839849635704872] - [-0.10431836206229105, 0.5461298165410738, -0.24471226802567422, -0.23523375337909389] - [-0.011188756103594325, -0.009882174151927348, 0.01772073120584807, 0.04131762469828332]
B1: 0.0007856735615258967 - -0.0007835298692207773 - 0.004284899327523777 - -0.0028167172808259734
B2: 0.0004163807144882747 - -0.001473746891980723 - 0.00042571253401138055 - 0.00035282130495924635
