Number: 986
Error: 0.0008108263221529053
A1: [-0.016336739997047506, -0.018909845301699237, 0.01115430715312948, 0.0049231944526775505] - [0.04525803942543566, 0.16961251105100456, -0.16668679023333352, -0.1327674712114864] - [-0.07490546725283408, 0.4429467413786037, -0.033633609262886936, -0.24631862250720934] - [0.012868966246465635, -0.003977571142443133, 0.007907765348918266, 0.041208162058982305]
A2: [0.14516272344716932, -0.18651531887099138, -0.005806509452808261, -0.01736262070689718] - [0.037233641131066995, 0.20874610219407322, -0.11517051736036087, -0.12398515312336579] - [-0.0887605460354336, 0.5760034344432268, -0.2359536497296912, -0.261356739464554] - [-0.00014477478802402306, -0.002064946976608899, 0.005900978608977617, 0.011532603711249163]
B1: -0.015848236683317144 - -0.019364057332666364 - -0.02070578125503254 - -0.01593623395062005
B2: 0.009211427899774614 - 0.01931806143611719 - 0.006985203391654003 - 0.011056247353574897
