Number: 46
Error: 0.0007512435890516137
A1: [-0.03057195507493106, -0.03411916094746885, -0.0012245196384386512, -0.008433874758708822] - [0.12499064059566342, 0.2540149003437472, -0.09022304954996868, -0.06913094373730057] - [-0.16903349308322504, 0.35080583902072665, -0.13122627558313363, -0.3466566455725529] - [-0.018720558612280523, -0.03036796783342808, -0.021966971315786725, 0.002109178539937931]
A2: [0.3892021438287819, 0.057102849245487225, 0.22853013460366287, 0.21851212018468938] - [0.1283680855717005, 0.2966777105525523, -0.031421383709671215, -0.04044258303466144] - [0.17061548116569317, 0.8375783210975843, 0.01321254966580671, -0.008969773102517772] - [0.47326084234679644, 0.4721645390735471, 0.4732571530212809, 0.46490595890921277]
B1: 0.038676863448534674 - 0.4277692252082353 - -0.034769318719976045 - -0.0494289398982179
B2: 0.01790885700038241 - 0.4484421576305892 - -0.008651987342594676 - -0.0046595258991048265
