Number: 8297
Error: 1.0413885571066682e-15
A1: [0.08043166742782962, -0.18046782800537564, -0.019588874209519054, 0.11962495448334455] - [0.03741550509372597, 0.1335963113316638, -0.1347262609489434, -0.03628589995586631] - [-0.001702853649794302, 0.22819008187049358, -0.12282841723150421, -0.10365894485223055] - [0.03886321153778, -0.11448104137953072, -0.04641646427255883, 0.12203420507580129]
A2: [0.03530760885821925, -0.029273309541428795, -0.07569719231322208, 0.0696635812684925] - [0.10289380133182897, 0.28289675235623496, -0.3926063472525179, 0.0068160490533887615] - [-0.011187071114200453, 0.5390146197360848, -0.35945098816036325, -0.16837643413678774] - [0.0978626053798745, 0.017463121584966476, -0.1688511952168831, 0.053524674717443314]
B1: -2.8694290843138527e-08 - 7.197107338048252e-08 - -5.6881603938714095e-08 - -4.1997250023520956e-08
B2: 4.7513985701718e-09 - -4.0637157431473986e-08 - -1.6270522389620985e-08 - 6.152258167091576e-09
