Number: 5949
Error: 1.5297044495790797e-10
A1: [0.08046130873527174, -0.1804381915522337, -0.01955926670230683, 0.11965459331028602] - [0.037328206144277676, 0.13350907774012838, -0.13481338778376642, -0.03637315155671875] - [-0.001699468586656257, 0.22819346693627293, -0.12282503397414653, -0.10365555904368297] - [0.03888988248488175, -0.11445444353907801, -0.046389807119991786, 0.12206086089759814]
A2: [0.03538928396154596, -0.02919141507462831, -0.07561953858658924, 0.06974906413080917] - [0.10300895534582483, 0.28301287649795936, -0.39249497563663927, 0.006936629273263324] - [-0.011139089391620813, 0.5390628850621635, -0.3594055747389116, -0.16832587558405293] - [0.09791945303366016, 0.017520223984223628, -0.16879708188894096, 0.05358434601775809]
B1: 2.140452961637075e-07 - -6.316323506628942e-06 - 1.4732744470471707e-05 - 1.1598669396412978e-05
B2: 1.2538007308635064e-05 - -1.3558224756864178e-05 - 1.131928428093788e-06 - -1.2358809157805805e-05
