Number: 897
Error: 8.967691748621025e-09
A1: [-0.011778148441281234, -0.014131849522602165, 0.018502018283445918, 0.008984028623848516] - [0.06578082933959394, 0.1894429267239086, -0.14537882011704975, -0.11006913222686791] - [-0.09607693268880776, 0.4219949522947812, -0.053222804397679825, -0.2717839357905008] - [-0.001447247558422314, -0.01834014577771246, -0.00396896101986887, 0.023231465059341955]
A2: [0.16166226943291045, -0.16768055635780113, 0.00857542903088357, -0.002259283064349792] - [0.03553084658941869, 0.20756112454396658, -0.11716548654438398, -0.1257478873721726] - [-0.08610878322354672, 0.581640811113241, -0.23528673426930755, -0.25983330760519835] - [-0.0037551777741968956, -0.004440799709778756, 0.001189247888126982, 0.00731974138697694]
B1: -2.7091947796952367e-05 - -0.00013796002001704576 - -3.1457978226089834e-05 - -3.823346556057196e-05
B2: -2.803965030802452e-05 - -1.0335440178524993e-05 - 1.2183453016610378e-05 - 0.00014049681594740712
