Number: 7841
Error: 7.130589693915999e-16
A1: [0.08043164040148477, -0.18046785502864168, -0.01958890120348454, 0.1196249274601277] - [0.037415540813990456, 0.13359634702484957, -0.1347262252999825, -0.03628586425546255] - [-0.0017028402685819498, 0.22819009525142742, -0.1228284038698708, -0.1036589314745777] - [0.038863174146144666, -0.11448107866623244, -0.04641650164034107, 0.12203416770742245]
A2: [0.03530726807660067, -0.029273651265604772, -0.07569751632460307, 0.06966322460414662] - [0.10289373211963783, 0.2828966825566534, -0.3926064141937166, 0.006815976578217379] - [-0.01118705677961459, 0.539014634156226, -0.3594509745923562, -0.16837641903192427] - [0.09786276666070069, 0.01746328359941189, -0.16885104168765314, 0.05352484400945722]
B1: 2.3292171790268713e-08 - 3.3007402058875407e-10 - 2.6530517377202846e-08 - 1.9794221844957187e-08
B2: 5.119110275314858e-09 - 6.676800369451105e-08 - 6.5138051385324275e-09 - 8.571406238890674e-09
