Number: 6011
Error: 1.79433144963794e-12
A1: [0.08042999683475495, -0.18046949841335486, -0.019590542802673187, 0.11962328408348996] - [0.03741332905277, 0.13359413690296923, -0.13472843272318985, -0.036288074828378494] - [-0.0016980063720791424, 0.22819492907001432, -0.12282357699530315, -0.10365409883891323] - [0.03886356645577055, -0.11448068744697146, -0.04641610955692209, 0.12203455978606553]
A2: [0.0353151233965646, -0.029265774239689634, -0.07569004755131972, 0.06967144607556522] - [0.10289774957171252, 0.282900734101184, -0.39260252858049277, 0.006820183439233814] - [-0.011190251565557368, 0.5390114203500234, -0.35945399855079, -0.1683797855006726] - [0.09786472713620337, 0.01746525300561895, -0.16884917543605038, 0.05352690187886032]
B1: 4.423346043014079e-06 - -3.956597326338991e-06 - 6.119798889759125e-07 - 1.917876957046976e-06
B2: 1.0329264096764889e-06 - 3.4607803066080747e-06 - -1.756627583065303e-06 - 5.074963060097795e-07
