Number: 7510
Error: 1.0697095724981314e-15
A1: [0.08043171023981194, -0.18046778519822276, -0.019588831448675032, 0.1196249972904713] - [0.037415609418841235, 0.133596415577776, -0.13472615683184408, -0.036285795688622766] - [-0.0017027938832310187, 0.22819014163579096, -0.12282835755244144, -0.10365888510160938] - [0.0388632536881614, -0.11448099934743693, -0.04641642214902083, 0.12203424719999635]
A2: [0.03530741435596283, -0.029273504581676515, -0.07569737724387046, 0.06966337770117349] - [0.10289377968520808, 0.28289673052590136, -0.39260636818890843, 0.0068160263862962756] - [-0.011187062660842201, 0.5390146282399217, -0.3594509801591072, -0.16837642522913673] - [0.09786284811613655, 0.01746336542534851, -0.16885096414729056, 0.05352492951107575]
B1: -8.808041815596942e-09 - 9.58867736791146e-09 - 1.8847590208135986e-08 - 5.1369078505413164e-09
B2: 6.405244508133591e-09 - 4.4764183068172785e-09 - 1.1363690600234738e-08 - 3.3753814935259237e-09
