Number: 3740
Error: 1.252585151874382e-15
A1: [0.06621320510085933, -0.11395205681363596, -0.023983926879410335, 0.07172289152941706] - [0.03740258452414253, 0.18819334306197305, -0.14740897391600932, -0.0781870373170469] - [-0.06022933862710119, 0.328950831531196, -0.127753077687615, -0.14096829038544395] - [0.039046126708497525, -0.05332271684746646, -0.03741862176695252, 0.05169508929855533]
A2: [-0.009108467899133992, -0.34680307101721763, 0.24945519908673766, 0.10645679300376032] - [0.08003980284012097, 0.036282232274494626, -0.05025013731745737, -0.06607198476539333] - [-0.042452849600695244, 0.23083185782059124, -0.040531277847199586, -0.1478478723095812] - [0.06813485949478368, -0.29346776334219576, 0.14177132817135385, 0.08356195095168267]
B1: -2.4078078546298178e-08 - 1.646221282901771e-08 - 7.530962376750262e-09 - 2.2216412566021238e-08
B2: -2.762005963750201e-08 - 2.3061360221772872e-08 - 9.16882890348756e-12 - 1.8735921927362873e-08
