Number: 7508
Error: 1.1394204004207865e-15
A1: [0.08043170821094464, -0.18046778722686022, -0.019588833475116366, 0.11962499526183579] - [0.03741560931588439, 0.13359641547489712, -0.13472615693459578, -0.03628579579152255] - [-0.0017027969682697121, 0.2281901385508181, -0.12282836063296311, -0.10365888818582468] - [0.03886325186555657, -0.11448100116492683, -0.04641642397046424, 0.12203424537852435]
A2: [0.03530741392671625, -0.02927350501211031, -0.07569737765199294, 0.0696633772519207] - [0.10289377100123612, 0.28289672176822844, -0.3926063765879355, 0.0068160172929131214] - [-0.011187065384685509, 0.539014625499832, -0.35945098273728604, -0.1683764280993434] - [0.09786283961224891, 0.017463356882780168, -0.16885097224244658, 0.053524920584768265]
B1: -9.894383295047735e-09 - 9.208803019151478e-09 - 1.532158988334928e-08 - 4.550060402277603e-09
B2: 7.153663557248006e-09 - 4.82581270826404e-09 - 1.1825023663661156e-08 - 4.937061521582262e-09
