Number: 1626
Error: 2.3616664361319495e-07
A1: [-0.006083332859599255, -0.01388049743538348, 0.0041460793972950515, 0.020579360256163356] - [0.06655622283304023, 0.18962432182483357, -0.14701571354331874, -0.11016233975053905] - [-0.1137431806943431, 0.44064693586366843, -0.07199315156149594, -0.2593568772379934] - [-0.022400539203876295, 0.0162924989820177, -0.028945690033701354, 0.03992849768979651]
A2: [0.1311281979345975, -0.2250816190744455, 0.022212515118282775, 0.0697091626459053] - [0.032296771898521356, 0.2034057708437126, -0.11523562266683382, -0.12179898015136975] - [-0.09505160208021805, 0.5551207185770639, -0.23562457940763756, -0.2260580705378987] - [-0.020390940453262632, -0.018856415737315793, 0.008543566925825542, 0.03259444095838093]
B1: -0.0002559536605126713 - -9.511309069099922e-05 - -2.6618539248144898e-05 - 2.3713716196455475e-05
B2: 0.000809395792190009 - -0.0005158471120959524 - 0.0006750926540727355 - 0.00040958494464961537
