Number: 1621
Error: 2.737948079564004e-07
A1: [-0.006935530161264861, -0.014739735973470875, 0.0032601976138262965, 0.019704371207074953] - [0.06690560043184535, 0.1899605554849157, -0.14665449933411118, -0.10977368058597442] - [-0.11302393529637635, 0.4413528478486925, -0.0712433050305082, -0.25857661426140166] - [-0.023512676272122154, 0.0152005074204916, -0.030080926554204235, 0.03875411480438451]
A2: [0.1318881702740027, -0.2243349213174205, 0.022958563569566732, 0.07045258148786492] - [0.032478391601677904, 0.20358430336656036, -0.1150548545971008, -0.12162128976729296] - [-0.0946315256923108, 0.5555328815383972, -0.23521265936325733, -0.2256446625058079] - [-0.020670600362429355, -0.019133213756392188, 0.008264257543303438, 0.03232658208760666]
B1: 0.00011886410149568013 - 0.0003577195075434811 - 0.0001805906094135866 - 2.0430187061071595e-06
B2: -5.649613429139068e-06 - -0.0010600768908244484 - -0.0002574543989332372 - -0.00010859811038214196
