Number: 4946
Error: 1.047066996913323e-15
A1: [0.06621322314402545, -0.11395203917364696, -0.023983908850395336, 0.07172290954230645] - [0.037402656727361774, 0.18819341204728757, -0.14740890293467648, -0.07818696632946816] - [-0.06022937456737549, 0.32895079701252694, -0.12775311285661806, -0.14096832536508083] - [0.039046154255887984, -0.05332269070041685, -0.03741859511566234, 0.05169511573336914]
A2: [-0.00910865303389806, -0.3468032674161864, 0.2494550124539325, 0.106456598900132] - [0.08003985174886276, 0.036282284963252774, -0.050250083862889455, -0.0660719308569798] - [-0.04245281060206398, 0.23083190086194966, -0.04053123605453473, -0.147847829178513] - [0.06813474811252554, -0.2934678859789608, 0.14177120742198174, 0.08356182607153372]
B1: 2.5569749922301214e-08 - -2.3683454244124868e-08 - 1.0589411818778484e-09 - 1.1798311202722381e-08
B2: 1.4969491195886746e-08 - 4.542795507087713e-08 - -7.372312965828843e-09 - -1.9896710339508262e-08
