Number: 1111
Error: 3.078888109970594e-06
A1: [-0.008708287897456566, -0.016482403515154412, 0.0014970923462275766, 0.017807688701792872] - [0.061832062501233104, 0.1850377909747238, -0.1519311950531168, -0.11537962119630052] - [-0.12262089164751672, 0.43202837952160666, -0.08113451990345204, -0.2691191768075206] - [-0.024111438868430937, 0.014585057878347909, -0.03050165052694792, 0.038083383399818704]
A2: [0.1276175120616212, -0.22850371830098679, 0.018839247883460756, 0.06620966896299606] - [0.013220430447344637, 0.18467454861571025, -0.13421750609200606, -0.14049013687694026] - [-0.09326639151613157, 0.5569867242443379, -0.23386431656778658, -0.22438781346015352] - [-0.03224452243043136, -0.03062735073124101, -0.0030082376686837477, 0.021016472643638828]
B1: -0.00017515119003631082 - 0.0004968400360802704 - -0.002698292013249505 - 0.0019556699214395993
B2: 0.00257757172322167 - -0.005020501576226406 - -0.0013035177443277701 - 0.003031263336178263
