Number: 5845
Error: 7.192377892852826e-07
A1: [0.08129326058766784, -0.17962033114215806, -0.018718192289369554, 0.1204909887629489] - [0.04111377204462845, 0.13728229634832217, -0.13103435953554213, -0.032589860409892625] - [-0.0022374873327184056, 0.22764865486903355, -0.12335283453766571, -0.10418881611323347] - [0.03755153940517646, -0.11580090739028555, -0.0477085974752864, 0.12073305985883062]
A2: [0.03338019158173348, -0.031213595764130315, -0.07752340264214261, 0.06765777393531523] - [0.09569432798339712, 0.2756044809566474, -0.39957330095669386, -0.000704432266466807] - [-0.009310455298303348, 0.5409119247959935, -0.35766579767379614, -0.16639881921995295] - [0.09786383666217098, 0.017465911629667256, -0.16884368325428117, 0.053529635939221464]
B1: 9.8141712546699e-05 - -0.0003134260290310094 - -0.0009621071296195033 - -0.00037375649205111897
B2: 0.000771577402216461 - 0.0004424521463217054 - -6.423810645195662e-05 - 0.00048113761497174624
