Number: 5133
Error: 1.6210424301914342e-15
A1: [0.06621318323209767, -0.1139520781937085, -0.023983948731039574, 0.07172286969732364] - [0.03740258863497803, 0.1881933469896401, -0.14740896987469201, -0.07818703327540928] - [-0.06022908798140937, 0.3289510722628524, -0.12775283242024102, -0.14096804643697133] - [0.039046113911264765, -0.05332272899405033, -0.03741863414781088, 0.051695077018138615]
A2: [-0.009108498518541295, -0.34680310349980664, 0.24945516821941402, 0.10645676090083456] - [0.0800398010510297, 0.03628223034721323, -0.05025013927266939, -0.06607198673725362] - [-0.042452852966414774, 0.2308318541061253, -0.040531281453882746, -0.14784787603171395] - [0.06813472518354005, -0.2934679112247023, 0.14177118256468127, 0.08356180036405937]
B1: 5.9421752358630323e-08 - -2.2799040262321763e-08 - -4.3805633516636544e-08 - -3.350591044799789e-08
B2: 3.07976838826081e-09 - 1.5455790982599726e-08 - -5.221081546675508e-08 - 4.8360099011322375e-09
