Number: 9548
Error: 9.769560112993052e-14
A1: [0.05317302889686674, -0.14800079205232725, -0.026998569095127312, 0.12182830097994458] - [0.005312342566259343, 0.13083531555328262, -0.11360212083100084, -0.022551142571782028] - [-0.01444511566956916, 0.22309098149301262, -0.12704181819147445, -0.0816065723230735] - [0.027143706047885484, -0.10002279209517365, -0.04942726826598295, 0.12229535934581227]
A2: [0.08925845704701575, -0.07290938382043455, -0.12362351509735259, 0.10729042805573488] - [0.10884484911132607, 0.24981730197168006, -0.4048422310361325, 0.046192652883358276] - [0.03663857082169359, 0.46255774457798937, -0.3777148754378898, -0.1214706012686071] - [0.14342785593664578, -0.044605205893945885, -0.20149814630681565, 0.10268130632416725]
B1: -3.10116968878897e-07 - -1.5027252754355125e-07 - 1.81707918958125e-07 - 4.814657972228538e-07
B2: 4.5782380544339617e-07 - -6.952789246964975e-07 - -9.852164008400668e-08 - 2.400304875366474e-08
