Number: 5686
Error: 0.00010340662707861543
A1: [0.017120853141023212, -0.16082479813189407, -0.07254684671202068, 0.02393549650609439] - [0.052311197164625824, 0.20375814640023154, -0.1324128399639693, -0.06304888592170657] - [-0.19979408878405625, 0.17639386930799744, -0.277139110898633, -0.3034774299343408] - [-0.00426331015233021, -0.08441337015707427, -0.07337053984061125, 0.023148295384655026]
A2: [-0.005592463815125029, -0.3457684057307108, 0.2477880682569949, 0.11966085220818969] - [0.09496168757635301, 0.05316522056937237, -0.03205819051270347, -0.04921328566875108] - [-0.019491992126584888, 0.2557106785890497, -0.014247347488671545, -0.11917971715159426] - [0.08474602415921707, -0.2749177828520539, 0.16940594643946152, 0.09944177384310822]
B1: 0.011406827181451484 - -0.0007883427878441832 - 0.010867650331011551 - 0.01952184884968474
B2: -0.007493059376666698 - 0.03139698995483865 - 0.015950907414980942 - -0.02589638144404532
