Number: 4680
Error: 9.221944533254663e-16
A1: [0.06621319690311864, -0.11395206482818553, -0.023983935070733653, 0.0717228833454128] - [0.03740258473799186, 0.1881933432663011, -0.14740897370576408, -0.07818703710681373] - [-0.0602294643751284, 0.3289507107570332, -0.12775320073726726, -0.14096841277306518] - [0.039046214548905875, -0.05332263347257811, -0.03741853678424317, 0.0516951735911816]
A2: [-0.009108459286126283, -0.3468030618804018, 0.24945520776919078, 0.10645680203374736] - [0.08003987883230601, 0.03628231413984929, -0.05025005426229417, -0.06607190100501552] - [-0.04245276173871534, 0.23083195479046653, -0.04053118369075324, -0.1478477751375551] - [0.06813467099086838, -0.2934679708932046, 0.1417711238146549, 0.08356173960399636]
B1: -2.2228465478175534e-08 - 7.822159355841482e-08 - -2.3489542677265208e-08 - -8.18507902252436e-08
B2: -2.4524679630514762e-08 - -1.6279381278472896e-08 - -9.845100594892893e-09 - -1.9143132054172486e-08
