Number: 1259
Error: 7.367725496772112e-09
A1: [-0.007817069646515469, -0.015628877372069624, 0.002343655234730389, 0.018807889315561103] - [0.06708599337027599, 0.19013394762242275, -0.14646747611657862, -0.1095738834455505] - [-0.11295378559452136, 0.44142518216981463, -0.07117163134003009, -0.2584994756485039] - [-0.0237294674578904, 0.014990838898891086, -0.03030101008410473, 0.0385306785434731]
A2: [0.13198810634077293, -0.2242331794480139, 0.02306258740185375, 0.0705539032111921] - [0.03285910584556414, 0.2039585619162245, -0.11467628918545227, -0.12124906145242417] - [-0.0935390351870192, 0.5566090963818051, -0.23413735029911878, -0.2245691921540348] - [-0.020810655347040862, -0.01926055222598614, 0.008135870400681103, 0.03219854842489102]
B1: -0.00010140074589676608 - -0.0004108583854713322 - 0.00019252440646076957 - -0.00018573296900260825
B2: 4.437099727189856e-05 - -0.0003065645946452266 - -0.00011420639425524543 - -7.238408659910968e-05
