Number: 5337
Error: 1.2996739963020297e-15
A1: [0.06621320891004506, -0.11395205308953861, -0.02398392307321364, 0.07172289533219439] - [0.03740266185007208, 0.1881934169417852, -0.14740889789858855, -0.07818696129294193] - [-0.060229225978152605, 0.3289509397241157, -0.12775296745606993, -0.140968180746467] - [0.03904616173184689, -0.053322683604378335, -0.037418587882838514, 0.05169512290742504]
A2: [-0.009109018452771981, -0.34680365506703503, 0.24945464407826842, 0.10645621577947562] - [0.08003994729412976, 0.03628238789274499, -0.05024997943745876, -0.06607182554492881] - [-0.04245274069795348, 0.23083197801209157, -0.04053116114281387, -0.1478477518675073] - [0.0681348409936106, -0.29346778371325855, 0.14177130811356858, 0.08356193020798502]
B1: -5.9713192432976e-08 - -9.081669749421856e-08 - 1.7843671586821734e-08 - 2.7393633712906636e-08
B2: -9.315997340427569e-09 - -3.140793441360981e-08 - -3.845292704888069e-08 - 1.0364547861330652e-08
