Number: 7728
Error: 1.2876834885739472e-15
A1: [0.08043164552205324, -0.18046784990865286, -0.019588896089036294, 0.11962493258011293] - [0.037415572906340275, 0.1335963790929068, -0.1347261932715792, -0.03628583218089131] - [-0.0017028600196959988, 0.22819007550073545, -0.12282842359206511, -0.10365895122041974] - [0.03886319351633665, -0.11448105935039962, -0.04641648228248884, 0.12203418706557759]
A2: [0.03530738600749814, -0.029273533008547382, -0.07569740419726366, 0.06966334803146838] - [0.10289366819589647, 0.28289661809038336, -0.39260647601995946, 0.006815909640768354] - [-0.011187139276925755, 0.539014551166864, -0.359451052677951, -0.16837650596211698] - [0.09786276605725715, 0.01746328299321826, -0.16885104226208997, 0.05352484337603361]
B1: 3.0558047434575274e-09 - 2.5298890040536217e-10 - -5.09972448537875e-09 - -2.2654720471056982e-09
B2: -4.059917258038374e-09 - -2.856881157879417e-10 - -4.700491774755963e-10 - -4.312501205424045e-09
