Number: 2850
Error: 2.361408638640267e-08
A1: [0.06369853688297555, -0.04760901294931294, -0.023181909563348164, 0.008117562535749771] - [0.0437329515128085, 0.19133949973534398, -0.14249109861711554, -0.09243346178669373] - [-0.12296914475604888, 0.41533493866051713, -0.10438178445306685, -0.18659762923347495] - [0.03741939030796241, 0.0195835204875644, -0.03271757840475253, -0.022639027638595523]
A2: [0.06344372284169239, -0.17368381307490643, 0.08632476457455823, 0.02395907352182724] - [0.029258056825729316, 0.20026729815769068, -0.10174192805609165, -0.12790422984801045] - [-0.093234660940856, 0.5138538478869161, -0.22543040917549947, -0.19492828705297865] - [-0.025803000811238604, 0.018644174115208467, -0.05016292437336609, 0.05709819813617552]
B1: 4.855680151548189e-05 - -5.6194265387525504e-05 - 2.5286984137823197e-05 - 7.062674142760597e-05
B2: -0.00012169761487557972 - -2.0176263344070757e-05 - -0.00013802700948861832 - -0.00015578727036373992
