Number: 6713
Error: 6.1803667400905195e-16
A1: [0.08043167906255189, -0.18046781637194445, -0.019588862588648705, 0.1196249661167771] - [0.03741558438101158, 0.13359639055889946, -0.13472618181978677, -0.036285820712580324] - [-0.0017028279376093745, 0.22819010758214073, -0.12282839155695718, -0.10365891914690147] - [0.03886322452595678, -0.11448102842779165, -0.04641645129263272, 0.12203421805592421]
A2: [0.03530742763248516, -0.02927349126844517, -0.07569736462069698, 0.06966339159647517] - [0.10289376192503265, 0.28289671261498706, -0.3926063853663385, 0.006816007788807214] - [-0.011187132682165445, 0.5390145578009612, -0.35945104643583375, -0.16837649901302654] - [0.09786278432018689, 0.017463301339212062, -0.1688510248769268, 0.053524862546121516]
B1: -4.118276469632822e-09 - 4.794401423705282e-09 - -1.3887155765870955e-08 - -7.345453842161833e-09
B2: -7.249128942008711e-09 - -7.1455848254286495e-09 - -4.8513924329927845e-09 - -7.441768557934934e-09
