Number: 8953
Error: 0.008360114687956296
A1: [0.08921676923977158, -0.17455670601006623, -0.00731717039472897, 0.13422187802956626] - [0.05357600548190122, 0.15624394310972103, -0.09308436726466657, 0.0025101307424850866] - [0.026832459507572057, 0.25379614230882686, -0.09810246738972694, -0.07710635435301313] - [0.0740385763140332, -0.09027797029888432, -0.018363206502181952, 0.14978123196356125]
A2: [-0.08730626429852613, -0.14063754419274183, -0.21505764272534272, -0.0356221693102689] - [0.058465048980888126, 0.2351137414577495, -0.4449928836092254, -0.018127762362395453] - [-0.09349976724042419, 0.432901403842632, -0.44092219324460397, -0.2307193002964684] - [0.040475632922547314, -0.057262771514562244, -0.22633222386339047, 0.020178975314202124]
B1: 0.01865684945484595 - 0.016544938276762074 - 0.0034272458006107606 - -0.005725393645485199
B2: 0.11493576050664514 - 0.125252163819119 - 0.1219384619512279 - 0.11743043074366835
