Number: 12
Error: 0.0016014489184195267
A1: [0.05426763157058757, 0.06178717388141038, 0.07694721708480609, 0.05292296264527462] - [0.15118403151818322, 0.28482481816290073, -0.07625232108790618, -0.06232558995758862] - [0.010238110941582983, 0.5276512766098067, 0.0494562549095689, -0.1621237604401816] - [0.32091283873859944, 0.319184203216877, 0.32606548141018726, 0.33047641645375514]
A2: [0.43239923270559044, 0.09877738984168741, 0.26646647048813665, 0.2650146813561295] - [0.2085518532186621, 0.3749560675957578, 0.04482486386233285, 0.039320895863307115] - [0.3216994180368034, 0.9887390478683563, 0.15722655562267088, 0.15069273266943714] - [0.6281823062781742, 0.6283710834176656, 0.6258256475180428, 0.6263596240034055]
B1: 0.07544314054365278 - 0.516882987395289 - -0.03441170764790483 - -0.0863713097422465
B2: 0.052406267277556054 - 0.5578414667554293 - -0.11620700185668797 - -0.08903478601193587
