Number: 1569
Error: 5.133128717888183e-08
A1: [-0.008506414029589439, -0.01632438593126286, 0.0016259376842148732, 0.01809964273938436] - [0.06701421047303274, 0.190064732733466, -0.14654133433058078, -0.10965379180538701] - [-0.11246279029049154, 0.4419051592967459, -0.07066208475673662, -0.25796704929424047] - [-0.024427979071456288, 0.01430316317428742, -0.031016022452943763, 0.03779406530960809]
A2: [0.13160674973096187, -0.22460924580953032, 0.02268628292292065, 0.07017983365174621] - [0.03266466649239913, 0.20376724080112418, -0.11486983754047429, -0.12143945303540984] - [-0.09481328103057289, 0.555351658118062, -0.23538981045047813, -0.2258226534979815] - [-0.020892889582400632, -0.019341421651581373, 0.008051803725815496, 0.032117312332588285]
B1: 0.00019160156566879974 - 6.447265011684508e-05 - 0.0002038943474648975 - 0.00016306623733496569
B2: 0.0002684547010493231 - -0.0003782304832473404 - -8.185418333589378e-05 - 0.0003707486907728517
