Number: 936
Error: 2.0536098383160966e-08
A1: [-0.011947229965953137, -0.014305576688729489, 0.018315041978641262, 0.00880323582825783] - [0.06573468587465046, 0.1893985264210996, -0.14542651548790705, -0.11012050304817382] - [-0.09636490313359354, 0.4217165701100089, -0.05353531194298648, -0.2721194820901105] - [-0.0013362432281620947, -0.018233407606576494, -0.0038508095884196548, 0.023359809736096845]
A2: [0.16142837426670156, -0.16790994618784236, 0.008346314443456558, -0.0024872062534128914] - [0.03544890797488481, 0.2074805100775202, -0.11724705931477805, -0.12582802669362242] - [-0.08628393170400096, 0.5814693462261856, -0.23545707394549542, -0.2600040078087968] - [-0.0037007039917337997, -0.004387161226720864, 0.0012432563486440714, 0.007371945393802523]
B1: -2.2117031111538047e-05 - 1.0131188697848418e-05 - -6.816843304843609e-05 - -5.985367574960646e-05
B2: 0.00017159281964400038 - 8.394168068470001e-05 - 7.115122537074721e-05 - 9.007804166488366e-05
