Number: 9769
Error: 1.1728293042347198e-15
A1: [0.05317260210897478, -0.14800121898802046, -0.02699899540932692, 0.12182787397580155] - [0.0053137320780448725, 0.1308367065425261, -0.11360073151308107, -0.022549751097804258] - [-0.014444388524321193, 0.2230917089140088, -0.12704109161431432, -0.08160584491529103] - [0.027146420790904614, -0.10002007734292835, -0.049424547787232265, 0.12229808099908564]
A2: [0.08925429936844155, -0.07291353186727587, -0.12362757908439193, 0.1072862191413743] - [0.10884189842640561, 0.24981435076860461, -0.4048451232656394, 0.0461896525695931] - [0.036635943742081484, 0.46255513116872926, -0.3777174385388205, -0.12147325557653837] - [0.14342655690822156, -0.04460650007476111, -0.20149941468836707, 0.10267998803733314]
B1: 4.6634985619280405e-08 - -3.0490816577058972e-09 - -7.257443554598511e-09 - -1.2197276987971215e-08
B2: 8.368828055896399e-09 - -6.593408979216145e-09 - 4.951973930241104e-08 - -3.0142524212436506e-08
