Number: 3863
Error: 1.0861617466835952e-15
A1: [0.06621312608150898, -0.11395213406714998, -0.023984005836743434, 0.07172281264269197] - [0.03740255293676588, 0.18819331288238886, -0.1474090049688119, -0.0781870683726065] - [-0.06022949857345422, 0.32895067791158333, -0.12775323420164664, -0.14096844605765374] - [0.03904621681129635, -0.053322631325298894, -0.0374185345955131, 0.051695175762154544]
A2: [-0.009108588078629335, -0.34680319850897584, 0.24945507793483376, 0.10645666700204315] - [0.08003980822852677, 0.036282238079351145, -0.050250131428222586, -0.06607197882617315] - [-0.042452860664122655, 0.23083184561029602, -0.04053128970320784, -0.14784788454532216] - [0.0681347008064965, -0.29346793806509064, 0.14177115613778582, 0.0835617730325744]
B1: -6.21080651627246e-09 - -2.4321726063387105e-08 - 5.988826229255078e-09 - 7.955778363641863e-09
B2: 3.656668905462e-09 - -2.3321060360433853e-09 - 9.575835445312274e-09 - -2.324390374687458e-08
