Number: 6427
Error: 7.686881622618863e-16
A1: [0.08043170054616496, -0.18046779489076434, -0.019588841130723886, 0.11962498759793651] - [0.03741559908542563, 0.13359640525218347, -0.13472616714467134, -0.03628580601631126] - [-0.0017028090022258064, 0.22819012651712284, -0.12282837264929931, -0.10365890021657213] - [0.038863225505093975, -0.11448102745140382, -0.04641645031411863, 0.12203421903445336]
A2: [0.035307440368608535, -0.02927347849709547, -0.07569735251135584, 0.06966340492621224] - [0.10289375684501964, 0.282896707491859, -0.39260639027966077, 0.0068160024692911275] - [-0.011187088385658284, 0.539014602361682, -0.3594510045082448, -0.1683764523362302] - [0.0978628104296932, 0.017463327567482763, -0.16885100002237474, 0.053524889952612204]
B1: 3.450009368990808e-11 - 7.054658121304792e-09 - 4.016192803312908e-09 - 1.9853176546515133e-09
B2: 8.351091466022965e-09 - 2.887176967234611e-09 - 6.97043617838653e-09 - -6.7973128451606436e-09
