Number: 3560
Error: 1.6732536516938533e-11
A1: [0.0662058996406493, -0.11395919918290837, -0.02399122700437783, 0.07171559845051732] - [0.037403011273674194, 0.1881937506876085, -0.1474085545140258, -0.07818661747670955] - [-0.060224488115658455, 0.3289554903324638, -0.12774833041380962, -0.14096357013852004] - [0.03903316009294593, -0.053335024140698746, -0.037431166821935834, 0.051682646301368894]
A2: [-0.009104119317716205, -0.34679845768354234, 0.24945958313033753, 0.10646135217837764] - [0.08005810350356672, 0.03630194752302129, -0.05023013566461304, -0.06605181344183152] - [-0.042456751429671986, 0.23082755150004644, -0.040535460033082005, -0.14785218781195172] - [0.06812224570927328, -0.29348165184511377, 0.14175765434086002, 0.08354780915813553]
B1: 6.199684818198483e-07 - -9.375883335890662e-06 - -1.2745844663603196e-06 - 1.0633241785545593e-05
B2: -1.0800160590115185e-06 - 5.469245350792192e-07 - 2.8277786430308646e-06 - -2.5611193595047558e-06
