Number: 4955
Error: 1.0075729754736459e-15
A1: [0.06621320034356522, -0.11395206146459706, -0.023983931632961437, 0.07172288678011164] - [0.037402623849408574, 0.1881933806346256, -0.1474089352562277, -0.07818699865387861] - [-0.06022934123302227, 0.3289508290283647, -0.1277530802375712, -0.1409682929214717] - [0.03904619784321082, -0.05332264932893563, -0.037418552946359526, 0.05169515756027367]
A2: [-0.009108566556905059, -0.34680317567778784, 0.24945509963059379, 0.10645668956640114] - [0.0800398427706094, 0.0362822752911096, -0.05025009367559982, -0.06607194075301144] - [-0.042452825857721525, 0.2308318840249007, -0.04053125240307215, -0.14784784605065146] - [0.06813476803178184, -0.2934678640470461, 0.14177122901633174, 0.08356184840463361]
B1: -1.290336421547239e-08 - 3.477465501638221e-09 - 1.3858438644322164e-09 - -2.45785033080353e-09
B2: -7.902201163126197e-09 - 1.6964956362130126e-08 - -1.2555003048662313e-09 - -1.1036935640106683e-08
