Number: 5308
Error: 1.4154888972504573e-15
A1: [0.06621322458415506, -0.1139520377656874, -0.023983907411407386, 0.07172291097999442] - [0.03740263181265891, 0.1881933882430586, -0.14740892742767747, -0.07818699082464439] - [-0.06022940025411028, 0.3289507723414417, -0.12775313799234042, -0.14096835036553887] - [0.03904614818825761, -0.05332269645949648, -0.03741860098586351, 0.051695109910792715]
A2: [-0.009108541391449088, -0.3468031489811358, 0.2494551249993647, 0.10645671595103108] - [0.0800398788319558, 0.03628231413946708, -0.05025005426258847, -0.06607190100542461] - [-0.04245277292229652, 0.2308319424474594, -0.040531195675601164, -0.14784778750627767] - [0.06813486172599939, -0.29346776088607834, 0.14177133058939856, 0.08356195345269365]
B1: -1.1690527445293143e-07 - 1.8958044290940595e-09 - 3.299192255066455e-08 - 2.2161261853152412e-08
B2: 3.1107161735573116e-09 - 9.58947718392904e-11 - 4.3528112700673516e-08 - -1.3030236888042392e-08
