Number: 3955
Error: 1.2506100081402458e-15
A1: [0.06621322426271599, -0.11395203807997929, -0.023983907732582053, 0.0717229106591301] - [0.03740258862630807, 0.18819334698131907, -0.14740896988325386, -0.07818703328394624] - [-0.06022925684793697, 0.32895091007552757, -0.1277529976633468, -0.14096821079159375] - [0.03904624500640059, -0.05332260456356679, -0.037418507317696165, 0.05169520281848003]
A2: [-0.00910858253843904, -0.3468031926316977, 0.24945508351985604, 0.10645667281063285] - [0.08003980403476021, 0.03628223356146374, -0.050250136011771314, -0.06607198344864268] - [-0.04245277654803607, 0.23083193844607336, -0.04053119956105327, -0.14784779151605418] - [0.06813478359715823, -0.2934678469089099, 0.14177124589088688, 0.08356186585627759]
B1: 1.5964793133706352e-08 - -5.114384874711675e-09 - 8.15995328497733e-09 - -1.476659340874496e-08
B2: 1.17018365036228e-08 - -3.669289612097459e-08 - -3.406286243787799e-08 - 4.984221326087608e-08
