Number: 6526
Error: 8.94772248350201e-16
A1: [0.0804316861596776, -0.1804678092756224, -0.019588855500009168, 0.11962497321309216] - [0.03741556934608982, 0.13359637553535594, -0.1347261968247507, -0.036285835739173385] - [-0.0017027914658866363, 0.22819014405308827, -0.1228283551386361, -0.10365888268491295] - [0.03886319942756165, -0.11448105345575293, -0.04641647637503417, 0.12203419297312845]
A2: [0.035307445430227305, -0.029273473421476865, -0.07569734769883556, 0.06966341022374756] - [0.10289373195177333, 0.2828966823873403, -0.3926064143560789, 0.006815976402418043] - [-0.011187095670586861, 0.5390145950333012, -0.35945101140358543, -0.16837646001261658] - [0.09786280156259491, 0.017463318660050825, -0.16885100846327525, 0.05352488064504212]
B1: -3.93827795837353e-09 - 1.0743868228560668e-09 - -3.6691760623972626e-09 - -2.467577640949716e-10
B2: 1.2057064249310188e-09 - -1.3126196883064919e-08 - 2.6106254899474385e-08 - -2.07895222550753e-08
