Number: 6795
Error: 1.1695216439662122e-15
A1: [0.08043165774919252, -0.1804678376828887, -0.01958888387652468, 0.11962494480585158] - [0.037415559132010036, 0.13359636532900862, -0.13472620701847968, -0.03628584594759566] - [-0.001702853753669934, 0.22819008176663141, -0.12282841733521964, -0.1036589449560725] - [0.03886320113694958, -0.11448105175115965, -0.04641647466673684, 0.12203419468145331]
A2: [0.03530738811956389, -0.02927353089065476, -0.07569740218907428, 0.06966335024191157] - [0.10289367044633321, 0.2828966203598965, -0.3926064738433363, 0.006815911997231826] - [-0.011187124167930947, 0.5390145663659786, -0.3594510383769279, -0.16837649004127836] - [0.09786276001312255, 0.01746327692158236, -0.16885104801567716, 0.05352483703161383]
B1: 8.743778938356652e-09 - -6.694452532516616e-09 - 1.3633526266407146e-08 - 9.995101999446756e-09
B2: 7.1592257729204185e-09 - 3.1768191136927334e-09 - 2.2046855468613165e-09 - 4.309883745710045e-09
