Number: 4088
Error: 1.009703558194539e-15
A1: [0.06621317424503625, -0.11395208697992687, -0.023983957711008582, 0.07172286072539168] - [0.037402626235736064, 0.18819338291457607, -0.14740893291029936, -0.07818699630772334] - [-0.06022934797246594, 0.32895082255547303, -0.1277530868324217, -0.14096829948105313] - [0.03904616321081626, -0.053322682200837204, -0.037418586452182885, 0.05169512432655086]
A2: [-0.009108543531352091, -0.34680315125126626, 0.24945512284253696, 0.10645671370745227] - [0.08003983269729847, 0.03628226443923172, -0.050250104685248875, -0.06607195185610677] - [-0.04245284158910112, 0.23083186666268232, -0.04053126926166446, -0.14784786344906103] - [0.06813481470587421, -0.2934678126568474, 0.14177127961572808, 0.08356190073491175]
B1: 1.5239420801402433e-09 - -2.8543076436210543e-09 - -1.4735165881889351e-08 - 9.985262714020158e-09
B2: -3.3401563472609393e-09 - 1.1539650342583427e-08 - -4.334965115802863e-09 - -3.953641807980814e-09
