Number: 1647
Error: 1.572732582404404e-08
A1: [-0.007005503483829228, -0.014811630785389183, 0.0031862806997829634, 0.019632119735283043] - [0.0669789254355041, 0.19003088897925854, -0.1465790432067932, -0.10969233691585055] - [-0.11287896624013007, 0.4414901890101291, -0.07109671996129792, -0.2584306002239517] - [-0.024291482908007853, 0.014434855308462625, -0.030876707222743393, 0.037933740682061505]
A2: [0.13085858374927878, -0.22534617657519254, 0.0219420773686004, 0.06944397572123713] - [0.03298943418809861, 0.20408726616654913, -0.11454612493360648, -0.12112148914238571] - [-0.0952864641275838, 0.5548898999682693, -0.2358594516829419, -0.22628941104687067] - [-0.020772729636103406, -0.019232970272154884, 0.008167324278333566, 0.032227293727959606]
B1: -0.00016750656076934477 - -0.0002829113660711507 - 4.4583160473103396e-05 - 7.303079945444696e-05
B2: 0.000354319155334567 - -3.830830532215588e-05 - -0.0005139236717421018 - 0.0003454783502059369
