Number: 8815
Error: 3.255275321085615e-05
A1: [0.08002252471363909, -0.18090295047794908, -0.01989563311749642, 0.11920398120639301] - [0.03845468599480158, 0.13460095720789675, -0.1335749926335622, -0.035262869900672754] - [-0.004276236947296921, 0.22559700104206823, -0.12528446691663842, -0.1062410323347213] - [0.03888501443312835, -0.11448236810037819, -0.04629573686100499, 0.12204491959396206]
A2: [0.031884730823931305, -0.03274956216369758, -0.07886624715658314, 0.06607778939350135] - [0.1001586625862918, 0.2801251643053378, -0.3951984132579032, 0.003951628868868186] - [-0.01881997315560345, 0.5312580800311074, -0.3666005509067116, -0.17641926104861913] - [0.09529003405098659, 0.014844480819442289, -0.17122155989588933, 0.050821255198967734]
B1: 0.0026525866709972584 - 0.002423546637920737 - 0.004077629426924433 - 0.0023461213412480516
B2: -0.002962245446059885 - -0.003619283022499915 - -0.001078936055838056 - -0.0029174471286890274
