Number: 5840
Error: 1.5307818717329666e-06
A1: [0.07879848615705017, -0.18212445074430206, -0.021201474930119115, 0.11800028027330381] - [0.038607764742144876, 0.13477045557301895, -0.13353186850883902, -0.035093522787714146] - [-0.003620096977290555, 0.2262614195957287, -0.12472638214436173, -0.10556760570472346] - [0.035642897477573966, -0.11771204779641034, -0.04960253689962638, 0.11883266481592755]
A2: [0.03298253343850349, -0.031614762883328686, -0.07790014806050288, 0.0672458759552509] - [0.09140852690142866, 0.2712698990378543, -0.4037179099179201, -0.005182868916580781] - [-0.005645461802805979, 0.5446083642896837, -0.3541961343936549, -0.16254261999521447] - [0.09960577339966036, 0.01922000126880258, -0.16718510986279964, 0.055356000288615564]
B1: 0.0005790492302574463 - -0.001717546498435761 - -0.0009187062402320773 - -0.00020688354286944074
B2: 0.00074437663053522 - 0.00023845914103106378 - -0.0002555531099665032 - 0.0007023681601134287
