Number: 9927
Error: 9.699486873122607e-16
A1: [0.05317254477579243, -0.1480012763422185, -0.026999052679251286, 0.1218278166150197] - [0.005313769085525273, 0.13083674358884048, -0.11360069451115341, -0.02254971403809873] - [-0.014444467731383807, 0.22309162967799143, -0.1270411707586257, -0.08160592415059359] - [0.027146277672602633, -0.10002022046113576, -0.04942469120755655, 0.12229793751704092]
A2: [0.08925440687649765, -0.07291342460778984, -0.1236274739985635, 0.10728632797482944] - [0.1088418243282798, 0.24981427665743464, -0.40484519589610285, 0.04618957722473401] - [0.036635989245204476, 0.4625551764350731, -0.3777173941436896, -0.12147320960150933] - [0.14342656723064467, -0.044606489790750097, -0.2014994046093754, 0.10267999851280693]
B1: -4.007886425679222e-09 - 2.7568207979861063e-08 - 8.353383983525363e-09 - -2.140261668383512e-08
B2: 2.589179255662729e-08 - 5.845545101430052e-09 - 3.266760671796759e-08 - -5.1641200333271515e-08
