Number: 6439
Error: 8.952884951758305e-16
A1: [0.08043170863467682, -0.18046778680316863, -0.01958883305188358, 0.11962499568552454] - [0.037415604360460354, 0.1335964105232257, -0.13472616188014724, -0.03628580074419859] - [-0.0017028048599292101, 0.22819013065933103, -0.12282836851306773, -0.10365889607538105] - [0.03886322039151542, -0.11448103255063165, -0.04641645542443872, 0.12203421392405298]
A2: [0.035307441246211574, -0.02927347761706507, -0.07569735167694244, 0.06966340584471942] - [0.10289379219197885, 0.2828967431388131, -0.3926063560925508, 0.006816039482733294] - [-0.011187058667496128, 0.5390146322571016, -0.3594509763793713, -0.1683764210211501] - [0.09786282065246811, 0.017463337836757884, -0.16885099029095882, 0.05352490068320244]
B1: -3.3556157394534215e-09 - 1.9498007843322065e-08 - 1.0477998160396464e-08 - 2.912070943025442e-09
B2: 1.6428225114075465e-08 - 8.252193214832434e-09 - 1.441528516275923e-08 - -7.882917198708118e-09
