Number: 3000
Error: 1.0588148091706688e-08
A1: [0.06342043458379615, -0.04788419125829717, -0.023456403290095188, 0.00784002159409375] - [0.04353338182968224, 0.19114718678287465, -0.1426955670042874, -0.09265125827130291] - [-0.12335247953756842, 0.414959404197227, -0.10476136293951267, -0.1869734162149071] - [0.03639642520276336, 0.01856258557545678, -0.03373928674246877, -0.023656404782588437]
A2: [0.06382543065449771, -0.1733058734740459, 0.08670913992295015, 0.02433563185892056] - [0.02912434577327234, 0.20013560083368406, -0.10187552041107606, -0.1280358585027552] - [-0.09286226667249596, 0.5142182760954049, -0.22505643896318953, -0.19456586593918396] - [-0.025278132759846833, 0.019160888769873766, -0.04964275618280685, 0.057609588837167165]
B1: -5.9334637765017146e-05 - 3.3143355024782824e-05 - -0.00012697182420746343 - -0.00018128001875947035
B2: -4.937323835961772e-05 - 2.678265897488276e-06 - -0.00031117862924848644 - 6.965433637212393e-05
