Number: 3302
Error: 8.501676179654883e-06
A1: [0.07204009029383919, -0.10837557008960048, -0.01857049398331222, 0.07720102878320355] - [0.049921132310846064, 0.19951324481436974, -0.13496886565891433, -0.06570378003340155] - [-0.060712863715763066, 0.3289507136742199, -0.12795855075188345, -0.141243308208617] - [0.045453627903569264, -0.04729527900971319, -0.03145863723495136, 0.05767860285706064]
A2: [-0.02895036418047919, -0.36828603150221395, 0.22982470967193494, 0.08564790014795438] - [0.0978944134160294, 0.05566823619750928, -0.030896909961543678, -0.04655880970306032] - [-0.06790018176324122, 0.20147052944841673, -0.06841396376006253, -0.1765690675519454] - [0.04263056147723397, -0.3226270032858739, 0.11366755484564298, 0.05448838470937587]
B1: -0.004004776988398228 - -0.0006888647164124035 - 0.001121089367955252 - 0.003204166382060837
B2: 0.006860394188700403 - -0.01045132446872932 - -0.0006553815763425928 - -0.0017483347180531155
