Number: 6220
Error: 9.204550300117657e-16
A1: [0.08043165932658054, -0.1804678361056764, -0.01958888230102064, 0.11962494638306251] - [0.03741557247276306, 0.13359637865966692, -0.1347261937043075, -0.03628583261422897] - [-0.001702829388200935, 0.22819010613158522, -0.12282839300542696, -0.10365892059710426] - [0.03886322037779252, -0.11448103256431295, -0.04641645543815417, 0.12203421391034125]
A2: [0.03530735502926498, -0.029273564072481256, -0.07569743365086001, 0.06966331560927755] - [0.10289370684112982, 0.2828966570635781, -0.39260643864275796, 0.006815950107888354] - [-0.011187077339658085, 0.5390146134735694, -0.359450994052973, -0.16837644069667124] - [0.09786277041418258, 0.01746328736995285, -0.16885103811452837, 0.053524847949325785]
B1: -3.179071478747865e-08 - -1.1634554802208195e-08 - 1.2521740475572972e-10 - -1.1040027292531363e-08
B2: -1.6632868359751484e-08 - -2.285456004128092e-08 - -3.1985804036121477e-09 - -1.0504340009024203e-08
