Number: 5330
Error: 9.15864432674257e-16
A1: [0.06621318802839093, -0.11395207350456292, -0.023983943938478892, 0.07172287448558595] - [0.03740263195403981, 0.18819338837814384, -0.1474089272886834, -0.07818699068563643] - [-0.060229311027917114, 0.32895085803839386, -0.127753050680807, -0.14096826352359573] - [0.03904629177999951, -0.05332256016740547, -0.03741846206549125, 0.0516952477031963]
A2: [-0.009108700920305812, -0.34680331821577665, 0.24945496417979043, 0.10645654869412415] - [0.08003991764869844, 0.03628235595616491, -0.05025001183817482, -0.06607185822076866] - [-0.04245280309891344, 0.23083190914280116, -0.040531228013962084, -0.14784782088033097] - [0.0681347788170374, -0.29346785217209237, 0.14177124070839414, 0.08356186049689779]
B1: 1.5101799970766872e-08 - -6.152359982232818e-08 - 2.449753233951615e-09 - 5.21579578091623e-09
B2: -1.3327061724250261e-08 - -2.817250933360434e-08 - -3.3589720156534437e-08 - 5.3781168800858975e-08
