Number: 6483
Error: 6.33798748211159e-16
A1: [0.08043169091280429, -0.18046780452303396, -0.019588850752565806, 0.11962497796567606] - [0.03741559381881351, 0.13359639998955744, -0.13472617240078952, -0.03628581128000601] - [-0.00170281491318727, 0.2281901206062875, -0.12282837855160615, -0.10365890612595613] - [0.038863234567475057, -0.11448101841445533, -0.04641644125751233, 0.12203422809120205]
A2: [0.035307444395222445, -0.029273474459344438, -0.07569734868290472, 0.06966340914050231] - [0.10289373590281362, 0.2828966863719135, -0.392606410534685, 0.006815980539735695] - [-0.011187092102918107, 0.5390145986222497, -0.35945100802671087, -0.16837645625323783] - [0.09786280477233009, 0.01746332188438608, -0.16885100540781633, 0.05352488401422045]
B1: -4.154297217216932e-09 - -1.1520791695086893e-09 - -2.584899597247705e-09 - -6.084628486582695e-10
B2: -1.8008188392419897e-09 - -3.3472942495317736e-09 - 4.890527401603822e-10 - -3.786338156070491e-09
