Number: 9194
Error: 2.5537221089755906e-07
A1: [0.05293764202779095, -0.14823936519479297, -0.027236019545942514, 0.12159174595301331] - [0.005132434142931198, 0.1306595872256586, -0.1137819136670796, -0.02272430366600872] - [-0.015608596915839958, 0.22193130208924924, -0.1282043377737179, -0.08276412964169143] - [0.02618093067946156, -0.10098605145354049, -0.05039289046642028, 0.12133233003978822]
A2: [0.08476015921762663, -0.07739997740820787, -0.12801373798288523, 0.10274283534738562] - [0.10660162791661265, 0.2475680763128389, -0.40704302839167894, 0.043912666310185616] - [0.03162849668646105, 0.45756718253953127, -0.382601595591468, -0.12652907643094796] - [0.14208676873135084, -0.04594256926945454, -0.20280685152227995, 0.10132028580364771]
B1: -0.0005663501806907074 - 0.00031923528460214785 - 0.00034201737379891214 - 0.00028571225889891053
B2: -0.00030652066541167933 - -4.616822601874243e-06 - -0.00045438351776052124 - -0.000604959072217413
