Number: 3661
Error: 3.0932064086513916e-14
A1: [0.0662122224696195, -0.11395301748353279, -0.02398490873863985, 0.0717219105469809] - [0.03740198264029986, 0.18819276800160176, -0.14740956561471188, -0.07818762906737746] - [-0.06022903861134584, 0.32895111968037627, -0.12775278410886654, -0.14096799838630736] - [0.03904657878517335, -0.053322287756973605, -0.03741818439962494, 0.051695523116322764]
A2: [-0.009107926452493954, -0.3468024966317121, 0.2494557449113646, 0.10645736067354773] - [0.08003935039153555, 0.03628174485855936, -0.05025063181805988, -0.06607248346216928] - [-0.04245356856946271, 0.23083106432046246, -0.040532048323819556, -0.14784866746281408] - [0.06813492640658973, -0.2934676896735928, 0.14177140070752545, 0.08356202596528646]
B1: 1.5385240500196864e-07 - -1.8958207949164284e-07 - 4.503173087186903e-07 - 2.858784376672176e-07
B2: -1.8068196474059058e-10 - 5.349907673606951e-07 - 1.1745664695346079e-08 - -1.210286172425829e-07
