Number: 7051
Error: 9.641061648935776e-16
A1: [0.08043169460210964, -0.1804678008341459, -0.01958884706766915, 0.11962498165456072] - [0.037415598083454904, 0.13359640425097258, -0.134726168144643, -0.036285807017726705] - [-0.0017028133027166038, 0.22819012221672008, -0.12282837694349417, -0.10365890451591557] - [0.038863237220426304, -0.11448101576894641, -0.04641643860625091, 0.1220342307425045]
A2: [0.035307392927000296, -0.029273526069918582, -0.0756973976182336, 0.06966335527342787] - [0.10289379695712822, 0.2828967479444056, -0.39260635148374656, 0.0068160444725273266] - [-0.011187067450908769, 0.5390146234212843, -0.3594509846930331, -0.16837643027658264] - [0.09786279648872508, 0.017463313563101004, -0.16885101329326993, 0.05352487531912972]
B1: -7.940239896403947e-09 - 7.532361490948757e-09 - 1.0038309680426071e-08 - 8.730544157846475e-11
B2: 3.147033854482795e-09 - 2.2202699123786836e-09 - 8.86924377937157e-09 - 8.017607380305356e-10
