Number: 5729
Error: 0.011653651305266004
A1: [-0.25270744696109493, -0.4983031795202569, -0.35801077707862455, -0.21320776668667193] - [-0.33317641776373685, -0.23806413741747487, -0.5183672578594928, -0.4116973304989201] - [-0.30577632393122767, -0.030424255206132896, -0.4211492502454243, -0.39957414975306726] - [-0.11702565955352923, -0.21836481032505084, -0.18778718158783295, -0.021367832269562508]
A2: [-0.060471949418480234, -0.11584777418595192, -0.11325071630449092, -0.06287466467982195] - [0.11828818372905381, 0.3047938127658206, -0.33097831365842334, -0.0009541436728054548] - [-0.10705485791373676, 0.4542879650006043, -0.40419643632769336, -0.3125274717199638] - [0.007358732151190553, -0.06295529216571744, -0.20412675287950743, -0.07936536712212433]
B1: -0.28852841108787153 - -0.4899142164559869 - -0.32057055002097745 - -0.32591526261602166
B2: -0.27099802576453746 - -0.2570760553896594 - -0.36449561864972013 - -0.18334608383590711
