Number: 2861
Error: 4.8213391057225144e-09
A1: [0.06321082290472062, -0.04809490310630262, -0.023665177783463, 0.00763353093628924] - [0.043604350773433546, 0.1912152185809956, -0.14262361342409538, -0.09257493676741786] - [-0.12354857237172116, 0.4147568846030546, -0.10496399264501782, -0.18717765682566992] - [0.036804274065900935, 0.01896667212879344, -0.03333248506445767, -0.02325090921395483]
A2: [0.06307380596713758, -0.17405195006862786, 0.08595499821399846, 0.02359225584756268] - [0.029305087389041723, 0.20031367067477004, -0.10169509369074942, -0.12785824947040073] - [-0.09341909473710479, 0.513672885896149, -0.22561553757308517, -0.19510746547679428] - [-0.025582158382465064, 0.0188638321483401, -0.04994226228485617, 0.05731263605040983]
B1: -3.064558456182136e-05 - 0.00020182487412314152 - 0.00023196411411249046 - -9.19572836594164e-05
B2: -2.377307018879353e-05 - 3.1282138530635506e-05 - 3.7566263549867936e-05 - 7.596238921407877e-05
