Number: 1117
Error: 2.7137598212388307e-06
A1: [-0.015860344255762247, -0.023748030918475212, -0.0059301702412130125, 0.010441877824105822] - [0.062499403350685184, 0.18569106356419107, -0.1512359719738616, -0.11463510612867531] - [-0.11465926632347588, 0.43986561295810567, -0.07285619512243102, -0.26042916333804533] - [-0.03792179271920655, 0.0009144916051930837, -0.04458602755217612, 0.023443490397351493]
A2: [0.12830539104743682, -0.2278194215786497, 0.01950141796971841, 0.06687853150474884] - [0.015245819161684444, 0.18666145108801097, -0.13221291253393805, -0.13849289122472125] - [-0.09517097576356558, 0.555132998941199, -0.23572502022380237, -0.22626237057583154] - [-0.03254234427807263, -0.030920710631721336, -0.0033827671430217685, 0.02075255769974005]
B1: -0.0003375437744578361 - 0.0017651687357044406 - -0.003482981510284946 - 0.001431604197010596
B2: 0.0006737512584348371 - -0.0016088960105464516 - -0.001626285442575859 - 0.0012184843299925781
