Number: 265
Error: 1.821631179393578e-08
A1: [-0.01441124781490644, -0.016836306234242614, 0.015592012761218585, 0.006170711644570231] - [0.06484593928093639, 0.18854357409277567, -0.14634533437969774, -0.11110986845129939] - [-0.0983706431626745, 0.419778948964439, -0.05570952556384709, -0.27445536127037057] - [-0.002880640566468007, -0.019717870929638004, -0.0054933003393914, 0.021575304085375734]
A2: [0.16097252001693235, -0.16835704494674494, 0.007900079762175544, -0.0029316335853192496] - [0.035813402296584036, 0.20783923396596732, -0.11688408794981307, -0.1254714827562634] - [-0.08608974578584774, 0.5816595364571573, -0.2352694989568473, -0.2598153559069057] - [-0.004021327171615984, -0.004702369819855695, 0.0009258194620902132, 0.0070650698625670545]
B1: 0.00012635917375364967 - 0.0002753092132575191 - -0.00026079574960865735 - 3.1299543929233787e-05
B2: 2.8229200389326576e-06 - 0.0002649276398186965 - -0.00021645269828264273 - -5.9707249772809616e-05
