Number: 9910
Error: 1.2209336238730836e-15
A1: [0.05317250277902313, -0.14800131835442773, -0.02699909462973819, 0.12182777459799189] - [0.005313714563893802, 0.13083668901002854, -0.11360074902452838, -0.022549768636611064] - [-0.014444513726111186, 0.22309158366642362, -0.12704121671693894, -0.08160597016173327] - [0.027146512930711176, -0.10001998520337146, -0.0494244554531902, 0.12229817337295881]
A2: [0.08925462378759506, -0.07291320819828376, -0.1236272619745741, 0.10728654756059779] - [0.10884176740852658, 0.2498142197276396, -0.40484525168845603, 0.046189519347303074] - [0.03663593988607428, 0.46255512733277043, -0.3777174423009264, -0.12147325947254577] - [0.1434265347958831, -0.04460652210470751, -0.20149943627911507, 0.10267996559690867]
B1: 4.582591513935747e-08 - 4.723190446007782e-09 - -3.727420058363308e-09 - 4.221170705332398e-09
B2: -1.0242428477560407e-08 - -1.1395637746584859e-08 - -1.039882078105466e-08 - 3.5200044657498895e-08
