Number: 8395
Error: 9.346653548965668e-16
A1: [0.08043169586445867, -0.18046779957194703, -0.0195888458068758, 0.1196249829167465] - [0.03741555165378917, 0.1335963578564632, -0.1347262144816629, -0.03628585342159901] - [-0.0017028310814975536, 0.2281901044383177, -0.12282839469624225, -0.10365892228993938] - [0.038863247054327525, -0.11448100596263153, -0.046416428778624765, 0.12203424057029806]
A2: [0.03530738853787051, -0.029273530471134297, -0.07569740179144935, 0.0696633506798204] - [0.10289380661695743, 0.28289675768623596, -0.39260634214079193, 0.006816054587673827] - [-0.01118707757565364, 0.5390146132360923, -0.3594509942762774, -0.16837644094543822] - [0.09786283646796644, 0.017463353724151528, -0.16885097523554957, 0.053524917284220375]
B1: -5.159676139087448e-09 - 2.150056107608351e-10 - 8.458869442629591e-09 - 2.3498875981390194e-08
B2: 1.514137209657797e-08 - -1.4145198993840533e-08 - 7.2139537920347e-09 - 1.696630209812579e-08
