Number: 3081
Error: 1.5845810818598425e-06
A1: [0.06522598760291229, -0.046084981399322364, -0.021666826029007494, 0.00962776746816855] - [0.043480002794966936, 0.1911021297061316, -0.142744300316836, -0.09270518717281828] - [-0.11994444211176894, 0.4183654518396563, -0.10133228657379703, -0.18355191277921193] - [0.039046031956654, 0.021209771762570617, -0.031100004648840544, -0.02103728056286832]
A2: [0.06711237202608762, -0.17002102418017065, 0.08998799511723787, 0.027577909443605993] - [0.027820151872235296, 0.19885373473048917, -0.10317636144416116, -0.12931143485265068] - [-0.09496879494436107, 0.5121566214313426, -0.22716373396443518, -0.19660473738761317] - [-0.025102311250788493, 0.01934012044118761, -0.0494672882315294, 0.0577846282338655]
B1: 0.002289547908268195 - -0.0022512430571242675 - -0.00042571083916965243 - 0.0008989224860295679
B2: 0.0010777570203440187 - 0.000493072116352857 - 0.001319288320959281 - 0.0008322774499189182
