Number: 6759
Error: 8.458935795616447e-16
A1: [0.08043161871112395, -0.18046787671653647, -0.01958892286791507, 0.1196249057722416] - [0.03741554208985906, 0.13359634829975586, -0.13472622402667364, -0.03628586298030631] - [-0.0017028665616806288, 0.22819006895889363, -0.12282843012447724, -0.10365895776066501] - [0.038863182173455475, -0.11448107066143526, -0.046416493618147064, 0.12203417572974534]
A2: [0.03530744165151255, -0.029273477210643054, -0.07569735129158667, 0.06966340626891009] - [0.10289374412165633, 0.28289669466051115, -0.39260640258553003, 0.006815989146068345] - [-0.011187108437967988, 0.5390145821897647, -0.3594510234881773, -0.16837647346606466] - [0.09786280631834832, 0.017463323437435726, -0.1688510039361041, 0.05352488563703324]
B1: -1.527411160937607e-08 - -1.4017251979399717e-08 - -1.5707181584619455e-08 - -1.6618934361840762e-08
B2: -2.4222354166836417e-08 - -1.2013576265676728e-08 - -1.1931179644681955e-08 - -1.0916180697193602e-08
