Number: 9837
Error: 8.566533254400788e-16
A1: [0.0531725086718894, -0.1480013124594072, -0.0269990887433864, 0.121827780493686] - [0.005313735357749412, 0.13083670982568357, -0.11360072823383621, -0.022549747813441108] - [-0.014444491832406673, 0.22309160556814808, -0.12704119484056314, -0.08160594826021286] - [0.027146452423992787, -0.10002004570993708, -0.04942451608746769, 0.12229811271254172]
A2: [0.089254456716534, -0.07291337488300814, -0.12362742528142064, 0.10728637842957163] - [0.10884159321341956, 0.24981404550179753, -0.4048454224333024, 0.046189342221321754] - [0.036635679626961425, 0.4625548684278515, -0.3777176962227143, -0.12147352243093378] - [0.14342621255809956, -0.044606843142292664, -0.20149975091642433, 0.10267963857839853]
B1: -3.8512600287910887e-08 - -1.2944269824221357e-08 - -6.586303289434372e-09 - 8.011903733885297e-09
B2: -1.771238823388249e-08 - -1.910320351028828e-08 - -2.1371489930137097e-08 - -7.89772116607732e-09
