Number: 4096
Error: 1.2924432945246902e-15
A1: [0.0662131836314456, -0.1139520778032732, -0.02398394833196526, 0.07172287009604811] - [0.03740262158139442, 0.18819337846766868, -0.14740893748587416, -0.0781870008837026] - [-0.06022934539710135, 0.32895082502896844, -0.12775308431232205, -0.1409682969745079] - [0.03904618391306644, -0.05332266255104404, -0.03741856642344858, 0.051695144192655584]
A2: [-0.009108557922596556, -0.3468031665181303, 0.2494551083348513, 0.10645669861901592] - [0.08003983246634766, 0.03628226419043148, -0.05025010493766505, -0.06607195211066626] - [-0.04245286177690566, 0.2308318443821631, -0.04053129089571728, -0.14784788577601637] - [0.06813482940072474, -0.2934677964771717, 0.1417712955463677, 0.08356191721056008]
B1: 1.2793886464944357e-08 - -3.718966037056008e-10 - -2.0788297049873835e-08 - 1.7620981026469098e-08
B2: 4.1438907429285515e-10 - 7.26146894982641e-09 - -1.785733673775542e-10 - 4.889388929303989e-09
