Number: 5240
Error: 1.2510967110060252e-15
A1: [0.0662132106880804, -0.11395205135124004, -0.023983921296583662, 0.07172289710723985] - [0.03740258220096965, 0.18819334084240036, -0.14740897619980178, -0.07818703960108357] - [-0.060229448695345446, 0.3289507258163617, -0.12775318539403271, -0.14096839751228535] - [0.03904621135066131, -0.05332263650803323, -0.037418539878289796, 0.0516951705222092]
A2: [-0.009108813116258878, -0.34680343723789736, 0.24945485107620272, 0.1064564310630678] - [0.08003992070007795, 0.03628235924336254, -0.05025000850322082, -0.06607185485746016] - [-0.04245284661938314, 0.23083186111109213, -0.04053127465213494, -0.1478478690121475] - [0.06813471308009553, -0.2934679245510533, 0.14177116944339804, 0.08356178679395874]
B1: -7.572286807692763e-08 - -5.184818124241088e-08 - 4.749282744471644e-08 - 4.2745246003921275e-08
B2: -1.9407525249976567e-08 - -2.668304599333965e-08 - 1.2100251596599904e-08 - -9.707248629957205e-11
