Number: 299
Error: 3.971890758364678e-09
A1: [-0.012390007202651659, -0.01476023807860355, 0.01782575507110114, 0.00833033410553208] - [0.06547962359996472, 0.189153154065567, -0.14569026747660274, -0.11040450939910883] - [-0.09676350583419832, 0.42133163367044973, -0.05396762226579825, -0.2725837848978844] - [-0.0018361286312422764, -0.01871398640870713, -0.004382774052916981, 0.022781920594769876]
A2: [0.16158716683143617, -0.16775434753226937, 0.008501907384581286, -0.002332513659498749] - [0.03555176548613305, 0.20758168730275375, -0.11714469663108233, -0.12572745200375926] - [-0.08622534093889998, 0.5815265243914858, -0.23540018586703024, -0.2599470318020131] - [-0.003856425215899639, -0.004540333001599333, 0.0010892098710853463, 0.007223047614882819]
B1: -6.900076988049171e-05 - 5.89265570925034e-05 - -6.166781091185524e-06 - -4.690948020615781e-05
B2: -0.00031211144798794894 - -0.00044336196018841925 - 0.00032123590508236795 - 0.00026785783775849504
