Number: 6338
Error: 1.1482194737966923e-15
A1: [0.08043170605411352, -0.18046778938343758, -0.0195888356293596, 0.11962499310525716] - [0.03741562259962243, 0.1335964287485853, -0.13472614367732574, -0.03628578251513845] - [-0.0017027509302015601, 0.22819018458790766, -0.12282831466230332, -0.10365884216004644] - [0.0388632992682796, -0.11448095389522704, -0.0464163765979373, 0.12203429275179394]
A2: [0.03530742505614184, -0.029273493851917434, -0.07569736707024304, 0.06966338890004484] - [0.10289381401840675, 0.2828967651504866, -0.3926063349823213, 0.0068160623382021] - [-0.011187038693915456, 0.5390146523498178, -0.3594509574739545, -0.16837639997427906] - [0.09786283399572404, 0.01746335124070771, -0.16885097758904802, 0.05352491468928394]
B1: -1.188781536203854e-08 - 1.660126811675283e-08 - 1.599829766489299e-08 - 2.7778342656765543e-10
B2: -1.6552474196577703e-08 - -1.6064924936329802e-08 - 2.874714079689917e-08 - 1.2657924927869403e-08
