Number: 6228
Error: 9.817687263082217e-16
A1: [0.08043166115648337, -0.18046783427598076, -0.01958888047330579, 0.11962494821275638] - [0.0374155743223922, 0.13359638050789627, -0.13472619185836365, -0.03628583076562434] - [-0.0017028307090292637, 0.22819010481078508, -0.12282839432432131, -0.10365892191758007] - [0.038863220243649105, -0.11448103269807987, -0.046416455572212044, 0.12203421377628125]
A2: [0.035307426401099296, -0.029273492503239594, -0.07569736579147285, 0.06966339030768866] - [0.10289372558100701, 0.2828966759625039, -0.3926064205177986, 0.006815969731286269] - [-0.011187078964407658, 0.5390146118391288, -0.3594509955908328, -0.16837644240872773] - [0.0978627937300179, 0.017463310791845144, -0.16885101591937476, 0.0535248724233771]
B1: -1.4514499461301974e-08 - -8.316799376280599e-09 - -1.127666217098848e-08 - -7.150614042167332e-09
B2: -1.2731852684041848e-08 - -1.8675290580975144e-08 - -1.2206536771042836e-09 - -8.066238426796383e-09
