Number: 1651
Error: 5.317552791629317e-09
A1: [-0.006578628787020796, -0.014381035575402436, 0.0036299134806400883, 0.020070325167563963] - [0.06730389265894919, 0.19034349366323905, -0.14624316310030627, -0.10933089960673985] - [-0.11257048964251341, 0.4417917636781568, -0.07077562597613894, -0.25809757773307296] - [-0.02374449798902311, 0.014971922437389783, -0.03031865672359139, 0.03851075530120001]
A2: [0.1313319863607388, -0.22488024904560985, 0.0224067225388258, 0.06990639973661585] - [0.03303467174098305, 0.20413177680460085, -0.1145010513469644, -0.12107724523162591] - [-0.09487817712084584, 0.5552917794080481, -0.23545872997342515, -0.2258884016776213] - [-0.020662763814007955, -0.01912464090341462, 0.008276467249930804, 0.03233292412842988]
B1: -8.660148166771074e-05 - -0.00030303578541380333 - 2.861835578871921e-06 - 4.923045869201135e-05
B2: 0.00033063121125770714 - -0.00024700047519001205 - -0.0005947078295698769 - 0.000237502219388417
