Number: 8959
Error: 0.005225709681503435
A1: [0.01782165146595948, -0.24076000606789522, -0.07036112980899838, 0.07219428766083702] - [0.00955537754464916, 0.11599588487447791, -0.1272806484758423, -0.03114110204561399] - [-0.03684437438602404, 0.19250511494391384, -0.1543464535575621, -0.13257775001885375] - [0.017541986984891768, -0.13792473524070653, -0.06664002699770996, 0.10244431313275251]
A2: [0.28101052449460484, 0.22811204522332057, 0.14092460076105562, 0.3567965803630845] - [0.3436968022765171, 0.5218337465601393, -0.16714133407710763, 0.2858355348139685] - [0.12919078151268365, 0.6552507332712991, -0.22718353602010066, 0.011867990306199394] - [0.2123451521560218, 0.1143752927687253, -0.06216920732541506, 0.21005650151043365]
B1: -0.025805668045135604 - 0.03398847084509821 - -0.023072765575847757 - -0.01577590983223474
B2: -0.08444590721612626 - -0.07420972022123482 - -0.04663078736424115 - -0.07861109084110196
