Number: 3608
Error: 3.130189298070078e-12
A1: [0.06620941740015743, -0.11395575986647845, -0.02398771166552076, 0.07171911017888903] - [0.03740569954315573, 0.18819631924738345, -0.14740591161615546, -0.07818397473539997] - [-0.06023064072318854, 0.328949580968958, -0.12775435178985967, -0.14096955771696165] - [0.03904408213956139, -0.05332465748988277, -0.03742059987140703, 0.05169312725576398]
A2: [-0.009100087187046472, -0.34679418036527176, 0.24946364762574366, 0.10646557969493463] - [0.08004826590318012, 0.036291349463174555, -0.05024088765856081, -0.0660626565608558] - [-0.04246317502371693, 0.2308204619496129, -0.040542343080608036, -0.14785929191181718] - [0.06814210806495109, -0.2934597823440877, 0.14177918637728826, 0.08357007798384784]
B1: -2.2683653147603547e-06 - -3.521232856513605e-06 - 1.753817231027781e-07 - 6.149108428807657e-07
B2: -1.187310020718233e-06 - 1.9046332752316974e-07 - -1.2232887449758947e-06 - -4.59439361280221e-06
