Number: 5837
Error: 2.139620184862148e-06
A1: [0.07714730282306476, -0.18378215203588527, -0.022845038831471, 0.11635166632265038] - [0.03672933590322647, 0.1328877382552061, -0.1354045310522966, -0.03697062420439909] - [-0.004734123554078852, 0.22514361190018659, -0.12583256430137557, -0.10667828440573382] - [0.03461306098011574, -0.11874380685147423, -0.05062185876585125, 0.1178086719544529]
A2: [0.03063482637525829, -0.0339740972142636, -0.08013063410183707, 0.06479447676790571] - [0.09018605733108695, 0.27002979568061153, -0.4049000148171176, -0.00645665884718495] - [-0.0032361341496065614, 0.5470393885413491, -0.3519153080452291, -0.16000850896129698] - [0.09974887626950615, 0.01936545161340881, -0.16704848149314522, 0.055505455026409065]
B1: 0.001737701858622098 - 0.0002887271684066952 - -0.001488933964291104 - 2.5601958702192084e-05
B2: -0.00045586644798352764 - -0.0004441276900228222 - -0.001476098571010286 - -0.0004613083168056858
