Number: 6860
Error: 9.897563370957226e-16
A1: [0.08043165664704859, -0.1804678387849084, -0.019588884977350625, 0.11962494370383348] - [0.03741555936092358, 0.13359636555774773, -0.13472620679002215, -0.03628584571880902] - [-0.0017028504977928479, 0.22819008502243815, -0.12282841408410972, -0.1036589417010645] - [0.038863201220643524, -0.11448105166770156, -0.04641647458309621, 0.12203419476509512]
A2: [0.035307415061246836, -0.029273503874453904, -0.07569737657326993, 0.06966337843931059] - [0.10289378159636031, 0.28289673245326674, -0.39260636634048657, 0.0068160283875601] - [-0.011187102757719008, 0.5390145879038919, -0.3594510181117008, -0.16837646748058777] - [0.0978628138650419, 0.017463331018456055, -0.16885099675214116, 0.053524893558604694]
B1: 1.1842380204344883e-08 - -2.4756609906138472e-08 - 5.988768568597754e-09 - 7.449875184149851e-10
B2: 1.139745636077506e-09 - 1.0028649079247816e-09 - -4.630583651926525e-09 - 9.574656700556109e-10
