Number: 2954
Error: 2.4558452408075e-08
A1: [0.062390782420756186, -0.04891154232534119, -0.02447776257961844, 0.006818297365894539] - [0.043601158301109104, 0.1912123730435295, -0.1426266237196883, -0.09257758789803162] - [-0.12376162372275117, 0.4145473706381007, -0.10517644988595197, -0.18738797674324068] - [0.036628437830827136, 0.018792863999135902, -0.03350810326754026, -0.023424599857308666]
A2: [0.06366428732509777, -0.17346509111553754, 0.08654529852605489, 0.024176121491938842] - [0.028918884855882843, 0.1999328804743572, -0.10208033367803156, -0.12823664153482225] - [-0.09346751359429126, 0.513625252557282, -0.22566149062584487, -0.1951517520930785] - [-0.025916435164267268, 0.018529568546975943, -0.050276485841864865, 0.056989428697172176]
B1: -0.0003450778715817251 - 8.460394718941672e-05 - 8.698776576239377e-05 - 2.8804448882816792e-05
B2: -8.07404357485739e-05 - -0.0005344169323347214 - 7.309754535669022e-05 - -6.415015789806013e-05
