Number: 9204
Error: 2.758843197947339e-07
A1: [0.053212212907284895, -0.14796630114493392, -0.026961694011542022, 0.12186403161533817] - [0.006628209277632479, 0.13215699450261192, -0.11228247830501495, -0.021227660657926736] - [-0.013873254330123075, 0.22366371878767313, -0.12647079430320676, -0.08103253722570546] - [0.026646111421227348, -0.10052530118049759, -0.04992880338089302, 0.12179336395573014]
A2: [0.09010227933862389, -0.07206339021697902, -0.1227941217158165, 0.10814605348656235] - [0.10833996380204286, 0.24930511252665294, -0.4053404250821235, 0.04568041570666053] - [0.0360566850460375, 0.46197248017181575, -0.37828309536261956, -0.12205653734533344] - [0.14274052595304498, -0.045293975446066594, -0.20217023765319983, 0.10198429087584365]
B1: 0.00047582905154751185 - -1.117243582680739e-05 - 0.00041943348780092924 - -0.00013083622869493463
B2: 0.0009881154692401419 - 0.0005142215979948555 - 0.00051703830179392 - 0.000804613095384798
