Number: 5726
Error: 0.00737048104348408
A1: [-0.21931286785173748, -0.4608318005374139, -0.324360302304558, -0.17959158020491878] - [-0.33725134916036753, -0.23837945964243207, -0.5224657525370017, -0.41565048486451145] - [-0.20475205669385962, 0.07521231571106242, -0.3195467514905454, -0.2981942095653819] - [-0.0764680733512429, -0.17435083841989016, -0.1466033508596338, 0.019398864355775147]
A2: [-0.27367021233386957, -0.3126369398142142, -0.3119457758462162, -0.36690232362037256] - [-0.08019326704776474, 0.12135546329065391, -0.5117330310038544, -0.29835328473381295] - [-0.33027888575689773, 0.24550894063540235, -0.6095351944832271, -0.629489914851179] - [-0.2046712572829214, -0.25936014836774346, -0.3998748628957423, -0.3847624560934011]
B1: -0.44301551808285555 - -0.6389527934263146 - -0.47778721353864495 - -0.4812887647205938
B2: -0.2865706325098833 - -0.24582629435303652 - -0.41621450243329755 - -0.2207360724218125
