Number: 4330
Error: 8.780552424664938e-16
A1: [0.06621322856993937, -0.11395203386901596, -0.02398390342873838, 0.07172291495913162] - [0.037402605828679304, 0.18819336341702084, -0.147408952971995, -0.0781870163711962] - [-0.06022942510209388, 0.3289507484766855, -0.12775316230695463, -0.14096837454961406] - [0.03904632608112138, -0.05332252761043942, -0.03741842888058476, 0.05169528061868376]
A2: [-0.009108677225666165, -0.34680329307999014, 0.24945498806646188, 0.10645657353621667] - [0.0800398498486441, 0.03628228291615388, -0.050250085939799856, -0.06607193295146135] - [-0.042452850428049756, 0.23083185690751354, -0.040531278733776877, -0.14784787322449192] - [0.06813496266612251, -0.29346764974624395, 0.1417714400188622, 0.08356206662557121]
B1: 7.13646871477354e-08 - -5.16356617947682e-09 - -3.786089850855261e-08 - 4.594121464727307e-08
B2: 9.137862907784118e-08 - 1.3248340109624139e-08 - 3.486023966528595e-08 - -6.63327108044177e-08
