Number: 1805
Error: 1.0702963843805583e-07
A1: [-0.005574403673687894, -0.013361360326492168, 0.004710466457022736, 0.021087309858260083] - [0.06662162753190429, 0.1896929584113598, -0.1469495001290579, -0.11008949836690016] - [-0.11190284748587734, 0.44247810291650075, -0.07012164078157918, -0.2573541578961891] - [-0.023649789103996594, 0.015104941904512547, -0.030287215166374993, 0.038623798110090264]
A2: [0.13145855750102212, -0.22477309873091014, 0.022558218281725374, 0.07004763544672368] - [0.032808939383316076, 0.20391780806106466, -0.11472518290069084, -0.12129301906896398] - [-0.09356166170355938, 0.556619311495523, -0.2340720857143615, -0.22447326252335148] - [-0.021350840847346873, -0.019828615956855224, 0.007593100423428937, 0.03166376779426595]
B1: 0.0004242163389635833 - -0.0001362648168286822 - 7.310481065022305e-05 - 0.0002604134138649588
B2: 0.00015725928276126517 - -0.0003124267057755752 - -0.0003122819773587914 - -0.00017136250328237556
