Number: 8740
Error: 2.1287636554696598e-10
A1: [0.08042679001905836, -0.18047270478762026, -0.019593745736846115, 0.11962007764555459] - [0.03741503902925025, 0.13359584566441174, -0.13472672605435576, -0.036286365753403646] - [-0.001710173657667515, 0.22818276203331078, -0.12283572650438179, -0.10366626290265785] - [0.03885613800698327, -0.11448809500006656, -0.046423533251860556, 0.12202713595292176]
A2: [0.0353058869220283, -0.029275036256857904, -0.07569882951021417, 0.06966177907676678] - [0.10289727454077234, 0.28290025508178096, -0.39260298798112797, 0.006819686002900271] - [-0.011171869268133702, 0.5390299122723853, -0.35943659923256, -0.16836041548380315] - [0.09786575677801564, 0.017466287310979503, -0.16884819527771017, 0.05352798264498855]
B1: -8.394015965170068e-06 - -1.0040917649992957e-05 - -1.4662428536171522e-05 - -1.007729031281029e-05
B2: 4.2498800014796955e-06 - -2.1843295460507142e-07 - 5.711341498759518e-06 - 4.931233164306812e-06
