Number: 4073
Error: 1.219448414510381e-15
A1: [0.06621316429156941, -0.11395209671096611, -0.023983967656664405, 0.07172285078862951] - [0.03740263192492384, 0.1881933883502086, -0.14740892731739103, -0.07818699071432149] - [-0.0602293757240225, 0.3289507959016374, -0.1277531139884545, -0.14096832649102628] - [0.03904613260503214, -0.05332271125068993, -0.03741861606225453, 0.051695094956907495]
A2: [-0.009108530212480516, -0.34680313712202193, 0.24945513626917346, 0.10645672767156385] - [0.08003982685942357, 0.036282258150167154, -0.050250111065714864, -0.06607195829075077] - [-0.042452740512901654, 0.23083197821667917, -0.04053116094439419, -0.1478477516625687] - [0.06813474719999286, -0.2934678869837901, 0.14177120643282032, 0.08356182504831684]
B1: -1.4962444555534606e-08 - -4.806443277450443e-09 - 2.8686532509466945e-08 - -1.0791494935921095e-08
B2: -7.59654920355067e-09 - 1.9777310716734334e-08 - -1.515875738790008e-09 - -1.1183922564632587e-08
