Number: 6073
Error: 2.915316243495055e-14
A1: [0.08043292323416693, -0.180466572341452, -0.019587619904819397, 0.11962621014613758] - [0.037416917667572054, 0.13359772283595267, -0.13472485119018993, -0.03628448816492363] - [-0.0017017392805136857, 0.22819119621627168, -0.12282730449360925, -0.10365783078014601] - [0.038864179653106075, -0.11448007598105867, -0.04641549677403894, 0.12203517258951205]
A2: [0.03530727373975805, -0.0292736455870244, -0.07569751093886286, 0.06966323053126738] - [0.10289343587805051, 0.282896383800706, -0.39260670071417825, 0.006815666369887897] - [-0.011187469061920174, 0.5390142194148483, -0.3594513648256563, -0.1683768534682303] - [0.09786221425713955, 0.017462728683091573, -0.1688515675392609, 0.05352426416521328]
B1: -6.24024416508083e-08 - 6.096277628025685e-08 - -1.142011801448454e-07 - 4.41674042350189e-08
B2: 6.371370871920444e-08 - 2.338184660201565e-07 - -5.029117368075541e-07 - -2.6096800479815375e-07
