Number: 9463
Error: 3.4097344745174126e-13
A1: [0.05317176212779029, -0.14800205930885063, -0.026999834485463736, 0.12182703358576613] - [0.005313278901492201, 0.13083625286923928, -0.11360118463179887, -0.022550204905963135] - [-0.014444661817267097, 0.22309143551108804, -0.12704136469736754, -0.08160611831080872] - [0.027146830333484077, -0.10001966774051288, -0.04942413731315074, 0.12229849166005471]
A2: [0.08925114618796999, -0.07291667773165887, -0.12363066116700423, 0.10728302715368376] - [0.10884022254790274, 0.24981267460978518, -0.40484676593938446, 0.04618794850505663] - [0.03663631289568757, 0.46255549841353444, -0.37771707835941537, -0.12147288258645303] - [0.1434271598039919, -0.044605899428470625, -0.20149882599995, 0.10268059987347411]
B1: 1.4036744133965965e-06 - -3.9468516079868993e-07 - -8.293205073262149e-07 - -9.334226935555018e-07
B2: 5.56787127235878e-07 - 2.5071190057924365e-07 - -1.9780314728059456e-07 - -1.4219541553495544e-07
