Number: 6549
Error: 1.1660476028888953e-15
A1: [0.0804316856855331, -0.18046780974971321, -0.01958885597358671, 0.11962497273900183] - [0.037415582588191804, 0.13359638876743568, -0.13472618360903393, -0.03628582250440667] - [-0.0017028053205879292, 0.22819013019868228, -0.12282836897305195, -0.10365889653591681] - [0.03886322118586697, -0.11448103175850949, -0.04641645463059343, 0.12203421471791083]
A2: [0.03530742790498395, -0.029273490995192806, -0.0756973643616074, 0.06966339188167327] - [0.10289373713865338, 0.28289668761824216, -0.39260640933939706, 0.006815981833840631] - [-0.011187113654917884, 0.5390145769417009, -0.35945102842613946, -0.1683764789633414] - [0.09786279577817839, 0.01746331284932286, -0.16885101396966362, 0.053524874573285794]
B1: -2.83237035203484e-10 - -1.9086502486414614e-09 - -1.4375700219418678e-09 - -3.1971230376587647e-09
B2: -1.7149751135399537e-09 - -6.522295565272146e-09 - 1.179805431974239e-08 - -8.868010836902683e-09
