Number: 7750
Error: 1.0175815528915118e-15
A1: [0.08043167427958255, -0.18046782115438015, -0.019588867365892413, 0.11962496133435772] - [0.03741549176295176, 0.13359629801093062, -0.13472627425328867, -0.03628591327933132] - [-0.001702859172893586, 0.22819007634751967, -0.12282842274650259, -0.10365895037384326] - [0.038863223134487736, -0.11448102981536741, -0.04641645268321092, 0.12203421666532054]
A2: [0.03530742257589897, -0.029273496339005122, -0.07569736942845666, 0.06966338630422687] - [0.10289368670170697, 0.28289663675325266, -0.3926064581213724, 0.006815929019042398] - [-0.011187114399379658, 0.53901457619279, -0.3594510291307867, -0.1683764797478071] - [0.09786279183008881, 0.017463308883278624, -0.16885101772799832, 0.05352487042908913]
B1: -1.1779062243484546e-08 - -2.9678430763224342e-08 - -8.558645831151382e-09 - -8.725422769309556e-09
B2: -8.599745140118784e-10 - -5.724140651702673e-08 - -1.877747476432786e-08 - 8.573009173279625e-10
