Number: 1195
Error: 7.459711969764831e-08
A1: [-0.005749802307203655, -0.013538357802018916, 0.0044868304088124, 0.020925041573842413] - [0.06698991451900653, 0.1900420997025118, -0.14656657669507506, -0.10967989694902494] - [-0.11192220536388249, 0.44244090813919024, -0.07009416902851487, -0.257386399375743] - [-0.022114364513736565, 0.016580705243823688, -0.028645831669265615, 0.04023124282721257]
A2: [0.13045019160960733, -0.2257429566588108, 0.021551097891343324, 0.06905182425960217] - [0.032615825669764065, 0.20372020848949593, -0.11491837706049922, -0.12148811677071265] - [-0.09422764519465027, 0.5559253594567135, -0.23481884329625655, -0.22525346528245127] - [-0.02187581325788808, -0.020313244315411674, 0.00707909757484728, 0.031175529786231327]
B1: -0.00022074967155640116 - -0.0004238116171919504 - 0.00013441831559843256 - -0.00038304455827911394
B2: -0.00028249122781112717 - -9.569305143773533e-05 - 0.0001582718105883729 - -3.1745199198911504e-07
