Number: 4326
Error: 1.248117994805105e-15
A1: [0.06621329161610866, -0.11395197223171655, -0.023983840432042096, 0.07172297789949712] - [0.03740260548521982, 0.1881933630888688, -0.14740895330964207, -0.07818701670887165] - [-0.0602293841246708, 0.3289507878332452, -0.12775312220886476, -0.14096833466718897] - [0.039046174125206924, -0.05332267184128493, -0.03741857589287169, 0.05169513480009875]
A2: [-0.009108455953722075, -0.3468030583451256, 0.2494552111287117, 0.10645680552771385] - [0.08003986972075185, 0.036282304324103024, -0.05025006422072031, -0.06607191104796464] - [-0.042452844833960814, 0.23083186308149173, -0.04053127273893091, -0.14784786703765576] - [0.06813489443671963, -0.29346772486975736, 0.14177136605163326, 0.08356199012784947]
B1: -6.524186905510612e-09 - 1.1360127010282359e-09 - -1.4972377319890973e-08 - 4.1182597120944115e-08
B2: 6.039340655766587e-08 - -1.4049416490078231e-08 - 1.2072406433819853e-08 - -5.090385645219249e-08
