Number: 3945
Error: 1.0821746999486236e-15
A1: [0.06621320545044587, -0.11395205647185558, -0.023983926530089076, 0.07172289187843106] - [0.03740259682880261, 0.18819335481824515, -0.14740896181957314, -0.07818702521955179] - [-0.06022927767838514, 0.32895089006903605, -0.12775301804679326, -0.1409682310654099] - [0.03904620482115865, -0.05332264270587367, -0.037418546195569106, 0.051695164256287375]
A2: [-0.009108544898638929, -0.34680315270173573, 0.24945512146420512, 0.10645671227392305] - [0.08003982399895967, 0.03628225506862975, -0.050250114192031806, -0.06607196144362545] - [-0.04245281189501089, 0.23083189943493715, -0.04053123744028266, -0.14784783060849865] - [0.06813469672230366, -0.2934679425619714, 0.14177115171011467, 0.08356176845343653]
B1: 6.397065694177779e-09 - -2.8462702836735458e-08 - 1.6166343278715597e-08 - -1.1224612249349342e-09
B2: 1.1314244548781254e-08 - -1.3824756015248545e-08 - -2.3206440417423783e-08 - 3.257322111258726e-08
