Number: 8350
Error: 9.940139466929855e-16
A1: [0.08043172036362806, -0.18046777507557, -0.019588821337013503, 0.1196250074130978] - [0.03741558137856308, 0.13359638755876904, -0.13472618481609372, -0.03628582371325972] - [-0.0017027975697332916, 0.22819013794936552, -0.12282836123354554, -0.10365888878712122] - [0.038863270471457836, -0.11448098261123947, -0.04641640537643281, 0.12203426397284997]
A2: [0.035307214530127695, -0.02927370496012787, -0.07569756723616253, 0.0696631685622312] - [0.1028937125992683, 0.28289666287063037, -0.3926064330735705, 0.006815956137564591] - [-0.011187156410958682, 0.539014533930587, -0.3594510688957818, -0.1683765240167595] - [0.09786284057969277, 0.0174633578545733, -0.16885097132144747, 0.05352492160018708]
B1: -5.410329643458259e-11 - 2.164802614222131e-08 - 1.3971722854508784e-08 - 1.3525540594868976e-08
B2: 2.667301411626478e-08 - -2.1520595565869467e-09 - 1.7070371677189185e-08 - 2.48411730607084e-08
