Number: 5866
Error: 5.818793708755045e-08
A1: [0.08166613255286365, -0.17923656679001018, -0.01835462027881747, 0.12085988586511881] - [0.039364493469181916, 0.13554242374462452, -0.13278128580654627, -0.034337949788579555] - [-0.0015485482844686301, 0.22834304166412728, -0.1226731040613126, -0.10350408614607498] - [0.038900958739193796, -0.11444576732065904, -0.0463763634926328, 0.12207308505636558]
A2: [0.036366756342209726, -0.028213447880910892, -0.07468911331535787, 0.07077452934372395] - [0.10563528680865186, 0.28565370717963895, -0.38995669394993787, 0.009690286591389633] - [-0.010160097361227267, 0.5400473956649903, -0.3584761144079475, -0.16729165304423033] - [0.09885013698906436, 0.01845374917887391, -0.1679094589219674, 0.05456350047919015]
B1: 0.0001478073360007172 - -0.000487630308569174 - 0.0010770848398935532 - 0.0004195785200850595
B2: 0.00025954077785914683 - -0.00010213227495846683 - 0.0001223551435474469 - 9.81821733462352e-05
