Number: 148
Error: 7.439955889342577e-05
A1: [-0.0042940687714738265, -0.006171667810678688, 0.02745709903988168, 0.01750822502733003] - [0.0682911567246846, 0.1918097842139637, -0.143010292348322, -0.10745293564786328] - [-0.08389631523382095, 0.4343339213289766, -0.039617522830365674, -0.2571019701327708] - [0.009934662252531444, -0.006928288829787513, 0.008934126973480703, 0.03702960392501501]
A2: [0.16503633302979895, -0.1647684742734298, 0.011891158411944717, 0.0006106719276503568] - [0.0305037194970911, 0.20240823403242367, -0.12257479187026962, -0.13110209781626278] - [-0.0714217480510309, 0.5960886917158824, -0.22103031092276043, -0.24588802529812265] - [0.011905938314251248, 0.011115864490825328, 0.016572480532058922, 0.022030232099650066]
B1: 0.005577038870012237 - 0.05589052638622212 - -0.0012657494274858055 - 0.0006897487438361973
B2: -0.006247597797724401 - 0.09309333732882266 - -0.006444298241255517 - -0.00528246636141134
