Number: 1544
Error: 1.3568409877351993e-08
A1: [-0.007987453197433853, -0.015801206106651068, 0.002165069116115151, 0.018632799962808543] - [0.0672160935409767, 0.19025899521833775, -0.14633272339984235, -0.10942922499470512] - [-0.1132290312202872, 0.4411538975701193, -0.07146049488995455, -0.2587966984710832] - [-0.023830208797214748, 0.014891203151725993, -0.030404964722859203, 0.03842523027924677]
A2: [0.1317374665316818, -0.22447977815265852, 0.022815279272361086, 0.07030885252331065] - [0.0327504376301499, 0.20385164889073454, -0.11478447832922392, -0.12135564916388289] - [-0.09466394790004616, 0.555498857690753, -0.23524327595837954, -0.22567624376299114] - [-0.020732820083837936, -0.019182599374282985, 0.008211250741517816, 0.03227261853642383]
B1: 0.00018990632811932082 - 4.562858746429335e-05 - 0.00014856133905193574 - 0.00015506280199917817
B2: 0.00018466399242751577 - 0.00010301634566609548 - 0.0001449516180782318 - 0.00019677933316149298
