Number: 4025
Error: 1.010925485625579e-15
A1: [0.06621322151461541, -0.11395204076667302, -0.023983910478524238, 0.0717229079156367] - [0.03740258693541792, 0.18819334536579402, -0.14740897154552615, -0.07818703494636275] - [-0.06022924317460639, 0.3289509232080099, -0.12775298428342727, -0.1409681974836401] - [0.039046241157138124, -0.05332260821714845, -0.03741851104172419, 0.051695199124676953]
A2: [-0.009108556916233617, -0.34680316545053747, 0.24945510934936502, 0.10645669967414059] - [0.08003983937849586, 0.03628227163679648, -0.050250097383079916, -0.0660719444919336] - [-0.0424528455254177, 0.2308318623183147, -0.040531273479964554, -0.14784786780246806] - [0.06813482046391649, -0.29346780631698555, 0.14177128585800677, 0.08356190719074955]
B1: -9.700961195988392e-10 - -4.2175333167515334e-09 - -3.103668050465019e-08 - 3.0485081302033814e-09
B2: 2.191856524835458e-09 - -1.5965955721651697e-08 - -2.6025719563730943e-08 - 5.326204708995465e-09
