Number: 8001
Error: 1.0021257806945018e-15
A1: [0.08043171075926998, -0.18046778467882416, -0.019588830929832303, 0.11962499780987511] - [0.0374155746551395, 0.13359638084039124, -0.1347261915262238, -0.0362858304330442] - [-0.0017028119000444479, 0.22819012361936145, -0.12282837554286918, -0.10365890311361062] - [0.038863254151720705, -0.11448099888517725, -0.046416421685742885, 0.12203424766327592]
A2: [0.03530742538238629, -0.02927349352475153, -0.07569736676007074, 0.0696633892415055] - [0.10289369980248472, 0.2828966499652173, -0.3926064454504649, 0.006815942737461999] - [-0.011187100569398726, 0.5390145901052334, -0.35945101604040147, -0.1683764651746894] - [0.097862780445316, 0.017463297446708513, -0.16885102856558173, 0.05352485847879733]
B1: -6.348910690030708e-09 - 9.676271671543368e-09 - 1.3012713410812758e-09 - 5.143202451069006e-09
B2: 2.825068374163501e-08 - -3.930370308623114e-08 - 5.602339369651184e-09 - 2.348540025173296e-08
