Number: 3886
Error: 8.402435716326457e-16
A1: [0.06621315795103837, -0.11395210290980336, -0.023983973992224954, 0.07172284445873536] - [0.03740256601217232, 0.1881933253750503, -0.14740899211468564, -0.07818705551734345] - [-0.06022937838212706, 0.32895079334867955, -0.12775311658952568, -0.14096832907811843] - [0.03904608636485059, -0.053322755140102665, -0.03741866079806589, 0.05169505058434303]
A2: [-0.0091086636205276, -0.34680327864716626, 0.24945500178171362, 0.1064565878004547] - [0.08003978777045456, 0.036282216040141334, -0.05025015378773908, -0.06607200137554659] - [-0.04245281690733887, 0.23083189390303152, -0.040531242811687546, -0.14784783615193944] - [0.06813485540662328, -0.29346776784347844, 0.14177132373934648, 0.0835619463680429]
B1: -4.034145213684793e-09 - -7.1673002099333956e-09 - -2.8578155144918688e-08 - -2.0152793939162185e-08
B2: -9.860295682059032e-09 - -1.7181377932687984e-08 - -4.344763804016881e-08 - 2.874968317676258e-08
