Number: 215
Error: 7.651519841631517e-07
A1: [-0.013272947214364401, -0.015680194188969064, 0.016835265963729168, 0.007392386937031712] - [0.06993071081379458, 0.19342888537301467, -0.14108749347031393, -0.10544759531478688] - [-0.09473384476517105, 0.4233439596166985, -0.051738708261111724, -0.27018420786987196] - [-0.0008655492007322337, -0.017864968701311604, -0.003392324812796626, 0.02381742746749847]
A2: [0.16075120245624488, -0.16856539335687715, 0.007750773723426838, -0.0032264155333791636] - [0.042831468613339, 0.2147549247304861, -0.10988684307809445, -0.11860582595320018] - [-0.08631836474549395, 0.581422045905838, -0.2354797120289993, -0.260096059784183] - [-0.002113126193895334, -0.002815575755518863, 0.0028402068089147304, 0.008876134280397657]
B1: 0.001013494661483442 - 0.002406537333005182 - 0.00019142594920538338 - 0.0005173520376109965
B2: 0.0028735606996267487 - 0.001494601462332924 - 0.0004046841462897857 - 0.00030758732270162866
