Number: 8037
Error: 9.085902011909015e-16
A1: [0.08043175485295709, -0.18046774059012916, -0.01958878688886824, 0.11962504189852614] - [0.037415519267691516, 0.1335963254948613, -0.13472624680331124, -0.036285885789810436] - [-0.0017028026615135152, 0.2281901328576958, -0.12282836631786462, -0.10365889387754504] - [0.038863286873385264, -0.11448096625533964, -0.04641638898492942, 0.12203428036460356]
A2: [0.03530745624661283, -0.02927346257516537, -0.07569733741471234, 0.06966342154421737] - [0.10289379232354409, 0.2828967432714917, -0.3926063559652405, 0.006816039620429276] - [-0.01118715860847361, 0.539014531719991, -0.3594510709757372, -0.1683765263323905] - [0.09786281190928779, 0.017463329053790323, -0.1688509986138753, 0.05352489150567543]
B1: 2.094908084167303e-08 - -7.920678561163305e-09 - -1.440160268567413e-08 - -4.69853022776438e-09
B2: 1.963835535181882e-08 - -4.0996838570108364e-08 - -8.699269090228527e-10 - 1.3973415155670326e-08
