Number: 4156
Error: 9.274105349932506e-16
A1: [0.06621316631565785, -0.11395209473210971, -0.023983965634164793, 0.07172285280932088] - [0.03740260421754341, 0.1881933618776893, -0.14740895455586853, -0.07818701795520903] - [-0.06022938158688191, 0.328950790270688, -0.12775311972550069, -0.1409683321972133] - [0.03904610322477253, -0.053322739137317485, -0.03741864448666266, 0.05169506676328972]
A2: [-0.009108631029869564, -0.3468032440735256, 0.2494550346360615, 0.10645662197003528] - [0.08003983034543537, 0.036282261905601944, -0.05025010725570118, -0.06607195444838412] - [-0.04245278338852252, 0.23083193089646317, -0.040531206891612846, -0.1478477990814017] - [0.0681347529262457, -0.293467880678924, 0.1417712126406365, 0.08356183146851692]
B1: -1.1789715674441054e-08 - -4.107962249513598e-09 - 1.713992974322845e-08 - -3.3556139342712187e-09
B2: 1.1956259137414275e-08 - 1.613843665208712e-08 - -1.594719779732842e-08 - -1.4932693058157448e-08
