Number: 5978
Error: 1.8907826288520272e-11
A1: [0.08041272066207177, -0.18048677244600547, -0.019607797309011365, 0.11960601044503108] - [0.03742573379438121, 0.13360653190119054, -0.13471605387290364, -0.03627567762888802] - [-0.0017112228665350586, 0.22818171295012937, -0.12283677372150767, -0.10366731160089906] - [0.038850824350248225, -0.11449339355310427, -0.04642884280912053, 0.1220218259746992]
A2: [0.03524386125664947, -0.029337234591690974, -0.07575780302276344, 0.06959686244849397] - [0.10285041432878779, 0.28285299624521637, -0.39264831100471853, 0.006770616291295181] - [-0.011159323764253234, 0.5390425329900553, -0.3594247247073839, -0.16834719578768007] - [0.09784972766789217, 0.017450185152996536, -0.16886345404456915, 0.053511157342039255]
B1: -1.635484295173389e-06 - 8.115558111912511e-06 - 2.908343211154609e-07 - -4.199172386768533e-06
B2: -4.584485278220129e-06 - 9.79653021321157e-06 - 2.629338088904288e-06 - 2.594933622389893e-06
