Number: 1766
Error: 8.421280710252392e-08
A1: [-0.007652023217654401, -0.015481303424602301, 0.002527608085785024, 0.01895769321360463] - [0.06728301136043836, 0.19032757982354936, -0.14627086964444677, -0.10935211006487057] - [-0.11139371727901477, 0.4429348219186285, -0.06960466493448136, -0.25679420756172006] - [-0.022096299530681193, 0.016587584823491597, -0.028693949743003697, 0.04026788020584787]
A2: [0.12726616949245184, -0.2288720908378063, 0.0184293991986793, 0.06594837950963578] - [0.033110317391331696, 0.20420922570548955, -0.11442668936646082, -0.12100051137533788] - [-0.09497802157354059, 0.5552272449247074, -0.23549198935245075, -0.2259179246822425] - [-0.026865147816253324, -0.025237877020036603, 0.0021172582055033317, 0.026369886021523212]
B1: -0.00011241138201375047 - 0.0010735630854304822 - -0.0017048368343855792 - 0.000518858722503978
B2: 0.00019836066689677106 - -0.0006754984825634721 - 9.862315387651284e-05 - 3.4331815851174996e-06
