Number: 4795
Error: 1.2033657373294688e-15
A1: [0.06621315389224168, -0.11395210687792098, -0.023983978047855303, 0.07172284040671345] - [0.037402590573298866, 0.18819334884154193, -0.14740896796920797, -0.07818703136975334] - [-0.06022933516182849, 0.32895083485939713, -0.1277530742966951, -0.14096828701254055] - [0.03904615518569808, -0.05332268981788873, -0.03741859421614165, 0.05169511662558718]
A2: [-0.009108559540894894, -0.3468031682349213, 0.24945510670333504, 0.10645669692223203] - [0.08003990643402516, 0.03628234387479403, -0.050250024095180465, -0.06607187058176821] - [-0.042452719500244006, 0.23083200140736637, -0.040531138426372175, -0.14784772842351063] - [0.06813485969929235, -0.29346776311733835, 0.1417713283925782, 0.08356195118060794]
B1: 2.3016002803057154e-08 - 1.1913641639142999e-08 - -1.2100791817383723e-08 - -1.3715228656216194e-08
B2: -1.505937398557327e-08 - -1.3878934083279108e-08 - -2.043731313059132e-08 - 7.649479952344944e-09
