Number: 3621
Error: 2.0836609904064514e-13
A1: [0.06621507635226355, -0.1139502273665818, -0.0239820571076238, 0.07172475963938853] - [0.03740505204803361, 0.18819570061443694, -0.14740654814752616, -0.07818461133607868] - [-0.060226937917020086, 0.32895313730378395, -0.12775072846876506, -0.14096595383024754] - [0.039047000254354786, -0.053321887724505475, -0.0374177766595778, 0.05169592754845677]
A2: [-0.009103323270032323, -0.346797613392099, 0.24946038533988757, 0.10646218682617732] - [0.08003840574728821, 0.03628072721341265, -0.050251664260123195, -0.06607352466179989] - [-0.0424528747113714, 0.23083183008616792, -0.040531304783791224, -0.14784790008551535] - [0.06813772661447956, -0.2934646065330353, 0.14177443641438964, 0.08356516551583994]
B1: -5.257021548875542e-07 - 1.3999105802725394e-06 - 3.9087560954595347e-07 - 2.5945004922041796e-07
B2: 7.193406828603648e-07 - -1.732327869470047e-06 - 6.989340890415083e-07 - 1.567375901441323e-06
