Number: 6086
Error: 2.1058832088816397e-14
A1: [0.08043242847645565, -0.18046706704306129, -0.019588114070883362, 0.11962571544497978] - [0.03741644679660421, 0.1335972523215531, -0.13472532112270702, -0.036284958774878334] - [-0.0017019591465460328, 0.2281909763546651, -0.1228275240379062, -0.10365805058776288] - [0.038863522243904824, -0.11448073154538864, -0.04641615376439491, 0.1220345155888083]
A2: [0.03530718954363299, -0.029273730015904092, -0.07569759099206427, 0.06966314241067996] - [0.10289393246667047, 0.2828968846040151, -0.39260622042057464, 0.006816186370899139] - [-0.011187253513937687, 0.5390144362484539, -0.3594511608053809, -0.1683766263376687] - [0.09786303696806334, 0.01746355513629459, -0.16885078437242276, 0.05352512774430993]
B1: 5.420272981496503e-08 - 6.941944686776217e-08 - 7.36300865590559e-08 - 3.70232055109062e-08
B2: 5.098561178506635e-07 - 7.608447666017498e-07 - -7.521321582993435e-07 - -5.2240784636766675e-08
