Number: 7572
Error: 9.003225228296166e-16
A1: [0.08043172005742084, -0.18046777538172612, -0.019588821642805773, 0.11962500710695832] - [0.03741561272093935, 0.13359641887737472, -0.1347261535363251, -0.03628579238835381] - [-0.001702770393146155, 0.22819016512537393, -0.1228283340967514, -0.10365886161779489] - [0.03886325689519768, -0.1144809961494008, -0.04641641894402809, 0.12203425040503935]
A2: [0.03530742702311268, -0.029273491879492127, -0.0756973652000954, 0.069663390958709] - [0.10289373767295613, 0.2828966881570915, -0.39260640882262365, 0.006815982393350921] - [-0.01118711674558792, 0.5390145738325879, -0.35945103135153267, -0.1683764822200806] - [0.09786279164223172, 0.017463308694567335, -0.16885101790682863, 0.05352487023190127]
B1: 3.582906844428399e-09 - 4.803186934183681e-09 - 1.1304348624070263e-08 - 8.54603000229243e-09
B2: 1.2250203545198197e-08 - 6.183874944707889e-09 - 2.2442396770199532e-08 - 5.500121897084161e-09
