Number: 2673
Error: 4.032426334612611e-09
A1: [0.0634841151707498, -0.047823411406540235, -0.023394922647687125, 0.007904540727799048] - [0.044073278871779746, 0.1916678668497405, -0.1421407144729095, -0.0920596349810072] - [-0.12268728438768231, 0.4156184221636756, -0.10409344784727266, -0.18630933622876142] - [0.03695003072077693, 0.019114924173755668, -0.033184460147728224, -0.023103696659246734]
A2: [0.06300080021502508, -0.17412378887497632, 0.08588775168850743, 0.023525527610490652] - [0.029210297075728666, 0.2002201417140712, -0.10178968457402682, -0.12795099704671847] - [-0.09358906053678645, 0.5135065623966107, -0.22578708259976651, -0.19527074790905777] - [-0.026056596178695494, 0.018392812490614485, -0.05042044865323247, 0.05685215998436361]
B1: 7.045406480988524e-05 - 0.00018667414602557578 - -0.00014979583091186585 - -0.00013024695819238873
B2: -8.751430154965992e-05 - 0.00018178598762501167 - -6.043259497318938e-05 - 8.287837015594508e-05
