Number: 5096
Error: 1.0625169896304904e-15
A1: [0.06621324889976528, -0.11395201399347858, -0.023983883114898637, 0.0717229352547941] - [0.03740259489526322, 0.18819335297091178, -0.14740896372035697, -0.07818702712052879] - [-0.06022938895232773, 0.3289507831965105, -0.12775312693291568, -0.14096833936566025] - [0.039046171203008906, -0.05332267461480384, -0.037418578719860034, 0.05169513199604167]
A2: [-0.009108748811857425, -0.34680336902128717, 0.2494549159010511, 0.10645649848245804] - [0.08003978113334083, 0.03628220889017773, -0.050250161041547926, -0.06607200869097107] - [-0.0424527851131574, 0.23083192899298097, -0.04053120873971879, -0.1478478009888316] - [0.0681347899938253, -0.29346783986595804, 0.14177125282520567, 0.08356187302806425]
B1: -6.144449465197618e-08 - 1.3184315300079577e-08 - 7.889755083699092e-09 - 3.4103998235121346e-09
B2: 1.5733669765286384e-08 - -1.9440094117464002e-09 - -4.582836026744781e-08 - -1.2484845041075042e-08
