Number: 9139
Error: 3.5719671584271506e-06
A1: [0.04958019440683627, -0.15173282074191197, -0.03071208330529192, 0.11809547972192942] - [0.005753089660835561, 0.13122966851599815, -0.1132954815807578, -0.022125013061944247] - [-0.014642566944937515, 0.22299852839211304, -0.127201143578519, -0.08160912196956578] - [0.024397138928497545, -0.10279350950314349, -0.05218815330656284, 0.11954675399447948]
A2: [0.11376659964076609, -0.04832794680036848, -0.0994024461284493, 0.13220173365751098] - [0.11976343150702355, 0.2607605165473413, -0.3941347096687921, 0.05727932943518512] - [0.047114827228478796, 0.4730300426532374, -0.3674537549539432, -0.11094804721457915] - [0.14710834541399398, -0.04090909056617579, -0.1979622823805631, 0.10639799836631102]
B1: 0.003231325776048739 - -0.000520315546299957 - 3.608073483332176e-05 - -0.0030297427425022153
B2: 0.0016186561446216064 - 0.0005894593485709881 - -0.0003811233875018734 - 0.0005161861053150059
