Number: 7719
Error: 9.059762508618371e-16
A1: [0.08043163093286103, -0.18046786449619287, -0.019588910660784102, 0.11962491799258701] - [0.03741561766090501, 0.13359642381359962, -0.13472614860618867, -0.036285787451118115] - [-0.0017028554141459238, 0.22819008010618744, -0.12282841899325835, -0.10365894661609891] - [0.038863175461704494, -0.11448107735436407, -0.04641650032561619, 0.12203416902216668]
A2: [0.035307369152556785, -0.02927354991010652, -0.07569742022274417, 0.06966333039096197] - [0.1028936504896186, 0.2828966002338327, -0.39260649314524854, 0.0068158910997211065] - [-0.011187130676935787, 0.5390145598181492, -0.3594510445378645, -0.168376496900017] - [0.09786277302926567, 0.017463289996940076, -0.16885103562518258, 0.053524850694365605]
B1: 7.1305454360006855e-09 - -6.690817646013132e-09 - -2.128710030720159e-08 - -1.1819860949156918e-08
B2: -2.8611478517344776e-08 - 2.5139330959062253e-08 - -1.2039923379385136e-08 - -2.8400669504512664e-08
