Number: 4644
Error: 9.971191265833828e-16
A1: [0.06621320948929602, -0.11395205252327693, -0.023983922494438113, 0.07172289591046721] - [0.03740261500379626, 0.18819337218322182, -0.14740894395215823, -0.07818700735057356] - [-0.06022944069840844, 0.32895073349725873, -0.12775317756861151, -0.14096838972903725] - [0.03904606501279848, -0.05332277540667447, -0.0374186814554683, 0.05169503009463987]
A2: [-0.00910867441321823, -0.3468032900963597, 0.24945499090155457, 0.10645657648496565] - [0.08003978925609868, 0.036282217640660565, -0.050250152163933415, -0.06607199973796209] - [-0.04245291449734629, 0.23083178619680647, -0.04053134739276108, -0.14784794408257843] - [0.06813463909907082, -0.2934680060074262, 0.14177108924091536, 0.08356170384747484]
B1: 2.1272854002580727e-10 - 8.60383084228547e-09 - -1.1596196663044156e-08 - -2.2784360023631276e-08
B2: -2.0802053489981597e-09 - -1.5931194939076472e-08 - 3.6779329561980966e-08 - -4.1034345213972774e-08
