Number: 7426
Error: 6.835257236232286e-16
A1: [0.08043169174757811, -0.18046780368835924, -0.019588849918794914, 0.11962497880035265] - [0.037415595715895, 0.13359640188520375, -0.1347261705074846, -0.03628580938397562] - [-0.0017027906561330646, 0.22819014486282088, -0.12282835433006829, -0.10365888187537164] - [0.03886324672236727, -0.11448100629367965, -0.046416429110373796, 0.12203424023853447]
A2: [0.035307183073385394, -0.029273736503941602, -0.07569759714453496, 0.06966313563901315] - [0.10289367175129549, 0.28289662167595153, -0.3926064725812114, 0.0068159133637675584] - [-0.011187151159181436, 0.5390145392137348, -0.3594510639247648, -0.16837651848286875] - [0.09786272365344638, 0.01746324039652769, -0.16885108262778817, 0.053524798865849474]
B1: -6.997441555803738e-09 - 3.176275749706189e-08 - 6.883873934115673e-08 - 3.442358260756818e-08
B2: 1.576493135116517e-08 - 1.225648246245687e-08 - 4.042993088947462e-08 - 2.059548884092713e-08
