Number: 7979
Error: 9.330769137910878e-16
A1: [0.08043169645044497, -0.18046779898603144, -0.019588845221550986, 0.11962498350268265] - [0.037415538415367225, 0.13359634462805015, -0.13472622769378623, -0.03628586665274054] - [-0.0017028326213707088, 0.22819010289847613, -0.12282839623385686, -0.10365892382940728] - [0.038863238276865865, -0.11448101471548412, -0.04641643755048458, 0.12203423179828594]
A2: [0.035307455516545766, -0.02927346330724765, -0.07569733810885176, 0.0696634207801257] - [0.10289371515431098, 0.28289666544733216, -0.39260643060236916, 0.006815958813051783] - [-0.011187131261139427, 0.5390145592304361, -0.35945104509084724, -0.16837649751559736] - [0.09786279323690208, 0.01746331029647805, -0.168851016388803, 0.05352487190577978]
B1: 8.003803350342907e-09 - -1.1099290079463247e-08 - -1.0575105505929683e-08 - -2.1427614536178115e-09
B2: -1.873390595778135e-08 - 1.793860899362626e-08 - 3.4705289652662813e-10 - -1.5617123731056187e-08
