Number: 343
Error: 3.785859510440956e-10
A1: [-0.012256353275486688, -0.014622917688047308, 0.017973490104466982, 0.008473094750318728] - [0.06583234268697569, 0.18949247762405236, -0.14532556322346527, -0.11001178220085554] - [-0.09628271640036817, 0.4217961080309805, -0.05344608806707466, -0.27202367524612486] - [-0.0013433834251225804, -0.018240287255587486, -0.003858398114037772, 0.023351439614573456]
A2: [0.16156716624421483, -0.16777396878006484, 0.008482170427697007, -0.0023521386333424975] - [0.03548695213305993, 0.20751792688849172, -0.11720920640537659, -0.12579083102232722] - [-0.08621925007189266, 0.5815325324192989, -0.23539427763560553, -0.2599411361765964] - [-0.003848938629406454, -0.0045330173538828756, 0.0010964522135757373, 0.007230045268469531]
B1: 1.8802581158774066e-05 - -0.00010039556389327309 - 2.0879552000973527e-05 - 1.938107039715836e-05
B2: 6.627964153542867e-05 - -3.628631399159168e-05 - -3.2140591585136496e-05 - -3.235421885053772e-05
