Number: 7291
Error: 5.151180893967744e-16
A1: [0.08043167078946174, -0.18046782464409702, -0.01958887085184371, 0.11962495784463244] - [0.03741557345704851, 0.13359637964320656, -0.13472619272197764, -0.03628583163049026] - [-0.0017028338427095922, 0.2281901016771687, -0.12282839745340686, -0.10365892505042232] - [0.038863215644335425, -0.11448103728449023, -0.04641646016859652, 0.1220342091798212]
A2: [0.035307434268788594, -0.029273484613785723, -0.07569735831099646, 0.06966339854208876] - [0.10289377998201149, 0.28289673082521943, -0.3926063679018498, 0.006816026697095949] - [-0.011187047720807215, 0.5390146432690641, -0.3594509660180427, -0.16837640948630447] - [0.09786281637882044, 0.017463333543667994, -0.16885099435918563, 0.05352489619724864]
B1: -1.960240725488926e-08 - -5.030920801589809e-10 - 8.892347360561645e-10 - -7.1205133585677086e-09
B2: -6.936332259045158e-09 - -7.379164167863585e-09 - -5.322851853318666e-09 - -6.306763006530158e-09
