Number: 7420
Error: 5.052072336839395e-16
A1: [0.08043167034676778, -0.1804678250867444, -0.019588871294014678, 0.11962495740198793] - [0.03741557374564912, 0.13359637993158752, -0.13472619243395284, -0.03628583134204996] - [-0.0017028125828950746, 0.22819012293652746, -0.12282837622472517, -0.10365890379628098] - [0.0388632215639018, -0.11448103138153967, -0.046416454252806216, 0.12203421509570682]
A2: [0.03530718085269191, -0.029273738730777217, -0.07569759925594378, 0.06966313331481794] - [0.10289367903136436, 0.2828966290178065, -0.39260646554002177, 0.006815920987060301] - [-0.011187134728571102, 0.5390145557423455, -0.35945104837282443, -0.16837650116937183] - [0.09786273370183532, 0.017463250490622664, -0.1688510730623667, 0.05352480941338051]
B1: -1.645335208687199e-08 - 2.7177889228638136e-08 - 6.616633729942096e-08 - 3.102949033495792e-08
B2: 2.78645508320006e-08 - 2.4621933257405255e-08 - 4.810985564730118e-08 - 3.16798128351692e-08
