Number: 7790
Error: 1.2364970484071895e-15
A1: [0.0804316927206129, -0.18046780271543728, -0.019588848946912474, 0.11962497977328164] - [0.03741556353469274, 0.13359636972835273, -0.13472620262455212, -0.03628584154734698] - [-0.0017028103272395164, 0.22819012519213336, -0.12282837397236632, -0.1036589015412253] - [0.038863235119870373, -0.11448101786361924, -0.046416440705466015, 0.12203422864325383]
A2: [0.03530745044858376, -0.029273468389223633, -0.07569734292742845, 0.06966341547598047] - [0.10289371416873379, 0.2828966644534015, -0.39260643155560543, 0.006815957781010682] - [-0.011187118691505153, 0.5390145718750641, -0.35945103319337923, -0.16837648427056653] - [0.09786279780592785, 0.017463314886302005, -0.1688510120393773, 0.05352487670176588]
B1: -1.1270622185699512e-08 - 9.617817108950908e-09 - -4.2220051672507976e-09 - -7.089454851568064e-09
B2: -1.760780837478798e-09 - 6.023339035770224e-09 - -8.447462285650054e-09 - 9.259891656005603e-10
