Number: 5886
Error: 3.5904193447264975e-08
A1: [0.08015015738628417, -0.18074987373627202, -0.01986962900984326, 0.11934366128752799] - [0.03642285014399596, 0.13260418442966243, -0.13571654335189032, -0.037277819269766956] - [-0.001996562200753793, 0.22789636730005092, -0.12312130654825927, -0.10395239082383761] - [0.03922736607634958, -0.11411817751402109, -0.046052107792444695, 0.12239834482502036]
A2: [0.03584999575853382, -0.028729670725666588, -0.07518137511977269, 0.07023157072621133] - [0.10378536292148284, 0.28379467901761224, -0.39174470901056174, 0.007749919676731209] - [-0.00903399324308567, 0.5411797506412545, -0.3574126048235179, -0.16610654830696892] - [0.0990020812380944, 0.01860732418974175, -0.16776625814327192, 0.05472134215598358]
B1: 1.3187146249545138e-05 - -0.0005292559864828326 - 0.0001401086730466807 - 4.5588037547149754e-05
B2: -0.00036084325898634573 - 4.1677887782470647e-05 - 0.0006420555025197068 - 1.3567608861828455e-05
