Number: 7433
Error: 9.340025583283688e-16
A1: [0.08043170390992622, -0.18046779152738923, -0.019588837770990082, 0.11962499096131103] - [0.03741561162041872, 0.13359641777768927, -0.13472615463465168, -0.03628579348826278] - [-0.001702790416402395, 0.22819014510254676, -0.12282835409068822, -0.10365888163570465] - [0.03886325714180345, -0.11448099590348476, -0.04641641869757765, 0.12203425065149429]
A2: [0.03530727334033237, -0.029273645987331908, -0.07569751131981835, 0.06966323011310824] - [0.10289370126853442, 0.2828966514437039, -0.39260644403251493, 0.00681594427261735] - [-0.011187108936198493, 0.5390145816885565, -0.35945102395976725, -0.1683764739910649] - [0.09786276502287823, 0.017463281954132485, -0.16885104324674394, 0.053524842290260305]
B1: -1.1349250446006737e-08 - 2.3487654618852827e-08 - 4.765944361336597e-08 - 2.22552216056284e-08
B2: 6.486165776601465e-09 - 2.746091247652864e-09 - 2.7724168765262118e-08 - 9.80243923303653e-09
