Number: 2755
Error: 1.988751656205771e-08
A1: [0.0639244987724715, -0.04738433488440623, -0.022958455152838144, 0.008341488439627953] - [0.04390328160141144, 0.19150378806801166, -0.14231584803283215, -0.09224667852369123] - [-0.12415291997093113, 0.4141565697199907, -0.10556813476790665, -0.1877792441055731] - [0.03751921596020344, 0.0196841363320235, -0.0326168229274035, -0.022538661887517186]
A2: [0.0635284636123351, -0.17359857375020482, 0.08641330614338621, 0.024045545870418832] - [0.029449189851871657, 0.20045556601600312, -0.10155156985095448, -0.12771717675309002] - [-0.09293563976937727, 0.5141476937191837, -0.22513065783162603, -0.19463871573843572] - [-0.02563880543801943, 0.018807826613038495, -0.050000301764343724, 0.05725781255470693]
B1: 2.7581221624017812e-05 - 8.829618234354041e-05 - 5.0104547902895654e-05 - 0.000174563350211372
B2: 2.6740701882152162e-05 - 6.12004043862988e-05 - 0.00036473737891175285 - -0.0001517245685068515
