Number: 5789
Error: 1.583005361133523e-05
A1: [0.08594252743980033, -0.17581136401625583, -0.014831283480890993, 0.12458029652891241] - [0.031225344516150846, 0.12581716707998267, -0.14277316587810218, -0.04378568917537165] - [0.006432319445284425, 0.2368095659460033, -0.11453259105455953, -0.09542643772546003] - [0.05704806136253791, -0.09544756123850173, -0.026906769067940893, 0.14107797087964644]
A2: [0.014172136610594847, -0.05082253629094453, -0.094850508763856, 0.048633982029461745] - [0.11506737215107075, 0.29504311651458465, -0.38122348013953056, 0.01936572242359639] - [-0.02038011622466425, 0.5304930640676229, -0.3682300658757126, -0.17918100484031974] - [0.08854353358104107, 0.008448056142009799, -0.17751818999381921, 0.04331293488755896]
B1: -0.0006463815385422318 - -0.0031860645181278303 - 0.002081005352333759 - 0.001015344211453838
B2: -0.0010683287410919828 - 0.002206406120907085 - -0.005428331900867387 - -0.0054398675791400685
