Number: 9219
Error: 9.368136507278053e-08
A1: [0.05477671701797855, -0.146399734478786, -0.02539822572292593, 0.1234309462401442] - [0.003477042674648324, 0.1290006248202775, -0.11543456210062328, -0.024385718541590454] - [-0.013185476188639406, 0.22435149189849715, -0.1257834445028779, -0.08034506208437103] - [0.029285804955107846, -0.09788452411478725, -0.04728298912518154, 0.12444108897074956]
A2: [0.08827525095809774, -0.07388132502318553, -0.12458057175724847, 0.10629439762500714] - [0.10915509302957736, 0.250125761645901, -0.4045395296107975, 0.04650849781009665] - [0.037457207271493084, 0.4633696088800536, -0.37691567223450395, -0.12064249008561681] - [0.14284890919018198, -0.04517818689673682, -0.20206200447560077, 0.10209313900975847]
B1: 0.000124024660757902 - 0.00015378471657884787 - -0.00016093274763251514 - 0.0004073789800885827
B2: -0.0005945366805317749 - -7.751324369782459e-05 - 0.0009252470516688304 - -0.0005285820762727594
