Number: 8770
Error: 1.4923074143747345e-08
A1: [0.08038128597106498, -0.1805181984890405, -0.019639192625835872, 0.11957458030858034] - [0.03735321546313891, 0.13353408431803, -0.13478842254721815, -0.036348150561480566] - [-0.0017625962507182538, 0.22813034227985696, -0.12288807031958353, -0.10371867106962307] - [0.038859242074258664, -0.11448499542663529, -0.04642042700045482, 0.12203023956732624]
A2: [0.03555011823145024, -0.029030142933748074, -0.0754666151481446, 0.06991740310453871] - [0.10296308348928705, 0.28296660897636994, -0.3925393349536208, 0.006888604055370287] - [-0.010890862989227866, 0.5393125821747989, -0.3591706186256441, -0.16806429920217175] - [0.09805824671407076, 0.017659639132004936, -0.16866495464457165, 0.053730043342484775]
B1: -9.129210359519119e-05 - -6.571930404237382e-05 - -0.0001305017627345443 - -8.953740940641013e-05
B2: 4.4411534393658887e-07 - 7.96706687177494e-05 - -4.6993954714194815e-05 - 2.2242857397397744e-05
