Number: 4876
Error: 7.764587887838711e-16
A1: [0.06621309996223365, -0.11395215960276113, -0.023984031935517947, 0.07172278656724115] - [0.037402576993973105, 0.18819333586742262, -0.14740898131871896, -0.07818704472044295] - [-0.06022928828113626, 0.3289508798857845, -0.12775302842195854, -0.14096824138454855] - [0.03904624663352254, -0.053322603018974436, -0.0374185057433378, 0.05169520438002262]
A2: [-0.009108586777959643, -0.3468031971291277, 0.2494550792459322, 0.10645666836575562] - [0.08003988032973469, 0.03628231575301674, -0.050250052625652866, -0.06607189935449964] - [-0.04245280894966413, 0.23083190268563733, -0.040531234283756046, -0.14784782735102237] - [0.06813478407926644, -0.29346784637810125, 0.1417712464133321, 0.08356186639678842]
B1: 6.637026213502713e-09 - 9.096078740645727e-09 - -3.3404323111675935e-09 - 6.890392672827996e-10
B2: -6.2385652359502695e-09 - -1.9109253680482004e-08 - -4.0119507560810876e-09 - 5.649037473285402e-08
