Number: 5014
Error: 9.946659292877278e-16
A1: [0.06621319807234628, -0.11395206368505405, -0.0239839339023911, 0.07172288451271149] - [0.03740266734797801, 0.18819342219457488, -0.1474088924937889, -0.07818695588765859] - [-0.060229243894160595, 0.3289509225170749, -0.12775298498744808, -0.140968198183639] - [0.03904619055957645, -0.053322656242281954, -0.03741855999302774, 0.05169515057082354]
A2: [-0.009108638810169527, -0.3468032523270293, 0.24945502679275763, 0.10645661381293862] - [0.08003980754633236, 0.03628223734450518, -0.050250132173688865, -0.06607197957799373] - [-0.04245286425510683, 0.2308318416472761, -0.04053129355115216, -0.1478478885165933] - [0.06813474127901759, -0.2934678935029242, 0.1417712000138206, 0.08356181840994065]
B1: -6.735371291894392e-09 - -1.684713067285533e-09 - 5.046805200150738e-09 - 8.194393359981599e-10
B2: 2.2954550128543227e-08 - 1.3985951609182239e-08 - -3.1481193127635214e-08 - 1.2555393955538991e-08
