Number: 4848
Error: 1.0872003485571268e-15
A1: [0.06621304246983345, -0.11395221581041844, -0.02398408938280835, 0.07172272917131925] - [0.03740253189807019, 0.18819329278133254, -0.14740902565145633, -0.07818708905710002] - [-0.06022940942805907, 0.32895076353075686, -0.12775314696923407, -0.140968359294214] - [0.03904616210896015, -0.05332268324657032, -0.03741858751807555, 0.05169512326926681]
A2: [-0.009108552124779736, -0.3468031603675897, 0.24945511417946545, 0.10645670469767636] - [0.08003986249922973, 0.03628229654446226, -0.050250072113378286, -0.06607191900768965] - [-0.042452800112291786, 0.23083191243907725, -0.04053122481331524, -0.1478478175772475] - [0.06813485578209716, -0.29346776743034736, 0.14177132414594218, 0.08356194678869228]
B1: -1.6692120012302353e-08 - 2.544125567568665e-08 - 3.3088652590393496e-09 - 3.000980979463248e-08
B2: 4.658873817829179e-08 - 3.4542199886679356e-08 - -4.909007373071418e-08 - 4.656885368531535e-08
