Number: 8830
Error: 0.0002351270001516428
A1: [0.07847057234331457, -0.18242918200209982, -0.021579264459143196, 0.1176793130449677] - [0.03441466086229916, 0.13058329627816925, -0.13770776431821555, -0.03927819696910559] - [-0.005912691460722974, 0.2239624885040697, -0.12702261446149046, -0.10785756609126078] - [0.03649882296319086, -0.11682286247296078, -0.048840515320657175, 0.11969336804169348]
A2: [0.030159628616689867, -0.03451546674126202, -0.08048089034218447, 0.06427936958178479] - [0.10499620695575174, 0.284993677115747, -0.39046611408957127, 0.009012455168361414] - [-0.019306834858314078, 0.5306967672270595, -0.3671663589426104, -0.17689263340926772] - [0.09877488282835718, 0.018323374146118752, -0.16786317083877556, 0.054478593146297806]
B1: 0.009617741886023436 - 0.010416317369967024 - 0.012119271156103123 - 0.010206938652006753
B2: -0.004907762780529372 - -0.004885642864248247 - -0.0032261689913467926 - -0.004242840454487171
