Number: 8922
Error: 0.00045043678851314087
A1: [0.000942272108248883, -0.2565456698435386, -0.08599584795370398, 0.05512162011471046] - [-0.03853895413183121, 0.06622532655887624, -0.1865331543190341, -0.08801691657723715] - [-0.05820601081958963, 0.17177976321471786, -0.1743361082996213, -0.1554861490717799] - [-0.05828316145602003, -0.20737821385679808, -0.13526636266089895, 0.035637426893818866]
A2: [-0.034855613782712735, -0.09580514244000916, -0.1571339875808394, 0.00830614493028041] - [0.11783891459754875, 0.2945248788949825, -0.3818102312056789, 0.031364052301616575] - [0.07092776135935952, 0.6093806488804565, -0.2795788710397706, -0.0679164894428305] - [0.16401169430758714, 0.07400214821536977, -0.10240590590470718, 0.13740475214504827]
B1: -0.03158519278301766 - -0.014197306804058913 - 0.017283740145197686 - 0.017075560130695205
B2: -0.01224774031233419 - -0.019708916926981446 - -0.014446451503843865 - -0.006328572862604152
