Number: 4533
Error: 9.385056050806237e-16
A1: [0.06621308440068745, -0.11395217481658496, -0.023984047484869445, 0.07172277103179371] - [0.037402513488305617, 0.1881932751920409, -0.14740904374966451, -0.07818710715692125] - [-0.06022941032237856, 0.32895076267182205, -0.12775314784436867, -0.14096836016469583] - [0.03904603375136214, -0.05332280507885259, -0.03741871169986901, 0.05169500009582985]
A2: [-0.009108549423065425, -0.3468031575014667, 0.24945511690305583, 0.1064567075302548] - [0.08003985997386431, 0.036282293823923964, -0.05025007487349328, -0.06607192179120723] - [-0.042452669348794055, 0.23083205675764795, -0.04053108468211277, -0.1478476729578428] - [0.0681347839657887, -0.29346784650305885, 0.1417712462903126, 0.08356186626956778]
B1: 6.27307099445817e-09 - -4.6193748087069455e-09 - 1.9081379936839525e-08 - -3.3892586247672253e-08
B2: -6.320964204248452e-09 - 1.7942391550344019e-09 - 3.995123724449482e-10 - -9.60758413505575e-09
