Number: 914
Error: 7.069943409601643e-10
A1: [-0.012236328170325857, -0.01460250253209598, 0.01799556384413026, 0.008494370791358962] - [0.06583943548643292, 0.18949929356495218, -0.14531822326177088, -0.11000388642085177] - [-0.09635995602065321, 0.4217213668408593, -0.053529943348694285, -0.27211372661169797] - [-0.0014757661299837866, -0.01836751385090372, -0.003999306403738508, 0.023198581829720514]
A2: [0.16154335769774522, -0.1677971454105835, 0.008458962108447732, -0.00237511189594657] - [0.03554373510868173, 0.20757380177305867, -0.1171526506294529, -0.12573528301080533] - [-0.08626697288041706, 0.5814859378327736, -0.23544061030945806, -0.2599874997770089] - [-0.003916608552850997, -0.0045995158978320355, 0.0010294937167559881, 0.00716530611764889]
B1: -5.731014895709185e-05 - -7.015686067864666e-06 - -4.016489138998495e-05 - -1.7512340453781385e-05
B2: -9.279483137013665e-05 - -3.387834570201869e-05 - -2.5678040944450403e-05 - -1.3728412249162475e-05
