Number: 819
Error: 2.4404710693807995e-12
A1: [-0.01215632046580291, -0.014520176042056278, 0.018084048570089554, 0.008579969901229504] - [0.0658377149646744, 0.18949764611907174, -0.14532000662881808, -0.11000580003321363] - [-0.09629431359567371, 0.4217848919105377, -0.0534586783549345, -0.2720371783812981] - [-0.0013054340811827026, -0.018203793749563817, -0.003818008841672308, 0.023395313369343074]
A2: [0.16158410630513645, -0.16775733852420954, 0.008498772077312922, -0.0023356182248853033] - [0.035486314849043826, 0.20751730359568069, -0.11720983537146644, -0.1257914510839916] - [-0.08621543513475834, 0.5815362700826305, -0.23539056614123083, -0.2599374115727546] - [-0.003833810826953707, -0.004518152545668315, 0.0011114014975877344, 0.007244499223777733]
B1: 1.6116427748590204e-07 - 2.214554413470124e-06 - 2.4846245608929766e-07 - -2.5682409727928606e-07
B2: 4.343939097772753e-06 - -9.173274129732944e-07 - 2.030997485670096e-06 - -1.5613809570826724e-06
