Number: 1637
Error: 4.904228136664571e-08
A1: [-0.007270912695225989, -0.015079432152835736, 0.0029107428967100335, 0.0193598322300844] - [0.06631776969218779, 0.18939480523875307, -0.1472623386282423, -0.11042767046755565] - [-0.11109474495537665, 0.44324242856280327, -0.06923520232815811, -0.2564937333396018] - [-0.02305741849290668, 0.015646803142389212, -0.029616681297265173, 0.03923635087549692]
A2: [0.13273086001734, -0.2235040268439979, 0.023786832953421357, 0.0712750540504332] - [0.032717810198754846, 0.20382004014079705, -0.11481661401499539, -0.12138715995761899] - [-0.0941497441474352, 0.5560087280901722, -0.23474042160187686, -0.225172014154774] - [-0.021122269969228273, -0.019577297454009643, 0.007819032045975536, 0.031891353635332104]
B1: 0.000318330734315497 - -3.227875892185505e-05 - 8.679735061177322e-05 - -0.000166042495536992
B2: -0.00031865214959280494 - -7.148091412775441e-05 - -2.32392715514101e-05 - -6.770988194901661e-05
