Number: 4874
Error: 1.074718133455129e-15
A1: [0.06621311838384654, -0.11395214159280712, -0.02398401352836238, 0.0717228049579368] - [0.037402578155576315, 0.18819333697725577, -0.147408980176774, -0.07818704357839713] - [-0.06022930256199078, 0.32895086616979985, -0.12775304239636623, -0.1409682552837951] - [0.039046289178115055, -0.05332256263721825, -0.037418464582844126, 0.05169524520630773]
A2: [-0.00910857935467477, -0.3468031892541963, 0.2494550867292767, 0.10645667614865469] - [0.08003988601638748, 0.036282321879166496, -0.050250046410470636, -0.06607189308654297] - [-0.04245279477283356, 0.2308319183320329, -0.040531219091327515, -0.14784781167201677] - [0.06813480359662329, -0.2934678248886881, 0.14177126757199027, 0.08356188827929475]
B1: 2.8156612965503183e-09 - 4.970146806381651e-09 - -6.707441752751406e-09 - -1.2972060634750074e-10
B2: -2.4882228282004152e-08 - -2.6545806443498725e-08 - 4.6971834546136664e-09 - 5.919287530400029e-08
