Number: 5136
Error: 1.2582457781004867e-15
A1: [0.06621320213177088, -0.11395205971637344, -0.02398392984619804, 0.07172288856527868] - [0.03740261553944545, 0.1881933726950452, -0.1474089434255325, -0.07818700682391048] - [-0.060229404933874464, 0.3289507678470863, -0.12775314257143955, -0.1409683549200651] - [0.03904618748697209, -0.053322659158674686, -0.037418562965716, 0.05169514762226454]
A2: [-0.009108659594699389, -0.3468032743760098, 0.24945500584001185, 0.10645659202160697] - [0.08003982102365845, 0.03628225186343367, -0.05025011744374778, -0.066071964722983] - [-0.042452754731929006, 0.2308319625234496, -0.04053117618215233, -0.1478477673884373] - [0.0681347860930794, -0.29346784416086363, 0.14177124859631982, 0.08356186865464242]
B1: 9.012328796428007e-08 - -1.4037198070289431e-08 - -4.8619795414136e-08 - -2.558431410602405e-08
B2: 4.724081429292492e-10 - 4.530391864888127e-09 - -1.7204062559169008e-08 - 5.409620167745877e-09
