Number: 4781
Error: 9.769402545520696e-16
A1: [0.06621318552253659, -0.11395207595445361, -0.023983946442383917, 0.07172287198392394] - [0.03740262800447903, 0.188193384604502, -0.14740893117148582, -0.07818699456877659] - [-0.060229282167092765, 0.32895088575795595, -0.12775302243915318, -0.1409682354339118] - [0.03904615337270035, -0.053322691538720546, -0.03741859597015969, 0.05169511488581046]
A2: [-0.009108553780409648, -0.346803162123955, 0.24945511251042915, 0.10645670296177982] - [0.080039847764893, 0.036282280671367684, -0.05025008821716138, -0.06607193524821489] - [-0.0424528149755028, 0.23083189603514234, -0.04053124074130429, -0.14784783401534113] - [0.06813478423357011, -0.29346784620823485, 0.14177124658057672, 0.08356186656977854]
B1: -9.83102092407289e-10 - 2.3404528385374562e-08 - 1.2648926191582101e-08 - 1.565083646939767e-08
B2: -1.1338845646787245e-08 - 4.730334793798537e-09 - 1.6642751632459334e-08 - 2.3232414142033852e-08
