Number: 1135
Error: 1.3519279682550265e-06
A1: [-0.00644774891177545, -0.014212371932616742, 0.003837425069970571, 0.020167638733621842] - [0.06549176957906527, 0.18857650381575505, -0.14812745862723672, -0.11131986277471659] - [-0.1107060734079454, 0.4436892035753999, -0.06875283663502844, -0.2560962580776952] - [-0.027952054904315987, 0.01080856382106207, -0.034479809738373356, 0.03408050062213433]
A2: [0.13544458762746645, -0.22082931909655518, 0.02648532184199459, 0.0738951926509642] - [0.028067117890641174, 0.1992706122365093, -0.11945202452919965, -0.12593431916857606] - [-0.09067270781670933, 0.5594979722236904, -0.23128874048781514, -0.22182746442363585] - [-0.013322654366794591, -0.011955464523569184, 0.015582913691462552, 0.03929923995106279]
B1: 0.0009536910349383187 - -0.002732141526419906 - 0.0019244085192869067 - -2.231036064633915e-05
B2: -7.082213338194102e-05 - -0.0005189337399407684 - -0.0009865639432807733 - 0.000869442148515407
