Number: 969
Error: 0.0006718816680482962
A1: [-0.017010619685942037, -0.019501412446636474, 0.012662705400415279, 0.003394779812473182] - [0.06477743510910215, 0.18847746394742956, -0.14642281890604347, -0.11118775751468925] - [-0.10906595312482936, 0.4094535588342138, -0.06737170962835791, -0.2869084399700491] - [-0.008872729855219051, -0.02547000441901422, -0.011935951201689915, 0.014648752528946112]
A2: [0.1493737600203745, -0.1798603324546116, -0.0034299209757185055, -0.014201328246587736] - [0.03518863187600613, 0.20720637721438784, -0.11750164111209205, -0.12607691902315396] - [-0.09045277438104331, 0.5773067188705274, -0.2394918700525458, -0.26404467867816805] - [-0.004372155243743663, -0.0050764571837928745, 0.0005878821834716967, 0.006738780302612426]
B1: -0.00034698552324900593 - -0.006924500924470412 - -0.004975652705563325 - -0.003347913780598009
B2: 0.02384124359272842 - 0.019714264948652336 - 0.026762526340434887 - 0.021946644434329213
