Number: 8854
Error: 1.3114574131223913e-05
A1: [0.07689524376020347, -0.18395861139758346, -0.02464701837797206, 0.11641305570808767] - [0.03199486343630291, 0.1282157554912057, -0.14117954703940902, -0.0415187755360659] - [-0.009924023256626184, 0.21999481614340705, -0.13138558270004444, -0.11188579414282543] - [0.038976541634810825, -0.11423008783463448, -0.04808875722310116, 0.12254502256569144]
A2: [0.05010759234538893, -0.014576124127976566, -0.06146141013871538, 0.08516142189338623] - [0.08712382853532402, 0.2670623761313879, -0.40739479160243125, -0.009752918915738432] - [0.008155207543004025, 0.5577833803328135, -0.3418215989483789, -0.1478229643118529] - [0.10834113206240946, 0.028037961653850686, -0.158436181939982, 0.06447988670212416]
B1: 0.004512623390265702 - -0.0062471011953191095 - 0.0021924438819121194 - 0.005351410036404611
B2: 0.00487860140586039 - 0.0033652380357324986 - -0.004461769201385633 - 0.005927468015166924
