Number: 1819
Error: 1.4980320795113403e-08
A1: [-0.006371224277082506, -0.014156889747830649, 0.003891155354555018, 0.020271532362099772] - [0.06719083881551947, 0.19024027690008455, -0.14636119144970702, -0.10945629290727091] - [-0.11203565066760464, 0.4423503182193904, -0.07025729402151976, -0.2574967802701904] - [-0.023722217492869166, 0.015032155438577773, -0.030366314691807953, 0.03854667567133954]
A2: [0.1315169915265468, -0.22472718896971475, 0.022608690455723418, 0.07009391466371705] - [0.03208829375196836, 0.20321180279167225, -0.11544137957272661, -0.12199527834425596] - [-0.09763888456403748, 0.5526068966548779, -0.23808268425879642, -0.22847472669184188] - [-0.019601763643718417, -0.01810797505561631, 0.009325701484183038, 0.03334028879105542]
B1: -0.000568073788826201 - 0.00034058413111434595 - -9.481039245879345e-05 - -0.00010667126058374956
B2: 0.00019840961419890146 - 0.00016638241537106154 - -0.00024362941198142048 - -0.00017016639519411934
