Number: 990
Error: 0.0002232594318027431
A1: [-0.07293596967055394, -0.0760345375919481, -0.051077462379447935, -0.054234855849796856] - [0.038558087659051526, 0.1632362041107301, -0.1736360229424922, -0.1401441297082522] - [-0.11862743781154857, 0.40171526116604706, -0.0811748056362712, -0.2951632217626989] - [-0.10215722651275677, -0.11348089360275339, -0.11382574172491891, -0.0876875271505129]
A2: [0.17781154925028603, -0.15545062422574363, 0.02731202595193409, 0.015406728915901708] - [0.041725876262681524, 0.2129673383998998, -0.11049372393526609, -0.1194495084016952] - [-0.06335765818804753, 0.6000338188486001, -0.21009394111681678, -0.2357388039114991] - [0.01914309476375464, 0.016635659362747055, 0.025669972162724652, 0.03053971036349579]
B1: 0.015036420722272582 - 0.02022862089360912 - 0.008221687389712467 - 0.005596426282077581
B2: 0.015749115692689795 - -0.00929213221927509 - -0.010396493283587233 - 0.01266426990146384
