Number: 9191
Error: 1.9262511537963716e-07
A1: [0.05303584558955201, -0.14814111791389514, -0.027138174049726713, 0.12169021839444451] - [0.003414265318916231, 0.12893980048974757, -0.11550180879976113, -0.024444059635062326] - [-0.016006976363276117, 0.22153368777593516, -0.1286022539956429, -0.08316163081360861] - [0.027271580764660613, -0.0998950879384824, -0.049299171799867925, 0.12242599520219288]
A2: [0.0870739822218207, -0.07509301437397574, -0.1257523703161058, 0.10508562370604883] - [0.10595170325686762, 0.2469188312340675, -0.40767958344974364, 0.043251625795819704] - [0.03171041894420403, 0.4576492184271814, -0.382521523671947, -0.12644631261740247] - [0.14143089354412133, -0.04659493122898671, -0.20344642067645438, 0.10065451464808789]
B1: -0.00020127781478400278 - 1.515524805553942e-05 - 0.0007376793243601777 - -0.00023515784946116482
B2: -0.00026253342669638885 - 0.0005887633093382327 - 0.00017124965007854265 - -0.0002148420894112336
