Number: 744
Error: 9.236731810521012e-14
A1: [-0.01215338386832971, -0.014517159860149238, 0.018087294415447534, 0.008583107996931188] - [0.06583502654474187, 0.18949505996771404, -0.14532278621981665, -0.11000879331686515] - [-0.09629442200919443, 0.42178478711349, -0.05345879596951534, -0.2720373046783423] - [-0.0013194391420106647, -0.0182172626652473, -0.0038329167509264695, 0.023379125879876093]
A2: [0.16158678606588908, -0.16775470923995736, 0.008501397830191703, -0.0023330058750446366] - [0.03548585472691162, 0.20751685086606897, -0.1172102935646869, -0.12579190120249345] - [-0.08621350936599319, 0.5815381563661148, -0.2353886922718086, -0.2599355337336235] - [-0.003835139442905552, -0.004519459089107708, 0.0011100864976944023, 0.007243228071160085]
B1: 1.498862973123962e-07 - 1.745723482398951e-07 - 1.804853011908845e-07 - 1.2198436194684544e-08
B2: 3.939406962571648e-07 - 4.923460257637723e-07 - 1.8336909089265574e-07 - -5.896161053043787e-07
