Number: 2456
Error: 6.590827895125655e-07
A1: [0.07040874580580112, -0.04097251420605031, -0.016482213097528193, 0.014805904810935596] - [0.04518137464136089, 0.19271755851678277, -0.141040510129438, -0.0908742130763913] - [-0.11596920254918154, 0.42226818271387934, -0.09740314139176144, -0.17967382393167153] - [0.03893433789617415, 0.021116647386411846, -0.031208290785420385, -0.021167495949357348]
A2: [0.06072968218828657, -0.17643199302517912, 0.0836002685998225, 0.02131490506315485] - [0.027737848763068104, 0.19875606630507492, -0.10327206813797593, -0.12940606192192053] - [-0.09768252273632161, 0.5096004913596174, -0.2298061021879662, -0.19913597415412235] - [-0.029413399080796165, 0.015129470232977936, -0.05369609416636194, 0.05368410134373608]
B1: 0.0002476289397351874 - 0.0002547325609987349 - 0.00043721660638211166 - 0.00022325228533805766
B2: 0.0007403797589139233 - -0.0008653537657445161 - -0.00012147839417900715 - -0.0013645268611230707
