Number: 8515
Error: 2.0236511122932615e-15
A1: [0.0804316359490523, -0.1804678594805528, -0.019588905650634276, 0.11962492300819831] - [0.03741563718499561, 0.13359644332299117, -0.13472612912078502, -0.03628576793771748] - [-0.0017028891810212804, 0.2281900463400088, -0.12282845271072196, -0.10365898037397538] - [0.03886323984091795, -0.11448101315573807, -0.0464164359874051, 0.12203423336142208]
A2: [0.03530757681503091, -0.02927334167325277, -0.07569722277947608, 0.06966354773180065] - [0.1028937674459465, 0.2828967181827894, -0.3926063800265104, 0.006816013569949283] - [-0.011187156253525113, 0.5390145340890122, -0.3594510687468092, -0.1683765238508018] - [0.09786281011404364, 0.017463327250368973, -0.16885100032282574, 0.05352488962123577]
B1: 5.715244339312957e-08 - -2.0723526041564613e-08 - 2.8768652346107144e-08 - -6.912683903602081e-10
B2: 1.067999795692187e-08 - -6.633399263567859e-08 - 1.5518931210501825e-08 - -2.3287551102722067e-08
