Number: 7495
Error: 9.915505021760898e-16
A1: [0.08043171608885677, -0.18046777934983985, -0.019588825606623797, 0.11962500313884865] - [0.037415621829571234, 0.13359642797911328, -0.1347261444458427, -0.03628578328476718] - [-0.0017027904853089992, 0.22819014503364102, -0.1228283541594944, -0.10365888170459364] - [0.03886325972922643, -0.11448099332332486, -0.04641641611180515, 0.12203425323730734]
A2: [0.0353074281365145, -0.029273490763010314, -0.07569736414148813, 0.06966339212400555] - [0.10289371039294068, 0.2828966606455497, -0.39260643520750665, 0.006815953827202043] - [-0.011187079312364677, 0.5390146114890816, -0.35945099592014723, -0.1683764427754143] - [0.09786277387669354, 0.017463290848220615, -0.16885103481848185, 0.0535248515838818]
B1: 4.101648425476061e-09 - 2.3310622807016267e-08 - 2.4891016662636986e-09 - 1.970093680519626e-08
B2: 1.3478001962599157e-08 - 8.6856598189594e-09 - 1.8204942757334664e-08 - 1.2900656505743471e-08
