Number: 4842
Error: 9.011239153736686e-16
A1: [0.06621309399315746, -0.11395216543846223, -0.023984037899920367, 0.07172278060816993] - [0.03740256158493123, 0.18819332114511997, -0.1474089964669938, -0.07818705987005745] - [-0.0602294633372241, 0.32895071175393226, -0.12775319972158755, -0.14096841176284225] - [0.039046167483653665, -0.05332267814510933, -0.03741858231823708, 0.0516951284268848]
A2: [-0.009108692749298921, -0.3468033095479898, 0.24945497241716758, 0.10645655726072199] - [0.0800398633103973, 0.036282297418321494, -0.05025007122681903, -0.0660719181136028] - [-0.042452797636322426, 0.2308319151717051, -0.04053122215997195, -0.14784781483892284] - [0.0681348499682391, -0.2934677738316456, 0.14177131784317173, 0.08356194027029862]
B1: 2.6305805676517457e-08 - 8.17584418640831e-09 - -3.151845107949361e-09 - 1.0638358530547127e-08
B2: 2.620190181653937e-08 - 2.1241006648272166e-08 - -4.491490139182058e-08 - 3.387460677247527e-08
