Number: 9624
Error: 1.744869493427993e-14
A1: [0.05317313407136256, -0.1480006868338205, -0.026998464035740372, 0.12182840619405773] - [0.00531382503583306, 0.13083679959553232, -0.1136006385722054, -0.02254965800798382] - [-0.014444446593127115, 0.22309165082345636, -0.12704114963804433, -0.08160590300331938] - [0.02714640025437845, -0.1000200978816648, -0.04942456836919098, 0.12229806040931511]
A2: [0.08925452851459686, -0.07291330324953309, -0.12362735509840315, 0.10728645111495383] - [0.10884270328246581, 0.249815155765609, -0.4048443343525134, 0.046190470967432534] - [0.03663644544278656, 0.4625556302595592, -0.3777169490539142, -0.12147274867138216] - [0.14342777487029798, -0.04460528665220343, -0.2014982254576085, 0.10268122406746594]
B1: 2.368875950756432e-07 - 7.692047515369388e-08 - 8.255466281828129e-08 - -1.60261059820477e-07
B2: 1.486261266534468e-07 - -6.130409012876189e-08 - -8.076305257068924e-08 - -1.7071044890698883e-07
