Number: 9670
Error: 1.0002052206539437e-14
A1: [0.05317279229103779, -0.1480010287365191, -0.026998805437382718, 0.1218280642494367] - [0.005313726076719313, 0.13083670053348959, -0.1136007375157453, -0.022549757107194375] - [-0.014444581275528579, 0.22309151609113395, -0.12704128421438812, -0.08160603773504466] - [0.027146317089937883, -0.10002018104462376, -0.04942465170799558, 0.12229797703434658]
A2: [0.08925444127319421, -0.07291339029154321, -0.12362744037731421, 0.1072863627951917] - [0.1088412736994836, 0.24981372593154486, -0.4048457356178772, 0.04618901733180237] - [0.03663525367715632, 0.46255444469511625, -0.3777181117991843, -0.12147395279791538] - [0.14342650458557965, -0.04460655220381529, -0.2014994657776899, 0.10267993493771424]
B1: -4.2555956602362325e-08 - -2.104704694556993e-08 - -1.2516133744321396e-07 - -1.2587750595374995e-07
B2: 2.0024924977010003e-07 - -1.3128492254550746e-08 - -2.565301075248325e-07 - -1.1104671738450236e-09
