Number: 690
Error: 4.931271342509049e-15
A1: [-0.012153403179640242, -0.014517179695552834, 0.018087273071049046, 0.008583087359738827] - [0.06583573457131696, 0.189495741059284, -0.145322054182462, -0.11000800500054432] - [-0.0962923021118979, 0.42178683595883143, -0.05345649562679025, -0.2720348348969226] - [-0.0013212594366298492, -0.018219013275184742, -0.003834854393350603, 0.023377021925202128]
A2: [0.16158648431670233, -0.16775500530563078, 0.008501102164933263, -0.0023333000392181695] - [0.035485683966319924, 0.20751668284958927, -0.11721046360987568, -0.12579206825067465] - [-0.08621368196109314, 0.5815379873115795, -0.23538886021258404, -0.2599357020407786] - [-0.0038347547323804537, -0.004519080774075873, 0.001110467268877292, 0.0072435961355315085]
B1: 7.458673790324395e-08 - -1.9232973237468445e-07 - -1.3989925537594614e-08 - -1.8398229302029596e-08
B2: 5.370902556558807e-08 - -3.637607632003853e-07 - 2.8319714815478513e-07 - -2.6737054619968706e-08
