Number: 3198
Error: 0.001387020155254761
A1: [-0.046102228302761075, -0.17154432250758284, -0.1422771404959305, -0.11235458481335037] - [0.07326342767835387, 0.21831780627172478, -0.11510542273528823, -0.06572953534209737] - [-0.28980666587398723, 0.24563849843857, -0.27476612424242564, -0.3541138334047082] - [-0.220344965432315, -0.23076070033351523, -0.28069981633228525, -0.2592243028815321]
A2: [-0.005142109536620877, -0.21598917257747285, 0.046191824676229065, 0.012623015186614708] - [0.09615195234484511, 0.2722561462612896, -0.029398886120846304, -0.05414456684855072] - [-0.07353797679892417, 0.5422485011001331, -0.19962753104657466, -0.1699077720087612] - [0.10736505968821693, 0.1533335523461556, 0.0799576365267803, 0.16926347834225564]
B1: 0.024244136270747604 - -0.07034831673876157 - -0.0032816929431151443 - -0.032787228949716286
B2: -0.010773363841433972 - 0.05143541849467287 - -0.0014515569795115618 - -0.017379914143787756
