Number: 3517
Error: 6.072001007500785e-11
A1: [0.06620160958249327, -0.11396339406577541, -0.023995514515793934, 0.07171131615734493] - [0.03741557577964033, 0.1882057538500905, -0.147396202347689, -0.07817426436727701] - [-0.0602769820797115, 0.32890507932768637, -0.12779969474878067, -0.14101466222142983] - [0.03903662557050509, -0.053331738904845986, -0.037427816315604885, 0.05168597257077611]
A2: [-0.009121542796035421, -0.3468169427040742, 0.24944202445478897, 0.10644308362785335] - [0.08006886925180033, 0.0363135466778667, -0.05021837142138015, -0.06603994679632218] - [-0.04245993956194182, 0.2308240322397512, -0.040538874155653784, -0.14785571523783375] - [0.06811984496294844, -0.29348429724651226, 0.1417550571634699, 0.08354511708967122]
B1: 7.229222697009809e-06 - -2.0860974748893234e-05 - -4.6375346103604846e-06 - 1.08247248803144e-05
B2: 5.861084311134903e-06 - -3.5544066546264283e-06 - 7.8829840193201e-06 - -1.2644119010212304e-05
