Number: 997
Error: 0.004510992604098036
A1: [-0.03694300159293669, -0.038547489855261616, -0.010299146312378042, -0.013614810439044306] - [0.032572614316694615, 0.15747657259765227, -0.17971456827714302, -0.1465724458407612] - [-0.1735050432189485, 0.3487309185127707, -0.1387449860025626, -0.3539092019486821] - [-0.06267807461344743, -0.07427626280645283, -0.07106427927237448, -0.03898290390204479]
A2: [0.1387426142445107, -0.19388508934106305, -0.010401758794681833, -0.020623611225186623] - [0.030196857871415496, 0.2014906278797488, -0.12191385809923178, -0.1303327318389204] - [-0.05780039013549387, 0.6065329790867744, -0.20338862296507107, -0.22917251854385143] - [0.021980695485586427, 0.020743362728271625, 0.029328992829613716, 0.03401262016258151]
B1: 0.027065751319041015 - 0.04382884918256286 - 0.004113632897674607 - 0.006392659408769118
B2: -0.028437987768712196 - -0.044621951038347735 - -0.034012388883153666 - -0.046427660806805465
