Number: 3656
Error: 7.45198103483913e-14
A1: [0.06621090100832816, -0.11395430941341288, -0.023986229162762114, 0.07172059130335041] - [0.0374025172854293, 0.1881932788189133, -0.14740904001712737, -0.07818710342371299] - [-0.060228895594063234, 0.32895125704201433, -0.12775264415924809, -0.14096785919046] - [0.03904787979595343, -0.053321052888480165, -0.03741692571661827, 0.05169677157998707]
A2: [-0.009109166169582891, -0.34680381178152014, 0.24945449516182192, 0.10645606089264219] - [0.08003992511131011, 0.036282363997260356, -0.05025000368119081, -0.06607184999033112] - [-0.04245300460318181, 0.23083168674874321, -0.04053144395492183, -0.147848043735981] - [0.068134009529382, -0.2934686991987811, 0.14177040672153252, 0.08356099797142867]
B1: 3.6273380474762696e-07 - -5.202309014214172e-07 - -5.918912822608514e-08 - 3.4399240607469183e-07
B2: -3.683031924815261e-07 - 7.644031458231149e-07 - 1.4919286096505632e-07 - -9.369870253425666e-07
