Number: 2736
Error: 1.7955966753209326e-08
A1: [0.06338811193791898, -0.0479188043557265, -0.023489899813744962, 0.00780944917229324] - [0.04356963768867416, 0.19118165745384402, -0.14265941926706183, -0.092613625178415] - [-0.1237711352028037, 0.4145369361540777, -0.10518422703316128, -0.18739633659361513] - [0.03649605658615707, 0.01865943233695361, -0.03363844434797515, -0.02355547871232263]
A2: [0.06334538967933008, -0.17378076418405533, 0.08623091238103377, 0.023864642435101023] - [0.029404815764382468, 0.20041177591427345, -0.10159548633604779, -0.12776062111458997] - [-0.09342741914372427, 0.5136652358189294, -0.22562399256245394, -0.19511491543949347] - [-0.025809575121193886, 0.018638415330295945, -0.05017176443453083, 0.05709178427991109]
B1: 3.4978662045025046e-05 - 1.1172369151979486e-05 - 6.596192950589455e-05 - 4.194893481962424e-05
B2: -4.526125810634755e-06 - 9.147602872444026e-05 - -0.0001651643712408771 - -0.00017420877905733966
