Number: 1055
Error: 7.346929758827517e-05
A1: [0.006083878025680678, -0.0025627933757577824, 0.01914439551900911, 0.03119982392896376] - [0.08000918131204769, 0.202471666538247, -0.13342341486482356, -0.09526696577527874] - [-0.12419797292499368, 0.4249331334138517, -0.09501305951645612, -0.27813813602199317] - [0.022682025531044418, 0.06140506357309623, 0.03116804180069933, 0.08936221470605334]
A2: [0.16109756946849774, -0.19342061804745478, 0.04678533752813495, 0.09948152397089485] - [0.025052211625848506, 0.19642474000336396, -0.12196422847198903, -0.12943305555307508] - [-0.13987760938211508, 0.5141132349378836, -0.2689615878785606, -0.27991257045518353] - [-0.01157336089691173, -0.010746086657688543, 0.017881225180831184, 0.03976195513771915]
B1: 0.001777854411199359 - 0.011916463484811906 - -0.001211736645886757 - -0.0016380847908433697
B2: -0.0009475886982850234 - -0.008140942465404264 - 0.007750759381004555 - -0.010968224614254025
