Number: 9858
Error: 8.115105094639564e-16
A1: [0.05317252824873471, -0.14800129287536004, -0.026999069188110004, 0.12182780007997915] - [0.005313735874016974, 0.1308367103424964, -0.11360072771764142, -0.0225497472964412] - [-0.014444511464545003, 0.22309158592882608, -0.12704121445715214, -0.08160596789935089] - [0.02714642134235066, -0.10002007679152394, -0.04942454723466599, 0.12229808155192252]
A2: [0.08925447735502683, -0.07291335429224204, -0.12362740510792491, 0.10728639932254003] - [0.10884180349944589, 0.24981425582492633, -0.40484521631238335, 0.046189556045484755] - [0.036635995037250575, 0.4625551821969847, -0.3777173884926865, -0.12147320374933736] - [0.14342647018504348, -0.04460658647490003, -0.20149949936601197, 0.10267990002752733]
B1: -8.41918837191539e-09 - 2.2570984422699784e-08 - 4.0888778978243465e-08 - 1.56330516293984e-08
B2: 2.1222111681276834e-08 - 2.2071567497365695e-08 - 1.7353900571850428e-08 - 1.8789350419466382e-08
