Number: 8057
Error: 1.1458623348268606e-15
A1: [0.08043170493855345, -0.1804677904988792, -0.019588836743592797, 0.11962499198982252] - [0.0374155876375073, 0.1335963938129304, -0.1347261785697176, -0.036285817457866125] - [-0.001702809284827533, 0.2281901262345229, -0.12282837293148156, -0.10365890049909167] - [0.03886324454883657, -0.11448100846111044, -0.046416431282511196, 0.1220342380663594]
A2: [0.03530734141399536, -0.02927357772539204, -0.07569744659628477, 0.06966330135961617] - [0.10289368516224207, 0.28289663520072744, -0.3926064596103268, 0.006815927407007602] - [-0.011186948049461801, 0.53901474353486, -0.3594508716767205, -0.1683763044593768] - [0.09786279789183026, 0.01746331497257652, -0.168851011957606, 0.05352487679193044]
B1: -4.567500420758893e-08 - 9.68030224669754e-09 - 4.6296450099988644e-08 - 1.0573178808447993e-08
B2: 1.0838842401107381e-08 - -1.0785905998836231e-08 - 5.360443892802576e-09 - 4.757123500870024e-09
