Number: 4439
Error: 9.261317806753693e-16
A1: [0.06621312139580718, -0.11395213864817852, -0.02398401051878034, 0.071722807964848] - [0.03740265362831921, 0.1881934090863327, -0.14740890598128187, -0.07818696937634101] - [-0.060229352675632286, 0.32895081803831017, -0.1277530914347007, -0.14096830405852015] - [0.03904613484688588, -0.05332270912274808, -0.0374186138932939, 0.05169509710827786]
A2: [-0.009108488328440594, -0.3468030926896319, 0.2494551784920684, 0.10645677158462355] - [0.080039743999192, 0.03628216888599913, -0.05025020162719065, -0.06607204962117463] - [-0.04245278959250828, 0.23083192404936057, -0.04053121354001245, -0.14784780594270225] - [0.06813485101230154, -0.2934677726819499, 0.14177131897533274, 0.0835619414410416]
B1: -1.656842371482157e-08 - 1.0240442036813468e-08 - -1.0011282282477023e-08 - 5.017024977149802e-09
B2: -4.030220465211031e-08 - 2.2919180222178766e-08 - -2.4888425581232745e-09 - -3.575977653186012e-09
