Number: 9735
Error: 1.5829766833202457e-15
A1: [0.05317244867968536, -0.14800137247369285, -0.02699914866950474, 0.12182772047254196] - [0.0053137573575316515, 0.1308367318484497, -0.11360070623760869, -0.022549725782717828] - [-0.014444550297918381, 0.22309154708115186, -0.12704125325983212, -0.08160600674662162] - [0.02714637464235553, -0.1000201234913859, -0.049424594033148014, 0.12229803473328403]
A2: [0.08925432988507848, -0.0729135014213621, -0.12362754925536107, 0.10728625003429273] - [0.10884181000017155, 0.2498142623267462, -0.40484520994043244, 0.04618956265556474] - [0.036635974498738066, 0.462555161765426, -0.37771740853114183, -0.12147322450085667] - [0.1434264557955637, -0.044606600810872116, -0.20149951341614014, 0.10267988542456424]
B1: 4.679011339785724e-10 - -1.9919568181463697e-08 - 4.8560817853635826e-08 - -6.613216065482417e-09
B2: 3.6013558360292424e-08 - 4.356936777010245e-08 - -1.1242462886989494e-08 - 6.910544927748286e-08
