Number: 6691
Error: 1.002435976208149e-15
A1: [0.08043167440327802, -0.1804678210306906, -0.019588867242351447, 0.1196249614580354] - [0.03741556989063149, 0.1335963760794867, -0.13472619628129465, -0.0362858351949337] - [-0.001702834576387876, 0.22819010094350384, -0.12282839818601557, -0.10365892578390824] - [0.03886321293549091, -0.11448103998573014, -0.046416462875713056, 0.12203420647266194]
A2: [0.035307426531905314, -0.029273492372069068, -0.07569736566711395, 0.06966339044459867] - [0.10289377464629328, 0.28289672544421457, -0.3926063730625027, 0.006816021109827819] - [-0.011187169718032155, 0.5390145205441907, -0.35945108149107874, -0.16837653803902175] - [0.09786277129746355, 0.01746328825725271, -0.16885103727371395, 0.053524848876498596]
B1: -4.615299015627775e-09 - 1.3713666922800477e-08 - -2.615306780793183e-08 - -1.1914677990428611e-08
B2: -7.246496219091772e-09 - -6.562844869316883e-09 - 1.4725017995892051e-10 - -1.2659639414514166e-08
