Number: 2278
Error: 0.00011352637479554247
A1: [0.08079756589251547, -0.022710185645386086, 0.0006223669367757152, 0.028800152527987392] - [0.030751734480998077, 0.17295156006181042, -0.16804850773822713, -0.11633859928754146] - [-0.1444018642657694, 0.40614626887229455, -0.11701496640245944, -0.19629289146287307] - [0.037361133063386634, 0.033478867580556876, -0.01553745074825666, -0.013814820110397676]
A2: [0.06150234284881129, -0.1808568292132282, 0.09030654944516651, 0.021545424048610668] - [-0.0065652716924212845, 0.165984264221652, -0.13532928638473216, -0.16302352176871582] - [-0.25586070823451534, 0.3684124859168119, -0.3781675592347946, -0.35182658794080823] - [-0.1479274974982367, -0.0903362822580483, -0.16939885906883226, -0.05973089591693129]
B1: 0.013811211462470841 - 0.004651535691411038 - 0.016819770469753137 - -0.038782238370745806
B2: 0.009906383013253403 - 0.006882819301540305 - -0.002459762722056665 - 0.003860807972690456
