Number: 5467
Error: 3.890062857264442e-14
A1: [0.06621343176963103, -0.11395183521055988, -0.023983700389007385, 0.07172311781741304] - [0.03740293515350169, 0.18819367806443732, -0.14740862922060283, -0.07818669259109912] - [-0.0602297551472627, 0.3289504314845076, -0.12775348527129463, -0.14096869577616694] - [0.03904649764870683, -0.05332236476488163, -0.0374182628946953, 0.051695445257051574]
A2: [-0.009107576599566937, -0.34680212549128775, 0.24945609759558218, 0.10645772747963732] - [0.080041270709039, 0.03628381358723724, -0.050248533022238064, -0.06607036684878476] - [-0.042452177008892075, 0.23083260013111032, -0.040530557073372164, -0.14784712845171008] - [0.068135334829763, -0.293467239980999, 0.14177184347708813, 0.0835624838862723]
B1: 7.9516005310524e-08 - 2.836731423993575e-07 - 1.5220241631691312e-07 - 1.2956327531467544e-07
B2: 5.855270685902149e-08 - -8.16724132978252e-08 - 2.2753727152866191e-07 - 1.5153136467400509e-07
