Number: 7355
Error: 8.552515539956477e-16
A1: [0.0804316308541782, -0.18046786457485944, -0.019588910739377748, 0.11962491791391] - [0.03741557985119222, 0.1335963860325099, -0.13472618634057537, -0.036285825239888506] - [-0.0017028971258139514, 0.22819003839541183, -0.12282846064385636, -0.10365898831663777] - [0.0388632175372065, -0.11448103539693365, -0.046416458276934254, 0.12203421107151514]
A2: [0.03530736165202089, -0.029273557431399252, -0.0756974273541291, 0.06966332254080108] - [0.1028936968572331, 0.28289664699495737, -0.3926064482990664, 0.006815939653333843] - [-0.011187077211830779, 0.5390146136021406, -0.35945099393194724, -0.16837644056201384] - [0.09786275381722288, 0.017463270697501886, -0.16885105391380495, 0.053524830527969094]
B1: -3.687657661737032e-08 - -1.760146088862137e-08 - 4.054509075054694e-09 - -5.343569867475016e-09
B2: -2.7266938451368322e-08 - 5.365250338104194e-09 - -4.748739157788229e-08 - 1.6383956620457005e-09
