Number: 3520
Error: 2.5720439440373614e-11
A1: [0.06620608663227898, -0.11395901713699223, -0.02399104096294359, 0.07171578570524803] - [0.03740703893046309, 0.18819759764602997, -0.14740459495995947, -0.07818265739512842] - [-0.06024357168269634, 0.3289371674893602, -0.12776700119239984, -0.1409821445810212] - [0.03901081626314594, -0.053356235530128124, -0.03745278583002346, 0.05166120557486818]
A2: [-0.009078414260543819, -0.34677118949865804, 0.2494855012236679, 0.10648830168999171] - [0.08004495912242751, 0.036287788371624684, -0.05024450325580537, -0.06606630119576706] - [-0.04245614286121326, 0.2308282229735096, -0.040534805766075994, -0.14785151613895967] - [0.0681639301523971, -0.29343575701876656, 0.14180284900163387, 0.08359454501694426]
B1: -1.1836742711352184e-06 - -2.9826003267453413e-06 - -4.480618750637025e-06 - 1.7575632426733118e-06
B2: 2.8985677869436992e-06 - -2.968419633298032e-07 - -2.811989098978708e-06 - -1.3552062230042434e-05
