Number: 8859
Error: 2.6775909349469172e-05
A1: [0.08152700475653105, -0.17916837004434646, -0.02002737076605253, 0.12107664275367902] - [0.03784972770250772, 0.1342406796712802, -0.13515617651811465, -0.035686217035231046] - [-0.0012705178299855621, 0.228645108783722, -0.1228174070505701, -0.10322860717899199] - [0.04166952602090406, -0.11135215694280234, -0.04539508992828533, 0.12527708216961894]
A2: [0.04097120927866782, -0.023709065553171108, -0.07031889619371935, 0.07563305981229483] - [0.1029728513359002, 0.2830857060068727, -0.39190876385258633, 0.0068234405417371335] - [-0.005247109002909662, 0.5441503375239614, -0.3544273023778013, -0.16200255542204572] - [0.11211749948308525, 0.03190947253237285, -0.1549896283233405, 0.06848691145226639]
B1: 0.002046482310687117 - 0.0016015893266640522 - 0.007157963149182827 - 0.0028448682005041232
B2: -2.0170809945589674e-05 - -0.00019633184153675792 - -0.004139619115814506 - -0.0009154158090589788
