Number: 6077
Error: 3.759315073017307e-14
A1: [0.08043275999791771, -0.18046673555919474, -0.01958778294586022, 0.11962604692854269] - [0.03741671392131837, 0.13359751924396882, -0.13472505453037392, -0.03628469179825837] - [-0.0017015477162014227, 0.2281913877764034, -0.12282711320985769, -0.10365763926702726] - [0.0388640589466745, -0.11448019634876813, -0.046415617403583236, 0.12203505195808038]
A2: [0.035307572894217626, -0.029273345605069237, -0.07569722650710359, 0.0696635436289728] - [0.10289361833053519, 0.2828965678017205, -0.3926065242487039, 0.006815857424358707] - [-0.011187030666851944, 0.5390146604247769, -0.3594509498756706, -0.16837639151574602] - [0.09786239308153442, 0.017462908320902328, -0.1688513973102274, 0.05352445187270571]
B1: -1.307851922503462e-07 - 2.4145734166424787e-08 - -1.3057530868333636e-07 - 8.891704769435735e-08
B2: 1.8292130200019578e-07 - 4.024885819598446e-07 - -8.026092542883237e-07 - -2.454879632551361e-07
