Number: 7616
Error: 9.69849697925274e-16
A1: [0.08043172883067749, -0.18046776660946284, -0.019588812880039382, 0.11962501587921291] - [0.03741564360837313, 0.13359644974143162, -0.13472612271043444, -0.036285761518029515] - [-0.0017027794674738246, 0.22819015605124002, -0.12282834315779334, -0.10365887068970109] - [0.03886327631129856, -0.11448097678778821, -0.04641639954029919, 0.12203426980907299]
A2: [0.03530747598902269, -0.029273442778151484, -0.0756973186438912, 0.069663442206802] - [0.10289375134313283, 0.2828967019432871, -0.392606395601002, 0.00681599670801512] - [-0.011186963216127025, 0.5390147282777705, -0.3594508860324272, -0.16837632044087236] - [0.09786289663439682, 0.017463414164297888, -0.16885091796100224, 0.05352498043940372]
B1: 7.558875235424962e-10 - -1.2837633888130486e-08 - 2.1175877730789697e-08 - 9.06186367011176e-09
B2: 2.3388529919094947e-09 - 5.937294855159186e-09 - 1.0970836840897047e-08 - 2.8408147187442403e-09
