Number: 5901
Error: 9.134506551727978e-09
A1: [0.08036424770591091, -0.18053541429957934, -0.019656135639755237, 0.1195575749009242] - [0.0368298938553327, 0.13301103870948255, -0.1353106446614036, -0.03687115022059687] - [-0.001756219220626564, 0.2281367746224247, -0.12288156435545089, -0.1037122254116704] - [0.03932394460097578, -0.11402158585914667, -0.045955844864563083, 0.12249473525897908]
A2: [0.0348353858856314, -0.029746663038736763, -0.07614614285368117, 0.06916921422604456] - [0.10213603865133311, 0.2821324786711171, -0.3933394434798276, 0.006022348310661509] - [-0.011931909601301352, 0.5382654221372198, -0.3601559208266199, -0.16916136561214606] - [0.0972812614267911, 0.016879257310149727, -0.16940455780955208, 0.05291434246461862]
B1: -0.00012701238349073862 - 5.307638516575305e-05 - -6.65995072402545e-05 - -7.953395058199215e-05
B2: -0.0003227785984702124 - -6.930640639524329e-06 - 0.000390568783396695 - -5.7949943827159166e-05
