Number: 1127
Error: 3.49863806397779e-06
A1: [-0.008768239751449435, -0.01655456526521404, 0.0014370258430758452, 0.017751912361276188] - [0.06177352547451351, 0.18499079204632216, -0.15197993863961815, -0.11544773725164205] - [-0.11545494353938514, 0.43904135396047844, -0.07368376701397086, -0.26128545189124186] - [-0.01987656010852486, 0.01874517343013507, -0.026203706031482428, 0.04256408908417833]
A2: [0.12542978652301165, -0.2306539660883128, 0.016649259554257726, 0.06408017090273328] - [0.022252005144326466, 0.19355540581863423, -0.12523926783801653, -0.13163091083532769] - [-0.10543293432868374, 0.545039160706894, -0.24580589043583137, -0.23634277740734355] - [-0.023161384665026957, -0.02166782610932512, 0.005861692608723625, 0.02979021630659686]
B1: 0.0001295206567331538 - -0.0006707615544692079 - 0.001345649933624241 - -0.0016315432466092934
B2: -0.002561881667203987 - -0.0017514847935061887 - -0.002433953317176211 - -0.0003873492146944356
