Number: 7377
Error: 1.1370184844818252e-15
A1: [0.08043168842153504, -0.1804678070140236, -0.01958885324085795, 0.11962497547469128] - [0.03741554480027195, 0.13359635100811826, -0.134726221321655, -0.036285860271392564] - [-0.0017028192575011245, 0.22819011626206226, -0.12282838288955988, -0.10365891046910736] - [0.03886319586700251, -0.11448105700632309, -0.04641647993332934, 0.12203418941477945]
A2: [0.035307618189116596, -0.02927330018475745, -0.07569718344180239, 0.06966359103456768] - [0.10289378855584526, 0.28289673947182076, -0.39260635960934565, 0.0068160356751482834] - [-0.011187128167413287, 0.5390145623426329, -0.3594510421625407, -0.16837649425566148] - [0.0978628481800766, 0.017463365489576183, -0.16885096408643233, 0.0535249295781973]
B1: 3.813410882610709e-08 - 6.99825946796228e-10 - -3.2080953205417655e-08 - 7.4229771581806945e-09
B2: 2.227120202364129e-08 - -1.0598537845438061e-08 - 2.3610972028014923e-08 - -6.3937583199368295e-09
