Number: 682
Error: 1.7507937584719974e-15
A1: [-0.01215402871991329, -0.014517822189717812, 0.01808658166001344, 0.008582418897413627] - [0.06583599457580083, 0.18949599117263755, -0.14532178536057114, -0.11000771551164329] - [-0.0962936481465777, 0.42178553503897204, -0.05345795623527742, -0.2720364030926945] - [-0.0013221831577862949, -0.018219901633719716, -0.003835837664252608, 0.02337595425849486]
A2: [0.16158685321031643, -0.16775464335884777, 0.00850146362126237, -0.002332940419008846] - [0.035485640344085634, 0.20751663992828037, -0.1172105070494298, -0.12579211092454307] - [-0.08621346806159456, 0.5815381968257445, -0.2353886520808049, -0.2599354934565926] - [-0.003834626844498785, -0.004518955012290373, 0.001110593847059588, 0.007243718489841733]
B1: -2.338763975276269e-09 - 6.925862436437754e-08 - -1.029440733463182e-08 - -2.8435418967638644e-09
B2: -9.998498346625955e-08 - -3.327568675668369e-08 - 9.270798977331573e-08 - -2.206241198238147e-08
