Number: 5293
Error: 7.762952796563709e-16
A1: [0.06621318882307245, -0.11395207272764148, -0.023983943144426197, 0.07172287527892841] - [0.037402546185651225, 0.1881933064322161, -0.1474090116056097, -0.0781870750100227] - [-0.06022937120471332, 0.3289508002418617, -0.1277531095662552, -0.14096832209233343] - [0.0390462354007049, -0.05332261368059721, -0.03741851661064739, 0.051695193600924894]
A2: [-0.009108467185243113, -0.34680307026021095, 0.24945519980597955, 0.10645679375201975] - [0.08003993957143757, 0.03628237957319939, -0.05024998787788489, -0.06607183405704294] - [-0.04245273079216599, 0.23083198894469942, -0.04053115052741552, -0.14784774091212802] - [0.06813483399953582, -0.29346779141399765, 0.14177130053133846, 0.083561922366358]
B1: -6.747315566334471e-08 - -1.1451750726864196e-08 - 2.1981387038245742e-08 - 3.2753369327796434e-08
B2: -2.641784221672823e-09 - -2.3365464092955986e-08 - -5.543250650071905e-08 - 1.1190304203676822e-08
