Number: 7057
Error: 8.973052702790351e-16
A1: [0.08043169694378619, -0.18046779849273467, -0.019588844728792625, 0.11962498399596977] - [0.03741559976146319, 0.1335964059277109, -0.13472616646997818, -0.03628580534064792] - [-0.0017028061591188115, 0.22819012936016522, -0.12282836981035598, -0.10365889737422435] - [0.03886323826464119, -0.11448101472766194, -0.04641643756270136, 0.12203423178607042]
A2: [0.03530740482419695, -0.029273514139816027, -0.07569738630652917, 0.06966336772513285] - [0.10289379990720911, 0.28289675091952404, -0.3926063486304666, 0.006816047561692761] - [-0.011187088641951979, 0.539014602103846, -0.35945100475081937, -0.16837645260632159] - [0.09786279311712541, 0.017463310176165144, -0.16885101650281503, 0.05352487178004818]
B1: 1.2957599989972117e-08 - -8.662910284079009e-09 - 3.804605119014662e-09 - 8.156254903589372e-09
B2: 3.4976041296163648e-09 - 1.6616929539224991e-09 - 7.609584794652018e-09 - -3.0051564477734e-10
