Number: 8840
Error: 0.00019746925607032876
A1: [0.07526060539603843, -0.1855774222401211, -0.02522172989506406, 0.11449995967672896] - [0.03089272302445694, 0.12710450160082049, -0.14162417316727263, -0.042783172703249536] - [-0.007399732799900107, 0.22251089192440868, -0.1288340902651921, -0.10932926959097046] - [0.032011381195800326, -0.12121894062917848, -0.053832670822323604, 0.11524771029222065]
A2: [0.02196065711174907, -0.04278891912474132, -0.08825506231448658, 0.05573215976937546] - [0.09064949501039946, 0.27052072899609336, -0.4042622642824671, -0.005988897547267771] - [-0.006654256809034892, 0.5432785692928236, -0.35532344828085916, -0.16350886664639722] - [0.07792883034749981, -0.002634595998467257, -0.1876362970274633, 0.032635817399782566]
B1: -0.004092363920289345 - -0.0033077397164803513 - -0.010678058757896394 - -0.0020131965305475365
B2: 0.007518579341616984 - 0.0088800226021611 - 0.012840390880664325 - 0.007069925323270143
