Number: 1708
Error: 9.905634438420136e-08
A1: [-0.008694730187509476, -0.016528835824533048, 0.0014298045367645848, 0.017892050222305642] - [0.0665560900642963, 0.18962396335476783, -0.14701560125831548, -0.11016397461326718] - [-0.11342030063266755, 0.440944635685689, -0.07166892876255984, -0.2590106649780172] - [-0.023867170077397214, 0.014836472055224923, -0.030444051903800635, 0.038374908765639044]
A2: [0.13275640285771043, -0.22345039767750394, 0.023825752950955913, 0.07130578287009637] - [0.03176413962058834, 0.2028815830897606, -0.11576703206304796, -0.12231799022288593] - [-0.09443889824968021, 0.5557451081866994, -0.23500912873154445, -0.22545360620396757] - [-0.019606697919599667, -0.01805353735379724, 0.009334679963651128, 0.03335613024930465]
B1: 0.0005562641271349588 - -0.0008783616306740675 - 0.0004001600254547269 - 0.00043234138074002624
B2: -0.00012172844170175155 - -0.00012237036299267873 - 0.0004156534316660641 - 4.875022929757693e-05
