Number: 671
Error: 1.9536950807513876e-14
A1: [-0.012152337218913968, -0.01451608484441043, 0.01808845127988884, 0.008584226462761293] - [0.06583554333274244, 0.18949555709593405, -0.14532225190644865, -0.11000821792552645] - [-0.09629212166601074, 0.4217870103579932, -0.053456299820390116, -0.2720346246678385] - [-0.0013205517364070062, -0.018218332667548486, -0.0038341010689024236, 0.023377839908391682]
A2: [0.1615870058662657, -0.1677544935772795, 0.008501613200269188, -0.0023327916005828034] - [0.035485723064917984, 0.20751672131974, -0.11721042467527974, -0.1257920300021813] - [-0.08621339364656329, 0.5815382697152301, -0.23538857967199986, -0.25993542089086524] - [-0.0038346695341149846, -0.0045189969918906295, 0.0011105515952364489, 0.007243677647485371]
B1: 2.0993366190231515e-08 - 3.045261563803926e-07 - 1.210531268395196e-07 - 3.635354293763817e-08
B2: 3.6647695733470884e-07 - 1.2847325645107426e-07 - -3.4795445126075204e-09 - 1.5994439036792234e-08
