Number: 1199
Error: 2.4862617072121278e-08
A1: [-0.00603052729601282, -0.013821946493078153, 0.00419536097237679, 0.020637503572393145] - [0.06686676351497191, 0.1899236545603079, -0.14669383390876203, -0.10981708092584484] - [-0.11163535045726974, 0.4427217257467479, -0.06979576140607666, -0.2570757905011547] - [-0.023518672779651098, 0.015200751428331463, -0.03008006520214592, 0.038748926359139416]
A2: [0.13162440472605863, -0.2245879155635061, 0.022705324440836703, 0.07019925530295666] - [0.032741048461204084, 0.20384318601703888, -0.11479387288726055, -0.12136559651240543] - [-0.09373066451050467, 0.5564147535471732, -0.23432994982647906, -0.22476314237649173] - [-0.019538929398584846, -0.018009280834653325, 0.009396846015542592, 0.03342150247406448]
B1: 0.00044230093058952576 - -5.563667715414349e-05 - 2.5571983848881402e-05 - -6.052227095493586e-05
B2: 0.00030150505089802904 - -0.0003163147133850092 - 7.682811521673627e-05 - 0.00017816556676464106
