Number: 8167
Error: 4.234320061422756e-16
A1: [0.08043168194970732, -0.1804678134851449, -0.01958885970499317, 0.11962496900357543] - [0.03741564299861655, 0.13359644913218136, -0.1347261233188471, -0.036285762127378586] - [-0.0017028149017994092, 0.2281901206176649, -0.12282837854024073, -0.10365890611457165] - [0.03886324378125459, -0.11448100922654471, -0.046416432049619705, 0.12203423729924541]
A2: [0.0353072666192758, -0.029273652726938427, -0.07569751771029323, 0.06966322307899288] - [0.10289369153294751, 0.28289664162549505, -0.3926064534486653, 0.006815934078065336] - [-0.01118695135966098, 0.5390147402049004, -0.3594508748098731, -0.16837630794747813] - [0.09786304818302147, 0.017463566402212607, -0.16885077369619167, 0.053525139515745626]
B1: -4.3590428419022844e-08 - 1.8451553046066253e-08 - 2.8168970544595968e-08 - -5.9028594178692494e-08
B2: -2.7168164331082986e-08 - -3.802783488692848e-10 - -1.4775618336474776e-08 - -1.5464047876451808e-08
