Number: 2234
Error: 0.0003810316859366998
A1: [0.09911163211201213, -0.00904461883139985, 0.01456353262837819, 0.04464064222578245] - [-0.003226014265484474, 0.1343048985479406, -0.21188066654841703, -0.16620539864753914] - [-0.12045455628769301, 0.4218250181497319, -0.09275839209807031, -0.1839258713733498] - [0.05889755169031283, 0.05263796792100217, 0.006627329576156919, 0.0008408182487962849]
A2: [0.14622508718055519, -0.12105434760132458, 0.15965613334050854, 0.10080456424588013] - [0.13241788785422462, 0.30015781595541374, 0.0034972659653598713, -0.028991970867862562] - [0.0042558775555861135, 0.6227653888682769, -0.11976418968844935, -0.10442120196818339] - [0.0367042514084593, 0.09834596937696138, 0.018493762603286962, 0.12836849700284658]
B1: 0.0065274584519683446 - -0.0036054010436328554 - -0.0002091281634144116 - 0.009601683453576806
B2: -0.006875547782760799 - -0.03270289355474524 - -0.006914453154960691 - -0.0064011041777622115
