Number: 858
Error: 2.1709935890347847e-10
A1: [-0.012099175420559875, -0.014461486326833098, 0.018147207766650252, 0.008641033022472877] - [0.06584778336993213, 0.18950733165819048, -0.14530959648543035, -0.10999458977142487] - [-0.0962779511217125, 0.4218007038538977, -0.05344092397607122, -0.27201811706388] - [-0.0013056557187039143, -0.018204006836102387, -0.0038182454424514046, 0.023395057226439874]
A2: [0.16161102040282344, -0.16773093034201167, 0.008525142621980779, -0.002309378841351238] - [0.03549466491195606, 0.20752551911960934, -0.11720152048081442, -0.12578328257983065] - [-0.08620102357187978, 0.5815503842013088, -0.23537654535199107, -0.25992335776671716] - [-0.0038232340955648573, -0.004507752163101924, 0.0011218691124990506, 0.007254618484337812]
B1: -1.5170792546571338e-05 - -1.8542360838590547e-05 - -1.0229044486905748e-05 - -5.9960164196562636e-06
B2: -4.2777056419027924e-05 - 6.895649514027221e-06 - -2.18249950127886e-05 - -6.246644278213415e-06
