Number: 7379
Error: 1.1708364384667449e-15
A1: [0.08043168941349935, -0.18046780602217202, -0.01958885225008041, 0.11962497646654192] - [0.037415544245230435, 0.13359635045349702, -0.13472622187559025, -0.03628586082612645] - [-0.00170281758985612, 0.22819011792967134, -0.1228283812243572, -0.10365890880190773] - [0.03886319388482406, -0.11448105898293882, -0.046416481914244696, 0.12203418743383294]
A2: [0.035307548715612855, -0.029273369850411055, -0.07569724949636045, 0.06966351832305051] - [0.10289378944498544, 0.2828967403685072, -0.39260635874938066, 0.0068160366062077465] - [-0.011187081067592981, 0.5390146097233791, -0.35945099758151133, -0.16837644462496482] - [0.0978628433750791, 0.017463360662722957, -0.16885096866048127, 0.053524924534517036]
B1: 1.3899786574786928e-08 - 8.565131714295249e-10 - -1.5917833923248132e-08 - 6.1798756454474285e-09
B2: 1.4842672860933736e-08 - -1.983744912540012e-08 - 1.6897809476518745e-08 - -1.5034388517686006e-08
