Number: 6047
Error: 4.895683242711585e-14
A1: [0.08043337523529641, -0.1804661203919724, -0.01958716844474913, 0.1196266620951157] - [0.037417647398263996, 0.1335984520124186, -0.13472412291654806, -0.03628375884051683] - [-0.0017013116025248421, 0.2281916238876519, -0.1228268774395133, -0.10365740321486247] - [0.03886510549270129, -0.11447915273886497, -0.04641457152380903, 0.12203609785390146]
A2: [0.035305283536792895, -0.029275641296129428, -0.0756994031945748, 0.06966114756753525] - [0.10289228641689534, 0.2828952245836851, -0.39260781245765614, 0.006814462715472997] - [-0.011187025848463374, 0.5390146652735781, -0.3594509453141796, -0.1683763864379159] - [0.09786298884675762, 0.01746350679684172, -0.16885083017972535, 0.05352507723332962]
B1: -2.789709781687898e-07 - 4.26198612542217e-07 - 5.356213909125137e-07 - 1.567847477931485e-07
B2: -8.252872822791781e-07 - -1.2308482747144364e-06 - 2.2941029135637373e-06 - -2.40400716297348e-08
