Number: 9798
Error: 9.891599109729374e-16
A1: [0.05317251811680699, -0.14800130301103795, -0.02699907930890397, 0.12182778994314292] - [0.005313709943210276, 0.1308366843844773, -0.11360075364454837, -0.022549773263839116] - [-0.014444508450938712, 0.2230915889435109, -0.1270412114459621, -0.0816059648846847] - [0.027146424102427926, -0.10002007403145037, -0.04942454446876798, 0.12229808431900285]
A2: [0.08925463016280684, -0.07291320183785574, -0.12362725574302111, 0.10728655401445449] - [0.10884169923799417, 0.24981415154507425, -0.4048453185087467, 0.04618945002978943] - [0.03663580639558769, 0.4625549945368788, -0.37771757254091226, -0.12147339434751614] - [0.1434264575673318, -0.044606599045609346, -0.2014995116861241, 0.1026798872226293]
B1: 2.415199016187147e-08 - -1.0311274280559515e-08 - -1.7605330649234022e-08 - 2.3971441177560676e-08
B2: 1.471122297020874e-08 - 1.473610519336078e-08 - 4.2643252342380416e-10 - 7.088504507128097e-09
