Number: 6158
Error: 1.2741810782487508e-15
A1: [0.08043160398060284, -0.1804678914453856, -0.019588937580820802, 0.11962489104340611] - [0.03741551386044919, 0.13359632009171427, -0.13472625219983475, -0.0362858911940746] - [-0.0017028610704391922, 0.22819007445002287, -0.1228284246412764, -0.10365895227088877] - [0.03886315281829707, -0.11448109993420882, -0.04641652295459969, 0.12203414639283361]
A2: [0.03530745832235462, -0.029273460493692595, -0.07569733544117305, 0.06966342371676654] - [0.10289380648666778, 0.28289675755482513, -0.3926063422669218, 0.006816054451374369] - [-0.011187084865348673, 0.539014605902992, -0.3594510011762041, -0.1683764486267643] - [0.09786280488399879, 0.017463321996562507, -0.1688510053015144, 0.05352488413143334]
B1: 6.365450426600956e-09 - 3.033256894594178e-08 - -2.5592049629632676e-09 - 2.1954054122435045e-09
B2: 2.447326569774829e-08 - 1.7246328122264736e-08 - -3.7189901725275226e-08 - 1.908382689652023e-08
