Number: 9633
Error: 1.831664653036266e-14
A1: [0.05317159108614754, -0.148002230385276, -0.02700000531980657, 0.12182686246567163] - [0.005313474594785332, 0.1308364487871943, -0.11360098896007344, -0.022550008943047456] - [-0.014444553203668916, 0.2230915441734762, -0.12704125616454867, -0.0816060096524059] - [0.027146404754382597, -0.10002009338059085, -0.04942456385896933, 0.12229806492177615]
A2: [0.08925534817048444, -0.07291248549025033, -0.12362655391174544, 0.10728728087663693] - [0.1088422136133102, 0.24981466601048674, -0.4048448143221959, 0.0461899730595098] - [0.036636640031717405, 0.46255582383600524, -0.37771675920319975, -0.12147255206429373] - [0.14342760567304816, -0.04460545521806551, -0.20149839066254774, 0.10268105236129971]
B1: 1.736822706595179e-07 - -1.2361750260914704e-08 - 5.2244256431632303e-08 - 7.983217283354512e-08
B2: -1.8837648684278186e-07 - 8.841637730262624e-08 - 1.1542015421907328e-07 - 2.545056251865209e-07
