Number: 3658
Error: 7.306718086378101e-14
A1: [0.06621114270380177, -0.11395407311958906, -0.023985987657131405, 0.07172083259318825] - [0.037402623655234495, 0.18819338044798703, -0.14740893544757278, -0.07818699884477766] - [-0.0602284946993099, 0.32895164207854033, -0.12775225186791944, -0.14096746900870094] - [0.03904690713681403, -0.05332197609889371, -0.03741786673114394, 0.05169583820594958]
A2: [-0.009108315388146, -0.3468029092330877, 0.249455352828259, 0.10645695289357227] - [0.08003940853387674, 0.036281807494601206, -0.05025056827184001, -0.06607241937566281] - [-0.04245325776908243, 0.23083140733914076, -0.0405317152576263, -0.14784832372852755] - [0.06813466364198471, -0.2934679789901218, 0.14177111584454577, 0.08356173135564039]
B1: 1.9739752077836627e-07 - -5.280490657509963e-07 - 1.876184444371176e-08 - 1.981639246105166e-07
B2: -4.881214131593982e-07 - 7.412316551207952e-07 - 3.358373513388653e-07 - -3.203450304872874e-07
