Number: 9762
Error: 1.7476999269528291e-15
A1: [0.05317258715636409, -0.1480012339461206, -0.026999010345446252, 0.1218278590159868] - [0.005313738250181547, 0.13083671272113148, -0.1136007253418954, -0.0225497449169677] - [-0.01444448293740626, 0.22309161446635406, -0.12704118595264488, -0.08160593936206145] - [0.027146482556794332, -0.10002001557713955, -0.049424485891054325, 0.12229814292192737]
A2: [0.08925479454305665, -0.07291303783777174, -0.12362709506642303, 0.10728672042158965] - [0.10884169249121362, 0.24981414479708156, -0.4048453251218792, 0.046189443169460206] - [0.03663602161682309, 0.4625552086382816, -0.37771736256034555, -0.12147317689411287] - [0.14342645442441296, -0.04460660217686087, -0.2014995147549225, 0.10267988403305561]
B1: -7.145496962109548e-08 - 3.0282023999116625e-08 - 1.751525420375748e-08 - 1.6492180547683514e-08
B2: -2.086247450658969e-08 - -6.9713060153167594e-09 - -1.0364810754717486e-09 - -2.685733788147247e-08
