Number: 7440
Error: 1.0115222113855722e-15
A1: [0.08043171207651112, -0.1804677833617297, -0.01958882961417053, 0.11962499912696273] - [0.03741562300563023, 0.13359642915428327, -0.13472614327212606, -0.03628578210935858] - [-0.0017027960459569452, 0.22819013947311267, -0.12282835971199971, -0.10365888726375636] - [0.03886326235631511, -0.11448099070360726, -0.04641641348638912, 0.12203425586276472]
A2: [0.035307352966727476, -0.029273566140704022, -0.0756974356120087, 0.06966331345071744] - [0.10289372392830062, 0.282896674295784, -0.39260642211627844, 0.006815968000693911] - [-0.011187087048028467, 0.5390146037072783, -0.3594510032421246, -0.16837645092675035] - [0.09786279599910697, 0.017463313071259635, -0.16885101375936187, 0.05352487480519732]
B1: -1.6724260971446756e-08 - 8.883553628104496e-09 - 2.2415330681850463e-08 - 5.377726463158019e-09
B2: 1.4473491964939784e-08 - 1.0334801464017978e-08 - 3.010833710799639e-08 - 1.4797470919713702e-08
