Number: 5494
Error: 1.514783828458682e-13
A1: [0.0662125339410722, -0.11395271297373517, -0.02398459751081986, 0.07172222149832679] - [0.0374024623063487, 0.18819322629172303, -0.1474090940636993, -0.07818715747501857] - [-0.060230492828939226, 0.3289497229800258, -0.12775420712088403, -0.1409694137433683] - [0.03904599536031968, -0.05332284152475548, -0.03741874885825561, 0.05169496323951315]
A2: [-0.00911032436049676, -0.3468050404260791, 0.2494533276042386, 0.10645484660347895] - [0.08004051503215352, 0.03628299950916439, -0.05024935893309121, -0.06607119977038318] - [-0.04245312441857742, 0.23083155451427637, -0.040531572351255714, -0.1478481762393498] - [0.06813473866970565, -0.29346789637762116, 0.14177119718516368, 0.08356181549168412]
B1: 6.254394439122471e-07 - -7.83423403353198e-07 - -1.874826332179237e-07 - -1.8935006929276262e-07
B2: -3.599091413239166e-07 - -7.682587399919103e-07 - -3.7823028231896825e-08 - -3.414847859654491e-07
