Number: 3759
Error: 5.93800522485664e-16
A1: [0.0662131615741144, -0.1139520993676967, -0.023983970371999064, 0.0717228480757236] - [0.03740265009068224, 0.18819340570634643, -0.14740890945907253, -0.07818697285441557] - [-0.060229378714847966, 0.3289507930291373, -0.12775311691511063, -0.1409683294019483] - [0.03904632440917062, -0.05332252919750746, -0.037418430498202926, 0.051695279014223335]
A2: [-0.009108574919265413, -0.34680318454893494, 0.24945509120068032, 0.10645668079893135] - [0.08003980452165545, 0.0362822340859867, -0.05025013547963405, -0.06607198291196903] - [-0.042452845238496247, 0.23083186263498293, -0.04053127317249935, -0.14784786748513828] - [0.0681346913001306, -0.2934679485320415, 0.14177114583194864, 0.0835617623741536]
B1: -1.0959723248770499e-08 - 3.7756602397330204e-09 - 2.168202930554889e-08 - -3.3761480913272586e-08
B2: 6.76664555177299e-09 - -1.2947055473643125e-08 - 1.691048486943392e-08 - -2.2163614630966617e-08
