Number: 9628
Error: 2.1129234700548763e-14
A1: [0.05317223330333076, -0.14800158793253054, -0.026999363810736546, 0.12182750499204452] - [0.005313620459301761, 0.13083659480455131, -0.11360084311772059, -0.022549862872976154] - [-0.014444301155292018, 0.22309179631440815, -0.1270410043154781, -0.08160575751373386] - [0.02714614197032739, -0.10002035616477006, -0.04942482719772468, 0.12229780146928289]
A2: [0.08925623240965327, -0.07291160329518705, -0.12362568959419515, 0.10728817601924046] - [0.10884232209931757, 0.24981477451537232, -0.40484470798533273, 0.04619008337069016] - [0.03663654629618318, 0.46255573058818383, -0.3777168506563044, -0.1214726467720075] - [0.14342613050659112, -0.04460692489091014, -0.20149983103574018, 0.10267955530801695]
B1: -1.3363193815122434e-07 - 1.0966742802217069e-07 - 5.079458212159908e-08 - 4.5834549954699895e-07
B2: 1.1314356229859317e-08 - 5.75462167426603e-08 - -5.096543370211411e-08 - 2.0534904349576152e-07
