Number: 8809
Error: 1.8571130030717292e-05
A1: [0.07939002231112802, -0.1815272098016176, -0.02056412472687372, 0.11857456697363067] - [0.03474562927450761, 0.13090364747246122, -0.1373149917068947, -0.03896614717764936] - [-0.0012083269344892397, 0.22867466161374025, -0.12227247820219522, -0.10316978005968656] - [0.03722205956589723, -0.11613473974120106, -0.0479918887331027, 0.12038532877268354]
A2: [0.038412639618452454, -0.026190158139700367, -0.07268796062607234, 0.07290872448901808] - [0.10209060740689159, 0.2820735541469924, -0.393348562976541, 0.005972377496488538] - [-0.0036926074484126105, 0.5465048810613133, -0.35229899748197707, -0.16048201649797128] - [0.10011244690891005, 0.019698696157789273, -0.16665869012513346, 0.055882105941024336]
B1: 0.0007992273450186677 - 0.0022016475369777723 - -0.0004082284040295651 - 0.0010494638690980353
B2: -0.002812951390518844 - -0.0037955267935887516 - -0.0036035124696899012 - -0.002915397250318655
