Number: 6749
Error: 6.334532099409086e-16
A1: [0.08043161785389746, -0.180467877573666, -0.019588923724116476, 0.11962490491511305] - [0.03741554220778393, 0.13359634841759138, -0.1347262239089837, -0.03628586286244672] - [-0.0017028638169758162, 0.22819007170353983, -0.12282842738379102, -0.10365895501669266] - [0.03886318321358803, -0.11448106962422183, -0.04641649257867723, 0.12203417676923148]
A2: [0.035307416343768674, -0.029273502588384966, -0.0756973753538628, 0.06966337978160672] - [0.10289374099479388, 0.2828966915071106, -0.39260640560979043, 0.006815985871786081] - [-0.011187146104377885, 0.5390145442986902, -0.3594510591402474, -0.16837651315648341] - [0.09786277624086741, 0.01746329322314226, -0.16885103256791495, 0.05352485406546465]
B1: -1.737657839215315e-08 - -8.695928469625773e-09 - -2.3793627803906964e-08 - -2.0489442842553348e-08
B2: -2.7143895788621976e-08 - -1.3295843326775352e-08 - -1.2745463329045201e-08 - -1.2504343568880371e-08
