Number: 7167
Error: 9.95487323372453e-16
A1: [0.08043171749842436, -0.18046777794042498, -0.01958882419873309, 0.11962500454825963] - [0.03741562285692949, 0.1335964290056977, -0.1347261434205302, -0.03628578225797532] - [-0.0017028378204835806, 0.22819009769948412, -0.1228284014253513, -0.10365892902713249] - [0.038863277001521916, -0.11448097609949569, -0.04641639885050979, 0.12203427049887255]
A2: [0.03530747982272495, -0.029273438933854295, -0.07569731499887407, 0.0696634462192089] - [0.10289374943659808, 0.2828967000205658, -0.39260639744498343, 0.006815994711594023] - [-0.011187195087463629, 0.5390144950234361, -0.3594511055038334, -0.16837656477164611] - [0.09786277091912741, 0.017463287877196188, -0.1688510376338792, 0.05352484847938285]
B1: 4.176620195251232e-08 - -2.3696899606225406e-08 - -1.0711342349768027e-08 - 1.5347178021022725e-08
B2: 1.3840265894392831e-08 - 1.2636420254389924e-08 - -1.8777511529102288e-08 - 2.3891528647623824e-08
