Number: 5894
Error: 3.5410030292397355e-08
A1: [0.08011184356734492, -0.18078787623976703, -0.01990807367263659, 0.11930527351876144] - [0.03646700302545888, 0.13264842417793388, -0.1356726428518712, -0.037233762573686664] - [-0.0018959044676731733, 0.22799709322055967, -0.1230209496143091, -0.10385182965080272] - [0.03921518419301999, -0.11413010614694623, -0.04606443133326801, 0.12238609343624741]
A2: [0.034655360479162185, -0.02992715882715196, -0.07631727556377105, 0.06898079349029883] - [0.10275726488473667, 0.28275859772698136, -0.3927387451965069, 0.006673049563499989] - [-0.010948897483275185, 0.5392539947952762, -0.3592253574315033, -0.16812513044624505] - [0.09761270126212598, 0.01721208822854512, -0.16908898504205302, 0.0532624069438223]
B1: 5.8583164218212594e-05 - -0.0001199484418837139 - -0.00011665264300140214 - 4.046979940203662e-06
B2: -0.0005952647326482571 - -0.00024413340082385688 - 0.0003053064126200154 - -0.0002140426581861949
