Number: 1192
Error: 7.380138641209589e-08
A1: [-0.007305317648037021, -0.015107074996383887, 0.0028704786802812715, 0.019326841899519005] - [0.0671177887734475, 0.1901651014310161, -0.1464344220824167, -0.10953749357985682] - [-0.11158452362575653, 0.44277211432438035, -0.06974213512128262, -0.25702064596538654] - [-0.021008433320921394, 0.017667627792689534, -0.027515894182480294, 0.04139862406928496]
A2: [0.130542678543956, -0.22565215406915426, 0.02164211258745199, 0.06914260609341616] - [0.03271578435169328, 0.203818674056897, -0.11481871573434925, -0.12139035453553032] - [-0.09517113354152845, 0.5549967700712916, -0.2357463537547062, -0.2261826813461748] - [-0.022708190400452178, -0.02113450180130692, 0.006253068177728603, 0.030375413971901053]
B1: -2.7989496111385608e-05 - -0.0003761239907350552 - 0.0004873605026424031 - 0.00012328276237303867
B2: -0.000522999209455078 - -0.0001359220843764861 - 0.00012114929030688686 - 0.00024134234409841704
