Number: 7880
Error: 9.29083343577602e-16
A1: [0.08043164772944415, -0.18046784770151275, -0.019588893884287497, 0.11962493478724993] - [0.03741563209846499, 0.13359643824022305, -0.13472613419740775, -0.03628577302156354] - [-0.0017028263976067708, 0.22819010912210633, -0.12282839001920527, -0.10365891760730467] - [0.03886319426257484, -0.11448105860625749, -0.04641648153673087, 0.12203418781134912]
A2: [0.035307304201487526, -0.02927361504080854, -0.07569748197748033, 0.06966326241271649] - [0.102893663164125, 0.282896613015917, -0.39260648088662786, 0.006815904371781299] - [-0.011187074124997235, 0.5390146167073835, -0.3594509910101609, -0.16837643730933494] - [0.09786275781334178, 0.017463274711806344, -0.16885105010977783, 0.053524834722623406]
B1: -1.3859430872971889e-08 - -5.425321991354936e-09 - 3.593594021077543e-08 - 8.712865113332171e-09
B2: -2.209259062712743e-08 - 6.019822256740482e-08 - -4.451492709147226e-09 - -1.4389187772710825e-08
