Number: 6602
Error: 6.765428704107035e-16
A1: [0.08043168194670673, -0.18046781348811614, -0.019588859707942503, 0.11962496900060252] - [0.03741560091738678, 0.1335964070827584, -0.13472616531636028, -0.03628580418536504] - [-0.0017028476968318992, 0.22819008782334166, -0.1228284112872504, -0.10365893890085139] - [0.038863250468497285, -0.11448100255805709, -0.04641642536662233, 0.12203424398234144]
A2: [0.03530744096375459, -0.029273477900303067, -0.07569735194549916, 0.0696634055490977] - [0.10289374394125633, 0.28289669447857957, -0.3926064027600092, 0.006815988957161366] - [-0.01118709415952976, 0.5390145965533714, -0.359451009973337, -0.16837645842036317] - [0.09786280864134192, 0.017463325770996935, -0.1688510017247684, 0.05352488807542437]
B1: 3.074621209329944e-09 - 2.7006099458614092e-09 - 4.540932192857751e-09 - 3.991838361811238e-09
B2: 2.201512848316727e-09 - 1.2485651532051978e-08 - -1.7632960539269856e-08 - 1.7145217085399568e-08
