Number: 1475
Error: 1.875660159619278e-10
A1: [-0.007553866304086093, -0.015363611827784217, 0.0026160351622790765, 0.01907822869822951] - [0.06673906522853741, 0.18980006570862304, -0.1468257459366917, -0.10995989009547381] - [-0.11281874233962279, 0.441556467564648, -0.07103266952661824, -0.25835247777720555] - [-0.02317721024150892, 0.015532810783963395, -0.029738394812077146, 0.03911474691445345]
A2: [0.13165948235315544, -0.22455618484763468, 0.022738872927146388, 0.07023218706531167] - [0.03266750171490454, 0.20377015345849245, -0.1148671128722634, -0.12143668314590235] - [-0.09467403632547053, 0.5554893015816877, -0.23525307988459898, -0.22568604408694898] - [-0.020848519304566323, -0.01929673920285111, 0.008096962430953585, 0.032161040773314]
B1: 1.615102440004803e-06 - 3.5044722797215264e-06 - 1.4935553710049804e-05 - -6.6923012716403556e-06
B2: -4.354090719015171e-05 - -1.4590935124152847e-05 - 5.2666126687736595e-05 - -1.7113218263260544e-05
