Number: 3149
Error: 2.491208732667029e-05
A1: [0.06712626766097733, -0.044206585279352305, -0.019639157521399785, 0.011856247848834035] - [0.042478879576943976, 0.19011336881305943, -0.14377225168582045, -0.0938628971676716] - [-0.117918892243243, 0.42034994510177354, -0.09914350708061667, -0.181186095794958] - [0.035454977054254384, 0.017383765307798858, -0.034974694578855714, -0.024432307468109548]
A2: [0.06007934133790237, -0.17708935383390792, 0.08273878667396872, 0.019892282939431814] - [0.031344981443926875, 0.20228359290276385, -0.09965091130855913, -0.12593031154285572] - [-0.07832649745692388, 0.5285423492925067, -0.21047932798686741, -0.1804247830731434] - [-0.0063168424830619746, 0.03823899991555446, -0.03055421267449617, 0.07620052200052435]
B1: -0.002624071631541789 - -0.0014627990709494463 - -0.008363905095279123 - -0.007926157527252124
B2: 0.0010897668142180578 - -0.0018864692731860857 - -0.0007994899385134532 - -0.004555130326989445
