Number: 909
Error: 1.1127529021557994e-09
A1: [-0.012159768253097418, -0.014523869298593443, 0.01808019031642014, 0.008576182229158697] - [0.06582556053398989, 0.18948594808487193, -0.14533256997314256, -0.11001933300282578] - [-0.09617087326529, 0.42190411383451515, -0.05332475830405875, -0.27189342441750997] - [-0.0014522905360296028, -0.0183449410717397, -0.003974319242488135, 0.023225699615002312]
A2: [0.16157984810476123, -0.16776133687996064, 0.00849473295783878, -0.0023395371652830837] - [0.03557440809298212, 0.20760398169178088, -0.1171221051685864, -0.1257052747471551] - [-0.08622767592276713, 0.5815244313101434, -0.2354023646494437, -0.25994917541896323] - [-0.0038303999635142328, -0.004514746300839543, 0.0011148192173559422, 0.007247789897294696]
B1: -6.834861980183322e-05 - -6.165170251538825e-06 - -4.214559745546827e-05 - -7.354566533781669e-07
B2: -0.00010668116262607815 - -0.0001894826043838289 - -3.75505925427316e-06 - 0.00013240998581560815
