Number: 2569
Error: 1.586574271248236e-08
A1: [0.06369903429101241, -0.04760328119798692, -0.023179251119751682, 0.008119628369926121] - [0.04345491029409012, 0.19107127306725905, -0.1427777977157141, -0.09274050952923145] - [-0.12273385436674793, 0.4155789180548532, -0.10413480110138292, -0.18635033644065596] - [0.037400490666351066, 0.019572173895096134, -0.03273192934901878, -0.02265331860126891]
A2: [0.06281340643481426, -0.1743159898737625, 0.08570329131665158, 0.023338110322863294] - [0.02953665139650609, 0.2005413721291299, -0.10146410699939698, -0.1276319027458325] - [-0.0933939831052466, 0.5136961778867659, -0.2255938380505847, -0.1950831680311205] - [-0.025832026321595633, 0.018617032747203992, -0.05020078778729838, 0.05706775341031723]
B1: -1.586155962118391e-05 - 9.63723603748541e-05 - -0.00020145383748674278 - -0.0002446905113775081
B2: -2.2351916546844907e-05 - -0.0002456301140505955 - 0.00014580476125383292 - 4.424410036298613e-05
