Number: 2329
Error: 3.157704013656582e-05
A1: [0.08434471365795529, -0.030784891874855155, -0.00980660135230603, 0.025171406635864285] - [0.03492877226006756, 0.18307697823437635, -0.1513280504408307, -0.10097000207385716] - [-0.11711107823892096, 0.4218584720621515, -0.09878238166333081, -0.18036335350454807] - [0.035139243576876554, 0.01840440968178415, -0.033466416576022, -0.024297999570103927]
A2: [0.02416622444987457, -0.21040023639271535, 0.04910657793145614, -0.014035424672526785] - [0.021759115000269048, 0.19272905388959632, -0.10929845704579211, -0.13531848689697776] - [-0.05214783002152833, 0.5525546132936443, -0.18499344404351017, -0.15604514495825839] - [-0.00618988616450572, 0.037125803608916826, -0.030127158209627622, 0.07658573859440196]
B1: -0.008143653328414319 - -0.003309598206384756 - -0.002081164002042085 - 0.015932976123921676
B2: 0.004259447306519021 - 0.006418591132878257 - 0.0017246123814158277 - -0.0008642523115514713
