Number: 7670
Error: 1.0125017649781336e-15
A1: [0.08043169872329525, -0.18046779671343446, -0.019588842951406654, 0.11962498577527902] - [0.03741561585941619, 0.1335964220134769, -0.134726150404086, -0.036285789251606] - [-0.001702814840795943, 0.2281901206786727, -0.12282837847931394, -0.1036589060535771] - [0.038863248751739174, -0.11448100427000484, -0.04641642708228167, 0.12203424226665188]
A2: [0.035307469886314787, -0.02927344889773891, -0.07569732444627657, 0.0696634358196653] - [0.10289371764234505, 0.2828966679564816, -0.3926064281959802, 0.006815961418392502] - [-0.011187110953091594, 0.5390145796596346, -0.35945102586879835, -0.16837647611633416] - [0.09786278626354036, 0.017463303291411537, -0.16885102302699864, 0.05352486458603301]
B1: -3.117673237113833e-08 - -1.891203215622013e-08 - 2.0682377478326785e-08 - 4.34461964120682e-09
B2: -5.866346875798913e-09 - -1.8579613964932665e-08 - 9.301337284835693e-11 - -8.057796054087963e-09
