Number: 962
Error: 2.1691299181749487e-05
A1: [-0.008198013523219732, -0.010460759197935914, 0.02245510152747797, 0.01280800621041575] - [0.06543914833952835, 0.189113301038964, -0.14573286859269285, -0.11045058157964537] - [-0.08972211830981935, 0.428132087611633, -0.04632914443664542, -0.2643784367968284] - [0.00422613211127939, -0.01288976639281933, 0.0020664394432412855, 0.029787961177752457]
A2: [0.16040918413017222, -0.1689129689534629, 0.007346440946636567, -0.0034795584710398315] - [0.03532236373192559, 0.2073559072670661, -0.11737324275460179, -0.12595169533326822] - [-0.08696578118146014, 0.5808046336563811, -0.23612142855081528, -0.2606694479839834] - [-0.004767345928040622, -0.005429136746104581, 0.00018706746767189043, 0.006349800118807298]
B1: 0.002527872208059726 - 0.003141812235119649 - 0.0023119739764951488 - 0.0015159561307765794
B2: -0.002015265541196157 - -0.002194803721223856 - -0.002745137193605999 - -0.0016964596865294787
