Number: 7368
Error: 9.41865567873249e-16
A1: [0.08043166579960624, -0.18046782963338998, -0.01958887583573647, 0.11962495285534636] - [0.03741556037314292, 0.13359636656920296, -0.1347262057798134, -0.0362858447071478] - [-0.0017028468071015976, 0.22819008871304983, -0.1228284103988219, -0.10365893801135513] - [0.03886320616669239, -0.11448104673553777, -0.046416469640202476, 0.12203419970806816]
A2: [0.03530756400512356, -0.029273354518617255, -0.07569723495927887, 0.06966353432516828] - [0.10289376415958051, 0.2828967148685035, -0.39260638320509994, 0.006816010128702691] - [-0.011187076637108571, 0.5390146141802905, -0.3594509933879598, -0.16837643995640944] - [0.09786278381619579, 0.017463300832929296, -0.16885102535671098, 0.05352486201710986]
B1: -3.4064791494011938e-09 - -3.998149506441939e-09 - -2.3647769111866808e-08 - 1.7252542699449677e-08
B2: 3.628753268116654e-10 - -6.326408171017855e-09 - -4.709961998170339e-09 - -6.1923455309143735e-09
