Number: 8099
Error: 9.117646707435545e-16
A1: [0.08043168547072532, -0.18046780996450662, -0.019588856188151982, 0.1196249725242141] - [0.03741557558080217, 0.13359638176535935, -0.13472619060238727, -0.036285829507884435] - [-0.0017028187303536827, 0.22819011678919673, -0.1228283823631812, -0.10365890994209839] - [0.038863220041295624, -0.11448103289987431, -0.04641645577443904, 0.1220342135740502]
A2: [0.03530748392140524, -0.029273434823842485, -0.07569731110183049, 0.06966345050883853] - [0.10289373904418464, 0.28289668953995856, -0.3926064074963768, 0.006815983829213852] - [-0.011187150163974428, 0.5390145402148646, -0.3594510629828267, -0.16837651743413187] - [0.09786284929691841, 0.01746336661147573, -0.16885096302321465, 0.05352493075045073]
B1: 4.62871023992332e-08 - 4.531580809626602e-09 - -1.4681406747048863e-08 - -1.5884765683876006e-08
B2: 9.181295802301664e-09 - -6.204153311733254e-10 - 1.4946227767691363e-09 - 8.080577388805008e-09
