Number: 6397
Error: 1.1982837535855226e-15
A1: [0.08043169585555685, -0.180467799580841, -0.01958884581572321, 0.11962498290786425] - [0.037415585133047186, 0.13359639131036513, -0.13472618106924902, -0.03628581996096073] - [-0.0017028038261426412, 0.22819013169309568, -0.12282836748079477, -0.10365889504187036] - [0.038863228443965815, -0.11448102452077957, -0.046416447377119474, 0.12203422197149867]
A2: [0.035307421272764004, -0.02927349764575713, -0.07569737066743248, 0.06966338494033075] - [0.10289375912296134, 0.2828967097891342, -0.3926063880764658, 0.0068160048546298535] - [-0.011187065790695857, 0.539014625091415, -0.35945098312163215, -0.16837642852711715] - [0.09786281560116734, 0.017463332762480386, -0.16885099509946824, 0.05352489538097894]
B1: -8.644746239339541e-09 - 8.517281189460243e-09 - 7.741294338755737e-09 - 3.572725990102514e-09
B2: 4.082405826331408e-09 - 9.988625223943308e-09 - -2.9734217896673172e-09 - -2.299457919200087e-10
