Number: 9108
Error: 3.4712097406566404e-05
A1: [0.036428948622441656, -0.16526173742671785, -0.04341376800454667, 0.10457683472812565] - [-0.009077991546664709, 0.11637617509555852, -0.1279656837896427, -0.03699330782233425] - [-0.014712741241837851, 0.22326079345087516, -0.12661377749516922, -0.08097068742086536] - [0.009549793190879416, -0.11771900699121225, -0.06646650797281153, 0.10468757291370732]
A2: [0.09320052262193713, -0.06869799064335783, -0.11888498184260508, 0.11166585107608339] - [0.11964788829401478, 0.26040537900348637, -0.3940765535657674, 0.05707025665593252] - [0.06866830930940886, 0.49501398835481253, -0.34566102245447655, -0.08909088438961293] - [0.1560848381000142, -0.03203227417372776, -0.1892681361289328, 0.11532390934761194]
B1: -0.0015628676600232018 - -0.0012540343837604208 - -0.00896107861939824 - -0.0010877942398951118
B2: 0.0049504928762349396 - -0.0009471071773508822 - -0.0024516586895997005 - 0.0021823001676177286
