Number: 3816
Error: 8.287547984794588e-16
A1: [0.06621323731622018, -0.11395202531818363, -0.023983894689328374, 0.07172292369072003] - [0.03740268477056444, 0.18819343884061457, -0.14740887536609013, -0.07818693875842166] - [-0.06022941017152308, 0.3289507628167509, -0.1277531476967432, -0.14096836001801963] - [0.039046197254131075, -0.05332264988822664, -0.03741855351641806, 0.051695156994880614]
A2: [-0.009108591080079002, -0.3468032016930461, 0.24945507490910135, 0.10645666385518512] - [0.08003981344864769, 0.03628224370291897, -0.05025012572293486, -0.06607197307242298] - [-0.04245283827063009, 0.2308318703251623, -0.0405312657054503, -0.147847859778935] - [0.06813476145200069, -0.29346787129168844, 0.14177122188340877, 0.08356184102747237]
B1: 1.4686965222163348e-09 - 2.9758307448772236e-08 - 1.1421103313554549e-09 - 9.975592159089899e-09
B2: 2.689326122239819e-08 - 3.8139688635234525e-08 - -3.487398331675858e-08 - 2.5786127691531903e-08
