Number: 7229
Error: 1.2544920137983122e-15
A1: [0.08043170315428091, -0.18046779228294418, -0.01958883852572487, 0.11962499020575441] - [0.03741560408517322, 0.13359641024814917, -0.13472616215488212, -0.036285801019332715] - [-0.0017028415749816045, 0.22819009394506481, -0.1228284051743542, -0.10365893278062922] - [0.03886325529369815, -0.11448099774639962, -0.04641642054450113, 0.12203424880454015]
A2: [0.03530741907191965, -0.02927349985268656, -0.07569737275998784, 0.0696633826369211] - [0.10289374257513847, 0.28289669310087256, -0.3926064040812948, 0.0068159875266440365] - [-0.011187043437577714, 0.5390146475778421, -0.3594509619638746, -0.16837640497291456] - [0.09786282299085859, 0.01746334018578213, -0.1688509880649508, 0.05352490313773393]
B1: -1.6355263090591545e-08 - 2.4997264929006497e-08 - 6.245455264389273e-09 - -7.251018936016355e-09
B2: 8.306522224268369e-09 - 6.156730873649895e-09 - -2.218240192744353e-08 - 1.1706384163744769e-08
