Number: 5554
Error: 8.134192159116623e-10
A1: [0.06619338583204738, -0.11397142946983804, -0.024003727180248402, 0.07170310783220474] - [0.037359164353095844, 0.1881518600265365, -0.14745165781136943, -0.07822972564727154] - [-0.06024734799990684, 0.32893353946758125, -0.12777069561669557, -0.14098581465654414] - [0.03901176423000981, -0.05335532952277854, -0.03745186420442625, 0.05166211646496888]
A2: [-0.00897254064370774, -0.34665887477856233, 0.24959222850499901, 0.10659931054974466] - [0.08007338372620713, 0.03631840874240041, -0.050213435599118575, -0.0660349705905327] - [-0.04241302917447367, 0.23087580642447045, -0.04048860558095779, -0.14780383115909476] - [0.06817881922223132, -0.2934193621350346, 0.14181898437703566, 0.08361123940639312]
B1: -1.509350056444419e-05 - -1.019856922072863e-05 - -1.6514312811703344e-06 - -2.0076765658482805e-06
B2: 1.9694216500951943e-05 - 3.226761703622165e-05 - 1.448534732815124e-05 - 5.142552767641036e-06
