Number: 189
Error: 9.435910136470397e-06
A1: [0.00749802107468847, 0.005567242978828018, 0.03967859160866314, 0.02951475788408934] - [0.06500087353447537, 0.18870097665928456, -0.14616904576346523, -0.11092265398024273] - [-0.09058119320894238, 0.4274031846521771, -0.04724274005399816, -0.265337592156755] - [-0.0010530849927071761, -0.01815486452837116, -0.0035275021168880197, 0.023543388186897666]
A2: [0.1660242902417085, -0.1634718845884748, 0.012941266624191938, 0.0017203179637296892] - [0.04726190312636408, 0.21910295233971464, -0.10547594465918088, -0.1142781713413997] - [-0.07130385664467466, 0.5960235291061363, -0.22086224868342802, -0.2456023243115816] - [0.007377059304793087, 0.006490589888973617, 0.012266084567450828, 0.01791589874003875]
B1: 0.004399394659303084 - -0.003268322939035288 - 0.0007544930249859918 - 0.00011961382414907144
B2: -0.006032661965727436 - 0.008608782819444402 - 0.0061326938436504375 - 0.0019452436910204962
