Number: 9507
Error: 3.3559817223637333e-13
A1: [0.05317291617839657, -0.14800090482407027, -0.02699868169965973, 0.12182818820040817] - [0.00531461132910539, 0.13083758669380793, -0.11359985241768428, -0.02254887061605459] - [-0.01444318599255313, 0.2230929118758174, -0.12703989004678803, -0.0816046419630799] - [0.027147078472507642, -0.1000194196259668, -0.04942388868183241, 0.12229874038716854]
A2: [0.08925887200161463, -0.07290896980602066, -0.12362310946526787, 0.10729084819920795] - [0.10884283935667224, 0.2498152918681011, -0.40484420097841645, 0.046190609333031776] - [0.03663809358636174, 0.4625572698389021, -0.37771534104086885, -0.1214710834253524] - [0.14342853303192626, -0.04460453130584982, -0.20149748516822522, 0.10268199349321434]
B1: 3.893666752459818e-07 - 2.3055815120896217e-07 - 2.549770677554268e-07 - 4.0832641999469227e-07
B2: 3.6597640009657405e-07 - 5.81128695694121e-07 - 1.0181445026480451e-06 - 6.526310411398111e-07
