Number: 6271
Error: 1.0547083440496465e-15
A1: [0.08043164369103006, -0.1804678517394566, -0.019588897917876064, 0.11962493074929739] - [0.03741554495162272, 0.13359635115935561, -0.1347262211706115, -0.03628586012012468] - [-0.0017028289199284216, 0.22819010659984776, -0.12282839253784004, -0.10365892012895668] - [0.03886320890245421, -0.11448104400744734, -0.04641646690618048, 0.12203420244213485]
A2: [0.035307483280216954, -0.029273435466800352, -0.07569731171156592, 0.06966344983788934] - [0.10289367670105484, 0.28289662666769955, -0.392606467793837, 0.006815918546813397] - [-0.011187182566893494, 0.539014507618691, -0.35945109365277794, -0.168376551578355] - [0.09786275986489379, 0.01746327677267846, -0.1688510481567636, 0.053524836876000945]
B1: 1.1507852402215223e-08 - -2.453056676798879e-08 - -3.703864524707673e-08 - -1.5753468757782326e-08
B2: -2.3809737882189925e-08 - -2.273465042037999e-08 - 1.3230213535487517e-09 - -9.19856080738265e-09
