Number: 7717
Error: 8.614299028409132e-16
A1: [0.0804316437490848, -0.18046785168142038, -0.019588897859884796, 0.11962493080734686] - [0.03741561160281424, 0.13359641776009387, -0.13472615465220855, -0.036285793505852995] - [-0.0017028485354767815, 0.22819008698471, -0.1228284121246607, -0.10365893973926564] - [0.03886318923672522, -0.11448106361800073, -0.046416486559373166, 0.12203418278862593]
A2: [0.03530736930686002, -0.02927354975537637, -0.07569742007603446, 0.06966333055245691] - [0.10289364568367618, 0.2828965953871022, -0.39260649779349555, 0.006815886067200614] - [-0.01118713838618077, 0.5390145520629224, -0.3594510518348404, -0.16837650502350895] - [0.0978627688696266, 0.017463285818380407, -0.1688510395848936, 0.05352484632810301]
B1: 7.991449894834614e-09 - -1.0289907253113343e-08 - -2.3471361205225378e-08 - -1.2676594690991902e-08
B2: -2.2972244849769255e-08 - 1.76049194225166e-08 - -1.0374086479747065e-08 - -2.2828131003492753e-08
