Number: 3129
Error: 5.0805554640046506e-06
A1: [0.06395694502153476, -0.047551207010266536, -0.02316197592340006, 0.008216734334173501] - [0.040193714505803356, 0.1877911979714291, -0.14625478101076517, -0.09647076400377645] - [-0.12248442412935664, 0.4155854117442784, -0.10414663418570241, -0.18629727023505557] - [0.03990508640874763, 0.02177494156770782, -0.03065787680857607, -0.020236542609069465]
A2: [0.05141466154604714, -0.1855223924625307, 0.07424621510310318, 0.011891621285887014] - [0.0233182835046441, 0.19442180123317776, -0.10762571272781582, -0.1336986525660874] - [-0.10690371062626676, 0.5004331810087472, -0.23915419901805204, -0.20812159844934416] - [-0.021355149596444606, 0.023070964691330017, -0.045724941411672756, 0.0613615795110552]
B1: 0.006587924724535255 - -0.0068722140491088825 - 0.0003125175760082817 - -0.008492621664720151
B2: -0.0010118646878798931 - -0.003084923715732749 - -0.000674932066688816 - 0.0005136556777727073
