Number: 758
Error: 9.553539112859014e-14
A1: [-0.012154073488244047, -0.01451786817000729, 0.018086532177485085, 0.008582371058578325] - [0.06583598192710156, 0.18949597900519624, -0.14532179843795365, -0.11000772959426519] - [-0.09629356136157693, 0.42178561891554917, -0.05345786206324073, -0.27203630198111023] - [-0.0013211141910412722, -0.01821887358933334, -0.003834699786922998, 0.023377189803881687]
A2: [0.1615863167693565, -0.16775516969877718, 0.008500937994793865, -0.0023334633733403396] - [0.03548570947482953, 0.207516707948065, -0.11721043820834758, -0.12579204329646876] - [-0.08621377303099652, 0.5815378981064543, -0.23538894882830602, -0.2599357908455721] - [-0.0038353317905902686, -0.004519648238898502, 0.0011098961193225728, 0.007243044047111447]
B1: -1.708230968290696e-08 - 4.427325248461479e-08 - -1.3351272574757822e-07 - 1.458943447176574e-08
B2: 4.7238731682941785e-07 - -4.3330115153275174e-07 - 1.0837248641920178e-06 - -1.1926547594188054e-06
