Number: 4961
Error: 8.148946632272564e-16
A1: [0.06621318183702764, -0.11395207955757937, -0.02398395012497554, 0.07172286830463263] - [0.037402621185330755, 0.18819337808927955, -0.14740893787522033, -0.07818700127310303] - [-0.06022933482832287, 0.3289508351797309, -0.12775307397030736, -0.1409682866879155] - [0.0390461946754231, -0.05332265233568363, -0.03741855601109078, 0.051695154520427083]
A2: [-0.009108517042914158, -0.34680312315128325, 0.2494551495451926, 0.10645674147903837] - [0.0800398317734207, 0.036282263443996404, -0.05025010569488957, -0.06607195287435864] - [-0.04245282470601175, 0.23083188529599577, -0.04053125116885647, -0.14784784477690696] - [0.06813478147036865, -0.2934678492506135, 0.1417712435850256, 0.08356186347172702]
B1: -7.214127023866707e-09 - 3.908913376432098e-09 - 4.796921838898059e-09 - -7.818997582673343e-11
B2: -1.1023913825532811e-08 - 1.044389771956237e-08 - 6.913759866453837e-09 - 8.279713930033722e-10
