Number: 1082
Error: 8.037297421700938e-06
A1: [-0.0034750785936511065, -0.011275436456594496, 0.006826843292943945, 0.02302135363674768] - [0.07027062259340187, 0.1930610420568029, -0.14339378869414443, -0.10598556497614055] - [-0.10304888359312317, 0.45097263179356173, -0.062242692852005475, -0.2486022755210066] - [-0.008944016379115252, 0.029991633181236505, -0.013719913522562455, 0.05487705902774335]
A2: [0.14130463227285664, -0.2149673455866344, 0.03215608664120631, 0.08004105455369778] - [0.028567609209905753, 0.1998688134653545, -0.11873479564560839, -0.12566508111645344] - [-0.07923349587109113, 0.5709212968897779, -0.21864982037364838, -0.21172214701107336] - [-0.031048843999186268, -0.029686122211799202, -0.0015719220076686581, 0.021990205716189086]
B1: 0.009983136527622474 - -0.0021146986062804034 - 0.00019540539332409124 - 0.011907535831601625
B2: 0.001262262087616092 - 0.015594011307700991 - 0.0006963750434438392 - 0.0053206993106541915
