Number: 9640
Error: 1.1447819876860715e-14
A1: [0.053172534972357896, -0.14800128615169403, -0.02699906247387174, 0.12182780680712006] - [0.005313291405451733, 0.13083626540578763, -0.11360117212164886, -0.022550192390667963] - [-0.014444940019289752, 0.22309115721594727, -0.12704164267415458, -0.08160639660636325] - [0.02714560313850183, -0.10002089499482848, -0.04942536716537119, 0.12229726126953948]
A2: [0.08925369581488363, -0.07291413402563936, -0.1236281690395924, 0.10728560814622436] - [0.10884226531977288, 0.24981471772637948, -0.4048447636394769, 0.04619002563623573] - [0.03663617660409486, 0.4625553628196538, -0.3777172113463104, -0.1214730202985619] - [0.14342657473818074, -0.044606482313005305, -0.20149939728074692, 0.10268000613114564]
B1: 4.777482461342826e-08 - 1.9324888156070958e-07 - 1.4693556655156117e-07 - -1.8155103986383204e-07
B2: 3.9950938916940163e-07 - 8.513828765567064e-08 - 8.64972300303925e-09 - 6.154151104377152e-09
