Number: 7327
Error: 1.1344651447790864e-15
A1: [0.08043168602791984, -0.180467809407366, -0.01958885563160759, 0.11962497308134952] - [0.037415592790840294, 0.13359639896236475, -0.1347261734267096, -0.036285812307408516] - [-0.001702824522378996, 0.22819011099729916, -0.1228283881467241, -0.1036589157325797] - [0.038863238181616494, -0.11448101481045864, -0.046416437645678245, 0.12203423170309431]
A2: [0.03530747532274741, -0.0292734434462783, -0.07569731927739759, 0.06966344150948955] - [0.10289367526483079, 0.2828966252192997, -0.39260646918296077, 0.0068159170429407095] - [-0.01118719009176206, 0.5390145000489357, -0.3594511007753119, -0.1683765595074794] - [0.09786283637986032, 0.017463353635684877, -0.16885097531948196, 0.05352491719181987]
B1: 2.878205868594285e-08 - -2.6391094415741305e-08 - -2.2386019339442533e-08 - -9.756687725173919e-09
B2: -8.424431351519919e-09 - -5.289066569466649e-09 - -1.1448100854127544e-08 - -5.237161346973973e-09
