Number: 8359
Error: 9.620463712881828e-16
A1: [0.08043167219411831, -0.18046782323961927, -0.019588869448923123, 0.11962495924909641] - [0.03741561395584252, 0.13359642011138828, -0.13472615230372778, -0.03628579115403143] - [-0.0017028177129595433, 0.22819011780657095, -0.12282838134727746, -0.10365890892496886] - [0.03886321710008927, -0.11448103583282453, -0.04641645871378814, 0.12203421063465958]
A2: [0.03530733215661851, -0.029273587008315952, -0.07569745539814228, 0.0696632916708481] - [0.10289370449536141, 0.2828966546979467, -0.3926064409115715, 0.006815947651602581] - [-0.011187142189411926, 0.5390145482369549, -0.3594510554347478, -0.16837650903105345] - [0.09786280601220712, 0.017463323129859282, -0.16885100422752353, 0.05352488531565694]
B1: -1.3519942557807257e-08 - 7.624719246360269e-09 - -1.7957269356775081e-09 - 1.7847063539469376e-09
B2: 2.725479629056951e-09 - 3.2435130462298884e-08 - 1.394195814830399e-08 - -1.6298137259032524e-09
