Number: 9568
Error: 1.4994304825216813e-13
A1: [0.053172446488263456, -0.14800137467350932, -0.026999150863013053, 0.1218277182856501] - [0.0053128488121663535, 0.13083582233904797, -0.113601614653243, -0.022550635603764257] - [-0.014444974029581042, 0.22309112318929608, -0.1270416766595014, -0.08160643062769837] - [0.02714640792231727, -0.10002009022009593, -0.04942456068846902, 0.12229806809371349]
A2: [0.08925570772119136, -0.0729121267761357, -0.12362620246886728, 0.10728764485009586] - [0.10884193387379339, 0.24981438622113764, -0.40484508852758355, 0.046189688605241974] - [0.03663727212314983, 0.46255645263600936, -0.37771614251079966, -0.12147191342661227] - [0.14342900012882487, -0.0446040659648045, -0.20149702910306286, 0.10268246750067303]
B1: 2.114407633899417e-08 - 2.1262791693601786e-07 - 9.244994993327427e-08 - -3.2551103560570014e-07
B2: 5.000737896793902e-07 - 3.8955879672165913e-07 - 3.5280875664525406e-07 - 4.849033468877477e-09
