Number: 9089
Error: 3.985129630922501e-05
A1: [0.04849331732991891, -0.1544637677493493, -0.03224301447787205, 0.11560665493556042] - [-0.002064380167687046, 0.12236974432832061, -0.12230549526143761, -0.03129404148680286] - [-0.03756406909748564, 0.2012482200922436, -0.14666044289651742, -0.10183681534254876] - [0.022086575271611165, -0.10604812440111233, -0.05441436709923681, 0.1164251247859967]
A2: [0.0191837941935679, -0.14274398684167028, -0.18723587119013954, 0.03689527809890465] - [0.05377497134804848, 0.19369419867884335, -0.45730006430738074, -0.010253213390637247] - [0.027673418527427697, 0.45453617820031755, -0.388091163403819, -0.13073444037156168] - [0.1292654501428465, -0.05888688587098882, -0.21690971677683676, 0.08797130482041486]
B1: -0.011898845234979711 - 0.0033864527113130773 - -0.0010445918037954973 - 0.0036703911896154113
B2: -0.0008145236819616895 - -0.0037992441077751822 - -0.008528497919335824 - -0.0014045717965009983
