Number: 110
Error: 0.00017901519361008476
A1: [-0.06172778458364365, -0.06682939616271011, -0.036385948216855986, -0.04318085973915165] - [0.09096952285794917, 0.2156564149406629, -0.12078904857810192, -0.08425302853409423] - [-0.15123657164023196, 0.3693982430615599, -0.1127674283221674, -0.3352276697935369] - [-0.052254271857715896, -0.06626351518414811, -0.057158700445191064, -0.03431700560220103]
A2: [0.23986391028676152, -0.09128385524510818, 0.0852093798867344, 0.07360638493367386] - [0.07075299952062744, 0.24003201102624372, -0.08464553746854128, -0.09373008261770345] - [-0.013328945780005267, 0.6538820261425492, -0.16464786656458263, -0.18938241427512537] - [0.10300665383188945, 0.1027912825585368, 0.10708032578855252, 0.10950021650634977]
B1: 0.005105030792992552 - 0.2614828035081513 - 0.0073556679309292935 - -0.0032164011985221807
B2: 0.007046775673747115 - 0.24421061822606535 - 0.008033289991059248 - 0.006241484365065426
