Number: 8526
Error: 1.1969921385166778e-15
A1: [0.08043171990756136, -0.18046777553154247, -0.019588821792499232, 0.11962500695712815] - [0.03741561615110886, 0.13359642230502794, -0.1347261501127615, -0.036285788959950716] - [-0.001702814755995757, 0.2281901207634539, -0.12282837839465205, -0.10365890596880478] - [0.03886322919874106, -0.11448102376804722, -0.04641644662280366, 0.12203422272585986]
A2: [0.03530730455071962, -0.029273614690581626, -0.07569748164559388, 0.06966326277836388] - [0.10289369667774739, 0.2828966468139939, -0.392606448472668, 0.006815939465430574] - [-0.011187071877932149, 0.539014618967843, -0.35945098888326465, -0.16837643494153093] - [0.09786279782546364, 0.01746331490589028, -0.1688510120207859, 0.05352487672225547]
B1: -2.947410260353427e-08 - 5.0082730616016195e-09 - 7.245236518147752e-09 - 2.0773737267800534e-08
B2: -3.8033563454670734e-08 - 4.570417577732166e-08 - -4.573824369287122e-08 - -1.8260148072146935e-08
