Number: 6490
Error: 8.026752306950016e-16
A1: [0.08043169089214597, -0.18046780454368996, -0.01958885077319944, 0.11962497794502008] - [0.037415594034194775, 0.13359640020477573, -0.1347261721858374, -0.03628581106474405] - [-0.001702815134924719, 0.22819012038455477, -0.12282837877301894, -0.10365890634763439] - [0.03886323521640019, -0.11448101776735133, -0.04641644060900069, 0.12203422873972387]
A2: [0.03530744786765147, -0.029273470977311068, -0.07569734538136484, 0.06966341277477739] - [0.10289373545440639, 0.2828966859197006, -0.3926064109683785, 0.006815980070187658] - [-0.011187089609028042, 0.5390146011310147, -0.3594510056661906, -0.1683764536253376] - [0.09786280433908494, 0.017463321449170236, -0.16885100582023752, 0.053524883559453916]
B1: -5.717338245299004e-09 - -1.4789056351767237e-09 - -4.2898599388652505e-09 - -1.173845881902098e-09
B2: -2.826801607841239e-09 - -4.1628380461624455e-09 - -8.185798789467768e-10 - -4.296676986894259e-09
