Number: 6417
Error: 9.390425774283721e-16
A1: [0.08043169764272567, -0.18046779779387473, -0.019588844030691475, 0.11962498469482886] - [0.03741559648696253, 0.13359640265568704, -0.1347261697379569, -0.03628580861333495] - [-0.0017028094800617898, 0.22819012603929706, -0.12282837312643569, -0.10365890069428059] - [0.03886322832623083, -0.11448102463818417, -0.046416447494779446, 0.12203422185383685]
A2: [0.03530743032360202, -0.029273488569885337, -0.07569736206201536, 0.06966339441301872] - [0.10289375127670854, 0.2828967018762889, -0.39260639566525735, 0.006815996638454031] - [-0.01118709819242556, 0.539014592496421, -0.3594510137905589, -0.16837646266996828] - [0.09786281088672331, 0.017463328026591764, -0.16885099958731184, 0.05352489043234524]
B1: 7.974803936436041e-10 - 3.086597167555967e-09 - 5.098768418279591e-09 - 4.1530161283973807e-10
B2: 5.9211772853839965e-09 - 2.576567747665531e-09 - 3.869419302888526e-09 - -4.83116706827209e-09
