Number: 8679
Error: 1.4796892763159806e-14
A1: [0.08043165460866367, -0.18046784082305, -0.019588887013312194, 0.11962494166569436] - [0.0374155909224478, 0.13359639709543014, -0.1347261752911506, -0.03628581417464917] - [-0.001702831778107702, 0.22819010374171578, -0.12282839539183868, -0.1036589229863597] - [0.038863199610394854, -0.11448105327337146, -0.04641647619230113, 0.12203419315589907]
A2: [0.035307415531531494, -0.029273503402860862, -0.07569737612619692, 0.06966337893151593] - [0.10289372784177202, 0.2828966782424974, -0.3926064183312, 0.006815972098656783] - [-0.011187168078862329, 0.5390145221931107, -0.3594510799398041, -0.16837653631151386] - [0.09786275540929074, 0.01746327229677035, -0.1688510523983621, 0.05352483219919846]
B1: 1.2051712978993788e-07 - -6.850945514382805e-11 - 7.434565686388192e-08 - 9.413467677962463e-08
B2: -3.768512933029399e-08 - -4.446801014573543e-08 - -7.481400945879847e-08 - -3.587876446596036e-08
