Number: 1332
Error: 7.762005461226225e-09
A1: [-0.007158211677768354, -0.01496412777139251, 0.003027879199693997, 0.019484834126930126] - [0.0667615111270762, 0.1898216368855918, -0.14680264262297685, -0.10993489173789528] - [-0.11206095220336595, 0.4422998795440833, -0.07024270944827979, -0.2575319848027212] - [-0.023395012972039105, 0.015319090381842763, -0.029960490261153307, 0.03888449915506483]
A2: [0.13163404476346324, -0.22458151886709748, 0.02271405309685342, 0.07020742385274881] - [0.032698683920020954, 0.2038007989103793, -0.11483619355340341, -0.12140619127958119] - [-0.09468916775235482, 0.5554748613908831, -0.23526747140850784, -0.22570033798695527] - [-0.02088843301500359, -0.019336291145332807, 0.008057793462389795, 0.03212295788276123]
B1: 0.00012872315038551992 - -5.039297996204776e-05 - 3.0488025316364426e-05 - 0.000125343692210308
B2: -6.634182549224019e-05 - 1.1700436484803257e-05 - -7.573647489746271e-05 - 5.803595999426543e-05
