Number: 5654
Error: 0.00011953389512916893
A1: [0.0708006121753589, -0.10948179150696725, -0.01941343044742175, 0.07624376955520595] - [0.044887023650949036, 0.19534897610156354, -0.14005375670374398, -0.0708505911143054] - [-0.06420264820907635, 0.32501582479399216, -0.1317023252140218, -0.14494441391134144] - [0.04845722129213392, -0.0443373514047973, -0.028301857438666696, 0.060624648478122975]
A2: [-0.022990954887132126, -0.3615526733933436, 0.23529098555472758, 0.09211128055530379] - [0.0808438978570164, 0.0371439715060063, -0.049430584295464694, -0.06512905416925294] - [-0.04957117576932897, 0.22295855844744625, -0.048287142143636, -0.15557594082389403] - [0.06561244861201054, -0.29627318440443684, 0.1388968788118061, 0.08101240409106315]
B1: 0.009193252339693165 - 0.005491754429698329 - 0.0073590212370836725 - 0.005534599095221279
B2: -0.004402518706095359 - -0.0002866220130009426 - -0.003256427838689655 - -0.006522096674107831
