Number: 3874
Error: 1.1477803290786574e-15
A1: [0.06621314437875103, -0.11395211617879317, -0.023983987553860976, 0.07172283090922603] - [0.03740255595202366, 0.1881933157632626, -0.1474090020045825, -0.07818706540811497] - [-0.06022940863879748, 0.3289507642888288, -0.12775314619691314, -0.140968358526259] - [0.0390460747782276, -0.05332276613768576, -0.037418672007734306, 0.05169503946569459]
A2: [-0.009108571941696007, -0.34680318139020183, 0.24945509420233244, 0.10645668392074627] - [0.08003983528538702, 0.036282267227349015, -0.05025010185660516, -0.06607194900345345] - [-0.042452883268837706, 0.23083182066231028, -0.040531313927327416, -0.14784790954530566] - [0.06813468964109783, -0.2934679503586922, 0.1417711440334062, 0.08356176051408447]
B1: -1.513567620338213e-08 - -2.494159255278443e-08 - 1.2804629657407635e-08 - 3.045370657833207e-08
B2: 3.3098567201175894e-09 - -4.076349920649477e-09 - -5.886711876252664e-08 - 5.231858019560221e-08
