Number: 8554
Error: 1.1407426914352584e-15
A1: [0.08043167019692443, -0.18046782523654245, -0.019588871443689142, 0.11962495725217645] - [0.03741553679504173, 0.1335963430090097, -0.1347262293107125, -0.03628586827206949] - [-0.001702771139397101, 0.22819016437912812, -0.1228283348419132, -0.10365886236384167] - [0.03886323234078341, -0.11448102063482307, -0.0464164434827689, 0.12203422586594743]
A2: [0.03530735080303066, -0.029273568310355488, -0.07569743766938804, 0.06966331118629444] - [0.1028937252935512, 0.2828966756726581, -0.39260642079580627, 0.006815969430303839] - [-0.0111871789179971, 0.5390145112893578, -0.3594510901992965, -0.16837654773307342] - [0.09786272550691405, 0.017463242258408992, -0.1688510808635416, 0.053524800811512604]
B1: 2.784547455311368e-08 - 5.376490825620436e-09 - 2.658524240074109e-08 - 2.6913527770015517e-08
B2: 2.805173848502186e-08 - -4.6172395133131055e-08 - 1.1547215709754076e-08 - 2.2243140198170426e-08
