Number: 8369
Error: 1.1081140680437492e-15
A1: [0.08043165422383848, -0.18046784120786066, -0.01958888739771346, 0.11962494128087302] - [0.03741565347322853, 0.13359645959886116, -0.13472611286508357, -0.03628575165854115] - [-0.0017028201968919134, 0.22819011532269207, -0.12282838382757254, -0.1036589114082376] - [0.038863190933771295, -0.11448106192570719, -0.04641648486342965, 0.12203418448460905]
A2: [0.035307539300701254, -0.029273379291326725, -0.07569725844773993, 0.06966350846912989] - [0.10289370558300345, 0.28289665579482065, -0.3926064398596166, 0.006815948790520833] - [-0.011187100629760905, 0.5390145900444813, -0.35945101609754276, -0.16837646523829955] - [0.09786277358687132, 0.017463290557038897, -0.16885103509440766, 0.053524851279682255]
B1: 3.562389833257961e-08 - 2.2234881477945698e-09 - 2.393144201246713e-09 - -1.4933118476054453e-08
B2: -2.2046642260871868e-08 - 4.2948454823737226e-08 - 5.127270735953723e-09 - -2.5630453892598344e-08
