Number: 6824
Error: 1.2985003533641266e-15
A1: [0.08043167222046142, -0.18046782321325913, -0.019588869422559253, 0.11962495927546762] - [0.037415561460396984, 0.13359636765563276, -0.13472620469473226, -0.03628584362049859] - [-0.0017028567655542237, 0.22819007875481093, -0.12282842034269408, -0.10365894796715307] - [0.038863204495865215, -0.11448104840167092, -0.04641647130996162, 0.12203419803828126]
A2: [0.03530748038770794, -0.029273438367309293, -0.07569731446171026, 0.06966344681054272] - [0.1028937882875095, 0.2828967392012034, -0.39260635986889625, 0.0068160353941708685] - [-0.011187109705210438, 0.539014580914963, -0.35945102468765044, -0.16837647480140205] - [0.09786283222297301, 0.017463349459891073, -0.16885097927658071, 0.05352491282845765]
B1: -5.834247317647875e-09 - 7.42345510656506e-09 - -2.1398626861757485e-08 - -9.031074565130794e-09
B2: 2.1678701020428155e-09 - -5.6910056296271756e-09 - -1.3296796874263476e-08 - -6.373555416504829e-09
