Number: 1585
Error: 4.2938058252997196e-08
A1: [-0.008310809942595244, -0.016126524045293605, 0.0018299381309295876, 0.018300285842995978] - [0.06633254172370581, 0.18940878084334084, -0.1472460102115451, -0.11041213528775173] - [-0.11464479026766082, 0.43976599585004283, -0.07293479117895602, -0.26032987022012305] - [-0.02515390808953539, 0.013588922769140643, -0.03175704094432977, 0.037027444400116606]
A2: [0.13206106955454844, -0.224162397735645, 0.023132457150710353, 0.07062228012189657] - [0.03268275376271077, 0.20378506568828514, -0.11485166817788643, -0.12142158279280561] - [-0.09469296232912752, 0.5554712418635636, -0.23527194099279297, -0.22570495971585774] - [-0.02023788726552826, -0.018696421937631245, 0.008700913613390282, 0.03274511933404112]
B1: -0.0002049103606155016 - -0.00016913982198929435 - -0.00025166853877131356 - -8.881080995874268e-05
B2: 0.0010589368929171086 - -0.0009012878849818517 - -0.000664021845444653 - 0.0004861251789560701
