Number: 7987
Error: 1.109749315441981e-15
A1: [0.08043168811920393, -0.18046780731632886, -0.01958885354283028, 0.11962497517239319] - [0.03741557518449367, 0.13359638136934865, -0.13472619099792105, -0.036285829903981166] - [-0.0017028377914807586, 0.22819009772847618, -0.12282840139639739, -0.10365892899813771] - [0.03886323393385362, -0.11448101904630822, -0.04641644189072916, 0.12203422745797306]
A2: [0.03530747337062314, -0.029273445403790406, -0.0756973211333973, 0.06966343946632733] - [0.10289367544638404, 0.2828966254024088, -0.3926064690073835, 0.006815917233091321] - [-0.011187153274428699, 0.5390145370858513, -0.3594510659269358, -0.1683765207117333] - [0.09786277985654442, 0.01746329685525984, -0.16885102912605474, 0.05352485786077988]
B1: 1.4969354237445666e-08 - -9.254139866694656e-09 - -1.4376776161631466e-08 - 2.1704393439552098e-09
B2: -2.0124433935993365e-08 - 3.6972204125328054e-08 - -4.192643396345414e-09 - -1.491091271358923e-08
