Number: 8618
Error: 1.1223830013297846e-15
A1: [0.08043173455863278, -0.18046776088212352, -0.01958880715894017, 0.11962502160653636] - [0.03741566816327319, 0.13359647427781787, -0.13472609820423326, -0.03628573697660143] - [-0.0017027950115804716, 0.22819014050746297, -0.12282835867914316, -0.10365888622964659] - [0.03886329327508233, -0.11448095987152489, -0.04641638258730148, 0.12203428676237872]
A2: [0.03530735058485405, -0.029273568529134156, -0.07569743787683647, 0.06966331095795619] - [0.10289375533475816, 0.2828967059688136, -0.39260639174030354, 0.006816000887771395] - [-0.011187121299798947, 0.5390145692512013, -0.3594510356622613, -0.16837648701893607] - [0.09786271896059782, 0.017463235682314244, -0.16885108709523092, 0.05352479394003096]
B1: -1.134673795822276e-08 - 1.0711785699182907e-08 - -1.6861152067810477e-08 - 7.173515054480874e-09
B2: 2.8754740851810807e-09 - -1.878572062597275e-08 - 4.694702728272625e-08 - -4.684040531965773e-09
