Number: 8036
Error: 8.664887546317546e-16
A1: [0.08043176147192845, -0.18046773397190752, -0.019588780277810854, 0.11962504851674159] - [0.037415508099115945, 0.1335963143347388, -0.13472625794963394, -0.036285896952199435] - [-0.001702801989685481, 0.2281901335295095, -0.12282836564702022, -0.10365889320589629] - [0.03886329284334112, -0.11448096030213763, -0.046416383018777416, 0.12203428633084909]
A2: [0.0353074528318153, -0.029273465999407222, -0.07569734066146344, 0.06966341797026684] - [0.10289379180776724, 0.28289674275133747, -0.39260635646409353, 0.006816039080336111] - [-0.0111871564848717, 0.5390145338562589, -0.35945106896569856, -0.16837652409468068] - [0.0978628112180286, 0.01746332835938698, -0.16885099927191025, 0.053524890780079416]
B1: 2.0155641645897063e-08 - -8.372532548173951e-09 - -1.3243528520381923e-08 - -4.772306870845681e-09
B2: 2.4789103056168208e-08 - -4.7051742473757056e-08 - 1.4347034582573037e-10 - 1.7550337294618848e-08
