Number: 1433
Error: 1.454768133263444e-10
A1: [-0.007229988635388414, -0.015036628809834316, 0.002953021578205067, 0.019411154868639088] - [0.06677316843616575, 0.18983288896498077, -0.14679047788305824, -0.10992194676200868] - [-0.11263394516265324, 0.44173760253289834, -0.07084013124833075, -0.2581524780002311] - [-0.023506724247423238, 0.015209132630133187, -0.03007494976240145, 0.038766497664058666]
A2: [0.13161263585332034, -0.22460236496779099, 0.022692643476584968, 0.07018647386284207] - [0.03268695287529441, 0.20378929393925924, -0.11484775155775946, -0.12141763488878389] - [-0.09475524612672674, 0.5554095320962262, -0.2353326131300195, -0.22576533838035667] - [-0.020777599560446443, -0.0192266916008621, 0.00816743945461771, 0.03222951540161481]
B1: -7.25718166298744e-06 - -5.115478847461497e-06 - 1.3564640074137977e-05 - 2.833223001806424e-06
B2: 6.6251974616561885e-06 - -2.7323782772227065e-05 - 2.6480018826193314e-05 - -2.6821971451911606e-05
