Number: 7512
Error: 8.535321083925925e-16
A1: [0.08043171308776438, -0.1804677823505929, -0.019588828604127934, 0.1196250001380984] - [0.03741561029550816, 0.13359641645377937, -0.13472615595692394, -0.03628579481244149] - [-0.0017027895810833558, 0.22819014593784678, -0.12282835325659286, -0.10365888080060996] - [0.038863255942853774, -0.11448099709907208, -0.04641641989576522, 0.12203424945328735]
A2: [0.03530741628491355, -0.029273502647390672, -0.07569737540984736, 0.06966337972002823] - [0.10289378557248362, 0.28289673646314223, -0.3926063624948105, 0.006816032551131015] - [-0.011187062020223851, 0.539014628884361, -0.3594509795527476, -0.16837642455409532] - [0.09786285398906193, 0.017463371324987424, -0.16885095855664198, 0.05352493567573124]
B1: -6.6029739372289406e-09 - 1.0391860654650413e-08 - 2.1875993738256875e-08 - 6.0981553101493036e-09
B2: 6.440202312888937e-09 - 4.413479234033533e-09 - 1.1913501254755108e-08 - 2.4276522138828806e-09
