Number: 1951
Error: 7.703908559973804e-06
A1: [-0.011113968088264167, -0.01874223825991891, -0.00114197023576433, 0.015452797656412278] - [0.058544244721311596, 0.1818887521909294, -0.1553360309550354, -0.11917258500910556] - [-0.11845174363086032, 0.43599098864029706, -0.07711497983749968, -0.2644761251021734] - [-0.014661575739720921, 0.02391201036329038, -0.021202896113001683, 0.048108356865649245]
A2: [0.14520187192932282, -0.21167343738704764, 0.035634720643214955, 0.08304021802226473] - [0.03497994456055383, 0.20610511286676883, -0.11257413809372024, -0.11918465050261229] - [-0.0964737417333151, 0.5536160493359074, -0.23713486357296298, -0.22746427935829067] - [-0.013951568292769986, -0.012716132981905284, 0.014744414713135152, 0.038660940725180254]
B1: 0.0033194321642327665 - 0.0026618310769602957 - 0.002952762436090187 - 0.005313687748185506
B2: -0.004547771532653289 - 0.003470411676382684 - 0.0030857696442551123 - 0.003768344978742398
