Number: 8832
Error: 0.00016415486530343683
A1: [0.08490709963922301, -0.17600538041764666, -0.01518159819339486, 0.12410336178022116] - [0.04087802720421693, 0.1370240095625276, -0.13127989720506808, -0.03283437049587986] - [-0.002398717122685928, 0.22746661770796878, -0.12353436212107269, -0.10435168749902424] - [0.042875639199680196, -0.11047380358985147, -0.04250509218334662, 0.12605530079998942]
A2: [0.04272057522951232, -0.021940638268826317, -0.06855892886030489, 0.07741811607369448] - [0.11845803351612144, 0.29855933944800767, -0.3774583166742293, 0.023101927397165326] - [-0.016751421932311474, 0.5332350989996232, -0.36478265466969617, -0.17419599865042065] - [0.1137113170028271, 0.0333123025106646, -0.1536616229329113, 0.07014777826200067]
B1: 0.009807185591090428 - 0.01055769617325313 - 0.016593602012438587 - 0.010733213414720777
B2: -0.0010525169354856593 - -0.0007998754129150982 - 0.0011705885832599718 - -0.00025361609851050175
