Number: 5544
Error: 3.637815676424352e-10
A1: [0.06622267371948666, -0.11394279943710096, -0.023974465396158155, 0.07173234449148679] - [0.037411237880331655, 0.18820161093237037, -0.14740046686113523, -0.07817852954549306] - [-0.06022620966166525, 0.32895383639599335, -0.1277500157523914, -0.1409652448787188] - [0.039035535373144546, -0.05333277020355734, -0.03742886854664946, 0.05168492583097984]
A2: [-0.00911259422031634, -0.3468074484583403, 0.24945103825759143, 0.1064524658407182] - [0.08005120348981289, 0.03629451405324665, -0.05023767731847617, -0.06605941899622096] - [-0.04244124309785759, 0.23084466746646157, -0.040518840883651965, -0.14783503708788936] - [0.06813459787641085, -0.29346805146117116, 0.14177104365773652, 0.08356165665372871]
B1: 2.6522432709551487e-05 - 4.242311459239578e-06 - 1.0663223710250109e-05 - 1.6429076326139085e-05
B2: 9.472736192713812e-07 - -3.588085772814251e-06 - -4.267526069607564e-06 - -1.0728799723438011e-05
