Number: 2140
Error: 0.0005103128405676024
A1: [-0.10597411066138467, -0.18418007604014147, -0.14851943255386044, -0.09987445113497473] - [0.09386456327194977, 0.22056109238934948, -0.12281905077710607, -0.06660351361546962] - [-0.34525919966141316, 0.1661676994638753, -0.3269500310045577, -0.4532707033289621] - [0.14068859956150404, 0.1665633881680193, 0.13288042029075947, 0.13274888213451058]
A2: [0.20973529320849554, -0.10946857737908765, 0.1739878578069206, 0.14158338753536576] - [0.00928447493267121, 0.17333671830081437, -0.11711700623736791, -0.16059466490635216] - [-0.1829330202019542, 0.44886386330942746, -0.32017578991841866, -0.31511202102627583] - [-0.058098609846040095, -0.004029605263355898, -0.019269996468538053, -0.016922158485930677]
B1: -0.02983164192819835 - 0.0063727116165172015 - -0.09737400463828431 - 0.03765254177139234
B2: -0.0641752185462924 - 0.02085772679687891 - 0.034944053725481164 - -0.04495931808370982
