Number: 6007
Error: 2.6415776693454236e-12
A1: [0.08043029727184768, -0.1804691980034762, -0.019590242708648425, 0.11962358449616305] - [0.03741712852366765, 0.13359793350340796, -0.13472464081215255, -0.03628427745564827] - [-0.0016984145775945385, 0.2281945208736087, -0.12282398459291222, -0.10365450693105059] - [0.038863979357478734, -0.1144802756967352, -0.046415696899988916, 0.1220349724409977]
A2: [0.03531060014662713, -0.029270309999125884, -0.0756943482136668, 0.06966671199858268] - [0.10290232071106858, 0.28290534402454975, -0.3925981074222341, 0.006824970098334674] - [-0.011191183852093466, 0.5390104825171235, -0.3594548809836721, -0.16838076788572262] - [0.09786265791919029, 0.017463174385289344, -0.16885114520115835, 0.05352472987350457]
B1: 3.5955564764282107e-06 - -5.5374755747234225e-06 - 1.6029242144541624e-06 - 1.7098415307131056e-06
B2: 5.394480323830814e-07 - 4.720080219910584e-06 - -1.1052826362380873e-06 - 5.197509397376794e-07
