Number: 2210
Error: 0.00018045869426687843
A1: [0.08417522355131675, -0.011312779922779709, 0.022486028460944833, 0.06399100632504143] - [0.049388462384774214, 0.18229992651907376, -0.15942730749522097, -0.10983580009504812] - [-0.18895682802588906, 0.35678772294831407, -0.16507824093591064, -0.2549017544136519] - [0.033536010832880984, 0.039364581357652424, -0.0016090145944308804, -2.9998830729304336e-05]
A2: [0.07837076874586134, -0.21456282321263082, 0.06733633661277214, 0.02814885906976248] - [0.08253292150281703, 0.2484629604942014, -0.05138091147514917, -0.07962554716662318] - [-0.1572958783316932, 0.47396465471011257, -0.262404303502426, -0.2555469975933452] - [-0.17259369012749115, -0.08564699855694079, -0.14935040991616597, -0.06308766102536216]
B1: 0.029764745261144775 - -0.042688046282038976 - 0.002318619782740984 - 0.007312894847051249
B2: 0.006702372644950216 - 0.0145299583464512 - -0.006112990631585893 - -0.005766042455972621
