Number: 4731
Error: 9.922937237491878e-16
A1: [0.06621322313322574, -0.11395203918423956, -0.023983908861213914, 0.07172290953149205] - [0.03740263431220552, 0.18819339063110574, -0.14740892497050764, -0.07818698836724923] - [-0.06022930889984487, 0.32895086008259034, -0.12775304859826242, -0.14096826145231942] - [0.039046292783292955, -0.05332255921540034, -0.037418461095044445, 0.05169524866579578]
A2: [-0.009108867963973147, -0.3468034954231701, 0.24945479578482765, 0.10645637355775701] - [0.08003994795896963, 0.03628238860903271, -0.05024997871081427, -0.06607182481203079] - [-0.042452849833362394, 0.23083185756390778, -0.04053127809633045, -0.14784787256675713] - [0.06813465497555933, -0.2934679885266985, 0.1417711064526045, 0.08356172164794733]
B1: 5.983696296496802e-08 - 2.7201596434391633e-08 - -1.6602979820514956e-08 - -3.5727659633067575e-08
B2: 8.25479725056831e-09 - 8.810227046137036e-09 - -5.139102655337275e-09 - -7.165203019126831e-10
