Number: 6607
Error: 6.155430343877418e-16
A1: [0.08043168175431416, -0.18046781368048692, -0.01958885990010503, 0.11962496880823191] - [0.037415599573013984, 0.13359640573940315, -0.13472616665805434, -0.03628580552899314] - [-0.00170284944284781, 0.22819008607736296, -0.12282841303070989, -0.10365894064640131] - [0.03886324806957612, -0.11448100495024593, -0.046416427764014834, 0.12203424158491123]
A2: [0.03530745327660239, -0.02927346555339935, -0.07569734023860432, 0.06966341843583239] - [0.1028937499617802, 0.28289670055020044, -0.392606396937038, 0.006815995261530934] - [-0.011187078361463938, 0.5390146124456665, -0.359450995020129, -0.1683764417733839] - [0.09786282306290814, 0.01746334025816234, -0.16885098799637482, 0.05352490321337865]
B1: 3.1763678663235396e-09 - 4.714033755659986e-09 - 6.93857813643001e-09 - 4.696227273114305e-09
B2: 5.043219819682505e-09 - 1.4311458872242231e-08 - -1.6468535337157187e-08 - 1.8614613981635738e-08
