Number: 4342
Error: 9.219779379192151e-16
A1: [0.0662131613767528, -0.11395209956065673, -0.02398397056919119, 0.07172284787871218] - [0.03740265698404706, 0.18819341229250167, -0.14740890268234758, -0.07818696607710848] - [-0.06022929730194878, 0.3289508712216865, -0.12775303724926634, -0.1409682501645737] - [0.03904627361330064, -0.05332257741091169, -0.03741847964144646, 0.05169523027001642]
A2: [-0.009108750366928025, -0.3468033706714135, 0.24945491433341244, 0.10645649685161895] - [0.08003982028980443, 0.03628225107282149, -0.05025011824592405, -0.06607196553189834] - [-0.04245282590219065, 0.23083188397576804, -0.04053125245090302, -0.1478478460998089] - [0.06813493678606868, -0.29346767824130765, 0.141771411962389, 0.08356203760923919]
B1: 8.448438773515221e-08 - -5.660869335258067e-09 - -3.352465306661492e-08 - 3.272641141357613e-08
B2: -4.0151711923466055e-09 - 3.282256451991487e-08 - 5.7641433103909615e-09 - 3.659501334074814e-08
