Number: 6747
Error: 7.655932682460071e-16
A1: [0.08043161687279721, -0.18046787855465518, -0.019588924704043588, 0.11962490393412485] - [0.03741554234198064, 0.13359634855168648, -0.13472622377505436, -0.03628586272832433] - [-0.0017028637708300127, 0.22819007174968461, -0.12282842733771276, -0.10365895497055916] - [0.03886318312272313, -0.11448106971483175, -0.0464164926694842, 0.12203417667842306]
A2: [0.03530742402925499, -0.02927349488164147, -0.0756973680466016, 0.06966338782530322] - [0.10289374553306198, 0.28289669608389556, -0.39260640122043716, 0.006815990624016507] - [-0.011187138170519462, 0.5390145522798709, -0.3594510516306791, -0.16837650479629804] - [0.09786278383303268, 0.01746330084984189, -0.168851025340666, 0.05352486203476804]
B1: -1.836399335013459e-08 - -9.814178146690595e-09 - -2.4183380924584165e-08 - -2.1293319963260158e-08
B2: -2.8702049313900908e-08 - -1.3924866651253674e-08 - -1.3166689704625348e-08 - -1.327702682408078e-08
