Number: 5124
Error: 1.0361388423590735e-15
A1: [0.06621318358602185, -0.11395207784769107, -0.023983948377387862, 0.07172287005065987] - [0.037402596307672356, 0.18819335432038178, -0.14740896233184334, -0.07818702573189301] - [-0.06022938186049719, 0.3289507900078014, -0.12775311999324293, -0.14096833246330456] - [0.039046208057914956, -0.05332263963347273, -0.03741854306396792, 0.05169516736241929]
A2: [-0.009108396285721606, -0.3468029950470347, 0.2494552712793854, 0.10645686808616153] - [0.08003980364192977, 0.03628223313835179, -0.050250136440966604, -0.06607198388150666] - [-0.04245294569938077, 0.2308317517605994, -0.040531380829964075, -0.14784797859054655] - [0.06813465606462571, -0.2934679873273919, 0.1417711076333368, 0.08356172286927427]
B1: 6.841950693759416e-09 - -4.018072690266109e-09 - -5.395908013713045e-09 - -2.0720208346366198e-08
B2: 1.3697293203093061e-08 - 1.5473804174856205e-08 - -7.463212574154303e-08 - 1.994150532773875e-08
