Number: 4963
Error: 9.256707924345283e-16
A1: [0.06621316452896263, -0.11395209647887115, -0.023983967419458047, 0.07172285102561456] - [0.03740262799527392, 0.1881933845957205, -0.147408931180523, -0.07818699457781368] - [-0.060229322027996884, 0.3289508474737506, -0.12775306144465673, -0.14096827422963287] - [0.039046191998377514, -0.05332265487663693, -0.0374185586010447, 0.05169515195150267]
A2: [-0.009108523114929089, -0.34680312959272963, 0.24945514342404967, 0.10645673511287149] - [0.08003982965668847, 0.03628226116367123, -0.05025010800835518, -0.0660719552074682] - [-0.04245282000143981, 0.23083189048824024, -0.04053124612725994, -0.1478478395738412] - [0.06813478337212316, -0.2934678471567042, 0.14177124564670654, 0.0835618656039387]
B1: 5.834103935336412e-09 - 9.642545325013918e-09 - 8.134789324436487e-09 - 5.394701258084911e-09
B2: -1.4017812501086487e-08 - 8.87268282061351e-09 - 1.421579800809548e-08 - 9.35442987457297e-09
