Number: 4896
Error: 1.0733693078692207e-15
A1: [0.06621317086854651, -0.11395209028095345, -0.023983961084848845, 0.07172285735456004] - [0.03740257766898357, 0.18819333651235026, -0.14740898065513097, -0.07818704405679563] - [-0.06022946232412601, 0.3289507127269472, -0.127753198730238, -0.14096841077684374] - [0.039046208254986225, -0.05332263944646392, -0.03741854287331017, 0.051695167551532174]
A2: [-0.009108549080154852, -0.3468031571377171, 0.24945511724874983, 0.10645670788979192] - [0.08003987189031382, 0.036282306661349385, -0.05025006184945084, -0.06607190865661937] - [-0.04245282961262508, 0.23083187988076215, -0.040531256426965624, -0.14784785020342955] - [0.06813472213604789, -0.2934679145801319, 0.14177117926103616, 0.08356179694717818]
B1: -1.9901297164720776e-09 - 2.6572797464597288e-08 - -1.0356437232345003e-08 - -2.3733319963208132e-08
B2: -1.9593951006647717e-08 - -1.3367745063655159e-08 - 3.156572573967374e-08 - -1.0474900863456892e-08
