Number: 1478
Error: 2.3528701489223884e-09
A1: [-0.007552911498695752, -0.015362666710154675, 0.0026169605101308492, 0.01907914266378115] - [0.0667425504904234, 0.18980341856616745, -0.146822144637168, -0.10995601422872853] - [-0.11247828004651425, 0.4418902729827346, -0.07067784251355022, -0.2579837653277383] - [-0.023547332832181782, 0.015169143818640244, -0.030116080537472546, 0.03872407178867876]
A2: [0.13161601258842368, -0.22459894665134195, 0.022696175389025172, 0.07018970823560566] - [0.032662508531741276, 0.20376524197332183, -0.11487208176539133, -0.12144156609207143] - [-0.09457371157255383, 0.5555880235263995, -0.2351545219896733, -0.22558752705741453] - [-0.020690539283673846, -0.01914097182920481, 0.008253601973966011, 0.032312828481578314]
B1: -4.6734715191485e-05 - -2.2749604818356922e-05 - 3.755761668672874e-05 - 1.1038448014537414e-05
B2: -0.00012686027589524205 - -4.6669183399880836e-05 - -3.8090541713003444e-05 - 0.00016794144136025705
