Number: 3071
Error: 2.6187616299448698e-06
A1: [0.062375383485934265, -0.04892952497661704, -0.02449478009408454, 0.006796982280200252] - [0.04237809537917907, 0.19003316576268722, -0.1438805063218598, -0.09391736278092848] - [-0.1252571514659372, 0.413064641956194, -0.10666926043967631, -0.18886664306564666] - [0.035496609262309894, 0.017655720746534955, -0.03464614768868131, -0.024566140674874396]
A2: [0.06671611120465279, -0.17042021725444628, 0.08958768324561997, 0.02719007749731204] - [0.030947756020835465, 0.20193426565599004, -0.10006017789519367, -0.12625186668179925] - [-0.08847398588369439, 0.5185266243317023, -0.22065950726841402, -0.19031368468997212] - [-0.019092547471936745, 0.025311117905868007, -0.04345925580964672, 0.063636293970148]
B1: -0.00038655265669456187 - -0.0006391705114556431 - -0.0009320888970835251 - -0.001472738966705929
B2: 0.0005212757792755962 - 8.91409340177487e-05 - 0.0006039868657812684 - 0.0008568931026506298
