Number: 6680
Error: 9.316752994861006e-16
A1: [0.0804316738403824, -0.18046782159352245, -0.01958886780457405, 0.11962496089520405] - [0.03741557029407142, 0.1335963764826213, -0.13472619587865858, -0.03628583479171723] - [-0.0017028408929149431, 0.22819009462711157, -0.12282840449329441, -0.10365893209874963] - [0.03886321605194271, -0.11448103687802431, -0.046416459761247045, 0.12203420958717685]
A2: [0.035307419892273775, -0.029273499030064955, -0.07569737197998944, 0.06966338349550256] - [0.10289374585386674, 0.28289669640742326, -0.3926064009101585, 0.006815990959945463] - [-0.01118716696509246, 0.5390145233135507, -0.35945107888536215, -0.16837653513815232] - [0.0978627708595947, 0.01746328781739215, -0.16885103769053667, 0.053524848416878754]
B1: -1.3545232592291012e-10 - 1.571403132019579e-08 - -1.560064831656691e-08 - -6.199047680617078e-09
B2: 1.5687396525579344e-09 - 3.65327836843831e-09 - 4.3194659531173155e-09 - -2.0265295891433954e-09
