Number: 6916
Error: 1.0636001030799616e-15
A1: [0.08043167629524768, -0.18046781913893462, -0.019588865352643883, 0.11962496334978882] - [0.037415589335002955, 0.1335963955091409, -0.13472617687566565, -0.03628581576133332] - [-0.001702821139030285, 0.22819011438057404, -0.12282838476833266, -0.10365891235013737] - [0.03886322936502287, -0.11448102360230604, -0.046416446456650114, 0.1220342228919825]
A2: [0.03530735009870946, -0.02927356901666922, -0.07569743833882457, 0.06966331044897094] - [0.10289376084555188, 0.2828967115263449, -0.39260638641039736, 0.0068160066584317626] - [-0.011187133333641854, 0.5390145571455949, -0.35945104705247527, -0.16837649969950907] - [0.09786278645952118, 0.017463303488276825, -0.1688510228404235, 0.05352486479172949]
B1: 2.036812940546538e-08 - -1.3208641429700331e-08 - 9.778765311313871e-09 - -4.687666701564775e-10
B2: -8.288964586511857e-10 - 2.8623606983350706e-09 - 6.3620476517550966e-09 - 3.2785051711717393e-09
