Number: 2714
Error: 1.7152777754375413e-09
A1: [0.06352328577082286, -0.047784451226807696, -0.023356326310837342, 0.00794320239798866] - [0.04364056154031199, 0.19125012819123885, -0.1425863531691033, -0.09253557977653913] - [-0.12342128866333336, 0.4148860664212443, -0.10483169052886693, -0.18704497446542934] - [0.03680876517831798, 0.018972654801498987, -0.03332577186375806, -0.02324424419354344]
A2: [0.0632867370430386, -0.1738387699596146, 0.08617340680890914, 0.02380731797472181] - [0.029085039468238708, 0.20009673502075787, -0.1019141929476155, -0.12807359565165743] - [-0.09328435532412138, 0.5138057246663623, -0.22548078554073703, -0.19497619891789625] - [-0.025711555660104638, 0.018735988963816053, -0.05007393982649334, 0.05718734955889676]
B1: 3.580124747145468e-05 - -1.4085643134208322e-06 - -1.9381976327408212e-05 - -1.8033295288911502e-05
B2: 4.089284836387934e-05 - -4.0337886334692195e-05 - -6.092261213890861e-05 - -3.794495803028187e-05
