Number: 4347
Error: 1.2939963183926624e-15
A1: [0.06621326293346781, -0.1139520002734025, -0.02398386909218068, 0.07172294926497257] - [0.037402662320894564, 0.18819341739149684, -0.14740889743581723, -0.0781869608301163] - [-0.06022928223255709, 0.32895088569500747, -0.12775302250324774, -0.14096823549787] - [0.03904605417569765, -0.05332278569283028, -0.03741869194000665, 0.051695019695288995]
A2: [-0.009108554901261232, -0.3468031633129571, 0.24945511138060764, 0.10645670178666104] - [0.08003981621782252, 0.03628224668613126, -0.05025012269636777, -0.06607197002013106] - [-0.04245285345933226, 0.2308318535620089, -0.04053128198221755, -0.14784787657695364] - [0.0681349412805212, -0.2934676732927204, 0.1417714168348079, 0.08356204264834717]
B1: 2.0871206609287926e-08 - -1.2422673691964946e-08 - -3.105586856584804e-08 - 4.7787900460523196e-08
B2: -5.2692578983259746e-08 - 8.6508840980994e-09 - -1.7245914981208988e-08 - 7.646367129895234e-08
