Number: 260
Error: 2.1795629394009647e-08
A1: [-0.013479414354903392, -0.015880019897414208, 0.016621456877986433, 0.007166274320377097] - [0.06513740622940367, 0.18882388398268585, -0.14604397614308903, -0.1107852661987492] - [-0.0970023196804242, 0.4211008575664466, -0.054224186799602205, -0.272861129304147] - [-0.002907208698357207, -0.019743544869843838, -0.005521109890927259, 0.021544809982976715]
A2: [0.16079123746221488, -0.168534510496834, 0.007722808335171676, -0.0031081537152855077] - [0.03595790452963336, 0.20798150549136263, -0.11674007953221706, -0.12533008612487767] - [-0.08642614280398381, 0.5813298367842961, -0.23559786598379473, -0.26014405485203884] - [-0.0041716220409752005, -0.004850097931654175, 0.0007768373799231624, 0.006921075670269059]
B1: 6.735549191065141e-05 - 0.0002251657322607569 - -0.00026425144697373424 - 7.824898533373248e-05
B2: -0.000791971480727848 - 0.0008513893320096393 - 0.00032986220033491835 - -6.305026089013334e-05
