Number: 8649
Error: 7.856908797156419e-16
A1: [0.0804316663124975, -0.18046782912052955, -0.019588875323472553, 0.11962495336819534] - [0.03741557549011538, 0.1335963816747954, -0.1347261906927356, -0.03628582959842846] - [-0.0017028267122692069, 0.22819010880745202, -0.12282839033341872, -0.10365891792187203] - [0.03886320818884416, -0.11448104471898414, -0.046416467619318544, 0.1220342017290209]
A2: [0.03530734371108818, -0.029273575421912734, -0.0756974444123527, 0.0696633037638435] - [0.1028936826305119, 0.28289663264755, -0.39260646205899896, 0.006815924755953001] - [-0.011187203194495779, 0.5390144868680637, -0.35945111317760664, -0.1683765733139742] - [0.09786272180869177, 0.01746323854336462, -0.16885108438403354, 0.05352479692960362]
B1: 1.9290421718025652e-08 - -1.5963430319393658e-11 - 1.8723521545614055e-08 - 1.8700286057947404e-08
B2: 1.3000387289104473e-08 - 2.656328977533808e-08 - 3.9042702821036426e-08 - 1.0479284526605616e-08
