Number: 3535
Error: 3.6861006259579236e-11
A1: [0.06622106215104312, -0.11394437598654333, -0.02397607679432003, 0.07173073597250246] - [0.03739747421223887, 0.1881884598757245, -0.1474139980443034, -0.07819206097943103] - [-0.060230066548405486, 0.32895013437391685, -0.12775378787269423, -0.14096899970260499] - [0.03906255410646409, -0.05330712517238461, -0.037402729278474434, 0.05171085341932718]
A2: [-0.009098579060994158, -0.34679258029189713, 0.24946517020575631, 0.10646716082266174] - [0.08000398683633608, 0.03624364883748144, -0.050289282181308244, -0.06611146206194006] - [-0.04249777985766287, 0.23078227050247105, -0.040579426582991567, -0.1478975645085279] - [0.06817342740646537, -0.2934252991825538, 0.14181314173593626, 0.08360519392709052]
B1: 9.661861508812156e-06 - 1.3876486241144012e-05 - -1.3516352921811083e-05 - 1.4356771779746878e-05
B2: 3.7865194431843927e-06 - 7.66979790846454e-06 - 3.5762424299162836e-06 - 9.912295297948264e-06
