Number: 4989
Error: 8.840128500219808e-16
A1: [0.06621329412163424, -0.11395196978212917, -0.02398383792848564, 0.07172298040079952] - [0.03740264036163261, 0.1881933964109417, -0.1474089190234421, -0.07818698241965767] - [-0.060229347781847874, 0.3289508227385738, -0.12775308664586743, -0.14096829929530086] - [0.03904628362991149, -0.05332256790334939, -0.03741846995053866, 0.05169523988220166]
A2: [-0.009108471810516402, -0.34680307516687386, 0.24945519514355763, 0.10645678890266581] - [0.08003983558352257, 0.03628226754856479, -0.05025010153066751, -0.06607194867477809] - [-0.04245285555001295, 0.23083185125473502, -0.04053128422244066, -0.14784787888911224] - [0.06813476611798765, -0.2934678661542079, 0.14177122694160313, 0.0835618462589285]
B1: -1.9855758257677115e-08 - -5.940490244051553e-09 - 1.150929662252907e-08 - 3.2272196988921134e-09
B2: 2.9674616836663096e-08 - 3.039045566191176e-08 - -4.656817513330925e-08 - -3.679975454692273e-08
