Number: 5560
Error: 4.106352597531977e-10
A1: [0.06625041104861444, -0.11391567282480805, -0.023946742099769443, 0.07176004138178554] - [0.03738926831691286, 0.18818062699813543, -0.14742205941281633, -0.07820012521762183] - [-0.060192218131492274, 0.3289864976438446, -0.12771674220160809, -0.14093215207699408] - [0.03904700609154972, -0.053321872836446293, -0.03741776345723647, 0.05169593973775726]
A2: [-0.009174044300267322, -0.34687263201277074, 0.24938909430437645, 0.10638805153566828] - [0.0800127543503852, 0.03625309566744781, -0.05027970055194455, -0.06610179595740957] - [-0.042567842439441256, 0.230704950487665, -0.040654510721255366, -0.14797504385489382] - [0.06802213612878875, -0.2935918713428169, 0.14164912385511041, 0.08343557410067402]
B1: -3.316278319723521e-05 - -4.057469360404311e-06 - 6.522993663628714e-06 - 2.5338661548048255e-06
B2: 1.663459273919936e-05 - 2.0441608381806057e-05 - 1.2473619574908674e-05 - -6.422817619902833e-06
