Number: 193
Error: 1.5665981617523075e-06
A1: [-0.00567504480198514, -0.007916069827703253, 0.025163041932203492, 0.015475135017532619] - [0.06668143344453202, 0.19031167909153204, -0.14443721965645573, -0.10905700340722921] - [-0.089360390782952, 0.4285608690854303, -0.04592458109695937, -0.2639273494125579] - [0.012583574760845784, -0.005076405319251352, 0.01092502895985343, 0.03927231291239742]
A2: [0.1592815995176829, -0.17004342544217416, 0.006341858115332426, -0.004805121510497654] - [0.04656733525549752, 0.21842651863508197, -0.10616327926884588, -0.1149461332466275] - [-0.0760908873321422, 0.5913797811018008, -0.2255092894864385, -0.25020607328828504] - [0.005153475458341693, 0.004323472038862909, 0.010068465841469924, 0.01582035686663187]
B1: 0.006520894122695022 - -0.001349400497653041 - 0.0012711837232669112 - 0.0006802374945293959
B2: 0.0012044341624893944 - 0.004786023621173468 - -0.0016938663250939952 - 0.0013569088191395552
