Number: 5530
Error: 2.676252255574135e-11
A1: [0.06621441630368329, -0.11395087270107111, -0.02398271663847253, 0.07172410069025381] - [0.037412339521516194, 0.18820266336035749, -0.14739938398297156, -0.07817744654304452] - [-0.06023538690905805, 0.32894502223634753, -0.12775899627562523, -0.14097417711152227] - [0.039025516453335185, -0.05334227965380942, -0.03743856164171978, 0.05167531134845644]
A2: [-0.009108560748687997, -0.3468031693949102, 0.24945510514713506, 0.10645669509453663] - [0.08003897151864736, 0.036281336733434644, -0.05025104598993396, -0.06607290119507123] - [-0.0424566849709298, 0.23082762496937564, -0.04053538819777304, -0.14785211445303745] - [0.06813192669628582, -0.293470992380411, 0.1417681484947087, 0.08355866234822336]
B1: 1.5035768906428295e-06 - 1.836531260488315e-06 - 2.557683445371224e-06 - 2.4885003638614856e-06
B2: -1.070355079082978e-06 - -4.0652216992455325e-06 - -3.296840961162179e-06 - -3.019036137613685e-06
