Number: 7428
Error: 7.422507785410075e-16
A1: [0.08043169645913273, -0.18046779897733847, -0.019588845212874205, 0.1196249835113689] - [0.03741560143580141, 0.1335964076007807, -0.13472616479897548, -0.03628580366723797] - [-0.0017027870777159325, 0.22819014844116162, -0.1228283507568906, -0.1036588782979096] - [0.038863251808609243, -0.1144810012217118, -0.04641642402737315, 0.12203424532161501]
A2: [0.0353072008444974, -0.029273718683677768, -0.07569758024797758, 0.0696631542383985] - [0.10289368263435696, 0.28289663265137777, -0.3926064620552534, 0.006815924759918583] - [-0.011187126006676906, 0.5390145645162614, -0.3594510401173569, -0.16837649197881288] - [0.0978627393755034, 0.017463256190098034, -0.1688510676613989, 0.053524815368881644]
B1: -2.5740927214831996e-08 - 1.7962138377987943e-08 - 5.218874564826129e-08 - 1.9096533767867437e-08
B2: 2.327420641704766e-08 - 1.9698365159895653e-08 - 4.869620663013016e-08 - 2.773980178705645e-08
