Number: 6477
Error: 9.579147769766803e-16
A1: [0.08043169095423325, -0.1804678044816097, -0.019588850711186385, 0.11962497800710029] - [0.03741559385351973, 0.13359640002423737, -0.13472617236615247, -0.036285811245319016] - [-0.0017028150152267071, 0.2281901205042502, -0.12282837865349619, -0.10365890622796832] - [0.03886323397571045, -0.11448101900455923, -0.04641644184889986, 0.1220342274998052]
A2: [0.0353074493606004, -0.02927346948023283, -0.07569734396188871, 0.06966341433731099] - [0.10289373939698321, 0.2828966898957386, -0.3926064071551704, 0.00681598419864282] - [-0.011187090606335234, 0.539014600127759, -0.3594510066101632, -0.16837645467623552] - [0.0978628071255402, 0.0174633242483002, -0.16885100316771348, 0.05352488648432596]
B1: -3.4200406636450104e-09 - 1.8689477656832796e-10 - -2.880925329390501e-09 - 2.0507359514627312e-11
B2: -1.0758449466147685e-09 - -2.8911691469162705e-09 - 1.3606931400010124e-09 - -3.575620727603109e-09
