Number: 7914
Error: 8.347398154139273e-16
A1: [0.08043169591271773, -0.18046779952369812, -0.019588845758633545, 0.11962498296501697] - [0.03741563610977289, 0.1335964422485044, -0.1347261301940646, -0.036285769012463776] - [-0.0017028203513159753, 0.22819011516826834, -0.12282838398176706, -0.10365891156262737] - [0.03886325127968744, -0.11448100174915549, -0.0464164245559529, 0.12203424479302373]
A2: [0.03530729896569204, -0.029273620291078602, -0.07569748695561251, 0.06966325693289718] - [0.10289362293817286, 0.2828965724485697, -0.392606519792667, 0.006815862249368989] - [-0.011187094871305417, 0.5390145958373269, -0.3594510106470237, -0.16837645917041483] - [0.09786271450738233, 0.017463231208865747, -0.16885109133429999, 0.053524789265521705]
B1: -4.962837224743671e-09 - 1.785084971652188e-08 - 2.015248460021342e-08 - 1.7528061434811505e-08
B2: 1.7916366245925168e-08 - -6.004519814096307e-09 - 2.951415366135957e-08 - 1.3126616871479581e-08
