Number: 6044
Error: 1.8036947226424847e-13
A1: [0.08043356689496842, -0.18046592875412124, -0.019586977014405555, 0.11962685373276812] - [0.037417984476871814, 0.13359878883525772, -0.1347237865106461, -0.03628342194931186] - [-0.001701143078478198, 0.22819179240894005, -0.12282670916138685, -0.10365723473531634] - [0.03886533567841091, -0.11447892319881145, -0.04641434148453359, 0.12203632789665966]
A2: [0.035304696858612684, -0.029276229597332715, -0.07569996099966395, 0.06966053354506077] - [0.10289240219934281, 0.28289534134882655, -0.3926077004747728, 0.0068145839565728035] - [-0.01118599874772772, 0.539015698501253, -0.35944997314195, -0.16837530414513277] - [0.09786351275174568, 0.01746403308516232, -0.16885033145628847, 0.0535256271635484]
B1: -7.459418833449821e-07 - 2.7604110700085944e-07 - 6.339913786366054e-07 - 2.419492851997308e-07
B2: -9.445369322802642e-07 - -1.3994782736131025e-06 - 2.4021057827691926e-06 - -5.7740932535135814e-08
