Number: 2134
Error: 0.0010300038750241287
A1: [-0.07168778537858457, -0.13899397933651866, -0.13667266910091275, -0.05086824183383323] - [0.13372645236671307, 0.2602961608631084, -0.07762110454215389, -0.021792264275251695] - [-0.19991153191279826, 0.31006507563169294, -0.19510778903921946, -0.2945949300620002] - [0.20891797774735632, 0.24262774476200394, 0.22343050375590412, 0.19876692742279478]
A2: [0.10292741395078658, -0.23734338365827995, 0.048191493572914565, 0.009471419213714064] - [-0.018931797715628477, 0.1434091819724921, -0.14717863299474848, -0.1903385355749674] - [-0.20014997594935321, 0.38168081999297027, -0.36385901247980973, -0.4000250562148123] - [-0.1163508801098847, -0.060187211133528276, -0.08434801847983014, -0.06173293398141309]
B1: -0.03675050758795559 - -0.012404395730944054 - -0.08167854327336414 - 0.03465149068851942
B2: -0.07055339419342536 - 0.031053775650464216 - 0.010314713758035412 - -0.00582576842790615
