Number: 5485
Error: 7.051776518062121e-14
A1: [0.06621273017884223, -0.1139525211240615, -0.023984401429966842, 0.07172241740346769] - [0.03740260875660775, 0.18819336621446225, -0.1474089500929851, -0.07818701349168462] - [-0.06022873750086248, 0.3289514088773555, -0.1277524894613428, -0.14096770532208003] - [0.03904493365074112, -0.0533238492613133, -0.03741977602633859, 0.051693944411205936]
A2: [-0.0091076459579224, -0.3468021990680356, 0.24945602767769529, 0.10645765475537963] - [0.0800417620850923, 0.036284342939364514, -0.05024799597551585, -0.06606982524486668] - [-0.04245292004696129, 0.23083178007029675, -0.04053135334051003, -0.14784795021547498] - [0.06813472122603186, -0.2934679155841755, 0.14177117827338392, 0.08356179593171925]
B1: -5.832697713268068e-08 - 6.362977181847304e-07 - 6.290878789138983e-08 - 7.188325004880476e-08
B2: 3.617482885505579e-07 - 1.013381084057861e-07 - 2.93723987642887e-07 - -2.69786427172666e-07
