Number: 501
Error: 5.446425337716422e-14
A1: [-0.012152955066978024, -0.014516719446313173, 0.018087768358522213, 0.00858356621733649] - [0.06583585264830247, 0.1894958546435844, -0.14532193210236408, -0.1100078735347521] - [-0.09629232660309739, 0.42178681229938136, -0.0534565221966404, -0.27203486342374655] - [-0.0013211598051103349, -0.01821891744479008, -0.003834748329654514, 0.023377137089544524]
A2: [0.16158613154627774, -0.1677553514251337, 0.008500756526629669, -0.0023336439143397574] - [0.03548554827075666, 0.20751654933594602, -0.11721059873623357, -0.12579220099283134] - [-0.0862125515664071, 0.581539094527643, -0.23538776029702152, -0.2599345997323165] - [-0.0038349206342275797, -0.004519243917466484, 0.0011103030703905196, 0.007243437414969636]
B1: 7.703517921370725e-08 - -3.4375559210469587e-09 - 7.170689547472229e-07 - 3.0797935455502657e-07
B2: 8.858347353311212e-07 - 3.244613619939708e-07 - -3.427310361176718e-07 - -4.1467581902536904e-07
