Number: 6650
Error: 1.1501079485103589e-15
A1: [0.08043167424683816, -0.1804678211871127, -0.019588867398604298, 0.11962496130161338] - [0.037415616546713534, 0.13359642270025626, -0.13472614971817506, -0.03628578856469595] - [-0.0017029222820743135, 0.22819001323968924, -0.12282848576328882, -0.10365901346618872] - [0.03886328381761483, -0.1144809693025295, -0.0464163920387548, 0.12203427731073216]
A2: [0.035307431397463916, -0.029273487493052922, -0.07569736104100433, 0.06966339553693492] - [0.1028937524895759, 0.2828967030994499, -0.3926063944921874, 0.006815997908502871] - [-0.011187135662676682, 0.5390145548026745, -0.35945104925695676, -0.16837650215369096] - [0.09786278625189128, 0.017463303279703902, -0.16885102303807117, 0.05352486457378441]
B1: -1.13867191675417e-09 - 2.4923375844948594e-09 - -1.1281431342631842e-08 - -4.652818449378497e-09
B2: -2.266301429280477e-09 - 2.4981140469706595e-08 - -7.35172685771608e-08 - 3.957130071138361e-08
