Number: 5182
Error: 8.46128913925463e-16
A1: [0.0662131492145316, -0.11395211145109846, -0.023983982721894753, 0.07172283573685768] - [0.03740253382774687, 0.1881932946250325, -0.14740902375440695, -0.07818708715989035] - [-0.060229370391650515, 0.3289508010229267, -0.12775310877054624, -0.14096832130092765] - [0.039046137783439995, -0.053322706335418774, -0.03741861105221916, 0.051695099926192443]
A2: [-0.009108646576111983, -0.34680326056535876, 0.24945501896379932, 0.10645660567089847] - [0.08003984914485535, 0.03628228215798849, -0.05025008670888908, -0.06607193372718641] - [-0.042452785050028974, 0.230831929062625, -0.04053120867210082, -0.14784780091900845] - [0.0681347839230046, -0.293467846550197, 0.14177124624377171, 0.08356186622160242]
B1: 2.51866404836844e-08 - -1.8028892197408292e-08 - -1.7788455337641302e-08 - -9.39381942606765e-09
B2: 4.606389151801845e-09 - -4.331337875455311e-09 - -7.732032428530197e-09 - 8.735082451162194e-09
