Number: 5708
Error: 0.014998882058962234
A1: [-0.03142146238075616, -0.23576785930274335, -0.13300004624108464, 0.008035275814150394] - [0.00046313787392832095, 0.129298012517979, -0.1847226404861791, -0.0798751759839336] - [0.05897425921050721, 0.3779927890821439, -0.04843511889395585, -0.032460656897986384] - [-0.5911239589410748, -0.6527115666976379, -0.6570184988827562, -0.4967008220889928]
A2: [-0.7019337113478601, -0.8446771983342639, -0.518299143143885, -0.925548055322275] - [-0.41341485905246966, -0.3032046439023532, -0.574073683191278, -0.9106814388204114] - [-0.7952666375840417, -0.32823707655312184, -0.8444963781050001, -1.2516908325036713] - [-0.6163973412369792, -0.7750488091064959, -0.5762222723318531, -0.9613817015820532]
B1: -0.4083554637211119 - -0.5678455372897921 - -0.4422512709002978 - -0.44595916877176445
B2: -0.3510385792228771 - -0.23648370235702645 - -0.5304674147379056 - -0.37361242435019615
