Number: 7317
Error: 9.07218896739216e-16
A1: [0.08043168316623424, -0.18046781226872727, -0.01958885848987121, 0.11962497021999091] - [0.03741558852423099, 0.13359639469898454, -0.13472617768481773, -0.03628581657165443] - [-0.0017028255266395265, 0.2281901099930605, -0.12282838914951374, -0.103658916736572] - [0.038863232652100226, -0.11448102032445667, -0.046416443171670624, 0.1220342261770149]
A2: [0.035307471345500344, -0.029273447434525778, -0.07569732305891456, 0.06966343734687083] - [0.10289372221002396, 0.28289667256291867, -0.3926064237781735, 0.006815966201402268] - [-0.011187140882886614, 0.5390145495513181, -0.3594510541980191, -0.1683765076543938] - [0.09786282455666094, 0.01746334175870636, -0.16885098657440734, 0.05352490478131504]
B1: 1.7210503082741234e-08 - -7.832599707609566e-09 - -1.1074970442001314e-08 - -2.2592056578371483e-09
B2: -2.2530199423285464e-10 - 1.7797235017982104e-09 - -2.728488698960425e-09 - 9.086200124875403e-10
