Number: 1942
Error: 2.3460625715724035e-05
A1: [-0.012686525914633894, -0.020386113586716374, -0.00276954080314618, 0.013741893787673157] - [0.0684292082008466, 0.1914030088521319, -0.14508128518174795, -0.1081700209056932] - [-0.11655700516547345, 0.43778143568613376, -0.07523404638331425, -0.26256510062893823] - [-0.029038100829183823, 0.009724333582448725, -0.036048321737654446, 0.03280045300424595]
A2: [0.128880765044503, -0.22761202950842846, 0.019719840088062105, 0.06727085212325103] - [0.03409496430735115, 0.20522268088193676, -0.11344422826671659, -0.12003759217497965] - [-0.09096280562750314, 0.558991164614843, -0.23164116426296455, -0.22198867169095582] - [-0.021509625122316484, -0.02022191345963039, 0.007279681488494697, 0.031388360809570436]
B1: -0.001672946584316959 - -0.0027037539978549815 - -0.0014113002916965366 - -0.0026534859824404403
B2: 0.002683739379875624 - 0.0038789253865976914 - 0.002201796117749631 - 0.0021028943799699827
