Number: 3802
Error: 1.1642902038361594e-15
A1: [0.06621319164046965, -0.11395206997322606, -0.023983940329233993, 0.07172287809162546] - [0.0374026505433946, 0.1881934061388832, -0.14740890901401935, -0.07818697240932641] - [-0.06022941040137936, 0.3289507625959854, -0.1277531479216683, -0.14096836024173495] - [0.03904625458797836, -0.05332259546911996, -0.03741849804784928, 0.051695212013055276]
A2: [-0.00910861316355347, -0.3468032251201757, 0.24945505264694612, 0.10645664070185759] - [0.08003981723976031, 0.03628224778703443, -0.05025012157946257, -0.06607196889376807] - [-0.042452827797958864, 0.2308318818834629, -0.04053125448251514, -0.14784784819654379] - [0.06813476830652639, -0.2934678637445497, 0.14177122931438216, 0.08356184871267074]
B1: -7.031175646110616e-09 - 2.687306238257449e-08 - -1.0678984584367019e-08 - 1.0031370001875332e-08
B2: 2.1248651007410696e-08 - 1.7216903206545014e-08 - 5.2024566318937625e-09 - -1.7008723073879423e-08
