Number: 3937
Error: 9.775171488760494e-16
A1: [0.06621319019958202, -0.11395207138191135, -0.023983941768984725, 0.07172287665316181] - [0.037402594758889636, 0.18819335284058408, -0.14740896385445648, -0.07818702725461486] - [-0.0602294590141966, 0.32895071590603736, -0.12775319549129296, -0.14096840755552284] - [0.03904621802833302, -0.053322630170124174, -0.037418533418070374, 0.051695176930037785]
A2: [-0.009108527184668841, -0.34680313390997386, 0.24945513932149924, 0.10645673084606153] - [0.08003982529464146, 0.03628225646445003, -0.05025011277592515, -0.06607196001549369] - [-0.042452861890769175, 0.2308318442564843, -0.04053129101773503, -0.1478478859019551] - [0.06813459248647455, -0.2934680573302363, 0.1417710387083616, 0.08356165158571652]
B1: 1.5046045037568478e-08 - -3.4080669597208034e-08 - 3.4692397866785e-08 - 1.811169610472623e-08
B2: -7.289772930529123e-10 - -3.994633839674265e-09 - 3.452738130560539e-08 - -9.838965992082042e-09
