Number: 3889
Error: 8.807661413783774e-16
A1: [0.06621316458585821, -0.11395209642325078, -0.023983967362612237, 0.07172285108241974] - [0.037402573553593624, 0.18819333258036527, -0.147408984700891, -0.07818704810289333] - [-0.06022932065224595, 0.3289508487950259, -0.12775306009848336, -0.14096827289091937] - [0.03904606322742744, -0.053322777101264617, -0.037418683182744404, 0.05169502838142491]
A2: [-0.00910867188922308, -0.3468032874189644, 0.2494549934461149, 0.10645657913117532] - [0.08003978147055224, 0.036282209253340005, -0.05025016067317596, -0.06607200831944932] - [-0.04245280529116711, 0.23083190672336865, -0.04053123036333279, -0.14784782330488264] - [0.06813487632311173, -0.2934677448134951, 0.14177134641485242, 0.08356196981931294]
B1: 5.747732967735013e-09 - 2.4834179071874657e-09 - -2.6064200225940776e-08 - -2.0498849484619795e-08
B2: -1.68894074005414e-08 - -2.1719695876303667e-08 - -4.468948504587263e-08 - 2.5424481181787482e-08
