Number: 1023
Error: 0.00023075602176351567
A1: [0.057091903691254664, 0.04851811024747494, 0.08061204938109841, 0.08132534011065379] - [0.08006885648014352, 0.20248973450987326, -0.13224800772466902, -0.09485289976095247] - [-0.14860170994618058, 0.37232498887333393, -0.12602218072739552, -0.32899726610435276] - [-0.042221256496488085, -0.04619422548878799, -0.06230341947482272, -0.012440343479857077]
A2: [0.20964439160854662, -0.13862980467405872, 0.05952455249341296, 0.07278413350990634] - [0.06847312671903716, 0.23829482778203623, -0.08241912932974045, -0.08913294007127213] - [-0.13177945527132623, 0.5307883944089838, -0.27065740055899246, -0.2917646106122768] - [-0.0007963648602010483, -0.0033837482052001735, 0.011145423083200847, 0.024099234784468595]
B1: 0.025321434001892074 - -0.022566451548565528 - -0.018815817234752036 - 0.001607073784173704
B2: -0.04933350299193126 - 0.008825419308420342 - -0.02446697989799393 - 0.04444308056888713
