Number: 7997
Error: 5.757234090334322e-16
A1: [0.08043171312755917, -0.18046778231080343, -0.0195888285643751, 0.11962500017789367] - [0.037415548360162025, 0.133596354565315, -0.1347262177688085, -0.03628585671345609] - [-0.0017028232441955097, 0.22819011227545194, -0.12282838687041098, -0.10365891445473441] - [0.038863255070219024, -0.11448099796925677, -0.04641642076783004, 0.12203424858120328]
A2: [0.03530743593954178, -0.029273482938397283, -0.07569735672244648, 0.06966340029069767] - [0.10289368508939514, 0.28289663512725954, -0.39260645968078267, 0.006815927330722873] - [-0.011187119744671882, 0.539014570815592, -0.35945103419024266, -0.16837648538031272] - [0.09786277027106637, 0.017463287226181963, -0.168851038250822, 0.05352484779916276]
B1: -1.1950625333299005e-09 - 8.436449576398987e-09 - -1.8121101866681364e-09 - 6.580183982966904e-09
B2: 3.347758220825533e-09 - 1.680809295098015e-08 - 1.1040052397232767e-08 - 4.3993220760613686e-09
