Number: 2943
Error: 2.440903229664069e-08
A1: [0.06415323222464954, -0.04715476059591587, -0.02273057120199954, 0.008568569530652475] - [0.04444987105465022, 0.19203215306795518, -0.14175247635775257, -0.09164387993615056] - [-0.1234638375411178, 0.4148429061667619, -0.10487853682662052, -0.18709168704879764] - [0.03675817380677216, 0.018922001652975202, -0.03337897449362593, -0.02329651897310981]
A2: [0.06432418034940172, -0.17280909220251842, 0.08720061850744919, 0.024825783395573193] - [0.029391698322160074, 0.2003986312211045, -0.10160916554776281, -0.12777395315935275] - [-0.0929664460519492, 0.514116430916802, -0.22516108288587025, -0.19466811025488226] - [-0.02597233041603854, 0.0184739263466847, -0.05033216652079019, 0.05693490625886573]
B1: -0.00025683415894349395 - -0.00016055181965498347 - -0.00021379824055719183 - 4.7713780632878924e-05
B2: -6.90915557074115e-05 - -0.00014763623100451915 - -0.00023439504942494806 - -4.931959533925778e-05
