Number: 6991
Error: 9.757544801585312e-16
A1: [0.08043169133843077, -0.18046780409745491, -0.019588850327444774, 0.1196249783912549] - [0.037415589834977336, 0.13359639600873732, -0.1347261763766859, -0.03628581526163538] - [-0.0017028119450830529, 0.22819012357432517, -0.12282837558784719, -0.10365890315864391] - [0.038863220979009794, -0.11448103196478465, -0.04641645483732058, 0.12203421451118124]
A2: [0.035307409951601934, -0.029273508998229426, -0.07569738143145589, 0.06966337309151699] - [0.10289373104234173, 0.28289668147019503, -0.39260641523567175, 0.0068159754501207325] - [-0.011187041678505896, 0.5390146493474082, -0.359450960298893, -0.16837640311930283] - [0.09786279808607494, 0.017463315167716577, -0.168851011772696, 0.05352487699582666]
B1: -1.2300573323298902e-08 - -1.2825053548207568e-08 - 2.022025263143699e-08 - -3.298324797781896e-09
B2: 2.2757643893469503e-09 - -2.646313694251976e-09 - 2.390679305244221e-09 - -8.67202467957463e-09
