Number: 6188
Error: 9.153106989198575e-16
A1: [0.08043162815739172, -0.1804678672713352, -0.01958891343293971, 0.11962491521743367] - [0.03741553070440997, 0.1335963369229265, -0.1347262353894354, -0.036285874359444706] - [-0.0017028132615489625, 0.2281901222578933, -0.12282837690238711, -0.10365890447475624] - [0.03886322838936619, -0.11448102457522277, -0.046416447431685534, 0.12203422191693553]
A2: [0.035307428987565, -0.02927348990961974, -0.07569736333229582, 0.06966339301470913] - [0.10289372283501592, 0.2828966731932072, -0.3926064231736843, 0.006815966855831446] - [-0.011187074025753932, 0.53901461680724, -0.3594509909162932, -0.16837643720469334] - [0.0978627905128078, 0.017463307560000987, -0.16885101898194885, 0.05352486904635232]
B1: -1.496730911027552e-08 - -2.8321804093337164e-09 - -1.0273408861751637e-08 - -4.0868866485185765e-09
B2: -2.7426380281653598e-08 - -3.577555849101386e-08 - 1.9252512746236867e-08 - 7.376414631628316e-09
