Number: 7975
Error: 1.1025178629790792e-15
A1: [0.08043169229652854, -0.18046780313947747, -0.019588849370500715, 0.11962497934924059] - [0.037415523439406156, 0.13359632966342305, -0.13472624263990876, -0.03628588162040645] - [-0.0017028271847032326, 0.2281901083350278, -0.12282839080514918, -0.10365891839419057] - [0.038863232145934686, -0.1144810208292099, -0.04641644367750933, 0.12203422567116506]
A2: [0.035307451107416, -0.029273467728572, -0.07569734230100224, 0.06966341616549976] - [0.10289374230993936, 0.2828966928334273, -0.3926064043377823, 0.0068159872489346966] - [-0.011187120203237859, 0.5390145703542916, -0.3594510346242872, -0.16837648586351808] - [0.09786280450257233, 0.017463321613390297, -0.16885100566459965, 0.05352488373104951]
B1: 1.3781239526200568e-09 - -1.7629106316936256e-08 - -1.4013308255026076e-08 - -9.717872748450017e-09
B2: -8.655175540664624e-09 - -7.649339324019097e-09 - 5.839065559254787e-09 - -8.9256449293652e-09
