Number: 1415
Error: 5.427197753703053e-10
A1: [-0.007263614819584775, -0.015070536323495367, 0.0029180662426224377, 0.019376642498697076] - [0.06686943280120675, 0.18992551535890226, -0.1466909843497813, -0.10981483967173451] - [-0.11275972057870075, 0.44161432802706324, -0.07097118660066573, -0.2582886515269909] - [-0.023596795105459326, 0.01512063946598009, -0.03016686846791445, 0.03867141530986193]
A2: [0.1317006422259398, -0.22451577870577188, 0.022779191735998836, 0.07027249730439698] - [0.032705392332491985, 0.2038074428745078, -0.11482938954229488, -0.12139959541287904] - [-0.0943299861666523, 0.5558281407675857, -0.234914600532603, -0.22534737798283128] - [-0.021180509330158293, -0.019624028494267125, 0.007767806958872918, 0.031842352177916394]
B1: 9.421432382978126e-05 - -8.149468238716784e-05 - 4.7597749149668e-05 - 3.069308409047826e-05
B2: -1.6817515090038624e-06 - -8.223281156167045e-07 - 3.798365625906893e-05 - 1.2806111381552699e-05
