Number: 9905
Error: 1.817959951178854e-15
A1: [0.05317246456192622, -0.148001356585566, -0.026999132804705343, 0.12182773636247184] - [0.005313654321484187, 0.1308366287044521, -0.11360080925780343, -0.022549828963961877] - [-0.01444456381860663, 0.22309153355559042, -0.12704126676977118, -0.08160602027209833] - [0.02714622082000612, -0.1000202773135325, -0.049424748179975414, 0.12229788052003729]
A2: [0.08925421193927419, -0.07291361909422554, -0.12362766454372236, 0.10728613063416839] - [0.10884164131182218, 0.2498140936086896, -0.40484537528758363, 0.04618939112899558] - [0.036635787265657235, 0.46255497550647606, -0.37771759120503434, -0.12147341367586] - [0.14342629108639546, -0.04460676490647821, -0.20149967424034926, 0.10267971827175187]
B1: -7.095708292683758e-08 - -1.7875504990561835e-08 - -1.2789880268507825e-08 - -3.026798882471304e-08
B2: -1.9057249105926526e-09 - 6.6569211758269066e-09 - -2.1869434166282823e-08 - -5.8532295852764147e-08
