Number: 3503
Error: 2.017160195900825e-10
A1: [0.0661934445912722, -0.11397137709998945, -0.02400367459740192, 0.07170316507499717] - [0.03741470020022676, 0.18820491714997947, -0.14739706015132548, -0.07817512617903627] - [-0.06018801838780673, 0.328990523432897, -0.12771264108475464, -0.14092807701743434] - [0.039103305871741906, -0.053268449259853315, -0.03736330317863278, 0.0517499605832553]
A2: [-0.00915081916735278, -0.3468480006553, 0.24941251142804777, 0.10641238969570432] - [0.08000532113479189, 0.036245085664809676, -0.050287826992169625, -0.06610999122382774] - [-0.04244508436021047, 0.23084042250302636, -0.040522953083772094, -0.14783928618653325] - [0.06809041122635003, -0.29351670416877634, 0.14172314866708105, 0.08351211532787456]
B1: -6.200669975176884e-06 - -2.2338780083881377e-05 - 2.5489164000421654e-05 - -1.6229086266357976e-05
B2: -7.152539663231869e-06 - -1.1579577680341799e-05 - 1.2892863554747526e-05 - 1.3940568195368855e-05
