Number: 1798
Error: 1.714975292386272e-07
A1: [-0.01076766414974433, -0.018606164557588543, -0.0006906216981701238, 0.015751903578795214] - [0.06693488689769463, 0.18999464547260184, -0.14662593366757534, -0.10974091434283273] - [-0.11331038433550553, 0.44109606897234693, -0.07159028865293922, -0.2588776972051364] - [-0.02276362128781895, 0.015975683904580668, -0.02938113136365899, 0.03955995660593438]
A2: [0.13119781126340252, -0.22502499636291862, 0.02230361182440724, 0.06979645865757651] - [0.03251200140242028, 0.20362365483006598, -0.11502216996931193, -0.12158561643110419] - [-0.09392544711707548, 0.5562563477203936, -0.23443335343895083, -0.2248390848426915] - [-0.022302315953517136, -0.020762469969749064, 0.006649980815315301, 0.030752089754163745]
B1: -5.590281108135854e-05 - 6.288135696042301e-05 - -4.506637691924562e-06 - -0.0003671205773881462
B2: 0.00024593267828107874 - 4.271510970103009e-05 - 0.000464909748996435 - 0.000139795978768781
