Number: 7853
Error: 6.59355098470446e-16
A1: [0.08043166240605833, -0.1804678330265612, -0.019588879225223413, 0.11962494946218716] - [0.03741565429056413, 0.13359646041553006, -0.1347261120495228, -0.03628575084175465] - [-0.0017028311725381764, 0.22819010434727657, -0.12282839478714576, -0.10365892238096193] - [0.03886320929927593, -0.11448104361175489, -0.04641646650961242, 0.12203420283870418]
A2: [0.035307417072297724, -0.029273501857815343, -0.07569737466121235, 0.06966338054411539] - [0.10289373835939253, 0.2828966888493649, -0.3926064081587037, 0.006815983112146774] - [-0.011187024775600407, 0.5390146663511243, -0.359450944299822, -0.16837638530822022] - [0.09786282663791016, 0.017463343849430258, -0.1688509845931657, 0.053524906965927155]
B1: -3.981821883955537e-08 - -2.1006000111070785e-08 - 1.2968233917926814e-09 - -1.6105432234583955e-08
B2: -3.1272605736746936e-08 - -2.1919624471796097e-09 - -1.3534049709182709e-08 - -3.6031321569374574e-08
