Number: 1040
Error: 0.0002078279912898251
A1: [0.02013442862892468, 0.006702061706183956, 0.03124204269110324, 0.04052347007344465] - [0.06033064831179276, 0.18369331575907705, -0.15366767632052106, -0.11712899554465427] - [-0.1462437840441522, 0.3937347858789821, -0.11425648126344502, -0.30995280562501387] - [-0.01843649763114226, 0.00871532910011556, -0.02307215545963419, 0.03362704538632459]
A2: [0.05514602393907809, -0.29029196472939683, -0.06282986097461084, -0.016955032993824427] - [0.03133694586894852, 0.20240957705063492, -0.11617219858156247, -0.12399585395073236] - [-0.146707574210687, 0.5154803542729709, -0.27840195979170784, -0.28784510696475313] - [-0.03280357488387077, -0.03154325757197529, -0.0072785914960626676, 0.01609533655048208]
B1: 0.017805273131925127 - 0.013404195720539896 - 0.03194109024676904 - 0.002337156634241628
B2: 0.01837112750415261 - 0.0036158768401793927 - 0.018183835031984466 - 0.030837901984639128
