Number: 8694
Error: 3.186996259806825e-14
A1: [0.08043147388522341, -0.18046802152595484, -0.01958906752063334, 0.11962476096290829] - [0.037415532026049206, 0.13359633824361675, -0.13472623407019052, -0.036285873038427875] - [-0.0017028757492308303, 0.22819005977154705, -0.12282843929857701, -0.1036589669457533] - [0.038863012419908194, -0.11448123993846761, -0.046416663263475724, 0.12203400608176773]
A2: [0.03530802674029702, -0.02927289050361069, -0.0756967949947871, 0.06966401862590908] - [0.1028937983137199, 0.2828967493124749, -0.3926063501715973, 0.006816045892952236] - [-0.011186823933599698, 0.539014868390959, -0.3594507541977523, -0.1683761736747651] - [0.09786314550287886, 0.017463664164700573, -0.16885068105340353, 0.053525241669297244]
B1: 1.356849160115579e-07 - 1.064203413225955e-08 - 7.199124325262111e-08 - 7.228419170365648e-08
B2: -4.8907557391826494e-08 - -6.234221057349852e-08 - -1.8088798949375148e-07 - -4.0485250301527055e-08
