Number: 8020
Error: 1.228210940719206e-15
A1: [0.08043175611052104, -0.18046773933270874, -0.01958878563280652, 0.11962504315594655] - [0.037415543533802276, 0.13359634974260834, -0.1347262225855527, -0.036285861537141514] - [-0.0017027887982590212, 0.2281901467206548, -0.12282835247490778, -0.1036588800179902] - [0.03886329710321343, -0.1144809560542209, -0.046416378761618325, 0.12203429058807395]
A2: [0.035307430186617306, -0.029273488707234063, -0.07569736219226242, 0.06966339426964695] - [0.10289369586691663, 0.2828966459962487, -0.39260644925689764, 0.006815938616351272] - [-0.011187117656022809, 0.5390145729166971, -0.3594510322132894, -0.1683764831794329] - [0.09786277353613336, 0.017463290506097632, -0.16885103514268637, 0.0535248512264153]
B1: 2.517742201013434e-09 - 1.8487738237124487e-08 - 7.86377415030217e-10 - 7.975832177209987e-09
B2: 4.860489625928416e-08 - -6.85735526527659e-08 - 6.163035357240435e-09 - 3.743838031800151e-08
