Number: 3654
Error: 1.1033376251291356e-13
A1: [0.0662104586091366, -0.11395474192562155, -0.02398667121448287, 0.07172014964662861] - [0.037402672978199866, 0.1881934275726446, -0.1474088869591819, -0.078186950352272] - [-0.06022927663189488, 0.3289508910769815, -0.12775301701973166, -0.14096823004590306] - [0.039048066674983194, -0.053320875510209066, -0.03741674491764194, 0.05169695091105398]
A2: [-0.009109721919022299, -0.3468044013466544, 0.24945393491485016, 0.10645547821735941] - [0.08004031086873306, 0.03628277956908951, -0.05024958206960632, -0.06607142479825137] - [-0.04245282948861728, 0.2308318800157077, -0.04053125629538725, -0.1478478500656088] - [0.06813358814736717, -0.29346916316045923, 0.14176994990143035, 0.08356052552200627]
B1: 1.9284888289832635e-07 - -6.915375257394381e-07 - -3.981987727078025e-07 - 1.414131412062721e-07
B2: -3.0859230112698455e-07 - 1.032540011313184e-06 - 1.8662785760457528e-07 - -1.1291689040995463e-06
