Number: 3458
Error: 4.0984679928465115e-09
A1: [0.06612503792379372, -0.1140383245267187, -0.024072137576714364, 0.0716348335458915] - [0.03692116538826754, 0.1877333932422953, -0.14788213499634079, -0.07866032156382351] - [-0.06026785479940316, 0.32891382861965096, -0.12779072719237541, -0.14100587986371874] - [0.03867665550870238, -0.05367329090603714, -0.03777586509031196, 0.05134060404691577]
A2: [-0.009314632847254685, -0.34702168862650057, 0.24924740355956124, 0.1062408689837909] - [0.07998801804503511, 0.036226438545985055, -0.05030676343166256, -0.06612902708540183] - [-0.04217497379398247, 0.23113834592306426, -0.04023356134999058, -0.14754066975288166] - [0.06803011175671596, -0.29358310371000224, 0.1416578919609605, 0.08344460039977122]
B1: -3.880769070909302e-05 - -6.541033101502093e-05 - -0.00010707489378932779 - -8.07870600977386e-06
B2: -0.0002524123570943924 - 0.00024588464805587674 - -4.165318630160522e-05 - -0.00010657351594555512
