Number: 2434
Error: 2.13393298820113e-06
A1: [0.0700354203588069, -0.04138978620345557, -0.016769072484926345, 0.01447393419425363] - [0.04205797164369486, 0.18965196864241063, -0.14434551961458658, -0.09434441043599456] - [-0.12040625736445133, 0.4180143457155917, -0.10213919878526516, -0.18427772303644924] - [0.043809563405373404, 0.026214417475159856, -0.02623561235882414, -0.016246605604997758]
A2: [0.06989896136952894, -0.1672840818752336, 0.09300676302106127, 0.030519197084499784] - [0.023230299834280706, 0.19432028901205417, -0.10779034670152737, -0.13385518836914506] - [-0.09644573162442478, 0.5111030277355187, -0.22788079042712522, -0.1976353269612671] - [-0.024603512949162853, 0.02004494246277449, -0.04844465200384675, 0.058533024094622396]
B1: -0.003047932611091571 - -0.004109655236889597 - 0.0002542685181709725 - -0.0035599305360546505
B2: -0.002761965755438813 - -0.004469729338619426 - 0.00019631533219953895 - 0.0014645869990318173
