Number: 4292
Error: 1.316345045796284e-15
A1: [0.06621309209361831, -0.11395216729554294, -0.02398403979795966, 0.07172277871184268] - [0.03740258565206692, 0.18819334413963396, -0.14740897280715606, -0.07818703620810974] - [-0.060229540882954354, 0.32895063727556817, -0.1277532756032562, -0.14096848723656105] - [0.03904626330174691, -0.05332258719825417, -0.037418489617518716, 0.051695220374922815]
A2: [-0.009108615043193711, -0.34680322711411893, 0.24945505075208618, 0.10645663873122066] - [0.080039848209968, 0.03628228115082083, -0.05025008773078927, -0.0660719347576765] - [-0.042452781173031175, 0.23083193334159227, -0.04053120451740082, -0.14784779663117048] - [0.0681347130572459, -0.2934679245764042, 0.14177116941883622, 0.08356178676799696]
B1: -3.460120346072627e-08 - 1.3247240823441048e-08 - 1.4262622268866593e-08 - -2.107745163004522e-08
B2: -1.1106016204524369e-08 - 1.1913004854891438e-08 - -4.723676768841051e-08 - 2.9533810099149545e-08
