Number: 2167
Error: 0.0002939813095100087
A1: [0.1173226827173653, 0.032038161651857924, 0.07189371888040688, 0.10909244542696728] - [0.039621124609796485, 0.16737726356800023, -0.177179345195019, -0.12399298198307473] - [-0.16188033995069906, 0.367551857469265, -0.13605674685659266, -0.270043696723841] - [-0.013216115851174996, 0.006437463374217727, -0.03395772045645366, -0.0325560198410952]
A2: [0.22786790575110233, -0.09771722453671422, 0.18790863350175888, 0.16951949233506117] - [0.01934993772594296, 0.1883638201533172, -0.10961505656670877, -0.14123135573083032] - [-0.1076691478715228, 0.5376917265258838, -0.21714370304310537, -0.20032938081342072] - [-0.022951052442971773, 0.059322818093784126, -0.00508431227241872, 0.07409345416324438]
B1: 0.044401866295942366 - -0.004900565073121161 - -0.011755334827894334 - 0.03262316345926351
B2: 0.03222505757340276 - -0.002013955467561241 - 0.06666351870619205 - -0.05486627667504181
