Number: 3910
Error: 8.689398137508567e-16
A1: [0.06621313006592504, -0.11395213017177255, -0.023984001855452578, 0.07172281662042383] - [0.03740255485523983, 0.18819331471536024, -0.1474090030828036, -0.07818706648643113] - [-0.06022946971960889, 0.32895070562409373, -0.12775320596697495, -0.14096841797484017] - [0.039046160491618014, -0.053322684781791675, -0.03741858908291082, 0.051695121717181214]
A2: [-0.009108667295885584, -0.3468032825461481, 0.24945499807661947, 0.10645658394704016] - [0.08003977286738978, 0.03628219998526719, -0.050250170075945254, -0.0660720178020605] - [-0.042453009051181136, 0.2308316818410194, -0.040531448720723985, -0.1478480486559238] - [0.06813469877893027, -0.2934679402975243, 0.14177115393970438, 0.08356177075930311]
B1: -6.477409070086472e-08 - -3.461290874279354e-08 - -7.544776943685434e-09 - 8.403652389529563e-08
B2: -1.0401193034998694e-08 - -2.16118008392998e-08 - 3.50788226203582e-08 - -3.436732621022219e-08
