Number: 6234
Error: 9.67725942947861e-16
A1: [0.08043166131212476, -0.180467834120357, -0.019588880317850547, 0.11962494836837996] - [0.03741557255008671, 0.13359637873693211, -0.13472619362713784, -0.036285832536948115] - [-0.0017028304367292812, 0.22819010508307927, -0.12282839405241999, -0.10365892164535274] - [0.03886321980124579, -0.11448103313924164, -0.04641645601433346, 0.1220342133341529]
A2: [0.03530744005635644, -0.0292734788102134, -0.07569735280823661, 0.06966340459940498] - [0.10289372349324226, 0.2828966738570199, -0.3926064225370568, 0.006815967545090585] - [-0.011187107966304136, 0.5390145826642463, -0.35945102304174126, -0.1683764729690587] - [0.09786279314373061, 0.017463310202891005, -0.16885101647748202, 0.05352487180796596]
B1: -3.283549460834814e-09 - -7.955016039195484e-09 - -1.00478769928694e-08 - -5.473390801338833e-09
B2: -1.043983838137501e-08 - -1.52999594102742e-08 - 9.605383188080921e-10 - -5.671157103661969e-09
