Number: 9334
Error: 1.6760806907893003e-10
A1: [0.05310024424214046, -0.1480736023853357, -0.027071271589465137, 0.12175548284914109] - [0.005355721461249256, 0.13087874060989446, -0.11355875064045275, -0.022507708943165294] - [-0.014554205541919494, 0.22298184933021262, -0.12715081906817144, -0.08171569639310733] - [0.027121805044373823, -0.10004469182608894, -0.04944921447260396, 0.12227340191278174]
A2: [0.08930078646287871, -0.072867150377384, -0.12358214291814199, 0.10733328015343926] - [0.10884581943957816, 0.24981827871862125, -0.4048412823395739, 0.04619364292107835] - [0.036688063846443485, 0.462606981722786, -0.3776665913036589, -0.12142059403336466] - [0.143511132217349, -0.04452223739893177, -0.20141684071385782, 0.10276581993822803]
B1: 3.6876560936774275e-05 - 9.255370543124872e-06 - 6.610843383919249e-06 - -1.2097263142306403e-05
B2: 1.7639541715102915e-05 - -8.013946322917634e-06 - 8.168346940463084e-07 - 1.506955270245544e-05
