Number: 6043
Error: 1.5588628924494824e-13
A1: [0.0804336321484894, -0.18046586350802651, -0.019586911838939174, 0.11962691897881074] - [0.037418094256321664, 0.1335988985313759, -0.13472367695030588, -0.036283312230899006] - [-0.0017010894838814714, 0.22819184600273545, -0.12282665564493664, -0.10365718115483182] - [0.03886541584938477, -0.11447884325268405, -0.04641426136452613, 0.12203640801787025]
A2: [0.03530495899025122, -0.02927596674067943, -0.07569971176818499, 0.06966080789464482] - [0.10289231489864627, 0.2828952533071716, -0.39260778491097825, 0.006814492539883436] - [-0.011185994288932653, 0.5390157029868079, -0.35944996892169034, -0.16837529944678456] - [0.09786358065000249, 0.017464101292332137, -0.16885026682153076, 0.05352569843470531]
B1: -7.271106287415986e-07 - 3.0878977196956216e-07 - 5.710076928836113e-07 - 2.0396146255280694e-07
B2: -9.48706524209562e-07 - -1.41822930346797e-06 - 2.472734096672381e-06 - -3.439524992261231e-08
