Number: 911
Error: 1.2719984354296445e-09
A1: [-0.012285071106494162, -0.014652568283837849, 0.01794168872522464, 0.00844227986170063] - [0.06581892048208182, 0.1894795599907342, -0.14533943483758957, -0.11002672714993204] - [-0.09619149966494643, 0.4218841758399198, -0.05334714363935302, -0.271917459940278] - [-0.001331794767572228, -0.018229056910391603, -0.003846052567921379, 0.023364982590856842]
A2: [0.1615862689952401, -0.16775503503737196, 0.008501024796147671, -0.0023332693480022436] - [0.03556348001185704, 0.20759322945293512, -0.11713298757604683, -0.12571596608546484] - [-0.08623286811400546, 0.581519347472591, -0.23540741544752034, -0.2599542340415882] - [-0.0038722037991545744, -0.004555851715775701, 0.0010734448797744837, 0.007207794378065822]
B1: -7.701835298777707e-05 - -1.9466295715537133e-05 - -4.956006290292558e-05 - -1.322319168494762e-05
B2: -0.00016041343728925126 - -0.00012065220727423373 - 2.6745984884823072e-05 - 0.00011981367269689444
