Number: 7614
Error: 1.277521034624057e-15
A1: [0.08043172976815152, -0.18046776567209497, -0.019588811943686314, 0.11962501681657986] - [0.03741564503864744, 0.13359645117062344, -0.13472612128301004, -0.03628576008854752] - [-0.0017027809080177694, 0.22819015461072675, -0.12282834459622803, -0.10365887212986054] - [0.038863277625526244, -0.11448097547724871, -0.04641639822690898, 0.12203427112248384]
A2: [0.03530746918865281, -0.029273449597329936, -0.07569732510960198, 0.06966343508948333] - [0.10289374489739064, 0.2828966954428399, -0.3926064018352422, 0.006815989958385124] - [-0.011186982361239089, 0.5390147090184679, -0.3594509041537086, -0.16837634061472728] - [0.09786288221656385, 0.017463399680884232, -0.16885093168585716, 0.05352496530538532]
B1: -1.2891688298371368e-09 - -1.2701389896218963e-08 - 1.9115231511054047e-08 - 7.562212540217675e-09
B2: -3.9295010603808347e-10 - 4.587027556039697e-10 - 8.72099800895045e-09 - -3.331035299162966e-11
