Number: 8423
Error: 9.054321253211713e-16
A1: [0.08043170880798317, -0.1804677866298793, -0.019588832878820572, 0.11962499585880279] - [0.03741554674513893, 0.1335963529515117, -0.13472621938054485, -0.0362858583275467] - [-0.001702817914921522, 0.22819011760461322, -0.12282838154894342, -0.10365890912687627] - [0.03886326648579449, -0.1144809865856834, -0.046416409359529946, 0.1220342599897018]
A2: [0.03530729845317942, -0.02927362080497803, -0.07569748744303763, 0.06966325639664006] - [0.10289375759971912, 0.2828967082529975, -0.3926063895496749, 0.006816003259541813] - [-0.011187090609219083, 0.5390146001247921, -0.3594510066128593, -0.1683764546793289] - [0.09786283599686477, 0.017463353250913565, -0.16885097568400448, 0.05352491678971509]
B1: -2.317388085283543e-08 - 5.0507389237351275e-09 - 6.171420681661524e-09 - 3.0366397977821915e-08
B2: 1.5194257391409732e-08 - -2.9200152417917138e-08 - 1.3103334243030687e-09 - 2.3057970422538413e-08
