Number: 8486
Error: 9.902960062904485e-16
A1: [0.0804317074689841, -0.1804677879687208, -0.019588834216214813, 0.11962499451996131] - [0.03741550557644377, 0.1335963118139628, -0.1347262604672245, -0.03628589947344456] - [-0.00170277854473362, 0.22819015697396053, -0.12282834223640178, -0.10365886976719536] - [0.038863229671225394, -0.11448102329692836, -0.046416446150632396, 0.12203422319802029]
A2: [0.03530756692822751, -0.029273351587409777, -0.07569723217975073, 0.06966353738423342] - [0.10289370968672677, 0.2828966599334002, -0.3926064358905448, 0.006815953087719808] - [-0.011187145234017537, 0.5390145451742233, -0.3594510583165493, -0.16837651223923886] - [0.09786281185453465, 0.017463328998790672, -0.16885099866598707, 0.0535248914481834]
B1: 5.588908689220656e-08 - -1.4212700074664758e-08 - 3.400344568297767e-08 - 9.280991570300379e-09
B2: 4.686812673345986e-09 - 2.4480903681894072e-08 - -3.025981479851179e-08 - 3.956602810020357e-08
