Number: 7243
Error: 5.939387411900997e-16
A1: [0.08043169388315842, -0.18046780155301625, -0.01958884778576076, 0.11962498093569131] - [0.037415593420765315, 0.13359639959181308, -0.13472617279803972, -0.03628581167783258] - [-0.0017028426491084905, 0.22819009287095948, -0.12282840624691002, -0.10365893385447021] - [0.038863242776237816, -0.11448101022873056, -0.04641643305398355, 0.12203423629486036]
A2: [0.03530740573368728, -0.029273513227810417, -0.07569738544181431, 0.06966336867701917] - [0.10289380863537498, 0.28289675972176564, -0.3926063401886867, 0.0068160567013477655] - [-0.011187058994389765, 0.5390146319282406, -0.35945097668874004, -0.1683764213656653] - [0.09786280430778956, 0.01746332141773074, -0.16885100585002902, 0.053524883526600134]
B1: -7.870970140076529e-09 - 1.8987271716476484e-08 - 2.092469122293687e-08 - 4.633872508987349e-09
B2: 1.4501983960137385e-08 - 1.3411262213030372e-08 - -8.019491046875402e-09 - 1.6520504971080403e-08
