Number: 4492
Error: 1.0797197279717916e-15
A1: [0.06621318893755657, -0.1139520726157606, -0.023983943030041074, 0.07172287539323496] - [0.037402631308186295, 0.18819338776095515, -0.14740892792368482, -0.07818699132068438] - [-0.06022952068140275, 0.3289506566780103, -0.12775325583522326, -0.14096846757480933] - [0.0390462004678775, -0.05332264683775624, -0.037418550407163256, 0.05169516007891118]
A2: [-0.009108815155871803, -0.3468034394022463, 0.24945484902023904, 0.10645642892407019] - [0.08003983864919409, 0.03628227085115319, -0.050250098180142984, -0.06607194529574505] - [-0.04245272643059338, 0.23083199375870245, -0.04053114585321265, -0.14784773608807622] - [0.0681346847341381, -0.293467955761331, 0.14177113871379796, 0.08356175501266384]
B1: 5.318593110263744e-08 - -8.724532874698822e-09 - 1.0147778785555559e-08 - -5.424410161491817e-08
B2: 1.2844399967914575e-08 - 5.975053164407106e-09 - 8.045678144277092e-09 - 5.699546882777108e-09
