Number: 6577
Error: 1.2498896645378576e-15
A1: [0.08043168047101619, -0.18046781496363962, -0.019588861181868592, 0.11962496752508049] - [0.03741555992422641, 0.13359636612062364, -0.13472620622784087, -0.03628584515581758] - [-0.001702773656152288, 0.22819016186244276, -0.122828337354978, -0.10365886487993176] - [0.038863189374001635, -0.11448106348109861, -0.04641648642218793, 0.122034182925817]
A2: [0.03530743693375832, -0.029273481941445967, -0.07569735577716678, 0.06966340133126799] - [0.10289373657899732, 0.282896687053836, -0.3926064098806889, 0.00681598124779877] - [-0.011187103576840118, 0.5390145870798903, -0.35945101888702297, -0.16837646834371534] - [0.09786280661181425, 0.017463323732237437, -0.16885100365674646, 0.05352488594508013]
B1: -1.9214021807125017e-09 - -2.2549275120500576e-09 - -9.33005137169915e-10 - -2.4576168175340674e-09
B2: -2.055619872378241e-09 - -1.872930112338718e-08 - 4.034112940247412e-08 - -2.6529043255678797e-08
