Number: 9650
Error: 2.3287569379052903e-14
A1: [0.05317283459275797, -0.14800098642066697, -0.02699876318346001, 0.12182810657211346] - [0.005313787293422703, 0.13083676181337114, -0.11360067630916966, -0.022549695803814288] - [-0.01444467726667858, 0.22309142006428478, -0.12704138012996607, -0.08160613376042353] - [0.02714653303936604, -0.10001996509631007, -0.04942443530372599, 0.1222981935329112]
A2: [0.08925559415993836, -0.07291224007122259, -0.12362631346685776, 0.10728752989736949] - [0.1088422565445518, 0.24981470894993363, -0.40484477224043375, 0.04619001671369352] - [0.036636500062151856, 0.4625556845946509, -0.37771689576452505, -0.12147269348580349] - [0.14342726192618388, -0.04460579768471991, -0.20149872630150448, 0.10268070351393893]
B1: -1.4403805905245388e-07 - -1.602565172180444e-07 - -1.6067877566916536e-07 - -7.954940671354988e-08
B2: -3.97547656062894e-08 - -1.046828597032754e-07 - -1.1557120047368509e-07 - -1.419175606567375e-07
