Number: 3102
Error: 1.8099651015174438e-07
A1: [0.06512760123712119, -0.0463032465161375, -0.021894427825083582, 0.009473182096599699] - [0.04449939789070888, 0.1920396408498283, -0.1417359971976186, -0.09159853366306664] - [-0.1217481916967805, 0.41643923726389726, -0.103259005025728, -0.1854252013857242] - [0.03753198556707495, 0.019544080304763553, -0.03275021255069646, -0.022548308452325812]
A2: [0.06442080632784149, -0.17260418494322685, 0.08728500792741944, 0.024887521536988033] - [0.029904799434296286, 0.20089994152774385, -0.10107032529966455, -0.12726061975641012] - [-0.08557078832323793, 0.5213780299844849, -0.21776371745548317, -0.1874851530368587] - [-0.028081904408831876, 0.01635088081584276, -0.05249173917548696, 0.054818968677480144]
B1: -0.0030062163799427087 - 0.0009896516937189731 - 0.0010026899382230806 - 0.003006660786439878
B2: 0.00011144649507051975 - 0.0020283873053018766 - 0.00017424319441242 - -0.0003267163581240812
