Number: 3027
Error: 4.482416552793853e-08
A1: [0.06384836282760623, -0.047459334193428133, -0.023033065691785364, 0.008263068258068138] - [0.04346666253389452, 0.19108223228717847, -0.1427638862754391, -0.09272437767794305] - [-0.12480258188462985, 0.4135150240697184, -0.1062154044257631, -0.18842130939913995] - [0.03756567980903975, 0.019730728966362847, -0.0325751604020307, -0.022499023420726603]
A2: [0.0628209381062827, -0.17430555677025641, 0.0857094788840294, 0.02334273053948658] - [0.02899676098073658, 0.20001003594010852, -0.10200239950688811, -0.12816074089047608] - [-0.09381617128589591, 0.5132808639390353, -0.22601361977014384, -0.19548846750585971] - [-0.025863935318939185, 0.018576890417384688, -0.050231759179204395, 0.057040764626744095]
B1: -0.00020776989938492548 - -0.00014373564127926033 - -0.0001231900484505931 - 3.791381858891326e-05
B2: 0.00035176157931075607 - -0.0004357355614957889 - -0.00018823000124762278 - 0.00014948753925671712
