Number: 7367
Error: 9.317336807045971e-16
A1: [0.08043166224871999, -0.18046783318387405, -0.01958887938237678, 0.11962494930486565] - [0.037415561566905106, 0.13359636776206163, -0.13472620458842985, -0.0362858435140469] - [-0.0017028519675315406, 0.22819008355273, -0.12282841555169596, -0.10365894317040786] - [0.03886320662746498, -0.11448104627605829, -0.04641646917972352, 0.12203420016855435]
A2: [0.03530754740221766, -0.02927337116744436, -0.07569725074511842, 0.06966351694843496] - [0.10289375863320369, 0.282896709295224, -0.3926063885501407, 0.006816004341780557] - [-0.01118707405956518, 0.5390146167732077, -0.3594509909482576, -0.16837643724036344] - [0.09786277926094357, 0.017463296256956973, -0.16885102969301835, 0.053524857235580314]
B1: -8.360846584212532e-09 - -5.956167841510546e-09 - -2.205237211894956e-08 - 1.5275338025632436e-08
B2: -2.2502392635173067e-09 - -5.576818178549959e-09 - -8.908781157743164e-09 - -5.752040708255776e-09
