Number: 2286
Error: 4.844354299824176e-05
A1: [0.08557625710865385, -0.016923000569648603, 0.00675599584442052, 0.03478725947308225] - [0.08300741913644648, 0.22497784205357915, -0.10983678274864211, -0.054889238768999066] - [-0.13035895760989946, 0.41965320664177796, -0.10365839616921559, -0.1843260753967365] - [0.03273685441563149, 0.029184581554877465, -0.01985984917949766, -0.0176288481518815]
A2: [0.06779355945057922, -0.17362738250814572, 0.09510750538340958, 0.027328372949425146] - [0.025660894462369854, 0.19736037983580537, -0.10362880979720349, -0.13146394096253353] - [-0.11494491688499361, 0.5021758258473563, -0.24011580062339963, -0.21726609703396205] - [-0.011932291282076696, 0.03959371071337529, -0.03438539734440865, 0.07056238594074574]
B1: -0.008064275724867988 - 0.012703731298591498 - -0.00093999975791508 - -0.0043551100436901346
B2: 0.0031880962688908224 - -0.014349118745733596 - -0.008783645390017561 - 0.0004350910144770735
