Number: 2245
Error: 8.413999998897361e-05
A1: [0.04038344034066619, -0.06396055371490568, -0.041520446490259114, -0.010495818071208318] - [0.07482377985631627, 0.21109286661315696, -0.12979594932072086, -0.07582981290552238] - [-0.12005563125627224, 0.4279867402330185, -0.08633876201511725, -0.17434112828894693] - [0.01668440821511541, 0.014259904755080322, -0.03268556957634367, -0.036397478460565666]
A2: [0.0444373188174415, -0.2066845242190621, 0.06649834284912397, 0.0020739202977154607] - [0.07934161291966756, 0.24940240095915825, -0.048833587232032495, -0.080597671604133] - [-0.11331884763494875, 0.5103964730326135, -0.2387083312791233, -0.21747839759187176] - [0.0017688990153371937, 0.06483044316235204, -0.01885147037081202, 0.0937142287392896]
B1: -0.011621958789527398 - 0.018554478606615677 - 0.012082690844653163 - 0.0060776324961056265
B2: 0.0007844418262438028 - -0.0018525454976855253 - 0.00255438529144487 - 0.0031407339832738527
