Number: 8711
Error: 3.442623242263714e-13
A1: [0.08043103868454912, -0.1804684566773826, -0.01958950220079463, 0.11962432581213815] - [0.03741587048878224, 0.13359667644887693, -0.13472589628239082, -0.03628553476347403] - [-0.0017030094246740354, 0.22818992609874045, -0.1228285727783342, -0.10365910058548033] - [0.038862797287027004, -0.1144814544680772, -0.04641687825926603, 0.12203379108271194]
A2: [0.03530735523739996, -0.0292735638633739, -0.07569743345292834, 0.06966331582733784] - [0.10289366943054742, 0.28289661933386157, -0.3926064748270699, 0.006815910934380668] - [-0.011187209471932033, 0.5390144805527851, -0.3594511191195374, -0.1683765799283842] - [0.09786298646079883, 0.01746350439907439, -0.16885083245163712, 0.05352507472754136]
B1: -2.873784235209322e-07 - -1.6919499733106475e-07 - -1.7053314573690538e-07 - -1.5175150074852458e-07
B2: 1.8779367841028748e-07 - 7.27949872483899e-07 - 3.040990090660963e-07 - 3.534889821740745e-07
