Number: 1179
Error: 7.034964040710543e-08
A1: [-0.007752056350837049, -0.01555416402617282, 0.002409284533109307, 0.018865815534437724] - [0.06831735739813585, 0.1913188466428214, -0.1451945222882582, -0.10820197570868706] - [-0.11442772890584559, 0.439988346631501, -0.07270412904878865, -0.26010019064781614] - [-0.02551172094007622, 0.01325246005744184, -0.03210069284880643, 0.03663868043294534]
A2: [0.13159406125915069, -0.22461973639855462, 0.022676111703908184, 0.07017433571753619] - [0.0324345955396786, 0.20354287455701905, -0.11509790357969252, -0.12166668378881487] - [-0.09501186320050517, 0.5551547443947964, -0.23558505419141965, -0.2260313422439992] - [-0.022106297006402483, -0.020544019812698475, 0.006847565026115326, 0.03095568330156043]
B1: -0.0003270156996263389 - -0.0003616865536921026 - 0.00013270222494547943 - 0.00010765245019661059
B2: 0.00029045175843584955 - 0.00015676176520423366 - 0.00017667724853594413 - -4.903234242433879e-05
