Number: 1291
Error: 1.2872572022735838e-08
A1: [-0.00811443236856906, -0.015928784057616333, 0.002033670619270313, 0.018502747140126112] - [0.066876487326588, 0.1899322020607939, -0.146683821417065, -0.10980699030407592] - [-0.11331400590377902, 0.4410718892483527, -0.07154807991616229, -0.258888935614831] - [-0.02432047843671042, 0.014410129460653395, -0.030904937102997833, 0.03790748416462503]
A2: [0.1313186880532581, -0.22489272684792302, 0.02240407655786134, 0.06989920510841509] - [0.03239561089893547, 0.2035025622264476, -0.11513800722760636, -0.12170265499624877] - [-0.0952881907361257, 0.5548847695125971, -0.23585653115307112, -0.226289091755532] - [-0.021210893933716928, -0.019655253934287093, 0.007738217966046473, 0.03181319124610665]
B1: -5.822323929284376e-06 - -9.768616767299887e-05 - -2.2471393801720558e-05 - -5.546271904191898e-06
B2: -4.945355420895789e-05 - 0.0002810555441523423 - -7.411468976350122e-06 - -2.3295603136711002e-05
