Number: 3784
Error: 4.998658782142734e-16
A1: [0.06621325827855029, -0.11395200482429933, -0.02398387374345306, 0.07172294461786545] - [0.03740264710379354, 0.18819340285257877, -0.14740891239541168, -0.07818697579101577] - [-0.06022929045328998, 0.3289508777994571, -0.12775303054757897, -0.14096824349895232] - [0.03904619829630378, -0.053322648899030954, -0.03741855250815329, 0.05169515799496872]
A2: [-0.009108651696395896, -0.34680326599752453, 0.24945501380233076, 0.10645660030225894] - [0.08003981318804623, 0.03628224342217591, -0.050250126007757245, -0.06607197335966503] - [-0.04245277247041344, 0.23083194294643186, -0.04053119519129231, -0.14784778700630644] - [0.06813473991770543, -0.2934678950019105, 0.14177119853813597, 0.08356181688351758]
B1: 3.5544800442014714e-08 - 3.374464301634716e-08 - -1.0160463531874475e-10 - 2.8907028952483676e-08
B2: -2.3373871130429705e-10 - 2.2801397794236025e-08 - 3.457556613152705e-09 - 5.038565935767137e-08
