Number: 8307
Error: 8.591859356526793e-16
A1: [0.08043163965233152, -0.1804678557777298, -0.01958890195180805, 0.1196249267110142] - [0.03741558256646802, 0.13359638874577717, -0.13472618363055927, -0.036285822526023116] - [-0.0017028338371694717, 0.22819010168269796, -0.12282839744788601, -0.10365892504488808] - [0.038863174805965905, -0.1144810780082653, -0.046416500980969645, 0.1220341683668101]
A2: [0.035307475806905395, -0.0292734429607272, -0.07569731881698719, 0.0696634420161457] - [0.10289377595155581, 0.28289672676056576, -0.3926063718000097, 0.006816022476571834] - [-0.011187095804509299, 0.5390145948985128, -0.3594510115303297, -0.16837646015377128] - [0.0978627434332594, 0.017463260266278514, -0.16885106379874232, 0.05352481962826438]
B1: 9.622704452134239e-09 - 5.177820678374694e-08 - -5.595573958549617e-09 - -8.942471511249448e-09
B2: 7.119728449275934e-09 - 4.1656810343992315e-08 - -1.6611477501116651e-09 - 1.248120180267727e-08
