Number: 7816
Error: 1.066269673306266e-15
A1: [0.08043165781672652, -0.18046783761536953, -0.019588883809064535, 0.11962494487338163] - [0.037415609517710745, 0.13359641567656722, -0.1347261567331571, -0.0362857955898015] - [-0.0017028543756119005, 0.22819008114470038, -0.12282841795624602, -0.10365894557784255] - [0.03886321004127356, -0.1144810428718353, -0.046416465768082504, 0.12203420358024375]
A2: [0.03530746904116491, -0.02927344974521522, -0.07569732524981708, 0.06966343493511039] - [0.10289382084705855, 0.2828967720371014, -0.3926063283776666, 0.006816069488717263] - [-0.011187126315971387, 0.5390145642051221, -0.3594510404101125, -0.16837649230472035] - [0.09786281404988738, 0.017463331204149276, -0.16885099657616257, 0.053524893752617174]
B1: 2.2933615729936226e-08 - 3.7935973749431985e-09 - -1.9908084816517426e-08 - 7.372422347967079e-10
B2: 1.4212648738979204e-08 - -1.5251262531171753e-08 - 2.2890147643119667e-08 - 8.626564595032347e-09
