Number: 485
Error: 1.2122330709538096e-12
A1: [-0.012152698191536578, -0.014516455600707434, 0.018088052295884383, 0.008583840725209516] - [0.06583605642713589, 0.18949605066922104, -0.14532172141406294, -0.11000764664898947] - [-0.09629365845783083, 0.42178552510476724, -0.053457967405037304, -0.2720364150854517] - [-0.0013221198623020655, -0.018219840720437957, -0.0038357702589743355, 0.02337602744832391]
A2: [0.1615864512848102, -0.1677550377149695, 0.008501069833062513, -0.002333332191673226] - [0.03548723839890203, 0.20751821230557366, -0.117208915689015, -0.12579054761033048] - [-0.08621780191047505, 0.581533951835971, -0.2353928690537787, -0.2599397195972534] - [-0.0038361784420126725, -0.004520480810707912, 0.0011090581494833207, 0.00724223403555961]
B1: -1.8380758503937025e-07 - -1.1035914284128836e-06 - -1.7490039237298434e-06 - -4.868484980399502e-07
B2: -6.613060234479952e-07 - -3.984314368343122e-08 - 4.219322077037282e-07 - 5.90248185773931e-07
