Number: 861
Error: 1.53059617468465e-09
A1: [-0.012261395082529767, -0.014628104649603539, 0.01796790396940343, 0.008467680850051175] - [0.06584392969851156, 0.18950362463678053, -0.14531358074167386, -0.10999888040251528] - [-0.09631682568264044, 0.4217631312335174, -0.0534831082904287, -0.27206340857126227] - [-0.0012837176144765542, -0.018182908985338114, -0.0037948932757093834, 0.02342041369391829]
A2: [0.1616015644397939, -0.16774020759983316, 0.008515877239728537, -0.0023185972549721367] - [0.03549145614142553, 0.20752236184512082, -0.11720471585431175, -0.12578642170991505] - [-0.08621182670069681, 0.5815398019719481, -0.23538705793335027, -0.2599338934850771] - [-0.0038301745638400805, -0.004514577280222973, 0.0011149995145102339, 0.007247977958089484]
B1: 2.917882909514633e-06 - -9.291258605318735e-06 - 4.344432351117206e-06 - 5.33758224185789e-07
B2: 6.650283641888083e-05 - 3.9655348415921865e-05 - 2.386091730497912e-05 - 7.261818169847356e-06
