Number: 8128
Error: 9.063645158122281e-16
A1: [0.08043173470597315, -0.18046776073485032, -0.01958880701180055, 0.11962502175382218] - [0.037415530247868735, 0.13359633646675997, -0.13472623584495438, -0.03628587481568103] - [-0.0017027996802606703, 0.22819013583887976, -0.12282836334098664, -0.10365889089709314] - [0.03886323911769732, -0.11448101387701302, -0.04641643671020232, 0.12203423263858933]
A2: [0.03530731282336036, -0.02927360639504413, -0.07569747377994189, 0.06966327143649434] - [0.10289373956167655, 0.28289669006184115, -0.3926064069958653, 0.006815984371102513] - [-0.011187018566469066, 0.5390146725972277, -0.3594509384227123, -0.16837637876550518] - [0.09786280975455394, 0.017463326889234857, -0.16885100066505024, 0.0535248892439028]
B1: -4.1269924152443055e-08 - -3.1764821185323174e-09 - 3.512571455201684e-08 - 1.7677444332574916e-08
B2: 3.4817208343516885e-08 - -4.310926688799901e-08 - 6.527084918202837e-09 - 1.1470398884256507e-08
