Number: 921
Error: 9.822521645123045e-10
A1: [-0.012014348329265817, -0.014374498010648183, 0.018240919545068436, 0.008731600295454764] - [0.06585648391340179, 0.18951569307573127, -0.1453005953645724, -0.1099849052650879] - [-0.09620418419839805, 0.42187191583489037, -0.053360915050765845, -0.2719322393920874] - [-0.00112944929014965, -0.01803448385762571, -0.0036306706903998297, 0.023598870089341046]
A2: [0.16163768629844466, -0.16770461407090853, 0.008551362780086327, -0.0022832007265556798] - [0.03547967845253877, 0.20751077277998853, -0.11721643954150812, -0.12579795071823188] - [-0.08620931250267296, 0.5815424020823382, -0.23538452021285255, -0.259931308487306] - [-0.003946750891182114, -0.0046291546619446, 0.00099965972098908, 0.00713645229462405]
B1: 6.487506936961936e-05 - -4.613006638494257e-06 - 2.6325152089023493e-05 - -3.2632471719023145e-05
B2: 9.141789317861254e-05 - 9.64958712088839e-06 - 9.775393126415218e-06 - -9.848859130825019e-06
