Number: 4184
Error: 7.437994790215959e-16
A1: [0.0662131907600654, -0.11395207083395491, -0.023983941208940443, 0.07172287721270412] - [0.03740261785519445, 0.18819337490753915, -0.14740894114901107, -0.07818700454716687] - [-0.06022939669382541, 0.3289507757613059, -0.12775313450826142, -0.1409683469004632] - [0.03904613956175428, -0.053322704647624036, -0.037418609331847666, 0.05169510163265786]
A2: [-0.009108387049446309, -0.34680298524842373, 0.249455280590543, 0.10645687777018874] - [0.08003983079053274, 0.03628226238509915, -0.05025010676923548, -0.0660719539577876] - [-0.042452869239257666, 0.23083183614626127, -0.040531298892648324, -0.14784789402907106] - [0.06813482554741014, -0.293467800719851, 0.14177129136898542, 0.0835619128902633]
B1: 1.6786768481079733e-09 - 2.1036710247013584e-09 - -2.420118817480965e-08 - 1.5097632376215172e-08
B2: -9.433570088537365e-09 - -2.6843650751057844e-09 - -3.7248362159989156e-09 - -2.0609603321010875e-08
