Number: 8065
Error: 9.027516541443636e-16
A1: [0.08043170869186721, -0.18046778674599043, -0.019588832994767585, 0.11962499574270746] - [0.03741558192643893, 0.1335963881061844, -0.1347261842694056, -0.03628582316577064] - [-0.0017028070307390896, 0.22819012848856313, -0.12282837068069388, -0.10365889824560498] - [0.03886325111606348, -0.11448100191231333, -0.04641642471946979, 0.12203424462950455]
A2: [0.035307482460551085, -0.029273436288736087, -0.0756973124907964, 0.06966344897990277] - [0.102893709687242, 0.2828966599338686, -0.392606435890049, 0.00681595308823819] - [-0.011187105084081337, 0.5390145855636279, -0.3594510203136528, -0.16837646993196007] - [0.09786280068506649, 0.017463317778517794, -0.16885100929862173, 0.05352487972391452]
B1: 7.857221663348168e-09 - 1.0148779354929668e-08 - -7.303916466691552e-09 - 4.5920340475975374e-09
B2: 1.5897294841879696e-08 - -4.332321126801544e-09 - 1.1703578621827493e-08 - 6.753450787320341e-09
