Number: 4911
Error: 1.1811247733045826e-15
A1: [0.06621312715287203, -0.11395213301973738, -0.023984004766217426, 0.07172281371224959] - [0.03740255264318482, 0.18819331260189076, -0.14740900525741274, -0.07818706866125362] - [-0.06022937751356543, 0.3289507941828818, -0.12775311573958775, -0.14096832823254907] - [0.039046136464057836, -0.053322707587763814, -0.03741861232867449, 0.051695098660119024]
A2: [-0.009108524502067436, -0.3468031310642528, 0.24945514202569316, 0.10645673365854168] - [0.08003988640579159, 0.03628232229866606, -0.050250045984873475, -0.06607189265733333] - [-0.042452812114840616, 0.23083189919235933, -0.040531237675679094, -0.1478478308515835] - [0.0681347364079688, -0.29346789886616054, 0.14177119473314462, 0.08356181294859708]
B1: -9.082096486095475e-09 - 3.095662749527431e-08 - -2.0274287535411047e-08 - -3.597873814821832e-08
B2: -1.2655876962284736e-08 - -2.998798662376973e-08 - -3.96617503097514e-09 - 9.243341280276797e-09
