Number: 7380
Error: 8.788541134244623e-16
A1: [0.08043169083264476, -0.18046780460318745, -0.019588850832632104, 0.11962497788552515] - [0.03741554269506497, 0.13359634890450484, -0.1347262234226669, -0.036285862375433194] - [-0.0017028159882490966, 0.2281901195312441, -0.12282837962509541, -0.10365890720072825] - [0.03886319199481424, -0.11448106086764462, -0.04641648380305022, 0.12203418554499774]
A2: [0.0353075165897166, -0.029273402065161155, -0.07569728004126994, 0.06966348469983406] - [0.10289378966258589, 0.2828967405879545, -0.3926063585389203, 0.006816036834067181] - [-0.011187059433120088, 0.5390146314868903, -0.35945097710400065, -0.1683764218279785] - [0.09786284081866545, 0.017463358094681337, -0.16885097109402283, 0.053524921851116444]
B1: 3.646442199439195e-11 - -1.7266830593668498e-09 - -1.1121108903175105e-08 - 3.0279457680135184e-09
B2: 1.4800415046414891e-08 - -2.228902031454839e-08 - 1.7185785943804268e-08 - -1.7059229315813608e-08
