Number: 7419
Error: 4.341237421189221e-16
A1: [0.08043167183484749, -0.18046782359883334, -0.019588869807714442, 0.11962495888989755] - [0.03741557482588493, 0.13359638101100565, -0.13472619135586955, -0.036285830262412645] - [-0.0017028088146068478, 0.22819012670473487, -0.12282837246195488, -0.10365890002899888] - [0.03886322396484644, -0.1144810289873332, -0.046416451853391785, 0.122034217495159]
A2: [0.03530718752406207, -0.029273732040955226, -0.07569759291288627, 0.06966314029712636] - [0.10289367988012237, 0.2828966298737679, -0.39260646471911387, 0.006815921875833588] - [-0.011187133946598782, 0.5390145565289819, -0.35945104763267005, -0.1683765003453808] - [0.09786273546838438, 0.017463252265207025, -0.16885107138072536, 0.05352481126768087]
B1: -1.4020344169756758e-08 - 2.8172604839603293e-08 - 6.624258182541135e-08 - 3.218319962452464e-08
B2: 2.2173241908951165e-08 - 1.889417271547331e-08 - 4.420924634027625e-08 - 2.66397593483342e-08
