Number: 2
Error: 0.004910171411927183
A1: [-0.029922621811622446, -0.02564268871951074, -0.02090300928872392, -0.03320990956797032] - [0.14982234935118538, 0.279689222380914, -0.08981309330901421, -0.062261040959046506] - [0.01653020653404086, 0.5213806688675243, 0.02712892833433587, -0.1515802765963802] - [0.16012681185556557, 0.16005738100064704, 0.15998532346887734, 0.1600858609142462]
A2: [0.19633333014424476, -0.1372699530904371, 0.029066117494902025, 0.030195168710815082] - [0.1821420943740914, 0.3484143525817177, 0.014626271695290904, 0.016276408665477894] - [0.1885398992847414, 0.8549247833898965, 0.02123677267815148, 0.02256952998617151] - [0.1493272286835873, 0.14930374137911304, 0.14919846226425765, 0.14944859462012677]
B1: 0.14053070131508205 - 0.6338473320350111 - 0.1253210986334492 - -0.015555277518483158
B2: 0.2862004122687682 - 0.8301850926906451 - 0.11262170053544093 - 0.1652162603224293
