Number: 7236
Error: 9.263918543156426e-16
A1: [0.0804316957293265, -0.18046779970705737, -0.0195888459418005, 0.11962498278164838] - [0.03741559447860686, 0.1335964006488539, -0.13472617174230636, -0.03628581062057721] - [-0.0017028413997898745, 0.22819009412025187, -0.12282840499942006, -0.10365893260548477] - [0.03886324587722465, -0.11448100713644647, -0.04641642995497324, 0.12203423939391965]
A2: [0.03530741659927952, -0.029273502332165677, -0.07569737511094383, 0.06966338004903595] - [0.10289376488125263, 0.2828967155962999, -0.39260638250710894, 0.006816010884399395] - [-0.011187085316122485, 0.5390146054495115, -0.3594510016028417, -0.16837644910178376] - [0.09786280158992958, 0.017463318687508316, -0.1688510084372566, 0.05352488067373295]
B1: -2.1342279748845253e-09 - 1.2919730645653401e-08 - 1.2334989958803645e-08 - 3.457956129398972e-09
B2: 1.2538754203110325e-08 - 1.1375262257730341e-08 - -1.1825753593749708e-08 - 1.4984658809487486e-08
