Number: 4782
Error: 8.845392033373267e-16
A1: [0.06621318238264212, -0.11395207902418228, -0.023983949579814163, 0.0717228688492991] - [0.03740262306108605, 0.18819337988142446, -0.14740893603122043, -0.07818699942894103] - [-0.06022928894073468, 0.3289508792522416, -0.12775302906744215, -0.14096824202655087] - [0.039046152570525065, -0.05332269230011558, -0.037418596746237626, 0.05169511411603404]
A2: [-0.009108548424460359, -0.346803156442138, 0.24945511790971292, 0.10645670857719396] - [0.08003985250090428, 0.03628228577340567, -0.05025008304097393, -0.06607193002807588] - [-0.04245280972408096, 0.2308319018309267, -0.04053123511368004, -0.14784782820747785] - [0.06813479131557472, -0.29346783841065344, 0.1417712542581415, 0.08356187450999658]
B1: -5.631741005154752e-09 - 2.08139057157039e-08 - 8.493415117413327e-09 - 1.2020294466079294e-08
B2: -9.672260428845306e-09 - 4.5546320652053435e-09 - 1.3184749746630057e-08 - 2.4499946727796712e-08
