Number: 8272
Error: 1.5349904645715196e-15
A1: [0.08043169386372952, -0.18046780157246853, -0.019588847805226153, 0.11962498091623022] - [0.03741563508331004, 0.13359644122286807, -0.13472613121835922, -0.03628577003828081] - [-0.0017028053839256824, 0.22819013013533213, -0.12282836903630276, -0.10365889659924214] - [0.038863245478954166, -0.11448100753360545, -0.04641643035300954, 0.12203423899588697]
A2: [0.035307462162909795, -0.02927345664246239, -0.07569733178954983, 0.06966342773624969] - [0.10289368196380422, 0.28289663197514875, -0.39260646270382454, 0.006815924057795953] - [-0.011187046341287789, 0.539014644656753, -0.3594509647122139, -0.16837640803275775] - [0.09786287439798788, 0.0174633918267081, -0.16885093912855959, 0.053524957098330495]
B1: -5.935771445791555e-09 - -1.2968341692690263e-08 - 6.603674616325937e-09 - 2.7206831557561326e-08
B2: -9.525458390879955e-09 - 9.307354411416743e-09 - 1.2277227329748579e-08 - -1.273113688261631e-08
