Number: 6459
Error: 1.1033119771322242e-15
A1: [0.08043169490714448, -0.18046780052914616, -0.01958884676300169, 0.11962498195956008] - [0.03741559714806778, 0.13359640331629194, -0.1347261690781689, -0.036285807952595936] - [-0.0017028134008113824, 0.22819012211863107, -0.12282837704144463, -0.10365890461398385] - [0.03886323251347115, -0.11448102046269491, -0.04641644331020737, 0.12203422603847472]
A2: [0.03530745603884661, -0.029273462783515357, -0.07569733761230016, 0.06966342132682289] - [0.10289375645176695, 0.28289670709526876, -0.39260639066000963, 0.006816002057498499] - [-0.01118709020512354, 0.5390146005313641, -0.3594510062304077, -0.16837645425346448] - [0.09786281650140387, 0.01746333366681176, -0.16885099424250163, 0.05352489632593455]
B1: 2.2003850999862826e-09 - 5.528479093239662e-09 - -8.833404973771146e-11 - 2.2891867853598278e-09
B2: 5.240274273577593e-09 - 1.875933937535165e-09 - 6.806051987490803e-09 - -1.5062090518595231e-09
