Number: 214
Error: 1.9760269953162033e-06
A1: [-0.01655352855923851, -0.019041131116805395, 0.013209145748086053, 0.0038893058394566227] - [0.06983662377084843, 0.19333857545618424, -0.1411846585663528, -0.10555224068518768] - [-0.09552597602641968, 0.42258582240785886, -0.0525960391508489, -0.2711027922355571] - [0.0009833568992500476, -0.016100901310365175, -0.001429473572459526, 0.0259445532438319]
A2: [0.15999809792785277, -0.169304999894313, 0.007019063950372024, -0.003970210812077485] - [0.04299474473823874, 0.21491625604477835, -0.10972340259043252, -0.11844519494968474] - [-0.08660232647730155, 0.5811429398123819, -0.23575279246554787, -0.2603774395824617] - [-0.002099395614064656, -0.0028010753850842285, 0.0028574230497379633, 0.008888414435398506]
B1: 0.0012975675771274475 - 0.0024005631599976806 - 0.0002749753794718037 - 0.0005482826572943075
B2: 0.0049365388543189045 - 0.0014141028891476253 - -0.0001112891267176818 - 0.0012562109327928998
