Number: 1299
Error: 4.9893301104722325e-09
A1: [-0.006817090505545286, -0.01461961216689855, 0.00338255012768436, 0.019835272741653358] - [0.06657959627585468, 0.18964655053017276, -0.14699072929619228, -0.11013726363070929] - [-0.11237422215670935, 0.4419931182076713, -0.07056878361420159, -0.2578712312848074] - [-0.023235207309446386, 0.015476428739834281, -0.029797122203894633, 0.03905324156845493]
A2: [0.1315576588593697, -0.22465714236468765, 0.02263906074894429, 0.07013284555890291] - [0.03233395636744823, 0.20344191813435797, -0.11519940657744573, -0.1217629815429711] - [-0.09431360189325463, 0.5558443386569635, -0.23489841941905024, -0.22533115890872657] - [-0.021084101432969234, -0.019529730414499565, 0.0078639182810017, 0.03193505344488205]
B1: -6.550922126948807e-05 - 0.00010663402195962612 - -6.978029029682014e-05 - -1.2844038619423971e-05
B2: -2.986654410543302e-05 - -0.000155827987295643 - -2.7877510827833556e-05 - -3.858691524397451e-05
