Number: 7119
Error: 1.263140836971132e-15
A1: [0.08043169604046946, -0.1804677993959486, -0.019588845631029115, 0.1196249830927563] - [0.03741560025450475, 0.13359640642038026, -0.13472616597791853, -0.03628580484787925] - [-0.001702795619987039, 0.2281901398990713, -0.12282835928665649, -0.10365888683790582] - [0.0388632399428876, -0.11448101305412581, -0.046416435885524625, 0.12203423346327355]
A2: [0.03530742241025235, -0.029273496505121024, -0.07569736958593172, 0.06966338613084457] - [0.10289379477190927, 0.28289674574064083, -0.39260635359725954, 0.006816042184282246] - [-0.011187154901858742, 0.5390145354487297, -0.35945106746727523, -0.1683765224266843] - [0.097862752130143, 0.01746326900274766, -0.1688510555197788, 0.053524828757069196]
B1: 1.4546380683315278e-08 - -2.293965951874115e-08 - 1.0463082464610628e-08 - 1.78434977464056e-08
B2: -3.118070867328693e-10 - 3.958863500535742e-10 - 1.4133043522628152e-08 - -2.185552369916996e-09
