Number: 1193
Error: 4.077324491023127e-08
A1: [-0.006895398549346995, -0.01469371485543184, 0.0032963749797021258, 0.019748021334870365] - [0.06705793937951862, 0.19010753396431562, -0.14649627453968625, -0.1096041314149375] - [-0.1116796151660742, 0.44267882151695065, -0.06984127892142056, -0.25712363961348683] - [-0.021300449346229256, 0.017380553607863294, -0.027814402208326917, 0.04109042341647664]
A2: [0.13046802751522477, -0.22572552248133598, 0.021568690379552006, 0.06906948083954571] - [0.0326854560384544, 0.20378879627477373, -0.11484895367607699, -0.12142000127510125] - [-0.09495475110075444, 0.5552097011257306, -0.2355336772009713, -0.22596946192346465] - [-0.022483636827944752, -0.020912874803392358, 0.0064759596274037564, 0.030591255949172717]
B1: -9.236838980427158e-06 - -0.0003290309644955693 - 0.00044184254993670676 - 2.778008500823623e-05
B2: -0.0005132347267031551 - -0.00018001585165845053 - 0.00011032170625951583 - 0.00017885464248311195
