Number: 9270
Error: 3.46814352968608e-09
A1: [0.05366897363849459, -0.14750472008550045, -0.026503140584290888, 0.1223245240308617] - [0.005656214503527233, 0.1311795558181831, -0.11325838951334541, -0.022206782117171663] - [-0.013899718060605627, 0.22363656288347006, -0.12649679247929935, -0.08106093125332661] - [0.027614985450333748, -0.09955157055717155, -0.04895493608562486, 0.12276796043647005]
A2: [0.08937458500124114, -0.07279339435669552, -0.12351001057271396, 0.10740805482971179] - [0.10898150258869957, 0.24995397042926537, -0.40470833266901074, 0.04633168869080395] - [0.03661818087261593, 0.46253758722432803, -0.37773476541084894, -0.12149114505171835] - [0.1435861394090037, -0.04444746719744775, -0.20134353780866812, 0.1028418795670055]
B1: 2.2415936558592372e-06 - 4.9403021219064904e-05 - 2.0550225936131808e-05 - -1.750149005277212e-05
B2: -3.19276786562893e-05 - 9.021399511605703e-05 - -4.585326966712273e-05 - -8.30547847792314e-05
