Number: 6918
Error: 7.592344820026442e-16
A1: [0.08043167731457879, -0.18046781811971896, -0.019588864334531542, 0.11962496436900352] - [0.03741559118362822, 0.133596397356367, -0.1347261750307237, -0.03628581391373208] - [-0.0017028184667099108, 0.22819011705283734, -0.12282838209992487, -0.10365890967853018] - [0.038863230329917814, -0.11448102264011897, -0.04641644549236997, 0.12203422385627775]
A2: [0.035307336412644275, -0.02927358274058817, -0.07569745135136076, 0.06966329612501919] - [0.10289375269040281, 0.28289670330198224, -0.392606394297951, 0.006815998118799007] - [-0.0111871153859994, 0.5390145752002873, -0.35945103006464146, -0.16837648078745127] - [0.09786278315457125, 0.017463300168293814, -0.1688510259865219, 0.05352486132260795]
B1: 1.6176187737062288e-08 - -1.896828171829584e-08 - 1.569224692851947e-08 - -2.6613665688546147e-09
B2: -4.0143735885094525e-10 - 3.169339718714779e-09 - 5.9107463012693866e-09 - 4.119222952593486e-09
