Number: 3042
Error: 2.502383502840659e-08
A1: [0.06411109444509572, -0.04719886589515082, -0.02277431226724016, 0.00852128433158979] - [0.04484431187956508, 0.19241228955376705, -0.14134465837070825, -0.09120975529643306] - [-0.12195279913654201, 0.4163577060799411, -0.10335134004966658, -0.18556545066318772] - [0.03720063155965974, 0.019363386969376745, -0.03294173659068039, -0.022865596818083082]
A2: [0.06321514468269238, -0.17391314133883654, 0.08610369663870297, 0.023731509966543708] - [0.029142846717895195, 0.20015395722282162, -0.10185652633893898, -0.12801785349547867] - [-0.09285101250127388, 0.5142274190602951, -0.2250462631057159, -0.19455332253354116] - [-0.025006871056656957, 0.019428525901838672, -0.049376219480304864, 0.057875781914565265]
B1: 0.00010279554915297467 - -0.0002213920465483002 - -0.00018904773794332656 - -0.00027511415520433595
B2: -0.00010753742935855196 - -0.00012252283081763872 - 7.872046737773952e-05 - -0.00021754610917062815
