Number: 3281
Error: 6.165338594837108e-05
A1: [0.09362624312597169, -0.08733871839930335, 0.001675435795509191, 0.09779754345859935] - [-0.0073289258936592196, 0.14285258668298254, -0.19049258446528733, -0.12148795166494648] - [-0.04535938127699264, 0.3441196231920147, -0.11206124041950005, -0.12550234511363365] - [0.06339805950726864, -0.028975090730221507, -0.01425587412842503, 0.07488159944290004]
A2: [0.020809284933828734, -0.3188670358937204, 0.2796907187244392, 0.13701893212147215] - [0.08397024801323234, 0.042318619314972244, -0.04689969452231209, -0.0628499752815839] - [0.03452649561243655, 0.30817207880948555, 0.037184201433584065, -0.06630314115326356] - [0.12836903964279342, -0.23337128429868756, 0.20284845745288485, 0.14794390050223363]
B1: 0.02275498284653151 - -0.003486387248042953 - -0.011205544304490223 - -0.010714094271079142
B2: -0.010898337737649224 - -0.010761723357877784 - 0.002716539782634698 - 0.0032311989145043254
