Number: 3569
Error: 1.6659199354442518e-11
A1: [0.0662059113640649, -0.11395918769106622, -0.023991215157772288, 0.07171561004085089] - [0.037398799431742076, 0.18818972660907574, -0.1474126950395872, -0.07819075850542676] - [-0.060230476725386894, 0.3289497385133002, -0.12775419085994028, -0.1409693983993482] - [0.039054142790716395, -0.053315108212177886, -0.037410866566758044, 0.05170278151400793]
A2: [-0.009109096066974735, -0.3468037373222752, 0.24945456592510293, 0.10645613433848476] - [0.08004990045707433, 0.03629311040035735, -0.05023910119373687, -0.06606085496908928] - [-0.04244467682243099, 0.23084087781047083, -0.0405225200647051, -0.14783883339085743] - [0.0681590427900181, -0.2934411365093528, 0.14179754571949615, 0.08358906511744929]
B1: 4.98038872099842e-07 - -1.508063526926615e-06 - 4.679004221734117e-06 - -1.3903997849288025e-05
B2: 1.2407507443772186e-06 - -1.8556750985880013e-06 - -7.5460675125223715e-06 - -1.413939116733231e-06
