Number: 9957
Error: 9.570661649212428e-16
A1: [0.05317257120980051, -0.14800124989847083, -0.026999026274343425, 0.12182784306181543] - [0.005313763800783301, 0.13083673829857256, -0.11360069979507663, -0.022549719330275657] - [-0.014444378308310224, 0.22309171913384135, -0.12704108140630396, -0.08160583469556694] - [0.027146478561042853, -0.10002001957310797, -0.04942448989546851, 0.12229813891586377]
A2: [0.0892544529444413, -0.07291337864638277, -0.12362742896856192, 0.10728637461074746] - [0.10884165597222592, 0.24981410827167966, -0.40484536091756146, 0.04618940603604027] - [0.036635811453081424, 0.46255499956805496, -0.3777175676065786, -0.12147338923759646] - [0.14342638457468368, -0.0446066717663757, -0.20149958295713724, 0.10267981314700186]
B1: 7.823016745914424e-09 - -1.3888751538329587e-08 - -1.26482845971486e-08 - -1.045456684025244e-08
B2: -2.5257963241243062e-08 - -5.743306653777527e-09 - -8.031001365136326e-08 - 3.646788406169834e-08
