Number: 4019
Error: 9.391442977679318e-16
A1: [0.06621321128900635, -0.11395205076377272, -0.023983920696108708, 0.07172289770718905] - [0.03740256680760246, 0.18819332613503353, -0.1474089913327118, -0.07818705473529797] - [-0.06022928986505641, 0.32895087836441617, -0.12775302997194188, -0.14096824292641533] - [0.03904624615083047, -0.05332260347732462, -0.03741850621049423, 0.051695203916678395]
A2: [-0.009108451403839465, -0.34680305351834884, 0.2494552157154759, 0.10645681029815635] - [0.08003982800931751, 0.036282259388932626, -0.05025010980894734, -0.06607195702331231] - [-0.04245279133374631, 0.2308319221276282, -0.04053121540601014, -0.1478478078684989] - [0.06813483485667468, -0.29346779046992494, 0.14177130146115197, 0.08356192332770006]
B1: -2.8404183587859926e-08 - 7.802098724257539e-09 - -3.019385813744417e-08 - -1.9372351705880427e-09
B2: -4.586549491746799e-09 - -3.954476164340478e-08 - -1.977277670792368e-08 - 9.659583341355291e-09
