Number: 3441
Error: 1.0049260290007529e-08
A1: [0.06606801294320493, -0.11409445978462031, -0.024129599603653604, 0.0715776167654553] - [0.03796865413824494, 0.18873420399268218, -0.14685233027805056, -0.07763030668763131] - [-0.06046831837328009, 0.32872112435430473, -0.1279871493506923, -0.14120153728475893] - [0.03892539007187571, -0.053436630206060876, -0.037534809789496165, 0.051579369350555127]
A2: [-0.008966869020015865, -0.34665248584530733, 0.2495981949790442, 0.10660634418365372] - [0.08001072312649793, 0.03625086550028576, -0.050282131531678396, -0.06610418425653133] - [-0.042520828833988465, 0.23075622225696213, -0.04060436999078342, -0.14792333403307356] - [0.067942855650338, -0.293679395719297, 0.14156373170803432, 0.08334725782687111]
B1: 5.6320658953854254e-05 - 7.454062563541616e-05 - -0.00023755795655533446 - -8.912157293055584e-05
B2: 0.0002189242963443192 - -0.00021723319720870848 - 6.743152622548638e-05 - -0.00013577482197280348
