Number: 2384
Error: 1.4299178264082366e-05
A1: [0.05805057612642009, -0.05421465230808488, -0.02987975094890858, 0.002127504100724927] - [0.03640939374881684, 0.18413886754231387, -0.15038316466601934, -0.10040006743233071] - [-0.11909899841190395, 0.4198263876361056, -0.09992476979893294, -0.18265205153961384] - [0.049015567316953654, 0.031756247130055454, -0.020457689999550215, -0.010952186942947953]
A2: [0.05111555543372565, -0.18578103452811331, 0.07423749829199633, 0.011635217899939083] - [0.039371434176305176, 0.21022802313434386, -0.09167101471754122, -0.11801968081864082] - [-0.08365618684063642, 0.5240256380303464, -0.21501664354741334, -0.18487541031189791] - [-0.033028108622993636, 0.011584092635734112, -0.0569398636918413, 0.05001598866835422]
B1: 0.005923384331962668 - -0.00046353612536428673 - -0.00033934091203396846 - 0.005891836576276653
B2: -0.002707029720236343 - 0.001343095462243005 - -0.0011589576293392755 - 0.0026563576218118006
