Number: 5698
Error: 0.04684994485250553
A1: [-0.3816224650849998, -0.5445142548912414, -0.46314437847312007, -0.35545384648325185] - [-0.29976045990228634, -0.12296389931568952, -0.4670881161010789, -0.38790607577124664] - [-0.4714687010313821, -0.11018674891340749, -0.5474387662346125, -0.5705249042393439] - [-0.6944633799186251, -0.7309838477795685, -0.7399890414759888, -0.621965039447615]
A2: [0.4138592888933887, 0.11758791538846633, 0.5774126273510339, 0.5414239036211618] - [0.3553718815089799, 0.35227602877136827, 0.1876002531914321, 0.2333730464632186] - [0.3128929953986167, 0.6370737698567628, 0.2509859913197323, 0.22066332988950577] - [0.48991601550883246, 0.18506205670828635, 0.5187746588406773, 0.5128529148382799]
B1: -0.4911616668798082 - -0.5784115062352471 - -0.5090330792734183 - -0.5224254912076747
B2: 0.27695565141454936 - 0.3178298627816009 - 0.25968867956505276 - 0.2274151251723226
