Number: 4462
Error: 1.0745334019854297e-15
A1: [0.0662131962976773, -0.11395206542011134, -0.023983935675693232, 0.07172288274101006] - [0.0374026247482818, 0.18819338149341308, -0.14740893437257307, -0.07818699777014186] - [-0.06022944805261864, 0.3289507264339424, -0.1277531847650055, -0.14096839688684548] - [0.039046160627266194, -0.053322684652973906, -0.03741858895163228, 0.05169512184741801]
A2: [-0.009108590114529724, -0.3468032006687169, 0.2494550758824128, 0.10645666486750639] - [0.08003979384562937, 0.03628222258488864, -0.050250147147879023, -0.06607199467927204] - [-0.04245278786422486, 0.2308319259567944, -0.04053121168792221, -0.14784780403129122] - [0.06813467995133457, -0.29346796102740347, 0.14177113352884782, 0.0835617496502556]
B1: -1.0249950839748838e-08 - -1.2350073311223749e-08 - 1.826079572174967e-08 - -2.896121027201416e-08
B2: 5.1986411015874536e-09 - 3.3322159760469396e-09 - -5.2532751863432916e-08 - -3.1301993600167043e-09
