Number: 5495
Error: 4.858096047679353e-14
A1: [0.06621297555644479, -0.11395228122676523, -0.023984156242093907, 0.07172266237248992] - [0.03740296119255564, 0.1881937029436977, -0.14740860362040753, -0.07818666698837533] - [-0.06023000541813567, 0.3289501911123269, -0.1277537301690592, -0.1409689393566964] - [0.03904624796647593, -0.05332260176034213, -0.03741850447005083, 0.051695205643406426]
A2: [-0.009109751590649012, -0.3468044328090745, 0.24945390500802223, 0.10645544711961451] - [0.08004048429178727, 0.036282966393241786, -0.05024939253060176, -0.06607123365259172] - [-0.0424540987001369, 0.2308304792416588, -0.04053261642606962, -0.14784925375282537] - [0.06813380638660263, -0.29346892285709664, 0.14177018650477577, 0.0835607702361203]
B1: 2.6029724769123954e-07 - -4.0663460331981556e-07 - -4.199070722164273e-07 - -3.284458566213693e-07
B2: -1.3240178854073294e-07 - -7.557814673658413e-07 - 5.770921395538721e-07 - -3.3878712416053786e-07
