Number: 6863
Error: 1.0502704165748647e-15
A1: [0.08043165597460172, -0.1804678394572791, -0.01958888564899343, 0.11962494303146341] - [0.03741555956620068, 0.13359636576286946, -0.13472620658515405, -0.03628584551364564] - [-0.0017028490564587875, 0.22819008646374145, -0.122828412644886, -0.10365894026011511] - [0.03886320148266508, -0.11448105140641535, -0.046416474321241616, 0.12203419502695384]
A2: [0.035307405452198765, -0.029273513510079285, -0.0756973857094297, 0.06966336838239896] - [0.10289380068356625, 0.2828967517024678, -0.3926063478795908, 0.00681604837465456] - [-0.011187115545944539, 0.53901457503939, -0.35945103021603364, -0.16837648095598853] - [0.09786281243535716, 0.01746332958226815, -0.16885099811310844, 0.05352489205790104]
B1: 1.6264043869104075e-08 - -2.722870958565696e-08 - 4.8333081593245034e-09 - 8.141367317913865e-10
B2: 1.1672425634644398e-09 - 1.887054216465465e-09 - -3.5098684966526275e-09 - 1.7756987064177494e-09
