Number: 7641
Error: 2.684244403493506e-16
A1: [0.08043168037074208, -0.18046781506390963, -0.019588861282026332, 0.11962496742481545] - [0.03741562220957821, 0.13359642835883245, -0.13472614406658676, -0.03628578290496757] - [-0.0017027893892355185, 0.2281901461296901, -0.12282835306502539, -0.10365888060881322] - [0.03886323096286344, -0.11448102200895899, -0.046416444859832776, 0.12203422448882571]
A2: [0.03530754806129364, -0.02927337050654221, -0.07569725011843167, 0.06966351763818503] - [0.10289384773253633, 0.28289679915074645, -0.3926063023743911, 0.006816097641744939] - [-0.011187318756363963, 0.5390143706169256, -0.3594512225593095, -0.16837669508568623] - [0.09786271990017797, 0.01746323662618948, -0.16885108620068054, 0.053524794926168226]
B1: 3.2942447992612995e-08 - 7.236723916386717e-08 - 3.185161813503001e-08 - 4.807492749289288e-08
B2: 3.467341038847905e-08 - 5.651082497444583e-08 - 5.989505690309545e-08 - 3.347706438238393e-08
