Number: 6567
Error: 1.025320178274703e-15
A1: [0.08043168219309407, -0.18046781324175676, -0.01958885946184981, 0.1196249692469617] - [0.03741557021570029, 0.13359637640430838, -0.13472619595687296, -0.03628583487004455] - [-0.0017027891212544233, 0.22819014639767032, -0.12282835279743681, -0.10365888034090658] - [0.038863204322153504, -0.11448104857489692, -0.046416471483561164, 0.12203419786467837]
A2: [0.03530743049122867, -0.029273488401794837, -0.07569736190263977, 0.0696633945884598] - [0.10289373430951772, 0.282896684765095, -0.3926064120756997, 0.006815978871321487] - [-0.011187112359205473, 0.5390145782451417, -0.35945102719971994, -0.16837647759800362] - [0.09786279504440627, 0.017463312112213056, -0.16885101466816688, 0.053524873803063644]
B1: -1.6346918973028635e-09 - -1.5908746144915816e-09 - -2.4577934001489925e-09 - -3.401886203567378e-09
B2: -2.896269532900156e-09 - -1.3652877068582799e-08 - 2.5378714108425395e-08 - -1.8608988277636133e-08
