Number: 1049
Error: 9.562511645547507e-05
A1: [-0.03639307109452286, -0.047019342925100335, -0.024481290063898785, -0.013877393563304785] - [0.07236351018720293, 0.19513137945076584, -0.14123575641573657, -0.1037762255440638] - [-0.14923095001427322, 0.39881340508050567, -0.11703265773018592, -0.30690156308747296] - [-0.0558311327478598, -0.019544339613424846, -0.05107718376105138, 0.0030365154149157693]
A2: [0.12681551897571278, -0.22554568442961287, 0.010925676623485321, 0.06306457786886503] - [0.026810105114674035, 0.19805617244113846, -0.12024365287901873, -0.1278778174889662] - [-0.034189727183961294, 0.6210508039975927, -0.16665207350744887, -0.1763069594867318] - [-0.018321339538139282, -0.017636172052795156, 0.010265360641899464, 0.03257767724395478]
B1: -0.018735698368480286 - 0.007216455006957017 - 0.0043035675258364684 - -0.002495556139012333
B2: 0.0021951509868850727 - 0.002647798185169232 - 0.01454440226877133 - -0.0005439866263030101
