Number: 7130
Error: 1.2761309168035245e-15
A1: [0.08043169637801482, -0.1804677990584414, -0.019588845293887304, 0.11962498343026315] - [0.03741559977646495, 0.13359640594270253, -0.13472616645500557, -0.036285805325654126] - [-0.0017027742013493304, 0.22819016131725237, -0.12282833789937819, -0.10365886542498375] - [0.03886323700028741, -0.11448101598846805, -0.04641643882624996, 0.1220342305225021]
A2: [0.03530754249262478, -0.02927337609061921, -0.07569725541311742, 0.06966351181004454] - [0.10289371402480368, 0.2828966643082292, -0.39260643169481385, 0.006815957630276743] - [-0.011187173834969236, 0.5390145164026919, -0.3594510853878798, -0.16837654237715952] - [0.097862819049364, 0.0174633362263595, -0.16885099181699814, 0.05352489900045093]
B1: 4.03585898474138e-08 - -2.1913275201035346e-08 - -2.01938496678232e-08 - 1.176042819279674e-08
B2: -3.0591832493017293e-10 - -1.0020322145875662e-09 - 2.8245732311628825e-08 - -4.588853490368573e-09
