Number: 9744
Error: 1.559863684618902e-15
A1: [0.05317254034009899, -0.14800128077958946, -0.02699905711010352, 0.12182781217715126] - [0.005313844828853169, 0.1308368194115233, -0.11360061877946612, -0.02254963818804394] - [-0.014444503654437004, 0.2230915937417166, -0.12704120665327034, -0.08160596008649643] - [0.02714649010140033, -0.10002000803253039, -0.049424478330527266, 0.12229815048571704]
A2: [0.08925447672548378, -0.07291335492047142, -0.12362740572337595, 0.10728639868528471] - [0.10884179612638831, 0.2498142484505305, -0.4048452235394151, 0.04618954854834959] - [0.03663608980279823, 0.4625552764695205, -0.37771729603473087, -0.12147310800093095] - [0.14342649038310654, -0.04460656635212268, -0.20149947964439702, 0.10267992052525435]
B1: -9.068759675321415e-09 - 1.2865799932987726e-08 - 7.106551071531854e-08 - 1.575858817712946e-08
B2: 5.281966773362534e-09 - 1.0758394448233649e-08 - -4.1105993634666804e-08 - 3.613079055916844e-08
