Number: 8895
Error: 0.0004473277027374504
A1: [0.09319166304394932, -0.1628623135991046, -0.001064377945328732, 0.1385215815368479] - [0.04665381566455114, 0.14834352724338437, -0.11714163984858596, -0.019942627225904935] - [-0.0001860829977795419, 0.2333876203533952, -0.11798994471940943, -0.09993038230436987] - [0.07875374172531445, -0.06773186903592072, -0.00010792760065886885, 0.16871554637316338]
A2: [-0.04143080154666064, -0.10495746059695114, -0.15245929442379724, -0.011039695485477934] - [0.10437201538787162, 0.2846496355369994, -0.39111633287077147, 0.008466774197002556] - [-0.027188509996547133, 0.5209072981567039, -0.3733349274144856, -0.18061478153346727] - [0.08069339374725712, -3.187192213725473e-05, -0.18288818513304786, 0.04036306312594798]
B1: -0.0018198169507603335 - -0.0019977474910476793 - 0.030824425148980483 - 0.0313504798036727
B2: -0.003059673556528194 - 0.005957207117624225 - -0.0018254386297624145 - -0.018730609696419792
