Number: 7796
Error: 9.519660884017892e-16
A1: [0.08043168211675988, -0.18046781331808934, -0.01958885953808694, 0.11962496917063946] - [0.03741556377604074, 0.133596369969518, -0.13472620238368446, -0.03628584130613238] - [-0.0017028302765912798, 0.2281901052432069, -0.12282839389250974, -0.10365892148525331] - [0.03886322945168954, -0.11448102351589307, -0.046416446370035336, 0.12203422297859567]
A2: [0.035307480866464305, -0.029273437887212983, -0.07569731400646112, 0.06966344731155605] - [0.10289371190136326, 0.2828966621667892, -0.39260643374857757, 0.0068159554067442766] - [-0.011187051685120613, 0.539014639281103, -0.3594509697703027, -0.1683764136636839] - [0.09786284574324035, 0.01746336304165978, -0.16885096640610958, 0.05352492702028289]
B1: -9.752967076404035e-09 - 1.071652545638963e-08 - 1.6587652825901035e-08 - 4.548979039556882e-09
B2: 1.1886141267376417e-08 - -2.1946801868221652e-08 - 6.568412750226653e-09 - 1.0642623235254643e-08
