Number: 5258
Error: 9.760181130588811e-16
A1: [0.06621315881297814, -0.11395210206711283, -0.023983973130970566, 0.07172284531920033] - [0.037402546448286576, 0.1881933066831321, -0.1474090113474286, -0.07818707475182009] - [-0.06022941631252263, 0.3289507569182869, -0.127753153706101, -0.140968365994779] - [0.03904614572313725, -0.05332269879928178, -0.0374186033707825, 0.051695107545245256]
A2: [-0.009108557485298435, -0.34680316605418327, 0.24945510877535648, 0.1064566990775664] - [0.0800398020464759, 0.03628223141959929, -0.05025013818465358, -0.06607198564003862] - [-0.04245278661183018, 0.23083192733890004, -0.04053121034583732, -0.1478478026463148] - [0.06813479459015727, -0.29346783480526645, 0.14177125780788344, 0.08356187818138097]
B1: 3.231180534809817e-08 - 6.04159638539501e-08 - -5.968692046747131e-08 - -6.087041047176411e-08
B2: 3.392878552851899e-08 - -2.402221581921591e-08 - -7.387235326047488e-08 - 2.4084567716115632e-08
