Number: 9976
Error: 8.699269944934748e-16
A1: [0.05317250732669263, -0.14800131380505344, -0.026999090087030626, 0.12182777914791026] - [0.005313722264517706, 0.1308366967187523, -0.11360074132504598, -0.02254976092510913] - [-0.014444560201549802, 0.2230915371739977, -0.1270412631555382, -0.08160601665370477] - [0.02714642792749021, -0.10002007020657738, -0.04942454063582311, 0.12229808815364386]
A2: [0.08925441971871732, -0.07291341179527208, -0.12362746144569768, 0.10728634097535307] - [0.10884171737542467, 0.24981416968571446, -0.404845300730568, 0.046189468472369904] - [0.036635887159495055, 0.4625550748805562, -0.3777174937436198, -0.12147331274598025] - [0.14342648585124812, -0.04460657086701478, -0.20149948406933693, 0.10267991592612942]
B1: -3.7064066011566415e-08 - 2.4320163760914033e-08 - 1.4382564757587129e-08 - -1.6866725104518846e-08
B2: -4.1068097500323805e-09 - -8.216656286308774e-09 - 6.41426533170881e-09 - -2.110966057543261e-08
