Number: 5110
Error: 9.85838561681402e-16
A1: [0.06621317501984479, -0.11395208622245076, -0.023983956936843166, 0.07172286149885977] - [0.037402621845302506, 0.18819337871986033, -0.14740893722639448, -0.07818700062422343] - [-0.060229255593479705, 0.32895091128044107, -0.12775299643576374, -0.1409682095703681] - [0.03904604399995105, -0.05332279535128004, -0.0374187017846548, 0.0516950099304822]
A2: [-0.009108830470228748, -0.3468034556478373, 0.24945483358196988, 0.10645641286829453] - [0.08003980447130443, 0.03628223403182474, -0.05025013553451188, -0.06607198296735164] - [-0.04245281124622039, 0.2308319001509963, -0.040531236744904664, -0.14784782989091882] - [0.06813479152748463, -0.29346783817734085, 0.14177125448781203, 0.0835618747475747]
B1: -5.2007208353491834e-08 - -8.223773663667482e-09 - 3.800782921446548e-08 - 4.066620569185935e-08
B2: 1.727847360645818e-08 - 4.068667076940257e-09 - -4.225184582248801e-08 - 5.602220599062007e-08
