Number: 4144
Error: 9.833454158087701e-16
A1: [0.06621316460729582, -0.11395209640229496, -0.023983967341185432, 0.07172285110382624] - [0.03740260189197177, 0.1881933596557637, -0.1474089568420836, -0.07818702024162622] - [-0.06022937921216555, 0.3289507925514712, -0.12775311740174425, -0.14096832988595506] - [0.03904609196177776, -0.0533227498277273, -0.03741865538323491, 0.05169505595519698]
A2: [-0.009108627034882605, -0.3468032398354682, 0.24945503866337193, 0.10645662615855993] - [0.08003983978920907, 0.03628227207925222, -0.05025009693419341, -0.0660719440392342] - [-0.04245285769841786, 0.2308318488834442, -0.04053128652503875, -0.14784788126534656] - [0.06813481061271215, -0.2934678171636013, 0.1417712751783387, 0.08356189614571323]
B1: 3.705077830051908e-08 - -1.2010954993154728e-08 - -2.005481501544157e-08 - 1.0391964070133914e-08
B2: 1.9994407061807082e-08 - 2.2370928075436184e-08 - -1.6656402936898692e-08 - -1.0365007833933399e-08
