Number: 9658
Error: 2.4338582526519156e-14
A1: [0.053172924602180476, -0.14800089637780986, -0.026998673273008686, 0.12182819662490078] - [0.005313952149466434, 0.13083692684252618, -0.11360051147791915, -0.0225495307154376] - [-0.01444427751022634, 0.2230918199672248, -0.12704098068990938, -0.08160573386140584] - [0.027146771024387183, -0.10001972711170547, -0.04942419681673642, 0.12229843212248986]
A2: [0.08925361642648338, -0.07291421323104495, -0.12362824664005719, 0.10728552777774183] - [0.10884236022195777, 0.24981481264572386, -0.4048446706162263, 0.04619012213566335] - [0.03663627655238226, 0.4625554622479177, -0.3777171138314965, -0.12147291931372588] - [0.14342528413981634, -0.04460776810433458, -0.20150065743793072, 0.10267869638460216]
B1: -1.6042663996416379e-07 - 6.478789484480706e-08 - 6.200420255196748e-08 - -1.925961443632071e-08
B2: -1.5959910764627382e-07 - -5.4262153460607344e-08 - -9.99738638555846e-08 - -1.0370693269893464e-07
