Number: 5230
Error: 8.974877545995055e-16
A1: [0.06621320141235712, -0.11395206041969, -0.023983930565030016, 0.07172288784708222] - [0.037402554550974756, 0.1881933144246886, -0.14740900338187563, -0.07818706678556071] - [-0.060229286862235984, 0.32895088124838073, -0.12775302703356495, -0.14096824000353544] - [0.03904615769380618, -0.05332268743717351, -0.03741859178955244, 0.05169511903244392]
A2: [-0.009108686365250059, -0.34680330277527505, 0.2494549788527191, 0.10645656395428905] - [0.08003984981193203, 0.03628228287661263, -0.0502500859798262, -0.06607193299192136] - [-0.04245285423822913, 0.2308318527024939, -0.04053128281676459, -0.14784787743827296] - [0.06813466711320441, -0.29346797516241335, 0.1417711196110167, 0.08356173525680816]
B1: 1.0394806980802051e-07 - -7.63226533893e-08 - -1.3678926697565398e-08 - 1.9878359131086587e-08
B2: -1.702159242689262e-08 - -1.2661794557338632e-08 - -7.900106223183681e-10 - 4.756451288897991e-08
