Number: 6697
Error: 8.661425254384527e-16
A1: [0.08043166920162338, -0.180467826231756, -0.01958887243778659, 0.1196249562569748] - [0.03741556527984706, 0.13359637147219208, -0.1347262008828921, -0.036285839803164084] - [-0.0017028334807950266, 0.2281901020390733, -0.12282839709202682, -0.1036589246886078] - [0.03886320261035132, -0.11448105028189326, -0.04641647319427363, 0.12203419615393947]
A2: [0.03530742920788769, -0.029273489688685275, -0.07569736312282466, 0.0696633932453051] - [0.10289377079539047, 0.2828967215606287, -0.39260637678704513, 0.006816017077369283] - [-0.011187151477256487, 0.5390145388937652, -0.359451064225792, -0.16837651881807483] - [0.09786277909234059, 0.017463296087586053, -0.16885102985349712, 0.05352485705858368]
B1: -7.38068037421243e-09 - 6.409219937911745e-09 - -2.39478723762284e-08 - -1.2629470315464611e-08
B2: -8.380608602370187e-09 - -1.1914745330579475e-08 - -2.09255312526037e-09 - -1.664686456597953e-08
