Number: 2892
Error: 4.58579397026129e-09
A1: [0.06336848188726887, -0.04793795833587683, -0.02350875444142315, 0.00778925152184105] - [0.04393165846805864, 0.19153125931217815, -0.14228645290858127, -0.09221526455772695] - [-0.12346471823774888, 0.41484019373912895, -0.10488002403545137, -0.1870947118621048] - [0.03687307871447939, 0.019035108715677738, -0.03326448351276919, -0.02318382261189434]
A2: [0.06440501285033494, -0.17272722653921793, 0.08728228226218733, 0.02490645451063741] - [0.029662876419968905, 0.2006661998768418, -0.10133862115848913, -0.12750824870549307] - [-0.09307343450172575, 0.5140125514730894, -0.225268775491347, -0.19477215136980036] - [-0.02555759344930598, 0.018888066386584107, -0.04991750684822656, 0.057337277442227094]
B1: 0.00011536031229912576 - -7.51623272860063e-05 - -0.0002516179469352541 - 9.010483885502847e-05
B2: -5.078415904848408e-05 - 8.040432660998863e-06 - 6.249535244235135e-05 - 5.724034700216141e-05
