Number: 6771
Error: 7.971091696347992e-16
A1: [0.08043161536204517, -0.18046788006523587, -0.019588926212989462, 0.11962490242354529] - [0.037415540789705576, 0.13359634700058648, -0.1347262253242366, -0.036285864279739594] - [-0.0017028689690328312, 0.22819006655159285, -0.12282843252830478, -0.10365896016737476] - [0.038863180588638975, -0.11448107224180407, -0.04641649520195375, 0.12203417414591382]
A2: [0.035307460836231326, -0.02927345797286178, -0.07569733305100353, 0.06966342634780222] - [0.10289375104261354, 0.2828967016402073, -0.39260639589167107, 0.006815996393322566] - [-0.011187083926606717, 0.5390146068473265, -0.3594510002876445, -0.16837644763758283] - [0.09786282764460447, 0.01746334486069797, -0.16885098363489132, 0.05352490802266297]
B1: -1.397468586901574e-08 - -1.652851448419641e-08 - -1.1477564884073955e-08 - -1.4484643916778847e-08
B2: -2.9215617677684322e-08 - -1.5628169228413595e-08 - -1.5276453891815304e-08 - -1.4375775948170246e-08
