Number: 4477
Error: 8.949341803854818e-16
A1: [0.06621316944209063, -0.1139520916755662, -0.023983962510205768, 0.07172285593049267] - [0.037402614137166834, 0.18819337135521091, -0.1474089448041135, -0.07818700820260426] - [-0.06022922721664199, 0.3289509385347902, -0.12775296866790942, -0.1409681819520261] - [0.03904614031300835, -0.053322703934507165, -0.037418608605002256, 0.0516951023536284]
A2: [-0.009108501286696461, -0.3468031064363288, 0.24945516542894586, 0.1064567579985953] - [0.08003982075061503, 0.03628225156926035, -0.050250117742268445, -0.06607196502397326] - [-0.04245287751416225, 0.23083182701364102, -0.040531307760279654, -0.1478479031806548] - [0.06813487696177672, -0.2934677441104936, 0.14177134710702266, 0.08356197053515109]
B1: -1.4674724485393708e-08 - -6.1527967851211924e-09 - -2.9632864302867626e-08 - 3.0335528946509194e-08
B2: 1.8026344858618342e-08 - 6.838442229996459e-09 - -5.2628776517729224e-08 - 1.1475708426427649e-08
