Number: 23
Error: 0.0008795553176073698
A1: [0.007003806771372472, 0.01111841833658622, 0.033292376087049436, 0.013960183056342827] - [0.1427734587110658, 0.27858917151202167, -0.07908081551963203, -0.07055652628909516] - [-0.12917445305361905, 0.3865964474117305, -0.0901665034717434, -0.29828302248304184] - [0.14913329313412588, 0.1398726543182785, 0.1533669087350857, 0.1741487494945705]
A2: [0.47171533595418, 0.13869096885238708, 0.3075404479328908, 0.3026585213806127] - [0.18245764275263623, 0.3493130407312126, 0.021226705157973202, 0.013093060987698982] - [0.27019956333282197, 0.9379142041124993, 0.10859797685137648, 0.09367338268778416] - [0.6050255409856793, 0.6058783397650552, 0.6022816387489306, 0.5969803245978716]
B1: 0.05489057915450181 - 0.45155105576853255 - -0.055140403635966014 - -0.059677850315875684
B2: 0.055609695300312526 - 0.5427679246509786 - -0.05686387054178618 - -0.04959392418623336
