Number: 1144
Error: 7.902212870939475e-07
A1: [-0.008007443871835634, -0.015796482323567566, 0.00217986970856149, 0.018597206846755057] - [0.06947173810640778, 0.192415535627979, -0.14400519387719274, -0.10690261715012836] - [-0.11119059129370688, 0.4432002370365107, -0.06930702184062049, -0.2565871029882737] - [-0.02032437613710815, 0.0183111590259461, -0.026729821857540453, 0.04216236352701027]
A2: [0.12919278400542067, -0.22699607293398483, 0.020327627561830146, 0.06781973693515941] - [0.033938352479866006, 0.20503867559767272, -0.11360425477293253, -0.12019423664473451] - [-0.09820428516198948, 0.5520254586591267, -0.23868968550239586, -0.22918834393819226] - [-0.027406488608975103, -0.02582097062106267, 0.0015893276382306907, 0.025821031664441822]
B1: -2.760113137294793e-05 - 0.0007038005626470214 - -0.0008517309434726056 - 0.001238346042330433
B2: -0.0002310292451076359 - 0.0016725234546501279 - 0.0007640388973301729 - 0.0007621225654957198
