Number: 3642
Error: 1.7254840927302373e-13
A1: [0.06621220428583599, -0.11395303525508448, -0.023984926907865748, 0.07172189239309155] - [0.03740321706599675, 0.18819394741162157, -0.14740835207771094, -0.07818641542480745] - [-0.06022995929233563, 0.3289502354243895, -0.12775368502713322, -0.14096889446373354] - [0.039048222110230034, -0.05332072797947013, -0.03741659454297682, 0.051697100066743835]
A2: [-0.009109408019140298, -0.3468040683546777, 0.24945425135279262, 0.1064558073162452] - [0.08004024936176841, 0.03628271330704135, -0.05024964929371914, -0.0660714925915287] - [-0.04245207399767879, 0.23083271381507953, -0.04053044668506462, -0.1478470145202961] - [0.0681351257937537, -0.29346747014712765, 0.14177161685931106, 0.0835622495073339]
B1: -2.6824336178825044e-07 - -6.904999542726292e-08 - -4.707356232930421e-07 - -5.746531234382994e-07
B2: 2.2733846900762724e-07 - -2.2891928462965858e-07 - -2.832022310054487e-07 - -1.244029234351336e-06
