Number: 1507
Error: 5.909677861990805e-09
A1: [-0.007584653188221377, -0.015394622323333648, 0.0025839763929889387, 0.019046553782871203] - [0.06648164346747824, 0.189552365312069, -0.1470918487942681, -0.1102462719740518] - [-0.11285426422276887, 0.4415215884960031, -0.0710695973614842, -0.25839087016122214] - [-0.023470023501167794, 0.015244977733244432, -0.03003733024318514, 0.038805535027426084]
A2: [0.13150469827888023, -0.22470860027422557, 0.02258621570821644, 0.07008102574904002] - [0.03255968362905669, 0.20366400832975948, -0.11497450219591192, -0.12154224560971516] - [-0.09463171009999707, 0.5555308733788631, -0.235211765208995, -0.22564462636618432] - [-0.020692884893876207, -0.01914325878674829, 0.008251032724430412, 0.03231071625694999]
B1: -0.00012371011792386422 - -0.0002714735491213112 - -3.330515066366934e-05 - -2.472101378398047e-05
B2: -6.759170091157475e-05 - -1.4473130302936987e-05 - 0.00012138480910398044 - -0.0002805909267757794
