Number: 1294
Error: 6.068822496876885e-09
A1: [-0.007683798816896416, -0.01549423974431622, 0.0024813856808381684, 0.018945068265591745] - [0.06669393730205747, 0.18975655433186425, -0.146872527505039, -0.11001006842509975] - [-0.11286276296202855, 0.4415142330004727, -0.07107787302097378, -0.25840027577851743] - [-0.0239821837892017, 0.014742491353569392, -0.030559637084584104, 0.03826464193203218]
A2: [0.13165067740885292, -0.22456583634630736, 0.022730536015510283, 0.07022376824236332] - [0.03236548919455726, 0.203472934372719, -0.11516800413268426, -0.12173212769514101] - [-0.09509354916003675, 0.5550764718024984, -0.2356651506617954, -0.22609777648159612] - [-0.020846736709694478, -0.019295951067997363, 0.008099400156560027, 0.032163129737905416]
B1: 0.00010423474382439336 - -1.9294334770522042e-05 - -5.474107773164612e-05 - 0.00010857996026006846
B2: 0.00011561575529975648 - -9.916022206451594e-06 - 3.029078773611475e-05 - 8.305853666569279e-05
