Number: 2468
Error: 1.2404928617244373e-06
A1: [0.060107780277597805, -0.05121580619080769, -0.026736117556437948, 0.004549604546080976] - [0.04222030290988865, 0.18986485829178468, -0.14407236428179712, -0.09411651646116814] - [-0.13218965296936971, 0.4060859371093519, -0.1136840654464477, -0.19587948867399183] - [0.03219994275789406, 0.014338132667465461, -0.0379441655065029, -0.027857582941272774]
A2: [0.06528733461547821, -0.17186061461708105, 0.08811858134797303, 0.025794180203894658] - [0.030221691299331506, 0.20121335594866796, -0.10078812601405096, -0.12696455022120226] - [-0.09189065082914015, 0.5152286127823937, -0.2240762925384529, -0.19359977956566954] - [-0.02398973382831176, 0.020483315529181798, -0.04834111889289043, 0.05889276892509265]
B1: 0.000864118632992189 - 0.0008145502770685201 - -0.00027687408323459725 - -5.281494069855636e-05
B2: -0.001671580075548424 - -0.00042938822550961354 - -5.4844892619127774e-05 - -8.448536609903241e-05
