Number: 7466
Error: 7.879283028158841e-16
A1: [0.08043173308558312, -0.18046776235503806, -0.01958880863022063, 0.11962502013363412] - [0.037415635853999915, 0.13359644199292764, -0.13472613044935827, -0.036285769268107074] - [-0.0017027714309406632, 0.22819016408760356, -0.12282833513302456, -0.10365886265530994] - [0.03886328071605249, -0.11448097239539498, -0.046416395138352225, 0.12203427421109031]
A2: [0.0353074763133808, -0.02927344245289565, -0.0756973183355051, 0.06966344254628737] - [0.10289376192783549, 0.28289671261782173, -0.3926063853636137, 0.006816007791742828] - [-0.01118706174803422, 0.5390146291581746, -0.35945097929511516, -0.1683764242672785] - [0.09786282796264587, 0.017463345180187866, -0.16885098333212387, 0.05352490835648786]
B1: 7.080755252084083e-09 - 1.1331220236889337e-08 - 3.3333314113835245e-09 - 9.264512056235846e-09
B2: 4.7263949866759035e-09 - 7.444234648176953e-09 - 4.832592658517426e-09 - 4.634623753720161e-09
