Number: 4570
Error: 7.078994048815743e-16
A1: [0.06621308268600312, -0.11395217649295097, -0.023984049198214095, 0.07172276931998268] - [0.03740247731666707, 0.18819324063249207, -0.147409079309167, -0.07818714271956476] - [-0.0602295616776324, 0.3289506173033927, -0.12775329595173837, -0.1409685074754229] - [0.039046185629997884, -0.053322660921326225, -0.03741856476232953, 0.0516951458402674]
A2: [-0.00910861963582854, -0.34680323198616914, 0.24945504612222624, 0.10645663391603541] - [0.08003978658263375, 0.036282214760571405, -0.05025015508588899, -0.06607200268472169] - [-0.04245278857601513, 0.23083192517121634, -0.0405312124506178, -0.14784780481851828] - [0.06813468251235369, -0.29346795820759364, 0.14177113630506605, 0.08356175252166664]
B1: -7.346008173180214e-10 - -3.642673525683492e-08 - 4.461834980920279e-09 - -3.884489284820537e-08
B2: -3.2208045822128317e-08 - -5.8948804101998124e-08 - 4.934760338968551e-08 - -3.041647075715404e-08
