Number: 1693
Error: 1.8626734627064552e-07
A1: [-0.008477362610633251, -0.016302550087043285, 0.0016572895474303159, 0.018117860106781014] - [0.06760081965188196, 0.1906289222999275, -0.14593566444747919, -0.10900170611042564] - [-0.11345427427941036, 0.44091245214275837, -0.0717051566721309, -0.2590477647672526] - [-0.023923215317247223, 0.01478648062166022, -0.0304997014061092, 0.03831663313560305]
A2: [0.13347848274364257, -0.2227545283430509, 0.024522836765503934, 0.07200443083035299] - [0.03333848709031366, 0.20443121139744, -0.11419905838181584, -0.12077861614097814] - [-0.09431434788666067, 0.5558575467984228, -0.23489391870634913, -0.22533607289017657] - [-0.01891024739621081, -0.017381242804237394, 0.01001323944721398, 0.03401890042082895]
B1: -0.0006416552197241133 - 0.0009659520071051622 - -0.0008621115848027664 - -0.0003659257296233194
B2: -0.00012592813717095057 - -7.474687529333046e-05 - 0.0004848606191441584 - 0.00014626561219734525
