Number: 6061
Error: 5.850699433776951e-14
A1: [0.08043318353720656, -0.18046631206809668, -0.01958735991328899, 0.11962647041921097] - [0.03741725648767879, 0.13359806139907388, -0.13472451304600766, -0.03628414953311473] - [-0.001702503898537242, 0.22819043161528163, -0.12282806799142533, -0.10365859519354888] - [0.03886446485685063, -0.11447979157753299, -0.04641521175187824, 0.1220354576160685]
A2: [0.03530667286899173, -0.02927424812010521, -0.07569808223741362, 0.06966260165493264] - [0.10289246861118836, 0.28289540832435156, -0.39260763624119493, 0.006814653499827944] - [-0.01118911081182041, 0.5390125678726624, -0.3594529187757067, -0.16837858343853385] - [0.09786134841061614, 0.017461858898154763, -0.1688523917680449, 0.05352335530779009]
B1: 3.9252992863867347e-07 - 2.5659299073844014e-07 - 4.032009018962155e-10 - -6.443407934128518e-08
B2: -2.410908634264632e-07 - -3.967129621515569e-07 - 1.4709745341448032e-06 - 7.287651361534611e-08
