Number: 9013
Error: 4.0927125617988494e-05
A1: [0.15829167454063783, -0.06617079626562315, 0.07806791550307483, 0.21983010329527453] - [0.03260136751755985, 0.15516174320872742, -0.08892968480109807, 0.002750243093224811] - [0.05074419778086749, 0.2956441622100294, -0.03875913823303223, -0.009941282250968592] - [0.07284372808987133, -0.05547537303049988, 0.0013780047566456233, 0.16820242141766026]
A2: [0.08317470426330507, -0.06337970674725157, -0.11095722634052901, 0.11732868849393356] - [0.14513835305440703, 0.26758907269454874, -0.3843951194708109, 0.06444956467410953] - [0.024927333756635126, 0.4623317577769051, -0.4021746623062658, -0.12900840045739612] - [0.15325262305200416, -0.02890378663913113, -0.1913612829801737, 0.11701766959385199]
B1: 0.00026857080516815707 - -0.007488396524939158 - 0.004890576850642278 - -0.0016419486310904324
B2: 0.010640889292396396 - -0.00638796174425659 - -0.017019145064302195 - -0.0015846605252663702
