Number: 5615
Error: 1.941264651531892e-08
A1: [0.06653120427036271, -0.11364128604961916, -0.02366701927616269, 0.07203919868578747] - [0.03731887380264905, 0.18811348684727788, -0.14749153648221047, -0.07827019067527173] - [-0.06002120252423929, 0.32914981970789, -0.1275508762365494, -0.14076687432578625] - [0.03918084100356916, -0.05319534477580464, -0.03728898670937363, 0.05182375165145231]
A2: [-0.009754028314815734, -0.3474878554985118, 0.24880433700409404, 0.1057800620349946] - [0.08030453579036997, 0.03656735827173308, -0.04996081075649595, -0.06578013256161401] - [-0.04228397986670392, 0.23101812930431934, -0.040350826156146304, -0.14766170941610673] - [0.06802177789291258, -0.2935923677669292, 0.14164738742115995, 0.08343398937716143]
B1: -0.0005127901627589992 - 0.00017533067820000792 - -2.1695566639132366e-05 - 0.00016244557530688416
B2: 5.985058763700684e-05 - -0.0004067820353502048 - 4.220461582866063e-05 - 0.00010907140491463504
