Number: 841
Error: 3.1691180147510174e-11
A1: [-0.012185295013804524, -0.014549935809328276, 0.018052022996092376, 0.008549007225373644] - [0.06583738412466827, 0.18949732786513002, -0.14532034868089047, -0.11000616839701544] - [-0.09632299187598183, 0.42175717480743197, -0.05348979765372117, -0.27207058998955846] - [-0.001353244016551576, -0.018249773036736024, -0.0038689010584539328, 0.023340053450600733]
A2: [0.16158088651650723, -0.1677604978147135, 0.008495617112892, -0.0023387566305359034] - [0.03548511263171704, 0.2075161206781598, -0.11721103256437536, -0.12579262710159064] - [-0.08622155426260872, 0.5815302762381417, -0.2353965203811056, -0.2599433780762853] - [-0.0038355185102879013, -0.004519831871797913, 0.0011097112476948583, 0.007242865513899742]
B1: 1.2871204113327204e-06 - 7.777640299221106e-07 - -1.824207345807964e-06 - 1.606816414582251e-06
B2: -9.618947859278404e-07 - -1.3569815240514546e-05 - -1.1692464236961066e-06 - -2.7129800511814064e-06
