Number: 8133
Error: 1.0064206976591572e-15
A1: [0.08043174287021372, -0.18046775257153636, -0.01958879885732535, 0.11962502991712802] - [0.03741552159987435, 0.133596327825314, -0.13472624447571205, -0.03628588345888123] - [-0.0017027979216643024, 0.2281901375974383, -0.12282836158496574, -0.10365888913896651] - [0.0388632436702404, -0.1144810093372468, -0.04641643216056164, 0.12203423718830197]
A2: [0.035307346650348695, -0.029273572474498386, -0.07569744161761481, 0.06966330684004568] - [0.10289374252016893, 0.2828966930454417, -0.39260640413444786, 0.0068159874690725845] - [-0.011187048024858707, 0.5390146429631374, -0.3594509663057697, -0.16837640980678192] - [0.09786279248316991, 0.017463309539292322, -0.16885101710631653, 0.05352487111460279]
B1: -2.7368173832046833e-08 - -3.272557115055088e-09 - 2.8025698177018966e-08 - 1.7967285408356208e-08
B2: 4.043978126674497e-08 - -4.751053633969788e-08 - 1.0745149817154446e-08 - 1.088386943520268e-08
