Number: 9929
Error: 9.47809302628089e-16
A1: [0.05317255143169696, -0.14800126968386573, -0.026999046030679267, 0.1218278232741383] - [0.005313765409906829, 0.1308367399093695, -0.11360069818621277, -0.022549717718898344] - [-0.01444446845634092, 0.22309162895277054, -0.12704117148300595, -0.08160592487580595] - [0.027146301277001704, -0.10002019685678462, -0.049424667553377016, 0.12229796118141399]
A2: [0.08925439259000531, -0.07291343886124677, -0.12362748796317487, 0.1072863135121772] - [0.10884179766085843, 0.24981424998530857, -0.40484522203532747, 0.04618955010862785] - [0.03663601274926843, 0.46255519981684207, -0.3777173712119483, -0.12147318585367413] - [0.1434266475420668, -0.04460640977845019, -0.20149932619221467, 0.10268008001572503]
B1: 1.279137615560282e-08 - 1.921659827061064e-08 - -1.5191589307275958e-08 - -5.40328624255866e-08
B2: 1.5810760694663775e-08 - 5.094958531365695e-10 - 2.4475018058647127e-08 - -5.77310974589006e-08
