Number: 9958
Error: 1.0396430784062165e-15
A1: [0.05317256778349022, -0.14800125332604006, -0.026999029696876602, 0.12182783963385353] - [0.005313766553804317, 0.1308367410544805, -0.11360069704247276, -0.022549716573372687] - [-0.01444439431702915, 0.22309170311926052, -0.12704109740234865, -0.08160585070999761] - [0.027146493601563154, -0.10002000453261464, -0.04942447482322581, 0.12229815399460066]
A2: [0.08925444149695293, -0.07291339006739947, -0.12362744015813304, 0.1072863630221101] - [0.10884163332690135, 0.24981408562236, -0.4048453831143555, 0.04618938300970238] - [0.03663578672911535, 0.4625549749727335, -0.3777175917285181, -0.12147341421798737] - [0.14342635287429772, -0.04460670334869108, -0.20149961390982535, 0.10267978097630891]
B1: 4.454114196712927e-09 - -2.2243229436022888e-08 - -1.9563546809532224e-08 - -1.3530076012527654e-08
B2: -1.287010797957072e-08 - 5.4970351849859415e-09 - -6.317871496150663e-08 - 4.521813538443843e-08
