Number: 1046
Error: 6.386938192672253e-05
A1: [-0.032526173591628633, -0.04428910126475382, -0.020910339155997923, -0.011096409034094257] - [0.06873631343385589, 0.1916635340150532, -0.14496160813400358, -0.10781308272523378] - [-0.17672875194507365, 0.3699064048160362, -0.14488928535754728, -0.33827173446005937] - [-0.05077158483778964, -0.01723685572698484, -0.04816607704810107, 0.005696434134883473]
A2: [0.14772147369981467, -0.20293738768862257, 0.030121652456817992, 0.0810987033078033] - [0.024950210755708416, 0.19610038722524123, -0.12220814044189963, -0.12981092684496587] - [-0.014856040986419815, 0.6414435082963491, -0.14933209660504956, -0.15741236284460572] - [-0.019263749294809427, -0.018577555098447565, 0.008387699945687405, 0.031088003503966774]
B1: -0.016864365744472882 - 0.013437908565380182 - -0.009548557793797652 - 0.0005201610927209987
B2: -0.0018396057286415952 - 0.0002992695507135867 - -0.0029851853544020056 - 0.0015367393883992959
