Number: 9405
Error: 6.866843868536903e-12
A1: [0.05316999377135784, -0.14800382811844306, -0.027001600782247382, 0.12182526460886137] - [0.0053135959333099935, 0.13083657037994634, -0.11360086750997077, -0.022549887143009147] - [-0.014446310690662857, 0.22308978571186852, -0.12704301242887536, -0.08160776801517845] - [0.027144508716296395, -0.10002198863152113, -0.04942646331455138, 0.12229616509215181]
A2: [0.08923184130445143, -0.07293593813946202, -0.12364953116047829, 0.10726348449218573] - [0.10882911879324, 0.24980156889506197, -0.40485764980721606, 0.04617665772460598] - [0.03662384738993346, 0.4625430975609966, -0.37772924027691707, -0.12148547757723187] - [0.14342182143906682, -0.04461121812886837, -0.20150403837914566, 0.10267518178194027]
B1: -8.869327809881085e-06 - 6.550929743785634e-06 - 9.971497116417644e-08 - 8.166143470039949e-06
B2: 1.6073030932821276e-06 - 2.232443234793575e-06 - 4.409594610085957e-06 - 3.897572837023829e-06
