Number: 674
Error: 3.5207263674455924e-15
A1: [-0.012153033376845156, -0.01451679987012763, 0.018087681814939235, 0.008583482537135478] - [0.06583578026744259, 0.18949578501709097, -0.14532200693667907, -0.1100079541224997] - [-0.0962925262690803, 0.4217866193155364, -0.053456738863395865, -0.27203509605033016] - [-0.0013219667188118123, -0.018219693480583516, -0.003835607271778491, 0.02337620442571265]
A2: [0.16158716507262397, -0.16775433736931664, 0.008501769196406156, -0.002332636396462051] - [0.03548568167665199, 0.20751668059656406, -0.11721046589012718, -0.12579207049061814] - [-0.08621329086880275, 0.5815383703856278, -0.23538847966582319, -0.25993532066704295] - [-0.003834581774177851, -0.004518910691170766, 0.0011106384560842857, 0.007243761610062441]
B1: 6.91279071223189e-08 - 3.1749185999227214e-07 - 1.785262384100108e-07 - 5.584849340832349e-08
B2: 1.0237524378896079e-07 - -5.4171103184712785e-08 - 1.7400794278985394e-07 - 3.3226400983630286e-07
