Number: 5579
Error: 1.6710874552746202e-09
A1: [0.06624703681234047, -0.1139189565821827, -0.023950100658678586, 0.07175668142629649] - [0.03740900841419281, 0.1881995006684512, -0.1474026453726714, -0.0781807133582966] - [-0.060220755201968394, 0.3289591311786783, -0.12774461663444536, -0.14095988761360886] - [0.03896566301249101, -0.0533990520934111, -0.037496416353609736, 0.0516179164970387]
A2: [-0.009101916886319, -0.3467961181623489, 0.24946185599463871, 0.10646370332573955] - [0.08007855198459485, 0.03632398004954535, -0.05020778376418513, -0.06602927130387634] - [-0.04247008905347127, 0.2308128403458897, -0.040549771986805996, -0.1478669457587461] - [0.06812304435285992, -0.2934807646423897, 0.1417585069190898, 0.08354869911248768]
B1: -2.7304782069316617e-05 - -2.5884674433233936e-05 - 7.400435489265655e-06 - 5.4629710939368406e-06
B2: 3.1275885638081895e-05 - 2.2310499508556704e-05 - 2.7395871315458983e-05 - 4.006074641357472e-05
