Number: 6206
Error: 6.835130798494827e-16
A1: [0.0804316467401316, -0.1804678486906998, -0.019588894872419504, 0.1196249337980512] - [0.037415556152157414, 0.13359636235141373, -0.13472620999239343, -0.0362858489257938] - [-0.0017028280269651547, 0.22819010749279198, -0.12282839164618427, -0.10365891923623177] - [0.03886321694152684, -0.11448103599093512, -0.046416458872230074, 0.12203421047621128]
A2: [0.03530738556784974, -0.029273533449429737, -0.07569740461518112, 0.06966334757123885] - [0.10289371343654394, 0.28289666371496863, -0.39260643226376124, 0.006815957014253675] - [-0.011187068500557493, 0.5390146223653921, -0.35945098568657735, -0.16837643138259603] - [0.09786277984515353, 0.01746329684382257, -0.1688510291368595, 0.053524857848781145]
B1: -2.8207396733506593e-08 - -9.598972162156523e-09 - -6.3013589821467945e-09 - -9.633836048012128e-09
B2: -2.3147672358131183e-08 - -2.852597763447859e-08 - 5.54551870256585e-10 - -9.170385152146864e-09
