Number: 6300
Error: 1.0677577853282926e-15
A1: [0.08043164823784953, -0.1804678471931516, -0.019588893376492524, 0.11962493529559796] - [0.03741555589948625, 0.1335963620989341, -0.13472621024456063, -0.03628584917832485] - [-0.0017028372303694384, 0.2281900982895836, -0.12282840083611371, -0.1036589284371801] - [0.03886320693428519, -0.11448104597009288, -0.046416468873095244, 0.12203420047518915]
A2: [0.03530750399301362, -0.02927341469671425, -0.07569729201811419, 0.06966347151608873] - [0.1028937938397089, 0.2828967448005288, -0.39260635449888964, 0.00681604120814886] - [-0.011186962593740487, 0.5390147289039032, -0.3594508854435267, -0.1683763197848188] - [0.09786286233658086, 0.017463379710478767, -0.1688509506104002, 0.05352494443797336]
B1: -2.1136132501297313e-08 - 9.424385995671274e-09 - -1.513073695924549e-08 - 7.977603526272067e-10
B2: -2.243910682424843e-08 - -2.0079688680065523e-08 - -4.202214134007589e-09 - -1.1382786208999313e-08
