Number: 5480
Error: 1.1212748637444405e-13
A1: [0.06621300799070315, -0.1139522495217011, -0.02398412383718277, 0.07172269474782957] - [0.037402832333152364, 0.18819357982638701, -0.14740873030069637, -0.07818679368001674] - [-0.06022938304186561, 0.3289507888695747, -0.1277531211520859, -0.14096833361538624] - [0.039047425690431126, -0.05332148390770786, -0.03741736505261572, 0.05169633580876869]
A2: [-0.009108065556275233, -0.3468026441940554, 0.24945560468543315, 0.1064572148315438] - [0.0800421261950846, 0.03628473518919505, -0.05024759802540144, -0.06606942391384389] - [-0.04245405892615089, 0.23083052313857055, -0.0405325738049252, -0.1478492097687766] - [0.06813379341154939, -0.2934689371434515, 0.14177017243636097, 0.08356075568441303]
B1: -7.391926496239869e-07 - 1.1452275873678485e-06 - 1.789022183373482e-07 - 3.5639657747117495e-07
B2: 2.5031057605962095e-07 - -6.945084768831808e-08 - -1.1434496679283899e-07 - 6.19444160922751e-07
