Number: 6463
Error: 9.931260632622401e-16
A1: [0.08043169405439857, -0.1804678013817955, -0.01958884761472796, 0.11962498110691155] - [0.037415596513218366, 0.13359640268192302, -0.13472616971175333, -0.03628580858709368] - [-0.001702813709695757, 0.2281901218097533, -0.12282837734987674, -0.10365890492278579] - [0.038863233272682256, -0.11448101970561445, -0.04641644255148005, 0.12203422679721397]
A2: [0.03530745596898948, -0.0292734628535657, -0.0756973376787194, 0.06966342125370978] - [0.10289375443449757, 0.2828967050608785, -0.3926063926110858, 0.0068159999451220974] - [-0.011187091786291407, 0.5390145989407651, -0.3594510077270168, -0.16837645591959705] - [0.09786281605066947, 0.017463333214027106, -0.16885099467157144, 0.053524895852809964]
B1: 2.2130640001643048e-09 - 4.629693853893547e-09 - -5.198155830377043e-10 - 2.0785569961197766e-09
B2: 4.498136961307613e-09 - 1.5606626163047852e-09 - 6.3208892471933715e-09 - -1.0571860295723193e-09
