Number: 4187
Error: 9.440671659410256e-16
A1: [0.06621318315473619, -0.11395207826933039, -0.023983948808301847, 0.07172286962013834] - [0.037402617385300804, 0.18819337445858766, -0.14740894161095253, -0.07818700500914924] - [-0.060229394225685934, 0.32895077813181794, -0.12775313209308556, -0.1409683444982774] - [0.03904612054409105, -0.05332272269847324, -0.037418627730802456, 0.05169508338309946]
A2: [-0.009108411509166846, -0.3468030111963638, 0.24945525593291762, 0.1064568521255078] - [0.08003983425840562, 0.036282266120991814, -0.05025010297904772, -0.06607195013541652] - [-0.04245286172365323, 0.23083184444094856, -0.04053129083862937, -0.14784788571709592] - [0.0681348341458658, -0.2934677912525762, 0.14177130069054078, 0.0835619225307208]
B1: 5.895750233605627e-09 - -1.8727472946758687e-09 - -2.8155373304260944e-08 - 1.1219676760717267e-08
B2: -1.18609566918481e-09 - 5.718245183360281e-09 - -2.414931858084437e-09 - -1.6520657242308087e-08
