Number: 8825
Error: 8.786317298850599e-06
A1: [0.07585533166229398, -0.18509145332879168, -0.024036297763153573, 0.1150349141543989] - [0.0349196829869648, 0.1310426609505844, -0.13706415119500856, -0.038801499891358025] - [-0.009082361225529002, 0.22077023251855096, -0.13008314958854755, -0.11104498628589181] - [0.03404729294932826, -0.11932432752364658, -0.05111264035231066, 0.11720923925910284]
A2: [0.039847115148649345, -0.02480124116618634, -0.07125100838084501, 0.0744062765190695] - [0.10273858660101974, 0.2827073534431905, -0.39265729646729763, 0.006650446743669898] - [0.009912284386319522, 0.5601157073798193, -0.3394044715105354, -0.1461646660919609] - [0.09952582132880217, 0.019068373153567554, -0.16714016245855756, 0.05526316821576478]
B1: -0.001248840416027805 - 0.00116441406504879 - -0.007027424493492577 - 0.00019623796420310336
B2: -0.0031400869716871303 - -0.0036354717974177602 - 0.0007871030768645286 - -0.003324728848854845
