Number: 4322
Error: 1.0039338608200424e-15
A1: [0.06621334005203566, -0.11395192487817359, -0.023983792034128114, 0.07172302625413483] - [0.037402632824110785, 0.18819338920932507, -0.14740892643341477, -0.07818698983026712] - [-0.06022930640311687, 0.3289508624805174, -0.12775304615513752, -0.14096825902251603] - [0.03904600330098536, -0.05332283398121172, -0.037418741159609074, 0.05169497087528365]
A2: [-0.009108392421522542, -0.3468029909474121, 0.24945527517494615, 0.1064568721377551] - [0.08003990771591452, 0.03628234525577102, -0.05025002269417614, -0.06607186916881619] - [-0.042452779682284676, 0.23083193498688995, -0.040531202919840734, -0.1478477949824069] - [0.06813480671050481, -0.29346782146010497, 0.14177127094798528, 0.08356189177060092]
B1: -4.3580378017436344e-08 - 1.4282161650576913e-08 - 6.746570754207255e-09 - 5.588396068244704e-09
B2: -7.910301824397702e-09 - -2.785885804634961e-08 - -4.994747000986671e-09 - 2.5996193202646186e-08
