Number: 416
Error: 1.0307120062423877e-11
A1: [-0.012120613546495832, -0.014483500387417528, 0.018123516458229367, 0.008618127924014741] - [0.06583922820596508, 0.18949910185966243, -0.14531844201778937, -0.11000411527508859] - [-0.09627596871551806, 0.4218026228033859, -0.053438771172834076, -0.2720158051689433] - [-0.001299616961212654, -0.01819819831889216, -0.0038118157365841098, 0.023402037683584856]
A2: [0.1615939535279082, -0.1677476772456779, 0.00850842110406332, -0.0023260182112090975] - [0.03547952569196536, 0.20751062353025534, -0.11721659606279282, -0.12579809264153596] - [-0.08621292949832929, 0.5815387245051203, -0.23538812775768736, -0.25993496814408507] - [-0.003841378490085503, -0.0045255941543373805, 0.0011039118413990125, 0.007237259411145344]
B1: 8.387258960863565e-07 - -2.975550198748824e-06 - -1.5471011093023377e-06 - 1.9028260811687083e-06
B2: -1.1490282059493112e-05 - -2.0047617690728613e-06 - 5.477054617395974e-06 - 4.626687945707643e-06
