Number: 8436
Error: 1.1723609999066008e-15
A1: [0.0804316753336739, -0.18046782010039517, -0.01958886631310301, 0.11962496238831896] - [0.03741560839212165, 0.13359641455183174, -0.13472615785639785, -0.03628579671471762] - [-0.0017028209672931996, 0.2281901145523065, -0.12282838459684609, -0.10365891217843352] - [0.0388632115755563, -0.11448104134182162, -0.04641646423477602, 0.12203420511359411]
A2: [0.03530742997749977, -0.029273488916906898, -0.07569736239108926, 0.0696633940507906] - [0.10289374759825189, 0.28289669816665075, -0.3926063992229738, 0.006815992786560872] - [-0.011187095429467763, 0.5390145952757945, -0.35945101117534045, -0.16837645975858073] - [0.09786281544781843, 0.01746333260840484, -0.16885099524540795, 0.05352489521995381]
B1: -2.7524729410372704e-09 - 4.048727263265704e-09 - 4.345080759370387e-09 - 7.52416100973333e-09
B2: -7.5376753887404e-09 - 2.10846601973351e-08 - 2.1144404944951285e-10 - -1.0910032166986739e-08
