Number: 8301
Error: 1.070678911945481e-15
A1: [0.08043165182539849, -0.18046784360604068, -0.019588889793295476, 0.11962493888269295] - [0.03741553896132844, 0.13359634517363664, -0.13472622714881907, -0.03628586610701678] - [-0.0017028449208182082, 0.22819009059928458, -0.12282840851530773, -0.1036589361255816] - [0.038863190729717896, -0.11448106212919963, -0.04641648506736323, 0.12203418428066821]
A2: [0.03530760414779951, -0.029273314264876175, -0.07569719679183859, 0.06966357633853733] - [0.10289377338076502, 0.28289672416795697, -0.3926063742864475, 0.006816019784581509] - [-0.011187045087140694, 0.5390146459183766, -0.3594509635251322, -0.16837640671122564] - [0.09786264488707239, 0.01746316127185884, -0.16885115760851613, 0.053524716187057085]
B1: -2.3820062294502825e-08 - 7.763960174110524e-08 - -4.210378172606912e-08 - -1.6792811737201308e-08
B2: 3.4014731673394365e-09 - -4.133627909077885e-09 - -1.3416440695457163e-08 - 7.3434374735650386e-09
