Number: 833
Error: 5.8743479456105305e-12
A1: [-0.01215353614958935, -0.014517316237199157, 0.018087126073769045, 0.008582945267815546] - [0.06583991537663714, 0.18949976282284128, -0.1453177315957318, -0.11000335009872188] - [-0.09629602296773232, 0.42178323980953364, -0.053460533219886364, -0.2720391699079999] - [-0.0013272146640994726, -0.018224740289034, -0.003841193573275308, 0.023370138914697133]
A2: [0.1615845167793359, -0.16775693581429288, 0.008499174225360184, -0.002335217903807838] - [0.035486291528526316, 0.2075172806495937, -0.11720985860176848, -0.1257914738694937] - [-0.08621535793167576, 0.5815363456736639, -0.23539049107611915, -0.25993733610970804] - [-0.003838839176964725, -0.004523097313932186, 0.0011064246184195067, 0.007239688513875288]
B1: 2.1362404006893078e-06 - 1.3048141974351597e-06 - 2.5901979065101112e-06 - -2.631064491703317e-07
B2: 1.207423218784603e-06 - -6.780097209908592e-06 - 2.4085681444044804e-06 - 1.3719666850784572e-06
