Number: 5522
Error: 2.667341214116157e-11
A1: [0.06621604270530138, -0.11394928260093408, -0.023981091496952205, 0.07172572437467858] - [0.03740257796362869, 0.18819333681542394, -0.14740898035899008, -0.07818704376358547] - [-0.06022230615529165, 0.32895758588856133, -0.12774619610000346, -0.14096144580898518] - [0.039057257712695435, -0.05331215167510753, -0.037407852879844904, 0.05170577074215765]
A2: [-0.009096475712213418, -0.346790349254822, 0.24946728832415663, 0.10646936615624067] - [0.08004292872780988, 0.036285599741486804, -0.05024672089961991, -0.06606853932842793] - [-0.04244356367190724, 0.23084210627999036, -0.04052132668805796, -0.14783760245682182] - [0.06814435546654943, -0.29345730793483926, 0.1417816226983937, 0.0835725976497771]
B1: -1.3342757993679436e-06 - -9.920857155720756e-07 - -2.213835040576545e-06 - -1.993834809890081e-06
B2: 1.4961072103001375e-06 - 1.036056228279466e-06 - 3.5373431705824784e-06 - 5.389298793623262e-06
