Number: 5846
Error: 9.003461475405592e-07
A1: [0.08159754125949911, -0.179314801624403, -0.01841541573639951, 0.12079473086150853] - [0.041411331561357005, 0.13758059237380377, -0.1307377935034877, -0.03229255332832606] - [-0.0020736921512846005, 0.2278130173205219, -0.12319023706228191, -0.10402553505988596] - [0.03778197031375629, -0.1155700797455795, -0.04748018957495854, 0.12096236190835973]
A2: [0.033020395788740234, -0.03157465251580108, -0.07786558386372133, 0.06728096830790523] - [0.0967081599947399, 0.27662928740479475, -0.3985929247318576, 0.00035547573385739787] - [-0.009600182665174607, 0.540619404845681, -0.3579402462193462, -0.16670352461876245] - [0.09751590787003353, 0.017115632427036863, -0.16917494439339414, 0.05316480769132045]
B1: 0.00013174067096973535 - 0.0006264784928160809 - -0.0012959900369533426 - -0.0005029171216332621
B2: 0.0008189579727319075 - 0.0004890132765890685 - 2.5264964041614638e-05 - 0.0005124540301514506
