Number: 6420
Error: 9.384793092618596e-16
A1: [0.08043169831776266, -0.18046779711891422, -0.01958884335646165, 0.11962498536978873] - [0.03741559724606657, 0.13359640341421655, -0.1347261689803654, -0.03628580785465141] - [-0.0017028094646083568, 0.22819012605475017, -0.12282837311100486, -0.10365890067883128] - [0.038863227678659566, -0.1144810252839381, -0.046416448141938065, 0.12203422120666806]
A2: [0.03530743385196718, -0.029273485031761123, -0.07569735870729237, 0.06966339810583723] - [0.10289375141736369, 0.28289670201813777, -0.39260639552921756, 0.00681599678574056] - [-0.011187097812220633, 0.5390145928788938, -0.35945101343068686, -0.1683764622693329] - [0.09786281046338914, 0.017463327601331964, -0.16885099999029843, 0.053524889987981966]
B1: 7.203854939583403e-10 - 2.9935590605960842e-09 - 3.915447020133542e-09 - 1.5211905962750487e-10
B2: 7.049731398292063e-09 - 3.047074811124074e-09 - 5.244937348596731e-09 - -4.8512007296626845e-09
