Number: 6694
Error: 9.016585263886835e-16
A1: [0.08043167118770315, -0.18046782424590121, -0.019588870454081524, 0.11962495824282775] - [0.037415566822862206, 0.13359637301403934, -0.1347261993429514, -0.03628583826100365] - [-0.0017028339895283303, 0.22819010153035088, -0.12282839760001527, -0.10365892519720532] - [0.038863205991391425, -0.11448104691034172, -0.046416469815387856, 0.12203419953287824]
A2: [0.03530743151611113, -0.02927348737407759, -0.07569736092819573, 0.0696633956611118] - [0.10289377034132545, 0.28289672110270997, -0.3926063772262109, 0.006816016601896802] - [-0.011187148706948149, 0.5390145416805973, -0.35945106160363544, -0.16837651589890354] - [0.09786278122620734, 0.017463298231159052, -0.1688510278221945, 0.05352485929844955]
B1: -6.205838995508987e-09 - 7.334158348564363e-09 - -2.255141999433667e-08 - -1.1351413237010024e-08
B2: -8.535882437790798e-09 - -1.05406242627192e-08 - -1.5639320726129648e-09 - -1.6031037055343923e-08
