Number: 5035
Error: 1.033522313230212e-15
A1: [0.06621320518072678, -0.11395205673552335, -0.02398392679959253, 0.07172289160915908] - [0.03740266038611302, 0.18819341554298227, -0.14740889933783793, -0.07818696273231292] - [-0.06022948348558274, 0.32895069240246155, -0.12775321943762064, -0.1409684313728469] - [0.03904623872060131, -0.05332261052959347, -0.03741851339880399, 0.05169519678671996]
A2: [-0.009108605626578361, -0.3468032171245006, 0.24945506024482506, 0.10645664860407429] - [0.08003981798187942, 0.03628224858656948, -0.05025012076824065, -0.06607196807570172] - [-0.042452812417531724, 0.23083189885828298, -0.040531238000074576, -0.14784783118635028] - [0.06813477632240146, -0.293467854918738, 0.14177123800413435, 0.08356185769992046]
B1: -1.873945833922102e-08 - -5.995367672375578e-09 - -3.480049676937662e-09 - -5.3166613917735144e-09
B2: -3.731000211919309e-09 - -4.3505185227479685e-08 - 1.733973532481193e-08 - -3.1739483865877533e-08
