Number: 169
Error: 2.3017715425208364e-05
A1: [-0.03368139986892488, -0.036812913180620195, -0.006001529489388513, -0.014745187373284323] - [0.07193827167152587, 0.19536513520153143, -0.139046210202418, -0.1032204863011752] - [-0.09261678448133563, 0.4254754404810648, -0.04941308965944375, -0.26773872096807844] - [-0.0031503222798782426, -0.02002532713413791, -0.005427596856663051, 0.021346838981624098]
A2: [0.18279749065992676, -0.1470827051517489, 0.029408897492331422, 0.01801041075565547] - [0.0487884682813495, 0.22058245340067983, -0.10400484435207503, -0.11286342312307024] - [-0.0813029461675371, 0.5862816249583054, -0.2306366937649245, -0.25548311273312274] - [0.0026357491293507204, 0.0018757354081687864, 0.007521209607177316, 0.013288891791495117]
B1: -0.0005116755083885243 - 0.002250852158690436 - 0.007457587546628165 - 0.004633305060824118
B2: 0.014785834903883984 - -0.009412709057880025 - 0.0032562641708403926 - 0.002236101021912629
