Number: 1450
Error: 4.532572621124334e-09
A1: [-0.007043857112169444, -0.014848808508267872, 0.0031465095322695128, 0.019602316006734687] - [0.0668442769891509, 0.18990130830596463, -0.14671697340413484, -0.10984284744162474] - [-0.11259655604533048, 0.44177425167345713, -0.07080117350944125, -0.25811199721563993] - [-0.02319633246932866, 0.0155140933806261, -0.02975817278821048, 0.039094148635707135]
A2: [0.13170332335924326, -0.22451311346154482, 0.022781819297872683, 0.07027512677503761] - [0.03262233180179542, 0.2037257092517403, -0.11491210362713686, -0.12148085703412013] - [-0.09476092982852961, 0.5554039563859239, -0.23533820669156952, -0.2257708838377474] - [-0.02079938234092608, -0.019248191423281196, 0.008145834550840943, 0.03220855658541579]
B1: -3.0273651853244542e-05 - 2.824524213232117e-06 - 1.7455141972631027e-05 - -5.5034806723560047e-05
B2: -4.085016269824801e-05 - -6.419185680077709e-05 - -1.0508625118274878e-05 - -0.00010043375030484376
