Number: 8743
Error: 8.061756802652295e-11
A1: [0.08043956601743302, -0.18045993027393192, -0.019580985117266855, 0.1196328521559635] - [0.03743062806571186, 0.13361142285486396, -0.13471116818627926, -0.03627078538328009] - [-0.0016986857116697623, 0.2281942496985153, -0.12282425547171197, -0.1036547780483891] - [0.03887025866012763, -0.11447401401660655, -0.04640942171145847, 0.12204124779796151]
A2: [0.03529050608236007, -0.029290459654321803, -0.07571345344506758, 0.06964568142841851] - [0.1028823446166627, 0.28288519843337845, -0.3926174280072761, 0.006804052243411884] - [-0.011194348140894157, 0.5390072992783931, -0.35945787602063495, -0.16838410214830607] - [0.09784847523538083, 0.017448927137254128, -0.16886464621572284, 0.05350984272784728]
B1: -4.969753843082812e-07 - -2.1332548844163495e-06 - -3.4037417915620756e-06 - -1.3983311401680468e-06
B2: -9.866107158754253e-06 - -1.3380473048391585e-05 - -7.461523929163204e-06 - -8.010315718767683e-06
