Number: 8995
Error: 0.0005125127255588813
A1: [-0.005010575465409523, -0.2397941368119642, -0.08583884747722001, 0.054631949024475476] - [0.07902705367389354, 0.20435992936957753, -0.04316045291241782, 0.05022427537833863] - [-0.05187100570581101, 0.1887384856548933, -0.14290256681782715, -0.11583569642676489] - [0.05866365761346285, -0.07105711002695736, -0.01357913832599239, 0.15409327351014845]
A2: [0.16753464991799763, 0.05370636237605378, -0.016989656844176967, 0.22545457471519126] - [0.1641656192875152, 0.30431336764711064, -0.35984745684733177, 0.09595298615244338] - [0.12149028575025266, 0.5883725485098272, -0.2955054958174442, -0.010399796386193816] - [0.2286278714806227, 0.07662946171956385, -0.10412019270734892, 0.21455987930683412]
B1: 0.007564746750830886 - 0.024732705133723217 - 0.010155519632937628 - 0.019237045249881783
B2: -0.04130251336870236 - -9.624265410595502e-05 - 0.052638887958708414 - -0.011867540883876093
