Number: 5540
Error: 6.777242264652362e-11
A1: [0.06620807807354791, -0.11395706916607133, -0.023989049796040118, 0.07171777317695456] - [0.03741069074446032, 0.1882010881555463, -0.14740100478734344, -0.07817906751691661] - [-0.060238596545903786, 0.3289419392523206, -0.12776213709706905, -0.1409773009907773] - [0.03904345960725601, -0.05332524890481652, -0.03742120224445498, 0.05169252986506929]
A2: [-0.009070757756480656, -0.3467630663874919, 0.24949321299397229, 0.10649632850895306] - [0.08004973369513116, 0.036292930709422674, -0.05023928368260833, -0.06606103900243612] - [-0.04243750072409165, 0.23084879787807772, -0.04051483031056679, -0.14783089814449282] - [0.06815970402442537, -0.2934404083809868, 0.14179826100462536, 0.08358980504457039]
B1: -8.835424005163802e-06 - -7.155207389982464e-06 - -6.964067792480364e-06 - -9.748479258718122e-06
B2: 7.403807456960812e-07 - -8.262506177936913e-06 - -2.0017871989205406e-06 - -2.5303507931427954e-06
