Number: 4409
Error: 9.36782635031662e-16
A1: [0.0662131532621606, -0.11395210749393071, -0.023983978677435566, 0.07172283977772138] - [0.03740262842452575, 0.18819338500581653, -0.1474089307585436, -0.07818699415579444] - [-0.06022939002305585, 0.328950782168162, -0.12775312798068997, -0.14096834040795073] - [0.03904610536054191, -0.05332273711008164, -0.03741864242035149, 0.051695068812848834]
A2: [-0.009108452554628213, -0.3468030547392175, 0.24945521455532974, 0.10645680909150301] - [0.0800398845984808, 0.03628232035168216, -0.05025004796020606, -0.0660718946493718] - [-0.04245279277324375, 0.23083192053890447, -0.04053121694861424, -0.1478478094604732] - [0.06813463448504131, -0.2934680110877464, 0.1417710842390214, 0.08356169867416259]
B1: -6.025620372117468e-08 - 5.233807645843405e-08 - 2.3551248865636762e-08 - -3.3115667893242644e-08
B2: -3.888965609854859e-08 - 2.363435476906942e-08 - -7.695557249448392e-09 - 1.7724431471398637e-10
