Number: 2266
Error: 2.4487450615661854e-05
A1: [0.04784628083600094, -0.056131171204503214, -0.031839189413585246, -0.0027015030585313756] - [0.03399057203255069, 0.17410300392450093, -0.16891410422953063, -0.1177343042453847] - [-0.11573224090792715, 0.4372907247002455, -0.07879133643435011, -0.15967673179443792] - [0.034222003658742714, 0.030914821478697438, -0.0162021921458241, -0.016578292788469305]
A2: [-0.009474194532057814, -0.255082187695698, 0.01830382845191514, -0.050287468003076485] - [-0.012102208817557207, 0.16002690134458872, -0.1409251667029086, -0.1692371186168635] - [-0.15950406671496237, 0.46606678077821395, -0.2839037091562531, -0.2578387617651655] - [0.02554150614897502, 0.08684522678712914, 0.006034205608340809, 0.11367221408689258]
B1: -0.012309994599473087 - -0.0028447847294121205 - 0.037464449356170625 - 0.022626551615425
B2: 0.011452007299997432 - -0.0019240756060535293 - 0.023191407846512857 - 0.01646426148303621
