Number: 4446
Error: 1.3608627191233968e-15
A1: [0.06621308370596324, -0.11395217549578393, -0.023984048179047163, 0.0717227703382579] - [0.037402672827787316, 0.18819342743012382, -0.147408887106732, -0.07818695050012223] - [-0.0602293720673791, 0.3289507994136006, -0.12775311041032272, -0.14096832293208095] - [0.039046141687275375, -0.05332270263010582, -0.03741860727544418, 0.05169510367239188]
A2: [-0.009108541189303467, -0.34680314876671825, 0.24945512520350485, 0.10645671616291709] - [0.08003972904118184, 0.03628215277194062, -0.050250217975440166, -0.06607206610824087] - [-0.04245280322233035, 0.23083190900665257, -0.04053122814626191, -0.14784782101676058] - [0.06813485556532285, -0.29346776766887817, 0.14177132391124406, 0.08356194654581638]
B1: 8.416067181778175e-09 - -3.3085851208806974e-08 - -1.2487155633158108e-10 - 2.4016442791856103e-08
B2: -5.027827630117276e-08 - 4.390741157589139e-08 - 1.4591223566418302e-08 - -6.704403674737386e-09
