Number: 1538
Error: 1.0076566907997683e-08
A1: [-0.007519217813750325, -0.015328671113258887, 0.0026518475933248816, 0.019113723607701034] - [0.06739605977420346, 0.190432165745327, -0.1461467048432065, -0.10922903790960371] - [-0.11323843174944247, 0.4411447018624356, -0.071470253629868, -0.25880688572619426] - [-0.024412396123657698, 0.014319156846036548, -0.030999131303802517, 0.03781061669281599]
A2: [0.13178832857417372, -0.22442962554867849, 0.02286525020671273, 0.07035845277074286] - [0.03273118346088198, 0.20383270852997495, -0.11480365577475318, -0.12137448740903352] - [-0.09450398142371912, 0.5556564435814371, -0.235086087524683, -0.2255191385844827] - [-0.020765360026867713, -0.019214625918426997, 0.008178964793274126, 0.03224127482863186]
B1: 0.00028361895020961853 - 1.2183118144892952e-05 - 0.0002486352878260753 - 0.00017880282600356534
B2: 0.00019017778336808257 - 0.00027992427274960407 - 0.00023039173663306 - 9.802881806220105e-05
