Number: 441
Error: 4.822191471117565e-12
A1: [-0.012160305279379731, -0.014524268743893608, 0.01807964435251819, 0.00857571178564648] - [0.06583554531917851, 0.18949555902750426, -0.1453222498298554, -0.11000821573647121] - [-0.09628326699115161, 0.42179556854405736, -0.0534466911439093, -0.2720243083488162] - [-0.0013099298908673166, -0.01820811715415627, -0.0038227941450333335, 0.023390117191192585]
A2: [0.16159147059888776, -0.1677501129984354, 0.008505988156586703, -0.0023284388522165746] - [0.03548365363971973, 0.20751468514871738, -0.11721248541845834, -0.12579405442942854] - [-0.0862151887984303, 0.5815365114128568, -0.2353903263154157, -0.25993717136445454] - [-0.003826423087196364, -0.004510887584174717, 0.0011187137582073607, 0.0072515674414333105]
B1: 1.3854233233383464e-06 - 2.1242467687135246e-06 - 1.8744131809528523e-07 - 1.2424716958668767e-06
B2: 5.268356872777089e-06 - -6.04241631175292e-07 - 4.791390774158399e-06 - 2.4539033817109175e-06
