Number: 3490
Error: 8.351906240955205e-10
A1: [0.06621806400207698, -0.11394730843798331, -0.02397907959008117, 0.07172774383854204] - [0.03742456866970088, 0.1882143445058106, -0.14738735445708134, -0.07816542595868527] - [-0.06027207600928624, 0.3289097859227107, -0.1277948910593205, -0.14100989310203907] - [0.038961772802459896, -0.05340278634005209, -0.037500218307791856, 0.05161414829886592]
A2: [-0.009158248489221107, -0.3468558811305313, 0.24940502412856244, 0.10640461688690447] - [0.0799699229612391, 0.036206950077605306, -0.05032651306551989, -0.06614900041403592] - [-0.04243875547712995, 0.23084739207897578, -0.04051618122084003, -0.14783229770355397] - [0.06809940523329448, -0.2935067977602585, 0.1417329070617259, 0.08352221044962169]
B1: 2.034631529151781e-05 - 5.832562678223393e-05 - -2.5618959067715623e-05 - 2.4317903847685638e-05
B2: 1.0644535386589112e-05 - -2.9907377524680927e-05 - -4.962190250182282e-06 - 1.4218741407841724e-05
