Number: 955
Error: 3.6685826895051075e-06
A1: [-0.01135846787432975, -0.013701352798001106, 0.018966233770162298, 0.009433414959250774] - [0.06557700722784023, 0.18924674311260492, -0.1455895463746542, -0.11029606280936265] - [-0.09466187788295756, 0.4233618891489756, -0.05168692096539394, -0.27013411988116154] - [-0.00013552776466604325, -0.0170793542392891, -0.002572326506494212, 0.02474880810404575]
A2: [0.1623810204106051, -0.16697490479053145, 0.009279751135425693, -0.0015585012568654713] - [0.035485353635964736, 0.2075164033881773, -0.11721075886331632, -0.125792335690653] - [-0.08676312484058817, 0.5810001257139378, -0.23592349235500454, -0.2604713821504304] - [-0.005611913319917015, -0.006266539341515012, -0.0006486514716034054, 0.005543265897225981]
B1: -0.0011385203482555005 - -0.0010345704206527664 - -0.00036392291628970115 - 0.00022263971942539042
B2: 0.0013397640468982958 - 0.001579469586999085 - 0.0010967562127606636 - 0.0011643065171338693
