Number: 2834
Error: 8.756237927620373e-09
A1: [0.06343358775448482, -0.04787289370414636, -0.023444357697330467, 0.007854552261831401] - [0.04378041648672077, 0.19138548254720392, -0.14244204469982324, -0.09238110682902805] - [-0.12333290056712963, 0.4149723676991134, -0.104746904495373, -0.18696159376804] - [0.036878575576219666, 0.01904177892937008, -0.033257680280984046, -0.023176717014500497]
A2: [0.06406533173431402, -0.17306512691999468, 0.08694515283351549, 0.02457348604375593] - [0.02949296827447885, 0.20049870471859246, -0.10150773795829807, -0.12767421738982504] - [-0.09317227762697482, 0.5139151111816074, -0.22536780602487166, -0.19486769072573035] - [-0.025811424016443624, 0.018635730642990133, -0.05017116724835488, 0.057090278954410476]
B1: 0.00011472338668391515 - 8.551439768888449e-05 - -0.0001247700938052203 - 3.887142888329398e-05
B2: -5.563351157643043e-05 - 0.00012501205761563535 - -0.0001079251987384364 - -0.00010839702598066444
