Number: 2259
Error: 8.947092415731928e-05
A1: [0.055288598390048335, -0.04850218872290078, -0.024731711476740054, 0.005119838636793923] - [0.0500904395687278, 0.18921842052693813, -0.15326679598057102, -0.10018114818036002] - [-0.14317570937914179, 0.40965824098763304, -0.10624376369664629, -0.190097689075059] - [0.015217322957055187, 0.012474647092081757, -0.03500068820496665, -0.03604129811126515]
A2: [0.032521945908058694, -0.2144038442399041, 0.05973803439870863, -0.008818481549516932] - [0.023045098085422672, 0.19420926942714534, -0.1053995266019724, -0.13504820028657089] - [-0.07708424770584393, 0.5470513227581286, -0.2037011056558403, -0.17978468454771668] - [-0.17280106735098533, -0.10883903449796978, -0.19381429695743818, -0.07733403484667714]
B1: 0.01605605619171315 - 0.035444133808459156 - -0.049561775016161595 - -0.005082921807352439
B2: -0.006628817378674175 - -6.211975216715605e-05 - -0.011573573598817001 - -0.006702837532735447
