Number: 3051
Error: 1.3954648165823703e-07
A1: [0.06258028765544091, -0.04872510083622655, -0.024292208400224113, 0.006999494933727264] - [0.04307307890225746, 0.19070181699721417, -0.14316825075176237, -0.0931575491452209] - [-0.12560829250137556, 0.41271273732445735, -0.10702226699470642, -0.18921977442004118] - [0.03668165299793964, 0.01884150670435363, -0.03346260294143715, -0.023387717606081097]
A2: [0.06613019025850995, -0.171011081358733, 0.08900590895055989, 0.026612607536782087] - [0.030430350936786806, 0.2014225628007315, -0.10057415494575947, -0.12675765707744774] - [-0.09282498358885528, 0.514252438782076, -0.22502012290444662, -0.19452787438182614] - [-0.025547013375533802, 0.01888911735638057, -0.04991869562789597, 0.05735079921687374]
B1: -0.000751628380776675 - 0.0008281265655605686 - 0.00024011878714479316 - 0.0006443583789974564
B2: 3.978101164121535e-05 - -0.00020395325207644724 - -0.000282305051853305 - 0.00031240340175920414
