Number: 9677
Error: 6.160924522682184e-15
A1: [0.053172728589748114, -0.14800109246125034, -0.02699886906851472, 0.12182800051745826] - [0.005313771409371341, 0.13083674591384695, -0.11360069218977763, -0.022549711710728] - [-0.014444602161422635, 0.22309149519783805, -0.1270413050834336, -0.08160605862852607] - [0.027146508274309533, -0.10001998986044858, -0.049424460120233216, 0.122298168704534]
A2: [0.08925410039288305, -0.07291373038342365, -0.12362777357703551, 0.10728601771194583] - [0.10884140848711706, 0.2498138607428661, -0.40484560350004084, 0.04618915438722827] - [0.03663523131627122, 0.4625544224504371, -0.37771813361574497, -0.12147397539080093] - [0.14342575805484167, -0.04460729595373004, -0.2015001946998369, 0.10267917733160996]
B1: 7.879542397687792e-08 - -2.167287574012874e-07 - -1.7069870783573748e-07 - 1.235793536680583e-07
B2: 8.241258419355272e-08 - 3.247913926290454e-08 - -1.3697083504078358e-07 - 2.9113169419983904e-09
