Number: 6213
Error: 9.61781663846626e-16
A1: [0.0804316520557716, -0.18046784337566185, -0.019588889563135585, 0.11962493911308406] - [0.03741556290259773, 0.1335963690967449, -0.1347262032554037, -0.03628584217909288] - [-0.001702829025473977, 0.22819010649430446, -0.12282839264323109, -0.10365892023447412] - [0.03886321771492104, -0.11448103521971137, -0.04641645809932873, 0.1220342112491248]
A2: [0.03530737662485629, -0.029273542417158658, -0.0756974131180601, 0.06966333821142014] - [0.1028937120135438, 0.28289666227989124, -0.3926064336400681, 0.006815955524163913] - [-0.011187072452744305, 0.5390146183896318, -0.3594509894274058, -0.16837643554715612] - [0.09786277755948573, 0.017463294547757923, -0.1688510313126661, 0.053524855449572514]
B1: -2.879476476850431e-08 - -1.0578526274912303e-08 - -4.3159569922969425e-09 - -1.021418814764325e-08
B2: -2.0415057322778104e-08 - -2.584960039828721e-08 - -1.2973521107717653e-09 - -1.008342785457731e-08
