Number: 599
Error: 1.1742954322975822e-14
A1: [-0.012153848730795896, -0.014517637324069977, 0.01808678060307458, 0.008582611236970555] - [0.06583521850269589, 0.1894952446232118, -0.1453225877523255, -0.11000857959125734] - [-0.0962932508450508, 0.42178591902884044, -0.053457525113097454, -0.27203594021570987] - [-0.0013222915718979196, -0.01822000589712705, -0.0038359530661239137, 0.023375828949743042]
A2: [0.1615865896095858, -0.16775490199251064, 0.008501205341266976, -0.0023331973921355467] - [0.03548576171995731, 0.20751675935370423, -0.11721038618235077, -0.12579199218752204] - [-0.08621369387062702, 0.5815379756494361, -0.2353888717955273, -0.2599357136531372] - [-0.003834762391262783, -0.004519088303011199, 0.0011104596933770748, 0.0072435888090418]
B1: 1.0687258058809683e-07 - 1.2055562246750723e-07 - 9.232726046288889e-08 - 9.588033122913401e-08
B2: -1.9140869494679952e-07 - 2.8320320928403406e-08 - 5.37388399814294e-07 - -2.454500133135254e-07
