Number: 4608
Error: 9.214888015548477e-16
A1: [0.06621312783866481, -0.11395213234930116, -0.023984004080991134, 0.07172281439686091] - [0.03740258263831347, 0.18819334126019138, -0.1474089757699123, -0.07818703917114636] - [-0.06022930513818317, 0.32895086369548526, -0.1277530449173325, -0.14096825779117575] - [0.03904615613302889, -0.05332268891874249, -0.03741859329966391, 0.051695117534651364]
A2: [-0.009108397795141207, -0.3468029966480959, 0.24945526975780552, 0.10645686650371368] - [0.08003986733908584, 0.03628230175837238, -0.05025006682371868, -0.06607191367310612] - [-0.04245272198474356, 0.2308319986653839, -0.04053114108882572, -0.14784773117118916] - [0.06813477269600861, -0.29346785891157234, 0.1417712340727283, 0.08356185363408311]
B1: -2.6619627200191512e-08 - 6.6604595012071616e-09 - 2.3137218310086004e-08 - -1.4290920142191065e-08
B2: -3.393033006366373e-08 - -2.2740191313610688e-08 - 3.902776616410396e-08 - -1.7259800625219762e-09
