Number: 5820
Error: 3.010499569757513e-06
A1: [0.06855512788315019, -0.19241906031860698, -0.031428567167139855, 0.10775166439982839] - [0.021000631440143032, 0.11713538131626489, -0.15115551326958232, -0.05273004280297947] - [-0.007315195599015635, 0.22255302643987052, -0.12838591263993593, -0.10924853342860882] - [0.03835942185277163, -0.11501645923865567, -0.04680666195740394, 0.12159334054418561]
A2: [0.035272905921066966, -0.02934621312951551, -0.07567537650283829, 0.06972914418034223] - [0.0991226809849718, 0.2789357629278327, -0.3962175677592806, 0.003035983567529799] - [-0.003239793826614796, 0.5471178420441929, -0.3519387878398165, -0.1600971707201944] - [0.10090169243327086, 0.02055738959243497, -0.16594879291707024, 0.05669489079149371]
B1: -0.0005076100858314309 - -0.0005267566477949666 - -0.0015971590582683326 - -0.001253839656076728
B2: -0.0017003831103436676 - -0.0005962049262487571 - -0.00350881188365572 - 0.000702828527066891
