Number: 7198
Error: 9.037044943768055e-16
A1: [0.0804317055117138, -0.18046778992577872, -0.01958883617111276, 0.11962499256291716] - [0.03741560978319698, 0.13359641594185975, -0.13472615646821431, -0.036285795324466456] - [-0.0017028299934582773, 0.22819010552634345, -0.12282839360978386, -0.10365892120219482] - [0.03886325712017493, -0.11448099592504947, -0.04641641871919132, 0.12203425062988037]
A2: [0.03530736989966262, -0.029273549160946332, -0.07569741951235638, 0.06966333117283728] - [0.10289377215598125, 0.28289672293276963, -0.3926063754710878, 0.006816018502102239] - [-0.01118711020261613, 0.5390145804145821, -0.3594510251584544, -0.16837647532554545] - [0.09786276815589817, 0.017463285101398166, -0.16885104026429762, 0.05352484557889381]
B1: -5.2888056619702054e-09 - -7.463156163760114e-09 - 2.195550015895945e-08 - 9.403308222647276e-09
B2: 1.0150705112052233e-08 - 9.446977259306985e-09 - -1.1345758143209584e-08 - 1.3135280640536322e-08
