Number: 9342
Error: 3.2276731318961035e-11
A1: [0.05318270464929273, -0.14799110985580197, -0.02698890205116026, 0.12183798373486064] - [0.005276080821384369, 0.1307990132612847, -0.11363837948703859, -0.022587459719973054] - [-0.014455356499020114, 0.2230807371100794, -0.12705204928916847, -0.08161681430280304] - [0.02714728376872593, -0.10001921261500009, -0.04942368152753137, 0.12229894756683787]
A2: [0.08930372221399449, -0.07286422431772083, -0.12357927314445274, 0.10733625182269221] - [0.10881502152674849, 0.24978747387379138, -0.404871469819327, 0.04616232636781393] - [0.036671341024370266, 0.4625903446469388, -0.3776829056045461, -0.12143749065935883] - [0.1434880775775539, -0.04454520736854733, -0.2014393482183769, 0.10274242242176743]
B1: 3.622067318835457e-05 - 5.168549190984937e-06 - -1.3243960848566976e-06 - -2.1019096440980236e-05
B2: -6.012046046187201e-07 - 5.175997855665532e-06 - 1.920970350657889e-05 - -6.8437217613089145e-06
