Number: 3238
Error: 0.006211242383806239
A1: [0.005984262567835595, -0.1578711350586832, -0.0907912240345337, 0.0098176181179081] - [-0.12345376212958101, 0.02143297829333554, -0.30809478026013637, -0.2348178449587519] - [-0.49792852244713215, -0.037227454040041866, -0.5250161042356409, -0.5324154201278944] - [-0.29461266785874896, -0.3381258480097304, -0.34980818920374146, -0.25395170038985126]
A2: [0.018507229824478125, -0.39704380405451983, 0.23729037361384858, 0.06465112588865807] - [-0.002624815650153406, 0.040236444539115845, -0.10471570613193629, -0.1268096455054798] - [0.08238423826950991, 0.39179820490850376, 0.009041791036190051, -0.07541103403010072] - [0.22286488209046496, -0.07855393538097963, 0.2222245522326107, 0.19600286290833385]
B1: -0.10268588187081458 - -0.3898378503536439 - -0.18412639139584752 - -0.1866713469065047
B2: -0.2447969396653977 - -0.3287181720034267 - -0.10562014853943154 - -0.1161544667650215
