Number: 1186
Error: 1.2236769453068928e-07
A1: [-0.007800117437713867, -0.01560523310663355, 0.0023573072352429253, 0.018817638847698052] - [0.06786668975581985, 0.1908854413809264, -0.14566043892163438, -0.10870376863237052] - [-0.11363553235077305, 0.4407629579718886, -0.07187861464035412, -0.2592426054613837] - [-0.025919125271379156, 0.012846367750582104, -0.03252325507858916, 0.03620982041040574]
A2: [0.1310120432332494, -0.2251912644251008, 0.022104208592575707, 0.06960354781742471] - [0.03274183262382428, 0.20384456118601027, -0.11479245738373868, -0.12136513143566008] - [-0.09479908829424968, 0.5553639924091944, -0.23537984215817187, -0.2258196662015482] - [-0.0233023526517998, -0.021721839659001468, 0.005662735591020131, 0.029805195048968617]
B1: -0.0005985501170371354 - -0.0006852327988276732 - 0.00048440599315222103 - 4.592983125469705e-05
B2: -4.293205009400563e-05 - 0.00041211909865680957 - -0.0004986762671550771 - -0.0006435084132482838
