Number: 3952
Error: 9.013663600184688e-16
A1: [0.06621322418933673, -0.11395203815171881, -0.023983907805903922, 0.07172291058587373] - [0.037402583848924566, 0.18819334241685395, -0.1474089745797877, -0.07818703798089544] - [-0.060229271194148046, 0.3289508962967868, -0.12775301170170028, -0.14096822475444168] - [0.039046257658609855, -0.05332259255456995, -0.03741849507710902, 0.05169521495967603]
A2: [-0.009108582225458269, -0.3468031922996736, 0.24945508383536902, 0.10645667313877606] - [0.08003981055079007, 0.036282240581095845, -0.050250128890119615, -0.06607197626651908] - [-0.042452784055690466, 0.23083193016015574, -0.0405312076065554, -0.1478477998192417] - [0.0681347759639876, -0.2934678553133688, 0.14177123761578983, 0.08356185729807629]
B1: 1.7200495852904614e-08 - -6.2462967541951205e-09 - 9.743272811555966e-09 - -1.154259445703134e-08
B2: 1.2351890277146426e-08 - -3.65464055106824e-08 - -2.988684527333206e-08 - 5.151411945956125e-08
