Number: 3935
Error: 1.0475696129766523e-15
A1: [0.06621318671186278, -0.11395207479169117, -0.023983945253966982, 0.07172287317129589] - [0.037402591066703475, 0.18819334931295123, -0.14740896748415855, -0.07818703088463803] - [-0.060229467146547415, 0.32895070809536503, -0.12775320344913013, -0.14096841547055883] - [0.03904621835816858, -0.0533226298570565, -0.037418533098965374, 0.0516951772465524]
A2: [-0.009108506004877923, -0.3468031114415161, 0.24945516067265736, 0.10645675305192527] - [0.08003981175898095, 0.03628224188266272, -0.050250127569635414, -0.06607197493482168] - [-0.042452845277337274, 0.2308318625921096, -0.040531273214118965, -0.1478478675281145] - [0.06813458569437733, -0.2934680648086362, 0.14177103134506908, 0.08356164397051405]
B1: 2.051247939158942e-08 - -3.731142115262484e-08 - 3.0974212496107486e-08 - -5.05596894792433e-10
B2: -3.0610193406709913e-10 - -3.4732911916969977e-09 - 3.9675671909986985e-08 - -9.475140860740209e-09
