Number: 8652
Error: 2.507258568097001e-15
A1: [0.08043164312241041, -0.18046785230799095, -0.01958889848583143, 0.1196249301807566] - [0.03741554117615721, 0.1335963473868063, -0.13472622493832323, -0.03628586389337958] - [-0.001702839368448817, 0.22819009615154193, -0.1228284029710678, -0.10365893057467408] - [0.03886318074005551, -0.11448107209074346, -0.04641649505061658, 0.12203417429729145]
A2: [0.03530729624692219, -0.029273623017351775, -0.0756974895408099, 0.06966325408758486] - [0.10289365334726382, 0.2828966031157817, -0.3926064903814121, 0.0068158940921726995] - [-0.01118724954470054, 0.5390144402414135, -0.35945115704921476, -0.16837662215465676] - [0.09786267869289822, 0.017463195231461955, -0.1688511254275879, 0.0535247516721812]
B1: -2.1602087702201935e-08 - -1.8425052989374625e-08 - -1.6057552604663416e-08 - -2.0265703377932167e-08
B2: 1.2380560907099986e-08 - 3.010542430432964e-08 - 3.801348655403332e-08 - 1.1664036343955624e-08
