Number: 4814
Error: 1.2186960679816822e-15
A1: [0.06621319677931987, -0.11395206494921462, -0.023983935194426462, 0.07172288322182546] - [0.03740261636035353, 0.18819337347933157, -0.14740894261854912, -0.07818700601685112] - [-0.06022935155533292, 0.3289508191143365, -0.12775309033840523, -0.14096830296796917] - [0.03904627281149853, -0.05332257817182544, -0.03741848041704563, 0.05169522950067595]
A2: [-0.009108519777373812, -0.34680312605209873, 0.24945514678858396, 0.10645673861206768] - [0.08003987168134824, 0.03628230643622767, -0.05025006207785157, -0.06607190888695601] - [-0.04245276644632848, 0.23083194959484982, -0.04053118873559153, -0.14784778034401158] - [0.06813472179170843, -0.29346791495931235, 0.14177117888768068, 0.0835617965610729]
B1: 2.1300368808050106e-08 - 1.0497101436160487e-08 - -1.784464536584841e-08 - -5.647550169466276e-08
B2: -9.231700358177361e-09 - -6.439322622163812e-09 - -1.538678856049688e-08 - 1.9629165641265056e-08
