Number: 555
Error: 2.2527431617658864e-13
A1: [-0.012153643251856939, -0.014517426274191251, 0.018087007721510916, 0.008582830816733302] - [0.06583564600702767, 0.1894956558643876, -0.14532214575007335, -0.110008103607914] - [-0.09629234649509642, 0.42178679306867634, -0.05345654378175442, -0.2720348866014451] - [-0.0013194006578446584, -0.018217225654417267, -0.0038328757791644347, 0.02337917036914861]
A2: [0.16158706588315472, -0.167754434689905, 0.008501672011357635, -0.002332733089166321] - [0.03548571443584163, 0.2075167128294263, -0.11721043326840168, -0.12579203844348813] - [-0.08621349460792727, 0.5815381708263639, -0.23538867790775042, -0.2599355193414084] - [-0.0038346709535133586, -0.004518998386136212, 0.0011105501940020669, 0.007243676289850868]
B1: -2.619207798756482e-07 - 3.1721931330547447e-08 - 1.2455387685312705e-07 - -6.465164923307884e-08
B2: -2.864394621550384e-07 - -3.224253248273435e-08 - -1.2977709869963349e-06 - -1.5332914583216448e-07
