Number: 849
Error: 1.1057687891329453e-09
A1: [-0.012143898374438567, -0.014507417466000556, 0.018097778683794436, 0.008593244073010656] - [0.06585320257291359, 0.18951254445901625, -0.1453039938094953, -0.10998855621953621] - [-0.09626277951390291, 0.42181536873789893, -0.05342446014101419, -0.27200044011115093] - [-0.0013258851540434416, -0.018223461422827908, -0.003839778404627896, 0.02337167569197728]
A2: [0.16158163861682842, -0.16775975992894523, 0.008496354043371101, -0.0023380228771489714] - [0.03548671955776556, 0.2075177017736337, -0.1172094323685491, -0.12579105500907103] - [-0.08619968227920376, 0.5815517000387397, -0.23537523820468406, -0.2599220487191231] - [-0.0038352059501533526, -0.004519524609047949, 0.0011100205916306958, 0.0072431647910641056]
B1: -2.9454260326014326e-06 - -2.2574748846604075e-05 - -7.82031164909425e-06 - -5.468908925289025e-06
B2: 4.403336299290768e-05 - 2.2668820688733274e-06 - 3.366891801790455e-05 - 9.507526678709819e-06
