Number: 1394
Error: 4.0541635965463136e-10
A1: [-0.007285359855776898, -0.015092448129515889, 0.0028954680872334995, 0.01935431599888635] - [0.06673392260850135, 0.1897951191576273, -0.14683106870570797, -0.10996558251586307] - [-0.11265944681981482, 0.44171269996734097, -0.07086667654777311, -0.2581800538234208] - [-0.023623634485721714, 0.015094261585355154, -0.030194287038746215, 0.03864310241394169]
A2: [0.1317677015028874, -0.22444984840070004, 0.02284516435222807, 0.0703379880138101] - [0.03258717996618809, 0.20369113564510843, -0.11494711346964813, -0.1215152297372851] - [-0.09462640691206116, 0.5555362838412351, -0.23520590401646324, -0.22563882397752055] - [-0.020737139504912752, -0.019186834421281752, 0.00820755120406115, 0.03226840915977984]
B1: 1.7211312884009207e-05 - -7.692045744812914e-05 - 7.783223167799933e-05 - -3.4140362494868644e-05
B2: -2.8669808120288643e-05 - -8.25580610999728e-06 - -2.228867743258501e-05 - -2.038632475600923e-05
