Number: 4337
Error: 8.704474468810212e-16
A1: [0.066213141424784, -0.11395211906676259, -0.023983990505499327, 0.07172282796023495] - [0.03740260402645334, 0.18819336169511672, -0.14740895474372023, -0.07818701814307963] - [-0.06022932651618456, 0.3289508431630219, -0.1277530658365952, -0.14096827859813962] - [0.03904632513267067, -0.05332252851066702, -0.037418429798176805, 0.05169527970855968]
A2: [-0.009108736995369992, -0.3468033564862861, 0.2494549278131597, 0.10645651087096042] - [0.08003982803164013, 0.03628225941299484, -0.05025010978453968, -0.06607195699866797] - [-0.042452851622173056, 0.23083185558961078, -0.04053128001344485, -0.1478478745451317] - [0.06813499246572649, -0.29346761693560075, 0.1417714723244922, 0.08356210003640203]
B1: 8.941484593365286e-08 - -1.230686361494324e-08 - -4.9317812547581864e-08 - 4.657232249732947e-08
B2: 7.551274880479695e-08 - 3.528506146886185e-08 - 3.7046679723408033e-09 - -3.7418822788892283e-08
