Number: 6634
Error: 1.0553541729347248e-15
A1: [0.08043168119001502, -0.18046781424472205, -0.019588860463729388, 0.11962496824399725] - [0.037415594080772815, 0.13359640025131886, -0.13472617213935206, -0.03628581101819192] - [-0.0017028478495407723, 0.22819008767063606, -0.12282841143973582, -0.10365893905351947] - [0.038863241502466776, -0.11448101149892546, -0.04641643432693944, 0.1220342350218835]
A2: [0.03530745801207086, -0.029273460804833104, -0.0756973357361829, 0.06966342339201545] - [0.10289374064827521, 0.2828966911576505, -0.3926064059449371, 0.006815985508928415] - [-0.011187095213918795, 0.5390145954926934, -0.35945101097133914, -0.1683764595314094] - [0.09786282305915017, 0.017463340254387342, -0.1688509879999523, 0.05352490320943431]
B1: -3.9814223148497275e-09 - 4.7192949195837786e-09 - -4.6665486359417865e-09 - -5.150980642600587e-09
B2: -7.33266526501162e-10 - 5.3153716004855915e-09 - -2.1346737915206127e-08 - 9.102842480630529e-09
