Number: 2596
Error: 4.3363960105500704e-08
A1: [0.06263636736200244, -0.04866240102889516, -0.024232106385774842, 0.0070655281661399635] - [0.04370710456868739, 0.19131455903579478, -0.1425177515565587, -0.09246258298205187] - [-0.12333702036946592, 0.4149781735551502, -0.10474068962671486, -0.1869542965039489] - [0.03597614284622092, 0.01814562178351601, -0.03415412606192668, -0.024068494954248905]
A2: [0.06269792966806662, -0.17443065578169523, 0.0855879885961662, 0.023224759421011647] - [0.02930326055448133, 0.2003115393351023, -0.10169699190443146, -0.12786039676854005] - [-0.09413960868522242, 0.512964737974098, -0.2263398388447657, -0.19580555214030385] - [-0.02690172458008776, 0.017553794282458197, -0.05126894071568013, 0.05602583254276628]
B1: -0.00021014275355777723 - 0.00016171765733746625 - -8.429623106152336e-05 - -0.00011245999408700244
B2: 4.875581428036436e-05 - 8.000155767057791e-05 - -9.052614456207028e-05 - 0.00021586243058141282
