Number: 8396
Error: 1.108504812896494e-15
A1: [0.0804316893431975, -0.1804678060924691, -0.019588852320339203, 0.11962497639623063] - [0.03741556092090511, 0.13359636711656456, -0.13472620523301215, -0.03628584415961718] - [-0.0017028321473518035, 0.22819010337248624, -0.12282839576053589, -0.10365892335550911] - [0.0388632387057876, -0.11448101428774196, -0.046416437121844484, 0.12203423222694744]
A2: [0.03530740365580703, -0.02927351531138615, -0.07569738741747445, 0.06966336650234549] - [0.10289380244346497, 0.282896753477324, -0.3926063461773436, 0.00681605021742408] - [-0.01118708406490175, 0.5390146067081406, -0.35945100041850647, -0.16837644778336922] - [0.09786281674434387, 0.017463333910817516, -0.1688509940112013, 0.053524896580882886]
B1: 2.4342231259118865e-09 - -5.559805454504137e-09 - 6.492075827287247e-09 - 1.8657497220102933e-08
B2: 1.256311519429415e-08 - -4.565543248633612e-09 - 9.540772301615867e-09 - 1.3419620122528949e-08
