Number: 4709
Error: 1.5153531265477432e-15
A1: [0.06621314075447556, -0.11395211972210971, -0.023983991175316906, 0.07172282729099318] - [0.037402571713736295, 0.18819333082250458, -0.14740898650960782, -0.0781870499117913] - [-0.06022957520282523, 0.32895060431309053, -0.12775330918674405, -0.14096852063921872] - [0.03904608307111117, -0.05332275826643788, -0.037418663984672404, 0.05169504742356717]
A2: [-0.009108278436745934, -0.34680287002770266, 0.24945539008184017, 0.10645699164424385] - [0.0800399409611596, 0.03628238107039072, -0.050249986359028484, -0.06607183252517225] - [-0.0424527103761956, 0.23083201147724292, -0.04053112864870147, -0.14784771833264831] - [0.06813507129483411, -0.29346753014176613, 0.14177155778221354, 0.08356218841787391]
B1: -9.165066977044302e-08 - 6.35010422343867e-08 - -1.5773911747930864e-08 - 4.663701133998327e-08
B2: 2.9376378621630537e-08 - 2.846819395162451e-08 - -2.0897214522246942e-08 - 7.028600795939063e-08
