Number: 4090
Error: 1.2408560363403294e-15
A1: [0.06621317726279337, -0.1139520840296068, -0.023983954695619664, 0.07172286373808419] - [0.037402623864056066, 0.18819338064859692, -0.14740893524184268, -0.07818699863947276] - [-0.060229345944871136, 0.3289508245028658, -0.12775308484833722, -0.14096829750764017] - [0.03904616930262791, -0.05332267641871991, -0.03741858055855898, 0.051695130172319664]
A2: [-0.009108547031471848, -0.34680315496434705, 0.2494551193140973, 0.10645671003776724] - [0.08003983251655757, 0.03628226424452196, -0.050250104882788436, -0.06607195205532368] - [-0.042452851388206744, 0.23083185584777863, -0.040531279762775076, -0.1478478742865047] - [0.0681348223504408, -0.2934678042398438, 0.14177128790317783, 0.0835619093058864]
B1: 7.027380102924885e-09 - -9.536416964474691e-10 - -1.6863985783561562e-08 - 1.464073633438687e-08
B2: -3.1090789482425273e-09 - 8.583723774643194e-09 - -5.081897045921574e-09 - -2.882240231092512e-09
