Number: 6559
Error: 1.2308619056398826e-15
A1: [0.08043168357947812, -0.1804678118555297, -0.019588858077123482, 0.11962497063318737] - [0.03741557433813513, 0.13359638052362313, -0.13472619184265217, -0.0362858307498933] - [-0.001702794160640341, 0.22819014135839188, -0.12282835782944428, -0.10365888537894759] - [0.03886321010906056, -0.11448104280423013, -0.046416465700341594, 0.1220342036479888]
A2: [0.03530742658868941, -0.029273492315128033, -0.07569736561312305, 0.06966339050402784] - [0.10289373357785117, 0.2828966840272188, -0.3926064127833579, 0.006815978105159549] - [-0.011187118450708989, 0.5390145721173047, -0.3594510329654585, -0.16837648401683583] - [0.09786278866299028, 0.017463305701770054, -0.16885102074286007, 0.05352486710465213]
B1: -1.918102287658782e-09 - -1.8793393801165592e-09 - -4.038853198050307e-09 - -4.982997507788987e-09
B2: -3.341719168339323e-09 - -1.2155960679307675e-08 - 2.0025756711077365e-08 - -1.6230701482815644e-08
