Number: 3032
Error: 4.2095187047299416e-08
A1: [0.063047322279034, -0.04825761813956927, -0.023827464876378983, 0.007467788860769212] - [0.043822045334076465, 0.191425476487686, -0.1423975786506464, -0.09233331621943959] - [-0.12246070719020231, 0.41584978207174145, -0.10386275841431923, -0.18607774632567647] - [0.03698265658724556, 0.01914651266206947, -0.03315821367815505, -0.023079041339592685]
A2: [0.06272700008948559, -0.1743994411012119, 0.08561497450313424, 0.023249682757813427] - [0.028878353326613645, 0.19989336882292424, -0.10212035859732403, -0.1282766501183756] - [-0.09399774607061714, 0.513102079201748, -0.2261962880823987, -0.19566424454766124] - [-0.025617317496343363, 0.018822225814674774, -0.04998485709694167, 0.05728129640091417]
B1: -0.0003393312029915297 - -9.256354534466102e-05 - -0.00017614412753468644 - 0.00019130620288153978
B2: -0.00014200371282974776 - -0.00036449841348547583 - 0.0005328488940885923 - -0.00028536361445479104
