Number: 6331
Error: 1.2622436110894857e-15
A1: [0.08043170515313912, -0.1804677902843099, -0.019588836529256803, 0.11962499220438572] - [0.037415621194250855, 0.1335964273442774, -0.1347261450798972, -0.03628578391973148] - [-0.0017027592853735662, 0.22819017623291418, -0.12282832300524194, -0.1036588505129884] - [0.03886329239324202, -0.11448096075097029, -0.046416383468593975, 0.12203428588102952]
A2: [0.035307420913459946, -0.029273498006057528, -0.07569737100904998, 0.06966338456427658] - [0.10289381713440902, 0.2828967682929349, -0.39260633196856526, 0.006816065601113049] - [-0.0111870525394563, 0.5390146384216935, -0.35945097057905295, -0.1683764145638173] - [0.09786283817739583, 0.017463355441400687, -0.168850973608369, 0.05352491907868031]
B1: -1.229846750906867e-08 - 9.782701880853502e-09 - 1.6454476525703282e-08 - -4.264329726717025e-09
B2: -1.2846461178539596e-08 - -1.3077074219718402e-08 - 2.7499830494803547e-08 - 1.2006590306010082e-08
