Number: 2051
Error: 0.0004013083341124623
A1: [0.06972982809319203, 0.05847832382403596, 0.07770325803177434, 0.09759639419773937] - [0.04598348690757058, 0.1715439863067567, -0.16827594296193532, -0.13499340482164324] - [-0.21197771018154207, 0.32965656301477625, -0.18042152982754855, -0.3626481570126041] - [0.0328656558036787, 0.07772293820621566, 0.030097961963968894, 0.09187735776533754]
A2: [0.20226103298028253, -0.15298588337350033, 0.08197883544783291, 0.14455050606485262] - [-0.021521335759057836, 0.14766507731758072, -0.1702091815001983, -0.17551655706903616] - [-0.024127167235023936, 0.6230796493383126, -0.15958250007622085, -0.16070033080348226] - [0.050624281937804466, 0.0608640828034801, 0.0702312497072514, 0.11374249556375354]
B1: 0.019068314561517773 - -0.00772659206141396 - 0.02062281027879069 - 0.019769337247218955
B2: -0.00577311480044446 - 0.03494121123483372 - -0.02894130286849532 - 0.014871826261966852
