Number: 1479
Error: 4.713569637121751e-09
A1: [-0.0073072923276453604, -0.015114806757633038, 0.00287227832080759, 0.019331384208408027] - [0.06675456522188158, 0.18981497885928614, -0.1468097262121149, -0.1099426496479654] - [-0.11235941389657965, 0.4420068133826353, -0.0705539652776276, -0.25785504267559417] - [-0.024014884469451762, 0.014709744845940896, -0.03059325540494648, 0.03823051735287404]
A2: [0.1316620812686632, -0.224553595123464, 0.022741501335614107, 0.07023476503668985] - [0.032665501135747795, 0.20376818766434424, -0.11486909966701832, -0.12143863684867767] - [-0.09458825459569577, 0.5555736927214658, -0.23516884102398497, -0.22560185643117173] - [-0.02066048391629136, -0.019111340649525212, 0.008283394900290415, 0.03234170115545273]
B1: -5.238935436853035e-05 - -3.311320768292548e-05 - 3.5488627067401574e-05 - -9.044459782608955e-06
B2: -6.912051358132148e-05 - -4.505551044191332e-05 - -9.58839921445318e-05 - 0.00016822001168867361
