Number: 9197
Error: 1.9752397459819177e-07
A1: [0.05318485685394933, -0.14799240181309734, -0.026988885819754675, 0.1218384739236895] - [0.007153537194224822, 0.13268225042125537, -0.11175931553808834, -0.020701659929854052] - [-0.014423386891569922, 0.2231153679087287, -0.12702014004880885, -0.08158045964619438] - [0.02639062794724473, -0.100777806752038, -0.05018344698551632, 0.12154082125583364]
A2: [0.08525277058451892, -0.0769065440760595, -0.12753259066940012, 0.10324030224334058] - [0.10754793452045018, 0.24851393791917573, -0.40611604513219657, 0.04487487390911067] - [0.03306647139953481, 0.45899739802866335, -0.3811993291679733, -0.12507667530121538] - [0.14287065023957551, -0.045162477243796316, -0.20204223775886684, 0.1021158274296744]
B1: -0.0006677757160402388 - 0.00020427117364829565 - -6.217045090840866e-05 - 0.00026762776365427956
B2: 2.1702298856146885e-05 - -0.0005416207518018847 - -0.0004335817250031072 - -0.0001690393019660913
