Number: 5982
Error: 9.62855861463302e-12
A1: [0.08041746560433896, -0.18048202805820254, -0.01960305825305613, 0.11961075472682131] - [0.03741827159159558, 0.1335990754340777, -0.13472350081602105, -0.03628313548074207] - [-0.0017088855406952933, 0.2281840501925951, -0.12283443994222033, -0.10366497496087926] - [0.03885253759222876, -0.11449168518217444, -0.04642713082181545, 0.12202353806940273]
A2: [0.035253664614141166, -0.0293274037402924, -0.07574848200472957, 0.06960712274842336] - [0.10285407875937054, 0.2828566920804023, -0.39264476668027115, 0.006774453567519691] - [-0.01116945678310982, 0.5390323394351368, -0.3594343158189576, -0.16835787329843013] - [0.09784654289862899, 0.01744698595809698, -0.16886648570631463, 0.05350781436597443]
B1: -2.880505090956495e-06 - 7.0620595497131766e-06 - 3.0473801770547008e-06 - -2.5123705981949935e-06
B2: -4.34187418021432e-06 - 3.185596354641869e-06 - -2.4753544417953244e-06 - 1.2809815323584199e-08
