Number: 5516
Error: 8.643470228597263e-13
A1: [0.0662128541756274, -0.11395239988040651, -0.023984277524158586, 0.07172254119749374] - [0.03740177472120862, 0.18819256936078657, -0.14740977001300726, -0.07818783348584833] - [-0.06022920397330764, 0.3289509608899992, -0.12775294590796962, -0.14096815931321557] - [0.03904407214649925, -0.053324666942626366, -0.03742060949063244, 0.051693117711785246]
A2: [-0.00910984346229949, -0.34680453028120356, 0.2494538124043958, 0.10645535084179186] - [0.08003869260203471, 0.03628103623263907, -0.05025135074074214, -0.06607320847608786] - [-0.04245291296966099, 0.23083178787801467, -0.04053134574425422, -0.14784794237516025] - [0.06813500662947129, -0.293467601348096, 0.14177148768658082, 0.08356211593792921]
B1: 8.536319428714952e-07 - 4.5515096548841127e-07 - -9.056632876723258e-07 - -7.163682039613981e-07
B2: -8.351017534821701e-07 - 7.552782250537331e-07 - -5.996215203488858e-07 - -2.643410217625636e-06
