Number: 338
Error: 1.0491303570135782e-09
A1: [-0.01242995235639932, -0.01480122250075256, 0.017781614389153128, 0.008287588354010656] - [0.06579889638805876, 0.1894603032154157, -0.14536014459826013, -0.11004902194027881] - [-0.09632208667066147, 0.4217580608112189, -0.053488807789933646, -0.272069544276776] - [-0.001277560573685227, -0.018176982088223152, -0.003788332188726285, 0.023427517666924934]
A2: [0.1615721787948003, -0.1677690478849956, 0.008487087845799627, -0.0023472465391614723] - [0.03545810957022248, 0.20748954545410542, -0.11723793176514058, -0.12581905003237767] - [-0.08620035243650925, 0.5815510495448641, -0.23537587879830715, -0.25992269622271597] - [-0.0038400056713467417, -0.004524226467718342, 0.0011053030166729523, 0.007238601746985603]
B1: 3.733307152175113e-05 - -0.0001482268929541504 - 4.70675181530681e-05 - 2.1171632383725112e-05
B2: -4.2224589358256006e-05 - -0.00010697355573170658 - 3.4471386913938526e-05 - 3.156719461188625e-05
