Number: 5826
Error: 4.675580678570453e-07
A1: [0.07143202574708317, -0.1895240501776209, -0.02854436783727398, 0.11063791647567114] - [0.02749831613668751, 0.12363929207740333, -0.14462908451432702, -0.046208338823945115] - [-0.00653343165273539, 0.2233379613387818, -0.12761521736653758, -0.10847082401226792] - [0.03452845747298494, -0.11883835677791704, -0.05066643866603539, 0.11774615063334538]
A2: [0.03245125717098561, -0.03216375922193804, -0.07838341804200574, 0.06673200122669107] - [0.09108958532469523, 0.27089487197193285, -0.40401495600350673, -0.0054583563767020065] - [3.336021929949175e-05, 0.5503631392902306, -0.3488217141600263, -0.15659193105989921] - [0.10156878391450506, 0.02120795391458445, -0.16531184066599322, 0.05741015767606624]
B1: 0.0015013123178852518 - -0.0005100112790635569 - -0.0006865674694277729 - 9.191992019652801e-05
B2: -1.772279019503979e-05 - 0.0009669564487788272 - -0.0023469765856786013 - 4.954473067880587e-05
