Number: 239
Error: 4.6144973824839e-07
A1: [-0.01741214121064323, -0.019923860997721546, 0.012262140475250621, 0.0029537271496931526] - [0.06810381487715252, 0.19167629923577645, -0.14297679041159414, -0.10748144669164456] - [-0.09087700573392372, 0.42702276830629565, -0.04756871877807359, -0.2657171407049053] - [0.0016520046957559582, -0.015364304361240588, -0.0006665298934221708, 0.02681233618354705]
A2: [0.16329347080203535, -0.1660748487194373, 0.010183390472074496, -0.0006704490059112596] - [0.03761293805155298, 0.20961187071641263, -0.11509001260637597, -0.12371048383050913] - [-0.08642500784464616, 0.5813244235700186, -0.23560906040304908, -0.2601563172159236] - [-0.004354414984259002, -0.005032660382853107, 0.0005894356087362274, 0.00673949555662641]
B1: 0.00019267597276877266 - 0.0005796763022425066 - 0.0010913070452014159 - 0.0005947538391249676
B2: -0.0005990143313083968 - 0.0026072796253509647 - 0.0002262813299218874 - -0.0003417218458114711
