Number: 6841
Error: 8.625080129479397e-16
A1: [0.08043167122907689, -0.1804678242045317, -0.019588870412758197, 0.11962495828419634] - [0.03741555342514859, 0.13359635962646546, -0.1347262127139701, -0.03628585165129596] - [-0.001702866504821735, 0.22819006901575087, -0.12282843006770174, -0.1036589577038214] - [0.038863195708360006, -0.11448105716451541, -0.04641648009186724, 0.12203418925623759]
A2: [0.035307438879786976, -0.029273479990035205, -0.07569735392690793, 0.0696634033679979] - [0.10289376803276992, 0.28289671877456013, -0.3926063794590146, 0.006816014184498194] - [-0.011187090068272456, 0.5390146006690266, -0.35945100610086306, -0.1683764541092737] - [0.09786281516925398, 0.017463332328600558, -0.16885099551061575, 0.05352489492760285]
B1: -5.571813776401545e-10 - -6.772565410625328e-09 - -4.2545746292440747e-11 - -2.7598368155660718e-09
B2: 9.74480910217238e-09 - -4.823073768023275e-09 - -1.6583290345130973e-08 - -4.849281376250384e-09
