Number: 6424
Error: 9.525401698339013e-16
A1: [0.08043169900023378, -0.18046779643652042, -0.019588842674806574, 0.1196249860521819] - [0.03741559814191626, 0.1335964043093882, -0.13472616808630072, -0.036285806959297985] - [-0.0017028096692206793, 0.2281901258501422, -0.1228283733153176, -0.103658900883389] - [0.038863226904773195, -0.11448102605565265, -0.04641644891533131, 0.12203422043326266]
A2: [0.03530743839874017, -0.02927348047241227, -0.07569735438428067, 0.06966340286453043] - [0.1028937543429957, 0.28289670496860003, -0.3926063926995851, 0.006815999849305696] - [-0.011187092145950508, 0.5390145985789611, -0.3594510080674415, -0.1683764562985833] - [0.09786281041437256, 0.01746332755209242, -0.16885100003695902, 0.05352488993653049]
B1: 3.103045144859639e-10 - 5.300183116621156e-09 - 3.777932656910786e-09 - 1.2734111591430449e-09
B2: 7.411149003484199e-09 - 2.6954371122496853e-09 - 5.975431911494429e-09 - -5.660771393879388e-09
