Number: 1052
Error: 4.310708973114954e-05
A1: [-0.018234459630325425, -0.027772009911062226, -0.005789132473806847, 0.005647298889210842] - [0.07636958174097415, 0.1989744998383812, -0.13714621077755007, -0.09931684892377526] - [-0.07661847380523086, 0.47133677104727645, -0.043405337210176864, -0.22715981655055573] - [-0.04157857600486689, -0.003503678566788673, -0.03524869847493928, 0.020092101361276902]
A2: [0.13915069621819634, -0.2144864950378445, 0.024180381477700616, 0.0768548768914611] - [0.027044228447878314, 0.19836767543871675, -0.119966801347491, -0.1275637331195446] - [-0.07811094302095362, 0.576362629333297, -0.20864535943368437, -0.21936434122042722] - [-0.008548570338885645, -0.007834556661288839, 0.020563363247335095, 0.04239014627152532]
B1: -0.0086639457942104 - 0.01071794967017611 - 0.010773009504255446 - -0.0008595299532205541
B2: -0.003425277250272605 - -0.0017187370858805836 - 0.01871639818527196 - -0.009633181965244866
