Number: 2808
Error: 2.992142220280176e-09
A1: [0.06340962566261299, -0.04789699544750693, -0.02346841310210188, 0.00783042197462097] - [0.04364625868541132, 0.1912558555027403, -0.14258032522527503, -0.092528916632618] - [-0.12348213997033376, 0.4148237690596746, -0.10489665374930984, -0.18711048048976406] - [0.03685470873719869, 0.019017875521983692, -0.03328157086541673, -0.02320024080409402]
A2: [0.06361799000160279, -0.1735100718951756, 0.08649983938718586, 0.024132184964684812] - [0.02952548358390079, 0.20053078366039048, -0.10147536258285463, -0.1276424293966188] - [-0.09319644195978005, 0.5138914600373072, -0.22539206744302484, -0.19489119239707378] - [-0.02504153445923595, 0.01940165498666952, -0.049400919605547045, 0.05783968552574816]
B1: 7.591344505084575e-05 - 0.0002513394095540088 - 3.980340456564022e-05 - -0.00017352348229106526
B2: -1.6585613476283241e-06 - 0.00010598620813858133 - -1.3339910682346982e-05 - -1.713966955123801e-05
