Number: 4591
Error: 6.523857183948143e-16
A1: [0.06621315508830833, -0.1139521057085922, -0.023983976852731487, 0.071722841600776] - [0.03740253618433558, 0.18819329687656092, -0.14740902143773535, -0.0781870848430137] - [-0.06022936057481826, 0.32895081045163227, -0.12775309916435695, -0.14096831174645247] - [0.03904607924770949, -0.05332276189542635, -0.037418667683664544, 0.05169504375461819]
A2: [-0.009108469349299918, -0.3468030725557999, 0.24945519762471446, 0.10645679148314063] - [0.08003983645459375, 0.036282268486939856, -0.05025010057869591, -0.0660719477147018] - [-0.042452765272249234, 0.23083195089066394, -0.04053118747739356, -0.14784777904547794] - [0.06813475145009437, -0.29346788230421594, 0.14177121104014584, 0.0835618298135288]
B1: -2.7176376647402868e-08 - -1.2635559916404651e-08 - 3.433526805945412e-09 - -2.488011532846279e-08
B2: 5.850425205008789e-09 - -1.8420255930123194e-08 - -4.657084873853713e-08 - 1.242994688260866e-09
