Number: 9448
Error: 4.089314635152608e-13
A1: [0.05317231902620473, -0.14800150220321642, -0.02699927820901502, 0.12182759074460472] - [0.005311606987073695, 0.1308345791939801, -0.11360285628606036, -0.022551879162095806] - [-0.014445005070263387, 0.22309109211813408, -0.12704170769474601, -0.08160646170800959] - [0.027143540927993214, -0.10002295713328024, -0.04942743363812035, 0.12229519392988092]
A2: [0.08925862266331688, -0.07290921855440485, -0.12362335314814825, 0.1072905958206704] - [0.10884378176884832, 0.24981623446199633, -0.40484327720644503, 0.04619156761071043] - [0.036637878348490006, 0.4625570556906691, -0.3777155510247342, -0.12147130093353097] - [0.14342889002009604, -0.04460417569698072, -0.2014971365870348, 0.10268235570522913]
B1: -5.014138260987191e-07 - -6.275697931669287e-08 - 8.989522366508624e-07 - 9.801336644973624e-07
B2: 4.831119498139443e-07 - 5.233509302978687e-07 - 4.879172845291345e-07 - 1.074414367266108e-06
