Number: 7207
Error: 9.086589816501486e-16
A1: [0.08043171417711575, -0.1804677812613586, -0.019588827516072375, 0.11962500122732923] - [0.037415619468886815, 0.13359642562021853, -0.13472614680182365, -0.03628578564414206] - [-0.0017028406620291842, 0.22819009485800054, -0.1228284042627339, -0.1036589318679183] - [0.038863270148049654, -0.11448098293373647, -0.046416405699618676, 0.12203426364965779]
A2: [0.03530738457919917, -0.029273534440808508, -0.07569740555523603, 0.06966334653655976] - [0.10289376552746325, 0.28289671624799495, -0.3926063818821045, 0.006816011561076781] - [-0.011187055308340238, 0.5390146356362764, -0.35945097319981234, -0.1683764174815489] - [0.0978627973882172, 0.017463314466683998, -0.16885101243701442, 0.053524876263303114]
B1: -1.7684169690568504e-08 - 1.2010334911700067e-08 - 1.7726745922475643e-08 - -1.0818356757055759e-09
B2: 1.1432946931900487e-08 - 9.898483625979752e-09 - -2.7065077336905306e-08 - 1.628217146549743e-08
