Number: 6182
Error: 8.953193780088254e-16
A1: [0.08043162143575047, -0.18046787399221514, -0.019588920146543815, 0.11962490849656014] - [0.037415521291591605, 0.13359632751723233, -0.13472624478349846, -0.03628588376704889] - [-0.00170280966967349, 0.22819012584969212, -0.12282837331577066, -0.10365890088383947] - [0.03886322927776035, -0.1144810236893218, -0.04641644654385744, 0.12203422280477742]
A2: [0.0353074049078337, -0.029273514055953, -0.0756973862269831, 0.06966336781264162] - [0.10289372252474757, 0.28289667288030557, -0.39260642347377184, 0.0068159665309348505] - [-0.011187119969215294, 0.5390145705897426, -0.3594510344027512, -0.16837648561695784] - [0.09786278241641981, 0.017463299426784915, -0.16885102668918195, 0.053524860547775076]
B1: 7.214562221387286e-10 - 2.5999432190127995e-09 - 6.328598561600931e-09 - 2.0800075249599423e-09
B2: -1.845202470412383e-08 - -2.792634290253524e-08 - 3.0643061912326966e-08 - 2.0706626973215645e-08
