Number: 9510
Error: 1.8444388158739744e-13
A1: [0.05317239977194409, -0.14800142141917566, -0.026999197535923385, 0.12182767154619728] - [0.005313037065849346, 0.1308360107783364, -0.11360142644326988, -0.022550447100075532] - [-0.014444818866522024, 0.22309127840290557, -0.12704152162851926, -0.0816062754200403] - [0.027144501214695672, -0.1000219968847448, -0.04942647137974268, 0.12229615657577222]
A2: [0.08925358496543845, -0.07291424461863437, -0.12362827738242116, 0.10728549596746381] - [0.10884219402159459, 0.2498146464190506, -0.40484483353160433, 0.04618995314038151] - [0.03663635151938399, 0.4625555368358393, -0.37771704068884787, -0.1214728435608896] - [0.1434269265023363, -0.04460613185195745, -0.20149905380560387, 0.10268036312933819]
B1: 1.8329077716350627e-07 - 3.359955051962496e-07 - 1.4917666775398068e-07 - 7.92211499238798e-08
B2: -4.94002441663693e-07 - -4.048475271495673e-07 - -2.2264647580199697e-07 - 1.9748276003843978e-07
