Number: 303
Error: 2.8621560693229477e-09
A1: [-0.012661227316927771, -0.015038790582027318, 0.01752598792561421, 0.00804048764224726] - [0.06564583231482297, 0.1893130416913851, -0.14551841916093355, -0.11021945616425255] - [-0.09682789546781953, 0.42126936092958683, -0.0540375547968778, -0.27265880575416707] - [-0.0018086523242235926, -0.01868760232186988, -0.0043535710506417144, 0.022813679241502502]
A2: [0.1615515185326363, -0.16778933505395285, 0.00846692328247399, -0.002367316400412869] - [0.03550690140587513, 0.2075375483515722, -0.1171893634311476, -0.12577133135714577] - [-0.08635604706718257, 0.5813985064135417, -0.23552737022081946, -0.2600745016153149] - [-0.0038671814817370837, -0.004550920561193865, 0.0010785136370747655, 0.007212708575401705]
B1: -0.00012085242360125367 - -9.680789308354944e-05 - -6.917002690094118e-05 - -6.559431225287927e-05
B2: -9.504673706948269e-05 - -0.0007135404961365712 - 0.00023784523197768054 - 0.0001814598103067917
