Number: 2119
Error: 0.0017417832148743054
A1: [0.05431614996022924, 0.010610894784252506, -0.036157371845655636, 0.08264626609331409] - [0.0778238732284875, 0.20813094800404586, -0.12879793946163062, -0.08862505736531401] - [-0.25449415254218966, 0.27084672803340826, -0.29446853507231135, -0.29322650054104515] - [0.33215645596406407, 0.347069509856115, 0.34591690511149864, 0.2767546762311565]
A2: [0.0818622665846465, -0.2758296920670056, -0.014887231947273165, -0.02320611024499175] - [0.07849044745143495, 0.2325438077557064, -0.07223441762028954, -0.08843500435116512] - [-0.10353304172532433, 0.4130658185268451, -0.29934148092816854, -0.38823128462800777] - [0.027875574470392267, 0.055802829070376155, -0.03836326864535107, 0.1183251560055226]
B1: -0.018709256435175153 - -0.07962588170864855 - -0.021049619851101917 - -0.04266647151338954
B2: -0.0571819690164693 - -0.019951913819327396 - 0.054164542729141466 - -0.04869353013496979
