Number: 9772
Error: 1.2790881883192417e-15
A1: [0.05317259532733113, -0.14800122577215602, -0.02699900218349623, 0.1218278671908882] - [0.005313748188508346, 0.13083672266988244, -0.11360071540505633, -0.02254973496462494] - [-0.01444434342233555, 0.22309175403250842, -0.12704104654803716, -0.08160579979721444] - [0.027146398750513848, -0.10002009938328194, -0.04942456987411347, 0.12229805890269016]
A2: [0.08925437067529714, -0.07291346072531403, -0.123627509384123, 0.10728629132744974] - [0.1088418607417041, 0.24981431307725718, -0.4048451602039239, 0.04618961425083517] - [0.03663591333256801, 0.46255510091744173, -0.3777174682078579, -0.12147328630144519] - [0.1434264561196295, -0.04460660048795017, -0.20149951309969433, 0.10267988575342996]
B1: -4.0573239208777365e-08 - 3.5205135467998214e-08 - 1.4099324194986513e-08 - 1.5521588665795792e-08
B2: 2.48310281542315e-08 - -1.1639139985641282e-08 - 5.7686489480841716e-08 - -2.4477404508315216e-08
