Number: 9444
Error: 3.50879085435302e-13
A1: [0.05317195055951827, -0.14800187079816474, -0.026999646273086566, 0.1218272220968403] - [0.005312133437573126, 0.13083510619704786, -0.11360232990658353, -0.02255135195507923] - [-0.014447130713228772, 0.22308896568993228, -0.12704383166692024, -0.08160858812525273] - [0.027145153619781613, -0.10002134443431446, -0.04942581752931546, 0.1222968107441737]
A2: [0.08925918842010831, -0.07290865410902211, -0.12362280014359003, 0.10729116855481749] - [0.10884166652885864, 0.24981411885327706, -0.4048453505444181, 0.04618941678258855] - [0.03663400663835061, 0.4625532041126727, -0.37771932845220535, -0.12147521281538604] - [0.14342374979058684, -0.044609296799487, -0.2015021555646878, 0.10267713918850417]
B1: 1.70418904178883e-07 - -1.6306526444944882e-06 - -4.669012345744352e-07 - -6.629489963815439e-07
B2: 9.97132770719966e-08 - -4.7259890961128366e-07 - -2.679908119352315e-07 - -4.3668236884454794e-07
