Number: 4672
Error: 1.0875338412537388e-15
A1: [0.06621316514492157, -0.11395209587669805, -0.02398396680400826, 0.07172285164051345] - [0.03740255836492243, 0.18819331806861703, -0.14740899963251522, -0.07818706303585783] - [-0.060229426927957457, 0.32895074672300445, -0.12775316409366475, -0.14096837632655682] - [0.039046232807145996, -0.053322616142532774, -0.03741851911999853, 0.051695191111998634]
A2: [-0.009108532100801078, -0.34680313912530225, 0.24945513436537967, 0.10645672569160378] - [0.08003975951654659, 0.03628218560265558, -0.0502501846675535, -0.06607203251757661] - [-0.042452779547219086, 0.2308319351359255, -0.04053120277503013, -0.1478477948330571] - [0.06813483854398966, -0.29346778641018817, 0.14177130545817582, 0.08356192746168638]
B1: -8.146529161626836e-09 - -1.4956270388126774e-08 - -1.8775138660314767e-09 - 9.148573335477792e-09
B2: 4.703080611332429e-09 - 1.0608022249051021e-08 - -4.8928329371937615e-08 - -5.531018174081542e-09
