Number: 6175
Error: 1.1857147289367978e-15
A1: [0.08043161156614183, -0.18046788386070586, -0.019588930004351433, 0.11962489862807879] - [0.037415504644014434, 0.1335963108822553, -0.13472626139790508, -0.03628590040540407] - [-0.0017027944673489832, 0.22819014105169214, -0.12282835813570454, -0.10365888568557251] - [0.03886324252441279, -0.11448101047984477, -0.04641643330564578, 0.12203423604319642]
A2: [0.03530737594786741, -0.029273543096019393, -0.07569741376173283, 0.06966333750287503] - [0.1028937313208791, 0.28289668175109145, -0.3926064149662708, 0.006815975741773843] - [-0.011187173937246038, 0.5390145162998121, -0.3594510854846341, -0.16837654248499806] - [0.09786277486067772, 0.017463291836674017, -0.1688510338817555, 0.053524852616700265]
B1: 1.4207929366605357e-08 - 5.777782187319905e-09 - 2.170426531684328e-08 - 2.9880064640821664e-09
B2: -1.3283465944252709e-08 - -2.5893367169059247e-08 - 4.747978442204921e-08 - 4.103213591850131e-08
