Number: 1639
Error: 8.09252569245709e-09
A1: [-0.007291034525071105, -0.015099829105102797, 0.0028896593537535795, 0.019339018668302746] - [0.0663596620595547, 0.18943512542136706, -0.14721906391777367, -0.11038109281877695] - [-0.11173635626240848, 0.4426128233696336, -0.06990430838332172, -0.2571896352845217] - [-0.022565282752098306, 0.01613053211577274, -0.029114496611363117, 0.03975601690988607]
A2: [0.1319737121451756, -0.2242489942473989, 0.023041280369902717, 0.07053461395261067] - [0.03281972992362594, 0.20392031460356852, -0.1147151022315273, -0.12128746812392327] - [-0.0944687009777064, 0.5556947895102979, -0.23505440065784627, -0.22548551490831398] - [-0.020819660629183282, -0.01927898046090161, 0.008119895842321931, 0.03218224974913942]
B1: 3.130520955924128e-05 - -6.541773326830124e-05 - 4.546024478407871e-05 - -8.659577786125809e-05
B2: -0.0003624935155841603 - -2.346462820663644e-05 - 0.00029300445697977393 - -0.00016909878095276173
