Number: 3960
Error: 9.067095493023844e-16
A1: [0.06621322581877978, -0.11395203655868844, -0.023983906177739225, 0.07172291221258273] - [0.037402594013696576, 0.18819335212860244, -0.14740896458703845, -0.07818702798726247] - [-0.06022924851746667, 0.3289509180764824, -0.12775298951164135, -0.1409682026837323] - [0.039046235894480516, -0.0533226132122552, -0.037418516133172194, 0.051695194074584117]
A2: [-0.009108547525187813, -0.34680315548809654, 0.2494551188164057, 0.1064567095201292] - [0.08003979313981796, 0.03628222182448771, -0.050250147919326436, -0.06607199545730796] - [-0.042452755501925336, 0.23083196167387932, -0.04053117700720031, -0.14784776823983606] - [0.06813476617636137, -0.2934678660899775, 0.14177122700505085, 0.0835618463243303]
B1: 1.162915322031344e-08 - -1.1093482935724611e-08 - 1.2703375513367876e-08 - -1.6685209489743327e-08
B2: 1.4109700880894443e-08 - -3.340844785444086e-08 - -3.165645700416017e-08 - 4.979397745277092e-08
