Number: 3122
Error: 2.114470214930589e-06
A1: [0.06276124279487866, -0.04872429517985879, -0.02432382218028826, 0.007035421757443304] - [0.04308728286864232, 0.19060917991908707, -0.1432505831276196, -0.09326605069221951] - [-0.1225632916669694, 0.4155360745033699, -0.10418975402784696, -0.1863621247205446] - [0.04183851801249746, 0.023760995504706808, -0.028649053080719564, -0.01830603459181519]
A2: [0.06471939335897832, -0.17229660444040476, 0.08754300747318973, 0.0251179922075659] - [0.02442511326846849, 0.19551223341603585, -0.10652436414096556, -0.13262098503292274] - [-0.09448358121570705, 0.5126360969090186, -0.2267025768338134, -0.19608722816469318] - [-0.03568808308802378, 0.00880734959160245, -0.06008358331144926, 0.047366199982053006]
B1: -0.002023660160865009 - 0.00032915124273968 - -0.0008704609606851756 - 0.0018317471648958902
B2: 0.0006258900761483119 - -0.002463906571997378 - 0.001297328527964736 - 0.002625271681853716
