Number: 9978
Error: 1.551480499388221e-15
A1: [0.05317250414359292, -0.1480013169893227, -0.02699909326662139, 0.12182777596327614] - [0.0053137103596263635, 0.13083668480137767, -0.11360075322813261, -0.022549772846786345] - [-0.014444548017135232, 0.22309154936287418, -0.12704125098076965, -0.08160600446494266] - [0.02714638813009396, -0.10002011000390308, -0.04942458051715804, 0.1222980482551255]
A2: [0.0892543531280987, -0.07291347823190394, -0.12362752653599789, 0.10728627356366695] - [0.10884177274309066, 0.2498142250631492, -0.4048452464595578, 0.04618952477161137] - [0.036635934158704045, 0.4625551216352184, -0.37771744788883926, -0.12147326525931706] - [0.14342648979261513, -0.04460656694032721, -0.2014994802209331, 0.10267991992597235]
B1: -5.73918409393716e-08 - 2.878438806970939e-08 - 1.9370301359348782e-08 - -1.327960514961092e-08
B2: 9.222106909026168e-10 - 2.346696240929041e-10 - 1.1925568041834993e-09 - -1.1033218169341706e-08
