Number: 327
Error: 2.2585222985972693e-09
A1: [-0.012443979161646707, -0.014815632201298067, 0.01776610763621594, 0.008272607695315966] - [0.06574025598169508, 0.1894038931604619, -0.14542077772094364, -0.11011431412244632] - [-0.09652739919999533, 0.4215596345916174, -0.05371158402957021, -0.27230874979505304] - [-0.001583154298712573, -0.018470872887227652, -0.004113616683988906, 0.023074293746339142]
A2: [0.1615581089985775, -0.1677828635108693, 0.008473286801227897, -0.0023609792904380465] - [0.035458940441232045, 0.207490374829998, -0.11723709062340201, -0.12581822033585843] - [-0.08628313789577344, 0.5814699496692133, -0.2354564472615298, -0.26000343978952656] - [-0.0038676482228060774, -0.004551401926754393, 0.0010779522171648394, 0.007212164025880565]
B1: -4.0575153526417514e-06 - -0.00025449793822736387 - -7.964140645619446e-06 - -2.088387871156206e-05
B2: -0.0001413509431640757 - -0.00033701606046603565 - 6.050212455586197e-05 - 5.317058123043859e-05
