Number: 5988
Error: 5.737468490536622e-12
A1: [0.08042795852469127, -0.18047153637987115, -0.019592578255298993, 0.11962124624577716] - [0.03740741967916524, 0.1335882318460752, -0.1347343306117151, -0.03629398111108352] - [-0.0017063033614043257, 0.22818663228364694, -0.1228318616711057, -0.10366239353519581] - [0.038856924948510035, -0.1144873102079509, -0.046422746475353285, 0.1220279225912027]
A2: [0.035278384526735436, -0.02930261503006417, -0.07572497849145332, 0.06963299486100231] - [0.1028620396723271, 0.2828647208660395, -0.39263706685245775, 0.006782789891732104] - [-0.011180444897778221, 0.5390212856950864, -0.35944471629952374, -0.16836945185176425] - [0.09785138877864322, 0.01745185397927014, -0.16886187269435718, 0.05351290096896438]
B1: -2.2922230104804317e-06 - 5.165008206910544e-06 - 1.926224784701889e-09 - -2.5737924308627696e-06
B2: 4.511587490033726e-06 - -1.8113301576114624e-06 - -1.1013039264884399e-06 - 3.6269366211461383e-06
