Number: 4979
Error: 9.662147475657968e-16
A1: [0.06621325804899497, -0.11395200504867456, -0.02398387397281569, 0.07172294438869908] - [0.03740263807322151, 0.1881933942245193, -0.1474089212731259, -0.07818698466954051] - [-0.06022940985147823, 0.32895076312405264, -0.12775314738358182, -0.1409683597063434] - [0.039046206193097024, -0.05332264140352952, -0.03741854486811898, 0.051695165572923286]
A2: [-0.009108529088213487, -0.34680313592943907, 0.24945513740243766, 0.10645672885022132] - [0.0800398440854306, 0.036282276707547696, -0.05025009223857573, -0.06607193930378578] - [-0.04245277895378238, 0.23083193579086736, -0.040531202139044396, -0.1478477941767983] - [0.06813480219192103, -0.2934678264353394, 0.14177126604914017, 0.08356188670434561]
B1: 3.1761150346286276e-08 - -7.471326525813381e-09 - -2.00347845037387e-08 - -7.065685547896281e-09
B2: 3.449064676800649e-08 - 2.13846322232598e-08 - -3.3997261534198405e-08 - -7.534101544833638e-09
