Number: 7262
Error: 9.0975344625625e-16
A1: [0.08043167991733118, -0.18046781551726115, -0.019588861734888358, 0.11962496697145941] - [0.0374155820357269, 0.13359638821539227, -0.13472618416039236, -0.03628582305656397] - [-0.0017028270744127128, 0.22819010844532198, -0.12282839069501914, -0.10365891828393146] - [0.03886322470433835, -0.11448102824991273, -0.04641645111436648, 0.12203421823419326]
A2: [0.035307511124570555, -0.029273407545433134, -0.07569728523746781, 0.06966347897996847] - [0.1028937191115023, 0.28289666943809955, -0.39260642677502305, 0.006815962956796459] - [-0.011187131611046695, 0.53901455887846, -0.35945104542201384, -0.16837649788434134] - [0.0978628241375247, 0.017463341337663682, -0.16885098697339868, 0.0535249043413593]
B1: 1.46541554656771e-08 - -1.6101926137748006e-08 - -1.996155539183532e-08 - 1.650719948839084e-09
B2: -8.072231916534343e-09 - -7.482868556939541e-09 - -7.99980939285218e-09 - -8.6535928019766e-09
