Number: 2137
Error: 0.000938523943592278
A1: [-0.11919127943623928, -0.19320069430997383, -0.17271908841415118, -0.10663031690887878] - [0.12068302266354518, 0.24725363672702103, -0.09284229997146111, -0.03617341231178713] - [-0.27963518858079933, 0.2308420904373992, -0.26666193940915367, -0.3825886529913847] - [0.1940098041643148, 0.22461564580880955, 0.19700874337780833, 0.18736418879807745]
A2: [0.17572912941868965, -0.15266473440668815, 0.12942671614739723, 0.09723142389932675] - [-0.009378768027287222, 0.15339876699699745, -0.13635762548246672, -0.180884697577954] - [-0.17610879800301454, 0.43449213760716515, -0.32775903107766113, -0.33597919498768725] - [-0.13926357730489192, -0.08776709703865644, -0.09943137889896132, -0.09803632322313648]
B1: -0.05540497343217232 - -0.006785650764933718 - -0.10443706515969099 - 0.040908787335307686
B2: -0.07558257420149374 - 0.03756543355461107 - 0.023985054380658996 - -0.014466674991098251
