Number: 5504
Error: 2.2953530981033335e-13
A1: [0.06621220006356082, -0.11395303938775395, -0.02398493112781157, 0.0717218881797996] - [0.037401597493934846, 0.18819240002231893, -0.147409944243617, -0.07818800773035674] - [-0.060228510536861936, 0.32895162687009194, -0.12775226736611453, -0.14096748442017434] - [0.03904187528021869, -0.05332675215474055, -0.03742273490553529, 0.05169100955674116]
A2: [-0.009105127369102054, -0.34679952725125024, 0.24945856664256205, 0.1064602953491733] - [0.08004225690396934, 0.03628487600276402, -0.05024745517059101, -0.06606927983892877] - [-0.042450145734292614, 0.23083484195858694, -0.04052838028317334, -0.14784488194700343] - [0.06813730991681093, -0.29346506533671285, 0.14177398465616928, 0.0835646983143626]
B1: -7.834837216585554e-08 - 1.2342461928488328e-07 - 5.840512128791659e-07 - 5.367829152620707e-07
B2: 6.412445860908568e-07 - -3.099612791512109e-08 - 8.646651839526956e-07 - -4.594466951528311e-07
