Number: 7863
Error: 6.669274316928746e-16
A1: [0.0804316870480562, -0.18046780838735427, -0.019588854612690478, 0.11962497410137035] - [0.03741565986461833, 0.1335964659853633, -0.13472610648657715, -0.03628574527078968] - [-0.0017028220623951419, 0.22819011345722529, -0.12282838569034153, -0.10365891327325027] - [0.038863241649407805, -0.11448101135240923, -0.04641643418009525, 0.12203423516872969]
A2: [0.03530741585865565, -0.029273503074815285, -0.07569737581512913, 0.06966337927390884] - [0.10289372027435373, 0.2828966706108388, -0.3926064256503273, 0.0068159641744845205] - [-0.011187068030215, 0.5390146228385183, -0.3594509852413096, -0.16837643088705836] - [0.09786280513220133, 0.01746332224590017, -0.1688510050652326, 0.0535248843919611]
B1: -3.3840400861131525e-08 - -2.1230024416390895e-08 - -1.443603687342942e-09 - -1.643614035025662e-08
B2: -2.1513762962140285e-08 - -2.906937465027798e-08 - -8.911947798539803e-09 - -2.692108424840968e-08
