Number: 4738
Error: 1.431214336653399e-15
A1: [0.06621321362444853, -0.11395204848052402, -0.023983918362525475, 0.0717229000386756] - [0.03740263630386363, 0.18819339253400208, -0.14740892301255323, -0.07818698640912182] - [-0.06022933596063429, 0.3289508340921855, -0.12775307507835904, -0.14096828778999804] - [0.03904619800658524, -0.053322649173912835, -0.03741855278836678, 0.05169515771698751]
A2: [-0.009108599367883018, -0.34680321048507273, 0.24945506655410607, 0.10645665516582475] - [0.08003993309388834, 0.03628237259509038, -0.05024999495749181, -0.06607184119666322] - [-0.04245284704644457, 0.23083186063971806, -0.040531275109760935, -0.1478478694845353] - [0.06813468908091773, -0.2934679509752757, 0.14177114342605643, 0.08356175988628334]
B1: 6.241532842056365e-09 - 4.563456778454877e-08 - 3.884057934639444e-09 - -1.3120493510843181e-08
B2: -2.1141669382974137e-09 - -3.8765316018832505e-09 - -1.547395411122455e-10 - 4.955539469036359e-09
