Number: 9035
Error: 0.00024652799941636577
A1: [0.0802773644520576, -0.14453497044302524, -0.0014890163400765669, 0.14218636689520786] - [-0.00620282428637129, 0.11350442930820498, -0.12772335566736104, -0.03708848831618964] - [-0.03599800707289226, 0.21021595353862083, -0.13080442989682958, -0.09612593282766063] - [0.016748569270598535, -0.11342896933822481, -0.0553833726607471, 0.11141102666123914]
A2: [0.09894866073976796, -0.05168395218288048, -0.09540284662345794, 0.13128090662734024] - [0.22576927638771918, 0.34594055598382045, -0.3087481422476174, 0.14535775616979466] - [0.09039725795587045, 0.5233061122937155, -0.33324151058762225, -0.06479513266443179] - [0.1906266219024541, 0.00500129397676002, -0.15602325518889376, 0.15340497410554338]
B1: -0.013490000999957431 - 0.013019083733800115 - 0.004750281985625998 - -0.008355237033304472
B2: -0.007430171716508616 - -0.016136332752727855 - -0.016902547018115895 - -0.018028762380301152
