Number: 5008
Error: 9.19850769025777e-16
A1: [0.066213235722199, -0.11395202687654044, -0.023983896282084975, 0.07172292209937821] - [0.037402669978650556, 0.18819342470800496, -0.1474088899076359, -0.0781869533012769] - [-0.06022924128274353, 0.32895092502520096, -0.127752982432068, -0.14096819564200283] - [0.03904614923729877, -0.0533226954638757, -0.0374185999709834, 0.051695110917473794]
A2: [-0.009108444793141234, -0.3468030465057141, 0.24945522237954795, 0.10645681722885803] - [0.08003981254455023, 0.03628224272901301, -0.05025012671092666, -0.06607197406884689] - [-0.042452850566020064, 0.23083185675536114, -0.04053127888141102, -0.14784787337702163] - [0.06813475497899006, -0.29346787841869826, 0.1417712148658807, 0.08356183377009073]
B1: 6.270531802809361e-08 - 7.432633116700846e-09 - 1.2165448934773842e-08 - 1.1893865987578274e-08
B2: 2.311712963441343e-08 - 2.692907257483842e-08 - 3.701260587893009e-08 - 5.05004313083605e-10
