Number: 1378
Error: 3.9603955876403336e-10
A1: [-0.0072253363033965385, -0.01503188147099513, 0.0029578700829200172, 0.019415964412992672] - [0.06684432447871701, 0.18990134534396322, -0.14671696481183932, -0.10984276232517388] - [-0.11262944839901633, 0.4417421139940582, -0.07083541664345283, -0.2581475693710511] - [-0.02361552719818072, 0.015102229703928022, -0.03018603086882681, 0.03865168225939948]
A2: [0.13164065526675983, -0.22457489285741566, 0.022720239838599433, 0.070213782182782] - [0.032518688131136134, 0.20362373438339598, -0.11501532818219046, -0.12158224317410214] - [-0.09475187556365997, 0.5554127991205733, -0.23532921751765185, -0.22576211369057908] - [-0.02080693794292931, -0.019255692084778828, 0.008138311776747367, 0.03220130345653296]
B1: -1.837973073386981e-05 - 4.870296549092283e-05 - 3.71483367910829e-07 - -2.5198385514693633e-05
B2: 4.370896591574288e-05 - -4.803731475156474e-05 - -5.277487920555386e-06 - 3.936392364406872e-07
