Number: 409
Error: 1.0499434515250885e-11
A1: [-0.012152041587075287, -0.014515779654862023, 0.018088779252551392, 0.008584543665216798] - [0.06582980292076789, 0.18949003513908724, -0.14532818694259905, -0.11001460942404688] - [-0.0963047394361796, 0.42177481657615856, -0.053469990481652234, -0.27204932457637904] - [-0.0013381678227276925, -0.018235273080978515, -0.0038528513877976013, 0.0233574791940258]
A2: [0.1615751710381526, -0.16776610645922058, 0.008490017030926661, -0.0023443287565817774] - [0.03547966872415399, 0.20751076425757084, -0.11721645366380519, -0.12579795276913172] - [-0.08620863611818705, 0.5815429294396729, -0.23538395076392818, -0.25993078215201154] - [-0.0038556708576487925, -0.004539648818949112, 0.00108976590451345, 0.007223585466761675]
B1: -2.394095865570926e-06 - -5.911729005828782e-06 - 8.293273305703225e-06 - -1.1357567890534987e-06
B2: 3.024244528719929e-06 - -9.498026872440021e-06 - -1.576210977665743e-07 - -9.26006631602969e-08
