Number: 266
Error: 5.855861789495279e-08
A1: [-0.014480153644246211, -0.01690699244685774, 0.015515906844951887, 0.006097096218485004] - [0.06480021141519972, 0.18849959702120925, -0.14639261268102938, -0.11116079320848929] - [-0.09844366914130018, 0.4197084036531561, -0.05578888783200168, -0.27454047364389345] - [-0.002790069357117396, -0.019630783224758596, -0.005396985170747879, 0.0216799415568485]
A2: [0.16100960765904063, -0.1683207067938951, 0.007936368581816611, -0.002895503859667652] - [0.035790985772158106, 0.20781716400241235, -0.11690642724101463, -0.12549341696975327] - [-0.08605731744384335, 0.5816913163175345, -0.235237795654198, -0.2597836436956831] - [-0.00399870907277569, -0.004680136813095393, 0.0009482389569391742, 0.007086738963164721]
B1: 9.758336560815388e-05 - 0.00024314490967764353 - -0.0002816978955403054 - 5.446028742806924e-06
B2: 0.00031082032900816507 - 0.0002898890827725764 - -0.00012454780510718274 - 6.40110017321037e-05
