Number: 2702
Error: 2.780817452202168e-09
A1: [0.06364940942314293, -0.04765896219884162, -0.023231446395634212, 0.008068259729325872] - [0.043813820389938946, 0.1914174395445994, -0.14240791079940554, -0.09234500256481293] - [-0.12378110264129953, 0.4145276294129604, -0.10519270208679456, -0.1874046220791811] - [0.036811785909263164, 0.01897597521292869, -0.03332253511301072, -0.023241053146911512]
A2: [0.06297066895590012, -0.17415342225311128, 0.08585817076441804, 0.02349540106494022] - [0.029311641206768855, 0.20031993928699593, -0.10168854904559983, -0.12785182748785856] - [-0.09332877666342854, 0.513762159796415, -0.2255255512633255, -0.1950190677775355] - [-0.025692417818842104, 0.01875507152884688, -0.050055111729124295, 0.057206167712749466]
B1: 8.628847752759826e-05 - 8.666551906323304e-05 - 3.182252457122356e-05 - 7.857133778271433e-06
B2: 0.0002018366763380949 - 3.1500181175128455e-05 - 7.856684991045578e-05 - -7.227576308117031e-05
