Number: 4536
Error: 1.0582384688175219e-15
A1: [0.06621308397645823, -0.11395217523133404, -0.02398404790876573, 0.07172277060827614] - [0.037402516649234226, 0.18819327821209397, -0.14740904064222946, -0.07818710404921143] - [-0.06022943434509737, 0.3289507395993158, -0.12775317135158767, -0.14096838354548052] - [0.039046060477107514, -0.05332277971177348, -0.037418685843598705, 0.05169502574215548]
A2: [-0.009108558422534779, -0.3468031670484896, 0.24945510783077082, 0.10645669809480796] - [0.08003986762296383, 0.0362823020641929, -0.05025006651346588, -0.06607191336019366] - [-0.04245271272399426, 0.23083200888613417, -0.040531131164658986, -0.14784772092912646] - [0.06813484386899786, -0.29346778054708034, 0.14177131123111425, 0.08356193343205233]
B1: -3.0196619003841047e-09 - -1.583505105907981e-08 - -2.055091077895128e-08 - -3.352499098859974e-08
B2: -3.043507375787707e-08 - -2.3515093185201063e-08 - 3.0768779768823234e-08 - -4.8304538876630555e-08
