Number: 4286
Error: 1.2061895996323648e-15
A1: [0.06621312173535962, -0.1139521383161929, -0.023984010179477416, 0.07172280830383912] - [0.03740258500575202, 0.18819334352212452, -0.14740897344253223, -0.07818703684354208] - [-0.06022947403078372, 0.32895070148339967, -0.12775321018566346, -0.1409684221708208] - [0.039046212920782634, -0.05332263501797235, -0.03741853835942202, 0.051695172028793514]
A2: [-0.009108725499884321, -0.34680334429138476, 0.24945493940169358, 0.10645652292340745] - [0.08003982049975222, 0.03628225129898219, -0.05025011801647552, -0.0660719653005253] - [-0.04245274707372886, 0.23083197097568897, -0.04053116797525013, -0.14784775891863552] - [0.06813483414758788, -0.293467791250691, 0.14177130069241908, 0.08356192253261108]
B1: 5.690427867400635e-08 - -3.528539641348658e-09 - -1.0039297397946172e-08 - -7.867872167519083e-09
B2: 1.5848954956369095e-08 - 1.9617961149385227e-08 - -8.392888151333026e-09 - 1.218056894692696e-08
