Number: 3239
Error: 0.004794093915203154
A1: [0.07254189128839489, -0.09781579276745384, -0.0290049058461702, 0.0708052128954413] - [-0.04468546670788734, 0.09488090483244797, -0.23350851863840702, -0.1608632832391751] - [-0.44288789708724585, 0.012834784750300185, -0.47454749657038675, -0.48283551654711165] - [-0.24717093528324752, -0.29484418292876463, -0.30626850413540047, -0.2113187931340106]
A2: [0.015042210931450145, -0.40057442795813725, 0.23144849015895, 0.061796052581476926] - [0.04792737221168287, 0.07941263209267081, -0.07032443987734699, -0.0886946152811243] - [0.11960412017557778, 0.42077670206414175, 0.03394340529955078, -0.04642535627476718] - [0.26576742660455377, -0.04542058037713518, 0.2523147201464468, 0.2301244283045002]
B1: -0.10532612015693632 - -0.3808983201168667 - -0.18050639258985374 - -0.1827743649910698
B2: -0.25038924366640164 - -0.32367707471214735 - -0.08717046711343951 - -0.1027371600572489
