Number: 7527
Error: 8.58332694653197e-16
A1: [0.0804317237863094, -0.18046777165325975, -0.019588817918375342, 0.11962501083542126] - [0.03741561483424023, 0.13359642098907615, -0.13472615142723537, -0.036285790276223764] - [-0.001702769935768158, 0.22819016558274255, -0.12282833364004177, -0.1036588611605382] - [0.03886326030778408, -0.11448099274639144, -0.04641641553361643, 0.12203425381550465]
A2: [0.035307459348765426, -0.029273459464432185, -0.0756973344652552, 0.06966342479098779] - [0.10289379444587822, 0.28289674541184545, -0.3926063539125761, 0.006816041842867127] - [-0.011187056846082444, 0.5390146340893632, -0.35945097465530607, -0.1683764191019265] - [0.09786285738089419, 0.017463374732247832, -0.16885095532783495, 0.05352493923604843]
B1: 9.364357938603924e-09 - 1.6192598684747287e-08 - 2.18487604047933e-08 - 1.3282679963066794e-08
B2: 1.3648602924168915e-08 - 6.037641211403561e-09 - 2.3419133969565506e-08 - 4.975591743603545e-09
