Number: 4658
Error: 9.551089773396347e-16
A1: [0.0662131449697594, -0.11395211560101959, -0.02398398696333889, 0.07172283149921183] - [0.03740257187280788, 0.18819333097448443, -0.14740898635322816, -0.07818704975539462] - [-0.06022947542425945, 0.32895070014496675, -0.1277532115492935, -0.14096842352695316] - [0.039046057381262864, -0.05332278265025277, -0.037418688838734004, 0.051695022771326156]
A2: [-0.009108674736312241, -0.34680329043911534, 0.24945499057582726, 0.1064565761461993] - [0.08003975200527724, 0.036282177510871365, -0.050250192876939145, -0.06607204079667152] - [-0.04245291960025633, 0.2308317805649255, -0.040531352861242896, -0.1478479497261979] - [0.06813465214018313, -0.2934679916486141, 0.14177110337871315, 0.08356171846894508]
B1: -8.420942121081808e-10 - 1.086196240809104e-08 - -6.915504811307921e-09 - -1.4572799276323434e-08
B2: -1.615708549466796e-10 - -1.832384446661957e-08 - -1.6746888979222605e-08 - -9.50509344150808e-09
