Number: 3255
Error: 0.0011810448589331742
A1: [-0.020969713560458212, -0.20466079746451288, -0.12048210541168027, -0.022288144883494444] - [0.09174186950411732, 0.22590928099246077, -0.09484559209423502, -0.024600128729956594] - [-0.24875878396411152, 0.17434996125922098, -0.2974727554022528, -0.3093630604806517] - [-0.13157633504490143, -0.19881741159686878, -0.1995125960761215, -0.10791431310384803]
A2: [-0.15163076077547957, -0.5275142192112238, 0.11131634414148486, -0.047342201230149934] - [0.13495773259161653, 0.11610392765610474, 0.0015369622404150518, -0.014260606708921236] - [-0.18020284854448862, 0.05618802191182819, -0.22386293303369525, -0.3257678231768374] - [-0.0506329961174479, -0.440370827037995, -0.02266578199891953, -0.07398169883706535]
B1: 0.001796536967508259 - -0.1680596472055677 - -0.012308137990558694 - -0.011860955234916665
B2: -0.08606274180984846 - -0.1351569345816876 - 0.04149924402448947 - 0.029870054204557236
