Number: 4422
Error: 9.057784706078088e-16
A1: [0.06621312330283394, -0.11395213678376666, -0.023984008613250816, 0.07172280986867191] - [0.03740262583817919, 0.18819338253473836, -0.14740893330112018, -0.07818699669859558] - [-0.060229388263590214, 0.3289507838580322, -0.1277531262589805, -0.14096833869550043] - [0.03904617868498196, -0.0533226675132724, -0.03741857148139531, 0.05169513917580433]
A2: [-0.009108548477142823, -0.3468031564979662, 0.2494551178567025, 0.10645670852201934] - [0.08003989239040481, 0.0362823287458168, -0.050250039444077375, -0.06607188606093063] - [-0.042452787032486346, 0.23083192687475765, -0.0405312107965935, -0.14784780311141513] - [0.06813468804383079, -0.29346795211722315, 0.14177114230188437, 0.08356175872341409]
B1: -2.4494732317341462e-08 - 4.760406110850334e-08 - 8.620997932068695e-09 - -3.350711390630286e-08
B2: -1.3042694163416184e-09 - 2.118819593665114e-08 - 4.57376700025252e-09 - -1.4100485547489946e-08
