Number: 92
Error: 0.0006260909094864414
A1: [0.03508258226256556, 0.03602988124688561, 0.07091001141298496, 0.056352697477843466] - [0.0927308564912048, 0.2177385265997359, -0.12040510335685188, -0.08565127433453318] - [-0.049288594458480744, 0.47191244685240397, -0.0021735537919381643, -0.2213071911156359] - [0.0486125299414494, 0.03506584867226188, 0.04983223122365808, 0.07646337094651925]
A2: [0.2732015949138655, -0.0591876246972389, 0.11766477018282459, 0.10589263087242921] - [0.06548148256038076, 0.23434472069731785, -0.09100526906010512, -0.09977175866874419] - [0.03125236080858209, 0.6976481364666407, -0.12134543553005744, -0.14598669730179326] - [0.20273554168642147, 0.20141366409357786, 0.20630072246871461, 0.20523083961382038]
B1: 0.009017184232361124 - 0.3333009276726424 - 0.0034043743702723527 - -0.02353915888618478
B2: 0.010038817100413482 - 0.33213329024483723 - 0.008085090011397206 - 0.010291928086213604
