Number: 4595
Error: 7.094029871759084e-16
A1: [0.06621315968294522, -0.11395210121662981, -0.023983972261700612, 0.07172284618770206] - [0.03740253298064294, 0.18819329381564914, -0.14740902458721133, -0.07818708799276854] - [-0.060229419824216604, 0.32895075354582115, -0.12775315714234015, -0.14096836941260388] - [0.039046072941331327, -0.053322767881205206, -0.03741867378487627, 0.051695037702946596]
A2: [-0.0091084637163033, -0.34680306658007637, 0.24945520330328536, 0.10645679738902672] - [0.08003984607293581, 0.03628227884864571, -0.05025009006639984, -0.06607193711314441] - [-0.04245272857395023, 0.23083199139313443, -0.040531148150077974, -0.14784773845859508] - [0.0681346966639955, -0.2934679426260258, 0.14177115164678603, 0.08356176838827775]
B1: -2.3823613714562908e-08 - -1.0793161091672946e-08 - 1.6797531853748087e-08 - -4.613672114954078e-08
B2: 6.974691742513126e-09 - -2.4288794375267337e-08 - -3.97165364137864e-08 - -5.04948316497266e-09
