Number: 4823
Error: 8.85491309643543e-16
A1: [0.0662131841429153, -0.113952077303239, -0.023983947820912465, 0.07172287060662805] - [0.03740262236636846, 0.1881933792176733, -0.1474089367141741, -0.07818700011195458] - [-0.06022943361935745, 0.3289507402963058, -0.12775317064144884, -0.14096838283911475] - [0.0390462516384491, -0.053322598268495044, -0.03741850090126236, 0.051695209182788]
A2: [-0.00910855019348587, -0.34680315831879094, 0.24945511612637625, 0.10645670672247359] - [0.08003987397095909, 0.03628230890279307, -0.0502500595754399, -0.06607190636329482] - [-0.04245276945665084, 0.23083194627247852, -0.04053119196156573, -0.1478477836733097] - [0.0681348511627444, -0.29346777251644474, 0.14177131913813326, 0.08356194160957467]
B1: -1.9635135615557064e-08 - 1.5643395417090276e-08 - 5.872783295716333e-09 - 1.99591073433428e-08
B2: -6.0223480158139175e-09 - -1.8036309206286053e-08 - 9.695628187553763e-09 - 6.293311217456491e-08
