Number: 7418
Error: 7.390468628909216e-16
A1: [0.08043167508053407, -0.1804678203535146, -0.01958886656590907, 0.11962496213521316] - [0.03741557810245633, 0.13359638428509693, -0.1347261880858271, -0.03628582698765652] - [-0.0017028026374550876, 0.22819013288175427, -0.12282836629384825, -0.10365889385349632] - [0.038863228529360985, -0.11448102443562876, -0.046416447291786296, 0.12203422205683624]
A2: [0.03530718943728605, -0.029273730122439615, -0.0756975910938163, 0.0696631422995216] - [0.10289368815535693, 0.28289663821923455, -0.3926064567154127, 0.006815930541209919] - [-0.01118710903669968, 0.539014581587456, -0.3594510240548938, -0.16837647409696635] - [0.09786274886110836, 0.01746326571884913, -0.16885105863171174, 0.05352482532567318]
B1: -2.381806881586913e-08 - 2.5381211081730155e-08 - 6.366789959042241e-08 - 2.9163755228221884e-08
B2: 1.4201576824079196e-08 - 1.0831065115540355e-08 - 3.9135011372109084e-08 - 1.9647956235983105e-08
