Number: 5906
Error: 4.415089952119967e-09
A1: [0.08050306934498433, -0.18039654414914238, -0.019517512315681915, 0.11969636793285114] - [0.03708395629033808, 0.13326492184779448, -0.1350571405866671, -0.03661725363106654] - [-0.0016627434896095267, 0.22823022772218846, -0.12278828066807371, -0.10361880228681894] - [0.0393697943479931, -0.11397583410266984, -0.04591005766916191, 0.122540540481339]
A2: [0.03512666334558919, -0.029454660059961262, -0.07586922355987209, 0.06947412692880488] - [0.10218962603388929, 0.28218659920328387, -0.3932875496446458, 0.006078469615089685] - [-0.01196764352027991, 0.5382294995835573, -0.36018979090149633, -0.16919908131734135] - [0.09740039225431339, 0.016998905190873586, -0.1692911816085655, 0.05303939480890603]
B1: -8.254547984012441e-05 - 0.00015009196385260156 - -1.7972745776365823e-05 - -4.1954465596627725e-05
B2: -0.0002766806657276806 - -1.612191711897546e-05 - 0.0003131680822208333 - -6.701177218624066e-05
