Number: 7371
Error: 8.893372506142965e-16
A1: [0.08043167528255697, -0.18046782015151328, -0.019588866364124855, 0.11962496233721404] - [0.03741555462692667, 0.13359636082733567, -0.13472621151458022, -0.0362858504501811] - [-0.001702834623029676, 0.22819010089686179, -0.12282839823258987, -0.1036589258305349] - [0.03886320273446529, -0.11448105015813285, -0.04641647307024256, 0.12203419627797414]
A2: [0.035307603801102164, -0.029273314612568817, -0.07569719712174981, 0.06966357597595575] - [0.10289377610032234, 0.28289672691058704, -0.3926063716561677, 0.0068160226324000305] - [-0.011187098944910701, 0.5390145917394336, -0.3594510145027913, -0.1683764634629066] - [0.09786280638457648, 0.017463323503964748, -0.16885100387306282, 0.053524885706550715]
B1: 1.56660794698646e-08 - -9.442574672927062e-10 - -2.963780456854645e-08 - 1.6577904028344803e-08
B2: 9.434301427214047e-09 - -7.727601254442525e-09 - 7.483536965387917e-09 - -6.133233887013484e-09
