Number: 427
Error: 1.794266953098888e-11
A1: [-0.012175030659989056, -0.014539393135402015, 0.018063368528615245, 0.008559976182793586] - [0.06584534650394813, 0.1895049873912911, -0.1453121162314408, -0.10999730312474978] - [-0.09629593208393715, 0.4217833281824961, -0.05346043418100548, -0.2720390636112253] - [-0.0013278848124198346, -0.018225384453850017, -0.0038419064360873606, 0.02336936451180444]
A2: [0.1615906637590955, -0.16775090474979126, 0.008505197767287581, -0.0023292252202639177] - [0.03548002983545793, 0.20751111955543594, -0.11721609402098078, -0.12579759943356383] - [-0.08621225288690718, 0.5815393872848662, -0.23538746927013673, -0.2599343081565337] - [-0.0038313456204650286, -0.004515728241924841, 0.0011138418038212227, 0.007246858047004566]
B1: 1.691631058940542e-06 - 4.528483418127318e-06 - -4.027873252844392e-06 - 1.970066798041214e-06
B2: 6.51374627963337e-06 - 5.97465438756959e-06 - 2.6325960290374358e-06 - 2.4116020496748575e-06
