Number: 696
Error: 5.908810857146975e-15
A1: [-0.01215343540628766, -0.014517212795575224, 0.018087237450894023, 0.008583052921838077] - [0.06583562257347976, 0.18949563332208363, -0.1453221699784284, -0.11000812969889891] - [-0.09629269820327703, 0.42178645314307983, -0.05345692543338004, -0.2720352963625985] - [-0.00132167280710213, -0.018219410820603802, -0.00383529441271907, 0.023376544138420916]
A2: [0.16158670710192372, -0.1677547867160104, 0.008501320458420591, -0.0023330828544098924] - [0.035485708868999065, 0.2075167073521311, -0.11721043881151154, -0.12579204388938509] - [-0.08621352519465873, 0.5815381408638739, -0.23538870767328354, -0.2599355491697836] - [-0.003834811823966978, -0.004519136916513116, 0.0011104107619734562, 0.007243541514246982]
B1: -5.870809194979201e-09 - -3.1525062834718046e-07 - -2.3808128566918488e-08 - -5.291721391873697e-08
B2: 5.466518009222219e-08 - -5.339617557117387e-07 - 1.2506659946739582e-07 - 6.42410946607276e-08
