Number: 2896
Error: 2.026368314186904e-08
A1: [0.06354079093758296, -0.047766270703832506, -0.02333796740879494, 0.007960269140130134] - [0.043974113962150764, 0.19157225377913498, -0.1422427237198607, -0.09216859525399095] - [-0.12351925327228323, 0.41478583530679114, -0.10493479577009042, -0.18714926932880643] - [0.03684213428008838, 0.019004116785649942, -0.03329541228852712, -0.023214578812367923]
A2: [0.0638144037209117, -0.17331502079736927, 0.08669324139732616, 0.02432308137824344] - [0.029675019680443056, 0.20067815422275592, -0.10132651796968574, -0.1274963641660713] - [-0.09320340993361786, 0.5138849190562998, -0.225399007748255, -0.19489802475239004] - [-0.025287863736703796, 0.019156399637661945, -0.04964757116725348, 0.05759991895932256]
B1: 0.000167338768371597 - 7.285778905529998e-05 - 3.5009577758118816e-05 - 8.332230287278871e-05
B2: -1.1493079604158612e-05 - -0.0001809449103284805 - 7.206446217275783e-05 - 6.0219890660014613e-05
