Number: 6945
Error: 9.849942609780951e-16
A1: [0.0804316695123827, -0.18046782592103053, -0.019588872127396295, 0.11962495656769952] - [0.03741559258931069, 0.1335963987609852, -0.13472617362784103, -0.03628581250882816] - [-0.0017028059777210369, 0.2281901295415591, -0.12282836962922164, -0.10365889719287467] - [0.03886324111466757, -0.11448101188563582, -0.04641643471449254, 0.12203423463432436]
A2: [0.035307479334249436, -0.02927343942367909, -0.07569731546331582, 0.06966344570798078] - [0.10289381563899616, 0.2828967667848281, -0.3926063334148903, 0.006816064035174822] - [-0.011187259220374642, 0.539014430507998, -0.3594511662070147, -0.16837663235075595] - [0.09786281336441482, 0.017463330515552242, -0.16885099722870456, 0.05352489303310911]
B1: 4.5234580049598186e-08 - 4.417343336528531e-09 - -3.57093453681314e-08 - 1.3205058472637299e-08
B2: -1.0177279273044439e-08 - 1.1657838766328302e-08 - 1.653559468526804e-08 - 6.248260593010241e-09
