Number: 8845
Error: 1.0500634441147116e-05
A1: [0.0868746323566159, -0.17393141221895977, -0.013949861070023883, 0.1261987320812714] - [0.039866172567171475, 0.1360899724736949, -0.1329377420226401, -0.033749376189196795] - [-0.00822059385796786, 0.22169754507425585, -0.1297482964045521, -0.11014023525581929] - [0.04547815832284012, -0.10774814266799052, -0.0407459382662556, 0.1288035323153529]
A2: [0.041783855966773996, -0.022935336906865257, -0.06937663638302893, 0.07646393135480369] - [0.08790507469599901, 0.2677468818739091, -0.40688699115967897, -0.008853446031720042] - [-0.029077480130630592, 0.5206684090926308, -0.37658930257068224, -0.1870561995647405] - [0.10627040063157067, 0.025820260818305164, -0.16062342046526792, 0.06235899461791277]
B1: -0.004197280280937984 - -0.01001959422100988 - 0.001489372285811824 - -0.007503223907796482
B2: -0.004900503911376868 - -0.0034432533975733096 - 0.0016234749822586934 - -0.003644945159461864
