Number: 1864
Error: 1.1655463261665009e-07
A1: [-0.007614178960076257, -0.015397080161926532, 0.0025958936192818243, 0.019009985072282937] - [0.06853000901164998, 0.19152816311479104, -0.1449716356647594, -0.10796704554873318] - [-0.11266992807167123, 0.44171938883729595, -0.07093486646026033, -0.2581860710732873] - [-0.02345402263975288, 0.015292300751561546, -0.030093274237752765, 0.0388272107453099]
A2: [0.13191440553149145, -0.224349111768491, 0.022964761880596016, 0.07045876109888764] - [0.03250059733049806, 0.20361968615691234, -0.11503124028677414, -0.12159076934647832] - [-0.09392015891924332, 0.5562366462761713, -0.234456231719517, -0.22485021045970538] - [-0.01838146889509097, -0.016905505505431684, 0.010504831582493615, 0.03449784856074097]
B1: -0.0005880727906742421 - 0.0010039626115061547 - -0.0009726383358245116 - 0.00017396604889612598
B2: -0.0006634091430565217 - 0.0007024155348416674 - 6.235962164808712e-05 - 1.7255229562676685e-05
