Number: 3856
Error: 1.0558474213411983e-15
A1: [0.06621310621980889, -0.11395215348500408, -0.02398402568285624, 0.07172279281432546] - [0.0374025450179561, 0.18819330531650472, -0.14740901275360846, -0.07818707615809159] - [-0.06022942312873157, 0.328950750372053, -0.12775316037590828, -0.14096837262899295] - [0.03904620182079132, -0.053322645553717456, -0.037418549098323796, 0.05169516137710402]
A2: [-0.009108594974813937, -0.34680320582475416, 0.24945507098285175, 0.10645665977176583] - [0.08003980290446731, 0.036282232343812414, -0.05025013724711791, -0.06607198469447827] - [-0.042452831027961366, 0.23083187831862872, -0.04053125794390769, -0.14784785176881754] - [0.06813472925064472, -0.29346790674681633, 0.14177118697401123, 0.08356180492375559]
B1: -3.545502919433334e-09 - -2.9974509969439744e-08 - -6.298768674895777e-09 - -1.4739588160676495e-08
B2: -1.9497313806318475e-08 - -2.1297554542830554e-08 - 4.529920001355958e-08 - -5.6827581601443506e-08
