Number: 2917
Error: 9.820287788982378e-08
A1: [0.0641181743359531, -0.04718978685559201, -0.022765379642320758, 0.008533921768667624] - [0.04357953798919735, 0.19119114139019705, -0.14264923428950105, -0.0926026634587167] - [-0.12301171773410947, 0.4152925968305624, -0.10442481996522346, -0.18664108644674404] - [0.03747067179182314, 0.01963450269227013, -0.03266739021594711, -0.02258940997639399]
A2: [0.06340831568739, -0.1737207405764032, 0.08628842773209142, 0.023922103222315347] - [0.0292885384338702, 0.20029721616342305, -0.10171157368899812, -0.12787455915487855] - [-0.09306573717668372, 0.5140190990501664, -0.22526089750380343, -0.19476455238253024] - [-0.026124785260622445, 0.018323317797412142, -0.05048500683460958, 0.05678510583413858]
B1: 0.00023877742379768582 - 0.0002671564039162063 - 0.0001714059384167714 - 0.0003546872439433896
B2: 4.931435985132854e-06 - -3.878161900281634e-05 - -0.00011597873951236929 - -5.856105316767444e-05
