Number: 5194
Error: 1.127664383408604e-15
A1: [0.0662131763759196, -0.1139520848966707, -0.023983955581825585, 0.07172286285265937] - [0.03740266911154309, 0.1881934238795748, -0.14740889076004393, -0.07818695415376385] - [-0.060229459776692855, 0.3289507151734143, -0.1277531962375225, -0.1409684082974764] - [0.03904620885215212, -0.053322638879583786, -0.03741854229555454, 0.05169516812458259]
A2: [-0.00910867901490095, -0.34680329497774876, 0.24945498626256662, 0.10645657166067857] - [0.08003980871188021, 0.03628223860013931, -0.05025013089977289, -0.06607197829329721] - [-0.04245286048705978, 0.23083184580592128, -0.04053128951322708, -0.14784788434922502] - [0.06813471076095068, -0.2934679271045277, 0.14177116692926423, 0.08356178419376396]
B1: -7.749491558046471e-09 - -3.725259034827749e-08 - -1.567401592722979e-08 - -1.1411727549476459e-08
B2: -9.534526472193924e-09 - -7.732796039815451e-08 - 5.5756474969888954e-08 - -3.729807963482115e-08
