Number: 9869
Error: 1.7240034138935036e-15
A1: [0.053172622329871584, -0.1480011987596497, -0.026998975210678525, 0.12182789420647572] - [0.005313813644084219, 0.13083678819411282, -0.11360064995936275, -0.022549669416715965] - [-0.014444442205074024, 0.2230916552136584, -0.12704114525251256, -0.0816058986151661] - [0.02714646550052901, -0.10002003263342571, -0.04942450298335304, 0.1222981258223027]
A2: [0.08925457638236763, -0.0729132554938983, -0.12362730831173012, 0.10728649957089872] - [0.10884171154923196, 0.24981416385849078, -0.4048453064413496, 0.046189462548182667] - [0.03663575169055708, 0.4625549401164866, -0.37771762591386937, -0.12147344961990902] - [0.14342644396751014, -0.044606612594782685, -0.20149952496516282, 0.10267987342103331]
B1: 5.3740882975675884e-08 - 3.1311600842001023e-10 - -4.162226418781489e-08 - -1.052092134143155e-09
B2: 7.71763803736276e-09 - 1.6176168245305352e-09 - -1.2988483352618968e-08 - -2.995687536017525e-08
