Number: 636
Error: 1.6767897328806169e-13
A1: [-0.012151986492525845, -0.014515724613499016, 0.018088838939579722, 0.008584601254697958] - [0.06583555242668944, 0.18949556584402502, -0.14532224250407144, -0.11000820780038657] - [-0.09629317144353398, 0.421785995767203, -0.053457438954433854, -0.2720358477099712] - [-0.0013212459974392223, -0.01821900035012202, -0.003834840086501184, 0.023377037459266378]
A2: [0.1615862778949, -0.16775520783740533, 0.00850089990902286, -0.0023335012711268354] - [0.03548550325030969, 0.20751650503747504, -0.11721064356903585, -0.12579224503777178] - [-0.08621409236628697, 0.5815375853232498, -0.2353892595480947, -0.2599361022466452] - [-0.0038350159517171484, -0.004519337648342448, 0.001110208728246829, 0.007243346219716866]
B1: 1.7078985188745373e-07 - 2.5483916107209785e-07 - 2.448656071315862e-07 - 7.039563368522577e-08
B2: 1.3358833006655868e-07 - -1.3445161504900009e-08 - -7.323456322016109e-07 - -2.088361315117133e-07
