Number: 5510
Error: 7.8334462535943e-13
A1: [0.06621546045621132, -0.11394985185194871, -0.02398167329760733, 0.0717251430970562] - [0.03740356111697757, 0.18819427613300657, -0.1474080138543278, -0.07818607717040084] - [-0.060226479448709014, 0.32895357762784627, -0.1277502798601442, -0.14096550760302587] - [0.03905192474282447, -0.05331721356271117, -0.03741301237811182, 0.05170065314265917]
A2: [-0.009112290992599184, -0.3468071267103821, 0.24945134505880026, 0.10645278471983502] - [0.08003973435065806, 0.0362821584940679, -0.05025021217396393, -0.06607206024562089] - [-0.042452138922183226, 0.2308326421627069, -0.040530516255441365, -0.14784708632088722] - [0.0681347602795099, -0.2934678725853894, 0.14177122061309674, 0.08356183972312817]
B1: -9.006244876718723e-08 - 3.363498558382008e-07 - 5.383011396709187e-07 - 3.1533968377551116e-07
B2: 8.178493420963923e-07 - 1.0697424682167274e-06 - -2.999534289640261e-07 - 1.5952238279253633e-06
