Number: 3054
Error: 5.842464026166106e-07
A1: [0.06300023502486779, -0.0483065094128421, -0.02387570199235277, 0.007416468274731483] - [0.04302842408536075, 0.19065900908388433, -0.14321368211156263, -0.09320594290469691] - [-0.12410488051241167, 0.41421139169975435, -0.1055119968737325, -0.18771464150422426] - [0.0366773517413742, 0.018837388571581945, -0.033466865556939215, -0.023392395181581482]
A2: [0.06634468710720759, -0.17079698925236703, 0.0892184537827156, 0.0268247670152633] - [0.030989550073429243, 0.20197360878589155, -0.10001722532116701, -0.12621031562256016] - [-0.09261665315429819, 0.5144568345498745, -0.22481161809660113, -0.194325850227994] - [-0.02563875729152862, 0.018797285624742924, -0.05001108991415072, 0.05726187419161513]
B1: -0.0009936028286787345 - 0.00046578715507733905 - -8.985770177075527e-05 - 0.0002814442105149207
B2: 0.0006438802238722043 - 0.00046837710390060564 - 0.0005839589171872752 - 0.0006502058889660094
