Number: 3954
Error: 9.14704580440754e-16
A1: [0.06621322429997462, -0.11395203804355329, -0.02398390769535273, 0.07172291069632611] - [0.03740258715369701, 0.1881933455743393, -0.1474089713309433, -0.07818703473176372] - [-0.060229261218503916, 0.3289509058778402, -0.12775300194012507, -0.14096821504536927] - [0.03904624896516677, -0.05332260080605618, -0.03741850348772295, 0.05169520661735462]
A2: [-0.009108584733038714, -0.34680319495982576, 0.24945508130749944, 0.10645667050971398] - [0.08003980653053445, 0.03628223625012806, -0.05025013328403137, -0.06607198069774077] - [-0.04245277938562575, 0.23083193531433166, -0.04053120260192766, -0.14784779465432318] - [0.06813478387105946, -0.2934678466073326, 0.1417712461878227, 0.08356186616337173]
B1: 1.2682128982597814e-08 - -8.789556345521753e-09 - 4.2602186121664495e-09 - -1.767555064414351e-08
B2: 1.5471011031167292e-08 - -3.276705703315719e-08 - -2.9178417434759955e-08 - 5.4111611648990053e-08
