Number: 8783
Error: 2.1217466435298862e-07
A1: [0.08055095481219365, -0.1803485583886992, -0.019469701797239253, 0.11974422888850265] - [0.037292680235472275, 0.1334735553231546, -0.13484882929112063, -0.03640865856127696] - [-0.0014180971314305807, 0.22847484508500945, -0.12254404834613841, -0.10337426122563717] - [0.0391053412545643, -0.11423960913530976, -0.046174461590788286, 0.12227617772597753]
A2: [0.03489369474164307, -0.029688468936608516, -0.0760907055252129, 0.06923030826946812] - [0.10297204228817178, 0.2829755365817293, -0.3925306285171776, 0.006897946218428758] - [-0.012154919372823198, 0.5380410086558071, -0.3603670934066669, -0.1693963488922987] - [0.09758612966965571, 0.01718528424563807, -0.16911434727321634, 0.05323441235216264]
B1: 7.598288502852382e-05 - -5.576688754577007e-05 - 0.00027868196819742086 - 3.0226574365379102e-05
B2: -0.0004139179851741922 - -8.758933021376644e-05 - -0.0005704506252529241 - -0.0003664430806282481
