Number: 4922
Error: 1.0221571628175573e-15
A1: [0.06621314673394525, -0.11395211387623197, -0.023983985200510566, 0.07172283326046157] - [0.03740254941977225, 0.18819330952213817, -0.14740900842627477, -0.07818707183039639] - [-0.06022936311519988, 0.3289508080117259, -0.12775310165018988, -0.1409683142189272] - [0.039046172292718305, -0.05332267358051962, -0.03741857766562179, 0.05169513304172128]
A2: [-0.009108612978261935, -0.34680322492349736, 0.24945505283364924, 0.10645664089621233] - [0.080039859243009, 0.03628229303658948, -0.05025007567222005, -0.06607192259676106] - [-0.0424528345689999, 0.23083187441061376, -0.040531261738408736, -0.14784785568497805] - [0.06813474910176685, -0.2934678848897689, 0.14177120849441213, 0.08356182718064799]
B1: -1.047338924820327e-08 - 6.591760892093732e-09 - -1.6236023597585613e-08 - -1.4253693159259298e-08
B2: -5.2341697917154514e-09 - -1.8709392214455678e-08 - -3.6058114913295284e-09 - -4.726335971132436e-09
