Number: 3091
Error: 1.0283036013774178e-06
A1: [0.06628399868245743, -0.04509294825269288, -0.020658773239447273, 0.010665121952593249] - [0.0444801928851095, 0.192046808531135, -0.1417301575591906, -0.09160824893645708] - [-0.12250169005978791, 0.4157499487675142, -0.10394531194174958, -0.18613021788049272] - [0.03868177445589532, 0.02076375160564832, -0.031519225092958535, -0.02142063364762929]
A2: [0.06453146508660172, -0.1725465941191197, 0.08738473549703886, 0.025004635251350504] - [0.03549502295847204, 0.20640089669075676, -0.0955151376364881, -0.12179636221429917] - [-0.09604754537722465, 0.5111022644794146, -0.22824478384222457, -0.19764759295018405] - [-0.031626214995017665, 0.012877393165739354, -0.05601694152570465, 0.05142308694423812]
B1: 0.0002664706028753695 - -0.002337636860214716 - -0.0006907475063839729 - 0.001158033150404878
B2: -0.00037377955831979987 - -0.00039372408076502414 - 0.0003744856661962541 - 0.0004619989370965632
