Number: 6458
Error: 9.419823378986015e-16
A1: [0.08043169517260083, -0.18046780026371986, -0.019588846497862755, 0.1196249822249861] - [0.037415597329615, 0.13359640349770174, -0.1347261688969834, -0.03628580777114929] - [-0.0017028132855874578, 0.22819012223385254, -0.12282837692638941, -0.10365890449879067] - [0.038863232248312514, -0.11448102072710942, -0.04641644357519704, 0.12203422577348089]
A2: [0.035307455710507606, -0.029273463112762507, -0.07569733792448055, 0.06966342098318037] - [0.10289375650707586, 0.2828967071510471, -0.3926063906065156, 0.006816002115415023] - [-0.011187089682422248, 0.5390146010571831, -0.3594510057356598, -0.16837645370267562] - [0.09786281631067097, 0.017463333475211274, -0.16885099442406695, 0.05352489612572702]
B1: 1.7576534253701802e-09 - 5.386539171381482e-09 - -2.601987526271696e-10 - 2.0344987522770913e-09
B2: 5.651254430692511e-09 - 2.150573045540524e-09 - 7.137798560853523e-09 - -1.4953871274361543e-09
