Number: 8972
Error: 0.0013214551647149817
A1: [-0.03996066953484756, -0.28294890584510934, -0.12062165972393302, 0.02162366795970174] - [-0.025215958397161415, 0.09280816235875645, -0.1520996461166978, -0.05687971988827083] - [0.08055581380818222, 0.30555408307867366, -0.02035910465106779, 0.002963191010891897] - [-0.033012949762693214, -0.1714012059583269, -0.10844344043324956, 0.06079135126945273]
A2: [0.023761280687140757, -0.048903880658277235, -0.12157578054321118, 0.10097760549702658] - [0.16486249715499107, 0.32755577882207637, -0.3552000192021894, 0.10734608292497555] - [0.028068123480543314, 0.5378244489152937, -0.3414924618703702, -0.08341500516853742] - [0.16062523181510266, 0.04869308532198784, -0.1286088493406075, 0.16567517352320418]
B1: 0.04627855207354602 - 0.00823866451986571 - 0.044681457360634676 - 0.03675232889014547
B2: -0.02723316907263912 - 0.01662914484318707 - 0.010194730210835523 - 0.009400158743862623
