Number: 6351
Error: 1.0628274684466438e-15
A1: [0.08043171638298821, -0.18046777905573297, -0.019588825312835463, 0.11962500343295204] - [0.037415635583401594, 0.1335964417225372, -0.13472613071941736, -0.036285769538551726] - [-0.0017027693069947187, 0.22819016621150695, -0.1228283330121891, -0.103658860531935] - [0.0388632867230453, -0.11448096640525418, -0.04641638913517702, 0.12203428021435686]
A2: [0.035307367891990564, -0.029273551174178868, -0.07569742142116084, 0.06966332907152856] - [0.10289384620022889, 0.28289679760544123, -0.39260630385649026, 0.0068160960372847775] - [-0.011186992070196303, 0.5390146992516303, -0.35945091334361357, -0.16837635084520985] - [0.09786281876004747, 0.017463335935728543, -0.16885099209241927, 0.05352489869677502]
B1: -3.5950936694362294e-08 - 3.440637302077159e-08 - 2.3918430611718407e-08 - -3.708255263428022e-09
B2: -2.891869120289896e-09 - -7.467523754115754e-09 - 2.4176619123457457e-08 - 9.054557091258334e-09
