Number: 6171
Error: 8.320681689242826e-16
A1: [0.08043160825186911, -0.18046788717460316, -0.01958893331466132, 0.1196248953141846] - [0.03741550397783096, 0.13359631021657598, -0.13472626206276123, -0.0362859010712185] - [-0.0017028008065069888, 0.2281901347126694, -0.12282836446558093, -0.10365889202303885] - [0.03886322953313367, -0.114481023434665, -0.046416446288646745, 0.12203422305999147]
A2: [0.035307388791379235, -0.029273530216983694, -0.07569740155029364, 0.06966335094501183] - [0.10289375293136957, 0.28289670354499385, -0.3926063940648924, 0.006815998371125484] - [-0.011187165411720544, 0.5390145248761894, -0.35945107741504445, -0.16837653350134812] - [0.09786277759338985, 0.017463294581816467, -0.16885103128039203, 0.05352485548516014]
B1: 1.8520794807578905e-08 - 1.7510576380763416e-08 - 2.3103931108225738e-08 - 6.100694733581945e-09
B2: -9.06825327137308e-09 - -2.127197879514281e-08 - 3.5172650330449557e-08 - 3.795354676646767e-08
