Number: 7443
Error: 1.0694467052671306e-15
A1: [0.0804317150915509, -0.18046778034703148, -0.019588826602735962, 0.11962500214165804] - [0.03741562608766279, 0.13359643223398304, -0.13472614019623463, -0.03628577902903341] - [-0.0017027936149930675, 0.22819014190402478, -0.12282835728459507, -0.1036588848334412] - [0.03886326464821469, -0.11448098841813967, -0.04641641119595005, 0.12203425815323977]
A2: [0.03530737300137805, -0.029273546050641103, -0.07569741656330604, 0.06966333441913962] - [0.10289373682570974, 0.2828966873026537, -0.39260640964206905, 0.00681598150616021] - [-0.011187065728949407, 0.5390146251535151, -0.35945098306313944, -0.16837642846210674] - [0.0978628113598115, 0.01746332850183387, -0.1688509991369568, 0.05352489092892693]
B1: -1.746369389153805e-08 - 9.279298552209949e-09 - 2.1239138242860638e-08 - 5.669599082884561e-09
B2: 1.107959631706411e-08 - 8.163986448057475e-09 - 2.4764278099936254e-08 - 1.1409087036603891e-08
