Number: 3936
Error: 1.0789612392367081e-15
A1: [0.06621318838771283, -0.11395207315329105, -0.023983943579432062, 0.07172287484433339] - [0.03740259308559087, 0.18819335124186087, -0.14740896549943747, -0.07818702889974136] - [-0.06022947129265978, 0.3289507041132538, -0.12775320750627073, -0.14096841950587813] - [0.039046219612706594, -0.05332262866629675, -0.037418531885242, 0.05169517845042031]
A2: [-0.009108513267222047, -0.34680311914573153, 0.24945515335155316, 0.10645674543775072] - [0.08003981607783558, 0.03628224653530748, -0.05025012284937186, -0.06607197017447708] - [-0.04245284883981734, 0.23083185866033318, -0.04053127703181446, -0.1478478714680856] - [0.06813458962083596, -0.2934680604854313, 0.14177103560173127, 0.08356164837280343]
B1: 1.7301604477679216e-08 - -3.773925340867322e-08 - 3.0129570283835554e-08 - 2.6780004455531223e-09
B2: 1.0295960698220907e-09 - -1.2622399115244171e-09 - 4.1504511352988785e-08 - -9.30731591331538e-09
