Number: 7918
Error: 1.041986445989557e-15
A1: [0.08043169847972156, -0.18046779695698512, -0.019588843194699397, 0.11962498553172746] - [0.03741559255657185, 0.13359639872826787, -0.13472617366048092, -0.03628581254153709] - [-0.0017028302342798473, 0.2281901052855155, -0.12282839385025981, -0.1036589214429533] - [0.03886324070815789, -0.11448101229101737, -0.046416435120745204, 0.12203423422806486]
A2: [0.035307317660895454, -0.029273601544166625, -0.07569746918042652, 0.06966327649942992] - [0.10289363347378273, 0.28289658307359467, -0.3926065096027563, 0.006815873281681969] - [-0.011187100302414238, 0.5390145903738228, -0.359451015787694, -0.16837646489335623] - [0.09786272701733921, 0.01746324377572441, -0.1688510794256159, 0.053524802396886825]
B1: -1.433866606407121e-08 - 4.223227268930432e-09 - 1.1512597743515091e-08 - 5.277895252783393e-09
B2: 2.5596478387745326e-08 - -3.86383354890723e-08 - 3.103606661837716e-08 - 1.001312114776235e-08
