Number: 3597
Error: 6.441977625190287e-12
A1: [0.0662125312796827, -0.11395271561775673, -0.023984600282465, 0.07172221880709309] - [0.037404505516761125, 0.18819517843503825, -0.14740708543338424, -0.07818514863293712] - [-0.060223209342064835, 0.32895671837952084, -0.12774707978869493, -0.1409623249821026] - [0.03904992660667322, -0.053319110147925286, -0.03741494553778852, 0.05169873565378217]
A2: [-0.009105927497055495, -0.34680037599145513, 0.24945776005945872, 0.106459456461586] - [0.08004670737364467, 0.036289670478505696, -0.05024259105286131, -0.0660643744278026] - [-0.0424381900498511, 0.2308480369637348, -0.04051556815757895, -0.14783165940827334] - [0.06812981221337314, -0.29347332066287934, 0.1417658564659572, 0.08355629205804051]
B1: -3.286389290395987e-07 - -1.0685619905375892e-06 - 6.722636225534471e-06 - -5.197758891695056e-06
B2: 2.1830083467581064e-06 - 1.1104178862108763e-06 - 1.8542832882507276e-06 - -1.702907965112776e-06
