Number: 4948
Error: 8.682561831603706e-16
A1: [0.06621321531365452, -0.1139520468290366, -0.023983916674620867, 0.07172290172507703] - [0.037402643240904664, 0.1881933991618895, -0.14740891619289878, -0.07818697958886331] - [-0.06022936113747162, 0.3289508099112209, -0.12775309971490031, -0.14096831229404427] - [0.039046173558591704, -0.05332267237900176, -0.03741857644093079, 0.05169513425646917]
A2: [-0.009108640716480742, -0.3468032543493566, 0.2494550248710075, 0.10645661181425216] - [0.08003985203356581, 0.03628228526995932, -0.05025008355172548, -0.06607193054317376] - [-0.042452816853971356, 0.23083189396197365, -0.040531242754314266, -0.14784783609286906] - [0.06813474867733237, -0.2934678853570854, 0.14177120803428542, 0.08356182670478464]
B1: 1.9027839051929745e-08 - -1.416848579589382e-08 - 2.8343749951830187e-09 - 1.0485774823946425e-08
B2: 4.619114686492233e-09 - 3.328619563821954e-08 - -6.9975644124535145e-09 - -1.9181855571873258e-08
