Number: 1694
Error: 2.3076857657287566e-07
A1: [-0.00698931743391437, -0.014800802035553498, 0.003205084792862499, 0.019645973022854986] - [0.06761599737358351, 0.1906435103329613, -0.14591995273285105, -0.10898483823414762] - [-0.11330260690400416, 0.4410607230096935, -0.07154711449849521, -0.25888351237542595] - [-0.023382175671111654, 0.015317987876981779, -0.029947149547231093, 0.03888770156523738]
A2: [0.13323762015013557, -0.22299122845730732, 0.024286044120828798, 0.071769146647201] - [0.03352358141434728, 0.20461352490041587, -0.11401466632698186, -0.12059743196966058] - [-0.09478510784517302, 0.5553944143115088, -0.23535646636075405, -0.2257986690773678] - [-0.01902026544672809, -0.017489379555899964, 0.00990400146825149, 0.03391333487403051]
B1: -0.00017605090820106445 - 0.0014838120068159822 - -0.0005276891399445322 - 3.612670070136107e-05
B2: -7.474077463488044e-05 - -0.0005295860923530152 - -5.595415683122117e-05 - -0.00013092758382091628
