Number: 7536
Error: 8.177026245313881e-16
A1: [0.08043172695764507, -0.18046776848228327, -0.019588814750831678, 0.11962501400639472] - [0.03741561392405085, 0.13359642007957562, -0.13472615233561122, -0.036285791185908974] - [-0.001702761516558858, 0.2281901740017722, -0.12282832523315956, -0.10365885274357588] - [0.03886325995417893, -0.11448099309900421, -0.04641641588699626, 0.12203425346211928]
A2: [0.03530744826724855, -0.029273470576598414, -0.0756973450014285, 0.06966341319298713] - [0.10289376403225085, 0.2828967147400977, -0.39260638332824993, 0.00681600999537151] - [-0.011187090911073632, 0.5390145998211924, -0.35945100689858683, -0.16837645499736884] - [0.09786281943342406, 0.017463336612170612, -0.16885099145139598, 0.05352489940358731]
B1: 9.24508030424333e-09 - 9.253110573727122e-09 - 1.1073780471396252e-08 - 9.009200682493031e-09
B2: 1.1867573684695085e-08 - 9.998332962545308e-10 - 2.5246204714115375e-08 - 1.0883792298678411e-09
