Number: 4889
Error: 1.1996314562719265e-15
A1: [0.0662131084759862, -0.1139521512792595, -0.02398402342844534, 0.07172279506670914] - [0.037402560778741455, 0.1881933203748657, -0.14740899725953588, -0.07818706066266934] - [-0.06022936973103922, 0.32895080165757734, -0.12775310812406482, -0.14096832065798726] - [0.03904624262187729, -0.05332260682667925, -0.0374185096244721, 0.05169520053040232]
A2: [-0.009108587019645622, -0.34680319738551774, 0.24945507900229497, 0.10645666811236022] - [0.0800398611427525, 0.0362822950831552, -0.05025007359591351, -0.0660719205028232] - [-0.04245283928009302, 0.2308318692111682, -0.04053126678699114, -0.14784786089525992] - [0.06813472755483352, -0.2934679086138268, 0.14177118513550993, 0.08356180302262121]
B1: 8.608711834224831e-09 - 1.7501225877639157e-08 - 1.6040023199372032e-11 - -6.8657697475527236e-09
B2: -1.7172006953566433e-08 - -2.276738880287142e-08 - 1.4636441124756678e-08 - 3.243539731400174e-08
