Number: 6846
Error: 1.4759157857419628e-15
A1: [0.08043166493717302, -0.18046783049572293, -0.01958887669713881, 0.11962495199301107] - [0.037415556672061284, 0.13359636287092064, -0.1347262094735269, -0.036285848406181855] - [-0.0017028593129793934, 0.22819007620743972, -0.12282842288638939, -0.10365895051389842] - [0.038863197901278686, -0.11448105497775096, -0.04641647790034591, 0.12203419144779332]
A2: [0.03530742356577844, -0.02927349534640006, -0.07569736848727054, 0.06966338734022584] - [0.10289373286604571, 0.2828966833093726, -0.39260641347180913, 0.006815977359797798] - [-0.011187040661311133, 0.5390146503706789, -0.35945095933610427, -0.16837640204742915] - [0.09786281722448659, 0.017463334393181675, -0.16885099355416752, 0.05352489708492816]
B1: -1.3798342950078696e-09 - -1.962746550112793e-08 - 2.138356342711947e-08 - 1.4262641906020062e-09
B2: 8.01979636645424e-09 - -1.774076705976025e-10 - -9.412674443831422e-09 - -4.379192448934185e-10
