Number: 1115
Error: 2.3021690329621084e-06
A1: [-0.015545773268245324, -0.023427422585257165, -0.005605029359717216, 0.010765717782352552] - [0.06247008225676031, 0.18566115743488004, -0.15126802753384463, -0.11466759562019072] - [-0.11537516260945696, 0.4391656468094912, -0.07359900537805043, -0.2612171365976851] - [-0.03734841110446778, 0.0014858335764166917, -0.04400273952948527, 0.024055250730725092]
A2: [0.1288650047877776, -0.22726895054038898, 0.0200581811725444, 0.06742448490088113] - [0.014414721975568806, 0.18584478318922837, -0.1330380705339809, -0.13930945876433026] - [-0.09867590922454973, 0.5516697971723207, -0.23918485230725248, -0.2296966021298393] - [-0.030482743513816107, -0.028885927703801172, -0.0013125707612633745, 0.022720714702832493]
B1: 0.0008034486005995801 - -0.0010725045843374083 - -0.0023184007057249836 - 0.0012564132231382094
B2: 0.00011585994340248553 - -0.004085295742756776 - -0.003340617698304919 - 0.0011648423792416937
