Number: 7267
Error: 1.1934227312941873e-15
A1: [0.08043168505033281, -0.18046781038484064, -0.019588856608024036, 0.11962497210387493] - [0.0374155884352386, 0.13359639461006073, -0.13472617777363152, -0.03628581666059705] - [-0.0017028219567400797, 0.2281901135628855, -0.12282838558483955, -0.1036589131676246] - [0.03886323106837184, -0.11448102190373884, -0.04641644475438797, 0.12203422459427157]
A2: [0.03530751050548172, -0.029273408166234288, -0.07569728582608992, 0.06966347833202509] - [0.10289371087528858, 0.2828966611319847, -0.39260643474098283, 0.006815954332279506] - [-0.011187130664750274, 0.5390145598304006, -0.3594510445263233, -0.16837649688719608] - [0.0978628219837558, 0.017463339174098105, -0.16885098902364803, 0.05352490208060397]
B1: 8.85479232081765e-09 - -2.335512692527978e-08 - -2.497873133375367e-08 - -2.6323543214016635e-09
B2: -1.1658802955251465e-08 - -1.1631042985040388e-08 - -1.1777953636133737e-08 - -1.2449554243720051e-08
