Number: 5275
Error: 1.2680478722067792e-15
A1: [0.06621304206176185, -0.11395221620937841, -0.02398408979056741, 0.07172272876391583] - [0.03740257254687233, 0.1881933316185774, -0.14740898569050917, -0.0781870490926314] - [-0.06022934550961801, 0.32895082492066124, -0.12775308442250086, -0.1409682970838069] - [0.03904601049835167, -0.05332282714974474, -0.037418734196372226, 0.05169497778189829]
A2: [-0.009108594055378122, -0.34680320484919963, 0.24945507190939964, 0.10645666073592328] - [0.08003982343098395, 0.036282254456811006, -0.05025011481262425, -0.06607196206956976] - [-0.04245287594544973, 0.2308318287451462, -0.04053130607901436, -0.1478479014455449] - [0.06813472243351808, -0.29346791425256963, 0.1417711795833813, 0.08356179728082636]
B1: 4.2603614208263596e-08 - -2.835606846367234e-08 - -8.122218321654943e-09 - -1.5215838176440182e-08
B2: -1.7179362587898577e-08 - 3.171847426467811e-08 - 5.215345006708386e-08 - -2.3149578662226015e-08
