Number: 4106
Error: 1.0309485348426567e-15
A1: [0.06621318608478813, -0.11395207540475484, -0.02398394588054799, 0.07172287254527332] - [0.037402644993298165, 0.1881934008361521, -0.14740891447017831, -0.078186977865972] - [-0.06022933158576621, 0.32895083829399246, -0.1277530707973654, -0.14096828353224244] - [0.03904624563412785, -0.05332260396774632, -0.03741850671038698, 0.05169520342085757]
A2: [-0.009108625808630536, -0.34680323853461315, 0.24945503989954382, 0.10645662744420424] - [0.08003982496929474, 0.0362822561139569, -0.05025011313151826, -0.06607196037409552] - [-0.042452839044942334, 0.23083186947057355, -0.04053126653524354, -0.14784786063531719] - [0.06813478028022199, -0.2934678505610003, 0.14177124229499194, 0.0835618621373821]
B1: 2.7079548084446422e-08 - 1.1439254743241518e-08 - 4.782174269991021e-09 - 1.5999309017774572e-08
B2: -3.248119513447187e-09 - 1.382394732510688e-08 - 1.9062392271123565e-08 - 3.313431413107766e-08
