Number: 8216
Error: 9.960798555576038e-16
A1: [0.08043169521751674, -0.18046780021884265, -0.019588846453058927, 0.11962498226985603] - [0.03741559662469969, 0.13359640279336898, -0.13472616960034825, -0.03628580847558804] - [-0.001702813712785281, 0.22819012180665266, -0.12282837735297011, -0.10365890492587798] - [0.03886324041560854, -0.11448101258274938, -0.046416435413129314, 0.12203423393568166]
A2: [0.03530737580815801, -0.0292735432360484, -0.07569741389470683, 0.06966333735680896] - [0.1028937045263166, 0.2828966547291425, -0.39260644088163893, 0.0068159476840096815] - [-0.01118707748097448, 0.5390146133313466, -0.3594509941866658, -0.1683764408456597] - [0.09786284331921741, 0.017463360606571506, -0.16885096871360253, 0.053524924475810046]
B1: -2.3778515841049124e-08 - 1.4493131462732997e-09 - -3.352364604209267e-10 - -2.217776978506036e-08
B2: -1.3847471382098332e-08 - -6.390147719185707e-09 - -6.001719338220257e-09 - -1.293954128412923e-08
