Number: 7829
Error: 9.580122771855833e-16
A1: [0.08043165178485699, -0.18046784364655696, -0.01958888983372168, 0.11962493884220092] - [0.03741558954850612, 0.1335963957224777, -0.13472617666257405, -0.03628581554794485] - [-0.0017028364651987585, 0.22819009905473037, -0.12282840007205593, -0.10365892767220923] - [0.03886319093852564, -0.11448106192097503, -0.04641648485865831, 0.12203418448936809]
A2: [0.03530746152140801, -0.029273457285768162, -0.07569733239951705, 0.06966342706487999] - [0.10289374606532722, 0.2828966966206994, -0.39260640070562064, 0.006815991181380205] - [-0.011187066590378304, 0.5390146242869458, -0.3594509838784687, -0.168376429369856] - [0.09786283176914527, 0.01746334900400539, -0.16885097970855772, 0.053524912352048724]
B1: -2.3789882555564435e-08 - 2.14604312983165e-09 - 8.600926719400325e-09 - -5.0630820244212355e-09
B2: -2.6571364818544153e-08 - 1.9653920170901456e-08 - -1.7954050928648214e-08 - -2.6371454960981716e-08
