Number: 1075
Error: 5.5554337948112125e-06
A1: [-0.007453167897663504, -0.01555222746422593, 0.002511333304206849, 0.018614915427329723] - [0.07323490961832113, 0.1959032045514682, -0.14048463192113128, -0.10275647139920556] - [-0.11857081011472433, 0.4348686157829189, -0.08048504854417415, -0.2662632791186595] - [-0.011833045508725912, 0.02745283155326684, -0.014988739633932647, 0.05219367466956196]
A2: [0.14726206594944677, -0.20883984652113613, 0.037328726774248824, 0.08657608642791824] - [0.019646662965077655, 0.19111246789437786, -0.12748297849993614, -0.13444768537842564] - [-0.07396835497962011, 0.5762906689369007, -0.2119150936318791, -0.20800183745235395] - [0.0007595903142124869, 0.0017003861234579547, 0.029752999077565314, 0.05271703734649496]
B1: 0.003040821107468747 - 0.010196368695216588 - 0.0057968577235746836 - 0.0020626493174477414
B2: -0.0016288313059404443 - 0.013123495182397533 - 0.00409580290385219 - -0.0013925765932951838
