Number: 1981
Error: 3.71039866890908e-05
A1: [0.022709888269773344, 0.01575384038289742, 0.0340769139362189, 0.05086254075206631] - [0.10395622705711764, 0.2255724342333083, -0.10811704400141403, -0.06841519270949344] - [-0.07695767425999996, 0.4765988702760826, -0.03411725990902859, -0.2193202336720555] - [0.008958777896789071, 0.04634422568067535, 0.0029354447879483304, 0.07305591164629839]
A2: [0.12292855259989795, -0.23415824091872317, 0.013184464360118046, 0.06034092353400685] - [0.041918142865587066, 0.21258191323783598, -0.10583701273617668, -0.11279262312562836] - [-0.10213745543167253, 0.5467775635016977, -0.2431961408705426, -0.23453023974861686] - [-0.02285175110053004, -0.021690274104582415, 0.005831734454231749, 0.029466596048983905]
B1: -0.006056886540234762 - -0.0023697466588473584 - -0.009557117610913561 - -0.006341194716005103
B2: -1.309146843588016e-05 - -0.013157690327817401 - 0.003548098810019367 - 0.001442831353360299
