Number: 7372
Error: 1.1212691927923843e-15
A1: [0.08043167853579054, -0.18046781689864813, -0.01958886311478123, 0.1196249655900761] - [0.037415552080008796, 0.13359635828234537, -0.13472621405642338, -0.03628585299568823] - [-0.0017028309480441007, 0.22819010457176897, -0.12282839456298515, -0.10365892215653008] - [0.03886320121139295, -0.11448105167693093, -0.046416474592344416, 0.12203419475584837]
A2: [0.03530761915280564, -0.02927329921840494, -0.07569718252553807, 0.06966359204317044] - [0.10289377908235878, 0.2828967299179322, -0.3926063687719803, 0.006816025755026887] - [-0.011187113888977508, 0.5390145767062329, -0.35945102864768336, -0.16837647920998292] - [0.09786281754471153, 0.017463334714862826, -0.16885099324933137, 0.053524897421053444]
B1: 2.6632459853181087e-08 - 7.996839077623455e-10 - -3.158663898901271e-08 - 1.5911440809987363e-08
B2: 1.1802373169451793e-08 - -9.218567611086757e-09 - 1.0548763818872362e-08 - -6.902773508363743e-09
