Number: 1013
Error: 0.0011516930500086232
A1: [-0.006570612325975268, -0.011670049587699498, 0.01202293876742937, 0.014048520961912699] - [0.07417259869379175, 0.19712571536221365, -0.13806457168789935, -0.1012124084018669] - [-0.07786228856089467, 0.43654220725666665, -0.05267187148565394, -0.2545948202253383] - [-0.015529382585105028, -0.032701384747466984, -0.03793489586668533, 0.00702779506720496]
A2: [0.20411126295667187, -0.13909113036815113, 0.05258246691657775, 0.04970917382988496] - [0.039913544788799285, 0.20923271396053336, -0.11240609696896245, -0.1198448629286594] - [-0.06653327752430316, 0.5990023947819222, -0.20772893013505767, -0.23225158677492277] - [0.014393904545262976, 0.013565936560313817, 0.024664720528864637, 0.03125714962887624]
B1: -0.022408938859409366 - -0.03698362514563162 - 0.006238817868728375 - -0.0021294079682499523
B2: 0.026200530225208768 - 0.020393112381929958 - 0.024575485935851123 - 0.01664056937881191
