Number: 5700
Error: 0.07059167419346336
A1: [0.1351803793514847, -0.03280871565746207, 0.05251899092614448, 0.1669397743881374] - [0.13647566077903342, 0.29972522424040504, -0.03611918710929979, 0.04881287614491642] - [0.2158379302593953, 0.570036058660688, 0.13810218999625784, 0.1204731524088074] - [-0.3404219523943579, -0.37674344443971175, -0.38945191965878184, -0.26170053958019246]
A2: [0.10867774010436315, -0.14094615008388567, 0.22285183588187674, 0.17480256021605206] - [0.12312059952554427, 0.14891132223546188, -0.08819132635413432, -0.06454427036505223] - [0.006295429225855964, 0.37289543507595546, -0.10690984328918457, -0.15199859648053124] - [0.181332265969273, -0.0801065697106576, 0.15752899605894366, 0.13827738413598772]
B1: -0.6056543355227985 - -0.7083288051716713 - -0.6296183744472925 - -0.6402588786695729
B2: 0.36349139702309297 - 0.43387915616660266 - 0.30112694728320355 - 0.2769539974184423
