Number: 9048
Error: 3.158696838386955e-05
A1: [0.017638232475011034, -0.20005119403275992, -0.06549937927887829, 0.08111250693564874] - [0.008892647310714066, 0.13085006470154947, -0.11292381030054766, -0.021429503186797302] - [0.0028055067786785827, 0.24985949775167815, -0.09648759222469966, -0.057063605026717264] - [0.019806418671780828, -0.10744403274537463, -0.05324996326616122, 0.11526374081725456]
A2: [0.1237700512127924, -0.026702126558069077, -0.0697891683611302, 0.15574230083799756] - [0.05920493570291752, 0.1851216433386684, -0.46884926453919795, -0.019476484987763297] - [0.04253988984272945, 0.4766050615737315, -0.3740489352162279, -0.1123913411925197] - [0.15004443660737088, -0.03335708944501723, -0.19362303378749704, 0.11319729730149417]
B1: -0.0026461475549877456 - -0.007272662813763299 - -0.025929785163531567 - -0.007461458709572863
B2: -0.023415206280322953 - -0.007604166269318545 - -0.014565929268573688 - -0.007032736608612737
