Number: 8253
Error: 6.614417030650362e-16
A1: [0.0804317059342388, -0.18046778950332854, -0.01958883574914919, 0.11962499298535964] - [0.03741556947301818, 0.133596375662236, -0.13472619669792385, -0.03628583561222827] - [-0.0017028423056067972, 0.22819009321443953, -0.12282840590392567, -0.10365893351106963] - [0.038863256175842874, -0.11448099686673821, -0.046416419662936685, 0.12203424968612615]
A2: [0.035307384088745744, -0.02927353493255667, -0.07569740602161946, 0.06966334602332827] - [0.10289375864423037, 0.28289670930634914, -0.3926063885394499, 0.006816004353298604] - [-0.011187182436315626, 0.5390145077500099, -0.35945109352938553, -0.16837655144054028] - [0.09786269545118065, 0.017463212065960326, -0.16885110947465778, 0.05352476926279989]
B1: -2.447313938064547e-09 - 1.1279664630199651e-08 - -1.88362810912628e-08 - -3.83937213290372e-08
B2: 3.063397603436535e-09 - -2.960526949900607e-08 - -2.0605493396267804e-08 - 2.1639407664081322e-10
