Number: 9814
Error: 4.626458619332093e-16
A1: [0.053172567904202904, -0.1480012532053382, -0.026999029576379938, 0.12182783975454625] - [0.005313722843818207, 0.130836697298622, -0.11360074074588218, -0.022549760345026173] - [-0.014444470616596641, 0.2230916267917225, -0.12704117364155437, -0.08160592703683407] - [0.027146417555620837, -0.1000200805782494, -0.04942455102938654, 0.12229807775556659]
A2: [0.08925433434261913, -0.07291349697394237, -0.12362754489817877, 0.10728625454676816] - [0.10884187445729039, 0.2498143267952845, -0.40484514676000416, 0.04618962819721617] - [0.03663613599885114, 0.4625553224251178, -0.37771725096353054, -0.12147306132574914] - [0.14342669158798135, -0.04460636589660832, -0.20149928318522797, 0.10268012471521948]
B1: 5.8960172508931423e-08 - 3.924827797088865e-08 - 2.8710250072136205e-08 - -2.191907113732596e-08
B2: 3.680280352366305e-08 - 2.8350243959099417e-08 - 4.963893571166649e-08 - 5.372280664981165e-09
