Number: 5857
Error: 5.173896116543213e-07
A1: [0.08230983517508096, -0.17859511733702454, -0.017710000171390423, 0.1215043099326434] - [0.04136442518965302, 0.1375395764822393, -0.13078557352800932, -0.032339254838173695] - [-0.001570117036276069, 0.22832032441988342, -0.12269303561550211, -0.10352486434158689] - [0.038497900417907856, -0.11484993850187766, -0.046775760596108676, 0.12167201337332857]
A2: [0.034543181561731466, -0.030044504432952278, -0.07642101629781065, 0.06886905373984772] - [0.1003325200962582, 0.280298143492071, -0.395084839166949, 0.0041433008770611094] - [-0.011460319480545175, 0.5387394323490272, -0.35970390814394054, -0.16866022906033426] - [0.09712753659876568, 0.016722139035383197, -0.16954699651288951, 0.05275739771394126]
B1: -5.1374436594555335e-05 - 0.0023019132271105986 - -0.0006225002825658181 - -0.0002336815373153907
B2: 0.0010000055139708392 - 0.0004607523825115027 - 0.0005377451777332584 - 0.000745443620081961
