Number: 9185
Error: 8.622738243598411e-08
A1: [0.053522259048697146, -0.14765204001286497, -0.026652065358651177, 0.12217998718972907] - [0.005059335074988158, 0.13058902642554512, -0.11385638372660788, -0.022794632465278842] - [-0.014759985504064148, 0.22278606024716177, -0.12735278411069462, -0.08190978357563435] - [0.028416215905117993, -0.0987499917897303, -0.048152180288367735, 0.12357476248570635]
A2: [0.0926723208368564, -0.06951068249607299, -0.12028000990934125, 0.11075349787835136] - [0.10650014889008404, 0.24746819334211478, -0.4071417798120053, 0.04380968935733713] - [0.03478657951257866, 0.4607085354215042, -0.3795219954816503, -0.12333917534360687] - [0.14251242955018653, -0.045515894347881745, -0.20238917851325797, 0.10175316224073946]
B1: 0.00030824204373482015 - -0.0004648135941395234 - 0.0009581054199128805 - -0.0009989053125544242
B2: -0.00033989186447499955 - -0.00015242469545878484 - -0.00010014185155798477 - -0.00016671684034614295
