Number: 2212
Error: 0.00028056898075184186
A1: [0.0727011227540734, -0.02288037326733303, 0.009656582129415293, 0.050410667603879945] - [0.04116800058357336, 0.17471308247987632, -0.16795382875240214, -0.11933778360696295] - [-0.21422418022802828, 0.33334370651883366, -0.18841077882885351, -0.27708823961934936] - [0.029256867516278554, 0.03490433220479129, -0.006340899659352173, -0.004624615865335852]
A2: [0.1631079583376415, -0.1317175269961394, 0.15006850027846194, 0.11130255739451661] - [0.06648907066810428, 0.23328441374643435, -0.06584164499741098, -0.09488909068334656] - [-0.17612877702653051, 0.4552545788814128, -0.2821696127889861, -0.27407363277833985] - [-0.17476543780801754, -0.08888436706582602, -0.1557085682214844, -0.06644854370112878]
B1: 0.04779072586406609 - -0.024136467434883138 - -0.007896375673400548 - -0.019923155201787415
B2: -0.010942119051911326 - 0.013588085339236078 - -0.006752567114961515 - -0.021241449796619724
