Number: 5709
Error: 0.02160846107026834
A1: [0.028326010843832565, -0.17843066430151447, -0.0751307250445711, 0.0684543023317793] - [0.014956112354149976, 0.14148854419546042, -0.17126779700748684, -0.06487897266853988] - [0.1771816765407134, 0.49406752708433, 0.06662782200077574, 0.08615028913271056] - [-0.49809652169826, -0.560165356688478, -0.5666543112914355, -0.4027252491118315]
A2: [-0.5342227572316955, -0.6593017982295866, -0.3308256744835171, -0.8363730633568892] - [-0.23523044254123562, -0.10602772661033197, -0.37085773657654086, -0.8016311768594514] - [-0.6277487524310922, -0.14222361800648287, -0.6562768177661634, -1.1618561219457333] - [-0.44623694188766916, -0.5865770927204305, -0.3851909253731593, -0.868790905657878]
B1: -0.39199606734521353 - -0.5626096548401255 - -0.42487987984023673 - -0.43036702546604033
B2: -0.45955888280016594 - -0.3508020946310368 - -0.6482404963084134 - -0.445733586836092
