Number: 3998
Error: 7.846292784794682e-16
A1: [0.06621317836378172, -0.11395208295322447, -0.023983953595495294, 0.07172286483722243] - [0.037402598799837546, 0.18819335670143997, -0.14740895988189448, -0.07818702328169778] - [-0.060229407835767704, 0.328950765060079, -0.12775314541110347, -0.14096835774467928] - [0.03904624970001205, -0.0533226001085807, -0.03741850277678309, 0.051695207322508596]
A2: [-0.009108667920978681, -0.34680328320926507, 0.24945499744647245, 0.10645658329168456] - [0.08003977080415992, 0.03628219776257899, -0.05025017233094008, -0.06607202007619906] - [-0.042452873292771344, 0.2308318316725284, -0.04053130323656747, -0.14784789851212915] - [0.06813471578242519, -0.29346792157592955, 0.141771172373127, 0.08356178982337888]
B1: 1.56992562745388e-08 - -1.862386864579423e-08 - 1.5927840714210006e-08 - 2.9318447536252828e-09
B2: 6.384114913179915e-09 - -1.6347195599227324e-08 - 2.1420079238061182e-08 - 4.1051151259419226e-08
