Number: 7547
Error: 9.878983978119346e-16
A1: [0.08043173448220145, -0.1804677609585791, -0.019588807235272482, 0.11962502153009165] - [0.03741561097338071, 0.13359641713113868, -0.13472615528040213, -0.03628579413494464] - [-0.001702743249510562, 0.22819019226843087, -0.12282830699285717, -0.1036588344814028] - [0.038863261116209635, -0.1144809919402346, -0.046416414725706005, 0.12203425462342778]
A2: [0.03530735821057237, -0.029273560882354128, -0.07569743062623564, 0.06966331893897824] - [0.10289367771952376, 0.28289662769483487, -0.39260646680882266, 0.006815919613380979] - [-0.011187217288335036, 0.5390144726901575, -0.3594511265175094, -0.16837658816539597] - [0.09786271314504566, 0.01746322984033121, -0.1688510926311253, 0.05352478783547357]
B1: 1.5615719289678795e-08 - -4.926607194374808e-09 - 7.5188740463686e-09 - 4.59741351221071e-09
B2: 3.1090878665677364e-09 - -1.3976781549198997e-08 - 2.38772407145589e-08 - -1.1723626401952296e-08
