Number: 2004
Error: 6.325294093008496e-05
A1: [0.011051590154230871, 0.002718797502894115, 0.01928934989799975, 0.0373634497409942] - [0.053128581025173, 0.176717614077258, -0.1610025056937022, -0.12515836879214473] - [-0.13568158182034107, 0.4193081888510413, -0.0953954223125262, -0.2824566108172279] - [-0.03921138921064339, 0.00017749078886457152, -0.046144855295121245, 0.02370622772479246]
A2: [0.1296457757315286, -0.22806350187160188, 0.020942711388542895, 0.06868042059933417] - [0.023943752196900224, 0.1941470913492648, -0.12401449460556067, -0.13059594002907193] - [-0.08303576620049273, 0.5646929472932307, -0.22410565738552815, -0.21530603924131975] - [0.005598480746460684, 0.0046098392549469465, 0.033527414512915646, 0.056869193361747]
B1: 0.011055341768289224 - 0.007610184864688365 - -0.00041225452170629527 - 0.008601457723250066
B2: -0.01045822727262386 - 0.0032604947402373966 - 0.011592444937061045 - -0.0012234973544287871
