Number: 954
Error: 2.82071226233359e-06
A1: [-0.012816949387409498, -0.015199521879839072, 0.017353497459825173, 0.00787354465011848] - [0.06544370618671169, 0.1891185023717252, -0.14572743454797654, -0.11044462134530537] - [-0.09631792820262006, 0.4217611643565233, -0.05348466847249752, -0.27206506640741196] - [-0.001795472116385363, -0.018675917220661437, -0.004340001825370276, 0.022828631008424815]
A2: [0.1620680356445685, -0.16728216245848826, 0.008973002385518979, -0.0018636149653308632] - [0.035441608992756495, 0.2074733432287597, -0.11725433564018099, -0.125835132702418] - [-0.08706013897624912, 0.5807091174301092, -0.23621259769821015, -0.2607610418580444] - [-0.005781100716596372, -0.0064329283941043135, -0.0008161949132210801, 0.005381364440203675]
B1: 0.0002666224321836837 - 0.0009114057836701941 - 0.000925667113560167 - 0.001012253354392631
B2: -0.000928296572110408 - -0.0008045486376899514 - -0.0009720792700882403 - -0.000745259190921451
