Number: 6167
Error: 1.0734706089315169e-15
A1: [0.08043160565534142, -0.18046788977083672, -0.01958893590808441, 0.11962489271795343] - [0.037415506342567996, 0.1335963125795232, -0.13472625970273605, -0.03628589870779139] - [-0.001702813911849489, 0.22819012160760652, -0.12282837755173501, -0.10365890512488395] - [0.03886320835946656, -0.11448104454891021, -0.04641646744882178, 0.12203420189948398]
A2: [0.035307419622531595, -0.0292734993005555, -0.07569737223644624, 0.06966338321317804] - [0.10289379112359508, 0.28289674206136345, -0.39260635712588077, 0.006816038363984809] - [-0.011187137854806194, 0.5390145525974709, -0.35945105133184313, -0.16837650446364474] - [0.09786278467104316, 0.017463301691663973, -0.1688510245429282, 0.05352486291439675]
B1: 1.1598964483020423e-08 - 2.601641575132927e-08 - 1.0120557701118098e-08 - -5.682316662087641e-10
B2: 7.501611823205568e-09 - -3.5428295156087e-09 - 2.5105120936021587e-08 - 4.051495032427405e-08
