Number: 6440
Error: 9.18568616352784e-16
A1: [0.08043170983544445, -0.180467785602537, -0.019588831852551728, 0.11962499688615502] - [0.03741560496275376, 0.13359641112506326, -0.13472616127905393, -0.03628580014223883] - [-0.0017028039830564038, 0.22819013153618511, -0.12282836763747883, -0.10365889519874226] - [0.03886321977775286, -0.11448103316267175, -0.04641645603781018, 0.12203421331067188]
A2: [0.03530744223694527, -0.029273476623591116, -0.07569735073496592, 0.06966340688163013] - [0.10289379024534834, 0.2828967411756612, -0.392606357975306, 0.006816037444326126] - [-0.011187059915812071, 0.5390146310013398, -0.3594509775609289, -0.16837642233654482] - [0.09786282053246652, 0.017463337716210444, -0.16885099040519252, 0.05352490055723978]
B1: -3.0306603016967725e-09 - 1.888024992094419e-08 - 9.94443315573236e-09 - 2.9838642406720937e-09
B2: 1.669277331155533e-08 - 8.170609432911821e-09 - 1.4465021647568088e-08 - -8.869544088926306e-09
