Number: 5696
Error: 0.025051640352571247
A1: [-0.33419257571040395, -0.5023298368774831, -0.41816502309433823, -0.3139049763125036] - [-0.2892809083677089, -0.11528482920212296, -0.4590934977689883, -0.38212358331796015] - [-0.6270802445884033, -0.26159739149880656, -0.7040692614681447, -0.7290959972751833] - [-0.387777086101693, -0.44291661710516583, -0.44190617484924793, -0.3308392284104832]
A2: [0.034172886127780536, -0.29487870393502413, 0.24980788752974853, 0.16843969328391262] - [0.15757120495732413, 0.12501723237638016, 0.015992470878547386, 0.02424140948099844] - [-0.005995373813583671, 0.27824393765826144, -0.027712735962897445, -0.10152216532387212] - [0.16002167792636007, -0.18415003155461607, 0.22836459685102445, 0.17961963345891568]
B1: -0.12413425943135202 - -0.19581137522851066 - -0.13809197759056413 - -0.1482686774061198
B2: 0.07081750952807733 - 0.09867999019177524 - 0.10952901290310768 - 0.012455543671395897
