Number: 4855
Error: 1.1378450048323776e-15
A1: [0.06621313368413832, -0.11395212663442958, -0.023983998240083154, 0.07172282023254474] - [0.03740256035060243, 0.18819331996580477, -0.1474089976804319, -0.07818706108360218] - [-0.06022954615302853, 0.3289506322138509, -0.12775328076028364, -0.14096849236567674] - [0.039046253557188756, -0.05332259644728714, -0.03741849904492068, 0.051695211024049115]
A2: [-0.009108479490976063, -0.34680308331460047, 0.24945518740093847, 0.10645678085016196] - [0.08003990797076405, 0.03628234553030075, -0.050250022415613695, -0.06607186888793588] - [-0.04245274066702048, 0.23083197804643188, -0.040531161109501966, -0.1478477518331585] - [0.06813494698017733, -0.2934676670174922, 0.14177142301329806, 0.08356204903834019]
B1: -4.068505408055717e-08 - 1.8452266249757757e-08 - -1.4610388607098174e-08 - 2.865225371363803e-08
B2: -2.3822552858258963e-08 - -5.5764230630288025e-09 - -1.8409213120685527e-08 - 3.6577266599680536e-08
