Number: 6126
Error: 7.553758567771987e-16
A1: [0.08043158347089457, -0.18046791195278133, -0.019588958066006565, 0.11962487053603676] - [0.03741551253308959, 0.13359631876534758, -0.13472625352455156, -0.03628589252070208] - [-0.0017028643803838075, 0.22819007114015713, -0.1228284279463762, -0.10365895557995394] - [0.038862972771158286, -0.11448127947606938, -0.0464167028870109, 0.12203396645759258]
A2: [0.03530736516539874, -0.029273553908312606, -0.07569742401355724, 0.06966332621785257] - [0.10289356415432789, 0.282896513165763, -0.3926065766475327, 0.0068158006939053285] - [-0.011187132106916015, 0.5390145583796441, -0.3594510458913396, -0.16837649840687743] - [0.09786273221872523, 0.0174632490007527, -0.16885107447410302, 0.05352480785651252]
B1: -2.6293898839502147e-08 - -3.9462746340186166e-08 - -2.1655114418833087e-08 - -5.486797727165247e-09
B2: 9.9397673811264e-08 - 1.1776193621278733e-07 - -2.9637159113550886e-07 - -3.8002620760373176e-08
