Number: 6944
Error: 9.626871272639775e-16
A1: [0.0804316701672631, -0.18046782526622432, -0.019588871473298856, 0.11962495722250513] - [0.0374155903614162, 0.13359639653477692, -0.13472617585129662, -0.03628581473548857] - [-0.001702807898218574, 0.22819012762110255, -0.12282837154690744, -0.1036588991128597] - [0.03886323995307587, -0.11448101304396764, -0.046416435875344136, 0.1220342334734546]
A2: [0.03530747542173453, -0.029273443347015555, -0.07569731918328532, 0.06966344161310957] - [0.1028938114480214, 0.2828967625582841, -0.3926063374683465, 0.006816059646611876] - [-0.011187251707723502, 0.539014438065459, -0.3594511590961267, -0.16837662443441312] - [0.09786281191940642, 0.017463329063970974, -0.16885099860425912, 0.053524891516320706]
B1: 4.361457353040942e-08 - 4.005857297818328e-09 - -3.2943055088501325e-08 - 1.3033641130970801e-08
B2: -9.612323676322783e-09 - 1.1976681205676015e-08 - 1.5712709121105657e-08 - 5.520549042460002e-09
