Number: 5664
Error: 0.0001261125679032238
A1: [0.06671063897773974, -0.1132395700449907, -0.023406241396958342, 0.07221988432435923] - [0.02886910218073106, 0.18021579668075208, -0.15573628035579776, -0.08656799518645421] - [-0.023623362970976614, 0.36330192395358046, -0.09242403578833946, -0.10648047408090831] - [0.0371960842374955, -0.05415273406720657, -0.03879478044102672, 0.0503490740086188]
A2: [0.008235822735403207, -0.32886816898880994, 0.26705280675567, 0.12572618081155365] - [0.08372445533856931, 0.04024954928858251, -0.04635457433443221, -0.061805030644183814] - [-0.03348542922106888, 0.24052234859318014, -0.031046451292779737, -0.1372395997722951] - [0.06337867730935376, -0.29867604246653306, 0.13608502235330025, 0.07890532416491022]
B1: -0.013034435648704485 - -0.005660006373647632 - -0.008412706060802827 - -0.0024430455557786493
B2: 0.005778965567567303 - 0.0033937599767349 - -0.004190638373157003 - 0.008445352883293183
