Number: 9757
Error: 6.981446196492901e-16
A1: [0.053172529334302616, -0.14800129178943366, -0.02699906810376464, 0.12182780116604594] - [0.005313734094427807, 0.13083670856101123, -0.11360072949703792, -0.022549749078588453] - [-0.014444574481326434, 0.22309152288890294, -0.12704127742408838, -0.0816060309386533] - [0.02714648809430385, -0.10002001003963484, -0.04942448034185075, 0.12229814847351261]
A2: [0.08925452978220241, -0.0729133019863801, -0.12362735386203012, 0.10728645239618871] - [0.10884163579186949, 0.24981408808773412, -0.4048453806981825, 0.046189385516128896] - [0.036636012158856236, 0.46255519922953703, -0.3777173717880051, -0.121473186450188] - [0.14342637351031773, -0.04460668278958397, -0.2014995937605251, 0.10267980191850712]
B1: -9.898083885164014e-08 - -5.68223704740614e-09 - 2.7652474334083374e-08 - -1.3354627504195068e-08
B2: -3.508721418288536e-08 - -1.3321185801472324e-08 - -5.338348217289401e-08 - -1.8091887728167895e-08
