Number: 3096
Error: 3.01532271769614e-06
A1: [0.0634407197231554, -0.04795331695225979, -0.0235128107069872, 0.007836001872570303] - [0.04524106589845545, 0.19276782297147171, -0.14096116426323554, -0.09077137822787379] - [-0.12465586708958847, 0.4135731421280091, -0.10613795479923999, -0.18829095804654708] - [0.03931594690764483, 0.021356998073359855, -0.030921768023983394, -0.020787397439390468]
A2: [0.060838185723145435, -0.17620480090597396, 0.08370602780955384, 0.02134284745328369] - [0.031179376820218943, 0.20215196062655802, -0.09980595878629023, -0.12601735198375869] - [-0.09285565292965683, 0.5142328071987555, -0.22505272276075877, -0.19455184584409155] - [-0.013529317812117471, 0.03086410739701183, -0.03792529622948156, 0.06903539045033819]
B1: 0.0016443501467868853 - 0.0019148567172300622 - 0.0014096849597938362 - -0.0029555792696887686
B2: -0.0005189470473923452 - -0.001327498800532808 - -0.0011783794198794474 - 0.00021054711001766572
