Number: 9030
Error: 0.0001624554800421118
A1: [0.014588053525339442, -0.2096298664134512, -0.06508865101013309, 0.0766200185354807] - [-0.03679547648181975, 0.08359844018807011, -0.1580239610092985, -0.06749317670821921] - [-0.10338227621479057, 0.1429256392834676, -0.19497540012085546, -0.1634875056407371] - [-0.022481182413109767, -0.15203376369880683, -0.09395709759468512, 0.07227417960745972]
A2: [0.08973421322720539, -0.0605980721002996, -0.104330794533318, 0.12200847945432712] - [0.12026072586488812, 0.2398013032158653, -0.41029653823021117, 0.0376836428510722] - [0.15732601490982862, 0.5906485315344947, -0.27001608941193433, 0.003257150222993223] - [0.1509788341406521, -0.0345005052033946, -0.19412492713351906, 0.11310249224255868]
B1: -0.0016457760945843706 - 0.03974568805567308 - -0.0157189174269987 - 0.008783021095756544
B2: 0.005839240375822029 - -0.007816500276787578 - 0.01277612682084611 - -0.005345399511256891
