Number: 3735
Error: 1.19094515178129e-15
A1: [0.0662131561011864, -0.11395210471832336, -0.02398397584063175, 0.07172284261197852] - [0.03740259432737203, 0.1881933524282897, -0.14740896427868544, -0.07818702767886923] - [-0.060229304912708795, 0.32895086391200107, -0.12775304469670637, -0.14096825757198342] - [0.039046054324619175, -0.05332278555149249, -0.037418691795916996, 0.05169501983821701]
A2: [-0.009108420734852919, -0.3468030209832488, 0.24945524663263843, 0.10645684245296193] - [0.0800398206327891, 0.03628225144230467, -0.05025011787107558, -0.06607196515388346] - [-0.04245280633840428, 0.23083190556759542, -0.04053123148557813, -0.14784782446307568] - [0.06813493727718409, -0.29346767770028964, 0.14177141249506345, 0.08356203816023584]
B1: -1.1481525300020444e-08 - 1.3223593256731576e-08 - -2.3729533758918305e-08 - 3.420060134858712e-08
B2: -2.6614074858507146e-08 - 3.510413985573785e-08 - 2.011270949209436e-08 - -2.592366321654112e-09
