Number: 9782
Error: 1.1066050178448665e-15
A1: [0.05317249206331642, -0.14800132907410818, -0.026999105333677966, 0.1218277638770934] - [0.005313820004829488, 0.1308367945615085, -0.11360064359961544, -0.0225496630470401] - [-0.014444442514021669, 0.22309165490455507, -0.12704114556126384, -0.08160589892424899] - [0.02714645507770263, -0.1000200430562096, -0.04942451342813675, 0.12229811537299226]
A2: [0.08925431686089687, -0.07291351441527671, -0.12362756198604374, 0.10728623684948631] - [0.10884166733167214, 0.24981411963311478, -0.40484534978310127, 0.046189417586621054] - [0.036635867338618254, 0.4625550551628087, -0.37771751308184737, -0.12147333277241895] - [0.14342635941774173, -0.04460669682964575, -0.20149960752070553, 0.10267978761687027]
B1: -1.94090053732679e-08 - -2.4193379920936003e-09 - 1.3476935334865358e-09 - -2.6683893004507315e-08
B2: 5.354779627069391e-09 - -2.5050602049020754e-08 - -3.824247199625806e-08 - 2.2012397780517286e-08
