Number: 9022
Error: 8.675862686674951e-05
A1: [0.0014930991501017656, -0.22158120513717622, -0.07890811288055304, 0.06367654570703309] - [-0.0770866623171855, 0.04461271872019701, -0.19848565311419564, -0.10739896735900194] - [-0.08242250558589803, 0.16329307774714602, -0.17252958912002886, -0.14276977168015312] - [-0.05601265806052088, -0.18436659212018291, -0.12773438558203962, 0.039004409319940224]
A2: [0.11521740258431636, -0.03470067219422689, -0.0805052404483388, 0.14784796260711244] - [0.21316508077580656, 0.3323535264694514, -0.31909566495738145, 0.13178454341937043] - [0.04582696007920852, 0.48139080685110347, -0.38140287298120656, -0.10872187386606083] - [0.19446821802630335, 0.008841881613281958, -0.1523592482016516, 0.15695488589528656]
B1: 0.00011859418849150503 - -0.008267429013988178 - 0.01354667610471871 - -0.0009477573537366715
B2: 0.014036653310105738 - 0.00016163330931102254 - -0.001964277294039538 - 0.004088391232811404
