Number: 6656
Error: 1.1488902984776664e-15
A1: [0.080431674335572, -0.1804678210983889, -0.019588867309976537, 0.1196249613903371] - [0.037415600013576585, 0.1335964061796327, -0.1347261662183696, -0.036285805088674655] - [-0.0017028938325259096, 0.2281900416886304, -0.12282845735539458, -0.10365898502423265] - [0.038863259225845825, -0.11448099382528426, -0.04641641661485402, 0.1220342527342471]
A2: [0.03530742489469137, -0.02927349401381138, -0.07569736722375574, 0.06966338873107629] - [0.10289375648734436, 0.282896707131148, -0.39260639062559854, 0.006816002094751443] - [-0.011187163968441669, 0.5390145263280766, -0.3594510760489706, -0.16837653198047314] - [0.09786277322925821, 0.017463290197834946, -0.16885103543477162, 0.053524850904255405]
B1: 1.732780891482188e-09 - 1.0069936622336669e-08 - -1.6202389439751094e-08 - -4.7979320019958834e-09
B2: -9.835096833854977e-10 - 1.6320393112038536e-08 - -4.7261071098861366e-08 - 2.414349257276387e-08
