Number: 4925
Error: 9.124390490023953e-16
A1: [0.06621316102985199, -0.11395209989978845, -0.02398397091582293, 0.07172284753237623] - [0.03740257067476936, 0.188193329829851, -0.147408987530981, -0.07818705093325456] - [-0.060229351993863485, 0.3289508186931653, -0.12775309076750072, -0.14096830339476896] - [0.03904617774852171, -0.05332266840207212, -0.03741857238731106, 0.05169513827717425]
A2: [-0.009108627093375428, -0.34680323989739936, 0.24945503860433235, 0.10645662609730748] - [0.08003985277992344, 0.03628228607399997, -0.05025008273599796, -0.06607192972051873] - [-0.0424528404620807, 0.23083186790665963, -0.04053126805365735, -0.14784786220248758] - [0.0681347500440701, -0.29346788385225414, 0.14177120951595656, 0.08356182823714055]
B1: -9.312982591002684e-09 - 7.070542928517635e-09 - -1.2279183302349207e-08 - -7.2580694089791954e-09
B2: 1.348455475388941e-10 - 1.701024684319378e-10 - -1.690649508211682e-08 - -1.9929714974970662e-08
