Number: 7964
Error: 9.399222500371606e-16
A1: [0.08043168868489572, -0.1804678067507016, -0.01958885297781575, 0.1196249757380199] - [0.03741555795672424, 0.1335963641546165, -0.13472620819136735, -0.036285847122209024] - [-0.0017028077635006659, 0.22819012775581668, -0.1228283714123812, -0.10365889897817056] - [0.03886323223453914, -0.11448102074085445, -0.04641644358896204, 0.12203422575971407]
A2: [0.03530753249949457, -0.029273386111384903, -0.07569726491433657, 0.0696635013510178] - [0.1028937340867356, 0.2828966845404352, -0.3926064122911629, 0.006815978638047264] - [-0.0111872004592294, 0.5390144896196277, -0.3594511105884434, -0.16837657043193077] - [0.09786278773953694, 0.01746330477410985, -0.1688510216219458, 0.05352486613534401]
B1: 2.9873351288060495e-08 - -1.2259541021578027e-08 - -4.0455294858761463e-08 - -1.2413671050017146e-08
B2: 1.6892793618741698e-09 - -3.8221909918201526e-08 - -6.071992341360125e-10 - -1.6159708594012656e-09
