Number: 4114
Error: 1.1183188039340985e-15
A1: [0.06621319092149157, -0.11395207067613608, -0.023983941047640324, 0.07172287737385939] - [0.0374026389156634, 0.1881933950293853, -0.14740892044495857, -0.07818698384128102] - [-0.060229391101756104, 0.3289507811321748, -0.12775312903619548, -0.14096834145783196] - [0.0390461847211144, -0.05332266178407403, -0.03741856564168656, 0.05169514496806729]
A2: [-0.009108593120075103, -0.34680320385716, 0.24945507285258522, 0.10645666171637536] - [0.08003983421573264, 0.036282266075020476, -0.05025010302568679, -0.0660719501824527] - [-0.0424527729700046, 0.23083194239498916, -0.04053119572671979, -0.14784778755891403] - [0.06813474929358768, -0.29346788467864376, 0.14177120870248347, 0.08356182739562844]
B1: -6.145597982936148e-09 - 1.1610692320738654e-08 - 1.8602752076918167e-08 - -7.3770930494960695e-09
B2: -4.844721503281005e-09 - 3.3516054912358295e-09 - 1.5107102548071216e-08 - 1.1812177436703247e-08
