Number: 8523
Error: 1.6678305126187552e-15
A1: [0.08043171602076138, -0.18046777941790423, -0.019588825674654788, 0.11962500307076991] - [0.03741558234757447, 0.13359638852707825, -0.134726183848941, -0.03628582274475876] - [-0.0017028207999307955, 0.22819011471964643, -0.12282838442974056, -0.10365891201112842] - [0.038863226092696344, -0.11448102686537553, -0.046416449726868494, 0.12203421962174571]
A2: [0.03530732583799445, -0.02927359334443, -0.07569746140587057, 0.06966328505775307] - [0.10289373507992748, 0.28289668554208525, -0.3926064113305371, 0.006815979678054989] - [-0.011187128571838694, 0.539014561935799, -0.35945104254542326, -0.16837649468171914] - [0.09786279764481191, 0.01746331472441765, -0.16885101219275508, 0.05352487653263092]
B1: -1.3040132975015601e-08 - -8.815811854941274e-09 - 2.474273200213612e-08 - 1.7621637349684133e-08
B2: -4.094647119147339e-08 - 3.1004071980951805e-08 - -3.8641927484784924e-08 - -1.7783286442656463e-08
