Number: 2672
Error: 6.638007622531262e-09
A1: [0.06338361584399249, -0.04792350533086118, -0.023494490624942417, 0.007804823994965955] - [0.04412416228669435, 0.191716987096437, -0.14208831749867623, -0.09200367403735601] - [-0.12292672371773904, 0.4153798554535305, -0.10433378857306366, -0.1865487966998424] - [0.03710417743551216, 0.019269261412495502, -0.03303055089817337, -0.022950510682092286]
A2: [0.06292473911471283, -0.17419952697358854, 0.08581195589528152, 0.02345032377440025] - [0.029244165788565764, 0.20025350224788616, -0.1017559376407728, -0.12791786633936053] - [-0.09360429519178574, 0.5134915896276905, -0.22580237849563978, -0.19528550928599023] - [-0.026084220657547893, 0.01836532218972043, -0.05044813322822225, 0.05682524920102652]
B1: 8.792393362984737e-05 - 0.00021342924777472755 - -0.0001453776915707917 - -0.0001247631273588726
B2: -0.00010252495270208605 - 0.00020246476461745905 - 2.3642255592812223e-05 - -8.578349964799326e-06
