Number: 6610
Error: 9.31552177389214e-16
A1: [0.08043168096427729, -0.1804678144704343, -0.019588860689197237, 0.11962496801828527] - [0.037415597045603426, 0.13359640321390548, -0.13472616918042896, -0.03628580805500366] - [-0.0017028485048655507, 0.22819008701532523, -0.122828412094101, -0.10365893970866938] - [0.0388632442806153, -0.11448100872857349, -0.046416431550561264, 0.12203423779830531]
A2: [0.035307460374693546, -0.029273458435675682, -0.07569733348983196, 0.06966342586475695] - [0.1028937543445378, 0.2828967049701551, -0.3926063926980928, 0.0068159998509195255] - [-0.011187067789214512, 0.5390146230809753, -0.3594509850132683, -0.16837643063303176] - [0.09786283189100105, 0.01746334912641147, -0.1688509795926042, 0.05352491248000505]
B1: 4.3167408556297085e-09 - 6.419786858864265e-09 - 9.737032473418103e-09 - 6.3560909084181914e-09
B2: 6.545088552889666e-09 - 1.4426653797151333e-08 - -1.3938845485490802e-08 - 1.8253199905280186e-08
