Number: 3644
Error: 1.3840947479699038e-13
A1: [0.06621062730243664, -0.11395457699806083, -0.023986502652757476, 0.0717203180567883] - [0.03740369191906302, 0.1881944011008662, -0.1474078852617072, -0.07818594856685557] - [-0.06023120540770533, 0.32894903859989416, -0.12775490440143475, -0.1409701072793086] - [0.03904653673814966, -0.053322327668182366, -0.03741822508091806, 0.05169548276704329]
A2: [-0.009110175537940447, -0.34680488257208864, 0.2494534776241121, 0.10645500261532027] - [0.08004027412859649, 0.03628273998848061, -0.0502496222248457, -0.06607146529318204] - [-0.042452700642112554, 0.23083202221234236, -0.04053111822166186, -0.14784770756680934] - [0.06813408761016082, -0.29346861323366563, 0.14177049136693187, 0.08356108550975198]
B1: -5.081368647281339e-07 - -2.212556036061893e-07 - -6.806344520782051e-07 - -6.829724832224143e-07
B2: -5.001394659151899e-07 - 6.644015229065106e-07 - -5.455572910044474e-07 - -1.3505369238489953e-06
