Number: 3284
Error: 4.006778708183639e-05
A1: [0.11265500745893763, -0.06853241028749364, 0.020896724278674172, 0.11699444080749298] - [0.006188967882451877, 0.1562885436976515, -0.1774148720569203, -0.10834734865264051] - [-0.04498701020997865, 0.34425999793171297, -0.11197050523251886, -0.12538990001330286] - [0.050446185265209824, -0.04186821036250443, -0.026649055364274123, 0.062489101295890026]
A2: [0.041296416182422455, -0.29724247887121075, 0.30006388541338025, 0.15810151588035418] - [0.08688266721457785, 0.04509057799523504, -0.043437618819003446, -0.059310612132406175] - [0.024784769162487216, 0.2987579671071864, 0.02785161905056206, -0.07638921028927988] - [0.11886432091208297, -0.24272511002477812, 0.19357222721959141, 0.13794077189446327]
B1: 0.017885496976417656 - -0.008777833875648153 - -0.00407244518097928 - -0.005218613501098452
B2: -0.013716187420684537 - 0.0009600341655992581 - 0.0021185510924022644 - 0.007186083443187791
