Number: 7966
Error: 8.855564854151125e-16
A1: [0.08043169074037872, -0.1804678046954513, -0.01958885092479026, 0.11962497779326826] - [0.037415526519149166, 0.13359633274083446, -0.1347262395663038, -0.03628587854237016] - [-0.0017028096280130975, 0.22819012589134396, -0.1228283732741638, -0.10365890084218544] - [0.0388632312668338, -0.114481021705844, -0.0464164445560506, 0.12203422479261024]
A2: [0.03530751385040456, -0.029273404812053195, -0.07569728264567983, 0.0696634818327498] - [0.10289373541178001, 0.28289668587672473, -0.3926064110095964, 0.0068159800255609875] - [-0.011187187306800657, 0.5390145028505013, -0.3594510981393649, -0.16837655657277828] - [0.09786278922122253, 0.017463306262534454, -0.1688510202114751, 0.05352486769062934]
B1: 2.3720836899323264e-08 - -1.4567419596404099e-08 - -3.579025360571592e-08 - -1.26647198156603e-08
B2: 1.984469947379759e-09 - -4.704959532764165e-08 - 4.442431029485521e-09 - -2.340386690661244e-09
