Number: 2147
Error: 0.0005454840049979618
A1: [-0.09259778097269149, -0.17601530195102524, -0.12149618869576262, -0.09360321781995672] - [0.07887228818291951, 0.2059676106094322, -0.14011742582191808, -0.08373708518831822] - [-0.19880331385631472, 0.3263765204203862, -0.1563646642536263, -0.3036839442971345] - [-0.04920785408722685, -0.035403121370592074, -0.07962060052352062, -0.06079602118493818]
A2: [0.2088289350569375, -0.10181110321413205, 0.18836490710244364, 0.14994026543954553] - [0.055811691235921466, 0.2232116888885787, -0.07065951616014403, -0.10960439115074164] - [-0.11941164543180571, 0.5435707155832598, -0.24182961256300667, -0.2090929193765522] - [0.1513675287213419, 0.21781382745112338, 0.18635765939675097, 0.20252862314922274]
B1: 0.013958833698748025 - -0.008806112613274197 - -0.04873703449182794 - -0.021060510002609098
B2: -0.029815546433081482 - 0.035621127897014424 - -0.004816977038761113 - -0.009612128973325113
