Number: 2804
Error: 5.258722048990637e-09
A1: [0.06337603358585943, -0.047930464831044954, -0.023501701965173465, 0.007797076896967446] - [0.04368640945332746, 0.19129459674052907, -0.14253900575884718, -0.09248483727514314] - [-0.1236725775230811, 0.4146341168764737, -0.10508770966981004, -0.1873006494779147] - [0.03674078670321689, 0.018903919482326836, -0.033395198685297556, -0.023313201823939048]
A2: [0.06292952530946852, -0.1741952016297052, 0.08581342351061615, 0.0234523351023267] - [0.02969375928054872, 0.2006965600310038, -0.10130770372464402, -0.12747776128455635] - [-0.09302076350337106, 0.5140639072532012, -0.22521604047876664, -0.19472104832263515] - [-0.02508164510764291, 0.019361808067076495, -0.049441275627065705, 0.05780046258735271]
B1: -0.00011132484243744692 - 0.0002991790379744811 - 9.322298712913784e-05 - -0.0001364343333439102
B2: 4.572661985469384e-05 - 0.00012953360303030043 - -3.009887466415661e-06 - -4.5128488635623275e-06
