Number: 3690
Error: 3.4721187247943995e-15
A1: [0.0662134587029527, -0.11395180887854199, -0.023983673476256833, 0.07172314470588131] - [0.03740293765769504, 0.18819368045673096, -0.1474086267588322, -0.07818669012899784] - [-0.06022876794359267, 0.32895137964085946, -0.12775251925071757, -0.14096773495203987] - [0.03904676411875268, -0.05332211184280739, -0.037418005094094965, 0.051695700964379164]
A2: [-0.009108720603513285, -0.34680333909791283, 0.24945494433744622, 0.1064565280560051] - [0.0800400404199612, 0.036282488216425206, -0.05024987765609301, -0.06607172289873978] - [-0.042452877623038, 0.23083182689318055, -0.04053130787693439, -0.14784790330161057] - [0.06813454898888073, -0.29346810522377753, 0.14177099155254705, 0.08356160281576003]
B1: -2.5078977626561807e-08 - 3.480575776036355e-08 - 1.4841035935829456e-07 - 3.5861381185931314e-08
B2: -1.3281121546073645e-08 - -1.3043123529168843e-08 - 1.133779409135572e-07 - -2.5725615976030005e-08
