Number: 2183
Error: 0.000466019273087008
A1: [0.03680681729189181, -0.051379954383833026, -0.014419376374179678, 0.028615130519652043] - [0.06771738418805578, 0.19885933485642535, -0.14232676650489975, -0.0898193423643304] - [-0.08044285823633121, 0.45979818026655606, -0.05409815732200717, -0.16873402888600225] - [0.00853987420634565, 0.031935165903675455, -0.0058628205507038605, -0.01427591108779582]
A2: [0.2905431132893951, -0.00834676181867402, 0.3066570208848399, 0.2519654931022579] - [0.02922330923392544, 0.19606699116880072, -0.10498258938406528, -0.13234919115034277] - [-0.09740314774984815, 0.5362562514153751, -0.21536270820000902, -0.19964950544600168] - [0.1380465638031767, 0.22588070855388837, 0.1662876685057201, 0.23733441679885367]
B1: 0.02135448200232263 - 0.008607638477280015 - -0.028098913921661122 - -0.05929010718211851
B2: -0.006428641071653619 - -0.0029039443625581765 - 0.00034645102577935544 - 0.0058886009988856815
