Number: 1030
Error: 0.0004855240995263275
A1: [-0.04815399598027965, -0.0635662500600541, -0.04002417151562959, -0.03252613869984187] - [0.0565989693332351, 0.18005601537089932, -0.1572594545684176, -0.12125671380653691] - [-0.2772775451131523, 0.25119458096739306, -0.2633160532383933, -0.4688498664637212] - [-0.2649202651184989, -0.24944523677057506, -0.28761125392008813, -0.24352500017846077]
A2: [0.24966182278896348, -0.0949277685572194, 0.10917776320998673, 0.1381157817197291] - [0.05565992603088791, 0.22602572086244738, -0.09335191539473685, -0.10138982046707114] - [-0.09582284578241568, 0.5665885305900328, -0.23336355524422805, -0.25305626780282436] - [-0.006127656402388324, -0.006135984499756421, 0.012522426203803252, 0.030431542656905522]
B1: -0.02083946033781397 - -0.002135123946995766 - -0.036763615558525135 - -0.009531645562260932
B2: -0.05148356234887294 - -0.006103904067680485 - -0.006553131314715996 - 0.03640995141592342
