Number: 3770
Error: 1.116548306368764e-15
A1: [0.06621320552831166, -0.11395205639573706, -0.023983926452295738, 0.07172289195615483] - [0.037402642148185034, 0.1881933981178315, -0.14740891726715508, -0.07818698066318931] - [-0.060229323621740855, 0.32895084594300383, -0.12775306300426045, -0.14096827578106255] - [0.039046181403643486, -0.053322664932903344, -0.0374185688512367, 0.05169514178459223]
A2: [-0.009108545305033617, -0.3468031531328392, 0.24945512105452539, 0.10645671184785757] - [0.08003980676367808, 0.036282236501288, -0.050250133029229614, -0.06607198044075782] - [-0.04245287349961974, 0.23083183144422165, -0.04053130345825714, -0.14784789874090448] - [0.06813475824897311, -0.2934678748183674, 0.14177121841101611, 0.08356183743627692]
B1: 2.2217295310791937e-10 - 1.6273211956619523e-08 - 3.6204776618743235e-08 - -6.747086777044811e-09
B2: 4.127247903885446e-09 - 1.8602076190868572e-09 - -2.9442145728364842e-09 - 1.6225276588469304e-08
