Number: 1955
Error: 8.469477148063366e-06
A1: [-0.0028394009100537534, -0.010314114448407992, 0.00756997173231613, 0.02406745459602938] - [0.053674050920548264, 0.17721343412664567, -0.16037935014563054, -0.12458433710421489] - [-0.11107038414455342, 0.4432684764567353, -0.06933181513116328, -0.25642690702386733] - [-0.025757339638354013, 0.01288818509743507, -0.03260302186580984, 0.03632655667900225]
A2: [0.13840023377633254, -0.21839350677928104, 0.028846631776617372, 0.07612613125898142] - [0.034434121736131, 0.20557112889059773, -0.11312193078461023, -0.11973734872606819] - [-0.09491643015768195, 0.5551508473397218, -0.23567048745362346, -0.22607728192910778] - [-0.020790841247642376, -0.019449016355397697, 0.00787339143620922, 0.031873070990249414]
B1: -0.0005323930088200321 - 0.0017766932781363388 - 0.0016143810776693525 - 0.0015778575943511874
B2: 0.0016292751519251638 - 0.008936658705744808 - 0.0005340620618798468 - -0.00036314206865860864
