Number: 508
Error: 3.353692668738633e-13
A1: [-0.012156188033710559, -0.014520040033293435, 0.01808419495444426, 0.008580111417589317] - [0.0658355377095746, 0.18949555168608725, -0.14532225772093446, -0.11000822418708092] - [-0.09629306293798644, 0.4217861006423885, -0.05345732120801521, -0.27203572129263265] - [-0.0013207287426543618, -0.018218502888964486, -0.0038342894788375866, 0.023377635323241504]
A2: [0.1615869974435191, -0.1677545018369434, 0.008501604960455574, -0.0023327997924884594] - [0.03548553616342587, 0.20751653742326343, -0.11721061079275832, -0.12579221283692957] - [-0.0862146769522199, 0.5815370127178063, -0.2353898283739648, -0.25993667230631323] - [-0.003834639433273119, -0.004518967391046989, 0.0011105813908596667, 0.00724370644798573]
B1: -1.7866850387507235e-07 - 1.1685908309775481e-07 - -6.043287253453784e-07 - 2.0329662972742748e-07
B2: -2.2688176845801542e-07 - 7.762810902871985e-07 - 2.8855509225807963e-07 - 6.501731696877665e-07
