Number: 6132
Error: 1.2002150860514302e-15
A1: [0.08043158337700484, -0.1804679120466576, -0.01958895815978311, 0.11962487044215851] - [0.037415508689603506, 0.13359631492477372, -0.13472625736037808, -0.03628589636205858] - [-0.0017028659346603888, 0.22819006958591395, -0.12282842949837688, -0.10365895713381215] - [0.03886301358761467, -0.1144812387741573, -0.04641666209656252, 0.12203400724868284]
A2: [0.03530745048275486, -0.029273468354976063, -0.07569734289495847, 0.06966341551177306] - [0.10289371908947299, 0.28289666941587266, -0.3926064267963277, 0.006815962933705882] - [-0.011187043956304397, 0.5390146470560444, -0.35945096245492764, -0.1683764055194412] - [0.09786278135992889, 0.01746329836548696, -0.16885102769488972, 0.05352485943880734]
B1: -2.8208403588163293e-08 - 2.3844629321872944e-08 - -4.5507331756316785e-08 - 6.5010583961346266e-09
B2: 7.625038606299041e-08 - 8.369636067937607e-08 - -2.4859732020148003e-07 - -2.5815499743909647e-08
