Number: 7967
Error: 7.308503282902458e-16
A1: [0.08043169205290256, -0.18046780338307603, -0.019588849613835675, 0.11962497910564227] - [0.03741550234804481, 0.13359630858802335, -0.1347262636892483, -0.03628590270008592] - [-0.00170280967252131, 0.2281901258468367, -0.12282837331860681, -0.10365890088668177] - [0.03886323033387459, -0.11448102263618498, -0.0464164454884153, 0.12203422386023088]
A2: [0.035307505802964954, -0.029273412881749845, -0.07569729029709416, 0.06966347341024326] - [0.10289373631163487, 0.2828966867842164, -0.39260641013926795, 0.006815980967839587] - [-0.011187181729481204, 0.5390145084610856, -0.35945109286030275, -0.1683765506957709] - [0.09786278989690943, 0.017463306941294533, -0.16885101956826407, 0.05352486839987961]
B1: 2.1835005965995067e-08 - -1.4704082721287803e-08 - -3.2872894883167993e-08 - -1.1907875468440722e-08
B2: 2.373404462812561e-09 - -5.7968820123080726e-08 - 7.618642767390685e-09 - -2.97773300891096e-09
