Number: 8898
Error: 0.0003308116112801605
A1: [0.056647484562892716, -0.19764370749209495, -0.035902916181669714, 0.10357607573257033] - [0.024400887289813794, 0.12758629157586873, -0.13769583446692735, -0.04059869911969613] - [-0.04223678687366554, 0.19266898132426993, -0.15941522072030023, -0.14151545263459853] - [0.02745122737518955, -0.11595980477953105, -0.04894659275516793, 0.11975446672062237]
A2: [0.08109201087349173, 0.018308420246379277, -0.03688710026003837, 0.1191237529303827] - [0.1965164752650127, 0.37760409174553955, -0.30245998164167204, 0.10616366725318349] - [0.05474825300688152, 0.60256811683487, -0.2949597936305222, -0.09271954766557736] - [0.16694185960016292, 0.08584074707027327, -0.10000985451689066, 0.1327074408322488]
B1: -0.00444684944082991 - -0.010038154064084367 - 0.028794209805003707 - 0.029503533917723864
B2: 0.00048295251970074254 - 0.012780594133420548 - -0.014113734401453786 - -0.008606080665394762
