Number: 4192
Error: 8.599719102705658e-16
A1: [0.06621317571842397, -0.11395208553946586, -0.023983956238778893, 0.07172286219630589] - [0.037402615972508255, 0.18819337310876022, -0.14740894299983603, -0.07818700639815554] - [-0.06022938362191581, 0.328950788316155, -0.12775312171686098, -0.14096833417786206] - [0.03904611359119617, -0.0533227292978985, -0.03741863445749574, 0.051695076711025675]
A2: [-0.009108451707365168, -0.3468030538403683, 0.24945521540947338, 0.10645680997989261] - [0.08003983856697058, 0.0362822707625507, -0.05025009827003135, -0.06607194538641485] - [-0.04245283292487044, 0.23083187622507162, -0.040531259976715917, -0.14784785386672947] - [0.06813483331052782, -0.2934677921723198, 0.14177129978495343, 0.08356192159415213]
B1: 2.674387645151204e-09 - 1.0929994739310925e-09 - -1.82754434654492e-08 - 9.098487731191495e-09
B2: -2.711255251739814e-10 - 4.6146552307741094e-09 - -7.275032802397639e-09 - -1.4605360208676588e-08
