Number: 5402
Error: 1.5645559654729815e-15
A1: [0.06621313201095572, -0.11395212827016897, -0.023983999911917995, 0.0717228185622029] - [0.037402591957739525, 0.18819335016441843, -0.1474089666080835, -0.07818703000851532] - [-0.06022949943056631, 0.3289506770878613, -0.12775323504041525, -0.1409684468916659] - [0.03904622154582746, -0.053322626831058345, -0.037418530014638005, 0.051695180305785085]
A2: [-0.0091084405571406, -0.3468030420120408, 0.24945522664939307, 0.10645682166997664] - [0.08003977426944717, 0.036282201495869006, -0.05025016854308114, -0.06607201625644] - [-0.042452867687541175, 0.2308318378590717, -0.040531297229744905, -0.14784789231264225] - [0.0681346707442296, -0.29346797116445805, 0.14177112354723068, 0.0835617393279118]
B1: -1.1783738931978279e-08 - -2.0890059844877625e-08 - -3.520632533621313e-08 - -4.078252028638314e-08
B2: -5.160321502869059e-09 - -2.0792545190060694e-08 - -5.5549875610378375e-08 - 4.634780906743036e-08
