Number: 3963
Error: 1.153985589242252e-15
A1: [0.06621323446933779, -0.1139520281014425, -0.023983897533970087, 0.07172292084862295] - [0.03740258636131345, 0.1881933448172704, -0.14740897210991727, -0.07818703551080694] - [-0.060229283374868256, 0.32895088459787875, -0.12775302362103153, -0.14096823660966362] - [0.039046271328368076, -0.053322579579752644, -0.037418481852075657, 0.051695228077325676]
A2: [-0.00910852396468238, -0.34680313049407346, 0.2494551425675433, 0.10645673422204215] - [0.08003978891234365, 0.03628221727028609, -0.05025015253971655, -0.06607200011693105] - [-0.04245273860085287, 0.23083198032696112, -0.04053115889533587, -0.14784774954787677] - [0.06813475394863257, -0.29346787955324727, 0.1417712137490054, 0.08356183261477645]
B1: 1.6939111271050916e-08 - -1.168268606506024e-08 - 2.2418482718369093e-08 - -1.3914675837686372e-08
B2: 1.7203486241079127e-08 - -3.708435864635025e-08 - -1.6295556239846418e-08 - 5.4036312453441554e-08
