Number: 4994
Error: 7.130269927010123e-16
A1: [0.06621329933626532, -0.11395196468402567, -0.02398383271794596, 0.07172298560667988] - [0.037402650270706446, 0.18819340587839342, -0.1474089092820604, -0.07818697267741467] - [-0.060229367603260225, 0.32895080370117785, -0.12775310604194676, -0.14096831858705935] - [0.03904625663114277, -0.05332259352959095, -0.037418496070966034, 0.05169521397386308]
A2: [-0.009108638657036247, -0.34680325216458724, 0.24945502694712468, 0.10645661397347735] - [0.08003982648238163, 0.036282257744037136, -0.05025011147768623, -0.06607195870625837] - [-0.04245284196908036, 0.23083186624345417, -0.040531269668604084, -0.14784786386915327] - [0.06813475412718073, -0.2934678793565739, 0.14177121394244074, 0.08356183281506138]
B1: -3.6157987725285075e-08 - 2.2000693866489327e-09 - 2.028998345072818e-08 - 9.217770168540071e-09
B2: 3.189080513066784e-08 - 2.9525409890303635e-08 - -3.50410663727498e-08 - -2.6248553307743017e-08
