Number: 6282
Error: 8.776252518111512e-16
A1: [0.08043165126392995, -0.18046784416741413, -0.019588890354030934, 0.11962493832133256] - [0.03741555754984489, 0.13359636374804318, -0.13472620859749124, -0.03628584752888086] - [-0.0017028336431039585, 0.22819010187677272, -0.12282839725410033, -0.10365892485087186] - [0.038863210065769246, -0.11448104284739702, -0.04641646574360675, 0.12203420360472687]
A2: [0.03530745861953336, -0.029273460195692776, -0.07569733515861582, 0.06966342402779441] - [0.10289374581257252, 0.2828966963657782, -0.3926064009500969, 0.006815990916699599] - [-0.011187023040788512, 0.539014668096311, -0.35945094265793887, -0.16837638348002365] - [0.09786282090675241, 0.017463338092198376, -0.1688509900488952, 0.053524900950116576]
B1: -2.2945974221705736e-08 - -3.383815354373609e-09 - -1.7711168878090118e-08 - -5.369847375864429e-09
B2: -1.925478926871388e-08 - -1.8091700104451717e-08 - -6.52234506633093e-10 - -8.218208348008275e-09
