Number: 7793
Error: 1.2981320331707725e-15
A1: [0.0804316865844065, -0.18046780885094874, -0.019588855075782095, 0.11962497363777591] - [0.037415564287716356, 0.1335963704808064, -0.13472620187302858, -0.03628584079474032] - [-0.0017028211441168434, 0.22819011437548667, -0.1228283847734064, -0.103658912355216] - [0.038863231655694504, -0.11448102131807336, -0.04641644416743465, 0.12203422518123089]
A2: [0.03530747164805224, -0.02927344713112152, -0.07569732277122025, 0.06966343766349879] - [0.10289371002114299, 0.28289666027061106, -0.3926064355671031, 0.006815953437880425] - [-0.01118708266495965, 0.5390146081164872, -0.3594509990934295, -0.1683764463081829] - [0.09786282551556252, 0.017463342721975347, -0.16885098566157036, 0.053524905787829605]
B1: -1.1619716688655496e-08 - 1.1623970795057595e-08 - 7.140300377846986e-09 - -1.1211201888060888e-09
B2: 5.947503839569824e-09 - -8.759551064829354e-09 - -2.8254260673086846e-10 - 6.4857037305491655e-09
