Number: 9376
Error: 1.5864120575079334e-11
A1: [0.053169787704850785, -0.14800403233800966, -0.027001805650445476, 0.12182506029911548] - [0.0052983018514335045, 0.13082125915759177, -0.11361615984984456, -0.02256520363017291] - [-0.01445213246814226, 0.223083962172394, -0.12704882903710704, -0.08161359087645273] - [0.027134291984286577, -0.10003220426957744, -0.04943670053376745, 0.12228592419833263]
A2: [0.08923140743727344, -0.07293637270337854, -0.12364995637986789, 0.10726304498646408] - [0.10882907213326765, 0.24980152340105166, -0.4048576947701703, 0.04617661128074568] - [0.03663360713832074, 0.46255280668542637, -0.37771971842672764, -0.1214756165099444] - [0.14343738817155333, -0.04459570763118103, -0.20148883828950145, 0.10269098010898595]
B1: -1.2870079359649686e-05 - 6.219161989013508e-06 - -4.072832225935395e-06 - 4.316801366808816e-06
B2: -5.019034604017698e-07 - -3.978417120253373e-06 - 2.070409751712626e-06 - -2.9084110694552122e-06
