Number: 2738
Error: 1.630346465237166e-08
A1: [0.06336868926134812, -0.04793813377944327, -0.023509144846735653, 0.007790172939751798] - [0.04366507872376384, 0.19127381338413352, -0.1425611208102042, -0.09250863982429802] - [-0.12416924504983995, 0.4141401044893495, -0.10558411933238172, -0.18779479219710488] - [0.03664098602719826, 0.018804593188781575, -0.0334937224290209, -0.023411466553027265]
A2: [0.06341770436409519, -0.17370882825803707, 0.08630299082054425, 0.02393603391338143] - [0.029299102576866694, 0.2003076451465942, -0.10170084268258252, -0.12786407515320586] - [-0.09323970789958395, 0.5138494603765549, -0.22543586938873592, -0.19493310154570326] - [-0.025531516606857565, 0.01891494134944907, -0.04989343686059992, 0.05736253992162143]
B1: -4.820267136437059e-05 - -0.0001726044315742427 - 2.617560088874433e-05 - 3.1210265029332804e-05
B2: 0.00010002262313607848 - 0.00010983910033935297 - 0.0001324304779621845 - -7.20962909295012e-05
