Number: 2520
Error: 1.661406313614623e-08
A1: [0.06292656199912207, -0.04837446372066673, -0.0239448379360282, 0.007351422101604232] - [0.044416123480369704, 0.19199749589814571, -0.14179195745775644, -0.09168735522969919] - [-0.12349639564797919, 0.41481564957035816, -0.10490248938732538, -0.18711696697251107] - [0.03684772181688279, 0.019018324338547173, -0.033283801384335905, -0.02320331274800835]
A2: [0.06313500389484464, -0.17399892524314625, 0.08602207570016228, 0.02365781701126418] - [0.029402105961129927, 0.20041027560211275, -0.10159796210338437, -0.12776304226956198] - [-0.09262100528774668, 0.5144610059637937, -0.2248178649617873, -0.19433182401988858] - [-0.024975715095328466, 0.019474379395166237, -0.04934236045527573, 0.05790327688192466]
B1: 5.449687450575954e-05 - 0.0002179653100216975 - 0.00019283424774376405 - -0.0001348664646577969
B2: 0.00014054216890968345 - 0.00023933071573846744 - 0.00031321040564410085 - 0.00014923323735124036
