Number: 967
Error: 0.00026989545785301064
A1: [-0.03258622230317216, -0.0354708518588902, -0.004482045583255273, -0.013210949893438321] - [0.06289746666218687, 0.18667188117828093, -0.148359881067667, -0.11327662501642835] - [-0.1244540461355028, 0.3946049460657054, -0.08399113835820249, -0.30477448064983925] - [-0.027519977927262743, -0.043378587097097236, -0.03170159952279487, -0.006832183359455868]
A2: [0.15941344167986288, -0.16992653052678422, 0.00637331935059293, -0.0044397951749893996] - [0.035999063228249396, 0.2080148709642015, -0.11669889805834834, -0.12528762751665326] - [-0.08529384469932227, 0.5824130905374568, -0.234492634730741, -0.2590304645990725] - [-0.0026376817423035682, -0.0033479880152092662, 0.0022955846796176554, 0.008391187694609913]
B1: 0.00018108781923635315 - -0.0028163638320553384 - -0.0013608759918419793 - -0.0012768432023900697
B2: 0.014599434313722928 - 0.010269757326123678 - 0.01707933647870769 - 0.01395246431120902
