Number: 8573
Error: 5.780525984510884e-16
A1: [0.08043166468703235, -0.18046783074581146, -0.019588876946993107, 0.11962495174291299] - [0.037415526313834525, 0.13359633253573172, -0.1347262397710381, -0.03628587874747196] - [-0.001702820174863147, 0.22819011534470843, -0.12282838380558496, -0.10365891138622114] - [0.038863212657375024, -0.11448104026299438, -0.046416463153635755, 0.12203420619477144]
A2: [0.03530736448646174, -0.029273554589082998, -0.0756974246593186, 0.06966332550744836] - [0.10289364154668247, 0.2828965912150501, -0.3926065017947883, 0.0068158817352522005] - [-0.011187119682996724, 0.5390145708776487, -0.3594510341319219, -0.16837648531525984] - [0.09786269786805794, 0.017463214493838045, -0.16885110717400978, 0.05352477179978501]
B1: 8.914742230503036e-09 - 2.474502427323133e-08 - -1.0016097933911444e-08 - 2.0324622573997813e-08
B2: 1.0692234495858761e-08 - -1.3365983243873173e-08 - 2.7623976157176402e-08 - 1.2158211116921036e-08
