Number: 4539
Error: 1.0143302701833589e-15
A1: [0.06621311754208016, -0.11395214241579033, -0.023984014369486693, 0.07172280411756518] - [0.03740253577844623, 0.18819329648875965, -0.14740902183674762, -0.07818708524206613] - [-0.06022951134955643, 0.3289506656407513, -0.12775324670361943, -0.14096845849223283] - [0.039046155987109706, -0.053322689057247345, -0.037418593440844375, 0.0516951173946277]
A2: [-0.009108573080629439, -0.34680318259842474, 0.24945509305407698, 0.10645668272660513] - [0.080039860445471, 0.036282294331979284, -0.05025007435805428, -0.06607192127139204] - [-0.04245278226740117, 0.2308319321337937, -0.04053120569006968, -0.14784779784142857] - [0.06813481593502486, -0.29346781130357147, 0.14177128094801503, 0.08356190211294398]
B1: 6.540181426559402e-10 - -5.837549159934429e-09 - -1.3284092659883684e-08 - -8.13515022643921e-09
B2: -2.8437413809801245e-08 - -2.2270327423664806e-08 - 6.397896305331338e-08 - -5.479555332129609e-08
