Number: 5550
Error: 3.6671028647680825e-10
A1: [0.0662101432818033, -0.11395504737678318, -0.023986983749838212, 0.0717198366221122] - [0.03740694398876432, 0.18819750957719608, -0.14740468701154502, -0.07818275040508448] - [-0.06022158837190866, 0.3289582784575873, -0.12774549041544406, -0.14096074461843594] - [0.03907882781078967, -0.053291677393164386, -0.037386983493686916, 0.05172647076432043]
A2: [-0.00917278658249533, -0.34687130367843216, 0.24939036078804844, 0.10638936047742102] - [0.08003505656544328, 0.03627711933932448, -0.05025532508063591, -0.06607721633276721] - [-0.042491144765993305, 0.23078959326544843, -0.04057231735017459, -0.14789022550743006] - [0.06808527794706579, -0.29352235486183076, 0.14171757662112164, 0.0835063610067299]
B1: -1.0000818498208859e-05 - -8.58277330244941e-06 - -2.3775239363340504e-06 - -5.771761698291195e-07
B2: 6.396101377582597e-06 - 1.5920528361933825e-05 - 6.737604570882636e-06 - 1.8073709910956404e-05
