Number: 3423
Error: 3.0765224645715506e-08
A1: [0.06727277950454078, -0.11291735316679333, -0.022926787709366375, 0.07277993402084308] - [0.03772118849219232, 0.18849761325659262, -0.14709571182955253, -0.07787353405064716] - [-0.05877506182094246, 0.3303460446643619, -0.12633158313658657, -0.139556474537534] - [0.04022166067804213, -0.052205163917916644, -0.03628052860721908, 0.0528225076354834]
A2: [-0.009632029170326007, -0.3473574810524102, 0.2489263957405077, 0.10590991340603714] - [0.08033873050664414, 0.03660416585704796, -0.04992452708761394, -0.0657436391823444] - [-0.041845696201857956, 0.2315015626068339, -0.03988235686342939, -0.14717715538915982] - [0.06889348317774861, -0.2926322406563184, 0.14259584909207873, 0.08441490595491037]
B1: -0.0004936531967726918 - -7.635614730508905e-05 - 6.953824575618485e-05 - -0.000195196264529594
B2: -0.0004517648607161374 - 5.290275681852131e-05 - 5.285603508606434e-05 - 0.0002353003336412617
