Number: 4221
Error: 1.1253893617950349e-15
A1: [0.06621320412708472, -0.11395205776564575, -0.02398392785241218, 0.0717228905572885] - [0.03740264779314943, 0.18819340351122285, -0.14740891171770548, -0.07818697511325975] - [-0.06022934818771016, 0.32895082234875644, -0.12775308704303603, -0.14096829969053348] - [0.03904612205165199, -0.05332272126755161, -0.03741862627228535, 0.05169508482977253]
A2: [-0.009108526703493618, -0.34680313339953667, 0.24945513980654632, 0.10645673135054766] - [0.08003983918868465, 0.03628227143231482, -0.05025009759053332, -0.06607194470114695] - [-0.04245284407451638, 0.23083186391963048, -0.04053127192511565, -0.14784786619781384] - [0.06813484654323475, -0.2934677776025343, 0.14177131413048227, 0.08356193643045813]
B1: -1.138137209541677e-08 - 1.4580933347763732e-08 - -1.1457526374152861e-08 - 2.563247284410109e-08
B2: 6.448575970685723e-09 - 2.234164458531842e-08 - -2.006208324101196e-10 - -2.4686734272385923e-08
