Number: 9361
Error: 2.8044458623787917e-11
A1: [0.053164623595191605, -0.1480091978299512, -0.02700696372406673, 0.12181989411717832] - [0.0053490462802432736, 0.1308720551936648, -0.11356542351880486, -0.022514387693170754] - [-0.014440929724785698, 0.22309516956686007, -0.12703763476102672, -0.08160238343039362] - [0.027147908635724027, -0.10001858766828534, -0.04942305514688968, 0.12229957530882839]
A2: [0.0892617653716597, -0.07290608531402394, -0.12362028291913929, 0.10729377716593956] - [0.10886878551687798, 0.24984124520583603, -0.40481876920779597, 0.04621699398509598] - [0.036632424581912966, 0.4625516301642038, -0.37772087284756467, -0.12147681101168249] - [0.14341080942124115, -0.044622187700308215, -0.20151479126524857, 0.10266400765633633]
B1: -5.588039938640606e-06 - -6.284455872506375e-06 - 8.996097883416522e-07 - 7.437341572792958e-06
B2: 1.5788003679585855e-06 - -6.050854786003148e-06 - -9.121107858367883e-06 - 5.374632332335015e-06
