Number: 3426
Error: 6.261789812295462e-09
A1: [0.06698137128209083, -0.113202196182475, -0.023217744054331566, 0.07248906110561275] - [0.03776641690156407, 0.18854085539058552, -0.14705120766158922, -0.07782908057529003] - [-0.059046820000781056, 0.3300854336788674, -0.12659717996449318, -0.13982012667143767] - [0.040493056490452345, -0.05194775262281887, -0.03601818494659124, 0.053083049445592854]
A2: [-0.009229175917328875, -0.3469301569078629, 0.24933309463265718, 0.10633243088767506] - [0.08041720227680871, 0.03668870760333803, -0.04983849856749055, -0.06565685089833935] - [-0.041398426885001983, 0.23199516541306373, -0.03940246053935477, -0.146682075366182] - [0.06904865225407636, -0.29246148142775746, 0.14276371231592602, 0.08458861899510929]
B1: -0.0004223877284516704 - 0.00016339142515451498 - 8.913456329517616e-05 - -9.414057787619403e-05
B2: -0.0004475221523102127 - -4.342230581062916e-05 - -7.620531595484723e-05 - 0.00029548050753031696
