Number: 9187
Error: 1.0106254058410673e-07
A1: [0.052679903952458786, -0.14849664004240495, -0.02749455908636814, 0.12133528769872172] - [0.004078413640826197, 0.12960570082547512, -0.11483783307333206, -0.0237780416955756] - [-0.015685290315844164, 0.2218578487815215, -0.12827937255389493, -0.08283761858389567] - [0.028184631456954327, -0.09898136772953954, -0.04838373959616323, 0.12334232354602452]
A2: [0.09078219333473037, -0.07139532310980747, -0.12212774062162408, 0.10884017102439374] - [0.10634161437938228, 0.24730936104369344, -0.4072972404980299, 0.04364850558711306] - [0.03344446499121565, 0.45937363161710904, -0.3808307789039891, -0.12469509650839534] - [0.14240492451038547, -0.04562354897867315, -0.20249465344896037, 0.10164415345717685]
B1: -0.0002812428785463225 - -0.0005655969991123369 - 0.0006383720404089957 - -0.0010828584708315093
B2: -0.000298195672424535 - -7.408059381216168e-05 - -0.00020207387011431273 - 0.0002916809721625245
