Number: 6985
Error: 9.89237952283693e-16
A1: [0.08043169059321788, -0.18046780484258343, -0.019588851071766653, 0.1196249776461271] - [0.037415589467010374, 0.13359639564104883, -0.1347261767439197, -0.03628581562939851] - [-0.0017028140399284605, 0.22819012147952444, -0.12282837767962543, -0.10365890525293026] - [0.03886322172579744, -0.11448103122009279, -0.046416454091008724, 0.12203421525750476]
A2: [0.03530743522169157, -0.02927348365824641, -0.07569735740497514, 0.06966339953940463] - [0.10289376050761109, 0.2828967111855386, -0.39260638673724707, 0.006816006304561526] - [-0.011187079381036169, 0.5390146114199992, -0.3594509959851606, -0.16837644284777256] - [0.09786280441333708, 0.017463321523759186, -0.16885100574955159, 0.05352488363739162]
B1: -5.636438410072744e-09 - -1.1624594562775825e-08 - 7.3560580195728785e-09 - -6.812891108660772e-10
B2: 5.5501485857128e-10 - -4.091737687191935e-09 - 1.523699533730428e-09 - -9.600129911192303e-09
