Number: 6256
Error: 9.990762328033215e-16
A1: [0.08043165758387565, -0.18046783784818388, -0.019588884041641583, 0.11962494464055669] - [0.037415558764404916, 0.13359636496168403, -0.13472620738535102, -0.0362858463149935] - [-0.0017028310521489279, 0.22819010446767277, -0.12282839466693864, -0.10365892226060813] - [0.03886321378679818, -0.11448103913681046, -0.04641646202494856, 0.12203420732344333]
A2: [0.03530744508510089, -0.029273473767560048, -0.07569734802697338, 0.06966340986253443] - [0.10289371069690925, 0.2828966609520823, -0.3926064349134995, 0.00681595414545468] - [-0.011187152014299808, 0.53901453835352, -0.3594510647341011, -0.16837651938399986] - [0.09786278282625868, 0.01746329983848782, -0.1688510262990421, 0.05352486097797289]
B1: 6.925606328577146e-09 - -1.1483838870393157e-08 - -9.961079787769345e-09 - -6.677775170436694e-09
B2: -8.748958471456895e-09 - -6.525667744802961e-09 - 4.483671941358923e-09 - -8.250805641200121e-10
