Number: 5109
Error: 1.0375164520788362e-15
A1: [0.06621319933783888, -0.11395206244787726, -0.02398393263793438, 0.07172288577604115] - [0.03740262609819154, 0.1881933827832082, -0.1474089330454784, -0.07818699644293753] - [-0.06022931763520282, 0.32895085169272004, -0.12775305714616858, -0.14096826995425038] - [0.03904609377831815, -0.05332274810347819, -0.03741865362571364, 0.05169505769839281]
A2: [-0.009108813032368641, -0.3468034371490381, 0.24945485116091748, 0.10645643115090328] - [0.08003980744965869, 0.036282237240362274, -0.05025013227934447, -0.06607197968454401] - [-0.04245283972679107, 0.23083186871816935, -0.04053126726574223, -0.1478478613892544] - [0.06813475655986095, -0.2934678766780972, 0.14177121657963562, 0.0835618355425559]
B1: -2.7154408057309135e-08 - -1.3464225663437288e-08 - 3.32547113111345e-08 - 3.636335964897871e-08
B2: 2.8788754701953443e-08 - 1.2087401842187091e-08 - -4.431127408391942e-08 - 5.799152500706193e-08
