Number: 5892
Error: 1.2645097754037707e-08
A1: [0.08016904395385771, -0.18073076106840263, -0.01985094013117099, 0.11936246823103337] - [0.03643560061342876, 0.13261702650320517, -0.13570394175141748, -0.037265130041812776] - [-0.0019926180485331283, 0.22790039689371333, -0.12311745148972825, -0.10394848654083748] - [0.039229690817486056, -0.11411568531479062, -0.04604991562666912, 0.12240060122130404]
A2: [0.03483232053632996, -0.029749776903131683, -0.07614901116854335, 0.06916607418138025] - [0.10312850307656357, 0.2831327885417687, -0.3923797562352245, 0.007061897858765147] - [-0.010350774971887895, 0.5398554992415492, -0.35865917548767445, -0.16749464730351638] - [0.09793274104890644, 0.017533478042626113, -0.16878430315777726, 0.05359846457095878]
B1: 6.673035946782628e-05 - -0.00026471357384554516 - -0.0001913504091301382 - -3.2505838973931765e-05
B2: -0.0004972758214742694 - -7.24611346922288e-05 - 0.0004422841451125432 - -0.0001598163969288417
