Number: 8440
Error: 1.358686027870283e-15
A1: [0.08043166676792914, -0.1804678286651694, -0.019588874868605402, 0.11962495382355297] - [0.037415627493927524, 0.13359643363917945, -0.13472613879265308, -0.036285777623493914] - [-0.0017028217933005364, 0.22819011372631678, -0.12282838542164404, -0.10365891300422043] - [0.03886319764865709, -0.11448105522963657, -0.04641647815280028, 0.1220341911953513]
A2: [0.03530745605004306, -0.029273462772255992, -0.07569733760158742, 0.06966342133847205] - [0.10289374923858297, 0.2828966998209034, -0.39260639763646515, 0.006815994504224365] - [-0.011187088656271356, 0.5390146020893885, -0.3594510047643467, -0.16837645262144502] - [0.09786282754813311, 0.017463344763757497, -0.168850983726666, 0.053524907921315965]
B1: -3.3513400930190876e-09 - 4.480201273209875e-09 - 3.774200082539107e-09 - 1.5383350223347152e-09
B2: -1.1618137426479652e-08 - 3.5351575343601805e-08 - 2.0683823603805995e-09 - -1.8446845032803905e-08
