Number: 1410
Error: 1.7989222161430472e-10
A1: [-0.007313372463809165, -0.01512074078919749, 0.0028663419918320858, 0.019325535711513662] - [0.0668509418054856, 0.18990772240119852, -0.14671010020577335, -0.10983540792782694] - [-0.11284817650562136, 0.4415276228218884, -0.07106335982752227, -0.25838443404339595] - [-0.0235039609217306, 0.015211851335470417, -0.030072127456071122, 0.03876943290422497]
A2: [0.1316161354960127, -0.2245989568476664, 0.022696108465844387, 0.07018986674938119] - [0.03269322537838337, 0.20379547248097393, -0.11484150688873612, -0.12141149653488786] - [-0.09449594221151733, 0.5556647662706402, -0.23507770511010245, -0.22551051883365397] - [-0.02114892958337025, -0.01959289294390804, 0.007799128331078046, 0.031872696801140306]
B1: 3.74800551268895e-05 - -5.444982421459206e-05 - 1.544472485852031e-05 - -8.281810371133493e-06
B2: -2.8940910287667104e-05 - 1.6345286308646352e-06 - 3.0354180369465777e-05 - 2.6413893156048384e-05
