Number: 3101
Error: 1.4209533072568902e-06
A1: [0.0646873273383078, -0.04673673501463638, -0.02232266635687727, 0.009043603825961524] - [0.04533684445924521, 0.19285051272122422, -0.14087331762041544, -0.09067415802786753] - [-0.12206908939640027, 0.4161241981896552, -0.10357562165449685, -0.1857392490392939] - [0.03660385399865876, 0.018617616079884193, -0.033669006637190704, -0.02347310840058004]
A2: [0.06686375216564965, -0.17017784221268725, 0.08972075960458663, 0.027296780315119312] - [0.029730514558267817, 0.20072788906004402, -0.10124470268351654, -0.12743135006805645] - [-0.08611400071008259, 0.5208464808185735, -0.21830643714277656, -0.18801231070804855] - [-0.02993064140693194, 0.014516528568426302, -0.054342015654397745, 0.05302764544638073]
B1: -0.00279813689240143 - 0.0016224068511101666 - 0.0005873205253036035 - 0.0035712530448035484
B2: -7.754828214211044e-05 - 0.0012635613337557718 - -0.00012782956530354745 - -0.0007620322539482206
