Number: 8408
Error: 1.3647837412804177e-15
A1: [0.08043164740970832, -0.18046784802120544, -0.01958889420368651, 0.119624934467534] - [0.03741565976564359, 0.13359646588648738, -0.1347261065852241, -0.03628574536963591] - [-0.0017028221836058502, 0.22819011333602018, -0.12282838581137771, -0.10365891339442139] - [0.03886318150491279, -0.1144810713280873, -0.04641649428626754, 0.1220341750616274]
A2: [0.03530754537425367, -0.029273373200986854, -0.0756972526730643, 0.06966351482573853] - [0.10289373996553391, 0.2828966904691551, -0.3926064066052472, 0.006815984794002177] - [-0.011187098084600966, 0.5390145926048246, -0.35945101368848814, -0.1683764625563805] - [0.0978627619194013, 0.017463278836508493, -0.16885104620110863, 0.05352483903266757]
B1: 3.391889479808251e-08 - -1.2338200262691319e-08 - -2.957287666568886e-09 - -1.8338560757221457e-08
B2: -2.5547017567055467e-08 - 4.8411480220295995e-08 - 3.3099622971248946e-09 - -3.2091444494263897e-08
