Number: 8156
Error: 1.3363394152972091e-15
A1: [0.0804316587267865, -0.18046783670543445, -0.019588882900143757, 0.11962494578331018] - [0.0374156490270072, 0.13359645515600704, -0.13472611730247203, -0.03628575610233054] - [-0.0017028166401680033, 0.22819011887933383, -0.12282838027606292, -0.10365890785247493] - [0.0388632318079525, -0.1144810211662452, -0.04641644401529106, 0.1220342253333865]
A2: [0.03530752955875382, -0.029273389060222445, -0.07569726771032394, 0.06966349827319779] - [0.10289373271761051, 0.2828966831596886, -0.39260641361536314, 0.006815977204373582] - [-0.011187192582448763, 0.5390144975433634, -0.3594511031329202, -0.16837656213187918] - [0.09786277378557018, 0.017463290756655866, -0.16885103490524542, 0.053524851488243985]
B1: 3.5179723171853055e-08 - -1.4367205537053507e-10 - -2.7987533735763168e-08 - -1.1401194839057663e-08
B2: -2.5441401374143255e-08 - 3.337959934454805e-08 - -5.774689835559657e-09 - -5.6335944784583035e-09
