Number: 6211
Error: 7.695171540534027e-16
A1: [0.08043164990912585, -0.18046784552206446, -0.019588891707214506, 0.1196249369666835] - [0.03741556007898023, 0.1335963662752645, -0.13472620607339494, -0.036285845001146226] - [-0.0017028287362848566, 0.22819010678348742, -0.1228283923544654, -0.10365891994536218] - [0.03886321706486459, -0.1144810358679435, -0.04641645874897093, 0.12203421059947238]
A2: [0.035307374243853266, -0.029273544804747302, -0.07569741538188596, 0.0696633357194407] - [0.10289371114804007, 0.28289666140704184, -0.39260643447717175, 0.006815954617854654] - [-0.011187072217057654, 0.5390146186267243, -0.35945098920432333, -0.1683764352988047] - [0.09786277656883363, 0.017463293552599634, -0.16885103225570225, 0.053524854409709686]
B1: -2.975772106741132e-08 - -1.0830593989599323e-08 - -4.29464222908481e-09 - -1.0547321631364518e-08
B2: -2.1306370519401183e-08 - -2.6565369453962393e-08 - -4.7411490735911e-10 - -9.685412792660312e-09
