Number: 8969
Error: 0.0012489239567657355
A1: [-0.0033766461771319867, -0.2511493668278754, -0.08531068079807935, 0.057001255990347235] - [0.031967717822008385, 0.1449312764557581, -0.0968557778892595, -0.0015433954840508475] - [0.10127471581935286, 0.3248724796845187, -0.002895704316049099, 0.020057441898781343] - [0.012926188732936217, -0.13057671560377976, -0.0639859746646365, 0.10520123128820008]
A2: [0.13984423051742095, 0.07228108850651903, -0.0014037059772212916, 0.21980578012340413] - [0.27838431182433476, 0.4457453388626746, -0.2409396087214154, 0.2242022165210087] - [0.14887518564279317, 0.6642604202155712, -0.2136853256110188, 0.04051268675269987] - [0.27191347530301757, 0.16521882956271228, -0.010129610417859262, 0.2798201883118932]
B1: 0.007377191039916967 - -0.008796165983588988 - 0.006861679377922494 - 0.006149802872556325
B2: 0.0027850754148209256 - 0.04918456380129883 - 0.050309247249005484 - 0.04094283535553257
