Number: 445
Error: 2.1019196954246668e-12
A1: [-0.012160315218532136, -0.014524278967898612, 0.018079633338354998, 0.008575701149883501] - [0.06583223411799118, 0.18949237378366038, -0.14532567333047472, -0.11001190242001968] - [-0.09628241442567106, 0.4217963924959688, -0.05344576603297892, -0.2720233150933978] - [-0.0013092436248597452, -0.018207457195656588, -0.0038220636634824275, 0.023390910372652556]
A2: [0.16159053498743253, -0.1677510309838257, 0.008505071357278123, -0.0023293509910658904] - [0.035484640533179956, 0.20751565618789056, -0.11721150266402228, -0.12579308899417793] - [-0.08621289807643963, 0.5815387551648259, -0.23538809739162506, -0.25993493758444036] - [-0.0038282749845271573, -0.0045127087041446886, 0.0011168807846890067, 0.007249795636482848]
B1: 7.414879137866945e-07 - 2.2995774707768984e-06 - 1.0624915549921848e-06 - 9.805720127140923e-07
B2: 7.626083237215407e-06 - -5.650149846108938e-06 - 4.43811360325502e-06 - 1.7716832233913592e-06
