Number: 1307
Error: 2.1173334977573873e-09
A1: [-0.007668846658242979, -0.015479354457304579, 0.0024974226972389857, 0.01896034502375423] - [0.06657904811117872, 0.18964604702005705, -0.14699128533759873, -0.11013787145842663] - [-0.11301168132818838, 0.441367978305926, -0.07123292966681717, -0.2585615308953341] - [-0.02407301528178691, 0.014653043220917032, -0.030651911170528238, 0.038168676464250234]
A2: [0.1315643208581855, -0.22465041516550788, 0.022645589894056243, 0.07013936242636468] - [0.032390048236973, 0.20349709363685786, -0.1151435556388965, -0.12170811568087436] - [-0.09394182755059145, 0.5562104571744392, -0.23453288427932217, -0.22496572555360533] - [-0.021074313880715134, -0.019519910355682613, 0.007873560001951546, 0.03194445881499606]
B1: -0.00010224320134853877 - 0.00023508773478258719 - 4.1952406958818194e-05 - -7.098249577609556e-05
B2: 4.3907980994993664e-05 - -0.00014786637383972756 - 2.5249522921927525e-05 - 4.5513515800173314e-05
