Number: 7902
Error: 8.1848296170508715e-16
A1: [0.08043167589149022, -0.18046781954265756, -0.01958886575591976, 0.11962496294607701] - [0.03741565767913233, 0.1335964638015349, -0.13472610866769436, -0.03628574745505822] - [-0.001702825346996451, 0.22819011017269406, -0.1228283889701341, -0.10365891655697515] - [0.038863241240042375, -0.11448101176062613, -0.046416434589201486, 0.1220342347596179]
A2: [0.035307342519067204, -0.029273576617247696, -0.0756974455455636, 0.06966330251616913] - [0.1028936657100395, 0.2828966155834395, -0.39260647842425034, 0.006815907037723433] - [-0.011187110350122336, 0.5390145802661933, -0.3594510252980789, -0.16837647548096188] - [0.09786273609543113, 0.01746325289511038, -0.1688510707838488, 0.05352481192591641]
B1: 5.541671525943726e-09 - 2.3173205924442194e-08 - 1.4063104252230388e-08 - 1.880403997273025e-08
B2: 1.0474833944260859e-08 - 2.156541652416212e-08 - 2.3950749802250752e-08 - 1.479908254166581e-08
