Number: 4830
Error: 1.0051488126667616e-15
A1: [0.06621317934283583, -0.11395208199605354, -0.023983952617225003, 0.07172286581460398] - [0.03740261684160707, 0.18819337393913685, -0.1474089421454395, -0.07818700554370026] - [-0.060229349481493, 0.328950821106151, -0.12775308830906093, -0.14096830094954788] - [0.039046045644291955, -0.053322793790524195, -0.037418700193811306, 0.05169501150842649]
A2: [-0.009108474645509084, -0.3468030781743179, 0.2494551922855987, 0.10645678593032995] - [0.08003987038245346, 0.036282305036947016, -0.0502500634974697, -0.06607191031862472] - [-0.04245284828308471, 0.23083185927490835, -0.04053127643496753, -0.14784787085220272] - [0.06813479126223623, -0.29346783846938396, 0.14177125420031436, 0.08356187445018841]
B1: -6.04185186428499e-08 - 1.4988982992801243e-09 - 2.1497818097163606e-08 - 4.659360841274775e-08
B2: 1.1869361665587516e-08 - -1.9432838053866902e-09 - 4.3053041191851895e-08 - -9.686628328303971e-09
