Number: 4930
Error: 1.1283682498750365e-15
A1: [0.06621317767802387, -0.11395208362364462, -0.023983954280716157, 0.07172286415260834] - [0.03740259404410287, 0.18819335215766936, -0.14740896455713218, -0.07818702795737392] - [-0.060229313462440946, 0.32895085570050486, -0.12775305306290546, -0.14096826589296366] - [0.039046205392901094, -0.0533226421630462, -0.037418545642281975, 0.051695164805043756]
A2: [-0.009108591518681873, -0.3468032021582793, 0.24945507446685528, 0.1064566633953785] - [0.08003983641093056, 0.036282268439918657, -0.05025010062635901, -0.06607194776278952] - [-0.04245279498685412, 0.2308319180958218, -0.040531219320687636, -0.14784781190872517] - [0.06813478487205012, -0.2934678455052219, 0.14177124727277096, 0.08356186728562943]
B1: 5.98526070857252e-09 - -2.117302423900582e-08 - -5.81694919838014e-09 - 4.065599434607533e-10
B2: 1.46992971605296e-08 - 3.394716671083725e-08 - -2.739605938195513e-08 - -3.283408964220827e-08
