Number: 4870
Error: 8.916179978051999e-16
A1: [0.06621319462679219, -0.11395206705362512, -0.023983937345251692, 0.07172288107292447] - [0.037402603567199, 0.18819336125634256, -0.1474089551951987, -0.07818701859461276] - [-0.0602293642790105, 0.32895080689395684, -0.12775310278902635, -0.1409683153516356] - [0.03904624007200666, -0.053322609246922226, -0.03741851209138812, 0.05169519808351666]
A2: [-0.009108564733426895, -0.34680317374336433, 0.2494551014688201, 0.10645669147821611] - [0.08003990159945754, 0.03628233866658517, -0.05025002937907714, -0.06607187591053217] - [-0.042452773852144444, 0.2308319414213527, -0.040531196671926006, -0.14784778853457423] - [0.06813485397844464, -0.29346776941622876, 0.14177132219064334, 0.08356194476647949]
B1: -1.6108867919885926e-08 - -1.977235448207301e-09 - -2.0339058348426076e-08 - -1.591583353052398e-09
B2: -3.074993869003712e-08 - -1.739001522361612e-08 - 1.1980904864383852e-08 - 2.599329495267428e-08
