Number: 4402
Error: 1.013709244100545e-15
A1: [0.06621317804824892, -0.113952083261727, -0.02398395391079706, 0.07172286452221689] - [0.037402629691331984, 0.18819338621616252, -0.14740892951317727, -0.07818699291031864] - [-0.060229376663005485, 0.328950794999757, -0.12775311490733057, -0.14096832740490664] - [0.03904605796848051, -0.053322782092847104, -0.037418688270591874, 0.05169502333489553]
A2: [-0.009108473756648722, -0.34680307723124076, 0.2494551931817617, 0.10645678686234955] - [0.0800398773742091, 0.03628231256907303, -0.050250055855922515, -0.06607190261213229] - [-0.04245279964196321, 0.2308319129581639, -0.04053122430940287, -0.14784781705701375] - [0.0681346498614539, -0.29346799415765384, 0.14177110090852954, 0.08356171591395117]
B1: -4.9558004444026166e-08 - 4.022082642578754e-08 - 2.2983031889557937e-08 - -2.7042250240756987e-08
B2: -5.084034254824301e-08 - 2.8382112706163703e-08 - -6.321290377583517e-09 - 1.8330436652383065e-08
