Number: 8318
Error: 1.1230513019211865e-15
A1: [0.08043164523980119, -0.18046785019089348, -0.019588896371019935, 0.11962493229784413] - [0.037415627607996604, 0.13359643375321836, -0.1347261386787706, -0.03628577750943307] - [-0.0017028254573973605, 0.22819011006229215, -0.12282838908038217, -0.10365891666734992] - [0.03886318562243605, -0.11448106722215058, -0.04641649017139249, 0.12203417917655601]
A2: [0.03530739163592939, -0.029273527364493828, -0.07569739884584925, 0.06966335392227008] - [0.10289367218696077, 0.28289662211534106, -0.392606472159868, 0.006815913820032702] - [-0.011187141990568543, 0.5390145484369825, -0.35945105524653714, -0.1683765088215269] - [0.09786280338911775, 0.017463320494837252, -0.16885100672453796, 0.05352488256227155]
B1: 2.6258531475040336e-08 - 1.7800212540023244e-09 - 1.633029290318568e-08 - 5.542462049882919e-09
B2: -9.63947615583008e-09 - 4.6280663026323704e-08 - -7.1120631767457954e-09 - -6.995028864318747e-09
