Number: 549
Error: 9.288271486231069e-14
A1: [-0.012152367919027211, -0.014516116376155104, 0.018088417351043485, 0.008584193658619203] - [0.06583580012640786, 0.18949580412069308, -0.14532198640410304, -0.11000793201141564] - [-0.09629159443590447, 0.42178751992126934, -0.05345572770629224, -0.2720340104138398] - [-0.0013205941398320377, -0.018218373445551498, -0.003834146202942731, 0.02337779090218321]
A2: [0.16158691216400742, -0.16775458551393813, 0.008501521391724148, -0.002332882943089133] - [0.0354856882090263, 0.2075166870241324, -0.11721045938532945, -0.12579206409992397] - [-0.08621391436588217, 0.5815377596746509, -0.2353890863472015, -0.25993592866809395] - [-0.003835226856443734, -0.004519545046856185, 0.0011099999842500976, 0.00724314443949023]
B1: 5.86537656619987e-08 - 2.5331209632556602e-09 - 5.511881120688601e-09 - -1.5338018954358637e-07
B2: -1.9914225209715098e-07 - 2.578051623460744e-07 - -3.572405749088918e-07 - -4.933775055968146e-07
