Number: 437
Error: 2.9950120126335454e-12
A1: [-0.012155037497071072, -0.014518858162749513, 0.018085466900782013, 0.008581341042525618] - [0.06584040199625375, 0.1895002309579847, -0.14531722843848918, -0.11000280832384939] - [-0.09629957468289417, 0.42177980745303, -0.05346438697489468, -0.2720433075927736] - [-0.0013257363412080931, -0.0182233184615573, -0.0038396196170574883, 0.023371847594932556]
A2: [0.1615894313476887, -0.16775211386064834, 0.008503990089397716, -0.002330426774461325] - [0.03548225511351812, 0.2075133090913381, -0.11721387807370981, -0.12579542254040568] - [-0.08621651608588239, 0.5815352113566639, -0.2353916177379681, -0.2599384656040762] - [-0.0038273259921313674, -0.00451177546584453, 0.0011178201535248001, 0.007250703651142296]
B1: 9.704284669064686e-07 - 2.9489971798487923e-06 - -6.447028507354835e-07 - 4.0351663178980847e-07
B2: 1.9470917337246815e-06 - 6.663082244001401e-06 - -2.3029354351704767e-07 - -9.456659834961293e-08
