Number: 8664
Error: 1.2904473914948466e-15
A1: [0.08043172033451457, -0.18046777510463805, -0.019588821366048472, 0.11962500738404092] - [0.0374156386208568, 0.13359644475774723, -0.13472612768777958, -0.03628576650265967] - [-0.0017027741699424345, 0.22819016134865386, -0.12282833786802083, -0.10365886539356838] - [0.03886327069958447, -0.11448098238367671, -0.04641640514840971, 0.12203426420090885]
A2: [0.03530731598019172, -0.029273603229517064, -0.07569747077861957, 0.06966327474053668] - [0.10289373958544656, 0.2828966900858407, -0.3926064069728559, 0.006815984395975754] - [-0.011187176455290902, 0.5390145137667344, -0.35945108786829416, -0.16837654513802455] - [0.09786270187050662, 0.01746321851448213, -0.16885110336395123, 0.05352477600106017]
B1: 2.323808022955885e-08 - 1.516954231662296e-08 - 2.341841913042856e-08 - 2.0487702708336198e-08
B2: 4.1223207735113506e-08 - 3.612223821987316e-08 - 4.317957942709835e-08 - 3.974102731404721e-08
