Number: 7733
Error: 9.720895042016012e-16
A1: [0.08043165433762825, -0.18046784109407613, -0.019588887284002123, 0.11962494139468102] - [0.0374155549633387, 0.13359636116348517, -0.13472621117882902, -0.03628585011395343] - [-0.0017028602592854911, 0.228190075261151, -0.12282842383130381, -0.10365895145994526] - [0.038863203874138864, -0.114481049021665, -0.046416471931286805, 0.12203419741694226]
A2: [0.03530739781482306, -0.029273521168565585, -0.07569739297099756, 0.06966336038910195] - [0.10289367857845101, 0.2828966285610544, -0.39260646597808346, 0.0068159205128123955] - [-0.011187144878734621, 0.5390145455316432, -0.3594510579801908, -0.1683765118649322] - [0.09786276365980155, 0.01746328058485747, -0.16885104454431482, 0.05352484085948822]
B1: -3.4600035775649112e-09 - -6.364821010065522e-09 - -2.754446771492515e-09 - -2.502976212199076e-09
B2: 6.226412015656857e-09 - -1.3499119359840359e-08 - 3.831409935174095e-09 - 5.5856558282266176e-09
