Number: 8137
Error: 8.219351835954955e-16
A1: [0.08043171569597593, -0.18046777974269673, -0.01958882599907153, 0.11962500274599339] - [0.03741555657671795, 0.1335963627756861, -0.1347262095685585, -0.036285848501411457] - [-0.0017028030581935163, 0.22819013246101863, -0.12282836671397436, -0.10365889427412496] - [0.03886323767723451, -0.11448101531343448, -0.04641643814974918, 0.12203423119902046]
A2: [0.03530744194771525, -0.029273476913566118, -0.07569735100993161, 0.06966340657890394] - [0.10289374743347124, 0.28289669800044237, -0.39260639938236225, 0.006815992614011871] - [-0.011187129694973891, 0.5390145608059154, -0.3594510436084504, -0.16837649586527523] - [0.09786274752072337, 0.017463264372336182, -0.16885105990772456, 0.053524823918751234]
B1: 6.398539857495126e-09 - -5.616567123839159e-09 - 4.9300282613760355e-09 - 1.690299366365539e-08
B2: 2.587326421468253e-08 - -1.643633041550091e-08 - 9.416432151185414e-09 - 1.1389242786682761e-08
