Number: 2776
Error: 5.912662740584108e-09
A1: [0.0637722438150202, -0.047536046811610395, -0.02310933369346829, 0.008190092194478601] - [0.04370027146207552, 0.19130776593084367, -0.14252491931157457, -0.09246999652372141] - [-0.12368355370401526, 0.41462423205058857, -0.10509754863893289, -0.18731013822184106] - [0.03669561222966899, 0.01885945936019031, -0.0334391715449289, -0.02335704975640128]
A2: [0.06306818874469687, -0.17405673226205, 0.08595383490530713, 0.023590874234228103] - [0.029245369656993873, 0.2002547590279615, -0.10175465501007164, -0.12791672000972282] - [-0.09338175321560639, 0.513709653553582, -0.2255777668806317, -0.19507100419236498] - [-0.025851171224795633, 0.01859647114057495, -0.050212204571636915, 0.05705063367580238]
B1: -0.00016344636367963806 - 7.65493524576726e-05 - -4.745949319457961e-05 - 2.1288594268143596e-05
B2: 0.00010965261406786092 - -9.673564417369286e-05 - -2.1403122226194794e-05 - -8.849360133162467e-05
