Number: 7024
Error: 1.0346968599816617e-15
A1: [0.08043170752115131, -0.18046778791656712, -0.019588834164074562, 0.119624994572127] - [0.03741559076913816, 0.13359639694219122, -0.1347261754443862, -0.03628581432799195] - [-0.0017027956423357508, 0.22819013987672482, -0.12282835930897028, -0.10365888686024763] - [0.03886319850675007, -0.11448105437397871, -0.04641647729525947, 0.12203419205288875]
A2: [0.03530744821311076, -0.029273470630894832, -0.0756973450528974, 0.06966341313633179] - [0.10289372323224819, 0.28289667359381654, -0.3926064227894923, 0.00681596727181156] - [-0.01118711870361468, 0.5390145718628787, -0.3594510332048411, -0.16837648428334162] - [0.09786280045586422, 0.01746331754828524, -0.16885100951680979, 0.05352487948333387]
B1: 3.1328827979042276e-09 - -9.350861602943977e-09 - -4.269738730082544e-09 - 3.80522863007547e-10
B2: 8.13334553796529e-09 - -5.177159925354828e-09 - 1.8573577486086002e-08 - -2.9354141595822342e-08
