Number: 3317
Error: 1.2591791620968169e-06
A1: [0.05612447837798285, -0.1238807593964932, -0.03427929609013108, 0.061512247758755544] - [0.03415106246089029, 0.18500505905593184, -0.15060470842793855, -0.0813749659695405] - [-0.057943264384966706, 0.3312881981556207, -0.12525897570041988, -0.13856972277305982] - [0.037954398942378, -0.05432711253334554, -0.03858143757792417, 0.05056579680878556]
A2: [-0.009516682209359521, -0.34719697534767435, 0.24931642044374738, 0.1061534031380636] - [0.08921674567881124, 0.046239574266749246, -0.04026432094593802, -0.05595686962147647] - [-0.05658374044713659, 0.21490166718947754, -0.05590351126737729, -0.16367231161326853] - [0.05885575518614182, -0.3039234338416014, 0.13158136537691006, 0.0730392702509366]
B1: 0.0019243284595646213 - 0.0029013007384721358 - 0.0011501471239345952 - 0.00038559992012517406
B2: -0.004211813208725131 - 0.006062614489065049 - 0.0049975567094502375 - -0.0007157908907929177
