Number: 2743
Error: 3.5274164141033053e-09
A1: [0.06381034566284854, -0.0474981056054309, -0.023071514782726912, 0.008228431247981938] - [0.04388467912879827, 0.19148586423450542, -0.14233495757372686, -0.09226709413644192] - [-0.1233495135675477, 0.41495736105123704, -0.10476104897383934, -0.1869748601541674] - [0.0369506814336876, 0.019114787156582637, -0.03318447745228046, -0.023103723020444285]
A2: [0.06354535452616873, -0.17358185049706037, 0.08643023209367143, 0.024062061138799863] - [0.02942743744550944, 0.20043409870025278, -0.10157310228008659, -0.12773847670071975] - [-0.09342495193038736, 0.5136675676896816, -0.2256213118473758, -0.19511254879263115] - [-0.025657167910288055, 0.01878987998172739, -0.05001890965714121, 0.05724020632693224]
B1: 4.122806158171516e-05 - -0.00019242002494474116 - 4.8736445565207006e-05 - -6.107891869604681e-05
B2: 9.14910182504299e-05 - -4.266557064510869e-05 - -4.543897637613563e-05 - -7.672034568855757e-05
