Number: 2926
Error: 1.0312997839526493e-08
A1: [0.06393886630981763, -0.04736823411409062, -0.022942927279670577, 0.008355680704785946] - [0.04375268103399223, 0.1913586571485019, -0.14247086484131116, -0.09241181751642373] - [-0.12359250619502071, 0.41471396033354063, -0.10500790205429639, -0.1872221869353997] - [0.03666609827448008, 0.01882917545860206, -0.03347081097890226, -0.02338899097187062]
A2: [0.06361647361763428, -0.17351371226285103, 0.08649582946650215, 0.024127740169334583] - [0.02938357917202069, 0.20039066292843122, -0.10161698250047461, -0.12778163817953767] - [-0.09347717079272418, 0.5136152141553818, -0.22567339992233884, -0.19516318294756338] - [-0.02533520590749202, 0.019108066573152185, -0.049695021828632904, 0.05755396648602797]
B1: -1.7097109397166655e-05 - 0.00010328964152646495 - -2.6427054285835724e-05 - -0.00018105821313898988
B2: -8.065084798518398e-05 - -0.00027633851764685875 - -7.282854039340774e-05 - 2.4799210184701066e-05
