Number: 7707
Error: 9.097609333460052e-16
A1: [0.08043167731474751, -0.18046781811955848, -0.019588864334356745, 0.11962496436917554] - [0.03741558784040487, 0.13359639401566897, -0.13472617836727074, -0.036285817255098975] - [-0.001702827069007515, 0.22819010845072182, -0.12282839068962184, -0.10365891827852568] - [0.038863222494672375, -0.1144810304533864, -0.046416453322618276, 0.12203421602590273]
A2: [0.03530737496309668, -0.02927354408349497, -0.07569741469815129, 0.06966333647231654] - [0.10289361912712135, 0.28289656860516244, -0.39260652347866093, 0.0068158582586262464] - [-0.011187165614300502, 0.5390145246724017, -0.3594510776068751, -0.16837653371469938] - [0.09786276504924908, 0.0174632819806257, -0.168851043221649, 0.053524842317954145]
B1: 2.7721290607718658e-08 - -2.359367545017441e-08 - -3.780720255120807e-08 - -1.4258588172233395e-08
B2: -1.3006406043814504e-08 - 1.1443774635170144e-09 - -1.214299790767517e-08 - -1.1386739866107111e-08
