Number: 3912
Error: 9.922273706857365e-16
A1: [0.06621312066814364, -0.11395213935954329, -0.023984011245859024, 0.07172280723841468] - [0.03740254420554435, 0.18819330454030062, -0.14740901355227048, -0.07818707695682348] - [-0.06022941626198215, 0.3289507569671785, -0.12775315365650305, -0.14096836594572662] - [0.03904612185268196, -0.05332272145640122, -0.03741862646478519, 0.05169508463884274]
A2: [-0.00910859756540307, -0.3468032085729678, 0.24945506837129958, 0.10645665705567699] - [0.08003978383149761, 0.03628221179675521, -0.050250158092796135, -0.06607200571715871] - [-0.04245301440485936, 0.230831675932364, -0.04053145445794028, -0.14784805457689348] - [0.06813461308445189, -0.293468034650949, 0.1417710610385678, 0.08356167467987216]
B1: -6.837773487634504e-08 - -4.258948474094114e-08 - 5.98423133579755e-09 - 8.595175266951962e-08
B2: -6.591306808993832e-09 - -1.8864509570751416e-08 - 2.7683333890394967e-08 - -2.1321257732110378e-08
