Number: 4647
Error: 1.2590625618270448e-15
A1: [0.06621321465986157, -0.11395204746825566, -0.02398391732793018, 0.07172290107235532] - [0.037402609997948935, 0.18819336740047388, -0.14740894887329006, -0.07818701227214078] - [-0.06022947565276761, 0.32895069992550385, -0.12775321177289622, -0.14096842374935578] - [0.03904597022110432, -0.053322865379421755, -0.0374187731632958, 0.0516949391314506]
A2: [-0.009108728107877273, -0.3468033470579396, 0.24945493677245364, 0.10645652018909482] - [0.08003977426375188, 0.036282201489615064, -0.050250168549706285, -0.06607201626286935] - [-0.04245292938394548, 0.23083176976705452, -0.04053136334581539, -0.14784796054657234] - [0.06813462146887263, -0.29346802541901634, 0.1417710701280995, 0.08356168408079666]
B1: 2.1226223992196398e-08 - 1.4673176695107091e-08 - -2.506837529413737e-09 - -1.023873695538014e-08
B2: 8.956443590523796e-09 - -1.4364264580602211e-08 - 6.566708440328587e-08 - -5.76142712628874e-08
