Number: 5419
Error: 2.554234683045188e-15
A1: [0.06621324037552463, -0.11395202232711771, -0.02398389163237968, 0.07172292674492442] - [0.03740258470410295, 0.1881933432340633, -0.1474089737389655, -0.07818703714002813] - [-0.060229432628738006, 0.3289507412473979, -0.12775316967199316, -0.14096838187478755] - [0.03904614930726167, -0.053322695397310424, -0.0374185999031225, 0.05169511098475795]
A2: [-0.009108597088971295, -0.3468032080672767, 0.24945506885107263, 0.10645665755530687] - [0.08003987073948599, 0.03628230542159048, -0.05025006310695793, -0.06607190992510631] - [-0.04245295416922206, 0.23083174241295557, -0.04053138990673361, -0.14784798795768217] - [0.06813457511847994, -0.2934680764520924, 0.14177101987997065, 0.08356163211436811]
B1: 7.074935741457663e-08 - 4.2972851276645724e-08 - 1.2928275362330195e-08 - -1.1870247337025048e-08
B2: -4.5804220532604214e-08 - -6.54891840489009e-08 - 1.3041069897900254e-07 - -5.745717199000517e-08
