Number: 4720
Error: 1.6676812200804118e-15
A1: [0.0662131665079071, -0.11395209454417736, -0.023983965442094593, 0.07172285300120503] - [0.03740259310833873, 0.18819335126360048, -0.1474089654770705, -0.07818702887739457] - [-0.060229412731175956, 0.3289507603582578, -0.12775315020151223, -0.1409683625090958] - [0.03904617964638125, -0.053322666600770494, -0.037418570551281234, 0.05169514009831135]
A2: [-0.009108701852901803, -0.34680331920550656, 0.24945496323987973, 0.10645654771596018] - [0.08003990504867757, 0.03628234238237866, -0.0502500256092945, -0.0660718721087293] - [-0.042452816451993586, 0.2308318944055976, -0.04053124232358088, -0.14784783564828427] - [0.06813474782161345, -0.29346788629931214, 0.14177120710653593, 0.08356182574532484]
B1: 2.7613125669712338e-08 - 5.422344923854739e-08 - -4.695982278185186e-09 - -1.0825267851446136e-08
B2: 1.1041973612659125e-09 - 1.0358842674033909e-09 - -1.850435529070959e-08 - 5.836257459960367e-09
