Number: 1241
Error: 8.509404705471798e-08
A1: [-0.006187635461229847, -0.01398419670013938, 0.004040836053154746, 0.020481792540313716] - [0.06665781346148095, 0.1897222615826067, -0.1469101077862641, -0.11005020117545522] - [-0.11089702602005742, 0.443441136664945, -0.06902302411973832, -0.25627151562417544] - [-0.021696592088875304, 0.01698782749187055, -0.028220667027752992, 0.0406766588347147]
A2: [0.13072355723350512, -0.2254758868221045, 0.021817844244257933, 0.06931677992569528] - [0.032693142887396984, 0.2037955937135442, -0.11484157916858934, -0.12141158204553594] - [-0.09702608848701234, 0.5531794323126962, -0.23756657167106, -0.22799732616476662] - [-0.022271708658064802, -0.02070007278624327, 0.006685183171337276, 0.030794383581623296]
B1: -0.00012474581826528281 - -0.00014300466737476002 - -0.0002171853467084355 - 0.00018031836051113782
B2: -0.00023350215622059182 - 0.0002343362548276326 - -0.00015699638622653232 - -0.0003859265590546113
