Number: 8219
Error: 9.667140298763989e-16
A1: [0.08043168234262076, -0.18046781309228035, -0.019588859312560138, 0.11962496939643082] - [0.03741559118577445, 0.13359639735856033, -0.13472617502843606, -0.036285813911500035] - [-0.0017028185928259789, 0.22819011692671612, -0.12282838222586556, -0.1036589098046162] - [0.03886322808591611, -0.1144810248778404, -0.04641644773496489, 0.12203422161365252]
A2: [0.03530747156599347, -0.029273447213370503, -0.07569732284919879, 0.06966343757758303] - [0.10289370265442996, 0.28289665284136956, -0.3926064426921048, 0.006815945723873395] - [-0.011187111600077772, 0.539014579008745, -0.3594510264812036, -0.16837647679807835] - [0.09786284832187657, 0.01746336563198477, -0.16885096395138657, 0.05352492972696391]
B1: 7.877401831198692e-09 - 5.551466340682055e-09 - -1.3201292523565558e-08 - -2.3650699244452734e-08
B2: -1.0447624483554185e-08 - -9.768543902142897e-10 - -1.4849386609429994e-09 - -9.546467513275638e-09
