Number: 4845
Error: 8.936867693763202e-16
A1: [0.06621307788600836, -0.11395218118567199, -0.02398405399442815, 0.07172276452805444] - [0.03740255113973974, 0.18819331116544621, -0.14740900673541854, -0.07818707013938993] - [-0.06022948682877106, 0.32895068919158116, -0.12775322270903658, -0.14096843462665376] - [0.039046195891774965, -0.05332265118117139, -0.03741855483431504, 0.051695155687645794]
A2: [-0.009108610223815148, -0.34680322200148794, 0.24945505561035664, 0.10645664378408291] - [0.08003986457874183, 0.03628229878469107, -0.05025006984059173, -0.06607191671560456] - [-0.04245280099209725, 0.23083191146807133, -0.04053122575614798, -0.14784781855027643] - [0.0681348557420085, -0.2934677674744867, 0.14177132410248297, 0.08356194674374541]
B1: -5.229798898774975e-09 - 1.6191262670313648e-08 - -2.3553014727912375e-09 - 2.1478908836269985e-08
B2: 2.80533685059374e-08 - 2.3985888381593932e-08 - -5.74829431286901e-08 - 4.736385156727441e-08
