Number: 6872
Error: 1.2027707184300119e-15
A1: [0.08043165465295297, -0.18046784077877814, -0.019588886969061844, 0.11962494170996564] - [0.0374155596597262, 0.13359636585632417, -0.13472620649181485, -0.03628584542017193] - [-0.001702844273004872, 0.22819009124709322, -0.12282840786843582, -0.10365893547793785] - [0.038863201872906414, -0.11448105101726919, -0.04641647393124894, 0.12203419541695262]
A2: [0.03530740912940897, -0.02927350982269843, -0.07569738221318516, 0.06966337223099839] - [0.10289381614451312, 0.2828967672946334, -0.3926063329259655, 0.006816064564525744] - [-0.011187133991769373, 0.5390145564835436, -0.35945104767540703, -0.16837650039299956] - [0.09786281109471885, 0.01746332823553174, -0.16885099938930923, 0.05352489065066718]
B1: 2.2826239946108954e-08 - -1.7630869692868896e-08 - 3.5660739351751283e-09 - 5.521631950798862e-09
B2: 2.1408211900219213e-09 - 4.6760049463320685e-09 - 3.1798062340808095e-11 - 4.269375963803312e-09
