Number: 4722
Error: 1.098311912264455e-15
A1: [0.06621318128324201, -0.11395208009902032, -0.02398395067835494, 0.0717228677517432] - [0.03740260299963409, 0.18819336071406365, -0.1474089557531681, -0.0781870191526322] - [-0.06022937785905564, 0.32895079385102677, -0.1277531160777017, -0.1409683285688197] - [0.03904622274244825, -0.05332262569558182, -0.037418528857257695, 0.05169518145379264]
A2: [-0.0091087874178232, -0.34680340997640074, 0.24945487698266283, 0.10645645800590244] - [0.08003991302468186, 0.03628235097481594, -0.05025001689198042, -0.0660718633173964] - [-0.042452815133782164, 0.23083189586045513, -0.040531240910934144, -0.1478478341903946] - [0.0681347308518884, -0.2934679049836888, 0.1417711887097447, 0.08356180671916487]
B1: 3.321473855071057e-08 - 2.2541485461367596e-08 - -2.9256601317710684e-08 - -3.79861779791132e-08
B2: 2.1452108019114675e-08 - 2.4458437683623166e-08 - 2.5786867683582824e-09 - 1.7535068318122195e-08
