Number: 8737
Error: 6.042117569696838e-11
A1: [0.08043469477664389, -0.1804648009374344, -0.019585850445588047, 0.11962798149623621] - [0.03742099120170097, 0.13360179332851835, -0.134720785745014, -0.03628041687892569] - [-0.0017039057611619947, 0.228189029791581, -0.12282946779335122, -0.10365999668124695] - [0.038864829686079135, -0.11447942772376735, -0.04641484712632945, 0.12203582222595614]
A2: [0.03531098527134819, -0.02926992379822097, -0.07569398206343124, 0.06966711503362237] - [0.10289938748275523, 0.28290238595469175, -0.39260094438475346, 0.006821898554260599] - [-0.011179200054916693, 0.5390225377588597, -0.3594435380069293, -0.1683681401590233] - [0.09786764117602481, 0.01746818028521146, -0.16884640145861368, 0.05352996064293395]
B1: 2.153663184782661e-06 - 2.816313597619311e-06 - 7.781919038882131e-07 - 1.9306798986280526e-06
B2: -4.885966517408271e-06 - -8.930429079266154e-06 - -4.520037373768942e-06 - -4.251560395990727e-06
