Number: 2852
Error: 5.446919988264837e-09
A1: [0.0635777331012024, -0.04772940183509009, -0.02330164246006682, 0.007997673638040392] - [0.04371986851814287, 0.19132683961378671, -0.1425045907583212, -0.09244786324850539] - [-0.12273456685893003, 0.4155686713999955, -0.10414629348316208, -0.18636293855956632] - [0.03798661071682033, 0.020151489890922192, -0.0321511562902031, -0.02207521368165664]
A2: [0.06377361259356523, -0.1733555555763338, 0.08665369144895202, 0.024284771306405654] - [0.029280804429684892, 0.20028970237816618, -0.10171928197659855, -0.12788200267421274] - [-0.09312929465179032, 0.5139572623778167, -0.22532486197421772, -0.19482630702581585] - [-0.0256896746014036, 0.018756905664556626, -0.05004955992533278, 0.05720845779621819]
B1: 0.00011142501448367016 - -0.00016202535423649332 - -1.9802794003950626e-05 - 7.38500770390591e-05
B2: -0.0001671509167718834 - 4.289022581484202e-05 - -6.270326249782788e-05 - 2.2889570362932405e-05
