Number: 9542
Error: 1.31232522936912e-13
A1: [0.0531728088787371, -0.1480010121515555, -0.02699878886923776, 0.12182808085930463] - [0.005313552474849754, 0.13083652672766505, -0.11360091110883994, -0.022549930960517623] - [-0.014444149792636293, 0.22309194772165747, -0.12704085308116514, -0.08160560610360294] - [0.02714699989575155, -0.10001949825421763, -0.04942396747163156, 0.12229866156153987]
A2: [0.08925536862627188, -0.07291246510264951, -0.12362653393589706, 0.10728730155104879] - [0.10884257434568226, 0.24981502680512258, -0.4048444607454422, 0.046190339843873836] - [0.036636441650570103, 0.4625556264877105, -0.37771695276132106, -0.12147275252132349] - [0.14342683827051445, -0.04460621976597798, -0.20149913996575602, 0.10268027356329482]
B1: -4.540716750781613e-08 - -1.9491494980226754e-07 - -1.9456854820694434e-07 - -9.809236598882722e-09
B2: -2.661570119904643e-07 - -4.176949124165525e-07 - -2.9140017034403086e-07 - -6.637951418095644e-07
