Number: 7946
Error: 9.037714570525459e-16
A1: [0.08043170085158638, -0.18046779458538942, -0.01958884082567381, 0.11962498790332035] - [0.03741565778632043, 0.13359646390865246, -0.1347261085606893, -0.03628574734791628] - [-0.001702805983103978, 0.2281901295361749, -0.12282836963459202, -0.10365889719824944] - [0.038863254694541785, -0.1144809983438836, -0.0464164211432732, 0.12203424820575637]
A2: [0.03530745052356678, -0.02927346831404264, -0.07569734285611919, 0.06966341555443786] - [0.10289376552256227, 0.2828967162430562, -0.3926063818868209, 0.006816011555919428] - [-0.011187034255724577, 0.5390146568144423, -0.35945095327297494, -0.16837639529775517] - [0.09786285355801255, 0.017463370891964737, -0.16885095896693325, 0.05352493522322222]
B1: -8.431588245981457e-09 - 2.302208398170294e-08 - 1.772903048897836e-08 - 6.998938648109505e-09
B2: 1.3878638971762116e-09 - 3.893147941123581e-08 - 4.949431260482562e-09 - 7.3136826634903496e-09
