Number: 1786
Error: 3.800002486822369e-07
A1: [-0.0038830635049606826, -0.011669764836476552, 0.006448634193445833, 0.022826921457752135] - [0.06711541697649327, 0.19016888335889262, -0.1464413768763465, -0.10953954145975656] - [-0.11405454130683954, 0.4403596157668565, -0.07236904300527254, -0.2596808261501217] - [-0.027084485318745164, 0.011725635351797286, -0.03377803953577952, 0.03499653271443911]
A2: [0.130315233126496, -0.22587894855151225, 0.021444312346784948, 0.06894984419717082] - [0.033645043062883406, 0.20473647609494885, -0.1138947297934916, -0.12047861615694114] - [-0.09529920081083494, 0.5548973938692453, -0.23579547301464315, -0.22621629310007202] - [-0.022088202956834654, -0.020531504288129856, 0.00687402602035499, 0.03098219119920365]
B1: -0.00016135237721428013 - -0.00014355119660151324 - -0.0005745656092414136 - 1.7892947185363817e-05
B2: 0.0003760411401742369 - 0.0013571170440485145 - -0.0005649323733009076 - -0.0002742582002539226
