Number: 4297
Error: 1.30919968632433e-15
A1: [0.06621311610456748, -0.1139521438211619, -0.02398401580585651, 0.07172280268249448] - [0.03740256473764244, 0.18819332415732112, -0.1474089933676382, -0.07818705677041135] - [-0.0602292922074499, 0.3289508761146867, -0.1277530322640833, -0.14096824520618] - [0.039046161074991974, -0.05332268422803994, -0.03741858851849009, 0.051695122276997504]
A2: [-0.00910845741696949, -0.34680305989736365, 0.24945520965365825, 0.10645680399370497] - [0.08003985634529782, 0.03628228991490067, -0.05025007883933665, -0.0660719257907263] - [-0.04245280763023857, 0.2308319041417837, -0.04053123286998053, -0.14784782589183848] - [0.068134715201079, -0.29346792221595025, 0.14177117174295603, 0.08356178917163176]
B1: -4.996170180829228e-08 - 2.75905318488464e-08 - 3.133057065142495e-08 - 3.5556463271426557e-09
B2: 1.5068627042218012e-08 - 3.2290586003042924e-09 - 3.610766807516686e-08 - -5.573839617686091e-08
