Number: 3907
Error: 1.0556213581378038e-15
A1: [0.06621313347775508, -0.11395212683618614, -0.023983998446300184, 0.07172282002652768] - [0.037402557984465803, 0.1881933177051228, -0.14740900000653478, -0.07818706340989032] - [-0.06022948243573132, 0.3289506934109637, -0.12775321841022103, -0.14096843035115877] - [0.03904616824243083, -0.053322677425014814, -0.03741858158425901, 0.05169512915494498]
A2: [-0.00910865898356841, -0.34680327372807435, 0.2494550064561929, 0.10645659266205461] - [0.08003977555251506, 0.036282202877917065, -0.05025016714125528, -0.06607201484245129] - [-0.042452983617361634, 0.23083170991137963, -0.040531421464824725, -0.1478480205270603] - [0.06813471661268806, -0.2934679206617653, 0.14177117327323055, 0.08356179075425825]
B1: -5.8443930497197767e-08 - -3.068275635688798e-08 - -9.515240610109902e-09 - 7.21340258174903e-08
B2: -8.171887570648547e-09 - -1.8528001998212108e-08 - 4.152033315132794e-08 - -3.345902941071113e-08
