Number: 5364
Error: 9.72336785318182e-16
A1: [0.06621317271868227, -0.11395208847213466, -0.023983959236154574, 0.07172285920158841] - [0.03740260193836126, 0.18819335970022305, -0.1474089567963705, -0.07818702019593385] - [-0.0602296808398803, 0.3289505028540167, -0.12775341255713604, -0.14096862345365122] - [0.039046054282896446, -0.05332278559101547, -0.03741869183617168, 0.0516950197981471]
A2: [-0.009108670785770882, -0.3468032862478186, 0.2494549945581178, 0.10645658028847672] - [0.08004001751126112, 0.03628246353660023, -0.05024990269425903, -0.0660717481500987] - [-0.042453038448455535, 0.23083164939754194, -0.04053148022314801, -0.14784808116691006] - [0.06813453098229291, -0.29346812504777636, 0.14177097203253491, 0.08356158262979028]
B1: -1.7566663010314743e-09 - -9.500714027196986e-10 - -5.650289871880985e-09 - -1.4084478719134775e-08
B2: 1.0070022394089799e-08 - 8.90195771301647e-09 - 2.0044473927697727e-08 - -4.157689407141032e-08
