Number: 6240
Error: 1.3650545005615778e-15
A1: [0.0804316548615162, -0.1804678405702351, -0.01958888676074609, 0.1196249419185081] - [0.03741555993266827, 0.13359636612906314, -0.13472620621941575, -0.03628584514737733] - [-0.0017028293465662606, 0.22819010617321905, -0.12282839296385314, -0.10365892055548065] - [0.0388632154655547, -0.11448103746276517, -0.0464164603472618, 0.12203420900115648]
A2: [0.0353074379216171, -0.029273480950857234, -0.0756973548379183, 0.06966340236516735] - [0.10289371445460063, 0.28289666474166575, -0.3926064312791105, 0.0068159580803081625] - [-0.011187139269374596, 0.5390145511744642, -0.35945105267075966, -0.16837650595421855] - [0.09786278526394365, 0.017463302287261152, -0.16885102397852503, 0.053524863536749984]
B1: 2.2422549710204193e-09 - -1.08445972309757e-08 - -9.147814044899e-09 - -6.967820693409543e-09
B2: -1.2513963730670868e-08 - -1.3620219785746849e-08 - 4.147737915740438e-09 - -3.4944917324927977e-09
