Number: 870
Error: 9.895646829596326e-11
A1: [-0.01223229616459636, -0.01459822202020991, 0.01800006439801063, 0.008498773504903516] - [0.06583805871265, 0.1894979767737601, -0.14531965072905756, -0.11000541720068145] - [-0.09637696816467449, 0.42170500037043723, -0.05354837221228813, -0.2721334796428159] - [-0.0014173357457049186, -0.01831141646545481, -0.0039371276505616795, 0.02326597163998553]
A2: [0.1614969476223402, -0.16784284258642532, 0.008413379183937551, -0.002420568632237711] - [0.035480390920066766, 0.2075114758882191, -0.11721573326423004, -0.1257972440921758] - [-0.08630572340956856, 0.5814478406512381, -0.23547841421978305, -0.2600254425618551] - [-0.0038877679340548307, -0.004571205750077531, 0.0010580021948171623, 0.007192886423551247]
B1: -6.597372510138151e-06 - 2.3446564688293655e-05 - 6.223994710563959e-06 - 3.8037779070560917e-06
B2: -2.3824725187027488e-05 - 4.475057470042447e-05 - 1.7102708714845362e-06 - 3.820226625963791e-07
