Number: 3065
Error: 2.6470232895525877e-06
A1: [0.06271520248599773, -0.048586112626640664, -0.02415664289357094, 0.007134515702579538] - [0.043853102345500425, 0.19145641843637815, -0.14236234771573228, -0.09229624744656058] - [-0.12398765097532155, 0.414333868808441, -0.10539287559631173, -0.18759602252772747] - [0.035968024222749556, 0.01813297088024204, -0.03417362922822133, -0.02409693688486256]
A2: [0.059742862144143545, -0.17736337190472062, 0.08263254994983228, 0.020303807572408548] - [0.028622741723876948, 0.19964354815919433, -0.10237664202367792, -0.12852695029358724] - [-0.09604171225344403, 0.511096438103155, -0.22824415762589942, -0.19764353911609703] - [-0.02840929701028858, 0.016042513773675434, -0.05278438472123592, 0.054564590808035676]
B1: 0.0015088352360087228 - 0.00044715011249329994 - 0.0010655743051973462 - 0.0008826673077867806
B2: -0.0008008546176042897 - 0.0002591001190079805 - -0.0006774487237169327 - -0.0006930843828350025
