Number: 3972
Error: 8.865892924638329e-16
A1: [0.06621319363505872, -0.11395206802320886, -0.02398393833620245, 0.07172288008287253] - [0.037402643551396095, 0.1881933994585097, -0.14740891588768515, -0.07818697928359836] - [-0.06022928761597231, 0.32895088052453486, -0.1277530277711247, -0.14096824073743303] - [0.0390460966295476, -0.05332274539725618, -0.03741865086731892, 0.05169506043444141]
A2: [-0.009108510201550074, -0.3468031158935368, 0.24945515644203656, 0.10645674865194142] - [0.08003978867250142, 0.03628221701190769, -0.05025015280185068, -0.06607200038129141] - [-0.04245274601477685, 0.2308319721444896, -0.04053116684039178, -0.14784775774739986] - [0.0681347433748741, -0.29346789119542177, 0.14177120228602338, 0.08356182075962947]
B1: -5.568975840488613e-09 - -2.7897766909519866e-08 - 8.8318586930931e-09 - -1.6259172932344007e-08
B2: 1.373054982489942e-09 - -4.162239883464026e-09 - -2.1901675637022386e-08 - -6.539338987798147e-09
