Number: 3685
Error: 1.1730075815225293e-14
A1: [0.06621365770508846, -0.113951614323292, -0.023983474630199446, 0.07172334337403016] - [0.03740276851038644, 0.1881935188478669, -0.1474087930436658, -0.07818685642846553] - [-0.06022870053830371, 0.32895144437984336, -0.12775245329193932, -0.1409676693479898] - [0.03904635613186916, -0.053322499088706406, -0.03741839980775376, 0.05169530945587444]
A2: [-0.009108565265545751, -0.34680317430879276, 0.24945510093208864, 0.10645669091905446] - [0.08003982110907887, 0.036282251955804805, -0.05025011735046617, -0.06607196462825297] - [-0.04245192620051313, 0.23083287694330148, -0.04053028829402763, -0.1478468510629375] - [0.06813514685150376, -0.2934674469504621, 0.14177163969385165, 0.08356227313080225]
B1: 3.170000687359465e-08 - 1.228013191843487e-08 - -2.2190960849923446e-07 - -6.832063599366287e-08
B2: -6.129111741408712e-08 - -1.6937112654527e-07 - 1.231165832141895e-07 - -4.946451542728111e-08
