Number: 135
Error: 0.00017838512768695385
A1: [0.025596557685495666, 0.024841175187406563, 0.06072062305818179, 0.0498042957924989] - [0.08084624301235173, 0.2041492862811562, -0.13026855717027955, -0.09370992005279179] - [-0.05360628125740094, 0.46429212293923017, -0.006473264479896168, -0.22121660272256446] - [0.04495606435812524, 0.027595656047829653, 0.046469117857031776, 0.078069759565376]
A2: [0.20590318917566153, -0.1249306987566128, 0.051950597681890184, 0.04046874450272512] - [0.03826186201001889, 0.2099600685474369, -0.1153240751178124, -0.12402434436948712] - [-0.04438727476576344, 0.6225187200282007, -0.1947767173878692, -0.21959068749868502] - [0.029125845095056366, 0.02823437807940326, 0.03357185387544059, 0.03845043289941427]
B1: 0.00015480939053977988 - 0.12251222946610714 - 0.002536626996859483 - 0.0043536579548621775
B2: -0.00837286888863463 - 0.12746608075397783 - -0.013138362788937819 - -0.011162692347851
