Number: 3719
Error: 2.2242669216232583e-15
A1: [0.06621291935404691, -0.11395233617491321, -0.023984212401990175, 0.07172260626216133] - [0.03740261456861149, 0.18819337176738865, -0.14740894438001492, -0.07818700777842134] - [-0.06022948546723912, 0.3289506904994388, -0.1277532213766713, -0.1409684333016587] - [0.03904600625973906, -0.05332283117288487, -0.03741873829704155, 0.05169497371466367]
A2: [-0.009108337812106383, -0.34680293301514536, 0.24945533022634617, 0.10645692939294893] - [0.08003994521331302, 0.036282385651297336, -0.050249981711595504, -0.06607182783819796] - [-0.042452747266022224, 0.23083197076361472, -0.040531168181205585, -0.14784775913123893] - [0.06813495442018154, -0.29346765882511683, 0.1417714310797643, 0.08356205738067739]
B1: 9.318811327686198e-08 - 5.717404184040773e-08 - -1.1002397745112013e-07 - 3.289135169555815e-08
B2: 5.912522979249154e-08 - 4.148651697054325e-08 - 1.455509117595736e-08 - -5.751647777587796e-08
