Number: 8379
Error: 1.0418591335932872e-15
A1: [0.08043170810105325, -0.1804677873367428, -0.019588833584915494, 0.11962499515193932] - [0.03741552994518439, 0.13359633616429728, -0.13472623614700735, -0.03628587511817035] - [-0.0017028296513695272, 0.22819010586841523, -0.12282839326820807, -0.10365892086019288] - [0.0388632634894629, -0.11448098957362463, -0.04641641235396607, 0.12203425699521336]
A2: [0.03530741382108461, -0.029273505117990477, -0.07569737775243568, 0.06966337714138847] - [0.10289377851216999, 0.2828967293429262, -0.3926063693234045, 0.006816025157899348] - [-0.01118707332350016, 0.5390146175136061, -0.3594509902515122, -0.16837643646480646] - [0.0978628487381607, 0.0174633660501544, -0.1688509635550944, 0.05352493016390161]
B1: -1.2713234741625601e-08 - 5.6682294739013294e-09 - 3.448011004081393e-09 - 1.2446890367233656e-08
B2: 2.269022561131409e-08 - -3.649633208611802e-08 - 4.305240665875256e-09 - 2.828755331726513e-08
