Number: 9167
Error: 2.862678234378595e-07
A1: [0.05046891269682058, -0.15070960328021266, -0.029722017255133053, 0.11913667432364478] - [0.005020541719667842, 0.13053734090663724, -0.11392226850621442, -0.02284027369455678] - [-0.016598645670681006, 0.22095318598743177, -0.12919454400678027, -0.08373177214699488] - [0.026396187170202687, -0.10077256562201703, -0.05018870706165868, 0.12155724340650916]
A2: [0.09090171287219263, -0.0712941362982329, -0.12200269764591437, 0.10896013972177222] - [0.10896112411384326, 0.24993278497941943, -0.40473057944877583, 0.04631342002897685] - [0.03674478981772405, 0.4626561375873888, -0.3776210216607031, -0.12136887247524349] - [0.14441464699221618, -0.0436094303225474, -0.20052722019922087, 0.10369032812368228]
B1: -0.0004759485456758669 - -0.0006367305237829706 - -0.00046450625357578255 - -0.0008349837879574632
B2: 0.00031499898095490496 - -0.0009260622135652267 - -0.0002229600184873555 - 0.0001314440626854424
