Number: 1540
Error: 1.0864921712563497e-08
A1: [-0.007432666933998403, -0.01524133037120988, 0.0027418169708289222, 0.0192026160719983] - [0.06750162176147559, 0.1905337347981447, -0.14603759152111792, -0.10911160233589114] - [-0.11299998324645881, 0.44137847177126627, -0.0712217898312741, -0.2585486870725861] - [-0.024148515091464227, 0.01457844344693053, -0.0307298193072457, 0.038089194407599974]
A2: [0.1317914420147381, -0.22442659186942943, 0.02286832947982713, 0.07036153543822404] - [0.03274015303745329, 0.20384153264123583, -0.11479472198312844, -0.1213657119140199] - [-0.09452210368119765, 0.55563857484989, -0.23510388125209097, -0.2255369117272159] - [-0.020706046317010257, -0.019156142783004437, 0.00823779996393471, 0.032298289413099354]
B1: 0.000263391185873006 - 2.138652497201529e-05 - 0.00022435177678201482 - 0.0001818641909471612
B2: 0.00011668334587347448 - 0.00039353274510760017 - 0.00010591002301608477 - 6.455600683286137e-06
