Number: 4445
Error: 8.379160731355343e-16
A1: [0.06621308276165663, -0.11395217641898844, -0.023984049122612636, 0.07172276939553612] - [0.0374026730531331, 0.18819342764542646, -0.14740888688519982, -0.07818695027857048] - [-0.060229368346231216, 0.32895080298755913, -0.12775310676902643, -0.14096831931036952] - [0.03904613990914367, -0.05332270431784198, -0.037418608995727534, 0.051695101966076844]
A2: [-0.009108530137155148, -0.3468031370421222, 0.24945513634507674, 0.10645672775048648] - [0.08003973004526661, 0.03628215385362729, -0.05025021687803297, -0.06607206500151531] - [-0.0424527992188829, 0.2308319134251027, -0.040531223856011385, -0.14784781658910198] - [0.06813485365993997, -0.29346776976678646, 0.14177132184562635, 0.08356194440953177]
B1: 1.6042365799371081e-09 - -2.5359806875227168e-08 - -3.309287917243409e-09 - 1.8062696837192684e-08
B2: -5.0661810117266874e-08 - 4.403488416206085e-08 - 1.372451361677291e-08 - -6.199265922069932e-09
