Number: 2533
Error: 7.744702586095323e-09
A1: [0.06324496914808345, -0.04805632129255602, -0.023629005439967717, 0.007668029117047354] - [0.04335885757848542, 0.19097665469565037, -0.14287945897706367, -0.09284910240221647] - [-0.12367512608135105, 0.4146391714210462, -0.10508080291302094, -0.1872937115347343] - [0.036566455822556077, 0.018737766613287462, -0.033563429491166516, -0.023480996321106073]
A2: [0.06293367217512168, -0.17420157878212789, 0.08582183949311595, 0.02345870130141022] - [0.02838516083376147, 0.19940742054155053, -0.1026115198578377, -0.12875868825444375] - [-0.09324380370358609, 0.5138451561634947, -0.2254430936246914, -0.19493695096576594] - [-0.02617158921692652, 0.01828161029178331, -0.05054051054733865, 0.056736965694596846]
B1: -0.0002155815694113971 - -9.098164166266926e-05 - 0.0002510017832188653 - 0.00019064920924233552
B2: 6.988179975639161e-05 - 4.061677988511286e-05 - -2.304610497364859e-05 - 6.562163975451628e-05
