Number: 5962
Error: 2.840976666386716e-11
A1: [0.0804222368350303, -0.18047725770916803, -0.019598292229681756, 0.1196155257060377] - [0.03739393706335439, 0.13357475919785775, -0.1347477877058863, -0.03630745704100539] - [-0.0017235672317148748, 0.22816936898995852, -0.12284909921285808, -0.1036796522694595] - [0.038863106908871424, -0.11448114521734473, -0.046416567618526396, 0.12203410109055934]
A2: [0.0353071946654273, -0.029273728511651383, -0.0756975872910989, 0.06966314805191531] - [0.10291791517997857, 0.28292106771316555, -0.39258302619682417, 0.006841299050076835] - [-0.011155154357143152, 0.539046726998931, -0.3594207786432434, -0.16834280266033544] - [0.09787594650737685, 0.017476522266293346, -0.16883849586976246, 0.05353867857988199]
B1: -7.3656067908277245e-06 - -1.6901378058100802e-06 - 1.0830478520625397e-05 - 1.6144349367665695e-06
B2: -7.838558866426434e-06 - 6.757128870149325e-06 - 7.861068792061926e-06 - -9.867371552132181e-06
