Number: 420
Error: 6.322329929674096e-11
A1: [-0.012143881532066988, -0.014507399355364324, 0.018097798032283324, 0.008593263030897417] - [0.06584371054490333, 0.1895034136826688, -0.14531380766777197, -0.10999912461580774] - [-0.09625991028123239, 0.4218181429754715, -0.0534213459257547, -0.2719970961853143] - [-0.0012853869580429563, -0.01818451316344588, -0.003796668501175423, 0.023418485269893714]
A2: [0.16159723745782667, -0.16774445497787335, 0.008511638937585957, -0.0023228167429603496] - [0.03548007786394976, 0.20751116682521775, -0.11721604619398932, -0.12579755245756344] - [-0.08620629294341953, 0.5815452250240215, -0.2353816700179839, -0.25992849632463955] - [-0.0038347019719078505, -0.004519028694312293, 0.0011105199244289261, 0.007243646999664187]
B1: -1.6038100919794073e-06 - -5.9366174284902205e-08 - -5.343078832096153e-06 - 1.328005997953853e-06
B2: 3.4669482116576367e-06 - 2.9797938588559795e-06 - 6.055262594124893e-06 - 6.291508569388052e-06
