Number: 7099
Error: 1.0301541285661793e-15
A1: [0.08043169544356434, -0.1804677999927863, -0.019588846227220593, 0.11962498249591932] - [0.037415598566730275, 0.13359640473388257, -0.1347261676623303, -0.036285806534718926] - [-0.0017028049525155008, 0.2281901305667423, -0.12282836860551996, -0.10365889616794328] - [0.038863240182214376, -0.11448101281547068, -0.04641643564635035, 0.12203423370245162]
A2: [0.03530742637306221, -0.0292734925313503, -0.07569736581814243, 0.06966339027835568] - [0.10289370691720685, 0.28289665714030915, -0.39260643856918903, 0.006815950187584096] - [-0.011187078444871358, 0.5390146123617476, -0.3594509950990574, -0.16837644186130488] - [0.09786281708668469, 0.017463334254753007, -0.1688509936853431, 0.05352489694027846]
B1: -6.053908957693563e-09 - 1.9176274702707623e-08 - 2.8441083412295143e-09 - -3.4067688499945185e-09
B2: 1.3373034659111057e-09 - 1.4050873663106384e-09 - 7.964016277875466e-09 - 1.0346256118991331e-09
