Number: 9323
Error: 2.710438141134297e-10
A1: [0.05315771075390745, -0.1480161173771677, -0.027013868012270043, 0.12181297465567532] - [0.0052256923726831245, 0.13074857924306899, -0.11368875650556597, -0.02263792114366276] - [-0.014398815664626419, 0.22313729219335227, -0.12699555145444225, -0.08156025032823054] - [0.027096107420282862, -0.10007038987108466, -0.049474965168416284, 0.12224763641731438]
A2: [0.08919887745630017, -0.07296881918055832, -0.12368175867072197, 0.10723011476493478] - [0.1088654324639094, 0.24983789607459658, -0.4048220586368954, 0.04621358574070503] - [0.03661407455699055, 0.4625333750143904, -0.37773877887641216, -0.12149535276873825] - [0.1433642912015526, -0.044668539045138254, -0.2015602188563442, 0.10261679661906628]
B1: -4.4921644543108826e-05 - -1.3166901298962868e-06 - 9.263470667373005e-06 - 2.9000753638874157e-05
B2: -2.427699846647549e-05 - 1.615685271989147e-06 - -3.265332116213793e-05 - -1.3463756675639716e-05
