Number: 3813
Error: 1.0580235324774304e-15
A1: [0.06621322679051239, -0.1139520356086751, -0.023983905206775777, 0.07172291318267732] - [0.037402681869555435, 0.18819343606889793, -0.14740887821800414, -0.07818694161058784] - [-0.06022942994427073, 0.32895074382612505, -0.1277531670451828, -0.14096837926239195] - [0.03904622477500116, -0.05332262376646449, -0.03741852689090234, 0.051695183404201754]
A2: [-0.009108595121233567, -0.34680320598008224, 0.24945507083524926, 0.10645665961825321] - [0.08003981045042374, 0.036282240472971725, -0.05025012899982398, -0.0660719763771374] - [-0.04245283834291783, 0.23083187024538102, -0.040531265782916714, -0.1478478598588824] - [0.06813475864475259, -0.2934678743825939, 0.14177121884007887, 0.08356183788002489]
B1: 4.883204641257329e-09 - 3.3889725224338135e-08 - 4.236085801848247e-09 - 1.4446530348082031e-08
B2: 2.616092961904903e-08 - 3.186172266980362e-08 - -3.12661876804293e-08 - 9.633543078046936e-09
