Number: 3472
Error: 3.016894280344652e-09
A1: [0.06614197547521687, -0.1140217114298331, -0.024055121859446364, 0.07165177523069029] - [0.03731250799159267, 0.18810727663198604, -0.14749749053708947, -0.07827559856897419] - [-0.05994781032600076, 0.32922120147014405, -0.1274775444556858, -0.14069431553584927] - [0.03922782071015409, -0.05315024844340151, -0.0372427619592552, 0.05186946471687195]
A2: [-0.009218965174212855, -0.34692027656187974, 0.24934379311091984, 0.10634098266029544] - [0.08013027682039744, 0.036379691226775805, -0.05015124451416749, -0.06597223654815261] - [-0.042575085871308725, 0.23069688787939743, -0.04066234223502054, -0.1479831315182019] - [0.06800808230361577, -0.2936073462561782, 0.14163390937043083, 0.08341982264506922]
B1: -2.077167167157444e-05 - -5.558545745656941e-07 - 3.8698231648224536e-05 - -6.422943115316592e-05
B2: -7.462055213652263e-05 - 0.0001364886790262007 - 8.76958588050182e-05 - -1.2318163290847593e-05
