Number: 790
Error: 7.996346517237664e-13
A1: [-0.012153280710788809, -0.014517053907441502, 0.018087408432783256, 0.008583218232291068] - [0.06583673513777676, 0.18949670356209092, -0.14532101968355873, -0.11000689096969825] - [-0.09629316369786617, 0.4217860032508471, -0.05345743055783213, -0.27203583868403935] - [-0.0013179275396054708, -0.018215808933429035, -0.0038313076959964154, 0.023380873031085648]
A2: [0.16158556443070002, -0.16775590786791517, 0.00850020082674624, -0.002334196802244007] - [0.0354863263377882, 0.20751731489875602, -0.11720982393028563, -0.12579143984384755] - [-0.08621440009773455, 0.5815372838941769, -0.2353895589794981, -0.2599364023435358] - [-0.0038352489173647743, -0.004519566742071116, 0.0011099781428504912, 0.007243123337443329]
B1: -8.080088201380964e-07 - -9.879963304982266e-07 - -1.1373048267390331e-06 - -5.329765604508742e-07
B2: -6.286088483083852e-08 - -1.4255725298794872e-06 - 1.2134755365535836e-06 - -3.237240886313044e-06
