Number: 6556
Error: 9.1226609076057e-16
A1: [0.08043168476453778, -0.18046781067060425, -0.019588856893480798, 0.11962497181811169] - [0.037415578694166646, 0.13359638487635778, -0.13472618749530013, -0.03628582639627476] - [-0.0017027995096720334, 0.22819013600947427, -0.12282836317064415, -0.10365889072655175] - [0.0388632159486037, -0.11448103698107498, -0.046416459864519456, 0.12203420948390259]
A2: [0.035307427086237214, -0.029273491816204075, -0.0756973651400611, 0.06966339102476574] - [0.10289373513748991, 0.28289668560009446, -0.39260641127489593, 0.006815979738329581] - [-0.011187116546808302, 0.5390145740325615, -0.35945103116337573, -0.16837648201062846] - [0.09786279140885049, 0.017463308460120293, -0.16885101812897968, 0.05352486998691239]
B1: -1.0221152199654908e-09 - -1.6485208831467338e-09 - -2.6768494574607263e-09 - -3.986197110937038e-09
B2: -3.1892941585373964e-09 - -9.87483765505396e-09 - 1.52085131795327e-08 - -1.3043046617057227e-08
