Number: 4455
Error: 7.421448119230658e-16
A1: [0.06621317861168126, -0.11395208271088648, -0.023983953347809773, 0.07172286508469666] - [0.037402627011716934, 0.18819338365597282, -0.14740893214744252, -0.07818699554481524] - [-0.06022943329162437, 0.3289507406110695, -0.12775317032076502, -0.1409683825202929] - [0.03904616819168834, -0.053322677473108204, -0.037418581633305574, 0.051695129106322506]
A2: [-0.009108623994451864, -0.34680323660999574, 0.24945504172837246, 0.10645662934627464] - [0.08003979543653453, 0.0362822242987469, -0.05025014540911321, -0.06607199292574045] - [-0.042452822040740135, 0.2308318882375014, -0.04053124831280463, -0.14784784182919658] - [0.06813474479475658, -0.2934678896320206, 0.14177120382533007, 0.08356182235164827]
B1: 1.3661845414592739e-08 - -9.115555448398079e-09 - 8.132662240014768e-09 - 1.373931966717729e-10
B2: -1.1609725762641838e-08 - 7.859719420059536e-09 - 9.909181104896325e-09 - -5.79295551798822e-09
