Number: 1166
Error: 2.4325082465327054e-07
A1: [-0.0048553498133106845, -0.012621322682652435, 0.005426960133793995, 0.02184134028068984] - [0.06819334872079368, 0.19119806397588487, -0.14532264201617126, -0.10833832512715945] - [-0.1089927723873314, 0.44533144075237113, -0.06703602467540519, -0.2542151189625151] - [-0.01801760213842555, 0.02063253873889025, -0.024437170887728888, 0.044557178691699374]
A2: [0.13269719616723988, -0.22354010612310019, 0.02376506346032496, 0.07125607280945329] - [0.032461155636888214, 0.20357189645025298, -0.11507013568458786, -0.12164335820177494] - [-0.09327548559858549, 0.5568584554390031, -0.23387027695111823, -0.22431887267726022] - [-0.019264753228177996, -0.017749925014961768, 0.009668765605284652, 0.033685964384745144]
B1: 0.00012233267445045887 - 0.0008033900437377339 - 0.00012645681062830103 - -8.561285430219885e-05
B2: -0.0003378925623056698 - 0.0011572548464228998 - 0.0001602887654065028 - 0.0005474605337057271
