Number: 7599
Error: 6.07636295504418e-16
A1: [0.08043171268507503, -0.18046778275323683, -0.01958882900633678, 0.11962499973545432] - [0.03741561799712531, 0.1335964241495676, -0.13472614827065202, -0.03628578711509056] - [-0.0017027891092313602, 0.228190146409688, -0.12282835278543389, -0.10365888032888544] - [0.03886325993769127, -0.11448099311544534, -0.04641641590347334, 0.1220342534456419]
A2: [0.035307434738869166, -0.02927348414239542, -0.07569735786404622, 0.06966339903407853] - [0.10289372977228627, 0.28289668018936864, -0.3926064164640515, 0.0068159741201999635] - [-0.011187114229362785, 0.5390145763638207, -0.3594510289698683, -0.16837647956864932] - [0.09786279385068819, 0.017463310913069057, -0.16885101580451914, 0.05352487255005942]
B1: 2.980820620221873e-09 - 7.06374987322199e-09 - 1.2179715222615703e-08 - 8.950932206604862e-09
B2: 9.55523824637139e-09 - 1.197100971297077e-08 - 1.136137378853755e-08 - 9.531478640467874e-09
