Number: 6822
Error: 1.0721785771262654e-15
A1: [0.08043167491329266, -0.18046782052073282, -0.01958886673294784, 0.11962496196799131] - [0.03741556641456972, 0.13359637260605603, -0.1347261997504308, -0.03628583866907013] - [-0.001702853032917532, 0.22819008248736808, -0.12282841661552253, -0.10365894423551252] - [0.03886320903644679, -0.11448104387383184, -0.04641646677227333, 0.12203420257604083]
A2: [0.03530748510801461, -0.02927343363394692, -0.0756973099737034, 0.06966345175085609] - [0.10289378149874726, 0.2828967323548242, -0.3926063664348981, 0.006816028285344357] - [-0.011187097033476746, 0.5390145936622782, -0.3594510126935803, -0.16837646144875235] - [0.09786283737805458, 0.017463354638421323, -0.16885097436927723, 0.05352491823961557]
B1: -8.54471319143073e-09 - 4.2884109608074294e-09 - -2.0513405070610374e-08 - -1.0493560153055879e-08
B2: -2.9343785071930244e-09 - -9.890786093188206e-09 - -1.5929645792511247e-08 - -1.017119554002502e-08
