Number: 2812
Error: 1.2182254482903702e-08
A1: [0.06346338895875218, -0.04784344808374743, -0.023415150247907104, 0.00788376317643341] - [0.04369795725418103, 0.19130579203298037, -0.14252706245708033, -0.09247201816393184] - [-0.12325721840470043, 0.4150478405612873, -0.10467091885656651, -0.18688570999987655] - [0.03701524201744475, 0.01917855062670394, -0.03312134767688135, -0.02304087370089938]
A2: [0.06421375621238416, -0.1729171917901852, 0.08709385462727359, 0.02472051935309386] - [0.029443374421335985, 0.20044989226239807, -0.10155716441897573, -0.12772277366862236] - [-0.09313784262891311, 0.5139489717638301, -0.2253333155150665, -0.19483440636333862] - [-0.02523632069920918, 0.019207884294868815, -0.049595723318302636, 0.05765011917826276]
B1: 0.00014185616223531748 - 0.00016018496323434866 - -2.280275807960787e-05 - -7.977513098866573e-05
B2: -5.50032319898431e-05 - 3.895354276473876e-05 - -7.435147034946587e-05 - -6.929597955490844e-05
