Number: 6695
Error: 6.968327727438297e-16
A1: [0.08043166996083546, -0.18046782547262993, -0.019588871679482273, 0.11962495701610017] - [0.03741556550284376, 0.13359637169501998, -0.13472620066033972, -0.036285839580290906] - [-0.0017028338194338907, 0.22819010170044168, -0.12282839743016986, -0.10365892502715628] - [0.03886320354128675, -0.11448104935357042, -0.046416472263931356, 0.12203419708429632]
A2: [0.03530743099606153, -0.029273487895565577, -0.07569736142265215, 0.06966339511682337] - [0.10289377035533719, 0.2828967211168406, -0.3926063772126589, 0.006816016616569138] - [-0.011187148957796982, 0.5390145414282522, -0.3594510618410693, -0.16837651616323177] - [0.09786278093120045, 0.017463297934810267, -0.1688510281030219, 0.05352485898878829]
B1: -8.097080432151088e-09 - 5.358632841573455e-09 - -2.4360905299203412e-08 - -1.3217848303526813e-08
B2: -6.839139445050753e-09 - -9.776683690908755e-09 - -6.676133270696656e-11 - -1.5148684193390073e-08
