Number: 9991
Error: 8.575877905956785e-16
A1: [0.05317245931659996, -0.14800136183278695, -0.026999138044199237, 0.12182773111467401] - [0.005313645120807662, 0.1308366194941522, -0.1136008184570596, -0.02254983817759002] - [-0.014444520179727742, 0.2230915772104766, -0.12704122316539906, -0.08160597661760148] - [0.027146380573305675, -0.10002011756068442, -0.049424588089891114, 0.12229804067913026]
A2: [0.08925457960490157, -0.07291325227881583, -0.12362730516182566, 0.10728650283293695] - [0.10884182391098415, 0.24981427624007096, -0.4048451963051347, 0.046189576800422676] - [0.036635972831426576, 0.4625551601067196, -0.37771741015779525, -0.12147322618549353] - [0.1434265413575748, -0.044606515567422636, -0.20149942987220912, 0.10267997225595507]
B1: -1.5632064500866564e-08 - 2.1692912037881973e-09 - -7.466998137543772e-09 - -1.8336728995134352e-08
B2: -1.277731496949356e-08 - -1.8081139228612468e-08 - 1.2026621166666048e-10 - -1.5014231366482028e-09
