Number: 6249
Error: 1.1621040988911317e-15
A1: [0.080431657009466, -0.1804678384225285, -0.019588884615364472, 0.11962494406621262] - [0.03741555864757037, 0.13359636484493792, -0.13472620750195288, -0.03628584643176334] - [-0.0017028308467341342, 0.22819010467308318, -0.12282839446182457, -0.10365892205524815] - [0.03886321400311966, -0.11448103892109605, -0.046416461808764936, 0.12203420753963036]
A2: [0.03530743285037289, -0.029273486036128, -0.07569735965958968, 0.06966339705755707] - [0.10289372102655385, 0.28289667136939634, -0.39260642492280484, 0.006815964962106309] - [-0.01118714557687067, 0.5390145448293462, -0.3594510586409381, -0.16837651260065165] - [0.09786279032768068, 0.017463307374031598, -0.16885101915817774, 0.05352486885202849]
B1: 5.5170084789702185e-09 - -8.22524838398354e-09 - -1.4714879105924802e-09 - -4.575541949145045e-09
B2: -8.00742972824202e-09 - -6.271054758286891e-09 - 5.8471519552280435e-09 - 1.3630453813628266e-10
