Number: 2333
Error: 1.4446444822229925e-05
A1: [0.0618329108935019, -0.05241098299751894, -0.030353609706572172, 0.004016725613349672] - [0.0462688187973464, 0.1937458363582605, -0.14023285173013156, -0.08901846046362018] - [-0.13279146915729098, 0.4065071632938133, -0.11362653397352473, -0.1956132362819285] - [0.028167493634692543, 0.011404187156242213, -0.040186665334587215, -0.03122137778453509]
A2: [0.028090396023166295, -0.20733707090435088, 0.05246464541344784, -0.01089313057608287] - [0.027335603679883205, 0.1982971353511545, -0.10372205048444853, -0.12982993340411284] - [-0.0474795511192633, 0.557870375415048, -0.1800398169800839, -0.15104442220948977] - [-0.02240449627230466, 0.021937821810487416, -0.0459440131910827, 0.06149538786086632]
B1: -0.0030752033117879443 - 0.0031080115505442065 - -0.006027161478966692 - 0.015787456326474616
B2: 0.006901367805908367 - -0.00555675006736592 - 0.006429789587015533 - 0.005770207739372046
