Number: 1036
Error: 5.311944927809265e-05
A1: [0.005040663484535095, -0.009863688013145067, 0.015091873912435416, 0.02335876785243691] - [0.050913352073294726, 0.17475316032784297, -0.16339312481601337, -0.12756499585996686] - [-0.07177462437286716, 0.4588792645710333, -0.03977370961429528, -0.2358376880346964] - [-0.09472832081264446, -0.07172913851941286, -0.10502912931687863, -0.05275750285168053]
A2: [0.09856157460158349, -0.24560926196717156, -0.02599247725273893, 0.015085194112635002] - [0.044930479013689406, 0.21564940336338687, -0.10300058421215305, -0.11145283994613304] - [-0.15176885683382646, 0.5118014872698528, -0.28507581232416884, -0.2974735402189213] - [-0.04115204908937612, -0.0395806498531121, -0.017697099266929972, 0.005198591548277003]
B1: -0.0022891205751519057 - 0.018158128187991784 - -0.0013995221042811166 - -0.00510932039535334
B2: -0.0026948995840912135 - -0.014412103468990276 - 0.024380046134851653 - 0.002598448884401342
