Number: 4581
Error: 1.0645648968752792e-15
A1: [0.06621313144964752, -0.11395212881900882, -0.02398400047283985, 0.07172281800178737] - [0.037402519183334794, 0.18819328063325644, -0.1474090381510228, -0.07818710155777936] - [-0.06022944796021825, 0.3289507265227448, -0.12775318467456626, -0.1409683967967439] - [0.039046118917986566, -0.05332272424187917, -0.03741862930398705, 0.051695081822664316]
A2: [-0.00910861274137889, -0.3468032246722429, 0.24945505307245958, 0.10645664114447917] - [0.08003982008371821, 0.036282250850823684, -0.05025011847112496, -0.06607196575905631] - [-0.042452853475321455, 0.23083185354439842, -0.04053128199921884, -0.14784787659462306] - [0.06813487255299461, -0.29346774896480454, 0.14177134232725228, 0.08356196559205784]
B1: 4.311884685664047e-09 - -2.0479464083451105e-08 - -2.9572828509018032e-08 - 2.5545353953627132e-08
B2: 5.791514795051665e-09 - -1.5537400095814094e-08 - -2.3124710220559677e-09 - -3.791467607717012e-09
