Number: 4693
Error: 5.726730247148352e-16
A1: [0.06621313714577672, -0.11395212325016231, -0.023983994781181902, 0.07172282368835364] - [0.0374025758747495, 0.1881933347980719, -0.1474089824190121, -0.07818704582083352] - [-0.06022930295236195, 0.32895086579479876, -0.12775304277841784, -0.1409682556637702] - [0.03904604547817955, -0.05332279394824226, -0.037418700354588275, 0.0516950113489678]
A2: [-0.009108678026501334, -0.3468032939294756, 0.24945498725900367, 0.10645657269661218] - [0.0800399041414724, 0.03628234140505876, -0.050250026600828175, -0.06607187310867184] - [-0.04245283825842222, 0.23083187033869948, -0.04053126569221122, -0.14784785976533313] - [0.06813478375851023, -0.29346784673130444, 0.1417712460654831, 0.08356186603713223]
B1: 3.61914780120758e-08 - 2.0548206924570263e-08 - 1.4755382577140657e-08 - 2.98845554338161e-08
B2: 7.070682387727013e-09 - 1.2901907049231059e-08 - 7.65404565887528e-08 - 7.029639861307365e-09
