Number: 6174
Error: 1.056927122363591e-15
A1: [0.08043161017022972, -0.18046788525645985, -0.01958893139859446, 0.11962489723232612] - [0.037415502815764085, 0.1335963090553887, -0.13472626322251263, -0.03628590223264165] - [-0.0017027933467252893, 0.22819014217229192, -0.1228283570167216, -0.10365888456524794] - [0.03886324286849118, -0.114481010136732, -0.04641643296178663, 0.1220342363870609]
A2: [0.0353073769259755, -0.02927354211520594, -0.0756974128317608, 0.06966333852657182] - [0.10289373539766876, 0.2828966858624815, -0.39260641102325416, 0.006815980010770265] - [-0.011187174606880708, 0.5390145156261833, -0.3594510861184576, -0.16837654319061612] - [0.09786277535335135, 0.01746329233158867, -0.1688510334127624, 0.05352485313384749]
B1: 1.307233794163113e-08 - 5.33642186070622e-09 - 2.023615096616585e-08 - 1.0822753490623172e-09
B2: -1.1000486183088718e-08 - -2.3923831045330797e-08 - 4.957845169851848e-08 - 4.432755550754435e-08
