Number: 5525
Error: 6.188933005220296e-11
A1: [0.06621311538377392, -0.11395214451491448, -0.023984016522977224, 0.07172280196442339] - [0.03740552483003637, 0.1881961523609045, -0.14740608335697397, -0.078184146506889] - [-0.060239377824349565, 0.32894118941177575, -0.1277629014599132, -0.14097806131996385] - [0.03903685789722428, -0.05333151451742694, -0.037427589066301704, 0.05168619480717847]
A2: [-0.009116714965331679, -0.34681181984253545, 0.24944688530463385, 0.10644814639411652] - [0.08003763128674826, 0.036279892891720476, -0.05025251069493204, -0.06607437830188109] - [-0.0424584628254776, 0.2308256627415646, -0.040537293170764335, -0.1478540803332699] - [0.06812888069680074, -0.29347434623393853, 0.14176484660907232, 0.08355524761812466]
B1: 5.0178373406455306e-06 - 5.630242524805506e-06 - 5.04085312005158e-06 - 5.003433838732023e-06
B2: -3.1818253039330997e-06 - -6.050337150712724e-06 - -1.1381275102241048e-06 - 4.2167624072793325e-07
