Number: 8385
Error: 9.33964169300585e-16
A1: [0.08043170880171906, -0.18046778663615456, -0.019588832885086248, 0.11962499585252678] - [0.03741552907109901, 0.13359633529086964, -0.13472623701935374, -0.03628587599177524] - [-0.0017028297279123132, 0.22819010579187393, -0.12282839334463892, -0.10365892093671542] - [0.038863264374805764, -0.11448098869076398, -0.046416411469185716, 0.12203425788000821]
A2: [0.03530737718291145, -0.029273541857496255, -0.07569741258762473, 0.0696633387956508] - [0.10289381112210227, 0.2828967622296137, -0.39260633778347037, 0.006816059305211572] - [-0.011187074516010831, 0.5390146163139835, -0.35945099138025205, -0.16837643772139363] - [0.09786284110880332, 0.01746335838609672, -0.16885097081776362, 0.05352492215557731]
B1: -9.462817297485495e-09 - -3.3906672639576465e-10 - 8.202000007331743e-09 - 2.558792379604254e-08
B2: 2.1952851793139676e-08 - -3.564956427667844e-08 - 3.2735354433267267e-09 - 2.6561182462477938e-08
