Number: 4399
Error: 9.610997929215227e-16
A1: [0.06621314801738493, -0.11395211262150036, -0.023983983918092696, 0.0717228345417531] - [0.03740264775833136, 0.18819340347795419, -0.14740891175193224, -0.07818697514750231] - [-0.06022938102663332, 0.32895079080873263, -0.1277531191773192, -0.14096833165192976] - [0.03904604753397366, -0.053322791996888115, -0.037418698365628215, 0.05169501332182614]
A2: [-0.00910855663231845, -0.34680316514933496, 0.24945510963554252, 0.10645669997176858] - [0.080039883124289, 0.0362823187635552, -0.050250049571413984, -0.06607189627426131] - [-0.042452787425058626, 0.23083192644148962, -0.040531211217291176, -0.14784780354558846] - [0.06813466247045884, -0.2934679802745963, 0.1417711145779019, 0.08356173005096687]
B1: -2.115690481433717e-08 - 3.379214294119685e-08 - 2.044022673095073e-08 - -3.301662449834575e-08
B2: -5.67626239903945e-08 - 3.9260481394545604e-08 - -5.062078220606962e-09 - 1.0500182417416088e-08
