Number: 8075
Error: 6.594618647479133e-16
A1: [0.08043170759194793, -0.18046778784578518, -0.019588834093372396, 0.11962499464291364] - [0.037415584391746595, 0.13359639056962647, -0.1347261818090093, -0.03628582070182823] - [-0.00170281026222689, 0.22819012525714408, -0.12282837390745079, -0.10365890147623055] - [0.03886325050632215, -0.11448100252034342, -0.046416425328823174, 0.12203424402014211]
A2: [0.03530738011675207, -0.02927353891559263, -0.07569740979813865, 0.0696633418661872] - [0.10289382446212518, 0.28289677568283295, -0.39260632488119673, 0.0068160732741801115] - [-0.011187115445540791, 0.5390145751403685, -0.359451030121016, -0.16837648085017332] - [0.09786287288568937, 0.01746339030754487, -0.16885094056819816, 0.05352495551094576]
B1: 1.604831932976377e-08 - -2.7580695931404042e-08 - 1.2698842782621818e-08 - -1.9836176484190883e-08
B2: 2.95629450299982e-09 - -1.3181716909306228e-08 - 4.4230729793312904e-11 - -5.689133562850473e-09
