Number: 6309
Error: 5.726885155410414e-16
A1: [0.08043164955420368, -0.18046784587694656, -0.019588892061712215, 0.11962493661180175] - [0.03741555349006406, 0.13359635969133551, -0.13472621264918166, -0.03628585158641232] - [-0.0017028400863624328, 0.22819009543365154, -0.12282840368792507, -0.1036589312924109] - [0.038863204891837096, -0.11448104800680908, -0.04641647091424178, 0.12203419843401046]
A2: [0.035307411463877246, -0.029273507481776602, -0.07569737999358782, 0.06966337467425812] - [0.10289380478382466, 0.28289675583752905, -0.39260634391388644, 0.006816052668241643] - [-0.011187110752734587, 0.5390145798611948, -0.35945102567915693, -0.16837647590521748] - [0.09786284143531325, 0.01746335871413748, -0.16885097050704412, 0.05352492249843485]
B1: 1.986982436627674e-08 - 1.6269323817638295e-08 - 4.205855238596079e-08 - 1.346324350680137e-08
B2: 1.703209178267486e-08 - 1.9032041835964306e-08 - 3.074914356882338e-08 - 2.362259218927981e-08
