Number: 8288
Error: 8.984797427143576e-16
A1: [0.08043170152922853, -0.1804677939078368, -0.019588840148892766, 0.11962498858085402] - [0.03741560012037692, 0.1335964062863971, -0.13472616611162852, -0.03628580498184471] - [-0.0017028150137762452, 0.228190120505688, -0.12282837865205358, -0.10365890622652106] - [0.03886325136551291, -0.11448100166356548, -0.04641642447020188, 0.12203424487878728]
A2: [0.035307587039392324, -0.029273331420603607, -0.07569721305832988, 0.06966355843276946] - [0.1028937721290098, 0.28289672290557544, -0.39260637549713073, 0.006816018473812275] - [-0.011187056782021433, 0.5390146341537446, -0.3594509745946155, -0.1683764190345028] - [0.0978626670188819, 0.017463183504339588, -0.16885113654042408, 0.05352473941820713]
B1: -3.2745604771295874e-08 - 4.187111846477924e-08 - -4.5888231982344116e-08 - -2.5148141634992053e-08
B2: -1.692226409688971e-08 - -2.3237948567869836e-08 - -1.0463266168155932e-08 - -1.787851202918669e-08
