Number: 7464
Error: 1.2298735189490741e-15
A1: [0.08043173528117038, -0.1804677601596994, -0.01958880643725858, 0.11962502232897068] - [0.03741563985683181, 0.13359644599273005, -0.13472612645450205, -0.036285765267492456] - [-0.0017027700944328898, 0.22819016542408288, -0.12282833379847356, -0.10365886131915879] - [0.03886328322280945, -0.11448096989567283, -0.04641639263319254, 0.12203427671628934]
A2: [0.0353074593647346, -0.02927345944841881, -0.07569733445007262, 0.06966342480770216] - [0.10289376470633327, 0.2828967154199007, -0.3926063826762861, 0.006816010701234723] - [-0.011187048869494558, 0.5390146421135282, -0.3594509671052889, -0.1683764106967208] - [0.09786283170421321, 0.017463348938774097, -0.16885097977039173, 0.05352491228391307]
B1: 2.5502383867572925e-09 - 1.2929869079001418e-08 - 9.591572257909006e-09 - 1.1070315210737448e-08
B2: 8.769370103433628e-09 - 1.1498721049834693e-08 - 1.0002879266724944e-08 - 8.867536586912323e-09
