Number: 7737
Error: 9.505847753118368e-16
A1: [0.0804316569812289, -0.18046783845077485, -0.01958888464356247, 0.11962494403797971] - [0.03741555368493157, 0.13359635988604562, -0.13472621245468874, -0.0362858513916523] - [-0.0017028612375686758, 0.22819007428288865, -0.12282842480815466, -0.10365895243796736] - [0.0388632072832718, -0.11448104562209929, -0.046416468524326265, 0.12203420082395633]
A2: [0.03530741067883692, -0.02927350826897234, -0.07569738074004395, 0.06966337385267392] - [0.10289368906762997, 0.2828966391392548, -0.39260645583308157, 0.006815931496507678] - [-0.011187139697887304, 0.5390145507433913, -0.3594510530764008, -0.16837650640569846] - [0.0978627698978259, 0.01746328685125572, -0.16885103860611364, 0.05352484740737643]
B1: 6.025711937686039e-11 - -2.9841367107213834e-09 - 4.950366555910494e-09 - 3.935371748393626e-09
B2: 9.866070198898491e-09 - -2.125891624566414e-08 - 5.802858194119142e-09 - 8.365589024672357e-09
