Number: 7185
Error: 1.1123048457503746e-15
A1: [0.080431706787196, -0.18046778865044066, -0.019588834897155162, 0.11962499383825395] - [0.03741560957823442, 0.13359641573705244, -0.13472615667276822, -0.03628579552931534] - [-0.0017028294948279415, 0.22819010602496279, -0.12282839311188407, -0.10365892070369784] - [0.03886325909549911, -0.11448099395526827, -0.04641641674512494, 0.12203425260397735]
A2: [0.03530750608741662, -0.02927341259651844, -0.07569729002673747, 0.06966347370805166] - [0.10289372663388488, 0.28289667702432464, -0.39260641949947095, 0.006815970833825323] - [-0.011187163964633538, 0.5390145263318995, -0.3594510760453884, -0.16837653197644337] - [0.097862804287978, 0.01746332139782928, -0.16885100586888663, 0.053524883505804005]
B1: 2.9377889639374533e-08 - -1.2906125489719452e-08 - -1.452210052771841e-08 - 7.251146709268168e-09
B2: 6.278607721722698e-09 - 5.697547452896321e-09 - -1.3482561579068704e-08 - 1.0757443062560747e-08
