Number: 5157
Error: 6.868948427673156e-16
A1: [0.06621313784672342, -0.11395212256488305, -0.023983994080790435, 0.07172282438811957] - [0.037402593136308726, 0.18819335129036324, -0.1474089654495321, -0.07818702884985888] - [-0.06022941520897979, 0.3289507579783321, -0.12775315262614054, -0.14096836492066447] - [0.0390461390304599, -0.05332270515181279, -0.037418609845790464, 0.051695101122827554]
A2: [-0.009108614162839802, -0.3468032261800273, 0.24945505163933895, 0.10645663965436133] - [0.08003982317136643, 0.03628225417712855, -0.05025011509640667, -0.06607196235573587] - [-0.042452839828311065, 0.23083186860610722, -0.04053126737454248, -0.1478478615015172] - [0.06813476302951889, -0.2934678695547662, 0.1417712235932799, 0.08356184279623248]
B1: -6.578134305272646e-08 - -6.340410438977842e-09 - 1.7365839135496939e-09 - -8.86864086682544e-09
B2: -5.465631491261921e-09 - -6.102892454723365e-09 - -6.89472228176251e-08 - -6.087799052353371e-09
