Number: 4390
Error: 1.1477486808415602e-15
A1: [0.06621316182613421, -0.11395209912133551, -0.023983970120186313, 0.0717228483273283] - [0.03740263588514776, 0.18819339213393355, -0.14740892342418044, -0.07818698682078605] - [-0.06022940812560404, 0.3289507647816628, -0.12775314569477253, -0.14096835802676275] - [0.039045964447563655, -0.05332287085937971, -0.037418778748950964, 0.0516949335911826]
A2: [-0.009108656344206614, -0.3468032709280189, 0.24945500911688198, 0.10645659542933832] - [0.08003989703469654, 0.036282333749046006, -0.050250034368134654, -0.06607188094189055] - [-0.04245272613966639, 0.23083199407981178, -0.040531145541472545, -0.14784773576630797] - [0.06813467562929428, -0.2934679657861494, 0.141771128843347, 0.08356174480445114]
B1: 3.3863463413650415e-08 - 2.3692777770895843e-08 - 3.028228389071944e-08 - -4.754336366903355e-08
B2: -4.823278774249537e-08 - 4.1904930480762416e-08 - 1.0252197019990639e-08 - 5.1605941288894586e-08
