Number: 2052
Error: 0.000292847422293833
A1: [0.08689906185655487, 0.07624705428248268, 0.09550708738390257, 0.11477287801030794] - [0.034901935182435756, 0.16036745686035067, -0.17968758479386843, -0.14732519552368456] - [-0.2021611710518967, 0.33993300259463616, -0.17067276491025998, -0.3503264362934552] - [0.014946410666707516, 0.05882449218395611, 0.012111341596886163, 0.07237783343159593]
A2: [0.20796843835098927, -0.14718157748315683, 0.08780820836455872, 0.15010464413728922] - [-0.015616673813864161, 0.15316376252816408, -0.16461561877230213, -0.16987239104549273] - [-0.045973644941714145, 0.602821611273772, -0.1782728078346809, -0.18235704138268038] - [0.01146200056114327, 0.023885445205556938, 0.03264286320255617, 0.07668242887219229]
B1: 0.008060652343088337 - -0.02732139986880488 - 0.022073912012441244 - 0.02182463325850926
B2: -0.006429175385289369 - 0.05877361310673014 - -0.010416996884098289 - 0.02015120062884528
