Number: 4487
Error: 8.39626226015255e-16
A1: [0.06621317366741933, -0.11395208754466103, -0.023983958288194163, 0.07172286014872656] - [0.037402622795588834, 0.18819337962774552, -0.14740893629222096, -0.07818699968996] - [-0.060229285467133166, 0.32895088258840405, -0.12775302566839622, -0.14096823864593097] - [0.03904617799664258, -0.05332266816661159, -0.03741857214733679, 0.051695138515263306]
A2: [-0.009108716582477696, -0.34680333483135267, 0.24945494839119173, 0.10645653227283837] - [0.08003983318557706, 0.03628226496527383, -0.05025010415156473, -0.06607195131787016] - [-0.04245273068884329, 0.2308319890590367, -0.040531150416532276, -0.14784774079753554] - [0.06813467274555278, -0.29346796896127303, 0.1417711257170461, 0.0835617415712582]
B1: 3.305362190579614e-08 - 1.1518295460974688e-08 - 3.379326150033608e-08 - -3.5965713418508706e-08
B2: -8.063856067035862e-09 - -1.0871790491783215e-08 - 3.277965667513152e-08 - -8.999424482793324e-09
