Number: 7363
Error: 1.067006670197323e-15
A1: [0.08043164322581038, -0.18046785220462908, -0.019588898382539893, 0.11962493028412872] - [0.037415567427008835, 0.13359637361773, -0.13472619874000272, -0.036285837657189415] - [-0.00170287944295662, 0.22819005607789108, -0.12282844298689168, -0.10365897063850031] - [0.038863209250375765, -0.1144810436605084, -0.046416466558484214, 0.12203420278983489]
A2: [0.035307452360713455, -0.02927346647181921, -0.07569734110941614, 0.06966341747724097] - [0.10289372602782292, 0.28289667641311966, -0.39260642008564645, 0.006815970199193946] - [-0.01118707873321406, 0.539014612071683, -0.35945099537197034, -0.1683764421651478] - [0.09786276753581087, 0.017463284478490913, -0.16885104085459104, 0.053524844928013855]
B1: -2.364854806722044e-08 - -1.4681991624640075e-08 - -1.1315512048371119e-08 - 1.6916999373643122e-09
B2: -1.4717306993432926e-08 - -2.606420696433747e-11 - -2.989625571275831e-08 - -1.9253218853595863e-09
