Number: 7045
Error: 1.1125170338397127e-15
A1: [0.08043169562635999, -0.18046779981001154, -0.019588846044643483, 0.11962498267869409] - [0.037415597770517575, 0.13359640393827196, -0.1347261684569569, -0.036285807330490735] - [-0.0017028128557088546, 0.2281901226637184, -0.1228283764971408, -0.10365890406902707] - [0.038863236226202656, -0.11448101676038001, -0.04641643959984113, 0.12203422974889871]
A2: [0.03530738729431729, -0.029273531718180812, -0.07569740297371744, 0.0696633493782149] - [0.10289377279973763, 0.2828967235819895, -0.39260637484846084, 0.006816019176211906] - [-0.01118707181675293, 0.5390146190293998, -0.3594509888254003, -0.1683764348770244] - [0.09786279286181765, 0.01746330991969608, -0.1688510167458515, 0.053524871512058154]
B1: -1.3765325693265414e-08 - 7.762405212171991e-09 - 1.047217573108257e-08 - -2.289737745807579e-09
B2: -2.174948975381725e-11 - -1.3308979500871526e-09 - 6.397392415714917e-09 - -3.6659192376320623e-09
