Number: 3112
Error: 3.1745225322355894e-06
A1: [0.06290110200143954, -0.04855580051693634, -0.02416094526419444, 0.007215417170296176] - [0.04174095624713373, 0.1893445736041123, -0.1446112054162714, -0.09468469404441773] - [-0.12412627482933447, 0.414027670600992, -0.1057122996799321, -0.1878625629557967] - [0.03577929378995835, 0.017765043060443977, -0.03458888107130008, -0.02427909046772088]
A2: [0.05027002382449233, -0.18668300387414719, 0.07316603199438657, 0.010921422665862945] - [0.030468742146986753, 0.20145997213966407, -0.10050417150088815, -0.12670930753769155] - [-0.09948428464976852, 0.5077373870467672, -0.2317122060618419, -0.20095548333623753] - [-0.02011038953210045, 0.024279022678241564, -0.04450935682912551, 0.06252225972146427]
B1: 0.0021616277057583057 - -0.0016302544819227192 - 0.0010847730703945036 - -0.0030433948307544635
B2: 0.00011954586758374631 - 0.0015127112482595574 - 5.7783431920402004e-05 - 0.00018430840072885136
