Number: 6037
Error: 2.136299294038766e-13
A1: [0.0804338275370203, -0.18046566814189013, -0.019586716683903937, 0.11962711434517335] - [0.03741847741732937, 0.13359928140036276, -0.13472329455535748, -0.03628292928351555] - [-0.001700490667548179, 0.22819244480905496, -0.12282605770285952, -0.10365658249689735] - [0.03886585656894414, -0.1144784037687324, -0.04641382092454472, 0.12203684846429023]
A2: [0.035310065637371185, -0.029270845968421784, -0.07569485643483438, 0.0696661525607034] - [0.10289222673912311, 0.2828951643995221, -0.3926078701788682, 0.006814400223588781] - [-0.01118770008315666, 0.5390139870190851, -0.3594515834924531, -0.168377096903751] - [0.0978633833425755, 0.0174639030877323, -0.16885045464480788, 0.05352549132622634]
B1: 6.002165710274721e-07 - 5.808478809674716e-07 - -4.274943423691634e-07 - -2.3185271323417946e-07
B2: -7.579680482175099e-07 - -1.2640625466636674e-06 - 3.0789913859969303e-06 - 3.3290319507343666e-07
