Number: 6808
Error: 6.994698269882423e-16
A1: [0.08043168591173679, -0.18046780952353375, -0.019588855747654635, 0.11962497296517935] - [0.03741558528557096, 0.13359639146277535, -0.13472618091703045, -0.03628581980852224] - [-0.0017028373648727258, 0.22819009815507932, -0.12282840097041832, -0.10365892857164913] - [0.03886322743828647, -0.114481025523634, -0.04641644838215962, 0.12203422096644355]
A2: [0.03530741614814002, -0.0292735027845554, -0.075697375539865, 0.06966337957685992] - [0.10289366195263021, 0.28289661179410636, -0.39260648205833454, 0.006815903103082765] - [-0.011187091146216471, 0.5390145995846535, -0.359451007121161, -0.16837645524514014] - [0.09786278684001319, 0.017463303870499408, -0.16885102247821657, 0.05352486519111883]
B1: -1.52650366085165e-08 - -3.321407187486996e-08 - -3.4618992757301263e-09 - -1.2565315323506625e-08
B2: -1.3131228174131017e-08 - -1.8956742521093342e-08 - -1.7498631134570607e-08 - -1.7038547737017286e-08
