Number: 9955
Error: 1.001584893068241e-15
A1: [0.05317256541150107, -0.14800125569890166, -0.026999032066252277, 0.12182783726071969] - [0.005313754145802626, 0.1308367286334674, -0.1136007094485942, -0.022549728998870405] - [-0.014444378084947522, 0.22309171935728483, -0.12704108118311963, -0.081605834472126] - [0.027146466771800257, -0.10002003136232882, -0.04942450170957543, 0.12229812709666649]
A2: [0.08925448727062242, -0.07291334439957906, -0.12362739541576571, 0.10728640936017449] - [0.10884169934695966, 0.24981415165406556, -0.4048453184019407, 0.04618945014056495] - [0.03663585679112453, 0.4625550446701934, -0.37771752337251313, -0.12147334342932951] - [0.14342644735528057, -0.04460660921961012, -0.20149952165730825, 0.1026798768590118]
B1: -9.115739550460401e-09 - -2.4528287218095117e-08 - -2.541402382861951e-08 - -3.0294491564076305e-08
B2: -1.9108461199976706e-08 - 1.9846701908977674e-09 - -7.65861089253254e-08 - 5.0102069600862005e-08
