Number: 4251
Error: 9.698927125599536e-16
A1: [0.06621321313391078, -0.1139520489600889, -0.02398391885264996, 0.07172289954900045] - [0.03740259637284295, 0.1881933543826113, -0.14740896226780878, -0.07818702566783081] - [-0.06022936435156616, 0.3289508068242574, -0.12775310286004146, -0.14096831542245622] - [0.03904627412836041, -0.05332257692207031, -0.03741847914314707, 0.0516952307642516]
A2: [-0.00910868839155715, -0.3468033049252697, 0.24945497681026726, 0.10645656182944715] - [0.08003987519799276, 0.03628231022465393, -0.05025005823441256, -0.06607190501084315] - [-0.04245283252760955, 0.23083187666351243, -0.04053125955099402, -0.14784785342736667] - [0.06813472757997992, -0.29346790858624183, 0.14177118516286347, 0.08356180305067723]
B1: 2.6955830402897692e-08 - 1.8145389648967838e-08 - 5.124967594861257e-10 - -6.6894707017581185e-09
B2: -1.7111111656091213e-08 - -4.7221836386013016e-08 - 2.55415383270302e-08 - 5.5502374083476086e-08
