Number: 7140
Error: 8.835906866901599e-16
A1: [0.08043169282384947, -0.1804678026122045, -0.019588848843803294, 0.11962497987650353] - [0.0374155979423067, 0.13359640410993237, -0.13472616828550937, -0.036285807158796424] - [-0.0017027232529619276, 0.22819021226455571, -0.12282828702558347, -0.10365881449019143] - [0.03886322076024496, -0.11448103218293586, -0.046416455055945466, 0.12203421429255235]
A2: [0.03530736241846783, -0.029273556662833815, -0.07569742662537418, 0.06966332334295147] - [0.10289375348045808, 0.2828967040987464, -0.3926063935338151, 0.006815998946105555] - [-0.011187067187724579, 0.5390146236860383, -0.3594509844439164, -0.16837642999926114] - [0.09786279094158454, 0.01746330799072805, -0.1688510185737914, 0.05352486949643949]
B1: -1.2735696197174798e-08 - 7.285370260841529e-09 - 2.4989287709133057e-08 - 7.702156097665726e-09
B2: -8.277859675089406e-09 - -9.125032656915702e-09 - 6.674311363089839e-08 - -1.856971158946521e-08
