Number: 73
Error: 0.0008577024352549843
A1: [0.0283915753322881, 0.02876814781771698, 0.0639487244996724, 0.0507084986895934] - [0.11313723388881557, 0.23967704458502906, -0.10045193075414609, -0.07030197865574302] - [-0.07073139175192437, 0.4508588024102737, -0.025444669406937074, -0.24419009968768826] - [0.02915256002994513, 0.016623201508144187, 0.028825621041129568, 0.05443125746418734]
A2: [0.28240915950373524, -0.05025597004164851, 0.126059406001721, 0.11447158071246816] - [0.09742062218386743, 0.26542916922638815, -0.060415617283968145, -0.06957933678221073] - [0.04812549648614884, 0.7144756595164298, -0.10493070663635308, -0.12942020785395927] - [0.2840194621569222, 0.2821697949808715, 0.28705846307881205, 0.2831708776405299]
B1: 0.01679012066074002 - 0.3690503017057288 - -0.013005196787416662 - -0.03281348292225668
B2: 0.016306237339972326 - 0.39177776789818974 - 0.01453999869887342 - 0.0189151105557048
