Number: 7725
Error: 1.1524471984842996e-15
A1: [0.08043163822646841, -0.1804678572034115, -0.019588903375897745, 0.11962492528536138] - [0.03741558974785472, 0.13359639592167497, -0.13472617646362176, -0.03628581534870613] - [-0.0017028592934880907, 0.22819007622692788, -0.1228284228669205, -0.10365895049440566] - [0.0388631849250664, -0.11448106791755977, -0.04641649086828457, 0.12203417847964695]
A2: [0.035307381959131016, -0.029273537068111585, -0.07569740804640365, 0.0696633437944174] - [0.10289366112363064, 0.2828966109580953, -0.392606482860166, 0.006815902235077809] - [-0.011187140420647432, 0.5390145500163209, -0.35945105376050956, -0.16837650716729516] - [0.0978627661026517, 0.017463283038819413, -0.16885104221887723, 0.05352484342368305]
B1: -1.1657212490413398e-09 - -7.1681714048057904e-09 - -1.4153873955252949e-08 - -9.546098306604168e-09
B2: -1.1115651481624024e-08 - 1.3583856741855362e-08 - -2.1140153297757656e-09 - -1.1179342081373886e-08
