Number: 5627
Error: 4.1050705877442805e-07
A1: [0.06630916864543185, -0.1138569682430885, -0.023888065021231752, 0.07181791997091774] - [0.03810742681827099, 0.18886651400657897, -0.14671663258852996, -0.07749595932431128] - [-0.0592795800495567, 0.32986462563868607, -0.12682321693372928, -0.14004331562978228] - [0.040068663199045465, -0.05235068138763133, -0.0364285667780696, 0.0526772265200786]
A2: [-0.008110682168350146, -0.3457459922864156, 0.25046114629353944, 0.10750354165103317] - [0.08005351798209896, 0.03629747777085693, -0.050235172961619404, -0.06605666557442862] - [-0.04172745562858207, 0.231632340378277, -0.03975515182218494, -0.14704629979081732] - [0.06956029813676773, -0.2918979658377599, 0.14331413416228925, 0.08515827835855032]
B1: 8.225596566398627e-05 - 0.0001985773771324201 - 0.00011406957838172393 - -0.00014972293118273484
B2: -0.0003286420146044374 - -0.0005148383667261342 - -0.0005720076120598779 - -0.0006865974582389879
