Number: 2188
Error: 0.00023145824574004824
A1: [0.06425936753931391, -0.021156666952455758, 0.015216238060111653, 0.055451281605531574] - [0.07845018155443188, 0.21027185721188274, -0.13010357517098037, -0.077408463581187] - [-0.11599382038359746, 0.42864378910486634, -0.08632016984357471, -0.1995038715227249] - [-0.0011056529524864113, 0.018848019070956044, -0.019279217886377438, -0.02612421491329788]
A2: [0.15626409909232425, -0.1406022460964115, 0.1795672802058989, 0.11883918488437498] - [0.02186065262847551, 0.18869114277642055, -0.11324790000454339, -0.1393746204532152] - [-0.11097571045153035, 0.5222879413809596, -0.23057344494641444, -0.21300871110140407] - [0.06821542448275336, 0.15510105728816426, 0.09311960297912057, 0.1682928898461369]
B1: 0.011985458339832153 - 0.01140826051415016 - -0.00835153385606614 - -0.03369816072546446
B2: -0.01014407586934941 - -0.01475744833517404 - -0.0034106583960116545 - -0.018013363429610893
