Number: 7247
Error: 9.610081367258969e-16
A1: [0.08043168487948045, -0.18046781055567407, -0.0195888567786726, 0.11962497193304185] - [0.037415585918858026, 0.13359639209558402, -0.13472618028499891, -0.03628581917558409] - [-0.0017028406909365046, 0.22819009482908945, -0.1228284042916054, -0.10365893189682096] - [0.03886323060615585, -0.11448102236465821, -0.046416445216310026, 0.12203422413234251]
A2: [0.03530739861897846, -0.029273520362197356, -0.07569739220639117, 0.06966336123070732] - [0.10289383987552278, 0.28289679122705, -0.3926063099736191, 0.006816089414339312] - [-0.011187015768533398, 0.5390146754119184, -0.359450935774512, -0.1683763758170882] - [0.0978628185051743, 0.017463335679693912, -0.16885099233503328, 0.053524898429226996]
B1: -1.7974218017251652e-08 - 3.3065501968152845e-08 - 2.7300340433569423e-08 - 1.9119139974649684e-09
B2: 1.5299834949058676e-08 - 1.592763506925428e-08 - 2.979306735151163e-09 - 1.6699093424548857e-08
