Number: 609
Error: 7.45636286183803e-14
A1: [-0.012152574868153606, -0.014516328936397255, 0.0180881886069582, 0.00858397250712881] - [0.06583521511217945, 0.1894952413616764, -0.14532259125782415, -0.11000858336628075] - [-0.09629364556553055, 0.4217855375382295, -0.053457953432540534, -0.27203640008501573] - [-0.0013208873684962678, -0.018218655451186627, -0.00383445833686053, 0.02337745197456317]
A2: [0.16158629350824422, -0.16775519251750765, 0.008500915209932453, -0.002333486050038977] - [0.03548565096447314, 0.20751665037794675, -0.11721049647385152, -0.1257921005350752] - [-0.08621399827881283, 0.581537677482515, -0.23538916799520251, -0.25993601049700077] - [-0.0038351100202707413, -0.0045194301524242265, 0.0011101156246348116, 0.007243256221632721]
B1: -1.8379822863400212e-07 - -1.1716703132378736e-08 - -1.9894335322924973e-07 - -5.395409593163196e-08
B2: 2.0479483172855474e-07 - 3.7616086893979033e-07 - -4.222289422275962e-07 - 2.0132482134282642e-07
