Number: 5960
Error: 4.301184693148772e-11
A1: [0.0804235605206599, -0.18047593427694328, -0.01959697012466543, 0.11961684923482294] - [0.03738620101875934, 0.1335670290006318, -0.13475550837155492, -0.03631518881973327] - [-0.0017221257610927417, 0.22817081042149512, -0.12284765969840784, -0.10367821110049948] - [0.03886250682947742, -0.11448174351088909, -0.046417167207407566, 0.12203350141772507]
A2: [0.03534431739130305, -0.029236503700681378, -0.07566229173210368, 0.06970200119440219] - [0.10294254638778146, 0.28294590740431913, -0.392559203510369, 0.006867091415602651] - [-0.011171046997563244, 0.5390307394431749, -0.35943582143803915, -0.16835954946402104] - [0.09788065640511465, 0.017481253284886346, -0.1688340124867593, 0.05354362241744921]
B1: -1.4319392967477175e-05 - -1.0499503328845309e-05 - 1.1841850415605397e-05 - 1.1666110532070292e-06
B2: -9.304746039222442e-06 - -6.877072201128592e-07 - 3.101147378688593e-06 - -1.2683159013945607e-05
