Number: 6901
Error: 1.0229784118721133e-15
A1: [0.08043166465394737, -0.18046783077891645, -0.019588876980025555, 0.11962495170981785] - [0.03741557947276329, 0.13359638565436577, -0.13472618671825523, -0.03628582561810992] - [-0.0017028296402751553, 0.22819010587951077, -0.12282839325713052, -0.1036589208491133] - [0.03886322259241678, -0.11448103035590551, -0.046416453224940916, 0.12203421612358567]
A2: [0.03530749881713566, -0.029273419886908108, -0.07569729693924297, 0.06966346609893677] - [0.10289377890767352, 0.2828967297417613, -0.3926063689409494, 0.006816025572112291] - [-0.011187191017610516, 0.5390144991175668, -0.35945110165160543, -0.16837656048312166] - [0.09786281998775237, 0.01746333716901649, -0.16885099092371766, 0.05352489998545793]
B1: 9.12207875314724e-09 - 2.083633917508039e-08 - -4.1204960265747076e-08 - -1.3873759660967078e-09
B2: -1.1450442637956763e-08 - -5.016793016698571e-09 - 2.6100998676052897e-09 - -4.505322005699625e-09
