Number: 7703
Error: 1.5426754455419562e-15
A1: [0.0804316756550987, -0.18046781977901935, -0.01958886599202119, 0.11962496270971625] - [0.03741557488276504, 0.13359638106783617, -0.13472619129909208, -0.036285830205560754] - [-0.0017028286105992066, 0.22819010690916292, -0.12282839222895657, -0.10365891981970607] - [0.03886321895824663, -0.11448103397988763, -0.04641645685679047, 0.12203421249167504]
A2: [0.035307325371274616, -0.029273593812477926, -0.07569746184947237, 0.06966328456914703] - [0.10289361312342903, 0.28289656255051676, -0.3926065292853566, 0.006815851971887388] - [-0.01118715534809691, 0.5390145349998374, -0.3594510678896799, -0.16837652289685362] - [0.09786276443209084, 0.01746328136066019, -0.16885104380914429, 0.05352484167013948]
B1: 4.346219788162427e-08 - -2.144972241397566e-08 - -4.29845286122521e-08 - -1.5470445046151975e-08
B2: -5.303841115377233e-09 - 7.482445743557884e-09 - -6.768807912714205e-09 - -2.7344372743428694e-09
