Number: 1563
Error: 1.1794707559602713e-08
A1: [-0.00701519108979283, -0.014819860475865036, 0.003175958935340008, 0.019631339977303323] - [0.06686563779598803, 0.1899217631514744, -0.14669493555477492, -0.1098190665304415] - [-0.11284314477847791, 0.44153222792684615, -0.0710584792277424, -0.25837890275301384] - [-0.02457467643211909, 0.014159629075056105, -0.03116518114191192, 0.03763916645790863]
A2: [0.13155391457108037, -0.22466075489958495, 0.022634816646112717, 0.07012922682656812] - [0.032756298443544746, 0.2038573957647461, -0.11477861051632812, -0.12134989285370147] - [-0.09471441868697068, 0.5554490348105207, -0.2352926250357034, -0.22572535754713124] - [-0.020927371367418745, -0.019374850650031576, 0.008018189065748391, 0.03208531894014436]
B1: 4.781307034042524e-05 - -0.00017199729399345866 - -5.31424154845622e-06 - 3.786188262016838e-05
B2: 9.65244519414529e-05 - -6.799430920651689e-05 - 7.631412368938354e-06 - -0.00019557163141196803
