Number: 1899
Error: 5.423316281438385e-07
A1: [-0.001061491634633505, -0.008752259659304904, 0.00939794168646868, 0.02575771164916999] - [0.0695614453187132, 0.1925208254001792, -0.14390229247253275, -0.10681915242085552] - [-0.11065238564093312, 0.44365564448584394, -0.0688464582423315, -0.25602670009694856] - [-0.018271076048174476, 0.02037410690626409, -0.02481617592429468, 0.04429242800286679]
A2: [0.13120987890571814, -0.22507037281057388, 0.022211109556186236, 0.06973434999551303] - [0.03206539880229423, 0.2031906718802056, -0.11545810981757534, -0.12201047326604399] - [-0.09568180045567855, 0.5544766942532472, -0.2362355158462435, -0.22661534900601832] - [-0.022077625694163407, -0.020563606311459693, 0.006802863083451842, 0.03092618515530849]
B1: -0.00019877408454031586 - -3.000090067589641e-05 - -0.0004421564146297394 - -0.0005635487195808373
B2: -0.0006671255182314889 - 0.001501533540959993 - 0.0007943237603239601 - -0.00018341045734840823
