Number: 5180
Error: 1.0032723782970428e-15
A1: [0.06621316310369552, -0.11395209787230656, -0.023983968843630975, 0.07172284960271197] - [0.03740250627830152, 0.18819326830339486, -0.14740905083762817, -0.078187114245507] - [-0.060229474344325684, 0.32895070118198055, -0.1277532104925718, -0.1409684224758578] - [0.039046105321907824, -0.0533227371467225, -0.03741864245769381, 0.05169506877571663]
A2: [-0.009108575263567432, -0.34680318491409573, 0.24945509085331302, 0.10645668043805206] - [0.08003985405627749, 0.03628228744899104, -0.05025008134099187, -0.06607192831370942] - [-0.042452775884732924, 0.23083193917797942, -0.0405311988502306, -0.14784779078257254] - [0.06813480232821559, -0.2934678262853282, 0.14177126619673872, 0.08356188685715889]
B1: 4.374873768581707e-08 - 4.072429367141636e-09 - 6.658785476407963e-09 - 1.2732099045306963e-08
B2: -1.0055875434175967e-08 - 1.9491047452976403e-08 - 4.6674767327374755e-08 - 8.552724450814648e-09
