Number: 5146
Error: 1.0358329514935373e-15
A1: [0.06621316466128283, -0.11395209634953313, -0.023983967287279452, 0.07172285115767486] - [0.03740263531218534, 0.18819339158656645, -0.14740892398740768, -0.07818698738406685] - [-0.06022943154011259, 0.3289507422932219, -0.12775316860676422, -0.1409683808153543] - [0.03904614266902302, -0.05332270169823772, -0.03741860632562076, 0.05169510461442101]
A2: [-0.009108444266018858, -0.34680304594650235, 0.24945522291080535, 0.10645681778153535] - [0.08003981998999594, 0.03628225074988401, -0.050250118573470295, -0.06607196586231003] - [-0.04245280293535339, 0.2308319093233306, -0.04053122783869966, -0.14784782069943142] - [0.0681347860935706, -0.29346784416032395, 0.14177124859686271, 0.0835618686551938]
B1: 4.467166763971861e-08 - -7.577847810164086e-09 - -9.413412127200028e-09 - -3.1243404831872275e-09
B2: 1.3306182749797526e-08 - -7.190913179059617e-09 - 5.1094389061878333e-08 - 4.0245820806664585e-09
