Number: 8189
Error: 4.872158379455654e-16
A1: [0.0804317270599759, -0.18046776837998704, -0.019588814648666575, 0.11962501410868835] - [0.03741556098646377, 0.13359636718210371, -0.13472620516757983, -0.03628584409408875] - [-0.0017028078959821923, 0.22819012762333227, -0.12282837154468178, -0.1036588991106242] - [0.03886326427432787, -0.11448098879098291, -0.046416411569606374, 0.12203425777958132]
A2: [0.03530763433183279, -0.029273283997373844, -0.07569716809322469, 0.06966360792938041] - [0.10289382164856661, 0.2828967728453896, -0.39260632760242997, 0.006816070327963172] - [-0.011187165436961957, 0.539014524850765, -0.359451077439081, -0.16837653352777363] - [0.09786263325228434, 0.017463149584163805, -0.16885116868406985, 0.05352470397431457]
B1: 4.673548592829086e-08 - -7.3056108227219874e-09 - -6.687415635642946e-09 - 7.073546759636381e-08
B2: 4.4525644502433835e-08 - 6.442545018518962e-09 - 2.5207887413026057e-08 - 3.5520689460171495e-08
