Number: 430
Error: 1.3922851241143329e-11
A1: [-0.012158572505822892, -0.014522488935557852, 0.018081559746228645, 0.008577563555796992] - [0.06584533202177342, 0.1895049734544321, -0.14531213120754854, -0.10999731924572796] - [-0.09630535490929959, 0.42177422108159063, -0.05347065915877456, -0.272050041745454] - [-0.0013351364694894165, -0.018232358599392453, -0.003849625680360072, 0.023360982717836886]
A2: [0.16158899052463463, -0.1677525464256621, 0.008503558252127903, -0.0023308564169253615] - [0.03548061216783652, 0.2075116925381868, -0.11721551412494621, -0.12579702975804144] - [-0.08621971980971613, 0.5815320733687374, -0.23539473491231716, -0.2599415895790533] - [-0.0038293856351866032, -0.004513800836820016, 0.001115781690334915, 0.0072487332008271685]
B1: 1.2273809954482868e-06 - 1.5495661936607442e-06 - -4.304390197963904e-06 - 1.5446386435750995e-06
B2: -3.1216719342905265e-06 - 9.857703740833363e-06 - 4.516629075616599e-06 - 2.6960170878104512e-06
