Number: 7518
Error: 1.1014777561031276e-15
A1: [0.08043172086623152, -0.18046777457300683, -0.019588820834961586, 0.11962500791567703] - [0.03741561267140196, 0.13359641882787493, -0.13472615358576415, -0.03628579243786383] - [-0.0017027767238180847, 0.22819015879483767, -0.12282834041815277, -0.10365886794677626] - [0.038863260638460295, -0.11448099241664321, -0.04641641520315087, 0.1220342541459754]
A2: [0.03530743064404696, -0.02927348824854255, -0.07569736175735621, 0.06966339474840813] - [0.10289378558552253, 0.2828967364762919, -0.39260636248219943, 0.006816032564784665] - [-0.01118709093775257, 0.5390145997943544, -0.3594510069238383, -0.16837645502548207] - [0.09786285448414411, 0.017463371822321605, -0.16885095808535544, 0.05352493619540601]
B1: 2.3559966618154995e-09 - 4.474220815123714e-09 - 2.0583379538743942e-08 - 3.1805478539255e-10
B2: 1.1815318374950616e-08 - 7.335860199426427e-09 - 1.983939117902844e-08 - 4.733609726225212e-09
