Number: 2893
Error: 5.7257217856940165e-09
A1: [0.06336415313987284, -0.04794227332550189, -0.023513044551254598, 0.007784948294838983] - [0.04394359864403483, 0.19154278822533283, -0.14227415512983635, -0.09220213920314206] - [-0.12340762398340226, 0.4148971206624498, -0.10482267529577761, -0.18703757094655912] - [0.036928873612833826, 0.01909100131231422, -0.033208750973708664, -0.023128349655403207]
A2: [0.06429686707243182, -0.17283485668180654, 0.08717442460862158, 0.024799634091507924] - [0.029698826803990143, 0.2007016174189917, -0.10130279559421253, -0.12747306389922425] - [-0.09296497106974587, 0.5141190196986097, -0.22516006509319753, -0.19466707106410505] - [-0.02543064425832062, 0.019014354163875865, -0.049790456897344605, 0.057460893568749824]
B1: 6.491260823535849e-05 - -7.882551993857549e-05 - -0.00020863941889893224 - 6.02271658562433e-05
B2: -3.759122971530931e-05 - 3.0184808777471828e-05 - 5.725487570737816e-05 - 5.274205017736647e-05
