Number: 8043
Error: 1.341786434799729e-15
A1: [0.08043172542923882, -0.180467770010515, -0.01958881627740652, 0.11962501247816784] - [0.037415560445379234, 0.13359636664138366, -0.13472620570766716, -0.036285844634931515] - [-0.0017028058576163774, 0.22819012966166105, -0.12282836950928802, -0.10365889707279499] - [0.03886326091044497, -0.11448099214541888, -0.046416414931327456, 0.12203425441779898]
A2: [0.03530755138453318, -0.02927336717412283, -0.0756972469586472, 0.06966352111621668] - [0.10289376617493938, 0.2828967169009681, -0.3926063812558474, 0.006816012239048478] - [-0.011187217127037085, 0.5390144728524053, -0.3594511263649192, -0.1683765879953426] - [0.09786279389849031, 0.017463310961071732, -0.16885101575901335, 0.05352487260023002]
B1: 3.059801859443334e-08 - 1.9431968923320087e-08 - -4.8957057734787914e-08 - -1.4181473458878127e-10
B2: 9.093028274911574e-09 - -1.871061911200896e-08 - 2.336526714825306e-10 - 8.00056848514819e-09
