Number: 6066
Error: 1.9299475958510867e-14
A1: [0.08043314298909073, -0.18046635261150126, -0.01958740041275713, 0.11962642987587087] - [0.03741719639728559, 0.1335980013544757, -0.13472457301618748, -0.036284209589860686] - [-0.0017024077015126448, 0.2281905278098332, -0.12282797193568636, -0.10365849902254168] - [0.03886436147839845, -0.11447989466596292, -0.046415315064533974, 0.12203535430183252]
A2: [0.03530646178821872, -0.02927445978453883, -0.07569828293063056, 0.06966238073562912] - [0.10289268216526673, 0.2828956236909469, -0.39260742969469026, 0.006814877122214054] - [-0.011188472351808788, 0.5390132101407423, -0.3594523144601742, -0.16837791067048852] - [0.09786165762854182, 0.017462169522569, -0.1688520974130041, 0.053523679886096846]
B1: 1.127780206043333e-07 - 1.4738992436226325e-07 - 1.2385061163243417e-08 - 2.1153638783049166e-09
B2: -9.365436063147742e-08 - -1.0864850398200514e-07 - 6.783965925230438e-07 - -4.5854840044813805e-08
