Number: 7019
Error: 9.076951077772097e-16
A1: [0.08043170815603269, -0.1804677872817576, -0.019588833529952256, 0.1196249952069359] - [0.03741559056146718, 0.1335963967346774, -0.13472617565164338, -0.03628581453554789] - [-0.001702795273610707, 0.22819014024544204, -0.12282835894078507, -0.103658886491621] - [0.03886319637541362, -0.11448105649933386, -0.046416479425237835, 0.12203418992287694]
A2: [0.0353074434173034, -0.029273475439966685, -0.0756973496126904, 0.0696634081169998] - [0.10289372269106607, 0.2828966730480414, -0.3926064233129166, 0.006815966705114833] - [-0.011187112522229883, 0.5390145780811327, -0.35945102735402534, -0.16837647776980139] - [0.09786280125871369, 0.01746331835478658, -0.16885100875254896, 0.05352488032606433]
B1: 1.8137942046660267e-09 - -5.8741924428575795e-09 - -3.0599803694253975e-09 - -2.5057402337601175e-10
B2: 9.322414699973324e-09 - -4.566026126286224e-09 - 1.9361004468355637e-08 - -3.006701051016539e-08
