Number: 6992
Error: 8.435179932480457e-16
A1: [0.08043169138335808, -0.18046780405253268, -0.019588850282571173, 0.11962497843617709] - [0.03741558989738984, 0.1335963960711026, -0.13472617631439776, -0.03628581519925744] - [-0.0017028117199360498, 0.22819012379946738, -0.12282837536302983, -0.10365890293355699] - [0.038863220750309416, -0.11448103219284321, -0.04641645506587522, 0.12203421428262301]
A2: [0.03530740254793867, -0.029273516422370145, -0.07569738847076507, 0.06966336534278098] - [0.10289372355992006, 0.2828966739242694, -0.39260642247257255, 0.006815967614932361] - [-0.011187030946498477, 0.5390146601434272, -0.35945095014081374, -0.16837639181061276] - [0.09786279639122415, 0.017463313465156522, -0.16885101338608438, 0.053524875216785235]
B1: -1.3975118163130074e-08 - -1.2714169033224834e-08 - 2.4157688368822104e-08 - -3.7971613938073655e-09
B2: 2.7283995493944617e-09 - -2.2211524027581013e-09 - 2.7954082331781836e-09 - -8.376749823968623e-09
