Number: 1113
Error: 1.8259494112391176e-06
A1: [-0.013553210001551196, -0.021403347169775783, -0.003535994447202584, 0.012817637858069338] - [0.06276031144699348, 0.1859395728127668, -0.15096983842320538, -0.11434396879666402] - [-0.11535496311925221, 0.43918961260806494, -0.07357195442762118, -0.26121042097955] - [-0.03444156015577696, 0.0043653988508559486, -0.041039053406002, 0.02713896053167665]
A2: [0.12818299946174308, -0.22794305596421074, 0.019391530540123422, 0.06675981336339319] - [0.01377476493599287, 0.1852172058799921, -0.13367106579000224, -0.13994085451526608] - [-0.09627588305202521, 0.5540298580600239, -0.23682218352961407, -0.22734219579109946] - [-0.03144628921145299, -0.029838334147305218, -0.002245764525758841, 0.021790271265686098]
B1: 0.0004455276711441544 - -0.0002938492212029907 - -0.0024877006929541934 - 0.001661106357135875
B2: 0.0020233836222284885 - -0.004196033759744149 - -0.002553968447126374 - 0.0033788891311377304
