Number: 4449
Error: 1.1348584292545402e-15
A1: [0.06621311483362506, -0.11395214506371994, -0.023984017075813917, 0.07172280141367861] - [0.03740265775413868, 0.188193413028274, -0.14740890192528447, -0.07818696531998504] - [-0.0602294006909706, 0.3289507719222109, -0.12775313841968416, -0.14096835079079342] - [0.0390461507249956, -0.05332269405183977, -0.03741859853175024, 0.05169511234508912]
A2: [-0.009108589627633883, -0.3468032001521902, 0.24945507637325723, 0.1064566653779929] - [0.08003975431938688, 0.03628218000380569, -0.05025019034780631, -0.06607203824601583] - [-0.04245281372288066, 0.23083189741760135, -0.04053123939906134, -0.14784783262996448] - [0.06813481273302692, -0.2934678148290727, 0.14177127747692847, 0.0835618985229382]
B1: 1.5108744720384453e-08 - -2.694165098755015e-08 - 2.16611711655985e-09 - 1.590619143112594e-08
B2: -3.5509252027630186e-08 - 3.481820641897142e-08 - 1.867820792360071e-08 - -4.371940535992647e-09
