Number: 3106
Error: 9.183037479492255e-07
A1: [0.06636736003552852, -0.04508492336618547, -0.020691234199991713, 0.010678984629084204] - [0.042753994101728185, 0.19034055790168622, -0.14354474309338128, -0.09354159983566603] - [-0.12016980574236798, 0.4179941613879925, -0.10169660856219562, -0.18387347048735725] - [0.041871808613421414, 0.02388059835576642, -0.028446212568058554, -0.01822673743101371]
A2: [0.05926801518363892, -0.17772956435570053, 0.08214674746954297, 0.019815395632257184] - [0.030797870151480843, 0.20178124341341092, -0.10017814668242898, -0.12638658372552602] - [-0.09300830371648441, 0.5140867290948254, -0.2252216595620141, -0.19469070328098115] - [-0.020967915766058966, 0.02342049542473194, -0.045370889856057375, 0.06171302404724811]
B1: 0.0023440786665601494 - 9.244066904166845e-05 - 0.0013175302306846278 - -0.0009170826823628607
B2: -0.0005204685921226374 - 0.0018177409610986186 - -0.0002568654203326296 - 0.0002900558418256615
