Number: 1050
Error: 5.34734877850068e-05
A1: [-0.031600258470245245, -0.04184218713000136, -0.019531324728683984, -0.008622633675616807] - [0.07382033456496151, 0.19652871408420197, -0.13974906306006324, -0.1021544647131969] - [-0.12830202635075405, 0.4198489440036988, -0.09579582735576954, -0.2838013446984272] - [-0.05234130444997449, -0.015368945064837759, -0.04702895774509848, 0.007468312396285341]
A2: [0.12406569718200477, -0.228757773123514, 0.008601995190127592, 0.06102440551379261] - [0.027752514852165133, 0.19902583700041623, -0.11928277289983942, -0.12692569183047764] - [-0.04330485827975537, 0.6116441103846338, -0.17512532473632342, -0.18523543380182503] - [-0.015016186130313552, -0.014321548716263344, 0.013772292723532215, 0.03590861172138836]
B1: -0.0153330939158757 - 0.008477678925827518 - 0.011019488059710647 - -0.0011995462840306962
B2: 0.0005741370366173716 - 0.00034866130755366624 - 0.0173265779731423 - -0.0035671538107224505
