Number: 6668
Error: 1.0785734123180499e-15
A1: [0.08043167487328079, -0.18046782056074104, -0.01958886677291068, 0.11962496192798448] - [0.037415578126138854, 0.1335963843087609, -0.13472618806219655, -0.036285826963988244] - [-0.001702853564995551, 0.22819008195530144, -0.12282841714682147, -0.10365894476744847] - [0.03886322666640501, -0.11448102629335043, -0.046416449153548194, 0.12203422019504218]
A2: [0.03530742504970144, -0.02927349385837252, -0.07569736707637427, 0.06966338889331126] - [0.10289376946433468, 0.28289672021827605, -0.3926063780744251, 0.0068160156835594555] - [-0.011187216293805147, 0.5390144736906124, -0.3594511255760495, -0.16837658711755288] - [0.09786275644912536, 0.01746327334137439, -0.1688510514083676, 0.05352483329057368]
B1: 3.3495320961298187e-09 - 2.6828774275679753e-08 - -3.110853895440545e-08 - -9.73106865443441e-09
B2: -3.1682217053577363e-09 - 9.400389967974814e-10 - -1.4974961890149936e-08 - -2.142132470989262e-10
