Number: 375
Error: 6.969091865380425e-11
A1: [-0.012223096110480306, -0.014588759633681166, 0.01801024507377352, 0.008508615049686486] - [0.06585701988595166, 0.1895162168059735, -0.14530004783653683, -0.10998430599502604] - [-0.0963169507982165, 0.42176301519072124, -0.05348323863713693, -0.2720635518137695] - [-0.0013392136104618897, -0.018236279406174963, -0.00385396238097702, 0.0233562694635768]
A2: [0.1615956175791143, -0.16774604957108424, 0.008510048967995803, -0.0023243996221303837] - [0.03547026134372451, 0.2075015066566935, -0.11722582284371678, -0.12580715665831585] - [-0.08618994169226962, 0.5815612359561, -0.2353657657918061, -0.25991255832850857] - [-0.003833956192989421, -0.004518297650768797, 0.0011112575300548232, 0.0072443592015588466]
B1: -4.521115731556149e-06 - 2.3808050679244407e-05 - 8.860081099103654e-06 - 1.1652449317539304e-06
B2: 2.0889426876297717e-05 - 9.488676364087704e-06 - -1.0760771101096e-05 - 1.7045157944366619e-06
