Number: 7930
Error: 1.1266502313620753e-15
A1: [0.08043172450362455, -0.18046777093602986, -0.019588817201916, 0.11962501155265721] - [0.0374155277573681, 0.1335963339781099, -0.13472623833056163, -0.03628587730484223] - [-0.0017028106372217356, 0.22819012488215584, -0.12282837428189591, -0.10365890185112549] - [0.03886324593078001, -0.11448100708305148, -0.046416429901450784, 0.12203423944744125]
A2: [0.03530746429731714, -0.02927345450218695, -0.07569732976019132, 0.06966342997014309] - [0.10289369687669572, 0.28289664701460143, -0.3926064482802485, 0.00681593967373463] - [-0.011187123768268144, 0.5390145667680089, -0.3594510379986674, -0.16837648962011045] - [0.09786279768407487, 0.017463314763887107, -0.16885101215537288, 0.053524876573856066]
B1: -3.2393016396285103e-09 - 1.0696190232903918e-08 - -5.4208456958198906e-09 - -3.7402972942626285e-09
B2: 1.926917516152494e-08 - -4.069046845332191e-08 - 1.3678410506179405e-08 - 2.372879845647435e-09
