Number: 3793
Error: 9.848484638797567e-16
A1: [0.06621324769842923, -0.11395201516798746, -0.02398388431527017, 0.07172293405550155] - [0.03740262828245663, 0.18819338487007262, -0.14740893089822593, -0.07818699429546778] - [-0.06022933152564963, 0.32895083835173844, -0.1277530707385553, -0.14096828347375834] - [0.03904612991842599, -0.05332271380070543, -0.03741861866144192, 0.05169509237882827]
A2: [-0.009108682565717072, -0.34680329874507304, 0.24945498268323898, 0.10645656793744109] - [0.08003983016507478, 0.03628226171130501, -0.050250107452823885, -0.06607195464717756] - [-0.04245283467560548, 0.23083187429285887, -0.04053126185287749, -0.14784785580296625] - [0.0681347845969959, -0.29346784580801555, 0.14177124697483726, 0.08356186697731711]
B1: -1.8247118427938845e-08 - 3.195988426612001e-08 - -1.6729575858895444e-08 - 2.0874922802880946e-08
B2: -1.8097011515588386e-08 - 1.2977017548004049e-08 - -1.4274270807875002e-08 - 2.7350795505508067e-08
