Number: 844
Error: 5.460750822174579e-10
A1: [-0.012162423022292677, -0.014526444039807197, 0.0180773034213737, 0.008573448482325816] - [0.06583962191830495, 0.18949948051691975, -0.14531803499765375, -0.11000367685189251] - [-0.09629842658589075, 0.4217809166502387, -0.053463141405642366, -0.2720419703960005] - [-0.0012960463889472211, -0.018194765176770253, -0.003808016196094254, 0.023406164062145112]
A2: [0.16157260221333453, -0.16776862620120653, 0.008487499822229462, -0.0023468325857727134] - [0.03548397504894527, 0.20751500136557202, -0.11721216538342415, -0.12579373993131787] - [-0.08622239445271608, 0.5815294533023759, -0.2353973379307064, -0.2599441971722049] - [-0.0038406217648843865, -0.004524850356345326, 0.0011046602475587332, 0.007237983090833576]
B1: -4.893120164020294e-06 - -1.547538451784087e-05 - -8.953084385155314e-06 - -3.707092678075721e-06
B2: 1.8830030310660297e-05 - 9.163998496969243e-07 - 1.4383469544117942e-05 - 2.3411641346860544e-05
