Number: 5723
Error: 0.020804447419166015
A1: [-0.187710266093568, -0.42581862843561624, -0.29257538440398917, -0.14782977280050902] - [-0.318864465968323, -0.21706033321320017, -0.50408541029889, -0.397218278137562] - [-0.10995712283614928, 0.1740173691193871, -0.22428830637264213, -0.20308227341481006] - [-0.1064807453664032, -0.20111808880310858, -0.17633151223509763, -0.010455292045400633]
A2: [-0.4456017948456803, -0.4825089193501586, -0.44048205742815505, -0.6190848283301649] - [-0.2217828871891439, -0.018551164757199284, -0.6042579861092015, -0.5327177225705688] - [-0.5081295180941001, 0.06811417631160291, -0.741658509427449, -0.8904741610618863] - [-0.3716618228337314, -0.42485052112098043, -0.5213917996478113, -0.6354692958565867]
B1: -0.5542810591409604 - -0.7454433608801733 - -0.5902321369943302 - -0.5930663403659955
B2: -0.3518493089466527 - -0.2832721253391554 - -0.5079256923690875 - -0.32860760638699094
