Number: 7346
Error: 9.350553435791703e-16
A1: [0.08043166645846678, -0.18046782897460323, -0.019588875177661842, 0.11962495351413184] - [0.037415581608859265, 0.1335963877888467, -0.13472618458641042, -0.03628582348319516] - [-0.001702849375329847, 0.22819008614487757, -0.12282841296328716, -0.10365894057889763] - [0.03886322272972589, -0.11448103021898626, -0.04641645308772349, 0.12203421626080727]
A2: [0.035307383906710114, -0.029273535115157137, -0.07569740619464346, 0.06966334583273588] - [0.10289370716585136, 0.2828966573910653, -0.39260643832870323, 0.006815950447959903] - [-0.011187101749169677, 0.5390145889184486, -0.35945101715708433, -0.1683764664178513] - [0.09786278911339281, 0.017463306154220443, -0.1688510203141201, 0.053524867577439406]
B1: -1.0887081909684136e-08 - -7.639582614115794e-09 - 7.703131925872914e-09 - -4.113237627718624e-09
B2: -9.603443615009724e-09 - -6.046582308050842e-10 - -1.6411196997078974e-08 - -1.0239085114491452e-09
