Number: 2107
Error: 0.002476726836132541
A1: [-0.055425559632023044, -0.0909655244925642, -0.12610962306747045, -0.05535935967194437] - [0.06219027704462343, 0.1944307353805051, -0.13969112612559229, -0.10991133463062458] - [-0.0417196087241339, 0.4873377711949289, -0.051089050580297626, -0.09027051434657266] - [0.02667200334286357, 0.02900225808994214, -0.038580382899265075, 0.0037615276314299506]
A2: [0.12704111834762957, -0.23098878148990368, 0.026002357434080144, 0.0015981938383566024] - [0.11610244119906771, 0.2724160899415893, -0.03781740098913126, -0.05331017575752555] - [0.006240369280993703, 0.543438893292771, -0.17901169404647796, -0.2230792184979116] - [-0.14973473846529947, -0.15829452908947808, -0.23807082100056548, -0.10291149929722401]
B1: 0.02168709684496052 - 0.017278905827165077 - 0.02100574938598698 - 0.05580469726325975
B2: -0.009854891734716853 - -0.08003667265261302 - -0.006223746259761534 - 0.04204218378032162
