Number: 707
Error: 1.9977838013683504e-14
A1: [-0.012153749082318685, -0.014517534973033402, 0.018086890744122643, 0.008582717722573277] - [0.06583515458590646, 0.18949518313783056, -0.14532265383661105, -0.11000865075607215] - [-0.09629380475278378, 0.42178538368131074, -0.053458126172130534, -0.27203658554653765] - [-0.0013224483418785243, -0.01822015666571928, -0.0038361199441744476, 0.02337564775052212]
A2: [0.1615869824272576, -0.1677545165757001, 0.00850159023269744, -0.002332814450271735] - [0.035485592167292995, 0.20751659252572072, -0.11721055502436706, -0.12579215805387775] - [-0.08621354574871938, 0.5815381207311405, -0.2353887276732259, -0.25993556921310645] - [-0.0038349884461370857, -0.0045193106022884, 0.0011102359485709256, 0.0072433725342755445]
B1: 1.0895412886202665e-07 - 6.872201214754183e-08 - 2.1980388466853764e-07 - 1.3442226598555544e-07
B2: -2.0566755004529775e-07 - 1.559915138975203e-08 - 2.3076756010382709e-07 - 2.1221113957010515e-08
