Number: 3171
Error: 0.00017078381659373537
A1: [0.08601638682949199, -0.024631540836160745, -0.00037866703830900014, 0.03130442190085825] - [0.057619168226074984, 0.20500053310078895, -0.12793577141873858, -0.07690346436103976] - [-0.09359530469587952, 0.446149490395492, -0.07375883410724875, -0.15560870756959197] - [0.06833137128234855, 0.05216431760743605, -0.0010510308566517284, 0.009655604250336847]
A2: [0.09960559491065829, -0.13862491057958737, 0.12311682028273256, 0.060285820791567725] - [0.023390617797311674, 0.19443055016256527, -0.1076109350068793, -0.13377294254449085] - [-0.07454327252765636, 0.5324317769650516, -0.20672141822941434, -0.1761792910148787] - [-0.01113359295376783, 0.03390828625086541, -0.035648805605404704, 0.07202568773007105]
B1: 0.013201086914816725 - -0.005102283252868491 - -0.003570436058830515 - -0.0059107043547200686
B2: -0.007683620838977615 - -0.009505548802765515 - -0.010700114330488078 - -0.013405630690722236
