Number: 5251
Error: 1.596000657724865e-15
A1: [0.06621316383142763, -0.11395209716081171, -0.023983968116460964, 0.0717228503292265] - [0.03740255782715324, 0.18819331755486968, -0.14740900016113098, -0.07818706356453278] - [-0.060229434914712277, 0.32895073905190014, -0.1277531719091179, -0.14096838409989493] - [0.039046146044479646, -0.05332269849427907, -0.03741860305989507, 0.05169510785360882]
A2: [-0.009108623007929277, -0.3468032355632524, 0.24945504272261404, 0.10645663038082137] - [0.08003997367197271, 0.03628241630919984, -0.050249950608031675, -0.06607179647068245] - [-0.042452905576427905, 0.23083179604268036, -0.040531337832669094, -0.14784793421616824] - [0.06813467975665351, -0.2934679612414789, 0.1417711333176831, 0.0835617494323886]
B1: -3.40017078541738e-08 - -7.389423399059138e-08 - 2.088304537664204e-08 - 1.4812783270385637e-08
B2: 2.936798450840731e-08 - -1.2474680534231652e-08 - -4.798289787650354e-08 - 2.4045671107562464e-08
