Number: 4294
Error: 1.4886331567443917e-15
A1: [0.06621310062990907, -0.11395215895001137, -0.0239840312683693, 0.07172278723380687] - [0.03740257539231934, 0.18819333433714158, -0.1474089828932743, -0.07818704629512051] - [-0.06022943688150143, 0.32895073716323203, -0.12775317383357263, -0.1409683860142423] - [0.03904622371248485, -0.05332262477489017, -0.03741852791880704, 0.0516951823846292]
A2: [-0.009108495921846432, -0.3468031007450134, 0.24945517083724456, 0.10645676362344182] - [0.08003984665592463, 0.03628227947667078, -0.05025008942926978, -0.06607193647058018] - [-0.042452809045631826, 0.23083190257966887, -0.04053123438677361, -0.14784782745720831] - [0.06813471546205292, -0.2934679219286071, 0.1417711720258777, 0.0835617894642304]
B1: -5.085950375364215e-08 - 1.7644408570052336e-08 - 2.183720687052143e-08 - -3.9829413155322494e-09
B2: -3.215116117792316e-10 - 7.698496131418207e-09 - -1.3379542494244761e-08 - -8.063509286897207e-09
