Number: 2095
Error: 0.0011042643808307627
A1: [0.21204129393468923, 0.16664418876812667, 0.18250375185821593, 0.18828872806987462] - [0.02731160743784424, 0.15685202349785132, -0.18198943627758177, -0.14709155889361025] - [-0.12057839840054427, 0.4461025915315082, -0.08147283586367977, -0.20370322771566762] - [-0.08398678614748413, -0.0644429278754355, -0.15372620191629455, -0.10480174188809037]
A2: [0.05915517824212596, -0.2716563822506689, 0.0026406556782512247, -0.006122024875291] - [0.04000897028882354, 0.20591835050813295, -0.11606680963840615, -0.12069577957554484] - [-0.14049058350936217, 0.4754082572677082, -0.28753799101793265, -0.2780528885683361] - [-0.03299951851362863, -0.06358467858183418, -0.07259436974427169, 0.03780763531129074]
B1: 0.02862275944570924 - -0.02315554460145288 - 0.00947149364607711 - 0.03256286389068598
B2: 0.03260185870219751 - 0.028179722014265034 - -0.05661545134841002 - -0.046822679303812176
