Number: 7381
Error: 9.01287482460789e-16
A1: [0.08043169255751104, -0.18046780287851663, -0.019588849109828454, 0.11962497961019433] - [0.0374155404618811, 0.13359634667301118, -0.13472622565140108, -0.03628586460738001] - [-0.0017028140864989096, 0.22819012143295364, -0.12282837772612987, -0.10365890529948568] - [0.03886318975785425, -0.11448106309832692, -0.04641648603858484, 0.122034183309428]
A2: [0.035307487684689685, -0.029273431050133632, -0.07569730752381626, 0.06966345444760491] - [0.1028937892517132, 0.2828967401735948, -0.3926063589363111, 0.006816036403823657] - [-0.011187045305634333, 0.5390146456986391, -0.35945096373202057, -0.16837640694136208] - [0.09786283996522686, 0.017463357237360894, -0.16885097190644155, 0.05352492095528431]
B1: -7.073553724951928e-09 - -4.1131210380056047e-10 - -3.741560482005599e-09 - 2.9972097361644606e-09
B2: 1.4298259852481781e-08 - -2.576582987255135e-08 - 1.6991288296244247e-08 - -1.998378925740116e-08
