Number: 8853
Error: 2.045887380781086e-05
A1: [0.07804991543860754, -0.1828185476342114, -0.023476692042942945, 0.11755831120119663] - [0.03322001429411263, 0.12942699473904773, -0.13997256516602208, -0.040293090945250354] - [-0.012430301859226821, 0.21748832842208124, -0.13385281677847966, -0.11439711982319684] - [0.04084000775958133, -0.11239368342423424, -0.04621913399300384, 0.1243977343274095]
A2: [0.03481289906135393, -0.02990820107631406, -0.07596100022909831, 0.06913434842783597] - [0.09271319582773188, 0.2726823094365574, -0.4020424779859803, -0.0038825084045666946] - [0.026271265447605704, 0.5760284964192863, -0.3246478343786559, -0.12874289564469435] - [0.08644038015865674, 0.006032980695651044, -0.17925404689493532, 0.04147378484195357]
B1: 0.007269034312594495 - -0.003798032017362243 - -0.006735483252047225 - 0.010531397571125272
B2: 0.0031006699163968286 - 0.0011715980744536258 - -0.0077004631039085895 - 0.005242216032642739
