Number: 4225
Error: 9.319396811077106e-16
A1: [0.06621323118103828, -0.11395203131625901, -0.02398390081968924, 0.07172291756583793] - [0.03740269180005195, 0.18819344555683104, -0.1474088684555458, -0.07818693184727564] - [-0.06022933981283586, 0.3289508303923616, -0.12775307884787795, -0.14096829153945373] - [0.039046035947532746, -0.05332280299433694, -0.037418709575146945, 0.05169500220331446]
A2: [-0.009108492224595324, -0.34680309682281785, 0.24945517456441582, 0.10645676749978801] - [0.08003983908783646, 0.03628227132367245, -0.05025009770075465, -0.06607194481230425] - [-0.042452850018515634, 0.2308318573594647, -0.0405312782949396, -0.14784787277165157] - [0.06813487432901807, -0.2934677470091776, 0.1417713442529504, 0.08356196758345204]
B1: -2.1258114665494398e-08 - 2.305961332717452e-08 - -1.4164307785669864e-08 - 3.478607674148617e-08
B2: 1.643942095185373e-08 - 4.480471998198375e-08 - 8.971692424221017e-09 - -5.612523104795764e-08
