Number: 8459
Error: 9.902922022105529e-16
A1: [0.08043173509498572, -0.18046776034584908, -0.01958880662324507, 0.11962502214280707] - [0.03741561833621676, 0.1335964244883949, -0.13472614793212112, -0.03628578677613389] - [-0.00170279186213935, 0.22819014365683954, -0.12282835553430649, -0.10365888308104708] - [0.038863297453342834, -0.11448095570503253, -0.04641637841170776, 0.12203429093800984]
A2: [0.03530743106475534, -0.029273487826646648, -0.07569736135734043, 0.06966339518872099] - [0.10289377520471765, 0.28289672600741084, -0.3926063725223297, 0.00681602169451722] - [-0.011187079863032747, 0.5390146109350761, -0.359450996441334, -0.16837644335572555] - [0.09786281232769196, 0.017463329474089802, -0.168850998215573, 0.05352489194484475]
B1: -8.353445202331607e-09 - -1.4946864276087316e-09 - -8.070710530386808e-09 - -5.253858333941437e-09
B2: -4.663780355000689e-09 - -3.8549810543186185e-08 - -8.383569519997178e-09 - -3.832197780425202e-09
