Number: 2868
Error: 1.2999516544873432e-08
A1: [0.06347505699872388, -0.0478317244321827, -0.023403387220949538, 0.007895607508446739] - [0.04371400318292043, 0.19132108222892955, -0.14251071784557312, -0.09245437445897771] - [-0.1234617847267529, 0.4148432545481032, -0.10487700241482008, -0.18709112727531102] - [0.03663946902890256, 0.018801403656700248, -0.0334973367425287, -0.023415153638695514]
A2: [0.0631343367339568, -0.17399163952482735, 0.08601520630224059, 0.023651813638265184] - [0.02950031436391865, 0.2005060341725605, -0.10150058919188884, -0.12766727270163086] - [-0.09278034856664368, 0.5142999459844759, -0.22497544580893086, -0.19448883379426538] - [-0.025891411500666966, 0.018556239377238947, -0.05025165361842014, 0.057011813589147115]
B1: -0.00011026146908084861 - 0.00033443312631157446 - 0.00014913490483964634 - 4.997266669520946e-05
B2: 9.075640313354786e-05 - 1.2362129259380815e-05 - 2.8987039523961156e-05 - 5.84458328750909e-06
