Number: 4905
Error: 8.021974223759419e-16
A1: [0.06621314389035175, -0.11395211665628094, -0.023983988041872486, 0.07172283042164022] - [0.03740256911744522, 0.18819332834193345, -0.14740898906194974, -0.07818705246435803] - [-0.06022922637367123, 0.32895093934455005, -0.12775296784293108, -0.14096818113133966] - [0.03904611006644666, -0.05332273264340412, -0.0374186378674965, 0.05169507332866268]
A2: [-0.009108504707160268, -0.34680311006498765, 0.24945516198075957, 0.10645675441239169] - [0.08003987551879975, 0.03628231057026553, -0.05025005788372612, -0.06607190465722008] - [-0.04245279483977106, 0.23083191825815405, -0.04053121916305974, -0.1478478117460541] - [0.06813476327318012, -0.29346786928646035, 0.14177122385757168, 0.08356184306937853]
B1: -2.0202977803579044e-08 - 2.1420382423539114e-08 - -2.5582125129308623e-08 - -3.8767419733751195e-08
B2: -1.0434035476047294e-08 - -2.1429201895057913e-08 - -5.4480516672799456e-08 - 2.1560059251099937e-08
