Number: 2838
Error: 3.4855720744379285e-08
A1: [0.06361080731653593, -0.04769621895702779, -0.023268651135310434, 0.00803054589864034] - [0.04360964328911866, 0.1912205634119945, -0.14261795673742586, -0.0925689950508836] - [-0.12280414639949744, 0.4154996535380978, -0.10421575874290881, -0.18643233905007917] - [0.037509759986048115, 0.019674178165467734, -0.0326270771075019, -0.022549050697381424]
A2: [0.06386673315458853, -0.17326284630067154, 0.08674703693161151, 0.02437732053224064] - [0.029568571209042212, 0.2005731717854183, -0.10143240523494533, -0.12760022648652605] - [-0.09303586805190014, 0.5140489639943929, -0.22523105249177852, -0.1947355193104604] - [-0.02576714538697573, 0.018679739219528736, -0.050126819206889814, 0.057133419200770176]
B1: -0.00011722663007125891 - -4.53868416355799e-06 - -0.00024316014410904604 - -6.0863978281349676e-05
B2: 2.466707121449437e-05 - 6.428803007877654e-05 - 2.7514861346315556e-05 - 0.00011950122734269883
