Number: 1605
Error: 3.7240506586651046e-08
A1: [-0.009048035132684384, -0.01687007404814335, 0.0010647864144090826, 0.01753706049234008] - [0.0649354375788279, 0.18806489896788986, -0.14869072709111705, -0.11196541679416765] - [-0.11214387499430091, 0.44221805307610856, -0.0703262702471633, -0.25762031665117496] - [-0.024456189692192754, 0.01427494699603901, -0.03104367515493622, 0.03776008440602336]
A2: [0.13154529988931754, -0.2246726068623077, 0.022623467930508075, 0.07011759071349387] - [0.03300829147459223, 0.20410523377693446, -0.11452709940787817, -0.12110290586363381] - [-0.09429959245465239, 0.5558584578159986, -0.23488303419657405, -0.2253178302109491] - [-0.02090554193662821, -0.019363221742622446, 0.008031271138612692, 0.0321014020352054]
B1: 0.00022679528051140597 - -0.0007054289523529968 - 0.00023458708200400772 - 0.00016038565148685402
B2: 0.0005118918199813094 - -0.0004721670601769079 - -0.000583203004949985 - 0.00010047153052031187
