Number: 2229
Error: 5.975470849853932e-05
A1: [0.09373897009352763, -0.011400616484574456, 0.013304264549015048, 0.04498460951789365] - [-0.005980415396023349, 0.13072317341594272, -0.21573782195421443, -0.17088596230963257] - [-0.144702985757988, 0.39933220133972475, -0.11601227791836924, -0.20663040030892146] - [0.054830884452348974, 0.051503067939503475, 0.006275239153636726, 0.001713289211490366]
A2: [0.25024398344826576, -0.027823984998916612, 0.25922861028408584, 0.2024902084781942] - [0.12328975621839658, 0.29057675000267846, -0.006188907331379751, -0.03813185581792943] - [-0.026885267641610568, 0.5939923528214947, -0.14904133288494179, -0.13406119516574241] - [0.030421014902849985, 0.09525478624769637, 0.01445385394247346, 0.12295951320213917]
B1: 0.017288622337613108 - -0.023357710421911593 - -7.426169200503135e-05 - -0.030046878873722822
B2: -0.012158485378742295 - -0.012990660643851246 - 0.006043011296644346 - -0.00814951651749314
