Number: 2938
Error: 2.3274895027799494e-08
A1: [0.06392502444161989, -0.04738208800010651, -0.022956854132196832, 0.00834207089705705] - [0.04395534090730982, 0.19155456452514247, -0.1422619603200792, -0.09218805633487379] - [-0.12297374040526794, 0.4153312698863134, -0.10438612963532937, -0.1866018593090029] - [0.036892416545152414, 0.019056467042583843, -0.03324449165439234, -0.023163112405466306]
A2: [0.06283871617634151, -0.17428731945361325, 0.08571978955549686, 0.023359364670857023] - [0.029537703875640507, 0.20054243165183974, -0.1014636389758887, -0.12763102134162788] - [-0.09316636094026887, 0.513920227257256, -0.22536213677457118, -0.19486229033094968] - [-0.025064721500215652, 0.01937670866687297, -0.049423656082734, 0.05781842498066883]
B1: -0.00015111005184001772 - -6.138174575967399e-05 - 0.00011415034653021827 - -0.00027888549938812925
B2: -6.590539119863496e-05 - -4.480513967724999e-05 - 5.5651933165446065e-05 - 0.00021100322103483093
