Number: 9585
Error: 1.990863671158383e-14
A1: [0.05317219278910563, -0.148001628462487, -0.026999404280432546, 0.12182746445970474] - [0.005313427390509357, 0.13083640153033146, -0.11360103615880712, -0.022550056212658924] - [-0.014444468225569634, 0.22309162918133482, -0.12704117125426567, -0.08160592464402402] - [0.02714617913293305, -0.10002031900646052, -0.04942478995847764, 0.12229783872343575]
A2: [0.08925313972748143, -0.0729146888269824, -0.12362871259799743, 0.10728504520024161] - [0.10884181513643762, 0.2498142674626829, -0.4048452049090222, 0.04618956787665117] - [0.03663572778077402, 0.46255491633110196, -0.3777176492428714, -0.12147347377898865] - [0.14342608979404328, -0.04460696545392548, -0.20149987078827575, 0.1026795139920691]
B1: -2.1308834925782953e-07 - 4.775918506895042e-07 - 1.8640000260626252e-07 - -3.818810959602647e-07
B2: -3.5966817228233125e-08 - 4.7970731050594605e-08 - -5.731899971190562e-08 - 1.0093475318579903e-08
