Number: 8431
Error: 1.2822906296688818e-15
A1: [0.08043169394324852, -0.1804678014929291, -0.019588847725780466, 0.11962498099576721] - [0.03741557411948221, 0.13359638030513343, -0.1347261920607476, -0.036285830968370306] - [-0.0017028190839004618, 0.22819011643565906, -0.12282838271621091, -0.1036589102955434] - [0.03886324155262556, -0.11448101144887947, -0.046416434276809575, 0.12203423507203098]
A2: [0.03530736134252107, -0.02927355774170777, -0.07569742764851, 0.06966332221700655] - [0.10289375895911652, 0.2828967096239324, -0.3926063882348818, 0.006816004683027288] - [-0.011187090917109906, 0.5390145998150653, -0.3594510069042851, -0.1683764550037635] - [0.09786280979773221, 0.017463326932619386, -0.16885100062393615, 0.05352488928921606]
B1: -2.1379195316720407e-09 - 2.3386398899513794e-09 - 5.3526561952978716e-09 - 2.1465379535404072e-08
B2: 7.053112380356816e-09 - -3.673192613876976e-09 - 2.802000879081103e-09 - 9.502033987287331e-09
