Number: 411
Error: 6.0369915039167626e-12
A1: [-0.012136503455102216, -0.01449982057454402, 0.018105953512463295, 0.008601147909177737] - [0.06583173984091124, 0.18949189836941738, -0.14532618433678218, -0.1100124528563173] - [-0.09629283604339249, 0.42178632093547347, -0.05345707400224435, -0.27203545647571026] - [-0.0013222115679471535, -0.018219927771966533, -0.003835866641528372, 0.023375922039575926]
A2: [0.1615827488477335, -0.16775867121309934, 0.008497442146431595, -0.002336941370575128] - [0.03547976951119977, 0.20751086342400707, -0.11721635328887253, -0.12579785415684752] - [-0.0862143879425545, 0.5815372957499094, -0.2353895472287323, -0.2599363907576145] - [-0.003855744706770241, -0.004539721403383575, 0.0010896928463146225, 0.007223514859594984]
B1: -1.7019764231889575e-06 - -2.949525176979846e-06 - 5.360785748063109e-06 - 2.708304038792591e-06
B2: 3.250968145938457e-06 - -7.788183412535413e-06 - 3.289280329400031e-06 - 3.008043120011016e-06
