Number: 6307
Error: 9.025493688232889e-16
A1: [0.0804316486498111, -0.18046784678123667, -0.019588892965023415, 0.11962493570751248] - [0.03741555317782838, 0.13359635937933617, -0.13472621296079526, -0.03628585189847503] - [-0.0017028399104594355, 0.22819009560955078, -0.12282840351227962, -0.10365893111655483] - [0.03886320469909983, -0.11448104819900543, -0.04641647110685625, 0.122034198241393]
A2: [0.03530742705235605, -0.029273491850181684, -0.07569736517226923, 0.06966339098930091] - [0.10289380559962981, 0.2828967566602581, -0.39260634312485054, 0.00681605352250914] - [-0.011187082742022717, 0.5390146080389804, -0.35945099916642403, -0.1683764463893348] - [0.09786284680928774, 0.01746336411255658, -0.16885096539137082, 0.05352492813936161]
B1: 1.25361548064339e-08 - 1.5856573421886634e-08 - 3.3326772701862285e-08 - 1.1601509162997782e-08
B2: 1.2190416826643477e-08 - 1.433431010752968e-08 - 2.68744366427631e-08 - 1.9571567769168056e-08
