Number: 6096
Error: 9.41220531612632e-15
A1: [0.08043184935246879, -0.18046764610136665, -0.019588692502370705, 0.11962513638721296] - [0.03741580113452586, 0.13359660714829089, -0.13472596549820384, -0.036285604079174166] - [-0.0017024447266798292, 0.22819049078486284, -0.12282800890711026, -0.10365853603831758] - [0.03886301487189135, -0.11448123749349608, -0.046416660813109654, 0.12203400853215106]
A2: [0.03530698334692688, -0.029273936782891773, -0.07569778704132923, 0.06966292660327589] - [0.10289396277388672, 0.28289691516847165, -0.3926061911079332, 0.006816218106977084] - [-0.011187414907827225, 0.5390142738919068, -0.3594513135682553, -0.16837679640418735] - [0.09786303745065693, 0.017463555621090247, -0.16885078391312833, 0.05352512825086194]
B1: -2.4026593624381986e-08 - 1.2417264091847232e-07 - 4.68544858143766e-08 - 5.914594239109002e-08
B2: 4.6598116692225317e-07 - 6.340497139581915e-07 - -5.823008106207923e-07 - 2.925339050509981e-08
