Number: 153
Error: 4.8955612119282285e-05
A1: [-0.01702990842016384, -0.019355737503967185, 0.01327819500362799, 0.0038354891860673756] - [0.07918145691584548, 0.2022894321937828, -0.1317038932415199, -0.09533905383262913] - [-0.09977056008712007, 0.41884212631846646, -0.056928471760973515, -0.2756898843625003] - [-0.005237976850304255, -0.02169695301380016, -0.007287540000592626, 0.019436529282323846]
A2: [0.16813411694179553, -0.1616637607454195, 0.014962904843524463, 0.003659538502525486] - [0.03590009039155973, 0.20778832348805415, -0.11707255476311829, -0.12569437462500313] - [-0.0822193906986384, 0.585530627937367, -0.2315265819635886, -0.25639950528743244] - [0.009843224256399824, 0.00906683102253296, 0.014552925054105537, 0.020080105483268548]
B1: 0.0010142515631931068 - 0.03251215284540563 - -0.0024874327049583013 - 0.0017152277052907903
B2: -0.01181446982602381 - 0.06642075981380281 - -0.008407921001816025 - -0.0073049432078874715
