Number: 5483
Error: 2.445330410097694e-13
A1: [0.06621238728978193, -0.11395285635166653, -0.023984744051302968, 0.07172207508838568] - [0.03740264605977356, 0.18819340185492803, -0.14740891342143328, -0.07818697681691658] - [-0.06022899471650502, 0.3289511618352347, -0.12775274115855065, -0.14096795566559986] - [0.03904549700183191, -0.05332331454923805, -0.03741923100095062, 0.051694485011134356]
A2: [-0.009106062231327417, -0.3468005189869239, 0.24945762421882556, 0.10645931520186906] - [0.08004165469808365, 0.03628422725271687, -0.05024811334356041, -0.06606994360878861] - [-0.04245441366485058, 0.2308301316284161, -0.040532953955862976, -0.14784960209335352] - [0.06813312001673565, -0.2934696785773118, 0.1417694424141937, 0.08356000068979577]
B1: -9.525389409804509e-07 - 4.847682313789595e-07 - 4.3654273513916093e-07 - 5.310596193890892e-07
B2: 6.714067737787859e-07 - 2.418021069761996e-07 - 3.103671534443352e-07 - 2.8997673221759817e-07
