Number: 194
Error: 2.366243821959214e-06
A1: [-0.009396340591837454, -0.011725020544426921, 0.02106203119108349, 0.011508806311321514] - [0.0668292640770651, 0.19045382005231462, -0.14428455166376578, -0.10889241020400596] - [-0.08795913909459513, 0.42990586475440407, -0.044409990427383444, -0.2623008439988319] - [0.014397781953806206, -0.003334096342670725, 0.012847909990438267, 0.04136675396955285]
A2: [0.15934751928859234, -0.16997208180179552, 0.006409907530156702, -0.004724031440579626] - [0.04638920972817556, 0.21825265662268, -0.10633989397756091, -0.11511842582458323] - [-0.07680241894311333, 0.5906916298517549, -0.2261988089086516, -0.2508857356419882] - [0.004875271490958911, 0.004053484539535276, 0.009794000029689795, 0.0155611943641156]
B1: 0.0064797210728828455 - -0.0005260339310502221 - 0.0015558769623841414 - 0.0009120299537669375
B2: 0.002670070214629545 - 0.004306699278784466 - -0.003504708386287906 - 0.00022142914523367967
