Number: 9455
Error: 8.560052754439545e-13
A1: [0.053173515916046056, -0.14800030487808757, -0.026998082633713533, 0.1218287882159752] - [0.00531458626911555, 0.13083756160338272, -0.11359987745998514, -0.022548895689426574] - [-0.014442058789660657, 0.22309403948708748, -0.1270387637335212, -0.08160351435930417] - [0.02714697298045462, -0.10001952509194306, -0.049423994357953936, 0.12229863468196978]
A2: [0.08925219328156447, -0.07291563305840644, -0.12362963766501081, 0.10728408716632762] - [0.1088444420915566, 0.24981689489691583, -0.4048426299688695, 0.04619223904170767] - [0.03663582745068477, 0.4625550154824589, -0.37771755198501655, -0.12147337308104547] - [0.14342664348131728, -0.044606413844081844, -0.20149933014384566, 0.1026800758687544]
B1: -2.313779088689396e-06 - 5.921587634553237e-07 - 3.723421532403596e-07 - 4.185992122105595e-07
B2: 2.562796103412323e-07 - 4.936187958466773e-07 - 4.1130950828002815e-07 - 5.88055890151824e-07
