Number: 2976
Error: 1.3875348137311502e-07
A1: [0.06253585548078722, -0.04876612741068814, -0.02433305603721167, 0.006962957731798753] - [0.04370040881740591, 0.1913084954752588, -0.1425239531197242, -0.09246785838816356] - [-0.1233836764894052, 0.41492774788863057, -0.1047933599966834, -0.18700546854152472] - [0.037431713998698365, 0.01959983697659629, -0.03270351872896634, -0.022623332499425858]
A2: [0.06343595907968778, -0.17369263402001692, 0.08632070767168572, 0.023952297010236354] - [0.029475351282149526, 0.20048138834802434, -0.10152569175011746, -0.12769179275377993] - [-0.09264711185106919, 0.5144310182884968, -0.2248391489117533, -0.1943565834106295] - [-0.02465835264409665, 0.01978106936366382, -0.04901817163609151, 0.058214287838698996]
B1: -0.00018408750055194623 - 6.26646871002043e-05 - 1.7744271096102637e-05 - 0.00022192801575279968
B2: 0.0003331621763378904 - 0.0005135760381037369 - 0.00047085064970982775 - 0.00018311812239754118
