Number: 1223
Error: 4.802223041414411e-08
A1: [-0.006197724163189234, -0.013991560365240739, 0.0040256332461185915, 0.02046903712974955] - [0.06660211845225099, 0.18966866303676125, -0.1469675705647377, -0.11011194369795041] - [-0.11182909956666118, 0.44252962904586174, -0.06999601904092448, -0.2572829143925558] - [-0.02351986192152201, 0.015199111419610223, -0.030082074825626068, 0.03874889450633181]
A2: [0.13252095894686408, -0.22370806416055217, 0.023585097276321087, 0.07107447470303051] - [0.03320797978340588, 0.20430234009559528, -0.1143291280485337, -0.12090862256324382] - [-0.09296370484537742, 0.5571738284899876, -0.23357502905876387, -0.2240056083817221] - [-0.01953983267127053, -0.018008972545263544, 0.009395183998211652, 0.033421702070594736]
B1: -3.820336516162831e-05 - 0.0003505720999335115 - -8.546604337481811e-05 - -0.00024442663255939967
B2: -0.00020488271584441736 - 0.0007498191757283757 - -0.0003582594100816273 - -0.00031837361036003654
