Number: 8096
Error: 1.408749872041114e-15
A1: [0.08043171883356841, -0.18046777660543986, -0.019588822865197468, 0.11962500588324866] - [0.03741553332709115, 0.13359633954362507, -0.13472623277191184, -0.03628587173819224] - [-0.0017028098876033433, 0.22819012563175906, -0.12282837353337708, -0.10365890110170747] - [0.038863231336383273, -0.11448102163648394, -0.046416444486547644, 0.12203422486211843]
A2: [0.035307562553987724, -0.029273355973781622, -0.07569723633884441, 0.06966353280622957] - [0.10289373981125537, 0.28289669031353987, -0.39260640675447533, 0.006815984632448279] - [-0.01118717534373231, 0.5390145148849249, -0.3594510868160572, -0.1683765439668755] - [0.09786281248384568, 0.01746332963096016, -0.16885099806693152, 0.05352489210877149]
B1: 5.142047641955662e-08 - 3.2998755497839063e-09 - -2.8600296263342675e-08 - -8.417179947920338e-09
B2: 2.9787529663970235e-08 - -3.278140052780714e-08 - 9.458201686914384e-09 - 9.173686761421836e-09
