Number: 3282
Error: 5.1608006080169216e-05
A1: [0.09999468412479712, -0.08103949852571657, 0.008129064864083388, 0.10424064562388081] - [-0.002844386475421532, 0.14732576724518953, -0.18615328102455792, -0.11712759154671187] - [-0.04502587558320354, 0.3443606313112547, -0.111839450784804, -0.12527291377128624] - [0.05885626656242571, -0.033507105611265416, -0.018604366089243738, 0.0705321374236791]
A2: [0.018595874603812537, -0.3209218284127179, 0.27743559640575416, 0.13463131782164467] - [0.08599938815297818, 0.04433635651924769, -0.04458788275360936, -0.060500964491614635] - [0.03511067105533973, 0.30916145244760335, 0.03818306747321529, -0.06543903504835491] - [0.12909012788986432, -0.23231761435034493, 0.2039729331474652, 0.14895673197749043]
B1: 0.020134183085931876 - -0.004896173254049795 - -0.011745248140691698 - -0.011093167925697917
B2: -0.012487988835606756 - -0.00823558019906849 - 0.0018519290408354214 - 0.004155528374640558
