Number: 3029
Error: 2.156314430419075e-08
A1: [0.0638205402127051, -0.04748715265456082, -0.02306086858411003, 0.008235336474763138] - [0.04348701268861784, 0.19110190449588949, -0.14274281122347177, -0.09270193081814188] - [-0.12447355750186609, 0.41384299483899734, -0.1058848008814929, -0.18809207311941586] - [0.03763797818781336, 0.01980307386914267, -0.03250320232573386, -0.02242731859093745]
A2: [0.06360629914306608, -0.17352423947540044, 0.08649210765473339, 0.024118565809254124] - [0.02898082590507608, 0.19999432618661134, -0.10201827918301257, -0.1281763379694155] - [-0.09386305817761602, 0.5132345970411015, -0.22606092581008203, -0.1955338167448066] - [-0.026185606928462044, 0.018256973449965443, -0.05055353800313874, 0.05672758713284491]
B1: -0.0003752814853528492 - -4.2433271514479294e-05 - -8.672047587970918e-06 - 0.00020643208193869595
B2: 0.00027677725612728027 - -0.0004948122659339337 - -7.754835359740161e-05 - 2.800634914852837e-05
