Number: 2270
Error: 0.00012129603572621565
A1: [0.028387721428025443, -0.07553265941232797, -0.05190926192246589, -0.022354785976204126] - [0.014727118491100132, 0.15586294381795932, -0.18804644632357786, -0.13782419261152704] - [-0.1260618464805335, 0.4268573270711575, -0.09206756091119628, -0.1714938672581338] - [0.02297279561272947, 0.019479740106235027, -0.028547793661827282, -0.027427508573689252]
A2: [0.006495594918028133, -0.238348014627406, 0.034364581306414455, -0.034061787615950676] - [-0.023916312861216076, 0.14860649215841862, -0.15282314728288932, -0.18056026995679023] - [-0.13473556445405832, 0.4892351446990989, -0.257039661920524, -0.23360891287466487] - [0.03119067351232896, 0.09109093074152841, 0.011956998135041544, 0.11765420760872436]
B1: -0.014092181880631367 - -0.018940463971667553 - 0.032533700022502166 - 0.022679299242454105
B2: 0.0008368014987565463 - -0.013032925803423471 - 0.021314771982713816 - 0.008040348373791419
