Number: 2072
Error: 0.0003247878090503837
A1: [-0.02730305817246069, -0.06617187994980989, -0.05494454153034031, -0.04353013835885344] - [0.06549094451550612, 0.1937362793408139, -0.14337483355608466, -0.10828764218125725] - [-0.17681842879729825, 0.38390880817744205, -0.12565949031819082, -0.2811621239519987] - [-0.01921915962734611, 0.005436171061663894, -0.06824567522324243, -0.029976153232441183]
A2: [0.15815280272269733, -0.16237321572840757, 0.1059622878872818, 0.11353471702652004] - [0.03390084680179985, 0.1981359455453139, -0.12202412900288531, -0.1261322255530067] - [0.026530355945096746, 0.6641610754720673, -0.11541284510737508, -0.10434559715844903] - [0.030270143811856613, 0.027109659484278847, 0.02453451250968582, 0.1232587475881553]
B1: 0.001673090608395174 - 0.012835284448201914 - -0.01894098772143636 - -0.0003331918635381645
B2: -0.03471253777007935 - -0.0034614339487128486 - -0.00410026025734261 - -0.0076592421337209745
