Number: 1017
Error: 0.0010093289878284942
A1: [-0.1200805941590612, -0.12635907987237566, -0.10880406602290833, -0.10359758606683131] - [0.06865778866334755, 0.1918727644875724, -0.14372914153674624, -0.10731443629576065] - [-0.13265627078009262, 0.3846743965510699, -0.1095754982413226, -0.3135432900458734] - [0.045305423399523766, 0.030639127284474817, 0.0281065488810213, 0.07737054369018628]
A2: [0.12786420876682886, -0.2181809047043114, -0.02225571868953283, -0.0213093128628862] - [0.0432421246473683, 0.2120969326660706, -0.10899843638887757, -0.1160157546030762] - [-0.10639498521075758, 0.5574041520646971, -0.2469579558298159, -0.27160577372356576] - [-0.023620333461807638, -0.025914626639118046, -0.013093737568610498, -0.004771669803563928]
B1: -0.0017347356876393771 - -0.04577096908887851 - 0.0008037528359062379 - -0.0023302093282066977
B2: 0.03924496176176472 - 0.024005438835537986 - 0.012272228354274304 - -0.003671871997919386
