Number: 2925
Error: 2.0881837749164086e-08
A1: [0.06403801179150193, -0.04726946090645008, -0.02284466034265982, 0.008454096577147229] - [0.043841150570922555, 0.19144406252492727, -0.1423797539082077, -0.09231454806350535] - [-0.12350849720933625, 0.4147976924880619, -0.10492354122299942, -0.18713812263122243] - [0.03682199569984123, 0.018985280798022475, -0.03331510742545693, -0.023234039530826978]
A2: [0.06339214729240375, -0.17373691504748937, 0.08627216438873303, 0.02390619104611225] - [0.02931770179291213, 0.20032578869539058, -0.10168259999266631, -0.12784608786188714] - [-0.09363774465650496, 0.5134576263896756, -0.22583425550872577, -0.19531868817851356] - [-0.02532404630031202, 0.019119214732272516, -0.04968384123926333, 0.0575648220948996]
B1: 1.7385072651512895e-05 - 0.00013292283325173362 - 4.729043426660631e-05 - -0.0001956774389498358
B2: -3.6399573639718465e-05 - -0.0003462950550549524 - -0.00010384285054937004 - 4.834117396687452e-06
