Number: 3815
Error: 1.0743297214434994e-15
A1: [0.06621323728287497, -0.1139520253507837, -0.02398389472264744, 0.07172292365743077] - [0.03740268647445422, 0.18819344046856534, -0.14740887369103595, -0.07818693708321932] - [-0.06022942366042067, 0.32895074986141404, -0.1277531608961793, -0.1409683731464614] - [0.0390462086961579, -0.05332263902789039, -0.03741854244664213, 0.05169516797477186]
A2: [-0.009108592717828127, -0.3468032034304431, 0.24945507325810098, 0.10645666213809374] - [0.08003981276255782, 0.03628224296380337, -0.050250126472792214, -0.06607197382864771] - [-0.042452838455609626, 0.23083187012100723, -0.04053126590368178, -0.14784785998351552] - [0.06813476043880651, -0.29346787240726047, 0.14177122078500778, 0.08356183989149316]
B1: 1.9619361070652358e-09 - 3.047286337838681e-08 - 1.4922654178669205e-09 - 1.0811229953734583e-08
B2: 2.8389904280955846e-08 - 3.87138049101994e-08 - -3.5129450226903425e-08 - 2.2552899565899914e-08
