Number: 2550
Error: 2.227478232630127e-08
A1: [0.06279828750024727, -0.0484999698333798, -0.024071174592608238, 0.007225932343629258] - [0.04458906166281435, 0.192165259324346, -0.14161117242725665, -0.0914948032751574] - [-0.12350852024183451, 0.41480640315457373, -0.10491288172616223, -0.18712588699777094] - [0.03619143036070613, 0.018362856007962152, -0.0339378264031202, -0.023853122955211754]
A2: [0.062093273339919396, -0.17503624024133776, 0.08498429842248745, 0.022627595184009464] - [0.02940277813902948, 0.2004094870070018, -0.10159755133769473, -0.12776289083516149] - [-0.09359955672655769, 0.5134944557685378, -0.22579993840414259, -0.19528210449450514] - [-0.025609311311923212, 0.018839374086389117, -0.04997810987971322, 0.05728425074355988]
B1: -0.00017364479171364251 - 4.53928497314441e-05 - -0.00013778526177931236 - -0.00020076206461185965
B2: -0.00036944908565395864 - -3.700033255897873e-05 - -5.687502431726108e-05 - -9.53215064941483e-05
