Number: 8735
Error: 4.942848769232369e-12
A1: [0.08043598475816313, -0.18046351110809347, -0.019584562013247063, 0.11962927132883594] - [0.03742216615737522, 0.1336029673924749, -0.13471961313511466, -0.03627924257521026] - [-0.00170274448738136, 0.22819019104077135, -0.12282830822210346, -0.10365883571770539] - [0.03886638260825519, -0.11447787916419526, -0.04641329519990862, 0.12203737418164429]
A2: [0.03531475011196606, -0.029266148543672606, -0.07569040249791828, 0.06967105533439341] - [0.10289925083180512, 0.28290224813754766, -0.39260107656085674, 0.006821755460035414] - [-0.011177705276625883, 0.5390240414493602, -0.3594421231714188, -0.1683665650653622] - [0.09787047003809293, 0.017471022014253535, -0.16884370856535177, 0.05353293001709211]
B1: 1.1216932889394125e-06 - 1.2580941064493144e-06 - 4.1866714086987005e-07 - 9.882973400266816e-07
B2: 8.66409953922689e-08 - -3.5021283848593983e-06 - 7.522119502049635e-08 - 4.5542027601407195e-07
