Number: 6684
Error: 1.0813597434790171e-15
A1: [0.08043167408938334, -0.18046782134454972, -0.019588867555870814, 0.11962496114417656] - [0.037415569841119045, 0.13359637603001173, -0.13472619633070845, -0.0362858352444187] - [-0.001702838079264195, 0.22819009744070226, -0.1228284016837632, -0.10365892928584974] - [0.03886321498919994, -0.11448103793778461, -0.04641646082331264, 0.12203420852509458]
A2: [0.03530742014156171, -0.02927349878008752, -0.07569737174296969, 0.06966338375640949] - [0.10289374768255552, 0.2828966982516324, -0.39260639914147477, 0.00681599287485011] - [-0.011187160479686733, 0.5390145298376392, -0.3594510727467861, -0.16837652830425212] - [0.0978627726973236, 0.017463289663480267, -0.1688510359411381, 0.053524850345896276]
B1: -1.745466189226678e-10 - 1.4781180258903005e-08 - -1.4126335550789895e-08 - -5.458255670423604e-09
B2: -8.471914196660676e-10 - 1.0742140141393433e-09 - 4.628582498693533e-09 - -5.1658829204419065e-09
