Number: 7290
Error: 8.816053065979559e-16
A1: [0.08043167304622231, -0.18046782238759204, -0.01958886859778156, 0.11962496010113527] - [0.03741557595045964, 0.13359638213473055, -0.1347261902335347, -0.036285829138460325] - [-0.0017028322600809106, 0.22819010325976363, -0.1228283958730954, -0.103658923468216] - [0.03886321798372772, -0.11448103495166313, -0.04641645783069492, 0.12203421151775955]
A2: [0.035307437706896025, -0.029273481166169048, -0.07569735504208631, 0.0696634021404396] - [0.10289377724270535, 0.2828967280626647, -0.3926063705512714, 0.00681602382864297] - [-0.011187050026017487, 0.5390146409501044, -0.35945096819997535, -0.16837641191538397] - [0.09786281672085398, 0.01746333388725731, -0.16885099403359172, 0.053524896556272364]
B1: -1.834983865537119e-08 - -1.2474667324866072e-09 - 1.2913383248881219e-10 - -6.528669478757655e-09
B2: -7.439770717344105e-09 - -7.740666215357509e-09 - -6.087395912809082e-09 - -6.6640069366428875e-09
