Number: 7072
Error: 9.75604851851057e-16
A1: [0.08043170040197778, -0.18046779503493474, -0.019588841274736046, 0.11962498745376639] - [0.03741560230280719, 0.13359640846713156, -0.13472616393369777, -0.03628580280071163] - [-0.0017027952620961764, 0.22819014025695528, -0.12282835892928852, -0.10365888648010997] - [0.03886323982218236, -0.11448101317449186, -0.04641643600615268, 0.12203423334264352]
A2: [0.03530742466275008, -0.029273494246392445, -0.07569736744428289, 0.06966338848832714] - [0.10289377604697832, 0.28289672685678974, -0.3926063717077719, 0.006816022576547519] - [-0.011187109041958267, 0.539014581582163, -0.35945102405987206, -0.16837647410251735] - [0.0978627952317762, 0.017463312300434672, -0.168851014489804, 0.05352487399974262]
B1: 2.0723501357200405e-08 - -2.409487172366874e-08 - -2.310184711791734e-09 - 1.0722375842142117e-08
B2: 1.9228849028055764e-09 - -7.503896693448166e-10 - 4.6461523527387855e-09 - -3.6974057737030816e-09
