Number: 4247
Error: 1.1929758576267968e-15
A1: [0.06621324102879322, -0.11395202168856725, -0.023983890979660645, 0.07172292739706669] - [0.037402621828616874, 0.188193378703874, -0.14740893724283285, -0.0781870006406414] - [-0.060229463917138765, 0.32895071119701635, -0.12775320028903311, -0.14096841232742435] - [0.03904623479988051, -0.05332261425117979, -0.037418517192136055, 0.0516951930242107]
A2: [-0.009108649411356952, -0.34680326357337626, 0.2494550161058578, 0.10645660269805889] - [0.08003986122275365, 0.036282295169318635, -0.050250073508551596, -0.06607192041467998] - [-0.042452811041830296, 0.23083190037654658, -0.04053123652598919, -0.14784782966491] - [0.06813476429271953, -0.29346786816392156, 0.14177122496300748, 0.0835618442124363]
B1: 1.8521350751766414e-08 - 8.21996975113469e-09 - -6.576515670753978e-09 - -8.068804200238818e-09
B2: -3.471740660091408e-08 - -5.349484537463886e-08 - 4.774454959544739e-08 - 4.715143865002738e-08
