Number: 6896
Error: 9.767621589365292e-16
A1: [0.08043166635323695, -0.18046782907981926, -0.01958887528276766, 0.11962495340891344] - [0.03741558110619435, 0.13359638728656065, -0.13472618508807868, -0.03628582398558361] - [-0.001702830552265284, 0.2281901049675401, -0.12282839416778535, -0.10365892176086003] - [0.03886322247279174, -0.11448103047519478, -0.04641645334448965, 0.12203421600403502]
A2: [0.0353075321946755, -0.02927338641705037, -0.07569726520430432, 0.06966350103215346] - [0.10289374847360838, 0.282896699049399, -0.39260639837637956, 0.006815993703198358] - [-0.011187115103581764, 0.5390145754843906, -0.35945102979732746, -0.16837648048985573] - [0.09786283617510626, 0.017463353430001174, -0.16885097551440467, 0.05352491697691031]
B1: -1.3056200507534071e-08 - 2.1223958860632973e-08 - -3.3943325681233755e-08 - -6.4215770940294786e-09
B2: -1.6030591739704974e-08 - -1.068749764206808e-08 - -3.9152924369109e-09 - -9.962089866648795e-09
