Number: 1485
Error: 1.0836725257053171e-08
A1: [-0.0073673087972179405, -0.015175398915882392, 0.0028098230140003104, 0.01926968236113839] - [0.06674259397556147, 0.1898034584652514, -0.14682210264597534, -0.10995596717574757] - [-0.11335505910486411, 0.44103070274791223, -0.07159143725299558, -0.258933000705085] - [-0.02319992705183182, 0.015510518369800115, -0.02976142027933727, 0.03909083825748744]
A2: [0.13166958698233777, -0.2245461560953987, 0.02274893481592258, 0.07024222849771435] - [0.03266879764847876, 0.20377143507203432, -0.1148658143172504, -0.12143540258093229] - [-0.0945564688232929, 0.5556049273482135, -0.2351376551955211, -0.2255707725351575] - [-0.02069912576042626, -0.019149461545845497, 0.00824499023424111, 0.03230458349893095]
B1: -4.049707359865189e-05 - -5.1746791550082135e-05 - 3.678915478394961e-05 - 4.4638336299744185e-06
B2: 8.359882433630302e-05 - -4.833104936740543e-05 - 0.00017371102778599302 - -0.0002230410884183189
