Number: 1549
Error: 1.2477127696179656e-08
A1: [-0.006802851734151233, -0.014605808855734804, 0.0033966172007143802, 0.0198494773162635] - [0.0669473440623903, 0.1900003970700125, -0.14661051294126806, -0.10972818423498404] - [-0.1119672675604327, 0.4423908819743683, -0.07014560651188878, -0.25743044298694673] - [-0.02250464361308771, 0.016193616081419827, -0.02905206777624169, 0.0398246071135393]
A2: [0.13158222604216777, -0.2246326438404695, 0.02266262780916875, 0.07015706266559608] - [0.03274508148500519, 0.20384637353302384, -0.11478981140135212, -0.12136088898772181] - [-0.09482326490889485, 0.5553419518381371, -0.2353998603968216, -0.22583280945836948] - [-0.020911354391374273, -0.01935874971070778, 0.008034149375811974, 0.0321009981645513]
B1: -0.000106069906127483 - -0.000147413263612537 - -0.00010914919712751698 - -7.304095793700052e-05
B2: -0.00023031285032249619 - 0.00016656269086738927 - -0.0001874568346420763 - 2.5288639882226096e-05
