Number: 4
Error: 0.009780837587782027
A1: [0.06929267846446074, 0.07596125093158393, 0.08301454280783582, 0.06346326080001716] - [0.22806707449749392, 0.36097791112341243, -0.005500979329089349, 0.012753254292777242] - [0.04033546769981976, 0.5501457625675159, 0.06121474860344299, -0.13075687309187786] - [0.3036513694427044, 0.3033519208529183, 0.3029834079782192, 0.3034222903920798]
A2: [0.30742404161022563, -0.026401416846361818, 0.13966232877331455, 0.14157940561656834] - [0.2762496306231428, 0.44228867102774777, 0.10838359677980716, 0.11054568011404349] - [0.2925610531487936, 0.9587389719730911, 0.1247847832451788, 0.1270156702601078] - [0.27696220693788776, 0.2769005314926201, 0.2765053683664137, 0.2774827528485177]
B1: 0.061587361178294914 - 0.5594603138605436 - 0.06874463597884596 - -0.07934396327235241
B2: 0.19001278359505577 - 0.7336271764099936 - 0.02680239309677586 - 0.09874913481246345
