Number: 7741
Error: 9.273996177987417e-16
A1: [0.08043165678075011, -0.18046783865123098, -0.019588884843801602, 0.1196249438375238] - [0.03741555861046644, 0.13359636480785272, -0.13472620753896786, -0.03628584646884576] - [-0.0017028627068680058, 0.2281900728136206, -0.12282842627530274, -0.10365895390687456] - [0.0388632076625806, -0.11448104524385501, -0.04641646814525924, 0.12203420120302934]
A2: [0.03530741988040777, -0.029273499041951742, -0.07569737199129821, 0.0696633834831059] - [0.10289369353014581, 0.2828966436396439, -0.39260645151699236, 0.006815936169410509] - [-0.0111871292248754, 0.5390145612788687, -0.3594510431634564, -0.16837649536993227] - [0.09786277983176157, 0.0174632968303764, -0.16885102914964056, 0.053524857834764385]
B1: 2.820874850350984e-09 - -4.192151504493883e-09 - 8.580458636157395e-09 - 7.370111160025607e-09
B2: 8.833383224165978e-09 - -2.8857742396598842e-08 - 4.81118499529327e-09 - 6.470499753051071e-09
