Number: 6586
Error: 1.2594401979486555e-15
A1: [0.0804316789779782, -0.1804678164565085, -0.01958886267312135, 0.11962496603221304] - [0.037415556291547435, 0.13359636249069415, -0.13472620985328165, -0.036285848786484276] - [-0.00170276973789692, 0.22819016578061457, -0.12282833344245955, -0.10365886096272206] - [0.03886318467486661, -0.11448106816704605, -0.04641649111832863, 0.12203417822960252]
A2: [0.035307437276477845, -0.029273481597778477, -0.0756973554513136, 0.06966340168996134] - [0.10289373614342553, 0.2828966866145675, -0.3926064103019682, 0.006815980791691416] - [-0.011187100959045923, 0.5390145897132986, -0.35945101640922467, -0.16837646558525327] - [0.0978628087335813, 0.017463325863655746, -0.1688510016369623, 0.053524888172245544]
B1: -1.6146086919095413e-09 - -2.9462461530334904e-09 - -4.837622456486872e-10 - -1.3005885784910878e-09
B2: -1.934397434685231e-09 - -2.002352301821696e-08 - 4.487908004309915e-08 - -2.8551827624049682e-08
