Number: 6451
Error: 1.365613910474274e-15
A1: [0.08043170076364835, -0.1804677946733056, -0.01958884091350054, 0.11962498781539506] - [0.03741559975606914, 0.13359640592231942, -0.13472616647536406, -0.03628580534603924] - [-0.0017028093470815781, 0.2281901261722744, -0.12282837299365015, -0.10365890056133588] - [0.03886322711552814, -0.11448102584548916, -0.046416448704710705, 0.12203422064388661]
A2: [0.03530745305248231, -0.02927346577813957, -0.07569734045169596, 0.06966341820126748] - [0.10289375880045878, 0.2828967094638943, -0.3926063883883861, 0.006816004516922743] - [-0.011187084950025161, 0.5390146058178072, -0.35945100125634505, -0.16837644871598131] - [0.09786281511365416, 0.017463332272749606, -0.16885099556354902, 0.05352489486924856]
B1: 1.558060942253615e-09 - 8.253929484393542e-09 - 1.7940358093181855e-09 - 3.313629382434764e-09
B2: 7.657513712635775e-09 - 2.1056986892860687e-09 - 7.858503204250317e-09 - -6.715028333004388e-09
