Number: 4312
Error: 1.0896519314278502e-15
A1: [0.06621330600985441, -0.11395195815963047, -0.023983826049601545, 0.07172299226907748] - [0.037402608983855445, 0.18819336643157705, -0.14740894987021602, -0.07818701326914175] - [-0.06022923040300698, 0.3289509354744354, -0.12775297178591682, -0.1409681850532887] - [0.03904591507793817, -0.05332291771918966, -0.03741882651243735, 0.051694886215495166]
A2: [-0.009108647024966653, -0.34680326104175657, 0.24945501851150592, 0.1064566052001012] - [0.08003992802525464, 0.03628236713474412, -0.050250000497228026, -0.06607184678339316] - [-0.04245268233952132, 0.23083204242034933, -0.040531098603520735, -0.1478476873250661] - [0.06813481008592152, -0.2934678177436329, 0.14177127460725933, 0.083561895555042]
B1: 3.930522856105271e-08 - 3.6839722295338824e-08 - 3.983504031614984e-09 - -2.8026051215641164e-08
B2: 1.0613377897455409e-08 - -6.793822829026121e-09 - 1.4844617415697051e-08 - 3.862870547437979e-08
