Number: 5728
Error: 0.01266667894018261
A1: [-0.2867552449781129, -0.5308289316821333, -0.39216586709560713, -0.24720168637265305] - [-0.3780430348092735, -0.28144294498770794, -0.5633857485690188, -0.4565172381055107] - [-0.3248825068170718, -0.04784594556546374, -0.44027580441913783, -0.4185834207250395] - [-0.13853333874631457, -0.23853812992295675, -0.20926033476373057, -0.042804130106602986]
A2: [-0.13933584077789304, -0.19062398489675317, -0.18620110409624785, -0.16650994160895632] - [0.04407937784495719, 0.23384061504133064, -0.3982281015717636, -0.10117566011875176] - [-0.18994048369156596, 0.3749649209977381, -0.48016252294259754, -0.42164529758837105] - [-0.0713024807475108, -0.1378201948410877, -0.2763345739016465, -0.18349562354076066]
B1: -0.32786615021933696 - -0.5270614003164964 - -0.360527904985405 - -0.36544275996648745
B2: -0.28165080325583786 - -0.26444027082800853 - -0.3810760364328346 - -0.18464994476512842
