Number: 2913
Error: 9.303475193209232e-08
A1: [0.06368161080262885, -0.0476250195759919, -0.02319805294688158, 0.00810051300599669] - [0.043464945396524984, 0.19108052528611236, -0.14276722602418088, -0.09272871537132978] - [-0.12319608015771229, 0.4151086221083925, -0.10461001477294059, -0.18682567112115972] - [0.03713600307278267, 0.019299084089792633, -0.03300170393832561, -0.022922222576919747]
A2: [0.06464894959183065, -0.17248626380405407, 0.08752572471445466, 0.025147460959803383] - [0.02948857364838042, 0.2004942671069814, -0.10151224649932304, -0.12767879451595301] - [-0.09221271119623836, 0.5148563394519298, -0.22440604551197701, -0.19393827744273104] - [-0.024967410756696545, 0.019474279706720703, -0.04932670436271174, 0.05791206429608896]
B1: -8.539380748366251e-05 - -0.00020320236518287522 - -0.00011842803415495438 - -2.3450763879799205e-05
B2: 7.800583360438872e-05 - 0.0003464520959509063 - 0.0001408347766996896 - 0.00016102077456627372
