Number: 2400
Error: 8.727977263591504e-06
A1: [0.07269897687860175, -0.03962883958708212, -0.015359078744351731, 0.016632149613166485] - [0.05075819398606067, 0.19781505787953255, -0.13566811237736845, -0.08464415762212701] - [-0.13248602298173284, 0.40660626025548235, -0.11355628438303551, -0.19603874544740946] - [0.023250078517534422, 0.006083226087877706, -0.04642938299767802, -0.03652130991522602]
A2: [0.04119903380633569, -0.1958324676110821, 0.06468190655219239, 0.0022537074899882915] - [0.03790414836709492, 0.20882774608218002, -0.09317972695918614, -0.11951175647611853] - [-0.09264947165284473, 0.5151460019332967, -0.22395923643055998, -0.19355772535858298] - [-0.04960736207607632, -0.005055642666199983, -0.0733003046490132, 0.03410039017137617]
B1: 0.0013088844957854938 - 0.006156937143451797 - -0.0112994959243205 - -0.003554233254746163
B2: -0.000563077851993327 - 0.002559403032673035 - -4.367777576083469e-05 - -0.003241493338838607
