Number: 9822
Error: 4.1871764615878516e-16
A1: [0.0531725532096782, -0.1480012679052577, -0.02699904425470012, 0.12182782505294126] - [0.005313730277070998, 0.13083670473967493, -0.11360073331374847, -0.022549752901286642] - [-0.014444475969212424, 0.22309162143714997, -0.12704117898992878, -0.08160593239135851] - [0.027146441311514898, -0.10002005682239636, -0.04942452722338554, 0.1222981015718252]
A2: [0.08925426860758708, -0.07291356255696113, -0.12362760915215677, 0.10728618800121144] - [0.10884181130979553, 0.24981426363664877, -0.40484520865674145, 0.046189563987242506] - [0.03663606048635573, 0.4625552473055319, -0.37771732463728697, -0.12147313762142947] - [0.14342654400166358, -0.04460651293322608, -0.20149942729048503, 0.10267997493929353]
B1: 4.688662104565398e-08 - 5.73903376714505e-08 - 5.028572744477256e-08 - -1.1126002659003178e-09
B2: 3.425538663353966e-08 - 3.3037097830941506e-08 - 4.8526590328130337e-08 - 1.901318196213642e-08
