Number: 3478
Error: 3.104101324832252e-10
A1: [0.06618230749401137, -0.11398227256971274, -0.024014813647782587, 0.0716920442730221] - [0.03737009242866623, 0.18816229276767038, -0.14744089370283597, -0.0782189867133] - [-0.06004836198069998, 0.32912463487824273, -0.1275759489880153, -0.14079216934265912] - [0.03926506665451036, -0.05311490509115363, -0.037206755391623006, 0.051905200720287294]
A2: [-0.009101650090110072, -0.34679583376028256, 0.2494620632973282, 0.10646397392352398] - [0.08008586061467168, 0.036331845154725144, -0.050199792422168404, -0.06602119974560064] - [-0.04257208597263584, 0.2307002204492267, -0.04065912157885818, -0.14797979102542305] - [0.06814475333036164, -0.293456867505299, 0.141782080711724, 0.08357306530166883]
B1: 1.988030122254039e-05 - 2.456883229459441e-05 - -1.859164410479672e-05 - 2.0991890431924106e-05
B2: -3.572693925040762e-05 - 7.57281783547134e-05 - 4.096372553717075e-05 - -1.3702027248429169e-05
