Number: 7201
Error: 9.05553869445042e-16
A1: [0.08043170900245537, -0.18046778643543268, -0.01958883268454521, 0.11962499605325998] - [0.03741561292768634, 0.13359641908396905, -0.1347261533299905, -0.03628579218171901] - [-0.001702834058206506, 0.2281901014616821, -0.1228283976685805, -0.10365892526585817] - [0.03886326267126488, -0.11448099038953821, -0.046416413171638825, 0.1220342561775201]
A2: [0.03530737678393035, -0.029273542257637803, -0.07569741296688044, 0.06966333837796795] - [0.102893779176342, 0.28289673001271254, -0.3926063686810856, 0.006816025853444224] - [-0.011187127867062975, 0.5390145626447751, -0.3594510418782428, -0.16837649393918397] - [0.097862760059667, 0.017463276968340283, -0.1688510479713879, 0.05352483708048931]
B1: 1.8478357298261358e-09 - -1.0452430942375073e-08 - 2.2185871019556478e-08 - 1.248374750046177e-08
B2: 1.4569864255205035e-08 - 1.3542506263996518e-08 - -1.3936419941683007e-08 - 1.811856011641748e-08
