Number: 473
Error: 3.2354979127283512e-12
A1: [-0.012152008578460678, -0.014515747256455146, 0.018088814582475778, 0.008584577697210948] - [0.06583606159621043, 0.18949605564104352, -0.14532171606874408, -0.1100076408953625] - [-0.09628989407848954, 0.4217891633570226, -0.053453882543420095, -0.27203202934806214] - [-0.0013188019890468202, -0.018216649817514845, -0.0038322384298085477, 0.023379862408444474]
A2: [0.16158803624337997, -0.167753482641065, 0.008502622856395671, -0.002331787050814853] - [0.03548784818323252, 0.20751881229610067, -0.11720830845789952, -0.12578995108264113] - [-0.08621189394113382, 0.5815397386907898, -0.2353871203905248, -0.25993395844123723] - [-0.0038328274203197634, -0.004517185496666467, 0.0011123748565369013, 0.007245440066144924]
B1: -4.5495020841358464e-07 - -2.7679945609341755e-07 - 1.71404914074471e-06 - 5.441199871473378e-07
B2: 5.661531132723233e-07 - -3.224359658392509e-06 - -7.870518297766904e-07 - -1.6821175248176928e-06
