Number: 7787
Error: 7.07400989448323e-16
A1: [0.08043170244267307, -0.18046779299447815, -0.01958883923647658, 0.11962498949423163] - [0.03741556187233471, 0.1335963680672529, -0.13472620428359836, -0.03628584320878441] - [-0.0017027962170476929, 0.2281901393020243, -0.12282835988283354, -0.10365888743479897] - [0.03886324175447489, -0.11448101124763378, -0.04641643407508884, 0.12203423527373504]
A2: [0.03530742487030199, -0.029273494038250164, -0.07569736724696136, 0.06966338870556409] - [0.10289371695192609, 0.2828966672602137, -0.3926064288637369, 0.006815960695417444] - [-0.011187160290016183, 0.5390145300284417, -0.35945107256732167, -0.168376528104318] - [0.09786276519795292, 0.017463282130007893, -0.16885104308009202, 0.05352484247404498]
B1: -8.986828410266136e-09 - 8.706857633767553e-09 - -1.4955532436130476e-08 - -1.1867259599661977e-08
B2: -1.403419200264759e-08 - 2.0392372239321686e-08 - -2.0617185917480196e-08 - -8.60173288196208e-09
