Number: 8764
Error: 1.509079176694602e-09
A1: [0.08047222008108734, -0.1804272777677693, -0.01954836684695911, 0.11966550345464946] - [0.03746582818429951, 0.13364660125218475, -0.13467603432748645, -0.0362356030207068] - [-0.0016757096904036275, 0.22821722649926296, -0.12280131041968298, -0.10363180749605391] - [0.03892425933262481, -0.11442016277804426, -0.046355451133625936, 0.12209521602744142]
A2: [0.03517616642970362, -0.029405122416035906, -0.07582216451783139, 0.06952601592710395] - [0.1028001057439218, 0.2828022560803296, -0.39269696648823144, 0.006717937801420601] - [-0.011356491056438725, 0.5388441849214161, -0.3596113470254528, -0.16855495543261548] - [0.09773443588331829, 0.017334362831067093, -0.1689732027257253, 0.05339014134135349]
B1: 2.8341209127328243e-06 - -1.1456906109864888e-06 - 1.2816846767203778e-05 - 8.634036048974111e-07
B2: 3.274469333933081e-05 - 5.327903244119585e-05 - 1.9116586497412378e-05 - 4.223008404318622e-05
