Number: 3509
Error: 7.73356128251264e-11
A1: [0.0662060473810706, -0.11395905571739234, -0.023991080670093395, 0.07171574655204192] - [0.037425359782535694, 0.1882151015846991, -0.1473865826846893, -0.07816464553029574] - [-0.06026627759616173, 0.3289153605443955, -0.12778922066092907, -0.14100424413727236] - [0.03907315980749782, -0.053297062509827575, -0.03739246993055827, 0.05172103147259547]
A2: [-0.009145642065150764, -0.3468425086526931, 0.2494177299853267, 0.10641781648017634] - [0.08003905917517425, 0.03628143211747275, -0.050250952190663487, -0.06607280389709647] - [-0.04251117625723636, 0.23076748155808147, -0.04059377975037665, -0.14791238161520562] - [0.06811470748405384, -0.2934899534766497, 0.14174948732488904, 0.08353935620506914]
B1: 1.2602358461517888e-05 - -2.2158109905139392e-05 - -1.459947703031813e-06 - 1.181551754588673e-05
B2: 6.298852144338143e-07 - -7.65596063541131e-06 - 3.1505041713026522e-06 - -1.2633756159657036e-05
