Number: 6603
Error: 8.960545390010905e-16
A1: [0.08043168168253301, -0.18046781375225993, -0.01958885997180035, 0.11962496873645896] - [0.03741559982909165, 0.13359640599528697, -0.13472616640248694, -0.03628580527305732] - [-0.001702847456315194, 0.22819008806385324, -0.12282841104708586, -0.10365893866039887] - [0.03886324889060502, -0.11448100413152118, -0.04641642694350913, 0.12203424240542986]
A2: [0.03530744344954767, -0.029273475407634572, -0.07569734958203958, 0.06966340815075057] - [0.10289374498805019, 0.2828966955342577, -0.392606401747564, 0.006815990053307724] - [-0.011187091107423056, 0.5390145996236827, -0.3594510070844526, -0.16837645520425065] - [0.09786281155175482, 0.017463328694648395, -0.16885099895424452, 0.05352489113041138]
B1: 3.237165186306441e-09 - 3.2957444002665484e-09 - 5.146793204151361e-09 - 4.268341322135707e-09
B2: 2.9377981279567978e-09 - 1.2610876392109431e-08 - -1.674509212425784e-08 - 1.7055973580072735e-08
