Number: 1783
Error: 4.84356684104458e-07
A1: [-0.007587668479596924, -0.01540638645361688, 0.00259407206725581, 0.01902341378472142] - [0.06604771756138562, 0.18914233690440485, -0.14754601996554642, -0.11072690088740371] - [-0.11214600488883343, 0.4422264592104242, -0.07037948894278225, -0.25761431238884597] - [-0.02130021829818759, 0.01740132584499838, -0.027870270296980734, 0.04110151634375576]
A2: [0.1310515651986831, -0.22515324281947768, 0.022166269897506547, 0.06966709342662031] - [0.034134143372100335, 0.20521737582780897, -0.11340725589514099, -0.11999946792497285] - [-0.09711092124907819, 0.5531151965119213, -0.23757744496332345, -0.2280008388397951] - [-0.020608263871342538, -0.019071116257883925, 0.008339297250807442, 0.03240183527427886]
B1: -0.00022867570426250908 - -0.000281347374275538 - 0.0005041355926752719 - -0.0004261705875413589
B2: 0.0008810241757757796 - 0.0014481471756863681 - 6.291703243853136e-06 - -0.0006320849664164866
