Number: 9738
Error: 5.931375219844275e-16
A1: [0.05317249003348879, -0.14800133110469005, -0.026999107361275806, 0.12182776184628459] - [0.00531386679753555, 0.13083684140321675, -0.11360059681416951, -0.022549616188399475] - [-0.014444540903917892, 0.22309155647859505, -0.12704124387326354, -0.08160599734926802] - [0.027146462960897597, -0.10002003517299884, -0.04942450552831128, 0.12229812327624105]
A2: [0.08925420051760996, -0.07291363048966445, -0.1236276757080871, 0.10728611907169731] - [0.1088417604291252, 0.24981421274695764, -0.4048452585296264, 0.046189512250465255] - [0.03663591145708244, 0.4625550990517806, -0.37771747003771455, -0.12147328819636583] - [0.14342636173759904, -0.04460669451850187, -0.20149960525558872, 0.10267978997113797]
B1: 3.376957802444546e-08 - -5.101768503420882e-09 - 8.807582538121043e-08 - 2.0258612335228236e-08
B2: 3.0117157654621953e-08 - 5.5325800964197884e-08 - -3.777331583376102e-08 - 8.570269370169793e-08
