Number: 5515
Error: 1.1736905920292526e-12
A1: [0.0662131639180834, -0.11395209706151159, -0.023983968025967795, 0.07172285041916585] - [0.037401159124126254, 0.18819198119707842, -0.14741037519310313, -0.0781884387190993] - [-0.06022908773218774, 0.32895107252944017, -0.1277528321630912, -0.14096804617995726] - [0.039046852842568154, -0.053322027608054844, -0.037417919259558306, 0.051695786099673686]
A2: [-0.009107327960888664, -0.3468018617381348, 0.24945634825508878, 0.1064579881973016] - [0.0800396044108555, 0.03628201851012329, -0.050250354188232996, -0.06607220346166645] - [-0.04245174566611083, 0.230833076179915, -0.04053009482184845, -0.1478466513885356] - [0.0681361889759736, -0.2934662995398978, 0.14177276945704279, 0.08356344155785689]
B1: 1.0536528330110987e-06 - 6.043880721148626e-07 - -4.644464601757673e-07 - -2.9744974546356084e-07
B2: -8.006060978720596e-07 - 8.692843295675147e-07 - -8.731129568347291e-07 - -2.388902017932684e-06
