Number: 9712
Error: 5.752890872027282e-15
A1: [0.05317244245509, -0.14800137870076197, -0.026999154887450562, 0.12182771424485525] - [0.005313645276668443, 0.13083661964980242, -0.11360081830192291, -0.02254983802170643] - [-0.014444684568096689, 0.2230914127616271, -0.127041387423863, -0.08160614106479044] - [0.027146304927998025, -0.10002019320584346, -0.049424663894797875, 0.1222979648416627]
A2: [0.08925474731450375, -0.07291308495734408, -0.12362714123094032, 0.10728667261068524] - [0.10884158124786042, 0.24981403353404494, -0.4048454341618833, 0.04618933005439084] - [0.036635793956964036, 0.4625549821631516, -0.37771758467676936, -0.12147340691514888] - [0.1434264632990285, -0.044606593335469444, -0.20149950608968112, 0.10267989303933933]
B1: 8.050441224586624e-09 - 5.019767924969856e-08 - -1.513728948682264e-07 - 2.3607089965743e-08
B2: 7.546048479459803e-08 - 5.3657320475263554e-08 - -6.4964114511304916e-09 - 7.330722370968577e-08
