Number: 656
Error: 2.112871861535664e-14
A1: [-0.012153461971864954, -0.014517240081529463, 0.01808720808779194, 0.008583024533645728] - [0.0658351427406885, 0.18949517174337466, -0.14532266608359057, -0.11000866394460534] - [-0.09629252660819734, 0.4217866189892848, -0.05345673923046941, -0.2720350964449558] - [-0.001322181876686246, -0.018219900400834564, -0.0038358363000469096, 0.02337595573927219]
A2: [0.16158671309885353, -0.16775478083047707, 0.008501326337182449, -0.002333077007987785] - [0.03548575054080684, 0.20751674835409475, -0.11721039731454887, -0.12579200312368977] - [-0.08621348865782147, 0.5815381766524735, -0.23538867212047287, -0.2599355135408587] - [-0.0038347453648734367, -0.004519071561302604, 0.0011104765424560458, 0.0072436050981390734]
B1: 1.358916231280652e-07 - 3.08006019608892e-07 - 7.897449468796528e-09 - 9.316466119638603e-08
B2: -2.967346441900983e-07 - -1.134424231891367e-07 - 4.237114216611786e-07 - 1.3190740754501026e-07
