Number: 4041
Error: 8.705607136312429e-16
A1: [0.06621319162571108, -0.11395206998765489, -0.023983940343972995, 0.07172287807689616] - [0.037402613419828465, 0.1881933706698487, -0.14740894550932013, -0.07818700890785532] - [-0.06022938228895881, 0.3289507895963769, -0.12775312041250997, -0.14096833288053642] - [0.03904614982012739, -0.05332269491077678, -0.0374185994072226, 0.051695111476694706]
A2: [-0.009108673128965149, -0.34680328873411354, 0.24945499219633996, 0.10645657783140441] - [0.0800398511702838, 0.03628228433993199, -0.05025008449532433, -0.06607193149474473] - [-0.04245293282100514, 0.23083176597345453, -0.04053136702939611, -0.1478479643481345] - [0.06813479751459689, -0.29346783158519724, 0.1417712609787214, 0.08356188146030882]
B1: 3.658895257992759e-08 - -1.2576937829587138e-08 - -2.7279445851102747e-08 - 1.956719588737802e-08
B2: 8.25671096936798e-09 - 2.5552561254204295e-08 - 3.772887040141091e-09 - -1.4228627842278872e-09
