Number: 7668
Error: 1.163885496460787e-15
A1: [0.08043170227042416, -0.18046779316670733, -0.01958883940851905, 0.1196249893220028] - [0.03741561969840883, 0.13359642584956397, -0.13472614657274262, -0.036285785414739924] - [-0.0017028091859152706, 0.22819012633343272, -0.12282837283271271, -0.1036589004002055] - [0.03886325200832695, -0.11448100102255625, -0.046416423827769046, 0.12203424552121564]
A2: [0.03530748283338052, -0.02927343591486402, -0.07569731213635952, 0.06966344937016133] - [0.10289374724458998, 0.2828966978099603, -0.39260639956506277, 0.006815992416248618] - [-0.011187125955149995, 0.5390145645680969, -0.3594510400685871, -0.16837649192451132] - [0.097862787946442, 0.017463304981967957, -0.16885102142498382, 0.05352486635253026]
B1: -2.5708018631817867e-08 - -7.62318552949249e-09 - 1.261982490645225e-08 - 2.9183829659354303e-09
B2: 2.4475171258368166e-10 - -1.1487903757833829e-08 - 7.352020436271021e-09 - -2.287669883762502e-09
