Number: 9076
Error: 0.00014777835782410584
A1: [0.040344550922732224, -0.16349187132452153, -0.039873937528034586, 0.10763640168105863] - [-0.009997405605393422, 0.11370860714423343, -0.130042709234001, -0.03932402707490426] - [-0.03594477723603845, 0.20434439855492878, -0.14233714794701036, -0.09861345838044641] - [0.01024833851706544, -0.11750075540403018, -0.06476552716888126, 0.10533204606680842]
A2: [0.09879804708076034, -0.06336745143588021, -0.10731504502335353, 0.11826097470652835] - [0.18543052145953276, 0.3245964598745801, -0.33019453665606324, 0.12275562277513802] - [0.14081468343767678, 0.5668869083712476, -0.2797776835127541, -0.017154668420307464] - [0.22477914439702573, 0.036128060507752045, -0.12495460578323583, 0.18463398059758487]
B1: -0.01906276971458679 - 0.0008634815107920447 - 0.01012741350975278 - 0.004470829895197432
B2: 0.011536863036498732 - 0.01089333322838423 - -0.002540488727381391 - 0.010887011160125228
