Number: 2349
Error: 5.1447766380164075e-06
A1: [0.0688281810858793, -0.044121967528530044, -0.02044091238756202, 0.012306672308862152] - [0.04410878113571459, 0.19156319156096555, -0.1425986090497056, -0.09192143781383293] - [-0.1297932479976979, 0.4093002704819358, -0.11045846134229381, -0.19311197246267517] - [0.025708799965901807, 0.008398661493986525, -0.04357468406819143, -0.03428241227668707]
A2: [0.06051755802770457, -0.17578648844477454, 0.08409078711959189, 0.02104723223392535] - [0.03188617514895263, 0.20280316954861927, -0.09919426329479297, -0.12540193435093527] - [-0.09861310288926509, 0.5088032431661278, -0.2305750028143727, -0.19975768185209156] - [-0.0328629223924666, 0.01195629944748678, -0.05648942086047392, 0.05079572348154564]
B1: 0.004593787262108143 - -1.1162177404481204e-05 - -0.001630948118300694 - -0.0002655778136951255
B2: 0.0013239456112937125 - -0.0011310892690551918 - -0.0009722911440842809 - -0.003254009501705197
