Number: 2564
Error: 1.5026196585516188e-08
A1: [0.06369315216757586, -0.04760911896187569, -0.023185037206423245, 0.008113769720396439] - [0.04313220569672472, 0.19075943538750942, -0.14311034285387048, -0.09309572453837234] - [-0.12301210058347922, 0.4153015114328348, -0.10441423288479428, -0.1866287857727051] - [0.037073363281189486, 0.019244727473205773, -0.03305840097655985, -0.02297815918310345]
A2: [0.06376339134895302, -0.17337137491654198, 0.08665069394234143, 0.024276543536395058] - [0.029720824399614654, 0.2007227543276577, -0.10128057309815044, -0.12745165808120804] - [-0.09266218477489895, 0.5144142656241361, -0.22486038157466354, -0.1943743018595007] - [-0.02511029183982804, 0.019334764535015293, -0.04947837423644717, 0.057770426731384675]
B1: 0.00016785998880188187 - 0.0001049178262569573 - 7.675121163053665e-05 - 4.32982895643217e-05
B2: 5.685869549907434e-05 - 0.00029631191406765805 - 3.7673317169497104e-05 - 0.00010442400572312028
