Number: 2789
Error: 3.5642947605516807e-09
A1: [0.06332010002592812, -0.04798632212840445, -0.023557207916832645, 0.007741389454795763] - [0.04369795762615632, 0.1913056514510183, -0.14252720412088649, -0.09247238071038154] - [-0.1235608285660148, 0.4147462234137804, -0.10497465898632967, -0.18718770329731388] - [0.03672686703743468, 0.01889057909875308, -0.03340832336866491, -0.023326117498704942]
A2: [0.06280735132046866, -0.17431680369276722, 0.08569244630133484, 0.02333244507760085] - [0.029438515969174666, 0.2004450848593143, -0.10156209795378346, -0.12772760755628484] - [-0.09309423550922752, 0.5139918189085614, -0.22528977639764877, -0.1947924036176475] - [-0.02497549160006167, 0.019467530526360865, -0.04933544184438322, 0.05790347920946706]
B1: -0.00018103653743840797 - 6.276899680121695e-06 - 5.49736867022946e-05 - -0.00011267970973591321
B2: 1.8457903422442835e-05 - -1.625107034530594e-05 - -8.488824050317161e-05 - -6.666324719644899e-05
