Number: 3557
Error: 4.536631459915317e-12
A1: [0.06621005370617494, -0.11395513798647236, -0.023987076256129388, 0.07171974562473321] - [0.037405128502456225, 0.1881957735258658, -0.14740647314901983, -0.0781845358323426] - [-0.06023192012442735, 0.32894835238329484, -0.12775560288867832, -0.14097080364610773] - [0.03903532283316069, -0.05333297138705295, -0.03742907447243009, 0.05168472171023598]
A2: [-0.009103428879052489, -0.34679772519293095, 0.2494602792471819, 0.10646207604351439] - [0.08005267073539424, 0.036296094890959724, -0.05023607336435466, -0.06605780156194238] - [-0.042428915110446934, 0.23085827353335384, -0.0405056294657052, -0.14782140199418287] - [0.06810339069982761, -0.2935024120879346, 0.14173721377363022, 0.08352666925759146]
B1: 2.0479913653412815e-06 - -7.828634960182019e-06 - 1.0055889340395389e-05 - 3.2270697042300882e-06
B2: 1.0445096693004442e-07 - 1.2720351204841101e-08 - 1.5127192949244107e-06 - 7.099211752856657e-07
