Number: 8336
Error: 1.2590220106144954e-15
A1: [0.08043170550818567, -0.18046778992933216, -0.01958883617469544, 0.11962499255934878] - [0.03741559726499552, 0.13359640343317947, -0.13472616896131373, -0.03628580783562563] - [-0.0017027940781088218, 0.22819014144091287, -0.12282835774703581, -0.10365888529643262] - [0.03886325104568834, -0.11448100198249558, -0.04641642478982592, 0.12203424455915078]
A2: [0.03530724051334436, -0.029273678905041137, -0.07569754253159554, 0.0696631957564288] - [0.10289375385800209, 0.2828967044795191, -0.3926063931686218, 0.006815999341424417] - [-0.011187120719269944, 0.5390145698351523, -0.35945103511274556, -0.16837648640726618] - [0.09786286572364968, 0.01746338311289362, -0.16885094738597983, 0.05352494799310109]
B1: -2.1687406529653995e-08 - 8.95755363270175e-09 - 4.083764649979869e-09 - 1.01759095649789e-08
B2: 5.614994435575749e-09 - -1.1334276630143535e-08 - -1.134783265586158e-08 - 7.664909523144749e-09
