Number: 2643
Error: 8.613228200161093e-08
A1: [0.06386424501791318, -0.0474433576783497, -0.02301673077391445, 0.008284132866204457] - [0.04359612747200317, 0.19120648644660374, -0.14263231838794052, -0.09258451454785567] - [-0.12266584020935234, 0.4156427479313232, -0.10406872637219844, -0.18628354984519507] - [0.0379172298337076, 0.02008507611413096, -0.03221696456993858, -0.022139778236113468]
A2: [0.06330072366604274, -0.17382770063693018, 0.08618857270751502, 0.023821343695559476] - [0.028833225720071822, 0.19984879426750277, -0.10216557626360007, -0.12832022925250905] - [-0.09355673579100472, 0.5135385055741505, -0.2257552388206033, -0.19523975239203223] - [-0.026037017567775628, 0.01841392957100923, -0.05040221529704395, 0.05687037975463717]
B1: -0.0003398927664579421 - -0.00014523998314427115 - -0.00018790862889217567 - -1.4071507794329366e-05
B2: 0.000198382710335825 - -0.0002834279196276368 - 0.0002637686410501174 - 0.00010919293476962361
