Number: 6575
Error: 9.542767805379376e-16
A1: [0.0804316814203966, -0.18046781401436673, -0.019588860233623367, 0.11962496847435246] - [0.03741556650545297, 0.1335963726968692, -0.13472619965972757, -0.036285838578236626] - [-0.0017027835864021417, 0.22819015193240463, -0.12282834727068842, -0.10365887480753144] - [0.038863198837690335, -0.1144810540439686, -0.04641647696452958, 0.12203419238362388]
A2: [0.03530743562507936, -0.029273483253744563, -0.07569735702144163, 0.06966339996159308] - [0.10289373660767141, 0.28289668708275345, -0.3926064098529557, 0.0068159812778247324] - [-0.011187105006019075, 0.5390145856421868, -0.3594510202397715, -0.16837646984969162] - [0.09786280418900044, 0.017463321298403035, -0.1688510059631077, 0.05352488340191358]
B1: -1.2238271762192814e-09 - -1.532287649580792e-09 - -5.099590669881011e-10 - -1.8905634097843385e-09
B2: -2.27974338582936e-09 - -1.5113296784647554e-08 - 3.116930460681877e-08 - -2.1093239826867018e-08
