Number: 8758
Error: 1.3639724723939457e-09
A1: [0.08041532875358004, -0.18048416388378627, -0.019605192022779026, 0.11960861804485219] - [0.03740089993895174, 0.13358171797929916, -0.13474083552557128, -0.036300496643978615] - [-0.001716384408686388, 0.22817655226268804, -0.12284192712078176, -0.10367247168315472] - [0.0388351203719258, -0.114509052542406, -0.04644453599075389, 0.12200613181693344]
A2: [0.03538214360969061, -0.029198570890780432, -0.07562632437937451, 0.06974158986439015] - [0.102944863328296, 0.2829482469014332, -0.3925569601863402, 0.006869518331794497] - [-0.011160446599414066, 0.539041402670227, -0.3594257871141121, -0.16834837913713502] - [0.09792362142051211, 0.017524413500108856, -0.16879311094979188, 0.05358872157286649]
B1: -4.626705517452236e-05 - -1.8412378513398257e-05 - -2.6690395032183756e-05 - -3.7940465144770065e-05
B2: 4.470706287619864e-06 - -1.8092422965356545e-05 - 1.4410007937714951e-05 - 5.109199368000971e-07
