Number: 640
Error: 6.145101957731101e-14
A1: [-0.012153934717596593, -0.014517725640560414, 0.018086685561320183, 0.008582519349979284] - [0.06583562992099853, 0.189495640390282, -0.14532216238172935, -0.11000812151824066] - [-0.09629168839696026, 0.42178742910674105, -0.053455829670902594, -0.27203411988758697] - [-0.0013219216616258472, -0.018219650147797306, -0.0038355593092867894, 0.023376256504363986]
A2: [0.16158672918803854, -0.16775476504355671, 0.00850134210280216, -0.002333061323053177] - [0.03548557396060913, 0.20751657461145664, -0.11721057315501315, -0.12579217586482436] - [-0.0862136299840054, 0.5815380382250924, -0.23538880963426648, -0.2599356513544685] - [-0.003834563274865652, -0.004518892498038673, 0.00111065676830207, 0.0072437793094070405]
B1: -1.7490032415648408e-08 - -9.664500333704168e-08 - 1.0495090724652708e-07 - -1.9357707094336418e-08
B2: -4.877293238154629e-07 - 4.984359676100673e-07 - 3.9444411598021647e-07 - 2.777844413674911e-08
