Number: 6173
Error: 1.0594908313349994e-15
A1: [0.08043160956074052, -0.18046788586588, -0.0195889320073549, 0.11962489662290654] - [0.037415503075205435, 0.13359630931463368, -0.13472626296358822, -0.03628590197334401] - [-0.0017027954875779674, 0.2281901400314849, -0.12282835915443971, -0.1036588867055293] - [0.0388632390219509, -0.1144810139724773, -0.046416436805875864, 0.12203423254291129]
A2: [0.03530738036444681, -0.02927353866722416, -0.07569740956250827, 0.06966334212530732] - [0.10289374067465014, 0.28289669118424954, -0.3926064059194281, 0.006815985536543384] - [-0.011187172067044823, 0.5390145181811684, -0.35945108371444934, -0.16837654051430054] - [0.0978627760751045, 0.01746329305662488, -0.1688510327257005, 0.05352485389145382]
B1: 1.2925911923469353e-08 - 7.101728187395128e-09 - 1.933346600424441e-08 - 7.372483610840693e-10
B2: -8.062790819780223e-09 - -2.078862873687163e-08 - 4.78047732953297e-08 - 4.47870674834582e-08
