Number: 4756
Error: 8.316710670248996e-16
A1: [0.06621318430177282, -0.1139520771479368, -0.023983947662188334, 0.07172287076521117] - [0.037402639807940764, 0.18819339588191222, -0.14740891956777516, -0.0781869829640392] - [-0.06022940514837587, 0.3289507676411335, -0.12775314278142613, -0.14096835512893105] - [0.03904604934994643, -0.05332279027326868, -0.03741869660875504, 0.05169501506436875]
A2: [-0.009108485509708355, -0.3468030896995056, 0.24945518133349814, 0.1064567745397989] - [0.08003990067757313, 0.036282337673451355, -0.050250030386656305, -0.06607187692666358] - [-0.042452778490244585, 0.23083193630246332, -0.04053120164231459, -0.14784779366409956] - [0.06813482632468912, -0.29346779986416227, 0.14177129221133508, 0.0835619137615939]
B1: -3.4812936996107743e-10 - 4.690068365949347e-08 - 1.1289517537524578e-08 - 1.3440247321796481e-08
B2: 9.32263305327165e-09 - -3.940331599303438e-09 - 1.8056558517355716e-08 - 5.315424632472581e-08
