Number: 9676
Error: 9.134922282731442e-15
A1: [0.05317272413974908, -0.1480010969128762, -0.026998873513591988, 0.12182799606529875] - [0.005313740021801551, 0.13083671449333967, -0.11360072357262198, -0.022549743142543117] - [-0.0144446563961519, 0.22309144094320454, -0.12704135927529522, -0.08160611288258274] - [0.027146431926083927, -0.10002006620855818, -0.04942453662951561, 0.12229809216229795]
A2: [0.08925434554187894, -0.07291348580135679, -0.12362753395149204, 0.10728626588365386] - [0.1088413414735497, 0.24981379371750945, -0.4048456691862139, 0.04618908624614549] - [0.0366351851211065, 0.4625543764956859, -0.3777181786859628, -0.12147402206506429] - [0.14342592058705556, -0.04460713402693734, -0.20150003600130983, 0.1026793422751414]
B1: 8.26914870491421e-08 - -2.1899398543679317e-07 - -2.247632731652262e-07 - 1.2988884148674824e-07
B2: 8.210892948128382e-08 - -2.1607530906337317e-08 - -2.350769282216118e-07 - -3.184253791646384e-08
