Number: 9563
Error: 1.9945347429356076e-13
A1: [0.05317176012734554, -0.14800206128762974, -0.026999836467785848, 0.12182703159448516] - [0.005312665679240775, 0.1308356390115361, -0.11360179776032055, -0.02255081899531646] - [-0.014444860025085242, 0.22309123723444907, -0.12704156274602008, -0.08160631658286821] - [0.027146468605342505, -0.10002002953871729, -0.04942449987821194, 0.12229812893070198]
A2: [0.08925323142747509, -0.07291459734535786, -0.12362862297108672, 0.10728513801906847] - [0.10883893869313595, 0.24981139051251347, -0.4048480243834104, 0.04618664302663623] - [0.036633335824413485, 0.4625525368195606, -0.37771998296027864, -0.121475890554536] - [0.14342559529304758, -0.04460745811930913, -0.2015003536303678, 0.10267901214664872]
B1: 3.900964569427875e-07 - 6.463065389768716e-09 - -7.745545327537486e-08 - 3.9277877472617676e-08
B2: -3.12959060417465e-07 - -1.0929564698453251e-07 - -2.8808235479892834e-07 - -5.64669213432202e-07
