Number: 2824
Error: 4.2909368983832324e-08
A1: [0.06363320412536973, -0.047674350624866316, -0.023246934929642225, 0.008052301564271697] - [0.043666201448195614, 0.19127507749841588, -0.14255979892102694, -0.09250689272149033] - [-0.12320090732203912, 0.41510366191979975, -0.10461466451315159, -0.18682978046307164] - [0.03718685132677074, 0.019350221917642296, -0.03295015216438444, -0.022870580002570067]
A2: [0.06241877738408667, -0.17470334383175853, 0.08530317596741163, 0.02294720657197636] - [0.029045089647134575, 0.2000575262158356, -0.1019540365329649, -0.1281125513892415] - [-0.09332424706013864, 0.5137659755652717, -0.22552013035328503, -0.19501493621608604] - [-0.026094193651145965, 0.018354550444042446, -0.05045423357116746, 0.056814854085607235]
B1: -0.0002873908895199314 - -0.00015348779061363468 - 5.655435682986351e-05 - 6.44269181183724e-05
B2: 7.48960387573035e-05 - 0.00012156680174121058 - 9.123972661637228e-05 - 5.553002521659107e-05
