Number: 347
Error: 6.050397251878608e-10
A1: [-0.012220727620361416, -0.014586327661696324, 0.018012865404246525, 0.008511162653442445] - [0.06585245076067114, 0.18951182108507605, -0.14530477287322113, -0.10998939357881266] - [-0.09624229406271544, 0.4218351746017901, -0.053402225807126905, -0.27197658075267955] - [-0.0013362892128962092, -0.018233464840249444, -0.003850846366089403, 0.023359640617300118]
A2: [0.16160252610293568, -0.1677392740340318, 0.00851681696742301, -0.0023176682921435205] - [0.035477864492113674, 0.20750898529024964, -0.11721825552199462, -0.1257997203070892] - [-0.08618671553865954, 0.5815643988062612, -0.23536262298609242, -0.2599094137334887] - [-0.003813826661329036, -0.00449848997478291, 0.0011312027637232348, 0.007263635386352539]
B1: 7.076109818613328e-06 - -5.667640547743301e-05 - 1.1332292786394563e-05 - 1.8660250582485667e-05
B2: 0.00011643653656275703 - -1.2877408238791322e-05 - -6.754763568501919e-05 - -5.396438350650908e-05
