Number: 5995
Error: 6.016561153556281e-12
A1: [0.08043527798031654, -0.18046421779257857, -0.019585267820673706, 0.1196285647198598] - [0.03740844170505202, 0.13358925318513767, -0.13473331037593725, -0.03629295950838197] - [-0.0017029627151358088, 0.22818997284810905, -0.12282852598997678, -0.10365905381583566] - [0.03886396919407094, -0.1144802857754032, -0.04641570692499949, 0.12203496235512105]
A2: [0.03530495523567391, -0.029275970584811663, -0.07569971532233549, 0.06966080401513344] - [0.10287953558322767, 0.2828823654236354, -0.3926201449550773, 0.006801110708427857] - [-0.011182943227456726, 0.5390187723846669, -0.3594470810288109, -0.1683720844308187] - [0.09786064002181728, 0.017461147349820915, -0.16885306608670608, 0.05352261176480167]
B1: -4.1993340496368975e-06 - -2.0594815851089142e-07 - -1.5951165516344558e-06 - -3.3010694176222985e-06
B2: 3.576370559160354e-06 - -3.809009501316979e-06 - -2.2868152461524184e-06 - 1.0023975569171632e-06
