Number: 2915
Error: 3.5808734213907075e-08
A1: [0.06387512232289513, -0.047432056373817914, -0.02300625129776926, 0.008292634362405963] - [0.04326922127551385, 0.19089142956584446, -0.14296882296016333, -0.09294405150245541] - [-0.123250184540404, 0.41505476231834915, -0.10466432432513459, -0.18687977590987356] - [0.037081353422897444, 0.01924441499502626, -0.03305626601373921, -0.022976520341017503]
A2: [0.06419466958588221, -0.17293835855830134, 0.08707265373593641, 0.024698761561037643] - [0.029382793258866502, 0.20039006382378038, -0.10161765231162209, -0.12778231640319412] - [-0.09255485841839187, 0.5145204858841447, -0.22474893190627662, -0.19426970104965138] - [-0.025408095921332353, 0.019035994836844712, -0.049767751027469984, 0.057482950696195106]
B1: 0.00010436385609061653 - -8.341192576335869e-05 - 2.341727430282909e-05 - 0.00014470365610163525
B2: 6.842411904440306e-05 - 0.00044426231776693154 - 0.00012522163668586095 - 0.00016539246241043098
