Number: 3194
Error: 0.001644196271040311
A1: [-0.0662827717120236, -0.18509374493872394, -0.15688297756909708, -0.12321687894293562] - [0.05711247601629857, 0.20361608176456472, -0.130863376234448, -0.08128807241786572] - [-0.1612950685850731, 0.3712492802189524, -0.14636377069693085, -0.22907119389613484] - [0.0775724139986128, 0.057073927214810666, 0.010831565770799606, 0.022037276286004853]
A2: [-0.0336000040102301, -0.25491780985012635, 0.008971657185447117, -0.03349572763258059] - [0.0512312749832927, 0.22413157864124528, -0.07729706498721625, -0.10311091829516075] - [-0.10720135704072836, 0.5044184625394288, -0.23794919450059246, -0.2102522026700313] - [0.05531807581018716, 0.0995512962774747, 0.02460912113975616, 0.11499980064265827]
B1: -0.00858674976179371 - -0.0554030372910518 - -0.014920600205161689 - -0.021251180354045072
B2: 0.05314742974008642 - 0.05643827259585056 - 0.005114950199782978 - -0.060156598234729866
