Number: 8027
Error: 8.769894721063198e-16
A1: [0.0804317731152409, -0.18046772232991415, -0.019588768648419342, 0.11962506015872437] - [0.03741550967077058, 0.13359631590520474, -0.13472625638111188, -0.03628589538141548] - [-0.0017027937220706355, 0.2281901417969481, -0.12282835739151024, -0.10365888494048782] - [0.03886331206299418, -0.11448094113642195, -0.04641636381137028, 0.12203430553855714]
A2: [0.035307439413760466, -0.029273479454571986, -0.07569735341919882, 0.06966340392683844] - [0.10289375214433887, 0.28289670275129064, -0.39260639482607096, 0.006815997546974431] - [-0.011187136903257766, 0.5390145535546642, -0.35945105043124526, -0.16837650346088381] - [0.09786279659432034, 0.017463313669163455, -0.16885101319275383, 0.05352487542996932]
B1: 6.344513413500571e-09 - -3.883023947066395e-09 - -1.0941858476989534e-08 - -5.6415589746059376e-09
B2: -3.487700182606392e-09 - -2.1796309615959656e-09 - -2.471927444827879e-09 - -7.178891973092718e-09
