Number: 916
Error: 6.068187582140066e-10
A1: [-0.012227782896275961, -0.014593721472781412, 0.018005008994511653, 0.008503506404084213] - [0.06584247610494173, 0.18950221839041145, -0.14531507909026217, -0.11000050133886703] - [-0.09641571129926835, 0.4216674800992463, -0.05359044674627754, -0.2721786869589786] - [-0.001299196049988336, -0.018197711948010908, -0.0038113540968933188, 0.023402672245109328]
A2: [0.16160767134252318, -0.167734046396223, 0.008521970668306872, -0.002312428400747905] - [0.035530181254079286, 0.20756046553522456, -0.11716614812714998, -0.12574854286620185] - [-0.0862209270553471, 0.581531037615426, -0.23539581101964466, -0.2599426087399905] - [-0.003910560285918509, -0.004593566893671748, 0.001035479427900869, 0.007171087468074241]
B1: -2.2118575550783296e-05 - -3.40556087433632e-05 - -1.4007394451668489e-05 - -3.765701672306889e-06
B2: -1.8359725175623027e-05 - -2.0154918663175645e-05 - -2.136429884635858e-05 - -0.00010060068025010721
