Number: 7248
Error: 9.263646043066038e-16
A1: [0.08043168274677903, -0.18046781268813386, -0.01958885890882386, 0.11962496980058404] - [0.0374155837395811, 0.13359638991795658, -0.1347261824599335, -0.03628582135365379] - [-0.0017028398346169828, 0.22819009568539061, -0.12282840343653974, -0.10365893104073001] - [0.03886322788887274, -0.11448102507431551, -0.04641644793186155, 0.12203422141674827]
A2: [0.03530740522771995, -0.029273513735177167, -0.0756973859228817, 0.06966336814746958] - [0.10289383602764356, 0.28289678734651363, -0.3926063136952383, 0.006816085385048532] - [-0.011187018937596063, 0.5390146722239537, -0.3594509387740999, -0.16837637915643888] - [0.0978628204224421, 0.01746333760568262, -0.16885099050991784, 0.05352490044173332]
B1: -1.5369750208283484e-08 - 3.2777601658364444e-08 - 2.6445229446244422e-08 - 3.115091395160365e-09
B2: 1.3071778988116222e-08 - 1.4088629469855943e-08 - 3.152219839088772e-09 - 1.4431730103896022e-08
