Number: 6108
Error: 6.1634656365604765e-15
A1: [0.08043163655970478, -0.18046785887000688, -0.019588905040687863, 0.11962492361876816] - [0.03741558985077349, 0.13359639602448434, -0.1347261763609443, -0.03628581524586517] - [-0.0017027945935988926, 0.22819014092543696, -0.12282835826177009, -0.10365888581182012] - [0.03886285560020845, -0.11448139631820392, -0.04641681998330662, 0.12203384935945465]
A2: [0.03530742289481823, -0.029273496019222547, -0.07569736912518123, 0.06966338663800994] - [0.10289368989827875, 0.28289663997692555, -0.3926064550296413, 0.0068159323662301576] - [-0.011187254253072277, 0.5390144355049242, -0.3594511615052284, -0.1683766271166081] - [0.09786278304884877, 0.017463300062084738, -0.16885102608710922, 0.05352486121162115]
B1: 5.519407885755977e-08 - 4.865331900878443e-08 - 7.184428648630939e-08 - -5.636621085766646e-09
B2: 3.335830504519123e-07 - 4.2227269169423885e-07 - -3.915008538833758e-07 - 2.6178602718791985e-08
