Number: 1593
Error: 1.479721963325895e-07
A1: [-0.005104642337936677, -0.012891501288504642, 0.0051644324212471475, 0.021591468940373] - [0.06612861451648593, 0.18921268801567645, -0.14745704870777798, -0.11063855254146789] - [-0.11386315667415253, 0.4405334770323471, -0.07211923423652634, -0.25948351462818187] - [-0.022278003532395854, 0.016414561824220388, -0.028820530687282825, 0.040062129941286925]
A2: [0.13120884273522582, -0.22500179494929992, 0.022295639925961425, 0.06978933791141459] - [0.03260291912140478, 0.20370653833661478, -0.11493080324660762, -0.12149954056668442] - [-0.09536047034129798, 0.5548148582285845, -0.23592633730656604, -0.22636059417232168] - [-0.021695350498032336, -0.020136177438215063, 0.0072539855176445775, 0.03134411584081152]
B1: -0.00014403018080200451 - -0.0004292383817765041 - 0.00023496260800243314 - -0.00028756542979538726
B2: -0.0007060484136731124 - -0.0011963744523484602 - 0.000880845689296946 - -0.0003356556260404924
