Number: 7353
Error: 8.548101720908499e-16
A1: [0.08043164487247555, -0.1804678505581498, -0.019588896737842417, 0.11962493193060622] - [0.0374155782155222, 0.13359638439807786, -0.13472618797298622, -0.03628582687465247] - [-0.0017028776204857025, 0.22819005790032404, -0.12282844116708738, -0.10365896881651518] - [0.038863217519357646, -0.1144810354147324, -0.0464164582947717, 0.12203421105367737]
A2: [0.035307384000689, -0.02927353502091824, -0.07569740610528951, 0.06966334593109495] - [0.10289370434337848, 0.282896654544638, -0.3926064410585627, 0.006815947492419334] - [-0.011187080715767002, 0.5390146100773052, -0.3594509972485008, -0.16837644425423187] - [0.09786276075455995, 0.017463277666394234, -0.16885104730990597, 0.05352483780991112]
B1: -3.0724494737916584e-08 - -1.5115980419589584e-08 - 1.52461947806594e-09 - -3.237844394035588e-09
B2: -1.5849622351920754e-08 - 5.80236553171096e-09 - -3.0269886594181426e-08 - 3.387167665624923e-09
