Number: 4737
Error: 9.687552262979904e-16
A1: [0.0662132153428622, -0.11395204680051152, -0.023983916645460786, 0.07172290175420502] - [0.03740263624703314, 0.18819339247970415, -0.14740892306842218, -0.07818698646499567] - [-0.06022933102770113, 0.3289508388299978, -0.12775307025128058, -0.1409682829888813] - [0.039046210092344, -0.053322637702561515, -0.03741854109579566, 0.05169516931461944]
A2: [-0.009108630460762854, -0.34680324346971503, 0.24945503520965642, 0.10645662256666916] - [0.08003993472318377, 0.03628237435030735, -0.05024999317676577, -0.06607183940081657] - [-0.04245284556855643, 0.23083186227080435, -0.04053127352599961, -0.14784786785004966] - [0.06813468794093089, -0.29346795223044875, 0.14177114219020198, 0.08356175860814967]
B1: 6.037588755538914e-09 - 3.468236506918859e-08 - -5.68765951825314e-09 - -2.2234087559227656e-08
B2: 4.586915417549272e-09 - 4.484338655831129e-09 - 5.091971656160156e-09 - 8.825478149725684e-09
