Number: 1169
Error: 3.9061285937923457e-07
A1: [-0.004449151556318883, -0.012214129656689075, 0.00584750705002844, 0.022258423924261337] - [0.06838992059097586, 0.19138782099731455, -0.14511936744204065, -0.10812022676456545] - [-0.11103205059615544, 0.4433269124045059, -0.06916236285236933, -0.2564233615769926] - [-0.0166504689321493, 0.02197181797727993, -0.023045582892427738, 0.04599795918875364]
A2: [0.1321247745601678, -0.22410082055063943, 0.02320085799924653, 0.07069406204666652] - [0.031919588312391695, 0.20303818391860948, -0.1156093887513648, -0.12217320703082706] - [-0.094045849024436, 0.5561013751217712, -0.2346298110781458, -0.22507714690975333] - [-0.02006590435811353, -0.018536649554108043, 0.00887285065418586, 0.03291557092375482]
B1: 0.00014054650154830107 - 0.0008662472307660452 - -0.00011230593008759108 - 8.137039993846688e-06
B2: -9.845079173168231e-05 - 0.0009618960755466968 - 0.0010828212494985215 - 0.00029267312609911387
