Number: 6561
Error: 1.509534080919595e-15
A1: [0.08043168265062847, -0.18046781278427415, -0.0195888590048625, 0.11962496970444382] - [0.0374155709591054, 0.13359637714715084, -0.1347261952149491, -0.03628583412705125] - [-0.0017027900866627994, 0.22819014543228255, -0.12282835376143167, -0.1036588813060573] - [0.038863205491720704, -0.11448104740861198, -0.046416470314739236, 0.12203419903351867]
A2: [0.03530742717712021, -0.029273491725069704, -0.07569736505365075, 0.0696633911198847] - [0.10289373321728922, 0.28289668366359666, -0.39260641313208866, 0.00681597772759841] - [-0.011187117886209757, 0.539014572685171, -0.3594510324311479, -0.16837648342200306] - [0.09786278919633051, 0.017463306237536287, -0.16885102023515483, 0.053524867664485935]
B1: -1.7971247226329496e-09 - -1.620613705716105e-09 - -3.828722114927439e-09 - -4.6723337843900754e-09
B2: -3.7470982614356846e-09 - -1.4245406494157637e-08 - 2.3512346470856887e-08 - -1.9017769723444343e-08
