Number: 2970
Error: 2.4612562896774923e-08
A1: [0.06328196427931004, -0.04802288988525879, -0.023593551822687395, 0.007703829939901736] - [0.04313801456346799, 0.19076521103324484, -0.1431034449873958, -0.09308685908096703] - [-0.12387521785096768, 0.4144370320345401, -0.10528779442302867, -0.18749831273107562] - [0.03664184893471109, 0.018808208348427138, -0.03349292357103716, -0.02340905814303667]
A2: [0.06406402419068617, -0.17306733598355223, 0.08694682321005014, 0.024572681194340782] - [0.029211142257183118, 0.20022098359443075, -0.10178908095679969, -0.1279504970994513] - [-0.09339685443197092, 0.5136955131622507, -0.2255900879989803, -0.19508250514338574] - [-0.026229827811405863, 0.018218766585326732, -0.05059012136485196, 0.05668463223971001]
B1: 0.00025946761549190873 - 2.6428847671811743e-05 - 2.500840991215405e-05 - -0.00017309730960831727
B2: 9.494951974363278e-05 - -0.00015329922920344897 - -6.977135241590315e-05 - -6.991131284763078e-05
