Number: 7590
Error: 1.1245815062030426e-15
A1: [0.08043170878005755, -0.1804677866578121, -0.019588832906684995, 0.11962499583088287] - [0.03741560937249442, 0.13359641553146423, -0.1347261568780983, -0.03628579573494397] - [-0.0017027904531398013, 0.22819014506580815, -0.12282835412737457, -0.1036588816724352] - [0.03886325353806375, -0.11448099949711327, -0.046416422299022965, 0.12203424704999183]
A2: [0.03530745497813708, -0.029273463847149506, -0.0756973386207917, 0.06966342021665028] - [0.10289377046711393, 0.28289672122957293, -0.39260637710453006, 0.006816016733606789] - [-0.011187116226058098, 0.5390145743552163, -0.35945103085978547, -0.16837648167263508] - [0.09786280311332118, 0.017463320217833863, -0.16885100698708508, 0.053524882272800826]
B1: 9.184628543456105e-09 - 1.7016060538929802e-08 - 7.452685243082807e-09 - 8.794644680320355e-09
B2: 1.3229765962191276e-08 - 1.5387227074158592e-08 - 1.3171625212108834e-08 - 1.2326186601620229e-08
