Number: 1060
Error: 6.4760281733501e-05
A1: [-0.0031704267946368117, -0.011774944394781378, 0.007662014215326135, 0.022005353481426834] - [0.0812729714733564, 0.20365151873949666, -0.13221742809334333, -0.09388665854206589] - [-0.17943653920635563, 0.3711466314341681, -0.153963582052083, -0.33710585769676593] - [0.03355845617585194, 0.07310832790362101, 0.04079934543754034, 0.10172689760184712]
A2: [0.16465921495292335, -0.1905488288292344, 0.05145610987613003, 0.10406033944041024] - [0.02046696900834726, 0.19194736177361263, -0.12645693084006984, -0.1339022290201388] - [-0.17346808539924594, 0.47935022028945695, -0.3024562971896867, -0.3121150757279175] - [-0.011616758169126482, -0.010805177173125177, 0.01780174984251412, 0.04022555915219945]
B1: -0.0022618559211905875 - 0.008011196360182505 - -0.00031314577630050643 - -0.007218145114338453
B2: 0.006575443955348899 - -0.008634131840475241 - 0.007572854448305155 - -0.007769000588650732
