Number: 8602
Error: 8.363874039158306e-16
A1: [0.080431684058317, -0.18046781137672116, -0.01958885759887391, 0.11962497111198658] - [0.037415544707214234, 0.1335963509151964, -0.13472622141430626, -0.03628586036427505] - [-0.0017027712043390453, 0.22819016431419203, -0.12282833490676243, -0.10365886242876239] - [0.038863228412222464, -0.11448102455236005, -0.04641644740883118, 0.12203422193982927]
A2: [0.03530747607155817, -0.029273442695372985, -0.07569731856533714, 0.06966344229304937] - [0.102893644023173, 0.28289659371255615, -0.39260649939955705, 0.0068158843284945375] - [-0.011187134160637238, 0.5390145563136592, -0.35945104783536075, -0.16837650057081077] - [0.09786273882780196, 0.017463255639882193, -0.16885106818288906, 0.05352481479407265]
B1: 5.839212302898914e-08 - -9.440154142491002e-09 - 2.2027130223826065e-08 - 2.8178380988270733e-08
B2: 1.1942457215273616e-08 - -6.098365361061972e-09 - 4.512143888201912e-08 - 1.4562999403293558e-08
