Number: 6449
Error: 1.379005194897665e-15
A1: [0.0804317031982217, -0.18046779223900797, -0.019588838481838244, 0.11962499024969034] - [0.03741560077620118, 0.13359640694167935, -0.13472616545726468, -0.03628580432647229] - [-0.0017028075701812095, 0.22819012794913687, -0.12282837121935146, -0.10365889878490973] - [0.038863224933737485, -0.11448102802115687, -0.04641645088511109, 0.12203421846345197]
A2: [0.03530745153622293, -0.02927346729859275, -0.0756973418933354, 0.06966341661433692] - [0.1028937594398453, 0.28289671010870737, -0.3926063877699799, 0.006816005186454045] - [-0.011187082747858632, 0.5390146080331089, -0.3594509991719475, -0.1683764463954805] - [0.09786281440402812, 0.0174633315598957, -0.1688509962390668, 0.05352489412437193]
B1: 5.639672959583126e-10 - 8.632769763993772e-09 - 1.9585771095345424e-09 - 3.0625903718927444e-09
B2: 9.344774887977975e-09 - 2.9444847249481275e-09 - 8.98565132840067e-09 - -8.158089300288719e-09
