Number: 1691
Error: 4.591234534584879e-07
A1: [-0.01125387785884595, -0.019104468738162565, -0.0012307621937852151, 0.015266631375000018] - [0.06751437209087309, 0.19054576063821022, -0.1460251030513925, -0.10909783207483181] - [-0.11304217057845872, 0.441317859165167, -0.07127528116653524, -0.2586016608044928] - [-0.024674342251772986, 0.014048897428589105, -0.03126686147671987, 0.037523882565915455]
A2: [0.13245873688161827, -0.22376075228456455, 0.02351920030728156, 0.07100614935259664] - [0.033316559691006185, 0.20440970353293125, -0.11422081066262307, -0.1208000608560108] - [-0.09554074801350894, 0.5546469230738125, -0.23610102591637294, -0.22654320287897833] - [-0.019697531287808677, -0.018159625705802304, 0.009232115775826128, 0.03326141636615856]
B1: -3.835701596836819e-05 - 0.0012019739052542655 - -0.0004992156261056708 - 0.00014687028037545105
B2: -0.0012043603450062202 - 2.5832585963946248e-05 - 0.0005467369580856674 - -0.00015600543949852516
