Number: 4478
Error: 9.001913913548192e-16
A1: [0.06621316480261806, -0.11395209621136239, -0.023983967146037663, 0.07172285129880616] - [0.037402612575955806, 0.1881933698635795, -0.14740894633890378, -0.07818700973753022] - [-0.06022919565223903, 0.32895096885066927, -0.12775293778084063, -0.14096815123108386] - [0.03904613951571551, -0.05332270469126773, -0.03741860937635662, 0.05169510158853716]
A2: [-0.009108514948837465, -0.3468031209297156, 0.24945515165626433, 0.10645674367459364] - [0.08003982081942297, 0.03628225164338624, -0.05025011766706524, -0.06607196494813153] - [-0.04245288725819088, 0.23083181625953542, -0.0405313182023597, -0.14784791395717337] - [0.06813489316686919, -0.29346772626799505, 0.14177136467489412, 0.08356198870403608]
B1: -8.942241425590204e-09 - -7.599676312551613e-09 - -3.525262061229803e-08 - 3.5229615526940756e-08
B2: 1.792013380886728e-08 - 7.646121889171551e-09 - -4.136424511791744e-08 - 1.3104662339504567e-08
