Number: 6543
Error: 1.1149465470833161e-15
A1: [0.08043168588171097, -0.1804678095535576, -0.01958885577764343, 0.11962497293515727] - [0.037415584128359415, 0.13359639030643763, -0.13472618207193512, -0.036285820965092225] - [-0.0017028089192765885, 0.22819012660007035, -0.12282837256647156, -0.10365890013364507] - [0.0388632232431696, -0.11448102970698046, -0.046416452574601745, 0.12203421677393478]
A2: [0.035307428609702006, -0.029273490288525605, -0.07569736369157068, 0.06966339261923737] - [0.10289373810392605, 0.28289668859170713, -0.39260640840579814, 0.006815982844622386] - [-0.011187111016060097, 0.5390145795962983, -0.3594510259284041, -0.16837647618268373] - [0.09786279885377847, 0.017463315938912843, -0.16885101104189235, 0.053524877801665705]
B1: 5.338099849526216e-10 - -1.6281891184469932e-09 - -4.6114402501925724e-10 - -2.2311287769199358e-09
B2: -3.97218199541523e-10 - -4.474135766185987e-09 - 1.0603143910160819e-08 - -6.478739387277219e-09
