Number: 203
Error: 3.4384958570301687e-06
A1: [-0.021493777778726672, -0.024113737944602004, 0.0077339168344451575, -0.0013892782306213617] - [0.06906772161782301, 0.19260034174574361, -0.1419771550081288, -0.10640651704512437] - [-0.09389982944954411, 0.4241769760330731, -0.05083635680982716, -0.2692056929939844] - [0.019730809970609917, 0.00180357056819967, 0.01849217409247416, 0.04753310293615204]
A2: [0.15728946379939193, -0.17197764678051483, 0.00438923255832884, -0.006686370748673972] - [0.04470664508942403, 0.21660347354394918, -0.10801380317824544, -0.11676071036944306] - [-0.08383065786627011, 0.583844426545665, -0.23303770927011247, -0.25769976646775505] - [0.0008051723235219628, 6.220129399802526e-05, 0.005757610559591839, 0.011676100235409369]
B1: 0.005431816528881394 - 0.002507247697703305 - 0.002356593025144745 - 0.001593056712403751
B2: 0.01049803316986565 - 0.0017040228857149748 - -0.006669134234423342 - 0.003217577917272271
