Number: 9649
Error: 1.873998782990123e-14
A1: [0.053172882698074, -0.14800093829770417, -0.026998715131186544, 0.12182815470063361] - [0.0053138786421882, 0.13083685325795222, -0.11360058497422633, -0.022549604326210275] - [-0.014444616400822279, 0.22309148095245868, -0.1270413193122707, -0.08160607287282051] - [0.027146592536546676, -0.10001990559917716, -0.0494243756810088, 0.12229825318131023]
A2: [0.08925537882061495, -0.0729124549125266, -0.12362652395434544, 0.10728731190294302] - [0.10884236293006329, 0.24981481535417224, -0.4048446679621803, 0.046190124889152945] - [0.03663654331186649, 0.4625557276193086, -0.3777168535679938, -0.12147264978751868] - [0.14342713828494463, -0.04460592086541711, -0.20149884702641635, 0.10268057803838583]
B1: -1.450411048009013e-07 - -8.422416996577744e-08 - -1.0534631186964059e-07 - -9.747223195076099e-08
B2: -3.098006107488977e-08 - -1.0385016947325155e-07 - -9.781125078273589e-08 - -1.4192824697808032e-07
