Number: 1886
Error: 1.4239573388086719e-07
A1: [-0.0037317768767797296, -0.011458943372759413, 0.00663293821101218, 0.02301034397043739] - [0.06917715893450684, 0.19215068787243544, -0.14430012379833632, -0.10724771803568457] - [-0.11246812864457557, 0.4418879630367678, -0.07073074002634383, -0.2579917243778452] - [-0.021964533005089545, 0.016747719833547052, -0.028573598327592743, 0.04039248486820647]
A2: [0.13129997406376082, -0.22497656147842401, 0.022316953070850496, 0.06983398172413038] - [0.033140938325362655, 0.20424884681937952, -0.1143887076655585, -0.12095974589118658] - [-0.09523940554395176, 0.5549192959909087, -0.23578871604721277, -0.2261707832031919] - [-0.019639712883461714, -0.018161823851728872, 0.00923039956324808, 0.033277503148892267]
B1: -0.00018829651536091883 - -8.851871048320926e-05 - -0.0003551026790422079 - 0.00029014593374617577
B2: -0.0007554562933304345 - 0.0014007995478062638 - 0.000371947604259117 - -0.00014271243600968124
