Number: 9049
Error: 7.407238097852412e-05
A1: [0.025528462282585394, -0.19082552516698947, -0.05728796524775056, 0.08939757421844921] - [0.019114793794634505, 0.1415012109926424, -0.1025142631883254, -0.01104580585794943] - [0.008904427427816336, 0.25632653572424335, -0.09044590028663492, -0.0508396799381327] - [0.02972453584253698, -0.09706130977026248, -0.04314157542821529, 0.12537068092820194]
A2: [0.14334921415362908, -0.00748135635943957, -0.050632185353444686, 0.17521874825415537] - [0.046400514844196876, 0.1725349520167296, -0.481292798013409, -0.032323251004859374] - [0.048559663889773154, 0.4822077976720081, -0.36816121158153753, -0.1066629510045668] - [0.15882518787394567, -0.02481560186902385, -0.18505488522738647, 0.12186317979072832]
B1: -0.00871196309751254 - -0.01654337807415026 - -0.03917584596320131 - -0.015726424112339276
B2: -0.024688884661953202 - -0.00990710795713612 - -0.0159595123874492 - -0.008615159905727138
