Number: 2819
Error: 8.633772066144682e-10
A1: [0.06332307471475553, -0.04798328812416239, -0.023554242194227106, 0.007744493435896717] - [0.04352387672893916, 0.19113764524909582, -0.14270638011315648, -0.09266347780369866] - [-0.1233007073583776, 0.4150042725913628, -0.10471480008907115, -0.18692953419267894] - [0.03706001515062813, 0.019223246751888582, -0.03307677366051015, -0.022996584340817663]
A2: [0.06343966676007859, -0.17368746462493476, 0.08632154510682255, 0.023955727287259938] - [0.029127874057497415, 0.20013908196313157, -0.10187155104055132, -0.12803154029611213] - [-0.09360769751676319, 0.5134877714175622, -0.22580422472482023, -0.19528955784002203] - [-0.026155334531505214, 0.01829377492022763, -0.0505154583504745, 0.05675525792159508]
B1: 9.389768650928034e-05 - -6.026367033799913e-05 - -5.346279576047936e-05 - 3.743059598443829e-05
B2: -1.758597112145196e-05 - -1.3294081003346932e-05 - 8.132597379165126e-06 - 3.326845676867668e-05
