Number: 4867
Error: 1.4048262106505614e-15
A1: [0.06621322365260607, -0.1139520386764371, -0.02398390834221729, 0.07172291005002407] - [0.03740260761462294, 0.1881933651233822, -0.1474089512162705, -0.07818701461533274] - [-0.06022942334723058, 0.328950750162142, -0.12775316058972624, -0.1409683728414566] - [0.03904623771587017, -0.05332261148327995, -0.03741851437087281, 0.051695195822540306]
A2: [-0.00910854657426827, -0.3468031544793682, 0.24945511977489818, 0.10645671051707871] - [0.08003991272371427, 0.036282350650587956, -0.050250017220908695, -0.06607186364912582] - [-0.04245276269259902, 0.23083195373769216, -0.040531184712936694, -0.14784777619256487] - [0.0681348907669144, -0.2934677289106087, 0.1417713620728191, 0.08356198601304547]
B1: -2.9800366993541132e-08 - -2.4979180396222696e-10 - -2.6724738672832785e-08 - 2.089575728866065e-09
B2: -3.63479699617151e-08 - -1.1919003938895323e-08 - 2.4885517273223732e-08 - 1.908764178152972e-08
