Number: 7710
Error: 1.139021004629044e-15
A1: [0.0804316722411712, -0.18046782319256027, -0.019588869401866563, 0.11962495929617875] - [0.03741559572476428, 0.1335964018940611, -0.13472617049862112, -0.03628580937510719] - [-0.001702831271770615, 0.22819010424804828, -0.12282839488623142, -0.10365892248016707] - [0.03886321808792489, -0.11448103484776716, -0.04641645772655785, 0.12203421162189403]
A2: [0.03530737028199194, -0.02927354877754705, -0.0756974191488906, 0.0696633315730374] - [0.10289363442399205, 0.2828965840318574, -0.39260650868372027, 0.006815874276674138] - [-0.01118714160473464, 0.5390145488251717, -0.3594510548812748, -0.16837650841500806] - [0.09786277401413213, 0.017463290986286167, -0.16885103468765258, 0.05352485172815375]
B1: 1.8925335527384322e-08 - -1.8452564027366145e-08 - -3.5467808902468794e-08 - -1.672743898293881e-08
B2: -9.012306358878053e-09 - 7.882011291348744e-09 - -5.633891510500829e-09 - -8.442792203543964e-09
