Number: 1134
Error: 1.9166286674382954e-06
A1: [-0.00463647745833384, -0.01237890818718796, 0.005725958419665308, 0.022019206934171878] - [0.06475337271264155, 0.18786411297219477, -0.14889219203474163, -0.11213932838158439] - [-0.10917149181752815, 0.4451992838324754, -0.06714663956928801, -0.2544453653817699] - [-0.025566723213141334, 0.013157475394176527, -0.03203898155687225, 0.036589979844904634]
A2: [0.13519511103897408, -0.22107284326872065, 0.026241359000088352, 0.07364748280675036] - [0.02728858914210974, 0.19850573828604165, -0.1202271634856876, -0.12669606640623873] - [-0.09187528180452105, 0.5583242353582125, -0.23247200894370595, -0.22301180460905062] - [-0.01271850739498033, -0.011366980693204678, 0.016186815554321672, 0.0398727668460468]
B1: 0.0015008460358753547 - -0.0025409842615368708 - 0.0029368486709240855 - 0.00015292698280135034
B2: 0.00023772585720948335 - -0.0014239521050440642 - -0.00027544164116575 - 0.0003885644307668266
