Number: 1308
Error: 5.45402763951285e-09
A1: [-0.007720531029427338, -0.015531526857791281, 0.002443712379577847, 0.018907252992675597] - [0.06655636287348264, 0.18962421869117668, -0.14701472723052528, -0.11016310888137462] - [-0.11304665473099254, 0.44133367740017576, -0.07126936955797891, -0.25859940387418284] - [-0.02410556100579033, 0.014621051798105286, -0.030685116595641614, 0.03813431208290657]
A2: [0.13152021222120056, -0.22469382008387084, 0.022602213438906654, 0.07009624231604145] - [0.03242350611998325, 0.2035300162108304, -0.11511023689715869, -0.12167538575961552] - [-0.09393944678216423, 0.5562128213398452, -0.23453053310160957, -0.2249633832853335] - [-0.021099709776888676, -0.019544949471743532, 0.007848363152694162, 0.031920055251719474]
B1: -0.00011485138438350997 - 0.00019921792654076074 - 0.0001018878127128908 - -9.360719420612075e-05
B2: 2.9439999905810193e-05 - -0.00016015569173554562 - 1.2024127508200225e-05 - 2.5904216739171503e-05
