Number: 7206
Error: 9.04571799295699e-16
A1: [0.08043171388202662, -0.18046778155641427, -0.01958882781080865, 0.11962500093227382] - [0.03741561884936656, 0.1335964250011672, -0.1347261474201095, -0.03628578626331913] - [-0.0017028402746047276, 0.2281900952454167, -0.12282840387587672, -0.10365893148059725] - [0.03886326979656884, -0.11448098328423087, -0.0464164060508755, 0.12203426329839544]
A2: [0.03530738685692135, -0.02927353215678651, -0.07569740338960615, 0.06966334892044233] - [0.10289376654713564, 0.2828967172763214, -0.39260638089589056, 0.006816012628822542] - [-0.011187071407442649, 0.5390146194411504, -0.3594509884379677, -0.16837643444572975] - [0.09786279087547656, 0.017463307924319358, -0.1688510186367237, 0.05352486942704771]
B1: -1.3537110401790051e-08 - 6.843926010691749e-09 - 1.6795502736131053e-08 - 8.658369365962701e-10
B2: 1.3400963193346272e-08 - 1.1948409359169947e-08 - -2.4487789808853585e-08 - 1.8130458946635533e-08
