Number: 9793
Error: 1.0574330896011738e-15
A1: [0.05317249171113245, -0.14800132942641747, -0.026999105685472032, 0.1218277635247396] - [0.005313762640430023, 0.13083673713695726, -0.11360070095531521, -0.022549720492317554] - [-0.014444536147237145, 0.22309156123706406, -0.12704123912034104, -0.08160599259086698] - [0.02714649529159101, -0.10002000284240485, -0.04942447312944488, 0.12229815568905444]
A2: [0.08925443961111719, -0.07291339194889852, -0.12362744200145756, 0.1072863611132362] - [0.10884164325928589, 0.24981409555648668, -0.40484537337868876, 0.04618939310921442] - [0.036635812405001536, 0.46255500051502124, -0.37771756667782647, -0.12147338827578195] - [0.14342659125038804, -0.0446064658604691, -0.2014993811562008, 0.10268002288902775]
B1: 1.0228621861372511e-07 - -1.0444848892531954e-08 - -4.735209078083532e-08 - -2.181693129632568e-08
B2: 1.95076377021469e-09 - 1.927736319909555e-08 - -2.8422669234375224e-08 - 3.785241267421392e-08
