Number: 6207
Error: 7.458598829780266e-16
A1: [0.08043164722689136, -0.18046784820399517, -0.019588894386241784, 0.11962493428475536] - [0.03741555672395309, 0.13359636292277663, -0.13472620942173708, -0.03628584835431487] - [-0.0017028281890125005, 0.2281901073307481, -0.12282839180799435, -0.10365891939823588] - [0.03886321684020893, -0.11448103609196869, -0.04641645897348343, 0.12203421037495635]
A2: [0.03530738282844206, -0.029273536196414356, -0.07569740721977342, 0.06966334470414974] - [0.10289371285192662, 0.2828966631253896, -0.39260643282919533, 0.006815956402073646] - [-0.011187069329343352, 0.5390146215316628, -0.3594509864710407, -0.16837643225591722] - [0.09786277902612887, 0.017463296021072404, -0.16885102991651754, 0.05352485698907134]
B1: -2.8492066894657897e-08 - -9.77019047889379e-09 - -5.720282025307383e-09 - -9.733755552042935e-09
B2: -2.3050175181341734e-08 - -2.835769316472255e-08 - 1.6416514024253652e-10 - -9.485717822805481e-09
