Number: 4079
Error: 1.203154377511011e-15
A1: [0.06621315842926903, -0.11395210244226313, -0.023983973514364158, 0.07172284493616751] - [0.037402642656970214, 0.18819339860394985, -0.14740891676696727, -0.07818698016296399] - [-0.06022936573841387, 0.32895080549226224, -0.12775310421712838, -0.14096831677225538] - [0.0390461285302055, -0.053322715118361376, -0.0374186200045128, 0.05169509104665923]
A2: [-0.009108511697122283, -0.3468031174801166, 0.24945515493434145, 0.10645674708390962] - [0.08003983169688313, 0.03628226336149766, -0.05025010577864607, -0.06607195295878826] - [-0.04245280271547874, 0.2308319095660355, -0.04053122760314697, -0.14784782045629055] - [0.06813478553247226, -0.29346784477804494, 0.1417712479889376, 0.08356186802612574]
B1: -1.5634949363879975e-08 - -3.4704685399660637e-09 - 2.2115273279214626e-09 - 1.0427172926530613e-09
B2: -1.1288853370093952e-08 - 2.2867601322362683e-08 - -2.979943339531264e-09 - -1.5545261767504715e-08
