Number: 4486
Error: 1.2735635123617084e-15
A1: [0.06621316901319178, -0.11395209209488207, -0.023983962938769008, 0.07172285550231045] - [0.03740261963666288, 0.188193376609606, -0.14740893939768734, -0.07818700279570094] - [-0.06022921785540926, 0.32895094752575316, -0.12775295950754648, -0.1409681728409263] - [0.0390461714164311, -0.053322674412302075, -0.03741857851347284, 0.05169513220081892]
A2: [-0.009108705549015599, -0.3468033231265817, 0.24945495951392624, 0.1064565438408149] - [0.08003983094610162, 0.03628226255271779, -0.05025010659918348, -0.06607195378627183] - [-0.042452752719775194, 0.23083196474435397, -0.040531174025738706, -0.14784776516289322] - [0.06813470741391067, -0.29346793078993155, 0.1417711633008698, 0.08356178044085415]
B1: 3.379440495281182e-08 - 9.075444831907754e-09 - 2.3440950114250512e-08 - -2.5047623138300637e-08
B2: -7.32890002372516e-09 - -8.256199548127562e-09 - 4.827261571057869e-08 - -6.208925820018354e-09
