Number: 6865
Error: 9.011258522404088e-16
A1: [0.08043165544223922, -0.1804678399895813, -0.019588886180719373, 0.11962494249916172] - [0.03741555925021821, 0.13359636544712614, -0.1347262069005069, -0.036285845829453066] - [-0.00170284767036302, 0.22819008784980763, -0.12282841126081971, -0.10365893887438929] - [0.03886320127366124, -0.11448105161483263, -0.04641647453011228, 0.1220341948180799]
A2: [0.03530740168179162, -0.02927351729091486, -0.07569738929428449, 0.0696633644362587] - [0.10289380890529108, 0.2828967599939713, -0.39260633992764615, 0.006816056984002153] - [-0.011187122377366979, 0.539014568167221, -0.3594510366821232, -0.16837648815449738] - [0.097862811296819, 0.01746332843855116, -0.16885099919692304, 0.05352489086280655]
B1: 1.9528219716290032e-08 - -2.615484272830437e-08 - 5.389043580401012e-09 - 2.3361064851702078e-09
B2: 2.243058877457776e-09 - 3.6424745967913035e-09 - -1.872351943082012e-09 - 3.331855677354013e-09
