Number: 2993
Error: 1.1495353418972484e-08
A1: [0.06323563146031727, -0.048068831907632316, -0.023639901465550596, 0.007656341190265979] - [0.043943494406635045, 0.19154343962845427, -0.14227319319915072, -0.09220017893566212] - [-0.12329425951494044, 0.41501732149478815, -0.1047029725821625, -0.18691549389127188] - [0.03727958290119591, 0.01944784151865533, -0.03285660574344619, -0.02277750799734183]
A2: [0.06405418002841694, -0.17307782218656018, 0.08693746221745455, 0.02456233038391008] - [0.02888086681266941, 0.19989565463588732, -0.10211821544330404, -0.12827412016038936] - [-0.09302293345296007, 0.5140607074490325, -0.22521743001129266, -0.19472158843456666] - [-0.025122226746644803, 0.019316311244443392, -0.049486413795053745, 0.05776095621975321]
B1: -0.00021946925726538155 - -0.00012449881458401592 - 0.0001395828710518371 - 0.00026831864337846804
B2: 3.8831256020102276e-05 - 9.688766275154668e-06 - 0.00024297192784821517 - 6.094284784685802e-05
