Number: 5610
Error: 6.195411792215285e-08
A1: [0.06626642547900166, -0.11390016307293968, -0.023931302568218647, 0.07177549699684779] - [0.037036889593308885, 0.1878440086119832, -0.14776864454463953, -0.07854700557475035] - [-0.060368907020273456, 0.32881623616178696, -0.12789062994338782, -0.1411049893346239] - [0.03901274942144492, -0.05335465921925279, -0.03745128173335748, 0.05166270588837734]
A2: [-0.007860071330566456, -0.34547930238214564, 0.2507131272599708, 0.10776537792702263] - [0.07982000980625653, 0.036045382138819755, -0.050490534134331945, -0.06631429890926256] - [-0.04326975548740735, 0.22993052055638444, -0.04140679410045274, -0.1487516381564783] - [0.06763756453510969, -0.29401507940219773, 0.14123182902217574, 0.08300391589514597]
B1: 0.0005812159213942274 - 0.0006277433550377374 - -0.00042178980387380476 - -0.0006706392057333706
B2: 3.2069069635944317e-05 - -4.9596578260061936e-05 - -9.394813412823187e-06 - -1.8163490430895316e-05
