Number: 255
Error: 2.5191042237118543e-07
A1: [-0.012448775850655684, -0.014822219630346311, 0.01775982000857355, 0.008267337642776783] - [0.06574906983498942, 0.18941207829802423, -0.14541158265941947, -0.11010412006331263] - [-0.09358161815512409, 0.42440532766809036, -0.05051168277104517, -0.2688759181008687] - [-0.0019400487141651883, -0.018814066090089433, -0.004491076917585251, 0.022662849029254466]
A2: [0.16085325437530582, -0.16847308102466552, 0.007784303814374421, -0.0030475654058206526] - [0.03619883509394634, 0.2082186953000529, -0.11649994904126047, -0.1250943553143275] - [-0.08663785146834233, 0.5811220570681269, -0.23580566587246712, -0.26035175935952776] - [-0.004142821174969922, -0.004821793983950836, 0.0008050595613167175, 0.006948089404250642]
B1: 5.803369998599806e-05 - 0.00027421465842761495 - -0.00018198572479769272 - 0.00019237335955360425
B2: -0.0012108812713638672 - 0.0014911255970892492 - 0.0012577838852066835 - -0.00018217410597326928
