Number: 2218
Error: 0.0002634359431046288
A1: [0.02239804551868107, -0.07350911344680211, -0.044488315730406694, -0.0059105292588790825] - [0.028085327618692705, 0.16265864990126813, -0.18153113795496606, -0.13447359408798684] - [-0.2307995721743203, 0.31965546058630623, -0.2003197938240316, -0.28737609946926373] - [-0.006530410499777148, -0.00174650817207827, -0.04467522450212112, -0.0437923256004767]
A2: [-0.02077079242175212, -0.3094601249924682, -0.016743968066394988, -0.06745348931115144] - [0.06429976933665466, 0.23153734785966715, -0.0668414461846311, -0.09659389031365334] - [-0.101712176627793, 0.5259505556440002, -0.21512521732805298, -0.20412233085811402] - [0.05001434261981709, 0.12798649443974774, 0.04832932497281421, 0.14612050342137142]
B1: -0.032828060205822865 - -0.03556409059174544 - 0.018437181923263032 - 0.03218925191098056
B2: -0.017728792114241814 - 0.019632081262190283 - 0.008596884064199834 - -0.01889928147982219
