Number: 8469
Error: 6.214583076614078e-16
A1: [0.08043168883353241, -0.1804678066020618, -0.01958885282938335, 0.11962497588663779] - [0.03741566470754012, 0.13359647082462078, -0.13472610165319407, -0.036285740430497246] - [-0.0017027807180915314, 0.22819015480064972, -0.12282834440657524, -0.10365887193997328] - [0.03886319812821601, -0.11448105475141789, -0.04641647767354294, 0.12203419167461478]
A2: [0.03530738642966558, -0.02927353258518335, -0.0756974037959199, 0.06966334847336829] - [0.10289374658105967, 0.28289669714083393, -0.39260640020678705, 0.006815991721411689] - [-0.011187139790781585, 0.5390145506499064, -0.3594510531643925, -0.16837650650352928] - [0.09786278695478128, 0.01746330398577418, -0.1688510223689947, 0.05352486531160922]
B1: 5.608709530612007e-09 - 4.394864629060459e-08 - 2.5964114919148088e-08 - 2.005330066811084e-08
B2: 1.3760194286584248e-10 - 7.394308054070702e-08 - 1.521826259894805e-08 - -1.054306989495095e-08
