Number: 8373
Error: 8.934958227984332e-16
A1: [0.08043167910121353, -0.18046781633330047, -0.019588862550082065, 0.11962496615540949] - [0.037415591910798754, 0.13359639808301854, -0.13472617430485517, -0.036285813186875626] - [-0.0017028276211666265, 0.22819010789857522, -0.1228283912409774, -0.1036589188305314] - [0.03886322379305259, -0.11448102915863656, -0.04641645202508384, 0.12203421732347168]
A2: [0.03530749848127639, -0.029273420223649038, -0.07569729725841838, 0.06966346574726766] - [0.10289372407100676, 0.28289667443972966, -0.39260642197824214, 0.006815968150132601] - [-0.011187083847189232, 0.53901460692715, -0.3594510002124364, -0.16837644755395909] - [0.09786281878496102, 0.017463335960711947, -0.16885099206866183, 0.05352489872286077]
B1: 4.451903214559078e-09 - 5.457148597417826e-09 - -3.1467691886883366e-09 - -1.14663867709373e-08
B2: 2.454574867827278e-09 - 5.041542983407856e-09 - 7.372684901532036e-09 - 3.6111176888224353e-09
