Number: 9337
Error: 1.1265629530733593e-10
A1: [0.05314494655547689, -0.14802888261196667, -0.027026618548940572, 0.12180020694638244] - [0.005354696367190367, 0.13087771375756432, -0.11355977581296851, -0.02250873505527107] - [-0.01453786052448308, 0.22299820086774602, -0.1271344873620615, -0.08169934606643153] - [0.027157085447352465, -0.10000941067392728, -0.04941385949640274, 0.12230877258875839]
A2: [0.08929299481792007, -0.07287492559807386, -0.12358975869829371, 0.10732539215880094] - [0.10883014009670124, 0.24980259585960435, -0.4048566508954007, 0.04617769952938306] - [0.0366893444042709, 0.4626082552163885, -0.3776653415277812, -0.12141930024157105] - [0.14352444423762975, -0.044508974953555595, -0.20140384167660963, 0.10277932941378282]
B1: 4.006407547463168e-05 - 7.6931807640423e-06 - -1.581853262190918e-07 - -2.4253813335143802e-05
B2: 1.0373982656858699e-05 - 8.04612460954842e-06 - -1.4245280678211416e-05 - 1.494401756507161e-05
