Number: 8282
Error: 9.920521850986013e-16
A1: [0.08043169945570412, -0.1804677959811265, -0.019588842219937858, 0.11962498650756642] - [0.03741563825326146, 0.13359644439041934, -0.1347261280547234, -0.03628576687008458] - [-0.0017027908459706315, 0.22819014467297685, -0.12282835451963307, -0.10365888206516632] - [0.03886324890095284, -0.11448100412120923, -0.046416426933191486, 0.12203424241575903]
A2: [0.03530735979121989, -0.02927355929728894, -0.0756974291234514, 0.06966332059338408] - [0.10289378697141664, 0.28289673787394687, -0.3926063611417353, 0.006816034015959441] - [-0.011187193363165883, 0.5390144967579844, -0.3594511038719161, -0.16837656295451559] - [0.0978627805388009, 0.017463297540603544, -0.1688510284766018, 0.053524858576932684]
B1: 3.880387928253269e-08 - -1.8937339682493818e-09 - 2.6839936424333474e-08 - -1.2700384950416766e-08
B2: -2.0090058459511893e-09 - 2.0057859303511504e-08 - 1.805846728557132e-08 - -2.781730355669331e-09
