Number: 9889
Error: 8.015525915454967e-16
A1: [0.0531725483499484, -0.14800127276675434, -0.026999049109044722, 0.12182782019088967] - [0.0053137450990313325, 0.13083671957718865, -0.11360071849401662, -0.02254973805841524] - [-0.014444434192028498, 0.22309166322963653, -0.12704113724581304, -0.08160589059926357] - [0.02714653771944108, -0.10001996041465193, -0.04942443061213525, 0.12229819822470735]
A2: [0.0892546056014768, -0.07291322634235278, -0.12362727975093998, 0.10728652915028708] - [0.1088417657993932, 0.24981421811822344, -0.40484525326571474, 0.04618951771111763] - [0.0366358682646613, 0.46255505608402414, -0.3777175121783564, -0.12147333183675811] - [0.14342644858522283, -0.04460660799426809, -0.2014995204563651, 0.10267987810725668]
B1: 1.655998496517527e-08 - 8.103913499522265e-09 - 6.942915129026371e-09 - 1.4723260613261964e-08
B2: 1.0378159312124266e-08 - 1.532354758478231e-08 - 2.3690450271652066e-08 - 4.9425456611237074e-08
