Number: 5905
Error: 1.2396762080084687e-08
A1: [0.08043382156744452, -0.18046580582874597, -0.01958668363617646, 0.11962712495184917] - [0.03703112086176355, 0.13321212151523582, -0.13510986522969734, -0.036670057032717335] - [-0.0016349111311070844, 0.22825807332018042, -0.12276046966073283, -0.10359096819509661] - [0.03935884259816705, -0.11398676091311032, -0.0459209980129758, 0.12252959769489113]
A2: [0.03511727347884054, -0.02946406949598382, -0.07587814561957235, 0.06946429936237526] - [0.10211448094761934, 0.28211081565792434, -0.3933602424009248, 0.005999763904023702] - [-0.01197587096488702, 0.5382212217686175, -0.36019757126074037, -0.1692077444683608] - [0.09739010886201495, 0.01698857758743645, -0.16930096556956062, 0.05302860225230797]
B1: -6.652140856233039e-05 - 0.00019345240319821659 - 3.3320232555751985e-05 - -8.719561334739344e-06
B2: -0.00030261268800413826 - -6.39467686596728e-05 - 0.0003158200360059974 - -4.329889480537219e-05
