Number: 3911
Error: 1.067756485417182e-15
A1: [0.06621312529857368, -0.1139521348325887, -0.023984006619062727, 0.0717228118610735] - [0.0374025495010763, 0.1881933095998212, -0.1474090083463567, -0.0781870717504495] - [-0.06022944266286226, 0.3289507316105978, -0.12775317949084294, -0.14096839164111333] - [0.03904614093056499, -0.053322703348399725, -0.03741860800757336, 0.05169510294618445]
A2: [-0.009108630105525473, -0.346803243092969, 0.2494550355678912, 0.10645662293911988] - [0.08003977875429721, 0.03628220632715453, -0.050250163641888716, -0.06607201131337037] - [-0.042453011873175885, 0.23083167872648883, -0.04053145174488674, -0.1478480517769454] - [0.06813465310509455, -0.29346799058644496, 0.1417711044248309, 0.08356171955044771]
B1: -6.510117401763849e-08 - -3.7245061074630065e-08 - 1.2649114269982818e-09 - 8.662746234600136e-08
B2: -9.665283412238966e-09 - -2.151736256926702e-08 - 3.0009967772588527e-08 - -2.8985759642315905e-08
