Number: 9195
Error: 3.164149973545259e-07
A1: [0.053011910430046466, -0.14816517342107646, -0.027161759126510525, 0.12166585497895405] - [0.0058486622691825176, 0.13137640092781874, -0.11306511923860713, -0.02200749836204795] - [-0.015310504805218056, 0.2222291120635059, -0.1279064671077767, -0.08246641814353647] - [0.026072413316833035, -0.10109485023135192, -0.05050183896179093, 0.1212232124377399]
A2: [0.08394656374817161, -0.07821136781135375, -0.1288088532698581, 0.10191919042550246] - [0.10699443531106581, 0.2479607419314093, -0.40665822928703604, 0.044312055999326326] - [0.03192904520863522, 0.4578659666251292, -0.3823085593819288, -0.12622549106882408] - [0.14249739261457955, -0.045533749751031, -0.20240623609823205, 0.10173696007196044]
B1: -0.001075123693949779 - 8.014638442788976e-05 - -0.00022149131339405727 - 0.00015111106718713452
B2: -8.479162156104571e-05 - -1.656411496727855e-05 - -0.0004066594699239091 - -0.0004327035108535265
