Number: 4296
Error: 1.2695865158315819e-15
A1: [0.06621311059213192, -0.11395214921041234, -0.02398402131396565, 0.07172279717931024] - [0.03740256734814832, 0.18819332665148222, -0.14740899080131092, -0.07818705420385694] - [-0.060229337798302064, 0.32895083232718514, -0.12775307687660106, -0.1409682895787507] - [0.03904618415999329, -0.05332266231662554, -0.037418566184521655, 0.051695144429620664]
A2: [-0.009108447346830516, -0.34680304921452354, 0.24945521980527885, 0.10645681455169241] - [0.0800398505820084, 0.036282283706187336, -0.0502500851382838, -0.06607193214315893] - [-0.04245281622864828, 0.2308318946520482, -0.04053124208437527, -0.14784783540135213] - [0.06813471378965462, -0.29346792376998976, 0.14177117021283636, 0.08356178758916431]
B1: -5.715702245738479e-08 - 2.259160308358276e-08 - 2.7759445230545888e-08 - 2.762166876557443e-09
B2: 1.2330793933677165e-08 - 6.196018616434341e-09 - 2.1595213105966843e-08 - -4.092621368597523e-08
