Number: 1895
Error: 9.749325169895445e-07
A1: [-0.010728270392635263, -0.018509539444244806, -0.0006427016869998076, 0.015831497885624567] - [0.06949842751897395, 0.1924605149445576, -0.1439674748611625, -0.1068894732456527] - [-0.11077973662847092, 0.443533900810849, -0.06897766010246659, -0.2561647908953323] - [-0.02264926358268625, 0.01607382608548677, -0.029278262574407233, 0.03967236767370741]
A2: [0.1326397542139528, -0.22366165051756237, 0.023621386898381117, 0.07113687666291052] - [0.03247878892516049, 0.20359775813207157, -0.11504636108615426, -0.1216059137319387] - [-0.09337912999909379, 0.5567473194255761, -0.2339672679128504, -0.2243462425392524] - [-0.020128275101627527, -0.018643473601014548, 0.008736557633809431, 0.03280318384903807]
B1: 0.0009407692652304313 - 0.0007737068147758675 - 0.0005040169041194106 - -0.0002968810830252182
B2: -0.0010897886255651404 - 0.0007084666875843165 - -0.0006515359286972818 - -0.00041546138359832465
