Number: 9296
Error: 5.269657180456936e-10
A1: [0.05294277595974955, -0.14823112429047808, -0.027228536000321456, 0.12159794047838332] - [0.0052765375600516, 0.13079949401347274, -0.11363787341143144, -0.022586965229425795] - [-0.014789039152322781, 0.22274693796209205, -0.127385444437178, -0.08195061688076745] - [0.026980023756144285, -0.10018646072368682, -0.04959124649591851, 0.12213128399695516]
A2: [0.08922638100708481, -0.07294131359297992, -0.12365489243254818, 0.1072579809665138] - [0.1088933952889254, 0.24986590956171603, -0.40479466831305333, 0.046242032712460475] - [0.03676627370809858, 0.46268481737179873, -0.37759029078590994, -0.12134157240738287] - [0.14348463965811625, -0.044548634649707056, -0.2014427017249664, 0.10273891538163168]
B1: -5.840499792608585e-05 - -4.708080527503234e-05 - 2.1080142340000323e-05 - 2.8070786448423312e-05
B2: -1.2830292989179177e-05 - -0.00011388509421051295 - 4.8419051142227414e-05 - -4.6309638273041455e-05
