Number: 7156
Error: 9.563285324643101e-16
A1: [0.08043171110814336, -0.18046778432998217, -0.019588830581373094, 0.11962499815870853] - [0.03741561786789941, 0.13359642402044364, -0.13472614839961958, -0.036285787244241786] - [-0.0017028162849545617, 0.22819011923455287, -0.12282837992135502, -0.10365890749735159] - [0.0388632613831085, -0.11448099167407758, -0.046416414458970434, 0.1220342548901665]
A2: [0.0353074575064196, -0.02927346131188322, -0.07569733621693885, 0.0696634228627811] - [0.10289374357295561, 0.28289669410715834, -0.3926064031162226, 0.006815988571504627] - [-0.011187156111252147, 0.5390145342321229, -0.35945106861199105, -0.1683765237010624] - [0.09786278036238803, 0.017463297363410672, -0.16885102864450405, 0.05352485839172975]
B1: 2.1589356159798814e-08 - -9.122303836226045e-09 - -6.5871507888083305e-09 - 6.346190137827182e-09
B2: 9.118082119423439e-10 - -9.369699764261248e-10 - -6.755981770800531e-09 - 7.55235116980347e-09
