Number: 3790
Error: 9.296926741657173e-16
A1: [0.0662132615177666, -0.11395200165746927, -0.023983870506778603, 0.07172294785164558] - [0.0374026275289965, 0.18819338415019277, -0.14740893163893515, -0.07818699503624214] - [-0.06022930789573115, 0.3289508610469615, -0.12775304761571793, -0.14096826047528915] - [0.03904611480551506, -0.05332272814530424, -0.03741863328267509, 0.05169507787631874]
A2: [-0.009108685012519685, -0.34680330134074977, 0.24945498021663925, 0.10645656537210121] - [0.08003981944985332, 0.0362822501679382, -0.050250119163955796, -0.0660719664577513] - [-0.04245281465095384, 0.23083189639332716, -0.040531240393655674, -0.1478478336564367] - [0.06813476150654854, -0.29346787123162954, 0.14177122194254393, 0.08356184108862884]
B1: -1.676897899014706e-09 - 3.020641702257069e-08 - -1.7051941689355478e-08 - 2.1778647766849674e-08
B2: -2.0026215753801016e-08 - 1.7441956595285177e-08 - -1.264934343429634e-08 - 4.430747456045774e-08
