Number: 5276
Error: 8.541727828106743e-16
A1: [0.0662130473278104, -0.1139522110610068, -0.023984084528651497, 0.07172273402112662] - [0.03740256652197974, 0.18819332586219847, -0.14740899161344173, -0.07818705501608778] - [-0.060229377925249454, 0.32895079378718345, -0.12775311614255555, -0.14096832863326086] - [0.03904602425959434, -0.0533228140880729, -0.037418720882816836, 0.051694990987353626]
A2: [-0.009108580521765858, -0.3468031904921934, 0.2494550855525075, 0.10645667492514377] - [0.0800398290698616, 0.03628226053149026, -0.05025010864965902, -0.06607195585427651] - [-0.04245290353612459, 0.23083179829448072, -0.04053133564619329, -0.14784793195967044] - [0.06813469731617146, -0.29346794190775694, 0.1417711523538429, 0.0835617691197709]
B1: 9.243467537537475e-08 - -2.6761513686555983e-08 - 3.0500909561941444e-09 - -8.678772252543937e-09
B2: -2.0983423350445316e-08 - 2.1702837392782072e-08 - 2.7331881331205944e-08 - -2.50134506451066e-08
