Number: 8965
Error: 0.0015016217870941718
A1: [0.04779219069842737, -0.20591059240288134, -0.035950705510731, 0.10648684637125286] - [0.08050498642658066, 0.1879814753732326, -0.050412307321648364, 0.045201081941486025] - [0.08138880108450697, 0.3054668905972412, -0.027526300409060435, -0.005078927537377962] - [0.05851651362070659, -0.0912685384573186, -0.020134908180734948, 0.14904737269330473]
A2: [0.22361136118405772, 0.16147273686268493, 0.08254813731074893, 0.3040081965247624] - [0.5182117695158146, 0.695330953538194, 0.0022890188685333393, 0.4713935077776299] - [0.18866536830701763, 0.7091645853434971, -0.16892917372468752, 0.07973413047195527] - [0.3027852727736557, 0.2008211654671863, 0.026525873503888436, 0.3099137629980851]
B1: -0.010429228232176645 - -0.009210301703352956 - -0.04785085857459114 - -0.051228357280598644
B2: -0.036431435949161345 - -0.0029821101149872242 - 0.011970301331830179 - -0.0073126258671424695
