Number: 9850
Error: 7.371880432017087e-16
A1: [0.053172484267820674, -0.14800133687244016, -0.026999113120549128, 0.12182775607785577] - [0.005313708473171124, 0.13083668291291592, -0.1136007551143369, -0.02254977473592587] - [-0.014444533703355335, 0.2230915636818696, -0.12704123667836018, -0.08160599014609995] - [0.027146435336872814, -0.10002006279702622, -0.049424533210626516, 0.1222980955820047]
A2: [0.0892544719647771, -0.0729133596700275, -0.12362741037672967, 0.1072863938658258] - [0.10884159732014866, 0.2498140496092519, -0.4048454184079136, 0.04618934639714921] - [0.03663569599178309, 0.4625548847075245, -0.3777176802563758, -0.1214735058963802] - [0.1434262725605142, -0.0446067833633604, -0.20149969232925924, 0.10267969947101856]
B1: -2.9604860440396276e-08 - -2.607041838953226e-08 - -1.7058201611351748e-08 - 1.0894996497122879e-09
B2: -2.3398641269657033e-08 - -1.4707427653442986e-08 - -2.619553731703069e-08 - -4.615001165019516e-09
