Number: 8296
Error: 8.651391853374838e-16
A1: [0.08043167136415494, -0.18046782406949588, -0.019588870277900114, 0.11962495841922091] - [0.03741550533000296, 0.1335963115677617, -0.1347262607131374, -0.03628589971972079] - [-0.0017028526753108716, 0.22819008284495612, -0.1228284162584476, -0.10365894387800735] - [0.03886321633408248, -0.114481036596688, -0.04641645947931228, 0.1220342098691236]
A2: [0.03530762298908003, -0.029273295371486218, -0.07569717887775136, 0.06966359605794108] - [0.10289378765541912, 0.2828967385637557, -0.3926063604801757, 0.006816034732209212] - [-0.011187053731613921, 0.5390146372223464, -0.35945097170733153, -0.16837641582018903] - [0.09786261352705618, 0.01746312976920557, -0.16885118746127842, 0.05352468326931482]
B1: -3.6430519047439066e-08 - 6.922658485931644e-08 - -5.965590622845158e-08 - -3.5960115437056037e-08
B2: 1.864197984509021e-09 - -4.6677793712316076e-08 - -1.8489431288092048e-08 - 2.9850816506033173e-09
