Number: 2352
Error: 5.13160562156995e-06
A1: [0.07152847323804425, -0.04138275923790221, -0.017646464815574976, 0.014997612172518469] - [0.044668050370695135, 0.1920818294762465, -0.14205628821532243, -0.09138834673966616] - [-0.12825278100871476, 0.4107343606967111, -0.10904979868281021, -0.19170395657055667] - [0.02776360580408943, 0.01038674340684395, -0.04163355618901646, -0.03227962572956607]
A2: [0.03489506138525083, -0.20138406837207745, 0.05843733651875142, -0.004263512657028496] - [0.03196530133863027, 0.20287942465143366, -0.09911573857158815, -0.12532589778800948] - [-0.07884229656751697, 0.5282923141632707, -0.21071085761263525, -0.1805906150793566] - [-0.02292692074184089, 0.02183052350708692, -0.04662010200934809, 0.06033734761099128]
B1: 0.0012798573641262896 - -0.0003649370825560339 - 0.0011332672330285943 - 0.01020442098874972
B2: 0.003391004227665799 - 0.001277913927065117 - 0.0009117579095851728 - -0.0011563256558447597
