Number: 4442
Error: 1.1744498543406385e-15
A1: [0.06621309241456096, -0.11395216698179299, -0.023984039477283267, 0.07172277903224022] - [0.03740266768796481, 0.18819342251937152, -0.14740889215957184, -0.07818695555340881] - [-0.06022935943346761, 0.32895081154777983, -0.1277530980475206, -0.14096831063577261] - [0.0390461361544112, -0.0533227078816937, -0.037418612628306466, 0.05169509836299368]
A2: [-0.00910849353960099, -0.34680309821785654, 0.24945517323874386, 0.10645676612100842] - [0.08003973454140868, 0.03628215869725916, -0.050250211964006954, -0.06607206004576312] - [-0.04245278653965872, 0.23083192741867217, -0.04053121026845989, -0.14784780256636856] - [0.06813484803572688, -0.29346777595928625, 0.14177131574844018, 0.08356193810375454]
B1: -1.6095879243861618e-08 - 4.044849087446273e-09 - -9.351533626983e-09 - 3.3196088969718803e-09
B2: -5.0770705228297594e-08 - 3.526164823155526e-08 - 5.333365543990007e-09 - -7.55868789842076e-09
