Number: 2232
Error: 0.0001881533506992884
A1: [0.09097170665811805, -0.016340620051445202, 0.007651270264052354, 0.0381302989382721] - [-0.009446906981795056, 0.1278960775906983, -0.21875019736311604, -0.17383804336574094] - [-0.14789373627208618, 0.39444067447949754, -0.12063177711223974, -0.21194975741494762] - [0.04785191338192763, 0.04226037582713547, -0.0034898386434998032, -0.009019161862063724]
A2: [0.2307380918633831, -0.042613012042580924, 0.24138373652801282, 0.18364588699058224] - [0.12625008603116353, 0.29401157779687503, -0.002772332662875125, -0.03508366315061726] - [-0.005457219262783879, 0.6137947428639411, -0.12885076919154445, -0.11365834195980529] - [0.0026854514900066934, 0.0670068096862732, -0.01406428796828833, 0.09582214501230489]
B1: 0.027302423724803675 - -0.011552153934851643 - -0.003196266764951936 - -0.014906234761188925
B2: 0.006700963934582153 - 0.0007213959949509746 - 0.01791691522313064 - 0.008781652683486756
