Number: 1871
Error: 2.5213253554363565e-07
A1: [-0.0043544973637309175, -0.012104032464994143, 0.005982084699288559, 0.02235647795422468] - [0.06783850337963171, 0.19086206848159395, -0.1456856401395917, -0.10873749406263807] - [-0.11351037589094276, 0.4408915070969226, -0.07181007219521887, -0.2590980910179424] - [-0.022370367553864515, 0.016356067972360156, -0.028987590355826293, 0.03996916175068985]
A2: [0.1297899505031325, -0.22644591337999584, 0.02086568127159373, 0.06837562259349071] - [0.0323098680102876, 0.20343148321912385, -0.11521986050292267, -0.12177614437460982] - [-0.09674414573159068, 0.5534488576689375, -0.23724610468003335, -0.22763535710375293] - [-0.019313665323148026, -0.017828736211022284, 0.009572951155840885, 0.03359819007977552]
B1: -0.0003152785616040504 - 0.0011829579508339948 - -0.00030100332353519233 - 0.0008422491253805146
B2: -0.0005174380875143417 - -0.00025584937375375694 - 0.0009612827924966804 - 0.0003227701526737688
