Number: 1096
Error: 8.769559579113227e-06
A1: [-0.006477431976617452, -0.014178652968756571, 0.003830719781892326, 0.020033256242675962] - [0.06590369046135011, 0.18891555330150966, -0.14777097309874082, -0.11082395335517838] - [-0.09821039336605517, 0.45613252231621115, -0.05588652273020996, -0.24296189967915663] - [-0.03461630960417541, 0.004382997299200418, -0.04101371665328597, 0.027179064617249976]
A2: [0.13535716518094085, -0.22093828360392834, 0.026544383701205158, 0.07382688538024101] - [0.026665695479269495, 0.19795453635097246, -0.12073229507512834, -0.12745054995789196] - [-0.09693438802323136, 0.5533725893620354, -0.23722087172618148, -0.22815765776053287] - [-0.007819862299282807, -0.006675857650928388, 0.021489056391240893, 0.044344058702786175]
B1: -0.0030337654285468594 - -0.004337444694515351 - 0.00035887416614143776 - -0.0048550420784488025
B2: -0.004087478442270507 - 0.0013000450315432703 - -0.007572734023347989 - -0.0016075478145259976
