Number: 5667
Error: 2.9145699748487693e-05
A1: [0.06768798811376313, -0.11214821456152327, -0.022350892999918954, 0.07330646955145403] - [0.02623469949370195, 0.1777179928689998, -0.1583226211275491, -0.08919516796340068] - [-0.08589479537548161, 0.3029569508926668, -0.15368597357892624, -0.16786942573405061] - [0.03902223636358329, -0.05194239063796932, -0.03675382362678394, 0.05258732953758403]
A2: [-0.02340923094955702, -0.36236658211520517, 0.23411264240690902, 0.09299618568417561] - [0.07848962377272722, 0.034625320536101345, -0.05220773126705714, -0.06755204395974301] - [-0.04496127203070821, 0.22786784790958933, -0.043829858762893734, -0.14971699379128722] - [0.06015683914105277, -0.30221969095237405, 0.13244220420779618, 0.07530281505418503]
B1: 0.002305613299274505 - 0.009676241389305338 - 0.004817513208968715 - 0.009896233078659625
B2: 0.003689431574862152 - -0.00555542791520126 - 0.009990838829946613 - 0.0069071365448844365
