Number: 5928
Error: 1.0036517470074683e-09
A1: [0.08058985932442797, -0.1803096639202604, -0.019430865802963732, 0.11978313108837736] - [0.03766465415357172, 0.13384525768887226, -0.13447759009640187, -0.03603687674311627] - [-0.0015531250725428713, 0.22833980550256142, -0.12267889031276161, -0.10350924712743446] - [0.03895089151556784, -0.11439359171357519, -0.04632882227917445, 0.12212183761193587]
A2: [0.03527651683558524, -0.029304504750213404, -0.07572676284091776, 0.06963104777427423] - [0.10302446511652623, 0.283028518493011, -0.39247998778780824, 0.006952845705770988] - [-0.011220390856676407, 0.5389811045004373, -0.3594825373831378, -0.16841156104392224] - [0.09783123668748167, 0.017431605069113464, -0.1688810661338405, 0.05349174276364597]
B1: 0.00011375433871209808 - -6.63013789177944e-06 - -1.0542901096859901e-05 - 4.4038598386413866e-05
B2: 3.566033580216455e-05 - -7.457310989663e-06 - 2.9520880877753466e-06 - 2.3842093816191306e-05
