Number: 2083
Error: 0.0001154721759154801
A1: [0.18835773504879935, 0.1431730933651289, 0.1604306003217749, 0.17026610035586312] - [0.061006425055840655, 0.19003062958193365, -0.1471293198601654, -0.1109845028622833] - [-0.15695444775326894, 0.41385699650522006, -0.11019807631773444, -0.251236014401171] - [0.031815915541122855, 0.058214476788745584, -0.02863760396967971, 0.013115519081567224]
A2: [0.08607205673606555, -0.23207375748505957, 0.047188526428152404, 0.04365175159266237] - [0.04780374365939477, 0.2127825841940568, -0.10840715609977755, -0.11254443035385947] - [-0.050454837083215326, 0.5652482041447477, -0.200306497179375, -0.19290682769950748] - [-0.0843705934992913, -0.08490695523166493, -0.08128913240165041, 0.031028879956221164]
B1: -0.012279910271560706 - -0.006657523591680303 - -0.039079001421708746 - 0.012014138131141047
B2: 0.0007664943888686321 - -0.0006596775265922967 - -0.00569240384258413 - -0.030511814601945908
