Number: 9158
Error: 1.000979009141608e-06
A1: [0.048412728007807146, -0.15277710089553792, -0.03180119233998771, 0.11708369130995568] - [0.0025713026068591312, 0.12806984463056767, -0.11641403394088716, -0.02529810484230908] - [-0.01748568661877442, 0.22007526194519744, -0.1300829172263289, -0.08459577358506007] - [0.023174989191362936, -0.10399656439580438, -0.05343087654275708, 0.11833714054176307]
A2: [0.0880631211587788, -0.07412298608032426, -0.12475294494291593, 0.10609366381270273] - [0.10444143671253649, 0.24541166439084275, -0.4091640156988984, 0.04171346621874867] - [0.0253991627519925, 0.45135953255958505, -0.3887065873647398, -0.1328533364323414] - [0.14159037489257792, -0.04641267071250176, -0.2032853202100647, 0.10082746162233605]
B1: -0.0013799325912918895 - 0.00019949558277093053 - 0.001895301021810037 - -0.0007362625136503307
B2: 0.0004060942160602396 - -0.001318512469236758 - 8.443922518848587e-05 - -0.00013588112896938045
