Number: 978
Error: 0.0009165994630321023
A1: [-0.056519961712194804, -0.06061109978701274, -0.03095628170233371, -0.0382028632433948] - [0.057151294831873097, 0.18104171084551063, -0.15427542011950157, -0.11962340834601867] - [-0.18244648886841802, 0.33785996481055297, -0.14657459823443358, -0.3705761672214036] - [-0.06315586209413726, -0.07847422842755385, -0.06971070277115407, -0.04645238046255464]
A2: [0.18002185155748224, -0.15067829140660605, 0.0267289954701186, 0.01588163077228573] - [0.04362392744932643, 0.21538404574769573, -0.10911042263453366, -0.11781359665114902] - [-0.04392002831514331, 0.6222524969703068, -0.19428740033741443, -0.21863332471801955] - [0.023647899282936785, 0.022334425440133174, 0.028304064127328832, 0.033556032813622884]
B1: -0.008607603907968796 - -0.01026424423048944 - -0.017761870075081662 - -0.009429466819701679
B2: 0.0051573848195510166 - 0.03413291592601041 - 0.022033010067939215 - 0.011274871600501966
