Number: 660
Error: 1.7895356752355705e-14
A1: [-0.012152478712368894, -0.014516230173018166, 0.018088294886792873, 0.008584075260576201] - [0.0658351172276977, 0.18949514720095223, -0.1453226924617945, -0.11000869235075678] - [-0.09629483495105952, 0.421784388014246, -0.053459244059328365, -0.2720377857778351] - [-0.0013227629200077773, -0.018220459200012737, -0.0038364548017276227, 0.023375284150475593]
A2: [0.1615863715649738, -0.1677551159325372, 0.008500991689043362, -0.002333409956111037] - [0.035485775976966165, 0.20751677338149943, -0.11721037198499959, -0.12579197824054117] - [-0.08621372193135021, 0.5815379481616374, -0.23538889910385993, -0.25993574101765965] - [-0.0038349983429514212, -0.004519320333456876, 0.0011102261551521084, 0.007243363066258995]
B1: -3.599606472977372e-08 - 3.0139049708146575e-07 - -6.338420059085922e-08 - 3.178431488638655e-08
B2: -5.4224428029050054e-08 - 2.621287066702923e-07 - -2.1708900474620898e-07 - 4.943600183809314e-07
