Number: 4543
Error: 9.828208350466703e-16
A1: [0.06621310459654575, -0.11395215507203561, -0.023984027304862772, 0.07172279119375646] - [0.037402531669781164, 0.18819329256320871, -0.1474090258758812, -0.07818708928155653] - [-0.0602293482926601, 0.32895082224796524, -0.12775308714572917, -0.1409682997925238] - [0.039046122764000456, -0.05332272059138126, -0.03741862558310374, 0.051695085513357046]
A2: [-0.009108585692748316, -0.34680319597790094, 0.24945508033991282, 0.1064566695034951] - [0.08003984835792184, 0.0362822813102301, -0.0502500875690526, -0.06607193459456778] - [-0.0424528537318717, 0.23083185326125125, -0.04053128227416595, -0.1478478768783516] - [0.06813478515782995, -0.2934678451905703, 0.1417712475825919, 0.08356186760606289]
B1: -7.882943595493954e-09 - -6.774894051727851e-09 - -1.551989006290154e-08 - 6.4871374924591755e-09
B2: -3.227378300314237e-08 - -3.284580391127287e-08 - 5.809481132884016e-08 - -3.8575972873702195e-08
