Number: 1007
Error: 0.00014105727800655334
A1: [0.037389967578374504, 0.031508322920456536, 0.06035757833510877, 0.058643800374040066] - [0.05251491706241478, 0.17593488108647282, -0.16049606213916906, -0.12547002073553887] - [-0.04170029332096639, 0.4702205168861471, -0.01179334133445012, -0.21493708357404534] - [0.06220277465516719, 0.04037295092951673, 0.04544185087389478, 0.09063664071019892]
A2: [0.2085134209599856, -0.12740010630881762, 0.0570462465889735, 0.04912207098636498] - [0.033914758086581176, 0.20457309761022566, -0.11830345371459342, -0.12631639822814303] - [-0.09527091270990656, 0.5734262181539077, -0.23716156431058866, -0.2625072442474028] - [0.001710592768988592, 0.003705654921108914, 0.011102063448448135, 0.01690701265922618]
B1: -0.020275182453919585 - -0.002524192819822791 - 0.008232906024998241 - 0.002106534937392931
B2: 0.0005977478543712118 - -0.023181946469583145 - 0.007946266476015677 - 0.015804506168081982
