Number: 4729
Error: 4.570062746744588e-16
A1: [0.06621321266842643, -0.11395204941518611, -0.023983919317800417, 0.07172289908425543] - [0.037402623892420085, 0.18819338067570687, -0.14740893521395584, -0.07818699861160369] - [-0.060229298091853525, 0.328950870463073, -0.12775303802219834, -0.14096825093313645] - [0.03904631953488692, -0.053322533823787495, -0.03741843521376507, 0.051695274336929664]
A2: [-0.009108845591831808, -0.3468034716898552, 0.24945481833797914, 0.1064563970137011] - [0.08003995983593341, 0.036282401403918293, -0.05024996572997695, -0.06607181172096996] - [-0.04245287519063662, 0.2308318295780934, -0.04053130527015702, -0.14784790061089917] - [0.06813460008482952, -0.29346804896368345, 0.14177104694583786, 0.08356166010541567]
B1: 1.7660227123353256e-08 - 4.0593008577810805e-08 - -3.266671127861567e-08 - -6.541352771853806e-08
B2: 6.144815854182842e-09 - 1.254741059180222e-08 - -1.3379013825877614e-08 - -2.739430537120191e-08
