Number: 9271
Error: 9.16647866025879e-10
A1: [0.05363559381958156, -0.1475381033276648, -0.026536482486435142, 0.122291121408333] - [0.005663814256535487, 0.13118716639491423, -0.11325077650453196, -0.022199174431049417] - [-0.01393132431461014, 0.2236049500881349, -0.12652837597446426, -0.08109255631162962] - [0.027536535421507812, -0.0996300100228169, -0.049033549865679975, 0.1226893025025357]
A2: [0.08936297041894506, -0.07280497914204362, -0.1235213689729791, 0.1073962958626378] - [0.10890231408312498, 0.24987478467110708, -0.4047859542803576, 0.04625116572039177] - [0.03660251426486177, 0.4625219942349951, -0.3777500522050442, -0.12150697992934721] - [0.14366102532878, -0.044372868873809306, -0.2012704221731555, 0.10291787678017604]
B1: -1.7793689356656272e-05 - 3.5352884223588646e-05 - 4.388558737758973e-05 - -3.2244040550459846e-05
B2: -2.457770500488804e-07 - 0.00010892132625441134 - -1.3347151018949556e-05 - -5.3771795603885125e-05
