Number: 8300
Error: 1.169819773522855e-15
A1: [0.08043165544942701, -0.18046783998242238, -0.019588886173599943, 0.11962494250630813] - [0.03741552858202463, 0.13359633480218752, -0.13472623750744298, -0.03628587648057324] - [-0.0017028483051673888, 0.22819008721500725, -0.122828411894702, -0.10365893950902834] - [0.03886319586659742, -0.11448105700673561, -0.04641647993375663, 0.12203418941435595]
A2: [0.03530761397201674, -0.029273304413487924, -0.07569718745107813, 0.06966358662062533] - [0.10289376502110709, 0.28289671573735176, -0.3926063823718075, 0.006816011030810425] - [-0.011187038171977295, 0.5390146528747843, -0.35945095697976537, -0.16837639942449237] - [0.09786264092451354, 0.01746315729127691, -0.16885116138062278, 0.053524712027668585]
B1: -3.102994857276061e-08 - 7.52817396071587e-08 - -4.755601912545761e-08 - -1.689165344452531e-08
B2: 2.5144260605035253e-09 - -1.5921146712996456e-08 - -1.5525572396611903e-08 - 5.7333527533665315e-09
