Number: 1426
Error: 5.461953074318406e-10
A1: [-0.0072477912626360925, -0.015054580961484095, 0.0029345112442385, 0.019392892719044742] - [0.06682005611146027, 0.18987800536301053, -0.14674201529183925, -0.10986977966727798] - [-0.11265979239838818, 0.44171227659334306, -0.0708670701013385, -0.2581804355990411] - [-0.02356096254627954, 0.015155850210630005, -0.030130305879946282, 0.03870925451337074]
A2: [0.1316810946901344, -0.22453500000620255, 0.02275996117693887, 0.07025339818643576] - [0.03271306445419335, 0.20381498828600225, -0.11482174851159457, -0.12139208994307978] - [-0.09466239643661374, 0.5555009279302159, -0.23524134678803774, -0.22567408496099783] - [-0.020811809855089732, -0.01926042870427765, 0.008133506376880621, 0.032196646143229014]
B1: 4.262982531903816e-06 - -9.483177876960191e-05 - 1.657588188670879e-05 - 9.386161051697189e-06
B2: -2.3943567964529518e-05 - -1.3145032551785798e-05 - -4.1897839498365974e-05 - -2.3836171960897843e-05
