Number: 7894
Error: 7.426762018821794e-16
A1: [0.08043167166674088, -0.1804678237669281, -0.01958886997561642, 0.11962495872181078] - [0.03741558381448054, 0.13359638999278517, -0.13472618238517609, -0.03628582127879673] - [-0.001702826078641933, 0.22819010944106416, -0.12282838970070828, -0.10365891728842536] - [0.038863220080167, -0.11448103286111941, -0.046416455735593026, 0.12203421361289385]
A2: [0.03530746660928411, -0.029273452183822175, -0.07569732756200753, 0.0696634323898738] - [0.10289371402199311, 0.28289666430541416, -0.39260643169753107, 0.006815957627353603] - [-0.01118720153678006, 0.5390144885356598, -0.3594511116083523, -0.16837657156739538] - [0.09786276205125177, 0.01746327896899256, -0.16885104607555704, 0.05352483917104392]
B1: 2.875968448705921e-08 - 1.5208072577336068e-08 - -2.1017691268621015e-08 - 5.4989468602809606e-09
B2: 2.1589486976051883e-09 - 2.5345809092699573e-08 - 3.822307418535059e-09 - 6.78543632550286e-09
