Number: 6963
Error: 9.516381801478134e-16
A1: [0.08043167909456622, -0.1804678163399325, -0.019588862556669657, 0.11962496614878872] - [0.03741558515912316, 0.13359639133642204, -0.13472618104322354, -0.03628581993489949] - [-0.0017028229755505738, 0.22819011254409294, -0.12282838660216437, -0.10365891418616768] - [0.03886322810517321, -0.11448102485862004, -0.04641644771569784, 0.12203422163291566]
A2: [0.03530742293234314, -0.029273495981585573, -0.07569736908953123, 0.06966338667726862] - [0.10289381447211948, 0.2828967656080485, -0.3926063345434779, 0.006816062813284894] - [-0.011187175112901605, 0.5390145151171354, -0.359451086597459, -0.16837654372377667] - [0.09786280297965806, 0.017463320083558814, -0.1688510071143212, 0.05352488213249523]
B1: 2.723159741525901e-08 - -9.578046849112096e-10 - -3.443725990433338e-09 - 1.094606638181463e-08
B2: 4.4328282603513445e-09 - 9.25532037284193e-09 - 1.3035632599316805e-08 - 5.955315660146847e-09
