Number: 4398
Error: 1.1673373756087224e-15
A1: [0.06621313535932136, -0.11395212499669818, -0.023983996566222344, 0.07172282190493312] - [0.03740265487242199, 0.18819341027498498, -0.14740890475823587, -0.07818696815318725] - [-0.060229382880879256, 0.3289507890278314, -0.12775312099177488, -0.14096833345662663] - [0.03904604507972852, -0.05332279432636487, -0.037418700740027906, 0.05169501096670521]
A2: [-0.009108587478921303, -0.34680319787274533, 0.24945507853935886, 0.10645666763080218] - [0.08003988396668033, 0.03628231967105176, -0.050250048650728504, -0.06607189534575829] - [-0.04245278452075308, 0.23083192964685942, -0.0405312081049241, -0.14784780033353875] - [0.06813467099051158, -0.29346797089365156, 0.14177112381445714, 0.08356173960351407]
B1: -1.355825161014815e-08 - 2.661585363428921e-08 - 1.5342361386654902e-08 - -3.7328172311541355e-08
B2: -5.504200799019497e-08 - 4.7267311794696177e-08 - -9.151721154565157e-10 - 1.0624634668042231e-08
