Number: 4148
Error: 1.1740434987350333e-15
A1: [0.06621316492437282, -0.11395209609230382, -0.023983967024357573, 0.07172285142037094] - [0.037402603133994204, 0.1881933608424317, -0.1474089556210804, -0.0781870190205151] - [-0.060229380189012194, 0.32895079161326424, -0.1277531183576284, -0.14096833083669796] - [0.03904609709929107, -0.05332274495139346, -0.03741865041286194, 0.05169506088521082]
A2: [-0.009108664973555097, -0.3468032800824727, 0.24945500041773438, 0.106456586381932] - [0.08003983948642099, 0.03628227175306269, -0.05025009726512353, -0.0660719443729744] - [-0.042452816965177255, 0.23083189383918049, -0.04053124287368527, -0.14784783621591666] - [0.06813477934776514, -0.2934678515876757, 0.14177124128411572, 0.08356186109192576]
B1: 2.363218464848133e-08 - -1.1411618046303563e-08 - -1.87351422193318e-09 - 1.1996758422166919e-09
B2: 1.764739772114944e-08 - 2.0889988407883306e-08 - -1.521939412467284e-08 - -1.0844796495036046e-08
