Number: 1104
Error: 2.0054996592984663e-06
A1: [-0.009243368009185312, -0.017009006092283414, 0.0009539559124677467, 0.01723074835053693] - [0.06251122879795293, 0.18567687487409806, -0.1512406499578301, -0.11460970234002664] - [-0.11145267048960156, 0.4430508063656643, -0.06958171202377979, -0.25713483340907023] - [-0.0232840648982793, 0.01546556972788164, -0.029590440763526356, 0.03899781221811035]
A2: [0.12978449611555193, -0.22638921235445142, 0.0209872033377268, 0.06835097325601187] - [0.013478108110053854, 0.18494353962196505, -0.13393535217082964, -0.14027439629318228] - [-0.09173414134768822, 0.5584945574840651, -0.23228815794369004, -0.2229259942608107] - [-0.01740821181507725, -0.016039593652806376, 0.011778804634442749, 0.03525243591464751]
B1: -0.0017282925959011038 - 0.00021863973156051948 - 0.0004904665035186452 - -0.001278820030824098
B2: -0.0004668891664895994 - -0.006099995232552718 - 0.0047889017372563765 - -0.002077786655754782
