Number: 1728
Error: 1.754810181999647e-07
A1: [-0.008504453200408189, -0.016329846045864085, 0.0016282080204364647, 0.018088241636452812] - [0.06682393573602351, 0.18988233103727703, -0.14673899091903492, -0.10986572336841022] - [-0.1095288816012437, 0.4447607964594383, -0.06761694259146293, -0.25479383428030955] - [-0.01864620100436006, 0.01996781232628021, -0.025120080122973027, 0.04389097994800668]
A2: [0.1310811644506242, -0.2251070548812235, 0.02217670412898253, 0.06966448619402502] - [0.03349250150629519, 0.2045828594037435, -0.11404515766331857, -0.12062492000161637] - [-0.09857642637317694, 0.5516717712886567, -0.23907687856241056, -0.22952250124656426] - [-0.02022497177260934, -0.018670756119634, 0.008720164698722437, 0.03275941102189391]
B1: -0.00018762699708048573 - 0.00042310508888085174 - 0.0005423536218938414 - -0.0005453860397236251
B2: -6.054671689573665e-06 - 0.0006353805941005159 - 0.0006231992374129081 - -0.00022337932177262992
