Number: 3310
Error: 4.728229111637053e-06
A1: [0.0663104495513995, -0.11403803172818375, -0.024134289340037113, 0.07164112589037394] - [0.030133924250815857, 0.18109215793803773, -0.15456680750037102, -0.08530872688853477] - [-0.052518206004028414, 0.33658205495677773, -0.11990491128573322, -0.13325882930050775] - [0.029552416718568935, -0.06223974158379828, -0.046810805467112505, 0.042440661320066755]
A2: [-0.019153407527768628, -0.3575347072744803, 0.23964174318987844, 0.09603447909282857] - [0.09374092842527708, 0.05112489926621754, -0.035354163753088766, -0.05103046885213747] - [-0.06575172791776232, 0.204543140661402, -0.06583167596713847, -0.17388956712735015] - [0.049906517848057795, -0.3139929673035228, 0.12179792082642855, 0.06292839740953028]
B1: 0.0011764642208832085 - 0.005305640456317599 - 0.0011494037138823359 - 0.0016999633103363181
B2: 0.0015528000963356565 - 0.005020534735263862 - -0.0020907501275296823 - 0.0028329926094598735
