Number: 3324
Error: 2.7905149629273076e-06
A1: [0.05566734763298811, -0.1242992486831737, -0.034698583247265935, 0.06108700704414538] - [0.03714878533230879, 0.18790765629745013, -0.14764190614315248, -0.07842722025775473] - [-0.06389081003074155, 0.32558508375838646, -0.13111642383022892, -0.14437895425408473] - [0.04019945250702581, -0.05223096718039065, -0.03637106342121616, 0.05274257597383989]
A2: [-0.006383976374072528, -0.34383222623988374, 0.2524500088699338, 0.10943240832184169] - [0.08534392494565927, 0.04205655327571615, -0.04448199850162308, -0.0602052281827988] - [-0.047442990430718694, 0.2251103923869172, -0.04604935722489809, -0.15350791798902522] - [0.06771975232931249, -0.29405011425895283, 0.14123835570011825, 0.083035663251721]
B1: -0.0005267071263917928 - -0.0007314038329297714 - 0.0005215651295696188 - -0.001157119790018566
B2: -0.004200641021482955 - 0.004782900076088566 - 0.001380859724782791 - -0.0005019319571202069
