Number: 3296
Error: 1.8039064188903793e-05
A1: [0.09241749175406541, -0.08858481171665197, 0.001459290800235962, 0.09728896688451402] - [0.039886245645753694, 0.18977970115133488, -0.14465877760008033, -0.07541900847177747] - [-0.04782152048786689, 0.34133905208196674, -0.11531599348055675, -0.12865065809887566] - [0.0598898705574797, -0.03368098243509858, -0.017564872462447926, 0.0714738602909274]
A2: [-0.025762724114930028, -0.36541854983715377, 0.23302834897129243, 0.08876505416081895] - [0.10198138182772934, 0.06021563287362787, -0.026543906696510324, -0.04219392804012115] - [-0.04325198141199482, 0.22755268825010722, -0.04257728191376797, -0.14984036158939595] - [0.06424471971188796, -0.29983793857450125, 0.1365574976379206, 0.07822628367645085]
B1: -0.007369940457050944 - -0.0014094186739397087 - 0.0029198000291465495 - 0.00525219090696065
B2: 0.008376580850931906 - -0.013508677227601957 - 0.0015259723565002473 - 0.0050652063818738425
