Number: 7604
Error: 8.687862136163546e-16
A1: [0.08043172505728079, -0.18046777038243217, -0.01958881664892439, 0.11962501210624707] - [0.03741563586700641, 0.13359644200592397, -0.13472613043637668, -0.036285769255108166] - [-0.0017027778219067483, 0.228190157696772, -0.12282834151463558, -0.10365886904457312] - [0.038863274518738763, -0.11448097857531742, -0.04641640133171692, 0.12203426801762718]
A2: [0.03530741946075879, -0.02927349946276218, -0.07569737239029146, 0.06966338304389216] - [0.10289370874132249, 0.2828966589799152, -0.3926064368049331, 0.00681595209772044] - [-0.011187133811055017, 0.539014556665334, -0.3594510475043824, -0.16837650020254394] - [0.09786277441266227, 0.017463291386627736, -0.1688510343082764, 0.053524852146476766]
B1: 7.970634598576326e-09 - 1.2272984553586927e-08 - 2.1164224011526724e-08 - 1.667026214722326e-08
B2: 1.3780554694911954e-08 - 1.67770855008449e-08 - 2.0506367541760254e-08 - 1.4192957810397984e-08
