Number: 3843
Error: 9.288409137022577e-16
A1: [0.06621311165736785, -0.11395214816895759, -0.023984020249564836, 0.07172279824275862] - [0.03740255861786253, 0.18819331831029007, -0.1474089993838589, -0.0781870627871594] - [-0.060229341666574225, 0.3289508286119381, -0.12775308066186222, -0.1409682933436945] - [0.03904617507909958, -0.05332267093591802, -0.03741857497001417, 0.051695135715486236]
A2: [-0.009108589366050841, -0.34680319987472935, 0.24945507663699745, 0.1064566656522503] - [0.08003981987310638, 0.036282250623903334, -0.05025011870135702, -0.06607196599123252] - [-0.04245279565035556, 0.23083191736358122, -0.040531220031846706, -0.1478478126424828] - [0.06813477401239129, -0.2934678574621393, 0.14177123550009835, 0.08356185511000445]
B1: 7.98581616754546e-10 - -2.412706526805105e-08 - -1.1829545593553452e-08 - -2.3326982426645544e-08
B2: -3.3470476504170316e-08 - -3.085830361331618e-08 - 7.77012457279363e-08 - -7.195492659866298e-08
