Number: 5936
Error: 2.9364532616632495e-10
A1: [0.08049935309098481, -0.1804001547235936, -0.0195212674671236, 0.11969263335665323] - [0.03748533438555564, 0.13366608255463958, -0.13465656011592889, -0.036216102385339226] - [-0.001626777980477676, 0.22826615553766574, -0.12275244259277379, -0.10358288393567901] - [0.03887941563261836, -0.11446487565462782, -0.04640026526061339, 0.12205040057071424]
A2: [0.0354343515180289, -0.029146224928773556, -0.0755766900055921, 0.06979623297273133] - [0.10305234549668897, 0.283056630634065, -0.392453015366682, 0.006982056161943387] - [-0.011220196615096977, 0.5389812899987413, -0.35948234986489835, -0.16841134447390282] - [0.09789009590791398, 0.017490730369885854, -0.16882503141991584, 0.053553529427757894]
B1: 3.915425471458842e-05 - -4.5628774876823484e-05 - -4.751380220403021e-05 - -7.2867096244835205e-06
B2: 2.2722263319986865e-05 - -6.670478838838617e-05 - -2.335854506251509e-05 - 1.7563325026136564e-05
