Number: 9785
Error: 8.625248348328799e-16
A1: [0.05317247757906142, -0.14800134356368458, -0.02699911980196642, 0.12182774938585585] - [0.0053138304310385775, 0.1308368049986511, -0.11360063317498496, -0.0225496526061285] - [-0.01444446408296749, 0.2230916333277139, -0.12704116711313213, -0.08160592050088959] - [0.02714646789921949, -0.10002003023471796, -0.04942450057957964, 0.12229812822708626]
A2: [0.08925436494924073, -0.07291346643813032, -0.12362751498116033, 0.10728628553076958] - [0.10884165200475458, 0.24981410430349482, -0.4048453648064401, 0.04618940200182437] - [0.0366358465243559, 0.46255503445684665, -0.37771753338927994, -0.12147335380255839] - [0.14342647870506195, -0.04460657798661574, -0.201499491046967, 0.1026799086739591]
B1: 3.857824901446821e-08 - -7.19712677574166e-09 - -2.5065682996540703e-08 - -2.977174032178384e-08
B2: 9.843791034413147e-09 - -1.761832221692021e-08 - -4.657149822186444e-08 - 3.788808379567241e-08
