Number: 3259
Error: 0.00032540755370223114
A1: [-0.04840331623510705, -0.22738742966685596, -0.1467005607088479, -0.0489461650087044] - [0.05347587572595175, 0.19547389556268982, -0.1310128923042823, -0.06110919944347316] - [-0.09322253094664586, 0.31204134469090883, -0.14791047744240687, -0.16113115216602186] - [-0.038852359732558815, -0.11740488844900093, -0.1109455324387363, -0.020482026462071888]
A2: [-0.08371080371344801, -0.44635813873235497, 0.17907407132504832, 0.02584975625984413] - [0.09496226962293193, 0.06591107431728996, -0.04258343462395195, -0.057267539624533556] - [-0.17194874938282179, 0.06574577375345814, -0.20839388592861469, -0.3109045422171555] - [-0.04953898870350756, -0.44029863695430443, -0.014364377043610961, -0.06709369955799543]
B1: -0.0015632073289732753 - -0.10728741584369346 - -0.016499340509519025 - -0.016223431553410494
B2: -0.04870661544833753 - -0.08433431401960681 - 0.026180765250385554 - 0.02378166994992395
