Number: 1246
Error: 2.2721846016192415e-08
A1: [-0.006697424274268712, -0.014498931933120417, 0.003509879287136519, 0.019958049772740304] - [0.06698503810019162, 0.19003697267030717, -0.14657176785712256, -0.10968614974562076] - [-0.11207596015272864, 0.4422851263636769, -0.0702534172116546, -0.257548502250235] - [-0.023566586010132236, 0.015150220170705614, -0.03013165003844509, 0.03870235451038313]
A2: [0.13172445484261783, -0.2244914371367789, 0.02280244444382648, 0.07029543134770014] - [0.03243852925852244, 0.2035448933542541, -0.11509507061072366, -0.12166046098596368] - [-0.09628056433546596, 0.5539124145855389, -0.23683308181905305, -0.22726407967424136] - [-0.021138692794338627, -0.019583145947454292, 0.007809279856470076, 0.03188263185685001]
B1: 0.00011674212040040671 - -0.0005248461140728644 - -9.981954320629718e-05 - 0.0004300060948609596
B2: -1.741595731468852e-05 - -1.0683384994529169e-05 - 0.0002316969123847653 - 0.00010094319661615474
