Number: 6297
Error: 7.153480368940845e-16
A1: [0.08043164338188115, -0.18046785204857008, -0.019588898226654498, 0.11962493044018416] - [0.03741555217626521, 0.13359635837853093, -0.13472621396036308, -0.03628585289948351] - [-0.0017028378526726452, 0.22819009766729367, -0.12282840145750569, -0.1036589290593172] - [0.038863204294188575, -0.11448104860278037, -0.04641647151150946, 0.12203419783673339]
A2: [0.03530749994420715, -0.02927341875671927, -0.0756972958676654, 0.06966346727857134] - [0.10289379392528533, 0.28289674488683153, -0.39260635441612124, 0.006816041297759917] - [-0.011186924446344632, 0.5390147672788344, -0.3594508493362076, -0.16837627958755158] - [0.09786286758199203, 0.017463384979749787, -0.1688509456171108, 0.053524949943950476]
B1: -3.9248144060875564e-08 - 4.9216730979531906e-09 - -2.4244977885871488e-08 - -5.0129259552880436e-09
B2: -2.4409920154905954e-08 - -2.1472532765957547e-08 - -3.0004970602852365e-09 - -1.1628289015325042e-08
