Number: 4020
Error: 8.597096710437286e-16
A1: [0.06621321294622186, -0.11395204914359065, -0.023983919040193712, 0.07172289936162328] - [0.03740256782073666, 0.18819332710301445, -0.1474089903367232, -0.07818705373922132] - [-0.06022928534838486, 0.32895088270242917, -0.12775302555219412, -0.14096823853043955] - [0.039046247027124045, -0.053322602645579954, -0.037418505362709534, 0.051695204757579195]
A2: [-0.009108461105370098, -0.3468030638101593, 0.24945520593544865, 0.10645680012662831] - [0.08003982941212516, 0.03628226090015857, -0.050250108275758126, -0.06607195547710436] - [-0.04245279255558354, 0.2308319207791323, -0.04053121671537967, -0.1478478092198053] - [0.06813483255001476, -0.2934677930096591, 0.14177129896050897, 0.0835619207415066]
B1: -2.7127236338711728e-08 - 6.781359507799257e-09 - -2.9773680366258638e-08 - -2.4647341424371755e-09
B2: -3.853251141371376e-09 - -3.802661462256615e-08 - -1.9973357538693682e-08 - 9.773104821810102e-09
