Number: 9031
Error: 0.0002464692915349739
A1: [0.026209561986965398, -0.19803981402078613, -0.053830028465064385, 0.08824686051414478] - [-0.03455106796512493, 0.0857152268052225, -0.15566668205468, -0.06528417903809121] - [-0.09019868742821749, 0.15620399499151885, -0.1824819475817576, -0.15027224729253447] - [-0.017830245946427858, -0.1474876055773863, -0.08930682130542421, 0.07690817607358624]
A2: [0.08051350093159884, -0.06979517022750052, -0.11316128102463484, 0.11270914819929218] - [0.13986869832087526, 0.2595307452836653, -0.3914781970472706, 0.05770741560383112] - [0.14070806056312407, 0.573951092513634, -0.28570856650888116, -0.013627371763319853] - [0.15070966949836076, -0.03472926460660939, -0.19438947244552615, 0.11288071203036465]
B1: -0.0031598424495673707 - 0.03873004067722218 - -0.009548436306614174 - 0.00721229924025619
B2: -0.0005444754242780736 - -0.012746314114296092 - 0.002658617494078837 - -0.011475132423501452
