Number: 6831
Error: 9.768319469457033e-16
A1: [0.08043166726721779, -0.18046782816594198, -0.01958887436988028, 0.11962495432278966] - [0.037415554002218895, 0.1335963602030992, -0.13472621213804975, -0.03628585107454532] - [-0.001702860663119489, 0.22819007485732865, -0.12282842423455263, -0.10365895186367816] - [0.03886319848668535, -0.11448105439398694, -0.046416477315312316, 0.12203419203283618]
A2: [0.035307466340647034, -0.02927345245322236, -0.07569732781747508, 0.06966343210876863] - [0.10289380626471392, 0.2828967573309822, -0.3926063424815798, 0.006816054218931872] - [-0.011187149877250691, 0.5390145405033139, -0.35945106271135596, -0.1683765171320879] - [0.09786281569499047, 0.017463332856728495, -0.16885099501014872, 0.053524895479455124]
B1: 6.591134413005783e-09 - 2.1680336615443076e-08 - -2.068773587703483e-08 - -3.7606412871133826e-10
B2: 9.103570334971838e-09 - 1.2374962254253118e-09 - -8.34467922671133e-09 - -1.51909829710146e-10
