Number: 5408
Error: 1.1367161277549572e-15
A1: [0.06621313132076166, -0.11395212894493224, -0.023984000601568, 0.07172281787317011] - [0.03740252088252663, 0.18819328225683457, -0.14740903648048637, -0.07818709988709943] - [-0.060229262002095024, 0.32895090512523123, -0.12775300270667136, -0.14096821580746724] - [0.03904626663496114, -0.05332258403407253, -0.03741848639235495, 0.05169522357387786]
A2: [-0.009108429636881136, -0.3468030304273896, 0.24945523765800034, 0.10645683311923325] - [0.08003974243215707, 0.036282167198041074, -0.050250203339351526, -0.06607205134818857] - [-0.04245279456467591, 0.2308319185616457, -0.04053121886865649, -0.14784781144187906] - [0.06813475305232576, -0.29346788054006523, 0.1417712127767814, 0.08356183161000164]
B1: -2.2593462285001577e-08 - 4.736127109561439e-08 - -4.1326403940135714e-08 - -4.829126568135995e-08
B2: -5.591344189047415e-09 - -8.699820538389286e-09 - -1.1329315579515762e-07 - 2.4261058972222994e-08
