Number: 3539
Error: 3.7046782642603725e-12
A1: [0.06622331547528322, -0.11394217292722958, -0.023973825178366746, 0.07173298550440127] - [0.037398338080057006, 0.18818928537437649, -0.14741314877556524, -0.07819121166346604] - [-0.060241034629847146, 0.3289395994076485, -0.12776452116416515, -0.14097967453756907] - [0.0390584052244836, -0.05331106301374804, -0.03740674323586455, 0.051706872185359826]
A2: [-0.009130281609066978, -0.34682621160562943, 0.24943321064095766, 0.10643392238379931] - [0.08000723836131414, 0.03624715158196495, -0.05028572832228396, -0.06610787820633893] - [-0.042491471431226224, 0.23078923287455758, -0.04057266631949196, -0.14789058745100103] - [0.06813638298775716, -0.29346608653799106, 0.14177298144023592, 0.08356366013486352]
B1: 5.0052106399084734e-06 - 9.638738541721452e-06 - -9.161376311793275e-06 - 9.763759695536022e-06
B2: 2.1365367445804904e-06 - 8.569390763583255e-06 - 1.088159238041385e-06 - 4.706193073957647e-06
