Number: 3786
Error: 7.030809266778938e-16
A1: [0.06621325961895418, -0.11395200351384922, -0.023983872404100985, 0.07172294595601983] - [0.03740264154371548, 0.18819339754030268, -0.1474089178613939, -0.07818698125748173] - [-0.060229296591746424, 0.3289508719038107, -0.12775303655430856, -0.1409682494733743] - [0.039046173399871174, -0.0533226725297756, -0.037418576594612, 0.05169513410408671]
A2: [-0.00910867886816944, -0.34680329482254973, 0.24945498641070518, 0.10645657181412123] - [0.0800398112539133, 0.03628224133855996, -0.05025012812165541, -0.06607197549151286] - [-0.0424527863423275, 0.23083192763651256, -0.04053121005699331, -0.14784780234813458] - [0.06813473949065159, -0.2934678954721159, 0.1417711980751678, 0.08356181640471078]
B1: 2.1196632932364323e-08 - 2.9221151158909687e-08 - -1.2761873184260723e-08 - 2.427588421984931e-08
B2: -1.767577618783322e-09 - 2.62895920437381e-08 - 3.1179670752512144e-09 - 5.2665427372672874e-08
