Number: 447
Error: 3.135795876719074e-12
A1: [-0.012163883098409664, -0.014527943561248913, 0.018075689729736184, 0.008571888450577186] - [0.06583146471155991, 0.18949163364503224, -0.14532646883152092, -0.11001275907482745] - [-0.09628783240951314, 0.4217911560824304, -0.053451645222263554, -0.27202962732959934] - [-0.0013138805731214701, -0.018211916647060726, -0.003826999568523298, 0.02338555081684221]
A2: [0.1615906176265774, -0.16775094989633435, 0.008505152316863988, -0.0023292704403412154] - [0.035485218860011915, 0.20751622522403876, -0.11721092675903017, -0.12579252323859108] - [-0.08621137797692119, 0.5815402440996784, -0.23538661828386764, -0.2599334552559473] - [-0.0038289122788943775, -0.004513335406306018, 0.001116250003970196, 0.007249185906161357]
B1: 5.47019567221356e-07 - 2.0185239049756834e-06 - 9.311772713738785e-07 - 1.0410263149437468e-06
B2: 8.201721916632081e-06 - -6.716939429029748e-06 - 1.988271773620378e-06 - -2.8487630776659445e-07
