Number: 9241
Error: 6.260656999661621e-09
A1: [0.05310885620447348, -0.14806586607204433, -0.027063221848985484, 0.12176438480499283] - [0.004885317585456807, 0.13040795621301005, -0.11402884847553385, -0.022978279717253094] - [-0.014955497621242007, 0.22258027402794245, -0.12755182142792001, -0.08211672199572986] - [0.027063601850345353, -0.10010397738088993, -0.04950842037018188, 0.1222155510054396]
A2: [0.08906260600303394, -0.07310348623683639, -0.12381413684771223, 0.10709224236986321] - [0.10917505294278299, 0.2501471011223779, -0.4045187759686502, 0.04652866971302649] - [0.03654222311797163, 0.4624616076135509, -0.3778087724794268, -0.12156745046960876] - [0.14267505369510103, -0.045354077782837635, -0.20223229331237735, 0.10191726902100808]
B1: 6.733465982706183e-05 - 8.50104574148259e-05 - -0.00023339267073963245 - -2.38844219857097e-05
B2: -0.00011493456553586202 - 0.00027942433090844297 - -0.0002284887514224683 - -0.0002649374335479216
