Number: 1750
Error: 4.3781985818792014e-07
A1: [-0.007820722832571797, -0.01564479490805547, 0.0023624047009012947, 0.018780145216288045] - [0.06592140179172018, 0.1890167645892159, -0.14767655556348067, -0.11086758899539403] - [-0.11357689023382651, 0.44079941006963586, -0.07186129400714993, -0.2591663427592051] - [-0.024448599514511924, 0.014279480210140015, -0.031075569998964648, 0.03777635955995138]
A2: [0.13053947473362454, -0.22564034150516707, 0.021644638128459168, 0.06914255433315368] - [0.031900514612806304, 0.2030181874982831, -0.11563034268838919, -0.1221826908866261] - [-0.09569170873936084, 0.5545336484122063, -0.23620084048274925, -0.22662994041018017] - [-0.02182877911003785, -0.02026241878577465, 0.007111557389664218, 0.031205926236031568]
B1: 0.00030324154785280034 - -0.00035689394249581766 - 0.00035994253113162683 - 0.0002948247203594661
B2: -0.0007311865043702515 - -0.00011297343503247416 - -0.0005228441538256913 - -0.00039583554818776003
