Number: 5487
Error: 1.1233093802850559e-13
A1: [0.06621260859122763, -0.11395263999387924, -0.02398452292142768, 0.07172229602072931] - [0.03740253891770553, 0.18819329948826036, -0.14740901874979373, -0.07818708215454336] - [-0.0602291683530631, 0.3289509950671444, -0.12775291106811176, -0.14096812466132244] - [0.03904503193104457, -0.053323755976940085, -0.03741968094413699, 0.05169403872149454]
A2: [-0.009108309824636965, -0.34680290332488944, 0.24945535843918606, 0.10645695872884443] - [0.0800408862656192, 0.036283399432380785, -0.05024895319472869, -0.06607079059161154] - [-0.04245190976324528, 0.23083289507703741, -0.040530270683692915, -0.14784683288443778] - [0.0681357739489928, -0.29346675649559567, 0.1417723195225684, 0.08356297622262443]
B1: 3.8338226429155667e-07 - -1.0472277007208318e-07 - 1.0749467931632117e-07 - 2.3118371564100734e-08
B2: 6.01341252997139e-08 - -1.640544112163434e-07 - -9.045498314979623e-08 - -5.291316495427468e-07
