Number: 3913
Error: 1.1207679336073397e-15
A1: [0.06621311684705224, -0.11395214309524539, -0.02398401506395178, 0.07172280342373623] - [0.037402539854673414, 0.1881933003833394, -0.14740901782951005, -0.07818708123444112] - [-0.06022939473876628, 0.32895077763903324, -0.12775313259515703, -0.14096834499766173] - [0.0390461059433671, -0.05332273655691821, -0.03741864185651355, 0.051695069372093214]
A2: [-0.009108611764189449, -0.34680322363566835, 0.24945505405762763, 0.1064566421690188] - [0.08003977924819203, 0.03628220685922087, -0.050250163102090004, -0.06607201076898751] - [-0.04245301377331012, 0.2308316766293814, -0.040531453781147045, -0.14784805387842317] - [0.06813462100225354, -0.293468025933098, 0.14177106962223499, 0.08356168355719817]
B1: -7.253013261434678e-08 - -5.017636743279914e-08 - -4.097793221766282e-09 - 7.410096076863184e-08
B2: -3.1661868457462134e-09 - -1.5641256641773862e-08 - 2.621521931763622e-08 - -1.3923090699367117e-08
