Number: 5757
Error: 0.00032772108015005554
A1: [0.09008114691411488, -0.1807715127682128, -0.015481611668322365, 0.12551814557047658] - [0.0750154047164977, 0.14926270085863413, -0.1091493306391729, -0.006781377878582893] - [-0.09457035807408459, 0.14767039800167925, -0.2117824580694698, -0.193848863526922] - [0.0192216185949904, -0.11633653980213912, -0.05702213554247241, 0.10800066827258883]
A2: [-0.04030830028026585, -0.10802125948700832, -0.1302942250481727, -0.005438037813864219] - [0.21289556906961876, 0.39801693955336703, -0.29733228289457003, 0.11152520040759027] - [-0.030691829910927976, 0.5215340364645816, -0.3728362893083505, -0.19581916166156418] - [0.0665625399124408, -0.01333315335784907, -0.19054220445609535, 0.01710719106884345]
B1: -0.034694163193014486 - 0.016808218353691912 - -0.01660251052673167 - -0.017743136877590715
B2: 0.011337909579329637 - 0.03009279308917089 - -0.008690228948901165 - -0.07165645208960002
