Number: 5030
Error: 1.0377955801340999e-15
A1: [0.06621317828592653, -0.11395208302932076, -0.023983953673285572, 0.07172286475949592] - [0.03740263212798946, 0.1881933885442535, -0.14740892711774298, -0.07818699051467468] - [-0.06022925815367575, 0.3289509088215708, -0.12775299894098616, -0.14096821206212898] - [0.03904613457419618, -0.05332270938154048, -0.03741861415703962, 0.05169509684660208]
A2: [-0.009108661759864271, -0.34680327667301664, 0.2494550036573837, 0.10645658975148405] - [0.08003980946801927, 0.0362822394147111, -0.05025013007339523, -0.06607197745986759] - [-0.04245283355832864, 0.23083187552605236, -0.04053126065534192, -0.14784785456720825] - [0.0681347632875632, -0.29346786927062296, 0.1417712238731484, 0.0835618430855063]
B1: -3.3439077981109985e-08 - -5.14834929603079e-09 - 1.4827026451970315e-11 - -6.45502277535601e-09
B2: -5.549416211732871e-09 - -3.147515725364867e-08 - 8.933467541580303e-08 - -5.067830911774782e-08
