Number: 9890
Error: 9.66746937269847e-16
A1: [0.053172539641845123, -0.14800128147805758, -0.02699905780754882, 0.12182781147858808] - [0.0053137325612128165, 0.1308367070262231, -0.11360073102993448, -0.022549750613912418] - [-0.014444444606990339, 0.22309165281086069, -0.12704114765252988, -0.08160590101794203] - [0.027146508691815688, -0.1000199894422267, -0.049424459700986, 0.12229816912332316]
A2: [0.08925458600913398, -0.07291324588938905, -0.1236272989018569, 0.10728650931636649] - [0.10884175378245098, 0.24981420609916116, -0.4048452650446396, 0.046189505491986006] - [0.036635852209109726, 0.46255504011201354, -0.37771752784295504, -0.12147334805883127] - [0.1434264318643133, -0.04460662465289912, -0.201499536782887, 0.10267986113827372]
B1: 2.3434493101891322e-08 - 1.722693279396626e-08 - 1.6322792114486604e-08 - 2.376476102127174e-08
B2: 3.244289790541881e-09 - 9.789236772445693e-09 - 1.321959692574703e-08 - 3.5849325465280816e-08
