Number: 6210
Error: 8.057051522625707e-16
A1: [0.08043164886272654, -0.18046784656834525, -0.019588892752362603, 0.11962493592040371] - [0.03741555870946578, 0.13359636490678659, -0.13472620744018057, -0.036285846369902036] - [-0.0017028285394747775, 0.2281901069802933, -0.12282839215794349, -0.10365891974860462] - [0.03886321679393227, -0.11448103613811547, -0.04641645901973059, 0.12203421032870845]
A2: [0.03530737060025129, -0.029273548458427116, -0.07569741884617404, 0.06966333190601368] - [0.10289371008706975, 0.2828966603370669, -0.3926064355033281, 0.006815953506863236] - [-0.011187072368010677, 0.5390146184748709, -0.35945098934720354, -0.16837643545786926] - [0.09786277523860779, 0.01746329221632298, -0.16885103352199043, 0.05352485301340475]
B1: -3.158587479416118e-08 - -1.1946253344961645e-08 - -4.7430080430093725e-09 - -1.1702985395784093e-08
B2: -2.060058960734734e-08 - -2.5795589559703794e-08 - 1.0851057995749815e-09 - -8.389215807559512e-09
