Number: 3007
Error: 7.758047577420963e-09
A1: [0.06329686033175136, -0.048007183533827116, -0.0235786567602475, 0.007717556213943418] - [0.0432357955698103, 0.1908595687525361, -0.14300211844700708, -0.09297864514700414] - [-0.12287340024619417, 0.4154369335256983, -0.10428014164294289, -0.1864937640337662] - [0.03679260109099268, 0.01895883892049808, -0.0333440617469824, -0.023263253299341095]
A2: [0.06292227068318619, -0.17420490035937874, 0.0858083144138316, 0.0234431747355417] - [0.02929095644212117, 0.2002997963899617, -0.10170947981104049, -0.12787276203509707] - [-0.0933140331204343, 0.5137748116997649, -0.22550925376015804, -0.19500335977170963] - [-0.025490477322319696, 0.01894951288173124, -0.04985548406678052, 0.057403047969806185]
B1: 8.133313592686485e-06 - 0.0002544770258670788 - -0.00014635095187572262 - -6.956176191069875e-05
B2: -0.00016812666803136574 - -5.7548510161086185e-05 - 1.2831348141243521e-05 - -4.263215260186991e-06
