Number: 2781
Error: 6.480334761174852e-09
A1: [0.06308409889242596, -0.048221583423554676, -0.023791196638925344, 0.007507128288915879] - [0.04357280786249899, 0.19118469890519743, -0.14265619053054193, -0.09261016177902665] - [-0.12326616931071895, 0.4150402557091144, -0.10467846254126478, -0.1868925697264353] - [0.03696777820983746, 0.019132177180380953, -0.033167315120847404, -0.023086322321793668]
A2: [0.06399863720742482, -0.1731309675155006, 0.08688144713545816, 0.024509708734345007] - [0.029188249501242484, 0.20019849806791476, -0.1018115636666971, -0.12797260268459884] - [-0.09320822538531608, 0.5138799117930364, -0.2254040465340613, -0.19490296829564444] - [-0.02589813820444354, 0.018549762291005356, -0.05025913140010479, 0.05700488610780549]
B1: 0.00013826142192983036 - -3.059025444183465e-05 - -8.620355033245252e-05 - -2.036885623619808e-05
B2: -8.093361527952009e-05 - -0.00015959407471301284 - 3.29367175629356e-05 - 9.700529068859786e-05
