Number: 8675
Error: 2.0243242097281366e-15
A1: [0.08043167032426352, -0.18046782510922832, -0.01958887131650262, 0.1196249573794997] - [0.037415622044775776, 0.13359642819420692, -0.13472614423083237, -0.03628578306956047] - [-0.001702804971694423, 0.22819013054755913, -0.12282836862467336, -0.10365889618710045] - [0.03886321886991329, -0.11448103406789976, -0.04641645694505426, 0.12203421240344807]
A2: [0.03530741190959823, -0.029273507034807394, -0.07569737956989343, 0.06966337514078147] - [0.1028936764267706, 0.28289662639114954, -0.3926064680591873, 0.006815918259744357] - [-0.01118714541508506, 0.5390145449920631, -0.3594510584879785, -0.1683765124299734] - [0.09786277065796836, 0.017463287614808944, -0.16885103788256617, 0.053524848205301186]
B1: -2.299057765146287e-08 - -3.613784683297278e-08 - -3.6199039097846984e-08 - -3.4683887731127124e-08
B2: 1.8779462992481574e-08 - -7.876154169446757e-09 - -2.4589088797724404e-08 - 1.73892616269287e-08
