Number: 1760
Error: 1.4036278327105257e-06
A1: [-0.010199091495297453, -0.018050525183482404, -0.00011211002674237341, 0.016338097614088144] - [0.06650591466511237, 0.18957949843422836, -0.14707328314074936, -0.11021698227955203] - [-0.11658054358786082, 0.437850347583814, -0.0749975317001239, -0.2624155159227478] - [-0.027484085952347557, 0.011294259656584498, -0.03418085595100319, 0.034574853367710504]
A2: [0.1334515251812753, -0.22277711758807414, 0.024507729694396897, 0.07199064289686048] - [0.032429327584433544, 0.2035383431428479, -0.11510419957379817, -0.12166598782420239] - [-0.09190543627424064, 0.5582606602279511, -0.23247557126121368, -0.22290221096921306] - [-0.019684073687243765, -0.018150652654104253, 0.009236472068032523, 0.03326610631692998]
B1: 0.0003231277407518327 - -0.001011424073875973 - -0.00023784832210539556 - 0.0003875918887833461
B2: 0.0010317093935933812 - 0.0010790711159625326 - 0.0007505123742861932 - 0.0006007074783271532
