Number: 8419
Error: 8.96448510592828e-16
A1: [0.08043170586895895, -0.18046778956857149, -0.019588835814331386, 0.11962499292011314] - [0.03741555273680299, 0.13359635893864286, -0.1347262134008175, -0.03628585233919933] - [-0.0017028180340912813, 0.22819011748544601, -0.12282838166793869, -0.10365890924601423] - [0.038863263562154374, -0.11448098950112005, -0.04641641228130825, 0.1220342570678771]
A2: [0.035307372669746234, -0.02927354638314839, -0.07569741687870207, 0.0696633340721498] - [0.10289374302181685, 0.28289669355137553, -0.39260640364924704, 0.006815987994371981] - [-0.011187095626771112, 0.539014595077314, -0.359451011362093, -0.16837645996648573] - [0.09786283113461793, 0.01746334836655014, -0.1688509803125591, 0.053524911685950353]
B1: -1.8857402769016578e-08 - 4.077680915419406e-09 - 2.080173959379344e-09 - 1.173346153006737e-08
B2: 1.2983336314571234e-08 - -2.7572717170884388e-08 - 1.060162678220393e-09 - 2.0065949918905932e-08
