Number: 7783
Error: 1.1619872224826562e-15
A1: [0.08043170109284423, -0.18046779434415422, -0.019588840584691233, 0.11962498814455705] - [0.03741558941613762, 0.13359639559020953, -0.13472617679467677, -0.036285815680239066] - [-0.0017027907689420173, 0.22819014475001378, -0.12282835444270448, -0.10365888198814714] - [0.038863239867506484, -0.11448101312930678, -0.04641643596085468, 0.12203423338793949]
A2: [0.03530738877540739, -0.02927353023297696, -0.07569740156556734, 0.06966335092838376] - [0.10289370594947363, 0.2828966561643822, -0.3926064395051713, 0.0068159491742507995] - [-0.01118721692862264, 0.5390144730520182, -0.3594511261770584, -0.16837658778632467] - [0.097862720440278, 0.017463237168749878, -0.16885108568654694, 0.053524795493108075]
B1: -4.207468145420527e-09 - 9.769154230219594e-09 - -2.3591379135488536e-08 - -1.4269216417868676e-08
B2: -2.157696370824166e-08 - 3.642497677591164e-08 - -2.2303608734338496e-08 - -1.611916314462043e-08
