Number: 2357
Error: 6.503078244370677e-06
A1: [0.06992741453447437, -0.04282401342087065, -0.01895059916994757, 0.01352762383625368] - [0.04478984881113253, 0.19218990946706763, -0.14194448832027967, -0.09132476422661087] - [-0.12219002510757944, 0.4166350889196684, -0.10315037554117644, -0.18580338951972283] - [0.03822069518443575, 0.020677487506406415, -0.031460630268315706, -0.022019605912778198]
A2: [0.018675203333254207, -0.21766475442649905, 0.04209904338422723, -0.020350931263577485] - [0.030787755600619828, 0.20172073356918221, -0.10028301640323961, -0.1264719048476253] - [-0.06903800349177762, 0.5380369852496599, -0.20077818961140043, -0.17101249466180748] - [-0.02898349666961736, 0.015827149628058992, -0.052710259158217594, 0.054360600408694795]
B1: 0.0016097950945533727 - -0.002075455912411879 - 0.0006163040770018383 - 0.015345632943795753
B2: 0.003695925957473771 - 0.00493931775293091 - 0.004164542837763127 - 0.0038987853568177816
