Number: 4891
Error: 1.2000371887677835e-15
A1: [0.06621312829443304, -0.11395213190368525, -0.023984003625551413, 0.071722814851896] - [0.03740256425512664, 0.18819332369631672, -0.14740899384198228, -0.07818705724481341] - [-0.060229404362548096, 0.32895076839589427, -0.1277531420124317, -0.1409683543640889] - [0.039046244762840625, -0.053322604794555716, -0.037418507553160625, 0.0516952025848954]
A2: [-0.009108578722799217, -0.3468031885838755, 0.24945508736627048, 0.10645667681113896] - [0.0800398581489489, 0.03628229185797336, -0.05025007686796767, -0.06607192380266115] - [-0.04245283627981611, 0.2308318725224527, -0.040531263571780454, -0.14784785757707444] - [0.06813473110693541, -0.2934679047028164, 0.1417711889863244, 0.08356180700517347]
B1: 3.6081264608977288e-09 - 1.6194752048806158e-08 - -1.94112157871351e-09 - -9.029551363014531e-09
B2: -2.1268138325412323e-08 - -2.1016635972500932e-08 - 2.4410377907340812e-08 - 2.105997479434509e-08
