Number: 4256
Error: 9.973747306176649e-16
A1: [0.0662132110647377, -0.11395205098302265, -0.023983920920198593, 0.07172289748330037] - [0.03740261338469005, 0.18819337063627503, -0.1474089455438595, -0.07818700894240203] - [-0.060229355044565794, 0.32895081576312046, -0.12775309375275964, -0.14096830636415836] - [0.03904619488741591, -0.053322652134584876, -0.037418555806113286, 0.05169515472376976]
A2: [-0.009108683191610595, -0.34680329940894045, 0.24945498205228733, 0.10645656728130475] - [0.08003988327783469, 0.0362823189289579, -0.050250049403606445, -0.06607189610505157] - [-0.042452848420019534, 0.23083185912366663, -0.040531276581924444, -0.14784787100376892] - [0.06813470094414197, -0.29346793791345543, 0.14177115628705128, 0.0835617731869857]
B1: 1.3771789363897614e-08 - 2.1242908705949e-08 - -1.9278225891689215e-09 - -1.3718842485291828e-08
B2: -8.30496897457305e-09 - -3.056560060778001e-08 - 1.4187518915715869e-08 - 3.3210243379111836e-08
