Number: 8003
Error: 9.428498336667907e-16
A1: [0.0804317134235405, -0.18046778201485522, -0.01958882826874735, 0.1196250004738414] - [0.037415578802681565, 0.13359638498479418, -0.13472618738694575, -0.03628582628779961] - [-0.0017028066126956339, 0.22819012890659768, -0.12282837026326174, -0.10365889782767279] - [0.03886325728772755, -0.114480995757971, -0.046416418551734236, 0.1220342507973338]
A2: [0.0353074287566522, -0.02927349014115329, -0.07569736355185681, 0.06966339277303557] - [0.10289369801923995, 0.2828966481668381, -0.3926064471751972, 0.006815940870146036] - [-0.01118709488676335, 0.5390145958217621, -0.35945101066165513, -0.16837645918670746] - [0.09786277868191867, 0.017463295675290105, -0.1688510302442243, 0.05352485662780685]
B1: -7.66635139811192e-09 - 1.4394327120358984e-08 - 1.4268418630745563e-09 - 6.7612490058443066e-09
B2: 4.175158485874168e-08 - -6.209024839338687e-08 - 5.2946733023483696e-09 - 3.41580684421977e-08
