Number: 3818
Error: 9.65610414311245e-16
A1: [0.066213225979715, -0.11395203640135367, -0.023983906016936778, 0.07172291237324072] - [0.037402671822981105, 0.1881934264700796, -0.14740888809455627, -0.07818695148801356] - [-0.06022935659349665, 0.3289508142754691, -0.1277530952684605, -0.14096830787172704] - [0.039046161147711624, -0.05332268415906534, -0.037418588448163925, 0.051695122346774605]
A2: [-0.009108588464022307, -0.3468031989178171, 0.24945507754632487, 0.10645666659797907] - [0.08003981220635875, 0.036282242364617516, -0.0502501270806866, -0.06607197444170353] - [-0.04245283875013537, 0.23083186979595005, -0.04053126621930743, -0.1478478603092503] - [0.06813476174127339, -0.2934678709731862, 0.14177122219700836, 0.08356184135180095]
B1: 4.9556498900180814e-09 - 3.276876494322094e-08 - 5.010928286881775e-09 - 1.2701405490824801e-08
B2: 1.5593321320311543e-08 - 2.5603976897763406e-08 - -3.338851105349734e-08 - 2.517674198318315e-08
