Number: 2530
Error: 2.3177952421097922e-08
A1: [0.06334620155112168, -0.047955613513474514, -0.023528724038824226, 0.007768381535299277] - [0.043589674798433765, 0.1911995139036528, -0.14264194262479826, -0.09259540858873161] - [-0.12360178594894068, 0.4147120373738707, -0.10500727929532612, -0.18722062964477904] - [0.03665360067018877, 0.018824894456700096, -0.03347650958246525, -0.02339461444250976]
A2: [0.06198299644966669, -0.17514724576724552, 0.08487368996080621, 0.02251982031381086] - [0.028448505051519978, 0.19946998221347087, -0.1025483631803433, -0.1286966279449841] - [-0.0931123860232591, 0.513974577267919, -0.22531132613257251, -0.1948094975434996] - [-0.025823048941170223, 0.018628617578899886, -0.05019155517364938, 0.05707654218128823]
B1: -0.00025752486890872066 - -9.535124464473961e-05 - 0.0003387960167567065 - 0.00011854587311965283
B2: 5.380710528383248e-05 - -1.12419898017831e-05 - -3.756633527606328e-05 - 3.747930173389448e-05
