Number: 487
Error: 8.825585180754597e-13
A1: [-0.012153988652528439, -0.014517781039402065, 0.01808662593706059, 0.00858246171272736] - [0.06583598567506832, 0.18949598260893857, -0.14532179456544084, -0.1100077254240414] - [-0.09629298569949211, 0.4217861753095027, -0.05345723738544534, -0.27203563129136127] - [-0.0013205411445890948, -0.018218322447809573, -0.003834089768154167, 0.023377852181239455]
A2: [0.16158664475083465, -0.16775484788862705, 0.00850125939675433, -0.0023331435917337386] - [0.035487103556255256, 0.20751807962950458, -0.11720904996663542, -0.12579067952105166] - [-0.08621586067066972, 0.5815358532727706, -0.23539098016177948, -0.25993782659734377] - [-0.003835999886086084, -0.004520305224137809, 0.0011092348756944002, 0.007242404864903934]
B1: 8.022126452454239e-07 - -3.230459864522441e-07 - -1.1838935599757886e-06 - -3.8888749204539995e-08
B2: -2.3317882616790823e-06 - -9.580663346059219e-07 - -8.015781825387683e-07 - -2.582024087424775e-07
