Number: 524
Error: 2.7916377312027225e-13
A1: [-0.012149947308732532, -0.01451363016242141, 0.018091092856790603, 0.00858678036326039] - [0.06583608632876634, 0.18949607943488433, -0.14532169049614113, -0.11000761335393085] - [-0.0962928228136912, 0.4217863327167732, -0.053457060643144004, -0.27203544153509546] - [-0.0013225948192588765, -0.018220297528805236, -0.0038362758601832685, 0.023375478448026947]
A2: [0.16158625941857202, -0.1677552259655212, 0.008500881809579702, -0.002333519273078409] - [0.03548581471668893, 0.20751681149951237, -0.11721033340711551, -0.1257919403411974] - [-0.08621391814715426, 0.5815377559685782, -0.23538909002854433, -0.2599359323551374] - [-0.00383524768715827, -0.004519565534668885, 0.0011099793637802848, 0.0072431245073942595]
B1: 3.849832974828221e-07 - 6.027770662268036e-07 - 7.849223088469105e-09 - -2.3549920261311239e-07
B2: -1.190192902368458e-06 - -2.0489116811193972e-07 - 7.299850047287734e-07 - 5.242071510407318e-07
