Number: 3840
Error: 7.518189793217409e-16
A1: [0.0662131294022139, -0.11395213082065254, -0.02398400251864479, 0.07172281595782395] - [0.03740257239126808, 0.18819333146984224, -0.14740898584354625, -0.07818704924564905] - [-0.06022931333704998, 0.3289508558208742, -0.12775305294026731, -0.1409682657712023] - [0.03904612767266967, -0.05332271593229809, -0.037418620834140395, 0.05169509022376829]
A2: [-0.009108588206739801, -0.34680319864488074, 0.24945507780568876, 0.10645666686772527] - [0.0800398046568593, 0.03628223423164102, -0.05025013533185698, -0.06607198276294404] - [-0.04245280804006753, 0.23083190368951487, -0.0405312333091605, -0.14784782634504784] - [0.0681347544740724, -0.2934678789746995, 0.14177121431865822, 0.08356183320391553]
B1: 4.3414016562762383e-10 - -1.6823814224506747e-08 - -7.255759219204869e-09 - -1.9329794147374404e-08
B2: -2.4433878476726805e-08 - -2.3518933186020607e-08 - 4.645130587775836e-08 - -3.388228195755678e-08
