Number: 6858
Error: 1.036741748201814e-15
A1: [0.08043165720872862, -0.180467838223292, -0.01958888441634219, 0.11962494426544937] - [0.037415559160286924, 0.13359636535726294, -0.13472620699025903, -0.036285845919334536] - [-0.001702851054405766, 0.2281900844658371, -0.12282841463990767, -0.10365894225752886] - [0.03886320097993397, -0.1144810519077356, -0.04641647482365238, 0.12203419452453516]
A2: [0.03530742038063346, -0.02927349854035459, -0.07569737151566532, 0.06966338400662599] - [0.10289376800585645, 0.28289671874741884, -0.392606379485044, 0.006816014156316098] - [-0.011187092548548888, 0.5390145981739554, -0.3594510084484999, -0.16837645672282794] - [0.0978628147534961, 0.017463331910951528, -0.16885099590639033, 0.05352489449119243]
B1: 9.632208955264296e-09 - -2.2809717515554666e-08 - 8.315708879810832e-09 - 1.5427054830157178e-09
B2: 1.967194384166875e-09 - 1.2820417668055712e-09 - -4.651948817316974e-09 - 1.2069027292700642e-09
