Number: 7354
Error: 9.170719535989035e-16
A1: [0.0804316375469641, -0.18046785788283157, -0.019588904054594583, 0.11962492460593147] - [0.037415579061869104, 0.1335963852437842, -0.1347261871283257, -0.036285826028774386] - [-0.0017028877927398932, 0.22819004772828683, -0.12282845132444759, -0.10365897898605456] - [0.038863217518041795, -0.11448103541604457, -0.04641645829608673, 0.12203421105236234]
A2: [0.035307370920912844, -0.029273548136871018, -0.07569741854138028, 0.06966333224169713] - [0.10289369997951847, 0.2828966501437417, -0.39260644527923205, 0.006815942922821767] - [-0.011187078718567537, 0.539014612086417, -0.3594509953581071, -0.16837644214971415] - [0.09786275697708226, 0.017463273871734245, -0.16885105090582192, 0.053524833844791175]
B1: -3.324435115829201e-08 - -1.5557614944912943e-08 - 4.014678508451851e-09 - -3.531519626081634e-09
B2: -2.3083291466058074e-08 - 4.2970790541967835e-09 - -4.053538252478887e-08 - 1.2621664894372809e-09
