Number: 8682
Error: 2.4728694300856517e-15
A1: [0.08043171949319934, -0.180467775945861, -0.019588822206355574, 0.11962500654282116] - [0.037415664356820054, 0.13359647047422488, -0.13472610200309262, -0.03628574078095265] - [-0.0017027693599152066, 0.22819016615857732, -0.12282833306503323, -0.1036588605848238] - [0.03886326358670185, -0.1144809894766006, -0.04641641225675751, 0.1220342570924463]
A2: [0.035307669056374086, -0.029273249176846285, -0.07569713507727642, 0.06966364427199712] - [0.10289404534304754, 0.2828969984383274, -0.3926061112476847, 0.006816304568224274] - [-0.011186861247014106, 0.5390148308549747, -0.35945078951588905, -0.16837621299308128] - [0.09786301921321494, 0.017463537300579878, -0.16885080127341137, 0.05352510910665453]
B1: 4.5503670768375525e-08 - -8.131134107111524e-08 - 7.748565844366583e-09 - 3.033679326311375e-08
B2: 4.793652496587174e-08 - 3.45617178055764e-08 - 1.2128525565507147e-08 - 4.490201309675817e-08
