Number: 7555
Error: 1.060150098597385e-15
A1: [0.08043172713080833, -0.18046776830913966, -0.01958881457787575, 0.11962501417953805] - [0.03741560648970931, 0.13359641265086064, -0.13472615975513974, -0.03628579861613239] - [-0.001702750925097779, 0.22819018459300736, -0.12282831465720653, -0.10365884215494174] - [0.03886325616934752, -0.1144809968732141, -0.04641641966941596, 0.12203424967964016]
A2: [0.03530737129310609, -0.0292735477636369, -0.07569741818751909, 0.06966333263125812] - [0.10289365029715199, 0.28289660003972983, -0.3926064933313925, 0.0068158908981660275] - [-0.01118722595706579, 0.5390144639697222, -0.35945113472265827, -0.1683765972999329] - [0.09786270052408977, 0.01746321716196791, -0.16885110464546718, 0.053524774587588454]
B1: 4.591274797155281e-09 - -1.514375235281823e-08 - -1.405192420649138e-08 - -1.0430729061480362e-08
B2: -1.3249756613082357e-08 - -2.7661184947376243e-08 - 5.932919054690336e-09 - -2.5189259411466948e-08
