Number: 5953
Error: 8.623073973423668e-11
A1: [0.08044276277926359, -0.18045673482102664, -0.019577790654310832, 0.11963604938346174] - [0.037351949633019424, 0.13353280344664512, -0.1347896916050271, -0.03634942125928432] - [-0.0017132106970355462, 0.22817972522692243, -0.12283875682998166, -0.10366929795614203] - [0.03887677792246247, -0.11446751191768342, -0.04640290430187065, 0.12204776403909107]
A2: [0.03536601934214318, -0.029214742519296028, -0.07564165796753962, 0.06972471494368322] - [0.10298323611998057, 0.2829869406570931, -0.3925198499751146, 0.006909698529504705] - [-0.011130015691137916, 0.5390720131215387, -0.3593969856537925, -0.16831631379773634] - [0.09791738577923502, 0.017518147922040435, -0.1687990493258953, 0.05358217621885459]
B1: -8.397452772583646e-06 - -2.090689726941508e-06 - 1.610534895483339e-05 - 7.969462850867735e-06
B2: 1.5431093710466282e-05 - 6.898372954765629e-06 - 1.647560587152968e-05 - -6.856532516062719e-07
