Number: 1614
Error: 5.3300338265134074e-08
A1: [-0.006041346586454702, -0.013835864432739993, 0.004190117489868475, 0.020623876424055266] - [0.06609446046529606, 0.18918016452836345, -0.14749280809683493, -0.11067593797872075] - [-0.11209621195390727, 0.44226413652452295, -0.07027607664437008, -0.2575703066000545] - [-0.022577595444979188, 0.01612084807329703, -0.029126347984692262, 0.03974218940863139]
A2: [0.13179512331648838, -0.2244275445238052, 0.022868043729270208, 0.07036159028676212] - [0.03256126594536925, 0.20366559378276047, -0.11497218206270193, -0.12154024364937542] - [-0.09429758428004674, 0.5558600032513692, -0.23488325738089905, -0.2253163834447793] - [-0.02082289680652602, -0.01928396100505149, 0.008113353785316104, 0.032180459380458964]
B1: -0.00017045017735117617 - -0.00025073024057081886 - -0.00033648013959455716 - -0.00013822595853466057
B2: -0.00023778920074777227 - 0.00013957735058909519 - -0.00020760847397205135 - -0.00016782314375626877
