Number: 7963
Error: 1.0188966812723674e-15
A1: [0.08043168771822976, -0.18046780771725815, -0.01958885394332599, 0.11962497477146428] - [0.03741557215144169, 0.13359637833859075, -0.1347261940249328, -0.03628583293535448] - [-0.001702806972076005, 0.22819012854722448, -0.1228283706221153, -0.1036588981869571] - [0.03886323244943899, -0.11448102052655774, -0.04641644337419924, 0.12203422597448028]
A2: [0.035307525294056286, -0.02927339333675212, -0.07569727176518555, 0.06966349380975563] - [0.10289373872908246, 0.2828966892221814, -0.3926064078011426, 0.006815983499258084] - [-0.011187185102732481, 0.5390145050677174, -0.3594510960531633, -0.1683765542502779] - [0.0978627939745393, 0.017463311037472454, -0.16885101568661917, 0.05352487268005774]
B1: 2.7106223801487185e-08 - -9.999037449401737e-09 - -3.5357077895804103e-08 - -1.057082652188005e-08
B2: 4.891170964112922e-10 - -3.624679281864664e-08 - -3.970369793628314e-09 - -2.319051490928649e-09
