Number: 8943
Error: 0.007687059890701996
A1: [0.044689346686393835, -0.22026240442595751, -0.0552351203161382, 0.08902408779460841] - [0.005944586064955584, 0.10808973137318989, -0.14551959084562743, -0.046072870583712525] - [0.004787266667450522, 0.23163204701472936, -0.12226001283790147, -0.0993260961979271] - [-0.016200928412005676, -0.18158509274771634, -0.11233944957246199, 0.060170075895128156]
A2: [0.0805364823424848, 0.02785415062056094, -0.04673604830561032, 0.1287982446389347] - [0.11682534925743923, 0.2930829951964363, -0.3859018511672948, 0.03629347124741295] - [0.10128732662614981, 0.6308549690546588, -0.24720980483174448, -0.037667423480909575] - [0.187311099648195, 0.0912106295819792, -0.07934914178476037, 0.16351567421947452]
B1: -0.061846040709072805 - -0.055093403945995684 - -0.0246022808759557 - -0.02502840387929052
B2: 0.058096650324804384 - 0.0670838494410733 - 0.06205525401143204 - 0.07187298202405772
