Number: 1268
Error: 1.3142277910785582e-08
A1: [-0.007119462140310261, -0.014924767060335737, 0.003068345891213516, 0.019524565663906788] - [0.06660285492512655, 0.18966900700235304, -0.1469667903248915, -0.11011137585180027] - [-0.11277198811575329, 0.4416037605203588, -0.07098278371424857, -0.25830228575730557] - [-0.02365492975909866, 0.015064456211248991, -0.030225374734688337, 0.03860983221662089]
A2: [0.1314090577541705, -0.2248033639201115, 0.02249343052161658, 0.06998803957845094] - [0.0329194658761555, 0.2040179336489835, -0.11461623101303027, -0.1211900729267791] - [-0.09507635820640713, 0.5550946571639536, -0.23564827205621017, -0.2260804122099931] - [-0.021076890924954277, -0.019522998389328656, 0.007871857782612759, 0.031942672722676736]
B1: 0.0002108176346857736 - 3.999807998115167e-05 - 0.00015410758801846037 - 0.00017406056659146499
B2: 2.3699287261905138e-05 - 0.0001419109823740234 - 0.00020529250821894378 - 0.00020272079966002766
