Number: 4676
Error: 9.675418102357728e-16
A1: [0.06621317701972551, -0.11395208426725421, -0.02398395493852317, 0.07172286349538819] - [0.03740256915475725, 0.18819332837757455, -0.1474089890252796, -0.07818705242768441] - [-0.06022951949372577, 0.32895065781863164, -0.1277532546730919, -0.14096846641880645] - [0.03904623312962458, -0.05332261583644936, -0.03741851880801157, 0.051695191421452666]
A2: [-0.009108462994738617, -0.3468030658146552, 0.24945520403057214, 0.10645679814547436] - [0.0800398291558494, 0.036282260624099526, -0.05025010855580301, -0.06607195575954301] - [-0.04245276066678225, 0.23083195597351663, -0.04053118254202853, -0.14784777395203827] - [0.06813473978271416, -0.29346789515049615, 0.14177119839156024, 0.08356181673223564]
B1: -2.4607121209855025e-08 - 4.823802184484193e-08 - -1.8739108446393247e-08 - -5.230652577833833e-08
B2: -1.144590331514521e-08 - -1.2283095593087279e-08 - -5.875192462042921e-08 - 2.2315502475838928e-10
