Number: 6930
Error: 1.4282975571322039e-15
A1: [0.08043166481511854, -0.18046783061776314, -0.01958887681904499, 0.11962495187097136] - [0.037415598521520835, 0.13359640468870557, -0.13472616770745188, -0.0362858065799043] - [-0.0017028051859164298, 0.22819013033334706, -0.12282836883857658, -0.10365889640128133] - [0.038863237133356945, -0.1144810158557732, -0.04641643869326618, 0.12203423065548827]
A2: [0.03530733132470624, -0.029273587842598568, -0.07569745618890704, 0.06966329079994016] - [0.1028936858074057, 0.28289663585134267, -0.39260645898631247, 0.006815928082528093] - [-0.011187004140903666, 0.5390146871089119, -0.35945092476873847, -0.16837636356460872] - [0.09786276645992564, 0.017463283397710024, -0.16885104187874408, 0.053524843798664914]
B1: -2.2812270092664352e-08 - -2.5877035524169765e-08 - 4.3778888132804345e-08 - -8.007031115643544e-09
B2: -2.2493989912655137e-08 - -6.878330135839241e-10 - 3.815207728273202e-09 - -3.5258308845106843e-09
