Number: 5519
Error: 8.147475464684198e-12
A1: [0.06621474268505739, -0.11395055356711485, -0.023982390495093115, 0.07172442653829192] - [0.03740098731637699, 0.18819181705373775, -0.14741054409016777, -0.0781886076319994] - [-0.06022679611103314, 0.32895327352330955, -0.12775058971044573, -0.14096581578862613] - [0.0390501610028941, -0.053318887613538625, -0.037414718715606504, 0.05169896065473891]
A2: [-0.009107841471881569, -0.34680240649207483, 0.24945583060055068, 0.10645744981329289] - [0.08003894445475908, 0.03628130754940849, -0.05025107547805171, -0.06607293087925382] - [-0.04245301389751434, 0.23083167648808742, -0.04053145389594759, -0.14784805399879877] - [0.06813507893042446, -0.29346752174251023, 0.14177156607346714, 0.08356219699935177]
B1: -1.2756936061726798e-06 - -1.6145696230669207e-06 - -3.0099990981419694e-06 - -2.6666815216875655e-06
B2: 2.812214179871589e-07 - 2.419293780500475e-06 - 7.07947761005e-07 - -4.993398878474624e-07
