Number: 4733
Error: 1.0832409194405403e-15
A1: [0.066213223416774, -0.11395203890702668, -0.0239839085778874, 0.07172290981456507] - [0.03740263696440285, 0.18819339316510103, -0.14740892236319383, -0.0781869857597048] - [-0.060229314256144556, 0.3289508549381589, -0.12775305383962177, -0.14096826666548962] - [0.039046265020148074, -0.053322585567140285, -0.0374184879549662, 0.05169522202396596]
A2: [-0.009108800969643768, -0.3468034243527506, 0.24945486332120279, 0.10645644379758779] - [0.0800399443910635, 0.03628238476537781, -0.05024998261033013, -0.06607182874465871] - [-0.04245284213142702, 0.23083186606422731, -0.040531269842641056, -0.14784786404872116] - [0.06813467493576743, -0.2934679665496763, 0.1417711280913674, 0.0835617440269859]
B1: 4.483291978884675e-08 - 2.0451028947811896e-08 - -1.810913401721274e-08 - -3.4350337489493635e-08
B2: 1.1849141363616655e-08 - 1.2986959536589197e-08 - 4.098907966794542e-09 - 9.016469104329627e-09
