Number: 4631
Error: 1.1484461953046291e-15
A1: [0.06621318226638566, -0.11395207913784944, -0.023983949695985492, 0.0717228687332433] - [0.03740260234510133, 0.1881933600886953, -0.14740895639662743, -0.07818701979614305] - [-0.060229438552566926, 0.3289507355582386, -0.1277531754688095, -0.14096838764051517] - [0.03904610434495384, -0.05332273807405593, -0.03741864340291036, 0.051695067838226076]
A2: [-0.009108584515031996, -0.34680319472853594, 0.24945508152711365, 0.10645667073822754] - [0.08003984585864721, 0.036282278617795274, -0.05025009030060295, -0.06607193734933788] - [-0.04245285418529232, 0.23083185276084092, -0.040531282760037195, -0.14784787737981658] - [0.0681348067404137, -0.293467821427249, 0.14177127098009848, 0.08356189180408985]
B1: -2.286198044042593e-09 - 2.0387483968992408e-08 - -3.4453306511685307e-09 - 1.9919977414864824e-08
B2: 9.828042995827371e-09 - 5.2194962785751715e-09 - 6.260049629336806e-09 - -6.969440741848319e-09
