Number: 2113
Error: 0.001331288494939842
A1: [0.10141270718341809, 0.06261584054477749, 0.024303942054229734, 0.12239204571042303] - [0.0946294867383543, 0.22478238716646118, -0.10925182028055024, -0.07061770077886866] - [-0.19559742078692993, 0.3312287794559338, -0.2267627039449552, -0.23597455730524586] - [-0.13584408609499954, -0.12005406431944893, -0.16350705674295662, -0.18440363506422908]
A2: [0.1762612372710017, -0.1847708522575447, 0.07048360605548201, 0.05417657027388934] - [0.1072003545938193, 0.2605474037316263, -0.04680777839806172, -0.06447350386031055] - [-0.11051379772128281, 0.4041122773631057, -0.31297419306610863, -0.38922056870762384] - [0.07018330227346917, 0.08409827754303245, -0.009517327933872121, 0.13340912994679688]
B1: -0.009624320308856911 - -0.025477232268528913 - -0.046717497701745936 - 0.0022645569181026573
B2: -0.006397947287787836 - -0.034623972591934477 - -0.03252813109380007 - -0.10560672341808582
