Number: 8571
Error: 1.785483369564584e-15
A1: [0.08043165596573985, -0.18046783946611608, -0.01958888565785743, 0.1196249430226166] - [0.03741552408949721, 0.13359633031307774, -0.13472624199094352, -0.03628588097057732] - [-0.0017028177722841198, 0.22819011774723605, -0.12282838140652362, -0.10365890898428343] - [0.038863206416906944, -0.11448104648594962, -0.046416469390127175, 0.12203419995818185]
A2: [0.0353073478162765, -0.02927357130537293, -0.07569744050916237, 0.06966330806033712] - [0.10289366841662252, 0.28289661831302865, -0.3926064758065, 0.006815909871954861] - [-0.011187135329154031, 0.539014555138174, -0.35945104894139196, -0.1683765018021158] - [0.0978627142476394, 0.01746323094792038, -0.1688510915816692, 0.05352478899296896]
B1: -2.0299075383003562e-08 - 2.2012764238445397e-09 - -2.5218200308217077e-08 - -6.1731098767764266e-09
B2: 2.639255643319091e-08 - -4.846660826702576e-09 - 3.465668432885693e-08 - 2.5207171945991535e-08
