Number: 2330
Error: 2.3889590546935247e-05
A1: [0.08443423525587666, -0.030545721004503538, -0.009422724875627182, 0.02549951911517884] - [0.03766562180632785, 0.18564468096693373, -0.14865980359873243, -0.09810340036541063] - [-0.11833883747646615, 0.4206745677390105, -0.09986335515622681, -0.1815130703047779] - [0.032943667910202125, 0.016202595709233856, -0.03558409077540165, -0.02646864498537794]
A2: [0.022860188239126087, -0.21191878154842514, 0.04765605041986061, -0.015515406496125829] - [0.023066726818449068, 0.19404063173999553, -0.10798833167799976, -0.13402757379149072] - [-0.0474346183263813, 0.5573773641989903, -0.18020489133845974, -0.15136302798444776] - [-0.01114674229625057, 0.032431193443944524, -0.034974641534586744, 0.07194524832527882]
B1: -0.004723068204435401 - 0.0005197910728695393 - -0.0020889352565601057 - 0.01882345862504467
B2: 0.005347626387791878 - -9.923928600916437e-05 - 0.0015402721788983528 - -0.0016749348553491757
