Number: 840
Error: 6.955516861310939e-12
A1: [-0.012181113839108092, -0.0145456413177709, 0.01805664444673714, 0.008553475296318667] - [0.0658387583690242, 0.18949864982850473, -0.14531892783409436, -0.11000463831459371] - [-0.0963183321091936, 0.421761678394462, -0.05348474126201714, -0.27206516114156826] - [-0.0013603830358425721, -0.018256638764103616, -0.003876500276965013, 0.023331801956744256]
A2: [0.16158331664097395, -0.16775811342281388, 0.00849799824749013, -0.002336387649496406] - [0.03548563361104696, 0.20751663329222922, -0.1172105137666136, -0.12579211745861588] - [-0.08621825371490903, 0.5815335091587377, -0.2353933088227651, -0.2599401596288243] - [-0.0038346204092207375, -0.0045189486848291925, 0.001110600155637218, 0.007243724736327352]
B1: 3.970584452170741e-07 - -2.919529713635369e-07 - -2.421426862997852e-06 - 7.498501542570377e-07
B2: 2.659860051619123e-06 - -1.1938253766330882e-05 - 3.4604534800779003e-06 - -3.737011867292301e-06
