Number: 6740
Error: 1.0789373177177517e-15
A1: [0.08043164207172901, -0.1804678533585776, -0.019588899535241892, 0.1196249291301788] - [0.03741555789431915, 0.1335963640922539, -0.13472620825370407, -0.0362858471846008] - [-0.0017028501738660746, 0.22819008534635843, -0.12282841376065673, -0.10365894137722388] - [0.03886319927449747, -0.11448105360838563, -0.04641647652800174, 0.12203419282015893]
A2: [0.03530741518469194, -0.02927350375066742, -0.07569737645589777, 0.06966337856850706] - [0.10289375066193397, 0.28289670125629685, -0.3926063962598595, 0.0068159959946955855] - [-0.011187152695080528, 0.5390145376686768, -0.3594510653784895, -0.16837652010133822] - [0.09786277208898334, 0.01746328905237277, -0.168851036520239, 0.0535248497073373]
B1: -1.2667281511083377e-08 - 1.6242992306260963e-10 - -2.192617088578695e-08 - -1.6696661986537274e-08
B2: -1.7418527789588066e-08 - -9.014035803760712e-09 - -1.0015550086106356e-08 - -8.95574908031762e-09
