Number: 4015
Error: 1.1159411549749629e-15
A1: [0.06621320266566841, -0.11395205919440683, -0.023983929312679435, 0.07172288909832353] - [0.03740256627339565, 0.18819332562463514, -0.1474089918578782, -0.07818705526051069] - [-0.06022931268472776, 0.328950856447385, -0.1277530523019232, -0.14096826513629293] - [0.039046236167822865, -0.053322612952817344, -0.037418515868719755, 0.05169519433687618]
A2: [-0.009108470701260842, -0.3468030739899031, 0.2494551962619172, 0.10645679006585738] - [0.08003982713582695, 0.03628225844793279, -0.05025011076362282, -0.06607195798609442] - [-0.04245283904643134, 0.23083186946892778, -0.040531266536824206, -0.14784786063695163] - [0.06813484231374829, -0.29346778225935855, 0.141771309545343, 0.08356193168846225]
B1: -9.961694558301678e-09 - 4.497358164639262e-09 - -3.505384733028893e-08 - 8.773115844567301e-09
B2: 3.24172205732077e-09 - -3.135498956646877e-08 - -7.840819537888744e-09 - 1.867757301614679e-08
