Number: 4526
Error: 1.3443060755877884e-15
A1: [0.0662131125685843, -0.11395214727814564, -0.02398401933907961, 0.07172279915241835] - [0.03740253431119412, 0.18819329508689966, -0.14740902327916883, -0.07818708668461323] - [-0.060229569182817196, 0.32895061009508086, -0.1277533032958365, -0.1409685147800902] - [0.03904600525665932, -0.05332283212496004, -0.037418739267546255, 0.05169497275199426]
A2: [-0.009108581484403333, -0.3468031915135085, 0.24945508458231305, 0.10645667391571464] - [0.08003983772369995, 0.036282269854130016, -0.05025009919164767, -0.06607194631585063] - [-0.04245266978914727, 0.2308320562716472, -0.040531085154016315, -0.1478476734448569] - [0.06813474534676536, -0.29346788902424503, 0.141771204423616, 0.08356182297055956]
B1: -1.5053897710660776e-08 - -2.0866086529815645e-08 - 1.0186832015801854e-08 - -6.073501843099648e-08
B2: 2.8566848278661953e-08 - 3.5027120691728264e-08 - -1.0980297221582597e-07 - 2.659371072478084e-08
