Number: 3197
Error: 0.01324007452892043
A1: [-0.03472376120349514, -0.1595474107244335, -0.13025510113810274, -0.09999129541622682] - [0.07684046242568703, 0.22159803937423878, -0.11144824153011985, -0.061817784909400916] - [-0.2383370180917712, 0.29550068175597405, -0.22380173873265596, -0.30465107630299826] - [-0.13003693554871987, -0.14323517332084523, -0.19220906070356747, -0.1736595678212064]
A2: [-0.012925617691953238, -0.22570137507560778, 0.03636274023517183, 0.0009960573281411547] - [0.08509729553673678, 0.2607167973433615, -0.04144387723609914, -0.06653403301690825] - [-0.07869301686953625, 0.5366781976257232, -0.20605208386765067, -0.17687627891204735] - [0.1014566770663347, 0.14786967233245196, 0.07283221205128787, 0.162024376693578]
B1: -0.04309017750427149 - -0.12800851819910017 - -0.0652099666411208 - -0.08493015446478011
B2: 0.06851185226034308 - 0.1162238468738399 - 0.06279510435011089 - 0.03364017651798293
