Number: 7901
Error: 1.0211285785622323e-15
A1: [0.0804316754946908, -0.18046781993941202, -0.01958886615224464, 0.11962496254932295] - [0.037415650314884315, 0.13359645644286028, -0.13472611601726958, -0.036285754815227195] - [-0.001702825664901159, 0.22819010985479612, -0.12282838928757336, -0.10365891687479503] - [0.03886323935391432, -0.11448101364146103, -0.04641643647412763, 0.12203423287466211]
A2: [0.03530736986835832, -0.029273549192313876, -0.07569741954217088, 0.06966333114013186] - [0.10289367141501046, 0.2828966213368282, -0.39260647290647355, 0.006815913011656353] - [-0.011187138134589002, 0.5390145523160081, -0.35945105159671725, -0.1683765047583843] - [0.09786273427681481, 0.017463251068221927, -0.16885107251505596, 0.05352481001696372]
B1: 1.3663817447286243e-08 - 2.361506111533132e-08 - 2.5554460176465917e-09 - 1.6799158890793794e-08
B2: 1.248101745994649e-08 - 2.333323410172265e-08 - 2.481613397868005e-08 - 1.638626170833543e-08
