Number: 9174
Error: 3.3254665636984597e-07
A1: [0.054208459186895326, -0.14696601055875796, -0.025975576386473815, 0.12287299086463148] - [0.00770657162299711, 0.13323580408327873, -0.11121983556436715, -0.020144090425358554] - [-0.013701985657580172, 0.22384894879806125, -0.12629718675663937, -0.0808421127718069] - [0.02927001122492843, -0.09789780729100162, -0.04730219981605513, 0.12443361200457245]
A2: [0.08746744527167448, -0.07471435346622793, -0.12536292861915188, 0.10547997330577855] - [0.10838489738595106, 0.24935480488259437, -0.4052948149276837, 0.04572674329584588] - [0.03905516068825261, 0.46495666372366584, -0.37536147316878726, -0.11902890586475258] - [0.14040807821725462, -0.04761072874164827, -0.20444133061997583, 0.09961789490585687]
B1: 0.0010090766961761523 - -0.00011071824725962512 - -0.0006740112304427159 - 0.0006405109960835032
B2: 0.0006048586337505317 - 0.00022834275357255888 - 0.0006760629773778523 - -7.37741326546898e-05
