Number: 5073
Error: 6.356733553279018e-16
A1: [0.0662132729258901, -0.11395199050422833, -0.023983859107603245, 0.07172295924062011] - [0.03740266262675928, 0.1881934176837771, -0.14740889713510258, -0.07818696052938418] - [-0.060229205217332785, 0.3289509596640473, -0.12775294714058838, -0.14096816054032218] - [0.03904612434028697, -0.05332271909517364, -0.037418624057996286, 0.051695087026031115]
A2: [-0.00910864594054131, -0.3468032598911962, 0.24945501960467298, 0.10645660633718484] - [0.08003985357914001, 0.03628228693498223, -0.050250081862501045, -0.06607192883961226] - [-0.04245278862607903, 0.23083192511593223, -0.04053121250427115, -0.14784780487397522] - [0.06813478659160682, -0.29346784361192574, 0.14177124913690442, 0.0835618692135635]
B1: -2.3595304729628174e-08 - 1.1443358932589625e-08 - 6.899536648105307e-09 - 4.18466609696192e-09
B2: 3.857047684330206e-08 - -2.236999355886761e-08 - -5.4192421317401574e-08 - 2.874036527899501e-08
