Number: 2933
Error: 1.732207404392313e-08
A1: [0.06330374721759308, -0.04800096375950014, -0.02357244717385091, 0.007725369572425113] - [0.04312840917893195, 0.1907559404286646, -0.14311380634382773, -0.0930980918226002] - [-0.12306383594889665, 0.415241137094661, -0.10447676147862384, -0.18669279712659367] - [0.03736043200908911, 0.019524930487479723, -0.03277702491073951, -0.022698374813112973]
A2: [0.06391652538864973, -0.17321508203688268, 0.08679502764176154, 0.024424242392932425] - [0.029726565078073558, 0.2007284459753194, -0.10127530707301138, -0.12744605189091215] - [-0.09341511409544669, 0.51367608177415, -0.22561155902089705, -0.1951032849557281] - [-0.025972522063159007, 0.018474078072767595, -0.050332379844191005, 0.05693406547868694]
B1: 0.00017391192515507506 - 0.00023896214830269495 - -0.0001696845957524474 - 9.122336643815105e-05
B2: 4.9110123065830525e-05 - 0.00026692242589658216 - 3.3280410187648475e-05 - -5.92901740539136e-05
