Number: 7126
Error: 9.80711969757274e-16
A1: [0.08043169625735, -0.18046779917909256, -0.019588845414407852, 0.1196249833096121] - [0.03741559950025812, 0.13359640566670467, -0.13472616673066215, -0.036285805601708] - [-0.0017027845365856712, 0.2281901509822361, -0.12282834821948278, -0.10365887575746222] - [0.03886323893721024, -0.11448101405698084, -0.04641643689056118, 0.12203423245822122]
A2: [0.0353075441348058, -0.02927337444389612, -0.07569725385175188, 0.06966351352876468] - [0.10289372651556396, 0.28289667690499937, -0.3926064196139124, 0.006815970709925885] - [-0.01118718680135381, 0.5390145033589687, -0.35945109766084804, -0.16837655604028853] - [0.09786280820178905, 0.017463325329442954, -0.1688510021431896, 0.0535248876140311]
B1: 4.3469468077527034e-08 - -2.7118035014685556e-08 - -1.989684367312147e-08 - 1.4503520892831424e-08
B2: 6.012577946545794e-10 - 3.664629780163399e-10 - 2.1251764409055522e-08 - -2.6329760079996212e-09
