Number: 395
Error: 8.248932129115888e-11
A1: [-0.012151901067230757, -0.014515634038909552, 0.018088935100013987, 0.008584694184831829] - [0.0658205911706252, 0.18948117382039442, -0.1453377112690564, -0.11002486575193993] - [-0.0962962084627785, 0.4217830616517573, -0.0534607326695259, -0.2720393856355177] - [-0.0013039208236290515, -0.0182023374978327, -0.003816395600663339, 0.023397062714304157]
A2: [0.1615748455376371, -0.167766427656159, 0.008489696734516224, -0.0023446475368567236] - [0.03548330811701164, 0.20751434486762305, -0.11721282996668082, -0.12579439299908993] - [-0.08623212037655274, 0.5815199245636552, -0.23540680428646407, -0.25995368561822474] - [-0.0038306497795558684, -0.004515044832470486, 0.0011145295876930006, 0.007247522612508418]
B1: 2.6423912666462325e-06 - -6.811605566568936e-06 - -3.7100071224111763e-06 - -1.328838916628019e-06
B2: -1.3920413974724589e-05 - -2.8878866609017488e-05 - -2.109716771589205e-06 - 4.331938978747264e-06
