Number: 3988
Error: 1.0081565028528001e-15
A1: [0.06621315179736305, -0.1139521089259684, -0.023983980141063985, 0.07172283831538993] - [0.037402665032986504, 0.18819341998271116, -0.14740889476963617, -0.07818695816367928] - [-0.060229408927825155, 0.3289507640112194, -0.12775314647972544, -0.14096835880755354] - [0.03904609113918302, -0.053322750608506775, -0.037418656179061476, 0.051695055165823504]
A2: [-0.009108638627752732, -0.3468032521337193, 0.24945502697671532, 0.10645661400404083] - [0.080039762459106, 0.03628218877256455, -0.05025018145160946, -0.06607202927431734] - [-0.04245282300213814, 0.23083188717641728, -0.0405312493431209, -0.14784784289255928] - [0.06813471419786585, -0.2934679233205987, 0.14177117065531286, 0.08356178804679282]
B1: 6.394962310877231e-10 - -3.048589565106746e-08 - 1.4385040819098268e-08 - -7.766079842263924e-09
B2: -1.5032474605016772e-08 - 1.5886700612114833e-08 - 2.321700085208551e-09 - -2.612768992853153e-08
