Number: 708
Error: 3.364719823089737e-15
A1: [-0.01215404304715946, -0.014517836905120466, 0.018086565824163386, 0.008582403587007311] - [0.06583513833954473, 0.18949516750951834, -0.14532267063392573, -0.11000866884476342] - [-0.09629334926035604, 0.42178582390727304, -0.05345763190832567, -0.27203605487564786] - [-0.0013224239200189832, -0.018220133178785562, -0.003836093947900617, 0.02337567597810311]
A2: [0.16158696437512252, -0.16775453428787895, 0.008501572544525254, -0.002332832048599139] - [0.03548558721365407, 0.20751658765168135, -0.11721055995725856, -0.12579216289981995] - [-0.0862135570310285, 0.5815381096801377, -0.23538873865132454, -0.2599355802150618] - [-0.003834977671503432, -0.004519300006804013, 0.0011102466128181585, 0.007243382842688968]
B1: 2.5419836317134032e-08 - -2.438512067628773e-08 - 1.3639745603184623e-07 - 8.967069268061443e-08
B2: -2.2886039398164779e-07 - 1.1126112568213969e-07 - 2.944305597226792e-07 - -2.0236890504572143e-08
