Number: 4900
Error: 1.021812708061247e-15
A1: [0.06621315117257512, -0.11395210953678958, -0.023983980765363854, 0.07172283769164252] - [0.03740256757786543, 0.1881933268709689, -0.14740899057547496, -0.07818705397801717] - [-0.06022935332277149, 0.3289508174168305, -0.12775309206789162, -0.14096830468816954] - [0.03904616376028171, -0.053322681679196064, -0.0374185859204749, 0.05169512485389417]
A2: [-0.00910852585919165, -0.34680313250394745, 0.24945514065759042, 0.10645673223567147] - [0.0800398804656739, 0.036282315899462174, -0.0502500524770787, -0.06607189920466443] - [-0.042452817484688404, 0.2308318932658753, -0.04053124343020974, -0.1478478367904201] - [0.06813472943794043, -0.29346790654044824, 0.1417711871769774, 0.08356180513392662]
B1: -1.1900224424320512e-08 - 2.5389731988125304e-08 - -2.2003459170012025e-08 - -3.8135984233081365e-08
B2: -1.4359123746776681e-08 - -1.817565985557928e-08 - -5.279626544909927e-09 - 9.20521021017174e-09
