Number: 8939
Error: 0.0021576010218205904
A1: [0.008206874546285242, -0.2579954758174108, -0.09158114208758844, 0.05236316216150927] - [-0.04388670086254409, 0.0572182446992026, -0.19580856984202813, -0.09625467788752792] - [-0.03500427442276503, 0.19096679814642617, -0.16113936754411146, -0.13889673483072404] - [-0.04084190708066845, -0.20730003732230942, -0.13732575489554824, 0.03538041249413525]
A2: [0.042414514137053744, -0.009527124555396227, -0.08254364024160107, 0.08772087761134947] - [0.13756152805131502, 0.3144228856328947, -0.3642724009669128, 0.05502301201986799] - [0.03443963305895188, 0.5652762490160054, -0.31183186744968294, -0.10795602100453872] - [0.14807282931744975, 0.05289160965420621, -0.11658683649150473, 0.12085937834688597]
B1: -0.008430559272410425 - -0.015583751096197269 - -0.0006615623115476636 - -0.0030124905820879157
B2: -0.05098639471892219 - -0.048256644549181466 - -0.026208025012085644 - -0.05470053040180138
