Number: 9145
Error: 1.1008617453799552e-06
A1: [0.05487134281934905, -0.14636700658286428, -0.025390310350058464, 0.12349688580987757] - [0.007435178725715568, 0.13292011934116435, -0.11160786538623353, -0.020427378009483462] - [-0.012774372554912402, 0.22483853284010213, -0.12534919259371544, -0.07978780170857228] - [0.026839885147329164, -0.1003277506211083, -0.04974142489670023, 0.12203101452322901]
A2: [0.10338737485235412, -0.05876248087115197, -0.1096604840218911, 0.12165117616347841] - [0.1144856985026309, 0.25547508367339455, -0.3993148577185373, 0.05191552647945393] - [0.04941593763167836, 0.4752897032775319, -0.3652586951811269, -0.10862828340133798] - [0.13807231926230978, -0.04990110771750337, -0.206746648495546, 0.09724830113661473]
B1: 0.003781384565077567 - -0.0011648077533911762 - -0.003308027497860342 - -0.002993302436201194
B2: -0.0005386819182947192 - 0.0013122546124833638 - -0.0015261239516449867 - -0.0013805951642088868
