Number: 2732
Error: 1.4431039641502366e-08
A1: [0.0634634260355605, -0.047843839010956464, -0.023415268602732426, 0.007884202112926801] - [0.043561139055557294, 0.1911734472713607, -0.14266815856262846, -0.09262295054451741] - [-0.12271550200992615, 0.4155892031695176, -0.10412389805693505, -0.1863398422313148] - [0.03727041600991735, 0.019434969986343247, -0.03286489156847293, -0.02278556787352803]
A2: [0.06335706391121072, -0.17376908917805314, 0.08624266108543904, 0.02387623931693791] - [0.02951252423780247, 0.20051786976950015, -0.10148812877651088, -0.12765521462468882] - [-0.09351072038599607, 0.5135835204768707, -0.22570752725109763, -0.19519561716784078] - [-0.026070640315015145, 0.018378826033006865, -0.05043316083406699, 0.056837537377929744]
B1: -4.0495352616778114e-05 - 0.00011987100409644258 - -4.071227026289942e-05 - -5.157952465319467e-05
B2: 2.8131122388300387e-05 - 0.00023442770471034476 - 9.250903226262888e-06 - 0.00015007910094206532
