Number: 795
Error: 3.3175921118816106e-13
A1: [-0.012155400029796214, -0.014519230663876283, 0.01808506594639367, 0.0085809534956205] - [0.06583643208226025, 0.18949641203615544, -0.14532133301629171, -0.11000722839130364] - [-0.09629553967660925, 0.4217837069083921, -0.053460008777545906, -0.27203860681053654] - [-0.0013226952245468857, -0.018220394095091626, -0.003836382738193073, 0.023375362396012764]
A2: [0.1615853984772214, -0.16775607069481863, 0.008500038219338384, -0.0023343585829775832] - [0.03548655136458658, 0.20751753630975184, -0.11720959984686441, -0.1257912197080568] - [-0.08621389409759622, 0.5815377795215851, -0.23538906662295542, -0.25993590891655327] - [-0.003835465871402165, -0.004519780088146909, 0.0011097634100795898, 0.007242915773185508]
B1: 6.145813980838699e-07 - -1.074397129219548e-06 - 4.6141802834709505e-08 - 3.840894003661769e-08
B2: -1.3321322775548392e-06 - -6.107677204304125e-07 - -2.7139552441745397e-06 - 4.18232251808995e-06
