Number: 6257
Error: 1.0311616032029596e-15
A1: [0.0804316571542159, -0.18046783827779497, -0.019588884470787587, 0.11962494421094601] - [0.037415558344634496, 0.1335963645422313, -0.13472620780428504, -0.0362858467345314] - [-0.0017028308074458628, 0.2281901047123706, -0.12282839442259386, -0.10365892201597038] - [0.03886321375411392, -0.114481039169403, -0.046416462057612004, 0.12203420729077938]
A2: [0.035307448846343424, -0.02927346999591432, -0.0756973444508341, 0.06966341379908499] - [0.10289370737968061, 0.2828966576066998, -0.39260643812187884, 0.006815950671830177] - [-0.01118715485382311, 0.5390145354970599, -0.35945106742177, -0.16837652237610662] - [0.0978627804654086, 0.01746329746689892, -0.16885102854641737, 0.05352485849984744]
B1: 7.671908962753819e-09 - -1.2428356507133941e-08 - -1.2364160656538207e-08 - -7.249881141655914e-09
B2: -1.0086603889372184e-08 - -7.915823146523064e-09 - 3.63895725886211e-09 - -1.852166317916776e-09
