Number: 9097
Error: 4.2491229066766095e-05
A1: [0.08549011386046666, -0.1169079685077147, 0.004826849897455131, 0.15282009691104434] - [0.03452938796589862, 0.15941137615541068, -0.08552951078595977, 0.0055598494543367604] - [-0.02223410604697284, 0.21579282192478158, -0.13316805473768453, -0.08792887505104058] - [0.05940806342656611, -0.06850911894292452, -0.01723761407675431, 0.15379612832105066]
A2: [0.05416182035551964, -0.10778905968197434, -0.15500303387734413, 0.0721347745232302] - [0.09923006026845058, 0.23943203967733268, -0.41344083425109773, 0.03615412441362266] - [0.06380753658884714, 0.4904364068457361, -0.3518460424905774, -0.09400014170681281] - [0.16388241371125242, -0.024368597223788167, -0.18264253740475664, 0.12322092947644762]
B1: -0.008872405086572489 - 0.0014398031742073056 - 0.01068854384178352 - 0.007213917888244612
B2: 0.0018265057729962971 - 0.0007083599930250515 - -5.615095559168438e-05 - 0.0029694065073718147
