Number: 5677
Error: 0.00018876748498926493
A1: [0.07684385179727664, -0.10240304992144733, -0.012735955767795258, 0.08301574668830528] - [0.057781466044385756, 0.20790332727849137, -0.12746817825069068, -0.05892973212586266] - [-0.08139887492011641, 0.3068034969574965, -0.15015351065740096, -0.16564101484110208] - [0.06906833033448431, -0.02172168196408875, -0.0065984232403111485, 0.08321414783041432]
A2: [-0.04536918890495206, -0.38631731608770925, 0.21039855709946834, 0.07126153319563616] - [0.062021909978550206, 0.017137096265756463, -0.07004967051671306, -0.08573352693894379] - [-0.0613072970334167, 0.2098321776536826, -0.06131358355642752, -0.16730969197709408] - [0.09831123983924983, -0.26046496984675666, 0.1747056938953307, 0.11780244475186731]
B1: 0.0016216545644194766 - -0.0034056869397905004 - -0.007717688952154659 - -0.029183192068021176
B2: -0.0006632430273523834 - 0.000584363261771876 - 0.018150956489715504 - -0.009845958903074783
