Number: 1615
Error: 4.070446793408115e-07
A1: [-0.005521292178618303, -0.013311132765754187, 0.004730706730232898, 0.021157881001724797] - [0.06636547222136026, 0.18944092651713174, -0.14721269012479268, -0.11037445004768165] - [-0.11126735754744572, 0.4430765811733626, -0.0694123757519079, -0.2566730085963904] - [-0.022095112309283436, 0.016594854326904936, -0.028633933960404846, 0.040251427597475666]
A2: [0.13209540090291988, -0.22413217718890668, 0.023163050558115322, 0.0706551341534195] - [0.032579013315939875, 0.2036830672716559, -0.11495454109630605, -0.12152287953604742] - [-0.0940906873565595, 0.556063624688035, -0.234680201770262, -0.22511304113532918] - [-0.02058171516231875, -0.019046385241919588, 0.008352419942538894, 0.032412188202543]
B1: 0.0001284169432808327 - 0.00016231139189334948 - -1.742979702495386e-05 - 6.926126829881943e-05
B2: -0.000485620452311953 - -0.00042094327327583394 - -0.000607878792670282 - -0.00037166324945212144
