Number: 6792
Error: 8.96847030128023e-16
A1: [0.08043164716997721, -0.18046784826090595, -0.019588894443090327, 0.11962493422784454] - [0.037415551181890105, 0.13359635738490572, -0.13472621495275877, -0.036285853893311695] - [-0.0017028587427666672, 0.22819007677764105, -0.12282842231701152, -0.10365894994383774] - [0.03886319269599676, -0.114481060168424, -0.04641648310231094, 0.12203418624574666]
A2: [0.03530738635215442, -0.029273532662952607, -0.07569740386950441, 0.06966334839212567] - [0.10289367721348634, 0.2828966271844833, -0.3926064672982345, 0.006815919083430629] - [-0.011187130021981986, 0.5390145604770106, -0.35945104391791377, -0.1683764962098972] - [0.09786275801087266, 0.017463274910224938, -0.16885104992168923, 0.05352483492990304]
B1: 1.2397072001859548e-08 - -1.5105184335898755e-09 - 1.5387631147609828e-08 - 1.3179026056596674e-08
B2: 1.6037143241767796e-08 - 1.3484559490483527e-08 - 1.216393409526367e-08 - 1.4355896852551064e-08
