Number: 9055
Error: 0.0004364099860096738
A1: [0.02802675756373071, -0.18367261668981155, -0.05355924132413717, 0.09318916697710648] - [0.039587249174515095, 0.16273929514934268, -0.08143230643648014, 0.009744267963896103] - [0.004942378795379037, 0.2523517892107083, -0.09525791990550543, -0.054845482966342333] - [0.05730169413435049, -0.06803378155788214, -0.014875984637316961, 0.1535271952315115]
A2: [0.16713117389422494, 0.012809080540198768, -0.029451429582373054, 0.19594045988648107] - [-0.01488318809040667, 0.11157854733888359, -0.5411873687475014, -0.09442379974482176] - [-0.02248145244484396, 0.4059343553730563, -0.4409498106619396, -0.18348310800409182] - [0.14553767833238668, -0.04095358831023205, -0.19995956150429572, 0.10554917833286957]
B1: 0.0036876144029640255 - -0.04383469203152378 - -0.053112005619361156 - -0.018063880393057424
B2: -0.04758023407750096 - -0.024184021864106578 - -0.015547954098980174 - -0.024338591145085423
