Number: 8609
Error: 1.1747033729179282e-15
A1: [0.08043172299135262, -0.18046777244809475, -0.019588818712390186, 0.1196250100405764] - [0.03741559385184974, 0.1335964000226384, -0.13472617236759035, -0.0362858112468607] - [-0.0017027383570546628, 0.22819019716077546, -0.12282830210757152, -0.1036588295902437] - [0.038863275393371303, -0.11448097770305521, -0.04641640045761894, 0.1220342688917802]
A2: [0.035307293422188454, -0.02927362584989351, -0.07569749222652702, 0.06966325113118915] - [0.10289374968959615, 0.2828967002757425, -0.3926063972002376, 0.006815994976473309] - [-0.011187116755809325, 0.5390145738222928, -0.35945103136126394, -0.16837648223078933] - [0.09786275002720875, 0.01746326689022764, -0.1688510575217505, 0.05352482654977227]
B1: -2.771137849614754e-08 - 1.541755573578619e-08 - -1.829844213713818e-09 - 1.3330332606332972e-08
B2: 1.2696399761871853e-08 - -2.488649931086452e-08 - 7.385007794764273e-08 - 1.0848838832379069e-08
