Number: 8844
Error: 1.3150306339107563e-05
A1: [0.08550017721401347, -0.17530334195906233, -0.015262485009831909, 0.12481034767000937] - [0.03915675867489668, 0.13538399736740975, -0.13360537332364908, -0.03446633397873415] - [-0.007460839914633954, 0.22245533279837293, -0.1289918738440482, -0.10937686586568923] - [0.04360560866963086, -0.1096154851029963, -0.04254955717321805, 0.12691574092061889]
A2: [0.03319152182615675, -0.03154267287800351, -0.07754079949872573, 0.06747909726233994] - [0.08190563977121801, 0.2617056744591399, -0.4126709484146256, -0.015133562209639184] - [-0.017857783906152395, 0.5319631139864317, -0.3659498816837671, -0.17526580488266436] - [0.09177934854186276, 0.01127340304819575, -0.17440693359594048, 0.047162756653340035]
B1: -0.0016994419196905601 - -0.007260660388702674 - -0.0028076525346313027 - -0.002802200708251764
B2: -0.004737736638015087 - -0.0030032194135634852 - 0.0025621031598042194 - -0.0038233084050729124
