Number: 9980
Error: 9.90571534436073e-16
A1: [0.05317249969335931, -0.1480013214411914, -0.026999097711949176, 0.12182777151089733] - [0.005313695826774828, 0.13083667025328746, -0.11360076775878075, -0.022549787400128928] - [-0.014444539492853738, 0.22309155789027735, -0.12704124246323645, -0.08160599593761952] - [0.02714637297557683, -0.10002012515839473, -0.0494245957036397, 0.12229803306210076]
A2: [0.08925442835264626, -0.07291340318130904, -0.12362745300629503, 0.10728634971573643] - [0.10884176647847285, 0.24981421879742655, -0.40484525260009396, 0.04618951840159177] - [0.036635933843272864, 0.4625551213214289, -0.37771744819659003, -0.12147326557801791] - [0.1434265215259365, -0.04460653532519832, -0.2014994492360875, 0.10267995213009028]
B1: -3.892802919876866e-08 - 3.4981027305486885e-08 - 2.2658920406965704e-08 - -1.1586671075953715e-08
B2: -4.634335715218053e-09 - -2.1227742453911806e-09 - -2.5955032893959542e-09 - -1.364077607152967e-09
