Number: 5406
Error: 1.879942327623038e-15
A1: [0.06621311488709648, -0.11395214501137092, -0.023984017022338506, 0.07172280146708203] - [0.03740252598067048, 0.18819328712776678, -0.14740903146861903, -0.07818709487478874] - [-0.06022945999524383, 0.32895071496337636, -0.12775319645128747, -0.1409684085100753] - [0.03904632746728129, -0.053322526294223335, -0.0374184275390483, 0.05169528194932621]
A2: [-0.00910841887931729, -0.346803019015335, 0.24945524850260226, 0.10645684439792398] - [0.08003976627621459, 0.03628219288488331, -0.05025017727920358, -0.0660720250667543] - [-0.042452841391520814, 0.23083186688086432, -0.04053126904999067, -0.14784786323037172] - [0.06813468998626528, -0.2934679499782322, 0.1417711444073563, 0.0835617609016697]
B1: -6.958583258483167e-11 - 2.773609725281597e-08 - -3.931167079449591e-08 - -5.171140205132143e-08
B2: -1.3238945542887913e-08 - -2.8857277720610203e-08 - -1.465906196123129e-07 - 6.797938299120695e-08
