Number: 3773
Error: 8.142566423269736e-16
A1: [0.06621322444373579, -0.11395203790301284, -0.023983907551715665, 0.07172291083983416] - [0.03740263841021144, 0.18819339454645218, -0.1474089209418694, -0.07818698433822875] - [-0.0602292969491571, 0.32895087156053815, -0.12775303690405015, -0.1409682498212345] - [0.03904614483081893, -0.05332269964643464, -0.03741860423421317, 0.051695106688919086]
A2: [-0.00910853453712587, -0.3468031417097635, 0.24945513190955815, 0.1064567231374282] - [0.08003981497932204, 0.036282245351893255, -0.050250124049994384, -0.06607197138527772] - [-0.042452843708365426, 0.23083186432373062, -0.04053127153274979, -0.14784786579286888] - [0.06813477235781826, -0.29346785928389724, 0.14177123370637865, 0.08356185325492015]
B1: 4.36782214546667e-09 - 1.4015332471408841e-08 - 2.891520843351158e-08 - -4.028200825385133e-09
B2: 6.488916429060628e-09 - 1.6764222834858518e-08 - -1.6494408876611781e-09 - 4.5771229503787176e-08
