Number: 1857
Error: 1.563696594105861e-07
A1: [-0.005015474261305506, -0.012776685028829834, 0.005297075666817246, 0.021675351315948624] - [0.06897993452550759, 0.19196200673574626, -0.14450776274448626, -0.10746533570144935] - [-0.11495294779093848, 0.4394884874533836, -0.07331363069637035, -0.2606560001603748] - [-0.024412548686530183, 0.014353700225625418, -0.031071718043642838, 0.03781547389727964]
A2: [0.13257707696661322, -0.22369398453929226, 0.023625515871646442, 0.0711109837794455] - [0.03321769477763591, 0.20432565206627137, -0.1143179223974491, -0.12088997115633733] - [-0.09409267505861989, 0.556070641022255, -0.23461390169982807, -0.22501329019746777] - [-0.022688091446134227, -0.021152388241298555, 0.006247858850726438, 0.030368063974803575]
B1: 0.0007659024173908877 - 0.0011133348697021372 - 0.0008333000323765478 - -0.00028650536827346
B2: -0.0006174772590057049 - 0.0014431120575185876 - 0.0005962078776289081 - 8.898956478335256e-05
