Number: 4158
Error: 9.57316830847837e-16
A1: [0.06621317271820569, -0.11395208847263816, -0.02398395923664187, 0.0717228592011234] - [0.037402609627716, 0.18819336704674164, -0.14740894923725445, -0.07818701263612442] - [-0.06022939754368442, 0.32895077494506075, -0.12775313533988458, -0.140968347727615] - [0.03904609317991882, -0.05332274867151304, -0.03741865420472214, 0.05169505712413837]
A2: [-0.009108630902064329, -0.3468032439379442, 0.24945503476490086, 0.10645662210403219] - [0.08003982847257915, 0.03628225988799916, -0.05025010930262655, -0.06607195651269036] - [-0.04245277320205778, 0.2308319421388785, -0.04053119597539416, -0.1478477878155557] - [0.06813474796300398, -0.2934678861436701, 0.14177120726000314, 0.0835618259038053]
B1: -1.9592846494266174e-08 - -2.90197301142747e-09 - 2.11833561721166e-08 - -5.207924655094911e-09
B2: 1.0272968782626928e-08 - 1.567111411665323e-08 - -1.702249519751309e-08 - -2.1894519177122743e-08
