Number: 3993
Error: 1.003375923187934e-15
A1: [0.06621317804340593, -0.11395208326644073, -0.023983953915619517, 0.07172286451738442] - [0.03740263762826602, 0.1881933937993638, -0.14740892171057535, -0.0781869851070018] - [-0.060229460426813576, 0.3289507145492926, -0.12775319687358855, -0.14096840893037121] - [0.03904618826586038, -0.053322658419547954, -0.03741856221226227, 0.05169514836963262]
A2: [-0.009108652001608236, -0.346803266321295, 0.24945501349464905, 0.10645659998227996] - [0.08003975044563313, 0.036282175830609484, -0.05025019458165508, -0.06607204251585225] - [-0.04245282464575264, 0.23083188536242216, -0.040531251104484155, -0.1478478447103359] - [0.06813470518876498, -0.2934679332400172, 0.14177116088857317, 0.08356177794592018]
B1: 4.028997516797171e-09 - -2.949838769650102e-08 - 2.2462801937792796e-08 - -6.347625362037597e-09
B2: -9.825260732814019e-09 - -2.0626575511751648e-08 - 2.7402847610577213e-08 - -1.2113851650839325e-09
