Number: 9210
Error: 1.644698298099137e-07
A1: [0.05295111563034546, -0.1482277406989969, -0.027222730621782446, 0.1216023951625598] - [0.003896869054452398, 0.12942207271048983, -0.11501374725333667, -0.023963908941004083] - [-0.014274421042973587, 0.22326157756391524, -0.1268721059835383, -0.0814348467122802] - [0.027119331264302025, -0.10005271858260405, -0.049455009928169064, 0.12226700147286163]
A2: [0.09164226991531835, -0.07052463171609318, -0.12128842401128051, 0.10970397514268994] - [0.11036691239885982, 0.251332840604673, -0.40335275727782677, 0.047741506534625035] - [0.0382733227167807, 0.46417880740040657, -0.37611952015187483, -0.11981725837921656] - [0.1450728196742358, -0.04297015353529119, -0.19989203690295979, 0.10435126135657011]
B1: 5.451180480939218e-05 - -0.00015235510643453497 - 0.0001623016701563282 - -0.00025870491513603857
B2: -0.0004840213446215035 - -0.000593930866288987 - 3.935411636688061e-05 - -0.00047491982650236283
