Number: 4299
Error: 1.0656416996858864e-15
A1: [0.06621312553804143, -0.11395213459849556, -0.02398400637978639, 0.07172281210013659] - [0.03740256048784843, 0.18819332009693154, -0.14740899754551134, -0.0781870609486542] - [-0.06022921469406274, 0.3289509505620245, -0.1277529564140563, -0.14096816976411006] - [0.039046121493376884, -0.05332272179741941, -0.037418626812382005, 0.05169508429404071]
A2: [-0.009108490215458929, -0.34680309469142473, 0.24945517658978755, 0.1064567696062879] - [0.08003986892298538, 0.03628230346467244, -0.050250065092640406, -0.06607191192730438] - [-0.04245278575557099, 0.2308319282840166, -0.04053120942822509, -0.1478478016992892] - [0.06813471879196249, -0.29346791826223184, 0.14177117563581904, 0.08356179319767512]
B1: -4.0824326827934055e-08 - 2.9637739366860604e-08 - 3.009538496718281e-08 - -4.263520022087451e-09
B2: 2.7016433560097162e-08 - 6.092292104426036e-09 - 6.82362029302479e-08 - -7.355283651267548e-08
