Number: 7491
Error: 9.534880429029574e-16
A1: [0.08043172433479191, -0.18046777110483833, -0.019588817370548385, 0.11962501138384224] - [0.037415628441619574, 0.13359643458615747, -0.134726137846969, -0.036285776676381325] - [-0.0017027810080161466, 0.22819015451073202, -0.12282834469607785, -0.10365887222982981] - [0.038863268636256595, -0.1144809844412908, -0.0464164072104507, 0.12203426213880193]
A2: [0.03530742942756451, -0.029273489468389518, -0.07569736291397337, 0.0696633934752285] - [0.10289368800162849, 0.2828966380642022, -0.3926064568640984, 0.006815930380237316] - [-0.011187075740963462, 0.5390146150817845, -0.35945099253973584, -0.16837643901210683] - [0.09786274392005055, 0.017463260755317067, -0.16885106333528552, 0.05352482013917981]
B1: 1.0135780996236833e-08 - 3.2142741152666716e-08 - -1.267994734436025e-09 - 3.0392164899291615e-08
B2: 1.9542219035408496e-08 - 1.5393013400126074e-08 - 2.4400431192364728e-08 - 1.832440254603519e-08
