Number: 6263
Error: 6.861763976123544e-16
A1: [0.08043165414374451, -0.18046784128792548, -0.01958888747765942, 0.1196249412008184] - [0.037415555194437775, 0.13359636139441877, -0.134726210948205, -0.036285849882983154] - [-0.0017028292452364725, 0.2281901062745467, -0.12282839286267176, -0.10365892045417789] - [0.03886321342232547, -0.11448103950026035, -0.04641646238918906, 0.12203420695919712]
A2: [0.03530747273559551, -0.029273446040587108, -0.07569732173725154, 0.0696634388017929] - [0.10289368579256253, 0.2828966358363683, -0.3926064590006519, 0.006815928066954172] - [-0.011187178508096578, 0.5390145117016972, -0.35945108981104074, -0.16837654730145626] - [0.09786276486595273, 0.017463281796485756, -0.1688510433960817, 0.05352484212548776]
B1: 1.3940534676424038e-08 - -1.8551983528105773e-08 - -2.6814789799365938e-08 - -1.0846766462825732e-08
B2: -1.8191943844028267e-08 - -1.637509523957034e-08 - -1.2153030871953619e-09 - -7.94343691146878e-09
