Number: 288
Error: 3.0506768744619486e-08
A1: [-0.012708190448281956, -0.015087035886799943, 0.017474125502051387, 0.007990373048062046] - [0.06490311021193618, 0.18859857828854423, -0.14628631486661536, -0.11104637835499213] - [-0.09557317328932301, 0.4224821736097958, -0.05267578722089887, -0.2711969175993312] - [-0.001537668711991237, -0.018426876478136643, -0.0040650039176987375, 0.02312692743794592]
A2: [0.16157876073695152, -0.16776259191688658, 0.008493671138981177, -0.0023407024075574995] - [0.03556994543429427, 0.20759957999350698, -0.11712661928318979, -0.12570969040079574] - [-0.08609915529705692, 0.5816501396955297, -0.23527748265178372, -0.25982396078943093] - [-0.0037790319154117607, -0.004464226855455744, 0.001165840041782094, 0.007297142007236581]
B1: -4.860468712574057e-05 - 0.0002244359488302161 - -5.6192088802756645e-05 - -6.580453208159456e-05
B2: -8.233819487503763e-05 - -0.00018110319072623567 - 0.00015276341923320646 - -0.0002593119408209143
