Number: 8946
Error: 0.008501748923628245
A1: [0.0615082968918728, -0.20277627658938013, -0.037578777907182545, 0.10652637893553277] - [0.025483091567332482, 0.1281778472238204, -0.1245095918003331, -0.025514340565373127] - [0.028977748966419463, 0.2563149062270379, -0.09776520391508499, -0.07474807263012333] - [-0.00016693140383755274, -0.1648227037479232, -0.09501158251325309, 0.07708773759032142]
A2: [0.05948546165504009, 0.0064474065944092745, -0.06838303970056889, 0.10877966448408918] - [0.053657750172924554, 0.22914682713676313, -0.4491964858791853, -0.02684756217542798] - [0.008102779492642008, 0.535689839772559, -0.3398602807227268, -0.1313205096524963] - [0.0784520456829307, -0.019370786536883497, -0.18782475946246024, 0.05428178357782423]
B1: 0.040160212557301005 - 0.06540893774386192 - 0.07641913808825765 - 0.0846029302284417
B2: -0.02134351714478429 - -0.010089398665550128 - -0.024454872183104243 - 0.0007392151310476221
