Number: 4198
Error: 8.176292613663634e-16
A1: [0.06621317251511702, -0.11395208867118968, -0.023983959439572346, 0.07172285899837472] - [0.0374026185627428, 0.1881933755835535, -0.1474089404534369, -0.07818700385153124] - [-0.06022938689055914, 0.3289507851768037, -0.12775312491536203, -0.14096833735915984] - [0.039046094121490384, -0.05332274777780912, -0.03741865329378592, 0.05169505802768248]
A2: [-0.009108485880270092, -0.346803090092478, 0.24945518096007346, 0.1064567741514687] - [0.08003984055102473, 0.036282272899945435, -0.05025009610157309, -0.06607194319954371] - [-0.04245282219216353, 0.23083188807035251, -0.04053124847512315, -0.1478478419967609] - [0.06813483265319566, -0.29346779289607117, 0.1417712990723417, 0.08356192085716105]
B1: 1.7100290202533186e-09 - -2.669999737686417e-09 - -1.8842845490322378e-08 - 4.0978905534572745e-09
B2: 6.429706639875972e-09 - 1.341305577684874e-08 - -5.533908890578379e-09 - -1.572942145948132e-08
