Number: 3918
Error: 1.1215323472986347e-15
A1: [0.06621311509725257, -0.1139521448059425, -0.02398401681237804, 0.07172280167687357] - [0.037402538628746144, 0.1881932992120494, -0.14740901903469025, -0.07818708243972775] - [-0.06022932085257139, 0.3289508486026242, -0.12775306029449715, -0.14096827308588036] - [0.03904606950774753, -0.05332277114022341, -0.03741867710675297, 0.051695034408081396]
A2: [-0.009108715555914266, -0.34680333374252, 0.24945494942610363, 0.10645653334901758] - [0.0800397510949733, 0.03628217653013169, -0.05025019387196598, -0.06607204180013729] - [-0.042453006447699136, 0.23083168471438553, -0.04053144593072974, -0.1478480457765678] - [0.06813469873057877, -0.29346794035076273, 0.1417711538872944, 0.08356177070508741]
B1: -5.4670204596281375e-08 - -4.8069601645640086e-08 - -2.468946018753268e-08 - 4.815467340927132e-08
B2: -1.180335545442543e-08 - -2.5197930765668742e-08 - -1.5698922143571643e-08 - -6.517520369291734e-09
