Number: 6193
Error: 7.483220056576039e-16
A1: [0.08043163674789035, -0.18046785868180945, -0.01958890485271287, 0.11962492380695117] - [0.037415543048022595, 0.1335963492571968, -0.13472622307041784, -0.03628586202266972] - [-0.0017028201455987744, 0.2281901153739903, -0.12282838377635753, -0.10365891135696881] - [0.038863223643466144, -0.114481029307804, -0.046416452174561404, 0.12203421717398517]
A2: [0.03530742746406842, -0.02927349143733022, -0.07569736478081582, 0.06966339142020388] - [0.10289372197831545, 0.28289667232923577, -0.39260642400227364, 0.006815965958740525] - [-0.011187060403190766, 0.5390146305110568, -0.3594509780222488, -0.16837642285011242] - [0.09786279123158029, 0.017463308282042952, -0.16885101829772428, 0.053524869800829995]
B1: -2.2610083350107647e-08 - -6.7234415895413055e-09 - -1.4974493425843856e-08 - -7.926174268069866e-09
B2: -2.4256986504213884e-08 - -3.1596938245433966e-08 - 1.219381606531597e-08 - 1.1109720827268862e-09
