Number: 4661
Error: 1.0047480189849162e-15
A1: [0.06621311797609833, -0.11395214199146421, -0.023984013935815438, 0.07172280455085323] - [0.037402549724166886, 0.18819330981295807, -0.1474090081270413, -0.07818707153113386] - [-0.06022941666271079, 0.32895075658222134, -0.1277531540486943, -0.1409683663356171] - [0.03904607542921932, -0.05332276551980615, -0.0374186713779347, 0.051695040090349906]
A2: [-0.009108640282946917, -0.34680325388952044, 0.2494550253079485, 0.10645661226863624] - [0.0800397369564827, 0.036282161299015625, -0.05025020932440539, -0.06607205738379676] - [-0.04245288269495719, 0.23083182129584567, -0.040531313312107735, -0.14784790891039104] - [0.06813473004791515, -0.29346790586892674, 0.14177118783810586, 0.08356180581775659]
B1: 3.5776951477817186e-09 - 4.266086010025502e-09 - 4.728889769011452e-09 - 1.0378461549588394e-08
B2: 1.7521226963856507e-08 - 3.632075033432602e-09 - -4.367031447414201e-08 - 8.378529958019599e-09
