Number: 9954
Error: 9.451109862467098e-16
A1: [0.053172553236904105, -0.14800126787797302, -0.026999044227429773, 0.12182782508025261] - [0.005313748077007401, 0.13083672255830828, -0.11360071551646975, -0.02254973507622296] - [-0.014444403490666429, 0.22309169394226203, -0.12704110656872644, -0.081605859886911] - [0.027146482524614636, -0.10002001560954189, -0.04942448592353536, 0.1222981428895082]
A2: [0.08925449595926929, -0.07291333573102411, -0.12362738692287835, 0.10728641815595383] - [0.1088417011709961, 0.24981415347842387, -0.4048453166140328, 0.046189451995291425] - [0.03663585450819569, 0.46255504239914313, -0.37771752559985294, -0.12147334573593595] - [0.1434264467486441, -0.044606609823987176, -0.20149952224963633, 0.10267987624337484]
B1: 3.3027209555442255e-09 - -1.312744775574049e-08 - -1.3966326425970204e-08 - -1.822792571484872e-08
B2: -3.001357194833376e-08 - -9.686969738717326e-09 - -8.194536336691605e-08 - 4.239810005675488e-08
