Number: 9565
Error: 3.235335957028223e-14
A1: [0.05317188537315324, -0.14800193599546474, -0.02699971135988929, 0.12182715690046443] - [0.0053124304103445005, 0.13083540349691125, -0.11360203299277515, -0.022551054595619773] - [-0.014445053912912259, 0.22309104327604012, -0.12704175648003477, -0.08160651053964357] - [0.02714600700968072, -0.10002049113313548, -0.04942496244725138, 0.12229766616246579]
A2: [0.08925412635874092, -0.07291370448264166, -0.12362774820266173, 0.10728604398687913] - [0.10883953947367932, 0.24981199139906224, -0.4048474355021597, 0.04618725391666951] - [0.03663435657030978, 0.46255355225418965, -0.37771898706948964, -0.12147485922046954] - [0.14342689626765917, -0.044606161990073306, -0.20149908334131283, 0.10268033242425037]
B1: 1.1359065973285778e-07 - -1.3428966253957318e-07 - -2.6924614212728066e-07 - -3.224003293420728e-07
B2: 3.1074787225376303e-08 - 6.093212082375835e-09 - -1.686747535575396e-08 - -3.4543323650314946e-07
