Number: 6859
Error: 1.1203424342271048e-15
A1: [0.08043165695745916, -0.180467838474533, -0.019588884667311214, 0.11962494401420859] - [0.037415559310422355, 0.13359636550728474, -0.13472620684042275, -0.03628584576928227] - [-0.001702850818689846, 0.228190084701548, -0.12282841440453687, -0.10365894202187585] - [0.03886320114297511, -0.11448105174515201, -0.046416474660715135, 0.12203419468747498]
A2: [0.03530741750064664, -0.029273501428307053, -0.07569737425391987, 0.06966338099240722] - [0.10289377529621398, 0.2828967260996504, -0.3926063724339056, 0.006816021790386027] - [-0.011187097966741319, 0.5390145927234458, -0.35945101357693654, -0.16837646243216692] - [0.09786281428084984, 0.017463331436155353, -0.16885099635631895, 0.053524893995067685]
B1: 9.90641349259355e-09 - -2.4784350495789733e-08 - 6.174108927831815e-09 - 2.0064908793824075e-10
B2: 2.489166185078979e-09 - 2.0735341852445385e-09 - -3.6928507812054473e-09 - 1.9658384033989255e-09
