Number: 9203
Error: 1.0574969977450331e-07
A1: [0.053583847845970214, -0.14759422974946468, -0.026590257778947454, 0.12223622042799116] - [0.00701510569128104, 0.13254434289863543, -0.1118956936611243, -0.02084011242582677] - [-0.013763673891149087, 0.22377359948062922, -0.12636118465671528, -0.08092261050101816] - [0.026905007521686723, -0.10026597181749125, -0.049669070246117455, 0.12205342913487065]
A2: [0.09006318509250792, -0.07210252837562163, -0.1228321532386205, 0.10810666387690528] - [0.10846253148754272, 0.24942794119081477, -0.4052202019588618, 0.04580495458933111] - [0.036008167853866034, 0.4619243666186568, -0.3783303198476456, -0.12210554927565698] - [0.1429584303189054, -0.04507655820606735, -0.20195735900311357, 0.10220530759470364]
B1: 0.0005320709601969162 - 0.00011427912251563924 - 0.0004913946128324084 - 7.687872456179333e-06
B2: 0.0008111361340309294 - 0.0004003158007818672 - 0.0003405512922672078 - 0.000572870703017678
