Number: 1183
Error: 1.3132655882121576e-07
A1: [-0.008711274405305782, -0.01652365658696911, 0.001410950940141977, 0.01788066911541326] - [0.06811292225832213, 0.1911222661004748, -0.14540592938146024, -0.10842963896220378] - [-0.11265794250001791, 0.44172186995795215, -0.07086002321099241, -0.2581828577324205] - [-0.02747639864752198, 0.011318601914777135, -0.034109885779898715, 0.03456420666090461]
A2: [0.13132645793483735, -0.22488207777446037, 0.022413640639177643, 0.0699114538488202] - [0.0326729469020637, 0.20377704252165693, -0.11486081810094227, -0.1214328912994195] - [-0.09481807209017594, 0.5553453877104122, -0.23539759346325057, -0.2258393169060313] - [-0.023190601982400978, -0.021612560200361, 0.005772846911374217, 0.029913277007126173]
B1: -0.00045125829833340026 - -0.00046642984769737137 - 0.0006241686314438679 - 0.0002622720973784097
B2: 0.00038739243552358564 - -0.00012292826024498145 - -0.0004930075832721136 - 0.0003925116201351787
