Number: 9597
Error: 1.2071069802439233e-14
A1: [0.05317276300292544, -0.14800105803936967, -0.026998834695406024, 0.12182803494684573] - [0.005313736781437445, 0.13083671124703683, -0.1136007268139905, -0.02254974638688947] - [-0.014444465735061114, 0.22309163167308857, -0.1270411687654269, -0.08160592215271234] - [0.027146765523870874, -0.1000197326164139, -0.04942420233048956, 0.12229842660423597]
A2: [0.08925518977856743, -0.07291264351534245, -0.12362670873436277, 0.10728712053108151] - [0.10884154754110915, 0.24981399982007693, -0.40484546720268283, 0.04618929578040487] - [0.03663620924035646, 0.46255539528593115, -0.3777171795055211, -0.12147298732445791] - [0.14342715109330698, -0.0446059081065606, -0.2014988345218551, 0.1026805910372129]
B1: 1.3563031592157175e-07 - -2.411341654475468e-07 - -2.444089175940782e-08 - 1.2345634881855875e-07
B2: 1.0800764841407668e-07 - 1.0985500124717091e-07 - -4.406464593080355e-09 - -5.24900581318834e-08
