Number: 1595
Error: 4.1355382416399006e-08
A1: [-0.005488627988707358, -0.013278896041292646, 0.00476548118911278, 0.021196045009949947] - [0.06569803277406813, 0.18879843194534104, -0.14790221311095164, -0.11111746177844595] - [-0.1126195424916128, 0.4417527529987496, -0.07082327884282087, -0.25813618466933336] - [-0.022507649349595128, 0.016189018318253555, -0.029054788879674838, 0.03981905423528297]
A2: [0.1315741290883126, -0.22464305657846065, 0.02265432251512731, 0.07014630264685144] - [0.03276435859936563, 0.2038652072122358, -0.11477019660539142, -0.12134163827938141] - [-0.09545488580819933, 0.5547225585213219, -0.23601802405085137, -0.2264531099395609] - [-0.021308223434872462, -0.019756345674053172, 0.007636022353043155, 0.03171559420470227]
B1: -0.0002829587914190154 - -0.0007807146273924268 - 0.0004257105195731476 - -0.0004381144662303171
B2: -0.0006484925640653573 - -0.0009262000268921546 - 0.0009357888866908459 - -0.00020992913570644066
