Number: 5232
Error: 1.4167094784721143e-15
A1: [0.06621320483188804, -0.1139520570765717, -0.023983927148182087, 0.07172289126087456] - [0.03740255696403733, 0.1881933167302082, -0.14740900100964915, -0.07818706441312469] - [-0.06022932491345452, 0.3289508447022271, -0.1277530642682735, -0.14096827703798262] - [0.03904618627331581, -0.053322660310540816, -0.037418564139805655, 0.051695146457686934]
A2: [-0.009108527179424824, -0.34680313390447215, 0.2494551393264685, 0.10645673085156909] - [0.0800398182046587, 0.036282248826565854, -0.05025012052472674, -0.06607196783014709] - [-0.04245288213082572, 0.2308318219186062, -0.04053131270749963, -0.14784790828631741] - [0.06813467362110769, -0.2934679679969551, 0.14177112666618727, 0.08356174255333816]
B1: 9.867516708125907e-08 - -9.049321576370844e-08 - -2.5931349005878628e-08 - 1.5434533276675304e-09
B2: -9.06500439194694e-09 - -8.803799979193777e-09 - 1.35983378286609e-08 - 4.7700875134641884e-08
