Number: 4820
Error: 1.0280660102954518e-15
A1: [0.06621317796805039, -0.11395208334011739, -0.023983953990931697, 0.07172286444212632] - [0.03740261317141514, 0.18819337043251716, -0.1474089457535191, -0.07818700915209889] - [-0.0602294440438287, 0.32895073028416877, -0.12775318084222476, -0.14096839298502514] - [0.03904635723596026, -0.05332249803924662, -0.03741839873915554, 0.051695310515373225]
A2: [-0.00910863661023292, -0.3468032499933131, 0.24945502901044556, 0.1064566161193323] - [0.08003985536053218, 0.036282288854044255, -0.05025007991556121, -0.06607192687612976] - [-0.042452719882336676, 0.23083200098565942, -0.04053113883584648, -0.14784772884609554] - [0.06813486650126802, -0.29346775562809485, 0.14177133576654372, 0.08356195880685463]
B1: 2.7463015306135787e-08 - 1.6261657998847235e-08 - -2.2873525380029955e-08 - -2.6590092693122754e-08
B2: -1.8228703553805366e-08 - -2.6367971786954074e-08 - -2.146715008129771e-08 - 8.087521091153523e-08
