Number: 1026
Error: 0.0012678755023652656
A1: [-0.050832020055724035, -0.06508483402338398, -0.04138392282234969, -0.035190382755169204] - [0.06811561420097512, 0.19106024618711417, -0.144982258552214, -0.10830452014800057] - [-0.28209131650080993, 0.24278992374993594, -0.27080946531818256, -0.47732748284404247] - [-0.1650812094834801, -0.1587741983770412, -0.18676114955781092, -0.14048894993358463]
A2: [0.24848762258975446, -0.09800183269946947, 0.1018025495623238, 0.12324819361645416] - [0.06624098781695924, 0.23635060952130377, -0.08402735562669134, -0.09142634219281] - [-0.11616350334822988, 0.5453409581497347, -0.2544958975521786, -0.2748669381482617] - [0.006373572153019692, 0.004739632651170276, 0.020889610472791174, 0.036146516039455664]
B1: -0.01315445164636098 - -0.0332374880979536 - -0.05417836988083265 - -0.02207625137328793
B2: -0.04335120552906861 - 0.027117815601035322 - -0.01686975918767018 - 0.0536907106597078
