Number: 6628
Error: 6.890918295547464e-16
A1: [0.08043168151148881, -0.18046781392328468, -0.019588860142639983, 0.11962496856543434] - [0.037415594290495194, 0.1335964004608825, -0.13472617193004757, -0.03628581080858573] - [-0.0017028460179462205, 0.22819008950219155, -0.12282840961082296, -0.10365893722241373] - [0.038863240974995494, -0.11448101202491646, -0.046416434854074644, 0.12203423449474005]
A2: [0.0353074596865678, -0.029273459125704695, -0.07569733414409303, 0.06966342514455863] - [0.10289374854996172, 0.2828966991263997, -0.3926063983025302, 0.006815993783150431] - [-0.01118709101309327, 0.5390145997185753, -0.3594510069951677, -0.16837645510485144] - [0.09786282503927772, 0.017463342243521855, -0.16885098611499957, 0.05352490528792418]
B1: -1.185201983466975e-09 - 5.126803308814199e-09 - -2.3104900338325096e-09 - -1.9763156287433685e-09
B2: 3.1111795149972823e-09 - 8.895891059013456e-09 - -1.6494908196034827e-08 - 1.2315363625037022e-08
