Number: 8227
Error: 8.129733429866286e-16
A1: [0.0804316590070084, -0.18046783642524966, -0.019588882620269792, 0.11962494606348406] - [0.0374155931794293, 0.13359639935070738, -0.1347261730387518, -0.036285811918948016] - [-0.0017028219706211212, 0.22819011354899352, -0.12282838559871441, -0.10365891318150937] - [0.03886320502163358, -0.11448104787739666, -0.046416470784550384, 0.12203419856370493]
A2: [0.03530743789298125, -0.02927348097951479, -0.07569735486513578, 0.06966340233519065] - [0.10289372495787022, 0.28289667533409635, -0.392606421120489, 0.00681596907880411] - [-0.01118709970957709, 0.5390145909701649, -0.35945101522656225, -0.1683764642686684] - [0.0978628031816115, 0.017463320286399263, -0.1688510069220743, 0.05352488234446785]
B1: -3.217710157978427e-09 - 5.11460425356889e-09 - 1.8568172703652927e-10 - 1.8303828590737794e-09
B2: -8.803490513326351e-09 - 9.7993685774156e-09 - 9.241944247401744e-09 - -7.487290554119398e-09
