Number: 8224
Error: 1.4002249238981802e-15
A1: [0.08043166742901535, -0.18046782800419645, -0.01958887420833293, 0.11962495448452914] - [0.03741558453831412, 0.13359639071613127, -0.13472618166265085, -0.03628582055527756] - [-0.0017028238748973462, 0.22819011164475755, -0.12282838750020299, -0.10365891508527773] - [0.03886321397330523, -0.11448103895084628, -0.04641646183858267, 0.12203420750981311]
A2: [0.03530759812681848, -0.029273320302509665, -0.07569720251654247, 0.06966357003696555] - [0.10289371391500739, 0.28289666419751414, -0.39260643180101146, 0.006815957515328128] - [-0.011187180474900422, 0.539014509723129, -0.359451091672852, -0.16837654937373836] - [0.0978627945314726, 0.01746331159691539, -0.16885101515646148, 0.053524873264654806]
B1: 5.3507601163618225e-08 - -1.5678765413744897e-09 - -2.961517762221354e-08 - -9.803144073348631e-09
B2: -3.0588124486541094e-09 - 8.073054977322744e-09 - 6.5495512423691124e-09 - -2.4030251509733958e-09
