Number: 3500
Error: 3.114268035123999e-10
A1: [0.06619948336380845, -0.11396547341275524, -0.023997641685495244, 0.07170919388910994] - [0.037422047514689534, 0.18821193710863712, -0.14738983609497416, -0.07816790295059663] - [-0.060180832911846484, 0.32899742430579393, -0.12770560919842164, -0.14092108420999844] - [0.03908315336252813, -0.05328757731699951, -0.037382798257463004, 0.0517306224988161]
A2: [-0.009104473900614448, -0.34679883467699774, 0.24945923301291065, 0.10646098269675003] - [0.08000255903035197, 0.03624210976556119, -0.05029084571059117, -0.06611303506747467] - [-0.042467749658852604, 0.23081540456064287, -0.04054724502285415, -0.14786435603341982] - [0.06814275292273736, -0.2934590719682729, 0.14177989487371206, 0.08357080256794056]
B1: -7.223386846053539e-06 - -8.366530636311167e-07 - 3.972009206195996e-05 - -2.0175856602651322e-05
B2: -7.901304965664297e-06 - -2.9913747492412653e-05 - -8.056394912505824e-06 - -4.4475481685934436e-06
