Number: 5369
Error: 1.3784451064802926e-15
A1: [0.06621322179732252, -0.11395204049022022, -0.02398391019602877, 0.07172290819786431] - [0.03740264867855928, 0.18819340435733703, -0.14740891084716035, -0.07818697424265957] - [-0.06022976260555875, 0.3289504243224491, -0.1277534925682549, -0.14096870303444647] - [0.03904609688082771, -0.05332274515859831, -0.037418650624047006, 0.05169506067565043]
A2: [-0.00910859859013761, -0.3468032096597841, 0.24945506733784698, 0.10645665598146437] - [0.08004002103519596, 0.03628246733288228, -0.05024989884277608, -0.06607174426594242] - [-0.04245296890835843, 0.2308317261459806, -0.040531405701507726, -0.1478480042585252] - [0.06813463865025375, -0.2934680065011718, 0.14177108875450767, 0.0835617033448369]
B1: -1.1098782530223991e-08 - -2.688585501337801e-08 - 1.409963308859751e-08 - 9.150905843994388e-09
B2: 3.1348358654675125e-09 - -5.8910412509010805e-09 - 5.148572589062404e-10 - -7.507929330161541e-08
