Number: 3629
Error: 4.740757404319471e-13
A1: [0.066216847980369, -0.11394849532912626, -0.023980286861931044, 0.07172652829387866] - [0.0374037212226908, 0.18819442910183387, -0.14740785644927665, -0.07818591975575612] - [-0.060226062255375044, 0.3289539783215786, -0.12774987160815335, -0.14096510156587003] - [0.03904645359522226, -0.05332240659178988, -0.0374183055302404, 0.05169540297699133]
A2: [-0.009103641656484364, -0.34679795114565065, 0.24946006437263912, 0.10646185302371677] - [0.08003901657634378, 0.036281385244386115, -0.05025099665837831, -0.06607285139339804] - [-0.04245295903040385, 0.23083173702839727, -0.040531395129583106, -0.1478479933329168] - [0.06813879575624832, -0.29346342935684516, 0.14177559546000942, 0.08356636421676651]
B1: 2.9110570725371825e-07 - 1.286168975740621e-06 - 1.3027529273740138e-06 - 4.3032147140582475e-07
B2: 1.773905852901802e-06 - -3.256083217269437e-06 - 1.346753088629121e-06 - 2.2415611184272714e-06
