Number: 9397
Error: 1.6529678516533426e-11
A1: [0.053169561913611905, -0.14800425981973747, -0.0270020320195363, 0.12182483286763367] - [0.005314724422489131, 0.13083769988482036, -0.11359973934000661, -0.022548757272410482] - [-0.014443412446519402, 0.22309268526340229, -0.1270401163501443, -0.08160486846930733] - [0.02714498602382773, -0.10002151108636495, -0.04942598488106972, 0.12229664385593965]
A2: [0.08926728114406697, -0.07290058048062246, -0.1236148897252319, 0.10729936133374111] - [0.10884194652952653, 0.2498143990816325, -0.4048450761257776, 0.04618970137389466] - [0.036639498976828035, 0.46255866771916926, -0.3777139697863567, -0.12146966364121137] - [0.14341695744965793, -0.04461606378260186, -0.20150878765636518, 0.10267024566794766]
B1: 1.018486167446017e-05 - -1.228557691661538e-05 - 2.1445275315649612e-06 - -6.341369173341218e-06
B2: -6.89433542717247e-06 - -5.0308142932902725e-06 - -3.0324799839107833e-06 - -3.081617704692806e-06
