Number: 472
Error: 8.289425773794271e-13
A1: [-0.012149333474355881, -0.014512999645292565, 0.018091771390643194, 0.008587436362531915] - [0.06583563792630537, 0.18949564808862118, -0.1453221541063393, -0.11000811260953244] - [-0.09628806945980659, 0.42179092682382385, -0.05345190260572849, -0.27202990356954176] - [-0.0013180569040695997, -0.018215933252867654, -0.0038314453051451584, 0.02338072360746887]
A2: [0.1615890148253366, -0.16775252249303915, 0.008503581709730186, -0.0023308330680335376] - [0.03548775789470804, 0.20751872345916583, -0.11720839836791634, -0.12579003940799743] - [-0.08621227778689981, 0.5815393627164511, -0.23538749388524471, -0.2599343327478918] - [-0.0038329671588654165, -0.00451732291114828, 0.001112236550395335, 0.007245306375259118]
B1: -7.405483057137493e-07 - -1.4496926917808489e-06 - 9.114942330757656e-07 - 8.58176759034131e-08
B2: 1.8017501463562555e-06 - -1.9621659853516565e-06 - 9.024020416844671e-07 - -3.1520442150522864e-07
