Number: 7321
Error: 8.600422016675024e-16
A1: [0.08043168437309516, -0.18046781106200316, -0.019588857284453465, 0.11962497142671394] - [0.03741558962277897, 0.13359639579670105, -0.13472617658845867, -0.036285815473714976] - [-0.0017028245151046106, 0.22819011100457368, -0.12282838813946007, -0.10365891572530711] - [0.03886323580157839, -0.11448101718381726, -0.04641644002419953, 0.12203422932453555]
A2: [0.03530751442929377, -0.02927340423156967, -0.07569728209537384, 0.06966348243871337] - [0.10289367645068209, 0.28289662641521546, -0.3926064680360208, 0.006815918284699848] - [-0.011187200323118752, 0.5390144897565539, -0.35945111045951855, -0.16837657028861208] - [0.0978628318848942, 0.01746334912027291, -0.16885097959840062, 0.05352491247357089]
B1: 3.6009950814828695e-08 - -2.5613157365387338e-08 - -2.9441705166499253e-08 - -2.275496278606587e-09
B2: -4.980938235504934e-09 - -2.277120931467207e-09 - -7.964154408764826e-09 - -2.7983034577968787e-09
