Number: 4281
Error: 1.0937914858038728e-15
A1: [0.06621318444982466, -0.11395207700318509, -0.023983947514226785, 0.07172287091305367] - [0.037402591984189604, 0.18819335018954822, -0.14740896658219288, -0.07818702998259601] - [-0.060229370944011776, 0.328950800492572, -0.12775310931102488, -0.14096832183874103] - [0.03904614581565346, -0.05332269871164079, -0.037418603281399225, 0.051695107633968805]
A2: [-0.009108498819924423, -0.34680310381943297, 0.2494551679157335, 0.10645676058492824] - [0.08003978975610807, 0.036282218179272345, -0.0502501516175264, -0.06607199918688979] - [-0.04245276299355702, 0.2308319534055847, -0.040531185035564514, -0.14784777652535702] - [0.06813489972915242, -0.29346771904254587, 0.14177137178914703, 0.08356199606164563]
B1: 3.643922049519925e-08 - -2.1532173765077635e-08 - 9.679031870749484e-09 - 3.732519392359588e-08
B2: 3.2482882079140064e-08 - 1.5661396741101532e-08 - 1.7074743970414943e-08 - -1.0215878983301802e-08
