Number: 3990
Error: 9.666964171768569e-16
A1: [0.0662131633909723, -0.11395209759143927, -0.023983968556553614, 0.07172284988954178] - [0.037402653261225695, 0.188193408735594, -0.14740890634217862, -0.07818696973724552] - [-0.06022943322369641, 0.3289507406763804, -0.12775317025422758, -0.14096838245418353] - [0.03904613440058849, -0.05332270954642136, -0.03741861432510425, 0.05169509667993562]
A2: [-0.009108644942700084, -0.346803258832894, 0.24945502061067237, 0.10645660738316161] - [0.08003975259008822, 0.0362821781408027, -0.05025019223788686, -0.0660720401521832] - [-0.042452817756268246, 0.23083189296608803, -0.040531243721437835, -0.1478478370908224] - [0.06813470706670323, -0.29346793117232406, 0.1417711629244408, 0.08356178005143695]
B1: 4.155847238060566e-11 - -3.2448573413942964e-08 - 1.9036213349262125e-08 - -9.28921774184099e-09
B2: -1.3451804661239325e-08 - -8.58236384634921e-10 - 1.333737456228961e-08 - -1.6070695387382482e-08
