Number: 3222
Error: 0.009991620347797547
A1: [0.27225354877261937, 0.14083009956616646, 0.1804241763334695, 0.27444793320782457] - [-0.1860428148818771, -0.03231347303351438, -0.36704942006864166, -0.2882226894013557] - [-0.04428860628687589, 0.4534542115952956, -0.04542106789964988, -0.04967714665752565] - [-0.05558681206457659, -0.08350693527945119, -0.10032299585957498, -0.00020277631544221575]
A2: [0.42555419529005767, -0.08074049538648796, 0.5105367944171639, 0.2947789249626581] - [-0.11691453916621478, -0.0376594831970483, -0.15661255834894883, -0.23895443402040234] - [-0.047180670720992496, 0.31396296547245023, -0.12270712166451003, -0.24827055013479726] - [-0.11345313303302394, -0.31805371112788555, -0.09900632178969261, -0.1611313789040832]
B1: -0.11203755915385205 - -0.3026203818912004 - -0.13844698256096422 - -0.10770824506804955
B2: -0.18615016144003757 - -0.42361269066979507 - -0.168406712093106 - -0.2376197538699392
