Number: 1575
Error: 2.2996060259570853e-08
A1: [-0.006566234426216105, -0.014366359335478763, 0.0036431327849228683, 0.020092313167931277] - [0.0663695599904104, 0.18944446110325636, -0.1472076696125406, -0.11037093937521843] - [-0.1112001383652886, 0.44314320245146327, -0.06934621532916997, -0.25659977207075] - [-0.02199244810513368, 0.01669562442096891, -0.028530676989298915, 0.04036527293005492]
A2: [0.13167865469301243, -0.2245382955377521, 0.02275708661934176, 0.07024936681940344] - [0.03261929009943932, 0.20372266404856693, -0.11491497424217778, -0.1214837708395609] - [-0.09408765208613425, 0.5560664211170089, -0.23467603215347443, -0.22510931500072706] - [-0.020966036350268565, -0.01941348173713851, 0.007979218741678066, 0.03204615069813397]
B1: 2.7739783631451084e-05 - -5.082633255073855e-05 - 0.00016367940168014698 - -2.1787841497230377e-05
B2: -0.0006255253464187352 - -5.8602472737148586e-05 - 0.0004990571948022978 - -0.00023285333841609386
