Number: 4343
Error: 7.621701481918083e-16
A1: [0.06621317337289966, -0.11395208783258483, -0.02398395858245948, 0.071722859854724] - [0.037402665855574925, 0.1881934207686442, -0.1474088939609558, -0.07818695735494652] - [-0.06022929180726004, 0.32895087649903243, -0.1277530318724879, -0.14096824481671527] - [0.03904625778422323, -0.053322592435275984, -0.03741849495555035, 0.05169521508026145]
A2: [-0.009108712141816362, -0.34680333012055686, 0.24945495286780686, 0.10645653692855472] - [0.08003981894433874, 0.03628224962336974, -0.05025011971644124, -0.06607196701490181] - [-0.0424528306189424, 0.23083187877007016, -0.04053125750555944, -0.14784785131635578] - [0.06813493638154143, -0.29346767868670937, 0.14177141152384268, 0.08356203715568902]
B1: 7.470939603686625e-08 - -3.8691309615601114e-09 - -2.9653994989075638e-08 - 3.8399488904419736e-08
B2: -1.9252133830943664e-08 - 2.928642605283827e-08 - 4.493345347253227e-09 - 4.834601596828077e-08
