Number: 3437
Error: 2.2797430775212177e-08
A1: [0.06670987340965401, -0.11346714878006406, -0.023488473957506563, 0.07221833047208329] - [0.038019132871639716, 0.1887824008610549, -0.14680273146809308, -0.07758067229821122] - [-0.06025947706191747, 0.3289215877839245, -0.12778293192445347, -0.14099856554199236] - [0.03857558849024281, -0.05376838168546014, -0.03787311514624895, 0.0512436023880559]
A2: [-0.009296497575244273, -0.3470020917644669, 0.24926600531366974, 0.10626127707646014] - [0.0802441428181713, 0.03650230556090537, -0.05002715415451986, -0.06584709006626091] - [-0.04208531817262547, 0.2312369721058398, -0.04013774112399326, -0.1474415785835899] - [0.0681173851848946, -0.2934871555782913, 0.14175319470817976, 0.08354334427369059]
B1: -0.00013543565996589389 - 0.00020830753552346633 - -0.000136105190810715 - -0.00010166595784496611
B2: 0.0003172760246709702 - 7.619350346417297e-05 - 9.543462812418357e-06 - -0.0002552750565851801
