Number: 666
Error: 6.936934126256315e-14
A1: [-0.012151871349623521, -0.014515606349059223, 0.01808896620623102, 0.008584724298162424] - [0.06583526397310493, 0.1894952883637979, -0.1453225407398852, -0.11000852896446528] - [-0.09629429559703663, 0.4217849092904556, -0.05345865879583472, -0.27203715740397033] - [-0.0013213870119682019, -0.0182191359659764, -0.003834990192390311, 0.023376874469753794]
A2: [0.16158640957514267, -0.16775507863842704, 0.008501028932224833, -0.0023333729016693935] - [0.035485771643395475, 0.20751676911757325, -0.11721037630036289, -0.12579198247982806] - [-0.08621379465275275, 0.5815378769310522, -0.23538896986466315, -0.2599358119321827] - [-0.003835017577018813, -0.004519339247927084, 0.0011102071176315475, 0.007243344664339682]
B1: -1.2982261895608464e-08 - 3.456564498981995e-07 - 1.0227969346663069e-08 - 3.8449812944875056e-08
B2: 2.0130531828831795e-07 - 3.235272006243064e-07 - -6.828491452600333e-07 - 1.2843735148907024e-07
