Number: 2987
Error: 3.577552917420237e-08
A1: [0.06435506280840979, -0.046953649360164273, -0.022530706837993932, 0.008767267175097735] - [0.043854918384236434, 0.19145785335529789, -0.1423645600142394, -0.09229776143842104] - [-0.12349827624036437, 0.41481393187114945, -0.10490808001766419, -0.1871201201786988] - [0.03683374791120361, 0.019001148201889986, -0.03330149571216152, -0.023219556781801265]
A2: [0.06365540231120027, -0.17347440127215544, 0.0865397769302317, 0.024169036090164436] - [0.02931264897128794, 0.2003209661813698, -0.10168800183160842, -0.12785140409750978] - [-0.09337594425990865, 0.5137143776220131, -0.2255709831265656, -0.19506378896541193] - [-0.025958446417797296, 0.01848509536579581, -0.0503225106594328, 0.056945883075619555]
B1: -0.00016077184076271564 - 5.9679872397878366e-05 - -8.531821168824842e-05 - -5.586827927368046e-05
B2: 0.0002746445094452595 - 0.0002206103833224866 - -0.00016200854858390435 - -3.894017080829427e-06
