Number: 5481
Error: 1.3920480512932077e-13
A1: [0.06621293283176116, -0.11395232300104795, -0.023984198937176463, 0.071722619715002] - [0.037402834094172395, 0.1881935815089788, -0.1474087285692795, -0.07818679194843897] - [-0.0602290913116093, 0.32895106906083765, -0.1277528356812714, -0.14096804967993315] - [0.03904711570899381, -0.05332177813108793, -0.037417664950913525, 0.05169603834551132]
A2: [-0.00910788474545607, -0.34680245238265067, 0.24945578695926468, 0.10645740440071912] - [0.08004210704883895, 0.03628471456326213, -0.05024761895103935, -0.06606944501745778] - [-0.04245442422806827, 0.2308301199704022, -0.04053296527579807, -0.14784961377657396] - [0.06813337836394419, -0.2934693941269827, 0.14176972248633277, 0.08356029034243971]
B1: -9.759428839478687e-07 - 9.461561913580265e-07 - 1.0869070368730968e-07 - 2.8605370213279325e-07
B2: 5.016203073648328e-07 - 1.4942199982920314e-07 - 1.2607159183583837e-07 - 6.909370942710021e-07
