Number: 4436
Error: 8.786566007787191e-16
A1: [0.06621314452918417, -0.11395211603175386, -0.023983987403557613, 0.0717228310594007] - [0.0374026408337528, 0.1881933968619916, -0.14740891855932192, -0.07818698195549331] - [-0.06022934500862748, 0.32895082540204795, -0.12775308393222107, -0.14096829659639315] - [0.03904613099691457, -0.05332271277699724, -0.037418617618013385, 0.05169509341380251]
A2: [-0.009108511293024459, -0.34680311705145284, 0.24945515534167753, 0.10645674750752114] - [0.08003976205403102, 0.03628218833622941, -0.05025018189428378, -0.06607202972071158] - [-0.04245280661762257, 0.23083190525940092, -0.040531231784789186, -0.14784782477182223] - [0.06813485628770984, -0.29346776687349907, 0.14177132469438153, 0.08356194735574377]
B1: -7.625665658738477e-09 - -1.0113299655289342e-09 - -1.080574390527085e-08 - 1.4251899773721437e-08
B2: -2.531787559528533e-08 - 1.868377317913328e-08 - -4.2691454885636756e-09 - 6.274573921387693e-09
