Number: 8047
Error: 1.3070237909767845e-15
A1: [0.08043171255701609, -0.18046778288127974, -0.01958882913423862, 0.11962499960741514] - [0.03741557902707079, 0.13359638520901138, -0.1347261871629987, -0.036285826063532874] - [-0.001702807379274756, 0.22819012814003511, -0.12282837102871855, -0.1036588985940473] - [0.03886325002395912, -0.11448100300135332, -0.04641642581087682, 0.12203424353807911]
A2: [0.03530750629811256, -0.029273412385243433, -0.07569728982631128, 0.06966347392846006] - [0.10289371523456099, 0.2828966655282653, -0.3926064305247519, 0.006815958897085876] - [-0.011187116989793933, 0.5390145735869049, -0.3594510315826844, -0.16837648247740736] - [0.0978627833941141, 0.01746330040891683, -0.1688510257585141, 0.053524861574071415]
B1: -1.3059046738978902e-09 - 2.4490247001890805e-08 - -2.379546540121274e-08 - 7.063815260432406e-09
B2: 5.5034585599635885e-09 - -1.2727929273702288e-08 - 7.191189328601133e-11 - 4.802917140636793e-09
