Number: 4376
Error: 1.264184081965874e-15
A1: [0.06621305010181511, -0.11395220834899042, -0.023984081756826297, 0.07172273679050566] - [0.03740261990871552, 0.18819337686953472, -0.1474089391302403, -0.07818700252823388] - [-0.06022939753811368, 0.32895077495036484, -0.12775313533447732, -0.14096834772219485] - [0.03904619248019537, -0.05332265441935751, -0.03741855813496891, 0.051695152413843586]
A2: [-0.00910847049502681, -0.3468030737711559, 0.24945519646978423, 0.10645679028201377] - [0.08003985157189407, 0.03628228477258753, -0.05025008405638471, -0.06607193105205544] - [-0.04245275500169137, 0.23083196222590543, -0.04053117647115218, -0.14784776768660643] - [0.06813472075873898, -0.29346791609668865, 0.1417711777680029, 0.0835617954028683]
B1: -2.836106674721216e-08 - 2.4690214540373377e-08 - 1.858139150121152e-08 - -1.8958569404774734e-08
B2: 2.4110479936975875e-08 - 2.43206219291548e-08 - -7.456755247925217e-09 - -5.7045947032461426e-08
