Number: 1165
Error: 3.8913527996176777e-07
A1: [-0.004702489403036343, -0.012465773187273578, 0.005586570594800428, 0.021998329149511314] - [0.0678863291067007, 0.19090227715271024, -0.14564002738324447, -0.10867958870169997] - [-0.10847519755956994, 0.44584083679609876, -0.06649615742871849, -0.25365459854696915] - [-0.01958268546346125, 0.01909583096828379, -0.026033031529640895, 0.04290609479072141]
A2: [0.13277096919690218, -0.2234684989393054, 0.023838199655452506, 0.07132889330676864] - [0.03266828175091061, 0.20377605083529932, -0.11486384692533944, -0.12144075429551024] - [-0.0930604839131692, 0.5570696374424037, -0.23365796098473623, -0.22410728868583069] - [-0.019156949659855836, -0.017644865400871956, 0.009776166717838887, 0.033789431918247216]
B1: 0.00014280950388688516 - 0.0008278285361731549 - 0.0002660385226500577 - -8.726508312432876e-05
B2: -0.0007400003746309699 - 0.00103838506873266 - -0.0007314847769633954 - -7.9742582353691e-05
