Number: 4388
Error: 9.72063469308461e-16
A1: [0.06621314889385554, -0.1139521117646209, -0.023983983042315856, 0.07172283541675319] - [0.037402638704327085, 0.18819339482746783, -0.14740892065271144, -0.07818698404907178] - [-0.06022940387263731, 0.3289507688664034, -0.12775314153307, -0.1409683538874441] - [0.039045985501220494, -0.053322850876038094, -0.03741875838023856, 0.05169495379450671]
A2: [-0.009108634493591313, -0.3468032477479405, 0.24945503114429163, 0.106456618338508] - [0.08003989871989825, 0.03628233556449053, -0.05025003252630581, -0.06607187908442294] - [-0.04245271237009875, 0.23083200927675243, -0.040531130785466246, -0.14784772053769685] - [0.06813466782218343, -0.2934679743821138, 0.14177112037969045, 0.08356173605124523]
B1: 3.1904649732984974e-08 - 2.954561207984047e-08 - 3.6263636396996914e-08 - -4.8807883748009735e-08
B2: -4.733099929415765e-08 - 3.818711406045883e-08 - 5.087574244060198e-09 - 3.6547984739464004e-08
