Number: 4171
Error: 9.18581218655954e-16
A1: [0.06621318901110936, -0.11395207254382815, -0.023983942956524947, 0.0717228754666828] - [0.037402616974925036, 0.1881933740665009, -0.14740894201438445, -0.07818700541261608] - [-0.06022942733106804, 0.32895074633592386, -0.12775316448805943, -0.14096837671901416] - [0.03904610727501617, -0.053322735292979706, -0.03741864056818932, 0.05169507064994775]
A2: [-0.009108414857909987, -0.346803014748859, 0.24945525255707945, 0.10645684861453263] - [0.08003982216082127, 0.036282253088427384, -0.05025011620101912, -0.06607196346965861] - [-0.042452859005936365, 0.2308318474403909, -0.040531287926218365, -0.1478478827114056] - [0.06813479172700927, -0.29346783795758885, 0.1417712547044079, 0.08356187497134422]
B1: -7.389313413411172e-09 - -9.98569480152944e-10 - -1.5171414195812494e-08 - 7.87483790872465e-09
B2: -2.2884983467480333e-09 - 6.452657153572948e-09 - -5.219395786760945e-09 - -2.888836133651925e-08
