Number: 2699
Error: 5.035304924730777e-09
A1: [0.06394084296331451, -0.04736861071932039, -0.022942602305102616, 0.008357545394684715] - [0.043871860846167586, 0.19147348647106108, -0.142348133367972, -0.09228116065194075] - [-0.12376859205831053, 0.4145401304652861, -0.10518005879656706, -0.18739201030510688] - [0.037048854133369405, 0.019213448553784745, -0.03308576771171789, -0.023005436400468794]
A2: [0.06356841696826859, -0.17355866635384798, 0.08645407523869798, 0.02408580770746238] - [0.029519605211217336, 0.20052478763995885, -0.10148140832761113, -0.12764831161143422] - [-0.09314884350375802, 0.5139387862944547, -0.22534532535364823, -0.19484469617934783] - [-0.025550008787175907, 0.01889674071801982, -0.049912674590169424, 0.057344950944688555]
B1: 0.00011617249762397105 - 0.00016710518885140575 - 3.6408140454904707e-05 - 1.7579622157850807e-05
B2: 0.000249291415100487 - 3.034984463441607e-05 - 0.0001318052443990602 - -0.00012470519694103612
