Number: 3819
Error: 9.13526560286884e-16
A1: [0.06621321799542312, -0.11395204420722181, -0.02398391399496268, 0.07172290440234873] - [0.03740266330412004, 0.18819341833088743, -0.1474088964692492, -0.0781869598634472] - [-0.06022932238401304, 0.32895084713177786, -0.12775306179308635, -0.14096827457640315] - [0.03904613955163942, -0.05332270465723489, -0.03741860934163711, 0.05169510162295289]
A2: [-0.009108588235027032, -0.34680319867488874, 0.24945507777717293, 0.10645666683806819] - [0.08003980872065058, 0.03628223860951004, -0.05025013089036871, -0.06607197828373458] - [-0.04245283982949927, 0.230831868604696, -0.04053126737599713, -0.14784786150298712] - [0.0681347595029123, -0.2934678734377217, 0.14177121977040705, 0.08356183884218178]
B1: 2.494825161855884e-09 - 3.0019108644929067e-08 - 3.0076091396139035e-09 - 1.0011117265957104e-08
B2: 1.3550798368732615e-08 - 2.259356815336417e-08 - -2.779345380385796e-08 - 2.9593936956506982e-08
