Number: 1962
Error: 2.8258692503617095e-05
A1: [-0.0038124638012453586, -0.011092047204927069, 0.007005396145574657, 0.023393016898044787] - [0.04733186947568577, 0.17109106683428843, -0.1670020039812354, -0.13169468806459367] - [-0.1211664520251219, 0.43338695802487426, -0.07976647550092086, -0.26723227273492134] - [-0.03729839170850325, 0.001287963839674007, -0.04481895365322096, 0.023911672545609976]
A2: [0.14255146407492542, -0.214575923634022, 0.03271701140113639, 0.07967412129066395] - [0.03901375471757089, 0.2100336742809948, -0.10856493299886175, -0.11527826313224926] - [-0.08487460579452566, 0.5652259690521897, -0.22562598150620597, -0.21586424950158706] - [-0.016487419565462326, -0.015045974543675315, 0.012301378299968255, 0.03625978297936521]
B1: 0.0037861588457129753 - 0.007627541036448898 - 0.0071847081255441815 - 0.0036311163143370627
B2: 5.474829602011497e-05 - 0.019010934126910493 - -0.0026295788011560517 - -0.004535920990165942
