Number: 5768
Error: 0.00037237625780108804
A1: [0.07376607179985702, -0.1927200434034111, -0.030145641510829373, 0.11019446530916845] - [0.0016658781660328073, 0.08610466572324711, -0.1787560205316036, -0.07787736258437664] - [0.022685127445114223, 0.2581792031126411, -0.09640026603667018, -0.07781786614282866] - [0.12214607932493127, -0.024144811776773478, 0.041883439328403674, 0.2085854323086251]
A2: [0.08640813090452025, 0.01923099997892624, -0.019707714310589392, 0.13070553925395917] - [0.07043377175649908, 0.25243146114579273, -0.4291064950061635, -0.033940617750674584] - [-0.015059173485196774, 0.5368681353839095, -0.3623890260141349, -0.17666253106246135] - [0.10596836269041741, 0.026104866315411958, -0.15874646585613963, 0.06093411772162628]
B1: -0.0018594684533546771 - -0.011798710052271321 - -0.017025222233748832 - -0.012703227246786837
B2: -0.016030077949550803 - -0.03402625412211862 - 0.027307552696650052 - 0.02561162270398772
