Number: 5645
Error: 3.7862149781536604e-05
A1: [0.06785724036141726, -0.1123554355311722, -0.022348076082423958, 0.07335117289145761] - [0.03983230635553827, 0.19050097465837454, -0.14502684584238523, -0.07580046996522383] - [-0.06142459727174986, 0.32777393289241197, -0.1289401694606838, -0.1421641242097826] - [0.05184842156535292, -0.04119644770159119, -0.025040875860289507, 0.06399153751778922]
A2: [-0.008996123412249871, -0.346676863615591, 0.2495000494630879, 0.10656632131889762] - [0.0815452116329978, 0.0379042962396178, -0.04862552253859296, -0.06442225441333096] - [-0.04194059034536134, 0.23139899579513923, -0.04003297944675496, -0.14730137206012775] - [0.061826400526421126, -0.3004124963225663, 0.13488391855605034, 0.07647428442840917]
B1: 0.0025213264310807687 - 0.002093538791886922 - 0.0027834089307968157 - 0.0051459229907505075
B2: -0.0016182221966080396 - -0.0026793850298703625 - -0.0003704670154391042 - -0.0061646528638582745
