Number: 6710
Error: 8.938607055309603e-16
A1: [0.08043167755197317, -0.18046781788235208, -0.019588864097421256, 0.11962496460637088] - [0.03741558163981205, 0.13359638781977465, -0.13472618455552446, -0.036285823452261425] - [-0.0017028287021474985, 0.2281901068176189, -0.12282839232037593, -0.10365891991123556] - [0.03886322092917913, -0.11448103201447532, -0.04641645488711851, 0.12203421446138199]
A2: [0.035307429409511225, -0.02927348948650408, -0.07569736293112364, 0.06966339345632605] - [0.10289376391575035, 0.2828967146226002, -0.39260638344094256, 0.006816009873379811] - [-0.011187131677497493, 0.5390145588116215, -0.3594510454848938, -0.16837649795437262] - [0.09786278538822832, 0.017463302412111664, -0.1688510238602207, 0.053524863667217544]
B1: -6.138447480327724e-09 - 2.726564970836363e-09 - -1.6510349590279634e-08 - -9.362622606632423e-09
B2: -6.339510118811407e-09 - -6.979812208406392e-09 - -3.3235693872499987e-09 - -7.931072195514577e-09
