Number: 7338
Error: 8.855473330262216e-16
A1: [0.08043168015553002, -0.18046781527909098, -0.01958886149697594, 0.11962496720963049] - [0.03741558885929249, 0.13359639503379256, -0.13472617735042364, -0.03628581623677834] - [-0.0017028330670177938, 0.2281901024528422, -0.12282839667885262, -0.10365892427493811] - [0.03886323147324375, -0.11448102150000564, -0.046416444349776785, 0.12203422499889086]
A2: [0.035307403276940284, -0.029273515691352177, -0.07569738777766626, 0.06966336610577309] - [0.10289370574318377, 0.2828966559563235, -0.3926064397046891, 0.0068159489582195415] - [-0.011187139102218017, 0.5390145513426075, -0.3594510525125751, -0.16837650577804278] - [0.0978628337703526, 0.0174633510143075, -0.16885097780356545, 0.05352491445268745]
B1: 9.389257219979022e-09 - -1.279657419276994e-08 - -1.738665323629692e-10 - -1.586620580126898e-08
B2: -5.86558482755323e-09 - -1.6672597166108157e-09 - -9.885556326258805e-09 - -1.7225551434991228e-09
