Number: 1992
Error: 0.00038294977095380746
A1: [-0.021720685724908706, -0.029532621756492364, -0.012771494644157147, 0.004632631889195665] - [0.07881818156414788, 0.20152112812819742, -0.13402192888880698, -0.09628337676789324] - [-0.08735482117575313, 0.46655404840479836, -0.04503655903406144, -0.2302395444315611] - [-0.00804046235831941, 0.030833390614953174, -0.013345799324649913, 0.05667310143698094]
A2: [0.1413373702667395, -0.216129776468642, 0.03199496442826261, 0.07939785370354141] - [0.03676912733664807, 0.20724557711092448, -0.11096873314695846, -0.11795498448598689] - [-0.0868278950111001, 0.5612917849788585, -0.2280454028558978, -0.21995090939135728] - [-0.017372973309193317, -0.01683991379772768, 0.011252125094423488, 0.034347596205405506]
B1: -0.012350400380196117 - -0.019744591654884618 - -0.00827491949912406 - -0.009797396135778924
B2: 0.004190334409915298 - 0.015319368692511338 - 0.004781927895493653 - 0.004659486556122482
