Number: 2395
Error: 5.0792137457331746e-06
A1: [0.07637888635742889, -0.03602482421955374, -0.011775305263681713, 0.020285107835875296] - [0.048934989436885463, 0.1960742279579235, -0.13755359317452906, -0.0866438317631952] - [-0.12465943906615554, 0.41439273436134094, -0.10561825623856813, -0.18820757527524506] - [0.032083505759445616, 0.014943898701915436, -0.0374721527582043, -0.02773936342332542]
A2: [0.0562053582424575, -0.18092050169106455, 0.07962091124195415, 0.017061020272798526] - [0.03763722589007336, 0.2085562698680405, -0.09344677997629502, -0.11977931807438877] - [-0.09253447154948607, 0.5152829774755059, -0.22398590757871642, -0.193612223476622] - [-0.03451921423737479, 0.009929567144663767, -0.0582431561277976, 0.04876477539184884]
B1: -0.00013435020953776007 - 0.007243488502285415 - -0.004234167583277069 - -0.002768543895285786
B2: -0.0011897546630262928 - 0.0006743339773082765 - -0.0007424745978882034 - -0.003278915516162241
