Number: 3687
Error: 1.0196406346750889e-14
A1: [0.0662136129251693, -0.1139516581026107, -0.02398351937503554, 0.07172329866926141] - [0.037402891700998295, 0.18819363654816604, -0.14740867193783938, -0.07818673531195264] - [-0.060228751267344935, 0.3289513956574433, -0.12775250293233864, -0.14096771872141847] - [0.03904660403396273, -0.05332226378935613, -0.037418159970806136, 0.051695547345329496]
A2: [-0.009108651521521465, -0.34680326581282783, 0.24945501397828826, 0.1064566004845154] - [0.08003992214379992, 0.036282360799130706, -0.05025000692523851, -0.0660718532654534] - [-0.04245219528859354, 0.23083257996065398, -0.04053057665971778, -0.1478471486645649] - [0.06813492947303612, -0.2934676862937898, 0.14177140403444136, 0.08356202940920668]
B1: 1.1471998383280691e-08 - 2.5395211520266912e-09 - -1.5582313369681646e-07 - -5.040844239958705e-08
B2: -9.528722348959056e-08 - -1.3705161633114738e-07 - 4.96714384103561e-08 - -8.555638111148246e-08
