Number: 4024
Error: 8.400047480769406e-16
A1: [0.06621322004813404, -0.11395204220038327, -0.023983911943854786, 0.07172290645161648] - [0.03740258359485893, 0.18819334217411682, -0.14740897482955173, -0.07818703823067871] - [-0.060229249688705536, 0.3289509169515781, -0.12775299065773965, -0.1409682038236678] - [0.039046242271225926, -0.05332260715969847, -0.03741850996388158, 0.05169520019376771]
A2: [-0.009108541396405786, -0.34680314898642156, 0.2494551249947661, 0.10645671594583728] - [0.08003983769374579, 0.036282269821837757, -0.05025009922441624, -0.06607194634890519] - [-0.0424528379747483, 0.23083187065170505, -0.040531265388366426, -0.1478478594517091] - [0.06813482259096518, -0.29346780397501127, 0.14177128816393375, 0.08356190957556549]
B1: -6.64704235071242e-09 - -3.930482745560418e-09 - -3.256634721653554e-08 - 8.931166641453994e-10
B2: 2.7388495371206198e-09 - -1.7908127628725714e-08 - -2.364980895840948e-08 - 7.69877397520623e-09
