Number: 6157
Error: 8.90166832071724e-16
A1: [0.08043160625129, -0.18046788917495568, -0.019588935312848756, 0.11962489331383395] - [0.03741551684359903, 0.13359632307260622, -0.13472624922262896, -0.036285888212577215] - [-0.00170287063501816, 0.22819006488564797, -0.12282843419185119, -0.1036589618329153] - [0.03886314662614711, -0.11448110610898117, -0.0464165291428039, 0.1220341402045321]
A2: [0.035307462109870534, -0.02927345669570078, -0.0756973318400538, 0.06966342768081527] - [0.10289380356970679, 0.28289675461310737, -0.39260634508816766, 0.006816051396888589] - [-0.011187076610792481, 0.5390146142067838, -0.35945099336309266, -0.16837643992864418] - [0.0978628077124095, 0.01746332483783885, -0.16885100260905214, 0.05352488710034568]
B1: 1.5979729741845105e-09 - 2.5334414785884858e-08 - -8.113295082171329e-09 - -6.576593897843647e-10
B2: 2.7161499233852153e-08 - 2.0685336286583186e-08 - -4.5256351048891094e-08 - 1.599355127771909e-08
