Number: 8277
Error: 1.0602107836781237e-15
A1: [0.08043169794660922, -0.18046779749005074, -0.01958884372722835, 0.11962498499864375] - [0.03741563920241798, 0.13359644533885795, -0.13472612710745843, -0.036285765921454556] - [-0.0017027956939326733, 0.22819013982511832, -0.1228283593604972, -0.10365888691183509] - [0.03886324830355017, -0.11448100471693569, -0.046416427530213446, 0.12203424181872759]
A2: [0.03530739080424974, -0.029273528198484028, -0.07569739963659616, 0.06966335305181959] - [0.10289369147862586, 0.28289664157072153, -0.3926064535012042, 0.006815934021190858] - [-0.011187088300982943, 0.5390146024467951, -0.35945100442806266, -0.16837645224706005] - [0.09786292794801416, 0.017463445620306287, -0.16885088815230473, 0.0535250133083163]
B1: 1.624387247937728e-08 - -4.0538498369739485e-08 - 3.266933876090703e-08 - 3.265570464049875e-08
B2: 5.8960238993623576e-09 - 2.7793799942388763e-08 - 2.7885422616401007e-08 - 3.5735263494297465e-09
