Number: 8963
Error: 0.001283635702870701
A1: [0.0680648310277243, -0.18903995594688253, -0.015339012903937929, 0.12740686213242616] - [0.08225994201521955, 0.18817726210308172, -0.04923160728575668, 0.04672832307444937] - [0.039695861759872775, 0.26622568600838115, -0.07209736905430753, -0.049924810535670903] - [0.06765530720642585, -0.08495672847410213, -0.011426030752791564, 0.15790533437021842]
A2: [0.2623182903182311, 0.20319009825110435, 0.12101345299793094, 0.34226614465154903] - [0.593826210023782, 0.7745877733001633, 0.07842863102510908, 0.5486063846021032] - [0.1060128888708949, 0.6263927437657968, -0.2510346309723146, -0.007213708449291689] - [0.20334093349684684, 0.1006740264203652, -0.07216668162478176, 0.20559315221471866]
B1: 0.002291325934354573 - 0.07178931415545195 - -0.04161606557371669 - -0.04313931889286385
B2: -0.0321342532238639 - -0.01467789294649078 - 0.012773439847074247 - -0.014987778450972123
