Number: 3251
Error: 0.0007496017963513565
A1: [-0.07588021342171246, -0.2555498245596964, -0.17678880621055607, -0.07775796527992275] - [0.03971334905159409, 0.17608770811843782, -0.14777792362952058, -0.0768766540864049] - [-0.3387929719924731, 0.09537804173755327, -0.38216033260551285, -0.39309313887265585] - [-0.1878167574387179, -0.24788305227964103, -0.2525496600545711, -0.1600708719610486]
A2: [-0.16989069804180557, -0.5536430127155428, 0.09183801430371837, -0.0712406784038882] - [0.06370934548823859, 0.04117602312130394, -0.07873490046175806, -0.09463922135695987] - [-0.15409413464146526, 0.0882576349027984, -0.20799384727215145, -0.30681560735883884] - [-0.015532144405204416, -0.3962872461519833, 0.0023622614485316745, -0.04458093860761528]
B1: -0.01948622484392654 - -0.20318242370327055 - -0.04405117477622773 - -0.040619744920730075
B2: -0.15119180177713115 - -0.18132512424145558 - 0.0028866029495653797 - -0.012169674552705817
