Number: 6033
Error: 3.6199008765236855e-13
A1: [0.08043385950016617, -0.18046563618304723, -0.019586684759211482, 0.11962714630455223] - [0.037418753121902196, 0.1335995568935913, -0.13472301940352913, -0.036282653733586835] - [-0.0017003630777744237, 0.228192572398782, -0.1228259302969732, -0.10365645493936256] - [0.03886596446647745, -0.11447829617314736, -0.04641371309465955, 0.12203695629547029]
A2: [0.03531269234925393, -0.02926821199189996, -0.0756923589903155, 0.06966890170323507] - [0.10289251908205942, 0.28289545922377085, -0.39260758743001106, 0.006814706349147634] - [-0.011187770587100654, 0.5390139160964701, -0.35945165022664644, -0.16837717119656176] - [0.09786351879618015, 0.017464039158011296, -0.16885032570128555, 0.05352563350886268]
B1: 9.936409284870195e-07 - 8.054003030309104e-07 - -9.148939155095333e-07 - -3.8379785305175395e-07
B2: -8.562209979845801e-07 - -1.3968707875870308e-06 - 3.1948070005188664e-06 - 3.475655954237251e-07
