Number: 7691
Error: 1.0282767874980689e-15
A1: [0.08043166428853807, -0.18046783114429274, -0.01958887734499099, 0.11962495134445386] - [0.03741555336982209, 0.13359635957117535, -0.13472621276917057, -0.03628585170658673] - [-0.0017028486528854459, 0.22819008686730377, -0.12282841224189835, -0.1036589398566437] - [0.038863210617393375, -0.11448104229733332, -0.04641646519232877, 0.12203420415600595]
A2: [0.03530749046961365, -0.02927342825751059, -0.07569730487591868, 0.06966345736230006] - [0.10289371153498646, 0.2828966617972897, -0.39260643410293977, 0.006815955023099176] - [-0.011187170025415912, 0.5390145202349764, -0.35945108178209517, -0.16837653836284186] - [0.0978627642670776, 0.01746328119489635, -0.16885104396622616, 0.05352484149692928]
B1: -2.675171173810202e-08 - -2.3047269316750767e-08 - 6.629145067372184e-09 - 4.793423264342859e-10
B2: -7.431246311437615e-09 - -1.4868605453585073e-08 - -1.1470948921698106e-08 - -5.795115901529413e-09
