Number: 712
Error: 5.665569782769643e-15
A1: [-0.012153701675164144, -0.014517486281016994, 0.018086943143342592, 0.008582768382567597] - [0.06583509828563046, 0.189495128979351, -0.14532271204616112, -0.11000871344076775] - [-0.0962923362936093, 0.42178680292304294, -0.0534565327181644, -0.2720348747199766] - [-0.0013214569937179995, -0.018219203268954386, -0.0038350646864488804, 0.02337679358254789]
A2: [0.1615867867258121, -0.1677547085917056, 0.008501398476920503, -0.0023330052320682205] - [0.03548555444657937, 0.2075165554111375, -0.11721059258708165, -0.12579219495450616] - [-0.08621382490931029, 0.5815378472939633, -0.23538899930645849, -0.25993584143680715] - [-0.0038351270456665936, -0.004519446897566813, 0.0011100987684012, 0.007243239931758088]
B1: -1.1012382546205945e-07 - -9.203542035168822e-09 - 4.376266695565432e-08 - 8.10755804954227e-08
B2: -7.488213488810026e-08 - 2.732225024752743e-07 - 4.111124731132177e-08 - -1.1286453917748001e-07
