Number: 7273
Error: 1.0225311796884813e-15
A1: [0.08043169011217052, -0.18046780532357595, -0.019588851552238506, 0.11962497716513466] - [0.0374155935827812, 0.13359639975370766, -0.1347261726363452, -0.03628581151590571] - [-0.0017028169148373246, 0.22819011860468083, -0.12282838055031885, -0.10365890812706735] - [0.03886323777336261, -0.11448101521756444, -0.04641643805366939, 0.1220342312950953]
A2: [0.03530750091423168, -0.029273417784012174, -0.07569729494533203, 0.06966346829374558] - [0.10289369440267317, 0.2828966445195654, -0.39260645067308425, 0.0068159370830488215] - [-0.011187147194764139, 0.5390145432017931, -0.35945106017234735, -0.16837651430544173] - [0.09786281341683334, 0.017463330568207952, -0.1688509971788068, 0.05352489308812772]
B1: 1.1156788271700772e-08 - -2.782380444457463e-08 - -2.67366138787476e-08 - -3.2486200698736523e-09
B2: -9.616813357085457e-09 - -1.0058454728635037e-08 - -1.043349412656204e-08 - -1.0330493744597281e-08
