Number: 4909
Error: 8.093052346522784e-16
A1: [0.06621312524298614, -0.11395213488694406, -0.023984006674604524, 0.07172281180556889] - [0.03740254900078146, 0.18819330912182056, -0.14740900883817498, -0.07818707224233264] - [-0.06022932850575402, 0.32895084125222585, -0.1277530677834111, -0.14096828053429988] - [0.03904613310799073, -0.05332271077321927, -0.037418615575559235, 0.0516950954395978]
A2: [-0.009108516437239906, -0.3468031225087466, 0.24945515015577238, 0.1064567421140611] - [0.08003988219072783, 0.03628231775783821, -0.050250050591694344, -0.0660718973032712] - [-0.042452804967032465, 0.23083190708110568, -0.0405312300158173, -0.14784782294639628] - [0.06813474825213442, -0.29346788582524824, 0.14177120757333847, 0.08356182622805806]
B1: -1.5194618886889125e-08 - 2.5327015370421825e-08 - -2.3971343989802726e-08 - -3.836231381564316e-08
B2: -1.456409699935367e-08 - -3.1263677794561626e-08 - -1.9211976227559126e-08 - 1.518663917597539e-08
