Number: 4959
Error: 9.58518708624915e-16
A1: [0.0662131895669726, -0.11395207200037111, -0.023983942401096792, 0.07172287602160486] - [0.037402620306662325, 0.18819337724977112, -0.147408938739019, -0.07818700213697805] - [-0.06022933519558459, 0.32895083482699605, -0.12775307432968808, -0.14096828704536338] - [0.03904619898412896, -0.053322648246018386, -0.03741855184255903, 0.05169515865511186]
A2: [-0.009108511783242245, -0.34680311757160415, 0.24945515484742006, 0.10645674699350936] - [0.08003983401732755, 0.036282265861324964, -0.05025010324242949, -0.06607195040107437] - [-0.04245282920628136, 0.23083188032923144, -0.04053125599151496, -0.1478478497540227] - [0.06813477947385076, -0.2934678514488612, 0.14177124142061223, 0.08356186123326838]
B1: -1.62842368202231e-08 - 2.162988333167686e-09 - 5.408133900298423e-09 - -1.6206044500824579e-09
B2: -1.12604630593303e-08 - 1.1253477021962203e-08 - 2.895345793867687e-09 - -4.682917111311412e-09
