Number: 7769
Error: 1.389657669894926e-15
A1: [0.08043169063477476, -0.18046780480103988, -0.01958885103025586, 0.1196249776876821] - [0.037415644720850204, 0.13359645085306554, -0.13472612160015943, -0.03628576040616182] - [-0.0017027959219472512, 0.22819013959711817, -0.12282835958816493, -0.10365888713977713] - [0.0388632293605558, -0.11448102360677181, -0.04641644646111006, 0.12203422288751908]
A2: [0.03530736031279266, -0.029273558774318358, -0.07569742862749172, 0.06966332113920348] - [0.10289360235883574, 0.28289655169456607, -0.3926065396967388, 0.006815840699798363] - [-0.011187142916178023, 0.5390145475059047, -0.3594510561225884, -0.168376509796918] - [0.0978627466126284, 0.017463263460144155, -0.1688510607721385, 0.053524822965526735]
B1: -5.190299624532374e-09 - -3.609631557312955e-08 - 5.925184870586668e-09 - 2.506899994139414e-11
B2: -4.14427625210038e-08 - 5.7088734933706875e-08 - -2.569416216895516e-08 - -3.703562007161714e-08
