Number: 3328
Error: 1.3031615350885192e-06
A1: [0.06385741115708791, -0.11628942261104369, -0.026480661412462393, 0.06928120013410749] - [0.033712954688287604, 0.18463869275268588, -0.15102299181650242, -0.08180590366111645] - [-0.06652653921885532, 0.32305048991519497, -0.1336974810245042, -0.14693994478127168] - [0.042148577546721314, -0.05039176999764966, -0.034471456040524324, 0.054619478840213884]
A2: [-0.012438789667424018, -0.3502684009099882, 0.24632570590295588, 0.10304534858993772] - [0.08090706657555458, 0.03726230753854312, -0.049331915257675024, -0.0651065731345114] - [-0.04051237894713068, 0.23280870707726642, -0.038598136949141396, -0.14580655382830948] - [0.07086406556766897, -0.2905534828397362, 0.14466063695097067, 0.08658092899256792]
B1: -0.0009677763630269464 - -0.0010860454505062294 - 0.0023032404162059076 - 0.0010270654190982387
B2: -0.0007369067623623107 - 0.002434858101860029 - -2.3541006928552293e-05 - -0.0022960676904630766
