Number: 4727
Error: 1.156718225420956e-15
A1: [0.06621320792241668, -0.11395205405513933, -0.02398392406008594, 0.0717228943462105] - [0.037402620676912336, 0.18819337760350657, -0.14740893837504696, -0.07818700177297426] - [-0.06022931752953166, 0.32895085179424366, -0.12775305704276943, -0.14096826985140584] - [0.039046303341432956, -0.05332254919401467, -0.03741845088039851, 0.05169525879750457]
A2: [-0.009108871708818638, -0.34680349939586, 0.2494547920096807, 0.10645636963148943] - [0.08003994290323488, 0.03628238316256065, -0.05024998423644158, -0.06607183038457587] - [-0.042452851758781454, 0.23083185543889978, -0.04053128015968424, -0.14784787469619454] - [0.06813464921370528, -0.2934679948707395, 0.1417711002062044, 0.08356171518785584]
B1: 4.7786061624172793e-08 - 3.294121697285295e-08 - -2.4757305840843025e-08 - -4.676564626420886e-08
B2: 5.3166885134657e-09 - 9.935188131756223e-09 - -1.540264549651832e-08 - -1.994438190092564e-08
