Number: 3708
Error: 3.7974392460974126e-15
A1: [0.0662129753764953, -0.11395228140437091, -0.023984156423504908, 0.07172266219058497] - [0.03740275979688261, 0.1881935105230598, -0.14740880160952055, -0.07818686499527501] - [-0.06022968429354128, 0.3289504995378804, -0.12775341593633024, -0.14096862681485076] - [0.03904615194800532, -0.05332269289124284, -0.037418597348534005, 0.051695113518709306]
A2: [-0.009108599012447297, -0.3468032101082196, 0.249455066912565, 0.10645665553836273] - [0.08004016005451543, 0.036282617096972905, -0.05024974690229385, -0.06607159103497715] - [-0.042453263897980584, 0.2308314005758001, -0.04053172182481509, -0.1478483305074484] - [0.0681345445197686, -0.29346811014400054, 0.1417709867077473, 0.08356159780577897]
B1: -1.0459474394643696e-07 - 1.701917544234244e-08 - 2.027919055150488e-07 - -5.6224856696623926e-08
B2: 6.734839453952615e-08 - 1.0487422554159954e-07 - -3.948076689777328e-08 - -9.390349986299786e-08
