Number: 6221
Error: 8.667214597875784e-16
A1: [0.08043165928580218, -0.18046783614645015, -0.019588882341750238, 0.1196249463422888] - [0.037415572284098544, 0.13359637847114522, -0.13472619389259607, -0.03628583280278896] - [-0.0017028295246958858, 0.22819010599509318, -0.12282839314172206, -0.10365892073356278] - [0.03886322013302441, -0.11448103280839415, -0.046416455682766304, 0.12203421366572527]
A2: [0.035307354986568354, -0.02927356411529598, -0.07569743369145542, 0.06966331556459085] - [0.10289370679838288, 0.28289665702046835, -0.3926064386841022, 0.006815950063126034] - [-0.011187078207023278, 0.5390146126010307, -0.3594509948739525, -0.16837644161064483] - [0.09786277035087672, 0.017463287306359033, -0.1688510381747914, 0.0535248478828752]
B1: -3.154523052176181e-08 - -1.1668880014358514e-08 - 2.3128769481935208e-10 - -1.1024667735445134e-08
B2: -1.647586895499681e-08 - -2.2555322708031078e-08 - -3.1376809071965145e-09 - -1.0414266180209636e-08
