Number: 631
Error: 4.995051313046532e-14
A1: [-0.012151814170756559, -0.014515547621538904, 0.018089029407466838, 0.008584785400402065] - [0.0658354177360552, 0.18949543627732035, -0.14532238176241058, -0.1100083577649106] - [-0.09629205406798669, 0.42178707569207247, -0.05345622646754564, -0.27203454591217674] - [-0.0013199791007308097, -0.018217781954169385, -0.0038334915156760887, 0.0233785017802044]
A2: [0.16158647518337313, -0.16775501426418754, 0.008501093220032965, -0.0023333089420620907] - [0.0354855306500532, 0.2075165319969455, -0.11721061628408327, -0.12579221823371398] - [-0.08621381852584772, 0.5815378535493774, -0.2353889930915003, -0.2599358352108358] - [-0.003835039875625108, -0.004519361174360882, 0.0011101850495595692, 0.007243323331069081]
B1: 1.3486446298291555e-07 - 1.6730359025560217e-07 - 1.6884966296197598e-07 - 2.4132594461516216e-08
B2: 1.26741690070661e-07 - -2.3289737014104254e-08 - -3.0884566467537564e-07 - -6.013086365407514e-08
