Number: 595
Error: 5.1375485157163436e-14
A1: [-0.012153187699738473, -0.014516958377217667, 0.01808751124254447, 0.0085833176256455] - [0.06583529002320263, 0.18949531342291237, -0.14532251380637426, -0.11000849996034037] - [-0.0962940547246796, 0.4217851420927029, -0.05345839741909335, -0.272036876775631] - [-0.0013213127787807537, -0.01821906457520729, -0.0038349111722324773, 0.023376960271809844]
A2: [0.16158680096224912, -0.1677546946201681, 0.008501412432502927, -0.002332991352513576] - [0.035485797353330815, 0.20751679441448995, -0.1172103506982267, -0.12579195732885673] - [-0.0862135209964019, 0.5815381449792082, -0.23538870358308836, -0.25993554507474537] - [-0.0038349053106675494, -0.004519228846243179, 0.0011103182378399228, 0.007243452073643509]
B1: 3.224270745599276e-08 - 2.0272400495189642e-08 - 4.634246221918739e-08 - -5.8718510132221235e-08
B2: 5.095305861406145e-07 - 1.429391825351004e-07 - -7.33564462939165e-07 - 3.4524799075098456e-07
