Number: 7029
Error: 8.106992502703342e-16
A1: [0.08043170419251885, -0.1804677912448227, -0.019588837488727057, 0.11962499124387467] - [0.0374155928730566, 0.13359639904451734, -0.13472617334465983, -0.03628581222523894] - [-0.001702800863803882, 0.22819013465536794, -0.12282836452279348, -0.1036588920803223] - [0.03886321226873817, -0.1144810406506116, -0.046416463542040355, 0.12203420580632375]
A2: [0.03530745647441465, -0.029273462346741472, -0.07569733719815408, 0.06966342178268115] - [0.10289371492049962, 0.2828966652115256, -0.39260643082850744, 0.00681595856819731] - [-0.011187127832259789, 0.5390145626797854, -0.3594510418453033, -0.1683764939025124] - [0.09786280053353241, 0.01746331762630671, -0.16885100944287473, 0.05352487956486016]
B1: 6.406173785870411e-09 - -1.3629859532821159e-08 - -7.462612511640492e-09 - 6.556007565559834e-10
B2: 3.2790257034981525e-09 - -5.80733170201956e-09 - 1.2719153448896877e-08 - -2.2743998487344666e-08
