Number: 5420
Error: 1.368555344327881e-15
A1: [0.0662132334810091, -0.11395202906756616, -0.023983898521485088, 0.07172291986197873] - [0.03740258020398688, 0.1881933389345057, -0.14740897816292597, -0.0781870415643801] - [-0.06022928262456732, 0.32895088531838734, -0.12775302288661036, -0.14096823587885277] - [0.03904612908962204, -0.05332271458716554, -0.03741861946303705, 0.051695091583659404]
A2: [-0.009108652586646929, -0.3468032669414302, 0.24945501290438876, 0.10645659936918368] - [0.08003986649361804, 0.03628230084758152, -0.05025006774743906, -0.06607191460499233] - [-0.04245293606632637, 0.23083176239234354, -0.040531370507021346, -0.14784796793665628] - [0.0681346258741854, -0.29346802056810667, 0.14177107490383276, 0.08356168902057766]
B1: 3.069354894702894e-08 - -4.323905847424481e-09 - -1.4653199754906034e-09 - -1.5442778653935306e-08
B2: -2.6664395020932947e-09 - -3.137947872590544e-08 - 1.3931780730198857e-07 - -2.020089309603343e-08
