Number: 5120
Error: 1.065269623623733e-15
A1: [0.06621316731242397, -0.11395209375763286, -0.023983964638213274, 0.07172285380437492] - [0.037402601237042615, 0.18819335903006235, -0.14740895748589367, -0.07818702088551467] - [-0.06022961013174586, 0.328950570765553, -0.12775334336621416, -0.14096855463489477] - [0.03904624846059269, -0.05332260128471775, -0.037418503975679036, 0.05169520613332797]
A2: [-0.009108476929683796, -0.3468030805974689, 0.2494551899829466, 0.10645678353553528] - [0.08003980065992333, 0.03628222992587979, -0.05025013970012625, -0.06607198716833998] - [-0.04245295605609774, 0.23083174033032233, -0.04053139192859127, -0.14784799004465315] - [0.06813465632195151, -0.2934679870440634, 0.14177110791231656, 0.08356172315777811]
B1: -3.0097646826931875e-09 - 1.1922058926908263e-08 - 3.3243559057488224e-08 - 1.7711286801190823e-08
B2: 1.0637723405052646e-08 - 1.137840138111435e-08 - 8.11574423547894e-09 - -1.8588572160539572e-09
