Number: 2087
Error: 0.0002452249754587764
A1: [0.09765592208480536, 0.05108677007988433, 0.07138883335761734, 0.07258974009172875] - [0.06787521082911577, 0.19664469893632594, -0.1402013663356103, -0.10275264528875604] - [-0.042663353920569025, 0.5273284194378595, 0.003468001341788804, -0.12866238721272397] - [0.11683868381356716, 0.14230323202199563, 0.05430895386688258, 0.10041706943173645]
A2: [0.12016227747692884, -0.19997777028294078, 0.08034700515582041, 0.0752544927283535] - [0.04041619465010202, 0.2062106289233693, -0.11505572349050297, -0.11909058109332296] - [-0.016543622199516002, 0.598448702609019, -0.16687094226774954, -0.15951067049647336] - [-0.04151314414566101, -0.04774718151377841, -0.04241010585170684, 0.07117061220140898]
B1: -0.007964348702419147 - -0.013623666680823935 - 0.013760757014211505 - -0.026551118953266853
B2: -0.02521027153824236 - -0.0002645774360687239 - -0.01106258850262347 - -0.009496210024862364
