Number: 5472
Error: 1.2423688432319206e-13
A1: [0.06621315066727804, -0.11395211003213253, -0.02398398127164407, 0.07172283718595952] - [0.03740322394870862, 0.18819395398852345, -0.14740834531295538, -0.07818640865830569] - [-0.06022986218671508, 0.32895032867806323, -0.12775359001464942, -0.1409687999561462] - [0.03904577036950431, -0.05332305507351595, -0.0374189665154909, 0.051694747349323965]
A2: [-0.009108209019554668, -0.3468027963876037, 0.2494554600590663, 0.10645706442354089] - [0.08004107180415472, 0.03628359930996783, -0.05024875041336208, -0.06607058608592521] - [-0.042452007210545435, 0.23083278753015704, -0.040530375111283226, -0.14784694066195417] - [0.06813580059029793, -0.29346672716088257, 0.1417723484044383, 0.08356300608698508]
B1: 9.186052405915368e-08 - 7.969469531128012e-07 - 1.9283433362867032e-07 - 2.4450952869444144e-07
B2: 1.6906191169752759e-07 - -5.922074837738127e-08 - 2.625997709985349e-07 - 8.33427651824744e-08
