Number: 9540
Error: 2.4867235459350836e-13
A1: [0.053172460992625556, -0.1480013601654458, -0.026999136371095477, 0.12182773280712944] - [0.00531409697180648, 0.130837071794337, -0.11360036669575882, -0.022549385697202124] - [-0.01444370295341456, 0.22309239472368175, -0.12704040659658075, -0.08160515910591985] - [0.027148055185941305, -0.10001844296616434, -0.049422909955958785, 0.12229971953244513]
A2: [0.08925327237571105, -0.07291455650674013, -0.12362858295703213, 0.10728517945255824] - [0.10884138578197573, 0.24981383803197799, -0.40484562576720107, 0.04618913128211754] - [0.03663496856003325, 0.4625541610635863, -0.377718389980536, -0.1214742408890155] - [0.1434257614647944, -0.0446072925583995, -0.2015001913707491, 0.10267918078474537]
B1: -4.377792172152685e-07 - -4.816469817424098e-07 - -7.318113312030436e-07 - -6.837815463436608e-07
B2: -3.8058867368057604e-07 - -9.287396237173437e-10 - -3.804603275148213e-09 - -4.6615652571351475e-07
