Number: 3442
Error: 1.7051297149963164e-08
A1: [0.06599485298093749, -0.11416594029556193, -0.024202650467869097, 0.07150460213113916] - [0.03791418555547297, 0.1886821669083253, -0.1469058741539842, -0.07768386476115022] - [-0.06046626769506335, 0.3287231174807038, -0.12798511511300412, -0.14119948203035285] - [0.038957908951415945, -0.053405821931595106, -0.037503381496376526, 0.05161058334786834]
A2: [-0.008898219753419014, -0.3465796751543767, 0.24966737707322154, 0.10667821316669959] - [0.07999574283544202, 0.03623473631338486, -0.050298483866002545, -0.06612066988368819] - [-0.042602514741900785, 0.2306660613216103, -0.04069188386276696, -0.14801367504616922] - [0.0679297408726657, -0.2936938410828859, 0.1415494656994592, 0.08333247981917555]
B1: 5.5769667509250864e-05 - 2.3542501754558027e-05 - -0.00026428707626554606 - -0.00011153989455505356
B2: 0.00021105947115440758 - -0.0002057491567332879 - 9.146845704144129e-05 - -8.242816756959744e-05
