Number: 6854
Error: 7.618529453880741e-16
A1: [0.08043165856345462, -0.18046783686871948, -0.019588883063236077, 0.11962494562002063] - [0.03741555836983325, 0.13359636456740753, -0.1347262077791377, -0.03628584670935034] - [-0.0017028524322802955, 0.228190083087992, -0.12282841601576476, -0.10365894363503567] - [0.03886320000111707, -0.11448105288380556, -0.04641647580184556, 0.12203419354632662]
A2: [0.03530741938049096, -0.029273499543263366, -0.07569737246658802, 0.0696633829598683] - [0.10289375742100061, 0.28289670807272815, -0.39260638972257805, 0.006816003072424868] - [-0.011187076942039947, 0.5390146138735507, -0.3594509936766008, -0.16837644027770324] - [0.09786281524674083, 0.017463332406439852, -0.16885099543685334, 0.053524895008938846]
B1: 7.758790101252313e-09 - -2.225804904701516e-08 - 1.3758732314902797e-08 - 2.52893747757722e-09
B2: 4.493193475842789e-09 - 2.369250144817764e-09 - -4.426714872492198e-09 - 2.174661998424041e-09
