Number: 7225
Error: 6.355008653935168e-16
A1: [0.08043170747566664, -0.1804677879620481, -0.019588834209506786, 0.11962499452664635] - [0.037415610923676575, 0.13359641708147652, -0.13472615533000531, -0.0362857941846178] - [-0.0017028364933460351, 0.22819009902659282, -0.12282840010015816, -0.10365892770034947] - [0.03886326006473591, -0.11448099298875158, -0.04641641577650436, 0.12203425357261227]
A2: [0.03530744428009239, -0.029273474574791954, -0.07569734879237007, 0.06966340901999919] - [0.10289371184957605, 0.2828966621145405, -0.39260643379866217, 0.0068159553524979564] - [-0.011186998241522386, 0.5390146930434706, -0.3594509191848108, -0.16837635734826964] - [0.09786285764640304, 0.017463374998961636, -0.16885095507510525, 0.05352493951476174]
B1: -2.982481505606956e-08 - 3.719259446933783e-08 - -7.264953478101893e-09 - -2.089774757950091e-08
B2: 1.6650266945870134e-09 - -1.0701429132023926e-09 - -2.8913261651842294e-08 - 5.2458057615955365e-09
