Number: 1414
Error: 3.941668294427335e-10
A1: [-0.0072842755243522125, -0.01509138473104183, 0.002896589246669364, 0.019355420008629422] - [0.0668697373654028, 0.18992580824153482, -0.146690670254765, -0.10981450004832137] - [-0.11274183419004326, 0.4416318663306991, -0.07095254968413472, -0.2582692787486966] - [-0.0235362432988186, 0.015180135167689703, -0.030105072026907143, 0.038735348715381264]
A2: [0.13166018500858986, -0.22455559740588488, 0.022739412755064504, 0.07023294272832345] - [0.032707496777710524, 0.20380951398139277, -0.11482729419190907, -0.12139753633933463] - [-0.09435893684113865, 0.5557996406080278, -0.23494305390088807, -0.2253758369792266] - [-0.021198623132980623, -0.019641892779655407, 0.007749840875674909, 0.03182494478119926]
B1: 8.204614050489927e-05 - -8.553667569700093e-05 - 2.6048692386865648e-05 - 3.325462021229425e-05
B2: -8.522491006982229e-06 - 1.3347150819161751e-05 - 2.7402775692725377e-05 - 2.8643208629361637e-05
