Number: 7477
Error: 9.548593194785298e-16
A1: [0.0804317296963777, -0.1804677657438597, -0.019588812015373613, 0.1196250167448157] - [0.037415630462005925, 0.1335964366050146, -0.13472613583060855, -0.036285774657114224] - [-0.0017027743026982154, 0.2281901612159071, -0.1228283380005776, -0.10365886552630124] - [0.038863275761575986, -0.11448097733596756, -0.046416400089671773, 0.12203426925969295]
A2: [0.03530750153337632, -0.029273417163146014, -0.07569729435663872, 0.06966346894173113] - [0.10289374288360374, 0.28289669341196133, -0.3926064037829517, 0.006815987849658341] - [-0.011187092190225142, 0.5390145985344114, -0.35945100810933084, -0.16837645634525605] - [0.09786280638468897, 0.017463323504081644, -0.1688510038729548, 0.05352488570667215]
B1: 1.6491493107210797e-08 - 1.1333127867612506e-08 - -1.036214579115479e-08 - 8.829795194965873e-09
B2: 7.068409255203182e-09 - 7.051055181232946e-09 - 7.308100960236673e-09 - 6.1631313722873435e-09
