Number: 6125
Error: 1.1782210491529457e-15
A1: [0.08043157286042865, -0.1804679225620466, -0.019588968663785507, 0.11962485992678247] - [0.03741549961267688, 0.13359630585471255, -0.13472626641922006, -0.036285905433957794] - [-0.0017028368860000872, 0.22819009863395537, -0.1228284004922492, -0.10365892809290866] - [0.03886297041529943, -0.11448128182531715, -0.046416705241368886, 0.1220339641031975]
A2: [0.03530735436374913, -0.029273564739838633, -0.07569743428362094, 0.06966331491274783] - [0.10289353635489593, 0.28289648513039184, -0.39260660353477234, 0.00681577158382636] - [-0.011187145866464453, 0.5390145445380246, -0.3594510589150421, -0.16837651290580316] - [0.09786272293689148, 0.017463239676698262, -0.1688510833098018, 0.05352479811360335]
B1: -2.6148573026070256e-08 - -5.0156043412440115e-08 - -1.8388711155206298e-08 - -8.771027540646865e-09
B2: 1.1188996252266857e-07 - 1.3085441946891956e-07 - -3.010479736668133e-07 - -2.4061871270560633e-08
