Number: 2141
Error: 0.00031648084263500784
A1: [-0.12389164572625207, -0.2038731206043383, -0.16509281378465981, -0.11961212321959792] - [0.09143601375470743, 0.21820276354020224, -0.12559743939791138, -0.06928551686654107] - [-0.33286492159956105, 0.18035610594563795, -0.3106231937112849, -0.4403608510348914] - [0.10362183805794556, 0.1271846993208088, 0.09112733630083839, 0.09482184258433674]
A2: [0.21134370972342845, -0.10641021176354822, 0.17836678162917632, 0.14448439407036703] - [0.015485303872910436, 0.1800053961417126, -0.1107794131380785, -0.1537789153209025] - [-0.1755680731736831, 0.4615535881157168, -0.31030389945055387, -0.3005569229236596] - [-0.021179548850465857, 0.03532873084783649, 0.017332312517180225, 0.02208845027297951]
B1: -0.026566534238065508 - 0.0031895228741519507 - -0.09567140184186287 - 0.025333102472965816
B2: -0.06322332032852376 - 0.025603480347686343 - 0.026001229011732796 - -0.03603786873215662
