Number: 7304
Error: 1.1333555491640648e-15
A1: [0.08043167308354929, -0.18046782235026973, -0.019588868560499666, 0.11962496013845778] - [0.03741557767157021, 0.1335963838545381, -0.13472618851585394, -0.03628582741830332] - [-0.0017028345526283748, 0.22819010096726472, -0.1228283981622865, -0.10365892576015175] - [0.03886321779618744, -0.11448103513867752, -0.04641645801811614, 0.12203421133033562]
A2: [0.03530739850567786, -0.02927352047581132, -0.0756973923141213, 0.06966336111213024] - [0.10289379692884068, 0.28289674791587704, -0.3926063515110946, 0.006816044442897207] - [-0.0111870331469054, 0.5390146579298921, -0.3594509522235214, -0.1683763941292821] - [0.09786280976953252, 0.017463326904316984, -0.1688510006508025, 0.05352488925965083]
B1: -1.878818298118667e-08 - 1.6257499183046114e-08 - 1.824811658309951e-08 - -2.037075042415795e-09
B2: 4.650870687184107e-09 - 5.970829185475629e-09 - 4.9540847165992275e-09 - 6.243269024048471e-09
