Number: 7835
Error: 1.0242086491372593e-15
A1: [0.08043163862953369, -0.18046785680039126, -0.01958890297331595, 0.1196249256883796] - [0.03741557917047967, 0.13359638535230653, -0.1347261870199219, -0.03628582592022227] - [-0.0017028403725941857, 0.22819009514741775, -0.12282840397373054, -0.10365893157856204] - [0.03886317356840352, -0.11448107924235137, -0.046416502217712964, 0.12203416713004107]
A2: [0.03530730518065759, -0.029273614058925698, -0.07569748104649475, 0.0696632634375206] - [0.10289373415923954, 0.28289668461356515, -0.39260641222103954, 0.006815978713976723] - [-0.011187048688517592, 0.5390146422955813, -0.35945096693394674, -0.16837641050606403] - [0.09786278560426152, 0.01746330262913828, -0.16885102365458876, 0.05352486389400574]
B1: 4.298494723805803e-09 - -3.2944698400412207e-09 - 2.0921612699709406e-08 - 9.317978469789646e-09
B2: -1.1439947148885717e-08 - 5.283731473100797e-08 - -1.911110903407497e-09 - -1.1053273500233701e-08
