Number: 8113
Error: 9.08104551471629e-16
A1: [0.08043166447424761, -0.18046783095861368, -0.019588877159535976, 0.1196249515301274] - [0.03741561429804144, 0.133596420453306, -0.13472615196227547, -0.036285790812082365] - [-0.0017028267685302806, 0.2281901087511895, -0.12282839038959202, -0.10365891797813166] - [0.0388632243833949, -0.11448102856996278, -0.04641645143511039, 0.12203421791344823]
A2: [0.035307487808634554, -0.02927343092583603, -0.07569730740588627, 0.06966345457724386] - [0.10289375165939556, 0.28289670226223257, -0.3926063952951, 0.006815997039167543] - [-0.011187109557976933, 0.5390145810630388, -0.3594510245483036, -0.16837647464625233] - [0.09786279197904034, 0.017463309032877128, -0.16885101758621418, 0.05352487058543385]
B1: -4.317652756699368e-09 - -3.0633694372881483e-09 - -7.445988128629034e-09 - 1.5011284656487762e-09
B2: -1.5580622065497568e-08 - 1.597901594467855e-08 - -9.165311056147408e-09 - -2.3754287153738076e-09
