Number: 1634
Error: 4.961870519716586e-08
A1: [-0.007611412587910255, -0.015423075288717206, 0.0025569481864132094, 0.019010114842435217] - [0.06620506195590375, 0.1892863301176796, -0.14737879247031851, -0.11055301091428194] - [-0.11119567861998138, 0.4431441561339381, -0.06933967993883988, -0.25660129030621776] - [-0.02444091629789835, 0.014286933880504588, -0.031028653817615576, 0.03777534021322431]
A2: [0.13268485230744143, -0.22354937289477672, 0.023742398610321198, 0.0712302371947686] - [0.03255721179042559, 0.20366203217231726, -0.11497653514941579, -0.12154425246616249] - [-0.09369319635280175, 0.5564581203954405, -0.23429083648477456, -0.22472340818675593] - [-0.020648835072924206, -0.019110447327594, 0.008288180650188437, 0.03234611360773554]
B1: 2.9015604878568958e-05 - -1.330975016596299e-06 - -0.00019247934551788775 - -0.0001642646398497068
B2: -0.00013060410033683111 - -0.0001676626775289518 - -0.0004750867315998391 - 0.00010968629250587052
