Number: 2869
Error: 1.153037646004231e-09
A1: [0.06362784925053752, -0.04767954637314928, -0.02325203313546741, 0.008047217929242586] - [0.043744006324614323, 0.19135005146889614, -0.1424798244728297, -0.09242138118267978] - [-0.12330054705207906, 0.4150039582142242, -0.10471512326596669, -0.18692984273525834] - [0.036822483974000085, 0.01898468558396146, -0.0333145841955375, -0.023233299623923613]
A2: [0.0631923715213698, -0.1739338784788155, 0.08607307974849567, 0.02370913043166642] - [0.02946458834299109, 0.2004708421009268, -0.10153619524719093, -0.12770224763007623] - [-0.09280282450973812, 0.5142778902884283, -0.22499797776320635, -0.1945106203922489] - [-0.026161356300752094, 0.018287747431238774, -0.050521786185900024, 0.05674904750747124]
B1: -8.698416514956296e-05 - 0.00024123297109469633 - -9.920974041056484e-07 - 0.00011477751057548599
B2: 0.00014983663696333704 - 7.034073278693865e-05 - 6.645428116280876e-05 - 3.007643685217724e-05
