Number: 7001
Error: 9.887632898711602e-16
A1: [0.08043169321981307, -0.18046780221628572, -0.019588848448312133, 0.1196249802724223] - [0.03741558810094435, 0.1335963942760168, -0.13472617810726364, -0.036285816994707766] - [-0.0017028090898340586, 0.22819012642951328, -0.12282837273677882, -0.10365890030415693] - [0.03886321555740303, -0.11448103737117632, -0.046416460255472365, 0.12203420909294414]
A2: [0.03530740545268751, -0.029273513509587165, -0.07569738570896657, 0.06966336838291537] - [0.10289370389780163, 0.28289665409527703, -0.3926064414895175, 0.006815947025822551] - [-0.01118704777496637, 0.5390146432145849, -0.35945096606932614, -0.1683764095433553] - [0.09786279820882476, 0.01746331529102475, -0.16885101165584607, 0.05352487712467397]
B1: -8.555226745945604e-09 - -3.0967034517310782e-09 - 1.7813591252994972e-08 - -3.368390187761311e-09
B2: 6.292992885345066e-09 - 3.0083426565739653e-10 - 7.63674054678687e-09 - -9.718665560728525e-09
