Number: 5797
Error: 1.4527684659472744e-05
A1: [0.07316320233823885, -0.18812868076568973, -0.027142125241802782, 0.11213028306888868] - [0.005239812310430907, 0.10087441240807615, -0.16769163305749676, -0.06902588902909855] - [0.0019801430458132045, 0.23202277995289672, -0.11902718898762821, -0.09991254735322792] - [0.06581872255935961, -0.08738230519312883, -0.018797185379962018, 0.14938906583827458]
A2: [0.03646259639978923, -0.028352631031611963, -0.07414173292254903, 0.07149810674638263] - [0.123030362919254, 0.3029168325232403, -0.37318959938679813, 0.028126282938344595] - [-0.01741304174025729, 0.533195925402474, -0.36541800745805114, -0.1755552570400664] - [0.09545423987314287, 0.01523124274554184, -0.1710598221453158, 0.050793239123877953]
B1: -0.006192551210292596 - -0.002391346947404954 - -0.0036651004323516 - -0.0038997275521899222
B2: -0.005742513719365681 - -0.0009409023287858655 - -0.011110581309121624 - -0.005849630491138983
