Number: 8389
Error: 7.675913107620815e-16
A1: [0.08043170497920388, -0.18046779045823585, -0.01958883670303023, 0.11962499203044905] - [0.037415536521165346, 0.13359634273529547, -0.13472622958413294, -0.036285868545837534] - [-0.001702830247033938, 0.2281901052727634, -0.12282839386300048, -0.10365892145569852] - [0.03886325898849127, -0.11448099406196134, -0.046416416852067134, 0.12203425249704253]
A2: [0.03530735684877152, -0.02927356224787511, -0.07569743192111084, 0.06966331751381495] - [0.10289381788299401, 0.28289676904788436, -0.39260633124441713, 0.006816066384842276] - [-0.011187070365492493, 0.5390146204892567, -0.35945098745168685, -0.16837643334785787] - [0.0978628580095434, 0.017463375363708667, -0.1688509547293192, 0.05352493989581389]
B1: -1.6795728580771852e-08 - 3.5068977066596564e-09 - 9.829368709869318e-09 - 3.0998215192530135e-08
B2: 2.144228951302813e-08 - -2.706034104475159e-08 - 5.971824426652028e-09 - 2.4876396820370945e-08
