Number: 5490
Error: 1.1447976340619428e-13
A1: [0.06621236062867598, -0.11395288241445614, -0.023984770688138365, 0.07172204847569809] - [0.037402535110885926, 0.18819329585127556, -0.14740902249178903, -0.07818708589683536] - [-0.060229603167613534, 0.32895057745131484, -0.12775333655154844, -0.14096854785634808] - [0.03904637772022524, -0.05332247860235241, -0.03741837893769247, 0.05169533015640153]
A2: [-0.009109129925602552, -0.3468037733212489, 0.24945453170240772, 0.10645609890026327] - [0.08003851906652437, 0.036280849284421025, -0.05025154040455171, -0.06607339976875096] - [-0.04245144276438927, 0.23083341048366957, -0.04052977023064245, -0.1478463164027301] - [0.06813609752685118, -0.29346640022379106, 0.14177267031107296, 0.08356333901209925]
B1: 2.4604665444003033e-07 - -1.6523889255980339e-06 - 1.805682753128039e-07 - 3.7946965098526854e-08
B2: 1.7035643626165026e-08 - -2.9291042460513537e-07 - -4.606923900745767e-07 - -2.1292334928418586e-07
