Number: 8349
Error: 8.231123917410788e-16
A1: [0.08043172857162895, -0.18046776686849966, -0.019588813138827658, 0.11962501562015994] - [0.037415575598925166, 0.13359638178350614, -0.13472619058421514, -0.03628582948969515] - [-0.0017027945483413084, 0.22819014097069268, -0.12282835821657763, -0.10365888576653609] - [0.03886327931601533, -0.1144809737915038, -0.046416396537511985, 0.12203427281190914]
A2: [0.03530720728218659, -0.029273712228114413, -0.07569757412742792, 0.06966316097649085] - [0.10289372071165913, 0.2828966710518695, -0.39260642522736405, 0.0068159646324106905] - [-0.011187150333043887, 0.5390145400447522, -0.35945106314289016, -0.1683765176122631] - [0.09786284981168898, 0.01746336712856063, -0.16885096253316684, 0.05352493129075738]
B1: -4.836321399040168e-09 - 2.4515495483793747e-08 - 1.5898486033175323e-08 - 1.8699786285983224e-08
B2: 2.682927484524884e-08 - -1.2435210172724961e-08 - 1.3635740319898321e-08 - 2.566195564642689e-08
