Number: 8653
Error: 4.118335360454239e-15
A1: [0.08043164009829591, -0.18046785533176318, -0.019588901506329966, 0.11962492715698742] - [0.03741553838653642, 0.13359634459929642, -0.13472622772238557, -0.03628586668145527] - [-0.0017028390293485818, 0.22819009649063476, -0.12282840263246399, -0.10365893023566437] - [0.03886317639487855, -0.11448107642372671, -0.046416499393024696, 0.12203416995481495]
A2: [0.03530732509729637, -0.02927359408718688, -0.07569746211016007, 0.06966328428254541] - [0.10289366454570237, 0.28289661440925823, -0.3926064795504137, 0.00681590581855132] - [-0.011187223861341238, 0.5390144660779536, -0.35945113273928286, -0.1683765950912862] - [0.09786270360861314, 0.017463220260503027, -0.16885110170937603, 0.053524777825498165]
B1: 1.2609261149021707e-08 - 2.2551120534329013e-08 - 1.9882702615163016e-08 - 1.4667620821881102e-08
B2: -5.084785864068514e-08 - -3.235593575747666e-08 - -2.414313275200617e-08 - -4.8356825736508596e-08
