Number: 8920
Error: 0.0010443243965487289
A1: [0.001608834310152931, -0.2537200760669379, -0.08249842220101855, 0.057997466379022866] - [-0.05217397444729494, 0.05405269061075328, -0.19822418029920733, -0.10031807809478155] - [-0.056311020003280976, 0.17536294755842666, -0.17029102818647784, -0.15187271446222791] - [-0.058911103434637326, -0.20516650580905882, -0.13197952554049963, 0.038108325316311475]
A2: [0.11095151533271862, 0.049993738010580116, -0.014806230408057848, 0.15706401381089785] - [0.15334614652273204, 0.33103273288748797, -0.3456169105816706, 0.066334726702104] - [0.06333067841326093, 0.6030713777753764, -0.2852703185792951, -0.07781187735830618] - [0.15858226206033363, 0.0697403449497272, -0.10622713803783626, 0.12998643506180818]
B1: -0.049464036170648554 - -0.048267762121140256 - -0.03960370781213137 - -0.03386987597596941
B2: -0.025837327614768348 - -0.02880632770206469 - -0.017335792531192024 - -0.0315424928097575
