Number: 625
Error: 4.6029093016082614e-14
A1: [-0.012154579112957432, -0.014518387501697747, 0.018085973309909967, 0.008581830737796989] - [0.06583520156189795, 0.18949522832690374, -0.1453226052675898, -0.11000859845317325] - [-0.09629287321503233, 0.42178628400064927, -0.053457115340231176, -0.2720355002588341] - [-0.001322144851589879, -0.018219864793841824, -0.003835796887292286, 0.02337599853331644]
A2: [0.16158688621285652, -0.16775461097555802, 0.008501495962703776, -0.0023329082451915405] - [0.03548559720028282, 0.20751659747771686, -0.11721055001269529, -0.125792153130359] - [-0.0862133199556652, 0.5815383418973532, -0.23538850796486913, -0.259935349029713] - [-0.003834896764314572, -0.004519220442510358, 0.0011103266952901083, 0.007243460250099639]
B1: 4.6324749970207184e-07 - 4.459744890647851e-07 - 4.2784751564525725e-07 - 1.762466166172084e-07
B2: -2.0614766311001827e-07 - -4.031122821235225e-08 - 9.349828267645552e-07 - 9.278665623270114e-08
