Number: 258
Error: 6.072758779193747e-08
A1: [-0.012138568123893028, -0.014503675621168631, 0.018102971615968685, 0.008598851475082417] - [0.06523559313642707, 0.18891832739900033, -0.14594243671042176, -0.11067588350977765] - [-0.09633555137217817, 0.42174501564340644, -0.053500318439493176, -0.272084246607941] - [-0.0025906320729502754, -0.019439307914321094, -0.005183946928659057, 0.021910776947809296]
A2: [0.16065427685922304, -0.16866865300338985, 0.007588818650908544, -0.0032415397921568526] - [0.0360181093313386, 0.2080407932288843, -0.11668006343514996, -0.1252711652459177] - [-0.0865246456619935, 0.5812332165173144, -0.23569431643613994, -0.26024052383844015] - [-0.00432301449590223, -0.00499893704738183, 0.0006268612525850672, 0.006776137285601076]
B1: 0.0003236381913811478 - 0.0003888254925174678 - -5.012019714174218e-05 - 0.00024391946298175433
B2: -0.0011153809394967651 - 0.00102743866589388 - 0.0005253135591290752 - 2.431471291081008e-06
