Number: 2146
Error: 0.0012881303242692362
A1: [-0.10607187496633072, -0.18938450236381194, -0.13690647784924354, -0.10601856719746977] - [0.07762917042697891, 0.2046524964199528, -0.14134836598708334, -0.08507977335599115] - [-0.248925431585054, 0.2732121578585846, -0.21114600347503054, -0.35443750497500487] - [-0.02919044243837334, -0.014096423473404097, -0.057331207157966586, -0.040166174456416]
A2: [0.23066718455050486, -0.0796680426494724, 0.20836430925379099, 0.1713168402537494] - [0.051454681930480604, 0.21852170466037021, -0.07495634307505619, -0.11447862739042503] - [-0.12538002940755585, 0.5345845167406094, -0.24992740803940997, -0.21874830254729227] - [0.12988015244585352, 0.19500974652020214, 0.16552127820911483, 0.17973295895076113]
B1: 0.030156440824215973 - 0.013835429349375043 - -0.03789660553494455 - 0.00751525173541223
B2: -0.05231381894436404 - 0.01476616054833109 - -0.010567806951915844 - -0.035413509531976944
