Number: 773
Error: 5.080816000565728e-13
A1: [-0.01215567832600878, -0.014519516503555223, 0.018084758347142616, 0.00858065610388067] - [0.06583642832971169, 0.18949640842582205, -0.14532133689654983, -0.11000723256975192] - [-0.09629728923869663, 0.4217820159823791, -0.053461907255429514, -0.2720406451355802] - [-0.0013195624695240288, -0.018217381270598243, -0.0038330480297092406, 0.023378983331848305]
A2: [0.16158692756543702, -0.1677545704048474, 0.008501536475505443, -0.002332867930130524] - [0.03548560039134892, 0.20751660061744842, -0.11721054683489733, -0.12579215000818705] - [-0.08621350074592289, 0.5815381648090973, -0.23538868388551878, -0.25993552532594505] - [-0.0038345428230078444, -0.004518872387928496, 0.0011106770052335636, 0.0072437988788938545]
B1: 9.681526342482788e-08 - -1.4804979660513787e-08 - 2.0390699474895615e-07 - 7.81321524954379e-08
B2: -6.707113783388557e-07 - 1.6301745047173506e-06 - -1.3355249728545424e-06 - 4.403009866057946e-07
