Number: 7811
Error: 1.2874548356702686e-15
A1: [0.08043165946910041, -0.18046783596318264, -0.019588882158666686, 0.11962494652556667] - [0.03741560961176456, 0.1335964157705493, -0.13472615663929008, -0.036285795495799515] - [-0.0017028584789942664, 0.22819007704140598, -0.12282842205362043, -0.10365894968012979] - [0.038863213551207754, -0.11448103937175125, -0.0464164622603852, 0.12203420708799632]
A2: [0.0353074042795231, -0.029273514685976405, -0.07569738682443472, 0.06966336715510577] - [0.10289381829210505, 0.28289676946046455, -0.39260633084878566, 0.006816066813309755] - [-0.0111870743149439, 0.5390146165163061, -0.3594509911899488, -0.16837643750948905] - [0.09786281436677823, 0.017463331522480866, -0.16885099627450276, 0.05352489408524905]
B1: 3.481288452682863e-08 - -1.0348308284768612e-08 - -1.813521142494566e-09 - 1.3073842524796345e-08
B2: 1.695868479989071e-08 - -3.616967458696309e-08 - 2.4739984714064795e-08 - 1.0391848381917945e-08
