Number: 740
Error: 1.1021849381012314e-14
A1: [-0.012153280425441542, -0.014517053613811719, 0.01808740875118102, 0.008583218537587561] - [0.06583503325989071, 0.1894950664273907, -0.14532277927696055, -0.11000878584024913] - [-0.09629443922297531, 0.4217847704766864, -0.05345881464849792, -0.27203732473351666] - [-0.0013204737566120455, -0.018218257672185722, -0.00383401806386274, 0.02337793003972123]
A2: [0.16158680488373245, -0.16775469077632368, 0.00850141626884242, -0.002332987530379254] - [0.03548585216269454, 0.2075168483430786, -0.11721029611813621, -0.12579190371097806] - [-0.08621345814810441, 0.581538206534205, -0.23538864243470323, -0.2599354837886905] - [-0.0038349347549064823, -0.0045192578041826845, 0.0011102890894678181, 0.007243423902417891]
B1: 6.511489057143223e-08 - 2.142861440874252e-08 - 1.4423830876828774e-07 - -4.0305202591594724e-08
B2: 3.287951719815333e-07 - 6.3718868576951e-08 - -1.8390397140524373e-07 - -5.2652225485389884e-08
