Number: 3475
Error: 1.986778171188249e-09
A1: [0.06618339343482314, -0.11398121599563579, -0.024013730632308782, 0.07169312577124545] - [0.037342668128501275, 0.18813609240171958, -0.14746784872927826, -0.07824594762588141] - [-0.059986952349043506, 0.32918361242925515, -0.12751585194087903, -0.14073240508903004] - [0.03928119701706335, -0.05309959295809533, -0.037191136292898386, 0.05192068125398509]
A2: [-0.009227648101961071, -0.3469294926895859, 0.24933503370930998, 0.10633186531780961] - [0.08009692792275869, 0.03634376669046087, -0.05018769607543721, -0.0660089993320648] - [-0.042693429226706575, 0.23056629099098058, -0.04078917672243573, -0.14811401764285437] - [0.06808021056065863, -0.29352793088322804, 0.14171210658272532, 0.08350069614598338]
B1: 4.460394984652617e-05 - 1.6046355605979523e-05 - 8.41656652495419e-05 - 1.3564705047834015e-05
B2: -6.275877802776772e-05 - 9.578524705423508e-05 - 4.750206766185971e-05 - -2.9029689911836173e-05
