Number: 9231
Error: 3.833290372076126e-08
A1: [0.053627044973345084, -0.1475483202210677, -0.026546195731177342, 0.12228259719048488] - [0.0068532466121491945, 0.13237841650152576, -0.11206043614470244, -0.021006900837871965] - [-0.013187830325300753, 0.22434871185669275, -0.12578533550924373, -0.08034805265385897] - [0.027469877723128193, -0.09969871959495293, -0.049102095799591176, 0.12262271440287607]
A2: [0.08921196881651036, -0.07295285766226592, -0.12366709994339103, 0.10724329955206048] - [0.10884105547128643, 0.24981253371493897, -0.4048465227630923, 0.0461891366803293] - [0.03614353499206889, 0.46206458661222494, -0.37819784501906106, -0.1219701841117334] - [0.14335457540763644, -0.04467640594235673, -0.20156814164771703, 0.10260671029555447]
B1: 0.00023442748913579558 - 0.00029970915678829345 - 0.0002924659559853779 - 0.00019913419740536574
B2: 0.000237354816085701 - 9.399836282751275e-05 - 0.0001411991986550707 - 0.00021586310622408997
