Number: 8236
Error: 1.4064567394621686e-15
A1: [0.08043161651375791, -0.18046787891368737, -0.019588925062710413, 0.11962490357508733] - [0.03741563165929585, 0.1335964378014522, -0.13472613463555447, -0.03628577346039519] - [-0.0017027998248058077, 0.22819013569433702, -0.12282836348532344, -0.1036588910416039] - [0.03886316307148734, -0.11448108970981644, -0.04641651270796495, 0.12203415663963138]
A2: [0.03530740308953607, -0.02927351587921384, -0.07569738795587104, 0.06966336590967781] - [0.10289370893602964, 0.2828966591762801, -0.3926064366166185, 0.006815952301617966] - [-0.011187055171780673, 0.5390146357735985, -0.35945097307048474, -0.16837641733773157] - [0.09786277914778313, 0.017463296143252486, -0.1688510298007653, 0.05352485711681924]
B1: -4.107479010056455e-08 - 1.1192328162424585e-08 - 2.8423758453684253e-09 - 9.780300577032082e-09
B2: -4.3322900846247554e-08 - 3.2209628381443774e-08 - 2.6298095937497077e-08 - -3.979277356259256e-08
