Number: 3304
Error: 1.0042410188853995e-05
A1: [0.07843065648770223, -0.10226357836553801, -0.012095739369710602, 0.08365837341206711] - [0.04218014826146749, 0.19229552442117925, -0.1426321285588687, -0.07336748082020063] - [-0.06246428653894207, 0.3272486765831133, -0.1296804480246865, -0.14295841525064015] - [0.04043684648852729, -0.0520109999945558, -0.03630069189290295, 0.05287241990467256]
A2: [-0.029389602865343343, -0.36860948790311376, 0.22939238191219632, 0.08525117661128974] - [0.09732670562205258, 0.055030196655693905, -0.03149319307932966, -0.0471534757350153] - [-0.06966156368966891, 0.1997741818919511, -0.0701909782405409, -0.17839986555592965] - [0.0432310109012827, -0.32174891434127906, 0.11441137785935013, 0.05526710144040321]
B1: -0.003876733363756675 - 0.0019734474662138363 - -0.0008437715988565768 - 0.0010326946397011929
B2: 0.008543154433306393 - -0.005344274998012207 - -0.001681181720175061 - -0.0005294427371258972
