Number: 8800
Error: 2.6964921697437558e-05
A1: [0.08091873854711334, -0.1799801183802688, -0.01910290906669196, 0.12011235050757683] - [0.036859998163411616, 0.1330410654841698, -0.1352804429022817, -0.036841076728262756] - [0.001925318468791665, 0.2318200859011591, -0.11920787270431239, -0.10003072913959303] - [0.03921752886602973, -0.11412709816607577, -0.046062937095743155, 0.12238865680118369]
A2: [0.03411491646902111, -0.030471843786135534, -0.07682958217668669, 0.06841495647722182] - [0.10126212679219664, 0.2812496460012236, -0.39418382837743965, 0.005107171073975007] - [-0.009879086734532933, 0.540327405296162, -0.35820952543004275, -0.16699839766961294] - [0.09639704880882424, 0.01598871638782763, -0.17024518467450622, 0.051985992421078236]
B1: -0.0029625417841395436 - -0.0025554051161938186 - -0.0036785061359739905 - -0.002856679979972649
B2: 0.002581759555414744 - 0.0034541643291463 - -0.00015162891408963906 - 0.002710642638830568
