Number: 251
Error: 3.536102588245175e-07
A1: [-0.009664551792592754, -0.011964327496438793, 0.02083617688091978, 0.011241838800779716] - [0.06625145323450025, 0.18989524296153, -0.1448921530415653, -0.10954454082538659] - [-0.09360139272066073, 0.4243864722463592, -0.05053205896954427, -0.26889829885445177] - [-3.370122428756348e-05, -0.016981910916416352, -0.002461326221060285, 0.024866281530748345]
A2: [0.16137052652591238, -0.167964852215148, 0.008292180776383837, -0.0025433636234790053] - [0.0364872379528364, 0.2085026610103041, -0.11621254112590837, -0.12481217751897872] - [-0.08668190716940628, 0.5810783793190458, -0.2358505863090121, -0.2603963661112104] - [-0.004307527676417541, -0.004983683871582771, 0.0006410690706089589, 0.006789770221158028]
B1: -0.00010386226868040472 - -0.00011015700757623044 - -9.363199617974628e-06 - 0.0002460001075875692
B2: -0.0006344226859361175 - 0.0023915552551979527 - 0.000479307865636825 - 5.350504392151169e-05
