Number: 6685
Error: 1.0389662654267736e-15
A1: [0.08043167416443196, -0.1804678212695096, -0.019588867480911924, 0.11962496121921662] - [0.03741556983497906, 0.1335963760238764, -0.1347261963368362, -0.03628583525055529] - [-0.0017028373478096478, 0.2281900981721412, -0.1228284009533796, -0.1036589285545904] - [0.03886321456919769, -0.11448103835660817, -0.04641646124304726, 0.12203420810535337]
A2: [0.035307420989839855, -0.02927349792946315, -0.07569737093643784, 0.06966338464422477] - [0.10289375496487228, 0.282896705595755, -0.39260639209811393, 0.006816000500501027] - [-0.011187166342793804, 0.5390145239395611, -0.3594510782963431, -0.16837653448241433] - [0.09786277078951933, 0.01746328774699802, -0.1688510377572439, 0.05352484834332242]
B1: -2.1490263344889784e-09 - 1.4445005546675803e-08 - -1.8870847823414845e-08 - -8.30652849720484e-09
B2: -8.482524786928439e-10 - 7.701329535438629e-10 - 4.946420391772374e-09 - -5.47325889514575e-09
