Number: 8971
Error: 0.00040331013646767254
A1: [-0.030566750273589162, -0.27495901065699796, -0.1115762302045992, 0.03070014572624862] - [-0.024913768493270576, 0.09189356629857466, -0.15205098922537516, -0.0566733138592102] - [0.07657010198663504, 0.30133037303831867, -0.025112843031721902, -0.0018217617181188663] - [-0.03432572348889031, -0.1739644043298887, -0.10994307627253218, 0.059411661443987976]
A2: [0.07902970964606548, 0.00839585177014742, -0.0639703313410047, 0.15767004449879865] - [0.19716391877036415, 0.36120034399265005, -0.3227613842658558, 0.14058333724723446] - [0.08422685215061088, 0.5961483692440669, -0.28217434272972763, -0.02571143565356285] - [0.21245086742087543, 0.10252625859574692, -0.07363049566846591, 0.21892848770660767]
B1: 0.029529482362297643 - 0.001620228131517144 - 0.03198150118377632 - 0.028003237218163123
B2: -0.00034920138400844347 - 0.03929415012075481 - 0.0257675847214831 - 0.033953289999634095
