Number: 2345
Error: 3.960620669865796e-05
A1: [0.06702994533978579, -0.04612976653649023, -0.0226404345351737, 0.010363413080842942] - [0.04596100870531529, 0.19335704817302557, -0.14067590781367034, -0.08975589507486838] - [-0.1218598501169041, 0.4172756258221489, -0.10239228924981775, -0.18501957941745206] - [0.03667300996672308, 0.019420373089121777, -0.032497396938615634, -0.023334162886043553]
A2: [0.11159849186941509, -0.12476591669541616, 0.13518555118570655, 0.07145932542550593] - [0.0313355211896653, 0.20226436206954382, -0.09973958210776841, -0.12593479267845997] - [-0.12769346417586044, 0.48008335779542827, -0.25982800166990416, -0.22798592811834426] - [-0.00936678132443133, 0.03527590080678534, -0.03292875758499808, 0.07375106022812118]
B1: -0.00482403249451299 - 0.0011163692971212173 - 0.003940671529232073 - -0.018281193902692304
B2: -0.005211451280958186 - -0.007359796341286884 - -0.0055453282855881594 - -0.006543805392740942
