Number: 2180
Error: 0.0003194821389547602
A1: [-0.0017673348187162048, -0.09351286865482528, -0.056391036155350224, -0.010337084024714786] - [0.052231619979987556, 0.18245797852521578, -0.1599756893670149, -0.10771356113974836] - [-0.09310152801133907, 0.4393366520205003, -0.07463455975880462, -0.18754028046605611] - [-0.002770432455428861, 0.021395836745944644, -0.016361282578247975, -0.024539902911215286]
A2: [0.27052449393959516, -0.027778355266711997, 0.28017332545819656, 0.2351066261342863] - [0.03231908972591744, 0.19920985938935215, -0.10113602522298551, -0.1295078810532273] - [-0.11519197261556104, 0.5187353967696144, -0.23339948935694893, -0.21736283910434684] - [0.04879330914006521, 0.13778280283476838, 0.07559131433053595, 0.1520649821937541]
B1: 0.0289537776369258 - 0.0015181987502710086 - -0.03264741475785314 - -0.04650651541694545
B2: -0.00486599243702002 - 0.005337225433438769 - -0.011379659757674146 - 0.029311511165374213
