Number: 7266
Error: 8.780816007293482e-16
A1: [0.08043168393061424, -0.18046781150443245, -0.019588857726403817, 0.1196249709842842] - [0.037415587286563495, 0.13359639346225494, -0.13472617892001795, -0.03628581780863589] - [-0.0017028231058086353, 0.2281901124138414, -0.12282838673222572, -0.1036589143163865] - [0.038863229574168774, -0.11448102339374869, -0.046416446247638986, 0.12203422310099712]
A2: [0.03530750891129589, -0.029273409764829377, -0.07569728734182209, 0.06966347666353735] - [0.10289371541348269, 0.28289666570869465, -0.39260643035169995, 0.006815959084430596] - [-0.011187126098611555, 0.5390145644237742, -0.3594510402043719, -0.16837649207569824] - [0.09786282281531876, 0.017463340009443523, -0.16885098823205363, 0.05352490295347403]
B1: 8.167251428535275e-09 - -2.1357546861794537e-08 - -2.3334342909787688e-08 - -2.2050206675801164e-09
B2: -1.19312343177961e-08 - -1.1811371892078288e-08 - -1.1888472659054075e-08 - -1.2696556682013415e-08
