Number: 7112
Error: 9.638303560356569e-16
A1: [0.08043169655474783, -0.18046779888172856, -0.01958884511736573, 0.11962498360697592] - [0.03741560221002418, 0.1335964083744193, -0.13472616402629572, -0.03628580289344316] - [-0.001702799662934729, 0.22819013585621006, -0.12282836332368437, -0.1036588908797744] - [0.03886324022185254, -0.11448101277594375, -0.046416435606737444, 0.12203423374206514]
A2: [0.035307310501380716, -0.0292736087235155, -0.07569747598748318, 0.069663269006097] - [0.10289380476787442, 0.2828967558214424, -0.3926063439292917, 0.0068160526515167776] - [-0.01118706168945518, 0.5390146292171023, -0.35945097923968816, -0.16837642420554133] - [0.0978627497193217, 0.01746326658096045, -0.168851057814725, 0.053524826226492205]
B1: -3.710406870752297e-08 - 1.90641971747359e-08 - 2.3213342603743466e-08 - -8.641439675401529e-09
B2: -1.646174072863864e-09 - -1.185492326364987e-09 - 1.025566901224575e-08 - -2.7614034968785433e-09
