Number: 1924
Error: 4.44220540139476e-06
A1: [-0.006633760212558227, -0.014395537017762297, 0.0035731094726525765, 0.01998181263090757] - [0.06786912941004161, 0.19089649411844672, -0.1456463162312815, -0.10872284211823637] - [-0.11734078778906597, 0.4369918563455346, -0.07591403605897974, -0.26332967790702205] - [-0.029237893667235608, 0.009495353076940136, -0.036111185193621824, 0.03266671183281483]
A2: [0.12677396628770363, -0.22937800419578264, 0.01781961675617936, 0.06537657530025918] - [0.02952470813463381, 0.20070247017234513, -0.11798334387577444, -0.12449011258442189] - [-0.09825876745160472, 0.5519633660191493, -0.23876707676648548, -0.22913620263264464] - [-0.016768232695917252, -0.015323026628462653, 0.012053355629078612, 0.03600312443907077]
B1: 0.002909484340996194 - 0.0015857639715164897 - 0.0019858985625942015 - -0.0003398573280333826
B2: 0.000351497992569372 - 0.003250065351297529 - -0.0016883764901042696 - -0.0017493644545013183
