Number: 7098
Error: 7.552786335883669e-16
A1: [0.08043169551408644, -0.1804677999222722, -0.019588846156782816, 0.11962498256643338] - [0.037415598552500866, 0.1335964047196639, -0.1347261676765314, -0.03628580654894046] - [-0.0017028043619760351, 0.22819013115726922, -0.12282836801584512, -0.10365889557756142] - [0.038863240249894196, -0.1144810127479808, -0.04641643557871365, 0.12203423377008937]
A2: [0.03530743581532522, -0.029273483062971395, -0.07569735684055733, 0.0696634001607062] - [0.10289370543014408, 0.28289665564062555, -0.39260644000745687, 0.006815948630412277] - [-0.011187081535819559, 0.5390146092523633, -0.35945099802470776, -0.1683764451183443] - [0.09786282052755237, 0.01746333771127194, -0.16885099040985915, 0.0535249005520687]
B1: -3.847471715956935e-09 - 1.5735890777227527e-08 - 1.2733547875964317e-09 - -2.6155927236313425e-09
B2: 2.521920031723287e-09 - 2.666722511990183e-09 - 9.517879490633396e-09 - 2.097157891146115e-09
