Number: 2599
Error: 7.796435658809679e-08
A1: [0.06265144121973994, -0.04864742610943943, -0.024217149562761116, 0.007080526844853952] - [0.043699162552273754, 0.19130686605308406, -0.14252592422003377, -0.0924713038550019] - [-0.12367450547280538, 0.4146417488331477, -0.10507974365706196, -0.18729220794805373] - [0.0364111957203212, 0.018581248164400172, -0.03371948442947568, -0.023635815191212852]
A2: [0.0630313575079692, -0.1740987197131858, 0.08592061734608158, 0.023554094743027644] - [0.029118802701612212, 0.20012976356021042, -0.10188087794809729, -0.12804090838031723] - [-0.09398781742465918, 0.5131138250665762, -0.22618754744285666, -0.19565856981910815] - [-0.026316116812335515, 0.01813651481249617, -0.05068241882106468, 0.0565959722337187]
B1: -0.00016707298360968254 - -0.00013765033857002094 - -0.00016891555662031584 - -9.014369227880779e-05
B2: 1.4745775604211737e-05 - 0.00027084544584593073 - 6.879208074230409e-05 - 9.589707463773887e-05
