Number: 7983
Error: 7.434641683311098e-16
A1: [0.0804316941604005, -0.18046780127581646, -0.019588847508857143, 0.11962498121289979] - [0.03741555507557737, 0.13359636127565133, -0.1347262110667709, -0.036285850001758754] - [-0.001702835699979679, 0.2281900998199327, -0.12282839930795847, -0.10365892690719475] - [0.03886323793511205, -0.11448101505627875, -0.046416437892020435, 0.12203423145674462]
A2: [0.0353074602399757, -0.02927345857075399, -0.0756973336178682, 0.06966342572370035] - [0.10289369097046956, 0.28289664105824536, -0.39260645399268057, 0.006815933489061103] - [-0.011187143617693929, 0.5390145468001825, -0.3594510567866125, -0.16837651053611036] - [0.09786278200574154, 0.017463299014232554, -0.1688510270801554, 0.053524860116734026]
B1: 1.3360189639069392e-08 - -5.8353424633554354e-09 - -9.164012986399883e-09 - 3.470926728876785e-09
B2: -2.297565754353279e-08 - 2.902605596315229e-08 - -4.139607679521812e-09 - -1.828002720170961e-08
