Number: 8970
Error: 0.0014835293114760497
A1: [-0.020815397284797112, -0.2667557238075129, -0.1021991858388835, 0.04011737721118153] - [-0.008506158442960723, 0.1066708955901361, -0.13622655291695074, -0.040804615126575405] - [0.08146074273665252, 0.3057937862546657, -0.021256741221523906, 0.0019232087877984576] - [-0.02147139950838991, -0.16275997174477821, -0.09753038864062602, 0.07182416708737263]
A2: [0.11264116905059451, 0.04358904688307798, -0.029286201721100382, 0.19205292031612312] - [0.2313482241452283, 0.3968279544044173, -0.28852290002764164, 0.1757468794851638] - [0.12003972622095087, 0.6337358377507485, -0.24428560489988171, 0.011010979912541633] - [0.2457971060861776, 0.13753476608440227, -0.03810996864427965, 0.25311636691335326]
B1: 0.009252027058621045 - -0.011138907610131293 - 0.012376031900122996 - 0.010853945199409243
B2: 0.018796942983751685 - 0.05913297363044739 - 0.048494951505765944 - 0.05340848407758332
