Number: 4734
Error: 1.264617614299507e-15
A1: [0.06621322092723073, -0.11395204134093641, -0.023983911065476298, 0.07172290732920036] - [0.03740263622475979, 0.18819339245842256, -0.14740892309031936, -0.0781869864868947] - [-0.06022931724847306, 0.32895085206419167, -0.12775305676773824, -0.14096826957785794] - [0.03904625049143524, -0.053322599357251955, -0.03741850201101405, 0.05169520808204773]
A2: [-0.009108737658983733, -0.3468033571901233, 0.24945492714410386, 0.10645651017529446] - [0.08003994651153203, 0.036282387049728686, -0.05024998029278017, -0.06607182640743023] - [-0.04245284706963006, 0.23083186061412916, -0.0405312751346082, -0.14784786951017798] - [0.06813466774956824, -0.2934679744619816, 0.1417711203008457, 0.08356173596994522]
B1: 2.920852803542775e-08 - 3.409369059459148e-08 - -1.2390280934590896e-08 - -3.225167325225584e-08
B2: 2.888229297325506e-09 - 4.559128266687322e-09 - -2.3642650324146346e-09 - -9.763134835774578e-10
