Number: 5496
Error: 2.7809936868493787e-14
A1: [0.0662132869640347, -0.11395197677787156, -0.023983845078964054, 0.07172297325740243] - [0.03740310463107939, 0.18819383998954842, -0.14740846260951987, -0.0781865259650039] - [-0.060228832600220474, 0.3289513175411184, -0.1277525825175173, -0.1409677978775948] - [0.039046142139394176, -0.053322702207627595, -0.0374186068544573, 0.05169510409033855]
A2: [-0.00910959125654894, -0.34680426272038173, 0.24945406663930733, 0.10645561522061889] - [0.08004064788079195, 0.03628314262541721, -0.0502492137376123, -0.06607105334086805] - [-0.042454527410250534, 0.230830006092748, -0.040533075847072365, -0.14784972788779452] - [0.06813334705105306, -0.2934694286031618, 0.14176968854292904, 0.08356025523907343]
B1: 2.236328716454352e-07 - -7.281657550623263e-08 - -3.21034222763065e-07 - -1.9675763065632054e-07
B2: -5.282122944683954e-08 - -7.958102045380556e-07 - 9.225589729708387e-07 - -4.21353794326357e-07
