Number: 5032
Error: 9.364505812096322e-16
A1: [0.06621318993304794, -0.11395207164247093, -0.023983942035304854, 0.07172287638707023] - [0.03740265736036817, 0.1881934126520874, -0.1474089023123775, -0.07818696570711535] - [-0.06022940928687447, 0.32895076366630854, -0.12775314683110076, -0.14096835915683364] - [0.03904620740769485, -0.05332264025065592, -0.03741854369301565, 0.05169516673848587]
A2: [-0.009108671210798553, -0.34680328669895927, 0.24945499412998248, 0.10645657984271305] - [0.08003981015787448, 0.03628224015788215, -0.05025012931942339, -0.06607197669949388] - [-0.042452829242481144, 0.23083188028927631, -0.0405312560303187, -0.14784784979405705] - [0.068134760410894, -0.29346787243795225, 0.14177122075456805, 0.08356183986023978]
B1: -2.978072246219934e-08 - -4.311646788838386e-10 - 3.4776915391789935e-09 - -1.3980692758684463e-09
B2: -1.4607520385925228e-08 - -5.329310445971838e-08 - 7.521837029550633e-08 - -6.517816241946225e-08
