Number: 4938
Error: 1.2338527648705892e-15
A1: [0.06621322015235633, -0.113952042098463, -0.02398391183971675, 0.07172290655565809] - [0.037402653859051324, 0.18819340930681053, -0.14740890575444598, -0.07818696914948692] - [-0.06022937342064467, 0.32895079811390066, -0.12775311173449433, -0.1409683242489927] - [0.039046144670793995, -0.053322699798234466, -0.03741860438892584, 0.0516951065354008]
A2: [-0.009108557754928675, -0.34680316634028097, 0.2494551085037859, 0.10645669879477983] - [0.0800398074046673, 0.03628223719188754, -0.05025013232852513, -0.06607197973414301] - [-0.04245277502114939, 0.2308319401311594, -0.04053119792468535, -0.14784778982746336] - [0.06813480374381958, -0.2934678247266313, 0.14177126773154788, 0.08356188844430876]
B1: 2.430896701877518e-08 - -3.062169834540727e-08 - 1.3833630762380373e-08 - 1.797733826523924e-08
B2: 2.1487960256840342e-08 - 5.096373679102618e-08 - -1.9931661437483382e-08 - -3.170857234593084e-08
