Number: 8104
Error: 1.0524999218240557e-15
A1: [0.0804316468629158, -0.18046784856794623, -0.01958889474980219, 0.11962493392081175] - [0.03741563437101517, 0.13359644051108052, -0.13472613192930882, -0.03628577075023451] - [-0.0017028305518999578, 0.22819010496790187, -0.12282839416742006, -0.10365892176049037] - [0.038863211586844124, -0.11448104133060052, -0.04641646422350463, 0.12203420512485236]
A2: [0.03530733294649242, -0.02927358621631231, -0.07569745464710076, 0.06966329249747828] - [0.10289374051272966, 0.28289669102096654, -0.39260640607601827, 0.006815985366993122] - [-0.011187065525422226, 0.5390146253582316, -0.35945098287045524, -0.16837642824769145] - [0.0978628804490126, 0.017463397905262745, -0.16885093336839152, 0.053524963449954555]
B1: 2.718684117282486e-09 - 4.855334177450537e-09 - 1.7504484812170624e-08 - -1.5240472982779143e-08
B2: -2.0296370926623598e-08 - 3.7296276670316656e-08 - -8.46228943218903e-09 - 4.563956185654512e-10
