Number: 5353
Error: 2.8808944195011857e-15
A1: [0.06621312771671962, -0.11395213246847986, -0.023984004202805175, 0.07172281427514607] - [0.03740252368088271, 0.18819328493045306, -0.1474090337294991, -0.07818709713586643] - [-0.06022957988321165, 0.3289505998173538, -0.12775331376691232, -0.1409685251947463] - [0.03904603177161797, -0.05332280695789033, -0.037418713615108415, 0.05169499819604156]
A2: [-0.009108135014103435, -0.346802717879671, 0.24945553466454054, 0.1064571420143222] - [0.08003972142321983, 0.036282144565395434, -0.050250226301112096, -0.06607207450469937] - [-0.042452712328393684, 0.23083200932235878, -0.040531130740978645, -0.14784772049199418] - [0.06813487736629636, -0.293467743665524, 0.14177134754491308, 0.0835619709882631]
B1: 1.2520115153869467e-08 - 9.130406976765284e-08 - -6.525054293702632e-08 - -7.727852152656179e-08
B2: 1.510988229588164e-08 - 2.6738160585192606e-08 - 1.061125218575127e-07 - -7.258513903904225e-08
