Number: 2207
Error: 7.585788636781137e-05
A1: [0.054192989618466365, -0.03933885247516262, -0.004684269125197375, 0.036922947758008945] - [0.047177724781785606, 0.1802785168973249, -0.16142277502171629, -0.11175687446182074] - [-0.12044798671740922, 0.4208345950844825, -0.10039794025234211, -0.19205203633245108] - [0.031363745577626286, 0.03714324009263965, -0.0037038750409266775, -0.002557698206866228]
A2: [-0.03926129081691333, -0.3299242806908992, -0.04857808919406198, -0.08780639023631008] - [0.07062570400644702, 0.2364672233087202, -0.06441714356224579, -0.09167525959887649] - [-0.0903329720903743, 0.5393719023807519, -0.19471717674183192, -0.19057562354596058] - [-0.07552727126844958, 0.010557171106083223, -0.04799955419765515, 0.03226411537032016]
B1: -0.02021901616675124 - -0.02719004425945718 - 0.0251819075878194 - 0.03283670813869874
B2: -0.0021004188030299764 - -0.0019889112136289733 - 0.001228762062572086 - -0.0037805250878634542
