Number: 1019
Error: 0.0003677894106381671
A1: [-0.07871740032454538, -0.0858118680650974, -0.06459440945065337, -0.060368029182175424] - [0.07524826827683417, 0.1980432916904848, -0.13697168717585126, -0.10005422872248881] - [-0.10170045106079625, 0.4145542676701029, -0.07683084128622333, -0.2789278593727771] - [0.10745449983227484, 0.09243036086585982, 0.09324115066883595, 0.1461569872327245]
A2: [0.09128186328764928, -0.2561249295687015, -0.05832682765148302, -0.056150617107472545] - [0.059784475175577896, 0.22894007347723175, -0.09203319415264294, -0.09860866217504974] - [-0.1474859827883843, 0.5152339572419675, -0.28759042354700226, -0.3125504945596379] - [-0.04801907713804045, -0.05096951553938683, -0.037341189389516985, -0.02795863562574251]
B1: 0.031827274108512035 - -0.03577251474991014 - 0.016258587752116575 - 0.012776817027931278
B2: 0.015062140821155472 - 0.008447888770467295 - -0.011049828124040501 - -0.012715557173852409
