Number: 183
Error: 8.281491685459836e-06
A1: [0.011767034174983893, 0.009926663994686677, 0.044362072594406096, 0.03404645510933813] - [0.06668845555583891, 0.1903230130034566, -0.14443181987527345, -0.10904644331717257] - [-0.07915489534745088, 0.43843713200594325, -0.03487322580224425, -0.2520346315421361] - [-0.006659544820090986, -0.023523212595737322, -0.009440414985806536, 0.017094481704236355]
A2: [0.16818926124230604, -0.16134008106910874, 0.015076237013249186, 0.003838184283654872] - [0.04892165518541463, 0.22072009814116628, -0.10383174195813147, -0.11268214507503607] - [-0.06702577204938553, 0.6001619691072192, -0.21671533397596845, -0.24152247285127015] - [0.009439042694862003, 0.008496010299013177, 0.014298619354887066, 0.019840989370426734]
B1: 0.0035957799089719983 - -0.005957916568660822 - -0.0012208948447624737 - -0.00041140301812399435
B2: -0.011049161264247489 - 0.001988996475813024 - 0.009233638070927086 - -0.002840197540064752
