Number: 6472
Error: 8.472963588891242e-16
A1: [0.08043169139946094, -0.18046780403643242, -0.019588850266491053, 0.11962497845227714] - [0.0374155950642295, 0.1335964012340308, -0.13472617115785504, -0.036285810035279906] - [-0.001702815612424127, 0.22819011990706553, -0.12282837924981922, -0.10365890682500638] - [0.038863234751572176, -0.11448101823087488, -0.04641644107353252, 0.12203422827518473]
A2: [0.03530745055325232, -0.02927346828428217, -0.07569734282793096, 0.06966341558555107] - [0.10289374424021823, 0.28289669478007884, -0.39260640247085765, 0.0068159892702190205] - [-0.011187092549236229, 0.5390145981732695, -0.35945100844916045, -0.16837645672353904] - [0.09786281004822134, 0.017463327184275703, -0.1688510003855113, 0.053524889552190924]
B1: -9.96849811368853e-10 - 1.5126853088651223e-09 - -1.822811503115764e-09 - 7.56679274794445e-10
B2: 2.3571494723639974e-10 - -1.8129498654774066e-09 - 2.401288344878195e-09 - -2.3474800521475985e-09
