Number: 7361
Error: 9.630993266981694e-16
A1: [0.08043163523868137, -0.1804678601908533, -0.019588906360118164, 0.11962492229791209] - [0.03741557132839741, 0.13359637751616574, -0.13472619484638793, -0.03628583375796204] - [-0.0017028905187339044, 0.2281900450023503, -0.12282845404645158, -0.10365898171132149] - [0.03886321143220861, -0.1144810414847986, -0.04641646437804174, 0.12203420497031167]
A2: [0.03530740149672574, -0.0292735174764893, -0.07569738947027226, 0.06966336424258666] - [0.10289370946193667, 0.28289665970663785, -0.392606436107959, 0.0068159528522961045] - [-0.011187075081476393, 0.5390146157452015, -0.3594509919155194, -0.1683764383171863] - [0.09786275871581414, 0.01746327561837524, -0.16885104925066102, 0.05352483566989295]
B1: -3.4038816392773326e-08 - -1.870532844232759e-08 - -4.638113944347824e-09 - -3.878805681589874e-09
B2: -2.0486632486676764e-08 - 2.695164013099921e-09 - -3.89316373395353e-08 - -1.6293174932589403e-10
