Number: 8587
Error: 6.001536979577508e-16
A1: [0.08043174090005399, -0.18046775454141809, -0.01958880082509801, 0.11962502794723247] - [0.03741561427129389, 0.13359642042662767, -0.13472615198882965, -0.03628579083873084] - [-0.001702747506807503, 0.22819018801122054, -0.12282831124392418, -0.10365883873755469] - [0.038863295957208055, -0.1144809571969233, -0.04641637990688089, 0.12203428944283637]
A2: [0.03530752577392825, -0.0292733928555436, -0.07569727130882363, 0.06966349431183118] - [0.10289367399788787, 0.28289662394166043, -0.39260647040836727, 0.0068159157163435145] - [-0.0111871092815313, 0.5390145813411514, -0.35945102428668047, -0.1683764743549026] - [0.09786281618391338, 0.017463333347840955, -0.1688509945446898, 0.053524895992593566]
B1: 3.871476036981498e-09 - -3.765222395391094e-08 - -1.7096598052865816e-08 - -2.9412090714208048e-08
B2: -1.741714664019064e-08 - -5.502172446079853e-08 - 9.23630530282341e-09 - -1.6240221641849466e-08
