Number: 664
Error: 4.0852551986147595e-14
A1: [-0.012151924937562104, -0.014515661389405164, 0.01808890697536189, 0.008584667033237653] - [0.06583514041483049, 0.18949516950598244, -0.1453226684883308, -0.11000866653420958] - [-0.09629454077488234, 0.4217846723303006, -0.053458924843098506, -0.2720374430481738] - [-0.001322686188124302, -0.018220385405694473, -0.003836373123113233, 0.0233753728396719]
A2: [0.1615863257080317, -0.16775516092601342, 0.008500946756306462, -0.0023334546603555224] - [0.03548572989519005, 0.2075167280402594, -0.11721041787362622, -0.12579202332035697] - [-0.08621384910840134, 0.5815378235919844, -0.2353890228517319, -0.25993586503451876] - [-0.003835120052599834, -0.004519440019622237, 0.0011101056919042584, 0.00724324662292937]
B1: 4.196729487000058e-08 - 3.175378683520272e-07 - 2.8258288095355846e-08 - 7.503003350067009e-08
B2: -1.9396347514160475e-07 - 4.790005779356407e-07 - -1.546139314583013e-07 - 5.211180334105626e-07
