Number: 7110
Error: 1.3756314207908788e-15
A1: [0.08043169684577861, -0.18046779859073078, -0.01958884482668296, 0.11962498389797345] - [0.037415602465947766, 0.1335964086301491, -0.13472616377088215, -0.036285802637661374] - [-0.0017028016092731288, 0.22819013390991327, -0.12282836526717289, -0.10365889282559329] - [0.03886324072641778, -0.11448101227279453, -0.04641643510249375, 0.12203423424631676]
A2: [0.03530729777535154, -0.029273621484742916, -0.07569748808723194, 0.06966325568692991] - [0.10289379618683452, 0.28289674716757457, -0.3926063522287624, 0.0068160436659153905] - [-0.011187046622341726, 0.5390146443740842, -0.35945096497833445, -0.16837640832880113] - [0.09786275378238919, 0.01746327066250936, -0.16885105394694694, 0.05352483049138951]
B1: -4.2351793610533644e-08 - 2.922550261571667e-08 - 2.5723330985814697e-08 - -1.1331743014796449e-08
B2: -4.2106838426202095e-09 - -3.8065414194521315e-09 - 6.338436225877213e-09 - -4.802916370364729e-09
