Number: 5639
Error: 4.97166580951627e-06
A1: [0.06700908661827815, -0.11317756132970706, -0.023190173291857498, 0.07251254880454754] - [0.036443584315512235, 0.18727198147290505, -0.14835366718058596, -0.07913316347603712] - [-0.0597225772923987, 0.3294304630882893, -0.12725912376299167, -0.1404831202565855] - [0.037970159712576876, -0.05435076968921073, -0.03845986073930678, 0.050661587410515636]
A2: [-0.01597527261340254, -0.35407560824277984, 0.24251184968298065, 0.09926338691707155] - [0.07787442037349146, 0.033952928476190435, -0.05262369847431781, -0.06845954114201105] - [-0.047720736737912633, 0.2250261620951495, -0.04619473389742187, -0.15367422827271815] - [0.059488424176209226, -0.30297843745424075, 0.13237936026974903, 0.07387040425148308]
B1: 0.0019571278946906375 - 0.0005899341828169986 - 0.0015569836993909617 - 0.002748004070015567
B2: -1.4814926563469109e-05 - 5.120483968705275e-05 - -0.0003109210506617333 - 0.0004697270931990115
