Number: 4457
Error: 9.122035364743744e-16
A1: [0.06621318859674762, -0.11395207294895222, -0.02398394337057951, 0.07172287505300512] - [0.037402622801588965, 0.18819337963348065, -0.1474089362863212, -0.0781869996840598] - [-0.060229428005892906, 0.32895074568772376, -0.12775316514845972, -0.14096837737580645] - [0.0390461708514199, -0.053322674948590394, -0.03741857906010367, 0.05169513165863059]
A2: [-0.00910861315859953, -0.3468032251148575, 0.2494550526518962, 0.10645664070706881] - [0.08003979939841704, 0.0362822285668291, -0.05025014107900154, -0.06607198855886137] - [-0.042452818819131495, 0.2308318917930657, -0.04053124486040374, -0.14784783826622191] - [0.0681347317760505, -0.2934679039661738, 0.14177118971180463, 0.08356180775528584]
B1: 3.1190434480947163e-09 - -1.2870883218576734e-08 - 5.616586181073577e-09 - -8.998903592547436e-09
B2: -4.148167668138223e-09 - 6.758306565558944e-09 - 5.1720447080492285e-09 - -2.7849419321086288e-09
