Number: 8071
Error: 1.273990547809111e-15
A1: [0.08043170803423715, -0.18046778740354602, -0.01958883365161176, 0.11962499508515241] - [0.03741558524184471, 0.13359639141908106, -0.13472618096060526, -0.03628581985220118] - [-0.0017028086485303922, 0.22819012687080623, -0.12282837229611679, -0.10365889986296466] - [0.03886325278095747, -0.11448100025209156, -0.04641642305563705, 0.12203424629336374]
A2: [0.035307481306787195, -0.029273437445690897, -0.0756973135877824, 0.06966344777236569] - [0.10289377656520222, 0.28289672737941435, -0.3926063712065103, 0.006816023119158189] - [-0.011187137749350097, 0.5390145527035314, -0.35945105123209237, -0.16837650435243598] - [0.0978628415313491, 0.01746335881058951, -0.1688509704155459, 0.05352492259914721]
B1: 2.7370661144627824e-08 - -1.108388384551577e-08 - -8.068245274069397e-09 - -6.170957979549633e-09
B2: 8.252251981361013e-09 - -6.90301255005613e-09 - 5.937899227309071e-09 - -5.593401655583036e-10
