Number: 7849
Error: 1.0102381187982737e-15
A1: [0.08043164420220662, -0.1804678512283508, -0.019588897407307796, 0.11962493126041508] - [0.03741564066271475, 0.13359644679799682, -0.1347261256502164, -0.03628576446205363] - [-0.0017028362208616641, 0.22819009929906095, -0.12282839982807743, -0.10365892742793795] - [0.03886318434439784, -0.11448106849660013, -0.04641649144858756, 0.12203417789933656]
A2: [0.035307352909614884, -0.02927356619796052, -0.07569743566635173, 0.06966331339099008] - [0.1028937274995082, 0.28289667789731276, -0.3926064186622482, 0.006815971740270556] - [-0.011187017052704525, 0.5390146741200837, -0.3594509369899234, -0.16837637717034573] - [0.09786280849095037, 0.017463325619927996, -0.168851001867917, 0.05352488791754977]
B1: -3.315794697432896e-08 - -1.7621315831839738e-08 - 1.5665431610849073e-08 - -7.516850965256802e-09
B2: -2.7539091295201942e-08 - 3.139215717728781e-08 - -7.533429360132472e-09 - -3.1268039332049384e-08
