Number: 9582
Error: 3.658061332379573e-14
A1: [0.05317201801001869, -0.1480018033059226, -0.026999578866907605, 0.12182728959701752] - [0.005313728591711615, 0.13083670304665643, -0.11360073500372726, -0.022549754586264105] - [-0.014444089548427843, 0.22309200799672574, -0.12704079287724723, -0.08160554583187421] - [0.027146485112666083, -0.10002001302765487, -0.04942448333374059, 0.12229814548038018]
A2: [0.08925318554119321, -0.07291464311974483, -0.12362866781725607, 0.10728509157792639] - [0.10884123784978512, 0.24981369007417106, -0.4048457707620696, 0.04618898087607611] - [0.03663540613760949, 0.46255459636132884, -0.3777179630546123, -0.12147379875886158] - [0.14342673794551028, -0.04460631971722567, -0.2014992379247105, 0.10268017175952944]
B1: 6.145859839724115e-08 - 5.118292170064648e-07 - 3.5405218037164665e-07 - -3.093278027633809e-07
B2: -1.3093785717776335e-07 - 1.0579381250221364e-07 - 1.7298970555991777e-07 - 2.315632094667541e-07
