Number: 3926
Error: 8.55934105245991e-16
A1: [0.06621315612979696, -0.11395210469034507, -0.023983975812033636, 0.07172284264055477] - [0.03740256910202376, 0.18819332832719338, -0.14740898907712255, -0.07818705247951169] - [-0.06022931991188696, 0.3289508495060967, -0.12775305937399867, -0.14096827217033836] - [0.03904613963364185, -0.05332270457938752, -0.03741860926230333, 0.051695101701647296]
A2: [-0.0091085737048294, -0.3468031832606171, 0.24945509242493255, 0.10645668207219479] - [0.08003979483788862, 0.036282223653794195, -0.050250146063432644, -0.06607199358565266] - [-0.04245291754351146, 0.2308317828346267, -0.040531350657442775, -0.14784794745182725] - [0.06813459446272904, -0.293468055154291, 0.1417710408508155, 0.08356165380146348]
B1: -8.499447410799074e-09 - -4.448772241220654e-08 - 1.706575188260307e-08 - 2.5329699680804236e-08
B2: 9.023843847520878e-09 - -1.5800268818653309e-09 - -5.0615368369419065e-09 - 2.3459727853253467e-08
