Number: 4352
Error: 8.817708954372374e-16
A1: [0.06621319743534654, -0.11395206430786506, -0.02398393453890719, 0.07172288387676834] - [0.03740266095460197, 0.1881934160860973, -0.14740889877898694, -0.07818696217340537] - [-0.06022939458082453, 0.3289507777906743, -0.1277531324406426, -0.14096834484395965] - [0.039046110062181574, -0.053322732647465586, -0.03741863787168227, 0.05169507332459555]
A2: [-0.009108478138815334, -0.3468030818800242, 0.24945518876414569, 0.10645678226788681] - [0.08003983383550232, 0.0362822656654171, -0.05025010344124914, -0.06607195060151468] - [-0.042452777423323144, 0.23083193748002606, -0.0405312004990525, -0.14784779248404611] - [0.0681348077930349, -0.2934678202681962, 0.14177127212154547, 0.08356189298429877]
B1: -2.76597185540405e-08 - -5.062912171332026e-09 - -8.804846856967379e-09 - -5.275570120554547e-09
B2: -2.4352683580058804e-08 - 1.3032330994670198e-08 - -6.825897825633287e-09 - -1.922916239736747e-08
