Number: 3491
Error: 2.9578017733359825e-10
A1: [0.06622899225361177, -0.11393662413114079, -0.023968159731487925, 0.07173865378800005] - [0.03741939677365838, 0.18820940325076035, -0.14739243918364042, -0.07817051057466728] - [-0.06025804642158384, 0.32892326123577675, -0.12778116308808957, -0.1409962378106075] - [0.03896807018257777, -0.05339680942661887, -0.037494127364664134, 0.05162019069137208]
A2: [-0.009143357871566615, -0.34684008435524577, 0.24942003531508666, 0.1064202269166808] - [0.07997232761922304, 0.036209540730382836, -0.05032388510258262, -0.06614635081637438] - [-0.042413617630114885, 0.23087513732522386, -0.0404892420195225, -0.147804496443085] - [0.0681052803640143, -0.29350032895990635, 0.14173927584839935, 0.0835287967892071]
B1: 3.804526170762535e-06 - 3.757213914871903e-05 - -2.6931060298210988e-05 - 3.229899332729092e-06
B2: 2.734891802787704e-05 - -1.5152470123093143e-05 - 8.670708524422577e-06 - 1.9257632655577644e-05
