Number: 2835
Error: 1.3818254750383328e-08
A1: [0.06356672364636308, -0.04774021449940559, -0.023312389510191343, 0.00798673214447059] - [0.043765282019599235, 0.19137087123169083, -0.14245763291625452, -0.09239775645820389] - [-0.12307017496316247, 0.41523433955056416, -0.10448300240146241, -0.18669863187166716] - [0.037125476050637665, 0.019289142403600783, -0.03301101434653647, -0.022931200571481965]
A2: [0.064014810664798, -0.17311542792180787, 0.08689475372944168, 0.024523584253757363] - [0.02951052189913552, 0.20051599409846757, -0.10149024779986161, -0.12765703812942683] - [-0.093228817228953, 0.5138596030950093, -0.2254244631374539, -0.19492245338455896] - [-0.025840604702604155, 0.018606698481081485, -0.05020036722269779, 0.05706186862455251]
B1: 1.4096846474412328e-05 - -4.253995891800139e-06 - -0.0002333453419554879 - -6.1593369247387e-05
B2: 2.5037126305278015e-05 - 0.00019475577916164266 - -3.6018164966095397e-05 - -5.363633751979168e-06
