Number: 8429
Error: 7.928216197358753e-16
A1: [0.08043170249703788, -0.18046779294010895, -0.019588839182219184, 0.11962498954857916] - [0.03741555895904025, 0.13359636515616669, -0.13472620719098155, -0.03628584612041331] - [-0.0017028178206500032, 0.2281901176988826, -0.12282838145481002, -0.10365890903263006] - [0.03886325541217391, -0.11448099762822635, -0.04641642042609322, 0.12203424892296481]
A2: [0.03530732961704384, -0.029273589554927138, -0.07569745781276199, 0.06966328901292979] - [0.10289376219603114, 0.28289671288831786, -0.3926063851041769, 0.006816008072544513] - [-0.0111870945733063, 0.5390145961370623, -0.3594510103649631, -0.16837645885641578] - [0.09786278596987037, 0.017463302996377907, -0.1688510233065681, 0.05352486427777481]
B1: 3.9674302158187e-09 - -4.374567441739201e-09 - 1.2386686434666932e-09 - 2.4233909547948675e-08
B2: 1.8703202263273547e-08 - -9.768641043674436e-09 - 9.203074987348994e-09 - 2.3579337330105654e-08
