Number: 6886
Error: 9.501177627053976e-16
A1: [0.08043166190162417, -0.18046783353092788, -0.019588879729057748, 0.11962494895780904] - [0.03741557301990703, 0.13359637920639342, -0.13472619315825418, -0.03628583206739169] - [-0.0017028351503414378, 0.22819010036956203, -0.1228283987591293, -0.10365892635770907] - [0.038863214689960755, -0.11448103823618427, -0.04641646112236151, 0.1220342082260411]
A2: [0.03530752587074599, -0.029273392758470886, -0.07569727121701553, 0.06966349441347514] - [0.10289376058862713, 0.2828967112672391, -0.39260638665889186, 0.006816006389393511] - [-0.011187118998929732, 0.5390145715658088, -0.3594510334843587, -0.16837648459452006] - [0.09786283690592473, 0.01746335416414394, -0.1688509748187127, 0.053524917744031834]
B1: -4.478798382645706e-09 - 2.091996483012918e-08 - -2.7495606526618664e-08 - -7.923363336227379e-10
B2: -8.207982170893108e-09 - -3.7168181881435002e-09 - -1.0881962457937428e-09 - -3.694101008190045e-09
