Number: 3774
Error: 1.0085208914697949e-15
A1: [0.066213230507481, -0.11395203197477315, -0.023983901492729026, 0.07172291689340288] - [0.03740263874301809, 0.18819339486442632, -0.1474089206146949, -0.07818698401102539] - [-0.060229290277365385, 0.3289508779684233, -0.12775303037543004, -0.14096824332772911] - [0.039046143163698574, -0.05332270122880155, -0.03741860584709575, 0.05169510508913253]
A2: [-0.009108531913755626, -0.3468031389267756, 0.24945513455415452, 0.10645672588789043] - [0.08003981832908078, 0.03628224896054431, -0.05025012038889712, -0.0660719676930932] - [-0.04245282965519065, 0.23083187983370143, -0.04053125647280202, -0.14784785025057268] - [0.06813477485357311, -0.2934678565359594, 0.14177123641201997, 0.08356185605312627]
B1: 1.24845874673107e-08 - 1.902890780792999e-08 - 3.153446995950228e-08 - 2.382350595439681e-09
B2: 2.1003818772692347e-09 - 1.4879326943233907e-08 - -5.545994746422801e-09 - 4.6676527362155646e-08
