Number: 2785
Error: 5.261062169282033e-09
A1: [0.06302734652383819, -0.04827802273716426, -0.023847339189102784, 0.007450872137405555] - [0.043672075152459446, 0.1912806144753818, -0.14255390362191256, -0.09250091084330912] - [-0.12340845936853605, 0.41489827554968367, -0.1048214882587052, -0.18703507182842374] - [0.03658833147165817, 0.018751996976395423, -0.03354647511121485, -0.023463590950402805]
A2: [0.06327565056176229, -0.17385063227559439, 0.08615991567199426, 0.023795289137932836] - [0.02931072336948327, 0.20031917131580823, -0.10168948133839462, -0.1278527068349617] - [-0.09318757247682218, 0.5139001847328136, -0.22538335051709632, -0.1948828887645423] - [-0.02524068944544883, 0.01920374608706038, -0.04960096397694225, 0.05764516421051457]
B1: 4.072271773852834e-05 - -4.827427045907755e-06 - 2.8999726985765456e-05 - -0.00011282325280400374
B2: 4.0632019008919865e-05 - -9.96858914327586e-05 - -4.176103931392348e-05 - 9.698652333922777e-05
