Number: 3763
Error: 1.176117413898675e-15
A1: [0.06621316188869751, -0.11395209906014361, -0.023983970057662955, 0.07172284838977883] - [0.03740265698117249, 0.18819341228974143, -0.1474089026851924, -0.07818696607993655] - [-0.060229397851585556, 0.32895077464936406, -0.12775313564118856, -0.14096834802730668] - [0.03904632492642766, -0.053322528706545844, -0.03741842999777377, 0.051695279510588894]
A2: [-0.009108567640933544, -0.34680317682775624, 0.24945509853790207, 0.10645668842987034] - [0.08003980521889058, 0.03628223483710882, -0.05025013471759529, -0.06607198214345975] - [-0.042452856092010806, 0.23083185065635844, -0.0405312848035626, -0.14784787948872724] - [0.06813471015782423, -0.29346792776887587, 0.14177116627552552, 0.08356178351714134]
B1: -1.846139361040066e-08 - -3.945273745289316e-09 - 1.480142846161198e-08 - -3.678736298408315e-08
B2: 1.9347735692478343e-08 - -1.1372522907555806e-08 - 2.3552108420801613e-08 - -4.1433611227033355e-08
