Number: 6876
Error: 7.995101468626383e-16
A1: [0.08043165458934465, -0.18046784084237924, -0.019588887032594097, 0.11962494164636461] - [0.037415558911611135, 0.1335963651087754, -0.13472620723843928, -0.03628584616787255] - [-0.001702842433535111, 0.22819009308652372, -0.12282840603165934, -0.10365893363895902] - [0.03886320157960561, -0.11448105130974683, -0.04641647422436284, 0.12203419512383414]
A2: [0.03530745796423772, -0.02927346085279923, -0.07569733578165497, 0.06966342334194592] - [0.10289379195022083, 0.2828967428950017, -0.39260635632636853, 0.006816039229565608] - [-0.011187129371908968, 0.5390145611309594, -0.35945104330260885, -0.16837649552489106] - [0.09786282086015136, 0.017463338045383848, -0.16885099009324991, 0.05352490090119272]
B1: 1.7124308295835545e-08 - 4.638553624525324e-09 - -3.6729717911999403e-09 - 8.874919888220995e-09
B2: 5.540777083601898e-09 - 8.699870529546013e-09 - 3.4370384070571835e-09 - 7.716450667689881e-09
