Number: 3651
Error: 1.2063571358909215e-13
A1: [0.06620977173721942, -0.11395541344680182, -0.023987357546863926, 0.07171946392748314] - [0.03740323125390478, 0.1881939609667609, -0.1474083381314599, -0.07818640147597126] - [-0.060229668981149204, 0.3289505142483327, -0.12775340094852444, -0.1409686119103788] - [0.03904756806086292, -0.053321348775653137, -0.037417227309989774, 0.05169647243556497]
A2: [-0.009109946028086752, -0.3468046390929748, 0.24945370899190994, 0.10645524324922485] - [0.08004015143684347, 0.036282607814730986, -0.05024975632006381, -0.06607160052818313] - [-0.042453539928324194, 0.2308310959267981, -0.04053201763335732, -0.14784863578843754] - [0.06813333531969697, -0.29346944153651433, 0.14176967581066152, 0.08356024205325137]
B1: -4.089280774542017e-08 - -2.789659888400354e-07 - -5.117560290464375e-07 - -2.111934769917704e-07
B2: -9.332551252186679e-07 - 8.967811310819196e-07 - -1.9738896944039958e-07 - -1.5987419476080145e-06
