Number: 7628
Error: 9.106725651958744e-16
A1: [0.08043170722800164, -0.1804677882096921, -0.019588834456884148, 0.11962499427900489] - [0.03741562358928036, 0.1335964297374902, -0.13472614268963812, -0.03628578152603244] - [-0.0017027861377217287, 0.22819014938113438, -0.12282834981827469, -0.10365887735816864] - [0.03886325376216452, -0.11448099927364129, -0.04641642207506391, 0.12203424727395401]
A2: [0.035307477443828526, -0.029273441319321906, -0.07569731726067916, 0.06966344372941291] - [0.10289380885431745, 0.2828967599425687, -0.39260633997691236, 0.006816056930593392] - [-0.011187017627168805, 0.5390146735421958, -0.3594509375337096, -0.16837637777563402] - [0.09786288676877462, 0.017463404253801156, -0.168850927352444, 0.053524970083721216]
B1: 9.788757135270663e-09 - 5.709917256801202e-09 - -3.184786531182086e-08 - -1.7176347240600965e-08
B2: -1.15567716908755e-08 - 2.2948810995713436e-09 - -2.396014704688015e-09 - -9.732155281481427e-09
