Number: 9857
Error: 7.669173330127357e-16
A1: [0.053172523912153054, -0.14800129721353572, -0.026999073519912015, 0.1218277957413062] - [0.0053137325020382485, 0.13083670696698155, -0.1136007310891094, -0.022549750673174846] - [-0.014444513204154732, 0.22309158418857905, -0.12704121619538505, -0.0816059696395817] - [0.02714642287457096, -0.10002007525930635, -0.049424545699213986, 0.12229808308803616]
A2: [0.08925449997167888, -0.07291333172789001, -0.12362738300083993, 0.10728642221805881] - [0.10884178123226519, 0.24981423355381696, -0.40484523813852086, 0.04618953340365115] - [0.03663595011212898, 0.46255513750561966, -0.3777174323238782, -0.12147324914040333] - [0.1434264347168619, -0.044606621810977395, -0.20149953399762133, 0.10267986403313611]
B1: -1.5725501283690562e-08 - 1.7669930344272746e-08 - 3.684198010850007e-08 - 1.83153558240711e-08
B2: 1.664008393311678e-08 - 1.829979757639936e-08 - 1.287426501535281e-08 - 1.6298280760156286e-08
