Number: 8633
Error: 8.130258913870583e-16
A1: [0.08043171926462246, -0.18046777617440024, -0.01958882243466228, 0.11962500631427316] - [0.03741564351289895, 0.13359644964610146, -0.13472612280548954, -0.03628576161332225] - [-0.0017027614674646027, 0.2281901740508643, -0.12282832518414048, -0.10365885269448055] - [0.038863266123231544, -0.1144809869471767, -0.046416409721848614, 0.12203425962740304]
A2: [0.03530748044627003, -0.02927343830856021, -0.07569731440590032, 0.06966344687164058] - [0.10289376743137062, 0.28289671816809037, -0.39260638004060505, 0.006816013554670183] - [-0.011187097243628295, 0.5390145934508496, -0.3594510128925055, -0.1683764616701836] - [0.09786285899409523, 0.017463376352743115, -0.16885095379205878, 0.05352494092922061]
B1: 1.4529972554205669e-09 - 2.5676660353214056e-08 - 1.7433679076608958e-08 - -4.702565499939583e-09
B2: 1.4764667601115265e-08 - 2.260655973983032e-08 - 1.846418924837758e-08 - 1.1870198315786436e-08
