Number: 9138
Error: 3.4444818271207577e-06
A1: [0.04966477617006117, -0.15165916467254348, -0.030630349382607207, 0.11816446971275568] - [0.0060596460018661836, 0.13153823677626766, -0.11298756808873225, -0.021815755460453043] - [-0.014829480892382186, 0.22281873743866815, -0.12738477709529328, -0.08178395011844224] - [0.024704934632176535, -0.10248769614806567, -0.05187674166401281, 0.1198527394370225]
A2: [0.1140830132110737, -0.047997989274278376, -0.09907000698211282, 0.13253128992374028] - [0.11989281095941742, 0.2608906228626598, -0.39400693972076584, 0.05741069894708436] - [0.043978086424021894, 0.46991415799187514, -0.3705042425259877, -0.11411544805019437] - [0.14905539709987042, -0.03897019339837596, -0.1960690045061514, 0.10837039373534993]
B1: 0.002884334902516928 - 4.702211356123997e-05 - 0.00161656940454495 - -0.0024846931346722656
B2: 0.001283178538473398 - -1.8785660210355085e-05 - -0.00050041146906597 - 0.0002877742745922548
