Number: 6590
Error: 8.357898999602887e-16
A1: [0.08043167995416044, -0.18046781548043683, -0.019588861698106346, 0.11962496700828378] - [0.037415572015740764, 0.13359637820298662, -0.13472619416041912, -0.03628583307100123] - [-0.0017027962311289976, 0.22819013928794732, -0.12282835989690137, -0.10365888744888364] - [0.03886320795833319, -0.11448104494892165, -0.046416467849698516, 0.12203420149859806]
A2: [0.03530743526159907, -0.029273483618230126, -0.07569735736703408, 0.06966339958117156] - [0.10289373751458611, 0.28289668799736534, -0.3926064089757998, 0.0068159822274972] - [-0.011187101560357654, 0.5390145891084004, -0.35945101697837917, -0.1683764662188766] - [0.0978628052492072, 0.017463322363432385, -0.16885100495386002, 0.05352488451478601]
B1: 2.710123155932963e-10 - -1.6382379371423952e-09 - 1.057402801091217e-09 - 9.13248880872698e-10
B2: -9.605471131382994e-10 - -8.966361370854113e-09 - 2.3332121256240078e-08 - -1.2847956589903552e-08
