Number: 8391
Error: 8.366370967580723e-16
A1: [0.0804317091337406, -0.18046778630416951, -0.01958883255346094, 0.11962499618451139] - [0.037415531837683216, 0.1335963380553576, -0.13472623425828356, -0.0362858732267257] - [-0.0017028293377988606, 0.22819010618197905, -0.12282839295509669, -0.10365892054670617] - [0.03886326414415824, -0.1144809889207627, -0.04641641169968525, 0.12203425764950537]
A2: [0.03530734465033023, -0.02927357448005387, -0.07569744351926035, 0.06966330474685134] - [0.10289381989943583, 0.2828967710814395, -0.39260632929413886, 0.006816068496348259] - [-0.0111870643169815, 0.5390146265738427, -0.35945098172662615, -0.16837642697434574] - [0.09786287818740362, 0.017463395633346288, -0.16885093552126199, 0.05352496107595225]
B1: -2.4839275732556266e-08 - 9.107253270200982e-09 - 1.0937804839283764e-08 - 3.4245752554025095e-08
B2: 2.3697813246367902e-08 - -3.1164860173760435e-08 - 5.556681247887853e-09 - 2.7473397264182126e-08
