Number: 7549
Error: 1.1641748227363937e-15
A1: [0.08043173419328174, -0.18046776124746608, -0.01958880752384675, 0.11962502124120493] - [0.03741561392951032, 0.13359642008503092, -0.13472615233016258, -0.03628579118045252] - [-0.0017027461060136351, 0.22819018941198874, -0.122828309845178, -0.10365883733714358] - [0.03886326390849256, -0.11448098915578785, -0.04641641193520229, 0.12203425741397529]
A2: [0.035307356303041534, -0.029273562795160878, -0.07569743243989305, 0.06966331694254181] - [0.10289366789273098, 0.2828966177846422, -0.39260647631317186, 0.006815909323298468] - [-0.011187225393587588, 0.5390144645365614, -0.35945113418931346, -0.16837659670617672] - [0.09786270493211925, 0.017463221590047668, -0.16885110044930535, 0.05352477921458093]
B1: 4.376576742889375e-09 - -1.6928169624905706e-08 - -6.514522665516664e-09 - -8.071823389832874e-09
B2: 6.4560853067651015e-09 - -7.837741127136834e-09 - 2.460794852395364e-08 - -6.7236762204990226e-09
