Number: 7226
Error: 9.966692593543475e-16
A1: [0.08043170617494397, -0.18046778926262338, -0.01958883550867402, 0.11962499322607231] - [0.03741560910844001, 0.1335964152676139, -0.13472615714162478, -0.03628579599884874] - [-0.0017028376508306166, 0.2281900978691327, -0.12282840125594824, -0.10365892885752526] - [0.03886325849114792, -0.11448099455792338, -0.0464164173490894, 0.1220342520000024]
A2: [0.03530742423398998, -0.029273494676338715, -0.07569736785195522, 0.06966338803958576] - [0.10289373091208011, 0.2828966813388291, -0.3926064153616544, 0.006815975313720546] - [-0.011187010144650122, 0.5390146810693464, -0.3594509304513839, -0.1683763698910066] - [0.09786284123207056, 0.017463358509966536, -0.1688509707004922, 0.05352492228506187]
B1: -2.8158085222633392e-08 - 3.2319715953148665e-08 - 3.829150867107498e-10 - -1.633537391179177e-08
B2: 5.1845498480433e-09 - 2.601732901444056e-09 - -2.5025839623532604e-08 - 8.571018279506994e-09
