Number: 8881
Error: 0.000849833346450931
A1: [0.08806825965965003, -0.1711978759295612, -0.011178319876375933, 0.12879040271202702] - [0.04673152168681636, 0.14484512806223915, -0.12318578641979747, -0.025547834887848217] - [-0.012130518967174209, 0.21885948163281374, -0.13181324490931834, -0.11320037313119787] - [0.02871951055290667, -0.12262616774259054, -0.055838235852557386, 0.11368952004919715]
A2: [-0.00815468849538865, -0.07278348837030975, -0.11774549101743526, 0.02321015006045225] - [0.09515875624227774, 0.2751962982198961, -0.3993234468511533, -0.0016847658003352715] - [0.014019622444404807, 0.5629670536324316, -0.3359846988857832, -0.14164381017987845] - [0.12573083543815708, 0.045751934483620124, -0.14187796883818915, 0.08270279584026369]
B1: -0.0074089936309477515 - -0.01293983275756777 - -0.01626255396062341 - -0.01862492891605997
B2: 0.013492761343176125 - 0.013578276446242973 - 0.01753717493225594 - 0.02366381139090165
