Number: 391
Error: 1.2557918261607812e-10
A1: [-0.012082830520360787, -0.014444691243217263, 0.01816527940524231, 0.008658503947435265] - [0.06581867984876902, 0.1894793351743086, -0.145339687493552, -0.11002699381493529] - [-0.0962858803501251, 0.4217930439113401, -0.0534495251519004, -0.272027352757815] - [-0.0013161923771289673, -0.018214139126975722, -0.0038294581565711753, 0.023382878916958817]
A2: [0.16159301883810265, -0.16774859755929078, 0.008507503037648901, -0.0023269317956433363] - [0.03548522326400611, 0.20751622906064776, -0.11721092299146219, -0.1257925196071346] - [-0.08620877029581062, 0.5815427950587004, -0.23538408459058202, -0.25993091654529654] - [-0.003816992781993772, -0.004501615491689717, 0.0011280463218302395, 0.007260588289351851]
B1: 8.412147176354595e-06 - -1.035309792520954e-06 - 3.194926068502387e-06 - 4.071827165460744e-07
B2: -1.095106243687849e-06 - -3.9050878082800685e-05 - 1.0901187695404605e-05 - 2.7128879395470184e-06
