Number: 1629
Error: 1.6058541879279381e-07
A1: [-0.00786824855079137, -0.015681944184833214, 0.0022904778731586274, 0.01874672795547176] - [0.06632101363292699, 0.18939791911455214, -0.14725887357941017, -0.11042399520111801] - [-0.1144730868308668, 0.43993120298367455, -0.07275391773285514, -0.2601475364319304] - [-0.024452811097787106, 0.014275622138290594, -0.031040323235663865, 0.03776285771891705]
A2: [0.13121034224030256, -0.22500060150563994, 0.022293363061961762, 0.06978919829843543] - [0.03234380678999993, 0.20345206240992045, -0.11518885324659046, -0.12175298751055995] - [-0.09447395799214567, 0.5556895469016601, -0.23505706479133265, -0.22549061125893666] - [-0.019697945121687183, -0.018172839975033515, 0.009231169630052142, 0.03325989632437853]
B1: -0.00022721948502850095 - -0.00010503925258453767 - 5.008672894069179e-05 - 0.00030847903542534426
B2: 0.0005464145275157756 - -0.00036200648037801385 - 0.0005450469024845161 - 0.00035148395386732517
