Number: 2827
Error: 4.552298678579659e-08
A1: [0.06355110529331662, -0.047756085085727706, -0.023328201534737514, 0.007970905253459075] - [0.04370421891815044, 0.1913118009844524, -0.14252062283294675, -0.0924650401120383] - [-0.12340883164675008, 0.4148964206100186, -0.10482340875647572, -0.18703779610184382] - [0.03692238361148926, 0.019085386610637942, -0.03321421075303149, -0.02313342375672964]
A2: [0.06293531037732167, -0.1741894217437452, 0.08581826161246525, 0.023457378201767104] - [0.029120846420208842, 0.20013214373980276, -0.10187854269682543, -0.1280384028447593] - [-0.09325613532708071, 0.5138328356493909, -0.22545185296661507, -0.19494893924458198] - [-0.0259806091916256, 0.018467517164831793, -0.050340527408329484, 0.05692549171797273]
B1: -0.00016569929798681597 - -0.00016440675909352878 - 5.526918185915674e-06 - 3.7578021897587854e-05
B2: 0.00011988650932593558 - 0.00024894433140534703 - 0.00010737724107943212 - 4.121958722969915e-05
