Number: 8230
Error: 1.1304979828233153e-15
A1: [0.0804316481537355, -0.18046784727729343, -0.019588893460565467, 0.11962493521145078] - [0.03741560546965306, 0.13359641163163008, -0.1347261607730153, -0.03628579963553146] - [-0.0017028165761196418, 0.22819011894338026, -0.1228283802121109, -0.10365890778844729] - [0.03886319398232038, -0.11448105888572989, -0.046416481816829294, 0.12203418753125274]
A2: [0.03530733001380518, -0.029273589157058418, -0.07569745743548616, 0.06966328942814483] - [0.10289373090792756, 0.28289668133465107, -0.392606415365666, 0.006815975309375479] - [-0.01118704368843027, 0.5390146473254414, -0.35945096220122075, -0.16837640523734906] - [0.09786280834621199, 0.017463325474490823, -0.16885100200570002, 0.053524887765607015]
B1: -4.367054169583147e-08 - 8.806184964182918e-09 - 1.9064091900935997e-08 - 8.710506676681538e-09
B2: -1.935749031095618e-08 - 1.3284319448790725e-08 - 1.2505715910787671e-08 - -1.725794071098089e-08
