Number: 8914
Error: 0.0009428144523167011
A1: [0.11789689234161571, -0.1303465996360319, 0.04053223438394175, 0.1798535271125333] - [0.06414915829371998, 0.17583056597998306, -0.07764680321204231, 0.019228953982655055] - [0.02319540030368147, 0.26027824153869294, -0.08576447743112084, -0.06812605023444225] - [0.08851090597439538, -0.04873852804597292, 0.02532901994067681, 0.1937413386691493]
A2: [-0.030413490574205754, -0.09140074500940623, -0.1481914368134869, 0.0084712438585957] - [-0.0075526609552483345, 0.1715451827865938, -0.49981378159102485, -0.10385378965489686] - [-0.11242763240364884, 0.43053380397090696, -0.4522856565466212, -0.2633431533492284] - [0.011293047086131408, -0.07445454533285989, -0.24657444507616882, -0.025509345571464184]
B1: 0.018267149370101383 - 0.027152650305833814 - 0.0143879381324931 - 0.010452532624912754
B2: 0.0368129829651688 - 0.039018981802659926 - 0.02840583496788321 - 0.039054354441621836
