Number: 7542
Error: 9.598227405949707e-16
A1: [0.08043173281841251, -0.18046776262217962, -0.019588808897071968, 0.11962501986649277] - [0.037415611302872374, 0.13359641746038098, -0.13472615495156703, -0.0362857938056355] - [-0.0017027473356358463, 0.22819018818239273, -0.12282831107299962, -0.1036588385664375] - [0.038863260478459394, -0.11448099257619507, -0.0464164153630499, 0.1220342539860739]
A2: [0.035307393572051766, -0.02927352542307168, -0.07569739700496515, 0.06966335594857397] - [0.10289370222958492, 0.28289665241291284, -0.3926064431030029, 0.006815945278983044] - [-0.011187177843960923, 0.5390145123697965, -0.35945108918252117, -0.168376546601515] - [0.09786274609296516, 0.017463262938116873, -0.16885106126681582, 0.05352482242003743]
B1: 1.0733431756463482e-08 - -3.0513416534373416e-09 - 2.2906817304146688e-09 - 1.4834107927079308e-09
B2: 5.640708065590648e-09 - -1.0525614071445923e-08 - 2.4870831328656477e-08 - -8.592835587211245e-09
