Number: 6384
Error: 8.620733348812401e-16
A1: [0.08043169795732687, -0.18046779747930874, -0.01958884371646609, 0.11962498500939435] - [0.03741558365105005, 0.13359638982949, -0.13472618254829302, -0.0362858214421367] - [-0.0017027992663671192, 0.228190136252774, -0.12282836292769542, -0.10365889048331167] - [0.03886323072761315, -0.11448102224354095, -0.04641644509492725, 0.12203422425372677]
A2: [0.03530749838838535, -0.029273420316843185, -0.07569729734691973, 0.06966346565023072] - [0.10289375286604513, 0.2828967034791148, -0.39260639412807213, 0.006815998302722291] - [-0.011187064672734956, 0.5390146262160441, -0.3594509820634583, -0.1683764273490821] - [0.09786283490057364, 0.01746335214967367, -0.16885097672769087, 0.053524915639082155]
B1: 9.931260128708954e-09 - 6.689558035629271e-09 - -3.203392722831335e-09 - 1.0665423020396835e-08
B2: 4.43834316408154e-09 - 1.3717999851306772e-08 - -3.5951096111995667e-09 - 1.8229296634172483e-09
