Number: 2847
Error: 3.3265637676531814e-08
A1: [0.06345014223879654, -0.04785637192687301, -0.023427977846976478, 0.007871051439489195] - [0.043584510734058377, 0.19119620202814366, -0.14264393974138065, -0.09259672545215224] - [-0.12376189995909766, 0.4145448413983518, -0.10517776704880967, -0.1873908306397629] - [0.036166337261700154, 0.018328691287467995, -0.03396894598687691, -0.023884605067934717]
A2: [0.06293541295735337, -0.17418961480584724, 0.08581793066429762, 0.023457198317845443] - [0.029262204965130326, 0.20027138524237847, -0.10173776880185194, -0.12790013347603613] - [-0.09348069907789636, 0.5136123613915439, -0.2256769300112804, -0.19516652450900998] - [-0.02617571090133894, 0.018273453695480748, -0.050535866265408916, 0.056735400172671945]
B1: -3.481529425031121e-05 - 4.9271668933273367e-05 - 2.6502134150657852e-05 - 6.799290997891069e-05
B2: 3.395475940457752e-05 - -4.213591284551024e-05 - -0.00013530764265217658 - -0.00028642440072152646
