Number: 932
Error: 1.550694860661701e-08
A1: [-0.011792450791640334, -0.014146600125924622, 0.01848612132056345, 0.00896862110965962] - [0.0658086682251488, 0.18946969539448874, -0.1453500281473737, -0.11003813792333356] - [-0.09639827685607026, 0.42168432187363303, -0.053571522452998434, -0.2721583524447394] - [-0.001547468699544229, -0.018436522247759258, -0.004075639715811947, 0.023115713577350334]
A2: [0.16157190787685946, -0.16776914826796233, 0.008486914622610907, -0.002347337097748467] - [0.03548221225286769, 0.20751327093625418, -0.1172139055570277, -0.12579546272623726] - [-0.08611942443990195, 0.5816304508132812, -0.2352970412687115, -0.2598436441410015] - [-0.0035966511477150357, -0.004284863183940352, 0.0013462097693338838, 0.00747144640043549]
B1: -2.272975774423638e-05 - -6.518007484356892e-07 - -3.430242963542166e-05 - -2.1926121537063284e-05
B2: 0.00011902286287451689 - 0.000122745041453394 - 2.466215813431699e-05 - 0.00015022694840242026
