Number: 286
Error: 2.7627652678311302e-08
A1: [-0.012790651988609684, -0.015171727982734015, 0.017382999651403462, 0.007902268108692325] - [0.06485664215515921, 0.18855388193943082, -0.1463343527635624, -0.11109810900125701] - [-0.0957503140433622, 0.42231100829527807, -0.05286794172340548, -0.27140326677680926] - [-0.0012958272826425338, -0.01819429219434913, -0.0038075631536423037, 0.023406449456728175]
A2: [0.16149159569762175, -0.16784809453836716, 0.00840823264223792, -0.002425697480960384] - [0.035563411536453864, 0.20759315478515777, -0.11713313437747323, -0.12571608848159296] - [-0.08611849364194668, 0.5816312186233147, -0.23529633532555144, -0.25984282328213515] - [-0.0038082306652607247, -0.0044929264115678895, 0.0011369263030957682, 0.007269204338083464]
B1: -0.0001446957742730154 - 8.990215441489445e-05 - -0.00018114106980856337 - -0.0001340766180905014
B2: 0.0002552665877679717 - -3.075156240933799e-05 - 0.00016215053169597545 - -0.00011692685897193393
