Number: 5873
Error: 1.1516366717285104e-07
A1: [0.0812673536577951, -0.17963411759441072, -0.018753541182001423, 0.12046087126922485] - [0.03810112808028228, 0.13428044578478346, -0.13404194976029588, -0.03560056330133037] - [-0.0014949781516430819, 0.22839724635895312, -0.1226202147523452, -0.10345080546409213] - [0.03935436581389283, -0.11399245938557688, -0.04592454405688733, 0.12252560205357901]
A2: [0.03719480759367696, -0.027382155119146642, -0.07390256739358987, 0.07163998330804465] - [0.10589701754306884, 0.2859215145437546, -0.38970329861805525, 0.009962191858885883] - [-0.00839489590920089, 0.5418224135855025, -0.35680666998912375, -0.16543205836394775] - [0.09999792785737574, 0.01960704957713735, -0.1668178001783024, 0.055767501869145496]
B1: 0.00023181835367586565 - -0.0008369039251421772 - 0.001120539013009732 - 0.0004921539769255296
B2: 0.00010664463266710713 - 0.00017450608483516125 - 0.00026451389387518055 - -4.283288416352653e-05
