Number: 2831
Error: 2.042074160774416e-08
A1: [0.06320974050515803, -0.04809602165998075, -0.023666281710689883, 0.007632274501750628] - [0.04364226002903259, 0.19125202000607314, -0.14258436615285258, -0.09253312442689744] - [-0.12372602911277959, 0.4145803253719346, -0.10514181205363862, -0.1873550878729638] - [0.03656406536869823, 0.018726622872722674, -0.03357193041726899, -0.0234894971366041]
A2: [0.0639556017436995, -0.1731742309160163, 0.08683574598593492, 0.02446510602088958] - [0.02936626827153832, 0.2003738988039517, -0.10163398910392761, -0.12779821533651958] - [-0.09294825043160082, 0.5141350390916513, -0.2251432984637965, -0.19465069465176657] - [-0.02563786439373764, 0.018808397117189544, -0.04999748615491612, 0.05725926233096563]
B1: 0.0001352685362165941 - 4.984097356141238e-05 - 4.7150100367140266e-05 - 0.00014350463695473413
B2: -3.9774691299904584e-05 - 0.00012494546391658682 - -5.765175053107225e-05 - -9.720923899072583e-05
