Number: 1779
Error: 2.7707538505697565e-07
A1: [-0.007488697134105602, -0.015308504107363119, 0.0026966577086348616, 0.019125376437344726] - [0.06641131198013915, 0.18949195047032513, -0.14717014534444836, -0.1103224947936943] - [-0.11131823219638093, 0.44303163821049985, -0.06951816962496077, -0.2567169798668683] - [-0.02197875224922825, 0.01672821757405362, -0.028564667376721135, 0.04038662202331203]
A2: [0.1320959806785988, -0.2241231682341417, 0.02318982621671402, 0.07068338488088359] - [0.03453053297206968, 0.20560697541065806, -0.11301185621285115, -0.11961068557164513] - [-0.09523489710119215, 0.554962982898138, -0.2357339699749313, -0.22615770489052603] - [-0.019965551383304973, -0.018434695791904588, 0.008972105878634905, 0.0330131419806339]
B1: -0.00018514513064082927 - 0.0016332135785318406 - 0.0004897146759803821 - -0.0003885337247144513
B2: 2.2948286051383275e-05 - -0.0006571900236254765 - 0.0004232549961470874 - 0.00042897226977090214
