Number: 4902
Error: 8.662288628598707e-16
A1: [0.06621314658586851, -0.1139521140209995, -0.023983985348471057, 0.07172283311263333] - [0.037402567077841696, 0.18819332639323005, -0.14740899106703667, -0.07818705446962236] - [-0.06022929537641403, 0.32895087307116117, -0.1277530353649773, -0.14096824829022583] - [0.03904614054227721, -0.053322703716869604, -0.037418608383131505, 0.051695102573625834]
A2: [-0.009108512933344793, -0.3468031187916683, 0.2494551536880185, 0.10645674578769788] - [0.08003987779525043, 0.03628231302265323, -0.050250055395697185, -0.06607190214806508] - [-0.0424528049315363, 0.23083190712028126, -0.040531229977776896, -0.14784782290713977] - [0.06813474802606874, -0.2934678860741558, 0.14177120732826376, 0.08356182597459613]
B1: -1.4335459763100297e-08 - 2.5616757154062395e-08 - -2.164612701296405e-08 - -3.6336039647567585e-08
B2: -1.569190225111987e-08 - -2.3382100693385048e-08 - -3.0135752381961216e-08 - 1.2434767024301452e-08
