Number: 2474
Error: 2.151251536307647e-07
A1: [0.06374411751851829, -0.04759557963115293, -0.02315040323221724, 0.00814300011314705] - [0.0427390534364818, 0.19036940649663414, -0.14353370112033673, -0.09354176860518275] - [-0.1248112047478532, 0.41345090242111715, -0.10626968693509285, -0.188488232313604] - [0.03940701082710065, 0.021555259745245584, -0.030747891499308524, -0.020692425488295283]
A2: [0.06625046182401285, -0.1708901403445445, 0.089090105325815, 0.0267434992953322] - [0.030499302003432753, 0.20148870335168842, -0.10050622238830711, -0.12668966257233386] - [-0.09374687274291554, 0.5133896000171665, -0.2259337794567788, -0.19540632487011372] - [-0.02530017373545282, 0.019165625545258136, -0.04965057548704268, 0.057609003894405514]
B1: 0.0005339142151108966 - 0.00032569443989316385 - 0.0001482285186718665 - 0.0003681228069285793
B2: -0.001527896253155117 - 0.0007178012375717848 - 0.00011060156339587422 - 0.0007611462825136382
