Number: 9343
Error: 7.390803974363322e-11
A1: [0.05318559232009107, -0.14798822107388832, -0.026986017557696522, 0.12184087290530188] - [0.005263742491415595, 0.13078666161169514, -0.11365071594075382, -0.022599815172379543] - [-0.014429892483792072, 0.22310621111186307, -0.1270266054864682, -0.08159134157576327] - [0.02713699500481147, -0.10002950163665394, -0.049433991959899296, 0.12228863298410023]
A2: [0.08928353399535022, -0.07288436565268, -0.12359900634312332, 0.10731581475150265] - [0.10881019178272665, 0.24978264320829244, -0.4048762038465335, 0.04615741533584673] - [0.0366676254406713, 0.46258664823976103, -0.3776865305363618, -0.1214412448467026] - [0.14349071248407236, -0.04454258268226549, -0.20143677512202618, 0.1027450962323369]
B1: 3.0777097300272576e-05 - 4.925701248062472e-06 - -4.016685144666078e-06 - -2.351458226117389e-05
B2: 4.256641925603177e-07 - -7.085608588435868e-07 - 2.79724973507085e-05 - -1.0059959935304644e-05
