Number: 3808
Error: 1.105017985672513e-15
A1: [0.06621318530152558, -0.11395207617051403, -0.02398394666320265, 0.07172287176332064] - [0.0374026592367753, 0.18819341444481666, -0.1474089004677604, -0.07818696386231183] - [-0.0602294275588552, 0.3289507461171839, -0.12775316471095682, -0.14096837694072079] - [0.0390462657842882, -0.053322584842010426, -0.037418487215797096, 0.051695222757152104]
A2: [-0.009108600503608686, -0.3468032116899445, 0.24945506540932447, 0.10645665397512442] - [0.08003981592868102, 0.036282246374626105, -0.050250123012398194, -0.06607197033887081] - [-0.04245283600201322, 0.230831872828951, -0.04053126327430936, -0.1478478572699275] - [0.0681347651489045, -0.29346786722123225, 0.14177122589121266, 0.0835618451723894]
B1: -2.452709000596253e-09 - 2.9167789669340247e-08 - -3.6855925654783573e-09 - 1.0629933924597197e-08
B2: 2.671813462964877e-08 - 1.751363551972128e-08 - -1.1179299840723839e-09 - -2.222463817702868e-08
