Number: 3025
Error: 1.7468583580181132e-08
A1: [0.06295136505071779, -0.048352757583262684, -0.023921665334797348, 0.007373134490541475] - [0.04388802042511806, 0.19148909476124096, -0.14233003514078257, -0.09226102179742447] - [-0.12431583159149756, 0.4140002348281907, -0.10572676888530684, -0.18793439094469347] - [0.036939602143736594, 0.01910378019590073, -0.03320017692727945, -0.023121100751389855]
A2: [0.06270874117973275, -0.17441720864331164, 0.0855976757014744, 0.02323187383464516] - [0.029084170907942696, 0.20009613449284852, -0.10191535719098484, -0.12807518644623989] - [-0.09346723641075934, 0.5136235749846274, -0.2256637823150986, -0.19515051503378322] - [-0.02569898214512699, 0.01874102179703368, -0.05006665707179879, 0.057201300242997355]
B1: 0.00016274273608098117 - -0.0001302466686355715 - -3.114770394420592e-05 - -9.813336769856928e-05
B2: 9.147304068053377e-05 - -0.000283268846011884 - 0.00017179773269303657 - -4.875856206108571e-05
