Number: 8549
Error: 1.918344676602756e-15
A1: [0.08043168454143991, -0.1804678108936514, -0.019588857116326006, 0.11962497159505373] - [0.03741557604290708, 0.13359638222717202, -0.13472619014104628, -0.03628582904594384] - [-0.0017027565801858498, 0.22819017893802906, -0.12282832030401793, -0.1036588478085158] - [0.03886324888176193, -0.11448100414026344, -0.04641642695233025, 0.12203424239664616]
A2: [0.035307536855005324, -0.02927338174381641, -0.07569726077305637, 0.06966350590936642] - [0.10289376528935852, 0.2828967160079005, -0.39260638211233445, 0.00681601131168456] - [-0.011187097037668518, 0.5390145936580413, -0.3594510126975689, -0.16837646145314983] - [0.0978628482577556, 0.01746336556757222, -0.16885096401239516, 0.05352492965961055]
B1: 4.938347047017513e-08 - -1.4973201602348104e-09 - 3.659352984763228e-08 - 2.2357322223039805e-08
B2: 2.5018341987640038e-08 - -4.873517263240439e-08 - -3.898982767150469e-09 - 1.7119736242973802e-08
