Number: 3582
Error: 1.1749524642774826e-11
A1: [0.06620844826395968, -0.113956707474464, -0.02398868020124413, 0.07171814263598585] - [0.0373975786257681, 0.1881885602312711, -0.1474138951378585, -0.07819195886186621] - [-0.06023045671215604, 0.32894975763879336, -0.1277541715426959, -0.140969378855998] - [0.039061381732920744, -0.053308237337260964, -0.03740386304948883, 0.05170972807359651]
A2: [-0.009078382306935556, -0.3467711548011224, 0.2494855281360153, 0.10648833640088595] - [0.08004175750395727, 0.036284338058640925, -0.050248000999484156, -0.06606983035470763] - [-0.04244403558649981, 0.2308415855158624, -0.04052183266473482, -0.14783812439331184] - [0.06814570257142089, -0.2934558247252316, 0.14178308335966158, 0.0835741081944827]
B1: -6.8983707586327886e-06 - 8.655179592378492e-08 - -1.1644970632415104e-05 - 7.799029364152836e-06
B2: 2.3010069882455096e-06 - -3.3626614772694724e-06 - -9.030066442215135e-06 - -1.0180980338205905e-06
