Number: 831
Error: 1.8336691020011035e-11
A1: [-0.012153034190242955, -0.014516800676843076, 0.018087680889538167, 0.008583481668611857] - [0.06583876250455357, 0.1894986538103212, -0.14531892356489454, -0.11000463370589281] - [-0.09629874187362134, 0.4217806120389366, -0.05346348355837318, -0.2720423375593075] - [-0.0013004009381843366, -0.018198953122519266, -0.0038126512494861906, 0.023401131011925695]
A2: [0.1615837218820012, -0.1677577157384698, 0.008498395368136357, -0.0023359928735690143] - [0.03548628696147591, 0.20751727615598256, -0.1172098631482928, -0.12579147834262272] - [-0.0862168077412506, 0.5815349255903106, -0.23539190177716388, -0.2599387499511329] - [-0.0038386574302352347, -0.0045229185864605476, 0.0011066045110059968, 0.007239862370893021]
B1: 2.5294715288234576e-06 - 2.167469867191878e-06 - 2.9776496997167517e-06 - 4.301666282034215e-07
B2: -2.3250785260090804e-06 - -6.01333580261315e-06 - -3.888589595430019e-06 - 9.420364878781226e-06
