Number: 7659
Error: 6.094472307039368e-16
A1: [0.08043171077484929, -0.18046778466324562, -0.01958883091426396, 0.1196249978254558] - [0.037415627849318116, 0.13359643399430404, -0.1347261384380754, -0.036285777268346565] - [-0.0017027844817731072, 0.22819015103704776, -0.12282834816474138, -0.10365887570265647] - [0.038863258638152674, -0.11448099441133641, -0.046416417202169304, 0.12203425214692]
A2: [0.03530751388950562, -0.029273404772843438, -0.07569728260856307, 0.06966348187373483] - [0.10289383365190591, 0.2828967849506137, -0.3926063159929984, 0.006816082897276716] - [-0.011187204899536425, 0.5390144851528494, -0.35945111479123987, -0.16837657511088647] - [0.097862770841226, 0.017463287798947468, -0.16885103770805684, 0.053524848397638]
B1: 1.0903727295218933e-08 - 4.803356402239426e-08 - 1.0544339530905435e-08 - 2.082269014393214e-08
B2: 2.078004888537181e-08 - 1.666758710292082e-08 - 3.3318531652304667e-08 - 1.766666435540117e-08
