Number: 3776
Error: 7.278779266032153e-16
A1: [0.06621324020803504, -0.11395202249099579, -0.02398389179978756, 0.07172292657767697] - [0.03740264007995644, 0.18819339614178004, -0.14740891930038202, -0.07818698269659635] - [-0.06022928147559675, 0.3289508864220329, -0.12775302176254066, -0.1409682347611649] - [0.03904614734893301, -0.05332269725633599, -0.03741860179802188, 0.0516951091053281]
A2: [-0.009108518984768473, -0.346803125211131, 0.24945514758775253, 0.10645673944323562] - [0.08003982798962704, 0.03628225936772376, -0.050250109830465226, -0.06607195704500726] - [-0.04245279168754102, 0.23083192173719602, -0.040531215785140455, -0.14784780825974436] - [0.06813478089096803, -0.29346784988851743, 0.14177124295714413, 0.08356186282217039]
B1: 2.143576085655846e-08 - 1.9382160783738777e-08 - 2.76316984374095e-08 - 5.835144103997383e-09
B2: 2.4696781878336157e-09 - 1.9424238740416026e-08 - -3.5397218818327237e-09 - 5.413199194189114e-08
