Number: 9909
Error: 8.481700425972651e-16
A1: [0.05317249250545119, -0.14800132863177434, -0.02699910489198483, 0.12182776431946735] - [0.005313701592406333, 0.13083667602493992, -0.11360076199404893, -0.02254978162638817] - [-0.014444528593882728, 0.22309156879320902, -0.1270412315729386, -0.08160598503480895] - [0.027146444877740927, -0.1000200532562156, -0.04942452364968919, 0.12229810514707407]
A2: [0.08925454342134587, -0.07291328837868988, -0.12362734053012707, 0.10728646620342926] - [0.10884174459622985, 0.24981419691131837, -0.40484527404891335, 0.04618949615118475] - [0.03663591242589212, 0.4625551000154705, -0.37771746909245285, -0.12147328721753026] - [0.14342648914748737, -0.04460656758308191, -0.20149948085082509, 0.10267991927127425]
B1: 2.0407582446920198e-08 - -2.0254262877540246e-09 - -7.770279586443444e-09 - -4.8221097543361034e-09
B2: -7.852881555698133e-09 - -7.896468322659323e-09 - -1.2087582653136325e-08 - 1.3022804792978548e-08
