Number: 3530
Error: 3.158225278368384e-11
A1: [0.06621216706518444, -0.11395307253851383, -0.023984965144384567, 0.07172185589527541] - [0.03739390905752401, 0.18818505334240893, -0.14741750296612335, -0.07819556606701121] - [-0.060211615080479876, 0.3289678574416639, -0.12773573134342972, -0.14095104155169652] - [0.0390512616050392, -0.053317844053509325, -0.03741365472758068, 0.051700017096207786]
A2: [-0.009068012520245089, -0.34676015412515854, 0.24949598494444888, 0.10649920806716667] - [0.07999717371014345, 0.0362363093036506, -0.05029672888469028, -0.06611897160654388] - [-0.04247926345219819, 0.2308027062397896, -0.040559583367017524, -0.14787708618412074] - [0.06819979761872234, -0.29339626459701634, 0.1418417305448194, 0.08363475977820445]
B1: 2.639501610505159e-06 - 2.318300372278676e-05 - -7.961787045752258e-06 - 2.6075298048937207e-06
B2: 2.8609175652747255e-06 - 5.105004102194342e-06 - 7.265541639520013e-06 - 9.89659638267833e-06
