Number: 3494
Error: 2.981124213906424e-10
A1: [0.06624714392152815, -0.11391887761619168, -0.023950021658501318, 0.07175677497982703] - [0.03740326567690082, 0.18819399139069976, -0.14740829803963096, -0.07818636956188622] - [-0.06023101719222738, 0.32894922281939715, -0.1277547150462322, -0.14096992944250294] - [0.038991133036376725, -0.053374919762011155, -0.03747181889439456, 0.05164232043616249]
A2: [-0.009107494424644659, -0.3468020384335357, 0.24945618914766504, 0.10645782297081795] - [0.08000024786061091, 0.03623961919811072, -0.05029337077628968, -0.06611557960202945] - [-0.04239761596421805, 0.23089280161510078, -0.04047209192414994, -0.14778679774659495] - [0.06811796080140288, -0.29348636718775256, 0.1417530216485438, 0.08354301205685126]
B1: -1.6383494420267438e-07 - 1.595201430716383e-05 - 2.2942798538334217e-05 - -1.2073891485331029e-05
B2: 2.0762680724249994e-05 - -2.613278713604878e-05 - -5.659483768769406e-06 - -1.6136913982683136e-05
