Number: 5981
Error: 1.812607709679269e-11
A1: [0.08041555800849208, -0.18048393542814303, -0.01960496349454062, 0.11960884738884266] - [0.03742090047572541, 0.1336017023022148, -0.13472087728661136, -0.036280508116614325] - [-0.0017094996704287784, 0.22818343608376337, -0.1228350531429242, -0.10366558891173457] - [0.03885218411816971, -0.11449203765108547, -0.04642748403665071, 0.1220231848322195]
A2: [0.03525100885079074, -0.02933006693804652, -0.07575100709687915, 0.06960434319653691] - [0.10285282912606586, 0.2828554317736002, -0.392645975339592, 0.006773145000527003] - [-0.011167507224111198, 0.539034300641783, -0.35943247052190164, -0.16835581898152902] - [0.0978468687753791, 0.01744731329852923, -0.16886617550142818, 0.05350815642982306]
B1: -2.256342300170366e-06 - 7.744899037609543e-06 - 2.9003251495934343e-06 - -2.4741267840172764e-06
B2: -6.227582434057852e-06 - 4.689309182317864e-06 - -2.3675806632167107e-06 - -7.497205821315727e-07
