Number: 5747
Error: 0.002484158100055895
A1: [-0.044370126552366336, -0.3104598162990565, -0.1486682359560319, -0.007802425138237472] - [-0.04568230081799829, 0.03057592428909952, -0.2293357711485811, -0.12681147175524599] - [-0.20191522557553995, 0.04885537841233604, -0.3170520943626107, -0.2994902288975387] - [-0.2114841240007728, -0.3320558118790946, -0.2832751482721091, -0.1195601992802902]
A2: [0.1485489852723266, 0.0863823298080134, 0.04761825868026981, 0.17850359950030154] - [0.2210272589270848, 0.408013606611754, -0.28740903285204, 0.11198014341811191] - [0.11326283664407474, 0.670460644040392, -0.2368466594643806, -0.05647776962355418] - [0.21664610162412848, 0.14168370017977483, -0.04777604209500644, 0.1617705236900486]
B1: 0.07873443877216747 - -0.005356345302590108 - 0.070674015357732 - 0.07126499545719145
B2: 0.06040621779929344 - 0.06299821990587785 - 0.03516276913930533 - 0.04996639434235334
