Number: 1537
Error: 1.0922804039288626e-08
A1: [-0.00728508537869715, -0.015092396114506102, 0.0028952433440637706, 0.019354206189059767] - [0.06740892069909774, 0.1904445414109491, -0.14613341291733453, -0.10921473217507899] - [-0.11295736403658738, 0.4414202598018818, -0.07117736174095277, -0.25850253146050767] - [-0.02439022646643321, 0.014340937469548037, -0.03097649945712063, 0.037834024705520754]
A2: [0.13169995167958204, -0.22451661874296486, 0.02277835444824543, 0.07027206317607565] - [0.03272673096791663, 0.20382832869557563, -0.11480809062786075, -0.12137884351433266] - [-0.09456686581197042, 0.5555945294155776, -0.23514789518470033, -0.2255809435082922] - [-0.02084559647658597, -0.01929376276581214, 0.00809938869332755, 0.032164181803634215]
B1: 0.0002342867407500112 - -5.40962052021543e-05 - 0.00019574360485263612 - 0.00012968815587285364
B2: 0.0001967912027110827 - 0.00037800573622317606 - 0.00020628353837247456 - 2.0793964701519456e-05
