Number: 1034
Error: 0.00022446510449837436
A1: [-0.012135555698155248, -0.027647714005426732, -0.0029825285016623557, 0.004982334194539976] - [0.052306780618071806, 0.176044834800077, -0.16188951714823283, -0.1260236356584735] - [-0.16237142407132574, 0.3681584965875423, -0.13745903644234764, -0.33770969189142114] - [-0.18403411162986572, -0.16213189837099962, -0.1991480515744914, -0.15062526762756606]
A2: [0.15242434942165367, -0.19167740689609483, 0.02276356557364457, 0.06010748804914666] - [0.05046573907329773, 0.2210238230330426, -0.09779330920303203, -0.10632373046986801] - [-0.12373688860299721, 0.5397583044195086, -0.25907477974260373, -0.273787078642193] - [-0.028240454681519124, -0.0270113625259567, -0.006282349180717445, 0.015075116682762292]
B1: -0.012295752070523774 - 0.015835783124550615 - -0.013930154716651363 - -0.005906305384827008
B2: -0.022543701174137894 - -0.015605854870796292 - 0.015885044986459273 - 0.018948068027665868
