Number: 2415
Error: 5.4762265001134535e-06
A1: [0.07098132331310643, -0.04089429333281847, -0.01646452707982659, 0.014991372425495787] - [0.03301139608812067, 0.18086629772025817, -0.1537643145524853, -0.10418615612293546] - [-0.13572601948066956, 0.40304356106751227, -0.1173661878981062, -0.19933279141765914] - [0.02834890568019132, 0.010909405511011999, -0.041670012602628696, -0.03142471095213722]
A2: [0.052648363686863466, -0.18419199140195638, 0.07608751924532983, 0.013735430815430813] - [0.02718867154082106, 0.19825639444112064, -0.10386105914910466, -0.12999359873315333] - [-0.09577775036860735, 0.5117975490901967, -0.22715612970416316, -0.19684992176999788] - [-0.025771219897753692, 0.018777717824721936, -0.04952973584034898, 0.057302165633640614]
B1: -0.0009645282989141327 - -0.00033364719489898395 - -0.0015788913590042992 - 0.0005012324506571892
B2: -0.005761010334190582 - -0.0045999619509548674 - 0.0015187452627727174 - -0.0023027504917987815
