Number: 4004
Error: 7.681762233489412e-16
A1: [0.06621316931814897, -0.11395209179671623, -0.023983962634029136, 0.07172285580677087] - [0.03740258706739538, 0.18819334549188868, -0.1474089714157834, -0.07818703481660767] - [-0.06022939863196932, 0.32895077389981814, -0.1277531364048118, -0.14096834878682712] - [0.03904619525309966, -0.0533226517875237, -0.037418555452344675, 0.051695155074664316]
A2: [-0.009108649208891892, -0.3468032633586596, 0.24945501630996053, 0.10645660291029335] - [0.08003980141281715, 0.03628223073687739, -0.05025013887741357, -0.06607198633860813] - [-0.04245290628167613, 0.230831795263909, -0.040531338588791585, -0.14784793499663] - [0.06813474871358767, -0.293467885317266, 0.1417712080736984, 0.0835618267453212]
B1: 3.4250995828388483e-08 - 4.486056658969249e-09 - 1.4347198768642094e-08 - 2.2393330167418425e-08
B2: 1.4253756625446458e-08 - -8.397336007206555e-09 - 1.817247907652971e-08 - 3.1360409207274487e-08
