Number: 4716
Error: 8.318247711089434e-16
A1: [0.06621314342940265, -0.11395211710695774, -0.023983988502488555, 0.07172282996143146] - [0.03740257764351535, 0.18819333648800782, -0.14740898068017927, -0.0781870440818477] - [-0.06022945719207813, 0.32895071765598466, -0.12775319370834384, -0.14096840578192418] - [0.039046078689384894, -0.05332276242540919, -0.03741866822384688, 0.05169504321881628]
A2: [-0.009108414802629548, -0.3468030146904127, 0.24945525261264243, 0.10645684867219841] - [0.08003986009645807, 0.03628229395598466, -0.05025007473948363, -0.06607192165608736] - [-0.04245280146903741, 0.23083191094169103, -0.04053122626727358, -0.1478478190777277] - [0.06813481480065936, -0.29346781255258203, 0.14177127971817746, 0.08356190084106495]
B1: -4.9554393309510654e-08 - 7.439013481685726e-08 - 6.369056701289084e-09 - 8.279084240752288e-09
B2: 2.811380000378544e-09 - -3.8056686660814256e-11 - -1.2338508063139587e-08 - 3.351427851048814e-08
