Number: 8110
Error: 9.597046410455209e-16
A1: [0.08043162755768761, -0.1804678678709906, -0.0195889140319513, 0.11962491461778609] - [0.037415669790616606, 0.1335964759038783, -0.13472609658027523, -0.036285735350250224] - [-0.001702837579651701, 0.2281900979402993, -0.12282840118488327, -0.10365892878636716] - [0.03886321285899288, -0.11448104006202274, -0.04641646295216791, 0.12203420639620946]
A2: [0.03530739073363336, -0.02927352826933358, -0.0756973997037243, 0.06966335297789215] - [0.1028937502313646, 0.2828967008220823, -0.39260639667627395, 0.0068159955438122696] - [-0.011187047566479934, 0.5390146434242827, -0.3594509658718971, -0.16837640932376163] - [0.09786282173280524, 0.017463338921979533, -0.16885098926251021, 0.05352490181715045]
B1: -2.8716582729574456e-08 - -2.885194219665682e-11 - 1.6223721469758008e-08 - 5.345987266044193e-09
B2: -4.072422802661567e-08 - 5.538374809180219e-08 - -1.5161323366234676e-08 - -9.13717819935132e-09
