Number: 3460
Error: 9.066645534603222e-09
A1: [0.06600648405215821, -0.11415421022330176, -0.024190558873407188, 0.07151648668430899] - [0.03698871566734333, 0.18779793015097854, -0.14781574755716878, -0.07859391668967944] - [-0.06030227748249055, 0.3288807709137118, -0.1278243985280485, -0.14103936512354293] - [0.03866551813924407, -0.05368388014922781, -0.03778665403560858, 0.0513299059850835]
A2: [-0.009281281413638277, -0.34698632114761907, 0.2492810200321641, 0.1062757983099113] - [0.08004109332903941, 0.036283615073933476, -0.05024874305252159, -0.06607052756229044] - [-0.04217217758417306, 0.23114145616954399, -0.040230556130329366, -0.14753757018749666] - [0.06800988844163708, -0.2936053606929525, 0.14163594789711573, 0.08342191432798976]
B1: -2.954249826567915e-06 - -1.0212547842671845e-05 - -7.73286049232435e-05 - 8.547675443556204e-06
B2: -0.00028678845415235245 - 0.00015443876821837364 - -6.385136586885498e-05 - -0.0001717326591302818
