Number: 6616
Error: 7.43770728097797e-16
A1: [0.0804316826479829, -0.18046781278691934, -0.01958885900750483, 0.11962496970179862] - [0.03741559994650289, 0.13359640611260945, -0.13472616628530962, -0.03628580515571112] - [-0.0017028512329316187, 0.22819008428731735, -0.12282841481817275, -0.10365894243600737] - [0.03886324697901899, -0.1144810060377425, -0.04641642885387703, 0.12203424049503192]
A2: [0.035307470001408374, -0.02927344878233445, -0.0756973243368772, 0.06966343594016122] - [0.10289376111412525, 0.282896711797197, -0.3926063861506372, 0.0068160069396682585] - [-0.01118705282912342, 0.5390146381302975, -0.3594509708532213, -0.1683764148690561] - [0.09786284373419568, 0.017463361023477106, -0.16885096831865273, 0.053524924911507676]
B1: 3.916907077323051e-09 - 6.681882778599779e-09 - 1.167005061264879e-08 - 6.700584818544331e-09
B2: 8.742966373896428e-09 - 1.7185021169115777e-08 - -1.4422959959328767e-08 - 2.0990878685319015e-08
