Number: 348
Error: 6.881214955306003e-10
A1: [-0.01222446604649059, -0.014590167428441544, 0.01800873309675511, 0.008507167323118119] - [0.06585688680954543, 0.1895160884407707, -0.14530018632235825, -0.10998445442807182] - [-0.09623160033667663, 0.42184550958432104, -0.05339062205799199, -0.27196412195967884] - [-0.0013190438655091158, -0.018216879846015045, -0.003832489349250471, 0.023379573604307105]
A2: [0.16160499606149845, -0.16773685051518344, 0.00851923696393475, -0.002315260484201365] - [0.035480631086245315, 0.20751170751960568, -0.11721550032411064, -0.12579701375967872] - [-0.0861877215259956, 0.5815634130951083, -0.2353636025024969, -0.2599103953333227] - [-0.003818478810982894, -0.004503065193996209, 0.0011265975964443113, 0.007259184101349614]
B1: 3.547101083188185e-06 - -4.6259984561912994e-05 - 6.458456910512418e-06 - 1.7180440398558704e-05
B2: 0.0001151985167563517 - -1.0094541714193944e-05 - -6.855199065779077e-05 - -4.9989462351319826e-05
