Number: 7615
Error: 8.937215094176532e-16
A1: [0.08043172929371295, -0.1804677661464798, -0.019588812417557586, 0.11962501634219548] - [0.03741564433808491, 0.13359645047059113, -0.13472612198217665, -0.03628576078872196] - [-0.0017027800635736662, 0.22819015545515287, -0.12282834375302037, -0.10365887128564183] - [0.038863276958379434, -0.11448097614252327, -0.04641639889363066, 0.12203427045575169]
A2: [0.03530747273937942, -0.02927344603678267, -0.07569732173361336, 0.06966343880570072] - [0.10289374784589689, 0.2828966984163701, -0.3926063989834843, 0.006815993045900204] - [-0.01118697136279214, 0.5390147200825148, -0.3594508937434299, -0.16837632902529012] - [0.09786289017558163, 0.017463407676104246, -0.16885092410938124, 0.05352497365975604]
B1: -5.153289029283163e-10 - -1.3223833516675097e-08 - 2.043773539030548e-08 - 8.33524786933945e-09
B2: 1.869145009153333e-09 - 4.258707735048403e-09 - 1.0759962010465968e-08 - 2.2733879996871755e-09
