Number: 1672
Error: 9.090790377524034e-08
A1: [-0.00570818657870498, -0.013502096509303375, 0.00453548007104956, 0.02096345020336741] - [0.06811708849594937, 0.19112602277388685, -0.14540250904470914, -0.10842666425735921] - [-0.11352979601234935, 0.44084771763458014, -0.07177818927157807, -0.25913439802014765] - [-0.021940325633216386, 0.016743523353184016, -0.028475969352049227, 0.04041167638802692]
A2: [0.13207057474654407, -0.22415320649592138, 0.023133975134116098, 0.07062715709468662] - [0.032607979981114345, 0.2037116058814566, -0.11492681465108952, -0.12149396404832653] - [-0.09370417226263204, 0.5564476998268939, -0.23430109839087365, -0.22473621508691347] - [-0.02133193758530944, -0.019783963825164102, 0.00761211272416391, 0.03169104121153905]
B1: 0.0004856346060140587 - 0.0010552882154150004 - 0.0006593816962457555 - 8.611724037918588e-05
B2: 0.0003431498910564378 - 0.000640394995906933 - 0.0004200767668914632 - 0.00011357626328418552
