Number: 1929
Error: 2.3324788902893265e-06
A1: [-0.00604361524886646, -0.013759232656614474, 0.004187138654999803, 0.020596708360544048] - [0.07568714790193598, 0.19840957083443742, -0.13756729250767447, -0.10005269180567308] - [-0.11752169236930878, 0.43679308842074366, -0.07613473120267483, -0.263548644310225] - [-0.030073151233796298, 0.008653745099012653, -0.0369943287905318, 0.03176693123110335]
A2: [0.13748756130045667, -0.21888987760302836, 0.028273081446853206, 0.07576931138106775] - [0.029666625405864552, 0.2008477845402667, -0.11784011599741825, -0.12435062195881383] - [-0.08911269275858756, 0.5609289561081864, -0.22982499794728165, -0.2201963304937698] - [-0.015753409764391723, -0.014388499644572582, 0.013020692763030035, 0.03693997390277489]
B1: 0.00018594033184927104 - 0.0015613011694407437 - -0.0006837268434596894 - 3.536335172292645e-05
B2: 0.0022110819358762144 - 0.002552448363040214 - -0.0007127940499898958 - -0.001250892042959909
