Number: 8035
Error: 1.1016051846503881e-15
A1: [0.08043176549014948, -0.18046772995414162, -0.019588776264394186, 0.11962505253450373] - [0.03741550258446523, 0.13359630882426196, -0.13472626345329702, -0.03628590246379545] - [-0.0017028012611864142, 0.22819013425799303, -0.12282836491958778, -0.10365889247759164] - [0.038863296831162235, -0.11448095632550777, -0.04641637903349719, 0.12203429031619177]
A2: [0.035307448506144506, -0.029273470337041554, -0.0756973447742626, 0.06966341344299011] - [0.1028937909693921, 0.28289674190584707, -0.3926063572749596, 0.00681603820243574] - [-0.011187153540384537, 0.5390145368183079, -0.3594510661786729, -0.1683765209919768] - [0.09786281088672633, 0.017463328026577796, -0.16885099958728902, 0.05352489043232041]
B1: 1.9691140939868697e-08 - -8.575024392505611e-09 - -1.1277643866778834e-08 - -4.406596804872582e-09
B2: 2.4605476529627693e-08 - -4.861226056089487e-08 - -5.80309131103529e-10 - 1.6936135954148684e-08
