Number: 5442
Error: 6.998286987684022e-16
A1: [0.06621311893763203, -0.11395214105135987, -0.023984012975017965, 0.07172280551077949] - [0.03740269548320562, 0.18819344907602356, -0.1474088648346148, -0.07818692822604918] - [-0.060229460188566425, 0.3289507147776119, -0.12775319664042983, -0.14096840869814056] - [0.039046238725408314, -0.0533226105248349, -0.03741851339395941, 0.05169519679151138]
A2: [-0.009109187524343934, -0.3468038344247092, 0.24945447363875345, 0.10645603851783962] - [0.0800399212760775, 0.036282359863901874, -0.05025000787343285, -0.06607185422259441] - [-0.04245275919801772, 0.23083195759428324, -0.04053118096860103, -0.14784777232791263] - [0.06813473804503899, -0.293467897063699, 0.141771196507332, 0.08356181478411456]
B1: 3.494804653867097e-08 - 1.9658282155078796e-07 - -1.2839060710687606e-08 - -6.860332516510502e-08
B2: 3.7454649806817005e-08 - 1.0108505608248034e-07 - 6.810091212321612e-09 - 6.066260867062057e-08
