Number: 8356
Error: 1.3403601688193234e-15
A1: [0.08043168594865281, -0.18046780948664382, -0.019588855710835896, 0.11962497300205822] - [0.037415608199936404, 0.13359641435983946, -0.13472615804816454, -0.036285796906747936] - [-0.0017028113390594468, 0.22819012418033455, -0.12282837498271014, -0.10365890255277059] - [0.0388632324297193, -0.11448102054621602, -0.046416443393927455, 0.12203422595476017]
A2: [0.035307272956126325, -0.02927364637254053, -0.07569751168534301, 0.06966322971124508] - [0.1028937135580482, 0.2828966638375472, -0.39260643214625013, 0.006815957141545791] - [-0.011187145801467664, 0.5390145446033558, -0.3594510588536449, -0.168376512837194] - [0.09786282665598618, 0.017463343867535765, -0.16885098457594178, 0.05352490698485869]
B1: -2.5977644797616646e-08 - 8.49604557684591e-09 - -2.1869616375860028e-09 - 6.268934807198818e-09
B2: 1.0722480129337968e-08 - 2.6331235553028435e-08 - 1.670999798056877e-08 - 6.8293215941502005e-09
