Number: 6275
Error: 8.803523872685473e-16
A1: [0.0804316490504484, -0.18046784638064503, -0.01958889256486579, 0.1196249361081038] - [0.03741555143889344, 0.13359635764171668, -0.13472621469626656, -0.03628585363644732] - [-0.0017028300518829936, 0.22819010546791726, -0.12282839366813733, -0.10365892126060922] - [0.03886321075618053, -0.11448104215892323, -0.04641646505363532, 0.12203420429470911]
A2: [0.03530747682658258, -0.029273441938284787, -0.07569731784759562, 0.0696634430834571] - [0.10289368713981757, 0.2828966371950578, -0.3926064576976046, 0.006815929477727668] - [-0.01118715762668871, 0.5390145327076551, -0.35945107004634563, -0.16837652529797392] - [0.09786276930153215, 0.017463286252241285, -0.16885103917369934, 0.05352484678140478]
B1: 8.546757863541284e-09 - -1.8787442024902567e-08 - -3.049239773479894e-08 - -1.1359638121302112e-08
B2: -2.3798524177901613e-08 - -2.2590677326877578e-08 - -3.1158332712369492e-09 - -1.1455893216122805e-08
