Number: 9489
Error: 1.2763573387464106e-13
A1: [0.05317315313099202, -0.1480006677882437, -0.026998445011136303, 0.12182842526430876] - [0.005313529175331337, 0.1308365034066201, -0.1136009344046406, -0.022549954291675858] - [-0.01444469900023566, 0.22309139831210506, -0.12704140185764043, -0.08160615551237259] - [0.02714545578318031, -0.10002104229319567, -0.049425514774970744, 0.1222971135978989]
A2: [0.08924952492269268, -0.07291829525406308, -0.1236322459211288, 0.10728138589408534] - [0.10884007073403612, 0.24981252275971033, -0.4048469147607976, 0.04618779412916333] - [0.03663427976304855, 0.46255347586325823, -0.3777190619904483, -0.12147493680216614] - [0.14342553002183667, -0.04460752313004411, -0.20150041734263907, 0.1026789459262597]
B1: 3.0634359014152415e-07 - -8.851187163672514e-08 - -1.0558664006840664e-07 - -3.82067142355972e-07
B2: 9.434154282488227e-08 - 1.3464043442399556e-07 - 3.5604027100191515e-08 - 5.205001894201475e-07
