Number: 3462
Error: 1.0568720976624006e-08
A1: [0.06603656030045534, -0.11412479932993298, -0.024160494996747092, 0.07154651783353398] - [0.0369976536465208, 0.18780647058874525, -0.14780696952435268, -0.07858513541307716] - [-0.06029746319727977, 0.3288853952959329, -0.12781968266066754, -0.14103466549055707] - [0.038767686508701486, -0.053586927758393875, -0.03768783887097796, 0.051427938211105646]
A2: [-0.009287642690356033, -0.3469930774432728, 0.24927460112679525, 0.10626910015238956] - [0.0800722339369399, 0.036317163168357286, -0.05021469904457036, -0.0660362037361659] - [-0.042293918698677296, 0.23100712854702588, -0.04036101934670337, -0.1476721953094322] - [0.06798424161062651, -0.29363359103044484, 0.1416081270178411, 0.08339314979418493]
B1: -0.00010696524298721602 - -6.36897521327582e-05 - -9.157689617599845e-05 - -9.850491766960628e-05
B2: -0.00018732020276555753 - 0.00023523853971882147 - 2.819500756390949e-05 - -7.782540613290176e-05
