Number: 6855
Error: 9.53807892966382e-16
A1: [0.08043165796796653, -0.1804678374641401, -0.01958888365801213, 0.11962494502460055] - [0.03741555849190171, 0.1335963646893836, -0.13472620765731247, -0.0362858465873495] - [-0.0017028517078397569, 0.22819008381241707, -0.12282841529238492, -0.10365894291078848] - [0.038863200185534096, -0.11448105269990608, -0.04641647561754605, 0.12203419373062903]
A2: [0.03530741943636522, -0.029273499487234553, -0.07569737241346347, 0.06966338301834679] - [0.10289376042119094, 0.28289671109838144, -0.39260638682083326, 0.006816006214062674] - [-0.011187081233302669, 0.5390146095566923, -0.359450997738374, -0.16837644479955696] - [0.09786281513042712, 0.017463332289597077, -0.16885099554757643, 0.053524894886847314]
B1: 9.782012781662137e-09 - -2.1091780050672307e-08 - 1.3769579512513995e-08 - 3.710938514497e-09
B2: 3.0985036245188864e-09 - 1.5373851057374652e-09 - -5.05286544041419e-09 - 1.4214477750484831e-09
