Number: 5079
Error: 7.20485995540716e-16
A1: [0.06621327054654194, -0.11395199283041031, -0.02398386148508851, 0.07172295686526096] - [0.037402623968395714, 0.18819338074832256, -0.14740893513924005, -0.0781869985368833] - [-0.06022935117330414, 0.32895081948123084, -0.12775308996456666, -0.14096830259614107] - [0.039046196455116075, -0.05332265064642298, -0.037418554289262655, 0.05169515622827141]
A2: [-0.009108630317594209, -0.34680324331772755, 0.2494550353540194, 0.10645662271696753] - [0.08003985556286072, 0.036282289072015785, -0.050250079694408305, -0.06607192665311229] - [-0.0424528026862035, 0.23083190959835265, -0.040531227571625, -0.14784782042389538] - [0.06813478122038177, -0.2934678495258611, 0.14177124331399213, 0.08356186319144898]
B1: -7.687033890725109e-09 - 3.341478732543671e-08 - 2.557565161263613e-08 - 1.887446041057765e-08
B2: 3.566049890088343e-08 - 2.864020947347878e-09 - 6.867788549749363e-08 - -1.881255377583463e-08
