Number: 3159
Error: 3.736910110275946e-05
A1: [0.06420436860890397, -0.04695567562184288, -0.022203376466149637, 0.009405468373431581] - [0.037584585484717214, 0.1854276381615595, -0.1487363786891209, -0.09914635745025717] - [-0.11634345075809542, 0.42227714790459264, -0.09696562350664184, -0.17880982003343449] - [0.052673493720261935, 0.035170182165081366, -0.01711338954017307, -0.006442335976847907]
A2: [0.04102597724372425, -0.1963195419347674, 0.06406300312800856, 0.0011688867115921013] - [0.02420856304652612, 0.19522829069241848, -0.1067845685107621, -0.13295207409096668] - [-0.11442475217473012, 0.4932707517214632, -0.24666248375375052, -0.21513529410570276] - [-0.04780481191061328, -0.002733865328461444, -0.07216264678302252, 0.03617570238989037]
B1: -0.01667877611325299 - -0.006464805333664603 - 0.0012685978631898293 - 0.005338987097475953
B2: 0.0014561482351864207 - 0.003188964264780908 - -0.0009363871258143124 - -0.00013395756995287795
