Number: 2526
Error: 1.455401236939255e-08
A1: [0.06347008433655317, -0.04783247615224302, -0.023406120059072198, 0.007891078585745672] - [0.04392904770470886, 0.1915271896906265, -0.14229278839573556, -0.0922224478804266] - [-0.12337556028501497, 0.4149371008109707, -0.10478050764079887, -0.18699490499470553] - [0.036924908003650045, 0.019096308604792032, -0.03320593692349942, -0.02312548783077706]
A2: [0.06286571310045974, -0.17426820432500698, 0.08575390115981021, 0.023391752771603894] - [0.029022949955922365, 0.20003618421894828, -0.10197589155468202, -0.12813433346574954] - [-0.09452788099686768, 0.5125860517907812, -0.226729654326602, -0.1961802321877773] - [-0.026298322671352767, 0.018156580511307318, -0.0506669222805843, 0.05661416068349106]
B1: 0.00020992831726042804 - 0.00034266007200141644 - -0.00024005102040898572 - -0.00013798693300557546
B2: -1.1337173600454192e-05 - -7.93071522186952e-05 - -3.172424734035998e-05 - -4.3901628403404886e-05
