Number: 7758
Error: 7.565298453765993e-16
A1: [0.08043168440125188, -0.18046781103385698, -0.0195888572563255, 0.11962497145487108] - [0.037415518475418484, 0.13359632470318059, -0.13472624759404658, -0.03628588658166163] - [-0.0017028400384879407, 0.22819009548151759, -0.12282840364011252, -0.10365893124454414] - [0.03886322846941008, -0.11448102449541674, -0.04641644735168804, 0.12203422199692718]
A2: [0.03530743573452959, -0.029273483143980945, -0.07569735691738468, 0.06966340007614652] - [0.10289370795438577, 0.28289665818630105, -0.3926064375660489, 0.006815951273686352] - [-0.011187095727553385, 0.5390145949759826, -0.35945101145747727, -0.16837646007267387] - [0.09786280693741012, 0.01746332405931589, -0.16885100334679193, 0.05352488628684199]
B1: -1.4301150314543701e-08 - -3.036648922793161e-08 - -1.2521121483543937e-08 - -1.2977167938324264e-08
B2: -1.8261265461415e-08 - -2.634991236225145e-08 - -2.9087262233600773e-08 - -1.4264588992888874e-08
