Number: 4797
Error: 1.1904614276374294e-15
A1: [0.06621314470543838, -0.11395211585943103, -0.023983987227448666, 0.07172283123532827] - [0.03740258398243084, 0.18819334254441353, -0.14740897444853684, -0.07818703784965529] - [-0.060229360142351036, 0.3289508108669658, -0.12775309874116908, -0.14096831132554152] - [0.039046158800907005, -0.05332268638646603, -0.03741859071854609, 0.051695120094783664]
A2: [-0.009108523092238079, -0.3468031295686496, 0.24945514344689468, 0.10645673513661548] - [0.08003990133117977, 0.036282338377570986, -0.05025002967229612, -0.06607187620624005] - [-0.04245273154028415, 0.2308319881192561, -0.040531151328938406, -0.1478477417393151] - [0.06813482590621643, -0.2934678003249174, 0.1417712917576805, 0.08356191329241133]
B1: 1.8682351613724175e-08 - 3.343578182175006e-09 - -1.2418467105794586e-08 - -2.2210167437458178e-08
B2: -6.5246153907706475e-09 - -4.50832110798514e-09 - -7.674541717049738e-09 - 1.7137773046740067e-08
