Number: 1494
Error: 1.405018699778556e-08
A1: [-0.00761579670825356, -0.01542611258914435, 0.0025515818615890608, 0.019014561678471327] - [0.06664748646467727, 0.1897119411612142, -0.14692041750870424, -0.11006176935416101] - [-0.11219303343116928, 0.44216998589304823, -0.0703804465278734, -0.25767467793722787] - [-0.024320227020626098, 0.014409613998031588, -0.030905045719771665, 0.03790794900660242]
A2: [0.13169438012308854, -0.22452183110326873, 0.022773082470942223, 0.07026644179091654] - [0.03270569253270945, 0.2038077300420074, -0.11482908008627282, -0.12139933296582336] - [-0.09456179728499853, 0.5555997191116011, -0.2351428149664064, -0.22557597612884156] - [-0.02089358984187934, -0.019341224507203728, 0.008052131293541239, 0.03211770872169809]
B1: 2.623435457912742e-06 - -4.3037083793288377e-05 - -4.2077225488626364e-05 - -1.4099591305326895e-05
B2: -0.00014738957631283062 - -6.1655763231498e-05 - -0.0002312214265941322 - 0.00032378653737201007
