Number: 715
Error: 2.3655367655804164e-14
A1: [-0.012153308868262824, -0.014517082827973602, 0.018087377313608217, 0.008583188142304476] - [0.06583510981056312, 0.18949514006585605, -0.1453227001303774, -0.11000870060889827] - [-0.09629260877838988, 0.42178653957102685, -0.05345682839677744, -0.2720351921778966] - [-0.0013213076680845975, -0.018219059659860464, -0.0038349057342335767, 0.023376966177917964]
A2: [0.16158665471750147, -0.16775483811403374, 0.008501269130112454, -0.0023331339218979627] - [0.03548555986770668, 0.20751656074514563, -0.11721058718866348, -0.12579218965123393] - [-0.08621386726915072, 0.581537805802528, -0.23538904052412177, -0.2599358827440212] - [-0.0038350965912536832, -0.0045194169495617375, 0.0011101289108291982, 0.007243269068442514]
B1: -3.451276969597004e-08 - 1.4806870134271848e-07 - 5.5519909188708814e-08 - 1.1606505015243473e-07
B2: -4.981726741468146e-08 - 5.428923311178743e-08 - -1.4760741211856446e-07 - -7.26204698494228e-08
