Number: 622
Error: 4.2769032876497377e-14
A1: [-0.012154681613461237, -0.014518492780331238, 0.018085860015866827, 0.008581721204079636] - [0.06583521935156185, 0.18949524543981555, -0.1453225868746415, -0.11000857864615296] - [-0.09629350032959695, 0.42178567790525573, -0.05345779583471108, -0.27203623087825646] - [-0.0013224768555699384, -0.01822018408775415, -0.0038361502947459702, 0.023375614792074242]
A2: [0.16158689697044912, -0.1677546004204406, 0.008501506503887922, -0.0023328977579734826] - [0.03548558835978034, 0.20751658877926932, -0.11721055881615551, -0.12579216177866065] - [-0.08621326120227578, 0.5815383994462913, -0.2353884507952554, -0.25993529173624896] - [-0.0038349904917758405, -0.004519312611629838, 0.0011102339280437878, 0.0072433705781748126]
B1: 4.994301334693265e-07 - 4.249228571031173e-07 - 4.637749766475261e-07 - 1.7717801944069937e-07
B2: -1.095885394189938e-07 - 1.1573205792707533e-07 - 1.1051512440532044e-06 - 1.0176714373925918e-07
