Number: 8013
Error: 1.0277932494637772e-15
A1: [0.08043170853202611, -0.18046778690581602, -0.019588833154412604, 0.11962499558288542] - [0.03741561140445882, 0.13359641756189816, -0.13472615485012782, -0.03628579370408075] - [-0.0017027927193854866, 0.2281901427996119, -0.1228283563902932, -0.10365888393807023] - [0.038863255027497955, -0.11448099801185796, -0.04641642081052327, 0.12203424853850872]
A2: [0.03530743580020129, -0.029273483078123594, -0.0756973568549297, 0.0696634001448627] - [0.1028936900928708, 0.2828966401731984, -0.3926064548414836, 0.006815932570087836] - [-0.011187095786796228, 0.5390145949163607, -0.35945101151355746, -0.168376460135102] - [0.09786277726237547, 0.01746329424928933, -0.16885103159553977, 0.053524855137750744]
B1: -5.157353384460227e-09 - 2.198150327982725e-08 - 1.451170012989615e-10 - 8.586527269428898e-09
B2: 6.986778575780246e-08 - -1.1596313995661443e-07 - 9.706666584150412e-10 - 5.554863129750031e-08
