Number: 8390
Error: 7.79309819498042e-16
A1: [0.08043170628708, -0.1804677891505077, -0.019588835396717814, 0.11962499333817593] - [0.03741553517457793, 0.1335963413897269, -0.1347262309280375, -0.03628586989167931] - [-0.0017028300312978437, 0.2281901054884949, -0.12282839364758026, -0.10365892124002002] - [0.03886326055240273, -0.11448099250243854, -0.04641641528915207, 0.12203425405998218]
A2: [0.0353073470767471, -0.029273572046926127, -0.07569744121224871, 0.06966330728635413] - [0.10289381947714643, 0.2828967706555661, -0.3926063297025721, 0.006816068054150246] - [-0.011187065886045415, 0.5390146249954204, -0.35945098321178276, -0.16837642862771926] - [0.09786287299320044, 0.01746339041551767, -0.1688509404658176, 0.053524955623741724]
B1: -2.380372905324342e-08 - 6.529243321655683e-09 - 9.682445879407896e-09 - 3.2598367378149534e-08
B2: 2.3908532874757946e-08 - -2.6460903114631814e-08 - 7.641346815340233e-09 - 2.733220978597261e-08
