Number: 7115
Error: 9.21542060981052e-16
A1: [0.08043169632018154, -0.18046779911626823, -0.019588845351651517, 0.11962498337243643] - [0.037415601620385104, 0.13359640778522663, -0.13472616461475984, -0.036285803482755556] - [-0.0017027973783505684, 0.22819013814074537, -0.12282836104244534, -0.10365888859580001] - [0.03886323992317484, -0.11448101307378324, -0.04641643590522482, 0.12203423344357306]
A2: [0.035307351997755455, -0.029273567112368132, -0.07569743653325073, 0.06966331243654497] - [0.10289380611547999, 0.2828967571804852, -0.392606342625905, 0.00681605406265654] - [-0.011187097614068988, 0.5390145930782146, -0.359451013243124, -0.16837646206055312] - [0.0978627488809545, 0.017463265738779814, -0.16885105861279653, 0.05352482534647974]
B1: -1.6608361347954396e-08 - 2.905530394919037e-09 - 1.989510322015447e-08 - 2.79522638060345e-09
B2: -2.3234556298629853e-09 - -1.728818452812297e-09 - 1.1106910782812229e-08 - -3.810454109964175e-09
