Number: 6353
Error: 1.3513898443747051e-15
A1: [0.08043171885224955, -0.1804677765867514, -0.019588822846526743, 0.11962500590193131] - [0.03741563903179058, 0.13359644516831612, -0.1347261272778995, -0.03628576609207302] - [-0.0017027761120243013, 0.2281901594066228, -0.1228283398072547, -0.10365886733514833] - [0.03886328250268474, -0.11448097061377059, -0.046416393352848105, 0.12203427599661941]
A2: [0.03530736895907866, -0.029273550104139314, -0.07569742040658776, 0.06966333018835245] - [0.10289384677323038, 0.2828967981833059, -0.39260630330229074, 0.006816096637301359] - [-0.011186991090781567, 0.5390147002368868, -0.3594509124165766, -0.16837634981316565] - [0.09786281891677313, 0.017463336093167088, -0.1688509919432267, 0.053524898861286]
B1: -3.879140062345839e-08 - 3.198676707588909e-08 - 2.076369589484995e-08 - -6.469256612994696e-09
B2: -1.2559351131298062e-09 - -7.864373527816201e-09 - 2.0437724581521486e-08 - 5.4113163833812065e-09
