Number: 4303
Error: 1.4327271053979725e-15
A1: [0.06621308734155845, -0.11395217194141553, -0.023984044546295973, 0.0717227739677546] - [0.037402545885835796, 0.18819330614569948, -0.14740901190040911, -0.07818707530482219] - [-0.06022930996713831, 0.32895085905747345, -0.12775304964267914, -0.14096826249130098] - [0.039046252924497524, -0.0533225970479379, -0.03741849965714966, 0.05169521041680572]
A2: [-0.009108444954916178, -0.3468030466770736, 0.2494552222165337, 0.10645681705949048] - [0.08003986509391084, 0.03628229933966262, -0.050250069277601665, -0.06607191614779939] - [-0.04245281226235731, 0.23083189902949192, -0.040531237833940775, -0.1478478310147842] - [0.06813473144984691, -0.29346790432535297, 0.14177118935818403, 0.08356180738949888]
B1: -3.860743150188261e-08 - 3.187110286783841e-08 - 3.0920461693300676e-08 - 1.0036100106557746e-08
B2: 5.642216774420776e-08 - 2.1532476126793854e-08 - 4.8917698382188675e-08 - -9.85384001436774e-08
