Number: 1043
Error: 0.0002878517345692422
A1: [0.01099597169917138, -0.0017786223462139782, 0.022631453105018733, 0.03208081134741658] - [0.06516989392548724, 0.1882784807855222, -0.1486467310838169, -0.11176787705231726] - [-0.17849411787121444, 0.3656965188933923, -0.14660524470763642, -0.3420985845708194] - [0.008921838748166329, 0.03787179654963002, 0.00808807588953141, 0.0651006102974284]
A2: [0.10250288455534003, -0.24575590673096814, -0.014877058378334314, 0.03366583496925211] - [0.031629421401351075, 0.20265564188306628, -0.11585453670379578, -0.12343730947520486] - [-0.030623357817776295, 0.6272942795914163, -0.16619507378856863, -0.17304343741905276] - [-0.015659169981237103, -0.0149108851712266, 0.010661452025727743, 0.03374743608113496]
B1: -0.002786352640424108 - 0.01985650432689048 - 0.02746815267772781 - 0.006686579064834958
B2: 0.005358515871427315 - -0.009135892928990558 - -0.009593157052674495 - 0.01615535455010069
