Number: 4558
Error: 9.225184135514744e-16
A1: [0.06621305718619316, -0.11395220142292738, -0.02398407467801054, 0.0717227438629688] - [0.0374024680787633, 0.1881932318063002, -0.14740908839073263, -0.0781871518019354] - [-0.060229512390271446, 0.32895066464119904, -0.12775324772202418, -0.14096845950512954] - [0.03904618701984907, -0.05332265960212914, -0.03741856341769543, 0.0516951471739909]
A2: [-0.009108547258452952, -0.34680315520515437, 0.24945511908519027, 0.1064567097997236] - [0.08003983417823364, 0.03628226603464892, -0.050250103066633786, -0.06607195022374988] - [-0.04245285089517748, 0.2308318563919967, -0.04053127923424933, -0.14784787374108196] - [0.06813469426084696, -0.2934679452720066, 0.1417711490415636, 0.08356176569387995]
B1: -2.983114257915726e-08 - -3.9734300085375965e-08 - -1.6674894721588954e-09 - -1.3352608351989203e-08
B2: -4.6376735751060326e-08 - -7.062740201290017e-08 - 7.852947767935635e-08 - -2.1333752257149285e-08
