Number: 5687
Error: 0.0035340004205633804
A1: [0.02038244220644245, -0.15747921270517104, -0.06927993411376954, 0.02734198874611662] - [0.08144450940695497, 0.23188254681721882, -0.10380927262312183, -0.034076684437533034] - [-0.18679233745907764, 0.18641095576751632, -0.266355972935003, -0.2938727449701384] - [-0.006742520672618094, -0.08523818951296665, -0.07482618710801861, 0.02248623003074184]
A2: [-0.0775868017393281, -0.4236130894466573, 0.17605257328299528, 0.04569004583631865] - [0.08497884390181525, 0.04207564712038983, -0.042327096974384935, -0.06012092404227225] - [-0.05852794661039219, 0.21155944823286574, -0.05473595427970483, -0.16175672771712188] - [0.051432077312839546, -0.31242435592713325, 0.13607375343038527, 0.06214787077707622]
B1: 0.037175427480158646 - 0.013560701142051667 - 0.028586947483624305 - 0.034363249282981644
B2: -0.03422865777796921 - 0.020736520210538782 - -0.020225164248976888 - -0.057889883455444255
