Number: 1762
Error: 4.437856091437101e-07
A1: [-0.009797383107687487, -0.017645375869882237, 0.00030320777176688954, 0.01675174017025911] - [0.0667982163268594, 0.18986088832847367, -0.1467714528717979, -0.10989166445326692] - [-0.11560967357174683, 0.43880241940064235, -0.07398907933151154, -0.26136278577148797] - [-0.02650010389564696, 0.012261439562011481, -0.03317982980011389, 0.03561512065096302]
A2: [0.13070946118123405, -0.2254789518438177, 0.021812788323923082, 0.06931158848826713] - [0.03282138401301155, 0.20392451535794573, -0.11471399786674091, -0.12128268331124752] - [-0.0915832023373122, 0.5585765383845407, -0.23215829945492047, -0.22258469459885288] - [-0.023470623703903754, -0.021888021583576427, 0.005482268195906243, 0.02962928894849441]
B1: 0.0003317701233536074 - 1.5763740660685728e-05 - -0.0013360683139105431 - 0.0008039318247981556
B2: 0.00043141789041606187 - 0.000249375643720606 - 0.00015204341714442255 - 2.640808489166261e-05
