Number: 3590
Error: 1.0703499872361764e-12
A1: [0.06621231972859491, -0.11395292249216059, -0.023984811743560163, 0.07172200760490201] - [0.03739972640402218, 0.18819061231321452, -0.14741178367456803, -0.0781898472582297] - [-0.06022658600518907, 0.3289534752633884, -0.12775038393752286, -0.14096561150351977] - [0.0390559826984484, -0.05331336193707556, -0.03740908647731854, 0.05170454711721643]
A2: [-0.009112470284541383, -0.34680731683917826, 0.2494511643234273, 0.1064525967485354] - [0.08004480322728892, 0.03628761916660617, -0.05024467218813198, -0.06606647325094055] - [-0.04245348871246039, 0.23083115241958183, -0.04053196292932207, -0.14784857929870976] - [0.06815482042964356, -0.2934457855290914, 0.14179296792555712, 0.08358433109781331]
B1: 4.290816252206461e-06 - -1.4097615202308146e-06 - -2.208920991356031e-06 - 6.082349122078995e-07
B2: 2.293848734124081e-06 - -1.9475071477272644e-06 - -2.1864734841266e-06 - -2.114441540710115e-08
