Number: 7519
Error: 8.092953004094139e-16
A1: [0.08043172263563247, -0.1804677728038063, -0.019588819067676323, 0.11962500968487585] - [0.037415613635388895, 0.13359641979113224, -0.13472615262369797, -0.03628579147441091] - [-0.0017027739219829744, 0.22819016159661298, -0.12282833762042, -0.10365886514568895] - [0.03886326134365628, -0.11448099171342627, -0.04641641449840425, 0.12203425485073308]
A2: [0.035307432931838044, -0.029273485954423865, -0.07569735958215199, 0.06966339714282793] - [0.10289378540352309, 0.2828967362927478, -0.39260636265822696, 0.00681603237420475] - [-0.01118709254687416, 0.5390145981756352, -0.359451008446908, -0.1683764567210684] - [0.09786285403913193, 0.017463371375285263, -0.16885095850897852, 0.05352493572828843]
B1: 6.331304084710242e-09 - 7.246508157213336e-09 - 2.3220843415353547e-08 - 3.159492599069236e-09
B2: 9.956872340160739e-09 - 4.4773070200473975e-09 - 1.8736979696229273e-08 - 2.3534411446078946e-09
