Number: 9475
Error: 3.234598045946545e-13
A1: [0.05317303458468549, -0.14800078638245592, -0.026998563430086046, 0.12182830665748708] - [0.005315849312530603, 0.13083882597620644, -0.11359861461582363, -0.022547630877638322] - [-0.014442319456028287, 0.22309377873071864, -0.1270390241927581, -0.08160377511452867] - [0.027149889582668674, -0.10001660849735541, -0.04942107161626036, 0.12230155867526508]
A2: [0.08925417966045314, -0.07291365127806539, -0.1236276960487856, 0.10728609802869868] - [0.10884397952069375, 0.24981643224332795, -0.4048430833879244, 0.04619176869311377] - [0.03663667278827432, 0.4625558564385913, -0.3777167272317607, -0.1214725189550552] - [0.14342600758576135, -0.04460704734602367, -0.20149995104065266, 0.10267943057103462]
B1: -9.798688395857962e-07 - 6.312708822755462e-07 - 1.6562854774125246e-07 - 3.0072791971102464e-07
B2: 7.388329012457868e-07 - 5.41996866442253e-07 - 5.66047659530194e-07 - -1.7227116765546527e-07
