Number: 1137
Error: 8.912445406669896e-07
A1: [-0.00968387420838893, -0.017488142930314605, 0.00046369025196821355, 0.0168590499430864] - [0.06667614740251239, 0.18971910039598877, -0.14690068331351339, -0.11000553505725245] - [-0.11614985422316833, 0.4383342847243257, -0.07443749806985772, -0.2619685057221301] - [-0.029434952163196967, 0.009350408165242397, -0.03600430731067305, 0.032526237587116265]
A2: [0.13488691507163078, -0.221380677820014, 0.025933899863964334, 0.07335886111116893] - [0.030080859173301496, 0.20124969352345246, -0.11744647701856728, -0.12396566106621258] - [-0.09101252580468897, 0.5591481173236872, -0.23162237599558966, -0.22215187234614792] - [-0.013849612965495816, -0.012462561296420899, 0.015052473412143047, 0.03880378716429804]
B1: -0.00047868225132389076 - -0.0015483696019105066 - -0.0003708323612575834 - -0.0014220119113309844
B2: -0.0009193032626951739 - 0.00033446071392882775 - -0.002142342911783672 - 0.00012585575111491594
