Number: 5852
Error: 7.799077659093371e-07
A1: [0.08238130459607958, -0.17852633166808352, -0.017636652960003968, 0.12157663229569501] - [0.041832513898294225, 0.13800515155003065, -0.13031821037919736, -0.031871528597237825] - [-0.0015742323010582337, 0.2283149238142156, -0.1226954017200254, -0.10352812114847042] - [0.0384768211012334, -0.11487318481947974, -0.04679325581352424, 0.1216528296685029]
A2: [0.03302453406003595, -0.03156957001513826, -0.07786304835526427, 0.06728259988869738] - [0.1042008929028138, 0.284200274573163, -0.3913487454719378, 0.00819069499062263] - [-0.014576339050797587, 0.5356036524440649, -0.36264908025429615, -0.17194051045952202] - [0.09520125485510249, 0.014785921867127912, -0.17137817444320358, 0.050737689055923144]
B1: -0.00043158517210921854 - 0.0026088273145496964 - -0.00169474653017918 - -0.0009496733942010508
B2: 0.0006197538513972802 - 2.6702818324779853e-05 - 5.475705622953419e-05 - 0.0004110631850213883
