Number: 2747
Error: 3.0880311899454498e-09
A1: [0.06410103599365798, -0.04720848088319785, -0.022783467902075447, 0.008516894988753868] - [0.04386337491452398, 0.19146528221926376, -0.14235691021991606, -0.09229053220975564] - [-0.12266169057479717, 0.41564304843234895, -0.10407044311885563, -0.18628688961590495] - [0.036704071071431414, 0.018867777958825032, -0.03343085349966414, -0.023348915999478907]
A2: [0.06365198437638889, -0.17347573753910248, 0.08653647617634347, 0.024167409904931533] - [0.02935818280738675, 0.2003659033205333, -0.10164219614198863, -0.12780622989249144] - [-0.09336334105431034, 0.5137279871536192, -0.22555947496488823, -0.19505289574743168] - [-0.02601556639784736, 0.018433360075671278, -0.050377410559168015, 0.056891230374950474]
B1: 0.00010927824148858653 - -6.146883295402322e-05 - -2.469749348030051e-05 - -4.4089608369448654e-05
B2: 0.00023733729894474353 - 3.534365177230771e-05 - -0.00030965314676584287 - -3.64495408725428e-05
