Number: 1177
Error: 1.4378951687112827e-07
A1: [-0.006918855474601849, -0.0147122521276132, 0.003276406295063924, 0.019721677358469514] - [0.06841984864985878, 0.191417398446383, -0.1450884729565519, -0.10808781076225439] - [-0.11474971377606452, 0.43967359198626554, -0.07303991388328822, -0.2604491394655402] - [-0.023123988361287824, 0.015600788388904384, -0.029661202358043193, 0.03916012789044856]
A2: [0.13227846255508097, -0.22394626791372085, 0.023348681228205537, 0.07084357518092924] - [0.032302609387407845, 0.2034132987867256, -0.11522912925762585, -0.12179629230683052] - [-0.09605416611971351, 0.5541277218352525, -0.23660760917356938, -0.22705572811990402] - [-0.020978351523707525, -0.019431943268226684, 0.007965419064297076, 0.03203975358558945]
B1: 0.00028863305656169044 - 4.384871503877063e-05 - -0.00015166365735378617 - 0.0004526772358005511
B2: -0.00010976648566436692 - -0.00026606300389630096 - 0.0004612177506252307 - -0.0003687501542375903
